"value","count","cumsum","pct"
"just",305401,305401,0.65
"said",305303,610704,1.3
"like",273848,884552,1.89
"get",227677,1112229,2.37
"time",225159,1337388,2.85
"new",195514,1532902,3.27
"good",180931,1713833,3.66
"day",178453,1892286,4.04
"don",166812,2059098,4.39
"know",164264,2223362,4.74
"people",162805,2386167,5.09
"love",162110,2548277,5.44
"year",147846,2696123,5.75
"go",142602,2838725,6.06
"make",131582,2970307,6.34
"going",127087,3097394,6.61
"think",126647,3224041,6.88
"last",125742,3349783,7.15
"great",124757,3474540,7.41
"today",119379,3593919,7.67
"really",114612,3708531,7.91
"way",113388,3821919,8.16
"got",108603,3930522,8.39
"want",107631,4038153,8.62
"work",106985,4145138,8.85
"right",104864,4250002,9.07
"did",104707,4354709,9.29
"thanks",99074,4453783,9.5
"need",97956,4551739,9.71
"years",93690,4645429,9.91
"life",93333,4738762,10.11
"say",87038,4825800,10.3
"take",86432,4912232,10.48
"made",84975,4997207,10.66
"come",84044,5081251,10.84
"home",83632,5164883,11.02
"little",83361,5248244,11.2
"week",81293,5329537,11.37
"best",80595,5410132,11.55
"night",79876,5490008,11.72
"school",76672,5566680,11.88
"game",75503,5642183,12.04
"state",74597,5716780,12.2
"things",74591,5791371,12.36
"let",70943,5862314,12.51
"world",70233,5932547,12.66
"long",69461,6002008,12.81
"happy",67433,6069441,12.95
"better",67293,6136734,13.1
"old",65384,6202118,13.24
"look",64765,6266883,13.37
"city",64543,6331426,13.51
"man",64337,6395763,13.65
"big",64155,6459918,13.79
"feel",58504,6518422,13.91
"follow",57425,6575847,14.03
"help",57106,6632953,14.15
"hope",56955,6689908,14.28
"sure",56759,6746667,14.4
"thing",56523,6803190,14.52
"use",55605,6858795,14.64
"find",55226,6914021,14.75
"team",54743,6968764,14.87
"own",54348,7023112,14.99
"days",53851,7076963,15.1
"getting",53842,7130805,15.22
"lot",53764,7184569,15.33
"tonight",53510,7238079,15.45
"high",53307,7291386,15.56
"family",53280,7344666,15.67
"house",53054,7397720,15.79
"keep",52972,7450692,15.9
"does",52382,7503074,16.01
"says",52323,7555397,16.12
"place",52168,7607565,16.23
"both",52001,7659566,16.35
"part",51424,7710990,16.46
"put",50610,7761600,16.56
"looking",50377,7811977,16.67
"give",49749,7861726,16.78
"end",49597,7911323,16.88
"play",49377,7960700,16.99
"thank",49369,8010069,17.09
"free",48997,8059066,17.2
"doing",48228,8107294,17.3
"book",47380,8154674,17.4
"th",47355,8202029,17.5
"away",47251,8249280,17.6
"season",46935,8296215,17.7
"morning",46752,8342967,17.8
"might",46419,8389386,17.9
"oh",46276,8435662,18
"start",45850,8481512,18.1
"used",45594,8527106,18.2
"left",44867,8571973,18.29
"thought",44815,8616788,18.39
"yes",44805,8661593,18.48
"done",44034,8705627,18.58
"went",43494,8749121,18.67
"st",43240,8792361,18.76
"fun",42988,8835349,18.85
"friends",42979,8878328,18.95
"found",42643,8920971,19.04
"money",42318,8963289,19.13
"hard",41801,9005090,19.22
"having",41505,9046595,19.31
"second",41452,9088047,19.39
"tell",41408,9129455,19.48
"live",41096,9170551,19.57
"won",40883,9211434,19.66
"bad",40725,9252159,19.74
"making",40722,9292881,19.83
"told",40702,9333583,19.92
"times",40694,9374277,20
"real",40280,9414557,20.09
"came",39771,9454328,20.18
"music",39373,9493701,20.26
"run",39364,9533065,20.34
"million",39266,9572331,20.43
"pretty",39204,9611535,20.51
"working",38907,9650442,20.59
"point",38546,9688988,20.68
"set",38365,9727353,20.76
"wait",38233,9765586,20.84
"food",38144,9803730,20.92
"read",37962,9841692,21
"try",37933,9879625,21.08
"must",37907,9917532,21.16
"called",37880,9955412,21.24
"job",37859,9993271,21.33
"percent",37850,10031121,21.41
"coming",37728,10068849,21.49
"nice",37025,10105874,21.57
"trying",36937,10142811,21.64
"story",36800,10179611,21.72
"public",36643,10216254,21.8
"makes",36638,10252892,21.88
"took",36436,10289328,21.96
"weekend",36415,10325743,22.04
"county",36075,10361818,22.11
"friday",35899,10397717,22.19
"children",35654,10433371,22.26
"tomorrow",35476,10468847,22.34
"actually",35442,10504289,22.42
"stop",35370,10539659,22.49
"twitter",35260,10574919,22.57
"police",35157,10610076,22.64
"business",35043,10645119,22.72
"far",35017,10680136,22.79
"different",34850,10714986,22.87
"soon",34809,10749795,22.94
"open",34734,10784529,23.01
"person",34563,10819092,23.09
"post",34554,10853646,23.16
"win",34546,10888192,23.24
"head",34368,10922560,23.31
"anything",34242,10956802,23.38
"company",34136,10990938,23.45
"maybe",34006,11024944,23.53
"kids",33999,11058943,23.6
"room",33724,11092667,23.67
"check",33219,11125886,23.74
"bit",33008,11158894,23.81
"later",32786,11191680,23.88
"early",32730,11224410,23.95
"started",32501,11256911,24.02
"white",32398,11289309,24.09
"party",32257,11321566,24.16
"believe",32164,11353730,24.23
"full",32128,11385858,24.3
"com",32115,11417973,24.37
"guys",32003,11449976,24.43
"month",31989,11481965,24.5
"change",31919,11513884,24.57
"anyone",31902,11545786,24.64
"girl",31814,11577600,24.71
"ago",31785,11609385,24.77
"small",31744,11641129,24.84
"talk",31466,11672595,24.91
"past",31444,11704039,24.98
"course",31426,11735465,25.04
"care",31366,11766831,25.11
"wanted",31336,11798167,25.18
"group",31262,11829429,25.24
"kind",31233,11860662,25.31
"friend",31049,11891711,25.38
"half",30630,11922341,25.44
"hey",30546,11952887,25.51
"water",30533,11983420,25.57
"ready",30399,12013819,25.64
"awesome",30376,12044195,25.7
"center",30038,12074233,25.77
"including",30006,12104239,25.83
"hit",29931,12134170,25.89
"myself",29833,12164003,25.96
"saw",29720,12193723,26.02
"minutes",29701,12223424,26.08
"news",29642,12253066,26.15
"women",29578,12282644,26.21
"case",29393,12312037,26.27
"able",29281,12341318,26.34
"hours",29081,12370399,26.4
"watch",29076,12399475,26.46
"amazing",28983,12428458,26.52
"president",28920,12457378,26.58
"support",28685,12486063,26.65
"line",28613,12514676,26.71
"watching",28537,12543213,26.77
"class",28525,12571738,26.83
"probably",28004,12599742,26.89
"office",27920,12627662,26.95
"miss",27851,12655513,27.01
"law",27788,12683301,27.07
"games",27721,12711022,27.13
"heart",27627,12738649,27.18
"mind",27623,12766272,27.24
"seen",27484,12793756,27.3
"young",27387,12821143,27.36
"car",27336,12848479,27.42
"true",27310,12875789,27.48
"idea",27247,12903036,27.54
"face",27211,12930247,27.59
"hear",27095,12957342,27.65
"yeah",27014,12984356,27.71
"forward",26958,13011314,27.77
"months",26906,13038220,27.82
"mean",26815,13065035,27.88
"country",26698,13091733,27.94
"cool",26694,13118427,27.99
"saturday",26556,13144983,28.05
"asked",26532,13171515,28.11
"remember",26491,13198006,28.16
"students",26481,13224487,28.22
"using",26298,13250785,28.28
"favorite",26297,13277082,28.33
"taking",26285,13303367,28.39
"blog",26245,13329612,28.45
"playing",26192,13355804,28.5
"local",26114,13381918,28.56
"government",26093,13408011,28.61
"wish",25961,13433972,28.67
"guy",25917,13459889,28.72
"summer",25892,13485781,28.78
"beautiful",25840,13511621,28.83
"plan",25754,13537375,28.89
"area",25696,13563071,28.94
"late",25652,13588723,29
"weeks",25571,13614294,29.05
"fact",25568,13639862,29.11
"comes",25530,13665392,29.16
"number",25519,13690911,29.22
"following",25471,13716382,29.27
"lost",25412,13741794,29.33
"stay",25382,13767176,29.38
"mother",25373,13792549,29.43
"monday",25336,13817885,29.49
"movie",25213,13843098,29.54
"sunday",25165,13868263,29.6
"national",25161,13893424,29.65
"finally",25106,13918530,29.7
"health",25037,13943567,29.76
"become",24932,13968499,29.81
"pay",24900,13993399,29.86
"pm",24752,14018151,29.91
"according",24714,14042865,29.97
"men",24433,14067298,30.02
"power",24292,14091590,30.07
"looks",24290,14115880,30.12
"community",24265,14140145,30.18
"gonna",24168,14164313,30.23
"red",24137,14188450,30.28
"needs",24028,14212478,30.33
"bring",24021,14236499,30.38
"hate",23913,14260412,30.43
"baby",23629,14284041,30.48
"street",23616,14307657,30.53
"hand",23568,14331225,30.58
"move",23538,14354763,30.63
"word",23513,14378276,30.68
"couple",23494,14401770,30.73
"close",23490,14425260,30.78
"park",23478,14448738,30.83
"court",23372,14472110,30.88
"phone",23360,14495470,30.93
"john",23358,14518828,30.98
"thinking",23246,14542074,31.03
"excited",23185,14565259,31.08
"add",23168,14588427,31.13
"cut",23137,14611564,31.18
"birthday",23090,14634654,31.23
"special",23074,14657728,31.28
"mom",22977,14680705,31.33
"based",22944,14703649,31.38
"instead",22909,14726558,31.43
"ask",22898,14749456,31.48
"saying",22859,14772315,31.52
"leave",22751,14795066,31.57
"list",22740,14817806,31.62
"service",22729,14840535,31.67
"important",22693,14863228,31.72
"series",22674,14885902,31.77
"program",22637,14908539,31.82
"road",22560,14931099,31.86
"stuff",22368,14953467,31.91
"words",22333,14975800,31.96
"means",22265,14998065,32.01
"former",22258,15020323,32.05
"running",22201,15042524,32.1
"song",22155,15064679,32.15
"share",22151,15086830,32.2
"hot",22094,15108924,32.24
"college",22043,15130967,32.29
"outside",22014,15152981,32.34
"buy",22001,15174982,32.38
"april",21888,15196870,32.43
"meet",21880,15218750,32.48
"seems",21877,15240627,32.52
"heard",21826,15262453,32.57
"board",21815,15284268,32.62
"woman",21709,15305977,32.66
"project",21697,15327674,32.71
"quite",21655,15349329,32.76
"problem",21629,15370958,32.8
"event",21603,15392561,32.85
"talking",21540,15414101,32.89
"light",21443,15435544,32.94
"reading",21415,15456959,32.99
"books",21370,15478329,33.03
"university",21328,15499657,33.08
"experience",21295,15520952,33.12
"deal",21270,15542222,33.17
"film",21262,15563484,33.21
"york",21245,15584729,33.26
"enjoy",21176,15605905,33.3
"writing",21151,15627056,33.35
"hour",21143,15648199,33.39
"turn",21115,15669314,33.44
"ok",21077,15690391,33.48
"future",21068,15711459,33.53
"tweet",21067,15732526,33.57
"system",21049,15753575,33.62
"social",21009,15774584,33.66
"wrong",20978,15795562,33.71
"thursday",20964,15816526,33.75
"obama",20953,15837479,33.8
"information",20942,15858421,33.84
"knew",20811,15879232,33.89
"tuesday",20797,15900029,33.93
"gets",20783,15920812,33.98
"question",20738,15941550,34.02
"video",20636,15962186,34.06
"history",20625,15982811,34.11
"child",20572,16003383,34.15
"art",20411,16023794,34.19
"order",20364,16044158,34.24
"perfect",20360,16064518,34.28
"easy",20354,16084872,34.33
"feeling",20328,16105200,34.37
"reason",20324,16125524,34.41
"sorry",20320,16145844,34.46
"short",20246,16166090,34.5
"beer",20165,16186255,34.54
"sleep",20132,16206387,34.58
"body",20100,16226487,34.63
"members",20028,16246515,34.67
"goes",19955,16266470,34.71
"market",19947,16286417,34.76
"haven",19860,16306277,34.8
"given",19708,16325985,34.84
"rest",19707,16345692,34.88
"moment",19683,16365375,34.92
"green",19608,16384983,34.97
"meeting",19593,16404576,35.01
"bill",19580,16424156,35.05
"gave",19492,16443648,35.09
"san",19451,16463099,35.13
"south",19439,16482538,35.17
"living",19412,16501950,35.22
"guess",19374,16521324,35.26
"large",19264,16540588,35.3
"chance",19256,16559844,35.34
"media",19250,16579094,35.38
"points",19244,16598338,35.42
"town",19231,16617569,35.46
"matter",19206,16636775,35.5
"needed",19169,16655944,35.54
"especially",19089,16675033,35.58
"fall",19074,16694107,35.63
"sweet",19072,16713179,35.67
"building",18983,16732162,35.71
"parents",18980,16751142,35.75
"eat",18949,16770091,35.79
"mr",18885,16788976,35.83
"coach",18836,16807812,35.87
"played",18778,16826590,35.91
"felt",18729,16845319,35.95
"final",18697,16864016,35.99
"wednesday",18492,16882508,36.03
"district",18478,16900986,36.07
"single",18430,16919416,36.11
"decided",18407,16937823,36.15
"fans",18364,16956187,36.18
"pick",18334,16974521,36.22
"cause",18291,16992812,36.26
"tv",18228,17011040,36.3
"store",18181,17029221,36.34
"known",18145,17047366,36.38
"starting",18144,17065510,36.42
"taken",18138,17083648,36.46
"wants",18137,17101785,36.5
"spring",18088,17119873,36.53
"son",18084,17137957,36.57
"north",18035,17155992,36.61
"walk",18035,17174027,36.65
"march",18031,17192058,36.69
"states",17974,17210032,36.73
"near",17966,17227998,36.76
"lead",17950,17245948,36.8
"officials",17947,17263895,36.84
"welcome",17939,17281834,36.88
"glad",17905,17299739,36.92
"break",17793,17317532,36.96
"department",17787,17335319,36.99
"available",17708,17353027,37.03
"self",17694,17370721,37.07
"learn",17691,17388412,37.11
"director",17602,17406014,37.14
"tax",17567,17423581,37.18
"shot",17565,17441146,37.22
"write",17558,17458704,37.26
"visit",17462,17476166,37.29
"boy",17403,17493569,37.33
"rock",17397,17510966,37.37
"report",17393,17528359,37.41
"federal",17385,17545744,37.44
"online",17385,17563129,37.48
"west",17378,17580507,37.52
"players",17328,17597835,37.55
"crazy",17327,17615162,37.59
"gone",17327,17632489,37.63
"added",17298,17649787,37.66
"possible",17266,17667053,37.7
"dinner",17201,17684254,37.74
"drive",17169,17701423,37.78
"field",17099,17718522,37.81
"tried",17075,17735597,37.85
"happen",17068,17752665,37.88
"bed",17059,17769724,37.92
"card",17049,17786773,37.96
"www",17023,17803796,37.99
"understand",17002,17820798,38.03
"hair",16937,17837735,38.07
"inside",16912,17854647,38.1
"record",16900,17871547,38.14
"works",16818,17888365,38.17
"facebook",16808,17905173,38.21
"paper",16762,17921935,38.25
"lives",16756,17938691,38.28
"site",16706,17955397,38.32
"level",16662,17972059,38.35
"sense",16633,17988692,38.39
"process",16621,18005313,38.42
"major",16612,18021925,38.46
"turned",16566,18038491,38.49
"ohio",16540,18055031,38.53
"round",16536,18071567,38.56
"super",16524,18088091,38.6
"eyes",16499,18104590,38.64
"seeing",16498,18121088,38.67
"loved",16481,18137569,38.71
"space",16481,18154050,38.74
"america",16443,18170493,38.78
"general",16416,18186909,38.81
"wife",16379,18203288,38.85
"issue",16371,18219659,38.88
"wow",16361,18236020,38.92
"strong",16265,18252285,38.95
"father",16258,18268543,38.99
"air",16238,18284781,39.02
"low",16209,18300990,39.05
"yesterday",16204,18317194,39.09
"sounds",16195,18333389,39.12
"spent",16192,18349581,39.16
"interesting",16187,18365768,39.19
"funny",16157,18381925,39.23
"takes",16077,18398002,39.26
"worth",16050,18414052,39.3
"age",15983,18430035,39.33
"christmas",15980,18446015,39.36
"email",15940,18461955,39.4
"happened",15935,18477890,39.43
"star",15922,18493812,39.47
"wonderful",15907,18509719,39.5
"looked",15828,18525547,39.53
"send",15772,18541319,39.57
"cost",15768,18557087,39.6
"trip",15759,18572846,39.63
"worked",15729,18588575,39.67
"middle",15627,18604202,39.7
"waiting",15618,18619820,39.73
"definitely",15613,18635433,39.77
"club",15605,18651038,39.8
"page",15535,18666573,39.83
"control",15475,18682048,39.87
"huge",15445,18697493,39.9
"picture",15404,18712897,39.93
"giving",15362,18728259,39.97
"co",15345,18743604,40
"jobs",15322,18758926,40.03
"schools",15295,18774221,40.06
"chicago",15290,18789511,40.1
"shows",15282,18804793,40.13
"human",15208,18820001,40.16
"brown",15207,18835208,40.19
"conference",15186,18850394,40.23
"clear",15174,18865568,40.26
"war",15159,18880727,40.29
"energy",15154,18895881,40.32
"fan",15143,18911024,40.36
"questions",15132,18926156,40.39
"hold",15121,18941277,40.42
"wanna",15120,18956397,40.45
"nearly",15115,18971512,40.49
"blue",15102,18986614,40.52
"plans",15098,19001712,40.55
"ur",15045,19016757,40.58
"lots",15037,19031794,40.61
"washington",15002,19046796,40.65
"longer",14992,19061788,40.68
"political",14989,19076777,40.71
"ones",14910,19091687,40.74
"recent",14901,19106588,40.77
"education",14890,19121478,40.81
"cleveland",14873,19136351,40.84
"himself",14873,19151224,40.87
"create",14833,19166057,40.9
"recently",14828,19180885,40.93
"race",14772,19195657,40.96
"fine",14759,19210416,41
"finished",14681,19225097,41.03
"dog",14674,19239771,41.06
"likely",14669,19254440,41.09
"bar",14661,19269101,41.12
"door",14643,19283744,41.15
"jersey",14638,19298382,41.18
"services",14620,19313002,41.21
"band",14584,19327586,41.25
"weather",14579,19342165,41.28
"act",14495,19356660,41.31
"ball",14490,19371150,41.34
"goal",14456,19385606,41.37
"personal",14444,19400050,41.4
"continue",14435,19414485,41.43
"began",14421,19428906,41.46
"wine",14388,19443294,41.49
"seem",14340,19457634,41.52
"challenge",14304,19471938,41.55
"lunch",14295,19486233,41.58
"style",14167,19500400,41.61
"stand",14150,19514550,41.64
"coffee",14146,19528696,41.67
"issues",14134,19542830,41.7
"career",14116,19556946,41.73
"held",14059,19571005,41.76
"hands",14054,19585059,41.79
"player",14037,19599096,41.82
"sound",13947,19613043,41.85
"sent",13919,19626962,41.88
"cover",13915,19640877,41.91
"decision",13882,19654759,41.94
"return",13851,19668610,41.97
"met",13838,19682448,42
"sign",13825,19696273,42.03
"campaign",13824,19710097,42.06
"ways",13746,19723843,42.09
"simply",13730,19737573,42.12
"step",13726,19751299,42.15
"include",13710,19765009,42.18
"cold",13652,19778661,42.21
"luck",13630,19792291,42.24
"price",13618,19805909,42.27
"league",13616,19819525,42.3
"husband",13610,19833135,42.32
"earlier",13596,19846731,42.35
"east",13576,19860307,42.38
"la",13543,19873850,42.41
"action",13519,19887369,42.44
"vote",13494,19900863,42.47
"okay",13455,19914318,42.5
"join",13452,19927770,42.53
"usually",13448,19941218,42.55
"website",13446,19954664,42.58
"companies",13439,19968103,42.61
"boys",13431,19981534,42.64
"voice",13429,19994963,42.67
"david",13384,20008347,42.7
"answer",13380,20021727,42.73
"expected",13376,20035103,42.76
"forget",13370,20048473,42.78
"moving",13358,20061831,42.81
"knows",13352,20075183,42.84
"feet",13252,20088435,42.87
"wonder",13242,20101677,42.9
"research",13210,20114887,42.93
"piece",13196,20128083,42.95
"june",13192,20141275,42.98
"heat",13165,20154440,43.01
"problems",13157,20167597,43.04
"pass",13143,20180740,43.07
"mark",13122,20193862,43.09
"sales",13092,20206954,43.12
"beat",13090,20220044,43.15
"offer",13087,20233131,43.18
"success",13087,20246218,43.21
"design",13056,20259274,43.23
"budget",13054,20272328,43.26
"sun",13037,20285365,43.29
"daughter",13035,20298400,43.32
"oil",13029,20311429,43.34
"simple",13015,20324444,43.37
"seven",12970,20337414,43.4
"fast",12940,20350354,43.43
"california",12924,20363278,43.46
"brought",12909,20376187,43.48
"spend",12893,20389080,43.51
"wrote",12855,20401935,43.54
"save",12845,20414780,43.57
"alone",12830,20427610,43.59
"became",12809,20440419,43.62
"billion",12809,20453228,43.65
"football",12789,20466017,43.67
"attention",12769,20478786,43.7
"united",12734,20491520,43.73
"paul",12731,20504251,43.76
"current",12727,20516978,43.78
"seriously",12696,20529674,43.81
"sad",12649,20542323,43.84
"staff",12647,20554970,43.86
"drink",12644,20567614,43.89
"student",12640,20580254,43.92
"non",12524,20592778,43.95
"training",12482,20605260,43.97
"date",12459,20617719,44
"louis",12440,20630159,44.03
"received",12437,20642596,44.05
"brother",12427,20655023,44.08
"dark",12418,20667441,44.1
"exactly",12413,20679854,44.13
"key",12410,20692264,44.16
"james",12387,20704651,44.18
"gotta",12371,20717022,44.21
"missed",12371,20729393,44.24
"plus",12253,20741646,44.26
"events",12240,20753886,44.29
"fresh",12212,20766098,44.32
"led",12208,20778306,44.34
"afternoon",12185,20790491,44.37
"entire",12159,20802650,44.39
"paid",12156,20814806,44.42
"main",12139,20826945,44.44
"dream",12130,20839075,44.47
"example",12121,20851196,44.5
"stories",12119,20863315,44.52
"term",12109,20875424,44.55
"form",12082,20887506,44.57
"dr",12061,20899567,44.6
"teams",12050,20911617,44.63
"choice",12045,20923662,44.65
"cup",12032,20935694,44.68
"practice",12021,20947715,44.7
"followers",12013,20959728,44.73
"council",12005,20971733,44.75
"opening",11999,20983732,44.78
"busy",11998,20995730,44.81
"table",11998,21007728,44.83
"dad",11984,21019712,44.86
"member",11955,21031667,44.88
"loss",11929,21043596,44.91
"bought",11911,21055507,44.93
"provide",11856,21067363,44.96
"sports",11817,21079180,44.98
"moved",11803,21090983,45.01
"study",11785,21102768,45.03
"interest",11784,21114552,45.06
"opportunity",11768,21126320,45.08
"deep",11766,21138086,45.11
"medical",11747,21149833,45.13
"michael",11744,21161577,45.16
"dance",11734,21173311,45.18
"totally",11729,21185040,45.21
"ideas",11712,21196752,45.23
"focus",11708,21208460,45.26
"extra",11693,21220153,45.28
"track",11673,21231826,45.31
"hi",11658,21243484,45.33
"view",11644,21255128,45.36
"portland",11630,21266758,45.38
"followed",11621,21278379,45.41
"hospital",11605,21289984,45.43
"learned",11586,21301570,45.46
"agree",11580,21313150,45.48
"details",11551,21324701,45.51
"cute",11542,21336243,45.53
"press",11528,21347771,45.56
"financial",11495,21359266,45.58
"character",11489,21370755,45.61
"hall",11489,21382244,45.63
"minute",11489,21393733,45.65
"beach",11486,21405219,45.68
"test",11471,21416690,45.7
"safe",11467,21428157,45.73
"private",11449,21439606,45.75
"industry",11445,21451051,45.78
"learning",11443,21462494,45.8
"despite",11412,21473906,45.83
"ha",11410,21485316,45.85
"sitting",11409,21496725,45.87
"difficult",11405,21508130,45.9
"text",11403,21519533,45.92
"bowl",11384,21530917,45.95
"note",11382,21542299,45.97
"eye",11353,21553652,46
"sister",11351,21565003,46.02
"ground",11347,21576350,46.04
"development",11336,21587686,46.07
"lose",11329,21599015,46.09
"restaurant",11323,21610338,46.12
"completely",11316,21621654,46.14
"pictures",11289,21632943,46.16
"workers",11281,21644224,46.19
"double",11275,21655499,46.21
"tickets",11259,21666758,46.24
"judge",11257,21678015,46.26
"box",11255,21689270,46.29
"ice",11242,21700512,46.31
"oregon",11241,21711753,46.33
"wall",11240,21722993,46.36
"evening",11233,21734226,46.38
"higher",11222,21745448,46.41
"certain",11206,21756654,46.43
"quickly",11183,21767837,46.45
"role",11172,21779009,46.48
"type",11164,21790173,46.5
"chief",11160,21801333,46.52
"winning",11158,21812491,46.55
"listen",11145,21823636,46.57
"written",11113,21834749,46.6
"tour",11108,21845857,46.62
"position",11100,21856957,46.64
"rain",11096,21868053,46.67
"release",11064,21879117,46.69
"truth",11059,21890176,46.71
"security",11058,21901234,46.74
"listening",11057,21912291,46.76
"straight",11049,21923340,46.78
"bank",11048,21934388,46.81
"chicken",11032,21945420,46.83
"message",11017,21956437,46.86
"complete",10999,21967436,46.88
"serious",10990,21978426,46.9
"involved",10987,21989413,46.93
"itself",10976,22000389,46.95
"changes",10974,22011363,46.97
"eating",10966,22022329,47
"performance",10957,22033286,47.02
"starts",10954,22044240,47.04
"created",10950,22055190,47.07
"force",10941,22066131,47.09
"changed",10934,22077065,47.11
"finish",10916,22087981,47.14
"floor",10912,22098893,47.16
"international",10902,22109795,47.18
"stage",10893,22120688,47.21
"tired",10893,22131581,47.23
"comment",10854,22142435,47.25
"photo",10849,22153284,47.28
"ahead",10830,22164114,47.3
"miles",10809,22174923,47.32
"daily",10806,22185729,47.34
"sit",10756,22196485,47.37
"kept",10748,22207233,47.39
"defense",10743,22217976,47.41
"chris",10707,22228683,47.44
"expect",10686,22239369,47.46
"figure",10684,22250053,47.48
"wear",10672,22260725,47.5
"july",10656,22271381,47.53
"average",10641,22282022,47.55
"data",10633,22292655,47.57
"chocolate",10625,22303280,47.6
"gift",10624,22313904,47.62
"land",10619,22324523,47.64
"interested",10617,22335140,47.66
"account",10609,22345749,47.69
"quarter",10592,22356341,47.71
"released",10589,22366930,47.73
"born",10585,22377515,47.75
"quality",10585,22388100,47.78
"speak",10584,22398684,47.8
"nation",10582,22409266,47.82
"spending",10582,22419848,47.84
"anyway",10578,22430426,47.87
"begin",10578,22441004,47.89
"album",10573,22451577,47.91
"feels",10572,22462149,47.93
"helped",10558,22472707,47.96
"spot",10554,22483261,47.98
"economy",10530,22493791,48
"driving",10511,22504302,48.02
"economic",10507,22514809,48.05
"total",10501,22525310,48.07
"relationship",10499,22535809,48.09
"rights",10488,22546297,48.11
"pain",10477,22556774,48.14
"original",10466,22567240,48.16
"calls",10460,22577700,48.18
"poor",10449,22588149,48.2
"earth",10445,22598594,48.23
"runs",10415,22609009,48.25
"rate",10404,22619413,48.27
"statement",10400,22629813,48.29
"foot",10388,22640201,48.31
"king",10377,22650578,48.34
"internet",10363,22660941,48.36
"similar",10354,22671295,48.38
"proud",10344,22681639,48.4
"walking",10334,22691973,48.42
"manager",10326,22702299,48.45
"hotel",10302,22712601,48.47
"beginning",10297,22722898,48.49
"allowed",10287,22733185,48.51
"growing",10287,22743472,48.53
"biggest",10285,22753757,48.56
"trust",10284,22764041,48.58
"romney",10265,22774306,48.6
"clean",10247,22784553,48.62
"gives",10245,22794798,48.64
"cheese",10230,22805028,48.67
"shop",10229,22815257,48.69
"quick",10226,22825483,48.71
"fair",10222,22835705,48.73
"size",10219,22845924,48.75
"allow",10216,22856140,48.78
"places",10209,22866349,48.8
"lord",10185,22876534,48.82
"attorney",10166,22886700,48.84
"catch",10166,22896866,48.86
"photos",10160,22907026,48.88
"fell",10159,22917185,48.91
"radio",10142,22927327,48.93
"happens",10139,22937466,48.95
"cream",10125,22947591,48.97
"review",10121,22957712,48.99
"amount",10119,22967831,49.01
"blood",10116,22977947,49.04
"title",10110,22988057,49.06
"interview",10099,22998156,49.08
"build",10089,23008245,49.1
"leaving",10088,23018333,49.12
"certainly",10075,23028408,49.14
"senior",10069,23038477,49.16
"tweets",10065,23048542,49.19
"sale",10063,23058605,49.21
"scene",10063,23068668,49.23
"smith",10054,23078722,49.25
"library",10046,23088768,49.27
"rose",10036,23098804,49.29
"version",10034,23108838,49.31
"passed",9989,23118827,49.34
"contact",9988,23128815,49.36
"executive",9965,23138780,49.38
"property",9964,23148744,49.4
"union",9945,23158689,49.42
"present",9934,23168623,49.44
"lady",9932,23178555,49.46
"mike",9912,23188467,49.48
"ended",9909,23198376,49.51
"hurt",9893,23208269,49.53
"river",9886,23218155,49.55
"situation",9878,23228033,49.57
"hearing",9864,23237897,49.59
"seemed",9856,23247753,49.61
"credit",9855,23257608,49.63
"natural",9850,23267458,49.65
"named",9846,23277304,49.67
"employees",9805,23287109,49.69
"songs",9805,23296914,49.72
"garden",9776,23306690,49.74
"consider",9767,23316457,49.76
"everybody",9763,23326220,49.78
"teacher",9759,23335979,49.8
"increase",9748,23345727,49.82
"winter",9735,23355462,49.84
"mention",9701,23365163,49.86
"sort",9693,23374856,49.88
"mix",9654,23384510,49.9
"sold",9652,23394162,49.92
"ride",9648,23403810,49.94
"planning",9645,23413455,49.96
"choose",9634,23423089,49.99
"truly",9629,23432718,50.01
"wearing",9616,23442334,50.03
"common",9584,23451918,50.05
"reported",9575,23461493,50.07
"thoughts",9552,23471045,50.09
"tough",9548,23480593,50.11
"worst",9545,23490138,50.13
"link",9521,23499659,50.15
"texas",9505,23509164,50.17
"dude",9504,23518668,50.19
"warm",9487,23528155,50.21
"regular",9486,23537641,50.23
"value",9485,23547126,50.25
"absolutely",9480,23556606,50.27
"gas",9476,23566082,50.29
"result",9468,23575550,50.31
"computer",9439,23584989,50.33
"putting",9435,23594424,50.35
"taste",9433,23603857,50.37
"projects",9420,23613277,50.39
"committee",9417,23622694,50.41
"lovely",9417,23632111,50.43
"effort",9416,23641527,50.45
"sat",9409,23650936,50.47
"potential",9402,23660338,50.49
"ran",9395,23669733,50.51
"asking",9380,23679113,50.53
"safety",9379,23688492,50.55
"results",9374,23697866,50.57
"central",9360,23707226,50.59
"society",9355,23716581,50.61
"rules",9353,23725934,50.63
"block",9337,23735271,50.65
"cake",9322,23744593,50.67
"missing",9278,23753871,50.69
"products",9268,23763139,50.71
"built",9267,23772406,50.73
"grow",9263,23781669,50.75
"fourth",9259,23790928,50.77
"article",9251,23800179,50.79
"touch",9240,23809419,50.81
"travel",9236,23818655,50.83
"google",9222,23827877,50.85
"agency",9205,23837082,50.87
"fit",9204,23846286,50.89
"enjoyed",9200,23855486,50.91
"telling",9185,23864671,50.93
"costs",9179,23873850,50.95
"hoping",9165,23883015,50.97
"annual",9158,23892173,50.99
"kitchen",9151,23901324,51.01
"imagine",9146,23910470,51.03
"holiday",9121,23919591,51.04
"sell",9113,23928704,51.06
"meant",9107,23937811,51.08
"reach",9107,23946918,51.1
"peace",9101,23956019,51.12
"watched",9096,23965115,51.14
"families",9088,23974203,51.16
"base",9081,23983284,51.18
"sugar",9033,23992317,51.2
"trade",9028,24001345,51.22
"included",9026,24010371,51.24
"difference",9019,24019390,51.26
"square",9001,24028391,51.28
"healthy",8987,24037378,51.3
"closed",8985,24046363,51.32
"smile",8984,24055347,51.33
"cards",8981,24064328,51.35
"mayor",8969,24073297,51.37
"florida",8965,24082262,51.39
"joe",8961,24091223,51.41
"nd",8945,24100168,51.43
"apparently",8935,24109103,51.45
"official",8931,24118034,51.47
"draft",8917,24126951,51.49
"technology",8905,24135856,51.51
"leaders",8900,24144756,51.53
"lucky",8900,24153656,51.54
"hopefully",8899,24162555,51.56
"groups",8890,24171445,51.58
"opened",8890,24180335,51.6
"realize",8888,24189223,51.62
"english",8879,24198102,51.64
"lake",8859,24206961,51.66
"characters",8832,24215793,51.68
"drop",8822,24224615,51.7
"election",8822,24233437,51.71
"growth",8816,24242253,51.73
"bottom",8797,24251050,51.75
"weight",8797,24259847,51.77
"announced",8780,24268627,51.79
"includes",8779,24277406,51.81
"showed",8777,24286183,51.83
"calling",8768,24294951,51.85
"reality",8767,24303718,51.86
"glass",8763,24312481,51.88
"forever",8762,24321243,51.9
"dear",8726,24329969,51.92
"movies",8715,24338684,51.94
"legal",8713,24347397,51.96
"baseball",8711,24356108,51.98
"author",8697,24364805,51.99
"currently",8694,24373499,52.01
"serve",8677,24382176,52.03
"lower",8672,24390848,52.05
"popular",8654,24399502,52.07
"prices",8654,24408156,52.09
"policy",8648,24416804,52.11
"nature",8647,24425451,52.12
"vs",8647,24434098,52.14
"loves",8623,24442721,52.16
"supposed",8618,24451339,52.18
"hello",8604,24459943,52.2
"risk",8597,24468540,52.22
"snow",8596,24477136,52.23
"ill",8594,24485730,52.25
"slow",8580,24494310,52.27
"station",8577,24502887,52.29
"officer",8572,24511459,52.31
"downtown",8571,24520030,52.33
"anymore",8559,24528589,52.34
"caught",8558,24537147,52.36
"french",8551,24545698,52.38
"positive",8542,24554240,52.4
"teachers",8531,24562771,52.42
"throw",8528,24571299,52.44
"fish",8522,24579821,52.45
"search",8519,24588340,52.47
"bus",8518,24596858,52.49
"served",8511,24605369,52.51
"session",8500,24613869,52.53
"records",8493,24622362,52.54
"shopping",8490,24630852,52.56
"cook",8488,24639340,52.58
"george",8481,24647821,52.6
"winner",8465,24656286,52.62
"numbers",8460,24664746,52.63
"agreed",8452,24673198,52.65
"apple",8438,24681636,52.67
"signed",8433,24690069,52.69
"keeping",8419,24698488,52.71
"folks",8414,24706902,52.72
"appreciate",8408,24715310,52.74
"residents",8390,24723700,52.76
"filled",8384,24732084,52.78
"latest",8354,24740438,52.8
"customers",8345,24748783,52.81
"pieces",8334,24757117,52.83
"tea",8329,24765446,52.85
"breakfast",8318,24773764,52.87
"tree",8318,24782082,52.89
"los",8316,24790398,52.9
"immediately",8315,24798713,52.92
"product",8309,24807022,52.94
"access",8294,24815316,52.96
"orange",8285,24823601,52.97
"january",8278,24831879,52.99
"rich",8273,24840152,53.01
"image",8272,24848424,53.03
"worse",8262,24856686,53.04
"stopped",8260,24864946,53.06
"older",8257,24873203,53.08
"science",8254,24881457,53.1
"bay",8247,24889704,53.11
"pop",8233,24897937,53.13
"basketball",8231,24906168,53.15
"traffic",8207,24914375,53.17
"bag",8203,24922578,53.19
"grand",8202,24930780,53.2
"owner",8202,24938982,53.22
"posted",8194,24947176,53.24
"finding",8180,24955356,53.26
"dress",8176,24963532,53.27
"weird",8164,24971696,53.29
"related",8154,24979850,53.31
"marriage",8144,24987994,53.32
"ability",8137,24996131,53.34
"letter",8127,25004258,53.36
"liked",8120,25012378,53.38
"walked",8114,25020492,53.39
"programs",8110,25028602,53.41
"wide",8109,25036711,53.43
"unless",8107,25044818,53.45
"evidence",8101,25052919,53.46
"previous",8090,25061009,53.48
"picked",8087,25069096,53.5
"award",8082,25077178,53.52
"gold",8079,25085257,53.53
"americans",8077,25093334,53.55
"sharing",8061,25101395,53.57
"areas",8047,25109442,53.58
"till",8040,25117482,53.6
"network",8037,25125519,53.62
"brain",8032,25133551,53.64
"goals",8007,25141558,53.65
"austin",7993,25149551,53.67
"roll",7990,25157541,53.69
"eventually",7969,25165510,53.7
"leading",7969,25173479,53.72
"info",7965,25181444,53.74
"tom",7965,25189409,53.75
"plays",7959,25197368,53.77
"crowd",7957,25205325,53.79
"response",7955,25213280,53.81
"items",7953,25221233,53.82
"lack",7946,25229179,53.84
"museum",7944,25237123,53.86
"contract",7931,25245054,53.87
"lived",7924,25252978,53.89
"mail",7919,25260897,53.91
"address",7915,25268812,53.92
"officers",7904,25276716,53.94
"cash",7902,25284618,53.96
"hill",7901,25292519,53.97
"nfl",7901,25300420,53.99
"insurance",7900,25308320,54.01
"language",7896,25316216,54.03
"lines",7892,25324108,54.04
"cases",7886,25331994,54.06
"secret",7885,25339879,54.08
"train",7882,25347761,54.09
"overall",7870,25355631,54.11
"valley",7869,25363500,54.13
"parts",7862,25371362,54.14
"receive",7854,25379216,54.16
"stock",7852,25387068,54.18
"marketing",7850,25394918,54.19
"artist",7824,25402742,54.21
"considered",7819,25410561,54.23
"dreams",7819,25418380,54.24
"reports",7814,25426194,54.26
"comments",7811,25434005,54.28
"cross",7802,25441807,54.29
"wedding",7771,25449578,54.31
"headed",7768,25457346,54.33
"effect",7767,25465113,54.34
"production",7762,25472875,54.36
"military",7752,25480627,54.38
"helping",7739,25488366,54.39
"normal",7739,25496105,54.41
"collection",7718,25503823,54.43
"ah",7703,25511526,54.44
"johnson",7703,25519229,54.46
"recipe",7701,25526930,54.47
"association",7700,25534630,54.49
"china",7673,25542303,54.51
"addition",7672,25549975,54.52
"speaking",7668,25557643,54.54
"loving",7666,25565309,54.56
"robert",7658,25572967,54.57
"doctor",7636,25580603,54.59
"leader",7626,25588229,54.61
"creative",7624,25595853,54.62
"clearly",7612,25603465,54.64
"brand",7602,25611067,54.65
"justice",7598,25618665,54.67
"senate",7595,25626260,54.69
"culture",7593,25633853,54.7
"voters",7585,25641438,54.72
"raised",7581,25649019,54.74
"worry",7571,25656590,54.75
"match",7563,25664153,54.77
"successful",7559,25671712,54.78
"respect",7546,25679258,54.8
"twice",7540,25686798,54.82
"various",7518,25694316,54.83
"reasons",7495,25701811,54.85
"jones",7477,25709288,54.86
"doubt",7475,25716763,54.88
"island",7465,25724228,54.9
"wild",7459,25731687,54.91
"count",7450,25739137,54.93
"management",7449,25746586,54.94
"terms",7443,25754029,54.96
"london",7442,25761471,54.98
"content",7440,25768911,54.99
"particular",7434,25776345,55.01
"easily",7429,25783774,55.02
"spirit",7417,25791191,55.04
"arizona",7412,25798603,55.05
"score",7410,25806013,55.07
"soul",7405,25813418,55.09
"homes",7404,25820822,55.1
"conversation",7400,25828222,55.12
"benefits",7386,25835608,55.13
"charge",7384,25842992,55.15
"writer",7382,25850374,55.17
"festival",7381,25857755,55.18
"november",7381,25865136,55.2
"al",7377,25872513,55.21
"degree",7368,25879881,55.23
"shoes",7355,25887236,55.24
"range",7347,25894583,55.26
"standing",7329,25901912,55.28
"offered",7319,25909231,55.29
"organization",7314,25916545,55.31
"plant",7306,25923851,55.32
"web",7299,25931150,55.34
"bout",7290,25938440,55.35
"easier",7287,25945727,55.37
"notice",7279,25953006,55.38
"heavy",7276,25960282,55.4
"shirt",7273,25967555,55.42
"concert",7269,25974824,55.43
"required",7266,25982090,55.45
"holding",7259,25989349,55.46
"corner",7241,25996590,55.48
"administration",7240,26003830,55.49
"novel",7240,26011070,55.51
"modern",7236,26018306,55.52
"showing",7236,26025542,55.54
"speed",7233,26032775,55.55
"dry",7229,26040004,55.57
"angeles",7215,26047219,55.59
"app",7211,26054430,55.6
"steve",7211,26061641,55.62
"cars",7208,26068849,55.63
"lets",7199,26076048,55.65
"model",7198,26083246,55.66
"trouble",7190,26090436,55.68
"studio",7179,26097615,55.69
"broken",7175,26104790,55.71
"realized",7166,26111956,55.72
"raise",7160,26119116,55.74
"turns",7160,26126276,55.75
"broke",7150,26133426,55.77
"scored",7150,26140576,55.78
"married",7135,26147711,55.8
"particularly",7132,26154843,55.81
"charges",7127,26161970,55.83
"scott",7121,26169091,55.85
"thomas",7115,26176206,55.86
"arrived",7111,26183317,55.88
"stars",7111,26190428,55.89
"drinking",7097,26197525,55.91
"audience",7094,26204619,55.92
"advice",7088,26211707,55.94
"income",7085,26218792,55.95
"rd",7085,26225877,55.97
"names",7083,26232960,55.98
"obviously",7081,26240041,56
"exciting",7075,26247116,56.01
"adding",7073,26254189,56.03
"neighborhood",7072,26261261,56.04
"impact",7066,26268327,56.06
"screen",7066,26275393,56.07
"classic",7061,26282454,56.09
"heading",7060,26289514,56.1
"victory",7058,26296572,56.12
"planned",7049,26303621,56.13
"fashion",7034,26310655,56.15
"smart",7032,26317687,56.16
"decide",7029,26324716,56.18
"seat",7028,26331744,56.19
"boston",7021,26338765,56.21
"remain",7020,26345785,56.22
"leaves",7011,26352796,56.24
"wake",6999,26359795,56.25
"surprise",6994,26366789,56.27
"francisco",6989,26373778,56.28
"pizza",6987,26380765,56.3
"shots",6978,26387743,56.31
"ryan",6976,26394719,56.33
"knowing",6968,26401687,56.34
"talked",6959,26408646,56.36
"taxes",6950,26415596,56.37
"plenty",6949,26422545,56.39
"avoid",6945,26429490,56.4
"losing",6940,26436430,56.42
"camera",6937,26443367,56.43
"offers",6932,26450299,56.45
"butter",6924,26457223,56.46
"pull",6922,26464145,56.47
"charged",6901,26471046,56.49
"laugh",6898,26477944,56.5
"hang",6896,26484840,56.52
"skin",6895,26491735,56.53
"pressure",6893,26498628,56.55
"individual",6872,26505500,56.56
"professional",6872,26512372,56.58
"salt",6871,26519243,56.59
"firm",6870,26526113,56.61
"yo",6865,26532978,56.62
"february",6864,26539842,56.64
"subject",6862,26546704,56.65
"hits",6860,26553564,56.67
"miami",6859,26560423,56.68
"classes",6857,26567280,56.69
"battle",6850,26574130,56.71
"sauce",6838,26580968,56.72
"spread",6837,26587805,56.74
"window",6829,26594634,56.75
"december",6824,26601458,56.77
"dogs",6822,26608280,56.78
"governor",6811,26615091,56.8
"investigation",6800,26621891,56.81
"dollars",6797,26628688,56.83
"shut",6797,26635485,56.84
"century",6782,26642267,56.85
"businesses",6776,26649043,56.87
"guard",6772,26655815,56.88
"pulled",6771,26662586,56.9
"williams",6757,26669343,56.91
"cat",6751,26676094,56.93
"surprised",6750,26682844,56.94
"jack",6747,26689591,56.96
"fund",6745,26696336,56.97
"camp",6740,26703076,56.98
"pink",6740,26709816,57
"seconds",6739,26716555,57.01
"tells",6736,26723291,57.03
"excellent",6735,26730026,57.04
"kick",6734,26736760,57.06
"episode",6732,26743492,57.07
"detroit",6717,26750209,57.09
"cuts",6708,26756917,57.1
"somebody",6707,26763624,57.11
"physical",6705,26770329,57.13
"benefit",6704,26777033,57.14
"debt",6704,26783737,57.16
"thinks",6703,26790440,57.17
"knowledge",6693,26797133,57.19
"bet",6692,26803825,57.2
"reached",6687,26810512,57.21
"trial",6686,26817198,57.23
"commercial",6675,26823873,57.24
"direction",6669,26830542,57.26
"avenue",6668,26837210,57.27
"parking",6666,26843876,57.29
"holy",6654,26850530,57.3
"selling",6649,26857179,57.31
"martin",6642,26863821,57.33
"skills",6641,26870462,57.34
"rule",6636,26877098,57.36
"magic",6632,26883730,57.37
"creating",6624,26890354,57.38
"clothes",6611,26896965,57.4
"gov",6595,26903560,57.41
"source",6595,26910155,57.43
"commission",6579,26916734,57.44
"fantastic",6577,26923311,57.45
"mouth",6575,26929886,57.47
"mary",6573,26936459,57.48
"section",6573,26943032,57.5
"helps",6571,26949603,57.51
"notes",6571,26956174,57.52
"approach",6556,26962730,57.54
"digital",6547,26969277,57.55
"limited",6524,26975801,57.57
"global",6520,26982321,57.58
"baltimore",6519,26988840,57.59
"largest",6519,26995359,57.61
"inspired",6511,27001870,57.62
"yea",6508,27008378,57.64
"delicious",6507,27014885,57.65
"likes",6506,27021391,57.66
"beauty",6503,27027894,57.68
"necessary",6501,27034395,57.69
"continued",6498,27040893,57.71
"buying",6489,27047382,57.72
"stuck",6484,27053866,57.73
"arts",6477,27060343,57.75
"flight",6477,27066820,57.76
"grade",6472,27073292,57.77
"pro",6464,27079756,57.79
"paying",6461,27086217,57.8
"push",6457,27092674,57.82
"construction",6456,27099130,57.83
"opinion",6449,27105579,57.84
"joy",6443,27112022,57.86
"host",6442,27118464,57.87
"coast",6439,27124903,57.88
"cooking",6436,27131339,57.9
"fill",6429,27137768,57.91
"ticket",6429,27144197,57.93
"mile",6426,27150623,57.94
"cast",6425,27157048,57.95
"closer",6425,27163473,57.97
"traditional",6425,27169898,57.98
"mid",6422,27176320,57.99
"willing",6422,27182742,58.01
"dropped",6419,27189161,58.02
"competition",6412,27195573,58.04
"anti",6410,27201983,58.05
"jim",6409,27208392,58.06
"happening",6397,27214789,58.08
"designed",6396,27221185,58.09
"efforts",6391,27227576,58.1
"em",6391,27233967,58.12
"covered",6382,27240349,58.13
"wind",6382,27246731,58.14
"movement",6381,27253112,58.16
"ladies",6378,27259490,58.17
"celebrate",6375,27265865,58.19
"congress",6372,27272237,58.2
"jackson",6364,27278601,58.21
"ends",6363,27284964,58.23
"yard",6356,27291320,58.24
"milk",6348,27297668,58.25
"spokesman",6348,27304016,58.27
"nba",6342,27310358,58.28
"provided",6335,27316693,58.29
"pair",6331,27323024,58.31
"slightly",6330,27329354,58.32
"readers",6323,27335677,58.33
"ugh",6313,27341990,58.35
"menu",6304,27348294,58.36
"justin",6303,27354597,58.38
"tip",6301,27360898,58.39
"denver",6296,27367194,58.4
"stick",6291,27373485,58.42
"carry",6287,27379772,58.43
"republicans",6286,27386058,58.44
"talent",6275,27392333,58.46
"artists",6272,27398605,58.47
"august",6272,27404877,58.48
"bridge",6268,27411145,58.5
"stores",6265,27417410,58.51
"schedule",6264,27423674,58.52
"sea",6255,27429929,58.54
"enjoying",6254,27436183,58.55
"shall",6253,27442436,58.56
"famous",6250,27448686,58.58
"british",6249,27454935,58.59
"rates",6247,27461182,58.6
"greatest",6245,27467427,58.62
"bread",6239,27473666,58.63
"thousands",6236,27479902,58.64
"moments",6233,27486135,58.66
"october",6228,27492363,58.67
"arrested",6225,27498588,58.68
"location",6224,27504812,58.7
"published",6224,27511036,58.71
"shout",6222,27517258,58.72
"additional",6211,27523469,58.74
"setting",6207,27529676,58.75
"honor",6204,27535880,58.76
"fly",6183,27542063,58.78
"stadium",6178,27548241,58.79
"prison",6163,27554404,58.8
"teaching",6161,27560565,58.81
"easter",6145,27566710,58.83
"serving",6127,27572837,58.84
"becoming",6126,27578963,58.85
"pool",6115,27585078,58.87
"options",6114,27591192,58.88
"mobile",6109,27597301,58.89
"returned",6109,27603410,58.91
"singing",6107,27609517,58.92
"region",6090,27615607,58.93
"freedom",6081,27621688,58.95
"changing",6077,27627765,58.96
"pages",6077,27633842,58.97
"keeps",6076,27639918,58.98
"golden",6075,27645993,59
"grew",6071,27652064,59.01
"forced",6070,27658134,59.02
"rise",6063,27664197,59.04
"driver",6061,27670258,59.05
"peter",6061,27676319,59.06
"authorities",6042,27682361,59.07
"features",6042,27688403,59.09
"bright",6041,27694444,59.1
"everyday",6041,27700485,59.11
"foundation",6040,27706525,59.13
"jump",6040,27712565,59.14
"primary",6026,27718591,59.15
"possibly",6019,27724610,59.16
"iphone",6016,27730626,59.18
"highly",6008,27736634,59.19
"fighting",5987,27742621,59.2
"fellow",5985,27748606,59.22
"specific",5976,27754582,59.23
"matt",5972,27760554,59.24
"meat",5966,27766520,59.25
"mission",5960,27772480,59.27
"kinda",5959,27778439,59.28
"unique",5959,27784398,59.29
"september",5948,27790346,59.3
"treatment",5947,27796293,59.32
"turning",5943,27802236,59.33
"airport",5937,27808173,59.34
"cry",5933,27814106,59.36
"flowers",5931,27820037,59.37
"explain",5929,27825966,59.38
"prepared",5927,27831893,59.39
"scheduled",5926,27837819,59.41
"yards",5918,27843737,59.42
"alive",5917,27849654,59.43
"democratic",5912,27855566,59.44
"noticed",5908,27861474,59.46
"trees",5905,27867379,59.47
"code",5904,27873283,59.48
"attempt",5899,27879182,59.49
"christie",5898,27885080,59.51
"vegas",5896,27890976,59.52
"begins",5889,27896865,59.53
"countries",5886,27902751,59.54
"significant",5886,27908637,59.56
"purpose",5885,27914522,59.57
"random",5885,27920407,59.58
"feature",5879,27926286,59.6
"unfortunately",5879,27932165,59.61
"europe",5873,27938038,59.62
"fruit",5873,27943911,59.63
"option",5873,27949784,59.65
"enter",5869,27955653,59.66
"agent",5863,27961516,59.67
"dc",5862,27967378,59.68
"promise",5857,27973235,59.7
"fully",5854,27979089,59.71
"forgot",5852,27984941,59.72
"majority",5846,27990787,59.73
"speech",5846,27996633,59.75
"theme",5846,28002479,59.76
"western",5838,28008317,59.77
"path",5834,28014151,59.78
"treat",5834,28019985,59.8
"nyc",5827,28025812,59.81
"bottle",5826,28031638,59.82
"powerful",5816,28037454,59.83
"teach",5811,28043265,59.84
"claim",5804,28049069,59.86
"resources",5804,28054873,59.87
"diego",5801,28060674,59.88
"handle",5797,28066471,59.89
"patients",5797,28072268,59.91
"paint",5785,28078053,59.92
"bob",5783,28083836,59.93
"greater",5779,28089615,59.94
"standard",5773,28095388,59.96
"soft",5769,28101157,59.97
"quiet",5759,28106916,59.98
"female",5758,28112674,59.99
"mentioned",5755,28118429,60.01
"television",5755,28124184,60.02
"democrats",5754,28129938,60.03
"literally",5752,28135690,60.04
"charles",5751,28141441,60.05
"mountain",5751,28147192,60.07
"journey",5750,28152942,60.08
"herself",5748,28158690,60.09
"meaning",5745,28164435,60.1
"protect",5745,28170180,60.12
"civil",5743,28175923,60.13
"authority",5734,28181657,60.14
"becomes",5734,28187391,60.15
"gotten",5733,28193124,60.16
"owners",5733,28198857,60.18
"houston",5728,28204585,60.19
"miller",5726,28210311,60.2
"seattle",5720,28216031,60.21
"tiny",5719,28221750,60.23
"continues",5718,28227468,60.24
"measure",5715,28233183,60.25
"strength",5711,28238894,60.26
"cities",5707,28244601,60.27
"magazine",5704,28250305,60.29
"labor",5703,28256008,60.3
"gym",5701,28261709,60.31
"levels",5701,28267410,60.32
"southern",5693,28273103,60.34
"purchase",5684,28278787,60.35
"draw",5682,28284469,60.36
"bringing",5676,28290145,60.37
"revenue",5673,28295818,60.38
"amazon",5670,28301488,60.4
"appear",5664,28307152,60.41
"brings",5663,28312815,60.42
"decisions",5657,28318472,60.43
"tech",5657,28324129,60.44
"posts",5654,28329783,60.46
"capital",5651,28335434,60.47
"balance",5650,28341084,60.48
"missouri",5647,28346731,60.49
"laws",5642,28352373,60.5
"edge",5639,28358012,60.52
"championship",5630,28363642,60.53
"memory",5629,28369271,60.54
"status",5625,28374896,60.55
"tournament",5621,28380517,60.56
"campus",5619,28386136,60.58
"lie",5617,28391753,60.59
"images",5611,28397364,60.6
"machine",5602,28402966,60.61
"michigan",5598,28408564,60.62
"injury",5591,28414155,60.64
"improve",5588,28419743,60.65
"leadership",5586,28425329,60.66
"funding",5584,28430913,60.67
"actual",5579,28436492,60.68
"division",5575,28442067,60.7
"bunch",5574,28447641,60.71
"progress",5571,28453212,60.72
"meal",5567,28458779,60.73
"youth",5561,28464340,60.74
"usual",5560,28469900,60.76
"background",5558,28475458,60.77
"compared",5555,28481013,60.78
"appeared",5554,28486567,60.79
"copy",5554,28492121,60.8
"crew",5553,28497674,60.81
"da",5540,28503214,60.83
"joined",5537,28508751,60.84
"agreement",5533,28514284,60.85
"afraid",5532,28519816,60.86
"wins",5529,28525345,60.87
"lately",5522,28530867,60.89
"streets",5522,28536389,60.9
"tho",5522,28541911,60.91
"santa",5519,28547430,60.92
"exercise",5517,28552947,60.93
"discovered",5515,28558462,60.94
"appears",5511,28563973,60.96
"pack",5511,28569484,60.97
"breaking",5501,28574985,60.98
"bike",5496,28580481,60.99
"rice",5496,28585977,61
"extremely",5495,28591472,61.01
"gorgeous",5493,28596965,61.03
"hanging",5492,28602457,61.04
"lee",5491,28607948,61.05
"update",5490,28613438,61.06
"nights",5482,28618920,61.07
"accept",5477,28624397,61.08
"sing",5472,28629869,61.1
"contest",5467,28635336,61.11
"apart",5464,28640800,61.12
"master",5463,28646263,61.13
"target",5456,28651719,61.14
"wood",5454,28657173,61.15
"faces",5453,28662626,61.17
"offering",5453,28668079,61.18
"boyfriend",5450,28673529,61.19
"net",5450,28678979,61.2
"grown",5449,28684428,61.21
"tim",5448,28689876,61.22
"debate",5442,28695318,61.24
"signs",5442,28700760,61.25
"apartment",5441,28706201,61.26
"parties",5438,28711639,61.27
"farm",5431,28717070,61.28
"guilty",5427,28722497,61.29
"vehicle",5424,28727921,61.31
"multiple",5423,28733344,61.32
"birth",5421,28738765,61.33
"army",5417,28744182,61.34
"honest",5413,28749595,61.35
"aside",5408,28755003,61.36
"fix",5401,28760404,61.38
"row",5390,28765794,61.39
"activities",5389,28771183,61.4
"bear",5378,28776561,61.41
"partner",5374,28781935,61.42
"seeking",5374,28787309,61.43
"politics",5370,28792679,61.44
"colorado",5365,28798044,61.46
"mothers",5358,28803402,61.47
"complex",5354,28808756,61.48
"steps",5352,28814108,61.49
"animal",5346,28819454,61.5
"sides",5346,28824800,61.51
"wondering",5346,28830146,61.52
"discussion",5345,28835491,61.54
"shape",5343,28840834,61.55
"filed",5331,28846165,61.56
"advantage",5322,28851487,61.57
"demand",5313,28856800,61.58
"damage",5308,28862108,61.59
"inspiration",5299,28867407,61.6
"acting",5284,28872691,61.61
"mexico",5284,28877975,61.63
"managed",5283,28883258,61.64
"hopes",5280,28888538,61.65
"golf",5277,28893815,61.66
"direct",5276,28899091,61.67
"basic",5275,28904366,61.68
"concerned",5265,28909631,61.69
"davis",5262,28914893,61.7
"arms",5260,28920153,61.72
"foreign",5243,28925396,61.73
"considering",5242,28930638,61.74
"larger",5242,28935880,61.75
"van",5241,28941121,61.76
"yellow",5239,28946360,61.77
"described",5235,28951595,61.78
"surgery",5233,28956828,61.79
"frank",5232,28962060,61.81
"friendly",5227,28967287,61.82
"shared",5226,28972513,61.83
"kevin",5220,28977733,61.84
"remove",5216,28982949,61.85
"sky",5215,28988164,61.86
"tweeting",5215,28993379,61.87
"degrees",5214,28998593,61.88
"truck",5207,29003800,61.89
"era",5206,29009006,61.91
"focused",5199,29014205,61.92
"giants",5199,29019404,61.93
"heads",5199,29024603,61.94
"younger",5199,29029802,61.95
"pan",5198,29035000,61.96
"assistant",5197,29040197,61.97
"smaller",5196,29045393,61.98
"theater",5195,29050588,61.99
"hop",5192,29055780,62.01
"variety",5190,29060970,62.02
"ending",5188,29066158,62.03
"wit",5186,29071344,62.04
"request",5185,29076529,62.05
"investment",5183,29081712,62.06
"films",5182,29086894,62.07
"lights",5181,29092075,62.08
"aware",5177,29097252,62.09
"egg",5174,29102426,62.1
"candidate",5172,29107598,62.12
"customer",5171,29112769,62.13
"falling",5170,29117939,62.14
"brothers",5165,29123104,62.15
"craft",5162,29128266,62.16
"expensive",5161,29133427,62.17
"funds",5159,29138586,62.18
"hitting",5148,29143734,62.19
"jr",5148,29148882,62.2
"sucks",5145,29154027,62.22
"seasons",5142,29159169,62.23
"housing",5141,29164310,62.24
"junior",5141,29169451,62.25
"slowly",5140,29174591,62.26
"basically",5137,29179728,62.27
"eggs",5135,29184863,62.28
"panel",5135,29189998,62.29
"activity",5131,29195129,62.3
"memories",5129,29200258,62.31
"bored",5125,29205383,62.32
"directly",5117,29210500,62.34
"loud",5117,29215617,62.35
"claims",5113,29220730,62.36
"placed",5107,29225837,62.37
"crisis",5104,29230941,62.38
"highest",5102,29236043,62.39
"population",5101,29241144,62.4
"guest",5098,29246242,62.41
"colors",5096,29251338,62.42
"sites",5094,29256432,62.43
"animals",5091,29261523,62.44
"vacation",5091,29266614,62.46
"writers",5090,29271704,62.47
"decades",5085,29276789,62.48
"terrible",5082,29281871,62.49
"solid",5080,29286951,62.5
"strange",5078,29292029,62.51
"independent",5074,29297103,62.52
"drinks",5071,29302174,62.53
"bills",5069,29307243,62.54
"kansas",5066,29312309,62.55
"officially",5053,29317362,62.56
"uses",5051,29322413,62.57
"environment",5046,29327459,62.59
"spoke",5045,29332504,62.6
"understanding",5037,29337541,62.61
"hundreds",5028,29342569,62.62
"mass",5020,29347589,62.63
"blues",5019,29352608,62.64
"horse",5019,29357627,62.65
"plants",5012,29362639,62.66
"caused",5011,29367650,62.67
"estate",5006,29372656,62.68
"material",5004,29377660,62.69
"produce",5004,29382664,62.7
"feelings",5001,29387665,62.71
"comfortable",5000,29392665,62.72
"plate",4995,29397660,62.73
"anywhere",4994,29402654,62.75
"moon",4994,29407648,62.76
"attend",4992,29412640,62.77
"rep",4991,29417631,62.78
"familiar",4989,29422620,62.79
"decade",4988,29427608,62.8
"anybody",4984,29432592,62.81
"william",4983,29437575,62.82
"cutting",4982,29442557,62.83
"admit",4981,29447538,62.84
"tips",4976,29452514,62.85
"taught",4975,29457489,62.86
"awards",4974,29462463,62.87
"banks",4969,29467432,62.88
"ordered",4964,29472396,62.89
"brian",4960,29477356,62.91
"proposed",4956,29482312,62.92
"click",4954,29487266,62.93
"earned",4946,29492212,62.94
"ring",4941,29497153,62.95
"blessed",4938,29502091,62.96
"generally",4920,29507011,62.97
"owned",4919,29511930,62.98
"trail",4916,29516846,62.99
"emergency",4915,29521761,63
"drugs",4913,29526674,63.01
"hungry",4913,29531587,63.02
"fox",4910,29536497,63.03
"legs",4903,29541400,63.04
"fifth",4900,29546300,63.05
"quote",4899,29551199,63.06
"effective",4897,29556096,63.07
"zone",4894,29560990,63.08
"impossible",4893,29565883,63.09
"ad",4888,29570771,63.1
"stone",4885,29575656,63.11
"windows",4876,29580532,63.13
"concerns",4874,29585406,63.14
"salad",4871,29590277,63.15
"medium",4869,29595146,63.16
"millions",4869,29600015,63.17
"taylor",4860,29604875,63.18
"ed",4858,29609733,63.19
"smell",4858,29614591,63.2
"dancing",4850,29619441,63.21
"storm",4847,29624288,63.22
"joke",4844,29629132,63.23
"gop",4842,29633974,63.24
"discuss",4840,29638814,63.25
"approved",4836,29643650,63.26
"youtube",4833,29648483,63.27
"actions",4832,29653315,63.28
"illinois",4830,29658145,63.29
"require",4825,29662970,63.3
"jan",4821,29667791,63.31
"richard",4820,29672611,63.32
"alcohol",4818,29677429,63.33
"leads",4815,29682244,63.34
"sending",4815,29687059,63.35
"phoenix",4811,29691870,63.36
"honestly",4809,29696679,63.37
"defensive",4808,29701487,63.38
"waste",4804,29706291,63.39
"ms",4802,29711093,63.4
"arm",4792,29715885,63.41
"noted",4791,29720676,63.42
"candidates",4779,29725455,63.43
"evil",4779,29730234,63.44
"newark",4778,29735012,63.45
"connection",4777,29739789,63.47
"videos",4777,29744566,63.48
"tony",4776,29749342,63.49
"england",4773,29754115,63.5
"print",4773,29758888,63.51
"chairman",4770,29763658,63.52
"atlanta",4766,29768424,63.53
"playoffs",4762,29773186,63.54
"confidence",4752,29777938,63.55
"incredible",4751,29782689,63.56
"pounds",4750,29787439,63.57
"increased",4749,29792188,63.58
"smoke",4748,29796936,63.59
"route",4746,29801682,63.6
"dish",4741,29806423,63.61
"professor",4741,29811164,63.62
"religious",4740,29815904,63.63
"suddenly",4739,29820643,63.64
"choices",4738,29825381,63.65
"ex",4734,29830115,63.66
"sleeping",4731,29834846,63.67
"offense",4729,29839575,63.68
"feed",4728,29844303,63.69
"vice",4726,29849029,63.7
"drama",4725,29853754,63.71
"passing",4725,29858479,63.72
"pepper",4725,29863204,63.73
"suit",4725,29867929,63.74
"obvious",4723,29872652,63.75
"allows",4721,29877373,63.76
"channel",4717,29882090,63.77
"staying",4716,29886806,63.78
"proposal",4712,29891518,63.79
"adults",4711,29896229,63.8
"opportunities",4711,29900940,63.81
"restaurants",4711,29905651,63.82
"bird",4696,29910347,63.83
"musical",4696,29915043,63.84
"stress",4695,29919738,63.85
"ipad",4693,29924431,63.86
"pleasure",4689,29929120,63.87
"grace",4687,29933807,63.88
"doors",4684,29938491,63.89
"feb",4684,29943175,63.9
"generation",4679,29947854,63.91
"chair",4675,29952529,63.92
"presence",4671,29957200,63.93
"chose",4669,29961869,63.94
"pitch",4663,29966532,63.95
"reduce",4661,29971193,63.96
"pray",4658,29975851,63.97
"mental",4653,29980504,63.98
"village",4647,29985151,63.99
"blame",4646,29989797,64
"tight",4645,29994442,64.01
"profile",4640,29999082,64.02
"chapter",4639,30003721,64.03
"dollar",4636,30008357,64.04
"challenges",4630,30012987,64.05
"jazz",4626,30017613,64.06
"clients",4624,30022237,64.07
"chef",4622,30026859,64.08
"fail",4619,30031478,64.09
"separate",4618,30036096,64.1
"stood",4616,30040712,64.11
"usa",4606,30045318,64.12
"remaining",4605,30049923,64.13
"active",4602,30054525,64.14
"pants",4602,30059127,64.15
"mess",4597,30063724,64.16
"giant",4592,30068316,64.17
"tears",4590,30072906,64.18
"systems",4582,30077488,64.19
"mood",4577,30082065,64.2
"ceo",4576,30086641,64.21
"jeff",4575,30091216,64.22
"recommend",4558,30095774,64.22
"carolina",4554,30100328,64.23
"alex",4553,30104881,64.24
"dallas",4553,30109434,64.25
"awkward",4550,30113984,64.26
"vision",4549,30118533,64.27
"boss",4548,30123081,64.28
"ingredients",4547,30127628,64.29
"critical",4544,30132172,64.3
"corporate",4543,30136715,64.31
"seek",4543,30141258,64.32
"native",4538,30145796,64.33
"nick",4535,30150331,64.34
"worried",4535,30154866,64.35
"circle",4534,30159400,64.36
"talks",4534,30163934,64.37
"lay",4529,30168463,64.38
"responsible",4529,30172992,64.39
"cell",4525,30177517,64.4
"passion",4522,30182039,64.41
"grant",4520,30186559,64.42
"gain",4519,30191078,64.43
"provides",4516,30195594,64.44
"fabulous",4515,30200109,64.45
"woke",4510,30204619,64.46
"flat",4506,30209125,64.47
"mixed",4494,30213619,64.48
"unit",4493,30218112,64.49
"emotional",4492,30222604,64.5
"conditions",4489,30227093,64.51
"associated",4480,30231573,64.51
"flying",4480,30236053,64.52
"studies",4479,30240532,64.53
"visiting",4479,30245011,64.54
"spanish",4477,30249488,64.55
"yep",4473,30253961,64.56
"plane",4467,30258428,64.57
"hollywood",4459,30262887,64.58
"tied",4456,30267343,64.59
"apply",4455,30271798,64.6
"ray",4450,30276248,64.61
"citizens",4446,30280694,64.62
"task",4446,30285140,64.63
"entertainment",4442,30289582,64.64
"doctors",4437,30294019,64.65
"soup",4435,30298454,64.66
"stayed",4434,30302888,64.67
"cheap",4433,30307321,64.68
"letting",4432,30311753,64.69
"dangerous",4430,30316183,64.7
"limit",4428,30320611,64.7
"scared",4426,30325037,64.71
"prize",4425,30329462,64.72
"oven",4419,30333881,64.73
"male",4415,30338296,64.74
"ages",4409,30342705,64.75
"congratulations",4408,30347113,64.76
"ate",4407,30351520,64.77
"committed",4407,30355927,64.78
"shower",4404,30360331,64.79
"coverage",4403,30364734,64.8
"develop",4401,30369135,64.81
"package",4400,30373535,64.82
"heaven",4399,30377934,64.83
"negative",4398,30382332,64.84
"struck",4395,30386727,64.85
"dan",4389,30391116,64.86
"moves",4389,30395505,64.86
"exchange",4388,30399893,64.87
"protection",4385,30404278,64.88
"comedy",4383,30408661,64.89
"correct",4378,30413039,64.9
"matters",4378,30417417,64.91
"soccer",4375,30421792,64.92
"parent",4374,30426166,64.93
"plain",4373,30430539,64.94
"client",4368,30434907,64.95
"concept",4366,30439273,64.96
"beers",4365,30443638,64.97
"patient",4360,30447998,64.98
"guide",4357,30452355,64.99
"completed",4356,30456711,65
"shown",4356,30461067,65
"fingers",4351,30465418,65.01
"ny",4342,30469760,65.02
"drew",4340,30474100,65.03
"massive",4338,30478438,65.04
"sets",4337,30482775,65.05
"fired",4334,30487109,65.06
"ugly",4332,30491441,65.07
"rare",4326,30495767,65.08
"ford",4322,30500089,65.09
"produced",4318,30504407,65.1
"queen",4318,30508725,65.11
"silver",4316,30513041,65.12
"rush",4314,30517355,65.12
"markets",4313,30521668,65.13
"ave",4310,30525978,65.14
"suggested",4310,30530288,65.15
"juice",4305,30534593,65.16
"urban",4305,30538898,65.17
"anniversary",4302,30543200,65.18
"chat",4301,30547501,65.19
"flavor",4295,30551796,65.2
"investors",4294,30556090,65.21
"tend",4293,30560383,65.22
"regional",4291,30564674,65.23
"inch",4287,30568961,65.23
"dozen",4286,30573247,65.24
"behavior",4285,30577532,65.25
"believed",4285,30581817,65.26
"ben",4285,30586102,65.27
"plastic",4284,30590386,65.28
"foods",4281,30594667,65.29
"cleaning",4280,30598947,65.3
"standards",4278,30603225,65.31
"transportation",4274,30607499,65.32
"sir",4273,30611772,65.33
"legislation",4272,30616044,65.34
"condition",4269,30620313,65.34
"profit",4269,30624582,65.35
"incident",4263,30628845,65.36
"cookies",4260,30633105,65.37
"blazers",4258,30637363,65.38
"enforcement",4256,30641619,65.39
"maryland",4250,30645869,65.4
"offensive",4250,30650119,65.41
"checking",4247,30654366,65.42
"victims",4245,30658611,65.43
"allowing",4238,30662849,65.43
"playoff",4232,30667081,65.44
"fiction",4231,30671312,65.45
"strategy",4231,30675543,65.46
"posting",4227,30679770,65.47
"noon",4225,30683995,65.48
"walls",4225,30688220,65.49
"deals",4224,30692444,65.5
"meetings",4223,30696667,65.51
"sam",4220,30700887,65.52
"baking",4218,30705105,65.53
"solution",4216,30709321,65.53
"prevent",4213,30713534,65.54
"boring",4207,30717741,65.55
"seats",4207,30721948,65.56
"reader",4206,30726154,65.57
"perform",4199,30730353,65.58
"threw",4199,30734552,65.59
"injuries",4195,30738747,65.6
"consumers",4192,30742939,65.61
"voted",4192,30747131,65.61
"advance",4188,30751319,65.62
"anthony",4187,30755506,65.63
"leg",4186,30759692,65.64
"fake",4181,30763873,65.65
"prefer",4179,30768052,65.66
"communities",4178,30772230,65.67
"deserve",4174,30776404,65.68
"favor",4172,30780576,65.69
"birds",4164,30784740,65.7
"developed",4164,30788904,65.7
"figured",4161,30793065,65.71
"crying",4158,30797223,65.72
"lawyer",4157,30801380,65.73
"papers",4157,30805537,65.74
"candy",4155,30809692,65.75
"france",4154,30813846,65.76
"forces",4153,30817999,65.77
"metal",4153,30822152,65.77
"drove",4150,30826302,65.78
"painting",4150,30830452,65.79
"ship",4150,30834602,65.8
"jail",4147,30838749,65.81
"cats",4145,30842894,65.82
"singer",4140,30847034,65.83
"influence",4139,30851173,65.84
"diet",4138,30855311,65.85
"jason",4134,30859445,65.85
"inning",4133,30863578,65.86
"prove",4133,30867711,65.87
"stands",4131,30871842,65.88
"environmental",4130,30875972,65.89
"presidential",4129,30880101,65.9
"distance",4128,30884229,65.91
"workout",4127,30888356,65.92
"kelly",4124,30892480,65.92
"buildings",4123,30896603,65.93
"forest",4121,30900724,65.94
"consumer",4120,30904844,65.95
"dave",4120,30908964,65.96
"pace",4120,30913084,65.97
"mistake",4118,30917202,65.98
"eric",4117,30921319,65.99
"declined",4115,30925434,66
"immigration",4114,30929548,66
"core",4113,30933661,66.01
"grab",4111,30937772,66.02
"perfectly",4111,30941883,66.03
"andrew",4109,30945992,66.04
"guitar",4108,30950100,66.05
"button",4102,30954202,66.06
"determined",4101,30958303,66.07
"individuals",4100,30962403,66.07
"concern",4097,30966500,66.08
"heights",4094,30970594,66.09
"accepted",4092,30974686,66.1
"accident",4091,30978777,66.11
"barely",4089,30982866,66.12
"believes",4087,30986953,66.13
"blogs",4085,30991038,66.14
"packed",4084,30995122,66.14
"boat",4080,30999202,66.15
"launch",4080,31003282,66.16
"upset",4079,31007361,66.17
"wanting",4079,31011440,66.18
"canada",4077,31015517,66.19
"combined",4076,31019593,66.2
"adam",4074,31023667,66.2
"entered",4074,31027741,66.21
"tie",4074,31031815,66.22
"mt",4073,31035888,66.23
"views",4073,31039961,66.24
"lane",4072,31044033,66.25
"basis",4071,31048104,66.26
"happiness",4071,31052175,66.27
"mini",4069,31056244,66.27
"effects",4068,31060312,66.28
"topic",4067,31064379,66.29
"appeal",4066,31068445,66.3
"italian",4066,31072511,66.31
"falls",4064,31076575,66.32
"sept",4061,31080636,66.33
"previously",4058,31084694,66.34
"hills",4056,31088750,66.34
"bags",4055,31092805,66.35
"responsibility",4055,31096860,66.36
"nearby",4049,31100909,66.37
"closing",4041,31104950,66.38
"japan",4040,31108990,66.39
"prime",4034,31113024,66.4
"rick",4033,31117057,66.4
"saved",4033,31121090,66.41
"beef",4032,31125122,66.42
"sen",4027,31129149,66.43
"suggest",4027,31133176,66.44
"thanksgiving",4026,31137202,66.45
"border",4025,31141227,66.46
"letters",4021,31145248,66.46
"relationships",4021,31149269,66.47
"equipment",4014,31153283,66.48
"aid",4013,31157296,66.49
"buddy",4013,31161309,66.5
"midnight",4012,31165321,66.51
"located",4011,31169332,66.52
"asleep",4009,31173341,66.52
"harry",4008,31177349,66.53
"ocean",4007,31181356,66.54
"fees",4006,31185362,66.55
"follows",4004,31189366,66.56
"journal",4003,31193369,66.57
"sport",4001,31197370,66.58
"shift",3998,31201368,66.58
"talented",3997,31205365,66.59
"supporting",3996,31209361,66.6
"elected",3990,31213351,66.61
"file",3990,31217341,66.62
"nose",3988,31221329,66.63
"experts",3985,31225314,66.64
"figures",3983,31229297,66.64
"accused",3982,31233279,66.65
"dec",3981,31237260,66.66
"respond",3980,31241240,66.67
"appearance",3978,31245218,66.68
"checked",3977,31249195,66.69
"prepare",3975,31253170,66.69
"breath",3967,31257137,66.7
"lesson",3965,31261102,66.71
"quarterback",3963,31265065,66.72
"answers",3962,31269027,66.73
"requires",3962,31272989,66.74
"plot",3956,31276945,66.75
"tuned",3955,31280900,66.75
"coaches",3950,31284850,66.76
"math",3950,31288800,66.77
"paris",3949,31292749,66.78
"newspaper",3945,31296694,66.79
"minnesota",3943,31300637,66.8
"guests",3937,31304574,66.8
"personally",3937,31308511,66.81
"tools",3935,31312446,66.82
"mall",3933,31316379,66.83
"employee",3932,31320311,66.84
"hat",3929,31324240,66.85
"girlfriend",3922,31328162,66.85
"facing",3919,31332081,66.86
"hearts",3919,31336000,66.87
"pie",3919,31339919,66.88
"display",3916,31343835,66.89
"exist",3914,31347749,66.9
"presented",3913,31351662,66.9
"laughing",3912,31355574,66.91
"institute",3901,31359475,66.92
"entry",3900,31363375,66.93
"kiss",3900,31367275,66.94
"knee",3895,31371170,66.95
"grateful",3894,31375064,66.95
"ncaa",3893,31378957,66.96
"operations",3893,31382850,66.97
"connect",3890,31386740,66.98
"experienced",3889,31390629,66.99
"faster",3889,31394518,67
"prayer",3888,31398406,67
"houses",3887,31402293,67.01
"rooms",3887,31406180,67.02
"scenes",3877,31410057,67.03
"bush",3870,31413927,67.04
"express",3869,31417796,67.05
"reform",3865,31421661,67.05
"facility",3864,31425525,67.06
"featured",3864,31429389,67.07
"fuel",3864,31433253,67.08
"ii",3864,31437117,67.09
"documents",3863,31440980,67.1
"patrick",3863,31444843,67.1
"performing",3860,31448703,67.11
"types",3859,31452562,67.12
"um",3859,31456421,67.13
"entirely",3855,31460276,67.14
"experiences",3854,31464130,67.14
"innings",3854,31467984,67.15
"attended",3851,31471835,67.16
"dying",3851,31475686,67.17
"victim",3850,31479536,67.18
"visitors",3850,31483386,67.19
"bell",3847,31487233,67.19
"hilarious",3845,31491078,67.2
"rip",3838,31494916,67.21
"indiana",3835,31498751,67.22
"cultural",3834,31502585,67.23
"districts",3833,31506418,67.24
"selection",3833,31510251,67.24
"milwaukee",3832,31514083,67.25
"appropriate",3831,31517914,67.26
"bond",3830,31521744,67.27
"virginia",3829,31525573,67.28
"wings",3826,31529399,67.28
"replace",3825,31533224,67.29
"suspect",3821,31537045,67.3
"tune",3820,31540865,67.31
"stretch",3817,31544682,67.32
"users",3811,31548493,67.32
"sees",3810,31552303,67.33
"advertising",3808,31556111,67.34
"auto",3807,31559918,67.35
"presentation",3807,31563725,67.36
"removed",3806,31567531,67.37
"hip",3804,31571335,67.37
"horrible",3803,31575138,67.38
"chosen",3801,31578939,67.39
"ultimately",3801,31582740,67.4
"planet",3799,31586539,67.41
"tool",3798,31590337,67.41
"woods",3796,31594133,67.42
"actor",3794,31597927,67.43
"india",3794,31601721,67.44
"puts",3794,31605515,67.45
"scale",3794,31609309,67.45
"northern",3792,31613101,67.46
"ap",3791,31616892,67.47
"argument",3790,31620682,67.48
"providing",3789,31624471,67.49
"upcoming",3789,31628260,67.5
"issued",3788,31632048,67.5
"highway",3786,31635834,67.51
"item",3784,31639618,67.52
"attitude",3783,31643401,67.53
"sources",3783,31647184,67.54
"lemon",3782,31650966,67.54
"blast",3781,31654747,67.55
"trend",3779,31658526,67.56
"editor",3778,31662304,67.57
"struggle",3776,31666080,67.58
"desk",3775,31669855,67.58
"gifts",3770,31673625,67.59
"testing",3770,31677395,67.6
"finds",3767,31681162,67.61
"drawing",3763,31684925,67.62
"bands",3762,31688687,67.62
"chances",3762,31692449,67.63
"neck",3761,31696210,67.64
"riding",3757,31699967,67.65
"browns",3756,31703723,67.66
"irish",3756,31707479,67.66
"recovery",3754,31711233,67.67
"allen",3748,31714981,67.68
"whats",3748,31718729,67.69
"creation",3745,31722474,67.7
"wet",3745,31726219,67.7
"jury",3741,31729960,67.71
"thankful",3741,31733701,67.72
"honey",3738,31737439,67.73
"prosecutors",3738,31741177,67.74
"raising",3736,31744913,67.74
"attacks",3735,31748648,67.75
"bacon",3733,31752381,67.76
"electric",3732,31756113,67.77
"philadelphia",3729,31759842,67.78
"scary",3729,31763571,67.78
"ensure",3728,31767299,67.79
"bears",3727,31771026,67.8
"tall",3725,31774751,67.81
"annoying",3721,31778472,67.82
"howard",3717,31782189,67.82
"bathroom",3714,31785903,67.83
"cd",3714,31789617,67.84
"retired",3711,31793328,67.85
"wilson",3710,31797038,67.86
"introduced",3703,31800741,67.86
"perspective",3703,31804444,67.87
"wise",3700,31808144,67.88
"somewhat",3696,31811840,67.89
"votes",3696,31815536,67.89
"rising",3695,31819231,67.9
"swear",3693,31822924,67.91
"threat",3693,31826617,67.92
"prior",3692,31830309,67.93
"unlike",3692,31834001,67.93
"excuse",3691,31837692,67.94
"jealous",3687,31841379,67.95
"rolling",3685,31845064,67.96
"facts",3682,31848746,67.97
"memorial",3680,31852426,67.97
"treated",3678,31856104,67.98
"brooklyn",3677,31859781,67.99
"minor",3677,31863458,68
"dishes",3674,31867132,68
"township",3673,31870805,68.01
"mac",3670,31874475,68.02
"wash",3670,31878145,68.03
"celebration",3667,31881812,68.04
"tag",3664,31885476,68.04
"odd",3662,31889138,68.05
"throwing",3659,31892797,68.06
"holidays",3657,31896454,68.07
"mixture",3656,31900110,68.08
"software",3656,31903766,68.08
"fairly",3652,31907418,68.09
"nov",3652,31911070,68.1
"joseph",3650,31914720,68.11
"resident",3650,31918370,68.11
"dining",3648,31922018,68.12
"clock",3647,31925665,68.13
"pattern",3644,31929309,68.14
"cents",3642,31932951,68.15
"shoulder",3641,31936592,68.15
"hero",3639,31940231,68.16
"alright",3633,31943864,68.17
"application",3629,31947493,68.18
"fantasy",3627,31951120,68.18
"agents",3624,31954744,68.19
"brilliant",3623,31958367,68.2
"raw",3622,31961989,68.21
"comfort",3620,31965609,68.22
"analysis",3617,31969226,68.22
"supreme",3617,31972843,68.23
"picking",3616,31976459,68.24
"pushing",3616,31980075,68.25
"finals",3614,31983689,68.25
"bars",3613,31987302,68.26
"pushed",3611,31990913,68.27
"recipes",3611,31994524,68.28
"academy",3609,31998133,68.28
"dj",3609,32001742,68.29
"regarding",3609,32005351,68.3
"alternative",3608,32008959,68.31
"constantly",3606,32012565,68.32
"proper",3606,32016171,68.32
"captain",3605,32019776,68.33
"champion",3605,32023381,68.34
"weak",3604,32026985,68.35
"featuring",3602,32030587,68.35
"visited",3602,32034189,68.36
"afford",3601,32037790,68.37
"sheriff",3601,32041391,68.38
"shares",3600,32044991,68.38
"strike",3600,32048591,68.39
"tests",3598,32052189,68.4
"garlic",3597,32055786,68.41
"quit",3597,32059383,68.42
"chain",3595,32062978,68.42
"minister",3594,32066572,68.43
"eastern",3591,32070163,68.44
"license",3587,32073750,68.45
"determine",3584,32077334,68.45
"disappointed",3584,32080918,68.46
"jordan",3584,32084502,68.47
"suggestions",3577,32088079,68.48
"supply",3571,32091650,68.48
"wisconsin",3570,32095220,68.49
"hunger",3569,32098789,68.5
"survey",3569,32102358,68.51
"orlando",3568,32105926,68.51
"scoring",3567,32109493,68.52
"unemployment",3563,32113056,68.53
"recording",3561,32116617,68.54
"hockey",3554,32120171,68.54
"neighbors",3552,32123723,68.55
"duty",3551,32127274,68.56
"josh",3548,32130822,68.57
"manage",3546,32134368,68.58
"suffered",3541,32137909,68.58
"parks",3538,32141447,68.59
"tracks",3535,32144982,68.6
"supporters",3534,32148516,68.61
"holds",3533,32152049,68.61
"nervous",3533,32155582,68.62
"winners",3533,32159115,68.63
"childhood",3529,32162644,68.64
"factor",3527,32166171,68.64
"listed",3526,32169697,68.65
"acts",3525,32173222,68.66
"cardinals",3525,32176747,68.67
"struggling",3524,32180271,68.67
"designer",3520,32183791,68.68
"smooth",3515,32187306,68.69
"speaker",3515,32190821,68.7
"turkey",3510,32194331,68.7
"authors",3508,32197839,68.71
"manning",3507,32201346,68.72
"shame",3506,32204852,68.73
"sentence",3505,32208357,68.73
"interests",3503,32211860,68.74
"oct",3499,32215359,68.75
"chase",3497,32218856,68.76
"gm",3497,32222353,68.76
"values",3497,32225850,68.77
"adventure",3496,32229346,68.78
"faced",3496,32232842,68.79
"religion",3495,32236337,68.79
"fabric",3493,32239830,68.8
"tape",3492,32243322,68.81
"madison",3488,32246810,68.82
"split",3485,32250295,68.82
"suppose",3484,32253779,68.83
"sunny",3482,32257261,68.84
"henry",3477,32260738,68.84
"indian",3475,32264213,68.85
"nap",3475,32267688,68.86
"vintage",3470,32271158,68.87
"min",3468,32274626,68.87
"repeat",3466,32278092,68.88
"flow",3465,32281557,68.89
"teen",3465,32285022,68.9
"messages",3463,32288485,68.9
"iron",3462,32291947,68.91
"universe",3460,32295407,68.92
"impressive",3459,32298866,68.93
"cap",3458,32302324,68.93
"originally",3458,32305782,68.94
"joining",3457,32309239,68.95
"accounts",3456,32312695,68.96
"warning",3456,32316151,68.96
"policies",3451,32319602,68.97
"retirement",3450,32323052,68.98
"brewers",3447,32326499,68.99
"operating",3447,32329946,68.99
"handed",3446,32333392,69
"sixth",3445,32336837,69.01
"disney",3444,32340281,69.01
"historical",3444,32343725,69.02
"voting",3441,32347166,69.03
"ups",3440,32350606,69.04
"lewis",3438,32354044,69.04
"opposite",3438,32357482,69.05
"graduate",3436,32360918,69.06
"invited",3436,32364354,69.07
"weekly",3436,32367790,69.07
"inches",3434,32371224,69.08
"shirts",3433,32374657,69.09
"length",3429,32378086,69.1
"typically",3420,32381506,69.1
"shortly",3419,32384925,69.11
"flour",3418,32388343,69.12
"flower",3415,32391758,69.12
"metro",3415,32395173,69.13
"dressed",3414,32398587,69.14
"links",3413,32402000,69.15
"initial",3410,32405410,69.15
"typical",3408,32408818,69.16
"bake",3404,32412222,69.17
"confused",3404,32415626,69.18
"creek",3403,32419029,69.18
"aw",3401,32422430,69.19
"pet",3401,32425831,69.2
"stamp",3401,32429232,69.2
"hired",3396,32432628,69.21
"pure",3395,32436023,69.22
"sarah",3394,32439417,69.23
"register",3390,32442807,69.23
"saving",3389,32446196,69.24
"stronger",3389,32449585,69.25
"pregnant",3388,32452973,69.26
"teeth",3387,32456360,69.26
"passes",3386,32459746,69.27
"publishing",3386,32463132,69.28
"recorded",3386,32466518,69.28
"kinds",3384,32469902,69.29
"asks",3382,32473284,69.3
"punch",3378,32476662,69.31
"clothing",3374,32480036,69.31
"updates",3374,32483410,69.32
"reply",3370,32486780,69.33
"kentucky",3367,32490147,69.33
"explained",3365,32493512,69.34
"normally",3365,32496877,69.35
"historic",3363,32500240,69.36
"dealing",3360,32503600,69.36
"moms",3358,32506958,69.37
"connected",3357,32510315,69.38
"silly",3357,32513672,69.38
"ma",3356,32517028,69.39
"fee",3355,32520383,69.4
"injured",3355,32523738,69.41
"blogging",3353,32527091,69.41
"earn",3352,32530443,69.42
"fed",3351,32533794,69.43
"sight",3350,32537144,69.43
"loans",3348,32540492,69.44
"kings",3345,32543837,69.45
"secretary",3345,32547182,69.46
"relief",3343,32550525,69.46
"attending",3339,32553864,69.47
"marathon",3338,32557202,69.48
"combination",3336,32560538,69.48
"grass",3336,32563874,69.49
"drivers",3333,32567207,69.5
"purchased",3332,32570539,69.51
"encourage",3329,32573868,69.51
"seed",3328,32577196,69.52
"uh",3325,32580521,69.53
"wisdom",3324,32583845,69.53
"established",3320,32587165,69.54
"jay",3320,32590485,69.55
"btw",3317,32593802,69.56
"map",3316,32597118,69.56
"surface",3314,32600432,69.57
"vehicles",3314,32603746,69.58
"shake",3313,32607059,69.58
"structure",3313,32610372,69.59
"boo",3312,32613684,69.6
"expectations",3311,32616995,69.61
"medicine",3310,32620305,69.61
"purple",3310,32623615,69.62
"homework",3307,32626922,69.63
"lessons",3307,32630229,69.63
"theory",3307,32633536,69.64
"loan",3305,32636841,69.65
"rough",3305,32640146,69.65
"beans",3304,32643450,69.66
"fewer",3302,32646752,69.67
"describe",3299,32650051,69.68
"assembly",3296,32653347,69.68
"pointed",3296,32656643,69.69
"nuclear",3295,32659938,69.7
"cc",3293,32663231,69.7
"italy",3293,32666524,69.71
"commitment",3291,32669815,69.72
"minds",3290,32673105,69.72
"organizations",3289,32676394,69.73
"possibility",3289,32679683,69.74
"mistakes",3286,32682969,69.75
"germany",3285,32686254,69.75
"brief",3279,32689533,69.76
"cooked",3279,32692812,69.77
"sisters",3278,32696090,69.77
"finishing",3276,32699366,69.78
"fried",3276,32702642,69.79
"ron",3276,32705918,69.79
"careful",3270,32709188,69.8
"largely",3270,32712458,69.81
"operation",3269,32715727,69.82
"promised",3269,32718996,69.82
"recognize",3268,32722264,69.83
"partners",3266,32725530,69.84
"regardless",3266,32728796,69.84
"responded",3266,32732062,69.85
"sacramento",3266,32735328,69.86
"spots",3266,32738594,69.86
"daniel",3265,32741859,69.87
"suffering",3264,32745123,69.88
"arena",3260,32748383,69.89
"gray",3260,32751643,69.89
"mama",3259,32754902,69.9
"ridiculous",3258,32758160,69.91
"lawmakers",3257,32761417,69.91
"pork",3257,32764674,69.92
"reviews",3257,32767931,69.93
"smoking",3257,32771188,69.93
"intended",3256,32774444,69.94
"spiritual",3256,32777700,69.95
"commissioner",3255,32780955,69.95
"practices",3255,32784210,69.96
"carried",3253,32787463,69.97
"arrest",3252,32790715,69.98
"debut",3251,32793966,69.98
"awful",3248,32797214,69.99
"clark",3244,32800458,70
"picks",3244,32803702,70
"filling",3239,32806941,70.01
"counter",3237,32810178,70.02
"dates",3237,32813415,70.02
"kim",3237,32816652,70.03
"reaction",3236,32819888,70.04
"intense",3226,32823114,70.04
"signing",3225,32826339,70.05
"confirmed",3224,32829563,70.06
"swing",3221,32832784,70.07
"calm",3219,32836003,70.07
"drawn",3218,32839221,70.08
"existing",3218,32842439,70.09
"hardly",3217,32845656,70.09
"bedroom",3214,32848870,70.1
"pride",3212,32852082,70.11
"pound",3210,32855292,70.11
"walker",3209,32858501,70.12
"olive",3206,32861707,70.13
"elements",3204,32864911,70.13
"achieve",3201,32868112,70.14
"confident",3201,32871313,70.15
"domestic",3201,32874514,70.15
"recall",3201,32877715,70.16
"spokeswoman",3199,32880914,70.17
"stir",3197,32884111,70.18
"trading",3195,32887306,70.18
"dough",3194,32890500,70.19
"volunteer",3192,32893692,70.2
"adams",3188,32896880,70.2
"bulls",3188,32900068,70.21
"escape",3188,32903256,70.22
"celebrating",3185,32906441,70.22
"fame",3184,32909625,70.23
"curious",3180,32912805,70.24
"lineup",3179,32915984,70.24
"opens",3179,32919163,70.25
"sharp",3178,32922341,70.26
"cousin",3177,32925518,70.26
"angels",3176,32928694,70.27
"transfer",3174,32931868,70.28
"forms",3172,32935040,70.28
"detail",3170,32938210,70.29
"directed",3169,32941379,70.3
"lazy",3165,32944544,70.3
"retail",3165,32947709,70.31
"racing",3162,32950871,70.32
"equal",3161,32954032,70.32
"maintain",3161,32957193,70.33
"epic",3160,32960353,70.34
"remind",3160,32963513,70.34
"delivered",3159,32966672,70.35
"materials",3157,32969829,70.36
"forth",3155,32972984,70.36
"receiving",3155,32976139,70.37
"elections",3153,32979292,70.38
"goodness",3153,32982445,70.38
"participate",3153,32985598,70.39
"afghanistan",3150,32988748,70.4
"agencies",3149,32991897,70.41
"approval",3149,32995046,70.41
"positions",3149,32998195,70.42
"driven",3144,33001339,70.43
"bodies",3142,33004481,70.43
"hide",3138,33007619,70.44
"pat",3136,33010755,70.45
"bound",3135,33013890,70.45
"yr",3134,33017024,70.46
"academic",3133,33020157,70.47
"gallery",3132,33023289,70.47
"hiring",3130,33026419,70.48
"finance",3126,33029545,70.49
"hurts",3126,33032671,70.49
"legislature",3125,33035796,70.5
"motion",3124,33038920,70.51
"daddy",3123,33042043,70.51
"false",3123,33045166,70.52
"personality",3122,33048288,70.53
"barack",3120,33051408,70.53
"reference",3119,33054527,70.54
"surely",3118,33057645,70.55
"pacific",3117,33060762,70.55
"ink",3116,33063878,70.56
"returning",3116,33066994,70.57
"dedicated",3115,33070109,70.57
"fixed",3115,33073224,70.58
"mystery",3114,33076338,70.59
"upper",3114,33079452,70.59
"mrs",3113,33082565,70.6
"orders",3113,33085678,70.61
"decent",3110,33088788,70.61
"reserve",3109,33091897,70.62
"ale",3108,33095005,70.63
"huh",3106,33098111,70.63
"tradition",3105,33101216,70.64
"useful",3104,33104320,70.65
"counts",3103,33107423,70.65
"announcement",3102,33110525,70.66
"lying",3102,33113627,70.66
"wave",3099,33116726,70.67
"percentage",3098,33119824,70.68
"sessions",3098,33122922,70.68
"breaks",3095,33126017,70.69
"identity",3095,33129112,70.7
"pleased",3095,33132207,70.7
"sandwich",3092,33135299,70.71
"unable",3092,33138391,70.72
"frame",3089,33141480,70.72
"numerous",3089,33144569,70.73
"rangers",3089,33147658,70.74
"stephen",3085,33150743,70.74
"veteran",3085,33153828,70.75
"cups",3079,33156907,70.76
"expert",3077,33159984,70.76
"fault",3071,33163055,70.77
"specifically",3071,33166126,70.78
"perry",3066,33169192,70.78
"actors",3065,33172257,70.79
"athletic",3063,33175320,70.8
"increases",3063,33178383,70.8
"incredibly",3062,33181445,70.81
"prosecutor",3062,33184507,70.82
"extended",3061,33187568,70.82
"launched",3060,33190628,70.83
"rarely",3056,33193684,70.84
"corn",3054,33196738,70.84
"hire",3053,33199791,70.85
"reporters",3051,33202842,70.86
"bless",3048,33205890,70.86
"instance",3048,33208938,70.87
"traveling",3046,33211984,70.87
"founder",3045,33215029,70.88
"measures",3045,33218074,70.89
"roof",3044,33221118,70.89
"developing",3043,33224161,70.9
"promote",3040,33227201,70.91
"reminded",3039,33230240,70.91
"communication",3036,33233276,70.92
"label",3036,33236312,70.93
"selected",3036,33239348,70.93
"booth",3031,33242379,70.94
"covers",3031,33245410,70.95
"impressed",3031,33248441,70.95
"garage",3030,33251471,70.96
"hunt",3030,33254501,70.97
"elementary",3029,33257530,70.97
"returns",3027,33260557,70.98
"chest",3026,33263583,70.98
"wishes",3026,33266609,70.99
"eve",3022,33269631,71
"affect",3021,33272652,71
"loose",3019,33275671,71.01
"remained",3019,33278690,71.02
"yoga",3019,33281709,71.02
"jam",3017,33284726,71.03
"poll",3017,33287743,71.04
"identified",3014,33290757,71.04
"indians",3014,33293771,71.05
"relatively",3012,33296783,71.06
"studying",3009,33299792,71.06
"espn",3008,33302800,71.07
"models",3006,33305806,71.08
"helpful",3005,33308811,71.08
"farmers",3003,33311814,71.09
"lawsuit",3003,33314817,71.09
"unknown",3003,33317820,71.1
"combine",3002,33320822,71.11
"oakland",3002,33323824,71.11
"investigators",3001,33326825,71.12
"chips",3000,33329825,71.13
"convention",3000,33332825,71.13
"deliver",3000,33335825,71.14
"catching",2999,33338824,71.15
"corp",2998,33341822,71.15
"occurred",2996,33344818,71.16
"inner",2995,33347813,71.16
"circumstances",2993,33350806,71.17
"bottles",2992,33353798,71.18
"grocery",2991,33356789,71.18
"opposition",2989,33359778,71.19
"volunteers",2989,33362767,71.2
"replaced",2987,33365754,71.2
"stomach",2987,33368741,71.21
"horror",2986,33371727,71.22
"device",2985,33374712,71.22
"organized",2985,33377697,71.23
"revealed",2985,33380682,71.23
"bye",2982,33383664,71.24
"anger",2980,33386644,71.25
"blocks",2978,33389622,71.25
"mirror",2978,33392600,71.26
"finger",2974,33395574,71.27
"rocks",2974,33398548,71.27
"worker",2974,33401522,71.28
"port",2973,33404495,71.29
"dating",2972,33407467,71.29
"vegetables",2970,33410437,71.3
"represent",2969,33413406,71.3
"bench",2968,33416374,71.31
"politicians",2968,33419342,71.32
"savings",2966,33422308,71.32
"painted",2964,33425272,71.33
"preparing",2964,33428236,71.34
"adds",2961,33431197,71.34
"angel",2961,33434158,71.35
"witness",2959,33437117,71.36
"jose",2958,33440075,71.36
"reminds",2958,33443033,71.37
"hundred",2957,33445990,71.37
"survive",2957,33448947,71.38
"atlantic",2953,33451900,71.39
"estimated",2953,33454853,71.39
"designs",2951,33457804,71.4
"assume",2949,33460753,71.41
"phones",2949,33463702,71.41
"solo",2949,33466651,71.42
"potatoes",2947,33469598,71.42
"compete",2946,33472544,71.43
"jerry",2946,33475490,71.44
"centers",2945,33478435,71.44
"refused",2943,33481378,71.45
"halloween",2942,33484320,71.46
"bite",2941,33487261,71.46
"meals",2940,33490201,71.47
"recession",2938,33493139,71.47
"georgia",2936,33496075,71.48
"delivery",2935,33499010,71.49
"valentine",2933,33501943,71.49
"calories",2932,33504875,71.5
"pittsburgh",2932,33507807,71.51
"id",2931,33510738,71.51
"ruling",2929,33513667,71.52
"hidden",2928,33516595,71.52
"performed",2926,33519521,71.53
"carrying",2923,33522444,71.54
"prince",2923,33525367,71.54
"awareness",2921,33528288,71.55
"claimed",2920,33531208,71.56
"gary",2920,33534128,71.56
"unusual",2919,33537047,71.57
"scores",2918,33539965,71.57
"wishing",2916,33542881,71.58
"feedback",2915,33545796,71.59
"improved",2915,33548711,71.59
"contracts",2914,33551625,71.6
"increasing",2914,33554539,71.61
"nuts",2911,33557450,71.61
"columbia",2910,33560360,71.62
"las",2909,33563269,71.62
"walks",2909,33566178,71.63
"kidding",2907,33569085,71.64
"yankees",2907,33571992,71.64
"importance",2906,33574898,71.65
"hosting",2901,33577799,71.66
"elizabeth",2900,33580699,71.66
"jumped",2900,33583599,71.67
"recommended",2900,33586499,71.67
"deeply",2899,33589398,71.68
"boxes",2898,33592296,71.69
"poetry",2895,33595191,71.69
"ca",2894,33598085,71.7
"goodnight",2894,33600979,71.7
"workshop",2894,33603873,71.71
"productive",2892,33606765,71.72
"zero",2891,33609656,71.72
"depending",2890,33612546,71.73
"outdoor",2888,33615434,71.74
"silent",2888,33618322,71.74
"anderson",2887,33621209,71.75
"comic",2887,33624096,71.75
"writes",2887,33626983,71.76
"ann",2886,33629869,71.77
"furniture",2886,33632755,71.77
"seventh",2884,33635639,71.78
"lawyers",2883,33638522,71.79
"reporting",2883,33641405,71.79
"freshman",2880,33644285,71.8
"tons",2880,33647165,71.8
"powder",2879,33650044,71.81
"interviews",2877,33652921,71.82
"grey",2875,33655796,71.82
"industrial",2875,33658671,71.83
"pulling",2874,33661545,71.83
"ads",2871,33664416,71.84
"summit",2871,33667287,71.85
"wing",2866,33670153,71.85
"argue",2864,33673017,71.86
"awake",2864,33675881,71.86
"mitt",2861,33678742,71.87
"fiscal",2860,33681602,71.88
"wrap",2860,33684462,71.88
"stopping",2859,33687321,71.89
"tweeted",2857,33690178,71.9
"bruce",2856,33693034,71.9
"organic",2856,33695890,71.91
"foster",2855,33698745,71.91
"goods",2854,33701599,71.92
"proof",2854,33704453,71.93
"forgotten",2853,33707306,71.93
"granted",2849,33710155,71.94
"tone",2847,33713002,71.94
"noise",2846,33715848,71.95
"deadline",2845,33718693,71.96
"iowa",2845,33721538,71.96
"ignore",2843,33724381,71.97
"columbus",2842,33727223,71.97
"emotions",2837,33730060,71.98
"fort",2837,33732897,71.99
"essential",2836,33735733,71.99
"expecting",2835,33738568,72
"sheet",2834,33741402,72
"avengers",2833,33744235,72.01
"rally",2833,33747068,72.02
"ceremony",2831,33749899,72.02
"grill",2831,33752730,72.03
"nope",2830,33755560,72.03
"charlie",2829,33758389,72.04
"monthly",2829,33761218,72.05
"reduced",2829,33764047,72.05
"pub",2828,33766875,72.06
"greek",2826,33769701,72.06
"cookie",2823,33772524,72.07
"necessarily",2821,33775345,72.08
"thrown",2821,33778166,72.08
"remembered",2820,33780986,72.09
"continuing",2818,33783804,72.1
"neighbor",2817,33786621,72.1
"lincoln",2814,33789435,72.11
"roads",2814,33792249,72.11
"triple",2811,33795060,72.12
"exact",2810,33797870,72.13
"burning",2809,33800679,72.13
"wrapped",2809,33803488,72.14
"orleans",2806,33806294,72.14
"wore",2806,33809100,72.15
"opposed",2802,33811902,72.16
"sunshine",2800,33814702,72.16
"extreme",2797,33817499,72.17
"gang",2797,33820296,72.17
"judges",2796,33823092,72.18
"homeless",2793,33825885,72.18
"arrive",2792,33828677,72.19
"serves",2792,33831469,72.2
"wayne",2792,33834261,72.2
"payments",2791,33837052,72.21
"charity",2790,33839842,72.21
"tigers",2788,33842630,72.22
"uncle",2788,33845418,72.23
"engine",2786,33848204,72.23
"sum",2786,33850990,72.24
"competitive",2785,33853775,72.24
"yup",2785,33856560,72.25
"tower",2784,33859344,72.26
"fallen",2783,33862127,72.26
"chill",2782,33864909,72.27
"graduation",2782,33867691,72.27
"mortgage",2782,33870473,72.28
"pour",2781,33873254,72.29
"roughly",2781,33876035,72.29
"bin",2780,33878815,72.3
"humans",2780,33881595,72.3
"trips",2780,33884375,72.31
"gear",2779,33887154,72.32
"searching",2779,33889933,72.32
"category",2778,33892711,72.33
"edition",2778,33895489,72.33
"stamps",2778,33898267,72.34
"properly",2776,33901043,72.35
"internal",2775,33903818,72.35
"franchise",2773,33906591,72.36
"portion",2773,33909364,72.36
"routine",2770,33912134,72.37
"locations",2768,33914902,72.37
"silence",2767,33917669,72.38
"cloud",2766,33920435,72.39
"sought",2766,33923201,72.39
"glasses",2765,33925966,72.4
"depth",2764,33928730,72.4
"max",2764,33931494,72.41
"beating",2763,33934257,72.42
"harris",2763,33937020,72.42
"tasting",2763,33939783,72.43
"constant",2761,33942544,72.43
"jon",2761,33945305,72.44
"download",2760,33948065,72.45
"fields",2759,33950824,72.45
"mo",2759,33953583,72.46
"sadly",2757,33956340,72.46
"freaking",2756,33959096,72.47
"tap",2756,33961852,72.48
"rescue",2754,33964606,72.48
"switch",2754,33967360,72.49
"tables",2754,33970114,72.49
"convinced",2750,33972864,72.5
"affected",2748,33975612,72.5
"apps",2747,33978359,72.51
"stops",2747,33981106,72.52
"facilities",2745,33983851,72.52
"lifetime",2745,33986596,72.53
"losses",2745,33989341,72.53
"offices",2745,33992086,72.54
"bid",2744,33994830,72.55
"brewing",2744,33997574,72.55
"cheers",2744,34000318,72.56
"regularly",2743,34003061,72.56
"couch",2742,34005803,72.57
"fitness",2742,34008545,72.57
"supported",2741,34011286,72.58
"fancy",2736,34014022,72.59
"intelligence",2736,34016758,72.59
"method",2735,34019493,72.6
"suggests",2735,34022228,72.6
"bass",2734,34024962,72.61
"veterans",2733,34027695,72.62
"ear",2732,34030427,72.62
"limits",2731,34033158,72.63
"burger",2730,34035888,72.63
"favorites",2730,34038618,72.64
"http",2730,34041348,72.64
"carefully",2728,34044076,72.65
"clinic",2727,34046803,72.66
"invite",2727,34049530,72.66
"supplies",2727,34052257,72.67
"penalty",2724,34054981,72.67
"sector",2721,34057702,72.68
"andy",2720,34060422,72.69
"conversations",2720,34063142,72.69
"volume",2720,34065862,72.7
"context",2719,34068581,72.7
"greg",2719,34071300,72.71
"rent",2719,34074019,72.71
"tackle",2718,34076737,72.72
"pocket",2717,34079454,72.73
"laptop",2715,34082169,72.73
"seeds",2714,34084883,72.74
"casino",2713,34087596,72.74
"ears",2713,34090309,72.75
"crossed",2712,34093021,72.75
"heck",2710,34095731,72.76
"rid",2710,34098441,72.77
"applied",2709,34101150,72.77
"violent",2709,34103859,72.78
"appointment",2708,34106567,72.78
"admitted",2706,34109273,72.79
"glory",2705,34111978,72.8
"anytime",2704,34114682,72.8
"emails",2698,34117380,72.81
"discover",2697,34120077,72.81
"coaching",2696,34122773,72.82
"humor",2692,34125465,72.82
"wars",2692,34128157,72.83
"articles",2690,34130847,72.84
"causes",2690,34133537,72.84
"employment",2689,34136226,72.85
"identify",2689,34138915,72.85
"alleged",2688,34141603,72.86
"jimmy",2687,34144290,72.86
"prayers",2687,34146977,72.87
"branch",2682,34149659,72.88
"occupy",2681,34152340,72.88
"performances",2678,34155018,72.89
"immediate",2676,34157694,72.89
"ancient",2675,34160369,72.9
"romance",2673,34163042,72.9
"royal",2673,34165715,72.91
"sand",2673,34168388,72.92
"bureau",2671,34171059,72.92
"initially",2669,34173728,72.93
"aug",2664,34176392,72.93
"australia",2664,34179056,72.94
"charter",2664,34181720,72.94
"vanilla",2664,34184384,72.95
"classroom",2663,34187047,72.96
"ultimate",2663,34189710,72.96
"ward",2659,34192369,72.97
"disaster",2657,34195026,72.97
"rob",2657,34197683,72.98
"sigh",2656,34200339,72.98
"index",2653,34202992,72.99
"trash",2653,34205645,73
"adorable",2651,34208296,73
"contemporary",2651,34210947,73.01
"stolen",2645,34213592,73.01
"belief",2643,34216235,73.02
"tale",2642,34218877,73.02
"frozen",2641,34221518,73.03
"kicked",2638,34224156,73.03
"advanced",2637,34226793,73.04
"broadway",2635,34229428,73.05
"resort",2635,34232063,73.05
"desert",2633,34234696,73.06
"salary",2633,34237329,73.06
"thompson",2632,34239961,73.07
"athletes",2630,34242591,73.07
"fishing",2629,34245220,73.08
"situations",2628,34247848,73.09
"thousand",2628,34250476,73.09
"cable",2627,34253103,73.1
"hunter",2627,34255730,73.1
"depends",2625,34258355,73.11
"solar",2623,34260978,73.11
"reaching",2622,34263600,73.12
"conflict",2619,34266219,73.12
"critics",2619,34268838,73.13
"shore",2617,34271455,73.14
"strip",2616,34274071,73.14
"reminder",2615,34276686,73.15
"reporter",2614,34279300,73.15
"challenging",2613,34281913,73.16
"onion",2613,34284526,73.16
"soldiers",2613,34287139,73.17
"wines",2613,34289752,73.17
"involving",2612,34292364,73.18
"dessert",2611,34294975,73.19
"parade",2609,34297584,73.19
"sons",2608,34300192,73.2
"complicated",2607,34302799,73.2
"boost",2606,34305405,73.21
"increasingly",2606,34308011,73.21
"frequently",2603,34310614,73.22
"settled",2603,34313217,73.22
"suspended",2600,34315817,73.23
"beats",2599,34318416,73.24
"devices",2598,34321014,73.24
"mommy",2598,34323612,73.25
"brandon",2597,34326209,73.25
"surrounding",2597,34328806,73.26
"ballot",2596,34331402,73.26
"lounge",2595,34333997,73.27
"tries",2594,34336591,73.27
"temperature",2592,34339183,73.28
"denied",2590,34341773,73.29
"error",2590,34344363,73.29
"powers",2589,34346952,73.3
"announce",2588,34349540,73.3
"represents",2588,34352128,73.31
"meets",2585,34354713,73.31
"monster",2585,34357298,73.32
"gate",2584,34359882,73.32
"producer",2584,34362466,73.33
"technical",2584,34365050,73.34
"stepped",2582,34367632,73.34
"flash",2579,34370211,73.35
"reasonable",2579,34372790,73.35
"jeans",2576,34375366,73.36
"danger",2575,34377941,73.36
"steel",2575,34380516,73.37
"explore",2574,34383090,73.37
"layer",2573,34385663,73.38
"nations",2571,34388234,73.38
"moore",2570,34390804,73.39
"waited",2570,34393374,73.4
"nashville",2569,34395943,73.4
"appreciated",2568,34398511,73.41
"bone",2568,34401079,73.41
"democrat",2567,34403646,73.42
"outstanding",2567,34406213,73.42
"ban",2565,34408778,73.43
"ribbon",2565,34411343,73.43
"wont",2565,34413908,73.44
"congressional",2564,34416472,73.45
"dig",2563,34419035,73.45
"valuable",2562,34421597,73.46
"secure",2560,34424157,73.46
"shops",2559,34426716,73.47
"amy",2556,34429272,73.47
"broncos",2552,34431824,73.48
"user",2551,34434375,73.48
"chopped",2550,34436925,73.49
"shock",2549,34439474,73.49
"root",2548,34442022,73.5
"wealth",2548,34444570,73.51
"attempts",2546,34447116,73.51
"presents",2545,34449661,73.52
"roots",2545,34452206,73.52
"deficit",2544,34454750,73.53
"pension",2544,34457294,73.53
"broad",2543,34459837,73.54
"weapons",2541,34462378,73.54
"ranked",2540,34464918,73.55
"britain",2539,34467457,73.55
"minimum",2539,34469996,73.56
"thunder",2537,34472533,73.56
"storage",2533,34475066,73.57
"transition",2532,34477598,73.58
"races",2531,34480129,73.58
"answered",2530,34482659,73.59
"settle",2530,34485189,73.59
"baked",2529,34487718,73.6
"fool",2528,34490246,73.6
"therapy",2528,34492774,73.61
"knock",2526,34495300,73.61
"expand",2525,34497825,73.62
"titles",2525,34500350,73.62
"marks",2524,34502874,73.63
"opponents",2523,34505397,73.63
"screaming",2523,34507920,73.64
"bc",2522,34510442,73.65
"prom",2522,34512964,73.65
"contributed",2519,34515483,73.66
"updated",2519,34518002,73.66
"dvd",2518,34520520,73.67
"examples",2518,34523038,73.67
"relax",2518,34525556,73.68
"grandma",2517,34528073,73.68
"naturally",2517,34530590,73.69
"potato",2517,34533107,73.69
"coat",2516,34535623,73.7
"deputy",2515,34538138,73.7
"trick",2515,34540653,73.71
"blogger",2514,34543167,73.72
"platform",2514,34545681,73.72
"teens",2514,34548195,73.73
"hudson",2511,34550706,73.73
"counties",2510,34553216,73.74
"understood",2509,34555725,73.74
"starter",2507,34558232,73.75
"dramatic",2506,34560738,73.75
"oklahoma",2506,34563244,73.76
"hoped",2505,34565749,73.76
"participants",2503,34568252,73.77
"capable",2502,34570754,73.77
"immigrants",2502,34573256,73.78
"improvement",2502,34575758,73.79
"morgan",2502,34578260,73.79
"constitution",2500,34580760,73.8
"lisa",2500,34583260,73.8
"tear",2499,34585759,73.81
"jane",2498,34588257,73.81
"pasta",2498,34590755,73.82
"swimming",2496,34593251,73.82
"tomato",2496,34595747,73.83
"informed",2495,34598242,73.83
"lift",2495,34600737,73.84
"someday",2495,34603232,73.84
"capacity",2492,34605724,73.85
"spain",2492,34608216,73.85
"owns",2491,34610707,73.86
"analysts",2489,34613196,73.87
"flavors",2488,34615684,73.87
"reputation",2487,34618171,73.88
"piano",2486,34620657,73.88
"calendar",2483,34623140,73.89
"payment",2480,34625620,73.89
"principal",2480,34628100,73.9
"rating",2477,34630577,73.9
"trained",2477,34633054,73.91
"agenda",2476,34635530,73.91
"exhibit",2476,34638006,73.92
"relations",2475,34640481,73.92
"superior",2475,34642956,73.93
"amendment",2474,34645430,73.93
"definition",2470,34647900,73.94
"ducks",2470,34650370,73.94
"brewery",2463,34652833,73.95
"eighth",2463,34655296,73.95
"flip",2462,34657758,73.96
"merry",2462,34660220,73.97
"northeast",2461,34662681,73.97
"photography",2461,34665142,73.98
"select",2459,34667601,73.98
"expects",2457,34670058,73.99
"laundry",2457,34672515,73.99
"romantic",2457,34674972,74
"decline",2456,34677428,74
"pa",2456,34679884,74.01
"equally",2454,34682338,74.01
"mainly",2451,34684789,74.02
"clinton",2450,34687239,74.02
"dust",2450,34689689,74.03
"ton",2449,34692138,74.03
"praise",2448,34694586,74.04
"rebounds",2446,34697032,74.04
"rookie",2446,34699478,74.05
"woo",2446,34701924,74.05
"deserves",2445,34704369,74.06
"attached",2444,34706813,74.06
"consecutive",2444,34709257,74.07
"ongoing",2444,34711701,74.08
"cares",2443,34714144,74.08
"occasionally",2443,34716587,74.09
"roy",2442,34719029,74.09
"genius",2441,34721470,74.1
"resolution",2441,34723911,74.1
"steal",2440,34726351,74.11
"solutions",2439,34728790,74.11
"heavily",2437,34731227,74.12
"existence",2436,34733663,74.12
"permanent",2436,34736099,74.13
"mode",2435,34738534,74.13
"stewart",2434,34740968,74.14
"franklin",2433,34743401,74.14
"inspiring",2433,34745834,74.15
"sin",2433,34748267,74.15
"stream",2433,34750700,74.16
"species",2432,34753132,74.16
"worthy",2432,34755564,74.17
"excitement",2431,34757995,74.17
"unions",2431,34760426,74.18
"manner",2430,34762856,74.18
"locked",2428,34765284,74.19
"conduct",2427,34767711,74.19
"dozens",2427,34770138,74.2
"tank",2427,34772565,74.21
"gained",2426,34774991,74.21
"larry",2425,34777416,74.22
"aggressive",2424,34779840,74.22
"cherry",2423,34782263,74.23
"runner",2423,34784686,74.23
"shocked",2421,34787107,74.24
"boards",2419,34789526,74.24
"counting",2419,34791945,74.25
"possession",2419,34794364,74.25
"keys",2418,34796782,74.26
"liberty",2417,34799199,74.26
"affairs",2416,34801615,74.27
"jennifer",2416,34804031,74.27
"yummy",2416,34806447,74.28
"hamilton",2415,34808862,74.28
"ideal",2415,34811277,74.29
"follower",2414,34813691,74.29
"steak",2414,34816105,74.3
"climate",2413,34818518,74.3
"troops",2412,34820930,74.31
"lists",2411,34823341,74.31
"grandmother",2410,34825751,74.32
"kennedy",2409,34828160,74.32
"merely",2409,34830569,74.33
"semester",2409,34832978,74.33
"makeup",2407,34835385,74.34
"worries",2407,34837792,74.34
"guns",2406,34840198,74.35
"phil",2406,34842604,74.35
"protest",2406,34845010,74.36
"function",2405,34847415,74.36
"navy",2405,34849820,74.37
"engaged",2403,34852223,74.38
"stated",2403,34854626,74.38
"atmosphere",2400,34857026,74.39
"tomatoes",2400,34859426,74.39
"praying",2399,34861825,74.4
"armed",2397,34864222,74.4
"receiver",2396,34866618,74.41
"closely",2395,34869013,74.41
"formed",2394,34871407,74.42
"editing",2392,34873799,74.42
"voices",2392,34876191,74.43
"applications",2391,34878582,74.43
"expressed",2390,34880972,74.44
"carter",2388,34883360,74.44
"belt",2387,34885747,74.45
"ghost",2387,34888134,74.45
"registration",2387,34890521,74.46
"revolution",2387,34892908,74.46
"matthew",2385,34895293,74.47
"courage",2383,34897676,74.47
"essentially",2381,34900057,74.48
"manufacturing",2381,34902438,74.48
"wheel",2380,34904818,74.49
"taxpayers",2378,34907196,74.49
"gap",2375,34909571,74.5
"visits",2375,34911946,74.5
"affordable",2374,34914320,74.51
"dropping",2374,34916694,74.51
"gingrich",2374,34919068,74.52
"jets",2370,34921438,74.52
"bitter",2369,34923807,74.53
"precious",2369,34926176,74.53
"properties",2369,34928545,74.54
"lips",2368,34930913,74.54
"robinson",2368,34933281,74.55
"bonus",2367,34935648,74.55
"shine",2367,34938015,74.56
"controlled",2366,34940381,74.56
"painful",2363,34942744,74.57
"units",2363,34945107,74.57
"gathering",2361,34947468,74.58
"manhattan",2360,34949828,74.58
"covering",2359,34952187,74.59
"horses",2359,34954546,74.59
"argued",2358,34956904,74.6
"awhile",2358,34959262,74.6
"iran",2357,34961619,74.61
"lab",2357,34963976,74.61
"entering",2356,34966332,74.62
"founded",2356,34968688,74.62
"yum",2356,34971044,74.63
"elite",2355,34973399,74.63
"twin",2355,34975754,74.64
"load",2354,34978108,74.64
"severe",2353,34980461,74.65
"smiling",2353,34982814,74.65
"tyler",2353,34985167,74.66
"iraq",2350,34987517,74.66
"partnership",2350,34989867,74.67
"multi",2349,34992216,74.67
"blake",2348,34994564,74.68
"punk",2347,34996911,74.68
"toys",2347,34999258,74.69
"moral",2346,35001604,74.69
"blend",2345,35003949,74.7
"discussed",2345,35006294,74.7
"linked",2343,35008637,74.71
"chip",2341,35010978,74.71
"rolled",2341,35013319,74.72
"bath",2340,35015659,74.72
"bucks",2340,35017999,74.73
"documentary",2340,35020339,74.73
"listened",2337,35022676,74.74
"vast",2336,35025012,74.74
"kate",2335,35027347,74.75
"speaks",2335,35029682,74.75
"laden",2334,35032016,74.76
"gardens",2331,35034347,74.76
"nurse",2331,35036678,74.77
"reflect",2331,35039009,74.77
"begun",2330,35041339,74.78
"oscar",2330,35043669,74.78
"landscape",2328,35045997,74.79
"seniors",2327,35048324,74.79
"governments",2326,35050650,74.8
"honored",2325,35052975,74.8
"celebrity",2324,35055299,74.81
"transit",2324,35057623,74.81
"marry",2322,35059945,74.82
"assistance",2321,35062266,74.82
"olympic",2321,35064587,74.83
"attractive",2320,35066907,74.83
"temporary",2320,35069227,74.84
"causing",2319,35071546,74.84
"educational",2318,35073864,74.85
"boots",2317,35076181,74.85
"derby",2316,35078497,74.86
"colleagues",2315,35080812,74.86
"fbi",2315,35083127,74.87
"hug",2315,35085442,74.87
"aaron",2312,35087754,74.88
"sudden",2312,35090066,74.88
"grilled",2311,35092377,74.89
"steven",2311,35094688,74.89
"succeed",2311,35096999,74.9
"sf",2308,35099307,74.9
"dealer",2307,35101614,74.91
"priority",2307,35103921,74.91
"repair",2307,35106228,74.92
"rolls",2306,35108534,74.92
"nbc",2305,35110839,74.93
"entertaining",2304,35113143,74.93
"publicly",2304,35115447,74.94
"cycle",2303,35117750,74.94
"ross",2303,35120053,74.95
"spoken",2302,35122355,74.95
"idol",2301,35124656,74.96
"factory",2300,35126956,74.96
"donations",2299,35129255,74.97
"fought",2299,35131554,74.97
"rail",2299,35133853,74.98
"jokes",2298,35136151,74.98
"deck",2296,35138447,74.99
"newly",2296,35140743,74.99
"lyrics",2294,35143037,75
"temple",2294,35145331,75
"criticism",2293,35147624,75.01
"deeper",2293,35149917,75.01
"streak",2293,35152210,75.02
"forgive",2292,35154502,75.02
"visual",2291,35156793,75.03
"bat",2288,35159081,75.03
"registered",2288,35161369,75.03
"airlines",2286,35163655,75.04
"depression",2286,35165941,75.04
"column",2284,35168225,75.05
"failing",2284,35170509,75.05
"kit",2283,35172792,75.06
"nonprofit",2283,35175075,75.06
"saints",2283,35177358,75.07
"holes",2282,35179640,75.07
"pitcher",2282,35181922,75.08
"collective",2281,35184203,75.08
"document",2281,35186484,75.09
"factors",2281,35188765,75.09
"friendship",2280,35191045,75.1
"chick",2279,35193324,75.1
"attorneys",2278,35195602,75.11
"hung",2278,35197880,75.11
"convicted",2277,35200157,75.12
"electronic",2277,35202434,75.12
"overnight",2277,35204711,75.13
"backed",2275,35206986,75.13
"peak",2275,35209261,75.14
"pen",2275,35211536,75.14
"rams",2275,35213811,75.15
"badly",2273,35216084,75.15
"description",2273,35218357,75.16
"kingdom",2271,35220628,75.16
"encouraged",2270,35222898,75.17
"hubby",2270,35225168,75.17
"statements",2270,35227438,75.18
"susan",2270,35229708,75.18
"chairs",2265,35231973,75.19
"russell",2264,35234237,75.19
"waking",2264,35236501,75.2
"interior",2263,35238764,75.2
"shadow",2263,35241027,75.2
"daughters",2262,35243289,75.21
"creativity",2261,35245550,75.21
"desperate",2260,35247810,75.22
"sample",2260,35250070,75.22
"consistent",2259,35252329,75.23
"tiger",2258,35254587,75.23
"chamber",2255,35256842,75.24
"amen",2254,35259096,75.24
"closet",2253,35261349,75.25
"insane",2253,35263602,75.25
"maker",2253,35265855,75.26
"legislative",2252,35268107,75.26
"hospitals",2251,35270358,75.27
"custom",2250,35272608,75.27
"embrace",2249,35274857,75.28
"philly",2249,35277106,75.28
"recognized",2249,35279355,75.29
"pilot",2248,35281603,75.29
"longtime",2246,35283849,75.3
"pr",2246,35286095,75.3
"analyst",2245,35288340,75.31
"laying",2245,35290585,75.31
"creates",2243,35292828,75.32
"bankruptcy",2242,35295070,75.32
"johnny",2241,35297311,75.32
"resume",2241,35299552,75.33
"skill",2241,35301793,75.33
"admission",2240,35304033,75.34
"cried",2240,35306273,75.34
"relevant",2240,35308513,75.35
"oz",2239,35310752,75.35
"wire",2239,35312991,75.36
"duck",2238,35315229,75.36
"promises",2237,35317466,75.37
"thrilled",2237,35319703,75.37
"venture",2237,35321940,75.38
"script",2236,35324176,75.38
"destination",2234,35326410,75.39
"gathered",2233,35328643,75.39
"handful",2233,35330876,75.4
"loaded",2233,35333109,75.4
"allegedly",2232,35335341,75.41
"chuck",2232,35337573,75.41
"imagination",2231,35339804,75.42
"russian",2229,35342033,75.42
"android",2228,35344261,75.43
"indianapolis",2228,35346489,75.43
"overtime",2228,35348717,75.43
"opinions",2226,35350943,75.44
"passengers",2226,35353169,75.44
"attempted",2225,35355394,75.45
"suffer",2225,35357619,75.45
"courts",2224,35359843,75.46
"discount",2224,35362067,75.46
"employers",2223,35364290,75.47
"complaint",2222,35366512,75.47
"patience",2220,35368732,75.48
"submit",2219,35370951,75.48
"forum",2218,35373169,75.49
"collins",2217,35375386,75.49
"testimony",2217,35377603,75.5
"discovery",2216,35379819,75.5
"lifestyle",2216,35382035,75.51
"potentially",2216,35384251,75.51
"collect",2215,35386466,75.52
"musicians",2215,35388681,75.52
"surrounded",2215,35390896,75.52
"communications",2214,35393110,75.53
"researchers",2213,35395323,75.53
"sorts",2213,35397536,75.54
"onions",2212,35399748,75.54
"phase",2212,35401960,75.55
"proved",2211,35404171,75.55
"va",2211,35406382,75.56
"brush",2210,35408592,75.56
"hood",2210,35410802,75.57
"sean",2210,35413012,75.57
"survived",2210,35415222,75.58
"mon",2209,35417431,75.58
"pennsylvania",2209,35419640,75.59
"giveaway",2207,35421847,75.59
"flag",2206,35424053,75.6
"jessica",2206,35426259,75.6
"delay",2204,35428463,75.6
"northwest",2204,35430667,75.61
"luxury",2202,35432869,75.61
"recommendations",2202,35435071,75.62
"regret",2201,35437272,75.62
"stations",2201,35439473,75.63
"surprising",2201,35441674,75.63
"assets",2200,35443874,75.64
"hint",2200,35446074,75.64
"marked",2200,35448274,75.65
"sized",2199,35450473,75.65
"complain",2198,35452671,75.66
"laughed",2197,35454868,75.66
"ps",2197,35457065,75.67
"venue",2197,35459262,75.67
"actress",2196,35461458,75.68
"genre",2196,35463654,75.68
"phrase",2196,35465850,75.68
"landed",2193,35468043,75.69
"sentiment",2193,35470236,75.69
"outcome",2190,35472426,75.7
"bits",2189,35474615,75.7
"healing",2189,35476804,75.71
"replied",2189,35478993,75.71
"lighting",2188,35481181,75.72
"absolute",2187,35483368,75.72
"runners",2187,35485555,75.73
"ireland",2186,35487741,75.73
"liquid",2186,35489927,75.74
"darkness",2185,35492112,75.74
"choosing",2184,35494296,75.75
"complaints",2184,35496480,75.75
"string",2184,35498664,75.75
"worn",2183,35500847,75.76
"tastes",2181,35503028,75.76
"hurry",2180,35505208,75.77
"protein",2180,35507388,75.77
"requests",2180,35509568,75.78
"allegations",2175,35511743,75.78
"heritage",2175,35513918,75.79
"tender",2173,35516091,75.79
"shoe",2172,35518263,75.8
"memphis",2171,35520434,75.8
"edwards",2169,35522603,75.81
"jewelry",2169,35524772,75.81
"mayo",2169,35526941,75.81
"privacy",2168,35529109,75.82
"referring",2168,35531277,75.82
"initiative",2167,35533444,75.83
"reveal",2167,35535611,75.83
"highlight",2166,35537777,75.84
"michelle",2166,35539943,75.84
"bones",2165,35542108,75.85
"fascinating",2165,35544273,75.85
"goodbye",2165,35546438,75.86
"adopted",2164,35548602,75.86
"oak",2163,35550765,75.87
"anne",2162,35552927,75.87
"basket",2162,35555089,75.88
"hosted",2161,35557250,75.88
"jacket",2161,35559411,75.88
"sake",2161,35561572,75.89
"couples",2159,35563731,75.89
"patterns",2159,35565890,75.9
"ipod",2157,35568047,75.9
"simon",2157,35570204,75.91
"knocked",2156,35572360,75.91
"ministry",2156,35574516,75.92
"christopher",2155,35576671,75.92
"sponsored",2154,35578825,75.93
"contrast",2153,35580978,75.93
"princess",2153,35583131,75.93
"protesters",2152,35585283,75.94
"ted",2152,35587435,75.94
"waters",2152,35589587,75.95
"tasty",2151,35591738,75.95
"cameras",2150,35593888,75.96
"episodes",2149,35596037,75.96
"novels",2149,35598186,75.97
"brands",2148,35600334,75.97
"roasted",2148,35602482,75.98
"breathe",2147,35604629,75.98
"skip",2147,35606776,75.99
"weekends",2147,35608923,75.99
"alert",2145,35611068,75.99
"homemade",2145,35613213,76
"kobe",2145,35615358,76
"antonio",2144,35617502,76.01
"throws",2144,35619646,76.01
"unexpected",2144,35621790,76.02
"sec",2142,35623932,76.02
"networking",2141,35626073,76.03
"bull",2139,35628212,76.03
"tampa",2138,35630350,76.04
"commerce",2137,35632487,76.04
"courses",2137,35634624,76.04
"newest",2136,35636760,76.05
"screening",2136,35638896,76.05
"sponsor",2136,35641032,76.06
"billy",2135,35643167,76.06
"ruled",2135,35645302,76.07
"ken",2133,35647435,76.07
"sacrifice",2132,35649567,76.08
"unlikely",2132,35651699,76.08
"warned",2132,35653831,76.09
"instagram",2131,35655962,76.09
"rutgers",2131,35658093,76.09
"twins",2131,35660224,76.1
"craig",2129,35662353,76.1
"nicely",2129,35664482,76.11
"sounded",2129,35666611,76.11
"trailer",2129,35668740,76.12
"brunch",2127,35670867,76.12
"lame",2126,35672993,76.13
"bold",2125,35675118,76.13
"collected",2125,35677243,76.14
"dressing",2125,35679368,76.14
"duke",2125,35681493,76.14
"assists",2124,35683617,76.15
"lock",2124,35685741,76.15
"shelter",2124,35687865,76.16
"mountains",2123,35689988,76.16
"slice",2123,35692111,76.17
"blessing",2122,35694233,76.17
"spell",2122,35696355,76.18
"wallace",2122,35698477,76.18
"yrs",2122,35700599,76.19
"ties",2121,35702720,76.19
"abc",2119,35704839,76.19
"luke",2119,35706958,76.2
"repeatedly",2119,35709077,76.2
"mi",2117,35711194,76.21
"belly",2116,35713310,76.21
"hunting",2115,35715425,76.22
"niggas",2114,35717539,76.22
"battery",2113,35719652,76.23
"worship",2113,35721765,76.23
"independence",2112,35723877,76.24
"impression",2111,35725988,76.24
"burned",2110,35728098,76.24
"hr",2110,35730208,76.25
"spray",2110,35732318,76.25
"contains",2109,35734427,76.26
"springs",2107,35736534,76.26
"pitching",2106,35738640,76.27
"websites",2106,35740746,76.27
"gordon",2105,35742851,76.28
"lonely",2105,35744956,76.28
"motivation",2105,35747061,76.28
"obsessed",2104,35749165,76.29
"oldest",2104,35751269,76.29
"starbucks",2104,35753373,76.3
"earnings",2103,35755476,76.3
"represented",2103,35757579,76.31
"tested",2103,35759682,76.31
"roster",2102,35761784,76.32
"struggled",2102,35763886,76.32
"alabama",2100,35765986,76.33
"behalf",2100,35768086,76.33
"cruise",2100,35770186,76.33
"differences",2098,35772284,76.34
"expenses",2096,35774380,76.34
"odds",2096,35776476,76.35
"packers",2096,35778572,76.35
"ravens",2096,35780668,76.36
"whitney",2095,35782763,76.36
"explains",2094,35784857,76.37
"le",2094,35786951,76.37
"southwest",2094,35789045,76.37
"exam",2093,35791138,76.38
"jake",2093,35793231,76.38
"caps",2092,35795323,76.39
"dat",2092,35797415,76.39
"er",2092,35799507,76.4
"legacy",2092,35801599,76.4
"lined",2092,35803691,76.41
"accomplished",2091,35805782,76.41
"dean",2091,35807873,76.41
"parker",2091,35809964,76.42
"rejected",2091,35812055,76.42
"touched",2090,35814145,76.43
"declared",2088,35816233,76.43
"cubs",2087,35818320,76.44
"engineering",2087,35820407,76.44
"ordinary",2087,35822494,76.45
"peeps",2087,35824581,76.45
"institutions",2086,35826667,76.45
"morris",2085,35828752,76.46
"reads",2085,35830837,76.46
"bother",2084,35832921,76.47
"fears",2084,35835005,76.47
"universal",2084,35837089,76.48
"ninth",2083,35839172,76.48
"outfit",2083,35841255,76.49
"pleasant",2083,35843338,76.49
"bonds",2082,35845420,76.49
"salmon",2082,35847502,76.5
"dawn",2079,35849581,76.5
"deaths",2078,35851659,76.51
"ease",2078,35853737,76.51
"harm",2077,35855814,76.52
"topics",2076,35857890,76.52
"fits",2073,35859963,76.53
"ceiling",2072,35862035,76.53
"extension",2071,35864106,76.53
"scientists",2071,35866177,76.54
"instant",2070,35868247,76.54
"supports",2070,35870317,76.55
"physically",2069,35872386,76.55
"defend",2068,35874454,76.56
"topped",2068,35876522,76.56
"ginger",2067,35878589,76.57
"legend",2067,35880656,76.57
"circuit",2066,35882722,76.57
"fest",2066,35884788,76.58
"wooden",2066,35886854,76.58
"computers",2065,35888919,76.59
"heels",2065,35890984,76.59
"kyle",2065,35893049,76.6
"regulations",2065,35895114,76.6
"requirements",2063,35897177,76.61
"asap",2062,35899239,76.61
"consequences",2062,35901301,76.61
"referred",2062,35903363,76.62
"acknowledged",2061,35905424,76.62
"auction",2061,35907485,76.63
"occasion",2061,35909546,76.63
"appointed",2060,35911606,76.64
"blah",2060,35913666,76.64
"exit",2060,35915726,76.64
"gospel",2060,35917786,76.65
"managing",2060,35919846,76.65
"scheme",2060,35921906,76.66
"wright",2060,35923966,76.66
"nationwide",2058,35926024,76.67
"worldwide",2058,35928082,76.67
"amounts",2057,35930139,76.68
"pregnancy",2057,35932196,76.68
"sore",2057,35934253,76.68
"broadcast",2056,35936309,76.69
"nelson",2055,35938364,76.69
"peanut",2054,35940418,76.7
"wells",2054,35942472,76.7
"banana",2053,35944525,76.71
"formal",2053,35946578,76.71
"magical",2053,35948631,76.71
"participating",2052,35950683,76.72
"prep",2052,35952735,76.72
"conclusion",2051,35954786,76.73
"hawaii",2051,35956837,76.73
"penn",2050,35958887,76.74
"rachel",2050,35960937,76.74
"files",2049,35962986,76.75
"aspect",2048,35965034,76.75
"bobby",2048,35967082,76.75
"divorce",2046,35969128,76.76
"gig",2045,35971173,76.76
"shrimp",2043,35973216,76.77
"printed",2042,35975258,76.77
"solve",2042,35977300,76.78
"specials",2042,35979342,76.78
"aunt",2041,35981383,76.78
"firefighters",2041,35983424,76.79
"spaces",2040,35985464,76.79
"pale",2038,35987502,76.8
"resource",2038,35989540,76.8
"shorts",2038,35991578,76.81
"trending",2038,35993616,76.81
"engage",2037,35995653,76.82
"innovation",2036,35997689,76.82
"shaped",2036,35999725,76.82
"vikings",2036,36001761,76.83
"donate",2035,36003796,76.83
"pays",2035,36005831,76.84
"sits",2035,36007866,76.84
"trucks",2035,36009901,76.85
"zoo",2035,36011936,76.85
"professionals",2034,36013970,76.85
"exception",2033,36016003,76.86
"emily",2032,36018035,76.86
"kicking",2032,36020067,76.87
"cincinnati",2029,36022096,76.87
"blocked",2028,36024124,76.88
"checks",2028,36026152,76.88
"commit",2027,36028179,76.88
"greece",2027,36030206,76.89
"profits",2027,36032233,76.89
"bbq",2025,36034258,76.9
"inspire",2025,36036283,76.9
"signature",2025,36038308,76.91
"stocks",2024,36040332,76.91
"del",2023,36042355,76.91
"executives",2023,36044378,76.92
"alarm",2022,36046400,76.92
"citizen",2022,36048422,76.93
"ft",2022,36050444,76.93
"highlights",2022,36052466,76.94
"jumping",2022,36054488,76.94
"mount",2022,36056510,76.95
"introduce",2021,36058531,76.95
"grabbed",2020,36060551,76.95
"slide",2020,36062571,76.96
"dare",2019,36064590,76.96
"entrance",2019,36066609,76.97
"maintenance",2019,36068628,76.97
"taco",2019,36070647,76.98
"clubs",2018,36072665,76.98
"copies",2018,36074683,76.98
"cupcakes",2018,36076701,76.99
"smells",2018,36078719,76.99
"connections",2017,36080736,77
"frustrated",2017,36082753,77
"publisher",2016,36084769,77.01
"roman",2016,36086785,77.01
"whilst",2015,36088800,77.01
"snap",2014,36090814,77.02
"itunes",2012,36092826,77.02
"dirt",2011,36094837,77.03
"breathing",2009,36096846,77.03
"expansion",2008,36098854,77.04
"lowest",2008,36100862,77.04
"buffalo",2007,36102869,77.04
"dried",2007,36104876,77.05
"basement",2006,36106882,77.05
"literature",2006,36108888,77.06
"opera",2006,36110894,77.06
"spin",2006,36112900,77.07
"crown",2005,36114905,77.07
"discussing",2005,36116910,77.07
"submitted",2004,36118914,77.08
"widely",2004,36120918,77.08
"cheer",2003,36122921,77.09
"prospect",2003,36124924,77.09
"funded",2002,36126926,77.1
"illness",2001,36128927,77.1
"involves",2001,36130928,77.1
"slept",2000,36132928,77.11
"jefferson",1999,36134927,77.11
"wondered",1999,36136926,77.12
"quotes",1998,36138924,77.12
"finale",1997,36140921,77.13
"aged",1996,36142917,77.13
"conducted",1996,36144913,77.13
"orchestra",1996,36146909,77.14
"representatives",1996,36148905,77.14
"warren",1996,36150901,77.15
"crush",1995,36152896,77.15
"rural",1995,36154891,77.16
"coalition",1994,36156885,77.16
"contributions",1994,36158879,77.16
"height",1994,36160873,77.17
"twist",1994,36162867,77.17
"democracy",1993,36164860,77.18
"philosophy",1993,36166853,77.18
"roger",1993,36168846,77.18
"credits",1992,36170838,77.19
"roles",1992,36172830,77.19
"toy",1992,36174822,77.2
"terry",1991,36176813,77.2
"destroyed",1989,36178802,77.21
"hardest",1987,36180789,77.21
"contain",1985,36182774,77.21
"stanford",1984,36184758,77.22
"brad",1982,36186740,77.22
"christians",1982,36188722,77.23
"detailed",1982,36190704,77.23
"hotels",1982,36192686,77.24
"tattoo",1982,36194668,77.24
"hawks",1981,36196649,77.24
"surprisingly",1981,36198630,77.25
"generous",1980,36200610,77.25
"aspects",1979,36202589,77.26
"command",1979,36204568,77.26
"fries",1979,36206547,77.27
"drops",1978,36208525,77.27
"longest",1978,36210503,77.27
"timing",1978,36212481,77.28
"audio",1977,36214458,77.28
"blown",1977,36216435,77.29
"concrete",1977,36218412,77.29
"acres",1976,36220388,77.29
"headquarters",1976,36222364,77.3
"marine",1976,36224340,77.3
"steady",1976,36226316,77.31
"creepy",1973,36228289,77.31
"expression",1973,36230262,77.32
"kindle",1973,36232235,77.32
"theft",1973,36234208,77.32
"anna",1972,36236180,77.33
"fate",1972,36238152,77.33
"styles",1972,36240124,77.34
"climb",1971,36242095,77.34
"cure",1970,36244065,77.35
"efficient",1968,36246033,77.35
"judgment",1968,36248001,77.35
"abandoned",1967,36249968,77.36
"nursing",1966,36251934,77.36
"pg",1966,36253900,77.37
"pile",1965,36255865,77.37
"squad",1965,36257830,77.37
"differently",1963,36259793,77.38
"swim",1963,36261756,77.38
"personnel",1961,36263717,77.39
"reward",1960,36265677,77.39
"scandal",1960,36267637,77.4
"jews",1959,36269596,77.4
"stunning",1959,36271555,77.4
"apparent",1958,36273513,77.41
"pac",1958,36275471,77.41
"producing",1955,36277426,77.42
"lions",1954,36279380,77.42
"masters",1954,36281334,77.42
"stuffed",1954,36283288,77.43
"innocent",1953,36285241,77.43
"turner",1953,36287194,77.44
"household",1952,36289146,77.44
"directions",1951,36291097,77.45
"directors",1951,36293048,77.45
"humanity",1951,36294999,77.45
"sooner",1951,36296950,77.46
"waves",1951,36298901,77.46
"beloved",1950,36300851,77.47
"drives",1950,36302801,77.47
"defeat",1949,36304750,77.47
"pleaded",1949,36306699,77.48
"contribute",1948,36308647,77.48
"booked",1946,36310593,77.49
"capture",1945,36312538,77.49
"sushi",1945,36314483,77.5
"crystal",1944,36316427,77.5
"engagement",1943,36318370,77.5
"exposed",1942,36320312,77.51
"folk",1942,36322254,77.51
"accurate",1941,36324195,77.52
"earthquake",1941,36326136,77.52
"charlotte",1940,36328076,77.52
"pursue",1940,36330016,77.53
"technique",1939,36331955,77.53
"element",1938,36333893,77.54
"saint",1938,36335831,77.54
"teammates",1938,36337769,77.55
"throat",1938,36339707,77.55
"towns",1938,36341645,77.55
"capitol",1937,36343582,77.56
"empire",1937,36345519,77.56
"mcdonald",1936,36347455,77.57
"gently",1935,36349390,77.57
"jonathan",1935,36351325,77.57
"filing",1934,36353259,77.58
"designers",1932,36355191,77.58
"flights",1932,36357123,77.59
"jeremy",1932,36359055,77.59
"networks",1931,36360986,77.59
"sketch",1931,36362917,77.6
"assist",1930,36364847,77.6
"buzz",1930,36366777,77.61
"rings",1930,36368707,77.61
"dialogue",1929,36370636,77.62
"estimates",1929,36372565,77.62
"exposure",1929,36374494,77.62
"improving",1929,36376423,77.63
"bloggers",1928,36378351,77.63
"sub",1927,36380278,77.64
"zimmerman",1927,36382205,77.64
"alongside",1926,36384131,77.64
"compare",1926,36386057,77.65
"patriots",1926,36387983,77.65
"grounds",1925,36389908,77.66
"laura",1925,36391833,77.66
"socks",1925,36393758,77.66
"anxiety",1924,36395682,77.67
"habit",1924,36397606,77.67
"faculty",1923,36399529,77.68
"poem",1922,36401451,77.68
"russia",1922,36403373,77.69
"reception",1921,36405294,77.69
"hiding",1920,36407214,77.69
"sensitive",1920,36409134,77.7
"edward",1919,36411053,77.7
"stays",1919,36412972,77.71
"foul",1918,36414890,77.71
"lovers",1918,36416808,77.71
"wheat",1918,36418726,77.72
"focusing",1917,36420643,77.72
"instructions",1917,36422560,77.73
"tan",1917,36424477,77.73
"literary",1916,36426393,77.73
"demands",1915,36428308,77.74
"crisp",1914,36430222,77.74
"cited",1913,36432135,77.75
"effectively",1912,36434047,77.75
"soil",1911,36435958,77.75
"tribute",1911,36437869,77.76
"strongly",1910,36439779,77.76
"muscle",1909,36441688,77.77
"gender",1908,36443596,77.77
"slight",1908,36445504,77.78
"sophomore",1908,36447412,77.78
"plaza",1907,36449319,77.78
"approximately",1906,36451225,77.79
"boulevard",1906,36453131,77.79
"flood",1906,36455037,77.8
"republic",1906,36456943,77.8
"rocky",1906,36458849,77.8
"stranger",1906,36460755,77.81
"brick",1905,36462660,77.81
"refuse",1902,36464562,77.82
"championships",1901,36466463,77.82
"ranch",1901,36468364,77.82
"spotted",1901,36470265,77.83
"wolf",1901,36472166,77.83
"replacement",1900,36474066,77.84
"titanic",1899,36475965,77.84
"balanced",1898,36477863,77.84
"coconut",1898,36479761,77.85
"texting",1898,36481659,77.85
"operate",1896,36483555,77.86
"swag",1896,36485451,77.86
"arguments",1895,36487346,77.86
"shy",1895,36489241,77.87
"buyers",1894,36491135,77.87
"managers",1894,36493029,77.88
"crossing",1893,36494922,77.88
"bow",1890,36496812,77.88
"cameron",1890,36498702,77.89
"pretend",1890,36500592,77.89
"castle",1889,36502481,77.9
"treats",1889,36504370,77.9
"clouds",1888,36506258,77.9
"korea",1888,36508146,77.91
"plates",1887,36510033,77.91
"exhibition",1886,36511919,77.92
"nhl",1886,36513805,77.92
"rounds",1886,36515691,77.92
"firms",1885,36517576,77.93
"bud",1884,36519460,77.93
"pit",1884,36521344,77.94
"soda",1884,36523228,77.94
"eaten",1883,36525111,77.95
"griffin",1883,36526994,77.95
"lawn",1881,36528875,77.95
"clue",1880,36530755,77.96
"fence",1879,36532634,77.96
"trenton",1879,36534513,77.97
"lightly",1878,36536391,77.97
"developer",1875,36538266,77.97
"mitchell",1875,36540141,77.98
"strikes",1875,36542016,77.98
"albert",1874,36543890,77.99
"comparison",1874,36545764,77.99
"explanation",1874,36547638,77.99
"semi",1873,36549511,78
"staring",1873,36551384,78
"machines",1872,36553256,78.01
"narrow",1872,36555128,78.01
"coordinator",1871,36556999,78.01
"representing",1871,36558870,78.02
"threatened",1871,36560741,78.02
"motor",1870,36562611,78.03
"minneapolis",1869,36564480,78.03
"spam",1869,36566349,78.03
"baker",1866,36568215,78.04
"celebrated",1866,36570081,78.04
"clever",1866,36571947,78.05
"pastor",1866,36573813,78.05
"rap",1865,36575678,78.05
"threatening",1865,36577543,78.06
"bang",1863,36579406,78.06
"libraries",1863,36581269,78.06
"edges",1861,36583130,78.07
"forecast",1861,36584991,78.07
"superintendent",1861,36586852,78.08
"utah",1861,36588713,78.08
"invest",1860,36590573,78.08
"techniques",1860,36592433,78.09
"exclusive",1859,36594292,78.09
"nails",1859,36596151,78.1
"statistics",1859,36598010,78.1
"discussions",1858,36599868,78.1
"lottery",1858,36601726,78.11
"locker",1856,36603582,78.11
"leather",1855,36605437,78.12
"preparation",1855,36607292,78.12
"senator",1854,36609146,78.12
"fortune",1853,36610999,78.13
"practical",1851,36612850,78.13
"scratch",1851,36614701,78.14
"stole",1851,36616552,78.14
"crucial",1850,36618402,78.14
"gather",1850,36620252,78.15
"mph",1850,36622102,78.15
"photographer",1850,36623952,78.16
"drag",1849,36625801,78.16
"overcome",1849,36627650,78.16
"tours",1848,36629498,78.17
"blowing",1847,36631345,78.17
"diamond",1847,36633192,78.18
"producers",1847,36635039,78.18
"risks",1847,36636886,78.18
"clippers",1846,36638732,78.19
"convince",1845,36640577,78.19
"defined",1845,36642422,78.2
"exists",1845,36644267,78.2
"seemingly",1845,36646112,78.2
"chili",1844,36647956,78.21
"lit",1844,36649800,78.21
"raises",1844,36651644,78.22
"bloody",1843,36653487,78.22
"caring",1843,36655330,78.22
"cops",1843,36657173,78.23
"pumpkin",1843,36659016,78.23
"format",1842,36660858,78.23
"intent",1842,36662700,78.24
"witnesses",1842,36664542,78.24
"extent",1841,36666383,78.25
"formula",1840,36668223,78.25
"associate",1839,36670062,78.25
"electricity",1839,36671901,78.26
"lamb",1839,36673740,78.26
"scientific",1839,36675579,78.27
"graphic",1838,36677417,78.27
"nail",1838,36679255,78.27
"palm",1838,36681093,78.28
"object",1836,36682929,78.28
"guarantee",1835,36684764,78.29
"texture",1835,36686599,78.29
"sweat",1834,36688433,78.29
"potter",1833,36690266,78.3
"adventures",1832,36692098,78.3
"lover",1832,36693930,78.31
"rainy",1832,36695762,78.31
"lime",1831,36697593,78.31
"occur",1831,36699424,78.32
"scream",1831,36701255,78.32
"toast",1831,36703086,78.32
"asia",1830,36704916,78.33
"brew",1830,36706746,78.33
"clay",1830,36708576,78.34
"endless",1830,36710406,78.34
"casual",1829,36712235,78.34
"massage",1829,36714064,78.35
"tennis",1829,36715893,78.35
"mum",1828,36717721,78.36
"significantly",1828,36719549,78.36
"virtual",1827,36721376,78.36
"encouraging",1825,36723201,78.37
"hrs",1825,36725026,78.37
"scholarship",1825,36726851,78.38
"timbers",1825,36728676,78.38
"barbara",1824,36730500,78.38
"entries",1824,36732324,78.39
"bail",1821,36734145,78.39
"prizes",1821,36735966,78.4
"shipping",1821,36737787,78.4
"partly",1820,36739607,78.4
"ridge",1820,36741427,78.41
"logo",1819,36743246,78.41
"miracle",1819,36745065,78.41
"aim",1818,36746883,78.42
"blessings",1818,36748701,78.42
"healthcare",1818,36750519,78.43
"spurs",1818,36752337,78.43
"alan",1817,36754154,78.43
"euro",1817,36755971,78.44
"fridge",1817,36757788,78.44
"vancouver",1815,36759603,78.45
"lbs",1814,36761417,78.45
"affair",1813,36763230,78.45
"recalled",1812,36765042,78.46
"winds",1812,36766854,78.46
"toronto",1811,36768665,78.46
"approached",1810,36770475,78.47
"alexander",1809,36772284,78.47
"appeals",1809,36774093,78.48
"luckily",1808,36775901,78.48
"advocates",1807,36777708,78.48
"motivated",1806,36779514,78.49
"autism",1805,36781319,78.49
"eligible",1805,36783124,78.5
"promotion",1805,36784929,78.5
"relaxing",1805,36786734,78.5
"toll",1805,36788539,78.51
"torn",1805,36790344,78.51
"vegan",1805,36792149,78.51
"representative",1803,36793952,78.52
"versions",1803,36795755,78.52
"absence",1801,36797556,78.53
"nike",1800,36799356,78.53
"requested",1800,36801156,78.53
"carries",1799,36802955,78.54
"extend",1799,36804754,78.54
"fred",1799,36806553,78.55
"settlement",1799,36808352,78.55
"reservations",1798,36810150,78.55
"spicy",1798,36811948,78.56
"consultant",1797,36813745,78.56
"hugs",1797,36815542,78.56
"rental",1797,36817339,78.57
"bee",1795,36819134,78.57
"publishers",1795,36820929,78.58
"methods",1794,36822723,78.58
"traded",1794,36824517,78.58
"dresses",1793,36826310,78.59
"keith",1791,36828101,78.59
"snack",1791,36829892,78.6
"beneath",1790,36831682,78.6
"campbell",1789,36833471,78.6
"approve",1788,36835259,78.61
"improvements",1788,36837047,78.61
"brave",1786,36838833,78.61
"exhausted",1786,36840619,78.62
"symptoms",1786,36842405,78.62
"experiment",1785,36844190,78.63
"ownership",1784,36845974,78.63
"secrets",1784,36847758,78.63
"resist",1781,36849539,78.64
"nancy",1780,36851319,78.64
"heroes",1779,36853098,78.64
"ignored",1779,36854877,78.65
"teenage",1779,36856656,78.65
"champions",1778,36858434,78.66
"cole",1778,36860212,78.66
"sleepy",1778,36861990,78.66
"terrific",1778,36863768,78.67
"attract",1777,36865545,78.67
"gains",1777,36867322,78.68
"attacked",1776,36869098,78.68
"stressed",1776,36870874,78.68
"albums",1775,36872649,78.69
"divine",1775,36874424,78.69
"homer",1774,36876198,78.69
"indy",1773,36877971,78.7
"objects",1773,36879744,78.7
"utility",1773,36881517,78.71
"extraordinary",1772,36883289,78.71
"patio",1772,36885061,78.71
"primarily",1772,36886833,78.72
"sang",1772,36888605,78.72
"donald",1771,36890376,78.72
"maximum",1771,36892147,78.73
"permission",1771,36893918,78.73
"rely",1771,36895689,78.74
"graduated",1770,36897459,78.74
"zombie",1770,36899229,78.74
"carpet",1769,36900998,78.75
"discipline",1769,36902767,78.75
"raining",1769,36904536,78.75
"jean",1767,36906303,78.76
"recognition",1767,36908070,78.76
"speakers",1767,36909837,78.77
"doug",1766,36911603,78.77
"eagles",1766,36913369,78.77
"competing",1765,36915134,78.78
"leaf",1765,36916899,78.78
"photographs",1765,36918664,78.78
"sticks",1765,36920429,78.79
"tennessee",1765,36922194,78.79
"mercy",1763,36923957,78.8
"narrative",1763,36925720,78.8
"vegetable",1763,36927483,78.8
"packing",1762,36929245,78.81
"relatives",1761,36931006,78.81
"appreciation",1760,36932766,78.82
"briefly",1760,36934526,78.82
"membership",1760,36936286,78.82
"mg",1760,36938046,78.83
"pointing",1760,36939806,78.83
"trainer",1760,36941566,78.83
"accepting",1757,36943323,78.84
"apologize",1757,36945080,78.84
"installed",1757,36946837,78.85
"passenger",1756,36948593,78.85
"define",1755,36950348,78.85
"bo",1754,36952102,78.86
"belong",1752,36953854,78.86
"nuggets",1752,36955606,78.86
"visible",1752,36957358,78.87
"infrastructure",1751,36959109,78.87
"uncomfortable",1751,36960860,78.87
"bullying",1750,36962610,78.88
"massachusetts",1750,36964360,78.88
"passage",1750,36966110,78.89
"protected",1750,36967860,78.89
"eu",1749,36969609,78.89
"knees",1749,36971358,78.9
"controversial",1748,36973106,78.9
"cooper",1748,36974854,78.9
"disagree",1748,36976602,78.91
"promoting",1748,36978350,78.91
"lawrence",1747,36980097,78.92
"pumped",1747,36981844,78.92
"sour",1747,36983591,78.92
"casting",1746,36985337,78.93
"cbs",1746,36987083,78.93
"shoulders",1746,36988829,78.93
"viewers",1746,36990575,78.94
"tragedy",1745,36992320,78.94
"greatly",1744,36994064,78.95
"cop",1743,36995807,78.95
"grove",1743,36997550,78.95
"bug",1742,36999292,78.96
"donated",1742,37001034,78.96
"roberts",1741,37002775,78.96
"robin",1741,37004516,78.97
"nj",1740,37006256,78.97
"mere",1737,37007993,78.98
"pakistan",1737,37009730,78.98
"poker",1737,37011467,78.98
"ankle",1736,37013203,78.99
"bubble",1735,37014938,78.99
"hike",1735,37016673,78.99
"samples",1735,37018408,79
"polish",1734,37020142,79
"sink",1734,37021876,79.01
"compensation",1733,37023609,79.01
"describes",1733,37025342,79.01
"handling",1733,37027075,79.02
"spare",1731,37028806,79.02
"pin",1730,37030536,79.02
"touchdown",1730,37032266,79.03
"wade",1730,37033996,79.03
"cal",1729,37035725,79.03
"peaceful",1729,37037454,79.04
"uniform",1729,37039183,79.04
"grind",1727,37040910,79.05
"medicare",1727,37042637,79.05
"sunset",1727,37044364,79.05
"cow",1726,37046090,79.06
"damaged",1726,37047816,79.06
"relative",1726,37049542,79.06
"insight",1725,37051267,79.07
"todd",1725,37052992,79.07
"blew",1724,37054716,79.08
"neighborhoods",1724,37056440,79.08
"amid",1723,37058163,79.08
"wi",1723,37059886,79.09
"backs",1722,37061608,79.09
"linda",1721,37063329,79.09
"purposes",1721,37065050,79.1
"happily",1720,37066770,79.1
"showcase",1720,37068490,79.1
"slip",1718,37070208,79.11
"polls",1716,37071924,79.11
"monitor",1715,37073639,79.12
"wed",1715,37075354,79.12
"athlete",1714,37077068,79.12
"boil",1714,37078782,79.13
"ty",1714,37080496,79.13
"wealthy",1714,37082210,79.13
"loop",1713,37083923,79.14
"marshall",1712,37085635,79.14
"skinny",1712,37087347,79.14
"cinnamon",1711,37089058,79.15
"gods",1710,37090768,79.15
"suggestion",1710,37092478,79.16
"cheaper",1709,37094187,79.16
"icon",1708,37095895,79.16
"patent",1708,37097603,79.17
"testified",1708,37099311,79.17
"vampire",1708,37101019,79.17
"arrival",1707,37102726,79.18
"artistic",1707,37104433,79.18
"dragon",1707,37106140,79.18
"hated",1707,37107847,79.19
"mentions",1707,37109554,79.19
"rude",1707,37111261,79.2
"achievement",1706,37112967,79.2
"champagne",1706,37114673,79.2
"slices",1706,37116379,79.21
"sporting",1706,37118085,79.21
"underground",1706,37119791,79.21
"virtually",1706,37121497,79.22
"attempting",1705,37123202,79.22
"defending",1704,37124906,79.23
"sheets",1703,37126609,79.23
"wildlife",1702,37128311,79.23
"eager",1701,37130012,79.24
"stairs",1701,37131713,79.24
"findings",1700,37133413,79.24
"attendance",1699,37135112,79.25
"combat",1699,37136811,79.25
"deserved",1699,37138510,79.25
"proven",1698,37140208,79.26
"shell",1698,37141906,79.26
"roses",1697,37143603,79.26
"commercials",1696,37145299,79.27
"detective",1696,37146995,79.27
"weed",1695,37148690,79.28
"cakes",1694,37150384,79.28
"generations",1694,37152078,79.28
"diversity",1693,37153771,79.29
"captured",1692,37155463,79.29
"importantly",1692,37157155,79.29
"subtle",1691,37158846,79.3
"coal",1690,37160536,79.3
"fold",1690,37162226,79.3
"harbor",1690,37163916,79.31
"mixing",1690,37165606,79.31
"muslims",1690,37167296,79.32
"sandwiches",1690,37168986,79.32
"awarded",1689,37170675,79.32
"rival",1689,37172364,79.33
"spice",1689,37174053,79.33
"karen",1688,37175741,79.33
"alliance",1687,37177428,79.34
"interviewed",1687,37179115,79.34
"mississippi",1687,37180802,79.34
"opener",1687,37182489,79.35
"pending",1687,37184176,79.35
"assessment",1686,37185862,79.36
"establish",1686,37187548,79.36
"lion",1685,37189233,79.36
"pete",1685,37190918,79.37
"airline",1684,37192602,79.37
"ratings",1683,37194285,79.37
"lap",1682,37195967,79.38
"remarkable",1681,37197648,79.38
"verse",1681,37199329,79.38
"celtics",1680,37201009,79.39
"overwhelming",1680,37202689,79.39
"sewing",1680,37204369,79.39
"nomination",1679,37206048,79.4
"accomplish",1677,37207725,79.4
"dip",1677,37209402,79.41
"landing",1677,37211079,79.41
"layers",1677,37212756,79.41
"barry",1676,37214432,79.42
"flesh",1676,37216108,79.42
"jet",1676,37217784,79.42
"fry",1675,37219459,79.43
"gates",1675,37221134,79.43
"iii",1675,37222809,79.43
"complaining",1674,37224483,79.44
"devils",1674,37226157,79.44
"panic",1674,37227831,79.44
"challenged",1673,37229504,79.45
"flew",1673,37231177,79.45
"doc",1672,37232849,79.46
"ham",1672,37234521,79.46
"momentum",1672,37236193,79.46
"enormous",1671,37237864,79.47
"netflix",1671,37239535,79.47
"sentenced",1671,37241206,79.47
"sis",1671,37242877,79.48
"consistently",1670,37244547,79.48
"mentally",1669,37246216,79.48
"thoroughly",1669,37247885,79.49
"brady",1668,37249553,79.49
"deny",1668,37251221,79.49
"dennis",1667,37252888,79.5
"texts",1667,37254555,79.5
"bases",1666,37256221,79.51
"et",1666,37257887,79.51
"pitched",1665,37259552,79.51
"yogurt",1665,37261217,79.52
"backyard",1664,37262881,79.52
"bean",1664,37264545,79.52
"carl",1664,37266209,79.53
"costume",1664,37267873,79.53
"smiles",1664,37269537,79.53
"puppy",1663,37271200,79.54
"sausage",1663,37272863,79.54
"targeted",1663,37274526,79.54
"beliefs",1662,37276188,79.55
"enemies",1662,37277850,79.55
"successfully",1662,37279512,79.55
"collecting",1661,37281173,79.56
"disabled",1661,37282834,79.56
"feeding",1661,37284495,79.57
"possibilities",1661,37286156,79.57
"vital",1661,37287817,79.57
"achieved",1660,37289477,79.58
"hometown",1660,37291137,79.58
"negotiations",1660,37292797,79.58
"questioned",1660,37294457,79.59
"server",1660,37296117,79.59
"distribution",1658,37297775,79.59
"gentle",1658,37299433,79.6
"grades",1658,37301091,79.6
"mild",1658,37302749,79.6
"garbage",1657,37304406,79.61
"trends",1656,37306062,79.61
"churches",1655,37307717,79.62
"encounter",1654,37309371,79.62
"travels",1654,37311025,79.62
"whoa",1654,37312679,79.63
"investigating",1653,37314332,79.63
"maria",1653,37315985,79.63
"outs",1653,37317638,79.64
"hitter",1652,37319290,79.64
"poster",1652,37320942,79.64
"compromise",1651,37322593,79.65
"delayed",1651,37324244,79.65
"involve",1651,37325895,79.65
"rear",1650,37327545,79.66
"evans",1649,37329194,79.66
"aimed",1648,37330842,79.66
"ranks",1648,37332490,79.67
"syrup",1648,37334138,79.67
"conscious",1647,37335785,79.68
"dot",1646,37337431,79.68
"paintings",1646,37339077,79.68
"timeline",1646,37340723,79.69
"danny",1645,37342368,79.69
"expanded",1645,37344013,79.69
"rated",1645,37345658,79.7
"matches",1644,37347302,79.7
"yahoo",1644,37348946,79.7
"spreading",1643,37350589,79.71
"subway",1643,37352232,79.71
"chrysler",1642,37353874,79.71
"passionate",1642,37355516,79.72
"cent",1641,37357157,79.72
"grandfather",1641,37358798,79.72
"guidelines",1641,37360439,79.73
"opponent",1641,37362080,79.73
"proposals",1641,37363721,79.73
"survival",1641,37365362,79.74
"shades",1640,37367002,79.74
"olympics",1639,37368641,79.75
"engaging",1638,37370279,79.75
"acquired",1637,37371916,79.75
"repeated",1637,37373553,79.76
"tail",1637,37375190,79.76
"blank",1636,37376826,79.76
"mainstream",1636,37378462,79.77
"corps",1635,37380097,79.77
"enterprise",1635,37381732,79.77
"rack",1634,37383366,79.78
"notion",1633,37384999,79.78
"butler",1632,37386631,79.78
"claiming",1632,37388263,79.79
"lobby",1632,37389895,79.79
"closest",1631,37391526,79.79
"developers",1631,37393157,79.8
"patrol",1630,37394787,79.8
"pc",1630,37396417,79.8
"remote",1629,37398046,79.81
"equivalent",1628,37399674,79.81
"habits",1628,37401302,79.81
"ought",1628,37402930,79.82
"overseas",1628,37404558,79.82
"wasted",1628,37406186,79.83
"hats",1627,37407813,79.83
"kicks",1627,37409440,79.83
"cleared",1626,37411066,79.84
"sue",1626,37412692,79.84
"tx",1626,37414318,79.84
"advocate",1625,37415943,79.85
"recruiting",1625,37417568,79.85
"thankfully",1625,37419193,79.85
"intellectual",1624,37420817,79.86
"tacos",1624,37422441,79.86
"traveled",1623,37424064,79.86
"wound",1622,37425686,79.87
"madness",1621,37427307,79.87
"principles",1621,37428928,79.87
"proceeds",1621,37430549,79.88
"batter",1620,37432169,79.88
"bryant",1620,37433789,79.88
"jamie",1620,37435409,79.89
"pirates",1620,37437029,79.89
"awe",1619,37438648,79.89
"toss",1619,37440267,79.9
"barrel",1618,37441885,79.9
"qualify",1618,37443503,79.9
"fisher",1617,37445120,79.91
"chen",1616,37446736,79.91
"grants",1616,37448352,79.92
"spoon",1616,37449968,79.92
"emotion",1615,37451583,79.92
"gosh",1615,37453198,79.93
"korean",1615,37454813,79.93
"lean",1615,37456428,79.93
"striking",1615,37458043,79.94
"cells",1614,37459657,79.94
"meantime",1614,37461271,79.94
"frustration",1613,37462884,79.95
"territory",1613,37464497,79.95
"canyon",1612,37466109,79.95
"universities",1612,37467721,79.96
"freak",1610,37469331,79.96
"apples",1609,37470940,79.96
"donation",1609,37472549,79.97
"divided",1608,37474157,79.97
"quest",1608,37475765,79.97
"studios",1608,37477373,79.98
"teenager",1608,37478981,79.98
"spectacular",1607,37480588,79.98
"knight",1606,37482194,79.99
"rbi",1606,37483800,79.99
"carlos",1605,37485405,79.99
"constitutional",1605,37487010,80
"eliminate",1604,37488614,80
"chaos",1603,37490217,80
"relate",1603,37491820,80.01
"shelf",1603,37493423,80.01
"burden",1601,37495024,80.01
"mentor",1601,37496625,80.02
"microsoft",1601,37498226,80.02
"shade",1601,37499827,80.03
"activists",1600,37501427,80.03
"urge",1600,37503027,80.03
"residential",1599,37504626,80.04
"audition",1597,37506223,80.04
"brewer",1597,37507820,80.04
"destruction",1597,37509417,80.05
"tremendous",1597,37511014,80.05
"diabetes",1596,37512610,80.05
"qualified",1595,37514205,80.06
"pitches",1594,37515799,80.06
"premium",1594,37517393,80.06
"municipal",1593,37518986,80.07
"addiction",1591,37520577,80.07
"collaboration",1591,37522168,80.07
"addicted",1590,37523758,80.08
"frequent",1590,37525348,80.08
"log",1590,37526938,80.08
"custody",1589,37528527,80.09
"engineer",1589,37530116,80.09
"instantly",1589,37531705,80.09
"lease",1589,37533294,80.1
"rides",1589,37534883,80.1
"circles",1588,37536471,80.1
"rivers",1588,37538059,80.11
"sponsors",1588,37539647,80.11
"tracking",1588,37541235,80.11
"trials",1588,37542823,80.12
"arguing",1587,37544410,80.12
"suite",1587,37545997,80.12
"liking",1586,37547583,80.13
"signal",1586,37549169,80.13
"sticking",1586,37550755,80.13
"mason",1585,37552340,80.14
"reed",1585,37553925,80.14
"cocktails",1584,37555509,80.14
"penny",1584,37557093,80.15
"protests",1584,37558677,80.15
"refer",1584,37560261,80.15
"contained",1583,37561844,80.16
"fiber",1583,37563427,80.16
"pearl",1583,37565010,80.16
"scenario",1583,37566593,80.17
"cotton",1582,37568175,80.17
"spirits",1582,37569757,80.17
"consideration",1581,37571338,80.18
"institution",1581,37572919,80.18
"legislators",1580,37574499,80.18
"blvd",1579,37576078,80.19
"owe",1579,37577657,80.19
"hates",1578,37579235,80.19
"aging",1577,37580812,80.2
"murphy",1575,37582387,80.2
"skirt",1575,37583962,80.2
"stable",1575,37585537,80.21
"frustrating",1574,37587111,80.21
"architecture",1573,37588684,80.21
"certified",1573,37590257,80.22
"regard",1573,37591830,80.22
"quietly",1572,37593402,80.22
"fails",1571,37594973,80.23
"beaten",1570,37596543,80.23
"grows",1570,37598113,80.23
"shed",1570,37599683,80.24
"graham",1569,37601252,80.24
"planted",1569,37602821,80.24
"mills",1568,37604389,80.25
"rocking",1568,37605957,80.25
"suburban",1568,37607525,80.25
"victoria",1568,37609093,80.26
"xx",1568,37610661,80.26
"handled",1567,37612228,80.26
"alike",1565,37613793,80.27
"headache",1565,37615358,80.27
"recover",1565,37616923,80.28
"backup",1564,37618487,80.28
"expanding",1564,37620051,80.28
"preserve",1564,37621615,80.29
"fruits",1563,37623178,80.29
"struggles",1563,37624741,80.29
"emerged",1562,37626303,80.3
"gallon",1562,37627865,80.3
"shadows",1562,37629427,80.3
"diverse",1561,37630988,80.31
"minded",1560,37632548,80.31
"mm",1560,37634108,80.31
"suspension",1559,37635667,80.32
"accent",1558,37637225,80.32
"rubber",1558,37638783,80.32
"dodgers",1557,37640340,80.32
"investments",1557,37641897,80.33
"publication",1557,37643454,80.33
"brooks",1556,37645010,80.33
"extensive",1556,37646566,80.34
"noting",1556,37648122,80.34
"premiere",1556,37649678,80.34
"trains",1556,37651234,80.35
"ct",1555,37652789,80.35
"louisville",1555,37654344,80.35
"quarters",1555,37655899,80.36
"addressed",1554,37657453,80.36
"francis",1553,37659006,80.36
"saves",1553,37660559,80.37
"concluded",1552,37662111,80.37
"farmer",1552,37663663,80.37
"laughter",1552,37665215,80.38
"backing",1551,37666766,80.38
"stake",1551,37668317,80.38
"smoked",1550,37669867,80.39
"treasury",1550,37671417,80.39
"charm",1549,37672966,80.39
"colleges",1549,37674515,80.4
"cousins",1549,37676064,80.4
"resulted",1549,37677613,80.4
"peppers",1548,37679161,80.41
"acceptable",1547,37680708,80.41
"thirty",1546,37682254,80.41
"alice",1545,37683799,80.42
"explaining",1545,37685344,80.42
"globe",1545,37686889,80.42
"memorable",1545,37688434,80.43
"mysterious",1545,37689979,80.43
"oops",1544,37691523,80.43
"rage",1543,37693066,80.44
"contacted",1542,37694608,80.44
"dynamic",1542,37696150,80.44
"satisfied",1542,37697692,80.45
"warming",1542,37699234,80.45
"viewed",1541,37700775,80.45
"beautifully",1540,37702315,80.46
"generate",1540,37703855,80.46
"preferred",1540,37705395,80.46
"copyright",1539,37706934,80.47
"disappointing",1539,37708473,80.47
"integrity",1539,37710012,80.47
"projected",1539,37711551,80.48
"refreshing",1539,37713090,80.48
"con",1538,37714628,80.48
"strategic",1538,37716166,80.49
"bare",1537,37717703,80.49
"permit",1536,37719239,80.49
"katie",1535,37720774,80.5
"prominent",1535,37722309,80.5
"cape",1534,37723843,80.5
"leap",1534,37725377,80.51
"reducing",1534,37726911,80.51
"enthusiasm",1533,37728444,80.51
"inn",1533,37729977,80.52
"clip",1532,37731509,80.52
"jacob",1532,37733041,80.52
"lt",1532,37734573,80.53
"fitting",1530,37736103,80.53
"temperatures",1530,37737633,80.53
"studied",1528,37739161,80.54
"treasure",1528,37740689,80.54
"automatically",1527,37742216,80.54
"barnes",1525,37743741,80.55
"blanket",1525,37745266,80.55
"communicate",1525,37746791,80.55
"essay",1525,37748316,80.56
"shaking",1525,37749841,80.56
"tunes",1525,37751366,80.56
"vendors",1525,37752891,80.57
"deciding",1524,37754415,80.57
"campaigns",1523,37755938,80.57
"priced",1523,37757461,80.57
"restore",1523,37758984,80.58
"corporations",1522,37760506,80.58
"pig",1522,37762028,80.58
"sells",1521,37763549,80.59
"administrative",1520,37765069,80.59
"halfway",1520,37766589,80.59
"insisted",1520,37768109,80.6
"soap",1520,37769629,80.6
"subjects",1520,37771149,80.6
"telephone",1520,37772669,80.61
"doll",1519,37774188,80.61
"ethics",1519,37775707,80.61
"gilbert",1519,37777226,80.62
"islam",1519,37778745,80.62
"lanes",1519,37780264,80.62
"viewing",1519,37781783,80.63
"conservatives",1518,37783301,80.63
"noble",1518,37784819,80.63
"pets",1518,37786337,80.64
"stoked",1518,37787855,80.64
"tops",1518,37789373,80.64
"expense",1517,37790890,80.65
"occasional",1517,37792407,80.65
"fare",1516,37793923,80.65
"indoor",1516,37795439,80.66
"protecting",1516,37796955,80.66
"vocal",1516,37798471,80.66
"fever",1515,37799986,80.67
"fri",1515,37801501,80.67
"ga",1515,37803016,80.67
"rainbow",1515,37804531,80.68
"tales",1515,37806046,80.68
"beings",1514,37807560,80.68
"colts",1514,37809074,80.69
"diagnosed",1514,37810588,80.69
"linebacker",1514,37812102,80.69
"mouse",1514,37813616,80.69
"worlds",1514,37815130,80.7
"dna",1512,37816642,80.7
"guilt",1512,37818154,80.7
"skype",1512,37819666,80.71
"tunnel",1511,37821177,80.71
"walmart",1511,37822688,80.71
"dam",1508,37824196,80.72
"ian",1507,37825703,80.72
"layout",1507,37827210,80.72
"chart",1506,37828716,80.73
"punishment",1506,37830222,80.73
"reverse",1506,37831728,80.73
"boot",1505,37833233,80.74
"pressed",1505,37834738,80.74
"buttons",1504,37836242,80.74
"loyal",1502,37837744,80.75
"civic",1501,37839245,80.75
"delight",1501,37840746,80.75
"industries",1501,37842247,80.76
"tribune",1501,37843748,80.76
"charming",1500,37845248,80.76
"releases",1500,37846748,80.77
"bucket",1499,37848247,80.77
"amazed",1498,37849745,80.77
"eh",1498,37851243,80.78
"involvement",1498,37852741,80.78
"lakes",1498,37854239,80.78
"strawberry",1498,37855737,80.78
"correctly",1497,37857234,80.79
"introduction",1497,37858731,80.79
"makers",1497,37860228,80.79
"faithful",1496,37861724,80.8
"frankly",1495,37863219,80.8
"greens",1495,37864714,80.8
"assigned",1494,37866208,80.81
"defeated",1494,37867702,80.81
"imagined",1494,37869196,80.81
"interstate",1494,37870690,80.82
"pump",1494,37872184,80.82
"vodka",1494,37873678,80.82
"forcing",1493,37875171,80.83
"strangers",1493,37876664,80.83
"suits",1493,37878157,80.83
"suspects",1493,37879650,80.84
"vulnerable",1493,37881143,80.84
"mate",1492,37882635,80.84
"stamped",1492,37884127,80.85
"estimate",1491,37885618,80.85
"lip",1490,37887108,80.85
"dow",1489,37888597,80.85
"fortunate",1489,37890086,80.86
"dudes",1488,37891574,80.86
"egypt",1488,37893062,80.86
"julie",1488,37894550,80.87
"wheels",1488,37896038,80.87
"fights",1487,37897525,80.87
"genuine",1487,37899012,80.88
"reduction",1487,37900499,80.88
"spa",1487,37901986,80.88
"fla",1486,37903472,80.89
"upgrade",1486,37904958,80.89
"goat",1485,37906443,80.89
"cart",1484,37907927,80.9
"glorious",1484,37909411,80.9
"stealing",1484,37910895,80.9
"roast",1483,37912378,80.91
"sizes",1483,37913861,80.91
"homeowners",1482,37915343,80.91
"riley",1482,37916825,80.92
"confusion",1481,37918306,80.92
"hosts",1481,37919787,80.92
"adoption",1480,37921267,80.92
"footage",1480,37922747,80.93
"glee",1480,37924227,80.93
"newspapers",1480,37925707,80.93
"suspected",1480,37927187,80.94
"collapse",1479,37928666,80.94
"freeze",1479,37930145,80.94
"starters",1479,37931624,80.95
"treating",1479,37933103,80.95
"anonymous",1478,37934581,80.95
"entitled",1478,37936059,80.96
"hurting",1478,37937537,80.96
"abroad",1477,37939014,80.96
"categories",1477,37940491,80.97
"guaranteed",1477,37941968,80.97
"bride",1476,37943444,80.97
"enjoyable",1476,37944920,80.97
"investigate",1475,37946395,80.98
"matching",1475,37947870,80.98
"pole",1475,37949345,80.98
"voter",1475,37950820,80.99
"exploring",1474,37952294,80.99
"innovative",1474,37953768,80.99
"popped",1474,37955242,81
"sr",1474,37956716,81
"bryan",1473,37958189,81
"bunny",1473,37959662,81.01
"fortunately",1473,37961135,81.01
"nightmare",1473,37962608,81.01
"sliced",1473,37964081,81.02
"comeback",1471,37965552,81.02
"islamic",1471,37967023,81.02
"laughs",1471,37968494,81.03
"recommendation",1471,37969965,81.03
"assuming",1469,37971434,81.03
"colorful",1469,37972903,81.03
"haters",1469,37974372,81.04
"promising",1469,37975841,81.04
"intelligent",1468,37977309,81.04
"resistance",1468,37978777,81.05
"safely",1467,37980244,81.05
"believing",1466,37981710,81.05
"connecting",1466,37983176,81.06
"stages",1465,37984641,81.06
"thread",1465,37986106,81.06
"substance",1464,37987570,81.07
"threats",1464,37989034,81.07
"ashley",1463,37990497,81.07
"journalists",1463,37991960,81.08
"elderly",1462,37993422,81.08
"humble",1462,37994884,81.08
"tube",1462,37996346,81.08
"monkey",1461,37997807,81.09
"rogers",1461,37999268,81.09
"salsa",1461,38000729,81.09
"disappeared",1460,38002189,81.1
"grad",1460,38003649,81.1
"mvp",1460,38005109,81.1
"preview",1460,38006569,81.11
"printing",1460,38008029,81.11
"beard",1459,38009488,81.11
"buck",1459,38010947,81.12
"emerging",1459,38012406,81.12
"parkway",1458,38013864,81.12
"youngest",1457,38015321,81.13
"eyed",1456,38016777,81.13
"hooked",1456,38018233,81.13
"burns",1455,38019688,81.13
"drafted",1455,38021143,81.14
"harsh",1455,38022598,81.14
"paradise",1455,38024053,81.14
"retailers",1455,38025508,81.15
"ruin",1455,38026963,81.15
"southeast",1454,38028417,81.15
"douglas",1453,38029870,81.16
"employed",1452,38031322,81.16
"tent",1452,38032774,81.16
"consciousness",1451,38034225,81.17
"grain",1451,38035676,81.17
"reflection",1450,38037126,81.17
"camping",1449,38038575,81.17
"counsel",1449,38040024,81.18
"reviewed",1449,38041473,81.18
"decides",1447,38042920,81.18
"junk",1447,38044367,81.19
"regime",1447,38045814,81.19
"ranging",1446,38047260,81.19
"spencer",1446,38048706,81.2
"storms",1446,38050152,81.2
"disorder",1445,38051597,81.2
"glue",1445,38053042,81.21
"mint",1445,38054487,81.21
"pine",1445,38055932,81.21
"residence",1445,38057377,81.21
"stats",1444,38058821,81.22
"steam",1444,38060265,81.22
"yelling",1444,38061709,81.22
"berry",1443,38063152,81.23
"cabin",1442,38064594,81.23
"cupcake",1442,38066036,81.23
"drake",1442,38067478,81.24
"pipe",1442,38068920,81.24
"sustainable",1442,38070362,81.24
"filming",1441,38071803,81.25
"minus",1441,38073244,81.25
"richmond",1441,38074685,81.25
"themes",1439,38076124,81.25
"batting",1438,38077562,81.26
"locally",1438,38079000,81.26
"mp",1438,38080438,81.26
"stanley",1438,38081876,81.27
"amber",1437,38083313,81.27
"demanding",1437,38084750,81.27
"farms",1437,38086187,81.28
"pp",1436,38087623,81.28
"branches",1435,38089058,81.28
"chasing",1435,38090493,81.29
"nominated",1435,38091928,81.29
"annually",1434,38093362,81.29
"creations",1434,38094796,81.29
"lb",1434,38096230,81.3
"publish",1434,38097664,81.3
"tension",1434,38099098,81.3
"porch",1433,38100531,81.31
"remarks",1433,38101964,81.31
"soldier",1433,38103397,81.31
"artwork",1432,38104829,81.32
"cleaned",1432,38106261,81.32
"creatures",1432,38107693,81.32
"crowded",1432,38109125,81.33
"drain",1432,38110557,81.33
"journalism",1432,38111989,81.33
"photograph",1432,38113421,81.33
"singles",1432,38114853,81.34
"dispute",1431,38116284,81.34
"regulation",1431,38117715,81.34
"alien",1430,38119145,81.35
"burgers",1430,38120575,81.35
"evolution",1430,38122005,81.35
"flu",1430,38123435,81.36
"sweep",1430,38124865,81.36
"sb",1429,38126294,81.36
"intention",1428,38127722,81.37
"realistic",1428,38129150,81.37
"secondary",1428,38130578,81.37
"oliver",1427,38132005,81.37
"upstairs",1427,38133432,81.38
"beds",1426,38134858,81.38
"dominated",1426,38136284,81.38
"emphasis",1426,38137710,81.39
"strategies",1426,38139136,81.39
"hacked",1425,38140561,81.39
"obtained",1425,38141986,81.4
"orioles",1425,38143411,81.4
"span",1425,38144836,81.4
"trio",1425,38146261,81.4
"lighter",1424,38147685,81.41
"purse",1424,38149109,81.41
"requirement",1424,38150533,81.41
"eagle",1423,38151956,81.42
"climbing",1422,38153378,81.42
"deadly",1422,38154800,81.42
"difficulty",1422,38156222,81.43
"meaningful",1422,38157644,81.43
"resulting",1422,38159066,81.43
"segment",1422,38160488,81.43
"lightning",1421,38161909,81.44
"mask",1421,38163330,81.44
"progressive",1421,38164751,81.44
"legendary",1420,38166171,81.45
"logic",1420,38167591,81.45
"tommy",1420,38169011,81.45
"cough",1418,38170429,81.46
"mart",1418,38171847,81.46
"practicing",1418,38173265,81.46
"toyota",1418,38174683,81.47
"persons",1417,38176100,81.47
"batch",1416,38177516,81.47
"crab",1416,38178932,81.47
"est",1416,38180348,81.48
"magazines",1416,38181764,81.48
"prevention",1416,38183180,81.48
"wrestling",1416,38184596,81.49
"concerts",1415,38186011,81.49
"modest",1415,38187426,81.49
"petition",1415,38188841,81.5
"packages",1414,38190255,81.5
"accidentally",1413,38191668,81.5
"employer",1413,38193081,81.5
"politically",1413,38194494,81.51
"accessories",1412,38195906,81.51
"starring",1412,38197318,81.51
"acknowledge",1411,38198729,81.52
"authentic",1411,38200140,81.52
"brutal",1411,38201551,81.52
"crowds",1411,38202962,81.53
"floors",1411,38204373,81.53
"sneak",1411,38205784,81.53
"unclear",1411,38207195,81.53
"edit",1409,38208604,81.54
"moderate",1409,38210013,81.54
"murray",1408,38211421,81.54
"approaching",1407,38212828,81.55
"creator",1407,38214235,81.55
"indicated",1407,38215642,81.55
"presenting",1407,38217049,81.56
"rushing",1407,38218456,81.56
"embarrassing",1406,38219862,81.56
"parked",1406,38221268,81.56
"programming",1406,38222674,81.57
"tasted",1406,38224080,81.57
"cooler",1405,38225485,81.57
"rushed",1405,38226890,81.58
"drank",1403,38228293,81.58
"practically",1403,38229696,81.58
"appearances",1402,38231098,81.59
"borders",1402,38232500,81.59
"corners",1401,38233901,81.59
"deer",1401,38235302,81.59
"digging",1401,38236703,81.6
"ne",1401,38238104,81.6
"seal",1401,38239505,81.6
"halftime",1400,38240905,81.61
"prospects",1400,38242305,81.61
"tornado",1400,38243705,81.61
"requiring",1398,38245103,81.62
"sends",1398,38246501,81.62
"wage",1398,38247899,81.62
"carrots",1397,38249296,81.62
"grief",1397,38250693,81.63
"listing",1397,38252090,81.63
"stones",1397,38253487,81.63
"akron",1395,38254882,81.64
"mutual",1395,38256277,81.64
"generated",1394,38257671,81.64
"priorities",1394,38259065,81.65
"specialist",1394,38260459,81.65
"tourists",1394,38261853,81.65
"brazil",1393,38263246,81.65
"understands",1393,38264639,81.66
"aircraft",1392,38266031,81.66
"default",1391,38267422,81.66
"devoted",1390,38268812,81.67
"maps",1390,38270202,81.67
"pickup",1390,38271592,81.67
"violations",1390,38272982,81.68
"crust",1389,38274371,81.68
"engineers",1389,38275760,81.68
"toe",1389,38277149,81.68
"wireless",1389,38278538,81.69
"guidance",1388,38279926,81.69
"porter",1388,38281314,81.69
"urged",1388,38282702,81.7
"phillips",1387,38284089,81.7
"popcorn",1387,38285476,81.7
"recovered",1387,38286863,81.7
"salon",1387,38288250,81.71
"snacks",1387,38289637,81.71
"touching",1387,38291024,81.71
"accompanied",1386,38292410,81.72
"consulting",1386,38293796,81.72
"crafts",1386,38295182,81.72
"revenues",1386,38296568,81.73
"softball",1386,38297954,81.73
"cruz",1385,38299339,81.73
"drum",1384,38300723,81.73
"responding",1384,38302107,81.74
"souls",1384,38303491,81.74
"thai",1384,38304875,81.74
"nc",1383,38306258,81.75
"washing",1383,38307641,81.75
"nate",1382,38309023,81.75
"bullet",1381,38310404,81.75
"musician",1381,38311785,81.76
"errors",1380,38313165,81.76
"inevitable",1380,38314545,81.76
"prescription",1380,38315925,81.77
"recreation",1380,38317305,81.77
"crews",1379,38318684,81.77
"horizon",1379,38320063,81.78
"neat",1379,38321442,81.78
"teaspoon",1379,38322821,81.78
"complained",1378,38324199,81.78
"melt",1378,38325577,81.79
"washed",1378,38326955,81.79
"gaming",1377,38328332,81.79
"guessing",1377,38329709,81.8
"eternal",1376,38331085,81.8
"joel",1376,38332461,81.8
"substantial",1376,38333837,81.8
"banking",1375,38335212,81.81
"cabinet",1375,38336587,81.81
"handsome",1375,38337962,81.81
"cody",1374,38339336,81.82
"contribution",1374,38340710,81.82
"administrator",1373,38342083,81.82
"lecture",1373,38343456,81.83
"conviction",1372,38344828,81.83
"ipa",1372,38346200,81.83
"organizing",1371,38347571,81.83
"titled",1371,38348942,81.84
"tuition",1371,38350313,81.84
"collections",1370,38351683,81.84
"dismissed",1370,38353053,81.85
"newt",1370,38354423,81.85
"smiled",1370,38355793,81.85
"sc",1369,38357162,81.85
"sundays",1369,38358531,81.86
"anticipated",1367,38359898,81.86
"attracted",1367,38361265,81.86
"bend",1367,38362632,81.87
"betty",1367,38363999,81.87
"casey",1367,38365366,81.87
"stepping",1367,38366733,81.88
"cab",1366,38368099,81.88
"economics",1366,38369465,81.88
"sufficient",1366,38370831,81.88
"teenagers",1366,38372197,81.89
"darn",1365,38373562,81.89
"desired",1365,38374927,81.89
"overwhelmed",1365,38376292,81.9
"stack",1364,38377656,81.9
"versus",1363,38379019,81.9
"assignment",1362,38380381,81.9
"purchases",1362,38381743,81.91
"carbon",1361,38383104,81.91
"dreaming",1359,38384463,81.91
"emma",1358,38385821,81.92
"meyer",1358,38387179,81.92
"obtain",1358,38388537,81.92
"advisory",1357,38389894,81.92
"banner",1357,38391251,81.93
"combo",1357,38392608,81.93
"departments",1357,38393965,81.93
"lauren",1357,38395322,81.94
"assumed",1356,38396678,81.94
"burst",1356,38398034,81.94
"canceled",1356,38399390,81.94
"dutch",1356,38400746,81.95
"labels",1356,38402102,81.95
"lasted",1356,38403458,81.95
"mushrooms",1356,38404814,81.96
"divide",1355,38406169,81.96
"heal",1355,38407524,81.96
"rodriguez",1355,38408879,81.97
"tribe",1355,38410234,81.97
"emotionally",1353,38411587,81.97
"martha",1353,38412940,81.97
"scout",1353,38414293,81.98
"compelling",1352,38415645,81.98
"adjust",1351,38416996,81.98
"gasoline",1350,38418346,81.99
"judging",1350,38419696,81.99
"violation",1350,38421046,81.99
"compassion",1349,38422395,81.99
"shelves",1349,38423744,82
"earning",1348,38425092,82
"guards",1348,38426440,82
"lifted",1348,38427788,82.01
"pillow",1348,38429136,82.01
"quilt",1348,38430484,82.01
"spinning",1348,38431832,82.01
"confusing",1347,38433179,82.02
"banned",1346,38434525,82.02
"classical",1346,38435871,82.02
"midwest",1346,38437217,82.03
"vip",1346,38438563,82.03
"arthur",1345,38439908,82.03
"equity",1345,38441253,82.03
"seafood",1345,38442598,82.04
"shakespeare",1345,38443943,82.04
"wonders",1345,38445288,82.04
"confirm",1344,38446632,82.05
"garcia",1344,38447976,82.05
"nutrition",1344,38449320,82.05
"bust",1343,38450663,82.05
"melted",1343,38452006,82.06
"paste",1343,38453349,82.06
"acre",1342,38454691,82.06
"il",1342,38456033,82.07
"experiencing",1341,38457374,82.07
"interactive",1341,38458715,82.07
"trails",1341,38460056,82.07
"watson",1341,38461397,82.08
"arriving",1340,38462737,82.08
"chemical",1340,38464077,82.08
"dancers",1340,38465417,82.09
"eddie",1340,38466757,82.09
"upside",1340,38468097,82.09
"activist",1339,38469436,82.09
"vocals",1339,38470775,82.1
"amp",1338,38472113,82.1
"indicate",1338,38473451,82.1
"marc",1338,38474789,82.11
"bats",1337,38476126,82.11
"kindness",1337,38477463,82.11
"muscles",1337,38478800,82.11
"audiences",1336,38480136,82.12
"tablespoons",1336,38481472,82.12
"troubled",1336,38482808,82.12
"spinach",1335,38484143,82.13
"derek",1334,38485477,82.13
"ing",1334,38486811,82.13
"ralph",1334,38488145,82.13
"rank",1334,38489479,82.14
"charging",1333,38490812,82.14
"essex",1333,38492145,82.14
"financing",1333,38493478,82.15
"legitimate",1333,38494811,82.15
"lo",1333,38496144,82.15
"sections",1333,38497477,82.15
"bbc",1332,38498809,82.16
"depressed",1332,38500141,82.16
"duties",1332,38501473,82.16
"harvard",1332,38502805,82.17
"reportedly",1332,38504137,82.17
"stirring",1332,38505469,82.17
"blonde",1331,38506800,82.17
"cuisine",1331,38508131,82.18
"depend",1331,38509462,82.18
"disappointment",1330,38510792,82.18
"happier",1330,38512122,82.19
"rant",1330,38513452,82.19
"unfortunate",1330,38514782,82.19
"holder",1329,38516111,82.19
"islands",1329,38517440,82.2
"mario",1329,38518769,82.2
"nevada",1329,38520098,82.2
"grave",1328,38521426,82.21
"pad",1328,38522754,82.21
"unfair",1328,38524082,82.21
"premier",1327,38525409,82.21
"shuttle",1327,38526736,82.22
"accessible",1326,38528062,82.22
"elegant",1326,38529388,82.22
"procedure",1326,38530714,82.23
"rumors",1326,38532040,82.23
"seasonal",1326,38533366,82.23
"chemistry",1325,38534691,82.23
"journalist",1325,38536016,82.24
"infection",1324,38537340,82.24
"parliament",1324,38538664,82.24
"regulators",1324,38539988,82.24
"underneath",1324,38541312,82.25
"benjamin",1323,38542635,82.25
"comics",1323,38543958,82.25
"craving",1323,38545281,82.26
"ego",1323,38546604,82.26
"jar",1323,38547927,82.26
"participation",1323,38549250,82.26
"predicted",1323,38550573,82.27
"rev",1323,38551896,82.27
"bizarre",1322,38553218,82.27
"citing",1322,38554540,82.28
"curry",1322,38555862,82.28
"occasions",1322,38557184,82.28
"trophy",1322,38558506,82.28
"valid",1322,38559828,82.29
"vegetarian",1322,38561150,82.29
"bowling",1320,38562470,82.29
"par",1320,38563790,82.3
"participated",1320,38565110,82.3
"perception",1320,38566430,82.3
"portfolio",1320,38567750,82.3
"wicked",1320,38569070,82.31
"dairy",1319,38570389,82.31
"priest",1319,38571708,82.31
"rhythm",1319,38573027,82.32
"rotation",1319,38574346,82.32
"swift",1319,38575665,82.32
"gluten",1318,38576983,82.32
"wears",1318,38578301,82.33
"assured",1317,38579618,82.33
"reunion",1317,38580935,82.33
"amanda",1316,38582251,82.34
"borrow",1316,38583567,82.34
"excuses",1315,38584882,82.34
"realizing",1315,38586197,82.34
"shorter",1315,38587512,82.35
"chandler",1314,38588826,82.35
"incorporated",1314,38590140,82.35
"julia",1314,38591454,82.35
"statewide",1314,38592768,82.36
"midst",1313,38594081,82.36
"travelers",1313,38595394,82.36
"comprehensive",1312,38596706,82.37
"revenge",1312,38598018,82.37
"robbery",1312,38599330,82.37
"toes",1312,38600642,82.37
"handy",1311,38601953,82.38
"rehearsal",1311,38603264,82.38
"responses",1311,38604575,82.38
"spotlight",1311,38605886,82.39
"stash",1311,38607197,82.39
"coupon",1310,38608507,82.39
"marcus",1310,38609817,82.39
"scottsdale",1310,38611127,82.4
"caramel",1309,38612436,82.4
"crushed",1309,38613745,82.4
"hes",1309,38615054,82.41
"chelsea",1308,38616362,82.41
"criticized",1308,38617670,82.41
"mornings",1308,38618978,82.41
"consumption",1307,38620285,82.42
"controversy",1307,38621592,82.42
"harrison",1307,38622899,82.42
"invisible",1307,38624206,82.42
"np",1307,38625513,82.43
"rome",1307,38626820,82.43
"afghan",1306,38628126,82.43
"doubled",1306,38629432,82.44
"puck",1306,38630738,82.44
"megan",1305,38632043,82.44
"anxious",1304,38633347,82.44
"fashioned",1304,38634651,82.45
"panels",1304,38635955,82.45
"plug",1304,38637259,82.45
"pockets",1304,38638563,82.46
"procedures",1304,38639867,82.46
"twilight",1304,38641171,82.46
"alaska",1303,38642474,82.46
"container",1303,38643777,82.47
"essence",1303,38645080,82.47
"marie",1302,38646382,82.47
"optimistic",1302,38647684,82.47
"sacred",1302,38648986,82.48
"technically",1301,38650287,82.48
"unbelievable",1301,38651588,82.48
"delta",1300,38652888,82.49
"educated",1300,38654188,82.49
"sanchez",1300,38655488,82.49
"automatic",1299,38656787,82.49
"harper",1299,38658086,82.5
"principle",1299,38659385,82.5
"squeeze",1299,38660684,82.5
"veggies",1299,38661983,82.51
"vinegar",1299,38663282,82.51
"afterward",1298,38664580,82.51
"ch",1298,38665878,82.51
"resolve",1298,38667176,82.52
"retire",1298,38668474,82.52
"sheep",1298,38669772,82.52
"adopt",1297,38671069,82.52
"lynn",1297,38672366,82.53
"reforms",1297,38673663,82.53
"neil",1296,38674959,82.53
"patch",1296,38676255,82.54
"harvest",1295,38677550,82.54
"tragic",1295,38678845,82.54
"acted",1294,38680139,82.54
"hopeful",1294,38681433,82.55
"hurricane",1294,38682727,82.55
"weigh",1294,38684021,82.55
"butterfly",1292,38685313,82.55
"donors",1292,38686605,82.56
"nephew",1292,38687897,82.56
"pipeline",1292,38689189,82.56
"simpson",1292,38690481,82.57
"whip",1291,38691772,82.57
"angle",1290,38693062,82.57
"rub",1290,38694352,82.57
"bachelor",1289,38695641,82.58
"hops",1289,38696930,82.58
"pouring",1289,38698219,82.58
"associates",1288,38699507,82.59
"bridges",1288,38700795,82.59
"lands",1288,38702083,82.59
"symphony",1287,38703370,82.59
"touches",1287,38704657,82.6
"pinch",1286,38705943,82.6
"restrictions",1285,38707228,82.6
"shining",1285,38708513,82.6
"tablet",1285,38709798,82.61
"cheating",1284,38711082,82.61
"sucked",1284,38712366,82.61
"av",1283,38713649,82.62
"efficiency",1283,38714932,82.62
"mature",1283,38716215,82.62
"trillion",1283,38717498,82.62
"controls",1282,38718780,82.63
"departure",1281,38720061,82.63
"melissa",1281,38721342,82.63
"careers",1280,38722622,82.63
"poet",1280,38723902,82.64
"salvation",1280,38725182,82.64
"doe",1279,38726461,82.64
"legit",1279,38727740,82.65
"pancakes",1279,38729019,82.65
"tourist",1279,38730298,82.65
"trim",1279,38731577,82.65
"trivia",1279,38732856,82.66
"unnecessary",1278,38734134,82.66
"countless",1277,38735411,82.66
"promo",1277,38736688,82.66
"courtesy",1276,38737964,82.67
"incidents",1276,38739240,82.67
"dame",1275,38740515,82.67
"excess",1275,38741790,82.68
"ranking",1275,38743065,82.68
"drums",1274,38744339,82.68
"nicole",1274,38745613,82.68
"relaxed",1274,38746887,82.69
"vietnam",1274,38748161,82.69
"certificate",1273,38749434,82.69
"commissioners",1273,38750707,82.69
"dakota",1273,38751980,82.7
"payroll",1273,38753253,82.7
"unto",1273,38754526,82.7
"equality",1272,38755798,82.71
"loses",1272,38757070,82.71
"af",1271,38758341,82.71
"invitation",1271,38759612,82.71
"terminal",1271,38760883,82.72
"rays",1270,38762153,82.72
"cave",1269,38763422,82.72
"se",1269,38764691,82.72
"appealing",1268,38765959,82.73
"bishop",1268,38767227,82.73
"duh",1268,38768495,82.73
"warner",1268,38769763,82.74
"input",1267,38771030,82.74
"weakness",1267,38772297,82.74
"locals",1266,38773563,82.74
"trapped",1266,38774829,82.75
"dale",1265,38776094,82.75
"fl",1265,38777359,82.75
"gradually",1264,38778623,82.75
"peoples",1264,38779887,82.76
"chi",1263,38781150,82.76
"downs",1263,38782413,82.76
"meter",1263,38783676,82.76
"freezing",1262,38784938,82.77
"hashtag",1262,38786200,82.77
"prompted",1262,38787462,82.77
"troy",1262,38788724,82.78
"cliff",1261,38789985,82.78
"trek",1260,38791245,82.78
"distant",1259,38792504,82.78
"floating",1259,38793763,82.79
"strain",1259,38795022,82.79
"gratitude",1258,38796280,82.79
"aids",1257,38797537,82.79
"bennett",1257,38798794,82.8
"females",1257,38800051,82.8
"tourism",1257,38801308,82.8
"virus",1257,38802565,82.81
"annoyed",1256,38803821,82.81
"overly",1256,38805077,82.81
"questioning",1256,38806333,82.81
"ultra",1256,38807589,82.82
"coke",1255,38808844,82.82
"mesa",1255,38810099,82.82
"rapidly",1255,38811354,82.82
"showers",1255,38812609,82.83
"walter",1255,38813864,82.83
"desperately",1253,38815117,82.83
"beijing",1252,38816369,82.83
"slipped",1252,38817621,82.84
"touchdowns",1252,38818873,82.84
"database",1251,38820124,82.84
"editorial",1251,38821375,82.85
"inflation",1251,38822626,82.85
"nationally",1251,38823877,82.85
"wives",1251,38825128,82.85
"perfection",1250,38826378,82.86
"remembering",1250,38827628,82.86
"spider",1250,38828878,82.86
"gps",1249,38830127,82.86
"legally",1249,38831376,82.87
"mighty",1249,38832625,82.87
"supportive",1249,38833874,82.87
"fires",1248,38835122,82.87
"grandparents",1248,38836370,82.88
"cain",1247,38837617,82.88
"cholesterol",1247,38838864,82.88
"fm",1247,38840111,82.89
"richardson",1247,38841358,82.89
"alley",1246,38842604,82.89
"gulf",1246,38843850,82.89
"outlook",1246,38845096,82.9
"scotland",1246,38846342,82.9
"sheer",1246,38847588,82.9
"finest",1245,38848833,82.9
"maple",1245,38850078,82.91
"applying",1244,38851322,82.91
"suggesting",1244,38852566,82.91
"survivors",1244,38853810,82.91
"wee",1244,38855054,82.92
"acceptance",1243,38856297,82.92
"ounce",1243,38857540,82.92
"rewards",1242,38858782,82.93
"spends",1242,38860024,82.93
"lace",1241,38861265,82.93
"reveals",1241,38862506,82.93
"hoe",1240,38863746,82.94
"manchester",1240,38864986,82.94
"wished",1240,38866226,82.94
"cnn",1239,38867465,82.94
"poems",1239,38868704,82.95
"delicate",1237,38869941,82.95
"draws",1237,38871178,82.95
"flies",1237,38872415,82.95
"gambling",1237,38873652,82.96
"invented",1237,38874889,82.96
"technologies",1237,38876126,82.96
"elbow",1236,38877362,82.96
"palace",1236,38878598,82.97
"sd",1236,38879834,82.97
"wounded",1236,38881070,82.97
"rockies",1235,38882305,82.98
"tee",1235,38883540,82.98
"dislike",1234,38884774,82.98
"md",1234,38886008,82.98
"pursuit",1234,38887242,82.99
"measured",1233,38888475,82.99
"sprinkle",1233,38889708,82.99
"crop",1232,38890940,82.99
"foreclosure",1232,38892172,83
"mud",1232,38893404,83
"obsession",1232,38894636,83
"tossed",1232,38895868,83
"prints",1231,38897099,83.01
"thou",1231,38898330,83.01
"maintained",1230,38899560,83.01
"parenting",1230,38900790,83.01
"popularity",1230,38902020,83.02
"teaches",1230,38903250,83.02
"census",1229,38904479,83.02
"manufacturers",1229,38905708,83.03
"announcing",1228,38906936,83.03
"cowboys",1228,38908164,83.03
"fundamental",1228,38909392,83.03
"reliable",1228,38910620,83.04
"vibe",1228,38911848,83.04
"goodies",1227,38913075,83.04
"slap",1227,38914302,83.04
"swept",1227,38915529,83.05
"ali",1226,38916755,83.05
"corporation",1226,38917981,83.05
"loads",1226,38919207,83.05
"reds",1226,38920433,83.06
"flowing",1225,38921658,83.06
"fridays",1225,38922883,83.06
"rod",1225,38924108,83.06
"dealt",1224,38925332,83.07
"establishment",1224,38926556,83.07
"hannah",1224,38927780,83.07
"jesse",1224,38929004,83.08
"tsp",1224,38930228,83.08
"detectives",1223,38931451,83.08
"joshua",1223,38932674,83.08
"ucla",1223,38933897,83.09
"acid",1222,38935119,83.09
"periods",1222,38936341,83.09
"shiny",1222,38937563,83.09
"bulk",1221,38938784,83.1
"circus",1221,38940005,83.1
"classy",1221,38941226,83.1
"existed",1221,38942447,83.1
"pops",1220,38943667,83.11
"predict",1220,38944887,83.11
"retreat",1220,38946107,83.11
"eli",1219,38947326,83.11
"placing",1219,38948545,83.12
"rite",1219,38949764,83.12
"shocking",1219,38950983,83.12
"symbol",1219,38952202,83.12
"targets",1219,38953421,83.13
"talents",1218,38954639,83.13
"honors",1217,38955856,83.13
"nathan",1216,38957072,83.13
"sidewalk",1216,38958288,83.14
"distress",1215,38959503,83.14
"eugene",1214,38960717,83.14
"removing",1214,38961931,83.15
"ballet",1213,38963144,83.15
"museums",1213,38964357,83.15
"graduating",1212,38965569,83.15
"reagan",1212,38966781,83.16
"hottest",1211,38967992,83.16
"replacing",1211,38969203,83.16
"trap",1211,38970414,83.16
"slot",1210,38971624,83.17
"editors",1209,38972833,83.17
"nonetheless",1209,38974042,83.17
"providers",1209,38975251,83.17
"accounting",1208,38976459,83.18
"randomly",1208,38977667,83.18
"ripped",1208,38978875,83.18
"ruined",1208,38980083,83.18
"pose",1207,38981290,83.19
"removal",1207,38982497,83.19
"scare",1207,38983704,83.19
"specialty",1207,38984911,83.19
"hype",1206,38986117,83.2
"medication",1206,38987323,83.2
"mustard",1206,38988529,83.2
"crashed",1205,38989734,83.2
"currency",1205,38990939,83.21
"disturbing",1205,38992144,83.21
"lucas",1205,38993349,83.21
"settings",1205,38994554,83.21
"stare",1205,38995759,83.22
"glenn",1204,38996963,83.22
"organizers",1204,38998167,83.22
"siblings",1204,38999371,83.23
"spectrum",1204,39000575,83.23
"tasks",1204,39001779,83.23
"unemployed",1204,39002983,83.23
"rivals",1203,39004186,83.24
"breeze",1202,39005388,83.24
"eliminated",1202,39006590,83.24
"roller",1202,39007792,83.24
"seminar",1201,39008993,83.25
"taxi",1201,39010194,83.25
"arrives",1200,39011394,83.25
"culinary",1200,39012594,83.25
"kitty",1200,39013794,83.26
"ribs",1200,39014994,83.26
"choir",1198,39016192,83.26
"props",1198,39017390,83.26
"bakery",1197,39018587,83.27
"cage",1197,39019784,83.27
"immigrant",1197,39020981,83.27
"remembers",1197,39022178,83.27
"salaries",1197,39023375,83.28
"councilman",1196,39024571,83.28
"galaxy",1196,39025767,83.28
"hammer",1196,39026963,83.28
"hart",1195,39028158,83.29
"philip",1195,39029353,83.29
"sgt",1195,39030548,83.29
"warrant",1195,39031743,83.29
"podcast",1194,39032937,83.3
"answering",1193,39034130,83.3
"switched",1193,39035323,83.3
"boundaries",1192,39036515,83.3
"carol",1192,39037707,83.31
"quoted",1192,39038899,83.31
"maintaining",1191,39040090,83.31
"suspicious",1191,39041281,83.31
"worrying",1191,39042472,83.32
"asset",1190,39043662,83.32
"heated",1190,39044852,83.32
"lopez",1190,39046042,83.32
"lou",1190,39047232,83.33
"relay",1190,39048422,83.33
"advised",1189,39049611,83.33
"arranged",1189,39050800,83.33
"dolphins",1189,39051989,83.34
"gene",1189,39053178,83.34
"marvel",1189,39054367,83.34
"operated",1189,39055556,83.35
"purchasing",1189,39056745,83.35
"samuel",1189,39057934,83.35
"nonsense",1188,39059122,83.35
"arrests",1187,39060309,83.36
"delete",1187,39061496,83.36
"margin",1187,39062683,83.36
"movements",1187,39063870,83.36
"pandora",1187,39065057,83.37
"react",1187,39066244,83.37
"hybrid",1186,39067430,83.37
"plea",1185,39068615,83.37
"ye",1185,39069800,83.38
"anchor",1184,39070984,83.38
"fork",1184,39072168,83.38
"needing",1184,39073352,83.38
"camps",1183,39074535,83.39
"compliment",1183,39075718,83.39
"cracked",1183,39076901,83.39
"ace",1182,39078083,83.39
"chefs",1182,39079265,83.4
"determination",1182,39080447,83.4
"slam",1182,39081629,83.4
"battles",1181,39082810,83.4
"defendants",1181,39083991,83.41
"helen",1181,39085172,83.41
"monitoring",1181,39086353,83.41
"contrary",1180,39087533,83.41
"gloves",1180,39088713,83.42
"install",1180,39089893,83.42
"probation",1180,39091073,83.42
"releasing",1180,39092253,83.42
"organize",1179,39093432,83.43
"poured",1179,39094611,83.43
"blackberry",1178,39095789,83.43
"bump",1178,39096967,83.43
"duncan",1178,39098145,83.44
"racism",1178,39099323,83.44
"beth",1177,39100500,83.44
"agriculture",1176,39101676,83.44
"finances",1176,39102852,83.45
"matched",1175,39104027,83.45
"tricks",1175,39105202,83.45
"dramatically",1174,39106376,83.45
"fireworks",1174,39107550,83.46
"kent",1174,39108724,83.46
"motorcycle",1174,39109898,83.46
"shapes",1174,39111072,83.46
"bicycle",1173,39112245,83.47
"blocking",1173,39113418,83.47
"hughes",1173,39114591,83.47
"nets",1173,39115764,83.47
"nominee",1173,39116937,83.48
"ordering",1173,39118110,83.48
"ships",1173,39119283,83.48
"sticky",1173,39120456,83.48
"stout",1173,39121629,83.49
"wages",1173,39122802,83.49
"demo",1172,39123974,83.49
"ellen",1172,39125146,83.49
"fitzgerald",1172,39126318,83.5
"warriors",1172,39127490,83.5
"yield",1172,39128662,83.5
"cinema",1171,39129833,83.5
"nurses",1171,39131004,83.51
"pronounced",1171,39132175,83.51
"recovering",1171,39133346,83.51
"singers",1171,39134517,83.51
"fathers",1170,39135687,83.52
"noodles",1170,39136857,83.52
"respected",1170,39138027,83.52
"sole",1170,39139197,83.52
"soundtrack",1170,39140367,83.53
"eats",1169,39141536,83.53
"medicaid",1169,39142705,83.53
"pastry",1169,39143874,83.53
"rocked",1169,39145043,83.54
"stem",1169,39146212,83.54
"terrorism",1169,39147381,83.54
"donna",1168,39148549,83.54
"invested",1168,39149717,83.55
"reviewing",1168,39150885,83.55
"dash",1167,39152052,83.55
"transferred",1167,39153219,83.55
"witnessed",1167,39154386,83.56
"exams",1166,39155552,83.56
"fastest",1166,39156718,83.56
"buses",1165,39157883,83.56
"herbs",1165,39159048,83.57
"op",1165,39160213,83.57
"provision",1164,39161377,83.57
"references",1164,39162541,83.57
"unlimited",1164,39163705,83.58
"margaret",1163,39164868,83.58
"pause",1163,39166031,83.58
"pens",1163,39167194,83.58
"arnold",1162,39168356,83.59
"dylan",1162,39169518,83.59
"intimate",1162,39170680,83.59
"iv",1162,39171842,83.59
"bikes",1161,39173003,83.6
"canvas",1161,39174164,83.6
"grandchildren",1161,39175325,83.6
"russo",1161,39176486,83.6
"seeks",1161,39177647,83.61
"averaged",1160,39178807,83.61
"delivering",1160,39179967,83.61
"gaining",1160,39181127,83.61
"miserable",1159,39182286,83.62
"mondays",1159,39183445,83.62
"subsequent",1159,39184604,83.62
"upload",1159,39185763,83.62
"advocacy",1158,39186921,83.63
"carroll",1158,39188079,83.63
"companion",1158,39189237,83.63
"curse",1158,39190395,83.63
"glitter",1158,39191553,83.64
"intensity",1158,39192711,83.64
"lone",1158,39193869,83.64
"rabbit",1158,39195027,83.64
"useless",1158,39196185,83.65
"chatting",1157,39197342,83.65
"conservation",1157,39198499,83.65
"consistency",1157,39199656,83.65
"gen",1157,39200813,83.66
"kisses",1157,39201970,83.66
"launching",1157,39203127,83.66
"nest",1157,39204284,83.66
"oversight",1157,39205441,83.66
"promoted",1157,39206598,83.67
"similarly",1155,39207753,83.67
"smash",1155,39208908,83.67
"sullivan",1155,39210063,83.67
"transport",1155,39211218,83.68
"intervention",1154,39212372,83.68
"jelly",1154,39213526,83.68
"treatments",1154,39214680,83.68
"colleague",1153,39215833,83.69
"concerning",1153,39216986,83.69
"sophisticated",1153,39218139,83.69
"dispatch",1152,39219291,83.69
"autumn",1151,39220442,83.7
"barn",1151,39221593,83.7
"brains",1151,39222744,83.7
"climbed",1151,39223895,83.7
"monica",1151,39225046,83.71
"paths",1151,39226197,83.71
"sandy",1151,39227348,83.71
"lasting",1150,39228498,83.71
"verizon",1150,39229648,83.72
"displayed",1149,39230797,83.72
"doubles",1149,39231946,83.72
"pond",1149,39233095,83.72
"dedication",1148,39234243,83.73
"healthier",1148,39235391,83.73
"loyalty",1148,39236539,83.73
"administrators",1147,39237686,83.73
"chickens",1147,39238833,83.74
"influenced",1147,39239980,83.74
"reaches",1147,39241127,83.74
"reflects",1147,39242274,83.74
"sounding",1147,39243421,83.75
"tin",1147,39244568,83.75
"cultures",1146,39245714,83.75
"belongs",1145,39246859,83.75
"beta",1145,39248004,83.76
"celebrities",1145,39249149,83.76
"dose",1145,39250294,83.76
"hail",1145,39251439,83.76
"investigations",1145,39252584,83.77
"meters",1145,39253729,83.77
"maine",1144,39254873,83.77
"roommate",1144,39256017,83.77
"wrist",1144,39257161,83.78
"fyi",1143,39258304,83.78
"picnic",1143,39259447,83.78
"thee",1143,39260590,83.78
"twisted",1143,39261733,83.79
"billions",1142,39262875,83.79
"cared",1142,39264017,83.79
"cereal",1142,39265159,83.79
"joan",1142,39266301,83.79
"sierra",1142,39267443,83.8
"stark",1142,39268585,83.8
"strips",1142,39269727,83.8
"economists",1141,39270868,83.8
"expertise",1141,39272009,83.81
"monroe",1141,39273150,83.81
"strawberries",1141,39274291,83.81
"apartments",1140,39275431,83.81
"fatal",1139,39276570,83.82
"outer",1139,39277709,83.82
"tobacco",1139,39278848,83.82
"aboard",1138,39279986,83.82
"intentions",1138,39281124,83.83
"louisiana",1138,39282262,83.83
"portrait",1138,39283400,83.83
"channels",1137,39284537,83.83
"designated",1137,39285674,83.84
"heather",1137,39286811,83.84
"counted",1136,39287947,83.84
"kenny",1136,39289083,83.84
"privilege",1136,39290219,83.85
"recycling",1136,39291355,83.85
"riders",1136,39292491,83.85
"towel",1136,39293627,83.85
"watches",1136,39294763,83.86
"wider",1136,39295899,83.86
"arkansas",1135,39297034,83.86
"costumes",1135,39298169,83.86
"juan",1135,39299304,83.87
"medal",1135,39300439,83.87
"reserved",1135,39301574,83.87
"jackie",1134,39302708,83.87
"penalties",1134,39303842,83.87
"supervisor",1134,39304976,83.88
"vincent",1134,39306110,83.88
"whipped",1134,39307244,83.88
"exotic",1133,39308377,83.88
"ignoring",1133,39309510,83.89
"chapters",1132,39310642,83.89
"darling",1132,39311774,83.89
"satisfying",1132,39312906,83.89
"dentist",1131,39314037,83.9
"hardware",1131,39315168,83.9
"kong",1131,39316299,83.9
"misses",1131,39317430,83.9
"scouts",1131,39318561,83.91
"soy",1131,39319692,83.91
"tire",1131,39320823,83.91
"embarrassed",1130,39321953,83.91
"sins",1129,39323082,83.92
"abilities",1128,39324210,83.92
"alumni",1128,39325338,83.92
"planes",1128,39326466,83.92
"pressing",1127,39327593,83.93
"steep",1127,39328720,83.93
"traditions",1127,39329847,83.93
"admire",1126,39330973,83.93
"lacking",1126,39332099,83.94
"leaning",1126,39333225,83.94
"substitute",1126,39334351,83.94
"tissue",1126,39335477,83.94
"jo",1125,39336602,83.94
"sara",1125,39337727,83.95
"contacts",1124,39338851,83.95
"demonstrate",1124,39339975,83.95
"flags",1124,39341099,83.95
"neutral",1124,39342223,83.96
"scientist",1124,39343347,83.96
"password",1123,39344470,83.96
"supposedly",1123,39345593,83.96
"charts",1122,39346715,83.97
"delightful",1122,39347837,83.97
"actively",1121,39348958,83.97
"attraction",1121,39350079,83.97
"bradley",1121,39351200,83.98
"broader",1121,39352321,83.98
"clayton",1121,39353442,83.98
"jurors",1121,39354563,83.98
"intriguing",1120,39355683,83.99
"pierce",1120,39356803,83.99
"processing",1120,39357923,83.99
"restored",1120,39359043,83.99
"screens",1120,39360163,84
"shook",1120,39361283,84
"berkeley",1119,39362402,84
"bounce",1119,39363521,84
"brunswick",1119,39364640,84
"bugs",1119,39365759,84.01
"expo",1119,39366878,84.01
"ot",1119,39367997,84.01
"preliminary",1119,39369116,84.01
"verdict",1119,39370235,84.02
"yeast",1119,39371354,84.02
"conditioning",1117,39372471,84.02
"ebay",1117,39373588,84.02
"murdered",1116,39374704,84.03
"nw",1116,39375820,84.03
"poorly",1116,39376936,84.03
"skies",1116,39378052,84.03
"excellence",1115,39379167,84.04
"monsters",1115,39380282,84.04
"performers",1115,39381397,84.04
"pulls",1115,39382512,84.04
"syndrome",1115,39383627,84.05
"chorus",1114,39384741,84.05
"desserts",1114,39385855,84.05
"holly",1114,39386969,84.05
"incentives",1114,39388083,84.05
"intersection",1114,39389197,84.06
"mars",1114,39390311,84.06
"powell",1114,39391425,84.06
"whisk",1114,39392539,84.06
"dominant",1113,39393652,84.07
"booking",1112,39394764,84.07
"bothered",1112,39395876,84.07
"thoughtful",1112,39396988,84.07
"chop",1111,39398099,84.08
"jerk",1111,39399210,84.08
"taxpayer",1111,39400321,84.08
"tooth",1111,39401432,84.08
"catches",1110,39402542,84.09
"messed",1110,39403652,84.09
"resigned",1110,39404762,84.09
"boxing",1109,39405871,84.09
"chile",1109,39406980,84.1
"bargain",1108,39408088,84.1
"carrier",1108,39409196,84.1
"floyd",1108,39410304,84.1
"graduates",1108,39411412,84.1
"latino",1108,39412520,84.11
"trauma",1108,39413628,84.11
"manages",1107,39414735,84.11
"offerings",1107,39415842,84.11
"prosecution",1107,39416949,84.12
"ski",1107,39418056,84.12
"accountability",1106,39419162,84.12
"chronic",1106,39420268,84.12
"entrepreneurs",1106,39421374,84.13
"hispanic",1106,39422480,84.13
"interim",1106,39423586,84.13
"malt",1106,39424692,84.13
"physician",1106,39425798,84.14
"adore",1105,39426903,84.14
"budgets",1105,39428008,84.14
"crawford",1105,39429113,84.14
"engines",1105,39430218,84.14
"sadness",1105,39431323,84.15
"scrap",1105,39432428,84.15
"bailey",1104,39433532,84.15
"citrus",1104,39434636,84.15
"cloth",1104,39435740,84.16
"powered",1104,39436844,84.16
"repairs",1104,39437948,84.16
"wallet",1104,39439052,84.16
"attacking",1103,39440155,84.17
"optional",1103,39441258,84.17
"swiss",1103,39442361,84.17
"tends",1103,39443464,84.17
"venues",1103,39444567,84.18
"cans",1102,39445669,84.18
"quinn",1102,39446771,84.18
"sprint",1102,39447873,84.18
"competitors",1101,39448974,84.18
"radar",1101,39450075,84.19
"bloom",1100,39451175,84.19
"mandate",1100,39452275,84.19
"distracted",1099,39453374,84.19
"functions",1099,39454473,84.2
"glimpse",1099,39455572,84.2
"na",1099,39456671,84.2
"psychological",1099,39457770,84.2
"archives",1098,39458868,84.21
"convenient",1098,39459966,84.21
"justify",1098,39461064,84.21
"knit",1098,39462162,84.21
"mob",1098,39463260,84.22
"myspace",1098,39464358,84.22
"workouts",1098,39465456,84.22
"defender",1097,39466553,84.22
"mcmillan",1097,39467650,84.22
"buyer",1096,39468746,84.23
"creature",1096,39469842,84.23
"delaware",1096,39470938,84.23
"swap",1096,39472034,84.23
"welcomed",1096,39473130,84.24
"chemicals",1095,39474225,84.24
"fifty",1095,39475320,84.24
"keen",1095,39476415,84.24
"ronald",1095,39477510,84.25
"zombies",1095,39478605,84.25
"ambitious",1094,39479699,84.25
"batman",1094,39480793,84.25
"crafting",1094,39481887,84.25
"mccoy",1094,39482981,84.26
"punched",1094,39484075,84.26
"warehouse",1094,39485169,84.26
"yelled",1094,39486263,84.26
"chicks",1093,39487356,84.27
"describing",1093,39488449,84.27
"provider",1093,39489542,84.27
"scope",1092,39490634,84.27
"streaming",1092,39491726,84.28
"transformed",1092,39492818,84.28
"transformation",1091,39493909,84.28
"delays",1090,39494999,84.28
"trigger",1090,39496089,84.29
"difficulties",1089,39497178,84.29
"encouragement",1089,39498267,84.29
"feast",1089,39499356,84.29
"intend",1089,39500445,84.29
"sentences",1089,39501534,84.3
"spark",1089,39502623,84.3
"vary",1089,39503712,84.3
"annie",1088,39504800,84.3
"bs",1088,39505888,84.31
"fountain",1088,39506976,84.31
"gut",1088,39508064,84.31
"pathetic",1088,39509152,84.31
"senators",1088,39510240,84.32
"blunt",1087,39511327,84.32
"felony",1087,39512414,84.32
"ignorance",1087,39513501,84.32
"peers",1087,39514588,84.32
"snapped",1087,39515675,84.33
"surprises",1087,39516762,84.33
"contractors",1086,39517848,84.33
"freezer",1086,39518934,84.33
"occupied",1086,39520020,84.34
"praised",1086,39521106,84.34
"tracy",1086,39522192,84.34
"avoiding",1085,39523277,84.34
"chilling",1085,39524362,84.35
"economist",1085,39525447,84.35
"messy",1085,39526532,84.35
"rapid",1085,39527617,84.35
"skillet",1085,39528702,84.35
"array",1084,39529786,84.36
"opposing",1084,39530870,84.36
"posters",1084,39531954,84.36
"disability",1083,39533037,84.36
"pitchers",1083,39534120,84.37
"pudding",1083,39535203,84.37
"blamed",1082,39536285,84.37
"excessive",1082,39537367,84.37
"juvenile",1082,39538449,84.38
"separated",1082,39539531,84.38
"dis",1081,39540612,84.38
"stephanie",1081,39541693,84.38
"widespread",1081,39542774,84.38
"architect",1080,39543854,84.39
"clinical",1080,39544934,84.39
"lens",1080,39546014,84.39
"shes",1080,39547094,84.39
"awaiting",1079,39548173,84.4
"dated",1079,39549252,84.4
"holmes",1079,39550331,84.4
"structures",1079,39551410,84.4
"tags",1079,39552489,84.41
"seating",1078,39553567,84.41
"shark",1078,39554645,84.41
"spill",1078,39555723,84.41
"unhappy",1078,39556801,84.41
"vet",1078,39557879,84.42
"commentary",1077,39558956,84.42
"matthews",1077,39560033,84.42
"silk",1077,39561110,84.42
"approaches",1076,39562186,84.43
"converted",1076,39563262,84.43
"inappropriate",1076,39564338,84.43
"snake",1076,39565414,84.43
"stern",1076,39566490,84.44
"nerve",1075,39567565,84.44
"andrea",1074,39568639,84.44
"applies",1074,39569713,84.44
"centuries",1074,39570787,84.44
"dealers",1074,39571861,84.45
"fog",1074,39572935,84.45
"interpretation",1074,39574009,84.45
"saturdays",1074,39575083,84.45
"strict",1074,39576157,84.46
"cam",1073,39577230,84.46
"honesty",1073,39578303,84.46
"rim",1073,39579376,84.46
"rocket",1073,39580449,84.47
"scripture",1073,39581522,84.47
"basil",1072,39582594,84.47
"desires",1072,39583666,84.47
"distinct",1072,39584738,84.47
"electronics",1072,39585810,84.48
"leo",1072,39586882,84.48
"renewed",1072,39587954,84.48
"selfish",1072,39589026,84.48
"sharks",1072,39590098,84.49
"evaluation",1071,39591169,84.49
"financially",1071,39592240,84.49
"instruction",1071,39593311,84.49
"peel",1071,39594382,84.49
"syria",1071,39595453,84.5
"elaborate",1070,39596523,84.5
"joey",1070,39597593,84.5
"outlet",1070,39598663,84.5
"unity",1070,39599733,84.51
"basics",1069,39600802,84.51
"dancer",1069,39601871,84.51
"investing",1069,39602940,84.51
"rehab",1069,39604009,84.52
"spy",1069,39605078,84.52
"translation",1069,39606147,84.52
"alter",1068,39607215,84.52
"destiny",1068,39608283,84.52
"resolved",1068,39609351,84.53
"solely",1068,39610419,84.53
"tenure",1068,39611487,84.53
"victories",1068,39612555,84.53
"continental",1067,39613622,84.54
"cowboy",1067,39614689,84.54
"emailed",1067,39615756,84.54
"homeland",1067,39616823,84.54
"niece",1067,39617890,84.55
"oppose",1067,39618957,84.55
"sodium",1067,39620024,84.55
"forgiveness",1066,39621090,84.55
"introducing",1066,39622156,84.55
"scattered",1066,39623222,84.56
"terribly",1066,39624288,84.56
"tricky",1066,39625354,84.56
"pills",1065,39626419,84.56
"defendant",1064,39627483,84.57
"fools",1064,39628547,84.57
"instruments",1064,39629611,84.57
"keyboard",1064,39630675,84.57
"revelation",1064,39631739,84.57
"wrapping",1064,39632803,84.58
"affects",1063,39633866,84.58
"arrangements",1063,39634929,84.58
"objective",1063,39635992,84.58
"peas",1063,39637055,84.59
"ratio",1063,39638118,84.59
"nerd",1062,39639180,84.59
"pint",1062,39640242,84.59
"agrees",1061,39641303,84.6
"backwards",1061,39642364,84.6
"bullpen",1061,39643425,84.6
"molly",1061,39644486,84.6
"operates",1061,39645547,84.6
"produces",1061,39646608,84.61
"securities",1061,39647669,84.61
"shifts",1061,39648730,84.61
"alas",1060,39649790,84.61
"christina",1060,39650850,84.62
"disclosure",1060,39651910,84.62
"domain",1060,39652970,84.62
"hobby",1060,39654030,84.62
"paperwork",1060,39655090,84.62
"popping",1060,39656150,84.63
"discrimination",1059,39657209,84.63
"concentrate",1058,39658267,84.63
"harvey",1058,39659325,84.63
"inviting",1058,39660383,84.64
"pope",1058,39661441,84.64
"teammate",1058,39662499,84.64
"honda",1057,39663556,84.64
"kindergarten",1057,39664613,84.64
"liver",1057,39665670,84.65
"leonard",1056,39666726,84.65
"squash",1056,39667782,84.65
"suspicion",1056,39668838,84.65
"thumb",1056,39669894,84.66
"lied",1055,39670949,84.66
"mandatory",1055,39672004,84.66
"centered",1054,39673058,84.66
"depressing",1054,39674112,84.67
"gentleman",1054,39675166,84.67
"tavern",1054,39676220,84.67
"troubles",1054,39677274,84.67
"adjusted",1053,39678327,84.67
"broth",1053,39679380,84.68
"displays",1053,39680433,84.68
"imperial",1053,39681486,84.68
"obesity",1053,39682539,84.68
"sings",1053,39683592,84.69
"bruno",1052,39684644,84.69
"connecticut",1052,39685696,84.69
"enrollment",1052,39686748,84.69
"interaction",1052,39687800,84.69
"politician",1052,39688852,84.7
"andre",1051,39689903,84.7
"cheering",1051,39690954,84.7
"curriculum",1051,39692005,84.7
"noah",1051,39693056,84.71
"pencil",1051,39694107,84.71
"carpenter",1050,39695157,84.71
"examine",1050,39696207,84.71
"seeded",1050,39697257,84.71
"gr",1049,39698306,84.72
"jeffrey",1049,39699355,84.72
"ouch",1049,39700404,84.72
"uncertainty",1049,39701453,84.72
"fielder",1048,39702501,84.73
"les",1048,39703549,84.73
"routes",1048,39704597,84.73
"tart",1048,39705645,84.73
"vibrant",1048,39706693,84.73
"likewise",1047,39707740,84.74
"playground",1047,39708787,84.74
"princeton",1047,39709834,84.74
"scoop",1047,39710881,84.74
"averaging",1046,39711927,84.75
"hating",1046,39712973,84.75
"headline",1046,39714019,84.75
"headlines",1046,39715065,84.75
"tab",1046,39716111,84.75
"wen",1046,39717157,84.76
"escaped",1045,39718202,84.76
"stressful",1045,39719247,84.76
"candles",1044,39720291,84.76
"clerk",1044,39721335,84.77
"demanded",1044,39722379,84.77
"foam",1044,39723423,84.77
"partially",1044,39724467,84.77
"reflected",1044,39725511,84.77
"vacant",1044,39726555,84.78
"irony",1043,39727598,84.78
"retain",1043,39728641,84.78
"terrorists",1043,39729684,84.78
"vinyl",1043,39730727,84.79
"railroad",1042,39731769,84.79
"containing",1041,39732810,84.79
"dump",1041,39733851,84.79
"fighter",1041,39734892,84.79
"levy",1041,39735933,84.8
"ounces",1041,39736974,84.8
"planting",1041,39738015,84.8
"victor",1041,39739056,84.8
"apologies",1040,39740096,84.81
"feat",1040,39741136,84.81
"grapes",1040,39742176,84.81
"towers",1040,39743216,84.81
"trusted",1040,39744256,84.81
"ashamed",1039,39745295,84.82
"glow",1039,39746334,84.82
"travis",1039,39747373,84.82
"altogether",1038,39748411,84.82
"baseman",1038,39749449,84.83
"commander",1038,39750487,84.83
"packs",1038,39751525,84.83
"valentines",1038,39752563,84.83
"buffet",1037,39753600,84.83
"busch",1037,39754637,84.84
"cartoon",1037,39755674,84.84
"cloudy",1037,39756711,84.84
"enjoys",1037,39757748,84.84
"gonzalez",1037,39758785,84.85
"kay",1037,39759822,84.85
"tequila",1037,39760859,84.85
"imposed",1036,39761895,84.85
"influential",1036,39762931,84.85
"summary",1036,39763967,84.86
"inspirational",1035,39765002,84.86
"ironic",1035,39766037,84.86
"lettuce",1035,39767072,84.86
"strongest",1035,39768107,84.87
"surf",1035,39769142,84.87
"drilling",1034,39770176,84.87
"languages",1034,39771210,84.87
"tide",1034,39772244,84.87
"tokyo",1034,39773278,84.88
"devastating",1033,39774311,84.88
"profound",1033,39775344,84.88
"typing",1033,39776377,84.88
"cardinal",1032,39777409,84.89
"ignorant",1032,39778441,84.89
"pt",1032,39779473,84.89
"appearing",1031,39780504,84.89
"disappear",1031,39781535,84.89
"distributed",1031,39782566,84.9
"observed",1031,39783597,84.9
"sweeping",1031,39784628,84.9
"yarn",1031,39785659,84.9
"alternatives",1030,39786689,84.91
"bowls",1030,39787719,84.91
"pledge",1030,39788749,84.91
"utterly",1030,39789779,84.91
"bites",1029,39790808,84.91
"conventional",1029,39791837,84.92
"dayton",1029,39792866,84.92
"drill",1029,39793895,84.92
"ferry",1029,39794924,84.92
"focuses",1029,39795953,84.93
"gibson",1029,39796982,84.93
"helicopter",1029,39798011,84.93
"illegally",1029,39799040,84.93
"shaw",1029,39800069,84.93
"tucson",1029,39801098,84.94
"closure",1028,39802126,84.94
"dull",1028,39803154,84.94
"rapper",1028,39804182,84.94
"allergies",1027,39805209,84.94
"bent",1027,39806236,84.95
"blows",1027,39807263,84.95
"bp",1027,39808290,84.95
"concepts",1027,39809317,84.95
"courtroom",1027,39810344,84.96
"emerge",1027,39811371,84.96
"opted",1027,39812398,84.96
"preservation",1027,39813425,84.96
"qualities",1027,39814452,84.96
"sequence",1027,39815479,84.97
"testament",1027,39816506,84.97
"avoided",1026,39817532,84.97
"cruel",1026,39818558,84.97
"fa",1026,39819584,84.98
"workplace",1026,39820610,84.98
"wounds",1026,39821636,84.98
"boulder",1025,39822661,84.98
"disgusting",1025,39823686,84.98
"insert",1025,39824711,84.99
"oriented",1025,39825736,84.99
"precisely",1025,39826761,84.99
"accountable",1024,39827785,84.99
"aha",1024,39828809,85
"bella",1024,39829833,85
"elephant",1024,39830857,85
"firmly",1024,39831881,85
"librarian",1024,39832905,85
"nasa",1023,39833928,85.01
"abraham",1022,39834950,85.01
"codes",1022,39835972,85.01
"helmet",1022,39836994,85.01
"receives",1022,39838016,85.01
"temporarily",1022,39839038,85.02
"buckeyes",1021,39840059,85.02
"cancel",1021,39841080,85.02
"hopkins",1021,39842101,85.02
"kurt",1021,39843122,85.03
"minimal",1021,39844143,85.03
"boats",1020,39845163,85.03
"mar",1020,39846183,85.03
"regions",1020,39847203,85.03
"rode",1020,39848223,85.04
"shoppers",1020,39849243,85.04
"tactics",1020,39850263,85.04
"downstairs",1019,39851282,85.04
"pollution",1019,39852301,85.05
"sweater",1019,39853320,85.05
"brett",1018,39854338,85.05
"copper",1018,39855356,85.05
"deemed",1018,39856374,85.05
"edited",1018,39857392,85.06
"notable",1018,39858410,85.06
"patty",1018,39859428,85.06
"spelling",1018,39860446,85.06
"addresses",1017,39861463,85.06
"cedar",1017,39862480,85.07
"chains",1017,39863497,85.07
"mat",1017,39864514,85.07
"mccain",1017,39865531,85.07
"searched",1017,39866548,85.08
"bully",1016,39867564,85.08
"flexible",1016,39868580,85.08
"granite",1016,39869596,85.08
"metropolitan",1016,39870612,85.08
"sword",1016,39871628,85.09
"tens",1016,39872644,85.09
"arrangement",1015,39873659,85.09
"fixing",1015,39874674,85.09
"gum",1015,39875689,85.1
"lin",1015,39876704,85.1
"nato",1015,39877719,85.1
"stability",1015,39878734,85.1
"chad",1014,39879748,85.1
"shifting",1014,39880762,85.11
"anticipation",1013,39881775,85.11
"secretly",1013,39882788,85.11
"thy",1013,39883801,85.11
"toddler",1013,39884814,85.11
"touring",1013,39885827,85.12
"utilities",1013,39886840,85.12
"amazingly",1012,39887852,85.12
"catcher",1012,39888864,85.12
"decorated",1012,39889876,85.13
"safer",1012,39890888,85.13
"slower",1012,39891900,85.13
"chargers",1011,39892911,85.13
"kathy",1011,39893922,85.13
"occurs",1011,39894933,85.14
"salem",1011,39895944,85.14
"sued",1011,39896955,85.14
"wifi",1011,39897966,85.14
"reid",1010,39898976,85.14
"bargaining",1009,39899985,85.15
"layoffs",1009,39900994,85.15
"antique",1008,39902002,85.15
"crawl",1008,39903010,85.15
"wardrobe",1008,39904018,85.16
"dental",1007,39905025,85.16
"gardening",1007,39906032,85.16
"haiti",1007,39907039,85.16
"licensed",1007,39908046,85.16
"queens",1007,39909053,85.17
"contractor",1006,39910059,85.17
"indictment",1006,39911065,85.17
"ip",1006,39912071,85.17
"shareholders",1006,39913077,85.18
"stakes",1006,39914083,85.18
"warmth",1006,39915089,85.18
"butterflies",1005,39916094,85.18
"commonly",1005,39917099,85.18
"needless",1005,39918104,85.19
"peek",1005,39919109,85.19
"tub",1004,39920113,85.19
"accommodate",1003,39921116,85.19
"bearing",1003,39922119,85.19
"evident",1003,39923122,85.2
"fled",1003,39924125,85.2
"outlets",1003,39925128,85.2
"cali",1002,39926130,85.2
"coyotes",1002,39927132,85.21
"outdoors",1002,39928134,85.21
"shitty",1002,39929136,85.21
"tablespoon",1002,39930138,85.21
"duo",1001,39931139,85.21
"implement",1001,39932140,85.22
"myth",1001,39933141,85.22
"payne",1001,39934142,85.22
"slim",1001,39935143,85.22
"elevator",1000,39936143,85.22
"freshly",1000,39937143,85.23
"logical",1000,39938143,85.23
"respectively",1000,39939143,85.23
"sustained",1000,39940143,85.23
"boutique",999,39941142,85.23
"consumed",999,39942141,85.24
"indication",999,39943140,85.24
"lining",999,39944139,85.24
"simultaneously",999,39945138,85.24
"nut",998,39946136,85.25
"origin",998,39947134,85.25
"perceived",998,39948132,85.25
"spouse",998,39949130,85.25
"thurs",998,39950128,85.25
"webster",998,39951126,85.26
"berlin",997,39952123,85.26
"closes",997,39953120,85.26
"consuming",997,39954117,85.26
"failures",997,39955114,85.26
"hayes",997,39956111,85.27
"lodge",997,39957108,85.27
"warmer",997,39958105,85.27
"ana",996,39959101,85.27
"aye",996,39960097,85.28
"bourbon",996,39961093,85.28
"burton",996,39962089,85.28
"educate",996,39963085,85.28
"satisfaction",996,39964081,85.28
"vista",996,39965077,85.29
"markers",995,39966072,85.29
"lucy",994,39967066,85.29
"manual",994,39968060,85.29
"nerves",994,39969054,85.29
"badge",993,39970047,85.3
"guided",993,39971040,85.3
"hs",993,39972033,85.3
"simmer",993,39973026,85.3
"az",992,39974018,85.31
"bleeding",992,39975010,85.31
"consensus",992,39976002,85.31
"doubts",992,39976994,85.31
"audit",991,39977985,85.31
"decor",991,39978976,85.32
"drummer",991,39979967,85.32
"enhance",991,39980958,85.32
"hearings",991,39981949,85.32
"peer",991,39982940,85.32
"preheat",991,39983931,85.33
"profession",991,39984922,85.33
"theirs",991,39985913,85.33
"wendy",991,39986904,85.33
"grammy",990,39987894,85.33
"karma",990,39988884,85.34
"underwear",990,39989874,85.34
"endorsement",989,39990863,85.34
"velvet",989,39991852,85.34
"discounts",988,39992840,85.35
"mansion",988,39993828,85.35
"agreements",986,39994814,85.35
"beverage",986,39995800,85.35
"flexibility",986,39996786,85.35
"mia",986,39997772,85.36
"mixer",986,39998758,85.36
"appointments",985,39999743,85.36
"ellis",985,40000728,85.36
"logan",985,40001713,85.36
"pill",985,40002698,85.37
"yell",985,40003683,85.37
"guardian",984,40004667,85.37
"investor",984,40005651,85.37
"palmer",984,40006635,85.37
"candle",983,40007618,85.38
"darker",983,40008601,85.38
"montana",983,40009584,85.38
"necklace",983,40010567,85.38
"openly",983,40011550,85.39
"pineapple",983,40012533,85.39
"regulatory",983,40013516,85.39
"scottish",983,40014499,85.39
"tropical",983,40015482,85.39
"workshops",983,40016465,85.4
"faded",982,40017447,85.4
"instructor",982,40018429,85.4
"oscars",982,40019411,85.4
"permits",982,40020393,85.4
"presidents",982,40021375,85.41
"pursuing",982,40022357,85.41
"ash",981,40023338,85.41
"flames",981,40024319,85.41
"notebook",981,40025300,85.41
"operator",981,40026281,85.42
"electrical",980,40027261,85.42
"judicial",980,40028241,85.42
"ordinance",980,40029221,85.42
"paired",980,40030201,85.42
"tattoos",980,40031181,85.43
"timothy",980,40032161,85.43
"abused",979,40033140,85.43
"pairs",979,40034119,85.43
"tempted",979,40035098,85.44
"critic",978,40036076,85.44
"grandpa",978,40037054,85.44
"vitamin",978,40038032,85.44
"cox",977,40039009,85.44
"elliott",977,40039986,85.45
"refrigerator",977,40040963,85.45
"wikipedia",977,40041940,85.45
"fda",976,40042916,85.45
"incentive",976,40043892,85.45
"spices",976,40044868,85.46
"designing",975,40045843,85.46
"grape",975,40046818,85.46
"linking",975,40047793,85.46
"raiders",975,40048768,85.46
"ac",974,40049742,85.47
"beads",974,40050716,85.47
"instrument",974,40051690,85.47
"tucked",974,40052664,85.47
"zip",974,40053638,85.47
"beaches",973,40054611,85.48
"clarity",973,40055584,85.48
"foil",973,40056557,85.48
"hub",973,40057530,85.48
"pricing",973,40058503,85.49
"radiation",973,40059476,85.49
"singapore",973,40060449,85.49
"toxic",973,40061422,85.49
"lifting",972,40062394,85.49
"tuna",972,40063366,85.5
"allies",971,40064337,85.5
"diving",971,40065308,85.5
"facial",971,40066279,85.5
"funniest",971,40067250,85.5
"coleman",970,40068220,85.51
"isolated",970,40069190,85.51
"salads",970,40070160,85.51
"volleyball",970,40071130,85.51
"beverly",969,40072099,85.51
"booker",969,40073068,85.52
"gifted",969,40074037,85.52
"luther",969,40075006,85.52
"neal",969,40075975,85.52
"shoots",969,40076944,85.52
"costly",968,40077912,85.53
"cozy",968,40078880,85.53
"shannon",968,40079848,85.53
"stickers",968,40080816,85.53
"visitor",968,40081784,85.54
"clips",967,40082751,85.54
"dignity",967,40083718,85.54
"processes",967,40084685,85.54
"sew",967,40085652,85.54
"deputies",966,40086618,85.55
"educators",966,40087584,85.55
"greet",966,40088550,85.55
"mtv",966,40089516,85.55
"protective",966,40090482,85.55
"scent",966,40091448,85.56
"workforce",966,40092414,85.56
"cathedral",965,40093379,85.56
"convenience",965,40094344,85.56
"convert",965,40095309,85.56
"deleted",965,40096274,85.57
"lesser",965,40097239,85.57
"lily",965,40098204,85.57
"opt",965,40099169,85.57
"risen",965,40100134,85.57
"valued",965,40101099,85.58
"completion",964,40102063,85.58
"fierce",964,40103027,85.58
"fluid",964,40103991,85.58
"gateway",964,40104955,85.58
"roosevelt",964,40105919,85.59
"violated",964,40106883,85.59
"claire",963,40107846,85.59
"hong",963,40108809,85.59
"rivera",963,40109772,85.59
"shallow",963,40110735,85.6
"superbowl",963,40111698,85.6
"aroma",962,40112660,85.6
"cooperation",962,40113622,85.6
"driveway",962,40114584,85.61
"jerusalem",962,40115546,85.61
"saturated",962,40116508,85.61
"stitch",962,40117470,85.61
"feared",961,40118431,85.61
"forgetting",961,40119392,85.62
"funk",961,40120353,85.62
"statue",961,40121314,85.62
"angela",960,40122274,85.62
"norman",960,40123234,85.62
"patrons",960,40124194,85.63
"rio",960,40125154,85.63
"bees",959,40126113,85.63
"elvis",959,40127072,85.63
"lawsuits",959,40128031,85.63
"collar",958,40128989,85.64
"nod",958,40129947,85.64
"topping",958,40130905,85.64
"transform",958,40131863,85.64
"warrior",958,40132821,85.64
"acquisition",957,40133778,85.65
"christianity",957,40134735,85.65
"ensemble",957,40135692,85.65
"floral",957,40136649,85.65
"haircut",957,40137606,85.65
"glen",956,40138562,85.66
"inventory",956,40139518,85.66
"knocking",956,40140474,85.66
"tutorial",956,40141430,85.66
"varieties",956,40142386,85.66
"exercises",955,40143341,85.67
"inquiry",955,40144296,85.67
"nixon",955,40145251,85.67
"traditionally",955,40146206,85.67
"welcoming",955,40147161,85.67
"juicy",954,40148115,85.68
"provisions",954,40149069,85.68
"sydney",954,40150023,85.68
"alternate",953,40150976,85.68
"bb",953,40151929,85.68
"chic",953,40152882,85.69
"chiefs",953,40153835,85.69
"freely",953,40154788,85.69
"rooting",953,40155741,85.69
"ala",952,40156693,85.69
"coolest",952,40157645,85.7
"ivy",952,40158597,85.7
"reactions",952,40159549,85.7
"responsibilities",952,40160501,85.7
"robot",952,40161453,85.71
"ruth",952,40162405,85.71
"suburbs",952,40163357,85.71
"turnovers",952,40164309,85.71
"windy",952,40165261,85.71
"disc",951,40166212,85.72
"dual",951,40167163,85.72
"sweeney",951,40168114,85.72
"atop",950,40169064,85.72
"classics",950,40170014,85.72
"fleet",950,40170964,85.73
"rat",950,40171914,85.73
"survivor",950,40172864,85.73
"buddies",949,40173813,85.73
"demonstrated",949,40174762,85.73
"diary",949,40175711,85.74
"observation",949,40176660,85.74
"peach",949,40177609,85.74
"spite",949,40178558,85.74
"usage",949,40179507,85.74
"cocoa",948,40180455,85.75
"florence",948,40181403,85.75
"hiking",948,40182351,85.75
"lid",948,40183299,85.75
"proceed",948,40184247,85.75
"external",947,40185194,85.76
"heating",947,40186141,85.76
"prisoners",947,40187088,85.76
"springfield",947,40188035,85.76
"cuban",946,40188981,85.76
"diane",946,40189927,85.77
"hbo",946,40190873,85.77
"lengthy",946,40191819,85.77
"lobster",946,40192765,85.77
"completing",945,40193710,85.77
"consists",945,40194655,85.78
"fist",945,40195600,85.78
"judy",945,40196545,85.78
"screwed",945,40197490,85.78
"tackles",945,40198435,85.78
"curtis",944,40199379,85.79
"gregory",944,40200323,85.79
"initiatives",944,40201267,85.79
"knitting",944,40202211,85.79
"developments",943,40203154,85.79
"figuring",943,40204097,85.8
"significance",943,40205040,85.8
"adapted",942,40205982,85.8
"crunch",942,40206924,85.8
"grip",942,40207866,85.8
"apt",941,40208807,85.81
"components",941,40209748,85.81
"insist",941,40210689,85.81
"irs",941,40211630,85.81
"kc",941,40212571,85.81
"sequel",941,40213512,85.82
"wax",941,40214453,85.82
"wipe",941,40215394,85.82
"curve",940,40216334,85.82
"delighted",940,40217274,85.82
"evolved",940,40218214,85.83
"jenny",940,40219154,85.83
"norm",940,40220094,85.83
"arc",939,40221033,85.83
"mango",939,40221972,85.83
"pal",939,40222911,85.84
"strings",939,40223850,85.84
"trunk",939,40224789,85.84
"xmas",939,40225728,85.84
"animated",938,40226666,85.84
"beavers",938,40227604,85.85
"hangover",938,40228542,85.85
"invasion",938,40229480,85.85
"psychology",938,40230418,85.85
"acoustic",937,40231355,85.85
"hatred",937,40232292,85.86
"madonna",937,40233229,85.86
"realm",937,40234166,85.86
"winery",937,40235103,85.86
"satellite",936,40236039,85.86
"delegates",934,40236973,85.87
"inmates",934,40237907,85.87
"scan",934,40238841,85.87
"gravity",933,40239774,85.87
"proceedings",933,40240707,85.87
"royals",933,40241640,85.88
"stiff",933,40242573,85.88
"apology",932,40243505,85.88
"chronicle",931,40244436,85.88
"coats",931,40245367,85.88
"damages",931,40246298,85.89
"meditation",931,40247229,85.89
"startup",931,40248160,85.89
"collapsed",930,40249090,85.89
"dunk",930,40250020,85.89
"examination",930,40250950,85.9
"nicholas",930,40251880,85.9
"portions",930,40252810,85.9
"seth",930,40253740,85.9
"suitable",930,40254670,85.9
"willingness",930,40255600,85.91
"dots",929,40256529,85.91
"martinez",929,40257458,85.91
"refers",929,40258387,85.91
"tires",929,40259316,85.91
"tying",929,40260245,85.92
"wasting",929,40261174,85.92
"gem",928,40262102,85.92
"guitarist",928,40263030,85.92
"psalm",928,40263958,85.92
"snyder",928,40264886,85.93
"speculation",928,40265814,85.93
"surveillance",928,40266742,85.93
"baylor",927,40267669,85.93
"funky",927,40268596,85.93
"homers",927,40269523,85.94
"installation",927,40270450,85.94
"rope",927,40271377,85.94
"slowed",927,40272304,85.94
"stretched",927,40273231,85.94
"turnout",927,40274158,85.95
"adele",926,40275084,85.95
"barrier",926,40276010,85.95
"enable",926,40276936,85.95
"bias",925,40277861,85.95
"bruins",925,40278786,85.96
"cm",925,40279711,85.96
"cope",925,40280636,85.96
"karl",925,40281561,85.96
"proves",925,40282486,85.96
"switching",925,40283411,85.97
"waist",925,40284336,85.97
"witch",925,40285261,85.97
"brass",924,40286185,85.97
"contributing",924,40287109,85.97
"ins",924,40288033,85.98
"phenomenon",924,40288957,85.98
"riot",924,40289881,85.98
"addressing",923,40290804,85.98
"champ",923,40291727,85.98
"frost",923,40292650,85.99
"hitters",923,40293573,85.99
"raymond",923,40294496,85.99
"splash",923,40295419,85.99
"arsenal",922,40296341,85.99
"genuinely",922,40297263,85.99
"inbox",922,40298185,86
"oregonian",922,40299107,86
"peters",922,40300029,86
"recruit",922,40300951,86
"alpha",921,40301872,86
"hitchcock",921,40302793,86.01
"nascar",921,40303714,86.01
"separation",921,40304635,86.01
"accidents",920,40305555,86.01
"exceptional",920,40306475,86.01
"outfits",920,40307395,86.02
"proposition",920,40308315,86.02
"almond",919,40309234,86.02
"criteria",919,40310153,86.02
"publicity",919,40311072,86.02
"serial",919,40311991,86.03
"signatures",919,40312910,86.03
"catherine",918,40313828,86.03
"component",918,40314746,86.03
"cracking",918,40315664,86.03
"dome",918,40316582,86.04
"filmed",918,40317500,86.04
"insights",918,40318418,86.04
"ledger",918,40319336,86.04
"organ",918,40320254,86.04
"relation",918,40321172,86.05
"reserves",918,40322090,86.05
"sh",918,40323008,86.05
"flame",917,40323925,86.05
"hay",917,40324842,86.05
"countdown",916,40325758,86.06
"straw",916,40326674,86.06
"caffeine",915,40327589,86.06
"herb",915,40328504,86.06
"hilton",915,40329419,86.06
"jenkins",915,40330334,86.07
"sharon",915,40331249,86.07
"dwight",914,40332163,86.07
"habitat",914,40333077,86.07
"pearls",914,40333991,86.07
"relieved",914,40334905,86.08
"sticker",914,40335819,86.08
"clutch",913,40336732,86.08
"geek",913,40337645,86.08
"html",913,40338558,86.08
"lending",913,40339471,86.08
"theaters",913,40340384,86.09
"beatles",912,40341296,86.09
"jill",912,40342208,86.09
"merger",912,40343120,86.09
"sculpture",912,40344032,86.09
"bananas",911,40344943,86.1
"cohen",911,40345854,86.1
"dependent",911,40346765,86.1
"dreamed",911,40347676,86.1
"erin",911,40348587,86.1
"submission",911,40349498,86.11
"tougher",911,40350409,86.11
"burnt",910,40351319,86.11
"christine",910,40352229,86.11
"contests",910,40353139,86.11
"grasp",910,40354049,86.12
"microwave",910,40354959,86.12
"outing",910,40355869,86.12
"pretending",910,40356779,86.12
"productions",910,40357689,86.12
"rebound",910,40358599,86.13
"reluctant",910,40359509,86.13
"compact",909,40360418,86.13
"nickname",909,40361327,86.13
"evan",908,40362235,86.13
"graders",908,40363143,86.14
"pirate",908,40364051,86.14
"ritual",908,40364959,86.14
"shane",908,40365867,86.14
"bailout",907,40366774,86.14
"cigarettes",907,40367681,86.15
"clearing",907,40368588,86.15
"conferences",907,40369495,86.15
"consent",907,40370402,86.15
"easiest",907,40371309,86.15
"freddie",907,40372216,86.15
"greatness",907,40373123,86.16
"needle",907,40374030,86.16
"salty",907,40374937,86.16
"scholars",907,40375844,86.16
"mushroom",906,40376750,86.16
"poison",906,40377656,86.17
"raid",906,40378562,86.17
"syracuse",906,40379468,86.17
"caribbean",905,40380373,86.17
"packaging",905,40381278,86.17
"representation",905,40382183,86.18
"stimulus",905,40383088,86.18
"graphics",904,40383992,86.18
"hulk",904,40384896,86.18
"indicates",904,40385800,86.18
"selections",904,40386704,86.19
"severely",904,40387608,86.19
"td",904,40388512,86.19
"flooding",903,40389415,86.19
"fond",903,40390318,86.19
"infant",903,40391221,86.2
"reminding",903,40392124,86.2
"transparency",903,40393027,86.2
"broccoli",902,40393929,86.2
"downloaded",902,40394831,86.2
"leagues",902,40395733,86.21
"therapist",902,40396635,86.21
"acquire",901,40397536,86.21
"arrange",901,40398437,86.21
"controlling",901,40399338,86.21
"flavored",901,40400239,86.21
"holland",901,40401140,86.22
"stretching",901,40402041,86.22
"sweetie",901,40402942,86.22
"absent",900,40403842,86.22
"chilly",900,40404742,86.22
"epa",900,40405642,86.23
"irene",900,40406542,86.23
"joyce",900,40407442,86.23
"rankings",900,40408342,86.23
"rises",900,40409242,86.23
"rows",900,40410142,86.24
"adequate",899,40411041,86.24
"battling",899,40411940,86.24
"belgian",899,40412839,86.24
"cycling",899,40413738,86.24
"donuts",899,40414637,86.25
"librarians",899,40415536,86.25
"lloyd",899,40416435,86.25
"marker",899,40417334,86.25
"nebraska",899,40418233,86.25
"nowadays",899,40419132,86.25
"smarter",899,40420031,86.26
"asparagus",898,40420929,86.26
"evaluate",898,40421827,86.26
"immune",898,40422725,86.26
"petty",898,40423623,86.26
"presentations",898,40424521,86.27
"stance",898,40425419,86.27
"albeit",897,40426316,86.27
"diagnosis",897,40427213,86.27
"farther",897,40428110,86.27
"headphones",897,40429007,86.28
"incumbent",897,40429904,86.28
"auditions",896,40430800,86.28
"carrie",896,40431696,86.28
"delivers",896,40432592,86.28
"encourages",896,40433488,86.29
"mound",896,40434384,86.29
"aliens",895,40435279,86.29
"intel",895,40436174,86.29
"peterson",895,40437069,86.29
"recalls",895,40437964,86.3
"canned",894,40438858,86.3
"chapel",894,40439752,86.3
"processed",894,40440646,86.3
"predators",893,40441539,86.3
"productivity",893,40442432,86.3
"tourney",893,40443325,86.31
"congressman",892,40444217,86.31
"iced",892,40445109,86.31
"interact",892,40446001,86.31
"lasts",892,40446893,86.31
"msg",892,40447785,86.32
"nationals",892,40448677,86.32
"puzzle",892,40449569,86.32
"rains",892,40450461,86.32
"ally",891,40451352,86.32
"cheek",891,40452243,86.33
"counseling",891,40453134,86.33
"curiosity",891,40454025,86.33
"reservation",891,40454916,86.33
"artificial",890,40455806,86.33
"gossip",890,40456696,86.34
"probe",890,40457586,86.34
"supporter",890,40458476,86.34
"wonderfully",890,40459366,86.34
"bookstore",889,40460255,86.34
"forming",889,40461144,86.34
"inform",889,40462033,86.35
"receivers",889,40462922,86.35
"seized",889,40463811,86.35
"decrease",888,40464699,86.35
"founding",888,40465587,86.35
"mining",888,40466475,86.36
"referendum",888,40467363,86.36
"booze",887,40468250,86.36
"irving",887,40469137,86.36
"negotiate",887,40470024,86.36
"perez",887,40470911,86.37
"regards",887,40471798,86.37
"stan",887,40472685,86.37
"athletics",886,40473571,86.37
"den",886,40474457,86.37
"lakewood",886,40475343,86.37
"scrutiny",886,40476229,86.38
"strictly",886,40477115,86.38
"crib",885,40478000,86.38
"commented",884,40478884,86.38
"decorating",884,40479768,86.38
"extract",884,40480652,86.39
"rodgers",884,40481536,86.39
"trustees",884,40482420,86.39
"chambers",883,40483303,86.39
"coincidence",883,40484186,86.39
"frames",883,40485069,86.4
"oxygen",883,40485952,86.4
"province",883,40486835,86.4
"skilled",883,40487718,86.4
"compliance",882,40488600,86.4
"declare",882,40489482,86.41
"fr",882,40490364,86.41
"fur",882,40491246,86.41
"kudos",882,40492128,86.41
"nursery",882,40493010,86.41
"poised",882,40493892,86.41
"anthem",881,40494773,86.42
"cheat",881,40495654,86.42
"courtney",881,40496535,86.42
"equipped",881,40497416,86.42
"handles",881,40498297,86.42
"memo",881,40499178,86.43
"placement",881,40500059,86.43
"avatar",880,40500939,86.43
"echo",880,40501819,86.43
"recordings",880,40502699,86.43
"regarded",880,40503579,86.44
"strengthen",880,40504459,86.44
"taliban",880,40505339,86.44
"crispy",879,40506218,86.44
"cutest",879,40507097,86.44
"illustrated",879,40507976,86.44
"privately",879,40508855,86.45
"intro",878,40509733,86.45
"jungle",878,40510611,86.45
"kirk",878,40511489,86.45
"merit",878,40512367,86.45
"panthers",878,40513245,86.46
"wreck",878,40514123,86.46
"ambassador",877,40515000,86.46
"cottage",877,40515877,86.46
"precise",877,40516754,86.46
"researching",877,40517631,86.47
"zealand",877,40518508,86.47
"adviser",876,40519384,86.47
"bells",876,40520260,86.47
"carrot",876,40521136,86.47
"joins",876,40522012,86.47
"keynote",876,40522888,86.48
"physics",876,40523764,86.48
"cleaner",875,40524639,86.48
"constructed",875,40525514,86.48
"defended",875,40526389,86.48
"icing",875,40527264,86.49
"joking",875,40528139,86.49
"victorian",875,40529014,86.49
"bliss",874,40529888,86.49
"fluffy",874,40530762,86.49
"hallway",874,40531636,86.5
"refund",874,40532510,86.5
"sip",874,40533384,86.5
"stellar",874,40534258,86.5
"thirds",874,40535132,86.5
"thirsty",873,40536005,86.5
"cooks",872,40536877,86.51
"newport",872,40537749,86.51
"newsletter",872,40538621,86.51
"pioneer",872,40539493,86.51
"aggravated",871,40540364,86.51
"coupons",871,40541235,86.52
"magnificent",871,40542106,86.52
"satisfy",871,40542977,86.52
"stumbled",871,40543848,86.52
"barbecue",870,40544718,86.52
"dem",870,40545588,86.52
"favors",870,40546458,86.53
"implications",870,40547328,86.53
"lungs",870,40548198,86.53
"medina",870,40549068,86.53
"oatmeal",870,40549938,86.53
"surrender",870,40550808,86.54
"weighed",870,40551678,86.54
"carson",869,40552547,86.54
"litigation",869,40553416,86.54
"considerable",868,40554284,86.54
"convincing",868,40555152,86.55
"cracks",868,40556020,86.55
"derrick",868,40556888,86.55
"idaho",868,40557756,86.55
"mercury",868,40558624,86.55
"treasurer",868,40559492,86.55
"dye",867,40560359,86.56
"harmony",867,40561226,86.56
"landmark",867,40562093,86.56
"resurrection",867,40562960,86.56
"revolutionary",867,40563827,86.56
"ruby",867,40564694,86.57
"uncertain",867,40565561,86.57
"cia",866,40566427,86.57
"coloring",866,40567293,86.57
"handmade",866,40568159,86.57
"insanity",866,40569025,86.57
"liz",866,40569891,86.58
"mash",866,40570757,86.58
"shifted",866,40571623,86.58
"aims",865,40572488,86.58
"federation",865,40573353,86.58
"grammar",865,40574218,86.59
"impress",865,40575083,86.59
"mickey",865,40575948,86.59
"cooling",864,40576812,86.59
"curb",864,40577676,86.59
"incorporate",864,40578540,86.6
"ingredient",864,40579404,86.6
"phenomenal",864,40580268,86.6
"finishes",863,40581131,86.6
"obligation",863,40581994,86.6
"observe",863,40582857,86.6
"oprah",863,40583720,86.61
"oxford",863,40584583,86.61
"cookbook",862,40585445,86.61
"lacks",862,40586307,86.61
"mock",862,40587169,86.61
"pools",862,40588031,86.62
"processor",862,40588893,86.62
"stored",862,40589755,86.62
"sympathy",862,40590617,86.62
"fade",861,40591478,86.62
"grams",861,40592339,86.62
"jacobs",861,40593200,86.63
"admits",860,40594060,86.63
"aisle",860,40594920,86.63
"encountered",860,40595780,86.63
"obstacles",860,40596640,86.63
"pilots",860,40597500,86.64
"resting",860,40598360,86.64
"senses",860,40599220,86.64
"unaware",860,40600080,86.64
"commute",859,40600939,86.64
"polite",859,40601798,86.64
"questionable",859,40602657,86.65
"sealed",859,40603516,86.65
"seated",859,40604375,86.65
"sony",859,40605234,86.65
"bracket",858,40606092,86.65
"historically",858,40606950,86.66
"newton",858,40607808,86.66
"parenthood",858,40608666,86.66
"vague",858,40609524,86.66
"warn",858,40610382,86.66
"airplane",857,40611239,86.66
"authorized",857,40612096,86.67
"caution",857,40612953,86.67
"coached",857,40613810,86.67
"gala",857,40614667,86.67
"gourmet",857,40615524,86.67
"offended",857,40616381,86.68
"rhetoric",857,40617238,86.68
"spaghetti",857,40618095,86.68
"baldwin",856,40618951,86.68
"casinos",856,40619807,86.68
"frosting",856,40620663,86.69
"gal",856,40621519,86.69
"preschool",856,40622375,86.69
"framed",855,40623230,86.69
"restoration",855,40624085,86.69
"rochester",855,40624940,86.69
"soak",855,40625795,86.7
"cheesecake",854,40626649,86.7
"texted",854,40627503,86.7
"denial",853,40628356,86.7
"envy",853,40629209,86.7
"outreach",853,40630062,86.71
"proving",853,40630915,86.71
"teddy",853,40631768,86.71
"wolves",853,40632621,86.71
"pulse",852,40633473,86.71
"thumbs",852,40634325,86.71
"abundance",851,40635176,86.72
"breakdown",851,40636027,86.72
"dolls",851,40636878,86.72
"fighters",851,40637729,86.72
"identical",851,40638580,86.72
"conscience",850,40639430,86.73
"jared",850,40640280,86.73
"labeled",850,40641130,86.73
"mechanical",850,40641980,86.73
"overhaul",850,40642830,86.73
"flaws",849,40643679,86.73
"surge",849,40644528,86.74
"correction",848,40645376,86.74
"dragged",848,40646224,86.74
"highlighted",848,40647072,86.74
"stunned",848,40647920,86.74
"argues",847,40648767,86.75
"elect",847,40649614,86.75
"embraced",847,40650461,86.75
"enthusiastic",847,40651308,86.75
"romans",847,40652155,86.75
"tapped",847,40653002,86.75
"urging",847,40653849,86.76
"wandering",847,40654696,86.76
"grid",846,40655542,86.76
"hospitality",846,40656388,86.76
"updating",846,40657234,86.76
"coastal",845,40658079,86.76
"crafty",845,40658924,86.77
"evenly",845,40659769,86.77
"shipped",845,40660614,86.77
"buys",844,40661458,86.77
"distinction",844,40662302,86.77
"dodge",844,40663146,86.78
"karaoke",844,40663990,86.78
"leftover",844,40664834,86.78
"limitations",844,40665678,86.78
"motors",844,40666522,86.78
"orientation",844,40667366,86.78
"parallel",844,40668210,86.79
"soaked",844,40669054,86.79
"altered",843,40669897,86.79
"confession",843,40670740,86.79
"embassy",843,40671583,86.79
"moss",843,40672426,86.8
"natalie",843,40673269,86.8
"partial",843,40674112,86.8
"rum",843,40674955,86.8
"batteries",842,40675797,86.8
"bounty",842,40676639,86.8
"consume",842,40677481,86.81
"inspection",842,40678323,86.81
"cabbage",841,40679164,86.81
"enhanced",841,40680005,86.81
"kissing",841,40680846,86.81
"ranger",841,40681687,86.82
"solved",841,40682528,86.82
"ta",841,40683369,86.82
"ambulance",840,40684209,86.82
"exploration",840,40685049,86.82
"revealing",840,40685889,86.82
"sparkling",840,40686729,86.83
"thriller",840,40687569,86.83
"breed",839,40688408,86.83
"crude",839,40689247,86.83
"idiots",839,40690086,86.83
"signals",839,40690925,86.83
"marketplace",838,40691763,86.84
"murdoch",838,40692601,86.84
"appetite",837,40693438,86.84
"murders",837,40694275,86.84
"sally",837,40695112,86.84
"trace",837,40695949,86.85
"tsunami",837,40696786,86.85
"greene",836,40697622,86.85
"intrigued",836,40698458,86.85
"johns",836,40699294,86.85
"knights",836,40700130,86.85
"offset",836,40700966,86.86
"bergen",835,40701801,86.86
"colin",835,40702636,86.86
"corrupt",835,40703471,86.86
"dumped",835,40704306,86.86
"preventing",835,40705141,86.87
"shield",835,40705976,86.87
"stating",835,40706811,86.87
"uniforms",835,40707646,86.87
"applause",834,40708480,86.87
"baskets",834,40709314,86.87
"brewed",834,40710148,86.88
"exclusively",834,40710982,86.88
"marlins",834,40711816,86.88
"operators",834,40712650,86.88
"abstract",833,40713483,86.88
"badgers",833,40714316,86.88
"chunks",833,40715149,86.89
"elder",833,40715982,86.89
"howell",833,40716815,86.89
"lacrosse",833,40717648,86.89
"liability",833,40718481,86.89
"skeptical",833,40719314,86.9
"swinging",833,40720147,86.9
"concentration",832,40720979,86.9
"kidney",832,40721811,86.9
"restricted",832,40722643,86.9
"secured",832,40723475,86.9
"shouting",832,40724307,86.91
"ballroom",831,40725138,86.91
"bummer",831,40725969,86.91
"churchill",831,40726800,86.91
"conflicts",831,40727631,86.91
"danielle",831,40728462,86.92
"dinners",831,40729293,86.92
"frog",831,40730124,86.92
"irrelevant",831,40730955,86.92
"slavery",831,40731786,86.92
"smartphone",831,40732617,86.92
"comparing",830,40733447,86.93
"continually",830,40734277,86.93
"cricket",830,40735107,86.93
"endorsed",830,40735937,86.93
"judged",830,40736767,86.93
"quicker",830,40737597,86.93
"trades",830,40738427,86.94
"di",829,40739256,86.94
"rebel",829,40740085,86.94
"scholarships",829,40740914,86.94
"translate",829,40741743,86.94
"cult",828,40742571,86.95
"moses",828,40743399,86.95
"retiring",828,40744227,86.95
"transmission",828,40745055,86.95
"unified",828,40745883,86.95
"void",828,40746711,86.95
"caroline",827,40747538,86.96
"gown",827,40748365,86.96
"haul",827,40749192,86.96
"puerto",827,40750019,86.96
"henderson",826,40750845,86.96
"kissed",825,40751670,86.96
"lively",825,40752495,86.97
"bash",824,40753319,86.97
"corey",824,40754143,86.97
"earliest",824,40754967,86.97
"gb",824,40755791,86.97
"liberals",824,40756615,86.98
"tanning",824,40757439,86.98
"bernard",823,40758262,86.98
"lemonade",823,40759085,86.98
"practiced",823,40759908,86.98
"reps",823,40760731,86.98
"rumor",823,40761554,86.99
"float",822,40762376,86.99
"glance",822,40763198,86.99
"haunted",822,40764020,86.99
"rounded",822,40764842,86.99
"sciences",822,40765664,86.99
"stevens",822,40766486,87
"borrowing",821,40767307,87
"considers",821,40768128,87
"dense",821,40768949,87
"insists",821,40769770,87
"majors",821,40770591,87
"offenders",821,40771412,87.01
"socialist",821,40772233,87.01
"trafficking",821,40773054,87.01
"visa",821,40773875,87.01
"kelley",820,40774695,87.01
"masses",820,40775515,87.02
"smallest",820,40776335,87.02
"carnival",819,40777154,87.02
"crafted",819,40777973,87.02
"highland",819,40778792,87.02
"kindly",819,40779611,87.02
"overhead",819,40780430,87.03
"unprecedented",819,40781249,87.03
"edison",818,40782067,87.03
"gravy",818,40782885,87.03
"outcomes",818,40783703,87.03
"paragraph",818,40784521,87.03
"physicians",818,40785339,87.04
"prayed",818,40786157,87.04
"resolutions",818,40786975,87.04
"greeted",817,40787792,87.04
"grounded",817,40788609,87.04
"premise",817,40789426,87.05
"purely",817,40790243,87.05
"runway",817,40791060,87.05
"seasoned",817,40791877,87.05
"sensation",817,40792694,87.05
"sunglasses",817,40793511,87.05
"citizenship",816,40794327,87.06
"cuba",816,40795143,87.06
"marilyn",816,40795959,87.06
"tad",816,40796775,87.06
"umbrella",816,40797591,87.06
"veggie",816,40798407,87.06
"entertain",815,40799222,87.07
"lance",815,40800037,87.07
"literacy",815,40800852,87.07
"necessity",815,40801667,87.07
"composed",814,40802481,87.07
"composer",814,40803295,87.07
"detention",814,40804109,87.08
"gomez",814,40804923,87.08
"ripe",814,40805737,87.08
"sentencing",814,40806551,87.08
"agricultural",813,40807364,87.08
"espresso",813,40808177,87.09
"gerald",813,40808990,87.09
"sage",813,40809803,87.09
"superstar",813,40810616,87.09
"boarding",812,40811428,87.09
"burke",812,40812240,87.09
"danced",812,40813052,87.1
"discovering",812,40813864,87.1
"filter",812,40814676,87.1
"goalie",812,40815488,87.1
"grabbing",812,40816300,87.1
"jacksonville",812,40817112,87.1
"semifinals",812,40817924,87.11
"sincerely",812,40818736,87.11
"stove",812,40819548,87.11
"cows",811,40820359,87.11
"diners",811,40821170,87.11
"oddly",811,40821981,87.11
"prosperity",811,40822792,87.12
"renewal",811,40823603,87.12
"squares",811,40824414,87.12
"whew",811,40825225,87.12
"biden",810,40826035,87.12
"entrepreneur",810,40826845,87.13
"expectation",810,40827655,87.13
"pies",810,40828465,87.13
"rewarding",810,40829275,87.13
"settling",810,40830085,87.13
"targeting",810,40830895,87.13
"berries",809,40831704,87.14
"borough",809,40832513,87.14
"bubbles",809,40833322,87.14
"eco",809,40834131,87.14
"examined",809,40834940,87.14
"fulfill",809,40835749,87.14
"heavenly",809,40836558,87.15
"manufacturer",809,40837367,87.15
"mentioning",809,40838176,87.15
"pity",809,40838985,87.15
"terrified",809,40839794,87.15
"fringe",808,40840602,87.15
"optimism",808,40841410,87.16
"partisan",808,40842218,87.16
"surviving",808,40843026,87.16
"dads",807,40843833,87.16
"diana",807,40844640,87.16
"disabilities",807,40845447,87.16
"eliminating",807,40846254,87.17
"eva",807,40847061,87.17
"goose",807,40847868,87.17
"output",807,40848675,87.17
"priceless",807,40849482,87.17
"steals",807,40850289,87.18
"attitudes",806,40851095,87.18
"cavaliers",806,40851901,87.18
"contents",806,40852707,87.18
"courthouse",806,40853513,87.18
"holders",806,40854319,87.18
"mccarthy",806,40855125,87.19
"owl",806,40855931,87.19
"sunrise",806,40856737,87.19
"texans",806,40857543,87.19
"guessed",805,40858348,87.19
"internship",805,40859153,87.19
"naming",805,40859958,87.2
"permitted",805,40860763,87.2
"refusing",805,40861568,87.2
"suv",805,40862373,87.2
"tbsp",805,40863178,87.2
"blended",804,40863982,87.2
"bronze",804,40864786,87.21
"cattle",804,40865590,87.21
"entity",804,40866394,87.21
"esp",804,40867198,87.21
"reasonably",804,40868002,87.21
"revised",804,40868806,87.21
"slick",804,40869610,87.22
"tier",804,40870414,87.22
"barrels",803,40871217,87.22
"clown",803,40872020,87.22
"cunningham",803,40872823,87.22
"folder",803,40873626,87.22
"influences",803,40874429,87.23
"justified",803,40875232,87.23
"licenses",803,40876035,87.23
"tendency",803,40876838,87.23
"testify",803,40877641,87.23
"achieving",802,40878443,87.24
"catalog",802,40879245,87.24
"customs",802,40880047,87.24
"declining",802,40880849,87.24
"photographers",802,40881651,87.24
"posed",802,40882453,87.24
"salute",802,40883255,87.25
"seller",802,40884057,87.25
"dana",801,40884858,87.25
"dug",801,40885659,87.25
"gentlemen",801,40886460,87.25
"instances",801,40887261,87.25
"prof",801,40888062,87.26
"routinely",801,40888863,87.26
"availability",800,40889663,87.26
"earl",800,40890463,87.26
"envelope",800,40891263,87.26
"ethical",800,40892063,87.26
"hints",800,40892863,87.27
"lager",800,40893663,87.27
"sober",800,40894463,87.27
"titans",800,40895263,87.27
"whisper",800,40896063,87.27
"civilian",799,40896862,87.27
"demonstration",799,40897661,87.28
"inability",799,40898460,87.28
"montgomery",799,40899259,87.28
"supermarket",799,40900058,87.28
"worthwhile",799,40900857,87.28
"balloon",798,40901655,87.28
"fragile",798,40902453,87.29
"janet",798,40903251,87.29
"sparked",798,40904049,87.29
"mentality",797,40904846,87.29
"notified",797,40905643,87.29
"rebuild",797,40906440,87.29
"surgeon",797,40907237,87.3
"vendor",797,40908034,87.3
"assisted",796,40908830,87.3
"dominate",796,40909626,87.3
"flick",796,40910422,87.3
"identification",796,40911218,87.31
"mails",796,40912014,87.31
"pigs",796,40912810,87.31
"spike",796,40913606,87.31
"austerity",795,40914401,87.31
"extending",795,40915196,87.31
"measuring",795,40915991,87.32
"pensions",795,40916786,87.32
"perkins",795,40917581,87.32
"shave",795,40918376,87.32
"transaction",795,40919171,87.32
"widow",795,40919966,87.32
"absurd",794,40920760,87.33
"blair",794,40921554,87.33
"furious",794,40922348,87.33
"genetic",794,40923142,87.33
"hunters",794,40923936,87.33
"innocence",794,40924730,87.33
"rider",794,40925524,87.34
"verbal",794,40926318,87.34
"clicking",793,40927111,87.34
"corrections",793,40927904,87.34
"madrid",793,40928697,87.34
"negotiating",793,40929490,87.34
"rejection",793,40930283,87.35
"risky",793,40931076,87.35
"armstrong",792,40931868,87.35
"montreal",792,40932660,87.35
"presumably",792,40933452,87.35
"profitable",792,40934244,87.35
"toasted",792,40935036,87.36
"warnings",792,40935828,87.36
"applicants",791,40936619,87.36
"auditorium",791,40937410,87.36
"canal",791,40938201,87.36
"crashing",791,40938992,87.36
"drawings",791,40939783,87.37
"fines",791,40940574,87.37
"marching",791,40941365,87.37
"accomplishment",790,40942155,87.37
"advise",790,40942945,87.37
"bartender",790,40943735,87.37
"finely",790,40944525,87.38
"founders",790,40945315,87.38
"moist",790,40946105,87.38
"tightly",790,40946895,87.38
"abby",789,40947684,87.38
"appetizers",789,40948473,87.38
"guides",789,40949262,87.39
"playlist",789,40950051,87.39
"savvy",789,40950840,87.39
"servers",789,40951629,87.39
"arch",788,40952417,87.39
"emissions",788,40953205,87.39
"morrow",788,40953993,87.4
"nearest",788,40954781,87.4
"debates",787,40955568,87.4
"lung",787,40956355,87.4
"separately",787,40957142,87.4
"tl",787,40957929,87.4
"viable",787,40958716,87.41
"wildcats",787,40959503,87.41
"destroying",786,40960289,87.41
"dunn",786,40961075,87.41
"libya",786,40961861,87.41
"sharply",786,40962647,87.41
"lamp",785,40963432,87.42
"owed",785,40964217,87.42
"anaheim",784,40965001,87.42
"donor",784,40965785,87.42
"euclid",784,40966569,87.42
"ladder",784,40967353,87.42
"pains",784,40968137,87.43
"permanently",784,40968921,87.43
"ramp",784,40969705,87.43
"woody",784,40970489,87.43
"abandon",783,40971272,87.43
"credibility",783,40972055,87.43
"julian",783,40972838,87.44
"lenders",783,40973621,87.44
"superb",783,40974404,87.44
"turf",783,40975187,87.44
"debbie",782,40975969,87.44
"ditto",782,40976751,87.44
"males",782,40977533,87.45
"memoir",782,40978315,87.45
"beck",781,40979096,87.45
"borrowed",781,40979877,87.45
"hernandez",781,40980658,87.45
"reese",781,40981439,87.45
"scouting",781,40982220,87.46
"speeches",781,40983001,87.46
"starving",781,40983782,87.46
"hump",780,40984562,87.46
"inspector",780,40985342,87.46
"maya",780,40986122,87.46
"mug",780,40986902,87.47
"whatsoever",780,40987682,87.47
"moody",779,40988461,87.47
"preference",779,40989240,87.47
"stat",779,40990019,87.47
"airports",778,40990797,87.47
"hacking",778,40991575,87.48
"medications",778,40992353,87.48
"realization",778,40993131,87.48
"sandra",778,40993909,87.48
"shaker",778,40994687,87.48
"binding",777,40995464,87.48
"diaper",777,40996241,87.49
"setup",777,40997018,87.49
"suited",777,40997795,87.49
"tina",777,40998572,87.49
"avocado",776,40999348,87.49
"diapers",776,41000124,87.49
"leak",776,41000900,87.5
"messing",776,41001676,87.5
"myers",776,41002452,87.5
"os",776,41003228,87.5
"pharmacy",776,41004004,87.5
"ricky",776,41004780,87.5
"stylish",776,41005556,87.51
"sung",776,41006332,87.51
"trump",776,41007108,87.51
"bummed",775,41007883,87.51
"colonial",775,41008658,87.51
"confirmation",775,41009433,87.51
"lax",775,41010208,87.52
"mann",775,41010983,87.52
"personalities",775,41011758,87.52
"prop",775,41012533,87.52
"scarf",775,41013308,87.52
"screamed",775,41014083,87.52
"skating",775,41014858,87.53
"thrill",775,41015633,87.53
"ballpark",774,41016407,87.53
"festivals",774,41017181,87.53
"folded",774,41017955,87.53
"passport",774,41018729,87.53
"prevented",774,41019503,87.54
"sleeve",774,41020277,87.54
"strengths",774,41021051,87.54
"sunlight",774,41021825,87.54
"theories",774,41022599,87.54
"adapt",773,41023372,87.54
"auburn",773,41024145,87.55
"directing",773,41024918,87.55
"merchandise",773,41025691,87.55
"suns",773,41026464,87.55
"thursdays",773,41027237,87.55
"trilogy",773,41028010,87.55
"barrett",772,41028782,87.56
"capitalism",772,41029554,87.56
"favored",772,41030326,87.56
"galleries",772,41031098,87.56
"kenneth",772,41031870,87.56
"lifelong",772,41032642,87.56
"loudly",772,41033414,87.57
"saudi",772,41034186,87.57
"cheesy",771,41034957,87.57
"endure",771,41035728,87.57
"functional",771,41036499,87.57
"renovation",771,41037270,87.57
"ss",771,41038041,87.58
"triumph",771,41038812,87.58
"amusing",770,41039582,87.58
"cardboard",770,41040352,87.58
"containers",770,41041122,87.58
"enrolled",770,41041892,87.58
"implemented",770,41042662,87.59
"quirky",770,41043432,87.59
"sacks",770,41044202,87.59
"blade",769,41044971,87.59
"muffin",769,41045740,87.59
"prediction",769,41046509,87.59
"thor",769,41047278,87.6
"assure",768,41048046,87.6
"auditor",768,41048814,87.6
"damned",768,41049582,87.6
"neon",768,41050350,87.6
"robust",768,41051118,87.6
"sanctions",768,41051886,87.61
"dances",767,41052653,87.61
"invites",767,41053420,87.61
"shooter",767,41054187,87.61
"biblical",766,41054953,87.61
"brook",766,41055719,87.61
"export",766,41056485,87.62
"glove",766,41057251,87.62
"groceries",766,41058017,87.62
"ironically",766,41058783,87.62
"predictable",766,41059549,87.62
"rosemary",766,41060315,87.62
"sack",766,41061081,87.62
"samsung",766,41061847,87.63
"investigated",765,41062612,87.63
"notch",765,41063377,87.63
"pins",765,41064142,87.63
"sonic",765,41064907,87.63
"tues",765,41065672,87.63
"civilians",764,41066436,87.64
"mailed",764,41067200,87.64
"mu",764,41067964,87.64
"accomplishments",763,41068727,87.64
"distraction",763,41069490,87.64
"enforce",763,41070253,87.64
"malaysia",763,41071016,87.65
"rex",763,41071779,87.65
"assembled",762,41072541,87.65
"behave",762,41073303,87.65
"integrated",762,41074065,87.65
"maggie",762,41074827,87.65
"mold",762,41075589,87.66
"proudly",762,41076351,87.66
"recommends",762,41077113,87.66
"savage",762,41077875,87.66
"scholar",762,41078637,87.66
"supper",762,41079399,87.66
"turtle",762,41080161,87.67
"vaccine",762,41080923,87.67
"vince",762,41081685,87.67
"alcoholic",761,41082446,87.67
"arguably",761,41083207,87.67
"assess",761,41083968,87.67
"classrooms",761,41084729,87.68
"dimension",761,41085490,87.68
"expressing",761,41086251,87.68
"grease",761,41087012,87.68
"hp",761,41087773,87.68
"shawn",761,41088534,87.68
"webinar",761,41089295,87.69
"lend",760,41090055,87.69
"manuscript",760,41090815,87.69
"neglect",760,41091575,87.69
"notices",760,41092335,87.69
"preach",760,41093095,87.69
"refuses",760,41093855,87.69
"varied",760,41094615,87.7
"gee",759,41095374,87.7
"lent",759,41096133,87.7
"licensing",759,41096892,87.7
"loaf",759,41097651,87.7
"margarita",759,41098410,87.7
"pier",759,41099169,87.71
"begging",758,41099927,87.71
"foolish",758,41100685,87.71
"mailing",758,41101443,87.71
"neglected",758,41102201,87.71
"neighboring",758,41102959,87.71
"patricia",758,41103717,87.72
"pointless",758,41104475,87.72
"transparent",758,41105233,87.72
"adjacent",757,41105990,87.72
"chunk",757,41106747,87.72
"divorced",757,41107504,87.72
"fellowship",757,41108261,87.73
"invention",757,41109018,87.73
"motto",757,41109775,87.73
"quarterbacks",757,41110532,87.73
"skate",757,41111289,87.73
"spoiled",757,41112046,87.73
"additionally",756,41112802,87.74
"brazilian",756,41113558,87.74
"classmates",756,41114314,87.74
"depot",756,41115070,87.74
"fills",756,41115826,87.74
"jumps",756,41116582,87.74
"mounted",756,41117338,87.74
"outline",756,41118094,87.75
"postal",756,41118850,87.75
"rented",756,41119606,87.75
"retailer",756,41120362,87.75
"teresa",756,41121118,87.75
"affecting",755,41121873,87.75
"animation",755,41122628,87.76
"archive",755,41123383,87.76
"birthdays",755,41124138,87.76
"boiling",755,41124893,87.76
"disclose",755,41125648,87.76
"explosive",755,41126403,87.76
"fueled",755,41127158,87.77
"limiting",755,41127913,87.77
"pointers",755,41128668,87.77
"reflecting",755,41129423,87.77
"sellers",755,41130178,87.77
"tray",755,41130933,87.77
"households",754,41131687,87.78
"shredded",754,41132441,87.78
"urgent",754,41133195,87.78
"weddings",754,41133949,87.78
"abbey",753,41134702,87.78
"committees",753,41135455,87.78
"fabrics",753,41136208,87.79
"inevitably",753,41136961,87.79
"intact",753,41137714,87.79
"leslie",753,41138467,87.79
"luis",753,41139220,87.79
"modified",753,41139973,87.79
"schedules",753,41140726,87.79
"translated",753,41141479,87.8
"walnut",753,41142232,87.8
"handing",752,41142984,87.8
"intensive",752,41143736,87.8
"intentionally",752,41144488,87.8
"lafayette",752,41145240,87.8
"morrison",752,41145992,87.81
"paula",752,41146744,87.81
"submissions",752,41147496,87.81
"tribal",752,41148248,87.81
"underlying",752,41149000,87.81
"aa",751,41149751,87.81
"brownies",751,41150502,87.82
"cue",751,41151253,87.82
"daylight",751,41152004,87.82
"debris",751,41152755,87.82
"dunno",751,41153506,87.82
"hollow",751,41154257,87.82
"shepherd",751,41155008,87.83
"ab",750,41155758,87.83
"celebrations",750,41156508,87.83
"celery",750,41157258,87.83
"cheddar",750,41158008,87.83
"coaster",750,41158758,87.83
"harold",750,41159508,87.83
"hurdles",750,41160258,87.84
"husbands",750,41161008,87.84
"lindsay",750,41161758,87.84
"shouted",750,41162508,87.84
"songwriter",750,41163258,87.84
"apparel",749,41164007,87.84
"biscuits",749,41164756,87.85
"condo",749,41165505,87.85
"dd",749,41166254,87.85
"earrings",749,41167003,87.85
"fargo",749,41167752,87.85
"spine",749,41168501,87.85
"tense",749,41169250,87.86
"tolerance",749,41169999,87.86
"vessel",749,41170748,87.86
"braves",748,41171496,87.86
"clemens",748,41172244,87.86
"dictionary",748,41172992,87.86
"fusion",748,41173740,87.87
"trademark",748,41174488,87.87
"accusations",747,41175235,87.87
"damon",747,41175982,87.87
"descriptions",747,41176729,87.87
"exploded",747,41177476,87.87
"ghetto",747,41178223,87.87
"intern",747,41178970,87.88
"sterling",747,41179717,87.88
"sweetheart",747,41180464,87.88
"biology",746,41181210,87.88
"revival",746,41181956,87.88
"staples",746,41182702,87.88
"stitches",746,41183448,87.89
"thanked",746,41184194,87.89
"wilderness",746,41184940,87.89
"argentina",745,41185685,87.89
"aviation",745,41186430,87.89
"barcelona",745,41187175,87.89
"concussion",745,41187920,87.9
"disciples",745,41188665,87.9
"gallons",745,41189410,87.9
"jaw",745,41190155,87.9
"pots",745,41190900,87.9
"sampling",745,41191645,87.9
"unacceptable",745,41192390,87.91
"accents",744,41193134,87.91
"bitterness",744,41193878,87.91
"emerson",744,41194622,87.91
"simmons",744,41195366,87.91
"vivid",744,41196110,87.91
"wool",744,41196854,87.91
"businessman",743,41197597,87.92
"coin",743,41198340,87.92
"compound",743,41199083,87.92
"pierre",743,41199826,87.92
"sanders",743,41200569,87.92
"tablets",743,41201312,87.92
"announces",742,41202054,87.93
"broadcasting",742,41202796,87.93
"formally",742,41203538,87.93
"inclined",742,41204280,87.93
"mashed",742,41205022,87.93
"nash",742,41205764,87.93
"rusty",742,41206506,87.94
"sofa",742,41207248,87.94
"unsure",742,41207990,87.94
"unveiled",742,41208732,87.94
"bacteria",741,41209473,87.94
"beneficial",741,41210214,87.94
"characteristics",741,41210955,87.94
"chrome",741,41211696,87.95
"historian",741,41212437,87.95
"newer",741,41213178,87.95
"rb",741,41213919,87.95
"sustain",741,41214660,87.95
"festivities",740,41215400,87.95
"holocaust",740,41216140,87.96
"kris",740,41216880,87.96
"olivia",740,41217620,87.96
"resignation",740,41218360,87.96
"stems",740,41219100,87.96
"walsh",740,41219840,87.96
"hooray",739,41220579,87.97
"louder",739,41221318,87.97
"sights",739,41222057,87.97
"summers",739,41222796,87.97
"believer",738,41223534,87.97
"charities",738,41224272,87.97
"comply",738,41225010,87.97
"cries",738,41225748,87.98
"happiest",738,41226486,87.98
"interviewing",738,41227224,87.98
"solving",738,41227962,87.98
"weeds",738,41228700,87.98
"affection",737,41229437,87.98
"drained",737,41230174,87.99
"generic",737,41230911,87.99
"learns",737,41231648,87.99
"rib",737,41232385,87.99
"rm",737,41233122,87.99
"tile",737,41233859,87.99
"impose",736,41234595,88
"marion",736,41235331,88
"pantry",736,41236067,88
"curtain",735,41236802,88
"debts",735,41237537,88
"distinctive",735,41238272,88
"exhibits",735,41239007,88
"flawed",735,41239742,88.01
"lush",735,41240477,88.01
"outrageous",735,41241212,88.01
"printer",735,41241947,88.01
"bedtime",734,41242681,88.01
"beware",734,41243415,88.01
"finalists",734,41244149,88.02
"performer",734,41244883,88.02
"renewable",734,41245617,88.02
"daniels",733,41246350,88.02
"futures",733,41247083,88.02
"hoops",733,41247816,88.02
"layered",733,41248549,88.02
"pubs",733,41249282,88.03
"refs",733,41250015,88.03
"reynolds",733,41250748,88.03
"ruins",733,41251481,88.03
"sesame",733,41252214,88.03
"slides",733,41252947,88.03
"smoothly",733,41253680,88.04
"springsteen",733,41254413,88.04
"stretches",733,41255146,88.04
"barriers",732,41255878,88.04
"med",732,41256610,88.04
"ridiculously",732,41257342,88.04
"sewer",732,41258074,88.05
"transplant",732,41258806,88.05
"vacuum",732,41259538,88.05
"weights",732,41260270,88.05
"dusty",731,41261001,88.05
"fictional",731,41261732,88.05
"stripped",731,41262463,88.05
"brighter",730,41263193,88.06
"bum",730,41263923,88.06
"conducting",730,41264653,88.06
"guild",730,41265383,88.06
"pointer",730,41266113,88.06
"rye",730,41266843,88.06
"shortage",730,41267573,88.07
"sweden",730,41268303,88.07
"drawer",729,41269032,88.07
"exterior",729,41269761,88.07
"km",729,41270490,88.07
"ninja",729,41271219,88.07
"participant",729,41271948,88.07
"patents",729,41272677,88.08
"presidency",729,41273406,88.08
"quiz",729,41274135,88.08
"wander",729,41274864,88.08
"katy",728,41275592,88.08
"legends",728,41276320,88.08
"professors",728,41277048,88.09
"skipped",728,41277776,88.09
"swedish",728,41278504,88.09
"gore",727,41279231,88.09
"hardy",727,41279958,88.09
"liar",727,41280685,88.09
"mortgages",727,41281412,88.1
"subsidies",727,41282139,88.1
"builds",726,41282865,88.1
"busted",726,41283591,88.1
"conclusions",726,41284317,88.1
"critique",726,41285043,88.1
"flipped",726,41285769,88.1
"luggage",726,41286495,88.11
"pitt",726,41287221,88.11
"sm",726,41287947,88.11
"steadily",726,41288673,88.11
"bff",725,41289398,88.11
"decorate",725,41290123,88.11
"documented",725,41290848,88.12
"dvr",725,41291573,88.12
"governing",725,41292298,88.12
"hank",725,41293023,88.12
"papa",725,41293748,88.12
"stuart",725,41294473,88.12
"tearing",725,41295198,88.12
"tore",725,41295923,88.13
"committing",724,41296647,88.13
"examiner",724,41297371,88.13
"exceptions",724,41298095,88.13
"navigate",724,41298819,88.13
"painter",724,41299543,88.13
"strive",724,41300267,88.14
"comfy",723,41300990,88.14
"egyptian",723,41301713,88.14
"gauge",723,41302436,88.14
"robbed",723,41303159,88.14
"stall",723,41303882,88.14
"zones",723,41304605,88.14
"dangers",722,41305327,88.15
"unrelated",722,41306049,88.15
"clara",721,41306770,88.15
"lick",721,41307491,88.15
"nominations",721,41308212,88.15
"parole",721,41308933,88.15
"rational",721,41309654,88.16
"searches",721,41310375,88.16
"shakes",721,41311096,88.16
"wa",721,41311817,88.16
"almonds",720,41312537,88.16
"carriers",720,41313257,88.16
"demonstrations",720,41313977,88.16
"diner",720,41314697,88.17
"hustle",720,41315417,88.17
"qualifying",720,41316137,88.17
"decorations",719,41316856,88.17
"kristen",719,41317575,88.17
"luncheon",719,41318294,88.17
"mines",719,41319013,88.18
"pony",719,41319732,88.18
"prone",719,41320451,88.18
"thorough",719,41321170,88.18
"whale",719,41321889,88.18
"checkout",718,41322607,88.18
"cindy",718,41323325,88.18
"gems",718,41324043,88.19
"municipalities",718,41324761,88.19
"robertson",718,41325479,88.19
"stamping",718,41326197,88.19
"stripes",718,41326915,88.19
"versatile",718,41327633,88.19
"westminster",718,41328351,88.2
"biological",717,41329068,88.2
"credited",717,41329785,88.2
"despair",717,41330502,88.2
"explode",717,41331219,88.2
"kickoff",717,41331936,88.2
"mack",717,41332653,88.2
"scotch",717,41333370,88.21
"smashed",717,41334087,88.21
"triangle",717,41334804,88.21
"andrews",716,41335520,88.21
"au",716,41336236,88.21
"drafts",716,41336952,88.21
"elevated",716,41337668,88.22
"ghosts",716,41338384,88.22
"halt",716,41339100,88.22
"infamous",716,41339816,88.22
"proverb",716,41340532,88.22
"rats",716,41341248,88.22
"sailing",716,41341964,88.22
"towels",716,41342680,88.23
"wiped",716,41343396,88.23
"debating",715,41344111,88.23
"ontario",715,41344826,88.23
"platforms",715,41345541,88.23
"surfing",715,41346256,88.23
"tones",715,41346971,88.23
"burglary",714,41347685,88.24
"feeds",714,41348399,88.24
"flows",714,41349113,88.24
"grabs",714,41349827,88.24
"grader",714,41350541,88.24
"hawaiian",714,41351255,88.24
"miracles",714,41351969,88.25
"misconduct",714,41352683,88.25
"conversion",713,41353396,88.25
"median",713,41354109,88.25
"mitch",713,41354822,88.25
"recycled",713,41355535,88.25
"vampires",713,41356248,88.25
"virtue",713,41356961,88.26
"architectural",712,41357673,88.26
"behold",712,41358385,88.26
"dubbed",712,41359097,88.26
"greetings",712,41359809,88.26
"hampshire",712,41360521,88.26
"marquette",712,41361233,88.27
"possess",712,41361945,88.27
"renaissance",712,41362657,88.27
"simplicity",712,41363369,88.27
"trout",712,41364081,88.27
"corridor",711,41364792,88.27
"dixon",711,41365503,88.27
"portable",711,41366214,88.28
"scripts",711,41366925,88.28
"surreal",711,41367636,88.28
"tenants",711,41368347,88.28
"tuesdays",711,41369058,88.28
"blender",710,41369768,88.28
"laser",710,41370478,88.29
"lp",710,41371188,88.29
"portrayed",710,41371898,88.29
"terrifying",710,41372608,88.29
"wagon",710,41373318,88.29
"breasts",709,41374027,88.29
"lavender",709,41374736,88.29
"nolan",709,41375445,88.3
"pictured",709,41376154,88.3
"readings",709,41376863,88.3
"reckless",709,41377572,88.3
"silicon",709,41378281,88.3
"sliding",709,41378990,88.3
"sparks",709,41379699,88.3
"trent",709,41380408,88.31
"walt",709,41381117,88.31
"believers",708,41381825,88.31
"cheeks",708,41382533,88.31
"cord",708,41383241,88.31
"goldman",708,41383949,88.31
"infinite",708,41384657,88.32
"thailand",708,41385365,88.32
"assignments",707,41386072,88.32
"bipartisan",707,41386779,88.32
"cs",707,41387486,88.32
"expose",707,41388193,88.32
"framework",707,41388900,88.32
"identifying",707,41389607,88.33
"observations",707,41390314,88.33
"promptly",707,41391021,88.33
"publications",707,41391728,88.33
"breweries",706,41392434,88.33
"carved",706,41393140,88.33
"enters",706,41393846,88.34
"ferguson",706,41394552,88.34
"freeman",706,41395258,88.34
"monetary",706,41395964,88.34
"trevor",706,41396670,88.34
"verses",706,41397376,88.34
"attractions",705,41398081,88.34
"colt",705,41398786,88.35
"complexity",705,41399491,88.35
"dipped",705,41400196,88.35
"metaphor",705,41400901,88.35
"mirrors",705,41401606,88.35
"patterson",705,41402311,88.35
"phillip",705,41403016,88.35
"gel",704,41403720,88.36
"grandson",704,41404424,88.36
"pledged",704,41405128,88.36
"varsity",704,41405832,88.36
"blossom",703,41406535,88.36
"hun",703,41407238,88.36
"maurice",703,41407941,88.37
"vertical",703,41408644,88.37
"aired",702,41409346,88.37
"cargo",702,41410048,88.37
"caucus",702,41410750,88.37
"evenings",702,41411452,88.37
"formation",702,41412154,88.37
"holdings",702,41412856,88.38
"socially",702,41413558,88.38
"staple",702,41414260,88.38
"wizard",702,41414962,88.38
"crackers",701,41415663,88.38
"farming",701,41416364,88.38
"pipes",701,41417065,88.38
"regrets",701,41417766,88.39
"tanks",701,41418467,88.39
"transactions",701,41419168,88.39
"bravo",700,41419868,88.39
"chevrolet",700,41420568,88.39
"disclosed",700,41421268,88.39
"drought",700,41421968,88.4
"feathers",700,41422668,88.4
"helm",700,41423368,88.4
"mavericks",700,41424068,88.4
"redemption",700,41424768,88.4
"upgrades",700,41425468,88.4
"cucumber",699,41426167,88.4
"grin",699,41426866,88.41
"herman",699,41427565,88.41
"locate",699,41428264,88.41
"ops",699,41428963,88.41
"penguins",699,41429662,88.41
"pillows",699,41430361,88.41
"repeating",699,41431060,88.41
"bosses",698,41431758,88.42
"columnist",698,41432456,88.42
"motorists",698,41433154,88.42
"occupation",698,41433852,88.42
"redskins",698,41434550,88.42
"replay",698,41435248,88.42
"utter",698,41435946,88.42
"aide",697,41436643,88.43
"canon",697,41437340,88.43
"essays",697,41438037,88.43
"freeway",697,41438734,88.43
"generating",697,41439431,88.43
"pads",697,41440128,88.43
"phrases",697,41440825,88.44
"recipient",697,41441522,88.44
"stared",697,41442219,88.44
"villain",697,41442916,88.44
"confronted",696,41443612,88.44
"dime",696,41444308,88.44
"goddess",696,41445004,88.44
"inexpensive",696,41445700,88.45
"rebels",696,41446396,88.45
"sleeves",696,41447092,88.45
"spelled",696,41447788,88.45
"wheelchair",696,41448484,88.45
"illusion",695,41449179,88.45
"insider",695,41449874,88.45
"parish",695,41450569,88.46
"performs",695,41451264,88.46
"raspberry",695,41451959,88.46
"skull",695,41452654,88.46
"stew",695,41453349,88.46
"succeeded",695,41454044,88.46
"waterfront",695,41454739,88.46
"alzheimer",694,41455433,88.47
"donating",694,41456127,88.47
"esteem",694,41456821,88.47
"fascinated",694,41457515,88.47
"philippines",694,41458209,88.47
"tango",694,41458903,88.47
"thesis",694,41459597,88.48
"catering",693,41460290,88.48
"comedian",693,41460983,88.48
"threaten",693,41461676,88.48
"villa",693,41462369,88.48
"charitable",692,41463061,88.48
"denying",692,41463753,88.48
"docs",692,41464445,88.49
"hedge",692,41465137,88.49
"readily",692,41465829,88.49
"apologized",691,41466520,88.49
"belgium",691,41467211,88.49
"castro",691,41467902,88.49
"fudge",691,41468593,88.49
"garnish",691,41469284,88.5
"georgetown",691,41469975,88.5
"highs",691,41470666,88.5
"jackets",691,41471357,88.5
"rescued",691,41472048,88.5
"sincere",691,41472739,88.5
"slammed",691,41473430,88.5
"slated",691,41474121,88.51
"arise",690,41474811,88.51
"crunchy",690,41475501,88.51
"hugo",690,41476191,88.51
"indoors",690,41476881,88.51
"investigator",690,41477571,88.51
"ambition",689,41478260,88.52
"br",689,41478949,88.52
"kits",689,41479638,88.52
"mates",689,41480327,88.52
"northwestern",689,41481016,88.52
"saucepan",689,41481705,88.52
"sweetest",689,41482394,88.52
"template",689,41483083,88.53
"chased",688,41483771,88.53
"dublin",688,41484459,88.53
"effectiveness",688,41485147,88.53
"fairness",688,41485835,88.53
"owen",688,41486523,88.53
"parmesan",688,41487211,88.53
"pedestrian",688,41487899,88.54
"respective",688,41488587,88.54
"stained",688,41489275,88.54
"surveys",688,41489963,88.54
"waving",688,41490651,88.54
"backdrop",687,41491338,88.54
"boiled",687,41492025,88.54
"es",687,41492712,88.55
"greeting",687,41493399,88.55
"leon",687,41494086,88.55
"leverage",687,41494773,88.55
"proceeded",687,41495460,88.55
"volumes",687,41496147,88.55
"attributed",686,41496833,88.55
"cardio",686,41497519,88.56
"certification",686,41498205,88.56
"mc",686,41498891,88.56
"melody",686,41499577,88.56
"stabbed",686,41500263,88.56
"torres",686,41500949,88.56
"blaze",685,41501634,88.57
"cb",685,41502319,88.57
"defining",685,41503004,88.57
"muffins",685,41503689,88.57
"nicer",685,41504374,88.57
"sting",685,41505059,88.57
"strangely",685,41505744,88.57
"vowed",685,41506429,88.58
"cuddle",684,41507113,88.58
"declaration",684,41507797,88.58
"dilemma",684,41508481,88.58
"grains",684,41509165,88.58
"instrumental",684,41509849,88.58
"overlooked",684,41510533,88.58
"treasures",684,41511217,88.59
"advantages",683,41511900,88.59
"billboard",683,41512583,88.59
"buds",683,41513266,88.59
"cease",683,41513949,88.59
"integration",683,41514632,88.59
"malcolm",683,41515315,88.59
"pairing",683,41515998,88.6
"partying",683,41516681,88.6
"patron",683,41517364,88.6
"singled",683,41518047,88.6
"wink",683,41518730,88.6
"assumption",682,41519412,88.6
"bistro",682,41520094,88.6
"bronx",682,41520776,88.61
"cone",682,41521458,88.61
"establishing",682,41522140,88.61
"meh",682,41522822,88.61
"observers",682,41523504,88.61
"origins",682,41524186,88.61
"quake",682,41524868,88.61
"quarterly",682,41525550,88.62
"wagner",682,41526232,88.62
"forehead",681,41526913,88.62
"grizzlies",681,41527594,88.62
"hips",681,41528275,88.62
"volunteering",681,41528956,88.62
"complimentary",680,41529636,88.62
"confess",680,41530316,88.63
"demons",680,41530996,88.63
"employ",680,41531676,88.63
"katherine",680,41532356,88.63
"clause",679,41533035,88.63
"entertained",679,41533714,88.63
"olives",679,41534393,88.63
"peeled",679,41535072,88.64
"scenery",679,41535751,88.64
"seldom",679,41536430,88.64
"beg",678,41537108,88.64
"birmingham",678,41537786,88.64
"monument",678,41538464,88.64
"needles",678,41539142,88.65
"raven",678,41539820,88.65
"shotgun",678,41540498,88.65
"timely",678,41541176,88.65
"adaptation",677,41541853,88.65
"advances",677,41542530,88.65
"clues",677,41543207,88.65
"cory",677,41543884,88.66
"einstein",677,41544561,88.66
"individually",677,41545238,88.66
"lutheran",677,41545915,88.66
"anonymity",676,41546591,88.66
"civilization",676,41547267,88.66
"dee",676,41547943,88.66
"disorders",676,41548619,88.67
"sloppy",676,41549295,88.67
"temptation",676,41549971,88.67
"adjustments",675,41550646,88.67
"bounced",675,41551321,88.67
"chess",675,41551996,88.67
"frequency",675,41552671,88.67
"losers",675,41553346,88.68
"marble",675,41554021,88.68
"subscribe",675,41554696,88.68
"wales",675,41555371,88.68
"ba",674,41556045,88.68
"daisy",674,41556719,88.68
"dell",674,41557393,88.68
"drizzle",674,41558067,88.69
"halls",674,41558741,88.69
"insult",674,41559415,88.69
"polished",674,41560089,88.69
"rang",674,41560763,88.69
"rug",674,41561437,88.69
"thrive",674,41562111,88.69
"tummy",674,41562785,88.7
"bald",673,41563458,88.7
"composition",673,41564131,88.7
"inspires",673,41564804,88.7
"masterpiece",673,41565477,88.7
"richards",673,41566150,88.7
"screams",673,41566823,88.7
"stuffing",673,41567496,88.71
"tofu",673,41568169,88.71
"watering",673,41568842,88.71
"cleanup",672,41569514,88.71
"damaging",672,41570186,88.71
"filmmakers",672,41570858,88.71
"lacked",672,41571530,88.71
"predictions",672,41572202,88.72
"priests",672,41572874,88.72
"recipients",672,41573546,88.72
"sanctuary",672,41574218,88.72
"sensible",672,41574890,88.72
"accuracy",671,41575561,88.72
"dice",671,41576232,88.72
"keeper",671,41576903,88.73
"khan",671,41577574,88.73
"niche",671,41578245,88.73
"rico",671,41578916,88.73
"shells",671,41579587,88.73
"slowing",671,41580258,88.73
"standout",671,41580929,88.73
"streams",671,41581600,88.74
"branding",670,41582270,88.74
"dept",670,41582940,88.74
"hears",670,41583610,88.74
"informative",670,41584280,88.74
"meats",670,41584950,88.74
"pats",670,41585620,88.74
"repeal",670,41586290,88.75
"trans",670,41586960,88.75
"chew",669,41587629,88.75
"glendale",669,41588298,88.75
"intends",669,41588967,88.75
"martini",669,41589636,88.75
"pdf",669,41590305,88.75
"throne",669,41590974,88.76
"aftermath",668,41591642,88.76
"albuquerque",668,41592310,88.76
"brent",668,41592978,88.76
"crashes",668,41593646,88.76
"expired",668,41594314,88.76
"filmmaker",668,41594982,88.76
"guru",668,41595650,88.77
"marriages",668,41596318,88.77
"mist",668,41596986,88.77
"realizes",668,41597654,88.77
"stalking",668,41598322,88.77
"zest",668,41598990,88.77
"cautious",667,41599657,88.77
"cider",667,41600324,88.78
"palate",667,41600991,88.78
"villages",667,41601658,88.78
"chops",666,41602324,88.78
"disappoint",666,41602990,88.78
"scroll",666,41603656,88.78
"crops",665,41604321,88.78
"elimination",665,41604986,88.79
"jars",665,41605651,88.79
"misery",665,41606316,88.79
"remake",665,41606981,88.79
"rifle",665,41607646,88.79
"adjustment",664,41608310,88.79
"backgrounds",664,41608974,88.79
"broker",664,41609638,88.8
"deliberately",664,41610302,88.8
"destructive",664,41610966,88.8
"embossing",664,41611630,88.8
"mankind",664,41612294,88.8
"rsvp",664,41612958,88.8
"supernatural",664,41613622,88.8
"weber",664,41614286,88.81
"bosh",663,41614949,88.81
"capt",663,41615612,88.81
"congregation",663,41616275,88.81
"deepest",663,41616938,88.81
"gabriel",663,41617601,88.81
"lowered",663,41618264,88.81
"pam",663,41618927,88.82
"adrian",662,41619589,88.82
"clash",662,41620251,88.82
"confidential",662,41620913,88.82
"ditch",662,41621575,88.82
"goodwill",662,41622237,88.82
"muse",662,41622899,88.82
"savior",662,41623561,88.83
"sided",662,41624223,88.83
"tracked",662,41624885,88.83
"weighing",662,41625547,88.83
"bracelet",661,41626208,88.83
"chalk",661,41626869,88.83
"loading",661,41627530,88.83
"lockout",661,41628191,88.84
"marty",661,41628852,88.84
"renew",661,41629513,88.84
"surround",661,41630174,88.84
"blasting",660,41630834,88.84
"bore",660,41631494,88.84
"cannon",660,41632154,88.84
"commitments",660,41632814,88.84
"disco",660,41633474,88.85
"governors",660,41634134,88.85
"kg",660,41634794,88.85
"lipstick",660,41635454,88.85
"lure",660,41636114,88.85
"notably",660,41636774,88.85
"outrage",660,41637434,88.85
"query",660,41638094,88.86
"rockets",660,41638754,88.86
"bottled",659,41639413,88.86
"browser",659,41640072,88.86
"fitted",659,41640731,88.86
"gardner",659,41641390,88.86
"journals",659,41642049,88.86
"pear",659,41642708,88.87
"pumping",658,41643366,88.87
"righteous",658,41644024,88.87
"rogue",658,41644682,88.87
"witty",658,41645340,88.87
"admittedly",657,41645997,88.87
"allergy",657,41646654,88.87
"avon",657,41647311,88.88
"blush",657,41647968,88.88
"cambridge",657,41648625,88.88
"curly",657,41649282,88.88
"fireplace",657,41649939,88.88
"groove",657,41650596,88.88
"owning",657,41651253,88.88
"resorts",657,41651910,88.89
"trinity",657,41652567,88.89
"clarify",656,41653223,88.89
"entities",656,41653879,88.89
"kathleen",656,41654535,88.89
"mb",656,41655191,88.89
"norway",656,41655847,88.89
"prairie",656,41656503,88.9
"waits",656,41657159,88.9
"coins",655,41657814,88.9
"complications",655,41658469,88.9
"conclude",655,41659124,88.9
"encounters",655,41659779,88.9
"jumper",655,41660434,88.9
"lobbying",655,41661089,88.91
"mil",655,41661744,88.91
"rebuilding",655,41662399,88.91
"subscription",655,41663054,88.91
"variations",655,41663709,88.91
"deaf",654,41664363,88.91
"lori",654,41665017,88.91
"obscure",654,41665671,88.92
"patterned",654,41666325,88.92
"reggie",654,41666979,88.92
"weave",654,41667633,88.92
"winding",654,41668287,88.92
"absorbed",653,41668940,88.92
"baggage",653,41669593,88.92
"bidding",653,41670246,88.92
"compiled",653,41670899,88.93
"definite",653,41671552,88.93
"hoffman",653,41672205,88.93
"leftovers",653,41672858,88.93
"mediterranean",653,41673511,88.93
"midway",653,41674164,88.93
"prospective",653,41674817,88.93
"rivalry",653,41675470,88.94
"scrapbook",653,41676123,88.94
"speeding",653,41676776,88.94
"sucking",653,41677429,88.94
"webb",653,41678082,88.94
"accordingly",652,41678734,88.94
"calvin",652,41679386,88.94
"ensuring",652,41680038,88.95
"freelance",652,41680690,88.95
"fuzzy",652,41681342,88.95
"greed",652,41681994,88.95
"li",652,41682646,88.95
"poets",652,41683298,88.95
"wildly",652,41683950,88.95
"backpack",651,41684601,88.96
"burrito",651,41685252,88.96
"chooses",651,41685903,88.96
"comforting",651,41686554,88.96
"diesel",651,41687205,88.96
"distribute",651,41687856,88.96
"hash",651,41688507,88.96
"locks",651,41689158,88.97
"milestone",651,41689809,88.97
"peaks",651,41690460,88.97
"swings",651,41691111,88.97
"thrift",651,41691762,88.97
"bun",650,41692412,88.97
"eternity",650,41693062,88.97
"experimental",650,41693712,88.97
"menus",650,41694362,88.98
"positively",650,41695012,88.98
"slots",650,41695662,88.98
"cabrera",649,41696311,88.98
"classified",649,41696960,88.98
"dock",649,41697609,88.98
"housewives",649,41698258,88.98
"inaugural",649,41698907,88.99
"nm",649,41699556,88.99
"supervisors",649,41700205,88.99
"barber",648,41700853,88.99
"betting",648,41701501,88.99
"biography",648,41702149,88.99
"desktop",648,41702797,88.99
"devastated",648,41703445,89
"feminine",648,41704093,89
"implementation",648,41704741,89
"kale",648,41705389,89
"medieval",648,41706037,89
"missions",648,41706685,89
"punches",648,41707333,89
"stroll",648,41707981,89.01
"boise",647,41708628,89.01
"bonnie",647,41709275,89.01
"combining",647,41709922,89.01
"exercising",647,41710569,89.01
"infected",647,41711216,89.01
"joked",647,41711863,89.01
"perfume",647,41712510,89.02
"rewarded",647,41713157,89.02
"whistle",647,41713804,89.02
"architects",646,41714450,89.02
"cilantro",646,41715096,89.02
"deli",646,41715742,89.02
"dismiss",646,41716388,89.02
"fiesta",646,41717034,89.02
"harassment",646,41717680,89.03
"hillary",646,41718326,89.03
"huntington",646,41718972,89.03
"lindsey",646,41719618,89.03
"poe",646,41720264,89.03
"rehabilitation",646,41720910,89.03
"toledo",646,41721556,89.03
"cod",645,41722201,89.04
"collaborative",645,41722846,89.04
"collectors",645,41723491,89.04
"continent",645,41724136,89.04
"guts",645,41724781,89.04
"nova",645,41725426,89.04
"sworn",645,41726071,89.04
"veto",645,41726716,89.05
"wisely",645,41727361,89.05
"achievements",644,41728005,89.05
"consultants",644,41728649,89.05
"falcons",644,41729293,89.05
"flawless",644,41729937,89.05
"juices",644,41730581,89.05
"populations",644,41731225,89.05
"slaves",644,41731869,89.06
"builders",643,41732512,89.06
"caliber",643,41733155,89.06
"davidson",643,41733798,89.06
"flipping",643,41734441,89.06
"flynn",643,41735084,89.06
"pike",643,41735727,89.06
"refuge",643,41736370,89.07
"selena",643,41737013,89.07
"upward",643,41737656,89.07
"wesley",643,41738299,89.07
"accurately",642,41738941,89.07
"consequence",642,41739583,89.07
"garrett",642,41740225,89.07
"lamar",642,41740867,89.08
"pi",642,41741509,89.08
"rooted",642,41742151,89.08
"twain",642,41742793,89.08
"viewer",642,41743435,89.08
"visions",642,41744077,89.08
"wholesale",642,41744719,89.08
"bark",641,41745360,89.09
"magnitude",641,41746001,89.09
"mel",641,41746642,89.09
"misleading",641,41747283,89.09
"noticing",641,41747924,89.09
"proportion",641,41748565,89.09
"santana",641,41749206,89.09
"scheduling",641,41749847,89.09
"scoreless",641,41750488,89.1
"sickness",641,41751129,89.1
"trader",641,41751770,89.1
"creep",640,41752410,89.1
"freshmen",640,41753050,89.1
"gesture",640,41753690,89.1
"kane",640,41754330,89.1
"platinum",640,41754970,89.11
"redevelopment",640,41755610,89.11
"researcher",640,41756250,89.11
"resign",640,41756890,89.11
"sprouts",640,41757530,89.11
"clubhouse",639,41758169,89.11
"harmful",639,41758808,89.11
"noises",639,41759447,89.12
"nominees",639,41760086,89.12
"sinking",639,41760725,89.12
"sweets",639,41761364,89.12
"confront",638,41762002,89.12
"coral",638,41762640,89.12
"eyebrows",638,41763278,89.12
"furthermore",638,41763916,89.12
"herald",638,41764554,89.13
"killings",638,41765192,89.13
"parsley",638,41765830,89.13
"remainder",638,41766468,89.13
"slogan",638,41767106,89.13
"belonged",637,41767743,89.13
"blaming",637,41768380,89.13
"java",637,41769017,89.14
"shaping",637,41769654,89.14
"tyson",637,41770291,89.14
"weaver",637,41770928,89.14
"aloud",636,41771564,89.14
"continuous",636,41772200,89.14
"diamonds",636,41772836,89.14
"endured",636,41773472,89.15
"impacts",636,41774108,89.15
"lemme",636,41774744,89.15
"melting",636,41775380,89.15
"pentagon",636,41776016,89.15
"sums",636,41776652,89.15
"vicious",636,41777288,89.15
"brussels",635,41777923,89.15
"glued",635,41778558,89.16
"kerry",635,41779193,89.16
"lowe",635,41779828,89.16
"polar",635,41780463,89.16
"quantity",635,41781098,89.16
"schmidt",635,41781733,89.16
"undercover",635,41782368,89.16
"vernon",635,41783003,89.17
"absorb",634,41783637,89.17
"announcements",634,41784271,89.17
"appropriately",634,41784905,89.17
"bridal",634,41785539,89.17
"crow",634,41786173,89.17
"ideology",634,41786807,89.17
"miguel",634,41787441,89.17
"offenses",634,41788075,89.18
"toughest",634,41788709,89.18
"aluminum",633,41789342,89.18
"ancestors",633,41789975,89.18
"arlington",633,41790608,89.18
"bulbs",633,41791241,89.18
"counselor",633,41791874,89.18
"lineman",633,41792507,89.19
"slate",633,41793140,89.19
"staged",633,41793773,89.19
"tuck",633,41794406,89.19
"chores",632,41795038,89.19
"gaps",632,41795670,89.19
"glaze",632,41796302,89.19
"prose",632,41796934,89.2
"undoubtedly",632,41797566,89.2
"giveaways",631,41798197,89.2
"impressions",631,41798828,89.2
"monkeys",631,41799459,89.2
"sanity",631,41800090,89.2
"aiming",630,41800720,89.2
"champs",630,41801350,89.2
"collision",630,41801980,89.21
"exhausting",630,41802610,89.21
"fran",630,41803240,89.21
"mistaken",630,41803870,89.21
"obligations",630,41804500,89.21
"outright",630,41805130,89.21
"passive",630,41805760,89.21
"reductions",630,41806390,89.22
"reign",630,41807020,89.22
"steering",630,41807650,89.22
"traits",630,41808280,89.22
"yields",630,41808910,89.22
"joints",629,41809539,89.22
"modeling",629,41810168,89.22
"spilled",629,41810797,89.22
"strickland",629,41811426,89.23
"anticipate",628,41812054,89.23
"blankets",628,41812682,89.23
"energetic",628,41813310,89.23
"extras",628,41813938,89.23
"newman",628,41814566,89.23
"padres",628,41815194,89.23
"reversed",628,41815822,89.24
"scraps",628,41816450,89.24
"sheen",628,41817078,89.24
"sixteen",628,41817706,89.24
"treadmill",628,41818334,89.24
"violin",628,41818962,89.24
"viral",628,41819590,89.24
"allison",627,41820217,89.24
"campuses",627,41820844,89.25
"convey",627,41821471,89.25
"doctrine",627,41822098,89.25
"factories",627,41822725,89.25
"faint",627,41823352,89.25
"hawk",627,41823979,89.25
"polling",627,41824606,89.25
"surroundings",627,41825233,89.26
"turnover",627,41825860,89.26
"wraps",627,41826487,89.26
"capabilities",626,41827113,89.26
"iranian",626,41827739,89.26
"renowned",626,41828365,89.26
"warfare",626,41828991,89.26
"analyze",625,41829616,89.26
"assemble",625,41830241,89.27
"destined",625,41830866,89.27
"flats",625,41831491,89.27
"gays",625,41832116,89.27
"grinding",625,41832741,89.27
"hangs",625,41833366,89.27
"hopping",625,41833991,89.27
"indicted",625,41834616,89.28
"jonah",625,41835241,89.28
"keller",625,41835866,89.28
"ml",625,41836491,89.28
"potty",625,41837116,89.28
"sophie",625,41837741,89.28
"stain",625,41838366,89.28
"turnpike",625,41838991,89.28
"willis",625,41839616,89.29
"additions",624,41840240,89.29
"chilled",624,41840864,89.29
"horrific",624,41841488,89.29
"midtown",624,41842112,89.29
"overweight",624,41842736,89.29
"pounding",624,41843360,89.29
"squeezed",624,41843984,89.3
"unwanted",624,41844608,89.3
"abundant",623,41845231,89.3
"edgar",623,41845854,89.3
"frontier",623,41846477,89.3
"hurdle",623,41847100,89.3
"michele",623,41847723,89.3
"paced",623,41848346,89.3
"persuade",623,41848969,89.31
"remedy",623,41849592,89.31
"rustic",623,41850215,89.31
"skipping",623,41850838,89.31
"affiliated",622,41851460,89.31
"baron",622,41852082,89.31
"commenting",622,41852704,89.31
"nightmares",622,41853326,89.32
"reasoning",622,41853948,89.32
"trusting",622,41854570,89.32
"cheryl",621,41855191,89.32
"guitars",621,41855812,89.32
"ponder",621,41856433,89.32
"propose",621,41857054,89.32
"recruited",621,41857675,89.32
"relating",621,41858296,89.33
"ringing",621,41858917,89.33
"sock",621,41859538,89.33
"subsequently",621,41860159,89.33
"triggered",621,41860780,89.33
"bingo",620,41861400,89.33
"suppliers",620,41862020,89.33
"syrian",620,41862640,89.34
"variation",620,41863260,89.34
"voluntary",620,41863880,89.34
"aggressively",619,41864499,89.34
"caller",619,41865118,89.34
"convictions",619,41865737,89.34
"disneyland",619,41866356,89.34
"fatigue",619,41866975,89.34
"pepsi",619,41867594,89.35
"shortstop",619,41868213,89.35
"structural",619,41868832,89.35
"superman",619,41869451,89.35
"sync",619,41870070,89.35
"thief",619,41870689,89.35
"traumatic",619,41871308,89.35
"diva",618,41871926,89.36
"liner",618,41872544,89.36
"mariners",618,41873162,89.36
"netherlands",618,41873780,89.36
"poke",618,41874398,89.36
"profiles",618,41875016,89.36
"sail",618,41875634,89.36
"attachment",617,41876251,89.36
"avery",617,41876868,89.37
"cane",617,41877485,89.37
"erie",617,41878102,89.37
"feminist",617,41878719,89.37
"fletcher",617,41879336,89.37
"friendships",617,41879953,89.37
"frightening",617,41880570,89.37
"greenhouse",617,41881187,89.38
"ministers",617,41881804,89.38
"persistent",617,41882421,89.38
"prompt",617,41883038,89.38
"ramirez",617,41883655,89.38
"sorrow",617,41884272,89.38
"soups",617,41884889,89.38
"blu",616,41885505,89.38
"cabinets",616,41886121,89.39
"interface",616,41886737,89.39
"mn",616,41887353,89.39
"overdue",616,41887969,89.39
"peanuts",616,41888585,89.39
"plum",616,41889201,89.39
"promotions",616,41889817,89.39
"relying",616,41890433,89.39
"specifics",616,41891049,89.4
"academics",615,41891664,89.4
"attach",615,41892279,89.4
"defenders",615,41892894,89.4
"girlfriends",615,41893509,89.4
"indonesia",615,41894124,89.4
"mantra",615,41894739,89.4
"peggy",615,41895354,89.41
"pleasing",615,41895969,89.41
"stint",615,41896584,89.41
"suspense",615,41897199,89.41
"bathrooms",614,41897813,89.41
"bumper",614,41898427,89.41
"calculated",614,41899041,89.41
"distinguished",614,41899655,89.41
"documentation",614,41900269,89.42
"economies",614,41900883,89.42
"errands",614,41901497,89.42
"humane",614,41902111,89.42
"limbaugh",614,41902725,89.42
"marina",614,41903339,89.42
"pres",614,41903953,89.42
"saga",614,41904567,89.42
"stray",614,41905181,89.43
"tweeters",614,41905795,89.43
"avid",613,41906408,89.43
"blink",613,41907021,89.43
"boyd",613,41907634,89.43
"celebrates",613,41908247,89.43
"evolving",613,41908860,89.43
"interactions",613,41909473,89.44
"brendan",612,41910085,89.44
"embracing",612,41910697,89.44
"fraction",612,41911309,89.44
"functioning",612,41911921,89.44
"kraft",612,41912533,89.44
"planner",612,41913145,89.44
"preserved",612,41913757,89.44
"tn",612,41914369,89.45
"competitor",611,41914980,89.45
"dryer",611,41915591,89.45
"installing",611,41916202,89.45
"paranormal",611,41916813,89.45
"patiently",611,41917424,89.45
"suzanne",611,41918035,89.45
"unhealthy",611,41918646,89.45
"verify",611,41919257,89.46
"violet",611,41919868,89.46
"bankers",610,41920478,89.46
"bouncing",610,41921088,89.46
"genesis",610,41921698,89.46
"housed",610,41922308,89.46
"instinct",610,41922918,89.46
"interrupted",610,41923528,89.47
"oval",610,41924138,89.47
"reyes",610,41924748,89.47
"shady",610,41925358,89.47
"shirley",610,41925968,89.47
"vocabulary",610,41926578,89.47
"biking",609,41927187,89.47
"contend",609,41927796,89.47
"crumbs",609,41928405,89.48
"dragging",609,41929014,89.48
"klein",609,41929623,89.48
"lookout",609,41930232,89.48
"oaks",609,41930841,89.48
"stacked",609,41931450,89.48
"stubborn",609,41932059,89.48
"successes",609,41932668,89.48
"understandable",609,41933277,89.49
"wednesdays",609,41933886,89.49
"bastard",608,41934494,89.49
"boasts",608,41935102,89.49
"embarrassment",608,41935710,89.49
"openings",608,41936318,89.49
"scam",608,41936926,89.49
"accompanying",607,41937533,89.5
"arrow",607,41938140,89.5
"collector",607,41938747,89.5
"font",607,41939354,89.5
"motive",607,41939961,89.5
"mysteries",607,41940568,89.5
"puppies",607,41941175,89.5
"realities",607,41941782,89.5
"aesthetic",606,41942388,89.51
"balancing",606,41942994,89.51
"carey",606,41943600,89.51
"centennial",606,41944206,89.51
"granny",606,41944812,89.51
"import",606,41945418,89.51
"palette",606,41946024,89.51
"penguin",606,41946630,89.51
"plains",606,41947236,89.52
"solomon",606,41947842,89.52
"swan",606,41948448,89.52
"tiffany",606,41949054,89.52
"balcony",605,41949659,89.52
"columns",605,41950264,89.52
"hoodie",605,41950869,89.52
"ikea",605,41951474,89.52
"mister",605,41952079,89.53
"oils",605,41952684,89.53
"oranges",605,41953289,89.53
"oversees",605,41953894,89.53
"pavilion",605,41954499,89.53
"campaigning",604,41955103,89.53
"cheated",604,41955707,89.53
"crane",604,41956311,89.54
"curtains",604,41956915,89.54
"flown",604,41957519,89.54
"imaginary",604,41958123,89.54
"launches",604,41958727,89.54
"lawson",604,41959331,89.54
"naughty",604,41959935,89.54
"owes",604,41960539,89.54
"prey",604,41961143,89.55
"terrace",604,41961747,89.55
"violating",604,41962351,89.55
"ag",603,41962954,89.55
"biased",603,41963557,89.55
"hangout",603,41964160,89.55
"rallied",603,41964763,89.55
"sexuality",603,41965366,89.55
"strapped",603,41965969,89.56
"winston",603,41966572,89.56
"alto",602,41967174,89.56
"appealed",602,41967776,89.56
"bmw",602,41968378,89.56
"dipping",602,41968980,89.56
"dove",602,41969582,89.56
"expressions",602,41970184,89.56
"goo",602,41970786,89.57
"justices",602,41971388,89.57
"magnet",602,41971990,89.57
"speeds",602,41972592,89.57
"weary",602,41973194,89.57
"basin",601,41973795,89.57
"corrected",601,41974396,89.57
"daring",601,41974997,89.58
"harden",601,41975598,89.58
"obese",601,41976199,89.58
"raffle",601,41976800,89.58
"smelling",601,41977401,89.58
"automotive",600,41978001,89.58
"blueberry",600,41978601,89.58
"deeds",600,41979201,89.58
"dial",600,41979801,89.59
"duration",600,41980401,89.59
"excel",600,41981001,89.59
"listeners",600,41981601,89.59
"newborn",600,41982201,89.59
"overheard",600,41982801,89.59
"prisons",600,41983401,89.59
"strained",600,41984001,89.59
"url",600,41984601,89.6
"bradford",599,41985200,89.6
"concessions",599,41985799,89.6
"erik",599,41986398,89.6
"gamble",599,41986997,89.6
"heel",599,41987596,89.6
"inherited",599,41988195,89.6
"marvin",599,41988794,89.6
"mich",599,41989393,89.61
"prisoner",599,41989992,89.61
"steroids",599,41990591,89.61
"biting",598,41991189,89.61
"diced",598,41991787,89.61
"eclectic",598,41992385,89.61
"farewell",598,41992983,89.61
"forests",598,41993581,89.61
"forums",598,41994179,89.62
"honoring",598,41994777,89.62
"preferably",598,41995375,89.62
"puff",598,41995973,89.62
"strokes",598,41996571,89.62
"transported",598,41997169,89.62
"trimmed",598,41997767,89.62
"bullets",597,41998364,89.63
"capped",597,41998961,89.63
"combinations",597,41999558,89.63
"destinations",597,42000155,89.63
"fuller",597,42000752,89.63
"hoop",597,42001349,89.63
"isaac",597,42001946,89.63
"lingering",597,42002543,89.63
"miranda",597,42003140,89.64
"moscow",597,42003737,89.64
"proclaimed",597,42004334,89.64
"seasoning",597,42004931,89.64
"bonuses",596,42005527,89.64
"chapman",596,42006123,89.64
"depths",596,42006719,89.64
"hugh",596,42007315,89.64
"laboratory",596,42007911,89.65
"nasdaq",596,42008507,89.65
"poland",596,42009103,89.65
"replies",596,42009699,89.65
"scenarios",596,42010295,89.65
"simpler",596,42010891,89.65
"beverages",595,42011486,89.65
"bolt",595,42012081,89.65
"credible",595,42012676,89.66
"exceed",595,42013271,89.66
"gigs",595,42013866,89.66
"glowing",595,42014461,89.66
"hancock",595,42015056,89.66
"hostile",595,42015651,89.66
"jennings",595,42016246,89.66
"notorious",595,42016841,89.66
"protagonist",595,42017436,89.67
"sherman",595,42018031,89.67
"sipping",595,42018626,89.67
"strikeouts",595,42019221,89.67
"angles",594,42019815,89.67
"challenger",594,42020409,89.67
"extends",594,42021003,89.67
"indigenous",594,42021597,89.67
"peninsula",594,42022191,89.68
"portugal",594,42022785,89.68
"smelled",594,42023379,89.68
"tempting",594,42023973,89.68
"tick",594,42024567,89.68
"upscale",594,42025161,89.68
"assad",593,42025754,89.68
"brennan",593,42026347,89.68
"bundle",593,42026940,89.69
"dine",593,42027533,89.69
"edged",593,42028126,89.69
"fares",593,42028719,89.69
"jeep",593,42029312,89.69
"killers",593,42029905,89.69
"oyster",593,42030498,89.69
"shootings",593,42031091,89.69
"takeover",593,42031684,89.7
"varying",593,42032277,89.7
"withdrawal",593,42032870,89.7
"battered",592,42033462,89.7
"bricks",592,42034054,89.7
"browsing",592,42034646,89.7
"decorative",592,42035238,89.7
"magnolia",592,42035830,89.71
"partnerships",592,42036422,89.71
"prejudice",592,42037014,89.71
"urgency",592,42037606,89.71
"wizards",592,42038198,89.71
"wk",592,42038790,89.71
"bids",591,42039381,89.71
"daunting",591,42039972,89.71
"donovan",591,42040563,89.72
"dragons",591,42041154,89.72
"isaiah",591,42041745,89.72
"maxwell",591,42042336,89.72
"projections",591,42042927,89.72
"rested",591,42043518,89.72
"ariz",590,42044108,89.72
"batters",590,42044698,89.72
"boxer",590,42045288,89.73
"clicked",590,42045878,89.73
"exports",590,42046468,89.73
"fulfilling",590,42047058,89.73
"gaze",590,42047648,89.73
"lotus",590,42048238,89.73
"morality",590,42048828,89.73
"piles",590,42049418,89.73
"savory",590,42050008,89.74
"snowing",590,42050598,89.74
"trailing",590,42051188,89.74
"venice",590,42051778,89.74
"cartoons",589,42052367,89.74
"flea",589,42052956,89.74
"marines",589,42053545,89.74
"marking",589,42054134,89.74
"nina",589,42054723,89.75
"punished",589,42055312,89.75
"sleeps",589,42055901,89.75
"humidity",588,42056489,89.75
"pushes",588,42057077,89.75
"responds",588,42057665,89.75
"sketches",588,42058253,89.75
"alec",587,42058840,89.75
"athens",587,42059427,89.76
"beam",587,42060014,89.76
"coupled",587,42060601,89.76
"defines",587,42061188,89.76
"demographic",587,42061775,89.76
"grading",587,42062362,89.76
"ltd",587,42062949,89.76
"tapes",587,42063536,89.76
"thanking",587,42064123,89.77
"admired",586,42064709,89.77
"brews",586,42065295,89.77
"compliments",586,42065881,89.77
"diff",586,42066467,89.77
"exempt",586,42067053,89.77
"jerseys",586,42067639,89.77
"mae",586,42068225,89.77
"ping",586,42068811,89.78
"scares",586,42069397,89.78
"shattered",586,42069983,89.78
"straightforward",586,42070569,89.78
"thrones",586,42071155,89.78
"crushing",585,42071740,89.78
"grated",585,42072325,89.78
"prophet",585,42072910,89.78
"switzerland",585,42073495,89.79
"warped",585,42074080,89.79
"cube",584,42074664,89.79
"hopped",584,42075248,89.79
"jobless",584,42075832,89.79
"laps",584,42076416,89.79
"liverpool",584,42077000,89.79
"moisture",584,42077584,89.79
"prestigious",584,42078168,89.8
"providence",584,42078752,89.8
"sarcasm",584,42079336,89.8
"unpaid",584,42079920,89.8
"vessels",584,42080504,89.8
"considerably",583,42081087,89.8
"experiments",583,42081670,89.8
"forthcoming",583,42082253,89.8
"intake",583,42082836,89.81
"intentional",583,42083419,89.81
"jonas",583,42084002,89.81
"obey",583,42084585,89.81
"outlined",583,42085168,89.81
"shutting",583,42085751,89.81
"spoil",583,42086334,89.81
"sponsoring",583,42086917,89.81
"dexter",582,42087499,89.82
"dim",582,42088081,89.82
"dolphin",582,42088663,89.82
"forbidden",582,42089245,89.82
"fury",582,42089827,89.82
"jackpot",582,42090409,89.82
"macy",582,42090991,89.82
"relentless",582,42091573,89.82
"unconscious",582,42092155,89.83
"unite",582,42092737,89.83
"weaker",582,42093319,89.83
"clearance",581,42093900,89.83
"dire",581,42094481,89.83
"explored",581,42095062,89.83
"hansen",581,42095643,89.83
"ln",581,42096224,89.83
"mercedes",581,42096805,89.84
"rinse",581,42097386,89.84
"twists",581,42097967,89.84
"wu",581,42098548,89.84
"bristol",580,42099128,89.84
"clinics",580,42099708,89.84
"durant",580,42100288,89.84
"enabled",580,42100868,89.84
"goodman",580,42101448,89.85
"norwegian",580,42102028,89.85
"recap",580,42102608,89.85
"servants",580,42103188,89.85
"sparkle",580,42103768,89.85
"taped",580,42104348,89.85
"temp",580,42104928,89.85
"upgraded",580,42105508,89.85
"vineyard",580,42106088,89.85
"aides",579,42106667,89.86
"attributes",579,42107246,89.86
"calorie",579,42107825,89.86
"determining",579,42108404,89.86
"festive",579,42108983,89.86
"hesitate",579,42109562,89.86
"imported",579,42110141,89.86
"microphone",579,42110720,89.86
"ramsey",579,42111299,89.87
"rosie",579,42111878,89.87
"speedy",579,42112457,89.87
"staffers",579,42113036,89.87
"thrilling",579,42113615,89.87
"assaulted",578,42114193,89.87
"ballots",578,42114771,89.87
"flooded",578,42115349,89.87
"installment",578,42115927,89.88
"nostalgia",578,42116505,89.88
"wedge",578,42117083,89.88
"yearly",578,42117661,89.88
"assemblyman",577,42118238,89.88
"balloons",577,42118815,89.88
"chavez",577,42119392,89.88
"cont",577,42119969,89.88
"contestants",577,42120546,89.89
"declaring",577,42121123,89.89
"martial",577,42121700,89.89
"nailed",577,42122277,89.89
"nightclub",577,42122854,89.89
"quartet",577,42123431,89.89
"refrigerate",577,42124008,89.89
"arrogant",576,42124584,89.89
"capitals",576,42125160,89.9
"chancellor",576,42125736,89.9
"firefighter",576,42126312,89.9
"flock",576,42126888,89.9
"gearing",576,42127464,89.9
"immense",576,42128040,89.9
"madden",576,42128616,89.9
"narrator",576,42129192,89.9
"roth",576,42129768,89.91
"shutout",576,42130344,89.91
"squirrel",576,42130920,89.91
"vietnamese",576,42131496,89.91
"wrath",576,42132072,89.91
"certainty",575,42132647,89.91
"motivate",575,42133222,89.91
"pals",575,42133797,89.91
"rudy",575,42134372,89.92
"sentiments",575,42134947,89.92
"snakes",575,42135522,89.92
"spiral",575,42136097,89.92
"subscribers",575,42136672,89.92
"troubling",575,42137247,89.92
"uncommon",575,42137822,89.92
"wandered",575,42138397,89.92
"builder",574,42138971,89.93
"comparable",574,42139545,89.93
"louise",574,42140119,89.93
"scissors",574,42140693,89.93
"sw",574,42141267,89.93
"affiliate",573,42141840,89.93
"bland",573,42142413,89.93
"breach",573,42142986,89.93
"cola",573,42143559,89.93
"distressed",573,42144132,89.94
"grim",573,42144705,89.94
"litter",573,42145278,89.94
"unreal",573,42145851,89.94
"vine",573,42146424,89.94
"credentials",572,42146996,89.94
"cutter",572,42147568,89.94
"develops",572,42148140,89.94
"frederick",572,42148712,89.95
"hikes",572,42149284,89.95
"horns",572,42149856,89.95
"latte",572,42150428,89.95
"marley",572,42151000,89.95
"photographed",572,42151572,89.95
"timber",572,42152144,89.95
"verge",572,42152716,89.95
"conceived",571,42153287,89.96
"goofy",571,42153858,89.96
"governance",571,42154429,89.96
"jams",571,42155000,89.96
"kitten",571,42155571,89.96
"lows",571,42156142,89.96
"perks",571,42156713,89.96
"possessions",571,42157284,89.96
"taller",571,42157855,89.97
"tubes",571,42158426,89.97
"alfred",570,42158996,89.97
"braces",570,42159566,89.97
"divisions",570,42160136,89.97
"illustrations",570,42160706,89.97
"margaritas",570,42161276,89.97
"obstacle",570,42161846,89.97
"ph",570,42162416,89.98
"shaved",570,42162986,89.98
"shuffle",570,42163556,89.98
"steamed",570,42164126,89.98
"vanity",570,42164696,89.98
"clap",569,42165265,89.98
"commissioned",569,42165834,89.98
"crosses",569,42166403,89.98
"custard",569,42166972,89.98
"linen",569,42167541,89.99
"nikki",569,42168110,89.99
"npr",569,42168679,89.99
"pun",569,42169248,89.99
"remotely",569,42169817,89.99
"sidebar",569,42170386,89.99
"societies",569,42170955,89.99
"watermelon",569,42171524,89.99
"aaa",568,42172092,90
"airing",568,42172660,90
"akin",568,42173228,90
"bulb",568,42173796,90
"chocolates",568,42174364,90
"cognitive",568,42174932,90
"cr",568,42175500,90
"doomed",568,42176068,90
"gloucester",568,42176636,90.01
"graves",568,42177204,90.01
"maintains",568,42177772,90.01
"norris",568,42178340,90.01
"promotional",568,42178908,90.01
"reuters",568,42179476,90.01
"riots",568,42180044,90.01
"sanford",568,42180612,90.01
"slipping",568,42181180,90.02
"apocalypse",567,42181747,90.02
"ashes",567,42182314,90.02
"db",567,42182881,90.02
"dorothy",567,42183448,90.02
"elway",567,42184015,90.02
"gavin",567,42184582,90.02
"merchant",567,42185149,90.02
"pancake",567,42185716,90.02
"truths",567,42186283,90.03
"attic",566,42186849,90.03
"breakthrough",566,42187415,90.03
"crave",566,42187981,90.03
"cubes",566,42188547,90.03
"infringement",566,42189113,90.03
"lust",566,42189679,90.03
"mustache",566,42190245,90.03
"nola",566,42190811,90.04
"professionally",566,42191377,90.04
"tapping",566,42191943,90.04
"tucker",566,42192509,90.04
"aspiring",565,42193074,90.04
"chloe",565,42193639,90.04
"constituents",565,42194204,90.04
"deployed",565,42194769,90.04
"institutional",565,42195334,90.05
"lethal",565,42195899,90.05
"packet",565,42196464,90.05
"pours",565,42197029,90.05
"preaching",565,42197594,90.05
"problematic",565,42198159,90.05
"slapped",565,42198724,90.05
"dimensional",564,42199288,90.05
"freaked",564,42199852,90.06
"hater",564,42200416,90.06
"meltdown",564,42200980,90.06
"regulate",564,42201544,90.06
"selecting",564,42202108,90.06
"skirts",564,42202672,90.06
"uncovered",564,42203236,90.06
"unfamiliar",564,42203800,90.06
"amsterdam",563,42204363,90.06
"bittersweet",563,42204926,90.07
"drafting",563,42205489,90.07
"folding",563,42206052,90.07
"forgiven",563,42206615,90.07
"hyper",563,42207178,90.07
"landlord",563,42207741,90.07
"paramount",563,42208304,90.07
"premiums",563,42208867,90.07
"ram",563,42209430,90.08
"waffle",563,42209993,90.08
"whoop",563,42210556,90.08
"xavier",563,42211119,90.08
"confrontation",562,42211681,90.08
"deficits",562,42212243,90.08
"endangered",562,42212805,90.08
"ethan",562,42213367,90.08
"ethic",562,42213929,90.09
"infused",562,42214491,90.09
"mediocre",562,42215053,90.09
"paycheck",562,42215615,90.09
"relied",562,42216177,90.09
"screenplay",562,42216739,90.09
"shelters",562,42217301,90.09
"stalled",562,42217863,90.09
"timeless",562,42218425,90.09
"banquet",561,42218986,90.1
"nightly",561,42219547,90.1
"pod",561,42220108,90.1
"regain",561,42220669,90.1
"spears",561,42221230,90.1
"waiter",561,42221791,90.1
"favorable",560,42222351,90.1
"heroine",560,42222911,90.1
"poses",560,42223471,90.11
"rapids",560,42224031,90.11
"recognizing",560,42224591,90.11
"unusually",560,42225151,90.11
"enacted",559,42225710,90.11
"gypsy",559,42226269,90.11
"oysters",559,42226828,90.11
"reno",559,42227387,90.11
"thriving",559,42227946,90.11
"vacations",559,42228505,90.12
"belle",558,42229063,90.12
"flakes",558,42229621,90.12
"govt",558,42230179,90.12
"hack",558,42230737,90.12
"minorities",558,42231295,90.12
"omaha",558,42231853,90.12
"pryor",558,42232411,90.12
"barley",557,42232968,90.13
"counterparts",557,42233525,90.13
"deliberate",557,42234082,90.13
"eggplant",557,42234639,90.13
"enjoyment",557,42235196,90.13
"eventual",557,42235753,90.13
"heavens",557,42236310,90.13
"logged",557,42236867,90.13
"seam",557,42237424,90.14
"skins",557,42237981,90.14
"stupidity",557,42238538,90.14
"vermont",557,42239095,90.14
"accompany",556,42239651,90.14
"allergic",556,42240207,90.14
"marvelous",556,42240763,90.14
"pavement",556,42241319,90.14
"pencils",556,42241875,90.14
"concentrated",555,42242430,90.15
"lunches",555,42242985,90.15
"monitors",555,42243540,90.15
"overlooking",555,42244095,90.15
"relies",555,42244650,90.15
"sacrifices",555,42245205,90.15
"sergeant",555,42245760,90.15
"suburb",555,42246315,90.15
"aquarium",554,42246869,90.16
"bart",554,42247423,90.16
"benedict",554,42247977,90.16
"coated",554,42248531,90.16
"downloading",554,42249085,90.16
"guarantees",554,42249639,90.16
"kemp",554,42250193,90.16
"maid",554,42250747,90.16
"passions",554,42251301,90.16
"playful",554,42251855,90.17
"tolerate",554,42252409,90.17
"usher",554,42252963,90.17
"arbor",553,42253516,90.17
"blossoms",553,42254069,90.17
"charger",553,42254622,90.17
"commons",553,42255175,90.17
"dustin",553,42255728,90.17
"fatty",553,42256281,90.18
"hubs",553,42256834,90.18
"informal",553,42257387,90.18
"lib",553,42257940,90.18
"prohibited",553,42258493,90.18
"reactor",553,42259046,90.18
"reduces",553,42259599,90.18
"specialized",553,42260152,90.18
"suites",553,42260705,90.18
"sweaty",553,42261258,90.19
"threshold",553,42261811,90.19
"warmed",553,42262364,90.19
"assessed",552,42262916,90.19
"backstage",552,42263468,90.19
"crawling",552,42264020,90.19
"emphasized",552,42264572,90.19
"gracious",552,42265124,90.19
"mara",552,42265676,90.2
"pans",552,42266228,90.2
"polo",552,42266780,90.2
"razor",552,42267332,90.2
"reservoir",552,42267884,90.2
"scorer",552,42268436,90.2
"shelby",552,42268988,90.2
"solidarity",552,42269540,90.2
"tensions",552,42270092,90.2
"woes",552,42270644,90.21
"becky",551,42271195,90.21
"giddy",551,42271746,90.21
"jeopardy",551,42272297,90.21
"kendall",551,42272848,90.21
"mattress",551,42273399,90.21
"tents",551,42273950,90.21
"tournaments",551,42274501,90.21
"underwater",551,42275052,90.22
"chevy",550,42275602,90.22
"connects",550,42276152,90.22
"denise",550,42276702,90.22
"examining",550,42277252,90.22
"haired",550,42277802,90.22
"liberties",550,42278352,90.22
"mechanism",550,42278902,90.22
"principals",550,42279452,90.22
"anatomy",549,42280001,90.23
"collectively",549,42280550,90.23
"endeavor",549,42281099,90.23
"genres",549,42281648,90.23
"ipo",549,42282197,90.23
"vineyards",549,42282746,90.23
"wii",549,42283295,90.23
"wired",549,42283844,90.23
"contemplating",548,42284392,90.24
"eligibility",548,42284940,90.24
"fulfilled",548,42285488,90.24
"turkish",548,42286036,90.24
"colombia",547,42286583,90.24
"colony",547,42287130,90.24
"compassionate",547,42287677,90.24
"differ",547,42288224,90.24
"guinness",547,42288771,90.24
"heavier",547,42289318,90.25
"humility",547,42289865,90.25
"inclusion",547,42290412,90.25
"mane",547,42290959,90.25
"miniature",547,42291506,90.25
"pbs",547,42292053,90.25
"religions",547,42292600,90.25
"seton",547,42293147,90.25
"zucchini",547,42293694,90.26
"asthma",546,42294240,90.26
"construct",546,42294786,90.26
"debit",546,42295332,90.26
"discounted",546,42295878,90.26
"enduring",546,42296424,90.26
"generosity",546,42296970,90.26
"mouths",546,42297516,90.26
"naive",546,42298062,90.26
"noodle",546,42298608,90.27
"pageant",546,42299154,90.27
"sweating",546,42299700,90.27
"weighs",546,42300246,90.27
"whitman",546,42300792,90.27
"backward",545,42301337,90.27
"competitions",545,42301882,90.27
"humanities",545,42302427,90.27
"inherent",545,42302972,90.28
"muhammad",545,42303517,90.28
"punching",545,42304062,90.28
"reminiscent",545,42304607,90.28
"scenic",545,42305152,90.28
"spur",545,42305697,90.28
"tempe",545,42306242,90.28
"unanimously",545,42306787,90.28
"admitting",544,42307331,90.28
"cafeteria",544,42307875,90.29
"carr",544,42308419,90.29
"creeping",544,42308963,90.29
"foundations",544,42309507,90.29
"lambert",544,42310051,90.29
"postponed",544,42310595,90.29
"schemes",544,42311139,90.29
"tagged",544,42311683,90.29
"accustomed",543,42312226,90.29
"amusement",543,42312769,90.3
"bullied",543,42313312,90.3
"katrina",543,42313855,90.3
"mozzarella",543,42314398,90.3
"outfielder",543,42314941,90.3
"paints",543,42315484,90.3
"respects",543,42316027,90.3
"schwartz",543,42316570,90.3
"attracting",542,42317112,90.31
"cherish",542,42317654,90.31
"deborah",542,42318196,90.31
"declines",542,42318738,90.31
"drying",542,42319280,90.31
"expire",542,42319822,90.31
"flush",542,42320364,90.31
"hearty",542,42320906,90.31
"organizer",542,42321448,90.31
"prefers",542,42321990,90.32
"sane",542,42322532,90.32
"shaken",542,42323074,90.32
"symbolic",542,42323616,90.32
"thornton",542,42324158,90.32
"unpleasant",542,42324700,90.32
"weaknesses",542,42325242,90.32
"willow",542,42325784,90.32
"yale",542,42326326,90.32
"analogy",541,42326867,90.33
"aurora",541,42327408,90.33
"benson",541,42327949,90.33
"buddha",541,42328490,90.33
"bumps",541,42329031,90.33
"chanting",541,42329572,90.33
"flop",541,42330113,90.33
"hectic",541,42330654,90.33
"marco",541,42331195,90.34
"meatballs",541,42331736,90.34
"mobility",541,42332277,90.34
"posing",541,42332818,90.34
"promotes",541,42333359,90.34
"traders",541,42333900,90.34
"airways",540,42334440,90.34
"ample",540,42334980,90.34
"bedrooms",540,42335520,90.34
"bernie",540,42336060,90.35
"demonstrators",540,42336600,90.35
"digit",540,42337140,90.35
"dp",540,42337680,90.35
"embossed",540,42338220,90.35
"fe",540,42338760,90.35
"frying",540,42339300,90.35
"kimberly",540,42339840,90.35
"lieu",540,42340380,90.35
"philosophical",540,42340920,90.36
"pizzas",540,42341460,90.36
"poetic",540,42342000,90.36
"skyline",540,42342540,90.36
"specializes",540,42343080,90.36
"surveyed",540,42343620,90.36
"technological",540,42344160,90.36
"discomfort",539,42344699,90.36
"lucrative",539,42345238,90.37
"obamacare",539,42345777,90.37
"occurring",539,42346316,90.37
"pea",539,42346855,90.37
"royalty",539,42347394,90.37
"charleston",538,42347932,90.37
"compelled",538,42348470,90.37
"conquer",538,42349008,90.37
"darren",538,42349546,90.37
"demonstrates",538,42350084,90.38
"graffiti",538,42350622,90.38
"healed",538,42351160,90.38
"maturity",538,42351698,90.38
"missile",538,42352236,90.38
"ore",538,42352774,90.38
"prompting",538,42353312,90.38
"ribbons",538,42353850,90.38
"tease",538,42354388,90.38
"terrain",538,42354926,90.39
"tossing",538,42355464,90.39
"upbeat",538,42356002,90.39
"vi",538,42356540,90.39
"cons",537,42357077,90.39
"contender",537,42357614,90.39
"disposal",537,42358151,90.39
"headaches",537,42358688,90.39
"lang",537,42359225,90.4
"portraits",537,42359762,90.4
"shrink",537,42360299,90.4
"sideline",537,42360836,90.4
"sympathetic",537,42361373,90.4
"thyme",537,42361910,90.4
"deposits",536,42362446,90.4
"evolve",536,42362982,90.4
"foreclosures",536,42363518,90.4
"incoming",536,42364054,90.41
"negotiated",536,42364590,90.41
"rotten",536,42365126,90.41
"semifinal",536,42365662,90.41
"slash",536,42366198,90.41
"smoky",536,42366734,90.41
"specialists",536,42367270,90.41
"surgeries",536,42367806,90.41
"thieves",536,42368342,90.41
"vp",536,42368878,90.42
"worthless",536,42369414,90.42
"accidental",535,42369949,90.42
"equals",535,42370484,90.42
"inserted",535,42371019,90.42
"jealousy",535,42371554,90.42
"lilly",535,42372089,90.42
"trey",535,42372624,90.42
"wats",535,42373159,90.42
"waved",535,42373694,90.43
"barbie",534,42374228,90.43
"cathy",534,42374762,90.43
"cynical",534,42375296,90.43
"equation",534,42375830,90.43
"groom",534,42376364,90.43
"insurers",534,42376898,90.43
"mice",534,42377432,90.43
"pursued",534,42377966,90.44
"skiing",534,42378500,90.44
"stitching",534,42379034,90.44
"sup",534,42379568,90.44
"transfers",534,42380102,90.44
"bryce",533,42380635,90.44
"clad",533,42381168,90.44
"ge",533,42381701,90.44
"impatient",533,42382234,90.44
"prostitution",533,42382767,90.45
"soaring",533,42383300,90.45
"undefeated",533,42383833,90.45
"ut",533,42384366,90.45
"vitamins",533,42384899,90.45
"abusive",532,42385431,90.45
"avenues",532,42385963,90.45
"brittany",532,42386495,90.45
"clearer",532,42387027,90.45
"colon",532,42387559,90.46
"consisted",532,42388091,90.46
"creditors",532,42388623,90.46
"greedy",532,42389155,90.46
"oracle",532,42389687,90.46
"recognizes",532,42390219,90.46
"seals",532,42390751,90.46
"staffing",532,42391283,90.46
"walnuts",532,42391815,90.46
"blending",531,42392346,90.47
"captures",531,42392877,90.47
"cheeses",531,42393408,90.47
"drift",531,42393939,90.47
"kiddos",531,42394470,90.47
"perspectives",531,42395001,90.47
"psychiatric",531,42395532,90.47
"pumps",531,42396063,90.47
"restructuring",531,42396594,90.47
"segments",531,42397125,90.48
"shrinking",531,42397656,90.48
"spirited",531,42398187,90.48
"waitress",531,42398718,90.48
"battled",530,42399248,90.48
"dawson",530,42399778,90.48
"flashing",530,42400308,90.48
"fuss",530,42400838,90.48
"hampton",530,42401368,90.49
"motel",530,42401898,90.49
"statute",530,42402428,90.49
"steaks",530,42402958,90.49
"tow",530,42403488,90.49
"whispered",530,42404018,90.49
"carnegie",529,42404547,90.49
"daytime",529,42405076,90.49
"dorm",529,42405605,90.49
"downright",529,42406134,90.5
"emphasize",529,42406663,90.5
"flops",529,42407192,90.5
"honorable",529,42407721,90.5
"hormone",529,42408250,90.5
"rebellion",529,42408779,90.5
"refined",529,42409308,90.5
"robots",529,42409837,90.5
"ronnie",529,42410366,90.5
"seas",529,42410895,90.51
"slope",529,42411424,90.51
"unfinished",529,42411953,90.51
"adobe",528,42412481,90.51
"canton",528,42413009,90.51
"drowning",528,42413537,90.51
"evangelical",528,42414065,90.51
"freed",528,42414593,90.51
"joyful",528,42415121,90.51
"manners",528,42415649,90.52
"minimize",528,42416177,90.52
"nobel",528,42416705,90.52
"pickles",528,42417233,90.52
"preparations",528,42417761,90.52
"startups",528,42418289,90.52
"supplement",528,42418817,90.52
"wakes",528,42419345,90.52
"anime",527,42419872,90.52
"communicating",527,42420399,90.53
"condemned",527,42420926,90.53
"consult",527,42421453,90.53
"costing",527,42421980,90.53
"imagery",527,42422507,90.53
"loosely",527,42423034,90.53
"prescribed",527,42423561,90.53
"pressures",527,42424088,90.53
"rooftop",527,42424615,90.53
"sassy",527,42425142,90.54
"windsor",527,42425669,90.54
"accusing",526,42426195,90.54
"alicia",526,42426721,90.54
"choke",526,42427247,90.54
"freaks",526,42427773,90.54
"infections",526,42428299,90.54
"pakistani",526,42428825,90.54
"sac",526,42429351,90.54
"sermon",526,42429877,90.55
"theology",526,42430403,90.55
"bribery",525,42430928,90.55
"gotcha",525,42431453,90.55
"kenya",525,42431978,90.55
"lump",525,42432503,90.55
"obnoxious",525,42433028,90.55
"omega",525,42433553,90.55
"oversee",525,42434078,90.55
"passover",525,42434603,90.56
"positioned",525,42435128,90.56
"remarkably",525,42435653,90.56
"scars",525,42436178,90.56
"smartphones",525,42436703,90.56
"soaking",525,42437228,90.56
"softly",525,42437753,90.56
"spree",525,42438278,90.56
"suitcase",525,42438803,90.56
"turnaround",525,42439328,90.57
"undergo",525,42439853,90.57
"unsuccessful",525,42440378,90.57
"uploaded",525,42440903,90.57
"volunteered",525,42441428,90.57
"writings",525,42441953,90.57
"accounted",524,42442477,90.57
"advisers",524,42443001,90.57
"agreeing",524,42443525,90.58
"arabia",524,42444049,90.58
"asylum",524,42444573,90.58
"brotherhood",524,42445097,90.58
"carbohydrate",524,42445621,90.58
"controller",524,42446145,90.58
"dwell",524,42446669,90.58
"gregg",524,42447193,90.58
"holt",524,42447717,90.58
"incorrect",524,42448241,90.59
"juliet",524,42448765,90.59
"lester",524,42449289,90.59
"puree",524,42449813,90.59
"substantially",524,42450337,90.59
"tortilla",524,42450861,90.59
"unexpectedly",524,42451385,90.59
"addictive",523,42451908,90.59
"adjusting",523,42452431,90.59
"albany",523,42452954,90.6
"badger",523,42453477,90.6
"boycott",523,42454000,90.6
"disappearance",523,42454523,90.6
"dynamics",523,42455046,90.6
"elk",523,42455569,90.6
"exceeded",523,42456092,90.6
"fiery",523,42456615,90.6
"genocide",523,42457138,90.6
"lectures",523,42457661,90.61
"looming",523,42458184,90.61
"magnetic",523,42458707,90.61
"sandals",523,42459230,90.61
"secular",523,42459753,90.61
"slid",523,42460276,90.61
"steer",523,42460799,90.61
"vest",523,42461322,90.61
"waffles",523,42461845,90.61
"adopting",522,42462367,90.62
"assumptions",522,42462889,90.62
"bets",522,42463411,90.62
"bikini",522,42463933,90.62
"brooke",522,42464455,90.62
"concludes",522,42464977,90.62
"devotion",522,42465499,90.62
"parchment",522,42466021,90.62
"raging",522,42466543,90.62
"temper",522,42467065,90.63
"turmoil",522,42467587,90.63
"visually",522,42468109,90.63
"alma",521,42468630,90.63
"bandwagon",521,42469151,90.63
"blond",521,42469672,90.63
"brakes",521,42470193,90.63
"countryside",521,42470714,90.63
"deceased",521,42471235,90.63
"excluding",521,42471756,90.64
"fats",521,42472277,90.64
"finalist",521,42472798,90.64
"inadequate",521,42473319,90.64
"injustice",521,42473840,90.64
"ketchup",521,42474361,90.64
"likelihood",521,42474882,90.64
"liter",521,42475403,90.64
"lowering",521,42475924,90.64
"meg",521,42476445,90.65
"mixes",521,42476966,90.65
"supplied",521,42477487,90.65
"televised",521,42478008,90.65
"advertised",520,42478528,90.65
"boeing",520,42479048,90.65
"independently",520,42479568,90.65
"jockey",520,42480088,90.65
"paperback",520,42480608,90.65
"revelations",520,42481128,90.66
"saddle",520,42481648,90.66
"silently",520,42482168,90.66
"trendy",520,42482688,90.66
"chewing",519,42483207,90.66
"gritty",519,42483726,90.66
"illustrate",519,42484245,90.66
"incomes",519,42484764,90.66
"junction",519,42485283,90.66
"lemons",519,42485802,90.67
"pleasantly",519,42486321,90.67
"primaries",519,42486840,90.67
"renting",519,42487359,90.67
"spontaneous",519,42487878,90.67
"submitting",519,42488397,90.67
"symbols",519,42488916,90.67
"vault",519,42489435,90.67
"bait",518,42489953,90.67
"bamboo",518,42490471,90.68
"complement",518,42490989,90.68
"cooled",518,42491507,90.68
"recreational",518,42492025,90.68
"shea",518,42492543,90.68
"vibes",518,42493061,90.68
"jess",517,42493578,90.68
"lastly",517,42494095,90.68
"plaintiffs",517,42494612,90.68
"preserving",517,42495129,90.69
"cheerful",516,42495645,90.69
"honeymoon",516,42496161,90.69
"instructed",516,42496677,90.69
"leisure",516,42497193,90.69
"masks",516,42497709,90.69
"mounting",516,42498225,90.69
"nat",516,42498741,90.69
"retirees",516,42499257,90.69
"slay",516,42499773,90.7
"sponsorship",516,42500289,90.7
"treaty",516,42500805,90.7
"venus",516,42501321,90.7
"wary",516,42501837,90.7
"welsh",516,42502353,90.7
"belated",515,42502868,90.7
"britney",515,42503383,90.7
"descent",515,42503898,90.7
"flee",515,42504413,90.7
"hamstring",515,42504928,90.71
"illustration",515,42505443,90.71
"interceptions",515,42505958,90.71
"jamming",515,42506473,90.71
"observing",515,42506988,90.71
"passages",515,42507503,90.71
"pickle",515,42508018,90.71
"potent",515,42508533,90.71
"threatens",515,42509048,90.71
"bounds",514,42509562,90.72
"brownie",514,42510076,90.72
"bushes",514,42510590,90.72
"conductor",514,42511104,90.72
"disasters",514,42511618,90.72
"frenzy",514,42512132,90.72
"gina",514,42512646,90.72
"glossy",514,42513160,90.72
"labs",514,42513674,90.72
"mindless",514,42514188,90.73
"overlook",514,42514702,90.73
"sidewalks",514,42515216,90.73
"stella",514,42515730,90.73
"tvs",514,42516244,90.73
"username",514,42516758,90.73
"appetizer",513,42517271,90.73
"autograph",513,42517784,90.73
"brenda",513,42518297,90.73
"creators",513,42518810,90.74
"doyle",513,42519323,90.74
"implies",513,42519836,90.74
"mineral",513,42520349,90.74
"proximity",513,42520862,90.74
"respectful",513,42521375,90.74
"rightly",513,42521888,90.74
"strategist",513,42522401,90.74
"suffers",513,42522914,90.74
"surgical",513,42523427,90.75
"sweeter",513,42523940,90.75
"voiced",513,42524453,90.75
"bury",512,42524965,90.75
"calendars",512,42525477,90.75
"confuse",512,42525989,90.75
"cooperate",512,42526501,90.75
"exchanged",512,42527013,90.75
"herd",512,42527525,90.75
"hid",512,42528037,90.76
"incomplete",512,42528549,90.76
"literal",512,42529061,90.76
"motives",512,42529573,90.76
"nigeria",512,42530085,90.76
"owens",512,42530597,90.76
"pinned",512,42531109,90.76
"plunge",512,42531621,90.76
"prepping",512,42532133,90.76
"vain",512,42532645,90.77
"whining",512,42533157,90.77
"circulation",511,42533668,90.77
"continuously",511,42534179,90.77
"curl",511,42534690,90.77
"developmental",511,42535201,90.77
"digits",511,42535712,90.77
"disciplined",511,42536223,90.77
"edible",511,42536734,90.77
"haunting",511,42537245,90.78
"nicolas",511,42537756,90.78
"protects",511,42538267,90.78
"resemble",511,42538778,90.78
"shines",511,42539289,90.78
"vow",511,42539800,90.78
"willamette",511,42540311,90.78
"worm",511,42540822,90.78
"youths",511,42541333,90.78
"billing",510,42541843,90.78
"costco",510,42542353,90.79
"cynthia",510,42542863,90.79
"drills",510,42543373,90.79
"endorse",510,42543883,90.79
"fined",510,42544393,90.79
"foremost",510,42544903,90.79
"intimidating",510,42545413,90.79
"listings",510,42545923,90.79
"purdue",510,42546433,90.79
"reggae",510,42546943,90.8
"rita",510,42547453,90.8
"riverside",510,42547963,90.8
"striped",510,42548473,90.8
"violate",510,42548983,90.8
"browned",509,42549492,90.8
"coliseum",509,42550001,90.8
"cruelty",509,42550510,90.8
"downturn",509,42551019,90.8
"heartbeat",509,42551528,90.81
"heath",509,42552037,90.81
"imo",509,42552546,90.81
"joys",509,42553055,90.81
"piled",509,42553564,90.81
"plots",509,42554073,90.81
"rafael",509,42554582,90.81
"reel",509,42555091,90.81
"sorted",509,42555600,90.81
"threads",509,42556109,90.82
"trainers",509,42556618,90.82
"trustee",509,42557127,90.82
"vanessa",509,42557636,90.82
"yemen",509,42558145,90.82
"butcher",508,42558653,90.82
"contention",508,42559161,90.82
"discouraged",508,42559669,90.82
"erase",508,42560177,90.82
"geared",508,42560685,90.83
"investigative",508,42561193,90.83
"misdemeanor",508,42561701,90.83
"predecessor",508,42562209,90.83
"refusal",508,42562717,90.83
"requesting",508,42563225,90.83
"roasting",508,42563733,90.83
"stab",508,42564241,90.83
"tipped",508,42564749,90.83
"traveler",508,42565257,90.83
"tribes",508,42565765,90.84
"carolyn",507,42566272,90.84
"damp",507,42566779,90.84
"edt",507,42567286,90.84
"electoral",507,42567793,90.84
"indulge",507,42568300,90.84
"mortal",507,42568807,90.84
"organs",507,42569314,90.84
"rappers",507,42569821,90.84
"spun",507,42570328,90.85
"stevie",507,42570835,90.85
"thighs",507,42571342,90.85
"unlawful",507,42571849,90.85
"douche",506,42572355,90.85
"enterprises",506,42572861,90.85
"gangs",506,42573367,90.85
"giggle",506,42573873,90.85
"imagining",506,42574379,90.85
"observer",506,42574885,90.86
"raced",506,42575391,90.86
"smoothie",506,42575897,90.86
"adventurous",505,42576402,90.86
"antibiotics",505,42576907,90.86
"commodity",505,42577412,90.86
"fruity",505,42577917,90.86
"mechanics",505,42578422,90.86
"perimeter",505,42578927,90.86
"scarlet",505,42579432,90.87
"screenings",505,42579937,90.87
"smiley",505,42580442,90.87
"calf",504,42580946,90.87
"hamburger",504,42581450,90.87
"kidnapped",504,42581954,90.87
"mercer",504,42582458,90.87
"sprayed",504,42582962,90.87
"ales",503,42583465,90.87
"bleed",503,42583968,90.87
"deadlines",503,42584471,90.88
"dinosaur",503,42584974,90.88
"laurel",503,42585477,90.88
"lieutenant",503,42585980,90.88
"medals",503,42586483,90.88
"merits",503,42586986,90.88
"noisy",503,42587489,90.88
"pedal",503,42587992,90.88
"punish",503,42588495,90.88
"starred",503,42588998,90.89
"wang",503,42589501,90.89
"apartheid",502,42590003,90.89
"appliances",502,42590505,90.89
"chesterfield",502,42591007,90.89
"cloves",502,42591509,90.89
"contempt",502,42592011,90.89
"desperation",502,42592513,90.89
"echoed",502,42593015,90.89
"exchanges",502,42593517,90.9
"indicating",502,42594019,90.9
"packer",502,42594521,90.9
"rosa",502,42595023,90.9
"sank",502,42595525,90.9
"slump",502,42596027,90.9
"specially",502,42596529,90.9
"wheeler",502,42597031,90.9
"beginnings",501,42597532,90.9
"brushed",501,42598033,90.9
"collaborate",501,42598534,90.91
"eureka",501,42599035,90.91
"manufactured",501,42599536,90.91
"muddy",501,42600037,90.91
"rave",501,42600538,90.91
"shabby",501,42601039,90.91
"chardonnay",500,42601539,90.91
"cigar",500,42602039,90.91
"collegiate",500,42602539,90.91
"contenders",500,42603039,90.92
"dread",500,42603539,90.92
"hospitalized",500,42604039,90.92
"numb",500,42604539,90.92
"proverbs",500,42605039,90.92
"shanghai",500,42605539,90.92
"atm",499,42606038,90.92
"irritated",499,42606537,90.92
"jimenez",499,42607036,90.92
"johnston",499,42607535,90.93
"knot",499,42608034,90.93
"lengths",499,42608533,90.93
"offline",499,42609032,90.93
"phd",499,42609531,90.93
"privileged",499,42610030,90.93
"stranded",499,42610529,90.93
"surplus",499,42611028,90.93
"blur",498,42611526,90.93
"demise",498,42612024,90.93
"diaries",498,42612522,90.94
"dimensions",498,42613020,90.94
"homage",498,42613518,90.94
"hows",498,42614016,90.94
"lunchtime",498,42614514,90.94
"objections",498,42615012,90.94
"panda",498,42615510,90.94
"pleasures",498,42616008,90.94
"rejoice",498,42616506,90.94
"rv",498,42617004,90.95
"si",498,42617502,90.95
"ache",497,42617999,90.95
"blogged",497,42618496,90.95
"gasp",497,42618993,90.95
"hormones",497,42619490,90.95
"inclusive",497,42619987,90.95
"inks",497,42620484,90.95
"melbourne",497,42620981,90.95
"offender",497,42621478,90.95
"platter",497,42621975,90.96
"prohibition",497,42622472,90.96
"residency",497,42622969,90.96
"sidelines",497,42623466,90.96
"uphill",497,42623963,90.96
"booths",496,42624459,90.96
"confirms",496,42624955,90.96
"explorer",496,42625451,90.96
"gloria",496,42625947,90.96
"haley",496,42626443,90.97
"highways",496,42626939,90.97
"plague",496,42627435,90.97
"proposing",496,42627931,90.97
"sarcastic",496,42628427,90.97
"showdown",496,42628923,90.97
"tar",496,42629419,90.97
"vol",496,42629915,90.97
"bishops",495,42630410,90.97
"cellar",495,42630905,90.97
"courtyard",495,42631400,90.98
"heartbreaking",495,42631895,90.98
"illnesses",495,42632390,90.98
"lebanon",495,42632885,90.98
"nodded",495,42633380,90.98
"rendered",495,42633875,90.98
"sears",495,42634370,90.98
"shaky",495,42634865,90.98
"standpoint",495,42635360,90.98
"supplier",495,42635855,90.99
"await",494,42636349,90.99
"blasted",494,42636843,90.99
"eden",494,42637337,90.99
"forensic",494,42637831,90.99
"forwards",494,42638325,90.99
"instincts",494,42638819,90.99
"leaned",494,42639313,90.99
"lefty",494,42639807,90.99
"monmouth",494,42640301,90.99
"palms",494,42640795,91
"raisins",494,42641289,91
"refugees",494,42641783,91
"stocked",494,42642277,91
"supervision",494,42642771,91
"awaited",493,42643264,91
"clair",493,42643757,91
"cooperative",493,42644250,91
"cranberry",493,42644743,91
"departed",493,42645236,91.01
"downhill",493,42645729,91.01
"employs",493,42646222,91.01
"enables",493,42646715,91.01
"hopeless",493,42647208,91.01
"naps",493,42647701,91.01
"orthodox",493,42648194,91.01
"smokers",493,42648687,91.01
"stereo",493,42649180,91.01
"alexis",492,42649672,91.01
"debated",492,42650164,91.02
"fearless",492,42650656,91.02
"lexington",492,42651148,91.02
"merchants",492,42651640,91.02
"millionaire",492,42652132,91.02
"mundane",492,42652624,91.02
"plagued",492,42653116,91.02
"racks",492,42653608,91.02
"samantha",492,42654100,91.02
"tuning",492,42654592,91.03
"utilize",492,42655084,91.03
"barred",491,42655575,91.03
"discovers",491,42656066,91.03
"extensions",491,42656557,91.03
"famed",491,42657048,91.03
"hatch",491,42657539,91.03
"hiatus",491,42658030,91.03
"imposing",491,42658521,91.03
"lobbyists",491,42659012,91.03
"operational",491,42659503,91.04
"pajamas",491,42659994,91.04
"paranoid",491,42660485,91.04
"successor",491,42660976,91.04
"cf",490,42661466,91.04
"circular",490,42661956,91.04
"detect",490,42662446,91.04
"minced",490,42662936,91.04
"persona",490,42663426,91.04
"protections",490,42663916,91.05
"spartans",490,42664406,91.05
"computing",489,42664895,91.05
"cycles",489,42665384,91.05
"diplomatic",489,42665873,91.05
"earnest",489,42666362,91.05
"fernandez",489,42666851,91.05
"hath",489,42667340,91.05
"inmate",489,42667829,91.05
"knives",489,42668318,91.05
"mileage",489,42668807,91.06
"myths",489,42669296,91.06
"prevents",489,42669785,91.06
"psyched",489,42670274,91.06
"tally",489,42670763,91.06
"theatrical",489,42671252,91.06
"amenities",488,42671740,91.06
"capturing",488,42672228,91.06
"comfortably",488,42672716,91.06
"decreased",488,42673204,91.07
"detained",488,42673692,91.07
"firearms",488,42674180,91.07
"glamorous",488,42674668,91.07
"huff",488,42675156,91.07
"initiated",488,42675644,91.07
"interestingly",488,42676132,91.07
"internationally",488,42676620,91.07
"recruits",488,42677108,91.07
"rubbing",488,42677596,91.07
"scriptures",488,42678084,91.08
"similarities",488,42678572,91.08
"symposium",488,42679060,91.08
"toured",488,42679548,91.08
"voyage",488,42680036,91.08
"warrants",488,42680524,91.08
"cheered",487,42681011,91.08
"compares",487,42681498,91.08
"critically",487,42681985,91.08
"elusive",487,42682472,91.08
"emanuel",487,42682959,91.09
"feather",487,42683446,91.09
"ideals",487,42683933,91.09
"meaningless",487,42684420,91.09
"pianist",487,42684907,91.09
"spokesperson",487,42685394,91.09
"textures",487,42685881,91.09
"blockbuster",486,42686367,91.09
"console",486,42686853,91.09
"coordinated",486,42687339,91.1
"coworkers",486,42687825,91.1
"crosby",486,42688311,91.1
"flirting",486,42688797,91.1
"flourish",486,42689283,91.1
"isle",486,42689769,91.1
"longing",486,42690255,91.1
"mesh",486,42690741,91.1
"raleigh",486,42691227,91.1
"recycle",486,42691713,91.1
"resistant",486,42692199,91.11
"sorta",486,42692685,91.11
"troop",486,42693171,91.11
"yelp",486,42693657,91.11
"benchmark",485,42694142,91.11
"dew",485,42694627,91.11
"handgun",485,42695112,91.11
"hotter",485,42695597,91.11
"hum",485,42696082,91.11
"humorous",485,42696567,91.12
"nutritional",485,42697052,91.12
"pew",485,42697537,91.12
"quilting",485,42698022,91.12
"russ",485,42698507,91.12
"sneakers",485,42698992,91.12
"stalker",485,42699477,91.12
"tangible",485,42699962,91.12
"unused",485,42700447,91.12
"upright",485,42700932,91.12
"attracts",484,42701416,91.13
"automated",484,42701900,91.13
"benefited",484,42702384,91.13
"billionaire",484,42702868,91.13
"boardwalk",484,42703352,91.13
"conditioned",484,42703836,91.13
"consultation",484,42704320,91.13
"crossroads",484,42704804,91.13
"emperor",484,42705288,91.13
"experimenting",484,42705772,91.13
"geographic",484,42706256,91.14
"geography",484,42706740,91.14
"granddaughter",484,42707224,91.14
"hammond",484,42707708,91.14
"infield",484,42708192,91.14
"latinos",484,42708676,91.14
"lite",484,42709160,91.14
"loft",484,42709644,91.14
"ref",484,42710128,91.14
"temps",484,42710612,91.15
"thirteen",484,42711096,91.15
"ultrasound",484,42711580,91.15
"bumped",483,42712063,91.15
"cured",483,42712546,91.15
"forbes",483,42713029,91.15
"foursquare",483,42713512,91.15
"gigantic",483,42713995,91.15
"grilling",483,42714478,91.15
"header",483,42714961,91.15
"interpret",483,42715444,91.16
"laurie",483,42715927,91.16
"offshore",483,42716410,91.16
"psychic",483,42716893,91.16
"pulitzer",483,42717376,91.16
"queue",483,42717859,91.16
"soothing",483,42718342,91.16
"stereotypes",483,42718825,91.16
"tactic",483,42719308,91.16
"unwilling",483,42719791,91.16
"withdraw",483,42720274,91.17
"wonderland",483,42720757,91.17
"acknowledges",482,42721239,91.17
"admin",482,42721721,91.17
"bathing",482,42722203,91.17
"branded",482,42722685,91.17
"cherries",482,42723167,91.17
"cursed",482,42723649,91.17
"efficiently",482,42724131,91.17
"gladly",482,42724613,91.17
"kidnapping",482,42725095,91.18
"limbs",482,42725577,91.18
"marched",482,42726059,91.18
"napoleon",482,42726541,91.18
"parental",482,42727023,91.18
"relates",482,42727505,91.18
"sponge",482,42727987,91.18
"stumble",482,42728469,91.18
"toby",482,42728951,91.18
"unpredictable",482,42729433,91.19
"verified",482,42729915,91.19
"acknowledging",481,42730396,91.19
"boredom",481,42730877,91.19
"braised",481,42731358,91.19
"chester",481,42731839,91.19
"combines",481,42732320,91.19
"competed",481,42732801,91.19
"fennel",481,42733282,91.19
"freestyle",481,42733763,91.19
"margins",481,42734244,91.2
"randolph",481,42734725,91.2
"seize",481,42735206,91.2
"southwestern",481,42735687,91.2
"bankrupt",480,42736167,91.2
"crochet",480,42736647,91.2
"heroic",480,42737127,91.2
"iceland",480,42737607,91.2
"massacre",480,42738087,91.2
"rand",480,42738567,91.2
"sorting",480,42739047,91.21
"avail",479,42739526,91.21
"caleb",479,42740005,91.21
"col",479,42740484,91.21
"criticize",479,42740963,91.21
"garfield",479,42741442,91.21
"highlands",479,42741921,91.21
"homeowner",479,42742400,91.21
"jfk",479,42742879,91.21
"righteousness",479,42743358,91.21
"staggering",479,42743837,91.22
"teaspoons",479,42744316,91.22
"zoning",479,42744795,91.22
"admissions",478,42745273,91.22
"bobcats",478,42745751,91.22
"ibm",478,42746229,91.22
"inconsistent",478,42746707,91.22
"manifest",478,42747185,91.22
"mayoral",478,42747663,91.22
"mayors",478,42748141,91.23
"protocol",478,42748619,91.23
"strap",478,42749097,91.23
"tulsa",478,42749575,91.23
"walton",478,42750053,91.23
"wires",478,42750531,91.23
"alvarez",477,42751008,91.23
"bans",477,42751485,91.23
"chatted",477,42751962,91.23
"improves",477,42752439,91.23
"jaguars",477,42752916,91.24
"powdered",477,42753393,91.24
"reopen",477,42753870,91.24
"subsidiary",477,42754347,91.24
"tiles",477,42754824,91.24
"trailers",477,42755301,91.24
"arctic",476,42755777,91.24
"clint",476,42756253,91.24
"derived",476,42756729,91.24
"environments",476,42757205,91.24
"frightened",476,42757681,91.25
"gallagher",476,42758157,91.25
"hefty",476,42758633,91.25
"impacted",476,42759109,91.25
"insomnia",476,42759585,91.25
"jewel",476,42760061,91.25
"po",476,42760537,91.25
"pricey",476,42761013,91.25
"rubbed",476,42761489,91.25
"sheila",476,42761965,91.25
"adversity",475,42762440,91.26
"advertisers",475,42762915,91.26
"barking",475,42763390,91.26
"bling",475,42763865,91.26
"chesapeake",475,42764340,91.26
"childish",475,42764815,91.26
"commonwealth",475,42765290,91.26
"coordinate",475,42765765,91.26
"exposing",475,42766240,91.26
"fiat",475,42766715,91.26
"hugely",475,42767190,91.27
"imminent",475,42767665,91.27
"monk",475,42768140,91.27
"relaxation",475,42768615,91.27
"standings",475,42769090,91.27
"stunt",475,42769565,91.27
"terri",475,42770040,91.27
"arcade",474,42770514,91.27
"assessments",474,42770988,91.27
"catchy",474,42771462,91.27
"downward",474,42771936,91.28
"drone",474,42772410,91.28
"firstly",474,42772884,91.28
"ind",474,42773358,91.28
"myriad",474,42773832,91.28
"psychologist",474,42774306,91.28
"quoting",474,42774780,91.28
"repaired",474,42775254,91.28
"repay",474,42775728,91.28
"reproductive",474,42776202,91.28
"thrust",474,42776676,91.29
"tumor",474,42777150,91.29
"undocumented",474,42777624,91.29
"armor",473,42778097,91.29
"blazer",473,42778570,91.29
"broadband",473,42779043,91.29
"disputes",473,42779516,91.29
"gears",473,42779989,91.29
"jasmine",473,42780462,91.29
"personalized",473,42780935,91.3
"rails",473,42781408,91.3
"resumes",473,42781881,91.3
"rs",473,42782354,91.3
"stabbing",473,42782827,91.3
"breathtaking",472,42783299,91.3
"heartfelt",472,42783771,91.3
"induced",472,42784243,91.3
"insightful",472,42784715,91.3
"invent",472,42785187,91.3
"isolation",472,42785659,91.31
"judiciary",472,42786131,91.31
"kettle",472,42786603,91.31
"outgoing",472,42787075,91.31
"sleek",472,42787547,91.31
"sudan",472,42788019,91.31
"synthetic",472,42788491,91.31
"typed",472,42788963,91.31
"belts",471,42789434,91.31
"chaotic",471,42789905,91.31
"descendants",471,42790376,91.32
"fashionable",471,42790847,91.32
"issuing",471,42791318,91.32
"kicker",471,42791789,91.32
"lgbt",471,42792260,91.32
"melanie",471,42792731,91.32
"migration",471,42793202,91.32
"peru",471,42793673,91.32
"replaces",471,42794144,91.32
"ark",470,42794614,91.32
"billed",470,42795084,91.33
"brink",470,42795554,91.33
"hires",470,42796024,91.33
"huntsman",470,42796494,91.33
"ideally",470,42796964,91.33
"laptops",470,42797434,91.33
"lest",470,42797904,91.33
"rentals",470,42798374,91.33
"rouge",470,42798844,91.33
"sq",470,42799314,91.33
"cement",469,42799783,91.34
"circumstance",469,42800252,91.34
"courageous",469,42800721,91.34
"cracker",469,42801190,91.34
"disagreed",469,42801659,91.34
"fundamentally",469,42802128,91.34
"helicopters",469,42802597,91.34
"listens",469,42803066,91.34
"moose",469,42803535,91.34
"naval",469,42804004,91.34
"needy",469,42804473,91.35
"nostalgic",469,42804942,91.35
"nutrients",469,42805411,91.35
"secondly",469,42805880,91.35
"teachings",469,42806349,91.35
"timed",469,42806818,91.35
"vested",469,42807287,91.35
"behavioral",468,42807755,91.35
"blueberries",468,42808223,91.35
"chatter",468,42808691,91.35
"clueless",468,42809159,91.36
"composite",468,42809627,91.36
"harlem",468,42810095,91.36
"keg",468,42810563,91.36
"lifts",468,42811031,91.36
"norfolk",468,42811499,91.36
"noticeable",468,42811967,91.36
"overturned",468,42812435,91.36
"overwhelmingly",468,42812903,91.36
"pickled",468,42813371,91.36
"precision",468,42813839,91.37
"snowy",468,42814307,91.37
"stride",468,42814775,91.37
"surfaces",468,42815243,91.37
"tights",468,42815711,91.37
"ceremonies",467,42816178,91.37
"earthquakes",467,42816645,91.37
"eaton",467,42817112,91.37
"embedded",467,42817579,91.37
"foreigners",467,42818046,91.37
"implementing",467,42818513,91.38
"introduces",467,42818980,91.38
"invitational",467,42819447,91.38
"jays",467,42819914,91.38
"nicest",467,42820381,91.38
"recruitment",467,42820848,91.38
"resembles",467,42821315,91.38
"salesman",467,42821782,91.38
"scrambled",467,42822249,91.38
"softened",467,42822716,91.38
"structured",467,42823183,91.39
"sturdy",467,42823650,91.39
"swollen",467,42824117,91.39
"thug",467,42824584,91.39
"tornadoes",467,42825051,91.39
"bead",466,42825517,91.39
"burial",466,42825983,91.39
"dominating",466,42826449,91.39
"hare",466,42826915,91.39
"interference",466,42827381,91.39
"lego",466,42827847,91.4
"pleas",466,42828313,91.4
"populated",466,42828779,91.4
"revive",466,42829245,91.4
"swirl",466,42829711,91.4
"bagel",465,42830176,91.4
"carbs",465,42830641,91.4
"dora",465,42831106,91.4
"icy",465,42831571,91.4
"manor",465,42832036,91.4
"messenger",465,42832501,91.41
"nonprofits",465,42832966,91.41
"preferences",465,42833431,91.41
"prepares",465,42833896,91.41
"servings",465,42834361,91.41
"spectacle",465,42834826,91.41
"sprawling",465,42835291,91.41
"totals",465,42835756,91.41
"tractor",465,42836221,91.41
"twine",465,42836686,91.41
"voluntarily",465,42837151,91.42
"altar",464,42837615,91.42
"cask",464,42838079,91.42
"commands",464,42838543,91.42
"comparisons",464,42839007,91.42
"dresser",464,42839471,91.42
"genes",464,42839935,91.42
"grapefruit",464,42840399,91.42
"hazing",464,42840863,91.42
"ovation",464,42841327,91.42
"overview",464,42841791,91.42
"restoring",464,42842255,91.43
"revision",464,42842719,91.43
"richer",464,42843183,91.43
"statehouse",464,42843647,91.43
"trooper",464,42844111,91.43
"volt",464,42844575,91.43
"wilde",464,42845039,91.43
"aforementioned",463,42845502,91.43
"ai",463,42845965,91.43
"attendant",463,42846428,91.43
"automobile",463,42846891,91.44
"barefoot",463,42847354,91.44
"boyle",463,42847817,91.44
"cluster",463,42848280,91.44
"inception",463,42848743,91.44
"merge",463,42849206,91.44
"puppet",463,42849669,91.44
"retained",463,42850132,91.44
"rugby",463,42850595,91.44
"tentative",463,42851058,91.44
"unconstitutional",463,42851521,91.45
"wallpaper",463,42851984,91.45
"afc",462,42852446,91.45
"associations",462,42852908,91.45
"augusta",462,42853370,91.45
"brides",462,42853832,91.45
"epidemic",462,42854294,91.45
"fulton",462,42854756,91.45
"horribly",462,42855218,91.45
"manuel",462,42855680,91.45
"mentors",462,42856142,91.46
"milan",462,42856604,91.46
"oasis",462,42857066,91.46
"owls",462,42857528,91.46
"packaged",462,42857990,91.46
"reilly",462,42858452,91.46
"reliance",462,42858914,91.46
"ripping",462,42859376,91.46
"sherlock",462,42859838,91.46
"tortured",462,42860300,91.46
"youngsters",462,42860762,91.47
"breeding",461,42861223,91.47
"caesar",461,42861684,91.47
"desirable",461,42862145,91.47
"disciplinary",461,42862606,91.47
"endurance",461,42863067,91.47
"growers",461,42863528,91.47
"highlighting",461,42863989,91.47
"indicator",461,42864450,91.47
"interception",461,42864911,91.47
"minors",461,42865372,91.48
"mourning",461,42865833,91.48
"nerds",461,42866294,91.48
"norton",461,42866755,91.48
"nun",461,42867216,91.48
"progression",461,42867677,91.48
"tighter",461,42868138,91.48
"translates",461,42868599,91.48
"unofficial",461,42869060,91.48
"vent",461,42869521,91.48
"waldo",461,42869982,91.49
"bach",460,42870442,91.49
"choked",460,42870902,91.49
"deed",460,42871362,91.49
"economically",460,42871822,91.49
"empathy",460,42872282,91.49
"fearful",460,42872742,91.49
"guiding",460,42873202,91.49
"int",460,42873662,91.49
"integral",460,42874122,91.49
"loyola",460,42874582,91.49
"paypal",460,42875042,91.5
"powerhouse",460,42875502,91.5
"punt",460,42875962,91.5
"ruining",460,42876422,91.5
"sovereign",460,42876882,91.5
"advancing",459,42877341,91.5
"aspirations",459,42877800,91.5
"banker",459,42878259,91.5
"blooming",459,42878718,91.5
"buckets",459,42879177,91.5
"buns",459,42879636,91.51
"buzzing",459,42880095,91.51
"clutter",459,42880554,91.51
"collage",459,42881013,91.51
"coughing",459,42881472,91.51
"denies",459,42881931,91.51
"digs",459,42882390,91.51
"enthusiasts",459,42882849,91.51
"exceptionally",459,42883308,91.51
"expires",459,42883767,91.51
"flashes",459,42884226,91.52
"irritating",459,42884685,91.52
"marrying",459,42885144,91.52
"notification",459,42885603,91.52
"planners",459,42886062,91.52
"poisoning",459,42886521,91.52
"protesting",459,42886980,91.52
"pulp",459,42887439,91.52
"relish",459,42887898,91.52
"researched",459,42888357,91.52
"rodney",459,42888816,91.53
"schneider",459,42889275,91.53
"situated",459,42889734,91.53
"substances",459,42890193,91.53
"swamp",459,42890652,91.53
"trailed",459,42891111,91.53
"bins",458,42891569,91.53
"chant",458,42892027,91.53
"concealed",458,42892485,91.53
"distinguish",458,42892943,91.53
"excerpt",458,42893401,91.54
"insanely",458,42893859,91.54
"kaiser",458,42894317,91.54
"quad",458,42894775,91.54
"registry",458,42895233,91.54
"salted",458,42895691,91.54
"snapping",458,42896149,91.54
"staging",458,42896607,91.54
"suspend",458,42897065,91.54
"tenant",458,42897523,91.54
"volatile",458,42897981,91.54
"acclaimed",457,42898438,91.55
"banners",457,42898895,91.55
"borrowers",457,42899352,91.55
"brake",457,42899809,91.55
"conjunction",457,42900266,91.55
"darkest",457,42900723,91.55
"disregard",457,42901180,91.55
"educator",457,42901637,91.55
"immature",457,42902094,91.55
"nonstop",457,42902551,91.55
"persuaded",457,42903008,91.56
"tended",457,42903465,91.56
"biscuit",456,42903921,91.56
"brock",456,42904377,91.56
"delegation",456,42904833,91.56
"hanna",456,42905289,91.56
"inter",456,42905745,91.56
"lenses",456,42906201,91.56
"nichols",456,42906657,91.56
"static",456,42907113,91.56
"tempo",456,42907569,91.57
"torch",456,42908025,91.57
"advertise",455,42908480,91.57
"aloha",455,42908935,91.57
"articulate",455,42909390,91.57
"bothering",455,42909845,91.57
"byron",455,42910300,91.57
"cascade",455,42910755,91.57
"drinkers",455,42911210,91.57
"getaway",455,42911665,91.57
"mellow",455,42912120,91.58
"perceive",455,42912575,91.58
"rents",455,42913030,91.58
"stocking",455,42913485,91.58
"ventures",455,42913940,91.58
"americas",454,42914394,91.58
"assistants",454,42914848,91.58
"beckett",454,42915302,91.58
"filings",454,42915756,91.58
"generously",454,42916210,91.58
"hebrew",454,42916664,91.58
"marriott",454,42917118,91.59
"portal",454,42917572,91.59
"sauces",454,42918026,91.59
"shouts",454,42918480,91.59
"taps",454,42918934,91.59
"teamed",454,42919388,91.59
"transferring",454,42919842,91.59
"unfold",454,42920296,91.59
"barney",453,42920749,91.59
"cactus",453,42921202,91.59
"dictator",453,42921655,91.6
"discourse",453,42922108,91.6
"distractions",453,42922561,91.6
"evaluating",453,42923014,91.6
"jamaica",453,42923467,91.6
"pharmaceutical",453,42923920,91.6
"putin",453,42924373,91.6
"vinaigrette",453,42924826,91.6
"vogue",453,42925279,91.6
"woodland",453,42925732,91.6
"amused",452,42926184,91.61
"anita",452,42926636,91.61
"autistic",452,42927088,91.61
"belonging",452,42927540,91.61
"cartridge",452,42927992,91.61
"chills",452,42928444,91.61
"contributors",452,42928896,91.61
"cornell",452,42929348,91.61
"drown",452,42929800,91.61
"elf",452,42930252,91.61
"financed",452,42930704,91.61
"impulse",452,42931156,91.62
"renovations",452,42931608,91.62
"ritz",452,42932060,91.62
"sectors",452,42932512,91.62
"sherry",452,42932964,91.62
"telegraph",452,42933416,91.62
"alphabet",451,42933867,91.62
"awaits",451,42934318,91.62
"awakening",451,42934769,91.62
"calcium",451,42935220,91.62
"demolition",451,42935671,91.63
"enroll",451,42936122,91.63
"hallmark",451,42936573,91.63
"ideological",451,42937024,91.63
"novelist",451,42937475,91.63
"rained",451,42937926,91.63
"scramble",451,42938377,91.63
"securing",451,42938828,91.63
"tails",451,42939279,91.63
"vocalist",451,42939730,91.63
"gardener",450,42940180,91.63
"insects",450,42940630,91.64
"meow",450,42941080,91.64
"oath",450,42941530,91.64
"objectives",450,42941980,91.64
"ottawa",450,42942430,91.64
"payday",450,42942880,91.64
"planets",450,42943330,91.64
"savannah",450,42943780,91.64
"seekers",450,42944230,91.64
"slippery",450,42944680,91.64
"snaps",450,42945130,91.65
"textbook",450,42945580,91.65
"winters",450,42946030,91.65
"blooms",449,42946479,91.65
"bonding",449,42946928,91.65
"clan",449,42947377,91.65
"clarke",449,42947826,91.65
"clocks",449,42948275,91.65
"denim",449,42948724,91.65
"denmark",449,42949173,91.65
"emerald",449,42949622,91.66
"fleming",449,42950071,91.66
"gals",449,42950520,91.66
"hugged",449,42950969,91.66
"ira",449,42951418,91.66
"meadows",449,42951867,91.66
"pb",449,42952316,91.66
"resisting",449,42952765,91.66
"ballard",448,42953213,91.66
"casually",448,42953661,91.66
"conventions",448,42954109,91.66
"coup",448,42954557,91.67
"czech",448,42955005,91.67
"defensively",448,42955453,91.67
"emmy",448,42955901,91.67
"felix",448,42956349,91.67
"globally",448,42956797,91.67
"hooks",448,42957245,91.67
"leash",448,42957693,91.67
"mri",448,42958141,91.67
"noel",448,42958589,91.67
"oats",448,42959037,91.68
"receipt",448,42959485,91.68
"roar",448,42959933,91.68
"thigh",448,42960381,91.68
"touted",448,42960829,91.68
"undermine",448,42961277,91.68
"watchdog",448,42961725,91.68
"acquiring",447,42962172,91.68
"barkley",447,42962619,91.68
"coma",447,42963066,91.68
"compromised",447,42963513,91.68
"contraception",447,42963960,91.69
"cranky",447,42964407,91.69
"durham",447,42964854,91.69
"fertility",447,42965301,91.69
"insecure",447,42965748,91.69
"jurisdiction",447,42966195,91.69
"matrix",447,42966642,91.69
"mcgee",447,42967089,91.69
"mosque",447,42967536,91.69
"patches",447,42967983,91.69
"pedro",447,42968430,91.7
"statistical",447,42968877,91.7
"tackling",447,42969324,91.7
"turquoise",447,42969771,91.7
"welcomes",447,42970218,91.7
"wrongdoing",447,42970665,91.7
"affidavit",446,42971111,91.7
"assortment",446,42971557,91.7
"carts",446,42972003,91.7
"contributor",446,42972449,91.7
"coors",446,42972895,91.7
"fossil",446,42973341,91.71
"goats",446,42973787,91.71
"hicks",446,42974233,91.71
"mayer",446,42974679,91.71
"pasadena",446,42975125,91.71
"sensitivity",446,42975571,91.71
"sheridan",446,42976017,91.71
"thirst",446,42976463,91.71
"undergoing",446,42976909,91.71
"vaguely",446,42977355,91.71
"vienna",446,42977801,91.72
"ant",445,42978246,91.72
"arabic",445,42978691,91.72
"banning",445,42979136,91.72
"capability",445,42979581,91.72
"dictate",445,42980026,91.72
"dirk",445,42980471,91.72
"disastrous",445,42980916,91.72
"elegance",445,42981361,91.72
"erupted",445,42981806,91.72
"explicit",445,42982251,91.72
"fearing",445,42982696,91.73
"flair",445,42983141,91.73
"historians",445,42983586,91.73
"hose",445,42984031,91.73
"lightweight",445,42984476,91.73
"mandated",445,42984921,91.73
"mildly",445,42985366,91.73
"nazis",445,42985811,91.73
"nintendo",445,42986256,91.73
"overrated",445,42986701,91.73
"patton",445,42987146,91.74
"poles",445,42987591,91.74
"reset",445,42988036,91.74
"restless",445,42988481,91.74
"ridden",445,42988926,91.74
"robbins",445,42989371,91.74
"stein",445,42989816,91.74
"summertime",445,42990261,91.74
"tangled",445,42990706,91.74
"watts",445,42991151,91.74
"bernanke",444,42991595,91.74
"buchanan",444,42992039,91.75
"cove",444,42992483,91.75
"gimme",444,42992927,91.75
"listener",444,42993371,91.75
"novelty",444,42993815,91.75
"rallies",444,42994259,91.75
"ranges",444,42994703,91.75
"rash",444,42995147,91.75
"sebastian",444,42995591,91.75
"shampoo",444,42996035,91.75
"stressing",444,42996479,91.76
"totaled",444,42996923,91.76
"uptown",444,42997367,91.76
"accepts",443,42997810,91.76
"anyhow",443,42998253,91.76
"blades",443,42998696,91.76
"capitalist",443,42999139,91.76
"cite",443,42999582,91.76
"confined",443,43000025,91.76
"cumin",443,43000468,91.76
"determines",443,43000911,91.76
"diocese",443,43001354,91.77
"hazard",443,43001797,91.77
"homecoming",443,43002240,91.77
"hostess",443,43002683,91.77
"marx",443,43003126,91.77
"nissan",443,43003569,91.77
"renovated",443,43004012,91.77
"scrape",443,43004455,91.77
"shin",443,43004898,91.77
"subjected",443,43005341,91.77
"thinly",443,43005784,91.77
"thunderstorms",443,43006227,91.78
"yuck",443,43006670,91.78
"beets",442,43007112,91.78
"boosting",442,43007554,91.78
"competent",442,43007996,91.78
"downloads",442,43008438,91.78
"editions",442,43008880,91.78
"embellishments",442,43009322,91.78
"hut",442,43009764,91.78
"impending",442,43010206,91.78
"refrain",442,43010648,91.79
"shaun",442,43011090,91.79
"tripping",442,43011532,91.79
"wholly",442,43011974,91.79
"whoops",442,43012416,91.79
"apr",441,43012857,91.79
"artifacts",441,43013298,91.79
"audrey",441,43013739,91.79
"bleak",441,43014180,91.79
"cu",441,43014621,91.79
"dividend",441,43015062,91.79
"filthy",441,43015503,91.8
"heidi",441,43015944,91.8
"landscaping",441,43016385,91.8
"mummy",441,43016826,91.8
"phantom",441,43017267,91.8
"prostate",441,43017708,91.8
"sway",441,43018149,91.8
"thugs",441,43018590,91.8
"wig",441,43019031,91.8
"atheist",440,43019471,91.8
"conrad",440,43019911,91.81
"covenant",440,43020351,91.81
"donkey",440,43020791,91.81
"eminem",440,43021231,91.81
"footsteps",440,43021671,91.81
"fuels",440,43022111,91.81
"knocks",440,43022551,91.81
"midday",440,43022991,91.81
"molina",440,43023431,91.81
"morton",440,43023871,91.81
"podium",440,43024311,91.81
"portrayal",440,43024751,91.82
"shack",440,43025191,91.82
"supplements",440,43025631,91.82
"watchers",440,43026071,91.82
"worms",440,43026511,91.82
"chagrin",439,43026950,91.82
"davies",439,43027389,91.82
"ella",439,43027828,91.82
"famously",439,43028267,91.82
"freaky",439,43028706,91.82
"humbled",439,43029145,91.82
"legion",439,43029584,91.83
"magically",439,43030023,91.83
"newcastle",439,43030462,91.83
"opposes",439,43030901,91.83
"receipts",439,43031340,91.83
"zoe",439,43031779,91.83
"africans",438,43032217,91.83
"amendments",438,43032655,91.83
"frankie",438,43033093,91.83
"intricate",438,43033531,91.83
"nt",438,43033969,91.84
"predicting",438,43034407,91.84
"probable",438,43034845,91.84
"safari",438,43035283,91.84
"slips",438,43035721,91.84
"tara",438,43036159,91.84
"theodore",438,43036597,91.84
"tweeter",438,43037035,91.84
"undergraduate",438,43037473,91.84
"veil",438,43037911,91.84
"browse",437,43038348,91.84
"bypass",437,43038785,91.85
"certificates",437,43039222,91.85
"cleansing",437,43039659,91.85
"density",437,43040096,91.85
"drastic",437,43040533,91.85
"fading",437,43040970,91.85
"fowler",437,43041407,91.85
"improper",437,43041844,91.85
"interfere",437,43042281,91.85
"jerome",437,43042718,91.85
"knowledgeable",437,43043155,91.85
"mastered",437,43043592,91.86
"mistress",437,43044029,91.86
"omar",437,43044466,91.86
"oneself",437,43044903,91.86
"rendition",437,43045340,91.86
"stirred",437,43045777,91.86
"strauss",437,43046214,91.86
"youthful",437,43046651,91.86
"anthology",436,43047087,91.86
"chewy",436,43047523,91.86
"commuters",436,43047959,91.86
"consist",436,43048395,91.87
"daley",436,43048831,91.87
"discusses",436,43049267,91.87
"evidently",436,43049703,91.87
"finalized",436,43050139,91.87
"fragrance",436,43050575,91.87
"geeks",436,43051011,91.87
"hawkins",436,43051447,91.87
"irrational",436,43051883,91.87
"lennon",436,43052319,91.87
"pep",436,43052755,91.88
"pioneers",436,43053191,91.88
"pyramid",436,43053627,91.88
"riches",436,43054063,91.88
"scales",436,43054499,91.88
"sculptures",436,43054935,91.88
"shores",436,43055371,91.88
"sirens",436,43055807,91.88
"sprinkled",436,43056243,91.88
"swell",436,43056679,91.88
"vets",436,43057115,91.88
"accountant",435,43057550,91.89
"ambitions",435,43057985,91.89
"blizzard",435,43058420,91.89
"butts",435,43058855,91.89
"dominance",435,43059290,91.89
"neatly",435,43059725,91.89
"patriot",435,43060160,91.89
"prostitutes",435,43060595,91.89
"ra",435,43061030,91.89
"scrimmage",435,43061465,91.89
"tutorials",435,43061900,91.89
"applicant",434,43062334,91.9
"celtic",434,43062768,91.9
"coordinating",434,43063202,91.9
"envisioned",434,43063636,91.9
"frances",434,43064070,91.9
"invitations",434,43064504,91.9
"monopoly",434,43064938,91.9
"painfully",434,43065372,91.9
"plotting",434,43065806,91.9
"plumbing",434,43066240,91.9
"responsive",434,43066674,91.9
"reunited",434,43067108,91.91
"slack",434,43067542,91.91
"spiced",434,43067976,91.91
"alison",433,43068409,91.91
"anticipating",433,43068842,91.91
"berth",433,43069275,91.91
"brag",433,43069708,91.91
"curator",433,43070141,91.91
"deserving",433,43070574,91.91
"elliot",433,43071007,91.91
"finn",433,43071440,91.92
"grumpy",433,43071873,91.92
"justification",433,43072306,91.92
"paddle",433,43072739,91.92
"paved",433,43073172,91.92
"spiders",433,43073605,91.92
"stacks",433,43074038,91.92
"tidy",433,43074471,91.92
"truffle",433,43074904,91.92
"attire",432,43075336,91.92
"bouquet",432,43075768,91.92
"characterized",432,43076200,91.93
"drowned",432,43076632,91.93
"fascination",432,43077064,91.93
"gill",432,43077496,91.93
"kosher",432,43077928,91.93
"memorabilia",432,43078360,91.93
"obtaining",432,43078792,91.93
"pablo",432,43079224,91.93
"panama",432,43079656,91.93
"restraint",432,43080088,91.93
"scar",432,43080520,91.93
"spiritually",432,43080952,91.94
"sunscreen",432,43081384,91.94
"acrylic",431,43081815,91.94
"admiration",431,43082246,91.94
"authenticity",431,43082677,91.94
"cauliflower",431,43083108,91.94
"distract",431,43083539,91.94
"exquisite",431,43083970,91.94
"generator",431,43084401,91.94
"instructors",431,43084832,91.94
"integrate",431,43085263,91.94
"parcel",431,43085694,91.95
"possessed",431,43086125,91.95
"romeo",431,43086556,91.95
"shale",431,43086987,91.95
"casserole",430,43087417,91.95
"cinderella",430,43087847,91.95
"climax",430,43088277,91.95
"coveted",430,43088707,91.95
"cruising",430,43089137,91.95
"educating",430,43089567,91.95
"elephants",430,43089997,91.95
"encore",430,43090427,91.96
"fouls",430,43090857,91.96
"granola",430,43091287,91.96
"inducted",430,43091717,91.96
"jenna",430,43092147,91.96
"laced",430,43092577,91.96
"liars",430,43093007,91.96
"mortality",430,43093437,91.96
"offs",430,43093867,91.96
"peculiar",430,43094297,91.96
"precedent",430,43094727,91.96
"prescriptions",430,43095157,91.97
"scratching",430,43095587,91.97
"seaside",430,43096017,91.97
"singh",430,43096447,91.97
"swung",430,43096877,91.97
"zen",430,43097307,91.97
"alum",429,43097736,91.97
"bipolar",429,43098165,91.97
"confessed",429,43098594,91.97
"demonstrating",429,43099023,91.97
"dickens",429,43099452,91.97
"eagerly",429,43099881,91.98
"explores",429,43100310,91.98
"fragrant",429,43100739,91.98
"insisting",429,43101168,91.98
"logistics",429,43101597,91.98
"prolific",429,43102026,91.98
"shutdown",429,43102455,91.98
"slightest",429,43102884,91.98
"tabs",429,43103313,91.98
"tenth",429,43103742,91.98
"toppings",429,43104171,91.98
"wilkinson",429,43104600,91.99
"abuses",428,43105028,91.99
"archbishop",428,43105456,91.99
"closures",428,43105884,91.99
"fallout",428,43106312,91.99
"gag",428,43106740,91.99
"glamour",428,43107168,91.99
"helpless",428,43107596,91.99
"hugging",428,43108024,91.99
"intimacy",428,43108452,91.99
"ivory",428,43108880,91.99
"lays",428,43109308,92
"lender",428,43109736,92
"loneliness",428,43110164,92
"marketers",428,43110592,92
"nutty",428,43111020,92
"outfield",428,43111448,92
"peep",428,43111876,92
"perseverance",428,43112304,92
"recess",428,43112732,92
"screened",428,43113160,92
"toddlers",428,43113588,92
"annoy",427,43114015,92.01
"bottoms",427,43114442,92.01
"buckeye",427,43114869,92.01
"frogs",427,43115296,92.01
"identities",427,43115723,92.01
"inked",427,43116150,92.01
"leaked",427,43116577,92.01
"malls",427,43117004,92.01
"peaches",427,43117431,92.01
"portray",427,43117858,92.01
"rhyme",427,43118285,92.01
"spirituality",427,43118712,92.02
"stitched",427,43119139,92.02
"activism",426,43119565,92.02
"brilliantly",426,43119991,92.02
"denny",426,43120417,92.02
"depp",426,43120843,92.02
"dreaded",426,43121269,92.02
"fumble",426,43121695,92.02
"pinnacle",426,43122121,92.02
"plunged",426,43122547,92.02
"prank",426,43122973,92.02
"redistricting",426,43123399,92.03
"sinister",426,43123825,92.03
"surrendered",426,43124251,92.03
"unlock",426,43124677,92.03
"allowance",425,43125102,92.03
"backers",425,43125527,92.03
"busiest",425,43125952,92.03
"defenses",425,43126377,92.03
"fullest",425,43126802,92.03
"picky",425,43127227,92.03
"precinct",425,43127652,92.03
"sans",425,43128077,92.04
"understatement",425,43128502,92.04
"yacht",425,43128927,92.04
"baths",424,43129351,92.04
"cabernet",424,43129775,92.04
"communion",424,43130199,92.04
"digest",424,43130623,92.04
"dos",424,43131047,92.04
"frazier",424,43131471,92.04
"haiku",424,43131895,92.04
"jolly",424,43132319,92.04
"mentoring",424,43132743,92.05
"ohioans",424,43133167,92.05
"outdated",424,43133591,92.05
"pottery",424,43134015,92.05
"whispers",424,43134439,92.05
"abortions",423,43134862,92.05
"adrenaline",423,43135285,92.05
"contagious",423,43135708,92.05
"displaying",423,43136131,92.05
"drip",423,43136554,92.05
"durable",423,43136977,92.05
"erica",423,43137400,92.06
"fatally",423,43137823,92.06
"formidable",423,43138246,92.06
"imports",423,43138669,92.06
"luxurious",423,43139092,92.06
"maximize",423,43139515,92.06
"relieve",423,43139938,92.06
"suffice",423,43140361,92.06
"arthritis",422,43140783,92.06
"bruised",422,43141205,92.06
"cadillac",422,43141627,92.06
"distracting",422,43142049,92.07
"ion",422,43142471,92.07
"irresponsible",422,43142893,92.07
"jude",422,43143315,92.07
"levi",422,43143737,92.07
"lousy",422,43144159,92.07
"lurking",422,43144581,92.07
"marsh",422,43145003,92.07
"maui",422,43145425,92.07
"pd",422,43145847,92.07
"psycho",422,43146269,92.07
"standardized",422,43146691,92.08
"vaccines",422,43147113,92.08
"whimsical",422,43147535,92.08
"wyoming",422,43147957,92.08
"api",421,43148378,92.08
"boosted",421,43148799,92.08
"bullies",421,43149220,92.08
"chuckle",421,43149641,92.08
"echoes",421,43150062,92.08
"fannie",421,43150483,92.08
"hospice",421,43150904,92.08
"immortal",421,43151325,92.09
"marin",421,43151746,92.09
"olson",421,43152167,92.09
"outraged",421,43152588,92.09
"overload",421,43153009,92.09
"paterson",421,43153430,92.09
"preacher",421,43153851,92.09
"schooling",421,43154272,92.09
"shareholder",421,43154693,92.09
"shootout",421,43155114,92.09
"sniff",421,43155535,92.09
"splendid",421,43155956,92.1
"tolls",421,43156377,92.1
"carlson",420,43156797,92.1
"charms",420,43157217,92.1
"cleanse",420,43157637,92.1
"dominican",420,43158057,92.1
"perceptions",420,43158477,92.1
"pints",420,43158897,92.1
"quantities",420,43159317,92.1
"rhymes",420,43159737,92.1
"sammy",420,43160157,92.1
"taiwan",420,43160577,92.11
"chanel",419,43160996,92.11
"corinthians",419,43161415,92.11
"discretion",419,43161834,92.11
"elijah",419,43162253,92.11
"hesitant",419,43162672,92.11
"kristin",419,43163091,92.11
"nanny",419,43163510,92.11
"offensively",419,43163929,92.11
"preston",419,43164348,92.11
"rhode",419,43164767,92.11
"strand",419,43165186,92.12
"turtles",419,43165605,92.12
"weekday",419,43166024,92.12
"allan",418,43166442,92.12
"ammunition",418,43166860,92.12
"apollo",418,43167278,92.12
"contaminated",418,43167696,92.12
"coroner",418,43168114,92.12
"cushion",418,43168532,92.12
"forecasts",418,43168950,92.12
"hyde",418,43169368,92.12
"inspections",418,43169786,92.12
"parliamentary",418,43170204,92.13
"politely",418,43170622,92.13
"proponents",418,43171040,92.13
"quitting",418,43171458,92.13
"sideways",418,43171876,92.13
"stroller",418,43172294,92.13
"underestimate",418,43172712,92.13
"zoom",418,43173130,92.13
"advocating",417,43173547,92.13
"bk",417,43173964,92.13
"boundary",417,43174381,92.13
"brushing",417,43174798,92.14
"comprehend",417,43175215,92.14
"duct",417,43175632,92.14
"gloomy",417,43176049,92.14
"leopard",417,43176466,92.14
"logging",417,43176883,92.14
"mccartney",417,43177300,92.14
"measurements",417,43177717,92.14
"mick",417,43178134,92.14
"outage",417,43178551,92.14
"rabbits",417,43178968,92.14
"rust",417,43179385,92.15
"stylist",417,43179802,92.15
"warns",417,43180219,92.15
"assertion",416,43180635,92.15
"astonishing",416,43181051,92.15
"awfully",416,43181467,92.15
"brandy",416,43181883,92.15
"chinatown",416,43182299,92.15
"copied",416,43182715,92.15
"disbelief",416,43183131,92.15
"dominic",416,43183547,92.15
"gunshot",416,43183963,92.16
"orchard",416,43184379,92.16
"piercing",416,43184795,92.16
"unchanged",416,43185211,92.16
"adidas",415,43185626,92.16
"arrogance",415,43186041,92.16
"commencement",415,43186456,92.16
"disrespect",415,43186871,92.16
"drawers",415,43187286,92.16
"envision",415,43187701,92.16
"hale",415,43188116,92.16
"levine",415,43188531,92.16
"pleading",415,43188946,92.17
"rugged",415,43189361,92.17
"shields",415,43189776,92.17
"smashing",415,43190191,92.17
"spells",415,43190606,92.17
"trumpet",415,43191021,92.17
"backlash",414,43191435,92.17
"bothers",414,43191849,92.17
"chronicles",414,43192263,92.17
"detailing",414,43192677,92.17
"earns",414,43193091,92.17
"franco",414,43193505,92.18
"humid",414,43193919,92.18
"restroom",414,43194333,92.18
"sag",414,43194747,92.18
"volcano",414,43195161,92.18
"austen",413,43195574,92.18
"brightly",413,43195987,92.18
"characteristic",413,43196400,92.18
"debuted",413,43196813,92.18
"delhi",413,43197226,92.18
"ecstatic",413,43197639,92.18
"pagan",413,43198052,92.19
"shove",413,43198465,92.19
"sneaky",413,43198878,92.19
"angelo",412,43199290,92.19
"arbitration",412,43199702,92.19
"chestnut",412,43200114,92.19
"edits",412,43200526,92.19
"fractured",412,43200938,92.19
"gravel",412,43201350,92.19
"haze",412,43201762,92.19
"rebounding",412,43202174,92.19
"ropes",412,43202586,92.19
"stafford",412,43202998,92.2
"transforming",412,43203410,92.2
"angst",411,43203821,92.2
"autopsy",411,43204232,92.2
"conceded",411,43204643,92.2
"condolences",411,43205054,92.2
"edinburgh",411,43205465,92.2
"explosives",411,43205876,92.2
"gadgets",411,43206287,92.2
"homestead",411,43206698,92.2
"jessie",411,43207109,92.2
"palestinians",411,43207520,92.21
"pardon",411,43207931,92.21
"pollen",411,43208342,92.21
"stink",411,43208753,92.21
"wiz",411,43209164,92.21
"abbott",410,43209574,92.21
"acute",410,43209984,92.21
"brilliance",410,43210394,92.21
"contracted",410,43210804,92.21
"curves",410,43211214,92.21
"defeating",410,43211624,92.21
"eleanor",410,43212034,92.22
"gestures",410,43212444,92.22
"groves",410,43212854,92.22
"humanitarian",410,43213264,92.22
"hush",410,43213674,92.22
"intensely",410,43214084,92.22
"motherhood",410,43214494,92.22
"remark",410,43214904,92.22
"rubbish",410,43215314,92.22
"scrub",410,43215724,92.22
"swiftly",410,43216134,92.22
"underrated",410,43216544,92.22
"unicorn",410,43216954,92.23
"uploading",410,43217364,92.23
"algebra",409,43217773,92.23
"alleging",409,43218182,92.23
"apiece",409,43218591,92.23
"applaud",409,43219000,92.23
"apprentice",409,43219409,92.23
"averages",409,43219818,92.23
"candidacy",409,43220227,92.23
"contingent",409,43220636,92.23
"deployment",409,43221045,92.23
"droid",409,43221454,92.24
"fitch",409,43221863,92.24
"homosexuality",409,43222272,92.24
"kidd",409,43222681,92.24
"logos",409,43223090,92.24
"obedience",409,43223499,92.24
"pierced",409,43223908,92.24
"poignant",409,43224317,92.24
"polka",409,43224726,92.24
"renamed",409,43225135,92.24
"sibling",409,43225544,92.24
"skinned",409,43225953,92.24
"spinal",409,43226362,92.25
"stud",409,43226771,92.25
"swagger",409,43227180,92.25
"tahoe",409,43227589,92.25
"boarded",408,43227997,92.25
"colder",408,43228405,92.25
"cougars",408,43228813,92.25
"dooley",408,43229221,92.25
"estates",408,43229629,92.25
"fracking",408,43230037,92.25
"groundbreaking",408,43230445,92.25
"haunt",408,43230853,92.26
"millionaires",408,43231261,92.26
"offspring",408,43231669,92.26
"pondering",408,43232077,92.26
"regulars",408,43232485,92.26
"respondents",408,43232893,92.26
"roaring",408,43233301,92.26
"stumbling",408,43233709,92.26
"styling",408,43234117,92.26
"compost",407,43234524,92.26
"demos",407,43234931,92.26
"herbal",407,43235338,92.26
"inquiries",407,43235745,92.27
"iris",407,43236152,92.27
"mayhem",407,43236559,92.27
"mythology",407,43236966,92.27
"outbreak",407,43237373,92.27
"ranged",407,43237780,92.27
"shaving",407,43238187,92.27
"shortfall",407,43238594,92.27
"wis",407,43239001,92.27
"abruptly",406,43239407,92.27
"centerpiece",406,43239813,92.27
"coating",406,43240219,92.28
"dripping",406,43240625,92.28
"empower",406,43241031,92.28
"gail",406,43241437,92.28
"hummus",406,43241843,92.28
"huskies",406,43242249,92.28
"jesuit",406,43242655,92.28
"mba",406,43243061,92.28
"paige",406,43243467,92.28
"profiling",406,43243873,92.28
"respectable",406,43244279,92.28
"sedan",406,43244685,92.28
"swelling",406,43245091,92.29
"unanimous",406,43245497,92.29
"whales",406,43245903,92.29
"ants",405,43246308,92.29
"birdie",405,43246713,92.29
"bulldogs",405,43247118,92.29
"exploit",405,43247523,92.29
"freedoms",405,43247928,92.29
"icons",405,43248333,92.29
"lobbyist",405,43248738,92.29
"organizational",405,43249143,92.29
"originated",405,43249548,92.3
"ortiz",405,43249953,92.3
"stalk",405,43250358,92.3
"stanton",405,43250763,92.3
"sweaters",405,43251168,92.3
"bulletin",404,43251572,92.3
"bursting",404,43251976,92.3
"cites",404,43252380,92.3
"dementia",404,43252784,92.3
"fences",404,43253188,92.3
"kittens",404,43253592,92.3
"lyric",404,43253996,92.3
"pacing",404,43254400,92.31
"postcard",404,43254804,92.31
"ruler",404,43255208,92.31
"sophia",404,43255612,92.31
"troll",404,43256016,92.31
"upheld",404,43256420,92.31
"vines",404,43256824,92.31
"antiques",403,43257227,92.31
"apostle",403,43257630,92.31
"benches",403,43258033,92.31
"claude",403,43258436,92.31
"diminished",403,43258839,92.31
"disposable",403,43259242,92.32
"dotted",403,43259645,92.32
"excluded",403,43260048,92.32
"hysterical",403,43260451,92.32
"inequality",403,43260854,92.32
"logs",403,43261257,92.32
"mailbox",403,43261660,92.32
"randall",403,43262063,92.32
"rigorous",403,43262466,92.32
"scratched",403,43262869,92.32
"twisting",403,43263272,92.32
"waiver",403,43263675,92.33
"adhere",402,43264077,92.33
"airs",402,43264479,92.33
"bolton",402,43264881,92.33
"carlton",402,43265283,92.33
"claus",402,43265685,92.33
"commuter",402,43266087,92.33
"constructive",402,43266489,92.33
"facilitate",402,43266891,92.33
"flavorful",402,43267293,92.33
"landscapes",402,43267695,92.33
"mocha",402,43268097,92.33
"railway",402,43268499,92.34
"reconsider",402,43268901,92.34
"referral",402,43269303,92.34
"santiago",402,43269705,92.34
"splitting",402,43270107,92.34
"succession",402,43270509,92.34
"wineries",402,43270911,92.34
"circa",401,43271312,92.34
"cling",401,43271713,92.34
"craziness",401,43272114,92.34
"danish",401,43272515,92.34
"dearly",401,43272916,92.34
"deprived",401,43273317,92.35
"exhaust",401,43273718,92.35
"fremont",401,43274119,92.35
"hippie",401,43274520,92.35
"hq",401,43274921,92.35
"oppression",401,43275322,92.35
"paws",401,43275723,92.35
"recurring",401,43276124,92.35
"reminders",401,43276525,92.35
"rocker",401,43276926,92.35
"appreciates",400,43277326,92.35
"carmen",400,43277726,92.36
"chunky",400,43278126,92.36
"connie",400,43278526,92.36
"pennies",400,43278926,92.36
"prohibit",400,43279326,92.36
"proposes",400,43279726,92.36
"reap",400,43280126,92.36
"roadside",400,43280526,92.36
"sims",400,43280926,92.36
"sublime",400,43281326,92.36
"underwent",400,43281726,92.36
"vein",400,43282126,92.36
"ymca",400,43282526,92.37
"almighty",399,43282925,92.37
"boyfriends",399,43283324,92.37
"eldest",399,43283723,92.37
"euros",399,43284122,92.37
"grit",399,43284521,92.37
"horizontal",399,43284920,92.37
"overseeing",399,43285319,92.37
"provoking",399,43285718,92.37
"resentment",399,43286117,92.37
"resisted",399,43286516,92.37
"saddened",399,43286915,92.37
"seminars",399,43287314,92.38
"sinatra",399,43287713,92.38
"spellbinders",399,43288112,92.38
"spouses",399,43288511,92.38
"stripper",399,43288910,92.38
"textbooks",399,43289309,92.38
"vanished",399,43289708,92.38
"varies",399,43290107,92.38
"accord",398,43290505,92.38
"alberta",398,43290903,92.38
"breads",398,43291301,92.38
"bunnies",398,43291699,92.39
"cobb",398,43292097,92.39
"consisting",398,43292495,92.39
"corona",398,43292893,92.39
"devin",398,43293291,92.39
"diets",398,43293689,92.39
"dill",398,43294087,92.39
"dinosaurs",398,43294485,92.39
"drastically",398,43294883,92.39
"ellie",398,43295281,92.39
"exploitation",398,43295679,92.39
"forge",398,43296077,92.39
"hubbard",398,43296475,92.4
"melvin",398,43296873,92.4
"paused",398,43297271,92.4
"rehearsals",398,43297669,92.4
"sachs",398,43298067,92.4
"striving",398,43298465,92.4
"sufficiently",398,43298863,92.4
"vic",398,43299261,92.4
"alarming",397,43299658,92.4
"beacon",397,43300055,92.4
"blends",397,43300452,92.4
"cherokee",397,43300849,92.4
"hanson",397,43301246,92.41
"immensely",397,43301643,92.41
"interpreted",397,43302040,92.41
"munich",397,43302437,92.41
"peoria",397,43302834,92.41
"piper",397,43303231,92.41
"playwright",397,43303628,92.41
"ramon",397,43304025,92.41
"richest",397,43304422,92.41
"richie",397,43304819,92.41
"stevenson",397,43305216,92.41
"ahem",396,43305612,92.41
"balances",396,43306008,92.42
"briefing",396,43306404,92.42
"buddhist",396,43306800,92.42
"buff",396,43307196,92.42
"cheapest",396,43307592,92.42
"cooker",396,43307988,92.42
"curls",396,43308384,92.42
"dedicate",396,43308780,92.42
"doubling",396,43309176,92.42
"fwd",396,43309572,92.42
"indefinitely",396,43309968,92.42
"jammed",396,43310364,92.42
"maternity",396,43310760,92.43
"nerdy",396,43311156,92.43
"rampant",396,43311552,92.43
"scanning",396,43311948,92.43
"seared",396,43312344,92.43
"visibility",396,43312740,92.43
"busting",395,43313135,92.43
"compensate",395,43313530,92.43
"definitive",395,43313925,92.43
"disguise",395,43314320,92.43
"dyed",395,43314715,92.43
"fernando",395,43315110,92.44
"fooled",395,43315505,92.44
"footprint",395,43315900,92.44
"harley",395,43316295,92.44
"injection",395,43316690,92.44
"invasive",395,43317085,92.44
"sentinel",395,43317480,92.44
"sutton",395,43317875,92.44
"uninsured",395,43318270,92.44
"whichever",395,43318665,92.44
"yen",395,43319060,92.44
"escaping",394,43319454,92.44
"hassle",394,43319848,92.45
"mattered",394,43320242,92.45
"nokia",394,43320636,92.45
"prevail",394,43321030,92.45
"pup",394,43321424,92.45
"ratchet",394,43321818,92.45
"twit",394,43322212,92.45
"accommodations",393,43322605,92.45
"activated",393,43322998,92.45
"adequately",393,43323391,92.45
"babes",393,43323784,92.45
"beethoven",393,43324177,92.45
"calculations",393,43324570,92.46
"compass",393,43324963,92.46
"contamination",393,43325356,92.46
"contends",393,43325749,92.46
"coworker",393,43326142,92.46
"cumberland",393,43326535,92.46
"definitions",393,43326928,92.46
"disgust",393,43327321,92.46
"edwin",393,43327714,92.46
"elders",393,43328107,92.46
"explanations",393,43328500,92.46
"interns",393,43328893,92.46
"legged",393,43329286,92.47
"mural",393,43329679,92.47
"pcs",393,43330072,92.47
"pedestrians",393,43330465,92.47
"practitioners",393,43330858,92.47
"provocative",393,43331251,92.47
"restrict",393,43331644,92.47
"rethink",393,43332037,92.47
"thunderstorm",393,43332430,92.47
"uprising",393,43332823,92.47
"vastly",393,43333216,92.47
"batches",392,43333608,92.47
"camper",392,43334000,92.48
"crest",392,43334392,92.48
"delegate",392,43334784,92.48
"detected",392,43335176,92.48
"disk",392,43335568,92.48
"europeans",392,43335960,92.48
"fraudulent",392,43336352,92.48
"negativity",392,43336744,92.48
"proportions",392,43337136,92.48
"ramos",392,43337528,92.48
"scrambling",392,43337920,92.48
"setback",392,43338312,92.48
"spoiler",392,43338704,92.49
"staten",392,43339096,92.49
"tomb",392,43339488,92.49
"assisting",391,43339879,92.49
"contacting",391,43340270,92.49
"correspondent",391,43340661,92.49
"discharge",391,43341052,92.49
"ernie",391,43341443,92.49
"exemption",391,43341834,92.49
"explicitly",391,43342225,92.49
"hal",391,43342616,92.49
"hammered",391,43343007,92.49
"inconvenience",391,43343398,92.5
"infants",391,43343789,92.5
"jog",391,43344180,92.5
"linger",391,43344571,92.5
"mod",391,43344962,92.5
"mortar",391,43345353,92.5
"nearing",391,43345744,92.5
"rag",391,43346135,92.5
"rig",391,43346526,92.5
"shortened",391,43346917,92.5
"soared",391,43347308,92.5
"weirdest",391,43347699,92.5
"aligned",390,43348089,92.51
"broadly",390,43348479,92.51
"catalyst",390,43348869,92.51
"devon",390,43349259,92.51
"disappearing",390,43349649,92.51
"dizzy",390,43350039,92.51
"flaw",390,43350429,92.51
"intimidated",390,43350819,92.51
"lamps",390,43351209,92.51
"nielsen",390,43351599,92.51
"plight",390,43351989,92.51
"relevance",390,43352379,92.51
"rests",390,43352769,92.52
"sentimental",390,43353159,92.52
"caucuses",389,43353548,92.52
"coordination",389,43353937,92.52
"dioxide",389,43354326,92.52
"discourage",389,43354715,92.52
"enabling",389,43355104,92.52
"foo",389,43355493,92.52
"fortunes",389,43355882,92.52
"induction",389,43356271,92.52
"julius",389,43356660,92.52
"pastries",389,43357049,92.52
"plaque",389,43357438,92.53
"regulated",389,43357827,92.53
"scanned",389,43358216,92.53
"brace",388,43358604,92.53
"dumping",388,43358992,92.53
"emerges",388,43359380,92.53
"fugitive",388,43359768,92.53
"hog",388,43360156,92.53
"iq",388,43360544,92.53
"leaks",388,43360932,92.53
"macaroni",388,43361320,92.53
"misunderstood",388,43361708,92.53
"predator",388,43362096,92.54
"pst",388,43362484,92.54
"secrecy",388,43362872,92.54
"seizure",388,43363260,92.54
"sheldon",388,43363648,92.54
"teasing",388,43364036,92.54
"tedious",388,43364424,92.54
"trait",388,43364812,92.54
"unseen",388,43365200,92.54
"vans",388,43365588,92.54
"weiss",388,43365976,92.54
"abdul",387,43366363,92.54
"companions",387,43366750,92.55
"contentious",387,43367137,92.55
"cringe",387,43367524,92.55
"exited",387,43367911,92.55
"exodus",387,43368298,92.55
"focal",387,43368685,92.55
"hypocrisy",387,43369072,92.55
"idle",387,43369459,92.55
"ineffective",387,43369846,92.55
"koch",387,43370233,92.55
"mapping",387,43370620,92.55
"marinated",387,43371007,92.55
"mccormick",387,43371394,92.56
"proactive",387,43371781,92.56
"rituals",387,43372168,92.56
"scooter",387,43372555,92.56
"stationed",387,43372942,92.56
"stinks",387,43373329,92.56
"buttermilk",386,43373715,92.56
"cameo",386,43374101,92.56
"cinematic",386,43374487,92.56
"delights",386,43374873,92.56
"earthy",386,43375259,92.56
"enlightenment",386,43375645,92.56
"gloss",386,43376031,92.57
"hairy",386,43376417,92.57
"inflicted",386,43376803,92.57
"lag",386,43377189,92.57
"meadow",386,43377575,92.57
"medicines",386,43377961,92.57
"metallic",386,43378347,92.57
"monte",386,43378733,92.57
"morn",386,43379119,92.57
"peacefully",386,43379505,92.57
"progressed",386,43379891,92.57
"robbie",386,43380277,92.57
"rooney",386,43380663,92.57
"suing",386,43381049,92.58
"wwii",386,43381435,92.58
"analyzing",385,43381820,92.58
"assorted",385,43382205,92.58
"congestion",385,43382590,92.58
"coping",385,43382975,92.58
"fourteen",385,43383360,92.58
"furry",385,43383745,92.58
"imperative",385,43384130,92.58
"intuitive",385,43384515,92.58
"masculine",385,43384900,92.58
"parody",385,43385285,92.58
"partnered",385,43385670,92.59
"softer",385,43386055,92.59
"subjective",385,43386440,92.59
"ubiquitous",385,43386825,92.59
"wedges",385,43387210,92.59
"brokers",384,43387594,92.59
"consequently",384,43387978,92.59
"crooked",384,43388362,92.59
"deception",384,43388746,92.59
"devote",384,43389130,92.59
"dubai",384,43389514,92.59
"dumplings",384,43389898,92.59
"evaluated",384,43390282,92.6
"forefront",384,43390666,92.6
"hornets",384,43391050,92.6
"insulting",384,43391434,92.6
"itching",384,43391818,92.6
"mindful",384,43392202,92.6
"mousse",384,43392586,92.6
"rhodes",384,43392970,92.6
"southeastern",384,43393354,92.6
"sprained",384,43393738,92.6
"swirling",384,43394122,92.6
"taping",384,43394506,92.6
"timer",384,43394890,92.61
"accuse",383,43395273,92.61
"alexandria",383,43395656,92.61
"aol",383,43396039,92.61
"battlefield",383,43396422,92.61
"doorway",383,43396805,92.61
"faa",383,43397188,92.61
"gangster",383,43397571,92.61
"havoc",383,43397954,92.61
"intermediate",383,43398337,92.61
"lindbergh",383,43398720,92.61
"lodging",383,43399103,92.61
"maiden",383,43399486,92.62
"misguided",383,43399869,92.62
"scallops",383,43400252,92.62
"announcer",382,43400634,92.62
"dashboard",382,43401016,92.62
"dealership",382,43401398,92.62
"doodle",382,43401780,92.62
"engineered",382,43402162,92.62
"exhaustion",382,43402544,92.62
"germans",382,43402926,92.62
"luna",382,43403308,92.62
"motions",382,43403690,92.62
"newcomers",382,43404072,92.62
"patti",382,43404454,92.63
"petroleum",382,43404836,92.63
"poking",382,43405218,92.63
"render",382,43405600,92.63
"roland",382,43405982,92.63
"rue",382,43406364,92.63
"shelley",382,43406746,92.63
"staircase",382,43407128,92.63
"throwback",382,43407510,92.63
"tilt",382,43407892,92.63
"walkers",382,43408274,92.63
"weaving",382,43408656,92.63
"winfrey",382,43409038,92.64
"assumes",381,43409419,92.64
"empowering",381,43409800,92.64
"entitlement",381,43410181,92.64
"frantic",381,43410562,92.64
"greasy",381,43410943,92.64
"hoot",381,43411324,92.64
"jorge",381,43411705,92.64
"leah",381,43412086,92.64
"moe",381,43412467,92.64
"refresh",381,43412848,92.64
"restart",381,43413229,92.64
"ricotta",381,43413610,92.65
"stacy",381,43413991,92.65
"takers",381,43414372,92.65
"traced",381,43414753,92.65
"typo",381,43415134,92.65
"advertisement",380,43415514,92.65
"ava",380,43415894,92.65
"betrayed",380,43416274,92.65
"brow",380,43416654,92.65
"cardiac",380,43417034,92.65
"chan",380,43417414,92.65
"conn",380,43417794,92.65
"decidedly",380,43418174,92.65
"diameter",380,43418554,92.66
"dietary",380,43418934,92.66
"hendrix",380,43419314,92.66
"machinery",380,43419694,92.66
"mechanic",380,43420074,92.66
"methodist",380,43420454,92.66
"moderation",380,43420834,92.66
"nora",380,43421214,92.66
"policing",380,43421594,92.66
"technician",380,43421974,92.66
"tees",380,43422354,92.66
"accessibility",379,43422733,92.66
"compatible",379,43423112,92.67
"constraints",379,43423491,92.67
"grieving",379,43423870,92.67
"hairs",379,43424249,92.67
"histories",379,43424628,92.67
"inspectors",379,43425007,92.67
"lavish",379,43425386,92.67
"liners",379,43425765,92.67
"mascot",379,43426144,92.67
"obsessive",379,43426523,92.67
"paragraphs",379,43426902,92.67
"radioactive",379,43427281,92.67
"sap",379,43427660,92.68
"southbound",379,43428039,92.68
"stains",379,43428418,92.68
"ticking",379,43428797,92.68
"acquisitions",378,43429175,92.68
"beginner",378,43429553,92.68
"bows",378,43429931,92.68
"comm",378,43430309,92.68
"conan",378,43430687,92.68
"endings",378,43431065,92.68
"loll",378,43431443,92.68
"malibu",378,43431821,92.68
"manipulate",378,43432199,92.68
"petitions",378,43432577,92.69
"remodeling",378,43432955,92.69
"seventeen",378,43433333,92.69
"tortillas",378,43433711,92.69
"victorious",378,43434089,92.69
"waterfall",378,43434467,92.69
"whipping",378,43434845,92.69
"adulthood",377,43435222,92.69
"adverse",377,43435599,92.69
"blazing",377,43435976,92.69
"conception",377,43436353,92.69
"criticizing",377,43436730,92.69
"curled",377,43437107,92.7
"depicted",377,43437484,92.7
"descended",377,43437861,92.7
"impromptu",377,43438238,92.7
"ivan",377,43438615,92.7
"lantern",377,43438992,92.7
"pastors",377,43439369,92.7
"perennial",377,43439746,92.7
"revisit",377,43440123,92.7
"routines",377,43440500,92.7
"spectators",377,43440877,92.7
"steele",377,43441254,92.7
"administered",376,43441630,92.71
"advent",376,43442006,92.71
"alleges",376,43442382,92.71
"analyzed",376,43442758,92.71
"booming",376,43443134,92.71
"ceilings",376,43443510,92.71
"cellular",376,43443886,92.71
"dazzling",376,43444262,92.71
"endlessly",376,43444638,92.71
"floods",376,43445014,92.71
"forgiving",376,43445390,92.71
"gymnastics",376,43445766,92.71
"millennium",376,43446142,92.71
"muster",376,43446518,92.72
"periodically",376,43446894,92.72
"pratt",376,43447270,92.72
"seeming",376,43447646,92.72
"slew",376,43448022,92.72
"soften",376,43448398,92.72
"specify",376,43448774,92.72
"charismatic",375,43449149,92.72
"creed",375,43449524,92.72
"dewey",375,43449899,92.72
"eclipse",375,43450274,92.72
"elaine",375,43450649,92.72
"erotic",375,43451024,92.73
"exaggerated",375,43451399,92.73
"flagship",375,43451774,92.73
"gaza",375,43452149,92.73
"goodyear",375,43452524,92.73
"gucci",375,43452899,92.73
"heap",375,43453274,92.73
"herbert",375,43453649,92.73
"incorporating",375,43454024,92.73
"muted",375,43454399,92.73
"portuguese",375,43454774,92.73
"thicker",375,43455149,92.73
"unforgettable",375,43455524,92.73
"valencia",375,43455899,92.74
"willingly",375,43456274,92.74
"appoint",374,43456648,92.74
"bribes",374,43457022,92.74
"brushes",374,43457396,92.74
"conway",374,43457770,92.74
"dillon",374,43458144,92.74
"fixture",374,43458518,92.74
"jogging",374,43458892,92.74
"kitchens",374,43459266,92.74
"leaking",374,43459640,92.74
"mermaid",374,43460014,92.74
"unavailable",374,43460388,92.75
"voodoo",374,43460762,92.75
"width",374,43461136,92.75
"ar",373,43461509,92.75
"bridesmaids",373,43461882,92.75
"buttery",373,43462255,92.75
"charcoal",373,43462628,92.75
"cray",373,43463001,92.75
"decay",373,43463374,92.75
"doughnuts",373,43463747,92.75
"elastic",373,43464120,92.75
"faults",373,43464493,92.75
"independents",373,43464866,92.75
"ni",373,43465239,92.76
"notify",373,43465612,92.76
"preceded",373,43465985,92.76
"reopened",373,43466358,92.76
"seuss",373,43466731,92.76
"slashed",373,43467104,92.76
"surfaced",373,43467477,92.76
"sweatshirt",373,43467850,92.76
"tammy",373,43468223,92.76
"variable",373,43468596,92.76
"barton",372,43468968,92.76
"betrayal",372,43469340,92.76
"coop",372,43469712,92.76
"empowered",372,43470084,92.77
"glanced",372,43470456,92.77
"gothic",372,43470828,92.77
"heisman",372,43471200,92.77
"judith",372,43471572,92.77
"kelsey",372,43471944,92.77
"mammoth",372,43472316,92.77
"manipulation",372,43472688,92.77
"marketed",372,43473060,92.77
"meme",372,43473432,92.77
"pivotal",372,43473804,92.77
"renee",372,43474176,92.77
"roommates",372,43474548,92.78
"shovel",372,43474920,92.78
"tate",372,43475292,92.78
"veins",372,43475664,92.78
"wyatt",372,43476036,92.78
"accumulated",371,43476407,92.78
"belongings",371,43476778,92.78
"cairo",371,43477149,92.78
"compilation",371,43477520,92.78
"disputed",371,43477891,92.78
"expenditures",371,43478262,92.78
"fleeing",371,43478633,92.78
"fluke",371,43479004,92.78
"funnier",371,43479375,92.79
"garner",371,43479746,92.79
"goalkeeper",371,43480117,92.79
"heater",371,43480488,92.79
"incidentally",371,43480859,92.79
"innovations",371,43481230,92.79
"lyrical",371,43481601,92.79
"stimulate",371,43481972,92.79
"totaling",371,43482343,92.79
"voucher",371,43482714,92.79
"windshield",371,43483085,92.79
"acct",370,43483455,92.79
"alerts",370,43483825,92.8
"annapolis",370,43484195,92.8
"bruises",370,43484565,92.8
"bumping",370,43484935,92.8
"burner",370,43485305,92.8
"carriage",370,43485675,92.8
"commissions",370,43486045,92.8
"decisive",370,43486415,92.8
"disappears",370,43486785,92.8
"disgusted",370,43487155,92.8
"dubious",370,43487525,92.8
"electorate",370,43487895,92.8
"environmentally",370,43488265,92.8
"evelyn",370,43488635,92.81
"halo",370,43489005,92.81
"jacqueline",370,43489375,92.81
"nagging",370,43489745,92.81
"oceans",370,43490115,92.81
"pears",370,43490485,92.81
"petals",370,43490855,92.81
"reacted",370,43491225,92.81
"recommending",370,43491595,92.81
"roberto",370,43491965,92.81
"saul",370,43492335,92.81
"singular",370,43492705,92.81
"stresses",370,43493075,92.81
"truman",370,43493445,92.82
"upfront",370,43493815,92.82
"withdrew",370,43494185,92.82
"arose",369,43494554,92.82
"becker",369,43494923,92.82
"belmont",369,43495292,92.82
"bending",369,43495661,92.82
"counters",369,43496030,92.82
"declares",369,43496399,92.82
"digress",369,43496768,92.82
"fixes",369,43497137,92.82
"flap",369,43497506,92.82
"generates",369,43497875,92.83
"grimm",369,43498244,92.83
"imf",369,43498613,92.83
"limb",369,43498982,92.83
"moran",369,43499351,92.83
"narrowly",369,43499720,92.83
"offend",369,43500089,92.83
"pronounce",369,43500458,92.83
"rebuilt",369,43500827,92.83
"relocated",369,43501196,92.83
"sluggish",369,43501565,92.83
"sunflower",369,43501934,92.83
"traces",369,43502303,92.83
"tunnels",369,43502672,92.84
"unidentified",369,43503041,92.84
"whack",369,43503410,92.84
"bladder",368,43503778,92.84
"contested",368,43504146,92.84
"crescent",368,43504514,92.84
"crossover",368,43504882,92.84
"glazed",368,43505250,92.84
"govern",368,43505618,92.84
"infectious",368,43505986,92.84
"inherently",368,43506354,92.84
"jp",368,43506722,92.84
"recorder",368,43507090,92.84
"redesign",368,43507458,92.85
"reflective",368,43507826,92.85
"ruthless",368,43508194,92.85
"satin",368,43508562,92.85
"someones",368,43508930,92.85
"alt",367,43509297,92.85
"aqua",367,43509664,92.85
"bauer",367,43510031,92.85
"begged",367,43510398,92.85
"botanical",367,43510765,92.85
"breezy",367,43511132,92.85
"carving",367,43511499,92.85
"colonel",367,43511866,92.85
"conflicting",367,43512233,92.86
"distributors",367,43512600,92.86
"esther",367,43512967,92.86
"ferris",367,43513334,92.86
"inge",367,43513701,92.86
"intoxicated",367,43514068,92.86
"manly",367,43514435,92.86
"mans",367,43514802,92.86
"maternal",367,43515169,92.86
"monumental",367,43515536,92.86
"multitude",367,43515903,92.86
"nominate",367,43516270,92.86
"outward",367,43516637,92.87
"pits",367,43517004,92.87
"poppy",367,43517371,92.87
"prevalent",367,43517738,92.87
"startling",367,43518105,92.87
"strengthening",367,43518472,92.87
"camel",366,43518838,92.87
"cosmetics",366,43519204,92.87
"deleting",366,43519570,92.87
"evacuated",366,43519936,92.87
"exile",366,43520302,92.87
"gandhi",366,43520668,92.87
"hazardous",366,43521034,92.87
"influenza",366,43521400,92.88
"intimidation",366,43521766,92.88
"layouts",366,43522132,92.88
"novice",366,43522498,92.88
"ornaments",366,43522864,92.88
"photographic",366,43523230,92.88
"pines",366,43523596,92.88
"qualifications",366,43523962,92.88
"retrieve",366,43524328,92.88
"rory",366,43524694,92.88
"rulers",366,43525060,92.88
"scarce",366,43525426,92.88
"subsidy",366,43525792,92.88
"theological",366,43526158,92.89
"woven",366,43526524,92.89
"austria",365,43526889,92.89
"bassist",365,43527254,92.89
"bluff",365,43527619,92.89
"boast",365,43527984,92.89
"burroughs",365,43528349,92.89
"buster",365,43528714,92.89
"comprised",365,43529079,92.89
"consciously",365,43529444,92.89
"crimson",365,43529809,92.89
"enforced",365,43530174,92.89
"enhancing",365,43530539,92.89
"envelopes",365,43530904,92.9
"gus",365,43531269,92.9
"harrington",365,43531634,92.9
"helmets",365,43531999,92.9
"hyped",365,43532364,92.9
"incapable",365,43532729,92.9
"lawmaker",365,43533094,92.9
"louie",365,43533459,92.9
"maze",365,43533824,92.9
"nickel",365,43534189,92.9
"obligated",365,43534554,92.9
"overturn",365,43534919,92.9
"paramedics",365,43535284,92.9
"reflections",365,43535649,92.91
"sequences",365,43536014,92.91
"slaying",365,43536379,92.91
"swearing",365,43536744,92.91
"wolfe",365,43537109,92.91
"burgundy",364,43537473,92.91
"donnell",364,43537837,92.91
"dwelling",364,43538201,92.91
"entirety",364,43538565,92.91
"flex",364,43538929,92.91
"gardeners",364,43539293,92.91
"iceberg",364,43539657,92.91
"merged",364,43540021,92.91
"militants",364,43540385,92.92
"mystical",364,43540749,92.92
"navigation",364,43541113,92.92
"nurture",364,43541477,92.92
"rotating",364,43541841,92.92
"sands",364,43542205,92.92
"sneaking",364,43542569,92.92
"stale",364,43542933,92.92
"unrealistic",364,43543297,92.92
"wrigley",364,43543661,92.92
"allied",363,43544024,92.92
"alton",363,43544387,92.92
"behaved",363,43544750,92.93
"believable",363,43545113,92.93
"brightest",363,43545476,92.93
"coding",363,43545839,92.93
"concord",363,43546202,92.93
"fixtures",363,43546565,92.93
"glasgow",363,43546928,92.93
"grads",363,43547291,92.93
"harmless",363,43547654,92.93
"kathryn",363,43548017,92.93
"liberation",363,43548380,92.93
"northbound",363,43548743,92.93
"packets",363,43549106,92.93
"perpetual",363,43549469,92.94
"puzzles",363,43549832,92.94
"replica",363,43550195,92.94
"selves",363,43550558,92.94
"stacey",363,43550921,92.94
"tbs",363,43551284,92.94
"usb",363,43551647,92.94
"aspen",362,43552009,92.94
"assurance",362,43552371,92.94
"bolster",362,43552733,92.94
"ceramic",362,43553095,92.94
"contracting",362,43553457,92.94
"darwin",362,43553819,92.94
"ding",362,43554181,92.95
"fig",362,43554543,92.95
"footwear",362,43554905,92.95
"horton",362,43555267,92.95
"inaccurate",362,43555629,92.95
"iraqi",362,43555991,92.95
"michel",362,43556353,92.95
"milton",362,43556715,92.95
"olmsted",362,43557077,92.95
"orbit",362,43557439,92.95
"outsiders",362,43557801,92.95
"perch",362,43558163,92.95
"plead",362,43558525,92.95
"towering",362,43558887,92.96
"vera",362,43559249,92.96
"weekdays",362,43559611,92.96
"antics",361,43559972,92.96
"choking",361,43560333,92.96
"converting",361,43560694,92.96
"cosmic",361,43561055,92.96
"despise",361,43561416,92.96
"empowerment",361,43561777,92.96
"jailed",361,43562138,92.96
"keystone",361,43562499,92.96
"livestock",361,43562860,92.96
"lovingly",361,43563221,92.96
"minerals",361,43563582,92.97
"occupational",361,43563943,92.97
"prudential",361,43564304,92.97
"psychiatrist",361,43564665,92.97
"rookies",361,43565026,92.97
"speechless",361,43565387,92.97
"therapeutic",361,43565748,92.97
"yielded",361,43566109,92.97
"abide",360,43566469,92.97
"aerial",360,43566829,92.97
"bluegrass",360,43567189,92.97
"byrd",360,43567549,92.97
"counselors",360,43567909,92.97
"cyclists",360,43568269,92.98
"cyrus",360,43568629,92.98
"dane",360,43568989,92.98
"dante",360,43569349,92.98
"dismissal",360,43569709,92.98
"domination",360,43570069,92.98
"dugout",360,43570429,92.98
"impaired",360,43570789,92.98
"linemen",360,43571149,92.98
"monitored",360,43571509,92.98
"northeastern",360,43571869,92.98
"showcasing",360,43572229,92.98
"spreads",360,43572589,92.98
"studded",360,43572949,92.99
"unlocked",360,43573309,92.99
"unnamed",360,43573669,92.99
"unsafe",360,43574029,92.99
"walters",360,43574389,92.99
"abound",359,43574748,92.99
"amtrak",359,43575107,92.99
"communism",359,43575466,92.99
"doses",359,43575825,92.99
"evacuation",359,43576184,92.99
"exhibitions",359,43576543,92.99
"floated",359,43576902,92.99
"gunman",359,43577261,92.99
"imaginative",359,43577620,93
"outsider",359,43577979,93
"patriotic",359,43578338,93
"pecan",359,43578697,93
"pj",359,43579056,93
"pneumonia",359,43579415,93
"presses",359,43579774,93
"saunders",359,43580133,93
"siren",359,43580492,93
"stainless",359,43580851,93
"underdog",359,43581210,93
"wreath",359,43581569,93
"altering",358,43581927,93
"bunt",358,43582285,93.01
"bureaucracy",358,43582643,93.01
"cheney",358,43583001,93.01
"elevation",358,43583359,93.01
"inventive",358,43583717,93.01
"len",358,43584075,93.01
"locking",358,43584433,93.01
"lords",358,43584791,93.01
"pilates",358,43585149,93.01
"rambling",358,43585507,93.01
"rematch",358,43585865,93.01
"remembrance",358,43586223,93.01
"salvador",358,43586581,93.01
"separates",358,43586939,93.02
"atomic",357,43587296,93.02
"balfour",357,43587653,93.02
"blowout",357,43588010,93.02
"energized",357,43588367,93.02
"goldberg",357,43588724,93.02
"governmental",357,43589081,93.02
"hailed",357,43589438,93.02
"hoover",357,43589795,93.02
"intrigue",357,43590152,93.02
"manufacture",357,43590509,93.02
"mole",357,43590866,93.02
"natives",357,43591223,93.02
"pamela",357,43591580,93.03
"plantation",357,43591937,93.03
"plugged",357,43592294,93.03
"prosperous",357,43592651,93.03
"spoilers",357,43593008,93.03
"synopsis",357,43593365,93.03
"visionary",357,43593722,93.03
"agony",356,43594078,93.03
"angelina",356,43594434,93.03
"bastards",356,43594790,93.03
"blueprint",356,43595146,93.03
"disrespectful",356,43595502,93.03
"forged",356,43595858,93.03
"gatherings",356,43596214,93.03
"harp",356,43596570,93.04
"inhabitants",356,43596926,93.04
"pact",356,43597282,93.04
"posture",356,43597638,93.04
"repetitive",356,43597994,93.04
"tat",356,43598350,93.04
"transcript",356,43598706,93.04
"traps",356,43599062,93.04
"bind",355,43599417,93.04
"binder",355,43599772,93.04
"catastrophic",355,43600127,93.04
"crumble",355,43600482,93.04
"dishwasher",355,43600837,93.04
"dixie",355,43601192,93.05
"dreadful",355,43601547,93.05
"fcc",355,43601902,93.05
"fielding",355,43602257,93.05
"flirt",355,43602612,93.05
"gram",355,43602967,93.05
"horrors",355,43603322,93.05
"oblivious",355,43603677,93.05
"prototype",355,43604032,93.05
"realtor",355,43604387,93.05
"referee",355,43604742,93.05
"scarves",355,43605097,93.05
"shutter",355,43605452,93.05
"sidelined",355,43605807,93.06
"uplifting",355,43606162,93.06
"abusing",354,43606516,93.06
"aided",354,43606870,93.06
"alarms",354,43607224,93.06
"alyssa",354,43607578,93.06
"appreciative",354,43607932,93.06
"bah",354,43608286,93.06
"bates",354,43608640,93.06
"blitz",354,43608994,93.06
"cummings",354,43609348,93.06
"dividends",354,43609702,93.06
"flare",354,43610056,93.06
"flashback",354,43610410,93.07
"footing",354,43610764,93.07
"indicators",354,43611118,93.07
"inflammation",354,43611472,93.07
"python",354,43611826,93.07
"retention",354,43612180,93.07
"rewrite",354,43612534,93.07
"rhubarb",354,43612888,93.07
"rupert",354,43613242,93.07
"shoved",354,43613596,93.07
"squirrels",354,43613950,93.07
"troopers",354,43614304,93.07
"vigil",354,43614658,93.07
"afternoons",353,43615011,93.08
"constitutes",353,43615364,93.08
"depart",353,43615717,93.08
"doubtful",353,43616070,93.08
"eccentric",353,43616423,93.08
"enlisted",353,43616776,93.08
"essentials",353,43617129,93.08
"freight",353,43617482,93.08
"hawthorne",353,43617835,93.08
"jaws",353,43618188,93.08
"memento",353,43618541,93.08
"militant",353,43618894,93.08
"plank",353,43619247,93.08
"premises",353,43619600,93.08
"prolonged",353,43619953,93.09
"rotary",353,43620306,93.09
"skepticism",353,43620659,93.09
"sphere",353,43621012,93.09
"tlc",353,43621365,93.09
"whirlwind",353,43621718,93.09
"wong",353,43622071,93.09
"badges",352,43622423,93.09
"brighten",352,43622775,93.09
"cork",352,43623127,93.09
"fax",352,43623479,93.09
"fellows",352,43623831,93.09
"instructional",352,43624183,93.09
"majestic",352,43624535,93.1
"meek",352,43624887,93.1
"newcomer",352,43625239,93.1
"ordeal",352,43625591,93.1
"presley",352,43625943,93.1
"quilts",352,43626295,93.1
"sailors",352,43626647,93.1
"toni",352,43626999,93.1
"unpopular",352,43627351,93.1
"usda",352,43627703,93.1
"vengeance",352,43628055,93.1
"advertisements",351,43628406,93.1
"applicable",351,43628757,93.1
"assaults",351,43629108,93.11
"bathtub",351,43629459,93.11
"censorship",351,43629810,93.11
"coriander",351,43630161,93.11
"dalton",351,43630512,93.11
"discoveries",351,43630863,93.11
"drilled",351,43631214,93.11
"friedman",351,43631565,93.11
"illustrates",351,43631916,93.11
"joanne",351,43632267,93.11
"learners",351,43632618,93.11
"leftist",351,43632969,93.11
"loki",351,43633320,93.11
"maroon",351,43633671,93.11
"metals",351,43634022,93.12
"outings",351,43634373,93.12
"phases",351,43634724,93.12
"resumed",351,43635075,93.12
"schultz",351,43635426,93.12
"severance",351,43635777,93.12
"shred",351,43636128,93.12
"sol",351,43636479,93.12
"theresa",351,43636830,93.12
"unconditional",351,43637181,93.12
"urges",351,43637532,93.12
"whopping",351,43637883,93.12
"withstand",351,43638234,93.12
"californians",350,43638584,93.13
"calmly",350,43638934,93.13
"diploma",350,43639284,93.13
"expansive",350,43639634,93.13
"hazel",350,43639984,93.13
"ignores",350,43640334,93.13
"leigh",350,43640684,93.13
"mandela",350,43641034,93.13
"serenity",350,43641384,93.13
"sewage",350,43641734,93.13
"spatula",350,43642084,93.13
"toms",350,43642434,93.13
"vaughn",350,43642784,93.13
"accelerated",349,43643133,93.14
"altitude",349,43643482,93.14
"crumbling",349,43643831,93.14
"dangerously",349,43644180,93.14
"decoration",349,43644529,93.14
"energies",349,43644878,93.14
"fishermen",349,43645227,93.14
"godfather",349,43645576,93.14
"hayden",349,43645925,93.14
"imaging",349,43646274,93.14
"injunction",349,43646623,93.14
"intervene",349,43646972,93.14
"invaluable",349,43647321,93.14
"meanings",349,43647670,93.14
"sergio",349,43648019,93.15
"swallowed",349,43648368,93.15
"sylvia",349,43648717,93.15
"teal",349,43649066,93.15
"aspire",348,43649414,93.15
"bragging",348,43649762,93.15
"capitalize",348,43650110,93.15
"cater",348,43650458,93.15
"chang",348,43650806,93.15
"chopping",348,43651154,93.15
"coffin",348,43651502,93.15
"dissolved",348,43651850,93.15
"explosions",348,43652198,93.15
"extensively",348,43652546,93.16
"frustrations",348,43652894,93.16
"missionary",348,43653242,93.16
"nachos",348,43653590,93.16
"objected",348,43653938,93.16
"philosopher",348,43654286,93.16
"projection",348,43654634,93.16
"reinforce",348,43654982,93.16
"sasha",348,43655330,93.16
"spacious",348,43655678,93.16
"suicidal",348,43656026,93.16
"tote",348,43656374,93.16
"virtues",348,43656722,93.16
"viva",348,43657070,93.16
"yawn",348,43657418,93.17
"appellate",347,43657765,93.17
"aunts",347,43658112,93.17
"autographs",347,43658459,93.17
"biggie",347,43658806,93.17
"bono",347,43659153,93.17
"cashier",347,43659500,93.17
"clone",347,43659847,93.17
"cornelius",347,43660194,93.17
"correspondence",347,43660541,93.17
"disadvantage",347,43660888,93.17
"duet",347,43661235,93.17
"emergence",347,43661582,93.17
"erased",347,43661929,93.18
"err",347,43662276,93.18
"ferrari",347,43662623,93.18
"horrified",347,43662970,93.18
"inland",347,43663317,93.18
"intellect",347,43663664,93.18
"jung",347,43664011,93.18
"manslaughter",347,43664358,93.18
"marshal",347,43664705,93.18
"paralyzed",347,43665052,93.18
"revisions",347,43665399,93.18
"speculate",347,43665746,93.18
"tripped",347,43666093,93.18
"weakened",347,43666440,93.18
"dub",346,43666786,93.19
"fischer",346,43667132,93.19
"fronts",346,43667478,93.19
"hardship",346,43667824,93.19
"jupiter",346,43668170,93.19
"kodak",346,43668516,93.19
"lombardi",346,43668862,93.19
"morals",346,43669208,93.19
"noses",346,43669554,93.19
"persian",346,43669900,93.19
"procrastination",346,43670246,93.19
"quantum",346,43670592,93.19
"quarterfinals",346,43670938,93.19
"shrugged",346,43671284,93.2
"supermarkets",346,43671630,93.2
"unnoticed",346,43671976,93.2
"vanderbilt",346,43672322,93.2
"villains",346,43672668,93.2
"wacky",346,43673014,93.2
"ankles",345,43673359,93.2
"bomber",345,43673704,93.2
"bubbly",345,43674049,93.2
"cooperating",345,43674394,93.2
"detection",345,43674739,93.2
"directs",345,43675084,93.2
"environmentalists",345,43675429,93.2
"froze",345,43675774,93.2
"garment",345,43676119,93.21
"guacamole",345,43676464,93.21
"handicap",345,43676809,93.21
"harness",345,43677154,93.21
"measurement",345,43677499,93.21
"mit",345,43677844,93.21
"obliged",345,43678189,93.21
"operative",345,43678534,93.21
"pistons",345,43678879,93.21
"postcards",345,43679224,93.21
"recalling",345,43679569,93.21
"salvage",345,43679914,93.21
"sighting",345,43680259,93.21
"soar",345,43680604,93.21
"solitude",345,43680949,93.22
"spooky",345,43681294,93.22
"stares",345,43681639,93.22
"witnessing",345,43681984,93.22
"addison",344,43682328,93.22
"aggression",344,43682672,93.22
"baton",344,43683016,93.22
"bowie",344,43683360,93.22
"brackets",344,43683704,93.22
"commodities",344,43684048,93.22
"crumb",344,43684392,93.22
"cvs",344,43684736,93.22
"disrupt",344,43685080,93.22
"eighteen",344,43685424,93.23
"fisherman",344,43685768,93.23
"freddy",344,43686112,93.23
"griffith",344,43686456,93.23
"heightened",344,43686800,93.23
"medley",344,43687144,93.23
"melts",344,43687488,93.23
"nudity",344,43687832,93.23
"orphanage",344,43688176,93.23
"profoundly",344,43688520,93.23
"spoons",344,43688864,93.23
"tailored",344,43689208,93.23
"toughness",344,43689552,93.23
"vulnerability",344,43689896,93.23
"yanks",344,43690240,93.24
"ak",343,43690583,93.24
"bangs",343,43690926,93.24
"bursts",343,43691269,93.24
"condemn",343,43691612,93.24
"consolidation",343,43691955,93.24
"contractions",343,43692298,93.24
"demeanor",343,43692641,93.24
"disclaimer",343,43692984,93.24
"fantasies",343,43693327,93.24
"filters",343,43693670,93.24
"immunity",343,43694013,93.24
"inferior",343,43694356,93.24
"knox",343,43694699,93.25
"migraine",343,43695042,93.25
"musicals",343,43695385,93.25
"postings",343,43695728,93.25
"primer",343,43696071,93.25
"relocate",343,43696414,93.25
"rodeo",343,43696757,93.25
"schwarzenegger",343,43697100,93.25
"seriousness",343,43697443,93.25
"tailor",343,43697786,93.25
"ticketmaster",343,43698129,93.25
"aches",342,43698471,93.25
"admirable",342,43698813,93.25
"baxter",342,43699155,93.25
"condoms",342,43699497,93.26
"constitute",342,43699839,93.26
"corpse",342,43700181,93.26
"distributor",342,43700523,93.26
"dodger",342,43700865,93.26
"floats",342,43701207,93.26
"hillside",342,43701549,93.26
"hwy",342,43701891,93.26
"licking",342,43702233,93.26
"nietzsche",342,43702575,93.26
"reactors",342,43702917,93.26
"restraining",342,43703259,93.26
"ripple",342,43703601,93.26
"scanner",342,43703943,93.26
"sitcom",342,43704285,93.27
"tabloid",342,43704627,93.27
"ventured",342,43704969,93.27
"approving",341,43705310,93.27
"artisan",341,43705651,93.27
"cherished",341,43705992,93.27
"coo",341,43706333,93.27
"cupboard",341,43706674,93.27
"framing",341,43707015,93.27
"genetically",341,43707356,93.27
"groin",341,43707697,93.27
"gs",341,43708038,93.27
"ingram",341,43708379,93.27
"kayla",341,43708720,93.27
"malaysian",341,43709061,93.28
"ob",341,43709402,93.28
"paddy",341,43709743,93.28
"paradigm",341,43710084,93.28
"pisses",341,43710425,93.28
"runaway",341,43710766,93.28
"salazar",341,43711107,93.28
"shameful",341,43711448,93.28
"simplest",341,43711789,93.28
"stool",341,43712130,93.28
"washer",341,43712471,93.28
"assessing",340,43712811,93.28
"betsy",340,43713151,93.28
"crackdown",340,43713491,93.29
"discarded",340,43713831,93.29
"eerie",340,43714171,93.29
"exec",340,43714511,93.29
"forrest",340,43714851,93.29
"gorilla",340,43715191,93.29
"heed",340,43715531,93.29
"kirby",340,43715871,93.29
"mute",340,43716211,93.29
"perched",340,43716551,93.29
"silky",340,43716891,93.29
"snag",340,43717231,93.29
"spurred",340,43717571,93.29
"tel",340,43717911,93.29
"tongues",340,43718251,93.3
"violates",340,43718591,93.3
"witches",340,43718931,93.3
"blurb",339,43719270,93.3
"cables",339,43719609,93.3
"calming",339,43719948,93.3
"careless",339,43720287,93.3
"cliffs",339,43720626,93.3
"cranberries",339,43720965,93.3
"discard",339,43721304,93.3
"disconnected",339,43721643,93.3
"farmhouse",339,43721982,93.3
"imply",339,43722321,93.3
"joyous",339,43722660,93.3
"podcasts",339,43722999,93.31
"rags",339,43723338,93.31
"redwood",339,43723677,93.31
"scented",339,43724016,93.31
"shepard",339,43724355,93.31
"silhouette",339,43724694,93.31
"starr",339,43725033,93.31
"tremendously",339,43725372,93.31
"amish",338,43725710,93.31
"births",338,43726048,93.31
"brutally",338,43726386,93.31
"cruises",338,43726724,93.31
"dispatched",338,43727062,93.31
"feds",338,43727400,93.31
"fetch",338,43727738,93.32
"foe",338,43728076,93.32
"giggling",338,43728414,93.32
"hogan",338,43728752,93.32
"homelessness",338,43729090,93.32
"insiders",338,43729428,93.32
"karate",338,43729766,93.32
"ks",338,43730104,93.32
"lansing",338,43730442,93.32
"mueller",338,43730780,93.32
"overcoming",338,43731118,93.32
"pe",338,43731456,93.32
"putt",338,43731794,93.32
"quaint",338,43732132,93.32
"ravioli",338,43732470,93.33
"reside",338,43732808,93.33
"solitary",338,43733146,93.33
"statues",338,43733484,93.33
"tendencies",338,43733822,93.33
"thereof",338,43734160,93.33
"tweak",338,43734498,93.33
"unbelievably",338,43734836,93.33
"amended",337,43735173,93.33
"calculate",337,43735510,93.33
"chairwoman",337,43735847,93.33
"chord",337,43736184,93.33
"dent",337,43736521,93.33
"disruption",337,43736858,93.34
"dissolve",337,43737195,93.34
"etiquette",337,43737532,93.34
"landmarks",337,43737869,93.34
"metrics",337,43738206,93.34
"mexicans",337,43738543,93.34
"panelists",337,43738880,93.34
"peaked",337,43739217,93.34
"prius",337,43739554,93.34
"sacrificed",337,43739891,93.34
"shelton",337,43740228,93.34
"slippers",337,43740565,93.34
"speedway",337,43740902,93.34
"sunk",337,43741239,93.34
"suspensions",337,43741576,93.35
"thinner",337,43741913,93.35
"traction",337,43742250,93.35
"uneven",337,43742587,93.35
"unreasonable",337,43742924,93.35
"warranty",337,43743261,93.35
"wilder",337,43743598,93.35
"wipes",337,43743935,93.35
"aching",336,43744271,93.35
"bookstores",336,43744607,93.35
"cancers",336,43744943,93.35
"chore",336,43745279,93.35
"dearest",336,43745615,93.35
"gradual",336,43745951,93.35
"juniors",336,43746287,93.36
"limo",336,43746623,93.36
"mayonnaise",336,43746959,93.36
"notions",336,43747295,93.36
"picasso",336,43747631,93.36
"presbyterian",336,43747967,93.36
"psych",336,43748303,93.36
"rigid",336,43748639,93.36
"seams",336,43748975,93.36
"strides",336,43749311,93.36
"tighten",336,43749647,93.36
"whine",336,43749983,93.36
"womb",336,43750319,93.36
"alerted",335,43750654,93.36
"canadians",335,43750989,93.37
"collects",335,43751324,93.37
"cylinder",335,43751659,93.37
"dealings",335,43751994,93.37
"disagreement",335,43752329,93.37
"expedition",335,43752664,93.37
"hispanics",335,43752999,93.37
"jewels",335,43753334,93.37
"kabul",335,43753669,93.37
"macdonald",335,43754004,93.37
"manic",335,43754339,93.37
"minn",335,43754674,93.37
"morally",335,43755009,93.37
"percussion",335,43755344,93.37
"redeem",335,43755679,93.38
"reigning",335,43756014,93.38
"safeway",335,43756349,93.38
"tackled",335,43756684,93.38
"timetable",335,43757019,93.38
"toilets",335,43757354,93.38
"visuals",335,43757689,93.38
"wrestle",335,43758024,93.38
"achilles",334,43758358,93.38
"attribute",334,43758692,93.38
"bagels",334,43759026,93.38
"dues",334,43759360,93.38
"endeavors",334,43759694,93.38
"entrepreneurial",334,43760028,93.38
"foothills",334,43760362,93.39
"lola",334,43760696,93.39
"marital",334,43761030,93.39
"miners",334,43761364,93.39
"miraculous",334,43761698,93.39
"orphan",334,43762032,93.39
"restitution",334,43762366,93.39
"sausages",334,43762700,93.39
"spilling",334,43763034,93.39
"tainted",334,43763368,93.39
"undisclosed",334,43763702,93.39
"unrest",334,43764036,93.39
"wichita",334,43764370,93.39
"bales",333,43764703,93.39
"ballad",333,43765036,93.4
"beige",333,43765369,93.4
"bred",333,43765702,93.4
"brigade",333,43766035,93.4
"dissertation",333,43766368,93.4
"distances",333,43766701,93.4
"eliot",333,43767034,93.4
"exploding",333,43767367,93.4
"franchises",333,43767700,93.4
"fresno",333,43768033,93.4
"gutierrez",333,43768366,93.4
"heavyweight",333,43768699,93.4
"imprisoned",333,43769032,93.4
"islamist",333,43769365,93.4
"leonardo",333,43769698,93.41
"marrow",333,43770031,93.41
"melon",333,43770364,93.41
"mozart",333,43770697,93.41
"narrowed",333,43771030,93.41
"ninety",333,43771363,93.41
"nonfiction",333,43771696,93.41
"petite",333,43772029,93.41
"reacting",333,43772362,93.41
"relays",333,43772695,93.41
"scraping",333,43773028,93.41
"smartest",333,43773361,93.41
"teaser",333,43773694,93.41
"tomorrows",333,43774027,93.41
"valerie",333,43774360,93.42
"adolescent",332,43774692,93.42
"beau",332,43775024,93.42
"colleen",332,43775356,93.42
"downfall",332,43775688,93.42
"easing",332,43776020,93.42
"elena",332,43776352,93.42
"greeks",332,43776684,93.42
"hikers",332,43777016,93.42
"meredith",332,43777348,93.42
"pecans",332,43777680,93.42
"pediatric",332,43778012,93.42
"persistence",332,43778344,93.42
"porsche",332,43778676,93.42
"primitive",332,43779008,93.42
"slopes",332,43779340,93.43
"tame",332,43779672,93.43
"unfairly",332,43780004,93.43
"uphold",332,43780336,93.43
"ado",331,43780667,93.43
"amaze",331,43780998,93.43
"bogus",331,43781329,93.43
"caves",331,43781660,93.43
"clowns",331,43781991,93.43
"concession",331,43782322,93.43
"copying",331,43782653,93.43
"crank",331,43782984,93.43
"cubic",331,43783315,93.43
"documentaries",331,43783646,93.43
"dysfunctional",331,43783977,93.44
"eastbound",331,43784308,93.44
"flurry",331,43784639,93.44
"flute",331,43784970,93.44
"heartbreak",331,43785301,93.44
"informant",331,43785632,93.44
"landfill",331,43785963,93.44
"loops",331,43786294,93.44
"praises",331,43786625,93.44
"ransom",331,43786956,93.44
"refreshed",331,43787287,93.44
"removes",331,43787618,93.44
"rubin",331,43787949,93.44
"socialism",331,43788280,93.44
"unanswered",331,43788611,93.45
"unsuccessfully",331,43788942,93.45
"blatant",330,43789272,93.45
"boone",330,43789602,93.45
"bracelets",330,43789932,93.45
"captains",330,43790262,93.45
"citation",330,43790592,93.45
"congo",330,43790922,93.45
"contributes",330,43791252,93.45
"diminish",330,43791582,93.45
"eater",330,43791912,93.45
"fray",330,43792242,93.45
"hen",330,43792572,93.45
"hologram",330,43792902,93.45
"kroger",330,43793232,93.46
"manageable",330,43793562,93.46
"mastery",330,43793892,93.46
"mckenzie",330,43794222,93.46
"nicks",330,43794552,93.46
"previews",330,43794882,93.46
"reluctantly",330,43795212,93.46
"somethings",330,43795542,93.46
"storing",330,43795872,93.46
"toned",330,43796202,93.46
"unstable",330,43796532,93.46
"upsetting",330,43796862,93.46
"viewpoint",330,43797192,93.46
"aclu",329,43797521,93.46
"amnesty",329,43797850,93.47
"auctions",329,43798179,93.47
"damascus",329,43798508,93.47
"duffy",329,43798837,93.47
"eastwood",329,43799166,93.47
"emailing",329,43799495,93.47
"ethiopia",329,43799824,93.47
"excerpts",329,43800153,93.47
"grassy",329,43800482,93.47
"kite",329,43800811,93.47
"linebackers",329,43801140,93.47
"madmen",329,43801469,93.47
"mastering",329,43801798,93.47
"midterm",329,43802127,93.47
"playhouse",329,43802456,93.48
"pueblo",329,43802785,93.48
"pumpkins",329,43803114,93.48
"purity",329,43803443,93.48
"taxation",329,43803772,93.48
"tipping",329,43804101,93.48
"transformers",329,43804430,93.48
"verb",329,43804759,93.48
"advancement",328,43805087,93.48
"align",328,43805415,93.48
"alignment",328,43805743,93.48
"continuity",328,43806071,93.48
"crammed",328,43806399,93.48
"demolished",328,43806727,93.48
"discharged",328,43807055,93.48
"escapes",328,43807383,93.49
"firearm",328,43807711,93.49
"hyundai",328,43808039,93.49
"intuition",328,43808367,93.49
"jacques",328,43808695,93.49
"narratives",328,43809023,93.49
"peppermint",328,43809351,93.49
"plaintiff",328,43809679,93.49
"separating",328,43810007,93.49
"sleeper",328,43810335,93.49
"snapshot",328,43810663,93.49
"spared",328,43810991,93.49
"subsidized",328,43811319,93.49
"underage",328,43811647,93.49
"viking",328,43811975,93.5
"acidity",327,43812302,93.5
"avg",327,43812629,93.5
"boogie",327,43812956,93.5
"bradshaw",327,43813283,93.5
"bribe",327,43813610,93.5
"burnett",327,43813937,93.5
"carly",327,43814264,93.5
"crystals",327,43814591,93.5
"cst",327,43814918,93.5
"detour",327,43815245,93.5
"dynasty",327,43815572,93.5
"falcon",327,43815899,93.5
"fleeting",327,43816226,93.5
"forbid",327,43816553,93.51
"greenwich",327,43816880,93.51
"guarded",327,43817207,93.51
"guthrie",327,43817534,93.51
"hesitation",327,43817861,93.51
"honorary",327,43818188,93.51
"implied",327,43818515,93.51
"lasagna",327,43818842,93.51
"lava",327,43819169,93.51
"layoff",327,43819496,93.51
"poked",327,43819823,93.51
"positioning",327,43820150,93.51
"recognizable",327,43820477,93.51
"rhythms",327,43820804,93.51
"steakhouse",327,43821131,93.51
"vending",327,43821458,93.52
"aldermen",326,43821784,93.52
"backbone",326,43822110,93.52
"barring",326,43822436,93.52
"benefiting",326,43822762,93.52
"carbohydrates",326,43823088,93.52
"coarse",326,43823414,93.52
"consolation",326,43823740,93.52
"countered",326,43824066,93.52
"dusk",326,43824392,93.52
"endorsements",326,43824718,93.52
"federally",326,43825044,93.52
"hans",326,43825370,93.52
"happenings",326,43825696,93.52
"illustrator",326,43826022,93.53
"limp",326,43826348,93.53
"mandates",326,43826674,93.53
"monarch",326,43827000,93.53
"numbered",326,43827326,93.53
"partnering",326,43827652,93.53
"predicts",326,43827978,93.53
"referrals",326,43828304,93.53
"remarked",326,43828630,93.53
"reviewers",326,43828956,93.53
"sailor",326,43829282,93.53
"severity",326,43829608,93.53
"specialties",326,43829934,93.53
"sped",326,43830260,93.53
"tailgate",326,43830586,93.54
"velocity",326,43830912,93.54
"wack",326,43831238,93.54
"westbound",326,43831564,93.54
"wiser",326,43831890,93.54
"accessory",325,43832215,93.54
"apostles",325,43832540,93.54
"artichoke",325,43832865,93.54
"booster",325,43833190,93.54
"buzzer",325,43833515,93.54
"clinging",325,43833840,93.54
"decker",325,43834165,93.54
"gowns",325,43834490,93.54
"greer",325,43834815,93.54
"hides",325,43835140,93.54
"hindsight",325,43835465,93.55
"imperfect",325,43835790,93.55
"infinity",325,43836115,93.55
"jeremiah",325,43836440,93.55
"morale",325,43836765,93.55
"nicholson",325,43837090,93.55
"prohibits",325,43837415,93.55
"psychedelic",325,43837740,93.55
"realism",325,43838065,93.55
"remodel",325,43838390,93.55
"reviewer",325,43838715,93.55
"savor",325,43839040,93.55
"selective",325,43839365,93.55
"stalls",325,43839690,93.55
"surpassed",325,43840015,93.56
"tract",325,43840340,93.56
"trusts",325,43840665,93.56
"uganda",325,43840990,93.56
"affiliation",324,43841314,93.56
"caregivers",324,43841638,93.56
"evaluations",324,43841962,93.56
"flattering",324,43842286,93.56
"giggles",324,43842610,93.56
"inducing",324,43842934,93.56
"middleton",324,43843258,93.56
"odor",324,43843582,93.56
"particles",324,43843906,93.56
"poorest",324,43844230,93.56
"reclaim",324,43844554,93.56
"reconstruction",324,43844878,93.57
"springtime",324,43845202,93.57
"toothbrush",324,43845526,93.57
"vows",324,43845850,93.57
"broom",323,43846173,93.57
"dramas",323,43846496,93.57
"geneva",323,43846819,93.57
"graceful",323,43847142,93.57
"guinea",323,43847465,93.57
"hitch",323,43847788,93.57
"incorrectly",323,43848111,93.57
"mascara",323,43848434,93.57
"otis",323,43848757,93.57
"overlap",323,43849080,93.57
"posh",323,43849403,93.58
"proxy",323,43849726,93.58
"reconciliation",323,43850049,93.58
"refunds",323,43850372,93.58
"roadway",323,43850695,93.58
"showcases",323,43851018,93.58
"sovereignty",323,43851341,93.58
"stooges",323,43851664,93.58
"ukraine",323,43851987,93.58
"bashing",322,43852309,93.58
"breaker",322,43852631,93.58
"captive",322,43852953,93.58
"carney",322,43853275,93.58
"chants",322,43853597,93.58
"cougar",322,43853919,93.58
"doris",322,43854241,93.59
"frankenstein",322,43854563,93.59
"lashes",322,43854885,93.59
"muscular",322,43855207,93.59
"odyssey",322,43855529,93.59
"ousted",322,43855851,93.59
"pigeon",322,43856173,93.59
"psyche",322,43856495,93.59
"sugars",322,43856817,93.59
"unleashed",322,43857139,93.59
"upwards",322,43857461,93.59
"withdrawn",322,43857783,93.59
"asphalt",321,43858104,93.59
"budding",321,43858425,93.59
"colo",321,43858746,93.6
"contemplate",321,43859067,93.6
"corny",321,43859388,93.6
"desks",321,43859709,93.6
"dreary",321,43860030,93.6
"ea",321,43860351,93.6
"enforcing",321,43860672,93.6
"hershey",321,43860993,93.6
"hovering",321,43861314,93.6
"ignite",321,43861635,93.6
"interrupt",321,43861956,93.6
"junkie",321,43862277,93.6
"lesbians",321,43862598,93.6
"misunderstanding",321,43862919,93.6
"orchid",321,43863240,93.6
"phelps",321,43863561,93.61
"plaid",321,43863882,93.61
"rejecting",321,43864203,93.61
"repeats",321,43864524,93.61
"russians",321,43864845,93.61
"tiring",321,43865166,93.61
"uniquely",321,43865487,93.61
"weakest",321,43865808,93.61
"webcam",321,43866129,93.61
"weeping",321,43866450,93.61
"barker",320,43866770,93.61
"bleach",320,43867090,93.61
"catastrophe",320,43867410,93.61
"commanding",320,43867730,93.61
"fulfillment",320,43868050,93.61
"jingle",320,43868370,93.62
"lyons",320,43868690,93.62
"magician",320,43869010,93.62
"mandarin",320,43869330,93.62
"passer",320,43869650,93.62
"phony",320,43869970,93.62
"piggy",320,43870290,93.62
"plausible",320,43870610,93.62
"pomegranate",320,43870930,93.62
"stereotype",320,43871250,93.62
"tallest",320,43871570,93.62
"tissues",320,43871890,93.62
"vigorously",320,43872210,93.62
"yang",320,43872530,93.62
"atmospheric",319,43872849,93.63
"chow",319,43873168,93.63
"clare",319,43873487,93.63
"clarence",319,43873806,93.63
"classmate",319,43874125,93.63
"clergy",319,43874444,93.63
"colbert",319,43874763,93.63
"congratulate",319,43875082,93.63
"contestant",319,43875401,93.63
"elbows",319,43875720,93.63
"fencing",319,43876039,93.63
"hobbies",319,43876358,93.63
"metric",319,43876677,93.63
"moods",319,43876996,93.63
"murdering",319,43877315,93.63
"ozzie",319,43877634,93.64
"ports",319,43877953,93.64
"pupils",319,43878272,93.64
"rendering",319,43878591,93.64
"silva",319,43878910,93.64
"advises",318,43879228,93.64
"chemotherapy",318,43879546,93.64
"circling",318,43879864,93.64
"commandments",318,43880182,93.64
"disconnect",318,43880500,93.64
"dolly",318,43880818,93.64
"doorstep",318,43881136,93.64
"embroidery",318,43881454,93.64
"evergreen",318,43881772,93.64
"flooring",318,43882090,93.64
"granting",318,43882408,93.65
"immersion",318,43882726,93.65
"indigo",318,43883044,93.65
"itinerary",318,43883362,93.65
"jensen",318,43883680,93.65
"letterman",318,43883998,93.65
"moratorium",318,43884316,93.65
"nifty",318,43884634,93.65
"prophets",318,43884952,93.65
"reinforced",318,43885270,93.65
"retaining",318,43885588,93.65
"reversal",318,43885906,93.65
"rooster",318,43886224,93.65
"runoff",318,43886542,93.65
"sabbath",318,43886860,93.66
"stemming",318,43887178,93.66
"tangy",318,43887496,93.66
"tanner",318,43887814,93.66
"vicki",318,43888132,93.66
"woodward",318,43888450,93.66
"arranging",317,43888767,93.66
"batted",317,43889084,93.66
"battleship",317,43889401,93.66
"bentley",317,43889718,93.66
"bodily",317,43890035,93.66
"cardigan",317,43890352,93.66
"communal",317,43890669,93.66
"complains",317,43890986,93.66
"displaced",317,43891303,93.66
"finland",317,43891620,93.67
"googled",317,43891937,93.67
"mats",317,43892254,93.67
"ned",317,43892571,93.67
"nugget",317,43892888,93.67
"proceeding",317,43893205,93.67
"protested",317,43893522,93.67
"purses",317,43893839,93.67
"rein",317,43894156,93.67
"rods",317,43894473,93.67
"trolley",317,43894790,93.67
"altman",316,43895106,93.67
"archdiocese",316,43895422,93.67
"buffy",316,43895738,93.67
"bustling",316,43896054,93.67
"cl",316,43896370,93.68
"crayons",316,43896686,93.68
"elites",316,43897002,93.68
"enchanted",316,43897318,93.68
"escorted",316,43897634,93.68
"expands",316,43897950,93.68
"geese",316,43898266,93.68
"mubarak",316,43898582,93.68
"negotiation",316,43898898,93.68
"outlaw",316,43899214,93.68
"penned",316,43899530,93.68
"predominantly",316,43899846,93.68
"preventive",316,43900162,93.68
"pristine",316,43900478,93.68
"refreshments",316,43900794,93.68
"richness",316,43901110,93.69
"rn",316,43901426,93.69
"rom",316,43901742,93.69
"smoker",316,43902058,93.69
"tempered",316,43902374,93.69
"underwood",316,43902690,93.69
"wrestler",316,43903006,93.69
"zebra",316,43903322,93.69
"accelerate",315,43903637,93.69
"acquaintance",315,43903952,93.69
"beams",315,43904267,93.69
"debra",315,43904582,93.69
"designation",315,43904897,93.69
"halted",315,43905212,93.69
"jaime",315,43905527,93.69
"legislator",315,43905842,93.7
"modify",315,43906157,93.7
"nv",315,43906472,93.7
"privileges",315,43906787,93.7
"remnants",315,43907102,93.7
"replying",315,43907417,93.7
"resemblance",315,43907732,93.7
"scans",315,43908047,93.7
"skeleton",315,43908362,93.7
"stormy",315,43908677,93.7
"cautioned",314,43908991,93.7
"chats",314,43909305,93.7
"claw",314,43909619,93.7
"cones",314,43909933,93.7
"cravings",314,43910247,93.71
"duplicate",314,43910561,93.71
"familiarity",314,43910875,93.71
"freeholder",314,43911189,93.71
"fritz",314,43911503,93.71
"gadget",314,43911817,93.71
"hindu",314,43912131,93.71
"laziness",314,43912445,93.71
"lehman",314,43912759,93.71
"mischief",314,43913073,93.71
"mpg",314,43913387,93.71
"patrols",314,43913701,93.71
"shrug",314,43914015,93.71
"snuggle",314,43914329,93.71
"tattooed",314,43914643,93.71
"testosterone",314,43914957,93.72
"token",314,43915271,93.72
"totes",314,43915585,93.72
"undertaking",314,43915899,93.72
"watt",314,43916213,93.72
"allegation",313,43916526,93.72
"benny",313,43916839,93.72
"breeds",313,43917152,93.72
"condensed",313,43917465,93.72
"considerations",313,43917778,93.72
"cosmetic",313,43918091,93.72
"disguised",313,43918404,93.72
"disruptive",313,43918717,93.72
"extraordinarily",313,43919030,93.72
"journeys",313,43919343,93.72
"kohl",313,43919656,93.73
"leasing",313,43919969,93.73
"longevity",313,43920282,93.73
"mathematics",313,43920595,93.73
"nectar",313,43920908,93.73
"registering",313,43921221,93.73
"repertoire",313,43921534,93.73
"sawyer",313,43921847,93.73
"teller",313,43922160,93.73
"tweaking",313,43922473,93.73
"approx",312,43922785,93.73
"attends",312,43923097,93.73
"canine",312,43923409,93.73
"carve",312,43923721,93.73
"casualties",312,43924033,93.73
"comedies",312,43924345,93.74
"commanded",312,43924657,93.74
"conveniently",312,43924969,93.74
"cuddling",312,43925281,93.74
"cursing",312,43925593,93.74
"enact",312,43925905,93.74
"ensuing",312,43926217,93.74
"ernest",312,43926529,93.74
"genealogy",312,43926841,93.74
"hideous",312,43927153,93.74
"immersed",312,43927465,93.74
"intervals",312,43927777,93.74
"lg",312,43928089,93.74
"mainland",312,43928401,93.74
"mantle",312,43928713,93.74
"marinade",312,43929025,93.75
"meta",312,43929337,93.75
"mussels",312,43929649,93.75
"napping",312,43929961,93.75
"occurrence",312,43930273,93.75
"outspoken",312,43930585,93.75
"pundits",312,43930897,93.75
"replicate",312,43931209,93.75
"roaming",312,43931521,93.75
"strains",312,43931833,93.75
"surgeons",312,43932145,93.75
"sussex",312,43932457,93.75
"tug",312,43932769,93.75
"valor",312,43933081,93.75
"anchored",311,43933392,93.75
"carmelo",311,43933703,93.76
"composers",311,43934014,93.76
"corresponding",311,43934325,93.76
"cucumbers",311,43934636,93.76
"decks",311,43934947,93.76
"drones",311,43935258,93.76
"emergencies",311,43935569,93.76
"fir",311,43935880,93.76
"flashed",311,43936191,93.76
"functionality",311,43936502,93.76
"insulin",311,43936813,93.76
"internally",311,43937124,93.76
"lighthouse",311,43937435,93.76
"navigating",311,43937746,93.76
"onward",311,43938057,93.76
"oregano",311,43938368,93.77
"parallels",311,43938679,93.77
"plush",311,43938990,93.77
"poultry",311,43939301,93.77
"rebirth",311,43939612,93.77
"rink",311,43939923,93.77
"roam",311,43940234,93.77
"shameless",311,43940545,93.77
"trousers",311,43940856,93.77
"tutor",311,43941167,93.77
"val",311,43941478,93.77
"accordance",310,43941788,93.77
"allure",310,43942098,93.77
"arbitrary",310,43942408,93.77
"awoke",310,43942718,93.77
"baptism",310,43943028,93.78
"bartenders",310,43943338,93.78
"breakup",310,43943648,93.78
"cache",310,43943958,93.78
"crate",310,43944268,93.78
"curling",310,43944578,93.78
"dart",310,43944888,93.78
"elevate",310,43945198,93.78
"feminism",310,43945508,93.78
"floss",310,43945818,93.78
"hue",310,43946128,93.78
"mas",310,43946438,93.78
"olsen",310,43946748,93.78
"prosecuted",310,43947058,93.78
"raspberries",310,43947368,93.78
"repetition",310,43947678,93.78
"santos",310,43947988,93.79
"sensory",310,43948298,93.79
"shrine",310,43948608,93.79
"solon",310,43948918,93.79
"sprinkles",310,43949228,93.79
"styled",310,43949538,93.79
"subcommittee",310,43949848,93.79
"torah",310,43950158,93.79
"adored",309,43950467,93.79
"apocalyptic",309,43950776,93.79
"brisk",309,43951085,93.79
"clyde",309,43951394,93.79
"disgrace",309,43951703,93.79
"drifting",309,43952012,93.79
"gresham",309,43952321,93.79
"jello",309,43952630,93.8
"jules",309,43952939,93.8
"merrill",309,43953248,93.8
"munch",309,43953557,93.8
"naomi",309,43953866,93.8
"ova",309,43954175,93.8
"perk",309,43954484,93.8
"presenter",309,43954793,93.8
"quail",309,43955102,93.8
"sim",309,43955411,93.8
"someplace",309,43955720,93.8
"spiked",309,43956029,93.8
"sprung",309,43956338,93.8
"supervised",309,43956647,93.8
"undecided",309,43956956,93.8
"asserted",308,43957264,93.81
"astounding",308,43957572,93.81
"chipped",308,43957880,93.81
"conditioner",308,43958188,93.81
"diarrhea",308,43958496,93.81
"dropbox",308,43958804,93.81
"establishments",308,43959112,93.81
"exposition",308,43959420,93.81
"gemini",308,43959728,93.81
"hinted",308,43960036,93.81
"influx",308,43960344,93.81
"leases",308,43960652,93.81
"messiah",308,43960960,93.81
"paw",308,43961268,93.81
"pretzels",308,43961576,93.81
"rapping",308,43961884,93.82
"screws",308,43962192,93.82
"seventy",308,43962500,93.82
"smokey",308,43962808,93.82
"subconscious",308,43963116,93.82
"swat",308,43963424,93.82
"tactical",308,43963732,93.82
"versatility",308,43964040,93.82
"weathered",308,43964348,93.82
"assn",307,43964655,93.82
"banter",307,43964962,93.82
"clam",307,43965269,93.82
"counterpart",307,43965576,93.82
"dyer",307,43965883,93.82
"hathaway",307,43966190,93.82
"hazards",307,43966497,93.83
"inflated",307,43966804,93.83
"irresistible",307,43967111,93.83
"majesty",307,43967418,93.83
"mosquito",307,43967725,93.83
"overcame",307,43968032,93.83
"rallying",307,43968339,93.83
"rowe",307,43968646,93.83
"sectional",307,43968953,93.83
"shortest",307,43969260,93.83
"swanson",307,43969567,93.83
"uaw",307,43969874,93.83
"waived",307,43970181,93.83
"waterloo",307,43970488,93.83
"affluent",306,43970794,93.83
"airplanes",306,43971100,93.83
"authored",306,43971406,93.84
"bedding",306,43971712,93.84
"brethren",306,43972018,93.84
"directory",306,43972324,93.84
"ensures",306,43972630,93.84
"eyebrow",306,43972936,93.84
"heartbroken",306,43973242,93.84
"insufficient",306,43973548,93.84
"interpretations",306,43973854,93.84
"leary",306,43974160,93.84
"liable",306,43974466,93.84
"libertarian",306,43974772,93.84
"openness",306,43975078,93.84
"ornament",306,43975384,93.84
"reiterated",306,43975690,93.84
"seoul",306,43975996,93.85
"succeeds",306,43976302,93.85
"taurus",306,43976608,93.85
"tenor",306,43976914,93.85
"actresses",305,43977219,93.85
"cartel",305,43977524,93.85
"chubby",305,43977829,93.85
"claiborne",305,43978134,93.85
"concerto",305,43978439,93.85
"correlation",305,43978744,93.85
"disturbance",305,43979049,93.85
"draped",305,43979354,93.85
"everett",305,43979659,93.85
"feta",305,43979964,93.85
"gi",305,43980269,93.85
"hamlet",305,43980574,93.86
"hardwood",305,43980879,93.86
"knots",305,43981184,93.86
"landlords",305,43981489,93.86
"marshmallows",305,43981794,93.86
"mos",305,43982099,93.86
"mullen",305,43982404,93.86
"nausea",305,43982709,93.86
"poached",305,43983014,93.86
"probability",305,43983319,93.86
"slider",305,43983624,93.86
"spielberg",305,43983929,93.86
"subs",305,43984234,93.86
"unstoppable",305,43984539,93.86
"untouched",305,43984844,93.86
"vaccination",305,43985149,93.86
"verbally",305,43985454,93.87
"ware",305,43985759,93.87
"wiggle",305,43986064,93.87
"wiping",305,43986369,93.87
"blurry",304,43986673,93.87
"brit",304,43986977,93.87
"bunker",304,43987281,93.87
"carp",304,43987585,93.87
"catfish",304,43987889,93.87
"cheeseburger",304,43988193,93.87
"choreography",304,43988497,93.87
"cramped",304,43988801,93.87
"deluxe",304,43989105,93.87
"directive",304,43989409,93.87
"domino",304,43989713,93.87
"exemptions",304,43990017,93.88
"fragments",304,43990321,93.88
"gubernatorial",304,43990625,93.88
"honolulu",304,43990929,93.88
"inheritance",304,43991233,93.88
"mcguire",304,43991537,93.88
"missiles",304,43991841,93.88
"mocking",304,43992145,93.88
"modeled",304,43992449,93.88
"octopus",304,43992753,93.88
"opaque",304,43993057,93.88
"overdose",304,43993361,93.88
"overshadowed",304,43993665,93.88
"pas",304,43993969,93.88
"pooh",304,43994273,93.88
"powerpoint",304,43994577,93.89
"prized",304,43994881,93.89
"prophecy",304,43995185,93.89
"provincial",304,43995489,93.89
"purposely",304,43995793,93.89
"racked",304,43996097,93.89
"scaled",304,43996401,93.89
"sensational",304,43996705,93.89
"sherwood",304,43997009,93.89
"strengthened",304,43997313,93.89
"uneasy",304,43997617,93.89
"awkwardly",303,43997920,93.89
"cannabis",303,43998223,93.89
"dispensaries",303,43998526,93.89
"distributing",303,43998829,93.89
"formats",303,43999132,93.89
"funnel",303,43999435,93.9
"insignificant",303,43999738,93.9
"joplin",303,44000041,93.9
"maritime",303,44000344,93.9
"recital",303,44000647,93.9
"shapiro",303,44000950,93.9
"specified",303,44001253,93.9
"trivial",303,44001556,93.9
"ts",303,44001859,93.9
"wrinkles",303,44002162,93.9
"arises",302,44002464,93.9
"baseline",302,44002766,93.9
"bowman",302,44003068,93.9
"brat",302,44003370,93.9
"cleaners",302,44003672,93.9
"cookbooks",302,44003974,93.91
"costello",302,44004276,93.91
"coyote",302,44004578,93.91
"cuff",302,44004880,93.91
"detached",302,44005182,93.91
"draining",302,44005484,93.91
"fades",302,44005786,93.91
"flint",302,44006088,93.91
"forwarded",302,44006390,93.91
"geo",302,44006692,93.91
"gibbs",302,44006994,93.91
"horrendous",302,44007296,93.91
"insured",302,44007598,93.91
"linear",302,44007900,93.91
"lulu",302,44008202,93.91
"metabolism",302,44008504,93.91
"pastel",302,44008806,93.92
"receptions",302,44009108,93.92
"sanctioned",302,44009410,93.92
"shooters",302,44009712,93.92
"swore",302,44010014,93.92
"voicemail",302,44010316,93.92
"accommodation",301,44010617,93.92
"beasts",301,44010918,93.92
"cages",301,44011219,93.92
"clicks",301,44011520,93.92
"comedic",301,44011821,93.92
"customized",301,44012122,93.92
"distinctly",301,44012423,93.92
"dividing",301,44012724,93.92
"enlightened",301,44013025,93.92
"exploited",301,44013326,93.93
"francois",301,44013627,93.93
"freebie",301,44013928,93.93
"gale",301,44014229,93.93
"glaring",301,44014530,93.93
"governed",301,44014831,93.93
"handwriting",301,44015132,93.93
"heartache",301,44015433,93.93
"heir",301,44015734,93.93
"injected",301,44016035,93.93
"interacting",301,44016336,93.93
"lacy",301,44016637,93.93
"marcia",301,44016938,93.93
"ministries",301,44017239,93.93
"originals",301,44017540,93.93
"payoff",301,44017841,93.93
"reassuring",301,44018142,93.94
"shipment",301,44018443,93.94
"smelly",301,44018744,93.94
"twitters",301,44019045,93.94
"unarmed",301,44019346,93.94
"borderline",300,44019646,93.94
"brokerage",300,44019946,93.94
"consortium",300,44020246,93.94
"crises",300,44020546,93.94
"diligence",300,44020846,93.94
"dismal",300,44021146,93.94
"enclosed",300,44021446,93.94
"farrell",300,44021746,93.94
"flashy",300,44022046,93.94
"fouled",300,44022346,93.94
"graph",300,44022646,93.94
"hierarchy",300,44022946,93.95
"manga",300,44023246,93.95
"misplaced",300,44023546,93.95
"motorcycles",300,44023846,93.95
"peeling",300,44024146,93.95
"pounded",300,44024446,93.95
"rectangle",300,44024746,93.95
"slab",300,44025046,93.95
"stricken",300,44025346,93.95
"swam",300,44025646,93.95
"swine",300,44025946,93.95
"appalling",299,44026245,93.95
"campers",299,44026544,93.95
"concussions",299,44026843,93.95
"dependence",299,44027142,93.95
"foggy",299,44027441,93.96
"generals",299,44027740,93.96
"grits",299,44028039,93.96
"harmed",299,44028338,93.96
"hon",299,44028637,93.96
"hourly",299,44028936,93.96
"ike",299,44029235,93.96
"inadvertently",299,44029534,93.96
"indonesian",299,44029833,93.96
"laundering",299,44030132,93.96
"livingston",299,44030431,93.96
"multimedia",299,44030730,93.96
"paisley",299,44031029,93.96
"palestine",299,44031328,93.96
"preached",299,44031627,93.96
"rake",299,44031926,93.96
"saloon",299,44032225,93.97
"simmering",299,44032524,93.97
"sly",299,44032823,93.97
"specializing",299,44033122,93.97
"stadiums",299,44033421,93.97
"taxed",299,44033720,93.97
"veterinary",299,44034019,93.97
"asians",298,44034317,93.97
"attackers",298,44034615,93.97
"beginners",298,44034913,93.97
"cajun",298,44035211,93.97
"carlo",298,44035509,93.97
"chamberlain",298,44035807,93.97
"cigars",298,44036105,93.97
"concentrating",298,44036403,93.97
"foliage",298,44036701,93.97
"furnishings",298,44036999,93.98
"hemingway",298,44037297,93.98
"isabel",298,44037595,93.98
"lighten",298,44037893,93.98
"milkshake",298,44038191,93.98
"piping",298,44038489,93.98
"pressured",298,44038787,93.98
"recreate",298,44039085,93.98
"sal",298,44039383,93.98
"sandoval",298,44039681,93.98
"settlements",298,44039979,93.98
"streetcar",298,44040277,93.98
"unintended",298,44040575,93.98
"valve",298,44040873,93.98
"wei",298,44041171,93.98
"bangkok",297,44041468,93.99
"bernstein",297,44041765,93.99
"bicycles",297,44042062,93.99
"blaine",297,44042359,93.99
"brighton",297,44042656,93.99
"browne",297,44042953,93.99
"brutality",297,44043250,93.99
"cancellation",297,44043547,93.99
"doughnut",297,44043844,93.99
"dudley",297,44044141,93.99
"ejected",297,44044438,93.99
"existent",297,44044735,93.99
"garland",297,44045032,93.99
"holler",297,44045329,93.99
"invaded",297,44045626,93.99
"masked",297,44045923,93.99
"meaty",297,44046220,94
"pearson",297,44046517,94
"proclaim",297,44046814,94
"rejects",297,44047111,94
"restrained",297,44047408,94
"scholarly",297,44047705,94
"steaming",297,44048002,94
"teamwork",297,44048299,94
"tm",297,44048596,94
"watered",297,44048893,94
"amend",296,44049189,94
"assaulting",296,44049485,94
"autobiography",296,44049781,94
"bayonne",296,44050077,94
"breaths",296,44050373,94
"comedians",296,44050669,94
"crumbled",296,44050965,94.01
"eatery",296,44051261,94.01
"flora",296,44051557,94.01
"gil",296,44051853,94.01
"glare",296,44052149,94.01
"improperly",296,44052445,94.01
"insect",296,44052741,94.01
"mania",296,44053037,94.01
"nuns",296,44053333,94.01
"permitting",296,44053629,94.01
"presumed",296,44053925,94.01
"resides",296,44054221,94.01
"revived",296,44054517,94.01
"sax",296,44054813,94.01
"soggy",296,44055109,94.01
"sonny",296,44055405,94.01
"statistic",296,44055701,94.02
"validity",296,44055997,94.02
"whim",296,44056293,94.02
"whispering",296,44056589,94.02
"addicting",295,44056884,94.02
"advising",295,44057179,94.02
"anchors",295,44057474,94.02
"apologizing",295,44057769,94.02
"applauded",295,44058064,94.02
"appropriations",295,44058359,94.02
"culprit",295,44058654,94.02
"eighty",295,44058949,94.02
"gripping",295,44059244,94.02
"gunfire",295,44059539,94.02
"jumbo",295,44059834,94.02
"kara",295,44060129,94.02
"lured",295,44060424,94.03
"mandy",295,44060719,94.03
"necks",295,44061014,94.03
"panicked",295,44061309,94.03
"persecution",295,44061604,94.03
"plymouth",295,44061899,94.03
"robe",295,44062194,94.03
"souvenir",295,44062489,94.03
"tacky",295,44062784,94.03
"ticked",295,44063079,94.03
"timers",295,44063374,94.03
"troupe",295,44063669,94.03
"wand",295,44063964,94.03
"anglo",294,44064258,94.03
"aubrey",294,44064552,94.03
"bohemian",294,44064846,94.03
"brainstorming",294,44065140,94.04
"crowned",294,44065434,94.04
"culturally",294,44065728,94.04
"devised",294,44066022,94.04
"eased",294,44066316,94.04
"faulty",294,44066610,94.04
"garnered",294,44066904,94.04
"interiors",294,44067198,94.04
"intermission",294,44067492,94.04
"manuscripts",294,44067786,94.04
"mistakenly",294,44068080,94.04
"motivational",294,44068374,94.04
"oppressed",294,44068668,94.04
"rationale",294,44068962,94.04
"referenced",294,44069256,94.04
"relocation",294,44069550,94.05
"spitting",294,44069844,94.05
"summed",294,44070138,94.05
"tb",294,44070432,94.05
"trimming",294,44070726,94.05
"tutoring",294,44071020,94.05
"upsets",294,44071314,94.05
"violently",294,44071608,94.05
"wording",294,44071902,94.05
"yates",294,44072196,94.05
"affiliates",293,44072489,94.05
"airwaves",293,44072782,94.05
"bert",293,44073075,94.05
"buckle",293,44073368,94.05
"clams",293,44073661,94.05
"conservatism",293,44073954,94.05
"dreamy",293,44074247,94.06
"extravaganza",293,44074540,94.06
"extremes",293,44074833,94.06
"flashbacks",293,44075126,94.06
"galore",293,44075419,94.06
"gatorade",293,44075712,94.06
"golfer",293,44076005,94.06
"halves",293,44076298,94.06
"handbag",293,44076591,94.06
"inventor",293,44076884,94.06
"judd",293,44077177,94.06
"plentiful",293,44077470,94.06
"pretzel",293,44077763,94.06
"prosecute",293,44078056,94.06
"remedies",293,44078349,94.06
"sampled",293,44078642,94.06
"sinful",293,44078935,94.07
"slowdown",293,44079228,94.07
"smithsonian",293,44079521,94.07
"stoned",293,44079814,94.07
"theoretical",293,44080107,94.07
"tumble",293,44080400,94.07
"wiki",293,44080693,94.07
"assert",292,44080985,94.07
"babysitting",292,44081277,94.07
"banged",292,44081569,94.07
"bridget",292,44081861,94.07
"burritos",292,44082153,94.07
"climbs",292,44082445,94.07
"deportation",292,44082737,94.07
"edgy",292,44083029,94.07
"exceeds",292,44083321,94.07
"fluff",292,44083613,94.08
"futile",292,44083905,94.08
"keyboards",292,44084197,94.08
"lancaster",292,44084489,94.08
"multiply",292,44084781,94.08
"notifications",292,44085073,94.08
"nutmeg",292,44085365,94.08
"outcry",292,44085657,94.08
"photographing",292,44085949,94.08
"promoter",292,44086241,94.08
"shoreline",292,44086533,94.08
"sid",292,44086825,94.08
"stigma",292,44087117,94.08
"terrell",292,44087409,94.08
"thomson",292,44087701,94.08
"tory",292,44087993,94.08
"upstate",292,44088285,94.08
"abiding",291,44088576,94.09
"absorbing",291,44088867,94.09
"acne",291,44089158,94.09
"afloat",291,44089449,94.09
"arrows",291,44089740,94.09
"breathed",291,44090031,94.09
"cello",291,44090322,94.09
"compounds",291,44090613,94.09
"depicting",291,44090904,94.09
"destroys",291,44091195,94.09
"deter",291,44091486,94.09
"eileen",291,44091777,94.09
"exhibited",291,44092068,94.09
"gingerbread",291,44092359,94.09
"groovy",291,44092650,94.09
"hateful",291,44092941,94.09
"holden",291,44093232,94.1
"itchy",291,44093523,94.1
"larson",291,44093814,94.1
"mechanisms",291,44094105,94.1
"mosaic",291,44094396,94.1
"objection",291,44094687,94.1
"parlor",291,44094978,94.1
"policeman",291,44095269,94.1
"praising",291,44095560,94.1
"reproduction",291,44095851,94.1
"revise",291,44096142,94.1
"sewn",291,44096433,94.1
"signaled",291,44096724,94.1
"slapping",291,44097015,94.1
"snail",291,44097306,94.1
"spotting",291,44097597,94.1
"stripe",291,44097888,94.11
"subdued",291,44098179,94.11
"taxing",291,44098470,94.11
"thinkers",291,44098761,94.11
"universally",291,44099052,94.11
"weirdo",291,44099343,94.11
"alleviate",290,44099633,94.11
"coherent",290,44099923,94.11
"cords",290,44100213,94.11
"crusty",290,44100503,94.11
"dui",290,44100793,94.11
"ecosystem",290,44101083,94.11
"eminent",290,44101373,94.11
"enthusiast",290,44101663,94.11
"exclude",290,44101953,94.11
"fists",290,44102243,94.11
"forte",290,44102533,94.12
"harvested",290,44102823,94.12
"informing",290,44103113,94.12
"insecurity",290,44103403,94.12
"lenny",290,44103693,94.12
"lumber",290,44103983,94.12
"mariano",290,44104273,94.12
"mourn",290,44104563,94.12
"notebooks",290,44104853,94.12
"peg",290,44105143,94.12
"prettiest",290,44105433,94.12
"quebec",290,44105723,94.12
"rainbows",290,44106013,94.12
"redo",290,44106303,94.12
"rockers",290,44106593,94.12
"rutherford",290,44106883,94.12
"undo",290,44107173,94.13
"allegiance",289,44107462,94.13
"aromas",289,44107751,94.13
"audi",289,44108040,94.13
"binge",289,44108329,94.13
"bitten",289,44108618,94.13
"boils",289,44108907,94.13
"broadcaster",289,44109196,94.13
"burlesque",289,44109485,94.13
"consulted",289,44109774,94.13
"debacle",289,44110063,94.13
"divisive",289,44110352,94.13
"dummy",289,44110641,94.13
"elias",289,44110930,94.13
"fraternity",289,44111219,94.13
"horrifying",289,44111508,94.13
"hull",289,44111797,94.14
"internships",289,44112086,94.14
"knack",289,44112375,94.14
"lama",289,44112664,94.14
"loudest",289,44112953,94.14
"maureen",289,44113242,94.14
"menace",289,44113531,94.14
"myrtle",289,44113820,94.14
"nirvana",289,44114109,94.14
"plato",289,44114398,94.14
"professionalism",289,44114687,94.14
"ramps",289,44114976,94.14
"reelection",289,44115265,94.14
"rowdy",289,44115554,94.14
"shallots",289,44115843,94.14
"spans",289,44116132,94.14
"spikes",289,44116421,94.15
"technicians",289,44116710,94.15
"terra",289,44116999,94.15
"transitions",289,44117288,94.15
"upgrading",289,44117577,94.15
"utmost",289,44117866,94.15
"villagers",289,44118155,94.15
"yells",289,44118444,94.15
"apricot",288,44118732,94.15
"bailouts",288,44119020,94.15
"borne",288,44119308,94.15
"citations",288,44119596,94.15
"clumsy",288,44119884,94.15
"collateral",288,44120172,94.15
"doritos",288,44120460,94.15
"drifted",288,44120748,94.15
"gazing",288,44121036,94.15
"golfers",288,44121324,94.16
"graveyard",288,44121612,94.16
"kramer",288,44121900,94.16
"lofty",288,44122188,94.16
"lore",288,44122476,94.16
"melodies",288,44122764,94.16
"misty",288,44123052,94.16
"prudent",288,44123340,94.16
"rampage",288,44123628,94.16
"serene",288,44123916,94.16
"settles",288,44124204,94.16
"sizable",288,44124492,94.16
"unfolding",288,44124780,94.16
"waltz",288,44125068,94.16
"advocated",287,44125355,94.16
"bargains",287,44125642,94.16
"councilwoman",287,44125929,94.17
"coward",287,44126216,94.17
"criticisms",287,44126503,94.17
"cub",287,44126790,94.17
"discs",287,44127077,94.17
"inspirations",287,44127364,94.17
"lad",287,44127651,94.17
"maneuver",287,44127938,94.17
"presently",287,44128225,94.17
"retrospect",287,44128512,94.17
"reuse",287,44128799,94.17
"sketchy",287,44129086,94.17
"smuggling",287,44129373,94.17
"sobbing",287,44129660,94.17
"soprano",287,44129947,94.17
"temples",287,44130234,94.17
"tex",287,44130521,94.18
"trays",287,44130808,94.18
"uncover",287,44131095,94.18
"upbringing",287,44131382,94.18
"vacancy",287,44131669,94.18
"venezuela",287,44131956,94.18
"viola",287,44132243,94.18
"whereabouts",287,44132530,94.18
"acids",286,44132816,94.18
"agave",286,44133102,94.18
"airy",286,44133388,94.18
"aussie",286,44133674,94.18
"billboards",286,44133960,94.18
"bollywood",286,44134246,94.18
"cayenne",286,44134532,94.18
"condos",286,44134818,94.18
"conform",286,44135104,94.18
"consolidated",286,44135390,94.19
"cpr",286,44135676,94.19
"din",286,44135962,94.19
"diverted",286,44136248,94.19
"endearing",286,44136534,94.19
"entourage",286,44136820,94.19
"estranged",286,44137106,94.19
"fasting",286,44137392,94.19
"fiercely",286,44137678,94.19
"firefox",286,44137964,94.19
"fluids",286,44138250,94.19
"fro",286,44138536,94.19
"gruesome",286,44138822,94.19
"jamaican",286,44139108,94.19
"kilometers",286,44139394,94.19
"marshmallow",286,44139680,94.19
"mutually",286,44139966,94.2
"onset",286,44140252,94.2
"raids",286,44140538,94.2
"sensibility",286,44140824,94.2
"sidney",286,44141110,94.2
"smoothies",286,44141396,94.2
"sprout",286,44141682,94.2
"squeezing",286,44141968,94.2
"susceptible",286,44142254,94.2
"benz",285,44142539,94.2
"caravan",285,44142824,94.2
"commentators",285,44143109,94.2
"councils",285,44143394,94.2
"dominion",285,44143679,94.2
"drinker",285,44143964,94.2
"emo",285,44144249,94.2
"fairs",285,44144534,94.21
"hydraulic",285,44144819,94.21
"identifies",285,44145104,94.21
"juggling",285,44145389,94.21
"lydia",285,44145674,94.21
"marian",285,44145959,94.21
"minivan",285,44146244,94.21
"nods",285,44146529,94.21
"noteworthy",285,44146814,94.21
"obsolete",285,44147099,94.21
"ow",285,44147384,94.21
"pow",285,44147669,94.21
"revel",285,44147954,94.21
"revolves",285,44148239,94.21
"sinks",285,44148524,94.21
"sloan",285,44148809,94.21
"straps",285,44149094,94.21
"subtly",285,44149379,94.22
"afro",284,44149663,94.22
"aristotle",284,44149947,94.22
"clifton",284,44150231,94.22
"defiance",284,44150515,94.22
"epiphany",284,44150799,94.22
"feasible",284,44151083,94.22
"greats",284,44151367,94.22
"hive",284,44151651,94.22
"hurricanes",284,44151935,94.22
"insults",284,44152219,94.22
"mimic",284,44152503,94.22
"mulch",284,44152787,94.22
"revoked",284,44153071,94.22
"roundup",284,44153355,94.22
"sacrificing",284,44153639,94.22
"sift",284,44153923,94.23
"speculative",284,44154207,94.23
"trojans",284,44154491,94.23
"unheard",284,44154775,94.23
"utilized",284,44155059,94.23
"watercolor",284,44155343,94.23
"woken",284,44155627,94.23
"assign",283,44155910,94.23
"banjo",283,44156193,94.23
"beet",283,44156476,94.23
"blouse",283,44156759,94.23
"browning",283,44157042,94.23
"confederate",283,44157325,94.23
"confessions",283,44157608,94.23
"correctional",283,44157891,94.23
"deb",283,44158174,94.23
"embark",283,44158457,94.23
"enticing",283,44158740,94.24
"ewing",283,44159023,94.24
"fedex",283,44159306,94.24
"imprint",283,44159589,94.24
"lends",283,44159872,94.24
"marianne",283,44160155,94.24
"motorola",283,44160438,94.24
"mustang",283,44160721,94.24
"pinpoint",283,44161004,94.24
"queries",283,44161287,94.24
"riff",283,44161570,94.24
"soho",283,44161853,94.24
"stockton",283,44162136,94.24
"sustaining",283,44162419,94.24
"teas",283,44162702,94.24
"vigorous",283,44162985,94.24
"vile",283,44163268,94.24
"wrenching",283,44163551,94.25
"burbank",282,44163833,94.25
"charters",282,44164115,94.25
"clears",282,44164397,94.25
"cornbread",282,44164679,94.25
"distorted",282,44164961,94.25
"earthly",282,44165243,94.25
"exits",282,44165525,94.25
"fundamentals",282,44165807,94.25
"higgins",282,44166089,94.25
"jails",282,44166371,94.25
"labeling",282,44166653,94.25
"liaison",282,44166935,94.25
"persuasive",282,44167217,94.25
"prettier",282,44167499,94.25
"qualifies",282,44167781,94.25
"rapture",282,44168063,94.26
"roofs",282,44168345,94.26
"royalties",282,44168627,94.26
"seminary",282,44168909,94.26
"shrugs",282,44169191,94.26
"soulful",282,44169473,94.26
"sweeps",282,44169755,94.26
"swords",282,44170037,94.26
"tack",282,44170319,94.26
"tending",282,44170601,94.26
"testifying",282,44170883,94.26
"transitional",282,44171165,94.26
"unveiling",282,44171447,94.26
"xi",282,44171729,94.26
"clarification",281,44172010,94.26
"cobra",281,44172291,94.26
"crows",281,44172572,94.26
"curfew",281,44172853,94.27
"dickinson",281,44173134,94.27
"doubted",281,44173415,94.27
"falsely",281,44173696,94.27
"gorge",281,44173977,94.27
"greener",281,44174258,94.27
"lodged",281,44174539,94.27
"manipulated",281,44174820,94.27
"mclaughlin",281,44175101,94.27
"mimi",281,44175382,94.27
"motivating",281,44175663,94.27
"nieces",281,44175944,94.27
"outlines",281,44176225,94.27
"pervasive",281,44176506,94.27
"promoters",281,44176787,94.27
"shrubs",281,44177068,94.27
"sourced",281,44177349,94.28
"spectator",281,44177630,94.28
"terminated",281,44177911,94.28
"vouchers",281,44178192,94.28
"atlas",280,44178472,94.28
"beep",280,44178752,94.28
"commemorate",280,44179032,94.28
"completes",280,44179312,94.28
"deserted",280,44179592,94.28
"hens",280,44179872,94.28
"jericho",280,44180152,94.28
"judgments",280,44180432,94.28
"lcd",280,44180712,94.28
"ligament",280,44180992,94.28
"mona",280,44181272,94.28
"oreo",280,44181552,94.28
"osborne",280,44181832,94.28
"overflowing",280,44182112,94.29
"regained",280,44182392,94.29
"seamless",280,44182672,94.29
"sleepless",280,44182952,94.29
"songwriters",280,44183232,94.29
"squat",280,44183512,94.29
"unconventional",280,44183792,94.29
"whitaker",280,44184072,94.29
"approves",279,44184351,94.29
"beneficiaries",279,44184630,94.29
"caldwell",279,44184909,94.29
"calgary",279,44185188,94.29
"campaigned",279,44185467,94.29
"caterpillar",279,44185746,94.29
"clemson",279,44186025,94.29
"craze",279,44186304,94.29
"cues",279,44186583,94.29
"elton",279,44186862,94.3
"hanger",279,44187141,94.3
"inspect",279,44187420,94.3
"nesting",279,44187699,94.3
"nipples",279,44187978,94.3
"percy",279,44188257,94.3
"prosper",279,44188536,94.3
"quincy",279,44188815,94.3
"rattled",279,44189094,94.3
"rebates",279,44189373,94.3
"revolving",279,44189652,94.3
"rotate",279,44189931,94.3
"rover",279,44190210,94.3
"scandals",279,44190489,94.3
"shimmer",279,44190768,94.3
"suppress",279,44191047,94.3
"veronica",279,44191326,94.3
"watershed",279,44191605,94.31
"abandoning",278,44191883,94.31
"afar",278,44192161,94.31
"armour",278,44192439,94.31
"autographed",278,44192717,94.31
"avalanche",278,44192995,94.31
"conquered",278,44193273,94.31
"craziest",278,44193551,94.31
"defeats",278,44193829,94.31
"ecstasy",278,44194107,94.31
"evoke",278,44194385,94.31
"folds",278,44194663,94.31
"gilmore",278,44194941,94.31
"hebrews",278,44195219,94.31
"hooking",278,44195497,94.31
"invariably",278,44195775,94.31
"leggings",278,44196053,94.31
"menacing",278,44196331,94.32
"nestled",278,44196609,94.32
"outsourcing",278,44196887,94.32
"panther",278,44197165,94.32
"prod",278,44197443,94.32
"pseudo",278,44197721,94.32
"punishing",278,44197999,94.32
"rae",278,44198277,94.32
"rifles",278,44198555,94.32
"rot",278,44198833,94.32
"sailed",278,44199111,94.32
"tightening",278,44199389,94.32
"turkeys",278,44199667,94.32
"adler",277,44199944,94.32
"bahrain",277,44200221,94.32
"clashes",277,44200498,94.32
"commanders",277,44200775,94.33
"dangling",277,44201052,94.33
"deferred",277,44201329,94.33
"documenting",277,44201606,94.33
"edmonton",277,44201883,94.33
"fermented",277,44202160,94.33
"fertile",277,44202437,94.33
"henson",277,44202714,94.33
"humiliation",277,44202991,94.33
"infinitely",277,44203268,94.33
"inherit",277,44203545,94.33
"kendrick",277,44203822,94.33
"leno",277,44204099,94.33
"missy",277,44204376,94.33
"painters",277,44204653,94.33
"parting",277,44204930,94.33
"peabody",277,44205207,94.33
"postage",277,44205484,94.34
"prompts",277,44205761,94.34
"realty",277,44206038,94.34
"reeling",277,44206315,94.34
"regency",277,44206592,94.34
"resonate",277,44206869,94.34
"rhetorical",277,44207146,94.34
"simpsons",277,44207423,94.34
"sneeze",277,44207700,94.34
"spills",277,44207977,94.34
"textured",277,44208254,94.34
"viruses",277,44208531,94.34
"visitation",277,44208808,94.34
"warms",277,44209085,94.34
"weep",277,44209362,94.34
"aberdeen",276,44209638,94.34
"allocated",276,44209914,94.34
"boer",276,44210190,94.35
"canoe",276,44210466,94.35
"casts",276,44210742,94.35
"doctorate",276,44211018,94.35
"fiasco",276,44211294,94.35
"grady",276,44211570,94.35
"gwen",276,44211846,94.35
"hopper",276,44212122,94.35
"hostel",276,44212398,94.35
"huron",276,44212674,94.35
"jagger",276,44212950,94.35
"kerr",276,44213226,94.35
"loosing",276,44213502,94.35
"mcbride",276,44213778,94.35
"monks",276,44214054,94.35
"nephews",276,44214330,94.35
"ominous",276,44214606,94.35
"prestige",276,44214882,94.36
"prominently",276,44215158,94.36
"quart",276,44215434,94.36
"sensor",276,44215710,94.36
"superficial",276,44215986,94.36
"sweetened",276,44216262,94.36
"tandem",276,44216538,94.36
"toffee",276,44216814,94.36
"uttered",276,44217090,94.36
"abyss",275,44217365,94.36
"barron",275,44217640,94.36
"bloc",275,44217915,94.36
"commentator",275,44218190,94.36
"commuting",275,44218465,94.36
"cornerstone",275,44218740,94.36
"databases",275,44219015,94.36
"disdain",275,44219290,94.36
"dispatcher",275,44219565,94.37
"dumbest",275,44219840,94.37
"dusting",275,44220115,94.37
"dynamite",275,44220390,94.37
"erickson",275,44220665,94.37
"flips",275,44220940,94.37
"friction",275,44221215,94.37
"insistence",275,44221490,94.37
"lapse",275,44221765,94.37
"linden",275,44222040,94.37
"loaves",275,44222315,94.37
"mugs",275,44222590,94.37
"nh",275,44222865,94.37
"oft",275,44223140,94.37
"plump",275,44223415,94.37
"puffy",275,44223690,94.37
"scoreboard",275,44223965,94.37
"showroom",275,44224240,94.38
"simplify",275,44224515,94.38
"terrence",275,44224790,94.38
"tolerated",275,44225065,94.38
"valet",275,44225340,94.38
"williamson",275,44225615,94.38
"zipper",275,44225890,94.38
"amazes",274,44226164,94.38
"bender",274,44226438,94.38
"creeps",274,44226712,94.38
"dams",274,44226986,94.38
"germs",274,44227260,94.38
"homered",274,44227534,94.38
"hygiene",274,44227808,94.38
"idols",274,44228082,94.38
"initiate",274,44228356,94.38
"mgm",274,44228630,94.38
"moderately",274,44228904,94.39
"optimal",274,44229178,94.39
"piling",274,44229452,94.39
"resilience",274,44229726,94.39
"settlers",274,44230000,94.39
"slows",274,44230274,94.39
"tribunal",274,44230548,94.39
"triggers",274,44230822,94.39
"tumbled",274,44231096,94.39
"twenties",274,44231370,94.39
"uncles",274,44231644,94.39
"unsettling",274,44231918,94.39
"valuation",274,44232192,94.39
"wrecking",274,44232466,94.39
"xl",274,44232740,94.39
"alligator",273,44233013,94.39
"baghdad",273,44233286,94.39
"buffs",273,44233559,94.39
"cabins",273,44233832,94.4
"darrell",273,44234105,94.4
"debuts",273,44234378,94.4
"fiddle",273,44234651,94.4
"fliers",273,44234924,94.4
"fracture",273,44235197,94.4
"harriet",273,44235470,94.4
"howdy",273,44235743,94.4
"humming",273,44236016,94.4
"incompetent",273,44236289,94.4
"interviewer",273,44236562,94.4
"loopholes",273,44236835,94.4
"lyon",273,44237108,94.4
"marquee",273,44237381,94.4
"morales",273,44237654,94.4
"preceding",273,44237927,94.4
"retaliation",273,44238200,94.4
"romero",273,44238473,94.41
"sampler",273,44238746,94.41
"snippets",273,44239019,94.41
"spokane",273,44239292,94.41
"superstars",273,44239565,94.41
"transmitted",273,44239838,94.41
"veal",273,44240111,94.41
"admiral",272,44240383,94.41
"ailing",272,44240655,94.41
"alarmed",272,44240927,94.41
"anxiously",272,44241199,94.41
"bard",272,44241471,94.41
"brisket",272,44241743,94.41
"bruise",272,44242015,94.41
"dwayne",272,44242287,94.41
"echoing",272,44242559,94.41
"fin",272,44242831,94.41
"flowed",272,44243103,94.42
"flung",272,44243375,94.42
"grille",272,44243647,94.42
"heirloom",272,44243919,94.42
"hula",272,44244191,94.42
"kia",272,44244463,94.42
"luscious",272,44244735,94.42
"mali",272,44245007,94.42
"melancholy",272,44245279,94.42
"nonpartisan",272,44245551,94.42
"puppets",272,44245823,94.42
"serbia",272,44246095,94.42
"shenanigans",272,44246367,94.42
"shortcomings",272,44246639,94.42
"sliders",272,44246911,94.42
"stature",272,44247183,94.42
"surged",272,44247455,94.42
"survives",272,44247727,94.43
"tracey",272,44247999,94.43
"tweaked",272,44248271,94.43
"volkswagen",272,44248543,94.43
"waivers",272,44248815,94.43
"aisles",271,44249086,94.43
"amounted",271,44249357,94.43
"atrocities",271,44249628,94.43
"attacker",271,44249899,94.43
"attain",271,44250170,94.43
"autonomy",271,44250441,94.43
"beauties",271,44250712,94.43
"begs",271,44250983,94.43
"celebratory",271,44251254,94.43
"diversion",271,44251525,94.43
"fodder",271,44251796,94.43
"guise",271,44252067,94.43
"hungover",271,44252338,94.44
"impoverished",271,44252609,94.44
"lexus",271,44252880,94.44
"lima",271,44253151,94.44
"manifesto",271,44253422,94.44
"mingle",271,44253693,94.44
"nurturing",271,44253964,94.44
"passionately",271,44254235,94.44
"pediatrician",271,44254506,94.44
"prowess",271,44254777,94.44
"racially",271,44255048,94.44
"radically",271,44255319,94.44
"resilient",271,44255590,94.44
"responsibly",271,44255861,94.44
"restrictive",271,44256132,94.44
"scallop",271,44256403,94.44
"sheffield",271,44256674,94.44
"shortages",271,44256945,94.44
"storefront",271,44257216,94.45
"succeeding",271,44257487,94.45
"superintendents",271,44257758,94.45
"suspicions",271,44258029,94.45
"templates",271,44258300,94.45
"toothpaste",271,44258571,94.45
"acquaintances",270,44258841,94.45
"aromatic",270,44259111,94.45
"avalon",270,44259381,94.45
"barnett",270,44259651,94.45
"bloomfield",270,44259921,94.45
"bolts",270,44260191,94.45
"caption",270,44260461,94.45
"cassette",270,44260731,94.45
"concluding",270,44261001,94.45
"critters",270,44261271,94.45
"drenched",270,44261541,94.45
"dupont",270,44261811,94.46
"eaters",270,44262081,94.46
"fingertips",270,44262351,94.46
"gerry",270,44262621,94.46
"hallelujah",270,44262891,94.46
"helper",270,44263161,94.46
"hemp",270,44263431,94.46
"hilary",270,44263701,94.46
"jacks",270,44263971,94.46
"paychecks",270,44264241,94.46
"powerless",270,44264511,94.46
"puzzled",270,44264781,94.46
"revamped",270,44265051,94.46
"scones",270,44265321,94.46
"setbacks",270,44265591,94.46
"showered",270,44265861,94.46
"smacked",270,44266131,94.46
"spins",270,44266401,94.47
"stockings",270,44266671,94.47
"suicides",270,44266941,94.47
"summoned",270,44267211,94.47
"tripled",270,44267481,94.47
"wills",270,44267751,94.47
"boldly",269,44268020,94.47
"broadcasts",269,44268289,94.47
"cabaret",269,44268558,94.47
"chaired",269,44268827,94.47
"clapping",269,44269096,94.47
"conceal",269,44269365,94.47
"decadent",269,44269634,94.47
"defunct",269,44269903,94.47
"factions",269,44270172,94.47
"ftc",269,44270441,94.47
"glimmer",269,44270710,94.47
"indexes",269,44270979,94.47
"infusion",269,44271248,94.48
"keepers",269,44271517,94.48
"locke",269,44271786,94.48
"massages",269,44272055,94.48
"medalist",269,44272324,94.48
"nay",269,44272593,94.48
"paranoia",269,44272862,94.48
"parisian",269,44273131,94.48
"philanthropy",269,44273400,94.48
"preserves",269,44273669,94.48
"respecting",269,44273938,94.48
"safest",269,44274207,94.48
"saturn",269,44274476,94.48
"sinus",269,44274745,94.48
"skim",269,44275014,94.48
"snarky",269,44275283,94.48
"sophistication",269,44275552,94.48
"swipe",269,44275821,94.49
"tacoma",269,44276090,94.49
"therapists",269,44276359,94.49
"unbearable",269,44276628,94.49
"validation",269,44276897,94.49
"whistles",269,44277166,94.49
"worldly",269,44277435,94.49
"bigotry",268,44277703,94.49
"boxed",268,44277971,94.49
"bravery",268,44278239,94.49
"carefree",268,44278507,94.49
"cheerleader",268,44278775,94.49
"closets",268,44279043,94.49
"concede",268,44279311,94.49
"departing",268,44279579,94.49
"duel",268,44279847,94.49
"expresses",268,44280115,94.49
"geometry",268,44280383,94.49
"gloom",268,44280651,94.5
"harvesting",268,44280919,94.5
"hashtags",268,44281187,94.5
"heartland",268,44281455,94.5
"jamal",268,44281723,94.5
"joanna",268,44281991,94.5
"mamas",268,44282259,94.5
"musically",268,44282527,94.5
"negatively",268,44282795,94.5
"opting",268,44283063,94.5
"orchestrated",268,44283331,94.5
"orphans",268,44283599,94.5
"positives",268,44283867,94.5
"raisin",268,44284135,94.5
"refrigerated",268,44284403,94.5
"seasonally",268,44284671,94.5
"sensors",268,44284939,94.5
"slamming",268,44285207,94.51
"spraying",268,44285475,94.51
"steroid",268,44285743,94.51
"thickness",268,44286011,94.51
"adorned",267,44286278,94.51
"arenas",267,44286545,94.51
"aura",267,44286812,94.51
"boating",267,44287079,94.51
"collaborating",267,44287346,94.51
"dork",267,44287613,94.51
"elm",267,44287880,94.51
"factual",267,44288147,94.51
"fingerprints",267,44288414,94.51
"frantically",267,44288681,94.51
"hex",267,44288948,94.51
"hungary",267,44289215,94.51
"knowingly",267,44289482,94.51
"login",267,44289749,94.51
"piracy",267,44290016,94.52
"pita",267,44290283,94.52
"retiree",267,44290550,94.52
"rubble",267,44290817,94.52
"societal",267,44291084,94.52
"stimulating",267,44291351,94.52
"straighten",267,44291618,94.52
"strategically",267,44291885,94.52
"teeny",267,44292152,94.52
"unfolds",267,44292419,94.52
"vladimir",267,44292686,94.52
"yearning",267,44292953,94.52
"ahmad",266,44293219,94.52
"alberto",266,44293485,94.52
"appalled",266,44293751,94.52
"bubbling",266,44294017,94.52
"bumpy",266,44294283,94.52
"coincidentally",266,44294549,94.53
"competitiveness",266,44294815,94.53
"crepes",266,44295081,94.53
"detainees",266,44295347,94.53
"duane",266,44295613,94.53
"extremists",266,44295879,94.53
"fertilizer",266,44296145,94.53
"flo",266,44296411,94.53
"furnace",266,44296677,94.53
"gladys",266,44296943,94.53
"goodwin",266,44297209,94.53
"leaps",266,44297475,94.53
"macro",266,44297741,94.53
"malone",266,44298007,94.53
"namesake",266,44298273,94.53
"nutritious",266,44298539,94.53
"overcast",266,44298805,94.53
"pesky",266,44299071,94.53
"respiratory",266,44299337,94.54
"shopped",266,44299603,94.54
"stormed",266,44299869,94.54
"surrounds",266,44300135,94.54
"watkins",266,44300401,94.54
"widening",266,44300667,94.54
"zachary",266,44300933,94.54
"afforded",265,44301198,94.54
"aries",265,44301463,94.54
"balm",265,44301728,94.54
"bloated",265,44301993,94.54
"bot",265,44302258,94.54
"butternut",265,44302523,94.54
"caregiver",265,44302788,94.54
"ceased",265,44303053,94.54
"chords",265,44303318,94.54
"curd",265,44303583,94.54
"dared",265,44303848,94.54
"deported",265,44304113,94.55
"dicks",265,44304378,94.55
"diplomacy",265,44304643,94.55
"disorderly",265,44304908,94.55
"downed",265,44305173,94.55
"elise",265,44305438,94.55
"entice",265,44305703,94.55
"ethnicity",265,44305968,94.55
"fascist",265,44306233,94.55
"foes",265,44306498,94.55
"folsom",265,44306763,94.55
"indirect",265,44307028,94.55
"jeanne",265,44307293,94.55
"kiddo",265,44307558,94.55
"lionel",265,44307823,94.55
"murky",265,44308088,94.55
"raided",265,44308353,94.55
"realistically",265,44308618,94.56
"sequels",265,44308883,94.56
"shaft",265,44309148,94.56
"spruce",265,44309413,94.56
"sugary",265,44309678,94.56
"tentatively",265,44309943,94.56
"thermometer",265,44310208,94.56
"ti",265,44310473,94.56
"touting",265,44310738,94.56
"turbines",265,44311003,94.56
"vase",265,44311268,94.56
"washes",265,44311533,94.56
"barge",264,44311797,94.56
"canopy",264,44312061,94.56
"capsule",264,44312325,94.56
"corvallis",264,44312589,94.56
"crawled",264,44312853,94.56
"digestive",264,44313117,94.56
"dover",264,44313381,94.57
"episcopal",264,44313645,94.57
"garments",264,44313909,94.57
"humbling",264,44314173,94.57
"indications",264,44314437,94.57
"indirectly",264,44314701,94.57
"leased",264,44314965,94.57
"limbo",264,44315229,94.57
"lizard",264,44315493,94.57
"lois",264,44315757,94.57
"manifestation",264,44316021,94.57
"mowing",264,44316285,94.57
"neva",264,44316549,94.57
"nighttime",264,44316813,94.57
"phenomena",264,44317077,94.57
"plumber",264,44317341,94.57
"practitioner",264,44317605,94.57
"procession",264,44317869,94.57
"rockefeller",264,44318133,94.58
"sabotage",264,44318397,94.58
"smokes",264,44318661,94.58
"snoop",264,44318925,94.58
"somalia",264,44319189,94.58
"splits",264,44319453,94.58
"squid",264,44319717,94.58
"stripping",264,44319981,94.58
"tatum",264,44320245,94.58
"umpire",264,44320509,94.58
"wynn",264,44320773,94.58
"activate",263,44321036,94.58
"archer",263,44321299,94.58
"defy",263,44321562,94.58
"drainage",263,44321825,94.58
"feud",263,44322088,94.58
"hendricks",263,44322351,94.58
"janice",263,44322614,94.59
"milestones",263,44322877,94.59
"montage",263,44323140,94.59
"monty",263,44323403,94.59
"moonlight",263,44323666,94.59
"peruvian",263,44323929,94.59
"pesticides",263,44324192,94.59
"pip",263,44324455,94.59
"polk",263,44324718,94.59
"raft",263,44324981,94.59
"ri",263,44325244,94.59
"rumored",263,44325507,94.59
"shedding",263,44325770,94.59
"smoother",263,44326033,94.59
"swoon",263,44326296,94.59
"tyranny",263,44326559,94.59
"vomiting",263,44326822,94.59
"wok",263,44327085,94.59
"wv",263,44327348,94.6
"yorkshire",263,44327611,94.6
"youngstown",263,44327874,94.6
"zimbabwe",263,44328137,94.6
"astronaut",262,44328399,94.6
"cautiously",262,44328661,94.6
"civilized",262,44328923,94.6
"commence",262,44329185,94.6
"confirming",262,44329447,94.6
"delve",262,44329709,94.6
"filet",262,44329971,94.6
"filtered",262,44330233,94.6
"homegrown",262,44330495,94.6
"horseback",262,44330757,94.6
"hurtful",262,44331019,94.6
"incarnation",262,44331281,94.6
"meringue",262,44331543,94.6
"overflow",262,44331805,94.6
"pinning",262,44332067,94.61
"plethora",262,44332329,94.61
"porcelain",262,44332591,94.61
"pragmatic",262,44332853,94.61
"progresses",262,44333115,94.61
"reef",262,44333377,94.61
"retains",262,44333639,94.61
"rounding",262,44333901,94.61
"slain",262,44334163,94.61
"startled",262,44334425,94.61
"stephens",262,44334687,94.61
"supplying",262,44334949,94.61
"thatcher",262,44335211,94.61
"willard",262,44335473,94.61
"arson",261,44335734,94.61
"awakened",261,44335995,94.61
"boris",261,44336256,94.61
"canning",261,44336517,94.61
"depicts",261,44336778,94.62
"fey",261,44337039,94.62
"flattered",261,44337300,94.62
"fraser",261,44337561,94.62
"getty",261,44337822,94.62
"grueling",261,44338083,94.62
"incumbents",261,44338344,94.62
"jointly",261,44338605,94.62
"lentils",261,44338866,94.62
"mayan",261,44339127,94.62
"mop",261,44339388,94.62
"penchant",261,44339649,94.62
"scarred",261,44339910,94.62
"schooled",261,44340171,94.62
"sparrow",261,44340432,94.62
"spawned",261,44340693,94.62
"stomp",261,44340954,94.62
"trusty",261,44341215,94.62
"verification",261,44341476,94.63
"watery",261,44341737,94.63
"wellington",261,44341998,94.63
"yogi",261,44342259,94.63
"accessed",260,44342519,94.63
"annoys",260,44342779,94.63
"atheists",260,44343039,94.63
"berger",260,44343299,94.63
"cary",260,44343559,94.63
"cerebral",260,44343819,94.63
"charisma",260,44344079,94.63
"conflicted",260,44344339,94.63
"connectivity",260,44344599,94.63
"constellation",260,44344859,94.63
"continuation",260,44345119,94.63
"employing",260,44345379,94.63
"encyclopedia",260,44345639,94.63
"enthusiastically",260,44345899,94.63
"evidenced",260,44346159,94.64
"flaming",260,44346419,94.64
"graciously",260,44346679,94.64
"hartford",260,44346939,94.64
"holistic",260,44347199,94.64
"hunted",260,44347459,94.64
"ia",260,44347719,94.64
"innate",260,44347979,94.64
"jumpers",260,44348239,94.64
"neglecting",260,44348499,94.64
"notoriously",260,44348759,94.64
"pepperoni",260,44349019,94.64
"perth",260,44349279,94.64
"printers",260,44349539,94.64
"reconnect",260,44349799,94.64
"satire",260,44350059,94.64
"snatched",260,44350319,94.64
"soto",260,44350579,94.64
"swarm",260,44350839,94.65
"techno",260,44351099,94.65
"tots",260,44351359,94.65
"tread",260,44351619,94.65
"trickle",260,44351879,94.65
"trophies",260,44352139,94.65
"understated",260,44352399,94.65
"verde",260,44352659,94.65
"withheld",260,44352919,94.65
"wolfgang",260,44353179,94.65
"alpine",259,44353438,94.65
"anew",259,44353697,94.65
"apron",259,44353956,94.65
"assembling",259,44354215,94.65
"behaving",259,44354474,94.65
"bethany",259,44354733,94.65
"bombed",259,44354992,94.65
"buick",259,44355251,94.65
"captivating",259,44355510,94.66
"cara",259,44355769,94.66
"cheery",259,44356028,94.66
"dissent",259,44356287,94.66
"drooling",259,44356546,94.66
"dusted",259,44356805,94.66
"forgets",259,44357064,94.66
"hem",259,44357323,94.66
"jillian",259,44357582,94.66
"kingston",259,44357841,94.66
"lash",259,44358100,94.66
"loosen",259,44358359,94.66
"magistrate",259,44358618,94.66
"meatloaf",259,44358877,94.66
"possesses",259,44359136,94.66
"pretentious",259,44359395,94.66
"proficient",259,44359654,94.66
"radius",259,44359913,94.66
"redundant",259,44360172,94.67
"repairing",259,44360431,94.67
"revered",259,44360690,94.67
"robbers",259,44360949,94.67
"rowing",259,44361208,94.67
"sacked",259,44361467,94.67
"slaw",259,44361726,94.67
"unauthorized",259,44361985,94.67
"variables",259,44362244,94.67
"vicinity",259,44362503,94.67
"wrongly",259,44362762,94.67
"yolks",259,44363021,94.67
"acquitted",258,44363279,94.67
"adhesive",258,44363537,94.67
"bowed",258,44363795,94.67
"butch",258,44364053,94.67
"chap",258,44364311,94.67
"defects",258,44364569,94.67
"delaying",258,44364827,94.68
"facade",258,44365085,94.68
"fling",258,44365343,94.68
"flowering",258,44365601,94.68
"freezes",258,44365859,94.68
"freshness",258,44366117,94.68
"frosty",258,44366375,94.68
"fuse",258,44366633,94.68
"hallways",258,44366891,94.68
"inflammatory",258,44367149,94.68
"littered",258,44367407,94.68
"lunar",258,44367665,94.68
"mai",258,44367923,94.68
"milky",258,44368181,94.68
"miner",258,44368439,94.68
"module",258,44368697,94.68
"mushy",258,44368955,94.68
"narcotics",258,44369213,94.68
"nit",258,44369471,94.69
"occupants",258,44369729,94.69
"olivier",258,44369987,94.69
"ordained",258,44370245,94.69
"oregonians",258,44370503,94.69
"overboard",258,44370761,94.69
"pledges",258,44371019,94.69
"possessing",258,44371277,94.69
"progressing",258,44371535,94.69
"saffron",258,44371793,94.69
"sexiest",258,44372051,94.69
"sitter",258,44372309,94.69
"stump",258,44372567,94.69
"supplemental",258,44372825,94.69
"toxins",258,44373083,94.69
"trespassing",258,44373341,94.69
"accuses",257,44373598,94.69
"ada",257,44373855,94.69
"blinds",257,44374112,94.69
"che",257,44374369,94.7
"claudia",257,44374626,94.7
"communists",257,44374883,94.7
"creatively",257,44375140,94.7
"crickets",257,44375397,94.7
"curved",257,44375654,94.7
"demographics",257,44375911,94.7
"dysfunction",257,44376168,94.7
"embraces",257,44376425,94.7
"flores",257,44376682,94.7
"grooming",257,44376939,94.7
"heals",257,44377196,94.7
"ko",257,44377453,94.7
"leisurely",257,44377710,94.7
"lifestyles",257,44377967,94.7
"makeshift",257,44378224,94.7
"mend",257,44378481,94.7
"napkins",257,44378738,94.7
"nudge",257,44378995,94.71
"pretended",257,44379252,94.71
"recruiter",257,44379509,94.71
"refill",257,44379766,94.71
"solace",257,44380023,94.71
"stoke",257,44380280,94.71
"tehran",257,44380537,94.71
"tenderloin",257,44380794,94.71
"translator",257,44381051,94.71
"unnatural",257,44381308,94.71
"upton",257,44381565,94.71
"utilizing",257,44381822,94.71
"veterinarian",257,44382079,94.71
"aces",256,44382335,94.71
"arden",256,44382591,94.71
"atkinson",256,44382847,94.71
"augustine",256,44383103,94.71
"bailed",256,44383359,94.71
"blasts",256,44383615,94.72
"bottling",256,44383871,94.72
"caitlin",256,44384127,94.72
"carole",256,44384383,94.72
"colonies",256,44384639,94.72
"contradiction",256,44384895,94.72
"contrasting",256,44385151,94.72
"depiction",256,44385407,94.72
"exceeding",256,44385663,94.72
"exclamation",256,44385919,94.72
"expiration",256,44386175,94.72
"fashions",256,44386431,94.72
"goaltender",256,44386687,94.72
"grub",256,44386943,94.72
"heady",256,44387199,94.72
"homepage",256,44387455,94.72
"horsepower",256,44387711,94.72
"huddle",256,44387967,94.72
"martinis",256,44388223,94.73
"mildred",256,44388479,94.73
"minimalist",256,44388735,94.73
"movers",256,44388991,94.73
"occupying",256,44389247,94.73
"polly",256,44389503,94.73
"proverbial",256,44389759,94.73
"rumble",256,44390015,94.73
"sincerity",256,44390271,94.73
"sinners",256,44390527,94.73
"unprepared",256,44390783,94.73
"aerospace",255,44391038,94.73
"alexandra",255,44391293,94.73
"attendants",255,44391548,94.73
"blinded",255,44391803,94.73
"chandelier",255,44392058,94.73
"condemnation",255,44392313,94.73
"disrupted",255,44392568,94.73
"elmo",255,44392823,94.73
"excursion",255,44393078,94.74
"executing",255,44393333,94.74
"giraffe",255,44393588,94.74
"graded",255,44393843,94.74
"gutted",255,44394098,94.74
"hostility",255,44394353,94.74
"indifference",255,44394608,94.74
"kfc",255,44394863,94.74
"legitimately",255,44395118,94.74
"leukemia",255,44395373,94.74
"marxist",255,44395628,94.74
"messes",255,44395883,94.74
"peril",255,44396138,94.74
"relentlessly",255,44396393,94.74
"richly",255,44396648,94.74
"rugs",255,44396903,94.74
"seinfeld",255,44397158,94.74
"snoring",255,44397413,94.74
"stabilize",255,44397668,94.75
"starch",255,44397923,94.75
"stemmed",255,44398178,94.75
"strands",255,44398433,94.75
"subtitles",255,44398688,94.75
"thinker",255,44398943,94.75
"trustworthy",255,44399198,94.75
"wholesome",255,44399453,94.75
"adamant",254,44399707,94.75
"alternating",254,44399961,94.75
"apes",254,44400215,94.75
"blames",254,44400469,94.75
"burdens",254,44400723,94.75
"chives",254,44400977,94.75
"clement",254,44401231,94.75
"comb",254,44401485,94.75
"conservatory",254,44401739,94.75
"elves",254,44401993,94.75
"emphasizes",254,44402247,94.75
"exclaimed",254,44402501,94.76
"fleece",254,44402755,94.76
"fussy",254,44403009,94.76
"gooey",254,44403263,94.76
"helena",254,44403517,94.76
"housewife",254,44403771,94.76
"hymn",254,44404025,94.76
"insulation",254,44404279,94.76
"manila",254,44404533,94.76
"nationalist",254,44404787,94.76
"pest",254,44405041,94.76
"pfizer",254,44405295,94.76
"plaster",254,44405549,94.76
"rounder",254,44405803,94.76
"showcased",254,44406057,94.76
"symptom",254,44406311,94.76
"twentieth",254,44406565,94.76
"whiff",254,44406819,94.76
"angered",253,44407072,94.77
"arresting",253,44407325,94.77
"avoids",253,44407578,94.77
"belfast",253,44407831,94.77
"cannes",253,44408084,94.77
"crease",253,44408337,94.77
"dormant",253,44408590,94.77
"dwarf",253,44408843,94.77
"effortlessly",253,44409096,94.77
"footprints",253,44409349,94.77
"handler",253,44409602,94.77
"hauled",253,44409855,94.77
"hemisphere",253,44410108,94.77
"implication",253,44410361,94.77
"merlot",253,44410614,94.77
"nuanced",253,44410867,94.77
"pharmacies",253,44411120,94.77
"prague",253,44411373,94.77
"prevailing",253,44411626,94.77
"profitability",253,44411879,94.78
"publicist",253,44412132,94.78
"pups",253,44412385,94.78
"quieter",253,44412638,94.78
"regiment",253,44412891,94.78
"restriction",253,44413144,94.78
"seizures",253,44413397,94.78
"sharia",253,44413650,94.78
"staffer",253,44413903,94.78
"suede",253,44414156,94.78
"tolerant",253,44414409,94.78
"trajectory",253,44414662,94.78
"unthinkable",253,44414915,94.78
"wan",253,44415168,94.78
"wolverines",253,44415421,94.78
"woof",253,44415674,94.78
"abnormal",252,44415926,94.78
"allege",252,44416178,94.78
"ambassadors",252,44416430,94.79
"auditioning",252,44416682,94.79
"bearded",252,44416934,94.79
"buckley",252,44417186,94.79
"bureaucratic",252,44417438,94.79
"cecil",252,44417690,94.79
"clerks",252,44417942,94.79
"collapsing",252,44418194,94.79
"crippled",252,44418446,94.79
"detector",252,44418698,94.79
"dismay",252,44418950,94.79
"expressive",252,44419202,94.79
"foreclosed",252,44419454,94.79
"hanks",252,44419706,94.79
"hastings",252,44419958,94.79
"illuminated",252,44420210,94.79
"indifferent",252,44420462,94.79
"initials",252,44420714,94.79
"intolerance",252,44420966,94.79
"israelis",252,44421218,94.8
"mays",252,44421470,94.8
"norms",252,44421722,94.8
"outset",252,44421974,94.8
"persist",252,44422226,94.8
"pilgrim",252,44422478,94.8
"reread",252,44422730,94.8
"ricardo",252,44422982,94.8
"robyn",252,44423234,94.8
"screwing",252,44423486,94.8
"slicing",252,44423738,94.8
"strung",252,44423990,94.8
"surfers",252,44424242,94.8
"tba",252,44424494,94.8
"walkway",252,44424746,94.8
"warp",252,44424998,94.8
"wrought",252,44425250,94.8
"aesthetics",251,44425501,94.8
"attentive",251,44425752,94.81
"boozer",251,44426003,94.81
"budweiser",251,44426254,94.81
"calmed",251,44426505,94.81
"cesar",251,44426756,94.81
"coasters",251,44427007,94.81
"confetti",251,44427258,94.81
"cradle",251,44427509,94.81
"currents",251,44427760,94.81
"discus",251,44428011,94.81
"evolutionary",251,44428262,94.81
"flicks",251,44428513,94.81
"flourishes",251,44428764,94.81
"hazy",251,44429015,94.81
"hewitt",251,44429266,94.81
"injuring",251,44429517,94.81
"meyers",251,44429768,94.81
"outlining",251,44430019,94.81
"propelled",251,44430270,94.81
"rainfall",251,44430521,94.82
"remorse",251,44430772,94.82
"statistically",251,44431023,94.82
"steward",251,44431274,94.82
"stockholm",251,44431525,94.82
"surfer",251,44431776,94.82
"tagging",251,44432027,94.82
"tuxedo",251,44432278,94.82
"vividly",251,44432529,94.82
"yearbook",251,44432780,94.82
"amelia",250,44433030,94.82
"berkshire",250,44433280,94.82
"cantor",250,44433530,94.82
"cisco",250,44433780,94.82
"creams",250,44434030,94.82
"devastation",250,44434280,94.82
"embroidered",250,44434530,94.82
"everlasting",250,44434780,94.82
"famine",250,44435030,94.82
"hippies",250,44435280,94.83
"hussein",250,44435530,94.83
"impeccable",250,44435780,94.83
"jerks",250,44436030,94.83
"keyword",250,44436280,94.83
"leans",250,44436530,94.83
"leveled",250,44436780,94.83
"libyan",250,44437030,94.83
"loathe",250,44437280,94.83
"marquis",250,44437530,94.83
"mcconnell",250,44437780,94.83
"midwestern",250,44438030,94.83
"mumbai",250,44438280,94.83
"oriental",250,44438530,94.83
"paprika",250,44438780,94.83
"parted",250,44439030,94.83
"patties",250,44439280,94.83
"prominence",250,44439530,94.83
"puddle",250,44439780,94.84
"regimen",250,44440030,94.84
"reliant",250,44440280,94.84
"reproduce",250,44440530,94.84
"reusable",250,44440780,94.84
"riveting",250,44441030,94.84
"selfless",250,44441280,94.84
"shucks",250,44441530,94.84
"shuts",250,44441780,94.84
"siege",250,44442030,94.84
"slang",250,44442280,94.84
"snooze",250,44442530,94.84
"sociology",250,44442780,94.84
"unveil",250,44443030,94.84
"visualize",250,44443280,94.84
"weds",250,44443530,94.84
"airborne",249,44443779,94.84
"bras",249,44444028,94.84
"brie",249,44444277,94.84
"brits",249,44444526,94.85
"clout",249,44444775,94.85
"converse",249,44445024,94.85
"cosby",249,44445273,94.85
"cramps",249,44445522,94.85
"dalai",249,44445771,94.85
"denis",249,44446020,94.85
"doggy",249,44446269,94.85
"dungeon",249,44446518,94.85
"exhilarating",249,44446767,94.85
"ghana",249,44447016,94.85
"integrating",249,44447265,94.85
"jermaine",249,44447514,94.85
"jinx",249,44447763,94.85
"nguyen",249,44448012,94.85
"nodding",249,44448261,94.85
"racking",249,44448510,94.85
"riddle",249,44448759,94.85
"ryder",249,44449008,94.85
"solos",249,44449257,94.86
"termination",249,44449506,94.86
"unspecified",249,44449755,94.86
"wooded",249,44450004,94.86
"wreckage",249,44450253,94.86
"affirmation",248,44450501,94.86
"anarchy",248,44450749,94.86
"angus",248,44450997,94.86
"appraisal",248,44451245,94.86
"arteries",248,44451493,94.86
"bluetooth",248,44451741,94.86
"buyout",248,44451989,94.86
"camaraderie",248,44452237,94.86
"cambodia",248,44452485,94.86
"cassie",248,44452733,94.86
"classification",248,44452981,94.86
"clifford",248,44453229,94.86
"correcting",248,44453477,94.86
"erected",248,44453725,94.86
"exercised",248,44453973,94.87
"exiting",248,44454221,94.87
"feisty",248,44454469,94.87
"fondly",248,44454717,94.87
"heartless",248,44454965,94.87
"hector",248,44455213,94.87
"icelandic",248,44455461,94.87
"installations",248,44455709,94.87
"intersections",248,44455957,94.87
"leafy",248,44456205,94.87
"marches",248,44456453,94.87
"moreno",248,44456701,94.87
"nigel",248,44456949,94.87
"originality",248,44457197,94.87
"regal",248,44457445,94.87
"reliability",248,44457693,94.87
"sighed",248,44457941,94.87
"spaced",248,44458189,94.87
"spanking",248,44458437,94.87
"striker",248,44458685,94.88
"undergrad",248,44458933,94.88
"understandably",248,44459181,94.88
"uv",248,44459429,94.88
"weaken",248,44459677,94.88
"afghans",247,44459924,94.88
"attest",247,44460171,94.88
"carnage",247,44460418,94.88
"chowder",247,44460665,94.88
"convertible",247,44460912,94.88
"cultivate",247,44461159,94.88
"diabetic",247,44461406,94.88
"divert",247,44461653,94.88
"drool",247,44461900,94.88
"exclusion",247,44462147,94.88
"exxon",247,44462394,94.88
"fanatic",247,44462641,94.88
"fermentation",247,44462888,94.88
"flashlight",247,44463135,94.88
"genetics",247,44463382,94.89
"geoffrey",247,44463629,94.89
"gpa",247,44463876,94.89
"ignited",247,44464123,94.89
"imprisonment",247,44464370,94.89
"incarceration",247,44464617,94.89
"jacked",247,44464864,94.89
"kin",247,44465111,94.89
"mcmahon",247,44465358,94.89
"merging",247,44465605,94.89
"mocked",247,44465852,94.89
"modification",247,44466099,94.89
"monologue",247,44466346,94.89
"narration",247,44466593,94.89
"nu",247,44466840,94.89
"nutshell",247,44467087,94.89
"occupancy",247,44467334,94.89
"pawn",247,44467581,94.89
"pillars",247,44467828,94.89
"refinance",247,44468075,94.9
"ridicule",247,44468322,94.9
"shopper",247,44468569,94.9
"strait",247,44468816,94.9
"susie",247,44469063,94.9
"systematic",247,44469310,94.9
"territories",247,44469557,94.9
"candid",246,44469803,94.9
"embarrass",246,44470049,94.9
"firsthand",246,44470295,94.9
"gated",246,44470541,94.9
"gd",246,44470787,94.9
"gosling",246,44471033,94.9
"guarding",246,44471279,94.9
"hacker",246,44471525,94.9
"haitian",246,44471771,94.9
"handbook",246,44472017,94.9
"larceny",246,44472263,94.9
"mediocrity",246,44472509,94.9
"morocco",246,44472755,94.91
"nile",246,44473001,94.91
"notwithstanding",246,44473247,94.91
"parsons",246,44473493,94.91
"polled",246,44473739,94.91
"protector",246,44473985,94.91
"racketeering",246,44474231,94.91
"saddest",246,44474477,94.91
"scrapped",246,44474723,94.91
"scrapping",246,44474969,94.91
"scrappy",246,44475215,94.91
"seismic",246,44475461,94.91
"sighs",246,44475707,94.91
"simone",246,44475953,94.91
"sling",246,44476199,94.91
"splurge",246,44476445,94.91
"stokes",246,44476691,94.91
"submarine",246,44476937,94.91
"tinker",246,44477183,94.91
"tumbling",246,44477429,94.92
"unfolded",246,44477675,94.92
"vantage",246,44477921,94.92
"bonfire",245,44478166,94.92
"bordeaux",245,44478411,94.92
"claws",245,44478656,94.92
"clusters",245,44478901,94.92
"cologne",245,44479146,94.92
"commercially",245,44479391,94.92
"commonplace",245,44479636,94.92
"counterfeit",245,44479881,94.92
"crock",245,44480126,94.92
"dishonest",245,44480371,94.92
"ecology",245,44480616,94.92
"examines",245,44480861,94.92
"fret",245,44481106,94.92
"frosted",245,44481351,94.92
"greased",245,44481596,94.92
"harassed",245,44481841,94.92
"mead",245,44482086,94.93
"methodology",245,44482331,94.93
"moth",245,44482576,94.93
"nemesis",245,44482821,94.93
"paradox",245,44483066,94.93
"pasture",245,44483311,94.93
"paving",245,44483556,94.93
"pu",245,44483801,94.93
"punctuated",245,44484046,94.93
"reimbursement",245,44484291,94.93
"sabrina",245,44484536,94.93
"sensual",245,44484781,94.93
"snowflakes",245,44485026,94.93
"stamina",245,44485271,94.93
"synonymous",245,44485516,94.93
"takeout",245,44485761,94.93
"tickle",245,44486006,94.93
"torso",245,44486251,94.93
"vandalism",245,44486496,94.93
"woe",245,44486741,94.94
"airfare",244,44486985,94.94
"bianca",244,44487229,94.94
"blurred",244,44487473,94.94
"burgeoning",244,44487717,94.94
"complementary",244,44487961,94.94
"crepe",244,44488205,94.94
"deliveries",244,44488449,94.94
"desmond",244,44488693,94.94
"evils",244,44488937,94.94
"experimentation",244,44489181,94.94
"filler",244,44489425,94.94
"guatemala",244,44489669,94.94
"imitation",244,44489913,94.94
"infielder",244,44490157,94.94
"injections",244,44490401,94.94
"inspected",244,44490645,94.94
"irrigation",244,44490889,94.94
"jasper",244,44491133,94.94
"leaping",244,44491377,94.95
"legitimacy",244,44491621,94.95
"marissa",244,44491865,94.95
"mecca",244,44492109,94.95
"midwife",244,44492353,94.95
"moons",244,44492597,94.95
"odom",244,44492841,94.95
"oily",244,44493085,94.95
"pebble",244,44493329,94.95
"radiant",244,44493573,94.95
"raul",244,44493817,94.95
"referencing",244,44494061,94.95
"sexist",244,44494305,94.95
"slayer",244,44494549,94.95
"trashy",244,44494793,94.95
"trumps",244,44495037,94.95
"anguish",243,44495280,94.95
"ariel",243,44495523,94.95
"artistry",243,44495766,94.95
"bedside",243,44496009,94.96
"briggs",243,44496252,94.96
"char",243,44496495,94.96
"charred",243,44496738,94.96
"churning",243,44496981,94.96
"deliciously",243,44497224,94.96
"detrimental",243,44497467,94.96
"diluted",243,44497710,94.96
"glucose",243,44497953,94.96
"intensified",243,44498196,94.96
"lawns",243,44498439,94.96
"linux",243,44498682,94.96
"newbie",243,44498925,94.96
"oversaw",243,44499168,94.96
"playstation",243,44499411,94.96
"pouch",243,44499654,94.96
"quasi",243,44499897,94.96
"recounted",243,44500140,94.96
"rowling",243,44500383,94.96
"shattering",243,44500626,94.96
"shipments",243,44500869,94.97
"yolk",243,44501112,94.97
"academia",242,44501354,94.97
"accusation",242,44501596,94.97
"acquainted",242,44501838,94.97
"amos",242,44502080,94.97
"analog",242,44502322,94.97
"booklet",242,44502564,94.97
"calves",242,44502806,94.97
"carla",242,44503048,94.97
"davy",242,44503290,94.97
"detox",242,44503532,94.97
"dreading",242,44503774,94.97
"fairgrounds",242,44504016,94.97
"finer",242,44504258,94.97
"grounder",242,44504500,94.97
"homicides",242,44504742,94.97
"inexperienced",242,44504984,94.97
"lovable",242,44505226,94.97
"ludicrous",242,44505468,94.98
"rarity",242,44505710,94.98
"rattle",242,44505952,94.98
"ringer",242,44506194,94.98
"robbing",242,44506436,94.98
"robotic",242,44506678,94.98
"spear",242,44506920,94.98
"tangerine",242,44507162,94.98
"translucent",242,44507404,94.98
"twinkle",242,44507646,94.98
"undeniable",242,44507888,94.98
"uranium",242,44508130,94.98
"wealthiest",242,44508372,94.98
"adoptive",241,44508613,94.98
"armies",241,44508854,94.98
"artery",241,44509095,94.98
"buffer",241,44509336,94.98
"calculation",241,44509577,94.98
"cardiovascular",241,44509818,94.98
"coined",241,44510059,94.99
"compiling",241,44510300,94.99
"confidently",241,44510541,94.99
"crippling",241,44510782,94.99
"devoid",241,44511023,94.99
"diligently",241,44511264,94.99
"drumming",241,44511505,94.99
"eisenhower",241,44511746,94.99
"ferrell",241,44511987,94.99
"foley",241,44512228,94.99
"googling",241,44512469,94.99
"grandmothers",241,44512710,94.99
"guesses",241,44512951,94.99
"hiked",241,44513192,94.99
"judaism",241,44513433,94.99
"kinder",241,44513674,94.99
"madame",241,44513915,94.99
"merritt",241,44514156,94.99
"modes",241,44514397,94.99
"motivations",241,44514638,94.99
"mule",241,44514879,95
"murderous",241,44515120,95
"ornate",241,44515361,95
"parkinson",241,44515602,95
"plateau",241,44515843,95
"poorer",241,44516084,95
"readiness",241,44516325,95
"reconcile",241,44516566,95
"rudolph",241,44516807,95
"slender",241,44517048,95
"sneezing",241,44517289,95
"speculated",241,44517530,95
"stalks",241,44517771,95
"streaks",241,44518012,95
"swimmer",241,44518253,95
"tarp",241,44518494,95
"timid",241,44518735,95
"tracker",241,44518976,95
"treasured",241,44519217,95
"unleash",241,44519458,95.01
"waiters",241,44519699,95.01
"whimsy",241,44519940,95.01
"withdrawals",241,44520181,95.01
"allie",240,44520421,95.01
"babysitter",240,44520661,95.01
"boxers",240,44520901,95.01
"caesars",240,44521141,95.01
"campground",240,44521381,95.01
"citigroup",240,44521621,95.01
"collaborated",240,44521861,95.01
"collided",240,44522101,95.01
"confronting",240,44522341,95.01
"contended",240,44522581,95.01
"contradictory",240,44522821,95.01
"deceptive",240,44523061,95.01
"deposited",240,44523301,95.01
"devoured",240,44523541,95.01
"dips",240,44523781,95.01
"dreamer",240,44524021,95.01
"electronically",240,44524261,95.02
"endowment",240,44524501,95.02
"fanny",240,44524741,95.02
"flagged",240,44524981,95.02
"fluent",240,44525221,95.02
"frown",240,44525461,95.02
"fueling",240,44525701,95.02
"hilltop",240,44525941,95.02
"hypothesis",240,44526181,95.02
"idiotic",240,44526421,95.02
"informs",240,44526661,95.02
"looms",240,44526901,95.02
"pioneering",240,44527141,95.02
"publicized",240,44527381,95.02
"punitive",240,44527621,95.02
"roe",240,44527861,95.02
"seymour",240,44528101,95.02
"sidekick",240,44528341,95.02
"smug",240,44528581,95.02
"snowfall",240,44528821,95.03
"sorbet",240,44529061,95.03
"strangest",240,44529301,95.03
"tarts",240,44529541,95.03
"teaming",240,44529781,95.03
"thoreau",240,44530021,95.03
"truffles",240,44530261,95.03
"undone",240,44530501,95.03
"valleys",240,44530741,95.03
"whores",240,44530981,95.03
"artichokes",239,44531220,95.03
"collin",239,44531459,95.03
"cushions",239,44531698,95.03
"disposition",239,44531937,95.03
"divas",239,44532176,95.03
"feral",239,44532415,95.03
"freeing",239,44532654,95.03
"gases",239,44532893,95.03
"golfing",239,44533132,95.03
"invade",239,44533371,95.03
"malicious",239,44533610,95.04
"moan",239,44533849,95.04
"nationalism",239,44534088,95.04
"offending",239,44534327,95.04
"parachute",239,44534566,95.04
"peacock",239,44534805,95.04
"redeemed",239,44535044,95.04
"restrooms",239,44535283,95.04
"shelly",239,44535522,95.04
"sixties",239,44535761,95.04
"smitten",239,44536000,95.04
"thermal",239,44536239,95.04
"uncanny",239,44536478,95.04
"underworld",239,44536717,95.04
"unlucky",239,44536956,95.04
"usable",239,44537195,95.04
"astoria",238,44537433,95.04
"boneless",238,44537671,95.04
"bret",238,44537909,95.04
"castillo",238,44538147,95.04
"cognac",238,44538385,95.05
"compose",238,44538623,95.05
"cropped",238,44538861,95.05
"cypress",238,44539099,95.05
"darius",238,44539337,95.05
"deploy",238,44539575,95.05
"distillery",238,44539813,95.05
"dominique",238,44540051,95.05
"frugal",238,44540289,95.05
"hues",238,44540527,95.05
"hunts",238,44540765,95.05
"immoral",238,44541003,95.05
"lessen",238,44541241,95.05
"lice",238,44541479,95.05
"lowell",238,44541717,95.05
"mohamed",238,44541955,95.05
"oslo",238,44542193,95.05
"override",238,44542431,95.05
"pipelines",238,44542669,95.05
"scorsese",238,44542907,95.06
"sightings",238,44543145,95.06
"solicitor",238,44543383,95.06
"therapies",238,44543621,95.06
"trench",238,44543859,95.06
"alvin",237,44544096,95.06
"ambiguous",237,44544333,95.06
"anecdotes",237,44544570,95.06
"bookshelf",237,44544807,95.06
"diagnostic",237,44545044,95.06
"disciplines",237,44545281,95.06
"gathers",237,44545518,95.06
"goggles",237,44545755,95.06
"mcdowell",237,44545992,95.06
"meditate",237,44546229,95.06
"metaphors",237,44546466,95.06
"misfits",237,44546703,95.06
"motif",237,44546940,95.06
"multicultural",237,44547177,95.06
"oj",237,44547414,95.06
"postpone",237,44547651,95.07
"reckon",237,44547888,95.07
"specialize",237,44548125,95.07
"strewn",237,44548362,95.07
"switches",237,44548599,95.07
"truthful",237,44548836,95.07
"venerable",237,44549073,95.07
"vibration",237,44549310,95.07
"vitality",237,44549547,95.07
"wondrous",237,44549784,95.07
"alderman",236,44550020,95.07
"apparatus",236,44550256,95.07
"archaeology",236,44550492,95.07
"bale",236,44550728,95.07
"boon",236,44550964,95.07
"bunk",236,44551200,95.07
"candies",236,44551436,95.07
"coastline",236,44551672,95.07
"comptroller",236,44551908,95.07
"copenhagen",236,44552144,95.07
"correctness",236,44552380,95.08
"customary",236,44552616,95.08
"differing",236,44552852,95.08
"digitally",236,44553088,95.08
"discontent",236,44553324,95.08
"disturb",236,44553560,95.08
"ec",236,44553796,95.08
"ensued",236,44554032,95.08
"fidelity",236,44554268,95.08
"folders",236,44554504,95.08
"fountains",236,44554740,95.08
"globes",236,44554976,95.08
"handshake",236,44555212,95.08
"handwritten",236,44555448,95.08
"haunts",236,44555684,95.08
"jerky",236,44555920,95.08
"knead",236,44556156,95.08
"lackluster",236,44556392,95.08
"liquids",236,44556628,95.08
"mendoza",236,44556864,95.08
"outpost",236,44557100,95.09
"pedicure",236,44557336,95.09
"phyllis",236,44557572,95.09
"recruiters",236,44557808,95.09
"reformed",236,44558044,95.09
"rehearsing",236,44558280,95.09
"rios",236,44558516,95.09
"ruben",236,44558752,95.09
"seductive",236,44558988,95.09
"seneca",236,44559224,95.09
"stomping",236,44559460,95.09
"subscriptions",236,44559696,95.09
"terminate",236,44559932,95.09
"thorn",236,44560168,95.09
"tidbits",236,44560404,95.09
"trot",236,44560640,95.09
"unreliable",236,44560876,95.09
"winged",236,44561112,95.09
"agility",235,44561347,95.09
"audits",235,44561582,95.1
"awarding",235,44561817,95.1
"brads",235,44562052,95.1
"briefed",235,44562287,95.1
"cloak",235,44562522,95.1
"couches",235,44562757,95.1
"dandy",235,44562992,95.1
"dwindling",235,44563227,95.1
"existential",235,44563462,95.1
"fathom",235,44563697,95.1
"fishy",235,44563932,95.1
"fortress",235,44564167,95.1
"freebies",235,44564402,95.1
"gentiles",235,44564637,95.1
"headband",235,44564872,95.1
"heats",235,44565107,95.1
"hypothetical",235,44565342,95.1
"limitless",235,44565577,95.1
"matte",235,44565812,95.1
"melodic",235,44566047,95.1
"natasha",235,44566282,95.11
"normandy",235,44566517,95.11
"nuisance",235,44566752,95.11
"pertaining",235,44566987,95.11
"puffs",235,44567222,95.11
"raping",235,44567457,95.11
"regina",235,44567692,95.11
"rightfully",235,44567927,95.11
"rubs",235,44568162,95.11
"sanitation",235,44568397,95.11
"scalloped",235,44568632,95.11
"screenwriter",235,44568867,95.11
"sellout",235,44569102,95.11
"sewed",235,44569337,95.11
"sorely",235,44569572,95.11
"ailments",234,44569806,95.11
"anchorage",234,44570040,95.11
"arrivals",234,44570274,95.11
"bahamas",234,44570508,95.11
"bonded",234,44570742,95.11
"bouts",234,44570976,95.12
"brawl",234,44571210,95.12
"capers",234,44571444,95.12
"comrades",234,44571678,95.12
"conner",234,44571912,95.12
"convict",234,44572146,95.12
"crutches",234,44572380,95.12
"enriched",234,44572614,95.12
"extinction",234,44572848,95.12
"faction",234,44573082,95.12
"fledgling",234,44573316,95.12
"formations",234,44573550,95.12
"frat",234,44573784,95.12
"generators",234,44574018,95.12
"gonzales",234,44574252,95.12
"instability",234,44574486,95.12
"lightening",234,44574720,95.12
"marathons",234,44574954,95.12
"memoirs",234,44575188,95.12
"modifications",234,44575422,95.12
"necklaces",234,44575656,95.13
"negligence",234,44575890,95.13
"nicknames",234,44576124,95.13
"nos",234,44576358,95.13
"padded",234,44576592,95.13
"pillar",234,44576826,95.13
"portraying",234,44577060,95.13
"presumptive",234,44577294,95.13
"qualifier",234,44577528,95.13
"reruns",234,44577762,95.13
"ruiz",234,44577996,95.13
"spanning",234,44578230,95.13
"stagnant",234,44578464,95.13
"strippers",234,44578698,95.13
"tampering",234,44578932,95.13
"truthfully",234,44579166,95.13
"turbine",234,44579400,95.13
"alfredo",233,44579633,95.13
"anglers",233,44579866,95.13
"backlog",233,44580099,95.13
"collaborations",233,44580332,95.14
"compulsive",233,44580565,95.14
"contentment",233,44580798,95.14
"courier",233,44581031,95.14
"darkened",233,44581264,95.14
"decreasing",233,44581497,95.14
"emphasizing",233,44581730,95.14
"fumes",233,44581963,95.14
"hauling",233,44582196,95.14
"introductory",233,44582429,95.14
"levee",233,44582662,95.14
"monsanto",233,44582895,95.14
"parameters",233,44583128,95.14
"provoked",233,44583361,95.14
"resembled",233,44583594,95.14
"rulings",233,44583827,95.14
"signings",233,44584060,95.14
"systemic",233,44584293,95.14
"tamales",233,44584526,95.14
"toothpick",233,44584759,95.14
"tristan",233,44584992,95.14
"vigilant",233,44585225,95.15
"wannabe",233,44585458,95.15
"yosemite",233,44585691,95.15
"accomplishing",232,44585923,95.15
"benign",232,44586155,95.15
"compton",232,44586387,95.15
"customize",232,44586619,95.15
"decked",232,44586851,95.15
"dictates",232,44587083,95.15
"diplomats",232,44587315,95.15
"eyeballs",232,44587547,95.15
"faithfully",232,44587779,95.15
"farmland",232,44588011,95.15
"fewest",232,44588243,95.15
"goldfish",232,44588475,95.15
"howl",232,44588707,95.15
"indicative",232,44588939,95.15
"interrogation",232,44589171,95.15
"mckinley",232,44589403,95.15
"napkin",232,44589635,95.15
"netted",232,44589867,95.16
"nineteen",232,44590099,95.16
"perfected",232,44590331,95.16
"picturesque",232,44590563,95.16
"plow",232,44590795,95.16
"plugging",232,44591027,95.16
"primal",232,44591259,95.16
"regents",232,44591491,95.16
"seasonings",232,44591723,95.16
"sow",232,44591955,95.16
"stalin",232,44592187,95.16
"terminology",232,44592419,95.16
"tinted",232,44592651,95.16
"undergone",232,44592883,95.16
"vargas",232,44593115,95.16
"visibly",232,44593347,95.16
"wrists",232,44593579,95.16
"adept",231,44593810,95.16
"affinity",231,44594041,95.16
"affirmative",231,44594272,95.16
"agile",231,44594503,95.17
"alcoholism",231,44594734,95.17
"battalion",231,44594965,95.17
"bookmark",231,44595196,95.17
"britt",231,44595427,95.17
"bulky",231,44595658,95.17
"chimney",231,44595889,95.17
"disliked",231,44596120,95.17
"disparate",231,44596351,95.17
"dracula",231,44596582,95.17
"dribble",231,44596813,95.17
"eddy",231,44597044,95.17
"erratic",231,44597275,95.17
"extremist",231,44597506,95.17
"forks",231,44597737,95.17
"grinning",231,44597968,95.17
"imaginable",231,44598199,95.17
"incorporates",231,44598430,95.17
"infantry",231,44598661,95.17
"iso",231,44598892,95.17
"knockout",231,44599123,95.18
"layering",231,44599354,95.18
"likable",231,44599585,95.18
"linens",231,44599816,95.18
"morse",231,44600047,95.18
"mower",231,44600278,95.18
"nicknamed",231,44600509,95.18
"parades",231,44600740,95.18
"predicament",231,44600971,95.18
"programmed",231,44601202,95.18
"punter",231,44601433,95.18
"reorganization",231,44601664,95.18
"replacements",231,44601895,95.18
"riesling",231,44602126,95.18
"rushes",231,44602357,95.18
"sharper",231,44602588,95.18
"statutory",231,44602819,95.18
"subdivision",231,44603050,95.18
"swimsuit",231,44603281,95.18
"unicorns",231,44603512,95.18
"accumulate",230,44603742,95.18
"analytical",230,44603972,95.19
"aptly",230,44604202,95.19
"bitters",230,44604432,95.19
"cassandra",230,44604662,95.19
"ceremonial",230,44604892,95.19
"consolidate",230,44605122,95.19
"corral",230,44605352,95.19
"cosmos",230,44605582,95.19
"depleted",230,44605812,95.19
"elliptical",230,44606042,95.19
"exaggeration",230,44606272,95.19
"freeholders",230,44606502,95.19
"gamer",230,44606732,95.19
"gp",230,44606962,95.19
"groundhog",230,44607192,95.19
"hobbit",230,44607422,95.19
"insurgents",230,44607652,95.19
"lube",230,44607882,95.19
"marcos",230,44608112,95.19
"molasses",230,44608342,95.19
"mosquitoes",230,44608572,95.2
"nix",230,44608802,95.2
"pizzeria",230,44609032,95.2
"refinery",230,44609262,95.2
"reindeer",230,44609492,95.2
"reluctance",230,44609722,95.2
"scratches",230,44609952,95.2
"sinner",230,44610182,95.2
"slater",230,44610412,95.2
"spying",230,44610642,95.2
"squads",230,44610872,95.2
"standby",230,44611102,95.2
"sweats",230,44611332,95.2
"throttle",230,44611562,95.2
"typewriter",230,44611792,95.2
"vetoed",230,44612022,95.2
"abe",229,44612251,95.2
"appliance",229,44612480,95.2
"bangladesh",229,44612709,95.2
"bartlett",229,44612938,95.2
"birthplace",229,44613167,95.21
"bowen",229,44613396,95.21
"breadth",229,44613625,95.21
"conditional",229,44613854,95.21
"contemplated",229,44614083,95.21
"dorsey",229,44614312,95.21
"ellison",229,44614541,95.21
"embarked",229,44614770,95.21
"fonts",229,44614999,95.21
"futuristic",229,44615228,95.21
"grenade",229,44615457,95.21
"gretchen",229,44615686,95.21
"gutter",229,44615915,95.21
"howling",229,44616144,95.21
"hungarian",229,44616373,95.21
"illicit",229,44616602,95.21
"inauguration",229,44616831,95.21
"inward",229,44617060,95.21
"istanbul",229,44617289,95.21
"knoxville",229,44617518,95.21
"lbj",229,44617747,95.21
"lilac",229,44617976,95.22
"moderator",229,44618205,95.22
"negatives",229,44618434,95.22
"nuances",229,44618663,95.22
"otto",229,44618892,95.22
"poisonous",229,44619121,95.22
"portfolios",229,44619350,95.22
"proprietary",229,44619579,95.22
"quentin",229,44619808,95.22
"resembling",229,44620037,95.22
"skid",229,44620266,95.22
"slumber",229,44620495,95.22
"sniffing",229,44620724,95.22
"staffed",229,44620953,95.22
"storyteller",229,44621182,95.22
"ticks",229,44621411,95.22
"adapting",228,44621639,95.22
"bakers",228,44621867,95.22
"baptized",228,44622095,95.22
"bundled",228,44622323,95.22
"damien",228,44622551,95.23
"endorsing",228,44622779,95.23
"faithfulness",228,44623007,95.23
"flannel",228,44623235,95.23
"holloway",228,44623463,95.23
"hurried",228,44623691,95.23
"leroy",228,44623919,95.23
"liabilities",228,44624147,95.23
"malaria",228,44624375,95.23
"motivates",228,44624603,95.23
"rigged",228,44624831,95.23
"royce",228,44625059,95.23
"rut",228,44625287,95.23
"scents",228,44625515,95.23
"scripted",228,44625743,95.23
"snowed",228,44625971,95.23
"snowman",228,44626199,95.23
"solemn",228,44626427,95.23
"stationary",228,44626655,95.23
"substantive",228,44626883,95.23
"tallied",228,44627111,95.23
"teased",228,44627339,95.24
"telecommunications",228,44627567,95.24
"termed",228,44627795,95.24
"tout",228,44628023,95.24
"vega",228,44628251,95.24
"weld",228,44628479,95.24
"wielding",228,44628707,95.24
"abducted",227,44628934,95.24
"academically",227,44629161,95.24
"accredited",227,44629388,95.24
"allocation",227,44629615,95.24
"appointees",227,44629842,95.24
"aspirin",227,44630069,95.24
"audible",227,44630296,95.24
"benton",227,44630523,95.24
"bulldog",227,44630750,95.24
"callers",227,44630977,95.24
"cheerleaders",227,44631204,95.24
"clover",227,44631431,95.24
"colombian",227,44631658,95.24
"decency",227,44631885,95.25
"deductions",227,44632112,95.25
"dion",227,44632339,95.25
"dun",227,44632566,95.25
"enlightening",227,44632793,95.25
"faulkner",227,44633020,95.25
"gerard",227,44633247,95.25
"glorified",227,44633474,95.25
"leeks",227,44633701,95.25
"lids",227,44633928,95.25
"marginal",227,44634155,95.25
"mystic",227,44634382,95.25
"olympia",227,44634609,95.25
"paraphernalia",227,44634836,95.25
"passwords",227,44635063,95.25
"pathway",227,44635290,95.25
"persuasion",227,44635517,95.25
"ru",227,44635744,95.25
"toaster",227,44635971,95.25
"transplants",227,44636198,95.25
"triangles",227,44636425,95.25
"tweaks",227,44636652,95.26
"vulgar",227,44636879,95.26
"wards",227,44637106,95.26
"wastewater",227,44637333,95.26
"weighted",227,44637560,95.26
"workday",227,44637787,95.26
"abrams",226,44638013,95.26
"apache",226,44638239,95.26
"birch",226,44638465,95.26
"blackboard",226,44638691,95.26
"botched",226,44638917,95.26
"calculating",226,44639143,95.26
"calculator",226,44639369,95.26
"cooke",226,44639595,95.26
"daryl",226,44639821,95.26
"distraught",226,44640047,95.26
"emory",226,44640273,95.26
"erosion",226,44640499,95.26
"everest",226,44640725,95.26
"eviction",226,44640951,95.26
"fad",226,44641177,95.26
"hardships",226,44641403,95.27
"hinder",226,44641629,95.27
"holiness",226,44641855,95.27
"hybrids",226,44642081,95.27
"kayak",226,44642307,95.27
"kellogg",226,44642533,95.27
"kidneys",226,44642759,95.27
"lawful",226,44642985,95.27
"learner",226,44643211,95.27
"onslaught",226,44643437,95.27
"oppressive",226,44643663,95.27
"presume",226,44643889,95.27
"receptionist",226,44644115,95.27
"rousing",226,44644341,95.27
"rr",226,44644567,95.27
"smear",226,44644793,95.27
"sorority",226,44645019,95.27
"strolling",226,44645245,95.27
"tendon",226,44645471,95.27
"trolls",226,44645697,95.27
"tumultuous",226,44645923,95.27
"unbeaten",226,44646149,95.28
"wilcox",226,44646375,95.28
"wrestled",226,44646601,95.28
"adjustable",225,44646826,95.28
"blushing",225,44647051,95.28
"buggy",225,44647276,95.28
"eliminates",225,44647501,95.28
"fiona",225,44647726,95.28
"grips",225,44647951,95.28
"hardin",225,44648176,95.28
"hookah",225,44648401,95.28
"improbable",225,44648626,95.28
"ironing",225,44648851,95.28
"lacey",225,44649076,95.28
"malts",225,44649301,95.28
"misled",225,44649526,95.28
"outages",225,44649751,95.28
"peed",225,44649976,95.28
"plasma",225,44650201,95.28
"plastics",225,44650426,95.28
"policemen",225,44650651,95.29
"prada",225,44650876,95.29
"proclamation",225,44651101,95.29
"railing",225,44651326,95.29
"recollections",225,44651551,95.29
"respite",225,44651776,95.29
"rofl",225,44652001,95.29
"scariest",225,44652226,95.29
"secretive",225,44652451,95.29
"televisions",225,44652676,95.29
"trampoline",225,44652901,95.29
"zion",225,44653126,95.29
"baffled",224,44653350,95.29
"barb",224,44653574,95.29
"blindly",224,44653798,95.29
"bogey",224,44654022,95.29
"bologna",224,44654246,95.29
"bullock",224,44654470,95.29
"bureaucrats",224,44654694,95.29
"continual",224,44654918,95.29
"cultivated",224,44655142,95.29
"darcy",224,44655366,95.3
"descend",224,44655590,95.3
"ehrlich",224,44655814,95.3
"emptied",224,44656038,95.3
"emulate",224,44656262,95.3
"etched",224,44656486,95.3
"extortion",224,44656710,95.3
"foray",224,44656934,95.3
"han",224,44657158,95.3
"healthful",224,44657382,95.3
"hound",224,44657606,95.3
"implicated",224,44657830,95.3
"insecurities",224,44658054,95.3
"lotto",224,44658278,95.3
"marcy",224,44658502,95.3
"momentarily",224,44658726,95.3
"mow",224,44658950,95.3
"municipality",224,44659174,95.3
"orderly",224,44659398,95.3
"pregnancies",224,44659622,95.3
"punctuation",224,44659846,95.3
"regulating",224,44660070,95.31
"relocating",224,44660294,95.31
"renovate",224,44660518,95.31
"runny",224,44660742,95.31
"seminole",224,44660966,95.31
"shuttered",224,44661190,95.31
"snob",224,44661414,95.31
"tallahassee",224,44661638,95.31
"textile",224,44661862,95.31
"threes",224,44662086,95.31
"tides",224,44662310,95.31
"triad",224,44662534,95.31
"viability",224,44662758,95.31
"virginity",224,44662982,95.31
"wetlands",224,44663206,95.31
"wildcat",224,44663430,95.31
"wishful",224,44663654,95.31
"administer",223,44663877,95.31
"ancestry",223,44664100,95.31
"anton",223,44664323,95.31
"apprehension",223,44664546,95.31
"aztecs",223,44664769,95.32
"balboa",223,44664992,95.32
"bleachers",223,44665215,95.32
"boiler",223,44665438,95.32
"brochure",223,44665661,95.32
"businessmen",223,44665884,95.32
"canceling",223,44666107,95.32
"channeling",223,44666330,95.32
"confidentiality",223,44666553,95.32
"descriptive",223,44666776,95.32
"expenditure",223,44666999,95.32
"freud",223,44667222,95.32
"fullness",223,44667445,95.32
"garrison",223,44667668,95.32
"glitch",223,44667891,95.32
"hoodies",223,44668114,95.32
"insurer",223,44668337,95.32
"lobbied",223,44668560,95.32
"mani",223,44668783,95.32
"mirrored",223,44669006,95.32
"moo",223,44669229,95.32
"obscene",223,44669452,95.33
"perjury",223,44669675,95.33
"scams",223,44669898,95.33
"siding",223,44670121,95.33
"slashing",223,44670344,95.33
"spies",223,44670567,95.33
"storied",223,44670790,95.33
"synagogue",223,44671013,95.33
"trunks",223,44671236,95.33
"undertaken",223,44671459,95.33
"vegetation",223,44671682,95.33
"volcanic",223,44671905,95.33
"accreditation",222,44672127,95.33
"affirmed",222,44672349,95.33
"arraigned",222,44672571,95.33
"arraignment",222,44672793,95.33
"bison",222,44673015,95.33
"blaring",222,44673237,95.33
"campfire",222,44673459,95.33
"casket",222,44673681,95.33
"cheyenne",222,44673903,95.33
"circulating",222,44674125,95.34
"colby",222,44674347,95.34
"communicated",222,44674569,95.34
"conceive",222,44674791,95.34
"covert",222,44675013,95.34
"cuter",222,44675235,95.34
"dumpster",222,44675457,95.34
"enrichment",222,44675679,95.34
"escalating",222,44675901,95.34
"fend",222,44676123,95.34
"finley",222,44676345,95.34
"flier",222,44676567,95.34
"folly",222,44676789,95.34
"geographical",222,44677011,95.34
"hazelnut",222,44677233,95.34
"hiccups",222,44677455,95.34
"horrid",222,44677677,95.34
"ix",222,44677899,95.34
"lagoon",222,44678121,95.34
"liqueur",222,44678343,95.34
"motown",222,44678565,95.34
"nitrogen",222,44678787,95.35
"obligatory",222,44679009,95.35
"overpriced",222,44679231,95.35
"perpetually",222,44679453,95.35
"plugs",222,44679675,95.35
"ponds",222,44679897,95.35
"precautions",222,44680119,95.35
"rundown",222,44680341,95.35
"scorpio",222,44680563,95.35
"sunburn",222,44680785,95.35
"tomlin",222,44681007,95.35
"unsuspecting",222,44681229,95.35
"vacated",222,44681451,95.35
"violinist",222,44681673,95.35
"waterfalls",222,44681895,95.35
"wrecked",222,44682117,95.35
"antitrust",221,44682338,95.35
"auditors",221,44682559,95.35
"callahan",221,44682780,95.35
"chalkboard",221,44683001,95.35
"commits",221,44683222,95.35
"conceptual",221,44683443,95.36
"concoction",221,44683664,95.36
"coronado",221,44683885,95.36
"darts",221,44684106,95.36
"downgrade",221,44684327,95.36
"envious",221,44684548,95.36
"fared",221,44684769,95.36
"herrera",221,44684990,95.36
"hickory",221,44685211,95.36
"homey",221,44685432,95.36
"intellectually",221,44685653,95.36
"irons",221,44685874,95.36
"mcqueen",221,44686095,95.36
"nightlife",221,44686316,95.36
"onetime",221,44686537,95.36
"procurement",221,44686758,95.36
"psalms",221,44686979,95.36
"pursuits",221,44687200,95.36
"raucous",221,44687421,95.36
"rewind",221,44687642,95.36
"shuffling",221,44687863,95.36
"slacker",221,44688084,95.36
"somber",221,44688305,95.37
"successive",221,44688526,95.37
"suckers",221,44688747,95.37
"symbolism",221,44688968,95.37
"tonic",221,44689189,95.37
"triathlon",221,44689410,95.37
"vie",221,44689631,95.37
"volatility",221,44689852,95.37
"waterproof",221,44690073,95.37
"abrupt",220,44690293,95.37
"argentine",220,44690513,95.37
"blindness",220,44690733,95.37
"candied",220,44690953,95.37
"clive",220,44691173,95.37
"clutching",220,44691393,95.37
"confines",220,44691613,95.37
"depended",220,44691833,95.37
"fatalities",220,44692053,95.37
"fondness",220,44692273,95.37
"fruitful",220,44692493,95.37
"geeky",220,44692713,95.37
"glimpses",220,44692933,95.38
"guardians",220,44693153,95.38
"hijacked",220,44693373,95.38
"leeds",220,44693593,95.38
"lighted",220,44693813,95.38
"manually",220,44694033,95.38
"peeing",220,44694253,95.38
"precincts",220,44694473,95.38
"prune",220,44694693,95.38
"psychotic",220,44694913,95.38
"rebounded",220,44695133,95.38
"riddled",220,44695353,95.38
"robberies",220,44695573,95.38
"robes",220,44695793,95.38
"sensed",220,44696013,95.38
"senseless",220,44696233,95.38
"sobriety",220,44696453,95.38
"sofia",220,44696673,95.38
"strife",220,44696893,95.38
"sweepstakes",220,44697113,95.38
"thyroid",220,44697333,95.38
"timmy",220,44697553,95.39
"trance",220,44697773,95.39
"wits",220,44697993,95.39
"abigail",219,44698212,95.39
"acupuncture",219,44698431,95.39
"ahmed",219,44698650,95.39
"altercation",219,44698869,95.39
"anthropology",219,44699088,95.39
"ascension",219,44699307,95.39
"atkins",219,44699526,95.39
"barrage",219,44699745,95.39
"circulated",219,44699964,95.39
"conserve",219,44700183,95.39
"contrasts",219,44700402,95.39
"crept",219,44700621,95.39
"cullen",219,44700840,95.39
"dawned",219,44701059,95.39
"dictated",219,44701278,95.39
"evangelicals",219,44701497,95.39
"faucet",219,44701716,95.39
"fullback",219,44701935,95.39
"hardened",219,44702154,95.39
"howe",219,44702373,95.4
"ids",219,44702592,95.4
"inject",219,44702811,95.4
"juror",219,44703030,95.4
"loathing",219,44703249,95.4
"lumps",219,44703468,95.4
"marlene",219,44703687,95.4
"mellon",219,44703906,95.4
"micah",219,44704125,95.4
"mistletoe",219,44704344,95.4
"monstrous",219,44704563,95.4
"mores",219,44704782,95.4
"moroccan",219,44705001,95.4
"mythical",219,44705220,95.4
"nexus",219,44705439,95.4
"nz",219,44705658,95.4
"overwhelm",219,44705877,95.4
"pathways",219,44706096,95.4
"pl",219,44706315,95.4
"pontiac",219,44706534,95.4
"prioritize",219,44706753,95.4
"rosy",219,44706972,95.41
"scanners",219,44707191,95.41
"simplified",219,44707410,95.41
"sioux",219,44707629,95.41
"vying",219,44707848,95.41
"whomever",219,44708067,95.41
"abdomen",218,44708285,95.41
"adhered",218,44708503,95.41
"awaken",218,44708721,95.41
"battleground",218,44708939,95.41
"birdies",218,44709157,95.41
"blatantly",218,44709375,95.41
"breakfasts",218,44709593,95.41
"chirping",218,44709811,95.41
"circled",218,44710029,95.41
"cline",218,44710247,95.41
"coffers",218,44710465,95.41
"dab",218,44710683,95.41
"deity",218,44710901,95.41
"deng",218,44711119,95.41
"devour",218,44711337,95.41
"downing",218,44711555,95.42
"excused",218,44711773,95.42
"extravagant",218,44711991,95.42
"greyhound",218,44712209,95.42
"grizzly",218,44712427,95.42
"harmon",218,44712645,95.42
"haynes",218,44712863,95.42
"hines",218,44713081,95.42
"horizons",218,44713299,95.42
"intercepted",218,44713517,95.42
"jarrett",218,44713735,95.42
"keywords",218,44713953,95.42
"ledge",218,44714171,95.42
"marquez",218,44714389,95.42
"medically",218,44714607,95.42
"ostensibly",218,44714825,95.42
"parrot",218,44715043,95.42
"patchwork",218,44715261,95.42
"peppered",218,44715479,95.42
"reinstated",218,44715697,95.42
"repercussions",218,44715915,95.42
"seaweed",218,44716133,95.42
"spec",218,44716351,95.43
"statutes",218,44716569,95.43
"swamped",218,44716787,95.43
"tumors",218,44717005,95.43
"warranted",218,44717223,95.43
"werewolf",218,44717441,95.43
"wrongful",218,44717659,95.43
"wrongs",218,44717877,95.43
"abandonment",217,44718094,95.43
"admiring",217,44718311,95.43
"adrienne",217,44718528,95.43
"aquatic",217,44718745,95.43
"archery",217,44718962,95.43
"barracks",217,44719179,95.43
"boutiques",217,44719396,95.43
"carpets",217,44719613,95.43
"compensated",217,44719830,95.43
"converts",217,44720047,95.43
"dashing",217,44720264,95.43
"dunes",217,44720481,95.43
"entrenched",217,44720698,95.43
"eyeing",217,44720915,95.44
"furnished",217,44721132,95.44
"goddard",217,44721349,95.44
"goody",217,44721566,95.44
"havana",217,44721783,95.44
"hinges",217,44722000,95.44
"illusions",217,44722217,95.44
"indulgence",217,44722434,95.44
"introductions",217,44722651,95.44
"jedi",217,44722868,95.44
"murals",217,44723085,95.44
"naples",217,44723302,95.44
"optimist",217,44723519,95.44
"pendant",217,44723736,95.44
"portrays",217,44723953,95.44
"programmers",217,44724170,95.44
"projecting",217,44724387,95.44
"relive",217,44724604,95.44
"resurgence",217,44724821,95.44
"revolt",217,44725038,95.44
"salts",217,44725255,95.44
"scraped",217,44725472,95.44
"sprinkling",217,44725689,95.45
"sunni",217,44725906,95.45
"tipsy",217,44726123,95.45
"tragedies",217,44726340,95.45
"trolling",217,44726557,95.45
"trucking",217,44726774,95.45
"undertake",217,44726991,95.45
"wheeled",217,44727208,95.45
"yippee",217,44727425,95.45
"zeppelin",217,44727642,95.45
"absentee",216,44727858,95.45
"accompaniment",216,44728074,95.45
"antenna",216,44728290,95.45
"authorization",216,44728506,95.45
"bookshop",216,44728722,95.45
"buford",216,44728938,95.45
"capitalists",216,44729154,95.45
"catalina",216,44729370,95.45
"constructing",216,44729586,95.45
"crucified",216,44729802,95.45
"dries",216,44730018,95.45
"ems",216,44730234,95.45
"exchanging",216,44730450,95.46
"fascism",216,44730666,95.46
"flaky",216,44730882,95.46
"frail",216,44731098,95.46
"gummy",216,44731314,95.46
"huddled",216,44731530,95.46
"jv",216,44731746,95.46
"mackenzie",216,44731962,95.46
"meade",216,44732178,95.46
"musings",216,44732394,95.46
"mustangs",216,44732610,95.46
"nominating",216,44732826,95.46
"pastoral",216,44733042,95.46
"posse",216,44733258,95.46
"quits",216,44733474,95.46
"readership",216,44733690,95.46
"restricting",216,44733906,95.46
"revising",216,44734122,95.46
"sails",216,44734338,95.46
"saver",216,44734554,95.46
"scaring",216,44734770,95.46
"skates",216,44734986,95.47
"spawn",216,44735202,95.47
"tantrum",216,44735418,95.47
"agendas",215,44735633,95.47
"berg",215,44735848,95.47
"braids",215,44736063,95.47
"breeders",215,44736278,95.47
"continents",215,44736493,95.47
"denounced",215,44736708,95.47
"disappointments",215,44736923,95.47
"erika",215,44737138,95.47
"exhale",215,44737353,95.47
"expletive",215,44737568,95.47
"exploits",215,44737783,95.47
"fillmore",215,44737998,95.47
"hamburgers",215,44738213,95.47
"hypocritical",215,44738428,95.47
"jeffery",215,44738643,95.47
"jubilee",215,44738858,95.47
"outskirts",215,44739073,95.47
"procedural",215,44739288,95.47
"racetrack",215,44739503,95.47
"recovers",215,44739718,95.48
"residue",215,44739933,95.48
"rotting",215,44740148,95.48
"simplistic",215,44740363,95.48
"squared",215,44740578,95.48
"squarely",215,44740793,95.48
"starve",215,44741008,95.48
"stereotypical",215,44741223,95.48
"subpoena",215,44741438,95.48
"swapping",215,44741653,95.48
"tattered",215,44741868,95.48
"translations",215,44742083,95.48
"tributes",215,44742298,95.48
"unison",215,44742513,95.48
"unsigned",215,44742728,95.48
"uss",215,44742943,95.48
"visas",215,44743158,95.48
"wildfire",215,44743373,95.48
"abolish",214,44743587,95.48
"apathy",214,44743801,95.48
"bidder",214,44744015,95.48
"biologist",214,44744229,95.48
"boasted",214,44744443,95.49
"brandt",214,44744657,95.49
"camped",214,44744871,95.49
"ceases",214,44745085,95.49
"choreographed",214,44745299,95.49
"clemons",214,44745513,95.49
"crater",214,44745727,95.49
"cruiser",214,44745941,95.49
"defect",214,44746155,95.49
"disparity",214,44746369,95.49
"egos",214,44746583,95.49
"endangering",214,44746797,95.49
"excite",214,44747011,95.49
"flanagan",214,44747225,95.49
"heinous",214,44747439,95.49
"inactive",214,44747653,95.49
"inconvenient",214,44747867,95.49
"invading",214,44748081,95.49
"involuntary",214,44748295,95.49
"jarring",214,44748509,95.49
"jug",214,44748723,95.49
"magnets",214,44748937,95.49
"mamma",214,44749151,95.5
"mysteriously",214,44749365,95.5
"officiating",214,44749579,95.5
"parishioners",214,44749793,95.5
"pena",214,44750007,95.5
"penetrate",214,44750221,95.5
"phoned",214,44750435,95.5
"poisoned",214,44750649,95.5
"premieres",214,44750863,95.5
"proficiency",214,44751077,95.5
"reassure",214,44751291,95.5
"repaid",214,44751505,95.5
"rescheduled",214,44751719,95.5
"severed",214,44751933,95.5
"sheltered",214,44752147,95.5
"shocker",214,44752361,95.5
"skeptics",214,44752575,95.5
"slugger",214,44752789,95.5
"slumped",214,44753003,95.5
"snagged",214,44753217,95.5
"steered",214,44753431,95.5
"tenderness",214,44753645,95.5
"tickled",214,44753859,95.51
"ufo",214,44754073,95.51
"vidal",214,44754287,95.51
"ax",213,44754500,95.51
"bop",213,44754713,95.51
"brim",213,44754926,95.51
"championed",213,44755139,95.51
"clinched",213,44755352,95.51
"cohesive",213,44755565,95.51
"conducts",213,44755778,95.51
"dictatorship",213,44755991,95.51
"dominates",213,44756204,95.51
"duran",213,44756417,95.51
"eloquent",213,44756630,95.51
"embellished",213,44756843,95.51
"enlarge",213,44757056,95.51
"entertainer",213,44757269,95.51
"expelled",213,44757482,95.51
"fingernails",213,44757695,95.51
"irregular",213,44757908,95.51
"mimosas",213,44758121,95.51
"overseen",213,44758334,95.51
"peeve",213,44758547,95.52
"plucked",213,44758760,95.52
"predecessors",213,44758973,95.52
"pulpit",213,44759186,95.52
"remodeled",213,44759399,95.52
"renewing",213,44759612,95.52
"resonates",213,44759825,95.52
"serena",213,44760038,95.52
"shoving",213,44760251,95.52
"slaughtered",213,44760464,95.52
"strikeout",213,44760677,95.52
"suzuki",213,44760890,95.52
"swirls",213,44761103,95.52
"tightened",213,44761316,95.52
"turmeric",213,44761529,95.52
"underscores",213,44761742,95.52
"unethical",213,44761955,95.52
"abdominal",212,44762167,95.52
"acclaim",212,44762379,95.52
"appreciating",212,44762591,95.52
"bode",212,44762803,95.52
"bracing",212,44763015,95.52
"burt",212,44763227,95.53
"challengers",212,44763439,95.53
"chaplin",212,44763651,95.53
"charmed",212,44763863,95.53
"chevron",212,44764075,95.53
"chivas",212,44764287,95.53
"cleans",212,44764499,95.53
"corridors",212,44764711,95.53
"cram",212,44764923,95.53
"crusade",212,44765135,95.53
"curt",212,44765347,95.53
"darryl",212,44765559,95.53
"decreases",212,44765771,95.53
"despicable",212,44765983,95.53
"discriminate",212,44766195,95.53
"epstein",212,44766407,95.53
"equestrian",212,44766619,95.53
"exceedingly",212,44766831,95.53
"extinct",212,44767043,95.53
"fins",212,44767255,95.53
"flanked",212,44767467,95.53
"glover",212,44767679,95.53
"hollie",212,44767891,95.54
"improvised",212,44768103,95.54
"incompetence",212,44768315,95.54
"ineligible",212,44768527,95.54
"irritation",212,44768739,95.54
"kline",212,44768951,95.54
"lauded",212,44769163,95.54
"maverick",212,44769375,95.54
"mckay",212,44769587,95.54
"metropolis",212,44769799,95.54
"miriam",212,44770011,95.54
"nottingham",212,44770223,95.54
"novella",212,44770435,95.54
"partake",212,44770647,95.54
"pooped",212,44770859,95.54
"rebellious",212,44771071,95.54
"rectangular",212,44771283,95.54
"regretted",212,44771495,95.54
"renters",212,44771707,95.54
"satisfactory",212,44771919,95.54
"shortening",212,44772131,95.54
"slogans",212,44772343,95.54
"snowflake",212,44772555,95.55
"soaps",212,44772767,95.55
"suppression",212,44772979,95.55
"swayed",212,44773191,95.55
"tripod",212,44773403,95.55
"unnecessarily",212,44773615,95.55
"vocational",212,44773827,95.55
"accessing",211,44774038,95.55
"assertive",211,44774249,95.55
"authoritarian",211,44774460,95.55
"biker",211,44774671,95.55
"cheeky",211,44774882,95.55
"clarified",211,44775093,95.55
"coincide",211,44775304,95.55
"deductible",211,44775515,95.55
"distrust",211,44775726,95.55
"emery",211,44775937,95.55
"eyeliner",211,44776148,95.55
"gophers",211,44776359,95.55
"incurred",211,44776570,95.55
"inhabit",211,44776781,95.55
"insulted",211,44776992,95.55
"interchange",211,44777203,95.56
"invalid",211,44777414,95.56
"jaded",211,44777625,95.56
"lana",211,44777836,95.56
"lazarus",211,44778047,95.56
"lena",211,44778258,95.56
"lucia",211,44778469,95.56
"madly",211,44778680,95.56
"miserably",211,44778891,95.56
"operatives",211,44779102,95.56
"pilgrimage",211,44779313,95.56
"recharge",211,44779524,95.56
"reeves",211,44779735,95.56
"retreated",211,44779946,95.56
"reverence",211,44780157,95.56
"scalp",211,44780368,95.56
"segregation",211,44780579,95.56
"skewed",211,44780790,95.56
"slowest",211,44781001,95.56
"sobering",211,44781212,95.56
"tatted",211,44781423,95.56
"trembling",211,44781634,95.56
"triumphant",211,44781845,95.57
"tulips",211,44782056,95.57
"umbrellas",211,44782267,95.57
"unpacking",211,44782478,95.57
"accolades",210,44782688,95.57
"calculus",210,44782898,95.57
"cleverly",210,44783108,95.57
"clinch",210,44783318,95.57
"ditched",210,44783528,95.57
"dolores",210,44783738,95.57
"dunks",210,44783948,95.57
"entertainers",210,44784158,95.57
"eternally",210,44784368,95.57
"finalizing",210,44784578,95.57
"fruition",210,44784788,95.57
"gabrielle",210,44784998,95.57
"garages",210,44785208,95.57
"harmonies",210,44785418,95.57
"inexplicably",210,44785628,95.57
"infested",210,44785838,95.57
"jolt",210,44786048,95.57
"judas",210,44786258,95.57
"kaufman",210,44786468,95.57
"knob",210,44786678,95.58
"lovelies",210,44786888,95.58
"marta",210,44787098,95.58
"missionaries",210,44787308,95.58
"monuments",210,44787518,95.58
"neurological",210,44787728,95.58
"oblivion",210,44787938,95.58
"ode",210,44788148,95.58
"outpouring",210,44788358,95.58
"plainly",210,44788568,95.58
"pupil",210,44788778,95.58
"puzzling",210,44788988,95.58
"reins",210,44789198,95.58
"residences",210,44789408,95.58
"scant",210,44789618,95.58
"scrolling",210,44789828,95.58
"shalt",210,44790038,95.58
"sirius",210,44790248,95.58
"spreadsheet",210,44790458,95.58
"starved",210,44790668,95.58
"tasked",210,44790878,95.58
"tidal",210,44791088,95.58
"tryouts",210,44791298,95.59
"wilt",210,44791508,95.59
"ambient",209,44791717,95.59
"annoyance",209,44791926,95.59
"baroque",209,44792135,95.59
"bidders",209,44792344,95.59
"cerf",209,44792553,95.59
"concur",209,44792762,95.59
"conversely",209,44792971,95.59
"dealerships",209,44793180,95.59
"decree",209,44793389,95.59
"deprivation",209,44793598,95.59
"gaping",209,44793807,95.59
"gents",209,44794016,95.59
"instinctively",209,44794225,95.59
"javier",209,44794434,95.59
"joker",209,44794643,95.59
"lads",209,44794852,95.59
"lament",209,44795061,95.59
"malpractice",209,44795270,95.59
"nunez",209,44795479,95.59
"perish",209,44795688,95.59
"philippine",209,44795897,95.6
"ploy",209,44796106,95.6
"plummer",209,44796315,95.6
"preachers",209,44796524,95.6
"procrastinating",209,44796733,95.6
"proteins",209,44796942,95.6
"refine",209,44797151,95.6
"riffs",209,44797360,95.6
"sinai",209,44797569,95.6
"sparse",209,44797778,95.6
"standoff",209,44797987,95.6
"tami",209,44798196,95.6
"vibrations",209,44798405,95.6
"zeus",209,44798614,95.6
"accommodating",208,44798822,95.6
"amassed",208,44799030,95.6
"annette",208,44799238,95.6
"avila",208,44799446,95.6
"barren",208,44799654,95.6
"bookshelves",208,44799862,95.6
"bronson",208,44800070,95.6
"carbonation",208,44800278,95.6
"comforts",208,44800486,95.6
"comical",208,44800694,95.61
"compositions",208,44800902,95.61
"conley",208,44801110,95.61
"corned",208,44801318,95.61
"cyclist",208,44801526,95.61
"finch",208,44801734,95.61
"firefly",208,44801942,95.61
"flushing",208,44802150,95.61
"frivolous",208,44802358,95.61
"gong",208,44802566,95.61
"haas",208,44802774,95.61
"implying",208,44802982,95.61
"inaction",208,44803190,95.61
"italians",208,44803398,95.61
"koran",208,44803606,95.61
"loretta",208,44803814,95.61
"ordinances",208,44804022,95.61
"otter",208,44804230,95.61
"outburst",208,44804438,95.61
"percentages",208,44804646,95.61
"pertinent",208,44804854,95.61
"pods",208,44805062,95.61
"prevailed",208,44805270,95.62
"professions",208,44805478,95.62
"rabid",208,44805686,95.62
"seventies",208,44805894,95.62
"solstice",208,44806102,95.62
"stealth",208,44806310,95.62
"teary",208,44806518,95.62
"tilted",208,44806726,95.62
"turbulent",208,44806934,95.62
"unrestricted",208,44807142,95.62
"warhol",208,44807350,95.62
"workload",208,44807558,95.62
"abduction",207,44807765,95.62
"axis",207,44807972,95.62
"beetle",207,44808179,95.62
"broaden",207,44808386,95.62
"buccaneers",207,44808593,95.62
"catered",207,44808800,95.62
"caveat",207,44809007,95.62
"checklist",207,44809214,95.62
"defying",207,44809421,95.62
"dempsey",207,44809628,95.62
"differentiate",207,44809835,95.62
"diligent",207,44810042,95.63
"doily",207,44810249,95.63
"eateries",207,44810456,95.63
"ecological",207,44810663,95.63
"emptiness",207,44810870,95.63
"engages",207,44811077,95.63
"enhancement",207,44811284,95.63
"enhances",207,44811491,95.63
"entails",207,44811698,95.63
"fetched",207,44811905,95.63
"gratification",207,44812112,95.63
"gratifying",207,44812319,95.63
"grieve",207,44812526,95.63
"gulp",207,44812733,95.63
"handicapped",207,44812940,95.63
"hastily",207,44813147,95.63
"hoosier",207,44813354,95.63
"inventions",207,44813561,95.63
"krishna",207,44813768,95.63
"loom",207,44813975,95.63
"miraculously",207,44814182,95.63
"misuse",207,44814389,95.63
"moniker",207,44814596,95.63
"motorist",207,44814803,95.64
"mounds",207,44815010,95.64
"murderers",207,44815217,95.64
"nikon",207,44815424,95.64
"noticeably",207,44815631,95.64
"pieced",207,44815838,95.64
"pruning",207,44816045,95.64
"ramifications",207,44816252,95.64
"recount",207,44816459,95.64
"reunite",207,44816666,95.64
"soothe",207,44816873,95.64
"steamy",207,44817080,95.64
"stefan",207,44817287,95.64
"stewardship",207,44817494,95.64
"tins",207,44817701,95.64
"transcripts",207,44817908,95.64
"underestimated",207,44818115,95.64
"unruly",207,44818322,95.64
"untrue",207,44818529,95.64
"vacancies",207,44818736,95.64
"vanguard",207,44818943,95.64
"acceleration",206,44819149,95.64
"ape",206,44819355,95.65
"barnabas",206,44819561,95.65
"basking",206,44819767,95.65
"bilingual",206,44819973,95.65
"billionaires",206,44820179,95.65
"blackburn",206,44820385,95.65
"brittle",206,44820591,95.65
"broadcasters",206,44820797,95.65
"chipper",206,44821003,95.65
"compression",206,44821209,95.65
"dashed",206,44821415,95.65
"deathly",206,44821621,95.65
"encompasses",206,44821827,95.65
"evacuate",206,44822033,95.65
"fetus",206,44822239,95.65
"forgo",206,44822445,95.65
"instituted",206,44822651,95.65
"irvin",206,44822857,95.65
"kiwi",206,44823063,95.65
"muppet",206,44823269,95.65
"obedient",206,44823475,95.65
"patriotism",206,44823681,95.65
"pegged",206,44823887,95.65
"prescott",206,44824093,95.66
"propel",206,44824299,95.66
"purge",206,44824505,95.66
"refining",206,44824711,95.66
"reputable",206,44824917,95.66
"rhythmic",206,44825123,95.66
"shah",206,44825329,95.66
"shone",206,44825535,95.66
"sigma",206,44825741,95.66
"silicone",206,44825947,95.66
"snowstorm",206,44826153,95.66
"sodas",206,44826359,95.66
"spamming",206,44826565,95.66
"sweatpants",206,44826771,95.66
"tunisia",206,44826977,95.66
"wilmington",206,44827183,95.66
"accented",205,44827388,95.66
"adjoining",205,44827593,95.66
"bums",205,44827798,95.66
"castles",205,44828003,95.66
"chanted",205,44828208,95.66
"chewed",205,44828413,95.66
"contraction",205,44828618,95.66
"cunning",205,44828823,95.67
"cutters",205,44829028,95.67
"dewitt",205,44829233,95.67
"exhibiting",205,44829438,95.67
"fishers",205,44829643,95.67
"franz",205,44829848,95.67
"gleaming",205,44830053,95.67
"infertility",205,44830258,95.67
"laurence",205,44830463,95.67
"leopold",205,44830668,95.67
"lob",205,44830873,95.67
"macho",205,44831078,95.67
"magnum",205,44831283,95.67
"maj",205,44831488,95.67
"mansfield",205,44831693,95.67
"mullet",205,44831898,95.67
"observatory",205,44832103,95.67
"piers",205,44832308,95.67
"projector",205,44832513,95.67
"recite",205,44832718,95.67
"regimes",205,44832923,95.67
"repent",205,44833128,95.67
"resurrected",205,44833333,95.67
"romania",205,44833538,95.68
"scorers",205,44833743,95.68
"shudder",205,44833948,95.68
"sic",205,44834153,95.68
"similarity",205,44834358,95.68
"slugging",205,44834563,95.68
"sprite",205,44834768,95.68
"surpass",205,44834973,95.68
"swallowing",205,44835178,95.68
"unwind",205,44835383,95.68
"weston",205,44835588,95.68
"youngster",205,44835793,95.68
"astronauts",204,44835997,95.68
"bathed",204,44836201,95.68
"breathless",204,44836405,95.68
"captivated",204,44836609,95.68
"cavity",204,44836813,95.68
"checkpoint",204,44837017,95.68
"choreographer",204,44837221,95.68
"clogged",204,44837425,95.68
"collier",204,44837629,95.68
"davenport",204,44837833,95.68
"effortless",204,44838037,95.68
"epicenter",204,44838241,95.69
"floured",204,44838445,95.69
"footed",204,44838649,95.69
"gladstone",204,44838853,95.69
"goings",204,44839057,95.69
"gracefully",204,44839261,95.69
"marge",204,44839465,95.69
"massey",204,44839669,95.69
"mastermind",204,44839873,95.69
"melinda",204,44840077,95.69
"misfortune",204,44840281,95.69
"mogul",204,44840485,95.69
"naacp",204,44840689,95.69
"necessities",204,44840893,95.69
"ortega",204,44841097,95.69
"overthrow",204,44841301,95.69
"privatization",204,44841505,95.69
"recollection",204,44841709,95.69
"refinancing",204,44841913,95.69
"reopening",204,44842117,95.69
"rickie",204,44842321,95.69
"sadie",204,44842525,95.69
"shaded",204,44842729,95.69
"sourcing",204,44842933,95.7
"streamline",204,44843137,95.7
"streamlined",204,44843341,95.7
"swapped",204,44843545,95.7
"unravel",204,44843749,95.7
"zinfandel",204,44843953,95.7
"actuality",203,44844156,95.7
"alternately",203,44844359,95.7
"approximate",203,44844562,95.7
"avocados",203,44844765,95.7
"camille",203,44844968,95.7
"cartels",203,44845171,95.7
"comprehension",203,44845374,95.7
"configuration",203,44845577,95.7
"departures",203,44845780,95.7
"drugstore",203,44845983,95.7
"economical",203,44846186,95.7
"exposes",203,44846389,95.7
"fuentes",203,44846592,95.7
"gould",203,44846795,95.7
"imho",203,44846998,95.7
"lamented",203,44847201,95.7
"laughable",203,44847404,95.7
"lea",203,44847607,95.71
"mare",203,44847810,95.71
"matured",203,44848013,95.71
"provoke",203,44848216,95.71
"radios",203,44848419,95.71
"realist",203,44848622,95.71
"shocks",203,44848825,95.71
"shredding",203,44849028,95.71
"slacking",203,44849231,95.71
"stu",203,44849434,95.71
"sundae",203,44849637,95.71
"torment",203,44849840,95.71
"transporting",203,44850043,95.71
"vegetarians",203,44850246,95.71
"winnie",203,44850449,95.71
"zinc",203,44850652,95.71
"alamo",202,44850854,95.71
"backside",202,44851056,95.71
"bethlehem",202,44851258,95.71
"blinking",202,44851460,95.71
"casualty",202,44851662,95.71
"clipped",202,44851864,95.71
"clove",202,44852066,95.71
"composure",202,44852268,95.72
"convened",202,44852470,95.72
"discontinued",202,44852672,95.72
"earners",202,44852874,95.72
"enrich",202,44853076,95.72
"figs",202,44853278,95.72
"furiously",202,44853480,95.72
"gimmick",202,44853682,95.72
"grinder",202,44853884,95.72
"hoarding",202,44854086,95.72
"hoax",202,44854288,95.72
"illuminating",202,44854490,95.72
"kennel",202,44854692,95.72
"mitsubishi",202,44854894,95.72
"ranting",202,44855096,95.72
"realms",202,44855298,95.72
"reinvent",202,44855500,95.72
"revamp",202,44855702,95.72
"revolutions",202,44855904,95.72
"risking",202,44856106,95.72
"safeguard",202,44856308,95.72
"stepfather",202,44856510,95.72
"suppressed",202,44856712,95.72
"temptations",202,44856914,95.73
"wholeheartedly",202,44857116,95.73
"wigs",202,44857318,95.73
"workings",202,44857520,95.73
"astronomy",201,44857721,95.73
"barr",201,44857922,95.73
"bikers",201,44858123,95.73
"birthing",201,44858324,95.73
"confinement",201,44858525,95.73
"contradictions",201,44858726,95.73
"derailed",201,44858927,95.73
"disadvantaged",201,44859128,95.73
"dukes",201,44859329,95.73
"eng",201,44859530,95.73
"execs",201,44859731,95.73
"funerals",201,44859932,95.73
"hogs",201,44860133,95.73
"imitate",201,44860334,95.73
"intertwined",201,44860535,95.73
"irwin",201,44860736,95.73
"landslide",201,44860937,95.73
"logically",201,44861138,95.73
"manson",201,44861339,95.73
"massively",201,44861540,95.74
"masterful",201,44861741,95.74
"militia",201,44861942,95.74
"muller",201,44862143,95.74
"omitted",201,44862344,95.74
"premiered",201,44862545,95.74
"recoup",201,44862746,95.74
"sighted",201,44862947,95.74
"sutherland",201,44863148,95.74
"taft",201,44863349,95.74
"theoretically",201,44863550,95.74
"undermining",201,44863751,95.74
"unjust",201,44863952,95.74
"unsalted",201,44864153,95.74
"violets",201,44864354,95.74
"waxed",201,44864555,95.74
"weinberg",201,44864756,95.74
"audacity",200,44864956,95.74
"cartridges",200,44865156,95.74
"chihuahua",200,44865356,95.74
"colossal",200,44865556,95.74
"corpses",200,44865756,95.74
"deduction",200,44865956,95.74
"dialed",200,44866156,95.74
"dino",200,44866356,95.75
"esoteric",200,44866556,95.75
"extracted",200,44866756,95.75
"feeder",200,44866956,95.75
"finalize",200,44867156,95.75
"fraught",200,44867356,95.75
"godly",200,44867556,95.75
"impasse",200,44867756,95.75
"incubator",200,44867956,95.75
"indulgent",200,44868156,95.75
"interventions",200,44868356,95.75
"invoked",200,44868556,95.75
"keaton",200,44868756,95.75
"kegs",200,44868956,95.75
"knitted",200,44869156,95.75
"laborers",200,44869356,95.75
"limestone",200,44869556,95.75
"mired",200,44869756,95.75
"nan",200,44869956,95.75
"obstruction",200,44870156,95.75
"qt",200,44870356,95.75
"rattling",200,44870556,95.75
"rebate",200,44870756,95.75
"relegated",200,44870956,95.76
"revolve",200,44871156,95.76
"shorten",200,44871356,95.76
"skyscraper",200,44871556,95.76
"streamed",200,44871756,95.76
"stung",200,44871956,95.76
"swimmers",200,44872156,95.76
"tarot",200,44872356,95.76
"tracing",200,44872556,95.76
"untold",200,44872756,95.76
"wallets",200,44872956,95.76
"wartime",200,44873156,95.76
"wept",200,44873356,95.76
"accountants",199,44873555,95.76
"artisans",199,44873754,95.76
"authorize",199,44873953,95.76
"blanks",199,44874152,95.76
"brainstorm",199,44874351,95.76
"calhoun",199,44874550,95.76
"captivity",199,44874749,95.76
"caved",199,44874948,95.76
"compile",199,44875147,95.76
"contreras",199,44875346,95.76
"crusted",199,44875545,95.77
"cynicism",199,44875744,95.77
"delusion",199,44875943,95.77
"disagrees",199,44876142,95.77
"doable",199,44876341,95.77
"edith",199,44876540,95.77
"encompassing",199,44876739,95.77
"enormously",199,44876938,95.77
"hatched",199,44877137,95.77
"hester",199,44877336,95.77
"horseradish",199,44877535,95.77
"interval",199,44877734,95.77
"inventories",199,44877933,95.77
"lara",199,44878132,95.77
"leach",199,44878331,95.77
"liberating",199,44878530,95.77
"mclean",199,44878729,95.77
"memorize",199,44878928,95.77
"migrants",199,44879127,95.77
"norma",199,44879326,95.77
"petting",199,44879525,95.77
"pigeons",199,44879724,95.77
"potluck",199,44879923,95.77
"propped",199,44880122,95.77
"receptive",199,44880321,95.78
"redesigned",199,44880520,95.78
"sensing",199,44880719,95.78
"shamrock",199,44880918,95.78
"showering",199,44881117,95.78
"sophomores",199,44881316,95.78
"stoop",199,44881515,95.78
"superiority",199,44881714,95.78
"telescope",199,44881913,95.78
"tragically",199,44882112,95.78
"troublesome",199,44882311,95.78
"vt",199,44882510,95.78
"wastes",199,44882709,95.78
"wrench",199,44882908,95.78
"wrinkle",199,44883107,95.78
"acidic",198,44883305,95.78
"alternatively",198,44883503,95.78
"announcers",198,44883701,95.78
"asbestos",198,44883899,95.78
"atty",198,44884097,95.78
"babbitt",198,44884295,95.78
"bunches",198,44884493,95.78
"chases",198,44884691,95.78
"delinquent",198,44884889,95.78
"detectors",198,44885087,95.79
"dhs",198,44885285,95.79
"extraction",198,44885483,95.79
"fetal",198,44885681,95.79
"flagstaff",198,44885879,95.79
"footnote",198,44886077,95.79
"geniuses",198,44886275,95.79
"goth",198,44886473,95.79
"grandmas",198,44886671,95.79
"guerra",198,44886869,95.79
"honduras",198,44887067,95.79
"hooded",198,44887265,95.79
"imagines",198,44887463,95.79
"immaculate",198,44887661,95.79
"jakarta",198,44887859,95.79
"jock",198,44888057,95.79
"mathematical",198,44888255,95.79
"meatball",198,44888453,95.79
"midget",198,44888651,95.79
"noun",198,44888849,95.79
"preparedness",198,44889047,95.79
"prodigy",198,44889245,95.79
"rene",198,44889443,95.79
"sayings",198,44889641,95.8
"scaling",198,44889839,95.8
"scrubs",198,44890037,95.8
"shadowy",198,44890235,95.8
"sparkles",198,44890433,95.8
"spence",198,44890631,95.8
"transforms",198,44890829,95.8
"algae",197,44891026,95.8
"arabian",197,44891223,95.8
"attained",197,44891420,95.8
"cardiff",197,44891617,95.8
"characterization",197,44891814,95.8
"choral",197,44892011,95.8
"dentistry",197,44892208,95.8
"disagreements",197,44892405,95.8
"dodging",197,44892602,95.8
"dollop",197,44892799,95.8
"emeritus",197,44892996,95.8
"epitome",197,44893193,95.8
"eyelashes",197,44893390,95.8
"fateful",197,44893587,95.8
"fooling",197,44893784,95.8
"foreseeable",197,44893981,95.8
"gunshots",197,44894178,95.8
"hamster",197,44894375,95.81
"humphrey",197,44894572,95.81
"incarcerated",197,44894769,95.81
"incense",197,44894966,95.81
"interfering",197,44895163,95.81
"inventing",197,44895360,95.81
"judgmental",197,44895557,95.81
"juveniles",197,44895754,95.81
"meteorologist",197,44895951,95.81
"palpable",197,44896148,95.81
"progressives",197,44896345,95.81
"prosecuting",197,44896542,95.81
"protester",197,44896739,95.81
"putnam",197,44896936,95.81
"quiche",197,44897133,95.81
"reclaimed",197,44897330,95.81
"regulator",197,44897527,95.81
"revolver",197,44897724,95.81
"romp",197,44897921,95.81
"stun",197,44898118,95.81
"unpublished",197,44898315,95.81
"wheeling",197,44898512,95.81
"whooping",197,44898709,95.81
"accumulation",196,44898905,95.81
"adolescence",196,44899101,95.82
"alluring",196,44899297,95.82
"automobiles",196,44899493,95.82
"backstory",196,44899689,95.82
"bookings",196,44899885,95.82
"caviar",196,44900081,95.82
"chinook",196,44900277,95.82
"confiscated",196,44900473,95.82
"cornstarch",196,44900669,95.82
"crazed",196,44900865,95.82
"crushes",196,44901061,95.82
"cubicle",196,44901257,95.82
"defiant",196,44901453,95.82
"deserts",196,44901649,95.82
"devout",196,44901845,95.82
"dialog",196,44902041,95.82
"dior",196,44902237,95.82
"discouraging",196,44902433,95.82
"disruptions",196,44902629,95.82
"farts",196,44902825,95.82
"fledged",196,44903021,95.82
"ghostly",196,44903217,95.82
"hackers",196,44903413,95.82
"hanukkah",196,44903609,95.82
"homosexuals",196,44903805,95.83
"illuminati",196,44904001,95.83
"ingenuity",196,44904197,95.83
"inquire",196,44904393,95.83
"lecturer",196,44904589,95.83
"lynne",196,44904785,95.83
"mcdonnell",196,44904981,95.83
"morons",196,44905177,95.83
"nests",196,44905373,95.83
"peeking",196,44905569,95.83
"pistachio",196,44905765,95.83
"plummeted",196,44905961,95.83
"ponytail",196,44906157,95.83
"presiding",196,44906353,95.83
"repayment",196,44906549,95.83
"scavenger",196,44906745,95.83
"traverse",196,44906941,95.83
"unattractive",196,44907137,95.83
"wiring",196,44907333,95.83
"woodstock",196,44907529,95.83
"aback",195,44907724,95.83
"arroyo",195,44907919,95.83
"bazaar",195,44908114,95.83
"beneficiary",195,44908309,95.83
"bombings",195,44908504,95.84
"budgeting",195,44908699,95.84
"canary",195,44908894,95.84
"congregations",195,44909089,95.84
"defiantly",195,44909284,95.84
"delgado",195,44909479,95.84
"elisabeth",195,44909674,95.84
"equip",195,44909869,95.84
"eventful",195,44910064,95.84
"explorers",195,44910259,95.84
"flux",195,44910454,95.84
"foreman",195,44910649,95.84
"foresee",195,44910844,95.84
"inefficient",195,44911039,95.84
"joaquin",195,44911234,95.84
"kirkpatrick",195,44911429,95.84
"labyrinth",195,44911624,95.84
"lambs",195,44911819,95.84
"legalize",195,44912014,95.84
"likeness",195,44912209,95.84
"mallory",195,44912404,95.84
"manicure",195,44912599,95.84
"monastery",195,44912794,95.84
"narrated",195,44912989,95.84
"pasty",195,44913184,95.85
"raving",195,44913379,95.85
"referees",195,44913574,95.85
"reversing",195,44913769,95.85
"scatter",195,44913964,95.85
"scholastic",195,44914159,95.85
"skateboard",195,44914354,95.85
"soreness",195,44914549,95.85
"stools",195,44914744,95.85
"succumbed",195,44914939,95.85
"upstream",195,44915134,95.85
"wares",195,44915329,95.85
"wiley",195,44915524,95.85
"wolverine",195,44915719,95.85
"yanked",195,44915914,95.85
"yuan",195,44916109,95.85
"afterthought",194,44916303,95.85
"americana",194,44916497,95.85
"astrology",194,44916691,95.85
"bandwidth",194,44916885,95.85
"beaming",194,44917079,95.85
"blooded",194,44917273,95.85
"bronco",194,44917467,95.85
"buddhism",194,44917661,95.85
"canes",194,44917855,95.86
"capistrano",194,44918049,95.86
"carton",194,44918243,95.86
"controllers",194,44918437,95.86
"dagger",194,44918631,95.86
"defends",194,44918825,95.86
"dives",194,44919019,95.86
"edging",194,44919213,95.86
"edmund",194,44919407,95.86
"emcee",194,44919601,95.86
"entrusted",194,44919795,95.86
"faiths",194,44919989,95.86
"fibers",194,44920183,95.86
"flushed",194,44920377,95.86
"gunpoint",194,44920571,95.86
"hanover",194,44920765,95.86
"hesitated",194,44920959,95.86
"mediation",194,44921153,95.86
"pisces",194,44921347,95.86
"provinces",194,44921541,95.86
"ravaged",194,44921735,95.86
"religiously",194,44921929,95.86
"resonated",194,44922123,95.86
"respectfully",194,44922317,95.86
"retribution",194,44922511,95.87
"retrospective",194,44922705,95.87
"rife",194,44922899,95.87
"samson",194,44923093,95.87
"seedlings",194,44923287,95.87
"skewers",194,44923481,95.87
"slideshow",194,44923675,95.87
"stave",194,44923869,95.87
"towing",194,44924063,95.87
"townsend",194,44924257,95.87
"vuitton",194,44924451,95.87
"warwick",194,44924645,95.87
"wasteful",194,44924839,95.87
"waterways",194,44925033,95.87
"whiny",194,44925227,95.87
"winger",194,44925421,95.87
"wrapper",194,44925615,95.87
"zing",194,44925809,95.87
"adjective",193,44926002,95.87
"arches",193,44926195,95.87
"beards",193,44926388,95.87
"candlelight",193,44926581,95.87
"clothed",193,44926774,95.87
"concise",193,44926967,95.87
"conjure",193,44927160,95.88
"daisies",193,44927353,95.88
"descending",193,44927546,95.88
"diminishing",193,44927739,95.88
"distilled",193,44927932,95.88
"duff",193,44928125,95.88
"eduardo",193,44928318,95.88
"egregious",193,44928511,95.88
"elevators",193,44928704,95.88
"embellishment",193,44928897,95.88
"farley",193,44929090,95.88
"gillespie",193,44929283,95.88
"gunned",193,44929476,95.88
"headlining",193,44929669,95.88
"housework",193,44929862,95.88
"hypocrite",193,44930055,95.88
"lebanese",193,44930248,95.88
"loot",193,44930441,95.88
"measurable",193,44930634,95.88
"mohawk",193,44930827,95.88
"monies",193,44931020,95.88
"prelude",193,44931213,95.88
"printable",193,44931406,95.88
"profanity",193,44931599,95.88
"qatar",193,44931792,95.89
"rachael",193,44931985,95.89
"rollins",193,44932178,95.89
"sheds",193,44932371,95.89
"travolta",193,44932564,95.89
"unborn",193,44932757,95.89
"vhs",193,44932950,95.89
"waged",193,44933143,95.89
"artsy",192,44933335,95.89
"austrian",192,44933527,95.89
"bouncy",192,44933719,95.89
"bridesmaid",192,44933911,95.89
"catholicism",192,44934103,95.89
"composing",192,44934295,95.89
"conquest",192,44934487,95.89
"conundrum",192,44934679,95.89
"crayon",192,44934871,95.89
"cuss",192,44935063,95.89
"deliberations",192,44935255,95.89
"dianne",192,44935447,95.89
"disciple",192,44935639,95.89
"ethos",192,44935831,95.89
"evokes",192,44936023,95.89
"gallo",192,44936215,95.89
"goethe",192,44936407,95.89
"handbags",192,44936599,95.9
"handcuffs",192,44936791,95.9
"hives",192,44936983,95.9
"horseshoe",192,44937175,95.9
"hysteria",192,44937367,95.9
"imaginations",192,44937559,95.9
"interpreter",192,44937751,95.9
"intolerant",192,44937943,95.9
"johannesburg",192,44938135,95.9
"kinks",192,44938327,95.9
"lingered",192,44938519,95.9
"lounging",192,44938711,95.9
"mastercard",192,44938903,95.9
"mediums",192,44939095,95.9
"molds",192,44939287,95.9
"nylon",192,44939479,95.9
"occupies",192,44939671,95.9
"overland",192,44939863,95.9
"plated",192,44940055,95.9
"psychologically",192,44940247,95.9
"repentance",192,44940439,95.9
"revisited",192,44940631,95.9
"saxophone",192,44940823,95.9
"scuba",192,44941015,95.9
"silenced",192,44941207,95.91
"sizzling",192,44941399,95.91
"skit",192,44941591,95.91
"slog",192,44941783,95.91
"snapper",192,44941975,95.91
"sorrows",192,44942167,95.91
"spartan",192,44942359,95.91
"stimulation",192,44942551,95.91
"submerged",192,44942743,95.91
"tangle",192,44942935,95.91
"tolerable",192,44943127,95.91
"unconditionally",192,44943319,95.91
"whistling",192,44943511,95.91
"abel",191,44943702,95.91
"absurdity",191,44943893,95.91
"amphitheater",191,44944084,95.91
"amuse",191,44944275,95.91
"archie",191,44944466,95.91
"buildup",191,44944657,95.91
"buttered",191,44944848,95.91
"childbirth",191,44945039,95.91
"chock",191,44945230,95.91
"complimented",191,44945421,95.91
"conveyed",191,44945612,95.91
"cures",191,44945803,95.91
"detergent",191,44945994,95.92
"discretionary",191,44946185,95.92
"distortion",191,44946376,95.92
"doctoral",191,44946567,95.92
"estrada",191,44946758,95.92
"exemplary",191,44946949,95.92
"fdic",191,44947140,95.92
"flatten",191,44947331,95.92
"fortified",191,44947522,95.92
"gurus",191,44947713,95.92
"indulging",191,44947904,95.92
"innovators",191,44948095,95.92
"legalization",191,44948286,95.92
"lifeless",191,44948477,95.92
"menopause",191,44948668,95.92
"mosley",191,44948859,95.92
"multiculturalism",191,44949050,95.92
"mussolini",191,44949241,95.92
"resonance",191,44949432,95.92
"salinas",191,44949623,95.92
"sensibilities",191,44949814,95.92
"shatter",191,44950005,95.92
"somali",191,44950196,95.92
"sprints",191,44950387,95.92
"squirt",191,44950578,95.93
"strep",191,44950769,95.93
"stricter",191,44950960,95.93
"stringent",191,44951151,95.93
"territorial",191,44951342,95.93
"tibetan",191,44951533,95.93
"turk",191,44951724,95.93
"anticipates",190,44951914,95.93
"bali",190,44952104,95.93
"bodyguard",190,44952294,95.93
"brunette",190,44952484,95.93
"chickpeas",190,44952674,95.93
"comforted",190,44952864,95.93
"comma",190,44953054,95.93
"doomsday",190,44953244,95.93
"evocative",190,44953434,95.93
"fated",190,44953624,95.93
"geological",190,44953814,95.93
"guantanamo",190,44954004,95.93
"haircuts",190,44954194,95.93
"harassing",190,44954384,95.93
"imperfections",190,44954574,95.93
"kruger",190,44954764,95.93
"latina",190,44954954,95.93
"ls",190,44955144,95.93
"mittens",190,44955334,95.94
"mouthed",190,44955524,95.94
"outweigh",190,44955714,95.94
"pickups",190,44955904,95.94
"pitted",190,44956094,95.94
"princesses",190,44956284,95.94
"quickest",190,44956474,95.94
"quota",190,44956664,95.94
"revert",190,44956854,95.94
"salami",190,44957044,95.94
"scooped",190,44957234,95.94
"snickers",190,44957424,95.94
"spoonful",190,44957614,95.94
"starvation",190,44957804,95.94
"steely",190,44957994,95.94
"tram",190,44958184,95.94
"translating",190,44958374,95.94
"treacherous",190,44958564,95.94
"unintentionally",190,44958754,95.94
"uproar",190,44958944,95.94
"whirl",190,44959134,95.94
"accompanies",189,44959323,95.94
"affirm",189,44959512,95.94
"airtight",189,44959701,95.94
"arcadia",189,44959890,95.94
"assurances",189,44960079,95.95
"atlantis",189,44960268,95.95
"blackened",189,44960457,95.95
"blanche",189,44960646,95.95
"boa",189,44960835,95.95
"botox",189,44961024,95.95
"caretaker",189,44961213,95.95
"coded",189,44961402,95.95
"crossings",189,44961591,95.95
"culminating",189,44961780,95.95
"dislikes",189,44961969,95.95
"downgraded",189,44962158,95.95
"facets",189,44962347,95.95
"gladiators",189,44962536,95.95
"grazing",189,44962725,95.95
"heist",189,44962914,95.95
"injure",189,44963103,95.95
"jive",189,44963292,95.95
"joann",189,44963481,95.95
"malay",189,44963670,95.95
"medicinal",189,44963859,95.95
"metallica",189,44964048,95.95
"nab",189,44964237,95.95
"orchids",189,44964426,95.95
"overt",189,44964615,95.96
"owing",189,44964804,95.96
"programmer",189,44964993,95.96
"reigns",189,44965182,95.96
"reuben",189,44965371,95.96
"roared",189,44965560,95.96
"shelving",189,44965749,95.96
"shrunk",189,44965938,95.96
"thickened",189,44966127,95.96
"unavoidable",189,44966316,95.96
"withholding",189,44966505,95.96
"antibiotic",188,44966693,95.96
"antoine",188,44966881,95.96
"benevolent",188,44967069,95.96
"bengal",188,44967257,95.96
"blissful",188,44967445,95.96
"brightness",188,44967633,95.96
"brut",188,44967821,95.96
"chuckled",188,44968009,95.96
"condominium",188,44968197,95.96
"copeland",188,44968385,95.96
"delectable",188,44968573,95.96
"depict",188,44968761,95.96
"discern",188,44968949,95.96
"eerily",188,44969137,95.96
"ensured",188,44969325,95.97
"gazette",188,44969513,95.97
"georges",188,44969701,95.97
"grover",188,44969889,95.97
"gumbo",188,44970077,95.97
"halibut",188,44970265,95.97
"hardcover",188,44970453,95.97
"heyday",188,44970641,95.97
"innovate",188,44970829,95.97
"kirsten",188,44971017,95.97
"lao",188,44971205,95.97
"meticulously",188,44971393,95.97
"nb",188,44971581,95.97
"ovarian",188,44971769,95.97
"packard",188,44971957,95.97
"piped",188,44972145,95.97
"racer",188,44972333,95.97
"reich",188,44972521,95.97
"requisite",188,44972709,95.97
"richter",188,44972897,95.97
"riverfront",188,44973085,95.97
"scrabble",188,44973273,95.97
"selfishness",188,44973461,95.97
"sensations",188,44973649,95.97
"shockingly",188,44973837,95.97
"sonia",188,44974025,95.98
"spontaneously",188,44974213,95.98
"steadfast",188,44974401,95.98
"subscribed",188,44974589,95.98
"throats",188,44974777,95.98
"tricked",188,44974965,95.98
"unload",188,44975153,95.98
"unspoken",188,44975341,95.98
"waning",188,44975529,95.98
"backfield",187,44975716,95.98
"barbershop",187,44975903,95.98
"booed",187,44976090,95.98
"bray",187,44976277,95.98
"burying",187,44976464,95.98
"civility",187,44976651,95.98
"combos",187,44976838,95.98
"complicate",187,44977025,95.98
"concourse",187,44977212,95.98
"cuddly",187,44977399,95.98
"enraged",187,44977586,95.98
"ethereal",187,44977773,95.98
"etta",187,44977960,95.98
"evaporated",187,44978147,95.98
"giovanni",187,44978334,95.98
"grudge",187,44978521,95.98
"henri",187,44978708,95.99
"inhale",187,44978895,95.99
"insensitive",187,44979082,95.99
"landon",187,44979269,95.99
"laurent",187,44979456,95.99
"liberalism",187,44979643,95.99
"malaysians",187,44979830,95.99
"malice",187,44980017,95.99
"moaning",187,44980204,95.99
"overlapping",187,44980391,95.99
"periodic",187,44980578,95.99
"phoebe",187,44980765,95.99
"plywood",187,44980952,95.99
"predictably",187,44981139,95.99
"rescuers",187,44981326,95.99
"slit",187,44981513,95.99
"stalked",187,44981700,95.99
"straightened",187,44981887,95.99
"titus",187,44982074,95.99
"upped",187,44982261,95.99
"wonky",187,44982448,95.99
"workplaces",187,44982635,95.99
"angelou",186,44982821,95.99
"archaeological",186,44983007,95.99
"blackberries",186,44983193,95.99
"bldg",186,44983379,96
"boosters",186,44983565,96
"briefs",186,44983751,96
"chilean",186,44983937,96
"compressed",186,44984123,96
"differs",186,44984309,96
"dimes",186,44984495,96
"disclosures",186,44984681,96
"divers",186,44984867,96
"dynamo",186,44985053,96
"expectancy",186,44985239,96
"graced",186,44985425,96
"heron",186,44985611,96
"intimately",186,44985797,96
"jukebox",186,44985983,96
"juniper",186,44986169,96
"kenyan",186,44986355,96
"lilies",186,44986541,96
"limitation",186,44986727,96
"lu",186,44986913,96
"lukewarm",186,44987099,96
"minions",186,44987285,96
"misinformation",186,44987471,96
"mums",186,44987657,96
"optical",186,44987843,96
"perpetrators",186,44988029,96.01
"prescribe",186,44988215,96.01
"proclaiming",186,44988401,96.01
"protagonists",186,44988587,96.01
"racists",186,44988773,96.01
"reinforces",186,44988959,96.01
"ringtone",186,44989145,96.01
"robotics",186,44989331,96.01
"salons",186,44989517,96.01
"snuggled",186,44989703,96.01
"stuffy",186,44989889,96.01
"taxable",186,44990075,96.01
"vanish",186,44990261,96.01
"withhold",186,44990447,96.01
"acronym",185,44990632,96.01
"arboretum",185,44990817,96.01
"bamboozle",185,44991002,96.01
"bestseller",185,44991187,96.01
"blight",185,44991372,96.01
"boos",185,44991557,96.01
"carlsbad",185,44991742,96.01
"cloths",185,44991927,96.01
"comet",185,44992112,96.01
"complexities",185,44992297,96.01
"constituency",185,44992482,96.01
"constitutionality",185,44992667,96.01
"containment",185,44992852,96.02
"cottages",185,44993037,96.02
"dependency",185,44993222,96.02
"deteriorating",185,44993407,96.02
"duly",185,44993592,96.02
"exploiting",185,44993777,96.02
"formative",185,44993962,96.02
"fracturing",185,44994147,96.02
"frankfurt",185,44994332,96.02
"hampered",185,44994517,96.02
"handheld",185,44994702,96.02
"hurley",185,44994887,96.02
"institutes",185,44995072,96.02
"journalistic",185,44995257,96.02
"junkies",185,44995442,96.02
"kaye",185,44995627,96.02
"landry",185,44995812,96.02
"lieberman",185,44995997,96.02
"lunatic",185,44996182,96.02
"mckee",185,44996367,96.02
"modernist",185,44996552,96.02
"orion",185,44996737,96.02
"overpowering",185,44996922,96.02
"passports",185,44997107,96.02
"patsy",185,44997292,96.02
"pedigree",185,44997477,96.03
"perfectionist",185,44997662,96.03
"perplexed",185,44997847,96.03
"pharmacist",185,44998032,96.03
"protocols",185,44998217,96.03
"puns",185,44998402,96.03
"renovating",185,44998587,96.03
"resale",185,44998772,96.03
"slander",185,44998957,96.03
"subsidize",185,44999142,96.03
"summon",185,44999327,96.03
"tamil",185,44999512,96.03
"tanya",185,44999697,96.03
"tenacious",185,44999882,96.03
"thrills",185,45000067,96.03
"undermined",185,45000252,96.03
"unimaginable",185,45000437,96.03
"venetian",185,45000622,96.03
"acorn",184,45000806,96.03
"addictions",184,45000990,96.03
"ardent",184,45001174,96.03
"aria",184,45001358,96.03
"assures",184,45001542,96.03
"bugging",184,45001726,96.03
"busier",184,45001910,96.03
"chime",184,45002094,96.04
"chutney",184,45002278,96.04
"cobain",184,45002462,96.04
"compromising",184,45002646,96.04
"crowns",184,45002830,96.04
"currencies",184,45003014,96.04
"deem",184,45003198,96.04
"engulfed",184,45003382,96.04
"fdr",184,45003566,96.04
"fitzpatrick",184,45003750,96.04
"fostering",184,45003934,96.04
"frisbee",184,45004118,96.04
"gabby",184,45004302,96.04
"gamblers",184,45004486,96.04
"garry",184,45004670,96.04
"greensboro",184,45004854,96.04
"hague",184,45005038,96.04
"hammering",184,45005222,96.04
"harrowing",184,45005406,96.04
"hepatitis",184,45005590,96.04
"housekeeping",184,45005774,96.04
"isles",184,45005958,96.04
"lancers",184,45006142,96.04
"lineups",184,45006326,96.04
"lyle",184,45006510,96.04
"myanmar",184,45006694,96.04
"pests",184,45006878,96.05
"petrol",184,45007062,96.05
"polishes",184,45007246,96.05
"polluted",184,45007430,96.05
"rift",184,45007614,96.05
"rosario",184,45007798,96.05
"sliver",184,45007982,96.05
"socrates",184,45008166,96.05
"sporadic",184,45008350,96.05
"succulent",184,45008534,96.05
"tester",184,45008718,96.05
"tinkering",184,45008902,96.05
"vaccinations",184,45009086,96.05
"bandit",183,45009269,96.05
"bathe",183,45009452,96.05
"bearer",183,45009635,96.05
"bowers",183,45009818,96.05
"bustle",183,45010001,96.05
"comprise",183,45010184,96.05
"convoluted",183,45010367,96.05
"ecuador",183,45010550,96.05
"fanfare",183,45010733,96.05
"fielded",183,45010916,96.05
"fisheries",183,45011099,96.05
"foolishness",183,45011282,96.05
"forecasters",183,45011465,96.06
"grandeur",183,45011648,96.06
"grasping",183,45011831,96.06
"hinds",183,45012014,96.06
"hone",183,45012197,96.06
"impossibly",183,45012380,96.06
"influencing",183,45012563,96.06
"insure",183,45012746,96.06
"intrepid",183,45012929,96.06
"jagged",183,45013112,96.06
"jazzy",183,45013295,96.06
"kristina",183,45013478,96.06
"libra",183,45013661,96.06
"locating",183,45013844,96.06
"mayday",183,45014027,96.06
"memorized",183,45014210,96.06
"mirage",183,45014393,96.06
"oktoberfest",183,45014576,96.06
"painkillers",183,45014759,96.06
"patel",183,45014942,96.06
"phased",183,45015125,96.06
"pondered",183,45015308,96.06
"populist",183,45015491,96.06
"proliferation",183,45015674,96.06
"pungent",183,45015857,96.06
"questionnaire",183,45016040,96.06
"rants",183,45016223,96.07
"roxy",183,45016406,96.07
"socialists",183,45016589,96.07
"stints",183,45016772,96.07
"strengthens",183,45016955,96.07
"stunts",183,45017138,96.07
"toppled",183,45017321,96.07
"tudor",183,45017504,96.07
"venison",183,45017687,96.07
"weeding",183,45017870,96.07
"wheres",183,45018053,96.07
"wikileaks",183,45018236,96.07
"accordion",182,45018418,96.07
"asserts",182,45018600,96.07
"bermuda",182,45018782,96.07
"boers",182,45018964,96.07
"braid",182,45019146,96.07
"cabs",182,45019328,96.07
"camry",182,45019510,96.07
"cinematography",182,45019692,96.07
"cluttered",182,45019874,96.07
"cockpit",182,45020056,96.07
"comparative",182,45020238,96.07
"compromises",182,45020420,96.07
"conspiring",182,45020602,96.07
"cookout",182,45020784,96.07
"darth",182,45020966,96.08
"dehydrated",182,45021148,96.08
"detractors",182,45021330,96.08
"distressing",182,45021512,96.08
"durability",182,45021694,96.08
"enchanting",182,45021876,96.08
"entrants",182,45022058,96.08
"foreigner",182,45022240,96.08
"gall",182,45022422,96.08
"germ",182,45022604,96.08
"hartman",182,45022786,96.08
"hydrogen",182,45022968,96.08
"informational",182,45023150,96.08
"invincible",182,45023332,96.08
"leftists",182,45023514,96.08
"marshals",182,45023696,96.08
"nurtured",182,45023878,96.08
"organisms",182,45024060,96.08
"parcels",182,45024242,96.08
"patented",182,45024424,96.08
"penelope",182,45024606,96.08
"pinched",182,45024788,96.08
"potassium",182,45024970,96.08
"prepped",182,45025152,96.08
"presided",182,45025334,96.08
"procrastinate",182,45025516,96.09
"reasoned",182,45025698,96.09
"rewriting",182,45025880,96.09
"saddam",182,45026062,96.09
"signaling",182,45026244,96.09
"skipper",182,45026426,96.09
"spotty",182,45026608,96.09
"statesman",182,45026790,96.09
"stills",182,45026972,96.09
"suarez",182,45027154,96.09
"swath",182,45027336,96.09
"tempt",182,45027518,96.09
"upheaval",182,45027700,96.09
"vaudeville",182,45027882,96.09
"vests",182,45028064,96.09
"weaves",182,45028246,96.09
"worrisome",182,45028428,96.09
"aggregate",181,45028609,96.09
"alejandro",181,45028790,96.09
"amateurs",181,45028971,96.09
"billie",181,45029152,96.09
"butte",181,45029333,96.09
"celestial",181,45029514,96.09
"ceramics",181,45029695,96.09
"competence",181,45029876,96.09
"consignment",181,45030057,96.09
"coordinates",181,45030238,96.1
"culmination",181,45030419,96.1
"deficiency",181,45030600,96.1
"delaney",181,45030781,96.1
"dined",181,45030962,96.1
"enigmatic",181,45031143,96.1
"figuratively",181,45031324,96.1
"fortnight",181,45031505,96.1
"frowned",181,45031686,96.1
"greenery",181,45031867,96.1
"greets",181,45032048,96.1
"halved",181,45032229,96.1
"hickey",181,45032410,96.1
"inexplicable",181,45032591,96.1
"insides",181,45032772,96.1
"isabella",181,45032953,96.1
"janis",181,45033134,96.1
"minnie",181,45033315,96.1
"miscarriage",181,45033496,96.1
"philanthropic",181,45033677,96.1
"pleases",181,45033858,96.1
"prohibiting",181,45034039,96.1
"ratios",181,45034220,96.1
"snacking",181,45034401,96.1
"stacking",181,45034582,96.1
"std",181,45034763,96.1
"supervise",181,45034944,96.11
"surging",181,45035125,96.11
"syndicated",181,45035306,96.11
"tapestry",181,45035487,96.11
"thwarted",181,45035668,96.11
"tubs",181,45035849,96.11
"unprofessional",181,45036030,96.11
"webpage",181,45036211,96.11
"winchester",181,45036392,96.11
"zionist",181,45036573,96.11
"angelic",180,45036753,96.11
"bane",180,45036933,96.11
"bestowed",180,45037113,96.11
"burglaries",180,45037293,96.11
"canterbury",180,45037473,96.11
"carousel",180,45037653,96.11
"cellars",180,45037833,96.11
"conducive",180,45038013,96.11
"contending",180,45038193,96.11
"contingency",180,45038373,96.11
"debilitating",180,45038553,96.11
"deterrent",180,45038733,96.11
"discriminatory",180,45038913,96.11
"duluth",180,45039093,96.11
"enchiladas",180,45039273,96.11
"epilepsy",180,45039453,96.11
"expertly",180,45039633,96.12
"fluorescent",180,45039813,96.12
"formulas",180,45039993,96.12
"glide",180,45040173,96.12
"gotham",180,45040353,96.12
"groundwork",180,45040533,96.12
"kiosk",180,45040713,96.12
"lanterns",180,45040893,96.12
"limelight",180,45041073,96.12
"lingers",180,45041253,96.12
"longed",180,45041433,96.12
"manure",180,45041613,96.12
"mosques",180,45041793,96.12
"nameless",180,45041973,96.12
"observes",180,45042153,96.12
"pastures",180,45042333,96.12
"psychologists",180,45042513,96.12
"retires",180,45042693,96.12
"seizing",180,45042873,96.12
"sexism",180,45043053,96.12
"shuffled",180,45043233,96.12
"slams",180,45043413,96.12
"smothered",180,45043593,96.12
"spat",180,45043773,96.12
"steeped",180,45043953,96.12
"subscriber",180,45044133,96.12
"taunting",180,45044313,96.13
"tulip",180,45044493,96.13
"typos",180,45044673,96.13
"visualization",180,45044853,96.13
"wager",180,45045033,96.13
"wretched",180,45045213,96.13
"aimee",179,45045392,96.13
"alias",179,45045571,96.13
"andersen",179,45045750,96.13
"anonymously",179,45045929,96.13
"ascent",179,45046108,96.13
"babysit",179,45046287,96.13
"benchmarks",179,45046466,96.13
"cobbler",179,45046645,96.13
"daydream",179,45046824,96.13
"dina",179,45047003,96.13
"doodles",179,45047182,96.13
"doubting",179,45047361,96.13
"drags",179,45047540,96.13
"establishes",179,45047719,96.13
"finisher",179,45047898,96.13
"fives",179,45048077,96.13
"islanders",179,45048256,96.13
"knuckle",179,45048435,96.13
"likened",179,45048614,96.13
"lowers",179,45048793,96.13
"lowly",179,45048972,96.14
"meticulous",179,45049151,96.14
"munching",179,45049330,96.14
"organically",179,45049509,96.14
"pessimistic",179,45049688,96.14
"poise",179,45049867,96.14
"primed",179,45050046,96.14
"promos",179,45050225,96.14
"provence",179,45050404,96.14
"pta",179,45050583,96.14
"router",179,45050762,96.14
"sexier",179,45050941,96.14
"simultaneous",179,45051120,96.14
"socialize",179,45051299,96.14
"solicit",179,45051478,96.14
"stardom",179,45051657,96.14
"suspending",179,45051836,96.14
"sykes",179,45052015,96.14
"tc",179,45052194,96.14
"thrifty",179,45052373,96.14
"tia",179,45052552,96.14
"tinged",179,45052731,96.14
"tiniest",179,45052910,96.14
"trenches",179,45053089,96.14
"utopia",179,45053268,96.14
"walleye",179,45053447,96.14
"wharton",179,45053626,96.15
"whisking",179,45053805,96.15
"antidote",178,45053983,96.15
"backups",178,45054161,96.15
"buzzed",178,45054339,96.15
"carver",178,45054517,96.15
"cautionary",178,45054695,96.15
"cheetah",178,45054873,96.15
"comparatively",178,45055051,96.15
"creeper",178,45055229,96.15
"creighton",178,45055407,96.15
"curiously",178,45055585,96.15
"discerning",178,45055763,96.15
"disproportionate",178,45055941,96.15
"dps",178,45056119,96.15
"eiffel",178,45056297,96.15
"elemental",178,45056475,96.15
"escalated",178,45056653,96.15
"excelled",178,45056831,96.15
"faking",178,45057009,96.15
"fresher",178,45057187,96.15
"fumbled",178,45057365,96.15
"grossly",178,45057543,96.15
"incarnate",178,45057721,96.15
"interrupting",178,45057899,96.15
"lopsided",178,45058077,96.15
"margarine",178,45058255,96.15
"mcclain",178,45058433,96.16
"monaco",178,45058611,96.16
"nathaniel",178,45058789,96.16
"occupations",178,45058967,96.16
"opposites",178,45059145,96.16
"overdrive",178,45059323,96.16
"paraphrase",178,45059501,96.16
"pauses",178,45059679,96.16
"pore",178,45059857,96.16
"quintessential",178,45060035,96.16
"sham",178,45060213,96.16
"sherri",178,45060391,96.16
"terminator",178,45060569,96.16
"towed",178,45060747,96.16
"transitioning",178,45060925,96.16
"unfounded",178,45061103,96.16
"unresolved",178,45061281,96.16
"waive",178,45061459,96.16
"warden",178,45061637,96.16
"wildflowers",178,45061815,96.16
"ambiance",177,45061992,96.16
"ambiguity",177,45062169,96.16
"approachable",177,45062346,96.16
"artillery",177,45062523,96.16
"betray",177,45062700,96.16
"burdened",177,45062877,96.16
"cardiologist",177,45063054,96.17
"compliant",177,45063231,96.17
"copious",177,45063408,96.17
"deficiencies",177,45063585,96.17
"disobedience",177,45063762,96.17
"disservice",177,45063939,96.17
"divides",177,45064116,96.17
"extremism",177,45064293,96.17
"fandom",177,45064470,96.17
"feathered",177,45064647,96.17
"floppy",177,45064824,96.17
"forceful",177,45065001,96.17
"foxes",177,45065178,96.17
"grainy",177,45065355,96.17
"groan",177,45065532,96.17
"gutsy",177,45065709,96.17
"heaps",177,45065886,96.17
"hepburn",177,45066063,96.17
"hilarity",177,45066240,96.17
"intently",177,45066417,96.17
"intrusive",177,45066594,96.17
"jokingly",177,45066771,96.17
"knuckles",177,45066948,96.17
"laureate",177,45067125,96.17
"loin",177,45067302,96.17
"loophole",177,45067479,96.17
"melanoma",177,45067656,96.17
"nervously",177,45067833,96.18
"niagara",177,45068010,96.18
"prawns",177,45068187,96.18
"prematurely",177,45068364,96.18
"quirks",177,45068541,96.18
"repertory",177,45068718,96.18
"rhapsody",177,45068895,96.18
"rollers",177,45069072,96.18
"romances",177,45069249,96.18
"seeker",177,45069426,96.18
"sermons",177,45069603,96.18
"shards",177,45069780,96.18
"shellfish",177,45069957,96.18
"skulls",177,45070134,96.18
"smarts",177,45070311,96.18
"sparking",177,45070488,96.18
"sprain",177,45070665,96.18
"stoppage",177,45070842,96.18
"thefts",177,45071019,96.18
"tireless",177,45071196,96.18
"validate",177,45071373,96.18
"vases",177,45071550,96.18
"virgo",177,45071727,96.18
"wobbly",177,45071904,96.18
"wolff",177,45072081,96.18
"wrestlers",177,45072258,96.18
"agitated",176,45072434,96.19
"catalogs",176,45072610,96.19
"clipper",176,45072786,96.19
"collaborators",176,45072962,96.19
"confucius",176,45073138,96.19
"congresswoman",176,45073314,96.19
"councilors",176,45073490,96.19
"criminally",176,45073666,96.19
"diplomat",176,45073842,96.19
"disproportionately",176,45074018,96.19
"dissident",176,45074194,96.19
"downstream",176,45074370,96.19
"duchess",176,45074546,96.19
"flopped",176,45074722,96.19
"forearm",176,45074898,96.19
"glorify",176,45075074,96.19
"graces",176,45075250,96.19
"grate",176,45075426,96.19
"gridlock",176,45075602,96.19
"groomed",176,45075778,96.19
"hangers",176,45075954,96.19
"herring",176,45076130,96.19
"hopelessly",176,45076306,96.19
"humiliating",176,45076482,96.19
"inclination",176,45076658,96.19
"inept",176,45076834,96.19
"kayaking",176,45077010,96.19
"landowners",176,45077186,96.2
"latex",176,45077362,96.2
"linguistic",176,45077538,96.2
"philharmonic",176,45077714,96.2
"philosophers",176,45077890,96.2
"piercings",176,45078066,96.2
"pitiful",176,45078242,96.2
"plums",176,45078418,96.2
"prejudices",176,45078594,96.2
"retrieved",176,45078770,96.2
"romaine",176,45078946,96.2
"rowland",176,45079122,96.2
"setter",176,45079298,96.2
"sinclair",176,45079474,96.2
"swisher",176,45079650,96.2
"taker",176,45079826,96.2
"textiles",176,45080002,96.2
"thorns",176,45080178,96.2
"tux",176,45080354,96.2
"unsolicited",176,45080530,96.2
"vader",176,45080706,96.2
"ventilation",176,45080882,96.2
"viagra",176,45081058,96.2
"wharf",176,45081234,96.2
"bran",175,45081409,96.2
"catchers",175,45081584,96.2
"chiropractor",175,45081759,96.21
"citadel",175,45081934,96.21
"coarsely",175,45082109,96.21
"cranking",175,45082284,96.21
"cutbacks",175,45082459,96.21
"cuteness",175,45082634,96.21
"demonic",175,45082809,96.21
"devotional",175,45082984,96.21
"enlarged",175,45083159,96.21
"extinguisher",175,45083334,96.21
"facilitating",175,45083509,96.21
"ferocious",175,45083684,96.21
"finesse",175,45083859,96.21
"fright",175,45084034,96.21
"fructose",175,45084209,96.21
"grimes",175,45084384,96.21
"hamlin",175,45084559,96.21
"heller",175,45084734,96.21
"hess",175,45084909,96.21
"honed",175,45085084,96.21
"horde",175,45085259,96.21
"hydrated",175,45085434,96.21
"indefinite",175,45085609,96.21
"induce",175,45085784,96.21
"infancy",175,45085959,96.21
"ingenious",175,45086134,96.21
"jimmie",175,45086309,96.21
"juiced",175,45086484,96.22
"julio",175,45086659,96.22
"lanka",175,45086834,96.22
"lapses",175,45087009,96.22
"licks",175,45087184,96.22
"manifested",175,45087359,96.22
"mcintyre",175,45087534,96.22
"mockery",175,45087709,96.22
"mulligan",175,45087884,96.22
"precarious",175,45088059,96.22
"predatory",175,45088234,96.22
"registers",175,45088409,96.22
"rickey",175,45088584,96.22
"rigs",175,45088759,96.22
"safeguards",175,45088934,96.22
"scandalous",175,45089109,96.22
"sheraton",175,45089284,96.22
"soliciting",175,45089459,96.22
"stinging",175,45089634,96.22
"storming",175,45089809,96.22
"suitcases",175,45089984,96.22
"swaying",175,45090159,96.22
"weirdly",175,45090334,96.22
"amazement",174,45090508,96.22
"appalachian",174,45090682,96.22
"breakers",174,45090856,96.22
"bungalow",174,45091030,96.22
"cleavage",174,45091204,96.23
"clocked",174,45091378,96.23
"consulate",174,45091552,96.23
"criterion",174,45091726,96.23
"deanna",174,45091900,96.23
"decatur",174,45092074,96.23
"deceive",174,45092248,96.23
"dependable",174,45092422,96.23
"dispose",174,45092596,96.23
"divergent",174,45092770,96.23
"dreamers",174,45092944,96.23
"drizzled",174,45093118,96.23
"emirates",174,45093292,96.23
"endorses",174,45093466,96.23
"exaggerating",174,45093640,96.23
"expressway",174,45093814,96.23
"fishes",174,45093988,96.23
"fumbles",174,45094162,96.23
"glittering",174,45094336,96.23
"ina",174,45094510,96.23
"javascript",174,45094684,96.23
"levees",174,45094858,96.23
"lupus",174,45095032,96.23
"marcel",174,45095206,96.23
"monsoon",174,45095380,96.23
"overs",174,45095554,96.23
"pence",174,45095728,96.23
"proponent",174,45095902,96.24
"radishes",174,45096076,96.24
"readable",174,45096250,96.24
"refurbished",174,45096424,96.24
"reliably",174,45096598,96.24
"rethinking",174,45096772,96.24
"roadways",174,45096946,96.24
"saddled",174,45097120,96.24
"scandinavian",174,45097294,96.24
"sculptor",174,45097468,96.24
"seniority",174,45097642,96.24
"southampton",174,45097816,96.24
"souvenirs",174,45097990,96.24
"splendor",174,45098164,96.24
"squats",174,45098338,96.24
"stencil",174,45098512,96.24
"swoop",174,45098686,96.24
"titan",174,45098860,96.24
"widget",174,45099034,96.24
"zeal",174,45099208,96.24
"abode",173,45099381,96.24
"agonizing",173,45099554,96.24
"angrily",173,45099727,96.24
"ante",173,45099900,96.24
"artful",173,45100073,96.24
"attaching",173,45100246,96.24
"auxiliary",173,45100419,96.24
"bacterial",173,45100592,96.25
"blackwell",173,45100765,96.25
"boosts",173,45100938,96.25
"capping",173,45101111,96.25
"collide",173,45101284,96.25
"consumes",173,45101457,96.25
"contemporaries",173,45101630,96.25
"cranked",173,45101803,96.25
"crazier",173,45101976,96.25
"decipher",173,45102149,96.25
"derail",173,45102322,96.25
"derivatives",173,45102495,96.25
"disclosing",173,45102668,96.25
"disrupting",173,45102841,96.25
"dyson",173,45103014,96.25
"egyptians",173,45103187,96.25
"embodied",173,45103360,96.25
"forfeit",173,45103533,96.25
"fragrances",173,45103706,96.25
"gist",173,45103879,96.25
"hover",173,45104052,96.25
"lillian",173,45104225,96.25
"livelihood",173,45104398,96.25
"mao",173,45104571,96.25
"marketer",173,45104744,96.25
"nonexistent",173,45104917,96.25
"preferable",173,45105090,96.25
"prologue",173,45105263,96.26
"publishes",173,45105436,96.26
"purported",173,45105609,96.26
"rh",173,45105782,96.26
"scallions",173,45105955,96.26
"solidly",173,45106128,96.26
"spewing",173,45106301,96.26
"sunsets",173,45106474,96.26
"systematically",173,45106647,96.26
"terrier",173,45106820,96.26
"thrived",173,45106993,96.26
"thur",173,45107166,96.26
"torque",173,45107339,96.26
"uniqueness",173,45107512,96.26
"vilma",173,45107685,96.26
"whisked",173,45107858,96.26
"winnipeg",173,45108031,96.26
"applesauce",172,45108203,96.26
"beaded",172,45108375,96.26
"carlyle",172,45108547,96.26
"chatty",172,45108719,96.26
"clashed",172,45108891,96.26
"critiques",172,45109063,96.26
"delightfully",172,45109235,96.26
"demolish",172,45109407,96.26
"dispensary",172,45109579,96.26
"dressage",172,45109751,96.26
"fanned",172,45109923,96.27
"forecasting",172,45110095,96.27
"gobble",172,45110267,96.27
"gracie",172,45110439,96.27
"granulated",172,45110611,96.27
"grasses",172,45110783,96.27
"gusts",172,45110955,96.27
"homesick",172,45111127,96.27
"hunk",172,45111299,96.27
"invoke",172,45111471,96.27
"jeopardize",172,45111643,96.27
"juggle",172,45111815,96.27
"kauai",172,45111987,96.27
"kmart",172,45112159,96.27
"lentil",172,45112331,96.27
"lull",172,45112503,96.27
"muck",172,45112675,96.27
"narnia",172,45112847,96.27
"pendulum",172,45113019,96.27
"pistols",172,45113191,96.27
"plugin",172,45113363,96.27
"pollock",172,45113535,96.27
"processors",172,45113707,96.27
"propane",172,45113879,96.27
"quickness",172,45114051,96.27
"reimburse",172,45114223,96.27
"resent",172,45114395,96.27
"schroeder",172,45114567,96.28
"shimmering",172,45114739,96.28
"spade",172,45114911,96.28
"specs",172,45115083,96.28
"summons",172,45115255,96.28
"tenacity",172,45115427,96.28
"tories",172,45115599,96.28
"trombone",172,45115771,96.28
"ukrainian",172,45115943,96.28
"unpack",172,45116115,96.28
"waxing",172,45116287,96.28
"wendell",172,45116459,96.28
"adolescents",171,45116630,96.28
"artifact",171,45116801,96.28
"awry",171,45116972,96.28
"bethesda",171,45117143,96.28
"boggling",171,45117314,96.28
"brine",171,45117485,96.28
"brisbane",171,45117656,96.28
"calmer",171,45117827,96.28
"coincided",171,45117998,96.28
"combs",171,45118169,96.28
"contraceptives",171,45118340,96.28
"dentists",171,45118511,96.28
"differential",171,45118682,96.28
"divinity",171,45118853,96.28
"exponentially",171,45119024,96.28
"extradition",171,45119195,96.28
"farce",171,45119366,96.29
"glacier",171,45119537,96.29
"gusto",171,45119708,96.29
"handcuffed",171,45119879,96.29
"healthiest",171,45120050,96.29
"implants",171,45120221,96.29
"inflatable",171,45120392,96.29
"insurgent",171,45120563,96.29
"laboratories",171,45120734,96.29
"lizzie",171,45120905,96.29
"lorenzo",171,45121076,96.29
"mammals",171,45121247,96.29
"meandering",171,45121418,96.29
"meteor",171,45121589,96.29
"mormons",171,45121760,96.29
"nasal",171,45121931,96.29
"newbies",171,45122102,96.29
"overrun",171,45122273,96.29
"philips",171,45122444,96.29
"picket",171,45122615,96.29
"pluto",171,45122786,96.29
"racket",171,45122957,96.29
"ruptured",171,45123128,96.29
"simulation",171,45123299,96.29
"sips",171,45123470,96.29
"snug",171,45123641,96.29
"sprang",171,45123812,96.29
"stumbles",171,45123983,96.3
"terminals",171,45124154,96.3
"tijuana",171,45124325,96.3
"trinidad",171,45124496,96.3
"triumphs",171,45124667,96.3
"vivian",171,45124838,96.3
"walled",171,45125009,96.3
"warmly",171,45125180,96.3
"weirdness",171,45125351,96.3
"arising",170,45125521,96.3
"artworks",170,45125691,96.3
"atrium",170,45125861,96.3
"auditioned",170,45126031,96.3
"awkwardness",170,45126201,96.3
"chongqing",170,45126371,96.3
"deliciousness",170,45126541,96.3
"dicaprio",170,45126711,96.3
"dole",170,45126881,96.3
"entrances",170,45127051,96.3
"eta",170,45127221,96.3
"excursions",170,45127391,96.3
"ezra",170,45127561,96.3
"flake",170,45127731,96.3
"flamenco",170,45127901,96.3
"flopping",170,45128071,96.3
"greenspan",170,45128241,96.3
"helpers",170,45128411,96.3
"hysterically",170,45128581,96.3
"icky",170,45128751,96.31
"inserts",170,45128921,96.31
"interruption",170,45129091,96.31
"intrinsic",170,45129261,96.31
"io",170,45129431,96.31
"jody",170,45129601,96.31
"libby",170,45129771,96.31
"maniac",170,45129941,96.31
"mannered",170,45130111,96.31
"mcknight",170,45130281,96.31
"meghan",170,45130451,96.31
"monarchy",170,45130621,96.31
"nordic",170,45130791,96.31
"oahu",170,45130961,96.31
"omelet",170,45131131,96.31
"pebbles",170,45131301,96.31
"pedals",170,45131471,96.31
"perverse",170,45131641,96.31
"philanthropist",170,45131811,96.31
"pitfalls",170,45131981,96.31
"pivot",170,45132151,96.31
"planetary",170,45132321,96.31
"plunging",170,45132491,96.31
"presumption",170,45132661,96.31
"quicken",170,45132831,96.31
"rename",170,45133001,96.31
"secluded",170,45133171,96.31
"shreds",170,45133341,96.32
"sickening",170,45133511,96.32
"sieve",170,45133681,96.32
"stephenson",170,45133851,96.32
"studs",170,45134021,96.32
"tailed",170,45134191,96.32
"tailgating",170,45134361,96.32
"tarmac",170,45134531,96.32
"traumatized",170,45134701,96.32
"uniformed",170,45134871,96.32
"valdez",170,45135041,96.32
"vocation",170,45135211,96.32
"adjunct",169,45135380,96.32
"affectionate",169,45135549,96.32
"alliances",169,45135718,96.32
"antarctica",169,45135887,96.32
"aperture",169,45136056,96.32
"appease",169,45136225,96.32
"articulated",169,45136394,96.32
"aversion",169,45136563,96.32
"ballerina",169,45136732,96.32
"booted",169,45136901,96.32
"brats",169,45137070,96.32
"calvert",169,45137239,96.32
"capri",169,45137408,96.32
"coleslaw",169,45137577,96.32
"constrained",169,45137746,96.32
"darlings",169,45137915,96.32
"defies",169,45138084,96.33
"deposition",169,45138253,96.33
"donnie",169,45138422,96.33
"drains",169,45138591,96.33
"drinkable",169,45138760,96.33
"equate",169,45138929,96.33
"faust",169,45139098,96.33
"fern",169,45139267,96.33
"flank",169,45139436,96.33
"homophobic",169,45139605,96.33
"insidious",169,45139774,96.33
"interfaith",169,45139943,96.33
"interpreting",169,45140112,96.33
"ire",169,45140281,96.33
"karla",169,45140450,96.33
"madeleine",169,45140619,96.33
"molecules",169,45140788,96.33
"neptune",169,45140957,96.33
"oncology",169,45141126,96.33
"pandering",169,45141295,96.33
"persecuted",169,45141464,96.33
"proprietor",169,45141633,96.33
"rapport",169,45141802,96.33
"residual",169,45141971,96.33
"shank",169,45142140,96.33
"soles",169,45142309,96.33
"spaceship",169,45142478,96.33
"specifications",169,45142647,96.34
"superstition",169,45142816,96.34
"taxis",169,45142985,96.34
"unparalleled",169,45143154,96.34
"utensils",169,45143323,96.34
"viii",169,45143492,96.34
"willed",169,45143661,96.34
"alleys",168,45143829,96.34
"aloft",168,45143997,96.34
"approvals",168,45144165,96.34
"asserting",168,45144333,96.34
"babylon",168,45144501,96.34
"baird",168,45144669,96.34
"bickering",168,45144837,96.34
"blondes",168,45145005,96.34
"bombay",168,45145173,96.34
"bowler",168,45145341,96.34
"brigham",168,45145509,96.34
"cashed",168,45145677,96.34
"chaplain",168,45145845,96.34
"continuum",168,45146013,96.34
"contrived",168,45146181,96.34
"courting",168,45146349,96.34
"deceived",168,45146517,96.34
"drywall",168,45146685,96.34
"dueling",168,45146853,96.34
"furlough",168,45147021,96.34
"glittery",168,45147189,96.34
"grappling",168,45147357,96.35
"haste",168,45147525,96.35
"hordes",168,45147693,96.35
"inbound",168,45147861,96.35
"inflict",168,45148029,96.35
"ir",168,45148197,96.35
"kidnap",168,45148365,96.35
"lars",168,45148533,96.35
"lollipop",168,45148701,96.35
"mapped",168,45148869,96.35
"molding",168,45149037,96.35
"mooney",168,45149205,96.35
"mouthful",168,45149373,96.35
"ninjas",168,45149541,96.35
"preferring",168,45149709,96.35
"progressively",168,45149877,96.35
"psychiatry",168,45150045,96.35
"registrations",168,45150213,96.35
"reminiscing",168,45150381,96.35
"rescuing",168,45150549,96.35
"resin",168,45150717,96.35
"revisiting",168,45150885,96.35
"rightful",168,45151053,96.35
"rosenberg",168,45151221,96.35
"skewer",168,45151389,96.35
"spectacularly",168,45151557,96.35
"sprouting",168,45151725,96.35
"stoner",168,45151893,96.35
"straws",168,45152061,96.36
"substituted",168,45152229,96.36
"ugliest",168,45152397,96.36
"underscore",168,45152565,96.36
"unmarried",168,45152733,96.36
"variant",168,45152901,96.36
"wasteland",168,45153069,96.36
"woodlands",168,45153237,96.36
"adaptations",167,45153404,96.36
"amplified",167,45153571,96.36
"anglican",167,45153738,96.36
"antoinette",167,45153905,96.36
"atrocious",167,45154072,96.36
"binoculars",167,45154239,96.36
"brianna",167,45154406,96.36
"burma",167,45154573,96.36
"chainsaw",167,45154740,96.36
"condescending",167,45154907,96.36
"croatia",167,45155074,96.36
"curators",167,45155241,96.36
"deliberation",167,45155408,96.36
"downer",167,45155575,96.36
"elated",167,45155742,96.36
"excruciating",167,45155909,96.36
"firehouse",167,45156076,96.36
"firestone",167,45156243,96.36
"flares",167,45156410,96.36
"flimsy",167,45156577,96.36
"giggled",167,45156744,96.37
"grouped",167,45156911,96.37
"hymns",167,45157078,96.37
"kerri",167,45157245,96.37
"lorraine",167,45157412,96.37
"mahogany",167,45157579,96.37
"mathis",167,45157746,96.37
"mergers",167,45157913,96.37
"mindy",167,45158080,96.37
"moths",167,45158247,96.37
"nev",167,45158414,96.37
"nineteenth",167,45158581,96.37
"painless",167,45158748,96.37
"paternal",167,45158915,96.37
"petal",167,45159082,96.37
"precaution",167,45159249,96.37
"preoccupied",167,45159416,96.37
"princes",167,45159583,96.37
"puffed",167,45159750,96.37
"qualification",167,45159917,96.37
"repealed",167,45160084,96.37
"skeletons",167,45160251,96.37
"skinner",167,45160418,96.37
"smirk",167,45160585,96.37
"sprinter",167,45160752,96.37
"staffs",167,45160919,96.37
"stillness",167,45161086,96.37
"succumb",167,45161253,96.37
"surrogate",167,45161420,96.38
"tantrums",167,45161587,96.38
"thames",167,45161754,96.38
"tylenol",167,45161921,96.38
"uncharted",167,45162088,96.38
"uninterrupted",167,45162255,96.38
"vicky",167,45162422,96.38
"visceral",167,45162589,96.38
"whatnot",167,45162756,96.38
"whitfield",167,45162923,96.38
"worsened",167,45163090,96.38
"annex",166,45163256,96.38
"aquarius",166,45163422,96.38
"armored",166,45163588,96.38
"attrition",166,45163754,96.38
"avoidance",166,45163920,96.38
"backpacks",166,45164086,96.38
"bergman",166,45164252,96.38
"bm",166,45164418,96.38
"cadets",166,45164584,96.38
"capitalized",166,45164750,96.38
"cataloging",166,45164916,96.38
"chaparral",166,45165082,96.38
"como",166,45165248,96.38
"competes",166,45165414,96.38
"complied",166,45165580,96.38
"conglomerate",166,45165746,96.38
"cumulative",166,45165912,96.38
"cupid",166,45166078,96.39
"dares",166,45166244,96.39
"della",166,45166410,96.39
"dignified",166,45166576,96.39
"dismantle",166,45166742,96.39
"dogged",166,45166908,96.39
"dummies",166,45167074,96.39
"envisions",166,45167240,96.39
"fickle",166,45167406,96.39
"galloway",166,45167572,96.39
"garza",166,45167738,96.39
"gentry",166,45167904,96.39
"gripped",166,45168070,96.39
"guggenheim",166,45168236,96.39
"harass",166,45168402,96.39
"ht",166,45168568,96.39
"ignatius",166,45168734,96.39
"inhabited",166,45168900,96.39
"intimidate",166,45169066,96.39
"jargon",166,45169232,96.39
"lingo",166,45169398,96.39
"lithium",166,45169564,96.39
"memberships",166,45169730,96.39
"misconception",166,45169896,96.39
"mite",166,45170062,96.39
"negotiators",166,45170228,96.39
"numbing",166,45170394,96.39
"olympian",166,45170560,96.39
"persevere",166,45170726,96.39
"prosecutions",166,45170892,96.4
"quakes",166,45171058,96.4
"reacts",166,45171224,96.4
"reassured",166,45171390,96.4
"reborn",166,45171556,96.4
"rebuke",166,45171722,96.4
"redmond",166,45171888,96.4
"rhinestones",166,45172054,96.4
"sauna",166,45172220,96.4
"shutouts",166,45172386,96.4
"smiths",166,45172552,96.4
"socializing",166,45172718,96.4
"soloist",166,45172884,96.4
"spades",166,45173050,96.4
"sterile",166,45173216,96.4
"suffolk",166,45173382,96.4
"telecast",166,45173548,96.4
"temperament",166,45173714,96.4
"toad",166,45173880,96.4
"toasty",166,45174046,96.4
"triggering",166,45174212,96.4
"vaccinated",166,45174378,96.4
"wanda",166,45174544,96.4
"whiting",166,45174710,96.4
"yielding",166,45174876,96.4
"allotted",165,45175041,96.4
"atheism",165,45175206,96.4
"ayers",165,45175371,96.4
"balked",165,45175536,96.41
"bowel",165,45175701,96.41
"chopper",165,45175866,96.41
"compartment",165,45176031,96.41
"coolness",165,45176196,96.41
"cowardly",165,45176361,96.41
"dandelion",165,45176526,96.41
"darlene",165,45176691,96.41
"dodgy",165,45176856,96.41
"encampment",165,45177021,96.41
"explanatory",165,45177186,96.41
"farmed",165,45177351,96.41
"fillets",165,45177516,96.41
"finder",165,45177681,96.41
"finnish",165,45177846,96.41
"fizzy",165,45178011,96.41
"goodbyes",165,45178176,96.41
"illiterate",165,45178341,96.41
"jodi",165,45178506,96.41
"koreans",165,45178671,96.41
"legalized",165,45178836,96.41
"midland",165,45179001,96.41
"mohammad",165,45179166,96.41
"mono",165,45179331,96.41
"orthopedic",165,45179496,96.41
"oswald",165,45179661,96.41
"parishes",165,45179826,96.41
"pastas",165,45179991,96.41
"patronage",165,45180156,96.42
"perusing",165,45180321,96.42
"philippians",165,45180486,96.42
"pilgrims",165,45180651,96.42
"prometheus",165,45180816,96.42
"puberty",165,45180981,96.42
"purposefully",165,45181146,96.42
"ragged",165,45181311,96.42
"raider",165,45181476,96.42
"reddish",165,45181641,96.42
"redeeming",165,45181806,96.42
"samurai",165,45181971,96.42
"sculpted",165,45182136,96.42
"sealing",165,45182301,96.42
"shivering",165,45182466,96.42
"stumped",165,45182631,96.42
"tarantino",165,45182796,96.42
"texan",165,45182961,96.42
"tormented",165,45183126,96.42
"underscored",165,45183291,96.42
"warmest",165,45183456,96.42
"wavy",165,45183621,96.42
"webcast",165,45183786,96.42
"absorption",164,45183950,96.42
"accelerator",164,45184114,96.42
"alaskan",164,45184278,96.42
"averted",164,45184442,96.42
"bagged",164,45184606,96.42
"baggy",164,45184770,96.42
"boasting",164,45184934,96.43
"bolted",164,45185098,96.43
"bootleg",164,45185262,96.43
"calderon",164,45185426,96.43
"chained",164,45185590,96.43
"cheats",164,45185754,96.43
"crook",164,45185918,96.43
"deflected",164,45186082,96.43
"diver",164,45186246,96.43
"dumber",164,45186410,96.43
"feline",164,45186574,96.43
"fenced",164,45186738,96.43
"frigid",164,45186902,96.43
"grins",164,45187066,96.43
"hamper",164,45187230,96.43
"haves",164,45187394,96.43
"hennessy",164,45187558,96.43
"huey",164,45187722,96.43
"ingrained",164,45187886,96.43
"initiation",164,45188050,96.43
"jab",164,45188214,96.43
"manipulating",164,45188378,96.43
"marred",164,45188542,96.43
"mcclellan",164,45188706,96.43
"memorandum",164,45188870,96.43
"morbid",164,45189034,96.43
"pointy",164,45189198,96.43
"pranks",164,45189362,96.43
"raccoon",164,45189526,96.44
"ranchers",164,45189690,96.44
"retina",164,45189854,96.44
"reverend",164,45190018,96.44
"rosary",164,45190182,96.44
"slavic",164,45190346,96.44
"slotted",164,45190510,96.44
"snippet",164,45190674,96.44
"straining",164,45190838,96.44
"tans",164,45191002,96.44
"thoroughbred",164,45191166,96.44
"thrives",164,45191330,96.44
"townhouse",164,45191494,96.44
"transformer",164,45191658,96.44
"transpired",164,45191822,96.44
"treason",164,45191986,96.44
"tuscan",164,45192150,96.44
"viewpoints",164,45192314,96.44
"wicker",164,45192478,96.44
"winnings",164,45192642,96.44
"wrappers",164,45192806,96.44
"achieves",163,45192969,96.44
"amarillo",163,45193132,96.44
"assoc",163,45193295,96.44
"avert",163,45193458,96.44
"beater",163,45193621,96.44
"budge",163,45193784,96.44
"cornmeal",163,45193947,96.44
"deadliest",163,45194110,96.44
"deftly",163,45194273,96.45
"disgruntled",163,45194436,96.45
"dropout",163,45194599,96.45
"dumps",163,45194762,96.45
"ellington",163,45194925,96.45
"embodies",163,45195088,96.45
"fer",163,45195251,96.45
"filth",163,45195414,96.45
"flattened",163,45195577,96.45
"folklore",163,45195740,96.45
"forestry",163,45195903,96.45
"grounding",163,45196066,96.45
"handouts",163,45196229,96.45
"harding",163,45196392,96.45
"hurled",163,45196555,96.45
"impairment",163,45196718,96.45
"infuse",163,45196881,96.45
"johann",163,45197044,96.45
"liberated",163,45197207,96.45
"marinate",163,45197370,96.45
"maths",163,45197533,96.45
"mcclure",163,45197696,96.45
"mercantile",163,45197859,96.45
"moonshine",163,45198022,96.45
"nelly",163,45198185,96.45
"nestle",163,45198348,96.45
"outpatient",163,45198511,96.45
"politico",163,45198674,96.45
"racers",163,45198837,96.45
"repression",163,45199000,96.46
"restructure",163,45199163,96.46
"sarawak",163,45199326,96.46
"scone",163,45199489,96.46
"scrumptious",163,45199652,96.46
"serendipity",163,45199815,96.46
"slaps",163,45199978,96.46
"stables",163,45200141,96.46
"stench",163,45200304,96.46
"tam",163,45200467,96.46
"temporal",163,45200630,96.46
"tomas",163,45200793,96.46
"trough",163,45200956,96.46
"unassuming",163,45201119,96.46
"undeniably",163,45201282,96.46
"vii",163,45201445,96.46
"adoration",162,45201607,96.46
"agnes",162,45201769,96.46
"alums",162,45201931,96.46
"archivist",162,45202093,96.46
"bearable",162,45202255,96.46
"boisterous",162,45202417,96.46
"bombarded",162,45202579,96.46
"brunt",162,45202741,96.46
"buckingham",162,45202903,96.46
"burlap",162,45203065,96.46
"cabal",162,45203227,96.46
"clauses",162,45203389,96.46
"coasts",162,45203551,96.46
"colds",162,45203713,96.47
"commend",162,45203875,96.47
"compel",162,45204037,96.47
"compulsory",162,45204199,96.47
"conveys",162,45204361,96.47
"corrupted",162,45204523,96.47
"fireman",162,45204685,96.47
"foothill",162,45204847,96.47
"footwork",162,45205009,96.47
"garb",162,45205171,96.47
"healer",162,45205333,96.47
"hindi",162,45205495,96.47
"inky",162,45205657,96.47
"intending",162,45205819,96.47
"kiddie",162,45205981,96.47
"legislatures",162,45206143,96.47
"lengthwise",162,45206305,96.47
"methane",162,45206467,96.47
"migrated",162,45206629,96.47
"mischievous",162,45206791,96.47
"mobs",162,45206953,96.47
"momentous",162,45207115,96.47
"mont",162,45207277,96.47
"newsweek",162,45207439,96.47
"ottoman",162,45207601,96.47
"petersen",162,45207763,96.47
"rescues",162,45207925,96.47
"riviera",162,45208087,96.47
"rourke",162,45208249,96.48
"sagging",162,45208411,96.48
"scathing",162,45208573,96.48
"sheikh",162,45208735,96.48
"slush",162,45208897,96.48
"thwart",162,45209059,96.48
"tron",162,45209221,96.48
"valves",162,45209383,96.48
"vat",162,45209545,96.48
"veiled",162,45209707,96.48
"wailing",162,45209869,96.48
"wildest",162,45210031,96.48
"yucky",162,45210193,96.48
"yvonne",162,45210355,96.48
"abundantly",161,45210516,96.48
"ammo",161,45210677,96.48
"blackjack",161,45210838,96.48
"blistering",161,45210999,96.48
"childcare",161,45211160,96.48
"chronically",161,45211321,96.48
"chronological",161,45211482,96.48
"corpus",161,45211643,96.48
"detriment",161,45211804,96.48
"diagram",161,45211965,96.48
"embed",161,45212126,96.48
"excitedly",161,45212287,96.48
"gallup",161,45212448,96.48
"gentile",161,45212609,96.48
"geographically",161,45212770,96.48
"gleaned",161,45212931,96.48
"glistening",161,45213092,96.49
"housekeeper",161,45213253,96.49
"hunch",161,45213414,96.49
"intellectuals",161,45213575,96.49
"kermit",161,45213736,96.49
"lagging",161,45213897,96.49
"lemony",161,45214058,96.49
"longs",161,45214219,96.49
"looting",161,45214380,96.49
"macarthur",161,45214541,96.49
"masking",161,45214702,96.49
"masterpieces",161,45214863,96.49
"meridian",161,45215024,96.49
"miler",161,45215185,96.49
"molded",161,45215346,96.49
"nosed",161,45215507,96.49
"oftentimes",161,45215668,96.49
"ollie",161,45215829,96.49
"pharmaceuticals",161,45215990,96.49
"pronunciation",161,45216151,96.49
"pug",161,45216312,96.49
"recounts",161,45216473,96.49
"schizophrenia",161,45216634,96.49
"scrubbing",161,45216795,96.49
"secondhand",161,45216956,96.49
"semblance",161,45217117,96.49
"serbian",161,45217278,96.49
"serpent",161,45217439,96.49
"sharpe",161,45217600,96.49
"skated",161,45217761,96.5
"smog",161,45217922,96.5
"sprouted",161,45218083,96.5
"supremacy",161,45218244,96.5
"topless",161,45218405,96.5
"trimester",161,45218566,96.5
"ushered",161,45218727,96.5
"weakening",161,45218888,96.5
"widen",161,45219049,96.5
"xml",161,45219210,96.5
"antiquated",160,45219370,96.5
"arduous",160,45219530,96.5
"assigning",160,45219690,96.5
"automation",160,45219850,96.5
"bedrock",160,45220010,96.5
"bewildered",160,45220170,96.5
"bookmarks",160,45220330,96.5
"breakdowns",160,45220490,96.5
"capsules",160,45220650,96.5
"deepening",160,45220810,96.5
"defer",160,45220970,96.5
"designate",160,45221130,96.5
"diagnose",160,45221290,96.5
"diversified",160,45221450,96.5
"docks",160,45221610,96.5
"downpour",160,45221770,96.5
"elitist",160,45221930,96.5
"enrolling",160,45222090,96.5
"eras",160,45222250,96.5
"excludes",160,45222410,96.51
"expanse",160,45222570,96.51
"felipe",160,45222730,96.51
"flagrant",160,45222890,96.51
"flax",160,45223050,96.51
"foyer",160,45223210,96.51
"greta",160,45223370,96.51
"gunmen",160,45223530,96.51
"hawking",160,45223690,96.51
"individuality",160,45223850,96.51
"interpretive",160,45224010,96.51
"jeanette",160,45224170,96.51
"julianne",160,45224330,96.51
"lindy",160,45224490,96.51
"loaned",160,45224650,96.51
"migrate",160,45224810,96.51
"narrowing",160,45224970,96.51
"negligent",160,45225130,96.51
"pastels",160,45225290,96.51
"patrolling",160,45225450,96.51
"peaking",160,45225610,96.51
"peruse",160,45225770,96.51
"piedmont",160,45225930,96.51
"preakness",160,45226090,96.51
"precursor",160,45226250,96.51
"prepaid",160,45226410,96.51
"puddles",160,45226570,96.51
"reimbursed",160,45226730,96.51
"scoops",160,45226890,96.51
"scots",160,45227050,96.52
"sleigh",160,45227210,96.52
"snowball",160,45227370,96.52
"solves",160,45227530,96.52
"staggered",160,45227690,96.52
"stairway",160,45227850,96.52
"thump",160,45228010,96.52
"touchy",160,45228170,96.52
"vistas",160,45228330,96.52
"wasp",160,45228490,96.52
"ama",159,45228649,96.52
"apex",159,45228808,96.52
"bigfoot",159,45228967,96.52
"bottomless",159,45229126,96.52
"bullish",159,45229285,96.52
"calamity",159,45229444,96.52
"concierge",159,45229603,96.52
"confluence",159,45229762,96.52
"contradict",159,45229921,96.52
"crackle",159,45230080,96.52
"dillard",159,45230239,96.52
"disposed",159,45230398,96.52
"dodged",159,45230557,96.52
"dogma",159,45230716,96.52
"embattled",159,45230875,96.52
"embroiled",159,45231034,96.52
"enthralled",159,45231193,96.52
"esteemed",159,45231352,96.52
"exuberant",159,45231511,96.52
"failings",159,45231670,96.52
"felonies",159,45231829,96.53
"fours",159,45231988,96.53
"guzman",159,45232147,96.53
"hairstyle",159,45232306,96.53
"hallows",159,45232465,96.53
"hypocrites",159,45232624,96.53
"ida",159,45232783,96.53
"imbalance",159,45232942,96.53
"imperialism",159,45233101,96.53
"impetus",159,45233260,96.53
"indispensable",159,45233419,96.53
"intervening",159,45233578,96.53
"inundated",159,45233737,96.53
"jun",159,45233896,96.53
"lefties",159,45234055,96.53
"liquidity",159,45234214,96.53
"loco",159,45234373,96.53
"manipulative",159,45234532,96.53
"manned",159,45234691,96.53
"maxim",159,45234850,96.53
"nuance",159,45235009,96.53
"obsessing",159,45235168,96.53
"oiled",159,45235327,96.53
"piecing",159,45235486,96.53
"populace",159,45235645,96.53
"purposeful",159,45235804,96.53
"repository",159,45235963,96.53
"reprieve",159,45236122,96.53
"reservoirs",159,45236281,96.53
"restrain",159,45236440,96.54
"revoke",159,45236599,96.54
"rpm",159,45236758,96.54
"rufus",159,45236917,96.54
"samba",159,45237076,96.54
"strenuous",159,45237235,96.54
"suspiciously",159,45237394,96.54
"sweetly",159,45237553,96.54
"tirelessly",159,45237712,96.54
"transcendent",159,45237871,96.54
"unsolved",159,45238030,96.54
"wading",159,45238189,96.54
"warehouses",159,45238348,96.54
"administrations",158,45238506,96.54
"afflicted",158,45238664,96.54
"anesthesia",158,45238822,96.54
"anomaly",158,45238980,96.54
"assassins",158,45239138,96.54
"asterisk",158,45239296,96.54
"autonomous",158,45239454,96.54
"ballads",158,45239612,96.54
"bask",158,45239770,96.54
"bbb",158,45239928,96.54
"bends",158,45240086,96.54
"blinding",158,45240244,96.54
"bordering",158,45240402,96.54
"bounces",158,45240560,96.54
"californian",158,45240718,96.54
"centralized",158,45240876,96.54
"contemplation",158,45241034,96.54
"cripple",158,45241192,96.55
"disapproval",158,45241350,96.55
"donned",158,45241508,96.55
"effected",158,45241666,96.55
"excessively",158,45241824,96.55
"exporting",158,45241982,96.55
"eyelids",158,45242140,96.55
"fanatics",158,45242298,96.55
"favoring",158,45242456,96.55
"feeble",158,45242614,96.55
"filtering",158,45242772,96.55
"foreground",158,45242930,96.55
"forgettable",158,45243088,96.55
"geology",158,45243246,96.55
"gibbons",158,45243404,96.55
"hammock",158,45243562,96.55
"harmonica",158,45243720,96.55
"headlined",158,45243878,96.55
"implicit",158,45244036,96.55
"importing",158,45244194,96.55
"inquiring",158,45244352,96.55
"jig",158,45244510,96.55
"kelli",158,45244668,96.55
"knowles",158,45244826,96.55
"maldonado",158,45244984,96.55
"mush",158,45245142,96.55
"nimble",158,45245300,96.55
"nonstick",158,45245458,96.55
"outbreaks",158,45245616,96.55
"overjoyed",158,45245774,96.56
"payer",158,45245932,96.56
"philosophies",158,45246090,96.56
"pinching",158,45246248,96.56
"probing",158,45246406,96.56
"quarry",158,45246564,96.56
"quintet",158,45246722,96.56
"quotation",158,45246880,96.56
"radcliffe",158,45247038,96.56
"rx",158,45247196,96.56
"salisbury",158,45247354,96.56
"satellites",158,45247512,96.56
"segregated",158,45247670,96.56
"sharpen",158,45247828,96.56
"solids",158,45247986,96.56
"stashed",158,45248144,96.56
"swears",158,45248302,96.56
"thaw",158,45248460,96.56
"tolkien",158,45248618,96.56
"transcends",158,45248776,96.56
"undercut",158,45248934,96.56
"uneventful",158,45249092,96.56
"vance",158,45249250,96.56
"walden",158,45249408,96.56
"wiles",158,45249566,96.56
"wry",158,45249724,96.56
"alienated",157,45249881,96.56
"alterations",157,45250038,96.56
"artificially",157,45250195,96.56
"atom",157,45250352,96.56
"authoritative",157,45250509,96.57
"bandstand",157,45250666,96.57
"baritone",157,45250823,96.57
"bitterly",157,45250980,96.57
"cacao",157,45251137,96.57
"camouflage",157,45251294,96.57
"clarinet",157,45251451,96.57
"clones",157,45251608,96.57
"clunky",157,45251765,96.57
"commandment",157,45251922,96.57
"commended",157,45252079,96.57
"congressmen",157,45252236,96.57
"conspired",157,45252393,96.57
"cryptic",157,45252550,96.57
"desolate",157,45252707,96.57
"drab",157,45252864,96.57
"dwellers",157,45253021,96.57
"eliza",157,45253178,96.57
"eroded",157,45253335,96.57
"experimented",157,45253492,96.57
"formatting",157,45253649,96.57
"fundamentalist",157,45253806,96.57
"galactic",157,45253963,96.57
"geometric",157,45254120,96.57
"gillian",157,45254277,96.57
"glances",157,45254434,96.57
"globalization",157,45254591,96.57
"grills",157,45254748,96.57
"gushing",157,45254905,96.57
"harshly",157,45255062,96.57
"hibernation",157,45255219,96.58
"horace",157,45255376,96.58
"hovered",157,45255533,96.58
"humbly",157,45255690,96.58
"intervened",157,45255847,96.58
"invaders",157,45256004,96.58
"judah",157,45256161,96.58
"kitties",157,45256318,96.58
"latitude",157,45256475,96.58
"lerner",157,45256632,96.58
"mahatma",157,45256789,96.58
"markings",157,45256946,96.58
"midwives",157,45257103,96.58
"ming",157,45257260,96.58
"muttering",157,45257417,96.58
"orchestral",157,45257574,96.58
"outback",157,45257731,96.58
"pap",157,45257888,96.58
"pediatrics",157,45258045,96.58
"planks",157,45258202,96.58
"plowed",157,45258359,96.58
"plume",157,45258516,96.58
"potomac",157,45258673,96.58
"priesthood",157,45258830,96.58
"provost",157,45258987,96.58
"quince",157,45259144,96.58
"ramble",157,45259301,96.58
"resolving",157,45259458,96.58
"rooftops",157,45259615,96.58
"sanctity",157,45259772,96.58
"sanding",157,45259929,96.59
"searing",157,45260086,96.59
"sep",157,45260243,96.59
"sneaks",157,45260400,96.59
"spacecraft",157,45260557,96.59
"specter",157,45260714,96.59
"splashed",157,45260871,96.59
"squeaky",157,45261028,96.59
"stony",157,45261185,96.59
"tacked",157,45261342,96.59
"taser",157,45261499,96.59
"thrillers",157,45261656,96.59
"tun",157,45261813,96.59
"twitch",157,45261970,96.59
"unscathed",157,45262127,96.59
"adultery",156,45262283,96.59
"afrikaner",156,45262439,96.59
"aloe",156,45262595,96.59
"assemblywoman",156,45262751,96.59
"augmented",156,45262907,96.59
"bayou",156,45263063,96.59
"britten",156,45263219,96.59
"bronchitis",156,45263375,96.59
"bruising",156,45263531,96.59
"chartered",156,45263687,96.59
"classify",156,45263843,96.59
"cleanliness",156,45263999,96.59
"cobalt",156,45264155,96.59
"complacency",156,45264311,96.59
"comprising",156,45264467,96.59
"cristina",156,45264623,96.6
"croissant",156,45264779,96.6
"cupboards",156,45264935,96.6
"delicately",156,45265091,96.6
"despised",156,45265247,96.6
"devotees",156,45265403,96.6
"dilapidated",156,45265559,96.6
"dispense",156,45265715,96.6
"dreads",156,45265871,96.6
"eighties",156,45266027,96.6
"exert",156,45266183,96.6
"gamut",156,45266339,96.6
"gangsters",156,45266495,96.6
"gymnasium",156,45266651,96.6
"johnnie",156,45266807,96.6
"kangaroo",156,45266963,96.6
"lark",156,45267119,96.6
"lisbon",156,45267275,96.6
"litany",156,45267431,96.6
"madam",156,45267587,96.6
"melodrama",156,45267743,96.6
"mitigate",156,45267899,96.6
"moderates",156,45268055,96.6
"molested",156,45268211,96.6
"motley",156,45268367,96.6
"nicotine",156,45268523,96.6
"oates",156,45268679,96.6
"okla",156,45268835,96.6
"outfitted",156,45268991,96.6
"outnumbered",156,45269147,96.6
"perennials",156,45269303,96.61
"preheated",156,45269459,96.61
"prophetic",156,45269615,96.61
"provisional",156,45269771,96.61
"rhino",156,45269927,96.61
"rouse",156,45270083,96.61
"seminal",156,45270239,96.61
"semitic",156,45270395,96.61
"sewers",156,45270551,96.61
"starry",156,45270707,96.61
"steiner",156,45270863,96.61
"stepmother",156,45271019,96.61
"surcharge",156,45271175,96.61
"syllabus",156,45271331,96.61
"thicken",156,45271487,96.61
"tranquil",156,45271643,96.61
"trashed",156,45271799,96.61
"uneducated",156,45271955,96.61
"vasquez",156,45272111,96.61
"veritable",156,45272267,96.61
"vigor",156,45272423,96.61
"widened",156,45272579,96.61
"afterlife",155,45272734,96.61
"allotment",155,45272889,96.61
"amd",155,45273044,96.61
"baum",155,45273199,96.61
"cancun",155,45273354,96.61
"checkpoints",155,45273509,96.61
"chem",155,45273664,96.61
"cinemas",155,45273819,96.61
"clockwork",155,45273974,96.62
"cob",155,45274129,96.62
"commemorative",155,45274284,96.62
"connector",155,45274439,96.62
"crazies",155,45274594,96.62
"curses",155,45274749,96.62
"curtail",155,45274904,96.62
"dismissing",155,45275059,96.62
"disparities",155,45275214,96.62
"embody",155,45275369,96.62
"energizer",155,45275524,96.62
"equitable",155,45275679,96.62
"euphoria",155,45275834,96.62
"fiend",155,45275989,96.62
"hahn",155,45276144,96.62
"heeled",155,45276299,96.62
"ism",155,45276454,96.62
"lateral",155,45276609,96.62
"nauseous",155,45276764,96.62
"navajo",155,45276919,96.62
"overlooks",155,45277074,96.62
"parable",155,45277229,96.62
"pluck",155,45277384,96.62
"pronto",155,45277539,96.62
"propensity",155,45277694,96.62
"raiding",155,45277849,96.62
"regretting",155,45278004,96.62
"revere",155,45278159,96.62
"ripper",155,45278314,96.62
"sandwiched",155,45278469,96.62
"sarasota",155,45278624,96.63
"scheming",155,45278779,96.63
"sepia",155,45278934,96.63
"shoveling",155,45279089,96.63
"smartly",155,45279244,96.63
"spammers",155,45279399,96.63
"sprawl",155,45279554,96.63
"stair",155,45279709,96.63
"stately",155,45279864,96.63
"strives",155,45280019,96.63
"stucco",155,45280174,96.63
"tartar",155,45280329,96.63
"trifecta",155,45280484,96.63
"unhappiness",155,45280639,96.63
"unrelenting",155,45280794,96.63
"vehemently",155,45280949,96.63
"withdrawing",155,45281104,96.63
"zodiac",155,45281259,96.63
"aladdin",154,45281413,96.63
"amherst",154,45281567,96.63
"anarchist",154,45281721,96.63
"avenger",154,45281875,96.63
"bellies",154,45282029,96.63
"blisters",154,45282183,96.63
"borrower",154,45282337,96.63
"bunting",154,45282491,96.63
"cashing",154,45282645,96.63
"cohort",154,45282799,96.63
"considerate",154,45282953,96.63
"counterpoint",154,45283107,96.63
"coupe",154,45283261,96.64
"craftsman",154,45283415,96.64
"crosswalk",154,45283569,96.64
"cruised",154,45283723,96.64
"deafening",154,45283877,96.64
"equinox",154,45284031,96.64
"estrogen",154,45284185,96.64
"exhaustive",154,45284339,96.64
"galen",154,45284493,96.64
"hobbs",154,45284647,96.64
"hopefuls",154,45284801,96.64
"humiliated",154,45284955,96.64
"inquired",154,45285109,96.64
"legalizing",154,45285263,96.64
"manpower",154,45285417,96.64
"mansions",154,45285571,96.64
"mating",154,45285725,96.64
"merciful",154,45285879,96.64
"michelin",154,45286033,96.64
"modesty",154,45286187,96.64
"moot",154,45286341,96.64
"mourners",154,45286495,96.64
"muddled",154,45286649,96.64
"muir",154,45286803,96.64
"nationality",154,45286957,96.64
"netting",154,45287111,96.64
"nickelodeon",154,45287265,96.64
"plural",154,45287419,96.64
"precipitation",154,45287573,96.64
"preface",154,45287727,96.64
"preventable",154,45287881,96.64
"radish",154,45288035,96.65
"raves",154,45288189,96.65
"regeneration",154,45288343,96.65
"rimmed",154,45288497,96.65
"roberta",154,45288651,96.65
"rocco",154,45288805,96.65
"roulette",154,45288959,96.65
"scientifically",154,45289113,96.65
"sect",154,45289267,96.65
"stronghold",154,45289421,96.65
"sultan",154,45289575,96.65
"sweetener",154,45289729,96.65
"swelled",154,45289883,96.65
"thine",154,45290037,96.65
"ticker",154,45290191,96.65
"tot",154,45290345,96.65
"trekking",154,45290499,96.65
"unforeseen",154,45290653,96.65
"unintentional",154,45290807,96.65
"veered",154,45290961,96.65
"wiener",154,45291115,96.65
"willful",154,45291269,96.65
"accelerating",153,45291422,96.65
"acme",153,45291575,96.65
"adage",153,45291728,96.65
"adversary",153,45291881,96.65
"affirming",153,45292034,96.65
"aiding",153,45292187,96.65
"arias",153,45292340,96.65
"brows",153,45292493,96.65
"chandeliers",153,45292646,96.66
"chaser",153,45292799,96.66
"chopra",153,45292952,96.66
"coldest",153,45293105,96.66
"cronin",153,45293258,96.66
"damian",153,45293411,96.66
"dismayed",153,45293564,96.66
"dispersed",153,45293717,96.66
"goldsmith",153,45293870,96.66
"gory",153,45294023,96.66
"gospels",153,45294176,96.66
"growling",153,45294329,96.66
"handcrafted",153,45294482,96.66
"hogwarts",153,45294635,96.66
"horne",153,45294788,96.66
"idyllic",153,45294941,96.66
"illustrating",153,45295094,96.66
"junta",153,45295247,96.66
"keenan",153,45295400,96.66
"kinney",153,45295553,96.66
"lettering",153,45295706,96.66
"loner",153,45295859,96.66
"macmillan",153,45296012,96.66
"maddening",153,45296165,96.66
"maynard",153,45296318,96.66
"mince",153,45296471,96.66
"mink",153,45296624,96.66
"multitasking",153,45296777,96.66
"mutant",153,45296930,96.66
"nazareth",153,45297083,96.66
"okra",153,45297236,96.66
"ovaries",153,45297389,96.67
"pave",153,45297542,96.67
"perpetrator",153,45297695,96.67
"pinball",153,45297848,96.67
"polishing",153,45298001,96.67
"powerfully",153,45298154,96.67
"pry",153,45298307,96.67
"quarterfinal",153,45298460,96.67
"rafters",153,45298613,96.67
"rascal",153,45298766,96.67
"rove",153,45298919,96.67
"saucer",153,45299072,96.67
"shaman",153,45299225,96.67
"slug",153,45299378,96.67
"snappy",153,45299531,96.67
"storefronts",153,45299684,96.67
"stylists",153,45299837,96.67
"thoughtfully",153,45299990,96.67
"tubing",153,45300143,96.67
"ungrateful",153,45300296,96.67
"unplugged",153,45300449,96.67
"unsettled",153,45300602,96.67
"versed",153,45300755,96.67
"virtuous",153,45300908,96.67
"workflow",153,45301061,96.67
"yank",153,45301214,96.67
"adaptive",152,45301366,96.67
"aftertaste",152,45301518,96.67
"alcoholics",152,45301670,96.67
"andres",152,45301822,96.67
"bib",152,45301974,96.68
"blinked",152,45302126,96.68
"blower",152,45302278,96.68
"breached",152,45302430,96.68
"breezes",152,45302582,96.68
"browsers",152,45302734,96.68
"capricorn",152,45302886,96.68
"churn",152,45303038,96.68
"coax",152,45303190,96.68
"condone",152,45303342,96.68
"constituent",152,45303494,96.68
"defective",152,45303646,96.68
"dialysis",152,45303798,96.68
"engagements",152,45303950,96.68
"farted",152,45304102,96.68
"feasibility",152,45304254,96.68
"fillings",152,45304406,96.68
"fragmented",152,45304558,96.68
"gayle",152,45304710,96.68
"hangar",152,45304862,96.68
"hurst",152,45305014,96.68
"hustling",152,45305166,96.68
"impacting",152,45305318,96.68
"impractical",152,45305470,96.68
"inquirer",152,45305622,96.68
"legions",152,45305774,96.68
"littlest",152,45305926,96.68
"madeline",152,45306078,96.68
"mari",152,45306230,96.68
"mccall",152,45306382,96.68
"milkshakes",152,45306534,96.68
"nearer",152,45306686,96.69
"overkill",152,45306838,96.69
"peering",152,45306990,96.69
"playwrights",152,45307142,96.69
"potted",152,45307294,96.69
"prevalence",152,45307446,96.69
"quipped",152,45307598,96.69
"scattering",152,45307750,96.69
"shorthand",152,45307902,96.69
"shuttles",152,45308054,96.69
"sketching",152,45308206,96.69
"smeared",152,45308358,96.69
"spoiling",152,45308510,96.69
"stinking",152,45308662,96.69
"summarize",152,45308814,96.69
"tempura",152,45308966,96.69
"unpacked",152,45309118,96.69
"venturing",152,45309270,96.69
"worded",152,45309422,96.69
"astronomical",151,45309573,96.69
"attachments",151,45309724,96.69
"bicyclists",151,45309875,96.69
"blacked",151,45310026,96.69
"bravely",151,45310177,96.69
"brimming",151,45310328,96.69
"carmichael",151,45310479,96.69
"cavalier",151,45310630,96.69
"condemning",151,45310781,96.69
"contexts",151,45310932,96.69
"cora",151,45311083,96.69
"cpa",151,45311234,96.69
"crates",151,45311385,96.7
"disperse",151,45311536,96.7
"draconian",151,45311687,96.7
"embarking",151,45311838,96.7
"evangelist",151,45311989,96.7
"fairbanks",151,45312140,96.7
"faked",151,45312291,96.7
"farthest",151,45312442,96.7
"fiscally",151,45312593,96.7
"flatter",151,45312744,96.7
"forcefully",151,45312895,96.7
"fractures",151,45313046,96.7
"harms",151,45313197,96.7
"heaviest",151,45313348,96.7
"hurrah",151,45313499,96.7
"identifiable",151,45313650,96.7
"illuminate",151,45313801,96.7
"immortality",151,45313952,96.7
"implanted",151,45314103,96.7
"impulses",151,45314254,96.7
"infect",151,45314405,96.7
"internets",151,45314556,96.7
"kari",151,45314707,96.7
"kern",151,45314858,96.7
"licked",151,45315009,96.7
"lifeline",151,45315160,96.7
"loren",151,45315311,96.7
"mightily",151,45315462,96.7
"mockingbird",151,45315613,96.7
"nautical",151,45315764,96.7
"obscurity",151,45315915,96.7
"observant",151,45316066,96.71
"obsessions",151,45316217,96.71
"oncoming",151,45316368,96.71
"padding",151,45316519,96.71
"pastime",151,45316670,96.71
"pedestal",151,45316821,96.71
"placements",151,45316972,96.71
"plaques",151,45317123,96.71
"relics",151,45317274,96.71
"resounding",151,45317425,96.71
"sagittarius",151,45317576,96.71
"scouring",151,45317727,96.71
"secs",151,45317878,96.71
"shingles",151,45318029,96.71
"shiver",151,45318180,96.71
"sightseeing",151,45318331,96.71
"skunk",151,45318482,96.71
"sourdough",151,45318633,96.71
"tanzania",151,45318784,96.71
"tic",151,45318935,96.71
"unattended",151,45319086,96.71
"unwelcome",151,45319237,96.71
"unworthy",151,45319388,96.71
"vegans",151,45319539,96.71
"venom",151,45319690,96.71
"waikiki",151,45319841,96.71
"yellowstone",151,45319992,96.71
"abolished",150,45320142,96.71
"adores",150,45320292,96.71
"advil",150,45320442,96.71
"anarchists",150,45320592,96.71
"apricots",150,45320742,96.72
"arcane",150,45320892,96.72
"armory",150,45321042,96.72
"beleaguered",150,45321192,96.72
"blasphemy",150,45321342,96.72
"bogged",150,45321492,96.72
"ci",150,45321642,96.72
"collapses",150,45321792,96.72
"complacent",150,45321942,96.72
"coventry",150,45322092,96.72
"damper",150,45322242,96.72
"easel",150,45322392,96.72
"elmer",150,45322542,96.72
"embodiment",150,45322692,96.72
"explodes",150,45322842,96.72
"eyesight",150,45322992,96.72
"fairway",150,45323142,96.72
"felon",150,45323292,96.72
"feminists",150,45323442,96.72
"frothy",150,45323592,96.72
"gazed",150,45323742,96.72
"goliath",150,45323892,96.72
"greeley",150,45324042,96.72
"grievances",150,45324192,96.72
"grooves",150,45324342,96.72
"grotesque",150,45324492,96.72
"gyms",150,45324642,96.72
"harming",150,45324792,96.72
"hewlett",150,45324942,96.72
"hypnotic",150,45325092,96.72
"idealistic",150,45325242,96.72
"incidence",150,45325392,96.72
"indebted",150,45325542,96.73
"leaky",150,45325692,96.73
"literate",150,45325842,96.73
"lynda",150,45325992,96.73
"maids",150,45326142,96.73
"masturbation",150,45326292,96.73
"metabolic",150,45326442,96.73
"misspelled",150,45326592,96.73
"modules",150,45326742,96.73
"mystique",150,45326892,96.73
"nam",150,45327042,96.73
"natal",150,45327192,96.73
"ouster",150,45327342,96.73
"peripheral",150,45327492,96.73
"perm",150,45327642,96.73
"promenade",150,45327792,96.73
"resigning",150,45327942,96.73
"rips",150,45328092,96.73
"risked",150,45328242,96.73
"sass",150,45328392,96.73
"smacking",150,45328542,96.73
"specimen",150,45328692,96.73
"strolled",150,45328842,96.73
"suzy",150,45328992,96.73
"symbolize",150,45329142,96.73
"thumping",150,45329292,96.73
"unbiased",150,45329442,96.73
"veneer",150,45329592,96.73
"vertigo",150,45329742,96.73
"wowed",150,45329892,96.73
"aboriginal",149,45330041,96.73
"abstinence",149,45330190,96.74
"adkins",149,45330339,96.74
"alkaline",149,45330488,96.74
"astonished",149,45330637,96.74
"ballistic",149,45330786,96.74
"basing",149,45330935,96.74
"beatrice",149,45331084,96.74
"beirut",149,45331233,96.74
"bicycling",149,45331382,96.74
"bulging",149,45331531,96.74
"cashmere",149,45331680,96.74
"circuits",149,45331829,96.74
"contractual",149,45331978,96.74
"crowley",149,45332127,96.74
"daft",149,45332276,96.74
"dazed",149,45332425,96.74
"disconcerting",149,45332574,96.74
"dissatisfaction",149,45332723,96.74
"earmarked",149,45332872,96.74
"enrique",149,45333021,96.74
"entail",149,45333170,96.74
"espionage",149,45333319,96.74
"facilitated",149,45333468,96.74
"finite",149,45333617,96.74
"fresco",149,45333766,96.74
"grail",149,45333915,96.74
"hilariously",149,45334064,96.74
"imam",149,45334213,96.74
"importer",149,45334362,96.74
"incremental",149,45334511,96.74
"innovator",149,45334660,96.74
"instill",149,45334809,96.75
"jurassic",149,45334958,96.75
"lair",149,45335107,96.75
"latch",149,45335256,96.75
"malfunction",149,45335405,96.75
"marbles",149,45335554,96.75
"metaphorical",149,45335703,96.75
"multiplayer",149,45335852,96.75
"ozone",149,45336001,96.75
"palatable",149,45336150,96.75
"patrolman",149,45336299,96.75
"pixels",149,45336448,96.75
"playgrounds",149,45336597,96.75
"potholes",149,45336746,96.75
"punishments",149,45336895,96.75
"relayed",149,45337044,96.75
"rhonda",149,45337193,96.75
"rigging",149,45337342,96.75
"routed",149,45337491,96.75
"rwanda",149,45337640,96.75
"sadistic",149,45337789,96.75
"saxon",149,45337938,96.75
"schoolchildren",149,45338087,96.75
"servicing",149,45338236,96.75
"slabs",149,45338385,96.75
"snapshots",149,45338534,96.75
"sprays",149,45338683,96.75
"staunch",149,45338832,96.75
"sultry",149,45338981,96.75
"superfluous",149,45339130,96.75
"surgically",149,45339279,96.75
"tao",149,45339428,96.75
"thad",149,45339577,96.76
"topical",149,45339726,96.76
"torrent",149,45339875,96.76
"trapping",149,45340024,96.76
"unimportant",149,45340173,96.76
"urgently",149,45340322,96.76
"whips",149,45340471,96.76
"yous",149,45340620,96.76
"armenian",148,45340768,96.76
"asteroid",148,45340916,96.76
"bakersfield",148,45341064,96.76
"banished",148,45341212,96.76
"basilica",148,45341360,96.76
"bolstered",148,45341508,96.76
"bourgeois",148,45341656,96.76
"broiler",148,45341804,96.76
"burp",148,45341952,96.76
"cochran",148,45342100,96.76
"companionship",148,45342248,96.76
"complying",148,45342396,96.76
"comprises",148,45342544,96.76
"correspondents",148,45342692,96.76
"creole",148,45342840,96.76
"crocodile",148,45342988,96.76
"dali",148,45343136,96.76
"dehydration",148,45343284,96.76
"delicacy",148,45343432,96.76
"derive",148,45343580,96.76
"destroyer",148,45343728,96.76
"discreet",148,45343876,96.76
"disqualified",148,45344024,96.76
"douglass",148,45344172,96.77
"downplayed",148,45344320,96.77
"dunbar",148,45344468,96.77
"emmanuel",148,45344616,96.77
"fabricated",148,45344764,96.77
"giuliani",148,45344912,96.77
"harrisburg",148,45345060,96.77
"icahn",148,45345208,96.77
"iffy",148,45345356,96.77
"impartial",148,45345504,96.77
"incandescent",148,45345652,96.77
"infringing",148,45345800,96.77
"ingrid",148,45345948,96.77
"instruct",148,45346096,96.77
"jacobson",148,45346244,96.77
"javelin",148,45346392,96.77
"juliette",148,45346540,96.77
"klaus",148,45346688,96.77
"lineage",148,45346836,96.77
"logistical",148,45346984,96.77
"meager",148,45347132,96.77
"missteps",148,45347280,96.77
"neckline",148,45347428,96.77
"newsletters",148,45347576,96.77
"nonsensical",148,45347724,96.77
"observance",148,45347872,96.77
"outfitters",148,45348020,96.77
"paralysis",148,45348168,96.77
"peasant",148,45348316,96.77
"peeks",148,45348464,96.77
"phish",148,45348612,96.77
"portage",148,45348760,96.77
"queensland",148,45348908,96.78
"raphael",148,45349056,96.78
"reforming",148,45349204,96.78
"saxophonist",148,45349352,96.78
"screeching",148,45349500,96.78
"shakers",148,45349648,96.78
"sheppard",148,45349796,96.78
"sprigs",148,45349944,96.78
"stalling",148,45350092,96.78
"strangled",148,45350240,96.78
"stupidest",148,45350388,96.78
"submissive",148,45350536,96.78
"suggestive",148,45350684,96.78
"takeoff",148,45350832,96.78
"tarnished",148,45350980,96.78
"tempest",148,45351128,96.78
"throbbing",148,45351276,96.78
"titanium",148,45351424,96.78
"traitor",148,45351572,96.78
"travesty",148,45351720,96.78
"tutors",148,45351868,96.78
"twittering",148,45352016,96.78
"unfit",148,45352164,96.78
"unmistakable",148,45352312,96.78
"velvety",148,45352460,96.78
"venting",148,45352608,96.78
"watchful",148,45352756,96.78
"webs",148,45352904,96.78
"whitecaps",148,45353052,96.78
"algorithm",147,45353199,96.78
"amnesia",147,45353346,96.78
"ashore",147,45353493,96.78
"autobiographical",147,45353640,96.79
"booing",147,45353787,96.79
"boulders",147,45353934,96.79
"cantaloupe",147,45354081,96.79
"cleopatra",147,45354228,96.79
"coffees",147,45354375,96.79
"conformity",147,45354522,96.79
"culminated",147,45354669,96.79
"cultivating",147,45354816,96.79
"cusp",147,45354963,96.79
"decimated",147,45355110,96.79
"defaults",147,45355257,96.79
"eleventh",147,45355404,96.79
"eradicate",147,45355551,96.79
"fender",147,45355698,96.79
"fidel",147,45355845,96.79
"firemen",147,45355992,96.79
"flourished",147,45356139,96.79
"fonda",147,45356286,96.79
"futility",147,45356433,96.79
"gmt",147,45356580,96.79
"gypsies",147,45356727,96.79
"halifax",147,45356874,96.79
"hedges",147,45357021,96.79
"hubert",147,45357168,96.79
"inconsistencies",147,45357315,96.79
"ludwig",147,45357462,96.79
"marietta",147,45357609,96.79
"marmalade",147,45357756,96.79
"marsha",147,45357903,96.79
"mckinney",147,45358050,96.79
"mcpherson",147,45358197,96.79
"mesquite",147,45358344,96.8
"metaphysical",147,45358491,96.8
"mitigation",147,45358638,96.8
"molecular",147,45358785,96.8
"occult",147,45358932,96.8
"oldies",147,45359079,96.8
"overused",147,45359226,96.8
"ox",147,45359373,96.8
"perils",147,45359520,96.8
"pledging",147,45359667,96.8
"pomona",147,45359814,96.8
"redirect",147,45359961,96.8
"reginald",147,45360108,96.8
"rendezvous",147,45360255,96.8
"restaurateur",147,45360402,96.8
"ridiculed",147,45360549,96.8
"rinsed",147,45360696,96.8
"saigon",147,45360843,96.8
"samaritan",147,45360990,96.8
"serge",147,45361137,96.8
"snorkeling",147,45361284,96.8
"splashing",147,45361431,96.8
"straits",147,45361578,96.8
"swans",147,45361725,96.8
"synergy",147,45361872,96.8
"transplanted",147,45362019,96.8
"warsaw",147,45362166,96.8
"watcher",147,45362313,96.8
"whitehead",147,45362460,96.8
"widows",147,45362607,96.8
"yoda",147,45362754,96.8
"adjectives",146,45362900,96.81
"appointing",146,45363046,96.81
"arbitrator",146,45363192,96.81
"barbed",146,45363338,96.81
"binary",146,45363484,96.81
"brochures",146,45363630,96.81
"collisions",146,45363776,96.81
"competency",146,45363922,96.81
"congested",146,45364068,96.81
"constituted",146,45364214,96.81
"contagion",146,45364360,96.81
"cooperated",146,45364506,96.81
"daffodils",146,45364652,96.81
"defamation",146,45364798,96.81
"devise",146,45364944,96.81
"dieting",146,45365090,96.81
"disheartening",146,45365236,96.81
"disillusioned",146,45365382,96.81
"disingenuous",146,45365528,96.81
"earring",146,45365674,96.81
"enriching",146,45365820,96.81
"evicted",146,45365966,96.81
"eyewitness",146,45366112,96.81
"fervor",146,45366258,96.81
"flared",146,45366404,96.81
"flickering",146,45366550,96.81
"flourishing",146,45366696,96.81
"follies",146,45366842,96.81
"frayed",146,45366988,96.81
"gags",146,45367134,96.81
"gelatin",146,45367280,96.81
"genevieve",146,45367426,96.81
"glitches",146,45367572,96.81
"hairdresser",146,45367718,96.82
"heirs",146,45367864,96.82
"helium",146,45368010,96.82
"hindering",146,45368156,96.82
"hinge",146,45368302,96.82
"incomprehensible",146,45368448,96.82
"insulated",146,45368594,96.82
"kindred",146,45368740,96.82
"kitsch",146,45368886,96.82
"leek",146,45369032,96.82
"lien",146,45369178,96.82
"machete",146,45369324,96.82
"malware",146,45369470,96.82
"mcintosh",146,45369616,96.82
"methinks",146,45369762,96.82
"mumford",146,45369908,96.82
"nepal",146,45370054,96.82
"notoriety",146,45370200,96.82
"overworked",146,45370346,96.82
"pauline",146,45370492,96.82
"peasants",146,45370638,96.82
"platte",146,45370784,96.82
"polarizing",146,45370930,96.82
"poodle",146,45371076,96.82
"pressuring",146,45371222,96.82
"redefine",146,45371368,96.82
"relic",146,45371514,96.82
"resurrect",146,45371660,96.82
"roundabout",146,45371806,96.82
"shined",146,45371952,96.82
"shins",146,45372098,96.82
"shoddy",146,45372244,96.82
"shortcut",146,45372390,96.83
"shortcuts",146,45372536,96.83
"skateboarding",146,45372682,96.83
"sled",146,45372828,96.83
"snowboarding",146,45372974,96.83
"spied",146,45373120,96.83
"strayed",146,45373266,96.83
"strikingly",146,45373412,96.83
"swallows",146,45373558,96.83
"tiara",146,45373704,96.83
"traci",146,45373850,96.83
"trappings",146,45373996,96.83
"unearned",146,45374142,96.83
"unproductive",146,45374288,96.83
"velcro",146,45374434,96.83
"waldorf",146,45374580,96.83
"workable",146,45374726,96.83
"activation",145,45374871,96.83
"assertions",145,45375016,96.83
"audubon",145,45375161,96.83
"bibles",145,45375306,96.83
"biologists",145,45375451,96.83
"bisque",145,45375596,96.83
"bog",145,45375741,96.83
"budgeted",145,45375886,96.83
"cadence",145,45376031,96.83
"canals",145,45376176,96.83
"casing",145,45376321,96.83
"chimes",145,45376466,96.83
"compounded",145,45376611,96.83
"connolly",145,45376756,96.83
"daphne",145,45376901,96.83
"darby",145,45377046,96.84
"deluge",145,45377191,96.84
"drummers",145,45377336,96.84
"enlist",145,45377481,96.84
"favorably",145,45377626,96.84
"felicity",145,45377771,96.84
"frills",145,45377916,96.84
"gamma",145,45378061,96.84
"gland",145,45378206,96.84
"goon",145,45378351,96.84
"grouping",145,45378496,96.84
"hermit",145,45378641,96.84
"hezbollah",145,45378786,96.84
"jags",145,45378931,96.84
"janitor",145,45379076,96.84
"layover",145,45379221,96.84
"leprechaun",145,45379366,96.84
"mesmerizing",145,45379511,96.84
"miscellaneous",145,45379656,96.84
"modestly",145,45379801,96.84
"mulberry",145,45379946,96.84
"nutrient",145,45380091,96.84
"orr",145,45380236,96.84
"payable",145,45380381,96.84
"pennington",145,45380526,96.84
"plastered",145,45380671,96.84
"prickly",145,45380816,96.84
"privy",145,45380961,96.84
"puking",145,45381106,96.84
"punks",145,45381251,96.84
"raceway",145,45381396,96.84
"relinquish",145,45381541,96.84
"ruffled",145,45381686,96.85
"sandstone",145,45381831,96.85
"scorn",145,45381976,96.85
"scot",145,45382121,96.85
"scrubbed",145,45382266,96.85
"slimy",145,45382411,96.85
"softness",145,45382556,96.85
"subtlety",145,45382701,96.85
"tesla",145,45382846,96.85
"threaded",145,45382991,96.85
"tweed",145,45383136,96.85
"unlicensed",145,45383281,96.85
"unmarked",145,45383426,96.85
"unspeakable",145,45383571,96.85
"verve",145,45383716,96.85
"vitals",145,45383861,96.85
"wield",145,45384006,96.85
"woefully",145,45384151,96.85
"yong",145,45384296,96.85
"beasley",144,45384440,96.85
"bogart",144,45384584,96.85
"bookcase",144,45384728,96.85
"bundles",144,45384872,96.85
"cappuccino",144,45385016,96.85
"celeste",144,45385160,96.85
"cheerios",144,45385304,96.85
"coronation",144,45385448,96.85
"crooks",144,45385592,96.85
"crossword",144,45385736,96.85
"crowding",144,45385880,96.85
"cumbersome",144,45386024,96.85
"daydreaming",144,45386168,96.85
"deceit",144,45386312,96.85
"dismissive",144,45386456,96.86
"dogfish",144,45386600,96.86
"enamored",144,45386744,96.86
"engraved",144,45386888,96.86
"enlighten",144,45387032,96.86
"errand",144,45387176,96.86
"fakes",144,45387320,96.86
"flapping",144,45387464,96.86
"gasped",144,45387608,96.86
"gideon",144,45387752,96.86
"hapless",144,45387896,96.86
"hud",144,45388040,96.86
"illustrious",144,45388184,96.86
"immerse",144,45388328,96.86
"impart",144,45388472,96.86
"infractions",144,45388616,96.86
"invoices",144,45388760,96.86
"jaguar",144,45388904,96.86
"keel",144,45389048,96.86
"khaki",144,45389192,96.86
"matilda",144,45389336,96.86
"nigh",144,45389480,96.86
"obscured",144,45389624,96.86
"optimum",144,45389768,96.86
"overloaded",144,45389912,96.86
"overtake",144,45390056,96.86
"pampered",144,45390200,96.86
"pigment",144,45390344,96.86
"pinto",144,45390488,96.86
"platoon",144,45390632,96.86
"pooch",144,45390776,96.86
"quests",144,45390920,96.86
"remission",144,45391064,96.87
"reviving",144,45391208,96.87
"rupture",144,45391352,96.87
"sassoon",144,45391496,96.87
"showings",144,45391640,96.87
"silas",144,45391784,96.87
"steinbeck",144,45391928,96.87
"stubbornly",144,45392072,96.87
"superiors",144,45392216,96.87
"swaps",144,45392360,96.87
"tanned",144,45392504,96.87
"tokens",144,45392648,96.87
"trampled",144,45392792,96.87
"undermines",144,45392936,96.87
"unsweetened",144,45393080,96.87
"warts",144,45393224,96.87
"acosta",143,45393367,96.87
"astray",143,45393510,96.87
"awash",143,45393653,96.87
"bloodshed",143,45393796,96.87
"bonkers",143,45393939,96.87
"burgess",143,45394082,96.87
"chiffon",143,45394225,96.87
"collars",143,45394368,96.87
"constable",143,45394511,96.87
"darkly",143,45394654,96.87
"deft",143,45394797,96.87
"deities",143,45394940,96.87
"deodorant",143,45395083,96.87
"dismantled",143,45395226,96.87
"ditching",143,45395369,96.87
"dorms",143,45395512,96.87
"ensues",143,45395655,96.87
"errant",143,45395798,96.88
"florist",143,45395941,96.88
"formulated",143,45396084,96.88
"frontal",143,45396227,96.88
"fugitives",143,45396370,96.88
"impatience",143,45396513,96.88
"inappropriately",143,45396656,96.88
"kristi",143,45396799,96.88
"leveraging",143,45396942,96.88
"lubbock",143,45397085,96.88
"martyr",143,45397228,96.88
"mica",143,45397371,96.88
"migraines",143,45397514,96.88
"milford",143,45397657,96.88
"orthodoxy",143,45397800,96.88
"ramona",143,45397943,96.88
"renegade",143,45398086,96.88
"scorching",143,45398229,96.88
"shawl",143,45398372,96.88
"shelved",143,45398515,96.88
"shoplifting",143,45398658,96.88
"skips",143,45398801,96.88
"sleazy",143,45398944,96.88
"snark",143,45399087,96.88
"spoils",143,45399230,96.88
"talbot",143,45399373,96.88
"truer",143,45399516,96.88
"tryout",143,45399659,96.88
"undesirable",143,45399802,96.88
"vacationing",143,45399945,96.88
"victimized",143,45400088,96.88
"wiggins",143,45400231,96.88
"woolf",143,45400374,96.88
"armchair",142,45400516,96.89
"barista",142,45400658,96.89
"birding",142,45400800,96.89
"bowels",142,45400942,96.89
"brazen",142,45401084,96.89
"breather",142,45401226,96.89
"brooding",142,45401368,96.89
"bulge",142,45401510,96.89
"callie",142,45401652,96.89
"censor",142,45401794,96.89
"cheaply",142,45401936,96.89
"christensen",142,45402078,96.89
"chung",142,45402220,96.89
"congratulated",142,45402362,96.89
"crumpled",142,45402504,96.89
"dada",142,45402646,96.89
"deliverance",142,45402788,96.89
"diem",142,45402930,96.89
"digger",142,45403072,96.89
"dispel",142,45403214,96.89
"drunks",142,45403356,96.89
"embargo",142,45403498,96.89
"emmett",142,45403640,96.89
"energize",142,45403782,96.89
"exhibitors",142,45403924,96.89
"exiled",142,45404066,96.89
"fabulously",142,45404208,96.89
"forcibly",142,45404350,96.89
"forging",142,45404492,96.89
"grumble",142,45404634,96.89
"hasty",142,45404776,96.89
"heaters",142,45404918,96.89
"hercules",142,45405060,96.89
"hormonal",142,45405202,96.9
"hummingbird",142,45405344,96.9
"inferno",142,45405486,96.9
"isolate",142,45405628,96.9
"jeannie",142,45405770,96.9
"kernel",142,45405912,96.9
"lyndon",142,45406054,96.9
"mathews",142,45406196,96.9
"mugabe",142,45406338,96.9
"munchies",142,45406480,96.9
"nassau",142,45406622,96.9
"nefarious",142,45406764,96.9
"omission",142,45406906,96.9
"ordinarily",142,45407048,96.9
"personable",142,45407190,96.9
"porridge",142,45407332,96.9
"purgatory",142,45407474,96.9
"resorted",142,45407616,96.9
"thinning",142,45407758,96.9
"tor",142,45407900,96.9
"unearthed",142,45408042,96.9
"upholstery",142,45408184,96.9
"weirder",142,45408326,96.9
"abusers",141,45408467,96.9
"acknowledgment",141,45408608,96.9
"advert",141,45408749,96.9
"aerobics",141,45408890,96.9
"beecher",141,45409031,96.9
"blissfully",141,45409172,96.9
"braking",141,45409313,96.9
"bridgeport",141,45409454,96.9
"busts",141,45409595,96.9
"bystanders",141,45409736,96.9
"chernobyl",141,45409877,96.91
"chugging",141,45410018,96.91
"cicero",141,45410159,96.91
"clenched",141,45410300,96.91
"coincides",141,45410441,96.91
"collaborator",141,45410582,96.91
"confuses",141,45410723,96.91
"contraband",141,45410864,96.91
"crunching",141,45411005,96.91
"cuffs",141,45411146,96.91
"delusions",141,45411287,96.91
"derogatory",141,45411428,96.91
"downtime",141,45411569,96.91
"eyeball",141,45411710,96.91
"fondue",141,45411851,96.91
"grenades",141,45411992,96.91
"hardback",141,45412133,96.91
"hearth",141,45412274,96.91
"heralded",141,45412415,96.91
"hilly",141,45412556,96.91
"hounds",141,45412697,96.91
"inverted",141,45412838,96.91
"ivf",141,45412979,96.91
"kleenex",141,45413120,96.91
"levied",141,45413261,96.91
"liberally",141,45413402,96.91
"lumpy",141,45413543,96.91
"migrant",141,45413684,96.91
"multiplied",141,45413825,96.91
"outlandish",141,45413966,96.91
"overcrowded",141,45414107,96.91
"popsicle",141,45414248,96.91
"portsmouth",141,45414389,96.91
"prenatal",141,45414530,96.92
"rapes",141,45414671,96.92
"reckoned",141,45414812,96.92
"regroup",141,45414953,96.92
"rejections",141,45415094,96.92
"resorting",141,45415235,96.92
"ripley",141,45415376,96.92
"scruffy",141,45415517,96.92
"shading",141,45415658,96.92
"sopranos",141,45415799,96.92
"sporty",141,45415940,96.92
"squishy",141,45416081,96.92
"standouts",141,45416222,96.92
"styrofoam",141,45416363,96.92
"substitution",141,45416504,96.92
"thirties",141,45416645,96.92
"tome",141,45416786,96.92
"traffickers",141,45416927,96.92
"unexplained",141,45417068,96.92
"validated",141,45417209,96.92
"villas",141,45417350,96.92
"wilkes",141,45417491,96.92
"yesterdays",141,45417632,96.92
"artistically",140,45417772,96.92
"authorizing",140,45417912,96.92
"baffling",140,45418052,96.92
"barnard",140,45418192,96.92
"belted",140,45418332,96.92
"canvases",140,45418472,96.92
"clipping",140,45418612,96.92
"concentrations",140,45418752,96.92
"concerted",140,45418892,96.92
"convincingly",140,45419032,96.92
"cordial",140,45419172,96.93
"corset",140,45419312,96.93
"crumbly",140,45419452,96.93
"deceiving",140,45419592,96.93
"efficacy",140,45419732,96.93
"electing",140,45419872,96.93
"elective",140,45420012,96.93
"empirical",140,45420152,96.93
"enigma",140,45420292,96.93
"entitlements",140,45420432,96.93
"exalted",140,45420572,96.93
"factoring",140,45420712,96.93
"flamboyant",140,45420852,96.93
"forsaken",140,45420992,96.93
"gable",140,45421132,96.93
"garth",140,45421272,96.93
"grinch",140,45421412,96.93
"heinz",140,45421552,96.93
"impulsive",140,45421692,96.93
"incessant",140,45421832,96.93
"invoice",140,45421972,96.93
"izod",140,45422112,96.93
"kelvin",140,45422252,96.93
"kilt",140,45422392,96.93
"lasers",140,45422532,96.93
"lever",140,45422672,96.93
"lew",140,45422812,96.93
"licensee",140,45422952,96.93
"lint",140,45423092,96.93
"matted",140,45423232,96.93
"medallion",140,45423372,96.93
"migrating",140,45423512,96.93
"mommies",140,45423652,96.93
"monoxide",140,45423792,96.93
"motivator",140,45423932,96.94
"partied",140,45424072,96.94
"payrolls",140,45424212,96.94
"peat",140,45424352,96.94
"persists",140,45424492,96.94
"pharisees",140,45424632,96.94
"pharmacists",140,45424772,96.94
"physique",140,45424912,96.94
"placenta",140,45425052,96.94
"plotted",140,45425192,96.94
"ponies",140,45425332,96.94
"potion",140,45425472,96.94
"protestants",140,45425612,96.94
"reaping",140,45425752,96.94
"reels",140,45425892,96.94
"reinforcing",140,45426032,96.94
"rims",140,45426172,96.94
"salmonella",140,45426312,96.94
"sectarian",140,45426452,96.94
"serrano",140,45426592,96.94
"skydiving",140,45426732,96.94
"sql",140,45426872,96.94
"stampede",140,45427012,96.94
"strut",140,45427152,96.94
"stylus",140,45427292,96.94
"substitutes",140,45427432,96.94
"suitably",140,45427572,96.94
"tibet",140,45427712,96.94
"ticketed",140,45427852,96.94
"tingling",140,45427992,96.94
"transcend",140,45428132,96.94
"twister",140,45428272,96.94
"unbalanced",140,45428412,96.94
"unresponsive",140,45428552,96.95
"unwillingness",140,45428692,96.95
"vortex",140,45428832,96.95
"adoptions",139,45428971,96.95
"ancestor",139,45429110,96.95
"anointed",139,45429249,96.95
"antelope",139,45429388,96.95
"beatings",139,45429527,96.95
"bernadette",139,45429666,96.95
"billings",139,45429805,96.95
"budgetary",139,45429944,96.95
"calder",139,45430083,96.95
"carlin",139,45430222,96.95
"cautions",139,45430361,96.95
"converge",139,45430500,96.95
"conversational",139,45430639,96.95
"cremation",139,45430778,96.95
"crux",139,45430917,96.95
"degradation",139,45431056,96.95
"diagonal",139,45431195,96.95
"dijon",139,45431334,96.95
"drapes",139,45431473,96.95
"droves",139,45431612,96.95
"fanning",139,45431751,96.95
"fondant",139,45431890,96.95
"formulate",139,45432029,96.95
"frequencies",139,45432168,96.95
"galileo",139,45432307,96.95
"gripe",139,45432446,96.95
"growl",139,45432585,96.95
"handguns",139,45432724,96.95
"hearst",139,45432863,96.95
"hillbilly",139,45433002,96.95
"homeboy",139,45433141,96.95
"hutchinson",139,45433280,96.96
"improvisation",139,45433419,96.96
"infidelity",139,45433558,96.96
"injecting",139,45433697,96.96
"josie",139,45433836,96.96
"kiddies",139,45433975,96.96
"lizzy",139,45434114,96.96
"mashup",139,45434253,96.96
"mattie",139,45434392,96.96
"muffled",139,45434531,96.96
"mulling",139,45434670,96.96
"od",139,45434809,96.96
"operas",139,45434948,96.96
"outlawed",139,45435087,96.96
"perfecting",139,45435226,96.96
"persisted",139,45435365,96.96
"playlists",139,45435504,96.96
"priscilla",139,45435643,96.96
"rafting",139,45435782,96.96
"redhead",139,45435921,96.96
"rediscovered",139,45436060,96.96
"retelling",139,45436199,96.96
"revitalization",139,45436338,96.96
"revitalize",139,45436477,96.96
"ripples",139,45436616,96.96
"satanic",139,45436755,96.96
"scarcity",139,45436894,96.96
"scoffed",139,45437033,96.96
"sickly",139,45437172,96.96
"sketched",139,45437311,96.96
"spoof",139,45437450,96.96
"stewards",139,45437589,96.96
"subversive",139,45437728,96.96
"swanky",139,45437867,96.97
"taiwanese",139,45438006,96.97
"transient",139,45438145,96.97
"unending",139,45438284,96.97
"unloaded",139,45438423,96.97
"unplanned",139,45438562,96.97
"unwavering",139,45438701,96.97
"uruguay",139,45438840,96.97
"virgil",139,45438979,96.97
"voicing",139,45439118,96.97
"waging",139,45439257,96.97
"whitening",139,45439396,96.97
"woodwork",139,45439535,96.97
"yearn",139,45439674,96.97
"advertiser",138,45439812,96.97
"agatha",138,45439950,96.97
"aggravating",138,45440088,96.97
"anemic",138,45440226,96.97
"animosity",138,45440364,96.97
"archiving",138,45440502,96.97
"auctioned",138,45440640,96.97
"balmy",138,45440778,96.97
"biographies",138,45440916,96.97
"budapest",138,45441054,96.97
"cecilia",138,45441192,96.97
"chipping",138,45441330,96.97
"conceivable",138,45441468,96.97
"cools",138,45441606,96.97
"crusader",138,45441744,96.97
"crusaders",138,45441882,96.97
"deepen",138,45442020,96.97
"dickey",138,45442158,96.97
"dismantling",138,45442296,96.97
"doubly",138,45442434,96.97
"ducked",138,45442572,96.98
"enhancements",138,45442710,96.98
"envoy",138,45442848,96.98
"franks",138,45442986,96.98
"gatsby",138,45443124,96.98
"gladiator",138,45443262,96.98
"glitz",138,45443400,96.98
"godmother",138,45443538,96.98
"grapevine",138,45443676,96.98
"grocer",138,45443814,96.98
"heaping",138,45443952,96.98
"huffman",138,45444090,96.98
"improvise",138,45444228,96.98
"inserting",138,45444366,96.98
"intangible",138,45444504,96.98
"jellyfish",138,45444642,96.98
"jigsaw",138,45444780,96.98
"josephine",138,45444918,96.98
"licorice",138,45445056,96.98
"luckiest",138,45445194,96.98
"maestro",138,45445332,96.98
"maneuvering",138,45445470,96.98
"mounts",138,45445608,96.98
"nadia",138,45445746,96.98
"nonviolent",138,45445884,96.98
"notifying",138,45446022,96.98
"offbeat",138,45446160,96.98
"panoramic",138,45446298,96.98
"penney",138,45446436,96.98
"prism",138,45446574,96.98
"rabies",138,45446712,96.98
"regulates",138,45446850,96.98
"rehearse",138,45446988,96.98
"rout",138,45447126,96.98
"satirical",138,45447264,96.99
"securely",138,45447402,96.99
"semis",138,45447540,96.99
"shelled",138,45447678,96.99
"silliness",138,45447816,96.99
"spacing",138,45447954,96.99
"spangled",138,45448092,96.99
"superstitious",138,45448230,96.99
"swirled",138,45448368,96.99
"timberland",138,45448506,96.99
"topple",138,45448644,96.99
"trotted",138,45448782,96.99
"uncontrollably",138,45448920,96.99
"untimely",138,45449058,96.99
"valiant",138,45449196,96.99
"vetted",138,45449334,96.99
"wanders",138,45449472,96.99
"wearable",138,45449610,96.99
"xerox",138,45449748,96.99
"alba",137,45449885,96.99
"astute",137,45450022,96.99
"bobbing",137,45450159,96.99
"brahms",137,45450296,96.99
"campsite",137,45450433,96.99
"cemented",137,45450570,96.99
"cheerfully",137,45450707,96.99
"chests",137,45450844,96.99
"conspicuous",137,45450981,96.99
"correspond",137,45451118,96.99
"crested",137,45451255,96.99
"cyberspace",137,45451392,96.99
"disapprove",137,45451529,96.99
"eel",137,45451666,96.99
"escalator",137,45451803,96.99
"etch",137,45451940,97
"facet",137,45452077,97
"fahrenheit",137,45452214,97
"faye",137,45452351,97
"flailing",137,45452488,97
"frenchman",137,45452625,97
"fuji",137,45452762,97
"givens",137,45452899,97
"glancing",137,45453036,97
"grinned",137,45453173,97
"harrell",137,45453310,97
"heywood",137,45453447,97
"hibiscus",137,45453584,97
"hyperbole",137,45453721,97
"ideologies",137,45453858,97
"immunization",137,45453995,97
"indulged",137,45454132,97
"intermittent",137,45454269,97
"jarvis",137,45454406,97
"kickbacks",137,45454543,97
"laces",137,45454680,97
"ladders",137,45454817,97
"leaped",137,45454954,97
"leeway",137,45455091,97
"limes",137,45455228,97
"limping",137,45455365,97
"lullaby",137,45455502,97
"mainstay",137,45455639,97
"marchers",137,45455776,97
"marxism",137,45455913,97
"mcnamara",137,45456050,97
"molten",137,45456187,97
"notched",137,45456324,97
"nsa",137,45456461,97
"oxymoron",137,45456598,97
"paternity",137,45456735,97.01
"perverted",137,45456872,97.01
"picturing",137,45457009,97.01
"prequel",137,45457146,97.01
"quaker",137,45457283,97.01
"rebuttal",137,45457420,97.01
"refineries",137,45457557,97.01
"rites",137,45457694,97.01
"sappy",137,45457831,97.01
"saucy",137,45457968,97.01
"sclerosis",137,45458105,97.01
"secretaries",137,45458242,97.01
"sirloin",137,45458379,97.01
"sizing",137,45458516,97.01
"sizzle",137,45458653,97.01
"skiers",137,45458790,97.01
"slayings",137,45458927,97.01
"snuggling",137,45459064,97.01
"solis",137,45459201,97.01
"sported",137,45459338,97.01
"sprinted",137,45459475,97.01
"stalemate",137,45459612,97.01
"stingy",137,45459749,97.01
"stow",137,45459886,97.01
"surrendering",137,45460023,97.01
"swells",137,45460160,97.01
"tarragon",137,45460297,97.01
"technologically",137,45460434,97.01
"tenuous",137,45460571,97.01
"tran",137,45460708,97.01
"ukulele",137,45460845,97.01
"undertones",137,45460982,97.01
"abomination",136,45461118,97.01
"ascend",136,45461254,97.01
"bess",136,45461390,97.02
"blackmail",136,45461526,97.02
"bled",136,45461662,97.02
"blossomed",136,45461798,97.02
"booksellers",136,45461934,97.02
"bounded",136,45462070,97.02
"commotion",136,45462206,97.02
"complexion",136,45462342,97.02
"copyrighted",136,45462478,97.02
"cordless",136,45462614,97.02
"coronary",136,45462750,97.02
"councilor",136,45462886,97.02
"eastman",136,45463022,97.02
"edna",136,45463158,97.02
"emanating",136,45463294,97.02
"eraser",136,45463430,97.02
"erroneous",136,45463566,97.02
"flask",136,45463702,97.02
"flocked",136,45463838,97.02
"freshest",136,45463974,97.02
"grossed",136,45464110,97.02
"guitarists",136,45464246,97.02
"hazelnuts",136,45464382,97.02
"hippo",136,45464518,97.02
"ills",136,45464654,97.02
"impede",136,45464790,97.02
"implant",136,45464926,97.02
"intoxicating",136,45465062,97.02
"justifies",136,45465198,97.02
"kneeling",136,45465334,97.02
"kyoto",136,45465470,97.02
"lagers",136,45465606,97.02
"locales",136,45465742,97.02
"luxembourg",136,45465878,97.02
"managerial",136,45466014,97.03
"moderating",136,45466150,97.03
"multinational",136,45466286,97.03
"nicaragua",136,45466422,97.03
"normalcy",136,45466558,97.03
"pancreatic",136,45466694,97.03
"patrice",136,45466830,97.03
"pausing",136,45466966,97.03
"polaroid",136,45467102,97.03
"reschedule",136,45467238,97.03
"rockwell",136,45467374,97.03
"smacks",136,45467510,97.03
"snead",136,45467646,97.03
"specimens",136,45467782,97.03
"supervising",136,45467918,97.03
"surveying",136,45468054,97.03
"terrance",136,45468190,97.03
"tutu",136,45468326,97.03
"videotape",136,45468462,97.03
"wobble",136,45468598,97.03
"yew",136,45468734,97.03
"affliction",135,45468869,97.03
"aficionados",135,45469004,97.03
"alchemy",135,45469139,97.03
"anxieties",135,45469274,97.03
"archivists",135,45469409,97.03
"bandits",135,45469544,97.03
"beak",135,45469679,97.03
"bedbugs",135,45469814,97.03
"blt",135,45469949,97.03
"candor",135,45470084,97.03
"caste",135,45470219,97.03
"caster",135,45470354,97.03
"cheetos",135,45470489,97.03
"chronicled",135,45470624,97.03
"confronts",135,45470759,97.04
"coppola",135,45470894,97.04
"craftsmanship",135,45471029,97.04
"cronies",135,45471164,97.04
"diagrams",135,45471299,97.04
"dickson",135,45471434,97.04
"dizzying",135,45471569,97.04
"elbert",135,45471704,97.04
"enclosure",135,45471839,97.04
"equities",135,45471974,97.04
"exacerbated",135,45472109,97.04
"extinguished",135,45472244,97.04
"exuberance",135,45472379,97.04
"fanciful",135,45472514,97.04
"feeders",135,45472649,97.04
"fillet",135,45472784,97.04
"firsts",135,45472919,97.04
"flowery",135,45473054,97.04
"fraternal",135,45473189,97.04
"gareth",135,45473324,97.04
"gilded",135,45473459,97.04
"gimmicks",135,45473594,97.04
"grapple",135,45473729,97.04
"horoscope",135,45473864,97.04
"kendra",135,45473999,97.04
"knobs",135,45474134,97.04
"kremlin",135,45474269,97.04
"larsen",135,45474404,97.04
"lonnie",135,45474539,97.04
"lymphoma",135,45474674,97.04
"makings",135,45474809,97.04
"martins",135,45474944,97.04
"maturing",135,45475079,97.04
"melodramatic",135,45475214,97.04
"minis",135,45475349,97.04
"monologues",135,45475484,97.05
"novices",135,45475619,97.05
"omen",135,45475754,97.05
"onlookers",135,45475889,97.05
"orchards",135,45476024,97.05
"orphaned",135,45476159,97.05
"ovens",135,45476294,97.05
"overgrown",135,45476429,97.05
"particle",135,45476564,97.05
"placebo",135,45476699,97.05
"platters",135,45476834,97.05
"quarts",135,45476969,97.05
"reckoning",135,45477104,97.05
"refresher",135,45477239,97.05
"representations",135,45477374,97.05
"repressed",135,45477509,97.05
"retreats",135,45477644,97.05
"retriever",135,45477779,97.05
"revamping",135,45477914,97.05
"sanitary",135,45478049,97.05
"sapphire",135,45478184,97.05
"septic",135,45478319,97.05
"sipped",135,45478454,97.05
"snazzy",135,45478589,97.05
"solidify",135,45478724,97.05
"stabilized",135,45478859,97.05
"stank",135,45478994,97.05
"stylized",135,45479129,97.05
"sumptuous",135,45479264,97.05
"sustenance",135,45479399,97.05
"teri",135,45479534,97.05
"thermostat",135,45479669,97.05
"toil",135,45479804,97.05
"turntable",135,45479939,97.05
"vaughan",135,45480074,97.06
"voltage",135,45480209,97.06
"waistband",135,45480344,97.06
"welding",135,45480479,97.06
"yves",135,45480614,97.06
"absinthe",134,45480748,97.06
"afrikaners",134,45480882,97.06
"alerting",134,45481016,97.06
"anecdote",134,45481150,97.06
"armageddon",134,45481284,97.06
"bakes",134,45481418,97.06
"barns",134,45481552,97.06
"beamed",134,45481686,97.06
"beaumont",134,45481820,97.06
"beetles",134,45481954,97.06
"biopsy",134,45482088,97.06
"bloods",134,45482222,97.06
"chattanooga",134,45482356,97.06
"chiefly",134,45482490,97.06
"commenced",134,45482624,97.06
"dedicating",134,45482758,97.06
"degrading",134,45482892,97.06
"densely",134,45483026,97.06
"derivative",134,45483160,97.06
"descends",134,45483294,97.06
"discredit",134,45483428,97.06
"disgraced",134,45483562,97.06
"dissatisfied",134,45483696,97.06
"dyes",134,45483830,97.06
"elicit",134,45483964,97.06
"enclave",134,45484098,97.06
"enslaved",134,45484232,97.06
"femininity",134,45484366,97.06
"foresight",134,45484500,97.06
"freehold",134,45484634,97.06
"handlers",134,45484768,97.07
"harmonious",134,45484902,97.07
"headset",134,45485036,97.07
"heineken",134,45485170,97.07
"hind",134,45485304,97.07
"huston",134,45485438,97.07
"ides",134,45485572,97.07
"insurgency",134,45485706,97.07
"irreverent",134,45485840,97.07
"juggernaut",134,45485974,97.07
"knapp",134,45486108,97.07
"lonesome",134,45486242,97.07
"lucid",134,45486376,97.07
"mariachi",134,45486510,97.07
"microscope",134,45486644,97.07
"mints",134,45486778,97.07
"mishap",134,45486912,97.07
"nappy",134,45487046,97.07
"nocturnal",134,45487180,97.07
"nominal",134,45487314,97.07
"nutcracker",134,45487448,97.07
"opus",134,45487582,97.07
"paces",134,45487716,97.07
"panicking",134,45487850,97.07
"parochial",134,45487984,97.07
"powders",134,45488118,97.07
"profiled",134,45488252,97.07
"repealing",134,45488386,97.07
"residing",134,45488520,97.07
"rosters",134,45488654,97.07
"rumbling",134,45488788,97.07
"screenshot",134,45488922,97.07
"sediment",134,45489056,97.07
"skater",134,45489190,97.07
"skyscrapers",134,45489324,97.07
"smuggled",134,45489458,97.08
"snare",134,45489592,97.08
"spanned",134,45489726,97.08
"staked",134,45489860,97.08
"sycamore",134,45489994,97.08
"sylvester",134,45490128,97.08
"tats",134,45490262,97.08
"ulysses",134,45490396,97.08
"undertaker",134,45490530,97.08
"undue",134,45490664,97.08
"unnerving",134,45490798,97.08
"virgins",134,45490932,97.08
"watergate",134,45491066,97.08
"wayside",134,45491200,97.08
"whims",134,45491334,97.08
"wristbands",134,45491468,97.08
"afoot",133,45491601,97.08
"alluded",133,45491734,97.08
"ambush",133,45491867,97.08
"amends",133,45492000,97.08
"aspiration",133,45492133,97.08
"aston",133,45492266,97.08
"bluebird",133,45492399,97.08
"bluffs",133,45492532,97.08
"bowing",133,45492665,97.08
"brightened",133,45492798,97.08
"buttocks",133,45492931,97.08
"cannons",133,45493064,97.08
"cheater",133,45493197,97.08
"cranes",133,45493330,97.08
"debatable",133,45493463,97.08
"debuting",133,45493596,97.08
"defied",133,45493729,97.08
"deteriorated",133,45493862,97.08
"dislocated",133,45493995,97.08
"distinctions",133,45494128,97.09
"docket",133,45494261,97.09
"dungeons",133,45494394,97.09
"electrician",133,45494527,97.09
"embellish",133,45494660,97.09
"ernst",133,45494793,97.09
"expiring",133,45494926,97.09
"fifties",133,45495059,97.09
"flicker",133,45495192,97.09
"frequented",133,45495325,97.09
"fuzz",133,45495458,97.09
"gaines",133,45495591,97.09
"gettysburg",133,45495724,97.09
"goalies",133,45495857,97.09
"grandchild",133,45495990,97.09
"grunt",133,45496123,97.09
"hairline",133,45496256,97.09
"hamburg",133,45496389,97.09
"hammers",133,45496522,97.09
"hatfield",133,45496655,97.09
"hodges",133,45496788,97.09
"hotly",133,45496921,97.09
"incline",133,45497054,97.09
"inventors",133,45497187,97.09
"ironed",133,45497320,97.09
"jed",133,45497453,97.09
"justifying",133,45497586,97.09
"kashmir",133,45497719,97.09
"luminous",133,45497852,97.09
"materialize",133,45497985,97.09
"mermaids",133,45498118,97.09
"mimosa",133,45498251,97.09
"motifs",133,45498384,97.09
"newborns",133,45498517,97.09
"nibble",133,45498650,97.09
"oberlin",133,45498783,97.1
"paddling",133,45498916,97.1
"palsy",133,45499049,97.1
"panelist",133,45499182,97.1
"pantheon",133,45499315,97.1
"peddling",133,45499448,97.1
"penalized",133,45499581,97.1
"pixel",133,45499714,97.1
"pompous",133,45499847,97.1
"quirk",133,45499980,97.1
"resourceful",133,45500113,97.1
"rhyming",133,45500246,97.1
"robins",133,45500379,97.1
"robles",133,45500512,97.1
"scarcely",133,45500645,97.1
"shepherds",133,45500778,97.1
"shunned",133,45500911,97.1
"simulated",133,45501044,97.1
"spate",133,45501177,97.1
"sponged",133,45501310,97.1
"spotless",133,45501443,97.1
"strategists",133,45501576,97.1
"sufferers",133,45501709,97.1
"superpower",133,45501842,97.1
"syndicate",133,45501975,97.1
"toting",133,45502108,97.1
"tut",133,45502241,97.1
"unknowingly",133,45502374,97.1
"unorthodox",133,45502507,97.1
"unwittingly",133,45502640,97.1
"usefulness",133,45502773,97.1
"willpower",133,45502906,97.1
"yardage",133,45503039,97.1
"accomplice",132,45503171,97.1
"alternates",132,45503303,97.1
"anecdotal",132,45503435,97.1
"armando",132,45503567,97.11
"berra",132,45503699,97.11
"betcha",132,45503831,97.11
"bosnia",132,45503963,97.11
"carcass",132,45504095,97.11
"cartoonist",132,45504227,97.11
"chaney",132,45504359,97.11
"christi",132,45504491,97.11
"cinematographer",132,45504623,97.11
"condiments",132,45504755,97.11
"conscientious",132,45504887,97.11
"consolidating",132,45505019,97.11
"dartmouth",132,45505151,97.11
"demoted",132,45505283,97.11
"deterioration",132,45505415,97.11
"doubtless",132,45505547,97.11
"downloadable",132,45505679,97.11
"emphatically",132,45505811,97.11
"endowed",132,45505943,97.11
"ergo",132,45506075,97.11
"examinations",132,45506207,97.11
"expressly",132,45506339,97.11
"finishers",132,45506471,97.11
"fossils",132,45506603,97.11
"frenzied",132,45506735,97.11
"grudges",132,45506867,97.11
"heartburn",132,45506999,97.11
"hotness",132,45507131,97.11
"incompatible",132,45507263,97.11
"insurmountable",132,45507395,97.11
"intrusion",132,45507527,97.11
"iodine",132,45507659,97.11
"jayson",132,45507791,97.11
"mingling",132,45507923,97.11
"muttered",132,45508055,97.11
"nationalists",132,45508187,97.12
"ogden",132,45508319,97.12
"optimization",132,45508451,97.12
"overture",132,45508583,97.12
"overuse",132,45508715,97.12
"pellets",132,45508847,97.12
"prays",132,45508979,97.12
"punishable",132,45509111,97.12
"reflex",132,45509243,97.12
"renault",132,45509375,97.12
"rivalries",132,45509507,97.12
"rodents",132,45509639,97.12
"sahara",132,45509771,97.12
"saliva",132,45509903,97.12
"shelling",132,45510035,97.12
"shrouded",132,45510167,97.12
"slacks",132,45510299,97.12
"smugglers",132,45510431,97.12
"snows",132,45510563,97.12
"spasms",132,45510695,97.12
"spock",132,45510827,97.12
"statuses",132,45510959,97.12
"stoic",132,45511091,97.12
"subaru",132,45511223,97.12
"subconsciously",132,45511355,97.12
"truest",132,45511487,97.12
"untreated",132,45511619,97.12
"vanishing",132,45511751,97.12
"vazquez",132,45511883,97.12
"volvo",132,45512015,97.12
"vultures",132,45512147,97.12
"wad",132,45512279,97.12
"wayward",132,45512411,97.12
"werewolves",132,45512543,97.12
"admirers",131,45512674,97.12
"allocate",131,45512805,97.12
"analyses",131,45512936,97.13
"appropriation",131,45513067,97.13
"ascended",131,45513198,97.13
"behemoth",131,45513329,97.13
"boyer",131,45513460,97.13
"burnside",131,45513591,97.13
"caricature",131,45513722,97.13
"chiropractic",131,45513853,97.13
"clapton",131,45513984,97.13
"cleanser",131,45514115,97.13
"clouded",131,45514246,97.13
"coil",131,45514377,97.13
"complements",131,45514508,97.13
"convent",131,45514639,97.13
"convoy",131,45514770,97.13
"coordinators",131,45514901,97.13
"cornish",131,45515032,97.13
"corolla",131,45515163,97.13
"critter",131,45515294,97.13
"discrepancy",131,45515425,97.13
"disks",131,45515556,97.13
"ducking",131,45515687,97.13
"dutifully",131,45515818,97.13
"emptying",131,45515949,97.13
"evade",131,45516080,97.13
"foundry",131,45516211,97.13
"fronted",131,45516342,97.13
"grunge",131,45516473,97.13
"hails",131,45516604,97.13
"heroism",131,45516735,97.13
"hoarders",131,45516866,97.13
"increments",131,45516997,97.13
"intercontinental",131,45517128,97.13
"interruptions",131,45517259,97.13
"intruder",131,45517390,97.13
"juarez",131,45517521,97.13
"kareem",131,45517652,97.14
"kuwait",131,45517783,97.14
"lam",131,45517914,97.14
"lear",131,45518045,97.14
"lifeguard",131,45518176,97.14
"lifespan",131,45518307,97.14
"misread",131,45518438,97.14
"oat",131,45518569,97.14
"ono",131,45518700,97.14
"opinionated",131,45518831,97.14
"orwell",131,45518962,97.14
"oust",131,45519093,97.14
"petitioner",131,45519224,97.14
"polymer",131,45519355,97.14
"preposterous",131,45519486,97.14
"prognosis",131,45519617,97.14
"qualms",131,45519748,97.14
"quotations",131,45519879,97.14
"rearing",131,45520010,97.14
"recounting",131,45520141,97.14
"recourse",131,45520272,97.14
"rehearsed",131,45520403,97.14
"saith",131,45520534,97.14
"sanded",131,45520665,97.14
"scrolls",131,45520796,97.14
"sequins",131,45520927,97.14
"sparring",131,45521058,97.14
"strangle",131,45521189,97.14
"sympathize",131,45521320,97.14
"tariffs",131,45521451,97.14
"tricia",131,45521582,97.14
"ubs",131,45521713,97.14
"vehicular",131,45521844,97.14
"yawning",131,45521975,97.14
"zap",131,45522106,97.14
"acreage",130,45522236,97.15
"anise",130,45522366,97.15
"averse",130,45522496,97.15
"bertie",130,45522626,97.15
"bonanza",130,45522756,97.15
"buoyed",130,45522886,97.15
"cashews",130,45523016,97.15
"celia",130,45523146,97.15
"cleric",130,45523276,97.15
"cohesion",130,45523406,97.15
"concedes",130,45523536,97.15
"consumerism",130,45523666,97.15
"dialing",130,45523796,97.15
"displeasure",130,45523926,97.15
"ebony",130,45524056,97.15
"emblazoned",130,45524186,97.15
"ether",130,45524316,97.15
"evolves",130,45524446,97.15
"extracts",130,45524576,97.15
"farting",130,45524706,97.15
"fedora",130,45524836,97.15
"flicked",130,45524966,97.15
"genome",130,45525096,97.15
"goldie",130,45525226,97.15
"habitats",130,45525356,97.15
"holed",130,45525486,97.15
"humankind",130,45525616,97.15
"hypertension",130,45525746,97.15
"investigates",130,45525876,97.15
"kafka",130,45526006,97.15
"landfills",130,45526136,97.15
"leaner",130,45526266,97.15
"locale",130,45526396,97.15
"magnesium",130,45526526,97.15
"magnified",130,45526656,97.15
"mancini",130,45526786,97.15
"mariner",130,45526916,97.16
"measly",130,45527046,97.16
"noe",130,45527176,97.16
"nyquil",130,45527306,97.16
"outgrown",130,45527436,97.16
"patina",130,45527566,97.16
"petra",130,45527696,97.16
"reassurance",130,45527826,97.16
"restraints",130,45527956,97.16
"rioting",130,45528086,97.16
"rung",130,45528216,97.16
"schizophrenic",130,45528346,97.16
"seduction",130,45528476,97.16
"shortfalls",130,45528606,97.16
"sod",130,45528736,97.16
"spandex",130,45528866,97.16
"spiraling",130,45528996,97.16
"squandered",130,45529126,97.16
"stationery",130,45529256,97.16
"surly",130,45529386,97.16
"tact",130,45529516,97.16
"terence",130,45529646,97.16
"tessa",130,45529776,97.16
"thematic",130,45529906,97.16
"thong",130,45530036,97.16
"tranquility",130,45530166,97.16
"tyrone",130,45530296,97.16
"uncontrollable",130,45530426,97.16
"ungodly",130,45530556,97.16
"unsung",130,45530686,97.16
"unwritten",130,45530816,97.16
"veda",130,45530946,97.16
"voltaire",130,45531076,97.16
"wickedness",130,45531206,97.16
"wounding",130,45531336,97.16
"wt",130,45531466,97.16
"accumulating",129,45531595,97.17
"affectionately",129,45531724,97.17
"allentown",129,45531853,97.17
"arlene",129,45531982,97.17
"belting",129,45532111,97.17
"beltway",129,45532240,97.17
"bobbi",129,45532369,97.17
"breathes",129,45532498,97.17
"brokered",129,45532627,97.17
"butterscotch",129,45532756,97.17
"camilla",129,45532885,97.17
"canyons",129,45533014,97.17
"checkered",129,45533143,97.17
"clung",129,45533272,97.17
"commune",129,45533401,97.17
"cosmopolitan",129,45533530,97.17
"crumbles",129,45533659,97.17
"demetrius",129,45533788,97.17
"deuce",129,45533917,97.17
"dietrich",129,45534046,97.17
"donates",129,45534175,97.17
"doorbell",129,45534304,97.17
"dosage",129,45534433,97.17
"downsizing",129,45534562,97.17
"dumpling",129,45534691,97.17
"endures",129,45534820,97.17
"ethel",129,45534949,97.17
"fictitious",129,45535078,97.17
"fleas",129,45535207,97.17
"floored",129,45535336,97.17
"georgian",129,45535465,97.17
"ghastly",129,45535594,97.17
"gif",129,45535723,97.17
"glands",129,45535852,97.17
"greyhounds",129,45535981,97.17
"grog",129,45536110,97.17
"guerrero",129,45536239,97.17
"gunner",129,45536368,97.18
"heartwarming",129,45536497,97.18
"installments",129,45536626,97.18
"jehovah",129,45536755,97.18
"jennie",129,45536884,97.18
"jockeys",129,45537013,97.18
"juxtaposition",129,45537142,97.18
"lashed",129,45537271,97.18
"lifetimes",129,45537400,97.18
"lizards",129,45537529,97.18
"mace",129,45537658,97.18
"margo",129,45537787,97.18
"merchandising",129,45537916,97.18
"mesmerized",129,45538045,97.18
"midterms",129,45538174,97.18
"misconceptions",129,45538303,97.18
"mislead",129,45538432,97.18
"mismanagement",129,45538561,97.18
"mobilize",129,45538690,97.18
"modem",129,45538819,97.18
"monet",129,45538948,97.18
"narrower",129,45539077,97.18
"outstretched",129,45539206,97.18
"overpass",129,45539335,97.18
"pabst",129,45539464,97.18
"pallet",129,45539593,97.18
"pant",129,45539722,97.18
"playroom",129,45539851,97.18
"provocation",129,45539980,97.18
"ratified",129,45540109,97.18
"raved",129,45540238,97.18
"restricts",129,45540367,97.18
"ruffle",129,45540496,97.18
"rummage",129,45540625,97.18
"satisfies",129,45540754,97.18
"schoolyard",129,45540883,97.18
"supermodel",129,45541012,97.19
"swarmed",129,45541141,97.19
"thud",129,45541270,97.19
"tidbit",129,45541399,97.19
"tosses",129,45541528,97.19
"unreleased",129,45541657,97.19
"untouchable",129,45541786,97.19
"vacuuming",129,45541915,97.19
"vocalists",129,45542044,97.19
"vols",129,45542173,97.19
"wristband",129,45542302,97.19
"xii",129,45542431,97.19
"apologizes",128,45542559,97.19
"audacious",128,45542687,97.19
"australians",128,45542815,97.19
"backer",128,45542943,97.19
"bandage",128,45543071,97.19
"bayer",128,45543199,97.19
"bikinis",128,45543327,97.19
"bleached",128,45543455,97.19
"burglar",128,45543583,97.19
"capacities",128,45543711,97.19
"chopin",128,45543839,97.19
"convergence",128,45543967,97.19
"courteous",128,45544095,97.19
"creamed",128,45544223,97.19
"crusts",128,45544351,97.19
"deflect",128,45544479,97.19
"divulge",128,45544607,97.19
"domains",128,45544735,97.19
"enzymes",128,45544863,97.19
"exploratory",128,45544991,97.19
"forster",128,45545119,97.19
"fortitude",128,45545247,97.19
"galatians",128,45545375,97.19
"gullible",128,45545503,97.19
"gums",128,45545631,97.19
"handel",128,45545759,97.2
"hoard",128,45545887,97.2
"homophobia",128,45546015,97.2
"invoking",128,45546143,97.2
"lard",128,45546271,97.2
"lovecraft",128,45546399,97.2
"macedonia",128,45546527,97.2
"manhood",128,45546655,97.2
"manuals",128,45546783,97.2
"marigold",128,45546911,97.2
"marries",128,45547039,97.2
"mayans",128,45547167,97.2
"measles",128,45547295,97.2
"moderated",128,45547423,97.2
"mutation",128,45547551,97.2
"nears",128,45547679,97.2
"nervousness",128,45547807,97.2
"oblique",128,45547935,97.2
"overlay",128,45548063,97.2
"peered",128,45548191,97.2
"pelt",128,45548319,97.2
"pensacola",128,45548447,97.2
"personalize",128,45548575,97.2
"physicist",128,45548703,97.2
"picnics",128,45548831,97.2
"pioneered",128,45548959,97.2
"polyester",128,45549087,97.2
"preparatory",128,45549215,97.2
"quid",128,45549343,97.2
"raffles",128,45549471,97.2
"rationality",128,45549599,97.2
"rejoin",128,45549727,97.2
"relational",128,45549855,97.2
"ridiculousness",128,45549983,97.2
"sacrament",128,45550111,97.2
"signify",128,45550239,97.2
"silhouettes",128,45550367,97.21
"steamboat",128,45550495,97.21
"stifling",128,45550623,97.21
"stoppers",128,45550751,97.21
"suffocating",128,45550879,97.21
"sweatshirts",128,45551007,97.21
"tanker",128,45551135,97.21
"totalitarian",128,45551263,97.21
"unplug",128,45551391,97.21
"unraveling",128,45551519,97.21
"webinars",128,45551647,97.21
"wisteria",128,45551775,97.21
"wm",128,45551903,97.21
"acutely",127,45552030,97.21
"anterior",127,45552157,97.21
"archived",127,45552284,97.21
"beech",127,45552411,97.21
"blackbird",127,45552538,97.21
"blip",127,45552665,97.21
"boar",127,45552792,97.21
"bouncer",127,45552919,97.21
"brainwashed",127,45553046,97.21
"casablanca",127,45553173,97.21
"cavalry",127,45553300,97.21
"classically",127,45553427,97.21
"combating",127,45553554,97.21
"confesses",127,45553681,97.21
"delmar",127,45553808,97.21
"denomination",127,45553935,97.21
"derives",127,45554062,97.21
"dickerson",127,45554189,97.21
"drawback",127,45554316,97.21
"dredge",127,45554443,97.21
"earle",127,45554570,97.21
"empires",127,45554697,97.21
"executions",127,45554824,97.21
"fingerprint",127,45554951,97.21
"foiled",127,45555078,97.22
"friendliness",127,45555205,97.22
"gasping",127,45555332,97.22
"gilchrist",127,45555459,97.22
"glassware",127,45555586,97.22
"grandiose",127,45555713,97.22
"grange",127,45555840,97.22
"illogical",127,45555967,97.22
"infestation",127,45556094,97.22
"insistent",127,45556221,97.22
"interspersed",127,45556348,97.22
"irritable",127,45556475,97.22
"jot",127,45556602,97.22
"kasey",127,45556729,97.22
"letdown",127,45556856,97.22
"libel",127,45556983,97.22
"lifeboat",127,45557110,97.22
"liquidation",127,45557237,97.22
"locust",127,45557364,97.22
"longhorns",127,45557491,97.22
"lupe",127,45557618,97.22
"luring",127,45557745,97.22
"marginally",127,45557872,97.22
"milo",127,45557999,97.22
"moriarty",127,45558126,97.22
"overblown",127,45558253,97.22
"penetrating",127,45558380,97.22
"persuading",127,45558507,97.22
"piazza",127,45558634,97.22
"pollutants",127,45558761,97.22
"prehistoric",127,45558888,97.22
"raged",127,45559015,97.22
"rankin",127,45559142,97.22
"raps",127,45559269,97.22
"recapture",127,45559396,97.22
"reebok",127,45559523,97.22
"removable",127,45559650,97.22
"replays",127,45559777,97.23
"replenish",127,45559904,97.23
"rothschild",127,45560031,97.23
"savoring",127,45560158,97.23
"scotia",127,45560285,97.23
"seder",127,45560412,97.23
"sicilian",127,45560539,97.23
"spurt",127,45560666,97.23
"tint",127,45560793,97.23
"tupperware",127,45560920,97.23
"vouch",127,45561047,97.23
"weir",127,45561174,97.23
"witchcraft",127,45561301,97.23
"worsening",127,45561428,97.23
"wrinkled",127,45561555,97.23
"xvi",127,45561682,97.23
"alienation",126,45561808,97.23
"apprehensive",126,45561934,97.23
"archaic",126,45562060,97.23
"assailant",126,45562186,97.23
"assessor",126,45562312,97.23
"aztec",126,45562438,97.23
"biceps",126,45562564,97.23
"blackness",126,45562690,97.23
"breaded",126,45562816,97.23
"cascades",126,45562942,97.23
"celts",126,45563068,97.23
"cereals",126,45563194,97.23
"chassis",126,45563320,97.23
"chuckles",126,45563446,97.23
"clippings",126,45563572,97.23
"collectibles",126,45563698,97.23
"columbine",126,45563824,97.23
"consoles",126,45563950,97.23
"curvy",126,45564076,97.23
"digestion",126,45564202,97.23
"dishonesty",126,45564328,97.23
"distinguishes",126,45564454,97.24
"dwarfs",126,45564580,97.24
"earmarks",126,45564706,97.24
"encountering",126,45564832,97.24
"erotica",126,45564958,97.24
"excels",126,45565084,97.24
"fervent",126,45565210,97.24
"fostered",126,45565336,97.24
"frees",126,45565462,97.24
"grumbling",126,45565588,97.24
"hobbled",126,45565714,97.24
"horsemen",126,45565840,97.24
"ignition",126,45565966,97.24
"illustrators",126,45566092,97.24
"iss",126,45566218,97.24
"liberia",126,45566344,97.24
"mattresses",126,45566470,97.24
"michelangelo",126,45566596,97.24
"microphones",126,45566722,97.24
"monique",126,45566848,97.24
"montoya",126,45566974,97.24
"mowed",126,45567100,97.24
"nero",126,45567226,97.24
"ornamental",126,45567352,97.24
"outcast",126,45567478,97.24
"overdone",126,45567604,97.24
"painstakingly",126,45567730,97.24
"parasites",126,45567856,97.24
"pessimist",126,45567982,97.24
"posturing",126,45568108,97.24
"reals",126,45568234,97.24
"regaining",126,45568360,97.24
"relieving",126,45568486,97.24
"respondent",126,45568612,97.24
"salvatore",126,45568738,97.24
"sanction",126,45568864,97.24
"schoolwork",126,45568990,97.24
"scoured",126,45569116,97.25
"scribbled",126,45569242,97.25
"sheryl",126,45569368,97.25
"shortlist",126,45569494,97.25
"simulator",126,45569620,97.25
"socket",126,45569746,97.25
"sofas",126,45569872,97.25
"spearheaded",126,45569998,97.25
"symphonic",126,45570124,97.25
"tarzan",126,45570250,97.25
"transmit",126,45570376,97.25
"turnips",126,45570502,97.25
"unclaimed",126,45570628,97.25
"unforgiving",126,45570754,97.25
"unmatched",126,45570880,97.25
"vetting",126,45571006,97.25
"vicariously",126,45571132,97.25
"violators",126,45571258,97.25
"windfall",126,45571384,97.25
"adorn",125,45571509,97.25
"alcatraz",125,45571634,97.25
"amplify",125,45571759,97.25
"anon",125,45571884,97.25
"apologetic",125,45572009,97.25
"asst",125,45572134,97.25
"bastion",125,45572259,97.25
"bavarian",125,45572384,97.25
"beading",125,45572509,97.25
"casks",125,45572634,97.25
"cheri",125,45572759,97.25
"chit",125,45572884,97.25
"conversions",125,45573009,97.25
"coolidge",125,45573134,97.25
"cornered",125,45573259,97.25
"danes",125,45573384,97.25
"dank",125,45573509,97.25
"deprive",125,45573634,97.25
"dimples",125,45573759,97.26
"earnhardt",125,45573884,97.26
"ensembles",125,45574009,97.26
"escalate",125,45574134,97.26
"escrow",125,45574259,97.26
"evasion",125,45574384,97.26
"excites",125,45574509,97.26
"ferdinand",125,45574634,97.26
"flutter",125,45574759,97.26
"footloose",125,45574884,97.26
"freckles",125,45575009,97.26
"grout",125,45575134,97.26
"guaranteeing",125,45575259,97.26
"guerrilla",125,45575384,97.26
"haw",125,45575509,97.26
"heave",125,45575634,97.26
"hubris",125,45575759,97.26
"indignation",125,45575884,97.26
"irrespective",125,45576009,97.26
"jest",125,45576134,97.26
"jodie",125,45576259,97.26
"juno",125,45576384,97.26
"kristy",125,45576509,97.26
"labrador",125,45576634,97.26
"lounges",125,45576759,97.26
"motels",125,45576884,97.26
"neurotic",125,45577009,97.26
"norse",125,45577134,97.26
"nothings",125,45577259,97.26
"obituary",125,45577384,97.26
"objectively",125,45577509,97.26
"objectivity",125,45577634,97.26
"obsessively",125,45577759,97.26
"oceanic",125,45577884,97.26
"octavia",125,45578009,97.26
"ostrich",125,45578134,97.26
"petrified",125,45578259,97.26
"pharaoh",125,45578384,97.26
"philippe",125,45578509,97.27
"ply",125,45578634,97.27
"quilted",125,45578759,97.27
"quinton",125,45578884,97.27
"rejoicing",125,45579009,97.27
"serb",125,45579134,97.27
"shortbread",125,45579259,97.27
"shun",125,45579384,97.27
"skis",125,45579509,97.27
"snails",125,45579634,97.27
"springboard",125,45579759,97.27
"subpoenas",125,45579884,97.27
"swansea",125,45580009,97.27
"tasteful",125,45580134,97.27
"trotting",125,45580259,97.27
"twinkling",125,45580384,97.27
"twitching",125,45580509,97.27
"umpires",125,45580634,97.27
"unloading",125,45580759,97.27
"veep",125,45580884,97.27
"vickie",125,45581009,97.27
"waco",125,45581134,97.27
"wedged",125,45581259,97.27
"wilted",125,45581384,97.27
"winded",125,45581509,97.27
"abuser",124,45581633,97.27
"achievable",124,45581757,97.27
"adelaide",124,45581881,97.27
"afrikaans",124,45582005,97.27
"agnostic",124,45582129,97.27
"anchovies",124,45582253,97.27
"arty",124,45582377,97.27
"asperger",124,45582501,97.27
"attainable",124,45582625,97.27
"basements",124,45582749,97.27
"bearings",124,45582873,97.27
"benched",124,45582997,97.27
"biomedical",124,45583121,97.27
"bobbie",124,45583245,97.28
"bountiful",124,45583369,97.28
"brash",124,45583493,97.28
"brewster",124,45583617,97.28
"cabot",124,45583741,97.28
"caucasian",124,45583865,97.28
"characterize",124,45583989,97.28
"chimpanzee",124,45584113,97.28
"circumcision",124,45584237,97.28
"clamoring",124,45584361,97.28
"cliffhanger",124,45584485,97.28
"clogging",124,45584609,97.28
"closeness",124,45584733,97.28
"clot",124,45584857,97.28
"comforter",124,45584981,97.28
"contraceptive",124,45585105,97.28
"convene",124,45585229,97.28
"creatives",124,45585353,97.28
"cruisers",124,45585477,97.28
"cutoff",124,45585601,97.28
"cyclical",124,45585725,97.28
"darnell",124,45585849,97.28
"deandre",124,45585973,97.28
"deficient",124,45586097,97.28
"delirium",124,45586221,97.28
"dissolves",124,45586345,97.28
"ebert",124,45586469,97.28
"eulogy",124,45586593,97.28
"exported",124,45586717,97.28
"fantastically",124,45586841,97.28
"fizz",124,45586965,97.28
"furloughs",124,45587089,97.28
"gash",124,45587213,97.28
"gilt",124,45587337,97.28
"grasped",124,45587461,97.28
"gupta",124,45587585,97.28
"hodge",124,45587709,97.28
"horizontally",124,45587833,97.29
"inconsistency",124,45587957,97.29
"inexcusable",124,45588081,97.29
"lenin",124,45588205,97.29
"lockers",124,45588329,97.29
"materialism",124,45588453,97.29
"minding",124,45588577,97.29
"mira",124,45588701,97.29
"mortals",124,45588825,97.29
"mustaches",124,45588949,97.29
"navarro",124,45589073,97.29
"needlessly",124,45589197,97.29
"nellie",124,45589321,97.29
"pasted",124,45589445,97.29
"pastrami",124,45589569,97.29
"patted",124,45589693,97.29
"perilous",124,45589817,97.29
"planters",124,45589941,97.29
"protracted",124,45590065,97.29
"quantify",124,45590189,97.29
"quantitative",124,45590313,97.29
"quell",124,45590437,97.29
"rectify",124,45590561,97.29
"remnant",124,45590685,97.29
"rind",124,45590809,97.29
"saks",124,45590933,97.29
"seduced",124,45591057,97.29
"shutters",124,45591181,97.29
"spas",124,45591305,97.29
"spatial",124,45591429,97.29
"stalkers",124,45591553,97.29
"stalwart",124,45591677,97.29
"storytellers",124,45591801,97.29
"sunken",124,45591925,97.29
"surpassing",124,45592049,97.29
"sweeteners",124,45592173,97.29
"tantalizing",124,45592297,97.29
"tess",124,45592421,97.29
"tiff",124,45592545,97.3
"toasting",124,45592669,97.3
"topeka",124,45592793,97.3
"truce",124,45592917,97.3
"tyre",124,45593041,97.3
"unaffected",124,45593165,97.3
"unchecked",124,45593289,97.3
"uniformly",124,45593413,97.3
"uninspired",124,45593537,97.3
"vents",124,45593661,97.3
"verbs",124,45593785,97.3
"wale",124,45593909,97.3
"wimbledon",124,45594033,97.3
"yemeni",124,45594157,97.3
"aborted",123,45594280,97.3
"administering",123,45594403,97.3
"alumnus",123,45594526,97.3
"ambulances",123,45594649,97.3
"amino",123,45594772,97.3
"arcs",123,45594895,97.3
"armani",123,45595018,97.3
"asp",123,45595141,97.3
"awesomely",123,45595264,97.3
"behest",123,45595387,97.3
"biotechnology",123,45595510,97.3
"blunts",123,45595633,97.3
"bolder",123,45595756,97.3
"categorized",123,45595879,97.3
"chattering",123,45596002,97.3
"complemented",123,45596125,97.3
"compulsion",123,45596248,97.3
"cramping",123,45596371,97.3
"dictators",123,45596494,97.3
"dispatchers",123,45596617,97.3
"doping",123,45596740,97.3
"empress",123,45596863,97.3
"europa",123,45596986,97.3
"fang",123,45597109,97.3
"ferns",123,45597232,97.31
"fixer",123,45597355,97.31
"ged",123,45597478,97.31
"gravitate",123,45597601,97.31
"hacks",123,45597724,97.31
"hailing",123,45597847,97.31
"harlan",123,45597970,97.31
"hermes",123,45598093,97.31
"honking",123,45598216,97.31
"icu",123,45598339,97.31
"indelible",123,45598462,97.31
"interchangeable",123,45598585,97.31
"interconnected",123,45598708,97.31
"leland",123,45598831,97.31
"mantel",123,45598954,97.31
"marlon",123,45599077,97.31
"mediator",123,45599200,97.31
"mendez",123,45599323,97.31
"nary",123,45599446,97.31
"nativity",123,45599569,97.31
"navigator",123,45599692,97.31
"neared",123,45599815,97.31
"neurologist",123,45599938,97.31
"patchy",123,45600061,97.31
"payers",123,45600184,97.31
"pounced",123,45600307,97.31
"proportional",123,45600430,97.31
"pucks",123,45600553,97.31
"rama",123,45600676,97.31
"reactive",123,45600799,97.31
"reciting",123,45600922,97.31
"renders",123,45601045,97.31
"roofing",123,45601168,97.31
"rotisserie",123,45601291,97.31
"ruckus",123,45601414,97.31
"saber",123,45601537,97.31
"shrinks",123,45601660,97.31
"snort",123,45601783,97.31
"solicited",123,45601906,97.32
"sonata",123,45602029,97.32
"speculating",123,45602152,97.32
"sprinkler",123,45602275,97.32
"sprinting",123,45602398,97.32
"steamer",123,45602521,97.32
"stirs",123,45602644,97.32
"subsided",123,45602767,97.32
"suburbia",123,45602890,97.32
"tearful",123,45603013,97.32
"tiresome",123,45603136,97.32
"truckers",123,45603259,97.32
"underdogs",123,45603382,97.32
"undergraduates",123,45603505,97.32
"unesco",123,45603628,97.32
"vowing",123,45603751,97.32
"widowed",123,45603874,97.32
"zipped",123,45603997,97.32
"abbas",122,45604119,97.32
"agreeable",122,45604241,97.32
"alienating",122,45604363,97.32
"ammonia",122,45604485,97.32
"aruba",122,45604607,97.32
"balk",122,45604729,97.32
"bluntly",122,45604851,97.32
"breeder",122,45604973,97.32
"civilizations",122,45605095,97.32
"clog",122,45605217,97.32
"commando",122,45605339,97.32
"composting",122,45605461,97.32
"controversies",122,45605583,97.32
"coolers",122,45605705,97.32
"crowning",122,45605827,97.32
"crucifixion",122,45605949,97.32
"cuddles",122,45606071,97.32
"cultured",122,45606193,97.32
"dainty",122,45606315,97.32
"daze",122,45606437,97.32
"detachment",122,45606559,97.32
"detecting",122,45606681,97.33
"diagnoses",122,45606803,97.33
"disorganized",122,45606925,97.33
"donaldson",122,45607047,97.33
"durban",122,45607169,97.33
"encased",122,45607291,97.33
"ensue",122,45607413,97.33
"escorts",122,45607535,97.33
"eucharist",122,45607657,97.33
"exposures",122,45607779,97.33
"firth",122,45607901,97.33
"forgives",122,45608023,97.33
"forwarding",122,45608145,97.33
"fragment",122,45608267,97.33
"freshwater",122,45608389,97.33
"frye",122,45608511,97.33
"grasshopper",122,45608633,97.33
"habitual",122,45608755,97.33
"hales",122,45608877,97.33
"hushed",122,45608999,97.33
"interdisciplinary",122,45609121,97.33
"introspective",122,45609243,97.33
"kingdoms",122,45609365,97.33
"knickers",122,45609487,97.33
"lattes",122,45609609,97.33
"lesley",122,45609731,97.33
"levitt",122,45609853,97.33
"livingstone",122,45609975,97.33
"magicians",122,45610097,97.33
"mambo",122,45610219,97.33
"mannequin",122,45610341,97.33
"milder",122,45610463,97.33
"molesting",122,45610585,97.33
"muses",122,45610707,97.33
"nourish",122,45610829,97.33
"oozing",122,45610951,97.33
"otherworldly",122,45611073,97.33
"overalls",122,45611195,97.33
"overpaid",122,45611317,97.34
"padilla",122,45611439,97.34
"parity",122,45611561,97.34
"playfully",122,45611683,97.34
"poplar",122,45611805,97.34
"pureed",122,45611927,97.34
"refinement",122,45612049,97.34
"reinforcement",122,45612171,97.34
"reminisce",122,45612293,97.34
"reproduced",122,45612415,97.34
"reputations",122,45612537,97.34
"routing",122,45612659,97.34
"sauerkraut",122,45612781,97.34
"scorched",122,45612903,97.34
"selects",122,45613025,97.34
"sickened",122,45613147,97.34
"sideshow",122,45613269,97.34
"skillful",122,45613391,97.34
"solidified",122,45613513,97.34
"spellcheck",122,45613635,97.34
"stings",122,45613757,97.34
"tamara",122,45613879,97.34
"taster",122,45614001,97.34
"tortoise",122,45614123,97.34
"touts",122,45614245,97.34
"uninformed",122,45614367,97.34
"unprotected",122,45614489,97.34
"vertically",122,45614611,97.34
"weldon",122,45614733,97.34
"windmill",122,45614855,97.34
"abstraction",121,45614976,97.34
"amiss",121,45615097,97.34
"banked",121,45615218,97.34
"barked",121,45615339,97.34
"blanchard",121,45615460,97.34
"borg",121,45615581,97.34
"brute",121,45615702,97.34
"busters",121,45615823,97.34
"carjacking",121,45615944,97.35
"chameleon",121,45616065,97.35
"cheaters",121,45616186,97.35
"chlorine",121,45616307,97.35
"climactic",121,45616428,97.35
"climates",121,45616549,97.35
"coals",121,45616670,97.35
"cowards",121,45616791,97.35
"coy",121,45616912,97.35
"denominator",121,45617033,97.35
"devoting",121,45617154,97.35
"disbanded",121,45617275,97.35
"disgraceful",121,45617396,97.35
"dissect",121,45617517,97.35
"dulles",121,45617638,97.35
"duplex",121,45617759,97.35
"eluded",121,45617880,97.35
"enamel",121,45618001,97.35
"encompass",121,45618122,97.35
"exes",121,45618243,97.35
"flan",121,45618364,97.35
"gillette",121,45618485,97.35
"hanged",121,45618606,97.35
"hooper",121,45618727,97.35
"humboldt",121,45618848,97.35
"immediacy",121,45618969,97.35
"innocuous",121,45619090,97.35
"inpatient",121,45619211,97.35
"inseparable",121,45619332,97.35
"intolerable",121,45619453,97.35
"isabelle",121,45619574,97.35
"kenyon",121,45619695,97.35
"lactose",121,45619816,97.35
"leicester",121,45619937,97.35
"leveraged",121,45620058,97.35
"llama",121,45620179,97.35
"maltese",121,45620300,97.35
"manger",121,45620421,97.35
"martyrs",121,45620542,97.35
"meditating",121,45620663,97.36
"micheal",121,45620784,97.36
"minimally",121,45620905,97.36
"mobil",121,45621026,97.36
"myles",121,45621147,97.36
"overruns",121,45621268,97.36
"papaya",121,45621389,97.36
"perpetrated",121,45621510,97.36
"populate",121,45621631,97.36
"populous",121,45621752,97.36
"principled",121,45621873,97.36
"profs",121,45621994,97.36
"reaffirmed",121,45622115,97.36
"rebekah",121,45622236,97.36
"reheat",121,45622357,97.36
"shiner",121,45622478,97.36
"smattering",121,45622599,97.36
"smelt",121,45622720,97.36
"standstill",121,45622841,97.36
"strollers",121,45622962,97.36
"sturgeon",121,45623083,97.36
"sulfur",121,45623204,97.36
"supremely",121,45623325,97.36
"taper",121,45623446,97.36
"techs",121,45623567,97.36
"theorists",121,45623688,97.36
"thorpe",121,45623809,97.36
"tropicana",121,45623930,97.36
"ump",121,45624051,97.36
"unannounced",121,45624172,97.36
"variance",121,45624293,97.36
"videotaped",121,45624414,97.36
"wallow",121,45624535,97.36
"wimpy",121,45624656,97.36
"yoke",121,45624777,97.36
"accrued",120,45624897,97.36
"adherence",120,45625017,97.36
"aesthetically",120,45625137,97.36
"ailment",120,45625257,97.36
"angelica",120,45625377,97.37
"appendix",120,45625497,97.37
"appetites",120,45625617,97.37
"assuring",120,45625737,97.37
"beagle",120,45625857,97.37
"befriended",120,45625977,97.37
"blighted",120,45626097,97.37
"briefcase",120,45626217,97.37
"caffeinated",120,45626337,97.37
"cleats",120,45626457,97.37
"cleaver",120,45626577,97.37
"conquering",120,45626697,97.37
"consensual",120,45626817,97.37
"consultations",120,45626937,97.37
"crouch",120,45627057,97.37
"cultivation",120,45627177,97.37
"decaying",120,45627297,97.37
"diminutive",120,45627417,97.37
"ebb",120,45627537,97.37
"eloquently",120,45627657,97.37
"enacting",120,45627777,97.37
"examiners",120,45627897,97.37
"expulsion",120,45628017,97.37
"fates",120,45628137,97.37
"firepower",120,45628257,97.37
"fished",120,45628377,97.37
"gnome",120,45628497,97.37
"griddle",120,45628617,97.37
"guido",120,45628737,97.37
"handyman",120,45628857,97.37
"heaped",120,45628977,97.37
"heresy",120,45629097,97.37
"hoods",120,45629217,97.37
"icc",120,45629337,97.37
"imitating",120,45629457,97.37
"inhaled",120,45629577,97.37
"innocently",120,45629697,97.37
"insatiable",120,45629817,97.37
"jarrod",120,45629937,97.37
"justine",120,45630057,97.38
"ladybug",120,45630177,97.38
"lagged",120,45630297,97.38
"limousine",120,45630417,97.38
"lowery",120,45630537,97.38
"marketable",120,45630657,97.38
"meditative",120,45630777,97.38
"midweek",120,45630897,97.38
"momentary",120,45631017,97.38
"nabbed",120,45631137,97.38
"nicklaus",120,45631257,97.38
"nicola",120,45631377,97.38
"nonmembers",120,45631497,97.38
"pamphlet",120,45631617,97.38
"pascal",120,45631737,97.38
"pelvis",120,45631857,97.38
"pennant",120,45631977,97.38
"pesticide",120,45632097,97.38
"polio",120,45632217,97.38
"pretends",120,45632337,97.38
"probes",120,45632457,97.38
"prunes",120,45632577,97.38
"randomness",120,45632697,97.38
"regularity",120,45632817,97.38
"replete",120,45632937,97.38
"retroactive",120,45633057,97.38
"revue",120,45633177,97.38
"riggs",120,45633297,97.38
"roamed",120,45633417,97.38
"salvaged",120,45633537,97.38
"scarier",120,45633657,97.38
"schubert",120,45633777,97.38
"sever",120,45633897,97.38
"shrank",120,45634017,97.38
"sleet",120,45634137,97.38
"smoldering",120,45634257,97.38
"soapy",120,45634377,97.38
"spotlights",120,45634497,97.38
"starlight",120,45634617,97.38
"stretcher",120,45634737,97.39
"swatch",120,45634857,97.39
"swerve",120,45634977,97.39
"tepid",120,45635097,97.39
"thurman",120,45635217,97.39
"tongs",120,45635337,97.39
"trinkets",120,45635457,97.39
"unbroken",120,45635577,97.39
"unquestionably",120,45635697,97.39
"unwrapped",120,45635817,97.39
"waistline",120,45635937,97.39
"wheelchairs",120,45636057,97.39
"wistful",120,45636177,97.39
"wronged",120,45636297,97.39
"zenith",120,45636417,97.39
"adoring",119,45636536,97.39
"ambivalent",119,45636655,97.39
"ancestral",119,45636774,97.39
"angled",119,45636893,97.39
"artfully",119,45637012,97.39
"assassinated",119,45637131,97.39
"atoms",119,45637250,97.39
"autos",119,45637369,97.39
"bodice",119,45637488,97.39
"charlene",119,45637607,97.39
"chauffeur",119,45637726,97.39
"cheeseburgers",119,45637845,97.39
"chopsticks",119,45637964,97.39
"complication",119,45638083,97.39
"computerized",119,45638202,97.39
"copley",119,45638321,97.39
"cramp",119,45638440,97.39
"crawls",119,45638559,97.39
"crunches",119,45638678,97.39
"cubed",119,45638797,97.39
"cussing",119,45638916,97.39
"deacon",119,45639035,97.39
"disraeli",119,45639154,97.39
"drifts",119,45639273,97.39
"eggnog",119,45639392,97.4
"emancipation",119,45639511,97.4
"figurative",119,45639630,97.4
"fireball",119,45639749,97.4
"gonzo",119,45639868,97.4
"graphs",119,45639987,97.4
"grays",119,45640106,97.4
"guadalupe",119,45640225,97.4
"hhs",119,45640344,97.4
"hopewell",119,45640463,97.4
"humanly",119,45640582,97.4
"infuriating",119,45640701,97.4
"joni",119,45640820,97.4
"knoll",119,45640939,97.4
"leveling",119,45641058,97.4
"mammogram",119,45641177,97.4
"mccarty",119,45641296,97.4
"metaphorically",119,45641415,97.4
"mover",119,45641534,97.4
"nostrils",119,45641653,97.4
"parasite",119,45641772,97.4
"periphery",119,45641891,97.4
"perished",119,45642010,97.4
"pickett",119,45642129,97.4
"plantings",119,45642248,97.4
"preservatives",119,45642367,97.4
"proctor",119,45642486,97.4
"qualifiers",119,45642605,97.4
"rabbis",119,45642724,97.4
"reincarnation",119,45642843,97.4
"remedial",119,45642962,97.4
"roche",119,45643081,97.4
"romano",119,45643200,97.4
"roosters",119,45643319,97.4
"rotunda",119,45643438,97.4
"sadder",119,45643557,97.4
"salesperson",119,45643676,97.4
"semantic",119,45643795,97.4
"sheri",119,45643914,97.4
"shrub",119,45644033,97.4
"sinuses",119,45644152,97.41
"stupidly",119,45644271,97.41
"torturing",119,45644390,97.41
"townships",119,45644509,97.41
"transgressions",119,45644628,97.41
"tropes",119,45644747,97.41
"unconsciously",119,45644866,97.41
"undying",119,45644985,97.41
"vendetta",119,45645104,97.41
"walgreen",119,45645223,97.41
"wilton",119,45645342,97.41
"worsen",119,45645461,97.41
"accuser",118,45645579,97.41
"additives",118,45645697,97.41
"adolf",118,45645815,97.41
"antebellum",118,45645933,97.41
"appointee",118,45646051,97.41
"astounded",118,45646169,97.41
"balling",118,45646287,97.41
"bereft",118,45646405,97.41
"bottomed",118,45646523,97.41
"buckled",118,45646641,97.41
"burdensome",118,45646759,97.41
"cayman",118,45646877,97.41
"clarifying",118,45646995,97.41
"collie",118,45647113,97.41
"communicates",118,45647231,97.41
"confessional",118,45647349,97.41
"constipation",118,45647467,97.41
"crisps",118,45647585,97.41
"dashes",118,45647703,97.41
"deceptively",118,45647821,97.41
"detract",118,45647939,97.41
"deuteronomy",118,45648057,97.41
"doctrines",118,45648175,97.41
"drugged",118,45648293,97.41
"dwi",118,45648411,97.41
"estimation",118,45648529,97.41
"exasperated",118,45648647,97.41
"exorbitant",118,45648765,97.42
"fabled",118,45648883,97.42
"factored",118,45649001,97.42
"flanders",118,45649119,97.42
"gables",118,45649237,97.42
"gifting",118,45649355,97.42
"ginny",118,45649473,97.42
"godzilla",118,45649591,97.42
"gratuitous",118,45649709,97.42
"gush",118,45649827,97.42
"hindered",118,45649945,97.42
"hiss",118,45650063,97.42
"hurling",118,45650181,97.42
"hypnosis",118,45650299,97.42
"intestinal",118,45650417,97.42
"kiosks",118,45650535,97.42
"largo",118,45650653,97.42
"marveled",118,45650771,97.42
"mather",118,45650889,97.42
"merlin",118,45651007,97.42
"midsummer",118,45651125,97.42
"mongolian",118,45651243,97.42
"mumble",118,45651361,97.42
"nooks",118,45651479,97.42
"opal",118,45651597,97.42
"optioned",118,45651715,97.42
"outnumber",118,45651833,97.42
"palisades",118,45651951,97.42
"panting",118,45652069,97.42
"perky",118,45652187,97.42
"pillsbury",118,45652305,97.42
"pius",118,45652423,97.42
"planter",118,45652541,97.42
"pores",118,45652659,97.42
"punts",118,45652777,97.42
"queasy",118,45652895,97.42
"sampson",118,45653013,97.42
"sardines",118,45653131,97.42
"scapegoat",118,45653249,97.42
"scourge",118,45653367,97.42
"scrutinized",118,45653485,97.43
"shallot",118,45653603,97.43
"shrek",118,45653721,97.43
"sifted",118,45653839,97.43
"sinned",118,45653957,97.43
"sisterhood",118,45654075,97.43
"slur",118,45654193,97.43
"smalls",118,45654311,97.43
"sobs",118,45654429,97.43
"socioeconomic",118,45654547,97.43
"stuffs",118,45654665,97.43
"testers",118,45654783,97.43
"toot",118,45654901,97.43
"triples",118,45655019,97.43
"tulle",118,45655137,97.43
"ubuntu",118,45655255,97.43
"unsaid",118,45655373,97.43
"upholding",118,45655491,97.43
"viper",118,45655609,97.43
"wilkins",118,45655727,97.43
"yukon",118,45655845,97.43
"zealous",118,45655963,97.43
"adapter",117,45656080,97.43
"allowances",117,45656197,97.43
"baltic",117,45656314,97.43
"boldness",117,45656431,97.43
"bordered",117,45656548,97.43
"bravado",117,45656665,97.43
"caged",117,45656782,97.43
"carbonated",117,45656899,97.43
"centrist",117,45657016,97.43
"cervical",117,45657133,97.43
"childlike",117,45657250,97.43
"choirs",117,45657367,97.43
"clerical",117,45657484,97.43
"confrontational",117,45657601,97.43
"cpu",117,45657718,97.43
"creeks",117,45657835,97.43
"cuisines",117,45657952,97.43
"cylinders",117,45658069,97.43
"czar",117,45658186,97.44
"decorator",117,45658303,97.44
"defenseless",117,45658420,97.44
"denominations",117,45658537,97.44
"devious",117,45658654,97.44
"dirks",117,45658771,97.44
"diversify",117,45658888,97.44
"divisional",117,45659005,97.44
"drawbacks",117,45659122,97.44
"empowers",117,45659239,97.44
"erode",117,45659356,97.44
"everglades",117,45659473,97.44
"fable",117,45659590,97.44
"fallacy",117,45659707,97.44
"fatality",117,45659824,97.44
"fatter",117,45659941,97.44
"feats",117,45660058,97.44
"fowl",117,45660175,97.44
"frenetic",117,45660292,97.44
"frey",117,45660409,97.44
"gage",117,45660526,97.44
"galley",117,45660643,97.44
"genitals",117,45660760,97.44
"halting",117,45660877,97.44
"hutton",117,45660994,97.44
"ifs",117,45661111,97.44
"inexperience",117,45661228,97.44
"jitters",117,45661345,97.44
"kali",117,45661462,97.44
"kneel",117,45661579,97.44
"legality",117,45661696,97.44
"lucille",117,45661813,97.44
"lug",117,45661930,97.44
"mangled",117,45662047,97.44
"margie",117,45662164,97.44
"masonic",117,45662281,97.44
"mistreated",117,45662398,97.44
"nacho",117,45662515,97.44
"nell",117,45662632,97.44
"obstructing",117,45662749,97.44
"optimize",117,45662866,97.45
"pacino",117,45662983,97.45
"peppery",117,45663100,97.45
"pistachios",117,45663217,97.45
"prevails",117,45663334,97.45
"retake",117,45663451,97.45
"rothko",117,45663568,97.45
"seeding",117,45663685,97.45
"shaggy",117,45663802,97.45
"sheriffs",117,45663919,97.45
"sickest",117,45664036,97.45
"snip",117,45664153,97.45
"stiffness",117,45664270,97.45
"suave",117,45664387,97.45
"surname",117,45664504,97.45
"symbolizes",117,45664621,97.45
"talkative",117,45664738,97.45
"tamarind",117,45664855,97.45
"thrash",117,45664972,97.45
"tito",117,45665089,97.45
"turbulence",117,45665206,97.45
"ugliness",117,45665323,97.45
"unholy",117,45665440,97.45
"unremarkable",117,45665557,97.45
"untapped",117,45665674,97.45
"ursuline",117,45665791,97.45
"vaulted",117,45665908,97.45
"wildflower",117,45666025,97.45
"yellows",117,45666142,97.45
"zara",117,45666259,97.45
"alps",116,45666375,97.45
"amigos",116,45666491,97.45
"animations",116,45666607,97.45
"atonement",116,45666723,97.45
"barbaric",116,45666839,97.45
"barlow",116,45666955,97.45
"barth",116,45667071,97.45
"blustery",116,45667187,97.45
"breakthroughs",116,45667303,97.45
"brittney",116,45667419,97.45
"brood",116,45667535,97.46
"calico",116,45667651,97.46
"calms",116,45667767,97.46
"candace",116,45667883,97.46
"caribou",116,45667999,97.46
"categorize",116,45668115,97.46
"cavernous",116,45668231,97.46
"cemeteries",116,45668347,97.46
"chemist",116,45668463,97.46
"choppy",116,45668579,97.46
"circumvent",116,45668695,97.46
"conduit",116,45668811,97.46
"congenital",116,45668927,97.46
"conveying",116,45669043,97.46
"cooley",116,45669159,97.46
"crass",116,45669275,97.46
"crocheted",116,45669391,97.46
"cuddled",116,45669507,97.46
"deflated",116,45669623,97.46
"dilute",116,45669739,97.46
"distort",116,45669855,97.46
"docked",116,45669971,97.46
"doused",116,45670087,97.46
"dud",116,45670203,97.46
"duets",116,45670319,97.46
"duped",116,45670435,97.46
"electromagnetic",116,45670551,97.46
"firestorm",116,45670667,97.46
"forbids",116,45670783,97.46
"forensics",116,45670899,97.46
"fosters",116,45671015,97.46
"gauntlet",116,45671131,97.46
"gershwin",116,45671247,97.46
"gleefully",116,45671363,97.46
"gnarly",116,45671479,97.46
"goblins",116,45671595,97.46
"hopelessness",116,45671711,97.46
"hornet",116,45671827,97.46
"hoses",116,45671943,97.46
"hunched",116,45672059,97.46
"idiocy",116,45672175,97.47
"impassioned",116,45672291,97.47
"impressively",116,45672407,97.47
"inaccessible",116,45672523,97.47
"inconceivable",116,45672639,97.47
"indecent",116,45672755,97.47
"inescapable",116,45672871,97.47
"interlude",116,45672987,97.47
"interplay",116,45673103,97.47
"intestines",116,45673219,97.47
"irritate",116,45673335,97.47
"irritates",116,45673451,97.47
"jell",116,45673567,97.47
"karina",116,45673683,97.47
"mahler",116,45673799,97.47
"mailer",116,45673915,97.47
"memes",116,45674031,97.47
"miniseries",116,45674147,97.47
"minted",116,45674263,97.47
"misunderstandings",116,45674379,97.47
"monsieur",116,45674495,97.47
"montessori",116,45674611,97.47
"morphine",116,45674727,97.47
"nurseries",116,45674843,97.47
"outsourced",116,45674959,97.47
"pent",116,45675075,97.47
"pious",116,45675191,97.47
"prado",116,45675307,97.47
"pretoria",116,45675423,97.47
"professed",116,45675539,97.47
"puma",116,45675655,97.47
"reclaiming",116,45675771,97.47
"reiterate",116,45675887,97.47
"scooping",116,45676003,97.47
"scooters",116,45676119,97.47
"scrooge",116,45676235,97.47
"shanks",116,45676351,97.47
"sharpened",116,45676467,97.47
"sharpening",116,45676583,97.47
"sharpest",116,45676699,97.47
"singleton",116,45676815,97.47
"slapstick",116,45676931,97.48
"slovakia",116,45677047,97.48
"slugs",116,45677163,97.48
"snitch",116,45677279,97.48
"soundly",116,45677395,97.48
"stopper",116,45677511,97.48
"sunnyvale",116,45677627,97.48
"talker",116,45677743,97.48
"tenets",116,45677859,97.48
"tiaras",116,45677975,97.48
"tiebreaker",116,45678091,97.48
"trumped",116,45678207,97.48
"uncomfortably",116,45678323,97.48
"unwarranted",116,45678439,97.48
"upkeep",116,45678555,97.48
"upping",116,45678671,97.48
"vacate",116,45678787,97.48
"vermouth",116,45678903,97.48
"vices",116,45679019,97.48
"welles",116,45679135,97.48
"wrangling",116,45679251,97.48
"writ",116,45679367,97.48
"zooming",116,45679483,97.48
"affable",115,45679598,97.48
"anastasia",115,45679713,97.48
"astonishingly",115,45679828,97.48
"baddest",115,45679943,97.48
"binds",115,45680058,97.48
"biographical",115,45680173,97.48
"birthright",115,45680288,97.48
"bonnet",115,45680403,97.48
"boyish",115,45680518,97.48
"bradbury",115,45680633,97.48
"cad",115,45680748,97.48
"camels",115,45680863,97.48
"captions",115,45680978,97.48
"caters",115,45681093,97.48
"centipede",115,45681208,97.48
"clancy",115,45681323,97.48
"collages",115,45681438,97.48
"combing",115,45681553,97.49
"commemoration",115,45681668,97.49
"concealing",115,45681783,97.49
"consummate",115,45681898,97.49
"dingy",115,45682013,97.49
"disjointed",115,45682128,97.49
"distinguishing",115,45682243,97.49
"dressings",115,45682358,97.49
"elegantly",115,45682473,97.49
"fells",115,45682588,97.49
"foolishly",115,45682703,97.49
"forgave",115,45682818,97.49
"fourths",115,45682933,97.49
"freeways",115,45683048,97.49
"fruitless",115,45683163,97.49
"furthest",115,45683278,97.49
"gazillion",115,45683393,97.49
"gliding",115,45683508,97.49
"hostages",115,45683623,97.49
"indictments",115,45683738,97.49
"instilled",115,45683853,97.49
"kernels",115,45683968,97.49
"majorities",115,45684083,97.49
"mandolin",115,45684198,97.49
"memorials",115,45684313,97.49
"menstrual",115,45684428,97.49
"milling",115,45684543,97.49
"modesto",115,45684658,97.49
"mortified",115,45684773,97.49
"node",115,45684888,97.49
"novelists",115,45685003,97.49
"organizes",115,45685118,97.49
"outbursts",115,45685233,97.49
"overcrowding",115,45685348,97.49
"patting",115,45685463,97.49
"permissible",115,45685578,97.49
"pinks",115,45685693,97.49
"pitting",115,45685808,97.49
"purging",115,45685923,97.49
"raking",115,45686038,97.49
"ramsay",115,45686153,97.49
"rasmussen",115,45686268,97.5
"reinventing",115,45686383,97.5
"reliving",115,45686498,97.5
"reprise",115,45686613,97.5
"roadblocks",115,45686728,97.5
"seedy",115,45686843,97.5
"skeet",115,45686958,97.5
"sobbed",115,45687073,97.5
"soils",115,45687188,97.5
"stews",115,45687303,97.5
"streisand",115,45687418,97.5
"sufficiency",115,45687533,97.5
"thickens",115,45687648,97.5
"uncooked",115,45687763,97.5
"undiscovered",115,45687878,97.5
"unopposed",115,45687993,97.5
"venezuelan",115,45688108,97.5
"waitresses",115,45688223,97.5
"weasel",115,45688338,97.5
"witt",115,45688453,97.5
"zoos",115,45688568,97.5
"absurdly",114,45688682,97.5
"admirably",114,45688796,97.5
"adversaries",114,45688910,97.5
"archaeologists",114,45689024,97.5
"barks",114,45689138,97.5
"boaters",114,45689252,97.5
"bolivia",114,45689366,97.5
"bragg",114,45689480,97.5
"brandi",114,45689594,97.5
"bugged",114,45689708,97.5
"campy",114,45689822,97.5
"cancellations",114,45689936,97.5
"cathartic",114,45690050,97.5
"celsius",114,45690164,97.5
"censored",114,45690278,97.5
"chestnuts",114,45690392,97.5
"chug",114,45690506,97.5
"comets",114,45690620,97.5
"compatibility",114,45690734,97.5
"conjures",114,45690848,97.5
"corrugated",114,45690962,97.51
"counterproductive",114,45691076,97.51
"creamery",114,45691190,97.51
"curing",114,45691304,97.51
"damning",114,45691418,97.51
"dazzle",114,45691532,97.51
"delia",114,45691646,97.51
"disarray",114,45691760,97.51
"discernment",114,45691874,97.51
"distributes",114,45691988,97.51
"drips",114,45692102,97.51
"dunked",114,45692216,97.51
"endanger",114,45692330,97.51
"equilibrium",114,45692444,97.51
"fireplaces",114,45692558,97.51
"fluttering",114,45692672,97.51
"gab",114,45692786,97.51
"galveston",114,45692900,97.51
"gingham",114,45693014,97.51
"gunning",114,45693128,97.51
"hindus",114,45693242,97.51
"impunity",114,45693356,97.51
"incur",114,45693470,97.51
"inquisitive",114,45693584,97.51
"instinctive",114,45693698,97.51
"intensify",114,45693812,97.51
"irregularities",114,45693926,97.51
"jumble",114,45694040,97.51
"krista",114,45694154,97.51
"lamenting",114,45694268,97.51
"levies",114,45694382,97.51
"lexicon",114,45694496,97.51
"maligned",114,45694610,97.51
"maximizing",114,45694724,97.51
"moisturizer",114,45694838,97.51
"negotiator",114,45694952,97.51
"organism",114,45695066,97.51
"osha",114,45695180,97.51
"overriding",114,45695294,97.51
"paramedic",114,45695408,97.51
"patriarch",114,45695522,97.51
"pedagogy",114,45695636,97.52
"perpetuate",114,45695750,97.52
"piqued",114,45695864,97.52
"pitts",114,45695978,97.52
"pol",114,45696092,97.52
"preventative",114,45696206,97.52
"profane",114,45696320,97.52
"profusely",114,45696434,97.52
"prolong",114,45696548,97.52
"quizzes",114,45696662,97.52
"reactionary",114,45696776,97.52
"reared",114,45696890,97.52
"recliner",114,45697004,97.52
"reformation",114,45697118,97.52
"relapse",114,45697232,97.52
"remade",114,45697346,97.52
"rigor",114,45697460,97.52
"roscoe",114,45697574,97.52
"ruff",114,45697688,97.52
"runways",114,45697802,97.52
"skaters",114,45697916,97.52
"sniffed",114,45698030,97.52
"soured",114,45698144,97.52
"speakeasy",114,45698258,97.52
"speculators",114,45698372,97.52
"stairwell",114,45698486,97.52
"stifle",114,45698600,97.52
"stomachs",114,45698714,97.52
"stunningly",114,45698828,97.52
"subprime",114,45698942,97.52
"surpasses",114,45699056,97.52
"tasteless",114,45699170,97.52
"uncontrolled",114,45699284,97.52
"vignettes",114,45699398,97.52
"wagons",114,45699512,97.52
"willfully",114,45699626,97.52
"wylie",114,45699740,97.52
"ablaze",113,45699853,97.52
"addams",113,45699966,97.52
"algeria",113,45700079,97.52
"aprons",113,45700192,97.52
"astronomers",113,45700305,97.53
"braided",113,45700418,97.53
"burly",113,45700531,97.53
"chute",113,45700644,97.53
"cocoon",113,45700757,97.53
"colonialism",113,45700870,97.53
"congratulating",113,45700983,97.53
"corvette",113,45701096,97.53
"crackling",113,45701209,97.53
"curbs",113,45701322,97.53
"denounce",113,45701435,97.53
"disadvantages",113,45701548,97.53
"enactment",113,45701661,97.53
"entryway",113,45701774,97.53
"equates",113,45701887,97.53
"fabrication",113,45702000,97.53
"fangs",113,45702113,97.53
"fay",113,45702226,97.53
"fiddling",113,45702339,97.53
"fiji",113,45702452,97.53
"flavoring",113,45702565,97.53
"forgery",113,45702678,97.53
"fused",113,45702791,97.53
"gertrude",113,45702904,97.53
"giles",113,45703017,97.53
"gorgonzola",113,45703130,97.53
"grandparent",113,45703243,97.53
"ilk",113,45703356,97.53
"imposition",113,45703469,97.53
"intoxication",113,45703582,97.53
"introvert",113,45703695,97.53
"josef",113,45703808,97.53
"kazakhstan",113,45703921,97.53
"keenly",113,45704034,97.53
"locomotive",113,45704147,97.53
"mammograms",113,45704260,97.53
"modernity",113,45704373,97.53
"modular",113,45704486,97.53
"nil",113,45704599,97.53
"norwich",113,45704712,97.53
"nothingness",113,45704825,97.53
"obsess",113,45704938,97.53
"occupant",113,45705051,97.54
"olga",113,45705164,97.54
"oodles",113,45705277,97.54
"optimized",113,45705390,97.54
"orchestras",113,45705503,97.54
"paralegal",113,45705616,97.54
"pathology",113,45705729,97.54
"pecking",113,45705842,97.54
"peeked",113,45705955,97.54
"phrasing",113,45706068,97.54
"pollard",113,45706181,97.54
"pornographic",113,45706294,97.54
"pothole",113,45706407,97.54
"proton",113,45706520,97.54
"reaper",113,45706633,97.54
"recklessly",113,45706746,97.54
"reinvented",113,45706859,97.54
"rem",113,45706972,97.54
"rerun",113,45707085,97.54
"scarborough",113,45707198,97.54
"sequoia",113,45707311,97.54
"serum",113,45707424,97.54
"skeptic",113,45707537,97.54
"slanted",113,45707650,97.54
"sloth",113,45707763,97.54
"slurs",113,45707876,97.54
"sparta",113,45707989,97.54
"teapot",113,45708102,97.54
"teeming",113,45708215,97.54
"teething",113,45708328,97.54
"testimonials",113,45708441,97.54
"theron",113,45708554,97.54
"tightness",113,45708667,97.54
"toxicology",113,45708780,97.54
"trillions",113,45708893,97.54
"tundra",113,45709006,97.54
"tunic",113,45709119,97.54
"unflattering",113,45709232,97.54
"unmanned",113,45709345,97.54
"valentino",113,45709458,97.54
"verona",113,45709571,97.54
"vibrate",113,45709684,97.55
"wilbur",113,45709797,97.55
"abbreviated",112,45709909,97.55
"academies",112,45710021,97.55
"affections",112,45710133,97.55
"antioch",112,45710245,97.55
"arched",112,45710357,97.55
"bamako",112,45710469,97.55
"barricades",112,45710581,97.55
"beset",112,45710693,97.55
"bulletproof",112,45710805,97.55
"cadre",112,45710917,97.55
"callous",112,45711029,97.55
"cancerous",112,45711141,97.55
"cartilage",112,45711253,97.55
"caveman",112,45711365,97.55
"clutches",112,45711477,97.55
"commentaries",112,45711589,97.55
"concurrent",112,45711701,97.55
"contrasted",112,45711813,97.55
"cyprus",112,45711925,97.55
"cystic",112,45712037,97.55
"decals",112,45712149,97.55
"decathlon",112,45712261,97.55
"devouring",112,45712373,97.55
"dissolution",112,45712485,97.55
"edamame",112,45712597,97.55
"editorials",112,45712709,97.55
"elks",112,45712821,97.55
"emit",112,45712933,97.55
"emphatic",112,45713045,97.55
"enchantment",112,45713157,97.55
"esl",112,45713269,97.55
"eyre",112,45713381,97.55
"faintly",112,45713493,97.55
"felons",112,45713605,97.55
"flamingo",112,45713717,97.55
"gaudy",112,45713829,97.55
"ginsberg",112,45713941,97.55
"goblin",112,45714053,97.55
"golly",112,45714165,97.55
"goof",112,45714277,97.55
"grower",112,45714389,97.56
"guidebook",112,45714501,97.56
"hairstyles",112,45714613,97.56
"harsher",112,45714725,97.56
"headboard",112,45714837,97.56
"hustled",112,45714949,97.56
"illegitimate",112,45715061,97.56
"impala",112,45715173,97.56
"inkling",112,45715285,97.56
"inspecting",112,45715397,97.56
"jumpsuit",112,45715509,97.56
"juries",112,45715621,97.56
"kelp",112,45715733,97.56
"kites",112,45715845,97.56
"kuhn",112,45715957,97.56
"lightest",112,45716069,97.56
"livid",112,45716181,97.56
"manufactures",112,45716293,97.56
"meddling",112,45716405,97.56
"milligrams",112,45716517,97.56
"mined",112,45716629,97.56
"mismatched",112,45716741,97.56
"moro",112,45716853,97.56
"mott",112,45716965,97.56
"newlyweds",112,45717077,97.56
"null",112,45717189,97.56
"opportunistic",112,45717301,97.56
"panned",112,45717413,97.56
"popularized",112,45717525,97.56
"pounce",112,45717637,97.56
"quesadillas",112,45717749,97.56
"randi",112,45717861,97.56
"refreshingly",112,45717973,97.56
"regent",112,45718085,97.56
"replicated",112,45718197,97.56
"reserving",112,45718309,97.56
"resists",112,45718421,97.56
"restful",112,45718533,97.56
"roomy",112,45718645,97.56
"ruffles",112,45718757,97.56
"salas",112,45718869,97.56
"scruggs",112,45718981,97.56
"skyrocketed",112,45719093,97.57
"slinging",112,45719205,97.57
"slipper",112,45719317,97.57
"snuff",112,45719429,97.57
"spanked",112,45719541,97.57
"sriracha",112,45719653,97.57
"strainer",112,45719765,97.57
"tchaikovsky",112,45719877,97.57
"toshiba",112,45719989,97.57
"trucker",112,45720101,97.57
"tucking",112,45720213,97.57
"twig",112,45720325,97.57
"unwise",112,45720437,97.57
"uptight",112,45720549,97.57
"westerners",112,45720661,97.57
"wooster",112,45720773,97.57
"adjourned",111,45720884,97.57
"alienate",111,45720995,97.57
"apprehended",111,45721106,97.57
"argyle",111,45721217,97.57
"arizonans",111,45721328,97.57
"bachelors",111,45721439,97.57
"blossoming",111,45721550,97.57
"cadet",111,45721661,97.57
"clots",111,45721772,97.57
"complexes",111,45721883,97.57
"cornwall",111,45721994,97.57
"creamer",111,45722105,97.57
"custodian",111,45722216,97.57
"dandelions",111,45722327,97.57
"demented",111,45722438,97.57
"dialect",111,45722549,97.57
"equine",111,45722660,97.57
"erick",111,45722771,97.57
"eruption",111,45722882,97.57
"evoked",111,45722993,97.57
"expedite",111,45723104,97.57
"feller",111,45723215,97.57
"fink",111,45723326,97.57
"frilly",111,45723437,97.57
"frolic",111,45723548,97.57
"garnished",111,45723659,97.57
"geiger",111,45723770,97.58
"havens",111,45723881,97.58
"heft",111,45723992,97.58
"homemaker",111,45724103,97.58
"hoopla",111,45724214,97.58
"inane",111,45724325,97.58
"indecisive",111,45724436,97.58
"indies",111,45724547,97.58
"informants",111,45724658,97.58
"inhumane",111,45724769,97.58
"intelligently",111,45724880,97.58
"jaunt",111,45724991,97.58
"juncture",111,45725102,97.58
"keri",111,45725213,97.58
"lawless",111,45725324,97.58
"loomed",111,45725435,97.58
"macon",111,45725546,97.58
"materialized",111,45725657,97.58
"mcfadden",111,45725768,97.58
"memos",111,45725879,97.58
"midlands",111,45725990,97.58
"missourians",111,45726101,97.58
"misused",111,45726212,97.58
"modernism",111,45726323,97.58
"morgue",111,45726434,97.58
"naturalist",111,45726545,97.58
"nineties",111,45726656,97.58
"occurrences",111,45726767,97.58
"outsource",111,45726878,97.58
"profess",111,45726989,97.58
"psychiatrists",111,45727100,97.58
"pullman",111,45727211,97.58
"pyramids",111,45727322,97.58
"reprimand",111,45727433,97.58
"rhine",111,45727544,97.58
"roadhouse",111,45727655,97.58
"rockford",111,45727766,97.58
"sash",111,45727877,97.58
"seamstress",111,45727988,97.58
"seduce",111,45728099,97.58
"signifies",111,45728210,97.58
"skye",111,45728321,97.58
"sneaker",111,45728432,97.59
"speck",111,45728543,97.59
"stag",111,45728654,97.59
"stamford",111,45728765,97.59
"stipend",111,45728876,97.59
"sweeten",111,45728987,97.59
"sympathies",111,45729098,97.59
"syncing",111,45729209,97.59
"ting",111,45729320,97.59
"turks",111,45729431,97.59
"vonnegut",111,45729542,97.59
"whacked",111,45729653,97.59
"widgets",111,45729764,97.59
"wight",111,45729875,97.59
"zoned",111,45729986,97.59
"aligning",110,45730096,97.59
"alonzo",110,45730206,97.59
"annuals",110,45730316,97.59
"assemblies",110,45730426,97.59
"awed",110,45730536,97.59
"baez",110,45730646,97.59
"barometer",110,45730756,97.59
"bombshell",110,45730866,97.59
"boundless",110,45730976,97.59
"brainchild",110,45731086,97.59
"burr",110,45731196,97.59
"bystander",110,45731306,97.59
"channeled",110,45731416,97.59
"chilies",110,45731526,97.59
"clandestine",110,45731636,97.59
"clapped",110,45731746,97.59
"claustrophobic",110,45731856,97.59
"clutched",110,45731966,97.59
"coltrane",110,45732076,97.59
"coughed",110,45732186,97.59
"definitively",110,45732296,97.59
"dignitaries",110,45732406,97.59
"discrepancies",110,45732516,97.59
"diseased",110,45732626,97.59
"disrespected",110,45732736,97.59
"domestically",110,45732846,97.59
"dwindled",110,45732956,97.59
"erasing",110,45733066,97.59
"espinoza",110,45733176,97.6
"gigabytes",110,45733286,97.6
"gino",110,45733396,97.6
"goldwater",110,45733506,97.6
"groupies",110,45733616,97.6
"hoof",110,45733726,97.6
"huber",110,45733836,97.6
"hydrate",110,45733946,97.6
"illumination",110,45734056,97.6
"imprinted",110,45734166,97.6
"invigorating",110,45734276,97.6
"jazzed",110,45734386,97.6
"lott",110,45734496,97.6
"lucked",110,45734606,97.6
"luxuries",110,45734716,97.6
"madagascar",110,45734826,97.6
"mangoes",110,45734936,97.6
"maven",110,45735046,97.6
"melville",110,45735156,97.6
"merck",110,45735266,97.6
"milking",110,45735376,97.6
"minimizing",110,45735486,97.6
"munoz",110,45735596,97.6
"nag",110,45735706,97.6
"narcissistic",110,45735816,97.6
"naysayers",110,45735926,97.6
"neutered",110,45736036,97.6
"notepad",110,45736146,97.6
"obliterated",110,45736256,97.6
"origami",110,45736366,97.6
"oversize",110,45736476,97.6
"overtly",110,45736586,97.6
"pimps",110,45736696,97.6
"possum",110,45736806,97.6
"prerequisite",110,45736916,97.6
"preschoolers",110,45737026,97.6
"pretense",110,45737136,97.6
"pushy",110,45737246,97.6
"quartz",110,45737356,97.6
"recited",110,45737466,97.6
"refrigerators",110,45737576,97.6
"reinstate",110,45737686,97.6
"retirements",110,45737796,97.61
"reunions",110,45737906,97.61
"rusted",110,45738016,97.61
"sacco",110,45738126,97.61
"schindler",110,45738236,97.61
"scorpion",110,45738346,97.61
"semesters",110,45738456,97.61
"sifting",110,45738566,97.61
"sondheim",110,45738676,97.61
"syllables",110,45738786,97.61
"tribulations",110,45738896,97.61
"unseat",110,45739006,97.61
"upstart",110,45739116,97.61
"waterway",110,45739226,97.61
"weeknight",110,45739336,97.61
"wholesalers",110,45739446,97.61
"absorbs",109,45739555,97.61
"adjusts",109,45739664,97.61
"adventurers",109,45739773,97.61
"agnew",109,45739882,97.61
"aimlessly",109,45739991,97.61
"auschwitz",109,45740100,97.61
"austere",109,45740209,97.61
"begotten",109,45740318,97.61
"biked",109,45740427,97.61
"blesses",109,45740536,97.61
"bosch",109,45740645,97.61
"bribing",109,45740754,97.61
"bylaws",109,45740863,97.61
"candlestick",109,45740972,97.61
"caterpillars",109,45741081,97.61
"cauldron",109,45741190,97.61
"chemically",109,45741299,97.61
"clumps",109,45741408,97.61
"coffeehouse",109,45741517,97.61
"coincidences",109,45741626,97.61
"commas",109,45741735,97.61
"commutes",109,45741844,97.61
"constituencies",109,45741953,97.61
"cramming",109,45742062,97.61
"culprits",109,45742171,97.61
"cyril",109,45742280,97.61
"degeneres",109,45742389,97.61
"deploying",109,45742498,97.62
"dizziness",109,45742607,97.62
"dunking",109,45742716,97.62
"entangled",109,45742825,97.62
"excesses",109,45742934,97.62
"extracurricular",109,45743043,97.62
"exudes",109,45743152,97.62
"faceless",109,45743261,97.62
"foothold",109,45743370,97.62
"francesca",109,45743479,97.62
"fryer",109,45743588,97.62
"grammatical",109,45743697,97.62
"grinds",109,45743806,97.62
"gust",109,45743915,97.62
"hangovers",109,45744024,97.62
"heartily",109,45744133,97.62
"hedgehog",109,45744242,97.62
"hospitalization",109,45744351,97.62
"irate",109,45744460,97.62
"jacuzzi",109,45744569,97.62
"khalid",109,45744678,97.62
"lighthearted",109,45744787,97.62
"manicured",109,45744896,97.62
"manifestations",109,45745005,97.62
"mast",109,45745114,97.62
"mikhail",109,45745223,97.62
"motionless",109,45745332,97.62
"nerf",109,45745441,97.62
"notches",109,45745550,97.62
"omit",109,45745659,97.62
"opulent",109,45745768,97.62
"pained",109,45745877,97.62
"pane",109,45745986,97.62
"pared",109,45746095,97.62
"pathos",109,45746204,97.62
"pegs",109,45746313,97.62
"pervert",109,45746422,97.62
"phishing",109,45746531,97.62
"polarized",109,45746640,97.62
"prim",109,45746749,97.62
"proclaims",109,45746858,97.62
"protectors",109,45746967,97.62
"pugh",109,45747076,97.62
"qa",109,45747185,97.63
"raked",109,45747294,97.63
"ravine",109,45747403,97.63
"rectangles",109,45747512,97.63
"redone",109,45747621,97.63
"refills",109,45747730,97.63
"scion",109,45747839,97.63
"sentient",109,45747948,97.63
"shortcake",109,45748057,97.63
"sill",109,45748166,97.63
"skimming",109,45748275,97.63
"smuggle",109,45748384,97.63
"soulless",109,45748493,97.63
"splashes",109,45748602,97.63
"spreadsheets",109,45748711,97.63
"stiller",109,45748820,97.63
"superbly",109,45748929,97.63
"supple",109,45749038,97.63
"surrey",109,45749147,97.63
"swish",109,45749256,97.63
"taut",109,45749365,97.63
"tuscany",109,45749474,97.63
"unbridled",109,45749583,97.63
"undies",109,45749692,97.63
"unionized",109,45749801,97.63
"unseasonably",109,45749910,97.63
"unselfish",109,45750019,97.63
"untitled",109,45750128,97.63
"vernacular",109,45750237,97.63
"veterinarians",109,45750346,97.63
"voracious",109,45750455,97.63
"worcester",109,45750564,97.63
"zoomed",109,45750673,97.63
"abysmal",108,45750781,97.63
"adverts",108,45750889,97.63
"antlers",108,45750997,97.63
"bailing",108,45751105,97.63
"barrymore",108,45751213,97.63
"battier",108,45751321,97.63
"bays",108,45751429,97.63
"biases",108,45751537,97.63
"blockbusters",108,45751645,97.63
"boozy",108,45751753,97.63
"bouquets",108,45751861,97.64
"bowery",108,45751969,97.64
"bowled",108,45752077,97.64
"clubbing",108,45752185,97.64
"commemorating",108,45752293,97.64
"condominiums",108,45752401,97.64
"conspirators",108,45752509,97.64
"cribs",108,45752617,97.64
"dampen",108,45752725,97.64
"delirious",108,45752833,97.64
"deranged",108,45752941,97.64
"differed",108,45753049,97.64
"dimmed",108,45753157,97.64
"disoriented",108,45753265,97.64
"downplay",108,45753373,97.64
"dyeing",108,45753481,97.64
"earphones",108,45753589,97.64
"eavesdropping",108,45753697,97.64
"eczema",108,45753805,97.64
"fascists",108,45753913,97.64
"filipinos",108,45754021,97.64
"fuchsia",108,45754129,97.64
"guideline",108,45754237,97.64
"haywire",108,45754345,97.64
"hickman",108,45754453,97.64
"hoarder",108,45754561,97.64
"hollis",108,45754669,97.64
"impediment",108,45754777,97.64
"inclement",108,45754885,97.64
"knotted",108,45754993,97.64
"liturgy",108,45755101,97.64
"malta",108,45755209,97.64
"marlowe",108,45755317,97.64
"mcgovern",108,45755425,97.64
"memorizing",108,45755533,97.64
"minimalism",108,45755641,97.64
"mishaps",108,45755749,97.64
"multiples",108,45755857,97.64
"nightclubs",108,45755965,97.64
"nourishment",108,45756073,97.64
"nutritionist",108,45756181,97.64
"octane",108,45756289,97.64
"odors",108,45756397,97.64
"osceola",108,45756505,97.64
"participatory",108,45756613,97.65
"pelvic",108,45756721,97.65
"plagiarism",108,45756829,97.65
"plummet",108,45756937,97.65
"pokes",108,45757045,97.65
"ponce",108,45757153,97.65
"posterity",108,45757261,97.65
"racine",108,45757369,97.65
"raunchy",108,45757477,97.65
"rearranged",108,45757585,97.65
"rediscover",108,45757693,97.65
"roving",108,45757801,97.65
"sabbatical",108,45757909,97.65
"sacrificial",108,45758017,97.65
"sculpting",108,45758125,97.65
"sear",108,45758233,97.65
"sender",108,45758341,97.65
"sinker",108,45758449,97.65
"sludge",108,45758557,97.65
"sneaked",108,45758665,97.65
"spectacles",108,45758773,97.65
"squealing",108,45758881,97.65
"stagecoach",108,45758989,97.65
"stockpile",108,45759097,97.65
"substandard",108,45759205,97.65
"subterranean",108,45759313,97.65
"sudanese",108,45759421,97.65
"swank",108,45759529,97.65
"taint",108,45759637,97.65
"teleconference",108,45759745,97.65
"thawed",108,45759853,97.65
"thorny",108,45759961,97.65
"trainees",108,45760069,97.65
"treading",108,45760177,97.65
"tugging",108,45760285,97.65
"undoing",108,45760393,97.65
"unproven",108,45760501,97.65
"vibrating",108,45760609,97.65
"wither",108,45760717,97.65
"yam",108,45760825,97.65
"yd",108,45760933,97.65
"acacia",107,45761040,97.65
"aft",107,45761147,97.65
"aquino",107,45761254,97.66
"bilateral",107,45761361,97.66
"bounties",107,45761468,97.66
"bulgaria",107,45761575,97.66
"burners",107,45761682,97.66
"checkbook",107,45761789,97.66
"circulate",107,45761896,97.66
"comer",107,45762003,97.66
"complicating",107,45762110,97.66
"convinces",107,45762217,97.66
"criticizes",107,45762324,97.66
"cuckoo",107,45762431,97.66
"curds",107,45762538,97.66
"dapper",107,45762645,97.66
"decaf",107,45762752,97.66
"dissidents",107,45762859,97.66
"donny",107,45762966,97.66
"faq",107,45763073,97.66
"flaps",107,45763180,97.66
"flocking",107,45763287,97.66
"forfeited",107,45763394,97.66
"gerber",107,45763501,97.66
"glows",107,45763608,97.66
"headway",107,45763715,97.66
"hippy",107,45763822,97.66
"hitched",107,45763929,97.66
"instructs",107,45764036,97.66
"interacted",107,45764143,97.66
"invests",107,45764250,97.66
"irreplaceable",107,45764357,97.66
"iteration",107,45764464,97.66
"janie",107,45764571,97.66
"karin",107,45764678,97.66
"kellie",107,45764785,97.66
"koala",107,45764892,97.66
"lamborghini",107,45764999,97.66
"lecturing",107,45765106,97.66
"manifesting",107,45765213,97.66
"maxine",107,45765320,97.66
"microscopic",107,45765427,97.66
"minnesotans",107,45765534,97.66
"molecule",107,45765641,97.66
"newscast",107,45765748,97.66
"nourishing",107,45765855,97.66
"oblige",107,45765962,97.67
"overdraft",107,45766069,97.67
"pianos",107,45766176,97.67
"placid",107,45766283,97.67
"pleasurable",107,45766390,97.67
"plopped",107,45766497,97.67
"pocketed",107,45766604,97.67
"pollster",107,45766711,97.67
"porous",107,45766818,97.67
"postmodern",107,45766925,97.67
"prototypes",107,45767032,97.67
"puffing",107,45767139,97.67
"railroads",107,45767246,97.67
"rancher",107,45767353,97.67
"rearrange",107,45767460,97.67
"refocus",107,45767567,97.67
"refute",107,45767674,97.67
"reimbursements",107,45767781,97.67
"remarried",107,45767888,97.67
"remiss",107,45767995,97.67
"reprimanded",107,45768102,97.67
"saltwater",107,45768209,97.67
"saturation",107,45768316,97.67
"seep",107,45768423,97.67
"seething",107,45768530,97.67
"shaver",107,45768637,97.67
"shear",107,45768744,97.67
"showbiz",107,45768851,97.67
"shrewd",107,45768958,97.67
"soybeans",107,45769065,97.67
"spire",107,45769172,97.67
"squadron",107,45769279,97.67
"squire",107,45769386,97.67
"sully",107,45769493,97.67
"summery",107,45769600,97.67
"syllable",107,45769707,97.67
"tabloids",107,45769814,97.67
"throes",107,45769921,97.67
"toolbox",107,45770028,97.67
"torches",107,45770135,97.67
"torrential",107,45770242,97.67
"transformations",107,45770349,97.67
"undeveloped",107,45770456,97.67
"unify",107,45770563,97.67
"unlocking",107,45770670,97.68
"unqualified",107,45770777,97.68
"volcanoes",107,45770884,97.68
"whirlpool",107,45770991,97.68
"wren",107,45771098,97.68
"alloy",106,45771204,97.68
"amigo",106,45771310,97.68
"assuredly",106,45771416,97.68
"atwood",106,45771522,97.68
"avenge",106,45771628,97.68
"bleeds",106,45771734,97.68
"blister",106,45771840,97.68
"blob",106,45771946,97.68
"blondie",106,45772052,97.68
"cabana",106,45772158,97.68
"cavities",106,45772264,97.68
"charley",106,45772370,97.68
"chimed",106,45772476,97.68
"chipmunks",106,45772582,97.68
"chuckling",106,45772688,97.68
"claimants",106,45772794,97.68
"clinching",106,45772900,97.68
"combative",106,45773006,97.68
"contraption",106,45773112,97.68
"corporal",106,45773218,97.68
"cottonwood",106,45773324,97.68
"counteract",106,45773430,97.68
"cowgirl",106,45773536,97.68
"curried",106,45773642,97.68
"descendant",106,45773748,97.68
"donkeys",106,45773854,97.68
"donning",106,45773960,97.68
"dumbfounded",106,45774066,97.68
"ecosystems",106,45774172,97.68
"empathetic",106,45774278,97.68
"enshrined",106,45774384,97.68
"esophagus",106,45774490,97.68
"euthanasia",106,45774596,97.68
"familial",106,45774702,97.68
"fetching",106,45774808,97.68
"fluctuations",106,45774914,97.68
"frighten",106,45775020,97.68
"frock",106,45775126,97.68
"gambler",106,45775232,97.68
"goddesses",106,45775338,97.69
"grafton",106,45775444,97.69
"hallucinations",106,45775550,97.69
"hatchery",106,45775656,97.69
"hegemony",106,45775762,97.69
"incessantly",106,45775868,97.69
"inhaling",106,45775974,97.69
"inscribed",106,45776080,97.69
"intricacies",106,45776186,97.69
"kickers",106,45776292,97.69
"labored",106,45776398,97.69
"livable",106,45776504,97.69
"lon",106,45776610,97.69
"luster",106,45776716,97.69
"martian",106,45776822,97.69
"marvels",106,45776928,97.69
"masquerade",106,45777034,97.69
"mazda",106,45777140,97.69
"melons",106,45777246,97.69
"methodical",106,45777352,97.69
"moisturizing",106,45777458,97.69
"muzzle",106,45777564,97.69
"overbearing",106,45777670,97.69
"paltry",106,45777776,97.69
"paperbacks",106,45777882,97.69
"poaching",106,45777988,97.69
"postman",106,45778094,97.69
"proofs",106,45778200,97.69
"pseudonym",106,45778306,97.69
"psychopath",106,45778412,97.69
"pulsing",106,45778518,97.69
"punchline",106,45778624,97.69
"quench",106,45778730,97.69
"rambo",106,45778836,97.69
"rearranging",106,45778942,97.69
"remaking",106,45779048,97.69
"rhone",106,45779154,97.69
"riddance",106,45779260,97.69
"rolex",106,45779366,97.69
"roost",106,45779472,97.69
"shamelessly",106,45779578,97.69
"shielded",106,45779684,97.69
"silvery",106,45779790,97.69
"spontaneity",106,45779896,97.69
"spurts",106,45780002,97.7
"subliminal",106,45780108,97.7
"subordinate",106,45780214,97.7
"sumner",106,45780320,97.7
"swiped",106,45780426,97.7
"tenured",106,45780532,97.7
"testifies",106,45780638,97.7
"thistle",106,45780744,97.7
"trepidation",106,45780850,97.7
"trill",106,45780956,97.7
"twang",106,45781062,97.7
"undetermined",106,45781168,97.7
"unfettered",106,45781274,97.7
"uniting",106,45781380,97.7
"untested",106,45781486,97.7
"vindicated",106,45781592,97.7
"walkways",106,45781698,97.7
"wealthier",106,45781804,97.7
"wilkerson",106,45781910,97.7
"zappa",106,45782016,97.7
"abject",105,45782121,97.7
"admirer",105,45782226,97.7
"adrift",105,45782331,97.7
"aggressiveness",105,45782436,97.7
"attribution",105,45782541,97.7
"austins",105,45782646,97.7
"bribed",105,45782751,97.7
"burris",105,45782856,97.7
"caruso",105,45782961,97.7
"cocked",105,45783066,97.7
"coercion",105,45783171,97.7
"combustion",105,45783276,97.7
"costumed",105,45783381,97.7
"craved",105,45783486,97.7
"dimly",105,45783591,97.7
"directives",105,45783696,97.7
"discriminated",105,45783801,97.7
"drier",105,45783906,97.7
"earnestly",105,45784011,97.7
"elsa",105,45784116,97.7
"euphemism",105,45784221,97.7
"fashionista",105,45784326,97.7
"fittings",105,45784431,97.7
"glean",105,45784536,97.7
"grime",105,45784641,97.71
"handout",105,45784746,97.71
"henceforth",105,45784851,97.71
"honing",105,45784956,97.71
"horowitz",105,45785061,97.71
"impressing",105,45785166,97.71
"incoherent",105,45785271,97.71
"industrialized",105,45785376,97.71
"inquisition",105,45785481,97.71
"matzo",105,45785586,97.71
"millie",105,45785691,97.71
"myra",105,45785796,97.71
"nodes",105,45785901,97.71
"oakley",105,45786006,97.71
"onyx",105,45786111,97.71
"orient",105,45786216,97.71
"overstated",105,45786321,97.71
"pampering",105,45786426,97.71
"pandemic",105,45786531,97.71
"parrish",105,45786636,97.71
"parrots",105,45786741,97.71
"particulars",105,45786846,97.71
"patios",105,45786951,97.71
"peeves",105,45787056,97.71
"phobia",105,45787161,97.71
"precedence",105,45787266,97.71
"prowl",105,45787371,97.71
"quibble",105,45787476,97.71
"roadblock",105,45787581,97.71
"saguaro",105,45787686,97.71
"scratchy",105,45787791,97.71
"shiloh",105,45787896,97.71
"skinless",105,45788001,97.71
"stateside",105,45788106,97.71
"tabernacle",105,45788211,97.71
"tablecloth",105,45788316,97.71
"tolstoy",105,45788421,97.71
"unbeatable",105,45788526,97.71
"underside",105,45788631,97.71
"unfriendly",105,45788736,97.71
"upholstered",105,45788841,97.71
"vandals",105,45788946,97.71
"waned",105,45789051,97.71
"weirdos",105,45789156,97.71
"wildfires",105,45789261,97.71
"wintry",105,45789366,97.72
"worcestershire",105,45789471,97.72
"yeats",105,45789576,97.72
"absences",104,45789680,97.72
"adhering",104,45789784,97.72
"auckland",104,45789888,97.72
"backpacking",104,45789992,97.72
"balconies",104,45790096,97.72
"baseless",104,45790200,97.72
"braced",104,45790304,97.72
"brevity",104,45790408,97.72
"calvary",104,45790512,97.72
"candice",104,45790616,97.72
"carols",104,45790720,97.72
"configured",104,45790824,97.72
"corrective",104,45790928,97.72
"courtship",104,45791032,97.72
"crocheting",104,45791136,97.72
"cromwell",104,45791240,97.72
"decried",104,45791344,97.72
"deplorable",104,45791448,97.72
"detain",104,45791552,97.72
"disappoints",104,45791656,97.72
"discredited",104,45791760,97.72
"diverting",104,45791864,97.72
"duvet",104,45791968,97.72
"eclipsed",104,45792072,97.72
"eds",104,45792176,97.72
"embryos",104,45792280,97.72
"eucalyptus",104,45792384,97.72
"evoking",104,45792488,97.72
"fearsome",104,45792592,97.72
"fha",104,45792696,97.72
"fouling",104,45792800,97.72
"furor",104,45792904,97.72
"giraffes",104,45793008,97.72
"goober",104,45793112,97.72
"grievance",104,45793216,97.72
"grocers",104,45793320,97.72
"hallmarks",104,45793424,97.72
"hilda",104,45793528,97.72
"hillel",104,45793632,97.72
"hinton",104,45793736,97.72
"hob",104,45793840,97.72
"hued",104,45793944,97.72
"ibuprofen",104,45794048,97.73
"indistinguishable",104,45794152,97.73
"individualism",104,45794256,97.73
"introverted",104,45794360,97.73
"jenner",104,45794464,97.73
"joblessness",104,45794568,97.73
"kant",104,45794672,97.73
"kiln",104,45794776,97.73
"lanky",104,45794880,97.73
"leif",104,45794984,97.73
"libertarians",104,45795088,97.73
"liens",104,45795192,97.73
"lightness",104,45795296,97.73
"loosened",104,45795400,97.73
"lurk",104,45795504,97.73
"marisa",104,45795608,97.73
"marlin",104,45795712,97.73
"mcdaniel",104,45795816,97.73
"medic",104,45795920,97.73
"mending",104,45796024,97.73
"methodically",104,45796128,97.73
"modernization",104,45796232,97.73
"networked",104,45796336,97.73
"osborn",104,45796440,97.73
"participates",104,45796544,97.73
"partridge",104,45796648,97.73
"peels",104,45796752,97.73
"penultimate",104,45796856,97.73
"pursues",104,45796960,97.73
"reused",104,45797064,97.73
"rhinestone",104,45797168,97.73
"ringo",104,45797272,97.73
"scottie",104,45797376,97.73
"serviced",104,45797480,97.73
"shipyard",104,45797584,97.73
"shiva",104,45797688,97.73
"skyrocketing",104,45797792,97.73
"slung",104,45797896,97.73
"softening",104,45798000,97.73
"spaniards",104,45798104,97.73
"squeal",104,45798208,97.73
"stabilizing",104,45798312,97.73
"taunt",104,45798416,97.73
"teetering",104,45798520,97.73
"toiletries",104,45798624,97.73
"trademarks",104,45798728,97.74
"transcendental",104,45798832,97.74
"transmissions",104,45798936,97.74
"tremors",104,45799040,97.74
"underfunded",104,45799144,97.74
"unfulfilled",104,45799248,97.74
"unharmed",104,45799352,97.74
"utopian",104,45799456,97.74
"valentin",104,45799560,97.74
"wishlist",104,45799664,97.74
"wrecks",104,45799768,97.74
"yvette",104,45799872,97.74
"zillion",104,45799976,97.74
"affords",103,45800079,97.74
"anchoring",103,45800182,97.74
"anniversaries",103,45800285,97.74
"anomalies",103,45800388,97.74
"archaeologist",103,45800491,97.74
"ascertain",103,45800594,97.74
"attuned",103,45800697,97.74
"augment",103,45800800,97.74
"belgrade",103,45800903,97.74
"bespoke",103,45801006,97.74
"bestow",103,45801109,97.74
"blushes",103,45801212,97.74
"bobs",103,45801315,97.74
"buttercup",103,45801418,97.74
"carpeting",103,45801521,97.74
"cashew",103,45801624,97.74
"certify",103,45801727,97.74
"cobbled",103,45801830,97.74
"cockroaches",103,45801933,97.74
"conceit",103,45802036,97.74
"conclusive",103,45802139,97.74
"corrects",103,45802242,97.74
"costner",103,45802345,97.74
"craves",103,45802448,97.74
"croissants",103,45802551,97.74
"deems",103,45802654,97.74
"delving",103,45802757,97.74
"deterred",103,45802860,97.74
"detours",103,45802963,97.74
"dharma",103,45803066,97.74
"dunne",103,45803169,97.74
"emilio",103,45803272,97.74
"exclusivity",103,45803375,97.75
"exonerated",103,45803478,97.75
"flours",103,45803581,97.75
"gaffe",103,45803684,97.75
"glut",103,45803787,97.75
"gobbled",103,45803890,97.75
"gorillas",103,45803993,97.75
"graft",103,45804096,97.75
"hallowed",103,45804199,97.75
"handily",103,45804302,97.75
"hays",103,45804405,97.75
"hsbc",103,45804508,97.75
"hutch",103,45804611,97.75
"immortals",103,45804714,97.75
"imp",103,45804817,97.75
"inflamed",103,45804920,97.75
"infrequent",103,45805023,97.75
"innuendo",103,45805126,97.75
"interpersonal",103,45805229,97.75
"intruders",103,45805332,97.75
"issuance",103,45805435,97.75
"karachi",103,45805538,97.75
"leafs",103,45805641,97.75
"lees",103,45805744,97.75
"lethargic",103,45805847,97.75
"luigi",103,45805950,97.75
"magnate",103,45806053,97.75
"majorly",103,45806156,97.75
"marjorie",103,45806259,97.75
"mistreatment",103,45806362,97.75
"mists",103,45806465,97.75
"mountainous",103,45806568,97.75
"mull",103,45806671,97.75
"nondescript",103,45806774,97.75
"nucleus",103,45806877,97.75
"nudged",103,45806980,97.75
"optic",103,45807083,97.75
"originate",103,45807186,97.75
"outdone",103,45807289,97.75
"outlaws",103,45807392,97.75
"padre",103,45807495,97.75
"partisanship",103,45807598,97.75
"peonies",103,45807701,97.75
"perishable",103,45807804,97.75
"pertains",103,45807907,97.75
"pms",103,45808010,97.75
"portals",103,45808113,97.76
"preppy",103,45808216,97.76
"rochelle",103,45808319,97.76
"rodent",103,45808422,97.76
"rotated",103,45808525,97.76
"saline",103,45808628,97.76
"saps",103,45808731,97.76
"sargent",103,45808834,97.76
"savers",103,45808937,97.76
"screwdriver",103,45809040,97.76
"scribe",103,45809143,97.76
"scuffle",103,45809246,97.76
"sitcoms",103,45809349,97.76
"slumping",103,45809452,97.76
"splattered",103,45809555,97.76
"sporadically",103,45809658,97.76
"sprinklers",103,45809761,97.76
"steeper",103,45809864,97.76
"stoops",103,45809967,97.76
"suitors",103,45810070,97.76
"sundown",103,45810173,97.76
"sunflowers",103,45810276,97.76
"sweltering",103,45810379,97.76
"tethered",103,45810482,97.76
"throng",103,45810585,97.76
"thundering",103,45810688,97.76
"tilting",103,45810791,97.76
"tinge",103,45810894,97.76
"trellis",103,45810997,97.76
"trickled",103,45811100,97.76
"trite",103,45811203,97.76
"tufts",103,45811306,97.76
"twirling",103,45811409,97.76
"unfathomable",103,45811512,97.76
"unregulated",103,45811615,97.76
"vale",103,45811718,97.76
"vapor",103,45811821,97.76
"veer",103,45811924,97.76
"viz",103,45812027,97.76
"wallis",103,45812130,97.76
"yuri",103,45812233,97.76
"adaptable",102,45812335,97.76
"aerobic",102,45812437,97.76
"algorithms",102,45812539,97.76
"alphabetical",102,45812641,97.76
"assailants",102,45812743,97.76
"asteroids",102,45812845,97.77
"babble",102,45812947,97.77
"basque",102,45813049,97.77
"behaves",102,45813151,97.77
"blunder",102,45813253,97.77
"cannibal",102,45813355,97.77
"carpenters",102,45813457,97.77
"cervix",102,45813559,97.77
"cessation",102,45813661,97.77
"chandra",102,45813763,97.77
"circumstantial",102,45813865,97.77
"comers",102,45813967,97.77
"concentrates",102,45814069,97.77
"concocted",102,45814171,97.77
"condemns",102,45814273,97.77
"congregate",102,45814375,97.77
"cores",102,45814477,97.77
"cote",102,45814579,97.77
"courted",102,45814681,97.77
"dearth",102,45814783,97.77
"deduct",102,45814885,97.77
"degeneration",102,45814987,97.77
"deployments",102,45815089,97.77
"deteriorate",102,45815191,97.77
"dilemmas",102,45815293,97.77
"drivel",102,45815395,97.77
"egalitarian",102,45815497,97.77
"equations",102,45815599,97.77
"estimating",102,45815701,97.77
"foreboding",102,45815803,97.77
"hannibal",102,45815905,97.77
"heaving",102,45816007,97.77
"henrietta",102,45816109,97.77
"hernia",102,45816211,97.77
"hooves",102,45816313,97.77
"idealism",102,45816415,97.77
"incidental",102,45816517,97.77
"infiltrated",102,45816619,97.77
"inlet",102,45816721,97.77
"inputs",102,45816823,97.77
"iraqis",102,45816925,97.77
"isp",102,45817027,97.77
"jamar",102,45817129,97.77
"katharine",102,45817231,97.77
"kindles",102,45817333,97.77
"leila",102,45817435,97.78
"littering",102,45817537,97.78
"loitering",102,45817639,97.78
"macbeth",102,45817741,97.78
"manifests",102,45817843,97.78
"mendocino",102,45817945,97.78
"midgets",102,45818047,97.78
"nightingale",102,45818149,97.78
"obeyed",102,45818251,97.78
"openers",102,45818353,97.78
"otters",102,45818455,97.78
"overpower",102,45818557,97.78
"pandas",102,45818659,97.78
"peppercorns",102,45818761,97.78
"pessimism",102,45818863,97.78
"pheasant",102,45818965,97.78
"plowing",102,45819067,97.78
"porters",102,45819169,97.78
"powering",102,45819271,97.78
"puebla",102,45819373,97.78
"purportedly",102,45819475,97.78
"quadruple",102,45819577,97.78
"quads",102,45819679,97.78
"rainwater",102,45819781,97.78
"reconciled",102,45819883,97.78
"redwoods",102,45819985,97.78
"relativity",102,45820087,97.78
"reprehensible",102,45820189,97.78
"reprinted",102,45820291,97.78
"restores",102,45820393,97.78
"romanian",102,45820495,97.78
"saws",102,45820597,97.78
"scorpions",102,45820699,97.78
"searchers",102,45820801,97.78
"serenade",102,45820903,97.78
"sexes",102,45821005,97.78
"sidetracked",102,45821107,97.78
"siemens",102,45821209,97.78
"soot",102,45821311,97.78
"spacey",102,45821413,97.78
"sportsmanship",102,45821515,97.78
"stewed",102,45821617,97.78
"stomped",102,45821719,97.78
"storybook",102,45821821,97.78
"stub",102,45821923,97.78
"subplot",102,45822025,97.78
"synchronized",102,45822127,97.79
"tamed",102,45822229,97.79
"tanked",102,45822331,97.79
"tillman",102,45822433,97.79
"tomboy",102,45822535,97.79
"tombstone",102,45822637,97.79
"trumpeter",102,45822739,97.79
"trumpets",102,45822841,97.79
"tycoon",102,45822943,97.79
"uglier",102,45823045,97.79
"ursula",102,45823147,97.79
"vamp",102,45823249,97.79
"vigilante",102,45823351,97.79
"wagging",102,45823453,97.79
"weaponry",102,45823555,97.79
"wreak",102,45823657,97.79
"zany",102,45823759,97.79
"alisa",101,45823860,97.79
"appleton",101,45823961,97.79
"atypical",101,45824062,97.79
"barrow",101,45824163,97.79
"bloodied",101,45824264,97.79
"boycotting",101,45824365,97.79
"broadening",101,45824466,97.79
"buckner",101,45824567,97.79
"burch",101,45824668,97.79
"byproduct",101,45824769,97.79
"cancels",101,45824870,97.79
"cervantes",101,45824971,97.79
"checkers",101,45825072,97.79
"colander",101,45825173,97.79
"daffodil",101,45825274,97.79
"deepened",101,45825375,97.79
"dilated",101,45825476,97.79
"disturbances",101,45825577,97.79
"doubters",101,45825678,97.79
"emporium",101,45825779,97.79
"engrossed",101,45825880,97.79
"erupt",101,45825981,97.79
"evacuations",101,45826082,97.79
"excavation",101,45826183,97.79
"expeditions",101,45826284,97.79
"fabian",101,45826385,97.79
"fallow",101,45826486,97.79
"fawn",101,45826587,97.79
"ferocity",101,45826688,97.79
"flinch",101,45826789,97.79
"foraging",101,45826890,97.8
"genie",101,45826991,97.8
"grisly",101,45827092,97.8
"groaning",101,45827193,97.8
"hacienda",101,45827294,97.8
"headbands",101,45827395,97.8
"hoist",101,45827496,97.8
"incredulous",101,45827597,97.8
"indecision",101,45827698,97.8
"institutionalized",101,45827799,97.8
"instructing",101,45827900,97.8
"intros",101,45828001,97.8
"ives",101,45828102,97.8
"kaleidoscope",101,45828203,97.8
"knelt",101,45828304,97.8
"lattice",101,45828405,97.8
"lockheed",101,45828506,97.8
"merrily",101,45828607,97.8
"mingled",101,45828708,97.8
"misdemeanors",101,45828809,97.8
"mistaking",101,45828910,97.8
"modifying",101,45829011,97.8
"mutations",101,45829112,97.8
"nailing",101,45829213,97.8
"numerical",101,45829314,97.8
"oriole",101,45829415,97.8
"outplayed",101,45829516,97.8
"paragon",101,45829617,97.8
"permeates",101,45829718,97.8
"pixies",101,45829819,97.8
"premiering",101,45829920,97.8
"puncture",101,45830021,97.8
"quips",101,45830122,97.8
"rationalize",101,45830223,97.8
"rattlesnake",101,45830324,97.8
"reformer",101,45830425,97.8
"reformers",101,45830526,97.8
"regrettable",101,45830627,97.8
"rereading",101,45830728,97.8
"resuming",101,45830829,97.8
"roped",101,45830930,97.8
"rosetta",101,45831031,97.8
"scolded",101,45831132,97.8
"serra",101,45831233,97.8
"shari",101,45831334,97.8
"spammed",101,45831435,97.8
"stepdad",101,45831536,97.81
"stymied",101,45831637,97.81
"unkind",101,45831738,97.81
"unleashing",101,45831839,97.81
"variants",101,45831940,97.81
"vector",101,45832041,97.81
"vips",101,45832142,97.81
"wafting",101,45832243,97.81
"wc",101,45832344,97.81
"wipers",101,45832445,97.81
"abolition",100,45832545,97.81
"acumen",100,45832645,97.81
"adherents",100,45832745,97.81
"alder",100,45832845,97.81
"ancillary",100,45832945,97.81
"antichrist",100,45833045,97.81
"anvil",100,45833145,97.81
"apathetic",100,45833245,97.81
"barbados",100,45833345,97.81
"bbs",100,45833445,97.81
"beckons",100,45833545,97.81
"binders",100,45833645,97.81
"bloodstream",100,45833745,97.81
"bookseller",100,45833845,97.81
"borgia",100,45833945,97.81
"breckenridge",100,45834045,97.81
"bumbling",100,45834145,97.81
"burmese",100,45834245,97.81
"byob",100,45834345,97.81
"caverns",100,45834445,97.81
"certifications",100,45834545,97.81
"coerced",100,45834645,97.81
"colfax",100,45834745,97.81
"colliding",100,45834845,97.81
"compote",100,45834945,97.81
"connoisseur",100,45835045,97.81
"contradicts",100,45835145,97.81
"convicts",100,45835245,97.81
"corinne",100,45835345,97.81
"coulter",100,45835445,97.81
"darned",100,45835545,97.81
"debauchery",100,45835645,97.81
"dichotomy",100,45835745,97.81
"disable",100,45835845,97.81
"dons",100,45835945,97.81
"emergent",100,45836045,97.81
"exquisitely",100,45836145,97.81
"ezekiel",100,45836245,97.82
"fainted",100,45836345,97.82
"flexing",100,45836445,97.82
"flocks",100,45836545,97.82
"fluoride",100,45836645,97.82
"forsake",100,45836745,97.82
"frederic",100,45836845,97.82
"gaia",100,45836945,97.82
"gleason",100,45837045,97.82
"granada",100,45837145,97.82
"hellish",100,45837245,97.82
"hinting",100,45837345,97.82
"hookup",100,45837445,97.82
"impersonal",100,45837545,97.82
"inching",100,45837645,97.82
"innumerable",100,45837745,97.82
"intangibles",100,45837845,97.82
"jewelers",100,45837945,97.82
"justifiable",100,45838045,97.82
"kilter",100,45838145,97.82
"kirkland",100,45838245,97.82
"lobbies",100,45838345,97.82
"louvre",100,45838445,97.82
"magnifying",100,45838545,97.82
"mhz",100,45838645,97.82
"mistrust",100,45838745,97.82
"musial",100,45838845,97.82
"neutrality",100,45838945,97.82
"nobility",100,45839045,97.82
"olympus",100,45839145,97.82
"overpowered",100,45839245,97.82
"overturning",100,45839345,97.82
"pate",100,45839445,97.82
"patter",100,45839545,97.82
"planking",100,45839645,97.82
"polanski",100,45839745,97.82
"popeye",100,45839845,97.82
"pout",100,45839945,97.82
"prides",100,45840045,97.82
"procter",100,45840145,97.82
"prohibitive",100,45840245,97.82
"pruitt",100,45840345,97.82
"purists",100,45840445,97.82
"putts",100,45840545,97.82
"quarantine",100,45840645,97.82
"reefs",100,45840745,97.82
"restarted",100,45840845,97.82
"revolutionaries",100,45840945,97.83
"reworked",100,45841045,97.83
"roxie",100,45841145,97.83
"scribble",100,45841245,97.83
"seville",100,45841345,97.83
"shaffer",100,45841445,97.83
"skeletal",100,45841545,97.83
"slr",100,45841645,97.83
"squeak",100,45841745,97.83
"stylistic",100,45841845,97.83
"subsidiaries",100,45841945,97.83
"suitor",100,45842045,97.83
"summaries",100,45842145,97.83
"summits",100,45842245,97.83
"synthesis",100,45842345,97.83
"tamale",100,45842445,97.83
"tasking",100,45842545,97.83
"thrice",100,45842645,97.83
"tiers",100,45842745,97.83
"toenails",100,45842845,97.83
"totem",100,45842945,97.83
"toying",100,45843045,97.83
"transports",100,45843145,97.83
"tuberculosis",100,45843245,97.83
"uncertainties",100,45843345,97.83
"uncovering",100,45843445,97.83
"unease",100,45843545,97.83
"unifying",100,45843645,97.83
"uninteresting",100,45843745,97.83
"universes",100,45843845,97.83
"unread",100,45843945,97.83
"vascular",100,45844045,97.83
"veils",100,45844145,97.83
"woodrow",100,45844245,97.83
"abatement",99,45844344,97.83
"alfonso",99,45844443,97.83
"annoyingly",99,45844542,97.83
"appellation",99,45844641,97.83
"bloomed",99,45844740,97.83
"blurring",99,45844839,97.83
"boyhood",99,45844938,97.83
"bucking",99,45845037,97.83
"bushy",99,45845136,97.83
"cameos",99,45845235,97.83
"cartons",99,45845334,97.83
"chariot",99,45845433,97.83
"checker",99,45845532,97.83
"chickpea",99,45845631,97.84
"chump",99,45845730,97.84
"clementine",99,45845829,97.84
"confectioners",99,45845928,97.84
"coos",99,45846027,97.84
"detest",99,45846126,97.84
"deviation",99,45846225,97.84
"diaspora",99,45846324,97.84
"disinterested",99,45846423,97.84
"dorky",99,45846522,97.84
"fairer",99,45846621,97.84
"faraway",99,45846720,97.84
"flatly",99,45846819,97.84
"foamy",99,45846918,97.84
"footnotes",99,45847017,97.84
"funneled",99,45847116,97.84
"handiwork",99,45847215,97.84
"hangouts",99,45847314,97.84
"harlequin",99,45847413,97.84
"hectares",99,45847512,97.84
"hiccup",99,45847611,97.84
"jayne",99,45847710,97.84
"keyed",99,45847809,97.84
"kinetic",99,45847908,97.84
"kinship",99,45848007,97.84
"langley",99,45848106,97.84
"lombard",99,45848205,97.84
"luminaries",99,45848304,97.84
"mammal",99,45848403,97.84
"medicated",99,45848502,97.84
"munchkin",99,45848601,97.84
"mutt",99,45848700,97.84
"nikkei",99,45848799,97.84
"nobles",99,45848898,97.84
"nosy",99,45848997,97.84
"omelets",99,45849096,97.84
"orb",99,45849195,97.84
"pearly",99,45849294,97.84
"plenary",99,45849393,97.84
"prophecies",99,45849492,97.84
"pyongyang",99,45849591,97.84
"redefining",99,45849690,97.84
"saab",99,45849789,97.84
"sandbox",99,45849888,97.84
"sasquatch",99,45849987,97.84
"scour",99,45850086,97.84
"semantics",99,45850185,97.84
"sensuality",99,45850284,97.85
"sergei",99,45850383,97.85
"simulate",99,45850482,97.85
"sloping",99,45850581,97.85
"slum",99,45850680,97.85
"soloists",99,45850779,97.85
"stiles",99,45850878,97.85
"subtract",99,45850977,97.85
"symmetry",99,45851076,97.85
"syrupy",99,45851175,97.85
"takeaways",99,45851274,97.85
"terrestrial",99,45851373,97.85
"thrower",99,45851472,97.85
"thunderous",99,45851571,97.85
"trifle",99,45851670,97.85
"tyrant",99,45851769,97.85
"unafraid",99,45851868,97.85
"undisputed",99,45851967,97.85
"unites",99,45852066,97.85
"vengeful",99,45852165,97.85
"volley",99,45852264,97.85
"whiskers",99,45852363,97.85
"widest",99,45852462,97.85
"yiddish",99,45852561,97.85
"adversely",98,45852659,97.85
"affirmations",98,45852757,97.85
"aggressor",98,45852855,97.85
"andrei",98,45852953,97.85
"backyards",98,45853051,97.85
"bakeries",98,45853149,97.85
"bevy",98,45853247,97.85
"booties",98,45853345,97.85
"boycotts",98,45853443,97.85
"buckwheat",98,45853541,97.85
"campos",98,45853639,97.85
"caper",98,45853737,97.85
"chromosome",98,45853835,97.85
"clashing",98,45853933,97.85
"cleo",98,45854031,97.85
"clique",98,45854129,97.85
"coffey",98,45854227,97.85
"communicator",98,45854325,97.85
"correlated",98,45854423,97.85
"defaulted",98,45854521,97.85
"democratically",98,45854619,97.85
"deport",98,45854717,97.85
"dermatologist",98,45854815,97.85
"desiree",98,45854913,97.85
"dismisses",98,45855011,97.86
"dived",98,45855109,97.86
"dogwood",98,45855207,97.86
"dollhouse",98,45855305,97.86
"driveways",98,45855403,97.86
"electrifying",98,45855501,97.86
"emblem",98,45855599,97.86
"encrusted",98,45855697,97.86
"englishman",98,45855795,97.86
"equalizer",98,45855893,97.86
"evangelism",98,45855991,97.86
"evaporate",98,45856089,97.86
"exaggerate",98,45856187,97.86
"extracting",98,45856285,97.86
"faltered",98,45856383,97.86
"fatigued",98,45856481,97.86
"figment",98,45856579,97.86
"foxy",98,45856677,97.86
"gearbox",98,45856775,97.86
"gentleness",98,45856873,97.86
"grander",98,45856971,97.86
"guillermo",98,45857069,97.86
"gulls",98,45857167,97.86
"helene",98,45857265,97.86
"idly",98,45857363,97.86
"igor",98,45857461,97.86
"increment",98,45857559,97.86
"infrared",98,45857657,97.86
"interning",98,45857755,97.86
"interrupts",98,45857853,97.86
"islamabad",98,45857951,97.86
"jogged",98,45858049,97.86
"kebabs",98,45858147,97.86
"ladle",98,45858245,97.86
"languishing",98,45858343,97.86
"lockwood",98,45858441,97.86
"lofts",98,45858539,97.86
"looted",98,45858637,97.86
"louisa",98,45858735,97.86
"lucien",98,45858833,97.86
"macabre",98,45858931,97.86
"magenta",98,45859029,97.86
"majoring",98,45859127,97.86
"marxists",98,45859225,97.86
"masculinity",98,45859323,97.86
"maxed",98,45859421,97.86
"mimicking",98,45859519,97.86
"mindfulness",98,45859617,97.87
"olympians",98,45859715,97.87
"onerous",98,45859813,97.87
"percentile",98,45859911,97.87
"privatize",98,45860009,97.87
"proms",98,45860107,97.87
"quesadilla",98,45860205,97.87
"requiem",98,45860303,97.87
"rewritten",98,45860401,97.87
"roswell",98,45860499,97.87
"solvent",98,45860597,97.87
"sparingly",98,45860695,97.87
"sprinters",98,45860793,97.87
"squashed",98,45860891,97.87
"stead",98,45860989,97.87
"stepson",98,45861087,97.87
"stretchy",98,45861185,97.87
"subtitle",98,45861283,97.87
"summarized",98,45861381,97.87
"sunburned",98,45861479,97.87
"suspenseful",98,45861577,97.87
"swarming",98,45861675,97.87
"sweethearts",98,45861773,97.87
"tort",98,45861871,97.87
"unabashed",98,45861969,97.87
"unequal",98,45862067,97.87
"unopened",98,45862165,97.87
"unscrupulous",98,45862263,97.87
"wrangler",98,45862361,97.87
"zane",98,45862459,97.87
"zeke",98,45862557,97.87
"ziggy",98,45862655,97.87
"anthropologist",97,45862752,97.87
"ascending",97,45862849,97.87
"astor",97,45862946,97.87
"athena",97,45863043,97.87
"awakens",97,45863140,97.87
"baring",97,45863237,97.87
"beehive",97,45863334,97.87
"bigoted",97,45863431,97.87
"broiled",97,45863528,97.87
"canter",97,45863625,97.87
"caseworkers",97,45863722,97.87
"cedric",97,45863819,97.87
"charting",97,45863916,97.87
"cleanly",97,45864013,97.87
"clustered",97,45864110,97.87
"confrontations",97,45864207,97.87
"connotations",97,45864304,97.88
"covet",97,45864401,97.88
"depictions",97,45864498,97.88
"discriminating",97,45864595,97.88
"dispensing",97,45864692,97.88
"dissenting",97,45864789,97.88
"doodling",97,45864886,97.88
"doth",97,45864983,97.88
"dumas",97,45865080,97.88
"emitted",97,45865177,97.88
"enthused",97,45865274,97.88
"escalation",97,45865371,97.88
"exemplifies",97,45865468,97.88
"expansions",97,45865565,97.88
"externally",97,45865662,97.88
"falter",97,45865759,97.88
"fertilize",97,45865856,97.88
"fervently",97,45865953,97.88
"gaggle",97,45866050,97.88
"galvanized",97,45866147,97.88
"grating",97,45866244,97.88
"haggard",97,45866341,97.88
"helix",97,45866438,97.88
"holster",97,45866535,97.88
"hurl",97,45866632,97.88
"indescribable",97,45866729,97.88
"indignant",97,45866826,97.88
"intents",97,45866923,97.88
"internment",97,45867020,97.88
"kilometer",97,45867117,97.88
"laboring",97,45867214,97.88
"lags",97,45867311,97.88
"libations",97,45867408,97.88
"livers",97,45867505,97.88
"loyalties",97,45867602,97.88
"markedly",97,45867699,97.88
"mashing",97,45867796,97.88
"mcfarland",97,45867893,97.88
"meagan",97,45867990,97.88
"meltdowns",97,45868087,97.88
"mistrial",97,45868184,97.88
"motorized",97,45868281,97.88
"mountaintop",97,45868378,97.88
"muslin",97,45868475,97.88
"obeying",97,45868572,97.88
"pamper",97,45868669,97.88
"paring",97,45868766,97.88
"persistently",97,45868863,97.88
"physiological",97,45868960,97.88
"practicality",97,45869057,97.89
"prawn",97,45869154,97.89
"preclude",97,45869251,97.89
"pretext",97,45869348,97.89
"pulmonary",97,45869445,97.89
"punters",97,45869542,97.89
"purest",97,45869639,97.89
"rejuvenated",97,45869736,97.89
"remover",97,45869833,97.89
"resided",97,45869930,97.89
"satchel",97,45870027,97.89
"scoot",97,45870124,97.89
"shears",97,45870221,97.89
"shivers",97,45870318,97.89
"simmered",97,45870415,97.89
"slimmer",97,45870512,97.89
"slums",97,45870609,97.89
"smudge",97,45870706,97.89
"sorcerer",97,45870803,97.89
"soviets",97,45870900,97.89
"spinners",97,45870997,97.89
"splinter",97,45871094,97.89
"sprawled",97,45871191,97.89
"stifled",97,45871288,97.89
"streamers",97,45871385,97.89
"swatches",97,45871482,97.89
"tartan",97,45871579,97.89
"tenders",97,45871676,97.89
"theses",97,45871773,97.89
"ticketing",97,45871870,97.89
"tightrope",97,45871967,97.89
"tripoli",97,45872064,97.89
"twelfth",97,45872161,97.89
"underwriting",97,45872258,97.89
"vigilance",97,45872355,97.89
"wagering",97,45872452,97.89
"wearer",97,45872549,97.89
"yarns",97,45872646,97.89
"zambia",97,45872743,97.89
"adriana",96,45872839,97.89
"alcoa",96,45872935,97.89
"allstate",96,45873031,97.89
"aloof",96,45873127,97.89
"altos",96,45873223,97.89
"appetizing",96,45873319,97.89
"auditing",96,45873415,97.89
"axle",96,45873511,97.89
"barbarian",96,45873607,97.89
"bashed",96,45873703,97.9
"beholder",96,45873799,97.9
"bette",96,45873895,97.9
"blockage",96,45873991,97.9
"bookmarked",96,45874087,97.9
"bossy",96,45874183,97.9
"breaches",96,45874279,97.9
"bureaus",96,45874375,97.9
"caterer",96,45874471,97.9
"chronicling",96,45874567,97.9
"chronology",96,45874663,97.9
"clingy",96,45874759,97.9
"comebacks",96,45874855,97.9
"compartments",96,45874951,97.9
"constitutionally",96,45875047,97.9
"corrosion",96,45875143,97.9
"cud",96,45875239,97.9
"cursive",96,45875335,97.9
"dazzled",96,45875431,97.9
"demeaning",96,45875527,97.9
"denials",96,45875623,97.9
"digitized",96,45875719,97.9
"dispenser",96,45875815,97.9
"disregarded",96,45875911,97.9
"dormitory",96,45876007,97.9
"doves",96,45876103,97.9
"elevating",96,45876199,97.9
"energizing",96,45876295,97.9
"excise",96,45876391,97.9
"expectant",96,45876487,97.9
"expedited",96,45876583,97.9
"eyeglasses",96,45876679,97.9
"fatherhood",96,45876775,97.9
"felicia",96,45876871,97.9
"filibuster",96,45876967,97.9
"finnegan",96,45877063,97.9
"flagging",96,45877159,97.9
"forbidding",96,45877255,97.9
"foxtrot",96,45877351,97.9
"fringes",96,45877447,97.9
"frustrate",96,45877543,97.9
"gargantuan",96,45877639,97.9
"genders",96,45877735,97.9
"hades",96,45877831,97.9
"handfuls",96,45877927,97.9
"helsinki",96,45878023,97.9
"highlander",96,45878119,97.9
"holographic",96,45878215,97.9
"imposes",96,45878311,97.9
"inertia",96,45878407,97.91
"jigs",96,45878503,97.91
"layla",96,45878599,97.91
"lynx",96,45878695,97.91
"membrane",96,45878791,97.91
"mentored",96,45878887,97.91
"millennial",96,45878983,97.91
"misinterpreted",96,45879079,97.91
"mongering",96,45879175,97.91
"monsignor",96,45879271,97.91
"natl",96,45879367,97.91
"neural",96,45879463,97.91
"nursed",96,45879559,97.91
"overshadow",96,45879655,97.91
"painstaking",96,45879751,97.91
"parsnips",96,45879847,97.91
"penance",96,45879943,97.91
"penetrated",96,45880039,97.91
"perfumes",96,45880135,97.91
"perplexing",96,45880231,97.91
"pithy",96,45880327,97.91
"platonic",96,45880423,97.91
"plutonium",96,45880519,97.91
"procure",96,45880615,97.91
"raindrops",96,45880711,97.91
"reassigned",96,45880807,97.91
"redefined",96,45880903,97.91
"rehabbing",96,45880999,97.91
"reprint",96,45881095,97.91
"reptile",96,45881191,97.91
"retails",96,45881287,97.91
"reverted",96,45881383,97.91
"scolding",96,45881479,97.91
"semiconductor",96,45881575,97.91
"shindig",96,45881671,97.91
"skillfully",96,45881767,97.91
"spinner",96,45881863,97.91
"spout",96,45881959,97.91
"steeplechase",96,45882055,97.91
"stimulated",96,45882151,97.91
"syntax",96,45882247,97.91
"syringe",96,45882343,97.91
"terriers",96,45882439,97.91
"theta",96,45882535,97.91
"toning",96,45882631,97.91
"triangular",96,45882727,97.91
"unequivocally",96,45882823,97.91
"unimpressed",96,45882919,97.91
"unveils",96,45883015,97.91
"ushers",96,45883111,97.92
"utilization",96,45883207,97.92
"viaduct",96,45883303,97.92
"voyager",96,45883399,97.92
"wafers",96,45883495,97.92
"wail",96,45883591,97.92
"warmers",96,45883687,97.92
"whirling",96,45883783,97.92
"whistler",96,45883879,97.92
"acquires",95,45883974,97.92
"adopts",95,45884069,97.92
"albino",95,45884164,97.92
"applauding",95,45884259,97.92
"appropriated",95,45884354,97.92
"barclay",95,45884449,97.92
"befitting",95,45884544,97.92
"blazed",95,45884639,97.92
"bodes",95,45884734,97.92
"bookkeeping",95,45884829,97.92
"bosom",95,45884924,97.92
"branching",95,45885019,97.92
"bugaboo",95,45885114,97.92
"camelot",95,45885209,97.92
"cascading",95,45885304,97.92
"caterers",95,45885399,97.92
"cherie",95,45885494,97.92
"claps",95,45885589,97.92
"clasp",95,45885684,97.92
"climber",95,45885779,97.92
"clings",95,45885874,97.92
"compensatory",95,45885969,97.92
"deluded",95,45886064,97.92
"dialogues",95,45886159,97.92
"dispensed",95,45886254,97.92
"dissuade",95,45886349,97.92
"drape",95,45886444,97.92
"dresden",95,45886539,97.92
"duplicated",95,45886634,97.92
"edibles",95,45886729,97.92
"envisioning",95,45886824,97.92
"estes",95,45886919,97.92
"explorations",95,45887014,97.92
"fiddler",95,45887109,97.92
"flattery",95,45887204,97.92
"flirted",95,45887299,97.92
"forts",95,45887394,97.92
"fumbling",95,45887489,97.92
"ginsburg",95,45887584,97.92
"glories",95,45887679,97.92
"grossing",95,45887774,97.93
"handset",95,45887869,97.93
"herds",95,45887964,97.93
"hertz",95,45888059,97.93
"hooping",95,45888154,97.93
"hovers",95,45888249,97.93
"hustlers",95,45888344,97.93
"intuitively",95,45888439,97.93
"iranians",95,45888534,97.93
"juicer",95,45888629,97.93
"landscaped",95,45888724,97.93
"laundromat",95,45888819,97.93
"levers",95,45888914,97.93
"lures",95,45889009,97.93
"lyricist",95,45889104,97.93
"madman",95,45889199,97.93
"malays",95,45889294,97.93
"manley",95,45889389,97.93
"masquerading",95,45889484,97.93
"merle",95,45889579,97.93
"moor",95,45889674,97.93
"morley",95,45889769,97.93
"negligible",95,45889864,97.93
"nightmarish",95,45889959,97.93
"objectionable",95,45890054,97.93
"oddity",95,45890149,97.93
"ordination",95,45890244,97.93
"osaka",95,45890339,97.93
"outrageously",95,45890434,97.93
"palates",95,45890529,97.93
"parry",95,45890624,97.93
"patriarchal",95,45890719,97.93
"petitioners",95,45890814,97.93
"phasing",95,45890909,97.93
"photogenic",95,45891004,97.93
"physiology",95,45891099,97.93
"pleated",95,45891194,97.93
"plumbers",95,45891289,97.93
"potency",95,45891384,97.93
"prodded",95,45891479,97.93
"quack",95,45891574,97.93
"rebuffed",95,45891669,97.93
"reclusive",95,45891764,97.93
"registrar",95,45891859,97.93
"robby",95,45891954,97.93
"rodrigo",95,45892049,97.93
"safeties",95,45892144,97.93
"salesmen",95,45892239,97.93
"sander",95,45892334,97.93
"scala",95,45892429,97.94
"senna",95,45892524,97.94
"shamed",95,45892619,97.94
"showrooms",95,45892714,97.94
"smoothed",95,45892809,97.94
"sorcery",95,45892904,97.94
"spew",95,45892999,97.94
"squished",95,45893094,97.94
"stroked",95,45893189,97.94
"substituting",95,45893284,97.94
"subways",95,45893379,97.94
"swims",95,45893474,97.94
"synthesizer",95,45893569,97.94
"terminally",95,45893664,97.94
"thelma",95,45893759,97.94
"twerk",95,45893854,97.94
"tyrants",95,45893949,97.94
"unknowns",95,45894044,97.94
"unsightly",95,45894139,97.94
"wag",95,45894234,97.94
"walrus",95,45894329,97.94
"whistled",95,45894424,97.94
"wreaths",95,45894519,97.94
"yahweh",95,45894614,97.94
"zips",95,45894709,97.94
"albion",94,45894803,97.94
"alden",94,45894897,97.94
"allergens",94,45894991,97.94
"annuity",94,45895085,97.94
"antagonist",94,45895179,97.94
"aspartame",94,45895273,97.94
"auditory",94,45895367,97.94
"aviator",94,45895461,97.94
"bannister",94,45895555,97.94
"beefy",94,45895649,97.94
"belize",94,45895743,97.94
"bibliography",94,45895837,97.94
"bonaparte",94,45895931,97.94
"booms",94,45896025,97.94
"camcorder",94,45896119,97.94
"chalked",94,45896213,97.94
"charmer",94,45896307,97.94
"chasers",94,45896401,97.94
"chimp",94,45896495,97.94
"comrade",94,45896589,97.94
"concurrently",94,45896683,97.94
"condiment",94,45896777,97.94
"departs",94,45896871,97.94
"dished",94,45896965,97.94
"distaste",94,45897059,97.94
"embarrassingly",94,45897153,97.95
"environmentalist",94,45897247,97.95
"ervin",94,45897341,97.95
"esperanza",94,45897435,97.95
"falsetto",94,45897529,97.95
"faltering",94,45897623,97.95
"fanatical",94,45897717,97.95
"fermenting",94,45897811,97.95
"fillers",94,45897905,97.95
"fleshed",94,45897999,97.95
"foreshadowing",94,45898093,97.95
"gaiman",94,45898187,97.95
"github",94,45898281,97.95
"graze",94,45898375,97.95
"gruff",94,45898469,97.95
"gutters",94,45898563,97.95
"hasten",94,45898657,97.95
"hatchet",94,45898751,97.95
"hiram",94,45898845,97.95
"holley",94,45898939,97.95
"impatiently",94,45899033,97.95
"implements",94,45899127,97.95
"inconsequential",94,45899221,97.95
"initiating",94,45899315,97.95
"inns",94,45899409,97.95
"intermittently",94,45899503,97.95
"introspection",94,45899597,97.95
"jittery",94,45899691,97.95
"johanna",94,45899785,97.95
"kandahar",94,45899879,97.95
"kindest",94,45899973,97.95
"leanne",94,45900067,97.95
"leviticus",94,45900161,97.95
"lieutenants",94,45900255,97.95
"liquors",94,45900349,97.95
"liters",94,45900443,97.95
"lopes",94,45900537,97.95
"luce",94,45900631,97.95
"mares",94,45900725,97.95
"melancholia",94,45900819,97.95
"ministerial",94,45900913,97.95
"miscommunication",94,45901007,97.95
"mountainside",94,45901101,97.95
"muddle",94,45901195,97.95
"muggy",94,45901289,97.95
"multitudes",94,45901383,97.95
"navel",94,45901477,97.95
"outweighs",94,45901571,97.95
"overtones",94,45901665,97.95
"oxide",94,45901759,97.95
"palisade",94,45901853,97.96
"pare",94,45901947,97.96
"partition",94,45902041,97.96
"plummeting",94,45902135,97.96
"poppies",94,45902229,97.96
"protruding",94,45902323,97.96
"racy",94,45902417,97.96
"rda",94,45902511,97.96
"realest",94,45902605,97.96
"reconnecting",94,45902699,97.96
"reeve",94,45902793,97.96
"remakes",94,45902887,97.96
"remington",94,45902981,97.96
"renditions",94,45903075,97.96
"reputed",94,45903169,97.96
"revlon",94,45903263,97.96
"revolved",94,45903357,97.96
"sailboat",94,45903451,97.96
"siberia",94,45903545,97.96
"snicker",94,45903639,97.96
"solemnly",94,45903733,97.96
"spits",94,45903827,97.96
"springing",94,45903921,97.96
"stanza",94,45904015,97.96
"statehood",94,45904109,97.96
"strapless",94,45904203,97.96
"streaking",94,45904297,97.96
"surges",94,45904391,97.96
"tapioca",94,45904485,97.96
"tardy",94,45904579,97.96
"tartness",94,45904673,97.96
"tiled",94,45904767,97.96
"tracts",94,45904861,97.96
"trespass",94,45904955,97.96
"trimmings",94,45905049,97.96
"upswing",94,45905143,97.96
"viacom",94,45905237,97.96
"virtuoso",94,45905331,97.96
"vulture",94,45905425,97.96
"wanderlust",94,45905519,97.96
"advantageous",93,45905612,97.96
"affront",93,45905705,97.96
"airspace",93,45905798,97.96
"alters",93,45905891,97.96
"amps",93,45905984,97.96
"arisen",93,45906077,97.96
"bagging",93,45906170,97.96
"bigot",93,45906263,97.96
"bigots",93,45906356,97.96
"biographer",93,45906449,97.96
"blunders",93,45906542,97.97
"bonita",93,45906635,97.97
"burg",93,45906728,97.97
"burnout",93,45906821,97.97
"butters",93,45906914,97.97
"carnal",93,45907007,97.97
"cedars",93,45907100,97.97
"cellist",93,45907193,97.97
"centenary",93,45907286,97.97
"checkup",93,45907379,97.97
"chum",93,45907472,97.97
"churned",93,45907565,97.97
"colette",93,45907658,97.97
"colgate",93,45907751,97.97
"commodore",93,45907844,97.97
"competitively",93,45907937,97.97
"conceited",93,45908030,97.97
"cpi",93,45908123,97.97
"crabby",93,45908216,97.97
"crowdfunding",93,45908309,97.97
"culled",93,45908402,97.97
"cults",93,45908495,97.97
"curtailed",93,45908588,97.97
"declarations",93,45908681,97.97
"denizens",93,45908774,97.97
"depriving",93,45908867,97.97
"dicey",93,45908960,97.97
"dictating",93,45909053,97.97
"diminishes",93,45909146,97.97
"duality",93,45909239,97.97
"elicited",93,45909332,97.97
"enoch",93,45909425,97.97
"equator",93,45909518,97.97
"eroding",93,45909611,97.97
"evict",93,45909704,97.97
"falsified",93,45909797,97.97
"feasting",93,45909890,97.97
"fixated",93,45909983,97.97
"golds",93,45910076,97.97
"governs",93,45910169,97.97
"grandstand",93,45910262,97.97
"gushed",93,45910355,97.97
"hatching",93,45910448,97.97
"herding",93,45910541,97.97
"holman",93,45910634,97.97
"huckleberry",93,45910727,97.97
"huntsville",93,45910820,97.97
"immersive",93,45910913,97.97
"inadvertent",93,45911006,97.97
"inched",93,45911099,97.97
"incomparable",93,45911192,97.98
"ingested",93,45911285,97.98
"injustices",93,45911378,97.98
"inordinate",93,45911471,97.98
"instructive",93,45911564,97.98
"julep",93,45911657,97.98
"kickback",93,45911750,97.98
"kiwanis",93,45911843,97.98
"lacquer",93,45911936,97.98
"lashing",93,45912029,97.98
"livonia",93,45912122,97.98
"loopy",93,45912215,97.98
"lurks",93,45912308,97.98
"mabel",93,45912401,97.98
"maddox",93,45912494,97.98
"masonry",93,45912587,97.98
"medics",93,45912680,97.98
"minuscule",93,45912773,97.98
"nibbling",93,45912866,97.98
"oaxaca",93,45912959,97.98
"ombudsman",93,45913052,97.98
"operatic",93,45913145,97.98
"ophelia",93,45913238,97.98
"orgasms",93,45913331,97.98
"ozarks",93,45913424,97.98
"palmetto",93,45913517,97.98
"panhandle",93,45913610,97.98
"panorama",93,45913703,97.98
"polluting",93,45913796,97.98
"postpartum",93,45913889,97.98
"postwar",93,45913982,97.98
"pummeled",93,45914075,97.98
"purged",93,45914168,97.98
"rages",93,45914261,97.98
"rammed",93,45914354,97.98
"rapists",93,45914447,97.98
"rarest",93,45914540,97.98
"raspy",93,45914633,97.98
"redford",93,45914726,97.98
"refundable",93,45914819,97.98
"reorganize",93,45914912,97.98
"restructured",93,45915005,97.98
"rovers",93,45915098,97.98
"secession",93,45915191,97.98
"sexton",93,45915284,97.98
"shackles",93,45915377,97.98
"shambles",93,45915470,97.98
"shush",93,45915563,97.98
"sleeveless",93,45915656,97.98
"subset",93,45915749,97.98
"supplemented",93,45915842,97.99
"tickling",93,45915935,97.99
"tremble",93,45916028,97.99
"unraveled",93,45916121,97.99
"uplift",93,45916214,97.99
"utilizes",93,45916307,97.99
"vandalized",93,45916400,97.99
"var",93,45916493,97.99
"waller",93,45916586,97.99
"watchmen",93,45916679,97.99
"windmills",93,45916772,97.99
"yams",93,45916865,97.99
"abort",92,45916957,97.99
"adv",92,45917049,97.99
"aficionado",92,45917141,97.99
"allegory",92,45917233,97.99
"anchorman",92,45917325,97.99
"angling",92,45917417,97.99
"angola",92,45917509,97.99
"anorexia",92,45917601,97.99
"banded",92,45917693,97.99
"barrie",92,45917785,97.99
"beeping",92,45917877,97.99
"befriend",92,45917969,97.99
"benefactor",92,45918061,97.99
"bismarck",92,45918153,97.99
"bleep",92,45918245,97.99
"bloomsbury",92,45918337,97.99
"boned",92,45918429,97.99
"bookish",92,45918521,97.99
"bridging",92,45918613,97.99
"capitalization",92,45918705,97.99
"citizenry",92,45918797,97.99
"coconuts",92,45918889,97.99
"confer",92,45918981,97.99
"contented",92,45919073,97.99
"corduroy",92,45919165,97.99
"covey",92,45919257,97.99
"cyclone",92,45919349,97.99
"delinquency",92,45919441,97.99
"deviled",92,45919533,97.99
"discounting",92,45919625,97.99
"distillers",92,45919717,97.99
"dropouts",92,45919809,97.99
"drunkenness",92,45919901,97.99
"duds",92,45919993,97.99
"eaves",92,45920085,97.99
"echelon",92,45920177,97.99
"ejection",92,45920269,97.99
"empathize",92,45920361,97.99
"epilogue",92,45920453,97.99
"erred",92,45920545,98
"expended",92,45920637,98
"fractions",92,45920729,98
"fretting",92,45920821,98
"frisco",92,45920913,98
"fritters",92,45921005,98
"gentrification",92,45921097,98
"gestation",92,45921189,98
"gilliam",92,45921281,98
"glaciers",92,45921373,98
"gouda",92,45921465,98
"greenpeace",92,45921557,98
"groupie",92,45921649,98
"halter",92,45921741,98
"harbinger",92,45921833,98
"heiress",92,45921925,98
"horned",92,45922017,98
"huxley",92,45922109,98
"inconsiderate",92,45922201,98
"indoctrination",92,45922293,98
"inductees",92,45922385,98
"inscription",92,45922477,98
"iota",92,45922569,98
"jerked",92,45922661,98
"kebab",92,45922753,98
"kissinger",92,45922845,98
"knits",92,45922937,98
"lamont",92,45923029,98
"lenten",92,45923121,98
"loyalists",92,45923213,98
"mains",92,45923305,98
"mccray",92,45923397,98
"merino",92,45923489,98
"miniatures",92,45923581,98
"mitts",92,45923673,98
"modernize",92,45923765,98
"motherfuckers",92,45923857,98
"murmur",92,45923949,98
"narrows",92,45924041,98
"negotiable",92,45924133,98
"odin",92,45924225,98
"oneness",92,45924317,98
"overdo",92,45924409,98
"overheated",92,45924501,98
"pews",92,45924593,98
"polygamy",92,45924685,98
"quotas",92,45924777,98
"raf",92,45924869,98
"reassess",92,45924961,98
"recessions",92,45925053,98
"resolute",92,45925145,98
"ridges",92,45925237,98.01
"rubicon",92,45925329,98.01
"sade",92,45925421,98.01
"scorned",92,45925513,98.01
"sentimentality",92,45925605,98.01
"sequencing",92,45925697,98.01
"shrill",92,45925789,98.01
"snider",92,45925881,98.01
"soiled",92,45925973,98.01
"spheres",92,45926065,98.01
"spooked",92,45926157,98.01
"stockholders",92,45926249,98.01
"succulents",92,45926341,98.01
"tabasco",92,45926433,98.01
"tangent",92,45926525,98.01
"thinned",92,45926617,98.01
"tractors",92,45926709,98.01
"turnip",92,45926801,98.01
"twigs",92,45926893,98.01
"twinkies",92,45926985,98.01
"uncompromising",92,45927077,98.01
"uprisings",92,45927169,98.01
"varnish",92,45927261,98.01
"visualizing",92,45927353,98.01
"watercress",92,45927445,98.01
"wilhelm",92,45927537,98.01
"worshiping",92,45927629,98.01
"abrasive",91,45927720,98.01
"airmen",91,45927811,98.01
"allegheny",91,45927902,98.01
"appoints",91,45927993,98.01
"aptitude",91,45928084,98.01
"awol",91,45928175,98.01
"balled",91,45928266,98.01
"bilbao",91,45928357,98.01
"boswell",91,45928448,98.01
"braved",91,45928539,98.01
"broadened",91,45928630,98.01
"broil",91,45928721,98.01
"butchers",91,45928812,98.01
"bypassed",91,45928903,98.01
"canteen",91,45928994,98.01
"carvings",91,45929085,98.01
"centrally",91,45929176,98.01
"chaps",91,45929267,98.01
"climbers",91,45929358,98.01
"coda",91,45929449,98.01
"converged",91,45929540,98.01
"conversing",91,45929631,98.01
"creepers",91,45929722,98.01
"denouncing",91,45929813,98.01
"deprecating",91,45929904,98.02
"discord",91,45929995,98.02
"dishing",91,45930086,98.02
"dodson",91,45930177,98.02
"dorian",91,45930268,98.02
"duplication",91,45930359,98.02
"dwellings",91,45930450,98.02
"eagerness",91,45930541,98.02
"electronica",91,45930632,98.02
"extinguish",91,45930723,98.02
"fetuses",91,45930814,98.02
"fittingly",91,45930905,98.02
"frankel",91,45930996,98.02
"gaelic",91,45931087,98.02
"gambit",91,45931178,98.02
"gila",91,45931269,98.02
"glade",91,45931360,98.02
"harshest",91,45931451,98.02
"hideaway",91,45931542,98.02
"hume",91,45931633,98.02
"impressionable",91,45931724,98.02
"incensed",91,45931815,98.02
"incite",91,45931906,98.02
"inevitability",91,45931997,98.02
"intestine",91,45932088,98.02
"khakis",91,45932179,98.02
"kilos",91,45932270,98.02
"lila",91,45932361,98.02
"livelihoods",91,45932452,98.02
"malaise",91,45932543,98.02
"maneuvers",91,45932634,98.02
"martina",91,45932725,98.02
"megapixel",91,45932816,98.02
"millage",91,45932907,98.02
"monochromatic",91,45932998,98.02
"moseley",91,45933089,98.02
"motorcade",91,45933180,98.02
"munitions",91,45933271,98.02
"musty",91,45933362,98.02
"mythic",91,45933453,98.02
"mythological",91,45933544,98.02
"nascent",91,45933635,98.02
"netbook",91,45933726,98.02
"nettles",91,45933817,98.02
"neurons",91,45933908,98.02
"offshoot",91,45933999,98.02
"organist",91,45934090,98.02
"outposts",91,45934181,98.02
"palaces",91,45934272,98.02
"pales",91,45934363,98.02
"pancreas",91,45934454,98.02
"parfait",91,45934545,98.02
"ramadan",91,45934636,98.03
"reconstructed",91,45934727,98.03
"rehabilitate",91,45934818,98.03
"rembrandt",91,45934909,98.03
"retreating",91,45935000,98.03
"revelers",91,45935091,98.03
"roderick",91,45935182,98.03
"scammers",91,45935273,98.03
"screenshots",91,45935364,98.03
"seeping",91,45935455,98.03
"shovels",91,45935546,98.03
"smoothing",91,45935637,98.03
"snore",91,45935728,98.03
"snorkel",91,45935819,98.03
"specification",91,45935910,98.03
"sprig",91,45936001,98.03
"stencils",91,45936092,98.03
"stoves",91,45936183,98.03
"submarines",91,45936274,98.03
"swivel",91,45936365,98.03
"teared",91,45936456,98.03
"telephones",91,45936547,98.03
"testimonies",91,45936638,98.03
"toner",91,45936729,98.03
"torpedo",91,45936820,98.03
"triplets",91,45936911,98.03
"trope",91,45937002,98.03
"tuba",91,45937093,98.03
"typhoon",91,45937184,98.03
"unfavorable",91,45937275,98.03
"ussr",91,45937366,98.03
"verdicts",91,45937457,98.03
"wane",91,45937548,98.03
"watercolors",91,45937639,98.03
"weighty",91,45937730,98.03
"westerns",91,45937821,98.03
"westward",91,45937912,98.03
"agitation",90,45938002,98.03
"ahmadinejad",90,45938092,98.03
"alight",90,45938182,98.03
"amour",90,45938272,98.03
"amway",90,45938362,98.03
"appraised",90,45938452,98.03
"babbling",90,45938542,98.03
"bankroll",90,45938632,98.03
"barbour",90,45938722,98.03
"barbra",90,45938812,98.03
"basel",90,45938902,98.03
"birthed",90,45938992,98.03
"boomerang",90,45939082,98.03
"braving",90,45939172,98.03
"brice",90,45939262,98.03
"brig",90,45939352,98.04
"buttoned",90,45939442,98.04
"byers",90,45939532,98.04
"calmness",90,45939622,98.04
"campgrounds",90,45939712,98.04
"carted",90,45939802,98.04
"catwalk",90,45939892,98.04
"causal",90,45939982,98.04
"charade",90,45940072,98.04
"circumference",90,45940162,98.04
"clemency",90,45940252,98.04
"clipboard",90,45940342,98.04
"coincidental",90,45940432,98.04
"colonoscopy",90,45940522,98.04
"combed",90,45940612,98.04
"conveyor",90,45940702,98.04
"countrymen",90,45940792,98.04
"crummy",90,45940882,98.04
"curving",90,45940972,98.04
"cuttings",90,45941062,98.04
"derision",90,45941152,98.04
"desiring",90,45941242,98.04
"diabolical",90,45941332,98.04
"diagonally",90,45941422,98.04
"displacement",90,45941512,98.04
"domingo",90,45941602,98.04
"drowsy",90,45941692,98.04
"dune",90,45941782,98.04
"edmond",90,45941872,98.04
"eighteenth",90,45941962,98.04
"elation",90,45942052,98.04
"emoji",90,45942142,98.04
"evansville",90,45942232,98.04
"faring",90,45942322,98.04
"firmer",90,45942412,98.04
"galloping",90,45942502,98.04
"garnering",90,45942592,98.04
"graduations",90,45942682,98.04
"harlow",90,45942772,98.04
"impersonation",90,45942862,98.04
"individualized",90,45942952,98.04
"interfered",90,45943042,98.04
"intricately",90,45943132,98.04
"ismail",90,45943222,98.04
"ithaca",90,45943312,98.04
"jacking",90,45943402,98.04
"jansen",90,45943492,98.04
"jut",90,45943582,98.04
"kilograms",90,45943672,98.04
"lenient",90,45943762,98.04
"limeade",90,45943852,98.04
"lotions",90,45943942,98.04
"lout",90,45944032,98.05
"lunacy",90,45944122,98.05
"markup",90,45944212,98.05
"marlboro",90,45944302,98.05
"masterfully",90,45944392,98.05
"mayfair",90,45944482,98.05
"mercenary",90,45944572,98.05
"minty",90,45944662,98.05
"mothering",90,45944752,98.05
"nairobi",90,45944842,98.05
"newness",90,45944932,98.05
"opium",90,45945022,98.05
"paddock",90,45945112,98.05
"palliative",90,45945202,98.05
"pamphlets",90,45945292,98.05
"passable",90,45945382,98.05
"pct",90,45945472,98.05
"perpetuating",90,45945562,98.05
"plazas",90,45945652,98.05
"precedes",90,45945742,98.05
"probate",90,45945832,98.05
"punjab",90,45945922,98.05
"purchasers",90,45946012,98.05
"putter",90,45946102,98.05
"rancid",90,45946192,98.05
"raquel",90,45946282,98.05
"recaps",90,45946372,98.05
"reeds",90,45946462,98.05
"regrettably",90,45946552,98.05
"reigned",90,45946642,98.05
"relegation",90,45946732,98.05
"restorative",90,45946822,98.05
"savages",90,45946912,98.05
"scoff",90,45947002,98.05
"shoemaker",90,45947092,98.05
"shyness",90,45947182,98.05
"silo",90,45947272,98.05
"siva",90,45947362,98.05
"sledding",90,45947452,98.05
"smooch",90,45947542,98.05
"sordid",90,45947632,98.05
"soundtracks",90,45947722,98.05
"spiky",90,45947812,98.05
"stereotyping",90,45947902,98.05
"strode",90,45947992,98.05
"superhuman",90,45948082,98.05
"tidying",90,45948172,98.05
"tiredness",90,45948262,98.05
"unlawfully",90,45948352,98.05
"uppers",90,45948442,98.05
"vicente",90,45948532,98.05
"wac",90,45948622,98.05
"whey",90,45948712,98.06
"whittled",90,45948802,98.06
"wrongfully",90,45948892,98.06
"acronyms",89,45948981,98.06
"adieu",89,45949070,98.06
"advancements",89,45949159,98.06
"aplenty",89,45949248,98.06
"avis",89,45949337,98.06
"banal",89,45949426,98.06
"belinda",89,45949515,98.06
"bobble",89,45949604,98.06
"camus",89,45949693,98.06
"caress",89,45949782,98.06
"centering",89,45949871,98.06
"cobblestone",89,45949960,98.06
"coexist",89,45950049,98.06
"coils",89,45950138,98.06
"columnists",89,45950227,98.06
"conjured",89,45950316,98.06
"consultancy",89,45950405,98.06
"deadlocked",89,45950494,98.06
"deviate",89,45950583,98.06
"diplomas",89,45950672,98.06
"discrete",89,45950761,98.06
"disheartened",89,45950850,98.06
"dissonance",89,45950939,98.06
"doings",89,45951028,98.06
"doorways",89,45951117,98.06
"dragonfly",89,45951206,98.06
"dryness",89,45951295,98.06
"expos",89,45951384,98.06
"feasts",89,45951473,98.06
"ferret",89,45951562,98.06
"financier",89,45951651,98.06
"fizzled",89,45951740,98.06
"formulation",89,45951829,98.06
"fraudulently",89,45951918,98.06
"gingerly",89,45952007,98.06
"goons",89,45952096,98.06
"grazed",89,45952185,98.06
"gretzky",89,45952274,98.06
"harbors",89,45952363,98.06
"harried",89,45952452,98.06
"hatter",89,45952541,98.06
"headless",89,45952630,98.06
"henley",89,45952719,98.06
"hoarse",89,45952808,98.06
"honeycomb",89,45952897,98.06
"insofar",89,45952986,98.06
"jiffy",89,45953075,98.06
"lacing",89,45953164,98.06
"majored",89,45953253,98.06
"mcleod",89,45953342,98.07
"misunderstand",89,45953431,98.07
"moans",89,45953520,98.07
"mourned",89,45953609,98.07
"multiplying",89,45953698,98.07
"natalia",89,45953787,98.07
"naught",89,45953876,98.07
"newfoundland",89,45953965,98.07
"nikita",89,45954054,98.07
"obstructed",89,45954143,98.07
"opec",89,45954232,98.07
"organics",89,45954321,98.07
"osteoporosis",89,45954410,98.07
"pathologist",89,45954499,98.07
"pertain",89,45954588,98.07
"pesos",89,45954677,98.07
"petitioned",89,45954766,98.07
"polynesian",89,45954855,98.07
"pooled",89,45954944,98.07
"proudest",89,45955033,98.07
"purification",89,45955122,98.07
"rapunzel",89,45955211,98.07
"rarer",89,45955300,98.07
"redrawn",89,45955389,98.07
"relished",89,45955478,98.07
"reloaded",89,45955567,98.07
"reptiles",89,45955656,98.07
"resurfaced",89,45955745,98.07
"retaliate",89,45955834,98.07
"riled",89,45955923,98.07
"rotations",89,45956012,98.07
"rudimentary",89,45956101,98.07
"salespeople",89,45956190,98.07
"schiller",89,45956279,98.07
"schoolhouse",89,45956368,98.07
"sculpt",89,45956457,98.07
"seltzer",89,45956546,98.07
"senatorial",89,45956635,98.07
"shimmy",89,45956724,98.07
"shipwreck",89,45956813,98.07
"shrieking",89,45956902,98.07
"sparsely",89,45956991,98.07
"spawning",89,45957080,98.07
"subdue",89,45957169,98.07
"subside",89,45957258,98.07
"taming",89,45957347,98.07
"tasters",89,45957436,98.07
"telegram",89,45957525,98.07
"tentacles",89,45957614,98.07
"tingle",89,45957703,98.07
"titular",89,45957792,98.07
"togetherness",89,45957881,98.07
"toothless",89,45957970,98.07
"toulouse",89,45958059,98.08
"trainee",89,45958148,98.08
"transcription",89,45958237,98.08
"translators",89,45958326,98.08
"tugged",89,45958415,98.08
"uncharacteristically",89,45958504,98.08
"underprivileged",89,45958593,98.08
"utilitarian",89,45958682,98.08
"versailles",89,45958771,98.08
"vintages",89,45958860,98.08
"vowels",89,45958949,98.08
"vulcan",89,45959038,98.08
"wean",89,45959127,98.08
"widower",89,45959216,98.08
"winks",89,45959305,98.08
"withered",89,45959394,98.08
"zeta",89,45959483,98.08
"zipping",89,45959572,98.08
"aaliyah",88,45959660,98.08
"abounds",88,45959748,98.08
"afoul",88,45959836,98.08
"alchemist",88,45959924,98.08
"amiable",88,45960012,98.08
"amok",88,45960100,98.08
"anthrax",88,45960188,98.08
"antidepressants",88,45960276,98.08
"apostolic",88,45960364,98.08
"apprenticeship",88,45960452,98.08
"apropos",88,45960540,98.08
"archipelago",88,45960628,98.08
"assimilation",88,45960716,98.08
"audited",88,45960804,98.08
"augustus",88,45960892,98.08
"backfire",88,45960980,98.08
"backfired",88,45961068,98.08
"barter",88,45961156,98.08
"beholden",88,45961244,98.08
"bela",88,45961332,98.08
"broadest",88,45961420,98.08
"chairperson",88,45961508,98.08
"chasm",88,45961596,98.08
"chesterton",88,45961684,98.08
"clinically",88,45961772,98.08
"cockroach",88,45961860,98.08
"cohorts",88,45961948,98.08
"conceding",88,45962036,98.08
"concoctions",88,45962124,98.08
"conditioners",88,45962212,98.08
"conductors",88,45962300,98.08
"contaminants",88,45962388,98.08
"contours",88,45962476,98.08
"cowardice",88,45962564,98.08
"cursory",88,45962652,98.08
"decadence",88,45962740,98.09
"deliberating",88,45962828,98.09
"derided",88,45962916,98.09
"digitization",88,45963004,98.09
"disagreeing",88,45963092,98.09
"discernible",88,45963180,98.09
"disrepair",88,45963268,98.09
"fattening",88,45963356,98.09
"fife",88,45963444,98.09
"flurries",88,45963532,98.09
"fulfills",88,45963620,98.09
"gentler",88,45963708,98.09
"geraldine",88,45963796,98.09
"grandsons",88,45963884,98.09
"grouchy",88,45963972,98.09
"guava",88,45964060,98.09
"hefner",88,45964148,98.09
"helms",88,45964236,98.09
"hideout",88,45964324,98.09
"hiker",88,45964412,98.09
"horticulture",88,45964500,98.09
"implicitly",88,45964588,98.09
"inanimate",88,45964676,98.09
"inconclusive",88,45964764,98.09
"infomercial",88,45964852,98.09
"infuriated",88,45964940,98.09
"inking",88,45965028,98.09
"innocents",88,45965116,98.09
"insomniac",88,45965204,98.09
"johannes",88,45965292,98.09
"kipling",88,45965380,98.09
"knitter",88,45965468,98.09
"knopf",88,45965556,98.09
"lectured",88,45965644,98.09
"leery",88,45965732,98.09
"liza",88,45965820,98.09
"lorna",88,45965908,98.09
"mailboxes",88,45965996,98.09
"materialistic",88,45966084,98.09
"meier",88,45966172,98.09
"migratory",88,45966260,98.09
"misrepresented",88,45966348,98.09
"mullins",88,45966436,98.09
"neutrals",88,45966524,98.09
"nickels",88,45966612,98.09
"nouns",88,45966700,98.09
"numbness",88,45966788,98.09
"ooze",88,45966876,98.09
"overhauling",88,45966964,98.09
"planetarium",88,45967052,98.09
"portrayals",88,45967140,98.09
"preferential",88,45967228,98.09
"preside",88,45967316,98.09
"publicize",88,45967404,98.1
"puget",88,45967492,98.1
"reeled",88,45967580,98.1
"resurfacing",88,45967668,98.1
"retrofit",88,45967756,98.1
"roars",88,45967844,98.1
"salinger",88,45967932,98.1
"savoy",88,45968020,98.1
"seminoles",88,45968108,98.1
"showy",88,45968196,98.1
"sikh",88,45968284,98.1
"slathered",88,45968372,98.1
"slits",88,45968460,98.1
"smallish",88,45968548,98.1
"sosa",88,45968636,98.1
"spouting",88,45968724,98.1
"stephan",88,45968812,98.1
"straightening",88,45968900,98.1
"strata",88,45968988,98.1
"tablecloths",88,45969076,98.1
"tactile",88,45969164,98.1
"tania",88,45969252,98.1
"tellers",88,45969340,98.1
"terrorized",88,45969428,98.1
"thins",88,45969516,98.1
"tolling",88,45969604,98.1
"toto",88,45969692,98.1
"transitioned",88,45969780,98.1
"tunisian",88,45969868,98.1
"twirl",88,45969956,98.1
"twits",88,45970044,98.1
"typewriters",88,45970132,98.1
"undercurrent",88,45970220,98.1
"uninterested",88,45970308,98.1
"whooped",88,45970396,98.1
"wimp",88,45970484,98.1
"woeful",88,45970572,98.1
"wringing",88,45970660,98.1
"wto",88,45970748,98.1
"xs",88,45970836,98.1
"zulu",88,45970924,98.1
"affirms",87,45971011,98.1
"aguilar",87,45971098,98.1
"allegro",87,45971185,98.1
"alligators",87,45971272,98.1
"animator",87,45971359,98.1
"annabelle",87,45971446,98.1
"antithesis",87,45971533,98.1
"appraisals",87,45971620,98.1
"artie",87,45971707,98.1
"assimilate",87,45971794,98.1
"axes",87,45971881,98.1
"bandages",87,45971968,98.1
"barons",87,45972055,98.1
"bernardo",87,45972142,98.11
"bested",87,45972229,98.11
"bile",87,45972316,98.11
"buss",87,45972403,98.11
"campaigner",87,45972490,98.11
"capone",87,45972577,98.11
"cardiology",87,45972664,98.11
"chartreuse",87,45972751,98.11
"chekhov",87,45972838,98.11
"chirp",87,45972925,98.11
"christchurch",87,45973012,98.11
"chucks",87,45973099,98.11
"clearest",87,45973186,98.11
"commissioning",87,45973273,98.11
"conceivably",87,45973360,98.11
"confided",87,45973447,98.11
"constance",87,45973534,98.11
"contour",87,45973621,98.11
"creaminess",87,45973708,98.11
"crud",87,45973795,98.11
"dahlia",87,45973882,98.11
"decisively",87,45973969,98.11
"degrade",87,45974056,98.11
"discreetly",87,45974143,98.11
"downsize",87,45974230,98.11
"downsized",87,45974317,98.11
"electrified",87,45974404,98.11
"enchilada",87,45974491,98.11
"firewall",87,45974578,98.11
"firewood",87,45974665,98.11
"firework",87,45974752,98.11
"flaunt",87,45974839,98.11
"franciscan",87,45974926,98.11
"freshen",87,45975013,98.11
"galilee",87,45975100,98.11
"gastric",87,45975187,98.11
"godsend",87,45975274,98.11
"gourd",87,45975361,98.11
"groans",87,45975448,98.11
"gymnast",87,45975535,98.11
"hasbro",87,45975622,98.11
"heathen",87,45975709,98.11
"heavyweights",87,45975796,98.11
"impressionist",87,45975883,98.11
"incarnations",87,45975970,98.11
"inhalation",87,45976057,98.11
"inroads",87,45976144,98.11
"knitters",87,45976231,98.11
"leanings",87,45976318,98.11
"lewd",87,45976405,98.11
"ligaments",87,45976492,98.11
"lilacs",87,45976579,98.11
"lunges",87,45976666,98.11
"lynette",87,45976753,98.11
"madeira",87,45976840,98.12
"mainline",87,45976927,98.12
"malevolent",87,45977014,98.12
"methadone",87,45977101,98.12
"mime",87,45977188,98.12
"monogram",87,45977275,98.12
"mulled",87,45977362,98.12
"originating",87,45977449,98.12
"overhauled",87,45977536,98.12
"pariah",87,45977623,98.12
"pelican",87,45977710,98.12
"penal",87,45977797,98.12
"pkg",87,45977884,98.12
"plantations",87,45977971,98.12
"potts",87,45978058,98.12
"pox",87,45978145,98.12
"purr",87,45978232,98.12
"querying",87,45978319,98.12
"queues",87,45978406,98.12
"rainier",87,45978493,98.12
"ravenous",87,45978580,98.12
"reload",87,45978667,98.12
"reorganized",87,45978754,98.12
"rojas",87,45978841,98.12
"romantically",87,45978928,98.12
"rudely",87,45979015,98.12
"rustling",87,45979102,98.12
"scaffolding",87,45979189,98.12
"scrapes",87,45979276,98.12
"shimmery",87,45979363,98.12
"shiraz",87,45979450,98.12
"shrines",87,45979537,98.12
"silverware",87,45979624,98.12
"smurfs",87,45979711,98.12
"snatching",87,45979798,98.12
"sonnet",87,45979885,98.12
"spiffy",87,45979972,98.12
"sputtering",87,45980059,98.12
"stilettos",87,45980146,98.12
"stratosphere",87,45980233,98.12
"subcompact",87,45980320,98.12
"subtitled",87,45980407,98.12
"sufferings",87,45980494,98.12
"tod",87,45980581,98.12
"trotter",87,45980668,98.12
"tumult",87,45980755,98.12
"ultraviolet",87,45980842,98.12
"undersized",87,45980929,98.12
"unsavory",87,45981016,98.12
"unsold",87,45981103,98.12
"uprooted",87,45981190,98.12
"valuables",87,45981277,98.12
"wasps",87,45981364,98.12
"wham",87,45981451,98.13
"abalone",86,45981537,98.13
"abreast",86,45981623,98.13
"admires",86,45981709,98.13
"allowable",86,45981795,98.13
"altruistic",86,45981881,98.13
"archangel",86,45981967,98.13
"archetype",86,45982053,98.13
"arsenic",86,45982139,98.13
"atrocity",86,45982225,98.13
"bier",86,45982311,98.13
"bleacher",86,45982397,98.13
"blouses",86,45982483,98.13
"bonner",86,45982569,98.13
"brightens",86,45982655,98.13
"brooch",86,45982741,98.13
"btu",86,45982827,98.13
"cannery",86,45982913,98.13
"chastised",86,45982999,98.13
"cheshire",86,45983085,98.13
"chews",86,45983171,98.13
"collusion",86,45983257,98.13
"colorless",86,45983343,98.13
"complicity",86,45983429,98.13
"conferred",86,45983515,98.13
"connors",86,45983601,98.13
"conspirator",86,45983687,98.13
"contradicted",86,45983773,98.13
"craven",86,45983859,98.13
"critiquing",86,45983945,98.13
"crossbar",86,45984031,98.13
"curbing",86,45984117,98.13
"debtors",86,45984203,98.13
"deformed",86,45984289,98.13
"degraded",86,45984375,98.13
"democracies",86,45984461,98.13
"discarding",86,45984547,98.13
"dissolving",86,45984633,98.13
"domes",86,45984719,98.13
"domesticated",86,45984805,98.13
"donahue",86,45984891,98.13
"droplets",86,45984977,98.13
"dunlap",86,45985063,98.13
"ernesto",86,45985149,98.13
"exporters",86,45985235,98.13
"fancied",86,45985321,98.13
"fasten",86,45985407,98.13
"federico",86,45985493,98.13
"fertilization",86,45985579,98.13
"fingered",86,45985665,98.13
"fishery",86,45985751,98.13
"flustered",86,45985837,98.13
"foaming",86,45985923,98.13
"formality",86,45986009,98.13
"fungi",86,45986095,98.13
"glacial",86,45986181,98.14
"glitzy",86,45986267,98.14
"gratefully",86,45986353,98.14
"henna",86,45986439,98.14
"highlighter",86,45986525,98.14
"houdini",86,45986611,98.14
"idling",86,45986697,98.14
"immigrated",86,45986783,98.14
"infiltrate",86,45986869,98.14
"infringe",86,45986955,98.14
"insolvency",86,45987041,98.14
"intercollegiate",86,45987127,98.14
"jabs",86,45987213,98.14
"joyner",86,45987299,98.14
"laborer",86,45987385,98.14
"lagos",86,45987471,98.14
"laminated",86,45987557,98.14
"lifesaver",86,45987643,98.14
"lillie",86,45987729,98.14
"lind",86,45987815,98.14
"mcneil",86,45987901,98.14
"micky",86,45987987,98.14
"miffed",86,45988073,98.14
"militias",86,45988159,98.14
"milled",86,45988245,98.14
"millionth",86,45988331,98.14
"minimized",86,45988417,98.14
"minnows",86,45988503,98.14
"misfit",86,45988589,98.14
"misstep",86,45988675,98.14
"monarchs",86,45988761,98.14
"mountaineers",86,45988847,98.14
"mumbled",86,45988933,98.14
"nepotism",86,45989019,98.14
"obscenity",86,45989105,98.14
"orcs",86,45989191,98.14
"overtaken",86,45989277,98.14
"panasonic",86,45989363,98.14
"parables",86,45989449,98.14
"plucking",86,45989535,98.14
"poppins",86,45989621,98.14
"postponing",86,45989707,98.14
"potions",86,45989793,98.14
"pouches",86,45989879,98.14
"pragmatism",86,45989965,98.14
"preaches",86,45990051,98.14
"prerogative",86,45990137,98.14
"provenance",86,45990223,98.14
"pulses",86,45990309,98.14
"railings",86,45990395,98.14
"rector",86,45990481,98.14
"renewals",86,45990567,98.14
"repressive",86,45990653,98.14
"repulsive",86,45990739,98.14
"resigns",86,45990825,98.15
"rewrites",86,45990911,98.15
"russel",86,45990997,98.15
"scarecrow",86,45991083,98.15
"shafts",86,45991169,98.15
"shakedown",86,45991255,98.15
"siesta",86,45991341,98.15
"silos",86,45991427,98.15
"skittish",86,45991513,98.15
"sn",86,45991599,98.15
"sojourn",86,45991685,98.15
"sparrows",86,45991771,98.15
"spritz",86,45991857,98.15
"tempers",86,45991943,98.15
"toothbrushes",86,45992029,98.15
"transgression",86,45992115,98.15
"tropics",86,45992201,98.15
"underlined",86,45992287,98.15
"undervalued",86,45992373,98.15
"unsatisfied",86,45992459,98.15
"verifying",86,45992545,98.15
"wannabes",86,45992631,98.15
"warring",86,45992717,98.15
"wince",86,45992803,98.15
"winking",86,45992889,98.15
"yugoslavia",86,45992975,98.15
"ziploc",86,45993061,98.15
"actionable",85,45993146,98.15
"adamantly",85,45993231,98.15
"anzac",85,45993316,98.15
"aquinas",85,45993401,98.15
"arrowhead",85,45993486,98.15
"aspires",85,45993571,98.15
"ats",85,45993656,98.15
"azure",85,45993741,98.15
"barbecues",85,45993826,98.15
"bertrand",85,45993911,98.15
"bushel",85,45993996,98.15
"campsites",85,45994081,98.15
"captives",85,45994166,98.15
"cartwright",85,45994251,98.15
"catalan",85,45994336,98.15
"cinder",85,45994421,98.15
"cognition",85,45994506,98.15
"contemplative",85,45994591,98.15
"cookery",85,45994676,98.15
"cot",85,45994761,98.15
"credence",85,45994846,98.15
"crypt",85,45994931,98.15
"cushy",85,45995016,98.15
"deregulation",85,45995101,98.15
"detonate",85,45995186,98.15
"devotee",85,45995271,98.15
"dietitian",85,45995356,98.15
"directorial",85,45995441,98.15
"discouragement",85,45995526,98.16
"disqualify",85,45995611,98.16
"dissipated",85,45995696,98.16
"driftwood",85,45995781,98.16
"easygoing",85,45995866,98.16
"elisha",85,45995951,98.16
"embankment",85,45996036,98.16
"emt",85,45996121,98.16
"enveloped",85,45996206,98.16
"ephemeral",85,45996291,98.16
"erwin",85,45996376,98.16
"exempted",85,45996461,98.16
"fertilizers",85,45996546,98.16
"feverish",85,45996631,98.16
"flashlights",85,45996716,98.16
"fleshy",85,45996801,98.16
"forties",85,45996886,98.16
"fussing",85,45996971,98.16
"gait",85,45997056,98.16
"gent",85,45997141,98.16
"glimpsed",85,45997226,98.16
"gorgeously",85,45997311,98.16
"grandest",85,45997396,98.16
"greenish",85,45997481,98.16
"groggy",85,45997566,98.16
"grudgingly",85,45997651,98.16
"helplessness",85,45997736,98.16
"hg",85,45997821,98.16
"incendiary",85,45997906,98.16
"inciting",85,45997991,98.16
"insular",85,45998076,98.16
"interrogated",85,45998161,98.16
"janelle",85,45998246,98.16
"jovial",85,45998331,98.16
"khmer",85,45998416,98.16
"latched",85,45998501,98.16
"lyrically",85,45998586,98.16
"machinations",85,45998671,98.16
"mercifully",85,45998756,98.16
"merciless",85,45998841,98.16
"merrier",85,45998926,98.16
"metamorphosis",85,45999011,98.16
"mobbed",85,45999096,98.16
"monotonous",85,45999181,98.16
"mormonism",85,45999266,98.16
"mugged",85,45999351,98.16
"mused",85,45999436,98.16
"musk",85,45999521,98.16
"nomad",85,45999606,98.16
"onus",85,45999691,98.16
"overcooked",85,45999776,98.16
"overeating",85,45999861,98.16
"patched",85,45999946,98.16
"pitchfork",85,46000031,98.16
"plagues",85,46000116,98.16
"playback",85,46000201,98.17
"plop",85,46000286,98.17
"potting",85,46000371,98.17
"predictive",85,46000456,98.17
"pronouncements",85,46000541,98.17
"proust",85,46000626,98.17
"puked",85,46000711,98.17
"pulaski",85,46000796,98.17
"punchy",85,46000881,98.17
"quip",85,46000966,98.17
"rabble",85,46001051,98.17
"radiator",85,46001136,98.17
"redeemer",85,46001221,98.17
"refunded",85,46001306,98.17
"relaxes",85,46001391,98.17
"retractable",85,46001476,98.17
"retrograde",85,46001561,98.17
"reuniting",85,46001646,98.17
"revolutionize",85,46001731,98.17
"reworking",85,46001816,98.17
"roaches",85,46001901,98.17
"roberson",85,46001986,98.17
"salivating",85,46002071,98.17
"sandpaper",85,46002156,98.17
"scrutinize",85,46002241,98.17
"seclusion",85,46002326,98.17
"shoo",85,46002411,98.17
"smooches",85,46002496,98.17
"sneezed",85,46002581,98.17
"solicitors",85,46002666,98.17
"spartacus",85,46002751,98.17
"squish",85,46002836,98.17
"stabilization",85,46002921,98.17
"strapping",85,46003006,98.17
"streetlights",85,46003091,98.17
"structurally",85,46003176,98.17
"subscribing",85,46003261,98.17
"succinct",85,46003346,98.17
"suppressing",85,46003431,98.17
"technicolor",85,46003516,98.17
"testimonial",85,46003601,98.17
"thankfulness",85,46003686,98.17
"trafficked",85,46003771,98.17
"trickling",85,46003856,98.17
"voluminous",85,46003941,98.17
"warranties",85,46004026,98.17
"winked",85,46004111,98.17
"wooing",85,46004196,98.17
"wring",85,46004281,98.17
"acton",84,46004365,98.17
"airbrush",84,46004449,98.17
"airfares",84,46004533,98.17
"aldo",84,46004617,98.17
"allot",84,46004701,98.17
"ambivalence",84,46004785,98.17
"anemia",84,46004869,98.17
"anthologies",84,46004953,98.18
"arming",84,46005037,98.18
"armpit",84,46005121,98.18
"aromatherapy",84,46005205,98.18
"assemblage",84,46005289,98.18
"aural",84,46005373,98.18
"autoimmune",84,46005457,98.18
"awning",84,46005541,98.18
"balloting",84,46005625,98.18
"barricade",84,46005709,98.18
"bemused",84,46005793,98.18
"boggles",84,46005877,98.18
"cacophony",84,46005961,98.18
"cognizant",84,46006045,98.18
"counseled",84,46006129,98.18
"crusades",84,46006213,98.18
"cutesy",84,46006297,98.18
"dangle",84,46006381,98.18
"debby",84,46006465,98.18
"decrepit",84,46006549,98.18
"depravity",84,46006633,98.18
"divorces",84,46006717,98.18
"doreen",84,46006801,98.18
"dribbling",84,46006885,98.18
"druid",84,46006969,98.18
"earplugs",84,46007053,98.18
"embassies",84,46007137,98.18
"emigrated",84,46007221,98.18
"eminently",84,46007305,98.18
"enticed",84,46007389,98.18
"exemplified",84,46007473,98.18
"ferries",84,46007557,98.18
"flammable",84,46007641,98.18
"frazzled",84,46007725,98.18
"galaxies",84,46007809,98.18
"gasps",84,46007893,98.18
"gris",84,46007977,98.18
"gunpowder",84,46008061,98.18
"gyro",84,46008145,98.18
"hearse",84,46008229,98.18
"hokey",84,46008313,98.18
"imperfection",84,46008397,98.18
"impossibility",84,46008481,98.18
"indexing",84,46008565,98.18
"inference",84,46008649,98.18
"intersect",84,46008733,98.18
"introverts",84,46008817,98.18
"irises",84,46008901,98.18
"josiah",84,46008985,98.18
"jumbled",84,46009069,98.18
"kubrick",84,46009153,98.18
"laminate",84,46009237,98.18
"linguistics",84,46009321,98.18
"longhorn",84,46009405,98.18
"looping",84,46009489,98.18
"lottie",84,46009573,98.19
"lumped",84,46009657,98.19
"mandating",84,46009741,98.19
"manhunt",84,46009825,98.19
"meld",84,46009909,98.19
"midpoint",84,46009993,98.19
"moistened",84,46010077,98.19
"mondale",84,46010161,98.19
"mongolia",84,46010245,98.19
"mumbling",84,46010329,98.19
"musing",84,46010413,98.19
"natty",84,46010497,98.19
"neuter",84,46010581,98.19
"overreacting",84,46010665,98.19
"pacifier",84,46010749,98.19
"pellet",84,46010833,98.19
"pied",84,46010917,98.19
"pooling",84,46011001,98.19
"poser",84,46011085,98.19
"predictability",84,46011169,98.19
"primates",84,46011253,98.19
"pursuant",84,46011337,98.19
"purveyors",84,46011421,98.19
"railed",84,46011505,98.19
"renaming",84,46011589,98.19
"resentful",84,46011673,98.19
"retract",84,46011757,98.19
"ruse",84,46011841,98.19
"sagan",84,46011925,98.19
"screenplays",84,46012009,98.19
"screenwriters",84,46012093,98.19
"selectively",84,46012177,98.19
"shavings",84,46012261,98.19
"siberian",84,46012345,98.19
"sicker",84,46012429,98.19
"skylight",84,46012513,98.19
"skyward",84,46012597,98.19
"smurf",84,46012681,98.19
"solicitation",84,46012765,98.19
"spiking",84,46012849,98.19
"spines",84,46012933,98.19
"spurring",84,46013017,98.19
"stances",84,46013101,98.19
"stimulates",84,46013185,98.19
"stimuli",84,46013269,98.19
"stravinsky",84,46013353,98.19
"subdivisions",84,46013437,98.19
"summation",84,46013521,98.19
"tariff",84,46013605,98.19
"thyself",84,46013689,98.19
"tirade",84,46013773,98.19
"torched",84,46013857,98.19
"toxicity",84,46013941,98.19
"toxin",84,46014025,98.19
"treaties",84,46014109,98.19
"trina",84,46014193,98.19
"unilaterally",84,46014277,98.2
"unloved",84,46014361,98.2
"wodehouse",84,46014445,98.2
"writhing",84,46014529,98.2
"yesteryear",84,46014613,98.2
"alford",83,46014696,98.2
"alibi",83,46014779,98.2
"annihilation",83,46014862,98.2
"attributable",83,46014945,98.2
"bangalore",83,46015028,98.2
"belarus",83,46015111,98.2
"blanch",83,46015194,98.2
"bookcases",83,46015277,98.2
"buoyant",83,46015360,98.2
"cachet",83,46015443,98.2
"cahokia",83,46015526,98.2
"capes",83,46015609,98.2
"caricatures",83,46015692,98.2
"chamomile",83,46015775,98.2
"childless",83,46015858,98.2
"chino",83,46015941,98.2
"clogs",83,46016024,98.2
"collectible",83,46016107,98.2
"comically",83,46016190,98.2
"construed",83,46016273,98.2
"coronas",83,46016356,98.2
"creditor",83,46016439,98.2
"cuffed",83,46016522,98.2
"currants",83,46016605,98.2
"cycled",83,46016688,98.2
"cynics",83,46016771,98.2
"dabble",83,46016854,98.2
"dabbled",83,46016937,98.2
"darted",83,46017020,98.2
"delicacies",83,46017103,98.2
"dependents",83,46017186,98.2
"depress",83,46017269,98.2
"disprove",83,46017352,98.2
"dumbo",83,46017435,98.2
"eloise",83,46017518,98.2
"emission",83,46017601,98.2
"eons",83,46017684,98.2
"escalators",83,46017767,98.2
"exorcist",83,46017850,98.2
"fauna",83,46017933,98.2
"figueroa",83,46018016,98.2
"figurines",83,46018099,98.2
"fitter",83,46018182,98.2
"fittest",83,46018265,98.2
"fluctuate",83,46018348,98.2
"furnish",83,46018431,98.2
"gauze",83,46018514,98.2
"gleam",83,46018597,98.2
"glider",83,46018680,98.2
"gluttony",83,46018763,98.2
"gravitational",83,46018846,98.2
"groaned",83,46018929,98.21
"gunther",83,46019012,98.21
"gyros",83,46019095,98.21
"handsomely",83,46019178,98.21
"headmaster",83,46019261,98.21
"hollering",83,46019344,98.21
"huts",83,46019427,98.21
"igniting",83,46019510,98.21
"imperialist",83,46019593,98.21
"interacts",83,46019676,98.21
"interstates",83,46019759,98.21
"irked",83,46019842,98.21
"kneading",83,46019925,98.21
"kw",83,46020008,98.21
"liturgical",83,46020091,98.21
"mailman",83,46020174,98.21
"malignant",83,46020257,98.21
"mst",83,46020340,98.21
"mucus",83,46020423,98.21
"mutton",83,46020506,98.21
"nader",83,46020589,98.21
"narcissism",83,46020672,98.21
"nomadic",83,46020755,98.21
"palermo",83,46020838,98.21
"papal",83,46020921,98.21
"patagonia",83,46021004,98.21
"pathological",83,46021087,98.21
"peale",83,46021170,98.21
"pei",83,46021253,98.21
"pendants",83,46021336,98.21
"pineapples",83,46021419,98.21
"pittman",83,46021502,98.21
"politeness",83,46021585,98.21
"poole",83,46021668,98.21
"procrastinator",83,46021751,98.21
"prodding",83,46021834,98.21
"proofing",83,46021917,98.21
"psst",83,46022000,98.21
"putty",83,46022083,98.21
"quarrel",83,46022166,98.21
"renown",83,46022249,98.21
"rescinded",83,46022332,98.21
"resend",83,46022415,98.21
"resignations",83,46022498,98.21
"reviled",83,46022581,98.21
"selfishly",83,46022664,98.21
"shreveport",83,46022747,98.21
"sicily",83,46022830,98.21
"slouch",83,46022913,98.21
"snowboard",83,46022996,98.21
"soothes",83,46023079,98.21
"sparklers",83,46023162,98.21
"spiciness",83,46023245,98.21
"squatting",83,46023328,98.21
"squirm",83,46023411,98.21
"stabs",83,46023494,98.21
"streamlining",83,46023577,98.21
"submits",83,46023660,98.22
"tampons",83,46023743,98.22
"toasts",83,46023826,98.22
"tonya",83,46023909,98.22
"toothpicks",83,46023992,98.22
"toughen",83,46024075,98.22
"trapeze",83,46024158,98.22
"trims",83,46024241,98.22
"uncomplicated",83,46024324,98.22
"undergrads",83,46024407,98.22
"undertook",83,46024490,98.22
"unilateral",83,46024573,98.22
"upholds",83,46024656,98.22
"urls",83,46024739,98.22
"violins",83,46024822,98.22
"welded",83,46024905,98.22
"weller",83,46024988,98.22
"welterweight",83,46025071,98.22
"whittle",83,46025154,98.22
"wick",83,46025237,98.22
"withers",83,46025320,98.22
"yolanda",83,46025403,98.22
"yonder",83,46025486,98.22
"zippers",83,46025569,98.22
"aberration",82,46025651,98.22
"acclimated",82,46025733,98.22
"adventurer",82,46025815,98.22
"affixed",82,46025897,98.22
"analogous",82,46025979,98.22
"animate",82,46026061,98.22
"anointing",82,46026143,98.22
"archers",82,46026225,98.22
"arturo",82,46026307,98.22
"astonishment",82,46026389,98.22
"avatars",82,46026471,98.22
"backhand",82,46026553,98.22
"baiting",82,46026635,98.22
"ballast",82,46026717,98.22
"barbecued",82,46026799,98.22
"bargained",82,46026881,98.22
"bawling",82,46026963,98.22
"beguiling",82,46027045,98.22
"bern",82,46027127,98.22
"blockade",82,46027209,98.22
"blurted",82,46027291,98.22
"boardroom",82,46027373,98.22
"bodyguards",82,46027455,98.22
"bonsai",82,46027537,98.22
"borges",82,46027619,98.22
"borrows",82,46027701,98.22
"bulgarian",82,46027783,98.22
"cardozo",82,46027865,98.22
"carrillo",82,46027947,98.22
"cato",82,46028029,98.22
"caustic",82,46028111,98.22
"chive",82,46028193,98.22
"cloaked",82,46028275,98.22
"clockwise",82,46028357,98.23
"coaxed",82,46028439,98.23
"cobble",82,46028521,98.23
"conferencing",82,46028603,98.23
"confessing",82,46028685,98.23
"coughs",82,46028767,98.23
"countess",82,46028849,98.23
"curate",82,46028931,98.23
"cynic",82,46029013,98.23
"deference",82,46029095,98.23
"depressive",82,46029177,98.23
"destitute",82,46029259,98.23
"dissipate",82,46029341,98.23
"distilling",82,46029423,98.23
"dolby",82,46029505,98.23
"doldrums",82,46029587,98.23
"ducts",82,46029669,98.23
"elevates",82,46029751,98.23
"elixir",82,46029833,98.23
"emboldened",82,46029915,98.23
"emboss",82,46029997,98.23
"epcot",82,46030079,98.23
"equated",82,46030161,98.23
"erasmus",82,46030243,98.23
"firstborn",82,46030325,98.23
"forlorn",82,46030407,98.23
"franc",82,46030489,98.23
"fronting",82,46030571,98.23
"fwiw",82,46030653,98.23
"glitters",82,46030735,98.23
"greenland",82,46030817,98.23
"heighten",82,46030899,98.23
"hindrance",82,46030981,98.23
"hulking",82,46031063,98.23
"humiliate",82,46031145,98.23
"hurriedly",82,46031227,98.23
"idiosyncratic",82,46031309,98.23
"illegals",82,46031391,98.23
"immaturity",82,46031473,98.23
"inactivity",82,46031555,98.23
"infringed",82,46031637,98.23
"interfaces",82,46031719,98.23
"inwardly",82,46031801,98.23
"isis",82,46031883,98.23
"joyfully",82,46031965,98.23
"jumpy",82,46032047,98.23
"laments",82,46032129,98.23
"legumes",82,46032211,98.23
"liberate",82,46032293,98.23
"limped",82,46032375,98.23
"lollipops",82,46032457,98.23
"malawi",82,46032539,98.23
"malted",82,46032621,98.23
"menagerie",82,46032703,98.23
"mercenaries",82,46032785,98.23
"messengers",82,46032867,98.23
"misdeeds",82,46032949,98.23
"monticello",82,46033031,98.24
"narrating",82,46033113,98.24
"negate",82,46033195,98.24
"nibbles",82,46033277,98.24
"nuptials",82,46033359,98.24
"optics",82,46033441,98.24
"pail",82,46033523,98.24
"payed",82,46033605,98.24
"pickling",82,46033687,98.24
"precocious",82,46033769,98.24
"predicated",82,46033851,98.24
"presentable",82,46033933,98.24
"pretties",82,46034015,98.24
"privatizing",82,46034097,98.24
"propeller",82,46034179,98.24
"purcell",82,46034261,98.24
"pvc",82,46034343,98.24
"quandary",82,46034425,98.24
"questionnaires",82,46034507,98.24
"radiate",82,46034589,98.24
"recyclable",82,46034671,98.24
"redirected",82,46034753,98.24
"rediscovering",82,46034835,98.24
"rescind",82,46034917,98.24
"retailing",82,46034999,98.24
"robs",82,46035081,98.24
"rollicking",82,46035163,98.24
"scorecard",82,46035245,98.24
"sculptural",82,46035327,98.24
"shoestring",82,46035409,98.24
"shouldered",82,46035491,98.24
"sighing",82,46035573,98.24
"skimpy",82,46035655,98.24
"skirmish",82,46035737,98.24
"skyrocket",82,46035819,98.24
"sneer",82,46035901,98.24
"sowing",82,46035983,98.24
"sown",82,46036065,98.24
"spewed",82,46036147,98.24
"sponges",82,46036229,98.24
"subbing",82,46036311,98.24
"summonses",82,46036393,98.24
"sustains",82,46036475,98.24
"swaths",82,46036557,98.24
"tammany",82,46036639,98.24
"thunk",82,46036721,98.24
"toed",82,46036803,98.24
"transfixed",82,46036885,98.24
"trickery",82,46036967,98.24
"tripe",82,46037049,98.24
"typography",82,46037131,98.24
"undergoes",82,46037213,98.24
"underpaid",82,46037295,98.24
"uninvited",82,46037377,98.24
"unsealed",82,46037459,98.24
"urinal",82,46037541,98.24
"vindication",82,46037623,98.24
"wavering",82,46037705,98.25
"womanhood",82,46037787,98.25
"worksheets",82,46037869,98.25
"yoko",82,46037951,98.25
"abstain",81,46038032,98.25
"abstracts",81,46038113,98.25
"advisable",81,46038194,98.25
"alvarado",81,46038275,98.25
"angelique",81,46038356,98.25
"annuities",81,46038437,98.25
"antiquity",81,46038518,98.25
"antony",81,46038599,98.25
"aristocratic",81,46038680,98.25
"auspicious",81,46038761,98.25
"bagpipes",81,46038842,98.25
"beckoned",81,46038923,98.25
"beggar",81,46039004,98.25
"benzene",81,46039085,98.25
"besieged",81,46039166,98.25
"blackouts",81,46039247,98.25
"bores",81,46039328,98.25
"brandishing",81,46039409,98.25
"brenner",81,46039490,98.25
"britannica",81,46039571,98.25
"buckles",81,46039652,98.25
"bumble",81,46039733,98.25
"bureaucrat",81,46039814,98.25
"bygone",81,46039895,98.25
"caked",81,46039976,98.25
"calligraphy",81,46040057,98.25
"carded",81,46040138,98.25
"compels",81,46040219,98.25
"connotation",81,46040300,98.25
"converter",81,46040381,98.25
"copycat",81,46040462,98.25
"cordon",81,46040543,98.25
"councilmen",81,46040624,98.25
"cubans",81,46040705,98.25
"custodial",81,46040786,98.25
"darken",81,46040867,98.25
"delegated",81,46040948,98.25
"derelict",81,46041029,98.25
"devotes",81,46041110,98.25
"droppings",81,46041191,98.25
"elongated",81,46041272,98.25
"eloquence",81,46041353,98.25
"ensign",81,46041434,98.25
"entranced",81,46041515,98.25
"farragut",81,46041596,98.25
"faulted",81,46041677,98.25
"favoritism",81,46041758,98.25
"feverishly",81,46041839,98.25
"flicking",81,46041920,98.25
"froth",81,46042001,98.25
"gallop",81,46042082,98.25
"glassy",81,46042163,98.25
"graphite",81,46042244,98.25
"hairdo",81,46042325,98.25
"hoisted",81,46042406,98.26
"huang",81,46042487,98.26
"immeasurable",81,46042568,98.26
"incurable",81,46042649,98.26
"intrigues",81,46042730,98.26
"jamestown",81,46042811,98.26
"jekyll",81,46042892,98.26
"kalamazoo",81,46042973,98.26
"kilowatt",81,46043054,98.26
"kurdish",81,46043135,98.26
"looped",81,46043216,98.26
"lr",81,46043297,98.26
"lyme",81,46043378,98.26
"lymph",81,46043459,98.26
"manna",81,46043540,98.26
"marbled",81,46043621,98.26
"matron",81,46043702,98.26
"meditations",81,46043783,98.26
"microcosm",81,46043864,98.26
"nadine",81,46043945,98.26
"natures",81,46044026,98.26
"optima",81,46044107,98.26
"outgrow",81,46044188,98.26
"personified",81,46044269,98.26
"pomp",81,46044350,98.26
"porches",81,46044431,98.26
"pratchett",81,46044512,98.26
"prefecture",81,46044593,98.26
"priestly",81,46044674,98.26
"rationing",81,46044755,98.26
"receding",81,46044836,98.26
"reciprocal",81,46044917,98.26
"reclamation",81,46044998,98.26
"recreated",81,46045079,98.26
"redress",81,46045160,98.26
"reinhardt",81,46045241,98.26
"remedied",81,46045322,98.26
"repellent",81,46045403,98.26
"reproducing",81,46045484,98.26
"retrial",81,46045565,98.26
"ringed",81,46045646,98.26
"roxanne",81,46045727,98.26
"rumba",81,46045808,98.26
"scarring",81,46045889,98.26
"scumbag",81,46045970,98.26
"sectionals",81,46046051,98.26
"sedentary",81,46046132,98.26
"sharpness",81,46046213,98.26
"shaven",81,46046294,98.26
"singularity",81,46046375,98.26
"spay",81,46046456,98.26
"springy",81,46046537,98.26
"stagnation",81,46046618,98.26
"staining",81,46046699,98.26
"stallion",81,46046780,98.26
"suspenders",81,46046861,98.26
"textual",81,46046942,98.26
"touchstone",81,46047023,98.26
"trickster",81,46047104,98.27
"ultimatum",81,46047185,98.27
"unbeknownst",81,46047266,98.27
"unpretentious",81,46047347,98.27
"urchin",81,46047428,98.27
"urn",81,46047509,98.27
"wafer",81,46047590,98.27
"weatherman",81,46047671,98.27
"whiter",81,46047752,98.27
"willows",81,46047833,98.27
"woolly",81,46047914,98.27
"wwi",81,46047995,98.27
"abnormalities",80,46048075,98.27
"accomplishes",80,46048155,98.27
"addendum",80,46048235,98.27
"administers",80,46048315,98.27
"alcott",80,46048395,98.27
"alfalfa",80,46048475,98.27
"allusion",80,46048555,98.27
"amenity",80,46048635,98.27
"andretti",80,46048715,98.27
"arbitrarily",80,46048795,98.27
"beaujolais",80,46048875,98.27
"beggars",80,46048955,98.27
"biennial",80,46049035,98.27
"bionic",80,46049115,98.27
"branched",80,46049195,98.27
"burglars",80,46049275,98.27
"cameraman",80,46049355,98.27
"canoeing",80,46049435,98.27
"canvassing",80,46049515,98.27
"capitalizing",80,46049595,98.27
"carriages",80,46049675,98.27
"cartier",80,46049755,98.27
"clerics",80,46049835,98.27
"cluck",80,46049915,98.27
"cobwebs",80,46049995,98.27
"cog",80,46050075,98.27
"confidant",80,46050155,98.27
"constellations",80,46050235,98.27
"copyrights",80,46050315,98.27
"cropping",80,46050395,98.27
"crunched",80,46050475,98.27
"crutch",80,46050555,98.27
"deceitful",80,46050635,98.27
"delved",80,46050715,98.27
"dinah",80,46050795,98.27
"dominoes",80,46050875,98.27
"drizzling",80,46050955,98.27
"elisa",80,46051035,98.27
"embers",80,46051115,98.27
"enormity",80,46051195,98.27
"enviable",80,46051275,98.27
"erudite",80,46051355,98.27
"esquire",80,46051435,98.27
"faucets",80,46051515,98.27
"flabbergasted",80,46051595,98.27
"forage",80,46051675,98.27
"friendlier",80,46051755,98.28
"frito",80,46051835,98.28
"ftp",80,46051915,98.28
"garish",80,46051995,98.28
"gastrointestinal",80,46052075,98.28
"gazpacho",80,46052155,98.28
"gesturing",80,46052235,98.28
"gluing",80,46052315,98.28
"grandfathers",80,46052395,98.28
"grotto",80,46052475,98.28
"gustav",80,46052555,98.28
"hdmi",80,46052635,98.28
"hummingbirds",80,46052715,98.28
"hydrangea",80,46052795,98.28
"inflate",80,46052875,98.28
"instrumentation",80,46052955,98.28
"insufferable",80,46053035,98.28
"insulate",80,46053115,98.28
"juicing",80,46053195,98.28
"katelyn",80,46053275,98.28
"kip",80,46053355,98.28
"klan",80,46053435,98.28
"kristine",80,46053515,98.28
"labors",80,46053595,98.28
"landscaper",80,46053675,98.28
"lather",80,46053755,98.28
"legroom",80,46053835,98.28
"loafers",80,46053915,98.28
"loathed",80,46053995,98.28
"loosening",80,46054075,98.28
"lowdown",80,46054155,98.28
"martyrdom",80,46054235,98.28
"mathew",80,46054315,98.28
"mechanically",80,46054395,98.28
"mementos",80,46054475,98.28
"millennials",80,46054555,98.28
"mixers",80,46054635,98.28
"monolithic",80,46054715,98.28
"navigated",80,46054795,98.28
"orthodontist",80,46054875,98.28
"pandemonium",80,46054955,98.28
"parlors",80,46055035,98.28
"pembroke",80,46055115,98.28
"persevered",80,46055195,98.28
"playable",80,46055275,98.28
"pleads",80,46055355,98.28
"precautionary",80,46055435,98.28
"precedents",80,46055515,98.28
"prejudiced",80,46055595,98.28
"premeditated",80,46055675,98.28
"preoccupation",80,46055755,98.28
"pronouncing",80,46055835,98.28
"provo",80,46055915,98.28
"prudence",80,46055995,98.28
"quartered",80,46056075,98.28
"quorum",80,46056155,98.28
"racquetball",80,46056235,98.28
"reciprocate",80,46056315,98.28
"redundancy",80,46056395,98.28
"reissue",80,46056475,98.29
"rejuvenate",80,46056555,98.29
"revs",80,46056635,98.29
"reykjavik",80,46056715,98.29
"roasts",80,46056795,98.29
"rougher",80,46056875,98.29
"rubbery",80,46056955,98.29
"scientology",80,46057035,98.29
"scranton",80,46057115,98.29
"sequined",80,46057195,98.29
"servitude",80,46057275,98.29
"shawnee",80,46057355,98.29
"shearing",80,46057435,98.29
"sledgehammer",80,46057515,98.29
"snugly",80,46057595,98.29
"soapbox",80,46057675,98.29
"sombrero",80,46057755,98.29
"squeezes",80,46057835,98.29
"strident",80,46057915,98.29
"stubbornness",80,46057995,98.29
"succinctly",80,46058075,98.29
"sven",80,46058155,98.29
"swede",80,46058235,98.29
"talkers",80,46058315,98.29
"talmud",80,46058395,98.29
"teardrop",80,46058475,98.29
"therese",80,46058555,98.29
"thrall",80,46058635,98.29
"threading",80,46058715,98.29
"tonal",80,46058795,98.29
"tonnes",80,46058875,98.29
"traitors",80,46058955,98.29
"unattainable",80,46059035,98.29
"uninitiated",80,46059115,98.29
"unrecognizable",80,46059195,98.29
"unusable",80,46059275,98.29
"unwell",80,46059355,98.29
"urinating",80,46059435,98.29
"vellum",80,46059515,98.29
"washers",80,46059595,98.29
"wavered",80,46059675,98.29
"weathers",80,46059755,98.29
"whiplash",80,46059835,98.29
"yakima",80,46059915,98.29
"yule",80,46059995,98.29
"abnormally",79,46060074,98.29
"accentuate",79,46060153,98.29
"acetate",79,46060232,98.29
"afield",79,46060311,98.29
"ascot",79,46060390,98.29
"baseballs",79,46060469,98.29
"betterment",79,46060548,98.29
"billowing",79,46060627,98.29
"bizarrely",79,46060706,98.29
"blacksmith",79,46060785,98.29
"bobcat",79,46060864,98.29
"bodega",79,46060943,98.29
"capote",79,46061022,98.29
"carelessly",79,46061101,98.29
"cashiers",79,46061180,98.3
"causeway",79,46061259,98.3
"charted",79,46061338,98.3
"chauncey",79,46061417,98.3
"chomping",79,46061496,98.3
"clowning",79,46061575,98.3
"customization",79,46061654,98.3
"deposed",79,46061733,98.3
"deviant",79,46061812,98.3
"directional",79,46061891,98.3
"doolittle",79,46061970,98.3
"dotson",79,46062049,98.3
"earbuds",79,46062128,98.3
"eases",79,46062207,98.3
"eradicated",79,46062286,98.3
"ethically",79,46062365,98.3
"fags",79,46062444,98.3
"flak",79,46062523,98.3
"flaked",79,46062602,98.3
"fleets",79,46062681,98.3
"floodgates",79,46062760,98.3
"forego",79,46062839,98.3
"forfeiture",79,46062918,98.3
"ger",79,46062997,98.3
"goatee",79,46063076,98.3
"gopher",79,46063155,98.3
"gravely",79,46063234,98.3
"halliburton",79,46063313,98.3
"haydn",79,46063392,98.3
"hf",79,46063471,98.3
"idiom",79,46063550,98.3
"indestructible",79,46063629,98.3
"infatuation",79,46063708,98.3
"ingest",79,46063787,98.3
"inhuman",79,46063866,98.3
"interpreters",79,46063945,98.3
"invasions",79,46064024,98.3
"jubilant",79,46064103,98.3
"keepsake",79,46064182,98.3
"kerouac",79,46064261,98.3
"landline",79,46064340,98.3
"leavenworth",79,46064419,98.3
"leper",79,46064498,98.3
"mcluhan",79,46064577,98.3
"mirroring",79,46064656,98.3
"morsel",79,46064735,98.3
"mournful",79,46064814,98.3
"multiplex",79,46064893,98.3
"napped",79,46064972,98.3
"nonchalant",79,46065051,98.3
"objecting",79,46065130,98.3
"oddball",79,46065209,98.3
"offends",79,46065288,98.3
"omnipresent",79,46065367,98.3
"orbiting",79,46065446,98.3
"overhang",79,46065525,98.3
"pacheco",79,46065604,98.3
"palomar",79,46065683,98.3
"paneled",79,46065762,98.3
"pasties",79,46065841,98.31
"penitentiary",79,46065920,98.31
"philosophically",79,46065999,98.31
"pimping",79,46066078,98.31
"pkwy",79,46066157,98.31
"pliable",79,46066236,98.31
"plo",79,46066315,98.31
"predominant",79,46066394,98.31
"presto",79,46066473,98.31
"principally",79,46066552,98.31
"pruned",79,46066631,98.31
"psychosis",79,46066710,98.31
"pundit",79,46066789,98.31
"rationally",79,46066868,98.31
"reapply",79,46066947,98.31
"recreating",79,46067026,98.31
"reevaluate",79,46067105,98.31
"refrigeration",79,46067184,98.31
"revitalized",79,46067263,98.31
"riskier",79,46067342,98.31
"rook",79,46067421,98.31
"rudeness",79,46067500,98.31
"saluted",79,46067579,98.31
"sandman",79,46067658,98.31
"sarcastically",79,46067737,98.31
"sire",79,46067816,98.31
"skier",79,46067895,98.31
"snotty",79,46067974,98.31
"snowmen",79,46068053,98.31
"socialization",79,46068132,98.31
"sores",79,46068211,98.31
"soulmate",79,46068290,98.31
"sparing",79,46068369,98.31
"stallone",79,46068448,98.31
"strutting",79,46068527,98.31
"susquehanna",79,46068606,98.31
"tantamount",79,46068685,98.31
"tapered",79,46068764,98.31
"taunted",79,46068843,98.31
"thoughtless",79,46068922,98.31
"throngs",79,46069001,98.31
"thumbnail",79,46069080,98.31
"totality",79,46069159,98.31
"trimmer",79,46069238,98.31
"underclassmen",79,46069317,98.31
"underfoot",79,46069396,98.31
"unneeded",79,46069475,98.31
"venomous",79,46069554,98.31
"verdi",79,46069633,98.31
"voldemort",79,46069712,98.31
"whiskeys",79,46069791,98.31
"acoustics",78,46069869,98.31
"analyzes",78,46069947,98.31
"auctioneer",78,46070025,98.31
"bacardi",78,46070103,98.31
"bambi",78,46070181,98.31
"bernice",78,46070259,98.31
"birdied",78,46070337,98.31
"bonneville",78,46070415,98.31
"bragged",78,46070493,98.32
"cams",78,46070571,98.32
"choruses",78,46070649,98.32
"cleansed",78,46070727,98.32
"clunkers",78,46070805,98.32
"compute",78,46070883,98.32
"congratulatory",78,46070961,98.32
"countenance",78,46071039,98.32
"decorum",78,46071117,98.32
"dejected",78,46071195,98.32
"ditches",78,46071273,98.32
"doughty",78,46071351,98.32
"downtrodden",78,46071429,98.32
"dryers",78,46071507,98.32
"emitting",78,46071585,98.32
"entertains",78,46071663,98.32
"entwined",78,46071741,98.32
"erectile",78,46071819,98.32
"eyelid",78,46071897,98.32
"facilitates",78,46071975,98.32
"fairways",78,46072053,98.32
"fatherless",78,46072131,98.32
"ferment",78,46072209,98.32
"flounder",78,46072287,98.32
"fluency",78,46072365,98.32
"forgetful",78,46072443,98.32
"foucault",78,46072521,98.32
"fundamentalists",78,46072599,98.32
"garter",78,46072677,98.32
"gazebo",78,46072755,98.32
"gleeful",78,46072833,98.32
"griffins",78,46072911,98.32
"growled",78,46072989,98.32
"grubby",78,46073067,98.32
"hankering",78,46073145,98.32
"heeded",78,46073223,98.32
"hock",78,46073301,98.32
"imploded",78,46073379,98.32
"impresses",78,46073457,98.32
"incognito",78,46073535,98.32
"inextricably",78,46073613,98.32
"inflicting",78,46073691,98.32
"inverse",78,46073769,98.32
"irreparable",78,46073847,98.32
"jerking",78,46073925,98.32
"leaflets",78,46074003,98.32
"lifesaving",78,46074081,98.32
"locksmith",78,46074159,98.32
"longfellow",78,46074237,98.32
"massaging",78,46074315,98.32
"mathematically",78,46074393,98.32
"mencken",78,46074471,98.32
"mimics",78,46074549,98.32
"mindedness",78,46074627,98.32
"misogyny",78,46074705,98.32
"mocks",78,46074783,98.32
"morsels",78,46074861,98.32
"musketeers",78,46074939,98.32
"nastiest",78,46075017,98.32
"neutralize",78,46075095,98.32
"noose",78,46075173,98.33
"orphanages",78,46075251,98.33
"paging",78,46075329,98.33
"paintbrush",78,46075407,98.33
"pantries",78,46075485,98.33
"pickers",78,46075563,98.33
"pirated",78,46075641,98.33
"plantains",78,46075719,98.33
"poseidon",78,46075797,98.33
"predetermined",78,46075875,98.33
"promiscuous",78,46075953,98.33
"purples",78,46076031,98.33
"purveyor",78,46076109,98.33
"qualitative",78,46076187,98.33
"quiver",78,46076265,98.33
"quivering",78,46076343,98.33
"redistribution",78,46076421,98.33
"relented",78,46076499,98.33
"reorganizing",78,46076577,98.33
"resolves",78,46076655,98.33
"resonant",78,46076733,98.33
"rework",78,46076811,98.33
"rosette",78,46076889,98.33
"scouted",78,46076967,98.33
"sedans",78,46077045,98.33
"servicemen",78,46077123,98.33
"sheepishly",78,46077201,98.33
"slinky",78,46077279,98.33
"snobs",78,46077357,98.33
"socialized",78,46077435,98.33
"sociological",78,46077513,98.33
"squealed",78,46077591,98.33
"strangling",78,46077669,98.33
"strikers",78,46077747,98.33
"stutter",78,46077825,98.33
"subpoenaed",78,46077903,98.33
"subsidizing",78,46077981,98.33
"sullen",78,46078059,98.33
"sundry",78,46078137,98.33
"swooped",78,46078215,98.33
"talley",78,46078293,98.33
"tarps",78,46078371,98.33
"tasha",78,46078449,98.33
"teacup",78,46078527,98.33
"telltale",78,46078605,98.33
"theorist",78,46078683,98.33
"thrashing",78,46078761,98.33
"treasuries",78,46078839,98.33
"trickier",78,46078917,98.33
"tutelage",78,46078995,98.33
"tyrannical",78,46079073,98.33
"uniformity",78,46079151,98.33
"verne",78,46079229,98.33
"vignette",78,46079307,98.33
"welling",78,46079385,98.33
"wholeness",78,46079463,98.33
"worksheet",78,46079541,98.33
"yachts",78,46079619,98.33
"zealots",78,46079697,98.33
"achy",77,46079774,98.33
"additive",77,46079851,98.34
"afresh",77,46079928,98.34
"alana",77,46080005,98.34
"angular",77,46080082,98.34
"aristocracy",77,46080159,98.34
"ashlee",77,46080236,98.34
"ballooning",77,46080313,98.34
"banish",77,46080390,98.34
"biodegradable",77,46080467,98.34
"blackbirds",77,46080544,98.34
"blemish",77,46080621,98.34
"blemishes",77,46080698,98.34
"bookshops",77,46080775,98.34
"britons",77,46080852,98.34
"bronte",77,46080929,98.34
"burrows",77,46081006,98.34
"byzantine",77,46081083,98.34
"calculates",77,46081160,98.34
"campaigners",77,46081237,98.34
"clawing",77,46081314,98.34
"confederacy",77,46081391,98.34
"constantine",77,46081468,98.34
"craftsmen",77,46081545,98.34
"dappled",77,46081622,98.34
"decal",77,46081699,98.34
"decoy",77,46081776,98.34
"delano",77,46081853,98.34
"depreciation",77,46081930,98.34
"detonated",77,46082007,98.34
"dials",77,46082084,98.34
"domed",77,46082161,98.34
"elsie",77,46082238,98.34
"environs",77,46082315,98.34
"erstwhile",77,46082392,98.34
"exacerbate",77,46082469,98.34
"exertion",77,46082546,98.34
"eyesore",77,46082623,98.34
"eyewitnesses",77,46082700,98.34
"fancies",77,46082777,98.34
"felled",77,46082854,98.34
"flack",77,46082931,98.34
"florists",77,46083008,98.34
"forthright",77,46083085,98.34
"furs",77,46083162,98.34
"gallant",77,46083239,98.34
"gerardo",77,46083316,98.34
"glides",77,46083393,98.34
"goodrich",77,46083470,98.34
"granddad",77,46083547,98.34
"gregarious",77,46083624,98.34
"growls",77,46083701,98.34
"hattie",77,46083778,98.34
"headstone",77,46083855,98.34
"healers",77,46083932,98.34
"hemmed",77,46084009,98.34
"heroics",77,46084086,98.34
"hissing",77,46084163,98.34
"hitherto",77,46084240,98.34
"honked",77,46084317,98.34
"impeccably",77,46084394,98.34
"ineptitude",77,46084471,98.34
"intercept",77,46084548,98.35
"interferes",77,46084625,98.35
"krystal",77,46084702,98.35
"lackey",77,46084779,98.35
"lat",77,46084856,98.35
"lessened",77,46084933,98.35
"lightened",77,46085010,98.35
"luau",77,46085087,98.35
"lunatics",77,46085164,98.35
"mannequins",77,46085241,98.35
"menswear",77,46085318,98.35
"mezzanine",77,46085395,98.35
"microchip",77,46085472,98.35
"mites",77,46085549,98.35
"mobilization",77,46085626,98.35
"muscled",77,46085703,98.35
"mutilated",77,46085780,98.35
"nannies",77,46085857,98.35
"nettle",77,46085934,98.35
"neurology",77,46086011,98.35
"orchestrating",77,46086088,98.35
"orgasmic",77,46086165,98.35
"outwardly",77,46086242,98.35
"pageants",77,46086319,98.35
"penalize",77,46086396,98.35
"pimple",77,46086473,98.35
"pollsters",77,46086550,98.35
"pols",77,46086627,98.35
"popper",77,46086704,98.35
"powdery",77,46086781,98.35
"preconceived",77,46086858,98.35
"reaped",77,46086935,98.35
"rejuvenation",77,46087012,98.35
"renegotiate",77,46087089,98.35
"repetitions",77,46087166,98.35
"replicas",77,46087243,98.35
"revelry",77,46087320,98.35
"roadshow",77,46087397,98.35
"schumann",77,46087474,98.35
"scribes",77,46087551,98.35
"serendipitous",77,46087628,98.35
"shakespearean",77,46087705,98.35
"shotguns",77,46087782,98.35
"shredder",77,46087859,98.35
"sixteenth",77,46087936,98.35
"sociologist",77,46088013,98.35
"sonya",77,46088090,98.35
"soybean",77,46088167,98.35
"speckled",77,46088244,98.35
"spires",77,46088321,98.35
"splintered",77,46088398,98.35
"stipulation",77,46088475,98.35
"sunblock",77,46088552,98.35
"superstitions",77,46088629,98.35
"syringes",77,46088706,98.35
"theologian",77,46088783,98.35
"thoroughfare",77,46088860,98.35
"toolkit",77,46088937,98.35
"transatlantic",77,46089014,98.35
"unclean",77,46089091,98.35
"underemployed",77,46089168,98.35
"underscoring",77,46089245,98.36
"unhelpful",77,46089322,98.36
"velez",77,46089399,98.36
"veranda",77,46089476,98.36
"vern",77,46089553,98.36
"weeded",77,46089630,98.36
"whimper",77,46089707,98.36
"whys",77,46089784,98.36
"wisest",77,46089861,98.36
"yak",77,46089938,98.36
"airliner",76,46090014,98.36
"ambushed",76,46090090,98.36
"amt",76,46090166,98.36
"annals",76,46090242,98.36
"archetypal",76,46090318,98.36
"ballooned",76,46090394,98.36
"barrio",76,46090470,98.36
"beefed",76,46090546,98.36
"bellwether",76,46090622,98.36
"bicyclist",76,46090698,98.36
"blythe",76,46090774,98.36
"boilers",76,46090850,98.36
"bower",76,46090926,98.36
"braver",76,46091002,98.36
"burglarized",76,46091078,98.36
"cambodian",76,46091154,98.36
"canaan",76,46091230,98.36
"cardigans",76,46091306,98.36
"censors",76,46091382,98.36
"cheesecloth",76,46091458,98.36
"christened",76,46091534,98.36
"clothesline",76,46091610,98.36
"collared",76,46091686,98.36
"conjecture",76,46091762,98.36
"crematory",76,46091838,98.36
"crescendo",76,46091914,98.36
"deactivated",76,46091990,98.36
"dejesus",76,46092066,98.36
"diffuse",76,46092142,98.36
"dispensation",76,46092218,98.36
"distracts",76,46092294,98.36
"doilies",76,46092370,98.36
"drippings",76,46092446,98.36
"duress",76,46092522,98.36
"emblematic",76,46092598,98.36
"endemic",76,46092674,98.36
"enzyme",76,46092750,98.36
"estonia",76,46092826,98.36
"exacting",76,46092902,98.36
"fanboy",76,46092978,98.36
"flatiron",76,46093054,98.36
"formatted",76,46093130,98.36
"furthering",76,46093206,98.36
"gagged",76,46093282,98.36
"gauges",76,46093358,98.36
"gels",76,46093434,98.36
"geriatric",76,46093510,98.36
"grimy",76,46093586,98.36
"groping",76,46093662,98.36
"guam",76,46093738,98.36
"guevara",76,46093814,98.36
"gurney",76,46093890,98.36
"gustavo",76,46093966,98.37
"guzzling",76,46094042,98.37
"haddock",76,46094118,98.37
"harmonic",76,46094194,98.37
"hatchback",76,46094270,98.37
"helpfully",76,46094346,98.37
"huggins",76,46094422,98.37
"humping",76,46094498,98.37
"imbued",76,46094574,98.37
"inca",76,46094650,98.37
"incongruous",76,46094726,98.37
"instantaneously",76,46094802,98.37
"instrumentals",76,46094878,98.37
"jarred",76,46094954,98.37
"jesuits",76,46095030,98.37
"junkyard",76,46095106,98.37
"landowner",76,46095182,98.37
"lass",76,46095258,98.37
"lurid",76,46095334,98.37
"mathias",76,46095410,98.37
"merrick",76,46095486,98.37
"mojave",76,46095562,98.37
"motorcyclist",76,46095638,98.37
"motorcyclists",76,46095714,98.37
"mulder",76,46095790,98.37
"mysticism",76,46095866,98.37
"oddest",76,46095942,98.37
"oldie",76,46096018,98.37
"overcomes",76,46096094,98.37
"pagans",76,46096170,98.37
"palettes",76,46096246,98.37
"pallets",76,46096322,98.37
"partaking",76,46096398,98.37
"passersby",76,46096474,98.37
"perseus",76,46096550,98.37
"pewter",76,46096626,98.37
"pining",76,46096702,98.37
"plodding",76,46096778,98.37
"primate",76,46096854,98.37
"priory",76,46096930,98.37
"proofread",76,46097006,98.37
"ranches",76,46097082,98.37
"redesigning",76,46097158,98.37
"rednecks",76,46097234,98.37
"restarting",76,46097310,98.37
"resurgent",76,46097386,98.37
"ripen",76,46097462,98.37
"roku",76,46097538,98.37
"samoa",76,46097614,98.37
"sandal",76,46097690,98.37
"schulz",76,46097766,98.37
"seeps",76,46097842,98.37
"sensuous",76,46097918,98.37
"skimmed",76,46097994,98.37
"snipers",76,46098070,98.37
"snoopy",76,46098146,98.37
"snorting",76,46098222,98.37
"snubbed",76,46098298,98.37
"sonja",76,46098374,98.37
"squabbling",76,46098450,98.37
"staid",76,46098526,98.37
"stunted",76,46098602,98.38
"supremacist",76,46098678,98.38
"taffy",76,46098754,98.38
"tallies",76,46098830,98.38
"tankers",76,46098906,98.38
"tenths",76,46098982,98.38
"thoughtfulness",76,46099058,98.38
"throwaway",76,46099134,98.38
"thunderbird",76,46099210,98.38
"tidings",76,46099286,98.38
"treatable",76,46099362,98.38
"tribulation",76,46099438,98.38
"tuscaloosa",76,46099514,98.38
"tussle",76,46099590,98.38
"tyree",76,46099666,98.38
"unconfirmed",76,46099742,98.38
"unconscionable",76,46099818,98.38
"uncovers",76,46099894,98.38
"underpants",76,46099970,98.38
"unduly",76,46100046,98.38
"unfunny",76,46100122,98.38
"unitarian",76,46100198,98.38
"valuations",76,46100274,98.38
"vaults",76,46100350,98.38
"vertebrae",76,46100426,98.38
"vito",76,46100502,98.38
"vivienne",76,46100578,98.38
"wands",76,46100654,98.38
"weepy",76,46100730,98.38
"withering",76,46100806,98.38
"workman",76,46100882,98.38
"admirals",75,46100957,98.38
"aerodynamic",75,46101032,98.38
"affiliations",75,46101107,98.38
"airbrushed",75,46101182,98.38
"albanian",75,46101257,98.38
"allyson",75,46101332,98.38
"alpaca",75,46101407,98.38
"amputated",75,46101482,98.38
"antarctic",75,46101557,98.38
"antonia",75,46101632,98.38
"ara",75,46101707,98.38
"attaining",75,46101782,98.38
"attainment",75,46101857,98.38
"authorship",75,46101932,98.38
"baloney",75,46102007,98.38
"bangles",75,46102082,98.38
"barricaded",75,46102157,98.38
"bartholomew",75,46102232,98.38
"biodiversity",75,46102307,98.38
"blazes",75,46102382,98.38
"blowers",75,46102457,98.38
"brando",75,46102532,98.38
"brinkley",75,46102607,98.38
"businesswoman",75,46102682,98.38
"candidly",75,46102757,98.38
"caraway",75,46102832,98.38
"categorically",75,46102907,98.38
"clamp",75,46102982,98.38
"commercialization",75,46103057,98.38
"compilations",75,46103132,98.38
"constructs",75,46103207,98.38
"contesting",75,46103282,98.39
"cornucopia",75,46103357,98.39
"craps",75,46103432,98.39
"crockett",75,46103507,98.39
"debtor",75,46103582,98.39
"diapering",75,46103657,98.39
"dissimilar",75,46103732,98.39
"dour",75,46103807,98.39
"earls",75,46103882,98.39
"elude",75,46103957,98.39
"embezzlement",75,46104032,98.39
"encryption",75,46104107,98.39
"engrossing",75,46104182,98.39
"enthralling",75,46104257,98.39
"evened",75,46104332,98.39
"evens",75,46104407,98.39
"falsehood",75,46104482,98.39
"fascinate",75,46104557,98.39
"forays",75,46104632,98.39
"garvey",75,46104707,98.39
"genus",75,46104782,98.39
"gloriously",75,46104857,98.39
"grownups",75,46104932,98.39
"gunners",75,46105007,98.39
"handshakes",75,46105082,98.39
"haney",75,46105157,98.39
"heinrich",75,46105232,98.39
"honeysuckle",75,46105307,98.39
"howls",75,46105382,98.39
"hyperactive",75,46105457,98.39
"impersonating",75,46105532,98.39
"implored",75,46105607,98.39
"indexed",75,46105682,98.39
"infrequently",75,46105757,98.39
"iniquity",75,46105832,98.39
"jocelyn",75,46105907,98.39
"kickoffs",75,46105982,98.39
"kp",75,46106057,98.39
"lapel",75,46106132,98.39
"loveless",75,46106207,98.39
"macaroons",75,46106282,98.39
"mcgowan",75,46106357,98.39
"messianic",75,46106432,98.39
"motorbike",75,46106507,98.39
"ovals",75,46106582,98.39
"paine",75,46106657,98.39
"pakistanis",75,46106732,98.39
"patching",75,46106807,98.39
"patently",75,46106882,98.39
"perked",75,46106957,98.39
"pollination",75,46107032,98.39
"prosthetic",75,46107107,98.39
"px",75,46107182,98.39
"recesses",75,46107257,98.39
"reconnected",75,46107332,98.39
"renter",75,46107407,98.39
"rephrase",75,46107482,98.39
"resented",75,46107557,98.39
"revolutionized",75,46107632,98.39
"sayers",75,46107707,98.39
"scandinavia",75,46107782,98.39
"scrapbooks",75,46107857,98.39
"scrawled",75,46107932,98.39
"seaport",75,46108007,98.4
"sheltering",75,46108082,98.4
"shrapnel",75,46108157,98.4
"silences",75,46108232,98.4
"sitters",75,46108307,98.4
"smirnoff",75,46108382,98.4
"spokes",75,46108457,98.4
"spool",75,46108532,98.4
"squeamish",75,46108607,98.4
"stagger",75,46108682,98.4
"stapled",75,46108757,98.4
"starfish",75,46108832,98.4
"statesmen",75,46108907,98.4
"stilts",75,46108982,98.4
"stowe",75,46109057,98.4
"stumps",75,46109132,98.4
"subbed",75,46109207,98.4
"syrups",75,46109282,98.4
"teases",75,46109357,98.4
"temperate",75,46109432,98.4
"tertiary",75,46109507,98.4
"testy",75,46109582,98.4
"toads",75,46109657,98.4
"trailblazer",75,46109732,98.4
"triage",75,46109807,98.4
"unbreakable",75,46109882,98.4
"uncalled",75,46109957,98.4
"underbelly",75,46110032,98.4
"undress",75,46110107,98.4
"unsupervised",75,46110182,98.4
"upended",75,46110257,98.4
"uploads",75,46110332,98.4
"vials",75,46110407,98.4
"vivacious",75,46110482,98.4
"wallowing",75,46110557,98.4
"wanton",75,46110632,98.4
"whined",75,46110707,98.4
"whittier",75,46110782,98.4
"yuk",75,46110857,98.4
"abbot",74,46110931,98.4
"acquittal",74,46111005,98.4
"acrobatic",74,46111079,98.4
"agape",74,46111153,98.4
"alternated",74,46111227,98.4
"analogies",74,46111301,98.4
"andes",74,46111375,98.4
"arid",74,46111449,98.4
"askew",74,46111523,98.4
"attentions",74,46111597,98.4
"atv",74,46111671,98.4
"baruch",74,46111745,98.4
"bearers",74,46111819,98.4
"beckoning",74,46111893,98.4
"bicentennial",74,46111967,98.4
"blot",74,46112041,98.4
"boroughs",74,46112115,98.4
"briana",74,46112189,98.4
"briskly",74,46112263,98.4
"busily",74,46112337,98.4
"butting",74,46112411,98.4
"calibrated",74,46112485,98.4
"cannonball",74,46112559,98.4
"charmingly",74,46112633,98.4
"cinch",74,46112707,98.41
"cleanest",74,46112781,98.41
"cleft",74,46112855,98.41
"clocking",74,46112929,98.41
"clump",74,46113003,98.41
"compounding",74,46113077,98.41
"confine",74,46113151,98.41
"connery",74,46113225,98.41
"conventionally",74,46113299,98.41
"copier",74,46113373,98.41
"credential",74,46113447,98.41
"crossovers",74,46113521,98.41
"cunts",74,46113595,98.41
"daredevil",74,46113669,98.41
"decently",74,46113743,98.41
"degenerate",74,46113817,98.41
"degenerative",74,46113891,98.41
"denser",74,46113965,98.41
"desist",74,46114039,98.41
"dictionaries",74,46114113,98.41
"dionne",74,46114187,98.41
"disenfranchised",74,46114261,98.41
"disintegration",74,46114335,98.41
"divider",74,46114409,98.41
"enforcer",74,46114483,98.41
"enid",74,46114557,98.41
"equivalents",74,46114631,98.41
"facials",74,46114705,98.41
"fancier",74,46114779,98.41
"flogging",74,46114853,98.41
"fragility",74,46114927,98.41
"fulbright",74,46115001,98.41
"garlicky",74,46115075,98.41
"gazelle",74,46115149,98.41
"genealogical",74,46115223,98.41
"geocaching",74,46115297,98.41
"gimmicky",74,46115371,98.41
"guadalajara",74,46115445,98.41
"gull",74,46115519,98.41
"hairstylist",74,46115593,98.41
"halsey",74,46115667,98.41
"handkerchief",74,46115741,98.41
"harboring",74,46115815,98.41
"helplessly",74,46115889,98.41
"hereford",74,46115963,98.41
"homicidal",74,46116037,98.41
"hooligans",74,46116111,98.41
"hydroelectric",74,46116185,98.41
"informally",74,46116259,98.41
"intermediary",74,46116333,98.41
"interwoven",74,46116407,98.41
"irreversible",74,46116481,98.41
"jag",74,46116555,98.41
"jana",74,46116629,98.41
"lancashire",74,46116703,98.41
"latent",74,46116777,98.41
"launcher",74,46116851,98.41
"lazily",74,46116925,98.41
"lei",74,46116999,98.41
"lithuania",74,46117073,98.41
"lobsters",74,46117147,98.41
"lucinda",74,46117221,98.41
"lufthansa",74,46117295,98.41
"maize",74,46117369,98.42
"mathematician",74,46117443,98.42
"medallions",74,46117517,98.42
"mes",74,46117591,98.42
"mismatch",74,46117665,98.42
"misrepresentation",74,46117739,98.42
"mortuary",74,46117813,98.42
"motioned",74,46117887,98.42
"mummies",74,46117961,98.42
"mustered",74,46118035,98.42
"nested",74,46118109,98.42
"newscasts",74,46118183,98.42
"newsworthy",74,46118257,98.42
"nieves",74,46118331,98.42
"nipped",74,46118405,98.42
"osprey",74,46118479,98.42
"outweighed",74,46118553,98.42
"palazzo",74,46118627,98.42
"parsnip",74,46118701,98.42
"passively",74,46118775,98.42
"perversion",74,46118849,98.42
"placer",74,46118923,98.42
"platitudes",74,46118997,98.42
"pliers",74,46119071,98.42
"plugins",74,46119145,98.42
"quilters",74,46119219,98.42
"radiance",74,46119293,98.42
"radiating",74,46119367,98.42
"ravel",74,46119441,98.42
"rca",74,46119515,98.42
"receivership",74,46119589,98.42
"regression",74,46119663,98.42
"reinforcements",74,46119737,98.42
"rejoined",74,46119811,98.42
"replaying",74,46119885,98.42
"reproductions",74,46119959,98.42
"retainer",74,46120033,98.42
"reversible",74,46120107,98.42
"revocation",74,46120181,98.42
"revolting",74,46120255,98.42
"rotted",74,46120329,98.42
"rumbled",74,46120403,98.42
"salient",74,46120477,98.42
"scammed",74,46120551,98.42
"schoolteacher",74,46120625,98.42
"screech",74,46120699,98.42
"secretariat",74,46120773,98.42
"sedated",74,46120847,98.42
"serviceable",74,46120921,98.42
"shadowed",74,46120995,98.42
"sickle",74,46121069,98.42
"silken",74,46121143,98.42
"skein",74,46121217,98.42
"skits",74,46121291,98.42
"snub",74,46121365,98.42
"spirals",74,46121439,98.42
"spook",74,46121513,98.42
"sportsman",74,46121587,98.42
"stalwarts",74,46121661,98.42
"steed",74,46121735,98.42
"substantiated",74,46121809,98.42
"sues",74,46121883,98.42
"supplementary",74,46121957,98.42
"tailoring",74,46122031,98.43
"taro",74,46122105,98.43
"tastier",74,46122179,98.43
"taunts",74,46122253,98.43
"telemarketing",74,46122327,98.43
"terraces",74,46122401,98.43
"toyed",74,46122475,98.43
"troubleshooting",74,46122549,98.43
"undulating",74,46122623,98.43
"unjustly",74,46122697,98.43
"unsuitable",74,46122771,98.43
"unwieldy",74,46122845,98.43
"vcr",74,46122919,98.43
"veracity",74,46122993,98.43
"vocally",74,46123067,98.43
"wardrobes",74,46123141,98.43
"wetter",74,46123215,98.43
"whens",74,46123289,98.43
"whines",74,46123363,98.43
"withstood",74,46123437,98.43
"advertises",73,46123510,98.43
"aftershock",73,46123583,98.43
"aftershocks",73,46123656,98.43
"archetypes",73,46123729,98.43
"ashe",73,46123802,98.43
"astaire",73,46123875,98.43
"astronomer",73,46123948,98.43
"avenged",73,46124021,98.43
"backstroke",73,46124094,98.43
"basins",73,46124167,98.43
"bastille",73,46124240,98.43
"basting",73,46124313,98.43
"batten",73,46124386,98.43
"bellow",73,46124459,98.43
"beret",73,46124532,98.43
"bestsellers",73,46124605,98.43
"blanched",73,46124678,98.43
"blindsided",73,46124751,98.43
"bowlers",73,46124824,98.43
"briny",73,46124897,98.43
"broads",73,46124970,98.43
"buoy",73,46125043,98.43
"captivate",73,46125116,98.43
"cellophane",73,46125189,98.43
"chairmen",73,46125262,98.43
"chalet",73,46125335,98.43
"championing",73,46125408,98.43
"colonists",73,46125481,98.43
"combatants",73,46125554,98.43
"comings",73,46125627,98.43
"commences",73,46125700,98.43
"conch",73,46125773,98.43
"conserving",73,46125846,98.43
"cooped",73,46125919,98.43
"correlate",73,46125992,98.43
"cortex",73,46126065,98.43
"darin",73,46126138,98.43
"dutchman",73,46126211,98.43
"erich",73,46126284,98.43
"escapism",73,46126357,98.43
"fashionistas",73,46126430,98.43
"fests",73,46126503,98.43
"fiberglass",73,46126576,98.43
"figaro",73,46126649,98.43
"flawlessly",73,46126722,98.44
"forewarned",73,46126795,98.44
"frankfort",73,46126868,98.44
"freakish",73,46126941,98.44
"geopolitical",73,46127014,98.44
"gibberish",73,46127087,98.44
"gossiping",73,46127160,98.44
"granddaughters",73,46127233,98.44
"greening",73,46127306,98.44
"gripes",73,46127379,98.44
"grunts",73,46127452,98.44
"headphone",73,46127525,98.44
"heifer",73,46127598,98.44
"hensley",73,46127671,98.44
"hiroshima",73,46127744,98.44
"huck",73,46127817,98.44
"idealized",73,46127890,98.44
"incriminating",73,46127963,98.44
"invocation",73,46128036,98.44
"jester",73,46128109,98.44
"kangaroos",73,46128182,98.44
"kinsey",73,46128255,98.44
"kooky",73,46128328,98.44
"laverne",73,46128401,98.44
"layman",73,46128474,98.44
"lenore",73,46128547,98.44
"liken",73,46128620,98.44
"liven",73,46128693,98.44
"loiter",73,46128766,98.44
"lourdes",73,46128839,98.44
"mallet",73,46128912,98.44
"malnourished",73,46128985,98.44
"mannerisms",73,46129058,98.44
"mascots",73,46129131,98.44
"maturation",73,46129204,98.44
"milieu",73,46129277,98.44
"misfortunes",73,46129350,98.44
"multicolored",73,46129423,98.44
"naturalized",73,46129496,98.44
"oboe",73,46129569,98.44
"oddities",73,46129642,98.44
"originates",73,46129715,98.44
"paddles",73,46129788,98.44
"paneling",73,46129861,98.44
"pectoral",73,46129934,98.44
"pictorial",73,46130007,98.44
"pips",73,46130080,98.44
"pique",73,46130153,98.44
"poncho",73,46130226,98.44
"predictor",73,46130299,98.44
"preps",73,46130372,98.44
"prodigal",73,46130445,98.44
"propositions",73,46130518,98.44
"psychopaths",73,46130591,98.44
"psychotherapy",73,46130664,98.44
"quadrupled",73,46130737,98.44
"reconsidered",73,46130810,98.44
"refreshment",73,46130883,98.44
"resell",73,46130956,98.44
"sexiness",73,46131029,98.44
"shackled",73,46131102,98.44
"shielding",73,46131175,98.44
"slaughterhouse",73,46131248,98.44
"smoothness",73,46131321,98.44
"spayed",73,46131394,98.45
"subtleties",73,46131467,98.45
"sybil",73,46131540,98.45
"syrians",73,46131613,98.45
"teamsters",73,46131686,98.45
"tombs",73,46131759,98.45
"trudy",73,46131832,98.45
"tulane",73,46131905,98.45
"turnoff",73,46131978,98.45
"uncharacteristic",73,46132051,98.45
"undeserved",73,46132124,98.45
"unjustified",73,46132197,98.45
"unsubscribe",73,46132270,98.45
"valuing",73,46132343,98.45
"vanishes",73,46132416,98.45
"vaunted",73,46132489,98.45
"vexing",73,46132562,98.45
"viciously",73,46132635,98.45
"vindictive",73,46132708,98.45
"watchdogs",73,46132781,98.45
"waterboarding",73,46132854,98.45
"woodpecker",73,46132927,98.45
"wordy",73,46133000,98.45
"abolishing",72,46133072,98.45
"acrobat",72,46133144,98.45
"addie",72,46133216,98.45
"alexei",72,46133288,98.45
"analytic",72,46133360,98.45
"angler",72,46133432,98.45
"antennas",72,46133504,98.45
"baptists",72,46133576,98.45
"barges",72,46133648,98.45
"belligerent",72,46133720,98.45
"blackstone",72,46133792,98.45
"blueprints",72,46133864,98.45
"bony",72,46133936,98.45
"brainwashing",72,46134008,98.45
"brooms",72,46134080,98.45
"busing",72,46134152,98.45
"caches",72,46134224,98.45
"canberra",72,46134296,98.45
"canister",72,46134368,98.45
"carcasses",72,46134440,98.45
"casanova",72,46134512,98.45
"caseload",72,46134584,98.45
"cataclysm",72,46134656,98.45
"childhoods",72,46134728,98.45
"claudio",72,46134800,98.45
"cleverness",72,46134872,98.45
"coed",72,46134944,98.45
"coffins",72,46135016,98.45
"collarbone",72,46135088,98.45
"conjuring",72,46135160,98.45
"conservatively",72,46135232,98.45
"crucially",72,46135304,98.45
"crucible",72,46135376,98.45
"crucify",72,46135448,98.45
"damask",72,46135520,98.45
"darfur",72,46135592,98.45
"daybreak",72,46135664,98.45
"decry",72,46135736,98.45
"defaulting",72,46135808,98.45
"differentiated",72,46135880,98.45
"distorting",72,46135952,98.45
"dozing",72,46136024,98.45
"effie",72,46136096,98.46
"erroneously",72,46136168,98.46
"eskimo",72,46136240,98.46
"euphoric",72,46136312,98.46
"fainting",72,46136384,98.46
"financiers",72,46136456,98.46
"fireflies",72,46136528,98.46
"flapper",72,46136600,98.46
"frolicking",72,46136672,98.46
"fuming",72,46136744,98.46
"geisha",72,46136816,98.46
"geller",72,46136888,98.46
"genoa",72,46136960,98.46
"headlong",72,46137032,98.46
"hinduism",72,46137104,98.46
"hotbed",72,46137176,98.46
"imbalances",72,46137248,98.46
"immortalized",72,46137320,98.46
"impervious",72,46137392,98.46
"implode",72,46137464,98.46
"incorporation",72,46137536,98.46
"irishman",72,46137608,98.46
"jihadist",72,46137680,98.46
"kingpin",72,46137752,98.46
"languished",72,46137824,98.46
"laredo",72,46137896,98.46
"lifeboats",72,46137968,98.46
"lipsticks",72,46138040,98.46
"mailings",72,46138112,98.46
"mastectomy",72,46138184,98.46
"maw",72,46138256,98.46
"mercilessly",72,46138328,98.46
"minefield",72,46138400,98.46
"mobilized",72,46138472,98.46
"movable",72,46138544,98.46
"mugging",72,46138616,98.46
"mutter",72,46138688,98.46
"myron",72,46138760,98.46
"nastiness",72,46138832,98.46
"nationalities",72,46138904,98.46
"newsflash",72,46138976,98.46
"nibs",72,46139048,98.46
"northward",72,46139120,98.46
"octave",72,46139192,98.46
"odell",72,46139264,98.46
"omnibus",72,46139336,98.46
"opts",72,46139408,98.46
"outfielders",72,46139480,98.46
"outrun",72,46139552,98.46
"pawns",72,46139624,98.46
"pedaling",72,46139696,98.46
"pensioners",72,46139768,98.46
"permissions",72,46139840,98.46
"perpetuated",72,46139912,98.46
"physicists",72,46139984,98.46
"placards",72,46140056,98.46
"politicized",72,46140128,98.46
"presumptuous",72,46140200,98.46
"projectors",72,46140272,98.46
"pronged",72,46140344,98.46
"prouder",72,46140416,98.46
"prying",72,46140488,98.46
"purify",72,46140560,98.46
"quash",72,46140632,98.46
"quill",72,46140704,98.46
"quilter",72,46140776,98.47
"ration",72,46140848,98.47
"reapers",72,46140920,98.47
"reappear",72,46140992,98.47
"reconstruct",72,46141064,98.47
"recorders",72,46141136,98.47
"redevelop",72,46141208,98.47
"restlessness",72,46141280,98.47
"retrieving",72,46141352,98.47
"retroactively",72,46141424,98.47
"reverie",72,46141496,98.47
"robocalls",72,46141568,98.47
"rumpus",72,46141640,98.47
"sallie",72,46141712,98.47
"seconded",72,46141784,98.47
"shaming",72,46141856,98.47
"sheath",72,46141928,98.47
"simplifying",72,46142000,98.47
"simulcast",72,46142072,98.47
"singularly",72,46142144,98.47
"sleepers",72,46142216,98.47
"sleuth",72,46142288,98.47
"slimming",72,46142360,98.47
"smothering",72,46142432,98.47
"snaking",72,46142504,98.47
"sociable",72,46142576,98.47
"socialite",72,46142648,98.47
"sonar",72,46142720,98.47
"splatter",72,46142792,98.47
"stiffer",72,46142864,98.47
"straddling",72,46142936,98.47
"stringing",72,46143008,98.47
"substitutions",72,46143080,98.47
"swig",72,46143152,98.47
"swooping",72,46143224,98.47
"tabby",72,46143296,98.47
"tambourine",72,46143368,98.47
"teachable",72,46143440,98.47
"teasers",72,46143512,98.47
"theologians",72,46143584,98.47
"torrid",72,46143656,98.47
"twos",72,46143728,98.47
"unoccupied",72,46143800,98.47
"uranus",72,46143872,98.47
"vegetarianism",72,46143944,98.47
"visor",72,46144016,98.47
"vitally",72,46144088,98.47
"washable",72,46144160,98.47
"welds",72,46144232,98.47
"wesleyan",72,46144304,98.47
"whammy",72,46144376,98.47
"yip",72,46144448,98.47
"zeroed",72,46144520,98.47
"ached",71,46144591,98.47
"affidavits",71,46144662,98.47
"alleyway",71,46144733,98.47
"allspice",71,46144804,98.47
"amending",71,46144875,98.47
"anorexic",71,46144946,98.47
"anthems",71,46145017,98.47
"appraiser",71,46145088,98.47
"apprehend",71,46145159,98.47
"aron",71,46145230,98.47
"betraying",71,46145301,98.47
"bombardment",71,46145372,98.47
"booklets",71,46145443,98.47
"buffets",71,46145514,98.48
"burrow",71,46145585,98.48
"caloric",71,46145656,98.48
"catapulted",71,46145727,98.48
"caulk",71,46145798,98.48
"chimps",71,46145869,98.48
"chipmunk",71,46145940,98.48
"clawed",71,46146011,98.48
"coherence",71,46146082,98.48
"complicates",71,46146153,98.48
"consternation",71,46146224,98.48
"crichton",71,46146295,98.48
"darkroom",71,46146366,98.48
"deena",71,46146437,98.48
"demolishing",71,46146508,98.48
"dented",71,46146579,98.48
"depositions",71,46146650,98.48
"detach",71,46146721,98.48
"dinky",71,46146792,98.48
"disheveled",71,46146863,98.48
"distasteful",71,46146934,98.48
"diversions",71,46147005,98.48
"divorcing",71,46147076,98.48
"doled",71,46147147,98.48
"dreyfus",71,46147218,98.48
"dwells",71,46147289,98.48
"egotistical",71,46147360,98.48
"embryonic",71,46147431,98.48
"erupting",71,46147502,98.48
"fathered",71,46147573,98.48
"feedings",71,46147644,98.48
"firefighting",71,46147715,98.48
"flemish",71,46147786,98.48
"flowered",71,46147857,98.48
"formulating",71,46147928,98.48
"frisky",71,46147999,98.48
"frustrates",71,46148070,98.48
"gagging",71,46148141,98.48
"generalizations",71,46148212,98.48
"generalized",71,46148283,98.48
"glowed",71,46148354,98.48
"gravitated",71,46148425,98.48
"grooms",71,46148496,98.48
"gutting",71,46148567,98.48
"haphazard",71,46148638,98.48
"hassles",71,46148709,98.48
"hedging",71,46148780,98.48
"hick",71,46148851,98.48
"homeopathic",71,46148922,98.48
"honcho",71,46148993,98.48
"humbug",71,46149064,98.48
"industrious",71,46149135,98.48
"inhibit",71,46149206,98.48
"janitors",71,46149277,98.48
"jellies",71,46149348,98.48
"jolted",71,46149419,98.48
"kayaks",71,46149490,98.48
"kilo",71,46149561,98.48
"kitschy",71,46149632,98.48
"lawfully",71,46149703,98.48
"lengthen",71,46149774,98.48
"loins",71,46149845,98.48
"magistrates",71,46149916,98.48
"mailers",71,46149987,98.48
"manicures",71,46150058,98.48
"mantras",71,46150129,98.48
"marsala",71,46150200,98.49
"misc",71,46150271,98.49
"mortimer",71,46150342,98.49
"mosaics",71,46150413,98.49
"multifaceted",71,46150484,98.49
"narrates",71,46150555,98.49
"noxious",71,46150626,98.49
"overtook",71,46150697,98.49
"panache",71,46150768,98.49
"parched",71,46150839,98.49
"patrolled",71,46150910,98.49
"pedicures",71,46150981,98.49
"pegasus",71,46151052,98.49
"peppy",71,46151123,98.49
"perceptive",71,46151194,98.49
"picker",71,46151265,98.49
"plows",71,46151336,98.49
"pointedly",71,46151407,98.49
"projectile",71,46151478,98.49
"psoriasis",71,46151549,98.49
"quixote",71,46151620,98.49
"quotient",71,46151691,98.49
"readying",71,46151762,98.49
"recurrence",71,46151833,98.49
"renounce",71,46151904,98.49
"repaying",71,46151975,98.49
"rube",71,46152046,98.49
"salaried",71,46152117,98.49
"salvo",71,46152188,98.49
"sari",71,46152259,98.49
"seeped",71,46152330,98.49
"shad",71,46152401,98.49
"siphon",71,46152472,98.49
"skippy",71,46152543,98.49
"soars",71,46152614,98.49
"sperry",71,46152685,98.49
"sportsmen",71,46152756,98.49
"squatters",71,46152827,98.49
"squirming",71,46152898,98.49
"steadfastly",71,46152969,98.49
"steeply",71,46153040,98.49
"stuttgart",71,46153111,98.49
"subcontractors",71,46153182,98.49
"successors",71,46153253,98.49
"suffocated",71,46153324,98.49
"surrealist",71,46153395,98.49
"taupe",71,46153466,98.49
"teeter",71,46153537,98.49
"toiling",71,46153608,98.49
"topography",71,46153679,98.49
"trisha",71,46153750,98.49
"typeface",71,46153821,98.49
"unappealing",71,46153892,98.49
"unappreciated",71,46153963,98.49
"understandings",71,46154034,98.49
"verbatim",71,46154105,98.49
"vibrates",71,46154176,98.49
"virtuosity",71,46154247,98.49
"volts",71,46154318,98.49
"wyeth",71,46154389,98.49
"aguirre",70,46154459,98.49
"alluding",70,46154529,98.49
"amounting",70,46154599,98.49
"analogue",70,46154669,98.49
"arching",70,46154739,98.49
"armenia",70,46154809,98.49
"aussies",70,46154879,98.5
"axed",70,46154949,98.5
"bancroft",70,46155019,98.5
"barnum",70,46155089,98.5
"batty",70,46155159,98.5
"bedlam",70,46155229,98.5
"beefing",70,46155299,98.5
"beeswax",70,46155369,98.5
"bertha",70,46155439,98.5
"bewildering",70,46155509,98.5
"bjork",70,46155579,98.5
"blimp",70,46155649,98.5
"castings",70,46155719,98.5
"castor",70,46155789,98.5
"catheter",70,46155859,98.5
"cessna",70,46155929,98.5
"chisel",70,46155999,98.5
"citron",70,46156069,98.5
"clamped",70,46156139,98.5
"classless",70,46156209,98.5
"clinicians",70,46156279,98.5
"cloying",70,46156349,98.5
"coalitions",70,46156419,98.5
"cocks",70,46156489,98.5
"coercive",70,46156559,98.5
"commendable",70,46156629,98.5
"conspire",70,46156699,98.5
"coppers",70,46156769,98.5
"countering",70,46156839,98.5
"coverings",70,46156909,98.5
"cringing",70,46156979,98.5
"crouched",70,46157049,98.5
"cubicles",70,46157119,98.5
"curries",70,46157189,98.5
"darting",70,46157259,98.5
"daydreams",70,46157329,98.5
"denominational",70,46157399,98.5
"devilish",70,46157469,98.5
"digitizing",70,46157539,98.5
"disillusionment",70,46157609,98.5
"displeased",70,46157679,98.5
"disputing",70,46157749,98.5
"dissecting",70,46157819,98.5
"doctrinal",70,46157889,98.5
"endive",70,46157959,98.5
"ensconced",70,46158029,98.5
"evasive",70,46158099,98.5
"faceted",70,46158169,98.5
"fleck",70,46158239,98.5
"flirtation",70,46158309,98.5
"foreclose",70,46158379,98.5
"forefathers",70,46158449,98.5
"foreword",70,46158519,98.5
"frameworks",70,46158589,98.5
"frizzy",70,46158659,98.5
"fundamentalism",70,46158729,98.5
"genitalia",70,46158799,98.5
"ghz",70,46158869,98.5
"glared",70,46158939,98.5
"gnomes",70,46159009,98.5
"halve",70,46159079,98.5
"huffing",70,46159149,98.5
"humanist",70,46159219,98.5
"hunker",70,46159289,98.5
"imitated",70,46159359,98.5
"impenetrable",70,46159429,98.5
"imprints",70,46159499,98.5
"indiscriminate",70,46159569,98.51
"ingesting",70,46159639,98.51
"inhabiting",70,46159709,98.51
"invokes",70,46159779,98.51
"iridescent",70,46159849,98.51
"ito",70,46159919,98.51
"jamboree",70,46159989,98.51
"jaunty",70,46160059,98.51
"juxtaposed",70,46160129,98.51
"kepler",70,46160199,98.51
"kerosene",70,46160269,98.51
"layaway",70,46160339,98.51
"lettuces",70,46160409,98.51
"likens",70,46160479,98.51
"localized",70,46160549,98.51
"lula",70,46160619,98.51
"marinating",70,46160689,98.51
"mattel",70,46160759,98.51
"mauled",70,46160829,98.51
"mausoleum",70,46160899,98.51
"melding",70,46160969,98.51
"metaphysics",70,46161039,98.51
"mettle",70,46161109,98.51
"midwifery",70,46161179,98.51
"moaned",70,46161249,98.51
"monotony",70,46161319,98.51
"multiplication",70,46161389,98.51
"musicianship",70,46161459,98.51
"neapolitan",70,46161529,98.51
"niches",70,46161599,98.51
"nudging",70,46161669,98.51
"officiated",70,46161739,98.51
"oman",70,46161809,98.51
"pang",70,46161879,98.51
"pasting",70,46161949,98.51
"patella",70,46162019,98.51
"peeping",70,46162089,98.51
"pelicans",70,46162159,98.51
"pliny",70,46162229,98.51
"poisons",70,46162299,98.51
"postponement",70,46162369,98.51
"redistribute",70,46162439,98.51
"reproach",70,46162509,98.51
"retards",70,46162579,98.51
"rickety",70,46162649,98.51
"rigors",70,46162719,98.51
"rote",70,46162789,98.51
"ruskin",70,46162859,98.51
"sanskrit",70,46162929,98.51
"sardonic",70,46162999,98.51
"scowl",70,46163069,98.51
"sedate",70,46163139,98.51
"seine",70,46163209,98.51
"sharif",70,46163279,98.51
"shire",70,46163349,98.51
"shortsighted",70,46163419,98.51
"shriek",70,46163489,98.51
"slop",70,46163559,98.51
"stockpiles",70,46163629,98.51
"streaked",70,46163699,98.51
"streetcars",70,46163769,98.51
"stunk",70,46163839,98.51
"subculture",70,46163909,98.51
"superpowers",70,46163979,98.51
"sweeper",70,46164049,98.51
"sweetbreads",70,46164119,98.51
"tasmania",70,46164189,98.51
"textural",70,46164259,98.52
"thesaurus",70,46164329,98.52
"thrusts",70,46164399,98.52
"toppling",70,46164469,98.52
"transcended",70,46164539,98.52
"trashing",70,46164609,98.52
"troubadour",70,46164679,98.52
"turds",70,46164749,98.52
"unbelief",70,46164819,98.52
"unprovoked",70,46164889,98.52
"upshot",70,46164959,98.52
"ushering",70,46165029,98.52
"waterford",70,46165099,98.52
"wielded",70,46165169,98.52
"wiggly",70,46165239,98.52
"workaholics",70,46165309,98.52
"xiv",70,46165379,98.52
"yeti",70,46165449,98.52
"zionists",70,46165519,98.52
"activating",69,46165588,98.52
"addled",69,46165657,98.52
"admonished",69,46165726,98.52
"aggregation",69,46165795,98.52
"airway",69,46165864,98.52
"amassing",69,46165933,98.52
"androids",69,46166002,98.52
"aneurysm",69,46166071,98.52
"annotated",69,46166140,98.52
"armpits",69,46166209,98.52
"atari",69,46166278,98.52
"barman",69,46166347,98.52
"batista",69,46166416,98.52
"battering",69,46166485,98.52
"bovine",69,46166554,98.52
"bubbled",69,46166623,98.52
"buddhists",69,46166692,98.52
"buyouts",69,46166761,98.52
"canoes",69,46166830,98.52
"catharsis",69,46166899,98.52
"chastity",69,46166968,98.52
"confections",69,46167037,98.52
"congregational",69,46167106,98.52
"conquers",69,46167175,98.52
"consented",69,46167244,98.52
"constructions",69,46167313,98.52
"creaking",69,46167382,98.52
"creases",69,46167451,98.52
"cyst",69,46167520,98.52
"daimler",69,46167589,98.52
"delicatessen",69,46167658,98.52
"directories",69,46167727,98.52
"dirtiest",69,46167796,98.52
"displace",69,46167865,98.52
"distanced",69,46167934,98.52
"doling",69,46168003,98.52
"drifter",69,46168072,98.52
"dunedin",69,46168141,98.52
"duplicates",69,46168210,98.52
"dykes",69,46168279,98.52
"elaborately",69,46168348,98.52
"elevations",69,46168417,98.52
"enlisting",69,46168486,98.52
"enron",69,46168555,98.52
"equaled",69,46168624,98.52
"expel",69,46168693,98.52
"exporter",69,46168762,98.52
"eyelash",69,46168831,98.52
"fantasizing",69,46168900,98.53
"fatima",69,46168969,98.53
"fiduciary",69,46169038,98.53
"frighteningly",69,46169107,98.53
"gander",69,46169176,98.53
"genteel",69,46169245,98.53
"haitians",69,46169314,98.53
"hellman",69,46169383,98.53
"hemlock",69,46169452,98.53
"hollowed",69,46169521,98.53
"homily",69,46169590,98.53
"hydrangeas",69,46169659,98.53
"hydrating",69,46169728,98.53
"immorality",69,46169797,98.53
"impeachment",69,46169866,98.53
"intensifying",69,46169935,98.53
"interminable",69,46170004,98.53
"intuit",69,46170073,98.53
"jawed",69,46170142,98.53
"jungles",69,46170211,98.53
"lawlessness",69,46170280,98.53
"lethargy",69,46170349,98.53
"lifeblood",69,46170418,98.53
"loathsome",69,46170487,98.53
"lodges",69,46170556,98.53
"loveliest",69,46170625,98.53
"magnificence",69,46170694,98.53
"maples",69,46170763,98.53
"massaged",69,46170832,98.53
"meander",69,46170901,98.53
"memorably",69,46170970,98.53
"meningitis",69,46171039,98.53
"mitigating",69,46171108,98.53
"mobiles",69,46171177,98.53
"mobsters",69,46171246,98.53
"modicum",69,46171315,98.53
"moldy",69,46171384,98.53
"monetize",69,46171453,98.53
"monstrosity",69,46171522,98.53
"mowers",69,46171591,98.53
"mules",69,46171660,98.53
"mutants",69,46171729,98.53
"necked",69,46171798,98.53
"nixed",69,46171867,98.53
"olden",69,46171936,98.53
"ovations",69,46172005,98.53
"overheating",69,46172074,98.53
"overpopulation",69,46172143,98.53
"overwhelms",69,46172212,98.53
"pager",69,46172281,98.53
"painkiller",69,46172350,98.53
"paraguay",69,46172419,98.53
"parlance",69,46172488,98.53
"parnell",69,46172557,98.53
"peacocks",69,46172626,98.53
"penning",69,46172695,98.53
"peony",69,46172764,98.53
"petticoat",69,46172833,98.53
"pikes",69,46172902,98.53
"prescient",69,46172971,98.53
"primrose",69,46173040,98.53
"privatized",69,46173109,98.53
"recast",69,46173178,98.53
"recidivism",69,46173247,98.53
"reconnaissance",69,46173316,98.53
"recoveries",69,46173385,98.53
"recuperating",69,46173454,98.53
"refrained",69,46173523,98.53
"republics",69,46173592,98.54
"retrieval",69,46173661,98.54
"risers",69,46173730,98.54
"rumblings",69,46173799,98.54
"saginaw",69,46173868,98.54
"salutes",69,46173937,98.54
"schoolboy",69,46174006,98.54
"scurry",69,46174075,98.54
"seeger",69,46174144,98.54
"sergeants",69,46174213,98.54
"shadowing",69,46174282,98.54
"shaka",69,46174351,98.54
"shroud",69,46174420,98.54
"slovenia",69,46174489,98.54
"spotter",69,46174558,98.54
"starchy",69,46174627,98.54
"stepdaughter",69,46174696,98.54
"stetson",69,46174765,98.54
"succumbing",69,46174834,98.54
"suffocate",69,46174903,98.54
"swipes",69,46174972,98.54
"synagogues",69,46175041,98.54
"thirdly",69,46175110,98.54
"thirteenth",69,46175179,98.54
"traditionalist",69,46175248,98.54
"trended",69,46175317,98.54
"triceps",69,46175386,98.54
"ulterior",69,46175455,98.54
"unbelievers",69,46175524,98.54
"uncut",69,46175593,98.54
"undefined",69,46175662,98.54
"undisturbed",69,46175731,98.54
"unearth",69,46175800,98.54
"unfaithful",69,46175869,98.54
"unwashed",69,46175938,98.54
"validating",69,46176007,98.54
"voyages",69,46176076,98.54
"waiving",69,46176145,98.54
"waugh",69,46176214,98.54
"wickets",69,46176283,98.54
"wily",69,46176352,98.54
"workaholic",69,46176421,98.54
"workhorse",69,46176490,98.54
"zeros",69,46176559,98.54
"abounding",68,46176627,98.54
"abram",68,46176695,98.54
"abstained",68,46176763,98.54
"accommodated",68,46176831,98.54
"aghast",68,46176899,98.54
"albatross",68,46176967,98.54
"antiquities",68,46177035,98.54
"arithmetic",68,46177103,98.54
"ashy",68,46177171,98.54
"assisi",68,46177239,98.54
"azalea",68,46177307,98.54
"bankruptcies",68,46177375,98.54
"beeline",68,46177443,98.54
"befuddled",68,46177511,98.54
"begrudgingly",68,46177579,98.54
"blameless",68,46177647,98.54
"bombastic",68,46177715,98.54
"boomed",68,46177783,98.54
"breaststroke",68,46177851,98.54
"brightening",68,46177919,98.54
"catchphrase",68,46177987,98.54
"chalky",68,46178055,98.54
"compatriots",68,46178123,98.54
"compressor",68,46178191,98.54
"configurations",68,46178259,98.55
"confounding",68,46178327,98.55
"cooperstown",68,46178395,98.55
"cranks",68,46178463,98.55
"crimp",68,46178531,98.55
"currant",68,46178599,98.55
"curricula",68,46178667,98.55
"dateline",68,46178735,98.55
"deducted",68,46178803,98.55
"diabetics",68,46178871,98.55
"distilleries",68,46178939,98.55
"dogmatic",68,46179007,98.55
"dressers",68,46179075,98.55
"entrant",68,46179143,98.55
"epidemiology",68,46179211,98.55
"ere",68,46179279,98.55
"escorting",68,46179347,98.55
"excruciatingly",68,46179415,98.55
"exponential",68,46179483,98.55
"fertilized",68,46179551,98.55
"flyover",68,46179619,98.55
"formulaic",68,46179687,98.55
"functioned",68,46179755,98.55
"garnishes",68,46179823,98.55
"gizmo",68,46179891,98.55
"grunting",68,46179959,98.55
"hawker",68,46180027,98.55
"hounded",68,46180095,98.55
"hui",68,46180163,98.55
"hunks",68,46180231,98.55
"inhaler",68,46180299,98.55
"irks",68,46180367,98.55
"janine",68,46180435,98.55
"jeweler",68,46180503,98.55
"juneau",68,46180571,98.55
"kimono",68,46180639,98.55
"kr",68,46180707,98.55
"lapping",68,46180775,98.55
"larvae",68,46180843,98.55
"limerick",68,46180911,98.55
"lobe",68,46180979,98.55
"longitudinal",68,46181047,98.55
"lunchbox",68,46181115,98.55
"lynching",68,46181183,98.55
"malnutrition",68,46181251,98.55
"maoist",68,46181319,98.55
"mccullough",68,46181387,98.55
"megaphone",68,46181455,98.55
"middleman",68,46181523,98.55
"minerva",68,46181591,98.55
"mistook",68,46181659,98.55
"mopping",68,46181727,98.55
"munchkins",68,46181795,98.55
"neonatal",68,46181863,98.55
"notary",68,46181931,98.55
"numbering",68,46181999,98.55
"obstruct",68,46182067,98.55
"ogilvy",68,46182135,98.55
"ora",68,46182203,98.55
"orally",68,46182271,98.55
"outbound",68,46182339,98.55
"overslept",68,46182407,98.55
"overtures",68,46182475,98.55
"pagoda",68,46182543,98.55
"pasts",68,46182611,98.55
"pentecost",68,46182679,98.55
"peppercorn",68,46182747,98.55
"piety",68,46182815,98.55
"pricks",68,46182883,98.55
"prodigious",68,46182951,98.56
"propriety",68,46183019,98.56
"pyle",68,46183087,98.56
"quicksand",68,46183155,98.56
"railways",68,46183223,98.56
"rainstorm",68,46183291,98.56
"rambunctious",68,46183359,98.56
"reeks",68,46183427,98.56
"refueling",68,46183495,98.56
"ronny",68,46183563,98.56
"roughing",68,46183631,98.56
"rubric",68,46183699,98.56
"ruddy",68,46183767,98.56
"satay",68,46183835,98.56
"sawdust",68,46183903,98.56
"searchlight",68,46183971,98.56
"selma",68,46184039,98.56
"sensibly",68,46184107,98.56
"shifty",68,46184175,98.56
"snarl",68,46184243,98.56
"sousa",68,46184311,98.56
"spammer",68,46184379,98.56
"strays",68,46184447,98.56
"suction",68,46184515,98.56
"sundaes",68,46184583,98.56
"swirly",68,46184651,98.56
"symbolically",68,46184719,98.56
"syndication",68,46184787,98.56
"terrors",68,46184855,98.56
"thaddeus",68,46184923,98.56
"tickles",68,46184991,98.56
"tributaries",68,46185059,98.56
"unchallenged",68,46185127,98.56
"undivided",68,46185195,98.56
"unforgivable",68,46185263,98.56
"unpredictability",68,46185331,98.56
"unquestioned",68,46185399,98.56
"unsubstantiated",68,46185467,98.56
"ventilator",68,46185535,98.56
"vintners",68,46185603,98.56
"vixen",68,46185671,98.56
"warbler",68,46185739,98.56
"wilds",68,46185807,98.56
"wizardry",68,46185875,98.56
"workmanship",68,46185943,98.56
"xv",68,46186011,98.56
"zigzag",68,46186079,98.56
"aced",67,46186146,98.56
"adorning",67,46186213,98.56
"aiken",67,46186280,98.56
"alarmingly",67,46186347,98.56
"amenable",67,46186414,98.56
"anchovy",67,46186481,98.56
"ashtray",67,46186548,98.56
"asimov",67,46186615,98.56
"atp",67,46186682,98.56
"badlands",67,46186749,98.56
"bashful",67,46186816,98.56
"beastly",67,46186883,98.56
"bereavement",67,46186950,98.56
"blanketed",67,46187017,98.56
"blindfolded",67,46187084,98.56
"botswana",67,46187151,98.56
"boudoir",67,46187218,98.56
"breakups",67,46187285,98.56
"bristled",67,46187352,98.56
"bypassing",67,46187419,98.56
"caddie",67,46187486,98.56
"calculators",67,46187553,98.56
"catnip",67,46187620,98.56
"cavern",67,46187687,98.57
"compress",67,46187754,98.57
"congolese",67,46187821,98.57
"curmudgeon",67,46187888,98.57
"cursor",67,46187955,98.57
"dames",67,46188022,98.57
"dampened",67,46188089,98.57
"damsel",67,46188156,98.57
"dario",67,46188223,98.57
"deconstruction",67,46188290,98.57
"defraud",67,46188357,98.57
"deirdre",67,46188424,98.57
"dents",67,46188491,98.57
"diagnostics",67,46188558,98.57
"distancing",67,46188625,98.57
"distillation",67,46188692,98.57
"ditty",67,46188759,98.57
"docking",67,46188826,98.57
"doggies",67,46188893,98.57
"dominick",67,46188960,98.57
"dory",67,46189027,98.57
"downbeat",67,46189094,98.57
"drudgery",67,46189161,98.57
"dwindle",67,46189228,98.57
"embryo",67,46189295,98.57
"emulsion",67,46189362,98.57
"festooned",67,46189429,98.57
"finality",67,46189496,98.57
"flirts",67,46189563,98.57
"florentine",67,46189630,98.57
"followup",67,46189697,98.57
"fondest",67,46189764,98.57
"freelancing",67,46189831,98.57
"frontiers",67,46189898,98.57
"futon",67,46189965,98.57
"gambled",67,46190032,98.57
"geothermal",67,46190099,98.57
"gloved",67,46190166,98.57
"gondola",67,46190233,98.57
"gout",67,46190300,98.57
"grouse",67,46190367,98.57
"gynecologist",67,46190434,98.57
"hamsters",67,46190501,98.57
"hanoi",67,46190568,98.57
"haywood",67,46190635,98.57
"heston",67,46190702,98.57
"hocking",67,46190769,98.57
"hodgepodge",67,46190836,98.57
"iguana",67,46190903,98.57
"illusory",67,46190970,98.57
"impotent",67,46191037,98.57
"indices",67,46191104,98.57
"infamy",67,46191171,98.57
"instantaneous",67,46191238,98.57
"invert",67,46191305,98.57
"involuntarily",67,46191372,98.57
"irresponsibility",67,46191439,98.57
"jokers",67,46191506,98.57
"jonathon",67,46191573,98.57
"kiel",67,46191640,98.57
"ladybugs",67,46191707,98.57
"laos",67,46191774,98.57
"lapsed",67,46191841,98.57
"leviathan",67,46191908,98.57
"liquidated",67,46191975,98.57
"loath",67,46192042,98.57
"macintosh",67,46192109,98.57
"marguerite",67,46192176,98.57
"maris",67,46192243,98.57
"mercado",67,46192310,98.57
"monterrey",67,46192377,98.58
"nazism",67,46192444,98.58
"notation",67,46192511,98.58
"obadiah",67,46192578,98.58
"overreach",67,46192645,98.58
"ozark",67,46192712,98.58
"palladium",67,46192779,98.58
"partisans",67,46192846,98.58
"pathogens",67,46192913,98.58
"peacekeeping",67,46192980,98.58
"pelted",67,46193047,98.58
"phoning",67,46193114,98.58
"pickings",67,46193181,98.58
"placate",67,46193248,98.58
"playmate",67,46193315,98.58
"pleats",67,46193382,98.58
"pocketbook",67,46193449,98.58
"preamble",67,46193516,98.58
"preying",67,46193583,98.58
"pulsating",67,46193650,98.58
"purist",67,46193717,98.58
"ragtime",67,46193784,98.58
"ramshackle",67,46193851,98.58
"ratification",67,46193918,98.58
"reinstatement",67,46193985,98.58
"restock",67,46194052,98.58
"resultant",67,46194119,98.58
"reusing",67,46194186,98.58
"ringling",67,46194253,98.58
"rocketed",67,46194320,98.58
"rwandan",67,46194387,98.58
"sable",67,46194454,98.58
"saddens",67,46194521,98.58
"sages",67,46194588,98.58
"sandbags",67,46194655,98.58
"schoolgirl",67,46194722,98.58
"schweitzer",67,46194789,98.58
"scissor",67,46194856,98.58
"segue",67,46194923,98.58
"shacks",67,46194990,98.58
"shames",67,46195057,98.58
"shampoos",67,46195124,98.58
"shiitake",67,46195191,98.58
"shrieks",67,46195258,98.58
"snobby",67,46195325,98.58
"softens",67,46195392,98.58
"splashy",67,46195459,98.58
"stapler",67,46195526,98.58
"stepmom",67,46195593,98.58
"substation",67,46195660,98.58
"sunbelt",67,46195727,98.58
"tatting",67,46195794,98.58
"tenderly",67,46195861,98.58
"thickly",67,46195928,98.58
"tiller",67,46195995,98.58
"torrance",67,46196062,98.58
"transmitter",67,46196129,98.58
"twitches",67,46196196,98.58
"underused",67,46196263,98.58
"undetected",67,46196330,98.58
"unregistered",67,46196397,98.58
"vicar",67,46196464,98.58
"whiteness",67,46196531,98.58
"withdraws",67,46196598,98.58
"wordplay",67,46196665,98.58
"wreaking",67,46196732,98.58
"yardstick",67,46196799,98.58
"yeager",67,46196866,98.58
"yeasty",67,46196933,98.58
"zippy",67,46197000,98.59
"acorns",66,46197066,98.59
"activates",66,46197132,98.59
"admins",66,46197198,98.59
"advisories",66,46197264,98.59
"akbar",66,46197330,98.59
"aleppo",66,46197396,98.59
"alimony",66,46197462,98.59
"amass",66,46197528,98.59
"antagonism",66,46197594,98.59
"assigns",66,46197660,98.59
"associating",66,46197726,98.59
"barnyard",66,46197792,98.59
"biologically",66,46197858,98.59
"blindfold",66,46197924,98.59
"blunderbuss",66,46197990,98.59
"brained",66,46198056,98.59
"brotherly",66,46198122,98.59
"bruin",66,46198188,98.59
"burberry",66,46198254,98.59
"calypso",66,46198320,98.59
"caseworker",66,46198386,98.59
"caveats",66,46198452,98.59
"chalice",66,46198518,98.59
"christa",66,46198584,98.59
"comatose",66,46198650,98.59
"contradicting",66,46198716,98.59
"corresponds",66,46198782,98.59
"cremated",66,46198848,98.59
"crystalline",66,46198914,98.59
"dales",66,46198980,98.59
"dawning",66,46199046,98.59
"deadlock",66,46199112,98.59
"demonstrator",66,46199178,98.59
"despises",66,46199244,98.59
"disapproving",66,46199310,98.59
"discontinue",66,46199376,98.59
"disembodied",66,46199442,98.59
"disseminated",66,46199508,98.59
"doghouse",66,46199574,98.59
"donner",66,46199640,98.59
"drawl",66,46199706,98.59
"dribbled",66,46199772,98.59
"ember",66,46199838,98.59
"encoding",66,46199904,98.59
"enterprising",66,46199970,98.59
"envied",66,46200036,98.59
"epitomizes",66,46200102,98.59
"ewe",66,46200168,98.59
"expendable",66,46200234,98.59
"faculties",66,46200300,98.59
"fads",66,46200366,98.59
"fantasize",66,46200432,98.59
"fester",66,46200498,98.59
"finales",66,46200564,98.59
"flabby",66,46200630,98.59
"flay",66,46200696,98.59
"footballs",66,46200762,98.59
"forearms",66,46200828,98.59
"francs",66,46200894,98.59
"funneling",66,46200960,98.59
"gaffes",66,46201026,98.59
"gilligan",66,46201092,98.59
"glaucoma",66,46201158,98.59
"glazing",66,46201224,98.59
"glossed",66,46201290,98.59
"gnawing",66,46201356,98.59
"grist",66,46201422,98.59
"habitually",66,46201488,98.59
"hag",66,46201554,98.59
"harnessed",66,46201620,98.59
"hatches",66,46201686,98.6
"hayworth",66,46201752,98.6
"henchmen",66,46201818,98.6
"hereditary",66,46201884,98.6
"hierarchical",66,46201950,98.6
"hillsides",66,46202016,98.6
"hissed",66,46202082,98.6
"holstein",66,46202148,98.6
"hookups",66,46202214,98.6
"hospitable",66,46202280,98.6
"hourglass",66,46202346,98.6
"hydrant",66,46202412,98.6
"inaccuracies",66,46202478,98.6
"incision",66,46202544,98.6
"inferiority",66,46202610,98.6
"intercession",66,46202676,98.6
"intrinsically",66,46202742,98.6
"irrelevance",66,46202808,98.6
"ishmael",66,46202874,98.6
"itches",66,46202940,98.6
"jewell",66,46203006,98.6
"jolene",66,46203072,98.6
"judo",66,46203138,98.6
"legislate",66,46203204,98.6
"luvs",66,46203270,98.6
"magpie",66,46203336,98.6
"maneuvered",66,46203402,98.6
"maniacal",66,46203468,98.6
"misinformed",66,46203534,98.6
"mods",66,46203600,98.6
"morbidly",66,46203666,98.6
"munched",66,46203732,98.6
"naturalistic",66,46203798,98.6
"noggin",66,46203864,98.6
"northampton",66,46203930,98.6
"nozzle",66,46203996,98.6
"occidental",66,46204062,98.6
"ointment",66,46204128,98.6
"paradoxically",66,46204194,98.6
"parson",66,46204260,98.6
"patronizing",66,46204326,98.6
"pentecostal",66,46204392,98.6
"perceives",66,46204458,98.6
"perceiving",66,46204524,98.6
"piloted",66,46204590,98.6
"pimples",66,46204656,98.6
"plaguing",66,46204722,98.6
"pocahontas",66,46204788,98.6
"precede",66,46204854,98.6
"procured",66,46204920,98.6
"prospectus",66,46204986,98.6
"pugs",66,46205052,98.6
"punctured",66,46205118,98.6
"radiology",66,46205184,98.6
"recessed",66,46205250,98.6
"redness",66,46205316,98.6
"redoing",66,46205382,98.6
"rehabilitated",66,46205448,98.6
"replayed",66,46205514,98.6
"retold",66,46205580,98.6
"revving",66,46205646,98.6
"robocall",66,46205712,98.6
"rustle",66,46205778,98.6
"scrawny",66,46205844,98.6
"scrutinizing",66,46205910,98.6
"sects",66,46205976,98.6
"sherbet",66,46206042,98.6
"silks",66,46206108,98.6
"slings",66,46206174,98.6
"slivers",66,46206240,98.6
"smother",66,46206306,98.6
"snorted",66,46206372,98.61
"softest",66,46206438,98.61
"sphinx",66,46206504,98.61
"spiteful",66,46206570,98.61
"spokesmen",66,46206636,98.61
"spurned",66,46206702,98.61
"squinting",66,46206768,98.61
"sterilization",66,46206834,98.61
"stranglehold",66,46206900,98.61
"subtraction",66,46206966,98.61
"thongs",66,46207032,98.61
"throwbacks",66,46207098,98.61
"tilts",66,46207164,98.61
"transcendence",66,46207230,98.61
"treble",66,46207296,98.61
"unequivocal",66,46207362,98.61
"unrequited",66,46207428,98.61
"valium",66,46207494,98.61
"variously",66,46207560,98.61
"vitriol",66,46207626,98.61
"vowel",66,46207692,98.61
"wedded",66,46207758,98.61
"wiggles",66,46207824,98.61
"wistfully",66,46207890,98.61
"yamaha",66,46207956,98.61
"yonkers",66,46208022,98.61
"abbreviation",65,46208087,98.61
"abhorrent",65,46208152,98.61
"ably",65,46208217,98.61
"abuzz",65,46208282,98.61
"accosted",65,46208347,98.61
"achievers",65,46208412,98.61
"adversarial",65,46208477,98.61
"amicable",65,46208542,98.61
"apparition",65,46208607,98.61
"arbiter",65,46208672,98.61
"argus",65,46208737,98.61
"asgard",65,46208802,98.61
"astral",65,46208867,98.61
"attractiveness",65,46208932,98.61
"authorizes",65,46208997,98.61
"baa",65,46209062,98.61
"badminton",65,46209127,98.61
"bahama",65,46209192,98.61
"baited",65,46209257,98.61
"ballplayer",65,46209322,98.61
"belittle",65,46209387,98.61
"blinders",65,46209452,98.61
"bloch",65,46209517,98.61
"bloomingdale",65,46209582,98.61
"bouillon",65,46209647,98.61
"breakneck",65,46209712,98.61
"bucked",65,46209777,98.61
"canisters",65,46209842,98.61
"casings",65,46209907,98.61
"censure",65,46209972,98.61
"chiller",65,46210037,98.61
"chimera",65,46210102,98.61
"chokes",65,46210167,98.61
"confection",65,46210232,98.61
"conforming",65,46210297,98.61
"corrosive",65,46210362,98.61
"crayola",65,46210427,98.61
"crony",65,46210492,98.61
"daggers",65,46210557,98.61
"deans",65,46210622,98.61
"departmental",65,46210687,98.61
"deuces",65,46210752,98.61
"digested",65,46210817,98.61
"disintegrate",65,46210882,98.61
"dispatches",65,46210947,98.61
"dissing",65,46211012,98.61
"distortions",65,46211077,98.62
"docent",65,46211142,98.62
"dubs",65,46211207,98.62
"ell",65,46211272,98.62
"emperors",65,46211337,98.62
"emu",65,46211402,98.62
"entailed",65,46211467,98.62
"escapades",65,46211532,98.62
"exiles",65,46211597,98.62
"fables",65,46211662,98.62
"fascinates",65,46211727,98.62
"fastened",65,46211792,98.62
"fireside",65,46211857,98.62
"flinging",65,46211922,98.62
"foibles",65,46211987,98.62
"freelancer",65,46212052,98.62
"fruitcake",65,46212117,98.62
"furnishing",65,46212182,98.62
"giuseppe",65,46212247,98.62
"goa",65,46212312,98.62
"grandstanding",65,46212377,98.62
"grater",65,46212442,98.62
"guardsmen",65,46212507,98.62
"hadrian",65,46212572,98.62
"handsets",65,46212637,98.62
"heartening",65,46212702,98.62
"heretofore",65,46212767,98.62
"homeroom",65,46212832,98.62
"ideologically",65,46212897,98.62
"implausible",65,46212962,98.62
"infiltration",65,46213027,98.62
"intergalactic",65,46213092,98.62
"intermediaries",65,46213157,98.62
"intravenous",65,46213222,98.62
"intrude",65,46213287,98.62
"invisibility",65,46213352,98.62
"irc",65,46213417,98.62
"jeannette",65,46213482,98.62
"johnathan",65,46213547,98.62
"kilroy",65,46213612,98.62
"landings",65,46213677,98.62
"lavishly",65,46213742,98.62
"lengthening",65,46213807,98.62
"linus",65,46213872,98.62
"locomotives",65,46213937,98.62
"loyd",65,46214002,98.62
"luckier",65,46214067,98.62
"manatee",65,46214132,98.62
"marla",65,46214197,98.62
"marveling",65,46214262,98.62
"meteorologists",65,46214327,98.62
"mitten",65,46214392,98.62
"mobilizing",65,46214457,98.62
"mort",65,46214522,98.62
"motorway",65,46214587,98.62
"nipping",65,46214652,98.62
"noelle",65,46214717,98.62
"nourished",65,46214782,98.62
"oozes",65,46214847,98.62
"osage",65,46214912,98.62
"overflows",65,46214977,98.62
"paley",65,46215042,98.62
"panacea",65,46215107,98.62
"pander",65,46215172,98.62
"parentheses",65,46215237,98.62
"poinsettia",65,46215302,98.62
"polaris",65,46215367,98.62
"poring",65,46215432,98.62
"possessive",65,46215497,98.62
"posthumous",65,46215562,98.62
"pouting",65,46215627,98.62
"preschooler",65,46215692,98.62
"prescribing",65,46215757,98.63
"propels",65,46215822,98.63
"quotable",65,46215887,98.63
"radiates",65,46215952,98.63
"rekindle",65,46216017,98.63
"relishes",65,46216082,98.63
"restaurateurs",65,46216147,98.63
"retrain",65,46216212,98.63
"reverses",65,46216277,98.63
"rosewood",65,46216342,98.63
"ruthlessly",65,46216407,98.63
"scold",65,46216472,98.63
"scriptural",65,46216537,98.63
"serpentine",65,46216602,98.63
"serrated",65,46216667,98.63
"seventeenth",65,46216732,98.63
"skeins",65,46216797,98.63
"slumdog",65,46216862,98.63
"snuggles",65,46216927,98.63
"sop",65,46216992,98.63
"soupy",65,46217057,98.63
"staking",65,46217122,98.63
"stirling",65,46217187,98.63
"stonewall",65,46217252,98.63
"subjecting",65,46217317,98.63
"subplots",65,46217382,98.63
"superlative",65,46217447,98.63
"surcharges",65,46217512,98.63
"susana",65,46217577,98.63
"swamps",65,46217642,98.63
"tableau",65,46217707,98.63
"tarnish",65,46217772,98.63
"tawny",65,46217837,98.63
"telescopes",65,46217902,98.63
"terse",65,46217967,98.63
"thicket",65,46218032,98.63
"torte",65,46218097,98.63
"townspeople",65,46218162,98.63
"trinket",65,46218227,98.63
"unfairness",65,46218292,98.63
"unhinged",65,46218357,98.63
"unseemly",65,46218422,98.63
"valparaiso",65,46218487,98.63
"vanquished",65,46218552,98.63
"wetland",65,46218617,98.63
"whopper",65,46218682,98.63
"workbook",65,46218747,98.63
"xanadu",65,46218812,98.63
"yaw",65,46218877,98.63
"yore",65,46218942,98.63
"zephyr",65,46219007,98.63
"acrylics",64,46219071,98.63
"ageless",64,46219135,98.63
"aggravation",64,46219199,98.63
"airship",64,46219263,98.63
"allergen",64,46219327,98.63
"alyson",64,46219391,98.63
"animators",64,46219455,98.63
"antisocial",64,46219519,98.63
"anyplace",64,46219583,98.63
"apportionment",64,46219647,98.63
"backhanded",64,46219711,98.63
"bavaria",64,46219775,98.63
"beanbag",64,46219839,98.63
"belgians",64,46219903,98.63
"belles",64,46219967,98.63
"benedictine",64,46220031,98.63
"bessie",64,46220095,98.63
"bodywork",64,46220159,98.63
"bogeys",64,46220223,98.63
"boles",64,46220287,98.63
"bongo",64,46220351,98.63
"briefings",64,46220415,98.63
"brownsville",64,46220479,98.64
"bucolic",64,46220543,98.64
"canaveral",64,46220607,98.64
"canonical",64,46220671,98.64
"catastrophes",64,46220735,98.64
"cathedrals",64,46220799,98.64
"cebu",64,46220863,98.64
"centerpieces",64,46220927,98.64
"chicano",64,46220991,98.64
"chomp",64,46221055,98.64
"chucked",64,46221119,98.64
"ciabatta",64,46221183,98.64
"claimant",64,46221247,98.64
"clamor",64,46221311,98.64
"clarion",64,46221375,98.64
"clasped",64,46221439,98.64
"clothe",64,46221503,98.64
"commemorates",64,46221567,98.64
"compensating",64,46221631,98.64
"consoled",64,46221695,98.64
"consults",64,46221759,98.64
"corks",64,46221823,98.64
"courtrooms",64,46221887,98.64
"culminates",64,46221951,98.64
"daddies",64,46222015,98.64
"darwinism",64,46222079,98.64
"deadpan",64,46222143,98.64
"deepens",64,46222207,98.64
"deon",64,46222271,98.64
"desolation",64,46222335,98.64
"diagnosing",64,46222399,98.64
"disabling",64,46222463,98.64
"dispatching",64,46222527,98.64
"disposing",64,46222591,98.64
"dodo",64,46222655,98.64
"doer",64,46222719,98.64
"dominguez",64,46222783,98.64
"drunkenly",64,46222847,98.64
"dung",64,46222911,98.64
"dyslexia",64,46222975,98.64
"earshot",64,46223039,98.64
"edifice",64,46223103,98.64
"eluding",64,46223167,98.64
"emil",64,46223231,98.64
"enslavement",64,46223295,98.64
"episodic",64,46223359,98.64
"eruptions",64,46223423,98.64
"eschew",64,46223487,98.64
"espoused",64,46223551,98.64
"eugenics",64,46223615,98.64
"falsehoods",64,46223679,98.64
"feuds",64,46223743,98.64
"flecked",64,46223807,98.64
"flecks",64,46223871,98.64
"flutes",64,46223935,98.64
"folksy",64,46223999,98.64
"foregone",64,46224063,98.64
"freer",64,46224127,98.64
"fungal",64,46224191,98.64
"gallows",64,46224255,98.64
"gnostic",64,46224319,98.64
"goblet",64,46224383,98.64
"golding",64,46224447,98.64
"goofing",64,46224511,98.64
"governess",64,46224575,98.64
"guardrail",64,46224639,98.64
"harvests",64,46224703,98.64
"hdtv",64,46224767,98.64
"headings",64,46224831,98.64
"honeywell",64,46224895,98.64
"hulls",64,46224959,98.64
"incapacitated",64,46225023,98.64
"infraction",64,46225087,98.64
"insolvent",64,46225151,98.65
"interned",64,46225215,98.65
"invades",64,46225279,98.65
"isolating",64,46225343,98.65
"itineraries",64,46225407,98.65
"laramie",64,46225471,98.65
"laurels",64,46225535,98.65
"legacies",64,46225599,98.65
"loveliness",64,46225663,98.65
"lusty",64,46225727,98.65
"mackerel",64,46225791,98.65
"magnify",64,46225855,98.65
"marshes",64,46225919,98.65
"matchbox",64,46225983,98.65
"melange",64,46226047,98.65
"melton",64,46226111,98.65
"meteorite",64,46226175,98.65
"middleweight",64,46226239,98.65
"millimeter",64,46226303,98.65
"modernized",64,46226367,98.65
"montague",64,46226431,98.65
"narrate",64,46226495,98.65
"nukes",64,46226559,98.65
"octagon",64,46226623,98.65
"omissions",64,46226687,98.65
"omniscient",64,46226751,98.65
"optimizing",64,46226815,98.65
"outlying",64,46226879,98.65
"parachutes",64,46226943,98.65
"paraded",64,46227007,98.65
"parasitic",64,46227071,98.65
"patriarchy",64,46227135,98.65
"penciled",64,46227199,98.65
"pilate",64,46227263,98.65
"plainclothes",64,46227327,98.65
"plating",64,46227391,98.65
"plunked",64,46227455,98.65
"pluses",64,46227519,98.65
"pontoon",64,46227583,98.65
"popularly",64,46227647,98.65
"pricier",64,46227711,98.65
"profiting",64,46227775,98.65
"punting",64,46227839,98.65
"quitter",64,46227903,98.65
"rations",64,46227967,98.65
"reaffirm",64,46228031,98.65
"reams",64,46228095,98.65
"receptors",64,46228159,98.65
"reclining",64,46228223,98.65
"reelected",64,46228287,98.65
"rekindled",64,46228351,98.65
"relieves",64,46228415,98.65
"romanticism",64,46228479,98.65
"sanctuaries",64,46228543,98.65
"savored",64,46228607,98.65
"scantily",64,46228671,98.65
"schlitz",64,46228735,98.65
"scurrying",64,46228799,98.65
"secures",64,46228863,98.65
"shard",64,46228927,98.65
"shasta",64,46228991,98.65
"shilling",64,46229055,98.65
"sine",64,46229119,98.65
"sinkhole",64,46229183,98.65
"sizer",64,46229247,98.65
"slurpee",64,46229311,98.65
"starlet",64,46229375,98.65
"strolls",64,46229439,98.65
"strongholds",64,46229503,98.65
"stubble",64,46229567,98.65
"stuttering",64,46229631,98.65
"sumo",64,46229695,98.65
"superfund",64,46229759,98.65
"surfacing",64,46229823,98.66
"swami",64,46229887,98.66
"swimsuits",64,46229951,98.66
"tendons",64,46230015,98.66
"tennyson",64,46230079,98.66
"tether",64,46230143,98.66
"thankless",64,46230207,98.66
"toastmasters",64,46230271,98.66
"tricycle",64,46230335,98.66
"trudged",64,46230399,98.66
"tumbler",64,46230463,98.66
"turban",64,46230527,98.66
"tusk",64,46230591,98.66
"tuskegee",64,46230655,98.66
"twinge",64,46230719,98.66
"untied",64,46230783,98.66
"verily",64,46230847,98.66
"vibrancy",64,46230911,98.66
"vulnerabilities",64,46230975,98.66
"wallflower",64,46231039,98.66
"wiggling",64,46231103,98.66
"wispy",64,46231167,98.66
"worshipers",64,46231231,98.66
"yanking",64,46231295,98.66
"yucca",64,46231359,98.66
"zebras",64,46231423,98.66
"aggie",63,46231486,98.66
"alta",63,46231549,98.66
"angers",63,46231612,98.66
"antipasti",63,46231675,98.66
"asides",63,46231738,98.66
"aspired",63,46231801,98.66
"audra",63,46231864,98.66
"baffles",63,46231927,98.66
"batons",63,46231990,98.66
"beheaded",63,46232053,98.66
"benefactors",63,46232116,98.66
"bests",63,46232179,98.66
"bpm",63,46232242,98.66
"brownstone",63,46232305,98.66
"buffaloes",63,46232368,98.66
"carpal",63,46232431,98.66
"cataclysmic",63,46232494,98.66
"christmases",63,46232557,98.66
"circuses",63,46232620,98.66
"cloning",63,46232683,98.66
"coasting",63,46232746,98.66
"coatings",63,46232809,98.66
"colonization",63,46232872,98.66
"commensurate",63,46232935,98.66
"coolly",63,46232998,98.66
"coptic",63,46233061,98.66
"cosign",63,46233124,98.66
"counsels",63,46233187,98.66
"creationism",63,46233250,98.66
"crete",63,46233313,98.66
"crossfire",63,46233376,98.66
"cruelly",63,46233439,98.66
"cull",63,46233502,98.66
"darwinian",63,46233565,98.66
"debunked",63,46233628,98.66
"debussy",63,46233691,98.66
"dentures",63,46233754,98.66
"deportations",63,46233817,98.66
"diatribe",63,46233880,98.66
"differentiation",63,46233943,98.66
"dint",63,46234006,98.66
"docile",63,46234069,98.66
"dossier",63,46234132,98.66
"downstate",63,46234195,98.66
"downwards",63,46234258,98.66
"dreadlocks",63,46234321,98.66
"dredging",63,46234384,98.66
"dwelt",63,46234447,98.66
"ecclesiastes",63,46234510,98.67
"edict",63,46234573,98.67
"entropy",63,46234636,98.67
"estuary",63,46234699,98.67
"factually",63,46234762,98.67
"fellini",63,46234825,98.67
"filtration",63,46234888,98.67
"fluctuating",63,46234951,98.67
"foreplay",63,46235014,98.67
"frightens",63,46235077,98.67
"furlongs",63,46235140,98.67
"gills",63,46235203,98.67
"girth",63,46235266,98.67
"glossary",63,46235329,98.67
"gnashing",63,46235392,98.67
"goldilocks",63,46235455,98.67
"gridiron",63,46235518,98.67
"grids",63,46235581,98.67
"grungy",63,46235644,98.67
"guillotine",63,46235707,98.67
"handlebars",63,46235770,98.67
"hardening",63,46235833,98.67
"heartstrings",63,46235896,98.67
"himalayas",63,46235959,98.67
"hov",63,46236022,98.67
"ibis",63,46236085,98.67
"infer",63,46236148,98.67
"infusions",63,46236211,98.67
"interludes",63,46236274,98.67
"judicious",63,46236337,98.67
"justifiably",63,46236400,98.67
"kawasaki",63,46236463,98.67
"laureates",63,46236526,98.67
"limos",63,46236589,98.67
"litmus",63,46236652,98.67
"logjam",63,46236715,98.67
"lunge",63,46236778,98.67
"magnificently",63,46236841,98.67
"maniacs",63,46236904,98.67
"matriarch",63,46236967,98.67
"mavis",63,46237030,98.67
"membranes",63,46237093,98.67
"militarily",63,46237156,98.67
"mismanaged",63,46237219,98.67
"mobster",63,46237282,98.67
"moguls",63,46237345,98.67
"moors",63,46237408,98.67
"mystics",63,46237471,98.67
"narcissist",63,46237534,98.67
"newlywed",63,46237597,98.67
"nines",63,46237660,98.67
"opined",63,46237723,98.67
"oppressors",63,46237786,98.67
"ostracized",63,46237849,98.67
"overruled",63,46237912,98.67
"overtaking",63,46237975,98.67
"overzealous",63,46238038,98.67
"pall",63,46238101,98.67
"paralyzing",63,46238164,98.67
"pestle",63,46238227,98.67
"piecemeal",63,46238290,98.67
"plucky",63,46238353,98.67
"poach",63,46238416,98.67
"politicos",63,46238479,98.67
"postscript",63,46238542,98.67
"precariously",63,46238605,98.67
"prefect",63,46238668,98.67
"prioritizing",63,46238731,98.67
"procreation",63,46238794,98.67
"racetracks",63,46238857,98.67
"reconfigured",63,46238920,98.67
"reflexes",63,46238983,98.67
"regress",63,46239046,98.67
"regressive",63,46239109,98.67
"relinquished",63,46239172,98.68
"resurface",63,46239235,98.68
"reveling",63,46239298,98.68
"rhee",63,46239361,98.68
"ripening",63,46239424,98.68
"rippling",63,46239487,98.68
"romantics",63,46239550,98.68
"scintillating",63,46239613,98.68
"senegal",63,46239676,98.68
"shenandoah",63,46239739,98.68
"shortness",63,46239802,98.68
"skateboards",63,46239865,98.68
"slalom",63,46239928,98.68
"smashes",63,46239991,98.68
"smithereens",63,46240054,98.68
"southerners",63,46240117,98.68
"spoonfuls",63,46240180,98.68
"sportswear",63,46240243,98.68
"sputtered",63,46240306,98.68
"sternly",63,46240369,98.68
"stubby",63,46240432,98.68
"subordinates",63,46240495,98.68
"summoning",63,46240558,98.68
"supernova",63,46240621,98.68
"swordfish",63,46240684,98.68
"tortoises",63,46240747,98.68
"transmitting",63,46240810,98.68
"treachery",63,46240873,98.68
"tucks",63,46240936,98.68
"tull",63,46240999,98.68
"ulster",63,46241062,98.68
"ultrasounds",63,46241125,98.68
"umbilical",63,46241188,98.68
"unchanging",63,46241251,98.68
"unconcerned",63,46241314,98.68
"undaunted",63,46241377,98.68
"undergarments",63,46241440,98.68
"undersea",63,46241503,98.68
"unedited",63,46241566,98.68
"unfilled",63,46241629,98.68
"unofficially",63,46241692,98.68
"untamed",63,46241755,98.68
"vacuumed",63,46241818,98.68
"vented",63,46241881,98.68
"vial",63,46241944,98.68
"vilified",63,46242007,98.68
"villainous",63,46242070,98.68
"vomited",63,46242133,98.68
"watermelons",63,46242196,98.68
"wedlock",63,46242259,98.68
"whitley",63,46242322,98.68
"wholesaler",63,46242385,98.68
"wilma",63,46242448,98.68
"woodard",63,46242511,98.68
"zionism",63,46242574,98.68
"abides",62,46242636,98.68
"accession",62,46242698,98.68
"adj",62,46242760,98.68
"alaric",62,46242822,98.68
"alistair",62,46242884,98.68
"alliteration",62,46242946,98.68
"almanac",62,46243008,98.68
"anathema",62,46243070,98.68
"annexation",62,46243132,98.68
"antennae",62,46243194,98.68
"antibodies",62,46243256,98.68
"aplomb",62,46243318,98.68
"arranges",62,46243380,98.68
"ascendancy",62,46243442,98.68
"axiom",62,46243504,98.68
"belies",62,46243566,98.68
"bellamy",62,46243628,98.68
"bolstering",62,46243690,98.68
"bothersome",62,46243752,98.68
"boulevards",62,46243814,98.68
"bravest",62,46243876,98.69
"breasted",62,46243938,98.69
"breton",62,46244000,98.69
"bulimia",62,46244062,98.69
"bur",62,46244124,98.69
"byline",62,46244186,98.69
"cameroon",62,46244248,98.69
"cede",62,46244310,98.69
"chairing",62,46244372,98.69
"chengdu",62,46244434,98.69
"cholera",62,46244496,98.69
"citibank",62,46244558,98.69
"clements",62,46244620,98.69
"coaxing",62,46244682,98.69
"connectors",62,46244744,98.69
"consigned",62,46244806,98.69
"copped",62,46244868,98.69
"cordoned",62,46244930,98.69
"cutlery",62,46244992,98.69
"dangled",62,46245054,98.69
"defray",62,46245116,98.69
"deliberated",62,46245178,98.69
"delves",62,46245240,98.69
"deservedly",62,46245302,98.69
"devising",62,46245364,98.69
"dictatorial",62,46245426,98.69
"discharges",62,46245488,98.69
"disinterest",62,46245550,98.69
"dissemination",62,46245612,98.69
"doorknob",62,46245674,98.69
"dripped",62,46245736,98.69
"drugstores",62,46245798,98.69
"drumsticks",62,46245860,98.69
"enclose",62,46245922,98.69
"erupts",62,46245984,98.69
"ethnically",62,46246046,98.69
"evictions",62,46246108,98.69
"expedient",62,46246170,98.69
"extramarital",62,46246232,98.69
"fakers",62,46246294,98.69
"fawning",62,46246356,98.69
"fez",62,46246418,98.69
"fiends",62,46246480,98.69
"flaunting",62,46246542,98.69
"flees",62,46246604,98.69
"frauds",62,46246666,98.69
"funnily",62,46246728,98.69
"gassed",62,46246790,98.69
"godliness",62,46246852,98.69
"grievous",62,46246914,98.69
"handpicked",62,46246976,98.69
"hansel",62,46247038,98.69
"heartened",62,46247100,98.69
"highness",62,46247162,98.69
"horticultural",62,46247224,98.69
"hurtling",62,46247286,98.69
"idolatry",62,46247348,98.69
"impregnated",62,46247410,98.69
"incubators",62,46247472,98.69
"infallible",62,46247534,98.69
"infatuated",62,46247596,98.69
"infidels",62,46247658,98.69
"infighting",62,46247720,98.69
"inflexible",62,46247782,98.69
"interment",62,46247844,98.69
"intractable",62,46247906,98.69
"invalidate",62,46247968,98.69
"jul",62,46248030,98.69
"justly",62,46248092,98.69
"jutting",62,46248154,98.69
"kgb",62,46248216,98.69
"laborious",62,46248278,98.69
"lambda",62,46248340,98.69
"lauder",62,46248402,98.69
"linoleum",62,46248464,98.69
"luger",62,46248526,98.69
"mariana",62,46248588,98.7
"mercurial",62,46248650,98.7
"mildew",62,46248712,98.7
"mishandled",62,46248774,98.7
"moat",62,46248836,98.7
"mollie",62,46248898,98.7
"monotone",62,46248960,98.7
"mouthing",62,46249022,98.7
"mouthpiece",62,46249084,98.7
"munro",62,46249146,98.7
"mystified",62,46249208,98.7
"obscenities",62,46249270,98.7
"ogle",62,46249332,98.7
"olin",62,46249394,98.7
"orbital",62,46249456,98.7
"outlived",62,46249518,98.7
"pantomime",62,46249580,98.7
"pediatricians",62,46249642,98.7
"peeved",62,46249704,98.7
"penniless",62,46249766,98.7
"perl",62,46249828,98.7
"phonics",62,46249890,98.7
"platypus",62,46249952,98.7
"plumes",62,46250014,98.7
"polarization",62,46250076,98.7
"pram",62,46250138,98.7
"prankster",62,46250200,98.7
"preconceptions",62,46250262,98.7
"promulgated",62,46250324,98.7
"prozac",62,46250386,98.7
"pullback",62,46250448,98.7
"rationalization",62,46250510,98.7
"razed",62,46250572,98.7
"readability",62,46250634,98.7
"receded",62,46250696,98.7
"refilled",62,46250758,98.7
"resiliency",62,46250820,98.7
"rewrote",62,46250882,98.7
"riveted",62,46250944,98.7
"rte",62,46251006,98.7
"rudder",62,46251068,98.7
"sabina",62,46251130,98.7
"sacraments",62,46251192,98.7
"salacious",62,46251254,98.7
"sanctification",62,46251316,98.7
"scribbling",62,46251378,98.7
"sealer",62,46251440,98.7
"severn",62,46251502,98.7
"skied",62,46251564,98.7
"skinnier",62,46251626,98.7
"slates",62,46251688,98.7
"slushy",62,46251750,98.7
"sours",62,46251812,98.7
"steers",62,46251874,98.7
"strangeness",62,46251936,98.7
"stupor",62,46251998,98.7
"surfboard",62,46252060,98.7
"surmise",62,46252122,98.7
"susanna",62,46252184,98.7
"swiping",62,46252246,98.7
"tanking",62,46252308,98.7
"tasers",62,46252370,98.7
"teak",62,46252432,98.7
"terminating",62,46252494,98.7
"terminus",62,46252556,98.7
"treatise",62,46252618,98.7
"underestimating",62,46252680,98.7
"unsatisfying",62,46252742,98.7
"utc",62,46252804,98.7
"valedictorian",62,46252866,98.7
"vaseline",62,46252928,98.7
"veering",62,46252990,98.7
"verdant",62,46253052,98.7
"vlad",62,46253114,98.7
"waterfowl",62,46253176,98.7
"worshiped",62,46253238,98.71
"acrobats",61,46253299,98.71
"aerialist",61,46253360,98.71
"ahoy",61,46253421,98.71
"airlifted",61,46253482,98.71
"ajax",61,46253543,98.71
"anachronistic",61,46253604,98.71
"antivirus",61,46253665,98.71
"arranger",61,46253726,98.71
"asl",61,46253787,98.71
"assuage",61,46253848,98.71
"astrological",61,46253909,98.71
"backstop",61,46253970,98.71
"baristas",61,46254031,98.71
"beaufort",61,46254092,98.71
"betrays",61,46254153,98.71
"bloodthirsty",61,46254214,98.71
"brainy",61,46254275,98.71
"browsed",61,46254336,98.71
"bungalows",61,46254397,98.71
"butchered",61,46254458,98.71
"capella",61,46254519,98.71
"captors",61,46254580,98.71
"caressing",61,46254641,98.71
"chivalry",61,46254702,98.71
"civics",61,46254763,98.71
"clarifies",61,46254824,98.71
"clink",61,46254885,98.71
"complainant",61,46254946,98.71
"conclusively",61,46255007,98.71
"cong",61,46255068,98.71
"corrupting",61,46255129,98.71
"coupling",61,46255190,98.71
"covenants",61,46255251,98.71
"cringed",61,46255312,98.71
"culminate",61,46255373,98.71
"daemon",61,46255434,98.71
"darrin",61,46255495,98.71
"defuse",61,46255556,98.71
"dens",61,46255617,98.71
"despairing",61,46255678,98.71
"digesting",61,46255739,98.71
"digitize",61,46255800,98.71
"disciplining",61,46255861,98.71
"dispensers",61,46255922,98.71
"disturbingly",61,46255983,98.71
"diversification",61,46256044,98.71
"doorman",61,46256105,98.71
"doting",61,46256166,98.71
"dweller",61,46256227,98.71
"elysian",61,46256288,98.71
"energetically",61,46256349,98.71
"ethernet",61,46256410,98.71
"evaluates",61,46256471,98.71
"exasperation",61,46256532,98.71
"exerted",61,46256593,98.71
"exhilaration",61,46256654,98.71
"farrow",61,46256715,98.71
"fob",61,46256776,98.71
"formaldehyde",61,46256837,98.71
"friar",61,46256898,98.71
"gaunt",61,46256959,98.71
"geologist",61,46257020,98.71
"gobs",61,46257081,98.71
"graceland",61,46257142,98.71
"gradient",61,46257203,98.71
"grannies",61,46257264,98.71
"griping",61,46257325,98.71
"grouper",61,46257386,98.71
"grumbled",61,46257447,98.71
"hallucinating",61,46257508,98.71
"harnessing",61,46257569,98.71
"hesse",61,46257630,98.71
"hinged",61,46257691,98.71
"hobart",61,46257752,98.71
"homeward",61,46257813,98.71
"hostilities",61,46257874,98.71
"hubbub",61,46257935,98.72
"huntley",61,46257996,98.72
"hyperion",61,46258057,98.72
"ignacio",61,46258118,98.72
"illuminates",61,46258179,98.72
"impotence",61,46258240,98.72
"incisive",61,46258301,98.72
"incontinence",61,46258362,98.72
"inert",61,46258423,98.72
"inquest",61,46258484,98.72
"instituting",61,46258545,98.72
"invalidated",61,46258606,98.72
"jetty",61,46258667,98.72
"jezebel",61,46258728,98.72
"laudable",61,46258789,98.72
"leech",61,46258850,98.72
"linchpin",61,46258911,98.72
"llamas",61,46258972,98.72
"luciano",61,46259033,98.72
"lyman",61,46259094,98.72
"maelstrom",61,46259155,98.72
"malleable",61,46259216,98.72
"mathematicians",61,46259277,98.72
"medusa",61,46259338,98.72
"mikes",61,46259399,98.72
"millet",61,46259460,98.72
"minotaur",61,46259521,98.72
"misbehaving",61,46259582,98.72
"moisten",61,46259643,98.72
"moronic",61,46259704,98.72
"mutiny",61,46259765,98.72
"nantucket",61,46259826,98.72
"nauseating",61,46259887,98.72
"nightfall",61,46259948,98.72
"okinawa",61,46260009,98.72
"orbits",61,46260070,98.72
"outlast",61,46260131,98.72
"overdoses",61,46260192,98.72
"parse",61,46260253,98.72
"pavilions",61,46260314,98.72
"peking",61,46260375,98.72
"philanthropists",61,46260436,98.72
"photocopy",61,46260497,98.72
"pianists",61,46260558,98.72
"pizzazz",61,46260619,98.72
"postmaster",61,46260680,98.72
"preexisting",61,46260741,98.72
"productively",61,46260802,98.72
"purring",61,46260863,98.72
"renal",61,46260924,98.72
"renderings",61,46260985,98.72
"responsiveness",61,46261046,98.72
"rhea",61,46261107,98.72
"ringleader",61,46261168,98.72
"runyon",61,46261229,98.72
"sensationalism",61,46261290,98.72
"serbs",61,46261351,98.72
"seward",61,46261412,98.72
"shivered",61,46261473,98.72
"showman",61,46261534,98.72
"signifying",61,46261595,98.72
"singling",61,46261656,98.72
"skew",61,46261717,98.72
"slob",61,46261778,98.72
"snatches",61,46261839,98.72
"soaks",61,46261900,98.72
"sorrowful",61,46261961,98.72
"sparkled",61,46262022,98.72
"specifies",61,46262083,98.72
"squander",61,46262144,98.72
"staircases",61,46262205,98.72
"staunchly",61,46262266,98.72
"steinem",61,46262327,98.72
"structuring",61,46262388,98.72
"suds",61,46262449,98.72
"surest",61,46262510,98.72
"synonym",61,46262571,98.72
"tabled",61,46262632,98.73
"thoroughbreds",61,46262693,98.73
"tinsel",61,46262754,98.73
"trembled",61,46262815,98.73
"tremor",61,46262876,98.73
"triumphed",61,46262937,98.73
"turin",61,46262998,98.73
"unintelligible",61,46263059,98.73
"unscientific",61,46263120,98.73
"unwitting",61,46263181,98.73
"uttering",61,46263242,98.73
"uzbekistan",61,46263303,98.73
"vermilion",61,46263364,98.73
"wags",61,46263425,98.73
"whet",61,46263486,98.73
"wingers",61,46263547,98.73
"woodworking",61,46263608,98.73
"wove",61,46263669,98.73
"xiii",61,46263730,98.73
"abed",60,46263790,98.73
"abridged",60,46263850,98.73
"acrobatics",60,46263910,98.73
"aerosol",60,46263970,98.73
"aggrieved",60,46264030,98.73
"ahab",60,46264090,98.73
"alsop",60,46264150,98.73
"archibald",60,46264210,98.73
"armada",60,46264270,98.73
"awestruck",60,46264330,98.73
"ayala",60,46264390,98.73
"balding",60,46264450,98.73
"baroness",60,46264510,98.73
"berths",60,46264570,98.73
"billiards",60,46264630,98.73
"bonfires",60,46264690,98.73
"bronzed",60,46264750,98.73
"bunkers",60,46264810,98.73
"burqa",60,46264870,98.73
"callaghan",60,46264930,98.73
"centimeters",60,46264990,98.73
"centurion",60,46265050,98.73
"climatic",60,46265110,98.73
"configure",60,46265170,98.73
"consul",60,46265230,98.73
"crediting",60,46265290,98.73
"crisper",60,46265350,98.73
"crispness",60,46265410,98.73
"critiqued",60,46265470,98.73
"crosstown",60,46265530,98.73
"crosswise",60,46265590,98.73
"cushioned",60,46265650,98.73
"custodians",60,46265710,98.73
"davids",60,46265770,98.73
"deflate",60,46265830,98.73
"delegations",60,46265890,98.73
"delphi",60,46265950,98.73
"demotion",60,46266010,98.73
"demure",60,46266070,98.73
"designating",60,46266130,98.73
"devalued",60,46266190,98.73
"devolved",60,46266250,98.73
"dianna",60,46266310,98.73
"disobedient",60,46266370,98.73
"disregarding",60,46266430,98.73
"dumbledore",60,46266490,98.73
"eludes",60,46266550,98.73
"erma",60,46266610,98.73
"evading",60,46266670,98.73
"federated",60,46266730,98.73
"fending",60,46266790,98.73
"ferrets",60,46266850,98.73
"fictions",60,46266910,98.73
"firebrand",60,46266970,98.73
"floorboards",60,46267030,98.73
"floundering",60,46267090,98.73
"fluently",60,46267150,98.73
"forested",60,46267210,98.73
"freelancers",60,46267270,98.73
"garnet",60,46267330,98.74
"geraniums",60,46267390,98.74
"grieved",60,46267450,98.74
"haphazardly",60,46267510,98.74
"hearsay",60,46267570,98.74
"hither",60,46267630,98.74
"homely",60,46267690,98.74
"inequalities",60,46267750,98.74
"instilling",60,46267810,98.74
"integrates",60,46267870,98.74
"interprets",60,46267930,98.74
"interviewers",60,46267990,98.74
"irma",60,46268050,98.74
"jailbreak",60,46268110,98.74
"journeyman",60,46268170,98.74
"jpeg",60,46268230,98.74
"keynes",60,46268290,98.74
"kidnappings",60,46268350,98.74
"lancet",60,46268410,98.74
"loire",60,46268470,98.74
"looters",60,46268530,98.74
"loyalist",60,46268590,98.74
"lugging",60,46268650,98.74
"malfunctioning",60,46268710,98.74
"mandalay",60,46268770,98.74
"matisse",60,46268830,98.74
"melendez",60,46268890,98.74
"midas",60,46268950,98.74
"misspelling",60,46269010,98.74
"mutilation",60,46269070,98.74
"nutritionally",60,46269130,98.74
"outperform",60,46269190,98.74
"permeated",60,46269250,98.74
"phosphorus",60,46269310,98.74
"piloting",60,46269370,98.74
"piston",60,46269430,98.74
"plath",60,46269490,98.74
"playfulness",60,46269550,98.74
"poops",60,46269610,98.74
"portability",60,46269670,98.74
"posterior",60,46269730,98.74
"propagate",60,46269790,98.74
"propulsion",60,46269850,98.74
"puny",60,46269910,98.74
"purview",60,46269970,98.74
"queried",60,46270030,98.74
"queuing",60,46270090,98.74
"raincoat",60,46270150,98.74
"rascals",60,46270210,98.74
"rebelled",60,46270270,98.74
"regatta",60,46270330,98.74
"rehash",60,46270390,98.74
"reverent",60,46270450,98.74
"roomful",60,46270510,98.74
"roughed",60,46270570,98.74
"safeguarding",60,46270630,98.74
"sardine",60,46270690,98.74
"sequin",60,46270750,98.74
"shariah",60,46270810,98.74
"sheepish",60,46270870,98.74
"shied",60,46270930,98.74
"shimmers",60,46270990,98.74
"shoring",60,46271050,98.74
"shtick",60,46271110,98.74
"sincerest",60,46271170,98.74
"siting",60,46271230,98.74
"snide",60,46271290,98.74
"spaceships",60,46271350,98.74
"spores",60,46271410,98.74
"squint",60,46271470,98.74
"stockpiling",60,46271530,98.74
"stringy",60,46271590,98.74
"stupendous",60,46271650,98.74
"subjectivity",60,46271710,98.74
"superficially",60,46271770,98.74
"suspecting",60,46271830,98.74
"swerving",60,46271890,98.74
"swingers",60,46271950,98.74
"symbiotic",60,46272010,98.75
"tangles",60,46272070,98.75
"tannin",60,46272130,98.75
"tastiest",60,46272190,98.75
"temperance",60,46272250,98.75
"tetanus",60,46272310,98.75
"tko",60,46272370,98.75
"tugs",60,46272430,98.75
"tutus",60,46272490,98.75
"unbearably",60,46272550,98.75
"uncooperative",60,46272610,98.75
"unreasonably",60,46272670,98.75
"unsatisfactory",60,46272730,98.75
"vinson",60,46272790,98.75
"walkout",60,46272850,98.75
"weaved",60,46272910,98.75
"wickedly",60,46272970,98.75
"wy",60,46273030,98.75
"yap",60,46273090,98.75
"abbreviations",59,46273149,98.75
"accomplices",59,46273208,98.75
"adirondack",59,46273267,98.75
"adorably",59,46273326,98.75
"aegean",59,46273385,98.75
"agar",59,46273444,98.75
"aggravate",59,46273503,98.75
"alhambra",59,46273562,98.75
"altruism",59,46273621,98.75
"anarchism",59,46273680,98.75
"aperitif",59,46273739,98.75
"aquifer",59,46273798,98.75
"assailed",59,46273857,98.75
"aurelius",59,46273916,98.75
"authentically",59,46273975,98.75
"automate",59,46274034,98.75
"babel",59,46274093,98.75
"barbarians",59,46274152,98.75
"barbs",59,46274211,98.75
"beautify",59,46274270,98.75
"bellied",59,46274329,98.75
"bengali",59,46274388,98.75
"blithely",59,46274447,98.75
"blurbs",59,46274506,98.75
"bodybuilding",59,46274565,98.75
"boilerplate",59,46274624,98.75
"bombardier",59,46274683,98.75
"bourgeoisie",59,46274742,98.75
"burks",59,46274801,98.75
"buzzword",59,46274860,98.75
"camacho",59,46274919,98.75
"carnivore",59,46274978,98.75
"caving",59,46275037,98.75
"chippewa",59,46275096,98.75
"cid",59,46275155,98.75
"closeted",59,46275214,98.75
"congestive",59,46275273,98.75
"conifer",59,46275332,98.75
"consenting",59,46275391,98.75
"copywriter",59,46275450,98.75
"counterfeiting",59,46275509,98.75
"crannies",59,46275568,98.75
"creepiest",59,46275627,98.75
"crone",59,46275686,98.75
"dabbling",59,46275745,98.75
"decreed",59,46275804,98.75
"deductibles",59,46275863,98.75
"designations",59,46275922,98.75
"disseminate",59,46275981,98.75
"doers",59,46276040,98.75
"doha",59,46276099,98.75
"dolled",59,46276158,98.75
"dopey",59,46276217,98.75
"drizzly",59,46276276,98.75
"dvrs",59,46276335,98.75
"encompassed",59,46276394,98.75
"enforceable",59,46276453,98.75
"enlargement",59,46276512,98.75
"enlists",59,46276571,98.75
"erecting",59,46276630,98.75
"excavated",59,46276689,98.76
"expend",59,46276748,98.76
"expletives",59,46276807,98.76
"extremities",59,46276866,98.76
"falsifying",59,46276925,98.76
"fevers",59,46276984,98.76
"fixation",59,46277043,98.76
"flanks",59,46277102,98.76
"fluidity",59,46277161,98.76
"frightful",59,46277220,98.76
"gees",59,46277279,98.76
"gehrig",59,46277338,98.76
"gratified",59,46277397,98.76
"grindstone",59,46277456,98.76
"gusty",59,46277515,98.76
"hardball",59,46277574,98.76
"heirlooms",59,46277633,98.76
"hobbes",59,46277692,98.76
"hollered",59,46277751,98.76
"honeydew",59,46277810,98.76
"hospitalizations",59,46277869,98.76
"hubble",59,46277928,98.76
"husk",59,46277987,98.76
"incubus",59,46278046,98.76
"indict",59,46278105,98.76
"indulgences",59,46278164,98.76
"infuses",59,46278223,98.76
"inimitable",59,46278282,98.76
"innards",59,46278341,98.76
"intercom",59,46278400,98.76
"janus",59,46278459,98.76
"koufax",59,46278518,98.76
"lauri",59,46278577,98.76
"leaflet",59,46278636,98.76
"lengthened",59,46278695,98.76
"linton",59,46278754,98.76
"maidens",59,46278813,98.76
"maimed",59,46278872,98.76
"malachi",59,46278931,98.76
"maroons",59,46278990,98.76
"martens",59,46279049,98.76
"marvelously",59,46279108,98.76
"meanest",59,46279167,98.76
"mediated",59,46279226,98.76
"misnomer",59,46279285,98.76
"mossy",59,46279344,98.76
"multipurpose",59,46279403,98.76
"napster",59,46279462,98.76
"negated",59,46279521,98.76
"nonfat",59,46279580,98.76
"oberon",59,46279639,98.76
"obnoxiously",59,46279698,98.76
"odious",59,46279757,98.76
"overestimate",59,46279816,98.76
"overstuffed",59,46279875,98.76
"paraphrasing",59,46279934,98.76
"parodies",59,46279993,98.76
"passerby",59,46280052,98.76
"pastiche",59,46280111,98.76
"peroxide",59,46280170,98.76
"pershing",59,46280229,98.76
"persia",59,46280288,98.76
"perverts",59,46280347,98.76
"pippin",59,46280406,98.76
"pivots",59,46280465,98.76
"pollute",59,46280524,98.76
"polytechnic",59,46280583,98.76
"posits",59,46280642,98.76
"powerhouses",59,46280701,98.76
"preachy",59,46280760,98.76
"propelling",59,46280819,98.76
"prophesied",59,46280878,98.76
"questioner",59,46280937,98.76
"rapped",59,46280996,98.76
"ratify",59,46281055,98.76
"reba",59,46281114,98.76
"recede",59,46281173,98.76
"recoil",59,46281232,98.76
"rectified",59,46281291,98.76
"recurrent",59,46281350,98.77
"recyclables",59,46281409,98.77
"regains",59,46281468,98.77
"regionally",59,46281527,98.77
"retraction",59,46281586,98.77
"rhinos",59,46281645,98.77
"rinsing",59,46281704,98.77
"roasters",59,46281763,98.77
"rogues",59,46281822,98.77
"rummaging",59,46281881,98.77
"ruthie",59,46281940,98.77
"schism",59,46281999,98.77
"scripting",59,46282058,98.77
"shoves",59,46282117,98.77
"showplace",59,46282176,98.77
"skidded",59,46282235,98.77
"slurp",59,46282294,98.77
"snipes",59,46282353,98.77
"sociopath",59,46282412,98.77
"soothed",59,46282471,98.77
"spaniel",59,46282530,98.77
"specifying",59,46282589,98.77
"spellbinder",59,46282648,98.77
"spleen",59,46282707,98.77
"splint",59,46282766,98.77
"spyware",59,46282825,98.77
"squeaked",59,46282884,98.77
"starkly",59,46282943,98.77
"stoker",59,46283002,98.77
"stoners",59,46283061,98.77
"supervisory",59,46283120,98.77
"surfed",59,46283179,98.77
"swarms",59,46283238,98.77
"symbolized",59,46283297,98.77
"synonyms",59,46283356,98.77
"talons",59,46283415,98.77
"tinkerbell",59,46283474,98.77
"trailblazers",59,46283533,98.77
"trouser",59,46283592,98.77
"twofold",59,46283651,98.77
"ulcers",59,46283710,98.77
"unassisted",59,46283769,98.77
"uncaring",59,46283828,98.77
"underachieving",59,46283887,98.77
"uneasiness",59,46283946,98.77
"unification",59,46284005,98.77
"uninspiring",59,46284064,98.77
"unwrap",59,46284123,98.77
"unyielding",59,46284182,98.77
"vapid",59,46284241,98.77
"veracruz",59,46284300,98.77
"vermin",59,46284359,98.77
"vernal",59,46284418,98.77
"walkman",59,46284477,98.77
"weakens",59,46284536,98.77
"wherewithal",59,46284595,98.77
"whosoever",59,46284654,98.77
"wile",59,46284713,98.77
"wyo",59,46284772,98.77
"abominable",58,46284830,98.77
"accusers",58,46284888,98.77
"adrenal",58,46284946,98.77
"allende",58,46285004,98.77
"anesthesiologist",58,46285062,98.77
"anesthetic",58,46285120,98.77
"aqueduct",58,46285178,98.77
"aristocrat",58,46285236,98.77
"atelier",58,46285294,98.77
"avian",58,46285352,98.77
"aviators",58,46285410,98.77
"awoken",58,46285468,98.77
"backboard",58,46285526,98.77
"ballparks",58,46285584,98.77
"barbers",58,46285642,98.77
"baubles",58,46285700,98.77
"beltane",58,46285758,98.77
"bethune",58,46285816,98.77
"bluster",58,46285874,98.77
"bobbin",58,46285932,98.77
"bookkeeper",58,46285990,98.77
"bose",58,46286048,98.78
"bottleneck",58,46286106,98.78
"brazilians",58,46286164,98.78
"brothels",58,46286222,98.78
"cairns",58,46286280,98.78
"canines",58,46286338,98.78
"cannibalism",58,46286396,98.78
"capsized",58,46286454,98.78
"caramels",58,46286512,98.78
"caretakers",58,46286570,98.78
"carpentry",58,46286628,98.78
"carpeted",58,46286686,98.78
"caseloads",58,46286744,98.78
"cassettes",58,46286802,98.78
"causation",58,46286860,98.78
"characteristically",58,46286918,98.78
"chiseled",58,46286976,98.78
"chorale",58,46287034,98.78
"citric",58,46287092,98.78
"cogs",58,46287150,98.78
"conglomerates",58,46287208,98.78
"congratulation",58,46287266,98.78
"conqueror",58,46287324,98.78
"conspicuously",58,46287382,98.78
"convocation",58,46287440,98.78
"cooties",58,46287498,98.78
"corsets",58,46287556,98.78
"courageously",58,46287614,98.78
"cradled",58,46287672,98.78
"dandruff",58,46287730,98.78
"darkening",58,46287788,98.78
"dastardly",58,46287846,98.78
"deadwood",58,46287904,98.78
"deciduous",58,46287962,98.78
"delilah",58,46288020,98.78
"detainee",58,46288078,98.78
"devi",58,46288136,98.78
"dieter",58,46288194,98.78
"discourages",58,46288252,98.78
"disenchanted",58,46288310,98.78
"disparaging",58,46288368,98.78
"dissected",58,46288426,98.78
"dst",58,46288484,98.78
"dyslexic",58,46288542,98.78
"earhart",58,46288600,98.78
"earner",58,46288658,98.78
"elapsed",58,46288716,98.78
"elbowed",58,46288774,98.78
"enforces",58,46288832,98.78
"etching",58,46288890,98.78
"evaded",58,46288948,98.78
"evita",58,46289006,98.78
"excelling",58,46289064,98.78
"extermination",58,46289122,98.78
"familiarize",58,46289180,98.78
"felted",58,46289238,98.78
"flattening",58,46289296,98.78
"flavorings",58,46289354,98.78
"flexed",58,46289412,98.78
"floater",58,46289470,98.78
"forked",58,46289528,98.78
"gatherers",58,46289586,98.78
"gilead",58,46289644,98.78
"glenda",58,46289702,98.78
"glittered",58,46289760,98.78
"godless",58,46289818,98.78
"goff",58,46289876,98.78
"gregorian",58,46289934,98.78
"harbored",58,46289992,98.78
"hauntingly",58,46290050,98.78
"hijackers",58,46290108,98.78
"holdup",58,46290166,98.78
"holograms",58,46290224,98.78
"hooligan",58,46290282,98.78
"humanely",58,46290340,98.78
"humongous",58,46290398,98.78
"hungrier",58,46290456,98.78
"idioms",58,46290514,98.78
"impair",58,46290572,98.78
"inadequacy",58,46290630,98.78
"inaugurated",58,46290688,98.78
"inversion",58,46290746,98.79
"invigorated",58,46290804,98.79
"iterations",58,46290862,98.79
"jamaal",58,46290920,98.79
"jute",58,46290978,98.79
"leniency",58,46291036,98.79
"loon",58,46291094,98.79
"lunching",58,46291152,98.79
"lurch",58,46291210,98.79
"luz",58,46291268,98.79
"maisie",58,46291326,98.79
"mamet",58,46291384,98.79
"milepost",58,46291442,98.79
"minivans",58,46291500,98.79
"monasteries",58,46291558,98.79
"monolith",58,46291616,98.79
"monopolies",58,46291674,98.79
"motoring",58,46291732,98.79
"mozilla",58,46291790,98.79
"multiplicity",58,46291848,98.79
"nibbled",58,46291906,98.79
"normative",58,46291964,98.79
"offside",58,46292022,98.79
"orangutans",58,46292080,98.79
"outdo",58,46292138,98.79
"panning",58,46292196,98.79
"paradoxical",58,46292254,98.79
"patronize",58,46292312,98.79
"peddle",58,46292370,98.79
"plunder",58,46292428,98.79
"potpourri",58,46292486,98.79
"preemptive",58,46292544,98.79
"pretenders",58,46292602,98.79
"priestess",58,46292660,98.79
"publicists",58,46292718,98.79
"puccini",58,46292776,98.79
"purports",58,46292834,98.79
"quadrant",58,46292892,98.79
"quayle",58,46292950,98.79
"quieted",58,46293008,98.79
"quixotic",58,46293066,98.79
"razors",58,46293124,98.79
"reconciling",58,46293182,98.79
"repel",58,46293240,98.79
"restocking",58,46293298,98.79
"retraining",58,46293356,98.79
"rotates",58,46293414,98.79
"sabre",58,46293472,98.79
"sacking",58,46293530,98.79
"sate",58,46293588,98.79
"saudis",58,46293646,98.79
"sega",58,46293704,98.79
"selflessness",58,46293762,98.79
"sequestered",58,46293820,98.79
"setups",58,46293878,98.79
"shingle",58,46293936,98.79
"shinning",58,46293994,98.79
"shoveled",58,46294052,98.79
"silvia",58,46294110,98.79
"skewered",58,46294168,98.79
"smears",58,46294226,98.79
"smokehouse",58,46294284,98.79
"sonnets",58,46294342,98.79
"sontag",58,46294400,98.79
"spares",58,46294458,98.79
"speculations",58,46294516,98.79
"spuds",58,46294574,98.79
"squabbles",58,46294632,98.79
"squeals",58,46294690,98.79
"steepest",58,46294748,98.79
"sterilized",58,46294806,98.79
"stipulated",58,46294864,98.79
"stonehenge",58,46294922,98.79
"straying",58,46294980,98.79
"strobe",58,46295038,98.79
"sunroof",58,46295096,98.79
"swab",58,46295154,98.79
"swedes",58,46295212,98.79
"swerved",58,46295270,98.79
"swooning",58,46295328,98.79
"tenfold",58,46295386,98.79
"terrorizing",58,46295444,98.8
"thermos",58,46295502,98.8
"thrusting",58,46295560,98.8
"toenail",58,46295618,98.8
"trudging",58,46295676,98.8
"undisciplined",58,46295734,98.8
"unicef",58,46295792,98.8
"unimpressive",58,46295850,98.8
"unrestrained",58,46295908,98.8
"untenable",58,46295966,98.8
"valenzuela",58,46296024,98.8
"viewings",58,46296082,98.8
"warblers",58,46296140,98.8
"warlord",58,46296198,98.8
"weightless",58,46296256,98.8
"wheelbarrow",58,46296314,98.8
"winced",58,46296372,98.8
"wishers",58,46296430,98.8
"afterglow",57,46296487,98.8
"appraisers",57,46296544,98.8
"articulating",57,46296601,98.8
"ascribe",57,46296658,98.8
"assimilated",57,46296715,98.8
"azaleas",57,46296772,98.8
"basie",57,46296829,98.8
"bawdy",57,46296886,98.8
"bedazzled",57,46296943,98.8
"bedbug",57,46297000,98.8
"blankly",57,46297057,98.8
"blistered",57,46297114,98.8
"bonaventure",57,46297171,98.8
"brownish",57,46297228,98.8
"burials",57,46297285,98.8
"casseroles",57,46297342,98.8
"christening",57,46297399,98.8
"cokes",57,46297456,98.8
"commemorated",57,46297513,98.8
"compacts",57,46297570,98.8
"compulsively",57,46297627,98.8
"condor",57,46297684,98.8
"confiscate",57,46297741,98.8
"contextual",57,46297798,98.8
"credo",57,46297855,98.8
"crouching",57,46297912,98.8
"dailies",57,46297969,98.8
"deadbeat",57,46298026,98.8
"defrauded",57,46298083,98.8
"depraved",57,46298140,98.8
"desegregation",57,46298197,98.8
"dinged",57,46298254,98.8
"disengaged",57,46298311,98.8
"divinely",57,46298368,98.8
"doze",57,46298425,98.8
"elaborated",57,46298482,98.8
"embarks",57,46298539,98.8
"enrico",57,46298596,98.8
"epithets",57,46298653,98.8
"eunice",57,46298710,98.8
"exemplify",57,46298767,98.8
"extraneous",57,46298824,98.8
"fanboys",57,46298881,98.8
"feuding",57,46298938,98.8
"fiercest",57,46298995,98.8
"firmness",57,46299052,98.8
"fop",57,46299109,98.8
"foregoing",57,46299166,98.8
"foreseen",57,46299223,98.8
"fortify",57,46299280,98.8
"freda",57,46299337,98.8
"frowns",57,46299394,98.8
"gamecocks",57,46299451,98.8
"gateways",57,46299508,98.8
"germanic",57,46299565,98.8
"gorbachev",57,46299622,98.8
"gremlins",57,46299679,98.8
"gulch",57,46299736,98.8
"hagar",57,46299793,98.8
"hams",57,46299850,98.8
"handball",57,46299907,98.8
"harnesses",57,46299964,98.8
"hindenburg",57,46300021,98.8
"hurrying",57,46300078,98.8
"hypothermia",57,46300135,98.81
"ide",57,46300192,98.81
"imparts",57,46300249,98.81
"impropriety",57,46300306,98.81
"indigent",57,46300363,98.81
"inline",57,46300420,98.81
"insertion",57,46300477,98.81
"instigator",57,46300534,98.81
"jeopardized",57,46300591,98.81
"jockeying",57,46300648,98.81
"jostling",57,46300705,98.81
"keisha",57,46300762,98.81
"kirchner",57,46300819,98.81
"lamest",57,46300876,98.81
"landslides",57,46300933,98.81
"leona",57,46300990,98.81
"lesions",57,46301047,98.81
"lighters",57,46301104,98.81
"linkage",57,46301161,98.81
"magnolias",57,46301218,98.81
"matures",57,46301275,98.81
"mercies",57,46301332,98.81
"meteorological",57,46301389,98.81
"millard",57,46301446,98.81
"millstone",57,46301503,98.81
"minutemen",57,46301560,98.81
"mir",57,46301617,98.81
"misgivings",57,46301674,98.81
"mixtures",57,46301731,98.81
"monogamous",57,46301788,98.81
"newsprint",57,46301845,98.81
"nonhuman",57,46301902,98.81
"norwegians",57,46301959,98.81
"offsetting",57,46302016,98.81
"ogre",57,46302073,98.81
"orchestrate",57,46302130,98.81
"othello",57,46302187,98.81
"planing",57,46302244,98.81
"plankton",57,46302301,98.81
"pokey",57,46302358,98.81
"posthumously",57,46302415,98.81
"progeny",57,46302472,98.81
"psychics",57,46302529,98.81
"punctuate",57,46302586,98.81
"rakes",57,46302643,98.81
"recluse",57,46302700,98.81
"reconsidering",57,46302757,98.81
"redolent",57,46302814,98.81
"refuted",57,46302871,98.81
"reinvest",57,46302928,98.81
"repugnant",57,46302985,98.81
"retort",57,46303042,98.81
"ribbing",57,46303099,98.81
"rioters",57,46303156,98.81
"rodin",57,46303213,98.81
"sager",57,46303270,98.81
"sartorial",57,46303327,98.81
"scrolled",57,46303384,98.81
"serenaded",57,46303441,98.81
"shoals",57,46303498,98.81
"shrugging",57,46303555,98.81
"sideburns",57,46303612,98.81
"simplification",57,46303669,98.81
"slather",57,46303726,98.81
"smallpox",57,46303783,98.81
"snarling",57,46303840,98.81
"snoozing",57,46303897,98.81
"snores",57,46303954,98.81
"sockets",57,46304011,98.81
"soluble",57,46304068,98.81
"songbird",57,46304125,98.81
"subvert",57,46304182,98.81
"tattooing",57,46304239,98.81
"taverns",57,46304296,98.81
"technicality",57,46304353,98.81
"teleprompter",57,46304410,98.81
"tendinitis",57,46304467,98.81
"tenet",57,46304524,98.81
"townhouses",57,46304581,98.81
"transporter",57,46304638,98.81
"traversing",57,46304695,98.81
"trekked",57,46304752,98.81
"trucked",57,46304809,98.82
"turntables",57,46304866,98.82
"twinning",57,46304923,98.82
"twisters",57,46304980,98.82
"unadulterated",57,46305037,98.82
"unbecoming",57,46305094,98.82
"understudy",57,46305151,98.82
"underwriters",57,46305208,98.82
"urns",57,46305265,98.82
"victorians",57,46305322,98.82
"visionaries",57,46305379,98.82
"wailed",57,46305436,98.82
"waite",57,46305493,98.82
"wanderer",57,46305550,98.82
"weeps",57,46305607,98.82
"whoosh",57,46305664,98.82
"wilfred",57,46305721,98.82
"willa",57,46305778,98.82
"wiper",57,46305835,98.82
"woozy",57,46305892,98.82
"wrestles",57,46305949,98.82
"ziegler",57,46306006,98.82
"admonition",56,46306062,98.82
"adventist",56,46306118,98.82
"antidepressant",56,46306174,98.82
"apologist",56,46306230,98.82
"apologists",56,46306286,98.82
"appalachia",56,46306342,98.82
"architecturally",56,46306398,98.82
"ares",56,46306454,98.82
"athletically",56,46306510,98.82
"authentication",56,46306566,98.82
"beebe",56,46306622,98.82
"blanca",56,46306678,98.82
"brimstone",56,46306734,98.82
"byes",56,46306790,98.82
"cadaver",56,46306846,98.82
"cardin",56,46306902,98.82
"catapult",56,46306958,98.82
"checkups",56,46307014,98.82
"cheetahs",56,46307070,98.82
"chronologically",56,46307126,98.82
"chrysalis",56,46307182,98.82
"clarissa",56,46307238,98.82
"colombo",56,46307294,98.82
"compendium",56,46307350,98.82
"complimenting",56,46307406,98.82
"confide",56,46307462,98.82
"connoisseurs",56,46307518,98.82
"conquerors",56,46307574,98.82
"conspiracies",56,46307630,98.82
"cooperates",56,46307686,98.82
"coopers",56,46307742,98.82
"correlates",56,46307798,98.82
"cortland",56,46307854,98.82
"cotter",56,46307910,98.82
"creeds",56,46307966,98.82
"cutthroat",56,46308022,98.82
"deere",56,46308078,98.82
"deflection",56,46308134,98.82
"dells",56,46308190,98.82
"depository",56,46308246,98.82
"dexterity",56,46308302,98.82
"disallowed",56,46308358,98.82
"disguises",56,46308414,98.82
"dishonor",56,46308470,98.82
"dissection",56,46308526,98.82
"dissed",56,46308582,98.82
"droopy",56,46308638,98.82
"edwardian",56,46308694,98.82
"emits",56,46308750,98.82
"encoded",56,46308806,98.82
"encroaching",56,46308862,98.82
"encrypted",56,46308918,98.82
"endocrine",56,46308974,98.82
"enforcers",56,46309030,98.82
"ennui",56,46309086,98.82
"erasure",56,46309142,98.82
"evacuees",56,46309198,98.82
"executes",56,46309254,98.82
"exorcism",56,46309310,98.82
"faze",56,46309366,98.82
"feathery",56,46309422,98.82
"festering",56,46309478,98.83
"fisk",56,46309534,98.83
"flickered",56,46309590,98.83
"flossing",56,46309646,98.83
"frailty",56,46309702,98.83
"gecko",56,46309758,98.83
"gelding",56,46309814,98.83
"genial",56,46309870,98.83
"glenna",56,46309926,98.83
"gracing",56,46309982,98.83
"hackney",56,46310038,98.83
"hamstrung",56,46310094,98.83
"hemorrhage",56,46310150,98.83
"herbicide",56,46310206,98.83
"hilt",56,46310262,98.83
"hoards",56,46310318,98.83
"hoff",56,46310374,98.83
"homespun",56,46310430,98.83
"horatio",56,46310486,98.83
"hypnotized",56,46310542,98.83
"implosion",56,46310598,98.83
"impresario",56,46310654,98.83
"inasmuch",56,46310710,98.83
"incurring",56,46310766,98.83
"indisputable",56,46310822,98.83
"inefficiency",56,46310878,98.83
"infusing",56,46310934,98.83
"inhabits",56,46310990,98.83
"initiates",56,46311046,98.83
"instigated",56,46311102,98.83
"jocks",56,46311158,98.83
"kamehameha",56,46311214,98.83
"lavished",56,46311270,98.83
"leopards",56,46311326,98.83
"lifers",56,46311382,98.83
"lina",56,46311438,98.83
"longingly",56,46311494,98.83
"loudspeaker",56,46311550,98.83
"lumbering",56,46311606,98.83
"lunged",56,46311662,98.83
"magnetism",56,46311718,98.83
"masons",56,46311774,98.83
"melancholic",56,46311830,98.83
"merriam",56,46311886,98.83
"messier",56,46311942,98.83
"minuses",56,46311998,98.83
"mirth",56,46312054,98.83
"mitigated",56,46312110,98.83
"mozambique",56,46312166,98.83
"myopic",56,46312222,98.83
"napier",56,46312278,98.83
"nehru",56,46312334,98.83
"nonunion",56,46312390,98.83
"nostril",56,46312446,98.83
"obliterate",56,46312502,98.83
"obstetrics",56,46312558,98.83
"omnipotent",56,46312614,98.83
"optimists",56,46312670,98.83
"orangutan",56,46312726,98.83
"ornery",56,46312782,98.83
"overhear",56,46312838,98.83
"oxycontin",56,46312894,98.83
"parasol",56,46312950,98.83
"parc",56,46313006,98.83
"payload",56,46313062,98.83
"pedometer",56,46313118,98.83
"perfumed",56,46313174,98.83
"phrased",56,46313230,98.83
"pinches",56,46313286,98.83
"pogo",56,46313342,98.83
"politicizing",56,46313398,98.83
"precepts",56,46313454,98.83
"predates",56,46313510,98.83
"previewing",56,46313566,98.83
"primordial",56,46313622,98.83
"proofreading",56,46313678,98.83
"pucker",56,46313734,98.83
"puddings",56,46313790,98.83
"purified",56,46313846,98.83
"raggedy",56,46313902,98.83
"raoul",56,46313958,98.83
"rattles",56,46314014,98.83
"recitation",56,46314070,98.83
"recognizance",56,46314126,98.83
"redheads",56,46314182,98.84
"registries",56,46314238,98.84
"reheated",56,46314294,98.84
"rejoiced",56,46314350,98.84
"revved",56,46314406,98.84
"ridding",56,46314462,98.84
"riffing",56,46314518,98.84
"rigorously",56,46314574,98.84
"rosebud",56,46314630,98.84
"rushmore",56,46314686,98.84
"shapely",56,46314742,98.84
"shatters",56,46314798,98.84
"shopkeepers",56,46314854,98.84
"sidestep",56,46314910,98.84
"simulations",56,46314966,98.84
"slurred",56,46315022,98.84
"sneezes",56,46315078,98.84
"snobbery",56,46315134,98.84
"solvency",56,46315190,98.84
"squandering",56,46315246,98.84
"stereotyped",56,46315302,98.84
"stickler",56,46315358,98.84
"stilted",56,46315414,98.84
"straightaway",56,46315470,98.84
"strudel",56,46315526,98.84
"summarily",56,46315582,98.84
"symmetrical",56,46315638,98.84
"synod",56,46315694,98.84
"tabitha",56,46315750,98.84
"tacit",56,46315806,98.84
"tawdry",56,46315862,98.84
"tompkins",56,46315918,98.84
"trestle",56,46315974,98.84
"tribunals",56,46316030,98.84
"troublemaker",56,46316086,98.84
"trumpeting",56,46316142,98.84
"tubby",56,46316198,98.84
"twill",56,46316254,98.84
"ubiquity",56,46316310,98.84
"ufos",56,46316366,98.84
"underdeveloped",56,46316422,98.84
"unorganized",56,46316478,98.84
"untrained",56,46316534,98.84
"wheezing",56,46316590,98.84
"whippet",56,46316646,98.84
"whipple",56,46316702,98.84
"wingspan",56,46316758,98.84
"wonderment",56,46316814,98.84
"absolution",55,46316869,98.84
"allusions",55,46316924,98.84
"annoyances",55,46316979,98.84
"antagonistic",55,46317034,98.84
"armadillo",55,46317089,98.84
"arousal",55,46317144,98.84
"arterial",55,46317199,98.84
"articulation",55,46317254,98.84
"auspices",55,46317309,98.84
"autopilot",55,46317364,98.84
"aviary",55,46317419,98.84
"beaters",55,46317474,98.84
"begrudge",55,46317529,98.84
"bemoaned",55,46317584,98.84
"benito",55,46317639,98.84
"bhutan",55,46317694,98.84
"blanked",55,46317749,98.84
"bookends",55,46317804,98.84
"braille",55,46317859,98.84
"broached",55,46317914,98.84
"cabbies",55,46317969,98.84
"calcutta",55,46318024,98.84
"camouflaged",55,46318079,98.84
"catty",55,46318134,98.84
"chromium",55,46318189,98.84
"classifications",55,46318244,98.84
"cloudless",55,46318299,98.84
"cluttering",55,46318354,98.84
"cockiness",55,46318409,98.84
"colonized",55,46318464,98.84
"concertmaster",55,46318519,98.84
"concurred",55,46318574,98.84
"cornea",55,46318629,98.84
"cyclones",55,46318684,98.84
"cyclops",55,46318739,98.84
"dawes",55,46318794,98.84
"destruct",55,46318849,98.85
"detects",55,46318904,98.85
"deterrence",55,46318959,98.85
"diocesan",55,46319014,98.85
"disagreeable",55,46319069,98.85
"disarming",55,46319124,98.85
"dropper",55,46319179,98.85
"duckling",55,46319234,98.85
"ecumenical",55,46319289,98.85
"electrolytes",55,46319344,98.85
"emoticon",55,46319399,98.85
"empties",55,46319454,98.85
"encampments",55,46319509,98.85
"enclaves",55,46319564,98.85
"encyclopedic",55,46319619,98.85
"engels",55,46319674,98.85
"epitaph",55,46319729,98.85
"esplanade",55,46319784,98.85
"evergreens",55,46319839,98.85
"facades",55,46319894,98.85
"fellowships",55,46319949,98.85
"feudal",55,46320004,98.85
"francine",55,46320059,98.85
"gobbling",55,46320114,98.85
"gourds",55,46320169,98.85
"grates",55,46320224,98.85
"graying",55,46320279,98.85
"grimace",55,46320334,98.85
"grizzled",55,46320389,98.85
"grooving",55,46320444,98.85
"groped",55,46320499,98.85
"grundy",55,46320554,98.85
"gymnasts",55,46320609,98.85
"gypsum",55,46320664,98.85
"haggling",55,46320719,98.85
"hamstrings",55,46320774,98.85
"handlebar",55,46320829,98.85
"happenstance",55,46320884,98.85
"headers",55,46320939,98.85
"heartthrob",55,46320994,98.85
"heaviness",55,46321049,98.85
"hockney",55,46321104,98.85
"ignites",55,46321159,98.85
"immaterial",55,46321214,98.85
"indefensible",55,46321269,98.85
"infecting",55,46321324,98.85
"interscholastic",55,46321379,98.85
"ironies",55,46321434,98.85
"irrationally",55,46321489,98.85
"italics",55,46321544,98.85
"jain",55,46321599,98.85
"juleps",55,46321654,98.85
"kathie",55,46321709,98.85
"languish",55,46321764,98.85
"leashes",55,46321819,98.85
"lecturers",55,46321874,98.85
"lithe",55,46321929,98.85
"mach",55,46321984,98.85
"maori",55,46322039,98.85
"maude",55,46322094,98.85
"medicate",55,46322149,98.85
"millers",55,46322204,98.85
"monochrome",55,46322259,98.85
"mopped",55,46322314,98.85
"mops",55,46322369,98.85
"mussel",55,46322424,98.85
"napalm",55,46322479,98.85
"narrators",55,46322534,98.85
"nehemiah",55,46322589,98.85
"nestor",55,46322644,98.85
"nominally",55,46322699,98.85
"oaths",55,46322754,98.85
"offsets",55,46322809,98.85
"ominously",55,46322864,98.85
"opportunist",55,46322919,98.85
"outlasted",55,46322974,98.85
"overreact",55,46323029,98.85
"palpitations",55,46323084,98.85
"paradigms",55,46323139,98.85
"paywall",55,46323194,98.85
"percussionist",55,46323249,98.85
"perfectionism",55,46323304,98.85
"perpetuates",55,46323359,98.85
"persimmon",55,46323414,98.85
"piccadilly",55,46323469,98.85
"platelets",55,46323524,98.86
"plied",55,46323579,98.86
"polarity",55,46323634,98.86
"pollinate",55,46323689,98.86
"precipice",55,46323744,98.86
"predisposed",55,46323799,98.86
"priming",55,46323854,98.86
"prioritized",55,46323909,98.86
"rapt",55,46323964,98.86
"ratliff",55,46324019,98.86
"recharging",55,46324074,98.86
"refurbishment",55,46324129,98.86
"reincarnated",55,46324184,98.86
"replicating",55,46324239,98.86
"repositories",55,46324294,98.86
"rerouted",55,46324349,98.86
"ringside",55,46324404,98.86
"ripened",55,46324459,98.86
"rugrats",55,46324514,98.86
"saintly",55,46324569,98.86
"salamander",55,46324624,98.86
"scribbles",55,46324679,98.86
"segundo",55,46324734,98.86
"sensitivities",55,46324789,98.86
"sequential",55,46324844,98.86
"shandy",55,46324899,98.86
"showmanship",55,46324954,98.86
"shuddered",55,46325009,98.86
"sigmund",55,46325064,98.86
"slumps",55,46325119,98.86
"slurping",55,46325174,98.86
"snagging",55,46325229,98.86
"sorghum",55,46325284,98.86
"stoplight",55,46325339,98.86
"streaky",55,46325394,98.86
"streetlight",55,46325449,98.86
"submerge",55,46325504,98.86
"subversion",55,46325559,98.86
"suffrage",55,46325614,98.86
"sunbathing",55,46325669,98.86
"surrogates",55,46325724,98.86
"sympathizers",55,46325779,98.86
"templar",55,46325834,98.86
"thunderbolt",55,46325889,98.86
"tics",55,46325944,98.86
"toothache",55,46325999,98.86
"toothed",55,46326054,98.86
"travails",55,46326109,98.86
"troublemakers",55,46326164,98.86
"underline",55,46326219,98.86
"undeserving",55,46326274,98.86
"undressed",55,46326329,98.86
"unflappable",55,46326384,98.86
"unkempt",55,46326439,98.86
"unsympathetic",55,46326494,98.86
"vasectomy",55,46326549,98.86
"vetoes",55,46326604,98.86
"wallop",55,46326659,98.86
"waver",55,46326714,98.86
"whaling",55,46326769,98.86
"winging",55,46326824,98.86
"wiretaps",55,46326879,98.86
"workmen",55,46326934,98.86
"yeasts",55,46326989,98.86
"accelerates",54,46327043,98.86
"adonis",54,46327097,98.86
"afflictions",54,46327151,98.86
"allergist",54,46327205,98.86
"amble",54,46327259,98.86
"amuses",54,46327313,98.86
"aphids",54,46327367,98.86
"aristocrats",54,46327421,98.86
"arno",54,46327475,98.86
"authoring",54,46327529,98.86
"azerbaijan",54,46327583,98.86
"baboons",54,46327637,98.86
"backwoods",54,46327691,98.86
"barreled",54,46327745,98.86
"bearish",54,46327799,98.86
"behring",54,46327853,98.86
"birdcage",54,46327907,98.86
"bleary",54,46327961,98.86
"boas",54,46328015,98.86
"bongos",54,46328069,98.86
"borden",54,46328123,98.86
"bracken",54,46328177,98.86
"braising",54,46328231,98.87
"breaching",54,46328285,98.87
"breezed",54,46328339,98.87
"buckling",54,46328393,98.87
"bulldozer",54,46328447,98.87
"buoys",54,46328501,98.87
"canny",54,46328555,98.87
"cantonese",54,46328609,98.87
"capricious",54,46328663,98.87
"caravans",54,46328717,98.87
"chablis",54,46328771,98.87
"characterizes",54,46328825,98.87
"clatter",54,46328879,98.87
"clobbered",54,46328933,98.87
"cupped",54,46328987,98.87
"czechoslovakia",54,46329041,98.87
"danube",54,46329095,98.87
"deathbed",54,46329149,98.87
"defrauding",54,46329203,98.87
"devalue",54,46329257,98.87
"dictation",54,46329311,98.87
"diction",54,46329365,98.87
"dilly",54,46329419,98.87
"dimaggio",54,46329473,98.87
"dirtier",54,46329527,98.87
"dotting",54,46329581,98.87
"doughy",54,46329635,98.87
"downers",54,46329689,98.87
"downgrades",54,46329743,98.87
"droll",54,46329797,98.87
"droning",54,46329851,98.87
"droughts",54,46329905,98.87
"earthiness",54,46329959,98.87
"effervescent",54,46330013,98.87
"elasticity",54,46330067,98.87
"electron",54,46330121,98.87
"epics",54,46330175,98.87
"epoch",54,46330229,98.87
"eros",54,46330283,98.87
"escalates",54,46330337,98.87
"evangelists",54,46330391,98.87
"exclaim",54,46330445,98.87
"exhausts",54,46330499,98.87
"exhibitor",54,46330553,98.87
"expressionist",54,46330607,98.87
"extradited",54,46330661,98.87
"extrovert",54,46330715,98.87
"facsimile",54,46330769,98.87
"fairest",54,46330823,98.87
"fanaticism",54,46330877,98.87
"fictionalized",54,46330931,98.87
"fielders",54,46330985,98.87
"finicky",54,46331039,98.87
"flirtatious",54,46331093,98.87
"fluttered",54,46331147,98.87
"footballer",54,46331201,98.87
"gamely",54,46331255,98.87
"gamesmanship",54,46331309,98.87
"garret",54,46331363,98.87
"glint",54,46331417,98.87
"graphically",54,46331471,98.87
"greenhouses",54,46331525,98.87
"headstones",54,46331579,98.87
"heaved",54,46331633,98.87
"hibernate",54,46331687,98.87
"homelands",54,46331741,98.87
"honeybee",54,46331795,98.87
"immobile",54,46331849,98.87
"immunizations",54,46331903,98.87
"impediments",54,46331957,98.87
"implore",54,46332011,98.87
"improvising",54,46332065,98.87
"infidel",54,46332119,98.87
"infirmary",54,46332173,98.87
"interviewee",54,46332227,98.87
"jaipur",54,46332281,98.87
"jogger",54,46332335,98.87
"jurisprudence",54,46332389,98.87
"keats",54,46332443,98.87
"lampoon",54,46332497,98.87
"leblanc",54,46332551,98.87
"lettered",54,46332605,98.87
"lobes",54,46332659,98.87
"madhouse",54,46332713,98.87
"madras",54,46332767,98.87
"magi",54,46332821,98.87
"manifold",54,46332875,98.87
"marci",54,46332929,98.88
"markham",54,46332983,98.88
"mauve",54,46333037,98.88
"menthol",54,46333091,98.88
"meteoric",54,46333145,98.88
"mindlessly",54,46333199,98.88
"misogynist",54,46333253,98.88
"misogynistic",54,46333307,98.88
"morin",54,46333361,98.88
"mote",54,46333415,98.88
"mourns",54,46333469,98.88
"namibia",54,46333523,98.88
"nautilus",54,46333577,98.88
"necessitated",54,46333631,98.88
"neglectful",54,46333685,98.88
"nightcap",54,46333739,98.88
"officeholders",54,46333793,98.88
"orbs",54,46333847,98.88
"outcasts",54,46333901,98.88
"overlapped",54,46333955,98.88
"overlaps",54,46334009,98.88
"overstepped",54,46334063,98.88
"pangs",54,46334117,98.88
"parr",54,46334171,98.88
"personification",54,46334225,98.88
"pinocchio",54,46334279,98.88
"poignancy",54,46334333,98.88
"polygraph",54,46334387,98.88
"practicable",54,46334441,98.88
"proprietors",54,46334495,98.88
"prowling",54,46334549,98.88
"purl",54,46334603,98.88
"quarantined",54,46334657,98.88
"rachelle",54,46334711,98.88
"radicalism",54,46334765,98.88
"ransacked",54,46334819,98.88
"ratcheted",54,46334873,98.88
"rayon",54,46334927,98.88
"readied",54,46334981,98.88
"rechargeable",54,46335035,98.88
"reciprocated",54,46335089,98.88
"recuperate",54,46335143,98.88
"redrawing",54,46335197,98.88
"reenactment",54,46335251,98.88
"refuel",54,46335305,98.88
"reissued",54,46335359,98.88
"relinquishing",54,46335413,98.88
"renews",54,46335467,98.88
"renounced",54,46335521,98.88
"resolutely",54,46335575,98.88
"retorted",54,46335629,98.88
"revivals",54,46335683,98.88
"riddles",54,46335737,98.88
"rossetti",54,46335791,98.88
"rupees",54,46335845,98.88
"sanctified",54,46335899,98.88
"sauced",54,46335953,98.88
"sawed",54,46336007,98.88
"seashore",54,46336061,98.88
"seizes",54,46336115,98.88
"sexting",54,46336169,98.88
"showgirl",54,46336223,98.88
"shuttled",54,46336277,98.88
"snarled",54,46336331,98.88
"sniping",54,46336385,98.88
"snowballs",54,46336439,98.88
"spectral",54,46336493,98.88
"spigot",54,46336547,98.88
"sportscaster",54,46336601,98.88
"stealthy",54,46336655,98.88
"stinger",54,46336709,98.88
"straighter",54,46336763,98.88
"strumming",54,46336817,98.88
"subservient",54,46336871,98.88
"subtracting",54,46336925,98.88
"sufi",54,46336979,98.88
"sulking",54,46337033,98.88
"sumter",54,46337087,98.88
"swindle",54,46337141,98.88
"tearfully",54,46337195,98.88
"thumbing",54,46337249,98.88
"tithe",54,46337303,98.88
"tomahawk",54,46337357,98.88
"tonsils",54,46337411,98.88
"toolbar",54,46337465,98.88
"topsy",54,46337519,98.88
"tormenting",54,46337573,98.88
"trademarked",54,46337627,98.89
"traditionalists",54,46337681,98.89
"transfusion",54,46337735,98.89
"treadmills",54,46337789,98.89
"treks",54,46337843,98.89
"truckload",54,46337897,98.89
"unlocks",54,46337951,98.89
"unscheduled",54,46338005,98.89
"unsteady",54,46338059,98.89
"upstanding",54,46338113,98.89
"vagaries",54,46338167,98.89
"veers",54,46338221,98.89
"verbena",54,46338275,98.89
"visage",54,46338329,98.89
"voluptuous",54,46338383,98.89
"wabash",54,46338437,98.89
"warlock",54,46338491,98.89
"watermark",54,46338545,98.89
"wherefore",54,46338599,98.89
"whimpering",54,46338653,98.89
"winthrop",54,46338707,98.89
"wozniak",54,46338761,98.89
"wrangle",54,46338815,98.89
"aesop",53,46338868,98.89
"alteration",53,46338921,98.89
"americanized",53,46338974,98.89
"amphibious",53,46339027,98.89
"annotate",53,46339080,98.89
"apostrophe",53,46339133,98.89
"appropriateness",53,46339186,98.89
"arjuna",53,46339239,98.89
"arrayed",53,46339292,98.89
"atone",53,46339345,98.89
"bangor",53,46339398,98.89
"baste",53,46339451,98.89
"bathrobe",53,46339504,98.89
"beckon",53,46339557,98.89
"bimbo",53,46339610,98.89
"birdhouse",53,46339663,98.89
"blizzards",53,46339716,98.89
"boarder",53,46339769,98.89
"bookmarking",53,46339822,98.89
"boondocks",53,46339875,98.89
"brassy",53,46339928,98.89
"breading",53,46339981,98.89
"breathlessly",53,46340034,98.89
"bristles",53,46340087,98.89
"brunettes",53,46340140,98.89
"bugle",53,46340193,98.89
"burnished",53,46340246,98.89
"busyness",53,46340299,98.89
"butchering",53,46340352,98.89
"caracas",53,46340405,98.89
"ceasing",53,46340458,98.89
"censoring",53,46340511,98.89
"cheekbones",53,46340564,98.89
"chided",53,46340617,98.89
"choreographers",53,46340670,98.89
"chucking",53,46340723,98.89
"chutzpah",53,46340776,98.89
"coiled",53,46340829,98.89
"commuted",53,46340882,98.89
"corroborate",53,46340935,98.89
"cots",53,46340988,98.89
"cowering",53,46341041,98.89
"craggy",53,46341094,98.89
"croatian",53,46341147,98.89
"curtailing",53,46341200,98.89
"cynically",53,46341253,98.89
"dawns",53,46341306,98.89
"deciphering",53,46341359,98.89
"decking",53,46341412,98.89
"decode",53,46341465,98.89
"decrying",53,46341518,98.89
"defrost",53,46341571,98.89
"demoralizing",53,46341624,98.89
"destinies",53,46341677,98.89
"directorate",53,46341730,98.89
"disarm",53,46341783,98.89
"disturbs",53,46341836,98.89
"dmitri",53,46341889,98.89
"downpours",53,46341942,98.89
"dwarfed",53,46341995,98.89
"earful",53,46342048,98.89
"eliciting",53,46342101,98.89
"emotive",53,46342154,98.89
"encapsulates",53,46342207,98.89
"engraving",53,46342260,98.89
"ensnared",53,46342313,98.9
"environmentalism",53,46342366,98.9
"epictetus",53,46342419,98.9
"epoxy",53,46342472,98.9
"evaporates",53,46342525,98.9
"expatriate",53,46342578,98.9
"expendables",53,46342631,98.9
"felonious",53,46342684,98.9
"felting",53,46342737,98.9
"ferociously",53,46342790,98.9
"flatware",53,46342843,98.9
"fortuitous",53,46342896,98.9
"fragmentation",53,46342949,98.9
"fretted",53,46343002,98.9
"functionally",53,46343055,98.9
"fusing",53,46343108,98.9
"fussed",53,46343161,98.9
"garbanzo",53,46343214,98.9
"gastronomy",53,46343267,98.9
"generics",53,46343320,98.9
"getaways",53,46343373,98.9
"gibbon",53,46343426,98.9
"giggly",53,46343479,98.9
"glaser",53,46343532,98.9
"gloat",53,46343585,98.9
"grappled",53,46343638,98.9
"grinders",53,46343691,98.9
"grownup",53,46343744,98.9
"heightens",53,46343797,98.9
"hippos",53,46343850,98.9
"hobbling",53,46343903,98.9
"hoisting",53,46343956,98.9
"honorably",53,46344009,98.9
"hooky",53,46344062,98.9
"huerta",53,46344115,98.9
"husks",53,46344168,98.9
"hypothetically",53,46344221,98.9
"iliad",53,46344274,98.9
"imparted",53,46344327,98.9
"inbreeding",53,46344380,98.9
"indigestion",53,46344433,98.9
"inebriated",53,46344486,98.9
"kettering",53,46344539,98.9
"kiev",53,46344592,98.9
"lames",53,46344645,98.9
"landlady",53,46344698,98.9
"letitia",53,46344751,98.9
"liaisons",53,46344804,98.9
"magdalene",53,46344857,98.9
"manhole",53,46344910,98.9
"maryann",53,46344963,98.9
"meanders",53,46345016,98.9
"middling",53,46345069,98.9
"nationalization",53,46345122,98.9
"necessitate",53,46345175,98.9
"nicene",53,46345228,98.9
"nippy",53,46345281,98.9
"nonviolence",53,46345334,98.9
"oblong",53,46345387,98.9
"ola",53,46345440,98.9
"opportune",53,46345493,98.9
"opulence",53,46345546,98.9
"orc",53,46345599,98.9
"outperformed",53,46345652,98.9
"overspending",53,46345705,98.9
"paler",53,46345758,98.9
"pantyhose",53,46345811,98.9
"paramilitaries",53,46345864,98.9
"parka",53,46345917,98.9
"pars",53,46345970,98.9
"pathetically",53,46346023,98.9
"payoffs",53,46346076,98.9
"perforated",53,46346129,98.9
"perpetuity",53,46346182,98.9
"perused",53,46346235,98.9
"plumage",53,46346288,98.9
"plumb",53,46346341,98.9
"poi",53,46346394,98.9
"polluters",53,46346447,98.9
"poppa",53,46346500,98.9
"preteen",53,46346553,98.9
"primacy",53,46346606,98.9
"profited",53,46346659,98.9
"purim",53,46346712,98.9
"pyrotechnics",53,46346765,98.9
"quizzed",53,46346818,98.9
"rachmaninoff",53,46346871,98.9
"randomized",53,46346924,98.9
"rebuked",53,46346977,98.91
"recline",53,46347030,98.91
"relishing",53,46347083,98.91
"researches",53,46347136,98.91
"reveled",53,46347189,98.91
"ringtones",53,46347242,98.91
"rumsfeld",53,46347295,98.91
"saltiness",53,46347348,98.91
"sawing",53,46347401,98.91
"scalding",53,46347454,98.91
"sconces",53,46347507,98.91
"scrambles",53,46347560,98.91
"shauna",53,46347613,98.91
"shunning",53,46347666,98.91
"sills",53,46347719,98.91
"sinning",53,46347772,98.91
"slag",53,46347825,98.91
"sledge",53,46347878,98.91
"slovak",53,46347931,98.91
"smokiness",53,46347984,98.91
"snafu",53,46348037,98.91
"spooning",53,46348090,98.91
"steeple",53,46348143,98.91
"styx",53,46348196,98.91
"swampy",53,46348249,98.91
"swatted",53,46348302,98.91
"synced",53,46348355,98.91
"tailspin",53,46348408,98.91
"temperamental",53,46348461,98.91
"thickening",53,46348514,98.91
"thickest",53,46348567,98.91
"toga",53,46348620,98.91
"toiled",53,46348673,98.91
"transnational",53,46348726,98.91
"trapper",53,46348779,98.91
"trashcan",53,46348832,98.91
"traumas",53,46348885,98.91
"triglycerides",53,46348938,98.91
"trudge",53,46348991,98.91
"trumbull",53,46349044,98.91
"tuxedos",53,46349097,98.91
"twee",53,46349150,98.91
"unabated",53,46349203,98.91
"unblock",53,46349256,98.91
"underlining",53,46349309,98.91
"undeterred",53,46349362,98.91
"unrepentant",53,46349415,98.91
"valiantly",53,46349468,98.91
"validates",53,46349521,98.91
"virulent",53,46349574,98.91
"wavelength",53,46349627,98.91
"wiretap",53,46349680,98.91
"wobbling",53,46349733,98.91
"workweek",53,46349786,98.91
"wot",53,46349839,98.91
"wraparound",53,46349892,98.91
"yearned",53,46349945,98.91
"ywca",53,46349998,98.91
"zimbabwean",53,46350051,98.91
"acrimony",52,46350103,98.91
"aden",52,46350155,98.91
"adheres",52,46350207,98.91
"antigua",52,46350259,98.91
"argo",52,46350311,98.91
"argumentative",52,46350363,98.91
"asinine",52,46350415,98.91
"backtrack",52,46350467,98.91
"basalt",52,46350519,98.91
"bennie",52,46350571,98.91
"berated",52,46350623,98.91
"biff",52,46350675,98.91
"bounding",52,46350727,98.91
"brandeis",52,46350779,98.91
"bristle",52,46350831,98.91
"buggers",52,46350883,98.91
"busby",52,46350935,98.91
"catechism",52,46350987,98.91
"chianti",52,46351039,98.91
"convening",52,46351091,98.91
"corollary",52,46351143,98.91
"counterculture",52,46351195,98.91
"craters",52,46351247,98.91
"creaky",52,46351299,98.91
"croquet",52,46351351,98.91
"culpable",52,46351403,98.91
"dachshund",52,46351455,98.91
"decapitated",52,46351507,98.91
"demoing",52,46351559,98.91
"depositing",52,46351611,98.91
"discharging",52,46351663,98.92
"disintegrated",52,46351715,98.92
"distributions",52,46351767,98.92
"dowdy",52,46351819,98.92
"draping",52,46351871,98.92
"dribbles",52,46351923,98.92
"drudge",52,46351975,98.92
"eggplants",52,46352027,98.92
"elvira",52,46352079,98.92
"emoticons",52,46352131,98.92
"enmity",52,46352183,98.92
"errol",52,46352235,98.92
"excepting",52,46352287,98.92
"exclaims",52,46352339,98.92
"fecal",52,46352391,98.92
"fingernail",52,46352443,98.92
"firecrackers",52,46352495,98.92
"framers",52,46352547,98.92
"franck",52,46352599,98.92
"freezers",52,46352651,98.92
"frugality",52,46352703,98.92
"furnaces",52,46352755,98.92
"gabriela",52,46352807,98.92
"gael",52,46352859,98.92
"glib",52,46352911,98.92
"godiva",52,46352963,98.92
"gunfight",52,46353015,98.92
"headstrong",52,46353067,98.92
"heinlein",52,46353119,98.92
"heretics",52,46353171,98.92
"hoagie",52,46353223,98.92
"hosed",52,46353275,98.92
"hyperventilating",52,46353327,98.92
"immersing",52,46353379,98.92
"imploding",52,46353431,98.92
"inconveniences",52,46353483,98.92
"inductions",52,46353535,98.92
"invents",52,46353587,98.92
"isiah",52,46353639,98.92
"islamism",52,46353691,98.92
"jeeves",52,46353743,98.92
"jihadists",52,46353795,98.92
"kidnappers",52,46353847,98.92
"lifeguards",52,46353899,98.92
"llewellyn",52,46353951,98.92
"lookalike",52,46354003,98.92
"lunchroom",52,46354055,98.92
"marcella",52,46354107,98.92
"marcelo",52,46354159,98.92
"matador",52,46354211,98.92
"maura",52,46354263,98.92
"menopausal",52,46354315,98.92
"milne",52,46354367,98.92
"mimicked",52,46354419,98.92
"minutiae",52,46354471,98.92
"misbehavior",52,46354523,98.92
"moisturize",52,46354575,98.92
"moped",52,46354627,98.92
"multilingual",52,46354679,98.92
"murmured",52,46354731,98.92
"muscat",52,46354783,98.92
"navigational",52,46354835,98.92
"needlework",52,46354887,98.92
"nomads",52,46354939,98.92
"nonchalantly",52,46354991,98.92
"nosh",52,46355043,98.92
"nudes",52,46355095,98.92
"nudist",52,46355147,98.92
"nullified",52,46355199,98.92
"obituaries",52,46355251,98.92
"ophthalmologist",52,46355303,98.92
"opiate",52,46355355,98.92
"oppress",52,46355407,98.92
"originator",52,46355459,98.92
"osmosis",52,46355511,98.92
"overhearing",52,46355563,98.92
"overseer",52,46355615,98.92
"paganism",52,46355667,98.92
"panicky",52,46355719,98.92
"pennants",52,46355771,98.92
"perspiration",52,46355823,98.92
"phantoms",52,46355875,98.92
"physicals",52,46355927,98.92
"pigtails",52,46355979,98.92
"poss",52,46356031,98.92
"presides",52,46356083,98.92
"proclamations",52,46356135,98.92
"proportionate",52,46356187,98.92
"prospered",52,46356239,98.92
"psychopathic",52,46356291,98.92
"purchaser",52,46356343,98.93
"puritan",52,46356395,98.93
"quagmire",52,46356447,98.93
"ques",52,46356499,98.93
"rampart",52,46356551,98.93
"reappeared",52,46356603,98.93
"rears",52,46356655,98.93
"redraw",52,46356707,98.93
"regrouped",52,46356759,98.93
"rehabbed",52,46356811,98.93
"reining",52,46356863,98.93
"reiterates",52,46356915,98.93
"reiterating",52,46356967,98.93
"resonating",52,46357019,98.93
"retaliated",52,46357071,98.93
"revitalizing",52,46357123,98.93
"rickshaw",52,46357175,98.93
"robeson",52,46357227,98.93
"rotc",52,46357279,98.93
"rousseau",52,46357331,98.93
"rudolf",52,46357383,98.93
"rusting",52,46357435,98.93
"saki",52,46357487,98.93
"salaam",52,46357539,98.93
"saloons",52,46357591,98.93
"savagely",52,46357643,98.93
"scoping",52,46357695,98.93
"scuttled",52,46357747,98.93
"senile",52,46357799,98.93
"shutdowns",52,46357851,98.93
"sibelius",52,46357903,98.93
"silencing",52,46357955,98.93
"slingshot",52,46358007,98.93
"snout",52,46358059,98.93
"snowmobile",52,46358111,98.93
"solitaire",52,46358163,98.93
"solver",52,46358215,98.93
"southward",52,46358267,98.93
"spaniard",52,46358319,98.93
"spiel",52,46358371,98.93
"staph",52,46358423,98.93
"stopgap",52,46358475,98.93
"straddle",52,46358527,98.93
"stuyvesant",52,46358579,98.93
"subsistence",52,46358631,98.93
"substantiate",52,46358683,98.93
"suiting",52,46358735,98.93
"summing",52,46358787,98.93
"telecasts",52,46358839,98.93
"terrorize",52,46358891,98.93
"thea",52,46358943,98.93
"toddy",52,46358995,98.93
"tongued",52,46359047,98.93
"trackers",52,46359099,98.93
"trafalgar",52,46359151,98.93
"trampling",52,46359203,98.93
"troika",52,46359255,98.93
"trotters",52,46359307,98.93
"truancy",52,46359359,98.93
"truncated",52,46359411,98.93
"tumbleweed",52,46359463,98.93
"uncontested",52,46359515,98.93
"unconvinced",52,46359567,98.93
"undertone",52,46359619,98.93
"unnerved",52,46359671,98.93
"unobtrusive",52,46359723,98.93
"unprofitable",52,46359775,98.93
"unrivaled",52,46359827,98.93
"uso",52,46359879,98.93
"vapors",52,46359931,98.93
"vermicelli",52,46359983,98.93
"victors",52,46360035,98.93
"voids",52,46360087,98.93
"weaning",52,46360139,98.93
"welder",52,46360191,98.93
"windowsill",52,46360243,98.93
"wordsworth",52,46360295,98.93
"wrest",52,46360347,98.93
"yawns",52,46360399,98.93
"zit",52,46360451,98.93
"abhor",51,46360502,98.93
"airfield",51,46360553,98.93
"alertness",51,46360604,98.93
"algerian",51,46360655,98.93
"alisha",51,46360706,98.93
"allegiances",51,46360757,98.93
"alphabetically",51,46360808,98.93
"alston",51,46360859,98.93
"amity",51,46360910,98.93
"amplifier",51,46360961,98.93
"anatomical",51,46361012,98.94
"antiseptic",51,46361063,98.94
"antler",51,46361114,98.94
"applauds",51,46361165,98.94
"atrophy",51,46361216,98.94
"baits",51,46361267,98.94
"banding",51,46361318,98.94
"belittling",51,46361369,98.94
"bertram",51,46361420,98.94
"blushed",51,46361471,98.94
"boarders",51,46361522,98.94
"boondoggle",51,46361573,98.94
"borscht",51,46361624,98.94
"breathtakingly",51,46361675,98.94
"cabanas",51,46361726,98.94
"cantu",51,46361777,98.94
"ceded",51,46361828,98.94
"chaise",51,46361879,98.94
"chaste",51,46361930,98.94
"clio",51,46361981,98.94
"computational",51,46362032,98.94
"connective",51,46362083,98.94
"conservator",51,46362134,98.94
"contemplates",51,46362185,98.94
"contorted",51,46362236,98.94
"corresponded",51,46362287,98.94
"cozumel",51,46362338,98.94
"cranny",51,46362389,98.94
"crisply",51,46362440,98.94
"cussed",51,46362491,98.94
"darla",51,46362542,98.94
"dears",51,46362593,98.94
"delores",51,46362644,98.94
"despondent",51,46362695,98.94
"diggers",51,46362746,98.94
"disaffected",51,46362797,98.94
"disown",51,46362848,98.94
"doormat",51,46362899,98.94
"dozed",51,46362950,98.94
"drakes",51,46363001,98.94
"dram",51,46363052,98.94
"dregs",51,46363103,98.94
"dryden",51,46363154,98.94
"dusky",51,46363205,98.94
"dutiful",51,46363256,98.94
"eastward",51,46363307,98.94
"elizabethan",51,46363358,98.94
"emigration",51,46363409,98.94
"entrapment",51,46363460,98.94
"epsom",51,46363511,98.94
"estelle",51,46363562,98.94
"excalibur",51,46363613,98.94
"extort",51,46363664,98.94
"exude",51,46363715,98.94
"fabrications",51,46363766,98.94
"falconer",51,46363817,98.94
"faxed",51,46363868,98.94
"felling",51,46363919,98.94
"fido",51,46363970,98.94
"flamingos",51,46364021,98.94
"fluctuated",51,46364072,98.94
"freudian",51,46364123,98.94
"fronds",51,46364174,98.94
"funnest",51,46364225,98.94
"furrowed",51,46364276,98.94
"garbo",51,46364327,98.94
"garfunkel",51,46364378,98.94
"gavel",51,46364429,98.94
"gestured",51,46364480,98.94
"ghouls",51,46364531,98.94
"grammatically",51,46364582,98.94
"graphical",51,46364633,98.94
"gregorio",51,46364684,98.94
"groundswell",51,46364735,98.94
"groupings",51,46364786,98.94
"gunslinger",51,46364837,98.94
"gurgling",51,46364888,98.94
"gutenberg",51,46364939,98.94
"hammerstein",51,46364990,98.94
"hark",51,46365041,98.94
"harps",51,46365092,98.94
"headlight",51,46365143,98.94
"headwaters",51,46365194,98.94
"headwinds",51,46365245,98.94
"herons",51,46365296,98.94
"hobos",51,46365347,98.94
"hos",51,46365398,98.94
"hostels",51,46365449,98.94
"humanoid",51,46365500,98.94
"hums",51,46365551,98.94
"hurdler",51,46365602,98.94
"idealist",51,46365653,98.94
"impersonator",51,46365704,98.95
"indoctrinated",51,46365755,98.95
"inductee",51,46365806,98.95
"industrialist",51,46365857,98.95
"inglewood",51,46365908,98.95
"inscrutable",51,46365959,98.95
"installs",51,46366010,98.95
"intensifies",51,46366061,98.95
"jeopardizing",51,46366112,98.95
"jeri",51,46366163,98.95
"jinxed",51,46366214,98.95
"justifications",51,46366265,98.95
"kama",51,46366316,98.95
"kierkegaard",51,46366367,98.95
"krakow",51,46366418,98.95
"lancer",51,46366469,98.95
"larkspur",51,46366520,98.95
"liftoff",51,46366571,98.95
"lisp",51,46366622,98.95
"longshoremen",51,46366673,98.95
"loony",51,46366724,98.95
"lumbar",51,46366775,98.95
"lusts",51,46366826,98.95
"maladies",51,46366877,98.95
"malady",51,46366928,98.95
"marzipan",51,46366979,98.95
"matchmaker",51,46367030,98.95
"meanness",51,46367081,98.95
"meted",51,46367132,98.95
"naturals",51,46367183,98.95
"nichole",51,46367234,98.95
"nitrate",51,46367285,98.95
"nullify",51,46367336,98.95
"numerals",51,46367387,98.95
"ostentatious",51,46367438,98.95
"outhouse",51,46367489,98.95
"outwards",51,46367540,98.95
"overdosed",51,46367591,98.95
"parading",51,46367642,98.95
"parolees",51,46367693,98.95
"photojournalist",51,46367744,98.95
"pilaf",51,46367795,98.95
"pillowcase",51,46367846,98.95
"piranha",51,46367897,98.95
"pittance",51,46367948,98.95
"plying",51,46367999,98.95
"policyholders",51,46368050,98.95
"prairies",51,46368101,98.95
"prided",51,46368152,98.95
"proportioned",51,46368203,98.95
"psychoanalysis",51,46368254,98.95
"rashes",51,46368305,98.95
"reaffirms",51,46368356,98.95
"ream",51,46368407,98.95
"reciprocity",51,46368458,98.95
"recklessness",51,46368509,98.95
"relaying",51,46368560,98.95
"revels",51,46368611,98.95
"rippled",51,46368662,98.95
"rivaled",51,46368713,98.95
"roadkill",51,46368764,98.95
"roused",51,46368815,98.95
"sacs",51,46368866,98.95
"saddles",51,46368917,98.95
"sakai",51,46368968,98.95
"sated",51,46369019,98.95
"scallion",51,46369070,98.95
"scoundrels",51,46369121,98.95
"scurried",51,46369172,98.95
"seaboard",51,46369223,98.95
"sedation",51,46369274,98.95
"seedless",51,46369325,98.95
"seersucker",51,46369376,98.95
"serials",51,46369427,98.95
"settler",51,46369478,98.95
"shana",51,46369529,98.95
"shellac",51,46369580,98.95
"shrew",51,46369631,98.95
"signified",51,46369682,98.95
"slicked",51,46369733,98.95
"smearing",51,46369784,98.95
"southernmost",51,46369835,98.95
"spar",51,46369886,98.95
"squabble",51,46369937,98.95
"stiletto",51,46369988,98.95
"straddles",51,46370039,98.95
"subsides",51,46370090,98.95
"supplanted",51,46370141,98.95
"surefire",51,46370192,98.95
"surreptitiously",51,46370243,98.95
"swished",51,46370294,98.95
"tackler",51,46370345,98.95
"tahiti",51,46370396,98.96
"throb",51,46370447,98.96
"tidied",51,46370498,98.96
"tomes",51,46370549,98.96
"transferable",51,46370600,98.96
"trident",51,46370651,98.96
"tsunamis",51,46370702,98.96
"tufted",51,46370753,98.96
"ulcer",51,46370804,98.96
"unceremoniously",51,46370855,98.96
"undemocratic",51,46370906,98.96
"underclass",51,46370957,98.96
"underweight",51,46371008,98.96
"unfailing",51,46371059,98.96
"unfurled",51,46371110,98.96
"unmistakably",51,46371161,98.96
"unskilled",51,46371212,98.96
"vacationers",51,46371263,98.96
"waded",51,46371314,98.96
"weariness",51,46371365,98.96
"whitehall",51,46371416,98.96
"wields",51,46371467,98.96
"wieners",51,46371518,98.96
"wigwam",51,46371569,98.96
"wishbone",51,46371620,98.96
"wooed",51,46371671,98.96
"wranglers",51,46371722,98.96
"zapata",51,46371773,98.96
"abductions",50,46371823,98.96
"adulation",50,46371873,98.96
"ails",50,46371923,98.96
"aimless",50,46371973,98.96
"alcove",50,46372023,98.96
"amputation",50,46372073,98.96
"aquaculture",50,46372123,98.96
"arron",50,46372173,98.96
"arthritic",50,46372223,98.96
"artifice",50,46372273,98.96
"asiago",50,46372323,98.96
"augmentation",50,46372373,98.96
"autocratic",50,46372423,98.96
"baptize",50,46372473,98.96
"beacons",50,46372523,98.96
"belatedly",50,46372573,98.96
"benevolence",50,46372623,98.96
"beyer",50,46372673,98.96
"bleeping",50,46372723,98.96
"brags",50,46372773,98.96
"brokaw",50,46372823,98.96
"brouhaha",50,46372873,98.96
"bucharest",50,46372923,98.96
"bundling",50,46372973,98.96
"bytes",50,46373023,98.96
"carmine",50,46373073,98.96
"carnivorous",50,46373123,98.96
"chantilly",50,46373173,98.96
"chaplains",50,46373223,98.96
"chums",50,46373273,98.96
"cicadas",50,46373323,98.96
"clans",50,46373373,98.96
"classed",50,46373423,98.96
"clematis",50,46373473,98.96
"clench",50,46373523,98.96
"coalesce",50,46373573,98.96
"colorblind",50,46373623,98.96
"commencing",50,46373673,98.96
"commissary",50,46373723,98.96
"contrite",50,46373773,98.96
"cooing",50,46373823,98.96
"corralled",50,46373873,98.96
"cosmetology",50,46373923,98.96
"coursing",50,46373973,98.96
"courthouses",50,46374023,98.96
"crossbow",50,46374073,98.96
"crucifix",50,46374123,98.96
"crystallized",50,46374173,98.96
"custer",50,46374223,98.96
"cyanide",50,46374273,98.96
"damsels",50,46374323,98.96
"darrow",50,46374373,98.96
"decrees",50,46374423,98.96
"deejay",50,46374473,98.96
"deferring",50,46374523,98.96
"deletes",50,46374573,98.96
"denote",50,46374623,98.96
"denotes",50,46374673,98.96
"dermatitis",50,46374723,98.96
"devastate",50,46374773,98.96
"dialects",50,46374823,98.96
"dilution",50,46374873,98.96
"disobey",50,46374923,98.96
"disqualification",50,46374973,98.96
"distill",50,46375023,98.96
"dreamland",50,46375073,98.97
"drumstick",50,46375123,98.97
"drunkard",50,46375173,98.97
"ducklings",50,46375223,98.97
"emaciated",50,46375273,98.97
"embedding",50,46375323,98.97
"enslave",50,46375373,98.97
"eradicating",50,46375423,98.97
"erases",50,46375473,98.97
"exploitative",50,46375523,98.97
"exteriors",50,46375573,98.97
"fattest",50,46375623,98.97
"federalist",50,46375673,98.97
"felines",50,46375723,98.97
"fishbowl",50,46375773,98.97
"fixings",50,46375823,98.97
"footpath",50,46375873,98.97
"forecaster",50,46375923,98.97
"foreheads",50,46375973,98.97
"forklift",50,46376023,98.97
"frowning",50,46376073,98.97
"galleys",50,46376123,98.97
"gigabyte",50,46376173,98.97
"glaringly",50,46376223,98.97
"glutton",50,46376273,98.97
"gnat",50,46376323,98.97
"gnaw",50,46376373,98.97
"grenada",50,46376423,98.97
"guangzhou",50,46376473,98.97
"gulag",50,46376523,98.97
"hallucination",50,46376573,98.97
"harrow",50,46376623,98.97
"hauls",50,46376673,98.97
"heartbeats",50,46376723,98.97
"heretic",50,46376773,98.97
"holier",50,46376823,98.97
"houseboat",50,46376873,98.97
"hyperactivity",50,46376923,98.97
"ineffectual",50,46376973,98.97
"inhibited",50,46377023,98.97
"inquires",50,46377073,98.97
"interpol",50,46377123,98.97
"juanita",50,46377173,98.97
"judea",50,46377223,98.97
"kindled",50,46377273,98.97
"kwanzaa",50,46377323,98.97
"laziest",50,46377373,98.97
"legible",50,46377423,98.97
"lessens",50,46377473,98.97
"longings",50,46377523,98.97
"loosed",50,46377573,98.97
"macias",50,46377623,98.97
"mackinac",50,46377673,98.97
"malfeasance",50,46377723,98.97
"masher",50,46377773,98.97
"masseuse",50,46377823,98.97
"meaningfully",50,46377873,98.97
"millimeters",50,46377923,98.97
"ministering",50,46377973,98.97
"miro",50,46378023,98.97
"misspell",50,46378073,98.97
"motherly",50,46378123,98.97
"mutated",50,46378173,98.97
"nabokov",50,46378223,98.97
"namath",50,46378273,98.97
"neutron",50,46378323,98.97
"nobodies",50,46378373,98.97
"normality",50,46378423,98.97
"nudges",50,46378473,98.97
"obscures",50,46378523,98.97
"outlawing",50,46378573,98.97
"outtakes",50,46378623,98.97
"overstate",50,46378673,98.97
"parsing",50,46378723,98.97
"peacemaker",50,46378773,98.97
"percolating",50,46378823,98.97
"periodicals",50,46378873,98.97
"permeate",50,46378923,98.97
"petulant",50,46378973,98.97
"piccolo",50,46379023,98.97
"pomegranates",50,46379073,98.97
"porcupine",50,46379123,98.97
"preponderance",50,46379173,98.97
"professing",50,46379223,98.97
"quark",50,46379273,98.97
"rampaging",50,46379323,98.97
"rarities",50,46379373,98.97
"ravages",50,46379423,98.97
"reachable",50,46379473,98.97
"reassessment",50,46379523,98.97
"redecorating",50,46379573,98.97
"redgrave",50,46379623,98.97
"rena",50,46379673,98.97
"reprisals",50,46379723,98.97
"reptilian",50,46379773,98.98
"robson",50,46379823,98.98
"rocha",50,46379873,98.98
"roughest",50,46379923,98.98
"sabotaging",50,46379973,98.98
"sarajevo",50,46380023,98.98
"savant",50,46380073,98.98
"scalpel",50,46380123,98.98
"scorch",50,46380173,98.98
"sharpener",50,46380223,98.98
"showgirls",50,46380273,98.98
"shuffles",50,46380323,98.98
"silvers",50,46380373,98.98
"skimp",50,46380423,98.98
"skirted",50,46380473,98.98
"skylights",50,46380523,98.98
"slashes",50,46380573,98.98
"slough",50,46380623,98.98
"slyly",50,46380673,98.98
"smirking",50,46380723,98.98
"snooping",50,46380773,98.98
"snooty",50,46380823,98.98
"snuffed",50,46380873,98.98
"spearheading",50,46380923,98.98
"squires",50,46380973,98.98
"stiffened",50,46381023,98.98
"stomps",50,46381073,98.98
"strenuously",50,46381123,98.98
"sufferer",50,46381173,98.98
"swaggering",50,46381223,98.98
"symphonies",50,46381273,98.98
"synthesizers",50,46381323,98.98
"tacks",50,46381373,98.98
"tardiness",50,46381423,98.98
"taxonomy",50,46381473,98.98
"tendrils",50,46381523,98.98
"termites",50,46381573,98.98
"throwers",50,46381623,98.98
"tombstones",50,46381673,98.98
"trumpeted",50,46381723,98.98
"truthfulness",50,46381773,98.98
"tryst",50,46381823,98.98
"ugandan",50,46381873,98.98
"uncommonly",50,46381923,98.98
"underwrite",50,46381973,98.98
"unevenly",50,46382023,98.98
"unstructured",50,46382073,98.98
"urdu",50,46382123,98.98
"utensil",50,46382173,98.98
"vacuous",50,46382223,98.98
"wadi",50,46382273,98.98
"wesson",50,46382323,98.98
"wicks",50,46382373,98.98
"wiry",50,46382423,98.98
"yogis",50,46382473,98.98
"abandons",49,46382522,98.98
"abated",49,46382571,98.98
"abstractions",49,46382620,98.98
"adhesives",49,46382669,98.98
"agonized",49,46382718,98.98
"albania",49,46382767,98.98
"aligns",49,46382816,98.98
"alumna",49,46382865,98.98
"ancients",49,46382914,98.98
"angkor",49,46382963,98.98
"annabel",49,46383012,98.98
"annihilated",49,46383061,98.98
"appendage",49,46383110,98.98
"aquariums",49,46383159,98.98
"archway",49,46383208,98.98
"aspca",49,46383257,98.98
"astonish",49,46383306,98.98
"attributing",49,46383355,98.98
"banquets",49,46383404,98.98
"baptiste",49,46383453,98.98
"barreling",49,46383502,98.98
"barrister",49,46383551,98.98
"beekeeping",49,46383600,98.98
"beeps",49,46383649,98.98
"bellows",49,46383698,98.98
"betrayals",49,46383747,98.98
"bicep",49,46383796,98.98
"blared",49,46383845,98.98
"blasphemous",49,46383894,98.98
"bleaching",49,46383943,98.98
"bloating",49,46383992,98.98
"bloomer",49,46384041,98.98
"bonhoeffer",49,46384090,98.98
"boycotted",49,46384139,98.98
"brandenburg",49,46384188,98.98
"bushels",49,46384237,98.98
"cacti",49,46384286,98.98
"cadmium",49,46384335,98.98
"cementing",49,46384384,98.98
"centaur",49,46384433,98.98
"cesspool",49,46384482,98.99
"chapped",49,46384531,98.99
"chariots",49,46384580,98.99
"chennai",49,46384629,98.99
"chickenpox",49,46384678,98.99
"chromosomes",49,46384727,98.99
"coldness",49,46384776,98.99
"complementing",49,46384825,98.99
"completeness",49,46384874,98.99
"conformed",49,46384923,98.99
"consecrated",49,46384972,98.99
"continuance",49,46385021,98.99
"converging",49,46385070,98.99
"corleone",49,46385119,98.99
"corroborated",49,46385168,98.99
"crisped",49,46385217,98.99
"cthulhu",49,46385266,98.99
"cunard",49,46385315,98.99
"decomposing",49,46385364,98.99
"deforestation",49,46385413,98.99
"detectable",49,46385462,98.99
"detritus",49,46385511,98.99
"disapproved",49,46385560,98.99
"discloses",49,46385609,98.99
"dissenters",49,46385658,98.99
"diversifying",49,46385707,98.99
"domineering",49,46385756,98.99
"dormitories",49,46385805,98.99
"dorset",49,46385854,98.99
"downturns",49,46385903,98.99
"downy",49,46385952,98.99
"drapery",49,46386001,98.99
"drowns",49,46386050,98.99
"dubbing",49,46386099,98.99
"edgier",49,46386148,98.99
"eisner",49,46386197,98.99
"entrust",49,46386246,98.99
"epistle",49,46386295,98.99
"extraterrestrial",49,46386344,98.99
"fabricate",49,46386393,98.99
"falklands",49,46386442,98.99
"fearfully",49,46386491,98.99
"fenders",49,46386540,98.99
"firecracker",49,46386589,98.99
"flings",49,46386638,98.99
"forbade",49,46386687,98.99
"forester",49,46386736,98.99
"foretold",49,46386785,98.99
"geologic",49,46386834,98.99
"girlish",49,46386883,98.99
"gloating",49,46386932,98.99
"gnats",49,46386981,98.99
"halcyon",49,46387030,98.99
"heroically",49,46387079,98.99
"hunkered",49,46387128,98.99
"imelda",49,46387177,98.99
"immeasurably",49,46387226,98.99
"imprison",49,46387275,98.99
"inexorably",49,46387324,98.99
"infernal",49,46387373,98.99
"innately",49,46387422,98.99
"intelligentsia",49,46387471,98.99
"interjected",49,46387520,98.99
"interlocking",49,46387569,98.99
"irrefutable",49,46387618,98.99
"irritability",49,46387667,98.99
"islander",49,46387716,98.99
"itemized",49,46387765,98.99
"jaclyn",49,46387814,98.99
"jeeps",49,46387863,98.99
"jotted",49,46387912,98.99
"journeyed",49,46387961,98.99
"juggler",49,46388010,98.99
"jurist",49,46388059,98.99
"keener",49,46388108,98.99
"kidnapper",49,46388157,98.99
"languid",49,46388206,98.99
"leathery",49,46388255,98.99
"livery",49,46388304,98.99
"lorena",49,46388353,98.99
"lusting",49,46388402,98.99
"lye",49,46388451,98.99
"madelyn",49,46388500,98.99
"madge",49,46388549,98.99
"manipulators",49,46388598,98.99
"manitoba",49,46388647,98.99
"meaner",49,46388696,98.99
"meditated",49,46388745,98.99
"mejia",49,46388794,98.99
"mended",49,46388843,98.99
"mendelssohn",49,46388892,98.99
"methodologies",49,46388941,98.99
"microwaved",49,46388990,98.99
"midwinter",49,46389039,98.99
"mingus",49,46389088,98.99
"minion",49,46389137,99
"misdirected",49,46389186,99
"misdirection",49,46389235,99
"mohair",49,46389284,99
"moribund",49,46389333,99
"motherland",49,46389382,99
"nectarines",49,46389431,99
"noes",49,46389480,99
"notables",49,46389529,99
"novellas",49,46389578,99
"octavio",49,46389627,99
"omitting",49,46389676,99
"outed",49,46389725,99
"outsize",49,46389774,99
"overreaction",49,46389823,99
"paddled",49,46389872,99
"paraphrased",49,46389921,99
"pcb",49,46389970,99
"pees",49,46390019,99
"pensive",49,46390068,99
"permanence",49,46390117,99
"pervades",49,46390166,99
"pigments",49,46390215,99
"pinstripes",49,46390264,99
"pinter",49,46390313,99
"politic",49,46390362,99
"posses",49,46390411,99
"potentials",49,46390460,99
"precipitous",49,46390509,99
"previewed",49,46390558,99
"probationary",49,46390607,99
"procrastinated",49,46390656,99
"progressions",49,46390705,99
"prokofiev",49,46390754,99
"prolonging",49,46390803,99
"propping",49,46390852,99
"prospecting",49,46390901,99
"punted",49,46390950,99
"queued",49,46390999,99
"quicksilver",49,46391048,99
"radioactivity",49,46391097,99
"ragout",49,46391146,99
"rasp",49,46391195,99
"reek",49,46391244,99
"referendums",49,46391293,99
"referential",49,46391342,99
"rehired",49,46391391,99
"repainted",49,46391440,99
"replenishing",49,46391489,99
"resourcefulness",49,46391538,99
"roofed",49,46391587,99
"salve",49,46391636,99
"sameness",49,46391685,99
"sapped",49,46391734,99
"schema",49,46391783,99
"seaman",49,46391832,99
"sewerage",49,46391881,99
"sleepiness",49,46391930,99
"slogging",49,46391979,99
"sniffs",49,46392028,99
"snowshoe",49,46392077,99
"specialization",49,46392126,99
"speedster",49,46392175,99
"spenser",49,46392224,99
"spiraled",49,46392273,99
"splendidly",49,46392322,99
"sponging",49,46392371,99
"spools",49,46392420,99
"sprees",49,46392469,99
"squatter",49,46392518,99
"startlingly",49,46392567,99
"stillborn",49,46392616,99
"stimulant",49,46392665,99
"stoning",49,46392714,99
"strangulation",49,46392763,99
"stubs",49,46392812,99
"sumatra",49,46392861,99
"supplementing",49,46392910,99
"tabbed",49,46392959,99
"taffeta",49,46393008,99
"taipei",49,46393057,99
"takeovers",49,46393106,99
"teflon",49,46393155,99
"thistledown",49,46393204,99
"tong",49,46393253,99
"trample",49,46393302,99
"trams",49,46393351,99
"triathlons",49,46393400,99
"turtleneck",49,46393449,99
"twa",49,46393498,99
"twitting",49,46393547,99
"uncorked",49,46393596,99
"unflinching",49,46393645,99
"unworkable",49,46393694,99
"upland",49,46393743,99
"uplifted",49,46393792,99
"utterance",49,46393841,99.01
"vastness",49,46393890,99.01
"viscous",49,46393939,99.01
"weakly",49,46393988,99.01
"wedgie",49,46394037,99.01
"wintertime",49,46394086,99.01
"woodsy",49,46394135,99.01
"yorktown",49,46394184,99.01
"ypsilanti",49,46394233,99.01
"zooms",49,46394282,99.01
"accrue",48,46394330,99.01
"adjournment",48,46394378,99.01
"aliases",48,46394426,99.01
"alpert",48,46394474,99.01
"amorphous",48,46394522,99.01
"anguished",48,46394570,99.01
"apolitical",48,46394618,99.01
"armand",48,46394666,99.01
"arrays",48,46394714,99.01
"aryan",48,46394762,99.01
"ashcroft",48,46394810,99.01
"auctioning",48,46394858,99.01
"balinese",48,46394906,99.01
"bandaged",48,46394954,99.01
"basemen",48,46395002,99.01
"befriends",48,46395050,99.01
"berating",48,46395098,99.01
"bewitched",48,46395146,99.01
"biddle",48,46395194,99.01
"biopsies",48,46395242,99.01
"bitched",48,46395290,99.01
"bonny",48,46395338,99.01
"bork",48,46395386,99.01
"bouncers",48,46395434,99.01
"brahma",48,46395482,99.01
"bumblebee",48,46395530,99.01
"bumpers",48,46395578,99.01
"bunts",48,46395626,99.01
"bureaucracies",48,46395674,99.01
"buts",48,46395722,99.01
"canons",48,46395770,99.01
"carelessness",48,46395818,99.01
"carranza",48,46395866,99.01
"celibacy",48,46395914,99.01
"cellulite",48,46395962,99.01
"chimpanzees",48,46396010,99.01
"chutes",48,46396058,99.01
"coalesced",48,46396106,99.01
"cockney",48,46396154,99.01
"compiles",48,46396202,99.01
"conceals",48,46396250,99.01
"condensation",48,46396298,99.01
"consequential",48,46396346,99.01
"constraint",48,46396394,99.01
"contaminate",48,46396442,99.01
"conveniences",48,46396490,99.01
"coops",48,46396538,99.01
"cored",48,46396586,99.01
"cornerstones",48,46396634,99.01
"cortisone",48,46396682,99.01
"cowgirls",48,46396730,99.01
"crevices",48,46396778,99.01
"crocodiles",48,46396826,99.01
"culling",48,46396874,99.01
"cuzco",48,46396922,99.01
"cymbals",48,46396970,99.01
"dais",48,46397018,99.01
"decimal",48,46397066,99.01
"decomposition",48,46397114,99.01
"descartes",48,46397162,99.01
"destabilize",48,46397210,99.01
"devotions",48,46397258,99.01
"dings",48,46397306,99.01
"disappointingly",48,46397354,99.01
"disliking",48,46397402,99.01
"dousing",48,46397450,99.01
"dreamlike",48,46397498,99.01
"educates",48,46397546,99.01
"effecting",48,46397594,99.01
"elba",48,46397642,99.01
"elbowing",48,46397690,99.01
"electives",48,46397738,99.01
"erratically",48,46397786,99.01
"esteban",48,46397834,99.01
"faintest",48,46397882,99.01
"fallible",48,46397930,99.01
"filly",48,46397978,99.01
"fiver",48,46398026,99.01
"foolproof",48,46398074,99.01
"forgetfulness",48,46398122,99.01
"friendliest",48,46398170,99.01
"gad",48,46398218,99.01
"gemstones",48,46398266,99.01
"glares",48,46398314,99.01
"glum",48,46398362,99.01
"guelph",48,46398410,99.01
"hermitage",48,46398458,99.01
"hibernating",48,46398506,99.02
"hildebrand",48,46398554,99.02
"hinders",48,46398602,99.02
"hms",48,46398650,99.02
"housewares",48,46398698,99.02
"inequities",48,46398746,99.02
"inflame",48,46398794,99.02
"inflection",48,46398842,99.02
"insignia",48,46398890,99.02
"interfacing",48,46398938,99.02
"internalize",48,46398986,99.02
"irritant",48,46399034,99.02
"janitorial",48,46399082,99.02
"jettison",48,46399130,99.02
"jurisdictional",48,46399178,99.02
"kenyans",48,46399226,99.02
"knockouts",48,46399274,99.02
"kristie",48,46399322,99.02
"lambasted",48,46399370,99.02
"lithuanian",48,46399418,99.02
"lora",48,46399466,99.02
"lynnette",48,46399514,99.02
"mahabharata",48,46399562,99.02
"mantis",48,46399610,99.02
"mauritius",48,46399658,99.02
"megabytes",48,46399706,99.02
"misconstrued",48,46399754,99.02
"mishandling",48,46399802,99.02
"moderators",48,46399850,99.02
"mondrian",48,46399898,99.02
"moored",48,46399946,99.02
"mountaineer",48,46399994,99.02
"nagy",48,46400042,99.02
"narcissus",48,46400090,99.02
"nauseated",48,46400138,99.02
"nightgown",48,46400186,99.02
"nonverbal",48,46400234,99.02
"nth",48,46400282,99.02
"offstage",48,46400330,99.02
"oink",48,46400378,99.02
"orwellian",48,46400426,99.02
"overlord",48,46400474,99.02
"overwrought",48,46400522,99.02
"oxen",48,46400570,99.02
"parlay",48,46400618,99.02
"pedagogical",48,46400666,99.02
"periodical",48,46400714,99.02
"permissive",48,46400762,99.02
"pernicious",48,46400810,99.02
"perpendicular",48,46400858,99.02
"perturbed",48,46400906,99.02
"pimento",48,46400954,99.02
"pirouette",48,46401002,99.02
"plurality",48,46401050,99.02
"pocketing",48,46401098,99.02
"politburo",48,46401146,99.02
"ponders",48,46401194,99.02
"pressurized",48,46401242,99.02
"presuming",48,46401290,99.02
"primeval",48,46401338,99.02
"privates",48,46401386,99.02
"pronouns",48,46401434,99.02
"publican",48,46401482,99.02
"recharged",48,46401530,99.02
"rehabilitating",48,46401578,99.02
"reinstall",48,46401626,99.02
"relearn",48,46401674,99.02
"remembrances",48,46401722,99.02
"remit",48,46401770,99.02
"renoir",48,46401818,99.02
"repairman",48,46401866,99.02
"resentments",48,46401914,99.02
"reticent",48,46401962,99.02
"riser",48,46402010,99.02
"rosemarie",48,46402058,99.02
"rosettes",48,46402106,99.02
"roundhouse",48,46402154,99.02
"rumpled",48,46402202,99.02
"runaways",48,46402250,99.02
"safes",48,46402298,99.02
"salsas",48,46402346,99.02
"scopes",48,46402394,99.02
"scraper",48,46402442,99.02
"scrunched",48,46402490,99.02
"shamefully",48,46402538,99.02
"shudders",48,46402586,99.02
"signers",48,46402634,99.02
"sikhs",48,46402682,99.02
"skydive",48,46402730,99.02
"slacked",48,46402778,99.02
"slicker",48,46402826,99.02
"sniffle",48,46402874,99.02
"southerner",48,46402922,99.02
"spenders",48,46402970,99.02
"spineless",48,46403018,99.02
"spinster",48,46403066,99.02
"sprightly",48,46403114,99.02
"squeaks",48,46403162,99.02
"squinted",48,46403210,99.03
"staccato",48,46403258,99.03
"steamers",48,46403306,99.03
"suckling",48,46403354,99.03
"suffocation",48,46403402,99.03
"sugarcane",48,46403450,99.03
"summarizing",48,46403498,99.03
"tastefully",48,46403546,99.03
"theorized",48,46403594,99.03
"thrashed",48,46403642,99.03
"transcribing",48,46403690,99.03
"trappist",48,46403738,99.03
"travelogue",48,46403786,99.03
"tricking",48,46403834,99.03
"trod",48,46403882,99.03
"tweezers",48,46403930,99.03
"unfriend",48,46403978,99.03
"unisex",48,46404026,99.03
"unrecognized",48,46404074,99.03
"unsupported",48,46404122,99.03
"usaf",48,46404170,99.03
"valhalla",48,46404218,99.03
"vexed",48,46404266,99.03
"waddle",48,46404314,99.03
"wails",48,46404362,99.03
"warships",48,46404410,99.03
"whitewash",48,46404458,99.03
"wimps",48,46404506,99.03
"wining",48,46404554,99.03
"wooten",48,46404602,99.03
"abernathy",47,46404649,99.03
"abetting",47,46404696,99.03
"alfresco",47,46404743,99.03
"alms",47,46404790,99.03
"anachronism",47,46404837,99.03
"antibody",47,46404884,99.03
"armenians",47,46404931,99.03
"asymmetrical",47,46404978,99.03
"autumnal",47,46405025,99.03
"avoidable",47,46405072,99.03
"baccalaureate",47,46405119,99.03
"bade",47,46405166,99.03
"bassinet",47,46405213,99.03
"bazillion",47,46405260,99.03
"bebop",47,46405307,99.03
"befall",47,46405354,99.03
"begets",47,46405401,99.03
"bemoan",47,46405448,99.03
"blowouts",47,46405495,99.03
"bolsters",47,46405542,99.03
"boozing",47,46405589,99.03
"bough",47,46405636,99.03
"braiding",47,46405683,99.03
"breadwinner",47,46405730,99.03
"breech",47,46405777,99.03
"buzzard",47,46405824,99.03
"cabral",47,46405871,99.03
"carissa",47,46405918,99.03
"cassia",47,46405965,99.03
"celibate",47,46406012,99.03
"choppers",47,46406059,99.03
"chumps",47,46406106,99.03
"clorox",47,46406153,99.03
"condoning",47,46406200,99.03
"conforms",47,46406247,99.03
"consciences",47,46406294,99.03
"constitutions",47,46406341,99.03
"corinth",47,46406388,99.03
"corkscrew",47,46406435,99.03
"creak",47,46406482,99.03
"crisco",47,46406529,99.03
"decorators",47,46406576,99.03
"delinquencies",47,46406623,99.03
"dermatology",47,46406670,99.03
"detested",47,46406717,99.03
"didactic",47,46406764,99.03
"dimmer",47,46406811,99.03
"displacing",47,46406858,99.03
"disrupts",47,46406905,99.03
"dividers",47,46406952,99.03
"doctored",47,46406999,99.03
"dollops",47,46407046,99.03
"dowager",47,46407093,99.03
"drenching",47,46407140,99.03
"dressy",47,46407187,99.03
"dupe",47,46407234,99.03
"earthen",47,46407281,99.03
"educations",47,46407328,99.03
"electrodes",47,46407375,99.03
"eloy",47,46407422,99.03
"epithet",47,46407469,99.03
"essie",47,46407516,99.03
"eventuality",47,46407563,99.03
"exclaiming",47,46407610,99.03
"exempts",47,46407657,99.03
"extolling",47,46407704,99.03
"fashionably",47,46407751,99.03
"feckless",47,46407798,99.03
"fifths",47,46407845,99.03
"fingering",47,46407892,99.04
"fleischer",47,46407939,99.04
"flipper",47,46407986,99.04
"flit",47,46408033,99.04
"foams",47,46408080,99.04
"fords",47,46408127,99.04
"forerunner",47,46408174,99.04
"fourteenth",47,46408221,99.04
"friars",47,46408268,99.04
"frizz",47,46408315,99.04
"gawk",47,46408362,99.04
"generalize",47,46408409,99.04
"gouging",47,46408456,99.04
"guardianship",47,46408503,99.04
"harshness",47,46408550,99.04
"haughty",47,46408597,99.04
"hawthorn",47,46408644,99.04
"hazmat",47,46408691,99.04
"hogging",47,46408738,99.04
"holdout",47,46408785,99.04
"hollows",47,46408832,99.04
"honeybees",47,46408879,99.04
"humanism",47,46408926,99.04
"hummed",47,46408973,99.04
"humps",47,46409020,99.04
"hydrogenated",47,46409067,99.04
"idled",47,46409114,99.04
"imprecise",47,46409161,99.04
"inalienable",47,46409208,99.04
"industrialization",47,46409255,99.04
"inferred",47,46409302,99.04
"inflating",47,46409349,99.04
"inherits",47,46409396,99.04
"inoperable",47,46409443,99.04
"insuring",47,46409490,99.04
"insurrection",47,46409537,99.04
"interrogations",47,46409584,99.04
"invader",47,46409631,99.04
"jiggle",47,46409678,99.04
"laryngitis",47,46409725,99.04
"leakage",47,46409772,99.04
"leapfrog",47,46409819,99.04
"localities",47,46409866,99.04
"lofted",47,46409913,99.04
"lox",47,46409960,99.04
"malian",47,46410007,99.04
"mammography",47,46410054,99.04
"medalists",47,46410101,99.04
"meddle",47,46410148,99.04
"memorization",47,46410195,99.04
"minimums",47,46410242,99.04
"monastic",47,46410289,99.04
"montezuma",47,46410336,99.04
"moping",47,46410383,99.04
"muesli",47,46410430,99.04
"multimillionaire",47,46410477,99.04
"muriel",47,46410524,99.04
"murmuring",47,46410571,99.04
"naively",47,46410618,99.04
"offing",47,46410665,99.04
"opel",47,46410712,99.04
"oratory",47,46410759,99.04
"osman",47,46410806,99.04
"overcook",47,46410853,99.04
"overhauls",47,46410900,99.04
"overlords",47,46410947,99.04
"overthrown",47,46410994,99.04
"pacemaker",47,46411041,99.04
"pageantry",47,46411088,99.04
"paramilitary",47,46411135,99.04
"persephone",47,46411182,99.04
"plunges",47,46411229,99.04
"pooches",47,46411276,99.04
"prancing",47,46411323,99.04
"precipitated",47,46411370,99.04
"predisposition",47,46411417,99.04
"preeminent",47,46411464,99.04
"pudgy",47,46411511,99.04
"receptor",47,46411558,99.04
"redirecting",47,46411605,99.04
"refinanced",47,46411652,99.04
"regenerate",47,46411699,99.04
"rejuvenating",47,46411746,99.04
"reopens",47,46411793,99.04
"repaint",47,46411840,99.04
"replication",47,46411887,99.04
"resuscitate",47,46411934,99.04
"retracted",47,46411981,99.04
"retrievers",47,46412028,99.04
"ricks",47,46412075,99.04
"ringmaster",47,46412122,99.04
"rodolfo",47,46412169,99.04
"rosanne",47,46412216,99.04
"roundly",47,46412263,99.04
"rvs",47,46412310,99.04
"sabine",47,46412357,99.04
"sabotaged",47,46412404,99.04
"sanitized",47,46412451,99.04
"sartre",47,46412498,99.04
"saucers",47,46412545,99.04
"scampi",47,46412592,99.05
"schnapps",47,46412639,99.05
"semiautomatic",47,46412686,99.05
"shanty",47,46412733,99.05
"sherpa",47,46412780,99.05
"shrunken",47,46412827,99.05
"sidekicks",47,46412874,99.05
"sleds",47,46412921,99.05
"slugged",47,46412968,99.05
"solder",47,46413015,99.05
"sowed",47,46413062,99.05
"spongy",47,46413109,99.05
"stagnated",47,46413156,99.05
"stork",47,46413203,99.05
"stowed",47,46413250,99.05
"studious",47,46413297,99.05
"stupider",47,46413344,99.05
"stylistically",47,46413391,99.05
"summarizes",47,46413438,99.05
"supplant",47,46413485,99.05
"swashbuckling",47,46413532,99.05
"synthetics",47,46413579,99.05
"tedium",47,46413626,99.05
"terrifies",47,46413673,99.05
"thawing",47,46413720,99.05
"thunders",47,46413767,99.05
"tolerating",47,46413814,99.05
"tourneys",47,46413861,99.05
"tracie",47,46413908,99.05
"transplantation",47,46413955,99.05
"tripling",47,46414002,99.05
"trodden",47,46414049,99.05
"trolleys",47,46414096,99.05
"trujillo",47,46414143,99.05
"umpteenth",47,46414190,99.05
"unearthing",47,46414237,99.05
"unexplored",47,46414284,99.05
"unix",47,46414331,99.05
"unknowing",47,46414378,99.05
"unoriginal",47,46414425,99.05
"unsurprising",47,46414472,99.05
"untie",47,46414519,99.05
"vectors",47,46414566,99.05
"vehement",47,46414613,99.05
"ventilated",47,46414660,99.05
"verifiable",47,46414707,99.05
"victimization",47,46414754,99.05
"vigils",47,46414801,99.05
"villarreal",47,46414848,99.05
"wafted",47,46414895,99.05
"watchman",47,46414942,99.05
"waterworks",47,46414989,99.05
"waxes",47,46415036,99.05
"wettest",47,46415083,99.05
"wetting",47,46415130,99.05
"wincing",47,46415177,99.05
"windshields",47,46415224,99.05
"woodbine",47,46415271,99.05
"wrinkly",47,46415318,99.05
"zorro",47,46415365,99.05
"abcs",46,46415411,99.05
"absorbent",46,46415457,99.05
"achiever",46,46415503,99.05
"admittance",46,46415549,99.05
"airman",46,46415595,99.05
"aisha",46,46415641,99.05
"allay",46,46415687,99.05
"alphas",46,46415733,99.05
"amalgam",46,46415779,99.05
"amalgamation",46,46415825,99.05
"arouse",46,46415871,99.05
"assesses",46,46415917,99.05
"awl",46,46415963,99.05
"babysitters",46,46416009,99.05
"backwater",46,46416055,99.05
"baggies",46,46416101,99.05
"ballets",46,46416147,99.05
"barrera",46,46416193,99.05
"berliner",46,46416239,99.05
"bewilderment",46,46416285,99.05
"bluebirds",46,46416331,99.05
"bolivar",46,46416377,99.05
"botany",46,46416423,99.05
"branden",46,46416469,99.05
"brant",46,46416515,99.05
"breakage",46,46416561,99.05
"brigitte",46,46416607,99.05
"buffers",46,46416653,99.05
"byproducts",46,46416699,99.05
"catalytic",46,46416745,99.05
"cataract",46,46416791,99.05
"causality",46,46416837,99.05
"centimeter",46,46416883,99.05
"chaucer",46,46416929,99.05
"chinchilla",46,46416975,99.05
"chloride",46,46417021,99.05
"chomsky",46,46417067,99.05
"chugged",46,46417113,99.05
"clack",46,46417159,99.05
"claret",46,46417205,99.05
"cloverleaf",46,46417251,99.06
"coasted",46,46417297,99.06
"coinciding",46,46417343,99.06
"coleridge",46,46417389,99.06
"colossus",46,46417435,99.06
"communicative",46,46417481,99.06
"comprehensively",46,46417527,99.06
"concoct",46,46417573,99.06
"condoned",46,46417619,99.06
"confectioner",46,46417665,99.06
"conniving",46,46417711,99.06
"coped",46,46417757,99.06
"cortes",46,46417803,99.06
"crazily",46,46417849,99.06
"dabbed",46,46417895,99.06
"dally",46,46417941,99.06
"dangerfield",46,46417987,99.06
"daugherty",46,46418033,99.06
"delighting",46,46418079,99.06
"deming",46,46418125,99.06
"depletion",46,46418171,99.06
"dimple",46,46418217,99.06
"dinning",46,46418263,99.06
"disband",46,46418309,99.06
"disfigured",46,46418355,99.06
"disrespecting",46,46418401,99.06
"diverge",46,46418447,99.06
"doppler",46,46418493,99.06
"dorks",46,46418539,99.06
"droids",46,46418585,99.06
"earmark",46,46418631,99.06
"eavesdrop",46,46418677,99.06
"elwood",46,46418723,99.06
"emile",46,46418769,99.06
"encircled",46,46418815,99.06
"eradication",46,46418861,99.06
"erasers",46,46418907,99.06
"essayist",46,46418953,99.06
"etymology",46,46418999,99.06
"evocation",46,46419045,99.06
"excitable",46,46419091,99.06
"exerting",46,46419137,99.06
"firmware",46,46419183,99.06
"fizzle",46,46419229,99.06
"flaring",46,46419275,99.06
"flummoxed",46,46419321,99.06
"gautama",46,46419367,99.06
"generalization",46,46419413,99.06
"glastonbury",46,46419459,99.06
"godson",46,46419505,99.06
"gouge",46,46419551,99.06
"grafted",46,46419597,99.06
"gumption",46,46419643,99.06
"gutless",46,46419689,99.06
"hairless",46,46419735,99.06
"hallie",46,46419781,99.06
"hamlets",46,46419827,99.06
"handcuff",46,46419873,99.06
"hardness",46,46419919,99.06
"haring",46,46419965,99.06
"haystack",46,46420011,99.06
"headfirst",46,46420057,99.06
"headsets",46,46420103,99.06
"hebert",46,46420149,99.06
"herded",46,46420195,99.06
"hopscotch",46,46420241,99.06
"horseshoes",46,46420287,99.06
"housewarming",46,46420333,99.06
"hyacinth",46,46420379,99.06
"hydra",46,46420425,99.06
"imbibe",46,46420471,99.06
"impairments",46,46420517,99.06
"implicate",46,46420563,99.06
"indiscriminately",46,46420609,99.06
"inexorable",46,46420655,99.06
"inferences",46,46420701,99.06
"inhibitions",46,46420747,99.06
"injurious",46,46420793,99.06
"innermost",46,46420839,99.06
"innovating",46,46420885,99.06
"insincere",46,46420931,99.06
"insinuating",46,46420977,99.06
"intelligible",46,46421023,99.06
"irreconcilable",46,46421069,99.06
"irrevocable",46,46421115,99.06
"jacky",46,46421161,99.06
"jotting",46,46421207,99.06
"knell",46,46421253,99.06
"lanai",46,46421299,99.06
"latvia",46,46421345,99.06
"lichtenstein",46,46421391,99.06
"listless",46,46421437,99.06
"lorelei",46,46421483,99.06
"lulled",46,46421529,99.06
"lulls",46,46421575,99.06
"lustful",46,46421621,99.06
"machismo",46,46421667,99.06
"maggots",46,46421713,99.06
"marathoners",46,46421759,99.06
"matthias",46,46421805,99.06
"maud",46,46421851,99.06
"mazes",46,46421897,99.06
"mellowed",46,46421943,99.07
"merriment",46,46421989,99.07
"michelob",46,46422035,99.07
"microfilm",46,46422081,99.07
"milks",46,46422127,99.07
"mogadishu",46,46422173,99.07
"monogrammed",46,46422219,99.07
"mouthwatering",46,46422265,99.07
"multiracial",46,46422311,99.07
"newsstands",46,46422357,99.07
"nuremberg",46,46422403,99.07
"nutritionists",46,46422449,99.07
"omens",46,46422495,99.07
"optometrist",46,46422541,99.07
"orbison",46,46422587,99.07
"overcoat",46,46422633,99.07
"oxbow",46,46422679,99.07
"pacifist",46,46422725,99.07
"palatial",46,46422771,99.07
"pardoned",46,46422817,99.07
"perot",46,46422863,99.07
"petitioning",46,46422909,99.07
"pinkie",46,46422955,99.07
"pinkish",46,46423001,99.07
"plantain",46,46423047,99.07
"pompeii",46,46423093,99.07
"premiers",46,46423139,99.07
"prophesy",46,46423185,99.07
"prude",46,46423231,99.07
"puckett",46,46423277,99.07
"puppeteer",46,46423323,99.07
"quartets",46,46423369,99.07
"quietest",46,46423415,99.07
"racehorse",46,46423461,99.07
"rancor",46,46423507,99.07
"recapping",46,46423553,99.07
"reconstructing",46,46423599,99.07
"reflexive",46,46423645,99.07
"repelled",46,46423691,99.07
"resplendent",46,46423737,99.07
"retooled",46,46423783,99.07
"retrace",46,46423829,99.07
"retrofitting",46,46423875,99.07
"reunites",46,46423921,99.07
"reverting",46,46423967,99.07
"revisits",46,46424013,99.07
"revolts",46,46424059,99.07
"revulsion",46,46424105,99.07
"ripeness",46,46424151,99.07
"rodger",46,46424197,99.07
"royally",46,46424243,99.07
"russet",46,46424289,99.07
"sabin",46,46424335,99.07
"saluting",46,46424381,99.07
"schuyler",46,46424427,99.07
"scotsman",46,46424473,99.07
"screwball",46,46424519,99.07
"sextet",46,46424565,99.07
"shamrocks",46,46424611,99.07
"shrinkage",46,46424657,99.07
"sidestepped",46,46424703,99.07
"skirting",46,46424749,99.07
"skunks",46,46424795,99.07
"slackers",46,46424841,99.07
"slaughtering",46,46424887,99.07
"smudged",46,46424933,99.07
"sniffles",46,46424979,99.07
"spearhead",46,46425025,99.07
"spellbound",46,46425071,99.07
"spotlighting",46,46425117,99.07
"squirted",46,46425163,99.07
"starkey",46,46425209,99.07
"stethoscope",46,46425255,99.07
"subterfuge",46,46425301,99.07
"sulfate",46,46425347,99.07
"swain",46,46425393,99.07
"swill",46,46425439,99.07
"synthesized",46,46425485,99.07
"telepathic",46,46425531,99.07
"thatched",46,46425577,99.07
"thematically",46,46425623,99.07
"tingly",46,46425669,99.07
"toggle",46,46425715,99.07
"tonto",46,46425761,99.07
"totalitarianism",46,46425807,99.07
"trampolines",46,46425853,99.07
"trevino",46,46425899,99.07
"tropic",46,46425945,99.07
"truism",46,46425991,99.07
"tubular",46,46426037,99.07
"unadorned",46,46426083,99.07
"unconvincing",46,46426129,99.07
"underlines",46,46426175,99.07
"underpinning",46,46426221,99.07
"underpinnings",46,46426267,99.07
"unschooled",46,46426313,99.07
"untrustworthy",46,46426359,99.07
"urethra",46,46426405,99.07
"urologist",46,46426451,99.07
"utters",46,46426497,99.07
"vagabond",46,46426543,99.07
"waxy",46,46426589,99.07
"weeknights",46,46426635,99.08
"weightlifting",46,46426681,99.08
"widescreen",46,46426727,99.08
"wiggled",46,46426773,99.08
"worthiness",46,46426819,99.08
"xenophobia",46,46426865,99.08
"zeroing",46,46426911,99.08
"zilch",46,46426957,99.08
"absenteeism",45,46427002,99.08
"accumulates",45,46427047,99.08
"adaptability",45,46427092,99.08
"adapts",45,46427137,99.08
"aerodynamics",45,46427182,99.08
"aground",45,46427227,99.08
"alarmist",45,46427272,99.08
"alva",45,46427317,99.08
"amateurish",45,46427362,99.08
"amethyst",45,46427407,99.08
"amoeba",45,46427452,99.08
"amorous",45,46427497,99.08
"assessors",45,46427542,99.08
"avowed",45,46427587,99.08
"balkans",45,46427632,99.08
"berate",45,46427677,99.08
"bereaved",45,46427722,99.08
"berserk",45,46427767,99.08
"blaster",45,46427812,99.08
"blinks",45,46427857,99.08
"bloodbath",45,46427902,99.08
"bloodshot",45,46427947,99.08
"bludgeoned",45,46427992,99.08
"boning",45,46428037,99.08
"botanist",45,46428082,99.08
"brooches",45,46428127,99.08
"budged",45,46428172,99.08
"bumming",45,46428217,99.08
"bunched",45,46428262,99.08
"burps",45,46428307,99.08
"cafeterias",45,46428352,99.08
"camellia",45,46428397,99.08
"canvass",45,46428442,99.08
"caressed",45,46428487,99.08
"cased",45,46428532,99.08
"casio",45,46428577,99.08
"catamaran",45,46428622,99.08
"cataracts",45,46428667,99.08
"chandon",45,46428712,99.08
"cherub",45,46428757,99.08
"chiming",45,46428802,99.08
"cinerama",45,46428847,99.08
"circumspect",45,46428892,99.08
"clamps",45,46428937,99.08
"clearinghouse",45,46428982,99.08
"clem",45,46429027,99.08
"colosseum",45,46429072,99.08
"commandos",45,46429117,99.08
"condescension",45,46429162,99.08
"conga",45,46429207,99.08
"conservationists",45,46429252,99.08
"constipated",45,46429297,99.08
"cooperatively",45,46429342,99.08
"corrupts",45,46429387,99.08
"coven",45,46429432,99.08
"crapped",45,46429477,99.08
"creamier",45,46429522,99.08
"crowing",45,46429567,99.08
"curfews",45,46429612,99.08
"customizing",45,46429657,99.08
"dauntless",45,46429702,99.08
"decibels",45,46429747,99.08
"declassified",45,46429792,99.08
"deduce",45,46429837,99.08
"defection",45,46429882,99.08
"deflating",45,46429927,99.08
"degenerated",45,46429972,99.08
"democratization",45,46430017,99.08
"depositors",45,46430062,99.08
"desirability",45,46430107,99.08
"digression",45,46430152,99.08
"disciplinarian",45,46430197,99.08
"disorienting",45,46430242,99.08
"docents",45,46430287,99.08
"drawstring",45,46430332,99.08
"drummed",45,46430377,99.08
"duplicity",45,46430422,99.08
"eject",45,46430467,99.08
"electrocuted",45,46430512,99.08
"electrons",45,46430557,99.08
"embittered",45,46430602,99.08
"eminence",45,46430647,99.08
"engendered",45,46430692,99.08
"equating",45,46430737,99.08
"equipping",45,46430782,99.08
"expound",45,46430827,99.08
"eyelet",45,46430872,99.08
"facetious",45,46430917,99.08
"fatigues",45,46430962,99.08
"fireballs",45,46431007,99.08
"flanking",45,46431052,99.08
"flushes",45,46431097,99.08
"foal",45,46431142,99.08
"folio",45,46431187,99.08
"forgoing",45,46431232,99.08
"freestanding",45,46431277,99.08
"freighter",45,46431322,99.09
"frosts",45,46431367,99.09
"furlong",45,46431412,99.09
"gauging",45,46431457,99.09
"gelatinous",45,46431502,99.09
"geronimo",45,46431547,99.09
"giselle",45,46431592,99.09
"globetrotters",45,46431637,99.09
"glorifying",45,46431682,99.09
"gnarled",45,46431727,99.09
"goggle",45,46431772,99.09
"gratuity",45,46431817,99.09
"guilds",45,46431862,99.09
"gully",45,46431907,99.09
"gunk",45,46431952,99.09
"habitable",45,46431997,99.09
"harmonize",45,46432042,99.09
"harpoon",45,46432087,99.09
"hastened",45,46432132,99.09
"heartaches",45,46432177,99.09
"heidelberg",45,46432222,99.09
"herculaneum",45,46432267,99.09
"herculean",45,46432312,99.09
"heretical",45,46432357,99.09
"hesitates",45,46432402,99.09
"hosanna",45,46432447,99.09
"housecleaning",45,46432492,99.09
"humanistic",45,46432537,99.09
"hundredth",45,46432582,99.09
"idolized",45,46432627,99.09
"imitates",45,46432672,99.09
"imitators",45,46432717,99.09
"improbably",45,46432762,99.09
"improprieties",45,46432807,99.09
"indomitable",45,46432852,99.09
"induces",45,46432897,99.09
"infiltrating",45,46432942,99.09
"isotopes",45,46432987,99.09
"itinerant",45,46433032,99.09
"jeweled",45,46433077,99.09
"jibe",45,46433122,99.09
"joggers",45,46433167,99.09
"juliana",45,46433212,99.09
"kenton",45,46433257,99.09
"kilogram",45,46433302,99.09
"kinsman",45,46433347,99.09
"lackadaisical",45,46433392,99.09
"lactic",45,46433437,99.09
"landfall",45,46433482,99.09
"leggy",45,46433527,99.09
"limpopo",45,46433572,99.09
"lipton",45,46433617,99.09
"lobbed",45,46433662,99.09
"lorry",45,46433707,99.09
"lucius",45,46433752,99.09
"methodists",45,46433797,99.09
"midair",45,46433842,99.09
"middlemen",45,46433887,99.09
"minestrone",45,46433932,99.09
"minimizes",45,46433977,99.09
"misappropriation",45,46434022,99.09
"misshapen",45,46434067,99.09
"mistresses",45,46434112,99.09
"molotov",45,46434157,99.09
"moorings",45,46434202,99.09
"muffler",45,46434247,99.09
"multinationals",45,46434292,99.09
"multitask",45,46434337,99.09
"nappies",45,46434382,99.09
"nevermore",45,46434427,99.09
"newsstand",45,46434472,99.09
"northrop",45,46434517,99.09
"olaf",45,46434562,99.09
"onshore",45,46434607,99.09
"oppenheimer",45,46434652,99.09
"osiris",45,46434697,99.09
"overflowed",45,46434742,99.09
"overrule",45,46434787,99.09
"papyrus",45,46434832,99.09
"pastimes",45,46434877,99.09
"penicillin",45,46434922,99.09
"pickwick",45,46434967,99.09
"pronouncement",45,46435012,99.09
"prussia",45,46435057,99.09
"psalmist",45,46435102,99.09
"pullout",45,46435147,99.09
"purport",45,46435192,99.09
"putted",45,46435237,99.09
"qaddafi",45,46435282,99.09
"rarefied",45,46435327,99.09
"raring",45,46435372,99.09
"reconsideration",45,46435417,99.09
"reentry",45,46435462,99.09
"regalia",45,46435507,99.09
"registrants",45,46435552,99.09
"reinstating",45,46435597,99.09
"remorseful",45,46435642,99.09
"reneged",45,46435687,99.09
"reunification",45,46435732,99.09
"reverberate",45,46435777,99.09
"rhythmically",45,46435822,99.09
"roiling",45,46435867,99.09
"rutledge",45,46435912,99.09
"sandbar",45,46435957,99.09
"schoolmates",45,46436002,99.1
"sedative",45,46436047,99.1
"seducing",45,46436092,99.1
"sendai",45,46436137,99.1
"shipbuilding",45,46436182,99.1
"shoelaces",45,46436227,99.1
"siam",45,46436272,99.1
"siegfried",45,46436317,99.1
"skirmishes",45,46436362,99.1
"slivered",45,46436407,99.1
"snared",45,46436452,99.1
"snipped",45,46436497,99.1
"snowshoeing",45,46436542,99.1
"sodden",45,46436587,99.1
"specks",45,46436632,99.1
"spender",45,46436677,99.1
"spindle",45,46436722,99.1
"spokespeople",45,46436767,99.1
"spud",45,46436812,99.1
"squalor",45,46436857,99.1
"squawk",45,46436902,99.1
"squawking",45,46436947,99.1
"stagnate",45,46436992,99.1
"stepsister",45,46437037,99.1
"stewing",45,46437082,99.1
"stinker",45,46437127,99.1
"stocky",45,46437172,99.1
"stooped",45,46437217,99.1
"sugared",45,46437262,99.1
"suspends",45,46437307,99.1
"sweeties",45,46437352,99.1
"swinger",45,46437397,99.1
"tabling",45,46437442,99.1
"tasmanian",45,46437487,99.1
"theorem",45,46437532,99.1
"therapeutics",45,46437577,99.1
"thumbed",45,46437622,99.1
"topsoil",45,46437667,99.1
"tortuous",45,46437712,99.1
"transcribe",45,46437757,99.1
"truss",45,46437802,99.1
"tubman",45,46437847,99.1
"twizzlers",45,46437892,99.1
"unguarded",45,46437937,99.1
"unleavened",45,46437982,99.1
"unpalatable",45,46438027,99.1
"unreadable",45,46438072,99.1
"unwinding",45,46438117,99.1
"updike",45,46438162,99.1
"vacuums",45,46438207,99.1
"viennese",45,46438252,99.1
"vise",45,46438297,99.1
"votive",45,46438342,99.1
"whitefish",45,46438387,99.1
"wicket",45,46438432,99.1
"workbench",45,46438477,99.1
"worships",45,46438522,99.1
"xenophobic",45,46438567,99.1
"accolade",44,46438611,99.1
"acetaminophen",44,46438655,99.1
"aegis",44,46438699,99.1
"affluence",44,46438743,99.1
"allocations",44,46438787,99.1
"alumnae",44,46438831,99.1
"androgynous",44,46438875,99.1
"anomalous",44,46438919,99.1
"anthropological",44,46438963,99.1
"anthropologists",44,46439007,99.1
"argentinian",44,46439051,99.1
"bagpipe",44,46439095,99.1
"bared",44,46439139,99.1
"basal",44,46439183,99.1
"bashes",44,46439227,99.1
"basketballs",44,46439271,99.1
"bedfellows",44,46439315,99.1
"beryl",44,46439359,99.1
"beseech",44,46439403,99.1
"biochemistry",44,46439447,99.1
"blitzed",44,46439491,99.1
"blurs",44,46439535,99.1
"borneo",44,46439579,99.1
"bozo",44,46439623,99.1
"bratty",44,46439667,99.1
"brocade",44,46439711,99.1
"brokenhearted",44,46439755,99.1
"bruckner",44,46439799,99.1
"brunches",44,46439843,99.1
"burrowing",44,46439887,99.1
"butted",44,46439931,99.1
"cabbages",44,46439975,99.1
"campfires",44,46440019,99.1
"castaways",44,46440063,99.1
"chalking",44,46440107,99.1
"chautauqua",44,46440151,99.1
"chemists",44,46440195,99.1
"chimneys",44,46440239,99.1
"classiest",44,46440283,99.1
"cleanups",44,46440327,99.1
"clunker",44,46440371,99.1
"codex",44,46440415,99.1
"condense",44,46440459,99.1
"confederates",44,46440503,99.1
"congenial",44,46440547,99.1
"conjoined",44,46440591,99.1
"constantinople",44,46440635,99.1
"constants",44,46440679,99.11
"convicting",44,46440723,99.11
"convivial",44,46440767,99.11
"coolant",44,46440811,99.11
"copperfield",44,46440855,99.11
"cordoba",44,46440899,99.11
"crybaby",44,46440943,99.11
"decoding",44,46440987,99.11
"defectors",44,46441031,99.11
"defensible",44,46441075,99.11
"demarcation",44,46441119,99.11
"deplete",44,46441163,99.11
"dictatorships",44,46441207,99.11
"differentiating",44,46441251,99.11
"discoloration",44,46441295,99.11
"domestics",44,46441339,99.11
"dona",44,46441383,99.11
"downcast",44,46441427,99.11
"dredged",44,46441471,99.11
"drubbing",44,46441515,99.11
"dumbbells",44,46441559,99.11
"duster",44,46441603,99.11
"elicits",44,46441647,99.11
"enos",44,46441691,99.11
"erasures",44,46441735,99.11
"etchings",44,46441779,99.11
"evaporation",44,46441823,99.11
"excellently",44,46441867,99.11
"exclusives",44,46441911,99.11
"expediency",44,46441955,99.11
"extravagance",44,46441999,99.11
"extricate",44,46442043,99.11
"farcical",44,46442087,99.11
"fawkes",44,46442131,99.11
"fergus",44,46442175,99.11
"flied",44,46442219,99.11
"forcible",44,46442263,99.11
"forehand",44,46442307,99.11
"franchisee",44,46442351,99.11
"frontenac",44,46442395,99.11
"funnels",44,46442439,99.11
"fuses",44,46442483,99.11
"ganges",44,46442527,99.11
"gaul",44,46442571,99.11
"geologists",44,46442615,99.11
"georgette",44,46442659,99.11
"glorification",44,46442703,99.11
"goodall",44,46442747,99.11
"greenest",44,46442791,99.11
"guatemalan",44,46442835,99.11
"harping",44,46442879,99.11
"haulers",44,46442923,99.11
"headlands",44,46442967,99.11
"heine",44,46443011,99.11
"herod",44,46443055,99.11
"hesitating",44,46443099,99.11
"hitchhiker",44,46443143,99.11
"holiest",44,46443187,99.11
"hometowns",44,46443231,99.11
"honeyed",44,46443275,99.11
"horseman",44,46443319,99.11
"humidifier",44,46443363,99.11
"hydrocarbons",44,46443407,99.11
"hz",44,46443451,99.11
"icarus",44,46443495,99.11
"imploring",44,46443539,99.11
"inadmissible",44,46443583,99.11
"incitement",44,46443627,99.11
"inedible",44,46443671,99.11
"inheriting",44,46443715,99.11
"inhibits",44,46443759,99.11
"injures",44,46443803,99.11
"iras",44,46443847,99.11
"jettisoned",44,46443891,99.11
"klondike",44,46443935,99.11
"lagrange",44,46443979,99.11
"lahore",44,46444023,99.11
"landlocked",44,46444067,99.11
"lassie",44,46444111,99.11
"laud",44,46444155,99.11
"laughingly",44,46444199,99.11
"leafed",44,46444243,99.11
"licensees",44,46444287,99.11
"lightens",44,46444331,99.11
"lilting",44,46444375,99.11
"liquidate",44,46444419,99.11
"loews",44,46444463,99.11
"lubricant",44,46444507,99.11
"macedonian",44,46444551,99.11
"machiavelli",44,46444595,99.11
"maim",44,46444639,99.11
"malfunctions",44,46444683,99.11
"marylou",44,46444727,99.11
"menial",44,46444771,99.11
"mensa",44,46444815,99.11
"microbes",44,46444859,99.11
"microwaves",44,46444903,99.11
"motivators",44,46444947,99.11
"nadir",44,46444991,99.11
"nakedness",44,46445035,99.11
"nationalistic",44,46445079,99.11
"nationalized",44,46445123,99.11
"navigates",44,46445167,99.11
"negates",44,46445211,99.11
"neruda",44,46445255,99.11
"nether",44,46445299,99.11
"niceties",44,46445343,99.11
"noisily",44,46445387,99.12
"obsolescence",44,46445431,99.12
"ogling",44,46445475,99.12
"omnivore",44,46445519,99.12
"outsmart",44,46445563,99.12
"overdoing",44,46445607,99.12
"panes",44,46445651,99.12
"papacy",44,46445695,99.12
"penetrates",44,46445739,99.12
"persecute",44,46445783,99.12
"photojournalism",44,46445827,99.12
"placard",44,46445871,99.12
"plateaus",44,46445915,99.12
"plies",44,46445959,99.12
"plunk",44,46446003,99.12
"pocketbooks",44,46446047,99.12
"polyps",44,46446091,99.12
"ponderous",44,46446135,99.12
"preening",44,46446179,99.12
"preservative",44,46446223,99.12
"preset",44,46446267,99.12
"prohibitions",44,46446311,99.12
"punishes",44,46446355,99.12
"punjabi",44,46446399,99.12
"purposed",44,46446443,99.12
"pygmy",44,46446487,99.12
"pythons",44,46446531,99.12
"ratchets",44,46446575,99.12
"rebelling",44,46446619,99.12
"reckons",44,46446663,99.12
"replenished",44,46446707,99.12
"resurrecting",44,46446751,99.12
"resuscitation",44,46446795,99.12
"retool",44,46446839,99.12
"rigidly",44,46446883,99.12
"riotous",44,46446927,99.12
"rolando",44,46446971,99.12
"rosalie",44,46447015,99.12
"samplers",44,46447059,99.12
"sanctioning",44,46447103,99.12
"schmuck",44,46447147,99.12
"semifinalists",44,46447191,99.12
"shaves",44,46447235,99.12
"shockers",44,46447279,99.12
"shootouts",44,46447323,99.12
"shorted",44,46447367,99.12
"siamese",44,46447411,99.12
"singed",44,46447455,99.12
"slats",44,46447499,99.12
"snags",44,46447543,99.12
"snaked",44,46447587,99.12
"sophocles",44,46447631,99.12
"soyuz",44,46447675,99.12
"splints",44,46447719,99.12
"spurious",44,46447763,99.12
"squalid",44,46447807,99.12
"squirts",44,46447851,99.12
"stalinist",44,46447895,99.12
"stewardess",44,46447939,99.12
"stodgy",44,46447983,99.12
"stranding",44,46448027,99.12
"suez",44,46448071,99.12
"suitability",44,46448115,99.12
"surveyor",44,46448159,99.12
"swatting",44,46448203,99.12
"switchbacks",44,46448247,99.12
"tacking",44,46448291,99.12
"tamp",44,46448335,99.12
"tapering",44,46448379,99.12
"tempering",44,46448423,99.12
"tinkered",44,46448467,99.12
"tolerates",44,46448511,99.12
"transcribed",44,46448555,99.12
"transpires",44,46448599,99.12
"trotsky",44,46448643,99.12
"unanticipated",44,46448687,99.12
"unbound",44,46448731,99.12
"unconsciousness",44,46448775,99.12
"unmanageable",44,46448819,99.12
"untangle",44,46448863,99.12
"uproot",44,46448907,99.12
"urinated",44,46448951,99.12
"uterine",44,46448995,99.12
"verbiage",44,46449039,99.12
"verity",44,46449083,99.12
"vicarious",44,46449127,99.12
"videotaping",44,46449171,99.12
"vintner",44,46449215,99.12
"waft",44,46449259,99.12
"watchtower",44,46449303,99.12
"weaned",44,46449347,99.12
"weill",44,46449391,99.12
"westinghouse",44,46449435,99.12
"windex",44,46449479,99.12
"worsens",44,46449523,99.12
"wreaked",44,46449567,99.12
"yucatan",44,46449611,99.12
"zapped",44,46449655,99.12
"zeroes",44,46449699,99.12
"admissible",43,46449742,99.12
"alleviated",43,46449785,99.12
"allocating",43,46449828,99.12
"alsace",43,46449871,99.12
"amie",43,46449914,99.12
"amusingly",43,46449957,99.12
"andromeda",43,46450000,99.12
"anticlimactic",43,46450043,99.13
"aquatics",43,46450086,99.13
"aramaic",43,46450129,99.13
"arguable",43,46450172,99.13
"assassinations",43,46450215,99.13
"asunder",43,46450258,99.13
"automaton",43,46450301,99.13
"autopsies",43,46450344,99.13
"babylonian",43,46450387,99.13
"baden",43,46450430,99.13
"bangladeshi",43,46450473,99.13
"baseboards",43,46450516,99.13
"battlefields",43,46450559,99.13
"beekeepers",43,46450602,99.13
"behemoths",43,46450645,99.13
"bemoaning",43,46450688,99.13
"besotted",43,46450731,99.13
"beverley",43,46450774,99.13
"biosphere",43,46450817,99.13
"blacktop",43,46450860,99.13
"blockages",43,46450903,99.13
"bluebells",43,46450946,99.13
"blunted",43,46450989,99.13
"bola",43,46451032,99.13
"boleyn",43,46451075,99.13
"boners",43,46451118,99.13
"bookend",43,46451161,99.13
"bookie",43,46451204,99.13
"bootstrap",43,46451247,99.13
"broach",43,46451290,99.13
"brogan",43,46451333,99.13
"captioning",43,46451376,99.13
"catalonia",43,46451419,99.13
"celluloid",43,46451462,99.13
"chadwick",43,46451505,99.13
"cheep",43,46451548,99.13
"chicory",43,46451591,99.13
"christen",43,46451634,99.13
"clincher",43,46451677,99.13
"clumsily",43,46451720,99.13
"colic",43,46451763,99.13
"commodores",43,46451806,99.13
"communicators",43,46451849,99.13
"confederation",43,46451892,99.13
"confounded",43,46451935,99.13
"contingencies",43,46451978,99.13
"contractually",43,46452021,99.13
"contrition",43,46452064,99.13
"convection",43,46452107,99.13
"countryman",43,46452150,99.13
"cronkite",43,46452193,99.13
"cutlets",43,46452236,99.13
"debunk",43,46452279,99.13
"decayed",43,46452322,99.13
"decibel",43,46452365,99.13
"delis",43,46452408,99.13
"demonstrably",43,46452451,99.13
"deviated",43,46452494,99.13
"deviations",43,46452537,99.13
"dewayne",43,46452580,99.13
"digestible",43,46452623,99.13
"dishwashers",43,46452666,99.13
"dislocation",43,46452709,99.13
"donne",43,46452752,99.13
"douse",43,46452795,99.13
"dpi",43,46452838,99.13
"dragonflies",43,46452881,99.13
"drooping",43,46452924,99.13
"eardrums",43,46452967,99.13
"ecclesiastical",43,46453010,99.13
"eels",43,46453053,99.13
"effeminate",43,46453096,99.13
"effigy",43,46453139,99.13
"electra",43,46453182,99.13
"electricians",43,46453225,99.13
"embroider",43,46453268,99.13
"enveloping",43,46453311,99.13
"exterminator",43,46453354,99.13
"felice",43,46453397,99.13
"fevered",43,46453440,99.13
"firefight",43,46453483,99.13
"fishtail",43,46453526,99.13
"fistful",43,46453569,99.13
"fixable",43,46453612,99.13
"flitting",43,46453655,99.13
"gales",43,46453698,99.13
"galvanize",43,46453741,99.13
"gawking",43,46453784,99.13
"gayest",43,46453827,99.13
"gestapo",43,46453870,99.13
"ghoulish",43,46453913,99.13
"glided",43,46453956,99.13
"glimmers",43,46453999,99.13
"grands",43,46454042,99.13
"guidebooks",43,46454085,99.13
"gwendolyn",43,46454128,99.13
"hangings",43,46454171,99.13
"healthily",43,46454214,99.13
"heckler",43,46454257,99.13
"hemming",43,46454300,99.13
"hems",43,46454343,99.13
"heralds",43,46454386,99.13
"herbaceous",43,46454429,99.13
"hitching",43,46454472,99.13
"hobbits",43,46454515,99.13
"homesickness",43,46454558,99.13
"hoots",43,46454601,99.13
"humanize",43,46454644,99.13
"ibiza",43,46454687,99.13
"imams",43,46454730,99.14
"immovable",43,46454773,99.14
"imperiled",43,46454816,99.14
"importers",43,46454859,99.14
"impounded",43,46454902,99.14
"incubation",43,46454945,99.14
"indemnity",43,46454988,99.14
"infielders",43,46455031,99.14
"inflected",43,46455074,99.14
"inhumanity",43,46455117,99.14
"insensitivity",43,46455160,99.14
"insipid",43,46455203,99.14
"internalized",43,46455246,99.14
"interviewees",43,46455289,99.14
"inventiveness",43,46455332,99.14
"isms",43,46455375,99.14
"jealously",43,46455418,99.14
"jeannine",43,46455461,99.14
"jeers",43,46455504,99.14
"jingles",43,46455547,99.14
"jousting",43,46455590,99.14
"judson",43,46455633,99.14
"julienne",43,46455676,99.14
"keepsakes",43,46455719,99.14
"lenoir",43,46455762,99.14
"letterhead",43,46455805,99.14
"levity",43,46455848,99.14
"lichen",43,46455891,99.14
"locality",43,46455934,99.14
"lodgings",43,46455977,99.14
"lop",43,46456020,99.14
"lovesick",43,46456063,99.14
"lumberjack",43,46456106,99.14
"lycra",43,46456149,99.14
"marisol",43,46456192,99.14
"marlborough",43,46456235,99.14
"massacres",43,46456278,99.14
"mated",43,46456321,99.14
"mauro",43,46456364,99.14
"mayflower",43,46456407,99.14
"mediate",43,46456450,99.14
"meeker",43,46456493,99.14
"miscues",43,46456536,99.14
"misted",43,46456579,99.14
"misusing",43,46456622,99.14
"mitty",43,46456665,99.14
"monorail",43,46456708,99.14
"nazarene",43,46456751,99.14
"neg",43,46456794,99.14
"nicaraguan",43,46456837,99.14
"nicked",43,46456880,99.14
"noncommittal",43,46456923,99.14
"norbert",43,46456966,99.14
"oars",43,46457009,99.14
"oozed",43,46457052,99.14
"ousting",43,46457095,99.14
"overachiever",43,46457138,99.14
"overcharged",43,46457181,99.14
"passivity",43,46457224,99.14
"peeped",43,46457267,99.14
"peepers",43,46457310,99.14
"pentathlon",43,46457353,99.14
"perennially",43,46457396,99.14
"perfunctory",43,46457439,99.14
"pernod",43,46457482,99.14
"photocopies",43,46457525,99.14
"photon",43,46457568,99.14
"plaintive",43,46457611,99.14
"playmates",43,46457654,99.14
"postures",43,46457697,99.14
"prescribes",43,46457740,99.14
"prods",43,46457783,99.14
"profusion",43,46457826,99.14
"propagated",43,46457869,99.14
"pullover",43,46457912,99.14
"quantified",43,46457955,99.14
"rabbinical",43,46457998,99.14
"radon",43,46458041,99.14
"rattlesnakes",43,46458084,99.14
"rawhide",43,46458127,99.14
"redeveloped",43,46458170,99.14
"redid",43,46458213,99.14
"reedy",43,46458256,99.14
"remotes",43,46458299,99.14
"repayments",43,46458342,99.14
"repress",43,46458385,99.14
"repulsed",43,46458428,99.14
"rescheduling",43,46458471,99.14
"retaliatory",43,46458514,99.14
"revocable",43,46458557,99.14
"revoking",43,46458600,99.14
"righting",43,46458643,99.14
"rosalind",43,46458686,99.14
"rubies",43,46458729,99.14
"sandalwood",43,46458772,99.14
"scalpers",43,46458815,99.14
"scaly",43,46458858,99.14
"selflessly",43,46458901,99.14
"semifinalist",43,46458944,99.14
"shakeup",43,46458987,99.14
"shawna",43,46459030,99.14
"shelve",43,46459073,99.14
"shopkeeper",43,46459116,99.14
"shuttering",43,46459159,99.14
"slocum",43,46459202,99.14
"smelter",43,46459245,99.14
"smokeless",43,46459288,99.14
"smugly",43,46459331,99.14
"sociologists",43,46459374,99.14
"sorcerers",43,46459417,99.15
"spews",43,46459460,99.15
"spooks",43,46459503,99.15
"sprucing",43,46459546,99.15
"stags",43,46459589,99.15
"stipulate",43,46459632,99.15
"strop",43,46459675,99.15
"stylishly",43,46459718,99.15
"subtracted",43,46459761,99.15
"supervises",43,46459804,99.15
"sways",43,46459847,99.15
"symptomatic",43,46459890,99.15
"tallying",43,46459933,99.15
"tampered",43,46459976,99.15
"tarantula",43,46460019,99.15
"televise",43,46460062,99.15
"tellingly",43,46460105,99.15
"thinnest",43,46460148,99.15
"thwarting",43,46460191,99.15
"tightens",43,46460234,99.15
"tramps",43,46460277,99.15
"transistor",43,46460320,99.15
"triumphantly",43,46460363,99.15
"turret",43,46460406,99.15
"tyndale",43,46460449,99.15
"unambiguous",43,46460492,99.15
"unmitigated",43,46460535,99.15
"unmoved",43,46460578,99.15
"unpunished",43,46460621,99.15
"uptake",43,46460664,99.15
"urbane",43,46460707,99.15
"urination",43,46460750,99.15
"vestiges",43,46460793,99.15
"warehousing",43,46460836,99.15
"wart",43,46460879,99.15
"welled",43,46460922,99.15
"wheelbase",43,46460965,99.15
"whitest",43,46461008,99.15
"woolen",43,46461051,99.15
"yapping",43,46461094,99.15
"aardvark",42,46461136,99.15
"abstaining",42,46461178,99.15
"accommodates",42,46461220,99.15
"accompaniments",42,46461262,99.15
"adolph",42,46461304,99.15
"adverb",42,46461346,99.15
"alleyways",42,46461388,99.15
"applicator",42,46461430,99.15
"aquifers",42,46461472,99.15
"assent",42,46461514,99.15
"ballsy",42,46461556,99.15
"bellini",42,46461598,99.15
"berm",42,46461640,99.15
"bibs",42,46461682,99.15
"bindings",42,46461724,99.15
"blacking",42,46461766,99.15
"bohemia",42,46461808,99.15
"bolting",42,46461850,99.15
"braddock",42,46461892,99.15
"bramble",42,46461934,99.15
"brawn",42,46461976,99.15
"breathy",42,46462018,99.15
"buffeted",42,46462060,99.15
"bulbous",42,46462102,99.15
"bulletins",42,46462144,99.15
"cantrell",42,46462186,99.15
"caprice",42,46462228,99.15
"carat",42,46462270,99.15
"cartoonists",42,46462312,99.15
"champagnes",42,46462354,99.15
"circuitous",42,46462396,99.15
"clarendon",42,46462438,99.15
"claustrophobia",42,46462480,99.15
"cogent",42,46462522,99.15
"colloquium",42,46462564,99.15
"colonials",42,46462606,99.15
"combustible",42,46462648,99.15
"commendation",42,46462690,99.15
"comprehensible",42,46462732,99.15
"consequent",42,46462774,99.15
"corals",42,46462816,99.15
"costuming",42,46462858,99.15
"cowed",42,46462900,99.15
"crackdowns",42,46462942,99.15
"craftiness",42,46462984,99.15
"credulity",42,46463026,99.15
"croquettes",42,46463068,99.15
"cymbal",42,46463110,99.15
"daylights",42,46463152,99.15
"decentralized",42,46463194,99.15
"deceptions",42,46463236,99.15
"decimate",42,46463278,99.15
"deflation",42,46463320,99.15
"demean",42,46463362,99.15
"diffusion",42,46463404,99.15
"dipper",42,46463446,99.15
"disclaimers",42,46463488,99.15
"discourses",42,46463530,99.15
"disinformation",42,46463572,99.15
"distiller",42,46463614,99.15
"downgrading",42,46463656,99.15
"downplaying",42,46463698,99.15
"echelons",42,46463740,99.15
"eclipses",42,46463782,99.15
"emcees",42,46463824,99.15
"encapsulate",42,46463866,99.15
"endearment",42,46463908,99.15
"epicurean",42,46463950,99.15
"excusing",42,46463992,99.15
"facile",42,46464034,99.15
"facilitation",42,46464076,99.15
"faithless",42,46464118,99.16
"feign",42,46464160,99.16
"fissures",42,46464202,99.16
"foodstuffs",42,46464244,99.16
"forebears",42,46464286,99.16
"freehand",42,46464328,99.16
"frothing",42,46464370,99.16
"gallbladder",42,46464412,99.16
"golan",42,46464454,99.16
"gonorrhea",42,46464496,99.16
"gossamer",42,46464538,99.16
"granular",42,46464580,99.16
"gretel",42,46464622,99.16
"grounders",42,46464664,99.16
"grunted",42,46464706,99.16
"gynecology",42,46464748,99.16
"hallucinogenic",42,46464790,99.16
"hangman",42,46464832,99.16
"heckling",42,46464874,99.16
"hemorrhaging",42,46464916,99.16
"hep",42,46464958,99.16
"herbicides",42,46465000,99.16
"homeopathy",42,46465042,99.16
"hopi",42,46465084,99.16
"howled",42,46465126,99.16
"humanists",42,46465168,99.16
"humpback",42,46465210,99.16
"icebergs",42,46465252,99.16
"impeding",42,46465294,99.16
"impulsively",42,46465336,99.16
"inhospitable",42,46465378,99.16
"inscriptions",42,46465420,99.16
"insecticide",42,46465462,99.16
"interject",42,46465504,99.16
"intersecting",42,46465546,99.16
"ions",42,46465588,99.16
"issac",42,46465630,99.16
"juana",42,46465672,99.16
"kennels",42,46465714,99.16
"keyhole",42,46465756,99.16
"knesset",42,46465798,99.16
"ledges",42,46465840,99.16
"leprechauns",42,46465882,99.16
"libretto",42,46465924,99.16
"liquefied",42,46465966,99.16
"litigants",42,46466008,99.16
"loggers",42,46466050,99.16
"lorenz",42,46466092,99.16
"lullabies",42,46466134,99.16
"lurked",42,46466176,99.16
"magma",42,46466218,99.16
"margarito",42,46466260,99.16
"marquise",42,46466302,99.16
"maserati",42,46466344,99.16
"matzoh",42,46466386,99.16
"mauritania",42,46466428,99.16
"meir",42,46466470,99.16
"melded",42,46466512,99.16
"meowing",42,46466554,99.16
"mew",42,46466596,99.16
"milked",42,46466638,99.16
"mire",42,46466680,99.16
"misadventures",42,46466722,99.16
"misbehave",42,46466764,99.16
"misjudged",42,46466806,99.16
"missive",42,46466848,99.16
"misting",42,46466890,99.16
"mottled",42,46466932,99.16
"netter",42,46466974,99.16
"neutralized",42,46467016,99.16
"noblest",42,46467058,99.16
"nona",42,46467100,99.16
"notarized",42,46467142,99.16
"novartis",42,46467184,99.16
"obscuring",42,46467226,99.16
"opiates",42,46467268,99.16
"orchestration",42,46467310,99.16
"outlooks",42,46467352,99.16
"overpay",42,46467394,99.16
"overstock",42,46467436,99.16
"oxidation",42,46467478,99.16
"parishioner",42,46467520,99.16
"paulette",42,46467562,99.16
"pecs",42,46467604,99.16
"pedaled",42,46467646,99.16
"phipps",42,46467688,99.16
"pigmentation",42,46467730,99.16
"pileup",42,46467772,99.16
"pinhead",42,46467814,99.16
"plexus",42,46467856,99.16
"plunger",42,46467898,99.16
"polemic",42,46467940,99.16
"polices",42,46467982,99.16
"poltergeist",42,46468024,99.16
"portly",42,46468066,99.16
"prefaced",42,46468108,99.16
"preliminaries",42,46468150,99.16
"preschools",42,46468192,99.16
"professes",42,46468234,99.16
"pusher",42,46468276,99.16
"rabin",42,46468318,99.16
"ramming",42,46468360,99.16
"ranted",42,46468402,99.16
"rapturous",42,46468444,99.16
"ravishing",42,46468486,99.16
"reciprocating",42,46468528,99.16
"recitals",42,46468570,99.16
"reconvene",42,46468612,99.16
"recycles",42,46468654,99.16
"redden",42,46468696,99.16
"refurbish",42,46468738,99.16
"regrouping",42,46468780,99.16
"repose",42,46468822,99.17
"retooling",42,46468864,99.17
"rhiannon",42,46468906,99.17
"roadster",42,46468948,99.17
"rollback",42,46468990,99.17
"roping",42,46469032,99.17
"rotational",42,46469074,99.17
"saran",42,46469116,99.17
"scapegoats",42,46469158,99.17
"scooted",42,46469200,99.17
"seashells",42,46469242,99.17
"septa",42,46469284,99.17
"sevens",42,46469326,99.17
"shepherded",42,46469368,99.17
"signer",42,46469410,99.17
"silliest",42,46469452,99.17
"skews",42,46469494,99.17
"smidgen",42,46469536,99.17
"someway",42,46469578,99.17
"sourness",42,46469620,99.17
"spasm",42,46469662,99.17
"spellings",42,46469704,99.17
"spicier",42,46469746,99.17
"spooned",42,46469788,99.17
"strictest",42,46469830,99.17
"struts",42,46469872,99.17
"suleiman",42,46469914,99.17
"sunbeam",42,46469956,99.17
"supercharged",42,46469998,99.17
"surety",42,46470040,99.17
"surmised",42,46470082,99.17
"susanne",42,46470124,99.17
"svelte",42,46470166,99.17
"teacups",42,46470208,99.17
"telepathy",42,46470250,99.17
"temblor",42,46470292,99.17
"terrifically",42,46470334,99.17
"thresholds",42,46470376,99.17
"tiptoe",42,46470418,99.17
"togo",42,46470460,99.17
"touchstones",42,46470502,99.17
"townes",42,46470544,99.17
"treads",42,46470586,99.17
"tuner",42,46470628,99.17
"tush",42,46470670,99.17
"underwritten",42,46470712,99.17
"unleashes",42,46470754,99.17
"unnaturally",42,46470796,99.17
"unreachable",42,46470838,99.17
"urology",42,46470880,99.17
"utterances",42,46470922,99.17
"voided",42,46470964,99.17
"voyeurism",42,46471006,99.17
"vulgarity",42,46471048,99.17
"wagers",42,46471090,99.17
"weathering",42,46471132,99.17
"whizzing",42,46471174,99.17
"wikis",42,46471216,99.17
"windup",42,46471258,99.17
"wolfram",42,46471300,99.17
"worsted",42,46471342,99.17
"wycliffe",42,46471384,99.17
"yearns",42,46471426,99.17
"yellowish",42,46471468,99.17
"yest",42,46471510,99.17
"yorkie",42,46471552,99.17
"zed",42,46471594,99.17
"zoology",42,46471636,99.17
"abnormality",41,46471677,99.17
"absolutes",41,46471718,99.17
"accra",41,46471759,99.17
"acquiescence",41,46471800,99.17
"adorns",41,46471841,99.17
"angrier",41,46471882,99.17
"antagonists",41,46471923,99.17
"antiwar",41,46471964,99.17
"aphrodisiac",41,46472005,99.17
"aphrodite",41,46472046,99.17
"approximation",41,46472087,99.17
"auden",41,46472128,99.17
"backus",41,46472169,99.17
"balms",41,46472210,99.17
"banshee",41,46472251,99.17
"barbecuing",41,46472292,99.17
"basked",41,46472333,99.17
"battlegrounds",41,46472374,99.17
"bawled",41,46472415,99.17
"bazooka",41,46472456,99.17
"beekeeper",41,46472497,99.17
"belie",41,46472538,99.17
"bloodies",41,46472579,99.17
"bloomers",41,46472620,99.17
"brainless",41,46472661,99.17
"bullshitting",41,46472702,99.17
"bunted",41,46472743,99.17
"businesslike",41,46472784,99.17
"buzzwords",41,46472825,99.17
"candlesticks",41,46472866,99.17
"careened",41,46472907,99.17
"carina",41,46472948,99.17
"chaff",41,46472989,99.17
"cheesecakes",41,46473030,99.17
"chicagoan",41,46473071,99.17
"chieftain",41,46473112,99.17
"chirped",41,46473153,99.17
"cinched",41,46473194,99.17
"cliques",41,46473235,99.17
"coerce",41,46473276,99.17
"colloquial",41,46473317,99.17
"conceptions",41,46473358,99.17
"conciliatory",41,46473399,99.17
"conned",41,46473440,99.17
"conquests",41,46473481,99.18
"couched",41,46473522,99.18
"couriers",41,46473563,99.18
"courtyards",41,46473604,99.18
"crackles",41,46473645,99.18
"creepily",41,46473686,99.18
"crevice",41,46473727,99.18
"crinkle",41,46473768,99.18
"crooning",41,46473809,99.18
"curiosities",41,46473850,99.18
"cylindrical",41,46473891,99.18
"ddt",41,46473932,99.18
"defections",41,46473973,99.18
"demonstrable",41,46474014,99.18
"depresses",41,46474055,99.18
"desecration",41,46474096,99.18
"desktops",41,46474137,99.18
"detaining",41,46474178,99.18
"dewy",41,46474219,99.18
"dimming",41,46474260,99.18
"dislodge",41,46474301,99.18
"disordered",41,46474342,99.18
"disposables",41,46474383,99.18
"distinguishable",41,46474424,99.18
"driest",41,46474465,99.18
"duchamp",41,46474506,99.18
"earths",41,46474547,99.18
"effusive",41,46474588,99.18
"eggshell",41,46474629,99.18
"endeared",41,46474670,99.18
"enrollments",41,46474711,99.18
"ergonomic",41,46474752,99.18
"escarole",41,46474793,99.18
"evacuating",41,46474834,99.18
"exhaled",41,46474875,99.18
"expanses",41,46474916,99.18
"explosiveness",41,46474957,99.18
"fazed",41,46474998,99.18
"followings",41,46475039,99.18
"footballers",41,46475080,99.18
"foreshadowed",41,46475121,99.18
"forethought",41,46475162,99.18
"formalized",41,46475203,99.18
"fornication",41,46475244,99.18
"fracas",41,46475285,99.18
"fringed",41,46475326,99.18
"frumpy",41,46475367,99.18
"gastronomic",41,46475408,99.18
"gazes",41,46475449,99.18
"gibraltar",41,46475490,99.18
"gilda",41,46475531,99.18
"glosses",41,46475572,99.18
"goaltenders",41,46475613,99.18
"governorship",41,46475654,99.18
"granules",41,46475695,99.18
"grasps",41,46475736,99.18
"grosses",41,46475777,99.18
"havel",41,46475818,99.18
"heeding",41,46475859,99.18
"hooch",41,46475900,99.18
"hoppers",41,46475941,99.18
"humored",41,46475982,99.18
"hysterectomy",41,46476023,99.18
"hysterics",41,46476064,99.18
"imparting",41,46476105,99.18
"importation",41,46476146,99.18
"incalculable",41,46476187,99.18
"incredulously",41,46476228,99.18
"indeterminate",41,46476269,99.18
"indignity",41,46476310,99.18
"indra",41,46476351,99.18
"indulges",41,46476392,99.18
"inequity",41,46476433,99.18
"infantile",41,46476474,99.18
"infects",41,46476515,99.18
"interchanges",41,46476556,99.18
"interrogate",41,46476597,99.18
"irrepressible",41,46476638,99.18
"irrevocably",41,46476679,99.18
"jeanine",41,46476720,99.18
"jubilation",41,46476761,99.18
"kaitlin",41,46476802,99.18
"kenmore",41,46476843,99.18
"kilts",41,46476884,99.18
"knuckleheads",41,46476925,99.18
"lamprey",41,46476966,99.18
"lancelot",41,46477007,99.18
"lanyard",41,46477048,99.18
"leann",41,46477089,99.18
"leaven",41,46477130,99.18
"lidia",41,46477171,99.18
"lilith",41,46477212,99.18
"liszt",41,46477253,99.18
"longish",41,46477294,99.18
"lymphatic",41,46477335,99.18
"macaulay",41,46477376,99.18
"magellan",41,46477417,99.18
"manganese",41,46477458,99.18
"manipulations",41,46477499,99.18
"marathoner",41,46477540,99.18
"marconi",41,46477581,99.18
"materialist",41,46477622,99.18
"materially",41,46477663,99.18
"maugham",41,46477704,99.18
"maytag",41,46477745,99.18
"mcveigh",41,46477786,99.18
"meekly",41,46477827,99.18
"merges",41,46477868,99.18
"minstrel",41,46477909,99.18
"mishmash",41,46477950,99.18
"misrepresentations",41,46477991,99.18
"monogamy",41,46478032,99.18
"moog",41,46478073,99.18
"morass",41,46478114,99.18
"motocross",41,46478155,99.18
"murrow",41,46478196,99.19
"nafta",41,46478237,99.19
"nebulous",41,46478278,99.19
"nectarine",41,46478319,99.19
"neophyte",41,46478360,99.19
"nubian",41,46478401,99.19
"numbed",41,46478442,99.19
"observable",41,46478483,99.19
"oppressor",41,46478524,99.19
"orpheus",41,46478565,99.19
"oshkosh",41,46478606,99.19
"outlive",41,46478647,99.19
"overburdened",41,46478688,99.19
"papas",41,46478729,99.19
"peddled",41,46478770,99.19
"perchance",41,46478811,99.19
"phenomenally",41,46478852,99.19
"phobias",41,46478893,99.19
"picketing",41,46478934,99.19
"piglet",41,46478975,99.19
"pleasantries",41,46479016,99.19
"popes",41,46479057,99.19
"porterhouse",41,46479098,99.19
"precludes",41,46479139,99.19
"presumes",41,46479180,99.19
"pried",41,46479221,99.19
"probed",41,46479262,99.19
"programmable",41,46479303,99.19
"provokes",41,46479344,99.19
"proxies",41,46479385,99.19
"pursuers",41,46479426,99.19
"queers",41,46479467,99.19
"quenching",41,46479508,99.19
"quitters",41,46479549,99.19
"ratty",41,46479590,99.19
"reappears",41,46479631,99.19
"reconfigure",41,46479672,99.19
"refereeing",41,46479713,99.19
"refocused",41,46479754,99.19
"regimented",41,46479795,99.19
"relevancy",41,46479836,99.19
"remuneration",41,46479877,99.19
"replaceable",41,46479918,99.19
"replenishment",41,46479959,99.19
"reportage",41,46480000,99.19
"representational",41,46480041,99.19
"resetting",41,46480082,99.19
"resold",41,46480123,99.19
"retouching",41,46480164,99.19
"revolted",41,46480205,99.19
"roadrunner",41,46480246,99.19
"rotterdam",41,46480287,99.19
"roughness",41,46480328,99.19
"rupee",41,46480369,99.19
"rushdie",41,46480410,99.19
"sacrilege",41,46480451,99.19
"sammie",41,46480492,99.19
"saskatchewan",41,46480533,99.19
"scoffs",41,46480574,99.19
"scrawl",41,46480615,99.19
"seedling",41,46480656,99.19
"shebang",41,46480697,99.19
"shippers",41,46480738,99.19
"shrubbery",41,46480779,99.19
"shuffleboard",41,46480820,99.19
"sitar",41,46480861,99.19
"sloane",41,46480902,99.19
"slumbering",41,46480943,99.19
"snell",41,46480984,99.19
"snowstorms",41,46481025,99.19
"sorrel",41,46481066,99.19
"spaceflight",41,46481107,99.19
"splurged",41,46481148,99.19
"spouts",41,46481189,99.19
"sprites",41,46481230,99.19
"starling",41,46481271,99.19
"steerage",41,46481312,99.19
"strasbourg",41,46481353,99.19
"sunlit",41,46481394,99.19
"swabs",41,46481435,99.19
"swoops",41,46481476,99.19
"tamer",41,46481517,99.19
"tangents",41,46481558,99.19
"tapestries",41,46481599,99.19
"taxidermy",41,46481640,99.19
"technicalities",41,46481681,99.19
"terns",41,46481722,99.19
"testaments",41,46481763,99.19
"thereabouts",41,46481804,99.19
"thoroughfares",41,46481845,99.19
"threadbare",41,46481886,99.19
"timberline",41,46481927,99.19
"tinned",41,46481968,99.19
"titillating",41,46482009,99.19
"tobago",41,46482050,99.19
"tonne",41,46482091,99.19
"toothy",41,46482132,99.19
"torrents",41,46482173,99.19
"trawling",41,46482214,99.19
"treacle",41,46482255,99.19
"troupes",41,46482296,99.19
"tubers",41,46482337,99.19
"uncluttered",41,46482378,99.19
"uninjured",41,46482419,99.19
"unleaded",41,46482460,99.19
"untoward",41,46482501,99.19
"upend",41,46482542,99.19
"uppity",41,46482583,99.19
"vane",41,46482624,99.19
"volcker",41,46482665,99.19
"warship",41,46482706,99.19
"waterlogged",41,46482747,99.19
"waterproofing",41,46482788,99.19
"wetness",41,46482829,99.19
"wiesel",41,46482870,99.2
"winsome",41,46482911,99.2
"wriggle",41,46482952,99.2
"yellowed",41,46482993,99.2
"accentuated",40,46483033,99.2
"adornment",40,46483073,99.2
"aeronautics",40,46483113,99.2
"affording",40,46483153,99.2
"ambulatory",40,46483193,99.2
"anoint",40,46483233,99.2
"authoritarianism",40,46483273,99.2
"baal",40,46483313,99.2
"balanchine",40,46483353,99.2
"ballistics",40,46483393,99.2
"bankrolled",40,46483433,99.2
"barracuda",40,46483473,99.2
"bartering",40,46483513,99.2
"beautification",40,46483553,99.2
"bedridden",40,46483593,99.2
"bellowed",40,46483633,99.2
"blobs",40,46483673,99.2
"bloopers",40,46483713,99.2
"bolero",40,46483753,99.2
"brawny",40,46483793,99.2
"briton",40,46483833,99.2
"broomstick",40,46483873,99.2
"bulldozers",40,46483913,99.2
"burka",40,46483953,99.2
"burping",40,46483993,99.2
"cannibals",40,46484033,99.2
"capitulation",40,46484073,99.2
"carafe",40,46484113,99.2
"carcinoma",40,46484153,99.2
"cardenas",40,46484193,99.2
"careening",40,46484233,99.2
"cassius",40,46484273,99.2
"centaurus",40,46484313,99.2
"changeable",40,46484353,99.2
"chars",40,46484393,99.2
"cherishes",40,46484433,99.2
"chevalier",40,46484473,99.2
"chins",40,46484513,99.2
"clearances",40,46484553,99.2
"clovis",40,46484593,99.2
"complies",40,46484633,99.2
"concentric",40,46484673,99.2
"contiguous",40,46484713,99.2
"copes",40,46484753,99.2
"copiers",40,46484793,99.2
"counterattack",40,46484833,99.2
"counterbalance",40,46484873,99.2
"cower",40,46484913,99.2
"crackled",40,46484953,99.2
"creepier",40,46484993,99.2
"creepiness",40,46485033,99.2
"crooner",40,46485073,99.2
"culpability",40,46485113,99.2
"daffy",40,46485153,99.2
"decca",40,46485193,99.2
"demoralized",40,46485233,99.2
"depleting",40,46485273,99.2
"descriptor",40,46485313,99.2
"diaphragm",40,46485353,99.2
"diorama",40,46485393,99.2
"discombobulated",40,46485433,99.2
"disowned",40,46485473,99.2
"dispelled",40,46485513,99.2
"dispersing",40,46485553,99.2
"distinctively",40,46485593,99.2
"distorts",40,46485633,99.2
"divulged",40,46485673,99.2
"dmca",40,46485713,99.2
"durante",40,46485753,99.2
"eeyore",40,46485793,99.2
"effacing",40,46485833,99.2
"ekg",40,46485873,99.2
"elegy",40,46485913,99.2
"encyclopedias",40,46485953,99.2
"enriches",40,46485993,99.2
"erodes",40,46486033,99.2
"escher",40,46486073,99.2
"essences",40,46486113,99.2
"excerpted",40,46486153,99.2
"expressionism",40,46486193,99.2
"fabricating",40,46486233,99.2
"featherweight",40,46486273,99.2
"ferraro",40,46486313,99.2
"fiddled",40,46486353,99.2
"fieldwork",40,46486393,99.2
"figurehead",40,46486433,99.2
"figurine",40,46486473,99.2
"flunked",40,46486513,99.2
"flutters",40,46486553,99.2
"forefinger",40,46486593,99.2
"franchised",40,46486633,99.2
"fraternities",40,46486673,99.2
"freedman",40,46486713,99.2
"funnies",40,46486753,99.2
"galapagos",40,46486793,99.2
"genghis",40,46486833,99.2
"georgina",40,46486873,99.2
"ginseng",40,46486913,99.2
"glades",40,46486953,99.2
"godot",40,46486993,99.2
"gomorrah",40,46487033,99.2
"goop",40,46487073,99.2
"grandpas",40,46487113,99.2
"grassland",40,46487153,99.2
"gravelly",40,46487193,99.2
"gravestone",40,46487233,99.2
"gui",40,46487273,99.2
"hawaiians",40,46487313,99.2
"heathens",40,46487353,99.2
"hierarchies",40,46487393,99.2
"hing",40,46487433,99.2
"hodgkin",40,46487473,99.2
"illustrative",40,46487513,99.2
"immaculately",40,46487553,99.21
"impartiality",40,46487593,99.21
"impressionistic",40,46487633,99.21
"incited",40,46487673,99.21
"indebtedness",40,46487713,99.21
"infringes",40,46487753,99.21
"inhibiting",40,46487793,99.21
"injunctions",40,46487833,99.21
"innkeeper",40,46487873,99.21
"instigate",40,46487913,99.21
"intercepting",40,46487953,99.21
"interstellar",40,46487993,99.21
"irresistibly",40,46488033,99.21
"jawbone",40,46488073,99.21
"kaboom",40,46488113,99.21
"kaput",40,46488153,99.21
"keillor",40,46488193,99.21
"kisser",40,46488233,99.21
"lacquered",40,46488273,99.21
"laughably",40,46488313,99.21
"launder",40,46488353,99.21
"leafing",40,46488393,99.21
"leeches",40,46488433,99.21
"legitimize",40,46488473,99.21
"leotard",40,46488513,99.21
"lifelike",40,46488553,99.21
"lockup",40,46488593,99.21
"locusts",40,46488633,99.21
"madcap",40,46488673,99.21
"mainstays",40,46488713,99.21
"maldives",40,46488753,99.21
"mamie",40,46488793,99.21
"masterminded",40,46488833,99.21
"matting",40,46488873,99.21
"mavens",40,46488913,99.21
"megachurch",40,46488953,99.21
"merman",40,46488993,99.21
"mexicali",40,46489033,99.21
"midyear",40,46489073,99.21
"migrations",40,46489113,99.21
"moldova",40,46489153,99.21
"mortally",40,46489193,99.21
"mullets",40,46489233,99.21
"multidimensional",40,46489273,99.21
"multiverse",40,46489313,99.21
"naturalism",40,46489353,99.21
"nihilism",40,46489393,99.21
"obtuse",40,46489433,99.21
"ohioan",40,46489473,99.21
"opacity",40,46489513,99.21
"optimistically",40,46489553,99.21
"outputs",40,46489593,99.21
"overlaid",40,46489633,99.21
"overreaching",40,46489673,99.21
"overseers",40,46489713,99.21
"oversold",40,46489753,99.21
"persevering",40,46489793,99.21
"pinstripe",40,46489833,99.21
"platelet",40,46489873,99.21
"poinsettias",40,46489913,99.21
"poodles",40,46489953,99.21
"populism",40,46489993,99.21
"prejudicial",40,46490033,99.21
"prepackaged",40,46490073,99.21
"racecourse",40,46490113,99.21
"radioed",40,46490153,99.21
"rafts",40,46490193,99.21
"randal",40,46490233,99.21
"reappearance",40,46490273,99.21
"rebut",40,46490313,99.21
"reexamine",40,46490353,99.21
"reflector",40,46490393,99.21
"regiments",40,46490433,99.21
"regressed",40,46490473,99.21
"repackaged",40,46490513,99.21
"restocked",40,46490553,99.21
"rhoda",40,46490593,99.21
"ritalin",40,46490633,99.21
"ruts",40,46490673,99.21
"sachet",40,46490713,99.21
"salivate",40,46490753,99.21
"samoan",40,46490793,99.21
"sandlot",40,46490833,99.21
"scab",40,46490873,99.21
"scabs",40,46490913,99.21
"sculptors",40,46490953,99.21
"seduces",40,46490993,99.21
"seer",40,46491033,99.21
"septum",40,46491073,99.21
"shearer",40,46491113,99.21
"shyly",40,46491153,99.21
"sinuous",40,46491193,99.21
"skids",40,46491233,99.21
"sloped",40,46491273,99.21
"slowness",40,46491313,99.21
"smirked",40,46491353,99.21
"smugness",40,46491393,99.21
"snares",40,46491433,99.21
"sneering",40,46491473,99.21
"socked",40,46491513,99.21
"spake",40,46491553,99.21
"speculates",40,46491593,99.21
"spherical",40,46491633,99.21
"spica",40,46491673,99.21
"spiro",40,46491713,99.21
"spitfire",40,46491753,99.21
"sprayer",40,46491793,99.21
"squeaking",40,46491833,99.21
"stacie",40,46491873,99.21
"stockpiled",40,46491913,99.21
"straights",40,46491953,99.21
"suckered",40,46491993,99.21
"sunnier",40,46492033,99.21
"sunning",40,46492073,99.21
"superlatives",40,46492113,99.21
"surpluses",40,46492153,99.21
"surrealism",40,46492193,99.21
"surrenders",40,46492233,99.22
"swishing",40,46492273,99.22
"taproom",40,46492313,99.22
"terrarium",40,46492353,99.22
"tet",40,46492393,99.22
"thais",40,46492433,99.22
"timbuktu",40,46492473,99.22
"trafficker",40,46492513,99.22
"transmitters",40,46492553,99.22
"travail",40,46492593,99.22
"traversed",40,46492633,99.22
"treetops",40,46492673,99.22
"troubleshoot",40,46492713,99.22
"unaccountable",40,46492753,99.22
"unbeliever",40,46492793,99.22
"uncensored",40,46492833,99.22
"uncoordinated",40,46492873,99.22
"uninhabitable",40,46492913,99.22
"uninhabited",40,46492953,99.22
"unsanitary",40,46492993,99.22
"uplands",40,46493033,99.22
"vats",40,46493073,99.22
"vedas",40,46493113,99.22
"verbose",40,46493153,99.22
"vestige",40,46493193,99.22
"vibrato",40,46493233,99.22
"vishnu",40,46493273,99.22
"waterside",40,46493313,99.22
"webmaster",40,46493353,99.22
"wench",40,46493393,99.22
"whacking",40,46493433,99.22
"whitewashed",40,46493473,99.22
"winkle",40,46493513,99.22
"wisp",40,46493553,99.22
"wormhole",40,46493593,99.22
"yellowing",40,46493633,99.22
"abolitionist",39,46493672,99.22
"acadia",39,46493711,99.22
"acerbic",39,46493750,99.22
"acuity",39,46493789,99.22
"adventuring",39,46493828,99.22
"agrarian",39,46493867,99.22
"agribusiness",39,46493906,99.22
"alabaster",39,46493945,99.22
"allegra",39,46493984,99.22
"amiga",39,46494023,99.22
"amphibians",39,46494062,99.22
"amply",39,46494101,99.22
"animus",39,46494140,99.22
"annihilate",39,46494179,99.22
"antipathy",39,46494218,99.22
"antwerp",39,46494257,99.22
"assembles",39,46494296,99.22
"astringent",39,46494335,99.22
"attila",39,46494374,99.22
"audibly",39,46494413,99.22
"avenging",39,46494452,99.22
"bacall",39,46494491,99.22
"backstabbing",39,46494530,99.22
"badness",39,46494569,99.22
"balkan",39,46494608,99.22
"ballplayers",39,46494647,99.22
"baryshnikov",39,46494686,99.22
"bauhaus",39,46494725,99.22
"bedouin",39,46494764,99.22
"bellowing",39,46494803,99.22
"benching",39,46494842,99.22
"bludgeon",39,46494881,99.22
"bobbed",39,46494920,99.22
"boggy",39,46494959,99.22
"boxcar",39,46494998,99.22
"brainstormed",39,46495037,99.22
"brainwash",39,46495076,99.22
"broadside",39,46495115,99.22
"brokerages",39,46495154,99.22
"brutus",39,46495193,99.22
"bungled",39,46495232,99.22
"bunyan",39,46495271,99.22
"burqas",39,46495310,99.22
"bypasses",39,46495349,99.22
"byte",39,46495388,99.22
"calliope",39,46495427,99.22
"callow",39,46495466,99.22
"ceasefire",39,46495505,99.22
"chisholm",39,46495544,99.22
"christendom",39,46495583,99.22
"churchgoers",39,46495622,99.22
"churns",39,46495661,99.22
"classier",39,46495700,99.22
"cleat",39,46495739,99.22
"climes",39,46495778,99.22
"cloaks",39,46495817,99.22
"cloistered",39,46495856,99.22
"codified",39,46495895,99.22
"cohesiveness",39,46495934,99.22
"competencies",39,46495973,99.22
"concealment",39,46496012,99.22
"crabbing",39,46496051,99.22
"cradling",39,46496090,99.22
"crudely",39,46496129,99.22
"daiquiri",39,46496168,99.22
"darjeeling",39,46496207,99.22
"daunted",39,46496246,99.22
"deactivate",39,46496285,99.22
"decomposed",39,46496324,99.22
"defected",39,46496363,99.22
"defoe",39,46496402,99.22
"deliriously",39,46496441,99.22
"deriving",39,46496480,99.22
"dillinger",39,46496519,99.22
"dinghy",39,46496558,99.22
"disappearances",39,46496597,99.22
"disarmed",39,46496636,99.22
"disinfectant",39,46496675,99.22
"disintegrating",39,46496714,99.22
"dispositions",39,46496753,99.22
"dispossessed",39,46496792,99.22
"dissipates",39,46496831,99.22
"divest",39,46496870,99.22
"douches",39,46496909,99.23
"duels",39,46496948,99.23
"earnestness",39,46496987,99.23
"ecologically",39,46497026,99.23
"emanates",39,46497065,99.23
"enclosures",39,46497104,99.23
"encores",39,46497143,99.23
"encroachment",39,46497182,99.23
"endowments",39,46497221,99.23
"entomologist",39,46497260,99.23
"envisaged",39,46497299,99.23
"epitomized",39,46497338,99.23
"evangeline",39,46497377,99.23
"exterminate",39,46497416,99.23
"eyeballing",39,46497455,99.23
"falsification",39,46497494,99.23
"fearlessly",39,46497533,99.23
"fearlessness",39,46497572,99.23
"fertilizing",39,46497611,99.23
"finery",39,46497650,99.23
"flippant",39,46497689,99.23
"folgers",39,46497728,99.23
"forbearance",39,46497767,99.23
"forking",39,46497806,99.23
"frisk",39,46497845,99.23
"garlands",39,46497884,99.23
"geffen",39,46497923,99.23
"gilberto",39,46497962,99.23
"girdle",39,46498001,99.23
"gonzalo",39,46498040,99.23
"grapples",39,46498079,99.23
"greedily",39,46498118,99.23
"grieves",39,46498157,99.23
"gritted",39,46498196,99.23
"guile",39,46498235,99.23
"guyana",39,46498274,99.23
"gyrating",39,46498313,99.23
"hallucinatory",39,46498352,99.23
"hammocks",39,46498391,99.23
"harpist",39,46498430,99.23
"headgear",39,46498469,99.23
"heckled",39,46498508,99.23
"highball",39,46498547,99.23
"hoedown",39,46498586,99.23
"hst",39,46498625,99.23
"huffed",39,46498664,99.23
"hurler",39,46498703,99.23
"hyderabad",39,46498742,99.23
"illiteracy",39,46498781,99.23
"inboxes",39,46498820,99.23
"indentured",39,46498859,99.23
"indistinct",39,46498898,99.23
"infertile",39,46498937,99.23
"inflationary",39,46498976,99.23
"infringements",39,46499015,99.23
"instigating",39,46499054,99.23
"instrumentalist",39,46499093,99.23
"interred",39,46499132,99.23
"intruding",39,46499171,99.23
"jami",39,46499210,99.23
"jolts",39,46499249,99.23
"jordanian",39,46499288,99.23
"joystick",39,46499327,99.23
"jugglers",39,46499366,99.23
"kahlua",39,46499405,99.23
"kamikaze",39,46499444,99.23
"karol",39,46499483,99.23
"kilimanjaro",39,46499522,99.23
"lain",39,46499561,99.23
"lakshmi",39,46499600,99.23
"lapped",39,46499639,99.23
"laxative",39,46499678,99.23
"leprosy",39,46499717,99.23
"lister",39,46499756,99.23
"litigated",39,46499795,99.23
"lugosi",39,46499834,99.23
"manipulates",39,46499873,99.23
"manipulator",39,46499912,99.23
"marinades",39,46499951,99.23
"marple",39,46499990,99.23
"masterwork",39,46500029,99.23
"maudlin",39,46500068,99.23
"meandered",39,46500107,99.23
"menacingly",39,46500146,99.23
"meshed",39,46500185,99.23
"meteorites",39,46500224,99.23
"metered",39,46500263,99.23
"misrepresenting",39,46500302,99.23
"moccasins",39,46500341,99.23
"modulation",39,46500380,99.23
"motherboard",39,46500419,99.23
"naivety",39,46500458,99.23
"nihilistic",39,46500497,99.23
"northrup",39,46500536,99.23
"nosebleed",39,46500575,99.23
"nosebleeds",39,46500614,99.23
"nuptial",39,46500653,99.23
"obsidian",39,46500692,99.23
"offhand",39,46500731,99.23
"osgood",39,46500770,99.23
"outbid",39,46500809,99.23
"outlay",39,46500848,99.23
"overplayed",39,46500887,99.23
"overrides",39,46500926,99.23
"palomino",39,46500965,99.23
"parisians",39,46501004,99.23
"paucity",39,46501043,99.23
"pavements",39,46501082,99.23
"pavlov",39,46501121,99.23
"peppering",39,46501160,99.23
"pepys",39,46501199,99.23
"perceptual",39,46501238,99.23
"peshawar",39,46501277,99.23
"pestilence",39,46501316,99.23
"peugeot",39,46501355,99.23
"pinpointed",39,46501394,99.23
"pinwheel",39,46501433,99.23
"piquant",39,46501472,99.23
"pluralism",39,46501511,99.23
"portraiture",39,46501550,99.23
"potters",39,46501589,99.24
"predestined",39,46501628,99.24
"pretenses",39,46501667,99.24
"profitably",39,46501706,99.24
"promulgate",39,46501745,99.24
"qua",39,46501784,99.24
"quadriceps",39,46501823,99.24
"ragtag",39,46501862,99.24
"recaptured",39,46501901,99.24
"receptacle",39,46501940,99.24
"recites",39,46501979,99.24
"refiners",39,46502018,99.24
"refinishing",39,46502057,99.24
"regenerative",39,46502096,99.24
"rejoices",39,46502135,99.24
"rejoining",39,46502174,99.24
"reprisal",39,46502213,99.24
"retell",39,46502252,99.24
"riverbed",39,46502291,99.24
"riyadh",39,46502330,99.24
"rowers",39,46502369,99.24
"rubens",39,46502408,99.24
"rungs",39,46502447,99.24
"saltines",39,46502486,99.24
"sandinista",39,46502525,99.24
"savanna",39,46502564,99.24
"schooner",39,46502603,99.24
"seesaw",39,46502642,99.24
"shill",39,46502681,99.24
"showboat",39,46502720,99.24
"sickens",39,46502759,99.24
"sited",39,46502798,99.24
"slipknot",39,46502837,99.24
"smuggler",39,46502876,99.24
"softener",39,46502915,99.24
"somalis",39,46502954,99.24
"spindly",39,46502993,99.24
"spry",39,46503032,99.24
"squaring",39,46503071,99.24
"squatted",39,46503110,99.24
"squirting",39,46503149,99.24
"stefanie",39,46503188,99.24
"subcontractor",39,46503227,99.24
"swooned",39,46503266,99.24
"taboos",39,46503305,99.24
"tagore",39,46503344,99.24
"tailors",39,46503383,99.24
"telecommuting",39,46503422,99.24
"thumped",39,46503461,99.24
"tibetans",39,46503500,99.24
"tinfoil",39,46503539,99.24
"tonics",39,46503578,99.24
"torts",39,46503617,99.24
"tributary",39,46503656,99.24
"trig",39,46503695,99.24
"tutored",39,46503734,99.24
"twirled",39,46503773,99.24
"twittered",39,46503812,99.24
"unconnected",39,46503851,99.24
"uninhibited",39,46503890,99.24
"unspoiled",39,46503929,99.24
"unstuck",39,46503968,99.24
"unvarnished",39,46504007,99.24
"upstarts",39,46504046,99.24
"upturned",39,46504085,99.24
"usurp",39,46504124,99.24
"vaccinate",39,46504163,99.24
"vela",39,46504202,99.24
"velour",39,46504241,99.24
"vespers",39,46504280,99.24
"viewfinder",39,46504319,99.24
"vim",39,46504358,99.24
"violinists",39,46504397,99.24
"vj",39,46504436,99.24
"waists",39,46504475,99.24
"wattage",39,46504514,99.24
"webisode",39,46504553,99.24
"whalers",39,46504592,99.24
"whiffed",39,46504631,99.24
"whirring",39,46504670,99.24
"wicca",39,46504709,99.24
"willies",39,46504748,99.24
"workbooks",39,46504787,99.24
"yuletide",39,46504826,99.24
"yuppie",39,46504865,99.24
"zanzibar",39,46504904,99.24
"abetted",38,46504942,99.24
"abilene",38,46504980,99.24
"adjuncts",38,46505018,99.24
"airliners",38,46505056,99.24
"amalia",38,46505094,99.24
"annexed",38,46505132,99.24
"anthropomorphic",38,46505170,99.24
"antithetical",38,46505208,99.24
"apothecary",38,46505246,99.24
"apprised",38,46505284,99.24
"arsonist",38,46505322,99.24
"asterisks",38,46505360,99.24
"astrologer",38,46505398,99.24
"attired",38,46505436,99.24
"awnings",38,46505474,99.24
"ayatollah",38,46505512,99.24
"backdrops",38,46505550,99.24
"backpackers",38,46505588,99.24
"backstretch",38,46505626,99.24
"baptisms",38,46505664,99.24
"batsman",38,46505702,99.24
"battalions",38,46505740,99.24
"beady",38,46505778,99.24
"blindingly",38,46505816,99.24
"bluffing",38,46505854,99.24
"botch",38,46505892,99.24
"brandished",38,46505930,99.24
"brawls",38,46505968,99.24
"brigades",38,46506006,99.24
"britches",38,46506044,99.24
"buries",38,46506082,99.24
"carnivores",38,46506120,99.24
"carting",38,46506158,99.24
"cartwheels",38,46506196,99.24
"caskets",38,46506234,99.24
"cataloged",38,46506272,99.24
"cecile",38,46506310,99.25
"chairmanship",38,46506348,99.25
"charon",38,46506386,99.25
"checklists",38,46506424,99.25
"choosy",38,46506462,99.25
"chowing",38,46506500,99.25
"cipher",38,46506538,99.25
"classifies",38,46506576,99.25
"classifying",38,46506614,99.25
"coldly",38,46506652,99.25
"commandant",38,46506690,99.25
"compacted",38,46506728,99.25
"conceptually",38,46506766,99.25
"conditionally",38,46506804,99.25
"consoling",38,46506842,99.25
"contentedly",38,46506880,99.25
"coons",38,46506918,99.25
"corning",38,46506956,99.25
"cowl",38,46506994,99.25
"creased",38,46507032,99.25
"crisscross",38,46507070,99.25
"cutlet",38,46507108,99.25
"deflecting",38,46507146,99.25
"dena",38,46507184,99.25
"denigrate",38,46507222,99.25
"dereliction",38,46507260,99.25
"deride",38,46507298,99.25
"diffused",38,46507336,99.25
"dioramas",38,46507374,99.25
"disconnection",38,46507412,99.25
"disguising",38,46507450,99.25
"disloyal",38,46507488,99.25
"doodled",38,46507526,99.25
"draco",38,46507564,99.25
"duos",38,46507602,99.25
"ebullient",38,46507640,99.25
"egged",38,46507678,99.25
"elitism",38,46507716,99.25
"encircling",38,46507754,99.25
"envelops",38,46507792,99.25
"equaling",38,46507830,99.25
"equalization",38,46507868,99.25
"especial",38,46507906,99.25
"esq",38,46507944,99.25
"evert",38,46507982,99.25
"extinguishers",38,46508020,99.25
"extroverted",38,46508058,99.25
"falwell",38,46508096,99.25
"farina",38,46508134,99.25
"fib",38,46508172,99.25
"fiddly",38,46508210,99.25
"frenchmen",38,46508248,99.25
"frontage",38,46508286,99.25
"furloughed",38,46508324,99.25
"gentlemanly",38,46508362,99.25
"geyser",38,46508400,99.25
"ghoul",38,46508438,99.25
"glazes",38,46508476,99.25
"gluttonous",38,46508514,99.25
"glycerin",38,46508552,99.25
"godlike",38,46508590,99.25
"goulash",38,46508628,99.25
"gulps",38,46508666,99.25
"hackneyed",38,46508704,99.25
"halley",38,46508742,99.25
"hampering",38,46508780,99.25
"hardens",38,46508818,99.25
"hershel",38,46508856,99.25
"hesitantly",38,46508894,99.25
"hexagon",38,46508932,99.25
"hipper",38,46508970,99.25
"hormuz",38,46509008,99.25
"horoscopes",38,46509046,99.25
"humorist",38,46509084,99.25
"hyenas",38,46509122,99.25
"hyping",38,46509160,99.25
"icicles",38,46509198,99.25
"idiosyncrasies",38,46509236,99.25
"idleness",38,46509274,99.25
"imitations",38,46509312,99.25
"impurities",38,46509350,99.25
"inadequacies",38,46509388,99.25
"inefficiencies",38,46509426,99.25
"infamously",38,46509464,99.25
"injects",38,46509502,99.25
"inlaid",38,46509540,99.25
"inwards",38,46509578,99.25
"jabbed",38,46509616,99.25
"juggled",38,46509654,99.25
"kano",38,46509692,99.25
"karenina",38,46509730,99.25
"labyrinthine",38,46509768,99.25
"leaden",38,46509806,99.25
"legislating",38,46509844,99.25
"lesotho",38,46509882,99.25
"lessening",38,46509920,99.25
"lifer",38,46509958,99.25
"lingual",38,46509996,99.25
"linguist",38,46510034,99.25
"locket",38,46510072,99.25
"lowercase",38,46510110,99.25
"lucian",38,46510148,99.25
"luddite",38,46510186,99.25
"mallard",38,46510224,99.25
"mandarins",38,46510262,99.25
"mendel",38,46510300,99.25
"menstruation",38,46510338,99.25
"millay",38,46510376,99.25
"milosevic",38,46510414,99.25
"monrovia",38,46510452,99.25
"moralistic",38,46510490,99.25
"motrin",38,46510528,99.25
"multiplier",38,46510566,99.25
"mumbles",38,46510604,99.25
"negating",38,46510642,99.25
"newfangled",38,46510680,99.25
"nippon",38,46510718,99.25
"oar",38,46510756,99.25
"orator",38,46510794,99.25
"ordnance",38,46510832,99.25
"orientations",38,46510870,99.25
"outgrew",38,46510908,99.25
"outmoded",38,46510946,99.25
"overpasses",38,46510984,99.26
"pathogen",38,46511022,99.26
"pawnee",38,46511060,99.26
"perches",38,46511098,99.26
"perilously",38,46511136,99.26
"petted",38,46511174,99.26
"pinwheels",38,46511212,99.26
"pisa",38,46511250,99.26
"pith",38,46511288,99.26
"placeholder",38,46511326,99.26
"pocono",38,46511364,99.26
"postgraduate",38,46511402,99.26
"prance",38,46511440,99.26
"pretension",38,46511478,99.26
"projectiles",38,46511516,99.26
"proliferate",38,46511554,99.26
"pronounces",38,46511592,99.26
"propagandist",38,46511630,99.26
"psychos",38,46511668,99.26
"publicizing",38,46511706,99.26
"pus",38,46511744,99.26
"radiated",38,46511782,99.26
"ramrod",38,46511820,99.26
"ratcheting",38,46511858,99.26
"realign",38,46511896,99.26
"recouped",38,46511934,99.26
"rectal",38,46511972,99.26
"redundancies",38,46512010,99.26
"refurbishing",38,46512048,99.26
"relent",38,46512086,99.26
"repainting",38,46512124,99.26
"repatriation",38,46512162,99.26
"rescuer",38,46512200,99.26
"ripoff",38,46512238,99.26
"rivas",38,46512276,99.26
"rna",38,46512314,99.26
"rodriquez",38,46512352,99.26
"roebuck",38,46512390,99.26
"saddling",38,46512428,99.26
"sana",38,46512466,99.26
"sanguine",38,46512504,99.26
"scads",38,46512542,99.26
"schlesinger",38,46512580,99.26
"screeched",38,46512618,99.26
"scruff",38,46512656,99.26
"scrupulous",38,46512694,99.26
"seamen",38,46512732,99.26
"secularism",38,46512770,99.26
"selenium",38,46512808,99.26
"seychelles",38,46512846,99.26
"shallows",38,46512884,99.26
"sharpens",38,46512922,99.26
"shipper",38,46512960,99.26
"shittiest",38,46512998,99.26
"shrieked",38,46513036,99.26
"sids",38,46513074,99.26
"sleaze",38,46513112,99.26
"smudges",38,46513150,99.26
"snapple",38,46513188,99.26
"sorbets",38,46513226,99.26
"sparred",38,46513264,99.26
"splat",38,46513302,99.26
"squelch",38,46513340,99.26
"staci",38,46513378,99.26
"standardization",38,46513416,99.26
"starboard",38,46513454,99.26
"steadied",38,46513492,99.26
"stopover",38,46513530,99.26
"strutted",38,46513568,99.26
"suburbanites",38,46513606,99.26
"sumac",38,46513644,99.26
"sunrises",38,46513682,99.26
"tarpon",38,46513720,99.26
"terraced",38,46513758,99.26
"terrifyingly",38,46513796,99.26
"theatrically",38,46513834,99.26
"thieving",38,46513872,99.26
"thrush",38,46513910,99.26
"tine",38,46513948,99.26
"tinkling",38,46513986,99.26
"transcending",38,46514024,99.26
"tresses",38,46514062,99.26
"trifling",38,46514100,99.26
"trios",38,46514138,99.26
"trounced",38,46514176,99.26
"truckloads",38,46514214,99.26
"tumbles",38,46514252,99.26
"unaccompanied",38,46514290,99.26
"uncollected",38,46514328,99.26
"undeclared",38,46514366,99.26
"undercutting",38,46514404,99.26
"undertakings",38,46514442,99.26
"unenforceable",38,46514480,99.26
"unfavorably",38,46514518,99.26
"universality",38,46514556,99.26
"unknowable",38,46514594,99.26
"unobstructed",38,46514632,99.26
"usurped",38,46514670,99.26
"variances",38,46514708,99.26
"vd",38,46514746,99.26
"vitriolic",38,46514784,99.26
"vociferous",38,46514822,99.26
"voiceless",38,46514860,99.26
"volta",38,46514898,99.26
"wacker",38,46514936,99.26
"wanderers",38,46514974,99.26
"warheads",38,46515012,99.26
"warlords",38,46515050,99.26
"windswept",38,46515088,99.26
"woodchuck",38,46515126,99.26
"yon",38,46515164,99.26
"acapulco",37,46515201,99.26
"accentuates",37,46515238,99.26
"accorded",37,46515275,99.26
"adjourn",37,46515312,99.26
"aida",37,46515349,99.26
"albacore",37,46515386,99.26
"altars",37,46515423,99.26
"anteaters",37,46515460,99.26
"aromatics",37,46515497,99.26
"artemis",37,46515534,99.26
"assiduously",37,46515571,99.26
"bamboozled",37,46515608,99.26
"barristers",37,46515645,99.27
"beaker",37,46515682,99.27
"becks",37,46515719,99.27
"bedraggled",37,46515756,99.27
"belied",37,46515793,99.27
"bettering",37,46515830,99.27
"biscayne",37,46515867,99.27
"bonn",37,46515904,99.27
"bookworm",37,46515941,99.27
"bootlegs",37,46515978,99.27
"brims",37,46516015,99.27
"britannia",37,46516052,99.27
"bullhorn",37,46516089,99.27
"butlers",37,46516126,99.27
"cackling",37,46516163,99.27
"cantankerous",37,46516200,99.27
"capra",37,46516237,99.27
"castaneda",37,46516274,99.27
"castrated",37,46516311,99.27
"characterizations",37,46516348,99.27
"chechnya",37,46516385,99.27
"ciders",37,46516422,99.27
"circumcised",37,46516459,99.27
"clarinetist",37,46516496,99.27
"claudette",37,46516533,99.27
"cleanses",37,46516570,99.27
"clenching",37,46516607,99.27
"cloned",37,46516644,99.27
"clovers",37,46516681,99.27
"cochise",37,46516718,99.27
"cointreau",37,46516755,99.27
"colitis",37,46516792,99.27
"combatant",37,46516829,99.27
"commercialism",37,46516866,99.27
"concocting",37,46516903,99.27
"condors",37,46516940,99.27
"confidante",37,46516977,99.27
"conservators",37,46517014,99.27
"contemptuous",37,46517051,99.27
"cosmology",37,46517088,99.27
"crackly",37,46517125,99.27
"crapping",37,46517162,99.27
"crowed",37,46517199,99.27
"defensiveness",37,46517236,99.27
"depressants",37,46517273,99.27
"dicing",37,46517310,99.27
"dingo",37,46517347,99.27
"disgusts",37,46517384,99.27
"disobeyed",37,46517421,99.27
"disparage",37,46517458,99.27
"disreputable",37,46517495,99.27
"divination",37,46517532,99.27
"dorothea",37,46517569,99.27
"dreadfully",37,46517606,99.27
"droop",37,46517643,99.27
"dustbin",37,46517680,99.27
"dynamism",37,46517717,99.27
"embellishing",37,46517754,99.27
"emulated",37,46517791,99.27
"encapsulated",37,46517828,99.27
"engender",37,46517865,99.27
"faggots",37,46517902,99.27
"fibonacci",37,46517939,99.27
"fibrous",37,46517976,99.27
"fidgeting",37,46518013,99.27
"filigree",37,46518050,99.27
"finches",37,46518087,99.27
"firs",37,46518124,99.27
"flail",37,46518161,99.27
"flatbed",37,46518198,99.27
"flintstones",37,46518235,99.27
"footlocker",37,46518272,99.27
"fractional",37,46518309,99.27
"freewheeling",37,46518346,99.27
"gabon",37,46518383,99.27
"gallegos",37,46518420,99.27
"garnishing",37,46518457,99.27
"gatherer",37,46518494,99.27
"gentrified",37,46518531,99.27
"ghettos",37,46518568,99.27
"gimpy",37,46518605,99.27
"glutinous",37,46518642,99.27
"gorges",37,46518679,99.27
"gorging",37,46518716,99.27
"grimaced",37,46518753,99.27
"guernsey",37,46518790,99.27
"guesswork",37,46518827,99.27
"habitation",37,46518864,99.27
"harlot",37,46518901,99.27
"harvester",37,46518938,99.27
"heckle",37,46518975,99.27
"homogeneous",37,46519012,99.27
"hyperbolic",37,46519049,99.27
"immanent",37,46519086,99.27
"impeach",37,46519123,99.27
"imperatives",37,46519160,99.27
"inexhaustible",37,46519197,99.27
"informer",37,46519234,99.27
"iniquities",37,46519271,99.27
"inset",37,46519308,99.27
"intrusions",37,46519345,99.27
"inversely",37,46519382,99.27
"iowans",37,46519419,99.27
"jackhammer",37,46519456,99.27
"klingon",37,46519493,99.27
"klutz",37,46519530,99.27
"knacks",37,46519567,99.27
"kodiak",37,46519604,99.27
"launchers",37,46519641,99.27
"lectern",37,46519678,99.27
"lewinsky",37,46519715,99.27
"liberian",37,46519752,99.27
"lioness",37,46519789,99.27
"loader",37,46519826,99.27
"locus",37,46519863,99.27
"londoner",37,46519900,99.27
"looses",37,46519937,99.27
"mainframe",37,46519974,99.27
"malarkey",37,46520011,99.27
"marcie",37,46520048,99.27
"mastodon",37,46520085,99.27
"misplace",37,46520122,99.27
"misrepresent",37,46520159,99.27
"mucking",37,46520196,99.27
"murmurs",37,46520233,99.27
"musics",37,46520270,99.27
"nabisco",37,46520307,99.27
"napoleonic",37,46520344,99.28
"neanderthal",37,46520381,99.28
"nepalese",37,46520418,99.28
"nib",37,46520455,99.28
"nikolai",37,46520492,99.28
"nips",37,46520529,99.28
"normalize",37,46520566,99.28
"nostradamus",37,46520603,99.28
"nuttiness",37,46520640,99.28
"obstinate",37,46520677,99.28
"obtains",37,46520714,99.28
"offal",37,46520751,99.28
"optimizer",37,46520788,99.28
"orville",37,46520825,99.28
"overstating",37,46520862,99.28
"oxnard",37,46520899,99.28
"paralegals",37,46520936,99.28
"pardons",37,46520973,99.28
"passageways",37,46521010,99.28
"pasteurized",37,46521047,99.28
"paves",37,46521084,99.28
"peculiarities",37,46521121,99.28
"peopled",37,46521158,99.28
"pheasants",37,46521195,99.28
"pneumatic",37,46521232,99.28
"portia",37,46521269,99.28
"posers",37,46521306,99.28
"praline",37,46521343,99.28
"prefix",37,46521380,99.28
"prentice",37,46521417,99.28
"probabilities",37,46521454,99.28
"propagation",37,46521491,99.28
"prussian",37,46521528,99.28
"pummeling",37,46521565,99.28
"qantas",37,46521602,99.28
"quakers",37,46521639,99.28
"quarrels",37,46521676,99.28
"quickening",37,46521713,99.28
"radiologist",37,46521750,99.28
"rambled",37,46521787,99.28
"razing",37,46521824,99.28
"refinish",37,46521861,99.28
"renegotiated",37,46521898,99.28
"retardation",37,46521935,99.28
"rhinoceros",37,46521972,99.28
"ricochet",37,46522009,99.28
"rinds",37,46522046,99.28
"roadwork",37,46522083,99.28
"roiled",37,46522120,99.28
"rooming",37,46522157,99.28
"rottweiler",37,46522194,99.28
"rudyard",37,46522231,99.28
"rumbles",37,46522268,99.28
"sauntered",37,46522305,99.28
"saxons",37,46522342,99.28
"scammer",37,46522379,99.28
"scampered",37,46522416,99.28
"schoenberg",37,46522453,99.28
"scribner",37,46522490,99.28
"scrubby",37,46522527,99.28
"scuffed",37,46522564,99.28
"seductively",37,46522601,99.28
"selznick",37,46522638,99.28
"serenading",37,46522675,99.28
"serviceman",37,46522712,99.28
"setters",37,46522749,99.28
"sherrie",37,46522786,99.28
"shrift",37,46522823,99.28
"sinfully",37,46522860,99.28
"slimmed",37,46522897,99.28
"smirks",37,46522934,99.28
"snickering",37,46522971,99.28
"speer",37,46523008,99.28
"spirituals",37,46523045,99.28
"splinters",37,46523082,99.28
"splurging",37,46523119,99.28
"spotlighted",37,46523156,99.28
"sputnik",37,46523193,99.28
"stabbings",37,46523230,99.28
"standardize",37,46523267,99.28
"steakhouses",37,46523304,99.28
"stepchild",37,46523341,99.28
"stoppard",37,46523378,99.28
"storehouse",37,46523415,99.28
"stunting",37,46523452,99.28
"subtler",37,46523489,99.28
"sui",37,46523526,99.28
"sukarno",37,46523563,99.28
"sunscreens",37,46523600,99.28
"superimposed",37,46523637,99.28
"surfboards",37,46523674,99.28
"symbolizing",37,46523711,99.28
"synchronous",37,46523748,99.28
"talisman",37,46523785,99.28
"teapots",37,46523822,99.28
"telethon",37,46523859,99.28
"terrify",37,46523896,99.28
"tharp",37,46523933,99.28
"theocracy",37,46523970,99.28
"theorizing",37,46524007,99.28
"thrasher",37,46524044,99.28
"tightest",37,46524081,99.28
"timepieces",37,46524118,99.28
"tipple",37,46524155,99.28
"tizzy",37,46524192,99.28
"toots",37,46524229,99.28
"toyoda",37,46524266,99.28
"traipsing",37,46524303,99.28
"transylvania",37,46524340,99.28
"tugboat",37,46524377,99.28
"tusks",37,46524414,99.28
"tycoons",37,46524451,99.28
"umps",37,46524488,99.28
"unappetizing",37,46524525,99.28
"undercuts",37,46524562,99.28
"understaffed",37,46524599,99.28
"unhindered",37,46524636,99.28
"unsound",37,46524673,99.28
"uprooting",37,46524710,99.28
"upstaged",37,46524747,99.28
"vagueness",37,46524784,99.28
"venal",37,46524821,99.28
"venerated",37,46524858,99.28
"volition",37,46524895,99.28
"walloped",37,46524932,99.28
"wanes",37,46524969,99.28
"weavers",37,46525006,99.28
"whizzed",37,46525043,99.29
"wino",37,46525080,99.29
"wobbled",37,46525117,99.29
"woodpeckers",37,46525154,99.29
"wrung",37,46525191,99.29
"yugoslav",37,46525228,99.29
"zinger",37,46525265,99.29
"zuni",37,46525302,99.29
"adverbs",36,46525338,99.29
"agitate",36,46525374,99.29
"airbrushing",36,46525410,99.29
"algonquin",36,46525446,99.29
"allegorical",36,46525482,99.29
"alleviating",36,46525518,99.29
"amazons",36,46525554,99.29
"ankara",36,46525590,99.29
"apocryphal",36,46525626,99.29
"apprentices",36,46525662,99.29
"aright",36,46525698,99.29
"ascribed",36,46525734,99.29
"balthazar",36,46525770,99.29
"balzac",36,46525806,99.29
"bandied",36,46525842,99.29
"bated",36,46525878,99.29
"beadle",36,46525914,99.29
"benghazi",36,46525950,99.29
"beowulf",36,46525986,99.29
"bestows",36,46526022,99.29
"blarney",36,46526058,99.29
"blastoff",36,46526094,99.29
"bogeyman",36,46526130,99.29
"boldest",36,46526166,99.29
"bombarding",36,46526202,99.29
"bombast",36,46526238,99.29
"brigid",36,46526274,99.29
"bushnell",36,46526310,99.29
"buttress",36,46526346,99.29
"cagney",36,46526382,99.29
"cahoots",36,46526418,99.29
"cairn",36,46526454,99.29
"cajuns",36,46526490,99.29
"cantaloupes",36,46526526,99.29
"carcinogens",36,46526562,99.29
"carrion",36,46526598,99.29
"carthage",36,46526634,99.29
"certainties",36,46526670,99.29
"cesium",36,46526706,99.29
"chaining",36,46526742,99.29
"cheeked",36,46526778,99.29
"cirrus",36,46526814,99.29
"clergyman",36,46526850,99.29
"climaxes",36,46526886,99.29
"cocteau",36,46526922,99.29
"conceiving",36,46526958,99.29
"concertos",36,46526994,99.29
"condensing",36,46527030,99.29
"condolence",36,46527066,99.29
"conferring",36,46527102,99.29
"confers",36,46527138,99.29
"contraptions",36,46527174,99.29
"copycats",36,46527210,99.29
"cornelia",36,46527246,99.29
"cornflakes",36,46527282,99.29
"corrine",36,46527318,99.29
"covertly",36,46527354,99.29
"darrel",36,46527390,99.29
"demigod",36,46527426,99.29
"demonstrative",36,46527462,99.29
"derisively",36,46527498,99.29
"detracts",36,46527534,99.29
"devaluation",36,46527570,99.29
"differentiates",36,46527606,99.29
"dioceses",36,46527642,99.29
"discordant",36,46527678,99.29
"dismembered",36,46527714,99.29
"disseminating",36,46527750,99.29
"divergence",36,46527786,99.29
"divvy",36,46527822,99.29
"doa",36,46527858,99.29
"dogging",36,46527894,99.29
"dramatized",36,46527930,99.29
"dulled",36,46527966,99.29
"earthling",36,46528002,99.29
"earthlings",36,46528038,99.29
"eldon",36,46528074,99.29
"elvin",36,46528110,99.29
"enliven",36,46528146,99.29
"enrolls",36,46528182,99.29
"entanglement",36,46528218,99.29
"excepted",36,46528254,99.29
"exotics",36,46528290,99.29
"expatriates",36,46528326,99.29
"fidgety",36,46528362,99.29
"flinched",36,46528398,99.29
"fluidly",36,46528434,99.29
"fondled",36,46528470,99.29
"fondling",36,46528506,99.29
"forestall",36,46528542,99.29
"forgivable",36,46528578,99.29
"fredrick",36,46528614,99.29
"frescoes",36,46528650,99.29
"frieze",36,46528686,99.29
"fromm",36,46528722,99.29
"fume",36,46528758,99.29
"gassy",36,46528794,99.29
"geranium",36,46528830,99.29
"gere",36,46528866,99.29
"gerrymandering",36,46528902,99.29
"gladness",36,46528938,99.29
"glob",36,46528974,99.29
"grumbles",36,46529010,99.29
"gulliver",36,46529046,99.29
"hafiz",36,46529082,99.29
"hairdressers",36,46529118,99.29
"helpings",36,46529154,99.29
"hexagons",36,46529190,99.29
"hinterland",36,46529226,99.29
"hobble",36,46529262,99.29
"holdouts",36,46529298,99.29
"hounding",36,46529334,99.29
"hustles",36,46529370,99.29
"hyphen",36,46529406,99.29
"idolize",36,46529442,99.29
"imbibing",36,46529478,99.29
"inclinations",36,46529514,99.29
"individualistic",36,46529550,99.29
"infestations",36,46529586,99.29
"inopportune",36,46529622,99.29
"intramural",36,46529658,99.29
"israelite",36,46529694,99.29
"journeying",36,46529730,99.3
"kingfisher",36,46529766,99.3
"kneels",36,46529802,99.3
"krebs",36,46529838,99.3
"lactation",36,46529874,99.3
"lander",36,46529910,99.3
"lavatory",36,46529946,99.3
"lighthouses",36,46529982,99.3
"lille",36,46530018,99.3
"loaner",36,46530054,99.3
"locavore",36,46530090,99.3
"lucio",36,46530126,99.3
"lunging",36,46530162,99.3
"maoists",36,46530198,99.3
"marauders",36,46530234,99.3
"marigolds",36,46530270,99.3
"markups",36,46530306,99.3
"masque",36,46530342,99.3
"massed",36,46530378,99.3
"memorialize",36,46530414,99.3
"meteors",36,46530450,99.3
"mfg",36,46530486,99.3
"midshipmen",36,46530522,99.3
"minnelli",36,46530558,99.3
"miscarriages",36,46530594,99.3
"modulated",36,46530630,99.3
"moll",36,46530666,99.3
"mouthwash",36,46530702,99.3
"mulching",36,46530738,99.3
"mumps",36,46530774,99.3
"naismith",36,46530810,99.3
"nanjing",36,46530846,99.3
"nave",36,46530882,99.3
"neocons",36,46530918,99.3
"nits",36,46530954,99.3
"nous",36,46530990,99.3
"obit",36,46531026,99.3
"obstetrician",36,46531062,99.3
"odessa",36,46531098,99.3
"oedipus",36,46531134,99.3
"outbuildings",36,46531170,99.3
"overabundance",36,46531206,99.3
"overhanging",36,46531242,99.3
"overheat",36,46531278,99.3
"overprotective",36,46531314,99.3
"pampers",36,46531350,99.3
"paralyze",36,46531386,99.3
"parlayed",36,46531422,99.3
"peacemakers",36,46531458,99.3
"pectin",36,46531494,99.3
"pedantic",36,46531530,99.3
"peddler",36,46531566,99.3
"peerless",36,46531602,99.3
"permeable",36,46531638,99.3
"permutations",36,46531674,99.3
"pester",36,46531710,99.3
"pharisee",36,46531746,99.3
"philistines",36,46531782,99.3
"photosynthesis",36,46531818,99.3
"pickford",36,46531854,99.3
"pituitary",36,46531890,99.3
"poachers",36,46531926,99.3
"policed",36,46531962,99.3
"politicize",36,46531998,99.3
"praiseworthy",36,46532034,99.3
"presbyterians",36,46532070,99.3
"procreate",36,46532106,99.3
"proletariat",36,46532142,99.3
"proportionally",36,46532178,99.3
"pubescent",36,46532214,99.3
"puffin",36,46532250,99.3
"pulpy",36,46532286,99.3
"punctual",36,46532322,99.3
"puppetry",36,46532358,99.3
"purifying",36,46532394,99.3
"purina",36,46532430,99.3
"purporting",36,46532466,99.3
"pushover",36,46532502,99.3
"quito",36,46532538,99.3
"rattlers",36,46532574,99.3
"ravaging",36,46532610,99.3
"rayburn",36,46532646,99.3
"reassembled",36,46532682,99.3
"recedes",36,46532718,99.3
"reeked",36,46532754,99.3
"refuges",36,46532790,99.3
"regaled",36,46532826,99.3
"reloading",36,46532862,99.3
"restarts",36,46532898,99.3
"rhymed",36,46532934,99.3
"ricocheted",36,46532970,99.3
"rigidity",36,46533006,99.3
"rilke",36,46533042,99.3
"rossini",36,46533078,99.3
"rots",36,46533114,99.3
"rubik",36,46533150,99.3
"rucksack",36,46533186,99.3
"rune",36,46533222,99.3
"ruthlessness",36,46533258,99.3
"salton",36,46533294,99.3
"sandburg",36,46533330,99.3
"sanhedrin",36,46533366,99.3
"satisfactorily",36,46533402,99.3
"savagery",36,46533438,99.3
"scheduler",36,46533474,99.3
"scuttle",36,46533510,99.3
"serpents",36,46533546,99.3
"severing",36,46533582,99.3
"shamans",36,46533618,99.3
"sheena",36,46533654,99.3
"shipwrecked",36,46533690,99.3
"shopaholic",36,46533726,99.3
"showpiece",36,46533762,99.3
"shrimps",36,46533798,99.3
"shuddering",36,46533834,99.3
"shula",36,46533870,99.3
"shuttling",36,46533906,99.3
"silhouetted",36,46533942,99.3
"silt",36,46533978,99.3
"simile",36,46534014,99.3
"smarmy",36,46534050,99.3
"sniffling",36,46534086,99.3
"soave",36,46534122,99.3
"solider",36,46534158,99.3
"solvents",36,46534194,99.3
"sonatas",36,46534230,99.3
"sows",36,46534266,99.3
"spats",36,46534302,99.3
"startle",36,46534338,99.3
"statuette",36,46534374,99.3
"steins",36,46534410,99.31
"sterne",36,46534446,99.31
"stilton",36,46534482,99.31
"stimulants",36,46534518,99.31
"stirrups",36,46534554,99.31
"stoking",36,46534590,99.31
"striping",36,46534626,99.31
"suet",36,46534662,99.31
"supersonic",36,46534698,99.31
"supplication",36,46534734,99.31
"surnames",36,46534770,99.31
"swaddled",36,46534806,99.31
"swagged",36,46534842,99.31
"sylvan",36,46534878,99.31
"tassel",36,46534914,99.31
"tassels",36,46534950,99.31
"teed",36,46534986,99.31
"temerity",36,46535022,99.31
"theist",36,46535058,99.31
"thimble",36,46535094,99.31
"throttled",36,46535130,99.31
"thurber",36,46535166,99.31
"tincture",36,46535202,99.31
"tommie",36,46535238,99.31
"transvaal",36,46535274,99.31
"triton",36,46535310,99.31
"trolled",36,46535346,99.31
"troughs",36,46535382,99.31
"trudeau",36,46535418,99.31
"tummies",36,46535454,99.31
"unashamed",36,46535490,99.31
"unashamedly",36,46535526,99.31
"uncouth",36,46535562,99.31
"underhanded",36,46535598,99.31
"unearthly",36,46535634,99.31
"unexciting",36,46535670,99.31
"unfailingly",36,46535706,99.31
"unlearn",36,46535742,99.31
"unpleasantly",36,46535778,99.31
"unplugging",36,46535814,99.31
"unwrapping",36,46535850,99.31
"upmarket",36,46535886,99.31
"urbanization",36,46535922,99.31
"utrecht",36,46535958,99.31
"variegated",36,46535994,99.31
"vermeer",36,46536030,99.31
"vigilantes",36,46536066,99.31
"vivaldi",36,46536102,99.31
"wald",36,46536138,99.31
"walleyes",36,46536174,99.31
"warping",36,46536210,99.31
"watercraft",36,46536246,99.31
"wearers",36,46536282,99.31
"weedy",36,46536318,99.31
"weighting",36,46536354,99.31
"wellspring",36,46536390,99.31
"whiners",36,46536426,99.31
"wildness",36,46536462,99.31
"womanly",36,46536498,99.31
"woodman",36,46536534,99.31
"wryly",36,46536570,99.31
"yammer",36,46536606,99.31
"zealot",36,46536642,99.31
"zippered",36,46536678,99.31
"absolve",35,46536713,99.31
"acolytes",35,46536748,99.31
"aggregated",35,46536783,99.31
"ajar",35,46536818,99.31
"amalgamated",35,46536853,99.31
"amaryllis",35,46536888,99.31
"animating",35,46536923,99.31
"apparitions",35,46536958,99.31
"arbitrators",35,46536993,99.31
"ashanti",35,46537028,99.31
"assertiveness",35,46537063,99.31
"astrophysics",35,46537098,99.31
"averting",35,46537133,99.31
"baas",35,46537168,99.31
"baboon",35,46537203,99.31
"ballyhooed",35,46537238,99.31
"bangle",35,46537273,99.31
"barneys",35,46537308,99.31
"barroom",35,46537343,99.31
"bassoon",35,46537378,99.31
"beached",35,46537413,99.31
"beaks",35,46537448,99.31
"bedecked",35,46537483,99.31
"belch",35,46537518,99.31
"belittled",35,46537553,99.31
"biggies",35,46537588,99.31
"bighorn",35,46537623,99.31
"bistros",35,46537658,99.31
"blacklisted",35,46537693,99.31
"bleaker",35,46537728,99.31
"bloodless",35,46537763,99.31
"bluish",35,46537798,99.31
"bodegas",35,46537833,99.31
"bonehead",35,46537868,99.31
"breathable",35,46537903,99.31
"bremen",35,46537938,99.31
"bridle",35,46537973,99.31
"brimmed",35,46538008,99.31
"bulkhead",35,46538043,99.31
"bulldozed",35,46538078,99.31
"buttes",35,46538113,99.31
"bylaw",35,46538148,99.31
"cackle",35,46538183,99.31
"carbonate",35,46538218,99.31
"carport",35,46538253,99.31
"carryout",35,46538288,99.31
"celina",35,46538323,99.31
"chalks",35,46538358,99.31
"characterizing",35,46538393,99.31
"checkouts",35,46538428,99.31
"chirps",35,46538463,99.31
"choreographing",35,46538498,99.31
"clang",35,46538533,99.31
"coauthor",35,46538568,99.31
"codeine",35,46538603,99.31
"colonels",35,46538638,99.31
"comeuppance",35,46538673,99.31
"commercialized",35,46538708,99.31
"computed",35,46538743,99.31
"confining",35,46538778,99.31
"constructively",35,46538813,99.31
"craw",35,46538848,99.31
"creosote",35,46538883,99.31
"crick",35,46538918,99.31
"crisscrossing",35,46538953,99.31
"cropper",35,46538988,99.31
"crowbar",35,46539023,99.31
"cumulus",35,46539058,99.31
"curbed",35,46539093,99.32
"curie",35,46539128,99.32
"cutlass",35,46539163,99.32
"dabs",35,46539198,99.32
"dampers",35,46539233,99.32
"decanter",35,46539268,99.32
"decompress",35,46539303,99.32
"deduced",35,46539338,99.32
"defamatory",35,46539373,99.32
"deidre",35,46539408,99.32
"deploys",35,46539443,99.32
"deporting",35,46539478,99.32
"desensitized",35,46539513,99.32
"detoured",35,46539548,99.32
"detoxification",35,46539583,99.32
"dhaka",35,46539618,99.32
"disassembled",35,46539653,99.32
"dissented",35,46539688,99.32
"dissonant",35,46539723,99.32
"divisiveness",35,46539758,99.32
"doctorow",35,46539793,99.32
"doorsteps",35,46539828,99.32
"doubleday",35,46539863,99.32
"dovetail",35,46539898,99.32
"druids",35,46539933,99.32
"dumbbell",35,46539968,99.32
"eddies",35,46540003,99.32
"eggshells",35,46540038,99.32
"eked",35,46540073,99.32
"elaborating",35,46540108,99.32
"electrically",35,46540143,99.32
"emblems",35,46540178,99.32
"emilia",35,46540213,99.32
"endear",35,46540248,99.32
"englishmen",35,46540283,99.32
"engulf",35,46540318,99.32
"epson",35,46540353,99.32
"eschews",35,46540388,99.32
"ester",35,46540423,99.32
"eucharistic",35,46540458,99.32
"euripides",35,46540493,99.32
"exasperating",35,46540528,99.32
"fanciest",35,46540563,99.32
"feasted",35,46540598,99.32
"femur",35,46540633,99.32
"fen",35,46540668,99.32
"fingertip",35,46540703,99.32
"finns",35,46540738,99.32
"fonder",35,46540773,99.32
"foolhardy",35,46540808,99.32
"forger",35,46540843,99.32
"fortification",35,46540878,99.32
"fridges",35,46540913,99.32
"fritter",35,46540948,99.32
"frostbite",35,46540983,99.32
"garbled",35,46541018,99.32
"garibaldi",35,46541053,99.32
"gauzy",35,46541088,99.32
"genealogists",35,46541123,99.32
"ghanaian",35,46541158,99.32
"gizmos",35,46541193,99.32
"gmat",35,46541228,99.32
"goner",35,46541263,99.32
"gooseberry",35,46541298,99.32
"graciousness",35,46541333,99.32
"graveyards",35,46541368,99.32
"gushes",35,46541403,99.32
"haggle",35,46541438,99.32
"handstand",35,46541473,99.32
"hardwired",35,46541508,99.32
"hazed",35,46541543,99.32
"headdress",35,46541578,99.32
"hew",35,46541613,99.32
"highlanders",35,46541648,99.32
"hostesses",35,46541683,99.32
"hypotheses",35,46541718,99.32
"iberia",35,46541753,99.32
"imaginatively",35,46541788,99.32
"imbecile",35,46541823,99.32
"impetuous",35,46541858,99.32
"impish",35,46541893,99.32
"impressionism",35,46541928,99.32
"inaccurately",35,46541963,99.32
"inbred",35,46541998,99.32
"incas",35,46542033,99.32
"inoffensive",35,46542068,99.32
"interdependence",35,46542103,99.32
"invigorate",35,46542138,99.32
"irreparably",35,46542173,99.32
"jugular",35,46542208,99.32
"keynesian",35,46542243,99.32
"kielbasa",35,46542278,99.32
"knotty",35,46542313,99.32
"laceration",35,46542348,99.32
"lakota",35,46542383,99.32
"lasso",35,46542418,99.32
"levesque",35,46542453,99.32
"linings",35,46542488,99.32
"loaning",35,46542523,99.32
"lorre",35,46542558,99.32
"lorrie",35,46542593,99.32
"lurched",35,46542628,99.32
"lurching",35,46542663,99.32
"machinists",35,46542698,99.32
"maddeningly",35,46542733,99.32
"mademoiselle",35,46542768,99.32
"magisterial",35,46542803,99.32
"malevolence",35,46542838,99.32
"matchmaking",35,46542873,99.32
"matrimony",35,46542908,99.32
"maul",35,46542943,99.32
"meadowlark",35,46542978,99.32
"mechanized",35,46543013,99.32
"medial",35,46543048,99.32
"medias",35,46543083,99.32
"medicating",35,46543118,99.32
"metering",35,46543153,99.32
"mightiest",35,46543188,99.32
"minnow",35,46543223,99.32
"moneyed",35,46543258,99.32
"morose",35,46543293,99.32
"multiplies",35,46543328,99.32
"musky",35,46543363,99.32
"mutters",35,46543398,99.32
"naturalists",35,46543433,99.32
"naturalization",35,46543468,99.32
"neediest",35,46543503,99.32
"neglects",35,46543538,99.32
"neighborly",35,46543573,99.32
"nickle",35,46543608,99.32
"nimitz",35,46543643,99.32
"obfuscation",35,46543678,99.32
"obtainable",35,46543713,99.32
"octogenarian",35,46543748,99.32
"oligarchy",35,46543783,99.33
"ovary",35,46543818,99.33
"overconfident",35,46543853,99.33
"overstatement",35,46543888,99.33
"overthrowing",35,46543923,99.33
"overtimes",35,46543958,99.33
"paled",35,46543993,99.33
"panics",35,46544028,99.33
"paschal",35,46544063,99.33
"pasha",35,46544098,99.33
"pasteur",35,46544133,99.33
"patenting",35,46544168,99.33
"persimmons",35,46544203,99.33
"pert",35,46544238,99.33
"perusal",35,46544273,99.33
"phalanx",35,46544308,99.33
"phosphate",35,46544343,99.33
"pillowcases",35,46544378,99.33
"pinkerton",35,46544413,99.33
"plundered",35,46544448,99.33
"potbelly",35,46544483,99.33
"powerlessness",35,46544518,99.33
"premarital",35,46544553,99.33
"progesterone",35,46544588,99.33
"prosaic",35,46544623,99.33
"provisionally",35,46544658,99.33
"pseudonyms",35,46544693,99.33
"pulley",35,46544728,99.33
"quadriplegic",35,46544763,99.33
"quenched",35,46544798,99.33
"quibbles",35,46544833,99.33
"rasputin",35,46544868,99.33
"recoiled",35,46544903,99.33
"redeemable",35,46544938,99.33
"rediscovery",35,46544973,99.33
"refilling",35,46545008,99.33
"refreshes",35,46545043,99.33
"regretful",35,46545078,99.33
"remarking",35,46545113,99.33
"reminisced",35,46545148,99.33
"resumption",35,46545183,99.33
"reticence",35,46545218,99.33
"rhetorically",35,46545253,99.33
"rhododendron",35,46545288,99.33
"roan",35,46545323,99.33
"rocketing",35,46545358,99.33
"rowed",35,46545393,99.33
"rubella",35,46545428,99.33
"rummaged",35,46545463,99.33
"rummy",35,46545498,99.33
"saccharine",35,46545533,99.33
"sadat",35,46545568,99.33
"sagas",35,46545603,99.33
"sailboats",35,46545638,99.33
"scraggly",35,46545673,99.33
"scrounge",35,46545708,99.33
"semite",35,46545743,99.33
"sews",35,46545778,99.33
"shareable",35,46545813,99.33
"shawls",35,46545848,99.33
"shetland",35,46545883,99.33
"shirted",35,46545918,99.33
"shuck",35,46545953,99.33
"shushed",35,46545988,99.33
"signatories",35,46546023,99.33
"sistine",35,46546058,99.33
"slandered",35,46546093,99.33
"slaving",35,46546128,99.33
"slobber",35,46546163,99.33
"slouching",35,46546198,99.33
"soliloquy",35,46546233,99.33
"sombreros",35,46546268,99.33
"songbirds",35,46546303,99.33
"soulmates",35,46546338,99.33
"spattered",35,46546373,99.33
"spearmint",35,46546408,99.33
"speedily",35,46546443,99.33
"splutter",35,46546478,99.33
"squiggly",35,46546513,99.33
"stenciled",35,46546548,99.33
"steuben",35,46546583,99.33
"stipends",35,46546618,99.33
"stonework",35,46546653,99.33
"subjugation",35,46546688,99.33
"sunburns",35,46546723,99.33
"sunspots",35,46546758,99.33
"supposing",35,46546793,99.33
"swathes",35,46546828,99.33
"sweatshop",35,46546863,99.33
"tableware",35,46546898,99.33
"tadpoles",35,46546933,99.33
"tamper",35,46546968,99.33
"tarred",35,46547003,99.33
"tendered",35,46547038,99.33
"tensed",35,46547073,99.33
"termite",35,46547108,99.33
"thievery",35,46547143,99.33
"ticklish",35,46547178,99.33
"toeing",35,46547213,99.33
"tomcat",35,46547248,99.33
"transmits",35,46547283,99.33
"trawl",35,46547318,99.33
"triptych",35,46547353,99.33
"trustworthiness",35,46547388,99.33
"tums",35,46547423,99.33
"twirls",35,46547458,99.33
"ultraconservative",35,46547493,99.33
"unawares",35,46547528,99.33
"undid",35,46547563,99.33
"unimaginative",35,46547598,99.33
"unquestionable",35,46547633,99.33
"unravels",35,46547668,99.33
"unrefined",35,46547703,99.33
"unsophisticated",35,46547738,99.33
"untainted",35,46547773,99.33
"upperclassmen",35,46547808,99.33
"upsurge",35,46547843,99.33
"uriah",35,46547878,99.33
"variability",35,46547913,99.33
"vesper",35,46547948,99.33
"virginian",35,46547983,99.33
"voyeur",35,46548018,99.33
"voyeuristic",35,46548053,99.33
"waffling",35,46548088,99.33
"waken",35,46548123,99.33
"weasels",35,46548158,99.33
"whittling",35,46548193,99.33
"workflows",35,46548228,99.33
"workstation",35,46548263,99.33
"abacus",34,46548297,99.33
"abner",34,46548331,99.33
"abut",34,46548365,99.33
"acclimate",34,46548399,99.33
"accords",34,46548433,99.33
"actuary",34,46548467,99.34
"agate",34,46548501,99.34
"alissa",34,46548535,99.34
"amaranth",34,46548569,99.34
"ambrosia",34,46548603,99.34
"annotation",34,46548637,99.34
"antiviral",34,46548671,99.34
"appeasement",34,46548705,99.34
"aquila",34,46548739,99.34
"astoundingly",34,46548773,99.34
"avidly",34,46548807,99.34
"bacterium",34,46548841,99.34
"banyan",34,46548875,99.34
"barrios",34,46548909,99.34
"beatrix",34,46548943,99.34
"bering",34,46548977,99.34
"berlioz",34,46549011,99.34
"biracial",34,46549045,99.34
"blankenship",34,46549079,99.34
"blevins",34,46549113,99.34
"bloat",34,46549147,99.34
"bloodiest",34,46549181,99.34
"bludgeoning",34,46549215,99.34
"boardrooms",34,46549249,99.34
"boniface",34,46549283,99.34
"booting",34,46549317,99.34
"brazenly",34,46549351,99.34
"brecht",34,46549385,99.34
"bridegroom",34,46549419,99.34
"bristling",34,46549453,99.34
"bullion",34,46549487,99.34
"bunks",34,46549521,99.34
"burdening",34,46549555,99.34
"cadavers",34,46549589,99.34
"caroling",34,46549623,99.34
"castaway",34,46549657,99.34
"cautioning",34,46549691,99.34
"cavalcade",34,46549725,99.34
"ceding",34,46549759,99.34
"chainsaws",34,46549793,99.34
"chanced",34,46549827,99.34
"chickadees",34,46549861,99.34
"circadian",34,46549895,99.34
"clank",34,46549929,99.34
"clasps",34,46549963,99.34
"clouding",34,46549997,99.34
"coddled",34,46550031,99.34
"coddling",34,46550065,99.34
"collectivism",34,46550099,99.34
"commandeered",34,46550133,99.34
"consecration",34,46550167,99.34
"converters",34,46550201,99.34
"cordelia",34,46550235,99.34
"cormorants",34,46550269,99.34
"costlier",34,46550303,99.34
"courtly",34,46550337,99.34
"coyly",34,46550371,99.34
"crisscrossed",34,46550405,99.34
"crosswalks",34,46550439,99.34
"cupping",34,46550473,99.34
"deacons",34,46550507,99.34
"deferential",34,46550541,99.34
"defiled",34,46550575,99.34
"delineated",34,46550609,99.34
"deniers",34,46550643,99.34
"dietitians",34,46550677,99.34
"directness",34,46550711,99.34
"disenchantment",34,46550745,99.34
"dixieland",34,46550779,99.34
"doggedly",34,46550813,99.34
"domesticity",34,46550847,99.34
"dotty",34,46550881,99.34
"dovetails",34,46550915,99.34
"dowry",34,46550949,99.34
"draftees",34,46550983,99.34
"dryly",34,46551017,99.34
"eardrum",34,46551051,99.34
"ebbs",34,46551085,99.34
"eke",34,46551119,99.34
"elinor",34,46551153,99.34
"elms",34,46551187,99.34
"embodying",34,46551221,99.34
"enmeshed",34,46551255,99.34
"envisage",34,46551289,99.34
"epileptic",34,46551323,99.34
"epiphanies",34,46551357,99.34
"equalize",34,46551391,99.34
"equatorial",34,46551425,99.34
"espouse",34,46551459,99.34
"espouses",34,46551493,99.34
"evermore",34,46551527,99.34
"eves",34,46551561,99.34
"excavations",34,46551595,99.34
"exerts",34,46551629,99.34
"extant",34,46551663,99.34
"exuded",34,46551697,99.34
"faker",34,46551731,99.34
"falters",34,46551765,99.34
"fillies",34,46551799,99.34
"fining",34,46551833,99.34
"flagpole",34,46551867,99.34
"frets",34,46551901,99.34
"fugue",34,46551935,99.34
"fuselage",34,46551969,99.34
"gauche",34,46552003,99.34
"gauged",34,46552037,99.34
"gigging",34,46552071,99.34
"goldwyn",34,46552105,99.34
"gratis",34,46552139,99.34
"grubbing",34,46552173,99.34
"hairbrush",34,46552207,99.34
"hairpin",34,46552241,99.34
"hampers",34,46552275,99.34
"handicapping",34,46552309,99.34
"hares",34,46552343,99.34
"harpsichord",34,46552377,99.34
"hedonistic",34,46552411,99.34
"hemoglobin",34,46552445,99.34
"herringbone",34,46552479,99.34
"heterosexuals",34,46552513,99.34
"hiawatha",34,46552547,99.34
"hilfiger",34,46552581,99.34
"hoarded",34,46552615,99.34
"hobbyists",34,46552649,99.34
"holdovers",34,46552683,99.34
"homestretch",34,46552717,99.34
"horsey",34,46552751,99.34
"howler",34,46552785,99.34
"hulled",34,46552819,99.34
"hyperlinks",34,46552853,99.34
"ibid",34,46552887,99.34
"illusive",34,46552921,99.34
"inaccuracy",34,46552955,99.34
"indecency",34,46552989,99.34
"indira",34,46553023,99.34
"indonesians",34,46553057,99.34
"infomercials",34,46553091,99.34
"inglorious",34,46553125,99.34
"inlets",34,46553159,99.35
"insemination",34,46553193,99.35
"intonation",34,46553227,99.35
"jabbing",34,46553261,99.35
"jaycee",34,46553295,99.35
"jilted",34,46553329,99.35
"judiciously",34,46553363,99.35
"kevlar",34,46553397,99.35
"kindling",34,46553431,99.35
"ladylike",34,46553465,99.35
"leer",34,46553499,99.35
"leering",34,46553533,99.35
"limousines",34,46553567,99.35
"linwood",34,46553601,99.35
"luisa",34,46553635,99.35
"macaroon",34,46553669,99.35
"mallards",34,46553703,99.35
"manliness",34,46553737,99.35
"marius",34,46553771,99.35
"markdowns",34,46553805,99.35
"marketplaces",34,46553839,99.35
"melds",34,46553873,99.35
"memorialized",34,46553907,99.35
"mennonite",34,46553941,99.35
"menorah",34,46553975,99.35
"merited",34,46554009,99.35
"microbiology",34,46554043,99.35
"microorganisms",34,46554077,99.35
"misreading",34,46554111,99.35
"modernizing",34,46554145,99.35
"myst",34,46554179,99.35
"mystifying",34,46554213,99.35
"nanotechnology",34,46554247,99.35
"neckties",34,46554281,99.35
"normalized",34,46554315,99.35
"nourishes",34,46554349,99.35
"nub",34,46554383,99.35
"observational",34,46554417,99.35
"obstetricians",34,46554451,99.35
"oceania",34,46554485,99.35
"ogres",34,46554519,99.35
"oligarchs",34,46554553,99.35
"onassis",34,46554587,99.35
"oneida",34,46554621,99.35
"opportunism",34,46554655,99.35
"outdid",34,46554689,99.35
"outgrowth",34,46554723,99.35
"overestimated",34,46554757,99.35
"overlong",34,46554791,99.35
"overreacted",34,46554825,99.35
"overwork",34,46554859,99.35
"ovid",34,46554893,99.35
"oxidized",34,46554927,99.35
"pacts",34,46554961,99.35
"pails",34,46554995,99.35
"papered",34,46555029,99.35
"parenthesis",34,46555063,99.35
"paroled",34,46555097,99.35
"pejorative",34,46555131,99.35
"periwinkle",34,46555165,99.35
"piggyback",34,46555199,99.35
"pillaging",34,46555233,99.35
"poirot",34,46555267,99.35
"pollutant",34,46555301,99.35
"prescriptive",34,46555335,99.35
"pricked",34,46555369,99.35
"promiscuity",34,46555403,99.35
"prototyping",34,46555437,99.35
"psyches",34,46555471,99.35
"puttering",34,46555505,99.35
"quay",34,46555539,99.35
"quietness",34,46555573,99.35
"quotidian",34,46555607,99.35
"rambles",34,46555641,99.35
"rationalized",34,46555675,99.35
"reactivated",34,46555709,99.35
"reenact",34,46555743,99.35
"regale",34,46555777,99.35
"remanded",34,46555811,99.35
"respectability",34,46555845,99.35
"retainers",34,46555879,99.35
"reversals",34,46555913,99.35
"reverts",34,46555947,99.35
"rifts",34,46555981,99.35
"rimes",34,46556015,99.35
"romanticize",34,46556049,99.35
"roundabouts",34,46556083,99.35
"rowboat",34,46556117,99.35
"saddening",34,46556151,99.35
"sainthood",34,46556185,99.35
"sanger",34,46556219,99.35
"sapling",34,46556253,99.35
"schick",34,46556287,99.35
"serialized",34,46556321,99.35
"shapeless",34,46556355,99.35
"shriveled",34,46556389,99.35
"sixes",34,46556423,99.35
"slipshod",34,46556457,99.35
"slither",34,46556491,99.35
"soldering",34,46556525,99.35
"solemnity",34,46556559,99.35
"soundness",34,46556593,99.35
"souped",34,46556627,99.35
"sparkler",34,46556661,99.35
"spellbinding",34,46556695,99.35
"spillway",34,46556729,99.35
"spitz",34,46556763,99.35
"sprains",34,46556797,99.35
"sputter",34,46556831,99.35
"squibb",34,46556865,99.35
"squirmy",34,46556899,99.35
"sro",34,46556933,99.35
"starches",34,46556967,99.35
"strove",34,46557001,99.35
"subgroup",34,46557035,99.35
"sulk",34,46557069,99.35
"suntan",34,46557103,99.35
"supposition",34,46557137,99.35
"synchronization",34,46557171,99.35
"tallow",34,46557205,99.35
"talon",34,46557239,99.35
"tangerines",34,46557273,99.35
"tenors",34,46557307,99.35
"tentacle",34,46557341,99.35
"topaz",34,46557375,99.35
"tosca",34,46557409,99.35
"transfusions",34,46557443,99.35
"trollope",34,46557477,99.35
"tuns",34,46557511,99.35
"turners",34,46557545,99.35
"umpiring",34,46557579,99.35
"unattached",34,46557613,99.35
"undergrowth",34,46557647,99.35
"undetectable",34,46557681,99.35
"ute",34,46557715,99.35
"violator",34,46557749,99.35
"wads",34,46557783,99.35
"warily",34,46557817,99.35
"whisker",34,46557851,99.36
"widens",34,46557885,99.36
"wilting",34,46557919,99.36
"wisps",34,46557953,99.36
"abate",33,46557986,99.36
"abstention",33,46558019,99.36
"absurdities",33,46558052,99.36
"aftereffects",33,46558085,99.36
"airstrip",33,46558118,99.36
"alleluia",33,46558151,99.36
"ambled",33,46558184,99.36
"amoral",33,46558217,99.36
"andean",33,46558250,99.36
"angering",33,46558283,99.36
"answerable",33,46558316,99.36
"aorta",33,46558349,99.36
"appellant",33,46558382,99.36
"arbutus",33,46558415,99.36
"armistice",33,46558448,99.36
"arthurian",33,46558481,99.36
"asthmatic",33,46558514,99.36
"attentiveness",33,46558547,99.36
"attests",33,46558580,99.36
"banister",33,46558613,99.36
"bankrupting",33,46558646,99.36
"bantam",33,46558679,99.36
"barest",33,46558712,99.36
"barfing",33,46558745,99.36
"bathsheba",33,46558778,99.36
"bathtubs",33,46558811,99.36
"befits",33,46558844,99.36
"berber",33,46558877,99.36
"berets",33,46558910,99.36
"bicker",33,46558943,99.36
"birther",33,46558976,99.36
"blurt",33,46559009,99.36
"bolivian",33,46559042,99.36
"bookmobile",33,46559075,99.36
"bordello",33,46559108,99.36
"boughs",33,46559141,99.36
"braise",33,46559174,99.36
"breathers",33,46559207,99.36
"brogue",33,46559240,99.36
"buggies",33,46559273,99.36
"butchery",33,46559306,99.36
"buzzes",33,46559339,99.36
"calvinist",33,46559372,99.36
"captioned",33,46559405,99.36
"cartooning",33,46559438,99.36
"carves",33,46559471,99.36
"catalogers",33,46559504,99.36
"catalysts",33,46559537,99.36
"categorization",33,46559570,99.36
"cavemen",33,46559603,99.36
"ceres",33,46559636,99.36
"certifying",33,46559669,99.36
"chafing",33,46559702,99.36
"chagall",33,46559735,99.36
"chastise",33,46559768,99.36
"circuitry",33,46559801,99.36
"clanging",33,46559834,99.36
"claudine",33,46559867,99.36
"cleave",33,46559900,99.36
"closeout",33,46559933,99.36
"clubbed",33,46559966,99.36
"clued",33,46559999,99.36
"colonize",33,46560032,99.36
"competently",33,46560065,99.36
"confiscation",33,46560098,99.36
"congratulates",33,46560131,99.36
"congregating",33,46560164,99.36
"conversationalist",33,46560197,99.36
"copland",33,46560230,99.36
"curdling",33,46560263,99.36
"decompose",33,46560296,99.36
"defaced",33,46560329,99.36
"deformities",33,46560362,99.36
"defrosted",33,46560395,99.36
"deliverer",33,46560428,99.36
"delmonico",33,46560461,99.36
"demographer",33,46560494,99.36
"derailing",33,46560527,99.36
"detachable",33,46560560,99.36
"deterring",33,46560593,99.36
"dices",33,46560626,99.36
"diluting",33,46560659,99.36
"discerned",33,46560692,99.36
"disgustingly",33,46560725,99.36
"dormer",33,46560758,99.36
"drooled",33,46560791,99.36
"earthworms",33,46560824,99.36
"eccentricity",33,46560857,99.36
"eclipsing",33,46560890,99.36
"edification",33,46560923,99.36
"edifying",33,46560956,99.36
"elaboration",33,46560989,99.36
"emanated",33,46561022,99.36
"embezzling",33,46561055,99.36
"emigrate",33,46561088,99.36
"engulfing",33,46561121,99.36
"enlivened",33,46561154,99.36
"ephesus",33,46561187,99.36
"evaporating",33,46561220,99.36
"exhortation",33,46561253,99.36
"eyelets",33,46561286,99.36
"fallacies",33,46561319,99.36
"falstaff",33,46561352,99.36
"feelers",33,46561385,99.36
"fingerprinting",33,46561418,99.36
"fitful",33,46561451,99.36
"flamed",33,46561484,99.36
"flippers",33,46561517,99.36
"florin",33,46561550,99.36
"fluted",33,46561583,99.36
"foils",33,46561616,99.36
"fraying",33,46561649,99.36
"fulcrum",33,46561682,99.36
"funner",33,46561715,99.36
"gaslight",33,46561748,99.36
"gauguin",33,46561781,99.36
"gemstone",33,46561814,99.36
"geneticist",33,46561847,99.36
"glistened",33,46561880,99.36
"goddaughter",33,46561913,99.36
"goofed",33,46561946,99.36
"grahame",33,46561979,99.36
"grandfathered",33,46562012,99.36
"grandstands",33,46562045,99.36
"grasshoppers",33,46562078,99.36
"gratify",33,46562111,99.36
"grayish",33,46562144,99.36
"gremlin",33,46562177,99.36
"gringos",33,46562210,99.36
"gulped",33,46562243,99.36
"gusting",33,46562276,99.36
"hackles",33,46562309,99.36
"halos",33,46562342,99.36
"handicaps",33,46562375,99.36
"hargreaves",33,46562408,99.36
"heightening",33,46562441,99.36
"herschel",33,46562474,99.36
"hialeah",33,46562507,99.37
"highbrow",33,46562540,99.37
"highlighters",33,46562573,99.37
"histrionics",33,46562606,99.37
"hitchhiking",33,46562639,99.37
"holcomb",33,46562672,99.37
"hosea",33,46562705,99.37
"hove",33,46562738,99.37
"hyena",33,46562771,99.37
"igloo",33,46562804,99.37
"ila",33,46562837,99.37
"immunized",33,46562870,99.37
"immunology",33,46562903,99.37
"impersonate",33,46562936,99.37
"impolite",33,46562969,99.37
"impound",33,46563002,99.37
"impure",33,46563035,99.37
"incestuous",33,46563068,99.37
"incredulity",33,46563101,99.37
"ineffable",33,46563134,99.37
"inequitable",33,46563167,99.37
"ingestion",33,46563200,99.37
"inhabitant",33,46563233,99.37
"intensively",33,46563266,99.37
"intersects",33,46563299,99.37
"ironclad",33,46563332,99.37
"janette",33,46563365,99.37
"jellybeans",33,46563398,99.37
"kettles",33,46563431,99.37
"keying",33,46563464,99.37
"kibosh",33,46563497,99.37
"kimberley",33,46563530,99.37
"kiwis",33,46563563,99.37
"kneecap",33,46563596,99.37
"kurtis",33,46563629,99.37
"larder",33,46563662,99.37
"libras",33,46563695,99.37
"likening",33,46563728,99.37
"limber",33,46563761,99.37
"localization",33,46563794,99.37
"lookup",33,46563827,99.37
"lowbrow",33,46563860,99.37
"macros",33,46563893,99.37
"magpies",33,46563926,99.37
"malfunctioned",33,46563959,99.37
"malign",33,46563992,99.37
"maltreatment",33,46564025,99.37
"mangrove",33,46564058,99.37
"marksman",33,46564091,99.37
"masai",33,46564124,99.37
"meritocracy",33,46564157,99.37
"michiganders",33,46564190,99.37
"miscalculated",33,46564223,99.37
"miser",33,46564256,99.37
"misinterpret",33,46564289,99.37
"misplayed",33,46564322,99.37
"missal",33,46564355,99.37
"mistreat",33,46564388,99.37
"moisturizers",33,46564421,99.37
"mongers",33,46564454,99.37
"moonstruck",33,46564487,99.37
"mountaineering",33,46564520,99.37
"muddied",33,46564553,99.37
"nagasaki",33,46564586,99.37
"nebula",33,46564619,99.37
"necking",33,46564652,99.37
"needlepoint",33,46564685,99.37
"newscaster",33,46564718,99.37
"novelties",33,46564751,99.37
"obstructive",33,46564784,99.37
"ochoa",33,46564817,99.37
"officiate",33,46564850,99.37
"ohm",33,46564883,99.37
"olfactory",33,46564916,99.37
"orientated",33,46564949,99.37
"ouija",33,46564982,99.37
"outshine",33,46565015,99.37
"overlays",33,46565048,99.37
"overshadowing",33,46565081,99.37
"overthink",33,46565114,99.37
"pagers",33,46565147,99.37
"panamanian",33,46565180,99.37
"paradoxes",33,46565213,99.37
"parliamentarians",33,46565246,99.37
"parliaments",33,46565279,99.37
"passageway",33,46565312,99.37
"pates",33,46565345,99.37
"pathologists",33,46565378,99.37
"peacetime",33,46565411,99.37
"pele",33,46565444,99.37
"pepin",33,46565477,99.37
"pericles",33,46565510,99.37
"perrier",33,46565543,99.37
"persecuting",33,46565576,99.37
"picayune",33,46565609,99.37
"pillage",33,46565642,99.37
"pinhole",33,46565675,99.37
"pipers",33,46565708,99.37
"pleasingly",33,46565741,99.37
"ponytails",33,46565774,99.37
"pored",33,46565807,99.37
"potties",33,46565840,99.37
"priciest",33,46565873,99.37
"processional",33,46565906,99.37
"profanities",33,46565939,99.37
"profiteering",33,46565972,99.37
"proportionately",33,46566005,99.37
"putrid",33,46566038,99.37
"radial",33,46566071,99.37
"reassures",33,46566104,99.37
"rectory",33,46566137,99.37
"recur",33,46566170,99.37
"redistributed",33,46566203,99.37
"reeking",33,46566236,99.37
"rending",33,46566269,99.37
"reprising",33,46566302,99.37
"reroute",33,46566335,99.37
"residuals",33,46566368,99.37
"retorts",33,46566401,99.37
"reverberated",33,46566434,99.37
"revolutionizing",33,46566467,99.37
"ridiculing",33,46566500,99.37
"rifled",33,46566533,99.37
"righteously",33,46566566,99.37
"rinks",33,46566599,99.37
"rosier",33,46566632,99.37
"salmons",33,46566665,99.37
"salvadoran",33,46566698,99.37
"sanitize",33,46566731,99.37
"scumbags",33,46566764,99.37
"sedatives",33,46566797,99.37
"sheared",33,46566830,99.37
"shirk",33,46566863,99.37
"shod",33,46566896,99.37
"shortcakes",33,46566929,99.37
"shunt",33,46566962,99.37
"slandering",33,46566995,99.37
"slicer",33,46567028,99.37
"slighted",33,46567061,99.37
"smock",33,46567094,99.37
"snipe",33,46567127,99.37
"snips",33,46567160,99.37
"socratic",33,46567193,99.38
"solicitations",33,46567226,99.38
"sooth",33,46567259,99.38
"splintering",33,46567292,99.38
"squirmed",33,46567325,99.38
"stammered",33,46567358,99.38
"stammering",33,46567391,99.38
"steamroller",33,46567424,99.38
"stipulations",33,46567457,99.38
"stooge",33,46567490,99.38
"straddled",33,46567523,99.38
"stringed",33,46567556,99.38
"subcontinent",33,46567589,99.38
"sublimely",33,46567622,99.38
"sudoku",33,46567655,99.38
"suffused",33,46567688,99.38
"superstructure",33,46567721,99.38
"swathed",33,46567754,99.38
"technologists",33,46567787,99.38
"teetered",33,46567820,99.38
"thoroughness",33,46567853,99.38
"thundered",33,46567886,99.38
"timbre",33,46567919,99.38
"timezone",33,46567952,99.38
"tooling",33,46567985,99.38
"transcontinental",33,46568018,99.38
"transfiguration",33,46568051,99.38
"trombonist",33,46568084,99.38
"truffaut",33,46568117,99.38
"twitched",33,46568150,99.38
"umbrage",33,46568183,99.38
"unacceptably",33,46568216,99.38
"unassailable",33,46568249,99.38
"unctuous",33,46568282,99.38
"underwriter",33,46568315,99.38
"unroll",33,46568348,99.38
"unshakable",33,46568381,99.38
"unsurpassed",33,46568414,99.38
"unwed",33,46568447,99.38
"unwisely",33,46568480,99.38
"upc",33,46568513,99.38
"vang",33,46568546,99.38
"vassar",33,46568579,99.38
"vegetative",33,46568612,99.38
"velma",33,46568645,99.38
"vibrated",33,46568678,99.38
"vichy",33,46568711,99.38
"visioning",33,46568744,99.38
"wallpapers",33,46568777,99.38
"wanamaker",33,46568810,99.38
"warhead",33,46568843,99.38
"washcloth",33,46568876,99.38
"westerly",33,46568909,99.38
"whelp",33,46568942,99.38
"whiner",33,46568975,99.38
"widths",33,46569008,99.38
"wiretapping",33,46569041,99.38
"wittgenstein",33,46569074,99.38
"workdays",33,46569107,99.38
"wrenched",33,46569140,99.38
"wrenches",33,46569173,99.38
"wretch",33,46569206,99.38
"xylophone",33,46569239,99.38
"yearbooks",33,46569272,99.38
"yearling",33,46569305,99.38
"yummiest",33,46569338,99.38
"zamora",33,46569371,99.38
"abounded",32,46569403,99.38
"accompanist",32,46569435,99.38
"accumulations",32,46569467,99.38
"acrimonious",32,46569499,99.38
"adjudication",32,46569531,99.38
"affix",32,46569563,99.38
"airhead",32,46569595,99.38
"ais",32,46569627,99.38
"alludes",32,46569659,99.38
"altitudes",32,46569691,99.38
"amputee",32,46569723,99.38
"appendages",32,46569755,99.38
"apprenticeships",32,46569787,99.38
"armband",32,46569819,99.38
"armchairs",32,46569851,99.38
"armrest",32,46569883,99.38
"ashen",32,46569915,99.38
"aster",32,46569947,99.38
"asymmetry",32,46569979,99.38
"attics",32,46570011,99.38
"bacchus",32,46570043,99.38
"backpacker",32,46570075,99.38
"ballpoint",32,46570107,99.38
"bareback",32,46570139,99.38
"bayonet",32,46570171,99.38
"beheading",32,46570203,99.38
"bellybutton",32,46570235,99.38
"bernhardt",32,46570267,99.38
"bilbo",32,46570299,99.38
"bilked",32,46570331,99.38
"boastful",32,46570363,99.38
"bohemians",32,46570395,99.38
"borax",32,46570427,99.38
"borderlands",32,46570459,99.38
"briefest",32,46570491,99.38
"buffoon",32,46570523,99.38
"bullpens",32,46570555,99.38
"burnish",32,46570587,99.38
"bused",32,46570619,99.38
"canvassers",32,46570651,99.38
"carcinogenic",32,46570683,99.38
"caresses",32,46570715,99.38
"carnation",32,46570747,99.38
"castigated",32,46570779,99.38
"celebrants",32,46570811,99.38
"cerberus",32,46570843,99.38
"chancellors",32,46570875,99.38
"chatterbox",32,46570907,99.38
"chivalrous",32,46570939,99.38
"chou",32,46570971,99.38
"clamping",32,46571003,99.38
"clanking",32,46571035,99.38
"clotted",32,46571067,99.38
"clotting",32,46571099,99.38
"coefficient",32,46571131,99.38
"colas",32,46571163,99.38
"colorfully",32,46571195,99.38
"commiserate",32,46571227,99.38
"composites",32,46571259,99.38
"conflagration",32,46571291,99.38
"constancy",32,46571323,99.38
"constituting",32,46571355,99.38
"constricting",32,46571387,99.38
"cooed",32,46571419,99.38
"corina",32,46571451,99.38
"costar",32,46571483,99.38
"crustaceans",32,46571515,99.38
"curable",32,46571547,99.38
"currier",32,46571579,99.38
"debriefing",32,46571611,99.38
"denouement",32,46571643,99.38
"depressions",32,46571675,99.38
"derailment",32,46571707,99.38
"disbursement",32,46571739,99.38
"disengage",32,46571771,99.38
"dislodged",32,46571803,99.38
"disobeying",32,46571835,99.38
"disused",32,46571867,99.38
"dogfight",32,46571899,99.39
"drafty",32,46571931,99.39
"effervescence",32,46571963,99.39
"elects",32,46571995,99.39
"enclosing",32,46572027,99.39
"endearingly",32,46572059,99.39
"energizes",32,46572091,99.39
"eschewed",32,46572123,99.39
"estella",32,46572155,99.39
"exaltation",32,46572187,99.39
"excavator",32,46572219,99.39
"exemplar",32,46572251,99.39
"exhilarated",32,46572283,99.39
"exhorting",32,46572315,99.39
"expeditiously",32,46572347,99.39
"falkland",32,46572379,99.39
"fashioning",32,46572411,99.39
"fastidious",32,46572443,99.39
"fedoras",32,46572475,99.39
"feigned",32,46572507,99.39
"fisticuffs",32,46572539,99.39
"flappers",32,46572571,99.39
"flashers",32,46572603,99.39
"flotsam",32,46572635,99.39
"fluctuates",32,46572667,99.39
"foisted",32,46572699,99.39
"foresaw",32,46572731,99.39
"foreshadow",32,46572763,99.39
"formalities",32,46572795,99.39
"formulations",32,46572827,99.39
"franchisees",32,46572859,99.39
"franchising",32,46572891,99.39
"frivolity",32,46572923,99.39
"fusible",32,46572955,99.39
"gangland",32,46572987,99.39
"germinate",32,46573019,99.39
"gleams",32,46573051,99.39
"glimmering",32,46573083,99.39
"grafts",32,46573115,99.39
"grimacing",32,46573147,99.39
"grope",32,46573179,99.39
"halogen",32,46573211,99.39
"hammett",32,46573243,99.39
"handicapper",32,46573275,99.39
"hashed",32,46573307,99.39
"hauler",32,46573339,99.39
"hedged",32,46573371,99.39
"heterosexuality",32,46573403,99.39
"hibachi",32,46573435,99.39
"hitachi",32,46573467,99.39
"holdover",32,46573499,99.39
"hyacinths",32,46573531,99.39
"immutable",32,46573563,99.39
"impairs",32,46573595,99.39
"impaled",32,46573627,99.39
"impeded",32,46573659,99.39
"inbuilt",32,46573691,99.39
"inconvenienced",32,46573723,99.39
"indiscretions",32,46573755,99.39
"infuriates",32,46573787,99.39
"insecticides",32,46573819,99.39
"insinuated",32,46573851,99.39
"insures",32,46573883,99.39
"intercede",32,46573915,99.39
"internationals",32,46573947,99.39
"interrogating",32,46573979,99.39
"intranet",32,46574011,99.39
"intriguingly",32,46574043,99.39
"irritations",32,46574075,99.39
"jailing",32,46574107,99.39
"kazan",32,46574139,99.39
"kenyatta",32,46574171,99.39
"khartoum",32,46574203,99.39
"lacerations",32,46574235,99.39
"lackeys",32,46574267,99.39
"lagoons",32,46574299,99.39
"lascivious",32,46574331,99.39
"latency",32,46574363,99.39
"leipzig",32,46574395,99.39
"lemming",32,46574427,99.39
"lemmings",32,46574459,99.39
"lemur",32,46574491,99.39
"leos",32,46574523,99.39
"liqueurs",32,46574555,99.39
"livelier",32,46574587,99.39
"loudspeakers",32,46574619,99.39
"lovebirds",32,46574651,99.39
"luminary",32,46574683,99.39
"lyra",32,46574715,99.39
"lysol",32,46574747,99.39
"macron",32,46574779,99.39
"magneto",32,46574811,99.39
"mashups",32,46574843,99.39
"masochism",32,46574875,99.39
"melodious",32,46574907,99.39
"methodological",32,46574939,99.39
"metros",32,46574971,99.39
"mightier",32,46575003,99.39
"milers",32,46575035,99.39
"misspent",32,46575067,99.39
"mnemonic",32,46575099,99.39
"modal",32,46575131,99.39
"murillo",32,46575163,99.39
"myrna",32,46575195,99.39
"nanette",32,46575227,99.39
"nasser",32,46575259,99.39
"nastier",32,46575291,99.39
"neurosis",32,46575323,99.39
"nozzles",32,46575355,99.39
"obscenely",32,46575387,99.39
"olympiad",32,46575419,99.39
"oppressing",32,46575451,99.39
"orkney",32,46575483,99.39
"outlays",32,46575515,99.39
"overstayed",32,46575547,99.39
"overstepping",32,46575579,99.39
"palindrome",32,46575611,99.39
"paralleled",32,46575643,99.39
"particulate",32,46575675,99.39
"peculiarly",32,46575707,99.39
"peddlers",32,46575739,99.39
"petunias",32,46575771,99.39
"phallic",32,46575803,99.39
"photocopied",32,46575835,99.39
"pigskin",32,46575867,99.39
"pincus",32,46575899,99.39
"portend",32,46575931,99.39
"posit",32,46575963,99.39
"pragmatist",32,46575995,99.39
"pranksters",32,46576027,99.39
"predilection",32,46576059,99.39
"prohibitively",32,46576091,99.39
"propagating",32,46576123,99.39
"ranching",32,46576155,99.39
"rankled",32,46576187,99.39
"rasta",32,46576219,99.39
"reappointment",32,46576251,99.39
"recollect",32,46576283,99.39
"reconstituted",32,46576315,99.39
"redeems",32,46576347,99.39
"refinished",32,46576379,99.39
"reflexively",32,46576411,99.39
"repossessed",32,46576443,99.39
"repute",32,46576475,99.39
"residencies",32,46576507,99.39
"reyna",32,46576539,99.39
"ritualistic",32,46576571,99.4
"roams",32,46576603,99.4
"roaster",32,46576635,99.4
"romanticized",32,46576667,99.4
"rosales",32,46576699,99.4
"roughshod",32,46576731,99.4
"ruinous",32,46576763,99.4
"rums",32,46576795,99.4
"rutabaga",32,46576827,99.4
"sardinia",32,46576859,99.4
"sassafras",32,46576891,99.4
"sawmill",32,46576923,99.4
"scalar",32,46576955,99.4
"scatters",32,46576987,99.4
"seabirds",32,46577019,99.4
"seashell",32,46577051,99.4
"secede",32,46577083,99.4
"sellouts",32,46577115,99.4
"shillings",32,46577147,99.4
"skateboarders",32,46577179,99.4
"slurring",32,46577211,99.4
"smite",32,46577243,99.4
"snappers",32,46577275,99.4
"snowshoes",32,46577307,99.4
"soled",32,46577339,99.4
"solvers",32,46577371,99.4
"sororities",32,46577403,99.4
"spastic",32,46577435,99.4
"spittle",32,46577467,99.4
"staggeringly",32,46577499,99.4
"starched",32,46577531,99.4
"stipulates",32,46577563,99.4
"stoplights",32,46577595,99.4
"striding",32,46577627,99.4
"stumping",32,46577659,99.4
"sturdier",32,46577691,99.4
"subgroups",32,46577723,99.4
"subsection",32,46577755,99.4
"sugarcoat",32,46577787,99.4
"supermodels",32,46577819,99.4
"supersede",32,46577851,99.4
"supersedes",32,46577883,99.4
"superseding",32,46577915,99.4
"susceptibility",32,46577947,99.4
"sympathizing",32,46577979,99.4
"syndicates",32,46578011,99.4
"talmudic",32,46578043,99.4
"tapers",32,46578075,99.4
"tatters",32,46578107,99.4
"taxicab",32,46578139,99.4
"teardrops",32,46578171,99.4
"technologist",32,46578203,99.4
"theorize",32,46578235,99.4
"theseus",32,46578267,99.4
"thespian",32,46578299,99.4
"tilled",32,46578331,99.4
"timetables",32,46578363,99.4
"tings",32,46578395,99.4
"tog",32,46578427,99.4
"torpedoed",32,46578459,99.4
"torpedoes",32,46578491,99.4
"tortures",32,46578523,99.4
"transitory",32,46578555,99.4
"transpire",32,46578587,99.4
"trickles",32,46578619,99.4
"trike",32,46578651,99.4
"tumbleweeds",32,46578683,99.4
"umpteen",32,46578715,99.4
"unanimity",32,46578747,99.4
"underlings",32,46578779,99.4
"unenviable",32,46578811,99.4
"unfurling",32,46578843,99.4
"unhappily",32,46578875,99.4
"unhurt",32,46578907,99.4
"unscramble",32,46578939,99.4
"unthinking",32,46578971,99.4
"uriel",32,46579003,99.4
"vagrant",32,46579035,99.4
"velveeta",32,46579067,99.4
"vestibule",32,46579099,99.4
"vibrantly",32,46579131,99.4
"vocations",32,46579163,99.4
"vociferously",32,46579195,99.4
"warding",32,46579227,99.4
"waring",32,46579259,99.4
"watersheds",32,46579291,99.4
"wavers",32,46579323,99.4
"webbed",32,46579355,99.4
"welts",32,46579387,99.4
"wheeze",32,46579419,99.4
"whirled",32,46579451,99.4
"windsurfing",32,46579483,99.4
"withstanding",32,46579515,99.4
"workaround",32,46579547,99.4
"worrier",32,46579579,99.4
"zingers",32,46579611,99.4
"zola",32,46579643,99.4
"accenture",31,46579674,99.4
"accursed",31,46579705,99.4
"aflame",31,46579736,99.4
"aggravates",31,46579767,99.4
"aggressors",31,46579798,99.4
"alcohols",31,46579829,99.4
"allude",31,46579860,99.4
"alternator",31,46579891,99.4
"amicably",31,46579922,99.4
"amusements",31,46579953,99.4
"appeasing",31,46579984,99.4
"apprehensions",31,46580015,99.4
"ascertained",31,46580046,99.4
"asexual",31,46580077,99.4
"astound",31,46580108,99.4
"astounds",31,46580139,99.4
"astrophysicist",31,46580170,99.4
"attractively",31,46580201,99.4
"ayurveda",31,46580232,99.4
"backhoe",31,46580263,99.4
"bantu",31,46580294,99.4
"batik",31,46580325,99.4
"beatnik",31,46580356,99.4
"beeped",31,46580387,99.4
"befell",31,46580418,99.4
"beheld",31,46580449,99.4
"benediction",31,46580480,99.4
"bequeathed",31,46580511,99.4
"betrothed",31,46580542,99.4
"bettered",31,46580573,99.4
"biddy",31,46580604,99.4
"blandness",31,46580635,99.4
"blindside",31,46580666,99.4
"blinkers",31,46580697,99.4
"bloodhound",31,46580728,99.4
"blooper",31,46580759,99.4
"bobsled",31,46580790,99.4
"bogeyed",31,46580821,99.4
"bombard",31,46580852,99.4
"bonnets",31,46580883,99.4
"bossing",31,46580914,99.4
"brawling",31,46580945,99.4
"bridged",31,46580976,99.4
"bruiser",31,46581007,99.4
"brutalized",31,46581038,99.4
"burl",31,46581069,99.4
"caddies",31,46581100,99.4
"caped",31,46581131,99.4
"carnations",31,46581162,99.4
"cartwheel",31,46581193,99.4
"catacombs",31,46581224,99.4
"catatonic",31,46581255,99.41
"cavendish",31,46581286,99.41
"cavorting",31,46581317,99.41
"cesarean",31,46581348,99.41
"chafe",31,46581379,99.41
"chairlift",31,46581410,99.41
"chechen",31,46581441,99.41
"checkbooks",31,46581472,99.41
"chihuahuas",31,46581503,99.41
"choker",31,46581534,99.41
"chukchi",31,46581565,99.41
"cirrhosis",31,46581596,99.41
"clustering",31,46581627,99.41
"cobras",31,46581658,99.41
"coiffed",31,46581689,99.41
"colonialist",31,46581720,99.41
"colonoscopies",31,46581751,99.41
"confirmations",31,46581782,99.41
"confound",31,46581813,99.41
"conservationist",31,46581844,99.41
"conveyance",31,46581875,99.41
"cookouts",31,46581906,99.41
"coriolanus",31,46581937,99.41
"coterie",31,46581968,99.41
"credibly",31,46581999,99.41
"crt",31,46582030,99.41
"cuisinart",31,46582061,99.41
"cushioning",31,46582092,99.41
"dabbing",31,46582123,99.41
"deadpanned",31,46582154,99.41
"debunking",31,46582185,99.41
"decriminalization",31,46582216,99.41
"deluged",31,46582247,99.41
"dependability",31,46582278,99.41
"depressingly",31,46582309,99.41
"dermatologists",31,46582340,99.41
"detentions",31,46582371,99.41
"deteriorates",31,46582402,99.41
"deters",31,46582433,99.41
"devolve",31,46582464,99.41
"dirge",31,46582495,99.41
"disarmament",31,46582526,99.41
"disbarred",31,46582557,99.41
"disembark",31,46582588,99.41
"disinfect",31,46582619,99.41
"dispersal",31,46582650,99.41
"disrepute",31,46582681,99.41
"diverged",31,46582712,99.41
"dualism",31,46582743,99.41
"eccentricities",31,46582774,99.41
"emulating",31,46582805,99.41
"emulation",31,46582836,99.41
"enameled",31,46582867,99.41
"endow",31,46582898,99.41
"epidemics",31,46582929,99.41
"eschewing",31,46582960,99.41
"espousing",31,46582991,99.41
"eugenia",31,46583022,99.41
"excavating",31,46583053,99.41
"exempting",31,46583084,99.41
"expandable",31,46583115,99.41
"extrapolate",31,46583146,99.41
"faultless",31,46583177,99.41
"fended",31,46583208,99.41
"ferrying",31,46583239,99.41
"fifteenth",31,46583270,99.41
"fleshing",31,46583301,99.41
"flighty",31,46583332,99.41
"floaters",31,46583363,99.41
"footbridge",31,46583394,99.41
"forevermore",31,46583425,99.41
"fortnightly",31,46583456,99.41
"fractious",31,46583487,99.41
"freestyles",31,46583518,99.41
"frocks",31,46583549,99.41
"fruiting",31,46583580,99.41
"fumed",31,46583611,99.41
"gargoyles",31,46583642,99.41
"gasser",31,46583673,99.41
"getup",31,46583704,99.41
"geysers",31,46583735,99.41
"gobi",31,46583766,99.41
"greasing",31,46583797,99.41
"grouch",31,46583828,99.41
"growths",31,46583859,99.41
"grudging",31,46583890,99.41
"guaranty",31,46583921,99.41
"gushy",31,46583952,99.41
"guttural",31,46583983,99.41
"gynecologists",31,46584014,99.41
"haifa",31,46584045,99.41
"halts",31,46584076,99.41
"handkerchiefs",31,46584107,99.41
"harare",31,46584138,99.41
"hashing",31,46584169,99.41
"hesitancy",31,46584200,99.41
"hideously",31,46584231,99.41
"honduran",31,46584262,99.41
"horrendously",31,46584293,99.41
"huddles",31,46584324,99.41
"huddling",31,46584355,99.41
"humorously",31,46584386,99.41
"hunkering",31,46584417,99.41
"husker",31,46584448,99.41
"huskers",31,46584479,99.41
"hydraulics",31,46584510,99.41
"hygienic",31,46584541,99.41
"hygienist",31,46584572,99.41
"hypodermic",31,46584603,99.41
"icebreaker",31,46584634,99.41
"illegible",31,46584665,99.41
"imbue",31,46584696,99.41
"impassable",31,46584727,99.41
"imperfectly",31,46584758,99.41
"imperialists",31,46584789,99.41
"impermissible",31,46584820,99.41
"inattentive",31,46584851,99.41
"inaudible",31,46584882,99.41
"incidences",31,46584913,99.41
"incinerator",31,46584944,99.41
"inconspicuous",31,46584975,99.41
"indiscretion",31,46585006,99.41
"induct",31,46585037,99.41
"insufficiently",31,46585068,99.41
"irk",31,46585099,99.41
"irreverence",31,46585130,99.41
"irrigated",31,46585161,99.41
"iud",31,46585192,99.41
"jacobi",31,46585223,99.41
"jeanie",31,46585254,99.41
"jeopardizes",31,46585285,99.41
"jetting",31,46585316,99.41
"jogs",31,46585347,99.41
"joyously",31,46585378,99.41
"kalahari",31,46585409,99.41
"karloff",31,46585440,99.41
"karyn",31,46585471,99.41
"kilauea",31,46585502,99.41
"kwan",31,46585533,99.41
"lampshade",31,46585564,99.41
"lateness",31,46585595,99.41
"latoya",31,46585626,99.41
"latrobe",31,46585657,99.41
"lazier",31,46585688,99.41
"legwork",31,46585719,99.41
"lemurs",31,46585750,99.41
"libation",31,46585781,99.41
"litigate",31,46585812,99.41
"livability",31,46585843,99.41
"longhand",31,46585874,99.41
"lucite",31,46585905,99.41
"maliciously",31,46585936,99.42
"marjoram",31,46585967,99.42
"mcenroe",31,46585998,99.42
"mealy",31,46586029,99.42
"mekong",31,46586060,99.42
"melanin",31,46586091,99.42
"messiness",31,46586122,99.42
"midge",31,46586153,99.42
"missives",31,46586184,99.42
"mitzi",31,46586215,99.42
"moldings",31,46586246,99.42
"moonlighting",31,46586277,99.42
"moonlit",31,46586308,99.42
"muffed",31,46586339,99.42
"mufti",31,46586370,99.42
"mulched",31,46586401,99.42
"nair",31,46586432,99.42
"negotiates",31,46586463,99.42
"neuroses",31,46586494,99.42
"niacin",31,46586525,99.42
"nondenominational",31,46586556,99.42
"nosedive",31,46586587,99.42
"obediently",31,46586618,99.42
"obliging",31,46586649,99.42
"odysseus",31,46586680,99.42
"paratroopers",31,46586711,99.42
"passel",31,46586742,99.42
"peps",31,46586773,99.42
"perpetrate",31,46586804,99.42
"piglets",31,46586835,99.42
"pinochet",31,46586866,99.42
"pitchforks",31,46586897,99.42
"pivoted",31,46586928,99.42
"planed",31,46586959,99.42
"poconos",31,46586990,99.42
"polity",31,46587021,99.42
"portico",31,46587052,99.42
"posited",31,46587083,99.42
"powwow",31,46587114,99.42
"precipitously",31,46587145,99.42
"predated",31,46587176,99.42
"preposition",31,46587207,99.42
"presupposes",31,46587238,99.42
"preyed",31,46587269,99.42
"primes",31,46587300,99.42
"procrastinators",31,46587331,99.42
"prognosticators",31,46587362,99.42
"proviso",31,46587393,99.42
"provocations",31,46587424,99.42
"puppeteers",31,46587455,99.42
"pursed",31,46587486,99.42
"putative",31,46587517,99.42
"raffling",31,46587548,99.42
"ramblers",31,46587579,99.42
"ravage",31,46587610,99.42
"reclined",31,46587641,99.42
"recuperation",31,46587672,99.42
"redecorate",31,46587703,99.42
"regionalism",31,46587734,99.42
"rehire",31,46587765,99.42
"reimbursing",31,46587796,99.42
"reined",31,46587827,99.42
"relapses",31,46587858,99.42
"relived",31,46587889,99.42
"reminiscences",31,46587920,99.42
"removals",31,46587951,99.42
"reprints",31,46587982,99.42
"resents",31,46588013,99.42
"retaliating",31,46588044,99.42
"reversion",31,46588075,99.42
"righted",31,46588106,99.42
"rimbaud",31,46588137,99.42
"rivaling",31,46588168,99.42
"robustness",31,46588199,99.42
"romping",31,46588230,99.42
"rower",31,46588261,99.42
"salome",31,46588292,99.42
"samuelson",31,46588323,99.42
"saplings",31,46588354,99.42
"sapping",31,46588385,99.42
"saturate",31,46588416,99.42
"scaffold",31,46588447,99.42
"scarfs",31,46588478,99.42
"scavengers",31,46588509,99.42
"scavenging",31,46588540,99.42
"schematic",31,46588571,99.42
"sconce",31,46588602,99.42
"seasick",31,46588633,99.42
"segues",31,46588664,99.42
"selectors",31,46588695,99.42
"sharron",31,46588726,99.42
"sheree",31,46588757,99.42
"shortchanged",31,46588788,99.42
"showstopper",31,46588819,99.42
"skinning",31,46588850,99.42
"smooths",31,46588881,99.42
"sneered",31,46588912,99.42
"snowballed",31,46588943,99.42
"solzhenitsyn",31,46588974,99.42
"somersault",31,46589005,99.42
"sondra",31,46589036,99.42
"soonest",31,46589067,99.42
"sophomoric",31,46589098,99.42
"sorceress",31,46589129,99.42
"southpaw",31,46589160,99.42
"soweto",31,46589191,99.42
"speeders",31,46589222,99.42
"spinoza",31,46589253,99.42
"stairways",31,46589284,99.42
"standbys",31,46589315,99.42
"sternum",31,46589346,99.42
"stilt",31,46589377,99.42
"stine",31,46589408,99.42
"stingrays",31,46589439,99.42
"stragglers",31,46589470,99.42
"subscribes",31,46589501,99.42
"suffix",31,46589532,99.42
"sunspot",31,46589563,99.42
"supremacists",31,46589594,99.42
"surveyors",31,46589625,99.42
"suzette",31,46589656,99.42
"swahili",31,46589687,99.42
"tantalizingly",31,46589718,99.42
"tempestuous",31,46589749,99.42
"thistles",31,46589780,99.42
"tingles",31,46589811,99.42
"tipster",31,46589842,99.42
"tirades",31,46589873,99.42
"tocqueville",31,46589904,99.42
"tomfoolery",31,46589935,99.42
"toughened",31,46589966,99.42
"tranquilizer",31,46589997,99.42
"traumatizing",31,46590028,99.42
"triplet",31,46590059,99.42
"truckee",31,46590090,99.42
"tyndall",31,46590121,99.42
"underlie",31,46590152,99.42
"undersecretary",31,46590183,99.42
"unicycle",31,46590214,99.42
"unseated",31,46590245,99.42
"unseating",31,46590276,99.42
"unzipped",31,46590307,99.42
"upheavals",31,46590338,99.42
"usernames",31,46590369,99.42
"usmc",31,46590400,99.42
"vanities",31,46590431,99.42
"vesta",31,46590462,99.42
"viciousness",31,46590493,99.42
"wainscoting",31,46590524,99.42
"webcams",31,46590555,99.42
"wendi",31,46590586,99.42
"whoppers",31,46590617,99.42
"woodwinds",31,46590648,99.43
"woolworth",31,46590679,99.43
"wriggling",31,46590710,99.43
"wristwatch",31,46590741,99.43
"zorn",31,46590772,99.43
"abducting",30,46590802,99.43
"abolitionists",30,46590832,99.43
"acceptances",30,46590862,99.43
"acquiesce",30,46590892,99.43
"acquiesced",30,46590922,99.43
"actuarial",30,46590952,99.43
"acupuncturist",30,46590982,99.43
"adapters",30,46591012,99.43
"adulterous",30,46591042,99.43
"anglia",30,46591072,99.43
"annotations",30,46591102,99.43
"anodyne",30,46591132,99.43
"appallingly",30,46591162,99.43
"aquavit",30,46591192,99.43
"architectures",30,46591222,99.43
"arousing",30,46591252,99.43
"ascendant",30,46591282,99.43
"ashram",30,46591312,99.43
"astrologers",30,46591342,99.43
"astutely",30,46591372,99.43
"atmospheres",30,46591402,99.43
"backless",30,46591432,99.43
"bankrupted",30,46591462,99.43
"bards",30,46591492,99.43
"basted",30,46591522,99.43
"beautifying",30,46591552,99.43
"bedtimes",30,46591582,99.43
"beulah",30,46591612,99.43
"bibliographic",30,46591642,99.43
"bic",30,46591672,99.43
"bierce",30,46591702,99.43
"blacker",30,46591732,99.43
"blinker",30,46591762,99.43
"blubber",30,46591792,99.43
"bongs",30,46591822,99.43
"bootstraps",30,46591852,99.43
"bopping",30,46591882,99.43
"bravura",30,46591912,99.43
"breakwater",30,46591942,99.43
"broiling",30,46591972,99.43
"browner",30,46592002,99.43
"brutish",30,46592032,99.43
"bulwark",30,46592062,99.43
"burped",30,46592092,99.43
"busboys",30,46592122,99.43
"busied",30,46592152,99.43
"cagey",30,46592182,99.43
"cardiologists",30,46592212,99.43
"categorical",30,46592242,99.43
"categorizing",30,46592272,99.43
"cezanne",30,46592302,99.43
"changeling",30,46592332,99.43
"checkmate",30,46592362,99.43
"childbearing",30,46592392,99.43
"chiropractors",30,46592422,99.43
"choreograph",30,46592452,99.43
"churchyard",30,46592482,99.43
"clapboard",30,46592512,99.43
"clickable",30,46592542,99.43
"collides",30,46592572,99.43
"comedienne",30,46592602,99.43
"comforters",30,46592632,99.43
"concave",30,46592662,99.43
"concisely",30,46592692,99.43
"confab",30,46592722,99.43
"congruent",30,46592752,99.43
"corralling",30,46592782,99.43
"corrals",30,46592812,99.43
"coveting",30,46592842,99.43
"cozies",30,46592872,99.43
"crayfish",30,46592902,99.43
"cruelest",30,46592932,99.43
"cyberpunk",30,46592962,99.43
"cysts",30,46592992,99.43
"dahlias",30,46593022,99.43
"debug",30,46593052,99.43
"decoded",30,46593082,99.43
"delegating",30,46593112,99.43
"devotionals",30,46593142,99.43
"dictum",30,46593172,99.43
"dieters",30,46593202,99.43
"diphtheria",30,46593232,99.43
"diplomatically",30,46593262,99.43
"disbanding",30,46593292,99.43
"disconnecting",30,46593322,99.43
"discriminates",30,46593352,99.43
"dispassionate",30,46593382,99.43
"dispenses",30,46593412,99.43
"diuretic",30,46593442,99.43
"dodges",30,46593472,99.43
"doohickey",30,46593502,99.43
"dortmund",30,46593532,99.43
"dosing",30,46593562,99.43
"dote",30,46593592,99.43
"drools",30,46593622,99.43
"dulcet",30,46593652,99.43
"duplicating",30,46593682,99.43
"ecologist",30,46593712,99.43
"emigrants",30,46593742,99.43
"enactments",30,46593772,99.43
"entitle",30,46593802,99.43
"enumerated",30,46593832,99.43
"escapist",30,46593862,99.43
"exacerbates",30,46593892,99.43
"exalt",30,46593922,99.43
"executor",30,46593952,99.43
"exhort",30,46593982,99.43
"exhorted",30,46594012,99.43
"extorted",30,46594042,99.43
"extremity",30,46594072,99.43
"fain",30,46594102,99.43
"falsify",30,46594132,99.43
"feigning",30,46594162,99.43
"feted",30,46594192,99.43
"fetishes",30,46594222,99.43
"finders",30,46594252,99.43
"firmed",30,46594282,99.43
"firming",30,46594312,99.43
"fishnets",30,46594342,99.43
"flapjacks",30,46594372,99.43
"formica",30,46594402,99.43
"forthwith",30,46594432,99.43
"franny",30,46594462,99.43
"frequenting",30,46594492,99.43
"furtive",30,46594522,99.43
"gaff",30,46594552,99.43
"galling",30,46594582,99.43
"gargle",30,46594612,99.43
"georgians",30,46594642,99.43
"gide",30,46594672,99.43
"gnosticism",30,46594702,99.43
"goodly",30,46594732,99.43
"grandly",30,46594762,99.43
"guarantor",30,46594792,99.43
"guises",30,46594822,99.43
"haman",30,46594852,99.43
"harmoniously",30,46594882,99.43
"harrods",30,46594912,99.43
"headhunters",30,46594942,99.43
"heaves",30,46594972,99.43
"helga",30,46595002,99.43
"heraclitus",30,46595032,99.43
"herder",30,46595062,99.43
"hippest",30,46595092,99.43
"hogwash",30,46595122,99.43
"hollers",30,46595152,99.43
"honeys",30,46595182,99.43
"hoodlums",30,46595212,99.43
"humus",30,46595242,99.43
"hypnotize",30,46595272,99.43
"imperious",30,46595302,99.43
"inconsolable",30,46595332,99.44
"indelibly",30,46595362,99.44
"infirmities",30,46595392,99.44
"inordinately",30,46595422,99.44
"insignificance",30,46595452,99.44
"interchangeably",30,46595482,99.44
"intertwine",30,46595512,99.44
"intervenes",30,46595542,99.44
"irksome",30,46595572,99.44
"irregularity",30,46595602,99.44
"jeered",30,46595632,99.44
"jostled",30,46595662,99.44
"jumpsuits",30,46595692,99.44
"kazoo",30,46595722,99.44
"keck",30,46595752,99.44
"keratin",30,46595782,99.44
"keynotes",30,46595812,99.44
"khz",30,46595842,99.44
"kidnaps",30,46595872,99.44
"knucklehead",30,46595902,99.44
"krishnamurti",30,46595932,99.44
"kyrgyzstan",30,46595962,99.44
"lacerated",30,46595992,99.44
"laconic",30,46596022,99.44
"laundered",30,46596052,99.44
"lazing",30,46596082,99.44
"leeward",30,46596112,99.44
"liposuction",30,46596142,99.44
"loons",30,46596172,99.44
"lopped",30,46596202,99.44
"lotteries",30,46596232,99.44
"lovelace",30,46596262,99.44
"lustrous",30,46596292,99.44
"luxuriously",30,46596322,99.44
"machinist",30,46596352,99.44
"maggot",30,46596382,99.44
"malinowski",30,46596412,99.44
"manfred",30,46596442,99.44
"manifestly",30,46596472,99.44
"masochistic",30,46596502,99.44
"masterminding",30,46596532,99.44
"mauling",30,46596562,99.44
"maxing",30,46596592,99.44
"maypole",30,46596622,99.44
"mealtime",30,46596652,99.44
"meany",30,46596682,99.44
"micron",30,46596712,99.44
"microprocessors",30,46596742,99.44
"militancy",30,46596772,99.44
"miscarried",30,46596802,99.44
"mismatches",30,46596832,99.44
"mitchel",30,46596862,99.44
"moises",30,46596892,99.44
"monocle",30,46596922,99.44
"mosey",30,46596952,99.44
"mullahs",30,46596982,99.44
"multilateral",30,46597012,99.44
"mummified",30,46597042,99.44
"mustering",30,46597072,99.44
"nags",30,46597102,99.44
"necessitates",30,46597132,99.44
"needful",30,46597162,99.44
"netbooks",30,46597192,99.44
"newtons",30,46597222,99.44
"nicodemus",30,46597252,99.44
"nighthawks",30,46597282,99.44
"nimbly",30,46597312,99.44
"nita",30,46597342,99.44
"nomenclature",30,46597372,99.44
"nonrefundable",30,46597402,99.44
"northerners",30,46597432,99.44
"nosferatu",30,46597462,99.44
"notching",30,46597492,99.44
"nymphs",30,46597522,99.44
"ocarina",30,46597552,99.44
"ornamentation",30,46597582,99.44
"orthodontic",30,46597612,99.44
"orthopedist",30,46597642,99.44
"orval",30,46597672,99.44
"outsold",30,46597702,99.44
"overdosing",30,46597732,99.44
"overloading",30,46597762,99.44
"overturns",30,46597792,99.44
"paean",30,46597822,99.44
"paraffin",30,46597852,99.44
"parliamentarian",30,46597882,99.44
"partway",30,46597912,99.44
"pasquale",30,46597942,99.44
"pastes",30,46597972,99.44
"pelting",30,46598002,99.44
"perpetuation",30,46598032,99.44
"phonetic",30,46598062,99.44
"pinup",30,46598092,99.44
"poignantly",30,46598122,99.44
"pontiff",30,46598152,99.44
"popovers",30,46598182,99.44
"portioned",30,46598212,99.44
"postmarked",30,46598242,99.44
"postmortem",30,46598272,99.44
"potash",30,46598302,99.44
"prerequisites",30,46598332,99.44
"primers",30,46598362,99.44
"proffered",30,46598392,99.44
"pronoun",30,46598422,99.44
"proofed",30,46598452,99.44
"proselytizing",30,46598482,99.44
"prospector",30,46598512,99.44
"prowler",30,46598542,99.44
"psychotherapist",30,46598572,99.44
"punctuality",30,46598602,99.44
"purer",30,46598632,99.44
"purplish",30,46598662,99.44
"pylon",30,46598692,99.44
"quickened",30,46598722,99.44
"quills",30,46598752,99.44
"quizzing",30,46598782,99.44
"quoth",30,46598812,99.44
"radars",30,46598842,99.44
"redefines",30,46598872,99.44
"redirection",30,46598902,99.44
"regretfully",30,46598932,99.44
"reoccurring",30,46598962,99.44
"reparations",30,46598992,99.44
"repudiate",30,46599022,99.44
"reselling",30,46599052,99.44
"reservist",30,46599082,99.44
"reverberating",30,46599112,99.44
"ringers",30,46599142,99.44
"rolodex",30,46599172,99.44
"romulus",30,46599202,99.44
"rsv",30,46599232,99.44
"sagged",30,46599262,99.44
"sailings",30,46599292,99.44
"salter",30,46599322,99.44
"salvaging",30,46599352,99.44
"samaritans",30,46599382,99.44
"sanctum",30,46599412,99.44
"sarnoff",30,46599442,99.44
"scavenged",30,46599472,99.44
"schiaparelli",30,46599502,99.44
"schlep",30,46599532,99.44
"schwinn",30,46599562,99.44
"scram",30,46599592,99.44
"scrimmages",30,46599622,99.44
"scrunch",30,46599652,99.44
"segmented",30,46599682,99.44
"serengeti",30,46599712,99.44
"silica",30,46599742,99.44
"simplifies",30,46599772,99.44
"simulating",30,46599802,99.44
"simulators",30,46599832,99.44
"siphoned",30,46599862,99.44
"siphoning",30,46599892,99.44
"sirs",30,46599922,99.44
"snacked",30,46599952,99.44
"snitches",30,46599982,99.44
"snorts",30,46600012,99.45
"snubs",30,46600042,99.45
"solidifies",30,46600072,99.45
"sst",30,46600102,99.45
"statisticians",30,46600132,99.45
"steamship",30,46600162,99.45
"steeping",30,46600192,99.45
"stiffen",30,46600222,99.45
"stockbroker",30,46600252,99.45
"stooping",30,46600282,99.45
"strictures",30,46600312,99.45
"succumbs",30,46600342,99.45
"sump",30,46600372,99.45
"tactfully",30,46600402,99.45
"tarantulas",30,46600432,99.45
"tattle",30,46600462,99.45
"telephoned",30,46600492,99.45
"tethering",30,46600522,99.45
"thrashers",30,46600552,99.45
"timeliness",30,46600582,99.45
"timor",30,46600612,99.45
"towered",30,46600642,99.45
"traceable",30,46600672,99.45
"transverse",30,46600702,99.45
"treas",30,46600732,99.45
"treasurers",30,46600762,99.45
"turing",30,46600792,99.45
"twiddling",30,46600822,99.45
"twiggy",30,46600852,99.45
"udall",30,46600882,99.45
"uncommitted",30,46600912,99.45
"underlies",30,46600942,99.45
"unpaved",30,46600972,99.45
"unsaturated",30,46601002,99.45
"urinals",30,46601032,99.45
"vicksburg",30,46601062,99.45
"vipers",30,46601092,99.45
"virginal",30,46601122,99.45
"virginians",30,46601152,99.45
"wagged",30,46601182,99.45
"washboard",30,46601212,99.45
"waterline",30,46601242,99.45
"workmanlike",30,46601272,99.45
"yahtzee",30,46601302,99.45
"yearnings",30,46601332,99.45
"zillions",30,46601362,99.45
"zyrtec",30,46601392,99.45
"aberrant",29,46601421,99.45
"accusatory",29,46601450,99.45
"acquit",29,46601479,99.45
"actualization",29,46601508,99.45
"adagio",29,46601537,99.45
"adeptness",29,46601566,99.45
"adjutant",29,46601595,99.45
"admonitions",29,46601624,99.45
"adventitious",29,46601653,99.45
"aglow",29,46601682,99.45
"agonize",29,46601711,99.45
"albee",29,46601740,99.45
"aldrin",29,46601769,99.45
"alphonse",29,46601798,99.45
"ananias",29,46601827,99.45
"annulled",29,46601856,99.45
"antiquing",29,46601885,99.45
"arcades",29,46601914,99.45
"archimedes",29,46601943,99.45
"askance",29,46601972,99.45
"assemblymen",29,46602001,99.45
"automatons",29,46602030,99.45
"backlogs",29,46602059,99.45
"bailiff",29,46602088,99.45
"ballerinas",29,46602117,99.45
"bandanna",29,46602146,99.45
"baptismal",29,46602175,99.45
"barged",29,46602204,99.45
"barmaid",29,46602233,99.45
"bauble",29,46602262,99.45
"beauregard",29,46602291,99.45
"bedspread",29,46602320,99.45
"befriending",29,46602349,99.45
"belushi",29,46602378,99.45
"blackthorn",29,46602407,99.45
"bogs",29,46602436,99.45
"boll",29,46602465,99.45
"caboose",29,46602494,99.45
"canard",29,46602523,99.45
"canopies",29,46602552,99.45
"canvassed",29,46602581,99.45
"capacitor",29,46602610,99.45
"carolers",29,46602639,99.45
"casters",29,46602668,99.45
"ceaseless",29,46602697,99.45
"cecelia",29,46602726,99.45
"cements",29,46602755,99.45
"changeover",29,46602784,99.45
"charades",29,46602813,99.45
"charlemagne",29,46602842,99.45
"charmers",29,46602871,99.45
"chastened",29,46602900,99.45
"checkerboard",29,46602929,99.45
"cheerfulness",29,46602958,99.45
"chickened",29,46602987,99.45
"chlorophyll",29,46603016,99.45
"chopstick",29,46603045,99.45
"clammy",29,46603074,99.45
"clapper",29,46603103,99.45
"clarifications",29,46603132,99.45
"coexistence",29,46603161,99.45
"collectives",29,46603190,99.45
"commentating",29,46603219,99.45
"committal",29,46603248,99.45
"communicable",29,46603277,99.45
"compatriot",29,46603306,99.45
"computation",29,46603335,99.45
"conformist",29,46603364,99.45
"consonants",29,46603393,99.45
"constabulary",29,46603422,99.45
"consummated",29,46603451,99.45
"contortions",29,46603480,99.45
"contrivance",29,46603509,99.45
"convulsing",29,46603538,99.45
"coppery",29,46603567,99.45
"coves",29,46603596,99.45
"creaming",29,46603625,99.45
"criminology",29,46603654,99.45
"croon",29,46603683,99.45
"curacao",29,46603712,99.45
"curio",29,46603741,99.45
"curvature",29,46603770,99.45
"dairies",29,46603799,99.45
"dashboards",29,46603828,99.45
"debonair",29,46603857,99.45
"dedicates",29,46603886,99.45
"degenerates",29,46603915,99.45
"dehumanizing",29,46603944,99.45
"delinquents",29,46603973,99.45
"demurred",29,46604002,99.45
"denigrating",29,46604031,99.45
"deplore",29,46604060,99.45
"deplored",29,46604089,99.45
"depressant",29,46604118,99.45
"detergents",29,46604147,99.45
"detestable",29,46604176,99.45
"devolution",29,46604205,99.45
"disbelieve",29,46604234,99.45
"disenfranchise",29,46604263,99.45
"dismissals",29,46604292,99.45
"disorganization",29,46604321,99.45
"dissension",29,46604350,99.45
"duller",29,46604379,99.45
"dynasties",29,46604408,99.45
"eben",29,46604437,99.45
"eighths",29,46604466,99.45
"emphysema",29,46604495,99.45
"entrails",29,46604524,99.45
"envelop",29,46604553,99.45
"epistemology",29,46604582,99.45
"ersatz",29,46604611,99.45
"escapee",29,46604640,99.45
"evangelizing",29,46604669,99.45
"exacerbating",29,46604698,99.46
"exacted",29,46604727,99.46
"expectantly",29,46604756,99.46
"exterminated",29,46604785,99.46
"extol",29,46604814,99.46
"extravagantly",29,46604843,99.46
"faisal",29,46604872,99.46
"farrakhan",29,46604901,99.46
"faxes",29,46604930,99.46
"feathering",29,46604959,99.46
"ferried",29,46604988,99.46
"fetches",29,46605017,99.46
"flapped",29,46605046,99.46
"flaubert",29,46605075,99.46
"flavorless",29,46605104,99.46
"flickers",29,46605133,99.46
"flog",29,46605162,99.46
"flotilla",29,46605191,99.46
"flouted",29,46605220,99.46
"flub",29,46605249,99.46
"follicles",29,46605278,99.46
"foraged",29,46605307,99.46
"fractal",29,46605336,99.46
"francoise",29,46605365,99.46
"galbraith",29,46605394,99.46
"garrick",29,46605423,99.46
"generative",29,46605452,99.46
"glisten",29,46605481,99.46
"glues",29,46605510,99.46
"gogol",29,46605539,99.46
"googles",29,46605568,99.46
"gpu",29,46605597,99.46
"grecian",29,46605626,99.46
"grumman",29,46605655,99.46
"gulping",29,46605684,99.46
"hardwoods",29,46605713,99.46
"headlock",29,46605742,99.46
"hedgerows",29,46605771,99.46
"hellhole",29,46605800,99.46
"henchman",29,46605829,99.46
"hmo",29,46605858,99.46
"hoffa",29,46605887,99.46
"homebody",29,46605916,99.46
"hoteliers",29,46605945,99.46
"hotshot",29,46605974,99.46
"houseplants",29,46606003,99.46
"hugest",29,46606032,99.46
"hydrants",29,46606061,99.46
"hypo",29,46606090,99.46
"identically",29,46606119,99.46
"identifier",29,46606148,99.46
"immigrating",29,46606177,99.46
"imperil",29,46606206,99.46
"imus",29,46606235,99.46
"incinerated",29,46606264,99.46
"incontrovertible",29,46606293,99.46
"ineffectiveness",29,46606322,99.46
"inflicts",29,46606351,99.46
"inhalers",29,46606380,99.46
"insubordination",29,46606409,99.46
"insufficiency",29,46606438,99.46
"intoxicants",29,46606467,99.46
"irrationality",29,46606496,99.46
"irrigate",29,46606525,99.46
"ivanhoe",29,46606554,99.46
"kahuna",29,46606583,99.46
"kneed",29,46606612,99.46
"koalas",29,46606641,99.46
"kohlrabi",29,46606670,99.46
"kroc",29,46606699,99.46
"kumquats",29,46606728,99.46
"lambrusco",29,46606757,99.46
"lamentable",29,46606786,99.46
"lauds",29,46606815,99.46
"leavened",29,46606844,99.46
"leftism",29,46606873,99.46
"leger",29,46606902,99.46
"liberates",29,46606931,99.46
"libyans",29,46606960,99.46
"linkages",29,46606989,99.46
"liquidating",29,46607018,99.46
"litigious",29,46607047,99.46
"litters",29,46607076,99.46
"loaders",29,46607105,99.46
"loneliest",29,46607134,99.46
"lugged",29,46607163,99.46
"lusted",29,46607192,99.46
"machiavellian",29,46607221,99.46
"magdalena",29,46607250,99.46
"magnifies",29,46607279,99.46
"manhattans",29,46607308,99.46
"martel",29,46607337,99.46
"maryanne",29,46607366,99.46
"masochist",29,46607395,99.46
"millisecond",29,46607424,99.46
"misinterpretation",29,46607453,99.46
"molars",29,46607482,99.46
"mongoose",29,46607511,99.46
"mooning",29,46607540,99.46
"mooring",29,46607569,99.46
"moorish",29,46607598,99.46
"mortgaged",29,46607627,99.46
"motherless",29,46607656,99.46
"mutts",29,46607685,99.46
"myrrh",29,46607714,99.46
"nanosecond",29,46607743,99.46
"niceness",29,46607772,99.46
"nonalcoholic",29,46607801,99.46
"northernmost",29,46607830,99.46
"observances",29,46607859,99.46
"officeholder",29,46607888,99.46
"ohs",29,46607917,99.46
"ornately",29,46607946,99.46
"ottomans",29,46607975,99.46
"outtake",29,46608004,99.46
"outwit",29,46608033,99.46
"overthrew",29,46608062,99.46
"parallax",29,46608091,99.46
"pastured",29,46608120,99.46
"paternalistic",29,46608149,99.46
"patriarchs",29,46608178,99.46
"pensioner",29,46608207,99.46
"peron",29,46608236,99.46
"pessimists",29,46608265,99.46
"petunia",29,46608294,99.46
"piaf",29,46608323,99.46
"pilfered",29,46608352,99.46
"pitfall",29,46608381,99.46
"platforming",29,46608410,99.46
"plumped",29,46608439,99.46
"plundering",29,46608468,99.46
"plutarch",29,46608497,99.46
"poitier",29,46608526,99.46
"ponchos",29,46608555,99.46
"pontificate",29,46608584,99.46
"popularize",29,46608613,99.46
"pornographers",29,46608642,99.46
"postdoctoral",29,46608671,99.46
"potlucks",29,46608700,99.46
"precondition",29,46608729,99.46
"predeceased",29,46608758,99.46
"preserver",29,46608787,99.46
"processions",29,46608816,99.46
"procuring",29,46608845,99.46
"proliferating",29,46608874,99.46
"propellers",29,46608903,99.46
"prospering",29,46608932,99.46
"protestantism",29,46608961,99.46
"protestations",29,46608990,99.46
"prudently",29,46609019,99.46
"punctuating",29,46609048,99.46
"puritans",29,46609077,99.46
"purrs",29,46609106,99.46
"pushers",29,46609135,99.46
"pyrenees",29,46609164,99.46
"rackets",29,46609193,99.46
"radiators",29,46609222,99.46
"raglan",29,46609251,99.46
"rainstorms",29,46609280,99.46
"ramada",29,46609309,99.46
"ramparts",29,46609338,99.46
"rapacious",29,46609367,99.47
"rapier",29,46609396,99.47
"raze",29,46609425,99.47
"reappointed",29,46609454,99.47
"reassessing",29,46609483,99.47
"rebukes",29,46609512,99.47
"recreations",29,46609541,99.47
"redirects",29,46609570,99.47
"refuting",29,46609599,99.47
"rekindling",29,46609628,99.47
"remand",29,46609657,99.47
"remodels",29,46609686,99.47
"repulsion",29,46609715,99.47
"restive",29,46609744,99.47
"robed",29,46609773,99.47
"rowena",29,46609802,99.47
"rudest",29,46609831,99.47
"sacrilegious",29,46609860,99.47
"saltine",29,46609889,99.47
"samplings",29,46609918,99.47
"sanctimonious",29,46609947,99.47
"satiated",29,46609976,99.47
"scarfed",29,46610005,99.47
"scavenge",29,46610034,99.47
"scepter",29,46610063,99.47
"sectioned",29,46610092,99.47
"sentry",29,46610121,99.47
"sharpshooter",29,46610150,99.47
"shying",29,46610179,99.47
"sisterly",29,46610208,99.47
"slanderous",29,46610237,99.47
"sleeker",29,46610266,99.47
"slithering",29,46610295,99.47
"sloppiness",29,46610324,99.47
"socialites",29,46610353,99.47
"sociopaths",29,46610382,99.47
"solidifying",29,46610411,99.47
"solidity",29,46610440,99.47
"stallions",29,46610469,99.47
"stammer",29,46610498,99.47
"stonewalling",29,46610527,99.47
"stubbed",29,46610556,99.47
"subjection",29,46610585,99.47
"subsidizes",29,46610614,99.47
"subsist",29,46610643,99.47
"subsumed",29,46610672,99.47
"sullied",29,46610701,99.47
"supersized",29,46610730,99.47
"supposes",29,46610759,99.47
"sutures",29,46610788,99.47
"sympathetically",29,46610817,99.47
"tableaux",29,46610846,99.47
"tactically",29,46610875,99.47
"tangential",29,46610904,99.47
"teabag",29,46610933,99.47
"tenement",29,46610962,99.47
"tequilas",29,46610991,99.47
"thermodynamics",29,46611020,99.47
"thumps",29,46611049,99.47
"timepiece",29,46611078,99.47
"tinny",29,46611107,99.47
"titania",29,46611136,99.47
"titling",29,46611165,99.47
"tousled",29,46611194,99.47
"transparently",29,46611223,99.47
"tribesmen",29,46611252,99.47
"turnabout",29,46611281,99.47
"tweedy",29,46611310,99.47
"typhoid",29,46611339,99.47
"umber",29,46611368,99.47
"unacknowledged",29,46611397,99.47
"uncounted",29,46611426,99.47
"underbrush",29,46611455,99.47
"unfurl",29,46611484,99.47
"unpainted",29,46611513,99.47
"unpleasantness",29,46611542,99.47
"untidy",29,46611571,99.47
"untruthful",29,46611600,99.47
"unzip",29,46611629,99.47
"urbanized",29,46611658,99.47
"vamps",29,46611687,99.47
"vanquish",29,46611716,99.47
"vaporized",29,46611745,99.47
"verna",29,46611774,99.47
"vesuvius",29,46611803,99.47
"vibrators",29,46611832,99.47
"voraciously",29,46611861,99.47
"waltzes",29,46611890,99.47
"waltzing",29,46611919,99.47
"webbing",29,46611948,99.47
"webpages",29,46611977,99.47
"wheaties",29,46612006,99.47
"windscreen",29,46612035,99.47
"winnebago",29,46612064,99.47
"wisecracks",29,46612093,99.47
"witching",29,46612122,99.47
"yokohama",29,46612151,99.47
"zamboni",29,46612180,99.47
"abbreviate",28,46612208,99.47
"abominations",28,46612236,99.47
"absolved",28,46612264,99.47
"acrid",28,46612292,99.47
"adeline",28,46612320,99.47
"adjudicated",28,46612348,99.47
"adroit",28,46612376,99.47
"adventuresome",28,46612404,99.47
"afire",28,46612432,99.47
"agonizingly",28,46612460,99.47
"alfonzo",28,46612488,99.47
"alignments",28,46612516,99.47
"allotments",28,46612544,99.47
"alvaro",28,46612572,99.47
"amman",28,46612600,99.47
"amputations",28,46612628,99.47
"anaconda",28,46612656,99.47
"anaerobic",28,46612684,99.47
"anarchic",28,46612712,99.47
"anatolia",28,46612740,99.47
"anticipatory",28,46612768,99.47
"antipasto",28,46612796,99.47
"apaches",28,46612824,99.47
"apostasy",28,46612852,99.47
"appendectomy",28,46612880,99.47
"appraise",28,46612908,99.47
"aquamarine",28,46612936,99.47
"articulates",28,46612964,99.47
"ascetic",28,46612992,99.47
"asphyxiation",28,46613020,99.47
"assam",28,46613048,99.47
"backsliding",28,46613076,99.47
"backtracking",28,46613104,99.47
"badder",28,46613132,99.47
"banishing",28,46613160,99.47
"barbary",28,46613188,99.47
"barrack",28,46613216,99.47
"basso",28,46613244,99.47
"bawl",28,46613272,99.47
"beget",28,46613300,99.47
"bevel",28,46613328,99.47
"biding",28,46613356,99.47
"birthmark",28,46613384,99.47
"bloemfontein",28,46613412,99.47
"blotted",28,46613440,99.47
"bojangles",28,46613468,99.47
"bratislava",28,46613496,99.47
"brenton",28,46613524,99.47
"bricked",28,46613552,99.47
"buffed",28,46613580,99.47
"bugatti",28,46613608,99.47
"bulged",28,46613636,99.47
"bung",28,46613664,99.47
"buttonholes",28,46613692,99.47
"calamities",28,46613720,99.47
"cantilevered",28,46613748,99.47
"carotid",28,46613776,99.47
"catskills",28,46613804,99.47
"celebrant",28,46613832,99.47
"chafed",28,46613860,99.47
"chloroform",28,46613888,99.47
"chrysanthemum",28,46613916,99.47
"circulates",28,46613944,99.47
"circulatory",28,46613972,99.47
"clucking",28,46614000,99.47
"compiler",28,46614028,99.47
"complainers",28,46614056,99.48
"confides",28,46614084,99.48
"configuring",28,46614112,99.48
"conscientiously",28,46614140,99.48
"consonant",28,46614168,99.48
"constrain",28,46614196,99.48
"constrict",28,46614224,99.48
"consular",28,46614252,99.48
"contaminating",28,46614280,99.48
"convenes",28,46614308,99.48
"cookers",28,46614336,99.48
"correlations",28,46614364,99.48
"costliest",28,46614392,99.48
"coups",28,46614420,99.48
"cupola",28,46614448,99.48
"dawdle",28,46614476,99.48
"dazzles",28,46614504,99.48
"deanne",28,46614532,99.48
"debased",28,46614560,99.48
"debater",28,46614588,99.48
"debrief",28,46614616,99.48
"debs",28,46614644,99.48
"delmarva",28,46614672,99.48
"demography",28,46614700,99.48
"depots",28,46614728,99.48
"detoxify",28,46614756,99.48
"detoxing",28,46614784,99.48
"devises",28,46614812,99.48
"dialectic",28,46614840,99.48
"diametrically",28,46614868,99.48
"dines",28,46614896,99.48
"discomforts",28,46614924,99.48
"dismount",28,46614952,99.48
"doggone",28,46614980,99.48
"doped",28,46615008,99.48
"dormancy",28,46615036,99.48
"dostoevsky",28,46615064,99.48
"dowel",28,46615092,99.48
"downplays",28,46615120,99.48
"dramatics",28,46615148,99.48
"dynamically",28,46615176,99.48
"easterly",28,46615204,99.48
"eccentrics",28,46615232,99.48
"edens",28,46615260,99.48
"edger",28,46615288,99.48
"eliminations",28,46615316,99.48
"elitists",28,46615344,99.48
"elope",28,46615372,99.48
"encode",28,46615400,99.48
"engenders",28,46615428,99.48
"engulfs",28,46615456,99.48
"enlistment",28,46615484,99.48
"enshrine",28,46615512,99.48
"entanglements",28,46615540,99.48
"entitles",28,46615568,99.48
"eon",28,46615596,99.48
"eritrea",28,46615624,99.48
"excavate",28,46615652,99.48
"existentialism",28,46615680,99.48
"expelling",28,46615708,99.48
"extradite",28,46615736,99.48
"fantasized",28,46615764,99.48
"federalism",28,46615792,99.48
"flailed",28,46615820,99.48
"flouting",28,46615848,99.48
"fogged",28,46615876,99.48
"foreclosing",28,46615904,99.48
"forfeiting",28,46615932,99.48
"frack",28,46615960,99.48
"frankincense",28,46615988,99.48
"frequents",28,46616016,99.48
"gainful",28,46616044,99.48
"galvanizing",28,46616072,99.48
"gape",28,46616100,99.48
"gardenia",28,46616128,99.48
"gaseous",28,46616156,99.48
"gassing",28,46616184,99.48
"geckos",28,46616212,99.48
"gethsemane",28,46616240,99.48
"glossing",28,46616268,99.48
"gnu",28,46616296,99.48
"goethals",28,46616324,99.48
"gores",28,46616352,99.48
"goths",28,46616380,99.48
"grimly",28,46616408,99.48
"grittier",28,46616436,99.48
"gruel",28,46616464,99.48
"guerrillas",28,46616492,99.48
"guesstimate",28,46616520,99.48
"gujarat",28,46616548,99.48
"haleakala",28,46616576,99.48
"hamill",28,46616604,99.48
"hammerhead",28,46616632,99.48
"hankies",28,46616660,99.48
"hellenic",28,46616688,99.48
"honeymooners",28,46616716,99.48
"hunchback",28,46616744,99.48
"huntress",28,46616772,99.48
"hustings",28,46616800,99.48
"icebox",28,46616828,99.48
"iguanas",28,46616856,99.48
"imbalanced",28,46616884,99.48
"implacable",28,46616912,99.48
"impostor",28,46616940,99.48
"improvisations",28,46616968,99.48
"inattention",28,46616996,99.48
"incisions",28,46617024,99.48
"incursion",28,46617052,99.48
"indentation",28,46617080,99.48
"indisputably",28,46617108,99.48
"industrialists",28,46617136,99.48
"inez",28,46617164,99.48
"infirm",28,46617192,99.48
"inflow",28,46617220,99.48
"infrastructures",28,46617248,99.48
"innkeepers",28,46617276,99.48
"insulating",28,46617304,99.48
"invalidity",28,46617332,99.48
"invective",28,46617360,99.48
"invulnerable",28,46617388,99.48
"irresponsibly",28,46617416,99.48
"jenifer",28,46617444,99.48
"juggles",28,46617472,99.48
"kampala",28,46617500,99.48
"karat",28,46617528,99.48
"kismet",28,46617556,99.48
"knickknacks",28,46617584,99.48
"knuckled",28,46617612,99.48
"koontz",28,46617640,99.48
"kory",28,46617668,99.48
"kudzu",28,46617696,99.48
"labia",28,46617724,99.48
"levitate",28,46617752,99.48
"liberace",28,46617780,99.48
"lifesavers",28,46617808,99.48
"lipid",28,46617836,99.48
"littoral",28,46617864,99.48
"lobs",28,46617892,99.48
"locates",28,46617920,99.48
"logger",28,46617948,99.48
"logistically",28,46617976,99.48
"lovelorn",28,46618004,99.48
"machining",28,46618032,99.48
"marketability",28,46618060,99.48
"marooned",28,46618088,99.48
"martians",28,46618116,99.48
"maximized",28,46618144,99.48
"maximizes",28,46618172,99.48
"medea",28,46618200,99.48
"medici",28,46618228,99.48
"megahertz",28,46618256,99.48
"meringues",28,46618284,99.48
"minuets",28,46618312,99.48
"misappropriated",28,46618340,99.48
"miscue",28,46618368,99.48
"misfire",28,46618396,99.48
"modernists",28,46618424,99.48
"molnar",28,46618452,99.48
"monikers",28,46618480,99.48
"morbidity",28,46618508,99.48
"muggle",28,46618536,99.48
"mullah",28,46618564,99.48
"mung",28,46618592,99.48
"negation",28,46618620,99.48
"neocon",28,46618648,99.48
"nimbus",28,46618676,99.48
"nobleman",28,46618704,99.48
"noreen",28,46618732,99.48
"noriega",28,46618760,99.49
"numeric",28,46618788,99.49
"nurtures",28,46618816,99.49
"obliquely",28,46618844,99.49
"oceanography",28,46618872,99.49
"omits",28,46618900,99.49
"omniscience",28,46618928,99.49
"opportunists",28,46618956,99.49
"originators",28,46618984,99.49
"outcrop",28,46619012,99.49
"outperforming",28,46619040,99.49
"overbooked",28,46619068,99.49
"overhears",28,46619096,99.49
"padlock",28,46619124,99.49
"paleontologist",28,46619152,99.49
"parameter",28,46619180,99.49
"parentage",28,46619208,99.49
"patrolmen",28,46619236,99.49
"persians",28,46619264,99.49
"pestering",28,46619292,99.49
"photons",28,46619320,99.49
"pica",28,46619348,99.49
"pitying",28,46619376,99.49
"plaudits",28,46619404,99.49
"pollinated",28,46619432,99.49
"preen",28,46619460,99.49
"printouts",28,46619488,99.49
"professorial",28,46619516,99.49
"propulsive",28,46619544,99.49
"puritanical",28,46619572,99.49
"puzzlement",28,46619600,99.49
"pynchon",28,46619628,99.49
"quashed",28,46619656,99.49
"questing",28,46619684,99.49
"rattan",28,46619712,99.49
"reassemble",28,46619740,99.49
"rebroadcast",28,46619768,99.49
"recalcitrant",28,46619796,99.49
"redesigns",28,46619824,99.49
"regimens",28,46619852,99.49
"reinhold",28,46619880,99.49
"reissues",28,46619908,99.49
"renunciation",28,46619936,99.49
"rescinding",28,46619964,99.49
"reservists",28,46619992,99.49
"resubmit",28,46620020,99.49
"resuscitated",28,46620048,99.49
"retinal",28,46620076,99.49
"reverently",28,46620104,99.49
"ritzy",28,46620132,99.49
"ruminating",28,46620160,99.49
"salutations",28,46620188,99.49
"sapphires",28,46620216,99.49
"sapporo",28,46620244,99.49
"satiate",28,46620272,99.49
"schmooze",28,46620300,99.49
"scowling",28,46620328,99.49
"sealants",28,46620356,99.49
"sensationalist",28,46620384,99.49
"sensitively",28,46620412,99.49
"separatist",28,46620440,99.49
"sheathed",28,46620468,99.49
"sheba",28,46620496,99.49
"shoelace",28,46620524,99.49
"shogun",28,46620552,99.49
"shortcoming",28,46620580,99.49
"simpleton",28,46620608,99.49
"skateboarder",28,46620636,99.49
"sleepwalking",28,46620664,99.49
"slobs",28,46620692,99.49
"smoothest",28,46620720,99.49
"smothers",28,46620748,99.49
"specious",28,46620776,99.49
"spotters",28,46620804,99.49
"squab",28,46620832,99.49
"squall",28,46620860,99.49
"steppes",28,46620888,99.49
"suppresses",28,46620916,99.49
"swilling",28,46620944,99.49
"swordplay",28,46620972,99.49
"sylvie",28,46621000,99.49
"synapses",28,46621028,99.49
"synchronize",28,46621056,99.49
"tacitly",28,46621084,99.49
"takeouts",28,46621112,99.49
"tamika",28,46621140,99.49
"tasered",28,46621168,99.49
"teeing",28,46621196,99.49
"teeters",28,46621224,99.49
"telephoto",28,46621252,99.49
"tented",28,46621280,99.49
"thar",28,46621308,99.49
"thumbnails",28,46621336,99.49
"tithes",28,46621364,99.49
"tittle",28,46621392,99.49
"tooting",28,46621420,99.49
"trespasses",28,46621448,99.49
"tricksters",28,46621476,99.49
"trimmers",28,46621504,99.49
"triumvirate",28,46621532,99.49
"tuareg",28,46621560,99.49
"tumblers",28,46621588,99.49
"tunics",28,46621616,99.49
"tyke",28,46621644,99.49
"typographic",28,46621672,99.49
"unaided",28,46621700,99.49
"uncritical",28,46621728,99.49
"undamaged",28,46621756,99.49
"underpinned",28,46621784,99.49
"unilever",28,46621812,99.49
"unionize",28,46621840,99.49
"unquenchable",28,46621868,99.49
"unspeakably",28,46621896,99.49
"unverified",28,46621924,99.49
"usn",28,46621952,99.49
"vainly",28,46621980,99.49
"viceroy",28,46622008,99.49
"vied",28,46622036,99.49
"viscosity",28,46622064,99.49
"webcasts",28,46622092,99.49
"welt",28,46622120,99.49
"whoopee",28,46622148,99.49
"woodshed",28,46622176,99.49
"wows",28,46622204,99.49
"wrecker",28,46622232,99.49
"xes",28,46622260,99.49
"yuppies",28,46622288,99.49
"zinnias",28,46622316,99.49
"abdication",27,46622343,99.49
"acropolis",27,46622370,99.49
"adequacy",27,46622397,99.49
"adjusters",27,46622424,99.49
"admiringly",27,46622451,99.49
"afterwords",27,46622478,99.49
"albanians",27,46622505,99.49
"alejandra",27,46622532,99.49
"alpacas",27,46622559,99.49
"altercations",27,46622586,99.49
"ampersand",27,46622613,99.49
"amplifies",27,46622640,99.49
"amulet",27,46622667,99.49
"anatole",27,46622694,99.49
"angina",27,46622721,99.49
"angora",27,46622748,99.49
"anselm",27,46622775,99.49
"antiqued",27,46622802,99.49
"appendicitis",27,46622829,99.49
"appropriating",27,46622856,99.49
"arcing",27,46622883,99.49
"artistes",27,46622910,99.49
"attentively",27,46622937,99.49
"attenuated",27,46622964,99.49
"auger",27,46622991,99.49
"authenticated",27,46623018,99.49
"babysat",27,46623045,99.49
"backsides",27,46623072,99.49
"bahia",27,46623099,99.49
"bails",27,46623126,99.49
"baldness",27,46623153,99.49
"bantering",27,46623180,99.49
"barbarism",27,46623207,99.49
"berms",27,46623234,99.49
"besting",27,46623261,99.49
"bilge",27,46623288,99.49
"binocular",27,46623315,99.49
"blacklist",27,46623342,99.49
"blotter",27,46623369,99.49
"blubbering",27,46623396,99.49
"bluest",27,46623423,99.5
"bournemouth",27,46623450,99.5
"brambles",27,46623477,99.5
"broadens",27,46623504,99.5
"broths",27,46623531,99.5
"budging",27,46623558,99.5
"buxom",27,46623585,99.5
"caching",27,46623612,99.5
"calibration",27,46623639,99.5
"cantata",27,46623666,99.5
"capably",27,46623693,99.5
"capacitors",27,46623720,99.5
"caravaggio",27,46623747,99.5
"ceaselessly",27,46623774,99.5
"cellos",27,46623801,99.5
"centralize",27,46623828,99.5
"centrifuge",27,46623855,99.5
"ceylon",27,46623882,99.5
"chancery",27,46623909,99.5
"chapels",27,46623936,99.5
"chieftains",27,46623963,99.5
"chitchat",27,46623990,99.5
"cistern",27,46624017,99.5
"claudius",27,46624044,99.5
"cliffhangers",27,46624071,99.5
"clinician",27,46624098,99.5
"clinking",27,46624125,99.5
"clydesdale",27,46624152,99.5
"cocoons",27,46624179,99.5
"cohan",27,46624206,99.5
"commendations",27,46624233,99.5
"composted",27,46624260,99.5
"comprehending",27,46624287,99.5
"compressing",27,46624314,99.5
"constricted",27,46624341,99.5
"contort",27,46624368,99.5
"cooperatives",27,46624395,99.5
"corinthian",27,46624422,99.5
"corsage",27,46624449,99.5
"cottons",27,46624476,99.5
"croak",27,46624503,99.5
"croce",27,46624530,99.5
"crypts",27,46624557,99.5
"cubist",27,46624584,99.5
"curvaceous",27,46624611,99.5
"cuticles",27,46624638,99.5
"dalian",27,46624665,99.5
"dampening",27,46624692,99.5
"debugging",27,46624719,99.5
"decapitation",27,46624746,99.5
"decommissioned",27,46624773,99.5
"decorates",27,46624800,99.5
"deducting",27,46624827,99.5
"degas",27,46624854,99.5
"delineate",27,46624881,99.5
"deluding",27,46624908,99.5
"demagoguery",27,46624935,99.5
"deprecation",27,46624962,99.5
"devours",27,46624989,99.5
"dilation",27,46625016,99.5
"dilettante",27,46625043,99.5
"dilutes",27,46625070,99.5
"disapproves",27,46625097,99.5
"disproved",27,46625124,99.5
"diverts",27,46625151,99.5
"divulging",27,46625178,99.5
"dogwoods",27,46625205,99.5
"dominica",27,46625232,99.5
"downfalls",27,46625259,99.5
"downwind",27,46625286,99.5
"dullness",27,46625313,99.5
"ebbed",27,46625340,99.5
"eclecticism",27,46625367,99.5
"ejections",27,46625394,99.5
"encasing",27,46625421,99.5
"enhancer",27,46625448,99.5
"enlarging",27,46625475,99.5
"escapade",27,46625502,99.5
"esmeralda",27,46625529,99.5
"eton",27,46625556,99.5
"evangelistic",27,46625583,99.5
"exhalation",27,46625610,99.5
"expeditionary",27,46625637,99.5
"faints",27,46625664,99.5
"faqs",27,46625691,99.5
"fasteners",27,46625718,99.5
"fatalistic",27,46625745,99.5
"fathering",27,46625772,99.5
"fibula",27,46625799,99.5
"filament",27,46625826,99.5
"flagstone",27,46625853,99.5
"fluffed",27,46625880,99.5
"flywheel",27,46625907,99.5
"freckle",27,46625934,99.5
"freemason",27,46625961,99.5
"galleon",27,46625988,99.5
"gasket",27,46626015,99.5
"geopolitics",27,46626042,99.5
"germination",27,46626069,99.5
"gimlet",27,46626096,99.5
"gleamed",27,46626123,99.5
"globs",27,46626150,99.5
"grabber",27,46626177,99.5
"gravitating",27,46626204,99.5
"grossest",27,46626231,99.5
"guineas",27,46626258,99.5
"haber",27,46626285,99.5
"hailstorm",27,46626312,99.5
"harmonizing",27,46626339,99.5
"hdd",27,46626366,99.5
"heartier",27,46626393,99.5
"heimlich",27,46626420,99.5
"hera",27,46626447,99.5
"hermits",27,46626474,99.5
"herrick",27,46626501,99.5
"hippocrates",27,46626528,99.5
"hokkaido",27,46626555,99.5
"homogenized",27,46626582,99.5
"huffy",27,46626609,99.5
"hulks",27,46626636,99.5
"humorless",27,46626663,99.5
"humped",27,46626690,99.5
"humvee",27,46626717,99.5
"hurls",27,46626744,99.5
"iconoclastic",27,46626771,99.5
"ignominious",27,46626798,99.5
"imbues",27,46626825,99.5
"impressionists",27,46626852,99.5
"imprisoning",27,46626879,99.5
"incrimination",27,46626906,99.5
"inflatables",27,46626933,99.5
"inflexibility",27,46626960,99.5
"inquisitor",27,46626987,99.5
"internist",27,46627014,99.5
"intimated",27,46627041,99.5
"intimidates",27,46627068,99.5
"intricacy",27,46627095,99.5
"itemize",27,46627122,99.5
"jangle",27,46627149,99.5
"juxtapositions",27,46627176,99.5
"keeled",27,46627203,99.5
"kinfolk",27,46627230,99.5
"knighted",27,46627257,99.5
"knolls",27,46627284,99.5
"kook",27,46627311,99.5
"lampshades",27,46627338,99.5
"latitudes",27,46627365,99.5
"lauding",27,46627392,99.5
"lazaro",27,46627419,99.5
"levitation",27,46627446,99.5
"lyceum",27,46627473,99.5
"macadam",27,46627500,99.5
"machined",27,46627527,99.5
"madder",27,46627554,99.5
"malians",27,46627581,99.5
"marauding",27,46627608,99.5
"martyred",27,46627635,99.5
"massacred",27,46627662,99.5
"matrimonial",27,46627689,99.5
"mci",27,46627716,99.5
"meritorious",27,46627743,99.5
"meshes",27,46627770,99.5
"metallurgical",27,46627797,99.5
"midstream",27,46627824,99.5
"milkman",27,46627851,99.5
"minster",27,46627878,99.5
"mohawks",27,46627905,99.5
"moira",27,46627932,99.5
"montages",27,46627959,99.5
"montaigne",27,46627986,99.5
"motorbikes",27,46628013,99.5
"mucky",27,46628040,99.5
"nape",27,46628067,99.5
"narrowest",27,46628094,99.5
"natchez",27,46628121,99.51
"neater",27,46628148,99.51
"neolithic",27,46628175,99.51
"nitpicking",27,46628202,99.51
"nonchalance",27,46628229,99.51
"noodling",27,46628256,99.51
"noontime",27,46628283,99.51
"norad",27,46628310,99.51
"nylons",27,46628337,99.51
"obeys",27,46628364,99.51
"obliterating",27,46628391,99.51
"offshoots",27,46628418,99.51
"oise",27,46628445,99.51
"ophthalmology",27,46628472,99.51
"opine",27,46628499,99.51
"overdressed",27,46628526,99.51
"overeat",27,46628553,99.51
"overpaying",27,46628580,99.51
"ovulation",27,46628607,99.51
"padlocked",27,46628634,99.51
"parapet",27,46628661,99.51
"patrician",27,46628688,99.51
"patronized",27,46628715,99.51
"percussionists",27,46628742,99.51
"permeating",27,46628769,99.51
"persisting",27,46628796,99.51
"personage",27,46628823,99.51
"petrochemical",27,46628850,99.51
"peyote",27,46628877,99.51
"phobic",27,46628904,99.51
"phonograph",27,46628931,99.51
"pillaged",27,46628958,99.51
"pitied",27,46628985,99.51
"plunking",27,46629012,99.51
"polaroids",27,46629039,99.51
"pollyanna",27,46629066,99.51
"polymers",27,46629093,99.51
"polystyrene",27,46629120,99.51
"pomeranian",27,46629147,99.51
"pone",27,46629174,99.51
"populating",27,46629201,99.51
"portends",27,46629228,99.51
"postulated",27,46629255,99.51
"predicate",27,46629282,99.51
"premonition",27,46629309,99.51
"prissy",27,46629336,99.51
"proclivity",27,46629363,99.51
"purebred",27,46629390,99.51
"pyrex",27,46629417,99.51
"raffia",27,46629444,99.51
"rationed",27,46629471,99.51
"reactivate",27,46629498,99.51
"rebuilds",27,46629525,99.51
"redheaded",27,46629552,99.51
"redskin",27,46629579,99.51
"refraining",27,46629606,99.51
"relapsed",27,46629633,99.51
"relegate",27,46629660,99.51
"rend",27,46629687,99.51
"renegades",27,46629714,99.51
"rivets",27,46629741,99.51
"rorschach",27,46629768,99.51
"rosicrucian",27,46629795,99.51
"roslyn",27,46629822,99.51
"rotor",27,46629849,99.51
"ruination",27,46629876,99.51
"runt",27,46629903,99.51
"saskatoon",27,46629930,99.51
"scofflaws",27,46629957,99.51
"scoliosis",27,46629984,99.51
"scorpios",27,46630011,99.51
"screwdrivers",27,46630038,99.51
"scuffling",27,46630065,99.51
"scurvy",27,46630092,99.51
"sealant",27,46630119,99.51
"searcher",27,46630146,99.51
"seethe",27,46630173,99.51
"shafted",27,46630200,99.51
"sheaf",27,46630227,99.51
"shelia",27,46630254,99.51
"shellacking",27,46630281,99.51
"shipyards",27,46630308,99.51
"shouldering",27,46630335,99.51
"shrewdly",27,46630362,99.51
"sired",27,46630389,99.51
"sires",27,46630416,99.51
"skidding",27,46630443,99.51
"slays",27,46630470,99.51
"sleeplessness",27,46630497,99.51
"slideshows",27,46630524,99.51
"slogged",27,46630551,99.51
"sluggers",27,46630578,99.51
"soldiered",27,46630605,99.51
"sorter",27,46630632,99.51
"spams",27,46630659,99.51
"splayed",27,46630686,99.51
"stabilizes",27,46630713,99.51
"statistician",27,46630740,99.51
"stealthily",27,46630767,99.51
"stiffs",27,46630794,99.51
"stifles",27,46630821,99.51
"stigmatized",27,46630848,99.51
"stomachache",27,46630875,99.51
"subliminally",27,46630902,99.51
"sundial",27,46630929,99.51
"surrealistic",27,46630956,99.51
"surreptitious",27,46630983,99.51
"swaddling",27,46631010,99.51
"swifter",27,46631037,99.51
"swindled",27,46631064,99.51
"taciturn",27,46631091,99.51
"tacklers",27,46631118,99.51
"tagalog",27,46631145,99.51
"tammie",27,46631172,99.51
"tangling",27,46631199,99.51
"taskmaster",27,46631226,99.51
"teatime",27,46631253,99.51
"telugu",27,46631280,99.51
"tempos",27,46631307,99.51
"terrapins",27,46631334,99.51
"timidity",27,46631361,99.51
"tinseltown",27,46631388,99.51
"tonga",27,46631415,99.51
"tooled",27,46631442,99.51
"topcoat",27,46631469,99.51
"trappers",27,46631496,99.51
"tungsten",27,46631523,99.51
"tuxes",27,46631550,99.51
"unbuttoned",27,46631577,99.51
"uncivilized",27,46631604,99.51
"unfeeling",27,46631631,99.51
"unintelligent",27,46631658,99.51
"unitas",27,46631685,99.51
"unrealistically",27,46631712,99.51
"untroubled",27,46631739,99.51
"vex",27,46631766,99.51
"visitations",27,46631793,99.51
"wacko",27,46631820,99.51
"wagoner",27,46631847,99.51
"washingtonian",27,46631874,99.51
"washroom",27,46631901,99.51
"winch",27,46631928,99.51
"wintering",27,46631955,99.51
"xxi",27,46631982,99.51
"yaroslavl",27,46632009,99.51
"yawned",27,46632036,99.51
"yoked",27,46632063,99.51
"abuja",26,46632089,99.51
"acevedo",26,46632115,99.51
"adjuster",26,46632141,99.51
"admonish",26,46632167,99.51
"adulterers",26,46632193,99.51
"airlift",26,46632219,99.51
"amplification",26,46632245,99.51
"amputees",26,46632271,99.51
"aphorisms",26,46632297,99.51
"appellations",26,46632323,99.51
"appleseed",26,46632349,99.51
"autobiographies",26,46632375,99.51
"awfulness",26,46632401,99.51
"axles",26,46632427,99.51
"basses",26,46632453,99.51
"baywatch",26,46632479,99.51
"beefs",26,46632505,99.51
"begat",26,46632531,99.51
"benetton",26,46632557,99.51
"bequest",26,46632583,99.51
"biannual",26,46632609,99.51
"biro",26,46632635,99.51
"biweekly",26,46632661,99.51
"blackbeard",26,46632687,99.51
"blackest",26,46632713,99.51
"blanking",26,46632739,99.51
"blitzing",26,46632765,99.51
"blockhead",26,46632791,99.51
"blusher",26,46632817,99.52
"boatman",26,46632843,99.52
"bobbitt",26,46632869,99.52
"bohr",26,46632895,99.52
"butterflied",26,46632921,99.52
"cajole",26,46632947,99.52
"caligula",26,46632973,99.52
"calloused",26,46632999,99.52
"camellias",26,46633025,99.52
"capitalistic",26,46633051,99.52
"catwalks",26,46633077,99.52
"caucasians",26,46633103,99.52
"cecily",26,46633129,99.52
"cfc",26,46633155,99.52
"chalkboards",26,46633181,99.52
"charlatans",26,46633207,99.52
"chenille",26,46633233,99.52
"circumventing",26,46633259,99.52
"classifieds",26,46633285,99.52
"cleanings",26,46633311,99.52
"coining",26,46633337,99.52
"collaborates",26,46633363,99.52
"communes",26,46633389,99.52
"congealed",26,46633415,99.52
"consecutively",26,46633441,99.52
"constables",26,46633467,99.52
"contemptible",26,46633493,99.52
"convoys",26,46633519,99.52
"coot",26,46633545,99.52
"copernicus",26,46633571,99.52
"corroded",26,46633597,99.52
"craned",26,46633623,99.52
"cree",26,46633649,99.52
"crestfallen",26,46633675,99.52
"crusoe",26,46633701,99.52
"curlers",26,46633727,99.52
"cuticle",26,46633753,99.52
"dangles",26,46633779,99.52
"deadbeats",26,46633805,99.52
"decoys",26,46633831,99.52
"deeming",26,46633857,99.52
"defile",26,46633883,99.52
"deleon",26,46633909,99.52
"dervish",26,46633935,99.52
"descriptors",26,46633961,99.52
"deterministic",26,46633987,99.52
"devilishly",26,46634013,99.52
"dimpled",26,46634039,99.52
"dionysus",26,46634065,99.52
"disastrously",26,46634091,99.52
"disbursed",26,46634117,99.52
"discolored",26,46634143,99.52
"discontented",26,46634169,99.52
"disincentive",26,46634195,99.52
"disparaged",26,46634221,99.52
"dispiriting",26,46634247,99.52
"diverging",26,46634273,99.52
"dogmas",26,46634299,99.52
"dominicans",26,46634325,99.52
"donn",26,46634351,99.52
"dragnet",26,46634377,99.52
"drunkards",26,46634403,99.52
"drunker",26,46634429,99.52
"dz",26,46634455,99.52
"egging",26,46634481,99.52
"egrets",26,46634507,99.52
"employable",26,46634533,99.52
"endangers",26,46634559,99.52
"epidermis",26,46634585,99.52
"epitomize",26,46634611,99.52
"equalized",26,46634637,99.52
"esau",26,46634663,99.52
"escapees",26,46634689,99.52
"excommunicated",26,46634715,99.52
"exhaling",26,46634741,99.52
"famished",26,46634767,99.52
"fasted",26,46634793,99.52
"fatalism",26,46634819,99.52
"fatherly",26,46634845,99.52
"fijian",26,46634871,99.52
"fireproof",26,46634897,99.52
"firmament",26,46634923,99.52
"fission",26,46634949,99.52
"flab",26,46634975,99.52
"flagrantly",26,46635001,99.52
"flatt",26,46635027,99.52
"flutist",26,46635053,99.52
"formless",26,46635079,99.52
"fossilized",26,46635105,99.52
"fudging",26,46635131,99.52
"galena",26,46635157,99.52
"galloped",26,46635183,99.52
"gambia",26,46635209,99.52
"ganesha",26,46635235,99.52
"gayer",26,46635261,99.52
"genealogist",26,46635287,99.52
"gird",26,46635313,99.52
"glorifies",26,46635339,99.52
"gnawed",26,46635365,99.52
"goad",26,46635391,99.52
"gossips",26,46635417,99.52
"gouged",26,46635443,99.52
"grapevines",26,46635469,99.52
"gratuities",26,46635495,99.52
"gristle",26,46635521,99.52
"guffaws",26,46635547,99.52
"handicrafts",26,46635573,99.52
"headwind",26,46635599,99.52
"healthfully",26,46635625,99.52
"heartbreaks",26,46635651,99.52
"hellos",26,46635677,99.52
"heralding",26,46635703,99.52
"herbalist",26,46635729,99.52
"hippopotamus",26,46635755,99.52
"hod",26,46635781,99.52
"hominy",26,46635807,99.52
"hosiery",26,46635833,99.52
"howells",26,46635859,99.52
"hullabaloo",26,46635885,99.52
"hunches",26,46635911,99.52
"hurries",26,46635937,99.52
"husbandry",26,46635963,99.52
"hydrocarbon",26,46635989,99.52
"hymnal",26,46636015,99.52
"ices",26,46636041,99.52
"immemorial",26,46636067,99.52
"implodes",26,46636093,99.52
"inborn",26,46636119,99.52
"incarcerate",26,46636145,99.52
"indefatigable",26,46636171,99.52
"inexpensively",26,46636197,99.52
"innuendos",26,46636223,99.52
"instrumentalists",26,46636249,99.52
"interdependent",26,46636275,99.52
"interrogators",26,46636301,99.52
"invoicing",26,46636327,99.52
"ionosphere",26,46636353,99.52
"iroquois",26,46636379,99.52
"jailers",26,46636405,99.52
"jaundiced",26,46636431,99.52
"jaywalking",26,46636457,99.52
"jitney",26,46636483,99.52
"josefina",26,46636509,99.52
"junket",26,46636535,99.52
"juts",26,46636561,99.52
"kannada",26,46636587,99.52
"kindnesses",26,46636613,99.52
"klee",26,46636639,99.52
"kneaded",26,46636665,99.52
"kurosawa",26,46636691,99.52
"laity",26,46636717,99.52
"leavening",26,46636743,99.52
"lela",26,46636769,99.52
"lilt",26,46636795,99.52
"linguists",26,46636821,99.52
"littler",26,46636847,99.52
"lobbing",26,46636873,99.52
"lockstep",26,46636899,99.52
"loudness",26,46636925,99.52
"lowlands",26,46636951,99.52
"manchu",26,46636977,99.52
"manhandled",26,46637003,99.52
"marianas",26,46637029,99.52
"marinas",26,46637055,99.52
"masterworks",26,46637081,99.52
"masts",26,46637107,99.52
"matchsticks",26,46637133,99.52
"mauricio",26,46637159,99.52
"middles",26,46637185,99.52
"mildest",26,46637211,99.52
"milliliter",26,46637237,99.52
"ministered",26,46637263,99.52
"mistreating",26,46637289,99.52
"montenegro",26,46637315,99.52
"motorboat",26,46637341,99.52
"mousetrap",26,46637367,99.52
"mouton",26,46637393,99.52
"muffle",26,46637419,99.52
"multivitamin",26,46637445,99.52
"murkier",26,46637471,99.52
"muzak",26,46637497,99.53
"nabbing",26,46637523,99.53
"neediness",26,46637549,99.53
"neurologists",26,46637575,99.53
"neutering",26,46637601,99.53
"nobly",26,46637627,99.53
"notifies",26,46637653,99.53
"nullification",26,46637679,99.53
"oaf",26,46637705,99.53
"obelisk",26,46637731,99.53
"oe",26,46637757,99.53
"offload",26,46637783,99.53
"opossum",26,46637809,99.53
"oracles",26,46637835,99.53
"ordain",26,46637861,99.53
"orly",26,46637887,99.53
"oscillating",26,46637913,99.53
"ostensible",26,46637939,99.53
"overactive",26,46637965,99.53
"overdid",26,46637991,99.53
"overextended",26,46638017,99.53
"overrode",26,46638043,99.53
"oversimplification",26,46638069,99.53
"oversupply",26,46638095,99.53
"pacify",26,46638121,99.53
"panniers",26,46638147,99.53
"parolee",26,46638173,99.53
"percival",26,46638199,99.53
"perigee",26,46638225,99.53
"personals",26,46638251,99.53
"persuades",26,46638277,99.53
"perversely",26,46638303,99.53
"peso",26,46638329,99.53
"pharmacology",26,46638355,99.53
"phonies",26,46638381,99.53
"photocopying",26,46638407,99.53
"picketed",26,46638433,99.53
"piggies",26,46638459,99.53
"pivoting",26,46638485,99.53
"plausibility",26,46638511,99.53
"plod",26,46638537,99.53
"plummets",26,46638563,99.53
"podiatrist",26,46638589,99.53
"pointlessly",26,46638615,99.53
"polygamist",26,46638641,99.53
"polynesia",26,46638667,99.53
"posies",26,46638693,99.53
"possessor",26,46638719,99.53
"possums",26,46638745,99.53
"pouncing",26,46638771,99.53
"precluded",26,46638797,99.53
"predominate",26,46638823,99.53
"prefab",26,46638849,99.53
"pressman",26,46638875,99.53
"proscenium",26,46638901,99.53
"prospers",26,46638927,99.53
"puckered",26,46638953,99.53
"puckering",26,46638979,99.53
"pumas",26,46639005,99.53
"quadrangle",26,46639031,99.53
"quieting",26,46639057,99.53
"quivered",26,46639083,99.53
"ramses",26,46639109,99.53
"recanted",26,46639135,99.53
"reenacting",26,46639161,99.53
"reestablish",26,46639187,99.53
"refocusing",26,46639213,99.53
"renegotiating",26,46639239,99.53
"reparation",26,46639265,99.53
"resenting",26,46639291,99.53
"restated",26,46639317,99.53
"rewinding",26,46639343,99.53
"roadsides",26,46639369,99.53
"roquefort",26,46639395,99.53
"ruminations",26,46639421,99.53
"sadism",26,46639447,99.53
"sago",26,46639473,99.53
"salerno",26,46639499,99.53
"saner",26,46639525,99.53
"sars",26,46639551,99.53
"scuttling",26,46639577,99.53
"seabed",26,46639603,99.53
"secreted",26,46639629,99.53
"senegalese",26,46639655,99.53
"sepsis",26,46639681,99.53
"sequester",26,46639707,99.53
"serfs",26,46639733,99.53
"shepherding",26,46639759,99.53
"shim",26,46639785,99.53
"shinier",26,46639811,99.53
"shucked",26,46639837,99.53
"simmers",26,46639863,99.53
"simulates",26,46639889,99.53
"sissies",26,46639915,99.53
"slaughterhouses",26,46639941,99.53
"slotting",26,46639967,99.53
"sneers",26,46639993,99.53
"snipping",26,46640019,99.53
"snooker",26,46640045,99.53
"sobered",26,46640071,99.53
"spectra",26,46640097,99.53
"spliced",26,46640123,99.53
"spoofing",26,46640149,99.53
"ssa",26,46640175,99.53
"stagnating",26,46640201,99.53
"starlings",26,46640227,99.53
"stateless",26,46640253,99.53
"statesmanship",26,46640279,99.53
"statuettes",26,46640305,99.53
"steadying",26,46640331,99.53
"stepchildren",26,46640357,99.53
"stiffly",26,46640383,99.53
"stilled",26,46640409,99.53
"stingray",26,46640435,99.53
"stuttered",26,46640461,99.53
"substrate",26,46640487,99.53
"sultanas",26,46640513,99.53
"sultans",26,46640539,99.53
"superficiality",26,46640565,99.53
"swarthy",26,46640591,99.53
"sycophants",26,46640617,99.53
"symbiosis",26,46640643,99.53
"syncs",26,46640669,99.53
"tahitian",26,46640695,99.53
"temptress",26,46640721,99.53
"tempts",26,46640747,99.53
"terrariums",26,46640773,99.53
"thereto",26,46640799,99.53
"thickener",26,46640825,99.53
"thousandth",26,46640851,99.53
"timelessness",26,46640877,99.53
"timidly",26,46640903,99.53
"tints",26,46640929,99.53
"toasters",26,46640955,99.53
"trenchant",26,46640981,99.53
"trifles",26,46641007,99.53
"trombones",26,46641033,99.53
"trumping",26,46641059,99.53
"tuneful",26,46641085,99.53
"turducken",26,46641111,99.53
"typified",26,46641137,99.53
"unaccustomed",26,46641163,99.53
"unaltered",26,46641189,99.53
"unambiguously",26,46641215,99.53
"unbounded",26,46641241,99.53
"uncannily",26,46641267,99.53
"undignified",26,46641293,99.53
"undressing",26,46641319,99.53
"uninstall",26,46641345,99.53
"unpopularity",26,46641371,99.53
"unshaven",26,46641397,99.53
"untruths",26,46641423,99.53
"upstage",26,46641449,99.53
"upturn",26,46641475,99.53
"urchins",26,46641501,99.53
"usury",26,46641527,99.53
"valenti",26,46641553,99.53
"varanasi",26,46641579,99.53
"vassal",26,46641605,99.53
"venn",26,46641631,99.53
"ventriloquist",26,46641657,99.53
"verges",26,46641683,99.53
"villager",26,46641709,99.53
"waistlines",26,46641735,99.53
"walesa",26,46641761,99.53
"whisks",26,46641787,99.53
"whitish",26,46641813,99.53
"whodunit",26,46641839,99.53
"winchell",26,46641865,99.53
"windward",26,46641891,99.53
"winos",26,46641917,99.53
"wobbles",26,46641943,99.53
"woos",26,46641969,99.53
"workhouse",26,46641995,99.53
"yangon",26,46642021,99.53
"yogurts",26,46642047,99.53
"absalom",25,46642072,99.53
"advantaged",25,46642097,99.53
"agitating",25,46642122,99.53
"altair",25,46642147,99.53
"amphibian",25,46642172,99.54
"annulment",25,46642197,99.54
"anode",25,46642222,99.54
"anselmo",25,46642247,99.54
"anubis",25,46642272,99.54
"apostrophes",25,46642297,99.54
"artiste",25,46642322,99.54
"ashtrays",25,46642347,99.54
"astroturf",25,46642372,99.54
"awakes",25,46642397,99.54
"baffle",25,46642422,99.54
"balky",25,46642447,99.54
"barrows",25,46642472,99.54
"bastions",25,46642497,99.54
"beautician",25,46642522,99.54
"beehives",25,46642547,99.54
"belching",25,46642572,99.54
"betters",25,46642597,99.54
"bewitching",25,46642622,99.54
"bigwigs",25,46642647,99.54
"bleeped",25,46642672,99.54
"blenders",25,46642697,99.54
"blowup",25,46642722,99.54
"bolshevik",25,46642747,99.54
"boorish",25,46642772,99.54
"brigantine",25,46642797,99.54
"buccaneer",25,46642822,99.54
"bungling",25,46642847,99.54
"camcorders",25,46642872,99.54
"cameramen",25,46642897,99.54
"canaries",25,46642922,99.54
"canto",25,46642947,99.54
"cappuccinos",25,46642972,99.54
"captivates",25,46642997,99.54
"captor",25,46643022,99.54
"carburetor",25,46643047,99.54
"carjacked",25,46643072,99.54
"carnivals",25,46643097,99.54
"casein",25,46643122,99.54
"catchings",25,46643147,99.54
"cation",25,46643172,99.54
"caucasus",25,46643197,99.54
"cheerily",25,46643222,99.54
"chickadee",25,46643247,99.54
"chinos",25,46643272,99.54
"chiquita",25,46643297,99.54
"civilly",25,46643322,99.54
"clambering",25,46643347,99.54
"cleansers",25,46643372,99.54
"clumsiness",25,46643397,99.54
"codify",25,46643422,99.54
"combats",25,46643447,99.54
"commode",25,46643472,99.54
"commoners",25,46643497,99.54
"compasses",25,46643522,99.54
"concords",25,46643547,99.54
"concurring",25,46643572,99.54
"confectionery",25,46643597,99.54
"conspires",25,46643622,99.54
"convulsions",25,46643647,99.54
"copperhead",25,46643672,99.54
"copping",25,46643697,99.54
"cordially",25,46643722,99.54
"corked",25,46643747,99.54
"cowley",25,46643772,99.54
"cozier",25,46643797,99.54
"cress",25,46643822,99.54
"cressida",25,46643847,99.54
"cretin",25,46643872,99.54
"crimean",25,46643897,99.54
"crockery",25,46643922,99.54
"crocus",25,46643947,99.54
"cultivates",25,46643972,99.54
"cunningly",25,46643997,99.54
"cur",25,46644022,99.54
"curative",25,46644047,99.54
"daemons",25,46644072,99.54
"darkens",25,46644097,99.54
"declarative",25,46644122,99.54
"decoder",25,46644147,99.54
"dedications",25,46644172,99.54
"defector",25,46644197,99.54
"deregulated",25,46644222,99.54
"desiccated",25,46644247,99.54
"designates",25,46644272,99.54
"despot",25,46644297,99.54
"determinations",25,46644322,99.54
"dethroned",25,46644347,99.54
"dietetic",25,46644372,99.54
"disconnects",25,46644397,99.54
"dishonorable",25,46644422,99.54
"disorientation",25,46644447,99.54
"dissertations",25,46644472,99.54
"dissipation",25,46644497,99.54
"doberman",25,46644522,99.54
"doonesbury",25,46644547,99.54
"dramatization",25,46644572,99.54
"dweeb",25,46644597,99.54
"earache",25,46644622,99.54
"echos",25,46644647,99.54
"edelweiss",25,46644672,99.54
"elaborates",25,46644697,99.54
"electioneering",25,46644722,99.54
"electors",25,46644747,99.54
"electrolyte",25,46644772,99.54
"elsinore",25,46644797,99.54
"embarrasses",25,46644822,99.54
"emissary",25,46644847,99.54
"entertainingly",25,46644872,99.54
"entrancing",25,46644897,99.54
"epistles",25,46644922,99.54
"equitably",25,46644947,99.54
"erg",25,46644972,99.54
"ethiopians",25,46644997,99.54
"evian",25,46645022,99.54
"exchequer",25,46645047,99.54
"exegesis",25,46645072,99.54
"exhaustively",25,46645097,99.54
"exhumed",25,46645122,99.54
"ferber",25,46645147,99.54
"fiddles",25,46645172,99.54
"fishnet",25,46645197,99.54
"flitted",25,46645222,99.54
"floundered",25,46645247,99.54
"fluctuation",25,46645272,99.54
"foals",25,46645297,99.54
"forges",25,46645322,99.54
"forsythia",25,46645347,99.54
"freckled",25,46645372,99.54
"fruitier",25,46645397,99.54
"furrow",25,46645422,99.54
"furtherance",25,46645447,99.54
"gadgetry",25,46645472,99.54
"gadsden",25,46645497,99.54
"garners",25,46645522,99.54
"garters",25,46645547,99.54
"gelled",25,46645572,99.54
"glinting",25,46645597,99.54
"goebbels",25,46645622,99.54
"goya",25,46645647,99.54
"graphing",25,46645672,99.54
"greenback",25,46645697,99.54
"grooved",25,46645722,99.54
"guffaw",25,46645747,99.54
"hairball",25,46645772,99.54
"hallow",25,46645797,99.54
"hallucinogens",25,46645822,99.54
"helpfulness",25,46645847,99.54
"helpline",25,46645872,99.54
"hematology",25,46645897,99.54
"herrings",25,46645922,99.54
"heterogeneous",25,46645947,99.54
"hisses",25,46645972,99.54
"holst",25,46645997,99.54
"homeboys",25,46646022,99.54
"homemakers",25,46646047,99.54
"homesteading",25,46646072,99.54
"homesteads",25,46646097,99.54
"hoodwinked",25,46646122,99.54
"housekeepers",25,46646147,99.54
"hubcaps",25,46646172,99.54
"humberto",25,46646197,99.54
"hypochondriac",25,46646222,99.54
"hypothesized",25,46646247,99.54
"iberian",25,46646272,99.54
"ibex",25,46646297,99.54
"ignorantly",25,46646322,99.54
"impersonations",25,46646347,99.54
"impersonators",25,46646372,99.54
"indignities",25,46646397,99.54
"infinitesimal",25,46646422,99.54
"inhibition",25,46646447,99.54
"intermingled",25,46646472,99.54
"intransigent",25,46646497,99.54
"inuit",25,46646522,99.54
"iva",25,46646547,99.54
"jackasses",25,46646572,99.54
"jailer",25,46646597,99.54
"jaundice",25,46646622,99.54
"judaic",25,46646647,99.54
"jurists",25,46646672,99.54
"keeling",25,46646697,99.54
"killjoy",25,46646722,99.54
"knocker",25,46646747,99.54
"landscapers",25,46646772,99.54
"lapels",25,46646797,99.54
"lathe",25,46646822,99.54
"laughingstock",25,46646847,99.54
"legalese",25,46646872,99.55
"leningrad",25,46646897,99.55
"letterbox",25,46646922,99.55
"loafing",25,46646947,99.55
"lolling",25,46646972,99.55
"loyally",25,46646997,99.55
"ludicrously",25,46647022,99.55
"lumbered",25,46647047,99.55
"lute",25,46647072,99.55
"mads",25,46647097,99.55
"madwoman",25,46647122,99.55
"mangle",25,46647147,99.55
"margery",25,46647172,99.55
"masterminds",25,46647197,99.55
"materializes",25,46647222,99.55
"meows",25,46647247,99.55
"merton",25,46647272,99.55
"meteorology",25,46647297,99.55
"microprocessor",25,46647322,99.55
"mig",25,46647347,99.55
"militarization",25,46647372,99.55
"miscalculation",25,46647397,99.55
"miscast",25,46647422,99.55
"misdiagnosed",25,46647447,99.55
"misfired",25,46647472,99.55
"misprint",25,46647497,99.55
"molokai",25,46647522,99.55
"monetarily",25,46647547,99.55
"mons",25,46647572,99.55
"monumentally",25,46647597,99.55
"mooch",25,46647622,99.55
"mothballs",25,46647647,99.55
"muss",25,46647672,99.55
"navarre",25,46647697,99.55
"nearness",25,46647722,99.55
"neath",25,46647747,99.55
"netscape",25,46647772,99.55
"neuron",25,46647797,99.55
"nisei",25,46647822,99.55
"noncommercial",25,46647847,99.55
"nougat",25,46647872,99.55
"numeral",25,46647897,99.55
"obj",25,46647922,99.55
"obliges",25,46647947,99.55
"oceanographer",25,46647972,99.55
"outfitting",25,46647997,99.55
"overshadows",25,46648022,99.55
"overtakes",25,46648047,99.55
"oxfords",25,46648072,99.55
"pacifiers",25,46648097,99.55
"paged",25,46648122,99.55
"paperboy",25,46648147,99.55
"parenthetical",25,46648172,99.55
"particulates",25,46648197,99.55
"patterning",25,46648222,99.55
"pauper",25,46648247,99.55
"pdq",25,46648272,99.55
"peacefulness",25,46648297,99.55
"peewee",25,46648322,99.55
"penalizing",25,46648347,99.55
"pentax",25,46648372,99.55
"perceptible",25,46648397,99.55
"personifies",25,46648422,99.55
"pickering",25,46648447,99.55
"pigeonhole",25,46648472,99.55
"pilgrimages",25,46648497,99.55
"pinking",25,46648522,99.55
"plausibly",25,46648547,99.55
"playtex",25,46648572,99.55
"plonk",25,46648597,99.55
"plotters",25,46648622,99.55
"pollinating",25,46648647,99.55
"polyethylene",25,46648672,99.55
"pompoms",25,46648697,99.55
"pontificating",25,46648722,99.55
"porthole",25,46648747,99.55
"pouts",25,46648772,99.55
"precursors",25,46648797,99.55
"presences",25,46648822,99.55
"preteens",25,46648847,99.55
"printout",25,46648872,99.55
"profligate",25,46648897,99.55
"proliferated",25,46648922,99.55
"prongs",25,46648947,99.55
"pumice",25,46648972,99.55
"pylons",25,46648997,99.55
"quantifying",25,46649022,99.55
"quezon",25,46649047,99.55
"quizzical",25,46649072,99.55
"racehorses",25,46649097,99.55
"ramiro",25,46649122,99.55
"rangy",25,46649147,99.55
"ravings",25,46649172,99.55
"rawness",25,46649197,99.55
"reaffirming",25,46649222,99.55
"reassert",25,46649247,99.55
"recouping",25,46649272,99.55
"reenactments",25,46649297,99.55
"registrars",25,46649322,99.55
"rehashing",25,46649347,99.55
"reheating",25,46649372,99.55
"reorder",25,46649397,99.55
"repented",25,46649422,99.55
"reprogram",25,46649447,99.55
"resets",25,46649472,99.55
"respiration",25,46649497,99.55
"respirator",25,46649522,99.55
"retardant",25,46649547,99.55
"retook",25,46649572,99.55
"retry",25,46649597,99.55
"riffle",25,46649622,99.55
"rile",25,46649647,99.55
"ritually",25,46649672,99.55
"robbin",25,46649697,99.55
"rococo",25,46649722,99.55
"roomier",25,46649747,99.55
"rosanna",25,46649772,99.55
"rotund",25,46649797,99.55
"rusk",25,46649822,99.55
"sacramental",25,46649847,99.55
"safekeeping",25,46649872,99.55
"salivary",25,46649897,99.55
"salk",25,46649922,99.55
"sandstorm",25,46649947,99.55
"scamper",25,46649972,99.55
"schemer",25,46649997,99.55
"schlepping",25,46650022,99.55
"schlock",25,46650047,99.55
"scowled",25,46650072,99.55
"scummy",25,46650097,99.55
"seafaring",25,46650122,99.55
"seepage",25,46650147,99.55
"separations",25,46650172,99.55
"sequenced",25,46650197,99.55
"shams",25,46650222,99.55
"shanna",25,46650247,99.55
"sheeting",25,46650272,99.55
"shoal",25,46650297,99.55
"showdowns",25,46650322,99.55
"shrouds",25,46650347,99.55
"signatory",25,46650372,99.55
"signpost",25,46650397,99.55
"sizzles",25,46650422,99.55
"skewing",25,46650447,99.55
"smacker",25,46650472,99.55
"smarting",25,46650497,99.55
"smokestack",25,46650522,99.55
"snifter",25,46650547,99.55
"snitching",25,46650572,99.55
"snobbish",25,46650597,99.55
"speedier",25,46650622,99.55
"sphincter",25,46650647,99.55
"splattering",25,46650672,99.55
"splatters",25,46650697,99.55
"splice",25,46650722,99.55
"spoofs",25,46650747,99.55
"stanzas",25,46650772,99.55
"sterilize",25,46650797,99.55
"stirrings",25,46650822,99.55
"stoneware",25,46650847,99.55
"subverted",25,46650872,99.55
"swats",25,46650897,99.55
"telecommunication",25,46650922,99.55
"thereon",25,46650947,99.55
"thinners",25,46650972,99.55
"thruway",25,46650997,99.55
"tidewater",25,46651022,99.55
"tines",25,46651047,99.55
"tinkers",25,46651072,99.55
"torvalds",25,46651097,99.55
"tourniquet",25,46651122,99.55
"traipse",25,46651147,99.55
"trajectories",25,46651172,99.55
"transplanting",25,46651197,99.55
"trestles",25,46651222,99.55
"turnarounds",25,46651247,99.55
"turrets",25,46651272,99.55
"typographical",25,46651297,99.55
"undertakes",25,46651322,99.55
"undertow",25,46651347,99.55
"unfashionable",25,46651372,99.55
"unidentifiable",25,46651397,99.55
"unjustifiable",25,46651422,99.55
"unwound",25,46651447,99.55
"upcountry",25,46651472,99.55
"uproarious",25,46651497,99.55
"upwardly",25,46651522,99.55
"vacating",25,46651547,99.56
"vacationed",25,46651572,99.56
"verbalize",25,46651597,99.56
"verging",25,46651622,99.56
"vetoing",25,46651647,99.56
"vilify",25,46651672,99.56
"vinegary",25,46651697,99.56
"violist",25,46651722,99.56
"virgos",25,46651747,99.56
"wafts",25,46651772,99.56
"wallaby",25,46651797,99.56
"warbling",25,46651822,99.56
"wariness",25,46651847,99.56
"westerner",25,46651872,99.56
"whiffs",25,46651897,99.56
"whitefield",25,46651922,99.56
"womanizer",25,46651947,99.56
"woodwind",25,46651972,99.56
"wriggled",25,46651997,99.56
"yelped",25,46652022,99.56
"aboriginals",24,46652046,99.56
"abrasions",24,46652070,99.56
"abscess",24,46652094,99.56
"abuts",24,46652118,99.56
"acquaint",24,46652142,99.56
"admonishing",24,46652166,99.56
"advisement",24,46652190,99.56
"agamemnon",24,46652214,99.56
"alienates",24,46652238,99.56
"alloys",24,46652262,99.56
"anagram",24,46652286,99.56
"anibal",24,46652310,99.56
"antecedent",24,46652334,99.56
"antigen",24,46652358,99.56
"antiquarian",24,46652382,99.56
"antwan",24,46652406,99.56
"apologetically",24,46652430,99.56
"ardor",24,46652454,99.56
"ascends",24,46652478,99.56
"atoned",24,46652502,99.56
"auctioneers",24,46652526,99.56
"badgered",24,46652550,99.56
"badgering",24,46652574,99.56
"baku",24,46652598,99.56
"balder",24,46652622,99.56
"banshees",24,46652646,99.56
"baptizing",24,46652670,99.56
"barbell",24,46652694,99.56
"barium",24,46652718,99.56
"battleships",24,46652742,99.56
"beardsley",24,46652766,99.56
"bedded",24,46652790,99.56
"benelux",24,46652814,99.56
"berenice",24,46652838,99.56
"betas",24,46652862,99.56
"bizet",24,46652886,99.56
"bladders",24,46652910,99.56
"blowtorch",24,46652934,99.56
"bonbons",24,46652958,99.56
"borer",24,46652982,99.56
"bottlenecks",24,46653006,99.56
"boxwood",24,46653030,99.56
"bridgetown",24,46653054,99.56
"brusque",24,46653078,99.56
"buckskin",24,46653102,99.56
"buddhas",24,46653126,99.56
"buffing",24,46653150,99.56
"bulked",24,46653174,99.56
"calamitous",24,46653198,99.56
"calvinism",24,46653222,99.56
"caning",24,46653246,99.56
"capitulate",24,46653270,99.56
"carboy",24,46653294,99.56
"carcinogen",24,46653318,99.56
"castes",24,46653342,99.56
"certifies",24,46653366,99.56
"cerulean",24,46653390,99.56
"charlatan",24,46653414,99.56
"chastising",24,46653438,99.56
"choctaw",24,46653462,99.56
"chromatic",24,46653486,99.56
"circulars",24,46653510,99.56
"clairvoyant",24,46653534,99.56
"clamber",24,46653558,99.56
"clamored",24,46653582,99.56
"collapsible",24,46653606,99.56
"colliers",24,46653630,99.56
"conceptualize",24,46653654,99.56
"conceptualizing",24,46653678,99.56
"concurrence",24,46653702,99.56
"concurs",24,46653726,99.56
"confiscating",24,46653750,99.56
"congregated",24,46653774,99.56
"consummation",24,46653798,99.56
"crabbe",24,46653822,99.56
"crankiness",24,46653846,99.56
"crimped",24,46653870,99.56
"crumpets",24,46653894,99.56
"crusading",24,46653918,99.56
"custards",24,46653942,99.56
"customarily",24,46653966,99.56
"cutback",24,46653990,99.56
"cyrano",24,46654014,99.56
"dampness",24,46654038,99.56
"dander",24,46654062,99.56
"danton",24,46654086,99.56
"deafness",24,46654110,99.56
"deciphered",24,46654134,99.56
"decisiveness",24,46654158,99.56
"deferment",24,46654182,99.56
"dehydrate",24,46654206,99.56
"denizen",24,46654230,99.56
"derisive",24,46654254,99.56
"derrida",24,46654278,99.56
"desertion",24,46654302,99.56
"despising",24,46654326,99.56
"despots",24,46654350,99.56
"destroyers",24,46654374,99.56
"desultory",24,46654398,99.56
"determinant",24,46654422,99.56
"determinism",24,46654446,99.56
"deviates",24,46654470,99.56
"dippers",24,46654494,99.56
"disharmony",24,46654518,99.56
"disloyalty",24,46654542,99.56
"disrespects",24,46654566,99.56
"dockets",24,46654590,99.56
"doctoring",24,46654614,99.56
"domicile",24,46654638,99.56
"dossiers",24,46654662,99.56
"doted",24,46654686,99.56
"dreamily",24,46654710,99.56
"dupes",24,46654734,99.56
"durocher",24,46654758,99.56
"dwarfing",24,46654782,99.56
"earthworm",24,46654806,99.56
"ecuadorian",24,46654830,99.56
"edginess",24,46654854,99.56
"eloped",24,46654878,99.56
"emote",24,46654902,99.56
"enacts",24,46654926,99.56
"enrage",24,46654950,99.56
"entombed",24,46654974,99.56
"epsilon",24,46654998,99.56
"espy",24,46655022,99.56
"esters",24,46655046,99.56
"evangelize",24,46655070,99.56
"evidences",24,46655094,99.56
"excedrin",24,46655118,99.56
"executioners",24,46655142,99.56
"expeditious",24,46655166,99.56
"extravaganzas",24,46655190,99.56
"extroverts",24,46655214,99.56
"exuding",24,46655238,99.56
"fagin",24,46655262,99.56
"fatten",24,46655286,99.56
"fatuous",24,46655310,99.56
"fealty",24,46655334,99.56
"fica",24,46655358,99.56
"fidget",24,46655382,99.56
"fitfully",24,46655406,99.56
"fixate",24,46655430,99.56
"fjord",24,46655454,99.56
"florid",24,46655478,99.56
"flubbed",24,46655502,99.56
"flume",24,46655526,99.56
"follicle",24,46655550,99.56
"fora",24,46655574,99.56
"frankness",24,46655598,99.56
"freemasonry",24,46655622,99.56
"freshening",24,46655646,99.56
"fuchs",24,46655670,99.56
"functionaries",24,46655694,99.56
"furies",24,46655718,99.56
"furthered",24,46655742,99.56
"furthers",24,46655766,99.56
"gambles",24,46655790,99.56
"gamed",24,46655814,99.56
"geezers",24,46655838,99.56
"gena",24,46655862,99.56
"gilding",24,46655886,99.56
"gingersnap",24,46655910,99.56
"goblets",24,46655934,99.56
"godforsaken",24,46655958,99.56
"gratefulness",24,46655982,99.56
"grosser",24,46656006,99.56
"grotesquely",24,46656030,99.56
"guardrails",24,46656054,99.56
"guff",24,46656078,99.56
"gunny",24,46656102,99.56
"gynecological",24,46656126,99.56
"halfback",24,46656150,99.56
"handrails",24,46656174,99.56
"harmonized",24,46656198,99.56
"hecklers",24,46656222,99.56
"hedgehogs",24,46656246,99.57
"hemispheres",24,46656270,99.57
"hoagies",24,46656294,99.57
"hollies",24,46656318,99.57
"holocene",24,46656342,99.57
"homogeneity",24,46656366,99.57
"honks",24,46656390,99.57
"hooped",24,46656414,99.57
"hooting",24,46656438,99.57
"hotcakes",24,46656462,99.57
"houseplant",24,46656486,99.57
"huguenot",24,46656510,99.57
"humdrum",24,46656534,99.57
"hurtles",24,46656558,99.57
"icicle",24,46656582,99.57
"idealists",24,46656606,99.57
"imbibed",24,46656630,99.57
"implores",24,46656654,99.57
"impossibilities",24,46656678,99.57
"inadequately",24,46656702,99.57
"incapacity",24,46656726,99.57
"incumbency",24,46656750,99.57
"indus",24,46656774,99.57
"insinuate",24,46656798,99.57
"interdiction",24,46656822,99.57
"invisibly",24,46656846,99.57
"ionic",24,46656870,99.57
"irregardless",24,46656894,99.57
"isotope",24,46656918,99.57
"jabber",24,46656942,99.57
"jackrabbits",24,46656966,99.57
"jacquelyn",24,46656990,99.57
"jealousies",24,46657014,99.57
"jigger",24,46657038,99.57
"jinxing",24,46657062,99.57
"jostle",24,46657086,99.57
"jungian",24,46657110,99.57
"kidder",24,46657134,99.57
"knudsen",24,46657158,99.57
"laboriously",24,46657182,99.57
"ladled",24,46657206,99.57
"leander",24,46657230,99.57
"legislated",24,46657254,99.57
"leis",24,46657278,99.57
"leninist",24,46657302,99.57
"lepers",24,46657326,99.57
"levant",24,46657350,99.57
"libertine",24,46657374,99.57
"liliana",24,46657398,99.57
"litigating",24,46657422,99.57
"loathes",24,46657446,99.57
"lode",24,46657470,99.57
"lodger",24,46657494,99.57
"lorie",24,46657518,99.57
"lounged",24,46657542,99.57
"lovemaking",24,46657566,99.57
"lumping",24,46657590,99.57
"lunched",24,46657614,99.57
"lutherans",24,46657638,99.57
"maharishi",24,46657662,99.57
"matchbook",24,46657686,99.57
"matchless",24,46657710,99.57
"medians",24,46657734,99.57
"mediators",24,46657758,99.57
"menzies",24,46657782,99.57
"metronome",24,46657806,99.57
"microchips",24,46657830,99.57
"midges",24,46657854,99.57
"milliner",24,46657878,99.57
"minnesotan",24,46657902,99.57
"miscreants",24,46657926,99.57
"misters",24,46657950,99.57
"monarchies",24,46657974,99.57
"monopolize",24,46657998,99.57
"montevideo",24,46658022,99.57
"mooching",24,46658046,99.57
"movingly",24,46658070,99.57
"muggles",24,46658094,99.57
"musket",24,46658118,99.57
"necessitating",24,46658142,99.57
"neigh",24,46658166,99.57
"newsman",24,46658190,99.57
"nonplussed",24,46658214,99.57
"nonsmoking",24,46658238,99.57
"nubile",24,46658262,99.57
"oas",24,46658286,99.57
"objectors",24,46658310,99.57
"obstetric",24,46658334,99.57
"odometer",24,46658358,99.57
"olajuwon",24,46658382,99.57
"oleander",24,46658406,99.57
"oratorio",24,46658430,99.57
"orifice",24,46658454,99.57
"orthopedics",24,46658478,99.57
"outclassed",24,46658502,99.57
"outermost",24,46658526,99.57
"outstrip",24,46658550,99.57
"overexposed",24,46658574,99.57
"overqualified",24,46658598,99.57
"overthinking",24,46658622,99.57
"partook",24,46658646,99.57
"peal",24,46658670,99.57
"periodontal",24,46658694,99.57
"peripatetic",24,46658718,99.57
"persecutions",24,46658742,99.57
"pings",24,46658766,99.57
"pitchman",24,46658790,99.57
"pitifully",24,46658814,99.57
"plagiarized",24,46658838,99.57
"ported",24,46658862,99.57
"postulate",24,46658886,99.57
"potable",24,46658910,99.57
"prearranged",24,46658934,99.57
"preempt",24,46658958,99.57
"pretender",24,46658982,99.57
"pretensions",24,46659006,99.57
"primroses",24,46659030,99.57
"pugnacious",24,46659054,99.57
"pulpits",24,46659078,99.57
"pummel",24,46659102,99.57
"purred",24,46659126,99.57
"quacks",24,46659150,99.57
"qwerty",24,46659174,99.57
"raincoats",24,46659198,99.57
"rambler",24,46659222,99.57
"rationalist",24,46659246,99.57
"rationalizing",24,46659270,99.57
"rawest",24,46659294,99.57
"readjust",24,46659318,99.57
"reappraisal",24,46659342,99.57
"reassurances",24,46659366,99.57
"reassuringly",24,46659390,99.57
"receptacles",24,46659414,99.57
"recliners",24,46659438,99.57
"recriminations",24,46659462,99.57
"redecorated",24,46659486,99.57
"redeveloping",24,46659510,99.57
"refillable",24,46659534,99.57
"regurgitated",24,46659558,99.57
"rejoins",24,46659582,99.57
"remarry",24,46659606,99.57
"repartee",24,46659630,99.57
"republished",24,46659654,99.57
"repudiation",24,46659678,99.57
"reshuffling",24,46659702,99.57
"restate",24,46659726,99.57
"retraced",24,46659750,99.57
"retrofitted",24,46659774,99.57
"revives",24,46659798,99.57
"rightness",24,46659822,99.57
"romancing",24,46659846,99.57
"salutary",24,46659870,99.57
"sandcastle",24,46659894,99.57
"scamming",24,46659918,99.57
"scarfing",24,46659942,99.57
"sciatica",24,46659966,99.57
"scooting",24,46659990,99.57
"scoundrel",24,46660014,99.57
"scuff",24,46660038,99.57
"scythe",24,46660062,99.57
"secrete",24,46660086,99.57
"selloff",24,46660110,99.57
"sentinels",24,46660134,99.57
"separatism",24,46660158,99.57
"sequitur",24,46660182,99.57
"shipwrecks",24,46660206,99.57
"shirking",24,46660230,99.57
"shorting",24,46660254,99.57
"shrivel",24,46660278,99.57
"sidecar",24,46660302,99.57
"similes",24,46660326,99.57
"sinkholes",24,46660350,99.57
"skylark",24,46660374,99.57
"skylines",24,46660398,99.57
"slammer",24,46660422,99.57
"slaved",24,46660446,99.57
"slobbering",24,46660470,99.57
"slouchy",24,46660494,99.57
"slovenian",24,46660518,99.57
"slowdowns",24,46660542,99.57
"spatulas",24,46660566,99.57
"speedometer",24,46660590,99.57
"spicing",24,46660614,99.57
"squadrons",24,46660638,99.57
"squashing",24,46660662,99.57
"stairwells",24,46660686,99.57
"startles",24,46660710,99.57
"stashing",24,46660734,99.57
"stengel",24,46660758,99.57
"stepbrothers",24,46660782,99.57
"sterility",24,46660806,99.57
"stickiness",24,46660830,99.57
"stoically",24,46660854,99.57
"studiously",24,46660878,99.57
"sty",24,46660902,99.57
"subatomic",24,46660926,99.58
"subjugated",24,46660950,99.58
"suppers",24,46660974,99.58
"surfeit",24,46660998,99.58
"switchblade",24,46661022,99.58
"sycamores",24,46661046,99.58
"tabulated",24,46661070,99.58
"tattling",24,46661094,99.58
"tenancy",24,46661118,99.58
"terran",24,46661142,99.58
"testable",24,46661166,99.58
"thebes",24,46661190,99.58
"theocratic",24,46661214,99.58
"thinness",24,46661238,99.58
"throbbed",24,46661262,99.58
"thurmond",24,46661286,99.58
"timex",24,46661310,99.58
"toddle",24,46661334,99.58
"torching",24,46661358,99.58
"torments",24,46661382,99.58
"torsos",24,46661406,99.58
"towpath",24,46661430,99.58
"transference",24,46661454,99.58
"transients",24,46661478,99.58
"tuckered",24,46661502,99.58
"tunneling",24,46661526,99.58
"twosome",24,46661550,99.58
"typifies",24,46661574,99.58
"udder",24,46661598,99.58
"uncertainly",24,46661622,99.58
"underestimates",24,46661646,99.58
"ungovernable",24,46661670,99.58
"unloads",24,46661694,99.58
"unwillingly",24,46661718,99.58
"uppercut",24,46661742,99.58
"usurping",24,46661766,99.58
"visualized",24,46661790,99.58
"vuvuzela",24,46661814,99.58
"wallflowers",24,46661838,99.58
"warlocks",24,46661862,99.58
"warthog",24,46661886,99.58
"washout",24,46661910,99.58
"wayfarers",24,46661934,99.58
"whacks",24,46661958,99.58
"whetstone",24,46661982,99.58
"whig",24,46662006,99.58
"whitehorse",24,46662030,99.58
"whooshing",24,46662054,99.58
"wrangled",24,46662078,99.58
"wreckers",24,46662102,99.58
"xhosa",24,46662126,99.58
"yunnan",24,46662150,99.58
"zinnia",24,46662174,99.58
"abnegation",23,46662197,99.58
"accentuating",23,46662220,99.58
"accountancy",23,46662243,99.58
"acheson",23,46662266,99.58
"acoustically",23,46662289,99.58
"actuaries",23,46662312,99.58
"admonishment",23,46662335,99.58
"afflicts",23,46662358,99.58
"afghani",23,46662381,99.58
"agitators",23,46662404,99.58
"agnostics",23,46662427,99.58
"amortization",23,46662450,99.58
"amphetamines",23,46662473,99.58
"antietam",23,46662496,99.58
"antihero",23,46662519,99.58
"appomattox",23,46662542,99.58
"argumentation",23,46662565,99.58
"augmenting",23,46662588,99.58
"auras",23,46662611,99.58
"avalanches",23,46662634,99.58
"awakenings",23,46662657,99.58
"balks",23,46662680,99.58
"bantamweight",23,46662703,99.58
"barefooted",23,46662726,99.58
"barging",23,46662749,99.58
"barnacles",23,46662772,99.58
"batsmen",23,46662795,99.58
"baudelaire",23,46662818,99.58
"beauvoir",23,46662841,99.58
"befallen",23,46662864,99.58
"behoove",23,46662887,99.58
"behooves",23,46662910,99.58
"beretta",23,46662933,99.58
"biochemical",23,46662956,99.58
"biofeedback",23,46662979,99.58
"birdseed",23,46663002,99.58
"birthers",23,46663025,99.58
"blackmailed",23,46663048,99.58
"blackmailing",23,46663071,99.58
"blare",23,46663094,99.58
"blenheim",23,46663117,99.58
"blessedly",23,46663140,99.58
"blitzes",23,46663163,99.58
"boater",23,46663186,99.58
"bookies",23,46663209,99.58
"bootleggers",23,46663232,99.58
"bostonian",23,46663255,99.58
"brampton",23,46663278,99.58
"breeches",23,46663301,99.58
"breezing",23,46663324,99.58
"bridgette",23,46663347,99.58
"brunei",23,46663370,99.58
"bryon",23,46663393,99.58
"bulldozing",23,46663416,99.58
"buntings",23,46663439,99.58
"buttonhole",23,46663462,99.58
"buzzkill",23,46663485,99.58
"cabling",23,46663508,99.58
"caledonia",23,46663531,99.58
"caliphate",23,46663554,99.58
"calisthenics",23,46663577,99.58
"callings",23,46663600,99.58
"camembert",23,46663623,99.58
"caromed",23,46663646,99.58
"cashback",23,46663669,99.58
"cashes",23,46663692,99.58
"caspian",23,46663715,99.58
"centralization",23,46663738,99.58
"centrifugal",23,46663761,99.58
"centrists",23,46663784,99.58
"chattered",23,46663807,99.58
"chauffeured",23,46663830,99.58
"chevrons",23,46663853,99.58
"chichi",23,46663876,99.58
"chummy",23,46663899,99.58
"churlish",23,46663922,99.58
"clarice",23,46663945,99.58
"coffeehouses",23,46663968,99.58
"coherently",23,46663991,99.58
"colluding",23,46664014,99.58
"commandeer",23,46664037,99.58
"commoner",23,46664060,99.58
"communing",23,46664083,99.58
"comparably",23,46664106,99.58
"conifers",23,46664129,99.58
"consolidations",23,46664152,99.58
"consort",23,46664175,99.58
"constraining",23,46664198,99.58
"consumable",23,46664221,99.58
"cornering",23,46664244,99.58
"corporeal",23,46664267,99.58
"cowered",23,46664290,99.58
"cpo",23,46664313,99.58
"craning",23,46664336,99.58
"cricketer",23,46664359,99.58
"crier",23,46664382,99.58
"cringes",23,46664405,99.58
"crinkled",23,46664428,99.58
"crossroad",23,46664451,99.58
"crotchety",23,46664474,99.58
"curtained",23,46664497,99.58
"deceleration",23,46664520,99.58
"decries",23,46664543,99.58
"deflects",23,46664566,99.58
"deforest",23,46664589,99.58
"deleterious",23,46664612,99.58
"demigods",23,46664635,99.58
"demographers",23,46664658,99.58
"demolitions",23,46664681,99.58
"denunciation",23,46664704,99.58
"deserting",23,46664727,99.58
"desperado",23,46664750,99.58
"despotic",23,46664773,99.58
"devolves",23,46664796,99.58
"digressions",23,46664819,99.58
"disbelieving",23,46664842,99.58
"dissipating",23,46664865,99.58
"dissuaded",23,46664888,99.58
"distrustful",23,46664911,99.58
"dollies",23,46664934,99.58
"domestication",23,46664957,99.58
"doorknobs",23,46664980,99.58
"dosages",23,46665003,99.58
"dosed",23,46665026,99.58
"drench",23,46665049,99.58
"drugging",23,46665072,99.58
"edicts",23,46665095,99.58
"educationally",23,46665118,99.58
"efficacious",23,46665141,99.58
"egotism",23,46665164,99.58
"elohim",23,46665187,99.58
"emanate",23,46665210,99.58
"engagingly",23,46665233,99.58
"enjoined",23,46665256,99.58
"entomology",23,46665279,99.58
"enumerate",23,46665302,99.58
"ephraim",23,46665325,99.58
"equalizing",23,46665348,99.58
"equanimity",23,46665371,99.58
"eurasian",23,46665394,99.58
"excised",23,46665417,99.58
"existentialist",23,46665440,99.58
"expressionless",23,46665463,99.58
"extolled",23,46665486,99.58
"eyeglass",23,46665509,99.58
"fairground",23,46665532,99.58
"farsi",23,46665555,99.58
"fawns",23,46665578,99.58
"fetid",23,46665601,99.59
"flaccid",23,46665624,99.59
"fleshly",23,46665647,99.59
"flout",23,46665670,99.59
"flunk",23,46665693,99.59
"foolery",23,46665716,99.59
"foosball",23,46665739,99.59
"forerunners",23,46665762,99.59
"foresees",23,46665785,99.59
"fortifying",23,46665808,99.59
"fortresses",23,46665831,99.59
"freeloader",23,46665854,99.59
"fulls",23,46665877,99.59
"gainfully",23,46665900,99.59
"gasses",23,46665923,99.59
"gawain",23,46665946,99.59
"gazillions",23,46665969,99.59
"germane",23,46665992,99.59
"giddiness",23,46666015,99.59
"gigolo",23,46666038,99.59
"glassed",23,46666061,99.59
"goering",23,46666084,99.59
"gooseberries",23,46666107,99.59
"gorged",23,46666130,99.59
"gossipy",23,46666153,99.59
"gusher",23,46666176,99.59
"guzzle",23,46666199,99.59
"gwyn",23,46666222,99.59
"hairdos",23,46666245,99.59
"hardbacks",23,46666268,99.59
"harks",23,46666291,99.59
"harmonization",23,46666314,99.59
"hatchbacks",23,46666337,99.59
"headroom",23,46666360,99.59
"herbivore",23,46666383,99.59
"herzegovina",23,46666406,99.59
"hessian",23,46666429,99.59
"hexagonal",23,46666452,99.59
"hmong",23,46666475,99.59
"holing",23,46666498,99.59
"homages",23,46666521,99.59
"hooey",23,46666544,99.59
"horsemanship",23,46666567,99.59
"hothouse",23,46666590,99.59
"humbles",23,46666613,99.59
"humiliations",23,46666636,99.59
"hydroponic",23,46666659,99.59
"iambic",23,46666682,99.59
"ied",23,46666705,99.59
"immensity",23,46666728,99.59
"impedes",23,46666751,99.59
"imperceptible",23,46666774,99.59
"imperials",23,46666797,99.59
"impertinent",23,46666820,99.59
"implantation",23,46666843,99.59
"implanting",23,46666866,99.59
"imprudent",23,46666889,99.59
"incongruity",23,46666912,99.59
"informers",23,46666935,99.59
"ingratiate",23,46666958,99.59
"initiations",23,46666981,99.59
"interrelated",23,46667004,99.59
"introversion",23,46667027,99.59
"inundation",23,46667050,99.59
"inveterate",23,46667073,99.59
"ironwork",23,46667096,99.59
"irritants",23,46667119,99.59
"jackals",23,46667142,99.59
"jackpots",23,46667165,99.59
"jerrod",23,46667188,99.59
"jewishness",23,46667211,99.59
"joyride",23,46667234,99.59
"junctions",23,46667257,99.59
"junker",23,46667280,99.59
"kitchenette",23,46667303,99.59
"knifed",23,46667326,99.59
"knighthood",23,46667349,99.59
"larks",23,46667372,99.59
"latches",23,46667395,99.59
"laterally",23,46667418,99.59
"laxatives",23,46667441,99.59
"leathers",23,46667464,99.59
"legalism",23,46667487,99.59
"leticia",23,46667510,99.59
"leverages",23,46667533,99.59
"lightheaded",23,46667556,99.59
"lisle",23,46667579,99.59
"listerine",23,46667602,99.59
"longitude",23,46667625,99.59
"loofah",23,46667648,99.59
"lope",23,46667671,99.59
"lordship",23,46667694,99.59
"lovelier",23,46667717,99.59
"lucidity",23,46667740,99.59
"luminosity",23,46667763,99.59
"lupine",23,46667786,99.59
"lurkers",23,46667809,99.59
"machetes",23,46667832,99.59
"malacca",23,46667855,99.59
"manatees",23,46667878,99.59
"mange",23,46667901,99.59
"manse",23,46667924,99.59
"maracas",23,46667947,99.59
"marimba",23,46667970,99.59
"massing",23,46667993,99.59
"mediating",23,46668016,99.59
"merest",23,46668039,99.59
"mete",23,46668062,99.59
"milfs",23,46668085,99.59
"milliseconds",23,46668108,99.59
"mimicry",23,46668131,99.59
"mindfully",23,46668154,99.59
"minibus",23,46668177,99.59
"misanthropic",23,46668200,99.59
"misfires",23,46668223,99.59
"misidentified",23,46668246,99.59
"moats",23,46668269,99.59
"modifies",23,46668292,99.59
"moisturized",23,46668315,99.59
"moneymaker",23,46668338,99.59
"monotheism",23,46668361,99.59
"moos",23,46668384,99.59
"mortars",23,46668407,99.59
"mounded",23,46668430,99.59
"mouthfuls",23,46668453,99.59
"mudslide",23,46668476,99.59
"musculature",23,46668499,99.59
"neoclassical",23,46668522,99.59
"nepali",23,46668545,99.59
"nightshade",23,46668568,99.59
"numerology",23,46668591,99.59
"octaves",23,46668614,99.59
"odder",23,46668637,99.59
"oder",23,46668660,99.59
"odorless",23,46668683,99.59
"oilfield",23,46668706,99.59
"osvaldo",23,46668729,99.59
"outran",23,46668752,99.59
"outshines",23,46668775,99.59
"outstripped",23,46668798,99.59
"overage",23,46668821,99.59
"overcooking",23,46668844,99.59
"overspend",23,46668867,99.59
"overtaxed",23,46668890,99.59
"oxides",23,46668913,99.59
"paintbrushes",23,46668936,99.59
"pantsuit",23,46668959,99.59
"papery",23,46668982,99.59
"paps",23,46669005,99.59
"parsed",23,46669028,99.59
"pavarotti",23,46669051,99.59
"pecks",23,46669074,99.59
"peekaboo",23,46669097,99.59
"penalizes",23,46669120,99.59
"penmanship",23,46669143,99.59
"percolate",23,46669166,99.59
"petered",23,46669189,99.59
"pettiness",23,46669212,99.59
"phaedra",23,46669235,99.59
"pharaohs",23,46669258,99.59
"phlegm",23,46669281,99.59
"photocopier",23,46669304,99.59
"photojournalists",23,46669327,99.59
"pickets",23,46669350,99.59
"picnicking",23,46669373,99.59
"pilings",23,46669396,99.59
"playbill",23,46669419,99.59
"pleat",23,46669442,99.59
"predate",23,46669465,99.59
"predestination",23,46669488,99.59
"preordained",23,46669511,99.59
"prerecorded",23,46669534,99.59
"pretentiousness",23,46669557,99.59
"princely",23,46669580,99.59
"principalities",23,46669603,99.59
"privet",23,46669626,99.59
"probationers",23,46669649,99.59
"prong",23,46669672,99.59
"proscribed",23,46669695,99.59
"proselytize",23,46669718,99.59
"pterodactyl",23,46669741,99.59
"publicans",23,46669764,99.59
"publishable",23,46669787,99.59
"pulverized",23,46669810,99.59
"purifier",23,46669833,99.59
"quaff",23,46669856,99.59
"raffled",23,46669879,99.59
"ravines",23,46669902,99.59
"reappearing",23,46669925,99.59
"reaps",23,46669948,99.59
"reconvened",23,46669971,99.59
"recumbent",23,46669994,99.59
"redefinition",23,46670017,99.59
"refines",23,46670040,99.59
"reflectors",23,46670063,99.59
"refracted",23,46670086,99.59
"refusals",23,46670109,99.59
"refutes",23,46670132,99.59
"regurgitate",23,46670155,99.59
"rehashed",23,46670178,99.59
"reinvested",23,46670201,99.59
"repackaging",23,46670224,99.59
"repelling",23,46670247,99.59
"repetitious",23,46670270,99.59
"reprimands",23,46670293,99.6
"republicanism",23,46670316,99.6
"resoundingly",23,46670339,99.6
"rho",23,46670362,99.6
"rivulets",23,46670385,99.6
"rodeos",23,46670408,99.6
"romper",23,46670431,99.6
"ronda",23,46670454,99.6
"rubbers",23,46670477,99.6
"sadr",23,46670500,99.6
"salamanders",23,46670523,99.6
"samara",23,46670546,99.6
"saris",23,46670569,99.6
"saviors",23,46670592,99.6
"schmucks",23,46670615,99.6
"scrounged",23,46670638,99.6
"seducer",23,46670661,99.6
"semicolon",23,46670684,99.6
"settee",23,46670707,99.6
"shallower",23,46670730,99.6
"shimmered",23,46670753,99.6
"shires",23,46670776,99.6
"shooed",23,46670799,99.6
"shuns",23,46670822,99.6
"sideboard",23,46670845,99.6
"sidestepping",23,46670868,99.6
"sixpence",23,46670891,99.6
"sizzled",23,46670914,99.6
"skeptically",23,46670937,99.6
"skulking",23,46670960,99.6
"sleuths",23,46670983,99.6
"slinking",23,46671006,99.6
"slipcover",23,46671029,99.6
"slippage",23,46671052,99.6
"slithered",23,46671075,99.6
"sloshed",23,46671098,99.6
"sloshing",23,46671121,99.6
"smithson",23,46671144,99.6
"smokestacks",23,46671167,99.6
"socials",23,46671190,99.6
"sounder",23,46671213,99.6
"spidery",23,46671236,99.6
"spindles",23,46671259,99.6
"spritzed",23,46671282,99.6
"spruced",23,46671305,99.6
"squashes",23,46671328,99.6
"stabler",23,46671351,99.6
"starker",23,46671374,99.6
"stateroom",23,46671397,99.6
"staubach",23,46671420,99.6
"staves",23,46671443,99.6
"stiffening",23,46671466,99.6
"stirrup",23,46671489,99.6
"strum",23,46671512,99.6
"stutters",23,46671535,99.6
"sulked",23,46671558,99.6
"surfs",23,46671581,99.6
"sweepers",23,46671604,99.6
"sweetish",23,46671627,99.6
"swiveling",23,46671650,99.6
"syncopated",23,46671673,99.6
"synopses",23,46671696,99.6
"tailgates",23,46671719,99.6
"talc",23,46671742,99.6
"tanisha",23,46671765,99.6
"telegrams",23,46671788,99.6
"telegraphed",23,46671811,99.6
"tenses",23,46671834,99.6
"thanksgivings",23,46671857,99.6
"throttling",23,46671880,99.6
"thunderbolts",23,46671903,99.6
"titillation",23,46671926,99.6
"toddled",23,46671949,99.6
"toke",23,46671972,99.6
"toothsome",23,46671995,99.6
"townsfolk",23,46672018,99.6
"tranquilizers",23,46672041,99.6
"transience",23,46672064,99.6
"transposed",23,46672087,99.6
"transsexuals",23,46672110,99.6
"treasonous",23,46672133,99.6
"trickiest",23,46672156,99.6
"trieste",23,46672179,99.6
"tunis",23,46672202,99.6
"turbans",23,46672225,99.6
"turnstiles",23,46672248,99.6
"turpin",23,46672271,99.6
"tva",23,46672294,99.6
"unanswerable",23,46672317,99.6
"unblocked",23,46672340,99.6
"unclassified",23,46672363,99.6
"underpass",23,46672386,99.6
"undershirt",23,46672409,99.6
"understate",23,46672432,99.6
"understating",23,46672455,99.6
"unemployable",23,46672478,99.6
"unlikeliest",23,46672501,99.6
"unmade",23,46672524,99.6
"unmasked",23,46672547,99.6
"unpatriotic",23,46672570,99.6
"unremitting",23,46672593,99.6
"unsportsmanlike",23,46672616,99.6
"unsubscribing",23,46672639,99.6
"upending",23,46672662,99.6
"uruguayan",23,46672685,99.6
"valkyrie",23,46672708,99.6
"vandal",23,46672731,99.6
"veined",23,46672754,99.6
"veneration",23,46672777,99.6
"virility",23,46672800,99.6
"wades",23,46672823,99.6
"wantonly",23,46672846,99.6
"waterbury",23,46672869,99.6
"wearily",23,46672892,99.6
"wedgwood",23,46672915,99.6
"whereof",23,46672938,99.6
"whimpered",23,46672961,99.6
"whirls",23,46672984,99.6
"windfalls",23,46673007,99.6
"wizened",23,46673030,99.6
"workstations",23,46673053,99.6
"wrongness",23,46673076,99.6
"yeahs",23,46673099,99.6
"zhivago",23,46673122,99.6
"zoological",23,46673145,99.6
"abduct",22,46673167,99.6
"abhors",22,46673189,99.6
"absently",22,46673211,99.6
"abstentions",22,46673233,99.6
"abutting",22,46673255,99.6
"accruing",22,46673277,99.6
"acetic",22,46673299,99.6
"adherent",22,46673321,99.6
"aeronautical",22,46673343,99.6
"afflict",22,46673365,99.6
"aggregates",22,46673387,99.6
"alleviates",22,46673409,99.6
"alliterative",22,46673431,99.6
"alphabets",22,46673453,99.6
"alsatian",22,46673475,99.6
"ambiguities",22,46673497,99.6
"ameliorate",22,46673519,99.6
"amplifiers",22,46673541,99.6
"annihilating",22,46673563,99.6
"antagonize",22,46673585,99.6
"aphasia",22,46673607,99.6
"apostate",22,46673629,99.6
"applicability",22,46673651,99.6
"appreciable",22,46673673,99.6
"appreciably",22,46673695,99.6
"arafat",22,46673717,99.6
"argosy",22,46673739,99.6
"arrogantly",22,46673761,99.6
"astride",22,46673783,99.6
"atheistic",22,46673805,99.6
"atoning",22,46673827,99.6
"attains",22,46673849,99.6
"audiovisual",22,46673871,99.6
"aught",22,46673893,99.6
"austerlitz",22,46673915,99.6
"backfires",22,46673937,99.6
"backstories",22,46673959,99.6
"balking",22,46673981,99.6
"ballyhoo",22,46674003,99.6
"banjos",22,46674025,99.6
"beatitudes",22,46674047,99.6
"beefsteak",22,46674069,99.6
"bellicose",22,46674091,99.6
"bestowing",22,46674113,99.6
"bettie",22,46674135,99.6
"bibliophile",22,46674157,99.6
"billionth",22,46674179,99.6
"blacken",22,46674201,99.6
"bleating",22,46674223,99.6
"blips",22,46674245,99.6
"blocs",22,46674267,99.6
"blurts",22,46674289,99.6
"boggle",22,46674311,99.6
"bossed",22,46674333,99.6
"bouffant",22,46674355,99.6
"brooder",22,46674377,99.6
"bullfrog",22,46674399,99.6
"burro",22,46674421,99.6
"buttressed",22,46674443,99.6
"cabby",22,46674465,99.6
"cajoling",22,46674487,99.6
"calluses",22,46674509,99.6
"calvinists",22,46674531,99.6
"cataloger",22,46674553,99.6
"catheters",22,46674575,99.6
"caw",22,46674597,99.6
"centaurs",22,46674619,99.6
"centrifuges",22,46674641,99.6
"cheapened",22,46674663,99.6
"cheapskate",22,46674685,99.6
"chessboard",22,46674707,99.6
"circumscribed",22,46674729,99.6
"circumvented",22,46674751,99.6
"clattering",22,46674773,99.6
"clothespins",22,46674795,99.6
"clumping",22,46674817,99.6
"coarser",22,46674839,99.6
"cobblers",22,46674861,99.6
"cobblestones",22,46674883,99.6
"codfish",22,46674905,99.6
"coercing",22,46674927,99.6
"cohabitation",22,46674949,99.6
"commemorations",22,46674971,99.61
"compartmentalize",22,46674993,99.61
"compensates",22,46675015,99.61
"comprehended",22,46675037,99.61
"concessionaire",22,46675059,99.61
"concorde",22,46675081,99.61
"conical",22,46675103,99.61
"connemara",22,46675125,99.61
"consign",22,46675147,99.61
"consigning",22,46675169,99.61
"conspiratorial",22,46675191,99.61
"constructors",22,46675213,99.61
"conversant",22,46675235,99.61
"conversed",22,46675257,99.61
"copulation",22,46675279,99.61
"copywriters",22,46675301,99.61
"crackpot",22,46675323,99.61
"crape",22,46675345,99.61
"croaked",22,46675367,99.61
"crossbows",22,46675389,99.61
"cutoffs",22,46675411,99.61
"czars",22,46675433,99.61
"dakar",22,46675455,99.61
"damnedest",22,46675477,99.61
"daren",22,46675499,99.61
"dds",22,46675521,99.61
"deceiver",22,46675543,99.61
"defamed",22,46675565,99.61
"defers",22,46675587,99.61
"deflates",22,46675609,99.61
"degrades",22,46675631,99.61
"dehydrating",22,46675653,99.61
"denounces",22,46675675,99.61
"deprives",22,46675697,99.61
"deregulate",22,46675719,99.61
"despondency",22,46675741,99.61
"deviance",22,46675763,99.61
"diocletian",22,46675785,99.61
"diogenes",22,46675807,99.61
"disaffection",22,46675829,99.61
"disavowed",22,46675851,99.61
"discontinuing",22,46675873,99.61
"discursive",22,46675895,99.61
"dispels",22,46675917,99.61
"dispersion",22,46675939,99.61
"dispirited",22,46675961,99.61
"disquieting",22,46675983,99.61
"distrusted",22,46676005,99.61
"dithering",22,46676027,99.61
"draperies",22,46676049,99.61
"drawls",22,46676071,99.61
"dumpy",22,46676093,99.61
"dunning",22,46676115,99.61
"dusts",22,46676137,99.61
"dutchmen",22,46676159,99.61
"eavesdropped",22,46676181,99.61
"ebbing",22,46676203,99.61
"elam",22,46676225,99.61
"electrification",22,46676247,99.61
"elysium",22,46676269,99.61
"embroidering",22,46676291,99.61
"empirically",22,46676313,99.61
"encircle",22,46676335,99.61
"encumbered",22,46676357,99.61
"engravings",22,46676379,99.61
"erudition",22,46676401,99.61
"etymological",22,46676423,99.61
"eugenie",22,46676445,99.61
"eunuch",22,46676467,99.61
"ewes",22,46676489,99.61
"exclamations",22,46676511,99.61
"excusable",22,46676533,99.61
"exonerate",22,46676555,99.61
"exorcised",22,46676577,99.61
"expounding",22,46676599,99.61
"extractor",22,46676621,99.61
"fallowing",22,46676643,99.61
"farewells",22,46676665,99.61
"fetter",22,46676687,99.61
"flasks",22,46676709,99.61
"flatters",22,46676731,99.61
"flirtations",22,46676753,99.61
"footpaths",22,46676775,99.61
"foresters",22,46676797,99.61
"fountainhead",22,46676819,99.61
"freeloaders",22,46676841,99.61
"freewill",22,46676863,99.61
"freighters",22,46676885,99.61
"furtively",22,46676907,99.61
"gallic",22,46676929,99.61
"gangrene",22,46676951,99.61
"geographer",22,46676973,99.61
"girlhood",22,46676995,99.61
"glaswegian",22,46677017,99.61
"glistens",22,46677039,99.61
"glyph",22,46677061,99.61
"goalposts",22,46677083,99.61
"golda",22,46677105,99.61
"golfed",22,46677127,99.61
"gratuitously",22,46677149,99.61
"gravestones",22,46677171,99.61
"grievously",22,46677193,99.61
"gymnastic",22,46677215,99.61
"harbingers",22,46677237,99.61
"harte",22,46677259,99.61
"harvesters",22,46677281,99.61
"haunches",22,46677303,99.61
"havarti",22,46677325,99.61
"hefted",22,46677347,99.61
"heidegger",22,46677369,99.61
"heists",22,46677391,99.61
"hemorrhoids",22,46677413,99.61
"highwayman",22,46677435,99.61
"hinterlands",22,46677457,99.61
"hobgoblin",22,46677479,99.61
"homed",22,46677501,99.61
"homilies",22,46677523,99.61
"horseplay",22,46677545,99.61
"humdinger",22,46677567,99.61
"hus",22,46677589,99.61
"hutu",22,46677611,99.61
"hyperlink",22,46677633,99.61
"identifiers",22,46677655,99.61
"immigrate",22,46677677,99.61
"impartially",22,46677699,99.61
"impregnate",22,46677721,99.61
"impurity",22,46677743,99.61
"inauspicious",22,46677765,99.61
"incantation",22,46677787,99.61
"incubating",22,46677809,99.61
"inferential",22,46677831,99.61
"insoluble",22,46677853,99.61
"inspects",22,46677875,99.61
"interlock",22,46677897,99.61
"intersected",22,46677919,99.61
"isthmus",22,46677941,99.61
"jitterbug",22,46677963,99.61
"jointed",22,46677985,99.61
"jolting",22,46678007,99.61
"josephson",22,46678029,99.61
"joyless",22,46678051,99.61
"justinian",22,46678073,99.61
"kaleidoscopic",22,46678095,99.61
"kestrel",22,46678117,99.61
"keystrokes",22,46678139,99.61
"khomeini",22,46678161,99.61
"kringle",22,46678183,99.61
"lacuna",22,46678205,99.61
"lamentations",22,46678227,99.61
"lamppost",22,46678249,99.61
"leafless",22,46678271,99.61
"leaved",22,46678293,99.61
"lecithin",22,46678315,99.61
"legalistic",22,46678337,99.61
"legless",22,46678359,99.61
"lengthier",22,46678381,99.61
"liston",22,46678403,99.61
"liveliness",22,46678425,99.61
"logins",22,46678447,99.61
"loonies",22,46678469,99.61
"lumberjacks",22,46678491,99.61
"luncheonette",22,46678513,99.61
"luncheons",22,46678535,99.61
"luzon",22,46678557,99.61
"lyre",22,46678579,99.61
"macao",22,46678601,99.61
"malinda",22,46678623,99.61
"manchurian",22,46678645,99.61
"mangroves",22,46678667,99.61
"manifestos",22,46678689,99.61
"manuela",22,46678711,99.61
"markdown",22,46678733,99.61
"masseur",22,46678755,99.61
"matadors",22,46678777,99.61
"maybes",22,46678799,99.61
"meekness",22,46678821,99.61
"melchizedek",22,46678843,99.61
"metabolize",22,46678865,99.61
"mien",22,46678887,99.61
"miniskirt",22,46678909,99.61
"minstrels",22,46678931,99.61
"misunderstands",22,46678953,99.61
"monetizing",22,46678975,99.61
"mongol",22,46678997,99.61
"monograms",22,46679019,99.61
"mope",22,46679041,99.61
"moravian",22,46679063,99.61
"mucous",22,46679085,99.61
"mushrooming",22,46679107,99.61
"narragansett",22,46679129,99.61
"necktie",22,46679151,99.61
"nervy",22,46679173,99.61
"nitpick",22,46679195,99.61
"nome",22,46679217,99.61
"nonresidents",22,46679239,99.61
"nosing",22,46679261,99.61
"obstructions",22,46679283,99.61
"offshoring",22,46679305,99.61
"operationally",22,46679327,99.61
"otoh",22,46679349,99.61
"outplaying",22,46679371,99.61
"outrigger",22,46679393,99.61
"outstandingly",22,46679415,99.61
"overdrafts",22,46679437,99.61
"overgrowth",22,46679459,99.61
"overnights",22,46679481,99.61
"painlessly",22,46679503,99.61
"palimpsest",22,46679525,99.61
"palmyra",22,46679547,99.61
"parakeet",22,46679569,99.61
"paramour",22,46679591,99.61
"paraplegic",22,46679613,99.61
"parfaits",22,46679635,99.61
"parkways",22,46679657,99.62
"parodied",22,46679679,99.62
"pavlova",22,46679701,99.62
"pawing",22,46679723,99.62
"pecked",22,46679745,99.62
"pedestals",22,46679767,99.62
"perishables",22,46679789,99.62
"philosophic",22,46679811,99.62
"picante",22,46679833,99.62
"pilfering",22,46679855,99.62
"pincushion",22,46679877,99.62
"pinged",22,46679899,99.62
"pinker",22,46679921,99.62
"pinpointing",22,46679943,99.62
"plexiglas",22,46679965,99.62
"ploys",22,46679987,99.62
"plutocracy",22,46680009,99.62
"polygamous",22,46680031,99.62
"polyphonic",22,46680053,99.62
"positional",22,46680075,99.62
"predicaments",22,46680097,99.62
"prefectures",22,46680119,99.62
"prepayment",22,46680141,99.62
"presuppositions",22,46680163,99.62
"priestley",22,46680185,99.62
"profundity",22,46680207,99.62
"profuse",22,46680229,99.62
"promissory",22,46680251,99.62
"propagandists",22,46680273,99.62
"prospectors",22,46680295,99.62
"prostrate",22,46680317,99.62
"protectorate",22,46680339,99.62
"proteus",22,46680361,99.62
"prow",22,46680383,99.62
"quaking",22,46680405,99.62
"quelled",22,46680427,99.62
"raindrop",22,46680449,99.62
"randoms",22,46680471,99.62
"readjusted",22,46680493,99.62
"reasonableness",22,46680515,99.62
"reassessed",22,46680537,99.62
"rebuking",22,46680559,99.62
"reformat",22,46680581,99.62
"reformulated",22,46680603,99.62
"refrains",22,46680625,99.62
"regenerating",22,46680647,99.62
"regurgitation",22,46680669,99.62
"rehiring",22,46680691,99.62
"remarriage",22,46680713,99.62
"remedying",22,46680735,99.62
"reminiscence",22,46680757,99.62
"remittances",22,46680779,99.62
"remoteness",22,46680801,99.62
"repels",22,46680823,99.62
"reputedly",22,46680845,99.62
"reshuffle",22,46680867,99.62
"resins",22,46680889,99.62
"restorations",22,46680911,99.62
"resurfaces",22,46680933,99.62
"retaking",22,46680955,99.62
"retardants",22,46680977,99.62
"revaluation",22,46680999,99.62
"reverberates",22,46681021,99.62
"rifleman",22,46681043,99.62
"riven",22,46681065,99.62
"roadrunners",22,46681087,99.62
"roddenberry",22,46681109,99.62
"romanesque",22,46681131,99.62
"ruefully",22,46681153,99.62
"rustled",22,46681175,99.62
"rutted",22,46681197,99.62
"sachets",22,46681219,99.62
"sacrosanct",22,46681241,99.62
"sadist",22,46681263,99.62
"safaris",22,46681285,99.62
"sagebrush",22,46681307,99.62
"saleswoman",22,46681329,99.62
"salinity",22,46681351,99.62
"salvageable",22,46681373,99.62
"sanctify",22,46681395,99.62
"sarcoma",22,46681417,99.62
"sarcophagus",22,46681439,99.62
"sarong",22,46681461,99.62
"saroyan",22,46681483,99.62
"satirist",22,46681505,99.62
"scabies",22,46681527,99.62
"scad",22,46681549,99.62
"scandalized",22,46681571,99.62
"scherzo",22,46681593,99.62
"schmaltzy",22,46681615,99.62
"scoped",22,46681637,99.62
"scoreboards",22,46681659,99.62
"scrounging",22,46681681,99.62
"scuffles",22,46681703,99.62
"sedition",22,46681725,99.62
"serenades",22,46681747,99.62
"serenely",22,46681769,99.62
"shallowness",22,46681791,99.62
"shropshire",22,46681813,99.62
"shunted",22,46681835,99.62
"sidebars",22,46681857,99.62
"sideswiped",22,46681879,99.62
"skiff",22,46681901,99.62
"skyrockets",22,46681923,99.62
"slimmest",22,46681945,99.62
"slink",22,46681967,99.62
"slouched",22,46681989,99.62
"snippy",22,46682011,99.62
"sodding",22,46682033,99.62
"soloing",22,46682055,99.62
"sower",22,46682077,99.62
"spearing",22,46682099,99.62
"speeder",22,46682121,99.62
"spoofed",22,46682143,99.62
"squishing",22,46682165,99.62
"staggers",22,46682187,99.62
"starlets",22,46682209,99.62
"statuary",22,46682231,99.62
"statuesque",22,46682253,99.62
"storeroom",22,46682275,99.62
"striptease",22,46682297,99.62
"stromboli",22,46682319,99.62
"studly",22,46682341,99.62
"subdivided",22,46682363,99.62
"subordination",22,46682385,99.62
"subverting",22,46682407,99.62
"superseded",22,46682429,99.62
"svn",22,46682451,99.62
"sympathized",22,46682473,99.62
"sympathizer",22,46682495,99.62
"tailing",22,46682517,99.62
"tamra",22,46682539,99.62
"tarry",22,46682561,99.62
"telegraphs",22,46682583,99.62
"terkel",22,46682605,99.62
"terminations",22,46682627,99.62
"thanh",22,46682649,99.62
"tibia",22,46682671,99.62
"tiling",22,46682693,99.62
"timon",22,46682715,99.62
"tiptoes",22,46682737,99.62
"toddling",22,46682759,99.62
"tolled",22,46682781,99.62
"totems",22,46682803,99.62
"toupee",22,46682825,99.62
"tracheotomy",22,46682847,99.62
"traverses",22,46682869,99.62
"trespassers",22,46682891,99.62
"trigonometry",22,46682913,99.62
"trowel",22,46682935,99.62
"tuscon",22,46682957,99.62
"tussled",22,46682979,99.62
"typist",22,46683001,99.62
"unabridged",22,46683023,99.62
"uneaten",22,46683045,99.62
"unquote",22,46683067,99.62
"unripe",22,46683089,99.62
"unsubscribed",22,46683111,99.62
"untried",22,46683133,99.62
"ursa",22,46683155,99.62
"usefully",22,46683177,99.62
"vagrants",22,46683199,99.62
"varnished",22,46683221,99.62
"vaulting",22,46683243,99.62
"veneers",22,46683265,99.62
"verifies",22,46683287,99.62
"vertebra",22,46683309,99.62
"villainy",22,46683331,99.62
"vindicate",22,46683353,99.62
"viscount",22,46683375,99.62
"volleys",22,46683397,99.62
"wardens",22,46683419,99.62
"warhorse",22,46683441,99.62
"waster",22,46683463,99.62
"watertight",22,46683485,99.62
"waylaid",22,46683507,99.62
"weakling",22,46683529,99.62
"whir",22,46683551,99.62
"wilford",22,46683573,99.62
"wilmer",22,46683595,99.62
"wisconsinites",22,46683617,99.62
"witticisms",22,46683639,99.62
"wolfed",22,46683661,99.62
"workaday",22,46683683,99.62
"wraith",22,46683705,99.62
"writhed",22,46683727,99.62
"yb",22,46683749,99.62
"yeas",22,46683771,99.62
"yelping",22,46683793,99.62
"yips",22,46683815,99.62
"zimbabweans",22,46683837,99.62
"zits",22,46683859,99.62
"abracadabra",21,46683880,99.62
"abrasion",21,46683901,99.62
"accelerators",21,46683922,99.62
"adornments",21,46683943,99.62
"affectation",21,46683964,99.62
"affinities",21,46683985,99.62
"aggrandizing",21,46684006,99.62
"aggregating",21,46684027,99.62
"agitator",21,46684048,99.62
"agni",21,46684069,99.62
"agra",21,46684090,99.62
"alternation",21,46684111,99.62
"althea",21,46684132,99.62
"amadeus",21,46684153,99.62
"anemones",21,46684174,99.62
"anglicans",21,46684195,99.62
"animates",21,46684216,99.62
"annmarie",21,46684237,99.62
"apace",21,46684258,99.62
"aphorism",21,46684279,99.62
"applicators",21,46684300,99.62
"apprenticed",21,46684321,99.62
"approvingly",21,46684342,99.63
"arbiters",21,46684363,99.63
"archways",21,46684384,99.63
"armaments",21,46684405,99.63
"armrests",21,46684426,99.63
"aspirants",21,46684447,99.63
"assimilating",21,46684468,99.63
"atoll",21,46684489,99.63
"atria",21,46684510,99.63
"attenuation",21,46684531,99.63
"authenticate",21,46684552,99.63
"avarice",21,46684573,99.63
"axing",21,46684594,99.63
"barbarous",21,46684615,99.63
"bate",21,46684636,99.63
"bathes",21,46684657,99.63
"bedazzle",21,46684678,99.63
"begonias",21,46684699,99.63
"berle",21,46684720,99.63
"bide",21,46684741,99.63
"binned",21,46684762,99.63
"biographers",21,46684783,99.63
"birches",21,46684804,99.63
"birthstone",21,46684825,99.63
"blandly",21,46684846,99.63
"blanketing",21,46684867,99.63
"blasters",21,46684888,99.63
"blintzes",21,46684909,99.63
"bluebell",21,46684930,99.63
"brahman",21,46684951,99.63
"brasilia",21,46684972,99.63
"brazos",21,46684993,99.63
"breakable",21,46685014,99.63
"bronzing",21,46685035,99.63
"brutes",21,46685056,99.63
"buffoons",21,46685077,99.63
"bugles",21,46685098,99.63
"bulges",21,46685119,99.63
"bulimic",21,46685140,99.63
"buoyancy",21,46685161,99.63
"busywork",21,46685182,99.63
"cacophonous",21,46685203,99.63
"cadences",21,46685224,99.63
"calibrate",21,46685245,99.63
"cannibalize",21,46685266,99.63
"captained",21,46685287,99.63
"caspar",21,46685308,99.63
"chauvinist",21,46685329,99.63
"cherishing",21,46685350,99.63
"cherubs",21,46685371,99.63
"cinders",21,46685392,99.63
"clambered",21,46685413,99.63
"climaxed",21,46685434,99.63
"clothier",21,46685455,99.63
"coalescing",21,46685476,99.63
"cocking",21,46685497,99.63
"coffeecake",21,46685518,99.63
"colluded",21,46685539,99.63
"colonizing",21,46685560,99.63
"comas",21,46685581,99.63
"commends",21,46685602,99.63
"compellingly",21,46685623,99.63
"complainants",21,46685644,99.63
"complainer",21,46685665,99.63
"compressors",21,46685686,99.63
"conductive",21,46685707,99.63
"conduits",21,46685728,99.63
"confusions",21,46685749,99.63
"consulates",21,46685770,99.63
"contributory",21,46685791,99.63
"cotes",21,46685812,99.63
"covets",21,46685833,99.63
"cradles",21,46685854,99.63
"cranium",21,46685875,99.63
"crewmen",21,46685896,99.63
"crocuses",21,46685917,99.63
"crosswords",21,46685938,99.63
"crumple",21,46685959,99.63
"cued",21,46685980,99.63
"curies",21,46686001,99.63
"dalmatian",21,46686022,99.63
"daredevils",21,46686043,99.63
"deformity",21,46686064,99.63
"defused",21,46686085,99.63
"derangement",21,46686106,99.63
"derivation",21,46686127,99.63
"desirous",21,46686148,99.63
"detracted",21,46686169,99.63
"digests",21,46686190,99.63
"dilate",21,46686211,99.63
"dilbert",21,46686232,99.63
"dims",21,46686253,99.63
"disallow",21,46686274,99.63
"disassemble",21,46686295,99.63
"discoverer",21,46686316,99.63
"dishcloth",21,46686337,99.63
"disquiet",21,46686358,99.63
"distemper",21,46686379,99.63
"distinctiveness",21,46686400,99.63
"diwali",21,46686421,99.63
"drams",21,46686442,99.63
"drifters",21,46686463,99.63
"dwindles",21,46686484,99.63
"dynastic",21,46686505,99.63
"dysentery",21,46686526,99.63
"earbud",21,46686547,99.63
"ecotourism",21,46686568,99.63
"ecstatically",21,46686589,99.63
"effaced",21,46686610,99.63
"effete",21,46686631,99.63
"effluent",21,46686652,99.63
"egalitarianism",21,46686673,99.63
"embeds",21,46686694,99.63
"embolden",21,46686715,99.63
"emigrating",21,46686736,99.63
"enraptured",21,46686757,99.63
"entertainments",21,46686778,99.63
"entices",21,46686799,99.63
"entrapped",21,46686820,99.63
"envying",21,46686841,99.63
"episcopalian",21,46686862,99.63
"erections",21,46686883,99.63
"eroticism",21,46686904,99.63
"estimable",21,46686925,99.63
"estrangement",21,46686946,99.63
"eurasia",21,46686967,99.63
"exoneration",21,46686988,99.63
"expiry",21,46687009,99.63
"exponents",21,46687030,99.63
"expunged",21,46687051,99.63
"extinguishing",21,46687072,99.63
"extrapolated",21,46687093,99.63
"fasts",21,46687114,99.63
"fathead",21,46687135,99.63
"federations",21,46687156,99.63
"feint",21,46687177,99.63
"feynman",21,46687198,99.63
"fiendish",21,46687219,99.63
"fiendishly",21,46687240,99.63
"flaking",21,46687261,99.63
"flamethrower",21,46687282,99.63
"flannels",21,46687303,99.63
"flashier",21,46687324,99.63
"flightless",21,46687345,99.63
"flinching",21,46687366,99.63
"flotation",21,46687387,99.63
"fluoridated",21,46687408,99.63
"forfeits",21,46687429,99.63
"fosse",21,46687450,99.63
"freemasons",21,46687471,99.63
"freya",21,46687492,99.63
"friedan",21,46687513,99.63
"fullbacks",21,46687534,99.63
"gallivanting",21,46687555,99.63
"gallstones",21,46687576,99.63
"gamay",21,46687597,99.63
"garbs",21,46687618,99.63
"gargoyle",21,46687639,99.63
"generalities",21,46687660,99.63
"genomes",21,46687681,99.63
"germinating",21,46687702,99.63
"ghent",21,46687723,99.63
"ghostwriting",21,46687744,99.63
"gins",21,46687765,99.63
"gluey",21,46687786,99.63
"gobbler",21,46687807,99.63
"grapefruits",21,46687828,99.63
"gravitation",21,46687849,99.63
"griped",21,46687870,99.63
"gritting",21,46687891,99.63
"groundhogs",21,46687912,99.63
"grubs",21,46687933,99.63
"gunnery",21,46687954,99.63
"hairstylists",21,46687975,99.63
"halving",21,46687996,99.63
"handbooks",21,46688017,99.63
"handedness",21,46688038,99.63
"harbin",21,46688059,99.63
"hatreds",21,46688080,99.63
"hawkers",21,46688101,99.63
"hawkish",21,46688122,99.63
"heresies",21,46688143,99.63
"hobbyist",21,46688164,99.63
"hohokam",21,46688185,99.63
"homing",21,46688206,99.63
"hoodlum",21,46688227,99.63
"horsing",21,46688248,99.63
"hrh",21,46688269,99.63
"hungrily",21,46688290,99.63
"hurtled",21,46688311,99.63
"hutches",21,46688332,99.63
"hyphenated",21,46688353,99.63
"iago",21,46688374,99.63
"ibsen",21,46688395,99.63
"icbm",21,46688416,99.63
"ignoble",21,46688437,99.63
"ignominy",21,46688458,99.63
"illegality",21,46688479,99.63
"illiberal",21,46688500,99.63
"impeached",21,46688521,99.63
"implicating",21,46688542,99.63
"incarcerating",21,46688563,99.63
"incites",21,46688584,99.63
"inclines",21,46688605,99.63
"inconsistently",21,46688626,99.63
"indent",21,46688647,99.63
"indignantly",21,46688668,99.63
"inexpressible",21,46688689,99.63
"infuriate",21,46688710,99.63
"instills",21,46688731,99.63
"intakes",21,46688752,99.63
"intoned",21,46688773,99.63
"invertebrates",21,46688794,99.63
"iridium",21,46688815,99.63
"irradiated",21,46688836,99.63
"italicized",21,46688857,99.63
"iterate",21,46688878,99.63
"jackrabbit",21,46688899,99.63
"jaunts",21,46688920,99.63
"jetted",21,46688941,99.63
"jewry",21,46688962,99.63
"jingling",21,46688983,99.63
"joiner",21,46689004,99.63
"josephus",21,46689025,99.63
"judgeship",21,46689046,99.64
"jujitsu",21,46689067,99.64
"khyber",21,46689088,99.64
"kitchener",21,46689109,99.64
"kitchenware",21,46689130,99.64
"knitwear",21,46689151,99.64
"korans",21,46689172,99.64
"kroner",21,46689193,99.64
"krypton",21,46689214,99.64
"kurdistan",21,46689235,99.64
"lancing",21,46689256,99.64
"lassen",21,46689277,99.64
"laymen",21,46689298,99.64
"layovers",21,46689319,99.64
"leaded",21,46689340,99.64
"leapfrogged",21,46689361,99.64
"likenesses",21,46689382,99.64
"linesman",21,46689403,99.64
"lira",21,46689424,99.64
"loam",21,46689445,99.64
"locomotion",21,46689466,99.64
"loners",21,46689487,99.64
"lookouts",21,46689508,99.64
"loudmouth",21,46689529,99.64
"lubrication",21,46689550,99.64
"lucretia",21,46689571,99.64
"lushness",21,46689592,99.64
"macaw",21,46689613,99.64
"maghreb",21,46689634,99.64
"majestically",21,46689655,99.64
"malcontents",21,46689676,99.64
"mammalian",21,46689697,99.64
"marquess",21,46689718,99.64
"marshy",21,46689739,99.64
"marts",21,46689760,99.64
"marvell",21,46689781,99.64
"mashers",21,46689802,99.64
"matchstick",21,46689823,99.64
"matriarchal",21,46689844,99.64
"maximilian",21,46689865,99.64
"mechanistic",21,46689886,99.64
"megalomaniac",21,46689907,99.64
"mellows",21,46689928,99.64
"mickie",21,46689949,99.64
"microbiologist",21,46689970,99.64
"midriff",21,46689991,99.64
"militaristic",21,46690012,99.64
"milkweed",21,46690033,99.64
"minuet",21,46690054,99.64
"miseries",21,46690075,99.64
"miserly",21,46690096,99.64
"misquoted",21,46690117,99.64
"misspellings",21,46690138,99.64
"misstated",21,46690159,99.64
"misstatements",21,46690180,99.64
"monger",21,46690201,99.64
"monographs",21,46690222,99.64
"moraine",21,46690243,99.64
"morphology",21,46690264,99.64
"motorcycling",21,46690285,99.64
"motorways",21,46690306,99.64
"mountaintops",21,46690327,99.64
"murat",21,46690348,99.64
"musts",21,46690369,99.64
"mythologies",21,46690390,99.64
"nagged",21,46690411,99.64
"neanderthals",21,46690432,99.64
"negros",21,46690453,99.64
"neurosurgery",21,46690474,99.64
"nobler",21,46690495,99.64
"noncompetitive",21,46690516,99.64
"nonsmokers",21,46690537,99.64
"normalization",21,46690558,99.64
"nubs",21,46690579,99.64
"nullifying",21,46690600,99.64
"obviousness",21,46690621,99.64
"ocular",21,46690642,99.64
"oddness",21,46690663,99.64
"onlooker",21,46690684,99.64
"orchestrations",21,46690705,99.64
"orestes",21,46690726,99.64
"origination",21,46690747,99.64
"ostriches",21,46690768,99.64
"outrages",21,46690789,99.64
"outsides",21,46690810,99.64
"outstripping",21,46690831,99.64
"overachieving",21,46690852,99.64
"overripe",21,46690873,99.64
"overusing",21,46690894,99.64
"pallid",21,46690915,99.64
"pampas",21,46690936,99.64
"paragliding",21,46690957,99.64
"partitions",21,46690978,99.64
"peephole",21,46690999,99.64
"periscope",21,46691020,99.64
"perjured",21,46691041,99.64
"personify",21,46691062,99.64
"persuasively",21,46691083,99.64
"pervading",21,46691104,99.64
"petticoats",21,46691125,99.64
"philandering",21,46691146,99.64
"phooey",21,46691167,99.64
"pierces",21,46691188,99.64
"pigeonholed",21,46691209,99.64
"pilloried",21,46691230,99.64
"pirating",21,46691251,99.64
"pizzerias",21,46691272,99.64
"planck",21,46691293,99.64
"pleiades",21,46691314,99.64
"plodded",21,46691335,99.64
"pockmarked",21,46691356,99.64
"poetically",21,46691377,99.64
"pointlessness",21,46691398,99.64
"polemics",21,46691419,99.64
"pratfalls",21,46691440,99.64
"premised",21,46691461,99.64
"prettiness",21,46691482,99.64
"preys",21,46691503,99.64
"prickle",21,46691524,99.64
"prohibitionists",21,46691545,99.64
"prolongs",21,46691566,99.64
"provisioning",21,46691587,99.64
"psychedelics",21,46691608,99.64
"pumpernickel",21,46691629,99.64
"puncturing",21,46691650,99.64
"pyrrhic",21,46691671,99.64
"pythagoras",21,46691692,99.64
"quarterbacking",21,46691713,99.64
"ransacking",21,46691734,99.64
"rationalizations",21,46691755,99.64
"readjusting",21,46691776,99.64
"recompense",21,46691797,99.64
"recoverable",21,46691818,99.64
"redoubled",21,46691839,99.64
"reinterpreted",21,46691860,99.64
"reinvents",21,46691881,99.64
"relegating",21,46691902,99.64
"renege",21,46691923,99.64
"renouncing",21,46691944,99.64
"replicates",21,46691965,99.64
"resinous",21,46691986,99.64
"restlessly",21,46692007,99.64
"rethought",21,46692028,99.64
"rewire",21,46692049,99.64
"ridicules",21,46692070,99.64
"riper",21,46692091,99.64
"rivet",21,46692112,99.64
"romany",21,46692133,99.64
"romped",21,46692154,99.64
"ronstadt",21,46692175,99.64
"rosaries",21,46692196,99.64
"roundups",21,46692217,99.64
"rumpelstiltskin",21,46692238,99.64
"sacredness",21,46692259,99.64
"saltier",21,46692280,99.64
"sandwiching",21,46692301,99.64
"sanitizing",21,46692322,99.64
"scags",21,46692343,99.64
"scalper",21,46692364,99.64
"scapegoating",21,46692385,99.64
"schoolboys",21,46692406,99.64
"schoolgirls",21,46692427,99.64
"scorcher",21,46692448,99.64
"scrambler",21,46692469,99.64
"scrip",21,46692490,99.64
"scrubber",21,46692511,99.64
"sectarianism",21,46692532,99.64
"segregate",21,46692553,99.64
"selector",21,46692574,99.64
"semiconductors",21,46692595,99.64
"shambling",21,46692616,99.64
"shingled",21,46692637,99.64
"shipboard",21,46692658,99.64
"shockley",21,46692679,99.64
"shoehorn",21,46692700,99.64
"sicken",21,46692721,99.64
"siddhartha",21,46692742,99.64
"signposts",21,46692763,99.64
"sisyphus",21,46692784,99.64
"slathering",21,46692805,99.64
"slavish",21,46692826,99.64
"slickers",21,46692847,99.64
"snarls",21,46692868,99.64
"snowdrops",21,46692889,99.64
"socialistic",21,46692910,99.64
"somebodies",21,46692931,99.64
"sot",21,46692952,99.64
"southerly",21,46692973,99.64
"spanks",21,46692994,99.64
"spouted",21,46693015,99.64
"sprocket",21,46693036,99.64
"stabilizer",21,46693057,99.64
"standish",21,46693078,99.64
"stater",21,46693099,99.64
"steadfastness",21,46693120,99.64
"stingers",21,46693141,99.64
"stoicism",21,46693162,99.64
"streamer",21,46693183,99.64
"stuns",21,46693204,99.64
"stymie",21,46693225,99.64
"subjugate",21,46693246,99.64
"suffixes",21,46693267,99.64
"superglue",21,46693288,99.64
"superhighway",21,46693309,99.64
"swifts",21,46693330,99.64
"swigging",21,46693351,99.64
"swindlers",21,46693372,99.64
"swoons",21,46693393,99.64
"swum",21,46693414,99.64
"tabernacles",21,46693435,99.64
"tactful",21,46693456,99.64
"takeoffs",21,46693477,99.64
"taliesin",21,46693498,99.64
"tandems",21,46693519,99.64
"tanners",21,46693540,99.64
"tars",21,46693561,99.64
"tautology",21,46693582,99.64
"teasdale",21,46693603,99.64
"telepathically",21,46693624,99.64
"theism",21,46693645,99.64
"thermometers",21,46693666,99.64
"thither",21,46693687,99.64
"threefold",21,46693708,99.64
"throaty",21,46693729,99.65
"thwack",21,46693750,99.65
"tiebreakers",21,46693771,99.65
"tillers",21,46693792,99.65
"tonality",21,46693813,99.65
"toted",21,46693834,99.65
"toucan",21,46693855,99.65
"tremulous",21,46693876,99.65
"trills",21,46693897,99.65
"trondheim",21,46693918,99.65
"truant",21,46693939,99.65
"trundled",21,46693960,99.65
"trusses",21,46693981,99.65
"typecast",21,46694002,99.65
"tyrannosaurus",21,46694023,99.65
"unavoidably",21,46694044,99.65
"unceasing",21,46694065,99.65
"underclassman",21,46694086,99.65
"undistinguished",21,46694107,99.65
"undoubted",21,46694128,99.65
"unhurried",21,46694149,99.65
"unifies",21,46694170,99.65
"unionization",21,46694191,99.65
"unnerve",21,46694212,99.65
"unprompted",21,46694233,99.65
"unrealized",21,46694254,99.65
"unwary",21,46694275,99.65
"uppermost",21,46694296,99.65
"uprights",21,46694317,99.65
"utopias",21,46694338,99.65
"vanes",21,46694359,99.65
"vedanta",21,46694380,99.65
"venereal",21,46694401,99.65
"verisimilitude",21,46694422,99.65
"vestments",21,46694443,99.65
"voiding",21,46694464,99.65
"waddled",21,46694485,99.65
"wakefulness",21,46694506,99.65
"wavelengths",21,46694527,99.65
"weightlessness",21,46694548,99.65
"welter",21,46694569,99.65
"wheelbarrows",21,46694590,99.65
"willfulness",21,46694611,99.65
"willowy",21,46694632,99.65
"wilts",21,46694653,99.65
"windbreaker",21,46694674,99.65
"windstorm",21,46694695,99.65
"wkly",21,46694716,99.65
"worshipful",21,46694737,99.65
"wowing",21,46694758,99.65
"wrested",21,46694779,99.65
"adder",20,46694799,99.65
"administratively",20,46694819,99.65
"admixture",20,46694839,99.65
"adroitly",20,46694859,99.65
"aeneas",20,46694879,99.65
"aeration",20,46694899,99.65
"afterword",20,46694919,99.65
"alb",20,46694939,99.65
"algiers",20,46694959,99.65
"allegories",20,46694979,99.65
"allocates",20,46694999,99.65
"aloofness",20,46695019,99.65
"alphonso",20,46695039,99.65
"ambling",20,46695059,99.65
"amiably",20,46695079,99.65
"amphetamine",20,46695099,99.65
"amplifying",20,46695119,99.65
"amundsen",20,46695139,99.65
"analyzer",20,46695159,99.65
"annotating",20,46695179,99.65
"apologia",20,46695199,99.65
"apotheosis",20,46695219,99.65
"appalachians",20,46695239,99.65
"arbitron",20,46695259,99.65
"archangels",20,46695279,99.65
"arouses",20,46695299,99.65
"aspirated",20,46695319,99.65
"assailing",20,46695339,99.65
"assyrian",20,46695359,99.65
"asymmetric",20,46695379,99.65
"attested",20,46695399,99.65
"automatics",20,46695419,99.65
"aventine",20,46695439,99.65
"backbreaking",20,46695459,99.65
"backtracked",20,46695479,99.65
"bahamian",20,46695499,99.65
"banality",20,46695519,99.65
"banishment",20,46695539,99.65
"barfed",20,46695559,99.65
"baseboard",20,46695579,99.65
"baser",20,46695599,99.65
"befalls",20,46695619,99.65
"bemoans",20,46695639,99.65
"bettors",20,46695659,99.65
"bettye",20,46695679,99.65
"birdbath",20,46695699,99.65
"blinkered",20,46695719,99.65
"blockheads",20,46695739,99.65
"blots",20,46695759,99.65
"bluefish",20,46695779,99.65
"botticelli",20,46695799,99.65
"bottoming",20,46695819,99.65
"brandies",20,46695839,99.65
"braque",20,46695859,99.65
"brigadoon",20,46695879,99.65
"brokering",20,46695899,99.65
"bunching",20,46695919,99.65
"butterfingers",20,46695939,99.65
"buttering",20,46695959,99.65
"buttock",20,46695979,99.65
"byways",20,46695999,99.65
"callas",20,46696019,99.65
"callousness",20,46696039,99.65
"canvasses",20,46696059,99.65
"capitalizes",20,46696079,99.65
"cascaded",20,46696099,99.65
"catchment",20,46696119,99.65
"cattleman",20,46696139,99.65
"chandigarh",20,46696159,99.65
"charmaine",20,46696179,99.65
"chauvinism",20,46696199,99.65
"cheever",20,46696219,99.65
"chervil",20,46696239,99.65
"chide",20,46696259,99.65
"chocked",20,46696279,99.65
"chronicler",20,46696299,99.65
"chrysostom",20,46696319,99.65
"citroen",20,46696339,99.65
"clothespin",20,46696359,99.65
"cobbling",20,46696379,99.65
"cockles",20,46696399,99.65
"coddle",20,46696419,99.65
"coleen",20,46696439,99.65
"collating",20,46696459,99.65
"collies",20,46696479,99.65
"colloquially",20,46696499,99.65
"colombians",20,46696519,99.65
"compulsions",20,46696539,99.65
"concessionaires",20,46696559,99.65
"concourses",20,46696579,99.65
"condescend",20,46696599,99.65
"conjugal",20,46696619,99.65
"connotes",20,46696639,99.65
"conquistadors",20,46696659,99.65
"conserved",20,46696679,99.65
"constrictor",20,46696699,99.65
"contortionist",20,46696719,99.65
"contravention",20,46696739,99.65
"corneas",20,46696759,99.65
"cornrows",20,46696779,99.65
"correlating",20,46696799,99.65
"corsages",20,46696819,99.65
"couplet",20,46696839,99.65
"coziness",20,46696859,99.65
"creaks",20,46696879,99.65
"crewman",20,46696899,99.65
"crinkly",20,46696919,99.65
"crotches",20,46696939,99.65
"cryptically",20,46696959,99.65
"curdled",20,46696979,99.65
"cyberbully",20,46696999,99.65
"czechs",20,46697019,99.65
"dagwood",20,46697039,99.65
"dakotas",20,46697059,99.65
"damping",20,46697079,99.65
"dauphin",20,46697099,99.65
"daydreamed",20,46697119,99.65
"deactivating",20,46697139,99.65
"debilitated",20,46697159,99.65
"decamped",20,46697179,99.65
"decentralization",20,46697199,99.65
"defecting",20,46697219,99.65
"degeneracy",20,46697239,99.65
"deign",20,46697259,99.65
"delineating",20,46697279,99.65
"denoting",20,46697299,99.65
"densest",20,46697319,99.65
"densities",20,46697339,99.65
"deodorants",20,46697359,99.65
"despaired",20,46697379,99.65
"detonating",20,46697399,99.65
"devaluing",20,46697419,99.65
"devoutly",20,46697439,99.65
"dewar",20,46697459,99.65
"diastolic",20,46697479,99.65
"dignitary",20,46697499,99.65
"digressed",20,46697519,99.65
"dikes",20,46697539,99.65
"disbursements",20,46697559,99.65
"disdained",20,46697579,99.65
"disintegrates",20,46697599,99.65
"dispassionately",20,46697619,99.65
"dispelling",20,46697639,99.65
"dorsal",20,46697659,99.65
"draftee",20,46697679,99.65
"duffer",20,46697699,99.65
"dully",20,46697719,99.65
"effectual",20,46697739,99.65
"egregiously",20,46697759,99.65
"eichmann",20,46697779,99.65
"eights",20,46697799,99.65
"elucidate",20,46697819,99.65
"embarrassments",20,46697839,99.65
"emphases",20,46697859,99.65
"enchant",20,46697879,99.65
"endorser",20,46697899,99.65
"enraging",20,46697919,99.65
"enticement",20,46697939,99.65
"entreaties",20,46697959,99.65
"envies",20,46697979,99.65
"equinoxes",20,46697999,99.65
"eskimos",20,46698019,99.65
"estonian",20,46698039,99.65
"eulogized",20,46698059,99.65
"evicting",20,46698079,99.65
"excitingly",20,46698099,99.65
"excoriated",20,46698119,99.65
"exorcise",20,46698139,99.65
"expansively",20,46698159,99.65
"expediting",20,46698179,99.65
"eyeballed",20,46698199,99.65
"fallacious",20,46698219,99.65
"felts",20,46698239,99.65
"fermi",20,46698259,99.65
"fiddlers",20,46698279,99.65
"fie",20,46698299,99.65
"fierceness",20,46698319,99.65
"fiestas",20,46698339,99.65
"firehouses",20,46698359,99.65
"firewalls",20,46698379,99.65
"fissure",20,46698399,99.66
"flagellation",20,46698419,99.66
"flatirons",20,46698439,99.66
"fleeced",20,46698459,99.66
"flinty",20,46698479,99.66
"foist",20,46698499,99.66
"formalism",20,46698519,99.66
"forsaking",20,46698539,99.66
"fortuitously",20,46698559,99.66
"fractals",20,46698579,99.66
"frailties",20,46698599,99.66
"fredric",20,46698619,99.66
"frisked",20,46698639,99.66
"fryers",20,46698659,99.66
"fum",20,46698679,99.66
"furnishes",20,46698699,99.66
"gallantly",20,46698719,99.66
"generalizing",20,46698739,99.66
"genet",20,46698759,99.66
"gens",20,46698779,99.66
"geocache",20,46698799,99.66
"gerbil",20,46698819,99.66
"ginkgo",20,46698839,99.66
"girded",20,46698859,99.66
"girder",20,46698879,99.66
"godfathers",20,46698899,99.66
"griefs",20,46698919,99.66
"grimmer",20,46698939,99.66
"groused",20,46698959,99.66
"grumpiness",20,46698979,99.66
"gyrations",20,46698999,99.66
"haberdashery",20,46699019,99.66
"haft",20,46699039,99.66
"handstands",20,46699059,99.66
"hangars",20,46699079,99.66
"harmlessly",20,46699099,99.66
"harmonics",20,46699119,99.66
"hassled",20,46699139,99.66
"hatteras",20,46699159,99.66
"hatters",20,46699179,99.66
"headmistress",20,46699199,99.66
"heavenward",20,46699219,99.66
"hegel",20,46699239,99.66
"heisenberg",20,46699259,99.66
"hemlines",20,46699279,99.66
"hireling",20,46699299,99.66
"hovel",20,46699319,99.66
"hubcap",20,46699339,99.66
"humanizing",20,46699359,99.66
"humbleness",20,46699379,99.66
"humidor",20,46699399,99.66
"hyperventilate",20,46699419,99.66
"hypnotism",20,46699439,99.66
"immobility",20,46699459,99.66
"immodest",20,46699479,99.66
"imperceptibly",20,46699499,99.66
"impregnable",20,46699519,99.66
"inchoate",20,46699539,99.66
"inclusions",20,46699559,99.66
"incorrigible",20,46699579,99.66
"incurs",20,46699599,99.66
"indecipherable",20,46699619,99.66
"indefinable",20,46699639,99.66
"inducting",20,46699659,99.66
"insubstantial",20,46699679,99.66
"interloper",20,46699699,99.66
"internationalism",20,46699719,99.66
"internecine",20,46699739,99.66
"intravenously",20,46699759,99.66
"inundate",20,46699779,99.66
"iou",20,46699799,99.66
"iqbal",20,46699819,99.66
"irreversibly",20,46699839,99.66
"irritatingly",20,46699859,99.66
"isherwood",20,46699879,99.66
"isolates",20,46699899,99.66
"jib",20,46699919,99.66
"jibes",20,46699939,99.66
"jigging",20,46699959,99.66
"junked",20,46699979,99.66
"kingpins",20,46699999,99.66
"kipper",20,46700019,99.66
"knickerbocker",20,46700039,99.66
"knotting",20,46700059,99.66
"konrad",20,46700079,99.66
"kooks",20,46700099,99.66
"labyrinths",20,46700119,99.66
"lameness",20,46700139,99.66
"landlines",20,46700159,99.66
"lanny",20,46700179,99.66
"larynx",20,46700199,99.66
"laxness",20,46700219,99.66
"levying",20,46700239,99.66
"librettist",20,46700259,99.66
"liege",20,46700279,99.66
"likeliest",20,46700299,99.66
"limpid",20,46700319,99.66
"lionesses",20,46700339,99.66
"lithographs",20,46700359,99.66
"localize",20,46700379,99.66
"loggerheads",20,46700399,99.66
"lonelier",20,46700419,99.66
"loquacious",20,46700439,99.66
"lorries",20,46700459,99.66
"luann",20,46700479,99.66
"lubricants",20,46700499,99.66
"luminescent",20,46700519,99.66
"mantelpiece",20,46700539,99.66
"marciano",20,46700559,99.66
"marrakesh",20,46700579,99.66
"mastiff",20,46700599,99.66
"mcnaughton",20,46700619,99.66
"meatier",20,46700639,99.66
"meting",20,46700659,99.66
"microwaving",20,46700679,99.66
"milch",20,46700699,99.66
"miming",20,46700719,99.66
"minarets",20,46700739,99.66
"mingles",20,46700759,99.66
"minot",20,46700779,99.66
"minuteman",20,46700799,99.66
"minx",20,46700819,99.66
"misadventure",20,46700839,99.66
"miscreant",20,46700859,99.66
"mockingbirds",20,46700879,99.66
"modems",20,46700899,99.66
"modifier",20,46700919,99.66
"modifiers",20,46700939,99.66
"moneymaking",20,46700959,99.66
"mongrel",20,46700979,99.66
"moonstone",20,46700999,99.66
"motioning",20,46701019,99.66
"mucked",20,46701039,99.66
"mulls",20,46701059,99.66
"multiplexes",20,46701079,99.66
"mushroomed",20,46701099,99.66
"muzzled",20,46701119,99.66
"narcissists",20,46701139,99.66
"nationalize",20,46701159,99.66
"navigators",20,46701179,99.66
"necromancer",20,46701199,99.66
"nihilist",20,46701219,99.66
"nitwits",20,46701239,99.66
"nongovernmental",20,46701259,99.66
"nonresident",20,46701279,99.66
"nouakchott",20,46701299,99.66
"noyes",20,46701319,99.66
"obliteration",20,46701339,99.66
"obstructionist",20,46701359,99.66
"odes",20,46701379,99.66
"oldsmobile",20,46701399,99.66
"omnivores",20,46701419,99.66
"ornamented",20,46701439,99.66
"oscilloscope",20,46701459,99.66
"outfitter",20,46701479,99.66
"outgrowing",20,46701499,99.66
"overhangs",20,46701519,99.66
"overran",20,46701539,99.66
"overridden",20,46701559,99.66
"overshot",20,46701579,99.66
"pacemakers",20,46701599,99.66
"paddies",20,46701619,99.66
"pannier",20,46701639,99.66
"panoramas",20,46701659,99.66
"paperweight",20,46701679,99.66
"parallelism",20,46701699,99.66
"paratrooper",20,46701719,99.66
"parented",20,46701739,99.66
"patrimony",20,46701759,99.66
"pbx",20,46701779,99.66
"pennsylvanians",20,46701799,99.66
"perching",20,46701819,99.66
"perversity",20,46701839,99.66
"pestered",20,46701859,99.66
"pgp",20,46701879,99.66
"pheromones",20,46701899,99.66
"philistine",20,46701919,99.66
"pict",20,46701939,99.66
"pined",20,46701959,99.66
"pinging",20,46701979,99.66
"pinochle",20,46701999,99.66
"playboys",20,46702019,99.66
"playpen",20,46702039,99.66
"pleating",20,46702059,99.66
"pliant",20,46702079,99.66
"plover",20,46702099,99.66
"pompom",20,46702119,99.66
"pranced",20,46702139,99.66
"precipitate",20,46702159,99.66
"predating",20,46702179,99.66
"predicates",20,46702199,99.66
"preminger",20,46702219,99.66
"preoccupations",20,46702239,99.66
"prequels",20,46702259,99.66
"pricking",20,46702279,99.66
"prosthesis",20,46702299,99.66
"provocatively",20,46702319,99.66
"psychoanalyst",20,46702339,99.66
"puffins",20,46702359,99.66
"purloined",20,46702379,99.66
"pusey",20,46702399,99.66
"quaffing",20,46702419,99.66
"qualitatively",20,46702439,99.66
"raconteur",20,46702459,99.66
"raconteurs",20,46702479,99.66
"railroaded",20,46702499,99.66
"rainmaker",20,46702519,99.66
"ramayana",20,46702539,99.66
"recessive",20,46702559,99.66
"recheck",20,46702579,99.66
"reclassified",20,46702599,99.66
"reclassify",20,46702619,99.66
"recreates",20,46702639,99.66
"redouble",20,46702659,99.66
"reffing",20,46702679,99.66
"reimburses",20,46702699,99.66
"repast",20,46702719,99.66
"repays",20,46702739,99.66
"repentant",20,46702759,99.66
"reprinting",20,46702779,99.66
"repulse",20,46702799,99.66
"resounded",20,46702819,99.66
"retracing",20,46702839,99.66
"retrenchment",20,46702859,99.66
"retrospectively",20,46702879,99.66
"reupholstered",20,46702899,99.66
"reverberations",20,46702919,99.66
"reverential",20,46702939,99.66
"rewired",20,46702959,99.66
"rfc",20,46702979,99.66
"rhizomes",20,46702999,99.66
"rightist",20,46703019,99.66
"riskiest",20,46703039,99.66
"rolland",20,46703059,99.66
"rosella",20,46703079,99.66
"rueful",20,46703099,99.67
"sags",20,46703119,99.67
"sahib",20,46703139,99.67
"salado",20,46703159,99.67
"salting",20,46703179,99.67
"salutation",20,46703199,99.67
"sandbag",20,46703219,99.67
"sandpiper",20,46703239,99.67
"sapient",20,46703259,99.67
"satchels",20,46703279,99.67
"saunter",20,46703299,99.67
"scampering",20,46703319,99.67
"schopenhauer",20,46703339,99.67
"scoffing",20,46703359,99.67
"scornful",20,46703379,99.67
"secretions",20,46703399,99.67
"seditious",20,46703419,99.67
"segmentation",20,46703439,99.67
"segued",20,46703459,99.67
"selassie",20,46703479,99.67
"selectmen",20,46703499,99.67
"semites",20,46703519,99.67
"separatists",20,46703539,99.67
"servile",20,46703559,99.67
"shortens",20,46703579,99.67
"sightseers",20,46703599,99.67
"sillier",20,46703619,99.67
"sinew",20,46703639,99.67
"singly",20,46703659,99.67
"slavishly",20,46703679,99.67
"slicks",20,46703699,99.67
"sloths",20,46703719,99.67
"slumming",20,46703739,99.67
"smileys",20,46703759,99.67
"smuts",20,46703779,99.67
"snapdragon",20,46703799,99.67
"snowballing",20,46703819,99.67
"snubbing",20,46703839,99.67
"softballs",20,46703859,99.67
"souring",20,46703879,99.67
"spaciousness",20,46703899,99.67
"spankings",20,46703919,99.67
"spillage",20,46703939,99.67
"splotches",20,46703959,99.67
"squeegee",20,46703979,99.67
"staterooms",20,46703999,99.67
"steadier",20,46704019,99.67
"steeling",20,46704039,99.67
"stepbrother",20,46704059,99.67
"stepsisters",20,46704079,99.67
"stereos",20,46704099,99.67
"stiffed",20,46704119,99.67
"stockyards",20,46704139,99.67
"stowaway",20,46704159,99.67
"stringers",20,46704179,99.67
"suborbital",20,46704199,99.67
"subsets",20,46704219,99.67
"succotash",20,46704239,99.67
"sulfide",20,46704259,99.67
"sulky",20,46704279,99.67
"sunless",20,46704299,99.67
"swastikas",20,46704319,99.67
"switchboard",20,46704339,99.67
"swizzle",20,46704359,99.67
"swordsman",20,46704379,99.67
"systolic",20,46704399,99.67
"tacitus",20,46704419,99.67
"tadpole",20,46704439,99.67
"taillights",20,46704459,99.67
"tailpipe",20,46704479,99.67
"tankard",20,46704499,99.67
"tatty",20,46704519,99.67
"theists",20,46704539,99.67
"thermals",20,46704559,99.67
"thespians",20,46704579,99.67
"thoracic",20,46704599,99.67
"thoughtlessly",20,46704619,99.67
"tigris",20,46704639,99.67
"timings",20,46704659,99.67
"tinder",20,46704679,99.67
"tiptoed",20,46704699,99.67
"tithing",20,46704719,99.67
"toadstools",20,46704739,99.67
"tonia",20,46704759,99.67
"topmost",20,46704779,99.67
"tormentors",20,46704799,99.67
"tracer",20,46704819,99.67
"tradesmen",20,46704839,99.67
"tranquilized",20,46704859,99.67
"transponder",20,46704879,99.67
"trembles",20,46704899,99.67
"tress",20,46704919,99.67
"trice",20,46704939,99.67
"troubleshooter",20,46704959,99.67
"turncoat",20,46704979,99.67
"turtlenecks",20,46704999,99.67
"tweeds",20,46705019,99.67
"twining",20,46705039,99.67
"twofer",20,46705059,99.67
"ultrasonic",20,46705079,99.67
"unburdened",20,46705099,99.67
"undiluted",20,46705119,99.67
"uninviting",20,46705139,99.67
"untangling",20,46705159,99.67
"uplifts",20,46705179,99.67
"vaulter",20,46705199,99.67
"videotapes",20,46705219,99.67
"vilification",20,46705239,99.67
"virile",20,46705259,99.67
"vocalize",20,46705279,99.67
"wacks",20,46705299,99.67
"waffled",20,46705319,99.67
"warps",20,46705339,99.67
"wearisome",20,46705359,99.67
"weathermen",20,46705379,99.67
"westernmost",20,46705399,99.67
"whiten",20,46705419,99.67
"wisecracking",20,46705439,99.67
"wmd",20,46705459,99.67
"wombat",20,46705479,99.67
"wondrously",20,46705499,99.67
"wormwood",20,46705519,99.67
"xe",20,46705539,99.67
"yachting",20,46705559,99.67
"yelps",20,46705579,99.67
"yeoman",20,46705599,99.67
"yodeling",20,46705619,99.67
"zechariah",20,46705639,99.67
"zoloft",20,46705659,99.67
"zoologist",20,46705679,99.67
"abating",19,46705698,99.67
"abductor",19,46705717,99.67
"aborigines",19,46705736,99.67
"absconded",19,46705755,99.67
"accede",19,46705774,99.67
"accesses",19,46705793,99.67
"acetone",19,46705812,99.67
"acknowledgments",19,46705831,99.67
"actualize",19,46705850,99.67
"adeptly",19,46705869,99.67
"adjourns",19,46705888,99.67
"aerate",19,46705907,99.67
"aflutter",19,46705926,99.67
"aftercare",19,46705945,99.67
"aftershave",19,46705964,99.67
"afterthoughts",19,46705983,99.67
"agassi",19,46706002,99.67
"agnosticism",19,46706021,99.67
"agog",19,46706040,99.67
"alger",19,46706059,99.67
"allergenic",19,46706078,99.67
"americanism",19,46706097,99.67
"ankh",19,46706116,99.67
"anther",19,46706135,99.67
"antic",19,46706154,99.67
"apoplectic",19,46706173,99.67
"appeased",19,46706192,99.67
"appended",19,46706211,99.67
"apprehending",19,46706230,99.67
"ardently",19,46706249,99.67
"assail",19,46706268,99.67
"assertively",19,46706287,99.67
"athenian",19,46706306,99.67
"auditoriums",19,46706325,99.67
"augsburg",19,46706344,99.67
"availed",19,46706363,99.67
"ballrooms",19,46706382,99.67
"balsam",19,46706401,99.67
"baluchistan",19,46706420,99.67
"bares",19,46706439,99.67
"barnacle",19,46706458,99.67
"beatriz",19,46706477,99.67
"beeper",19,46706496,99.67
"behinds",19,46706515,99.67
"bergson",19,46706534,99.67
"betwixt",19,46706553,99.67
"bisexuality",19,46706572,99.67
"blackcurrant",19,46706591,99.67
"blacksmiths",19,46706610,99.67
"blithe",19,46706629,99.67
"blotting",19,46706648,99.67
"blurting",19,46706667,99.67
"boolean",19,46706686,99.67
"bootlegger",19,46706705,99.67
"bouillabaisse",19,46706724,99.67
"brawler",19,46706743,99.67
"broods",19,46706762,99.67
"bulking",19,46706781,99.67
"bunkhouse",19,46706800,99.67
"burrowed",19,46706819,99.67
"byway",19,46706838,99.67
"cannibalistic",19,46706857,99.67
"capricorns",19,46706876,99.67
"carjacker",19,46706895,99.67
"censured",19,46706914,99.67
"certifiable",19,46706933,99.67
"chagrined",19,46706952,99.67
"chambray",19,46706971,99.67
"champlain",19,46706990,99.67
"cherubim",19,46707009,99.67
"clerestory",19,46707028,99.67
"clipboards",19,46707047,99.67
"clucked",19,46707066,99.67
"coaxes",19,46707085,99.67
"coinage",19,46707104,99.67
"compaq",19,46707123,99.67
"compresses",19,46707142,99.67
"conciliation",19,46707161,99.67
"conclave",19,46707180,99.67
"condones",19,46707199,99.67
"confusingly",19,46707218,99.67
"consolations",19,46707237,99.67
"contemporaneous",19,46707256,99.67
"contentions",19,46707275,99.67
"contrivances",19,46707294,99.67
"controllable",19,46707313,99.67
"convalescent",19,46707332,99.67
"cornflower",19,46707351,99.67
"cosmological",19,46707370,99.67
"cotswold",19,46707389,99.67
"counterfeits",19,46707408,99.67
"courtesies",19,46707427,99.67
"cousteau",19,46707446,99.67
"cowhide",19,46707465,99.67
"crag",19,46707484,99.67
"crematorium",19,46707503,99.67
"crescents",19,46707522,99.67
"crests",19,46707541,99.67
"cribbage",19,46707560,99.67
"cubism",19,46707579,99.67
"cusses",19,46707598,99.67
"cymbeline",19,46707617,99.67
"dammed",19,46707636,99.67
"deadlier",19,46707655,99.67
"debauched",19,46707674,99.67
"debora",19,46707693,99.67
"decays",19,46707712,99.67
"decedent",19,46707731,99.67
"decimating",19,46707750,99.67
"defacing",19,46707769,99.67
"denture",19,46707788,99.68
"derick",19,46707807,99.68
"detonator",19,46707826,99.68
"diaphanous",19,46707845,99.68
"diesels",19,46707864,99.68
"diodes",19,46707883,99.68
"dioxin",19,46707902,99.68
"disavow",19,46707921,99.68
"discrediting",19,46707940,99.68
"disembarked",19,46707959,99.68
"disengagement",19,46707978,99.68
"dispossession",19,46707997,99.68
"disregards",19,46708016,99.68
"distended",19,46708035,99.68
"ditties",19,46708054,99.68
"divvied",19,46708073,99.68
"dolt",19,46708092,99.68
"downhills",19,46708111,99.68
"dpt",19,46708130,99.68
"dramatist",19,46708149,99.68
"dubrovnik",19,46708168,99.68
"dugouts",19,46708187,99.68
"ebola",19,46708206,99.68
"effigies",19,46708225,99.68
"eggo",19,46708244,99.68
"elderberry",19,46708263,99.68
"electrify",19,46708282,99.68
"electrocution",19,46708301,99.68
"elgar",19,46708320,99.68
"ellipses",19,46708339,99.68
"ells",19,46708358,99.68
"embalming",19,46708377,99.68
"embezzled",19,46708396,99.68
"embolism",19,46708415,99.68
"emceeing",19,46708434,99.68
"emeralds",19,46708453,99.68
"emusic",19,46708472,99.68
"encircles",19,46708491,99.68
"engorged",19,46708510,99.68
"entrusting",19,46708529,99.68
"equivalence",19,46708548,99.68
"erring",19,46708567,99.68
"eulogies",19,46708586,99.68
"evildoers",19,46708605,99.68
"eviscerate",19,46708624,99.68
"eviscerated",19,46708643,99.68
"exacts",19,46708662,99.68
"exaggerates",19,46708681,99.68
"excreted",19,46708700,99.68
"exhales",19,46708719,99.68
"experimentally",19,46708738,99.68
"expulsions",19,46708757,99.68
"extenuating",19,46708776,99.68
"exterminating",19,46708795,99.68
"fainter",19,46708814,99.68
"fanzine",19,46708833,99.68
"farmhouses",19,46708852,99.68
"farmyard",19,46708871,99.68
"fastening",19,46708890,99.68
"fattened",19,46708909,99.68
"fatties",19,46708928,99.68
"feebly",19,46708947,99.68
"fem",19,46708966,99.68
"fetishism",19,46708985,99.68
"fiftieth",19,46709004,99.68
"flapjack",19,46709023,99.68
"flattens",19,46709042,99.68
"flue",19,46709061,99.68
"flyby",19,46709080,99.68
"foment",19,46709099,99.68
"fortifications",19,46709118,99.68
"fragmentary",19,46709137,99.68
"gadfly",19,46709156,99.68
"galas",19,46709175,99.68
"gantlet",19,46709194,99.68
"gayness",19,46709213,99.68
"geminis",19,46709232,99.68
"generically",19,46709251,99.68
"geometrical",19,46709270,99.68
"germinated",19,46709289,99.68
"gladden",19,46709308,99.68
"gleaning",19,46709327,99.68
"gliders",19,46709346,99.68
"goaded",19,46709365,99.68
"goldenrod",19,46709384,99.68
"goldfinch",19,46709403,99.68
"gondolas",19,46709422,99.68
"gourmand",19,46709441,99.68
"graceless",19,46709460,99.68
"grafting",19,46709479,99.68
"groundless",19,46709498,99.68
"groveling",19,46709517,99.68
"grue",19,46709536,99.68
"guiltily",19,46709555,99.68
"guinevere",19,46709574,99.68
"hacksaw",19,46709593,99.68
"hags",19,46709612,99.68
"hatted",19,46709631,99.68
"hawed",19,46709650,99.68
"hearers",19,46709669,99.68
"hedonism",19,46709688,99.68
"hermetic",19,46709707,99.68
"hersey",19,46709726,99.68
"highfalutin",19,46709745,99.68
"hoary",19,46709764,99.68
"holidaying",19,46709783,99.68
"hollyhock",19,46709802,99.68
"hookahs",19,46709821,99.68
"hopefulness",19,46709840,99.68
"housebound",19,46709859,99.68
"huguenots",19,46709878,99.68
"hypnotist",19,46709897,99.68
"hypothesize",19,46709916,99.68
"idolaters",19,46709935,99.68
"imbeciles",19,46709954,99.68
"imprimatur",19,46709973,99.68
"incipient",19,46709992,99.68
"incompatibility",19,46710011,99.68
"incubated",19,46710030,99.68
"indolent",19,46710049,99.68
"inductive",19,46710068,99.68
"ineligibility",19,46710087,99.68
"infanticide",19,46710106,99.68
"infotainment",19,46710125,99.68
"inorganic",19,46710144,99.68
"inputting",19,46710163,99.68
"insistently",19,46710182,99.68
"interlopers",19,46710201,99.68
"intones",19,46710220,99.68
"inured",19,46710239,99.68
"islet",19,46710258,99.68
"ivs",19,46710277,99.68
"jabbering",19,46710296,99.68
"jackal",19,46710315,99.68
"janna",19,46710334,99.68
"jellied",19,46710353,99.68
"jove",19,46710372,99.68
"juiciness",19,46710391,99.68
"juxtaposing",19,46710410,99.68
"kevorkian",19,46710429,99.68
"kilns",19,46710448,99.68
"kinko",19,46710467,99.68
"kiowa",19,46710486,99.68
"knifing",19,46710505,99.68
"kongo",19,46710524,99.68
"lamentation",19,46710543,99.68
"lasses",19,46710562,99.68
"latching",19,46710581,99.68
"liberator",19,46710600,99.68
"lightweights",19,46710619,99.68
"lilian",19,46710638,99.68
"limps",19,46710657,99.68
"lipids",19,46710676,99.68
"literati",19,46710695,99.68
"lobotomy",19,46710714,99.68
"lolcats",19,46710733,99.68
"lubed",19,46710752,99.68
"lyricists",19,46710771,99.68
"madrigal",19,46710790,99.68
"magnanimous",19,46710809,99.68
"malignancy",19,46710828,99.68
"mapplethorpe",19,46710847,99.68
"marauder",19,46710866,99.68
"mariachis",19,46710885,99.68
"marionettes",19,46710904,99.68
"mellower",19,46710923,99.68
"miasma",19,46710942,99.68
"microscopes",19,46710961,99.68
"militarized",19,46710980,99.68
"milligram",19,46710999,99.68
"milquetoast",19,46711018,99.68
"moet",19,46711037,99.68
"moistness",19,46711056,99.68
"monopolized",19,46711075,99.68
"monotheistic",19,46711094,99.68
"monstrosities",19,46711113,99.68
"mothballed",19,46711132,99.68
"mpeg",19,46711151,99.68
"muddling",19,46711170,99.68
"musharraf",19,46711189,99.68
"myopia",19,46711208,99.68
"mysore",19,46711227,99.68
"nashua",19,46711246,99.68
"naturalness",19,46711265,99.68
"navajos",19,46711284,99.68
"nelsen",19,46711303,99.68
"nighties",19,46711322,99.68
"nonjudgmental",19,46711341,99.68
"nonpayment",19,46711360,99.68
"norberto",19,46711379,99.68
"normalizing",19,46711398,99.68
"noshing",19,46711417,99.68
"notations",19,46711436,99.68
"numerically",19,46711455,99.68
"obsesses",19,46711474,99.68
"ohms",19,46711493,99.68
"ointments",19,46711512,99.68
"omnipresence",19,46711531,99.68
"onrushing",19,46711550,99.68
"outcroppings",19,46711569,99.68
"outstrips",19,46711588,99.68
"overheads",19,46711607,99.68
"overstay",19,46711626,99.68
"overstep",19,46711645,99.68
"paganini",19,46711664,99.68
"paleolithic",19,46711683,99.68
"paleontology",19,46711702,99.68
"panhandling",19,46711721,99.68
"paralytic",19,46711740,99.68
"pasteurization",19,46711759,99.68
"pawpaw",19,46711778,99.68
"peripherals",19,46711797,99.68
"personalizing",19,46711816,99.68
"pervade",19,46711835,99.68
"phallus",19,46711854,99.68
"phantasm",19,46711873,99.68
"pigging",19,46711892,99.68
"pinnacles",19,46711911,99.68
"plastering",19,46711930,99.68
"playthings",19,46711949,99.68
"plumping",19,46711968,99.68
"poisson",19,46711987,99.68
"polytheistic",19,46712006,99.68
"pompey",19,46712025,99.68
"popover",19,46712044,99.68
"porcine",19,46712063,99.68
"portentous",19,46712082,99.68
"postnatal",19,46712101,99.68
"premeditation",19,46712120,99.68
"prerogatives",19,46712139,99.68
"presets",19,46712158,99.68
"prostates",19,46712177,99.68
"prostituted",19,46712196,99.68
"provident",19,46712215,99.68
"puerile",19,46712234,99.68
"purges",19,46712253,99.68
"pyre",19,46712272,99.68
"quarks",19,46712291,99.68
"quarries",19,46712310,99.68
"quiches",19,46712329,99.68
"quintuple",19,46712348,99.68
"radium",19,46712367,99.68
"rancorous",19,46712386,99.68
"rangoon",19,46712405,99.68
"readies",19,46712424,99.68
"realer",19,46712443,99.68
"rebutted",19,46712462,99.69
"reciprocation",19,46712481,99.69
"reconditioned",19,46712500,99.69
"reconfiguration",19,46712519,99.69
"refinements",19,46712538,99.69
"regenerated",19,46712557,99.69
"regressing",19,46712576,99.69
"repatriate",19,46712595,99.69
"reprogrammed",19,46712614,99.69
"residues",19,46712633,99.69
"retakes",19,46712652,99.69
"retinas",19,46712671,99.69
"retinue",19,46712690,99.69
"retread",19,46712709,99.69
"retried",19,46712728,99.69
"returnable",19,46712747,99.69
"rewiring",19,46712766,99.69
"rhododendrons",19,46712785,99.69
"ridged",19,46712804,99.69
"rifling",19,46712823,99.69
"riga",19,46712842,99.69
"roomed",19,46712861,99.69
"rotors",19,46712880,99.69
"rubbermaid",19,46712899,99.69
"ruffian",19,46712918,99.69
"runes",19,46712937,99.69
"ruptures",19,46712956,99.69
"sackcloth",19,46712975,99.69
"salesmanship",19,46712994,99.69
"savaged",19,46713013,99.69
"savors",19,46713032,99.69
"scalped",19,46713051,99.69
"schenectady",19,46713070,99.69
"schmaltz",19,46713089,99.69
"scolds",19,46713108,99.69
"scrapers",19,46713127,99.69
"scriptwriter",19,46713146,99.69
"scurries",19,46713165,99.69
"scurrilous",19,46713184,99.69
"seagram",19,46713203,99.69
"seaplane",19,46713222,99.69
"segovia",19,46713241,99.69
"sequestration",19,46713260,99.69
"sexless",19,46713279,99.69
"shadowbox",19,46713298,99.69
"shanties",19,46713317,99.69
"shimmied",19,46713336,99.69
"shims",19,46713355,99.69
"shoeshine",19,46713374,99.69
"shoplifter",19,46713393,99.69
"sicknesses",19,46713412,99.69
"sideshows",19,46713431,99.69
"sidetrack",19,46713450,99.69
"simplex",19,46713469,99.69
"skewering",19,46713488,99.69
"skittering",19,46713507,99.69
"sleepily",19,46713526,99.69
"slights",19,46713545,99.69
"slipcovers",19,46713564,99.69
"sloppily",19,46713583,99.69
"smallness",19,46713602,99.69
"smelting",19,46713621,99.69
"smote",19,46713640,99.69
"somme",19,46713659,99.69
"somoza",19,46713678,99.69
"sopping",19,46713697,99.69
"sorties",19,46713716,99.69
"sovereigns",19,46713735,99.69
"spawns",19,46713754,99.69
"spokespersons",19,46713773,99.69
"squelched",19,46713792,99.69
"stabilizers",19,46713811,99.69
"staved",19,46713830,99.69
"steams",19,46713849,99.69
"steppe",19,46713868,99.69
"stiffest",19,46713887,99.69
"stigmata",19,46713906,99.69
"stippling",19,46713925,99.69
"stopwatch",19,46713944,99.69
"straightforwardly",19,46713963,99.69
"strummed",19,46713982,99.69
"subservience",19,46714001,99.69
"subtropical",19,46714020,99.69
"suckle",19,46714039,99.69
"sudsy",19,46714058,99.69
"supersize",19,46714077,99.69
"surtax",19,46714096,99.69
"sweatshops",19,46714115,99.69
"syndromes",19,46714134,99.69
"synthesize",19,46714153,99.69
"tantalize",19,46714172,99.69
"tbilisi",19,46714191,99.69
"televising",19,46714210,99.69
"terminators",19,46714229,99.69
"teutonic",19,46714248,99.69
"thalia",19,46714267,99.69
"thallium",19,46714286,99.69
"thickets",19,46714305,99.69
"thrombosis",19,46714324,99.69
"thronged",19,46714343,99.69
"throughput",19,46714362,99.69
"toadies",19,46714381,99.69
"tonsil",19,46714400,99.69
"topographical",19,46714419,99.69
"totter",19,46714438,99.69
"transom",19,46714457,99.69
"trikes",19,46714476,99.69
"triumphal",19,46714495,99.69
"triumphing",19,46714514,99.69
"troilus",19,46714533,99.69
"tunney",19,46714552,99.69
"turnouts",19,46714571,99.69
"twinges",19,46714590,99.69
"twitted",19,46714609,99.69
"undated",19,46714628,99.69
"underachiever",19,46714647,99.69
"undesirables",19,46714666,99.69
"ungainly",19,46714685,99.69
"unlisted",19,46714704,99.69
"unmentionables",19,46714723,99.69
"unrecorded",19,46714742,99.69
"unreservedly",19,46714761,99.69
"unruffled",19,46714780,99.69
"untruth",19,46714799,99.69
"upi",19,46714818,99.69
"urea",19,46714837,99.69
"usurpation",19,46714856,99.69
"vandalizing",19,46714875,99.69
"varicose",19,46714894,99.69
"vehemence",19,46714913,99.69
"ventricular",19,46714932,99.69
"verbosity",19,46714951,99.69
"vulgarities",19,46714970,99.69
"waives",19,46714989,99.69
"waldos",19,46715008,99.69
"wastelands",19,46715027,99.69
"welders",19,46715046,99.69
"whaler",19,46715065,99.69
"whigs",19,46715084,99.69
"whimsically",19,46715103,99.69
"wined",19,46715122,99.69
"winnowed",19,46715141,99.69
"winnowing",19,46715160,99.69
"woodcock",19,46715179,99.69
"workloads",19,46715198,99.69
"wrens",19,46715217,99.69
"zealously",19,46715236,99.69
"ziegfeld",19,46715255,99.69
"abdicate",18,46715273,99.69
"abstracted",18,46715291,99.69
"abstruse",18,46715309,99.69
"acceptability",18,46715327,99.69
"acolyte",18,46715345,99.69
"adjudicate",18,46715363,99.69
"adolfo",18,46715381,99.69
"adriatic",18,46715399,99.69
"afflicting",18,46715417,99.69
"affronted",18,46715435,99.69
"alacrity",18,46715453,99.69
"alcoves",18,46715471,99.69
"alders",18,46715489,99.69
"algebraic",18,46715507,99.69
"allayed",18,46715525,99.69
"angriest",18,46715543,99.69
"annular",18,46715561,99.69
"antihistamines",18,46715579,99.69
"apertures",18,46715597,99.69
"archduke",18,46715615,99.69
"argon",18,46715633,99.69
"assassinating",18,46715651,99.69
"assay",18,46715669,99.69
"astronomically",18,46715687,99.69
"asynchronous",18,46715705,99.69
"atherosclerosis",18,46715723,99.69
"audibles",18,46715741,99.69
"autoworkers",18,46715759,99.69
"axial",18,46715777,99.69
"bandy",18,46715795,99.69
"bankrolling",18,46715813,99.69
"bartered",18,46715831,99.69
"bassinets",18,46715849,99.69
"bataan",18,46715867,99.69
"bathhouse",18,46715885,99.69
"beagles",18,46715903,99.69
"beatification",18,46715921,99.69
"becket",18,46715939,99.69
"beelzebub",18,46715957,99.69
"behan",18,46715975,99.69
"beholding",18,46715993,99.69
"belay",18,46716011,99.69
"belligerence",18,46716029,99.69
"benin",18,46716047,99.69
"bernbach",18,46716065,99.69
"beseeching",18,46716083,99.69
"betrayer",18,46716101,99.69
"bidet",18,46716119,99.69
"bigamy",18,46716137,99.69
"bilking",18,46716155,99.69
"bimbos",18,46716173,99.69
"bissau",18,46716191,99.69
"bitumen",18,46716209,99.69
"blabbing",18,46716227,99.69
"blackish",18,46716245,99.69
"blanching",18,46716263,99.69
"blonds",18,46716281,99.69
"bluebeard",18,46716299,99.69
"blundered",18,46716317,99.69
"boardwalks",18,46716335,99.69
"bogie",18,46716353,99.69
"bondsman",18,46716371,99.69
"bonito",18,46716389,99.69
"bops",18,46716407,99.69
"braked",18,46716425,99.69
"breastplate",18,46716443,99.69
"bromide",18,46716461,99.69
"bronzes",18,46716479,99.69
"brzezinski",18,46716497,99.69
"bulling",18,46716515,99.69
"burglarizing",18,46716533,99.69
"busboy",18,46716551,99.69
"cabrini",18,46716569,99.69
"cadenza",18,46716587,99.69
"cadres",18,46716605,99.69
"cajoled",18,46716623,99.69
"camisole",18,46716641,99.69
"candide",18,46716659,99.69
"canonized",18,46716677,99.69
"carmela",18,46716695,99.69
"carousing",18,46716713,99.69
"cartesian",18,46716731,99.69
"catapulting",18,46716749,99.69
"catawba",18,46716767,99.69
"cathleen",18,46716785,99.69
"cellulose",18,46716803,99.69
"centipedes",18,46716821,99.69
"chaplaincy",18,46716839,99.69
"charitably",18,46716857,99.69
"chattel",18,46716875,99.69
"chicories",18,46716893,99.69
"chrystal",18,46716911,99.69
"clampdown",18,46716929,99.69
"clef",18,46716947,99.69
"clinches",18,46716965,99.69
"cloaking",18,46716983,99.69
"clobber",18,46717001,99.69
"clownish",18,46717019,99.69
"clumped",18,46717037,99.69
"coastlines",18,46717055,99.69
"cobbles",18,46717073,99.69
"cobs",18,46717091,99.69
"cockeyed",18,46717109,99.69
"collated",18,46717127,99.69
"composes",18,46717145,99.7
"confidentially",18,46717163,99.7
"conformation",18,46717181,99.7
"conscripted",18,46717199,99.7
"consolidates",18,46717217,99.7
"construe",18,46717235,99.7
"contorting",18,46717253,99.7
"controversially",18,46717271,99.7
"conundrums",18,46717289,99.7
"convertibles",18,46717307,99.7
"cormorant",18,46717325,99.7
"cornet",18,46717343,99.7
"corns",18,46717361,99.7
"counterweight",18,46717379,99.7
"courtiers",18,46717397,99.7
"covetousness",18,46717415,99.7
"cranial",18,46717433,99.7
"creaked",18,46717451,99.7
"creativeness",18,46717469,99.7
"creditable",18,46717487,99.7
"crinoline",18,46717505,99.7
"crystallize",18,46717523,99.7
"culvert",18,46717541,99.7
"cumulatively",18,46717559,99.7
"curler",18,46717577,99.7
"dalmatians",18,46717595,99.7
"deadening",18,46717613,99.7
"decant",18,46717631,99.7
"deceives",18,46717649,99.7
"deductive",18,46717667,99.7
"deletion",18,46717685,99.7
"delude",18,46717703,99.7
"demagogue",18,46717721,99.7
"demerits",18,46717739,99.7
"demeter",18,46717757,99.7
"demotions",18,46717775,99.7
"denominated",18,46717793,99.7
"denoted",18,46717811,99.7
"dependencies",18,46717829,99.7
"depopulation",18,46717847,99.7
"depose",18,46717865,99.7
"desalination",18,46717883,99.7
"despotism",18,46717901,99.7
"destructing",18,46717919,99.7
"diatribes",18,46717937,99.7
"dido",18,46717955,99.7
"discards",18,46717973,99.7
"disembarking",18,46717991,99.7
"disenfranchisement",18,46718009,99.7
"dissenter",18,46718027,99.7
"diuretics",18,46718045,99.7
"doles",18,46718063,99.7
"dotcom",18,46718081,99.7
"drachma",18,46718099,99.7
"dray",18,46718117,99.7
"dreiser",18,46718135,99.7
"dribbler",18,46718153,99.7
"drownings",18,46718171,99.7
"dullest",18,46718189,99.7
"earlobe",18,46718207,99.7
"earp",18,46718225,99.7
"easters",18,46718243,99.7
"einsteins",18,46718261,99.7
"elfin",18,46718279,99.7
"elixirs",18,46718297,99.7
"ellipsis",18,46718315,99.7
"emacs",18,46718333,99.7
"emceed",18,46718351,99.7
"emir",18,46718369,99.7
"encephalitis",18,46718387,99.7
"equestrians",18,46718405,99.7
"eugenio",18,46718423,99.7
"euphemisms",18,46718441,99.7
"exaggerations",18,46718459,99.7
"excellency",18,46718477,99.7
"execrable",18,46718495,99.7
"exhorts",18,46718513,99.7
"expository",18,46718531,99.7
"extorting",18,46718549,99.7
"extrinsic",18,46718567,99.7
"exultation",18,46718585,99.7
"factional",18,46718603,99.7
"fairyland",18,46718621,99.7
"faraday",18,46718639,99.7
"festivity",18,46718657,99.7
"feudalism",18,46718675,99.7
"filleted",18,46718693,99.7
"fingerprinted",18,46718711,99.7
"flagellum",18,46718729,99.7
"flipflops",18,46718747,99.7
"floorboard",18,46718765,99.7
"fluffing",18,46718783,99.7
"fluttery",18,46718801,99.7
"foiling",18,46718819,99.7
"footfall",18,46718837,99.7
"forewarning",18,46718855,99.7
"fruitcakes",18,46718873,99.7
"funkier",18,46718891,99.7
"galoshes",18,46718909,99.7
"ganged",18,46718927,99.7
"gaucho",18,46718945,99.7
"gawked",18,46718963,99.7
"geophysical",18,46718981,99.7
"gesticulating",18,46718999,99.7
"gherkins",18,46719017,99.7
"gladiatorial",18,46719035,99.7
"globetrotter",18,46719053,99.7
"godmothers",18,46719071,99.7
"gongs",18,46719089,99.7
"goofs",18,46719107,99.7
"gordimer",18,46719125,99.7
"gored",18,46719143,99.7
"grebes",18,46719161,99.7
"grossness",18,46719179,99.7
"grousing",18,46719197,99.7
"guano",18,46719215,99.7
"gullibility",18,46719233,99.7
"guppy",18,46719251,99.7
"gusset",18,46719269,99.7
"gymnasiums",18,46719287,99.7
"hastening",18,46719305,99.7
"hawked",18,46719323,99.7
"haystacks",18,46719341,99.7
"hearken",18,46719359,99.7
"hearkens",18,46719377,99.7
"hedgerow",18,46719395,99.7
"heedless",18,46719413,99.7
"hegelian",18,46719431,99.7
"helios",18,46719449,99.7
"herewith",18,46719467,99.7
"hieroglyphics",18,46719485,99.7
"hitchhikers",18,46719503,99.7
"hoodwink",18,46719521,99.7
"hooted",18,46719539,99.7
"housemaid",18,46719557,99.7
"hoyle",18,46719575,99.7
"humanoids",18,46719593,99.7
"hypertext",18,46719611,99.7
"hyphens",18,46719629,99.7
"hypnotizing",18,46719647,99.7
"icelanders",18,46719665,99.7
"idiomatic",18,46719683,99.7
"immobilized",18,46719701,99.7
"immolation",18,46719719,99.7
"improbability",18,46719737,99.7
"incontinent",18,46719755,99.7
"indivisible",18,46719773,99.7
"infantryman",18,46719791,99.7
"infest",18,46719809,99.7
"inflections",18,46719827,99.7
"informality",18,46719845,99.7
"ingrown",18,46719863,99.7
"inheritor",18,46719881,99.7
"inoculated",18,46719899,99.7
"insinuation",18,46719917,99.7
"insolence",18,46719935,99.7
"insolent",18,46719953,99.7
"insomniacs",18,46719971,99.7
"instigators",18,46719989,99.7
"integer",18,46720007,99.7
"intellectualism",18,46720025,99.7
"intemperate",18,46720043,99.7
"interlaced",18,46720061,99.7
"interlink",18,46720079,99.7
"intertwining",18,46720097,99.7
"intransigence",18,46720115,99.7
"intuitions",18,46720133,99.7
"invalidating",18,46720151,99.7
"isolationist",18,46720169,99.7
"jangling",18,46720187,99.7
"jeering",18,46720205,99.7
"jerkin",18,46720223,99.7
"jesters",18,46720241,99.7
"jiggled",18,46720259,99.7
"jimmies",18,46720277,99.7
"jonson",18,46720295,99.7
"jowl",18,46720313,99.7
"jowls",18,46720331,99.7
"junipers",18,46720349,99.7
"knievel",18,46720367,99.7
"knightly",18,46720385,99.7
"kristopher",18,46720403,99.7
"kronor",18,46720421,99.7
"lanolin",18,46720439,99.7
"lanyards",18,46720457,99.7
"laotian",18,46720475,99.7
"larva",18,46720493,99.7
"latecomers",18,46720511,99.7
"latvian",18,46720529,99.7
"lawbreakers",18,46720547,99.7
"lefts",18,46720565,99.7
"legitimizing",18,46720583,99.7
"legume",18,46720601,99.7
"leibniz",18,46720619,99.7
"lenora",18,46720637,99.7
"lents",18,46720655,99.7
"leotards",18,46720673,99.7
"lesbianism",18,46720691,99.7
"lesion",18,46720709,99.7
"levitating",18,46720727,99.7
"lewdness",18,46720745,99.7
"lhasa",18,46720763,99.7
"liberators",18,46720781,99.7
"lilia",18,46720799,99.7
"livened",18,46720817,99.7
"loosens",18,46720835,99.7
"lucile",18,46720853,99.7
"lurker",18,46720871,99.7
"lynched",18,46720889,99.7
"malabar",18,46720907,99.7
"mannheim",18,46720925,99.7
"masthead",18,46720943,99.7
"masturbated",18,46720961,99.7
"matronly",18,46720979,99.7
"mayra",18,46720997,99.7
"mealtimes",18,46721015,99.7
"meditates",18,46721033,99.7
"megapixels",18,46721051,99.7
"megs",18,46721069,99.7
"melisa",18,46721087,99.7
"menaced",18,46721105,99.7
"mews",18,46721123,99.7
"michelson",18,46721141,99.7
"minutely",18,46721159,99.7
"misjudge",18,46721177,99.7
"mockingly",18,46721195,99.7
"molar",18,46721213,99.7
"monsoons",18,46721231,99.7
"moodiness",18,46721249,99.7
"mooing",18,46721267,99.7
"moralizing",18,46721285,99.7
"morpheus",18,46721303,99.7
"motored",18,46721321,99.7
"mudslides",18,46721339,99.7
"muenster",18,46721357,99.7
"mutate",18,46721375,99.7
"mutes",18,46721393,99.7
"mutineers",18,46721411,99.7
"nagoya",18,46721429,99.7
"nebuchadnezzar",18,46721447,99.7
"necklines",18,46721465,99.7
"negligently",18,46721483,99.7
"neurotransmitters",18,46721501,99.7
"neutralizes",18,46721519,99.7
"newsboy",18,46721537,99.7
"newsboys",18,46721555,99.7
"nickolas",18,46721573,99.7
"nimrod",18,46721591,99.7
"nodules",18,46721609,99.7
"nominates",18,46721627,99.7
"nonbelievers",18,46721645,99.7
"nonconformist",18,46721663,99.7
"nontoxic",18,46721681,99.7
"numeracy",18,46721699,99.7
"omnipotence",18,46721717,99.7
"oneal",18,46721735,99.7
"opprobrium",18,46721753,99.7
"optometry",18,46721771,99.7
"orthodontics",18,46721789,99.7
"outlasts",18,46721807,99.7
"overacting",18,46721825,99.7
"overcharging",18,46721843,99.71
"overhand",18,46721861,99.71
"overpowers",18,46721879,99.71
"pacification",18,46721897,99.71
"pacifism",18,46721915,99.71
"paddocks",18,46721933,99.71
"palest",18,46721951,99.71
"panoply",18,46721969,99.71
"parabola",18,46721987,99.71
"parachuting",18,46722005,99.71
"parodying",18,46722023,99.71
"parroting",18,46722041,99.71
"parsifal",18,46722059,99.71
"partitioned",18,46722077,99.71
"pauli",18,46722095,99.71
"pauling",18,46722113,99.71
"paydays",18,46722131,99.71
"peals",18,46722149,99.71
"pegging",18,46722167,99.71
"pelts",18,46722185,99.71
"perimeters",18,46722203,99.71
"perpetrating",18,46722221,99.71
"persnickety",18,46722239,99.71
"personages",18,46722257,99.71
"persuasions",18,46722275,99.71
"peruvians",18,46722293,99.71
"petites",18,46722311,99.71
"philosophizing",18,46722329,99.71
"physiotherapy",18,46722347,99.71
"pinion",18,46722365,99.71
"piques",18,46722383,99.71
"piranhas",18,46722401,99.71
"plait",18,46722419,99.71
"planar",18,46722437,99.71
"plaything",18,46722455,99.71
"plumed",18,46722473,99.71
"pluralistic",18,46722491,99.71
"polyphony",18,46722509,99.71
"pontifical",18,46722527,99.71
"porcupines",18,46722545,99.71
"porfirio",18,46722563,99.71
"potshots",18,46722581,99.71
"pottering",18,46722599,99.71
"pouted",18,46722617,99.71
"preconditions",18,46722635,99.71
"preempted",18,46722653,99.71
"prepositions",18,46722671,99.71
"proffer",18,46722689,99.71
"projectionist",18,46722707,99.71
"prompter",18,46722725,99.71
"pronunciations",18,46722743,99.71
"proofreader",18,46722761,99.71
"protrude",18,46722779,99.71
"provable",18,46722797,99.71
"prurient",18,46722815,99.71
"psychically",18,46722833,99.71
"pulleys",18,46722851,99.71
"pulps",18,46722869,99.71
"punctures",18,46722887,99.71
"pursing",18,46722905,99.71
"pushkin",18,46722923,99.71
"quechua",18,46722941,99.71
"rastafarian",18,46722959,99.71
"rattler",18,46722977,99.71
"realists",18,46722995,99.71
"receivable",18,46723013,99.71
"recognizably",18,46723031,99.71
"rectifying",18,46723049,99.71
"rehnquist",18,46723067,99.71
"relocates",18,46723085,99.71
"reminisces",18,46723103,99.71
"repeatable",18,46723121,99.71
"reprimanding",18,46723139,99.71
"resonances",18,46723157,99.71
"restorer",18,46723175,99.71
"retching",18,46723193,99.71
"retouched",18,46723211,99.71
"rickenbacker",18,46723229,99.71
"ripens",18,46723247,99.71
"romanov",18,46723265,99.71
"rooks",18,46723283,99.71
"roosting",18,46723301,99.71
"roseann",18,46723319,99.71
"rubberized",18,46723337,99.71
"rubes",18,46723355,99.71
"runaround",18,46723373,99.71
"saarinen",18,46723391,99.71
"saboteurs",18,46723409,99.71
"sashes",18,46723427,99.71
"saturating",18,46723445,99.71
"schmoozing",18,46723463,99.71
"schnauzer",18,46723481,99.71
"schoolteachers",18,46723499,99.71
"scofflaw",18,46723517,99.71
"screwy",18,46723535,99.71
"scruples",18,46723553,99.71
"secretion",18,46723571,99.71
"sediments",18,46723589,99.71
"seethed",18,46723607,99.71
"segregating",18,46723625,99.71
"semiotics",18,46723643,99.71
"sequentially",18,46723661,99.71
"sharps",18,46723679,99.71
"sheepskin",18,46723697,99.71
"shirred",18,46723715,99.71
"sidled",18,46723733,99.71
"silencer",18,46723751,99.71
"slammers",18,46723769,99.71
"slickly",18,46723787,99.71
"slithers",18,46723805,99.71
"slitting",18,46723823,99.71
"sloe",18,46723841,99.71
"slovenly",18,46723859,99.71
"smetana",18,46723877,99.71
"smudging",18,46723895,99.71
"smutty",18,46723913,99.71
"snickered",18,46723931,99.71
"snitched",18,46723949,99.71
"snowblower",18,46723967,99.71
"softy",18,46723985,99.71
"soundproof",18,46724003,99.71
"spaying",18,46724021,99.71
"speakeasies",18,46724039,99.71
"speller",18,46724057,99.71
"spiritualism",18,46724075,99.71
"spluttering",18,46724093,99.71
"squiggle",18,46724111,99.71
"staunchest",18,46724129,99.71
"stieglitz",18,46724147,99.71
"stimson",18,46724165,99.71
"storks",18,46724183,99.71
"striated",18,46724201,99.71
"studebaker",18,46724219,99.71
"subcommittees",18,46724237,99.71
"subordinated",18,46724255,99.71
"suddenness",18,46724273,99.71
"sunbathe",18,46724291,99.71
"suwanee",18,46724309,99.71
"swatter",18,46724327,99.71
"switchback",18,46724345,99.71
"swivels",18,46724363,99.71
"synergistic",18,46724381,99.71
"synthesizing",18,46724399,99.71
"takings",18,46724417,99.71
"tams",18,46724435,99.71
"taoism",18,46724453,99.71
"tearjerker",18,46724471,99.71
"temperaments",18,46724489,99.71
"tenaciously",18,46724507,99.71
"tepee",18,46724525,99.71
"thatch",18,46724543,99.71
"thuds",18,46724561,99.71
"tills",18,46724579,99.71
"tinting",18,46724597,99.71
"tipper",18,46724615,99.71
"tipsters",18,46724633,99.71
"toddies",18,46724651,99.71
"toleration",18,46724669,99.71
"tollbooth",18,46724687,99.71
"toque",18,46724705,99.71
"torchlight",18,46724723,99.71
"tormentor",18,46724741,99.71
"torturer",18,46724759,99.71
"transcriptions",18,46724777,99.71
"transmute",18,46724795,99.71
"trapezoid",18,46724813,99.71
"trekkie",18,46724831,99.71
"trendier",18,46724849,99.71
"trilogies",18,46724867,99.71
"tripods",18,46724885,99.71
"turnkey",18,46724903,99.71
"turnstile",18,46724921,99.71
"turpentine",18,46724939,99.71
"turpitude",18,46724957,99.71
"twerking",18,46724975,99.71
"typify",18,46724993,99.71
"ukrainians",18,46725011,99.71
"ultimatums",18,46725029,99.71
"undercurrents",18,46725047,99.71
"undergarment",18,46725065,99.71
"underpin",18,46725083,99.71
"underpins",18,46725101,99.71
"unerring",18,46725119,99.71
"unprincipled",18,46725137,99.71
"unquestioning",18,46725155,99.71
"unselfishness",18,46725173,99.71
"unsparing",18,46725191,99.71
"unstated",18,46725209,99.71
"untying",18,46725227,99.71
"unworthiness",18,46725245,99.71
"upanishads",18,46725263,99.71
"uppercase",18,46725281,99.71
"upsides",18,46725299,99.71
"uzi",18,46725317,99.71
"vaccinating",18,46725335,99.71
"verticals",18,46725353,99.71
"vicissitudes",18,46725371,99.71
"victimize",18,46725389,99.71
"visors",18,46725407,99.71
"viticulture",18,46725425,99.71
"wackiness",18,46725443,99.71
"wackos",18,46725461,99.71
"waistcoat",18,46725479,99.71
"walling",18,46725497,99.71
"waterboarded",18,46725515,99.71
"wearying",18,46725533,99.71
"wend",18,46725551,99.71
"wheezy",18,46725569,99.71
"whippersnappers",18,46725587,99.71
"witless",18,46725605,99.71
"wrongheaded",18,46725623,99.71
"wroth",18,46725641,99.71
"yeltsin",18,46725659,99.71
"youngish",18,46725677,99.71
"zapper",18,46725695,99.71
"aberrations",17,46725712,99.71
"adan",17,46725729,99.71
"aerials",17,46725746,99.71
"aeschylus",17,46725763,99.71
"aggrandizement",17,46725780,99.71
"alaskans",17,46725797,99.71
"alyce",17,46725814,99.71
"ambidextrous",17,46725831,99.71
"antagonizing",17,46725848,99.71
"antifreeze",17,46725865,99.71
"apollos",17,46725882,99.71
"appellants",17,46725899,99.71
"apportioned",17,46725916,99.71
"appraising",17,46725933,99.71
"arequipa",17,46725950,99.71
"armament",17,46725967,99.71
"arrears",17,46725984,99.71
"arsenals",17,46726001,99.71
"ascii",17,46726018,99.71
"ascribes",17,46726035,99.71
"aspens",17,46726052,99.71
"attucks",17,46726069,99.71
"attune",17,46726086,99.71
"aughts",17,46726103,99.71
"aurelia",17,46726120,99.71
"austrians",17,46726137,99.71
"autumns",17,46726154,99.71
"babied",17,46726171,99.71
"babyish",17,46726188,99.71
"backslide",17,46726205,99.71
"backspace",17,46726222,99.71
"bearnaise",17,46726239,99.71
"beautified",17,46726256,99.71
"beguiled",17,46726273,99.71
"benet",17,46726290,99.71
"benighted",17,46726307,99.71
"beryllium",17,46726324,99.71
"bhopal",17,46726341,99.71
"billowed",17,46726358,99.71
"binges",17,46726375,99.71
"bipedal",17,46726392,99.71
"birthrate",17,46726409,99.71
"blessedness",17,46726426,99.71
"blotches",17,46726443,99.71
"bobbled",17,46726460,99.71
"bolshoi",17,46726477,99.71
"bombshells",17,46726494,99.71
"bookmaking",17,46726511,99.71
"bridger",17,46726528,99.72
"bronchial",17,46726545,99.72
"brr",17,46726562,99.72
"buckshot",17,46726579,99.72
"bulldoze",17,46726596,99.72
"bumpkin",17,46726613,99.72
"bungle",17,46726630,99.72
"caking",17,46726647,99.72
"callouses",17,46726664,99.72
"carafes",17,46726681,99.72
"carping",17,46726698,99.72
"casement",17,46726715,99.72
"castigating",17,46726732,99.72
"catapults",17,46726749,99.72
"catastrophically",17,46726766,99.72
"catchall",17,46726783,99.72
"cathay",17,46726800,99.72
"caulking",17,46726817,99.72
"cerebellum",17,46726834,99.72
"certitude",17,46726851,99.72
"champing",17,46726868,99.72
"cheapens",17,46726885,99.72
"chiba",17,46726902,99.72
"chicanery",17,46726919,99.72
"chickweed",17,46726936,99.72
"chortle",17,46726953,99.72
"chowed",17,46726970,99.72
"chrysanthemums",17,46726987,99.72
"chumash",17,46727004,99.72
"clattered",17,46727021,99.72
"clods",17,46727038,99.72
"cloister",17,46727055,99.72
"clubhouses",17,46727072,99.72
"clunk",17,46727089,99.72
"cobweb",17,46727106,99.72
"cohabiting",17,46727123,99.72
"collectivist",17,46727140,99.72
"cols",17,46727157,99.72
"comely",17,46727174,99.72
"commutation",17,46727191,99.72
"compartmentalized",17,46727208,99.72
"comport",17,46727225,99.72
"condenser",17,46727242,99.72
"confederations",17,46727259,99.72
"confidants",17,46727276,99.72
"conglomeration",17,46727293,99.72
"connote",17,46727310,99.72
"contaminant",17,46727327,99.72
"continuations",17,46727344,99.72
"contrive",17,46727361,99.72
"contusion",17,46727378,99.72
"copacabana",17,46727395,99.72
"copiously",17,46727412,99.72
"cording",17,46727429,99.72
"correspondingly",17,46727446,99.72
"cotillion",17,46727463,99.72
"cottontail",17,46727480,99.72
"cottonwoods",17,46727497,99.72
"counterclockwise",17,46727514,99.72
"counteroffer",17,46727531,99.72
"countrified",17,46727548,99.72
"coursed",17,46727565,99.72
"crags",17,46727582,99.72
"cremations",17,46727599,99.72
"crooned",17,46727616,99.72
"croup",17,46727633,99.72
"crustacean",17,46727650,99.72
"cums",17,46727667,99.72
"curdle",17,46727684,99.72
"curios",17,46727701,99.72
"cyclic",17,46727718,99.72
"dalliance",17,46727735,99.72
"dallying",17,46727752,99.72
"damion",17,46727769,99.72
"dawdling",17,46727786,99.72
"deana",17,46727803,99.72
"decompression",17,46727820,99.72
"decontamination",17,46727837,99.72
"deeps",17,46727854,99.72
"deleveraging",17,46727871,99.72
"demagogues",17,46727888,99.72
"demote",17,46727905,99.72
"deniability",17,46727922,99.72
"derails",17,46727939,99.72
"detonation",17,46727956,99.72
"devalues",17,46727973,99.72
"dibble",17,46727990,99.72
"dimwitted",17,46728007,99.72
"dioxins",17,46728024,99.72
"disables",17,46728041,99.72
"displeasing",17,46728058,99.72
"disqualifies",17,46728075,99.72
"disuse",17,46728092,99.72
"doctorates",17,46728109,99.72
"dooming",17,46728126,99.72
"dopes",17,46728143,99.72
"downswing",17,46728160,99.72
"dramatize",17,46728177,99.72
"dreadnought",17,46728194,99.72
"drizzles",17,46728211,99.72
"dunce",17,46728228,99.72
"earmarking",17,46728245,99.72
"earmuffs",17,46728262,99.72
"earthworks",17,46728279,99.72
"eisenstein",17,46728296,99.72
"elegiac",17,46728313,99.72
"ellipse",17,46728330,99.72
"embargoes",17,46728347,99.72
"enslaving",17,46728364,99.72
"estimator",17,46728381,99.72
"euphrates",17,46728398,99.72
"expending",17,46728415,99.72
"expropriated",17,46728432,99.72
"exterminators",17,46728449,99.72
"eyeful",17,46728466,99.72
"fallibility",17,46728483,99.72
"fatherland",17,46728500,99.72
"fathoms",17,46728517,99.72
"faulting",17,46728534,99.72
"flacks",17,46728551,99.72
"flairs",17,46728568,99.72
"flits",17,46728585,99.72
"flubs",17,46728602,99.72
"fluffier",17,46728619,99.72
"flunking",17,46728636,99.72
"foghorn",17,46728653,99.72
"fomenting",17,46728670,99.72
"footstool",17,46728687,99.72
"forlornly",17,46728704,99.72
"fracked",17,46728721,99.72
"frieda",17,46728738,99.72
"friendless",17,46728755,99.72
"friendlies",17,46728772,99.72
"frightfully",17,46728789,99.72
"frill",17,46728806,99.72
"frond",17,46728823,99.72
"gabbing",17,46728840,99.72
"galahad",17,46728857,99.72
"gallops",17,46728874,99.72
"gantry",17,46728891,99.72
"ghostwriter",17,46728908,99.72
"girders",17,46728925,99.72
"gish",17,46728942,99.72
"glints",17,46728959,99.72
"glowering",17,46728976,99.72
"gnarls",17,46728993,99.72
"gobbles",17,46729010,99.72
"gossiped",17,46729027,99.72
"gramophone",17,46729044,99.72
"greenbacks",17,46729061,99.72
"guileless",17,46729078,99.72
"gumbel",17,46729095,99.72
"gushers",17,46729112,99.72
"hairdressing",17,46729129,99.72
"hallucinate",17,46729146,99.72
"hamming",17,46729163,99.72
"handwork",17,46729180,99.72
"hardcovers",17,46729197,99.72
"hashish",17,46729214,99.72
"hastens",17,46729231,99.72
"heartsick",17,46729248,99.72
"heftier",17,46729265,99.72
"hemline",17,46729282,99.72
"hogshead",17,46729299,99.72
"homesteaders",17,46729316,99.72
"honorarium",17,46729333,99.72
"hoofing",17,46729350,99.72
"hoofs",17,46729367,99.72
"huns",17,46729384,99.72
"hurdlers",17,46729401,99.72
"hypersensitive",17,46729418,99.72
"hypoglycemia",17,46729435,99.72
"iconoclasts",17,46729452,99.72
"idolatrous",17,46729469,99.72
"ignoramus",17,46729486,99.72
"imminently",17,46729503,99.72
"impostors",17,46729520,99.72
"incarnated",17,46729537,99.72
"incivility",17,46729554,99.72
"individualist",17,46729571,99.72
"inestimable",17,46729588,99.72
"infidelities",17,46729605,99.72
"ingeniously",17,46729622,99.72
"inhales",17,46729639,99.72
"inoculate",17,46729656,99.72
"insinuations",17,46729673,99.72
"intercepts",17,46729690,99.72
"interplanetary",17,46729707,99.72
"intrudes",17,46729724,99.72
"irascible",17,46729741,99.72
"irregularly",17,46729758,99.72
"ishtar",17,46729775,99.72
"isuzu",17,46729792,99.72
"jettisoning",17,46729809,99.72
"joists",17,46729826,99.72
"juicier",17,46729843,99.72
"kantian",17,46729860,99.72
"kens",17,46729877,99.72
"keogh",17,46729894,99.72
"keystroke",17,46729911,99.72
"khrushchev",17,46729928,99.72
"klimt",17,46729945,99.72
"kneecaps",17,46729962,99.72
"knobby",17,46729979,99.72
"kowtowing",17,46729996,99.72
"ladles",17,46730013,99.72
"laggard",17,46730030,99.72
"lampposts",17,46730047,99.72
"lathered",17,46730064,99.72
"layperson",17,46730081,99.72
"laze",17,46730098,99.72
"leashed",17,46730115,99.72
"libelous",17,46730132,99.72
"lidded",17,46730149,99.72
"likelier",17,46730166,99.72
"livia",17,46730183,99.72
"livings",17,46730200,99.72
"lockouts",17,46730217,99.72
"loraine",17,46730234,99.72
"louse",17,46730251,99.72
"lurches",17,46730268,99.72
"luxuriant",17,46730285,99.72
"magritte",17,46730302,99.72
"malingering",17,46730319,99.72
"mangling",17,46730336,99.72
"marionette",17,46730353,99.72
"marksmanship",17,46730370,99.72
"marshaled",17,46730387,99.72
"marsupial",17,46730404,99.72
"marten",17,46730421,99.72
"marva",17,46730438,99.72
"mathewson",17,46730455,99.72
"matterhorn",17,46730472,99.72
"meddlesome",17,46730489,99.72
"mellifluous",17,46730506,99.72
"militarism",17,46730523,99.72
"milken",17,46730540,99.72
"miniskirts",17,46730557,99.72
"minutia",17,46730574,99.72
"misbegotten",17,46730591,99.72
"mismanaging",17,46730608,99.72
"modding",17,46730625,99.72
"moderns",17,46730642,99.72
"molesters",17,46730659,99.72
"monongahela",17,46730676,99.72
"moray",17,46730693,99.72
"mousy",17,46730710,99.72
"muffs",17,46730727,99.72
"murk",17,46730744,99.72
"mutable",17,46730761,99.72
"nantes",17,46730778,99.72
"narwhal",17,46730795,99.72
"negev",17,46730812,99.72
"nerdiest",17,46730829,99.72
"nestling",17,46730846,99.72
"nevis",17,46730863,99.72
"nightie",17,46730880,99.72
"nitwit",17,46730897,99.72
"nkrumah",17,46730914,99.72
"noemi",17,46730931,99.72
"novelette",17,46730948,99.72
"nullifies",17,46730965,99.72
"nunnery",17,46730982,99.72
"nutritive",17,46730999,99.72
"oases",17,46731016,99.72
"obfuscate",17,46731033,99.72
"obliviousness",17,46731050,99.72
"occasioned",17,46731067,99.72
"odis",17,46731084,99.72
"oldenburg",17,46731101,99.72
"onomatopoeia",17,46731118,99.72
"orbited",17,46731135,99.72
"orifices",17,46731152,99.72
"ornithologist",17,46731169,99.72
"outdoing",17,46731186,99.72
"overachievers",17,46731203,99.73
"overexposure",17,46731220,99.73
"overindulge",17,46731237,99.73
"overruling",17,46731254,99.73
"oversimplified",17,46731271,99.73
"pallor",17,46731288,99.73
"palpably",17,46731305,99.73
"parakeets",17,46731322,99.73
"parnassus",17,46731339,99.73
"partakers",17,46731356,99.73
"pecos",17,46731373,99.73
"pelagic",17,46731390,99.73
"peninsular",17,46731407,99.73
"penitent",17,46731424,99.73
"pennsylvanian",17,46731441,99.73
"perfectionists",17,46731458,99.73
"perseveres",17,46731475,99.73
"pertained",17,46731492,99.73
"perversions",17,46731509,99.73
"pheromone",17,46731526,99.73
"phonetically",17,46731543,99.73
"piddling",17,46731560,99.73
"plasticity",17,46731577,99.73
"plotter",17,46731594,99.73
"poacher",17,46731611,99.73
"pock",17,46731628,99.73
"pocked",17,46731645,99.73
"polarities",17,46731662,99.73
"polluter",17,46731679,99.73
"poohed",17,46731696,99.73
"populists",17,46731713,99.73
"practicalities",17,46731730,99.73
"predominance",17,46731747,99.73
"preemptively",17,46731764,99.73
"pressings",17,46731781,99.73
"primitives",17,46731798,99.73
"profiteers",17,46731815,99.73
"promulgation",17,46731832,99.73
"propositioned",17,46731849,99.73
"prorated",17,46731866,99.73
"prudish",17,46731883,99.73
"purifies",17,46731900,99.73
"putters",17,46731917,99.73
"puzo",17,46731934,99.73
"quiets",17,46731951,99.73
"quizzically",17,46731968,99.73
"reappoint",17,46731985,99.73
"reawakening",17,46732002,99.73
"recapturing",17,46732019,99.73
"recasting",17,46732036,99.73
"reenter",17,46732053,99.73
"reevaluated",17,46732070,99.73
"refrigerating",17,46732087,99.73
"refutation",17,46732104,99.73
"regimental",17,46732121,99.73
"rehabs",17,46732138,99.73
"reinstalled",17,46732155,99.73
"relearning",17,46732172,99.73
"remainders",17,46732189,99.73
"remotest",17,46732206,99.73
"removers",17,46732223,99.73
"repackage",17,46732240,99.73
"repenting",17,46732257,99.73
"rerouting",17,46732274,99.73
"resounds",17,46732291,99.73
"resp",17,46732308,99.73
"retentive",17,46732325,99.73
"retype",17,46732342,99.73
"richelieu",17,46732359,99.73
"robitussin",17,46732376,99.73
"rollbacks",17,46732393,99.73
"romanticizing",17,46732410,99.73
"romps",17,46732427,99.73
"roundness",17,46732444,99.73
"royalist",17,46732461,99.73
"rubinstein",17,46732478,99.73
"rubrics",17,46732495,99.73
"ruminate",17,46732512,99.73
"sabers",17,46732529,99.73
"sadden",17,46732546,99.73
"safflower",17,46732563,99.73
"satiety",17,46732580,99.73
"sauntering",17,46732597,99.73
"scalded",17,46732614,99.73
"schematics",17,46732631,99.73
"schoolmate",17,46732648,99.73
"schumpeter",17,46732665,99.73
"scorecards",17,46732682,99.73
"scrabbling",17,46732699,99.73
"secondaries",17,46732716,99.73
"seders",17,46732733,99.73
"seismically",17,46732750,99.73
"seismologist",17,46732767,99.73
"serfdom",17,46732784,99.73
"seurat",17,46732801,99.73
"shahs",17,46732818,99.73
"shampooing",17,46732835,99.73
"shavers",17,46732852,99.73
"sheetrock",17,46732869,99.73
"shinto",17,46732886,99.73
"shooing",17,46732903,99.73
"shored",17,46732920,99.73
"shushing",17,46732937,99.73
"singe",17,46732954,99.73
"singsong",17,46732971,99.73
"sinusitis",17,46732988,99.73
"sittings",17,46733005,99.73
"skintight",17,46733022,99.73
"slanting",17,46733039,99.73
"slapdash",17,46733056,99.73
"sluggishness",17,46733073,99.73
"sonorous",17,46733090,99.73
"spackle",17,46733107,99.73
"spiny",17,46733124,99.73
"splotchy",17,46733141,99.73
"spurn",17,46733158,99.73
"spurting",17,46733175,99.73
"squids",17,46733192,99.73
"squiggles",17,46733209,99.73
"squints",17,46733226,99.73
"stairmaster",17,46733243,99.73
"stewardesses",17,46733260,99.73
"stile",17,46733277,99.73
"stonewalled",17,46733294,99.73
"stradivarius",17,46733311,99.73
"straightedge",17,46733328,99.73
"straightens",17,46733345,99.73
"stratification",17,46733362,99.73
"stubbing",17,46733379,99.73
"subcompacts",17,46733396,99.73
"subcultures",17,46733413,99.73
"subcutaneous",17,46733430,99.73
"subjectively",17,46733447,99.73
"subsiding",17,46733464,99.73
"suburbanite",17,46733481,99.73
"sufficed",17,46733498,99.73
"sumerian",17,46733515,99.73
"swabbed",17,46733532,99.73
"swabbing",17,46733549,99.73
"swamping",17,46733566,99.73
"swathe",17,46733583,99.73
"swigs",17,46733600,99.73
"synapse",17,46733617,99.73
"tarnishing",17,46733634,99.73
"tattletale",17,46733651,99.73
"taxidermist",17,46733668,99.73
"teem",17,46733685,99.73
"telephonic",17,46733702,99.73
"tenable",17,46733719,99.73
"tern",17,46733736,99.73
"tianjin",17,46733753,99.73
"tillich",17,46733770,99.73
"timescale",17,46733787,99.73
"timpani",17,46733804,99.73
"tingled",17,46733821,99.73
"tisha",17,46733838,99.73
"titter",17,46733855,99.73
"toady",17,46733872,99.73
"touchingly",17,46733889,99.73
"toughening",17,46733906,99.73
"treatises",17,46733923,99.73
"trudges",17,46733940,99.73
"tuft",17,46733957,99.73
"typesetting",17,46733974,99.73
"typewritten",17,46733991,99.73
"ultras",17,46734008,99.73
"unchristian",17,46734025,99.73
"uncompleted",17,46734042,99.73
"unconquerable",17,46734059,99.73
"undervalue",17,46734076,99.73
"unenlightened",17,46734093,99.73
"unequaled",17,46734110,99.73
"unequally",17,46734127,99.73
"unfamiliarity",17,46734144,99.73
"uninstalled",17,46734161,99.73
"unlabeled",17,46734178,99.73
"unmask",17,46734195,99.73
"unprintable",17,46734212,99.73
"unquestioningly",17,46734229,99.73
"unseasonable",17,46734246,99.73
"unseasoned",17,46734263,99.73
"unsentimental",17,46734280,99.73
"unswerving",17,46734297,99.73
"unwholesome",17,46734314,99.73
"vasectomies",17,46734331,99.73
"violas",17,46734348,99.73
"vocabularies",17,46734365,99.73
"vouched",17,46734382,99.73
"wadded",17,46734399,99.73
"waddling",17,46734416,99.73
"waders",17,46734433,99.73
"waltzed",17,46734450,99.73
"warrens",17,46734467,99.73
"washcloths",17,46734484,99.73
"westphalia",17,46734501,99.73
"wets",17,46734518,99.73
"whimpers",17,46734535,99.73
"wholehearted",17,46734552,99.73
"wingnuts",17,46734569,99.73
"wintergreen",17,46734586,99.73
"wiretapped",17,46734603,99.73
"wollstonecraft",17,46734620,99.73
"wombats",17,46734637,99.73
"wrappings",17,46734654,99.73
"wresting",17,46734671,99.73
"wringer",17,46734688,99.73
"wrongdoings",17,46734705,99.73
"wuhan",17,46734722,99.73
"yammering",17,46734739,99.73
"zachariah",17,46734756,99.73
"zagreb",17,46734773,99.73
"zeno",17,46734790,99.73
"zonked",17,46734807,99.73
"abhorrence",16,46734823,99.73
"abortive",16,46734839,99.73
"abstractly",16,46734855,99.73
"accouterments",16,46734871,99.73
"admiralty",16,46734887,99.73
"admonishes",16,46734903,99.73
"adulterer",16,46734919,99.73
"aerie",16,46734935,99.73
"akita",16,46734951,99.73
"alchemists",16,46734967,99.73
"amnesiac",16,46734983,99.73
"amputate",16,46734999,99.73
"anachronisms",16,46735015,99.73
"anagrams",16,46735031,99.73
"anglophile",16,46735047,99.73
"angolan",16,46735063,99.73
"aniseed",16,46735079,99.73
"antone",16,46735095,99.73
"anythings",16,46735111,99.73
"apogee",16,46735127,99.73
"aprils",16,46735143,99.73
"archenemy",16,46735159,99.73
"argonaut",16,46735175,99.73
"artlessly",16,46735191,99.73
"asiatic",16,46735207,99.73
"aspersions",16,46735223,99.73
"assemblages",16,46735239,99.73
"atalanta",16,46735255,99.73
"aversions",16,46735271,99.73
"avocation",16,46735287,99.73
"axiomatic",16,46735303,99.73
"bacchanal",16,46735319,99.73
"backpedaling",16,46735335,99.73
"bailiwick",16,46735351,99.73
"balderdash",16,46735367,99.73
"bathers",16,46735383,99.73
"bechtel",16,46735399,99.73
"bede",16,46735415,99.73
"behead",16,46735431,99.73
"belfry",16,46735447,99.73
"beneficent",16,46735463,99.73
"bequeath",16,46735479,99.73
"beveled",16,46735495,99.73
"bickered",16,46735511,99.73
"bigwig",16,46735527,99.73
"bimonthly",16,46735543,99.73
"birdhouses",16,46735559,99.73
"bisexuals",16,46735575,99.73
"bisquick",16,46735591,99.73
"bitterest",16,46735607,99.73
"bittorrent",16,46735623,99.73
"blab",16,46735639,99.73
"blares",16,46735655,99.73
"blaspheme",16,46735671,99.73
"bleeps",16,46735687,99.73
"bloodhounds",16,46735703,99.73
"blotchy",16,46735719,99.73
"bluer",16,46735735,99.73
"bluntness",16,46735751,99.73
"bobbles",16,46735767,99.73
"bonbon",16,46735783,99.73
"breadbasket",16,46735799,99.73
"bricklayer",16,46735815,99.73
"briquettes",16,46735831,99.73
"buffering",16,46735847,99.73
"buffoonery",16,46735863,99.73
"bullhorns",16,46735879,99.73
"bunions",16,46735895,99.74
"burdock",16,46735911,99.74
"burgundies",16,46735927,99.74
"bushmen",16,46735943,99.74
"candidacies",16,46735959,99.74
"canker",16,46735975,99.74
"capacious",16,46735991,99.74
"cartography",16,46736007,99.74
"castration",16,46736023,99.74
"cellists",16,46736039,99.74
"chancel",16,46736055,99.74
"chasuble",16,46736071,99.74
"chattahoochee",16,46736087,99.74
"cheapen",16,46736103,99.74
"cheesiest",16,46736119,99.74
"chiding",16,46736135,99.74
"chomped",16,46736151,99.74
"choreographic",16,46736167,99.74
"chugs",16,46736183,99.74
"chunkier",16,46736199,99.74
"cicada",16,46736215,99.74
"clambake",16,46736231,99.74
"clasping",16,46736247,99.74
"classicist",16,46736263,99.74
"cocooned",16,46736279,99.74
"coif",16,46736295,99.74
"collegians",16,46736311,99.74
"coloration",16,46736327,99.74
"comradeship",16,46736343,99.74
"condemnations",16,46736359,99.74
"congas",16,46736375,99.74
"congeal",16,46736391,99.74
"conquistador",16,46736407,99.74
"conscription",16,46736423,99.74
"coronet",16,46736439,99.74
"corpulent",16,46736455,99.74
"corsair",16,46736471,99.74
"corsica",16,46736487,99.74
"costars",16,46736503,99.74
"couplets",16,46736519,99.74
"courtesan",16,46736535,99.74
"crescendos",16,46736551,99.74
"cricketers",16,46736567,99.74
"curtly",16,46736583,99.74
"dachau",16,46736599,99.74
"dachshunds",16,46736615,99.74
"deadbolt",16,46736631,99.74
"deadened",16,46736647,99.74
"decaffeinated",16,46736663,99.74
"decapitate",16,46736679,99.74
"deceivers",16,46736695,99.74
"decommissioning",16,46736711,99.74
"denier",16,46736727,99.74
"deterrents",16,46736743,99.74
"detoxifying",16,46736759,99.74
"deviants",16,46736775,99.74
"dewberry",16,46736791,99.74
"dichotomies",16,46736807,99.74
"differentials",16,46736823,99.74
"dignify",16,46736839,99.74
"digressing",16,46736855,99.74
"dirges",16,46736871,99.74
"disdainful",16,46736887,99.74
"disfigurement",16,46736903,99.74
"dishonored",16,46736919,99.74
"dishwater",16,46736935,99.74
"disillusion",16,46736951,99.74
"disqualifying",16,46736967,99.74
"dissociation",16,46736983,99.74
"dissolute",16,46736999,99.74
"dmz",16,46737015,99.74
"dubiously",16,46737031,99.74
"eaglets",16,46737047,99.74
"earthier",16,46737063,99.74
"edwina",16,46737079,99.74
"eeg",16,46737095,99.74
"egocentric",16,46737111,99.74
"egret",16,46737127,99.74
"elderberries",16,46737143,99.74
"eleazar",16,46737159,99.74
"emasculated",16,46737175,99.74
"embalmed",16,46737191,99.74
"emigrant",16,46737207,99.74
"emptier",16,46737223,99.74
"encroached",16,46737239,99.74
"encrypt",16,46737255,99.74
"enticements",16,46737271,99.74
"enumeration",16,46737287,99.74
"episcopalians",16,46737303,99.74
"eschatology",16,46737319,99.74
"espressos",16,46737335,99.74
"eunuchs",16,46737351,99.74
"exalts",16,46737367,99.74
"exemplars",16,46737383,99.74
"exhibitionist",16,46737399,99.74
"exportation",16,46737415,99.74
"expropriation",16,46737431,99.74
"fahd",16,46737447,99.74
"familiarized",16,46737463,99.74
"faustus",16,46737479,99.74
"featureless",16,46737495,99.74
"ferreting",16,46737511,99.74
"fibbing",16,46737527,99.74
"filaments",16,46737543,99.74
"firewater",16,46737559,99.74
"flatness",16,46737575,99.74
"flaunted",16,46737591,99.74
"fleeces",16,46737607,99.74
"flogged",16,46737623,99.74
"flory",16,46737639,99.74
"flounders",16,46737655,99.74
"floury",16,46737671,99.74
"flyweight",16,46737687,99.74
"foots",16,46737703,99.74
"foreshadows",16,46737719,99.74
"forewoman",16,46737735,99.74
"formosa",16,46737751,99.74
"foundering",16,46737767,99.74
"fourier",16,46737783,99.74
"freethinkers",16,46737799,99.74
"frenzies",16,46737815,99.74
"freshened",16,46737831,99.74
"fruitfulness",16,46737847,99.74
"fussiness",16,46737863,99.74
"gamecock",16,46737879,99.74
"gaped",16,46737895,99.74
"garbed",16,46737911,99.74
"gawky",16,46737927,99.74
"gazebos",16,46737943,99.74
"gazelles",16,46737959,99.74
"gentlest",16,46737975,99.74
"gentrifying",16,46737991,99.74
"geodesic",16,46738007,99.74
"geographies",16,46738023,99.74
"giacometti",16,46738039,99.74
"giddily",16,46738055,99.74
"girding",16,46738071,99.74
"goosed",16,46738087,99.74
"goslings",16,46738103,99.74
"gradients",16,46738119,99.74
"gravest",16,46738135,99.74
"grimaces",16,46738151,99.74
"grovel",16,46738167,99.74
"guardsman",16,46738183,99.74
"gumdrop",16,46738199,99.74
"guppies",16,46738215,99.74
"gussets",16,46738231,99.74
"hairpiece",16,46738247,99.74
"halfhearted",16,46738263,99.74
"handcuffing",16,46738279,99.74
"hangzhou",16,46738295,99.74
"hatting",16,46738311,99.74
"haws",16,46738327,99.74
"herbalists",16,46738343,99.74
"hezekiah",16,46738359,99.74
"hideouts",16,46738375,99.74
"highchair",16,46738391,99.74
"hilltops",16,46738407,99.74
"hinging",16,46738423,99.74
"hitchhiked",16,46738439,99.74
"hoaxes",16,46738455,99.74
"hobbles",16,46738471,99.74
"hobnobbing",16,46738487,99.74
"hormel",16,46738503,99.74
"hornblower",16,46738519,99.74
"horticulturist",16,46738535,99.74
"horus",16,46738551,99.74
"householders",16,46738567,99.74
"hucksters",16,46738583,99.74
"humoring",16,46738599,99.74
"hungarians",16,46738615,99.74
"imitator",16,46738631,99.74
"inarticulate",16,46738647,99.74
"incoherently",16,46738663,99.74
"inconveniencing",16,46738679,99.74
"inconveniently",16,46738695,99.74
"indentations",16,46738711,99.74
"indifferently",16,46738727,99.74
"indoctrinate",16,46738743,99.74
"inferiors",16,46738759,99.74
"inferring",16,46738775,99.74
"infliction",16,46738791,99.74
"inheritances",16,46738807,99.74
"injector",16,46738823,99.74
"inquisitors",16,46738839,99.74
"insincerity",16,46738855,99.74
"insinuates",16,46738871,99.74
"interceded",16,46738887,99.74
"interceptors",16,46738903,99.74
"interconnection",16,46738919,99.74
"interlocked",16,46738935,99.74
"interweaving",16,46738951,99.74
"intruded",16,46738967,99.74
"inversions",16,46738983,99.74
"invincibility",16,46738999,99.74
"ismael",16,46739015,99.74
"isolde",16,46739031,99.74
"jamaicans",16,46739047,99.74
"jeer",16,46739063,99.74
"jeffersonian",16,46739079,99.74
"jiggles",16,46739095,99.74
"jitneys",16,46739111,99.74
"juiciest",16,46739127,99.74
"junkets",16,46739143,99.74
"juxtapose",16,46739159,99.74
"kandinsky",16,46739175,99.74
"karo",16,46739191,99.74
"keening",16,46739207,99.74
"kidded",16,46739223,99.74
"kinshasa",16,46739239,99.74
"kith",16,46739255,99.74
"kuwaiti",16,46739271,99.74
"kyushu",16,46739287,99.74
"ladybird",16,46739303,99.74
"ladyfingers",16,46739319,99.74
"lamas",16,46739335,99.74
"lapsing",16,46739351,99.74
"larch",16,46739367,99.74
"latrine",16,46739383,99.74
"latrines",16,46739399,99.74
"legging",16,46739415,99.74
"legitimized",16,46739431,99.74
"lief",16,46739447,99.74
"limericks",16,46739463,99.74
"lithograph",16,46739479,99.74
"loafer",16,46739495,99.74
"lodz",16,46739511,99.74
"loftier",16,46739527,99.74
"longshoreman",16,46739543,99.74
"loping",16,46739559,99.74
"lulling",16,46739575,99.74
"lusaka",16,46739591,99.74
"lustily",16,46739607,99.74
"magnetosphere",16,46739623,99.74
"magnification",16,46739639,99.74
"magoo",16,46739655,99.74
"mahdi",16,46739671,99.74
"maimonides",16,46739687,99.74
"malayan",16,46739703,99.74
"manama",16,46739719,99.74
"manchuria",16,46739735,99.74
"manes",16,46739751,99.74
"manet",16,46739767,99.74
"mangers",16,46739783,99.74
"mangy",16,46739799,99.74
"maryellen",16,46739815,99.74
"materialists",16,46739831,99.74
"memorializing",16,46739847,99.74
"menage",16,46739863,99.74
"merrimack",16,46739879,99.74
"meshing",16,46739895,99.74
"metamorphoses",16,46739911,99.74
"mincemeat",16,46739927,99.74
"mincing",16,46739943,99.74
"misanthrope",16,46739959,99.74
"misinterpreting",16,46739975,99.74
"mitford",16,46739991,99.74
"mitterrand",16,46740007,99.74
"moccasin",16,46740023,99.74
"mooted",16,46740039,99.74
"mortification",16,46740055,99.74
"mortifying",16,46740071,99.74
"mosses",16,46740087,99.74
"mows",16,46740103,99.74
"mugger",16,46740119,99.74
"muskrat",16,46740135,99.74
"mussed",16,46740151,99.74
"mutuality",16,46740167,99.74
"nasturtiums",16,46740183,99.74
"naughtiness",16,46740199,99.74
"nays",16,46740215,99.74
"necrophilia",16,46740231,99.74
"newsreel",16,46740247,99.74
"newts",16,46740263,99.74
"nimby",16,46740279,99.74
"nineveh",16,46740295,99.74
"nitrates",16,46740311,99.74
"noisier",16,46740327,99.74
"nonlinear",16,46740343,99.74
"nuisances",16,46740359,99.74
"nuttier",16,46740375,99.74
"nuzzling",16,46740391,99.74
"objector",16,46740407,99.74
"obligingly",16,46740423,99.74
"octagonal",16,46740439,99.74
"oddballs",16,46740455,99.74
"offensives",16,46740471,99.74
"offloaded",16,46740487,99.74
"offloading",16,46740503,99.74
"oks",16,46740519,99.74
"oligarch",16,46740535,99.74
"omnivorous",16,46740551,99.74
"onondaga",16,46740567,99.74
"openoffice",16,46740583,99.75
"operetta",16,46740599,99.75
"ophthalmic",16,46740615,99.75
"opines",16,46740631,99.75
"optometrists",16,46740647,99.75
"orchestrates",16,46740663,99.75
"ospreys",16,46740679,99.75
"outbuilding",16,46740695,99.75
"outnumbering",16,46740711,99.75
"outplay",16,46740727,99.75
"overdrawn",16,46740743,99.75
"overindulgence",16,46740759,99.75
"oversights",16,46740775,99.75
"paleness",16,46740791,99.75
"panhandlers",16,46740807,99.75
"parachuted",16,46740823,99.75
"parasailing",16,46740839,99.75
"parred",16,46740855,99.75
"parsonage",16,46740871,99.75
"parthenon",16,46740887,99.75
"particularity",16,46740903,99.75
"paternalism",16,46740919,99.75
"patois",16,46740935,99.75
"peaceable",16,46740951,99.75
"peasantry",16,46740967,99.75
"pedigrees",16,46740983,99.75
"perquisites",16,46740999,99.75
"picaresque",16,46741015,99.75
"pinstriped",16,46741031,99.75
"pirouettes",16,46741047,99.75
"placated",16,46741063,99.75
"plectrum",16,46741079,99.75
"plopping",16,46741095,99.75
"policewoman",16,46741111,99.75
"policyholder",16,46741127,99.75
"poling",16,46741143,99.75
"portent",16,46741159,99.75
"portholes",16,46741175,99.75
"portmanteau",16,46741191,99.75
"postulates",16,46741207,99.75
"potemkin",16,46741223,99.75
"precept",16,46741239,99.75
"precipitating",16,46741255,99.75
"prefabricated",16,46741271,99.75
"prehistory",16,46741287,99.75
"preternatural",16,46741303,99.75
"prettily",16,46741319,99.75
"primping",16,46741335,99.75
"privation",16,46741351,99.75
"probity",16,46741367,99.75
"prognostication",16,46741383,99.75
"prophesies",16,46741399,99.75
"proportionality",16,46741415,99.75
"prowled",16,46741431,99.75
"prowls",16,46741447,99.75
"pukes",16,46741463,99.75
"pulsed",16,46741479,99.75
"putsch",16,46741495,99.75
"pym",16,46741511,99.75
"quadratic",16,46741527,99.75
"quadrupling",16,46741543,99.75
"quarreling",16,46741559,99.75
"quasar",16,46741575,99.75
"quickens",16,46741591,99.75
"racketeer",16,46741607,99.75
"raga",16,46741623,99.75
"rapidity",16,46741639,99.75
"ratifying",16,46741655,99.75
"razz",16,46741671,99.75
"reapportionment",16,46741687,99.75
"reawaken",16,46741703,99.75
"recant",16,46741719,99.75
"reconstitute",16,46741735,99.75
"reconstructions",16,46741751,99.75
"recrimination",16,46741767,99.75
"rectitude",16,46741783,99.75
"recursive",16,46741799,99.75
"reddened",16,46741815,99.75
"redder",16,46741831,99.75
"redeploy",16,46741847,99.75
"reinstalling",16,46741863,99.75
"reinterpret",16,46741879,99.75
"reinterpretation",16,46741895,99.75
"relapsing",16,46741911,99.75
"reliefs",16,46741927,99.75
"reneging",16,46741943,99.75
"reordering",16,46741959,99.75
"repressing",16,46741975,99.75
"reprises",16,46741991,99.75
"republish",16,46742007,99.75
"requisition",16,46742023,99.75
"restating",16,46742039,99.75
"resurrects",16,46742055,99.75
"reveres",16,46742071,99.75
"revises",16,46742087,99.75
"revivalist",16,46742103,99.75
"rhizome",16,46742119,99.75
"rhodesia",16,46742135,99.75
"rosin",16,46742151,99.75
"rps",16,46742167,99.75
"rumination",16,46742183,99.75
"rupturing",16,46742199,99.75
"saguaros",16,46742215,99.75
"sanatorium",16,46742231,99.75
"saracen",16,46742247,99.75
"satanism",16,46742263,99.75
"satirizing",16,46742279,99.75
"saturnalia",16,46742295,99.75
"saxophones",16,46742311,99.75
"scamp",16,46742327,99.75
"schemed",16,46742343,99.75
"schnabel",16,46742359,99.75
"schoolroom",16,46742375,99.75
"scowls",16,46742391,99.75
"screeches",16,46742407,99.75
"screechy",16,46742423,99.75
"scrimmaging",16,46742439,99.75
"scrimping",16,46742455,99.75
"scrimshaw",16,46742471,99.75
"scrunching",16,46742487,99.75
"secretarial",16,46742503,99.75
"seminarians",16,46742519,99.75
"seminaries",16,46742535,99.75
"senders",16,46742551,99.75
"senselessly",16,46742567,99.75
"septuagint",16,46742583,99.75
"sequoias",16,46742599,99.75
"severus",16,46742615,99.75
"shinny",16,46742631,99.75
"shucking",16,46742647,99.75
"shuttlecocks",16,46742663,99.75
"sickeningly",16,46742679,99.75
"skinhead",16,46742695,99.75
"skippers",16,46742711,99.75
"slavs",16,46742727,99.75
"slims",16,46742743,99.75
"sloop",16,46742759,99.75
"slunk",16,46742775,99.75
"smooching",16,46742791,99.75
"snafus",16,46742807,99.75
"snowmobiling",16,46742823,99.75
"snowplows",16,46742839,99.75
"soberly",16,46742855,99.75
"sowers",16,46742871,99.75
"speared",16,46742887,99.75
"spendthrift",16,46742903,99.75
"spiritualist",16,46742919,99.75
"spore",16,46742935,99.75
"sprawls",16,46742951,99.75
"stagings",16,46742967,99.75
"stamens",16,46742983,99.75
"stampeding",16,46742999,99.75
"standoffish",16,46743015,99.75
"starves",16,46743031,99.75
"steadiness",16,46743047,99.75
"steeled",16,46743063,99.75
"sterner",16,46743079,99.75
"stigmas",16,46743095,99.75
"stoppages",16,46743111,99.75
"straitjacket",16,46743127,99.75
"stumpy",16,46743143,99.75
"stupefied",16,46743159,99.75
"substations",16,46743175,99.75
"sucrose",16,46743191,99.75
"suffices",16,46743207,99.75
"sugaring",16,46743223,99.75
"sunniest",16,46743239,99.75
"supers",16,46743255,99.75
"surer",16,46743271,99.75
"surrealists",16,46743287,99.75
"swaddle",16,46743303,99.75
"sympathizes",16,46743319,99.75
"tainting",16,46743335,99.75
"tatar",16,46743351,99.75
"teats",16,46743367,99.75
"tecumseh",16,46743383,99.75
"telekinesis",16,46743399,99.75
"terminates",16,46743415,99.75
"tessie",16,46743431,99.75
"theodora",16,46743447,99.75
"thingamajig",16,46743463,99.75
"thirsts",16,46743479,99.75
"threesomes",16,46743495,99.75
"thudding",16,46743511,99.75
"thunderstruck",16,46743527,99.75
"timbres",16,46743543,99.75
"tinctures",16,46743559,99.75
"tinier",16,46743575,99.75
"tipperary",16,46743591,99.75
"toadstool",16,46743607,99.75
"toboggan",16,46743623,99.75
"togs",16,46743639,99.75
"toils",16,46743655,99.75
"topically",16,46743671,99.75
"tossup",16,46743687,99.75
"tottering",16,46743703,99.75
"transfigured",16,46743719,99.75
"transmuting",16,46743735,99.75
"trapdoor",16,46743751,99.75
"trendiest",16,46743767,99.75
"tribalism",16,46743783,99.75
"trundle",16,46743799,99.75
"ttys",16,46743815,99.75
"tubas",16,46743831,99.75
"tuber",16,46743847,99.75
"tunisians",16,46743863,99.75
"tureen",16,46743879,99.75
"udders",16,46743895,99.75
"ufa",16,46743911,99.75
"uhf",16,46743927,99.75
"underdone",16,46743943,99.75
"unexceptional",16,46743959,99.75
"unfortunates",16,46743975,99.75
"unhooked",16,46743991,99.75
"unitary",16,46744007,99.75
"unnoticeable",16,46744023,99.75
"unperturbed",16,46744039,99.75
"unpolluted",16,46744055,99.75
"unrelentingly",16,46744071,99.75
"unsanctioned",16,46744087,99.75
"unscrew",16,46744103,99.75
"unsettle",16,46744119,99.75
"untouchables",16,46744135,99.75
"uphills",16,46744151,99.75
"utilitarianism",16,46744167,99.75
"valeria",16,46744183,99.75
"vend",16,46744199,99.75
"venerate",16,46744215,99.75
"vhf",16,46744231,99.75
"vilnius",16,46744247,99.75
"vixens",16,46744263,99.75
"vole",16,46744279,99.75
"voles",16,46744295,99.75
"voyagers",16,46744311,99.75
"wagered",16,46744327,99.75
"warlike",16,46744343,99.75
"washingtonians",16,46744359,99.75
"wastage",16,46744375,99.75
"watchmaker",16,46744391,99.75
"waterbed",16,46744407,99.75
"webcasting",16,46744423,99.75
"weightier",16,46744439,99.75
"wending",16,46744455,99.75
"whetted",16,46744471,99.75
"windpipe",16,46744487,99.75
"wingtip",16,46744503,99.75
"wishbones",16,46744519,99.75
"wollongong",16,46744535,99.75
"wormy",16,46744551,99.75
"worshiper",16,46744567,99.75
"xxv",16,46744583,99.75
"yeshiva",16,46744599,99.75
"zaps",16,46744615,99.75
"zedong",16,46744631,99.75
"abdicated",15,46744646,99.75
"abrogation",15,46744661,99.75
"abstinent",15,46744676,99.75
"academicians",15,46744691,99.75
"adirondacks",15,46744706,99.75
"adoringly",15,46744721,99.75
"agreeably",15,46744736,99.75
"aguinaldo",15,46744751,99.75
"aileen",15,46744766,99.75
"airships",15,46744781,99.75
"alarmists",15,46744796,99.75
"aleutian",15,46744811,99.75
"alighted",15,46744826,99.75
"ambiguously",15,46744841,99.75
"ambushing",15,46744856,99.75
"amharic",15,46744871,99.75
"amplitude",15,46744886,99.75
"analytically",15,46744901,99.75
"anasazi",15,46744916,99.75
"anatomically",15,46744931,99.75
"andalusia",15,46744946,99.75
"anesthesiology",15,46744961,99.75
"angioplasty",15,46744976,99.75
"annapurna",15,46744991,99.75
"annexing",15,46745006,99.75
"antimatter",15,46745021,99.75
"appreciatively",15,46745036,99.75
"approximates",15,46745051,99.75
"approximating",15,46745066,99.75
"archbishops",15,46745081,99.75
"argonne",15,46745096,99.75
"armadillos",15,46745111,99.75
"armagnac",15,46745126,99.75
"armful",15,46745141,99.75
"ascertaining",15,46745156,99.75
"asceticism",15,46745171,99.75
"aspirant",15,46745186,99.75
"assuaged",15,46745201,99.75
"astana",15,46745216,99.75
"asthmatics",15,46745231,99.75
"atacama",15,46745246,99.75
"atrophied",15,46745261,99.76
"attenuate",15,46745276,99.76
"attesting",15,46745291,99.76
"axioms",15,46745306,99.76
"babbled",15,46745321,99.76
"backfiring",15,46745336,99.76
"barbarella",15,46745351,99.76
"barrens",15,46745366,99.76
"basho",15,46745381,99.76
"bassists",15,46745396,99.76
"begonia",15,46745411,99.76
"bifocals",15,46745426,99.76
"bight",15,46745441,99.76
"bigness",15,46745456,99.76
"biko",15,46745471,99.76
"binaries",15,46745486,99.76
"blundering",15,46745501,99.76
"blustering",15,46745516,99.76
"bogging",15,46745531,99.76
"boggled",15,46745546,99.76
"boldface",15,46745561,99.76
"boogies",15,46745576,99.76
"braying",15,46745591,99.76
"briefcases",15,46745606,99.76
"brontosaurus",15,46745621,99.76
"broomsticks",15,46745636,99.76
"burbling",15,46745651,99.76
"burgled",15,46745666,99.76
"burros",15,46745681,99.76
"bygones",15,46745696,99.76
"byzantium",15,46745711,99.76
"cached",15,46745726,99.76
"cackles",15,46745741,99.76
"cambrian",15,46745756,99.76
"cancan",15,46745771,99.76
"captaincy",15,46745786,99.76
"carpetbagger",15,46745801,99.76
"carvers",15,46745816,99.76
"cassava",15,46745831,99.76
"catchiest",15,46745846,99.76
"causally",15,46745861,99.76
"chancing",15,46745876,99.76
"chastisement",15,46745891,99.76
"chateaubriand",15,46745906,99.76
"cheapness",15,46745921,99.76
"cheapskates",15,46745936,99.76
"chillier",15,46745951,99.76
"chortled",15,46745966,99.76
"chortling",15,46745981,99.76
"cisterns",15,46745996,99.76
"clacking",15,46746011,99.76
"clavicle",15,46746026,99.76
"cleverest",15,46746041,99.76
"cloches",15,46746056,99.76
"clod",15,46746071,99.76
"cloisters",15,46746086,99.76
"cloture",15,46746101,99.76
"clouseau",15,46746116,99.76
"cloven",15,46746131,99.76
"cockatoo",15,46746146,99.76
"collate",15,46746161,99.76
"commercialize",15,46746176,99.76
"communique",15,46746191,99.76
"compunction",15,46746206,99.76
"concretely",15,46746221,99.76
"confidences",15,46746236,99.76
"confucian",15,46746251,99.76
"congresses",15,46746266,99.76
"consents",15,46746281,99.76
"consuelo",15,46746296,99.76
"consultative",15,46746311,99.76
"consumables",15,46746326,99.76
"contemptuously",15,46746341,99.76
"contoured",15,46746356,99.76
"convergent",15,46746371,99.76
"corneal",15,46746386,99.76
"counterclaim",15,46746401,99.76
"counterfeiters",15,46746416,99.76
"coveralls",15,46746431,99.76
"craftily",15,46746446,99.76
"crappiest",15,46746461,99.76
"cremate",15,46746476,99.76
"cripples",15,46746491,99.76
"crispier",15,46746506,99.76
"croats",15,46746521,99.76
"crocks",15,46746536,99.76
"crossbones",15,46746551,99.76
"crumpet",15,46746566,99.76
"daiquiris",15,46746581,99.76
"dampens",15,46746596,99.76
"dartmoor",15,46746611,99.76
"decadently",15,46746626,99.76
"decamp",15,46746641,99.76
"defeatist",15,46746656,99.76
"definable",15,46746671,99.76
"defrosting",15,46746686,99.76
"dehumanized",15,46746701,99.76
"deigned",15,46746716,99.76
"deletions",15,46746731,99.76
"demeaned",15,46746746,99.76
"demerit",15,46746761,99.76
"demographically",15,46746776,99.76
"demoting",15,46746791,99.76
"denunciations",15,46746806,99.76
"derbies",15,46746821,99.76
"dethrone",15,46746836,99.76
"devastates",15,46746851,99.76
"dexterous",15,46746866,99.76
"dietetics",15,46746881,99.76
"dimmest",15,46746896,99.76
"dimwit",15,46746911,99.76
"discomfiting",15,46746926,99.76
"discos",15,46746941,99.76
"dismounted",15,46746956,99.76
"disrobed",15,46746971,99.76
"disunity",15,46746986,99.76
"dongle",15,46747001,99.76
"doorstop",15,46747016,99.76
"dovetailed",15,46747031,99.76
"dramamine",15,46747046,99.76
"dross",15,46747061,99.76
"drowsiness",15,46747076,99.76
"dunkirk",15,46747091,99.76
"duping",15,46747106,99.76
"dusters",15,46747121,99.76
"earthenware",15,46747136,99.76
"editable",15,46747151,99.76
"egress",15,46747166,99.76
"electrocardiogram",15,46747181,99.76
"elusiveness",15,46747196,99.76
"emulates",15,46747211,99.76
"encroach",15,46747226,99.76
"endears",15,46747241,99.76
"envoys",15,46747256,99.76
"ergonomics",15,46747271,99.76
"ericka",15,46747286,99.76
"espadrilles",15,46747301,99.76
"essen",15,46747316,99.76
"estuaries",15,46747331,99.76
"euphemistically",15,46747346,99.76
"everette",15,46747361,99.76
"excision",15,46747376,99.76
"excretion",15,46747391,99.76
"executors",15,46747406,99.76
"existences",15,46747421,99.76
"expensively",15,46747436,99.76
"explosively",15,46747451,99.76
"expositions",15,46747466,99.76
"extinctions",15,46747481,99.76
"extricated",15,46747496,99.76
"fallopian",15,46747511,99.76
"famines",15,46747526,99.76
"fatness",15,46747541,99.76
"faustian",15,46747556,99.76
"faxing",15,46747571,99.76
"fetishists",15,46747586,99.76
"fibroid",15,46747601,99.76
"filbert",15,46747616,99.76
"filmy",15,46747631,99.76
"firebug",15,46747646,99.76
"fistfuls",15,46747661,99.76
"fizzles",15,46747676,99.76
"flails",15,46747691,99.76
"flaunts",15,46747706,99.76
"floppies",15,46747721,99.76
"foodstuff",15,46747736,99.76
"forgone",15,46747751,99.76
"formalize",15,46747766,99.76
"fornicating",15,46747781,99.76
"fount",15,46747796,99.76
"freest",15,46747811,99.76
"freeware",15,46747826,99.76
"frugally",15,46747841,99.76
"fusions",15,46747856,99.76
"futilely",15,46747871,99.76
"gabs",15,46747886,99.76
"gaily",15,46747901,99.76
"gashed",15,46747916,99.76
"gauchos",15,46747931,99.76
"gentility",15,46747946,99.76
"girdles",15,46747961,99.76
"girt",15,46747976,99.76
"gizzards",15,46747991,99.76
"gobbledygook",15,46748006,99.76
"golgotha",15,46748021,99.76
"gorky",15,46748036,99.76
"guiltless",15,46748051,99.76
"gullet",15,46748066,99.76
"gummed",15,46748081,99.76
"gunsmith",15,46748096,99.76
"habakkuk",15,46748111,99.76
"halitosis",15,46748126,99.76
"handicraft",15,46748141,99.76
"handsomest",15,46748156,99.76
"harlots",15,46748171,99.76
"hawing",15,46748186,99.76
"hectare",15,46748201,99.76
"highballs",15,46748216,99.76
"hipped",15,46748231,99.76
"hirohito",15,46748246,99.76
"histamine",15,46748261,99.76
"histrionic",15,46748276,99.76
"homewrecker",15,46748291,99.76
"householder",15,46748306,99.76
"huger",15,46748321,99.76
"hunching",15,46748336,99.76
"hurdling",15,46748351,99.76
"hydroponics",15,46748366,99.76
"hydrotherapy",15,46748381,99.76
"hyperlinked",15,46748396,99.76
"idolizing",15,46748411,99.76
"illuminations",15,46748426,99.76
"imaged",15,46748441,99.76
"impale",15,46748456,99.76
"impaling",15,46748471,99.76
"impassively",15,46748486,99.76
"imperishable",15,46748501,99.76
"impermanence",15,46748516,99.76
"impermeable",15,46748531,99.76
"imprisons",15,46748546,99.76
"imps",15,46748561,99.76
"incineration",15,46748576,99.76
"incommunicado",15,46748591,99.76
"incursions",15,46748606,99.76
"inoperative",15,46748621,99.76
"insouciance",15,46748636,99.76
"instigation",15,46748651,99.76
"intensities",15,46748666,99.76
"intermarriage",15,46748681,99.76
"intermezzo",15,46748696,99.76
"inventoried",15,46748711,99.76
"islets",15,46748726,99.76
"isolationism",15,46748741,99.76
"itasca",15,46748756,99.76
"jamel",15,46748771,99.76
"joist",15,46748786,99.76
"joust",15,46748801,99.76
"jukeboxes",15,46748816,99.76
"kansans",15,46748831,99.76
"kinsmen",15,46748846,99.76
"koan",15,46748861,99.76
"koppel",15,46748876,99.76
"lactating",15,46748891,99.76
"lamaze",15,46748906,99.76
"lath",15,46748921,99.76
"lavonne",15,46748936,99.76
"laxity",15,46748951,99.76
"leaching",15,46748966,99.76
"leanna",15,46748981,99.76
"leda",15,46748996,99.76
"liberalization",15,46749011,99.76
"liechtenstein",15,46749026,99.76
"liquidator",15,46749041,99.76
"liquored",15,46749056,99.76
"liturgies",15,46749071,99.76
"liveliest",15,46749086,99.76
"livest",15,46749101,99.76
"loge",15,46749116,99.76
"loonie",15,46749131,99.76
"lowland",15,46749146,99.76
"lozenges",15,46749161,99.76
"lubricating",15,46749176,99.76
"lucretius",15,46749191,99.76
"lugs",15,46749206,99.76
"manliest",15,46749221,99.76
"mappings",15,46749236,99.76
"marbling",15,46749251,99.76
"marginalia",15,46749266,99.76
"margret",15,46749281,99.76
"maximal",15,46749296,99.76
"mayoralty",15,46749311,99.76
"medellin",15,46749326,99.76
"megalomania",15,46749341,99.76
"melba",15,46749356,99.76
"mentalities",15,46749371,99.76
"meowed",15,46749386,99.76
"mephistopheles",15,46749401,99.76
"mimes",15,46749416,99.76
"minefields",15,46749431,99.76
"misapplication",15,46749446,99.76
"miscalculations",15,46749461,99.76
"mischievously",15,46749476,99.76
"missourian",15,46749491,99.76
"molehill",15,46749506,99.76
"monetized",15,46749521,99.76
"mongols",15,46749536,99.76
"monograph",15,46749551,99.76
"monopolistic",15,46749566,99.76
"monstrously",15,46749581,99.76
"moorland",15,46749596,99.76
"moratoriums",15,46749611,99.76
"mordant",15,46749626,99.76
"muddying",15,46749641,99.76
"muggers",15,46749656,99.76
"muscling",15,46749671,99.76
"mutilating",15,46749686,99.76
"muting",15,46749701,99.76
"mylar",15,46749716,99.76
"myriads",15,46749731,99.76
"myrtles",15,46749746,99.76
"nationalizing",15,46749761,99.76
"navratilova",15,46749776,99.76
"neatest",15,46749791,99.76
"neatness",15,46749806,99.76
"needled",15,46749821,99.76
"neoconservative",15,46749836,99.76
"neoprene",15,46749851,99.76
"neutralizing",15,46749866,99.76
"neutrons",15,46749881,99.76
"newsagents",15,46749896,99.76
"nighthawk",15,46749911,99.76
"nightstick",15,46749926,99.76
"nipper",15,46749941,99.76
"nocturne",15,46749956,99.77
"nodule",15,46749971,99.77
"noisiest",15,46749986,99.77
"nondairy",15,46750001,99.77
"nonessential",15,46750016,99.77
"nonexistence",15,46750031,99.77
"nonproliferation",15,46750046,99.77
"norsemen",15,46750061,99.77
"northerly",15,46750076,99.77
"northwards",15,46750091,99.77
"nullity",15,46750106,99.77
"officious",15,46750121,99.77
"oklahoman",15,46750136,99.77
"oldfield",15,46750151,99.77
"oleanders",15,46750166,99.77
"opals",15,46750181,99.77
"opossums",15,46750196,99.77
"oration",15,46750211,99.77
"ordeals",15,46750226,99.77
"orin",15,46750241,99.77
"ornithology",15,46750256,99.77
"outpatients",15,46750271,99.77
"overcrowd",15,46750286,99.77
"overlaying",15,46750301,99.77
"overstaying",15,46750316,99.77
"ovulated",15,46750331,99.77
"ovulating",15,46750346,99.77
"pantheism",15,46750361,99.77
"paragons",15,46750376,99.77
"paralyzes",15,46750391,99.77
"parkas",15,46750406,99.77
"partiality",15,46750421,99.77
"partials",15,46750436,99.77
"pasternak",15,46750451,99.77
"pavlovian",15,46750466,99.77
"pentameter",15,46750481,99.77
"perdition",15,46750496,99.77
"perishing",15,46750511,99.77
"permed",15,46750526,99.77
"persecutor",15,46750541,99.77
"persecutors",15,46750556,99.77
"perspiring",15,46750571,99.77
"pervaded",15,46750586,99.77
"pidgin",15,46750601,99.77
"pigtail",15,46750616,99.77
"pis",15,46750631,99.77
"pitiless",15,46750646,99.77
"plovers",15,46750661,99.77
"plucks",15,46750676,99.77
"polemical",15,46750691,99.77
"pollux",15,46750706,99.77
"polyunsaturated",15,46750721,99.77
"poplin",15,46750736,99.77
"porting",15,46750751,99.77
"preemption",15,46750766,99.77
"prefacing",15,46750781,99.77
"prisms",15,46750796,99.77
"prodigies",15,46750811,99.77
"promontory",15,46750826,99.77
"propagates",15,46750841,99.77
"protruded",15,46750856,99.77
"psychosomatic",15,46750871,99.77
"purees",15,46750886,99.77
"purposing",15,46750901,99.77
"quails",15,46750916,99.77
"questioners",15,46750931,99.77
"quinine",15,46750946,99.77
"railroading",15,46750961,99.77
"rankles",15,46750976,99.77
"raviolis",15,46750991,99.77
"reamer",15,46751006,99.77
"rebellions",15,46751021,99.77
"recharges",15,46751036,99.77
"recoiling",15,46751051,99.77
"redrew",15,46751066,99.77
"refashioned",15,46751081,99.77
"refile",15,46751096,99.77
"registrant",15,46751111,99.77
"reichstag",15,46751126,99.77
"reiteration",15,46751141,99.77
"rejoinder",15,46751156,99.77
"replicators",15,46751171,99.77
"repossession",15,46751186,99.77
"reprobate",15,46751201,99.77
"resettled",15,46751216,99.77
"resound",15,46751231,99.77
"retrieves",15,46751246,99.77
"revamps",15,46751261,99.77
"revolvers",15,46751276,99.77
"rfd",15,46751291,99.77
"rheumatic",15,46751306,99.77
"ribald",15,46751321,99.77
"rouses",15,46751336,99.77
"ruder",15,46751351,99.77
"safeguarded",15,46751366,99.77
"salamis",15,46751381,99.77
"sancho",15,46751396,99.77
"saxony",15,46751411,99.77
"scald",15,46751426,99.77
"schoolbook",15,46751441,99.77
"scoutmaster",15,46751456,99.77
"scrupulously",15,46751471,99.77
"scuttlebutt",15,46751486,99.77
"seacoast",15,46751501,99.77
"seascape",15,46751516,99.77
"seethes",15,46751531,99.77
"seminarian",15,46751546,99.77
"senility",15,46751561,99.77
"sentries",15,46751576,99.77
"sheers",15,46751591,99.77
"shies",15,46751606,99.77
"shittier",15,46751621,99.77
"shortchange",15,46751636,99.77
"shortsightedness",15,46751651,99.77
"shortwave",15,46751666,99.77
"sidearm",15,46751681,99.77
"sinewy",15,46751696,99.77
"sinfulness",15,46751711,99.77
"skittered",15,46751726,99.77
"slake",15,46751741,99.77
"slat",15,46751756,99.77
"slaughters",15,46751771,99.77
"slayers",15,46751786,99.77
"sleepwalk",15,46751801,99.77
"sleepwear",15,46751816,99.77
"slopping",15,46751831,99.77
"sluice",15,46751846,99.77
"smolders",15,46751861,99.77
"soapstone",15,46751876,99.77
"socorro",15,46751891,99.77
"soiling",15,46751906,99.77
"solicits",15,46751921,99.77
"somberly",15,46751936,99.77
"sophistry",15,46751951,99.77
"southwards",15,46751966,99.77
"spaceman",15,46751981,99.77
"spaniels",15,46751996,99.77
"spatter",15,46752011,99.77
"spigots",15,46752026,99.77
"spillane",15,46752041,99.77
"splurges",15,46752056,99.77
"spraining",15,46752071,99.77
"sprockets",15,46752086,99.77
"squelching",15,46752101,99.77
"stashes",15,46752116,99.77
"steamrolled",15,46752131,99.77
"stickier",15,46752146,99.77
"stirrer",15,46752161,99.77
"stockholder",15,46752176,99.77
"stoics",15,46752191,99.77
"stovepipe",15,46752206,99.77
"strangler",15,46752221,99.77
"strangles",15,46752236,99.77
"stratagem",15,46752251,99.77
"stratum",15,46752266,99.77
"stretchers",15,46752281,99.77
"sturdiness",15,46752296,99.77
"submerging",15,46752311,99.77
"successively",15,46752326,99.77
"suffocates",15,46752341,99.77
"suharto",15,46752356,99.77
"sunbeams",15,46752371,99.77
"sunkist",15,46752386,99.77
"supercomputer",15,46752401,99.77
"supranational",15,46752416,99.77
"sups",15,46752431,99.77
"sweetening",15,46752446,99.77
"swindler",15,46752461,99.77
"tajikistan",15,46752476,99.77
"tammi",15,46752491,99.77
"tamping",15,46752506,99.77
"tangibly",15,46752521,99.77
"tarbell",15,46752536,99.77
"tarpaulin",15,46752551,99.77
"tarter",15,46752566,99.77
"teargas",15,46752581,99.77
"tearoom",15,46752596,99.77
"tenderloins",15,46752611,99.77
"terabyte",15,46752626,99.77
"terrapin",15,46752641,99.77
"texaco",15,46752656,99.77
"thackeray",15,46752671,99.77
"thermostats",15,46752686,99.77
"tickers",15,46752701,99.77
"tilling",15,46752716,99.77
"tiptoeing",15,46752731,99.77
"toking",15,46752746,99.77
"transgressed",15,46752761,99.77
"transparencies",15,46752776,99.77
"trawled",15,46752791,99.77
"trawler",15,46752806,99.77
"trellises",15,46752821,99.77
"trespasser",15,46752836,99.77
"troubadours",15,46752851,99.77
"truculent",15,46752866,99.77
"trysts",15,46752881,99.77
"turgid",15,46752896,99.77
"turkmenistan",15,46752911,99.77
"twaddle",15,46752926,99.77
"twerp",15,46752941,99.77
"tykes",15,46752956,99.77
"typecasting",15,46752971,99.77
"tyrannosaur",15,46752986,99.77
"unbuckled",15,46753001,99.77
"unbutton",15,46753016,99.77
"uncontroversial",15,46753031,99.77
"underachieved",15,46753046,99.77
"underarms",15,46753061,99.77
"undernourished",15,46753076,99.77
"undertakers",15,46753091,99.77
"undoes",15,46753106,99.77
"unearths",15,46753121,99.77
"unenthusiastic",15,46753136,99.77
"unfeasible",15,46753151,99.77
"unhook",15,46753166,99.77
"unobtainable",15,46753181,99.77
"unobtrusively",15,46753196,99.77
"unpardonable",15,46753211,99.77
"unpronounceable",15,46753226,99.77
"unready",15,46753241,99.77
"unromantic",15,46753256,99.77
"unselfishly",15,46753271,99.77
"urinalysis",15,46753286,99.77
"valets",15,46753301,99.77
"vandyke",15,46753316,99.77
"vaporize",15,46753331,99.77
"vilifying",15,46753346,99.77
"vinyls",15,46753361,99.77
"vivace",15,46753376,99.77
"vividness",15,46753391,99.77
"vlasic",15,46753406,99.77
"waif",15,46753421,99.77
"weer",15,46753436,99.77
"westernized",15,46753451,99.77
"whinny",15,46753466,99.77
"whirlpools",15,46753481,99.77
"wilbert",15,46753496,99.77
"winifred",15,46753511,99.77
"witchery",15,46753526,99.77
"wittily",15,46753541,99.77
"womankind",15,46753556,99.77
"woodcuts",15,46753571,99.77
"worthlessness",15,46753586,99.77
"wrongdoers",15,46753601,99.77
"xenon",15,46753616,99.77
"xviii",15,46753631,99.77
"xxiii",15,46753646,99.77
"yoruba",15,46753661,99.77
"youthfulness",15,46753676,99.77
"zr",15,46753691,99.77
"abm",14,46753705,99.77
"accretion",14,46753719,99.77
"accrues",14,46753733,99.77
"acuff",14,46753747,99.77
"adjoin",14,46753761,99.77
"adware",14,46753775,99.77
"ageism",14,46753789,99.77
"airless",14,46753803,99.77
"aleichem",14,46753817,99.77
"aline",14,46753831,99.77
"altimeter",14,46753845,99.77
"alts",14,46753859,99.77
"ambushes",14,46753873,99.77
"amulets",14,46753887,99.77
"anarchistic",14,46753901,99.77
"anesthetized",14,46753915,99.77
"anteater",14,46753929,99.77
"antecedents",14,46753943,99.77
"antes",14,46753957,99.77
"arable",14,46753971,99.77
"arcadian",14,46753985,99.77
"arsonists",14,46753999,99.77
"aspic",14,46754013,99.77
"asylums",14,46754027,99.77
"atonal",14,46754041,99.77
"atreus",14,46754055,99.77
"australasia",14,46754069,99.77
"authoritatively",14,46754083,99.77
"babying",14,46754097,99.77
"backlogged",14,46754111,99.77
"backwaters",14,46754125,99.77
"badmouth",14,46754139,99.77
"bafflement",14,46754153,99.77
"bandung",14,46754167,99.77
"bantered",14,46754181,99.77
"barbering",14,46754195,99.77
"barbershops",14,46754209,99.77
"barnstorming",14,46754223,99.77
"barricading",14,46754237,99.77
"basks",14,46754251,99.77
"bastardize",14,46754265,99.77
"batu",14,46754279,99.77
"bayes",14,46754293,99.77
"baying",14,46754307,99.77
"bedeviled",14,46754321,99.77
"befuddle",14,46754335,99.77
"belladonna",14,46754349,99.77
"bentham",14,46754363,99.77
"berbers",14,46754377,99.77
"bergs",14,46754391,99.77
"berkshires",14,46754405,99.77
"berta",14,46754419,99.77
"bibliographies",14,46754433,99.77
"bilious",14,46754447,99.77
"billows",14,46754461,99.77
"binning",14,46754475,99.77
"bisected",14,46754489,99.77
"bismark",14,46754503,99.77
"blackheads",14,46754517,99.77
"blacklisting",14,46754531,99.77
"bleakness",14,46754545,99.77
"blintz",14,46754559,99.77
"blonder",14,46754573,99.77
"blts",14,46754587,99.77
"bolsheviks",14,46754601,99.77
"bookworms",14,46754615,99.77
"bootlegged",14,46754629,99.77
"borobudur",14,46754643,99.78
"bosoms",14,46754657,99.78
"botanists",14,46754671,99.78
"botching",14,46754685,99.78
"boxcars",14,46754699,99.78
"bracketed",14,46754713,99.78
"brandish",14,46754727,99.78
"bravos",14,46754741,99.78
"brazier",14,46754755,99.78
"breadwinners",14,46754769,99.78
"brillo",14,46754783,99.78
"brogues",14,46754797,99.78
"bulkier",14,46754811,99.78
"bullwinkle",14,46754825,99.78
"bumblebees",14,46754839,99.78
"burgundian",14,46754853,99.78
"burrs",14,46754867,99.78
"burundi",14,46754881,99.78
"bustled",14,46754895,99.78
"bustles",14,46754909,99.78
"buttercups",14,46754923,99.78
"buzzards",14,46754937,99.78
"calais",14,46754951,99.78
"camber",14,46754965,99.78
"cambodians",14,46754979,99.78
"canasta",14,46754993,99.78
"capsize",14,46755007,99.78
"careens",14,46755021,99.78
"castrate",14,46755035,99.78
"catalyzed",14,46755049,99.78
"censuses",14,46755063,99.78
"centigrade",14,46755077,99.78
"centralizing",14,46755091,99.78
"chasms",14,46755105,99.78
"cheekbone",14,46755119,99.78
"cheekily",14,46755133,99.78
"cheesier",14,46755147,99.78
"chickasaw",14,46755161,99.78
"chides",14,46755175,99.78
"choicest",14,46755189,99.78
"circe",14,46755203,99.78
"circumnavigated",14,46755217,99.78
"clarinets",14,46755231,99.78
"cleaves",14,46755245,99.78
"cleverer",14,46755259,99.78
"cloche",14,46755273,99.78
"clop",14,46755287,99.78
"cloudiness",14,46755301,99.78
"codifying",14,46755315,99.78
"collegian",14,46755329,99.78
"colonist",14,46755343,99.78
"commending",14,46755357,99.78
"commiserated",14,46755371,99.78
"commiserating",14,46755385,99.78
"commiseration",14,46755399,99.78
"compassionately",14,46755413,99.78
"comte",14,46755427,99.78
"conceits",14,46755441,99.78
"conceives",14,46755455,99.78
"conceptualized",14,46755469,99.78
"concertina",14,46755483,99.78
"concomitant",14,46755497,99.78
"concubine",14,46755511,99.78
"conductivity",14,46755525,99.78
"confessionals",14,46755539,99.78
"confiding",14,46755553,99.78
"conjunctivitis",14,46755567,99.78
"consecrate",14,46755581,99.78
"converses",14,46755595,99.78
"convex",14,46755609,99.78
"conviviality",14,46755623,99.78
"cornball",14,46755637,99.78
"cornice",14,46755651,99.78
"corollas",14,46755665,99.78
"corrode",14,46755679,99.78
"cosponsor",14,46755693,99.78
"counterintelligence",14,46755707,99.78
"cowpoke",14,46755721,99.78
"crackerjack",14,46755735,99.78
"cratered",14,46755749,99.78
"cretan",14,46755763,99.78
"crimea",14,46755777,99.78
"croons",14,46755791,99.78
"crowbars",14,46755805,99.78
"cryptography",14,46755819,99.78
"curtsy",14,46755833,99.78
"cuttlefish",14,46755847,99.78
"cybernetic",14,46755861,99.78
"deaconess",14,46755875,99.78
"deader",14,46755889,99.78
"debaters",14,46755903,99.78
"decanted",14,46755917,99.78
"decanters",14,46755931,99.78
"defame",14,46755945,99.78
"defecating",14,46755959,99.78
"demitasse",14,46755973,99.78
"democratizing",14,46755987,99.78
"demolishes",14,46756001,99.78
"denigrated",14,46756015,99.78
"denigration",14,46756029,99.78
"depreciate",14,46756043,99.78
"descents",14,46756057,99.78
"detaching",14,46756071,99.78
"determinants",14,46756085,99.78
"detests",14,46756099,99.78
"devolving",14,46756113,99.78
"diffusing",14,46756127,99.78
"diode",14,46756141,99.78
"dirigible",14,46756155,99.78
"disbursing",14,46756169,99.78
"discontentment",14,46756183,99.78
"disinfected",14,46756197,99.78
"disposes",14,46756211,99.78
"dither",14,46756225,99.78
"diversionary",14,46756239,99.78
"divining",14,46756253,99.78
"dolts",14,46756267,99.78
"dooms",14,46756281,99.78
"doubter",14,46756295,99.78
"dressmaker",14,46756309,99.78
"droned",14,46756323,99.78
"dueled",14,46756337,99.78
"dulls",14,46756351,99.78
"duracell",14,46756365,99.78
"dysfunctions",14,46756379,99.78
"ecliptic",14,46756393,99.78
"efl",14,46756407,99.78
"ejecting",14,46756421,99.78
"eking",14,46756435,99.78
"eldercare",14,46756449,99.78
"emanation",14,46756463,99.78
"emissaries",14,46756477,99.78
"emulator",14,46756491,99.78
"enlivening",14,46756505,99.78
"enthuse",14,46756519,99.78
"enunciated",14,46756533,99.78
"enunciation",14,46756547,99.78
"epicurus",14,46756561,99.78
"equips",14,46756575,99.78
"erotically",14,46756589,99.78
"errata",14,46756603,99.78
"escarpment",14,46756617,99.78
"estimations",14,46756631,99.78
"evilly",14,46756645,99.78
"expansionist",14,46756659,99.78
"exploiters",14,46756673,99.78
"extols",14,46756687,99.78
"extractions",14,46756701,99.78
"extrapolating",14,46756715,99.78
"extraterrestrials",14,46756729,99.78
"exultant",14,46756743,99.78
"farthing",14,46756757,99.78
"fatiguing",14,46756771,99.78
"feasibly",14,46756785,99.78
"feuded",14,46756799,99.78
"fidgeted",14,46756813,99.78
"firebombs",14,46756827,99.78
"fixers",14,46756841,99.78
"flamboyance",14,46756855,99.78
"fledglings",14,46756869,99.78
"fleecing",14,46756883,99.78
"fleetingly",14,46756897,99.78
"flippy",14,46756911,99.78
"flukes",14,46756925,99.78
"fogging",14,46756939,99.78
"fogs",14,46756953,99.78
"forgoes",14,46756967,99.78
"formalizing",14,46756981,99.78
"forsakes",14,46756995,99.78
"forsook",14,46757009,99.78
"foundered",14,46757023,99.78
"freida",14,46757037,99.78
"frisking",14,46757051,99.78
"fruitlessly",14,46757065,99.78
"frump",14,46757079,99.78
"gaiety",14,46757093,99.78
"ganging",14,46757107,99.78
"gerbils",14,46757121,99.78
"gerrymandered",14,46757135,99.78
"gherkin",14,46757149,99.78
"glowingly",14,46757163,99.78
"goalkeepers",14,46757177,99.78
"gog",14,46757191,99.78
"gorey",14,46757205,99.78
"granary",14,46757219,99.78
"grebe",14,46757233,99.78
"grendel",14,46757247,99.78
"grok",14,46757261,99.78
"gte",14,46757275,99.78
"hailstones",14,46757289,99.78
"handicappers",14,46757303,99.78
"handmaid",14,46757317,99.78
"hardiness",14,46757331,99.78
"harking",14,46757345,99.78
"heartrending",14,46757359,99.78
"hedonist",14,46757373,99.78
"heifers",14,46757387,99.78
"hemophilia",14,46757401,99.78
"heraldic",14,46757415,99.78
"hermetically",14,46757429,99.78
"herzl",14,46757443,99.78
"hesitations",14,46757457,99.78
"hippocratic",14,46757471,99.78
"hitchhike",14,46757485,99.78
"hoeing",14,46757499,99.78
"holstered",14,46757513,99.78
"homophones",14,46757527,99.78
"honchos",14,46757541,99.78
"hones",14,46757555,99.78
"honeymooned",14,46757569,99.78
"hoodoo",14,46757583,99.78
"horrify",14,46757597,99.78
"hovercraft",14,46757611,99.78
"huckster",14,46757625,99.78
"humanized",14,46757639,99.78
"humblest",14,46757653,99.78
"humors",14,46757667,99.78
"hurtle",14,46757681,99.78
"hydrology",14,46757695,99.78
"ilene",14,46757709,99.78
"immunize",14,46757723,99.78
"impassive",14,46757737,99.78
"impoverishment",14,46757751,99.78
"impregnating",14,46757765,99.78
"inanity",14,46757779,99.78
"incantations",14,46757793,99.78
"incoherence",14,46757807,99.78
"incongruously",14,46757821,99.78
"incriminate",14,46757835,99.78
"indochina",14,46757849,99.78
"inducements",14,46757863,99.78
"industrialism",14,46757877,99.78
"inexact",14,46757891,99.78
"initiator",14,46757905,99.78
"insole",14,46757919,99.78
"interceptor",14,46757933,99.78
"interferon",14,46757947,99.78
"interjects",14,46757961,99.78
"interlinked",14,46757975,99.78
"internalizing",14,46757989,99.78
"intimation",14,46758003,99.78
"intimations",14,46758017,99.78
"invalidation",14,46758031,99.78
"invidious",14,46758045,99.78
"ionizing",14,46758059,99.78
"iphigenia",14,46758073,99.78
"iscariot",14,46758087,99.78
"jacobite",14,46758101,99.78
"jeroboam",14,46758115,99.78
"jiggling",14,46758129,99.78
"jingoistic",14,46758143,99.78
"jinn",14,46758157,99.78
"kicky",14,46758171,99.78
"knave",14,46758185,99.78
"kresge",14,46758199,99.78
"lafitte",14,46758213,99.78
"lamer",14,46758227,99.78
"laminating",14,46758241,99.78
"lampooned",14,46758255,99.78
"lariat",14,46758269,99.78
"lavishes",14,46758283,99.78
"leaches",14,46758297,99.78
"lenard",14,46758311,99.78
"lessee",14,46758325,99.78
"lippmann",14,46758339,99.78
"lipscomb",14,46758353,99.78
"loamy",14,46758367,99.78
"logistic",14,46758381,99.78
"longstreet",14,46758395,99.78
"looseness",14,46758409,99.78
"lubricated",14,46758423,99.78
"lusitania",14,46758437,99.78
"lynchings",14,46758451,99.78
"macerated",14,46758465,99.78
"madonnas",14,46758479,99.78
"magnitudes",14,46758493,99.78
"maiming",14,46758507,99.78
"mallets",14,46758521,99.78
"mammary",14,46758535,99.78
"managua",14,46758549,99.78
"manhandle",14,46758563,99.78
"manicurist",14,46758577,99.78
"mannish",14,46758591,99.78
"mantles",14,46758605,99.78
"marabou",14,46758619,99.78
"marmot",14,46758633,99.78
"marring",14,46758647,99.78
"marylander",14,46758661,99.78
"masochists",14,46758675,99.78
"matrices",14,46758689,99.78
"mazatlan",14,46758703,99.78
"mazzini",14,46758717,99.78
"measurably",14,46758731,99.78
"melchior",14,46758745,99.78
"melodramas",14,46758759,99.78
"mercia",14,46758773,99.78
"metamorphosed",14,46758787,99.78
"metastasized",14,46758801,99.78
"methuselah",14,46758815,99.78
"millipede",14,46758829,99.78
"misbehaved",14,46758843,99.78
"miscellany",14,46758857,99.78
"misdiagnosis",14,46758871,99.78
"molder",14,46758885,99.78
"molehills",14,46758899,99.78
"mollusks",14,46758913,99.78
"mongolians",14,46758927,99.78
"moonbeam",14,46758941,99.78
"mosul",14,46758955,99.78
"mothered",14,46758969,99.78
"mourner",14,46758983,99.78
"murkiness",14,46758997,99.78
"mutilate",14,46759011,99.78
"neoconservatives",14,46759025,99.78
"neutrino",14,46759039,99.78
"niebuhr",14,46759053,99.78
"nixing",14,46759067,99.78
"noddy",14,46759081,99.78
"noisemakers",14,46759095,99.78
"noncompliance",14,46759109,99.78
"nuzzle",14,46759123,99.78
"oaken",14,46759137,99.78
"obits",14,46759151,99.78
"obligate",14,46759165,99.78
"obliviously",14,46759179,99.78
"obscurities",14,46759193,99.78
"obstinacy",14,46759207,99.78
"octopuses",14,46759221,99.78
"ophthalmologists",14,46759235,99.78
"ostracism",14,46759249,99.78
"outgrows",14,46759263,99.78
"outplacement",14,46759277,99.78
"overcharge",14,46759291,99.78
"pacesetter",14,46759305,99.78
"pachyderm",14,46759319,99.79
"pacifists",14,46759333,99.79
"panders",14,46759347,99.79
"papering",14,46759361,99.79
"paperweights",14,46759375,99.79
"pariahs",14,46759389,99.79
"participle",14,46759403,99.79
"patna",14,46759417,99.79
"peaceably",14,46759431,99.79
"permian",14,46759445,99.79
"petard",14,46759459,99.79
"philanderer",14,46759473,99.79
"phlox",14,46759487,99.79
"phosphates",14,46759501,99.79
"pickpocket",14,46759515,99.79
"pillbox",14,46759529,99.79
"pipped",14,46759543,99.79
"pipsqueak",14,46759557,99.79
"placating",14,46759571,99.79
"placebos",14,46759585,99.79
"plagiarizing",14,46759599,99.79
"plasters",14,46759613,99.79
"plateful",14,46759627,99.79
"platitude",14,46759641,99.79
"plods",14,46759655,99.79
"pocketful",14,46759669,99.79
"poetical",14,46759683,99.79
"pollutes",14,46759697,99.79
"polyamory",14,46759711,99.79
"polymath",14,46759725,99.79
"polyp",14,46759739,99.79
"polytheism",14,46759753,99.79
"pomposity",14,46759767,99.79
"positing",14,46759781,99.79
"postcode",14,46759795,99.79
"pragmatically",14,46759809,99.79
"pralines",14,46759823,99.79
"pravda",14,46759837,99.79
"preciousness",14,46759851,99.79
"predilections",14,46759865,99.79
"premenstrual",14,46759879,99.79
"prenup",14,46759893,99.79
"prepay",14,46759907,99.79
"presumptions",14,46759921,99.79
"prewar",14,46759935,99.79
"printings",14,46759949,99.79
"prioritizes",14,46759963,99.79
"professorship",14,46759977,99.79
"prolifically",14,46759991,99.79
"propellant",14,46760005,99.79
"prophesying",14,46760019,99.79
"protectiveness",14,46760033,99.79
"puckers",14,46760047,99.79
"puffer",14,46760061,99.79
"puffiness",14,46760075,99.79
"puzzler",14,46760089,99.79
"pwned",14,46760103,99.79
"qingdao",14,46760117,99.79
"quacking",14,46760131,99.79
"quandaries",14,46760145,99.79
"quasimodo",14,46760159,99.79
"quibbling",14,46760173,99.79
"quinces",14,46760187,99.79
"quivers",14,46760201,99.79
"radiologists",14,46760215,99.79
"rationalism",14,46760229,99.79
"reallocate",14,46760243,99.79
"rechecked",14,46760257,99.79
"recitations",14,46760271,99.79
"reconvenes",14,46760285,99.79
"redoubtable",14,46760299,99.79
"reentered",14,46760313,99.79
"refectory",14,46760327,99.79
"regurgitating",14,46760341,99.79
"rehearses",14,46760355,99.79
"reinvesting",14,46760369,99.79
"repeals",14,46760383,99.79
"repeater",14,46760397,99.79
"reproduces",14,46760411,99.79
"repudiated",14,46760425,99.79
"retreads",14,46760439,99.79
"returnees",14,46760453,99.79
"reuther",14,46760467,99.79
"revues",14,46760481,99.79
"rewound",14,46760495,99.79
"riboflavin",14,46760509,99.79
"ringlets",14,46760523,99.79
"rioted",14,46760537,99.79
"riposte",14,46760551,99.79
"rockier",14,46760565,99.79
"rockne",14,46760579,99.79
"roil",14,46760593,99.79
"romanced",14,46760607,99.79
"romanians",14,46760621,99.79
"rommel",14,46760635,99.79
"rood",14,46760649,99.79
"roughhousing",14,46760663,99.79
"rozelle",14,46760677,99.79
"rubles",14,46760691,99.79
"ruggedly",14,46760705,99.79
"sallow",14,46760719,99.79
"santayana",14,46760733,99.79
"sashay",14,46760747,99.79
"satiny",14,46760761,99.79
"saundra",14,46760775,99.79
"scalping",14,46760789,99.79
"scarecrows",14,46760803,99.79
"schemers",14,46760817,99.79
"schizoid",14,46760831,99.79
"scipio",14,46760845,99.79
"scoots",14,46760859,99.79
"scull",14,46760873,99.79
"sculpts",14,46760887,99.79
"sculptured",14,46760901,99.79
"scythian",14,46760915,99.79
"seaway",14,46760929,99.79
"sedately",14,46760943,99.79
"serums",14,46760957,99.79
"seventieth",14,46760971,99.79
"shadings",14,46760985,99.79
"shiftless",14,46760999,99.79
"shoehorned",14,46761013,99.79
"shortchanging",14,46761027,99.79
"shortstops",14,46761041,99.79
"showoff",14,46761055,99.79
"shriner",14,46761069,99.79
"sierras",14,46761083,99.79
"sifter",14,46761097,99.79
"sifts",14,46761111,99.79
"simian",14,46761125,99.79
"simpatico",14,46761139,99.79
"simulcasting",14,46761153,99.79
"skivvies",14,46761167,99.79
"skulk",14,46761181,99.79
"sleeting",14,46761195,99.79
"sloughing",14,46761209,99.79
"sluggishly",14,46761223,99.79
"slumbers",14,46761237,99.79
"snapdragons",14,46761251,99.79
"snorkelers",14,46761265,99.79
"snowfalls",14,46761279,99.79
"solders",14,46761293,99.79
"solicitous",14,46761307,99.79
"solvable",14,46761321,99.79
"soppy",14,46761335,99.79
"spangle",14,46761349,99.79
"spatially",14,46761363,99.79
"speedboat",14,46761377,99.79
"spinsters",14,46761391,99.79
"spreader",14,46761405,99.79
"stagehands",14,46761419,99.79
"stanch",14,46761433,99.79
"staplers",14,46761447,99.79
"starlit",14,46761461,99.79
"steamroll",14,46761475,99.79
"steppingstone",14,46761489,99.79
"sterilizing",14,46761503,99.79
"stolichnaya",14,46761517,99.79
"strew",14,46761531,99.79
"stripling",14,46761545,99.79
"strobes",14,46761559,99.79
"stultifying",14,46761573,99.79
"sublet",14,46761587,99.79
"submersible",14,46761601,99.79
"subverts",14,46761615,99.79
"succor",14,46761629,99.79
"suchlike",14,46761643,99.79
"sukkot",14,46761657,99.79
"sunbathers",14,46761671,99.79
"sunup",14,46761685,99.79
"surabaya",14,46761699,99.79
"surmount",14,46761713,99.79
"tablespoonfuls",14,46761727,99.79
"tabulation",14,46761741,99.79
"tailwind",14,46761755,99.79
"talismans",14,46761769,99.79
"tamera",14,46761783,99.79
"tamped",14,46761797,99.79
"tangelo",14,46761811,99.79
"tangier",14,46761825,99.79
"tantalus",14,46761839,99.79
"taoist",14,46761853,99.79
"televangelist",14,46761867,99.79
"temporally",14,46761881,99.79
"tempter",14,46761895,99.79
"tensile",14,46761909,99.79
"terabytes",14,46761923,99.79
"testes",14,46761937,99.79
"thales",14,46761951,99.79
"theosophy",14,46761965,99.79
"therefrom",14,46761979,99.79
"thermonuclear",14,46761993,99.79
"thirsting",14,46762007,99.79
"thresh",14,46762021,99.79
"threshing",14,46762035,99.79
"tidier",14,46762049,99.79
"timur",14,46762063,99.79
"tinderbox",14,46762077,99.79
"tonnage",14,46762091,99.79
"topology",14,46762105,99.79
"topples",14,46762119,99.79
"topside",14,46762133,99.79
"torsion",14,46762147,99.79
"tows",14,46762161,99.79
"tramped",14,46762175,99.79
"transistors",14,46762189,99.79
"trashes",14,46762203,99.79
"treetop",14,46762217,99.79
"triceratops",14,46762231,99.79
"tricycles",14,46762245,99.79
"trilling",14,46762259,99.79
"turboprop",14,46762273,99.79
"tussling",14,46762287,99.79
"ultramarine",14,46762301,99.79
"uncivil",14,46762315,99.79
"uncork",14,46762329,99.79
"undercarriage",14,46762343,99.79
"undershirts",14,46762357,99.79
"uneasily",14,46762371,99.79
"unflagging",14,46762385,99.79
"unflinchingly",14,46762399,99.79
"unfriended",14,46762413,99.79
"unfurls",14,46762427,99.79
"unicode",14,46762441,99.79
"unlearning",14,46762455,99.79
"unluckily",14,46762469,99.79
"unmasking",14,46762483,99.79
"unrolled",14,46762497,99.79
"unscrewed",14,46762511,99.79
"unsuited",14,46762525,99.79
"uric",14,46762539,99.79
"usenet",14,46762553,99.79
"uttermost",14,46762567,99.79
"vacillated",14,46762581,99.79
"vamped",14,46762595,99.79
"vanquishing",14,46762609,99.79
"vegemite",14,46762623,99.79
"venous",14,46762637,99.79
"vesting",14,46762651,99.79
"victimizing",14,46762665,99.79
"vigilantism",14,46762679,99.79
"viscera",14,46762693,99.79
"vivacity",14,46762707,99.79
"vlf",14,46762721,99.79
"vulgate",14,46762735,99.79
"walkouts",14,46762749,99.79
"warble",14,46762763,99.79
"wastebasket",14,46762777,99.79
"watchword",14,46762791,99.79
"watermarks",14,46762805,99.79
"waterproofs",14,46762819,99.79
"webern",14,46762833,99.79
"webisodes",14,46762847,99.79
"weenies",14,46762861,99.79
"weft",14,46762875,99.79
"whitewashing",14,46762889,99.79
"wifely",14,46762903,99.79
"wiling",14,46762917,99.79
"winces",14,46762931,99.79
"wingtips",14,46762945,99.79
"winnow",14,46762959,99.79
"wisconsinite",14,46762973,99.79
"wobegon",14,46762987,99.79
"womanizing",14,46763001,99.79
"wrack",14,46763015,99.79
"wrinkling",14,46763029,99.79
"writhe",14,46763043,99.79
"xenia",14,46763057,99.79
"yahoos",14,46763071,99.79
"yakking",14,46763085,99.79
"yaks",14,46763099,99.79
"ymmv",14,46763113,99.79
"yokel",14,46763127,99.79
"zambian",14,46763141,99.79
"zapping",14,46763155,99.79
"ablutions",13,46763168,99.79
"accenting",13,46763181,99.79
"acclamation",13,46763194,99.79
"acoustical",13,46763207,99.79
"actuate",13,46763220,99.79
"adenoids",13,46763233,99.79
"adipose",13,46763246,99.79
"adulterated",13,46763259,99.79
"aerialists",13,46763272,99.79
"agglomeration",13,46763285,99.79
"agustin",13,46763298,99.79
"airheads",13,46763311,99.79
"alamogordo",13,46763324,99.79
"anabel",13,46763337,99.79
"anesthetist",13,46763350,99.79
"angelia",13,46763363,99.79
"angeline",13,46763376,99.79
"anglicanism",13,46763389,99.79
"animatedly",13,46763402,99.79
"anklets",13,46763415,99.79
"annul",13,46763428,99.79
"antacids",13,46763441,99.79
"anthill",13,46763454,99.79
"aping",13,46763467,99.79
"apo",13,46763480,99.79
"apocrypha",13,46763493,99.79
"append",13,46763506,99.79
"appendices",13,46763519,99.79
"appropriates",13,46763532,99.79
"armbands",13,46763545,99.79
"articulately",13,46763558,99.79
"asphyxia",13,46763571,99.79
"associative",13,46763584,99.79
"assortments",13,46763597,99.79
"assyrians",13,46763610,99.79
"astringency",13,46763623,99.79
"atlases",13,46763636,99.79
"atolls",13,46763649,99.79
"authoritarians",13,46763662,99.79
"autocrats",13,46763675,99.79
"automates",13,46763688,99.79
"automating",13,46763701,99.79
"autoworker",13,46763714,99.79
"avaricious",13,46763727,99.79
"avignon",13,46763740,99.79
"azores",13,46763753,99.79
"babbles",13,46763766,99.79
"baguio",13,46763779,99.79
"baikal",13,46763792,99.79
"baleful",13,46763805,99.79
"bani",13,46763818,99.79
"bayonets",13,46763831,99.79
"beanbags",13,46763844,99.79
"begot",13,46763857,99.79
"beguile",13,46763870,99.79
"belittles",13,46763883,99.79
"bellboy",13,46763896,99.79
"benita",13,46763909,99.79
"berates",13,46763922,99.79
"biddies",13,46763935,99.79
"billowy",13,46763948,99.79
"birthrates",13,46763961,99.79
"bitingly",13,46763974,99.79
"blankness",13,46763987,99.79
"bleat",13,46764000,99.79
"blimps",13,46764013,99.8
"bloodsuckers",13,46764026,99.8
"boars",13,46764039,99.8
"bookmaker",13,46764052,99.8
"bovary",13,46764065,99.8
"breastbone",13,46764078,99.8
"briefer",13,46764091,99.8
"brinkmanship",13,46764104,99.8
"brubeck",13,46764117,99.8
"bruisers",13,46764130,99.8
"brunet",13,46764143,99.8
"buchwald",13,46764156,99.8
"budgie",13,46764169,99.8
"bulgari",13,46764182,99.8
"bullocks",13,46764195,99.8
"bunking",13,46764208,99.8
"bushman",13,46764221,99.8
"busybodies",13,46764234,99.8
"busybody",13,46764247,99.8
"butane",13,46764260,99.8
"buzzers",13,46764273,99.8
"bylines",13,46764286,99.8
"cabinetmaker",13,46764299,99.8
"cackled",13,46764312,99.8
"calipers",13,46764325,99.8
"caliph",13,46764338,99.8
"callously",13,46764351,99.8
"campanella",13,46764364,99.8
"cannonballs",13,46764377,99.8
"canonization",13,46764390,99.8
"capillaries",13,46764403,99.8
"carbine",13,46764416,99.8
"carrel",13,46764429,99.8
"catcalls",13,46764442,99.8
"cather",13,46764455,99.8
"cathryn",13,46764468,99.8
"centenarian",13,46764481,99.8
"ceremoniously",13,46764494,99.8
"certificated",13,46764507,99.8
"chambermaid",13,46764520,99.8
"chewier",13,46764533,99.8
"churchmen",13,46764546,99.8
"circuiting",13,46764559,99.8
"claptrap",13,46764572,99.8
"clergymen",13,46764585,99.8
"clobbering",13,46764598,99.8
"cocksure",13,46764611,99.8
"coefficients",13,46764624,99.8
"coffer",13,46764637,99.8
"cognizance",13,46764650,99.8
"coked",13,46764663,99.8
"colons",13,46764676,99.8
"compactor",13,46764689,99.8
"companionable",13,46764702,99.8
"concordance",13,46764715,99.8
"conked",13,46764728,99.8
"conning",13,46764741,99.8
"conserves",13,46764754,99.8
"convulsed",13,46764767,99.8
"convulsive",13,46764780,99.8
"coolies",13,46764793,99.8
"correspondences",13,46764806,99.8
"corroborating",13,46764819,99.8
"cosmetologist",13,46764832,99.8
"countdowns",13,46764845,99.8
"counterbalanced",13,46764858,99.8
"covetous",13,46764871,99.8
"cowper",13,46764884,99.8
"crappier",13,46764897,99.8
"credulous",13,46764910,99.8
"cribbing",13,46764923,99.8
"criminologist",13,46764936,99.8
"crimping",13,46764949,99.8
"crinkling",13,46764962,99.8
"crouches",13,46764975,99.8
"crucifying",13,46764988,99.8
"crumpling",13,46765001,99.8
"crybabies",13,46765014,99.8
"dabbles",13,46765027,99.8
"davao",13,46765040,99.8
"deathless",13,46765053,99.8
"debasing",13,46765066,99.8
"debian",13,46765079,99.8
"defensed",13,46765092,99.8
"demeans",13,46765105,99.8
"denting",13,46765118,99.8
"denuded",13,46765131,99.8
"deriding",13,46765144,99.8
"derricks",13,46765157,99.8
"desecrating",13,46765170,99.8
"deserters",13,46765183,99.8
"destine",13,46765196,99.8
"destitution",13,46765209,99.8
"destructiveness",13,46765222,99.8
"disassociated",13,46765235,99.8
"disdains",13,46765248,99.8
"disenfranchising",13,46765261,99.8
"dishtowel",13,46765274,99.8
"dislodging",13,46765287,99.8
"dismemberment",13,46765300,99.8
"dispensable",13,46765313,99.8
"dissects",13,46765326,99.8
"distresses",13,46765339,99.8
"dobbin",13,46765352,99.8
"dominions",13,46765365,99.8
"doubtlessly",13,46765378,99.8
"drawbridge",13,46765391,99.8
"drys",13,46765404,99.8
"dulling",13,46765417,99.8
"dustpan",13,46765430,99.8
"eastwards",13,46765443,99.8
"economize",13,46765456,99.8
"edsel",13,46765469,99.8
"elroy",13,46765482,99.8
"embargoed",13,46765495,99.8
"emboldening",13,46765508,99.8
"empiricism",13,46765521,99.8
"enchantments",13,46765534,99.8
"endeavored",13,46765547,99.8
"engraver",13,46765560,99.8
"enrages",13,46765573,99.8
"enthuses",13,46765586,99.8
"entomologists",13,46765599,99.8
"entryways",13,46765612,99.8
"ermine",13,46765625,99.8
"etruscan",13,46765638,99.8
"euler",13,46765651,99.8
"eurydice",13,46765664,99.8
"evinced",13,46765677,99.8
"eviscerating",13,46765690,99.8
"exalting",13,46765703,99.8
"excommunication",13,46765716,99.8
"exhumation",13,46765729,99.8
"experimenter",13,46765742,99.8
"exponent",13,46765755,99.8
"eyesores",13,46765768,99.8
"facings",13,46765781,99.8
"facsimiles",13,46765794,99.8
"fanatically",13,46765807,99.8
"fantasizes",13,46765820,99.8
"faun",13,46765833,99.8
"fencer",13,46765846,99.8
"festered",13,46765859,99.8
"fiercer",13,46765872,99.8
"filial",13,46765885,99.8
"finagle",13,46765898,99.8
"flowerbeds",13,46765911,99.8
"flowerpot",13,46765924,99.8
"flyovers",13,46765937,99.8
"foch",13,46765950,99.8
"forager",13,46765963,99.8
"formals",13,46765976,99.8
"foundries",13,46765989,99.8
"fourfold",13,46766002,99.8
"freebase",13,46766015,99.8
"frigate",13,46766028,99.8
"fringing",13,46766041,99.8
"frolicked",13,46766054,99.8
"frolics",13,46766067,99.8
"fruited",13,46766080,99.8
"futons",13,46766093,99.8
"fuzzed",13,46766106,99.8
"fuzzier",13,46766119,99.8
"gabled",13,46766132,99.8
"gamin",13,46766145,99.8
"gandhian",13,46766158,99.8
"gardenias",13,46766171,99.8
"garnets",13,46766184,99.8
"gashes",13,46766197,99.8
"gaskets",13,46766210,99.8
"gatling",13,46766223,99.8
"generality",13,46766236,99.8
"genii",13,46766249,99.8
"geriatrics",13,46766262,99.8
"gestating",13,46766275,99.8
"giannini",13,46766288,99.8
"glamorized",13,46766301,99.8
"glandular",13,46766314,99.8
"glenlivet",13,46766327,99.8
"glibly",13,46766340,99.8
"glycogen",13,46766353,99.8
"goalpost",13,46766366,99.8
"goldfinches",13,46766379,99.8
"gorse",13,46766392,99.8
"grazes",13,46766405,99.8
"gujarati",13,46766418,99.8
"gunfights",13,46766431,99.8
"guzzlers",13,46766444,99.8
"hake",13,46766457,99.8
"handrail",13,46766470,99.8
"harangued",13,46766483,99.8
"hardier",13,46766496,99.8
"hassling",13,46766509,99.8
"headboards",13,46766522,99.8
"headdresses",13,46766535,99.8
"headland",13,46766548,99.8
"headrest",13,46766561,99.8
"heatstroke",13,46766574,99.8
"heraldry",13,46766587,99.8
"hermaphrodite",13,46766600,99.8
"hideaways",13,46766613,99.8
"hightail",13,46766626,99.8
"hilario",13,46766639,99.8
"hindustani",13,46766652,99.8
"hirsute",13,46766665,99.8
"hogged",13,46766678,99.8
"hollowing",13,46766691,99.8
"holsters",13,46766704,99.8
"homeric",13,46766717,99.8
"homering",13,46766730,99.8
"horacio",13,46766743,99.8
"horsehair",13,46766756,99.8
"hothead",13,46766769,99.8
"housebroken",13,46766782,99.8
"humanness",13,46766795,99.8
"humbler",13,46766808,99.8
"hungering",13,46766821,99.8
"hungriest",13,46766834,99.8
"hyphenation",13,46766847,99.8
"iconoclast",13,46766860,99.8
"idyll",13,46766873,99.8
"igloos",13,46766886,99.8
"immanence",13,46766899,99.8
"impinge",13,46766912,99.8
"impugned",13,46766925,99.8
"imputed",13,46766938,99.8
"inadvisable",13,46766951,99.8
"incompleteness",13,46766964,99.8
"incorruptible",13,46766977,99.8
"indecisiveness",13,46766990,99.8
"indescribably",13,46767003,99.8
"indoctrinating",13,46767016,99.8
"inducement",13,46767029,99.8
"indulgently",13,46767042,99.8
"inebriation",13,46767055,99.8
"inescapably",13,46767068,99.8
"inexcusably",13,46767081,99.8
"infallibility",13,46767094,99.8
"infirmity",13,46767107,99.8
"ingratiating",13,46767120,99.8
"ingress",13,46767133,99.8
"inklings",13,46767146,99.8
"inlay",13,46767159,99.8
"inoculation",13,46767172,99.8
"insets",13,46767185,99.8
"insoles",13,46767198,99.8
"institutionalize",13,46767211,99.8
"insularity",13,46767224,99.8
"insurgencies",13,46767237,99.8
"intellects",13,46767250,99.8
"intensification",13,46767263,99.8
"intermingling",13,46767276,99.8
"internationale",13,46767289,99.8
"interpretative",13,46767302,99.8
"interrogator",13,46767315,99.8
"intersperse",13,46767328,99.8
"intimates",13,46767341,99.8
"invalidates",13,46767354,99.8
"invigorates",13,46767367,99.8
"ionesco",13,46767380,99.8
"ivories",13,46767393,99.8
"jackdaws",13,46767406,99.8
"jacklyn",13,46767419,99.8
"javanese",13,46767432,99.8
"jawbreaker",13,46767445,99.8
"jawing",13,46767458,99.8
"jetsam",13,46767471,99.8
"jobbing",13,46767484,99.8
"johnathon",13,46767497,99.8
"junco",13,46767510,99.8
"junking",13,46767523,99.8
"juxtaposes",13,46767536,99.8
"karamazov",13,46767549,99.8
"kazakh",13,46767562,99.8
"kerchief",13,46767575,99.8
"kestrels",13,46767588,99.8
"kindhearted",13,46767601,99.8
"kingship",13,46767614,99.8
"kissers",13,46767627,99.8
"kneeing",13,46767640,99.8
"lacerating",13,46767653,99.8
"lacquers",13,46767666,99.8
"lagniappe",13,46767679,99.8
"lamers",13,46767692,99.8
"languishes",13,46767705,99.8
"languorous",13,46767718,99.8
"lapp",13,46767731,99.8
"lardner",13,46767744,99.8
"legitimizes",13,46767757,99.8
"lengthens",13,46767770,99.8
"leonor",13,46767783,99.8
"linseed",13,46767796,99.8
"liquidators",13,46767809,99.8
"lockjaw",13,46767822,99.8
"lombardy",13,46767835,99.8
"longboat",13,46767848,99.8
"louvers",13,46767861,99.8
"lucks",13,46767874,99.8
"luftwaffe",13,46767887,99.8
"mackintosh",13,46767900,99.8
"majorca",13,46767913,99.8
"malcontent",13,46767926,99.8
"malformation",13,46767939,99.8
"malformations",13,46767952,99.8
"mandrake",13,46767965,99.8
"maneuverability",13,46767978,99.8
"marat",13,46767991,99.8
"marsupials",13,46768004,99.8
"mascaras",13,46768017,99.8
"mashes",13,46768030,99.8
"meiji",13,46768043,99.8
"mennonites",13,46768056,99.8
"menorahs",13,46768069,99.8
"menstruating",13,46768082,99.8
"metamorphose",13,46768095,99.8
"mewling",13,46768108,99.8
"millicent",13,46768121,99.8
"minaret",13,46768134,99.8
"minored",13,46768147,99.8
"misanthropy",13,46768160,99.8
"misappropriating",13,46768173,99.8
"misfiring",13,46768186,99.8
"misinterpretations",13,46768199,99.8
"mislaid",13,46768212,99.8
"misplacing",13,46768225,99.8
"misstatement",13,46768238,99.8
"moleskin",13,46768251,99.8
"moliere",13,46768264,99.8
"molting",13,46768277,99.8
"monoliths",13,46768290,99.8
"monteverdi",13,46768303,99.8
"moonlights",13,46768316,99.8
"mopeds",13,46768329,99.8
"moralist",13,46768342,99.8
"morita",13,46768355,99.8
"mortician",13,46768368,99.8
"motorcades",13,46768381,99.8
"mutating",13,46768394,99.8
"mystically",13,46768407,99.8
"narwhals",13,46768420,99.8
"navigable",13,46768433,99.8
"neologisms",13,46768446,99.8
"nettie",13,46768459,99.8
"neuralgia",13,46768472,99.8
"newscasters",13,46768485,99.8
"newsreels",13,46768498,99.8
"niccolo",13,46768511,99.8
"noisome",13,46768524,99.8
"northerner",13,46768537,99.8
"nostalgically",13,46768550,99.8
"nutting",13,46768563,99.8
"nymphomaniac",13,46768576,99.8
"occam",13,46768589,99.8
"octet",13,46768602,99.8
"ods",13,46768615,99.8
"olivetti",13,46768628,99.8
"operable",13,46768641,99.8
"orienting",13,46768654,99.8
"oscillation",13,46768667,99.8
"ostentatiously",13,46768680,99.8
"outspokenness",13,46768693,99.81
"overcoats",13,46768706,99.81
"overestimating",13,46768719,99.81
"overheats",13,46768732,99.81
"overpopulated",13,46768745,99.81
"overreached",13,46768758,99.81
"oversell",13,46768771,99.81
"overweening",13,46768784,99.81
"overwritten",13,46768797,99.81
"ozymandias",13,46768810,99.81
"palindromes",13,46768823,99.81
"pallbearers",13,46768836,99.81
"panhandler",13,46768849,99.81
"parquet",13,46768862,99.81
"pawed",13,46768875,99.81
"pawnshop",13,46768888,99.81
"pebbly",13,46768901,99.81
"peckinpah",13,46768914,99.81
"peculiarity",13,46768927,99.81
"perelman",13,46768940,99.81
"perfects",13,46768953,99.81
"perplexity",13,46768966,99.81
"phraseology",13,46768979,99.81
"physiologist",13,46768992,99.81
"picnickers",13,46769005,99.81
"piggybacking",13,46769018,99.81
"pinafore",13,46769031,99.81
"pitiable",13,46769044,99.81
"plumbed",13,46769057,99.81
"podiatry",13,46769070,99.81
"podiums",13,46769083,99.81
"polyglot",13,46769096,99.81
"pompadour",13,46769109,99.81
"porpoises",13,46769122,99.81
"predicative",13,46769135,99.81
"preened",13,46769148,99.81
"preheating",13,46769161,99.81
"prelate",13,46769174,99.81
"prepayments",13,46769187,99.81
"probationer",13,46769200,99.81
"proctoring",13,46769213,99.81
"profligacy",13,46769226,99.81
"proletarian",13,46769239,99.81
"protean",13,46769252,99.81
"pshaw",13,46769265,99.81
"ptolemy",13,46769278,99.81
"pueblos",13,46769291,99.81
"purposeless",13,46769304,99.81
"pushcart",13,46769317,99.81
"pwn",13,46769330,99.81
"quackery",13,46769343,99.81
"quietude",13,46769356,99.81
"quine",13,46769369,99.81
"rafter",13,46769382,99.81
"rampages",13,46769395,99.81
"ransoms",13,46769408,99.81
"rapprochement",13,46769421,99.81
"rasping",13,46769434,99.81
"reactionaries",13,46769447,99.81
"reanimated",13,46769460,99.81
"reapplying",13,46769473,99.81
"rearrangement",13,46769486,99.81
"reassembling",13,46769499,99.81
"reassessments",13,46769512,99.81
"rebus",13,46769525,99.81
"reclaims",13,46769538,99.81
"rededicate",13,46769551,99.81
"reelect",13,46769564,99.81
"reestablished",13,46769577,99.81
"refashion",13,46769590,99.81
"refashioning",13,46769603,99.81
"reforestation",13,46769616,99.81
"refraction",13,46769629,99.81
"refunding",13,46769642,99.81
"regenerates",13,46769655,99.81
"relents",13,46769668,99.81
"remittance",13,46769681,99.81
"remus",13,46769694,99.81
"repents",13,46769707,99.81
"requisites",13,46769720,99.81
"reshuffled",13,46769733,99.81
"resistors",13,46769746,99.81
"respites",13,46769759,99.81
"resubmitted",13,46769772,99.81
"retrained",13,46769785,99.81
"rheumatism",13,46769798,99.81
"rickshaws",13,46769811,99.81
"rinses",13,46769824,99.81
"rippers",13,46769837,99.81
"ruffling",13,46769850,99.81
"rutan",13,46769863,99.81
"sanctifying",13,46769876,99.81
"sandblasted",13,46769889,99.81
"sanitarium",13,46769902,99.81
"satanist",13,46769915,99.81
"scampers",13,46769928,99.81
"scandinavians",13,46769941,99.81
"scanty",13,46769954,99.81
"scapegoated",13,46769967,99.81
"scarcer",13,46769980,99.81
"scions",13,46769993,99.81
"scrutinizes",13,46770006,99.81
"seamstresses",13,46770019,99.81
"seaworthy",13,46770032,99.81
"seceded",13,46770045,99.81
"secessionist",13,46770058,99.81
"seiko",13,46770071,99.81
"selectivity",13,46770084,99.81
"selfies",13,46770097,99.81
"semaphore",13,46770110,99.81
"semicircle",13,46770123,99.81
"serf",13,46770136,99.81
"servo",13,46770149,99.81
"shackle",13,46770162,99.81
"shackleton",13,46770175,99.81
"shibboleths",13,46770188,99.81
"shipmates",13,46770201,99.81
"showboating",13,46770214,99.81
"showstoppers",13,46770227,99.81
"shuttlecock",13,46770240,99.81
"shylock",13,46770253,99.81
"sickles",13,46770266,99.81
"sidelining",13,46770279,99.81
"sidesteps",13,46770292,99.81
"signet",13,46770305,99.81
"slosh",13,46770318,99.81
"smartness",13,46770331,99.81
"snoozed",13,46770344,99.81
"snored",13,46770357,99.81
"snowplow",13,46770370,99.81
"snowsuit",13,46770383,99.81
"sobriquet",13,46770396,99.81
"socking",13,46770409,99.81
"sojourns",13,46770422,99.81
"soldiering",13,46770435,99.81
"sorbonne",13,46770448,99.81
"spacewalk",13,46770461,99.81
"spacial",13,46770474,99.81
"speculator",13,46770487,99.81
"spinnaker",13,46770500,99.81
"splashdown",13,46770513,99.81
"splicing",13,46770526,99.81
"spyglass",13,46770539,99.81
"squabbled",13,46770552,99.81
"squanders",13,46770565,99.81
"srinagar",13,46770578,99.81
"stapling",13,46770591,99.81
"starkness",13,46770604,99.81
"steinway",13,46770617,99.81
"stiffens",13,46770630,99.81
"stingiest",13,46770643,99.81
"stinkers",13,46770656,99.81
"stipulating",13,46770669,99.81
"stockbrokers",13,46770682,99.81
"stolid",13,46770695,99.81
"streetwise",13,46770708,99.81
"styron",13,46770721,99.81
"subcontracted",13,46770734,99.81
"subdivide",13,46770747,99.81
"subsections",13,46770760,99.81
"subsidence",13,46770773,99.81
"subsisting",13,46770786,99.81
"sulfuric",13,46770799,99.81
"sulks",13,46770812,99.81
"sultana",13,46770825,99.81
"suture",13,46770838,99.81
"swaggers",13,46770851,99.81
"swags",13,46770864,99.81
"swerves",13,46770877,99.81
"swiftness",13,46770890,99.81
"swindles",13,46770903,99.81
"swiveled",13,46770916,99.81
"sycophantic",13,46770929,99.81
"tactless",13,46770942,99.81
"tallinn",13,46770955,99.81
"tameka",13,46770968,99.81
"technocrats",13,46770981,99.81
"teetotaler",13,46770994,99.81
"telecommute",13,46771007,99.81
"thrifts",13,46771020,99.81
"throbs",13,46771033,99.81
"tigress",13,46771046,99.81
"timekeeper",13,46771059,99.81
"tiresias",13,46771072,99.81
"titian",13,46771085,99.81
"toehold",13,46771098,99.81
"toiletry",13,46771111,99.81
"transporters",13,46771124,99.81
"transposing",13,46771137,99.81
"travesties",13,46771150,99.81
"trespassed",13,46771163,99.81
"triglyceride",13,46771176,99.81
"trilateral",13,46771189,99.81
"trimesters",13,46771202,99.81
"twined",13,46771215,99.81
"typefaces",13,46771228,99.81
"uccello",13,46771241,99.81
"unalterable",13,46771254,99.81
"unasked",13,46771267,99.81
"unbending",13,46771280,99.81
"unbidden",13,46771293,99.81
"uncharitable",13,46771306,99.81
"underachievers",13,46771319,99.81
"underfed",13,46771332,99.81
"underhand",13,46771345,99.81
"underling",13,46771358,99.81
"underpasses",13,46771371,99.81
"undersides",13,46771384,99.81
"unemotional",13,46771397,99.81
"unkindness",13,46771410,99.81
"unmemorable",13,46771423,99.81
"unmentionable",13,46771436,99.81
"unpick",13,46771449,99.81
"unreconstructed",13,46771462,99.81
"unreliability",13,46771475,99.81
"unsubtle",13,46771488,99.81
"uris",13,46771501,99.81
"ustinov",13,46771514,99.81
"vacillate",13,46771527,99.81
"valance",13,46771540,99.81
"valence",13,46771553,99.81
"valkyries",13,46771566,99.81
"vamping",13,46771579,99.81
"verbalizing",13,46771592,99.81
"vertebrates",13,46771605,99.81
"victoriously",13,46771618,99.81
"vitus",13,46771631,99.81
"vocalized",13,46771644,99.81
"volleying",13,46771657,99.81
"vomits",13,46771670,99.81
"wabbit",13,46771683,99.81
"warthogs",13,46771696,99.81
"weaklings",13,46771709,99.81
"weatherproof",13,46771722,99.81
"wees",13,46771735,99.81
"weissmuller",13,46771748,99.81
"welshman",13,46771761,99.81
"wessex",13,46771774,99.81
"whirred",13,46771787,99.81
"whitener",13,46771800,99.81
"whizzes",13,46771813,99.81
"wildebeest",13,46771826,99.81
"wimsey",13,46771839,99.81
"windiest",13,46771852,99.81
"windowed",13,46771865,99.81
"wingnut",13,46771878,99.81
"withholds",13,46771891,99.81
"wombs",13,46771904,99.81
"wraiths",13,46771917,99.81
"wrathful",13,46771930,99.81
"xvii",13,46771943,99.81
"yesenia",13,46771956,99.81
"yokels",13,46771969,99.81
"yowling",13,46771982,99.81
"zaniness",13,46771995,99.81
"zephaniah",13,46772008,99.81
"zn",13,46772021,99.81
"zucchinis",13,46772034,99.81
"abductors",12,46772046,99.81
"abet",12,46772058,99.81
"abrogated",12,46772070,99.81
"absolutism",12,46772082,99.81
"absolving",12,46772094,99.81
"acclimation",12,46772106,99.81
"accordions",12,46772118,99.81
"accrediting",12,46772130,99.81
"achoo",12,46772142,99.81
"acing",12,46772154,99.81
"adversities",12,46772166,99.81
"aerated",12,46772178,99.81
"affirmatively",12,46772190,99.81
"ail",12,46772202,99.81
"airfields",12,46772214,99.81
"alibis",12,46772226,99.81
"alleviation",12,46772238,99.81
"aloes",12,46772250,99.81
"altoids",12,46772262,99.81
"angelico",12,46772274,99.81
"anorak",12,46772286,99.81
"anticlimax",12,46772298,99.81
"antipodes",12,46772310,99.81
"antonyms",12,46772322,99.81
"apiary",12,46772334,99.81
"appaloosa",12,46772346,99.81
"apportion",12,46772358,99.81
"archdeacon",12,46772370,99.81
"argos",12,46772382,99.81
"ariadne",12,46772394,99.81
"armature",12,46772406,99.81
"armholes",12,46772418,99.81
"arpeggio",12,46772430,99.81
"arpeggios",12,46772442,99.81
"ascents",12,46772454,99.81
"aurelio",12,46772466,99.81
"authorizations",12,46772478,99.81
"autographing",12,46772490,99.81
"autonomously",12,46772502,99.81
"availing",12,46772514,99.81
"avionics",12,46772526,99.81
"awaking",12,46772538,99.81
"awes",12,46772550,99.81
"bacchanalia",12,46772562,99.81
"backache",12,46772574,99.81
"backbiting",12,46772586,99.81
"backdated",12,46772598,99.81
"bailiffs",12,46772610,99.81
"balearic",12,46772622,99.81
"bankrolls",12,46772634,99.81
"banneker",12,46772646,99.81
"baobab",12,46772658,99.81
"barometric",12,46772670,99.81
"bassoonist",12,46772682,99.81
"beachcomber",12,46772694,99.81
"beachhead",12,46772706,99.81
"beauteous",12,46772718,99.81
"begone",12,46772730,99.81
"besmirch",12,46772742,99.81
"bessemer",12,46772754,99.81
"biplane",12,46772766,99.81
"birdseye",12,46772778,99.81
"bleaches",12,46772790,99.81
"blemished",12,46772802,99.81
"bloodstains",12,46772814,99.81
"boated",12,46772826,99.81
"bobbins",12,46772838,99.81
"boomerangs",12,46772850,99.81
"boor",12,46772862,99.81
"boozers",12,46772874,99.81
"brunching",12,46772886,99.81
"brusquely",12,46772898,99.81
"bsd",12,46772910,99.81
"buchenwald",12,46772922,99.81
"buckler",12,46772934,99.81
"bullfighting",12,46772946,99.81
"bullfrogs",12,46772958,99.81
"businesswomen",12,46772970,99.81
"buttresses",12,46772982,99.81
"caduceus",12,46772994,99.81
"caliban",12,46773006,99.81
"calibrating",12,46773018,99.81
"calmest",12,46773030,99.81
"campanile",12,46773042,99.81
"canopied",12,46773054,99.81
"cantering",12,46773066,99.81
"canticle",12,46773078,99.81
"capitols",12,46773090,99.81
"capitulated",12,46773102,99.81
"capsizing",12,46773114,99.81
"carding",12,46773126,99.81
"careen",12,46773138,99.81
"carillon",12,46773150,99.81
"carjackings",12,46773162,99.81
"carpel",12,46773174,99.81
"castigate",12,46773186,99.81
"catacomb",12,46773198,99.81
"cattail",12,46773210,99.81
"cawing",12,46773222,99.81
"celt",12,46773234,99.81
"chanticleer",12,46773246,99.81
"chaperoned",12,46773258,99.81
"chartering",12,46773270,99.81
"chartres",12,46773282,99.81
"chileans",12,46773294,99.81
"chillers",12,46773306,99.81
"chillest",12,46773318,99.81
"chippers",12,46773330,99.81
"chokers",12,46773342,99.81
"christs",12,46773354,99.81
"churchman",12,46773366,99.81
"cipro",12,46773378,99.82
"circuited",12,46773390,99.82
"civilizing",12,46773402,99.82
"clearinghouses",12,46773414,99.82
"cleavers",12,46773426,99.82
"clerked",12,46773438,99.82
"coeds",12,46773450,99.82
"cohere",12,46773462,99.82
"comanche",12,46773474,99.82
"commandeering",12,46773486,99.82
"commercializing",12,46773498,99.82
"condenses",12,46773510,99.82
"confederated",12,46773522,99.82
"confounds",12,46773534,99.82
"congeniality",12,46773546,99.82
"congenitally",12,46773558,99.82
"consorting",12,46773570,99.82
"contingents",12,46773582,99.82
"contrails",12,46773594,99.82
"convalescence",12,46773606,99.82
"convulse",12,46773618,99.82
"coots",12,46773630,99.82
"copse",12,46773642,99.82
"copter",12,46773654,99.82
"corfu",12,46773666,99.82
"corruptible",12,46773678,99.82
"coupes",12,46773690,99.82
"courtesans",12,46773702,99.82
"courtier",12,46773714,99.82
"coverall",12,46773726,99.82
"crassness",12,46773738,99.82
"creamiest",12,46773750,99.82
"credenza",12,46773762,99.82
"cresting",12,46773774,99.82
"cretaceous",12,46773786,99.82
"criollo",12,46773798,99.82
"croaking",12,46773810,99.82
"crooners",12,46773822,99.82
"crucifixes",12,46773834,99.82
"cruddy",12,46773846,99.82
"crudest",12,46773858,99.82
"culbertson",12,46773870,99.82
"cultivators",12,46773882,99.82
"cygnus",12,46773894,99.82
"daringly",12,46773906,99.82
"dauber",12,46773918,99.82
"daybed",12,46773930,99.82
"daydreamer",12,46773942,99.82
"debits",12,46773954,99.82
"decembers",12,46773966,99.82
"decimals",12,46773978,99.82
"decimation",12,46773990,99.82
"decriminalizing",12,46774002,99.82
"deducts",12,46774014,99.82
"deeded",12,46774026,99.82
"defaming",12,46774038,99.82
"dehumanize",12,46774050,99.82
"deified",12,46774062,99.82
"delectation",12,46774074,99.82
"demilitarized",12,46774086,99.82
"demoralize",12,46774098,99.82
"depreciating",12,46774110,99.82
"dermis",12,46774122,99.82
"deviating",12,46774134,99.82
"deviously",12,46774146,99.82
"dewdrop",12,46774158,99.82
"diameters",12,46774170,99.82
"dilating",12,46774182,99.82
"diminution",12,46774194,99.82
"dinettes",12,46774206,99.82
"dirtied",12,46774218,99.82
"disinclined",12,46774230,99.82
"disinfecting",12,46774242,99.82
"dismember",12,46774254,99.82
"disowning",12,46774266,99.82
"dissembling",12,46774278,99.82
"dissociated",12,46774290,99.82
"dissuading",12,46774302,99.82
"doctrinaire",12,46774314,99.82
"donatello",12,46774326,99.82
"doz",12,46774338,99.82
"drano",12,46774350,99.82
"drooped",12,46774362,99.82
"droplet",12,46774374,99.82
"drunkest",12,46774386,99.82
"dtp",12,46774398,99.82
"dunces",12,46774410,99.82
"duns",12,46774422,99.82
"duplexes",12,46774434,99.82
"ebullience",12,46774446,99.82
"edema",12,46774458,99.82
"edifices",12,46774470,99.82
"edify",12,46774482,99.82
"editorially",12,46774494,99.82
"egghead",12,46774506,99.82
"egoism",12,46774518,99.82
"emirate",12,46774530,99.82
"emotes",12,46774542,99.82
"emulsified",12,46774554,99.82
"encase",12,46774566,99.82
"encases",12,46774578,99.82
"encouragements",12,46774590,99.82
"endorsers",12,46774602,99.82
"enervating",12,46774614,99.82
"enfold",12,46774626,99.82
"enshrines",12,46774638,99.82
"enslaves",12,46774650,99.82
"entrench",12,46774662,99.82
"entwine",12,46774674,99.82
"enunciate",12,46774686,99.82
"epitaphs",12,46774698,99.82
"equivocal",12,46774710,99.82
"euphemistic",12,46774722,99.82
"eventide",12,46774734,99.82
"exhortations",12,46774746,99.82
"explication",12,46774758,99.82
"expounded",12,46774770,99.82
"expounds",12,46774782,99.82
"extrapolation",12,46774794,99.82
"extricating",12,46774806,99.82
"facetiously",12,46774818,99.82
"fassbinder",12,46774830,99.82
"fastener",12,46774842,99.82
"fathomed",12,46774854,99.82
"fens",12,46774866,99.82
"ferments",12,46774878,99.82
"finalizes",12,46774890,99.82
"firebombing",12,46774902,99.82
"fleshes",12,46774914,99.82
"floes",12,46774926,99.82
"fobs",12,46774938,99.82
"footstep",12,46774950,99.82
"forefather",12,46774962,99.82
"frats",12,46774974,99.82
"freakiest",12,46774986,99.82
"freedmen",12,46774998,99.82
"freewheel",12,46775010,99.82
"frizzle",12,46775022,99.82
"fudged",12,46775034,99.82
"fulsome",12,46775046,99.82
"functionary",12,46775058,99.82
"fungicide",12,46775070,99.82
"furred",12,46775082,99.82
"galatia",12,46775094,99.82
"gallantry",12,46775106,99.82
"gamy",12,46775118,99.82
"garrulous",12,46775130,99.82
"gautier",12,46775142,99.82
"gelling",12,46775154,99.82
"ghosted",12,46775166,99.82
"ghosting",12,46775178,99.82
"giblet",12,46775190,99.82
"giblets",12,46775202,99.82
"gild",12,46775214,99.82
"glaxo",12,46775226,99.82
"glazier",12,46775238,99.82
"glens",12,46775250,99.82
"glimpsing",12,46775262,99.82
"glockenspiel",12,46775274,99.82
"gnash",12,46775286,99.82
"gnp",12,46775298,99.82
"goading",12,46775310,99.82
"gompers",12,46775322,99.82
"goobers",12,46775334,99.82
"gounod",12,46775346,99.82
"gowned",12,46775358,99.82
"grenoble",12,46775370,99.82
"grouting",12,46775382,99.82
"guesting",12,46775394,99.82
"gulags",12,46775406,99.82
"haltingly",12,46775418,99.82
"handspring",12,46775430,99.82
"hankie",12,46775442,99.82
"hardheaded",12,46775454,99.82
"hardliners",12,46775466,99.82
"harmonicas",12,46775478,99.82
"harpoons",12,46775490,99.82
"hartline",12,46775502,99.82
"hazlitt",12,46775514,99.82
"headrests",12,46775526,99.82
"healthiness",12,46775538,99.82
"hearer",12,46775550,99.82
"heavies",12,46775562,99.82
"hematologist",12,46775574,99.82
"heredity",12,46775586,99.82
"hewed",12,46775598,99.82
"hews",12,46775610,99.82
"hexes",12,46775622,99.82
"hickok",12,46775634,99.82
"hieronymus",12,46775646,99.82
"hillier",12,46775658,99.82
"hillock",12,46775670,99.82
"hindquarters",12,46775682,99.82
"hitches",12,46775694,99.82
"hocks",12,46775706,99.82
"hoed",12,46775718,99.82
"hofstadter",12,46775730,99.82
"hoists",12,46775742,99.82
"hokum",12,46775754,99.82
"hooliganism",12,46775766,99.82
"hosing",12,46775778,99.82
"hospices",12,46775790,99.82
"hotelier",12,46775802,99.82
"houseboats",12,46775814,99.82
"housecoat",12,46775826,99.82
"huckleberries",12,46775838,99.82
"hypocritically",12,46775850,99.82
"immerses",12,46775862,99.82
"impairing",12,46775874,99.82
"impalas",12,46775886,99.82
"implementations",12,46775898,99.82
"implicates",12,46775910,99.82
"impugn",12,46775922,99.82
"inapplicable",12,46775934,99.82
"incubate",12,46775946,99.82
"inculcate",12,46775958,99.82
"indubitably",12,46775970,99.82
"industrially",12,46775982,99.82
"inelegant",12,46775994,99.82
"infesting",12,46776006,99.82
"infiltrates",12,46776018,99.82
"infuriatingly",12,46776030,99.82
"inimical",12,46776042,99.82
"inlays",12,46776054,99.82
"innocuously",12,46776066,99.82
"integrator",12,46776078,99.82
"interjection",12,46776090,99.82
"intermediates",12,46776102,99.82
"intermissions",12,46776114,99.82
"interrogatory",12,46776126,99.82
"interweave",12,46776138,99.82
"iowan",12,46776150,99.82
"irishmen",12,46776162,99.82
"itched",12,46776174,99.82
"itemizing",12,46776186,99.82
"iterative",12,46776198,99.82
"jamb",12,46776210,99.82
"jelled",12,46776222,99.82
"jellybean",12,46776234,99.82
"jetties",12,46776246,99.82
"jingoism",12,46776258,99.82
"jocular",12,46776270,99.82
"jollies",12,46776282,99.82
"joules",12,46776294,99.82
"journeymen",12,46776306,99.82
"kennan",12,46776318,99.82
"keyboarding",12,46776330,99.82
"kickapoo",12,46776342,99.82
"kindergartens",12,46776354,99.82
"knifes",12,46776366,99.82
"knowable",12,46776378,99.82
"knowledgeably",12,46776390,99.82
"kodachrome",12,46776402,99.82
"kowloon",12,46776414,99.82
"krakatoa",12,46776426,99.82
"kunming",12,46776438,99.82
"kurd",12,46776450,99.82
"laban",12,46776462,99.82
"laddie",12,46776474,99.82
"lamination",12,46776486,99.82
"languidly",12,46776498,99.82
"lavenders",12,46776510,99.82
"legato",12,46776522,99.82
"legibility",12,46776534,99.82
"letdowns",12,46776546,99.82
"lexical",12,46776558,99.82
"lifelines",12,46776570,99.82
"limpet",12,46776582,99.82
"lineages",12,46776594,99.82
"linkup",12,46776606,99.82
"logarithmic",12,46776618,99.82
"logbook",12,46776630,99.82
"logout",12,46776642,99.82
"lookalikes",12,46776654,99.82
"louts",12,46776666,99.82
"luxuriate",12,46776678,99.82
"lysistrata",12,46776690,99.82
"maalox",12,46776702,99.82
"magnates",12,46776714,99.82
"magnetically",12,46776726,99.82
"maharashtra",12,46776738,99.82
"mainstreamed",12,46776750,99.82
"malapropisms",12,46776762,99.82
"malory",12,46776774,99.82
"mammon",12,46776786,99.82
"manasseh",12,46776798,99.82
"mandelbrot",12,46776810,99.82
"marathi",12,46776822,99.82
"marmara",12,46776834,99.82
"marne",12,46776846,99.82
"marshaling",12,46776858,99.82
"martinique",12,46776870,99.82
"masseuses",12,46776882,99.82
"mattes",12,46776894,99.82
"maturities",12,46776906,99.82
"mcadam",12,46776918,99.82
"megabyte",12,46776930,99.82
"megaton",12,46776942,99.82
"mellowing",12,46776954,99.82
"mesmerize",12,46776966,99.82
"mfr",12,46776978,99.82
"mickeys",12,46776990,99.82
"militiamen",12,46777002,99.82
"millinery",12,46777014,99.82
"mindanao",12,46777026,99.82
"minibuses",12,46777038,99.82
"ministrations",12,46777050,99.82
"mispronounced",12,46777062,99.82
"mobbing",12,46777074,99.82
"monarchist",12,46777086,99.82
"moneymakers",12,46777098,99.82
"montpelier",12,46777110,99.82
"moonbeams",12,46777122,99.82
"mordred",12,46777134,99.82
"mountainsides",12,46777146,99.82
"mouthpieces",12,46777158,99.82
"mowgli",12,46777170,99.82
"muddles",12,46777182,99.82
"musicologist",12,46777194,99.82
"muskogee",12,46777206,99.82
"nakedly",12,46777218,99.82
"navies",12,46777230,99.82
"naysayer",12,46777242,99.82
"necrosis",12,46777254,99.82
"needling",12,46777266,99.82
"nematodes",12,46777278,99.82
"nemeses",12,46777290,99.82
"neophytes",12,46777302,99.82
"nincompoop",12,46777314,99.82
"nippers",12,46777326,99.82
"nonbeliever",12,46777338,99.82
"nonconformity",12,46777350,99.82
"nonwhite",12,46777362,99.82
"normans",12,46777374,99.82
"numbs",12,46777386,99.82
"obsessives",12,46777398,99.82
"obstructs",12,46777410,99.82
"obtrusive",12,46777422,99.82
"ocelot",12,46777434,99.82
"ofelia",12,46777446,99.82
"oilcloth",12,46777458,99.82
"oiling",12,46777470,99.82
"oligarchic",12,46777482,99.82
"opining",12,46777494,99.82
"oppresses",12,46777506,99.82
"orderlies",12,46777518,99.82
"outcropping",12,46777530,99.82
"outdoes",12,46777542,99.82
"outhouses",12,46777554,99.82
"outmaneuvered",12,46777566,99.82
"outperforms",12,46777578,99.82
"outrunning",12,46777590,99.82
"overeager",12,46777602,99.82
"overloads",12,46777614,99.82
"oversimplifying",12,46777626,99.82
"oxygenated",12,46777638,99.82
"oxygenation",12,46777650,99.82
"pablum",12,46777662,99.82
"pagodas",12,46777674,99.82
"palmed",12,46777686,99.82
"palmerston",12,46777698,99.82
"pangaea",12,46777710,99.82
"parabolic",12,46777722,99.82
"paraphrases",12,46777734,99.82
"paunch",12,46777746,99.82
"paunchy",12,46777758,99.82
"peddles",12,46777770,99.82
"penthouses",12,46777782,99.82
"pentium",12,46777794,99.82
"percolator",12,46777806,99.82
"perforce",12,46777818,99.82
"periodicity",12,46777830,99.82
"permafrost",12,46777842,99.82
"permutation",12,46777854,99.82
"personae",12,46777866,99.82
"pickier",12,46777878,99.82
"pickpockets",12,46777890,99.82
"pierrot",12,46777902,99.82
"pinpricks",12,46777914,99.82
"plagiarize",12,46777926,99.82
"plainer",12,46777938,99.82
"plinth",12,46777950,99.82
"plutocrat",12,46777962,99.82
"plutocrats",12,46777974,99.82
"podunk",12,46777986,99.82
"pornographer",12,46777998,99.82
"porpoise",12,46778010,99.82
"positivism",12,46778022,99.82
"postmark",12,46778034,99.82
"poultice",12,46778046,99.82
"pounces",12,46778058,99.82
"pratfall",12,46778070,99.83
"prefaces",12,46778082,99.83
"preludes",12,46778094,99.83
"privateer",12,46778106,99.83
"proclivities",12,46778118,99.83
"proctors",12,46778130,99.83
"profiteer",12,46778142,99.83
"progenitor",12,46778154,99.83
"promisingly",12,46778166,99.83
"promptness",12,46778178,99.83
"promulgating",12,46778190,99.83
"propensities",12,46778202,99.83
"psalter",12,46778214,99.83
"psyching",12,46778226,99.83
"puritanism",12,46778238,99.83
"pyrotechnic",12,46778250,99.83
"quahog",12,46778262,99.83
"quirkiest",12,46778274,99.83
"radiotherapy",12,46778286,99.83
"rakish",12,46778298,99.83
"ratted",12,46778310,99.83
"ravish",12,46778322,99.83
"readmitted",12,46778334,99.83
"reassigning",12,46778346,99.83
"reawakened",12,46778358,99.83
"rebuff",12,46778370,99.83
"rebuttals",12,46778382,99.83
"recapped",12,46778394,99.83
"receptionists",12,46778406,99.83
"reconciles",12,46778418,99.83
"reconsiders",12,46778430,99.83
"reddening",12,46778442,99.83
"reenacted",12,46778454,99.83
"refereed",12,46778466,99.83
"refueled",12,46778478,99.83
"relaxant",12,46778490,99.83
"rematches",12,46778502,99.83
"reordered",12,46778514,99.83
"repellents",12,46778526,99.83
"reprocessing",12,46778538,99.83
"resettle",12,46778550,99.83
"restructures",12,46778562,99.83
"resupply",12,46778574,99.83
"retailed",12,46778586,99.83
"retracting",12,46778598,99.83
"retrofits",12,46778610,99.83
"retrospectives",12,46778622,99.83
"reunified",12,46778634,99.83
"reworks",12,46778646,99.83
"riles",12,46778658,99.83
"ringleaders",12,46778670,99.83
"risible",12,46778682,99.83
"rocketry",12,46778694,99.83
"roguish",12,46778706,99.83
"rollerskating",12,46778718,99.83
"rosebuds",12,46778730,99.83
"rosebush",12,46778742,99.83
"rosecrans",12,46778754,99.83
"rosenzweig",12,46778766,99.83
"routs",12,46778778,99.83
"rowboats",12,46778790,99.83
"rudiments",12,46778802,99.83
"sabbaths",12,46778814,99.83
"saccharin",12,46778826,99.83
"salable",12,46778838,99.83
"salish",12,46778850,99.83
"salvos",12,46778862,99.83
"sashayed",12,46778874,99.83
"sashaying",12,46778886,99.83
"scabby",12,46778898,99.83
"scalps",12,46778910,99.83
"scatological",12,46778922,99.83
"scatterbrained",12,46778934,99.83
"schisms",12,46778946,99.83
"sciatic",12,46778958,99.83
"scribbler",12,46778970,99.83
"sculley",12,46778982,99.83
"seafarers",12,46778994,99.83
"seaports",12,46779006,99.83
"seemly",12,46779018,99.83
"sensually",12,46779030,99.83
"serialization",12,46779042,99.83
"sevenths",12,46779054,99.83
"severs",12,46779066,99.83
"sexists",12,46779078,99.83
"sharecropper",12,46779090,99.83
"sheepdog",12,46779102,99.83
"shekels",12,46779114,99.83
"shills",12,46779126,99.83
"shinbone",12,46779138,99.83
"shirked",12,46779150,99.83
"shoplifters",12,46779162,99.83
"sikhism",12,46779174,99.83
"sikorsky",12,46779186,99.83
"silvered",12,46779198,99.83
"sinews",12,46779210,99.83
"sisal",12,46779222,99.83
"skillets",12,46779234,99.83
"skimping",12,46779246,99.83
"slothful",12,46779258,99.83
"smarten",12,46779270,99.83
"smartened",12,46779282,99.83
"smocks",12,46779294,99.83
"smolder",12,46779306,99.83
"sniped",12,46779318,99.83
"snorkeled",12,46779330,99.83
"snowboards",12,46779342,99.83
"snowbound",12,46779354,99.83
"snowdrifts",12,46779366,99.83
"solarium",12,46779378,99.83
"soldered",12,46779390,99.83
"somalian",12,46779402,99.83
"soothsayer",12,46779414,99.83
"sophisticates",12,46779426,99.83
"soulfully",12,46779438,99.83
"spanner",12,46779450,99.83
"specters",12,46779462,99.83
"spellers",12,46779474,99.83
"spengler",12,46779486,99.83
"spline",12,46779498,99.83
"spritzing",12,46779510,99.83
"sputters",12,46779522,99.83
"squawks",12,46779534,99.83
"steeds",12,46779546,99.83
"stickies",12,46779558,99.83
"stillbirth",12,46779570,99.83
"stoles",12,46779582,99.83
"sucre",12,46779594,99.83
"summations",12,46779606,99.83
"summerhouse",12,46779618,99.83
"summoner",12,46779630,99.83
"sundries",12,46779642,99.83
"sunfish",12,46779654,99.83
"supercomputers",12,46779666,99.83
"supplications",12,46779678,99.83
"suppositions",12,46779690,99.83
"swashbuckler",12,46779702,99.83
"tactician",12,46779714,99.83
"tambourines",12,46779726,99.83
"tangelos",12,46779738,99.83
"tanzanian",12,46779750,99.83
"tapeworm",12,46779762,99.83
"tapir",12,46779774,99.83
"taxonomic",12,46779786,99.83
"taxonomies",12,46779798,99.83
"teaspoonful",12,46779810,99.83
"teaspoonfuls",12,46779822,99.83
"technocrat",12,46779834,99.83
"tectonics",12,46779846,99.83
"teemed",12,46779858,99.83
"telemetry",12,46779870,99.83
"telescopic",12,46779882,99.83
"thrumming",12,46779894,99.83
"thule",12,46779906,99.83
"tiffs",12,46779918,99.83
"tightwad",12,46779930,99.83
"tippers",12,46779942,99.83
"titicaca",12,46779954,99.83
"togas",12,46779966,99.83
"tokenism",12,46779978,99.83
"tomcats",12,46779990,99.83
"tortes",12,46780002,99.83
"totemic",12,46780014,99.83
"trachea",12,46780026,99.83
"traipsed",12,46780038,99.83
"tramping",12,46780050,99.83
"transmutation",12,46780062,99.83
"transponders",12,46780074,99.83
"transvestites",12,46780086,99.83
"trebles",12,46780098,99.83
"treblinka",12,46780110,99.83
"treeless",12,46780122,99.83
"tripartite",12,46780134,99.83
"trivialize",12,46780146,99.83
"trivialized",12,46780158,99.83
"trumpeters",12,46780170,99.83
"trundling",12,46780182,99.83
"trussed",12,46780194,99.83
"tutsi",12,46780206,99.83
"twinkled",12,46780218,99.83
"twinks",12,46780230,99.83
"typescript",12,46780242,99.83
"typhoons",12,46780254,99.83
"unaccountably",12,46780266,99.83
"uncleanness",12,46780278,99.83
"unclothed",12,46780290,99.83
"uncompromisingly",12,46780302,99.83
"uncultured",12,46780314,99.83
"undefinable",12,46780326,99.83
"unevenness",12,46780338,99.83
"unformed",12,46780350,99.83
"unhealthful",12,46780362,99.83
"unheeded",12,46780374,99.83
"unsupportable",12,46780386,99.83
"unsuspected",12,46780398,99.83
"ural",12,46780410,99.83
"urquhart",12,46780422,99.83
"usages",12,46780434,99.83
"uselessness",12,46780446,99.83
"vaguest",12,46780458,99.83
"vainglorious",12,46780470,99.83
"valerian",12,46780482,99.83
"vaporizer",12,46780494,99.83
"vaster",12,46780506,99.83
"ventricle",12,46780518,99.83
"verged",12,46780530,99.83
"vertex",12,46780542,99.83
"vestigial",12,46780554,99.83
"virology",12,46780566,99.83
"vivekananda",12,46780578,99.83
"volga",12,46780590,99.83
"waistbands",12,46780602,99.83
"waked",12,46780614,99.83
"wallpapered",12,46780626,99.83
"wankel",12,46780638,99.83
"warmongering",12,46780650,99.83
"warranting",12,46780662,99.83
"wasatch",12,46780674,99.83
"wearied",12,46780686,99.83
"websters",12,46780698,99.83
"wedgies",12,46780710,99.83
"whetting",12,46780722,99.83
"whiles",12,46780734,99.83
"whippersnapper",12,46780746,99.83
"whist",12,46780758,99.83
"whiteley",12,46780770,99.83
"whitened",12,46780782,99.83
"wholesomeness",12,46780794,99.83
"wilberforce",12,46780806,99.83
"windbag",12,46780818,99.83
"wineglasses",12,46780830,99.83
"withal",12,46780842,99.83
"withstands",12,46780854,99.83
"wolfhound",12,46780866,99.83
"wolfing",12,46780878,99.83
"wolsey",12,46780890,99.83
"womenfolk",12,46780902,99.83
"woodcut",12,46780914,99.83
"workarounds",12,46780926,99.83
"wristwatches",12,46780938,99.83
"wurlitzer",12,46780950,99.83
"yangtze",12,46780962,99.83
"zaire",12,46780974,99.83
"zenger",12,46780986,99.83
"zigzags",12,46780998,99.83
"abates",11,46781009,99.83
"abbess",11,46781020,99.83
"abelard",11,46781031,99.83
"abeyance",11,46781042,99.83
"aborting",11,46781053,99.83
"abyssinian",11,46781064,99.83
"accosting",11,46781075,99.83
"acquittals",11,46781086,99.83
"adjourning",11,46781097,99.83
"agonies",11,46781108,99.83
"akimbo",11,46781119,99.83
"alighting",11,46781130,99.83
"allusive",11,46781141,99.83
"ambitiously",11,46781152,99.83
"andalusian",11,46781163,99.83
"andante",11,46781174,99.83
"animist",11,46781185,99.83
"antacid",11,46781196,99.83
"arabians",11,46781207,99.83
"arachnid",11,46781218,99.83
"arraignments",11,46781229,99.83
"arrowroot",11,46781240,99.83
"assiduous",11,46781251,99.83
"astigmatism",11,46781262,99.83
"athabasca",11,46781273,99.83
"attica",11,46781284,99.83
"augments",11,46781295,99.83
"avails",11,46781306,99.83
"avast",11,46781317,99.83
"babyhood",11,46781328,99.83
"backgammon",11,46781339,99.83
"backspin",11,46781350,99.83
"balsa",11,46781361,99.83
"bandannas",11,46781372,99.83
"bandwagons",11,46781383,99.83
"barnaby",11,46781394,99.83
"barraged",11,46781405,99.83
"barrettes",11,46781416,99.83
"battlements",11,46781427,99.83
"bazookas",11,46781438,99.83
"beaked",11,46781449,99.83
"beaned",11,46781460,99.83
"bedspreads",11,46781471,99.83
"begetting",11,46781482,99.83
"belabor",11,46781493,99.83
"bellatrix",11,46781504,99.83
"benchley",11,46781515,99.83
"bespeaks",11,46781526,99.83
"betrothal",11,46781537,99.83
"bhutto",11,46781548,99.83
"bifurcated",11,46781559,99.83
"bighorns",11,46781570,99.83
"bilk",11,46781581,99.83
"birdbaths",11,46781592,99.83
"blackening",11,46781603,99.83
"bligh",11,46781614,99.83
"blockades",11,46781625,99.83
"bloodstained",11,46781636,99.83
"bluffed",11,46781647,99.83
"bombardments",11,46781658,99.83
"bootlegging",11,46781669,99.83
"boozed",11,46781680,99.83
"bopped",11,46781691,99.83
"borers",11,46781702,99.83
"boron",11,46781713,99.83
"bossier",11,46781724,99.83
"bozos",11,46781735,99.83
"bracketing",11,46781746,99.83
"brackish",11,46781757,99.83
"brandie",11,46781768,99.83
"brandied",11,46781779,99.83
"brashness",11,46781790,99.83
"brassiere",11,46781801,99.83
"brazzaville",11,46781812,99.83
"bricklayers",11,46781823,99.83
"bridgman",11,46781834,99.83
"bromine",11,46781845,99.83
"brownstones",11,46781856,99.83
"bunche",11,46781867,99.83
"burnishing",11,46781878,99.83
"bushwhacking",11,46781889,99.83
"byronic",11,46781900,99.83
"cadenzas",11,46781911,99.83
"cadiz",11,46781922,99.83
"caiaphas",11,46781933,99.83
"calamine",11,46781944,99.83
"caliper",11,46781955,99.83
"calligrapher",11,46781966,99.83
"calve",11,46781977,99.83
"calving",11,46781988,99.83
"carats",11,46781999,99.83
"carbide",11,46782010,99.83
"cargoes",11,46782021,99.83
"carmella",11,46782032,99.83
"carom",11,46782043,99.83
"carpetbaggers",11,46782054,99.83
"cattlemen",11,46782065,99.83
"caulked",11,46782076,99.83
"cayuga",11,46782087,99.83
"celesta",11,46782098,99.83
"censorious",11,46782109,99.83
"chads",11,46782120,99.83
"chafes",11,46782131,99.83
"chamois",11,46782142,99.83
"charbroiled",11,46782153,99.83
"cheesed",11,46782164,99.83
"childishly",11,46782175,99.83
"childishness",11,46782186,99.83
"chinks",11,46782197,99.83
"chirico",11,46782208,99.83
"chirruping",11,46782219,99.83
"chisels",11,46782230,99.83
"christoper",11,46782241,99.83
"churchgoer",11,46782252,99.83
"cinemascope",11,46782263,99.83
"circulations",11,46782274,99.83
"circumnavigate",11,46782285,99.83
"clairol",11,46782296,99.83
"clairvoyance",11,46782307,99.83
"clandestinely",11,46782318,99.83
"clanged",11,46782329,99.83
"clix",11,46782340,99.83
"clotheslines",11,46782351,99.83
"clowned",11,46782362,99.83
"clunked",11,46782373,99.83
"cobol",11,46782384,99.83
"cockerel",11,46782395,99.83
"cockpits",11,46782406,99.83
"cocksuckers",11,46782417,99.83
"codependent",11,46782428,99.83
"collarbones",11,46782439,99.83
"colliery",11,46782450,99.83
"colonnade",11,46782461,99.83
"colossi",11,46782472,99.83
"comedown",11,46782483,99.83
"commentate",11,46782494,99.83
"communally",11,46782505,99.83
"compensations",11,46782516,99.83
"concubines",11,46782527,99.83
"conduction",11,46782538,99.83
"consonance",11,46782549,99.83
"constriction",11,46782560,99.83
"constructor",11,46782571,99.83
"contrapuntal",11,46782582,99.83
"convalescing",11,46782593,99.83
"copters",11,46782604,99.83
"corded",11,46782615,99.83
"corroboration",11,46782626,99.83
"cossack",11,46782637,99.83
"countenanced",11,46782648,99.83
"counterclaims",11,46782659,99.83
"counterpoints",11,46782670,99.83
"cowling",11,46782681,99.83
"cranmer",11,46782692,99.83
"crated",11,46782703,99.83
"creamers",11,46782714,99.83
"creel",11,46782725,99.83
"crewed",11,46782736,99.83
"crofts",11,46782747,99.84
"croquette",11,46782758,99.84
"crudeness",11,46782769,99.84
"cruncher",11,46782780,99.84
"crunchier",11,46782791,99.84
"cudgel",11,46782802,99.84
"cuffing",11,46782813,99.84
"curlicue",11,46782824,99.84
"cybele",11,46782835,99.84
"cypriot",11,46782846,99.84
"cypriots",11,46782857,99.84
"daedalus",11,46782868,99.84
"damns",11,46782879,99.84
"damocles",11,46782890,99.84
"dandies",11,46782901,99.84
"daubed",11,46782912,99.84
"deadhead",11,46782923,99.84
"deadlocks",11,46782934,99.84
"dearer",11,46782945,99.84
"debriefed",11,46782956,99.84
"decompressing",11,46782967,99.84
"decongestant",11,46782978,99.84
"decriminalized",11,46782989,99.84
"deface",11,46783000,99.84
"deformation",11,46783011,99.84
"dehumidifier",11,46783022,99.84
"deification",11,46783033,99.84
"delacroix",11,46783044,99.84
"democratize",11,46783055,99.84
"depletes",11,46783066,99.84
"depreciated",11,46783077,99.84
"desecrated",11,46783088,99.84
"despairs",11,46783099,99.84
"detonations",11,46783110,99.84
"detractor",11,46783121,99.84
"diagramming",11,46783132,99.84
"diarist",11,46783143,99.84
"dinette",11,46783154,99.84
"dionysian",11,46783165,99.84
"directorship",11,46783176,99.84
"dirtying",11,46783187,99.84
"disabuse",11,46783198,99.84
"disambiguation",11,46783209,99.84
"disapprovingly",11,46783220,99.84
"discomfited",11,46783231,99.84
"discontents",11,46783242,99.84
"disfavor",11,46783253,99.84
"dislocating",11,46783264,99.84
"dislocations",11,46783275,99.84
"dismally",11,46783286,99.84
"dismembering",11,46783297,99.84
"disproves",11,46783308,99.84
"disproving",11,46783319,99.84
"disquieted",11,46783330,99.84
"disseminates",11,46783341,99.84
"distaff",11,46783352,99.84
"distressingly",11,46783363,99.84
"divots",11,46783374,99.84
"dockyard",11,46783385,99.84
"doff",11,46783396,99.84
"doodads",11,46783407,99.84
"doormen",11,46783418,99.84
"dorcas",11,46783429,99.84
"dowels",11,46783440,99.84
"dragoons",11,46783451,99.84
"drainpipe",11,46783462,99.84
"dramatists",11,46783473,99.84
"dreariness",11,46783484,99.84
"dressier",11,46783495,99.84
"dressmaking",11,46783506,99.84
"dudgeon",11,46783517,99.84
"dulcimer",11,46783528,99.84
"dweebs",11,46783539,99.84
"earphone",11,46783550,99.84
"easterners",11,46783561,99.84
"ecru",11,46783572,99.84
"edgardo",11,46783583,99.84
"edgewise",11,46783594,99.84
"editorialized",11,46783605,99.84
"efrain",11,46783616,99.84
"egoistic",11,46783627,99.84
"electromagnetism",11,46783638,99.84
"emancipated",11,46783649,99.84
"emasculating",11,46783660,99.84
"emoting",11,46783671,99.84
"emotionalism",11,46783682,99.84
"emulators",11,46783693,99.84
"emus",11,46783704,99.84
"enchants",11,46783715,99.84
"enjoin",11,46783726,99.84
"enlivens",11,46783737,99.84
"enshrining",11,46783748,99.84
"ensnare",11,46783759,99.84
"entangle",11,46783770,99.84
"epistolary",11,46783781,99.84
"epochal",11,46783792,99.84
"equivocation",11,46783803,99.84
"eris",11,46783814,99.84
"erogenous",11,46783825,99.84
"ethnics",11,46783836,99.84
"evenhanded",11,46783847,99.84
"evisceration",11,46783858,99.84
"exactitude",11,46783869,99.84
"excoriating",11,46783880,99.84
"exigent",11,46783891,99.84
"exorcising",11,46783902,99.84
"expressionists",11,46783913,99.84
"expressways",11,46783924,99.84
"externals",11,46783935,99.84
"falloff",11,46783946,99.84
"familiarizing",11,46783957,99.84
"farmhand",11,46783968,99.84
"faustino",11,46783979,99.84
"fawned",11,46783990,99.84
"festers",11,46784001,99.84
"fibs",11,46784012,99.84
"fijians",11,46784023,99.84
"finessing",11,46784034,99.84
"firefights",11,46784045,99.84
"fizzling",11,46784056,99.84
"flagstones",11,46784067,99.84
"flamboyantly",11,46784078,99.84
"floodlights",11,46784089,99.84
"floozy",11,46784100,99.84
"flophouse",11,46784111,99.84
"fluffiest",11,46784122,99.84
"fluffiness",11,46784133,99.84
"flunkies",11,46784144,99.84
"fluoridation",11,46784155,99.84
"flypaper",11,46784166,99.84
"fms",11,46784177,99.84
"fogies",11,46784188,99.84
"footfalls",11,46784199,99.84
"footings",11,46784210,99.84
"forecastle",11,46784221,99.84
"foreseeing",11,46784232,99.84
"foretaste",11,46784243,99.84
"foretell",11,46784254,99.84
"fortnights",11,46784265,99.84
"foxhole",11,46784276,99.84
"frappes",11,46784287,99.84
"frays",11,46784298,99.84
"freighted",11,46784309,99.84
"frenchwoman",11,46784320,99.84
"frenetically",11,46784331,99.84
"frivolously",11,46784342,99.84
"fud",11,46784353,99.84
"fujitsu",11,46784364,99.84
"fukuoka",11,46784375,99.84
"funereal",11,46784386,99.84
"gads",11,46784397,99.84
"galleons",11,46784408,99.84
"galls",11,46784419,99.84
"garbanzos",11,46784430,99.84
"gardened",11,46784441,99.84
"gargling",11,46784452,99.84
"garishly",11,46784463,99.84
"genera",11,46784474,99.84
"genuineness",11,46784485,99.84
"geocentric",11,46784496,99.84
"ghq",11,46784507,99.84
"gimmickry",11,46784518,99.84
"ginning",11,46784529,99.84
"glamorize",11,46784540,99.84
"gloated",11,46784551,99.84
"gloomier",11,46784562,99.84
"glop",11,46784573,99.84
"goatees",11,46784584,99.84
"gobblers",11,46784595,99.84
"goren",11,46784606,99.84
"goring",11,46784617,99.84
"graciela",11,46784628,99.84
"gradation",11,46784639,99.84
"gradations",11,46784650,99.84
"graffito",11,46784661,99.84
"grayer",11,46784672,99.84
"grimness",11,46784683,99.84
"grommets",11,46784694,99.84
"gullies",11,46784705,99.84
"gunboats",11,46784716,99.84
"guzzled",11,46784727,99.84
"gyrate",11,46784738,99.84
"handshaking",11,46784749,99.84
"handymen",11,46784760,99.84
"harriett",11,46784771,99.84
"hatcheries",11,46784782,99.84
"hearkened",11,46784793,99.84
"hebrides",11,46784804,99.84
"hellion",11,46784815,99.84
"herodotus",11,46784826,99.84
"hesiod",11,46784837,99.84
"heterogeneity",11,46784848,99.84
"hidebound",11,46784859,99.84
"highwaymen",11,46784870,99.84
"hilbert",11,46784881,99.84
"hitlers",11,46784892,99.84
"horticulturists",11,46784903,99.84
"hotbeds",11,46784914,99.84
"housebreaking",11,46784925,99.84
"howlers",11,46784936,99.84
"hubbies",11,46784947,99.84
"humanitarianism",11,46784958,99.84
"humanizes",11,46784969,99.84
"humerus",11,46784980,99.84
"humidifiers",11,46784991,99.84
"hungers",11,46785002,99.84
"hygienists",11,46785013,99.84
"hypersensitivity",11,46785024,99.84
"hypocrisies",11,46785035,99.84
"idealization",11,46785046,99.84
"idles",11,46785057,99.84
"idolizes",11,46785068,99.84
"ieee",11,46785079,99.84
"illicitly",11,46785090,99.84
"imbroglio",11,46785101,99.84
"imbuing",11,46785112,99.84
"immortalize",11,46785123,99.84
"imogene",11,46785134,99.84
"imperialistic",11,46785145,99.84
"imperiling",11,46785156,99.84
"impersonates",11,46785167,99.84
"impoverish",11,46785178,99.84
"incinerate",11,46785189,99.84
"indictable",11,46785200,99.84
"inducts",11,46785211,99.84
"industriousness",11,46785222,99.84
"ineptness",11,46785233,99.84
"inessential",11,46785244,99.84
"inextricable",11,46785255,99.84
"infinitive",11,46785266,99.84
"inmost",11,46785277,99.84
"inpatients",11,46785288,99.84
"inquests",11,46785299,99.84
"interrelationship",11,46785310,99.84
"interurban",11,46785321,99.84
"invariable",11,46785332,99.84
"invertebrate",11,46785343,99.84
"invocations",11,46785354,99.84
"irretrievably",11,46785365,99.84
"isometric",11,46785376,99.84
"jackhammers",11,46785387,99.84
"jacobean",11,46785398,99.84
"jame",11,46785409,99.84
"jaycees",11,46785420,99.84
"jeffry",11,46785431,99.84
"jobber",11,46785442,99.84
"jockstrap",11,46785453,99.84
"josephs",11,46785464,99.84
"jumbles",11,46785475,99.84
"junctures",11,46785486,99.84
"katheryn",11,46785497,99.84
"keokuk",11,46785508,99.84
"ketch",11,46785519,99.84
"kibbutz",11,46785530,99.84
"kilowatts",11,46785541,99.84
"kimonos",11,46785552,99.84
"kingly",11,46785563,99.84
"knuckling",11,46785574,99.84
"kookaburra",11,46785585,99.84
"kossuth",11,46785596,99.84
"kuomintang",11,46785607,99.84
"ladonna",11,46785618,99.84
"lambaste",11,46785629,99.84
"lambing",11,46785640,99.84
"landmass",11,46785651,99.84
"larboard",11,46785662,99.84
"largeness",11,46785673,99.84
"lassies",11,46785684,99.84
"lats",11,46785695,99.84
"latticework",11,46785706,99.84
"laudanum",11,46785717,99.84
"lecherous",11,46785728,99.84
"legree",11,46785739,99.84
"lelia",11,46785750,99.84
"lifeforms",11,46785761,99.84
"ligatures",11,46785772,99.84
"lionized",11,46785783,99.84
"litton",11,46785794,99.84
"loafs",11,46785805,99.84
"lockable",11,46785816,99.84
"lockups",11,46785827,99.84
"lodgers",11,46785838,99.84
"loggerhead",11,46785849,99.84
"lollygagging",11,46785860,99.84
"lopping",11,46785871,99.84
"lorene",11,46785882,99.84
"lubricate",11,46785893,99.84
"lumbers",11,46785904,99.84
"madurai",11,46785915,99.84
"magnetized",11,46785926,99.84
"mainstreaming",11,46785937,99.84
"makeups",11,46785948,99.84
"maleness",11,46785959,99.84
"malformed",11,46785970,99.84
"mallow",11,46785981,99.84
"malting",11,46785992,99.84
"manias",11,46786003,99.84
"margrethe",11,46786014,99.84
"masc",11,46786025,99.84
"massacring",11,46786036,99.84
"maupassant",11,46786047,99.84
"maximally",11,46786058,99.84
"maxims",11,46786069,99.84
"maximums",11,46786080,99.84
"mccarthyism",11,46786091,99.84
"mechanization",11,46786102,99.84
"meddler",11,46786113,99.84
"mendacious",11,46786124,99.84
"mendacity",11,46786135,99.84
"mends",11,46786146,99.84
"mesas",11,46786157,99.84
"microfiche",11,46786168,99.84
"minimization",11,46786179,99.84
"minks",11,46786190,99.84
"misalignment",11,46786201,99.84
"miscarry",11,46786212,99.84
"misconceived",11,46786223,99.84
"miscounted",11,46786234,99.84
"misdeed",11,46786245,99.84
"misjudgment",11,46786256,99.84
"misleads",11,46786267,99.84
"mississauga",11,46786278,99.84
"miter",11,46786289,99.84
"mobilizes",11,46786300,99.84
"molls",11,46786311,99.84
"mombasa",11,46786322,99.84
"mononucleosis",11,46786333,99.84
"moocher",11,46786344,99.84
"mooned",11,46786355,99.84
"mortgaging",11,46786366,99.84
"mounties",11,46786377,99.84
"mudslinging",11,46786388,99.84
"mufflers",11,46786399,99.84
"muggings",11,46786410,99.84
"mulberries",11,46786421,99.84
"mulligatawny",11,46786432,99.84
"municipally",11,46786443,99.84
"mushed",11,46786454,99.84
"musicology",11,46786465,99.84
"muskets",11,46786476,99.84
"mutates",11,46786487,99.84
"mutely",11,46786498,99.84
"mutilations",11,46786509,99.84
"narrowness",11,46786520,99.84
"neologism",11,46786531,99.84
"nescafe",11,46786542,99.84
"newspaperman",11,46786553,99.84
"newsy",11,46786564,99.84
"nightgowns",11,46786575,99.84
"noncombatants",11,46786586,99.84
"nostrums",11,46786597,99.84
"nubia",11,46786608,99.84
"nuking",11,46786619,99.84
"obfuscated",11,46786630,99.84
"obliterates",11,46786641,99.84
"obstetrical",11,46786652,99.84
"oedipal",11,46786663,99.84
"olmec",11,46786674,99.84
"onegin",11,46786685,99.84
"optician",11,46786696,99.84
"optionally",11,46786707,99.84
"oracular",11,46786718,99.84
"oratorical",11,46786729,99.84
"orderliness",11,46786740,99.84
"ordinariness",11,46786751,99.84
"orinoco",11,46786762,99.84
"orthodontists",11,46786773,99.84
"ostracize",11,46786784,99.84
"outcrops",11,46786795,99.84
"overcompensate",11,46786806,99.84
"overcompensating",11,46786817,99.84
"overdoes",11,46786828,99.84
"overshoot",11,46786839,99.84
"oversleep",11,46786850,99.84
"overtone",11,46786861,99.84
"ovum",11,46786872,99.84
"pacifying",11,46786883,99.84
"paintwork",11,46786894,99.84
"paling",11,46786905,99.84
"paralleling",11,46786916,99.84
"parser",11,46786927,99.84
"pathologically",11,46786938,99.84
"pawned",11,46786949,99.84
"paywalls",11,46786960,99.84
"peerage",11,46786971,99.84
"penury",11,46786982,99.84
"peon",11,46786993,99.84
"perfections",11,46787004,99.84
"perking",11,46787015,99.84
"perverting",11,46787026,99.84
"philodendron",11,46787037,99.84
"physiotherapist",11,46787048,99.84
"pickiest",11,46787059,99.84
"pizzicato",11,46787070,99.84
"plaids",11,46787081,99.84
"planked",11,46787092,99.84
"plautus",11,46787103,99.84
"pleasantness",11,46787114,99.84
"plops",11,46787125,99.84
"plumper",11,46787136,99.84
"pogrom",11,46787147,99.84
"pogroms",11,46787158,99.84
"polygons",11,46787169,99.84
"polytheists",11,46787180,99.84
"poppycock",11,46787191,99.84
"portents",11,46787202,99.84
"postpones",11,46787213,99.84
"potboiler",11,46787224,99.84
"potpie",11,46787235,99.84
"potsdam",11,46787246,99.84
"prattle",11,46787257,99.84
"preconception",11,46787268,99.84
"premonitions",11,46787279,99.84
"preoccupy",11,46787290,99.84
"prescience",11,46787301,99.84
"priestesses",11,46787312,99.84
"prismatic",11,46787323,99.84
"proffering",11,46787334,99.84
"prognostications",11,46787345,99.84
"proofreaders",11,46787356,99.84
"prophetess",11,46787367,99.84
"propitiation",11,46787378,99.84
"protrudes",11,46787389,99.84
"puckish",11,46787400,99.84
"puddled",11,46787411,99.84
"pungency",11,46787422,99.84
"punning",11,46787433,99.85
"purser",11,46787444,99.85
"pwns",11,46787455,99.85
"qualm",11,46787466,99.85
"quarterbacked",11,46787477,99.85
"questionably",11,46787488,99.85
"quintessence",11,46787499,99.85
"quonset",11,46787510,99.85
"radii",11,46787521,99.85
"rampaged",11,46787532,99.85
"ransomed",11,46787543,99.85
"raptures",11,46787554,99.85
"rationales",11,46787565,99.85
"ratting",11,46787576,99.85
"ravished",11,46787587,99.85
"reaganomics",11,46787598,99.85
"reasserted",11,46787609,99.85
"rebuffing",11,46787620,99.85
"recessional",11,46787631,99.85
"reciprocates",11,46787642,99.85
"rectilinear",11,46787653,99.85
"reemerge",11,46787664,99.85
"reestablishing",11,46787675,99.85
"reevaluating",11,46787686,99.85
"refit",11,46787697,99.85
"refractory",11,46787708,99.85
"rejuvenates",11,46787719,99.85
"relabel",11,46787730,99.85
"relentlessness",11,46787741,99.85
"relives",11,46787752,99.85
"renounces",11,46787763,99.85
"reorganizations",11,46787774,99.85
"repairable",11,46787785,99.85
"repatriated",11,46787796,99.85
"repatriating",11,46787807,99.85
"repercussion",11,46787818,99.85
"repossess",11,46787829,99.85
"reproaches",11,46787840,99.85
"repudiates",11,46787851,99.85
"rescission",11,46787862,99.85
"respectably",11,46787873,99.85
"respirators",11,46787884,99.85
"retaliates",11,46787895,99.85
"reupholstering",11,46787906,99.85
"revivalists",11,46787917,99.85
"reword",11,46787928,99.85
"riffed",11,46787939,99.85
"riffraff",11,46787950,99.85
"rill",11,46787961,99.85
"rizal",11,46787972,99.85
"rollerblade",11,46787983,99.85
"rootless",11,46787994,99.85
"rotarian",11,46788005,99.85
"rumps",11,46788016,99.85
"saatchi",11,46788027,99.85
"sames",11,46788038,99.85
"sanctifies",11,46788049,99.85
"sargon",11,46788060,99.85
"saucier",11,46788071,99.85
"saunas",11,46788082,99.85
"savaging",11,46788093,99.85
"savvier",11,46788104,99.85
"scarab",11,46788115,99.85
"schizophrenics",11,46788126,99.85
"scourged",11,46788137,99.85
"scourging",11,46788148,99.85
"scribblers",11,46788159,99.85
"scrimp",11,46788170,99.85
"scud",11,46788181,99.85
"seamy",11,46788192,99.85
"seasonable",11,46788203,99.85
"secy",11,46788214,99.85
"seedier",11,46788225,99.85
"seers",11,46788236,99.85
"selvage",11,46788247,99.85
"semiannual",11,46788258,99.85
"semicircular",11,46788269,99.85
"semiretired",11,46788280,99.85
"sennett",11,46788291,99.85
"sensationally",11,46788302,99.85
"serially",11,46788313,99.85
"serous",11,46788324,99.85
"shabbily",11,46788335,99.85
"shakily",11,46788346,99.85
"shampooed",11,46788357,99.85
"shavuot",11,46788368,99.85
"sheaths",11,46788379,99.85
"sheaves",11,46788390,99.85
"shimmying",11,46788401,99.85
"shivery",11,46788412,99.85
"shoplift",11,46788423,99.85
"shortchanges",11,46788434,99.85
"shriveling",11,46788445,99.85
"sideboards",11,46788456,99.85
"sidelong",11,46788467,99.85
"signification",11,46788478,99.85
"silents",11,46788489,99.85
"silverfish",11,46788500,99.85
"simpering",11,46788511,99.85
"situating",11,46788522,99.85
"skinheads",11,46788533,99.85
"skinniest",11,46788544,99.85
"skydiver",11,46788555,99.85
"sleepier",11,46788566,99.85
"sleepwalker",11,46788577,99.85
"slickness",11,46788588,99.85
"slovakian",11,46788599,99.85
"slumlord",11,46788610,99.85
"smilingly",11,46788621,99.85
"smithy",11,46788632,99.85
"smudgy",11,46788643,99.85
"snaring",11,46788654,99.85
"sniveling",11,46788665,99.85
"snoops",11,46788676,99.85
"snouts",11,46788687,99.85
"snuffing",11,46788698,99.85
"sodomites",11,46788709,99.85
"softies",11,46788720,99.85
"soliloquies",11,46788731,99.85
"soundless",11,46788742,99.85
"soused",11,46788753,99.85
"spacemen",11,46788764,99.85
"spahn",11,46788775,99.85
"spasmodic",11,46788786,99.85
"specializations",11,46788797,99.85
"speckles",11,46788808,99.85
"spitefully",11,46788819,99.85
"spoilage",11,46788830,99.85
"spokeswomen",11,46788841,99.85
"spumoni",11,46788852,99.85
"spurning",11,46788863,99.85
"sputum",11,46788874,99.85
"squalls",11,46788885,99.85
"squawked",11,46788896,99.85
"stagnates",11,46788907,99.85
"stargazer",11,46788918,99.85
"stationing",11,46788929,99.85
"staving",11,46788940,99.85
"steamboats",11,46788951,99.85
"steels",11,46788962,99.85
"steinmetz",11,46788973,99.85
"stenciling",11,46788984,99.85
"stendhal",11,46788995,99.85
"stenographer",11,46789006,99.85
"stethoscopes",11,46789017,99.85
"sticklers",11,46789028,99.85
"stigmatizing",11,46789039,99.85
"stinginess",11,46789050,99.85
"stippled",11,46789061,99.85
"stockroom",11,46789072,99.85
"storybooks",11,46789083,99.85
"strainers",11,46789094,99.85
"streamlines",11,46789105,99.85
"strontium",11,46789116,99.85
"strychnine",11,46789127,99.85
"subcontract",11,46789138,99.85
"subcontracting",11,46789149,99.85
"sublease",11,46789160,99.85
"subsidization",11,46789171,99.85
"subsisted",11,46789182,99.85
"suggestively",11,46789193,99.85
"supercilious",11,46789204,99.85
"supervisions",11,46789215,99.85
"supplanting",11,46789226,99.85
"surmounted",11,46789237,99.85
"swanee",11,46789248,99.85
"swindling",11,46789259,99.85
"symposiums",11,46789270,99.85
"syncopation",11,46789281,99.85
"tabatha",11,46789292,99.85
"tabulating",11,46789303,99.85
"taints",11,46789314,99.85
"tangibles",11,46789325,99.85
"tangos",11,46789336,99.85
"tansy",11,46789347,99.85
"tarkenton",11,46789358,99.85
"taxiing",11,46789369,99.85
"tenderize",11,46789380,99.85
"tenements",11,46789391,99.85
"tensely",11,46789402,99.85
"tenting",11,46789413,99.85
"terr",11,46789424,99.85
"tethers",11,46789435,99.85
"theistic",11,46789446,99.85
"therewith",11,46789457,99.85
"thicknesses",11,46789468,99.85
"thirtieth",11,46789479,99.85
"thoth",11,46789490,99.85
"thronging",11,46789501,99.85
"thrum",11,46789512,99.85
"thunderhead",11,46789523,99.85
"tidily",11,46789534,99.85
"tonsillitis",11,46789545,99.85
"torpor",11,46789556,99.85
"tortuga",11,46789567,99.85
"trademarking",11,46789578,99.85
"transceiver",11,46789589,99.85
"transgress",11,46789600,99.85
"transgressing",11,46789611,99.85
"transits",11,46789622,99.85
"transliteration",11,46789633,99.85
"transmuted",11,46789644,99.85
"traumatize",11,46789655,99.85
"triangulation",11,46789666,99.85
"truisms",11,46789677,99.85
"tuners",11,46789688,99.85
"typeset",11,46789699,99.85
"typesetter",11,46789710,99.85
"ugandans",11,46789721,99.85
"uncommunicative",11,46789732,99.85
"unconsidered",11,46789743,99.85
"undersigned",11,46789754,99.85
"understates",11,46789765,99.85
"understudies",11,46789776,99.85
"undiminished",11,46789787,99.85
"universals",11,46789798,99.85
"unmanly",11,46789809,99.85
"unrehearsed",11,46789820,99.85
"unreserved",11,46789831,99.85
"untangled",11,46789842,99.85
"unwinds",11,46789853,99.85
"upends",11,46789864,99.85
"upperclassman",11,46789875,99.85
"uppercuts",11,46789886,99.85
"upraised",11,46789897,99.85
"uproariously",11,46789908,99.85
"upstaging",11,46789919,99.85
"urologists",11,46789930,99.85
"vacillating",11,46789941,99.85
"validly",11,46789952,99.85
"varmints",11,46789963,99.85
"ventilating",11,46789974,99.85
"vertebrate",11,46789985,99.85
"vocalizations",11,46789996,99.85
"voile",11,46790007,99.85
"volleyed",11,46790018,99.85
"voluble",11,46790029,99.85
"voyeurs",11,46790040,99.85
"vuvuzelas",11,46790051,99.85
"waddles",11,46790062,99.85
"wagnerian",11,46790073,99.85
"wallowed",11,46790084,99.85
"wallows",11,46790095,99.85
"warpath",11,46790106,99.85
"wassail",11,46790117,99.85
"wattle",11,46790128,99.85
"wattles",11,46790139,99.85
"watusi",11,46790150,99.85
"waveform",11,46790161,99.85
"wayfarer",11,46790172,99.85
"webmasters",11,46790183,99.85
"weeklies",11,46790194,99.85
"wherefores",11,46790205,99.85
"whets",11,46790216,99.85
"whomsoever",11,46790227,99.85
"wickedest",11,46790238,99.85
"wigged",11,46790249,99.85
"windowsills",11,46790260,99.85
"wingless",11,46790271,99.85
"wistfulness",11,46790282,99.85
"wittiest",11,46790293,99.85
"witwatersrand",11,46790304,99.85
"woebegone",11,46790315,99.85
"workingman",11,46790326,99.85
"worldliness",11,46790337,99.85
"wounder",11,46790348,99.85
"wretchedness",11,46790359,99.85
"wusses",11,46790370,99.85
"xiaoping",11,46790381,99.85
"xxviii",11,46790392,99.85
"yarmulke",11,46790403,99.85
"yuccas",11,46790414,99.85
"zinging",11,46790425,99.85
"zither",11,46790436,99.85
"abdicating",10,46790446,99.85
"abysmally",10,46790456,99.85
"actuators",10,46790466,99.85
"addle",10,46790476,99.85
"adjoins",10,46790486,99.85
"adjudged",10,46790496,99.85
"advisedly",10,46790506,99.85
"aeneid",10,46790516,99.85
"aerating",10,46790526,99.85
"aerosols",10,46790536,99.85
"affixing",10,46790546,99.85
"aforesaid",10,46790556,99.85
"afros",10,46790566,99.85
"akiva",10,46790576,99.85
"albumen",10,46790586,99.85
"alkalinity",10,46790596,99.85
"alkaloids",10,46790606,99.85
"almaty",10,46790616,99.85
"amalgamate",10,46790626,99.85
"analgesic",10,46790636,99.85
"anatomic",10,46790646,99.85
"anemone",10,46790656,99.85
"anoints",10,46790666,99.85
"ansi",10,46790676,99.85
"antagonisms",10,46790686,99.85
"anthracite",10,46790696,99.85
"antigone",10,46790706,99.85
"antilles",10,46790716,99.85
"antimony",10,46790726,99.85
"applejack",10,46790736,99.85
"apprenticing",10,46790746,99.85
"approximations",10,46790756,99.85
"aquitaine",10,46790766,99.85
"arabesque",10,46790776,99.85
"arbitrariness",10,46790786,99.85
"arbitrate",10,46790796,99.85
"archly",10,46790806,99.85
"aristophanes",10,46790816,99.85
"aristotelian",10,46790826,99.85
"arline",10,46790836,99.85
"arnhem",10,46790846,99.85
"asquith",10,46790856,99.85
"asters",10,46790866,99.85
"astronautics",10,46790876,99.85
"astuteness",10,46790886,99.85
"audaciously",10,46790896,99.85
"audios",10,46790906,99.85
"aver",10,46790916,99.85
"avers",10,46790926,99.85
"ayatollahs",10,46790936,99.85
"ayrshire",10,46790946,99.85
"babushka",10,46790956,99.85
"backpedaled",10,46790966,99.85
"backwardness",10,46790976,99.85
"balustrade",10,46790986,99.85
"banes",10,46790996,99.85
"bangladeshis",10,46791006,99.85
"banters",10,46791016,99.85
"barbarity",10,46791026,99.85
"barberry",10,46791036,99.85
"barehanded",10,46791046,99.85
"barrages",10,46791056,99.85
"bathhouses",10,46791066,99.85
"bazaars",10,46791076,99.85
"beakers",10,46791086,99.85
"beatlemania",10,46791096,99.85
"beaumarchais",10,46791106,99.85
"bedevil",10,46791116,99.85
"begrudging",10,46791126,99.85
"bellhops",10,46791136,99.85
"belling",10,46791146,99.85
"belying",10,46791156,99.85
"bergerac",10,46791166,99.85
"betide",10,46791176,99.85
"billet",10,46791186,99.85
"birkenstock",10,46791196,99.85
"bisecting",10,46791206,99.85
"bisects",10,46791216,99.85
"bismuth",10,46791226,99.85
"blammo",10,46791236,99.85
"blinder",10,46791246,99.85
"bloodsucker",10,46791256,99.85
"blushers",10,46791266,99.85
"bonnier",10,46791276,99.85
"bookmakers",10,46791286,99.85
"botnet",10,46791296,99.85
"boulez",10,46791306,99.85
"breezily",10,46791316,99.85
"brier",10,46791326,99.85
"brutalizing",10,46791336,99.85
"bugzilla",10,46791346,99.85
"bulawayo",10,46791356,99.85
"bunin",10,46791366,99.85
"bunion",10,46791376,99.85
"burglarize",10,46791386,99.85
"burkas",10,46791396,99.85
"buttoning",10,46791406,99.85
"caddying",10,46791416,99.85
"caissons",10,46791426,99.85
"calendaring",10,46791436,99.85
"canteens",10,46791446,99.85
"capon",10,46791456,99.85
"capriciously",10,46791466,99.85
"cardiopulmonary",10,46791476,99.85
"carib",10,46791486,99.85
"caricatured",10,46791496,99.85
"carolinian",10,46791506,99.85
"carriageway",10,46791516,99.85
"carsick",10,46791526,99.85
"cartographers",10,46791536,99.85
"catbird",10,46791546,99.85
"cathode",10,46791556,99.85
"catskill",10,46791566,99.85
"catt",10,46791576,99.85
"cattails",10,46791586,99.85
"causative",10,46791596,99.85
"cavort",10,46791606,99.85
"cenotaph",10,46791616,99.85
"centerfold",10,46791626,99.85
"chairlifts",10,46791636,99.85
"chaotically",10,46791646,99.85
"chaperoning",10,46791656,99.85
"chastises",10,46791666,99.85
"chatterley",10,46791676,99.85
"chatters",10,46791686,99.85
"chauffeuring",10,46791696,99.85
"cheeriness",10,46791706,99.85
"cherokees",10,46791716,99.85
"cherubic",10,46791726,99.85
"chiaroscuro",10,46791736,99.85
"chintz",10,46791746,99.85
"chintzy",10,46791756,99.85
"chippendale",10,46791766,99.85
"chlorinated",10,46791776,99.85
"cinematographers",10,46791786,99.85
"cinnabar",10,46791796,99.85
"citronella",10,46791806,99.85
"clammed",10,46791816,99.85
"clanked",10,46791826,99.85
"clearings",10,46791836,99.85
"clime",10,46791846,99.85
"cloudburst",10,46791856,99.85
"coagulation",10,46791866,99.85
"coarseness",10,46791876,99.85
"codger",10,46791886,99.85
"coexisted",10,46791896,99.85
"cognacs",10,46791906,99.85
"coincident",10,46791916,99.85
"coital",10,46791926,99.85
"coking",10,46791936,99.85
"colicky",10,46791946,99.85
"colloquialisms",10,46791956,99.85
"collude",10,46791966,99.85
"colognes",10,46791976,99.85
"colonizers",10,46791986,99.85
"coloratura",10,46791996,99.85
"commingled",10,46792006,99.85
"complexions",10,46792016,99.85
"concetta",10,46792026,99.85
"concierges",10,46792036,99.85
"conrail",10,46792046,99.85
"consortia",10,46792056,99.85
"constrictors",10,46792066,99.85
"contaminates",10,46792076,99.85
"contentedness",10,46792086,99.85
"contortion",10,46792096,99.85
"contouring",10,46792106,99.85
"contusions",10,46792116,99.85
"cootie",10,46792126,99.86
"copilot",10,46792136,99.86
"coquette",10,46792146,99.86
"cornices",10,46792156,99.86
"correctable",10,46792166,99.86
"cosponsored",10,46792176,99.86
"counteracting",10,46792186,99.86
"counteracts",10,46792196,99.86
"covens",10,46792206,99.86
"coverts",10,46792216,99.86
"coxswain",10,46792226,99.86
"crackpots",10,46792236,99.86
"crams",10,46792246,99.86
"cravens",10,46792256,99.86
"crewing",10,46792266,99.86
"cruelties",10,46792276,99.86
"curdles",10,46792286,99.86
"curmudgeons",10,46792296,99.86
"curtailment",10,46792306,99.86
"cutely",10,46792316,99.86
"cyclamen",10,46792326,99.86
"daintily",10,46792336,99.86
"dalliances",10,46792346,99.86
"dannie",10,46792356,99.86
"deann",10,46792366,99.86
"deathtrap",10,46792376,99.86
"debase",10,46792386,99.86
"debunks",10,46792396,99.86
"decanting",10,46792406,99.86
"deccan",10,46792416,99.86
"decongestants",10,46792426,99.86
"decontaminate",10,46792436,99.86
"decrepitude",10,46792446,99.86
"defecated",10,46792456,99.86
"deflections",10,46792466,99.86
"deftness",10,46792476,99.86
"defusing",10,46792486,99.86
"degenerating",10,46792496,99.86
"dehydrates",10,46792506,99.86
"dejection",10,46792516,99.86
"delbert",10,46792526,99.86
"deltas",10,46792536,99.86
"demagogic",10,46792546,99.86
"democratized",10,46792556,99.86
"deportment",10,46792566,99.86
"deposing",10,46792576,99.86
"deprecated",10,46792586,99.86
"deputized",10,46792596,99.86
"desecrate",10,46792606,99.86
"desegregated",10,46792616,99.86
"desensitization",10,46792626,99.86
"destructed",10,46792636,99.86
"detracting",10,46792646,99.86
"disabused",10,46792656,99.86
"disassociate",10,46792666,99.86
"discontinuity",10,46792676,99.86
"discourteous",10,46792686,99.86
"discoverers",10,46792696,99.86
"disentangle",10,46792706,99.86
"disfiguring",10,46792716,99.86
"dishcloths",10,46792726,99.86
"divan",10,46792736,99.86
"divisible",10,46792746,99.86
"divulges",10,46792756,99.86
"docudrama",10,46792766,99.86
"doormats",10,46792776,99.86
"douro",10,46792786,99.86
"downscale",10,46792796,99.86
"dowsing",10,46792806,99.86
"drambuie",10,46792816,99.86
"dreamless",10,46792826,99.86
"dungarees",10,46792836,99.86
"dyslexics",10,46792846,99.86
"earlobes",10,46792856,99.86
"eatable",10,46792866,99.86
"ebonics",10,46792876,99.86
"edified",10,46792886,99.86
"eeo",10,46792896,99.86
"effrontery",10,46792906,99.86
"eire",10,46792916,99.86
"elongate",10,46792926,99.86
"elongation",10,46792936,99.86
"eloping",10,46792946,99.86
"emancipator",10,46792956,99.86
"emollient",10,46792966,99.86
"emporiums",10,46792976,99.86
"enamels",10,46792986,99.86
"engrave",10,46792996,99.86
"entangling",10,46793006,99.86
"enthroned",10,46793016,99.86
"entrap",10,46793026,99.86
"enviously",10,46793036,99.86
"epicenters",10,46793046,99.86
"epicure",10,46793056,99.86
"esperanto",10,46793066,99.86
"eula",10,46793076,99.86
"evinces",10,46793086,99.86
"evocations",10,46793096,99.86
"exactness",10,46793106,99.86
"excrete",10,46793116,99.86
"exemplifying",10,46793126,99.86
"exhume",10,46793136,99.86
"existentially",10,46793146,99.86
"exorcisms",10,46793156,99.86
"expedience",10,46793166,99.86
"expends",10,46793176,99.86
"extravagances",10,46793186,99.86
"eyestrain",10,46793196,99.86
"factionalism",10,46793206,99.86
"fairings",10,46793216,99.86
"fascinations",10,46793226,99.86
"fattier",10,46793236,99.86
"fecundity",10,46793246,99.86
"feigns",10,46793256,99.86
"ferlinghetti",10,46793266,99.86
"festively",10,46793276,99.86
"fetters",10,46793286,99.86
"fiats",10,46793296,99.86
"fickleness",10,46793306,99.86
"fiddlesticks",10,46793316,99.86
"filibustered",10,46793326,99.86
"firebomb",10,46793336,99.86
"fitters",10,46793346,99.86
"fixating",10,46793356,99.86
"fjords",10,46793366,99.86
"flakiness",10,46793376,99.86
"flashbulbs",10,46793386,99.86
"flexes",10,46793396,99.86
"flossie",10,46793406,99.86
"flounce",10,46793416,99.86
"foamed",10,46793426,99.86
"foreknowledge",10,46793436,99.86
"foretelling",10,46793446,99.86
"forthrightness",10,46793456,99.86
"fortieth",10,46793466,99.86
"foulest",10,46793476,99.86
"frag",10,46793486,99.86
"fraternizing",10,46793496,99.86
"freon",10,46793506,99.86
"fretful",10,46793516,99.86
"frights",10,46793526,99.86
"funniness",10,46793536,99.86
"gabardine",10,46793546,99.86
"gagarin",10,46793556,99.86
"gaits",10,46793566,99.86
"galilean",10,46793576,99.86
"gangplank",10,46793586,99.86
"gangway",10,46793596,99.86
"gating",10,46793606,99.86
"gauntlets",10,46793616,99.86
"gdansk",10,46793626,99.86
"geekiest",10,46793636,99.86
"genealogies",10,46793646,99.86
"gentoo",10,46793656,99.86
"gerontology",10,46793666,99.86
"gibbering",10,46793676,99.86
"gilgamesh",10,46793686,99.86
"gingersnaps",10,46793696,99.86
"gizzard",10,46793706,99.86
"glamorously",10,46793716,99.86
"glassful",10,46793726,99.86
"glinted",10,46793736,99.86
"glowers",10,46793746,99.86
"golfs",10,46793756,99.86
"gordian",10,46793766,99.86
"grassed",10,46793776,99.86
"greengrocer",10,46793786,99.86
"grenadier",10,46793796,99.86
"griddles",10,46793806,99.86
"grieg",10,46793816,99.86
"grimmest",10,46793826,99.86
"grommet",10,46793836,99.86
"guavas",10,46793846,99.86
"gumdrops",10,46793856,99.86
"gurgle",10,46793866,99.86
"gurgles",10,46793876,99.86
"guyanese",10,46793886,99.86
"guzzler",10,46793896,99.86
"habituated",10,46793906,99.86
"hadar",10,46793916,99.86
"halfheartedly",10,46793926,99.86
"hammarskjold",10,46793936,99.86
"handcart",10,46793946,99.86
"handsomeness",10,46793956,99.86
"hanker",10,46793966,99.86
"harries",10,46793976,99.86
"heavyset",10,46793986,99.86
"hectoring",10,46793996,99.86
"heifetz",10,46794006,99.86
"hephaestus",10,46794016,99.86
"herdsmen",10,46794026,99.86
"hie",10,46794036,99.86
"hijackings",10,46794046,99.86
"hijacks",10,46794056,99.86
"hindrances",10,46794066,99.86
"hindustan",10,46794076,99.86
"hogarth",10,46794086,99.86
"hollands",10,46794096,99.86
"homesteaded",10,46794106,99.86
"homogenization",10,46794116,99.86
"honeymooning",10,46794126,99.86
"honeymoons",10,46794136,99.86
"hooter",10,46794146,99.86
"hording",10,46794156,99.86
"hotheaded",10,46794166,99.86
"humorists",10,46794176,99.86
"hundredths",10,46794186,99.86
"hurdled",10,46794196,99.86
"hurlers",10,46794206,99.86
"hyperspace",10,46794216,99.86
"hypochondria",10,46794226,99.86
"hypoglycemic",10,46794236,99.86
"ibo",10,46794246,99.86
"impelled",10,46794256,99.86
"impious",10,46794266,99.86
"impoverishing",10,46794276,99.86
"inaugurate",10,46794286,99.86
"inaugurations",10,46794296,99.86
"incapacitate",10,46794306,99.86
"inconsiderable",10,46794316,99.86
"incs",10,46794326,99.86
"indenture",10,46794336,99.86
"indicting",10,46794346,99.86
"individualists",10,46794356,99.86
"ineffectively",10,46794366,99.86
"ines",10,46794376,99.86
"inflames",10,46794386,99.86
"inflaming",10,46794396,99.86
"inflates",10,46794406,99.86
"initialed",10,46794416,99.86
"injectors",10,46794426,99.86
"innovated",10,46794436,99.86
"inquisitiveness",10,46794446,99.86
"inscribe",10,46794456,99.86
"insidiously",10,46794466,99.86
"interbreeding",10,46794476,99.86
"interdict",10,46794486,99.86
"interjecting",10,46794496,99.86
"interleukin",10,46794506,99.86
"interminably",10,46794516,99.86
"internists",10,46794526,99.86
"intertwines",10,46794536,99.86
"intolerably",10,46794546,99.86
"inviolable",10,46794556,99.86
"itchiness",10,46794566,99.86
"jacquard",10,46794576,99.86
"jerrold",10,46794586,99.86
"jockeyed",10,46794596,99.86
"joiners",10,46794606,99.86
"josue",10,46794616,99.86
"juggernauts",10,46794626,99.86
"kalashnikov",10,46794636,99.86
"keenest",10,46794646,99.86
"kentuckian",10,46794656,99.86
"kentuckians",10,46794666,99.86
"keynoting",10,46794676,99.86
"keystones",10,46794686,99.86
"killjoys",10,46794696,99.86
"kiribati",10,46794706,99.86
"klutzy",10,46794716,99.86
"knaves",10,46794726,99.86
"kowtow",10,46794736,99.86
"krupp",10,46794746,99.86
"lams",10,46794756,99.86
"largess",10,46794766,99.86
"larval",10,46794776,99.86
"lassitude",10,46794786,99.86
"latecomer",10,46794796,99.86
"laundromats",10,46794806,99.86
"lavishing",10,46794816,99.86
"lawgiver",10,46794826,99.86
"leached",10,46794836,99.86
"leapfrogging",10,46794846,99.86
"ledgers",10,46794856,99.86
"legionnaires",10,46794866,99.86
"leiden",10,46794876,99.86
"leprous",10,46794886,99.86
"lessor",10,46794896,99.86
"lethally",10,46794906,99.86
"leveler",10,46794916,99.86
"librium",10,46794926,99.86
"liker",10,46794936,99.86
"lilliput",10,46794946,99.86
"lintel",10,46794956,99.86
"lionize",10,46794966,99.86
"liquefy",10,46794976,99.86
"litigant",10,46794986,99.86
"loci",10,46794996,99.86
"locksmiths",10,46795006,99.86
"lofting",10,46795016,99.86
"lolcat",10,46795026,99.86
"lolled",10,46795036,99.86
"longhair",10,46795046,99.86
"lording",10,46795056,99.86
"lothario",10,46795066,99.86
"lozenge",10,46795076,99.86
"lucidly",10,46795086,99.86
"luckless",10,46795096,99.86
"lucre",10,46795106,99.86
"mable",10,46795116,99.86
"madams",10,46795126,99.86
"maestros",10,46795136,99.86
"maintainable",10,46795146,99.86
"maladjusted",10,46795156,99.86
"malamud",10,46795166,99.86
"mammoths",10,46795176,99.86
"manholes",10,46795186,99.86
"mannerism",10,46795196,99.86
"marquees",10,46795206,99.86
"marseilles",10,46795216,99.86
"masqueraded",10,46795226,99.86
"masseurs",10,46795236,99.86
"matriculation",10,46795246,99.86
"matzos",10,46795256,99.86
"mawkish",10,46795266,99.86
"mayflies",10,46795276,99.86
"medleys",10,46795286,99.86
"meetinghouse",10,46795296,99.86
"megaphones",10,46795306,99.86
"melodically",10,46795316,99.86
"memorializes",10,46795326,99.86
"menaces",10,46795336,99.86
"meridians",10,46795346,99.86
"mesopotamia",10,46795356,99.86
"messiest",10,46795366,99.86
"mestizo",10,46795376,99.86
"metamucil",10,46795386,99.86
"methanol",10,46795396,99.86
"michigander",10,46795406,99.86
"middleweights",10,46795416,99.86
"miked",10,46795426,99.86
"mildewed",10,46795436,99.86
"miniaturized",10,46795446,99.86
"minos",10,46795456,99.86
"minsky",10,46795466,99.86
"miscegenation",10,46795476,99.86
"mispronouncing",10,46795486,99.86
"misquote",10,46795496,99.86
"misquoting",10,46795506,99.86
"misspending",10,46795516,99.86
"mockers",10,46795526,99.86
"modulating",10,46795536,99.86
"moisturizes",10,46795546,99.86
"mollusk",10,46795556,99.86
"monolingual",10,46795566,99.86
"monolinguals",10,46795576,99.86
"montesquieu",10,46795586,99.86
"moonscape",10,46795596,99.86
"motormouth",10,46795606,99.86
"mournfully",10,46795616,99.86
"mozambican",10,46795626,99.86
"mulroney",10,46795636,99.86
"muscovy",10,46795646,99.86
"mutinous",10,46795656,99.86
"muumuu",10,46795666,99.86
"muzzles",10,46795676,99.86
"mystify",10,46795686,99.86
"nasally",10,46795696,99.86
"nco",10,46795706,99.86
"nelda",10,46795716,99.86
"nematode",10,46795726,99.86
"nimbler",10,46795736,99.86
"nivea",10,46795746,99.86
"noblewoman",10,46795756,99.86
"nuked",10,46795766,99.86
"numberless",10,46795776,99.86
"nutrasweet",10,46795786,99.86
"obfuscates",10,46795796,99.86
"obsequious",10,46795806,99.86
"obverse",10,46795816,99.86
"occluded",10,46795826,99.86
"oceanographers",10,46795836,99.86
"odets",10,46795846,99.86
"officialdom",10,46795856,99.86
"okefenokee",10,46795866,99.86
"oppressively",10,46795876,99.86
"outcries",10,46795886,99.86
"outflank",10,46795896,99.86
"outshone",10,46795906,99.86
"outwitting",10,46795916,99.86
"overachieved",10,46795926,99.86
"overproduced",10,46795936,99.86
"overrules",10,46795946,99.86
"oversensitive",10,46795956,99.86
"oversharing",10,46795966,99.86
"oversimplify",10,46795976,99.86
"overworking",10,46795986,99.86
"padlocks",10,46795996,99.86
"palmolive",10,46796006,99.86
"panted",10,46796016,99.86
"pantsuits",10,46796026,99.86
"papoose",10,46796036,99.86
"paraprofessional",10,46796046,99.86
"parceled",10,46796056,99.86
"patsies",10,46796066,99.86
"pattering",10,46796076,99.86
"patters",10,46796086,99.86
"payee",10,46796096,99.86
"payloads",10,46796106,99.86
"pearled",10,46796116,99.86
"pekingese",10,46796126,99.86
"pendulous",10,46796136,99.86
"perforations",10,46796146,99.86
"peripheries",10,46796156,99.86
"perishes",10,46796166,99.86
"persepolis",10,46796176,99.86
"persuasiveness",10,46796186,99.86
"philander",10,46796196,99.86
"photocopiers",10,46796206,99.86
"piaget",10,46796216,99.86
"pickerel",10,46796226,99.86
"pimpernel",10,46796236,99.86
"pinkeye",10,46796246,99.86
"pinups",10,46796256,99.86
"pizarro",10,46796266,99.86
"plainest",10,46796276,99.86
"plateaued",10,46796286,99.86
"platen",10,46796296,99.86
"pleasuring",10,46796306,99.86
"plebiscite",10,46796316,99.86
"pomade",10,46796326,99.86
"portables",10,46796336,99.86
"postdoc",10,46796346,99.86
"postponements",10,46796356,99.86
"posy",10,46796366,99.86
"potentiality",10,46796376,99.86
"potshot",10,46796386,99.86
"prefigured",10,46796396,99.86
"prejudge",10,46796406,99.86
"prensa",10,46796416,99.86
"prepositional",10,46796426,99.86
"preposterously",10,46796436,99.86
"preregistration",10,46796446,99.86
"preservers",10,46796456,99.86
"priam",10,46796466,99.86
"principality",10,46796476,99.86
"prizefighter",10,46796486,99.86
"prizing",10,46796496,99.86
"procyon",10,46796506,99.86
"promethean",10,46796516,99.86
"prophylactic",10,46796526,99.86
"protons",10,46796536,99.86
"protractor",10,46796546,99.86
"pugilist",10,46796556,99.86
"pulsar",10,46796566,99.86
"pulverizing",10,46796576,99.86
"punctuates",10,46796586,99.86
"pushovers",10,46796596,99.86
"pussycats",10,46796606,99.86
"quadruples",10,46796616,99.86
"quarrelsome",10,46796626,99.86
"quarried",10,46796636,99.86
"quelling",10,46796646,99.86
"quipping",10,46796656,99.86
"quisling",10,46796666,99.86
"rabat",10,46796676,99.86
"ragging",10,46796686,99.86
"rationalizes",10,46796696,99.86
"reactivation",10,46796706,99.86
"readjustment",10,46796716,99.86
"reallocated",10,46796726,99.86
"reapplied",10,46796736,99.86
"rebutting",10,46796746,99.86
"reclines",10,46796756,99.86
"reconnects",10,46796766,99.86
"reconstituting",10,46796776,99.86
"recurs",10,46796786,99.86
"redbreast",10,46796796,99.86
"rediscovers",10,46796806,99.87
"redistributing",10,46796816,99.87
"redistricted",10,46796826,99.87
"redoubt",10,46796836,99.87
"redraws",10,46796846,99.87
"redressed",10,46796856,99.87
"refiner",10,46796866,99.87
"refracting",10,46796876,99.87
"regaling",10,46796886,99.87
"reincarnate",10,46796896,99.87
"reinserted",10,46796906,99.87
"relativistic",10,46796916,99.87
"relearned",10,46796926,99.87
"relenting",10,46796936,99.87
"remorseless",10,46796946,99.87
"renames",10,46796956,99.87
"repossessions",10,46796966,99.87
"reprocessed",10,46796976,99.87
"reprogramming",10,46796986,99.87
"reproof",10,46796996,99.87
"reprove",10,46797006,99.87
"reptilians",10,46797016,99.87
"retch",10,46797026,99.87
"reuses",10,46797036,99.87
"revengeful",10,46797046,99.87
"reynaldo",10,46797056,99.87
"rhapsodic",10,46797066,99.87
"rices",10,46797076,99.87
"rightists",10,46797086,99.87
"rigmarole",10,46797096,99.87
"rime",10,46797106,99.87
"roadbed",10,46797116,99.87
"robustly",10,46797126,99.87
"roget",10,46797136,99.87
"roughneck",10,46797146,99.87
"roustabout",10,46797156,99.87
"rowdies",10,46797166,99.87
"rubbernecking",10,46797176,99.87
"saboteur",10,46797186,99.87
"sagacity",10,46797196,99.87
"sailfish",10,46797206,99.87
"sandbagging",10,46797216,99.87
"sanely",10,46797226,99.87
"sateen",10,46797236,99.87
"sates",10,46797246,99.87
"satirize",10,46797256,99.87
"satisfactions",10,46797266,99.87
"satyr",10,46797276,99.87
"saunters",10,46797286,99.87
"savants",10,46797296,99.87
"scandalously",10,46797306,99.87
"scathingly",10,46797316,99.87
"scheherazade",10,46797326,99.87
"scornfully",10,46797336,99.87
"scours",10,46797346,99.87
"scroungers",10,46797356,99.87
"scuffled",10,46797366,99.87
"scupper",10,46797376,99.87
"seamed",10,46797386,99.87
"seaward",10,46797396,99.87
"seesawed",10,46797406,99.87
"segregationist",10,46797416,99.87
"sentience",10,46797426,99.87
"separable",10,46797436,99.87
"shantytown",10,46797446,99.87
"sharecroppers",10,46797456,99.87
"shiners",10,46797466,99.87
"shiniest",10,46797476,99.87
"shipbuilders",10,46797486,99.87
"shirring",10,46797496,99.87
"shoplifted",10,46797506,99.87
"shorelines",10,46797516,99.87
"showmen",10,46797526,99.87
"shuteye",10,46797536,99.87
"sidling",10,46797546,99.87
"simpletons",10,46797556,99.87
"skopje",10,46797566,99.87
"skulked",10,46797576,99.87
"slants",10,46797586,99.87
"slavers",10,46797596,99.87
"slinks",10,46797606,99.87
"sloes",10,46797616,99.87
"slouches",10,46797626,99.87
"smoggy",10,46797636,99.87
"snorers",10,46797646,99.87
"solicitude",10,46797656,99.87
"sols",10,46797666,99.87
"solstices",10,46797676,99.87
"somersaults",10,46797686,99.87
"soundproofing",10,46797696,99.87
"specie",10,46797706,99.87
"speedsters",10,46797716,99.87
"splay",10,46797726,99.87
"splices",10,46797736,99.87
"spookier",10,46797746,99.87
"spooling",10,46797756,99.87
"spruces",10,46797766,99.87
"squashy",10,46797776,99.87
"squirreled",10,46797786,99.87
"stakeout",10,46797796,99.87
"stalactites",10,46797806,99.87
"stalagmites",10,46797816,99.87
"stammers",10,46797826,99.87
"standardizing",10,46797836,99.87
"standoffs",10,46797846,99.87
"staphylococcus",10,46797856,99.87
"starless",10,46797866,99.87
"steeples",10,46797876,99.87
"stepmothers",10,46797886,99.87
"stepparents",10,46797896,99.87
"stepsons",10,46797906,99.87
"stirrers",10,46797916,99.87
"stockhausen",10,46797926,99.87
"strafing",10,46797936,99.87
"straggler",10,46797946,99.87
"straggly",10,46797956,99.87
"stratified",10,46797966,99.87
"stridently",10,46797976,99.87
"stupendously",10,46797986,99.87
"stupids",10,46797996,99.87
"subduing",10,46798006,99.87
"subjunctive",10,46798016,99.87
"sublimation",10,46798026,99.87
"submersibles",10,46798036,99.87
"suffragists",10,46798046,99.87
"sugarless",10,46798056,99.87
"sulawesi",10,46798066,99.87
"surya",10,46798076,99.87
"swaziland",10,46798086,99.87
"sweetbread",10,46798096,99.87
"sweetens",10,46798106,99.87
"sycophant",10,46798116,99.87
"tarnishes",10,46798126,99.87
"tastiness",10,46798136,99.87
"tattooist",10,46798146,99.87
"teals",10,46798156,99.87
"teamster",10,46798166,99.87
"telegraphing",10,46798176,99.87
"telephony",10,46798186,99.87
"telex",10,46798196,99.87
"temped",10,46798206,99.87
"temptingly",10,46798216,99.87
"tensing",10,46798226,99.87
"termini",10,46798236,99.87
"terrains",10,46798246,99.87
"terrie",10,46798256,99.87
"tersely",10,46798266,99.87
"texturing",10,46798276,99.87
"thermopylae",10,46798286,99.87
"thresher",10,46798296,99.87
"throttles",10,46798306,99.87
"thucydides",10,46798316,99.87
"thwarts",10,46798326,99.87
"tiber",10,46798336,99.87
"ticonderoga",10,46798346,99.87
"timbered",10,46798356,99.87
"tinges",10,46798366,99.87
"tobacconist",10,46798376,99.87
"toffees",10,46798386,99.87
"toggles",10,46798396,99.87
"toggling",10,46798406,99.87
"tolerably",10,46798416,99.87
"tomahawks",10,46798426,99.87
"toucans",10,46798436,99.87
"toughs",10,46798446,99.87
"toynbee",10,46798456,99.87
"tragicomedy",10,46798466,99.87
"traitorous",10,46798476,99.87
"trashcans",10,46798486,99.87
"travelogues",10,46798496,99.87
"triads",10,46798506,99.87
"triplicate",10,46798516,99.87
"trivialities",10,46798526,99.87
"trivializing",10,46798536,99.87
"tromping",10,46798546,99.87
"trooped",10,46798556,99.87
"trousseau",10,46798566,99.87
"tufting",10,46798576,99.87
"tumbledown",10,46798586,99.87
"turbot",10,46798596,99.87
"tussaud",10,46798606,99.87
"twiddle",10,46798616,99.87
"twinkles",10,46798626,99.87
"ukuleles",10,46798636,99.87
"unappreciative",10,46798646,99.87
"undemanding",10,46798656,99.87
"unfaithfulness",10,46798666,99.87
"unimpeachable",10,46798676,99.87
"unkindly",10,46798686,99.87
"unluckiest",10,46798696,99.87
"unnerves",10,46798706,99.87
"unnumbered",10,46798716,99.87
"unrolling",10,46798726,99.87
"upholsterer",10,46798736,99.87
"vacates",10,46798746,99.87
"valueless",10,46798756,99.87
"varnishes",10,46798766,99.87
"vax",10,46798776,99.87
"veblen",10,46798786,99.87
"velocities",10,46798796,99.87
"velveteen",10,46798806,99.87
"ventriloquism",10,46798816,99.87
"vertices",10,46798826,99.87
"vertiginous",10,46798836,99.87
"vexatious",10,46798846,99.87
"vigilantly",10,46798856,99.87
"vindictiveness",10,46798866,99.87
"wadding",10,46798876,99.87
"wakened",10,46798886,99.87
"walpole",10,46798896,99.87
"walruses",10,46798906,99.87
"watermarked",10,46798916,99.87
"westwards",10,46798926,99.87
"wheedle",10,46798936,99.87
"whiffing",10,46798946,99.87
"whiling",10,46798956,99.87
"wholes",10,46798966,99.87
"whooshed",10,46798976,99.87
"wilda",10,46798986,99.87
"wilfredo",10,46798996,99.87
"windbreakers",10,46799006,99.87
"windlass",10,46799016,99.87
"wineglass",10,46799026,99.87
"winterize",10,46799036,99.87
"wolfish",10,46799046,99.87
"woofs",10,46799056,99.87
"wormed",10,46799066,99.87
"wotan",10,46799076,99.87
"wreaks",10,46799086,99.87
"wretchedly",10,46799096,99.87
"xenophon",10,46799106,99.87
"xix",10,46799116,99.87
"yawl",10,46799126,99.87
"yeses",10,46799136,99.87
"yodel",10,46799146,99.87
"yokes",10,46799156,99.87
"zigzagging",10,46799166,99.87
"zulus",10,46799176,99.87
"abashed",9,46799185,99.87
"abattoir",9,46799194,99.87
"abdomens",9,46799203,99.87
"abhorred",9,46799212,99.87
"abidjan",9,46799221,99.87
"abodes",9,46799230,99.87
"abolishes",9,46799239,99.87
"aboveboard",9,46799248,99.87
"abrogate",9,46799257,99.87
"abstains",9,46799266,99.87
"acclimating",9,46799275,99.87
"accompanists",9,46799284,99.87
"accredit",9,46799293,99.87
"accustom",9,46799302,99.87
"acquits",9,46799311,99.87
"acrostic",9,46799320,99.87
"addressee",9,46799329,99.87
"adela",9,46799338,99.87
"adjoined",9,46799347,99.87
"adobes",9,46799356,99.87
"adrenals",9,46799365,99.87
"adulteration",9,46799374,99.87
"aerodynamically",9,46799383,99.87
"affectations",9,46799392,99.87
"agitates",9,46799401,99.87
"airedale",9,46799410,99.87
"alderwoman",9,46799419,99.87
"alfreda",9,46799428,99.87
"algorithmic",9,46799437,99.87
"allots",9,46799446,99.87
"allover",9,46799455,99.87
"allying",9,46799464,99.87
"alphabetized",9,46799473,99.87
"ameliorated",9,46799482,99.87
"americanization",9,46799491,99.87
"andaman",9,46799500,99.87
"androgen",9,46799509,99.87
"anesthesiologists",9,46799518,99.87
"anesthetics",9,46799527,99.87
"aneurysms",9,46799536,99.87
"animists",9,46799545,99.87
"antiabortion",9,46799554,99.87
"antidotes",9,46799563,99.87
"apposite",9,46799572,99.87
"approximated",9,46799581,99.87
"aqueous",9,46799590,99.87
"arizonan",9,46799599,99.87
"arks",9,46799608,99.87
"armhole",9,46799617,99.87
"artificiality",9,46799626,99.87
"artless",9,46799635,99.87
"ascribing",9,46799644,99.87
"assignations",9,46799653,99.87
"autocracy",9,46799662,99.87
"autocrat",9,46799671,99.87
"avuncular",9,46799680,99.87
"backboards",9,46799689,99.87
"backpacked",9,46799698,99.87
"backpedal",9,46799707,99.87
"backtracks",9,46799716,99.87
"baldly",9,46799725,99.87
"banishes",9,46799734,99.87
"barbells",9,46799743,99.87
"barkers",9,46799752,99.87
"barrenness",9,46799761,99.87
"barrette",9,46799770,99.87
"basest",9,46799779,99.87
"basques",9,46799788,99.87
"basra",9,46799797,99.87
"bastardized",9,46799806,99.87
"bathmat",9,46799815,99.87
"bathrobes",9,46799824,99.87
"beaching",9,46799833,99.87
"beatific",9,46799842,99.87
"beatitude",9,46799851,99.87
"bedclothes",9,46799860,99.87
"bedpan",9,46799869,99.87
"bellhop",9,46799878,99.87
"beloveds",9,46799887,99.87
"bendix",9,46799896,99.87
"benignly",9,46799905,99.87
"bernays",9,46799914,99.87
"berthed",9,46799923,99.87
"besetting",9,46799932,99.87
"bespeak",9,46799941,99.87
"bicameral",9,46799950,99.87
"biffed",9,46799959,99.87
"bimini",9,46799968,99.87
"binged",9,46799977,99.87
"biochemist",9,46799986,99.87
"bishkek",9,46799995,99.87
"bitcoin",9,46800004,99.87
"bivouac",9,46800013,99.87
"blackboards",9,46800022,99.87
"blander",9,46800031,99.87
"blasphemed",9,46800040,99.87
"blasphemers",9,46800049,99.87
"blaspheming",9,46800058,99.87
"blavatsky",9,46800067,99.87
"blazon",9,46800076,99.87
"bleakest",9,46800085,99.87
"blights",9,46800094,99.87
"blockaded",9,46800103,99.87
"blunting",9,46800112,99.87
"bodhisattva",9,46800121,99.87
"bodices",9,46800130,99.87
"bogeymen",9,46800139,99.87
"boneheads",9,46800148,99.87
"bowmen",9,46800157,99.87
"boyishly",9,46800166,99.87
"bradly",9,46800175,99.87
"braises",9,46800184,99.87
"bricking",9,46800193,99.87
"bridgett",9,46800202,99.87
"buber",9,46800211,99.87
"bulkheads",9,46800220,99.87
"bullfight",9,46800229,99.87
"bullfighter",9,46800238,99.87
"bullheaded",9,46800247,99.87
"bumbled",9,46800256,99.87
"buoying",9,46800265,99.87
"callisto",9,46800274,99.87
"cannibalizing",9,46800283,99.87
"canters",9,46800292,99.87
"carapace",9,46800301,99.87
"cartographer",9,46800310,99.87
"castoffs",9,46800319,99.87
"catalyze",9,46800328,99.87
"catamarans",9,46800337,99.87
"catchier",9,46800346,99.87
"catkins",9,46800355,99.87
"caxton",9,46800364,99.87
"celerity",9,46800373,99.87
"centerfolds",9,46800382,99.87
"chaffing",9,46800391,99.87
"chalets",9,46800400,99.87
"chameleons",9,46800409,99.87
"chancy",9,46800418,99.87
"chandrasekhar",9,46800427,99.87
"charioteer",9,46800436,99.87
"charring",9,46800445,99.87
"chasity",9,46800454,99.87
"chauffeurs",9,46800463,99.87
"chauvinistic",9,46800472,99.87
"chauvinists",9,46800481,99.87
"cheekiness",9,46800490,99.87
"cheerier",9,46800499,99.87
"cheesing",9,46800508,99.87
"chicana",9,46800517,99.87
"chignon",9,46800526,99.87
"childproof",9,46800535,99.87
"chompers",9,46800544,99.87
"chowders",9,46800553,99.87
"circumnavigation",9,46800562,99.87
"circumvention",9,46800571,99.87
"circumvents",9,46800580,99.87
"civet",9,46800589,99.87
"cleaved",9,46800598,99.87
"clinked",9,46800607,99.87
"clitoral",9,46800616,99.87
"coexisting",9,46800625,99.87
"collation",9,46800634,99.87
"comintern",9,46800643,99.87
"commendably",9,46800652,99.87
"compaction",9,46800661,99.87
"compartmentalizing",9,46800670,99.87
"confessor",9,46800679,99.87
"confidantes",9,46800688,99.87
"confucianism",9,46800697,99.87
"conscripts",9,46800706,99.87
"conservatories",9,46800715,99.87
"constricts",9,46800724,99.87
"contd",9,46800733,99.87
"convents",9,46800742,99.87
"converges",9,46800751,99.87
"conversationalists",9,46800760,99.87
"cordials",9,46800769,99.87
"coring",9,46800778,99.87
"corking",9,46800787,99.87
"coroners",9,46800796,99.87
"corroborates",9,46800805,99.87
"corsican",9,46800814,99.87
"costed",9,46800823,99.87
"cotopaxi",9,46800832,99.87
"cottoned",9,46800841,99.87
"coulomb",9,46800850,99.87
"counterrevolution",9,46800859,99.87
"couplings",9,46800868,99.87
"courteously",9,46800877,99.87
"coverlet",9,46800886,99.87
"cozens",9,46800895,99.87
"cozily",9,46800904,99.87
"cratering",9,46800913,99.87
"creoles",9,46800922,99.87
"crevasse",9,46800931,99.87
"cribbed",9,46800940,99.87
"crochets",9,46800949,99.87
"crosser",9,46800958,99.87
"cryogenics",9,46800967,99.87
"crystallizing",9,46800976,99.87
"cubit",9,46800985,99.87
"cuckoos",9,46800994,99.87
"cummerbund",9,46801003,99.87
"cygnets",9,46801012,99.87
"cypresses",9,46801021,99.87
"cyrillic",9,46801030,99.87
"dabbler",9,46801039,99.87
"dacha",9,46801048,99.87
"daguerreotype",9,46801057,99.87
"darnedest",9,46801066,99.87
"darning",9,46801075,99.87
"dartboard",9,46801084,99.87
"daubers",9,46801093,99.87
"debacles",9,46801102,99.87
"decamping",9,46801111,99.87
"decapitating",9,46801120,99.87
"decelerating",9,46801129,99.87
"deckhand",9,46801138,99.87
"deckle",9,46801147,99.87
"decriminalize",9,46801156,99.87
"deejays",9,46801165,99.87
"defiles",9,46801174,99.87
"deform",9,46801183,99.87
"dehumanization",9,46801192,99.87
"dejectedly",9,46801201,99.87
"delineation",9,46801210,99.87
"dependably",9,46801219,99.87
"deploring",9,46801228,99.87
"deprivations",9,46801237,99.87
"deregulating",9,46801246,99.87
"derringer",9,46801255,99.87
"detaches",9,46801264,99.87
"detainment",9,46801273,99.87
"determinate",9,46801282,99.87
"detouring",9,46801291,99.87
"diffs",9,46801300,99.87
"diffuses",9,46801309,99.87
"dimmers",9,46801318,99.87
"dinging",9,46801327,99.87
"disallowing",9,46801336,99.87
"disavowing",9,46801345,99.87
"discotheque",9,46801354,99.87
"dismaying",9,46801363,99.87
"disperses",9,46801372,99.87
"disposals",9,46801381,99.87
"disqualifications",9,46801390,99.87
"disrobe",9,46801399,99.87
"divesting",9,46801408,99.87
"dodgson",9,46801417,99.87
"doffing",9,46801426,99.87
"doric",9,46801435,99.87
"dovetailing",9,46801444,99.87
"downhearted",9,46801453,99.87
"drabs",9,46801462,99.87
"draftsman",9,46801471,99.87
"dragoon",9,46801480,99.87
"dramatizes",9,46801489,99.87
"dredges",9,46801498,99.88
"duchy",9,46801507,99.88
"ducting",9,46801516,99.88
"dumbness",9,46801525,99.88
"easiness",9,46801534,99.88
"ecologists",9,46801543,99.88
"eec",9,46801552,99.88
"ejaculates",9,46801561,99.88
"elector",9,46801570,99.88
"elopement",9,46801579,99.88
"elucidating",9,46801588,99.88
"elvish",9,46801597,99.88
"embalmer",9,46801606,99.88
"emos",9,46801615,99.88
"empathized",9,46801624,99.88
"empathizes",9,46801633,99.88
"emptiest",9,46801642,99.88
"encapsulation",9,46801651,99.88
"encouragingly",9,46801660,99.88
"encroaches",9,46801669,99.88
"enemas",9,46801678,99.88
"enfolded",9,46801687,99.88
"engendering",9,46801696,99.88
"englishwoman",9,46801705,99.88
"enlightens",9,46801714,99.88
"enthrall",9,46801723,99.88
"entitling",9,46801732,99.88
"entombment",9,46801741,99.88
"entrapping",9,46801750,99.88
"enumerates",9,46801759,99.88
"epochs",9,46801768,99.88
"equidistant",9,46801777,99.88
"erebus",9,46801786,99.88
"ernestine",9,46801795,99.88
"errs",9,46801804,99.88
"eventualities",9,46801813,99.88
"excavators",9,46801822,99.88
"exclusiveness",9,46801831,99.88
"exertions",9,46801840,99.88
"exhalations",9,46801849,99.88
"explicate",9,46801858,99.88
"expressiveness",9,46801867,99.88
"expunging",9,46801876,99.88
"extemporaneous",9,46801885,99.88
"extinguishes",9,46801894,99.88
"extrication",9,46801903,99.88
"exult",9,46801912,99.88
"falsifiable",9,46801921,99.88
"fanciers",9,46801930,99.88
"feints",9,46801939,99.88
"felicitous",9,46801948,99.88
"femoral",9,46801957,99.88
"fends",9,46801966,99.88
"fetishistic",9,46801975,99.88
"fibbed",9,46801984,99.88
"figments",9,46801993,99.88
"filthiest",9,46802002,99.88
"firebombed",9,46802011,99.88
"firebreak",9,46802020,99.88
"fitzroy",9,46802029,99.88
"fixations",9,46802038,99.88
"fixative",9,46802047,99.88
"flagpoles",9,46802056,99.88
"flashiest",9,46802065,99.88
"flattop",9,46802074,99.88
"flayed",9,46802083,99.88
"flinches",9,46802092,99.88
"flippantly",9,46802101,99.88
"flues",9,46802110,99.88
"fluky",9,46802119,99.88
"foggiest",9,46802128,99.88
"foragers",9,46802137,99.88
"forbear",9,46802146,99.88
"forgeries",9,46802155,99.88
"fortran",9,46802164,99.88
"fourthly",9,46802173,99.88
"foxglove",9,46802182,99.88
"foxgloves",9,46802191,99.88
"fractionally",9,46802200,99.88
"framer",9,46802209,99.88
"fraudulence",9,46802218,99.88
"freelances",9,46802227,99.88
"frigates",9,46802236,99.88
"frittered",9,46802245,99.88
"fulled",9,46802254,99.88
"funicular",9,46802263,99.88
"futurity",9,46802272,99.88
"gaggles",9,46802281,99.88
"gainsborough",9,46802290,99.88
"gambol",9,46802299,99.88
"gasworks",9,46802308,99.88
"gauss",9,46802317,99.88
"gazers",9,46802326,99.88
"gentlewoman",9,46802335,99.88
"geologically",9,46802344,99.88
"geometries",9,46802353,99.88
"geophysics",9,46802362,99.88
"gigged",9,46802371,99.88
"giza",9,46802380,99.88
"glitzier",9,46802389,99.88
"glumly",9,46802398,99.88
"godhood",9,46802407,99.88
"gonads",9,46802416,99.88
"goofiest",9,46802425,99.88
"gouges",9,46802434,99.88
"gourmands",9,46802443,99.88
"gourmets",9,46802452,99.88
"gracefulness",9,46802461,99.88
"grandness",9,46802470,99.88
"gravitates",9,46802479,99.88
"greenhorn",9,46802488,99.88
"greenness",9,46802497,99.88
"grosbeak",9,46802506,99.88
"gruffly",9,46802515,99.88
"guardedly",9,46802524,99.88
"guested",9,46802533,99.88
"hairballs",9,46802542,99.88
"hakka",9,46802551,99.88
"hallucinated",9,46802560,99.88
"hammed",9,46802569,99.88
"hangnail",9,46802578,99.88
"haranguing",9,46802587,99.88
"hardtack",9,46802596,99.88
"harmonizes",9,46802605,99.88
"hasted",9,46802614,99.88
"hayloft",9,46802623,99.88
"hazier",9,46802632,99.88
"headhunter",9,46802641,99.88
"heep",9,46802650,99.88
"heliport",9,46802659,99.88
"helpmate",9,46802668,99.88
"hempen",9,46802677,99.88
"herbivores",9,46802686,99.88
"hereabouts",9,46802695,99.88
"heuristic",9,46802704,99.88
"hibernia",9,46802713,99.88
"hightailed",9,46802722,99.88
"himalaya",9,46802731,99.88
"hoarseness",9,46802740,99.88
"hocked",9,46802749,99.88
"hollowness",9,46802758,99.88
"hollyhocks",9,46802767,99.88
"homecomings",9,46802776,99.88
"hoofed",9,46802785,99.88
"huffs",9,46802794,99.88
"hulling",9,46802803,99.88
"humanitarians",9,46802812,99.88
"husked",9,46802821,99.88
"hydraulically",9,46802830,99.88
"hydrometer",9,46802839,99.88
"icelander",9,46802848,99.88
"idler",9,46802857,99.88
"illumined",9,46802866,99.88
"illus",9,46802875,99.88
"immobilize",9,46802884,99.88
"implausibly",9,46802893,99.88
"imprecision",9,46802902,99.88
"improvidence",9,46802911,99.88
"impulsiveness",9,46802920,99.88
"inchon",9,46802929,99.88
"incidentals",9,46802938,99.88
"incinerating",9,46802947,99.88
"incised",9,46802956,99.88
"incomparably",9,46802965,99.88
"incongruities",9,46802974,99.88
"inconspicuously",9,46802983,99.88
"indemnification",9,46802992,99.88
"indents",9,46803001,99.88
"indolence",9,46803010,99.88
"industriously",9,46803019,99.88
"infiltrators",9,46803028,99.88
"infinitives",9,46803037,99.88
"ingratitude",9,46803046,99.88
"inshore",9,46803055,99.88
"insubordinate",9,46803064,99.88
"insurances",9,46803073,99.88
"insureds",9,46803082,99.88
"intaglio",9,46803091,99.88
"interactively",9,46803100,99.88
"interjections",9,46803109,99.88
"interlocks",9,46803118,99.88
"intermarried",9,46803127,99.88
"internals",9,46803136,99.88
"interrogates",9,46803145,99.88
"involvements",9,46803154,99.88
"iridescence",9,46803163,99.88
"irradiation",9,46803172,99.88
"irredeemable",9,46803181,99.88
"italic",9,46803190,99.88
"iterated",9,46803199,99.88
"izmir",9,46803208,99.88
"jabbers",9,46803217,99.88
"jilin",9,46803226,99.88
"jingled",9,46803235,99.88
"jinxes",9,46803244,99.88
"jobbed",9,46803253,99.88
"jumbos",9,46803262,99.88
"junks",9,46803271,99.88
"kafkaesque",9,46803280,99.88
"kalb",9,46803289,99.88
"keels",9,46803298,99.88
"kempis",9,46803307,99.88
"knuth",9,46803316,99.88
"laddies",9,46803325,99.88
"laggards",9,46803334,99.88
"lambasting",9,46803343,99.88
"lamely",9,46803352,99.88
"lamentably",9,46803361,99.88
"lampoons",9,46803370,99.88
"lapland",9,46803379,99.88
"larded",9,46803388,99.88
"larges",9,46803397,99.88
"laudatory",9,46803406,99.88
"laundries",9,46803415,99.88
"laval",9,46803424,99.88
"layette",9,46803433,99.88
"laypeople",9,46803442,99.88
"leadbelly",9,46803451,99.88
"lesa",9,46803460,99.88
"liaise",9,46803469,99.88
"liberalizing",9,46803478,99.88
"libreoffice",9,46803487,99.88
"licentious",9,46803496,99.88
"lilliputian",9,46803505,99.88
"limeades",9,46803514,99.88
"limoges",9,46803523,99.88
"liquidations",9,46803532,99.88
"litanies",9,46803541,99.88
"litchi",9,46803550,99.88
"locavores",9,46803559,99.88
"logon",9,46803568,99.88
"loiterers",9,46803577,99.88
"loosest",9,46803586,99.88
"loped",9,46803595,99.88
"lorded",9,46803604,99.88
"loudmouths",9,46803613,99.88
"loutish",9,46803622,99.88
"lowliest",9,46803631,99.88
"lpn",9,46803640,99.88
"lugubrious",9,46803649,99.88
"lumberyard",9,46803658,99.88
"lunchtimes",9,46803667,99.88
"lusciously",9,46803676,99.88
"lutes",9,46803685,99.88
"macedon",9,46803694,99.88
"macedonians",9,46803703,99.88
"madagascan",9,46803712,99.88
"mafioso",9,46803721,99.88
"magellanic",9,46803730,99.88
"magics",9,46803739,99.88
"magnanimity",9,46803748,99.88
"magnums",9,46803757,99.88
"malarial",9,46803766,99.88
"malayalam",9,46803775,99.88
"malignancies",9,46803784,99.88
"malthusian",9,46803793,99.88
"mandolins",9,46803802,99.88
"marcelino",9,46803811,99.88
"masquerades",9,46803820,99.88
"massenet",9,46803829,99.88
"masturbates",9,46803838,99.88
"matchmakers",9,46803847,99.88
"mattering",9,46803856,99.88
"maximization",9,46803865,99.88
"mayas",9,46803874,99.88
"melanomas",9,46803883,99.88
"menhaden",9,46803892,99.88
"mervin",9,46803901,99.88
"metabolizing",9,46803910,99.88
"metrical",9,46803919,99.88
"mewing",9,46803928,99.88
"millikan",9,46803937,99.88
"millipedes",9,46803946,99.88
"miltown",9,46803955,99.88
"minsk",9,46803964,99.88
"mips",9,46803973,99.88
"misinform",9,46803982,99.88
"misrule",9,46803991,99.88
"mitigates",9,46804000,99.88
"modulate",9,46804009,99.88
"modulator",9,46804018,99.88
"moire",9,46804027,99.88
"moister",9,46804036,99.88
"mollified",9,46804045,99.88
"mollify",9,46804054,99.88
"monosyllabic",9,46804063,99.88
"monotonic",9,46804072,99.88
"morison",9,46804081,99.88
"moroni",9,46804090,99.88
"moseyed",9,46804099,99.88
"mothball",9,46804108,99.88
"motorcars",9,46804117,99.88
"mounding",9,46804126,99.88
"mountings",9,46804135,99.88
"mouser",9,46804144,99.88
"muddies",9,46804153,99.88
"multipliers",9,46804162,99.88
"multivitamins",9,46804171,99.88
"mutability",9,46804180,99.88
"mystifies",9,46804189,99.88
"nahuatl",9,46804198,99.88
"namesakes",9,46804207,99.88
"narrations",9,46804216,99.88
"nathans",9,46804225,99.88
"nauseatingly",9,46804234,99.88
"nearsighted",9,46804243,99.88
"nebraskan",9,46804252,99.88
"nefertiti",9,46804261,99.88
"negligee",9,46804270,99.88
"neighborliness",9,46804279,99.88
"nestles",9,46804288,99.88
"newtonian",9,46804297,99.88
"nickles",9,46804306,99.88
"ninny",9,46804315,99.88
"nonfatal",9,46804324,99.88
"nonpareil",9,46804333,99.88
"nonprescription",9,46804342,99.88
"nonproductive",9,46804351,99.88
"noonday",9,46804360,99.88
"noshes",9,46804369,99.88
"nostrum",9,46804378,99.88
"notional",9,46804387,99.88
"noway",9,46804396,99.88
"numbly",9,46804405,99.88
"obdurate",9,46804414,99.88
"oblate",9,46804423,99.88
"obligating",9,46804432,99.88
"obliques",9,46804441,99.88
"obstinately",9,46804450,99.88
"oceanographic",9,46804459,99.88
"octogenarians",9,46804468,99.88
"omegas",9,46804477,99.88
"optimizes",9,46804486,99.88
"orations",9,46804495,99.88
"oscillates",9,46804504,99.88
"oscillators",9,46804513,99.88
"ossified",9,46804522,99.88
"outsmarted",9,46804531,99.88
"outsmarting",9,46804540,99.88
"overbite",9,46804549,99.88
"overindulged",9,46804558,99.88
"overplay",9,46804567,99.88
"overproduction",9,46804576,99.88
"overrate",9,46804585,99.88
"oversleeping",9,46804594,99.88
"ovulate",9,46804603,99.88
"paleontologists",9,46804612,99.88
"pandemics",9,46804621,99.88
"pantaloons",9,46804630,99.88
"pantheistic",9,46804639,99.88
"pantie",9,46804648,99.88
"papayas",9,46804657,99.88
"parapets",9,46804666,99.88
"pares",9,46804675,99.88
"parkman",9,46804684,99.88
"pawnbroker",9,46804693,99.88
"penciling",9,46804702,99.88
"pentateuch",9,46804711,99.88
"pepperonis",9,46804720,99.88
"percolated",9,46804729,99.88
"perforation",9,46804738,99.88
"perplex",9,46804747,99.88
"perplexes",9,46804756,99.88
"perspire",9,46804765,99.88
"petering",9,46804774,99.88
"petrochemicals",9,46804783,99.88
"petulance",9,46804792,99.88
"phished",9,46804801,99.88
"phobos",9,46804810,99.88
"phonology",9,46804819,99.88
"photographically",9,46804828,99.88
"physic",9,46804837,99.88
"pigged",9,46804846,99.88
"pilfer",9,46804855,99.88
"pilling",9,46804864,99.88
"pinheads",9,46804873,99.88
"pinpoints",9,46804882,99.88
"piquancy",9,46804891,99.88
"placentas",9,46804900,99.88
"placers",9,46804909,99.88
"playrooms",9,46804918,99.88
"pleasured",9,46804927,99.88
"plonked",9,46804936,99.88
"polarize",9,46804945,99.88
"polygon",9,46804954,99.88
"polynesians",9,46804963,99.88
"pompously",9,46804972,99.88
"pontchartrain",9,46804981,99.88
"poplars",9,46804990,99.88
"possessiveness",9,46804999,99.88
"postmistress",9,46805008,99.88
"postulating",9,46805017,99.88
"potbellied",9,46805026,99.88
"potentialities",9,46805035,99.88
"pragmatics",9,46805044,99.88
"prances",9,46805053,99.88
"precipitates",9,46805062,99.88
"predominates",9,46805071,99.88
"preeminence",9,46805080,99.88
"presidencies",9,46805089,99.88
"prettying",9,46805098,99.88
"pries",9,46805107,99.88
"privateers",9,46805116,99.88
"procreating",9,46805125,99.88
"procreative",9,46805134,99.88
"proficiently",9,46805143,99.88
"prognosticator",9,46805152,99.88
"prologues",9,46805161,99.88
"pronghorn",9,46805170,99.88
"prorate",9,46805179,99.88
"prosecutes",9,46805188,99.88
"prosody",9,46805197,99.88
"prostituting",9,46805206,99.88
"providential",9,46805215,99.88
"psychoanalysts",9,46805224,99.88
"psychoanalyze",9,46805233,99.88
"puller",9,46805242,99.88
"pullers",9,46805251,99.88
"purchasable",9,46805260,99.88
"purifiers",9,46805269,99.88
"pursuer",9,46805278,99.88
"pustules",9,46805287,99.88
"pyrite",9,46805296,99.88
"pyromaniac",9,46805305,99.88
"pythagorean",9,46805314,99.88
"qom",9,46805323,99.88
"quaintly",9,46805332,99.88
"quarreled",9,46805341,99.88
"quatrains",9,46805350,99.88
"quavering",9,46805359,99.88
"quays",9,46805368,99.88
"queerness",9,46805377,99.88
"questioningly",9,46805386,99.88
"quetzalcoatl",9,46805395,99.88
"quintilian",9,46805404,99.88
"ragweed",9,46805413,99.88
"raiment",9,46805422,99.88
"rainmakers",9,46805431,99.88
"rankle",9,46805440,99.88
"ransack",9,46805449,99.88
"rasped",9,46805458,99.88
"ravening",9,46805467,99.88
"reactivating",9,46805476,99.88
"readout",9,46805485,99.88
"reallocation",9,46805494,99.88
"rearranges",9,46805503,99.88
"reasoner",9,46805512,99.88
"reassign",9,46805521,99.88
"recapitulation",9,46805530,99.88
"receptivity",9,46805539,99.88
"recuperated",9,46805548,99.88
"recurred",9,46805557,99.88
"recursion",9,46805566,99.88
"redeployed",9,46805575,99.88
"redraft",9,46805584,99.88
"redrafting",9,46805593,99.88
"reemerged",9,46805602,99.88
"reexamined",9,46805611,99.88
"reformatting",9,46805620,99.88
"reformulate",9,46805629,99.88
"regales",9,46805638,99.88
"regally",9,46805647,99.88
"reissuing",9,46805656,99.88
"relinquishes",9,46805665,99.88
"reloads",9,46805674,99.88
"remount",9,46805683,99.88
"repeaters",9,46805692,99.88
"replicator",9,46805701,99.88
"restatement",9,46805710,99.88
"restates",9,46805719,99.88
"retells",9,46805728,99.88
"retractions",9,46805737,99.88
"reupholster",9,46805746,99.88
"reva",9,46805755,99.88
"reveille",9,46805764,99.88
"reveries",9,46805773,99.88
"revile",9,46805782,99.88
"rids",9,46805791,99.88
"righter",9,46805800,99.88
"riverbeds",9,46805809,99.88
"robespierre",9,46805818,99.88
"rodrick",9,46805827,99.88
"rogelio",9,46805836,99.88
"rompers",9,46805845,99.88
"rookery",9,46805854,99.88
"rosebushes",9,46805863,99.88
"rostrum",9,46805872,99.88
"rottenness",9,46805881,99.88
"roughnecks",9,46805890,99.88
"rowdier",9,46805899,99.88
"rowdiness",9,46805908,99.88
"rubdown",9,46805917,99.88
"ruffians",9,46805926,99.88
"rugrat",9,46805935,99.88
"runnier",9,46805944,99.88
"rwandans",9,46805953,99.88
"saddlebag",9,46805962,99.88
"sadists",9,46805971,99.88
"saladin",9,46805980,99.88
"salubrious",9,46805989,99.88
"salvadorian",9,46805998,99.88
"sandcastles",9,46806007,99.88
"sappho",9,46806016,99.88
"satirists",9,46806025,99.88
"savviest",9,46806034,99.88
"sawmills",9,46806043,99.88
"saxes",9,46806052,99.88
"saxophonists",9,46806061,99.88
"schoolmaster",9,46806070,99.88
"scotches",9,46806079,99.88
"scourges",9,46806088,99.88
"scrimped",9,46806097,99.88
"scrubbers",9,46806106,99.88
"scuffing",9,46806115,99.88
"scuzzy",9,46806124,99.88
"seasickness",9,46806133,99.88
"secondarily",9,46806142,99.88
"semicolons",9,46806151,99.88
"semiprecious",9,46806160,99.88
"senselessness",9,46806169,99.88
"severances",9,46806178,99.89
"shagged",9,46806187,99.89
"shallowest",9,46806196,99.89
"sharpshooters",9,46806205,99.89
"sheepdogs",9,46806214,99.89
"shiitakes",9,46806223,99.89
"shininess",9,46806232,99.89
"shirting",9,46806241,99.89
"shrikes",9,46806250,99.89
"shrivels",9,46806259,99.89
"silkworms",9,46806268,99.89
"situate",9,46806277,99.89
"sixths",9,46806286,99.89
"skimped",9,46806295,99.89
"skulduggery",9,46806304,99.89
"skydivers",9,46806313,99.89
"sleaziest",9,46806322,99.89
"sledgehammers",9,46806331,99.89
"sleepwalkers",9,46806340,99.89
"sleepyhead",9,46806349,99.89
"slickest",9,46806358,99.89
"slingshots",9,46806367,99.89
"slumbered",9,46806376,99.89
"slurps",9,46806385,99.89
"smiting",9,46806394,99.89
"snaky",9,46806403,99.89
"snappier",9,46806412,99.89
"sniffled",9,46806421,99.89
"snit",9,46806430,99.89
"snoot",9,46806439,99.89
"snowiest",9,46806448,99.89
"snuffling",9,46806457,99.89
"soaping",9,46806466,99.89
"sociability",9,46806475,99.89
"softeners",9,46806484,99.89
"somnolent",9,46806493,99.89
"sonority",9,46806502,99.89
"sopwith",9,46806511,99.89
"sots",9,46806520,99.89
"spareribs",9,46806529,99.89
"spars",9,46806538,99.89
"speedboats",9,46806547,99.89
"spiciest",9,46806556,99.89
"spillways",9,46806565,99.89
"spluttered",9,46806574,99.89
"sportier",9,46806583,99.89
"sportscast",9,46806592,99.89
"sprayers",9,46806601,99.89
"spreaders",9,46806610,99.89
"stereophonic",9,46806619,99.89
"stowing",9,46806628,99.89
"straggling",9,46806637,99.89
"straightaways",9,46806646,99.89
"strewing",9,46806655,99.89
"strums",9,46806664,99.89
"stuffiness",9,46806673,99.89
"sublimated",9,46806682,99.89
"sublimity",9,46806691,99.89
"subtotal",9,46806700,99.89
"succulence",9,46806709,99.89
"suffragette",9,46806718,99.89
"suffragettes",9,46806727,99.89
"sugarcoating",9,46806736,99.89
"sukiyaki",9,46806745,99.89
"sulla",9,46806754,99.89
"sullenly",9,46806763,99.89
"sullying",9,46806772,99.89
"supercharger",9,46806781,99.89
"supine",9,46806790,99.89
"supping",9,46806799,99.89
"surmises",9,46806808,99.89
"suspender",9,46806817,99.89
"swankiest",9,46806826,99.89
"sweetmeats",9,46806835,99.89
"synchronizing",9,46806844,99.89
"sysadmin",9,46806853,99.89
"tackiness",9,46806862,99.89
"tailgated",9,46806871,99.89
"tames",9,46806880,99.89
"tampax",9,46806889,99.89
"tanager",9,46806898,99.89
"tass",9,46806907,99.89
"taxied",9,46806916,99.89
"tediously",9,46806925,99.89
"teems",9,46806934,99.89
"teetotal",9,46806943,99.89
"telecommuter",9,46806952,99.89
"telecommuters",9,46806961,99.89
"televises",9,46806970,99.89
"tempera",9,46806979,99.89
"tenuously",9,46806988,99.89
"tenures",9,46806997,99.89
"textually",9,46807006,99.89
"theorizes",9,46807015,99.89
"thorazine",9,46807024,99.89
"thorium",9,46807033,99.89
"thunderclap",9,46807042,99.89
"tiresomely",9,46807051,99.89
"titillate",9,46807060,99.89
"tolerances",9,46807069,99.89
"tooted",9,46807078,99.89
"toreador",9,46807087,99.89
"torpedoing",9,46807096,99.89
"touristic",9,46807105,99.89
"tradesman",9,46807114,99.89
"transitive",9,46807123,99.89
"transportable",9,46807132,99.89
"tremolo",9,46807141,99.89
"tribesman",9,46807150,99.89
"troglodytes",9,46807159,99.89
"trouncing",9,46807168,99.89
"tubed",9,46807177,99.89
"tuberous",9,46807186,99.89
"tussles",9,46807195,99.89
"twangs",9,46807204,99.89
"umlaut",9,46807213,99.89
"unapproachable",9,46807222,99.89
"unbuckle",9,46807231,99.89
"uncultivated",9,46807240,99.89
"underarm",9,46807249,99.89
"undersold",9,46807258,99.89
"undervaluing",9,46807267,99.89
"underwrites",9,46807276,99.89
"underwrote",9,46807285,99.89
"ungracious",9,46807294,99.89
"unhinge",9,46807303,99.89
"uninformative",9,46807312,99.89
"unionizing",9,46807321,99.89
"unlearned",9,46807330,99.89
"unmerciful",9,46807339,99.89
"unobserved",9,46807348,99.89
"unpromising",9,46807357,99.89
"unrepresentative",9,46807366,99.89
"unseal",9,46807375,99.89
"unspecific",9,46807384,99.89
"unworldly",9,46807393,99.89
"uselessly",9,46807402,99.89
"usurious",9,46807411,99.89
"valletta",9,46807420,99.89
"vandalize",9,46807429,99.89
"veining",9,46807438,99.89
"veld",9,46807447,99.89
"vendettas",9,46807456,99.89
"venezuelans",9,46807465,99.89
"ventilators",9,46807474,99.89
"venusian",9,46807483,99.89
"verandas",9,46807492,99.89
"vicars",9,46807501,99.89
"vichyssoise",9,46807510,99.89
"vila",9,46807519,99.89
"vilest",9,46807528,99.89
"viol",9,46807537,99.89
"virtuously",9,46807546,99.89
"vouching",9,46807555,99.89
"wakeful",9,46807564,99.89
"wallpapering",9,46807573,99.89
"wanly",9,46807582,99.89
"warehoused",9,46807591,99.89
"wasters",9,46807600,99.89
"watchwords",9,46807609,99.89
"wayfaring",9,46807618,99.89
"weal",9,46807627,99.89
"weightlifter",9,46807636,99.89
"weirs",9,46807645,99.89
"welterweights",9,46807654,99.89
"wharves",9,46807663,99.89
"widowhood",9,46807672,99.89
"wilsonian",9,46807681,99.89
"windhoek",9,46807690,99.89
"windowpane",9,46807699,99.89
"wintered",9,46807708,99.89
"wisher",9,46807717,99.89
"wooding",9,46807726,99.89
"workhorses",9,46807735,99.89
"worsts",9,46807744,99.89
"worthily",9,46807753,99.89
"wrangles",9,46807762,99.89
"wretches",9,46807771,99.89
"xxvi",9,46807780,99.89
"ypres",9,46807789,99.89
"yugoslavian",9,46807798,99.89
"zachery",9,46807807,99.89
"zygote",9,46807816,99.89
"abased",8,46807824,99.89
"abortionists",8,46807832,99.89
"abscessed",8,46807840,99.89
"abscesses",8,46807848,99.89
"abstemious",8,46807856,99.89
"accrual",8,46807864,99.89
"acquisitive",8,46807872,99.89
"actualized",8,46807880,99.89
"acupuncturists",8,46807888,99.89
"adana",8,46807896,99.89
"aesthete",8,46807904,99.89
"afaik",8,46807912,99.89
"aftereffect",8,46807920,99.89
"aggravations",8,46807928,99.89
"airier",8,46807936,99.89
"alertly",8,46807944,99.89
"alienable",8,46807952,99.89
"alkali",8,46807960,99.89
"allaying",8,46807968,99.89
"alluvial",8,46807976,99.89
"altamira",8,46807984,99.89
"amniocentesis",8,46807992,99.89
"amphitheaters",8,46808000,99.89
"andorra",8,46808008,99.89
"animism",8,46808016,99.89
"antagonized",8,46808024,99.89
"antares",8,46808032,99.89
"anthropocentric",8,46808040,99.89
"anthropomorphism",8,46808048,99.89
"antihistamine",8,46808056,99.89
"antonym",8,46808064,99.89
"aped",8,46808072,99.89
"aperitifs",8,46808080,99.89
"apollonian",8,46808088,99.89
"apostates",8,46808096,99.89
"apse",8,46808104,99.89
"aquiline",8,46808112,99.89
"arachnids",8,46808120,99.89
"arboreal",8,46808128,99.89
"argot",8,46808136,99.89
"arianism",8,46808144,99.89
"armfuls",8,46808152,99.89
"arrangers",8,46808160,99.89
"arrowheads",8,46808168,99.89
"arroyos",8,46808176,99.89
"arthropods",8,46808184,99.89
"articulations",8,46808192,99.89
"asocial",8,46808200,99.89
"assails",8,46808208,99.89
"astonishes",8,46808216,99.89
"aswan",8,46808224,99.89
"athenians",8,46808232,99.89
"attributive",8,46808240,99.89
"atypically",8,46808248,99.89
"augur",8,46808256,99.89
"augurs",8,46808264,99.89
"aurally",8,46808272,99.89
"auxiliaries",8,46808280,99.89
"baath",8,46808288,99.89
"bacillus",8,46808296,99.89
"backbones",8,46808304,99.89
"backwash",8,46808312,99.89
"bakelite",8,46808320,99.89
"balladeer",8,46808328,99.89
"banisters",8,46808336,99.89
"banknote",8,46808344,99.89
"barer",8,46808352,99.89
"barometers",8,46808360,99.89
"bauxite",8,46808368,99.89
"bazillions",8,46808376,99.89
"beachcombers",8,46808384,99.89
"beatified",8,46808392,99.89
"beatniks",8,46808400,99.89
"beauticians",8,46808408,99.89
"beavering",8,46808416,99.89
"befuddling",8,46808424,99.89
"beholds",8,46808432,99.89
"bellyaching",8,46808440,99.89
"belshazzar",8,46808448,99.89
"bequests",8,46808456,99.89
"besmirched",8,46808464,99.89
"betelgeuse",8,46808472,99.89
"bewitch",8,46808480,99.89
"biathlon",8,46808488,99.89
"bickers",8,46808496,99.89
"bidden",8,46808504,99.89
"blackballed",8,46808512,99.89
"blatz",8,46808520,99.89
"bleated",8,46808528,99.89
"bleats",8,46808536,99.89
"bloodcurdling",8,46808544,99.89
"bloodier",8,46808552,99.89
"bombards",8,46808560,99.89
"bountifully",8,46808568,99.89
"braggart",8,46808576,99.89
"brawled",8,46808584,99.89
"brawlers",8,46808592,99.89
"breakfasting",8,46808600,99.89
"breastplates",8,46808608,99.89
"breathlessness",8,46808616,99.89
"broadsides",8,46808624,99.89
"brooded",8,46808632,99.89
"bucketful",8,46808640,99.89
"budded",8,46808648,99.89
"buffered",8,46808656,99.89
"bugler",8,46808664,99.89
"buglers",8,46808672,99.89
"bukhara",8,46808680,99.89
"bullfinch",8,46808688,99.89
"bumpier",8,46808696,99.89
"bumpkins",8,46808704,99.89
"burghers",8,46808712,99.89
"burnouts",8,46808720,99.89
"bursa",8,46808728,99.89
"byword",8,46808736,99.89
"cabarets",8,46808744,99.89
"caddied",8,46808752,99.89
"caftan",8,46808760,99.89
"cains",8,46808768,99.89
"calcified",8,46808776,99.89
"camerawoman",8,46808784,99.89
"camphor",8,46808792,99.89
"candelabras",8,46808800,99.89
"candling",8,46808808,99.89
"capering",8,46808816,99.89
"capetown",8,46808824,99.89
"captivation",8,46808832,99.89
"carbines",8,46808840,99.89
"caries",8,46808848,99.89
"carjack",8,46808856,99.89
"carjackers",8,46808864,99.89
"carouse",8,46808872,99.89
"casework",8,46808880,99.89
"castoff",8,46808888,99.89
"casualness",8,46808896,99.89
"cataclysms",8,46808904,99.89
"catcall",8,46808912,99.89
"categorizes",8,46808920,99.89
"catnap",8,46808928,99.89
"cattiness",8,46808936,99.89
"cauldrons",8,46808944,99.89
"caws",8,46808952,99.89
"cellini",8,46808960,99.89
"ceremonious",8,46808968,99.89
"cerise",8,46808976,99.89
"cetacean",8,46808984,99.89
"charmin",8,46808992,99.89
"chemise",8,46809000,99.89
"chewers",8,46809008,99.89
"chickening",8,46809016,99.89
"chigger",8,46809024,99.89
"childlessness",8,46809032,99.89
"chiseling",8,46809040,99.89
"chomper",8,46809048,99.89
"chomps",8,46809056,99.89
"christenings",8,46809064,99.89
"ciphers",8,46809072,99.89
"circumcise",8,46809080,99.89
"cleaving",8,46809088,99.89
"climaxing",8,46809096,99.89
"closeouts",8,46809104,99.89
"clucks",8,46809112,99.89
"coagulated",8,46809120,99.89
"cochabamba",8,46809128,99.89
"codices",8,46809136,99.89
"cogently",8,46809144,99.89
"coiling",8,46809152,99.89
"colanders",8,46809160,99.89
"colonialists",8,46809168,99.89
"colossally",8,46809176,99.89
"columned",8,46809184,99.89
"comfiest",8,46809192,99.89
"commingle",8,46809200,99.89
"commingling",8,46809208,99.89
"commodious",8,46809216,99.89
"commotions",8,46809224,99.89
"communicant",8,46809232,99.89
"compactly",8,46809240,99.89
"compilers",8,46809248,99.89
"conceptualization",8,46809256,99.89
"confirmatory",8,46809264,99.89
"congealing",8,46809272,99.89
"congruence",8,46809280,99.89
"conk",8,46809288,99.89
"connivance",8,46809296,99.89
"consciousnesses",8,46809304,99.89
"conscript",8,46809312,99.89
"continentals",8,46809320,99.89
"contorts",8,46809328,99.89
"contravene",8,46809336,99.89
"contravened",8,46809344,99.89
"conventionality",8,46809352,99.89
"coppertone",8,46809360,99.89
"corniest",8,46809368,99.89
"cornwallis",8,46809376,99.89
"corruptly",8,46809384,99.89
"cosigned",8,46809392,99.89
"cosmologist",8,46809400,99.89
"cosponsors",8,46809408,99.89
"councilwomen",8,46809416,99.89
"counterattacks",8,46809424,99.89
"cowers",8,46809432,99.89
"cowls",8,46809440,99.89
"crating",8,46809448,99.89
"cravat",8,46809456,99.89
"cretins",8,46809464,99.89
"criminologists",8,46809472,99.89
"crisscrosses",8,46809480,99.89
"crowdfund",8,46809488,99.89
"cruder",8,46809496,99.89
"crudity",8,46809504,99.89
"crullers",8,46809512,99.89
"crumples",8,46809520,99.89
"cubits",8,46809528,99.89
"cuckolded",8,46809536,99.89
"culturing",8,46809544,99.89
"culverts",8,46809552,99.89
"cupidity",8,46809560,99.89
"curlicues",8,46809568,99.89
"curlier",8,46809576,99.89
"cybernetics",8,46809584,99.89
"czechoslovakian",8,46809592,99.89
"dallied",8,46809600,99.89
"damnable",8,46809608,99.89
"dankness",8,46809616,99.89
"dawdled",8,46809624,99.89
"daybeds",8,46809632,99.89
"deaden",8,46809640,99.89
"deafened",8,46809648,99.89
"debasement",8,46809656,99.89
"debilitation",8,46809664,99.89
"declassify",8,46809672,99.89
"decommission",8,46809680,99.89
"decorous",8,46809688,99.89
"decreeing",8,46809696,99.89
"deepness",8,46809704,99.89
"defecation",8,46809712,99.89
"defilement",8,46809720,99.89
"deforested",8,46809728,99.89
"demoed",8,46809736,99.89
"demoralization",8,46809744,99.89
"demur",8,46809752,99.89
"denigrates",8,46809760,99.89
"depredations",8,46809768,99.89
"derelicts",8,46809776,99.89
"derides",8,46809784,99.89
"describable",8,46809792,99.89
"desdemona",8,46809800,99.89
"deserter",8,46809808,99.89
"despoil",8,46809816,99.89
"diabolically",8,46809824,99.89
"diagrammed",8,46809832,99.89
"dills",8,46809840,99.89
"dimwits",8,46809848,99.89
"direst",8,46809856,99.89
"disarms",8,46809864,99.89
"disassembling",8,46809872,99.89
"disburse",8,46809880,99.89
"discontinuation",8,46809888,99.89
"discontinuous",8,46809896,99.89
"discussant",8,46809904,99.89
"disdainfully",8,46809912,99.89
"disgorged",8,46809920,99.89
"disgracing",8,46809928,99.89
"dislocate",8,46809936,99.89
"disobeys",8,46809944,99.89
"displease",8,46809952,99.89
"displeases",8,46809960,99.89
"disrobing",8,46809968,99.89
"distantly",8,46809976,99.89
"distillate",8,46809984,99.89
"divined",8,46809992,99.89
"djibouti",8,46810000,99.89
"doggedness",8,46810008,99.89
"dolloped",8,46810016,99.89
"dominantly",8,46810024,99.89
"dotes",8,46810032,99.89
"douses",8,46810040,99.89
"doxology",8,46810048,99.89
"drawled",8,46810056,99.89
"drawstrings",8,46810064,99.89
"dressmakers",8,46810072,99.89
"droppers",8,46810080,99.89
"dukedom",8,46810088,99.89
"dyers",8,46810096,99.89
"dyspeptic",8,46810104,99.89
"earthwork",8,46810112,99.89
"earwax",8,46810120,99.89
"earwig",8,46810128,99.89
"easels",8,46810136,99.89
"econometric",8,46810144,99.89
"edda",8,46810152,99.89
"edgiest",8,46810160,99.89
"effectually",8,46810168,99.89
"elapse",8,46810176,99.89
"electorates",8,46810184,99.89
"elocution",8,46810192,99.89
"elongating",8,46810200,99.89
"elva",8,46810208,99.89
"embalm",8,46810216,99.89
"emboldens",8,46810224,99.89
"embryology",8,46810232,99.89
"emulsify",8,46810240,99.89
"encamped",8,46810248,99.89
"encapsulating",8,46810256,99.89
"encroachments",8,46810264,99.89
"encyclical",8,46810272,99.89
"endowing",8,46810280,99.89
"ennobling",8,46810288,99.89
"enshrouded",8,46810296,99.89
"entailing",8,46810304,99.89
"entente",8,46810312,99.89
"entrusts",8,46810320,99.89
"ephesian",8,46810328,99.89
"epigrams",8,46810336,99.89
"erector",8,46810344,99.89
"espied",8,46810352,99.89
"etna",8,46810360,99.89
"evades",8,46810368,99.89
"evince",8,46810376,99.89
"excommunicate",8,46810384,99.89
"executable",8,46810392,99.89
"exoplanets",8,46810400,99.89
"exorbitantly",8,46810408,99.89
"expels",8,46810416,99.89
"expunge",8,46810424,99.89
"extroversion",8,46810432,99.89
"fallowed",8,46810440,99.89
"falseness",8,46810448,99.89
"falsifications",8,46810456,99.89
"falsity",8,46810464,99.89
"familiarly",8,46810472,99.89
"farmhands",8,46810480,99.89
"fauntleroy",8,46810488,99.89
"fecund",8,46810496,99.89
"feebleness",8,46810504,99.89
"fetishist",8,46810512,99.89
"fibber",8,46810520,99.89
"figureheads",8,46810528,99.89
"filibustering",8,46810536,99.89
"finessed",8,46810544,99.89
"finny",8,46810552,99.89
"fishbowls",8,46810560,99.89
"fixity",8,46810568,99.89
"flashbulb",8,46810576,99.89
"flashiness",8,46810584,99.89
"flatted",8,46810592,99.89
"flattest",8,46810600,99.89
"flaxen",8,46810608,99.89
"flipflop",8,46810616,99.89
"floozies",8,46810624,99.89
"flowchart",8,46810632,99.89
"fluffs",8,46810640,99.89
"footnoted",8,46810648,99.89
"forbears",8,46810656,99.89
"forceps",8,46810664,99.89
"foregrounds",8,46810672,99.89
"forestalled",8,46810680,99.89
"foretells",8,46810688,99.89
"formulates",8,46810696,99.89
"fortaleza",8,46810704,99.89
"forthrightly",8,46810712,99.89
"foundling",8,46810720,99.89
"founds",8,46810728,99.89
"foxholes",8,46810736,99.89
"fredericton",8,46810744,99.89
"fricassee",8,46810752,99.89
"frigidaire",8,46810760,99.89
"fukuyama",8,46810768,99.89
"fulling",8,46810776,99.89
"fungicides",8,46810784,99.89
"fusillade",8,46810792,99.89
"fusses",8,46810800,99.89
"fuzziness",8,46810808,99.89
"gaffs",8,46810816,99.89
"gaiter",8,46810824,99.89
"gamekeeper",8,46810832,99.89
"gangrenous",8,46810840,99.89
"gannets",8,46810848,99.89
"ganymede",8,46810856,99.89
"gastronomical",8,46810864,99.9
"gavotte",8,46810872,99.9
"gazetted",8,46810880,99.9
"genuflect",8,46810888,99.9
"geographers",8,46810896,99.9
"geometrically",8,46810904,99.9
"germinal",8,46810912,99.9
"gesticulations",8,46810920,99.9
"gigabit",8,46810928,99.9
"globular",8,46810936,99.9
"gloried",8,46810944,99.9
"gluttons",8,46810952,99.9
"godparents",8,46810960,99.9
"goiter",8,46810968,99.9
"goners",8,46810976,99.9
"grable",8,46810984,99.9
"grackles",8,46810992,99.9
"grandfathering",8,46811000,99.9
"granularity",8,46811008,99.9
"greasepaint",8,46811016,99.9
"greasiness",8,46811024,99.9
"groins",8,46811032,99.9
"grouches",8,46811040,99.9
"grumpily",8,46811048,99.9
"guarantors",8,46811056,99.9
"guffawed",8,46811064,99.9
"gurgled",8,46811072,99.9
"gusted",8,46811080,99.9
"gwalior",8,46811088,99.9
"gypped",8,46811096,99.9
"habituation",8,46811104,99.9
"haggled",8,46811112,99.9
"hairlines",8,46811120,99.9
"hairnet",8,46811128,99.9
"halloweens",8,46811136,99.9
"hallucinates",8,46811144,99.9
"hammerheads",8,46811152,99.9
"handmaiden",8,46811160,99.9
"handsomer",8,46811168,99.9
"handsprings",8,46811176,99.9
"harangue",8,46811184,99.9
"harasses",8,46811192,99.9
"harlequins",8,46811200,99.9
"haughtiness",8,46811208,99.9
"hearkening",8,46811216,99.9
"heedlessly",8,46811224,99.9
"heehaw",8,46811232,99.9
"hefting",8,46811240,99.9
"henpecked",8,46811248,99.9
"heritages",8,46811256,99.9
"hickeys",8,46811264,99.9
"hideousness",8,46811272,99.9
"hobgoblins",8,46811280,99.9
"hobnob",8,46811288,99.9
"hobnobbed",8,46811296,99.9
"hogans",8,46811304,99.9
"homonyms",8,46811312,99.9
"homophone",8,46811320,99.9
"honorifics",8,46811328,99.9
"hooke",8,46811336,99.9
"hoovers",8,46811344,99.9
"humanization",8,46811352,99.9
"humpbacks",8,46811360,99.9
"hungered",8,46811368,99.9
"hyperventilated",8,46811376,99.9
"hypothalamus",8,46811384,99.9
"iblis",8,46811392,99.9
"icily",8,46811400,99.9
"idiosyncrasy",8,46811408,99.9
"immodesty",8,46811416,99.9
"immolate",8,46811424,99.9
"impeaching",8,46811432,99.9
"impermanent",8,46811440,99.9
"impersonated",8,46811448,99.9
"impingement",8,46811456,99.9
"impounding",8,46811464,99.9
"incompetents",8,46811472,99.9
"inconceivably",8,46811480,99.9
"incontestable",8,46811488,99.9
"inculcated",8,46811496,99.9
"indigestible",8,46811504,99.9
"indiscreet",8,46811512,99.9
"indisposed",8,46811520,99.9
"inefficiently",8,46811528,99.9
"inelegantly",8,46811536,99.9
"ineluctable",8,46811544,99.9
"infatuations",8,46811552,99.9
"infers",8,46811560,99.9
"ingots",8,46811568,99.9
"ingrate",8,46811576,99.9
"inheritors",8,46811584,99.9
"inkwell",8,46811592,99.9
"innovates",8,46811600,99.9
"insatiably",8,46811608,99.9
"inseam",8,46811616,99.9
"insouciant",8,46811624,99.9
"instants",8,46811632,99.9
"instep",8,46811640,99.9
"intercessor",8,46811648,99.9
"interconnecting",8,46811656,99.9
"interconnections",8,46811664,99.9
"interspersing",8,46811672,99.9
"intimacies",8,46811680,99.9
"intone",8,46811688,99.9
"inverting",8,46811696,99.9
"ironical",8,46811704,99.9
"irrelevancy",8,46811712,99.9
"jackknifed",8,46811720,99.9
"jalopy",8,46811728,99.9
"janell",8,46811736,99.9
"jangled",8,46811744,99.9
"javelins",8,46811752,99.9
"jefferey",8,46811760,99.9
"jehoshaphat",8,46811768,99.9
"jerald",8,46811776,99.9
"jerri",8,46811784,99.9
"jesting",8,46811792,99.9
"jests",8,46811800,99.9
"jigged",8,46811808,99.9
"jobbers",8,46811816,99.9
"jocularity",8,46811824,99.9
"jolson",8,46811832,99.9
"joshing",8,46811840,99.9
"jots",8,46811848,99.9
"jottings",8,46811856,99.9
"joycean",8,46811864,99.9
"jubal",8,46811872,99.9
"juicers",8,46811880,99.9
"jujube",8,46811888,99.9
"jutted",8,46811896,99.9
"kamchatka",8,46811904,99.9
"kawabata",8,46811912,99.9
"kazantzakis",8,46811920,99.9
"keven",8,46811928,99.9
"kigali",8,46811936,99.9
"killdeer",8,46811944,99.9
"knapsack",8,46811952,99.9
"koestler",8,46811960,99.9
"labradors",8,46811968,99.9
"ladling",8,46811976,99.9
"ladybirds",8,46811984,99.9
"lambkins",8,46811992,99.9
"lambskin",8,46812000,99.9
"lances",8,46812008,99.9
"larousse",8,46812016,99.9
"latasha",8,46812024,99.9
"lavern",8,46812032,99.9
"leafleting",8,46812040,99.9
"leeching",8,46812048,99.9
"leitmotif",8,46812056,99.9
"leninism",8,46812064,99.9
"leola",8,46812072,99.9
"levelheaded",8,46812080,99.9
"levering",8,46812088,99.9
"levitated",8,46812096,99.9
"liaising",8,46812104,99.9
"licentiousness",8,46812112,99.9
"lifespans",8,46812120,99.9
"lightheartedly",8,46812128,99.9
"lightnings",8,46812136,99.9
"limply",8,46812144,99.9
"liquefaction",8,46812152,99.9
"lithuanians",8,46812160,99.9
"livy",8,46812168,99.9
"ljubljana",8,46812176,99.9
"loafed",8,46812184,99.9
"loganberry",8,46812192,99.9
"luminescence",8,46812200,99.9
"lusciousness",8,46812208,99.9
"luxuriating",8,46812216,99.9
"macaws",8,46812224,99.9
"maced",8,46812232,99.9
"maddest",8,46812240,99.9
"mahfouz",8,46812248,99.9
"mainsail",8,46812256,99.9
"majorette",8,46812264,99.9
"malleability",8,46812272,99.9
"manacles",8,46812280,99.9
"managements",8,46812288,99.9
"maneuverable",8,46812296,99.9
"manfully",8,46812304,99.9
"manhandling",8,46812312,99.9
"mannerly",8,46812320,99.9
"manors",8,46812328,99.9
"mantels",8,46812336,99.9
"mantilla",8,46812344,99.9
"maputo",8,46812352,99.9
"marjory",8,46812360,99.9
"masterly",8,46812368,99.9
"masterstroke",8,46812376,99.9
"matchboxes",8,46812384,99.9
"materializing",8,46812392,99.9
"matriculate",8,46812400,99.9
"matriculated",8,46812408,99.9
"matrons",8,46812416,99.9
"mausoleums",8,46812424,99.9
"megalopolis",8,46812432,99.9
"mego",8,46812440,99.9
"mennen",8,46812448,99.9
"mergansers",8,46812456,99.9
"messiaen",8,46812464,99.9
"mfume",8,46812472,99.9
"microloan",8,46812480,99.9
"microscopy",8,46812488,99.9
"middlebrow",8,46812496,99.9
"miff",8,46812504,99.9
"migrates",8,46812512,99.9
"mildness",8,46812520,99.9
"mileposts",8,46812528,99.9
"milkmaid",8,46812536,99.9
"millenniums",8,46812544,99.9
"milliliters",8,46812552,99.9
"minolta",8,46812560,99.9
"misapplied",8,46812568,99.9
"miscasting",8,46812576,99.9
"misconstrue",8,46812584,99.9
"mismanage",8,46812592,99.9
"misogynists",8,46812600,99.9
"modifiable",8,46812608,99.9
"modulates",8,46812616,99.9
"modulations",8,46812624,99.9
"modulus",8,46812632,99.9
"moistening",8,46812640,99.9
"mollifying",8,46812648,99.9
"mongoloid",8,46812656,99.9
"monkeying",8,46812664,99.9
"moonshot",8,46812672,99.9
"moravia",8,46812680,99.9
"motes",8,46812688,99.9
"muckraking",8,46812696,99.9
"mucks",8,46812704,99.9
"multimillionaires",8,46812712,99.9
"multitudinous",8,46812720,99.9
"mummers",8,46812728,99.9
"murderess",8,46812736,99.9
"musters",8,46812744,99.9
"mystification",8,46812752,99.9
"nanook",8,46812760,99.9
"narc",8,46812768,99.9
"nasturtium",8,46812776,99.9
"nattily",8,46812784,99.9
"navels",8,46812792,99.9
"nebulae",8,46812800,99.9
"neurotransmitter",8,46812808,99.9
"neutrinos",8,46812816,99.9
"newsmen",8,46812824,99.9
"nexis",8,46812832,99.9
"nibbler",8,46812840,99.9
"nicking",8,46812848,99.9
"nihilists",8,46812856,99.9
"nonentity",8,46812864,99.9
"nonpareils",8,46812872,99.9
"nonsmoker",8,46812880,99.9
"nonvoting",8,46812888,99.9
"nooses",8,46812896,99.9
"noshed",8,46812904,99.9
"notaries",8,46812912,99.9
"nudists",8,46812920,99.9
"nutcrackers",8,46812928,99.9
"nutria",8,46812936,99.9
"nutted",8,46812944,99.9
"obstructionists",8,46812952,99.9
"ocher",8,46812960,99.9
"offhandedly",8,46812968,99.9
"ogled",8,46812976,99.9
"olav",8,46812984,99.9
"opalescent",8,46812992,99.9
"oran",8,46813000,99.9
"ordains",8,46813008,99.9
"ordinal",8,46813016,99.9
"ordinations",8,46813024,99.9
"organists",8,46813032,99.9
"outfoxed",8,46813040,99.9
"outpourings",8,46813048,99.9
"outraging",8,46813056,99.9
"outsell",8,46813064,99.9
"outselling",8,46813072,99.9
"outvoted",8,46813080,99.9
"overburden",8,46813088,99.9
"overcharges",8,46813096,99.9
"overemphasized",8,46813104,99.9
"overextend",8,46813112,99.9
"overextending",8,46813120,99.9
"overreaches",8,46813128,99.9
"overstates",8,46813136,99.9
"oxidize",8,46813144,99.9
"paar",8,46813152,99.9
"pacified",8,46813160,99.9
"pallbearer",8,46813168,99.9
"pankhurst",8,46813176,99.9
"pantheons",8,46813184,99.9
"pantomimed",8,46813192,99.9
"panza",8,46813200,99.9
"parachutist",8,46813208,99.9
"paraclete",8,46813216,99.9
"paradigmatic",8,46813224,99.9
"parallelogram",8,46813232,99.9
"pardoning",8,46813240,99.9
"pareto",8,46813248,99.9
"parsec",8,46813256,99.9
"partaken",8,46813264,99.9
"partakes",8,46813272,99.9
"partridges",8,46813280,99.9
"passionless",8,46813288,99.9
"paupers",8,46813296,99.9
"pawl",8,46813304,99.9
"peaces",8,46813312,99.9
"peccadilloes",8,46813320,99.9
"pecuniary",8,46813328,99.9
"penances",8,46813336,99.9
"pendent",8,46813344,99.9
"pendulums",8,46813352,99.9
"penetrative",8,46813360,99.9
"pensively",8,46813368,99.9
"pentecostals",8,46813376,99.9
"peonage",8,46813384,99.9
"peppermints",8,46813392,99.9
"pequot",8,46813400,99.9
"percents",8,46813408,99.9
"percolates",8,46813416,99.9
"perfecter",8,46813424,99.9
"perfidy",8,46813432,99.9
"permeability",8,46813440,99.9
"perpetuals",8,46813448,99.9
"personalizes",8,46813456,99.9
"personifying",8,46813464,99.9
"petrarch",8,46813472,99.9
"petulantly",8,46813480,99.9
"phalanges",8,46813488,99.9
"philologist",8,46813496,99.9
"philosophize",8,46813504,99.9
"phoniness",8,46813512,99.9
"pictorials",8,46813520,99.9
"piddle",8,46813528,99.9
"piercingly",8,46813536,99.9
"pimply",8,46813544,99.9
"pinkies",8,46813552,99.9
"pities",8,46813560,99.9
"placidly",8,46813568,99.9
"plaintively",8,46813576,99.9
"plaits",8,46813584,99.9
"plasticine",8,46813592,99.9
"platoons",8,46813600,99.9
"plebeian",8,46813608,99.9
"plenitude",8,46813616,99.9
"plumbs",8,46813624,99.9
"poetess",8,46813632,99.9
"poisonings",8,46813640,99.9
"polytheist",8,46813648,99.9
"poseur",8,46813656,99.9
"poseurs",8,46813664,99.9
"posteriors",8,46813672,99.9
"powhatan",8,46813680,99.9
"poznan",8,46813688,99.9
"preceptor",8,46813696,99.9
"preciously",8,46813704,99.9
"precluding",8,46813712,99.9
"predication",8,46813720,99.9
"prefixes",8,46813728,99.9
"presaged",8,46813736,99.9
"presages",8,46813744,99.9
"prettied",8,46813752,99.9
"primly",8,46813760,99.9
"priors",8,46813768,99.9
"privatizations",8,46813776,99.9
"procurator",8,46813784,99.9
"professorships",8,46813792,99.9
"prohibitionist",8,46813800,99.9
"prophetically",8,46813808,99.9
"prospectuses",8,46813816,99.9
"provincialism",8,46813824,99.9
"pullet",8,46813832,99.9
"pulsation",8,46813840,99.9
"pursuance",8,46813848,99.9
"pygmies",8,46813856,99.9
"quarrying",8,46813864,99.9
"quells",8,46813872,99.9
"quire",8,46813880,99.9
"radiantly",8,46813888,99.9
"randell",8,46813896,99.9
"rapscallion",8,46813904,99.9
"rathskeller",8,46813912,99.9
"ravenously",8,46813920,99.9
"ravishingly",8,46813928,99.9
"rayleigh",8,46813936,99.9
"raymundo",8,46813944,99.9
"reallocating",8,46813952,99.9
"reamed",8,46813960,99.9
"reasserts",8,46813968,99.9
"recife",8,46813976,99.9
"recitative",8,46813984,99.9
"recollecting",8,46813992,99.9
"reconstructs",8,46814000,99.9
"reconvening",8,46814008,99.9
"rededicated",8,46814016,99.9
"redistrict",8,46814024,99.9
"redressing",8,46814032,99.9
"reeducation",8,46814040,99.9
"referent",8,46814048,99.9
"refiled",8,46814056,99.9
"rehabilitates",8,46814064,99.9
"reinterpreting",8,46814072,99.9
"relaxants",8,46814080,99.9
"rennet",8,46814088,99.9
"replenishes",8,46814096,99.9
"reposes",8,46814104,99.9
"reprieves",8,46814112,99.9
"reproducible",8,46814120,99.9
"repugnance",8,46814128,99.9
"reroutes",8,46814136,99.9
"resells",8,46814144,99.9
"resisters",8,46814152,99.9
"retraces",8,46814160,99.9
"retrenching",8,46814168,99.9
"retributive",8,46814176,99.9
"reworded",8,46814184,99.9
"rhodium",8,46814192,99.9
"ricocheting",8,46814200,99.9
"riflemen",8,46814208,99.9
"rioter",8,46814216,99.9
"roes",8,46814224,99.9
"roseau",8,46814232,99.9
"rotisseries",8,46814240,99.9
"roughage",8,46814248,99.9
"roughs",8,46814256,99.9
"rues",8,46814264,99.9
"ruffs",8,46814272,99.9
"ruggedness",8,46814280,99.9
"saar",8,46814288,99.9
"saddlebags",8,46814296,99.9
"sanest",8,46814304,99.9
"sargasso",8,46814312,99.9
"satires",8,46814320,99.9
"saturates",8,46814328,99.9
"scapula",8,46814336,99.9
"schedulers",8,46814344,99.9
"schlepped",8,46814352,99.9
"schuylkill",8,46814360,99.9
"schwa",8,46814368,99.9
"scorchers",8,46814376,99.9
"scorning",8,46814384,99.9
"scrawling",8,46814392,99.9
"scriptwriters",8,46814400,99.9
"scrunchies",8,46814408,99.9
"scullery",8,46814416,99.9
"seabird",8,46814424,99.9
"seafarer",8,46814432,99.9
"seagoing",8,46814440,99.9
"secretes",8,46814448,99.9
"sectioning",8,46814456,99.9
"secularized",8,46814464,99.9
"sedimentary",8,46814472,99.9
"segregates",8,46814480,99.9
"seismologists",8,46814488,99.9
"selectman",8,46814496,99.9
"selkirk",8,46814504,99.9
"separator",8,46814512,99.9
"separators",8,46814520,99.9
"serializing",8,46814528,99.9
"severally",8,46814536,99.9
"severest",8,46814544,99.9
"sextant",8,46814552,99.9
"shags",8,46814560,99.9
"sharlene",8,46814568,99.9
"sheathing",8,46814576,99.9
"shekel",8,46814584,99.9
"shibboleth",8,46814592,99.9
"shimmies",8,46814600,99.9
"shinned",8,46814608,99.9
"shipbuilder",8,46814616,99.9
"shredders",8,46814624,99.9
"shrouding",8,46814632,99.9
"sibilant",8,46814640,99.9
"sidereal",8,46814648,99.9
"silage",8,46814656,99.9
"singletons",8,46814664,99.9
"sirocco",8,46814672,99.9
"skims",8,46814680,99.9
"skirmishing",8,46814688,99.9
"skullcap",8,46814696,99.9
"skunked",8,46814704,99.9
"slicers",8,46814712,99.9
"slighter",8,46814720,99.9
"slipperiness",8,46814728,99.9
"slopped",8,46814736,99.9
"slurped",8,46814744,99.9
"smocking",8,46814752,99.9
"smoldered",8,46814760,99.9
"snakebites",8,46814768,99.9
"snifters",8,46814776,99.9
"snooped",8,46814784,99.9
"snorer",8,46814792,99.9
"snowdrift",8,46814800,99.9
"snowmobiles",8,46814808,99.9
"sods",8,46814816,99.9
"solenoid",8,46814824,99.9
"soothsayers",8,46814832,99.9
"sophisticate",8,46814840,99.9
"soporific",8,46814848,99.9
"sops",8,46814856,99.9
"sourpuss",8,46814864,99.9
"spacesuit",8,46814872,99.9
"spatters",8,46814880,99.9
"spearheads",8,46814888,99.9
"speediest",8,46814896,99.9
"spellchecker",8,46814904,99.9
"spittoon",8,46814912,99.9
"splotch",8,46814920,99.9
"sportscasters",8,46814928,99.9
"squeezer",8,46814936,99.9
"squirms",8,46814944,99.9
"squirreling",8,46814952,99.9
"stabled",8,46814960,99.9
"stael",8,46814968,99.9
"stagehand",8,46814976,99.9
"stalemated",8,46814984,99.9
"staleness",8,46814992,99.9
"stationers",8,46815000,99.9
"steadiest",8,46815008,99.9
"steepness",8,46815016,99.9
"stickup",8,46815024,99.9
"stigmatize",8,46815032,99.9
"stoical",8,46815040,99.9
"stokers",8,46815048,99.9
"strafe",8,46815056,99.9
"straightest",8,46815064,99.9
"stranglers",8,46815072,99.9
"streetwalkers",8,46815080,99.9
"streptococcus",8,46815088,99.9
"strictness",8,46815096,99.9
"stringently",8,46815104,99.9
"striven",8,46815112,99.9
"stylishness",8,46815120,99.9
"subhuman",8,46815128,99.9
"subhumans",8,46815136,99.9
"subj",8,46815144,99.9
"submerges",8,46815152,99.9
"substantiation",8,46815160,99.9
"subsystem",8,46815168,99.9
"subtlest",8,46815176,99.9
"subversives",8,46815184,99.9
"sulfates",8,46815192,99.9
"sunder",8,46815200,99.9
"supercharge",8,46815208,99.9
"superego",8,46815216,99.9
"supermen",8,46815224,99.9
"supernaturals",8,46815232,99.9
"supernovae",8,46815240,99.9
"supplants",8,46815248,99.9
"supplicants",8,46815256,99.9
"suppository",8,46815264,99.9
"surliness",8,46815272,99.9
"swallowtail",8,46815280,99.9
"swelter",8,46815288,99.9
"swiftest",8,46815296,99.9
"swinburne",8,46815304,99.9
"symmetrically",8,46815312,99.9
"tablespoonful",8,46815320,99.9
"tackiest",8,46815328,99.9
"taillight",8,46815336,99.9
"taine",8,46815344,99.9
"tannery",8,46815352,99.9
"tantalized",8,46815360,99.9
"tarring",8,46815368,99.9
"teakettle",8,46815376,99.9
"teleconferencing",8,46815384,99.9
"temperamentally",8,46815392,99.9
"tendering",8,46815400,99.9
"tendril",8,46815408,99.9
"tepees",8,46815416,99.9
"terrestrials",8,46815424,99.9
"terrorizes",8,46815432,99.9
"tetons",8,46815440,99.9
"theologies",8,46815448,99.9
"theorems",8,46815456,99.9
"thermally",8,46815464,99.9
"thermoplastic",8,46815472,99.9
"thorax",8,46815480,99.9
"threshers",8,46815488,99.9
"thrushes",8,46815496,99.9
"thudded",8,46815504,99.9
"tilde",8,46815512,99.9
"titmouse",8,46815520,99.9
"toastmaster",8,46815528,99.9
"toddles",8,46815536,99.9
"tollbooths",8,46815544,99.9
"tonguing",8,46815552,99.91
"toothpastes",8,46815560,99.91
"topographic",8,46815568,99.91
"tortoiseshell",8,46815576,99.91
"torturers",8,46815584,99.91
"torus",8,46815592,99.91
"toweling",8,46815600,99.91
"toxicologist",8,46815608,99.91
"tracers",8,46815616,99.91
"tranquilize",8,46815624,99.91
"transact",8,46815632,99.91
"transacted",8,46815640,99.91
"transceivers",8,46815648,99.91
"translucence",8,46815656,99.91
"transvestism",8,46815664,99.91
"trashier",8,46815672,99.91
"treadle",8,46815680,99.91
"treasuring",8,46815688,99.91
"trevelyan",8,46815696,99.91
"troglodyte",8,46815704,99.91
"trollop",8,46815712,99.91
"trouper",8,46815720,99.91
"trowels",8,46815728,99.91
"truncate",8,46815736,99.91
"trusteeship",8,46815744,99.91
"turbid",8,46815752,99.91
"turgenev",8,46815760,99.91
"twerps",8,46815768,99.91
"tycho",8,46815776,99.91
"tyrannies",8,46815784,99.91
"unattributed",8,46815792,99.91
"unceasingly",8,46815800,99.91
"uncomprehending",8,46815808,99.91
"uncompressed",8,46815816,99.91
"uncountable",8,46815824,99.91
"undecideds",8,46815832,99.91
"underexposed",8,46815840,99.91
"underplayed",8,46815848,99.91
"undeservedly",8,46815856,99.91
"undisguised",8,46815864,99.91
"undulate",8,46815872,99.91
"uneconomic",8,46815880,99.91
"unfastened",8,46815888,99.91
"unforeseeable",8,46815896,99.91
"uninstalling",8,46815904,99.91
"unseeing",8,46815912,99.91
"unsmiling",8,46815920,99.91
"unzips",8,46815928,99.91
"updraft",8,46815936,99.91
"upholster",8,46815944,99.91
"vagabonds",8,46815952,99.91
"vainglory",8,46815960,99.91
"valances",8,46815968,99.91
"valarie",8,46815976,99.91
"valvoline",8,46815984,99.91
"vanzetti",8,46815992,99.91
"vape",8,46816000,99.91
"venetians",8,46816008,99.91
"ventilate",8,46816016,99.91
"verbalized",8,46816024,99.91
"verdigris",8,46816032,99.91
"viburnum",8,46816040,99.91
"vies",8,46816048,99.91
"vindicator",8,46816056,99.91
"virago",8,46816064,99.91
"vireo",8,46816072,99.91
"vizier",8,46816080,99.91
"vogues",8,46816088,99.91
"waggle",8,46816096,99.91
"waggling",8,46816104,99.91
"waldemar",8,46816112,99.91
"wallabies",8,46816120,99.91
"wangle",8,46816128,99.91
"warmongers",8,46816136,99.91
"washrooms",8,46816144,99.91
"waterproofed",8,46816152,99.91
"weaseling",8,46816160,99.91
"weevil",8,46816168,99.91
"wenches",8,46816176,99.91
"wens",8,46816184,99.91
"wheezes",8,46816192,99.91
"whiled",8,46816200,99.91
"whippets",8,46816208,99.91
"whittles",8,46816216,99.91
"widowers",8,46816224,99.91
"wilhelmina",8,46816232,99.91
"windbreak",8,46816240,99.91
"winterized",8,46816248,99.91
"wisecrack",8,46816256,99.91
"wolfs",8,46816264,99.91
"woodsman",8,46816272,99.91
"wordings",8,46816280,99.91
"workweeks",8,46816288,99.91
"wozzeck",8,46816296,99.91
"writhes",8,46816304,99.91
"wysiwyg",8,46816312,99.91
"xenakis",8,46816320,99.91
"xxix",8,46816328,99.91
"yardsticks",8,46816336,99.91
"yerkes",8,46816344,99.91
"zapotec",8,46816352,99.91
"zelig",8,46816360,99.91
"zoroaster",8,46816368,99.91
"zoroastrian",8,46816376,99.91
"abasement",7,46816383,99.91
"abjuration",7,46816390,99.91
"abominably",7,46816397,99.91
"abrasives",7,46816404,99.91
"abridge",7,46816411,99.91
"absolves",7,46816418,99.91
"abutment",7,46816425,99.91
"accelerations",7,46816432,99.91
"acceptably",7,46816439,99.91
"accredits",7,46816446,99.91
"achebe",7,46816453,99.91
"acidifying",7,46816460,99.91
"actuated",7,46816467,99.91
"adhesion",7,46816474,99.91
"adjudicator",7,46816481,99.91
"adman",7,46816488,99.91
"admissibility",7,46816495,99.91
"admonishments",7,46816502,99.91
"afterbirth",7,46816509,99.91
"aggregations",7,46816516,99.91
"agrippa",7,46816523,99.91
"aimlessness",7,46816530,99.91
"airdrop",7,46816537,99.91
"airily",7,46816544,99.91
"airmail",7,46816551,99.91
"alcindor",7,46816558,99.91
"algerians",7,46816565,99.91
"alighieri",7,46816572,99.91
"allegorically",7,46816579,99.91
"allotting",7,46816586,99.91
"almanacs",7,46816593,99.91
"alphabetic",7,46816600,99.91
"alphabetize",7,46816607,99.91
"alpo",7,46816614,99.91
"amateurism",7,46816621,99.91
"ambassadorial",7,46816628,99.91
"ambergris",7,46816635,99.91
"ambles",7,46816642,99.91
"amoebic",7,46816649,99.91
"ampersands",7,46816656,99.91
"amplifications",7,46816663,99.91
"anacondas",7,46816670,99.91
"animosities",7,46816677,99.91
"anklet",7,46816684,99.91
"annexations",7,46816691,99.91
"annulments",7,46816698,99.91
"anodes",7,46816705,99.91
"anouilh",7,46816712,99.91
"antelopes",7,46816719,99.91
"antigens",7,46816726,99.91
"antis",7,46816733,99.91
"antofagasta",7,46816740,99.91
"anvils",7,46816747,99.91
"apparels",7,46816754,99.91
"apportioning",7,46816761,99.91
"apprehensively",7,46816768,99.91
"arapaho",7,46816775,99.91
"arbors",7,46816782,99.91
"arborvitae",7,46816789,99.91
"ascetics",7,46816796,99.91
"assembler",7,46816803,99.91
"atman",7,46816810,99.91
"attestation",7,46816817,99.91
"atwitter",7,46816824,99.91
"audiophile",7,46816831,99.91
"avenges",7,46816838,99.91
"azazel",7,46816845,99.91
"azt",7,46816852,99.91
"backhanding",7,46816859,99.91
"bacteriological",7,46816866,99.91
"bakunin",7,46816873,99.91
"banditry",7,46816880,99.91
"banknotes",7,46816887,99.91
"banqueting",7,46816894,99.91
"barabbas",7,46816901,99.91
"barfs",7,46816908,99.91
"baritones",7,46816915,99.91
"baud",7,46816922,99.91
"bayous",7,46816929,99.91
"beaning",7,46816936,99.91
"beardmore",7,46816943,99.91
"becalmed",7,46816950,99.91
"bedazzling",7,46816957,99.91
"bedroll",7,46816964,99.91
"belched",7,46816971,99.91
"bernini",7,46816978,99.91
"bewail",7,46816985,99.91
"bibliophiles",7,46816992,99.91
"bigamist",7,46816999,99.91
"billfold",7,46817006,99.91
"bivalves",7,46817013,99.91
"blackhead",7,46817020,99.91
"blackjacks",7,46817027,99.91
"blandest",7,46817034,99.91
"blasphemer",7,46817041,99.91
"bleeder",7,46817048,99.91
"blighting",7,46817055,99.91
"blustered",7,46817062,99.91
"boatmen",7,46817069,99.91
"bondsmen",7,46817076,99.91
"bookmobiles",7,46817083,99.91
"boons",7,46817090,99.91
"boringly",7,46817097,99.91
"boru",7,46817104,99.91
"botches",7,46817111,99.91
"botulism",7,46817118,99.91
"boysenberry",7,46817125,99.91
"bracts",7,46817132,99.91
"brainier",7,46817139,99.91
"brainstorms",7,46817146,99.91
"brassier",7,46817153,99.91
"brazenness",7,46817160,99.91
"braziers",7,46817167,99.91
"bridles",7,46817174,99.91
"brimful",7,46817181,99.91
"brinks",7,46817188,99.91
"brno",7,46817195,99.91
"browbeating",7,46817202,99.91
"brutalities",7,46817209,99.91
"brynner",7,46817216,99.91
"bugbear",7,46817223,99.91
"bulled",7,46817230,99.91
"bullring",7,46817237,99.91
"bullshitted",7,46817244,99.91
"bumbles",7,46817251,99.91
"bungles",7,46817258,99.91
"bunked",7,46817265,99.91
"busies",7,46817272,99.91
"butterfat",7,46817279,99.91
"caboodle",7,46817286,99.91
"caedmon",7,46817293,99.91
"callus",7,46817300,99.91
"callused",7,46817307,99.91
"calorific",7,46817314,99.91
"canneries",7,46817321,99.91
"cantatas",7,46817328,99.91
"cantilever",7,46817335,99.91
"canute",7,46817342,99.91
"capuchin",7,46817349,99.91
"carousels",7,46817356,99.91
"carpathian",7,46817363,99.91
"carthaginian",7,46817370,99.91
"casements",7,46817377,99.91
"cassiopeia",7,46817384,99.91
"catcalling",7,46817391,99.91
"caucusing",7,46817398,99.91
"causeless",7,46817405,99.91
"centenarians",7,46817412,99.91
"centripetal",7,46817419,99.91
"centurions",7,46817426,99.91
"ceremonially",7,46817433,99.91
"ceremonials",7,46817440,99.91
"chalices",7,46817447,99.91
"chaperon",7,46817454,99.91
"chaplet",7,46817461,99.91
"chappaquiddick",7,46817468,99.91
"cheviot",7,46817475,99.91
"chinchillas",7,46817482,99.91
"chinstrap",7,46817489,99.91
"choristers",7,46817496,99.91
"chorused",7,46817503,99.91
"chows",7,46817510,99.91
"chretien",7,46817517,99.91
"chromed",7,46817524,99.91
"chromes",7,46817531,99.91
"circularity",7,46817538,99.91
"clamming",7,46817545,99.91
"clamorous",7,46817552,99.91
"classicism",7,46817559,99.91
"clausewitz",7,46817566,99.91
"cleanness",7,46817573,99.91
"cliburn",7,46817580,99.91
"clinks",7,46817587,99.91
"clits",7,46817594,99.91
"clomp",7,46817601,99.91
"clunking",7,46817608,99.91
"clutters",7,46817615,99.91
"coagulate",7,46817622,99.91
"coagulating",7,46817629,99.91
"cochlea",7,46817636,99.91
"codifies",7,46817643,99.91
"coiffure",7,46817650,99.91
"comity",7,46817657,99.91
"commencements",7,46817664,99.91
"commentated",7,46817671,99.91
"commissars",7,46817678,99.91
"comports",7,46817685,99.91
"computations",7,46817692,99.91
"computes",7,46817699,99.91
"concocts",7,46817706,99.91
"congreve",7,46817713,99.91
"conjectures",7,46817720,99.91
"conjugate",7,46817727,99.91
"conjunctions",7,46817734,99.91
"consignments",7,46817741,99.91
"consorted",7,46817748,99.91
"constrains",7,46817755,99.91
"constrictions",7,46817762,99.91
"consultancies",7,46817769,99.91
"consumptive",7,46817776,99.91
"contortionists",7,46817783,99.91
"contralto",7,46817790,99.91
"convulsion",7,46817797,99.91
"copulating",7,46817804,99.91
"copyrighting",7,46817811,99.91
"corduroys",7,46817818,99.91
"corroding",7,46817825,99.91
"cortical",7,46817832,99.91
"cosmonaut",7,46817839,99.91
"cosmonauts",7,46817846,99.91
"countertenor",7,46817853,99.91
"cowbird",7,46817860,99.91
"crabbed",7,46817867,99.91
"craftier",7,46817874,99.91
"craftiest",7,46817881,99.91
"crawlspace",7,46817888,99.91
"crazes",7,46817895,99.91
"croat",7,46817902,99.91
"cronus",7,46817909,99.91
"crookedness",7,46817916,99.91
"crotchet",7,46817923,99.91
"cubbyhole",7,46817930,99.91
"cuing",7,46817937,99.91
"curates",7,46817944,99.91
"cutups",7,46817951,99.91
"dairying",7,46817958,99.91
"dartboards",7,46817965,99.91
"datum",7,46817972,99.91
"daunt",7,46817979,99.91
"debugger",7,46817986,99.91
"declaiming",7,46817993,99.91
"decors",7,46818000,99.91
"deduces",7,46818007,99.91
"defacement",7,46818014,99.91
"defoliation",7,46818021,99.91
"demarcated",7,46818028,99.91
"democritus",7,46818035,99.91
"denatured",7,46818042,99.91
"deplane",7,46818049,99.91
"deplores",7,46818056,99.91
"deprecate",7,46818063,99.91
"descriptively",7,46818070,99.91
"desensitize",7,46818077,99.91
"detoxifies",7,46818084,99.91
"diadem",7,46818091,99.91
"dicker",7,46818098,99.91
"diffident",7,46818105,99.91
"dilettantes",7,46818112,99.91
"disallows",7,46818119,99.91
"disbarment",7,46818126,99.91
"disclaim",7,46818133,99.91
"discomforting",7,46818140,99.91
"disconcerted",7,46818147,99.91
"disgraces",7,46818154,99.91
"dishrag",7,46818161,99.91
"dishtowels",7,46818168,99.91
"disinfectants",7,46818175,99.91
"displacements",7,46818182,99.91
"displaces",7,46818189,99.91
"disrespectfully",7,46818196,99.91
"dissections",7,46818203,99.91
"distributive",7,46818210,99.91
"distrusting",7,46818217,99.91
"diurnal",7,46818224,99.91
"divergences",7,46818231,99.91
"diverges",7,46818238,99.91
"diversifies",7,46818245,99.91
"divested",7,46818252,99.91
"dobro",7,46818259,99.91
"doddering",7,46818266,99.91
"doffed",7,46818273,99.91
"dogfights",7,46818280,99.91
"dollhouses",7,46818287,99.91
"dollie",7,46818294,99.91
"dolorous",7,46818301,99.91
"domesticate",7,46818308,99.91
"doohickeys",7,46818315,99.91
"dormers",7,46818322,99.91
"dorthy",7,46818329,99.91
"doublet",7,46818336,99.91
"dozes",7,46818343,99.91
"dredgers",7,46818350,99.91
"dromedary",7,46818357,99.91
"dropsy",7,46818364,99.91
"dryad",7,46818371,99.91
"ducats",7,46818378,99.91
"dullard",7,46818385,99.91
"dumbly",7,46818392,99.91
"durkheim",7,46818399,99.91
"dustier",7,46818406,99.91
"earlene",7,46818413,99.91
"earplug",7,46818420,99.91
"eccentrically",7,46818427,99.91
"ecg",7,46818434,99.91
"edam",7,46818441,99.91
"editorializing",7,46818448,99.91
"effluents",7,46818455,99.91
"eggbeater",7,46818462,99.91
"eggheads",7,46818469,99.91
"ejects",7,46818476,99.91
"elate",7,46818483,99.91
"elbe",7,46818490,99.91
"electrocute",7,46818497,99.91
"electrolysis",7,46818504,99.91
"elucidation",7,46818511,99.91
"emancipate",7,46818518,99.91
"embarkation",7,46818525,99.91
"emollients",7,46818532,99.91
"empathizing",7,46818539,99.91
"encarta",7,46818546,99.91
"enchantress",7,46818553,99.91
"endeavoring",7,46818560,99.91
"endives",7,46818567,99.91
"enfolding",7,46818574,99.91
"enjoyments",7,46818581,99.91
"ennobled",7,46818588,99.91
"enthusiasms",7,46818595,99.91
"entreaty",7,46818602,99.91
"entrenchment",7,46818609,99.91
"entwining",7,46818616,99.91
"enumerating",7,46818623,99.91
"epaulets",7,46818630,99.91
"epicureans",7,46818637,99.91
"equalizers",7,46818644,99.91
"equivocating",7,46818651,99.91
"erna",7,46818658,99.91
"estela",7,46818665,99.91
"etd",7,46818672,99.91
"ethereally",7,46818679,99.91
"eustachian",7,46818686,99.91
"evincing",7,46818693,99.91
"excising",7,46818700,99.91
"exhibitionism",7,46818707,99.91
"exhibitionists",7,46818714,99.91
"exonerates",7,46818721,99.91
"expansiveness",7,46818728,99.91
"expressively",7,46818735,99.91
"extendable",7,46818742,99.91
"extortionate",7,46818749,99.91
"extortionist",7,46818756,99.91
"extortionists",7,46818763,99.91
"extraditing",7,46818770,99.91
"extraditions",7,46818777,99.91
"extrasensory",7,46818784,99.91
"exulted",7,46818791,99.91
"eyck",7,46818798,99.91
"falconry",7,46818805,99.91
"fallows",7,46818812,99.91
"familiarization",7,46818819,99.91
"fanciness",7,46818826,99.91
"fancying",7,46818833,99.91
"feedbag",7,46818840,99.91
"felecia",7,46818847,99.91
"fervid",7,46818854,99.91
"filibusters",7,46818861,99.91
"filofax",7,46818868,99.91
"finis",7,46818875,99.91
"fizzes",7,46818882,99.91
"fizzing",7,46818889,99.91
"flagships",7,46818896,99.91
"flamencos",7,46818903,99.91
"flamer",7,46818910,99.91
"flatfoot",7,46818917,99.91
"flatting",7,46818924,99.91
"florine",7,46818931,99.91
"flowerpots",7,46818938,99.91
"flubbing",7,46818945,99.91
"flunks",7,46818952,99.91
"fluorescence",7,46818959,99.91
"flyleaf",7,46818966,99.91
"foisting",7,46818973,99.91
"footholds",7,46818980,99.91
"footmen",7,46818987,99.91
"footsies",7,46818994,99.91
"foppish",7,46819001,99.91
"forestalling",7,46819008,99.91
"forklifts",7,46819015,99.91
"formidably",7,46819022,99.91
"fortifies",7,46819029,99.91
"fowls",7,46819036,99.91
"fragmenting",7,46819043,99.91
"frankfurters",7,46819050,99.91
"freeloading",7,46819057,99.91
"fripperies",7,46819064,99.91
"frisks",7,46819071,99.91
"frizzled",7,46819078,99.91
"frontiersmen",7,46819085,99.91
"froths",7,46819092,99.91
"fulani",7,46819099,99.91
"fundy",7,46819106,99.91
"funkiest",7,46819113,99.91
"furrowing",7,46819120,99.91
"furrows",7,46819127,99.91
"futz",7,46819134,99.91
"gaea",7,46819141,99.91
"gambits",7,46819148,99.91
"gauls",7,46819155,99.91
"geekier",7,46819162,99.91
"geldings",7,46819169,99.91
"genies",7,46819176,99.91
"gentrify",7,46819183,99.91
"geode",7,46819190,99.91
"gerund",7,46819197,99.91
"gestate",7,46819204,99.91
"ghostwritten",7,46819211,99.91
"gingivitis",7,46819218,99.91
"ginned",7,46819225,99.91
"glacially",7,46819232,99.91
"glibness",7,46819239,99.91
"glitching",7,46819246,99.91
"gloats",7,46819253,99.91
"globules",7,46819260,99.91
"glossies",7,46819267,99.91
"glossiness",7,46819274,99.91
"glower",7,46819281,99.91
"goggled",7,46819288,99.91
"goldsmiths",7,46819295,99.91
"gondolier",7,46819302,99.91
"grackle",7,46819309,99.91
"grainier",7,46819316,99.91
"grammars",7,46819323,99.91
"gravies",7,46819330,99.91
"grayed",7,46819337,99.91
"grayness",7,46819344,99.91
"greasiest",7,46819351,99.91
"greediness",7,46819358,99.91
"greensleeves",7,46819365,99.91
"grep",7,46819372,99.91
"grouses",7,46819379,99.91
"grouted",7,46819386,99.91
"grumpier",7,46819393,99.91
"guatemalans",7,46819400,99.91
"guffawing",7,46819407,99.91
"gunslingers",7,46819414,99.91
"gustatory",7,46819421,99.91
"guttering",7,46819428,99.91
"hacktivists",7,46819435,99.91
"hallucinogen",7,46819442,99.91
"handcrafting",7,46819449,99.91
"handpick",7,46819456,99.91
"hardener",7,46819463,99.91
"harebrained",7,46819470,99.91
"harems",7,46819477,99.91
"harpies",7,46819484,99.91
"harpy",7,46819491,99.91
"harridan",7,46819498,99.91
"harts",7,46819505,99.91
"hatchets",7,46819512,99.91
"hatefully",7,46819519,99.91
"haunch",7,46819526,99.91
"hausa",7,46819533,99.91
"hayseed",7,46819540,99.91
"headquarter",7,46819547,99.91
"heartlessness",7,46819554,99.91
"heartthrobs",7,46819561,99.91
"heatedly",7,46819568,99.91
"hedonists",7,46819575,99.91
"heeds",7,46819582,99.91
"heliotrope",7,46819589,99.91
"hernias",7,46819596,99.91
"hexed",7,46819603,99.91
"heydays",7,46819610,99.91
"hies",7,46819617,99.91
"highboy",7,46819624,99.91
"holbein",7,46819631,99.91
"homepages",7,46819638,99.91
"homesteader",7,46819645,99.91
"honeydews",7,46819652,99.91
"honorific",7,46819659,99.91
"honshu",7,46819666,99.91
"hookworm",7,46819673,99.91
"horsetail",7,46819680,99.91
"howitzers",7,46819687,99.91
"hunkers",7,46819694,99.91
"hydrates",7,46819701,99.91
"hymnals",7,46819708,99.91
"hypoallergenic",7,46819715,99.91
"hypochondriacs",7,46819722,99.91
"hysterectomies",7,46819729,99.91
"icbms",7,46819736,99.91
"icebreakers",7,46819743,99.91
"idealize",7,46819750,99.91
"idiotically",7,46819757,99.91
"illegitimacy",7,46819764,99.91
"imitative",7,46819771,99.91
"imodium",7,46819778,99.91
"impales",7,46819785,99.91
"impel",7,46819792,99.91
"impiety",7,46819799,99.91
"impinges",7,46819806,99.91
"impolitic",7,46819813,99.91
"impracticable",7,46819820,99.91
"imprinting",7,46819827,99.91
"impudence",7,46819834,99.91
"impudent",7,46819841,99.91
"inboard",7,46819848,99.91
"incinerators",7,46819855,99.91
"incomprehensibly",7,46819862,99.91
"indented",7,46819869,99.91
"indigents",7,46819876,99.91
"ineptly",7,46819883,99.91
"infantrymen",7,46819890,99.91
"infectiously",7,46819897,99.91
"inflect",7,46819904,99.91
"inhumanely",7,46819911,99.91
"inhumanly",7,46819918,99.91
"inimitably",7,46819925,99.91
"initialize",7,46819932,99.91
"inoculations",7,46819939,99.91
"instigates",7,46819946,99.91
"insufferably",7,46819953,99.91
"insulates",7,46819960,99.91
"insulator",7,46819967,99.91
"insurgence",7,46819974,99.91
"intellectualizing",7,46819981,99.91
"intensifiers",7,46819988,99.91
"intensives",7,46819995,99.91
"interceding",7,46820002,99.91
"intercessions",7,46820009,99.91
"intercessors",7,46820016,99.91
"interconnect",7,46820023,99.91
"interconnects",7,46820030,99.91
"intermarrying",7,46820037,99.91
"internees",7,46820044,99.91
"inters",7,46820051,99.91
"interweaves",7,46820058,99.91
"intoxicant",7,46820065,99.91
"intransitive",7,46820072,99.91
"inundating",7,46820079,99.91
"inventorying",7,46820086,99.91
"inverts",7,46820093,99.91
"invulnerability",7,46820100,99.91
"ionized",7,46820107,99.91
"isosceles",7,46820114,99.91
"jackknife",7,46820121,99.91
"jades",7,46820128,99.91
"jalousie",7,46820135,99.91
"jambs",7,46820142,99.91
"jannie",7,46820149,99.91
"japes",7,46820156,99.91
"jauntily",7,46820163,99.91
"jinny",7,46820170,99.91
"jives",7,46820177,99.91
"jiving",7,46820184,99.91
"jordanians",7,46820191,99.91
"jovially",7,46820198,99.91
"joyed",7,46820205,99.91
"joyriding",7,46820212,99.91
"joysticks",7,46820219,99.91
"jubilantly",7,46820226,99.91
"juridical",7,46820233,99.91
"juster",7,46820240,99.92
"kaolin",7,46820247,99.92
"kazoos",7,46820254,99.92
"keens",7,46820261,99.92
"kewpie",7,46820268,99.92
"khayyam",7,46820275,99.92
"kickstand",7,46820282,99.92
"kingstown",7,46820289,99.92
"kitchenettes",7,46820296,99.92
"kiting",7,46820303,99.92
"kuwaitis",7,46820310,99.92
"lade",7,46820317,99.92
"laminates",7,46820324,99.92
"lampooning",7,46820331,99.92
"latins",7,46820338,99.92
"lazed",7,46820345,99.92
"leakey",7,46820352,99.92
"leanest",7,46820359,99.92
"leas",7,46820366,99.92
"leers",7,46820373,99.92
"legionnaire",7,46820380,99.92
"leonid",7,46820387,99.92
"leonidas",7,46820394,99.92
"leviathans",7,46820401,99.92
"lexicons",7,46820408,99.92
"liberalized",7,46820415,99.92
"ligature",7,46820422,99.92
"limbering",7,46820429,99.92
"linearly",7,46820436,99.92
"linotype",7,46820443,99.92
"listlessly",7,46820450,99.92
"lithography",7,46820457,99.92
"livens",7,46820464,99.92
"liverpudlian",7,46820471,99.92
"loincloth",7,46820478,99.92
"lowing",7,46820485,99.92
"luella",7,46820492,99.92
"lunchrooms",7,46820499,99.92
"lutheranism",7,46820506,99.92
"macbride",7,46820513,99.92
"macrocosm",7,46820520,99.92
"maddened",7,46820527,99.92
"madrigals",7,46820534,99.92
"maelstroms",7,46820541,99.92
"magnanimously",7,46820548,99.92
"mainspring",7,46820555,99.92
"malefactors",7,46820562,99.92
"malthus",7,46820569,99.92
"manichean",7,46820576,99.92
"mansard",7,46820583,99.92
"manservant",7,46820590,99.92
"manx",7,46820597,99.92
"maraca",7,46820604,99.92
"marceau",7,46820611,99.92
"maribel",7,46820618,99.92
"marriageable",7,46820625,99.92
"masques",7,46820632,99.92
"matriarchy",7,46820639,99.92
"maws",7,46820646,99.92
"maxes",7,46820653,99.92
"mayfly",7,46820660,99.92
"meccas",7,46820667,99.92
"medan",7,46820674,99.92
"meddled",7,46820681,99.92
"memorandums",7,46820688,99.92
"memorizes",7,46820695,99.92
"menfolk",7,46820702,99.92
"menotti",7,46820709,99.92
"mescaline",7,46820716,99.92
"mesmer",7,46820723,99.92
"metallurgist",7,46820730,99.92
"metallurgy",7,46820737,99.92
"metastasize",7,46820744,99.92
"metatarsal",7,46820751,99.92
"metronomes",7,46820758,99.92
"microbe",7,46820765,99.92
"microns",7,46820772,99.92
"microscopically",7,46820779,99.92
"microseconds",7,46820786,99.92
"midshipman",7,46820793,99.92
"milagros",7,46820800,99.92
"militantly",7,46820807,99.92
"milker",7,46820814,99.92
"milkmen",7,46820821,99.92
"mimed",7,46820828,99.92
"mindlessness",7,46820835,99.92
"minting",7,46820842,99.92
"mirages",7,46820849,99.92
"mires",7,46820856,99.92
"misdirect",7,46820863,99.92
"misjudging",7,46820870,99.92
"misplaces",7,46820877,99.92
"misrepresents",7,46820884,99.92
"mistrustful",7,46820891,99.92
"modish",7,46820898,99.92
"moldering",7,46820905,99.92
"molybdenum",7,46820912,99.92
"monarchical",7,46820919,99.92
"monopolists",7,46820926,99.92
"mooc",7,46820933,99.92
"moroccans",7,46820940,99.92
"mortise",7,46820947,99.92
"muezzin",7,46820954,99.92
"mummification",7,46820961,99.92
"muralist",7,46820968,99.92
"murine",7,46820975,99.92
"mysteriousness",7,46820982,99.92
"nahum",7,46820989,99.92
"nannie",7,46820996,99.92
"nansen",7,46821003,99.92
"naphtali",7,46821010,99.92
"nerdier",7,46821017,99.92
"nevadans",7,46821024,99.92
"newspapermen",7,46821031,99.92
"nimbleness",7,46821038,99.92
"nincompoops",7,46821045,99.92
"ninths",7,46821052,99.92
"niobe",7,46821059,99.92
"nitroglycerin",7,46821066,99.92
"nixes",7,46821073,99.92
"noels",7,46821080,99.92
"noggins",7,46821087,99.92
"noisemaker",7,46821094,99.92
"nominative",7,46821101,99.92
"nonce",7,46821108,99.92
"nonmember",7,46821115,99.92
"nonnegotiable",7,46821122,99.92
"nonpolitical",7,46821129,99.92
"nonwhites",7,46821136,99.92
"noyce",7,46821143,99.92
"nudism",7,46821150,99.92
"nuzzled",7,46821157,99.92
"oafish",7,46821164,99.92
"oblation",7,46821171,99.92
"oboist",7,46821178,99.92
"observatories",7,46821185,99.92
"odysseys",7,46821192,99.92
"offensiveness",7,46821199,99.92
"okeechobee",7,46821206,99.92
"optically",7,46821213,99.92
"opticians",7,46821220,99.92
"orate",7,46821227,99.92
"ordaining",7,46821234,99.92
"ores",7,46821241,99.92
"orthodontia",7,46821248,99.92
"orthogonal",7,46821255,99.92
"oscillations",7,46821262,99.92
"oshawa",7,46821269,99.92
"osier",7,46821276,99.92
"ostracizing",7,46821283,99.92
"outmaneuver",7,46821290,99.92
"overachieve",7,46821297,99.92
"overambitious",7,46821304,99.92
"overplaying",7,46821311,99.92
"overselling",7,46821318,99.92
"overspent",7,46821325,99.92
"overviews",7,46821332,99.92
"pagination",7,46821339,99.92
"palestrina",7,46821346,99.92
"paraprofessionals",7,46821353,99.92
"parasols",7,46821360,99.92
"parboiled",7,46821367,99.92
"paroxysm",7,46821374,99.92
"parried",7,46821381,99.92
"parroted",7,46821388,99.92
"parsimonious",7,46821395,99.92
"partitioning",7,46821402,99.92
"pathogenic",7,46821409,99.92
"peafowl",7,46821416,99.92
"pedants",7,46821423,99.92
"pedigreed",7,46821430,99.92
"peeper",7,46821437,99.92
"penitence",7,46821444,99.92
"penitential",7,46821451,99.92
"penitentiaries",7,46821458,99.92
"peons",7,46821465,99.92
"percentiles",7,46821472,99.92
"perfidious",7,46821479,99.92
"perfumery",7,46821486,99.92
"perkier",7,46821493,99.92
"perls",7,46821500,99.92
"permissiveness",7,46821507,99.92
"perms",7,46821514,99.92
"persecutes",7,46821521,99.92
"phantasmagoria",7,46821528,99.92
"phenotype",7,46821535,99.92
"phoenixes",7,46821542,99.92
"phonemic",7,46821549,99.92
"phosphorescent",7,46821556,99.92
"physiques",7,46821563,99.92
"pianissimo",7,46821570,99.92
"piazzas",7,46821577,99.92
"piebald",7,46821584,99.92
"piggish",7,46821591,99.92
"pigsty",7,46821598,99.92
"pileups",7,46821605,99.92
"pimentos",7,46821612,99.92
"pintos",7,46821619,99.92
"piratical",7,46821626,99.92
"piteous",7,46821633,99.92
"pithily",7,46821640,99.92
"plagiarist",7,46821647,99.92
"plights",7,46821654,99.92
"plowshares",7,46821661,99.92
"plungers",7,46821668,99.92
"podhoretz",7,46821675,99.92
"pointillism",7,46821682,99.92
"pokers",7,46821689,99.92
"polygonal",7,46821696,99.92
"polythene",7,46821703,99.92
"pontificates",7,46821710,99.92
"poorhouse",7,46821717,99.92
"popularizing",7,46821724,99.92
"postmasters",7,46821731,99.92
"potteries",7,46821738,99.92
"pragmatists",7,46821745,99.92
"praia",7,46821752,99.92
"prancer",7,46821759,99.92
"predispose",7,46821766,99.92
"predispositions",7,46821773,99.92
"prejudged",7,46821780,99.92
"preregister",7,46821787,99.92
"presage",7,46821794,99.92
"presupposition",7,46821801,99.92
"prickled",7,46821808,99.92
"prickling",7,46821815,99.92
"priggish",7,46821822,99.92
"problematically",7,46821829,99.92
"promenades",7,46821836,99.92
"propitious",7,46821843,99.92
"proprietorship",7,46821850,99.92
"prosaically",7,46821857,99.92
"proverbially",7,46821864,99.92
"provisioned",7,46821871,99.92
"provisos",7,46821878,99.92
"pullbacks",7,46821885,99.92
"pullets",7,46821892,99.92
"pullouts",7,46821899,99.92
"punchier",7,46821906,99.92
"pupa",7,46821913,99.92
"purls",7,46821920,99.92
"pushcarts",7,46821927,99.92
"puttered",7,46821934,99.92
"pwning",7,46821941,99.92
"quadrants",7,46821948,99.92
"quadrennial",7,46821955,99.92
"quadruplets",7,46821962,99.92
"quarto",7,46821969,99.92
"ragas",7,46821976,99.92
"rainfalls",7,46821983,99.92
"rainiest",7,46821990,99.92
"rankest",7,46821997,99.92
"rascally",7,46822004,99.92
"rasher",7,46822011,99.92
"rashers",7,46822018,99.92
"raunchier",7,46822025,99.92
"rawalpindi",7,46822032,99.92
"readerships",7,46822039,99.92
"reasserting",7,46822046,99.92
"rebelliousness",7,46822053,99.92
"rebuffs",7,46822060,99.92
"recapitulate",7,46822067,99.92
"recoils",7,46822074,99.92
"reconciliations",7,46822081,99.92
"reddens",7,46822088,99.92
"reddest",7,46822095,99.92
"redeploying",7,46822102,99.92
"reentering",7,46822109,99.92
"refitted",7,46822116,99.92
"reformatory",7,46822123,99.92
"reformatted",7,46822130,99.92
"refract",7,46822137,99.92
"refugio",7,46822144,99.92
"reimpose",7,46822151,99.92
"reinterpretations",7,46822158,99.92
"relabeling",7,46822165,99.92
"relinquishment",7,46822172,99.92
"remaindered",7,46822179,99.92
"remarque",7,46822186,99.92
"rephrased",7,46822193,99.92
"reproached",7,46822200,99.92
"requital",7,46822207,99.92
"resemblances",7,46822214,99.92
"resistances",7,46822221,99.92
"resistor",7,46822228,99.92
"retaken",7,46822235,99.92
"retracts",7,46822242,99.92
"retrench",7,46822249,99.92
"reverberation",7,46822256,99.92
"rewinds",7,46822263,99.92
"rhineland",7,46822270,99.92
"ricochets",7,46822277,99.92
"rightmost",7,46822284,99.92
"riling",7,46822291,99.92
"ripest",7,46822298,99.92
"roadsters",7,46822305,99.92
"rosalyn",7,46822312,99.92
"rubberneck",7,46822319,99.92
"ruble",7,46822326,99.92
"rucksacks",7,46822333,99.92
"rued",7,46822340,99.92
"ruffed",7,46822347,99.92
"ruing",7,46822354,99.92
"ruminants",7,46822361,99.92
"runnymede",7,46822368,99.92
"runoffs",7,46822375,99.92
"rustlers",7,46822382,99.92
"rustles",7,46822389,99.92
"rusts",7,46822396,99.92
"rutabagas",7,46822403,99.92
"rutting",7,46822410,99.92
"sabotages",7,46822417,99.92
"sagacious",7,46822424,99.92
"santeria",7,46822431,99.92
"sarongs",7,46822438,99.92
"sarsaparilla",7,46822445,99.92
"satirizes",7,46822452,99.92
"scarcest",7,46822459,99.92
"scats",7,46822466,99.92
"scatterbrain",7,46822473,99.92
"scenting",7,46822480,99.92
"schist",7,46822487,99.92
"schmoozed",7,46822494,99.92
"schooners",7,46822501,99.92
"scorns",7,46822508,99.92
"scorpius",7,46822515,99.92
"scrawls",7,46822522,99.92
"sculls",7,46822529,99.92
"seamanship",7,46822536,99.92
"seaplanes",7,46822543,99.92
"secularization",7,46822550,99.92
"sedge",7,46822557,99.92
"seducers",7,46822564,99.92
"seductions",7,46822571,99.92
"segmenting",7,46822578,99.92
"segueing",7,46822585,99.92
"selfsame",7,46822592,99.92
"semantically",7,46822599,99.92
"semitrailer",7,46822606,99.92
"sensitized",7,46822613,99.92
"septuagenarian",7,46822620,99.92
"sepulcher",7,46822627,99.92
"sequencer",7,46822634,99.92
"shakier",7,46822641,99.92
"shamble",7,46822648,99.92
"shantytowns",7,46822655,99.92
"sharpeners",7,46822662,99.92
"shatterproof",7,46822669,99.92
"sheepfold",7,46822676,99.92
"shellacked",7,46822683,99.92
"shepherdess",7,46822690,99.92
"shirks",7,46822697,99.92
"shoestrings",7,46822704,99.92
"shrubby",7,46822711,99.92
"shunts",7,46822718,99.92
"shutterbug",7,46822725,99.92
"shutterbugs",7,46822732,99.92
"sicks",7,46822739,99.92
"sidecars",7,46822746,99.92
"sidewall",7,46822753,99.92
"sidle",7,46822760,99.92
"sieges",7,46822767,99.92
"sieved",7,46822774,99.92
"sightless",7,46822781,99.92
"sikkim",7,46822788,99.92
"silurian",7,46822795,99.92
"silversmith",7,46822802,99.92
"silversmiths",7,46822809,99.92
"simulcasts",7,46822816,99.92
"sinhalese",7,46822823,99.92
"sinkers",7,46822830,99.92
"sixteenths",7,46822837,99.92
"skedaddle",7,46822844,99.92
"skiffs",7,46822851,99.92
"skirmished",7,46822858,99.92
"skitter",7,46822865,99.92
"skitters",7,46822872,99.92
"skywards",7,46822879,99.92
"slanderer",7,46822886,99.92
"slanders",7,46822893,99.92
"slashdot",7,46822900,99.92
"slicking",7,46822907,99.92
"slighting",7,46822914,99.92
"sloppier",7,46822921,99.92
"sloppiest",7,46822928,99.92
"sloughed",7,46822935,99.92
"smartwatch",7,46822942,99.92
"smelliest",7,46822949,99.92
"snakebite",7,46822956,99.92
"snazzier",7,46822963,99.92
"sneakiest",7,46822970,99.92
"soaped",7,46822977,99.92
"soloed",7,46822984,99.92
"somalians",7,46822991,99.92
"soothingly",7,46822998,99.92
"sorest",7,46823005,99.92
"sortie",7,46823012,99.92
"soulfulness",7,46823019,99.92
"soundings",7,46823026,99.92
"sourceforge",7,46823033,99.92
"spanners",7,46823040,99.92
"spattering",7,46823047,99.92
"speedup",7,46823054,99.92
"spitball",7,46823061,99.92
"splutters",7,46823068,99.92
"spooking",7,46823075,99.92
"squalling",7,46823082,99.92
"squeamishness",7,46823089,99.92
"stagecoaches",7,46823096,99.92
"starkest",7,46823103,99.92
"steamrolling",7,46823110,99.92
"stenographers",7,46823117,99.92
"stepparent",7,46823124,99.92
"stewarding",7,46823131,99.92
"stillbirths",7,46823138,99.92
"stingier",7,46823145,99.92
"stockyard",7,46823152,99.92
"stopwatches",7,46823159,99.92
"strongbox",7,46823166,99.92
"strudels",7,46823173,99.92
"subcontracts",7,46823180,99.92
"subletting",7,46823187,99.92
"sublimating",7,46823194,99.92
"substructure",7,46823201,99.92
"suctioned",7,46823208,99.92
"sufism",7,46823215,99.92
"sundered",7,46823222,99.92
"suppleness",7,46823229,99.92
"supplicating",7,46823236,99.92
"swagging",7,46823243,99.92
"switchblades",7,46823250,99.92
"synthetically",7,46823257,99.92
"syriac",7,46823264,99.92
"szymborska",7,46823271,99.92
"tabulate",7,46823278,99.92
"tachometer",7,46823285,99.92
"tailpipes",7,46823292,99.92
"tamest",7,46823299,99.92
"tanagers",7,46823306,99.92
"tapirs",7,46823313,99.92
"tartly",7,46823320,99.92
"tasman",7,46823327,99.92
"tattled",7,46823334,99.92
"tauruses",7,46823341,99.92
"taxicabs",7,46823348,99.92
"teetotalers",7,46823355,99.92
"telegraphic",7,46823362,99.92
"telescoping",7,46823369,99.92
"teletype",7,46823376,99.92
"tenanted",7,46823383,99.92
"tenderhearted",7,46823390,99.92
"tenderizer",7,46823397,99.92
"thant",7,46823404,99.92
"therapeutically",7,46823411,99.92
"thrace",7,46823418,99.92
"threateningly",7,46823425,99.92
"thrummed",7,46823432,99.92
"thrums",7,46823439,99.92
"thumbtacks",7,46823446,99.92
"thunderclaps",7,46823453,99.92
"thunderclouds",7,46823460,99.92
"thwacked",7,46823467,99.92
"tidies",7,46823474,99.92
"tidiness",7,46823481,99.92
"timeworn",7,46823488,99.92
"timorous",7,46823495,99.92
"timpanist",7,46823502,99.92
"tobogganing",7,46823509,99.92
"tomboys",7,46823516,99.92
"tonsillectomy",7,46823523,99.92
"topsail",7,46823530,99.92
"tousle",7,46823537,99.92
"traffics",7,46823544,99.92
"trajan",7,46823551,99.92
"trammel",7,46823558,99.92
"tranquilizing",7,46823565,99.92
"transcribes",7,46823572,99.92
"transfixing",7,46823579,99.92
"transgressor",7,46823586,99.92
"transiting",7,46823593,99.92
"transpiring",7,46823600,99.92
"treadles",7,46823607,99.92
"treed",7,46823614,99.92
"trefoil",7,46823621,99.92
"trialing",7,46823628,99.92
"triennial",7,46823635,99.92
"trivializes",7,46823642,99.92
"trombonists",7,46823649,99.92
"trooping",7,46823656,99.92
"troyes",7,46823663,99.92
"trues",7,46823670,99.92
"truthiness",7,46823677,99.92
"turnoffs",7,46823684,99.92
"tuscarora",7,46823691,99.92
"twanging",7,46823698,99.92
"twerked",7,46823705,99.92
"twines",7,46823712,99.92
"twirlers",7,46823719,99.92
"typists",7,46823726,99.92
"unceremonious",7,46823733,99.92
"uncoiled",7,46823740,99.92
"uncontaminated",7,46823747,99.92
"uncorking",7,46823754,99.92
"undercoat",7,46823761,99.92
"underlay",7,46823768,99.92
"underplay",7,46823775,99.92
"underplaying",7,46823782,99.92
"underplays",7,46823789,99.92
"undersell",7,46823796,99.92
"undulations",7,46823803,99.92
"uneconomical",7,46823810,99.92
"unendurable",7,46823817,99.92
"unforgettably",7,46823824,99.92
"unhooking",7,46823831,99.92
"unicycles",7,46823838,99.92
"unlikelihood",7,46823845,99.92
"unmercifully",7,46823852,99.92
"unmindful",7,46823859,99.92
"unobjectionable",7,46823866,99.92
"unpacks",7,46823873,99.92
"unreasoning",7,46823880,99.92
"unscrewing",7,46823887,99.92
"unsent",7,46823894,99.92
"unsheathed",7,46823901,99.92
"unsociable",7,46823908,99.92
"unsteadily",7,46823915,99.92
"unthinkingly",7,46823922,99.92
"unzipping",7,46823929,99.92
"urbanity",7,46823936,99.92
"usurper",7,46823943,99.92
"usurps",7,46823950,99.92
"uzbek",7,46823957,99.92
"vacantly",7,46823964,99.92
"vacationer",7,46823971,99.92
"valedictorians",7,46823978,99.92
"vales",7,46823985,99.92
"varese",7,46823992,99.92
"vassals",7,46823999,99.92
"veiling",7,46824006,99.92
"verities",7,46824013,99.92
"verlaine",7,46824020,99.92
"vespasian",7,46824027,99.92
"vespucci",7,46824034,99.92
"vexes",7,46824041,99.92
"vibraphone",7,46824048,99.92
"victuals",7,46824055,99.92
"virulently",7,46824062,99.92
"visualizes",7,46824069,99.92
"wackier",7,46824076,99.92
"wackiest",7,46824083,99.92
"wahhabi",7,46824090,99.92
"wallboard",7,46824097,99.92
"walloping",7,46824104,99.92
"wallops",7,46824111,99.92
"warmonger",7,46824118,99.92
"wastrel",7,46824125,99.92
"watermarking",7,46824132,99.92
"weatherize",7,46824139,99.92
"wheelwright",7,46824146,99.92
"whiskered",7,46824153,99.92
"windsors",7,46824160,99.92
"winterizing",7,46824167,99.92
"wittier",7,46824174,99.92
"wittiness",7,46824181,99.92
"wizardly",7,46824188,99.92
"woodcutter",7,46824195,99.92
"woodhull",7,46824202,99.92
"woofing",7,46824209,99.92
"workfare",7,46824216,99.92
"worthier",7,46824223,99.92
"wrangell",7,46824230,99.92
"wriggly",7,46824237,99.92
"writs",7,46824244,99.92
"xingu",7,46824251,99.92
"xxxi",7,46824258,99.92
"xxxvi",7,46824265,99.92
"xxxvii",7,46824272,99.92
"xylem",7,46824279,99.92
"yachtsman",7,46824286,99.92
"yakked",7,46824293,99.92
"yarmulkes",7,46824300,99.92
"yearlings",7,46824307,99.92
"yews",7,46824314,99.92
"zigzagged",7,46824321,99.92
"zinged",7,46824328,99.92
"zings",7,46824335,99.92
"zirconium",7,46824342,99.92
"aachen",6,46824348,99.92
"abdicates",6,46824354,99.92
"abjectly",6,46824360,99.92
"aborts",6,46824366,99.92
"abrasively",6,46824372,99.92
"abrogating",6,46824378,99.92
"abscond",6,46824384,99.92
"absentees",6,46824390,99.92
"abstainers",6,46824396,99.92
"abusively",6,46824402,99.92
"acanthus",6,46824408,99.92
"acceded",6,46824414,99.92
"accessioning",6,46824420,99.92
"acculturation",6,46824426,99.92
"acetylene",6,46824432,99.92
"acquiescent",6,46824438,99.92
"acquiescing",6,46824444,99.92
"actuator",6,46824450,99.92
"adderley",6,46824456,99.92
"adduced",6,46824462,99.92
"advantageously",6,46824468,99.92
"aelfric",6,46824474,99.92
"affability",6,46824480,99.92
"afterburner",6,46824486,99.92
"agricola",6,46824492,99.92
"agronomy",6,46824498,99.92
"albumin",6,46824504,99.92
"alights",6,46824510,99.92
"alimentary",6,46824516,99.92
"allahabad",6,46824522,99.92
"allures",6,46824528,99.92
"alphabetizing",6,46824534,99.92
"alphanumeric",6,46824540,99.92
"altiplano",6,46824546,99.92
"amado",6,46824552,99.92
"amerindian",6,46824558,99.92
"amperage",6,46824564,99.92
"analogues",6,46824570,99.92
"angioplasties",6,46824576,99.92
"anguilla",6,46824582,99.92
"antediluvian",6,46824588,99.92
"antiseptics",6,46824594,99.92
"apalachicola",6,46824600,99.92
"aphid",6,46824606,99.92
"aphrodisiacs",6,46824612,99.92
"apoplexy",6,46824618,99.92
"appall",6,46824624,99.92
"appeaser",6,46824630,99.92
"appreciations",6,46824636,99.92
"aptest",6,46824642,99.92
"araby",6,46824648,99.92
"aral",6,46824654,99.92
"arced",6,46824660,99.92
"aristarchus",6,46824666,99.92
"armatures",6,46824672,99.92
"armors",6,46824678,99.92
"asphyxiated",6,46824684,99.92
"assyria",6,46824690,99.92
"atrociously",6,46824696,99.92
"attar",6,46824702,99.92
"attires",6,46824708,99.92
"attlee",6,46824714,99.92
"attributions",6,46824720,99.92
"augusts",6,46824726,99.92
"aureole",6,46824732,99.92
"authenticating",6,46824738,99.92
"aweigh",6,46824744,99.92
"axum",6,46824750,99.92
"azimuth",6,46824756,99.92
"aztlan",6,46824762,99.92
"babysits",6,46824768,99.92
"backdating",6,46824774,99.92
"backfields",6,46824780,99.92
"backhoes",6,46824786,99.92
"backings",6,46824792,99.92
"backpedals",6,46824798,99.92
"backstops",6,46824804,99.92
"badmouthing",6,46824810,99.92
"bagatelle",6,46824816,99.92
"bagatelles",6,46824822,99.92
"banalities",6,46824828,99.92
"bandaging",6,46824834,99.92
"barbadian",6,46824840,99.92
"barranquilla",6,46824846,99.92
"bashfully",6,46824852,99.92
"bating",6,46824858,99.92
"bayberry",6,46824864,99.92
"bayeux",6,46824870,99.92
"bayoneted",6,46824876,99.92
"bedouins",6,46824882,99.92
"bedpans",6,46824888,99.92
"bedsores",6,46824894,99.92
"beeches",6,46824900,99.92
"beepers",6,46824906,99.92
"befalling",6,46824912,99.92
"befit",6,46824918,99.92
"beggarly",6,46824924,99.93
"beguiles",6,46824930,99.93
"belabored",6,46824936,99.93
"belligerently",6,46824942,99.93
"beneficially",6,46824948,99.93
"bespoken",6,46824954,99.93
"bewilder",6,46824960,99.93
"bibliographical",6,46824966,99.93
"bicycled",6,46824972,99.93
"bifocal",6,46824978,99.93
"bifurcation",6,46824984,99.93
"billets",6,46824990,99.93
"birdwatchers",6,46824996,99.93
"birthstones",6,46825002,99.93
"bisect",6,46825008,99.93
"bitmap",6,46825014,99.93
"blabbermouth",6,46825020,99.93
"blacklists",6,46825026,99.93
"blackmailer",6,46825032,99.93
"blackmails",6,46825038,99.93
"bleakly",6,46825044,99.93
"blindfolding",6,46825050,99.93
"blockading",6,46825056,99.93
"bluejackets",6,46825062,99.93
"boardinghouse",6,46825068,99.93
"bobbies",6,46825074,99.93
"bobbling",6,46825080,99.93
"boding",6,46825086,99.93
"boondoggles",6,46825092,99.93
"bootees",6,46825098,99.93
"borglum",6,46825104,99.93
"bradstreet",6,46825110,99.93
"brandishes",6,46825116,99.93
"brasher",6,46825122,99.93
"brest",6,46825128,99.93
"brigands",6,46825134,99.93
"brisker",6,46825140,99.93
"broaching",6,46825146,99.93
"broadness",6,46825152,99.93
"broadsided",6,46825158,99.93
"broadsword",6,46825164,99.93
"brocades",6,46825170,99.93
"bromides",6,46825176,99.93
"brooking",6,46825182,99.93
"browbeaten",6,46825188,99.93
"brownouts",6,46825194,99.93
"browses",6,46825200,99.93
"brummel",6,46825206,99.93
"brushwood",6,46825212,99.93
"brutalize",6,46825218,99.93
"bucketing",6,46825224,99.93
"buckskins",6,46825230,99.93
"bulimics",6,46825236,99.93
"bullfights",6,46825242,99.93
"bulwarks",6,46825248,99.93
"bungler",6,46825254,99.93
"bunsen",6,46825260,99.93
"buoyantly",6,46825266,99.93
"burbles",6,46825272,99.93
"burgs",6,46825278,99.93
"bursar",6,46825284,99.93
"cabled",6,46825290,99.93
"caging",6,46825296,99.93
"calfskin",6,46825302,99.93
"calvinistic",6,46825308,99.93
"camisoles",6,46825314,99.93
"candying",6,46825320,99.93
"caned",6,46825326,99.93
"cannily",6,46825332,99.93
"canoeists",6,46825338,99.93
"cantons",6,46825344,99.93
"caprices",6,46825350,99.93
"carbonating",6,46825356,99.93
"cardiogram",6,46825362,99.93
"careering",6,46825368,99.93
"carlene",6,46825374,99.93
"carnally",6,46825380,99.93
"castanets",6,46825386,99.93
"casuals",6,46825392,99.93
"catalyzing",6,46825398,99.93
"caterwauling",6,46825404,99.93
"caucused",6,46825410,99.93
"cavorted",6,46825416,99.93
"cetaceans",6,46825422,99.93
"chaffed",6,46825428,99.93
"changchun",6,46825434,99.93
"changsha",6,46825440,99.93
"chaperons",6,46825446,99.93
"charlottetown",6,46825452,99.93
"chateaus",6,46825458,99.93
"chattels",6,46825464,99.93
"chatterton",6,46825470,99.93
"cheerless",6,46825476,99.93
"chitin",6,46825482,99.93
"chorister",6,46825488,99.93
"chroniclers",6,46825494,99.93
"chubbier",6,46825500,99.93
"cigarillos",6,46825506,99.93
"civilize",6,46825512,99.93
"clamors",6,46825518,99.93
"clangs",6,46825524,99.93
"classiness",6,46825530,99.93
"clenches",6,46825536,99.93
"cloakroom",6,46825542,99.93
"clytemnestra",6,46825548,99.93
"coalesces",6,46825554,99.93
"coauthored",6,46825560,99.93
"cochin",6,46825566,99.93
"coddles",6,46825572,99.93
"codification",6,46825578,99.93
"collectivists",6,46825584,99.93
"collocation",6,46825590,99.93
"comanches",6,46825596,99.93
"comfier",6,46825602,99.93
"commodes",6,46825608,99.93
"commutations",6,46825614,99.93
"compactness",6,46825620,99.93
"competences",6,46825626,99.93
"comprehends",6,46825632,99.93
"conciseness",6,46825638,99.93
"conditionals",6,46825644,99.93
"confiscations",6,46825650,99.93
"conformance",6,46825656,99.93
"conjugation",6,46825662,99.93
"connive",6,46825668,99.93
"consistencies",6,46825674,99.93
"constrictive",6,46825680,99.93
"continence",6,46825686,99.93
"contrarily",6,46825692,99.93
"contrariness",6,46825698,99.93
"contravening",6,46825704,99.93
"copperheads",6,46825710,99.93
"coquettish",6,46825716,99.93
"cordite",6,46825722,99.93
"corkscrews",6,46825728,99.93
"corncob",6,46825734,99.93
"correlative",6,46825740,99.93
"corruptions",6,46825746,99.93
"corseted",6,46825752,99.93
"cosmogony",6,46825758,99.93
"cosmologists",6,46825764,99.93
"cosmopolitans",6,46825770,99.93
"cosponsoring",6,46825776,99.93
"couching",6,46825782,99.93
"counterfeited",6,46825788,99.93
"cowlicks",6,46825794,99.93
"cowslips",6,46825800,99.93
"crazing",6,46825806,99.93
"crevasses",6,46825812,99.93
"criers",6,46825818,99.93
"crisping",6,46825824,99.93
"crocked",6,46825830,99.93
"crumbed",6,46825836,99.93
"crusaded",6,46825842,99.93
"crystallizes",6,46825848,99.93
"cubbyholes",6,46825854,99.93
"cubical",6,46825860,99.93
"cuneiform",6,46825866,99.93
"curvier",6,46825872,99.93
"cushier",6,46825878,99.93
"dado",6,46825884,99.93
"damped",6,46825890,99.93
"daub",6,46825896,99.93
"davenports",6,46825902,99.93
"deadens",6,46825908,99.93
"deceitfulness",6,46825914,99.93
"deceits",6,46825920,99.93
"deckhands",6,46825926,99.93
"deerskin",6,46825932,99.93
"defaulters",6,46825938,99.93
"defeatism",6,46825944,99.93
"defiling",6,46825950,99.93
"definer",6,46825956,99.93
"deformations",6,46825962,99.93
"deicing",6,46825968,99.93
"deify",6,46825974,99.93
"delineates",6,46825980,99.93
"delphic",6,46825986,99.93
"demilitarization",6,46825992,99.93
"demonstratively",6,46825998,99.93
"demurely",6,46826004,99.93
"denims",6,46826010,99.93
"denominators",6,46826016,99.93
"deplorably",6,46826022,99.93
"deports",6,46826028,99.93
"depredation",6,46826034,99.93
"derisory",6,46826040,99.93
"desensitizing",6,46826046,99.93
"despondently",6,46826052,99.93
"detachments",6,46826058,99.93
"determiner",6,46826064,99.93
"detonates",6,46826070,99.93
"detonators",6,46826076,99.93
"deviousness",6,46826082,99.93
"dewdrops",6,46826088,99.93
"dextrose",6,46826094,99.93
"diacritical",6,46826100,99.93
"diagonals",6,46826106,99.93
"diderot",6,46826112,99.93
"diffidence",6,46826118,99.93
"dingoes",6,46826124,99.93
"dipole",6,46826130,99.93
"dirigibles",6,46826136,99.93
"discerns",6,46826142,99.93
"disconsolate",6,46826148,99.93
"disemboweled",6,46826154,99.93
"disengaging",6,46826160,99.93
"disgorge",6,46826166,99.93
"disgracefully",6,46826172,99.93
"disgustedly",6,46826178,99.93
"dishonestly",6,46826184,99.93
"dishonoring",6,46826190,99.93
"disinterred",6,46826196,99.93
"diskette",6,46826202,99.93
"disorient",6,46826208,99.93
"disparagement",6,46826214,99.93
"dispensations",6,46826220,99.93
"dissonances",6,46826226,99.93
"distrusts",6,46826232,99.93
"disunited",6,46826238,99.93
"dithers",6,46826244,99.93
"divvying",6,46826250,99.93
"docility",6,46826256,99.93
"docketing",6,46826262,99.93
"doggerel",6,46826268,99.93
"dogmatists",6,46826274,99.93
"doleful",6,46826280,99.93
"dolmens",6,46826286,99.93
"domiciled",6,46826292,99.93
"donizetti",6,46826298,99.93
"doorbells",6,46826304,99.93
"doorstops",6,46826310,99.93
"dormouse",6,46826316,99.93
"doubloons",6,46826322,99.93
"douching",6,46826328,99.93
"dramatizing",6,46826334,99.93
"drawling",6,46826340,99.93
"dreamier",6,46826346,99.93
"dreariest",6,46826352,99.93
"driers",6,46826358,99.93
"droops",6,46826364,99.93
"drovers",6,46826370,99.93
"dullards",6,46826376,99.93
"dushanbe",6,46826382,99.93
"dynamos",6,46826388,99.93
"eaglet",6,46826394,99.93
"eave",6,46826400,99.93
"ebeneezer",6,46826406,99.93
"eclectically",6,46826412,99.93
"edgings",6,46826418,99.93
"editorialize",6,46826424,99.93
"editorship",6,46826430,99.93
"effacement",6,46826436,99.93
"effusively",6,46826442,99.93
"elastics",6,46826448,99.93
"electrifies",6,46826454,99.93
"elegies",6,46826460,99.93
"elephantine",6,46826466,99.93
"elevens",6,46826472,99.93
"eliseo",6,46826478,99.93
"elma",6,46826484,99.93
"emasculation",6,46826490,99.93
"embroiders",6,46826496,99.93
"encamp",6,46826502,99.93
"encloses",6,46826508,99.93
"encoder",6,46826514,99.93
"encumbrances",6,46826520,99.93
"endows",6,46826526,99.93
"enfeebled",6,46826532,99.93
"enlarges",6,46826538,99.93
"enlistments",6,46826544,99.93
"ennoble",6,46826550,99.93
"entrenching",6,46826556,99.93
"envisages",6,46826562,99.93
"epigram",6,46826568,99.93
"episcopacy",6,46826574,99.93
"equivocate",6,46826580,99.93
"erects",6,46826586,99.93
"escrows",6,46826592,99.93
"essayed",6,46826598,99.93
"etches",6,46826604,99.93
"eternities",6,46826610,99.93
"evasions",6,46826616,99.93
"evasiveness",6,46826622,99.93
"exacerbation",6,46826628,99.93
"excepts",6,46826634,99.93
"excoriation",6,46826640,99.93
"existentialists",6,46826646,99.93
"exonerating",6,46826652,99.93
"exotically",6,46826658,99.93
"expropriate",6,46826664,99.93
"expropriating",6,46826670,99.93
"extruded",6,46826676,99.93
"extrusion",6,46826682,99.93
"exuberantly",6,46826688,99.93
"factorization",6,46826694,99.93
"faddish",6,46826700,99.93
"fainthearted",6,46826706,99.93
"fatheads",6,46826712,99.93
"feeler",6,46826718,99.93
"fervency",6,46826724,99.93
"filch",6,46826730,99.93
"filmstrip",6,46826736,99.93
"finagling",6,46826742,99.93
"finks",6,46826748,99.93
"firestorms",6,46826754,99.93
"firmest",6,46826760,99.93
"fishwife",6,46826766,99.93
"fizzed",6,46826772,99.93
"flabbergasting",6,46826778,99.93
"flagellating",6,46826784,99.93
"flamethrowers",6,46826790,99.93
"flammability",6,46826796,99.93
"flatbeds",6,46826802,99.93
"fleecy",6,46826808,99.93
"flexibly",6,46826814,99.93
"flimsiest",6,46826820,99.93
"floe",6,46826826,99.93
"floodgate",6,46826832,99.93
"flowcharts",6,46826838,99.93
"flunky",6,46826844,99.93
"flycatcher",6,46826850,99.93
"flytrap",6,46826856,99.93
"foaling",6,46826862,99.93
"fogginess",6,46826868,99.93
"followups",6,46826874,99.93
"footrest",6,46826880,99.93
"forages",6,46826886,99.93
"forecloses",6,46826892,99.93
"forehands",6,46826898,99.93
"foremen",6,46826904,99.93
"forenoon",6,46826910,99.93
"fortissimo",6,46826916,99.93
"fouler",6,46826922,99.93
"foursomes",6,46826928,99.93
"franchiser",6,46826934,99.93
"frankfurter",6,46826940,99.93
"fratricide",6,46826946,99.93
"freetown",6,46826952,99.93
"freshens",6,46826958,99.93
"fretwork",6,46826964,99.93
"frigga",6,46826970,99.93
"frogging",6,46826976,99.93
"frontiersman",6,46826982,99.93
"fuchsias",6,46826988,99.93
"fumigated",6,46826994,99.93
"funked",6,46827000,99.93
"funks",6,46827006,99.93
"furrier",6,46827012,99.93
"fusty",6,46827018,99.93
"galled",6,46827024,99.93
"gallivant",6,46827030,99.93
"garishness",6,46827036,99.93
"garrisons",6,46827042,99.93
"gastritis",6,46827048,99.93
"gaudier",6,46827054,99.93
"gearshift",6,46827060,99.93
"geld",6,46827066,99.93
"genaro",6,46827072,99.93
"geoengineering",6,46827078,99.93
"germinates",6,46827084,99.93
"ghats",6,46827090,99.93
"gibe",6,46827096,99.93
"giotto",6,46827102,99.93
"gloomily",6,46827108,99.93
"glowered",6,46827114,99.93
"gnarliest",6,46827120,99.93
"goosing",6,46827126,99.93
"grammarian",6,46827132,99.93
"grandiloquent",6,46827138,99.93
"graven",6,46827144,99.93
"graver",6,46827150,99.93
"greases",6,46827156,99.93
"grilles",6,46827162,99.93
"gristly",6,46827168,99.93
"grittiest",6,46827174,99.93
"grogginess",6,46827180,99.93
"gropes",6,46827186,99.93
"gropius",6,46827192,99.93
"grotesques",6,46827198,99.93
"grubbed",6,46827204,99.93
"guadalcanal",6,46827210,99.93
"guadeloupe",6,46827216,99.93
"guessers",6,46827222,99.93
"guesstimates",6,46827228,99.93
"guiana",6,46827234,99.93
"guinean",6,46827240,99.93
"gurneys",6,46827246,99.93
"gyroscope",6,46827252,99.93
"haberdasher",6,46827258,99.93
"haciendas",6,46827264,99.93
"hairpins",6,46827270,99.93
"hamsun",6,46827276,99.93
"handbills",6,46827282,99.93
"handcrafts",6,46827288,99.93
"hankered",6,46827294,99.93
"hanoverian",6,46827300,99.93
"hardiest",6,46827306,99.93
"hardtop",6,46827312,99.93
"hared",6,46827318,99.93
"harked",6,46827324,99.93
"harmonically",6,46827330,99.93
"hashes",6,46827336,99.93
"hasting",6,46827342,99.93
"hatefulness",6,46827348,99.93
"headier",6,46827354,99.93
"healthfulness",6,46827360,99.93
"heartiness",6,46827366,99.93
"heartlands",6,46827372,99.93
"hellenistic",6,46827378,99.93
"hemispheric",6,46827384,99.93
"hepatic",6,46827390,99.93
"hepper",6,46827396,99.93
"hereof",6,46827402,99.93
"heriberto",6,46827408,99.93
"hied",6,46827414,99.93
"hieroglyphic",6,46827420,99.93
"hims",6,46827426,99.93
"hirelings",6,46827432,99.93
"hittite",6,46827438,99.93
"holdups",6,46827444,99.93
"homeys",6,46827450,99.93
"hooding",6,46827456,99.93
"horrifies",6,46827462,99.93
"horsetails",6,46827468,99.93
"hosannas",6,46827474,99.93
"hotlink",6,46827480,99.93
"housman",6,46827486,99.93
"hovels",6,46827492,99.93
"howitzer",6,46827498,99.93
"humidified",6,46827504,99.93
"humiliates",6,46827510,99.93
"hybridized",6,46827516,99.93
"hypermarket",6,46827522,99.93
"hypnotizes",6,46827528,99.93
"hypotenuse",6,46827534,99.93
"ibises",6,46827540,99.93
"icings",6,46827546,99.93
"idealizing",6,46827552,99.93
"illegitimately",6,46827558,99.93
"imbecilic",6,46827564,99.93
"immolated",6,46827570,99.93
"immorally",6,46827576,99.93
"impedance",6,46827582,99.93
"impels",6,46827588,99.93
"imperiously",6,46827594,99.93
"impertinence",6,46827600,99.93
"impishly",6,46827606,99.93
"implausibility",6,46827612,99.93
"impositions",6,46827618,99.93
"impounds",6,46827624,99.93
"impracticality",6,46827630,99.93
"impregnation",6,46827636,99.93
"improvises",6,46827642,99.93
"inabilities",6,46827648,99.93
"inaugurates",6,46827654,99.93
"incandescence",6,46827660,99.93
"incisors",6,46827666,99.93
"incompetently",6,46827672,99.93
"incompletely",6,46827678,99.93
"inconstant",6,46827684,99.93
"incriminated",6,46827690,99.93
"inculcating",6,46827696,99.93
"indecently",6,46827702,99.93
"indecorous",6,46827708,99.93
"indeterminacy",6,46827714,99.93
"indiscernible",6,46827720,99.93
"individualize",6,46827726,99.93
"ineffably",6,46827732,99.93
"ineffectually",6,46827738,99.93
"infiltrator",6,46827744,99.93
"infinitesimally",6,46827750,99.93
"ingests",6,46827756,99.93
"inkblot",6,46827762,99.93
"inseparably",6,46827768,99.93
"insertions",6,46827774,99.93
"institutionalizing",6,46827780,99.93
"instrumentality",6,46827786,99.93
"insulators",6,46827792,99.93
"insupportable",6,46827798,99.93
"insurrections",6,46827804,99.93
"intellectualize",6,46827810,99.93
"interdenominational",6,46827816,99.93
"interlacing",6,46827822,99.93
"intermingle",6,46827828,99.93
"interpolation",6,46827834,99.93
"interrogative",6,46827840,99.93
"intonations",6,46827846,99.93
"intoning",6,46827852,99.93
"intoxicate",6,46827858,99.93
"intuited",6,46827864,99.93
"inviolate",6,46827870,99.93
"iquitos",6,46827876,99.93
"irrecoverable",6,46827882,99.93
"isidro",6,46827888,99.93
"italicize",6,46827894,99.93
"jackboot",6,46827900,99.93
"janacek",6,46827906,99.93
"jasmines",6,46827912,99.93
"jinnah",6,46827918,99.93
"joyfulness",6,46827924,99.93
"jubilees",6,46827930,99.93
"judicially",6,46827936,99.93
"julliard",6,46827942,99.93
"kansan",6,46827948,99.93
"katina",6,46827954,99.93
"kaunas",6,46827960,99.93
"kayaked",6,46827966,99.93
"kibitz",6,46827972,99.93
"kieth",6,46827978,99.93
"kikuyu",6,46827984,99.93
"kingfishers",6,46827990,99.93
"kinked",6,46827996,99.93
"kirov",6,46828002,99.93
"kluge",6,46828008,99.93
"knapsacks",6,46828014,99.93
"laburnum",6,46828020,99.93
"lacunae",6,46828026,99.93
"ladyship",6,46828032,99.93
"lairs",6,46828038,99.93
"landlubber",6,46828044,99.93
"landlubbers",6,46828050,99.93
"lank",6,46828056,99.93
"lapwings",6,46828062,99.93
"lascaux",6,46828068,99.93
"lassoing",6,46828074,99.93
"lathers",6,46828080,99.93
"laundress",6,46828086,99.93
"lazies",6,46828092,99.93
"leanness",6,46828098,99.93
"leavings",6,46828104,99.93
"legalizes",6,46828110,99.93
"legals",6,46828116,99.93
"legendre",6,46828122,99.93
"legerdemain",6,46828128,99.93
"leghorn",6,46828134,99.93
"lemuria",6,46828140,99.93
"leta",6,46828146,99.93
"levered",6,46828152,99.93
"lexicographer",6,46828158,99.93
"liberalize",6,46828164,99.93
"liberians",6,46828170,99.93
"libertines",6,46828176,99.93
"lifework",6,46828182,99.93
"lignite",6,46828188,99.93
"linchpins",6,46828194,99.93
"lincolns",6,46828200,99.93
"lineal",6,46828206,99.93
"linnet",6,46828212,99.93
"lisping",6,46828218,99.93
"lithographic",6,46828224,99.93
"liverwurst",6,46828230,99.93
"lix",6,46828236,99.93
"loftiest",6,46828242,99.93
"loitered",6,46828248,99.93
"looter",6,46828254,99.93
"lops",6,46828260,99.93
"lovebird",6,46828266,99.93
"lowliness",6,46828272,99.93
"lucknow",6,46828278,99.93
"luria",6,46828284,99.93
"lyell",6,46828290,99.93
"macerate",6,46828296,99.93
"macrobiotic",6,46828302,99.93
"magnetize",6,46828308,99.93
"magog",6,46828314,99.93
"magyar",6,46828320,99.93
"maharani",6,46828326,99.93
"mailmen",6,46828332,99.93
"mainframes",6,46828338,99.93
"mainlining",6,46828344,99.93
"maitreya",6,46828350,99.93
"malodorous",6,46828356,99.93
"mandingo",6,46828362,99.93
"manged",6,46828368,99.93
"manlier",6,46828374,99.93
"mantegna",6,46828380,99.93
"mantises",6,46828386,99.93
"marcher",6,46828392,99.93
"markov",6,46828398,99.93
"marseillaise",6,46828404,99.93
"masada",6,46828410,99.93
"masonite",6,46828416,99.93
"materialization",6,46828422,99.93
"matricide",6,46828428,99.93
"mattock",6,46828434,99.93
"maturely",6,46828440,99.93
"mauser",6,46828446,99.93
"meadowlarks",6,46828452,99.93
"mediates",6,46828458,99.93
"medicinally",6,46828464,99.93
"megachurches",6,46828470,99.93
"megaliths",6,46828476,99.93
"menominee",6,46828482,99.93
"merganser",6,46828488,99.93
"mermen",6,46828494,99.93
"merriest",6,46828500,99.93
"merrymakers",6,46828506,99.93
"mestizos",6,46828512,99.93
"metabolized",6,46828518,99.93
"metamorphic",6,46828524,99.93
"metamorphosing",6,46828530,99.93
"methodism",6,46828536,99.93
"microloans",6,46828542,99.93
"middies",6,46828548,99.93
"minimalists",6,46828554,99.93
"mirabeau",6,46828560,99.93
"mirthless",6,46828566,99.93
"misapprehension",6,46828572,99.93
"misapprehensions",6,46828578,99.93
"misbehaves",6,46828584,99.93
"misers",6,46828590,99.93
"misguiding",6,46828596,99.93
"misinterprets",6,46828602,99.93
"mispronounce",6,46828608,99.93
"mispronunciation",6,46828614,99.93
"mistimed",6,46828620,99.93
"mistranslated",6,46828626,99.93
"mistype",6,46828632,99.93
"mocker",6,46828638,99.93
"modigliani",6,46828644,99.93
"moho",6,46828650,99.93
"molt",6,46828656,99.93
"monarchists",6,46828662,99.93
"monasticism",6,46828668,99.93
"moneybags",6,46828674,99.93
"monopolist",6,46828680,99.93
"monopolizing",6,46828686,99.93
"monotheist",6,46828692,99.93
"montserrat",6,46828698,99.93
"moochers",6,46828704,99.93
"mopes",6,46828710,99.93
"moralists",6,46828716,99.93
"morgues",6,46828722,99.93
"morphological",6,46828728,99.93
"morticians",6,46828734,99.93
"mountie",6,46828740,99.93
"mousetraps",6,46828746,99.93
"mousing",6,46828752,99.93
"muffling",6,46828758,99.93
"mulches",6,46828764,99.93
"munches",6,46828770,99.93
"murchison",6,46828776,99.93
"musketeer",6,46828782,99.93
"nanchang",6,46828788,99.93
"naughtier",6,46828794,99.93
"nauru",6,46828800,99.93
"necromancers",6,46828806,99.93
"negligees",6,46828812,99.93
"neocolonialism",6,46828818,99.93
"neuters",6,46828824,99.93
"neutrally",6,46828830,99.93
"newsgroups",6,46828836,99.93
"nibblers",6,46828842,99.93
"nicaraguans",6,46828848,99.93
"nijinsky",6,46828854,99.93
"noblemen",6,46828860,99.93
"noiseless",6,46828866,99.93
"nondrinkers",6,46828872,99.93
"nonliving",6,46828878,99.93
"nonprofessional",6,46828884,99.93
"nonrenewable",6,46828890,99.93
"notionally",6,46828896,99.93
"novosibirsk",6,46828902,99.93
"nucleic",6,46828908,99.93
"nuthatch",6,46828914,99.93
"nymphomaniacs",6,46828920,99.93
"obligates",6,46828926,99.93
"obstreperous",6,46828932,99.93
"obviate",6,46828938,99.93
"offed",6,46828944,99.93
"oho",6,46828950,99.93
"oiliness",6,46828956,99.93
"okays",6,46828962,99.93
"olen",6,46828968,99.93
"orals",6,46828974,99.93
"orators",6,46828980,99.93
"orientals",6,46828986,99.93
"oscillator",6,46828992,99.93
"osmotic",6,46828998,99.93
"osteopath",6,46829004,99.93
"ouagadougou",6,46829010,99.93
"outbidding",6,46829016,99.93
"outflanked",6,46829022,99.93
"outliving",6,46829028,99.93
"outnumbers",6,46829034,99.93
"outranks",6,46829040,99.93
"outspokenly",6,46829046,99.93
"outweighing",6,46829052,99.93
"overages",6,46829058,99.93
"overbook",6,46829064,99.93
"overclocked",6,46829070,99.93
"overcompensates",6,46829076,99.93
"overfull",6,46829082,99.93
"overhung",6,46829088,99.93
"overindulging",6,46829094,99.93
"overpricing",6,46829100,99.93
"overrunning",6,46829106,99.93
"oversexed",6,46829112,99.93
"overshare",6,46829118,99.93
"oversteps",6,46829124,99.93
"oxidizing",6,46829130,99.93
"paglia",6,46829136,99.93
"pairwise",6,46829142,99.93
"palaver",6,46829148,99.93
"palpitating",6,46829154,99.93
"pandered",6,46829160,99.93
"paraguayan",6,46829166,99.93
"paramours",6,46829172,99.93
"parapsychology",6,46829178,99.93
"parlaying",6,46829184,99.93
"parochialism",6,46829190,99.93
"partaker",6,46829196,99.93
"participles",6,46829202,99.93
"pastiches",6,46829208,99.93
"patagonian",6,46829214,99.93
"patchworks",6,46829220,99.93
"paymasters",6,46829226,99.93
"pealing",6,46829232,99.93
"peccary",6,46829238,99.93
"pedagogue",6,46829244,99.93
"pedant",6,46829250,99.93
"pedantry",6,46829256,99.93
"pellucid",6,46829262,99.93
"pelvises",6,46829268,99.93
"penetrations",6,46829274,99.93
"penknife",6,46829280,99.93
"pentagons",6,46829286,99.93
"pepped",6,46829292,99.93
"perceptibly",6,46829298,99.93
"perkiness",6,46829304,99.93
"pharmacologist",6,46829310,99.93
"philanthropies",6,46829316,99.93
"phoenicia",6,46829322,99.93
"phoneme",6,46829328,99.93
"phonemes",6,46829334,99.93
"piggybacked",6,46829340,99.93
"pigpen",6,46829346,99.93
"pillboxes",6,46829352,99.93
"pimiento",6,46829358,99.93
"pincer",6,46829364,99.93
"pincers",6,46829370,99.93
"pinholes",6,46829376,99.93
"pinked",6,46829382,99.93
"pirouetting",6,46829388,99.93
"plaited",6,46829394,99.93
"plangent",6,46829400,99.93
"platonism",6,46829406,99.93
"playacting",6,46829412,99.93
"pleaders",6,46829418,99.93
"pleasantest",6,46829424,99.93
"pleasurably",6,46829430,99.93
"pleistocene",6,46829436,99.93
"plenteous",6,46829442,99.93
"plurals",6,46829448,99.93
"plusher",6,46829454,99.93
"pocketknife",6,46829460,99.93
"poisoner",6,46829466,99.93
"polygamists",6,46829472,99.93
"pommel",6,46829478,99.93
"popularization",6,46829484,99.93
"portraitist",6,46829490,99.93
"possibles",6,46829496,99.93
"postbox",6,46829502,99.93
"postured",6,46829508,99.93
"pottered",6,46829514,99.93
"poussin",6,46829520,99.93
"powerboat",6,46829526,99.93
"precociously",6,46829532,99.93
"predisposes",6,46829538,99.93
"predominated",6,46829544,99.93
"preempting",6,46829550,99.93
"preempts",6,46829556,99.93
"prefiguring",6,46829562,99.93
"preheats",6,46829568,99.93
"prepaying",6,46829574,99.93
"prettify",6,46829580,99.93
"prickles",6,46829586,99.93
"primp",6,46829592,99.93
"privileging",6,46829598,99.93
"problematical",6,46829604,99.93
"proctored",6,46829610,99.94
"progenitors",6,46829616,99.94
"prognosticating",6,46829622,99.94
"proletarians",6,46829628,99.94
"promiscuously",6,46829634,99.94
"promptings",6,46829640,99.94
"pron",6,46829646,99.94
"propagandized",6,46829652,99.94
"proposer",6,46829658,99.94
"proscribe",6,46829664,99.94
"prostrated",6,46829670,99.94
"prostration",6,46829676,99.94
"protectively",6,46829682,99.94
"protestation",6,46829688,99.94
"providentially",6,46829694,99.94
"prowlers",6,46829700,99.94
"prudes",6,46829706,99.94
"psychobabble",6,46829712,99.94
"psychotics",6,46829718,99.94
"ptolemaic",6,46829724,99.94
"pugilistic",6,46829730,99.94
"pullovers",6,46829736,99.94
"pulsated",6,46829742,99.94
"pulverize",6,46829748,99.94
"pummels",6,46829754,99.94
"punctually",6,46829760,99.94
"pureeing",6,46829766,99.94
"purus",6,46829772,99.94
"purvey",6,46829778,99.94
"pygmalion",6,46829784,99.94
"pyramidal",6,46829790,99.94
"quaintness",6,46829796,99.94
"quantifies",6,46829802,99.94
"quartering",6,46829808,99.94
"quashing",6,46829814,99.94
"quatrain",6,46829820,99.94
"quaver",6,46829826,99.94
"quiescence",6,46829832,99.94
"quietus",6,46829838,99.94
"quintets",6,46829844,99.94
"quirkier",6,46829850,99.94
"racier",6,46829856,99.94
"radiations",6,46829862,99.94
"radioing",6,46829868,99.94
"ragamuffin",6,46829874,99.94
"rajah",6,46829880,99.94
"ramification",6,46829886,99.94
"rampantly",6,46829892,99.94
"rankling",6,46829898,99.94
"rashly",6,46829904,99.94
"raster",6,46829910,99.94
"raunchiest",6,46829916,99.94
"rawer",6,46829922,99.94
"reaming",6,46829928,99.94
"rebuts",6,46829934,99.94
"reclassifying",6,46829940,99.94
"recombined",6,46829946,99.94
"reconditioning",6,46829952,99.94
"rectors",6,46829958,99.94
"redistributes",6,46829964,99.94
"redoubling",6,46829970,99.94
"reexamining",6,46829976,99.94
"refinances",6,46829982,99.94
"refitting",6,46829988,99.94
"regattas",6,46829994,99.94
"regresses",6,46830000,99.94
"reinsert",6,46830006,99.94
"remarries",6,46830012,99.94
"remitting",6,46830018,99.94
"remunerative",6,46830024,99.94
"renumbered",6,46830030,99.94
"reorg",6,46830036,99.94
"reorganizes",6,46830042,99.94
"repairmen",6,46830048,99.94
"repayable",6,46830054,99.94
"repertoires",6,46830060,99.94
"rephrasing",6,46830066,99.94
"replications",6,46830072,99.94
"requester",6,46830078,99.94
"requited",6,46830084,99.94
"resonator",6,46830090,99.94
"resonators",6,46830096,99.94
"restrains",6,46830102,99.94
"restructurings",6,46830108,99.94
"resurrections",6,46830114,99.94
"resuscitating",6,46830120,99.94
"retouch",6,46830126,99.94
"retrenched",6,46830132,99.94
"retrogressive",6,46830138,99.94
"retrospection",6,46830144,99.94
"retrying",6,46830150,99.94
"revocations",6,46830156,99.94
"revokes",6,46830162,99.94
"rewording",6,46830168,99.94
"rhapsodies",6,46830174,99.94
"rhapsodizing",6,46830180,99.94
"rhetorician",6,46830186,99.94
"rhinoceroses",6,46830192,99.94
"rickets",6,46830198,99.94
"riddling",6,46830204,99.94
"ringworm",6,46830210,99.94
"riskiness",6,46830216,99.94
"roils",6,46830222,99.94
"romanticizes",6,46830228,99.94
"rooter",6,46830234,99.94
"roseate",6,46830240,99.94
"roughhouse",6,46830246,99.94
"rowdiest",6,46830252,99.94
"royalists",6,46830258,99.94
"ruffing",6,46830264,99.94
"ruminant",6,46830270,99.94
"rusticity",6,46830276,99.94
"sables",6,46830282,99.94
"sachem",6,46830288,99.94
"sadistically",6,46830294,99.94
"sahel",6,46830300,99.94
"sakharov",6,46830306,99.94
"salespersons",6,46830312,99.94
"salvadorans",6,46830318,99.94
"salvages",6,46830324,99.94
"sambas",6,46830330,99.94
"samovar",6,46830336,99.94
"samurais",6,46830342,99.94
"sandbagged",6,46830348,99.94
"sandbars",6,46830354,99.94
"sardonically",6,46830360,99.94
"sase",6,46830366,99.94
"satyrs",6,46830372,99.94
"saucing",6,46830378,99.94
"sawyers",6,46830384,99.94
"scabrous",6,46830390,99.94
"scaffolds",6,46830396,99.94
"scarlatti",6,46830402,99.94
"scatting",6,46830408,99.94
"schoolmistress",6,46830414,99.94
"schoolyards",6,46830420,99.94
"scimitar",6,46830426,99.94
"sclerotic",6,46830432,99.94
"scotched",6,46830438,99.94
"scrounger",6,46830444,99.94
"scrunches",6,46830450,99.94
"scrunchy",6,46830456,99.94
"scudding",6,46830462,99.94
"scuffs",6,46830468,99.94
"scuttles",6,46830474,99.94
"sealers",6,46830480,99.94
"seaming",6,46830486,99.94
"searchlights",6,46830492,99.94
"seceding",6,46830498,99.94
"seconding",6,46830504,99.94
"sedating",6,46830510,99.94
"seediness",6,46830516,99.94
"seismology",6,46830522,99.94
"selloffs",6,46830528,99.94
"sentimentalist",6,46830534,99.94
"septembers",6,46830540,99.94
"septet",6,46830546,99.94
"septicemia",6,46830552,99.94
"servicewomen",6,46830558,99.94
"sevastopol",6,46830564,99.94
"shadiest",6,46830570,99.94
"shafting",6,46830576,99.94
"shakiness",6,46830582,99.94
"shantung",6,46830588,99.94
"sherries",6,46830594,99.94
"shipmate",6,46830600,99.94
"shipshape",6,46830606,99.94
"shipwright",6,46830612,99.94
"shoeing",6,46830618,99.94
"shortish",6,46830624,99.94
"shrewdness",6,46830630,99.94
"shrike",6,46830636,99.94
"shunting",6,46830642,99.94
"sicilians",6,46830648,99.94
"sidewalls",6,46830654,99.94
"sidings",6,46830660,99.94
"signboard",6,46830666,99.94
"signboards",6,46830672,99.94
"sillies",6,46830678,99.94
"sincerer",6,46830684,99.94
"sindhi",6,46830690,99.94
"siphons",6,46830696,99.94
"sisyphean",6,46830702,99.94
"sixtieth",6,46830708,99.94
"skippered",6,46830714,99.94
"skulks",6,46830720,99.94
"skywriting",6,46830726,99.94
"slacken",6,46830732,99.94
"sledges",6,46830738,99.94
"sleekly",6,46830744,99.94
"slippages",6,46830750,99.94
"slithery",6,46830756,99.94
"slobbered",6,46830762,99.94
"slops",6,46830768,99.94
"sloughs",6,46830774,99.94
"slyness",6,46830780,99.94
"smackers",6,46830786,99.94
"smollett",6,46830792,99.94
"smooched",6,46830798,99.94
"smuggles",6,46830804,99.94
"snappish",6,46830810,99.94
"sobers",6,46830816,99.94
"softwood",6,46830822,99.94
"sorrowfully",6,46830828,99.94
"southey",6,46830834,99.94
"soyinka",6,46830840,99.94
"spacesuits",6,46830846,99.94
"sparser",6,46830852,99.94
"spates",6,46830858,99.94
"spectroscopy",6,46830864,99.94
"spiriting",6,46830870,99.94
"splats",6,46830876,99.94
"spooled",6,46830882,99.94
"sporran",6,46830888,99.94
"sportswomen",6,46830894,99.94
"stalingrad",6,46830900,99.94
"stampeded",6,46830906,99.94
"standpoints",6,46830912,99.94
"steadicam",6,46830918,99.94
"steamships",6,46830924,99.94
"steeps",6,46830930,99.94
"stepfathers",6,46830936,99.94
"stilling",6,46830942,99.94
"stockade",6,46830948,99.94
"storehouses",6,46830954,99.94
"stoutly",6,46830960,99.94
"strewed",6,46830966,99.94
"sturdiest",6,46830972,99.94
"stymies",6,46830978,99.94
"subclass",6,46830984,99.94
"subdues",6,46830990,99.94
"subhead",6,46830996,99.94
"submersion",6,46831002,99.94
"subsonic",6,46831008,99.94
"substrata",6,46831014,99.94
"subtractions",6,46831020,99.94
"subtracts",6,46831026,99.94
"suckled",6,46831032,99.94
"suffusing",6,46831038,99.94
"superimposing",6,46831044,99.94
"suppositories",6,46831050,99.94
"suriname",6,46831056,99.94
"surmising",6,46831062,99.94
"surmounting",6,46831068,99.94
"suva",6,46831074,99.94
"suzhou",6,46831080,99.94
"svengali",6,46831086,99.94
"swearer",6,46831092,99.94
"swedenborg",6,46831098,99.94
"syllabic",6,46831104,99.94
"syntactic",6,46831110,99.94
"tabulator",6,46831116,99.94
"tailwinds",6,46831122,99.94
"taney",6,46831128,99.94
"tankful",6,46831134,99.94
"tapeworms",6,46831140,99.94
"taprooms",6,46831146,99.94
"tare",6,46831152,99.94
"tasering",6,46831158,99.94
"tasseled",6,46831164,99.94
"tatter",6,46831170,99.94
"tealight",6,46831176,99.94
"telemann",6,46831182,99.94
"televangelists",6,46831188,99.94
"temping",6,46831194,99.94
"tendentious",6,46831200,99.94
"tenderest",6,46831206,99.94
"tenderized",6,46831212,99.94
"teotihuacan",6,46831218,99.94
"thaws",6,46831224,99.94
"theodosius",6,46831230,99.94
"thermoses",6,46831236,99.94
"thickeners",6,46831242,99.94
"thieu",6,46831248,99.94
"thingamajigs",6,46831254,99.94
"thorniest",6,46831260,99.94
"thoroughgoing",6,46831266,99.94
"threescore",6,46831272,99.94
"throwaways",6,46831278,99.94
"thumbtack",6,46831284,99.94
"thunderheads",6,46831290,99.94
"tiberius",6,46831296,99.94
"tiddlywinks",6,46831302,99.94
"tippecanoe",6,46831308,99.94
"tippler",6,46831314,99.94
"titillated",6,46831320,99.94
"titmice",6,46831326,99.94
"tittering",6,46831332,99.94
"toileting",6,46831338,99.94
"toilette",6,46831344,99.94
"toltec",6,46831350,99.94
"toothaches",6,46831356,99.94
"topknot",6,46831362,99.94
"toques",6,46831368,99.94
"torpid",6,46831374,99.94
"torqued",6,46831380,99.94
"torquing",6,46831386,99.94
"tortola",6,46831392,99.94
"tottered",6,46831398,99.94
"toughens",6,46831404,99.94
"tramples",6,46831410,99.94
"trances",6,46831416,99.94
"transgressors",6,46831422,99.94
"transmigration",6,46831428,99.94
"transmissible",6,46831434,99.94
"transpose",6,46831440,99.94
"transubstantiation",6,46831446,99.94
"treacherously",6,46831452,99.94
"tricolor",6,46831458,99.94
"trifled",6,46831464,99.94
"trivets",6,46831470,99.94
"tromp",6,46831476,99.94
"tugboats",6,46831482,99.94
"tuneless",6,46831488,99.94
"turncoats",6,46831494,99.94
"turquoises",6,46831500,99.94
"turtledove",6,46831506,99.94
"tutankhamen",6,46831512,99.94
"tuvalu",6,46831518,99.94
"twerks",6,46831524,99.94
"twigged",6,46831530,99.94
"twinned",6,46831536,99.94
"unacquainted",6,46831542,99.94
"unbind",6,46831548,99.94
"unbinding",6,46831554,99.94
"unblocking",6,46831560,99.94
"unbuttoning",6,46831566,99.94
"uncomplaining",6,46831572,99.94
"unconvincingly",6,46831578,99.94
"uncorroborated",6,46831584,99.94
"undecipherable",6,46831590,99.94
"undefended",6,46831596,99.94
"undelivered",6,46831602,99.94
"undemonstrative",6,46831608,99.94
"undergrounds",6,46831614,99.94
"underrate",6,46831620,99.94
"underselling",6,46831626,99.94
"undulated",6,46831632,99.94
"uneventfully",6,46831638,99.94
"unfeigned",6,46831644,99.94
"unfriending",6,46831650,99.94
"unfriends",6,46831656,99.94
"unfurnished",6,46831662,99.94
"unhappiest",6,46831668,99.94
"unhealthiest",6,46831674,99.94
"unhesitatingly",6,46831680,99.94
"unhitched",6,46831686,99.94
"unimpaired",6,46831692,99.94
"unlatch",6,46831698,99.94
"unlatched",6,46831704,99.94
"unmodified",6,46831710,99.94
"unobservant",6,46831716,99.94
"unregenerate",6,46831722,99.94
"unrepeatable",6,46831728,99.94
"unstressed",6,46831734,99.94
"unutterably",6,46831740,99.94
"unwraps",6,46831746,99.94
"updrafts",6,46831752,99.94
"usurer",6,46831758,99.94
"uteri",6,46831764,99.94
"valedictory",6,46831770,99.94
"vanguards",6,46831776,99.94
"vaporizing",6,46831782,99.94
"vaporous",6,46831788,99.94
"venality",6,46831794,99.94
"ventriloquists",6,46831800,99.94
"verminous",6,46831806,99.94
"veronese",6,46831812,99.94
"viaducts",6,46831818,99.94
"vicarage",6,46831824,99.94
"viewfinders",6,46831830,99.94
"visages",6,46831836,99.94
"vitreous",6,46831842,99.94
"vocalization",6,46831848,99.94
"volstead",6,46831854,99.94
"voltages",6,46831860,99.94
"vonda",6,46831866,99.94
"voyaging",6,46831872,99.94
"wapiti",6,46831878,99.94
"warbled",6,46831884,99.94
"warder",6,46831890,99.94
"warty",6,46831896,99.94
"washtub",6,46831902,99.94
"waspish",6,46831908,99.94
"wassailing",6,46831914,99.94
"waterfronts",6,46831920,99.94
"weaseled",6,46831926,99.94
"weatherized",6,46831932,99.94
"wedging",6,46831938,99.94
"weeper",6,46831944,99.94
"welshmen",6,46831950,99.94
"wests",6,46831956,99.94
"whistlers",6,46831962,99.94
"whiteners",6,46831968,99.94
"whitens",6,46831974,99.94
"wholesaling",6,46831980,99.94
"whorehouses",6,46831986,99.94
"whorl",6,46831992,99.94
"whorls",6,46831998,99.94
"wights",6,46832004,99.94
"wilburn",6,46832010,99.94
"winches",6,46832016,99.94
"windier",6,46832022,99.94
"winesap",6,46832028,99.94
"woodchucks",6,46832034,99.94
"woodpile",6,46832040,99.94
"worming",6,46832046,99.94
"wreathed",6,46832052,99.94
"wriggles",6,46832058,99.94
"wrings",6,46832064,99.94
"wrinklies",6,46832070,99.94
"wrongdoer",6,46832076,99.94
"xxii",6,46832082,99.94
"yaqui",6,46832088,99.94
"yemenis",6,46832094,99.94
"yipping",6,46832100,99.94
"yuks",6,46832106,99.94
"zanies",6,46832112,99.94
"zebedee",6,46832118,99.94
"zeffirelli",6,46832124,99.94
"zeppelins",6,46832130,99.94
"zoroastrianism",6,46832136,99.94
"aardvarks",5,46832141,99.94
"abbesses",5,46832146,99.94
"abbrev",5,46832151,99.94
"abbreviating",5,46832156,99.94
"abductee",5,46832161,99.94
"abductees",5,46832166,99.94
"abjure",5,46832171,99.94
"aborigine",5,46832176,99.94
"abortionist",5,46832181,99.94
"abruptness",5,46832186,99.94
"absorbency",5,46832191,99.94
"abstainer",5,46832196,99.94
"abyssinia",5,46832201,99.94
"accedes",5,46832206,99.94
"acclimates",5,46832211,99.94
"accost",5,46832216,99.94
"accumulator",5,46832221,99.94
"accusingly",5,46832226,99.94
"acidly",5,46832231,99.94
"acquiesces",5,46832236,99.94
"actualizing",5,46832241,99.94
"adages",5,46832246,99.94
"addressable",5,46832251,99.94
"adjectival",5,46832256,99.94
"adjudicating",5,46832261,99.94
"administrate",5,46832266,99.94
"adventured",5,46832271,99.94
"advisability",5,46832276,99.94
"aesthetes",5,46832281,99.94
"affronts",5,46832286,99.94
"agassiz",5,46832291,99.94
"agitations",5,46832296,99.94
"agribusinesses",5,46832301,99.94
"agriculturalist",5,46832306,99.94
"agronomist",5,46832311,99.94
"airings",5,46832316,99.94
"akihito",5,46832321,99.94
"akkad",5,46832326,99.94
"albatrosses",5,46832331,99.94
"aldebaran",5,46832336,99.94
"allergists",5,46832341,99.94
"ambassadorship",5,46832346,99.94
"ameliorating",5,46832351,99.94
"americanize",5,46832356,99.94
"amerindians",5,46832361,99.94
"amiability",5,46832366,99.94
"amoco",5,46832371,99.94
"amparo",5,46832376,99.94
"ampere",5,46832381,99.94
"anabaptist",5,46832386,99.94
"analgesics",5,46832391,99.94
"analogs",5,46832396,99.94
"anatolian",5,46832401,99.94
"anaxagoras",5,46832406,99.94
"ancestries",5,46832411,99.94
"anchorages",5,46832416,99.94
"anchorwoman",5,46832421,99.94
"angara",5,46832426,99.94
"animistic",5,46832431,99.94
"annulling",5,46832436,99.94
"anons",5,46832441,99.94
"antechamber",5,46832446,99.94
"anteroom",5,46832451,99.94
"antiaircraft",5,46832456,99.94
"antiperspirant",5,46832461,99.94
"antiphonal",5,46832466,99.94
"apia",5,46832471,99.94
"apiaries",5,46832476,99.94
"apocalypses",5,46832481,99.94
"apothecaries",5,46832486,99.94
"appends",5,46832491,99.94
"approbation",5,46832496,99.94
"apter",5,46832501,99.94
"aptitudes",5,46832506,99.94
"aquas",5,46832511,99.94
"aqueducts",5,46832516,99.94
"arabesques",5,46832521,99.94
"araceli",5,46832526,99.94
"arithmetical",5,46832531,99.94
"arius",5,46832536,99.94
"ashcan",5,46832541,99.94
"ashkenazim",5,46832546,99.94
"aspell",5,46832551,99.94
"aspirating",5,46832556,99.94
"assays",5,46832561,99.94
"assemblers",5,46832566,99.94
"assemblywomen",5,46832571,99.94
"assented",5,46832576,99.94
"assonance",5,46832581,99.94
"assuaging",5,46832586,99.94
"astrophysicists",5,46832591,99.94
"asturias",5,46832596,99.94
"atavism",5,46832601,99.94
"ateliers",5,46832606,99.94
"atomizer",5,46832611,99.94
"attainments",5,46832616,99.94
"audiophiles",5,46832621,99.94
"augmentations",5,46832626,99.94
"augured",5,46832631,99.94
"auspiciously",5,46832636,99.94
"authenticates",5,46832641,99.94
"averred",5,46832646,99.94
"avow",5,46832651,99.94
"avowedly",5,46832656,99.94
"axons",5,46832661,99.94
"ayes",5,46832666,99.94
"azerbaijani",5,46832671,99.94
"babushkas",5,46832676,99.94
"backdate",5,46832681,99.94
"backhands",5,46832686,99.94
"backrest",5,46832691,99.94
"backrests",5,46832696,99.94
"baffin",5,46832701,99.94
"balalaika",5,46832706,99.94
"ballpoints",5,46832711,99.94
"bamboos",5,46832716,99.94
"bantams",5,46832721,99.94
"baptizes",5,46832726,99.94
"barbiturates",5,46832731,99.94
"barbuda",5,46832736,99.94
"bareheaded",5,46832741,99.94
"barents",5,46832746,99.94
"barnstormed",5,46832751,99.94
"baronet",5,46832756,99.94
"baselines",5,46832761,99.94
"batiks",5,46832766,99.94
"battlement",5,46832771,99.94
"bayesian",5,46832776,99.94
"bearskin",5,46832781,99.94
"beautifies",5,46832786,99.94
"bedeck",5,46832791,99.94
"bedeviling",5,46832796,99.94
"beefier",5,46832801,99.94
"bellyache",5,46832806,99.94
"benedictions",5,46832811,99.94
"bequeathing",5,46832816,99.94
"berlitz",5,46832821,99.94
"berried",5,46832826,99.94
"besets",5,46832831,99.94
"besmirching",5,46832836,99.94
"bettor",5,46832841,99.94
"bides",5,46832846,99.94
"billeted",5,46832851,99.94
"billow",5,46832856,99.94
"bipeds",5,46832861,99.94
"birdcages",5,46832866,99.94
"birthmarks",5,46832871,99.94
"bitchier",5,46832876,99.94
"bitchiest",5,46832881,99.94
"bittern",5,46832886,99.94
"bituminous",5,46832891,99.94
"bivalve",5,46832896,99.94
"blackball",5,46832901,99.94
"blasphemies",5,46832906,99.94
"blearily",5,46832911,99.94
"blindfolds",5,46832916,99.94
"blindsiding",5,46832921,99.94
"bloatware",5,46832926,99.94
"bloodstain",5,46832931,99.94
"blotch",5,46832936,99.94
"blowups",5,46832941,99.94
"bluffer",5,46832946,99.94
"blurrier",5,46832951,99.94
"boasters",5,46832956,99.94
"boethius",5,46832961,99.94
"bookkeepers",5,46832966,99.94
"bostons",5,46832971,99.94
"bounder",5,46832976,99.94
"bovines",5,46832981,99.94
"bowlegged",5,46832986,99.94
"boysenberries",5,46832991,99.94
"brahmaputra",5,46832996,99.94
"brakeman",5,46833001,99.94
"breadfruit",5,46833006,99.94
"breakables",5,46833011,99.94
"breakages",5,46833016,99.94
"breakfasted",5,46833021,99.94
"breezier",5,46833026,99.94
"bridals",5,46833031,99.94
"bridgehead",5,46833036,99.94
"bridled",5,46833041,99.94
"brigand",5,46833046,99.94
"bristly",5,46833051,99.94
"broaches",5,46833056,99.94
"broadcloth",5,46833061,99.94
"broilers",5,46833066,99.94
"brooked",5,46833071,99.94
"brotherhoods",5,46833076,99.94
"browbeat",5,46833081,99.94
"brownout",5,46833086,99.94
"buffeting",5,46833091,99.94
"bugaboos",5,46833096,99.94
"bulgy",5,46833101,99.94
"bulks",5,46833106,99.94
"bulrushes",5,46833111,99.94
"bumptious",5,46833116,99.94
"bundesbank",5,46833121,99.94
"bundestag",5,46833126,99.94
"bunged",5,46833131,99.94
"burgeoned",5,46833136,99.94
"burgher",5,46833141,99.94
"burgoyne",5,46833146,99.94
"bursitis",5,46833151,99.94
"byplay",5,46833156,99.94
"caftans",5,46833161,99.94
"calibers",5,46833166,99.94
"callao",5,46833171,99.94
"calumny",5,46833176,99.94
"camouflaging",5,46833181,99.94
"camshaft",5,46833186,99.94
"canaletto",5,46833191,99.94
"candelabra",5,46833196,99.94
"candidness",5,46833201,99.94
"cannibalized",5,46833206,99.94
"canted",5,46833211,99.94
"cantilevers",5,46833216,99.94
"cantos",5,46833221,99.94
"capillary",5,46833226,99.94
"carborundum",5,46833231,99.94
"caricaturing",5,46833236,99.94
"caricaturist",5,46833241,99.94
"carnelian",5,46833246,99.94
"casandra",5,46833251,99.94
"cassock",5,46833256,99.94
"catarrh",5,46833261,99.94
"categorizations",5,46833266,99.94
"causalities",5,46833271,99.94
"caustically",5,46833276,99.94
"cedes",5,46833281,99.94
"censer",5,46833286,99.94
"censures",5,46833291,99.94
"centennials",5,46833296,99.94
"chaffinch",5,46833301,99.94
"chandlers",5,46833306,99.94
"chargeable",5,46833311,99.94
"charismatics",5,46833316,99.94
"chary",5,46833321,99.94
"chatterboxes",5,46833326,99.94
"cheapening",5,46833331,99.94
"chicest",5,46833336,99.94
"chiclets",5,46833341,99.94
"chimeras",5,46833346,99.94
"choreographs",5,46833351,99.94
"chortles",5,46833356,99.94
"chubbiness",5,46833361,99.94
"cinches",5,46833366,99.94
"cinderellas",5,46833371,99.94
"citadels",5,46833376,99.94
"clambers",5,46833381,99.94
"classicists",5,46833386,99.94
"clearness",5,46833391,99.94
"clefts",5,46833396,99.94
"clinker",5,46833401,99.94
"clockworks",5,46833406,99.94
"clothiers",5,46833411,99.94
"cloudier",5,46833416,99.94
"cloudiest",5,46833421,99.94
"clumsiest",5,46833426,99.94
"coachman",5,46833431,99.94
"coauthors",5,46833436,99.94
"cockerels",5,46833441,99.94
"cockiest",5,46833446,99.94
"cockle",5,46833451,99.94
"cocooning",5,46833456,99.94
"cogitate",5,46833461,99.94
"cognate",5,46833466,99.94
"cohesively",5,46833471,99.94
"colonnades",5,46833476,99.94
"commissariat",5,46833481,99.94
"compassed",5,46833486,99.94
"complacently",5,46833491,99.94
"comportment",5,46833496,99.94
"comprehensives",5,46833501,99.94
"concretes",5,46833506,99.94
"concurrency",5,46833511,99.94
"condescendingly",5,46833516,99.94
"congresswomen",5,46833521,99.94
"coniferous",5,46833526,99.94
"conjectural",5,46833531,99.94
"conjectured",5,46833536,99.94
"conjurer",5,46833541,99.94
"consuls",5,46833546,99.94
"continuances",5,46833551,99.94
"contravenes",5,46833556,99.94
"conurbation",5,46833561,99.94
"convolutions",5,46833566,99.94
"copernican",5,46833571,99.94
"coriolis",5,46833576,99.94
"corpora",5,46833581,99.94
"correctives",5,46833586,99.94
"corrector",5,46833591,99.94
"corsairs",5,46833596,99.94
"cosmically",5,46833601,99.94
"costarring",5,46833606,99.94
"cottonmouth",5,46833611,99.94
"cottontails",5,46833616,99.94
"cowpokes",5,46833621,99.94
"coxswains",5,46833626,99.94
"crabbiness",5,46833631,99.94
"creasing",5,46833636,99.94
"cremating",5,46833641,99.94
"crimps",5,46833646,99.94
"crumby",5,46833651,99.94
"cryptograms",5,46833656,99.94
"crystallization",5,46833661,99.94
"cuddliest",5,46833666,99.94
"culottes",5,46833671,99.94
"cultivator",5,46833676,99.94
"cupful",5,46833681,99.94
"curitiba",5,46833686,99.94
"curtails",5,46833691,99.94
"daguerre",5,46833696,99.94
"daintiest",5,46833701,99.94
"dairymen",5,46833706,99.94
"danone",5,46833711,99.94
"dapple",5,46833716,99.94
"deafen",5,46833721,99.94
"debaucheries",5,46833726,99.94
"debited",5,46833731,99.94
"decease",5,46833736,99.94
"decelerate",5,46833741,99.94
"decentralize",5,46833746,99.94
"decentralizing",5,46833751,99.94
"decimates",5,46833756,99.94
"declination",5,46833761,99.94
"decomposes",5,46833766,99.94
"deducing",5,46833771,99.94
"dehumidifiers",5,46833776,99.94
"deigns",5,46833781,99.94
"deism",5,46833786,99.94
"deliberates",5,46833791,99.94
"delineations",5,46833796,99.94
"demarcate",5,46833801,99.94
"democratizes",5,46833806,99.94
"demosthenes",5,46833811,99.94
"demurs",5,46833816,99.94
"deplaning",5,46833821,99.94
"depopulated",5,46833826,99.94
"deprogramming",5,46833831,99.94
"deputize",5,46833836,99.94
"derailments",5,46833841,99.94
"desiccation",5,46833846,99.94
"destructively",5,46833851,99.94
"dethroning",5,46833856,99.94
"diabolic",5,46833861,99.94
"diacritics",5,46833866,99.94
"diaghilev",5,46833871,99.94
"diann",5,46833876,99.94
"diapered",5,46833881,99.94
"dicta",5,46833886,99.94
"digitalis",5,46833891,99.94
"digressive",5,46833896,99.94
"dilapidation",5,46833901,99.94
"dilatory",5,46833906,99.94
"directorships",5,46833911,99.94
"dirtiness",5,46833916,99.94
"disadvantageous",5,46833921,99.94
"disavows",5,46833926,99.94
"disburses",5,46833931,99.94
"discolorations",5,46833936,99.94
"discoloring",5,46833941,99.94
"discontinuities",5,46833946,99.94
"discouragingly",5,46833951,99.94
"disdaining",5,46833956,99.94
"disengages",5,46833961,99.94
"disillusioning",5,46833966,99.94
"disjoint",5,46833971,99.94
"dispossessing",5,46833976,99.94
"disquisition",5,46833981,99.94
"dissatisfying",5,46833986,99.94
"dissimilarities",5,46833991,99.94
"dissociate",5,46833996,99.94
"dissuades",5,46834001,99.94
"diviners",5,46834006,99.94
"divines",5,46834011,99.94
"dizzily",5,46834016,99.94
"dodos",5,46834021,99.94
"dogmatically",5,46834026,99.94
"dolefully",5,46834031,99.94
"dolling",5,46834036,99.94
"donetsk",5,46834041,99.94
"doodler",5,46834046,99.94
"dotage",5,46834051,99.94
"doubloon",5,46834056,99.94
"downbeats",5,46834061,99.94
"drachmas",5,46834066,99.94
"dragooned",5,46834071,99.94
"drainer",5,46834076,99.94
"drainers",5,46834081,99.94
"drowsily",5,46834086,99.94
"drubbed",5,46834091,99.94
"ductless",5,46834096,99.94
"duelist",5,46834101,99.94
"dumbfounding",5,46834106,99.94
"durex",5,46834111,99.94
"dustbuster",5,46834116,99.94
"dynamited",5,46834121,99.94
"dynamiting",5,46834126,99.94
"dyspepsia",5,46834131,99.94
"eakins",5,46834136,99.94
"earaches",5,46834141,99.94
"earthing",5,46834146,99.94
"economizing",5,46834151,99.94
"edibility",5,46834156,99.94
"eeriness",5,46834161,99.94
"effectuate",5,46834166,99.94
"egotist",5,46834171,99.94
"egotistic",5,46834176,99.94
"egyptology",5,46834181,99.94
"eiderdown",5,46834186,99.94
"ejaculating",5,46834191,99.94
"electrocardiograms",5,46834196,99.94
"electrocuting",5,46834201,99.94
"ellesmere",5,46834206,99.94
"elongates",5,46834211,99.94
"elucidates",5,46834216,99.94
"emaciation",5,46834221,99.94
"emasculate",5,46834226,99.94
"embellishes",5,46834231,99.94
"embezzler",5,46834236,99.94
"emulations",5,46834241,99.94
"emulsions",5,46834246,99.94
"enchanter",5,46834251,99.94
"encirclement",5,46834256,99.94
"encumbrance",5,46834261,99.94
"endlessness",5,46834266,99.94
"endurable",5,46834271,99.94
"endymion",5,46834276,99.94
"energizers",5,46834281,99.94
"enlargements",5,46834286,99.94
"enthusing",5,46834291,99.94
"entourages",5,46834296,99.95
"entreat",5,46834301,99.95
"entreated",5,46834306,99.95
"eocene",5,46834311,99.95
"epidermal",5,46834316,99.95
"epileptics",5,46834321,99.95
"eradicates",5,46834326,99.95
"erato",5,46834331,99.95
"ethnological",5,46834336,99.95
"etiology",5,46834341,99.95
"eulogize",5,46834346,99.95
"eulogizes",5,46834351,99.95
"evacuee",5,46834356,99.95
"evenness",5,46834361,99.95
"everyplace",5,46834366,99.95
"ewers",5,46834371,99.95
"excises",5,46834376,99.95
"excretions",5,46834381,99.95
"expiation",5,46834386,99.95
"exulting",5,46834391,99.95
"eyeliners",5,46834396,99.95
"eyepiece",5,46834401,99.95
"factorial",5,46834406,99.95
"familiars",5,46834411,99.95
"fannies",5,46834416,99.95
"farsighted",5,46834421,99.95
"fastidiously",5,46834426,99.95
"fatefully",5,46834431,99.95
"faultlessly",5,46834436,99.95
"fauns",5,46834441,99.95
"fazes",5,46834446,99.95
"featherweights",5,46834451,99.95
"feistier",5,46834456,99.95
"feldspar",5,46834461,99.95
"ferric",5,46834466,99.95
"festal",5,46834471,99.95
"festoon",5,46834476,99.95
"fettered",5,46834481,99.95
"fidgets",5,46834486,99.95
"fiduciaries",5,46834491,99.95
"filched",5,46834496,99.95
"filleting",5,46834501,99.95
"finagled",5,46834506,99.95
"fineness",5,46834511,99.95
"fishhook",5,46834516,99.95
"fixedly",5,46834521,99.95
"flatulent",5,46834526,99.95
"flimsier",5,46834531,99.95
"floggings",5,46834536,99.95
"floodlit",5,46834541,99.95
"flosses",5,46834546,99.95
"flouring",5,46834551,99.95
"flouts",5,46834556,99.95
"flumes",5,46834561,99.95
"flurried",5,46834566,99.95
"flusher",5,46834571,99.95
"fluster",5,46834576,99.95
"flycatchers",5,46834581,99.95
"foghorns",5,46834586,99.95
"fomented",5,46834591,99.95
"fondues",5,46834596,99.95
"footbridges",5,46834601,99.95
"footsie",5,46834606,99.95
"forbiddingly",5,46834611,99.95
"forded",5,46834616,99.95
"forearmed",5,46834621,99.95
"forefoot",5,46834626,99.95
"foregrounding",5,46834631,99.95
"forelegs",5,46834636,99.95
"forewarn",5,46834641,99.95
"forsooth",5,46834646,99.95
"foulness",5,46834651,99.95
"fpo",5,46834656,99.95
"fragonard",5,46834661,99.95
"franked",5,46834666,99.95
"freakier",5,46834671,99.95
"freemen",5,46834676,99.95
"frippery",5,46834681,99.95
"frivolities",5,46834686,99.95
"frothed",5,46834691,99.95
"fsf",5,46834696,99.95
"fujiwara",5,46834701,99.95
"fumigation",5,46834706,99.95
"furled",5,46834711,99.95
"furloughing",5,46834716,99.95
"furring",5,46834721,99.95
"fuzzball",5,46834726,99.95
"gabble",5,46834731,99.95
"gainsay",5,46834736,99.95
"gaiters",5,46834741,99.95
"galvanic",5,46834746,99.95
"gamboling",5,46834751,99.95
"gamekeepers",5,46834756,99.95
"gamine",5,46834761,99.95
"garaged",5,46834766,99.95
"garlanded",5,46834771,99.95
"gashing",5,46834776,99.95
"gaudiest",5,46834781,99.95
"gaudily",5,46834786,99.95
"gehenna",5,46834791,99.95
"gendarme",5,46834796,99.95
"gendarmes",5,46834801,99.95
"geneticists",5,46834806,99.95
"genuflecting",5,46834811,99.95
"geocaches",5,46834816,99.95
"geostationary",5,46834821,99.95
"geritol",5,46834826,99.95
"gerrymander",5,46834831,99.95
"ghostwriters",5,46834836,99.95
"giantess",5,46834841,99.95
"gibber",5,46834846,99.95
"gibbet",5,46834851,99.95
"gibes",5,46834856,99.95
"ginsu",5,46834861,99.95
"gleans",5,46834866,99.95
"glitched",5,46834871,99.95
"gloomiest",5,46834876,99.95
"glorying",5,46834881,99.95
"glutted",5,46834886,99.95
"gnaws",5,46834891,99.95
"gnupg",5,46834896,99.95
"gnus",5,46834901,99.95
"goads",5,46834906,99.95
"goofier",5,46834911,99.95
"gooks",5,46834916,99.95
"gorier",5,46834921,99.95
"gotchas",5,46834926,99.95
"grammarians",5,46834931,99.95
"grassing",5,46834936,99.95
"greened",5,46834941,99.95
"groggily",5,46834946,99.95
"groovier",5,46834951,99.95
"grosz",5,46834956,99.95
"groupers",5,46834961,99.95
"grovelling",5,46834966,99.95
"gruesomely",5,46834971,99.95
"guardhouse",5,46834976,99.95
"guesser",5,46834981,99.95
"guilder",5,46834986,99.95
"guiltier",5,46834991,99.95
"guiyang",5,46834996,99.95
"gullets",5,46835001,99.95
"gumming",5,46835006,99.95
"gunboat",5,46835011,99.95
"gutturals",5,46835016,99.95
"gyrated",5,46835021,99.95
"haggai",5,46835026,99.95
"haiphong",5,46835031,99.95
"hakluyt",5,46835036,99.95
"halberd",5,46835041,99.95
"halfpenny",5,46835046,99.95
"halftimes",5,46835051,99.95
"haloed",5,46835056,99.95
"hamiltonian",5,46835061,99.95
"hammurabi",5,46835066,99.95
"handhelds",5,46835071,99.95
"handmaidens",5,46835076,99.95
"handpicking",5,46835081,99.95
"hangul",5,46835086,99.95
"hapsburg",5,46835091,99.95
"harangues",5,46835096,99.95
"harped",5,46835101,99.95
"hauteur",5,46835106,99.95
"hazels",5,46835111,99.95
"haziness",5,46835116,99.95
"hearses",5,46835121,99.95
"hearths",5,46835126,99.95
"heartiest",5,46835131,99.95
"heartlessly",5,46835136,99.95
"heftiest",5,46835141,99.95
"heiresses",5,46835146,99.95
"hellebore",5,46835151,99.95
"helpmates",5,46835156,99.95
"hereto",5,46835161,99.95
"hermosillo",5,46835166,99.95
"heterodox",5,46835171,99.95
"hewing",5,46835176,99.95
"hexadecimal",5,46835181,99.95
"hibernated",5,46835186,99.95
"hilts",5,46835191,99.95
"himmler",5,46835196,99.95
"hindemith",5,46835201,99.95
"histamines",5,46835206,99.95
"hoedowns",5,46835211,99.95
"hogsheads",5,46835216,99.95
"homeyness",5,46835221,99.95
"homier",5,46835226,99.95
"homogenizing",5,46835231,99.95
"honeycombed",5,46835236,99.95
"hopscotched",5,46835241,99.95
"hornpipe",5,46835246,99.95
"horsed",5,46835251,99.95
"hospitalizing",5,46835256,99.95
"hotkeys",5,46835261,99.95
"hushing",5,46835266,99.95
"huskier",5,46835271,99.95
"hussies",5,46835276,99.95
"hydroplane",5,46835281,99.95
"hydroplaning",5,46835286,99.95
"hyperventilation",5,46835291,99.95
"hyphenate",5,46835296,99.95
"hysteric",5,46835301,99.95
"ibadan",5,46835306,99.95
"igneous",5,46835311,99.95
"ignoramuses",5,46835316,99.95
"illiterates",5,46835321,99.95
"illumine",5,46835326,99.95
"illumines",5,46835331,99.95
"immobilizing",5,46835336,99.95
"impasses",5,46835341,99.95
"impinging",5,46835346,99.95
"implacably",5,46835351,99.95
"impresarios",5,46835356,99.95
"imputation",5,46835361,99.95
"inaccessibility",5,46835366,99.95
"inanities",5,46835371,99.95
"inaudibly",5,46835376,99.95
"incapability",5,46835381,99.95
"incarcerations",5,46835386,99.95
"incisively",5,46835391,99.95
"incompatibilities",5,46835396,99.95
"incorporeal",5,46835401,99.95
"incorrectness",5,46835406,99.95
"inculcates",5,46835411,99.95
"incurious",5,46835416,99.95
"indelicate",5,46835421,99.95
"indeterminable",5,46835426,99.95
"indicts",5,46835431,99.95
"inelastic",5,46835436,99.95
"inexpert",5,46835441,99.95
"infarction",5,46835446,99.95
"inflammable",5,46835451,99.95
"influxes",5,46835456,99.95
"inhabitable",5,46835461,99.95
"iniquitous",5,46835466,99.95
"initiators",5,46835471,99.95
"inquisitions",5,46835476,99.95
"inquisitively",5,46835481,99.95
"inseminated",5,46835486,99.95
"insensible",5,46835491,99.95
"intellectualized",5,46835496,99.95
"interbreed",5,46835501,99.95
"interpolated",5,46835506,99.95
"interrogatories",5,46835511,99.95
"interstices",5,46835516,99.95
"intimating",5,46835521,99.95
"investiture",5,46835526,99.95
"ionian",5,46835531,99.95
"ipecac",5,46835536,99.95
"irishwoman",5,46835541,99.95
"irking",5,46835546,99.95
"irradiate",5,46835551,99.95
"irremediable",5,46835556,99.95
"irreverently",5,46835561,99.95
"ivies",5,46835566,99.95
"izanagi",5,46835571,99.95
"jackboots",5,46835576,99.95
"jacksonian",5,46835581,99.95
"jacobin",5,46835586,99.95
"jaggedly",5,46835591,99.95
"jauntiness",5,46835596,99.95
"jayawardene",5,46835601,99.95
"jaywalk",5,46835606,99.95
"jaywalkers",5,46835611,99.95
"jazzing",5,46835616,99.95
"jelling",5,46835621,99.95
"jested",5,46835626,99.95
"jetway",5,46835631,99.95
"jewelries",5,46835636,99.95
"jinan",5,46835641,99.95
"jollity",5,46835646,99.95
"junkers",5,46835651,99.95
"katmai",5,46835656,99.95
"kibitzing",5,46835661,99.95
"kittenish",5,46835666,99.95
"kleptomaniac",5,46835671,99.95
"knickknack",5,46835676,99.95
"knighthoods",5,46835681,99.95
"knockwurst",5,46835686,99.95
"kojak",5,46835691,99.95
"krone",5,46835696,99.95
"labial",5,46835701,99.95
"lakisha",5,46835706,99.95
"lambent",5,46835711,99.95
"lamed",5,46835716,99.95
"lanced",5,46835721,99.95
"languorously",5,46835726,99.95
"larcenies",5,46835731,99.95
"lasciviousness",5,46835736,99.95
"lassos",5,46835741,99.95
"lateran",5,46835746,99.95
"lathering",5,46835751,99.95
"latisha",5,46835756,99.95
"lavatories",5,46835761,99.95
"lavishness",5,46835766,99.95
"laypersons",5,46835771,99.95
"leakages",5,46835776,99.95
"learjet",5,46835781,99.95
"leasehold",5,46835786,99.95
"leaseholder",5,46835791,99.95
"lechery",5,46835796,99.95
"legate",5,46835801,99.95
"lemuel",5,46835806,99.95
"leonel",5,46835811,99.95
"leonine",5,46835816,99.95
"leopoldo",5,46835821,99.95
"liberality",5,46835826,99.95
"libidinous",5,46835831,99.95
"lichens",5,46835836,99.95
"lifeworks",5,46835841,99.95
"limburger",5,46835846,99.95
"liniment",5,46835851,99.95
"linker",5,46835856,99.95
"lipsticked",5,46835861,99.95
"listlessness",5,46835866,99.95
"llano",5,46835871,99.95
"lockean",5,46835876,99.95
"lockets",5,46835881,99.95
"loftily",5,46835886,99.95
"logician",5,46835891,99.95
"logjams",5,46835896,99.95
"lolls",5,46835901,99.95
"lordly",5,46835906,99.95
"lorentz",5,46835911,99.95
"lorn",5,46835916,99.95
"lubavitcher",5,46835921,99.95
"lucking",5,46835926,99.95
"ludhiana",5,46835931,99.95
"mackinaw",5,46835936,99.95
"maddens",5,46835941,99.95
"madrasa",5,46835946,99.95
"maginot",5,46835951,99.95
"magnifiers",5,46835956,99.95
"maharajah",5,46835961,99.95
"maidenform",5,46835966,99.95
"maidservant",5,46835971,99.95
"maims",5,46835976,99.95
"maintainers",5,46835981,99.95
"majesties",5,46835986,99.95
"malefactor",5,46835991,99.95
"mallows",5,46835996,99.95
"malraux",5,46836001,99.95
"maricela",5,46836006,99.95
"maritza",5,46836011,99.95
"marmots",5,46836016,99.95
"martinet",5,46836021,99.95
"matins",5,46836026,99.95
"melanesian",5,46836031,99.95
"melodramatically",5,46836036,99.95
"menander",5,46836041,99.95
"mender",5,46836046,99.95
"menes",5,46836051,99.95
"menses",5,46836056,99.95
"mercator",5,46836061,99.95
"merchandises",5,46836066,99.95
"meretricious",5,46836071,99.95
"mescal",5,46836076,99.95
"messily",5,46836081,99.95
"metallurgists",5,46836086,99.95
"metastasizing",5,46836091,99.95
"meticulousness",5,46836096,99.95
"metropolises",5,46836101,99.95
"miamis",5,46836106,99.95
"mightiness",5,46836111,99.95
"militate",5,46836116,99.95
"mimeographed",5,46836121,99.95
"miniaturization",5,46836126,99.95
"minuted",5,46836131,99.95
"mirthful",5,46836136,99.95
"misfeasance",5,46836141,99.95
"misplay",5,46836146,99.95
"misplays",5,46836151,99.95
"misreads",5,46836156,99.95
"missals",5,46836161,99.95
"misspells",5,46836166,99.95
"misstating",5,46836171,99.95
"mistrusting",5,46836176,99.95
"modernistic",5,46836181,99.95
"moistens",5,46836186,99.95
"moloch",5,46836191,99.95
"molted",5,46836196,99.95
"mongrels",5,46836201,99.95
"monogramming",5,46836206,99.95
"monopolization",5,46836211,99.95
"montanans",5,46836216,99.95
"montcalm",5,46836221,99.95
"montrachet",5,46836226,99.95
"moonlighted",5,46836231,99.95
"mortarboard",5,46836236,99.95
"mortarboards",5,46836241,99.95
"mortared",5,46836246,99.95
"mortify",5,46836251,99.95
"moseying",5,46836256,99.95
"mountbatten",5,46836261,99.95
"multifarious",5,46836266,99.95
"munificent",5,46836271,99.95
"muralists",5,46836276,99.95
"mushing",5,46836281,99.95
"mussorgsky",5,46836286,99.95
"mythologist",5,46836291,99.95
"nabs",5,46836296,99.95
"nagpur",5,46836301,99.95
"namibian",5,46836306,99.95
"nanak",5,46836311,99.95
"naphthalene",5,46836316,99.95
"narmada",5,46836321,99.95
"nativities",5,46836326,99.95
"naturalize",5,46836331,99.95
"necromancy",5,46836336,99.95
"negligibly",5,46836341,99.95
"neighing",5,46836346,99.95
"netters",5,46836351,99.95
"newel",5,46836356,99.95
"newsgroup",5,46836361,99.95
"nicaea",5,46836366,99.95
"nicosia",5,46836371,99.95
"nightshirt",5,46836376,99.95
"ninnies",5,46836381,99.95
"nisan",5,46836386,99.95
"niter",5,46836391,99.95
"nonagenarian",5,46836396,99.95
"norseman",5,46836401,99.95
"nosiness",5,46836406,99.95
"notarize",5,46836411,99.95
"novocaine",5,46836416,99.95
"nuclei",5,46836421,99.95
"numerator",5,46836426,99.95
"nuthatches",5,46836431,99.95
"nutshells",5,46836436,99.95
"nwt",5,46836441,99.95
"oarsmen",5,46836446,99.95
"obeisance",5,46836451,99.95
"obfuscating",5,46836456,99.95
"obscurely",5,46836461,99.95
"obsequiously",5,46836466,99.95
"ocarinas",5,46836471,99.95
"odorous",5,46836476,99.95
"oleaginous",5,46836481,99.95
"onomatopoeic",5,46836486,99.95
"onslaughts",5,46836491,99.95
"opaqueness",5,46836496,99.95
"optioning",5,46836501,99.95
"organdy",5,46836506,99.95
"ornithologists",5,46836511,99.95
"oscillate",5,46836516,99.95
"osteopathy",5,46836521,99.95
"ousters",5,46836526,99.95
"outgrowths",5,46836531,99.95
"outlandishly",5,46836536,99.95
"outlasting",5,46836541,99.95
"outranked",5,46836546,99.95
"outreaching",5,46836551,99.95
"outriggers",5,46836556,99.95
"outshining",5,46836561,99.95
"outsources",5,46836566,99.95
"overacted",5,46836571,99.95
"overcompensated",5,46836576,99.95
"overdraw",5,46836581,99.95
"overenthusiastic",5,46836586,99.95
"overestimates",5,46836591,99.95
"overplays",5,46836596,99.95
"overshooting",5,46836601,99.95
"overstays",5,46836606,99.95
"overstocked",5,46836611,99.95
"oversupplied",5,46836616,99.95
"overtaxing",5,46836621,99.95
"overthrows",5,46836626,99.95
"overwrite",5,46836631,99.95
"oxyacetylene",5,46836636,99.95
"pachyderms",5,46836641,99.95
"paeans",5,46836646,99.95
"paisleys",5,46836651,99.95
"pamphleteer",5,46836656,99.95
"pancaked",5,46836661,99.95
"pantomiming",5,46836666,99.95
"papyri",5,46836671,99.95
"paradises",5,46836676,99.95
"paralyses",5,46836681,99.95
"paraplegics",5,46836686,99.95
"parboil",5,46836691,99.95
"parenthetically",5,46836696,99.95
"parlays",5,46836701,99.95
"paroles",5,46836706,99.95
"paroxysms",5,46836711,99.95
"parrying",5,46836716,99.95
"parsecs",5,46836721,99.95
"particularities",5,46836726,99.95
"pastie",5,46836731,99.95
"pastorate",5,46836736,99.95
"pattered",5,46836741,99.95
"pawnbrokers",5,46836746,99.95
"pawnshops",5,46836751,99.95
"paymaster",5,46836756,99.95
"pealed",5,46836761,99.95
"pebbled",5,46836766,99.95
"pectorals",5,46836771,99.95
"pedagogues",5,46836776,99.95
"peelings",5,46836781,99.95
"pejoratives",5,46836786,99.95
"peninsulas",5,46836791,99.95
"pensioned",5,46836796,99.95
"peptic",5,46836801,99.95
"percolation",5,46836806,99.95
"perfuming",5,46836811,99.95
"peroration",5,46836816,99.95
"perpetrates",5,46836821,99.95
"perseid",5,46836826,99.95
"perspicacious",5,46836831,99.95
"perspicacity",5,46836836,99.95
"petrel",5,46836841,99.95
"petrifying",5,46836846,99.95
"phillipa",5,46836851,99.95
"phoebes",5,46836856,99.95
"phonetics",5,46836861,99.95
"phonic",5,46836866,99.95
"phrenology",5,46836871,99.95
"picnicked",5,46836876,99.95
"piffle",5,46836881,99.95
"pilchards",5,46836886,99.95
"pillory",5,46836891,99.95
"pindar",5,46836896,99.95
"pinions",5,46836901,99.95
"pipit",5,46836906,99.95
"pipits",5,46836911,99.95
"pirouetted",5,46836916,99.95
"pitons",5,46836921,99.95
"placental",5,46836926,99.95
"placket",5,46836931,99.95
"plainness",5,46836936,99.95
"plateauing",5,46836941,99.95
"playbills",5,46836946,99.95
"pleurisy",5,46836951,99.95
"plowman",5,46836956,99.95
"plunks",5,46836961,99.95
"plushy",5,46836966,99.95
"pockmarks",5,46836971,99.95
"pocks",5,46836976,99.95
"poesy",5,46836981,99.95
"poky",5,46836986,99.95
"polarizes",5,46836991,99.95
"ponderously",5,46836996,99.95
"poohs",5,46837001,99.95
"porosity",5,46837006,99.95
"portcullis",5,46837011,99.95
"posher",5,46837016,99.95
"poshest",5,46837021,99.95
"postdated",5,46837026,99.95
"postmen",5,46837031,99.95
"potholder",5,46837036,99.95
"potholders",5,46837041,99.95
"powdering",5,46837046,99.95
"powwows",5,46837051,99.95
"predefined",5,46837056,99.95
"predominating",5,46837061,99.95
"preens",5,46837066,99.95
"prefigure",5,46837071,99.95
"prefixed",5,46837076,99.95
"prelates",5,46837081,99.95
"preppies",5,46837086,99.95
"pressurization",5,46837091,99.95
"presuppose",5,46837096,99.95
"pretentiously",5,46837101,99.95
"prevaricating",5,46837106,99.95
"prig",5,46837111,99.95
"primped",5,46837116,99.95
"principe",5,46837121,99.95
"probabilistic",5,46837126,99.95
"proboscis",5,46837131,99.95
"procrastinates",5,46837136,99.95
"prodigiously",5,46837141,99.95
"profanely",5,46837146,99.95
"propagandize",5,46837151,99.95
"prophylaxis",5,46837156,99.95
"propitiatory",5,46837161,99.95
"propounded",5,46837166,99.95
"proprietress",5,46837171,99.95
"prostheses",5,46837176,99.95
"protuberance",5,46837181,99.95
"psychotherapists",5,46837186,99.95
"pungently",5,46837191,99.95
"pureness",5,46837196,99.95
"quadrille",5,46837201,99.95
"quagmires",5,46837206,99.95
"quanta",5,46837211,99.95
"quarantines",5,46837216,99.95
"quarantining",5,46837221,99.95
"quavered",5,46837226,99.95
"queasiness",5,46837231,99.95
"queenly",5,46837236,99.95
"queering",5,46837241,99.95
"quenches",5,46837246,99.95
"querulous",5,46837251,99.95
"quickies",5,46837256,99.95
"rares",5,46837261,99.95
"rationalistic",5,46837266,99.95
"reanimate",5,46837271,99.95
"reappointing",5,46837276,99.95
"rearrangements",5,46837281,99.95
"rearward",5,46837286,99.95
"rearwards",5,46837291,99.95
"reawakens",5,46837296,99.95
"rebirths",5,46837301,99.95
"recalcitrance",5,46837306,99.95
"recaptures",5,46837311,99.95
"recessing",5,46837316,99.95
"reciprocals",5,46837321,99.95
"recognizer",5,46837326,99.95
"recollected",5,46837331,99.95
"recombine",5,46837336,99.95
"recombining",5,46837341,99.95
"recompensed",5,46837346,99.95
"recoups",5,46837351,99.95
"recuperates",5,46837356,99.95
"recuperative",5,46837361,99.95
"redcoat",5,46837366,99.95
"redrafted",5,46837371,99.95
"reenters",5,46837376,99.95
"refocuses",5,46837381,99.95
"reformulating",5,46837386,99.95
"refreshers",5,46837391,99.95
"refrigerant",5,46837396,99.95
"refurbishments",5,46837401,99.95
"regencies",5,46837406,99.95
"regularized",5,46837411,99.95
"reheats",5,46837416,99.95
"reincarnating",5,46837421,99.95
"reinstates",5,46837426,99.95
"reinterprets",5,46837431,99.95
"relabeled",5,46837436,99.95
"remarrying",5,46837441,99.95
"rendezvoused",5,46837446,99.95
"reposing",5,46837451,99.95
"repossessing",5,46837456,99.95
"represses",5,46837461,99.95
"republishing",5,46837466,99.95
"repudiating",5,46837471,99.95
"requisitioned",5,46837476,99.95
"rereads",5,46837481,99.95
"resales",5,46837486,99.95
"resettling",5,46837491,99.95
"resister",5,46837496,99.95
"restorers",5,46837501,99.95
"retrains",5,46837506,99.95
"retyping",5,46837511,99.95
"revenged",5,46837516,99.95
"revitalizes",5,46837521,99.95
"rhapsodize",5,46837526,99.95
"rhapsodized",5,46837531,99.95
"rheingau",5,46837536,99.95
"rhombus",5,46837541,99.95
"robt",5,46837546,99.95
"roentgen",5,46837551,99.95
"rolaids",5,46837556,99.95
"roosted",5,46837561,99.95
"roosts",5,46837566,99.95
"rosalinda",5,46837571,99.95
"roundhouses",5,46837576,99.95
"rudders",5,46837581,99.95
"ruminates",5,46837586,99.95
"runic",5,46837591,99.95
"ruses",5,46837596,99.95
"sabbaticals",5,46837601,99.95
"samar",5,46837606,99.95
"samizdat",5,46837611,99.95
"sandbank",5,46837616,99.95
"sandbanks",5,46837621,99.95
"sandstorms",5,46837626,99.95
"sartorially",5,46837631,99.95
"sating",5,46837636,99.95
"satirized",5,46837641,99.95
"saturnine",5,46837646,99.95
"saussure",5,46837651,99.95
"scabbard",5,46837656,99.95
"scamps",5,46837661,99.95
"scepters",5,46837666,99.95
"schoolchild",5,46837671,99.95
"schoolhouses",5,46837676,99.95
"schwarzkopf",5,46837681,99.95
"scimitars",5,46837686,99.95
"scrabbled",5,46837691,99.95
"scriabin",5,46837696,99.95
"scrimmaged",5,46837701,99.95
"scuppered",5,46837706,99.95
"sealskin",5,46837711,99.95
"seascapes",5,46837716,99.95
"sebaceous",5,46837721,99.95
"seesawing",5,46837726,99.95
"selectric",5,46837731,99.95
"semimonthly",5,46837736,99.95
"semtex",5,46837741,99.95
"sensitiveness",5,46837746,99.95
"sensitizing",5,46837751,99.95
"sensuously",5,46837756,99.95
"sentimentalism",5,46837761,99.95
"sequestering",5,46837766,99.95
"seraph",5,46837771,99.95
"sermonize",5,46837776,99.95
"settees",5,46837781,99.95
"shakedowns",5,46837786,99.95
"shakeups",5,46837791,99.95
"shamefaced",5,46837796,99.95
"shoddily",5,46837801,99.95
"shoehorning",5,46837806,99.95
"shoemakers",5,46837811,99.95
"shoos",5,46837816,99.95
"shoptalk",5,46837821,99.95
"shotgunning",5,46837826,99.95
"showery",5,46837831,99.95
"shrews",5,46837836,99.95
"shrimping",5,46837841,99.95
"shyest",5,46837846,99.95
"sibyl",5,46837851,99.95
"sickbed",5,46837856,99.95
"sidelights",5,46837861,99.95
"sidesaddle",5,46837866,99.95
"siestas",5,46837871,99.95
"sihanouk",5,46837876,99.95
"silencers",5,46837881,99.95
"silicates",5,46837886,99.95
"silkworm",5,46837891,99.95
"singularities",5,46837896,99.95
"skimps",5,46837901,99.95
"skylab",5,46837906,99.95
"skylarks",5,46837911,99.95
"slackness",5,46837916,99.95
"slating",5,46837921,99.95
"slavering",5,46837926,99.95
"sleepwalks",5,46837931,99.95
"sleety",5,46837936,99.95
"slogs",5,46837941,99.95
"sloshes",5,46837946,99.95
"slothfulness",5,46837951,99.95
"slowpokes",5,46837956,99.95
"smatterings",5,46837961,99.95
"smocked",5,46837966,99.95
"sneeringly",5,46837971,99.95
"snots",5,46837976,99.95
"snowdrop",5,46837981,99.95
"snuffles",5,46837986,99.95
"snugs",5,46837991,99.95
"songster",5,46837996,99.95
"sopped",5,46838001,99.95
"sorters",5,46838006,99.95
"sough",5,46838011,99.95
"southpaws",5,46838016,99.95
"speedways",5,46838021,99.95
"spermatozoa",5,46838026,99.95
"sperms",5,46838031,99.95
"sphinxes",5,46838036,99.95
"spirally",5,46838041,99.95
"spirograph",5,46838046,99.95
"spittoons",5,46838051,99.95
"splashier",5,46838056,99.95
"splatting",5,46838061,99.95
"spoonbill",5,46838066,99.95
"spotlessly",5,46838071,99.95
"spottier",5,46838076,99.95
"spurns",5,46838081,99.95
"spurted",5,46838086,99.95
"squeegees",5,46838091,99.95
"squired",5,46838096,99.95
"stalactite",5,46838101,99.95
"stamen",5,46838106,99.95
"stampedes",5,46838111,99.95
"stanchion",5,46838116,99.95
"stanislavsky",5,46838121,99.95
"stargazers",5,46838126,99.95
"statehouses",5,46838131,99.95
"stentorian",5,46838136,99.95
"stepmoms",5,46838141,99.95
"steppingstones",5,46838146,99.95
"sties",5,46838151,99.95
"stiffing",5,46838156,99.95
"stomachaches",5,46838161,99.95
"storekeeper",5,46838166,99.95
"storerooms",5,46838171,99.95
"stowaways",5,46838176,99.95
"straggled",5,46838181,99.95
"streetwalker",5,46838186,99.95
"stricture",5,46838191,99.95
"strumpet",5,46838196,99.95
"sturdily",5,46838201,99.95
"stygian",5,46838206,99.95
"styluses",5,46838211,99.95
"subdividing",5,46838216,99.95
"subjugating",5,46838221,99.95
"subleasing",5,46838226,99.95
"submitter",5,46838231,99.95
"substantiating",5,46838236,99.95
"subsume",5,46838241,99.95
"suffuse",5,46838246,99.95
"suffuses",5,46838251,99.95
"suggestible",5,46838256,99.95
"sulfurous",5,46838261,99.95
"sunned",5,46838266,99.95
"suntanned",5,46838271,99.95
"superannuated",5,46838276,99.95
"superchargers",5,46838281,99.95
"supercharging",5,46838286,99.95
"superhighways",5,46838291,99.95
"supernovas",5,46838296,99.95
"supersizing",5,46838301,99.95
"superuser",5,46838306,99.95
"surat",5,46838311,99.95
"surplice",5,46838316,99.95
"suse",5,46838321,99.95
"svalbard",5,46838326,99.95
"swallowtails",5,46838331,99.95
"swankier",5,46838336,99.95
"swearwords",5,46838341,99.95
"swigged",5,46838346,99.95
"sybarite",5,46838351,99.95
"syllogism",5,46838356,99.95
"symmetric",5,46838361,99.95
"symmetries",5,46838366,99.95
"synergism",5,46838371,99.95
"syntactical",5,46838376,99.95
"tacticians",5,46838381,99.95
"taichung",5,46838386,99.95
"taiyuan",5,46838391,99.95
"taproot",5,46838396,99.95
"tarawa",5,46838401,99.95
"tares",5,46838406,99.95
"tarpaulins",5,46838411,99.95
"tarried",5,46838416,99.95
"taskmasters",5,46838421,99.95
"tastelessness",5,46838426,99.95
"tatars",5,46838431,99.95
"tautness",5,46838436,99.95
"tearjerkers",5,46838441,99.95
"teeniest",5,46838446,99.95
"telegraphy",5,46838451,99.95
"temblors",5,46838456,99.95
"tempests",5,46838461,99.95
"tenancies",5,46838466,99.95
"terming",5,46838471,99.95
"testis",5,46838476,99.95
"thermodynamic",5,46838481,99.95
"thickset",5,46838486,99.95
"thimbles",5,46838491,99.95
"thirsted",5,46838496,99.95
"thirstier",5,46838501,99.95
"thundercloud",5,46838506,99.95
"thundershowers",5,46838511,99.95
"timelier",5,46838516,99.95
"timetabled",5,46838521,99.95
"tinkles",5,46838526,99.95
"tipplers",5,46838531,99.95
"tipples",5,46838536,99.95
"tlaloc",5,46838541,99.95
"tonier",5,46838546,99.95
"toscanini",5,46838551,99.95
"tossups",5,46838556,99.95
"tracery",5,46838561,99.95
"tracings",5,46838566,99.95
"transposition",5,46838571,99.95
"trapezoidal",5,46838576,99.95
"trawlers",5,46838581,99.95
"trenching",5,46838586,99.95
"trivet",5,46838591,99.95
"triviality",5,46838596,99.95
"troubleshooters",5,46838601,99.95
"truants",5,46838606,99.95
"truncheons",5,46838611,99.95
"tubercular",5,46838616,99.95
"tunguska",5,46838621,99.95
"turbojet",5,46838626,99.95
"turboprops",5,46838631,99.95
"tweedledee",5,46838636,99.95
"twiddles",5,46838641,99.95
"tyrannize",5,46838646,99.95
"ululate",5,46838651,99.95
"umping",5,46838656,99.95
"umpired",5,46838661,99.95
"unbranded",5,46838666,99.95
"unburden",5,46838671,99.95
"unconscionably",5,46838676,99.95
"uncoupling",5,46838681,99.95
"underachieve",5,46838686,99.95
"undershot",5,46838691,99.95
"underskirt",5,46838696,99.95
"understudied",5,46838701,99.95
"undervalues",5,46838706,99.95
"undresses",5,46838711,99.95
"unembarrassed",5,46838716,99.95
"unfitting",5,46838721,99.95
"unfriendliness",5,46838726,99.95
"unities",5,46838731,99.95
"unplugs",5,46838736,99.95
"unrelieved",5,46838741,99.95
"unruliness",5,46838746,99.95
"unsettles",5,46838751,99.95
"unstudied",5,46838756,99.95
"upbringings",5,46838761,99.95
"upchuck",5,46838766,99.95
"upholsterers",5,46838771,99.95
"urinates",5,46838776,99.95
"valences",5,46838781,99.95
"valise",5,46838786,99.95
"valois",5,46838791,99.95
"vaporizes",5,46838796,99.95
"varmint",5,46838801,99.95
"vaulters",5,46838806,99.95
"vegetated",5,46838811,99.95
"vestry",5,46838816,99.95
"vetch",5,46838821,99.95
"vexation",5,46838826,99.95
"victrola",5,46838831,99.95
"vientiane",5,46838836,99.95
"vignetting",5,46838841,99.95
"vindicating",5,46838846,99.95
"vindictively",5,46838851,99.95
"vireos",5,46838856,99.95
"virulence",5,46838861,99.95
"visioned",5,46838866,99.95
"vituperative",5,46838871,99.95
"vivaciousness",5,46838876,99.95
"vivas",5,46838881,99.95
"vivisection",5,46838886,99.95
"vocalizing",5,46838891,99.95
"volgograd",5,46838896,99.95
"volleyballs",5,46838901,99.95
"vulcanized",5,46838906,99.95
"waggles",5,46838911,99.95
"wannabees",5,46838916,99.95
"warbles",5,46838921,99.95
"warders",5,46838926,99.95
"warmhearted",5,46838931,99.95
"warred",5,46838936,99.95
"wastefully",5,46838941,99.95
"wastefulness",5,46838946,99.95
"watchfulness",5,46838951,99.95
"watchtowers",5,46838956,99.95
"watercourses",5,46838961,99.95
"waterlines",5,46838966,99.95
"waxworks",5,46838971,99.95
"weans",5,46838976,99.95
"weeing",5,46838981,99.96
"weightlifters",5,46838986,99.96
"welland",5,46838991,99.96
"wends",5,46838996,99.96
"whatchamacallit",5,46839001,99.96
"wheedling",5,46839006,99.96
"wheresoever",5,46839011,99.96
"whimsies",5,46839016,99.96
"whirs",5,46839021,99.96
"whitecap",5,46839026,99.96
"whodunits",5,46839031,99.96
"wigeon",5,46839036,99.96
"wigwams",5,46839041,99.96
"wildernesses",5,46839046,99.96
"wimple",5,46839051,99.96
"winchesters",5,46839056,99.96
"windjammer",5,46839061,99.96
"windstorms",5,46839066,99.96
"wiseacre",5,46839071,99.96
"wishfully",5,46839076,99.96
"wishlists",5,46839081,99.96
"witting",5,46839086,99.96
"wittingly",5,46839091,99.96
"woks",5,46839096,99.96
"woodiness",5,46839101,99.96
"woodworm",5,46839106,99.96
"woolgathering",5,46839111,99.96
"wormholes",5,46839116,99.96
"worrywart",5,46839121,99.96
"wronging",5,46839126,99.96
"xeroxes",5,46839131,99.96
"xxxix",5,46839136,99.96
"xxxv",5,46839141,99.96
"xxxviii",5,46839146,99.96
"yamagata",5,46839151,99.96
"yapped",5,46839156,99.96
"yellowknife",5,46839161,99.96
"yeps",5,46839166,99.96
"yoking",5,46839171,99.96
"yugo",5,46839176,99.96
"yummier",5,46839181,99.96
"zanuck",5,46839186,99.96
"zeds",5,46839191,99.96
"zelma",5,46839196,99.96
"zests",5,46839201,99.96
"zircon",5,46839206,99.96
"zoologists",5,46839211,99.96
"zukor",5,46839216,99.96
"zwingli",5,46839221,99.96
"abbr",4,46839225,99.96
"abelson",4,46839229,99.96
"abler",4,46839233,99.96
"absconding",4,46839237,99.96
"absented",4,46839241,99.96
"abutments",4,46839245,99.96
"acceding",4,46839249,99.96
"accentuation",4,46839253,99.96
"acclimatize",4,46839257,99.96
"acclimatized",4,46839261,99.96
"accruals",4,46839265,99.96
"accusative",4,46839269,99.96
"acrostics",4,46839273,99.96
"actives",4,46839277,99.96
"addenda",4,46839281,99.96
"adduce",4,46839285,99.96
"administrating",4,46839289,99.96
"adroitness",4,46839293,99.96
"adulterating",4,46839297,99.96
"adulteress",4,46839301,99.96
"aerobatics",4,46839305,99.96
"aeroflot",4,46839309,99.96
"affiliating",4,46839313,99.96
"afforestation",4,46839317,99.96
"afterburners",4,46839321,99.96
"ailed",4,46839325,99.96
"aileron",4,46839329,99.96
"albinos",4,46839333,99.96
"aliasing",4,46839337,99.96
"allured",4,46839341,99.96
"altruists",4,46839345,99.96
"amanuensis",4,46839349,99.96
"amnesties",4,46839353,99.96
"amoebas",4,46839357,99.96
"amur",4,46839361,99.96
"anemometer",4,46839365,99.96
"anesthetize",4,46839369,99.96
"annealing",4,46839373,99.96
"annexes",4,46839377,99.96
"annihilates",4,46839381,99.96
"anointment",4,46839385,99.96
"anoraks",4,46839389,99.96
"anorexics",4,46839393,99.96
"anthers",4,46839397,99.96
"anthologize",4,46839401,99.96
"anthologized",4,46839405,99.96
"antichrists",4,46839409,99.96
"anticipations",4,46839413,99.96
"antiheroes",4,46839417,99.96
"antiperspirants",4,46839421,99.96
"antitoxin",4,46839425,99.96
"antivirals",4,46839429,99.96
"antlered",4,46839433,99.96
"antoninus",4,46839437,99.96
"apatosaurus",4,46839441,99.96
"apollinaire",4,46839445,99.96
"appeasers",4,46839449,99.96
"appositive",4,46839453,99.96
"arcturus",4,46839457,99.96
"argentinians",4,46839461,99.96
"aridity",4,46839465,99.96
"armorer",4,46839469,99.96
"armories",4,46839473,99.96
"arrogated",4,46839477,99.96
"artier",4,46839481,99.96
"aryans",4,46839485,99.96
"ascensions",4,46839489,99.96
"asperity",4,46839493,99.96
"aspersion",4,46839497,99.96
"asphyxiating",4,46839501,99.96
"asymptotic",4,46839505,99.96
"atavistic",4,46839509,99.96
"atonality",4,46839513,99.96
"atrophies",4,46839517,99.96
"atrophying",4,46839521,99.96
"attendances",4,46839525,99.96
"attuning",4,46839529,99.96
"augustan",4,46839533,99.96
"austerely",4,46839537,99.96
"averts",4,46839541,99.96
"awacs",4,46839545,99.96
"awkwardest",4,46839549,99.96
"bacchanalian",4,46839553,99.96
"backaches",4,46839557,99.96
"backslash",4,46839561,99.96
"backslid",4,46839565,99.96
"backslider",4,46839569,99.96
"baled",4,46839573,99.96
"balefully",4,46839577,99.96
"baling",4,46839581,99.96
"balloonists",4,46839585,99.96
"bandoleer",4,46839589,99.96
"bandwidths",4,46839593,99.96
"banns",4,46839597,99.96
"barbadians",4,46839601,99.96
"barbarossa",4,46839605,99.96
"bareness",4,46839609,99.96
"barmaids",4,46839613,99.96
"barnstorm",4,46839617,99.96
"baroda",4,46839621,99.96
"barraging",4,46839625,99.96
"barters",4,46839629,99.96
"bassoonists",4,46839633,99.96
"bassoons",4,46839637,99.96
"bastardizing",4,46839641,99.96
"bathos",4,46839645,99.96
"battening",4,46839649,99.96
"bayreuth",4,46839653,99.96
"beastliness",4,46839657,99.96
"behooved",4,46839661,99.96
"beiderbecke",4,46839665,99.96
"belled",4,46839669,99.96
"bellicosity",4,46839673,99.96
"bellybuttons",4,46839677,99.96
"bellying",4,46839681,99.96
"beneficence",4,46839685,99.96
"bermudas",4,46839689,99.96
"bernadine",4,46839693,99.96
"bernoulli",4,46839697,99.96
"besiege",4,46839701,99.96
"betrayers",4,46839705,99.96
"bevels",4,46839709,99.96
"bewilders",4,46839713,99.96
"bigamous",4,46839717,99.96
"bigmouth",4,46839721,99.96
"bilaterally",4,46839725,99.96
"bilinguals",4,46839729,99.96
"billies",4,46839733,99.96
"bindery",4,46839737,99.96
"biochemicals",4,46839741,99.96
"biped",4,46839745,99.96
"biplanes",4,46839749,99.96
"birded",4,46839753,99.96
"birdwatcher",4,46839757,99.96
"biscay",4,46839761,99.96
"blabbed",4,46839765,99.96
"blackfoot",4,46839769,99.96
"bleeders",4,46839773,99.96
"blindsides",4,46839777,99.96
"blotters",4,46839781,99.96
"blunter",4,46839785,99.96
"boastfully",4,46839789,99.96
"boatswain",4,46839793,99.96
"boded",4,46839797,99.96
"bogeying",4,46839801,99.96
"bole",4,46839805,99.96
"bolivians",4,46839809,99.96
"bolshevism",4,46839813,99.96
"boogieing",4,46839817,99.96
"borderland",4,46839821,99.96
"borderlines",4,46839825,99.96
"bosporus",4,46839829,99.96
"bossiness",4,46839833,99.96
"bounteous",4,46839837,99.96
"bowdlerize",4,46839841,99.96
"boyishness",4,46839845,99.96
"braggers",4,46839849,99.96
"brainiest",4,46839853,99.96
"breakpoints",4,46839857,99.96
"breviary",4,46839861,99.96
"brezhnev",4,46839865,99.96
"briskets",4,46839869,99.96
"britannic",4,46839873,99.96
"brittleness",4,46839877,99.96
"brobdingnagian",4,46839881,99.96
"brocaded",4,46839885,99.96
"brogans",4,46839889,99.96
"brunelleschi",4,46839893,99.96
"buckboard",4,46839897,99.96
"budgies",4,46839901,99.96
"bugling",4,46839905,99.96
"bulgarians",4,46839909,99.96
"bullshits",4,46839913,99.96
"bummers",4,46839917,99.96
"bunkum",4,46839921,99.96
"burble",4,46839925,99.96
"burbled",4,46839929,99.96
"bushido",4,46839933,99.96
"busying",4,46839937,99.96
"buttonholed",4,46839941,99.96
"buxtehude",4,46839945,99.96
"cabinetmakers",4,46839949,99.96
"cadge",4,46839953,99.96
"cads",4,46839957,99.96
"calabash",4,46839961,99.96
"calcite",4,46839965,99.96
"calculable",4,46839969,99.96
"calking",4,46839973,99.96
"cambium",4,46839977,99.96
"campinas",4,46839981,99.96
"candelabrum",4,46839985,99.96
"cankers",4,46839989,99.96
"canoed",4,46839993,99.96
"cantered",4,46839997,99.96
"cants",4,46840001,99.96
"capitulating",4,46840005,99.96
"caplets",4,46840009,99.96
"captaining",4,46840013,99.96
"carburetors",4,46840017,99.96
"carcinomas",4,46840021,99.96
"careered",4,46840025,99.96
"caret",4,46840029,99.96
"carpetbagging",4,46840033,99.96
"carports",4,46840037,99.96
"cassatt",4,46840041,99.96
"castigates",4,46840045,99.96
"catalpa",4,46840049,99.96
"catalyzes",4,46840053,99.96
"catkin",4,46840057,99.96
"cauterize",4,46840061,99.96
"cauterizing",4,46840065,99.96
"cavalrymen",4,46840069,99.96
"cebuano",4,46840073,99.96
"cesspools",4,46840077,99.96
"chairpersons",4,46840081,99.96
"chaldean",4,46840085,99.96
"chancellery",4,46840089,99.96
"chancellorsville",4,46840093,99.96
"charcoals",4,46840097,99.96
"chastening",4,46840101,99.96
"chasubles",4,46840105,99.96
"checkerboards",4,46840109,99.96
"cheekier",4,46840113,99.96
"chessman",4,46840117,99.96
"chewer",4,46840121,99.96
"chicle",4,46840125,99.96
"chilliest",4,46840129,99.96
"chinned",4,46840133,99.96
"chinooks",4,46840137,99.96
"chocking",4,46840141,99.96
"choppiness",4,46840145,99.96
"chorales",4,46840149,99.96
"churchyards",4,46840153,99.96
"cinchona",4,46840157,99.96
"circlet",4,46840161,99.96
"circumcises",4,46840165,99.96
"circumcisions",4,46840169,99.96
"circumnavigating",4,46840173,99.96
"clacks",4,46840177,99.96
"clambakes",4,46840181,99.96
"clanks",4,46840185,99.96
"clannish",4,46840189,99.96
"clarinetists",4,46840193,99.96
"classing",4,46840197,99.96
"clavicles",4,46840201,99.96
"cleavages",4,46840205,99.96
"clefs",4,46840209,99.96
"clerking",4,46840213,99.96
"cliquish",4,46840217,99.96
"clobbers",4,46840221,99.96
"clunks",4,46840225,99.96
"coagulates",4,46840229,99.96
"coalescence",4,46840233,99.96
"coarsening",4,46840237,99.96
"cockamamie",4,46840241,99.96
"cockatoos",4,46840245,99.96
"cockier",4,46840249,99.96
"cockneys",4,46840253,99.96
"coeducational",4,46840257,99.96
"cohabit",4,46840261,99.96
"coheres",4,46840265,99.96
"colloquialism",4,46840269,99.96
"colloquy",4,46840273,99.96
"colonizer",4,46840277,99.96
"coloreds",4,46840281,99.96
"combustibles",4,46840285,99.96
"comestibles",4,46840289,99.96
"commandeers",4,46840293,99.96
"commissaries",4,46840297,99.96
"communed",4,46840301,99.96
"communistic",4,46840305,99.96
"compactors",4,46840309,99.96
"compartmentalizes",4,46840313,99.96
"compulsorily",4,46840317,99.96
"compuserve",4,46840321,99.96
"computerize",4,46840325,99.96
"concatenation",4,46840329,99.96
"conceptualizations",4,46840333,99.96
"conciliate",4,46840337,99.96
"condescended",4,46840341,99.96
"condescends",4,46840345,99.96
"confectioneries",4,46840349,99.96
"confessors",4,46840353,99.96
"configurable",4,46840357,99.96
"conformists",4,46840361,99.96
"congesting",4,46840365,99.96
"conj",4,46840369,99.96
"conjoin",4,46840373,99.96
"conjugated",4,46840377,99.96
"conjugations",4,46840381,99.96
"conks",4,46840385,99.96
"connoting",4,46840389,99.96
"consigns",4,46840393,99.96
"construing",4,46840397,99.96
"continua",4,46840401,99.96
"contradistinction",4,46840405,99.96
"contrariwise",4,46840409,99.96
"contretemps",4,46840413,99.96
"contrives",4,46840417,99.96
"contriving",4,46840421,99.96
"conveyors",4,46840425,99.96
"coolants",4,46840429,99.96
"copycatting",4,46840433,99.96
"cordiality",4,46840437,99.96
"corm",4,46840441,99.96
"corollaries",4,46840445,99.96
"corporals",4,46840449,99.96
"corrodes",4,46840453,99.96
"corvus",4,46840457,99.96
"cosine",4,46840461,99.96
"cosmetically",4,46840465,99.96
"cottonseed",4,46840469,99.96
"countable",4,46840473,99.96
"counteracted",4,46840477,99.96
"counterattacked",4,46840481,99.96
"counterfeiter",4,46840485,99.96
"countrywoman",4,46840489,99.96
"covenanted",4,46840493,99.96
"coverlets",4,46840497,99.96
"cowardliness",4,46840501,99.96
"coziest",4,46840505,99.96
"cranach",4,46840509,99.96
"crankier",4,46840513,99.96
"crankiest",4,46840517,99.96
"crankshaft",4,46840521,99.96
"crassly",4,46840525,99.96
"cravats",4,46840529,99.96
"credenzas",4,46840533,99.96
"crones",4,46840537,99.96
"croppers",4,46840541,99.96
"crossbreed",4,46840545,99.96
"crosscheck",4,46840549,99.96
"crueler",4,46840553,99.96
"cruikshank",4,46840557,99.96
"culls",4,46840561,99.96
"cupfuls",4,46840565,99.96
"cupolas",4,46840569,99.96
"curlew",4,46840573,99.96
"curs",4,46840577,99.96
"curtsied",4,46840581,99.96
"curtsies",4,46840585,99.96
"cutlasses",4,46840589,99.96
"cutthroats",4,46840593,99.96
"cyberbullies",4,46840597,99.96
"cynosure",4,46840601,99.96
"cyprian",4,46840605,99.96
"dadaism",4,46840609,99.96
"dairyman",4,46840613,99.96
"daises",4,46840617,99.96
"danker",4,46840621,99.96
"dapples",4,46840625,99.96
"daubing",4,46840629,99.96
"dawdler",4,46840633,99.96
"deadpans",4,46840637,99.96
"deathtraps",4,46840641,99.96
"decalogue",4,46840645,99.96
"decapitations",4,46840649,99.96
"decedents",4,46840653,99.96
"declamatory",4,46840657,99.96
"decompressed",4,46840661,99.96
"definiteness",4,46840665,99.96
"deforming",4,46840669,99.96
"deicer",4,46840673,99.96
"deigning",4,46840677,99.96
"delacruz",4,46840681,99.96
"delimited",4,46840685,99.96
"deliverers",4,46840689,99.96
"delphinium",4,46840693,99.96
"demarcating",4,46840697,99.96
"demerol",4,46840701,99.96
"demobilize",4,46840705,99.96
"dendrite",4,46840709,99.96
"denotation",4,46840713,99.96
"denotations",4,46840717,99.96
"denouncements",4,46840721,99.96
"dentin",4,46840725,99.96
"depositor",4,46840729,99.96
"depositories",4,46840733,99.96
"deprecates",4,46840737,99.96
"depreciates",4,46840741,99.96
"depressives",4,46840745,99.96
"deputed",4,46840749,99.96
"derivations",4,46840753,99.96
"dervishes",4,46840757,99.96
"desegregate",4,46840761,99.96
"desegregating",4,46840765,99.96
"desertions",4,46840769,99.96
"despoiling",4,46840773,99.96
"destructible",4,46840777,99.96
"destructs",4,46840781,99.96
"detoxed",4,46840785,99.96
"detriments",4,46840789,99.96
"devonian",4,46840793,99.96
"devotedly",4,46840797,99.96
"diadems",4,46840801,99.96
"dictations",4,46840805,99.96
"diffraction",4,46840809,99.96
"dijkstra",4,46840813,99.96
"dilates",4,46840817,99.96
"dimness",4,46840821,99.96
"dinghies",4,46840825,99.96
"disadvantaging",4,46840829,99.96
"disassociating",4,46840833,99.96
"disclaimed",4,46840837,99.96
"disclaiming",4,46840841,99.96
"disclaims",4,46840845,99.96
"discolor",4,46840849,99.96
"discolors",4,46840853,99.96
"disentangled",4,46840857,99.96
"disheartens",4,46840861,99.96
"dishonors",4,46840865,99.96
"dishrags",4,46840869,99.96
"disillusions",4,46840873,99.96
"disinherited",4,46840877,99.96
"disinterment",4,46840881,99.96
"dismantles",4,46840885,99.96
"dismounting",4,46840889,99.96
"disparages",4,46840893,99.96
"disproportion",4,46840897,99.96
"disputable",4,46840901,99.96
"dissents",4,46840905,99.96
"dissidence",4,46840909,99.96
"dissimulation",4,46840913,99.96
"dissociating",4,46840917,99.96
"distastefully",4,46840921,99.96
"distension",4,46840925,99.96
"distills",4,46840929,99.96
"dittos",4,46840933,99.96
"diversities",4,46840937,99.96
"divvies",4,46840941,99.96
"dnepropetrovsk",4,46840945,99.96
"dogcatcher",4,46840949,99.96
"dogmatism",4,46840953,99.96
"dongles",4,46840957,99.96
"dopiest",4,46840961,99.96
"douala",4,46840965,99.96
"doubtfully",4,46840969,99.96
"dowries",4,46840973,99.96
"doyen",4,46840977,99.96
"dreadnoughts",4,46840981,99.96
"ducal",4,46840985,99.96
"duffers",4,46840989,99.96
"duisburg",4,46840993,99.96
"dustbins",4,46840997,99.96
"duvalier",4,46841001,99.96
"dwarfism",4,46841005,99.96
"earsplitting",4,46841009,99.96
"earwigs",4,46841013,99.96
"easterner",4,46841017,99.96
"easternmost",4,46841021,99.96
"eavesdrops",4,46841025,99.96
"ecstasies",4,46841029,99.96
"ecuadoran",4,46841033,99.96
"ecuadorians",4,46841037,99.96
"effulgence",4,46841041,99.96
"egoist",4,46841045,99.96
"elanor",4,46841049,99.96
"elapsing",4,46841053,99.96
"elating",4,46841057,99.96
"electrodynamics",4,46841061,99.96
"electrolytic",4,46841065,99.96
"electromagnet",4,46841069,99.96
"elfish",4,46841073,99.96
"elide",4,46841077,99.96
"elusively",4,46841081,99.96
"emanations",4,46841085,99.96
"embankments",4,46841089,99.96
"embezzle",4,46841093,99.96
"embolisms",4,46841097,99.96
"embroideries",4,46841101,99.96
"empresses",4,46841105,99.96
"emulsifies",4,46841109,99.96
"enchantingly",4,46841113,99.96
"encored",4,46841117,99.96
"endearments",4,46841121,99.96
"endued",4,46841125,99.96
"enervated",4,46841129,99.96
"engross",4,46841133,99.96
"enigmatically",4,46841137,99.96
"enjoins",4,46841141,99.96
"enlistees",4,46841145,99.96
"ensnaring",4,46841149,99.96
"enthralls",4,46841153,99.96
"entreating",4,46841157,99.96
"enunciates",4,46841161,99.96
"enunciating",4,46841165,99.96
"enviably",4,46841169,99.96
"epiglottis",4,46841173,99.96
"epilogues",4,46841177,99.96
"epitomizing",4,46841181,99.96
"equable",4,46841185,99.96
"equalizes",4,46841189,99.96
"equines",4,46841193,99.96
"equivalently",4,46841197,99.96
"erosive",4,46841201,99.96
"escherichia",4,46841205,99.96
"espadrille",4,46841209,99.96
"essaying",4,46841213,99.96
"essayists",4,46841217,99.96
"estimators",4,46841221,99.96
"ethelred",4,46841225,99.96
"ethnology",4,46841229,99.96
"euphony",4,46841233,99.96
"evanescent",4,46841237,99.96
"evidencing",4,46841241,99.96
"exacter",4,46841245,99.96
"excitability",4,46841249,99.96
"experimenters",4,46841253,99.96
"explicable",4,46841257,99.96
"explicated",4,46841261,99.96
"expropriations",4,46841265,99.96
"extemporaneously",4,46841269,99.96
"extemporizing",4,46841273,99.96
"extents",4,46841277,99.96
"extirpation",4,46841281,99.96
"extractors",4,46841285,99.96
"extrapolates",4,46841289,99.96
"fabricates",4,46841293,99.96
"facially",4,46841297,99.96
"factotum",4,46841301,99.96
"faisalabad",4,46841305,99.96
"faithlessness",4,46841309,99.96
"familiarizes",4,46841313,99.96
"fancifully",4,46841317,99.96
"fanfares",4,46841321,99.96
"fastens",4,46841325,99.96
"fatalist",4,46841329,99.96
"fathoming",4,46841333,99.96
"fattens",4,46841337,99.96
"federals",4,46841341,99.96
"fermat",4,46841345,99.96
"ferreted",4,46841349,99.96
"ferrous",4,46841353,99.96
"ferryboat",4,46841357,99.96
"fertilizes",4,46841361,99.96
"fetchingly",4,46841365,99.96
"feting",4,46841369,99.96
"fettle",4,46841373,99.96
"fiberboard",4,46841377,99.96
"filamentous",4,46841381,99.96
"filberts",4,46841385,99.96
"filigreed",4,46841389,99.96
"fillip",4,46841393,99.96
"filmstrips",4,46841397,99.96
"filthiness",4,46841401,99.96
"firebrands",4,46841405,99.96
"firebreaks",4,46841409,99.96
"fireplug",4,46841413,99.96
"firstborns",4,46841417,99.96
"fishtailed",4,46841421,99.96
"fitly",4,46841425,99.96
"fixates",4,46841429,99.96
"flagon",4,46841433,99.96
"flamers",4,46841437,99.96
"flatfooted",4,46841441,99.96
"flatteringly",4,46841445,99.96
"flaying",4,46841449,99.96
"flecking",4,46841453,99.96
"flogs",4,46841457,99.96
"floridan",4,46841461,99.96
"floridly",4,46841465,99.96
"flossed",4,46841469,99.96
"flounced",4,46841473,99.96
"flouncing",4,46841477,99.96
"flowerbed",4,46841481,99.96
"foible",4,46841485,99.96
"fokker",4,46841489,99.96
"fondles",4,46841493,99.96
"footman",4,46841497,99.96
"footrests",4,46841501,99.96
"footstools",4,46841505,99.96
"fops",4,46841509,99.96
"forbearing",4,46841513,99.96
"foreleg",4,46841517,99.96
"foreordained",4,46841521,99.96
"foreshortened",4,46841525,99.96
"forewent",4,46841529,99.96
"forgers",4,46841533,99.96
"formalizes",4,46841537,99.96
"formlessness",4,46841541,99.96
"forwarder",4,46841545,99.96
"forwardness",4,46841549,99.96
"fossilize",4,46841553,99.96
"foundlings",4,46841557,99.96
"foxhound",4,46841561,99.96
"fraternize",4,46841565,99.96
"freebasing",4,46841569,99.96
"freelanced",4,46841573,99.96
"frequenter",4,46841577,99.96
"friable",4,46841581,99.96
"friezes",4,46841585,99.96
"frigidity",4,46841589,99.96
"frostbitten",4,46841593,99.96
"fudges",4,46841597,99.96
"fugger",4,46841601,99.96
"fugues",4,46841605,99.96
"fulminate",4,46841609,99.96
"fulminating",4,46841613,99.96
"fumigate",4,46841617,99.96
"furbished",4,46841621,99.96
"fussiest",4,46841625,99.96
"gadabout",4,46841629,99.96
"gadflies",4,46841633,99.96
"gallants",4,46841637,99.96
"gallium",4,46841641,99.96
"gallstone",4,46841645,99.96
"gangling",4,46841649,99.96
"gannet",4,46841653,99.96
"gapes",4,46841657,99.96
"garble",4,46841661,99.96
"gargled",4,46841665,99.96
"garrets",4,46841669,99.96
"garrisoned",4,46841673,99.96
"gatecrashers",4,46841677,99.96
"gaussian",4,46841681,99.96
"gazer",4,46841685,99.96
"geeing",4,46841689,99.96
"generalissimo",4,46841693,99.96
"generalizes",4,46841697,99.96
"genitive",4,46841701,99.96
"gentian",4,46841705,99.96
"gentlefolk",4,46841709,99.96
"germanium",4,46841713,99.96
"gesundheit",4,46841717,99.96
"ghostwrite",4,46841721,99.96
"gigo",4,46841725,99.96
"gigolos",4,46841729,99.96
"gilds",4,46841733,99.96
"girlishly",4,46841737,99.96
"gladdening",4,46841741,99.96
"gladdens",4,46841745,99.96
"gladiolas",4,46841749,99.96
"gladiolus",4,46841753,99.96
"glamours",4,46841757,99.96
"glassing",4,46841761,99.96
"glimmered",4,46841765,99.96
"gloominess",4,46841769,99.96
"gnarl",4,46841773,99.96
"goatherd",4,46841777,99.96
"godchildren",4,46841781,99.96
"gofer",4,46841785,99.96
"golconda",4,46841789,99.96
"gonad",4,46841793,99.96
"gooses",4,46841797,99.96
"gouty",4,46841801,99.96
"granddads",4,46841805,99.96
"grandee",4,46841809,99.96
"graphed",4,46841813,99.96
"gratifies",4,46841817,99.96
"gratings",4,46841821,99.96
"greasier",4,46841825,99.96
"grenadines",4,46841829,99.96
"gribble",4,46841833,99.96
"grottoes",4,46841837,99.96
"groundbreakings",4,46841841,99.96
"groundings",4,46841845,99.96
"gruffness",4,46841849,99.96
"grumpiest",4,46841853,99.96
"guesstimating",4,46841857,99.96
"guilders",4,46841861,99.96
"guileful",4,46841865,99.96
"guillotined",4,46841869,99.96
"guillotines",4,46841873,99.96
"guiltiest",4,46841877,99.96
"guineans",4,46841881,99.96
"gumbos",4,46841885,99.96
"gunwales",4,46841889,99.96
"gurkha",4,46841893,99.96
"gustavus",4,46841897,99.96
"hailstone",4,46841901,99.96
"hairbreadth",4,46841905,99.96
"hairbrushes",4,46841909,99.96
"hairsplitting",4,46841913,99.96
"haldane",4,46841917,99.96
"halogens",4,46841921,99.96
"hals",4,46841925,99.96
"handbill",4,46841929,99.96
"handcraft",4,46841933,99.96
"hankers",4,46841937,99.96
"harmfully",4,46841941,99.96
"harpooned",4,46841945,99.96
"haughtily",4,46841949,99.96
"haversack",4,46841953,99.96
"haying",4,46841957,99.96
"hazily",4,46841961,99.96
"hebraic",4,46841965,99.96
"hecate",4,46841969,99.96
"heckles",4,46841973,99.96
"heeling",4,46841977,99.96
"heinousness",4,46841981,99.96
"helicon",4,46841985,99.96
"hellholes",4,46841989,99.96
"hellishly",4,46841993,99.96
"helmsman",4,46841997,99.96
"hemlocks",4,46842001,99.96
"hemorrhaged",4,46842005,99.96
"hemorrhages",4,46842009,99.96
"herdsman",4,46842013,99.96
"hermaphrodites",4,46842017,99.96
"heuristics",4,46842021,99.96
"hibernates",4,46842025,99.96
"hiccuped",4,46842029,99.96
"hiccuping",4,46842033,99.96
"hierarchically",4,46842037,99.96
"highchairs",4,46842041,99.96
"hipping",4,46842045,99.96
"hispaniola",4,46842049,99.96
"histogram",4,46842053,99.96
"hoarsely",4,46842057,99.96
"hoaxer",4,46842061,99.96
"hobs",4,46842065,99.96
"hokusai",4,46842069,99.96
"homburg",4,46842073,99.96
"homerooms",4,46842077,99.96
"homonym",4,46842081,99.96
"honecker",4,46842085,99.96
"horsefly",4,46842089,99.96
"hostelries",4,46842093,99.96
"hostessing",4,46842097,99.96
"hotheads",4,46842101,99.96
"hotkey",4,46842105,99.96
"hotshots",4,46842109,99.96
"housings",4,46842113,99.96
"humaneness",4,46842117,99.96
"hybridize",4,46842121,99.96
"hydras",4,46842125,99.96
"hydrofoil",4,46842129,99.96
"hydroplaned",4,46842133,99.96
"hypercritical",4,46842137,99.96
"hypes",4,46842141,99.96
"hypnotically",4,46842145,99.96
"hypnotists",4,46842149,99.96
"idahoans",4,46842153,99.96
"idiocies",4,46842157,99.96
"iffier",4,46842161,99.96
"ignitions",4,46842165,99.96
"illegalities",4,46842169,99.96
"illogically",4,46842173,99.96
"immaturely",4,46842177,99.96
"imminence",4,46842181,99.96
"immoderate",4,46842185,99.96
"immodestly",4,46842189,99.96
"immortalizing",4,46842193,99.96
"immunizing",4,46842197,99.96
"impalpable",4,46842201,99.96
"impecunious",4,46842205,99.96
"impelling",4,46842209,99.96
"impenetrability",4,46842213,99.96
"impenetrably",4,46842217,99.96
"imperturbable",4,46842221,99.96
"impinged",4,46842225,99.96
"implementable",4,46842229,99.96
"implosions",4,46842233,99.96
"impolitely",4,46842237,99.96
"imponderable",4,46842241,99.96
"impregnates",4,46842245,99.96
"improvident",4,46842249,99.96
"impugning",4,46842253,99.96
"impute",4,46842257,99.96
"incarcerates",4,46842261,99.96
"incarnating",4,46842265,99.96
"incendiaries",4,46842269,99.96
"incisiveness",4,46842273,99.96
"incisor",4,46842277,99.96
"inclining",4,46842281,99.96
"incontestably",4,46842285,99.96
"inculcation",4,46842289,99.96
"incurably",4,46842293,99.96
"individualizing",4,46842297,99.96
"indochinese",4,46842301,99.96
"industrializing",4,46842305,99.96
"inertial",4,46842309,99.96
"infallibly",4,46842313,99.96
"infernos",4,46842317,99.96
"inflammations",4,46842321,99.96
"ingenuous",4,46842325,99.96
"ingratiates",4,46842329,99.96
"ingres",4,46842333,99.96
"inhalant",4,46842337,99.96
"inhalations",4,46842341,99.96
"inkwells",4,46842345,99.96
"inputted",4,46842349,99.96
"insecurely",4,46842353,99.96
"insensate",4,46842357,99.96
"insensibility",4,46842361,99.96
"instrumented",4,46842365,99.96
"insuperable",4,46842369,99.96
"integrals",4,46842373,99.96
"intelligibility",4,46842377,99.96
"interdepartmental",4,46842381,99.96
"interdicted",4,46842385,99.96
"interleaved",4,46842389,99.96
"intermarry",4,46842393,99.96
"intermingles",4,46842397,99.96
"interoffice",4,46842401,99.96
"interpolate",4,46842405,99.96
"interrelation",4,46842409,99.96
"interrelationships",4,46842413,99.96
"intractability",4,46842417,99.96
"inuits",4,46842421,99.96
"invalids",4,46842425,99.96
"inveighing",4,46842429,99.96
"inveigle",4,46842433,99.96
"invitationals",4,46842437,99.96
"invitingly",4,46842441,99.96
"invoiced",4,46842445,99.96
"iodized",4,46842449,99.96
"ionization",4,46842453,99.96
"iotas",4,46842457,99.96
"irregulars",4,46842461,99.96
"irreproachable",4,46842465,99.96
"irrigating",4,46842469,99.96
"isometrics",4,46842473,99.96
"israels",4,46842477,99.96
"issachar",4,46842481,99.96
"itchier",4,46842485,99.96
"iterating",4,46842489,99.96
"itinerants",4,46842493,99.96
"jabbered",4,46842497,99.96
"jainism",4,46842501,99.96
"jape",4,46842505,99.96
"jaunted",4,46842509,99.96
"jaunting",4,46842513,99.96
"javas",4,46842517,99.96
"jawbreakers",4,46842521,99.96
"jazzier",4,46842525,99.96
"jeremiad",4,46842529,99.96
"jerold",4,46842533,99.96
"jibed",4,46842537,99.96
"jibs",4,46842541,99.96
"jitterbugs",4,46842545,99.96
"jocularly",4,46842549,99.96
"josefa",4,46842553,99.96
"jousted",4,46842557,99.96
"jousts",4,46842561,99.96
"joviality",4,46842565,99.96
"juncos",4,46842569,99.96
"juntas",4,46842573,99.96
"justness",4,46842577,99.96
"juvenal",4,46842581,99.96
"kanpur",4,46842585,99.96
"kapok",4,46842589,99.96
"kasparov",4,46842593,99.96
"katowice",4,46842597,99.96
"keenness",4,46842601,99.96
"kenning",4,46842605,99.96
"khabarovsk",4,46842609,99.96
"kilotons",4,46842613,99.96
"klansman",4,46842617,99.96
"kleptomania",4,46842621,99.96
"koizumi",4,46842625,99.96
"kookaburras",4,46842629,99.96
"kookiness",4,46842633,99.96
"kosciusko",4,46842637,99.96
"lagrangian",4,46842641,99.96
"lambkin",4,46842645,99.96
"lapidary",4,46842649,99.96
"lassa",4,46842653,99.96
"laterals",4,46842657,99.96
"lathes",4,46842661,99.96
"lawbreaker",4,46842665,99.96
"lawfulness",4,46842669,99.96
"leafleted",4,46842673,99.96
"lecher",4,46842677,99.96
"legation",4,46842681,99.96
"legibly",4,46842685,99.96
"legitimating",4,46842689,99.96
"lepus",4,46842693,99.96
"letterheads",4,46842697,99.96
"letup",4,46842701,99.96
"levitates",4,46842705,99.96
"liming",4,46842709,99.96
"limned",4,46842713,99.96
"limousin",4,46842717,99.96
"linesmen",4,46842721,99.96
"linnaeus",4,46842725,99.96
"lintels",4,46842729,99.96
"lionizes",4,46842733,99.96
"liquefies",4,46842737,99.96
"livening",4,46842741,99.96
"loaners",4,46842745,99.96
"lobed",4,46842749,99.96
"localizing",4,46842753,99.96
"locutions",4,46842757,99.96
"lodestar",4,46842761,99.96
"loewe",4,46842765,99.96
"logoff",4,46842769,99.96
"lordships",4,46842773,99.96
"lotuses",4,46842777,99.96
"lousiest",4,46842781,99.96
"luanda",4,46842785,99.96
"lubbers",4,46842789,99.96
"lubes",4,46842793,99.96
"lumpiness",4,46842797,99.96
"lupercalia",4,46842801,99.96
"lupines",4,46842805,99.96
"luridly",4,46842809,99.96
"lusher",4,46842813,99.96
"lushes",4,46842817,99.96
"lynxes",4,46842821,99.96
"lyres",4,46842825,99.96
"macerating",4,46842829,99.96
"macleish",4,46842833,99.96
"macroscopic",4,46842837,99.96
"madrassahs",4,46842841,99.96
"mafias",4,46842845,99.96
"magsaysay",4,46842849,99.96
"mahatmas",4,46842853,99.96
"maintainer",4,46842857,99.96
"maligning",4,46842861,99.96
"maltreated",4,46842865,99.96
"mandibles",4,46842869,99.96
"mangler",4,46842873,99.96
"mangles",4,46842877,99.96
"manhunts",4,46842881,99.96
"manicurists",4,46842885,99.96
"manifolds",4,46842889,99.96
"mantelpieces",4,46842893,99.96
"mapper",4,46842897,99.96
"marinading",4,46842901,99.96
"marooning",4,46842905,99.96
"marquetry",4,46842909,99.96
"marrieds",4,46842913,99.96
"mastiffs",4,46842917,99.96
"maunder",4,46842921,99.96
"mayflowers",4,46842925,99.96
"meagerly",4,46842929,99.96
"meanly",4,46842933,99.96
"meddles",4,46842937,99.96
"medulla",4,46842941,99.96
"melodiously",4,46842945,99.96
"melva",4,46842949,99.96
"mendicant",4,46842953,99.96
"mercurochrome",4,46842957,99.96
"mesozoic",4,46842961,99.96
"metastases",4,46842965,99.96
"methought",4,46842969,99.96
"mewed",4,46842973,99.96
"micawber",4,46842977,99.96
"micronesia",4,46842981,99.96
"midwifes",4,46842985,99.96
"milkiness",4,46842989,99.96
"milliners",4,46842993,99.96
"mils",4,46842997,99.96
"minesweepers",4,46843001,99.96
"minuit",4,46843005,99.96
"miocene",4,46843009,99.96
"misapplying",4,46843013,99.96
"misdiagnosing",4,46843017,99.96
"misdirecting",4,46843021,99.96
"misinforming",4,46843025,99.96
"misjudges",4,46843029,99.96
"miskito",4,46843033,99.96
"mismatching",4,46843037,99.96
"mispronounces",4,46843041,99.96
"mispronunciations",4,46843045,99.96
"misquotes",4,46843049,99.96
"misstate",4,46843053,99.96
"mithra",4,46843057,99.96
"mnemosyne",4,46843061,99.96
"modded",4,46843065,99.96
"modernizes",4,46843069,99.96
"monastics",4,46843073,99.96
"monocles",4,46843077,99.96
"moodily",4,46843081,99.96
"morns",4,46843085,99.96
"morosely",4,46843089,99.96
"moselle",4,46843093,99.96
"motherboards",4,46843097,99.96
"motorbiking",4,46843101,99.96
"motorcar",4,46843105,99.96
"mouses",4,46843109,99.96
"mousses",4,46843113,99.96
"mudguards",4,46843117,99.96
"muffles",4,46843121,99.96
"mujib",4,46843125,99.96
"mulish",4,46843129,99.96
"mummery",4,46843133,99.96
"mundanes",4,46843137,99.96
"muscularity",4,46843141,99.96
"mushiness",4,46843145,99.96
"musicales",4,46843149,99.96
"musicologists",4,46843153,99.96
"muskmelons",4,46843157,99.96
"mussy",4,46843161,99.96
"mustiness",4,46843165,99.96
"mutilates",4,46843169,99.96
"mutinies",4,46843173,99.96
"muumuus",4,46843177,99.96
"muzzling",4,46843181,99.96
"myrdal",4,46843185,99.96
"nastily",4,46843189,99.96
"nationalizations",4,46843193,99.96
"naugahyde",4,46843197,99.96
"naughtily",4,46843201,99.96
"necessaries",4,46843205,99.96
"neckerchief",4,46843209,99.96
"needier",4,46843213,99.96
"neodymium",4,46843217,99.96
"neonate",4,46843221,99.96
"nerving",4,46843225,99.96
"nestlings",4,46843229,99.96
"nettlesome",4,46843233,99.96
"neurotically",4,46843237,99.96
"neurotics",4,46843241,99.96
"nicety",4,46843245,99.96
"nicobar",4,46843249,99.96
"nightingales",4,46843253,99.96
"nightshades",4,46843257,99.96
"ninetieth",4,46843261,99.96
"nitpicked",4,46843265,99.96
"nobleness",4,46843269,99.96
"nocturnes",4,46843273,99.96
"noiselessly",4,46843277,99.96
"noncombatant",4,46843281,99.96
"nonentities",4,46843285,99.96
"nonevent",4,46843289,99.96
"nonhazardous",4,46843293,99.96
"normalizes",4,46843297,99.96
"northeaster",4,46843301,99.96
"northeastward",4,46843305,99.96
"northwesterly",4,46843309,99.96
"nosedived",4,46843313,99.96
"noticeboard",4,46843317,99.96
"novitiate",4,46843321,99.96
"noxzema",4,46843325,99.96
"nuncio",4,46843329,99.96
"nurseryman",4,46843333,99.96
"nuzzles",4,46843337,99.96
"oafs",4,46843341,99.96
"obeisances",4,46843345,99.96
"obelisks",4,46843349,99.96
"oboes",4,46843353,99.96
"obviated",4,46843357,99.96
"obviates",4,46843361,99.96
"occident",4,46843365,99.96
"ocelots",4,46843369,99.96
"octobers",4,46843373,99.96
"odium",4,46843377,99.96
"odoriferous",4,46843381,99.96
"offenbach",4,46843385,99.96
"offertory",4,46843389,99.96
"officemax",4,46843393,99.96
"ogles",4,46843397,99.96
"oilfields",4,46843401,99.96
"oilier",4,46843405,99.96
"oked",4,46843409,99.96
"oligarchies",4,46843413,99.96
"opaques",4,46843417,99.96
"oranjestad",4,46843421,99.96
"orgiastic",4,46843425,99.96
"orientate",4,46843429,99.96
"ousts",4,46843433,99.96
"outputting",4,46843437,99.96
"outrank",4,46843441,99.96
"outsells",4,46843445,99.96
"outwits",4,46843449,99.96
"overabundant",4,46843453,99.96
"overact",4,46843457,99.96
"overanxious",4,46843461,99.96
"overbooking",4,46843465,99.96
"overcautious",4,46843469,99.96
"overclocking",4,46843473,99.96
"overdress",4,46843477,99.96
"overemphasize",4,46843481,99.96
"overemphasizes",4,46843485,99.96
"overemphasizing",4,46843489,99.96
"overmuch",4,46843493,99.96
"overreacts",4,46843497,99.96
"overtax",4,46843501,99.96
"overthought",4,46843505,99.96
"owlish",4,46843509,99.96
"paderewski",4,46843513,99.96
"paining",4,46843517,99.96
"palindromic",4,46843521,99.96
"palled",4,46843525,99.96
"palling",4,46843529,99.96
"palpate",4,46843533,99.96
"panderer",4,46843537,99.96
"paracelsus",4,46843541,99.96
"parachutists",4,46843545,99.96
"parboiling",4,46843549,99.96
"parcheesi",4,46843553,99.96
"parings",4,46843557,99.96
"parleys",4,46843561,99.96
"parses",4,46843565,99.96
"parsimony",4,46843569,99.96
"passably",4,46843573,99.96
"pawning",4,46843577,99.96
"peccadillo",4,46843581,99.96
"pedagogic",4,46843585,99.96
"pederast",4,46843589,99.96
"pedometers",4,46843593,99.96
"pelee",4,46843597,99.96
"peloponnese",4,46843601,99.96
"penderecki",4,46843605,99.96
"perceptiveness",4,46843609,99.96
"percheron",4,46843613,99.96
"peremptory",4,46843617,99.96
"perfunctorily",4,46843621,99.96
"periscopes",4,46843625,99.96
"peritonitis",4,46843629,99.96
"periwinkles",4,46843633,99.96
"perming",4,46843637,99.96
"perspired",4,46843641,99.96
"perturb",4,46843645,99.96
"perturbing",4,46843649,99.96
"pestilent",4,46843653,99.96
"phage",4,46843657,99.96
"phalli",4,46843661,99.96
"phantasms",4,46843665,99.97
"philanderers",4,46843669,99.97
"philatelist",4,46843673,99.97
"philodendrons",4,46843677,99.97
"philology",4,46843681,99.97
"phishers",4,46843685,99.97
"phlegmatic",4,46843689,99.97
"photobombed",4,46843693,99.97
"photobombing",4,46843697,99.97
"phrasal",4,46843701,99.97
"physiognomy",4,46843705,99.97
"physiotherapists",4,46843709,99.97
"piccolos",4,46843713,99.97
"pickaxes",4,46843717,99.97
"pilothouse",4,46843721,99.97
"pincushions",4,46843725,99.97
"piously",4,46843729,99.97
"pippins",4,46843733,99.97
"piraeus",4,46843737,99.97
"pitchmen",4,46843741,99.97
"plasterboard",4,46843745,99.97
"platefuls",4,46843749,99.97
"platens",4,46843753,99.97
"platypuses",4,46843757,99.97
"playhouses",4,46843761,99.97
"plumps",4,46843765,99.97
"plunderers",4,46843769,99.97
"plunders",4,46843773,99.97
"podiatrists",4,46843777,99.97
"pointillist",4,46843781,99.97
"poising",4,46843785,99.97
"poled",4,46843789,99.97
"polestar",4,46843793,99.97
"politer",4,46843797,99.97
"politest",4,46843801,99.97
"polonaise",4,46843805,99.97
"polymaths",4,46843809,99.97
"polymeric",4,46843813,99.97
"polysyllabic",4,46843817,99.97
"pontiffs",4,46843821,99.97
"popocatepetl",4,46843825,99.97
"populates",4,46843829,99.97
"positron",4,46843833,99.97
"possessors",4,46843837,99.97
"posthaste",4,46843841,99.97
"postoperative",4,46843845,99.97
"potables",4,46843849,99.97
"potboilers",4,46843853,99.97
"potentates",4,46843857,99.97
"pouched",4,46843861,99.97
"powerpc",4,46843865,99.97
"practicals",4,46843869,99.97
"precambrian",4,46843873,99.97
"predisposing",4,46843877,99.97
"preferentially",4,46843881,99.97
"prejudicing",4,46843885,99.97
"preoccupying",4,46843889,99.97
"presbyterianism",4,46843893,99.97
"pressmen",4,46843897,99.97
"pretexts",4,46843901,99.97
"proffers",4,46843905,99.97
"prolix",4,46843909,99.97
"propagandizing",4,46843913,99.97
"propertied",4,46843917,99.97
"prophylactics",4,46843921,99.97
"propitiate",4,46843925,99.97
"propositional",4,46843929,99.97
"prorating",4,46843933,99.97
"prostrating",4,46843937,99.97
"protoplasm",4,46843941,99.97
"protrusion",4,46843945,99.97
"protrusions",4,46843949,99.97
"provincials",4,46843953,99.97
"psychical",4,46843957,99.97
"publicizes",4,46843961,99.97
"puffball",4,46843965,99.97
"pulchritude",4,46843969,99.97
"pulping",4,46843973,99.97
"purebreds",4,46843977,99.97
"purgative",4,46843981,99.97
"purveyed",4,46843985,99.97
"pyotr",4,46843989,99.97
"pyres",4,46843993,99.97
"pyromaniacs",4,46843997,99.97
"quaalude",4,46844001,99.97
"quadriplegics",4,46844005,99.97
"quaternary",4,46844009,99.97
"queasily",4,46844013,99.97
"queerest",4,46844017,99.97
"quibbled",4,46844021,99.97
"quislings",4,46844025,99.97
"quorums",4,46844029,99.97
"rabbinate",4,46844033,99.97
"racecourses",4,46844037,99.97
"radials",4,46844041,99.97
"rafted",4,46844045,99.97
"ramrodding",4,46844049,99.97
"rankine",4,46844053,99.97
"rastafarianism",4,46844057,99.97
"raucously",4,46844061,99.97
"rayban",4,46844065,99.97
"razzed",4,46844069,99.97
"razzing",4,46844073,99.97
"readier",4,46844077,99.97
"realizable",4,46844081,99.97
"reallocates",4,46844085,99.97
"reappraisals",4,46844089,99.97
"rearm",4,46844093,99.97
"rebated",4,46844097,99.97
"recanting",4,46844101,99.97
"recants",4,46844105,99.97
"receptiveness",4,46844109,99.97
"recidivist",4,46844113,99.97
"recombination",4,46844117,99.97
"recurrences",4,46844121,99.97
"redcoats",4,46844125,99.97
"reemerging",4,46844129,99.97
"refrigerants",4,46844133,99.97
"regicide",4,46844137,99.97
"regimentation",4,46844141,99.97
"reginae",4,46844145,99.97
"regulus",4,46844149,99.97
"relevantly",4,46844153,99.97
"remitted",4,46844157,99.97
"remounted",4,46844161,99.97
"remunerated",4,46844165,99.97
"reneges",4,46844169,99.97
"renovates",4,46844173,99.97
"renovators",4,46844177,99.97
"renumbering",4,46844181,99.97
"reoccur",4,46844185,99.97
"reoccurs",4,46844189,99.97
"reprehensibly",4,46844193,99.97
"repressions",4,46844197,99.97
"reproachful",4,46844201,99.97
"reprobates",4,46844205,99.97
"reproofs",4,46844209,99.97
"reproved",4,46844213,99.97
"resolver",4,46844217,99.97
"restfully",4,46844221,99.97
"restfulness",4,46844225,99.97
"restocks",4,46844229,99.97
"retrievable",4,46844233,99.97
"returnee",4,46844237,99.97
"revalue",4,46844241,99.97
"reverencing",4,46844245,99.97
"revilers",4,46844249,99.97
"reviling",4,46844253,99.97
"rheumy",4,46844257,99.97
"rhomboid",4,46844261,99.97
"richthofen",4,46844265,99.97
"rickover",4,46844269,99.97
"riefenstahl",4,46844273,99.97
"rigel",4,46844277,99.97
"rigoberto",4,46844281,99.97
"riposted",4,46844285,99.97
"ritualism",4,46844289,99.97
"roguery",4,46844293,99.97
"rooked",4,46844297,99.97
"roomers",4,46844301,99.97
"rostand",4,46844305,99.97
"rostov",4,46844309,99.97
"roundelay",4,46844313,99.97
"roved",4,46844317,99.97
"ruhr",4,46844321,99.97
"ruinously",4,46844325,99.97
"ruminated",4,46844329,99.97
"rundowns",4,46844333,99.97
"sacajawea",4,46844337,99.97
"sacristy",4,46844341,99.97
"saintliness",4,46844345,99.97
"salaciousness",4,46844349,99.97
"salesgirl",4,46844353,99.97
"salivated",4,46844357,99.97
"salivation",4,46844361,99.97
"saltiest",4,46844365,99.97
"salves",4,46844369,99.97
"samarkand",4,46844373,99.97
"samoyed",4,46844377,99.97
"sandblasting",4,46844381,99.97
"sandboxes",4,46844385,99.97
"sandpipers",4,46844389,99.97
"sanguinary",4,46844393,99.97
"sankara",4,46844397,99.97
"sapsuckers",4,46844401,99.97
"saracens",4,46844405,99.97
"sarto",4,46844409,99.97
"satiating",4,46844413,99.97
"saucepans",4,46844417,99.97
"savannas",4,46844421,99.97
"savories",4,46844425,99.97
"sawhorse",4,46844429,99.97
"scabbed",4,46844433,99.97
"scabbing",4,46844437,99.97
"scalpels",4,46844441,99.97
"scarabs",4,46844445,99.97
"schelling",4,46844449,99.97
"schematically",4,46844453,99.97
"schismatic",4,46844457,99.97
"schnauzers",4,46844461,99.97
"schooldays",4,46844465,99.97
"scorches",4,46844469,99.97
"scrappiest",4,46844473,99.97
"scratchiness",4,46844477,99.97
"scrooges",4,46844481,99.97
"scylla",4,46844485,99.97
"secreting",4,46844489,99.97
"secretively",4,46844493,99.97
"seesaws",4,46844497,99.97
"seismograph",4,46844501,99.97
"selfie",4,46844505,99.97
"semiconscious",4,46844509,99.97
"senates",4,46844513,99.97
"sepulchral",4,46844517,99.97
"sequencers",4,46844521,99.97
"seraglio",4,46844525,99.97
"seraphs",4,46844529,99.97
"sere",4,46844533,99.97
"sermonizing",4,46844537,99.97
"serviettes",4,46844541,99.97
"servos",4,46844545,99.97
"sexagenarian",4,46844549,99.97
"shabbiness",4,46844553,99.97
"shadier",4,46844557,99.97
"shadowboxing",4,46844561,99.97
"shakiest",4,46844565,99.97
"sharking",4,46844569,99.97
"shearers",4,46844573,99.97
"shetlands",4,46844577,99.97
"shiftiness",4,46844581,99.97
"shijiazhuang",4,46844585,99.97
"shillelagh",4,46844589,99.97
"shirtsleeves",4,46844593,99.97
"shirttail",4,46844597,99.97
"shopaholics",4,46844601,99.97
"shopworn",4,46844605,99.97
"showier",4,46844609,99.97
"shrewder",4,46844613,99.97
"shrewdest",4,46844617,99.97
"shrilled",4,46844621,99.97
"shrilly",4,46844625,99.97
"shyster",4,46844629,99.97
"sightseer",4,46844633,99.97
"signalized",4,46844637,99.97
"signally",4,46844641,99.97
"signposted",4,46844645,99.97
"silicate",4,46844649,99.97
"simpleness",4,46844653,99.97
"siring",4,46844657,99.97
"sitars",4,46844661,99.97
"situates",4,46844665,99.97
"skinflint",4,46844669,99.97
"skycaps",4,46844673,99.97
"skydived",4,46844677,99.97
"slackening",4,46844681,99.97
"slags",4,46844685,99.97
"slaked",4,46844689,99.97
"slaking",4,46844693,99.97
"slangy",4,46844697,99.97
"slaphappy",4,46844701,99.97
"slaver",4,46844705,99.97
"slavonic",4,46844709,99.97
"sleekest",4,46844713,99.97
"sleekness",4,46844717,99.97
"sleepiest",4,46844721,99.97
"sleepwalked",4,46844725,99.97
"sluices",4,46844729,99.97
"slumlords",4,46844733,99.97
"smarted",4,46844737,99.97
"smelts",4,46844741,99.97
"smolensk",4,46844745,99.97
"snivel",4,46844749,99.97
"snootiness",4,46844753,99.97
"snowplowing",4,46844757,99.97
"snuffs",4,46844761,99.97
"snugged",4,46844765,99.97
"socializes",4,46844769,99.97
"softwoods",4,46844773,99.97
"sogginess",4,46844777,99.97
"somnambulist",4,46844781,99.97
"somnolence",4,46844785,99.97
"sorceresses",4,46844789,99.97
"soundlessly",4,46844793,99.97
"spacecrafts",4,46844797,99.97
"spacewalks",4,46844801,99.97
"speckle",4,46844805,99.97
"speckling",4,46844809,99.97
"spectaculars",4,46844813,99.97
"spelunker",4,46844817,99.97
"spermicide",4,46844821,99.97
"sphincters",4,46844825,99.97
"spindling",4,46844829,99.97
"spinnakers",4,46844833,99.97
"spiritualists",4,46844837,99.97
"splashiest",4,46844841,99.97
"spleens",4,46844845,99.97
"splines",4,46844849,99.97
"spoliation",4,46844853,99.97
"sportive",4,46844857,99.97
"sportscasting",4,46844861,99.97
"sportsmanlike",4,46844865,99.97
"springboards",4,46844869,99.97
"sprinklings",4,46844873,99.97
"squiring",4,46844877,99.97
"stagflation",4,46844881,99.97
"stakeouts",4,46844885,99.97
"starchier",4,46844889,99.97
"starching",4,46844893,99.97
"steadies",4,46844897,99.97
"steamier",4,46844901,99.97
"steamrolls",4,46844905,99.97
"stenographic",4,46844909,99.97
"stepdaughters",4,46844913,99.97
"stepladder",4,46844917,99.97
"stevedores",4,46844921,99.97
"stickpin",4,46844925,99.97
"stochastic",4,46844929,99.97
"stonewalls",4,46844933,99.97
"storminess",4,46844937,99.97
"stouter",4,46844941,99.97
"strafed",4,46844945,99.97
"straggle",4,46844949,99.97
"straightness",4,46844953,99.97
"straiten",4,46844957,99.97
"straitened",4,46844961,99.97
"studding",4,46844965,99.97
"studliest",4,46844969,99.97
"stultified",4,46844973,99.97
"stupefying",4,46844977,99.97
"stupors",4,46844981,99.97
"suavity",4,46844985,99.97
"subleases",4,46844989,99.97
"submersed",4,46844993,99.97
"subsists",4,46844997,99.97
"subsoil",4,46845001,99.97
"substratum",4,46845005,99.97
"subtitling",4,46845009,99.97
"suburbans",4,46845013,99.97
"sufferance",4,46845017,99.97
"sulkily",4,46845021,99.97
"sullenness",4,46845025,99.97
"sullies",4,46845029,99.97
"sultanate",4,46845033,99.97
"sumeria",4,46845037,99.97
"summering",4,46845041,99.97
"sunbathed",4,46845045,99.97
"sundanese",4,46845049,99.97
"superabundant",4,46845053,99.97
"supped",4,46845057,99.97
"supplicant",4,46845061,99.97
"surcease",4,46845065,99.97
"swaddles",4,46845069,99.97
"swaggered",4,46845073,99.97
"sward",4,46845077,99.97
"swashbucklers",4,46845081,99.97
"swathing",4,46845085,99.97
"swatters",4,46845089,99.97
"sweatier",4,46845093,99.97
"switcher",4,46845097,99.97
"sybaritic",4,46845101,99.97
"syllogisms",4,46845105,99.97
"synge",4,46845109,99.97
"synods",4,46845113,99.97
"synthesizes",4,46845117,99.97
"tabbing",4,46845121,99.97
"talmuds",4,46845125,99.97
"tamerlane",4,46845129,99.97
"tamers",4,46845133,99.97
"tamworth",4,46845137,99.97
"tangoed",4,46845141,99.97
"tangs",4,46845145,99.97
"tankards",4,46845149,99.97
"tantalizes",4,46845153,99.97
"tarkington",4,46845157,99.97
"tarrying",4,46845161,99.97
"tartans",4,46845165,99.97
"tartuffe",4,46845169,99.97
"tashkent",4,46845173,99.97
"tattles",4,46845177,99.97
"tautly",4,46845181,99.97
"tawdriness",4,46845185,99.97
"tealights",4,46845189,99.97
"tearooms",4,46845193,99.97
"telescoped",4,46845197,99.97
"temptresses",4,46845201,99.97
"tenderizing",4,46845205,99.97
"tenochtitlan",4,46845209,99.97
"tenseness",4,46845213,99.97
"tenser",4,46845217,99.97
"terminologies",4,46845221,99.97
"terracing",4,46845225,99.97
"thalamus",4,46845229,99.97
"thatching",4,46845233,99.97
"thenceforth",4,46845237,99.97
"theoretic",4,46845241,99.97
"thiamine",4,46845245,99.97
"thighbone",4,46845249,99.97
"thornier",4,46845253,99.97
"thoughtlessness",4,46845257,99.97
"thous",4,46845261,99.97
"thracian",4,46845265,99.97
"thralls",4,46845269,99.97
"thwacking",4,46845273,99.97
"tiding",4,46845277,99.97
"timekeepers",4,46845281,99.97
"timescales",4,46845285,99.97
"tinkled",4,46845289,99.97
"tinniest",4,46845293,99.97
"titters",4,46845297,99.97
"toilsome",4,46845301,99.97
"tollgate",4,46845305,99.97
"tombaugh",4,46845309,99.97
"tongan",4,46845313,99.97
"toniest",4,46845317,99.97
"toolboxes",4,46845321,99.97
"topknots",4,46845325,99.97
"topological",4,46845329,99.97
"torahs",4,46845333,99.97
"towhead",4,46845337,99.97
"tractable",4,46845341,99.97
"tragedian",4,46845345,99.97
"transducer",4,46845349,99.97
"transfix",4,46845353,99.97
"transfused",4,46845357,99.97
"trapdoors",4,46845361,99.97
"trawls",4,46845365,99.97
"trebled",4,46845369,99.97
"trefoils",4,46845373,99.97
"trilled",4,46845377,99.97
"trimaran",4,46845381,99.97
"troposphere",4,46845385,99.97
"trounce",4,46845389,99.97
"troys",4,46845393,99.97
"truncheon",4,46845397,99.97
"trundles",4,46845401,99.97
"trussing",4,46845405,99.97
"trustful",4,46845409,99.97
"trusties",4,46845413,99.97
"tundras",4,46845417,99.97
"turfed",4,46845421,99.97
"turfs",4,46845425,99.97
"tussock",4,46845429,99.97
"tweedledum",4,46845433,99.97
"twiddled",4,46845437,99.97
"twila",4,46845441,99.97
"typewrite",4,46845445,99.97
"typifying",4,46845449,99.97
"ubiquitously",4,46845453,99.97
"ulcerated",4,46845457,99.97
"ulna",4,46845461,99.97
"umlauts",4,46845465,99.97
"unaccepted",4,46845469,99.97
"unassigned",4,46845473,99.97
"uncharitably",4,46845477,99.97
"unconventionally",4,46845481,99.97
"undependable",4,46845485,99.97
"undercharging",4,46845489,99.97
"undulation",4,46845493,99.97
"unerringly",4,46845497,99.97
"unfaithfully",4,46845501,99.97
"unicameral",4,46845505,99.97
"unitarians",4,46845509,99.97
"unlaced",4,46845513,99.97
"unmake",4,46845517,99.97
"unreasonableness",4,46845521,99.97
"unrewarding",4,46845525,99.97
"unrolls",4,46845529,99.97
"unscrambling",4,46845533,99.97
"unscrupulously",4,46845537,99.97
"unstopped",4,46845541,99.97
"unsubscribes",4,46845545,99.97
"untaught",4,46845549,99.97
"untiring",4,46845553,99.97
"untruthfully",4,46845557,99.97
"unutterable",4,46845561,99.97
"unvarying",4,46845565,99.97
"upbraiding",4,46845569,99.97
"updater",4,46845573,99.97
"upholstering",4,46845577,99.97
"upjohn",4,46845581,99.97
"uruguayans",4,46845585,99.97
"utopians",4,46845589,99.97
"vacillates",4,46845593,99.97
"vagabonding",4,46845597,99.97
"vamoose",4,46845601,99.97
"vapidity",4,46845605,99.97
"vaping",4,46845609,99.97
"vaporization",4,46845613,99.97
"vaporware",4,46845617,99.97
"vatted",4,46845621,99.97
"vatting",4,46845625,99.97
"vegetate",4,46845629,99.97
"venial",4,46845633,99.97
"ventricles",4,46845637,99.97
"verdun",4,46845641,99.97
"vertebral",4,46845645,99.97
"vesicles",4,46845649,99.97
"vestment",4,46845653,99.97
"viand",4,46845657,99.97
"vilifies",4,46845661,99.97
"vindicates",4,46845665,99.97
"violoncello",4,46845669,99.97
"vitiate",4,46845673,99.97
"vorster",4,46845677,99.97
"vortexes",4,46845681,99.97
"wabbits",4,46845685,99.97
"wader",4,46845689,99.97
"waggled",4,46845693,99.97
"wainscot",4,46845697,99.97
"waistcoats",4,46845701,99.97
"wangled",4,46845705,99.97
"wanked",4,46845709,99.97
"wanks",4,46845713,99.97
"wantons",4,46845717,99.97
"washboards",4,46845721,99.97
"washouts",4,46845725,99.97
"watchmakers",4,46845729,99.97
"waxen",4,46845733,99.97
"waxwing",4,46845737,99.97
"waxwings",4,46845741,99.97
"weaponless",4,46845745,99.97
"weatherizing",4,46845749,99.97
"weddell",4,46845753,99.97
"weekending",4,46845757,99.97
"weepers",4,46845761,99.97
"weepies",4,46845765,99.97
"wehrmacht",4,46845769,99.97
"wellingtons",4,46845773,99.97
"welted",4,46845777,99.97
"whackers",4,46845781,99.97
"whammies",4,46845785,99.97
"wheaten",4,46845789,99.97
"whirligigs",4,46845793,99.97
"wholesales",4,46845797,99.97
"wiesenthal",4,46845801,99.97
"wigging",4,46845805,99.97
"windburn",4,46845809,99.97
"windmilling",4,46845813,99.97
"windowpanes",4,46845817,99.97
"wingspans",4,46845821,99.97
"wobbliest",4,46845825,99.97
"womanish",4,46845829,99.97
"womble",4,46845833,99.97
"wonderlands",4,46845837,99.97
"wonted",4,46845841,99.97
"woodcarving",4,46845845,99.97
"woodcutters",4,46845849,99.97
"woodenly",4,46845853,99.97
"worriers",4,46845857,99.97
"wreathes",4,46845861,99.97
"writable",4,46845865,99.97
"xerxes",4,46845869,99.97
"xxvii",4,46845873,99.97
"xylophones",4,46845877,99.97
"yaps",4,46845881,99.97
"yardarm",4,46845885,99.97
"yowl",4,46845889,99.97
"ywha",4,46845893,99.97
"zambezi",4,46845897,99.97
"zens",4,46845901,99.97
"zhukov",4,46845905,99.97
"zions",4,46845909,99.97
"zonal",4,46845913,99.97
"abaft",3,46845916,99.97
"abducts",3,46845919,99.97
"ablative",3,46845922,99.97
"ablest",3,46845925,99.97
"ablution",3,46845928,99.97
"abstracting",3,46845931,99.97
"academician",3,46845934,99.97
"accessibly",3,46845937,99.97
"accessioned",3,46845940,99.97
"accessions",3,46845943,99.97
"accidentals",3,46845946,99.97
"accosts",3,46845949,99.97
"accumulators",3,46845952,99.97
"aconcagua",3,46845955,99.97
"acquaints",3,46845958,99.97
"acquitting",3,46845961,99.97
"acutes",3,46845964,99.97
"adders",3,46845967,99.97
"adenoid",3,46845970,99.97
"adjudge",3,46845973,99.97
"adjudicators",3,46845976,99.97
"admen",3,46845979,99.97
"adumbrate",3,46845982,99.97
"adumbration",3,46845985,99.97
"adventurously",3,46845988,99.97
"adverbial",3,46845991,99.97
"adverted",3,46845994,99.97
"aerator",3,46845997,99.97
"aforethought",3,46846000,99.97
"afterlives",3,46846003,99.97
"agglomerations",3,46846006,99.97
"agriculturalists",3,46846009,99.97
"ague",3,46846012,99.97
"airedales",3,46846015,99.97
"airiness",3,46846018,99.97
"airlifting",3,46846021,99.97
"airsickness",3,46846024,99.97
"airstrips",3,46846027,99.97
"airworthy",3,46846030,99.97
"alcyone",3,46846033,99.97
"algonquian",3,46846036,99.97
"aliased",3,46846039,99.97
"alkaloid",3,46846042,99.97
"alleghenies",3,46846045,99.97
"altruist",3,46846048,99.97
"amasses",3,46846051,99.97
"ameliorates",3,46846054,99.97
"amethysts",3,46846057,99.97
"amnestied",3,46846060,99.97
"amorality",3,46846063,99.97
"amorously",3,46846066,99.97
"amortizing",3,46846069,99.97
"amplitudes",3,46846072,99.97
"amputating",3,46846075,99.97
"analgesia",3,46846078,99.97
"analogously",3,46846081,99.97
"anathemas",3,46846084,99.97
"anatomist",3,46846087,99.97
"andirons",3,46846090,99.97
"angelita",3,46846093,99.97
"anguishing",3,46846096,99.97
"anthropoid",3,46846099,99.97
"anticlockwise",3,46846102,99.97
"antiquaries",3,46846105,99.97
"antislavery",3,46846108,99.97
"antitheses",3,46846111,99.97
"anybodies",3,46846114,99.97
"aortas",3,46846117,99.97
"apathetically",3,46846120,99.97
"apparatuses",3,46846123,99.97
"apprehends",3,46846126,99.97
"apprise",3,46846129,99.97
"aramco",3,46846132,99.97
"ararat",3,46846135,99.97
"arbitrated",3,46846138,99.97
"arbitrates",3,46846141,99.97
"archdioceses",3,46846144,99.97
"archipelagos",3,46846147,99.97
"aristides",3,46846150,99.97
"armonk",3,46846153,99.97
"arrogate",3,46846156,99.97
"arthropod",3,46846159,99.97
"artificer",3,46846162,99.97
"asama",3,46846165,99.97
"ascertains",3,46846168,99.97
"ashamedly",3,46846171,99.97
"ashed",3,46846174,99.97
"aspirate",3,46846177,99.97
"aspirins",3,46846180,99.97
"assenting",3,46846183,99.97
"assignable",3,46846186,99.97
"assimilates",3,46846189,99.97
"assize",3,46846192,99.97
"asterisked",3,46846195,99.97
"astir",3,46846198,99.97
"astrakhan",3,46846201,99.97
"astronomic",3,46846204,99.97
"atmospherically",3,46846207,99.97
"atones",3,46846210,99.97
"attender",3,46846213,99.97
"attestations",3,46846216,99.97
"augean",3,46846219,99.97
"australopithecus",3,46846222,99.97
"avocations",3,46846225,99.97
"awing",3,46846228,99.97
"axon",3,46846231,99.97
"azania",3,46846234,99.97
"backstopped",3,46846237,99.97
"backstrokes",3,46846240,99.97
"badinage",3,46846243,99.97
"baleen",3,46846246,99.97
"balladeers",3,46846249,99.97
"balloonist",3,46846252,99.97
"balustrades",3,46846255,99.97
"bamboozling",3,46846258,99.97
"bandying",3,46846261,99.97
"bankrupts",3,46846264,99.97
"baotou",3,46846267,99.97
"baronial",3,46846270,99.97
"bashfulness",3,46846273,99.97
"bastes",3,46846276,99.97
"battens",3,46846279,99.97
"bawls",3,46846282,99.97
"beaus",3,46846285,99.97
"becquerel",3,46846288,99.97
"bedecking",3,46846291,99.97
"bedrolls",3,46846294,99.97
"bedsore",3,46846297,99.97
"beechnut",3,46846300,99.97
"befitted",3,46846303,99.97
"befoul",3,46846306,99.97
"befouled",3,46846309,99.97
"begrudged",3,46846312,99.97
"beheads",3,46846315,99.97
"beholders",3,46846318,99.97
"belaboring",3,46846321,99.97
"belaying",3,46846324,99.97
"belches",3,46846327,99.97
"beleaguer",3,46846330,99.97
"bellwethers",3,46846333,99.97
"bellyful",3,46846336,99.97
"bemuse",3,46846339,99.97
"benevolently",3,46846342,99.97
"besieging",3,46846345,99.97
"bestowal",3,46846348,99.97
"bestrode",3,46846351,99.97
"bialystok",3,46846354,99.97
"bighearted",3,46846357,99.97
"bigotries",3,46846360,99.97
"biophysicist",3,46846363,99.97
"biorhythms",3,46846366,99.97
"biretta",3,46846369,99.97
"bitcoins",3,46846372,99.97
"blacktopped",3,46846375,99.97
"blanches",3,46846378,99.97
"blancmange",3,46846381,99.97
"blandishments",3,46846384,99.97
"blobbing",3,46846387,99.97
"bloodmobiles",3,46846390,99.97
"bloodying",3,46846393,99.97
"blotched",3,46846396,99.97
"blowgun",3,46846399,99.97
"blubbered",3,46846402,99.97
"bludgeons",3,46846405,99.97
"bluntest",3,46846408,99.97
"bobsledding",3,46846411,99.97
"bonging",3,46846414,99.97
"boobed",3,46846417,99.97
"boogied",3,46846420,99.97
"boors",3,46846423,99.97
"boudoirs",3,46846426,99.97
"bouffants",3,46846429,99.97
"bouncier",3,46846432,99.97
"brickbats",3,46846435,99.97
"bricklaying",3,46846438,99.97
"briers",3,46846441,99.97
"broils",3,46846444,99.97
"brouhahas",3,46846447,99.97
"brownian",3,46846450,99.97
"brunhilde",3,46846453,99.97
"buckyballs",3,46846456,99.97
"bugbears",3,46846459,99.97
"buildups",3,46846462,99.97
"bullfighters",3,46846465,99.97
"bulrush",3,46846468,99.97
"bumbler",3,46846471,99.97
"bunging",3,46846474,99.97
"bunglers",3,46846477,99.97
"bungs",3,46846480,99.97
"bunkhouses",3,46846483,99.97
"burlier",3,46846486,99.97
"bushed",3,46846489,99.97
"bushier",3,46846492,99.97
"bushings",3,46846495,99.97
"bushwhacked",3,46846498,99.97
"bushwhacker",3,46846501,99.97
"bushwhackers",3,46846504,99.97
"buttonholing",3,46846507,99.97
"cabals",3,46846510,99.97
"cadaverous",3,46846513,99.97
"caerphilly",3,46846516,99.97
"caesura",3,46846519,99.97
"calcifying",3,46846522,99.97
"calendared",3,46846525,99.97
"calibrations",3,46846528,99.97
"calyx",3,46846531,99.97
"canoeist",3,46846534,99.97
"canonize",3,46846537,99.97
"canvasbacks",3,46846540,99.97
"capacitance",3,46846543,99.97
"capek",3,46846546,99.97
"capstans",3,46846549,99.97
"capulet",3,46846552,99.97
"carbonates",3,46846555,99.97
"carbuncle",3,46846558,99.97
"careworn",3,46846561,99.97
"caribbeans",3,46846564,99.97
"carmines",3,46846567,99.97
"caroming",3,46846570,99.97
"caroms",3,46846573,99.97
"caroused",3,46846576,99.97
"carpathians",3,46846579,99.97
"carped",3,46846582,99.97
"carsickness",3,46846585,99.97
"cartooned",3,46846588,99.97
"caryatids",3,46846591,99.97
"cashiered",3,46846594,99.97
"cassocks",3,46846597,99.97
"castanet",3,46846600,99.97
"castors",3,46846603,99.97
"castrating",3,46846606,99.97
"catbirds",3,46846609,99.97
"catchword",3,46846612,99.97
"catgut",3,46846615,99.97
"catholicity",3,46846618,99.97
"catting",3,46846621,99.97
"cauliflowers",3,46846624,99.97
"caulks",3,46846627,99.97
"cauterized",3,46846630,99.97
"cavil",3,46846633,99.97
"cavorts",3,46846636,99.97
"cenozoic",3,46846639,99.97
"censuring",3,46846642,99.97
"centralizes",3,46846645,99.97
"chairwomen",3,46846648,99.97
"chambermaids",3,46846651,99.97
"chanter",3,46846654,99.97
"chanters",3,46846657,99.97
"chapping",3,46846660,99.97
"chapultepec",3,46846663,99.97
"chasten",3,46846666,99.97
"chayefsky",3,46846669,99.97
"cheeriest",3,46846672,99.97
"chelyabinsk",3,46846675,99.97
"chessmen",3,46846678,99.97
"chipewyan",3,46846681,99.97
"chiropractics",3,46846684,99.97
"chitchatting",3,46846687,99.97
"chittagong",3,46846690,99.97
"chlorofluorocarbons",3,46846693,99.97
"chronologies",3,46846696,99.97
"chrysalises",3,46846699,99.97
"churlishness",3,46846702,99.97
"cilia",3,46846705,99.97
"civvies",3,46846708,99.97
"clairvoyants",3,46846711,99.97
"clampdowns",3,46846714,99.97
"clangor",3,46846717,99.97
"clappers",3,46846720,99.97
"classifiable",3,46846723,99.97
"clearasil",3,46846726,99.97
"clemenceau",3,46846729,99.97
"clew",3,46846732,99.97
"clopping",3,46846735,99.97
"closemouthed",3,46846738,99.97
"clunkier",3,46846741,99.97
"clunkiest",3,46846744,99.97
"coagulant",3,46846747,99.97
"coarsened",3,46846750,99.97
"coccyx",3,46846753,99.97
"cockade",3,46846756,99.97
"codas",3,46846759,99.97
"codependency",3,46846762,99.97
"codgers",3,46846765,99.97
"coexists",3,46846768,99.97
"coffeepots",3,46846771,99.97
"cognates",3,46846774,99.97
"coimbatore",3,46846777,99.97
"collaring",3,46846780,99.97
"colorfast",3,46846783,99.97
"comfortingly",3,46846786,99.97
"commiserates",3,46846789,99.97
"commissar",3,46846792,99.97
"commonest",3,46846795,99.97
"commonplaces",3,46846798,99.97
"compacting",3,46846801,99.97
"comparability",3,46846804,99.97
"complaisant",3,46846807,99.97
"complected",3,46846810,99.97
"completer",3,46846813,99.97
"compo",3,46846816,99.97
"compos",3,46846819,99.97
"comprehensibility",3,46846822,99.97
"comptrollers",3,46846825,99.97
"conakry",3,46846828,99.97
"concertmasters",3,46846831,99.97
"conciliator",3,46846834,99.97
"concurrences",3,46846837,99.97
"condorcet",3,46846840,99.97
"confinements",3,46846843,99.97
"confiscates",3,46846846,99.97
"conflagrations",3,46846849,99.97
"conformations",3,46846852,99.97
"confusedly",3,46846855,99.97
"congeals",3,46846858,99.97
"conics",3,46846861,99.97
"conjecturing",3,46846864,99.97
"connives",3,46846867,99.97
"consanguinity",3,46846870,99.97
"considerately",3,46846873,99.97
"construes",3,46846876,99.97
"contactable",3,46846879,99.97
"convalesced",3,46846882,99.97
"convocations",3,46846885,99.97
"convolution",3,46846888,99.97
"convulses",3,46846891,99.97
"cornflowers",3,46846894,99.97
"coronets",3,46846897,99.97
"cosigner",3,46846900,99.97
"cosigning",3,46846903,99.97
"cosmetologists",3,46846906,99.97
"cotyledons",3,46846909,99.97
"counterbalancing",3,46846912,99.97
"counterpane",3,46846915,99.97
"counterrevolutionaries",3,46846918,99.97
"countrysides",3,46846921,99.97
"courbet",3,46846924,99.97
"cowlick",3,46846927,99.97
"cowpox",3,46846930,99.97
"crackerjacks",3,46846933,99.97
"crackup",3,46846936,99.97
"craniums",3,46846939,99.97
"crapes",3,46846942,99.97
"crassest",3,46846945,99.97
"creditably",3,46846948,99.97
"credos",3,46846951,99.97
"creon",3,46846954,99.97
"crinkles",3,46846957,99.97
"crispest",3,46846960,99.97
"croaks",3,46846963,99.97
"croesus",3,46846966,99.97
"crossbreeding",3,46846969,99.97
"crossly",3,46846972,99.97
"croupy",3,46846975,99.97
"cryptographer",3,46846978,99.97
"cryptographers",3,46846981,99.97
"cuckold",3,46846984,99.97
"cudgels",3,46846987,99.97
"culotte",3,46846990,99.97
"curlews",3,46846993,99.97
"currying",3,46846996,99.97
"customizes",3,46846999,99.97
"cyclonic",3,46847002,99.97
"cygnet",3,46847005,99.97
"czarina",3,46847008,99.97
"czerny",3,46847011,99.97
"daguerreotypes",3,46847014,99.97
"daintier",3,46847017,99.97
"dainties",3,46847020,99.97
"dakotan",3,46847023,99.97
"damming",3,46847026,99.97
"damps",3,46847029,99.97
"damson",3,46847032,99.97
"dashikis",3,46847035,99.97
"datelines",3,46847038,99.97
"dawdles",3,46847041,99.97
"deactivates",3,46847044,99.97
"deathblow",3,46847047,99.97
"debar",3,46847050,99.97
"debarment",3,46847053,99.97
"debauch",3,46847056,99.97
"debilitate",3,46847059,99.97
"debility",3,46847062,99.97
"debriefings",3,46847065,99.97
"debugged",3,46847068,99.97
"declaimed",3,46847071,99.97
"declamations",3,46847074,99.97
"declivity",3,46847077,99.97
"decolonization",3,46847080,99.97
"decolonizing",3,46847083,99.97
"decompresses",3,46847086,99.97
"deconstructions",3,46847089,99.97
"decontaminated",3,46847092,99.97
"decryption",3,46847095,99.97
"defoliate",3,46847098,99.97
"defroster",3,46847101,99.97
"defrosts",3,46847104,99.97
"defuses",3,46847107,99.97
"dehumidify",3,46847110,99.97
"deleveraged",3,46847113,99.97
"delius",3,46847116,99.97
"deloris",3,46847119,99.97
"delusive",3,46847122,99.97
"dementedly",3,46847125,99.97
"demises",3,46847128,99.97
"demobilized",3,46847131,99.97
"demotes",3,46847134,99.97
"deneb",3,46847137,99.97
"denseness",3,46847140,99.97
"deodorizing",3,46847143,99.97
"deplaned",3,46847146,99.97
"depoliticize",3,46847149,99.97
"depravities",3,46847152,99.97
"deprecatory",3,46847155,99.97
"deprogrammed",3,46847158,99.97
"depute",3,46847161,99.97
"derange",3,46847164,99.97
"desalinating",3,46847167,99.97
"desiderata",3,46847170,99.97
"desolately",3,46847173,99.97
"desperadoes",3,46847176,99.97
"despoiled",3,46847179,99.97
"determinable",3,46847182,99.97
"dethrones",3,46847185,99.97
"detoxified",3,46847188,99.97
"devanagari",3,46847191,99.97
"devilry",3,46847194,99.97
"dewlaps",3,46847197,99.97
"diagnostician",3,46847200,99.97
"diaphragms",3,46847203,99.97
"dicier",3,46847206,99.97
"dictaphone",3,46847209,99.97
"diddled",3,46847212,99.97
"diddling",3,46847215,99.97
"didrikson",3,46847218,99.97
"dignities",3,46847221,99.97
"digresses",3,46847224,99.97
"dimpling",3,46847227,99.97
"dipsomaniac",3,46847230,99.97
"dipsticks",3,46847233,99.97
"dirtball",3,46847236,99.97
"disablement",3,46847239,99.97
"disapprobation",3,46847242,99.97
"disbands",3,46847245,99.97
"disbar",3,46847248,99.97
"disbelieved",3,46847251,99.97
"disbelieves",3,46847254,99.97
"disciplinarians",3,46847257,99.97
"discombobulate",3,46847260,99.97
"discombobulating",3,46847263,99.97
"discomfiture",3,46847266,99.97
"discoursing",3,46847269,99.97
"discuses",3,46847272,99.97
"disembowel",3,46847275,99.97
"disemboweling",3,46847278,99.97
"disenchanting",3,46847281,99.97
"disenfranchises",3,46847284,99.97
"disentangling",3,46847287,99.97
"disfavored",3,46847290,99.97
"disfigures",3,46847293,99.97
"disinclination",3,46847296,99.97
"dismembers",3,46847299,99.97
"dismounts",3,46847302,99.97
"dispossess",3,46847305,99.97
"dissemble",3,46847308,99.97
"dissembled",3,46847311,99.97
"dissensions",3,46847314,99.97
"dithered",3,46847317,99.97
"diviner",3,46847320,99.97
"divisor",3,46847323,99.97
"divot",3,46847326,99.97
"doffs",3,46847329,99.97
"dogie",3,46847332,99.97
"dogmatist",3,46847335,99.97
"doltish",3,46847338,99.97
"domiciles",3,46847341,99.97
"doodad",3,46847344,99.97
"dorkiest",3,46847347,99.97
"dormice",3,46847350,99.97
"dowagers",3,46847353,99.97
"draftsmanship",3,46847356,99.97
"dramatizations",3,46847359,99.97
"drawbridges",3,46847362,99.97
"dreamiest",3,46847365,99.97
"drearier",3,46847368,99.97
"dredger",3,46847371,99.97
"drenches",3,46847374,99.97
"drinkings",3,46847377,99.97
"dromedaries",3,46847380,99.97
"druggist",3,46847383,99.97
"druggists",3,46847386,99.97
"duchesses",3,46847389,99.97
"ductility",3,46847392,99.97
"dumbwaiter",3,46847395,99.97
"dunner",3,46847398,99.97
"duodenum",3,46847401,99.97
"dustiest",3,46847404,99.97
"dustiness",3,46847407,99.97
"duteous",3,46847410,99.97
"dwarfish",3,46847413,99.97
"dyadic",3,46847416,99.97
"dynamical",3,46847419,99.97
"earldom",3,46847422,99.97
"earthward",3,46847425,99.97
"ecclesiastic",3,46847428,99.97
"educable",3,46847431,99.97
"efface",3,46847434,99.97
"effusions",3,46847437,99.97
"efren",3,46847440,99.97
"eggbeaters",3,46847443,99.97
"egotists",3,46847446,99.97
"elaborations",3,46847449,99.97
"electrocutes",3,46847452,99.97
"electrode",3,46847455,99.97
"elided",3,46847458,99.97
"elision",3,46847461,99.97
"elliptically",3,46847464,99.97
"elopes",3,46847467,99.97
"embitter",3,46847470,99.97
"embryologist",3,46847473,99.97
"emendation",3,46847476,99.97
"emetics",3,46847479,99.97
"emplacements",3,46847482,99.97
"employments",3,46847485,99.97
"emptily",3,46847488,99.97
"emulsifying",3,46847491,99.97
"enameling",3,46847494,99.97
"encamps",3,46847497,99.97
"encoders",3,46847500,99.97
"encodes",3,46847503,99.97
"encrypts",3,46847506,99.97
"encumber",3,46847509,99.97
"encyclicals",3,46847512,99.97
"enfranchised",3,46847515,99.97
"enfranchisement",3,46847518,99.97
"enigmas",3,46847521,99.97
"enjoining",3,46847524,99.97
"enmities",3,46847527,99.97
"enrapture",3,46847530,99.97
"ensconce",3,46847533,99.97
"enshroud",3,46847536,99.97
"enshrouding",3,46847539,99.97
"ensnares",3,46847542,99.97
"enthrone",3,46847545,99.97
"enthronement",3,46847548,99.97
"envisaging",3,46847551,99.97
"epigrammatic",3,46847554,99.97
"equinoctial",3,46847557,99.97
"equivocally",3,46847560,99.97
"equivocated",3,46847563,99.97
"equivocations",3,46847566,99.97
"eratosthenes",3,46847569,99.97
"ergs",3,46847572,99.97
"erhard",3,46847575,99.97
"erotics",3,46847578,99.97
"escalations",3,46847581,99.97
"espousal",3,46847584,99.97
"essene",3,46847587,99.97
"esteeming",3,46847590,99.97
"estrange",3,46847593,99.97
"estrangements",3,46847596,99.97
"etcher",3,46847599,99.97
"ethnologists",3,46847602,99.97
"euterpe",3,46847605,99.97
"evacuates",3,46847608,99.97
"evangelized",3,46847611,99.97
"eventuate",3,46847614,99.97
"eviscerates",3,46847617,99.97
"exasperate",3,46847620,99.97
"excavates",3,46847623,99.97
"exchangeable",3,46847626,99.97
"excl",3,46847629,99.97
"exclamatory",3,46847632,99.97
"excretes",3,46847635,99.97
"exculpate",3,46847638,99.97
"executrix",3,46847641,99.97
"exoplanet",3,46847644,99.97
"expectoration",3,46847647,99.97
"expediently",3,46847650,99.97
"expedients",3,46847653,99.97
"explicates",3,46847656,99.97
"explicating",3,46847659,99.97
"exploiter",3,46847662,99.97
"exterminations",3,46847665,99.97
"extirpate",3,46847668,99.97
"extrapolations",3,46847671,99.97
"exults",3,46847674,99.97
"faceting",3,46847677,99.97
"fafnir",3,46847680,99.97
"faintness",3,46847683,99.97
"fakir",3,46847686,99.97
"falsettos",3,46847689,99.97
"falsities",3,46847692,99.97
"farces",3,46847695,99.97
"fastenings",3,46847698,99.97
"fathomable",3,46847701,99.97
"fathomless",3,46847704,99.97
"fatuously",3,46847707,99.97
"fatuousness",3,46847710,99.97
"fencers",3,46847713,99.97
"ferociousness",3,46847716,99.97
"festooning",3,46847719,99.97
"festoons",3,46847722,99.97
"fezzes",3,46847725,99.97
"fiberglas",3,46847728,99.97
"fictionalizing",3,46847731,99.97
"filthier",3,46847734,99.97
"finesses",3,46847737,99.97
"fireproofing",3,46847740,99.97
"fixatives",3,46847743,99.97
"fizzier",3,46847746,99.97
"flabbier",3,46847749,99.97
"flagellate",3,46847752,99.97
"fliest",3,46847755,99.97
"flimflam",3,46847758,99.97
"flintlock",3,46847761,99.97
"flipflopping",3,46847764,99.97
"flippies",3,46847767,99.97
"flirtatiously",3,46847770,99.97
"fluoridate",3,46847773,99.97
"fluorides",3,46847776,99.97
"fluorine",3,46847779,99.97
"fluorocarbon",3,46847782,99.97
"fluorocarbons",3,46847785,99.97
"flyswatter",3,46847788,99.97
"fobbed",3,46847791,99.97
"foldaway",3,46847794,99.97
"fondants",3,46847797,99.97
"foolscap",3,46847800,99.97
"footlights",3,46847803,99.97
"footnoting",3,46847806,99.97
"forcefulness",3,46847809,99.97
"fording",3,46847812,99.97
"foregoes",3,46847815,99.97
"foregrounded",3,46847818,99.97
"foreshortening",3,46847821,99.97
"forestalls",3,46847824,99.97
"forsworn",3,46847827,99.97
"founts",3,46847830,99.97
"fourscore",3,46847833,99.97
"frailer",3,46847836,99.97
"frailest",3,46847839,99.97
"francisca",3,46847842,99.97
"franglais",3,46847845,99.97
"freeload",3,46847848,99.97
"freethinker",3,46847851,99.97
"freethinking",3,46847854,99.97
"fresnel",3,46847857,99.97
"fretfulness",3,46847860,99.97
"frisian",3,46847863,99.97
"frizzier",3,46847866,99.97
"frizzing",3,46847869,99.97
"frontages",3,46847872,99.97
"fructify",3,46847875,99.97
"fulminations",3,46847878,99.97
"funking",3,46847881,99.97
"furriers",3,46847884,99.97
"fuselages",3,46847887,99.97
"futzing",3,46847890,99.97
"fuzzily",3,46847893,99.97
"gabbled",3,46847896,99.97
"gainsaying",3,46847899,99.97
"galsworthy",3,46847902,99.97
"gamete",3,46847905,99.97
"gametes",3,46847908,99.97
"gantries",3,46847911,99.97
"garaging",3,46847914,99.97
"garroted",3,46847917,99.97
"gaslights",3,46847920,99.97
"gaucher",3,46847923,99.97
"gaziantep",3,46847926,99.97
"gearboxes",3,46847929,99.97
"genially",3,46847932,99.97
"gentles",3,46847935,99.97
"genuflection",3,46847938,99.97
"germicidal",3,46847941,99.97
"gerontologist",3,46847944,99.97
"gerunds",3,46847947,99.97
"gestated",3,46847950,99.97
"ghastliness",3,46847953,99.97
"giggler",3,46847956,99.97
"gimlets",3,46847959,99.97
"girdled",3,46847962,99.97
"gladioli",3,46847965,99.97
"glissandi",3,46847968,99.97
"gloaming",3,46847971,99.97
"globule",3,46847974,99.97
"glossaries",3,46847977,99.97
"glossier",3,46847980,99.97
"glutting",3,46847983,99.97
"glycerol",3,46847986,99.97
"gnashed",3,46847989,99.97
"goatskin",3,46847992,99.97
"godchild",3,46847995,99.97
"goggling",3,46847998,99.97
"goiters",3,46848001,99.97
"gondoliers",3,46848004,99.97
"goolagong",3,46848007,99.97
"governable",3,46848010,99.97
"governesses",3,46848013,99.97
"grafters",3,46848016,99.97
"grampians",3,46848019,99.97
"granulation",3,46848022,99.97
"grassier",3,46848025,99.97
"graveled",3,46848028,99.97
"graybeard",3,46848031,99.97
"graybeards",3,46848034,99.97
"greedier",3,46848037,99.97
"greediest",3,46848040,99.97
"greengrocers",3,46848043,99.97
"greenhorns",3,46848046,99.97
"groggier",3,46848049,99.97
"grokked",3,46848052,99.97
"grooviest",3,46848055,99.97
"grosbeaks",3,46848058,99.97
"groveled",3,46848061,99.97
"grubstake",3,46848064,99.97
"gruffer",3,46848067,99.97
"grumblers",3,46848070,99.97
"grungier",3,46848073,99.97
"gullah",3,46848076,99.97
"gutsier",3,46848079,99.97
"gyroscopes",3,46848082,99.97
"habitability",3,46848085,99.97
"habitations",3,46848088,99.97
"habituate",3,46848091,99.97
"hagglers",3,46848094,99.97
"hailstorms",3,46848097,99.97
"hairiness",3,46848100,99.97
"hallelujahs",3,46848103,99.97
"halters",3,46848106,99.97
"halyards",3,46848109,99.97
"handiest",3,46848112,99.97
"hangdog",3,46848115,99.97
"hangmen",3,46848118,99.97
"hansom",3,46848121,99.97
"hardliner",3,46848124,99.97
"harpists",3,46848127,99.97
"harridans",3,46848130,99.97
"hasidim",3,46848133,99.97
"hastiness",3,46848136,99.97
"hawthorns",3,46848139,99.97
"haycock",3,46848142,99.97
"headmasters",3,46848145,99.97
"hectors",3,46848148,99.97
"heinously",3,46848151,99.97
"helicoptered",3,46848154,99.97
"hellenism",3,46848157,99.97
"hellions",3,46848160,99.97
"hemorrhoid",3,46848163,99.97
"hennaed",3,46848166,99.97
"hermaphroditic",3,46848169,99.97
"hesperus",3,46848172,99.97
"heyerdahl",3,46848175,99.97
"hibachis",3,46848178,99.97
"highborn",3,46848181,99.97
"hightailing",3,46848184,99.97
"hoarfrost",3,46848187,99.97
"hobbyhorse",3,46848190,99.97
"hobnobs",3,46848193,99.97
"holograph",3,46848196,99.97
"holsteins",3,46848199,99.97
"homewards",3,46848202,99.97
"hoodoos",3,46848205,99.97
"horridly",3,46848208,99.97
"horsewoman",3,46848211,99.97
"hostiles",3,46848214,99.97
"hostler",3,46848217,99.97
"housefly",3,46848220,99.97
"housemaids",3,46848223,99.97
"hovhaness",3,46848226,99.97
"hrothgar",3,46848229,99.97
"huffily",3,46848232,99.97
"hugeness",3,46848235,99.97
"hummocks",3,46848238,99.97
"humpbacked",3,46848241,99.97
"hundredfold",3,46848244,99.97
"huntsmen",3,46848247,99.97
"husbanded",3,46848250,99.97
"hushes",3,46848253,99.97
"hymens",3,46848256,99.97
"hyphenating",3,46848259,99.97
"hypnotics",3,46848262,99.97
"hypothesizes",3,46848265,99.97
"hypothesizing",3,46848268,99.97
"icecaps",3,46848271,99.97
"iciness",3,46848274,99.97
"idealistically",3,46848277,99.97
"idempotent",3,46848280,99.97
"ideograms",3,46848283,99.97
"idolater",3,46848286,99.97
"idylls",3,46848289,99.97
"ignominiously",3,46848292,99.97
"imbecility",3,46848295,99.97
"imbibes",3,46848298,99.97
"immensities",3,46848301,99.97
"immersions",3,46848304,99.97
"immobilization",3,46848307,99.97
"immolating",3,46848310,99.97
"immunizes",3,46848313,99.97
"imperially",3,46848316,99.97
"imperils",3,46848319,99.97
"imposture",3,46848322,99.97
"impotently",3,46848325,99.97
"impoverishes",3,46848328,99.97
"imprecations",3,46848331,99.97
"impressiveness",3,46848334,99.97
"improbabilities",3,46848337,99.97
"improvidently",3,46848340,99.97
"imprudence",3,46848343,99.97
"impulsion",3,46848346,99.97
"imputing",3,46848349,99.97
"inapt",3,46848352,99.98
"inarticulately",3,46848355,99.98
"inaugurating",3,46848358,99.98
"inbreed",3,46848361,99.98
"incapacitating",3,46848364,99.98
"incarnates",3,46848367,99.98
"incautious",3,46848370,99.98
"incenses",3,46848373,99.98
"inconsiderately",3,46848376,99.98
"incorruptibility",3,46848379,99.98
"indecisively",3,46848382,99.98
"indefensibly",3,46848385,99.98
"indemnify",3,46848388,99.98
"indentures",3,46848391,99.98
"indigence",3,46848394,99.98
"inductance",3,46848397,99.98
"industrialize",3,46848400,99.98
"inextinguishable",3,46848403,99.98
"infectiousness",3,46848406,99.98
"infests",3,46848409,99.98
"infinities",3,46848412,99.98
"inflexibly",3,46848415,99.98
"inflorescence",3,46848418,99.98
"infrequency",3,46848421,99.98
"ingot",3,46848424,99.98
"inhere",3,46848427,99.98
"inroad",3,46848430,99.98
"inscribes",3,46848433,99.98
"insensibly",3,46848436,99.98
"insidiousness",3,46848439,99.98
"insincerely",3,46848442,99.98
"instamatic",3,46848445,99.98
"integers",3,46848448,99.98
"intensifier",3,46848451,99.98
"intercedes",3,46848454,99.98
"interchanged",3,46848457,99.98
"interleaving",3,46848460,99.98
"internalizes",3,46848463,99.98
"internee",3,46848466,99.98
"interpolations",3,46848469,99.98
"interpose",3,46848472,99.98
"interposition",3,46848475,99.98
"interrelations",3,46848478,99.98
"intersperses",3,46848481,99.98
"intranets",3,46848484,99.98
"intuiting",3,46848487,99.98
"inundates",3,46848490,99.98
"inure",3,46848493,99.98
"ionizer",3,46848496,99.98
"irkutsk",3,46848499,99.98
"irrelevancies",3,46848502,99.98
"irretrievable",3,46848505,99.98
"isfahan",3,46848508,99.98
"itemizes",3,46848511,99.98
"izanami",3,46848514,99.98
"jahangir",3,46848517,99.98
"jalopies",3,46848520,99.98
"japans",3,46848523,99.98
"jarlsberg",3,46848526,99.98
"jazziest",3,46848529,99.98
"jells",3,46848532,99.98
"jiggers",3,46848535,99.98
"jigsaws",3,46848538,99.98
"jihads",3,46848541,99.98
"jimmied",3,46848544,99.98
"jitterbugging",3,46848547,99.98
"jocund",3,46848550,99.98
"jodhpurs",3,46848553,99.98
"jonquil",3,46848556,99.98
"jostles",3,46848559,99.98
"joyrides",3,46848562,99.98
"judaeo",3,46848565,99.98
"jujubes",3,46848568,99.98
"julies",3,46848571,99.98
"junes",3,46848574,99.98
"junkier",3,46848577,99.98
"junkyards",3,46848580,99.98
"kaaba",3,46848583,99.98
"kagoshima",3,46848586,99.98
"kaohsiung",3,46848589,99.98
"kaposi",3,46848592,99.98
"katydids",3,46848595,99.98
"keyholes",3,46848598,99.98
"khans",3,46848601,99.98
"khoisan",3,46848604,99.98
"kibbutzim",3,46848607,99.98
"kibitzer",3,46848610,99.98
"kilning",3,46848613,99.98
"kinematics",3,46848616,99.98
"kinfolks",3,46848619,99.98
"kirchhoff",3,46848622,99.98
"kislev",3,46848625,99.98
"knothole",3,46848628,99.98
"kodaly",3,46848631,99.98
"lacerate",3,46848634,99.98
"lades",3,46848637,99.98
"ladyfinger",3,46848640,99.98
"lampreys",3,46848643,99.98
"landward",3,46848646,99.98
"languor",3,46848649,99.98
"lankier",3,46848652,99.98
"laplace",3,46848655,99.98
"larcenous",3,46848658,99.98
"larding",3,46848661,99.98
"lasagnas",3,46848664,99.98
"lassoed",3,46848667,99.98
"latonya",3,46848670,99.98
"latticed",3,46848673,99.98
"laudably",3,46848676,99.98
"launderer",3,46848679,99.98
"launderers",3,46848682,99.98
"laxer",3,46848685,99.98
"lazying",3,46848688,99.98
"leagued",3,46848691,99.98
"leaseholders",3,46848694,99.98
"leatherneck",3,46848697,99.98
"leathernecks",3,46848700,99.98
"leavens",3,46848703,99.98
"lechers",3,46848706,99.98
"leeched",3,46848709,99.98
"leered",3,46848712,99.98
"lefter",3,46848715,99.98
"legislates",3,46848718,99.98
"lemaitre",3,46848721,99.98
"leoncavallo",3,46848724,99.98
"lessees",3,46848727,99.98
"lethargically",3,46848730,99.98
"lethe",3,46848733,99.98
"lhotse",3,46848736,99.98
"librettists",3,46848739,99.98
"liebfraumilch",3,46848742,99.98
"lilongwe",3,46848745,99.98
"limbered",3,46848748,99.98
"limbless",3,46848751,99.98
"lindens",3,46848754,99.98
"lippi",3,46848757,99.98
"liquidates",3,46848760,99.98
"lire",3,46848763,99.98
"lisps",3,46848766,99.98
"lithographer",3,46848769,99.98
"litigiousness",3,46848772,99.98
"litterbug",3,46848775,99.98
"litterbugs",3,46848778,99.98
"littleness",3,46848781,99.98
"liveries",3,46848784,99.98
"llanos",3,46848787,99.98
"lodes",3,46848790,99.98
"logbooks",3,46848793,99.98
"loges",3,46848796,99.98
"logrolling",3,46848799,99.98
"lohengrin",3,46848802,99.98
"loincloths",3,46848805,99.98
"loiters",3,46848808,99.98
"loopiest",3,46848811,99.98
"loots",3,46848814,99.98
"lopsidedly",3,46848817,99.98
"lopsidedness",3,46848820,99.98
"loudmouthed",3,46848823,99.98
"louisianians",3,46848826,99.98
"lousier",3,46848829,99.98
"louvered",3,46848832,99.98
"lowed",3,46848835,99.98
"lubing",3,46848838,99.98
"lubricates",3,46848841,99.98
"ludicrousness",3,46848844,99.98
"lummox",3,46848847,99.98
"luridness",3,46848850,99.98
"lvov",3,46848853,99.98
"lyly",3,46848856,99.98
"macrobiotics",3,46848859,99.98
"madwomen",3,46848862,99.98
"magnetizing",3,46848865,99.98
"magnifier",3,46848868,99.98
"magyars",3,46848871,99.98
"maidenhair",3,46848874,99.98
"maidservants",3,46848877,99.98
"majorettes",3,46848880,99.98
"makarios",3,46848883,99.98
"maladjustment",3,46848886,99.98
"maladroit",3,46848889,99.98
"malaprop",3,46848892,99.98
"malapropism",3,46848895,99.98
"malinger",3,46848898,99.98
"malingerers",3,46848901,99.98
"malpractices",3,46848904,99.98
"manacled",3,46848907,99.98
"mandrell",3,46848910,99.98
"manics",3,46848913,99.98
"manicuring",3,46848916,99.98
"mantled",3,46848919,99.98
"maoism",3,46848922,99.98
"maraud",3,46848925,99.98
"marduk",3,46848928,99.98
"marimbas",3,46848931,99.98
"marinaded",3,46848934,99.98
"marinates",3,46848937,99.98
"maritain",3,46848940,99.98
"maronite",3,46848943,99.98
"marrows",3,46848946,99.98
"masefield",3,46848949,99.98
"massiveness",3,46848952,99.98
"mastectomies",3,46848955,99.98
"masticate",3,46848958,99.98
"mastication",3,46848961,99.98
"matchbooks",3,46848964,99.98
"mattocks",3,46848967,99.98
"mauls",3,46848970,99.98
"maurine",3,46848973,99.98
"maurois",3,46848976,99.98
"maydays",3,46848979,99.98
"maypoles",3,46848982,99.98
"measureless",3,46848985,99.98
"medicals",3,46848988,99.98
"melisande",3,46848991,99.98
"memling",3,46848994,99.98
"menageries",3,46848997,99.98
"mencius",3,46849000,99.98
"menstruate",3,46849003,99.98
"mentholatum",3,46849006,99.98
"merchandised",3,46849009,99.98
"mesabi",3,46849012,99.98
"mesmerizes",3,46849015,99.98
"metabolisms",3,46849018,99.98
"metabolizes",3,46849021,99.98
"metastasis",3,46849024,99.98
"metternich",3,46849027,99.98
"meuse",3,46849030,99.98
"mewled",3,46849033,99.98
"miasmas",3,46849036,99.98
"microeconomics",3,46849039,99.98
"micronesian",3,46849042,99.98
"microsecond",3,46849045,99.98
"midriffs",3,46849048,99.98
"mikoyan",3,46849051,99.98
"militarists",3,46849054,99.98
"militates",3,46849057,99.98
"militiaman",3,46849060,99.98
"milkier",3,46849063,99.98
"milksop",3,46849066,99.98
"milkweeds",3,46849069,99.98
"millstones",3,46849072,99.98
"mineralogist",3,46849075,99.98
"miniaturizing",3,46849078,99.98
"minim",3,46849081,99.98
"minoring",3,46849084,99.98
"misalliance",3,46849087,99.98
"misanthropist",3,46849090,99.98
"misdiagnose",3,46849093,99.98
"misguide",3,46849096,99.98
"misidentifying",3,46849099,99.98
"misjudgments",3,46849102,99.98
"misplaying",3,46849105,99.98
"misprints",3,46849108,99.98
"mississippians",3,46849111,99.98
"mistreats",3,46849114,99.98
"mistrusted",3,46849117,99.98
"mistyping",3,46849120,99.98
"misuses",3,46849123,99.98
"mitered",3,46849126,99.98
"mitosis",3,46849129,99.98
"mixtec",3,46849132,99.98
"mnemonics",3,46849135,99.98
"mobilizations",3,46849138,99.98
"moistly",3,46849141,99.98
"molests",3,46849144,99.98
"molts",3,46849147,99.98
"monarchism",3,46849150,99.98
"monomaniac",3,46849153,99.98
"monophonic",3,46849156,99.98
"monotheists",3,46849159,99.98
"monotonously",3,46849162,99.98
"moodiest",3,46849165,99.98
"moots",3,46849168,99.98
"moppet",3,46849171,99.98
"moppets",3,46849174,99.98
"moraines",3,46849177,99.98
"moralities",3,46849180,99.98
"moralize",3,46849183,99.98
"morphemes",3,46849186,99.98
"morphy",3,46849189,99.98
"mottling",3,46849192,99.98
"mottoes",3,46849195,99.98
"mouthwashes",3,46849198,99.98
"muddier",3,46849201,99.98
"muddiest",3,46849204,99.98
"muggiest",3,46849207,99.98
"mugginess",3,46849210,99.98
"mukluks",3,46849213,99.98
"mulattoes",3,46849216,99.98
"multiplexing",3,46849219,99.98
"multivariate",3,46849222,99.98
"mumblers",3,46849225,99.98
"mummer",3,46849228,99.98
"mummify",3,46849231,99.98
"mundanely",3,46849234,99.98
"munition",3,46849237,99.98
"murderously",3,46849240,99.98
"muscovite",3,46849243,99.98
"muskmelon",3,46849246,99.98
"muskrats",3,46849249,99.98
"mutinied",3,46849252,99.98
"mys",3,46849255,99.98
"nacre",3,46849258,99.98
"naiad",3,46849261,99.98
"naipaul",3,46849264,99.98
"nanoseconds",3,46849267,99.98
"nappier",3,46849270,99.98
"narcosis",3,46849273,99.98
"narcs",3,46849276,99.98
"nark",3,46849279,99.98
"nationalizes",3,46849282,99.98
"naturalizing",3,46849285,99.98
"nauseates",3,46849288,99.98
"nearsightedness",3,46849291,99.98
"negations",3,46849294,99.98
"neighed",3,46849297,99.98
"neoclassic",3,46849300,99.98
"neoclassicism",3,46849303,99.98
"nephritis",3,46849306,99.98
"nerved",3,46849309,99.98
"neutralizer",3,46849312,99.98
"newfoundlands",3,46849315,99.98
"nicknaming",3,46849318,99.98
"nightclubbing",3,46849321,99.98
"nightshirts",3,46849324,99.98
"nitpicks",3,46849327,99.98
"nodal",3,46849330,99.98
"nonconformists",3,46849333,99.98
"nonesuch",3,46849336,99.98
"nonphysical",3,46849339,99.98
"nonscheduled",3,46849342,99.98
"nonsectarian",3,46849345,99.98
"nonstandard",3,46849348,99.98
"nontaxable",3,46849351,99.98
"normand",3,46849354,99.98
"nosedives",3,46849357,99.98
"nosegays",3,46849360,99.98
"nosier",3,46849363,99.98
"nosiest",3,46849366,99.98
"notepaper",3,46849369,99.98
"nougats",3,46849372,99.98
"novas",3,46849375,99.98
"novelettes",3,46849378,99.98
"novembers",3,46849381,99.98
"novocain",3,46849384,99.98
"numeration",3,46849387,99.98
"nunavut",3,46849390,99.98
"nunneries",3,46849393,99.98
"nureyev",3,46849396,99.98
"nutriment",3,46849399,99.98
"nuttiest",3,46849402,99.98
"oblations",3,46849405,99.98
"oblongs",3,46849408,99.98
"obloquy",3,46849411,99.98
"oboists",3,46849414,99.98
"obsequiousness",3,46849417,99.98
"oceangoing",3,46849420,99.98
"oceanus",3,46849423,99.98
"oftener",3,46849426,99.98
"oglethorpe",3,46849429,99.98
"okhotsk",3,46849432,99.98
"oleo",3,46849435,99.98
"oligocene",3,46849438,99.98
"olympias",3,46849441,99.98
"ombudsmen",3,46849444,99.98
"operettas",3,46849447,99.98
"opprobrious",3,46849450,99.98
"optimizations",3,46849453,99.98
"orated",3,46849456,99.98
"orbitals",3,46849459,99.98
"orients",3,46849462,99.98
"orizaba",3,46849465,99.98
"outclass",3,46849468,99.98
"outclassing",3,46849471,99.98
"outdistanced",3,46849474,99.98
"outgo",3,46849477,99.98
"outsmarts",3,46849480,99.98
"outvote",3,46849483,99.98
"overcompensation",3,46849486,99.98
"overlain",3,46849489,99.98
"overlying",3,46849492,99.98
"overpopulate",3,46849495,99.98
"overprice",3,46849498,99.98
"overproducing",3,46849501,99.98
"overspread",3,46849504,99.98
"overspreading",3,46849507,99.98
"overwriting",3,46849510,99.98
"ovoid",3,46849513,99.98
"owlets",3,46849516,99.98
"oxidizer",3,46849519,99.98
"oxygenate",3,46849522,99.98
"oxygenates",3,46849525,99.98
"oxygenating",3,46849528,99.98
"paleface",3,46849531,99.98
"palmier",3,46849534,99.98
"palpated",3,46849537,99.98
"palpitation",3,46849540,99.98
"pamirs",3,46849543,99.98
"panaceas",3,46849546,99.98
"panamas",3,46849549,99.98
"panmunjom",3,46849552,99.98
"pantaloon",3,46849555,99.98
"paranoids",3,46849558,99.98
"parceling",3,46849561,99.98
"parch",3,46849564,99.98
"parching",3,46849567,99.98
"parley",3,46849570,99.98
"participator",3,46849573,99.98
"participators",3,46849576,99.98
"pascals",3,46849579,99.98
"passbook",3,46849582,99.98
"pasteurizes",3,46849585,99.98
"patchiness",3,46849588,99.98
"pawpaws",3,46849591,99.98
"payees",3,46849594,99.98
"peary",3,46849597,99.98
"pebbling",3,46849600,99.98
"pedestrianized",3,46849603,99.98
"pedicured",3,46849606,99.98
"peevish",3,46849609,99.98
"peevishly",3,46849612,99.98
"pellagra",3,46849615,99.98
"pend",3,46849618,99.98
"penitents",3,46849621,99.98
"penlight",3,46849624,99.98
"pennzoil",3,46849627,99.98
"penurious",3,46849630,99.98
"perambulating",3,46849633,99.98
"perceivable",3,46849636,99.98
"peregrinations",3,46849639,99.98
"perforating",3,46849642,99.98
"pericardium",3,46849645,99.98
"perjurers",3,46849648,99.98
"perpendiculars",3,46849651,99.98
"perpetration",3,46849654,99.98
"perquisite",3,46849657,99.98
"perturbation",3,46849660,99.98
"pesters",3,46849663,99.98
"pestles",3,46849666,99.98
"petiole",3,46849669,99.98
"petrels",3,46849672,99.98
"petrolatum",3,46849675,99.98
"phages",3,46849678,99.98
"pharynx",3,46849681,99.98
"phenomenons",3,46849684,99.98
"philately",3,46849687,99.98
"philological",3,46849690,99.98
"philosophized",3,46849693,99.98
"phisher",3,46849696,99.98
"phonological",3,46849699,99.98
"phosphor",3,46849702,99.98
"phosphorescence",3,46849705,99.98
"phosphoric",3,46849708,99.98
"photoelectric",3,46849711,99.98
"phrasings",3,46849714,99.98
"phyla",3,46849717,99.98
"physiologists",3,46849720,99.98
"pianola",3,46849723,99.98
"pickax",3,46849726,99.98
"pictographs",3,46849729,99.98
"pigeonholes",3,46849732,99.98
"piggybacks",3,46849735,99.98
"pilasters",3,46849738,99.98
"pillion",3,46849741,99.98
"pillowed",3,46849744,99.98
"pimientos",3,46849747,99.98
"pinprick",3,46849750,99.98
"pipping",3,46849753,99.98
"piquing",3,46849756,99.98
"pistils",3,46849759,99.98
"pitcairn",3,46849762,99.98
"placidity",3,46849765,99.98
"plaiting",3,46849768,99.98
"planetariums",3,46849771,99.98
"plantagenet",3,46849774,99.98
"plastique",3,46849777,99.98
"platitudinous",3,46849780,99.98
"plaudit",3,46849783,99.98
"playbacks",3,46849786,99.98
"playgoers",3,46849789,99.98
"playpens",3,46849792,99.98
"plenaries",3,46849795,99.98
"pliability",3,46849798,99.98
"plinths",3,46849801,99.98
"plodder",3,46849804,99.98
"plonking",3,46849807,99.98
"plonks",3,46849810,99.98
"pluralities",3,46849813,99.98
"pluralized",3,46849816,99.98
"plutocratic",3,46849819,99.98
"pming",3,46849822,99.98
"poiret",3,46849825,99.98
"polecat",3,46849828,99.98
"polecats",3,46849831,99.98
"poliomyelitis",3,46849834,99.98
"polisher",3,46849837,99.98
"politesse",3,46849840,99.98
"politicizes",3,46849843,99.98
"polonium",3,46849846,99.98
"poltergeists",3,46849849,99.98
"polymerization",3,46849852,99.98
"pontoons",3,46849855,99.98
"popgun",3,46849858,99.98
"poppas",3,46849861,99.98
"portentously",3,46849864,99.98
"possessively",3,46849867,99.98
"possessives",3,46849870,99.98
"postmortems",3,46849873,99.98
"potpies",3,46849876,99.98
"prattled",3,46849879,99.98
"prattles",3,46849882,99.98
"prattling",3,46849885,99.98
"precipices",3,46849888,99.98
"preclusion",3,46849891,99.98
"predestine",3,46849894,99.98
"predetermination",3,46849897,99.98
"prefigures",3,46849900,99.98
"presaging",3,46849903,99.98
"pressurize",3,46849906,99.98
"presumable",3,46849909,99.98
"presupposed",3,46849912,99.98
"prettified",3,46849915,99.98
"prevaricate",3,46849918,99.98
"prevaricated",3,46849921,99.98
"prevarication",3,46849924,99.98
"preventatives",3,46849927,99.98
"priding",3,46849930,99.98
"prioress",3,46849933,99.98
"privations",3,46849936,99.98
"privets",3,46849939,99.98
"prizefighters",3,46849942,99.98
"probated",3,46849945,99.98
"productiveness",3,46849948,99.98
"proforma",3,46849951,99.98
"profounder",3,46849954,99.98
"profundities",3,46849957,99.98
"prognoses",3,46849960,99.98
"projectionists",3,46849963,99.98
"prolongation",3,46849966,99.98
"promulgates",3,46849969,99.98
"proneness",3,46849972,99.98
"proscribes",3,46849975,99.98
"proscription",3,46849978,99.98
"proscriptions",3,46849981,99.98
"prosy",3,46849984,99.98
"protectorates",3,46849987,99.98
"protract",3,46849990,99.98
"provably",3,46849993,99.98
"prurience",3,46849996,99.98
"psychoanalyzed",3,46849999,99.98
"psychoanalyzing",3,46850002,99.98
"psychogenic",3,46850005,99.98
"psychologies",3,46850008,99.98
"ptah",3,46850011,99.98
"pubescence",3,46850014,99.98
"puddling",3,46850017,99.98
"puffier",3,46850020,99.98
"pugilists",3,46850023,99.98
"pulped",3,46850026,99.98
"pulsate",3,46850029,99.98
"pulsations",3,46850032,99.98
"pulverizes",3,46850035,99.98
"punctilious",3,46850038,99.98
"purana",3,46850041,99.98
"purgatorial",3,46850044,99.98
"purism",3,46850047,99.98
"pushier",3,46850050,99.98
"pusses",3,46850053,99.98
"pussyfooting",3,46850056,99.98
"putrefaction",3,46850059,99.98
"putrefying",3,46850062,99.98
"putties",3,46850065,99.98
"quadruped",3,46850068,99.98
"quaffed",3,46850071,99.98
"quantifier",3,46850074,99.98
"quashes",3,46850077,99.98
"quicklime",3,46850080,99.98
"quicksands",3,46850083,99.98
"quids",3,46850086,99.98
"quiescent",3,46850089,99.98
"quintupled",3,46850092,99.98
"qumran",3,46850095,99.98
"rabelais",3,46850098,99.98
"raceways",3,46850101,99.98
"raciest",3,46850104,99.98
"racketeers",3,46850107,99.98
"raffish",3,46850110,99.98
"ragamuffins",3,46850113,99.98
"rakishly",3,46850116,99.98
"ramakrishna",3,46850119,99.98
"ranched",3,46850122,99.98
"randomizing",3,46850125,99.98
"ransacks",3,46850128,99.98
"ranter",3,46850131,99.98
"rapiers",3,46850134,99.98
"ratifies",3,46850137,99.98
"rationalists",3,46850140,99.98
"rationals",3,46850143,99.98
"raunchiness",3,46850146,99.98
"ravishment",3,46850149,99.98
"readjustments",3,46850152,99.98
"reagents",3,46850155,99.98
"rebelliously",3,46850158,99.98
"recapitulates",3,46850161,99.98
"recasts",3,46850164,99.98
"recd",3,46850167,99.98
"rechecking",3,46850170,99.98
"recidivists",3,46850173,99.98
"recitatives",3,46850176,99.98
"recollects",3,46850179,99.98
"recondite",3,46850182,99.98
"reconnoiter",3,46850185,99.98
"reconquered",3,46850188,99.98
"rectification",3,46850191,99.98
"rectums",3,46850194,99.98
"recursively",3,46850197,99.98
"redeemers",3,46850200,99.98
"redeployment",3,46850203,99.98
"redundantly",3,46850206,99.98
"reffed",3,46850209,99.98
"reforest",3,46850212,99.98
"refurbishes",3,46850215,99.98
"refurnished",3,46850218,99.98
"regimenting",3,46850221,99.98
"regressions",3,46850224,99.98
"rehashes",3,46850227,99.98
"rehires",3,46850230,99.98
"reinaldo",3,46850233,99.98
"reincarnations",3,46850236,99.98
"rejoinders",3,46850239,99.98
"rekindles",3,46850242,99.98
"relegates",3,46850245,99.98
"remands",3,46850248,99.98
"remarriages",3,46850251,99.98
"remorsefully",3,46850254,99.98
"remorselessly",3,46850257,99.98
"renovator",3,46850260,99.98
"reoccupied",3,46850263,99.98
"reorders",3,46850266,99.98
"reprieved",3,46850269,99.98
"reproaching",3,46850272,99.98
"reprocess",3,46850275,99.98
"reproving",3,46850278,99.98
"repulsively",3,46850281,99.98
"rerunning",3,46850284,99.98
"resentfully",3,46850287,99.98
"resourcefully",3,46850290,99.98
"responsively",3,46850293,99.98
"resubmitting",3,46850296,99.98
"retched",3,46850299,99.98
"rethinks",3,46850302,99.98
"retreading",3,46850305,99.98
"retrogrades",3,46850308,99.98
"retyped",3,46850311,99.98
"reunify",3,46850314,99.98
"reunifying",3,46850317,99.98
"revalued",3,46850320,99.98
"reveler",3,46850323,99.98
"revenging",3,46850326,99.98
"reverenced",3,46850329,99.98
"revivifying",3,46850332,99.98
"revolutionists",3,46850335,99.98
"rewires",3,46850338,99.98
"rhythmical",3,46850341,99.98
"riel",3,46850344,99.98
"riffles",3,46850347,99.98
"riffling",3,46850350,99.98
"rigidness",3,46850353,99.98
"rigoletto",3,46850356,99.98
"ripoffs",3,46850359,99.98
"ripostes",3,46850362,99.98
"ritziest",3,46850365,99.98
"rivulet",3,46850368,99.98
"roadblocked",3,46850371,99.98
"roadhouses",3,46850374,99.98
"roadworthy",3,46850377,99.98
"robing",3,46850380,99.98
"rogering",3,46850383,99.98
"rookeries",3,46850386,99.98
"rosily",3,46850389,99.98
"rostropovich",3,46850392,99.98
"rouges",3,46850395,99.98
"roundest",3,46850398,99.98
"roundish",3,46850401,99.98
"roundworms",3,46850404,99.98
"rubaiyat",3,46850407,99.98
"rubbished",3,46850410,99.98
"rukeyser",3,46850413,99.98
"rumbas",3,46850416,99.98
"rummages",3,46850419,99.98
"rumple",3,46850422,99.98
"runts",3,46850425,99.98
"russets",3,46850428,99.98
"rustiness",3,46850431,99.98
"salesclerks",3,46850434,99.98
"saleswomen",3,46850437,99.98
"salivates",3,46850440,99.98
"sallied",3,46850443,99.98
"sallies",3,46850446,99.98
"saltpeter",3,46850449,99.98
"sampan",3,46850452,99.98
"samsonite",3,46850455,99.98
"sangs",3,46850458,99.98
"sanitizes",3,46850461,99.98
"sapience",3,46850464,99.98
"sarcophagi",3,46850467,99.98
"sashays",3,46850470,99.98
"sassed",3,46850473,99.98
"sassing",3,46850476,99.98
"savonarola",3,46850479,99.98
"savoyard",3,46850482,99.98
"scalds",3,46850485,99.98
"scalloping",3,46850488,99.98
"scandalizing",3,46850491,99.98
"scansion",3,46850494,99.98
"scarify",3,46850497,99.98
"schoolbooks",3,46850500,99.98
"schoolmasters",3,46850503,99.98
"scintilla",3,46850506,99.98
"scoutmasters",3,46850509,99.98
"scow",3,46850512,99.98
"scrips",3,46850515,99.98
"scrod",3,46850518,99.98
"scruffier",3,46850521,99.98
"scruffs",3,46850524,99.98
"sculling",3,46850527,99.98
"sculpturing",3,46850530,99.98
"scums",3,46850533,99.98
"scuppers",3,46850536,99.98
"scythed",3,46850539,99.98
"seabeds",3,46850542,99.98
"seashores",3,46850545,99.98
"secedes",3,46850548,99.98
"secessionists",3,46850551,99.98
"sectarians",3,46850554,99.98
"secularize",3,46850557,99.98
"sedimentation",3,46850560,99.98
"segregationists",3,46850563,99.98
"selim",3,46850566,99.98
"semiautomatics",3,46850569,99.98
"semitrailers",3,46850572,99.98
"sennacherib",3,46850575,99.98
"sensitives",3,46850578,99.98
"sensitize",3,46850581,99.98
"sentimentally",3,46850584,99.98
"sepals",3,46850587,99.98
"sephardi",3,46850590,99.98
"seraphic",3,46850593,99.98
"serbians",3,46850596,99.98
"serialize",3,46850599,99.98
"shackling",3,46850602,99.98
"shadowboxes",3,46850605,99.98
"shanghaied",3,46850608,99.98
"shankara",3,46850611,99.98
"sharkskin",3,46850614,99.98
"sheerest",3,46850617,99.98
"sheikhs",3,46850620,99.98
"sheller",3,46850623,99.98
"shenyang",3,46850626,99.98
"sheol",3,46850629,99.98
"shilled",3,46850632,99.98
"shirkers",3,46850635,99.98
"shirtwaist",3,46850638,99.98
"shockproof",3,46850641,99.98
"shoehorns",3,46850644,99.98
"shortsightedly",3,46850647,99.98
"shoshone",3,46850650,99.98
"shovelful",3,46850653,99.98
"showboats",3,46850656,99.98
"showiest",3,46850659,99.98
"showoffs",3,46850662,99.98
"showpieces",3,46850665,99.98
"showplaces",3,46850668,99.98
"shrills",3,46850671,99.98
"shticks",3,46850674,99.98
"sicking",3,46850677,99.98
"sidelight",3,46850680,99.98
"sieving",3,46850683,99.98
"silkiest",3,46850686,99.98
"silted",3,46850689,99.98
"silting",3,46850692,99.98
"simians",3,46850695,99.98
"simplifications",3,46850698,99.98
"skateboarded",3,46850701,99.98
"sketchiest",3,46850704,99.98
"skimpier",3,46850707,99.98
"skullcaps",3,46850710,99.98
"skying",3,46850713,99.98
"slackened",3,46850716,99.98
"slanderers",3,46850719,99.98
"sleaziness",3,46850722,99.98
"sledging",3,46850725,99.98
"sleighing",3,46850728,99.98
"slenderest",3,46850731,99.98
"slimness",3,46850734,99.98
"slobbers",3,46850737,99.98
"slowpoke",3,46850740,99.98
"slue",3,46850743,99.98
"sluggard",3,46850746,99.98
"smellier",3,46850749,99.98
"smuttiest",3,46850752,99.98
"snaffle",3,46850755,99.98
"snarfed",3,46850758,99.98
"snarfing",3,46850761,99.98
"sneakier",3,46850764,99.98
"snobbishness",3,46850767,99.98
"snoots",3,46850770,99.98
"snoozes",3,46850773,99.98
"snorkels",3,46850776,99.98
"snowier",3,46850779,99.98
"snowsuits",3,46850782,99.98
"snuffle",3,46850785,99.98
"soapboxes",3,46850788,99.98
"soapier",3,46850791,99.98
"sojourned",3,46850794,99.98
"sojourning",3,46850797,99.98
"somersaulting",3,46850800,99.98
"sorrels",3,46850803,99.98
"sorrowing",3,46850806,99.98
"soundest",3,46850809,99.98
"soundproofed",3,46850812,99.98
"sourly",3,46850815,99.98
"sourpusses",3,46850818,99.98
"souse",3,46850821,99.98
"southwesterly",3,46850824,99.98
"spacewalking",3,46850827,99.98
"spaded",3,46850830,99.98
"spadework",3,46850833,99.98
"spangles",3,46850836,99.98
"spareness",3,46850839,99.98
"sparseness",3,46850842,99.98
"sparsity",3,46850845,99.98
"spastics",3,46850848,99.98
"specked",3,46850851,99.98
"spectroscope",3,46850854,99.98
"spellchecked",3,46850857,99.98
"spheroid",3,46850860,99.98
"spikier",3,46850863,99.98
"spirea",3,46850866,99.98
"spitballs",3,46850869,99.98
"spitfires",3,46850872,99.98
"splinted",3,46850875,99.98
"splodge",3,46850878,99.98
"splotched",3,46850881,99.98
"spoilsport",3,46850884,99.98
"spoonbills",3,46850887,99.98
"sportscasts",3,46850890,99.98
"spritzes",3,46850893,99.98
"squeakiest",3,46850896,99.98
"squeezers",3,46850899,99.98
"squelches",3,46850902,99.98
"squiggling",3,46850905,99.98
"squishes",3,46850908,99.98
"stalkings",3,46850911,99.98
"standardizes",3,46850914,99.98
"stateliness",3,46850917,99.98
"steamrollered",3,46850920,99.98
"steamrollers",3,46850923,99.98
"stereoscope",3,46850926,99.98
"sterilizes",3,46850929,99.98
"sternest",3,46850932,99.98
"sterno",3,46850935,99.98
"sterns",3,46850938,99.98
"stickiest",3,46850941,99.98
"stickpins",3,46850944,99.98
"stipple",3,46850947,99.98
"stoat",3,46850950,99.98
"stoats",3,46850953,99.98
"stolidly",3,46850956,99.98
"stomached",3,46850959,99.98
"stonily",3,46850962,99.98
"stopgaps",3,46850965,99.98
"stoppered",3,46850968,99.98
"storekeepers",3,46850971,99.98
"stovepipes",3,46850974,99.98
"strangulated",3,46850977,99.98
"strangulating",3,46850980,99.98
"streptococci",3,46850983,99.98
"streptomycin",3,46850986,99.98
"stretchier",3,46850989,99.98
"strindberg",3,46850992,99.98
"strophe",3,46850995,99.98
"stubbly",3,46850998,99.98
"stumblers",3,46851001,99.98
"stupefaction",3,46851004,99.98
"stutterer",3,46851007,99.98
"subheadings",3,46851010,99.98
"subleased",3,46851013,99.98
"sublimate",3,46851016,99.98
"submergence",3,46851019,99.98
"submerse",3,46851022,99.98
"subspace",3,46851025,99.98
"substantiates",3,46851028,99.98
"subsuming",3,46851031,99.98
"subsystems",3,46851034,99.98
"suckering",3,46851037,99.98
"suctioning",3,46851040,99.98
"suffragan",3,46851043,99.98
"sugarcoats",3,46851046,99.98
"summered",3,46851049,99.98
"sumps",3,46851052,99.98
"sunblocks",3,46851055,99.98
"sunburning",3,46851058,99.98
"sundials",3,46851061,99.98
"sunroofs",3,46851064,99.98
"suntans",3,46851067,99.98
"superfluity",3,46851070,99.98
"superimpose",3,46851073,99.98
"superintend",3,46851076,99.98
"superintendency",3,46851079,99.98
"superlatively",3,46851082,99.98
"supernumerary",3,46851085,99.98
"supertanker",3,46851088,99.98
"suppler",3,46851091,99.98
"supplicate",3,46851094,99.98
"surefooted",3,46851097,99.98
"sureness",3,46851100,99.98
"surmountable",3,46851103,99.98
"surmounts",3,46851106,99.98
"suturing",3,46851109,99.98
"swanking",3,46851112,99.98
"sweatiest",3,46851115,99.98
"swordsmen",3,46851118,99.98
"sylph",3,46851121,99.98
"sylphs",3,46851124,99.98
"synchronously",3,46851127,99.98
"syndicating",3,46851130,99.98
"syntactically",3,46851133,99.98
"sysadmins",3,46851136,99.98
"systematized",3,46851139,99.98
"tableland",3,46851142,99.98
"tackier",3,46851145,99.98
"tahitians",3,46851148,99.98
"tailless",3,46851151,99.98
"tangibility",3,46851154,99.98
"tangiers",3,46851157,99.98
"tanneries",3,46851160,99.98
"tannest",3,46851163,99.98
"tanzanians",3,46851166,99.98
"taproots",3,46851169,99.98
"tardily",3,46851172,99.98
"taros",3,46851175,99.98
"tarries",3,46851178,99.98
"tartars",3,46851181,99.98
"tautological",3,46851184,99.98
"taxidermists",3,46851187,99.98
"tegucigalpa",3,46851190,99.98
"telecaster",3,46851193,99.98
"teleconferences",3,46851196,99.98
"telephoning",3,46851199,99.98
"temporizing",3,46851202,99.98
"tenderizes",3,46851205,99.98
"tenon",3,46851208,99.98
"terpsichore",3,46851211,99.98
"terseness",3,46851214,99.98
"testily",3,46851217,99.98
"thenceforward",3,46851220,99.98
"theocritus",3,46851223,99.98
"theravada",3,46851226,99.98
"thessalonian",3,46851229,99.98
"thieve",3,46851232,99.98
"thousandths",3,46851235,99.98
"throe",3,46851238,99.98
"thymus",3,46851241,99.98
"tidiest",3,46851244,99.98
"tightfisted",3,46851247,99.98
"timbering",3,46851250,99.98
"tintoretto",3,46851253,99.98
"tippling",3,46851256,99.98
"tittered",3,46851259,99.98
"toastier",3,46851262,99.98
"toefl",3,46851265,99.98
"toilers",3,46851268,99.98
"tojo",3,46851271,99.98
"tokay",3,46851274,99.98
"toked",3,46851277,99.98
"toledos",3,46851280,99.98
"tolerantly",3,46851283,99.98
"tomahawked",3,46851286,99.98
"tonsured",3,46851289,99.98
"topsails",3,46851292,99.98
"torricelli",3,46851295,99.98
"totalitarians",3,46851298,99.98
"totalities",3,46851301,99.98
"totters",3,46851304,99.98
"totting",3,46851307,99.98
"tourniquets",3,46851310,99.98
"toxicologists",3,46851313,99.98
"transacting",3,46851316,99.98
"transacts",3,46851319,99.98
"transcendentalism",3,46851322,99.98
"transcendentalist",3,46851325,99.98
"transcendentally",3,46851328,99.98
"transfigure",3,46851331,99.98
"transfixes",3,46851334,99.98
"transgresses",3,46851337,99.98
"transited",3,46851340,99.98
"transliterate",3,46851343,99.98
"transliterations",3,46851346,99.98
"transmutes",3,46851349,99.98
"transpiration",3,46851352,99.98
"trapezes",3,46851355,99.98
"trapezoids",3,46851358,99.98
"trashiest",3,46851361,99.98
"treeing",3,46851364,99.98
"trellising",3,46851367,99.98
"trenched",3,46851370,99.98
"trendies",3,46851373,99.98
"trialed",3,46851376,99.98
"trifectas",3,46851379,99.98
"tromped",3,46851382,99.98
"trounces",3,46851385,99.98
"troupers",3,46851388,99.98
"troweled",3,46851391,99.98
"truing",3,46851394,99.98
"truncating",3,46851397,99.98
"tubeless",3,46851400,99.98
"tuckers",3,46851403,99.98
"tunas",3,46851406,99.98
"tunneled",3,46851409,99.98
"tunny",3,46851412,99.98
"tupi",3,46851415,99.98
"tureens",3,46851418,99.98
"turmoils",3,46851421,99.98
"twirler",3,46851424,99.98
"typescripts",3,46851427,99.98
"typesetters",3,46851430,99.98
"tyrannizes",3,46851433,99.98
"tyro",3,46851436,99.98
"unaccented",3,46851439,99.98
"unbuckling",3,46851442,99.98
"unburdening",3,46851445,99.98
"unbuttons",3,46851448,99.98
"uncoil",3,46851451,99.98
"uncoils",3,46851454,99.98
"uncorks",3,46851457,99.98
"unction",3,46851460,99.98
"unctuousness",3,46851463,99.98
"underclothing",3,46851466,99.98
"undercoated",3,46851469,99.98
"underpaying",3,46851472,99.98
"ungentlemanly",3,46851475,99.98
"ungrammatical",3,46851478,99.98
"ungratefully",3,46851481,99.98
"unguent",3,46851484,99.98
"unhappier",3,46851487,99.98
"unhealthier",3,46851490,99.98
"unintelligibly",3,46851493,99.98
"unitarianism",3,46851496,99.98
"unloose",3,46851499,99.98
"unmaking",3,46851502,99.98
"unpinned",3,46851505,99.98
"unproved",3,46851508,99.98
"unscrupulousness",3,46851511,99.98
"unsnapped",3,46851514,99.98
"unsteadiness",3,46851517,99.98
"unstrung",3,46851520,99.98
"untangles",3,46851523,99.98
"untidiness",3,46851526,99.98
"unties",3,46851529,99.98
"untutored",3,46851532,99.98
"upbraided",3,46851535,99.98
"upchucking",3,46851538,99.98
"urbanize",3,46851541,99.98
"urbanizing",3,46851544,99.98
"urumqi",3,46851547,99.98
"usherettes",3,46851550,99.98
"usurers",3,46851553,99.98
"usurpers",3,46851556,99.98
"uvula",3,46851559,99.98
"vacillation",3,46851562,99.98
"vacuity",3,46851565,99.98
"vagrancy",3,46851568,99.98
"vaguer",3,46851571,99.98
"vandalizes",3,46851574,99.98
"vanillas",3,46851577,99.98
"vaporizers",3,46851580,99.98
"varnishing",3,46851583,99.98
"vaselines",3,46851586,99.98
"vectored",3,46851589,99.98
"vegetating",3,46851592,99.98
"venerates",3,46851595,99.98
"vengefully",3,46851598,99.98
"ventral",3,46851601,99.98
"venturesome",3,46851604,99.98
"verdure",3,46851607,99.98
"veritably",3,46851610,99.98
"vermonter",3,46851613,99.98
"viands",3,46851616,99.98
"viburnums",3,46851619,99.98
"vileness",3,46851622,99.98
"viscid",3,46851625,99.98
"viscountess",3,46851628,99.98
"voronezh",3,46851631,99.98
"votaries",3,46851634,99.98
"vulnerably",3,46851637,99.98
"wackest",3,46851640,99.98
"waggish",3,46851643,99.98
"waifs",3,46851646,99.98
"wakens",3,46851649,99.98
"waling",3,46851652,99.98
"walpurgisnacht",3,46851655,99.98
"wanner",3,46851658,99.98
"warded",3,46851661,99.98
"wardroom",3,46851664,99.98
"warier",3,46851667,99.98
"wastepaper",3,46851670,99.98
"waterbeds",3,46851673,99.98
"waterboard",3,46851676,99.98
"waterspouts",3,46851679,99.98
"wavelets",3,46851682,99.98
"waviest",3,46851685,99.98
"waxwork",3,46851688,99.98
"waylaying",3,46851691,99.98
"webmistress",3,46851694,99.98
"weeder",3,46851697,99.98
"weevils",3,46851700,99.98
"weizmann",3,46851703,99.98
"wesak",3,46851706,99.98
"westernize",3,46851709,99.98
"wheedled",3,46851712,99.98
"wheezed",3,46851715,99.98
"whelk",3,46851718,99.98
"whelks",3,46851721,99.98
"whelping",3,46851724,99.98
"whelps",3,46851727,99.98
"whereon",3,46851730,99.98
"whirlwinds",3,46851733,99.98
"whooshes",3,46851736,99.98
"wiggler",3,46851739,99.98
"wildebeests",3,46851742,99.98
"wildfowl",3,46851745,99.98
"winched",3,46851748,99.98
"windbags",3,46851751,99.98
"witched",3,46851754,99.98
"wive",3,46851757,99.98
"wolfhounds",3,46851760,99.98
"womanliness",3,46851763,99.98
"wonderbra",3,46851766,99.98
"woodcarvings",3,46851769,99.98
"woodies",3,46851772,99.98
"woodsmen",3,46851775,99.98
"woofer",3,46851778,99.98
"woollies",3,46851781,99.98
"wooziness",3,46851784,99.98
"workbenches",3,46851787,99.98
"workingmen",3,46851790,99.98
"worthies",3,46851793,99.98
"worthiest",3,46851796,99.98
"wroclaw",3,46851799,99.98
"wronger",3,46851802,99.98
"xor",3,46851805,99.98
"xxxii",3,46851808,99.98
"xxxiv",3,46851811,99.98
"yakutsk",3,46851814,99.98
"yalta",3,46851817,99.98
"yaounde",3,46851820,99.98
"yerevan",3,46851823,99.98
"yodeled",3,46851826,99.98
"yodeler",3,46851829,99.98
"yoknapatawpha",3,46851832,99.98
"yossarian",3,46851835,99.98
"zanier",3,46851838,99.98
"zestfully",3,46851841,99.98
"zhengzhou",3,46851844,99.98
"zodiacs",3,46851847,99.98
"abalones",2,46851849,99.98
"abbasid",2,46851851,99.98
"abbeys",2,46851853,99.98
"abbrevs",2,46851855,99.98
"abjures",2,46851857,99.98
"abrade",2,46851859,99.98
"abridges",2,46851861,99.98
"abridging",2,46851863,99.98
"absconds",2,46851865,99.98
"abstractness",2,46851867,99.98
"abundances",2,46851869,99.98
"abutted",2,46851871,99.98
"abysses",2,46851873,99.98
"accretions",2,46851875,99.98
"accumulative",2,46851877,99.98
"accustoming",2,46851879,99.98
"acetates",2,46851881,99.98
"acidify",2,46851883,99.98
"acquainting",2,46851885,99.98
"acquisitiveness",2,46851887,99.98
"acth",2,46851889,99.98
"actualities",2,46851891,99.98
"adas",2,46851893,99.98
"addling",2,46851895,99.98
"addressees",2,46851897,99.98
"adduces",2,46851899,99.98
"adenauer",2,46851901,99.98
"adepts",2,46851903,99.98
"adjudicates",2,46851905,99.98
"administrated",2,46851907,99.98
"adonises",2,46851909,99.98
"adulate",2,46851911,99.98
"adulating",2,46851913,99.98
"adulteresses",2,46851915,99.98
"adventuress",2,46851917,99.98
"adverting",2,46851919,99.98
"adze",2,46851921,99.98
"aerates",2,46851923,99.98
"affixes",2,46851925,99.98
"affray",2,46851927,99.98
"aftermaths",2,46851929,99.98
"agates",2,46851931,99.98
"agglutinating",2,46851933,99.98
"aggrandize",2,46851935,99.98
"aggrandized",2,46851937,99.98
"agilely",2,46851939,99.98
"aglaia",2,46851941,99.98
"agonizes",2,46851943,99.98
"airbrushes",2,46851945,99.98
"airdropped",2,46851947,99.98
"airmailed",2,46851949,99.98
"airmails",2,46851951,99.98
"akhmatova",2,46851953,99.98
"alabamians",2,46851955,99.98
"algol",2,46851957,99.98
"alliterations",2,46851959,99.98
"alluvium",2,46851961,99.98
"altai",2,46851963,99.98
"alterable",2,46851965,99.98
"alternations",2,46851967,99.98
"alternators",2,46851969,99.98
"altruistically",2,46851971,99.98
"amalgamating",2,46851973,99.98
"amalgams",2,46851975,99.98
"amaru",2,46851977,99.98
"amaterasu",2,46851979,99.98
"amatory",2,46851981,99.98
"ambitiousness",2,46851983,99.98
"ambivalently",2,46851985,99.98
"amelioration",2,46851987,99.98
"amendable",2,46851989,99.98
"americanisms",2,46851991,99.98
"amidships",2,46851993,99.98
"amnesiacs",2,46851995,99.98
"amnestying",2,46851997,99.98
"amortize",2,46851999,99.98
"amortized",2,46852001,99.98
"amours",2,46852003,99.98
"amperes",2,46852005,99.98
"ampler",2,46852007,99.98
"amritsar",2,46852009,99.98
"analects",2,46852011,99.98
"anatomies",2,46852013,99.98
"anchorite",2,46852015,99.98
"anesthetizing",2,46852017,99.98
"anglicize",2,46852019,99.98
"angstrom",2,46852021,99.98
"angularity",2,46852023,99.98
"annealed",2,46852025,99.98
"annuls",2,46852027,99.98
"antaeus",2,46852029,99.98
"antagonizes",2,46852031,99.98
"anted",2,46852033,99.98
"anticyclone",2,46852035,99.98
"anticyclones",2,46852037,99.98
"antonius",2,46852039,99.98
"anuses",2,46852041,99.98
"apennines",2,46852043,99.98
"aphoristic",2,46852045,99.98
"appalls",2,46852047,99.98
"appeases",2,46852049,99.98
"appending",2,46852051,99.98
"apportions",2,46852053,99.98
"appurtenances",2,46852055,99.98
"aptness",2,46852057,99.98
"aquafresh",2,46852059,99.98
"aquamarines",2,46852061,99.98
"arawak",2,46852063,99.98
"arbitrating",2,46852065,99.98
"aristocracies",2,46852067,99.98
"arrant",2,46852069,99.98
"arrogates",2,46852071,99.98
"artaxerxes",2,46852073,99.98
"artfulness",2,46852075,99.98
"artlessness",2,46852077,99.98
"artsier",2,46852079,99.98
"ascription",2,46852081,99.98
"aseptic",2,46852083,99.98
"asexually",2,46852085,99.98
"ashing",2,46852087,99.98
"ashrams",2,46852089,99.98
"asphyxiate",2,46852091,99.98
"asps",2,46852093,99.98
"assaulter",2,46852095,99.98
"assayed",2,46852097,99.98
"assaying",2,46852099,99.98
"assuages",2,46852101,99.98
"astarte",2,46852103,99.98
"astern",2,46852105,99.98
"astigmatic",2,46852107,99.98
"asynchronously",2,46852109,99.98
"atomizers",2,46852111,99.98
"atrociousness",2,46852113,99.98
"atropos",2,46852115,99.98
"audibility",2,46852117,99.98
"augers",2,46852119,99.98
"auguries",2,46852121,99.98
"augury",2,46852123,99.98
"auk",2,46852125,99.98
"auricle",2,46852127,99.98
"austerities",2,46852129,99.98
"authentications",2,46852131,99.98
"autocracies",2,46852133,99.98
"autopsied",2,46852135,99.98
"averroes",2,46852137,99.98
"aviaries",2,46852139,99.98
"avowal",2,46852141,99.98
"avowals",2,46852143,99.98
"awls",2,46852145,99.98
"baathist",2,46852147,99.98
"babbage",2,46852149,99.98
"babylons",2,46852151,99.98
"backbite",2,46852153,99.98
"backlashes",2,46852155,99.98
"backspaces",2,46852157,99.98
"baggier",2,46852159,99.98
"balalaikas",2,46852161,99.98
"ballasts",2,46852163,99.98
"ballsier",2,46852165,99.98
"banach",2,46852167,99.98
"bandier",2,46852169,99.98
"bandstands",2,46852171,99.98
"baneful",2,46852173,99.98
"banjoist",2,46852175,99.98
"banjul",2,46852177,99.98
"banting",2,46852179,99.98
"barbiturate",2,46852181,99.98
"barefaced",2,46852183,99.98
"bargainer",2,46852185,99.98
"barracudas",2,46852187,99.98
"baseness",2,46852189,99.98
"battened",2,46852191,99.98
"baudouin",2,46852193,99.98
"bawdiness",2,46852195,99.98
"bayed",2,46852197,99.98
"bearding",2,46852199,99.98
"bearskins",2,46852201,99.98
"beatify",2,46852203,99.98
"beautifier",2,46852205,99.98
"bedecks",2,46852207,99.98
"bedevils",2,46852209,99.98
"bedrocks",2,46852211,99.98
"bedsides",2,46852213,99.98
"bedstead",2,46852215,99.98
"bedsteads",2,46852217,99.98
"beefaroni",2,46852219,99.98
"beeton",2,46852221,99.98
"befuddles",2,46852223,99.98
"begrudges",2,46852225,99.98
"beguilingly",2,46852227,99.98
"belayed",2,46852229,99.98
"belem",2,46852231,99.98
"bellboys",2,46852233,99.98
"bellyaches",2,46852235,99.98
"bemusing",2,46852237,99.98
"benefices",2,46852239,99.98
"bents",2,46852241,99.98
"benumbed",2,46852243,99.98
"bereave",2,46852245,99.98
"beria",2,46852247,99.98
"berthing",2,46852249,99.98
"beseeches",2,46852251,99.98
"bestiary",2,46852253,99.98
"bestride",2,46852255,99.98
"betake",2,46852257,99.98
"betaken",2,46852259,99.98
"bethink",2,46852261,99.98
"bewailed",2,46852263,99.98
"bewails",2,46852265,99.98
"bibliographer",2,46852267,99.98
"bidets",2,46852269,99.98
"biers",2,46852271,99.98
"bifurcations",2,46852273,99.98
"biggles",2,46852275,99.98
"billeting",2,46852277,99.98
"bioko",2,46852279,99.98
"biophysics",2,46852281,99.98
"biopsied",2,46852283,99.98
"biorhythm",2,46852285,99.98
"birching",2,46852287,99.98
"birdieing",2,46852289,99.98
"birthrights",2,46852291,99.98
"bittersweets",2,46852293,99.98
"blamelessly",2,46852295,99.98
"blameworthy",2,46852297,99.98
"blantyre",2,46852299,99.98
"blat",2,46852301,99.98
"blissfulness",2,46852303,99.98
"bloats",2,46852305,99.98
"blockhouses",2,46852307,99.98
"blooding",2,46852309,99.98
"blowtorches",2,46852311,99.98
"blucher",2,46852313,99.98
"blued",2,46852315,99.98
"bluenose",2,46852317,99.98
"bluing",2,46852319,99.98
"blunderbusses",2,46852321,99.98
"blunderers",2,46852323,99.98
"boaster",2,46852325,99.98
"boga",2,46852327,99.98
"bogies",2,46852329,99.98
"boinking",2,46852331,99.98
"boisterously",2,46852333,99.98
"boleros",2,46852335,99.98
"bolls",2,46852337,99.98
"boltzmann",2,46852339,99.98
"bonanzas",2,46852341,99.98
"bonitos",2,46852343,99.98
"boomeranged",2,46852345,99.98
"boomeranging",2,46852347,99.98
"bootee",2,46852349,99.98
"boozes",2,46852351,99.98
"boozier",2,46852353,99.98
"bordellos",2,46852355,99.98
"borlaug",2,46852357,99.98
"borodin",2,46852359,99.98
"bowditch",2,46852361,99.98
"bowdlerized",2,46852363,99.98
"bowsprit",2,46852365,99.98
"bract",2,46852367,99.98
"braggarts",2,46852369,99.98
"bragger",2,46852371,99.98
"brainteaser",2,46852373,99.98
"brainteasers",2,46852375,99.98
"brainwashes",2,46852377,99.98
"brashest",2,46852379,99.98
"brashly",2,46852381,99.98
"brasses",2,46852383,99.98
"brayed",2,46852385,99.98
"breeziest",2,46852387,99.98
"breeziness",2,46852389,99.98
"brickbat",2,46852391,99.98
"bridalveil",2,46852393,99.98
"bridgework",2,46852395,99.98
"bridling",2,46852397,99.98
"brilliancy",2,46852399,99.98
"broadswords",2,46852401,99.98
"bronchi",2,46852403,99.98
"brownest",2,46852405,99.98
"brutalizes",2,46852407,99.98
"buccaneering",2,46852409,99.98
"bucketed",2,46852411,99.98
"buckteeth",2,46852413,99.98
"builtin",2,46852415,99.98
"bulgar",2,46852417,99.98
"bulkiness",2,46852419,99.98
"bulldozes",2,46852421,99.98
"bullfinches",2,46852423,99.98
"burgle",2,46852425,99.98
"burring",2,46852427,99.98
"burs",2,46852429,99.98
"butternuts",2,46852431,99.98
"buttressing",2,46852433,99.98
"byblos",2,46852435,99.98
"byzantines",2,46852437,99.98
"cabooses",2,46852439,99.98
"caddish",2,46852441,99.98
"cagily",2,46852443,99.98
"cahoot",2,46852445,99.98
"caisson",2,46852447,99.98
"calcifies",2,46852449,99.98
"calk",2,46852451,99.98
"calumnies",2,46852453,99.98
"calved",2,46852455,99.98
"campier",2,46852457,99.98
"campiest",2,46852459,99.98
"camshafts",2,46852461,99.98
"canards",2,46852463,99.98
"canniness",2,46852465,99.98
"cantankerously",2,46852467,99.98
"cantankerousness",2,46852469,99.98
"canting",2,46852471,99.98
"cantors",2,46852473,99.98
"canvasser",2,46852475,99.98
"capitoline",2,46852477,99.98
"caplet",2,46852479,99.98
"capriciousness",2,46852481,99.98
"capstan",2,46852483,99.98
"carbuncles",2,46852485,99.98
"carefulness",2,46852487,99.98
"carillons",2,46852489,99.98
"carnot",2,46852491,99.98
"caroled",2,46852493,99.98
"carpetbag",2,46852495,99.98
"carps",2,46852497,99.98
"carrels",2,46852499,99.98
"cartilages",2,46852501,99.98
"cartwheeling",2,46852503,99.98
"caryatid",2,46852505,99.98
"casanovas",2,46852507,99.98
"castigation",2,46852509,99.98
"castlereagh",2,46852511,99.98
"castrates",2,46852513,99.98
"castrations",2,46852515,99.98
"caterings",2,46852517,99.98
"cathodes",2,46852519,99.98
"cations",2,46852521,99.98
"catnapping",2,46852523,99.98
"catnaps",2,46852525,99.98
"catted",2,46852527,99.98
"cattier",2,46852529,99.98
"catullus",2,46852531,99.98
"catv",2,46852533,99.98
"caucasoid",2,46852535,99.98
"caudal",2,46852537,99.98
"cauterizes",2,46852539,99.98
"cavalryman",2,46852541,99.98
"cavour",2,46852543,99.98
"ceausescu",2,46852545,99.98
"centime",2,46852547,99.98
"centrals",2,46852549,99.98
"cephalic",2,46852551,99.98
"cerebra",2,46852553,99.98
"cesareans",2,46852555,99.98
"cession",2,46852557,99.98
"chaitin",2,46852559,99.98
"changelings",2,46852561,99.98
"changeovers",2,46852563,99.98
"charioteers",2,46852565,99.98
"charwomen",2,46852567,99.98
"charybdis",2,46852569,99.98
"chastely",2,46852571,99.98
"chattier",2,46852573,99.98
"chattiest",2,46852575,99.98
"checkmated",2,46852577,99.98
"cheeping",2,46852579,99.98
"chernenko",2,46852581,99.98
"chessboards",2,46852583,99.98
"chewiest",2,46852585,99.98
"chicer",2,46852587,99.98
"chiefest",2,46852589,99.98
"chilliness",2,46852591,99.98
"chimborazo",2,46852593,99.98
"chimerical",2,46852595,99.98
"chirrups",2,46852597,99.98
"chisinau",2,46852599,99.98
"chits",2,46852601,99.98
"chitterlings",2,46852603,99.98
"chlorinate",2,46852605,99.98
"choicer",2,46852607,99.98
"choosier",2,46852609,99.98
"choppier",2,46852611,99.98
"christens",2,46852613,99.98
"christianities",2,46852615,99.98
"chronometer",2,46852617,99.98
"chumming",2,46852619,99.98
"churl",2,46852621,99.98
"churls",2,46852623,99.98
"cigarillo",2,46852625,99.98
"cinching",2,46852627,99.98
"circumferences",2,46852629,99.98
"circumnavigates",2,46852631,99.98
"circumscribe",2,46852633,99.98
"circumscribes",2,46852635,99.98
"circumspection",2,46852637,99.98
"circumstantially",2,46852639,99.98
"civets",2,46852641,99.98
"clayey",2,46852643,99.98
"clerestories",2,46852645,99.98
"clews",2,46852647,99.98
"clitorises",2,46852649,99.98
"clomping",2,46852651,99.98
"cloudbursts",2,46852653,99.98
"clouted",2,46852655,99.98
"clouts",2,46852657,99.98
"cloy",2,46852659,99.98
"clubfoot",2,46852661,99.98
"clumsier",2,46852663,99.98
"cockily",2,46852665,99.98
"cocoas",2,46852667,99.98
"codding",2,46852669,99.98
"codependents",2,46852671,99.98
"codicil",2,46852673,99.98
"coerces",2,46852675,99.98
"cogitating",2,46852677,99.98
"cogitation",2,46852679,99.98
"cogwheels",2,46852681,99.98
"cohabited",2,46852683,99.98
"cohered",2,46852685,99.98
"coiffured",2,46852687,99.98
"coiffures",2,46852689,99.98
"coifs",2,46852691,99.98
"collates",2,46852693,99.98
"collectivized",2,46852695,99.98
"collieries",2,46852697,99.98
"collocated",2,46852699,99.98
"collusive",2,46852701,99.98
"coltish",2,46852703,99.98
"columbines",2,46852705,99.98
"combated",2,46852707,99.98
"comediennes",2,46852709,99.98
"comeuppances",2,46852711,99.98
"commiserations",2,46852713,99.98
"communicants",2,46852715,99.98
"communions",2,46852717,99.98
"comoros",2,46852719,99.98
"compacter",2,46852721,99.98
"companionway",2,46852723,99.98
"comparatives",2,46852725,99.98
"compendiums",2,46852727,99.98
"comported",2,46852729,99.98
"composts",2,46852731,99.98
"compotes",2,46852733,99.98
"comprehensiveness",2,46852735,99.98
"compunctions",2,46852737,99.98
"computationally",2,46852739,99.98
"concavity",2,46852741,99.98
"conceptualizes",2,46852743,99.98
"concordances",2,46852745,99.98
"condole",2,46852747,99.98
"conduce",2,46852749,99.98
"confabs",2,46852751,99.98
"conferment",2,46852753,99.98
"configures",2,46852755,99.98
"confuser",2,46852757,99.98
"conglomerations",2,46852759,99.98
"congregates",2,46852761,99.98
"congregationalist",2,46852763,99.98
"congregationalists",2,46852765,99.98
"congruous",2,46852767,99.98
"conjunctive",2,46852769,99.98
"conjurers",2,46852771,99.98
"connectives",2,46852773,99.98
"connived",2,46852775,99.98
"conniver",2,46852777,99.98
"connoted",2,46852779,99.98
"connubial",2,46852781,99.98
"conscientiousness",2,46852783,99.98
"consorts",2,46852785,99.98
"constipating",2,46852787,99.98
"consummates",2,46852789,99.98
"consummating",2,46852791,99.98
"contiguity",2,46852793,99.98
"controvert",2,46852795,99.98
"contused",2,46852797,99.98
"convalesce",2,46852799,99.98
"conversationally",2,46852801,99.98
"conveyances",2,46852803,99.98
"cooping",2,46852805,99.98
"copings",2,46852807,99.98
"copra",2,46852809,99.98
"copses",2,46852811,99.98
"copula",2,46852813,99.98
"copyleft",2,46852815,99.98
"cordoning",2,46852817,99.98
"cordons",2,46852819,99.98
"corespondent",2,46852821,99.98
"corine",2,46852823,99.98
"corkscrewed",2,46852825,99.98
"cornrow",2,46852827,99.98
"cornucopias",2,46852829,99.98
"coronations",2,46852831,99.98
"corot",2,46852833,99.98
"corpulence",2,46852835,99.98
"corpuscles",2,46852837,99.98
"correggio",2,46852839,99.98
"corrupter",2,46852841,99.98
"coruscating",2,46852843,99.98
"costarred",2,46852845,99.98
"costliness",2,46852847,99.98
"cotyledon",2,46852849,99.98
"counterclaimed",2,46852851,99.98
"counterexample",2,46852853,99.98
"counterexamples",2,46852855,99.98
"countermanded",2,46852857,99.98
"counterrevolutionary",2,46852859,99.98
"countersigned",2,46852861,99.98
"counterweights",2,46852863,99.98
"couperin",2,46852865,99.98
"cowbirds",2,46852867,99.98
"cowhides",2,46852869,99.98
"cowslip",2,46852871,99.98
"coxcomb",2,46852873,99.98
"coyness",2,46852875,99.98
"cravenly",2,46852877,99.98
"craws",2,46852879,99.98
"crayoned",2,46852881,99.98
"crays",2,46852883,99.98
"creameries",2,46852885,99.98
"cremates",2,46852887,99.98
"cretinous",2,46852889,99.98
"cricks",2,46852891,99.98
"crimsoned",2,46852893,99.98
"crinolines",2,46852895,99.98
"croatians",2,46852897,99.98
"crookedest",2,46852899,99.98
"crookedly",2,46852901,99.98
"crooking",2,46852903,99.98
"crosier",2,46852905,99.98
"crossbars",2,46852907,99.98
"crossbeams",2,46852909,99.98
"crossbred",2,46852911,99.98
"crosschecked",2,46852913,99.98
"crowdfunded",2,46852915,99.98
"crucibles",2,46852917,99.98
"crucifixions",2,46852919,99.98
"cruciform",2,46852921,99.98
"cruft",2,46852923,99.98
"crufts",2,46852925,99.98
"crustiest",2,46852927,99.98
"crusting",2,46852929,99.98
"cuckolds",2,46852931,99.98
"cuddlier",2,46852933,99.98
"cummerbunds",2,46852935,99.98
"cursorily",2,46852937,99.98
"curtsying",2,46852939,99.98
"curvatures",2,46852941,99.98
"cyclically",2,46852943,99.98
"cytology",2,46852945,99.98
"dabblers",2,46852947,99.98
"dacron",2,46852949,99.98
"dactyls",2,46852951,99.98
"daintiness",2,46852953,99.98
"dallies",2,46852955,99.98
"damnably",2,46852957,99.98
"damsons",2,46852959,99.98
"darkrooms",2,46852961,99.98
"dashiki",2,46852963,99.98
"dashingly",2,46852965,99.98
"daubs",2,46852967,99.98
"dauntlessly",2,46852969,99.98
"daunts",2,46852971,99.98
"dawdlers",2,46852973,99.98
"dazing",2,46852975,99.98
"dded",2,46852977,99.98
"dding",2,46852979,99.98
"deadbolts",2,46852981,99.98
"deadest",2,46852983,99.98
"deadpanning",2,46852985,99.98
"deafer",2,46852987,99.98
"debarked",2,46852989,99.98
"debenture",2,46852991,99.98
"debentures",2,46852993,99.98
"debilitates",2,46852995,99.98
"deceitfully",2,46852997,99.98
"decipherable",2,46852999,99.98
"deciphers",2,46853001,99.98
"declaims",2,46853003,99.98
"decodes",2,46853005,99.98
"decontaminating",2,46853007,99.98
"decorously",2,46853009,99.98
"decrescendo",2,46853011,99.98
"decrescendos",2,46853013,99.98
"deeding",2,46853015,99.98
"defames",2,46853017,99.98
"defecates",2,46853019,99.98
"defectives",2,46853021,99.98
"defenestration",2,46853023,99.98
"deferentially",2,46853025,99.98
"deferments",2,46853027,99.98
"deflector",2,46853029,99.98
"defraying",2,46853031,99.98
"deifying",2,46853033,99.98
"deimos",2,46853035,99.98
"delicatessens",2,46853037,99.99
"delimit",2,46853039,99.99
"delimiter",2,46853041,99.99
"delint",2,46853043,99.99
"deludes",2,46853045,99.99
"deluges",2,46853047,99.99
"demarcates",2,46853049,99.99
"demijohn",2,46853051,99.99
"demobilization",2,46853053,99.99
"demoniacal",2,46853055,99.99
"demurring",2,46853057,99.99
"dendrites",2,46853059,99.99
"denominate",2,46853061,99.99
"deodorize",2,46853063,99.99
"deodorizer",2,46853065,99.99
"deodorizes",2,46853067,99.99
"departmentalized",2,46853069,99.99
"deprogram",2,46853071,99.99
"deputation",2,46853073,99.99
"deregulates",2,46853075,99.99
"derivable",2,46853077,99.99
"descants",2,46853079,99.99
"desensitizes",2,46853081,99.99
"desisted",2,46853083,99.99
"desolated",2,46853085,99.99
"despicably",2,46853087,99.99
"destines",2,46853089,99.99
"detains",2,46853091,99.99
"detestation",2,46853093,99.99
"dethronement",2,46853095,99.99
"detraction",2,46853097,99.99
"devaluations",2,46853099,99.99
"deviltry",2,46853101,99.99
"dhoti",2,46853103,99.99
"diagnosticians",2,46853105,99.99
"diagrammatic",2,46853107,99.99
"dickering",2,46853109,99.99
"diddles",2,46853111,99.99
"diffidently",2,46853113,99.99
"dimensionless",2,46853115,99.99
"dimer",2,46853117,99.99
"diminuendo",2,46853119,99.99
"dingiest",2,46853121,99.99
"diphthong",2,46853123,99.99
"directer",2,46853125,99.99
"dirties",2,46853127,99.99
"disambiguate",2,46853129,99.99
"disarranged",2,46853131,99.99
"disassembles",2,46853133,99.99
"disavowal",2,46853135,99.99
"disavowals",2,46853137,99.99
"disconcert",2,46853139,99.99
"disconsolately",2,46853141,99.99
"discontinues",2,46853143,99.99
"discords",2,46853145,99.99
"discotheques",2,46853147,99.99
"discreditable",2,46853149,99.99
"discredits",2,46853151,99.99
"discriminant",2,46853153,99.99
"disembarkation",2,46853155,99.99
"disestablished",2,46853157,99.99
"disfigurements",2,46853159,99.99
"disgorges",2,46853161,99.99
"disgorging",2,46853163,99.99
"dishearten",2,46853165,99.99
"disinfects",2,46853167,99.99
"disinherit",2,46853169,99.99
"disinterestedly",2,46853171,99.99
"dislocates",2,46853173,99.99
"displayable",2,46853175,99.99
"disquisitions",2,46853177,99.99
"dissimilarity",2,46853179,99.99
"dissimulate",2,46853181,99.99
"dissociates",2,46853183,99.99
"distend",2,46853185,99.99
"distention",2,46853187,99.99
"distillates",2,46853189,99.99
"distillations",2,46853191,99.99
"disusing",2,46853193,99.99
"diversely",2,46853195,99.99
"divinest",2,46853197,99.99
"divinities",2,46853199,99.99
"docilely",2,46853201,99.99
"docudramas",2,46853203,99.99
"documentations",2,46853205,99.99
"domesticating",2,46853207,99.99
"dorkier",2,46853209,99.99
"douched",2,46853211,99.99
"dourly",2,46853213,99.99
"downstage",2,46853215,99.99
"dowse",2,46853217,99.99
"drabness",2,46853219,99.99
"draftsmen",2,46853221,99.99
"dravidian",2,46853223,99.99
"driveling",2,46853225,99.99
"drivings",2,46853227,99.99
"drollness",2,46853229,99.99
"drolly",2,46853231,99.99
"drover",2,46853233,99.99
"drowsed",2,46853235,99.99
"drudged",2,46853237,99.99
"drudges",2,46853239,99.99
"dubiousness",2,46853241,99.99
"duchies",2,46853243,99.99
"duded",2,46853245,99.99
"dumbfound",2,46853247,99.99
"dungaree",2,46853249,99.99
"dunned",2,46853251,99.99
"duplicator",2,46853253,99.99
"durably",2,46853255,99.99
"duroc",2,46853257,99.99
"dustless",2,46853259,99.99
"dustman",2,46853261,99.99
"dynamites",2,46853263,99.99
"earliness",2,46853265,99.99
"eavesdroppers",2,46853267,99.99
"eddington",2,46853269,99.99
"eddying",2,46853271,99.99
"edifies",2,46853273,99.99
"edwardo",2,46853275,99.99
"eeriest",2,46853277,99.99
"effeminacy",2,46853279,99.99
"effusion",2,46853281,99.99
"ejaculations",2,46853283,99.99
"ekes",2,46853285,99.99
"elaborateness",2,46853287,99.99
"elapses",2,46853289,99.99
"elizabethans",2,46853291,99.99
"elopements",2,46853293,99.99
"elucidated",2,46853295,99.99
"elul",2,46853297,99.99
"elvia",2,46853299,99.99
"emancipating",2,46853301,99.99
"emasculates",2,46853303,99.99
"embalmers",2,46853305,99.99
"embalms",2,46853307,99.99
"embezzlers",2,46853309,99.99
"emblazon",2,46853311,99.99
"emblazoning",2,46853313,99.99
"embosses",2,46853315,99.99
"embroil",2,46853317,99.99
"embroiling",2,46853319,99.99
"embroils",2,46853321,99.99
"embryologists",2,46853323,99.99
"emoted",2,46853325,99.99
"emplacement",2,46853327,99.99
"encapsulations",2,46853329,99.99
"enfolds",2,46853331,99.99
"enfranchise",2,46853333,99.99
"englisher",2,46853335,99.99
"englishwomen",2,46853337,99.99
"engorge",2,46853339,99.99
"enkidu",2,46853341,99.99
"enlistee",2,46853343,99.99
"enmesh",2,46853345,99.99
"enormities",2,46853347,99.99
"enrapturing",2,46853349,99.99
"ensconcing",2,46853351,99.99
"ensigns",2,46853353,99.99
"entangles",2,46853355,99.99
"entomb",2,46853357,99.99
"entombing",2,46853359,99.99
"entomological",2,46853361,99.99
"entrenchments",2,46853363,99.99
"epsilons",2,46853365,99.99
"equestrienne",2,46853367,99.99
"equilateral",2,46853369,99.99
"erythrocytes",2,46853371,99.99
"escutcheons",2,46853373,99.99
"esteems",2,46853375,99.99
"ethnologist",2,46853377,99.99
"eulas",2,46853379,99.99
"eulogizing",2,46853381,99.99
"evangelina",2,46853383,99.99
"everready",2,46853385,99.99
"evicts",2,46853387,99.99
"eviler",2,46853389,99.99
"evilest",2,46853391,99.99
"excitation",2,46853393,99.99
"excitements",2,46853395,99.99
"excommunicating",2,46853397,99.99
"excommunications",2,46853399,99.99
"excoriate",2,46853401,99.99
"excrescences",2,46853403,99.99
"excreta",2,46853405,99.99
"excreting",2,46853407,99.99
"excretory",2,46853409,99.99
"exegeses",2,46853411,99.99
"exhaustible",2,46853413,99.99
"exhilarates",2,46853415,99.99
"exhumations",2,46853417,99.99
"exhuming",2,46853419,99.99
"exigencies",2,46853421,99.99
"exiling",2,46853423,99.99
"exorcises",2,46853425,99.99
"expatriated",2,46853427,99.99
"expatriation",2,46853429,99.99
"expedites",2,46853431,99.99
"expiate",2,46853433,99.99
"expiated",2,46853435,99.99
"explications",2,46853437,99.99
"expostulation",2,46853439,99.99
"extemporize",2,46853441,99.99
"extensiveness",2,46853443,99.99
"extenuated",2,46853445,99.99
"extirpated",2,46853447,99.99
"extrinsically",2,46853449,99.99
"extrude",2,46853451,99.99
"extrudes",2,46853453,99.99
"extruding",2,46853455,99.99
"exultantly",2,46853457,99.99
"eyepieces",2,46853459,99.99
"eyeteeth",2,46853461,99.99
"falconers",2,46853463,99.99
"fancily",2,46853465,99.99
"farsightedness",2,46853467,99.99
"fatalists",2,46853469,99.99
"faulknerian",2,46853471,99.99
"fearfulness",2,46853473,99.99
"febrile",2,46853475,99.99
"feeblest",2,46853477,99.99
"feinted",2,46853479,99.99
"feinting",2,46853481,99.99
"femurs",2,46853483,99.99
"ferryboats",2,46853485,99.99
"fiascoes",2,46853487,99.99
"fictionalize",2,46853489,99.99
"fictionalizes",2,46853491,99.99
"filigrees",2,46853493,99.99
"finagles",2,46853495,99.99
"finitely",2,46853497,99.99
"firths",2,46853499,99.99
"fishwives",2,46853501,99.99
"flabbiness",2,46853503,99.99
"flagons",2,46853505,99.99
"flanges",2,46853507,99.99
"flannelette",2,46853509,99.99
"fleetest",2,46853511,99.99
"fleshier",2,46853513,99.99
"flextime",2,46853515,99.99
"flippancy",2,46853517,99.99
"floodlight",2,46853519,99.99
"floppier",2,46853521,99.99
"floppiness",2,46853523,99.99
"florins",2,46853525,99.99
"florsheim",2,46853527,99.99
"flounces",2,46853529,99.99
"flummox",2,46853531,99.99
"flummoxes",2,46853533,99.99
"flusters",2,46853535,99.99
"fluting",2,46853537,99.99
"flutists",2,46853539,99.99
"fluxing",2,46853541,99.99
"flybys",2,46853543,99.99
"flytraps",2,46853545,99.99
"flyweights",2,46853547,99.99
"fnma",2,46853549,99.99
"foaled",2,46853551,99.99
"fobbing",2,46853553,99.99
"fogy",2,46853555,99.99
"fomalhaut",2,46853557,99.99
"footsore",2,46853559,99.99
"forayed",2,46853561,99.99
"foraying",2,46853563,99.99
"forebodings",2,46853565,99.99
"forefronts",2,46853567,99.99
"foreskins",2,46853569,99.99
"forestation",2,46853571,99.99
"foresting",2,46853573,99.99
"formalization",2,46853575,99.99
"formosan",2,46853577,99.99
"forswore",2,46853579,99.99
"fortes",2,46853581,99.99
"fotomat",2,46853583,99.99
"foxhounds",2,46853585,99.99
"fragrantly",2,46853587,99.99
"frankest",2,46853589,99.99
"fraternally",2,46853591,99.99
"fraternization",2,46853593,99.99
"frazzling",2,46853595,99.99
"frenchwomen",2,46853597,99.99
"frighting",2,46853599,99.99
"frigidly",2,46853601,99.99
"frittering",2,46853603,99.99
"frogman",2,46853605,99.99
"frolicsome",2,46853607,99.99
"frostbites",2,46853609,99.99
"frothier",2,46853611,99.99
"frothiest",2,46853613,99.99
"fruitfully",2,46853615,99.99
"fuddled",2,46853617,99.99
"fumblers",2,46853619,99.99
"fumigators",2,46853621,99.99
"funiculars",2,46853623,99.99
"furbish",2,46853625,99.99
"furriest",2,46853627,99.99
"fussbudget",2,46853629,99.99
"fussier",2,46853631,99.99
"fuzziest",2,46853633,99.99
"gabardines",2,46853635,99.99
"gadding",2,46853637,99.99
"gaffed",2,46853639,99.99
"galatea",2,46853641,99.99
"gallbladders",2,46853643,99.99
"gallivanted",2,46853645,99.99
"galois",2,46853647,99.99
"galvanizes",2,46853649,99.99
"ganglia",2,46853651,99.99
"gangtok",2,46853653,99.99
"gangways",2,46853655,99.99
"garbageman",2,46853657,99.99
"garrote",2,46853659,99.99
"gascony",2,46853661,99.99
"gatecrasher",2,46853663,99.99
"gatepost",2,46853665,99.99
"gaudiness",2,46853667,99.99
"gavels",2,46853669,99.99
"gazetteer",2,46853671,99.99
"geed",2,46853673,99.99
"geniality",2,46853675,99.99
"gentled",2,46853677,99.99
"gentling",2,46853679,99.99
"gerontologists",2,46853681,99.99
"gesticulated",2,46853683,99.99
"ghostwrites",2,46853685,99.99
"ghostwrote",2,46853687,99.99
"gibbered",2,46853689,99.99
"giddier",2,46853691,99.99
"gielgud",2,46853693,99.99
"gilts",2,46853695,99.99
"gimcrack",2,46853697,99.99
"giorgione",2,46853699,99.99
"girths",2,46853701,99.99
"gladstones",2,46853703,99.99
"glamorizes",2,46853705,99.99
"glamorizing",2,46853707,99.99
"glamouring",2,46853709,99.99
"glissando",2,46853711,99.99
"glitziest",2,46853713,99.99
"glumness",2,46853715,99.99
"gluts",2,46853717,99.99
"gnomish",2,46853719,99.99
"goatherds",2,46853721,99.99
"gobbed",2,46853723,99.99
"gorgas",2,46853725,99.99
"goriest",2,46853727,99.99
"gorp",2,46853729,99.99
"grandees",2,46853731,99.99
"graters",2,46853733,99.99
"grayest",2,46853735,99.99
"greensward",2,46853737,99.99
"gregariously",2,46853739,99.99
"gregariousness",2,46853741,99.99
"grenadiers",2,46853743,99.99
"griddlecake",2,46853745,99.99
"grimed",2,46853747,99.99
"grimiest",2,46853749,99.99
"grippe",2,46853751,99.99
"grubbiness",2,46853753,99.99
"guaranties",2,46853755,99.99
"guarnieri",2,46853757,99.99
"guayaquil",2,46853759,99.99
"guernseys",2,46853761,99.99
"guizot",2,46853763,99.99
"gulches",2,46853765,99.99
"gunnysack",2,46853767,99.99
"gunrunner",2,46853769,99.99
"gusseted",2,46853771,99.99
"gutsiest",2,46853773,99.99
"guttered",2,46853775,99.99
"guttersnipes",2,46853777,99.99
"guzzles",2,46853779,99.99
"gyrates",2,46853781,99.99
"hacktivist",2,46853783,99.99
"haddocks",2,46853785,99.99
"haggler",2,46853787,99.99
"hairier",2,46853789,99.99
"hairiest",2,46853791,99.99
"hakes",2,46853793,99.99
"haling",2,46853795,99.99
"hallstatt",2,46853797,99.99
"hamstringing",2,46853799,99.99
"handiness",2,46853801,99.99
"hardhearted",2,46853803,99.99
"harmlessness",2,46853805,99.99
"harpooning",2,46853807,99.99
"harrowed",2,46853809,99.99
"harrows",2,46853811,99.99
"hazarded",2,46853813,99.99
"hazes",2,46853815,99.99
"headlocks",2,46853817,99.99
"headmistresses",2,46853819,99.99
"hearten",2,46853821,99.99
"hearties",2,46853823,99.99
"hectically",2,46853825,99.99
"hecuba",2,46853827,99.99
"hellespont",2,46853829,99.99
"helots",2,46853831,99.99
"hematologists",2,46853833,99.99
"hemispherical",2,46853835,99.99
"herbage",2,46853837,99.99
"herminia",2,46853839,99.99
"hesitatingly",2,46853841,99.99
"heterodoxy",2,46853843,99.99
"hettie",2,46853845,99.99
"hewer",2,46853847,99.99
"hexing",2,46853849,99.99
"hiatuses",2,46853851,99.99
"hiccoughed",2,46853853,99.99
"hiccoughs",2,46853855,99.99
"hickories",2,46853857,99.99
"highbrows",2,46853859,99.99
"hightails",2,46853861,99.99
"hilliest",2,46853863,99.99
"hillocks",2,46853865,99.99
"hindquarter",2,46853867,99.99
"hived",2,46853869,99.99
"hoaxed",2,46853871,99.99
"hoaxers",2,46853873,99.99
"hobnailed",2,46853875,99.99
"hoggish",2,46853877,99.99
"holidayed",2,46853879,99.99
"holocausts",2,46853881,99.99
"holography",2,46853883,99.99
"holstering",2,46853885,99.99
"homebodies",2,46853887,99.99
"homeliest",2,46853889,99.99
"homogenize",2,46853891,99.99
"hondurans",2,46853893,99.99
"honeysuckles",2,46853895,99.99
"hookworms",2,46853897,99.99
"hopscotching",2,46853899,99.99
"horded",2,46853901,99.99
"horizontals",2,46853903,99.99
"hornier",2,46853905,99.99
"hornpipes",2,46853907,99.99
"horthy",2,46853909,99.99
"hospitably",2,46853911,99.99
"hospitalize",2,46853913,99.99
"hothouses",2,46853915,99.99
"hotlinks",2,46853917,99.99
"hottentot",2,46853919,99.99
"hourglasses",2,46853921,99.99
"houseflies",2,46853923,99.99
"househusbands",2,46853925,99.99
"housetop",2,46853927,99.99
"howdah",2,46853929,99.99
"humbugged",2,46853931,99.99
"humbugs",2,46853933,99.99
"humdingers",2,46853935,99.99
"humidify",2,46853937,99.99
"humidors",2,46853939,99.99
"hunchbacked",2,46853941,99.99
"husbanding",2,46853943,99.99
"hussar",2,46853945,99.99
"huygens",2,46853947,99.99
"hybridizing",2,46853949,99.99
"hydrogenating",2,46853951,99.99
"hydroplanes",2,46853953,99.99
"hyperbola",2,46853955,99.99
"hyperventilates",2,46853957,99.99
"icecap",2,46853959,99.99
"icier",2,46853961,99.99
"ickier",2,46853963,99.99
"idealizes",2,46853965,99.99
"ieyasu",2,46853967,99.99
"ignobly",2,46853969,99.99
"imbroglios",2,46853971,99.99
"immoralities",2,46853973,99.99
"immutability",2,46853975,99.99
"impanel",2,46853977,99.99
"impaneled",2,46853979,99.99
"impenitence",2,46853981,99.99
"imperiousness",2,46853983,99.99
"impersonally",2,46853985,99.99
"implausibilities",2,46853987,99.99
"impoliteness",2,46853989,99.99
"importuned",2,46853991,99.99
"importuning",2,46853993,99.99
"impossibles",2,46853995,99.99
"imprecisely",2,46853997,99.99
"impregnability",2,46853999,99.99
"imprisonments",2,46854001,99.99
"impromptus",2,46854003,99.99
"improvable",2,46854005,99.99
"impudently",2,46854007,99.99
"impugns",2,46854009,99.99
"inanely",2,46854011,99.99
"incalculably",2,46854013,99.99
"incapacitates",2,46854015,99.99
"incitements",2,46854017,99.99
"inconclusively",2,46854019,99.99
"inconsequentially",2,46854021,99.99
"inconsiderateness",2,46854023,99.99
"incontrovertibly",2,46854025,99.99
"incorrigibly",2,46854027,99.99
"incremented",2,46854029,99.99
"indefatigably",2,46854031,99.99
"indefinably",2,46854033,99.99
"indirection",2,46854035,99.99
"indispensably",2,46854037,99.99
"indissoluble",2,46854039,99.99
"inebriate",2,46854041,99.99
"inebriating",2,46854043,99.99
"inelegance",2,46854045,99.99
"inexpedient",2,46854047,99.99
"infields",2,46854049,99.99
"influentially",2,46854051,99.99
"ingrain",2,46854053,99.99
"ingrates",2,46854055,99.99
"ingratiated",2,46854057,99.99
"inhalator",2,46854059,99.99
"initialization",2,46854061,99.99
"injudicious",2,46854063,99.99
"inquirers",2,46854065,99.99
"inscribing",2,46854067,99.99
"inseparability",2,46854069,99.99
"instanced",2,46854071,99.99
"insteps",2,46854073,99.99
"instructively",2,46854075,99.99
"intaglios",2,46854077,99.99
"intemperance",2,46854079,99.99
"interbred",2,46854081,99.99
"intercoms",2,46854083,99.99
"interdicting",2,46854085,99.99
"interfaced",2,46854087,99.99
"interleaves",2,46854089,99.99
"interlinking",2,46854091,99.99
"interlocutory",2,46854093,99.99
"interluding",2,46854095,99.99
"intermezzi",2,46854097,99.99
"internationalize",2,46854099,99.99
"internationalized",2,46854101,99.99
"internationalizing",2,46854103,99.99
"interpolates",2,46854105,99.99
"interpolating",2,46854107,99.99
"interposing",2,46854109,99.99
"interrelates",2,46854111,99.99
"interwove",2,46854113,99.99
"intoxicates",2,46854115,99.99
"intuits",2,46854117,99.99
"inundations",2,46854119,99.99
"inveigh",2,46854121,99.99
"inveigled",2,46854123,99.99
"invigoration",2,46854125,99.99
"ionizers",2,46854127,99.99
"ironclads",2,46854129,99.99
"ironmongers",2,46854131,99.99
"irradiating",2,46854133,99.99
"irrawaddy",2,46854135,99.99
"irritably",2,46854137,99.99
"irruption",2,46854139,99.99
"irruptions",2,46854141,99.99
"isinglass",2,46854143,99.99
"islams",2,46854145,99.99
"isolationists",2,46854147,99.99
"italicizing",2,46854149,99.99
"iyar",2,46854151,99.99
"izaak",2,46854153,99.99
"izvestia",2,46854155,99.99
"jackdaw",2,46854157,99.99
"jangles",2,46854159,99.99
"jansenist",2,46854161,99.99
"januaries",2,46854163,99.99
"jaywalked",2,46854165,99.99
"jaywalker",2,46854167,99.99
"jazzes",2,46854169,99.99
"jeremiahs",2,46854171,99.99
"jidda",2,46854173,99.99
"jigsawed",2,46854175,99.99
"jimmying",2,46854177,99.99
"jingoist",2,46854179,99.99
"jockstraps",2,46854181,99.99
"joggle",2,46854183,99.99
"jogjakarta",2,46854185,99.99
"johnie",2,46854187,99.99
"jointing",2,46854189,99.99
"jollier",2,46854191,99.99
"joshed",2,46854193,99.99
"jovian",2,46854195,99.99
"joyousness",2,46854197,99.99
"joyriders",2,46854199,99.99
"jugulars",2,46854201,99.99
"jumbling",2,46854203,99.99
"jumpier",2,46854205,99.99
"jumpiness",2,46854207,99.99
"jungfrau",2,46854209,99.99
"kaleidoscopes",2,46854211,99.99
"kalevala",2,46854213,99.99
"kampuchea",2,46854215,99.99
"kans",2,46854217,99.99
"kasai",2,46854219,99.99
"kathrine",2,46854221,99.99
"keyboarder",2,46854223,99.99
"keypunch",2,46854225,99.99
"khachaturian",2,46854227,99.99
"kharkov",2,46854229,99.99
"khulna",2,46854231,99.99
"kilobytes",2,46854233,99.99
"kindlier",2,46854235,99.99
"kindliness",2,46854237,99.99
"kinkiest",2,46854239,99.99
"kinking",2,46854241,99.99
"kludge",2,46854243,99.99
"kludges",2,46854245,99.99
"knavery",2,46854247,99.99
"kneads",2,46854249,99.99
"kneecapping",2,46854251,99.99
"knighting",2,46854253,99.99
"knossos",2,46854255,99.99
"knotholes",2,46854257,99.99
"knottiest",2,46854259,99.99
"kropotkin",2,46854261,99.99
"kshatriya",2,46854263,99.99
"kuznets",2,46854265,99.99
"lachrymose",2,46854267,99.99
"lactated",2,46854269,99.99
"laddered",2,46854271,99.99
"laddering",2,46854273,99.99
"lading",2,46854275,99.99
"lakeisha",2,46854277,99.99
"landholders",2,46854279,99.99
"landladies",2,46854281,99.99
"landmasses",2,46854283,99.99
"langerhans",2,46854285,99.99
"lanker",2,46854287,99.99
"lankiness",2,46854289,99.99
"lapwing",2,46854291,99.99
"larders",2,46854293,99.99
"lasciviously",2,46854295,99.99
"lase",2,46854297,99.99
"lastingly",2,46854299,99.99
"lathing",2,46854301,99.99
"lawanda",2,46854303,99.99
"laywoman",2,46854305,99.99
"lazybones",2,46854307,99.99
"leapfrogs",2,46854309,99.99
"leftmost",2,46854311,99.99
"leftwards",2,46854313,99.99
"legalisms",2,46854315,99.99
"legations",2,46854317,99.99
"legitimated",2,46854319,99.99
"legman",2,46854321,99.99
"lemma",2,46854323,99.99
"lengthily",2,46854325,99.99
"leniently",2,46854327,99.99
"lessie",2,46854329,99.99
"lestrade",2,46854331,99.99
"lexicographers",2,46854333,99.99
"libeled",2,46854335,99.99
"libels",2,46854337,99.99
"libidos",2,46854339,99.99
"libreville",2,46854341,99.99
"liliuokalani",2,46854343,99.99
"lilted",2,46854345,99.99
"limper",2,46854347,99.99
"lineament",2,46854349,99.99
"lineaments",2,46854351,99.99
"linnets",2,46854353,99.99
"lionizing",2,46854355,99.99
"lipread",2,46854357,99.99
"lipreading",2,46854359,99.99
"liquefying",2,46854361,99.99
"liquidize",2,46854363,99.99
"lisped",2,46854365,99.99
"litchis",2,46854367,99.99
"literals",2,46854369,99.99
"litigates",2,46854371,99.99
"livelong",2,46854373,99.99
"locution",2,46854375,99.99
"lollobrigida",2,46854377,99.99
"lollygag",2,46854379,99.99
"lollygagged",2,46854381,99.99
"longitudinally",2,46854383,99.99
"loopier",2,46854385,99.99
"lorgnette",2,46854387,99.99
"louisianan",2,46854389,99.99
"louisianans",2,46854391,99.99
"lowish",2,46854393,99.99
"luaus",2,46854395,99.99
"lubber",2,46854397,99.99
"lumbago",2,46854399,99.99
"lumbermen",2,46854401,99.99
"luminously",2,46854403,99.99
"lumpier",2,46854405,99.99
"lumpish",2,46854407,99.99
"lushest",2,46854409,99.99
"lustfully",2,46854411,99.99
"luxuriantly",2,46854413,99.99
"luxuriated",2,46854415,99.99
"luxuriates",2,46854417,99.99
"lxiv",2,46854419,99.99
"lxvi",2,46854421,99.99
"lycurgus",2,46854423,99.99
"lymphomas",2,46854425,99.99
"maceration",2,46854427,99.99
"maces",2,46854429,99.99
"madrassah",2,46854431,99.99
"maeterlinck",2,46854433,99.99
"magnetizes",2,46854435,99.99
"maidenhead",2,46854437,99.99
"maillol",2,46854439,99.99
"mainlined",2,46854441,99.99
"maizes",2,46854443,99.99
"manageability",2,46854445,99.99
"mandible",2,46854447,99.99
"mandrill",2,46854449,99.99
"mandrills",2,46854451,99.99
"manikin",2,46854453,99.99
"manikins",2,46854455,99.99
"manses",2,46854457,99.99
"manures",2,46854459,99.99
"marksmen",2,46854461,99.99
"marmoset",2,46854463,99.99
"marshier",2,46854465,99.99
"martinets",2,46854467,99.99
"mastheads",2,46854469,99.99
"matriarchs",2,46854471,99.99
"maturer",2,46854473,99.99
"matzohs",2,46854475,99.99
"mauriac",2,46854477,99.99
"maxilla",2,46854479,99.99
"mechanizing",2,46854481,99.99
"meddlers",2,46854483,99.99
"medicates",2,46854485,99.99
"mediterraneans",2,46854487,99.99
"megalomaniacs",2,46854489,99.99
"mellowness",2,46854491,99.99
"membranous",2,46854493,99.99
"mendelian",2,46854495,99.99
"menelaus",2,46854497,99.99
"menstruated",2,46854499,99.99
"mentholated",2,46854501,99.99
"mercuric",2,46854503,99.99
"meres",2,46854505,99.99
"meriting",2,46854507,99.99
"merovingian",2,46854509,99.99
"merrymaking",2,46854511,99.99
"mesdames",2,46854513,99.99
"mesquites",2,46854515,99.99
"messiahs",2,46854517,99.99
"messieurs",2,46854519,99.99
"metes",2,46854521,99.99
"metrication",2,46854523,99.99
"mezzanines",2,46854525,99.99
"microcosms",2,46854527,99.99
"microfilms",2,46854529,99.99
"midpoints",2,46854531,99.99
"milieus",2,46854533,99.99
"militarize",2,46854535,99.99
"milkmaids",2,46854537,99.99
"mimeograph",2,46854539,99.99
"mimetic",2,46854541,99.99
"minces",2,46854543,99.99
"mindoro",2,46854545,99.99
"mineralogy",2,46854547,99.99
"minesweeper",2,46854549,99.99
"miniaturize",2,46854551,99.99
"minicomputer",2,46854553,99.99
"minicomputers",2,46854555,99.99
"minoan",2,46854557,99.99
"minutest",2,46854559,99.99
"mirfak",2,46854561,99.99
"miring",2,46854563,99.99
"misapply",2,46854565,99.99
"misappropriations",2,46854567,99.99
"miscalculate",2,46854569,99.99
"miscalculating",2,46854571,99.99
"miscarrying",2,46854573,99.99
"mischance",2,46854575,99.99
"misconducts",2,46854577,99.99
"misguidedly",2,46854579,99.99
"misidentifies",2,46854581,99.99
"misidentify",2,46854583,99.99
"mismanages",2,46854585,99.99
"misquotation",2,46854587,99.99
"misquotations",2,46854589,99.99
"misreadings",2,46854591,99.99
"misspend",2,46854593,99.99
"misspends",2,46854595,99.99
"misstates",2,46854597,99.99
"mistily",2,46854599,99.99
"mistrusts",2,46854601,99.99
"mobutu",2,46854603,99.99
"modulators",2,46854605,99.99
"moires",2,46854607,99.99
"molders",2,46854609,99.99
"mollycoddling",2,46854611,99.99
"momentousness",2,46854613,99.99
"monetizes",2,46854615,99.99
"monkeyed",2,46854617,99.99
"monomaniacs",2,46854619,99.99
"monotones",2,46854621,99.99
"monsignors",2,46854623,99.99
"monstrance",2,46854625,99.99
"montanan",2,46854627,99.99
"monthlies",2,46854629,99.99
"mooched",2,46854631,99.99
"mooches",2,46854633,99.99
"moodier",2,46854635,99.99
"morrows",2,46854637,99.99
"mortgagee",2,46854639,99.99
"mortuaries",2,46854641,99.99
"motorboats",2,46854643,99.99
"motorman",2,46854645,99.99
"moussed",2,46854647,99.99
"mozambicans",2,46854649,99.99
"muckraker",2,46854651,99.99
"muckrakers",2,46854653,99.99
"muddiness",2,46854655,99.99
"mudslinger",2,46854657,99.99
"muffing",2,46854659,99.99
"muhammadan",2,46854661,99.99
"mukluk",2,46854663,99.99
"multan",2,46854665,99.99
"multitasks",2,46854667,99.99
"murrumbidgee",2,46854669,99.99
"muscatel",2,46854671,99.99
"mushier",2,46854673,99.99
"musicale",2,46854675,99.99
"muskellunge",2,46854677,99.99
"muteness",2,46854679,99.99
"mycenaean",2,46854681,99.99
"mynas",2,46854683,99.99
"nabob",2,46854685,99.99
"naiads",2,46854687,99.99
"nanotechnologies",2,46854689,99.99
"napes",2,46854691,99.99
"naughtiest",2,46854693,99.99
"nauseate",2,46854695,99.99
"nebraskans",2,46854697,99.99
"nefariously",2,46854699,99.99
"nefariousness",2,46854701,99.99
"neighbored",2,46854703,99.99
"neonates",2,46854705,99.99
"nerveless",2,46854707,99.99
"nethermost",2,46854709,99.99
"neutralization",2,46854711,99.99
"neutralizers",2,46854713,99.99
"nevsky",2,46854715,99.99
"newline",2,46854717,99.99
"newspaperwoman",2,46854719,99.99
"nichiren",2,46854721,99.99
"niftiest",2,46854723,99.99
"nightsticks",2,46854725,99.99
"nitpicker",2,46854727,99.99
"nitpickers",2,46854729,99.99
"nobelist",2,46854731,99.99
"nonagenarians",2,46854733,99.99
"nonaligned",2,46854735,99.99
"nonintervention",2,46854737,99.99
"nonprofessionals",2,46854739,99.99
"nonrepresentational",2,46854741,99.99
"nonrestrictive",2,46854743,99.99
"nonsensically",2,46854745,99.99
"nonskid",2,46854747,99.99
"nonusers",2,46854749,99.99
"nordics",2,46854751,99.99
"notarizing",2,46854753,99.99
"noumea",2,46854755,99.99
"nudest",2,46854757,99.99
"numismatic",2,46854759,99.99
"numskull",2,46854761,99.99
"numskulls",2,46854763,99.99
"nursemaid",2,46854765,99.99
"nurserymen",2,46854767,99.99
"nyerere",2,46854769,99.99
"nymphomania",2,46854771,99.99
"oarsman",2,46854773,99.99
"obsolescent",2,46854775,99.99
"offbeats",2,46854777,99.99
"offloads",2,46854779,99.99
"ohsa",2,46854781,99.99
"oinking",2,46854783,99.99
"oinks",2,46854785,99.99
"okaying",2,46854787,99.99
"okras",2,46854789,99.99
"olduvai",2,46854791,99.99
"olympiads",2,46854793,99.99
"omdurman",2,46854795,99.99
"omsk",2,46854797,99.99
"onrush",2,46854799,99.99
"oort",2,46854801,99.99
"opuses",2,46854803,99.99
"orangeade",2,46854805,99.99
"ordinals",2,46854807,99.99
"ordinaries",2,46854809,99.99
"ordure",2,46854811,99.99
"organelle",2,46854813,99.99
"organelles",2,46854815,99.99
"oriya",2,46854817,99.99
"ornamenting",2,46854819,99.99
"orphic",2,46854821,99.99
"orthodoxies",2,46854823,99.99
"oscillated",2,46854825,99.99
"ossification",2,46854827,99.99
"ossify",2,46854829,99.99
"ostentation",2,46854831,99.99
"osteopaths",2,46854833,99.99
"ostracizes",2,46854835,99.99
"outbacks",2,46854837,99.99
"outbids",2,46854839,99.99
"outdistancing",2,46854841,99.99
"outflanking",2,46854843,99.99
"outlives",2,46854845,99.99
"outreached",2,46854847,99.99
"outreaches",2,46854849,99.99
"outskirt",2,46854851,99.99
"outwear",2,46854853,99.99
"outworn",2,46854855,99.99
"overacts",2,46854857,99.99
"overate",2,46854859,99.99
"overawed",2,46854861,99.99
"overgenerous",2,46854863,99.99
"overgrow",2,46854865,99.99
"overpays",2,46854867,99.99
"overpopulating",2,46854869,99.99
"overreactions",2,46854871,99.99
"overshared",2,46854873,99.99
"overshoes",2,46854875,99.99
"overuses",2,46854877,99.99
"oxbows",2,46854879,99.99
"pahlavi",2,46854881,99.99
"palazzi",2,46854883,99.99
"paleozoic",2,46854885,99.99
"palings",2,46854887,99.99
"palladio",2,46854889,99.99
"palliatives",2,46854891,99.99
"palpitate",2,46854893,99.99
"palpitates",2,46854895,99.99
"panamanians",2,46854897,99.99
"pancaking",2,46854899,99.99
"panegyric",2,46854901,99.99
"panhandled",2,46854903,99.99
"pantomimes",2,46854905,99.99
"paragraphing",2,46854907,99.99
"paraguayans",2,46854909,99.99
"pardonable",2,46854911,99.99
"paroling",2,46854913,99.99
"parquetry",2,46854915,99.99
"parries",2,46854917,99.99
"parring",2,46854919,99.99
"parthenogenesis",2,46854921,99.99
"particularize",2,46854923,99.99
"passbooks",2,46854925,99.99
"passkey",2,46854927,99.99
"passovers",2,46854929,99.99
"pasteurize",2,46854931,99.99
"pasteurizing",2,46854933,99.99
"patriotically",2,46854935,99.99
"patronizingly",2,46854937,99.99
"patronymics",2,46854939,99.99
"pauperism",2,46854941,99.99
"peahens",2,46854943,99.99
"pearling",2,46854945,99.99
"pederasty",2,46854947,99.99
"pediment",2,46854949,99.99
"pekoe",2,46854951,99.99
"penitently",2,46854953,99.99
"pentiums",2,46854955,99.99
"peopling",2,46854957,99.99
"peppier",2,46854959,99.99
"peppiest",2,46854961,99.99
"pepsin",2,46854963,99.99
"percale",2,46854965,99.99
"perceptively",2,46854967,99.99
"peregrination",2,46854969,99.99
"peremptorily",2,46854971,99.99
"perfectible",2,46854973,99.99
"perfumeries",2,46854975,99.99
"perjure",2,46854977,99.99
"perjurer",2,46854979,99.99
"perjuring",2,46854981,99.99
"perplexities",2,46854983,99.99
"persiflage",2,46854985,99.99
"personifications",2,46854987,99.99
"perter",2,46854989,99.99
"pertinacious",2,46854991,99.99
"pertinence",2,46854993,99.99
"perturbations",2,46854995,99.99
"pesetas",2,46854997,99.99
"petrify",2,46854999,99.99
"pettiest",2,46855001,99.99
"pharmacopoeia",2,46855003,99.99
"phenobarbital",2,46855005,99.99
"phial",2,46855007,99.99
"philanthropically",2,46855009,99.99
"phloem",2,46855011,99.99
"phobics",2,46855013,99.99
"photoed",2,46855015,99.99
"photosensitive",2,46855017,99.99
"phreaking",2,46855019,99.99
"phrygia",2,46855021,99.99
"phylum",2,46855023,99.99
"piccalilli",2,46855025,99.99
"picnicker",2,46855027,99.99
"pictograph",2,46855029,99.99
"piggishness",2,46855031,99.99
"pigheaded",2,46855033,99.99
"pikers",2,46855035,99.99
"pinfeathers",2,46855037,99.99
"pinioned",2,46855039,99.99
"pinkest",2,46855041,99.99
"pistil",2,46855043,99.99
"piton",2,46855045,99.99
"plagiarists",2,46855047,99.99
"plaint",2,46855049,99.99
"plasterer",2,46855051,99.99
"platooning",2,46855053,99.99
"pleader",2,46855055,99.99
"pleasanter",2,46855057,99.99
"pleasantry",2,46855059,99.99
"plebeians",2,46855061,99.99
"plenipotentiary",2,46855063,99.99
"plentifully",2,46855065,99.99
"pliocene",2,46855067,99.99
"plodders",2,46855069,99.99
"plowshare",2,46855071,99.99
"pluckier",2,46855073,99.99
"pluming",2,46855075,99.99
"pluralize",2,46855077,99.99
"pmed",2,46855079,99.99
"poaches",2,46855081,99.99
"pointiest",2,46855083,99.99
"policewomen",2,46855085,99.99
"polishers",2,46855087,99.99
"polities",2,46855089,99.99
"pollinates",2,46855091,99.99
"polyglots",2,46855093,99.99
"polyhymnia",2,46855095,99.99
"pomerania",2,46855097,99.99
"poona",2,46855099,99.99
"populaces",2,46855101,99.99
"porphyry",2,46855103,99.99
"portaged",2,46855105,99.99
"portmanteaus",2,46855107,99.99
"positrons",2,46855109,99.99
"postmarks",2,46855111,99.99
"postscripts",2,46855113,99.99
"potbellies",2,46855115,99.99
"potful",2,46855117,99.99
"potfuls",2,46855119,99.99
"potpourris",2,46855121,99.99
"potsherds",2,46855123,99.99
"pottage",2,46855125,99.99
"praetorian",2,46855127,99.99
"prate",2,46855129,99.99
"prating",2,46855131,99.99
"preambles",2,46855133,99.99
"preceptors",2,46855135,99.99
"precocity",2,46855137,99.99
"precognition",2,46855139,99.99
"preconditioned",2,46855141,99.99
"predestines",2,46855143,99.99
"predetermine",2,46855145,99.99
"prefects",2,46855147,99.99
"prefixing",2,46855149,99.99
"prejudgment",2,46855151,99.99
"prenups",2,46855153,99.99
"preponderant",2,46855155,99.99
"preppiest",2,46855157,99.99
"preregistered",2,46855159,99.99
"presupposing",2,46855161,99.99
"prettifying",2,46855163,99.99
"prevarications",2,46855165,99.99
"prevaricator",2,46855167,99.99
"priesthoods",2,46855169,99.99
"primitively",2,46855171,99.99
"primmer",2,46855173,99.99
"primogeniture",2,46855175,99.99
"priories",2,46855177,99.99
"prizefighting",2,46855179,99.99
"procurer",2,46855181,99.99
"procurers",2,46855183,99.99
"prodigals",2,46855185,99.99
"profaned",2,46855187,99.99
"profanes",2,46855189,99.99
"profaning",2,46855191,99.99
"prognostic",2,46855193,99.99
"prognosticate",2,46855195,99.99
"proliferates",2,46855197,99.99
"proofreads",2,46855199,99.99
"propinquity",2,46855201,99.99
"propound",2,46855203,99.99
"prosperously",2,46855205,99.99
"protozoan",2,46855207,99.99
"protractors",2,46855209,99.99
"protuberances",2,46855211,99.99
"protuberant",2,46855213,99.99
"providences",2,46855215,99.99
"prudery",2,46855217,99.99
"psalmists",2,46855219,99.99
"psychoses",2,46855221,99.99
"ptolemies",2,46855223,99.99
"ptomaine",2,46855225,99.99
"puerility",2,46855227,99.99
"punker",2,46855229,99.99
"punned",2,46855231,99.99
"purled",2,46855233,99.99
"purloining",2,46855235,99.99
"purveying",2,46855237,99.99
"pusan",2,46855239,99.99
"pusillanimous",2,46855241,99.99
"pussiest",2,46855243,99.99
"pustule",2,46855245,99.99
"putrefied",2,46855247,99.99
"pyromania",2,46855249,99.99
"quadrilaterals",2,46855251,99.99
"quadrupeds",2,46855253,99.99
"quadruplet",2,46855255,99.99
"quaffs",2,46855257,99.99
"quaked",2,46855259,99.99
"queened",2,46855261,99.99
"queening",2,46855263,99.99
"queerly",2,46855265,99.99
"quines",2,46855267,99.99
"quintuplets",2,46855269,99.99
"quintupling",2,46855271,99.99
"quires",2,46855273,99.99
"quirked",2,46855275,99.99
"quotients",2,46855277,99.99
"rabbited",2,46855279,99.99
"rabelaisian",2,46855281,99.99
"racquetballs",2,46855283,99.99
"radiogram",2,46855285,99.99
"radioisotopes",2,46855287,99.99
"raggedly",2,46855289,99.99
"randomize",2,46855291,99.99
"rapacity",2,46855293,99.99
"rattiest",2,46855295,99.99
"raveled",2,46855297,99.99
"raveling",2,46855299,99.99
"rawboned",2,46855301,99.99
"razes",2,46855303,99.99
"readiest",2,46855305,99.99
"readouts",2,46855307,99.99
"reagent",2,46855309,99.99
"rearmed",2,46855311,99.99
"reassigns",2,46855313,99.99
"rebating",2,46855315,99.99
"rebind",2,46855317,99.99
"rebroadcasting",2,46855319,99.99
"recantation",2,46855321,99.99
"recapitulated",2,46855323,99.99
"reciprocally",2,46855325,99.99
"recommence",2,46855327,99.99
"recommenced",2,46855329,99.99
"rectifier",2,46855331,99.99
"rectories",2,46855333,99.99
"redeploys",2,46855335,99.99
"redevelopments",2,46855337,99.99
"redound",2,46855339,99.99
"redrafts",2,46855341,99.99
"reefers",2,46855343,99.99
"reemphasizing",2,46855345,99.99
"reestablishes",2,46855347,99.99
"refashions",2,46855349,99.99
"refinishes",2,46855351,99.99
"reformations",2,46855353,99.99
"refuels",2,46855355,99.99
"regroups",2,46855357,99.99
"regularize",2,46855359,99.99
"regurgitates",2,46855361,99.99
"reincarnates",2,46855363,99.99
"remanding",2,46855365,99.99
"remissions",2,46855367,99.99
"remonstrance",2,46855369,99.99
"remonstrated",2,46855371,99.99
"remonstrating",2,46855373,99.99
"remounting",2,46855375,99.99
"remounts",2,46855377,99.99
"renascence",2,46855379,99.99
"rendezvousing",2,46855381,99.99
"reoccupy",2,46855383,99.99
"reoccurred",2,46855385,99.99
"reposed",2,46855387,99.99
"reproachfully",2,46855389,99.99
"repulses",2,46855391,99.99
"repulsiveness",2,46855393,99.99
"requisitions",2,46855395,99.99
"rescinds",2,46855397,99.99
"reshuffles",2,46855399,99.99
"resignedly",2,46855401,99.99
"resoluteness",2,46855403,99.99
"resonantly",2,46855405,99.99
"resplendently",2,46855407,99.99
"restatements",2,46855409,99.99
"restoratives",2,46855411,99.99
"resupplying",2,46855413,99.99
"retarding",2,46855415,99.99
"retools",2,46855417,99.99
"retrospected",2,46855419,99.99
"revaluations",2,46855421,99.99
"revaluing",2,46855423,99.99
"revelries",2,46855425,99.99
"revering",2,46855427,99.99
"reviles",2,46855429,99.99
"rhapsodizes",2,46855431,99.99
"rhetoricians",2,46855433,99.99
"rhomboids",2,46855435,99.99
"ribaldry",2,46855437,99.99
"ridging",2,46855439,99.99
"ringlet",2,46855441,99.99
"ringmasters",2,46855443,99.99
"ripsaw",2,46855445,99.99
"risorgimento",2,46855447,99.99
"riversides",2,46855449,99.99
"rivieras",2,46855451,99.99
"roeg",2,46855453,99.99
"romanticist",2,46855455,99.99
"roomer",2,46855457,99.99
"rosendo",2,46855459,99.99
"rotundity",2,46855461,99.99
"rouault",2,46855463,99.99
"roughen",2,46855465,99.99
"roughened",2,46855467,99.99
"roughening",2,46855469,99.99
"roustabouts",2,46855471,99.99
"rtfm",2,46855473,99.99
"rubbishing",2,46855475,99.99
"rubbishy",2,46855477,99.99
"runabout",2,46855479,99.99
"runabouts",2,46855481,99.99
"runarounds",2,46855483,99.99
"rustbelt",2,46855485,99.99
"rustically",2,46855487,99.99
"rustier",2,46855489,99.99
"rydberg",2,46855491,99.99
"sacrileges",2,46855493,99.99
"sacristan",2,46855495,99.99
"sailcloth",2,46855497,99.99
"sakhalin",2,46855499,99.99
"sallying",2,46855501,99.99
"sandlots",2,46855503,99.99
"sanka",2,46855505,99.99
"sarcasms",2,46855507,99.99
"sarcomas",2,46855509,99.99
"sassier",2,46855511,99.99
"satanically",2,46855513,99.99
"satraps",2,46855515,99.99
"sauciest",2,46855517,99.99
"sawhorses",2,46855519,99.99
"scandalizes",2,46855521,99.99
"scatterbrains",2,46855523,99.99
"scenically",2,46855525,99.99
"schizoids",2,46855527,99.99
"schlemiel",2,46855529,99.99
"schleps",2,46855531,99.99
"schussing",2,46855533,99.99
"scintillation",2,46855535,99.99
"scramblers",2,46855537,99.99
"scrappier",2,46855539,99.99
"scrimps",2,46855541,99.99
"scruple",2,46855543,99.99
"scummiest",2,46855545,99.99
"scythes",2,46855547,99.99
"scythia",2,46855549,99.99
"seclude",2,46855551,99.99
"secretiveness",2,46855553,99.99
"sedulous",2,46855555,99.99
"seebeck",2,46855557,99.99
"seismographs",2,46855559,99.99
"semiprivate",2,46855561,99.99
"semiprofessional",2,46855563,99.99
"semiramis",2,46855565,99.99
"semitones",2,46855567,99.99
"senghor",2,46855569,99.99
"sensitization",2,46855571,99.99
"sensitizes",2,46855573,99.99
"sensuousness",2,46855575,99.99
"sentimentalists",2,46855577,99.99
"sequesters",2,46855579,99.99
"serape",2,46855581,99.99
"serapes",2,46855583,99.99
"serried",2,46855585,99.99
"shabbier",2,46855587,99.99
"shads",2,46855589,99.99
"shambled",2,46855591,99.99
"shanghaiing",2,46855593,99.99
"sheathe",2,46855595,99.99
"sheepskins",2,46855597,99.99
"sheering",2,46855599,99.99
"shenanigan",2,46855601,99.99
"shepherdesses",2,46855603,99.99
"shiftier",2,46855605,99.99
"shiftiest",2,46855607,99.99
"shikoku",2,46855609,99.99
"shillelaghs",2,46855611,99.99
"shindigs",2,46855613,99.99
"shingling",2,46855615,99.99
"shipload",2,46855617,99.99
"shoddiness",2,46855619,99.99
"shorthorns",2,46855621,99.99
"shovelfuls",2,46855623,99.99
"shrive",2,46855625,99.99
"shuffleboards",2,46855627,99.99
"shushes",2,46855629,99.99
"shyer",2,46855631,99.99
"sicked",2,46855633,99.99
"sidesplitting",2,46855635,99.99
"sidles",2,46855637,99.99
"sieves",2,46855639,99.99
"sifters",2,46855641,99.99
"sightread",2,46855643,99.99
"sigurd",2,46855645,99.99
"silhouetting",2,46855647,99.99
"silicosis",2,46855649,99.99
"silkier",2,46855651,99.99
"simpered",2,46855653,99.99
"sindbad",2,46855655,99.99
"sinecures",2,46855657,99.99
"singes",2,46855659,99.99
"sinusoidal",2,46855661,99.99
"sirloins",2,46855663,99.99
"sisterhoods",2,46855665,99.99
"sixpences",2,46855667,99.99
"sixteens",2,46855669,99.99
"skedaddled",2,46855671,99.99
"sketchier",2,46855673,99.99
"skimpiest",2,46855675,99.99
"skinniness",2,46855677,99.99
"skippering",2,46855679,99.99
"skivvy",2,46855681,99.99
"skunking",2,46855683,99.99
"skycap",2,46855685,99.99
"skywriter",2,46855687,99.99
"slackens",2,46855689,99.99
"slaloming",2,46855691,99.99
"slaloms",2,46855693,99.99
"slathers",2,46855695,99.99
"slattern",2,46855697,99.99
"slaughterers",2,46855699,99.99
"sleazier",2,46855701,99.99
"sledded",2,46855703,99.99
"sleighs",2,46855705,99.99
"slenderizing",2,46855707,99.99
"slimier",2,46855709,99.99
"slimiest",2,46855711,99.99
"slipperiest",2,46855713,99.99
"slovaks",2,46855715,99.99
"sloven",2,46855717,99.99
"slushier",2,46855719,99.99
"sluttish",2,46855721,99.99
"smokier",2,46855723,99.99
"snaffled",2,46855725,99.99
"snappiest",2,46855727,99.99
"snarfs",2,46855729,99.99
"snarkiest",2,46855731,99.99
"snivels",2,46855733,99.99
"snoopers",2,46855735,99.99
"snowboarded",2,46855737,99.99
"snuffled",2,46855739,99.99
"soakings",2,46855741,99.99
"sodded",2,46855743,99.99
"soldierly",2,46855745,99.99
"solicitously",2,46855747,99.99
"somersaulted",2,46855749,99.99
"somnambulism",2,46855751,99.99
"songsters",2,46855753,99.99
"sophist",2,46855755,99.99
"soreheads",2,46855757,99.99
"sorrier",2,46855759,99.99
"sorriest",2,46855761,99.99
"sorrowed",2,46855763,99.99
"sottish",2,46855765,99.99
"sourdoughs",2,46855767,99.99
"southeasterly",2,46855769,99.99
"spaceflights",2,46855771,99.99
"spangling",2,46855773,99.99
"spatting",2,46855775,99.99
"specifiers",2,46855777,99.99
"spectroscopes",2,46855779,99.99
"speedometers",2,46855781,99.99
"spellcheckers",2,46855783,99.99
"spermatozoon",2,46855785,99.99
"spiffier",2,46855787,99.99
"spindled",2,46855789,99.99
"spinet",2,46855791,99.99
"spiritless",2,46855793,99.99
"spirituous",2,46855795,99.99
"splaying",2,46855797,99.99
"splinting",2,46855799,99.99
"spoilsports",2,46855801,99.99
"sponger",2,46855803,99.99
"spongers",2,46855805,99.99
"sportiest",2,46855807,99.99
"sportswoman",2,46855809,99.99
"sprat",2,46855811,99.99
"sprats",2,46855813,99.99
"spunkier",2,46855815,99.99
"squabs",2,46855817,99.99
"squealer",2,46855819,99.99
"squealers",2,46855821,99.99
"stalemates",2,46855823,99.99
"statesmanlike",2,46855825,99.99
"statically",2,46855827,99.99
"stationer",2,46855829,99.99
"statures",2,46855831,99.99
"steamiest",2,46855833,99.99
"steamrollering",2,46855835,99.99
"steeplejacks",2,46855837,99.99
"stenches",2,46855839,99.99
"stenography",2,46855841,99.99
"stepdads",2,46855843,99.99
"stepladders",2,46855845,99.99
"stewarded",2,46855847,99.99
"stillest",2,46855849,99.99
"stodgiest",2,46855851,99.99
"stopovers",2,46855853,99.99
"stoppable",2,46855855,99.99
"stormiest",2,46855857,99.99
"stows",2,46855859,99.99
"straitjackets",2,46855861,99.99
"stratagems",2,46855863,99.99
"strawed",2,46855865,99.99
"streakiest",2,46855867,99.99
"strews",2,46855869,99.99
"stripteases",2,46855871,99.99
"structuralist",2,46855873,99.99
"strumpets",2,46855875,99.99
"stuarts",2,46855877,99.99
"stubbornest",2,46855879,99.99
"stuccoed",2,46855881,99.99
"studentship",2,46855883,99.99
"stuffier",2,46855885,99.99
"stupefies",2,46855887,99.99
"stupidities",2,46855889,99.99
"styli",2,46855891,99.99
"subheading",2,46855893,99.99
"subjugates",2,46855895,99.99
"sublimes",2,46855897,99.99
"sublimest",2,46855899,99.99
"subordinating",2,46855901,99.99
"suborning",2,46855903,99.99
"subroutine",2,46855905,99.99
"subroutines",2,46855907,99.99
"subsumes",2,46855909,99.99
"subterfuges",2,46855911,99.99
"successions",2,46855913,99.99
"suckles",2,46855915,99.99
"suetonius",2,46855917,99.99
"suffragist",2,46855919,99.99
"sugarcoated",2,46855921,99.99
"sulkiness",2,46855923,99.99
"summonsed",2,46855925,99.99
"sunbather",2,46855927,99.99
"sunbonnet",2,46855929,99.99
"sundowns",2,46855931,99.99
"sunstroke",2,46855933,99.99
"suntanning",2,46855935,99.99
"supercharges",2,46855937,99.99
"superconductivity",2,46855939,99.99
"superconductor",2,46855941,99.99
"superimposes",2,46855943,99.99
"superintendence",2,46855945,99.99
"superscript",2,46855947,99.99
"superstitiously",2,46855949,99.99
"supertankers",2,46855951,99.99
"supportable",2,46855953,99.99
"survivals",2,46855955,99.99
"swash",2,46855957,99.99
"sweepings",2,46855959,99.99
"sweetmeat",2,46855961,99.99
"swills",2,46855963,99.99
"swishes",2,46855965,99.99
"switchboards",2,46855967,99.99
"synchronizes",2,46855969,99.99
"syphilitic",2,46855971,99.99
"syphilitics",2,46855973,99.99
"systematize",2,46855975,99.99
"tabbies",2,46855977,99.99
"tablelands",2,46855979,99.99
"tabriz",2,46855981,99.99
"taciturnity",2,46855983,99.99
"tactlessly",2,46855985,99.99
"tailcoat",2,46855987,99.99
"taiping",2,46855989,99.99
"talleyrand",2,46855991,99.99
"tallyho",2,46855993,99.99
"tamely",2,46855995,99.99
"tampers",2,46855997,99.99
"tamps",2,46855999,99.99
"tangoing",2,46856001,99.99
"tattler",2,46856003,99.99
"tediousness",2,46856005,99.99
"teethe",2,46856007,99.99
"teethed",2,46856009,99.99
"telecasting",2,46856011,99.99
"tempters",2,46856013,99.99
"tenderer",2,46856015,99.99
"tenons",2,46856017,99.99
"tenpin",2,46856019,99.99
"tensest",2,46856021,99.99
"tensor",2,46856023,99.99
"tercentenary",2,46856025,99.99
"terminological",2,46856027,99.99
"tethys",2,46856029,99.99
"thanklessly",2,46856031,99.99
"thees",2,46856033,99.99
"themistocles",2,46856035,99.99
"theoretician",2,46856037,99.99
"theoreticians",2,46856039,99.99
"thereabout",2,46856041,99.99
"thesauruses",2,46856043,99.99
"thighbones",2,46856045,99.99
"thrashes",2,46856047,99.99
"threnody",2,46856049,99.99
"threshed",2,46856051,99.99
"thumbscrews",2,46856053,99.99
"thwacks",2,46856055,99.99
"tided",2,46856057,99.99
"tildes",2,46856059,99.99
"tillable",2,46856061,99.99
"tillage",2,46856063,99.99
"tiptop",2,46856065,99.99
"tithed",2,46856067,99.99
"tittles",2,46856069,99.99
"tlingit",2,46856071,99.99
"toadying",2,46856073,99.99
"toastiest",2,46856075,99.99
"tobacconists",2,46856077,99.99
"toeholds",2,46856079,99.99
"toggled",2,46856081,99.99
"toiler",2,46856083,99.99
"toileted",2,46856085,99.99
"tokes",2,46856087,99.99
"tokugawa",2,46856089,99.99
"tonalities",2,46856091,99.99
"toneless",2,46856093,99.99
"tongans",2,46856095,99.99
"tonsure",2,46856097,99.99
"topographer",2,46856099,99.99
"topologically",2,46856101,99.99
"torques",2,46856103,99.99
"tortuously",2,46856105,99.99
"totted",2,46856107,99.99
"touchiest",2,46856109,99.99
"toughly",2,46856111,99.99
"toupees",2,46856113,99.99
"towheaded",2,46856115,99.99
"townsman",2,46856117,99.99
"trailways",2,46856119,99.99
"tranquilly",2,46856121,99.99
"transcendentalists",2,46856123,99.99
"transducers",2,46856125,99.99
"transept",2,46856127,99.99
"transfiguring",2,46856129,99.99
"transliterated",2,46856131,99.99
"transmittal",2,46856133,99.99
"transoms",2,46856135,99.99
"transshipment",2,46856137,99.99
"transshipped",2,46856139,99.99
"transverses",2,46856141,99.99
"treasonable",2,46856143,99.99
"trellised",2,46856145,99.99
"triassic",2,46856147,99.99
"tribunes",2,46856149,99.99
"tridents",2,46856151,99.99
"trillionth",2,46856153,99.99
"triteness",2,46856155,99.99
"trochees",2,46856157,99.99
"troopship",2,46856159,99.99
"troth",2,46856161,99.99
"trouts",2,46856163,99.99
"truckle",2,46856165,99.99
"trued",2,46856167,99.99
"trysting",2,46856169,99.99
"tuamotu",2,46856171,99.99
"tumbrel",2,46856173,99.99
"turfing",2,46856175,99.99
"turnpikes",2,46856177,99.99
"tushes",2,46856179,99.99
"tusked",2,46856181,99.99
"twelves",2,46856183,99.99
"twinged",2,46856185,99.99
"twosomes",2,46856187,99.99
"typographer",2,46856189,99.99
"typographers",2,46856191,99.99
"tyrannically",2,46856193,99.99
"uighur",2,46856195,99.99
"ulceration",2,46856197,99.99
"ultraconservatives",2,46856199,99.99
"ululated",2,46856201,99.99
"ululating",2,46856203,99.99
"unalterably",2,46856205,99.99
"unavailing",2,46856207,99.99
"unblocks",2,46856209,99.99
"unblushing",2,46856211,99.99
"uncased",2,46856213,99.99
"uncoiling",2,46856215,99.99
"unconcern",2,46856217,99.99
"uncouples",2,46856219,99.99
"underclothes",2,46856221,99.99
"underpay",2,46856223,99.99
"undershorts",2,46856225,99.99
"underskirts",2,46856227,99.99
"understandingly",2,46856229,99.99
"understudying",2,46856231,99.99
"undertows",2,46856233,99.99
"underworlds",2,46856235,99.99
"undulates",2,46856237,99.99
"unexceptionable",2,46856239,99.99
"unfasten",2,46856241,99.99
"unfastening",2,46856243,99.99
"unfeelingly",2,46856245,99.99
"unfitted",2,46856247,99.99
"unfrocked",2,46856249,99.99
"ungratefulness",2,46856251,99.99
"unguents",2,46856253,99.99
"unhinging",2,46856255,99.99
"unhitch",2,46856257,99.99
"unhooks",2,46856259,99.99
"unidirectional",2,46856261,99.99
"uninstalls",2,46856263,99.99
"unkinder",2,46856265,99.99
"unlace",2,46856267,99.99
"unlikelier",2,46856269,99.99
"unmasks",2,46856271,99.99
"unoffensive",2,46856273,99.99
"unprejudiced",2,46856275,99.99
"unpreventable",2,46856277,99.99
"unprivileged",2,46856279,99.99
"unsay",2,46856281,99.99
"unsaying",2,46856283,99.99
"unscrambled",2,46856285,99.99
"unscrews",2,46856287,99.99
"unsightliness",2,46856289,99.99
"unsubstantial",2,46856291,99.99
"untimeliness",2,46856293,99.99
"untwisted",2,46856295,99.99
"untwisting",2,46856297,99.99
"uproars",2,46856299,99.99
"uproots",2,46856301,99.99
"upstages",2,46856303,99.99
"upsurges",2,46856305,99.99
"urals",2,46856307,99.99
"utrillo",2,46856309,99.99
"vaginae",2,46856311,99.99
"vainest",2,46856313,99.99
"validations",2,46856315,99.99
"valorous",2,46856317,99.99
"valved",2,46856319,99.99
"vanquishes",2,46856321,99.99
"vantages",2,46856323,99.99
"vanuatu",2,46856325,99.99
"vectoring",2,46856327,99.99
"venerating",2,46856329,99.99
"veracious",2,46856331,99.99
"verbals",2,46856333,99.99
"veriest",2,46856335,99.99
"vesicle",2,46856337,99.99
"vestibules",2,46856339,99.99
"vexations",2,46856341,99.99
"viceroys",2,46856343,99.99
"vicissitude",2,46856345,99.99
"videocassette",2,46856347,99.99
"vignetted",2,46856349,99.99
"villainies",2,46856351,99.99
"villon",2,46856353,99.99
"violists",2,46856355,99.99
"vises",2,46856357,99.99
"vistula",2,46856359,99.99
"vitalizes",2,46856361,99.99
"vitiating",2,46856363,99.99
"vivified",2,46856365,99.99
"vixenish",2,46856367,99.99
"vocalizes",2,46856369,99.99
"voguish",2,46856371,99.99
"volubly",2,46856373,99.99
"voluptuously",2,46856375,99.99
"voluptuousness",2,46856377,99.99
"voracity",2,46856379,99.99
"vouches",2,46856381,99.99
"vouchsafing",2,46856383,99.99
"voyaged",2,46856385,99.99
"vtol",2,46856387,99.99
"wadis",2,46856389,99.99
"wakening",2,46856391,99.99
"waldheim",2,46856393,99.99
"wallenstein",2,46856395,99.99
"walloon",2,46856397,99.99
"wampum",2,46856399,99.99
"wannabee",2,46856401,99.99
"wantonness",2,46856403,99.99
"washbasin",2,46856405,99.99
"wastebaskets",2,46856407,99.99
"watchband",2,46856409,99.99
"watteau",2,46856411,99.99
"wavier",2,46856413,99.99
"wearies",2,46856415,99.99
"weariest",2,46856417,99.99
"weathercock",2,46856419,99.99
"weatherproofing",2,46856421,99.99
"wefts",2,46856423,99.99
"weightiness",2,46856425,99.99
"wellsprings",2,46856427,99.99
"wended",2,46856429,99.99
"weyden",2,46856431,99.99
"wezen",2,46856433,99.99
"whalebone",2,46856435,99.99
"whaled",2,46856437,99.99
"whinier",2,46856439,99.99
"whiniest",2,46856441,99.99
"whinnies",2,46856443,99.99
"whippings",2,46856445,99.99
"whippoorwills",2,46856447,99.99
"whirligig",2,46856449,99.99
"whitewalls",2,46856451,99.99
"whitewashes",2,46856453,99.99
"whits",2,46856455,99.99
"whitsundays",2,46856457,99.99
"whorled",2,46856459,99.99
"wideness",2,46856461,99.99
"wiliness",2,46856463,99.99
"winfred",2,46856465,99.99
"winnows",2,46856467,99.99
"winsomely",2,46856469,99.99
"wiseacres",2,46856471,99.99
"wist",2,46856473,99.99
"witticism",2,46856475,99.99
"wobblier",2,46856477,99.99
"womanizers",2,46856479,99.99
"wombles",2,46856481,99.99
"wonkiest",2,46856483,99.99
"woodcocks",2,46856485,99.99
"woodcutting",2,46856487,99.99
"woodmen",2,46856489,99.99
"wooers",2,46856491,99.99
"woofed",2,46856493,99.99
"workhouses",2,46856495,99.99
"woulds",2,46856497,99.99
"wrests",2,46856499,99.99
"wryness",2,46856501,99.99
"xerography",2,46856503,99.99
"xiongnu",2,46856505,99.99
"xuzhou",2,46856507,99.99
"xxiv",2,46856509,99.99
"yammered",2,46856511,99.99
"yekaterinburg",2,46856513,99.99
"yeomen",2,46856515,99.99
"yggdrasil",2,46856517,99.99
"yipped",2,46856519,99.99
"yodels",2,46856521,99.99
"youthfully",2,46856523,99.99
"yowls",2,46856525,99.99
"yukking",2,46856527,99.99
"zaniest",2,46856529,99.99
"zappers",2,46856531,99.99
"zeroth",2,46856533,99.99
"zippier",2,46856535,99.99
"zodiacal",2,46856537,99.99
"zygotes",2,46856539,99.99
"abase",1,46856540,99.99
"abasing",1,46856541,99.99
"abbots",1,46856542,99.99
"abbreviates",1,46856543,99.99
"abeam",1,46856544,99.99
"abets",1,46856545,99.99
"abettor",1,46856546,99.99
"abhorring",1,46856547,99.99
"abjurations",1,46856548,99.99
"abjuring",1,46856549,99.99
"abloom",1,46856550,99.99
"abominate",1,46856551,99.99
"abraded",1,46856552,99.99
"abridgment",1,46856553,99.99
"abridgments",1,46856554,99.99
"abstractedly",1,46856555,99.99
"absurdest",1,46856556,99.99
"acclaims",1,46856557,99.99
"acclimatization",1,46856558,99.99
"acclimatizing",1,46856559,99.99
"accustoms",1,46856560,99.99
"acerbity",1,46856561,99.99
"achromatic",1,46856562,99.99
"acidified",1,46856563,99.99
"aconite",1,46856564,99.99
"aconites",1,46856565,99.99
"acquirable",1,46856566,99.99
"acreages",1,46856567,99.99
"actaeon",1,46856568,99.99
"actualizes",1,46856569,99.99
"actuating",1,46856570,99.99
"adar",1,46856571,99.99
"adenoidal",1,46856572,99.99
"adjacently",1,46856573,99.99
"adjournments",1,46856574,99.99
"adjudging",1,46856575,99.99
"adjured",1,46856576,99.99
"adjutants",1,46856577,99.99
"admixtures",1,46856578,99.99
"admonitory",1,46856579,99.99
"adulterant",1,46856580,99.99
"adulterants",1,46856581,99.99
"adulterates",1,46856582,99.99
"advents",1,46856583,99.99
"aerators",1,46856584,99.99
"aeries",1,46856585,99.99
"affably",1,46856586,99.99
"affirmatives",1,46856587,99.99
"affronting",1,46856588,99.99
"afrocentrism",1,46856589,99.99
"aftertastes",1,46856590,99.99
"agglutinate",1,46856591,99.99
"aglitter",1,46856592,99.99
"agrippina",1,46856593,99.99
"ahriman",1,46856594,99.99
"ailerons",1,46856595,99.99
"ainu",1,46856596,99.99
"airdrops",1,46856597,99.99
"airfoil",1,46856598,99.99
"airfoils",1,46856599,99.99
"airiest",1,46856600,99.99
"airsick",1,46856601,99.99
"alabaman",1,46856602,99.99
"alabamian",1,46856603,99.99
"alar",1,46856604,99.99
"albigensian",1,46856605,99.99
"albs",1,46856606,99.99
"alcuin",1,46856607,99.99
"alembert",1,46856608,99.99
"aleut",1,46856609,99.99
"alga",1,46856610,99.99
"algebras",1,46856611,99.99
"alkalies",1,46856612,99.99
"allays",1,46856613,99.99
"allegros",1,46856614,99.99
"alleluias",1,46856615,99.99
"alloyed",1,46856616,99.99
"alohas",1,46856617,99.99
"altaic",1,46856618,99.99
"aludra",1,46856619,99.99
"ambassadorships",1,46856620,99.99
"ambiances",1,46856621,99.99
"ambidextrously",1,46856622,99.99
"amenhotep",1,46856623,99.99
"amerind",1,46856624,99.99
"amerinds",1,46856625,99.99
"amicability",1,46856626,99.99
"amorphously",1,46856627,99.99
"amorphousness",1,46856628,99.99
"anacreon",1,46856629,99.99
"analyzers",1,46856630,99.99
"anarchically",1,46856631,99.99
"anatomists",1,46856632,99.99
"anchorperson",1,46856633,99.99
"ancillaries",1,46856634,99.99
"andromache",1,46856635,99.99
"andropov",1,46856636,99.99
"anesthetists",1,46856637,99.99
"angiosperms",1,46856638,99.99
"anguishes",1,46856639,99.99
"ankhs",1,46856640,99.99
"anopheles",1,46856641,99.99
"antedated",1,46856642,99.99
"antedates",1,46856643,99.99
"anteing",1,46856644,99.99
"anthills",1,46856645,99.99
"anthologist",1,46856646,99.99
"anthologists",1,46856647,99.99
"anthropocene",1,46856648,99.99
"antipas",1,46856649,99.99
"antipastos",1,46856650,99.99
"antipathetic",1,46856651,99.99
"antipathies",1,46856652,99.99
"antiquarians",1,46856653,99.99
"antiquate",1,46856654,99.99
"antithetically",1,46856655,99.99
"anzus",1,46856656,99.99
"apexes",1,46856657,99.99
"aphasic",1,46856658,99.99
"aphasics",1,46856659,99.99
"appendectomies",1,46856660,99.99
"appendixes",1,46856661,99.99
"appertained",1,46856662,99.99
"appraises",1,46856663,99.99
"apprehensiveness",1,46856664,99.99
"apprising",1,46856665,99.99
"approbations",1,46856666,99.99
"apuleius",1,46856667,99.99
"aquaplaned",1,46856668,99.99
"aquaplaning",1,46856669,99.99
"arborvitaes",1,46856670,99.99
"archaically",1,46856671,99.99
"archaism",1,46856672,99.99
"archaisms",1,46856673,99.99
"archdeacons",1,46856674,99.99
"argyles",1,46856675,99.99
"ariosto",1,46856676,99.99
"arizonian",1,46856677,99.99
"arizonians",1,46856678,99.99
"arkansan",1,46856679,99.99
"arkwright",1,46856680,99.99
"armadas",1,46856681,99.99
"arminius",1,46856682,99.99
"arnulfo",1,46856683,99.99
"arraign",1,46856684,99.99
"arraying",1,46856685,99.99
"artificers",1,46856686,99.99
"ascendants",1,46856687,99.99
"ashmolean",1,46856688,99.99
"asmara",1,46856689,99.99
"asperities",1,46856690,99.99
"aspirates",1,46856691,99.99
"assamese",1,46856692,99.99
"assignation",1,46856693,99.99
"assizes",1,46856694,99.99
"asterisking",1,46856695,99.99
"attenuates",1,46856696,99.99
"attenuating",1,46856697,99.99
"attitudinizing",1,46856698,99.99
"attributives",1,46856699,99.99
"attunes",1,46856700,99.99
"audaciousness",1,46856701,99.99
"auks",1,46856702,99.99
"auriga",1,46856703,99.99
"auspice",1,46856704,99.99
"auspiciousness",1,46856705,99.99
"austronesian",1,46856706,99.99
"autocratically",1,46856707,99.99
"avernus",1,46856708,99.99
"aviatrix",1,46856709,99.99
"avicenna",1,46856710,99.99
"avogadro",1,46856711,99.99
"avows",1,46856712,99.99
"awfuller",1,46856713,99.99
"aztecan",1,46856714,99.99
"baaing",1,46856715,99.99
"babbler",1,46856716,99.99
"bacchanals",1,46856717,99.99
"bacilli",1,46856718,99.99
"backbiter",1,46856719,99.99
"backbiters",1,46856720,99.99
"backsliders",1,46856721,99.99
"backslides",1,46856722,99.99
"backstopping",1,46856723,99.99
"backstroking",1,46856724,99.99
"bacteriologist",1,46856725,99.99
"badmouths",1,46856726,99.99
"bahamians",1,46856727,99.99
"baize",1,46856728,99.99
"balded",1,46856729,99.99
"balds",1,46856730,99.99
"balsams",1,46856731,99.99
"balsas",1,46856732,99.99
"balusters",1,46856733,99.99
"bandies",1,46856734,99.99
"banjarmasin",1,46856735,99.99
"bankbook",1,46856736,99.99
"baobabs",1,46856737,99.99
"baptistery",1,46856738,99.99
"barbarously",1,46856739,99.99
"barberries",1,46856740,99.99
"barnstorms",1,46856741,99.99
"bartholdi",1,46856742,99.99
"basilicas",1,46856743,99.99
"bassos",1,46856744,99.99
"bawdiest",1,46856745,99.99
"bayoneting",1,46856746,99.99
"beatifies",1,46856747,99.99
"beautifiers",1,46856748,99.99
"bedazzles",1,46856749,99.99
"bedfellow",1,46856750,99.99
"beechnuts",1,46856751,99.99
"beefburger",1,46856752,99.99
"beelines",1,46856753,99.99
"beerbohm",1,46856754,99.99
"beetled",1,46856755,99.99
"beetling",1,46856756,99.99
"beeves",1,46856757,99.99
"befogged",1,46856758,99.99
"befouling",1,46856759,99.99
"belays",1,46856760,99.99
"beleaguering",1,46856761,99.99
"belfries",1,46856762,99.99
"belligerency",1,46856763,99.99
"belligerents",1,46856764,99.99
"beltways",1,46856765,99.99
"bemuses",1,46856766,99.99
"benacerraf",1,46856767,99.99
"benefactions",1,46856768,99.99
"benefactress",1,46856769,99.99
"benefice",1,46856770,99.99
"beneficently",1,46856771,99.99
"benumb",1,46856772,99.99
"benzedrine",1,46856773,99.99
"bequeaths",1,46856774,99.99
"bereaving",1,46856775,99.99
"beriberi",1,46856776,99.99
"berlins",1,46856777,99.99
"berrying",1,46856778,99.99
"bertelsmann",1,46856779,99.99
"beryls",1,46856780,99.99
"berzelius",1,46856781,99.99
"besiegers",1,46856782,99.99
"besmirches",1,46856783,99.99
"besought",1,46856784,99.99
"bessel",1,46856785,99.99
"bestir",1,46856786,99.99
"bestirred",1,46856787,99.99
"bethe",1,46856788,99.99
"bethought",1,46856789,99.99
"betoken",1,46856790,99.99
"betokening",1,46856791,99.99
"betokens",1,46856792,99.99
"betook",1,46856793,99.99
"betroth",1,46856794,99.99
"beveling",1,46856795,99.99
"bewailing",1,46856796,99.99
"bewares",1,46856797,99.99
"bewaring",1,46856798,99.99
"bewitches",1,46856799,99.99
"biasing",1,46856800,99.99
"bibliographers",1,46856801,99.99
"bibulous",1,46856802,99.99
"bicuspid",1,46856803,99.99
"bidirectional",1,46856804,99.99
"biffing",1,46856805,99.99
"biffs",1,46856806,99.99
"bifurcate",1,46856807,99.99
"bifurcating",1,46856808,99.99
"bights",1,46856809,99.99
"bigmouths",1,46856810,99.99
"binderies",1,46856811,99.99
"binomial",1,46856812,99.99
"biochemists",1,46856813,99.99
"biospheres",1,46856814,99.99
"bipartite",1,46856815,99.99
"birdbrained",1,46856816,99.99
"birthplaces",1,46856817,99.99
"bishopric",1,46856818,99.99
"bishoprics",1,46856819,99.99
"bitnet",1,46856820,99.99
"bitterns",1,46856821,99.99
"bivouacked",1,46856822,99.99
"blabbermouths",1,46856823,99.99
"blabs",1,46856824,99.99
"blackballing",1,46856825,99.99
"blackens",1,46856826,99.99
"blackguard",1,46856827,99.99
"blackguards",1,46856828,99.99
"blackshirt",1,46856829,99.99
"blacktops",1,46856830,99.99
"blandishment",1,46856831,99.99
"blanker",1,46856832,99.99
"blarneys",1,46856833,99.99
"blasphemes",1,46856834,99.99
"blasphemously",1,46856835,99.99
"blemishing",1,46856836,99.99
"blobbed",1,46856837,99.99
"blockhouse",1,46856838,99.99
"blondest",1,46856839,99.99
"blondness",1,46856840,99.99
"bloodmobile",1,46856841,99.99
"bloodstreams",1,46856842,99.99
"bloodthirstiest",1,46856843,99.99
"bloodthirstiness",1,46856844,99.99
"blotching",1,46856845,99.99
"bloused",1,46856846,99.99
"blowguns",1,46856847,99.99
"blowzy",1,46856848,99.99
"bluebottle",1,46856849,99.99
"bluebottles",1,46856850,99.99
"bluenoses",1,46856851,99.99
"blueprinting",1,46856852,99.99
"blunderer",1,46856853,99.99
"blusters",1,46856854,99.99
"boastfulness",1,46856855,99.99
"bobolink",1,46856856,99.99
"bobsleds",1,46856857,99.99
"bobtail",1,46856858,99.99
"boccaccio",1,46856859,99.99
"bodhidharma",1,46856860,99.99
"bodkin",1,46856861,99.99
"bodkins",1,46856862,99.99
"boggiest",1,46856863,99.99
"boink",1,46856864,99.99
"boisterousness",1,46856865,99.99
"bolas",1,46856866,99.99
"bombardiers",1,46856867,99.99
"bonged",1,46856868,99.99
"bonier",1,46856869,99.99
"boniest",1,46856870,99.99
"boodle",1,46856871,99.99
"boodles",1,46856872,99.99
"bootless",1,46856873,99.99
"booziest",1,46856874,99.99
"bordon",1,46856875,99.99
"boreas",1,46856876,99.99
"borgs",1,46856877,99.99
"bossiest",1,46856878,99.99
"bounden",1,46856879,99.99
"bounders",1,46856880,99.99
"bowstrings",1,46856881,99.99
"brahe",1,46856882,99.99
"braining",1,46856883,99.99
"brassieres",1,46856884,99.99
"brattain",1,46856885,99.99
"brattier",1,46856886,99.99
"brattiest",1,46856887,99.99
"brays",1,46856888,99.99
"breadbaskets",1,46856889,99.99
"breadths",1,46856890,99.99
"breakwaters",1,46856891,99.99
"breaststrokes",1,46856892,99.99
"breastwork",1,46856893,99.99
"breathiest",1,46856894,99.99
"bridegrooms",1,46856895,99.99
"bridgeheads",1,46856896,99.99
"brindled",1,46856897,99.99
"brisked",1,46856898,99.99
"briskest",1,46856899,99.99
"briskness",1,46856900,99.99
"britisher",1,46856901,99.99
"brittler",1,46856902,99.99
"broadsiding",1,46856903,99.99
"brownshirt",1,46856904,99.99
"brunched",1,46856905,99.99
"brusqueness",1,46856906,99.99
"brutishly",1,46856907,99.99
"bucketfuls",1,46856908,99.99
"buckram",1,46856909,99.99
"bucktoothed",1,46856910,99.99
"budgerigar",1,46856911,99.99
"budgerigars",1,46856912,99.99
"bulfinch",1,46856913,99.99
"bulganin",1,46856914,99.99
"bulldogging",1,46856915,99.99
"bulletproofing",1,46856916,99.99
"bullrings",1,46856917,99.99
"bumblers",1,46856918,99.99
"bumpiest",1,46856919,99.99
"bumppo",1,46856920,99.99
"bureaucratically",1,46856921,99.99
"burgeon",1,46856922,99.99
"burgeons",1,46856923,99.99
"burglarizes",1,46856924,99.99
"burgles",1,46856925,99.99
"burgling",1,46856926,99.99
"burlesqued",1,46856927,99.99
"burlesques",1,46856928,99.99
"burlesquing",1,46856929,99.99
"burliest",1,46856930,99.99
"burnishes",1,46856931,99.99
"burnoose",1,46856932,99.99
"burred",1,46856933,99.99
"bushiest",1,46856934,99.99
"bushing",1,46856935,99.99
"bushwhack",1,46856936,99.99
"butcheries",1,46856937,99.99
"butches",1,46856938,99.99
"butterflying",1,46856939,99.99
"buzzkills",1,46856940,99.99
"bywords",1,46856941,99.99
"cabbed",1,46856942,99.99
"cabbing",1,46856943,99.99
"cablecast",1,46856944,99.99
"cacophonies",1,46856945,99.99
"cadged",1,46856946,99.99
"cagier",1,46856947,99.99
"cajoles",1,46856948,99.99
"calcify",1,46856949,99.99
"calcine",1,46856950,99.99
"calculi",1,46856951,99.99
"calibrates",1,46856952,99.99
"calked",1,46856953,99.99
"calligraphers",1,46856954,99.99
"callousing",1,46856955,99.99
"cambered",1,46856956,99.99
"cambers",1,46856957,99.99
"camelopardalis",1,46856958,99.99
"camemberts",1,46856959,99.99
"cameroons",1,46856960,99.99
"camouflages",1,46856961,99.99
"cannier",1,46856962,99.99
"canonizing",1,46856963,99.99
"canticles",1,46856964,99.99
"canvasing",1,46856965,99.99
"capaciously",1,46856966,99.99
"caparison",1,46856967,99.99
"caparisoned",1,46856968,99.99
"capered",1,46856969,99.99
"capet",1,46856970,99.99
"capitulates",1,46856971,99.99
"capitulations",1,46856972,99.99
"capsizes",1,46856973,99.99
"capsuled",1,46856974,99.99
"captaincies",1,46856975,99.99
"caracalla",1,46856976,99.99
"carboniferous",1,46856977,99.99
"carbons",1,46856978,99.99
"caribous",1,46856979,99.99
"carjacks",1,46856980,99.99
"carnap",1,46856981,99.99
"caroler",1,46856982,99.99
"carolingian",1,46856983,99.99
"carousal",1,46856984,99.99
"carousals",1,46856985,99.99
"carouses",1,46856986,99.99
"carpals",1,46856987,99.99
"carpentered",1,46856988,99.99
"carpetbags",1,46856989,99.99
"carpi",1,46856990,99.99
"cartilaginous",1,46856991,99.99
"cartwheeled",1,46856992,99.99
"casals",1,46856993,99.99
"cashiering",1,46856994,99.99
"casseroled",1,46856995,99.99
"casseroling",1,46856996,99.99
"cassias",1,46856997,99.99
"castries",1,46856998,99.99
"catafalque",1,46856999,99.99
"cataleptic",1,46857000,99.99
"catalysis",1,46857001,99.99
"catcalled",1,46857002,99.99
"catchalls",1,46857003,99.99
"catchwords",1,46857004,99.99
"catechisms",1,46857005,99.99
"caterwaul",1,46857006,99.99
"caterwauled",1,46857007,99.99
"catfishes",1,46857008,99.99
"catiline",1,46857009,99.99
"cauchy",1,46857010,99.99
"caustics",1,46857011,99.99
"cautiousness",1,46857012,99.99
"cavalcades",1,46857013,99.99
"cavils",1,46857014,99.99
"cawed",1,46857015,99.99
"celibates",1,46857016,99.99
"cenotaphs",1,46857017,99.99
"centimes",1,46857018,99.99
"centrifuged",1,46857019,99.99
"cerenkov",1,46857020,99.99
"cessions",1,46857021,99.99
"cetus",1,46857022,99.99
"chaffinches",1,46857023,99.99
"chaffs",1,46857024,99.99
"chainsawing",1,46857025,99.99
"chaises",1,46857026,99.99
"chaitanya",1,46857027,99.99
"chamberlains",1,46857028,99.99
"champed",1,46857029,99.99
"chancelleries",1,46857030,99.99
"chancier",1,46857031,99.99
"chantey",1,46857032,99.99
"chanticleers",1,46857033,99.99
"chaplaincies",1,46857034,99.99
"charbroil",1,46857035,99.99
"chartism",1,46857036,99.99
"charwoman",1,46857037,99.99
"chaster",1,46857038,99.99
"chastest",1,46857039,99.99
"chatterer",1,46857040,99.99
"chatterers",1,46857041,99.99
"chattily",1,46857042,99.99
"chattiness",1,46857043,99.99
"checkmates",1,46857044,99.99
"cheekiest",1,46857045,99.99
"cheeps",1,46857046,99.99
"cheerlessness",1,46857047,99.99
"chemises",1,46857048,99.99
"cheops",1,46857049,99.99
"cheroot",1,46857050,99.99
"chibcha",1,46857051,99.99
"chicaneries",1,46857052,99.99
"chichis",1,46857053,99.99
"chiggers",1,46857054,99.99
"childbirths",1,46857055,99.99
"childproofing",1,46857056,99.99
"chinking",1,46857057,99.99
"chiropodist",1,46857058,99.99
"chirrup",1,46857059,99.99
"chirruped",1,46857060,99.99
"chiselers",1,46857061,99.99
"chitchatted",1,46857062,99.99
"chivalrously",1,46857063,99.99
"chlorides",1,46857064,99.99
"chlorinating",1,46857065,99.99
"chlorination",1,46857066,99.99
"chocks",1,46857067,99.99
"choleric",1,46857068,99.99
"choosiest",1,46857069,99.99
"choppered",1,46857070,99.99
"choppering",1,46857071,99.99
"choppiest",1,46857072,99.99
"choppily",1,46857073,99.99
"chroming",1,46857074,99.99
"chumminess",1,46857075,99.99
"chunkiness",1,46857076,99.99
"chuvash",1,46857077,99.99
"ciabattas",1,46857078,99.99
"cimabue",1,46857079,99.99
"cindered",1,46857080,99.99
"ciphered",1,46857081,99.99
"circlets",1,46857082,99.99
"circuitously",1,46857083,99.99
"circumflex",1,46857084,99.99
"circumlocution",1,46857085,99.99
"circumnavigations",1,46857086,99.99
"circumscription",1,46857087,99.99
"civilities",1,46857088,99.99
"civilizes",1,46857089,99.99
"clacked",1,46857090,99.99
"clapboards",1,46857091,99.99
"clapeyron",1,46857092,99.99
"clarets",1,46857093,99.99
"clatters",1,46857094,99.99
"clavichord",1,46857095,99.99
"clematises",1,46857096,99.99
"clergywoman",1,46857097,99.99
"clinchers",1,46857098,99.99
"clinkers",1,46857099,99.99
"clodhoppers",1,46857100,99.99
"cloistering",1,46857101,99.99
"closeting",1,46857102,99.99
"clotho",1,46857103,99.99
"clownishness",1,46857104,99.99
"cloyed",1,46857105,99.99
"cluing",1,46857106,99.99
"coachmen",1,46857107,99.99
"coaled",1,46857108,99.99
"coarsest",1,46857109,99.99
"cockades",1,46857110,99.99
"cockfights",1,46857111,99.99
"cockleshell",1,46857112,99.99
"cods",1,46857113,99.99
"coeducation",1,46857114,99.99
"coffeepot",1,46857115,99.99
"cogitates",1,46857116,99.99
"coinages",1,46857117,99.99
"collocate",1,46857118,99.99
"collocating",1,46857119,99.99
"colloquiums",1,46857120,99.99
"colludes",1,46857121,99.99
"colones",1,46857122,99.99
"combustibility",1,46857123,99.99
"commandants",1,46857124,99.99
"commentates",1,46857125,99.99
"commercializes",1,46857126,99.99
"communiques",1,46857127,99.99
"compassing",1,46857128,99.99
"compatibles",1,46857129,99.99
"compatibly",1,46857130,99.99
"complacence",1,46857131,99.99
"complaisance",1,46857132,99.99
"completest",1,46857133,99.99
"comprehensions",1,46857134,99.99
"compulsiveness",1,46857135,99.99
"computerizes",1,46857136,99.99
"computerizing",1,46857137,99.99
"concatenate",1,46857138,99.99
"concatenated",1,46857139,99.99
"conclaves",1,46857140,99.99
"condemnatory",1,46857141,99.99
"condensers",1,46857142,99.99
"conduces",1,46857143,99.99
"conestoga",1,46857144,99.99
"confabbed",1,46857145,99.99
"confederacies",1,46857146,99.99
"confessedly",1,46857147,99.99
"confluences",1,46857148,99.99
"confluent",1,46857149,99.99
"confucians",1,46857150,99.99
"congest",1,46857151,99.99
"conglomerated",1,46857152,99.99
"congruity",1,46857153,99.99
"conic",1,46857154,99.99
"conjoining",1,46857155,99.99
"conjoins",1,46857156,99.99
"conjoint",1,46857157,99.99
"conking",1,46857158,99.99
"connivers",1,46857159,99.99
"connotative",1,46857160,99.99
"conscripting",1,46857161,99.99
"consecrations",1,46857162,99.99
"consensuses",1,46857163,99.99
"consing",1,46857164,99.99
"contagions",1,46857165,99.99
"contemptibly",1,46857166,99.99
"contenting",1,46857167,99.99
"contentiously",1,46857168,99.99
"contrail",1,46857169,99.99
"contraventions",1,46857170,99.99
"controverted",1,46857171,99.99
"controverts",1,46857172,99.99
"contumacious",1,46857173,99.99
"contumely",1,46857174,99.99
"conurbations",1,46857175,99.99
"convalescents",1,46857176,99.99
"convalesces",1,46857177,99.99
"convexity",1,46857178,99.99
"convoked",1,46857179,99.99
"copulates",1,46857180,99.99
"copycatted",1,46857181,99.99
"coquettes",1,46857182,99.99
"cordilleras",1,46857183,99.99
"corespondents",1,46857184,99.99
"corkscrewing",1,46857185,99.99
"corms",1,46857186,99.99
"corncobs",1,46857187,99.99
"corneille",1,46857188,99.99
"cornstalk",1,46857189,99.99
"cornstalks",1,46857190,99.99
"correcter",1,46857191,99.99
"correctest",1,46857192,99.99
"corroborative",1,46857193,99.99
"corrosives",1,46857194,99.99
"corruptness",1,46857195,99.99
"corseting",1,46857196,99.99
"cortices",1,46857197,99.99
"coruscate",1,46857198,99.99
"cosigns",1,46857199,99.99
"cosmologies",1,46857200,99.99
"coteries",1,46857201,99.99
"cotillions",1,46857202,99.99
"cottoning",1,46857203,99.99
"cottonmouths",1,46857204,99.99
"countenances",1,46857205,99.99
"countenancing",1,46857206,99.99
"counterattacking",1,46857207,99.99
"counterespionage",1,46857208,99.99
"countermand",1,46857209,99.99
"countermanding",1,46857210,99.99
"counteroffers",1,46857211,99.99
"countersink",1,46857212,99.99
"countertenors",1,46857213,99.99
"countesses",1,46857214,99.99
"courser",1,46857215,99.99
"courtliness",1,46857216,99.99
"courtships",1,46857217,99.99
"covenanting",1,46857218,99.99
"cowhand",1,46857219,99.99
"cowhands",1,46857220,99.99
"cowlings",1,46857221,99.99
"cowpuncher",1,46857222,99.99
"cozen",1,46857223,99.99
"crankcase",1,46857224,99.99
"crankcases",1,46857225,99.99
"crawlspaces",1,46857226,99.99
"crayolas",1,46857227,99.99
"creakier",1,46857228,99.99
"creakiest",1,46857229,99.99
"crecy",1,46857230,99.99
"credulously",1,46857231,99.99
"creels",1,46857232,99.99
"crematories",1,46857233,99.99
"creosoted",1,46857234,99.99
"cricked",1,46857235,99.99
"cricking",1,46857236,99.99
"crimsons",1,46857237,99.99
"crosschecking",1,46857238,99.99
"crosschecks",1,46857239,99.99
"crossfires",1,46857240,99.99
"crossness",1,46857241,99.99
"crosspiece",1,46857242,99.99
"croupier",1,46857243,99.99
"croupiers",1,46857244,99.99
"crts",1,46857245,99.99
"crucifies",1,46857246,99.99
"crudities",1,46857247,99.99
"cruet",1,46857248,99.99
"cruets",1,46857249,99.99
"cruller",1,46857250,99.99
"crumbing",1,46857251,99.99
"crumblier",1,46857252,99.99
"crummiest",1,46857253,99.99
"crustier",1,46857254,99.99
"cryptogram",1,46857255,99.99
"csonka",1,46857256,99.99
"cubing",1,46857257,99.99
"cubists",1,46857258,99.99
"cuchulain",1,46857259,99.99
"cudgeled",1,46857260,99.99
"cuds",1,46857261,99.99
"culminations",1,46857262,99.99
"curlicued",1,46857263,99.99
"curliest",1,46857264,99.99
"curliness",1,46857265,99.99
"cursors",1,46857266,99.99
"curtailments",1,46857267,99.99
"curtaining",1,46857268,99.99
"curter",1,46857269,99.99
"curtness",1,46857270,99.99
"cushiest",1,46857271,99.99
"cutup",1,46857272,99.99
"cuvier",1,46857273,99.99
"cyclades",1,46857274,99.99
"cyclamens",1,46857275,99.99
"cyclotron",1,46857276,99.99
"czarinas",1,46857277,99.99
"dachas",1,46857278,99.99
"dadoes",1,46857279,99.99
"daffiest",1,46857280,99.99
"dafter",1,46857281,99.99
"daftest",1,46857282,99.99
"dairymaids",1,46857283,99.99
"dampest",1,46857284,99.99
"damply",1,46857285,99.99
"dandles",1,46857286,99.99
"dankest",1,46857287,99.99
"dardanelles",1,46857288,99.99
"darvon",1,46857289,99.99
"dative",1,46857290,99.99
"datives",1,46857291,99.99
"daumier",1,46857292,99.99
"davit",1,46857293,99.99
"daydreamers",1,46857294,99.99
"deathbeds",1,46857295,99.99
"debark",1,46857296,99.99
"debarkation",1,46857297,99.99
"debarking",1,46857298,99.99
"debarred",1,46857299,99.99
"debases",1,46857300,99.99
"debauching",1,46857301,99.99
"debiting",1,46857302,99.99
"debriefs",1,46857303,99.99
"debuggers",1,46857304,99.99
"decadents",1,46857305,99.99
"decaffeinate",1,46857306,99.99
"decamps",1,46857307,99.99
"decants",1,46857308,99.99
"decapitates",1,46857309,99.99
"decelerates",1,46857310,99.99
"decencies",1,46857311,99.99
"deceptiveness",1,46857312,99.99
"declaim",1,46857313,99.99
"declassifying",1,46857314,99.99
"declension",1,46857315,99.99
"declensions",1,46857316,99.99
"decolonized",1,46857317,99.99
"decoyed",1,46857318,99.99
"decremented",1,46857319,99.99
"decs",1,46857320,99.99
"deducible",1,46857321,99.99
"defaces",1,46857322,99.99
"defaulter",1,46857323,99.99
"defeatists",1,46857324,99.99
"defoliated",1,46857325,99.99
"deforesting",1,46857326,99.99
"defrauds",1,46857327,99.99
"defrayal",1,46857328,99.99
"defrayed",1,46857329,99.99
"deftest",1,46857330,99.99
"dehumanizes",1,46857331,99.99
"deiced",1,46857332,99.99
"deject",1,46857333,99.99
"dejecting",1,46857334,99.99
"delawareans",1,46857335,99.99
"deleverage",1,46857336,99.99
"delimiters",1,46857337,99.99
"delmer",1,46857338,99.99
"delphiniums",1,46857339,99.99
"delphinus",1,46857340,99.99
"deluging",1,46857341,99.99
"demagnetize",1,46857342,99.99
"demagogy",1,46857343,99.99
"demesnes",1,46857344,99.99
"demilitarize",1,46857345,99.99
"demising",1,46857346,99.99
"demoniac",1,46857347,99.99
"demoralizes",1,46857348,99.99
"denature",1,46857349,99.99
"denatures",1,46857350,99.99
"denebola",1,46857351,99.99
"denouements",1,46857352,99.99
"denouncement",1,46857353,99.99
"denudes",1,46857354,99.99
"deodorizers",1,46857355,99.99
"departmentalizing",1,46857356,99.99
"depilatories",1,46857357,99.99
"depilatory",1,46857358,99.99
"depoliticized",1,46857359,99.99
"depoliticizing",1,46857360,99.99
"depopulating",1,46857361,99.99
"deprave",1,46857362,99.99
"deputations",1,46857363,99.99
"deputing",1,46857364,99.99
"deputizes",1,46857365,99.99
"deputizing",1,46857366,99.99
"deranges",1,46857367,99.99
"deranging",1,46857368,99.99
"derogate",1,46857369,99.99
"derogation",1,46857370,99.99
"derringers",1,46857371,99.99
"desalinated",1,46857372,99.99
"desalinates",1,46857373,99.99
"descant",1,46857374,99.99
"descanting",1,46857375,99.99
"descender",1,46857376,99.99
"descry",1,46857377,99.99
"desecrates",1,46857378,99.99
"desiccating",1,46857379,99.99
"desideratum",1,46857380,99.99
"desirably",1,46857381,99.99
"desisting",1,46857382,99.99
"desists",1,46857383,99.99
"desolateness",1,46857384,99.99
"despairingly",1,46857385,99.99
"detesting",1,46857386,99.99
"detoxes",1,46857387,99.99
"deviling",1,46857388,99.99
"devoutness",1,46857389,99.99
"dewier",1,46857390,99.99
"dewlap",1,46857391,99.99
"dexedrine",1,46857392,99.99
"diacritic",1,46857393,99.99
"dialectal",1,46857394,99.99
"diametrical",1,46857395,99.99
"diarists",1,46857396,99.99
"diatom",1,46857397,99.99
"dibbles",1,46857398,99.99
"diciest",1,46857399,99.99
"diefenbaker",1,46857400,99.99
"dieted",1,46857401,99.99
"diffing",1,46857402,99.99
"digestions",1,46857403,99.99
"digitizes",1,46857404,99.99
"dignifying",1,46857405,99.99
"digraphs",1,46857406,99.99
"diked",1,46857407,99.99
"diking",1,46857408,99.99
"dilettantism",1,46857409,99.99
"dillydally",1,46857410,99.99
"dillydallying",1,46857411,99.99
"diminutives",1,46857412,99.99
"dingier",1,46857413,99.99
"dinnering",1,46857414,99.99
"diophantine",1,46857415,99.99
"dipsomania",1,46857416,99.99
"dirac",1,46857417,99.99
"directorates",1,46857418,99.99
"disabusing",1,46857419,99.99
"disagreeably",1,46857420,99.99
"disarranging",1,46857421,99.99
"disarrayed",1,46857422,99.99
"discoing",1,46857423,99.99
"discomfit",1,46857424,99.99
"discomfits",1,46857425,99.99
"discomforted",1,46857426,99.99
"disconnections",1,46857427,99.99
"discontinuance",1,46857428,99.99
"discontinuations",1,46857429,99.99
"discouragements",1,46857430,99.99
"discourteously",1,46857431,99.99
"discourtesy",1,46857432,99.99
"disembarks",1,46857433,99.99
"disembodies",1,46857434,99.99
"disembodying",1,46857435,99.99
"disenchant",1,46857436,99.99
"disencumber",1,46857437,99.99
"disentangles",1,46857438,99.99
"disestablishing",1,46857439,99.99
"disfigure",1,46857440,99.99
"disfranchised",1,46857441,99.99
"disgruntle",1,46857442,99.99
"dishpan",1,46857443,99.99
"dishpans",1,46857444,99.99
"disinherits",1,46857445,99.99
"disinter",1,46857446,99.99
"disinterests",1,46857447,99.99
"disjointedly",1,46857448,99.99
"disjointing",1,46857449,99.99
"dislodges",1,46857450,99.99
"dismays",1,46857451,99.99
"disobliging",1,46857452,99.99
"disorderliness",1,46857453,99.99
"disorganizing",1,46857454,99.99
"disowns",1,46857455,99.99
"disport",1,46857456,99.99
"disporting",1,46857457,99.99
"disproof",1,46857458,99.99
"disproportions",1,46857459,99.99
"disputatious",1,46857460,99.99
"disrobes",1,46857461,99.99
"dissembles",1,46857462,99.99
"dissuasion",1,46857463,99.99
"distaffs",1,46857464,99.99
"distorter",1,46857465,99.99
"distrait",1,46857466,99.99
"distressful",1,46857467,99.99
"distrustfully",1,46857468,99.99
"divans",1,46857469,99.99
"divests",1,46857470,99.99
"dizzied",1,46857471,99.99
"dizziest",1,46857472,99.99
"docketed",1,46857473,99.99
"dockyards",1,46857474,99.99
"doddered",1,46857475,99.99
"dodgier",1,46857476,99.99
"dolloping",1,46857477,99.99
"dolmen",1,46857478,99.99
"domesday",1,46857479,99.99
"domesticates",1,46857480,99.99
"doodlers",1,46857481,99.99
"dopier",1,46857482,99.99
"dories",1,46857483,99.99
"dotcoms",1,46857484,99.99
"doublets",1,46857485,99.99
"doweling",1,46857486,99.99
"downswings",1,46857487,99.99
"dowsed",1,46857488,99.99
"doxologies",1,46857489,99.99
"doyens",1,46857490,99.99
"draftier",1,46857491,99.99
"draftiness",1,46857492,99.99
"dragnets",1,46857493,99.99
"drainpipes",1,46857494,99.99
"drearily",1,46857495,99.99
"dressiness",1,46857496,99.99
"dribblers",1,46857497,99.99
"drollery",1,46857498,99.99
"drollest",1,46857499,99.99
"drowsing",1,46857500,99.99
"drub",1,46857501,99.99
"drubbings",1,46857502,99.99
"drudging",1,46857503,99.99
"dubhe",1,46857504,99.99
"ducat",1,46857505,99.99
"duckbill",1,46857506,99.99
"ductile",1,46857507,99.99
"dumbfounds",1,46857508,99.99
"dumbwaiters",1,46857509,99.99
"dumpier",1,46857510,99.99
"dunant",1,46857511,99.99
"dunged",1,46857512,99.99
"dungs",1,46857513,99.99
"duodenal",1,46857514,99.99
"duplicators",1,46857515,99.99
"durhams",1,46857516,99.99
"dustmen",1,46857517,99.99
"dyestuff",1,46857518,99.99
"dzerzhinsky",1,46857519,99.99
"earline",1,46857520,99.99
"earmuff",1,46857521,99.99
"earnestine",1,46857522,99.99
"earthed",1,46857523,99.99
"earthshaking",1,46857524,99.99
"ecclesiastics",1,46857525,99.99
"eclectics",1,46857526,99.99
"economizes",1,46857527,99.99
"ecumenically",1,46857528,99.99
"eerier",1,46857529,99.99
"effectuated",1,46857530,99.99
"effervesces",1,46857531,99.99
"effulgent",1,46857532,99.99
"effusiveness",1,46857533,99.99
"egalitarians",1,46857534,99.99
"ehrenberg",1,46857535,99.99
"eider",1,46857536,99.99
"eightieth",1,46857537,99.99
"elbowroom",1,46857538,99.99
"elbrus",1,46857539,99.99
"electrocardiograph",1,46857540,99.99
"electrocutions",1,46857541,99.99
"electroencephalogram",1,46857542,99.99
"electroplated",1,46857543,99.99
"electroplating",1,46857544,99.99
"electrostatic",1,46857545,99.99
"elides",1,46857546,99.99
"eliding",1,46857547,99.99
"elliptic",1,46857548,99.99
"elnora",1,46857549,99.99
"eltanin",1,46857550,99.99
"embittering",1,46857551,99.99
"emendations",1,46857552,99.99
"emended",1,46857553,99.99
"eminences",1,46857554,99.99
"emirs",1,46857555,99.99
"emoluments",1,46857556,99.99
"enamor",1,46857557,99.99
"enchantresses",1,46857558,99.99
"encoring",1,46857559,99.99
"encrust",1,46857560,99.99
"encumbering",1,46857561,99.99
"endue",1,46857562,99.99
"enervate",1,46857563,99.99
"enervation",1,46857564,99.99
"enfranchises",1,46857565,99.99
"engorges",1,46857566,99.99
"engravers",1,46857567,99.99
"engraves",1,46857568,99.99
"engrosses",1,46857569,99.99
"eniwetok",1,46857570,99.99
"enormousness",1,46857571,99.99
"enraptures",1,46857572,99.99
"ensconces",1,46857573,99.99
"enshrouds",1,46857574,99.99
"enthroning",1,46857575,99.99
"entraps",1,46857576,99.99
"entreats",1,46857577,99.99
"entrenches",1,46857578,99.99
"entwines",1,46857579,99.99
"enumerable",1,46857580,99.99
"enumerations",1,46857581,99.99
"envelopment",1,46857582,99.99
"epaulet",1,46857583,99.99
"epicures",1,46857584,99.99
"episcopate",1,46857585,99.99
"epoxied",1,46857586,99.99
"equestriennes",1,46857587,99.99
"equivocates",1,46857588,99.99
"erectness",1,46857589,99.99
"erratum",1,46857590,99.99
"erythrocyte",1,46857591,99.99
"escarpments",1,46857592,99.99
"escutcheon",1,46857593,99.99
"esoterically",1,46857594,99.99
"espies",1,46857595,99.99
"esquires",1,46857596,99.99
"etchers",1,46857597,99.99
"etymologies",1,46857598,99.99
"etymologist",1,46857599,99.99
"etymologists",1,46857600,99.99
"eurasians",1,46857601,99.99
"eurodollar",1,46857602,99.99
"eurodollars",1,46857603,99.99
"evasively",1,46857604,99.99
"eventfulness",1,46857605,99.99
"eventuated",1,46857606,99.99
"everglade",1,46857607,99.99
"everlastings",1,46857608,99.99
"evildoer",1,46857609,99.99
"ewer",1,46857610,99.99
"exactingly",1,46857611,99.99
"excellencies",1,46857612,99.99
"excerpting",1,46857613,99.99
"excisions",1,46857614,99.99
"excoriates",1,46857615,99.99
"exemplifications",1,46857616,99.99
"exhilarate",1,46857617,99.99
"exhumes",1,46857618,99.99
"exigency",1,46857619,99.99
"exorcists",1,46857620,99.99
"expansionists",1,46857621,99.99
"expatiate",1,46857622,99.99
"expectorant",1,46857623,99.99
"expectorate",1,46857624,99.99
"expectorating",1,46857625,99.99
"expediencies",1,46857626,99.99
"expediter",1,46857627,99.99
"expediters",1,46857628,99.99
"explicitness",1,46857629,99.99
"exponentiation",1,46857630,99.99
"expostulating",1,46857631,99.99
"expressible",1,46857632,99.99
"expropriates",1,46857633,99.99
"expurgated",1,46857634,99.99
"expurgation",1,46857635,99.99
"extempore",1,46857636,99.99
"extemporized",1,46857637,99.99
"extensional",1,46857638,99.99
"extenuate",1,46857639,99.99
"extenuates",1,46857640,99.99
"extenuation",1,46857641,99.99
"extirpating",1,46857642,99.99
"extradites",1,46857643,99.99
"extricates",1,46857644,99.99
"facetiousness",1,46857645,99.99
"factitious",1,46857646,99.99
"fagged",1,46857647,99.99
"faithfuls",1,46857648,99.99
"faithlessly",1,46857649,99.99
"fakirs",1,46857650,99.99
"fallibly",1,46857651,99.99
"famish",1,46857652,99.99
"farmings",1,46857653,99.99
"farmyards",1,46857654,99.99
"farrowing",1,46857655,99.99
"farthings",1,46857656,99.99
"fastness",1,46857657,99.99
"fattiest",1,46857658,99.99
"faunas",1,46857659,99.99
"federating",1,46857660,99.99
"feebler",1,46857661,99.99
"feelingly",1,46857662,99.99
"ferrule",1,46857663,99.99
"fetlock",1,46857664,99.99
"fibbers",1,46857665,99.99
"fichte",1,46857666,99.99
"fief",1,46857667,99.99
"fieriness",1,46857668,99.99
"fifteens",1,46857669,99.99
"filching",1,46857670,99.99
"fillips",1,46857671,99.99
"filterable",1,46857672,99.99
"filtrate",1,46857673,99.99
"fingerings",1,46857674,99.99
"finked",1,46857675,99.99
"finking",1,46857676,99.99
"fireplugs",1,46857677,99.99
"firesides",1,46857678,99.99
"firetrap",1,46857679,99.99
"fishier",1,46857680,99.99
"fishtails",1,46857681,99.99
"fizziest",1,46857682,99.99
"flabbergast",1,46857683,99.99
"flabbiest",1,46857684,99.99
"flagellates",1,46857685,99.99
"flakier",1,46857686,99.99
"flakiest",1,46857687,99.99
"flambeing",1,46857688,99.99
"flammables",1,46857689,99.99
"flanneled",1,46857690,99.99
"flashily",1,46857691,99.99
"flatcar",1,46857692,99.99
"flatcars",1,46857693,99.99
"flatfish",1,46857694,99.99
"flatterer",1,46857695,99.99
"flatterers",1,46857696,99.99
"flattops",1,46857697,99.99
"fleeted",1,46857698,99.99
"flibbertigibbet",1,46857699,99.99
"flightiness",1,46857700,99.99
"flimflams",1,46857701,99.99
"flimsiness",1,46857702,99.99
"flintier",1,46857703,99.99
"flintlocks",1,46857704,99.99
"flints",1,46857705,99.99
"flophouses",1,46857706,99.99
"floppiest",1,46857707,99.99
"flotations",1,46857708,99.99
"flotillas",1,46857709,99.99
"flummoxing",1,46857710,99.99
"fluoresce",1,46857711,99.99
"fluoresced",1,46857712,99.99
"fluoresces",1,46857713,99.99
"fluoridating",1,46857714,99.99
"fluorite",1,46857715,99.99
"flurrying",1,46857716,99.99
"flustering",1,46857717,99.99
"fluxes",1,46857718,99.99
"flysheet",1,46857719,99.99
"flyswatters",1,46857720,99.99
"flywheels",1,46857721,99.99
"foists",1,46857722,99.99
"folios",1,46857723,100
"folksier",1,46857724,100
"foments",1,46857725,100
"foobar",1,46857726,100
"forborne",1,46857727,100
"forearming",1,46857728,100
"forebear",1,46857729,100
"forefingers",1,46857730,100
"forelock",1,46857731,100
"forename",1,46857732,100
"forenames",1,46857733,100
"forewords",1,46857734,100
"fornicates",1,46857735,100
"forswearing",1,46857736,100
"forsythias",1,46857737,100
"forwent",1,46857738,100
"fossilization",1,46857739,100
"fowling",1,46857740,100
"foxed",1,46857741,100
"foxiest",1,46857742,100
"foxing",1,46857743,100
"foxtrots",1,46857744,100
"foxtrotted",1,46857745,100
"foxtrotting",1,46857746,100
"franker",1,46857747,100
"franking",1,46857748,100
"frazzle",1,46857749,100
"frazzles",1,46857750,100
"freckling",1,46857751,100
"freebooters",1,46857752,100
"freeholds",1,46857753,100
"freeloaded",1,46857754,100
"freights",1,46857755,100
"frenches",1,46857756,100
"freshet",1,46857757,100
"frighted",1,46857758,100
"frillier",1,46857759,100
"frilliest",1,46857760,100
"friskier",1,46857761,100
"friskiest",1,46857762,100
"frogmen",1,46857763,100
"frostbit",1,46857764,100
"frowzy",1,46857765,100
"fruitiest",1,46857766,100
"ftping",1,46857767,100
"ftps",1,46857768,100
"fuddle",1,46857769,100
"fuds",1,46857770,100
"fumigating",1,46857771,100
"fums",1,46857772,100
"fungicidal",1,46857773,100
"furl",1,46857774,100
"furling",1,46857775,100
"furthermost",1,46857776,100
"furtiveness",1,46857777,100
"fusillades",1,46857778,100
"fussbudgets",1,46857779,100
"fussily",1,46857780,100
"futzed",1,46857781,100
"fuzhou",1,46857782,100
"fuzzes",1,46857783,100
"fuzzing",1,46857784,100
"gabbed",1,46857785,100
"gabbling",1,46857786,100
"gadabouts",1,46857787,100
"gainsaid",1,46857788,100
"gallivants",1,46857789,100
"gamboled",1,46857790,100
"gamest",1,46857791,100
"gamier",1,46857792,100
"gamiest",1,46857793,100
"gammas",1,46857794,100
"gamow",1,46857795,100
"ganders",1,46857796,100
"ganglion",1,46857797,100
"gangplanks",1,46857798,100
"gargantua",1,46857799,100
"garlanding",1,46857800,100
"garnishee",1,46857801,100
"garrisoning",1,46857802,100
"garrotes",1,46857803,100
"garroting",1,46857804,100
"garrulousness",1,46857805,100
"gateposts",1,46857806,100
"gaunter",1,46857807,100
"gelded",1,46857808,100
"gelid",1,46857809,100
"generosities",1,46857810,100
"gentians",1,46857811,100
"gentlewomen",1,46857812,100
"genuflected",1,46857813,100
"genuflects",1,46857814,100
"geodes",1,46857815,100
"geologies",1,46857816,100
"germicide",1,46857817,100
"gerrymanders",1,46857818,100
"gestapos",1,46857819,100
"gewgaws",1,46857820,100
"ghastlier",1,46857821,100
"ghibelline",1,46857822,100
"ghostliness",1,46857823,100
"giantesses",1,46857824,100
"giauque",1,46857825,100
"gienah",1,46857826,100
"gigabits",1,46857827,100
"gigahertz",1,46857828,100
"gigglers",1,46857829,100
"giggliest",1,46857830,100
"gimcracks",1,46857831,100
"giraudoux",1,46857832,100
"girdling",1,46857833,100
"girds",1,46857834,100
"gladdened",1,46857835,100
"gladder",1,46857836,100
"gladdest",1,46857837,100
"gladiola",1,46857838,100
"glads",1,46857839,100
"glaziers",1,46857840,100
"glibber",1,46857841,100
"glimmerings",1,46857842,100
"globed",1,46857843,100
"glockenspiels",1,46857844,100
"glossiest",1,46857845,100
"gloving",1,46857846,100
"gluttonously",1,46857847,100
"gnarlier",1,46857848,100
"gnarling",1,46857849,100
"gneiss",1,46857850,100
"godsends",1,46857851,100
"godsons",1,46857852,100
"godunov",1,46857853,100
"gofers",1,46857854,100
"gonged",1,46857855,100
"gonging",1,46857856,100
"gonks",1,46857857,100
"gooier",1,46857858,100
"gooiest",1,46857859,100
"gothics",1,46857860,100
"gracelessly",1,46857861,100
"grafter",1,46857862,100
"granaries",1,46857863,100
"grandiloquence",1,46857864,100
"grandstanded",1,46857865,100
"granges",1,46857866,100
"granule",1,46857867,100
"gravels",1,46857868,100
"graving",1,46857869,100
"grepped",1,46857870,100
"griddlecakes",1,46857871,100
"gridirons",1,46857872,100
"griming",1,46857873,100
"grislier",1,46857874,100
"groks",1,46857875,100
"grotius",1,46857876,100
"grouchiness",1,46857877,100
"grouching",1,46857878,100
"grouts",1,46857879,100
"grovels",1,46857880,100
"grumbler",1,46857881,100
"grus",1,46857882,100
"guadalquivir",1,46857883,100
"guarani",1,46857884,100
"guarantied",1,46857885,100
"guarantying",1,46857886,100
"guessable",1,46857887,100
"guesstimated",1,46857888,100
"gulfs",1,46857889,100
"gulled",1,46857890,100
"gulling",1,46857891,100
"gummier",1,46857892,100
"gunnysacks",1,46857893,100
"gunrunners",1,46857894,100
"gustier",1,46857895,100
"guttersnipe",1,46857896,100
"gwendoline",1,46857897,100
"gyps",1,46857898,100
"gyration",1,46857899,100
"haberdasheries",1,46857900,100
"haberdashers",1,46857901,100
"habituating",1,46857902,100
"hackish",1,46857903,100
"hacksaws",1,46857904,100
"hafnium",1,46857905,100
"haggles",1,46857906,100
"hairbreadths",1,46857907,100
"hairnets",1,46857908,100
"hairpieces",1,46857909,100
"halberds",1,46857910,100
"halfbacks",1,46857911,100
"hallucinogenics",1,46857912,100
"haloing",1,46857913,100
"halon",1,46857914,100
"haltered",1,46857915,100
"haltering",1,46857916,100
"handcar",1,46857917,100
"handcarts",1,46857918,100
"handier",1,46857919,100
"handpicks",1,46857920,100
"hankerings",1,46857921,100
"hanukkahs",1,46857922,100
"hardheadedly",1,46857923,100
"hardheartedly",1,46857924,100
"hardtops",1,46857925,100
"harmoniousness",1,46857926,100
"harpsichords",1,46857927,100
"harrying",1,46857928,100
"hasps",1,46857929,100
"hassocks",1,46857930,100
"hastes",1,46857931,100
"hatchway",1,46857932,100
"hauptmann",1,46857933,100
"haversacks",1,46857934,100
"haylofts",1,46857935,100
"hayseeds",1,46857936,100
"hazarding",1,46857937,100
"haziest",1,46857938,100
"headiest",1,46857939,100
"headwaiter",1,46857940,100
"heartens",1,46857941,100
"heaths",1,46857942,100
"heavenwards",1,46857943,100
"heaviside",1,46857944,100
"hectored",1,46857945,100
"heedful",1,46857946,100
"heedlessness",1,46857947,100
"heisted",1,46857948,100
"helical",1,46857949,100
"helices",1,46857950,100
"helicoptering",1,46857951,100
"heliopolis",1,46857952,100
"hellenize",1,46857953,100
"helmsmen",1,46857954,100
"helplines",1,46857955,100
"hemophiliac",1,46857956,100
"henceforward",1,46857957,100
"heptagon",1,46857958,100
"herbivorous",1,46857959,100
"herero",1,46857960,100
"hermaphroditus",1,46857961,100
"heroins",1,46857962,100
"hewers",1,46857963,100
"hexameters",1,46857964,100
"hiccoughing",1,46857965,100
"hided",1,46857966,100
"hings",1,46857967,100
"hirobumi",1,46857968,100
"hitchhikes",1,46857969,100
"hiving",1,46857970,100
"hoardings",1,46857971,100
"hoariest",1,46857972,100
"hobbyhorses",1,46857973,100
"hobnail",1,46857974,100
"hohenstaufen",1,46857975,100
"hohenzollern",1,46857976,100
"hohhot",1,46857977,100
"hollowly",1,46857978,100
"homewreckers",1,46857979,100
"homiest",1,46857980,100
"homogeneously",1,46857981,100
"homographs",1,46857982,100
"honester",1,46857983,100
"honeycombs",1,46857984,100
"honeymooner",1,46857985,100
"honiara",1,46857986,100
"honorariums",1,46857987,100
"hoodwinking",1,46857988,100
"hopscotches",1,46857989,100
"horology",1,46857990,100
"horseflies",1,46857991,100
"horsehide",1,46857992,100
"horseradishes",1,46857993,100
"horseshoeing",1,46857994,100
"horsewhip",1,46857995,100
"hostelers",1,46857996,100
"hostelry",1,46857997,100
"hotcake",1,46857998,100
"hotpoint",1,46857999,100
"housecoats",1,46858000,100
"househusband",1,46858001,100
"housemother",1,46858002,100
"housetops",1,46858003,100
"housewarmings",1,46858004,100
"howdahs",1,46858005,100
"hubbubs",1,46858006,100
"huckstering",1,46858007,100
"humbugging",1,46858008,100
"humidifying",1,46858009,100
"humorlessness",1,46858010,100
"hundredweight",1,46858011,100
"huntresses",1,46858012,100
"hurrahs",1,46858013,100
"huskily",1,46858014,100
"huskiness",1,46858015,100
"hussars",1,46858016,100
"husserl",1,46858017,100
"hybridizes",1,46858018,100
"hydroelectricity",1,46858019,100
"hydrogenates",1,46858020,100
"hydrolysis",1,46858021,100
"hydrophobia",1,46858022,100
"hydrosphere",1,46858023,100
"hygienically",1,46858024,100
"hygrometer",1,46858025,100
"hymned",1,46858026,100
"hyperlinking",1,46858027,100
"hyphenations",1,46858028,100
"hyphened",1,46858029,100
"hypos",1,46858030,100
"hysteresis",1,46858031,100
"iaccoca",1,46858032,100
"iamb",1,46858033,100
"iapetus",1,46858034,100
"ibexes",1,46858035,100
"icebound",1,46858036,100
"idahoan",1,46858037,100
"ideologist",1,46858038,100
"ideologists",1,46858039,100
"idiomatically",1,46858040,100
"idlers",1,46858041,100
"iguassu",1,46858042,100
"ilks",1,46858043,100
"illumining",1,46858044,100
"ilyushin",1,46858045,100
"imhotep",1,46858046,100
"immigrates",1,46858047,100
"immobilizes",1,46858048,100
"immoderately",1,46858049,100
"immortalizes",1,46858050,100
"immortally",1,46858051,100
"immovably",1,46858052,100
"immures",1,46858053,100
"immutably",1,46858054,100
"imnsho",1,46858055,100
"impalement",1,46858056,100
"impassivity",1,46858057,100
"impeccability",1,46858058,100
"impedimenta",1,46858059,100
"impends",1,46858060,100
"impenitent",1,46858061,100
"impertinently",1,46858062,100
"imperturbability",1,46858063,100
"imperturbably",1,46858064,100
"impetuosity",1,46858065,100
"impiously",1,46858066,100
"implacability",1,46858067,100
"imponderables",1,46858068,100
"imposingly",1,46858069,100
"imprecation",1,46858070,100
"imputations",1,46858071,100
"inamorata",1,46858072,100
"inaugurals",1,46858073,100
"incensing",1,46858074,100
"incinerates",1,46858075,100
"incise",1,46858076,100
"incising",1,46858077,100
"incommensurate",1,46858078,100
"incrustations",1,46858079,100
"incurables",1,46858080,100
"indecencies",1,46858081,100
"indelicately",1,46858082,100
"indemnifications",1,46858083,100
"indemnified",1,46858084,100
"indemnifying",1,46858085,100
"indemnities",1,46858086,100
"indenting",1,46858087,100
"indeterminately",1,46858088,100
"indiscreetly",1,46858089,100
"indispensables",1,46858090,100
"indistinctly",1,46858091,100
"indivisibly",1,46858092,100
"indoctrinates",1,46858093,100
"indolently",1,46858094,100
"indore",1,46858095,100
"indubitable",1,46858096,100
"industrializes",1,46858097,100
"inebriates",1,46858098,100
"ineluctably",1,46858099,100
"inertly",1,46858100,100
"inexhaustibly",1,46858101,100
"infatuating",1,46858102,100
"infelicities",1,46858103,100
"infelicitous",1,46858104,100
"infix",1,46858105,100
"inflecting",1,46858106,100
"inflects",1,46858107,100
"ingratiatingly",1,46858108,100
"inhalants",1,46858109,100
"inhering",1,46858110,100
"initialing",1,46858111,100
"initializes",1,46858112,100
"inkblots",1,46858113,100
"inoculates",1,46858114,100
"inoculating",1,46858115,100
"insaner",1,46858116,100
"inscrutably",1,46858117,100
"inseams",1,46858118,100
"insectivore",1,46858119,100
"inseminate",1,46858120,100
"inseminating",1,46858121,100
"insensitively",1,46858122,100
"insentient",1,46858123,100
"insolently",1,46858124,100
"insolvents",1,46858125,100
"intangibly",1,46858126,100
"intellectualizes",1,46858127,100
"intelligibly",1,46858128,100
"intelsat",1,46858129,100
"intentness",1,46858130,100
"interchanging",1,46858131,100
"interlace",1,46858132,100
"interlinks",1,46858133,100
"interments",1,46858134,100
"interposed",1,46858135,100
"interrelate",1,46858136,100
"interstice",1,46858137,100
"inures",1,46858138,100
"invalided",1,46858139,100
"invariant",1,46858140,100
"inveighed",1,46858141,100
"inverses",1,46858142,100
"investitures",1,46858143,100
"inviolability",1,46858144,100
"iowas",1,46858145,100
"irately",1,46858146,100
"irisher",1,46858147,100
"iroquoian",1,46858148,100
"irradiates",1,46858149,100
"irrationals",1,46858150,100
"irrelevantly",1,46858151,100
"irremediably",1,46858152,100
"irresolute",1,46858153,100
"irresolution",1,46858154,100
"irrigates",1,46858155,100
"isobar",1,46858156,100
"isomorphic",1,46858157,100
"itchiest",1,46858158,100
"itemization",1,46858159,100
"iterates",1,46858160,100
"iterators",1,46858161,100
"jabots",1,46858162,100
"jackknifing",1,46858163,100
"jading",1,46858164,100
"jaggedness",1,46858165,100
"jaggies",1,46858166,100
"jailbreaks",1,46858167,100
"janjaweed",1,46858168,100
"japing",1,46858169,100
"jataka",1,46858170,100
"jawbones",1,46858171,100
"jaxartes",1,46858172,100
"jejune",1,46858173,100
"jellos",1,46858174,100
"jeremiads",1,46858175,100
"jerkily",1,46858176,100
"jezebels",1,46858177,100
"jiggered",1,46858178,100
"jilt",1,46858179,100
"jilting",1,46858180,100
"jinni",1,46858181,100
"jocose",1,46858182,100
"joggling",1,46858183,100
"jollied",1,46858184,100
"jolliness",1,46858185,100
"jonquils",1,46858186,100
"joshes",1,46858187,100
"joule",1,46858188,100
"jounce",1,46858189,100
"jounced",1,46858190,100
"journalese",1,46858191,100
"judiciousness",1,46858192,100
"jugged",1,46858193,100
"jugging",1,46858194,100
"junkiest",1,46858195,100
"jutland",1,46858196,100
"kahunas",1,46858197,100
"kamikazes",1,46858198,100
"karakorum",1,46858199,100
"karaokes",1,46858200,100
"karats",1,46858201,100
"katydid",1,46858202,100
"keened",1,46858203,100
"keewatin",1,46858204,100
"kenned",1,46858205,100
"kenneling",1,46858206,100
"kennith",1,46858207,100
"kerchiefs",1,46858208,100
"ketches",1,46858209,100
"kettledrums",1,46858210,100
"keybindings",1,46858211,100
"keynoted",1,46858212,100
"khazar",1,46858213,100
"khoikhoi",1,46858214,100
"khorana",1,46858215,100
"kibitzers",1,46858216,100
"kickstands",1,46858217,100
"kidders",1,46858218,100
"kilned",1,46858219,100
"kiloton",1,46858220,100
"kindliest",1,46858221,100
"kinematic",1,46858222,100
"kinkier",1,46858223,100
"kippers",1,46858224,100
"kitakyushu",1,46858225,100
"kited",1,46858226,100
"kluges",1,46858227,100
"klutzes",1,46858228,100
"knacker",1,46858229,100
"knavish",1,46858230,100
"kneader",1,46858231,100
"kneecapped",1,46858232,100
"knottier",1,46858233,100
"koans",1,46858234,100
"kookier",1,46858235,100
"kookiest",1,46858236,100
"kopeck",1,46858237,100
"kopecks",1,46858238,100
"korzybski",1,46858239,100
"kosygin",1,46858240,100
"kowtowed",1,46858241,100
"kowtows",1,46858242,100
"krasnodar",1,46858243,100
"kublai",1,46858244,100
"kusch",1,46858245,100
"lachesis",1,46858246,100
"lacier",1,46858247,100
"laciest",1,46858248,100
"lackadaisically",1,46858249,100
"laded",1,46858250,100
"ladoga",1,46858251,100
"lajos",1,46858252,100
"lamarck",1,46858253,100
"lambed",1,46858254,100
"laming",1,46858255,100
"lamming",1,46858256,100
"landfalls",1,46858257,100
"langmuir",1,46858258,100
"lankiest",1,46858259,100
"lanzhou",1,46858260,100
"lapps",1,46858261,100
"larches",1,46858262,100
"lards",1,46858263,100
"lariats",1,46858264,100
"larking",1,46858265,100
"larkspurs",1,46858266,100
"lateraled",1,46858267,100
"latitudinal",1,46858268,100
"lattices",1,46858269,100
"laue",1,46858270,100
"laughingstocks",1,46858271,100
"launders",1,46858272,100
"laundresses",1,46858273,100
"laundrymen",1,46858274,100
"lavoisier",1,46858275,100
"lawgivers",1,46858276,100
"lawlessly",1,46858277,100
"laxly",1,46858278,100
"layamon",1,46858279,100
"layettes",1,46858280,100
"leafier",1,46858281,100
"leakiest",1,46858282,100
"lecterns",1,46858283,100
"lederberg",1,46858284,100
"leeuwenhoek",1,46858285,100
"leewards",1,46858286,100
"leitmotifs",1,46858287,100
"lengthiest",1,46858288,100
"lesseps",1,46858289,100
"lessors",1,46858290,100
"letha",1,46858291,100
"leukocytes",1,46858292,100
"levelers",1,46858293,100
"levelheadedness",1,46858294,100
"lewdly",1,46858295,100
"lexicography",1,46858296,100
"liaised",1,46858297,100
"liaises",1,46858298,100
"libeling",1,46858299,100
"liberalizes",1,46858300,100
"librettos",1,46858301,100
"licentiously",1,46858302,100
"licit",1,46858303,100
"liefer",1,46858304,100
"lightheartedness",1,46858305,100
"lii",1,46858306,100
"lilliputians",1,46858307,100
"lilts",1,46858308,100
"limed",1,46858309,100
"limn",1,46858310,100
"limns",1,46858311,100
"limpets",1,46858312,100
"limpidly",1,46858313,100
"limpness",1,46858314,100
"linage",1,46858315,100
"lingerer",1,46858316,100
"lingerers",1,46858317,100
"lingeringly",1,46858318,100
"lingerings",1,46858319,100
"lingoes",1,46858320,100
"lipizzaner",1,46858321,100
"liquidized",1,46858322,100
"lissome",1,46858323,100
"literates",1,46858324,100
"lithographers",1,46858325,100
"littorals",1,46858326,100
"lividly",1,46858327,100
"loadable",1,46858328,100
"loathsomeness",1,46858329,100
"lobachevsky",1,46858330,100
"lodestone",1,46858331,100
"lodestones",1,46858332,100
"logarithms",1,46858333,100
"logicians",1,46858334,100
"loiterer",1,46858335,100
"lollard",1,46858336,100
"lome",1,46858337,100
"longhairs",1,46858338,100
"looniest",1,46858339,100
"loquacity",1,46858340,100
"lorgnettes",1,46858341,100
"louella",1,46858342,100
"louisianian",1,46858343,100
"lowbrows",1,46858344,100
"lowenbrau",1,46858345,100
"loyang",1,46858346,100
"lpns",1,46858347,100
"lubricator",1,46858348,100
"lugubriously",1,46858349,100
"lully",1,46858350,100
"lumberman",1,46858351,100
"lummoxes",1,46858352,100
"lunacies",1,46858353,100
"lustier",1,46858354,100
"lustiness",1,46858355,100
"luxuriance",1,46858356,100
"luxuriousness",1,46858357,100
"lxix",1,46858358,100
"lynches",1,46858359,100
"lysenko",1,46858360,100
"machination",1,46858361,100
"macing",1,46858362,100
"macrocosms",1,46858363,100
"madeiras",1,46858364,100
"mademoiselles",1,46858365,100
"madrasas",1,46858366,100
"magnesia",1,46858367,100
"magnifications",1,46858368,100
"mahavira",1,46858369,100
"mahayana",1,46858370,100
"mahican",1,46858371,100
"maidenly",1,46858372,100
"mainlines",1,46858373,100
"mainsails",1,46858374,100
"mainsprings",1,46858375,100
"mainstreams",1,46858376,100
"maintainability",1,46858377,100
"malabo",1,46858378,100
"malediction",1,46858379,100
"malignantly",1,46858380,100
"mallomars",1,46858381,100
"malteds",1,46858382,100
"maltreat",1,46858383,100
"mamboed",1,46858384,100
"mambos",1,46858385,100
"mameluke",1,46858386,100
"mandrakes",1,46858387,100
"manful",1,46858388,100
"mangier",1,46858389,100
"manitoulin",1,46858390,100
"manorial",1,46858391,100
"mantillas",1,46858392,100
"manumitting",1,46858393,100
"maoris",1,46858394,100
"maratha",1,46858395,100
"marauded",1,46858396,100
"marauds",1,46858397,100
"marmosets",1,46858398,100
"marquesses",1,46858399,100
"marquises",1,46858400,100
"marquita",1,46858401,100
"mascaraed",1,46858402,100
"masculines",1,46858403,100
"maseru",1,46858404,100
"masquerader",1,46858405,100
"masqueraders",1,46858406,100
"massasoit",1,46858407,100
"masterstrokes",1,46858408,100
"masticated",1,46858409,100
"masticating",1,46858410,100
"mastoid",1,46858411,100
"maternally",1,46858412,100
"matriarchies",1,46858413,100
"matriculating",1,46858414,100
"matzot",1,46858415,100
"maundering",1,46858416,100
"mazama",1,46858417,100
"mazarin",1,46858418,100
"mazola",1,46858419,100
"mazurkas",1,46858420,100
"mcguffey",1,46858421,100
"mealier",1,46858422,100
"meatiest",1,46858423,100
"meatloaves",1,46858424,100
"mechanize",1,46858425,100
"mediocrities",1,46858426,100
"meditatively",1,46858427,100
"meekest",1,46858428,100
"megalith",1,46858429,100
"megatons",1,46858430,100
"melancholics",1,46858431,100
"mellowest",1,46858432,100
"melpomene",1,46858433,100
"mesmerism",1,46858434,100
"messerschmidt",1,46858435,100
"metacarpals",1,46858436,100
"metastasizes",1,46858437,100
"metatarsals",1,46858438,100
"meteoroids",1,46858439,100
"metrically",1,46858440,100
"mettlesome",1,46858441,100
"mewl",1,46858442,100
"mewls",1,46858443,100
"micmac",1,46858444,100
"microbiologists",1,46858445,100
"microcode",1,46858446,100
"microcomputer",1,46858447,100
"microcomputers",1,46858448,100
"microfilmed",1,46858449,100
"micrometer",1,46858450,100
"micrometers",1,46858451,100
"microsurgery",1,46858452,100
"middy",1,46858453,100
"midwifed",1,46858454,100
"midwifing",1,46858455,100
"mileages",1,46858456,100
"militarist",1,46858457,100
"militarizing",1,46858458,100
"militated",1,46858459,100
"millionths",1,46858460,100
"milquetoasts",1,46858461,100
"miltiades",1,46858462,100
"minamoto",1,46858463,100
"mindbogglingly",1,46858464,100
"minibikes",1,46858465,100
"ministrant",1,46858466,100
"minuteness",1,46858467,100
"mirthfully",1,46858468,100
"misanthropes",1,46858469,100
"misappropriate",1,46858470,100
"misappropriates",1,46858471,100
"miscalculates",1,46858472,100
"miscarries",1,46858473,100
"miscasts",1,46858474,100
"miscellanies",1,46858475,100
"mischievousness",1,46858476,100
"misconstruing",1,46858477,100
"miscount",1,46858478,100
"miscounts",1,46858479,100
"misdealt",1,46858480,100
"misdiagnoses",1,46858481,100
"misdoings",1,46858482,100
"misfitting",1,46858483,100
"misgiving",1,46858484,100
"misgoverned",1,46858485,100
"mishandle",1,46858486,100
"mishandles",1,46858487,100
"misinforms",1,46858488,100
"mislay",1,46858489,100
"misnomers",1,46858490,100
"misprinted",1,46858491,100
"misruled",1,46858492,100
"mississippian",1,46858493,100
"mistiest",1,46858494,100
"mistiming",1,46858495,100
"mistiness",1,46858496,100
"mistrials",1,46858497,100
"mitering",1,46858498,100
"mizzen",1,46858499,100
"mizzenmast",1,46858500,100
"mockeries",1,46858501,100
"modals",1,46858502,100
"modicums",1,46858503,100
"modishly",1,46858504,100
"mohammedan",1,46858505,100
"mohammedans",1,46858506,100
"moiety",1,46858507,100
"moistest",1,46858508,100
"moldered",1,46858509,100
"mollycoddled",1,46858510,100
"mollycoddles",1,46858511,100
"moluccas",1,46858512,100
"monetarism",1,46858513,100
"mongolism",1,46858514,100
"mongooses",1,46858515,100
"monkeyshines",1,46858516,100
"monorails",1,46858517,100
"monosyllables",1,46858518,100
"monotonically",1,46858519,100
"montgolfier",1,46858520,100
"mooed",1,46858521,100
"moonlighters",1,46858522,100
"moonscapes",1,46858523,100
"moonshots",1,46858524,100
"mooting",1,46858525,100
"moralized",1,46858526,100
"moralizes",1,46858527,100
"morasses",1,46858528,100
"mordants",1,46858529,100
"mortaring",1,46858530,100
"mortifies",1,46858531,100
"mortises",1,46858532,100
"mortising",1,46858533,100
"mossier",1,46858534,100
"mothballing",1,46858535,100
"motherlands",1,46858536,100
"motile",1,46858537,100
"motorcycled",1,46858538,100
"motormouths",1,46858539,100
"mottles",1,46858540,100
"mountebank",1,46858541,100
"mournfulness",1,46858542,100
"moused",1,46858543,100
"mudguard",1,46858544,100
"muftis",1,46858545,100
"muhammadans",1,46858546,100
"muleteer",1,46858547,100
"muleteers",1,46858548,100
"mulishness",1,46858549,100
"mullion",1,46858550,100
"mullions",1,46858551,100
"multics",1,46858552,100
"multiplexed",1,46858553,100
"multiplexer",1,46858554,100
"multiplications",1,46858555,100
"multiplicative",1,46858556,100
"multiverses",1,46858557,100
"mummifying",1,46858558,100
"munificence",1,46858559,100
"muskiness",1,46858560,100
"musses",1,46858561,100
"mutest",1,46858562,100
"mutineer",1,46858563,100
"mycenae",1,46858564,100
"myna",1,46858565,100
"mythologists",1,46858566,100
"nagware",1,46858567,100
"nailbrush",1,46858568,100
"nanobots",1,46858569,100
"napalmed",1,46858570,100
"nautically",1,46858571,100
"nautiluses",1,46858572,100
"naves",1,46858573,100
"navigability",1,46858574,100
"nazca",1,46858575,100
"nebular",1,46858576,100
"neighs",1,46858577,100
"nembutal",1,46858578,100
"nereid",1,46858579,100
"nerviest",1,46858580,100
"nesselrode",1,46858581,100
"netherlanders",1,46858582,100
"nettling",1,46858583,100
"neuralgic",1,46858584,100
"neuritis",1,46858585,100
"nevadan",1,46858586,100
"newsiest",1,46858587,100
"niamey",1,46858588,100
"nibelung",1,46858589,100
"nightcaps",1,46858590,100
"ninepins",1,46858591,100
"nineteens",1,46858592,100
"nitrating",1,46858593,100
"nodoz",1,46858594,100
"nodular",1,46858595,100
"noised",1,46858596,100
"noiselessness",1,46858597,100
"noisiness",1,46858598,100
"nonbreakable",1,46858599,100
"noncoms",1,46858600,100
"nonevents",1,46858601,100
"nonexempt",1,46858602,100
"nonindustrial",1,46858603,100
"noninterference",1,46858604,100
"nonobjective",1,46858605,100
"nonpartisans",1,46858606,100
"nonplus",1,46858607,100
"nonpolluting",1,46858608,100
"nonrefillable",1,46858609,100
"nonseasonal",1,46858610,100
"nonsupport",1,46858611,100
"nontechnical",1,46858612,100
"nontrivial",1,46858613,100
"nonzero",1,46858614,100
"noodled",1,46858615,100
"norths",1,46858616,100
"northwestward",1,46858617,100
"nosegay",1,46858618,100
"noticeboards",1,46858619,100
"notworks",1,46858620,100
"novae",1,46858621,100
"novgorod",1,46858622,100
"nukualofa",1,46858623,100
"numismatics",1,46858624,100
"numismatist",1,46858625,100
"nursemaids",1,46858626,100
"nutmegs",1,46858627,100
"nutriments",1,46858628,100
"nyasa",1,46858629,100
"nybble",1,46858630,100
"oared",1,46858631,100
"obeisant",1,46858632,100
"objectionably",1,46858633,100
"obliqueness",1,46858634,100
"obscurer",1,46858635,100
"obscurest",1,46858636,100
"obsequies",1,46858637,100
"obsoleted",1,46858638,100
"obtrude",1,46858639,100
"obtruded",1,46858640,100
"obtusely",1,46858641,100
"obtuseness",1,46858642,100
"obviating",1,46858643,100
"occlude",1,46858644,100
"occluding",1,46858645,100
"occlusion",1,46858646,100
"occlusions",1,46858647,100
"octagons",1,46858648,100
"oculars",1,46858649,100
"oculist",1,46858650,100
"odometers",1,46858651,100
"officiates",1,46858652,100
"officiousness",1,46858653,100
"ojibwa",1,46858654,100
"oking",1,46858655,100
"olfactories",1,46858656,100
"onionskin",1,46858657,100
"onsets",1,46858658,100
"onyxes",1,46858659,100
"opalescence",1,46858660,100
"openwork",1,46858661,100
"optimisms",1,46858662,100
"orating",1,46858663,100
"orientates",1,46858664,100
"orientating",1,46858665,100
"orlons",1,46858666,100
"orotund",1,46858667,100
"orthographic",1,46858668,100
"orthography",1,46858669,100
"orthopedists",1,46858670,100
"oscilloscopes",1,46858671,100
"oses",1,46858672,100
"ostwald",1,46858673,100
"otiose",1,46858674,100
"outclasses",1,46858675,100
"outcropped",1,46858676,100
"outdistance",1,46858677,100
"outdistances",1,46858678,100
"outfields",1,46858679,100
"outfox",1,46858680,100
"outfoxing",1,46858681,100
"outmaneuvering",1,46858682,100
"outputted",1,46858683,100
"outriders",1,46858684,100
"outruns",1,46858685,100
"outsets",1,46858686,100
"outspread",1,46858687,100
"outstay",1,46858688,100
"outstretch",1,46858689,100
"outstretches",1,46858690,100
"outstretching",1,46858691,100
"outwitted",1,46858692,100
"overawe",1,46858693,100
"overbalanced",1,46858694,100
"overbears",1,46858695,100
"overbites",1,46858696,100
"overburdening",1,46858697,100
"overcasting",1,46858698,100
"overclock",1,46858699,100
"overdrawing",1,46858700,100
"overdressing",1,46858701,100
"overdrew",1,46858702,100
"overeaten",1,46858703,100
"overeats",1,46858704,100
"overexposing",1,46858705,100
"overextends",1,46858706,100
"overgrowing",1,46858707,100
"overlie",1,46858708,100
"overprinted",1,46858709,100
"overprints",1,46858710,100
"overproduce",1,46858711,100
"overproduces",1,46858712,100
"overrating",1,46858713,100
"oversampling",1,46858714,100
"oversells",1,46858715,100
"overshoots",1,46858716,100
"oversimplifications",1,46858717,100
"oversimplifies",1,46858718,100
"oversleeps",1,46858719,100
"overspecialized",1,46858720,100
"overspends",1,46858721,100
"overstatements",1,46858722,100
"overstocking",1,46858723,100
"oversupplying",1,46858724,100
"overthinks",1,46858725,100
"overwrites",1,46858726,100
"oviducts",1,46858727,100
"oviparous",1,46858728,100
"owlet",1,46858729,100
"oxymora",1,46858730,100
"pacifically",1,46858731,100
"pacifies",1,46858732,100
"paginate",1,46858733,100
"paginated",1,46858734,100
"pailful",1,46858735,100
"palatal",1,46858736,100
"palefaces",1,46858737,100
"palembang",1,46858738,100
"paleogene",1,46858739,100
"palimony",1,46858740,100
"palimpsests",1,46858741,100
"palliated",1,46858742,100
"palls",1,46858743,100
"palmettos",1,46858744,100
"palming",1,46858745,100
"palmistry",1,46858746,100
"palmy",1,46858747,100
"palpates",1,46858748,100
"palpating",1,46858749,100
"palpation",1,46858750,100
"palsied",1,46858751,100
"palsies",1,46858752,100
"paltriest",1,46858753,100
"pamphleteers",1,46858754,100
"pantagruel",1,46858755,100
"pantheist",1,46858756,100
"pantheists",1,46858757,100
"paperboys",1,46858758,100
"paperhanger",1,46858759,100
"paperhangers",1,46858760,100
"parabolas",1,46858761,100
"paragraphed",1,46858762,100
"parallelisms",1,46858763,100
"parallelograms",1,46858764,100
"paralytics",1,46858765,100
"paramecium",1,46858766,100
"paraplegia",1,46858767,100
"parches",1,46858768,100
"parchments",1,46858769,100
"parcs",1,46858770,100
"parenthesized",1,46858771,100
"parleyed",1,46858772,100
"parricide",1,46858773,100
"parterre",1,46858774,100
"participial",1,46858775,100
"particularized",1,46858776,100
"partings",1,46858777,100
"parturition",1,46858778,100
"passels",1,46858779,100
"passives",1,46858780,100
"pasteboard",1,46858781,100
"pastiest",1,46858782,100
"pasturing",1,46858783,100
"patchier",1,46858784,100
"patellae",1,46858785,100
"patriarchies",1,46858786,100
"patrica",1,46858787,100
"patricide",1,46858788,100
"patrimonial",1,46858789,100
"patrolwoman",1,46858790,100
"patronizes",1,46858791,100
"paunchier",1,46858792,100
"pauperized",1,46858793,100
"pauperizing",1,46858794,100
"pawls",1,46858795,100
"peahen",1,46858796,100
"pearliest",1,46858797,100
"peccaries",1,46858798,100
"pediments",1,46858799,100
"peerages",1,46858800,100
"peeving",1,46858801,100
"peewees",1,46858802,100
"pelleting",1,46858803,100
"pendents",1,46858804,100
"pends",1,46858805,100
"penetrable",1,46858806,100
"penology",1,46858807,100
"pentathlons",1,46858808,100
"perambulate",1,46858809,100
"perfectest",1,46858810,100
"perforate",1,46858811,100
"periclean",1,46858812,100
"perigees",1,46858813,100
"perihelion",1,46858814,100
"periphrasis",1,46858815,100
"peritoneum",1,46858816,100
"perkiest",1,46858817,100
"permanents",1,46858818,100
"permissibly",1,46858819,100
"permissively",1,46858820,100
"permuting",1,46858821,100
"peroxides",1,46858822,100
"perturbs",1,46858823,100
"perusals",1,46858824,100
"perverseness",1,46858825,100
"peskier",1,46858826,100
"peskiest",1,46858827,100
"pestilences",1,46858828,100
"petrifies",1,46858829,100
"pettifogging",1,46858830,100
"pewee",1,46858831,100
"pewees",1,46858832,100
"pharmacologists",1,46858833,100
"pharyngeal",1,46858834,100
"phials",1,46858835,100
"philologists",1,46858836,100
"philosophizes",1,46858837,100
"phonier",1,46858838,100
"photobomb",1,46858839,100
"photoing",1,46858840,100
"photostat",1,46858841,100
"photostats",1,46858842,100
"pianoforte",1,46858843,100
"pictorially",1,46858844,100
"piddles",1,46858845,100
"pidgins",1,46858846,100
"piecework",1,46858847,100
"pieing",1,46858848,100
"pigeonholing",1,46858849,100
"pigskins",1,46858850,100
"pilafs",1,46858851,100
"pilchard",1,46858852,100
"pilferer",1,46858853,100
"pillages",1,46858854,100
"pilled",1,46858855,100
"pillories",1,46858856,100
"pillorying",1,46858857,100
"pillowing",1,46858858,100
"pinafores",1,46858859,100
"pinnate",1,46858860,100
"pinwheeling",1,46858861,100
"pirandello",1,46858862,100
"piscatorial",1,46858863,100
"pitchblende",1,46858864,100
"pitchforked",1,46858865,100
"piteously",1,46858866,100
"pithier",1,46858867,100
"pithiest",1,46858868,100
"pitiably",1,46858869,100
"pitilessly",1,46858870,100
"pizzicati",1,46858871,100
"placation",1,46858872,100
"plackets",1,46858873,100
"plagiarisms",1,46858874,100
"plaice",1,46858875,100
"plainclothesmen",1,46858876,100
"plannings",1,46858877,100
"plataea",1,46858878,100
"platonist",1,46858879,100
"playact",1,46858880,100
"playacted",1,46858881,100
"plebiscites",1,46858882,100
"pliancy",1,46858883,100
"plighted",1,46858884,100
"plowmen",1,46858885,100
"pluckiest",1,46858886,100
"plumpest",1,46858887,100
"plumpness",1,46858888,100
"pluperfect",1,46858889,100
"pluralizes",1,46858890,100
"plushest",1,46858891,100
"pocketknives",1,46858892,100
"pockmark",1,46858893,100
"podding",1,46858894,100
"podgorica",1,46858895,100
"poetesses",1,46858896,100
"poisoners",1,46858897,100
"pokiest",1,46858898,100
"polios",1,46858899,100
"polkas",1,46858900,100
"polonaises",1,46858901,100
"poltroon",1,46858902,100
"polygraphs",1,46858903,100
"polyhedrons",1,46858904,100
"polymorphic",1,46858905,100
"polynomial",1,46858906,100
"polyphemus",1,46858907,100
"polysyllables",1,46858908,100
"polytechnics",1,46858909,100
"pommels",1,46858910,100
"pones",1,46858911,100
"poniard",1,46858912,100
"pontificated",1,46858913,100
"poohing",1,46858914,100
"popinjay",1,46858915,100
"portaging",1,46858916,100
"portcullises",1,46858917,100
"portended",1,46858918,100
"portending",1,46858919,100
"porticoes",1,46858920,100
"portioning",1,46858921,100
"portliness",1,46858922,100
"portraitists",1,46858923,100
"postcodes",1,46858924,100
"postdate",1,46858925,100
"postdates",1,46858926,100
"postdating",1,46858927,100
"postgraduates",1,46858928,100
"postlude",1,46858929,100
"postludes",1,46858930,100
"postpaid",1,46858931,100
"potentate",1,46858932,100
"pouching",1,46858933,100
"poultices",1,46858934,100
"powerboats",1,46858935,100
"powerlessly",1,46858936,100
"powwowed",1,46858937,100
"powwowing",1,46858938,100
"poxes",1,46858939,100
"practicability",1,46858940,100
"prakrit",1,46858941,100
"prancers",1,46858942,100
"prawned",1,46858943,100
"prearrange",1,46858944,100
"preciseness",1,46858945,100
"precises",1,46858946,100
"precociousness",1,46858947,100
"preconditioning",1,46858948,100
"predetermines",1,46858949,100
"predetermining",1,46858950,100
"preeminently",1,46858951,100
"preexists",1,46858952,100
"prefabricate",1,46858953,100
"prefabricating",1,46858954,100
"prefabrication",1,46858955,100
"prefatory",1,46858956,100
"prehensile",1,46858957,100
"prejudging",1,46858958,100
"premising",1,46858959,100
"premonitory",1,46858960,100
"prepackage",1,46858961,100
"preponderating",1,46858962,100
"prepossessing",1,46858963,100
"preregistering",1,46858964,100
"presetting",1,46858965,100
"pressurizing",1,46858966,100
"presumptuously",1,46858967,100
"presumptuousness",1,46858968,100
"prevaricates",1,46858969,100
"prevaricators",1,46858970,100
"pribilof",1,46858971,100
"pricklier",1,46858972,100
"prickliest",1,46858973,100
"prigs",1,46858974,100
"primness",1,46858975,100
"primps",1,46858976,100
"prioresses",1,46858977,100
"prissiness",1,46858978,100
"prithee",1,46858979,100
"privatest",1,46858980,100
"prizefight",1,46858981,100
"probates",1,46858982,100
"procreated",1,46858983,100
"procreates",1,46858984,100
"procrustes",1,46858985,100
"procures",1,46858986,100
"profanation",1,46858987,100
"proficients",1,46858988,100
"profligates",1,46858989,100
"prohibitory",1,46858990,100
"prolixity",1,46858991,100
"promenading",1,46858992,100
"promontories",1,46858993,100
"pronounceable",1,46858994,100
"propagandizes",1,46858995,100
"propellants",1,46858996,100
"propitiated",1,46858997,100
"proportionals",1,46858998,100
"propositioning",1,46858999,100
"propounding",1,46859000,100
"proprietaries",1,46859001,100
"proprietresses",1,46859002,100
"proscribing",1,46859003,100
"proselytizes",1,46859004,100
"prospected",1,46859005,100
"prostrations",1,46859006,100
"protagoras",1,46859007,100
"protozoa",1,46859008,100
"protozoans",1,46859009,100
"protracting",1,46859010,100
"proudhon",1,46859011,100
"provosts",1,46859012,100
"prows",1,46859013,100
"psalters",1,46859014,100
"pseudos",1,46859015,100
"psychokinesis",1,46859016,100
"psychotherapies",1,46859017,100
"psychs",1,46859018,100
"ptarmigan",1,46859019,100
"pudgier",1,46859020,100
"puffballs",1,46859021,100
"pugilism",1,46859022,100
"pugnacity",1,46859023,100
"pulpiest",1,46859024,100
"pulsars",1,46859025,100
"pulsates",1,46859026,100
"pulverization",1,46859027,100
"punchiest",1,46859028,100
"punctiliously",1,46859029,100
"punic",1,46859030,100
"puniest",1,46859031,100
"pupae",1,46859032,100
"pupal",1,46859033,100
"purgatives",1,46859034,100
"purgatories",1,46859035,100
"purling",1,46859036,100
"purloin",1,46859037,100
"purpler",1,46859038,100
"purulence",1,46859039,100
"purveys",1,46859040,100
"pushiness",1,46859041,100
"pusillanimity",1,46859042,100
"pussyfoot",1,46859043,100
"pussyfoots",1,46859044,100
"puttying",1,46859045,100
"puzzlers",1,46859046,100
"pythias",1,46859047,100
"quacked",1,46859048,100
"quadrangles",1,46859049,100
"quadrangular",1,46859050,100
"quadraphonic",1,46859051,100
"quadrature",1,46859052,100
"quadrilateral",1,46859053,100
"quadrilles",1,46859054,100
"quadriplegia",1,46859055,100
"quahogs",1,46859056,100
"quainter",1,46859057,100
"quantifiers",1,46859058,100
"quarterlies",1,46859059,100
"quartermaster",1,46859060,100
"quartermasters",1,46859061,100
"quartos",1,46859062,100
"quasars",1,46859063,100
"quavers",1,46859064,100
"quavery",1,46859065,100
"queered",1,46859066,100
"quested",1,46859067,100
"quibbler",1,46859068,100
"quibblers",1,46859069,100
"quondam",1,46859070,100
"rabbiting",1,46859071,100
"rabbles",1,46859072,100
"raceme",1,46859073,100
"racily",1,46859074,100
"raciness",1,46859075,100
"radially",1,46859076,100
"radioisotope",1,46859077,100
"raggedness",1,46859078,100
"raglans",1,46859079,100
"ragouts",1,46859080,100
"raillery",1,46859081,100
"rambunctiousness",1,46859082,100
"ramified",1,46859083,100
"ramify",1,46859084,100
"ramrods",1,46859085,100
"rancidity",1,46859086,100
"rangier",1,46859087,100
"rapaciously",1,46859088,100
"rapaciousness",1,46859089,100
"rashness",1,46859090,100
"rathskellers",1,46859091,100
"ravels",1,46859092,100
"reactivates",1,46859093,100
"readjusts",1,46859094,100
"readmit",1,46859095,100
"readmits",1,46859096,100
"reanimating",1,46859097,100
"reappoints",1,46859098,100
"reapportion",1,46859099,100
"reappraise",1,46859100,100
"reappraised",1,46859101,100
"reappraises",1,46859102,100
"rearmament",1,46859103,100
"rearmost",1,46859104,100
"reassembles",1,46859105,100
"reassesses",1,46859106,100
"rebinding",1,46859107,100
"rebroadcasts",1,46859108,100
"recapitulations",1,46859109,100
"receipted",1,46859110,100
"reckonings",1,46859111,100
"recommencing",1,46859112,100
"recompensing",1,46859113,100
"recompilation",1,46859114,100
"recompile",1,46859115,100
"recompiled",1,46859116,100
"recondition",1,46859117,100
"reconditions",1,46859118,100
"reconnoitered",1,46859119,100
"reconnoitering",1,46859120,100
"reconquer",1,46859121,100
"reconquering",1,46859122,100
"reconstitutes",1,46859123,100
"recopy",1,46859124,100
"recopying",1,46859125,100
"recriminating",1,46859126,100
"recrudescence",1,46859127,100
"rectifiers",1,46859128,100
"rectifies",1,46859129,100
"redecorates",1,46859130,100
"redistributor",1,46859131,100
"redoes",1,46859132,100
"redolence",1,46859133,100
"redoubles",1,46859134,100
"redoubts",1,46859135,100
"redounds",1,46859136,100
"reedier",1,46859137,100
"reeducate",1,46859138,100
"reeducated",1,46859139,100
"reelecting",1,46859140,100
"reemerges",1,46859141,100
"reemphasized",1,46859142,100
"reenacts",1,46859143,100
"reenlist",1,46859144,100
"reenlisted",1,46859145,100
"reenlisting",1,46859146,100
"refiling",1,46859147,100
"reforesting",1,46859148,100
"refracts",1,46859149,100
"refurnishing",1,46859150,100
"regexps",1,46859151,100
"regionalisms",1,46859152,100
"regularizing",1,46859153,100
"reimposed",1,46859154,100
"reinserting",1,46859155,100
"relaid",1,46859156,100
"relaxations",1,46859157,100
"relearns",1,46859158,100
"releasable",1,46859159,100
"remits",1,46859160,100
"remonstrate",1,46859161,100
"remonstrates",1,46859162,100
"remoter",1,46859163,100
"rems",1,46859164,100
"remunerate",1,46859165,100
"renascent",1,46859166,100
"rends",1,46859167,100
"renegading",1,46859168,100
"renegotiates",1,46859169,100
"reoccupies",1,46859170,100
"reoccupying",1,46859171,100
"reorgs",1,46859172,100
"repackages",1,46859173,100
"repaints",1,46859174,100
"repasts",1,46859175,100
"repatriates",1,46859176,100
"rephrases",1,46859177,100
"repleted",1,46859178,100
"repletion",1,46859179,100
"reprocesses",1,46859180,100
"reprograms",1,46859181,100
"republishes",1,46859182,100
"repulsing",1,46859183,100
"requisitioning",1,46859184,100
"requite",1,46859185,100
"reschedules",1,46859186,100
"reservedly",1,46859187,100
"resettles",1,46859188,100
"respired",1,46859189,100
"resplendence",1,46859190,100
"restiveness",1,46859191,100
"restrictively",1,46859192,100
"restudy",1,46859193,100
"resupplied",1,46859194,100
"resuscitates",1,46859195,100
"retaliations",1,46859196,100
"retches",1,46859197,100
"retinues",1,46859198,100
"retorting",1,46859199,100
"retouches",1,46859200,100
"retrials",1,46859201,100
"retrievals",1,46859202,100
"retrodden",1,46859203,100
"retrograding",1,46859204,100
"retrogress",1,46859205,100
"retrorockets",1,46859206,100
"reverends",1,46859207,100
"reviler",1,46859208,100
"revivified",1,46859209,100
"revoltingly",1,46859210,100
"revolutionist",1,46859211,100
"revolutionizes",1,46859212,100
"rfcs",1,46859213,100
"rheumatics",1,46859214,100
"ribbentrop",1,46859215,100
"riced",1,46859216,100
"ricking",1,46859217,100
"riffled",1,46859218,100
"rifted",1,46859219,100
"rifting",1,46859220,100
"rightest",1,46859221,100
"rills",1,46859222,100
"roaching",1,46859223,100
"roadbeds",1,46859224,100
"roamer",1,46859225,100
"robocalled",1,46859226,100
"robocalling",1,46859227,100
"rochambeau",1,46859228,100
"rogered",1,46859229,100
"roguishly",1,46859230,100
"roister",1,46859231,100
"rollick",1,46859232,100
"rollicks",1,46859233,100
"romansh",1,46859234,100
"romanticists",1,46859235,100
"romes",1,46859236,100
"roomfuls",1,46859237,100
"roominess",1,46859238,100
"rotaries",1,46859239,100
"roughnecking",1,46859240,100
"routinized",1,46859241,100
"roves",1,46859242,100
"rowdyism",1,46859243,100
"rowel",1,46859244,100
"rubbishes",1,46859245,100
"ruddier",1,46859246,100
"ruddiness",1,46859247,100
"rumoring",1,46859248,100
"rumples",1,46859249,100
"runnels",1,46859250,100
"runniest",1,46859251,100
"rustler",1,46859252,100
"rustproofing",1,46859253,100
"ryukyu",1,46859254,100
"sackful",1,46859255,100
"sadducee",1,46859256,100
"safeness",1,46859257,100
"salesclerk",1,46859258,100
"saltshaker",1,46859259,100
"salvadorians",1,46859260,100
"salving",1,46859261,100
"sanatoriums",1,46859262,100
"sanctimoniously",1,46859263,100
"sanctums",1,46859264,100
"sandblast",1,46859265,100
"sandblaster",1,46859266,100
"sandhogs",1,46859267,100
"sandier",1,46859268,100
"sandmen",1,46859269,100
"sandpapered",1,46859270,100
"sandpapering",1,46859271,100
"sandpapers",1,46859272,100
"sangfroid",1,46859273,100
"sappier",1,46859274,100
"sapsucker",1,46859275,100
"saragossa",1,46859276,100
"sassiest",1,46859277,100
"satirically",1,46859278,100
"saucily",1,46859279,100
"scabbards",1,46859280,100
"scalars",1,46859281,100
"scalawag",1,46859282,100
"scalawags",1,46859283,100
"scalene",1,46859284,100
"scandalize",1,46859285,100
"scanted",1,46859286,100
"scanties",1,46859287,100
"scants",1,46859288,100
"scarifying",1,46859289,100
"scatted",1,46859290,100
"scavenges",1,46859291,100
"schismatics",1,46859292,100
"schlemiels",1,46859293,100
"schliemann",1,46859294,100
"schmaltzier",1,46859295,100
"schmaltziest",1,46859296,100
"scholastically",1,46859297,100
"schoolmarm",1,46859298,100
"schoolmarms",1,46859299,100
"schoolmistresses",1,46859300,100
"schoolrooms",1,46859301,100
"schuss",1,46859302,100
"schussed",1,46859303,100
"schweppes",1,46859304,100
"scintillated",1,46859305,100
"scoldings",1,46859306,100
"scotching",1,46859307,100
"scotchman",1,46859308,100
"scotswoman",1,46859309,100
"scrams",1,46859310,100
"scrawnier",1,46859311,100
"scrawniest",1,46859312,100
"screwballs",1,46859313,100
"scrimshawed",1,46859314,100
"scrounges",1,46859315,100
"scuds",1,46859316,100
"sculled",1,46859317,100
"scullion",1,46859318,100
"scuppering",1,46859319,100
"scurf",1,46859320,100
"scurrilously",1,46859321,100
"seaborg",1,46859322,100
"seamier",1,46859323,100
"seamiest",1,46859324,100
"secluding",1,46859325,100
"secretariats",1,46859326,100
"seediest",1,46859327,100
"seeings",1,46859328,100
"segfault",1,46859329,100
"seismographic",1,46859330,100
"seljuk",1,46859331,100
"semaphored",1,46859332,100
"semaphores",1,46859333,100
"semicircles",1,46859334,100
"semiskilled",1,46859335,100
"sensurround",1,46859336,100
"sententious",1,46859337,100
"sepoy",1,46859338,100
"septuagenarians",1,46859339,100
"sepulchers",1,46859340,100
"sequoya",1,46859341,100
"serenest",1,46859342,100
"serer",1,46859343,100
"sermonized",1,46859344,100
"sermonizes",1,46859345,100
"serpens",1,46859346,100
"serviette",1,46859347,100
"servility",1,46859348,100
"sexagenarians",1,46859349,100
"sexpots",1,46859350,100
"shadiness",1,46859351,100
"shadowboxed",1,46859352,100
"shaggier",1,46859353,100
"shapelier",1,46859354,100
"shapeliest",1,46859355,100
"shapeliness",1,46859356,100
"shareware",1,46859357,100
"sharpers",1,46859358,100
"shavian",1,46859359,100
"sheathes",1,46859360,100
"sheepishness",1,46859361,100
"sheerer",1,46859362,100
"sheikdom",1,46859363,100
"sheikdoms",1,46859364,100
"shellacs",1,46859365,100
"sherbets",1,46859366,100
"shevat",1,46859367,100
"shiftlessness",1,46859368,100
"shimmed",1,46859369,100
"shinnied",1,46859370,100
"shinnying",1,46859371,100
"shintoism",1,46859372,100
"shipwrights",1,46859373,100
"shirr",1,46859374,100
"shirrs",1,46859375,100
"shirtsleeve",1,46859376,100
"shirttails",1,46859377,100
"shoguns",1,46859378,100
"shoplifts",1,46859379,100
"shortenings",1,46859380,100
"shotgunned",1,46859381,100
"showily",1,46859382,100
"showiness",1,46859383,100
"shrewish",1,46859384,100
"shrilling",1,46859385,100
"shrillness",1,46859386,100
"shrinkable",1,46859387,100
"shrubberies",1,46859388,100
"shuffler",1,46859389,100
"shufflers",1,46859390,100
"sibyls",1,46859391,100
"sickbeds",1,46859392,100
"sidearms",1,46859393,100
"sideswipe",1,46859394,100
"sideswipes",1,46859395,100
"sideswiping",1,46859396,100
"sidetracking",1,46859397,100
"sidetracks",1,46859398,100
"sigismund",1,46859399,100
"signalizing",1,46859400,100
"significations",1,46859401,100
"silts",1,46859402,100
"silvering",1,46859403,100
"simper",1,46859404,100
"sinecure",1,46859405,100
"singeing",1,46859406,100
"sinkable",1,46859407,100
"sises",1,46859408,100
"sivan",1,46859409,100
"skedaddles",1,46859410,100
"skimpiness",1,46859411,100
"skyjacked",1,46859412,100
"slabbed",1,46859413,100
"slackly",1,46859414,100
"slakes",1,46859415,100
"slalomed",1,46859416,100
"slantwise",1,46859417,100
"slatterns",1,46859418,100
"slaughterer",1,46859419,100
"sleeks",1,46859420,100
"sleepyheads",1,46859421,100
"sleeted",1,46859422,100
"slenderize",1,46859423,100
"slenderizes",1,46859424,100
"slewing",1,46859425,100
"slightness",1,46859426,100
"slipknots",1,46859427,100
"sloops",1,46859428,100
"slovenians",1,46859429,100
"slovenliness",1,46859430,100
"sluggards",1,46859431,100
"sluicing",1,46859432,100
"smelters",1,46859433,100
"smidgens",1,46859434,100
"smites",1,46859435,100
"smithies",1,46859436,100
"smokehouses",1,46859437,100
"smokiest",1,46859438,100
"smuggest",1,46859439,100
"snaffling",1,46859440,100
"snakiest",1,46859441,100
"snarf",1,46859442,100
"snarkier",1,46859443,100
"snarks",1,46859444,100
"snits",1,46859445,100
"snobbier",1,46859446,100
"snobbiest",1,46859447,100
"snottier",1,46859448,100
"snowbelt",1,46859449,100
"snowblowers",1,46859450,100
"snowplowed",1,46859451,100
"snuffbox",1,46859452,100
"snugger",1,46859453,100
"snugging",1,46859454,100
"soapsuds",1,46859455,100
"soberest",1,46859456,100
"soberness",1,46859457,100
"sociably",1,46859458,100
"soggiest",1,46859459,100
"solaced",1,46859460,100
"solecisms",1,46859461,100
"solemnize",1,46859462,100
"solemnized",1,46859463,100
"solenoids",1,46859464,100
"solidification",1,46859465,100
"soliloquized",1,46859466,100
"soliloquizes",1,46859467,100
"solubility",1,46859468,100
"solubles",1,46859469,100
"sonars",1,46859470,100
"songhai",1,46859471,100
"souping",1,46859472,100
"sourer",1,46859473,100
"souses",1,46859474,100
"southerns",1,46859475,100
"souths",1,46859476,100
"southwester",1,46859477,100
"southwestward",1,46859478,100
"spading",1,46859479,100
"sparer",1,46859480,100
"spasmodically",1,46859481,100
"spays",1,46859482,100
"speedups",1,46859483,100
"spellbind",1,46859484,100
"spellchecks",1,46859485,100
"spelunkers",1,46859486,100
"spencerian",1,46859487,100
"spendthrifts",1,46859488,100
"spieled",1,46859489,100
"spieling",1,46859490,100
"spiels",1,46859491,100
"spillages",1,46859492,100
"spindlier",1,46859493,100
"spinsterhood",1,46859494,100
"spited",1,46859495,100
"spitefulness",1,46859496,100
"spiting",1,46859497,100
"splashdowns",1,46859498,100
"splays",1,46859499,100
"splicers",1,46859500,100
"spookiest",1,46859501,100
"spoonerism",1,46859502,100
"spoor",1,46859503,100
"spottiness",1,46859504,100
"spreed",1,46859505,100
"sprier",1,46859506,100
"spriest",1,46859507,100
"sprightlier",1,46859508,100
"sprightliest",1,46859509,100
"sprightliness",1,46859510,100
"springier",1,46859511,100
"springiest",1,46859512,100
"springiness",1,46859513,100
"spume",1,46859514,100
"spunkiest",1,46859515,100
"spuriously",1,46859516,100
"squanto",1,46859517,100
"squarer",1,46859518,100
"squarest",1,46859519,100
"squaws",1,46859520,100
"squeegeed",1,46859521,100
"squiggled",1,46859522,100
"squinter",1,46859523,100
"stabling",1,46859524,100
"staccatos",1,46859525,100
"stalagmite",1,46859526,100
"staled",1,46859527,100
"stales",1,46859528,100
"stanching",1,46859529,100
"staphylococci",1,46859530,100
"starfishes",1,46859531,100
"starrier",1,46859532,100
"stauncher",1,46859533,100
"staunching",1,46859534,100
"stdio",1,46859535,100
"steads",1,46859536,100
"stealthiest",1,46859537,100
"steelier",1,46859538,100
"steeliest",1,46859539,100
"steeplechases",1,46859540,100
"sternness",1,46859541,100
"sternums",1,46859542,100
"stickups",1,46859543,100
"stiffener",1,46859544,100
"stiffeners",1,46859545,100
"stingily",1,46859546,100
"stinted",1,46859547,100
"stinting",1,46859548,100
"stipples",1,46859549,100
"stodginess",1,46859550,100
"stol",1,46859551,100
"stolidity",1,46859552,100
"stolypin",1,46859553,100
"stomaching",1,46859554,100
"stormier",1,46859555,100
"stoutest",1,46859556,100
"strafes",1,46859557,100
"straggles",1,46859558,100
"straitening",1,46859559,100
"straitjacketed",1,46859560,100
"stratify",1,46859561,100
"stratifying",1,46859562,100
"streakier",1,46859563,100
"strenuousness",1,46859564,100
"streptococcal",1,46859565,100
"stretchiest",1,46859566,100
"stridden",1,46859567,100
"stringency",1,46859568,100
"stringier",1,46859569,100
"striplings",1,46859570,100
"stripteasing",1,46859571,100
"stropped",1,46859572,100
"strops",1,46859573,100
"stubbier",1,46859574,100
"stuccoing",1,46859575,100
"stultifies",1,46859576,100
"stumbler",1,46859577,100
"sturgeons",1,46859578,100
"stutterers",1,46859579,100
"stylizing",1,46859580,100
"stymieing",1,46859581,100
"styptic",1,46859582,100
"suaver",1,46859583,100
"subbasement",1,46859584,100
"subheads",1,46859585,100
"sublets",1,46859586,100
"subornation",1,46859587,100
"suborned",1,46859588,100
"subpoenaing",1,46859589,100
"succinctness",1,46859590,100
"succoring",1,46859591,100
"sucklings",1,46859592,100
"suctions",1,46859593,100
"suffixed",1,46859594,100
"suffusion",1,46859595,100
"summerhouses",1,46859596,100
"summoners",1,46859597,100
"sunbonnets",1,46859598,100
"sundering",1,46859599,100
"sunlamps",1,46859600,100
"superabundance",1,46859601,100
"superconductors",1,46859602,100
"superintended",1,46859603,100
"superintends",1,46859604,100
"superstructures",1,46859605,100
"supervenes",1,46859606,100
"suppliants",1,46859607,100
"suppurate",1,46859608,100
"surceased",1,46859609,100
"surlier",1,46859610,100
"swamis",1,46859611,100
"swampier",1,46859612,100
"swanker",1,46859613,100
"swashes",1,46859614,100
"swashing",1,46859615,100
"swaybacked",1,46859616,100
"sweller",1,46859617,100
"swellings",1,46859618,100
"swilled",1,46859619,100
"swissair",1,46859620,100
"switchable",1,46859621,100
"swizzled",1,46859622,100
"swizzles",1,46859623,100
"swizzling",1,46859624,100
"syllabication",1,46859625,100
"syllabuses",1,46859626,100
"symbolization",1,46859627,100
"syncopate",1,46859628,100
"syncopating",1,46859629,100
"systematizing",1,46859630,100
"tabular",1,46859631,100
"tabulates",1,46859632,100
"tads",1,46859633,100
"taffies",1,46859634,100
"tailspins",1,46859635,100
"talkativeness",1,46859636,100
"tallchief",1,46859637,100
"tallness",1,46859638,100
"tamable",1,46859639,100
"tamarinds",1,46859640,100
"tammuz",1,46859641,100
"tancred",1,46859642,100
"tanganyika",1,46859643,100
"tangiest",1,46859644,100
"tangshan",1,46859645,100
"taoists",1,46859646,100
"tarballs",1,46859647,100
"taring",1,46859648,100
"tarmacked",1,46859649,100
"tarots",1,46859650,100
"tartary",1,46859651,100
"tartest",1,46859652,100
"tasseling",1,46859653,100
"tastelessly",1,46859654,100
"tattlers",1,46859655,100
"tauter",1,46859656,100
"teargassed",1,46859657,100
"teargassing",1,46859658,100
"teasel",1,46859659,100
"technocracy",1,46859660,100
"teethes",1,46859661,100
"telecommutes",1,46859662,100
"telegrapher",1,46859663,100
"telegraphers",1,46859664,100
"telemachus",1,46859665,100
"telethons",1,46859666,100
"telexes",1,46859667,100
"telnet",1,46859668,100
"tenability",1,46859669,100
"tendentiously",1,46859670,100
"tereshkova",1,46859671,100
"terminable",1,46859672,100
"termly",1,46859673,100
"testamentary",1,46859674,100
"testier",1,46859675,100
"testiness",1,46859676,100
"tetrahedron",1,46859677,100
"tetrahedrons",1,46859678,100
"tevet",1,46859679,100
"theiler",1,46859680,100
"theocracies",1,46859681,100
"thesauri",1,46859682,100
"thessaly",1,46859683,100
"thimbleful",1,46859684,100
"thomistic",1,46859685,100
"thrashings",1,46859686,100
"thriftiest",1,46859687,100
"thriftiness",1,46859688,100
"thromboses",1,46859689,100
"thunks",1,46859690,100
"thyroids",1,46859691,100
"tienanmen",1,46859692,100
"tightropes",1,46859693,100
"tightwads",1,46859694,100
"tigresses",1,46859695,100
"tilsit",1,46859696,100
"timetabling",1,46859697,100
"timorously",1,46859698,100
"timpanists",1,46859699,100
"timurid",1,46859700,100
"tingeing",1,46859701,100
"tinging",1,46859702,100
"tinglings",1,46859703,100
"tinnier",1,46859704,100
"tinning",1,46859705,100
"tinseled",1,46859706,100
"tinsmith",1,46859707,100
"tintinnabulation",1,46859708,100
"tintinnabulations",1,46859709,100
"tippled",1,46859710,100
"tipsily",1,46859711,100
"tireder",1,46859712,100
"titillates",1,46859713,100
"tizzies",1,46859714,100
"toadied",1,46859715,100
"tobaccos",1,46859716,100
"toboggans",1,46859717,100
"tonsillectomies",1,46859718,100
"toothiest",1,46859719,100
"topazes",1,46859720,100
"topcoats",1,46859721,100
"topsides",1,46859722,100
"torquemada",1,46859723,100
"torrens",1,46859724,100
"tors",1,46859725,100
"touchier",1,46859726,100
"tourmaline",1,46859727,100
"tousles",1,46859728,100
"tousling",1,46859729,100
"townsmen",1,46859730,100
"towpaths",1,46859731,100
"tracheotomies",1,46859732,100
"traduce",1,46859733,100
"traducing",1,46859734,100
"tragedians",1,46859735,100
"trammeled",1,46859736,100
"trammels",1,46859737,100
"transcaucasia",1,46859738,100
"transfinite",1,46859739,100
"transiency",1,46859740,100
"transliterates",1,46859741,100
"transmigrating",1,46859742,100
"transmittable",1,46859743,100
"transnationals",1,46859744,100
"transoceanic",1,46859745,100
"transposes",1,46859746,100
"transpositions",1,46859747,100
"travailed",1,46859748,100
"travailing",1,46859749,100
"trebling",1,46859750,100
"tremolos",1,46859751,100
"trickiness",1,46859752,100
"trifler",1,46859753,100
"triflers",1,46859754,100
"trifocals",1,46859755,100
"triplicated",1,46859756,100
"triply",1,46859757,100
"tripos",1,46859758,100
"trippe",1,46859759,100
"triptychs",1,46859760,100
"trisected",1,46859761,100
"trivially",1,46859762,100
"trollops",1,46859763,100
"tromps",1,46859764,100
"troubleshoots",1,46859765,100
"troweling",1,46859766,100
"truces",1,46859767,100
"trumpery",1,46859768,100
"truncates",1,46859769,100
"truncation",1,46859770,100
"trunking",1,46859771,100
"trusteeships",1,46859772,100
"trustfulness",1,46859773,100
"tsiolkovsky",1,46859774,100
"tsongkhapa",1,46859775,100
"tubbier",1,46859776,100
"tuberculous",1,46859777,100
"tucuman",1,46859778,100
"tumbrels",1,46859779,100
"tunefully",1,46859780,100
"turbojets",1,46859781,100
"turkestan",1,46859782,100
"turnabouts",1,46859783,100
"turnkeys",1,46859784,100
"turtledoves",1,46859785,100
"tussocks",1,46859786,100
"twanged",1,46859787,100
"twilled",1,46859788,100
"twinging",1,46859789,100
"twofers",1,46859790,100
"tympanum",1,46859791,100
"typewriting",1,46859792,100
"typhus",1,46859793,100
"tyrannous",1,46859794,100
"tyros",1,46859795,100
"ubangi",1,46859796,100
"ucayali",1,46859797,100
"ultrasuede",1,46859798,100
"ulyanovsk",1,46859799,100
"umiak",1,46859800,100
"umiaks",1,46859801,100
"unacceptability",1,46859802,100
"unbarred",1,46859803,100
"unbarring",1,46859804,100
"unbend",1,46859805,100
"unbolt",1,46859806,100
"unbolted",1,46859807,100
"unbolting",1,46859808,100
"unbuckles",1,46859809,100
"uncatalogued",1,46859810,100
"unclasp",1,46859811,100
"uncomplimentary",1,46859812,100
"unconcernedly",1,46859813,100
"uncouple",1,46859814,100
"uncoupled",1,46859815,100
"unctions",1,46859816,100
"unctuously",1,46859817,100
"underachieves",1,46859818,100
"underbellies",1,46859819,100
"underbid",1,46859820,100
"undercarriages",1,46859821,100
"undercoating",1,46859822,100
"underfeeding",1,46859823,100
"underhandedly",1,46859824,100
"underlain",1,46859825,100
"underneaths",1,46859826,100
"underrates",1,46859827,100
"undersells",1,46859828,100
"undershoot",1,46859829,100
"understatements",1,46859830,100
"undesirability",1,46859831,100
"undiscriminating",1,46859832,100
"undoings",1,46859833,100
"unexampled",1,46859834,100
"unfetter",1,46859835,100
"unfetters",1,46859836,100
"unfits",1,46859837,100
"ungava",1,46859838,100
"ungulate",1,46859839,100
"ungulates",1,46859840,100
"unhand",1,46859841,100
"unhinges",1,46859842,100
"unhitches",1,46859843,100
"unhorsed",1,46859844,100
"unimplemented",1,46859845,100
"uninstaller",1,46859846,100
"uniroyal",1,46859847,100
"unkindest",1,46859848,100
"unlatches",1,46859849,100
"unlatching",1,46859850,100
"unloosing",1,46859851,100
"unluckier",1,46859852,100
"unman",1,46859853,100
"unmannerly",1,46859854,100
"unmissed",1,46859855,100
"unpin",1,46859856,100
"unpinning",1,46859857,100
"unplumbed",1,46859858,100
"unpremeditated",1,46859859,100
"unquoted",1,46859860,100
"unsaddled",1,46859861,100
"unsafest",1,46859862,100
"unsealing",1,46859863,100
"unseats",1,46859864,100
"unset",1,46859865,100
"unsheathe",1,46859866,100
"unsheathes",1,46859867,100
"unsnap",1,46859868,100
"unsnapping",1,46859869,100
"unstop",1,46859870,100
"unstopping",1,46859871,100
"untiringly",1,46859872,100
"untwist",1,46859873,100
"unvoiced",1,46859874,100
"unwonted",1,46859875,100
"upbraid",1,46859876,100
"upbraids",1,46859877,100
"uppercutting",1,46859878,100
"upshots",1,46859879,100
"upstarting",1,46859880,100
"upswings",1,46859881,100
"upturning",1,46859882,100
"urania",1,46859883,100
"utilitarians",1,46859884,100
"vaccinates",1,46859885,100
"vacillations",1,46859886,100
"vacuously",1,46859887,100
"valeted",1,46859888,100
"valeting",1,46859889,100
"valving",1,46859890,100
"vamoosed",1,46859891,100
"vamoosing",1,46859892,100
"vanadium",1,46859893,100
"vanned",1,46859894,100
"variably",1,46859895,100
"varlet",1,46859896,100
"vassalage",1,46859897,100
"veeps",1,46859898,100
"velcros",1,46859899,100
"velours",1,46859900,100
"vends",1,46859901,100
"veneered",1,46859902,100
"venomously",1,46859903,100
"venturous",1,46859904,100
"verbalizes",1,46859905,100
"versifying",1,46859906,100
"versing",1,46859907,100
"vestries",1,46859908,100
"vetches",1,46859909,100
"vibraphones",1,46859910,100
"vibratos",1,46859911,100
"victual",1,46859912,100
"victualing",1,46859913,100
"videocassettes",1,46859914,100
"viler",1,46859915,100
"villeins",1,46859916,100
"viols",1,46859917,100
"viragoes",1,46859918,100
"virgie",1,46859919,100
"virtuousness",1,46859920,100
"visayans",1,46859921,100
"viscounts",1,46859922,100
"visigoth",1,46859923,100
"vising",1,46859924,100
"vitalized",1,46859925,100
"vitiated",1,46859926,100
"vitiates",1,46859927,100
"vituperate",1,46859928,100
"vivaciously",1,46859929,100
"vivifies",1,46859930,100
"vivify",1,46859931,100
"vivifying",1,46859932,100
"viziers",1,46859933,100
"vladivostok",1,46859934,100
"vocatives",1,46859935,100
"voltaic",1,46859936,100
"volubility",1,46859937,100
"voluntaries",1,46859938,100
"voluptuary",1,46859939,100
"voodooed",1,46859940,100
"votary",1,46859941,100
"vulcanize",1,46859942,100
"vulcanizing",1,46859943,100
"vulgarest",1,46859944,100
"vulgarized",1,46859945,100
"vulgarizes",1,46859946,100
"wagoners",1,46859947,100
"wanderlusts",1,46859948,100
"warez",1,46859949,100
"warhorses",1,46859950,100
"warrantied",1,46859951,100
"washables",1,46859952,100
"washbasins",1,46859953,100
"washbowl",1,46859954,100
"washerwoman",1,46859955,100
"washstand",1,46859956,100
"wassails",1,46859957,100
"wassermann",1,46859958,100
"wastrels",1,46859959,100
"watchfully",1,46859960,100
"watercourse",1,46859961,100
"waterspout",1,46859962,100
"wavelet",1,46859963,100
"waylay",1,46859964,100
"waylays",1,46859965,100
"waysides",1,46859966,100
"waywardly",1,46859967,100
"waywardness",1,46859968,100
"wealthiness",1,46859969,100
"wearier",1,46859970,100
"weatherproofed",1,46859971,100
"weediest",1,46859972,100
"weightiest",1,46859973,100
"welshed",1,46859974,100
"welshes",1,46859975,100
"weltered",1,46859976,100
"westerlies",1,46859977,100
"westernizing",1,46859978,100
"wetbacks",1,46859979,100
"wetly",1,46859980,100
"whamming",1,46859981,100
"whatchamacallits",1,46859982,100
"wheal",1,46859983,100
"wheelbases",1,46859984,100
"whelped",1,46859985,100
"whipcord",1,46859986,100
"whippoorwill",1,46859987,100
"whiskys",1,46859988,100
"whitewall",1,46859989,100
"whitsunday",1,46859990,100
"whittler",1,46859991,100
"wiemar",1,46859992,100
"wigglers",1,46859993,100
"wildcatting",1,46859994,100
"wiled",1,46859995,100
"wilier",1,46859996,100
"willemstad",1,46859997,100
"wimpier",1,46859998,100
"wimpiest",1,46859999,100
"wimples",1,46860000,100
"winching",1,46860001,100
"windbreaks",1,46860002,100
"windiness",1,46860003,100
"windjammers",1,46860004,100
"windpipes",1,46860005,100
"windsocks",1,46860006,100
"windsurfs",1,46860007,100
"wingspread",1,46860008,100
"wirelesses",1,46860009,100
"wisecracked",1,46860010,100
"wises",1,46860011,100
"wispier",1,46860012,100
"wispiest",1,46860013,100
"womanize",1,46860014,100
"womenfolks",1,46860015,100
"woodcraft",1,46860016,100
"woodpiles",1,46860017,100
"woolens",1,46860018,100
"woolite",1,46860019,100
"woolongong",1,46860020,100
"worcesters",1,46860021,100
"wordier",1,46860022,100
"wordiness",1,46860023,100
"worldlier",1,46860024,100
"wormier",1,46860025,100
"worrywarts",1,46860026,100
"wringers",1,46860027,100
"wrinklier",1,46860028,100
"wrongheadedness",1,46860029,100
"wryest",1,46860030,100
"wycherley",1,46860031,100
"xanthippe",1,46860032,100
"xcvi",1,46860033,100
"xochipilli",1,46860034,100
"xref",1,46860035,100
"xxxiii",1,46860036,100
"yacc",1,46860037,100
"yalu",1,46860038,100
"yamoussoukro",1,46860039,100
"yardages",1,46860040,100
"yardarms",1,46860041,100
"yawed",1,46860042,100
"yawing",1,46860043,100
"yellower",1,46860044,100
"yellowest",1,46860045,100
"yens",1,46860046,100
"yessing",1,46860047,100
"yevtushenko",1,46860048,100
"yowled",1,46860049,100
"yttrium",1,46860050,100
"yuckiest",1,46860051,100
"yuletides",1,46860052,100
"zambians",1,46860053,100
"zealousness",1,46860054,100
"zebu",1,46860055,100
"zeniths",1,46860056,100
"zenned",1,46860057,100
"zephyrs",1,46860058,100
"zestful",1,46860059,100
"zincs",1,46860060,100
"zippering",1,46860061,100
"zippiest",1,46860062,100
"zithers",1,46860063,100
"zomba",1,46860064,100
"zorch",1,46860065,100
"zyuganov",1,46860066,100
