"value","count","cumsum","pct"
"looking forward seeing",827,827,0.15
"keep good work",567,1394,0.25
"just got home",496,1890,0.34
"let know think",468,2358,0.43
"check www com",467,2825,0.51
"st patrick day",441,3266,0.59
"let know need",419,3685,0.67
"dreams come true",417,4102,0.74
"just let know",409,4511,0.82
"www facebook com",399,4910,0.89
"just got done",381,5291,0.96
"happy birthday hope",377,5668,1.03
"happy th birthday",371,6039,1.1
"don feel like",368,6407,1.16
"hope feel better",362,6769,1.23
"visit www com",361,7130,1.29
"happy valentine day",356,7486,1.36
"cake cake cake",344,7830,1.42
"today good day",328,8158,1.48
"thanks kind words",313,8471,1.54
"dream come true",308,8779,1.59
"happy valentines day",302,9081,1.65
"good morning happy",298,9379,1.7
"keep great work",294,9673,1.76
"really looking forward",291,9964,1.81
"happy birthday love",284,10248,1.86
"sounds like great",284,10532,1.91
"let know help",280,10812,1.96
"good morning world",279,11091,2.01
"sounds like fun",277,11368,2.06
"thanks follow love",277,11645,2.11
"thanks following twitter",272,11917,2.16
"come say hi",263,12180,2.21
"thanks follow hope",259,12439,2.26
"looking forward meeting",258,12697,2.31
"think like man",256,12953,2.35
"makes feel like",252,13205,2.4
"sounds like good",249,13454,2.44
"wish happy birthday",249,13703,2.49
"don want go",247,13950,2.53
"new years eve",240,14190,2.58
"today last day",240,14430,2.62
"website www com",235,14665,2.66
"looking forward tweets",234,14899,2.71
"go www com",233,15132,2.75
"time last night",232,15364,2.79
"good morning twitter",231,15595,2.83
"looking forward hearing",231,15826,2.87
"good morning hope",228,16054,2.92
"make sure check",225,16279,2.96
"blah blah blah",223,16502,3
"great way start",223,16725,3.04
"make feel better",223,16948,3.08
"having great time",221,17169,3.12
"did great job",215,17384,3.16
"having great day",215,17599,3.2
"thanks new followers",215,17814,3.23
"thanks letting know",214,18028,3.27
"la la la",213,18241,3.31
"let know want",211,18452,3.35
"sounds like plan",209,18661,3.39
"just got new",207,18868,3.43
"looking forward great",203,19071,3.46
"happy st patrick",202,19273,3.5
"just watching tv",201,19474,3.54
"make sure get",201,19675,3.57
"new year eve",200,19875,3.61
"way start day",199,20074,3.65
"feel like going",193,20267,3.68
"good luck today",188,20455,3.71
"just make sure",187,20642,3.75
"looks like going",185,20827,3.78
"welcome new followers",182,21009,3.82
"get real rewards",178,21187,3.85
"make sure follow",178,21365,3.88
"really really really",178,21543,3.91
"thanks follow looking",178,21721,3.94
"go go go",175,21896,3.98
"really don want",175,22071,4.01
"work work work",175,22246,4.04
"today great day",171,22417,4.07
"hope good day",164,22581,4.1
"let know get",163,22744,4.13
"good luck tonight",162,22906,4.16
"makes feel better",162,23068,4.19
"looking forward reading",158,23226,4.22
"hey hey hey",156,23382,4.25
"hey just met",156,23538,4.27
"thank kind words",156,23694,4.3
"make feel like",153,23847,4.33
"don want get",152,23999,4.36
"good morning good",152,24151,4.39
"let know goes",152,24303,4.41
"don know going",150,24453,4.44
"looks like great",148,24601,4.47
"let just say",147,24748,4.49
"don forget follow",146,24894,4.52
"good morning beautiful",146,25040,4.55
"big time rush",145,25185,4.57
"feel like just",145,25330,4.6
"great day today",144,25474,4.63
"happy th july",144,25618,4.65
"just met crazy",142,25760,4.68
"memorial day weekend",142,25902,4.7
"let know like",141,26043,4.73
"looking forward working",140,26183,4.75
"let know questions",139,26322,4.78
"oh oh oh",139,26461,4.81
"giving away free",137,26598,4.83
"just sent email",136,26734,4.85
"don want miss",132,26866,4.88
"let make happen",132,26998,4.9
"really don know",132,27130,4.93
"doing great job",131,27261,4.95
"having good day",131,27392,4.97
"hi thanks following",130,27522,5
"just feel like",130,27652,5.02
"don know just",129,27781,5.04
"thanks follow great",129,27910,5.07
"just got work",125,28035,5.09
"looking forward getting",123,28158,5.11
"did really just",122,28280,5.14
"thanks following hope",122,28402,5.16
"feel like doing",121,28523,5.18
"going good day",121,28644,5.2
"just got phone",121,28765,5.22
"good morning great",120,28885,5.25
"happy birthday happy",120,29005,5.27
"mi run nike",120,29125,5.29
"good things come",119,29244,5.31
"happy birthday best",118,29362,5.33
"thanks follow look",118,29480,5.35
"great meeting today",117,29597,5.37
"looking forward weekend",116,29713,5.4
"social media marketing",116,29829,5.42
"happy happy birthday",115,29944,5.44
"make look like",115,30059,5.46
"star wars day",114,30173,5.48
"labor day weekend",113,30286,5.5
"looking forward tonight",113,30399,5.52
"just saw tweet",112,30511,5.54
"did just say",111,30622,5.56
"go school tomorrow",111,30733,5.58
"happy st day",111,30844,5.6
"good luck tomorrow",109,30953,5.62
"hope wonderful day",109,31062,5.64
"like don know",109,31171,5.66
"new england patriots",109,31280,5.68
"did last night",108,31388,5.7
"happy happy happy",108,31496,5.72
"just trying get",108,31604,5.74
"don know say",107,31711,5.76
"don really know",106,31817,5.78
"know don know",106,31923,5.8
"chocolate chip cookies",105,32028,5.82
"looking forward tomorrow",104,32132,5.83
"thanks following love",104,32236,5.85
"hi thanks follow",103,32339,5.87
"don feel good",102,32441,5.89
"follow new account",101,32542,5.91
"let know anything",101,32643,5.93
"tell friends follow",101,32744,5.95
"tweet tweet tweet",101,32845,5.96
"don really care",100,32945,5.98
"gonna good day",100,33045,6
"looking forward having",100,33145,6.02
"don forget check",99,33244,6.04
"feel like need",99,33343,6.05
"let go let",99,33442,6.07
"thank thank thank",99,33541,6.09
"chance win free",98,33639,6.11
"com tag song",98,33737,6.13
"couple weeks ago",98,33835,6.14
"don feel bad",98,33933,6.16
"new year resolution",98,34031,6.18
"having good time",97,34128,6.2
"just getting started",97,34225,6.22
"looking forward new",97,34322,6.23
"new year new",97,34419,6.25
"www com tag",97,34516,6.27
"don know don",96,34612,6.29
"april fools day",95,34707,6.3
"don know means",95,34802,6.32
"follow new twitter",95,34897,6.34
"good morning friends",95,34992,6.35
"just got email",95,35087,6.37
"doors open pm",94,35181,6.39
"know need help",94,35275,6.41
"days like today",93,35368,6.42
"don know want",93,35461,6.44
"let know find",93,35554,6.46
"make great day",93,35647,6.47
"new music video",93,35740,6.49
"thanks glad like",93,35833,6.51
"thanks helping spread",93,35926,6.52
"birthday hope great",92,36018,6.54
"just let go",92,36110,6.56
"use promo code",92,36202,6.57
"happy father day",91,36293,6.59
"just little bit",91,36384,6.61
"let know interested",91,36475,6.62
"let know time",91,36566,6.64
"want make sure",91,36657,6.66
"don look like",90,36747,6.67
"just saw guy",89,36836,6.69
"don know talking",88,36924,6.71
"don want hear",87,37011,6.72
"good morning love",87,37098,6.74
"looks like fun",87,37185,6.75
"looks like just",87,37272,6.77
"really don care",87,37359,6.78
"don know like",86,37445,6.8
"make sure stop",86,37531,6.82
"makes feel good",86,37617,6.83
"mi run time",86,37703,6.85
"new favorite song",86,37789,6.86
"don know people",85,37874,6.88
"just got real",85,37959,6.89
"law tip day",85,38044,6.91
"like good idea",85,38129,6.92
"looking forward connecting",85,38214,6.94
"morning happy friday",85,38299,6.95
"thanks really appreciate",85,38384,6.97
"www com check",85,38469,6.99
"add boston add",84,38553,7
"boston add boston",84,38637,7.02
"going great day",84,38721,7.03
"goodnight sweet dreams",84,38805,7.05
"texas family law",84,38889,7.06
"thanks follow happy",84,38973,7.08
"thanks following looking",84,39057,7.09
"things get better",84,39141,7.11
"certified wet contest",83,39224,7.12
"club drama want",83,39307,7.14
"contest friday club",83,39390,7.15
"drama want get",83,39473,7.17
"friday club drama",83,39556,7.18
"silk tie likes",83,39639,7.2
"sing happy birthday",83,39722,7.21
"sounds like need",83,39805,7.23
"wet contest friday",83,39888,7.24
"best day life",82,39970,7.26
"cross auto update",82,40052,7.27
"happy labor day",82,40134,7.29
"really don like",82,40216,7.3
"really wanna go",82,40298,7.32
"thanks happy friday",82,40380,7.33
"don know know",81,40461,7.35
"happy birthday beautiful",81,40542,7.36
"happy birthday great",81,40623,7.38
"looking forward learning",81,40704,7.39
"mi run pace",81,40785,7.41
"happy veterans day",80,40865,7.42
"looks like gonna",80,40945,7.44
"best way get",79,41024,7.45
"don know get",79,41103,7.46
"having great weekend",79,41182,7.48
"like years ago",79,41261,7.49
"thanks came last",79,41340,7.51
"thanks follow let",79,41419,7.52
"www com www",79,41498,7.54
"follow biggest fan",78,41576,7.55
"good luck hope",78,41654,7.56
"great way end",78,41732,7.58
"los angeles ca",78,41810,7.59
"people just don",78,41888,7.61
"don just love",77,41965,7.62
"thanks follow check",77,42042,7.63
"green bay packers",76,42118,7.65
"haters gonna hate",76,42194,7.66
"looks like good",76,42270,7.68
"morning hope great",76,42346,7.69
"peanut butter jelly",76,42422,7.7
"send direct message",76,42498,7.72
"www com get",76,42574,7.73
"www party com",76,42650,7.74
"coming last night",75,42725,7.76
"don know doing",75,42800,7.77
"don think anyone",75,42875,7.79
"feel like getting",75,42950,7.8
"just saw commercial",75,43025,7.81
"like facebook page",75,43100,7.83
"tonight looking forward",75,43175,7.84
"comic strip live",74,43249,7.85
"going bed early",74,43323,7.87
"like last year",74,43397,7.88
"thanks glad liked",74,43471,7.89
"thanks hard work",74,43545,7.91
"available customer area",73,43618,7.92
"don forget get",73,43691,7.93
"don want talk",73,43764,7.95
"get day started",73,43837,7.96
"new year resolutions",73,43910,7.97
"new years resolution",73,43983,7.99
"baby light world",72,44055,8
"check facebook page",72,44127,8.01
"did good job",72,44199,8.03
"get get get",72,44271,8.04
"happy pi day",72,44343,8.05
"happy st patty",72,44415,8.07
"hate people say",72,44487,8.08
"know need anything",72,44559,8.09
"new website www",72,44631,8.1
"don know love",71,44702,8.12
"don think going",71,44773,8.13
"happy star wars",71,44844,8.14
"interview wednesday ct",71,44915,8.16
"keep doing thing",71,44986,8.17
"let know thanks",71,45057,8.18
"long way go",71,45128,8.19
"looks like got",71,45199,8.21
"rip donna summer",71,45270,8.22
"thanks hope great",71,45341,8.23
"yeah yeah yeah",71,45412,8.25
"don forget vote",70,45482,8.26
"don want know",70,45552,8.27
"facebook www facebook",70,45622,8.28
"just got word",70,45692,8.3
"monday night football",70,45762,8.31
"thanks follow following",70,45832,8.32
"come say hello",69,45901,8.34
"don know anything",69,45970,8.35
"don know feel",69,46039,8.36
"don know think",69,46108,8.37
"don really like",69,46177,8.39
"hope doing great",69,46246,8.4
"make sure come",69,46315,8.41
"morning good morning",69,46384,8.42
"need followers follow",69,46453,8.44
"need go sleep",69,46522,8.45
"th birthday love",69,46591,8.46
"thanks following great",69,46660,8.47
"boy meets world",68,46728,8.49
"don know anyone",68,46796,8.5
"full time job",68,46864,8.51
"happy birthday enjoy",68,46932,8.52
"happy birthday man",68,47000,8.53
"like don like",68,47068,8.55
"looking forward watching",68,47136,8.56
"night sweet dreams",68,47204,8.57
"book award winning",67,47271,8.58
"busy day today",67,47338,8.6
"don know anymore",67,47405,8.61
"eat ice cream",67,47472,8.62
"go school today",67,47539,8.63
"hope good time",67,47606,8.64
"just letting know",67,47673,8.66
"make sure don",67,47740,8.67
"really don wanna",67,47807,8.68
"sounds like perfect",67,47874,8.69
"april th pm",66,47940,8.71
"burned calories doing",66,48006,8.72
"gray rainbow journey",66,48072,8.73
"happy birthday good",66,48138,8.74
"love like love",66,48204,8.75
"novel gray rainbow",66,48270,8.77
"put smile face",66,48336,8.78
"thanks follow guys",66,48402,8.79
"time offer contact",66,48468,8.8
"winning novel gray",66,48534,8.81
"blog www com",65,48599,8.83
"calories doing minutes",65,48664,8.84
"feel like gonna",65,48729,8.85
"hope don get",65,48794,8.86
"journey limited time",65,48859,8.87
"let know love",65,48924,8.88
"like good time",65,48989,8.9
"like like like",65,49054,8.91
"looks like might",65,49119,8.92
"rainbow journey limited",65,49184,8.93
"run pace mi",65,49249,8.94
"seen long time",65,49314,8.96
"thank looking forward",65,49379,8.97
"week stay tuned",65,49444,8.98
"doing good job",64,49508,8.99
"follow new page",64,49572,9
"happy birthday today",64,49636,9.01
"help let know",64,49700,9.03
"just bought new",64,49764,9.04
"stop acting like",64,49828,9.05
"take deep breath",64,49892,9.06
"thanks glad enjoyed",64,49956,9.07
"today going good",64,50020,9.08
"wait go home",64,50084,9.09
"amazing last night",63,50147,9.11
"getting better better",63,50210,9.12
"go hand hand",63,50273,9.13
"good luck finals",63,50336,9.14
"good morning everybody",63,50399,9.15
"happy founders day",63,50462,9.16
"light end tunnel",63,50525,9.18
"looking forward day",63,50588,9.19
"new server ready",63,50651,9.2
"teacher appreciation week",63,50714,9.21
"th tweet goes",63,50777,9.22
"want want want",63,50840,9.23
"wow just wow",63,50903,9.24
"goes long way",62,50965,9.25
"good morning today",62,51027,9.27
"happy fathers day",62,51089,9.28
"happy th anniversary",62,51151,9.29
"just got tickets",62,51213,9.3
"welcome looking forward",62,51275,9.31
"work hard play",62,51337,9.32
"year ago today",62,51399,9.33
"buffalo wild wings",61,51460,9.34
"follow make day",61,51521,9.36
"getting tweet make",61,51582,9.37
"good things happen",61,51643,9.38
"happy memorial day",61,51704,9.39
"late last night",61,51765,9.4
"let go heat",61,51826,9.41
"looking forward year",61,51887,9.42
"make day better",61,51948,9.43
"night taught dreams",61,52009,9.44
"putting finishing touches",61,52070,9.46
"sorry took long",61,52131,9.47
"start new year",61,52192,9.48
"thanks follow like",61,52253,9.49
"thanks following look",61,52314,9.5
"time last year",61,52375,9.51
"use coupon code",61,52436,9.52
"week looking forward",61,52497,9.53
"account got hacked",60,52557,9.54
"best thing happened",60,52617,9.55
"better wine guide",60,52677,9.57
"don tell anyone",60,52737,9.58
"following twitter don",60,52797,9.59
"happy monday hope",60,52857,9.6
"just started following",60,52917,9.61
"let go get",60,52977,9.62
"like old times",60,53037,9.63
"looking forward week",60,53097,9.64
"looks like need",60,53157,9.65
"love hate relationship",60,53217,9.66
"make sure go",60,53277,9.67
"mom mother day",60,53337,9.69
"thanks good luck",60,53397,9.7
"thought let know",60,53457,9.71
"doing right thing",59,53516,9.72
"famous comic strip",59,53575,9.73
"free www com",59,53634,9.74
"hey long time",59,53693,9.75
"looking forward going",59,53752,9.76
"san francisco chronicle",59,53811,9.77
"wanted say hi",59,53870,9.78
"wishes come true",59,53929,9.79
"account support follow",58,53987,9.8
"check new website",58,54045,9.81
"cool let know",58,54103,9.82
"did last year",58,54161,9.84
"don forget stop",58,54219,9.85
"good luck getting",58,54277,9.86
"good luck new",58,54335,9.87
"just got better",58,54393,9.88
"like don care",58,54451,9.89
"like good day",58,54509,9.9
"looking forward sharing",58,54567,9.91
"new day new",58,54625,9.92
"people need stop",58,54683,9.93
"big things coming",57,54740,9.94
"come check new",57,54797,9.95
"concert last night",57,54854,9.96
"couple days ago",57,54911,9.97
"excellence act habit",57,54968,9.98
"feel like got",57,55025,9.99
"good way start",57,55082,10
"happy st birthday",57,55139,10.01
"just wait till",57,55196,10.02
"taught dreams guys",57,55253,10.03
"wish best luck",57,55310,10.04
"www com click",57,55367,10.05
"concert meet greet",56,55423,10.06
"don know got",56,55479,10.07
"email address send",56,55535,10.08
"following better wine",56,55591,10.09
"get ice cream",56,55647,10.11
"go spurs go",56,55703,10.12
"great meeting last",56,55759,10.13
"having great week",56,55815,10.14
"hope good weekend",56,55871,10.15
"keeping fingers crossed",56,55927,10.16
"matter don mind",56,55983,10.17
"need go bed",56,56039,10.18
"strip live nyc",56,56095,10.19
"thanks following better",56,56151,10.2
"went high school",56,56207,10.21
"actions speak louder",55,56262,10.22
"check let know",55,56317,10.23
"come visit soon",55,56372,10.24
"just got twitter",55,56427,10.25
"keep fingers crossed",55,56482,10.26
"meet last night",55,56537,10.27
"thanks follow keep",55,56592,10.28
"wait hear new",55,56647,10.29
"way start week",55,56702,10.3
"awesome looking forward",54,56756,10.31
"blast last night",54,56810,10.32
"chance win tickets",54,56864,10.33
"day like today",54,56918,10.34
"don think seen",54,56972,10.35
"done done done",54,57026,10.36
"free comic book",54,57080,10.37
"happy birthday amazing",54,57134,10.38
"let go rangers",54,57188,10.38
"like great day",54,57242,10.39
"makes want go",54,57296,10.4
"new twitter account",54,57350,10.41
"thank means lot",54,57404,10.42
"thanks means lot",54,57458,10.43
"today literary history",54,57512,10.44
"tomorrow looking forward",54,57566,10.45
"dc concert meet",53,57619,10.46
"does make sense",53,57672,10.47
"feel like watching",53,57725,10.48
"good morning just",53,57778,10.49
"great new year",53,57831,10.5
"happy birthday girl",53,57884,10.51
"happy birthday thanks",53,57937,10.52
"job last night",53,57990,10.53
"let know make",53,58043,10.54
"looking forward playing",53,58096,10.55
"march th pm",53,58149,10.56
"occupy wall street",53,58202,10.57
"sale www com",53,58255,10.58
"speak louder words",53,58308,10.59
"thank great day",53,58361,10.6
"thanks follow good",53,58414,10.61
"today good luck",53,58467,10.62
"washington dc concert",53,58520,10.63
"welcome thanks following",53,58573,10.64
"best part day",52,58625,10.65
"day high school",52,58677,10.66
"don know make",52,58729,10.66
"don make sense",52,58781,10.67
"don want leave",52,58833,10.68
"feel like haven",52,58885,10.69
"get job done",52,58937,10.7
"get nails done",52,58989,10.71
"good morning thanks",52,59041,10.72
"just gonna go",52,59093,10.73
"keep mouth shut",52,59145,10.74
"keep spreading word",52,59197,10.75
"mom mothers day",52,59249,10.76
"morning happy monday",52,59301,10.77
"new year hope",52,59353,10.78
"read hunger games",52,59405,10.79
"thanks man appreciate",52,59457,10.8
"today happy birthday",52,59509,10.81
"want ice cream",52,59561,10.82
"young wild free",52,59613,10.83
"awesome let know",51,59664,10.83
"finally got twitter",51,59715,10.84
"find let know",51,59766,10.85
"find way get",51,59817,10.86
"follow chance win",51,59868,10.87
"follow hope entertained",51,59919,10.88
"food fact day",51,59970,10.89
"going school tomorrow",51,60021,10.9
"gonna great day",51,60072,10.91
"good morning people",51,60123,10.92
"hope entertained read",51,60174,10.93
"info www com",51,60225,10.94
"let know going",51,60276,10.95
"let know works",51,60327,10.95
"life worth living",51,60378,10.96
"like way think",51,60429,10.97
"looking forward checking",51,60480,10.98
"national grilled cheese",51,60531,10.99
"oh know just",51,60582,11
"performance last night",51,60633,11.01
"play video games",51,60684,11.02
"really really good",51,60735,11.03
"really really want",51,60786,11.04
"shots shots shots",51,60837,11.05
"thank look forward",51,60888,11.06
"trainer max body",51,60939,11.07
"website coming soon",51,60990,11.08
"wine guide following",51,61041,11.08
"yr old son",51,61092,11.09
"bed good night",50,61142,11.1
"days left school",50,61192,11.11
"don know good",50,61242,11.12
"don think get",50,61292,11.13
"don think just",50,61342,11.14
"facebook fan page",50,61392,11.15
"happy birthday favorite",50,61442,11.16
"let know got",50,61492,11.17
"like last night",50,61542,11.18
"make look good",50,61592,11.18
"really appreciate support",50,61642,11.19
"really don understand",50,61692,11.2
"repeatedly excellence act",50,61742,11.21
"rock roll hall",50,61792,11.22
"weekend looking forward",50,61842,11.23
"birthday kind donuts",49,61891,11.24
"definitely let know",49,61940,11.25
"doing great things",49,61989,11.26
"don think know",49,62038,11.27
"donuts like dd",49,62087,11.27
"feel like crying",49,62136,11.28
"great customer service",49,62185,11.29
"happy birthday kind",49,62234,11.3
"happy opening day",49,62283,11.31
"hot chili peppers",49,62332,11.32
"just go away",49,62381,11.33
"just started watching",49,62430,11.34
"just thought let",49,62479,11.35
"kind donuts like",49,62528,11.35
"let games begin",49,62577,11.36
"let know come",49,62626,11.37
"let know ready",49,62675,11.38
"make eye contact",49,62724,11.39
"oh don know",49,62773,11.4
"pm don miss",49,62822,11.41
"th july weekend",49,62871,11.42
"thank hard work",49,62920,11.43
"tomorrow big day",49,62969,11.43
"won want miss",49,63018,11.44
"completed food exercise",48,63066,11.45
"day good day",48,63114,11.46
"day great day",48,63162,11.47
"follow get followers",48,63210,11.48
"food exercise diary",48,63258,11.49
"get new phone",48,63306,11.5
"going bed goodnight",48,63354,11.5
"gotta go work",48,63402,11.51
"hard play hard",48,63450,11.52
"holiday season app",48,63498,11.53
"looking forward catching",48,63546,11.54
"president united states",48,63594,11.55
"really don think",48,63642,11.56
"san antonio tx",48,63690,11.57
"welcome max life",48,63738,11.57
"birthday love follow",47,63785,11.58
"day just got",47,63832,11.59
"dynamic ip server",47,63879,11.6
"fifty shades grey",47,63926,11.61
"gas gas gas",47,63973,11.62
"going bed night",47,64020,11.63
"good food good",47,64067,11.63
"good morning tweeters",47,64114,11.64
"gov scott walker",47,64161,11.65
"great day love",47,64208,11.66
"looking forward following",47,64255,11.67
"looking forward visit",47,64302,11.68
"mind don matter",47,64349,11.69
"night looking forward",47,64396,11.69
"season app check",47,64443,11.7
"thanks hope having",47,64490,11.71
"tweet let know",47,64537,11.72
"big day tomorrow",46,64583,11.73
"care anyone says",46,64629,11.74
"don know use",46,64675,11.74
"favorite song love",46,64721,11.75
"feel free send",46,64767,11.76
"give away free",46,64813,11.77
"good luck man",46,64859,11.78
"great game tonight",46,64905,11.79
"great mother day",46,64951,11.79
"home based business",46,64997,11.8
"hope wonderful weekend",46,65043,11.81
"house last night",46,65089,11.82
"just thinking thing",46,65135,11.83
"live music tonight",46,65181,11.84
"looking forward talking",46,65227,11.84
"make sure tune",46,65273,11.85
"matter hard try",46,65319,11.86
"new music coming",46,65365,11.87
"reading hunger games",46,65411,11.88
"saturday night live",46,65457,11.89
"spending time family",46,65503,11.89
"stuck head day",46,65549,11.9
"think gonna go",46,65595,11.91
"think good idea",46,65641,11.92
"twitter account hacked",46,65687,11.93
"week www com",46,65733,11.94
"win super bowl",46,65779,11.95
"www com new",46,65825,11.95
"appreciate kind words",45,65870,11.96
"april fools joke",45,65915,11.97
"birthday hope good",45,65960,11.98
"body hollywood body",45,66005,11.99
"day www com",45,66050,11.99
"email let know",45,66095,12
"feel like get",45,66140,12.01
"getting nails done",45,66185,12.02
"giving away tickets",45,66230,12.03
"go work today",45,66275,12.04
"good luck great",45,66320,12.04
"good luck guys",45,66365,12.05
"good morning new",45,66410,12.06
"great seeing last",45,66455,12.07
"happy turkey day",45,66500,12.08
"hollywood body club",45,66545,12.08
"just got really",45,66590,12.09
"just saw new",45,66635,12.1
"like love song",45,66680,12.11
"little things life",45,66725,12.12
"looking forward event",45,66770,12.12
"make sure let",45,66815,12.13
"max body hollywood",45,66860,12.14
"really just want",45,66905,12.15
"sat word day",45,66950,12.16
"sorry hear hope",45,66995,12.17
"chocolate peanut butter",44,67039,12.17
"coming stage world",44,67083,12.18
"community volume trading",44,67127,12.19
"day san diego",44,67171,12.2
"did just get",44,67215,12.21
"don know did",44,67259,12.21
"eating ice cream",44,67303,12.22
"get www com",44,67347,12.23
"great way spend",44,67391,12.24
"happy birthday mom",44,67435,12.25
"happy birthday mr",44,67479,12.25
"hey just wanted",44,67523,12.26
"just bought tickets",44,67567,12.27
"keep hard work",44,67611,12.28
"kids eat free",44,67655,12.29
"like real life",44,67699,12.29
"madison square garden",44,67743,12.3
"stage world famous",44,67787,12.31
"take breath away",44,67831,12.32
"thank birthday wishes",44,67875,12.33
"think might just",44,67919,12.33
"think safe say",44,67963,12.34
"trading sentiment short",44,68007,12.35
"volume trading sentiment",44,68051,12.36
"chronicle press release",43,68094,12.37
"click follow button",43,68137,12.37
"day don forget",43,68180,12.38
"did just hear",43,68223,12.39
"does get better",43,68266,12.4
"far far away",43,68309,12.4
"feel free ask",43,68352,12.41
"feel like don",43,68395,12.42
"follow make happy",43,68438,12.43
"francisco chronicle press",43,68481,12.44
"free ice cream",43,68524,12.44
"good luck fun",43,68567,12.45
"good luck let",43,68610,12.46
"good morning sunshine",43,68653,12.47
"good morning time",43,68696,12.47
"got done watching",43,68739,12.48
"happy president day",43,68782,12.49
"happy thanksgiving thankful",43,68825,12.5
"hate people don",43,68868,12.51
"join www com",43,68911,12.51
"just got great",43,68954,12.52
"just trying make",43,68997,12.53
"looking forward good",43,69040,12.54
"looks like having",43,69083,12.55
"make sure tell",43,69126,12.55
"note self don",43,69169,12.56
"really really like",43,69212,12.57
"roll hall fame",43,69255,12.58
"say don know",43,69298,12.58
"thank great weekend",43,69341,12.59
"thanks following robin",43,69384,12.6
"today don know",43,69427,12.61
"www com great",43,69470,12.62
"www com info",43,69513,12.62
"available www com",42,69555,12.63
"best way make",42,69597,12.64
"chocolate chip cookie",42,69639,12.65
"don forget come",42,69681,12.65
"email dot com",42,69723,12.66
"feel free email",42,69765,12.67
"feel free follow",42,69807,12.68
"followers follow follow",42,69849,12.68
"going explode hours",42,69891,12.69
"happy birthday brother",42,69933,12.7
"hope feels better",42,69975,12.71
"know key success",42,70017,12.71
"let know good",42,70059,12.72
"like great idea",42,70101,12.73
"looking forward today",42,70143,12.74
"looks lot like",42,70185,12.75
"love hear thoughts",42,70227,12.75
"love single videos",42,70269,12.76
"make sure stay",42,70311,12.77
"morning looking forward",42,70353,12.78
"need make sure",42,70395,12.78
"practice makes perfect",42,70437,12.79
"really hope get",42,70479,12.8
"single going explode",42,70521,12.81
"single videos youtube",42,70563,12.81
"soon get home",42,70605,12.82
"thank let know",42,70647,12.83
"twitter won let",42,70689,12.84
"way start weekend",42,70731,12.84
"anyone recommend good",41,70772,12.85
"birthday hope amazing",41,70813,12.86
"birthday today austin",41,70854,12.87
"don know key",41,70895,12.87
"don really need",41,70936,12.88
"don remember last",41,70977,12.89
"don say anything",41,71018,12.9
"friends birthday happy",41,71059,12.9
"get followers follow",41,71100,12.91
"gonna good night",41,71141,12.92
"gonna try get",41,71182,12.93
"good looking forward",41,71223,12.93
"got home work",41,71264,12.94
"great day get",41,71305,12.95
"hey guys follow",41,71346,12.96
"hey guys just",41,71387,12.96
"let go caps",41,71428,12.97
"like ice cream",41,71469,12.98
"live www com",41,71510,12.99
"make feel good",41,71551,12.99
"make seem like",41,71592,13
"oh em gee",41,71633,13.01
"people need learn",41,71674,13.02
"soon let know",41,71715,13.02
"sweet today wish",41,71756,13.03
"tell happy birthday",41,71797,13.04
"today looks like",41,71838,13.05
"traffic tweet brought",41,71879,13.05
"weather west virginia",41,71920,13.06
"busy day ahead",40,71960,13.07
"come san diego",40,72000,13.07
"don human promise",40,72040,13.08
"don want think",40,72080,13.09
"easier said done",40,72120,13.1
"feel like today",40,72160,13.1
"feels good home",40,72200,13.11
"following poised creation",40,72240,13.12
"glad feeling better",40,72280,13.13
"good morning day",40,72320,13.13
"gotta go get",40,72360,13.14
"happy birthday big",40,72400,13.15
"happy birthday friend",40,72440,13.15
"happy veteran day",40,72480,13.16
"healthy new year",40,72520,13.17
"hottest hip hop",40,72560,13.18
"hours last night",40,72600,13.18
"human promise follow",40,72640,13.19
"international film festival",40,72680,13.2
"just go home",40,72720,13.21
"just look like",40,72760,13.21
"keep doing doing",40,72800,13.22
"know don want",40,72840,13.23
"know going get",40,72880,13.23
"let countdown begin",40,72920,13.24
"let just hope",40,72960,13.25
"let know soon",40,73000,13.26
"let know thoughts",40,73040,13.26
"looks like doing",40,73080,13.27
"number friends birthday",40,73120,13.28
"ny red cross",40,73160,13.29
"path leave trail",40,73200,13.29
"sounds like lot",40,73240,13.3
"spam followers don",40,73280,13.31
"start new job",40,73320,13.31
"things don want",40,73360,13.32
"today pm pm",40,73400,13.33
"able get married",39,73439,13.34
"big happy birthday",39,73478,13.34
"comment android market",39,73517,13.35
"day work week",39,73556,13.36
"diary calorie goal",39,73595,13.36
"don know beautiful",39,73634,13.37
"don really want",39,73673,13.38
"don think like",39,73712,13.39
"dreams last night",39,73751,13.39
"exercise diary calorie",39,73790,13.4
"feel free contact",39,73829,13.41
"game comment android",39,73868,13.41
"get go home",39,73907,13.42
"go high school",39,73946,13.43
"good morning thank",39,73985,13.44
"great social media",39,74024,13.44
"hey just saw",39,74063,13.45
"hop dance music",39,74102,13.46
"join happy hour",39,74141,13.46
"just getting ready",39,74180,13.47
"just got asked",39,74219,13.48
"just got little",39,74258,13.48
"just woke nap",39,74297,13.49
"know feel like",39,74336,13.5
"let know sent",39,74375,13.51
"like did last",39,74414,13.51
"make life easier",39,74453,13.52
"matter matter don",39,74492,13.53
"red solo cup",39,74531,13.53
"right feel like",39,74570,13.54
"season ticket holder",39,74609,13.55
"small business saturday",39,74648,13.56
"thank spreading word",39,74687,13.56
"thanks follow really",39,74726,13.57
"times last night",39,74765,13.58
"watching jersey shore",39,74804,13.58
"buy listen everyday",38,74842,13.59
"doing great work",38,74880,13.6
"don forget today",38,74918,13.6
"don hate just",38,74956,13.61
"don know myself",38,74994,13.62
"don know really",38,75032,13.63
"don think make",38,75070,13.63
"don want work",38,75108,13.64
"dr martin luther",38,75146,13.65
"feel like good",38,75184,13.65
"friday april th",38,75222,13.66
"friday gotta get",38,75260,13.67
"go hard go",38,75298,13.67
"go instead path",38,75336,13.68
"going try get",38,75374,13.69
"happy birthday baby",38,75412,13.69
"happy did exist",38,75450,13.7
"help www com",38,75488,13.71
"hit follow button",38,75526,13.72
"hit home run",38,75564,13.72
"home long day",38,75602,13.73
"hope day going",38,75640,13.74
"instead path leave",38,75678,13.74
"just days away",38,75716,13.75
"just got hit",38,75754,13.76
"just read article",38,75792,13.76
"just thought know",38,75830,13.77
"just walked past",38,75868,13.78
"let know coming",38,75906,13.78
"looking forward hanging",38,75944,13.79
"make sure take",38,75982,13.8
"makes world go",38,76020,13.8
"mom just told",38,76058,13.81
"national chocolate chip",38,76096,13.82
"pm www com",38,76134,13.83
"ready get work",38,76172,13.83
"scotland yard pub",38,76210,13.84
"send email address",38,76248,13.85
"social media strategy",38,76286,13.85
"sounds like going",38,76324,13.86
"thanks following following",38,76362,13.87
"thanks new follows",38,76400,13.87
"think going go",38,76438,13.88
"tomorrow stay tuned",38,76476,13.89
"trying figure twitter",38,76514,13.89
"vanilla ice cream",38,76552,13.9
"wanted say thanks",38,76590,13.91
"working hard get",38,76628,13.92
"www com free",38,76666,13.92
"bakery coffee house",37,76703,13.93
"best both worlds",37,76740,13.94
"com let know",37,76777,13.94
"come join fun",37,76814,13.95
"day don know",37,76851,13.96
"day gets better",37,76888,13.96
"don go school",37,76925,13.97
"don know start",37,76962,13.98
"don want people",37,76999,13.98
"elite trainer max",37,77036,13.99
"good luck weekend",37,77073,14
"good morning friday",37,77110,14
"good morning loves",37,77147,14.01
"got home school",37,77184,14.02
"great thanks asking",37,77221,14.02
"happiest girl world",37,77258,14.03
"happy birthday wonderful",37,77295,14.04
"hours sleep last",37,77332,14.04
"itunes buy listen",37,77369,14.05
"just go sleep",37,77406,14.06
"know know know",37,77443,14.06
"last full day",37,77480,14.07
"like last time",37,77517,14.08
"live laugh love",37,77554,14.08
"long did take",37,77591,14.09
"luck let know",37,77628,14.1
"make new friends",37,77665,14.1
"make sure keep",37,77702,14.11
"national library week",37,77739,14.12
"new social media",37,77776,14.12
"new years day",37,77813,14.13
"page www facebook",37,77850,14.14
"people just need",37,77887,14.14
"really don feel",37,77924,14.15
"sounds like awesome",37,77961,14.16
"spend lot time",37,77998,14.16
"thanks appreciate support",37,78035,14.17
"using drive social",37,78072,14.18
"wait new season",37,78109,14.18
"wait new song",37,78146,14.19
"wanted say love",37,78183,14.2
"west palm beach",37,78220,14.2
"white house dinner",37,78257,14.21
"anyone feel like",36,78293,14.22
"beautiful sunny day",36,78329,14.22
"best fan chile",36,78365,14.23
"chile follow oh",36,78401,14.24
"class last night",36,78437,14.24
"comes itunes buy",36,78473,14.25
"day get better",36,78509,14.26
"details www com",36,78545,14.26
"don know go",36,78581,14.27
"don know happened",36,78617,14.28
"don talk anymore",36,78653,14.28
"don think want",36,78689,14.29
"fan chile follow",36,78725,14.3
"feel like know",36,78761,14.3
"good luck season",36,78797,14.31
"good morning guys",36,78833,14.32
"great day thanks",36,78869,14.32
"guarantee monday single",36,78905,14.33
"happy birthday birthday",36,78941,14.34
"happy birthday wish",36,78977,14.34
"improving taxi quality",36,79013,14.35
"just saw video",36,79049,14.35
"know looks like",36,79085,14.36
"let know know",36,79121,14.37
"little known fact",36,79157,14.37
"looks like get",36,79193,14.38
"meeting looking forward",36,79229,14.39
"mi nike gps",36,79265,14.39
"might just go",36,79301,14.4
"monday single going",36,79337,14.41
"open pm today",36,79373,14.41
"pace mi nike",36,79409,14.42
"path lead go",36,79445,14.43
"thank hope great",36,79481,14.43
"thanks follow nice",36,79517,14.44
"thanks happy birthday",36,79553,14.45
"ur biggest fan",36,79589,14.45
"watching family guy",36,79625,14.46
"won let go",36,79661,14.47
"www com thanks",36,79697,14.47
"awesome thanks sharing",35,79732,14.48
"best way start",35,79767,14.49
"breakfast lunch dinner",35,79802,14.49
"did anyone get",35,79837,14.5
"did years ago",35,79872,14.5
"doing pretty good",35,79907,14.51
"dollars casting code",35,79942,14.52
"don ask don",35,79977,14.52
"downtown san diego",35,80012,14.53
"feel like time",35,80047,14.54
"feeling better today",35,80082,14.54
"frank lloyd wright",35,80117,14.55
"future belongs believe",35,80152,14.56
"get chance check",35,80187,14.56
"go work tomorrow",35,80222,14.57
"good times good",35,80257,14.57
"great food great",35,80292,14.58
"happy birthday dear",35,80327,14.59
"happy birthday dr",35,80362,14.59
"happy independence day",35,80397,14.6
"haven heard anything",35,80432,14.61
"high blood pressure",35,80467,14.61
"hope blessed day",35,80502,14.62
"huge furniture sale",35,80537,14.62
"impossible get noticed",35,80572,14.63
"info coming soon",35,80607,14.64
"just keep swimming",35,80642,14.64
"just matter time",35,80677,14.65
"learned hard way",35,80712,14.66
"let catch soon",35,80747,14.66
"let know looking",35,80782,14.67
"looks like won",35,80817,14.68
"lotus dance team",35,80852,14.68
"miss best friend",35,80887,14.69
"national high day",35,80922,14.69
"pay dollars casting",35,80957,14.7
"people follow follow",35,80992,14.71
"pm happy hour",35,81027,14.71
"pm visit www",35,81062,14.72
"poised creation twitter",35,81097,14.73
"saying bad things",35,81132,14.73
"soon www com",35,81167,14.74
"starting look like",35,81202,14.75
"thanks continued support",35,81237,14.75
"thanks hope doing",35,81272,14.76
"today going great",35,81307,14.76
"told look like",35,81342,14.77
"tonight come hang",35,81377,14.78
"trending chicago il",35,81412,14.78
"wait new album",35,81447,14.79
"year high school",35,81482,14.8
"years old today",35,81517,14.8
"anyone want go",34,81551,14.81
"bad hair day",34,81585,14.82
"bed last night",34,81619,14.82
"believe beauty dreams",34,81653,14.83
"believe someday follow",34,81687,14.83
"belongs believe beauty",34,81721,14.84
"better way spend",34,81755,14.85
"big go home",34,81789,14.85
"boyfriend going saying",34,81823,14.86
"couples able get",34,81857,14.86
"day happy hour",34,81891,14.87
"don think people",34,81925,14.88
"don want anyone",34,81959,14.88
"don want anything",34,81993,14.89
"enjoy ur day",34,82027,14.9
"fun fact day",34,82061,14.9
"going saying love",34,82095,14.91
"good bad thing",34,82129,14.91
"good morning let",34,82163,14.92
"good people good",34,82197,14.93
"got hours sleep",34,82231,14.93
"great day hope",34,82265,14.94
"great finally meet",34,82299,14.94
"great night last",34,82333,14.95
"great people great",34,82367,14.96
"great things happening",34,82401,14.96
"hacked follow new",34,82435,14.97
"happy birthday little",34,82469,14.98
"hate people try",34,82503,14.98
"health care reform",34,82537,14.99
"just fall asleep",34,82571,14.99
"just go ahead",34,82605,15
"just got called",34,82639,15.01
"just gotta get",34,82673,15.01
"just wait new",34,82707,15.02
"know feels like",34,82741,15.03
"lady think like",34,82775,15.03
"lead go instead",34,82809,15.04
"like don want",34,82843,15.04
"look www com",34,82877,15.05
"looking forward spending",34,82911,15.06
"looks like work",34,82945,15.06
"make life better",34,82979,15.07
"make sure know",34,83013,15.07
"make sure watch",34,83047,15.08
"mom happy mothers",34,83081,15.09
"night great time",34,83115,15.09
"open house today",34,83149,15.1
"san antonio spurs",34,83183,15.11
"saw hunger games",34,83217,15.11
"site looks great",34,83251,15.12
"song comes itunes",34,83285,15.12
"specials soups day",34,83319,15.13
"spend time family",34,83353,15.14
"street beauty entertainment",34,83387,15.14
"study study study",34,83421,15.15
"thank kind sir",34,83455,15.15
"thanks helping get",34,83489,15.16
"think outside box",34,83523,15.17
"tiny matters compared",34,83557,15.17
"twitter follow maybe",34,83591,15.18
"wait boyfriend going",34,83625,15.19
"way start morning",34,83659,15.19
"yr old girl",34,83693,15.2
"big day today",33,83726,15.2
"breath fresh air",33,83759,15.21
"caps caps caps",33,83792,15.22
"commercial real estate",33,83825,15.22
"day happy birthday",33,83858,15.23
"day school tomorrow",33,83891,15.23
"don forget bring",33,83924,15.24
"don forget tomorrow",33,83957,15.25
"don think anything",33,83990,15.25
"empire state building",33,84023,15.26
"facebook facebook com",33,84056,15.26
"faded faded faded",33,84089,15.27
"fall asleep night",33,84122,15.28
"feel free join",33,84155,15.28
"feel free share",33,84188,15.29
"feel mind don",33,84221,15.29
"follow great day",33,84254,15.3
"free open public",33,84287,15.31
"get people follow",33,84320,15.31
"gift card winner",33,84353,15.32
"going sleep early",33,84386,15.32
"good know thanks",33,84419,15.33
"good luck move",33,84452,15.34
"good luck wishes",33,84485,15.34
"good mood today",33,84518,15.35
"good morning america",33,84551,15.35
"good things happening",33,84584,15.36
"great way get",33,84617,15.37
"happy birthday miss",33,84650,15.37
"happy birthday ur",33,84683,15.38
"hard let go",33,84716,15.38
"hope doing good",33,84749,15.39
"jobs jobs jobs",33,84782,15.4
"judge book cover",33,84815,15.4
"just getting home",33,84848,15.41
"just go bed",33,84881,15.41
"just got shower",33,84914,15.42
"just saw avengers",33,84947,15.43
"just trying help",33,84980,15.43
"la talk radio",33,85013,15.44
"let go bulls",33,85046,15.44
"let go hawks",33,85079,15.45
"let know asap",33,85112,15.46
"let know go",33,85145,15.46
"like best friend",33,85178,15.47
"like big deal",33,85211,15.47
"looking forward coming",33,85244,15.48
"looking forward future",33,85277,15.49
"looking forward trying",33,85310,15.49
"looks like rain",33,85343,15.5
"looks like time",33,85376,15.5
"love way lie",33,85409,15.51
"low self esteem",33,85442,15.52
"make sure give",33,85475,15.52
"man oh man",33,85508,15.53
"mtv movie awards",33,85541,15.53
"must doing right",33,85574,15.54
"national kiss day",33,85607,15.55
"need followers help",33,85640,15.55
"new year day",33,85673,15.56
"new year friends",33,85706,15.56
"new year thanks",33,85739,15.57
"noticed happen someday",33,85772,15.58
"post highlight tapes",33,85805,15.58
"president barack obama",33,85838,15.59
"register www com",33,85871,15.59
"san antonio texas",33,85904,15.6
"say good bye",33,85937,15.61
"spot trending chicago",33,85970,15.61
"thanks came tonight",33,86003,15.62
"thanks following follow",33,86036,15.62
"thanks following followed",33,86069,15.63
"things fall apart",33,86102,15.64
"think going get",33,86135,15.64
"time looking forward",33,86168,15.65
"wanna dance somebody",33,86201,15.65
"watch last night",33,86234,15.66
"work last night",33,86267,15.67
"www com blog",33,86300,15.67
"add seattle tour",32,86332,15.68
"april showers bring",32,86364,15.68
"best thing heard",32,86396,15.69
"birthday get happy",32,86428,15.69
"booth say hi",32,86460,15.7
"bored bored bored",32,86492,15.71
"city catering take",32,86524,15.71
"come visit booth",32,86556,15.72
"coming new york",32,86588,15.72
"day good luck",32,86620,15.73
"days till birthday",32,86652,15.74
"definitely looking forward",32,86684,15.74
"don think good",32,86716,15.75
"eastern conference finals",32,86748,15.75
"emotional tool assist",32,86780,15.76
"end school year",32,86812,15.76
"feel like dying",32,86844,15.77
"feel like talking",32,86876,15.78
"finally got new",32,86908,15.78
"find www com",32,86940,15.79
"glass half full",32,86972,15.79
"going school today",32,87004,15.8
"good morning peeps",32,87036,15.81
"got moves like",32,87068,15.81
"great meeting yesterday",32,87100,15.82
"great start day",32,87132,15.82
"happy healthy new",32,87164,15.83
"happy late birthday",32,87196,15.83
"happy mom day",32,87228,15.84
"helped residents red",32,87260,15.85
"hey just got",32,87292,15.85
"hi free book",32,87324,15.86
"hope day great",32,87356,15.86
"just ordered new",32,87388,15.87
"just started using",32,87420,15.87
"key lime pie",32,87452,15.88
"key trying everybody",32,87484,15.89
"know gonna get",32,87516,15.89
"let know hear",32,87548,15.9
"life like box",32,87580,15.9
"like last week",32,87612,15.91
"live new york",32,87644,15.92
"look lot like",32,87676,15.92
"make fall love",32,87708,15.93
"make sure good",32,87740,15.93
"make sure like",32,87772,15.94
"makes want cry",32,87804,15.94
"music www com",32,87836,15.95
"new years resolutions",32,87868,15.96
"ny helped residents",32,87900,15.96
"oh ok cool",32,87932,15.97
"old high school",32,87964,15.97
"page got hacked",32,87996,15.98
"pumpkin spice latte",32,88028,15.99
"real estate market",32,88060,15.99
"residents red cross",32,88092,16
"right www com",32,88124,16
"set last night",32,88156,16.01
"sounds like blast",32,88188,16.01
"sounds like having",32,88220,16.02
"specials city catering",32,88252,16.03
"success comes work",32,88284,16.03
"success key trying",32,88316,16.04
"sweet dreams love",32,88348,16.04
"teen choice awards",32,88380,16.05
"th th th",32,88412,16.06
"th www com",32,88444,16.06
"thanks following check",32,88476,16.07
"today come get",32,88508,16.07
"valentine day love",32,88540,16.08
"way flip hair",32,88572,16.08
"work let know",32,88604,16.09
"working new website",32,88636,16.1
"wow just got",32,88668,16.1
"yeah just got",32,88700,16.11
"best news heard",31,88731,16.11
"best thing happen",31,88762,16.12
"best way predict",31,88793,16.12
"bout go sleep",31,88824,16.13
"boy saying get",31,88855,16.14
"boyfriend music video",31,88886,16.14
"chocolate chip day",31,88917,16.15
"cry myself sleep",31,88948,16.15
"day lord made",31,88979,16.16
"day new job",31,89010,16.16
"did like surprise",31,89041,16.17
"divorce child support",31,89072,16.17
"don forget sign",31,89103,16.18
"don know mean",31,89134,16.19
"don want end",31,89165,16.19
"extremely loud incredibly",31,89196,16.2
"feel like giving",31,89227,16.2
"feel like people",31,89258,16.21
"feel like really",31,89289,16.21
"following let know",31,89320,16.22
"free game comment",31,89351,16.23
"get done today",31,89382,16.23
"gets better better",31,89413,16.24
"giving hard time",31,89444,16.24
"go away come",31,89475,16.25
"go grocery shopping",31,89506,16.25
"going sleep goodnight",31,89537,16.26
"good luck charlie",31,89568,16.26
"good morning make",31,89599,16.27
"grand theft auto",31,89630,16.28
"great day far",31,89661,16.28
"great thanks sharing",31,89692,16.29
"guy looks like",31,89723,16.29
"happy april fools",31,89754,16.3
"happy rd birthday",31,89785,16.3
"highlight tapes photos",31,89816,16.31
"hot account related",31,89847,16.32
"just gonna say",31,89878,16.32
"just got school",31,89909,16.33
"just heard new",31,89940,16.33
"just saw movie",31,89971,16.34
"just started reading",31,90002,16.34
"last full week",31,90033,16.35
"let go yankees",31,90064,16.36
"let know free",31,90095,16.36
"let know send",31,90126,16.37
"lets get followers",31,90157,16.37
"like having fun",31,90188,16.38
"like new york",31,90219,16.38
"like surprise boy",31,90250,16.39
"look like just",31,90281,16.39
"looking forward dinner",31,90312,16.4
"looks exactly like",31,90343,16.41
"looks like getting",31,90374,16.41
"looks like nice",31,90405,16.42
"love change amazing",31,90436,16.42
"love don know",31,90467,16.43
"love make day",31,90498,16.43
"low cholesterol recipes",31,90529,16.44
"make sure bring",31,90560,16.45
"make sure vote",31,90591,16.45
"man looks like",31,90622,16.46
"morning twitter world",31,90653,16.46
"na na na",31,90684,16.47
"oh gosh just",31,90715,16.47
"ok sounds good",31,90746,16.48
"pacific beach ft",31,90777,16.48
"penn square mall",31,90808,16.49
"people follow twitter",31,90839,16.5
"people need get",31,90870,16.5
"playing hottest hip",31,90901,16.51
"pm come get",31,90932,16.51
"products works just",31,90963,16.52
"rear view mirror",31,90994,16.52
"saturday april th",31,91025,16.53
"saying get did",31,91056,16.54
"sign www com",31,91087,16.54
"singing national anthem",31,91118,16.55
"social media great",31,91149,16.55
"sour patch kids",31,91180,16.56
"surprise boy saying",31,91211,16.56
"tell people follow",31,91242,16.57
"thank continued support",31,91273,16.57
"thank letting know",31,91304,16.58
"thanks follow just",31,91335,16.59
"thanks follow support",31,91366,16.59
"thanks following happy",31,91397,16.6
"think need get",31,91428,16.6
"tomorrow make sure",31,91459,16.61
"tomorrow wish luck",31,91490,16.61
"try become man",31,91521,16.62
"way predict future",31,91552,16.63
"year looking forward",31,91583,16.63
"better way start",30,91613,16.64
"cake ice cream",30,91643,16.64
"california express vip",30,91673,16.65
"check make sure",30,91703,16.65
"chocolate ice cream",30,91733,16.66
"crazy twitter follow",30,91763,16.66
"day work today",30,91793,16.67
"did exist holding",30,91823,16.67
"does great job",30,91853,16.68
"don know gonna",30,91883,16.69
"don know handle",30,91913,16.69
"don want lose",30,91943,16.7
"done great job",30,91973,16.7
"exist holding like",30,92003,16.71
"express vip card",30,92033,16.71
"feel like right",30,92063,16.72
"feel like world",30,92093,16.72
"find way make",30,92123,16.73
"flip hair gets",30,92153,16.73
"follow great weekend",30,92183,16.74
"food food food",30,92213,16.75
"gal amazon kindle",30,92243,16.75
"general gal amazon",30,92273,16.76
"glad great time",30,92303,16.76
"good morning fellow",30,92333,16.77
"great game last",30,92363,16.77
"great seeing today",30,92393,16.78
"hello hello hello",30,92423,16.78
"hope guys having",30,92453,16.79
"just added new",30,92483,16.79
"just got lot",30,92513,16.8
"just heard radio",30,92543,16.81
"just looks like",30,92573,16.81
"just makes want",30,92603,16.82
"kind big deal",30,92633,16.82
"know don like",30,92663,16.83
"lay firm foundation",30,92693,16.83
"like good plan",30,92723,16.84
"like great time",30,92753,16.84
"like old man",30,92783,16.85
"looking forward time",30,92813,16.85
"looking forward tweeting",30,92843,16.86
"loud incredibly close",30,92873,16.87
"love ur music",30,92903,16.87
"make sure make",30,92933,16.88
"makes feel old",30,92963,16.88
"monday hope great",30,92993,16.89
"monday night raw",30,93023,16.89
"morning looks like",30,93053,16.9
"nba star game",30,93083,16.9
"need go get",30,93113,16.91
"need go shopping",30,93143,16.91
"night good luck",30,93173,16.92
"patrick day parade",30,93203,16.93
"performing arts center",30,93233,16.93
"pm question reality",30,93263,16.94
"promotion site profile",30,93293,16.94
"raining cats dogs",30,93323,16.95
"read www com",30,93353,16.95
"running hours sleep",30,93383,16.96
"seattle tour bring",30,93413,16.96
"seattle tour date",30,93443,16.97
"send em way",30,93473,16.97
"start day right",30,93503,16.98
"thanks came support",30,93533,16.98
"thanks just got",30,93563,16.99
"thanks th follower",30,93593,17
"time feel like",30,93623,17
"twitter long time",30,93653,17.01
"vip card join",30,93683,17.01
"want say thank",30,93713,17.02
"wanted say hello",30,93743,17.02
"watch hunger games",30,93773,17.03
"women history month",30,93803,17.03
"www com details",30,93833,17.04
"yr old daughter",30,93863,17.04
"album coming soon",29,93892,17.05
"birthday love hope",29,93921,17.06
"book www com",29,93950,17.06
"busy day tomorrow",29,93979,17.07
"club last night",29,94008,17.07
"day years ago",29,94037,17.08
"don know time",29,94066,17.08
"don look good",29,94095,17.09
"don think really",29,94124,17.09
"duh duh duh",29,94153,17.1
"fake fake fake",29,94182,17.1
"feel like working",29,94211,17.11
"feels good get",29,94240,17.11
"firm foundation bricks",29,94269,17.12
"follow huge fan",29,94298,17.12
"good friends good",29,94327,17.13
"good luck rest",29,94356,17.13
"good luck running",29,94385,17.14
"good morning wonderful",29,94414,17.14
"good way get",29,94443,17.15
"great meeting tonight",29,94472,17.16
"hair don care",29,94501,17.16
"hair gets overwhelmed",29,94530,17.17
"happy birthday dad",29,94559,17.17
"happy fourth july",29,94588,17.18
"happy year anniversary",29,94617,17.18
"having good week",29,94646,17.19
"hello good morning",29,94675,17.19
"home cooked meal",29,94704,17.2
"honey boo boo",29,94733,17.2
"hope day gets",29,94762,17.21
"house smells like",29,94791,17.21
"issued severe warning",29,94820,17.22
"journey thousand miles",29,94849,17.22
"just got free",29,94878,17.23
"just keep going",29,94907,17.23
"just really want",29,94936,17.24
"just saw girl",29,94965,17.25
"keep conversation going",29,94994,17.25
"know know don",29,95023,17.26
"life like riding",29,95052,17.26
"looking forward making",29,95081,17.27
"looking forward summer",29,95110,17.27
"looks like lot",29,95139,17.28
"made right decision",29,95168,17.28
"make sure following",29,95197,17.29
"met great people",29,95226,17.29
"mi time nike",29,95255,17.3
"new twitter handle",29,95284,17.3
"oh don worry",29,95313,17.31
"pace mi time",29,95342,17.31
"phone last night",29,95371,17.32
"really hate people",29,95400,17.32
"really wanna know",29,95429,17.33
"right track get",29,95458,17.33
"sending good thoughts",29,95487,17.34
"sf bay area",29,95516,17.35
"social media sites",29,95545,17.35
"social media social",29,95574,17.36
"square mall athletic",29,95603,17.36
"talk last night",29,95632,17.37
"th birthday today",29,95661,17.37
"th round pick",29,95690,17.38
"th th grade",29,95719,17.38
"thanks follow best",29,95748,17.39
"thanks follow wait",29,95777,17.39
"think looks like",29,95806,17.4
"time www com",29,95835,17.4
"today don forget",29,95864,17.41
"tomorrow let know",29,95893,17.41
"tonight come get",29,95922,17.42
"tour date bring",29,95951,17.42
"try adding seattle",29,95980,17.43
"trying really hard",29,96009,17.43
"tweets sent phone",29,96038,17.44
"united states america",29,96067,17.45
"watching harry potter",29,96096,17.45
"wished happy birthday",29,96125,17.46
"works both ways",29,96154,17.46
"wow just saw",29,96183,17.47
"www com best",29,96212,17.47
"www com let",29,96241,17.48
"www com register",29,96270,17.48
"anyone want join",28,96298,17.49
"beauty dreams roosevelt",28,96326,17.49
"best day biggest",28,96354,17.5
"best time year",28,96382,17.5
"big things happening",28,96410,17.51
"biggest dream button",28,96438,17.51
"change amazing kisses",28,96466,17.52
"change want world",28,96494,17.52
"cinnamon toast crunch",28,96522,17.53
"day biggest dream",28,96550,17.53
"day new york",28,96578,17.54
"did miss anything",28,96606,17.54
"discount double check",28,96634,17.55
"does smell like",28,96662,17.55
"don forget tonight",28,96690,17.56
"don know look",28,96718,17.56
"don know sure",28,96746,17.57
"don know tell",28,96774,17.57
"don make fun",28,96802,17.58
"don think able",28,96830,17.58
"expanding network sponsors",28,96858,17.59
"expecting different results",28,96886,17.59
"favorite song replay",28,96914,17.6
"feel bad people",28,96942,17.6
"feel like christmas",28,96970,17.61
"feel like girl",28,96998,17.61
"feel like life",28,97026,17.62
"feel lot better",28,97054,17.62
"finding life creating",28,97082,17.63
"flies having fun",28,97110,17.63
"follow make dream",28,97138,17.64
"friday looking forward",28,97166,17.64
"game tomorrow night",28,97194,17.65
"glad hear good",28,97222,17.65
"going make sure",28,97250,17.66
"going try make",28,97278,17.67
"good just got",28,97306,17.67
"good morning austin",28,97334,17.68
"good morning did",28,97362,17.68
"good morning fans",28,97390,17.69
"good morning going",28,97418,17.69
"good thanks asking",28,97446,17.7
"great meet today",28,97474,17.7
"great things happen",28,97502,17.71
"happy birthday austin",28,97530,17.71
"inspire follow tweet",28,97558,17.72
"july th pm",28,97586,17.72
"june th pm",28,97614,17.73
"just bought ticket",28,97642,17.73
"just came pandora",28,97670,17.74
"just saw ur",28,97698,17.74
"just woke dream",28,97726,17.75
"let know don",28,97754,17.75
"let know ur",28,97782,17.76
"life finding life",28,97810,17.76
"like box chocolates",28,97838,17.77
"like riding bicycle",28,97866,17.77
"looking forward attending",28,97894,17.78
"looking forward visiting",28,97922,17.78
"looks like beautiful",28,97950,17.79
"love inspire follow",28,97978,17.79
"moms happy mother",28,98006,17.8
"music lotus dance",28,98034,17.8
"need last minute",28,98062,17.81
"new favorite thing",28,98090,17.81
"new music soon",28,98118,17.82
"new website coming",28,98146,17.82
"night good night",28,98174,17.83
"oh just got",28,98202,17.83
"playing video games",28,98230,17.84
"pretty darn good",28,98258,17.84
"questions let know",28,98286,17.85
"realize love inspire",28,98314,17.85
"really just say",28,98342,17.86
"ring new year",28,98370,17.86
"safe new year",28,98398,17.87
"safe travels home",28,98426,17.87
"san antonio tonight",28,98454,17.88
"someday realize love",28,98482,17.88
"sorry just saw",28,98510,17.89
"sounds like got",28,98538,17.89
"spoken like true",28,98566,17.9
"th birthday party",28,98594,17.9
"thank love support",28,98622,17.91
"thanks follow appreciate",28,98650,17.91
"thanks follow follow",28,98678,17.92
"thanks follow followed",28,98706,17.92
"thanks follow glad",28,98734,17.93
"thanks follow man",28,98762,17.93
"thanks follow need",28,98790,17.94
"thanks spread word",28,98818,17.94
"time make sure",28,98846,17.95
"today someday follow",28,98874,17.95
"tweet chance win",28,98902,17.96
"week spring break",28,98930,17.97
"win free tickets",28,98958,17.97
"won let follow",28,98986,17.98
"won super bowl",28,99014,17.98
"wonderful mother day",28,99042,17.99
"working full time",28,99070,17.99
"world trade center",28,99098,18
"yesterday history tomorrow",28,99126,18
"yesterday looking forward",28,99154,18.01
"anything let know",27,99181,18.01
"article thanks sharing",27,99208,18.02
"awesome look forward",27,99235,18.02
"big fan said",27,99262,18.03
"bike work day",27,99289,18.03
"bout go get",27,99316,18.04
"cause follow today",27,99343,18.04
"chance win gift",27,99370,18.04
"change thoughts change",27,99397,18.05
"come say hey",27,99424,18.05
"coming real soon",27,99451,18.06
"dave matthews band",27,99478,18.06
"did anyone notice",27,99505,18.07
"did last week",27,99532,18.07
"don forget pick",27,99559,18.08
"don forget use",27,99586,18.08
"don forget watch",27,99613,18.09
"don know worse",27,99640,18.09
"don make money",27,99667,18.1
"don think need",27,99694,18.1
"don work hard",27,99721,18.11
"easter day far",27,99748,18.11
"favorite type music",27,99775,18.12
"feel like bad",27,99802,18.12
"feel like taking",27,99829,18.13
"game tonight go",27,99856,18.13
"get chance meet",27,99883,18.14
"get hours sleep",27,99910,18.14
"go brew crew",27,99937,18.15
"go youtube type",27,99964,18.15
"going beautiful day",27,99991,18.16
"going go get",27,100018,18.16
"going take nap",27,100045,18.17
"good luck go",27,100072,18.17
"good morning blessed",27,100099,18.18
"good morning early",27,100126,18.18
"great event last",27,100153,18.19
"great meeting thanks",27,100180,18.19
"great start week",27,100207,18.2
"happy birthday cody",27,100234,18.2
"happy birthday lady",27,100261,18.21
"happy birthday thank",27,100288,18.21
"hope don mind",27,100315,18.22
"hope enjoy tweets",27,100342,18.22
"hope enjoying day",27,100369,18.23
"hope guys great",27,100396,18.23
"hot air balloon",27,100423,18.24
"huge fan love",27,100450,18.24
"just feels like",27,100477,18.25
"just going say",27,100504,18.25
"just got awesome",27,100531,18.26
"just got best",27,100558,18.26
"keep tweets coming",27,100585,18.27
"kinda looks like",27,100612,18.27
"let know doing",27,100639,18.28
"like don need",27,100666,18.28
"like little girl",27,100693,18.29
"listen everyday proud",27,100720,18.29
"live life love",27,100747,18.29
"looking forward updates",27,100774,18.3
"looking pretty good",27,100801,18.3
"looks like today",27,100828,18.31
"lord give strength",27,100855,18.31
"love spending time",27,100882,18.32
"make sure gets",27,100909,18.32
"making dreams come",27,100936,18.33
"making look like",27,100963,18.33
"natural history museum",27,100990,18.34
"need find way",27,101017,18.34
"new company listing",27,101044,18.35
"new twitter follow",27,101071,18.35
"new year safe",27,101098,18.36
"nice meet today",27,101125,18.36
"oh just saw",27,101152,18.37
"oh looks like",27,101179,18.37
"oh wait just",27,101206,18.38
"own twitter account",27,101233,18.38
"peanut butter cups",27,101260,18.39
"people follow get",27,101287,18.39
"people really need",27,101314,18.4
"pick nfl week",27,101341,18.4
"question reality la",27,101368,18.41
"real estate agent",27,101395,18.41
"really look like",27,101422,18.42
"really means lot",27,101449,18.42
"riding bicycle keep",27,101476,18.43
"ronald mcdonald house",27,101503,18.43
"run just sit",27,101530,18.44
"seen anything like",27,101557,18.44
"small business owners",27,101584,18.45
"song replay love",27,101611,18.45
"spend rest life",27,101638,18.46
"spot trending los",27,101665,18.46
"stay home mom",27,101692,18.47
"step right direction",27,101719,18.47
"sure follow twitter",27,101746,18.48
"surf report pacific",27,101773,18.48
"take charge indy",27,101800,18.49
"thank taking time",27,101827,18.49
"today great time",27,101854,18.5
"today just day",27,101881,18.5
"today just got",27,101908,18.51
"tonight starting pm",27,101935,18.51
"track get run",27,101962,18.52
"true following nd",27,101989,18.52
"trying fall asleep",27,102016,18.53
"tweet brought accident",27,102043,18.53
"tweet happy birthday",27,102070,18.54
"watching youtube videos",27,102097,18.54
"weeks school left",27,102124,18.55
"working new songs",27,102151,18.55
"wow sounds like",27,102178,18.55
"www com sign",27,102205,18.56
"www com today",27,102232,18.56
"york new york",27,102259,18.57
"yr old boy",27,102286,18.57
"ask don tell",26,102312,18.58
"austin austin austin",26,102338,18.58
"bar last night",26,102364,18.59
"beautiful spring day",26,102390,18.59
"better luck time",26,102416,18.6
"better way celebrate",26,102442,18.6
"birthday enjoy day",26,102468,18.61
"booth say hello",26,102494,18.61
"boy oh boy",26,102520,18.62
"brave new world",26,102546,18.62
"celebrating th anniversary",26,102572,18.63
"change wish world",26,102598,18.63
"come happy hour",26,102624,18.64
"coming stay tuned",26,102650,18.64
"day hope great",26,102676,18.65
"days like make",26,102702,18.65
"does make feel",26,102728,18.65
"don forget take",26,102754,18.66
"don just hate",26,102780,18.66
"don know keep",26,102806,18.67
"don know right",26,102832,18.67
"don want right",26,102858,18.68
"fa la la",26,102884,18.68
"feel close right",26,102910,18.69
"feel free post",26,102936,18.69
"feel like missing",26,102962,18.7
"feel like new",26,102988,18.7
"feeling good today",26,103014,18.71
"flat screen tv",26,103040,18.71
"follow needs followers",26,103066,18.72
"full love song",26,103092,18.72
"fun looking forward",26,103118,18.73
"go grocery store",26,103144,18.73
"going great week",26,103170,18.73
"going great year",26,103196,18.74
"good morning chicago",26,103222,18.74
"great art pieces",26,103248,18.75
"great day great",26,103274,18.75
"great day work",26,103300,18.76
"great things coming",26,103326,18.76
"hannah montana movie",26,103352,18.77
"happy birthday come",26,103378,18.77
"happy birthday wait",26,103404,18.78
"happy born day",26,103430,18.78
"help gain fans",26,103456,18.79
"hey follow follow",26,103482,18.79
"hey make sure",26,103508,18.8
"history tomorrow mystery",26,103534,18.8
"hope catch soon",26,103560,18.81
"hope hear soon",26,103586,18.81
"iphone ipod touch",26,103612,18.82
"keep open mind",26,103638,18.82
"know going happen",26,103664,18.82
"know really want",26,103690,18.83
"last home game",26,103716,18.83
"learning dance rain",26,103742,18.84
"let go brewers",26,103768,18.84
"lie lie lie",26,103794,18.85
"like lot fun",26,103820,18.85
"like yr old",26,103846,18.86
"live let live",26,103872,18.86
"living get make",26,103898,18.87
"looking forward fun",26,103924,18.87
"looks like twitter",26,103950,18.88
"made right choice",26,103976,18.88
"make free throws",26,104002,18.89
"make life give",26,104028,18.89
"make sound like",26,104054,18.9
"make sure got",26,104080,18.9
"man feel like",26,104106,18.9
"meet looking forward",26,104132,18.91
"mom happy mother",26,104158,18.91
"morning hope wonderful",26,104184,18.92
"national teacher day",26,104210,18.92
"need find new",26,104236,18.93
"need let know",26,104262,18.93
"new twitter background",26,104288,18.94
"new twitter page",26,104314,18.94
"new year great",26,104340,18.95
"nice meeting today",26,104366,18.95
"oh gosh love",26,104392,18.96
"people just want",26,104418,18.96
"play words friends",26,104444,18.97
"really don need",26,104470,18.97
"room last night",26,104496,18.98
"say don want",26,104522,18.98
"say secret word",26,104548,18.99
"say yes dress",26,104574,18.99
"soon keep posted",26,104600,18.99
"sounds like interesting",26,104626,19
"sounds lot like",26,104652,19
"stuff coming soon",26,104678,19.01
"support charity water",26,104704,19.01
"taking step don",26,104730,19.02
"things happen good",26,104756,19.02
"think gonna make",26,104782,19.03
"think time get",26,104808,19.03
"thoughts change world",26,104834,19.04
"time don know",26,104860,19.04
"today gift card",26,104886,19.05
"today seems like",26,104912,19.05
"twitter account follow",26,104938,19.06
"videos coming soon",26,104964,19.06
"wait tomorrow night",26,104990,19.07
"way home work",26,105016,19.07
"welcome thanks follow",26,105042,19.07
"win world series",26,105068,19.08
"work hard get",26,105094,19.08
"work thomas edison",26,105120,19.09
"working new song",26,105146,19.09
"www com html",26,105172,19.1
"account related watch",25,105197,19.1
"album release party",25,105222,19.11
"amazing follow follow",25,105247,19.11
"anyone want help",25,105272,19.12
"april th th",25,105297,19.12
"bed long day",25,105322,19.13
"best thing world",25,105347,19.13
"brand new day",25,105372,19.13
"cool thanks sharing",25,105397,19.14
"days feel like",25,105422,19.14
"days hours minutes",25,105447,19.15
"did pretty good",25,105472,19.15
"did really good",25,105497,19.16
"did receive love",25,105522,19.16
"don forget like",25,105547,19.17
"don forget wear",25,105572,19.17
"don know better",25,105597,19.18
"don know maybe",25,105622,19.18
"don know real",25,105647,19.18
"don want look",25,105672,19.19
"fan mail address",25,105697,19.19
"feel free tweet",25,105722,19.2
"feel like friday",25,105747,19.2
"feel like old",25,105772,19.21
"feel like saying",25,105797,19.21
"feel pretty good",25,105822,19.22
"feeling better soon",25,105847,19.22
"feels good outside",25,105872,19.23
"game lets go",25,105897,19.23
"give big hug",25,105922,19.23
"glad enjoyed thanks",25,105947,19.24
"glad hear enjoyed",25,105972,19.24
"go like facebook",25,105997,19.25
"goes both ways",25,106022,19.25
"going great time",25,106047,19.26
"gonna take nap",25,106072,19.26
"good bad ugly",25,106097,19.27
"good luck good",25,106122,19.27
"good luck love",25,106147,19.28
"good luck team",25,106172,19.28
"good morning folks",25,106197,19.28
"good morning nice",25,106222,19.29
"good morning welcome",25,106247,19.29
"great day happy",25,106272,19.3
"great game today",25,106297,19.3
"hard time getting",25,106322,19.31
"head head head",25,106347,19.31
"heard long time",25,106372,19.32
"hey guys check",25,106397,19.32
"hope merry christmas",25,106422,19.33
"just got mail",25,106447,19.33
"just keep getting",25,106472,19.33
"just saw ad",25,106497,19.34
"just think get",25,106522,19.34
"just trying keep",25,106547,19.35
"just way saying",25,106572,19.35
"know anyone looking",25,106597,19.36
"know want go",25,106622,19.36
"last minute shopping",25,106647,19.37
"let go celtics",25,106672,19.37
"let go pens",25,106697,19.38
"let know wanna",25,106722,19.38
"let know work",25,106747,19.38
"life waiting storm",25,106772,19.39
"like good night",25,106797,19.39
"like new twitter",25,106822,19.4
"looking forward joining",25,106847,19.4
"looking forward session",25,106872,19.41
"lost last night",25,106897,19.41
"love life life",25,106922,19.42
"love san diego",25,106947,19.42
"make feel bad",25,106972,19.43
"make sure say",25,106997,19.43
"met last night",25,107022,19.43
"mo money mo",25,107047,19.44
"new free game",25,107072,19.44
"new orleans saints",25,107097,19.45
"new year best",25,107122,19.45
"new year family",25,107147,19.46
"nice finally meet",25,107172,19.46
"phone taken away",25,107197,19.47
"pleasure life doing",25,107222,19.47
"pop pop pop",25,107247,19.48
"ready spring break",25,107272,19.48
"really really hate",25,107297,19.48
"say don like",25,107322,19.49
"say good morning",25,107347,19.49
"sent direct message",25,107372,19.5
"shake shake shake",25,107397,19.5
"social media expert",25,107422,19.51
"sorry just got",25,107447,19.51
"sounds like pretty",25,107472,19.52
"special place heart",25,107497,19.52
"th pm pm",25,107522,19.53
"thank follow great",25,107547,19.53
"thanks blog post",25,107572,19.53
"thanks follow enjoy",25,107597,19.54
"thanks follow sure",25,107622,19.54
"thanks following let",25,107647,19.55
"thanks hope enjoy",25,107672,19.55
"thanks liking page",25,107697,19.56
"thanks looks like",25,107722,19.56
"thanks super excited",25,107747,19.57
"things happen reason",25,107772,19.57
"think gonna get",25,107797,19.58
"think need go",25,107822,19.58
"till fall asleep",25,107847,19.58
"time last week",25,107872,19.59
"today hope get",25,107897,19.59
"today long day",25,107922,19.6
"tonight stay tuned",25,107947,19.6
"tonight www com",25,107972,19.61
"visit www net",25,107997,19.61
"want support charity",25,108022,19.62
"watching game thrones",25,108047,19.62
"watching super bowl",25,108072,19.63
"week last week",25,108097,19.63
"work looking forward",25,108122,19.63
"writing writing writing",25,108147,19.64
"amazing talented love",24,108171,19.64
"band twitter youtube",24,108195,19.65
"birthday hope day",24,108219,19.65
"brand new song",24,108243,19.66
"check facebook com",24,108267,19.66
"check follow great",24,108291,19.66
"dj playing hottest",24,108315,19.67
"doing good things",24,108339,19.67
"doing people say",24,108363,19.68
"doing thing expecting",24,108387,19.68
"don judge day",24,108411,19.69
"don know ask",24,108435,19.69
"don know find",24,108459,19.7
"don know guys",24,108483,19.7
"don know take",24,108507,19.7
"don make come",24,108531,19.71
"don talk like",24,108555,19.71
"drinks today people",24,108579,19.72
"fans tell friends",24,108603,19.72
"feel like driving",24,108627,19.73
"feel like little",24,108651,19.73
"feel like work",24,108675,19.73
"final cut pro",24,108699,19.74
"follow great change",24,108723,19.74
"follow great touring",24,108747,19.75
"get sleep tonight",24,108771,19.75
"glad hear thanks",24,108795,19.76
"going bed good",24,108819,19.76
"good morning baltimore",24,108843,19.77
"good morning followers",24,108867,19.77
"good morning ready",24,108891,19.77
"good morning tweet",24,108915,19.78
"great article thanks",24,108939,19.78
"great change voice",24,108963,19.79
"great day alive",24,108987,19.79
"great day tomorrow",24,109011,19.8
"great day yesterday",24,109035,19.8
"great event tonight",24,109059,19.8
"great meet last",24,109083,19.81
"great role model",24,109107,19.81
"guys having fun",24,109131,19.82
"happy birthday old",24,109155,19.82
"happy thanksgiving friends",24,109179,19.83
"hate people talk",24,109203,19.83
"haven long time",24,109227,19.83
"having awesome time",24,109251,19.84
"having good weekend",24,109275,19.84
"history museum historical",24,109299,19.85
"just came home",24,109323,19.85
"just got kicked",24,109347,19.86
"just read blog",24,109371,19.86
"just really like",24,109395,19.87
"just said thing",24,109419,19.87
"just saw trailer",24,109443,19.87
"keep balance must",24,109467,19.88
"kinda feel like",24,109491,19.88
"know doing right",24,109515,19.89
"know don get",24,109539,19.89
"let go boys",24,109563,19.9
"life doing people",24,109587,19.9
"like doing anything",24,109611,19.9
"like great event",24,109635,19.91
"like really good",24,109659,19.91
"listen good music",24,109683,19.92
"look like don",24,109707,19.92
"looking forward doing",24,109731,19.93
"looking forward speaking",24,109755,19.93
"love good luck",24,109779,19.94
"make sure use",24,109803,19.94
"making things happen",24,109827,19.94
"man just got",24,109851,19.95
"man vs food",24,109875,19.95
"maybe just maybe",24,109899,19.96
"money saving tip",24,109923,19.96
"need make trip",24,109947,19.97
"new follower follow",24,109971,19.97
"new video coming",24,109995,19.97
"new year let",24,110019,19.98
"new year right",24,110043,19.98
"news bad news",24,110067,19.99
"news good news",24,110091,19.99
"night wake morning",24,110115,20
"oh sounds like",24,110139,20
"open pm tonight",24,110163,20
"open th appearance",24,110187,20.01
"page www com",24,110211,20.01
"people think know",24,110235,20.02
"public service announcement",24,110259,20.02
"really really bad",24,110283,20.03
"really wanna get",24,110307,20.03
"receive love feedback",24,110331,20.04
"say good night",24,110355,20.04
"send contact info",24,110379,20.04
"showers bring flowers",24,110403,20.05
"sorry missed tweet",24,110427,20.05
"sounds like really",24,110451,20.06
"stay thirsty friends",24,110475,20.06
"sunday fun day",24,110499,20.07
"sure just saw",24,110523,20.07
"sure looks like",24,110547,20.07
"take higher cause",24,110571,20.08
"takes long time",24,110595,20.08
"th overall pick",24,110619,20.09
"thank following great",24,110643,20.09
"thank following look",24,110667,20.1
"thanks follow friday",24,110691,20.1
"thanks following thanks",24,110715,20.11
"thanks warm welcome",24,110739,20.11
"thing bad thing",24,110763,20.11
"think www com",24,110787,20.12
"today pm come",24,110811,20.12
"today year anniversary",24,110835,20.13
"trying figure get",24,110859,20.13
"usa usa usa",24,110883,20.14
"valentines day love",24,110907,20.14
"voice amazing follow",24,110931,20.14
"web site www",24,110955,20.15
"weekend don forget",24,110979,20.15
"welcome let know",24,111003,20.16
"western conference finals",24,111027,20.16
"work feel like",24,111051,20.17
"work get done",24,111075,20.17
"www ca gov",24,111099,20.17
"www com go",24,111123,20.18
"based true story",23,111146,20.18
"best day year",23,111169,20.19
"best luck new",23,111192,20.19
"chance win ipad",23,111215,20.2
"check new music",23,111238,20.2
"dance dance dance",23,111261,20.2
"dance night away",23,111284,20.21
"day get worse",23,111307,20.21
"doing great just",23,111330,20.22
"don forget free",23,111353,20.22
"don forget make",23,111376,20.23
"don forget open",23,111399,20.23
"don forget set",23,111422,20.23
"don know getting",23,111445,20.24
"don know man",23,111468,20.24
"don know need",23,111491,20.25
"don know put",23,111514,20.25
"don know thing",23,111537,20.25
"don know wear",23,111560,20.26
"don love don",23,111583,20.26
"don mind just",23,111606,20.27
"don really get",23,111629,20.27
"don want take",23,111652,20.28
"early bed early",23,111675,20.28
"enjoy little things",23,111698,20.28
"enjoyed last night",23,111721,20.29
"enjoying beautiful day",23,111744,20.29
"everybody great day",23,111767,20.3
"excited new jonas",23,111790,20.3
"farmers market today",23,111813,20.3
"feel free stop",23,111836,20.31
"feel like home",23,111859,20.31
"feel like playing",23,111882,20.32
"fun let know",23,111905,20.32
"game winning streak",23,111928,20.33
"get treated like",23,111951,20.33
"glad hear like",23,111974,20.33
"glad liked thanks",23,111997,20.34
"go night night",23,112020,20.34
"going good night",23,112043,20.35
"good just working",23,112066,20.35
"good morning got",23,112089,20.35
"good morning monday",23,112112,20.36
"good morning tweets",23,112135,20.36
"good morning weekend",23,112158,20.37
"got good news",23,112181,20.37
"great drink specials",23,112204,20.38
"great live music",23,112227,20.38
"great place start",23,112250,20.38
"happy birthday follow",23,112273,20.39
"happy birthday justin",23,112296,20.39
"happy birthday lovely",23,112319,20.4
"happy happy joy",23,112342,20.4
"happy last day",23,112365,20.4
"happy thanksgiving hope",23,112388,20.41
"health care system",23,112411,20.41
"help make happen",23,112434,20.42
"hey guys thanks",23,112457,20.42
"hit home runs",23,112480,20.43
"home away home",23,112503,20.43
"home court advantage",23,112526,20.43
"hope enjoying weekend",23,112549,20.44
"hope everybody great",23,112572,20.44
"hope fabulous day",23,112595,20.45
"indiana state fair",23,112618,20.45
"just gave away",23,112641,20.45
"just got car",23,112664,20.46
"just got good",23,112687,20.46
"just great meeting",23,112710,20.47
"just read book",23,112733,20.47
"just saw news",23,112756,20.48
"just started new",23,112779,20.48
"know anything help",23,112802,20.48
"la la land",23,112825,20.49
"learn become leader",23,112848,20.49
"let fun begin",23,112871,20.5
"let know favorite",23,112894,20.5
"let make sure",23,112917,20.5
"like bag money",23,112940,20.51
"like going school",23,112963,20.51
"like looks like",23,112986,20.52
"like lot people",23,113009,20.52
"little year old",23,113032,20.53
"looking forward chatting",23,113055,20.53
"looking forward taking",23,113078,20.53
"looking forward talk",23,113101,20.54
"looks like awesome",23,113124,20.54
"love don want",23,113147,20.55
"love song baby",23,113170,20.55
"love work day",23,113193,20.56
"made day better",23,113216,20.56
"made day thanks",23,113239,20.56
"make day everyday",23,113262,20.57
"make day follow",23,113285,20.57
"make feel special",23,113308,20.58
"makes big difference",23,113331,20.58
"marriage man woman",23,113354,20.58
"mile bike ride",23,113377,20.59
"morning happy tuesday",23,113400,20.59
"morning hope good",23,113423,20.6
"must keep moving",23,113446,20.6
"need lose weight",23,113469,20.61
"new year love",23,113492,20.61
"oh man just",23,113515,20.61
"oh okay just",23,113538,20.62
"oh sorry hear",23,113561,20.62
"people get want",23,113584,20.63
"pm pm come",23,113607,20.63
"power just went",23,113630,20.63
"puts good mood",23,113653,20.64
"read new book",23,113676,20.64
"really really love",23,113699,20.65
"shower get ready",23,113722,20.65
"social media just",23,113745,20.66
"sorry hear loss",23,113768,20.66
"sounds just like",23,113791,20.66
"sounds like just",23,113814,20.67
"st time years",23,113837,20.67
"stop keep trying",23,113860,20.68
"tell world think",23,113883,20.68
"th follower thanks",23,113906,20.68
"th stay tuned",23,113929,20.69
"thank follow look",23,113952,20.69
"thank follow looking",23,113975,20.7
"thanks follow thanks",23,113998,20.7
"thanks following good",23,114021,20.71
"thanks following keep",23,114044,20.71
"thanks guys rock",23,114067,20.71
"thanks happy new",23,114090,20.72
"thanks take look",23,114113,20.72
"think might need",23,114136,20.73
"tonight come check",23,114159,20.73
"tonight come join",23,114182,20.73
"tuesday march th",23,114205,20.74
"waiting storm pass",23,114228,20.74
"want support nature",23,114251,20.75
"weather makes want",23,114274,20.75
"welcome twitter world",23,114297,20.76
"wishing safe happy",23,114320,20.76
"write blog post",23,114343,20.76
"www com come",23,114366,20.77
"yes did just",23,114389,20.77
"yes looking forward",23,114412,20.78
"luck luck luck",23,114435,20.78
"alone alone alone",22,114457,20.78
"anyone want buy",22,114479,20.79
"beautiful own way",22,114501,20.79
"become man success",22,114523,20.8
"best thing seen",22,114545,20.8
"best way find",22,114567,20.8
"big deal just",22,114589,20.81
"big room full",22,114611,20.81
"brought tears eyes",22,114633,20.82
"check new song",22,114655,20.82
"cheese like cheese",22,114677,20.82
"dance moms miami",22,114699,20.83
"day going great",22,114721,20.83
"day school today",22,114743,20.84
"day work tomorrow",22,114765,20.84
"days till boyfriend",22,114787,20.84
"dee dee dee",22,114809,20.85
"does time go",22,114831,20.85
"don ask questions",22,114853,20.86
"don forget join",22,114875,20.86
"don know bout",22,114897,20.86
"don know difference",22,114919,20.87
"don know life",22,114941,20.87
"don think go",22,114963,20.88
"don want give",22,114985,20.88
"don want watch",22,115007,20.88
"done long time",22,115029,20.89
"facebook page like",22,115051,20.89
"feel like tweeting",22,115073,20.9
"follow hope having",22,115095,20.9
"follow official army",22,115117,20.9
"followers tell friends",22,115139,20.91
"free lemonade watermelon",22,115161,20.91
"free wine tasting",22,115183,20.92
"french onion soup",22,115205,20.92
"friday happy hour",22,115227,20.92
"friday march th",22,115249,20.93
"game world series",22,115271,20.93
"games live online",22,115293,20.94
"getting new phone",22,115315,20.94
"glad having fun",22,115337,20.94
"go path lead",22,115359,20.95
"going great night",22,115381,20.95
"going tomorrow night",22,115403,20.96
"gonna good time",22,115425,20.96
"gonna try make",22,115447,20.96
"good good day",22,115469,20.97
"good luck interview",22,115491,20.97
"good luck students",22,115513,20.98
"good morning doing",22,115535,20.98
"good morning morning",22,115557,20.98
"good nights sleep",22,115579,20.99
"grow old grow",22,115601,20.99
"guys last night",22,115623,21
"hair look like",22,115645,21
"happen make happen",22,115667,21
"happy birthday bob",22,115689,21.01
"happy teacher appreciation",22,115711,21.01
"hate people ask",22,115733,21.02
"hate people think",22,115755,21.02
"having good night",22,115777,21.02
"having great night",22,115799,21.03
"help raise money",22,115821,21.03
"hey haven talked",22,115843,21.04
"hey man thanks",22,115865,21.04
"hold head high",22,115887,21.04
"just got finished",22,115909,21.05
"just got watching",22,115931,21.05
"just gotta keep",22,115953,21.06
"just launched new",22,115975,21.06
"just saw dude",22,115997,21.06
"just saw great",22,116019,21.07
"just saw message",22,116041,21.07
"keep fighting good",22,116063,21.08
"kids choice awards",22,116085,21.08
"last minute gift",22,116107,21.08
"let go giants",22,116129,21.09
"let go time",22,116151,21.09
"life wish career",22,116173,21.1
"like don wanna",22,116195,21.1
"like good neighbor",22,116217,21.1
"like last day",22,116239,21.11
"like really really",22,116261,21.11
"like www facebook",22,116283,21.12
"live life like",22,116305,21.12
"live life way",22,116327,21.12
"looking forward amazing",22,116349,21.13
"looking forward big",22,116371,21.13
"looking forward celebrating",22,116393,21.14
"looking forward game",22,116415,21.14
"looking forward upcoming",22,116437,21.14
"looks like big",22,116459,21.15
"looks like little",22,116481,21.15
"looks like right",22,116503,21.16
"love get noticed",22,116525,21.16
"love hear feedback",22,116547,21.16
"love looking forward",22,116569,21.17
"man looking forward",22,116591,21.17
"mean mean say",22,116613,21.18
"mid life crisis",22,116635,21.18
"mom just said",22,116657,21.18
"morning blessed day",22,116679,21.19
"morning good day",22,116701,21.19
"morning good luck",22,116723,21.2
"need social media",22,116745,21.2
"new year everybody",22,116767,21.2
"new year happy",22,116789,21.21
"night early morning",22,116811,21.21
"night just got",22,116833,21.22
"pain go away",22,116855,21.22
"peanut butter chocolate",22,116877,21.22
"pm come join",22,116899,21.23
"practice practice practice",22,116921,21.23
"predict future create",22,116943,21.24
"read last tweet",22,116965,21.24
"really don get",22,116987,21.24
"roasted red pepper",22,117009,21.25
"said look like",22,117031,21.25
"san francisco available",22,117053,21.26
"saturday night pm",22,117075,21.26
"saturday www party",22,117097,21.26
"shots don take",22,117119,21.27
"social media today",22,117141,21.27
"somebody use know",22,117163,21.28
"sorry delayed response",22,117185,21.28
"sound like good",22,117207,21.28
"sounds like amazing",22,117229,21.29
"sounds like nice",22,117251,21.29
"stay bed day",22,117273,21.3
"stay hungry stay",22,117295,21.3
"sticks stones break",22,117317,21.3
"stop won stop",22,117339,21.31
"sunday march th",22,117361,21.31
"teacher appreciation day",22,117383,21.32
"thank follow love",22,117405,21.32
"thanks follow cheers",22,117427,21.32
"thanks follow go",22,117449,21.33
"thanks follow got",22,117471,21.33
"thanks following guys",22,117493,21.34
"thanks hope good",22,117515,21.34
"things don go",22,117537,21.34
"things get worse",22,117559,21.35
"things going good",22,117581,21.35
"things look forward",22,117603,21.36
"think better way",22,117625,21.36
"think going start",22,117647,21.36
"think good thing",22,117669,21.37
"tickets give away",22,117691,21.37
"time make money",22,117713,21.38
"today get free",22,117735,21.38
"today happy hour",22,117757,21.38
"today pm est",22,117779,21.39
"tonight happy hour",22,117801,21.39
"tonight looks like",22,117823,21.4
"try get sleep",22,117845,21.4
"try let know",22,117867,21.4
"try site profile",22,117889,21.41
"trying everybody bill",22,117911,21.41
"wanna get bed",22,117933,21.42
"wanted say thank",22,117955,21.42
"winner winner chicken",22,117977,21.42
"wish wish wish",22,117999,21.43
"world coming end",22,118021,21.43
"world war ii",22,118043,21.44
"www com find",22,118065,21.44
"www com watch",22,118087,21.44
"year let know",22,118109,21.45
"yo chick thirsty",22,118131,21.45
"yrs ago today",22,118153,21.46
"account related videos",21,118174,21.46
"ah ah ah",21,118195,21.46
"amazing day love",21,118216,21.47
"austin city limits",21,118237,21.47
"aw thanks love",21,118258,21.47
"awesome day today",21,118279,21.48
"bath body bistro",21,118300,21.48
"best dance crew",21,118321,21.49
"best day week",21,118342,21.49
"best supporting actor",21,118363,21.49
"birthday ur amazing",21,118384,21.5
"bow bow bow",21,118405,21.5
"christmas new year",21,118426,21.51
"close far away",21,118447,21.51
"comes work dictionary",21,118468,21.51
"darkness light hate",21,118489,21.52
"day mother day",21,118510,21.52
"did fantastic job",21,118531,21.52
"did week day",21,118552,21.53
"diego california weather",21,118573,21.53
"doing amazing things",21,118594,21.54
"doing right things",21,118615,21.54
"doing social media",21,118636,21.54
"don forget shop",21,118657,21.55
"don forget tell",21,118678,21.55
"don mind asking",21,118699,21.55
"don mind dr",21,118720,21.56
"don really understand",21,118741,21.56
"don think gonna",21,118762,21.57
"don want live",21,118783,21.57
"don want move",21,118804,21.57
"drop like hot",21,118825,21.58
"email contact info",21,118846,21.58
"extra hour sleep",21,118867,21.59
"extra pair tickets",21,118888,21.59
"fa cup final",21,118909,21.59
"facebook page www",21,118930,21.6
"fall asleep reality",21,118951,21.6
"feel like day",21,118972,21.6
"feel like go",21,118993,21.61
"feel like making",21,119014,21.61
"feel like part",21,119035,21.62
"feel like year",21,119056,21.62
"find hard believe",21,119077,21.62
"follow hope enjoy",21,119098,21.63
"follow hot account",21,119119,21.63
"follow make life",21,119140,21.64
"free let know",21,119161,21.64
"get followers end",21,119182,21.64
"get get ready",21,119203,21.65
"get gift card",21,119224,21.65
"get money get",21,119245,21.65
"girl best friend",21,119266,21.66
"go ahead say",21,119287,21.66
"gonna try go",21,119308,21.67
"good luck finding",21,119329,21.67
"good luck know",21,119350,21.67
"good luck ur",21,119371,21.68
"good luck year",21,119392,21.68
"good morning don",21,119413,21.68
"good morning getting",21,119434,21.69
"good morning texts",21,119455,21.69
"good music good",21,119476,21.7
"good sense humor",21,119497,21.7
"great day take",21,119518,21.7
"great happy hour",21,119539,21.71
"great rest week",21,119560,21.71
"great seeing guys",21,119581,21.72
"great week ahead",21,119602,21.72
"happy birthday greatest",21,119623,21.72
"happy birthday sister",21,119644,21.73
"happy birthday twitter",21,119665,21.73
"happy mean perfect",21,119686,21.73
"hard last night",21,119707,21.74
"hate gonna love",21,119728,21.74
"hate people like",21,119749,21.75
"hear let know",21,119770,21.75
"hey follow love",21,119791,21.75
"hey girl hey",21,119812,21.76
"hey love follow",21,119833,21.76
"hi want support",21,119854,21.76
"high high high",21,119875,21.77
"home work today",21,119896,21.77
"hope guys fun",21,119917,21.78
"just makes feel",21,119938,21.78
"just read tweet",21,119959,21.78
"just saw woman",21,119980,21.79
"just sounds like",21,120001,21.79
"just told look",21,120022,21.8
"know anyone interested",21,120043,21.8
"know don think",21,120064,21.8
"know really good",21,120085,21.81
"let go make",21,120106,21.81
"let guys know",21,120127,21.81
"let know guys",21,120148,21.82
"let make great",21,120169,21.82
"let snow let",21,120190,21.83
"life short live",21,120211,21.83
"like cheese like",21,120232,21.83
"like country music",21,120253,21.84
"like fan page",21,120274,21.84
"like going get",21,120295,21.84
"like old days",21,120316,21.85
"like years old",21,120337,21.85
"live far away",21,120358,21.86
"look like like",21,120379,21.86
"looking forward conference",21,120400,21.86
"looking forward hosting",21,120421,21.87
"looks great wait",21,120442,21.87
"looks like old",21,120463,21.88
"looks like really",21,120484,21.88
"los angeles area",21,120505,21.88
"love days like",21,120526,21.89
"love great day",21,120547,21.89
"love guys doing",21,120568,21.89
"love hear think",21,120589,21.9
"love life love",21,120610,21.9
"make money make",21,120631,21.91
"makes lot sense",21,120652,21.91
"match made heaven",21,120673,21.91
"media social media",21,120694,21.92
"million chance tweet",21,120715,21.92
"minds discuss events",21,120736,21.92
"miss new york",21,120757,21.93
"mission impossible ghost",21,120778,21.93
"mom won let",21,120799,21.94
"morning feel like",21,120820,21.94
"morning getting ready",21,120841,21.94
"morning hope having",21,120862,21.95
"movie last night",21,120883,21.95
"music starts pm",21,120904,21.96
"need start tweeting",21,120925,21.96
"new short film",21,120946,21.96
"new twitter app",21,120967,21.97
"nice day outside",21,120988,21.97
"nice day today",21,121009,21.97
"nice guys finish",21,121030,21.98
"nice meet thanks",21,121051,21.98
"night tonight pm",21,121072,21.99
"oh don forget",21,121093,21.99
"oh man love",21,121114,21.99
"okay let know",21,121135,22
"page follow new",21,121156,22
"people make feel",21,121177,22
"pick nfl draft",21,121198,22.01
"power social media",21,121219,22.01
"problem let know",21,121240,22.02
"ready get home",21,121261,22.02
"real estate investing",21,121282,22.02
"real life just",21,121303,22.03
"replay love get",21,121324,22.03
"right just got",21,121345,22.04
"right looks like",21,121366,22.04
"road success construction",21,121387,22.04
"say mean mean",21,121408,22.05
"season finale tonight",21,121429,22.05
"seeing old friends",21,121450,22.05
"seem like good",21,121471,22.06
"small minds discuss",21,121492,22.06
"social media campaign",21,121513,22.07
"social media day",21,121534,22.07
"social media site",21,121555,22.07
"social media tools",21,121576,22.08
"sound just like",21,121597,22.08
"st pat day",21,121618,22.09
"stop stop stop",21,121639,22.09
"sun sets paradise",21,121660,22.09
"support means lot",21,121681,22.1
"sure check new",21,121702,22.1
"talking last night",21,121723,22.1
"th grade teacher",21,121744,22.11
"thank follow hope",21,121765,22.11
"thank following looking",21,121786,22.12
"thank following love",21,121807,22.12
"thank waking morning",21,121828,22.12
"thanks following sure",21,121849,22.13
"thanks glad hear",21,121870,22.13
"thanks hope soon",21,121891,22.13
"thing looking forward",21,121912,22.14
"think going make",21,121933,22.14
"think might go",21,121954,22.15
"time start planning",21,121975,22.15
"times good times",21,121996,22.15
"today felt like",21,122017,22.16
"today get ready",21,122038,22.16
"today going long",21,122059,22.17
"tomorrow pm est",21,122080,22.17
"tonight starts pm",21,122101,22.17
"tool assist better",21,122122,22.18
"trying find way",21,122143,22.18
"tweet last night",21,122164,22.18
"twitter got hacked",21,122185,22.19
"twitter social media",21,122206,22.19
"valentine day gift",21,122227,22.2
"want wish happy",21,122248,22.2
"wish go time",21,122269,22.2
"won playoff game",21,122290,22.21
"working new album",21,122311,22.21
"working new music",21,122332,22.21
"world book night",21,122353,22.22
"wow looks like",21,122374,22.22
"wrong don want",21,122395,22.23
"yeah just like",21,122416,22.23
"year last year",21,122437,22.23
"appreciate following poised",20,122457,22.24
"asleep night wake",20,122477,22.24
"ate last night",20,122497,22.24
"ba ba ba",20,122517,22.25
"bath body works",20,122537,22.25
"beautiful things world",20,122557,22.26
"best decision made",20,122577,22.26
"best luck future",20,122597,22.26
"best mother day",20,122617,22.27
"bike work week",20,122637,22.27
"birthday hope having",20,122657,22.27
"books books books",20,122677,22.28
"came mail today",20,122697,22.28
"cats cats cats",20,122717,22.28
"come tonight pm",20,122737,22.29
"come visit today",20,122757,22.29
"come www com",20,122777,22.3
"couple hours ago",20,122797,22.3
"crazy last night",20,122817,22.3
"credit card debt",20,122837,22.31
"cutest guy wish",20,122857,22.31
"day go get",20,122877,22.31
"did good time",20,122897,22.32
"doing great thanks",20,122917,22.32
"don know missed",20,122937,22.32
"don know missing",20,122957,22.33
"don say love",20,122977,22.33
"don take granted",20,122997,22.34
"don think did",20,123017,22.34
"don think getting",20,123037,22.34
"don think handle",20,123057,22.35
"don think understand",20,123077,22.35
"don want start",20,123097,22.35
"donald duck dunn",20,123117,22.36
"email subject line",20,123137,22.36
"feel like eating",20,123157,22.36
"feel like like",20,123177,22.37
"feel like real",20,123197,22.37
"feel like want",20,123217,22.38
"feeling lot better",20,123237,22.38
"fell asleep last",20,123257,22.38
"follow get followed",20,123277,22.39
"follow huge loves",20,123297,22.39
"follow twitter follow",20,123317,22.39
"game time let",20,123337,22.4
"get new followers",20,123357,22.4
"get swing things",20,123377,22.4
"giving away gift",20,123397,22.41
"go ahead get",20,123417,22.41
"go lets go",20,123437,22.42
"goal today just",20,123457,22.42
"going go bed",20,123477,22.42
"going super bowl",20,123497,22.43
"good luck friends",20,123517,22.43
"good luck going",20,123537,22.43
"good luck week",20,123557,22.44
"good morning breakfast",20,123577,22.44
"good morning text",20,123597,22.44
"good start day",20,123617,22.45
"good things coming",20,123637,22.45
"good times last",20,123657,22.46
"got good stuff",20,123677,22.46
"got lot work",20,123697,22.46
"got pretty good",20,123717,22.47
"great blog post",20,123737,22.47
"great day enjoy",20,123757,22.47
"great meet hope",20,123777,22.48
"great music great",20,123797,22.48
"great night great",20,123817,22.48
"great seeing tonight",20,123837,22.49
"great spring break",20,123857,22.49
"great things come",20,123877,22.5
"great things small",20,123897,22.5
"guy wish follow",20,123917,22.5
"guys finish last",20,123937,22.51
"happy birthday john",20,123957,22.51
"happy birthday shout",20,123977,22.51
"happy birthday wishes",20,123997,22.52
"happy happy friday",20,124017,22.52
"hate waking early",20,124037,22.52
"having amazing day",20,124057,22.53
"having way fun",20,124077,22.53
"hello nice meet",20,124097,22.54
"help gain followers",20,124117,22.54
"hey girl talk",20,124137,22.54
"hi nice meet",20,124157,22.55
"hit last night",20,124177,22.55
"hope enjoy day",20,124197,22.55
"hope fantastic weekend",20,124217,22.56
"hour work day",20,124237,22.56
"jersey shore tonight",20,124257,22.56
"june th th",20,124277,22.57
"just followed follow",20,124297,22.57
"just forget world",20,124317,22.58
"just going go",20,124337,22.58
"just got hair",20,124357,22.58
"just got tweet",20,124377,22.59
"just heard song",20,124397,22.59
"just keep trying",20,124417,22.59
"just saw man",20,124437,22.6
"just sent message",20,124457,22.6
"just wait get",20,124477,22.6
"just way like",20,124497,22.61
"keep momentum going",20,124517,22.61
"know better knows",20,124537,22.62
"know good luck",20,124557,22.62
"last minute gifts",20,124577,22.62
"learn www com",20,124597,22.63
"learned life goes",20,124617,22.63
"let know anyone",20,124637,22.63
"let know details",20,124657,22.64
"let know sure",20,124677,22.64
"let world change",20,124697,22.64
"life just got",20,124717,22.65
"like best friends",20,124737,22.65
"like facebook www",20,124757,22.66
"like love love",20,124777,22.66
"live life imagined",20,124797,22.66
"living good life",20,124817,22.67
"local radio station",20,124837,22.67
"looking forward friday",20,124857,22.67
"looking forward lunch",20,124877,22.68
"looking forward night",20,124897,22.68
"looking forward saturday",20,124917,22.68
"looks like did",20,124937,22.69
"looks like pretty",20,124957,22.69
"love fall asleep",20,124977,22.69
"love hope great",20,124997,22.7
"loved last night",20,125017,22.7
"loves make dream",20,125037,22.71
"make look easy",20,125057,22.71
"make sure look",20,125077,22.71
"makes feel special",20,125097,22.72
"makes sound like",20,125117,22.72
"man last night",20,125137,22.72
"met amazing people",20,125157,22.73
"minds discuss ideas",20,125177,22.73
"mom just asked",20,125197,22.73
"need come visit",20,125217,22.74
"need go home",20,125237,22.74
"need let go",20,125257,22.75
"new stuff coming",20,125277,22.75
"nice meeting last",20,125297,22.75
"obama support marriage",20,125317,22.76
"oh don think",20,125337,22.76
"oh yes love",20,125357,22.76
"okay sounds good",20,125377,22.77
"party tonight pm",20,125397,22.77
"people dressed looks",20,125417,22.77
"played last night",20,125437,22.78
"pm eastern time",20,125457,22.78
"really cool stuff",20,125477,22.79
"really great time",20,125497,22.79
"san francisco ca",20,125517,22.79
"saturday march th",20,125537,22.8
"say good luck",20,125557,22.8
"second time today",20,125577,22.8
"server ready server",20,125597,22.81
"social media business",20,125617,22.81
"social media new",20,125637,22.81
"social media policy",20,125657,22.82
"social media presence",20,125677,22.82
"step don martin",20,125697,22.83
"student loan debt",20,125717,22.83
"sure stay tuned",20,125737,22.83
"take own advice",20,125757,22.84
"tell look like",20,125777,22.84
"tell say hi",20,125797,22.84
"thank following hope",20,125817,22.85
"thanks adding list",20,125837,22.85
"thanks feel free",20,125857,22.85
"thanks following tweets",20,125877,22.86
"thanks girl love",20,125897,22.86
"thanks good times",20,125917,22.87
"thanks good weekend",20,125937,22.87
"thanks having great",20,125957,22.87
"think account hacked",20,125977,22.88
"think get better",20,125997,22.88
"think going win",20,126017,22.88
"think time go",20,126037,22.89
"thousand miles begins",20,126057,22.89
"throw rocks things",20,126077,22.89
"time magazine cover",20,126097,22.9
"time start thinking",20,126117,22.9
"today don miss",20,126137,22.91
"today don think",20,126157,22.91
"today gotta get",20,126177,22.91
"today just click",20,126197,22.92
"today wonderful day",20,126217,22.92
"tomorrow pm pm",20,126237,22.92
"trying make happen",20,126257,22.93
"tweet try love",20,126277,22.93
"want give shout",20,126297,22.93
"way last night",20,126317,22.94
"way stay tuned",20,126337,22.94
"weekend make sure",20,126357,22.95
"west coast time",20,126377,22.95
"wish love followed",20,126397,22.95
"won let get",20,126417,22.96
"work day life",20,126437,22.96
"yeah looks like",20,126457,22.96
"able spend life",19,126476,22.97
"actually looking forward",19,126495,22.97
"anyone let know",19,126514,22.97
"awesome sounds like",19,126533,22.98
"best gift follow",19,126552,22.98
"best thing life",19,126571,22.98
"best way end",19,126590,22.99
"birthday today happy",19,126609,22.99
"bring new year",19,126628,22.99
"chance win pair",19,126647,23
"change world norman",19,126666,23
"check www facebook",19,126685,23.01
"chocolate chip pancakes",19,126704,23.01
"com click blog",19,126723,23.01
"coming home today",19,126742,23.02
"cool good luck",19,126761,23.02
"day just want",19,126780,23.02
"day trying get",19,126799,23.03
"does taste like",19,126818,23.03
"doing good just",19,126837,23.03
"don click link",19,126856,23.04
"don feel guilty",19,126875,23.04
"don forget tweet",19,126894,23.04
"don know answer",19,126913,23.05
"don know work",19,126932,23.05
"don stand chance",19,126951,23.05
"don stop believing",19,126970,23.06
"don tell love",19,126989,23.06
"don want anymore",19,127008,23.06
"don want come",19,127027,23.07
"don want don",19,127046,23.07
"don want just",19,127065,23.07
"don want make",19,127084,23.08
"don want need",19,127103,23.08
"don want pay",19,127122,23.08
"don want want",19,127141,23.09
"door closes opens",19,127160,23.09
"dream live forever",19,127179,23.09
"east coast time",19,127198,23.1
"education make fortune",19,127217,23.1
"feel bad just",19,127236,23.11
"feel free come",19,127255,23.11
"feel free give",19,127274,23.11
"feel free use",19,127293,23.12
"feel like losing",19,127312,23.12
"feel like lot",19,127331,23.12
"feels really good",19,127350,23.13
"finding perfect person",19,127369,23.13
"follow make sure",19,127388,23.13
"follow stay tuned",19,127407,23.14
"follow trying get",19,127426,23.14
"follow www com",19,127445,23.14
"followers must following",19,127464,23.15
"forward meeting new",19,127483,23.15
"foundation bricks thrown",19,127502,23.15
"free lemonade cucumber",19,127521,23.16
"free post highlight",19,127540,23.16
"friday fish fry",19,127559,23.16
"friend best gift",19,127578,23.17
"full week school",19,127597,23.17
"furniture sale www",19,127616,23.17
"games last night",19,127635,23.18
"get followers don",19,127654,23.18
"get fresh air",19,127673,23.18
"gets better soon",19,127692,23.19
"getting hours sleep",19,127711,23.19
"girl talk shout",19,127730,23.19
"glad hear enjoy",19,127749,23.2
"go hard paint",19,127768,23.2
"going last night",19,127787,23.21
"going work today",19,127806,23.21
"goo goo dolls",19,127825,23.21
"good luck charm",19,127844,23.22
"good luck wait",19,127863,23.22
"good morning looking",19,127882,23.22
"good morning lovely",19,127901,23.23
"good things must",19,127920,23.23
"good way end",19,127939,23.23
"got lot done",19,127958,23.24
"got mail today",19,127977,23.24
"great achieved enthusiasm",19,127996,23.24
"great food drinks",19,128015,23.25
"great hear thanks",19,128034,23.25
"great meeting morning",19,128053,23.25
"great mothers day",19,128072,23.26
"happen good people",19,128091,23.26
"happy birthday dude",19,128110,23.26
"happy birthday fun",19,128129,23.27
"happy birthday gorgeous",19,128148,23.27
"happy spring break",19,128167,23.27
"hard boiled egg",19,128186,23.28
"hard time finding",19,128205,23.28
"harry potter part",19,128224,23.28
"hate people hate",19,128243,23.29
"hey welcome twitter",19,128262,23.29
"home run derby",19,128281,23.29
"hope day filled",19,128300,23.3
"hope enjoying beautiful",19,128319,23.3
"hope fantastic day",19,128338,23.31
"hope good night",19,128357,23.31
"hope guys like",19,128376,23.31
"hope wonderful birthday",19,128395,23.32
"hour tonight pm",19,128414,23.32
"interesting man world",19,128433,23.32
"just cause free",19,128452,23.33
"just days left",19,128471,23.33
"just earned badge",19,128490,23.33
"just giving hard",19,128509,23.34
"just got accepted",19,128528,23.34
"just got amazing",19,128547,23.34
"just got copy",19,128566,23.35
"just got gym",19,128585,23.35
"just got invited",19,128604,23.35
"just got job",19,128623,23.36
"just got today",19,128642,23.36
"just got told",19,128661,23.36
"just keep thinking",19,128680,23.37
"just know gonna",19,128699,23.37
"just laying bed",19,128718,23.37
"just make day",19,128737,23.38
"just really love",19,128756,23.38
"just saw car",19,128775,23.38
"just saw old",19,128794,23.39
"just saw thanks",19,128813,23.39
"just trying figure",19,128832,23.4
"just went live",19,128851,23.4
"keep friends close",19,128870,23.4
"kinda wanna go",19,128889,23.41
"let go home",19,128908,23.41
"let good times",19,128927,23.41
"let know great",19,128946,23.42
"let know town",19,128965,23.42
"life creating george",19,128984,23.42
"life own way",19,129003,23.43
"like don think",19,129022,23.43
"like good way",19,129041,23.43
"like harry potter",19,129060,23.44
"like make sure",19,129079,23.44
"like really bad",19,129098,23.44
"little did know",19,129117,23.45
"live music pm",19,129136,23.45
"long lost friend",19,129155,23.45
"look last tweet",19,129174,23.46
"look like girl",19,129193,23.46
"looking forward exciting",19,129212,23.46
"looking forward work",19,129231,23.47
"looks like cool",19,129250,23.47
"looks like interesting",19,129269,23.47
"looks like made",19,129288,23.48
"looks like people",19,129307,23.48
"looks like wants",19,129326,23.48
"lose sight shore",19,129345,23.49
"lost pounds last",19,129364,23.49
"love don care",19,129383,23.5
"love mother teresa",19,129402,23.5
"loves loves loves",19,129421,23.5
"lucas oil stadium",19,129440,23.51
"make sure put",19,129459,23.51
"make sure right",19,129478,23.51
"make sure send",19,129497,23.52
"makes want get",19,129516,23.52
"man let know",19,129535,23.52
"matter anyone says",19,129554,23.53
"maybe just need",19,129573,23.53
"means lot coming",19,129592,23.53
"men basketball team",19,129611,23.54
"minds discuss people",19,129630,23.54
"mom just called",19,129649,23.54
"mom just got",19,129668,23.55
"need spend time",19,129687,23.55
"needs hurry get",19,129706,23.55
"nice looking forward",19,129725,23.56
"nice meet last",19,129744,23.56
"night check www",19,129763,23.56
"oh good luck",19,129782,23.57
"oh makes sense",19,129801,23.57
"party rock anthem",19,129820,23.57
"people make fun",19,129839,23.58
"people need grow",19,129858,23.58
"playing tomorrow night",19,129877,23.58
"pm come support",19,129896,23.59
"prom prom prom",19,129915,23.59
"punch drink day",19,129934,23.6
"race car driver",19,129953,23.6
"read blog post",19,129972,23.6
"ready come home",19,129991,23.61
"really don give",19,130010,23.61
"really really need",19,130029,23.61
"red carpet event",19,130048,23.62
"related watch online",19,130067,23.62
"round draft pick",19,130086,23.62
"run day day",19,130105,23.63
"say good things",19,130124,23.63
"send email send",19,130143,23.63
"session last night",19,130162,23.64
"social media panel",19,130181,23.64
"social media week",19,130200,23.64
"spend life own",19,130219,23.65
"storm pass learning",19,130238,23.65
"take time get",19,130257,23.65
"talk social media",19,130276,23.66
"talked long time",19,130295,23.66
"thank follow happy",19,130314,23.66
"thank mr president",19,130333,23.67
"thanks follow awesome",19,130352,23.67
"thanks good know",19,130371,23.67
"thanks hope make",19,130390,23.68
"thanks make sure",19,130409,23.68
"things don need",19,130428,23.68
"things life things",19,130447,23.69
"things take eyes",19,130466,23.69
"think need take",19,130485,23.7
"tick tick tick",19,130504,23.7
"tickets last night",19,130523,23.7
"time time get",19,130542,23.71
"tip day want",19,130561,23.71
"tired going bed",19,130580,23.71
"tired long day",19,130599,23.72
"today day rest",19,130618,23.72
"today friend best",19,130637,23.72
"today productive day",19,130656,23.73
"tonight come say",19,130675,23.73
"try love justin",19,130694,23.73
"try new things",19,130713,23.74
"waiting long time",19,130732,23.74
"waiting waiting waiting",19,130751,23.74
"wanna lay bed",19,130770,23.75
"want fall asleep",19,130789,23.75
"want say love",19,130808,23.75
"watching high school",19,130827,23.76
"watching scary movie",19,130846,23.76
"way start season",19,130865,23.76
"welcome new friends",19,130884,23.77
"whats good wit",19,130903,23.77
"win free shirt",19,130922,23.77
"win good luck",19,130941,23.78
"win great prizes",19,130960,23.78
"working hard make",19,130979,23.78
"www com help",19,130998,23.79
"www com just",19,131017,23.79
"www com live",19,131036,23.8
"www com love",19,131055,23.8
"ugly ugly ugly",19,131074,23.8
"account related dating",18,131092,23.81
"art getting want",18,131110,23.81
"away last night",18,131128,23.81
"best mom world",18,131146,23.82
"better get ready",18,131164,23.82
"big fan love",18,131182,23.82
"bye bye bye",18,131200,23.83
"calling night check",18,131218,23.83
"check last tweet",18,131236,23.83
"cookie dough ice",18,131254,23.83
"cool looking forward",18,131272,23.84
"day day runs",18,131290,23.84
"day going far",18,131308,23.84
"day good night",18,131326,23.85
"day hope enjoying",18,131344,23.85
"day long time",18,131362,23.85
"day love mom",18,131380,23.86
"did anyone hear",18,131398,23.86
"don forget register",18,131416,23.86
"don forget tune",18,131434,23.87
"don give away",18,131452,23.87
"don go sleep",18,131470,23.87
"don know eat",18,131488,23.88
"don know exist",18,131506,23.88
"don know live",18,131524,23.88
"don know makes",18,131542,23.89
"don know remember",18,131560,23.89
"don know twitter",18,131578,23.89
"don look day",18,131596,23.9
"don make excuses",18,131614,23.9
"don really give",18,131632,23.9
"don want sound",18,131650,23.91
"don want spend",18,131668,23.91
"done let know",18,131686,23.91
"drink drink drink",18,131704,23.92
"drink lots water",18,131722,23.92
"early morning workout",18,131740,23.92
"east coast west",18,131758,23.93
"education make living",18,131776,23.93
"enjoy happy hour",18,131794,23.93
"enjoy special day",18,131812,23.94
"enjoying beautiful weather",18,131830,23.94
"feel free bring",18,131848,23.94
"feel free check",18,131866,23.95
"feel like did",18,131884,23.95
"feel like having",18,131902,23.95
"feel like last",18,131920,23.96
"feel like live",18,131938,23.96
"feel like living",18,131956,23.96
"feel like might",18,131974,23.97
"feel like twitter",18,131992,23.97
"finally got phone",18,132010,23.97
"follow thanks love",18,132028,23.98
"forever live today",18,132046,23.98
"forward following tweets",18,132064,23.98
"future looks bright",18,132082,23.99
"get chance go",18,132100,23.99
"get facts straight",18,132118,23.99
"get follow love",18,132136,24
"get go get",18,132154,24
"get good luck",18,132172,24
"get know better",18,132190,24
"get new job",18,132208,24.01
"getting want done",18,132226,24.01
"give shout outs",18,132244,24.01
"giving away pair",18,132262,24.02
"glad got meet",18,132280,24.02
"go direction dreams",18,132298,24.02
"going sleep good",18,132316,24.03
"going sleep night",18,132334,24.03
"golden gate park",18,132352,24.03
"good know people",18,132370,24.04
"good luck big",18,132388,24.04
"good luck final",18,132406,24.04
"good luck girl",18,132424,24.05
"good luck sure",18,132442,24.05
"good morning coffee",18,132460,24.05
"good morning ladies",18,132478,24.06
"good morning ms",18,132496,24.06
"good morning way",18,132514,24.06
"good morning woke",18,132532,24.07
"got ice cream",18,132550,24.07
"got let know",18,132568,24.07
"got spend time",18,132586,24.08
"grand opening party",18,132604,24.08
"great day good",18,132622,24.08
"great event great",18,132640,24.09
"great meeting guys",18,132658,24.09
"great start weekend",18,132676,24.09
"great things done",18,132694,24.1
"great week end",18,132712,24.1
"grow old stop",18,132730,24.1
"happy birthday just",18,132748,24.11
"happy birthday years",18,132766,24.11
"happy monday did",18,132784,24.11
"happy nd birthday",18,132802,24.12
"happy safe new",18,132820,24.12
"hate people act",18,132838,24.12
"hate people get",18,132856,24.13
"haven heard song",18,132874,24.13
"having good morning",18,132892,24.13
"having time life",18,132910,24.14
"health care costs",18,132928,24.14
"heard last night",18,132946,24.14
"help raise awareness",18,132964,24.15
"hey guys go",18,132982,24.15
"hi new followers",18,133000,24.15
"home field advantage",18,133018,24.16
"hoping day notice",18,133036,24.16
"hour work week",18,133054,24.16
"just act like",18,133072,24.16
"just bought pair",18,133090,24.17
"just cause easy",18,133108,24.17
"just got last",18,133126,24.17
"just got spam",18,133144,24.18
"just got text",18,133162,24.18
"just got ticket",18,133180,24.18
"just heard news",18,133198,24.19
"just laughed loud",18,133216,24.19
"just saw last",18,133234,24.19
"just saw sign",18,133252,24.2
"just saw tv",18,133270,24.2
"just sent mail",18,133288,24.2
"just woke hour",18,133306,24.21
"just won free",18,133324,24.21
"keep dreaming breaks",18,133342,24.21
"know don care",18,133360,24.22
"know help way",18,133378,24.22
"know know just",18,133396,24.22
"knows maybe work",18,133414,24.23
"let chat soon",18,133432,24.23
"let know best",18,133450,24.23
"let know try",18,133468,24.24
"like beautiful day",18,133486,24.24
"like got hit",18,133504,24.24
"like old lady",18,133522,24.25
"like people don",18,133540,24.25
"live san diego",18,133558,24.25
"look like fool",18,133576,24.26
"look like little",18,133594,24.26
"look like old",18,133612,24.26
"look like year",18,133630,24.27
"look look look",18,133648,24.27
"looking forward days",18,133666,24.27
"looking forward helping",18,133684,24.28
"looking forward long",18,133702,24.28
"looking forward opening",18,133720,24.28
"looking forward starting",18,133738,24.29
"looking forward thanks",18,133756,24.29
"looking new job",18,133774,24.29
"looking really good",18,133792,24.3
"looks like found",18,133810,24.3
"lost lost lost",18,133828,24.3
"lost pounds far",18,133846,24.31
"love finding perfect",18,133864,24.31
"love just like",18,133882,24.31
"love late night",18,133900,24.32
"love life live",18,133918,24.32
"love long time",18,133936,24.32
"love people say",18,133954,24.33
"love ur tweets",18,133972,24.33
"luck good luck",18,133990,24.33
"made day love",18,134008,24.33
"make look bad",18,134026,24.34
"make sure catch",18,134044,24.34
"make sure tweet",18,134062,24.34
"makes want myself",18,134080,24.35
"man best friend",18,134098,24.35
"maybe just go",18,134116,24.35
"meeting today pm",18,134134,24.36
"mention happy friday",18,134152,24.36
"might just get",18,134170,24.36
"missed free throws",18,134188,24.37
"morning happy hump",18,134206,24.37
"morning world currently",18,134224,24.37
"movies tv shows",18,134242,24.38
"music sounds better",18,134260,24.38
"national teacher appreciation",18,134278,24.38
"need stop watching",18,134296,24.39
"new job new",18,134314,24.39
"new mexico satellite",18,134332,24.39
"new orleans jazz",18,134350,24.4
"new year year",18,134368,24.4
"nfl draft tonight",18,134386,24.4
"nice let know",18,134404,24.41
"oh let know",18,134422,24.41
"oh ok thanks",18,134440,24.41
"oh wait don",18,134458,24.42
"oh yes did",18,134476,24.42
"opening day go",18,134494,24.42
"peanut butter cookies",18,134512,24.43
"people just get",18,134530,24.43
"people just like",18,134548,24.43
"people make life",18,134566,24.44
"people pay attention",18,134584,24.44
"people throw rocks",18,134602,24.44
"people use word",18,134620,24.45
"pm pm today",18,134638,24.45
"pm today come",18,134656,24.45
"prayer app www",18,134674,24.46
"price bottles wine",18,134692,24.46
"proceeds go charity",18,134710,24.46
"puff puff pass",18,134728,24.47
"radio www blaze",18,134746,24.47
"really just wanna",18,134764,24.47
"really really hope",18,134782,24.48
"recording artist precise",18,134800,24.48
"ring ring ring",18,134818,24.48
"said last night",18,134836,24.49
"saturday june th",18,134854,24.49
"saw ur tweet",18,134872,24.49
"say good day",18,134890,24.5
"secret word bartender",18,134908,24.5
"section row seat",18,134926,24.5
"social media platform",18,134944,24.5
"sounds great love",18,134962,24.51
"sounds like cool",18,134980,24.51
"sounds like kind",18,134998,24.51
"spent entire day",18,135016,24.52
"st louis cardinals",18,135034,24.52
"state union address",18,135052,24.52
"stay hungry friends",18,135070,24.53
"steve jobs thank",18,135088,24.53
"student loan rates",18,135106,24.53
"support great cause",18,135124,24.54
"take anything granted",18,135142,24.54
"take look www",18,135160,24.54
"tell followers follow",18,135178,24.55
"text just sent",18,135196,24.55
"th follower get",18,135214,24.55
"th grade class",18,135232,24.56
"th st nw",18,135250,24.56
"thankful family friends",18,135268,24.56
"thanks don forget",18,135286,24.57
"thanks follow text",18,135304,24.57
"thanks following nice",18,135322,24.57
"thanks happy holidays",18,135340,24.58
"thanks help today",18,135358,24.58
"thanks hope enjoyed",18,135376,24.58
"thanks making happen",18,135394,24.59
"thanks man hope",18,135412,24.59
"things getting better",18,135430,24.59
"time start day",18,135448,24.6
"today gift present",18,135466,24.6
"today mention tweet",18,135484,24.6
"today pm et",18,135502,24.61
"triple crown volleyball",18,135520,24.61
"true don know",18,135538,24.61
"trying look like",18,135556,24.62
"twitter feel like",18,135574,24.62
"uh uh uh",18,135592,24.62
"updates coming soon",18,135610,24.63
"visit website www",18,135628,24.63
"want done wants",18,135646,24.63
"want just like",18,135664,24.64
"watching season finale",18,135682,24.64
"way let know",18,135700,24.64
"way make feel",18,135718,24.65
"way past bedtime",18,135736,24.65
"welcome new twitter",18,135754,24.65
"win go home",18,135772,24.66
"wishing good luck",18,135790,24.66
"works like charm",18,135808,24.66
"world change smile",18,135826,24.67
"world going end",18,135844,24.67
"worst case scenario",18,135862,24.67
"worst feeling world",18,135880,24.67
"yeah know mean",18,135898,24.68
"year happy new",18,135916,24.68
"age just number",17,135933,24.68
"announcement coming soon",17,135950,24.69
"ap test tomorrow",17,135967,24.69
"aye aye aye",17,135984,24.69
"beat la beat",17,136001,24.7
"bed bugs bite",17,136018,24.7
"best birthday present",17,136035,24.7
"best happy hour",17,136052,24.71
"best way things",17,136069,24.71
"big day ahead",17,136086,24.71
"big happy family",17,136103,24.72
"birthday come alaska",17,136120,24.72
"bow wow wow",17,136137,24.72
"box chocolates know",17,136154,24.72
"bring happiness happiness",17,136171,24.73
"brooklyn ny helped",17,136188,24.73
"busy day work",17,136205,24.73
"buy gold silver",17,136222,24.74
"check web site",17,136239,24.74
"check www net",17,136256,24.74
"chicago based app",17,136273,24.75
"choose own adventure",17,136290,24.75
"club nyc pm",17,136307,24.75
"come home soon",17,136324,24.76
"customer appreciation day",17,136341,24.76
"day don get",17,136358,24.76
"day feels like",17,136375,24.76
"day happy mother",17,136392,24.77
"day new year",17,136409,24.77
"day notice happened",17,136426,24.77
"days left get",17,136443,24.78
"days left till",17,136460,24.78
"dc metro area",17,136477,24.78
"dental care products",17,136494,24.79
"did last summer",17,136511,24.79
"did realize close",17,136528,24.79
"did really say",17,136545,24.8
"don feel way",17,136562,24.8
"don follow people",17,136579,24.8
"don forget friday",17,136596,24.8
"don forget send",17,136613,24.81
"don forget visit",17,136630,24.81
"don go eat",17,136647,24.81
"don hate player",17,136664,24.82
"don hold breath",17,136681,24.82
"don just want",17,136698,24.82
"don know does",17,136715,24.83
"don know exactly",17,136732,24.83
"don know follow",17,136749,24.83
"don know long",17,136766,24.84
"don know said",17,136783,24.84
"don know spell",17,136800,24.84
"don know wrong",17,136817,24.85
"don make right",17,136834,24.85
"don take anything",17,136851,24.85
"don think say",17,136868,24.85
"don want say",17,136885,24.86
"don want wake",17,136902,24.86
"done better said",17,136919,24.86
"end day just",17,136936,24.87
"face looks like",17,136953,24.87
"feel like best",17,136970,24.87
"feel like falling",17,136987,24.88
"feel like say",17,137004,24.88
"feel like summer",17,137021,24.88
"feel like walking",17,137038,24.89
"feels good know",17,137055,24.89
"fighting hard battle",17,137072,24.89
"follow gain followers",17,137089,24.89
"follow hope great",17,137106,24.9
"follow live tweets",17,137123,24.9
"follow new followers",17,137140,24.9
"forward spending time",17,137157,24.91
"free business cards",17,137174,24.91
"full body massage",17,137191,24.91
"full length album",17,137208,24.92
"fun day today",17,137225,24.92
"fun starts pm",17,137242,24.92
"game looking forward",17,137259,24.93
"game time decision",17,137276,24.93
"get chance talk",17,137293,24.93
"get day going",17,137310,24.93
"get em hot",17,137327,24.94
"get sleep tomorrow",17,137344,24.94
"get taken care",17,137361,24.94
"give peace chance",17,137378,24.95
"gives strength loving",17,137395,24.95
"glad hear enjoying",17,137412,24.95
"glad like thanks",17,137429,24.96
"go disney world",17,137446,24.96
"go extra mile",17,137463,24.96
"going go sleep",17,137480,24.97
"going late night",17,137497,24.97
"going maybe video",17,137514,24.97
"going start using",17,137531,24.97
"going work tomorrow",17,137548,24.98
"gonna take away",17,137565,24.98
"good food great",17,137582,24.98
"good good luck",17,137599,24.99
"good luck both",17,137616,24.99
"good luck boys",17,137633,24.99
"good luck just",17,137650,25
"good luck test",17,137667,25
"good luck thanks",17,137684,25
"good morning follow",17,137701,25.01
"good morning friend",17,137718,25.01
"good morning get",17,137735,25.01
"good point think",17,137752,25.01
"good sunday morning",17,137769,25.02
"good times bad",17,137786,25.02
"gorgeous day outside",17,137803,25.02
"got done eating",17,137820,25.03
"grab bite eat",17,137837,25.03
"great day just",17,137854,25.03
"great day outside",17,137871,25.04
"great night thanks",17,137888,25.04
"great people follow",17,137905,25.04
"great place work",17,137922,25.05
"great th july",17,137939,25.05
"great things must",17,137956,25.05
"guess just got",17,137973,25.05
"happens vegas stays",17,137990,25.06
"happy birthday awesome",17,138007,25.06
"happy birthday bless",17,138024,25.06
"happy birthday buddy",17,138041,25.07
"happy birthday fellow",17,138058,25.07
"happy birthday sir",17,138075,25.07
"happy holiday season",17,138092,25.08
"happy monday morning",17,138109,25.08
"hard boiled eggs",17,138126,25.08
"having awesome day",17,138143,25.09
"health care law",17,138160,25.09
"heart goes family",17,138177,25.09
"hey guys sorry",17,138194,25.1
"hey help get",17,138211,25.1
"hold door open",17,138228,25.1
"home garden market",17,138245,25.1
"hope stays way",17,138262,25.11
"hope wonderful holiday",17,138279,25.11
"hour starts pm",17,138296,25.11
"just close eyes",17,138313,25.12
"just got hotel",17,138330,25.12
"just got like",17,138347,25.12
"just got message",17,138364,25.13
"just got pulled",17,138381,25.13
"just gotta make",17,138398,25.13
"just gotta say",17,138415,25.14
"just hit followers",17,138432,25.14
"just hope get",17,138449,25.14
"just hoping day",17,138466,25.14
"just keep moving",17,138483,25.15
"just left house",17,138500,25.15
"just makes look",17,138517,25.15
"just said don",17,138534,25.16
"just saw really",17,138551,25.16
"just saw tweets",17,138568,25.16
"just tad bit",17,138585,25.17
"just tell truth",17,138602,25.17
"keep eye new",17,138619,25.17
"keep ur head",17,138636,25.18
"know going good",17,138653,25.18
"know good time",17,138670,25.18
"know think thanks",17,138687,25.18
"ladies get free",17,138704,25.19
"let go move",17,138721,25.19
"let know did",17,138738,25.19
"let know enjoyed",17,138755,25.2
"let know ill",17,138772,25.2
"let know kind",17,138789,25.2
"let know thought",17,138806,25.21
"let set world",17,138823,25.21
"let stay touch",17,138840,25.21
"let talk soon",17,138857,25.22
"let world know",17,138874,25.22
"like act like",17,138891,25.22
"like crazy person",17,138908,25.22
"like don get",17,138925,25.23
"like gonna get",17,138942,25.23
"like great night",17,138959,25.23
"like great way",17,138976,25.24
"like way flip",17,138993,25.24
"listening right love",17,139010,25.24
"live last night",17,139027,25.25
"live www ca",17,139044,25.25
"look like right",17,139061,25.25
"look like today",17,139078,25.26
"looking buy sell",17,139095,25.26
"looking good far",17,139112,25.26
"looking old pictures",17,139129,25.26
"looks great thanks",17,139146,25.27
"looks like go",17,139163,25.27
"looks like guys",17,139180,25.27
"love baby girl",17,139197,25.28
"love country music",17,139214,25.28
"love don love",17,139231,25.28
"love like hurt",17,139248,25.29
"love music video",17,139265,25.29
"loved loved loved",17,139282,25.29
"mac app store",17,139299,25.3
"make money online",17,139316,25.3
"make sure guys",17,139333,25.3
"make sure hit",17,139350,25.31
"makes want throw",17,139367,25.31
"matters compared ralph",17,139384,25.31
"meeting today thanks",17,139401,25.31
"morning feeling like",17,139418,25.32
"morning twitter family",17,139435,25.32
"mr nice guy",17,139452,25.32
"music video today",17,139469,25.33
"must come end",17,139486,25.33
"need followers get",17,139503,25.33
"need make happen",17,139520,25.34
"need talk kevin",17,139537,25.34
"new follower thanks",17,139554,25.34
"new found glory",17,139571,25.35
"new jack white",17,139588,25.35
"new music new",17,139605,25.35
"nice meeting yesterday",17,139622,25.35
"night look forward",17,139639,25.36
"oh feel better",17,139656,25.36
"oh good morning",17,139673,25.36
"oh okay thanks",17,139690,25.37
"oh wait did",17,139707,25.37
"people did realize",17,139724,25.37
"people make mistakes",17,139741,25.38
"people need help",17,139758,25.38
"people need know",17,139775,25.38
"people really want",17,139792,25.39
"people spend time",17,139809,25.39
"people want know",17,139826,25.39
"pm th st",17,139843,25.39
"problems people make",17,139860,25.4
"real estate agents",17,139877,25.4
"really excited new",17,139894,25.4
"right outside window",17,139911,25.41
"right right right",17,139928,25.41
"safe holiday weekend",17,139945,25.41
"said looked like",17,139962,25.42
"say don say",17,139979,25.42
"say love forever",17,139996,25.42
"share page friends",17,140013,25.43
"simple things life",17,140030,25.43
"social media tips",17,140047,25.43
"social media use",17,140064,25.43
"soon get ready",17,140081,25.44
"soon looking forward",17,140098,25.44
"soon make sure",17,140115,25.44
"sound people appear",17,140132,25.45
"sounds great let",17,140149,25.45
"st day spring",17,140166,25.45
"st louis rams",17,140183,25.46
"successful man lay",17,140200,25.46
"support independent artists",17,140217,25.46
"take eyes goal",17,140234,25.47
"take last shot",17,140251,25.47
"takes forever get",17,140268,25.47
"tapes photos free",17,140285,25.47
"taxi quality baltimore",17,140302,25.48
"team looking forward",17,140319,25.48
"thank following twitter",17,140336,25.48
"thank made day",17,140353,25.49
"thanks feel like",17,140370,25.49
"thanks follow excited",17,140387,25.49
"thanks follow free",17,140404,25.5
"thanks following enjoy",17,140421,25.5
"thanks following like",17,140438,25.5
"thanks following stay",17,140455,25.51
"thanks glad enjoying",17,140472,25.51
"thanks happy monday",17,140489,25.51
"thanks lot man",17,140506,25.51
"thanks man glad",17,140523,25.52
"thanks quick response",17,140540,25.52
"thing last night",17,140557,25.52
"things don know",17,140574,25.53
"think going try",17,140591,25.53
"think let know",17,140608,25.53
"think might get",17,140625,25.54
"think social media",17,140642,25.54
"thought pretty good",17,140659,25.54
"till last minute",17,140676,25.55
"time time time",17,140693,25.55
"today day get",17,140710,25.55
"today don feel",17,140727,25.56
"today good thing",17,140744,25.56
"tonight doors open",17,140761,25.56
"tuesday wednesday thursday",17,140778,25.56
"twitter looking forward",17,140795,25.57
"twitter stay tuned",17,140812,25.57
"um don know",17,140829,25.57
"use caution area",17,140846,25.58
"use sentence best",17,140863,25.58
"video thanks sharing",17,140880,25.58
"video www youtube",17,140897,25.59
"wait hear think",17,140914,25.59
"wanna punch face",17,140931,25.59
"want follow follow",17,140948,25.6
"watching game tonight",17,140965,25.6
"watching star wars",17,140982,25.6
"way looking forward",17,140999,25.6
"week high school",17,141016,25.61
"wi state fair",17,141033,25.61
"woke feeling like",17,141050,25.61
"work day today",17,141067,25.62
"work done today",17,141084,25.62
"airport waiting flight",16,141100,25.62
"anyone doing anything",16,141116,25.63
"anything nice say",16,141132,25.63
"bacon bacon bacon",16,141148,25.63
"bad news bears",16,141164,25.63
"beautiful fall day",16,141180,25.64
"best beautiful things",16,141196,25.64
"best guy friend",16,141212,25.64
"big week ahead",16,141228,25.65
"birthday day follow",16,141244,25.65
"birthday hope awesome",16,141260,25.65
"birthday hope wonderful",16,141276,25.65
"birthday love miss",16,141292,25.66
"burned calories total",16,141308,25.66
"butter jelly time",16,141324,25.66
"celebrity crush favorite",16,141340,25.67
"change world don",16,141356,25.67
"change world thing",16,141372,25.67
"chili cheese fries",16,141388,25.68
"cleveland ohio weather",16,141404,25.68
"daily dose goodness",16,141420,25.68
"dance want grow",16,141436,25.68
"day come get",16,141452,25.69
"day don want",16,141468,25.69
"day filled love",16,141484,25.69
"day hope having",16,141500,25.7
"day just corner",16,141516,25.7
"day woman birthday",16,141532,25.7
"days till christmas",16,141548,25.7
"did day go",16,141564,25.71
"did feel like",16,141580,25.71
"did go wrong",16,141596,25.71
"did just happen",16,141612,25.72
"did last time",16,141628,25.72
"did seriously just",16,141644,25.72
"direct message email",16,141660,25.72
"doing good thanks",16,141676,25.73
"doing let know",16,141692,25.73
"don believe anything",16,141708,25.73
"don forget add",16,141724,25.74
"don go home",16,141740,25.74
"don hate cause",16,141756,25.74
"don know actually",16,141772,25.74
"don know half",16,141788,25.75
"don know hard",16,141804,25.75
"don know let",16,141820,25.75
"don know tweet",16,141836,25.76
"don take personally",16,141852,25.76
"don think friends",16,141868,25.76
"don want deal",16,141884,25.77
"early th century",16,141900,25.77
"feel like actually",16,141916,25.77
"feel like better",16,141932,25.77
"feel like dancing",16,141948,25.78
"feel like friends",16,141964,25.78
"feel like listening",16,141980,25.78
"feel like moving",16,141996,25.79
"feel like person",16,142012,25.79
"feel like running",16,142028,25.79
"finally get go",16,142044,25.79
"finally joined twitter",16,142060,25.8
"follow free love",16,142076,25.8
"follow latest news",16,142092,25.8
"follow twitter like",16,142108,25.81
"follow won regret",16,142124,25.81
"followed thanks following",16,142140,25.81
"followers follow get",16,142156,25.81
"forget vote today",16,142172,25.82
"free get exposure",16,142188,25.82
"free love followers",16,142204,25.82
"fun plans weekend",16,142220,25.83
"get bed morning",16,142236,25.83
"get fan mail",16,142252,25.83
"get feel like",16,142268,25.83
"get homework done",16,142284,25.84
"get married president",16,142300,25.84
"get right get",16,142316,25.84
"getting stuff done",16,142332,25.85
"give man fish",16,142348,25.85
"glad enjoyed hope",16,142364,25.85
"glad hear doing",16,142380,25.86
"go ahead make",16,142396,25.86
"go family friends",16,142412,25.86
"go kings go",16,142428,25.86
"going great weekend",16,142444,25.87
"going san diego",16,142460,25.87
"going take shower",16,142476,25.87
"gonna make new",16,142492,25.88
"good afternoon hope",16,142508,25.88
"good good night",16,142524,25.88
"good luck best",16,142540,25.88
"good luck keep",16,142556,25.89
"good luck runners",16,142572,25.89
"good morning remember",16,142588,25.89
"good morning work",16,142604,25.9
"good times roll",16,142620,25.9
"got twitter account",16,142636,25.9
"gotta go school",16,142652,25.9
"great day ahead",16,142668,25.91
"great glad hear",16,142684,25.91
"great keep good",16,142700,25.91
"great meet person",16,142716,25.92
"great meet yesterday",16,142732,25.92
"guys help get",16,142748,25.92
"guys looking forward",16,142764,25.92
"half hour ago",16,142780,25.93
"happy birthday day",16,142796,25.93
"happy birthday sis",16,142812,25.93
"happy christmas eve",16,142828,25.94
"happy make minds",16,142844,25.94
"hate people just",16,142860,25.94
"hate people lie",16,142876,25.95
"having lot fun",16,142892,25.95
"having lovely day",16,142908,25.95
"having nice day",16,142924,25.95
"home safe sound",16,142940,25.96
"home saturday night",16,142956,25.96
"hope day goes",16,142972,25.96
"hope enjoyed time",16,142988,25.97
"hope wonderful time",16,143004,25.97
"just go get",16,143020,25.97
"just got caught",16,143036,25.97
"just got class",16,143052,25.98
"just got invite",16,143068,25.98
"just got lucky",16,143084,25.98
"just got paid",16,143100,25.99
"just keep doing",16,143116,25.99
"just left navy",16,143132,25.99
"just let get",16,143148,25.99
"just make happy",16,143164,26
"just saw big",16,143180,26
"just saw lady",16,143196,26
"just saw like",16,143212,26.01
"just saw today",16,143228,26.01
"just started working",16,143244,26.01
"just telling truth",16,143260,26.02
"just think funny",16,143276,26.02
"justin new song",16,143292,26.02
"know better better",16,143308,26.02
"know going make",16,143324,26.03
"know good day",16,143340,26.03
"know want know",16,143356,26.03
"launch new website",16,143372,26.04
"launching new website",16,143388,26.04
"leave trail ralph",16,143404,26.04
"let go bruins",16,143420,26.04
"let go go",16,143436,26.05
"let go red",16,143452,26.05
"let know answer",16,143468,26.05
"let know end",16,143484,26.06
"let know just",16,143500,26.06
"let know ok",16,143516,26.06
"let know whats",16,143532,26.06
"let weekend begin",16,143548,26.07
"lie just forget",16,143564,26.07
"life coming attractions",16,143580,26.07
"life last night",16,143596,26.08
"like change change",16,143612,26.08
"like good old",16,143628,26.08
"like month ago",16,143644,26.08
"like people say",16,143660,26.09
"like riding bike",16,143676,26.09
"like today make",16,143692,26.09
"literary history march",16,143708,26.1
"little things like",16,143724,26.1
"live life live",16,143740,26.1
"look like going",16,143756,26.11
"looking forward book",16,143772,26.11
"looking forward rest",16,143788,26.11
"looking forward trip",16,143804,26.11
"looks like know",16,143820,26.12
"looks like long",16,143836,26.12
"looks like perfect",16,143852,26.12
"looks like playing",16,143868,26.13
"lord made glad",16,143884,26.13
"love coming home",16,143900,26.13
"love follow love",16,143916,26.13
"love hope having",16,143932,26.14
"love people get",16,143948,26.14
"love social media",16,143964,26.14
"love taylor swift",16,143980,26.15
"love thanks follow",16,143996,26.15
"love year old",16,144012,26.15
"made day thank",16,144028,26.15
"make day followed",16,144044,26.16
"make difference world",16,144060,26.16
"make smile matter",16,144076,26.16
"make sure ask",16,144092,26.17
"make sure join",16,144108,26.17
"make sure pick",16,144124,26.17
"make sure post",16,144140,26.17
"make sure ur",16,144156,26.18
"make sure visit",16,144172,26.18
"make worth effort",16,144188,26.18
"makes sense thanks",16,144204,26.19
"makes want punch",16,144220,26.19
"march th th",16,144236,26.19
"meeting today looking",16,144252,26.2
"message email address",16,144268,26.2
"might look like",16,144284,26.2
"mind body soul",16,144300,26.2
"missing like crazy",16,144316,26.21
"morning good night",16,144332,26.21
"morning happy easter",16,144348,26.21
"morning happy thursday",16,144364,26.22
"morning new followers",16,144380,26.22
"need followers reach",16,144396,26.22
"need start using",16,144412,26.22
"new country star",16,144428,26.23
"new hip hop",16,144444,26.23
"new music way",16,144460,26.23
"new songs coming",16,144476,26.24
"new year bring",16,144492,26.24
"new year good",16,144508,26.24
"new year time",16,144524,26.24
"nice sunny day",16,144540,26.25
"night good morning",16,144556,26.25
"oh don like",16,144572,26.25
"oh fancy huh",16,144588,26.26
"oh wow just",16,144604,26.26
"oh yes definitely",16,144620,26.26
"open house tonight",16,144636,26.26
"people last night",16,144652,26.27
"people love love",16,144668,26.27
"people make happy",16,144684,26.27
"people make worth",16,144700,26.28
"person person world",16,144716,26.28
"personal twitter account",16,144732,26.28
"play last night",16,144748,26.29
"played great game",16,144764,26.29
"playing hard get",16,144780,26.29
"pm come check",16,144796,26.29
"pm come enjoy",16,144812,26.3
"pm est pm",16,144828,26.3
"pm last night",16,144844,26.3
"pm make sure",16,144860,26.31
"point right direction",16,144876,26.31
"poised creation beginning",16,144892,26.31
"positive attitude solve",16,144908,26.31
"press conference today",16,144924,26.32
"pretty cool stuff",16,144940,26.32
"question going let",16,144956,26.32
"reading good book",16,144972,26.33
"ready get day",16,144988,26.33
"really hope don",16,145004,26.33
"really really don",16,145020,26.33
"really wanna meet",16,145036,26.34
"right just wanna",16,145052,26.34
"rip donna summers",16,145068,26.34
"root beer float",16,145084,26.35
"san francisco bay",16,145100,26.35
"say don need",16,145116,26.35
"say don think",16,145132,26.36
"say nice things",16,145148,26.36
"saying happy birthday",16,145164,26.36
"server ready dynamic",16,145180,26.36
"slept hours last",16,145196,26.37
"slow news day",16,145212,26.37
"small business owner",16,145228,26.37
"small group thoughtful",16,145244,26.38
"social media efforts",16,145260,26.38
"social media event",16,145276,26.38
"social media presentation",16,145292,26.38
"sounds like memory",16,145308,26.39
"sounds like time",16,145324,26.39
"soups day chicken",16,145340,26.39
"speed dating event",16,145356,26.4
"stand ground law",16,145372,26.4
"start acting like",16,145388,26.4
"successful person lack",16,145404,26.4
"sunday night buzz",16,145420,26.41
"super excited new",16,145436,26.41
"sure check facebook",16,145452,26.41
"sure looking forward",16,145468,26.42
"take new york",16,145484,26.42
"take road trip",16,145500,26.42
"taking good care",16,145516,26.42
"tell friends like",16,145532,26.43
"thank follow follow",16,145548,26.43
"thank following follow",16,145564,26.43
"thank great time",16,145580,26.44
"thank hope having",16,145596,26.44
"thank sharing story",16,145612,26.44
"thanks everybody came",16,145628,26.45
"thanks follow did",16,145644,26.45
"thanks follow friend",16,145660,26.45
"thanks follow know",16,145676,26.45
"thanks follow looks",16,145692,26.46
"thanks follow stay",16,145708,26.46
"thanks follow twitter",16,145724,26.46
"thanks follow welcome",16,145740,26.47
"thanks following welcome",16,145756,26.47
"thanks hope get",16,145772,26.47
"thanks making feel",16,145788,26.47
"thanks making laugh",16,145804,26.48
"thanks new follower",16,145820,26.48
"thanks really excited",16,145836,26.48
"things get done",16,145852,26.49
"things turn best",16,145868,26.49
"things world seen",16,145884,26.49
"think go bed",16,145900,26.49
"think go sleep",16,145916,26.5
"think gonna take",16,145932,26.5
"thursday night pm",16,145948,26.5
"tickets www com",16,145964,26.51
"time friends family",16,145980,26.51
"time goes fast",16,145996,26.51
"time high school",16,146012,26.51
"time san diego",16,146028,26.52
"today day woman",16,146044,26.52
"today hope great",16,146060,26.52
"today hope tomorrow",16,146076,26.53
"today just days",16,146092,26.53
"today ny times",16,146108,26.53
"today sounds like",16,146124,26.54
"told last night",16,146140,26.54
"totally made day",16,146156,26.54
"try act like",16,146172,26.54
"trying find new",16,146188,26.55
"trying stay awake",16,146204,26.55
"twitter follow follow",16,146220,26.55
"twitter just got",16,146236,26.56
"ugh ugh ugh",16,146252,26.56
"wait finished product",16,146268,26.56
"want grow celebrity",16,146284,26.56
"want meet bad",16,146300,26.57
"want take nap",16,146316,26.57
"watch season finale",16,146332,26.57
"way make dreams",16,146348,26.58
"way start new",16,146364,26.58
"way work today",16,146380,26.58
"website looks great",16,146396,26.58
"week make sure",16,146412,26.59
"week take care",16,146428,26.59
"welcome keep good",16,146444,26.59
"welcome new follower",16,146460,26.6
"west th street",16,146476,26.6
"whitney houston sad",16,146492,26.6
"words right mouth",16,146508,26.6
"work just fine",16,146524,26.61
"wow feel like",16,146540,26.61
"wow just found",16,146556,26.61
"wow really need",16,146572,26.62
"writing blog post",16,146588,26.62
"www com enjoy",16,146604,26.62
"yeah seems like",16,146620,26.63
"yeah sounds good",16,146636,26.63
"year let make",16,146652,26.63
"york state mind",16,146668,26.63
"band practice tonight",16,146684,26.64
"just going bed",16,146700,26.64
"take lots pictures",16,146716,26.64
"actually looks like",15,146731,26.65
"amazing day today",15,146746,26.65
"amazing great job",15,146761,26.65
"anyone want play",15,146776,26.65
"away come day",15,146791,26.66
"believe love sight",15,146806,26.66
"best friends forever",15,146821,26.66
"best friends love",15,146836,26.66
"best time life",15,146851,26.67
"best wishes family",15,146866,26.67
"birthday today love",15,146881,26.67
"book last night",15,146896,26.68
"brand new website",15,146911,26.68
"brown bag lunch",15,146926,26.68
"business social media",15,146941,26.68
"cause feel like",15,146956,26.69
"celebrate th anniversary",15,146971,26.69
"check new site",15,146986,26.69
"check new track",15,147001,26.69
"chocolate chip ice",15,147016,26.7
"christmas good night",15,147031,26.7
"class last year",15,147046,26.7
"click like button",15,147061,26.71
"come check tonight",15,147076,26.71
"come give try",15,147091,26.71
"come home school",15,147106,26.71
"come join party",15,147121,26.72
"come keep company",15,147136,26.72
"come san antonio",15,147151,26.72
"coming home tomorrow",15,147166,26.72
"coming later today",15,147181,26.73
"control own destiny",15,147196,26.73
"couple days left",15,147211,26.73
"creative juices flowing",15,147226,26.74
"day get free",15,147241,26.74
"day good morning",15,147256,26.74
"day hope day",15,147271,26.74
"day hope good",15,147286,26.75
"day just keeps",15,147301,26.75
"days let talk",15,147316,26.75
"did go school",15,147331,26.75
"did receive email",15,147346,26.76
"direct message address",15,147361,26.76
"diversity platinum members",15,147376,26.76
"doing awesome job",15,147391,26.77
"don actually know",15,147406,26.77
"don ask question",15,147421,26.77
"don believe just",15,147436,26.77
"don forget turn",15,147451,26.78
"don go crazy",15,147466,26.78
"don hesitate ask",15,147481,26.78
"don know drive",15,147496,26.78
"don know things",15,147511,26.79
"don know true",15,147526,26.79
"don make mistakes",15,147541,26.79
"don play games",15,147556,26.8
"don play like",15,147571,26.8
"don sound like",15,147586,26.8
"don stop get",15,147601,26.8
"don take care",15,147616,26.81
"don take personal",15,147631,26.81
"don take time",15,147646,26.81
"don tell people",15,147661,26.81
"don think funny",15,147676,26.82
"don think ready",15,147691,26.82
"don think right",15,147706,26.82
"don think think",15,147721,26.83
"don think won",15,147736,26.83
"don want read",15,147751,26.83
"don want use",15,147766,26.83
"download free app",15,147781,26.84
"drinks till hosted",15,147796,26.84
"email address get",15,147811,26.84
"enjoy holiday weekend",15,147826,26.84
"enjoy nice weather",15,147841,26.85
"facebook follow twitter",15,147856,26.85
"favorite song right",15,147871,26.85
"feel like cheating",15,147886,26.86
"feel like cooking",15,147901,26.86
"feel like heart",15,147916,26.86
"feel like million",15,147931,26.86
"feel like missed",15,147946,26.87
"feel like trying",15,147961,26.87
"feel like tweet",15,147976,26.87
"feel like waiting",15,147991,26.87
"feeling good feeling",15,148006,26.88
"figure twitter thing",15,148021,26.88
"finally got watch",15,148036,26.88
"finished homework pm",15,148051,26.89
"follow get latest",15,148066,26.89
"follow loves follower",15,148081,26.89
"follow twitter facebook",15,148096,26.89
"follows follow follow",15,148111,26.9
"forward sharing tweets",15,148126,26.9
"fresh prince air",15,148141,26.9
"friday last day",15,148156,26.9
"friend happy birthday",15,148171,26.91
"friend request facebook",15,148186,26.91
"full speed ahead",15,148201,26.91
"game both teams",15,148216,26.92
"game tonight let",15,148231,26.92
"get beauty sleep",15,148246,26.92
"get early tomorrow",15,148261,26.92
"get go work",15,148276,26.93
"get mother day",15,148291,26.93
"get right away",15,148306,26.93
"getting better day",15,148321,26.93
"getting hang twitter",15,148336,26.94
"girl looks like",15,148351,26.94
"glad like new",15,148366,26.94
"go facebook page",15,148381,26.95
"going go ahead",15,148396,26.95
"going try go",15,148411,26.95
"golden gate bridge",15,148426,26.95
"gonna great night",15,148441,26.96
"gonna make cry",15,148456,26.96
"good bad just",15,148471,26.96
"good game good",15,148486,26.96
"good game tonight",15,148501,26.97
"good good good",15,148516,26.97
"good luck coach",15,148531,26.97
"good luck exam",15,148546,26.97
"good luck exams",15,148561,26.98
"good man just",15,148576,26.98
"good morning gorgeous",15,148591,26.98
"good morning rise",15,148606,26.99
"good movie watch",15,148621,26.99
"gorgeous day today",15,148636,26.99
"got get ready",15,148651,26.99
"got great news",15,148666,27
"got lot mind",15,148681,27
"got tweet limit",15,148696,27
"gotta go sleep",15,148711,27
"gotta let go",15,148726,27.01
"gotta wake early",15,148741,27.01
"grammy award winning",15,148756,27.01
"great day baseball",15,148771,27.02
"great day day",15,148786,27.02
"great hear hope",15,148801,27.02
"great night tonight",15,148816,27.02
"green chile cheese",15,148831,27.03
"guys look like",15,148846,27.03
"happy birthday hun",15,148861,27.03
"happy birthday make",15,148876,27.03
"happy monday weekend",15,148891,27.04
"happy thanksgiving enjoy",15,148906,27.04
"harry potter movies",15,148921,27.04
"hate people text",15,148936,27.05
"having great monday",15,148951,27.05
"having last night",15,148966,27.05
"health ins www",15,148981,27.05
"hear people say",15,148996,27.06
"hearing good things",15,149011,27.06
"hearing great things",15,149026,27.06
"hey guys need",15,149041,27.06
"hey just sent",15,149056,27.07
"hey looking forward",15,149071,27.07
"hey make go",15,149086,27.07
"hey man just",15,149101,27.08
"hey mary follow",15,149116,27.08
"high speed chase",15,149131,27.08
"hit free throws",15,149146,27.08
"hope chance check",15,149161,27.09
"hope wonderful thanksgiving",15,149176,27.09
"hosting great event",15,149191,27.09
"huh huh huh",15,149206,27.09
"internet radio station",15,149221,27.1
"just cause cheap",15,149236,27.1
"just created new",15,149251,27.1
"just feel bad",15,149266,27.11
"just gonna keep",15,149281,27.11
"just gonna sit",15,149296,27.11
"just good day",15,149311,27.11
"just got bit",15,149326,27.12
"just got bus",15,149341,27.12
"just got game",15,149356,27.12
"just got news",15,149371,27.12
"just got signed",15,149386,27.13
"just heard great",15,149401,27.13
"just kidding love",15,149416,27.13
"just lay bed",15,149431,27.14
"just make look",15,149446,27.14
"just put new",15,149461,27.14
"just right amount",15,149476,27.14
"just saw best",15,149491,27.15
"just slept hours",15,149506,27.15
"just trying find",15,149521,27.15
"kind words glad",15,149536,27.15
"kind words hope",15,149551,27.16
"kinda feel bad",15,149566,27.16
"know feel bad",15,149581,27.16
"know gonna good",15,149596,27.17
"know good place",15,149611,27.17
"know hear anything",15,149626,27.17
"know need get",15,149641,27.17
"know really like",15,149656,27.18
"know want come",15,149671,27.18
"lack knowledge lack",15,149686,27.18
"las vegas nevada",15,149701,27.18
"las vegas weekend",15,149716,27.19
"latest blog post",15,149731,27.19
"let follow follow",15,149746,27.19
"let go beat",15,149761,27.2
"let go got",15,149776,27.2
"let go just",15,149791,27.2
"let go new",15,149806,27.2
"let go past",15,149821,27.21
"let know available",15,149836,27.21
"let know email",15,149851,27.21
"let know feel",15,149866,27.21
"let know happens",15,149881,27.22
"let know service",15,149896,27.22
"let know way",15,149911,27.22
"lets get going",15,149926,27.23
"lets get trending",15,149941,27.23
"life bad attitude",15,149956,27.23
"life seriously gets",15,149971,27.23
"like best thing",15,149986,27.24
"like gonna good",15,150001,27.24
"like good thing",15,150016,27.24
"like great place",15,150031,27.24
"like little bit",15,150046,27.25
"like need get",15,150061,27.25
"like need go",15,150076,27.25
"like new song",15,150091,27.26
"like old school",15,150106,27.26
"like really want",15,150121,27.26
"like www com",15,150136,27.26
"little help friends",15,150151,27.27
"live san antonio",15,150166,27.27
"live tweeting tonight",15,150181,27.27
"longest day life",15,150196,27.27
"look best species",15,150211,27.28
"look good feel",15,150226,27.28
"look like gonna",15,150241,27.28
"look like got",15,150256,27.29
"look like man",15,150271,27.29
"looked just like",15,150286,27.29
"looking forward fall",15,150301,27.29
"looking forward posts",15,150316,27.3
"looking forward school",15,150331,27.3
"looking forward sunday",15,150346,27.3
"looking forward teaching",15,150361,27.3
"looking forward thursday",15,150376,27.31
"looking real good",15,150391,27.31
"looks like tonight",15,150406,27.31
"looks like trying",15,150421,27.32
"looks like wearing",15,150436,27.32
"looks like year",15,150451,27.32
"lost loved ones",15,150466,27.32
"lot people don",15,150481,27.33
"love hate time",15,150496,27.33
"love make world",15,150511,27.33
"love meeting new",15,150526,27.33
"love people love",15,150541,27.34
"love people talk",15,150556,27.34
"love seeing people",15,150571,27.34
"love thanks sharing",15,150586,27.35
"make cute couple",15,150601,27.35
"make feel way",15,150616,27.35
"make fun people",15,150631,27.35
"make sure add",15,150646,27.36
"make sure buy",15,150661,27.36
"make sure include",15,150676,27.36
"makes really happy",15,150691,27.36
"makes sense just",15,150706,27.37
"mary kay ash",15,150721,27.37
"matter old get",15,150736,27.37
"monday april th",15,150751,27.38
"monday night live",15,150766,27.38
"month let know",15,150781,27.38
"morning don forget",15,150796,27.38
"morning twitter friends",15,150811,27.39
"morning way work",15,150826,27.39
"morning wonderful day",15,150841,27.39
"movie looks like",15,150856,27.39
"music video coming",15,150871,27.4
"need somebody love",15,150886,27.4
"need start working",15,150901,27.4
"new favorite band",15,150916,27.41
"new jersey nets",15,150931,27.41
"new job today",15,150946,27.41
"new kids block",15,150961,27.41
"new phone number",15,150976,27.42
"new songs new",15,150991,27.42
"new twitter thing",15,151006,27.42
"new video youtube",15,151021,27.42
"new year going",15,151036,27.43
"night starts pm",15,151051,27.43
"number got new",15,151066,27.43
"obviously don know",15,151081,27.44
"official twitter page",15,151096,27.44
"oh sounds good",15,151111,27.44
"page facebook com",15,151126,27.44
"pay attention class",15,151141,27.45
"pay attention people",15,151156,27.45
"pay price make",15,151171,27.45
"people forget said",15,151186,27.45
"people high school",15,151201,27.46
"people make best",15,151216,27.46
"people really don",15,151231,27.46
"perfect person learning",15,151246,27.47
"pm live music",15,151261,27.47
"pm tonight come",15,151276,27.47
"ran miles today",15,151291,27.47
"really just don",15,151306,27.48
"really just got",15,151321,27.48
"really made day",15,151336,27.48
"really really hard",15,151351,27.48
"releasing new album",15,151366,27.49
"rest peace clark",15,151381,27.49
"rest peace steve",15,151396,27.49
"right just like",15,151411,27.5
"samsung galaxy tab",15,151426,27.5
"say love leave",15,151441,27.5
"second time week",15,151456,27.5
"secret success henry",15,151471,27.51
"send friend request",15,151486,27.51
"sent email let",15,151501,27.51
"seven times stand",15,151516,27.51
"single women look",15,151531,27.52
"social media accounts",15,151546,27.52
"social media like",15,151561,27.52
"social media love",15,151576,27.53
"social media manager",15,151591,27.53
"social media platforms",15,151606,27.53
"sound like fun",15,151621,27.53
"sounds like right",15,151636,27.54
"spend time trying",15,151651,27.54
"start new beginning",15,151666,27.54
"started last night",15,151681,27.54
"stay home today",15,151696,27.55
"success key happiness",15,151711,27.55
"sunday april th",15,151726,27.55
"support good music",15,151741,27.56
"sure check website",15,151756,27.56
"swear just saw",15,151771,27.56
"take away pain",15,151786,27.56
"talking social media",15,151801,27.57
"taylor swift song",15,151816,27.57
"tell friends family",15,151831,27.57
"text just got",15,151846,27.57
"th anniversary celebration",15,151861,27.58
"th anniversary party",15,151876,27.58
"th don miss",15,151891,27.58
"th grade dance",15,151906,27.59
"th let know",15,151921,27.59
"thank following suburban",15,151936,27.59
"thank following wonderful",15,151951,27.59
"thank hope doing",15,151966,27.6
"thank hope enjoy",15,151981,27.6
"thanks checking hope",15,151996,27.6
"thanks follow help",15,152011,27.6
"thanks follow new",15,152026,27.61
"thanks guest entrepreneur",15,152041,27.61
"thanks happy weekend",15,152056,27.61
"thanks kind mention",15,152071,27.62
"thanks showing love",15,152086,27.62
"thanks tweet hope",15,152101,27.62
"thing common both",15,152116,27.62
"thing look forward",15,152131,27.63
"things going great",15,152146,27.63
"things life free",15,152161,27.63
"think make good",15,152176,27.63
"think might actually",15,152191,27.64
"think sounds like",15,152206,27.64
"think time start",15,152221,27.64
"think wanna go",15,152236,27.65
"time loved ones",15,152251,27.65
"time make donuts",15,152266,27.65
"today just want",15,152281,27.65
"today last chance",15,152296,27.66
"tonight get ready",15,152311,27.66
"tonight ladies night",15,152326,27.66
"tonight saturday night",15,152341,27.66
"took hour nap",15,152356,27.67
"took hours get",15,152371,27.67
"trip new york",15,152386,27.67
"try get follow",15,152401,27.68
"try really hard",15,152416,27.68
"turns just wanted",15,152431,27.68
"twitter just like",15,152446,27.68
"twitter look forward",15,152461,27.69
"ugh don want",15,152476,27.69
"valentine day just",15,152491,27.69
"voice sounds like",15,152506,27.69
"wait does mean",15,152521,27.7
"wait last minute",15,152536,27.7
"walk mile shoes",15,152551,27.7
"wanna get know",15,152566,27.7
"wanna just like",15,152581,27.71
"wanna stay night",15,152596,27.71
"want follow just",15,152611,27.71
"want hear think",15,152626,27.72
"want make love",15,152641,27.72
"watch game thrones",15,152656,27.72
"watching america got",15,152671,27.72
"watching dance moms",15,152686,27.73
"watching favorite movie",15,152701,27.73
"way get started",15,152716,27.73
"way make money",15,152731,27.73
"way make people",15,152746,27.74
"way start friday",15,152761,27.74
"way start monday",15,152776,27.74
"wear red day",15,152791,27.75
"week looks like",15,152806,27.75
"whats favorite song",15,152821,27.75
"whats good man",15,152836,27.75
"wish best friend",15,152851,27.76
"wish mom happy",15,152866,27.76
"wishing great day",15,152881,27.76
"woke hour nap",15,152896,27.76
"women look best",15,152911,27.77
"women world cup",15,152926,27.77
"wonder long take",15,152941,27.77
"words words words",15,152956,27.78
"worth doing worth",15,152971,27.78
"wow just realized",15,152986,27.78
"wow long time",15,153001,27.78
"www com tell",15,153016,27.79
"yeah makes sense",15,153031,27.79
"yes sounds like",15,153046,27.79
"yr old niece",15,153061,27.79
"old man just",15,153076,27.8
"packed ready go",15,153091,27.8
"recording new album",15,153106,27.8
"acting like don",14,153120,27.81
"anyone want come",14,153134,27.81
"apple cider vinegar",14,153148,27.81
"available free download",14,153162,27.81
"available itunes amazon",14,153176,27.82
"best day followed",14,153190,27.82
"best friends world",14,153204,27.82
"best rapper alive",14,153218,27.82
"best read fm",14,153232,27.83
"best thing done",14,153246,27.83
"best way reach",14,153260,27.83
"better get started",14,153274,27.83
"better luck year",14,153288,27.84
"big things ahead",14,153302,27.84
"big welcome new",14,153316,27.84
"branch library family",14,153330,27.84
"broadway bar tonight",14,153344,27.85
"busy making plans",14,153358,27.85
"buy buy buy",14,153372,27.85
"cause look like",14,153386,27.85
"celebrating year anniversary",14,153400,27.86
"champions league final",14,153414,27.86
"change people change",14,153428,27.86
"check new blog",14,153442,27.86
"check new video",14,153456,27.87
"cherry blossom festival",14,153470,27.87
"click click click",14,153484,27.87
"come join today",14,153498,27.87
"come last night",14,153512,27.88
"common core standards",14,153526,27.88
"computer repair pittsburgh",14,153540,27.88
"customer service experience",14,153554,27.88
"darkness light life",14,153568,27.89
"day become silent",14,153582,27.89
"day get ready",14,153596,27.89
"day gotta get",14,153610,27.89
"day great time",14,153624,27.9
"day looks like",14,153638,27.9
"day mommy love",14,153652,27.9
"day new day",14,153666,27.9
"day time get",14,153680,27.91
"did anyone catch",14,153694,27.91
"did anyone know",14,153708,27.91
"did good day",14,153722,27.91
"did just tweet",14,153736,27.92
"don ask just",14,153750,27.92
"don forget post",14,153764,27.92
"don hate don",14,153778,27.93
"don hate hate",14,153792,27.93
"don hate people",14,153806,27.93
"don know care",14,153820,27.93
"don know done",14,153834,27.94
"don know gets",14,153848,27.94
"don know happy",14,153862,27.94
"don know haven",14,153876,27.94
"don know last",14,153890,27.95
"don know stand",14,153904,27.95
"don know whats",14,153918,27.95
"don love love",14,153932,27.95
"don make promises",14,153946,27.96
"don really think",14,153960,27.96
"don say word",14,153974,27.96
"don take wrong",14,153988,27.96
"don think better",14,154002,27.97
"don think possible",14,154016,27.97
"don think realize",14,154030,27.97
"don think work",14,154044,27.97
"don use twitter",14,154058,27.98
"don want feel",14,154072,27.98
"don want follow",14,154086,27.98
"don want play",14,154100,27.98
"don want wait",14,154114,27.99
"don work don",14,154128,27.99
"drinks free parking",14,154142,27.99
"early go sleep",14,154156,27.99
"end work week",14,154170,28
"facebook com like",14,154184,28
"facebook com pages",14,154198,28
"fall asleep early",14,154212,28
"fan check yahoo",14,154226,28.01
"favorite restaurant week",14,154240,28.01
"feel like complete",14,154254,28.01
"feel like family",14,154268,28.01
"feel like school",14,154282,28.02
"feel like zombie",14,154296,28.02
"feeling good right",14,154310,28.02
"feeling really good",14,154324,28.02
"find way home",14,154338,28.03
"follow stay date",14,154352,28.03
"following good luck",14,154366,28.03
"following sure check",14,154380,28.03
"forever long time",14,154394,28.04
"forget get number",14,154408,28.04
"forward hearing new",14,154422,28.04
"free ask questions",14,154436,28.04
"free gift card",14,154450,28.05
"free lemonade blueberry",14,154464,28.05
"free parking ladies",14,154478,28.05
"fresh cut grass",14,154492,28.05
"friday enjoy weekend",14,154506,28.06
"friday th lucky",14,154520,28.06
"friday th pm",14,154534,28.06
"friend tell friend",14,154548,28.06
"fun doing dale",14,154562,28.07
"game new york",14,154576,28.07
"game set match",14,154590,28.07
"get follow best",14,154604,28.08
"get followers today",14,154618,28.08
"get good night",14,154632,28.08
"get half price",14,154646,28.08
"get justin follow",14,154660,28.09
"get new ipad",14,154674,28.09
"get shut eye",14,154688,28.09
"get social media",14,154702,28.09
"gets better time",14,154716,28.1
"getting new car",14,154730,28.1
"girl look good",14,154744,28.1
"glad enjoyed great",14,154758,28.1
"go away don",14,154772,28.11
"go cubs go",14,154786,28.11
"go go home",14,154800,28.11
"go road trip",14,154814,28.11
"going good week",14,154828,28.12
"going party tonight",14,154842,28.12
"going today hope",14,154856,28.12
"going try sleep",14,154870,28.12
"going win game",14,154884,28.13
"golf club restaurant",14,154898,28.13
"gonna able make",14,154912,28.13
"good afternoon good",14,154926,28.13
"good afternoon twitter",14,154940,28.14
"good bad day",14,154954,28.14
"good bad get",14,154968,28.14
"good just finished",14,154982,28.14
"good just getting",14,154996,28.15
"good luck future",14,155010,28.15
"good luck search",14,155024,28.15
"good luck taking",14,155038,28.15
"good means stood",14,155052,28.16
"good morning like",14,155066,28.16
"good morning looks",14,155080,28.16
"good morning milwaukee",14,155094,28.16
"good morning nyc",14,155108,28.17
"good morning san",14,155122,28.17
"good morning seattle",14,155136,28.17
"good morning sun",14,155150,28.17
"good morning think",14,155164,28.18
"good thanks just",14,155178,28.18
"good way go",14,155192,28.18
"got work early",14,155206,28.18
"great day working",14,155220,28.19
"great easter weekend",14,155234,28.19
"great make sure",14,155248,28.19
"great things difficult",14,155262,28.19
"great week far",14,155276,28.2
"guys just got",14,155290,28.2
"gym class heroes",14,155304,28.2
"hacked twitter account",14,155318,28.2
"happiness happiness key",14,155332,28.21
"happy birthday boo",14,155346,28.21
"happy birthday don",14,155360,28.21
"happy birthday mommy",14,155374,28.21
"happy birthday son",14,155388,28.22
"happy birthday way",14,155402,28.22
"happy birthday wishing",14,155416,28.22
"happy monday everybody",14,155430,28.23
"happy thanksgiving family",14,155444,28.23
"hard find good",14,155458,28.23
"hard get noticed",14,155472,28.23
"harry potter movie",14,155486,28.24
"hate people make",14,155500,28.24
"having great morning",14,155514,28.24
"help feel better",14,155528,28.24
"hey guys help",14,155542,28.25
"hey pretty lady",14,155556,28.25
"hi good morning",14,155570,28.25
"home friday night",14,155584,28.25
"home take nap",14,155598,28.26
"hope day full",14,155612,28.26
"hope enjoyed stay",14,155626,28.26
"hope good week",14,155640,28.26
"hope guys soon",14,155654,28.27
"hope lovely day",14,155668,28.27
"hope work soon",14,155682,28.27
"ill keep posted",14,155696,28.27
"job board follow",14,155710,28.28
"job make sure",14,155724,28.28
"july th th",14,155738,28.28
"just added expo",14,155752,28.28
"just came radio",14,155766,28.29
"just days till",14,155780,28.29
"just fast forward",14,155794,28.29
"just getting old",14,155808,28.29
"just go flow",14,155822,28.3
"just gonna get",14,155836,28.3
"just gonna tweet",14,155850,28.3
"just good time",14,155864,28.3
"just got confirmation",14,155878,28.31
"just got excited",14,155892,28.31
"just got going",14,155906,28.31
"just got house",14,155920,28.31
"just got iphone",14,155934,28.32
"just got love",14,155948,28.32
"just got shot",14,155962,28.32
"just kidding just",14,155976,28.32
"just make money",14,155990,28.33
"just make sense",14,156004,28.33
"just makes sense",14,156018,28.33
"just might get",14,156032,28.33
"just million make",14,156046,28.34
"just read great",14,156060,28.34
"just read tweets",14,156074,28.34
"just saw good",14,156088,28.34
"just saw hunger",14,156102,28.35
"just saying better",14,156116,28.35
"just saying hi",14,156130,28.35
"just take time",14,156144,28.35
"just tell love",14,156158,28.36
"just thought funny",14,156172,28.36
"just time get",14,156186,28.36
"just trying stay",14,156200,28.36
"justin selena gomez",14,156214,28.37
"kansas city star",14,156228,28.37
"keep losing followers",14,156242,28.37
"key happiness happiness",14,156256,28.38
"know did last",14,156270,28.38
"know going end",14,156284,28.38
"know going great",14,156298,28.38
"know make sure",14,156312,28.39
"know people like",14,156326,28.39
"know sounds like",14,156340,28.39
"know want get",14,156354,28.39
"late happy birthday",14,156368,28.4
"left last night",14,156382,28.4
"let eat cake",14,156396,28.4
"let talk listen",14,156410,28.4
"life happens busy",14,156424,28.41
"life let go",14,156438,28.41
"like candy store",14,156452,28.41
"like chris brown",14,156466,28.41
"like going good",14,156480,28.42
"like going great",14,156494,28.42
"like going work",14,156508,28.42
"like minded people",14,156522,28.42
"like real thing",14,156536,28.43
"like really like",14,156550,28.43
"like say thank",14,156564,28.43
"like social media",14,156578,28.43
"like welcome new",14,156592,28.44
"like wild ones",14,156606,28.44
"literary history april",14,156620,28.44
"little things make",14,156634,28.44
"live online enjoy",14,156648,28.45
"long term relationship",14,156662,28.45
"look good look",14,156676,28.45
"look like big",14,156690,28.45
"look like crazy",14,156704,28.46
"look like did",14,156718,28.46
"look like get",14,156732,28.46
"look like look",14,156746,28.46
"looking forward awesome",14,156760,28.47
"looking forward busy",14,156774,28.47
"looking forward presentation",14,156788,28.47
"looking forward th",14,156802,28.47
"looking forward ur",14,156816,28.48
"looking forward using",14,156830,28.48
"looking new apartment",14,156844,28.48
"looks like finally",14,156858,28.48
"looks like like",14,156872,28.49
"looks like missed",14,156886,28.49
"looks like night",14,156900,28.49
"looks like want",14,156914,28.49
"looks like way",14,156928,28.5
"los angeles times",14,156942,28.5
"love harry potter",14,156956,28.5
"love hate love",14,156970,28.5
"love just love",14,156984,28.51
"love just want",14,156998,28.51
"love know think",14,157012,28.51
"love leave day",14,157026,28.51
"love like crazy",14,157040,28.52
"love long live",14,157054,28.52
"love people like",14,157068,28.52
"made day today",14,157082,28.53
"make difference life",14,157096,28.53
"make feel consent",14,157110,28.53
"make laugh hard",14,157124,28.53
"make money don",14,157138,28.54
"make new twitter",14,157152,28.54
"make sure meeting",14,157166,28.54
"make sure mention",14,157180,28.54
"makes feel bad",14,157194,28.55
"makes heart grow",14,157208,28.55
"makes seem like",14,157222,28.55
"man haven seen",14,157236,28.55
"man just saw",14,157250,28.56
"man success man",14,157264,28.56
"maybe don know",14,157278,28.56
"maybe good thing",14,157292,28.56
"maybe just don",14,157306,28.57
"meet real life",14,157320,28.57
"meet someday love",14,157334,28.57
"met person just",14,157348,28.57
"mind body spirit",14,157362,28.58
"mirror mirror wall",14,157376,28.58
"miss free throws",14,157390,28.58
"miss little gone",14,157404,28.58
"mistake make life",14,157418,28.59
"moment don know",14,157432,28.59
"moment feel like",14,157446,28.59
"morning hope day",14,157460,28.59
"morning make great",14,157474,28.6
"morning nice day",14,157488,28.6
"moving right direction",14,157502,28.6
"music let know",14,157516,28.6
"must getting old",14,157530,28.61
"nbc sports network",14,157544,28.61
"need email address",14,157558,28.61
"need hair done",14,157572,28.61
"need place stay",14,157586,28.62
"need take care",14,157600,28.62
"new chapter life",14,157614,28.62
"new happy hour",14,157628,28.62
"new head coach",14,157642,28.63
"new mix tape",14,157656,28.63
"new music suggestions",14,157670,28.63
"new spring menu",14,157684,28.63
"new year celebration",14,157698,28.64
"new year don",14,157712,28.64
"new year twitter",14,157726,28.64
"new year wishing",14,157740,28.64
"nice change pace",14,157754,28.65
"nice hot shower",14,157768,28.65
"nice meeting guys",14,157782,28.65
"night feel like",14,157796,28.65
"number don expect",14,157810,28.66
"oh let go",14,157824,28.66
"ok just got",14,157838,28.66
"online just register",14,157852,28.66
"open house tomorrow",14,157866,28.67
"open night tonight",14,157880,28.67
"opening day today",14,157894,28.67
"own little world",14,157908,28.68
"peanut butter cup",14,157922,28.68
"peanut butter sandwich",14,157936,28.68
"people follow follows",14,157950,28.68
"people know don",14,157964,28.69
"people like make",14,157978,28.69
"people need life",14,157992,28.69
"people think just",14,158006,28.69
"person don get",14,158020,28.7
"place right time",14,158034,28.7
"playing last night",14,158048,28.7
"pm central time",14,158062,28.7
"pm don forget",14,158076,28.71
"pm pacific time",14,158090,28.71
"post thanks sharing",14,158104,28.71
"power just semi",14,158118,28.71
"pretty pretty pretty",14,158132,28.72
"radio www com",14,158146,28.72
"rate version instead",14,158160,28.72
"reading last night",14,158174,28.72
"ready let go",14,158188,28.73
"really appreciate supporting",14,158202,28.73
"really hope win",14,158216,28.73
"really really wish",14,158230,28.73
"right just want",14,158244,28.74
"right time right",14,158258,28.74
"rip adam boys",14,158272,28.74
"rocky horror picture",14,158286,28.74
"run home run",14,158300,28.75
"saturday night come",14,158314,28.75
"saturday night sunday",14,158328,28.75
"say anything just",14,158342,28.75
"say bye bye",14,158356,28.76
"say don care",14,158370,28.76
"school school school",14,158384,28.76
"secret life teenager",14,158398,28.76
"secret success life",14,158412,28.77
"set world brighter",14,158426,28.77
"sky limit moon",14,158440,28.77
"slam dunk contest",14,158454,28.77
"smells like bacon",14,158468,28.78
"snow snow snow",14,158482,28.78
"social media don",14,158496,28.78
"social media get",14,158510,28.78
"social media guru",14,158524,28.79
"social media success",14,158538,28.79
"social media team",14,158552,28.79
"social media world",14,158566,28.79
"sorry just seeing",14,158580,28.8
"sorry missed hope",14,158594,28.8
"sounds like best",14,158608,28.8
"sounds like doing",14,158622,28.8
"sounds like excellent",14,158636,28.81
"sounds like fantastic",14,158650,28.81
"sounds like might",14,158664,28.81
"sounds like party",14,158678,28.81
"sounds like real",14,158692,28.82
"sounds like wonderful",14,158706,28.82
"starts pm come",14,158720,28.82
"starts pm tonight",14,158734,28.83
"stop taking pictures",14,158748,28.83
"summer reading list",14,158762,28.83
"sunday night football",14,158776,28.83
"take time say",14,158790,28.84
"take wrong way",14,158804,28.84
"talk let know",14,158818,28.84
"th follower gets",14,158832,28.84
"th th come",14,158846,28.85
"thank follow following",14,158860,28.85
"thanks came supported",14,158874,28.85
"thanks follow checked",14,158888,28.85
"thanks follow don",14,158902,28.86
"thanks following excited",14,158916,28.86
"thanks hope like",14,158930,28.86
"thanks stay tuned",14,158944,28.86
"things must come",14,158958,28.87
"think far ahead",14,158972,28.87
"think going happen",14,158986,28.87
"think going sleep",14,159000,28.87
"think gonna start",14,159014,28.88
"think need new",14,159028,28.88
"thirty minutes catching",14,159042,28.88
"thurs fri sat",14,159056,28.88
"tickets june th",14,159070,28.89
"time come home",14,159084,28.89
"time lets go",14,159098,28.89
"time social media",14,159112,28.89
"tired good night",14,159126,28.9
"today day new",14,159140,28.9
"today happy friday",14,159154,28.9
"today hope enjoyed",14,159168,28.9
"tomorrow feel like",14,159182,28.91
"tonight come watch",14,159196,28.91
"tonight great job",14,159210,28.91
"tonight great time",14,159224,28.91
"touch love becomes",14,159238,28.92
"trip san diego",14,159252,28.92
"trivia tonight pm",14,159266,28.92
"trying find good",14,159280,28.92
"tuesday april th",14,159294,28.93
"tune tonight pm",14,159308,28.93
"turn best people",14,159322,28.93
"tweets last night",14,159336,28.93
"twitter account got",14,159350,28.94
"twitter better facebook",14,159364,28.94
"twitter facebook youtube",14,159378,28.94
"uh oh just",14,159392,28.94
"video www com",14,159406,28.95
"virginia weather fair",14,159420,28.95
"wanna miss thing",14,159434,28.95
"want make difference",14,159448,28.95
"want make money",14,159462,28.96
"want say thanks",14,159476,28.96
"waste time money",14,159490,28.96
"watching big bang",14,159504,28.96
"watching bulls game",14,159518,28.97
"watching nfl draft",14,159532,28.97
"way make sure",14,159546,28.97
"way start sunday",14,159560,28.98
"week feel like",14,159574,28.98
"weekend stay tuned",14,159588,28.98
"welcome new fans",14,159602,28.98
"welcome newest member",14,159616,28.99
"welcome twitter follow",14,159630,28.99
"whip hair forth",14,159644,28.99
"win pair tickets",14,159658,28.99
"wish happy mother",14,159672,29
"women soccer team",14,159686,29
"wonderful holiday season",14,159700,29
"work gotta get",14,159714,29
"work looks like",14,159728,29.01
"work social media",14,159742,29.01
"working hard new",14,159756,29.01
"working new project",14,159770,29.01
"working working working",14,159784,29.02
"world don let",14,159798,29.02
"www com follow",14,159812,29.02
"www com good",14,159826,29.02
"www com use",14,159840,29.03
"yeah feel like",14,159854,29.03
"yeah know just",14,159868,29.03
"year stay tuned",14,159882,29.03
"yes just got",14,159896,29.04
"best tv right",14,159910,29.04
"check new twitter",14,159924,29.04
"doing minutes walking",14,159938,29.04
"don want let",14,159952,29.05
"hit big time",14,159966,29.05
"just stop talking",14,159980,29.05
"let know might",14,159994,29.05
"love great weekend",14,160008,29.06
"smoke smoke smoke",14,160022,29.06
"actually sounds like",13,160035,29.06
"anything worth having",13,160048,29.06
"app iphone android",13,160061,29.07
"apple day giveaway",13,160074,29.07
"awesome make sure",13,160087,29.07
"awesome thanks coming",13,160100,29.07
"become best friends",13,160113,29.08
"become better person",13,160126,29.08
"become leader john",13,160139,29.08
"begin end day",13,160152,29.08
"best city world",13,160165,29.08
"best days life",13,160178,29.09
"best fans world",13,160191,29.09
"best job world",13,160204,29.09
"best movies seen",13,160217,29.09
"best news day",13,160230,29.1
"best places work",13,160243,29.1
"best way go",13,160256,29.1
"best wishes new",13,160269,29.1
"better leave broken",13,160282,29.11
"big don cry",13,160295,29.11
"big thanks came",13,160308,29.11
"big thanks great",13,160321,29.11
"big things come",13,160334,29.12
"bingo players friday",13,160347,29.12
"bout go eat",13,160360,29.12
"bout take nap",13,160373,29.12
"boyfriend amazing proud",13,160386,29.13
"bring tomorrow detroit",13,160399,29.13
"bucks game tonight",13,160412,29.13
"cause going today",13,160425,29.13
"celebrate new year",13,160438,29.13
"chance check dig",13,160451,29.14
"change world change",13,160464,29.14
"change world ones",13,160477,29.14
"check new book",13,160490,29.14
"check new single",13,160503,29.15
"check www myspace",13,160516,29.15
"check www youtube",13,160529,29.15
"chicken fried steak",13,160542,29.15
"clippers grizzlies game",13,160555,29.16
"cold rainy day",13,160568,29.16
"com click listen",13,160581,29.16
"come alive go",13,160594,29.16
"come check booth",13,160607,29.17
"come check surrender",13,160620,29.17
"come check www",13,160633,29.17
"come hang tonight",13,160646,29.17
"course let know",13,160659,29.17
"crying like baby",13,160672,29.18
"day don think",13,160685,29.18
"day going good",13,160698,29.18
"day great moms",13,160711,29.18
"day great start",13,160724,29.19
"day great weekend",13,160737,29.19
"day like last",13,160750,29.19
"day long day",13,160763,29.19
"day san francisco",13,160776,29.2
"day work day",13,160789,29.2
"days don know",13,160802,29.2
"days like wish",13,160815,29.2
"days till graduation",13,160828,29.21
"did anyone just",13,160841,29.21
"did anyone watch",13,160854,29.21
"did hurt fell",13,160867,29.21
"did just make",13,160880,29.21
"did just read",13,160893,29.22
"diego california love",13,160906,29.22
"dinner tomorrow night",13,160919,29.22
"does body good",13,160932,29.22
"does make sound",13,160945,29.23
"doing minutes trainer",13,160958,29.23
"don ask world",13,160971,29.23
"don believe believe",13,160984,29.23
"don forget ask",13,160997,29.24
"don forget enter",13,161010,29.24
"don forget go",13,161023,29.24
"don forget rsvp",13,161036,29.24
"don forget say",13,161049,29.25
"don give anything",13,161062,29.25
"don give people",13,161075,29.25
"don just take",13,161088,29.25
"don know act",13,161101,29.25
"don know anybody",13,161114,29.26
"don know big",13,161127,29.26
"don know cause",13,161140,29.26
"don know day",13,161153,29.26
"don know excited",13,161166,29.27
"don know expect",13,161179,29.27
"don know heard",13,161192,29.27
"don know miss",13,161205,29.27
"don know ready",13,161218,29.28
"don know saying",13,161231,29.28
"don know stop",13,161244,29.28
"don know talk",13,161257,29.28
"don know thinking",13,161270,29.29
"don know try",13,161283,29.29
"don know works",13,161296,29.29
"don make em",13,161309,29.29
"don really wanna",13,161322,29.3
"don say hi",13,161335,29.3
"don say just",13,161348,29.3
"don sell short",13,161361,29.3
"don spend time",13,161374,29.3
"don sweat small",13,161387,29.31
"don take long",13,161400,29.31
"don think don",13,161413,29.31
"don think got",13,161426,29.31
"don think matters",13,161439,29.32
"don think twitter",13,161452,29.32
"don want life",13,161465,29.32
"don want waste",13,161478,29.32
"drama drama drama",13,161491,29.33
"early sunday morning",13,161504,29.33
"end day become",13,161517,29.33
"end st quarter",13,161530,29.33
"end work day",13,161543,29.34
"excited new year",13,161556,29.34
"facebook status updates",13,161569,29.34
"favorite kind cake",13,161582,29.34
"feel free add",13,161595,29.34
"feel free drop",13,161608,29.35
"feel good feel",13,161621,29.35
"feel like anything",13,161634,29.35
"feel like big",13,161647,29.35
"feel like myself",13,161660,29.36
"feel like seen",13,161673,29.36
"feel like talk",13,161686,29.36
"finally got chance",13,161699,29.36
"finally got iphone",13,161712,29.37
"follow give shout",13,161725,29.37
"follow nice meet",13,161738,29.37
"follow twitter thanks",13,161751,29.37
"forget remember understand",13,161764,29.38
"friday don forget",13,161777,29.38
"friend great day",13,161790,29.38
"friend knows loves",13,161803,29.38
"fun filled day",13,161816,29.38
"funny go youtube",13,161829,29.39
"game tonight going",13,161842,29.39
"games last year",13,161855,29.39
"get feelings hurt",13,161868,29.39
"get good morning",13,161881,29.4
"get knocked get",13,161894,29.4
"get new album",13,161907,29.4
"get new car",13,161920,29.4
"getting day started",13,161933,29.41
"getting worse worse",13,161946,29.41
"girl used know",13,161959,29.41
"give great insight",13,161972,29.41
"glad hear great",13,161985,29.42
"glad hear liked",13,161998,29.42
"go ahead put",13,162011,29.42
"go ahead take",13,162024,29.42
"go away just",13,162037,29.42
"go feel like",13,162050,29.43
"go say hi",13,162063,29.43
"go support local",13,162076,29.43
"go work day",13,162089,29.43
"going good time",13,162102,29.44
"going great summer",13,162115,29.44
"going pretty good",13,162128,29.44
"going sleep tonight",13,162141,29.44
"going start tweeting",13,162154,29.45
"going take time",13,162167,29.45
"going watch movie",13,162180,29.45
"gonna make sure",13,162193,29.45
"good just busy",13,162206,29.46
"good luck day",13,162219,29.46
"good luck don",13,162232,29.46
"good luck game",13,162245,29.46
"good morning baby",13,162258,29.46
"good morning bless",13,162271,29.47
"good morning dc",13,162284,29.47
"good morning dear",13,162297,29.47
"good morning enjoy",13,162310,29.47
"good morning family",13,162323,29.48
"good morning go",13,162336,29.48
"good morning mr",13,162349,29.48
"good neighbor state",13,162362,29.48
"good sounds like",13,162375,29.49
"good things going",13,162388,29.49
"good trying get",13,162401,29.49
"good tuesday morning",13,162414,29.49
"goodnight beautiful people",13,162427,29.5
"got done working",13,162440,29.5
"got looks like",13,162453,29.5
"got lot better",13,162466,29.5
"got work today",13,162479,29.51
"gotta go bed",13,162492,29.51
"gotta say good",13,162505,29.51
"grand opening saturday",13,162518,29.51
"grand opening today",13,162531,29.51
"great day friends",13,162544,29.52
"great day school",13,162557,29.52
"great meet thanks",13,162570,29.52
"great new years",13,162583,29.52
"great place live",13,162596,29.53
"great things store",13,162609,29.53
"great way keep",13,162622,29.53
"great way kick",13,162635,29.53
"great work team",13,162648,29.54
"guess just watch",13,162661,29.54
"guitar playing contest",13,162674,29.54
"guys let get",13,162687,29.54
"guys let know",13,162700,29.55
"half court shot",13,162713,29.55
"happiness happiness action",13,162726,29.55
"happy april fool",13,162739,29.55
"happy birthday america",13,162752,29.55
"happy birthday glad",13,162765,29.56
"happy birthday go",13,162778,29.56
"happy birthday know",13,162791,29.56
"happy birthday live",13,162804,29.56
"happy birthday michael",13,162817,29.57
"happy birthday sweetie",13,162830,29.57
"happy birthday yesterday",13,162843,29.57
"happy thanks giving",13,162856,29.57
"hard get follow",13,162869,29.58
"hate people take",13,162882,29.58
"hate people use",13,162895,29.58
"hate waiting people",13,162908,29.58
"haven heard years",13,162921,29.59
"haven tweeting lately",13,162934,29.59
"heading today hope",13,162947,29.59
"hear things going",13,162960,29.59
"heard like wild",13,162973,29.59
"helen hayes award",13,162986,29.6
"hello hope having",13,162999,29.6
"hey day going",13,163012,29.6
"hey let know",13,163025,29.6
"hey thank follow",13,163038,29.61
"hi new twitter",13,163051,29.61
"hip hip hooray",13,163064,29.61
"hit follow limit",13,163077,29.61
"hit ground running",13,163090,29.62
"homework homework homework",13,163103,29.62
"hope doing better",13,163116,29.62
"hope don take",13,163129,29.62
"hope fun safe",13,163142,29.63
"hope like new",13,163155,29.63
"hour energy drink",13,163168,29.63
"hours sleep night",13,163181,29.63
"independent artists make",13,163194,29.63
"ip server san",13,163207,29.64
"jan pm tickets",13,163220,29.64
"job good luck",13,163233,29.64
"judge people time",13,163246,29.64
"junior high school",13,163259,29.65
"just asked wanted",13,163272,29.65
"just bought house",13,163285,29.65
"just called said",13,163298,29.65
"just cause don",13,163311,29.66
"just days ago",13,163324,29.66
"just entered win",13,163337,29.66
"just getting work",13,163350,29.66
"just good just",13,163363,29.67
"just got added",13,163376,29.67
"just got attacked",13,163389,29.67
"just got bad",13,163402,29.67
"just got bed",13,163415,29.68
"just got big",13,163428,29.68
"just got cast",13,163441,29.68
"just got engaged",13,163454,29.68
"just got th",13,163467,29.68
"just got time",13,163480,29.69
"just gotta find",13,163493,29.69
"just hope don",13,163506,29.69
"just keep real",13,163519,29.69
"just keep talking",13,163532,29.7
"just learned new",13,163545,29.7
"just love hate",13,163558,29.7
"just love people",13,163571,29.7
"just might work",13,163584,29.71
"just ordered pizza",13,163597,29.71
"just read post",13,163610,29.71
"just really busy",13,163623,29.71
"just really really",13,163636,29.72
"just reply done",13,163649,29.72
"just saw email",13,163662,29.72
"just saw guys",13,163675,29.72
"just saw little",13,163688,29.72
"just saw love",13,163701,29.73
"just saw post",13,163714,29.73
"just saw preview",13,163727,29.73
"just saw thank",13,163740,29.73
"just saying don",13,163753,29.74
"just signed contract",13,163766,29.74
"just started playing",13,163779,29.74
"just stop listening",13,163792,29.74
"just stop thinking",13,163805,29.75
"just take step",13,163818,29.75
"just win baby",13,163831,29.75
"just year old",13,163844,29.75
"justin follow austin",13,163857,29.76
"keep kids safe",13,163870,29.76
"keep posted progress",13,163883,29.76
"knight rises trailer",13,163896,29.76
"know act like",13,163909,29.76
"know don ask",13,163922,29.77
"know don need",13,163935,29.77
"know enjoyed time",13,163948,29.77
"know gonna happen",13,163961,29.77
"know good bad",13,163974,29.78
"know good thing",13,163987,29.78
"know know love",13,164000,29.78
"know people love",13,164013,29.78
"know people say",13,164026,29.79
"late late sends",13,164039,29.79
"late nights early",13,164052,29.79
"learn live forever",13,164065,29.79
"leave like funny",13,164078,29.8
"left take advantage",13,164091,29.8
"let go know",13,164104,29.8
"let go spurs",13,164117,29.8
"let go take",13,164130,29.8
"let hope get",13,164143,29.81
"let just go",13,164156,29.81
"let know ideas",13,164169,29.81
"let know miss",13,164182,29.81
"let know tomorrow",13,164195,29.82
"let know turns",13,164208,29.82
"let make best",13,164221,29.82
"let make good",13,164234,29.82
"life finding creating",13,164247,29.83
"life man ready",13,164260,29.83
"life short know",13,164273,29.83
"life spent doing",13,164286,29.83
"like don give",13,164299,29.84
"like early morning",13,164312,29.84
"like facebook com",13,164325,29.84
"like fine wine",13,164338,29.84
"like go get",13,164351,29.85
"like good luck",13,164364,29.85
"like having great",13,164377,29.85
"like know like",13,164390,29.85
"like normal person",13,164403,29.85
"like really need",13,164416,29.86
"like time get",13,164429,29.86
"line right missouri",13,164442,29.86
"live happy life",13,164455,29.86
"live mix tonight",13,164468,29.87
"live online just",13,164481,29.87
"live tomorrow learn",13,164494,29.87
"local radio stations",13,164507,29.87
"long car ride",13,164520,29.88
"long take get",13,164533,29.88
"long term contract",13,164546,29.88
"long term deal",13,164559,29.88
"long term goals",13,164572,29.89
"look like bad",13,164585,29.89
"look like need",13,164598,29.89
"looking forward heading",13,164611,29.89
"looking forward little",13,164624,29.89
"looking forward presenting",13,164637,29.9
"looking forward season",13,164650,29.9
"looking good new",13,164663,29.9
"looking like bag",13,164676,29.9
"looking new talent",13,164689,29.91
"looking stars sky",13,164702,29.91
"looks good far",13,164715,29.91
"looks like don",13,164728,29.91
"looks like giant",13,164741,29.92
"looks like making",13,164754,29.92
"looks like man",13,164767,29.92
"looks like real",13,164780,29.92
"looks like working",13,164793,29.93
"lord knows need",13,164806,29.93
"lost track time",13,164819,29.93
"love boo boo",13,164832,29.93
"love dear buddy",13,164845,29.93
"love don think",13,164858,29.94
"love dr spanish",13,164871,29.94
"love feedback www",13,164884,29.94
"love good night",13,164897,29.94
"love guys great",13,164910,29.95
"love guys thanks",13,164923,29.95
"love hurt bad",13,164936,29.95
"love like loves",13,164949,29.95
"love like trying",13,164962,29.96
"love make sure",13,164975,29.96
"love people don",13,164988,29.96
"love people use",13,165001,29.96
"love stay strong",13,165014,29.97
"love ur hair",13,165027,29.97
"love ur new",13,165040,29.97
"lucky amazing wanted",13,165053,29.97
"make better person",13,165066,29.97
"make count tips",13,165079,29.98
"make fortune jim",13,165092,29.98
"make good music",13,165105,29.98
"make great gifts",13,165118,29.98
"make happiest girl",13,165131,29.99
"make laugh make",13,165144,29.99
"make laugh smile",13,165157,29.99
"make life continually",13,165170,29.99
"make money get",13,165183,30
"make money money",13,165196,30
"make new year",13,165209,30
"make own decisions",13,165222,30
"make sure listen",13,165235,30.01
"make sure sign",13,165248,30.01
"make sure wish",13,165261,30.01
"making mistakes useful",13,165274,30.01
"man ready opportunity",13,165287,30.02
"meet let know",13,165300,30.02
"meeting great people",13,165313,30.02
"mention appreciate support",13,165326,30.02
"might get second",13,165339,30.02
"might new favorite",13,165352,30.03
"minor league deal",13,165365,30.03
"miss need hang",13,165378,30.03
"morning happy wednesday",13,165391,30.03
"morning new york",13,165404,30.04
"mother happy mother",13,165417,30.04
"move new york",13,165430,30.04
"mr mrs smith",13,165443,30.04
"need females pay",13,165456,30.05
"need find good",13,165469,30.05
"need find time",13,165482,30.05
"need good laugh",13,165495,30.05
"need hurry get",13,165508,30.06
"need stop going",13,165521,30.06
"need stop thinking",13,165534,30.06
"network sponsors get",13,165547,30.06
"new music videos",13,165560,30.06
"new orleans la",13,165573,30.07
"new twitter followers",13,165586,30.07
"new twitter layout",13,165599,30.07
"new website looks",13,165612,30.07
"new year looking",13,165625,30.08
"new year make",13,165638,30.08
"new years party",13,165651,30.08
"nfl draft day",13,165664,30.08
"nice meet hope",13,165677,30.09
"night great way",13,165690,30.09
"oh don want",13,165703,30.09
"oh good know",13,165716,30.09
"oh just realized",13,165729,30.1
"oh know right",13,165742,30.1
"oh man going",13,165755,30.1
"oh okay cool",13,165768,30.1
"oh sorry thought",13,165781,30.1
"ok just making",13,165794,30.11
"old school hip",13,165807,30.11
"outside office window",13,165820,30.11
"people fall love",13,165833,30.11
"people just make",13,165846,30.12
"people know just",13,165859,30.12
"people know know",13,165872,30.12
"people make money",13,165885,30.12
"people talk people",13,165898,30.13
"people think like",13,165911,30.13
"performing tonight pm",13,165924,30.13
"place last night",13,165937,30.13
"place let know",13,165950,30.14
"play cards right",13,165963,30.14
"pm come say",13,165976,30.14
"pm est www",13,165989,30.14
"pm friday night",13,166002,30.14
"pm tickets say",13,166015,30.15
"poised creation considering",13,166028,30.15
"poised creation met",13,166041,30.15
"pretty follow love",13,166054,30.15
"pub quiz tonight",13,166067,30.16
"question don know",13,166080,30.16
"rack city rack",13,166093,30.16
"rd year row",13,166106,30.16
"ready hit road",13,166119,30.17
"ready launch new",13,166132,30.17
"real estate investment",13,166145,30.17
"real good right",13,166158,30.17
"really nice guy",13,166171,30.18
"really nice today",13,166184,30.18
"really wanna watch",13,166197,30.18
"run pace min",13,166210,30.18
"safe new years",13,166223,30.18
"said last time",13,166236,30.19
"san francisco tonight",13,166249,30.19
"saturday th pm",13,166262,30.19
"saw year old",13,166275,30.19
"say baby don",13,166288,30.2
"says look like",13,166301,30.2
"school don know",13,166314,30.2
"site looks like",13,166327,30.2
"smells like teen",13,166340,30.21
"social media experts",13,166353,30.21
"social media help",13,166366,30.21
"social media online",13,166379,30.21
"social media people",13,166392,30.22
"social media policies",13,166405,30.22
"soon keep eye",13,166418,30.22
"sounds like gonna",13,166431,30.22
"sounds like heaven",13,166444,30.23
"specials night long",13,166457,30.23
"specials today buy",13,166470,30.23
"spend friday night",13,166483,30.23
"sports talk radio",13,166496,30.23
"stand like rock",13,166509,30.24
"stars sky thought",13,166522,30.24
"start new life",13,166535,30.24
"stay home watch",13,166548,30.24
"students faculty staff",13,166561,30.25
"success life man",13,166574,30.25
"success result preparation",13,166587,30.25
"support means world",13,166600,30.25
"sure pick copy",13,166613,30.26
"sure wish happy",13,166626,30.26
"take full advantage",13,166639,30.26
"take time today",13,166652,30.26
"teen night club",13,166665,30.27
"tell last night",13,166678,30.27
"terrible thing waste",13,166691,30.27
"th birthday hope",13,166704,30.27
"th birthday wants",13,166717,30.27
"th last day",13,166730,30.28
"thank following following",13,166743,30.28
"thank great night",13,166756,30.28
"thank sharing great",13,166769,30.28
"thanks follow appreciated",13,166782,30.29
"thanks follow fellow",13,166795,30.29
"thanks follow send",13,166808,30.29
"thanks following come",13,166821,30.29
"thanks following just",13,166834,30.3
"thanks happy mothers",13,166847,30.3
"thanks helping make",13,166860,30.3
"thanks hope week",13,166873,30.3
"thanks sounds like",13,166886,30.31
"thanks tell friends",13,166899,30.31
"thanks tweet love",13,166912,30.31
"things don change",13,166925,30.31
"things gonna get",13,166938,30.31
"think change world",13,166951,30.32
"think might like",13,166964,30.32
"think need start",13,166977,30.32
"think people get",13,166990,30.32
"think time change",13,167003,30.33
"think times screwed",13,167016,30.33
"thought last night",13,167029,30.33
"thousand times better",13,167042,30.33
"thursday april th",13,167055,30.34
"tickets going fast",13,167068,30.34
"time don arrive",13,167081,30.34
"time don get",13,167094,30.34
"time don think",13,167107,30.35
"time don want",13,167120,30.35
"time don waste",13,167133,30.35
"time head home",13,167146,30.35
"time start getting",13,167159,30.35
"time start working",13,167172,30.36
"time trying get",13,167185,30.36
"today come say",13,167198,30.36
"today get tip",13,167211,30.36
"today marks th",13,167224,30.37
"today marks year",13,167237,30.37
"today open pm",13,167250,30.37
"today pm free",13,167263,30.37
"today pm stop",13,167276,30.38
"today year old",13,167289,30.38
"tonight friday night",13,167302,30.38
"tonight going great",13,167315,30.38
"tonight ladies free",13,167328,30.39
"tonight look forward",13,167341,30.39
"tonight young let",13,167354,30.39
"took last night",13,167367,30.39
"town let know",13,167380,30.4
"try make happen",13,167393,30.4
"trying figure best",13,167406,30.4
"trying figure tweet",13,167419,30.4
"tune tomorrow morning",13,167432,30.4
"twitter need followers",13,167445,30.41
"ugh don know",13,167458,30.41
"use words like",13,167471,30.41
"wait believe boyfriend",13,167484,30.41
"wait go sleep",13,167497,30.42
"wait hear trip",13,167510,30.42
"wait new episode",13,167523,30.42
"wait new music",13,167536,30.42
"wanna get high",13,167549,30.43
"wanna let go",13,167562,30.43
"want give away",13,167575,30.43
"want play game",13,167588,30.43
"want relationship like",13,167601,30.44
"want say hi",13,167614,30.44
"want sound like",13,167627,30.44
"want spend time",13,167640,30.44
"waste time time",13,167653,30.44
"watch big bang",13,167666,30.45
"watch game tonight",13,167679,30.45
"watch hockey games",13,167692,30.45
"watching real housewives",13,167705,30.45
"watching star trek",13,167718,30.46
"watching walk remember",13,167731,30.46
"way get touch",13,167744,30.46
"ways make money",13,167757,30.46
"weather fair fair",13,167770,30.47
"weather looks like",13,167783,30.47
"weather makes wanna",13,167796,30.47
"website check www",13,167809,30.47
"week look forward",13,167822,30.48
"weekend look forward",13,167835,30.48
"welcome new members",13,167848,30.48
"welcome twitter love",13,167861,30.48
"welcome twitter thanks",13,167874,30.48
"went way fast",13,167887,30.49
"win free copy",13,167900,30.49
"win free pizza",13,167913,30.49
"wish great day",13,167926,30.49
"wish happy day",13,167939,30.5
"wish happy new",13,167952,30.5
"won leave alone",13,167965,30.5
"won tell anyone",13,167978,30.5
"wonderful holiday weekend",13,167991,30.51
"wonderful new year",13,168004,30.51
"work hard work",13,168017,30.51
"work today just",13,168030,30.51
"work tomorrow morning",13,168043,30.52
"working really hard",13,168056,30.52
"world seen touched",13,168069,30.52
"wow don know",13,168082,30.52
"wow just heard",13,168095,30.52
"wow just made",13,168108,30.53
"wow time flies",13,168121,30.53
"www com coming",13,168134,30.53
"www com email",13,168147,30.53
"www com information",13,168160,30.54
"www com make",13,168173,30.54
"www com mobile",13,168186,30.54
"www com right",13,168199,30.54
"yeah just saw",13,168212,30.55
"yes looks like",13,168225,30.55
"yr old just",13,168238,30.55
"autism awareness day",13,168251,30.55
"give hope try",13,168264,30.56
"need good libraries",13,168277,30.56
"schools need good",13,168290,30.56
"able take care",12,168302,30.56
"actually look like",12,168314,30.56
"anchor bar come",12,168326,30.57
"april th come",12,168338,30.57
"art pieces available",12,168350,30.57
"awesome awesome awesome",12,168362,30.57
"bad day today",12,168374,30.58
"bad news good",12,168386,30.58
"beach ft knee",12,168398,30.58
"beach ft waist",12,168410,30.58
"become fan facebook",12,168422,30.58
"become man value",12,168434,30.59
"believe come naturally",12,168446,30.59
"best luck today",12,168458,30.59
"best shows tv",12,168470,30.59
"best thing did",12,168482,30.6
"best way spend",12,168494,30.6
"best wishes great",12,168506,30.6
"big bad wolf",12,168518,30.6
"big smile face",12,168530,30.6
"biggest fan love",12,168542,30.61
"bradley center tonight",12,168554,30.61
"brand new car",12,168566,30.61
"brand new ipad",12,168578,30.61
"buy sell home",12,168590,30.61
"bye bye twitter",12,168602,30.62
"caps game tonight",12,168614,30.62
"care look like",12,168626,30.62
"cause really want",12,168638,30.62
"change twitter handle",12,168650,30.63
"check online www",12,168662,30.63
"come check great",12,168674,30.63
"comes right wrong",12,168686,30.63
"common both changed",12,168698,30.63
"congratulations good luck",12,168710,30.64
"cool did get",12,168722,30.64
"crazy think change",12,168734,30.64
"cutest thing seen",12,168746,30.64
"dance team best",12,168758,30.65
"day blessed day",12,168770,30.65
"day come check",12,168782,30.65
"day day day",12,168794,30.65
"day get home",12,168806,30.65
"day happy day",12,168818,30.66
"day hope get",12,168830,30.66
"day life good",12,168842,30.66
"day new beginning",12,168854,30.66
"day seems like",12,168866,30.66
"day sounds like",12,168878,30.67
"day time go",12,168890,30.67
"day tomorrow going",12,168902,30.67
"days ago just",12,168914,30.67
"days till school",12,168926,30.68
"days till spring",12,168938,30.68
"days till summer",12,168950,30.68
"did don know",12,168962,30.68
"did just watch",12,168974,30.68
"did say anything",12,168986,30.69
"did wait long",12,168998,30.69
"diversity platinum rewards",12,169010,30.69
"does good job",12,169022,30.69
"does make bad",12,169034,30.7
"does make difference",12,169046,30.7
"does make look",12,169058,30.7
"doing good work",12,169070,30.7
"doing great hope",12,169082,30.7
"doing really good",12,169094,30.71
"don follow follow",12,169106,30.71
"don follow twitter",12,169118,30.71
"don forget buy",12,169130,30.71
"don give just",12,169142,30.72
"don go anywhere",12,169154,30.72
"don know able",12,169166,30.72
"don know bad",12,169178,30.72
"don know believe",12,169190,30.72
"don know bother",12,169202,30.73
"don know hate",12,169214,30.73
"don know kind",12,169226,30.73
"don know looks",12,169238,30.73
"don know might",12,169250,30.73
"don know personally",12,169262,30.74
"don know pretty",12,169274,30.74
"don know watch",12,169286,30.74
"don love just",12,169298,30.74
"don remember anything",12,169310,30.75
"don say know",12,169322,30.75
"don stop playing",12,169334,30.75
"don take seriously",12,169346,30.75
"don think bad",12,169358,30.75
"don think day",12,169370,30.76
"don think doing",12,169382,30.76
"don think done",12,169394,30.76
"don think happen",12,169406,30.76
"don think time",12,169418,30.77
"don think way",12,169430,30.77
"don try make",12,169442,30.77
"don want perfect",12,169454,30.77
"don want put",12,169466,30.77
"early morning tomorrow",12,169478,30.78
"east village body",12,169490,30.78
"easy say hard",12,169502,30.78
"email address want",12,169514,30.78
"empire state mind",12,169526,30.78
"enjoy day love",12,169538,30.79
"excited new album",12,169550,30.79
"facebook page check",12,169562,30.79
"fair share taxes",12,169574,30.79
"feel bad guy",12,169586,30.8
"feel bit better",12,169598,30.8
"feel good today",12,169610,30.8
"feel like days",12,169622,30.8
"feel like guys",12,169634,30.8
"feel like lost",12,169646,30.81
"feel like love",12,169658,30.81
"feel like maybe",12,169670,30.81
"feel like spring",12,169682,30.81
"feel like throwing",12,169694,30.82
"feel like total",12,169706,30.82
"feel like writing",12,169718,30.82
"feels good finally",12,169730,30.82
"feels good just",12,169742,30.82
"fell asleep couch",12,169754,30.83
"figure way get",12,169766,30.83
"fog morning highs",12,169778,30.83
"follow justin mean",12,169790,30.83
"follow make wish",12,169802,30.83
"followed thanks follow",12,169814,30.84
"followers end day",12,169826,30.84
"followers great day",12,169838,30.84
"following wonderful sunday",12,169850,30.84
"forever forever need",12,169862,30.85
"forget love like",12,169874,30.85
"forward meeting soon",12,169886,30.85
"fox sports grill",12,169898,30.85
"friday don miss",12,169910,30.85
"friday happy friday",12,169922,30.86
"friday weekend plans",12,169934,30.86
"friend best friend",12,169946,30.86
"full time gig",12,169958,30.86
"get addicted certain",12,169970,30.87
"get chance read",12,169982,30.87
"get creative juices",12,169994,30.87
"get em tomorrow",12,170006,30.87
"get follow birthday",12,170018,30.87
"get follow follow",12,170030,30.88
"get followers help",12,170042,30.88
"get get head",12,170054,30.88
"get new music",12,170066,30.88
"get paid get",12,170078,30.89
"get personal date",12,170090,30.89
"get rid old",12,170102,30.89
"get song head",12,170114,30.89
"get spend time",12,170126,30.89
"get twitter game",12,170138,30.9
"getting hit car",12,170150,30.9
"getting job done",12,170162,30.9
"getting pretty excited",12,170174,30.9
"getting super excited",12,170186,30.9
"getting want happiness",12,170198,30.91
"give away pair",12,170210,30.91
"glad hear hope",12,170222,30.91
"go like page",12,170234,30.91
"go looks like",12,170246,30.92
"go start new",12,170258,30.92
"go think like",12,170270,30.92
"go wanna go",12,170282,30.92
"go work go",12,170294,30.92
"go world needs",12,170306,30.93
"going bed happy",12,170318,30.93
"going bed soon",12,170330,30.93
"going busy day",12,170342,30.93
"going don know",12,170354,30.94
"going go home",12,170366,30.94
"going high school",12,170378,30.94
"going home tomorrow",12,170390,30.94
"going lot fun",12,170402,30.94
"going win tonight",12,170414,30.95
"gonna great weekend",12,170426,30.95
"gonna live life",12,170438,30.95
"gonna make happen",12,170450,30.95
"gonna miss guys",12,170462,30.95
"gonna try sleep",12,170474,30.96
"good boys fun",12,170486,30.96
"good hair day",12,170498,30.96
"good hear good",12,170510,30.96
"good hear thanks",12,170522,30.97
"good just bad",12,170534,30.97
"good just saw",12,170546,30.97
"good just trying",12,170558,30.97
"good know just",12,170570,30.97
"good luck enjoy",12,170582,30.98
"good luck friend",12,170594,30.98
"good luck get",12,170606,30.98
"good luck sunday",12,170618,30.98
"good luck trying",12,170630,30.99
"good luck writing",12,170642,30.99
"good morning alex",12,170654,30.99
"good morning boo",12,170666,30.99
"good morning come",12,170678,30.99
"good morning sir",12,170690,31
"good morning take",12,170702,31
"good question don",12,170714,31
"good take care",12,170726,31
"good way spend",12,170738,31
"got case mondays",12,170750,31.01
"got done doing",12,170762,31.01
"got great idea",12,170774,31.01
"got long way",12,170786,31.01
"got twitter follow",12,170798,31.02
"gotta leave alone",12,170810,31.02
"gotta let know",12,170822,31.02
"gotta say love",12,170834,31.02
"gotta wait till",12,170846,31.02
"grand opening new",12,170858,31.03
"grand opening tomorrow",12,170870,31.03
"great day looking",12,170882,31.03
"great day training",12,170894,31.03
"great food drink",12,170906,31.04
"great game great",12,170918,31.04
"great insight kind",12,170930,31.04
"great meet looking",12,170942,31.04
"great meeting hope",12,170954,31.04
"great meeting looking",12,170966,31.05
"great meeting person",12,170978,31.05
"great saturday night",12,170990,31.05
"great taste music",12,171002,31.05
"great things great",12,171014,31.06
"great work love",12,171026,31.06
"great work today",12,171038,31.06
"guess makes sense",12,171050,31.06
"half hour away",12,171062,31.06
"happy birthday boy",12,171074,31.07
"happy birthday cheers",12,171086,31.07
"happy birthday facebook",12,171098,31.07
"happy birthday get",12,171110,31.07
"happy birthday inspiration",12,171122,31.07
"happy birthday looking",12,171134,31.08
"happy happy day",12,171146,31.08
"happy happy easter",12,171158,31.08
"happy holidays family",12,171170,31.08
"happy last night",12,171182,31.09
"happy makes happy",12,171194,31.09
"happy monday great",12,171206,31.09
"happy monday make",12,171218,31.09
"happy thanksgiving everybody",12,171230,31.09
"hard earned money",12,171242,31.1
"hard get bed",12,171254,31.1
"hate job hate",12,171266,31.1
"hate people tell",12,171278,31.1
"hate people tweet",12,171290,31.11
"having amazing time",12,171302,31.11
"having best day",12,171314,31.11
"having really good",12,171326,31.11
"having rough day",12,171338,31.11
"help good luck",12,171350,31.12
"hey let get",12,171362,31.12
"home feel like",12,171374,31.12
"hope able get",12,171386,31.12
"hope day amazing",12,171398,31.12
"hope doing ok",12,171410,31.13
"hope enjoyed weekend",12,171422,31.13
"hope fun did",12,171434,31.13
"hope let know",12,171446,31.13
"hope make soon",12,171458,31.14
"hope wonderful week",12,171470,31.14
"idea time come",12,171482,31.14
"independent music finally",12,171494,31.14
"interesting thanks sharing",12,171506,31.14
"iphone ipad ipod",12,171518,31.15
"jam session tonight",12,171530,31.15
"jersey shore cast",12,171542,31.15
"jets jets jets",12,171554,31.15
"job love work",12,171566,31.16
"just accept fact",12,171578,31.16
"just came say",12,171590,31.16
"just case know",12,171602,31.16
"just getting twitter",12,171614,31.16
"just give time",12,171626,31.17
"just go work",12,171638,31.17
"just got finish",12,171650,31.17
"just got followers",12,171662,31.17
"just got hour",12,171674,31.17
"just got instagram",12,171686,31.18
"just got serious",12,171698,31.18
"just got super",12,171710,31.18
"just hit head",12,171722,31.18
"just keep coming",12,171734,31.19
"just keep head",12,171746,31.19
"just know love",12,171758,31.19
"just left studio",12,171770,31.19
"just living life",12,171782,31.19
"just love believe",12,171794,31.2
"just popped head",12,171806,31.2
"just reached followers",12,171818,31.2
"just really don",12,171830,31.2
"just saw cutest",12,171842,31.21
"just saw dog",12,171854,31.21
"just saw picture",12,171866,31.21
"just saw year",12,171878,31.21
"just sent text",12,171890,31.21
"just started listening",12,171902,31.22
"just started twitter",12,171914,31.22
"just thought id",12,171926,31.22
"just told mom",12,171938,31.22
"just walked away",12,171950,31.22
"just won tickets",12,171962,31.23
"justin justin justin",12,171974,31.23
"kansas city mo",12,171986,31.23
"keep mind future",12,171998,31.23
"keep mind time",12,172010,31.24
"keep smile face",12,172022,31.24
"keep swimming just",12,172034,31.24
"know don give",12,172046,31.24
"know gonna go",12,172058,31.24
"know good night",12,172070,31.25
"know high school",12,172082,31.25
"know know want",12,172094,31.25
"know make day",12,172106,31.25
"know seems like",12,172118,31.26
"las vegas tonight",12,172130,31.26
"las vegas week",12,172142,31.26
"left phone home",12,172154,31.26
"let follow anyone",12,172166,31.26
"let go good",12,172178,31.27
"let know decide",12,172190,31.27
"let know done",12,172202,31.27
"let know finished",12,172214,31.27
"let know new",12,172226,31.28
"let know post",12,172238,31.28
"let know really",12,172250,31.28
"let know set",12,172262,31.28
"let know thinking",12,172274,31.28
"let light shine",12,172286,31.29
"let things go",12,172298,31.29
"lets get done",12,172310,31.29
"lets get ready",12,172322,31.29
"life choices mistakes",12,172334,31.29
"life just like",12,172346,31.3
"life like movie",12,172358,31.3
"light life john",12,172370,31.3
"like go home",12,172382,31.3
"like great conference",12,172394,31.31
"like great opportunity",12,172406,31.31
"like like love",12,172418,31.31
"like lot work",12,172430,31.31
"like michael jackson",12,172442,31.31
"like old friends",12,172454,31.32
"like said don",12,172466,31.32
"like say good",12,172478,31.32
"like think like",12,172490,31.32
"like today wish",12,172502,31.33
"listening old school",12,172514,31.33
"little red riding",12,172526,31.33
"live life miracle",12,172538,31.33
"live music weekend",12,172550,31.33
"live tweeting event",12,172562,31.34
"lone star state",12,172574,31.34
"long car rides",12,172586,31.34
"long term care",12,172598,31.34
"look good today",12,172610,31.34
"look like baby",12,172622,31.35
"look like people",12,172634,31.35
"look like real",12,172646,31.35
"look like trying",12,172658,31.35
"look like want",12,172670,31.36
"looking forward get",12,172682,31.36
"looking forward launch",12,172694,31.36
"looking forward month",12,172706,31.36
"looking forward serving",12,172718,31.36
"looking forward st",12,172730,31.37
"looking forward weeks",12,172742,31.37
"looking new music",12,172754,31.37
"looks like full",12,172766,31.37
"looks like lots",12,172778,31.38
"looks like love",12,172790,31.38
"looks like went",12,172802,31.38
"lot done today",12,172814,31.38
"love believe come",12,172826,31.38
"love crazy follow",12,172838,31.39
"love friend thanks",12,172850,31.39
"love get feedback",12,172862,31.39
"love guys wait",12,172874,31.39
"love know love",12,172886,31.39
"love learning new",12,172898,31.4
"love pick brain",12,172910,31.4
"luck hope get",12,172922,31.4
"make choice take",12,172934,31.4
"make excuses make",12,172946,31.41
"make extra cash",12,172958,31.41
"make good point",12,172970,31.41
"make look cool",12,172982,31.41
"make new ending",12,172994,31.41
"make phone calls",12,173006,31.42
"make sure find",12,173018,31.42
"make sure grab",12,173030,31.42
"makes feel little",12,173042,31.42
"makes think hear",12,173054,31.43
"makes want dance",12,173066,31.43
"makes want eat",12,173078,31.43
"making dinner tonight",12,173090,31.43
"march th get",12,173102,31.43
"met best day",12,173114,31.44
"might fall asleep",12,173126,31.44
"mind matter don",12,173138,31.44
"mind people throw",12,173150,31.44
"morning good afternoon",12,173162,31.45
"morning good people",12,173174,31.45
"morning happy mothers",12,173186,31.45
"morning make sure",12,173198,31.45
"mother happy mothers",12,173210,31.45
"movie think like",12,173222,31.46
"music make feel",12,173234,31.46
"music real loud",12,173246,31.46
"ncaa championship game",12,173258,31.46
"nd year row",12,173270,31.46
"need best friend",12,173282,31.47
"need feel better",12,173294,31.47
"need go soon",12,173306,31.47
"need hours day",12,173318,31.47
"need make new",12,173330,31.48
"need personal trainer",12,173342,31.48
"need take advantage",12,173354,31.48
"need talk soon",12,173366,31.48
"need ur help",12,173378,31.48
"needs people come",12,173390,31.49
"new beginning anyone",12,173402,31.49
"new book coming",12,173414,31.49
"new chicago based",12,173426,31.49
"new favorite place",12,173438,31.5
"new favorite word",12,173450,31.5
"new job tomorrow",12,173462,31.5
"new mexico state",12,173474,31.5
"new phone don",12,173486,31.5
"new single coming",12,173498,31.51
"new songs soon",12,173510,31.51
"new study shows",12,173522,31.51
"new theme song",12,173534,31.51
"new twitter just",12,173546,31.51
"new twitter picture",12,173558,31.52
"new video today",12,173570,31.52
"new year party",12,173582,31.52
"new youtube video",12,173594,31.52
"nice look forward",12,173606,31.53
"nice meeting tonight",12,173618,31.53
"nice work guys",12,173630,31.53
"night tweet tomorrow",12,173642,31.53
"non food items",12,173654,31.53
"official twitter account",12,173666,31.54
"oh feel like",12,173678,31.54
"oh good glad",12,173690,31.54
"oh good idea",12,173702,31.54
"oh just wait",12,173714,31.55
"oh man don",12,173726,31.55
"oh ok good",12,173738,31.55
"open house pm",12,173750,31.55
"open pm pm",12,173762,31.55
"open tomorrow pm",12,173774,31.56
"party starts pm",12,173786,31.56
"peanut butter banana",12,173798,31.56
"people just know",12,173810,31.56
"people know people",12,173822,31.56
"people like don",12,173834,31.57
"people really know",12,173846,31.57
"people really like",12,173858,31.57
"people really think",12,173870,31.57
"people want get",12,173882,31.58
"people want happen",12,173894,31.58
"person give great",12,173906,31.58
"pizza pizza pizza",12,173918,31.58
"play best matthew",12,173930,31.58
"play tomorrow night",12,173942,31.59
"playing friday night",12,173954,31.59
"pm pm est",12,173966,31.59
"poised creation belief",12,173978,31.59
"post wall request",12,173990,31.6
"pretty big deal",12,174002,31.6
"pretty fast don",12,174014,31.6
"problem good luck",12,174026,31.6
"productive day today",12,174038,31.6
"project coming soon",12,174050,31.61
"put love note",12,174062,31.61
"question doing martin",12,174074,31.61
"question know answer",12,174086,31.61
"rate version somebody",12,174098,31.62
"ready get ready",12,174110,31.62
"really just happen",12,174122,31.62
"really wanna talk",12,174134,31.62
"really wish follow",12,174146,31.62
"really wish go",12,174158,31.63
"really wish knew",12,174170,31.63
"remember people used",12,174182,31.63
"reply follow justin",12,174194,31.63
"reviews posts new",12,174206,31.63
"right lane blocked",12,174218,31.64
"ron paul supporters",12,174230,31.64
"said last week",12,174242,31.64
"said last year",12,174254,31.64
"san francisco giants",12,174266,31.65
"saturday october th",12,174278,31.65
"say big fan",12,174290,31.65
"say pretty good",12,174302,31.65
"says love like",12,174314,31.65
"season last night",12,174326,31.66
"season premiere tonight",12,174338,31.66
"send email get",12,174350,31.66
"sending positive thoughts",12,174362,31.66
"set goal dream",12,174374,31.67
"shop today fashion",12,174386,31.67
"sleep till brooklyn",12,174398,31.67
"slept like hours",12,174410,31.67
"smile happened dr",12,174422,31.67
"social media class",12,174434,31.68
"social media conference",12,174446,31.68
"social media content",12,174458,31.68
"social media tool",12,174470,31.68
"social media way",12,174482,31.68
"sorry feel way",12,174494,31.69
"sorry missed last",12,174506,31.69
"sounds great hope",12,174518,31.69
"sounds great looking",12,174530,31.69
"sounds like bad",12,174542,31.7
"sounds like challenge",12,174554,31.7
"sounds like new",12,174566,31.7
"sounds like solid",12,174578,31.7
"spend time people",12,174590,31.7
"st nd rd",12,174602,31.71
"st pats day",12,174614,31.71
"st time heard",12,174626,31.71
"start work week",12,174638,31.71
"starting point achievement",12,174650,31.72
"stay home moms",12,174662,31.72
"steve jobs passed",12,174674,31.72
"stomach hurts bad",12,174686,31.72
"stop open till",12,174698,31.72
"subscribe youtube channel",12,174710,31.73
"success result must",12,174722,31.73
"successful person lay",12,174734,31.73
"super excited tonight",12,174746,31.73
"sure check www",12,174758,31.73
"take time day",12,174770,31.74
"talk don know",12,174782,31.74
"tell friends check",12,174794,31.74
"th birthday best",12,174806,31.74
"th th street",12,174818,31.75
"thank following check",12,174830,31.75
"thank following happy",12,174842,31.75
"thank goodness friday",12,174854,31.75
"thank great event",12,174866,31.75
"thank hope enjoyed",12,174878,31.76
"thank last night",12,174890,31.76
"thank love guys",12,174902,31.76
"thank taking stand",12,174914,31.76
"thank ur support",12,174926,31.77
"thanks appreciate help",12,174938,31.77
"thanks follow come",12,174950,31.77
"thanks follow cool",12,174962,31.77
"thanks follow definitely",12,174974,31.77
"thanks follow favorite",12,174986,31.78
"thanks follow today",12,174998,31.78
"thanks following need",12,175010,31.78
"thanks following new",12,175022,31.78
"thanks following poised",12,175034,31.79
"thanks following spread",12,175046,31.79
"thanks good brother",12,175058,31.79
"thanks good night",12,175070,31.79
"thanks guys love",12,175082,31.79
"thanks having last",12,175094,31.8
"thanks hope day",12,175106,31.8
"thanks kind mentions",12,175118,31.8
"thanks man good",12,175130,31.8
"thanks man just",12,175142,31.8
"thanks man really",12,175154,31.81
"thanks recent followers",12,175166,31.81
"thanks sorry late",12,175178,31.81
"things left hustle",12,175190,31.81
"think feel like",12,175202,31.82
"think like better",12,175214,31.82
"think make great",12,175226,31.82
"think year old",12,175238,31.82
"thought wanted career",12,175250,31.82
"thursday march th",12,175262,31.83
"time come get",12,175274,31.83
"time make happen",12,175286,31.83
"tip day use",12,175298,31.83
"today chance win",12,175310,31.84
"today come check",12,175322,31.84
"today come visit",12,175334,31.84
"today get better",12,175346,31.84
"today gift called",12,175358,31.84
"today great job",12,175370,31.85
"today great way",12,175382,31.85
"today happy day",12,175394,31.85
"today hope miami",12,175406,31.85
"today last night",12,175418,31.85
"today say hi",12,175430,31.86
"today tomorrow worried",12,175442,31.86
"today writing tip",12,175454,31.86
"tonight feel like",12,175466,31.86
"tonight happy birthday",12,175478,31.87
"truly appreciate support",12,175490,31.87
"truth don remember",12,175502,31.87
"try new menu",12,175514,31.87
"trying figure way",12,175526,31.87
"trying stay positive",12,175538,31.88
"tweet don know",12,175550,31.88
"tweet really appreciate",12,175562,31.88
"twitter go follow",12,175574,31.88
"twitter last night",12,175586,31.89
"ugh don feel",12,175598,31.89
"using google docs",12,175610,31.89
"valentines day gift",12,175622,31.89
"video last night",12,175634,31.89
"vikings stadium bill",12,175646,31.9
"vote yes merger",12,175658,31.9
"vs heat game",12,175670,31.9
"wait go bed",12,175682,31.9
"wait gonna fun",12,175694,31.9
"wait spring break",12,175706,31.91
"wanna know secret",12,175718,31.91
"wanna let know",12,175730,31.91
"want come get",12,175742,31.91
"want hear new",12,175754,31.92
"want just don",12,175766,31.92
"want just help",12,175778,31.92
"want just love",12,175790,31.92
"want make feel",12,175802,31.92
"want make happy",12,175814,31.93
"want take look",12,175826,31.93
"wants go get",12,175838,31.93
"watch love love",12,175850,31.93
"watching heat game",12,175862,31.94
"watching music videos",12,175874,31.94
"way start year",12,175886,31.94
"wearing green today",12,175898,31.94
"web site design",12,175910,31.94
"weird dream last",12,175922,31.95
"welcome thanks sharing",12,175934,31.95
"win best picture",12,175946,31.95
"win let go",12,175958,31.95
"wisconsin state fair",12,175970,31.95
"wisdom teeth pulled",12,175982,31.96
"wish happy mothers",12,175994,31.96
"women love flowers",12,176006,31.96
"work hard make",12,176018,31.96
"working last night",12,176030,31.97
"working new site",12,176042,31.97
"working new stuff",12,176054,31.97
"world book travel",12,176066,31.97
"world peace suspended",12,176078,31.97
"world series game",12,176090,31.98
"worth having worth",12,176102,31.98
"wow beautiful day",12,176114,31.98
"wrong don wanna",12,176126,31.98
"www com coupon",12,176138,31.99
"www com don",12,176150,31.99
"www com pm",12,176162,31.99
"www com thank",12,176174,31.99
"yeah know right",12,176186,31.99
"yeah sounds like",12,176198,32
"year went fast",12,176210,32
"yes did get",12,176222,32
"yes did know",12,176234,32
"york new jersey",12,176246,32.01
"day pretty good",12,176258,32.01
"don want sleep",12,176270,32.01
"going great game",12,176282,32.01
"gone gone gone",12,176294,32.01
"like make wish",12,176306,32.02
"loved lost loved",12,176318,32.02
"post coming soon",12,176330,32.02
"support independent music",12,176342,32.02
"tea tea tea",12,176354,32.02
"absolutely ridiculous absolutely",11,176365,32.03
"academy award winning",11,176376,32.03
"amazing thanks sharing",11,176387,32.03
"android tablet pc",11,176398,32.03
"austin love follow",11,176409,32.03
"aw thanks glad",11,176420,32.04
"bad last night",11,176431,32.04
"bad want breathe",11,176442,32.04
"beautiful beautiful love",11,176453,32.04
"beautiful just like",11,176464,32.04
"beautiful just way",11,176475,32.05
"beautiful sunday afternoon",11,176486,32.05
"beautiful sunday morning",11,176497,32.05
"best book read",11,176508,32.05
"best books read",11,176519,32.05
"best day today",11,176530,32.06
"best friends just",11,176541,32.06
"best good luck",11,176552,32.06
"best just make",11,176563,32.06
"best luck tonight",11,176574,32.06
"best part waking",11,176585,32.07
"best possible way",11,176596,32.07
"best selling author",11,176607,32.07
"best supporting actress",11,176618,32.07
"best way describe",11,176629,32.07
"best way know",11,176640,32.08
"best way learn",11,176651,32.08
"better business bureau",11,176662,32.08
"better don know",11,176673,32.08
"better get used",11,176684,32.08
"better get work",11,176695,32.09
"better second time",11,176706,32.09
"better way end",11,176717,32.09
"big deal don",11,176728,32.09
"big fan follow",11,176739,32.09
"big fan ur",11,176750,32.1
"big fan work",11,176761,32.1
"big thanks artists",11,176772,32.1
"big things happen",11,176783,32.1
"biggest fans best",11,176794,32.1
"birthday hope best",11,176805,32.11
"birthday party tonight",11,176816,32.11
"blog post today",11,176827,32.11
"blood sugar levels",11,176838,32.11
"body mind spirit",11,176849,32.11
"booth stop say",11,176860,32.12
"bout get dressed",11,176871,32.12
"boys don know",11,176882,32.12
"brand new twitter",11,176893,32.12
"buffalo chicken dip",11,176904,32.12
"buffalo chicken pizza",11,176915,32.13
"bulls vs heat",11,176926,32.13
"capable doing motivation",11,176937,32.13
"catching last night",11,176948,32.13
"cd coming soon",11,176959,32.13
"celebrate th birthday",11,176970,32.14
"celebrating th birthday",11,176981,32.14
"chance win vip",11,176992,32.14
"change profile picture",11,177003,32.14
"change ur password",11,177014,32.14
"charlie brown christmas",11,177025,32.15
"check new album",11,177036,32.15
"check new facebook",11,177047,32.15
"check new vegas",11,177058,32.15
"check tell think",11,177069,32.15
"children museum indianapolis",11,177080,32.16
"christmas new years",11,177091,32.16
"christmas shopping done",11,177102,32.16
"city new york",11,177113,32.16
"come home work",11,177124,32.16
"come lunch today",11,177135,32.17
"come open till",11,177146,32.17
"come stay tuned",11,177157,32.17
"come visit work",11,177168,32.17
"coming june th",11,177179,32.17
"coming let know",11,177190,32.18
"coming march th",11,177201,32.18
"commission meeting session",11,177212,32.18
"concert tomorrow night",11,177223,32.18
"cool keep posted",11,177234,32.18
"creative writing class",11,177245,32.19
"cried like baby",11,177256,32.19
"day april th",11,177267,32.19
"day come enjoy",11,177278,32.19
"day don let",11,177289,32.19
"day don miss",11,177300,32.2
"day get go",11,177311,32.2
"day going bed",11,177322,32.2
"day good start",11,177333,32.2
"day hope enjoy",11,177344,32.2
"day just like",11,177355,32.21
"day light savings",11,177366,32.21
"day look realize",11,177377,32.21
"day school week",11,177388,32.21
"day time make",11,177399,32.21
"days days days",11,177410,32.22
"days new york",11,177421,32.22
"days till get",11,177432,32.22
"deal shown free",11,177443,32.22
"definitely keep mind",11,177454,32.22
"did change twitter",11,177465,32.23
"did fun last",11,177476,32.23
"did hear right",11,177487,32.23
"did lose bet",11,177498,32.23
"did nice job",11,177509,32.23
"did really happen",11,177520,32.24
"did things capable",11,177531,32.24
"dining room table",11,177542,32.24
"direct message interested",11,177553,32.24
"doing amazing job",11,177564,32.24
"doing last minute",11,177575,32.25
"doing minutes running",11,177586,32.25
"doing new year",11,177597,32.25
"doing school work",11,177608,32.25
"don believe hype",11,177619,32.25
"don click links",11,177630,32.26
"don feel right",11,177641,32.26
"don forget got",11,177652,32.26
"don forget love",11,177663,32.26
"don forget meeting",11,177674,32.26
"don forget support",11,177685,32.27
"don give don",11,177696,32.27
"don go away",11,177707,32.27
"don go want",11,177718,32.27
"don go way",11,177729,32.27
"don judge book",11,177740,32.28
"don judge choices",11,177751,32.28
"don know check",11,177762,32.28
"don know cool",11,177773,32.28
"don know girl",11,177784,32.28
"don know help",11,177795,32.29
"don know made",11,177806,32.29
"don know music",11,177817,32.29
"don know new",11,177828,32.29
"don know own",11,177839,32.29
"don know probably",11,177850,32.3
"don know saw",11,177861,32.3
"don know trying",11,177872,32.3
"don know went",11,177883,32.3
"don look don",11,177894,32.3
"don make feel",11,177905,32.31
"don make look",11,177916,32.31
"don make plans",11,177927,32.31
"don remember doing",11,177938,32.31
"don remember seeing",11,177949,32.31
"don say things",11,177960,32.32
"don smoke weed",11,177971,32.32
"don stop look",11,177982,32.32
"don succeed try",11,177993,32.32
"don take wayne",11,178004,32.32
"don talk people",11,178015,32.33
"don tell policy",11,178026,32.33
"don think met",11,178037,32.33
"don think take",11,178048,32.33
"don think wait",11,178059,32.33
"don want baby",11,178070,32.34
"don want eat",11,178081,32.34
"don want fall",11,178092,32.34
"don work tomorrow",11,178103,32.34
"doors open close",11,178114,32.34
"early good morning",11,178125,32.35
"early rise makes",11,178136,32.35
"email address contact",11,178147,32.35
"email address thanks",11,178158,32.35
"everyday like last",11,178169,32.35
"excited just hide",11,178180,32.36
"face look like",11,178191,32.36
"facebook page get",11,178202,32.36
"fall asleep tonight",11,178213,32.36
"falling asleep class",11,178224,32.36
"family friends fans",11,178235,32.37
"fast don stop",11,178246,32.37
"favorite song time",11,178257,32.37
"feel bad son",11,178268,32.37
"feel free hit",11,178279,32.37
"feel free let",11,178290,32.38
"feel free make",11,178301,32.38
"feel good music",11,178312,32.38
"feel like head",11,178323,32.38
"feel like high",11,178334,32.38
"feel like hit",11,178345,32.39
"feel like look",11,178356,32.39
"feel like made",11,178367,32.39
"feel like sleep",11,178378,32.39
"feel like sleeping",11,178389,32.39
"feel like somebody",11,178400,32.4
"feel like think",11,178411,32.4
"feel like tonight",11,178422,32.4
"feel like ur",11,178433,32.4
"fell asleep early",11,178444,32.4
"finally starting feel",11,178455,32.41
"follow make dreams",11,178466,32.41
"follow own dreams",11,178477,32.41
"follow twitter get",11,178488,32.41
"followed love great",11,178499,32.41
"followers appreciate support",11,178510,32.42
"forget like facebook",11,178521,32.42
"forward hearing speak",11,178532,32.42
"foundation bricks throw",11,178543,32.42
"friday good day",11,178554,32.42
"friday got job",11,178565,32.43
"friends last night",11,178576,32.43
"full time position",11,178587,32.43
"fun fact friday",11,178598,32.43
"fun happy birthday",11,178609,32.43
"furniture sale must",11,178620,32.44
"game today go",11,178631,32.44
"game tonight vs",11,178642,32.44
"game watch party",11,178653,32.44
"game years ago",11,178664,32.44
"get chance say",11,178675,32.45
"get early go",11,178686,32.45
"get early start",11,178697,32.45
"get em girl",11,178708,32.45
"get end day",11,178719,32.45
"get exposure today",11,178730,32.46
"get followers love",11,178741,32.46
"get go bed",11,178752,32.46
"get go school",11,178763,32.46
"get go sleep",11,178774,32.46
"get latest updates",11,178785,32.47
"get likes facebook",11,178796,32.47
"get married kids",11,178807,32.47
"get mom mothers",11,178818,32.47
"get money anymore",11,178829,32.47
"get new ones",11,178840,32.48
"get people like",11,178851,32.48
"get started quit",11,178862,32.48
"get tweets sent",11,178873,32.48
"get twitter just",11,178884,32.48
"get used seeing",11,178895,32.49
"get want go",11,178906,32.49
"getting better time",11,178917,32.49
"girl happy birthday",11,178928,32.49
"give right things",11,178939,32.49
"giving away ipad",11,178950,32.5
"glad liked post",11,178961,32.5
"go check new",11,178972,32.5
"go check www",11,178983,32.5
"go happy hour",11,178994,32.5
"go san antonio",11,179005,32.51
"go san diego",11,179016,32.51
"go school get",11,179027,32.51
"go school just",11,179038,32.51
"go vote today",11,179049,32.51
"going avengers tonight",11,179060,32.52
"going bed tired",11,179071,32.52
"going crazy right",11,179082,32.52
"going good year",11,179093,32.52
"going great event",11,179104,32.52
"going home tonight",11,179115,32.53
"going life right",11,179126,32.53
"going make cry",11,179137,32.53
"going san francisco",11,179148,32.53
"going sleep like",11,179159,32.53
"going start calling",11,179170,32.54
"gonna learn today",11,179181,32.54
"good bad news",11,179192,32.54
"good friends like",11,179203,32.54
"good game last",11,179214,32.54
"good hear hope",11,179225,32.55
"good looking people",11,179236,32.55
"good luck austin",11,179247,32.55
"good luck book",11,179258,32.55
"good luck buddy",11,179269,32.55
"good luck doing",11,179280,32.56
"good luck race",11,179291,32.56
"good luck sir",11,179302,32.56
"good luck teams",11,179313,32.56
"good morning anyone",11,179324,32.56
"good morning excited",11,179335,32.57
"good morning inner",11,179346,32.57
"good morning miami",11,179357,32.57
"good morning school",11,179368,32.57
"good morning start",11,179379,32.57
"good morning wishing",11,179390,32.58
"good real good",11,179401,32.58
"good things life",11,179412,32.58
"good times tonight",11,179423,32.58
"goodnight sleep tight",11,179434,32.58
"got done playing",11,179445,32.59
"got good feeling",11,179456,32.59
"got good good",11,179467,32.59
"got home last",11,179478,32.59
"got ready go",11,179489,32.59
"got sent home",11,179500,32.6
"got sleep last",11,179511,32.6
"great day awesome",11,179522,32.6
"great day family",11,179533,32.6
"great day let",11,179544,32.6
"great day new",11,179555,32.61
"great event today",11,179566,32.61
"great idea thanks",11,179577,32.61
"great meet guys",11,179588,32.61
"great meet tonight",11,179599,32.61
"great new followers",11,179610,32.62
"great news congratulations",11,179621,32.62
"great news today",11,179632,32.62
"great party last",11,179643,32.62
"great practice tonight",11,179654,32.62
"great rest day",11,179665,32.63
"great set last",11,179676,32.63
"great talking today",11,179687,32.63
"great thanks coming",11,179698,32.63
"great things ahead",11,179709,32.63
"great things offer",11,179720,32.64
"great way celebrate",11,179731,32.64
"grilled chicken salad",11,179742,32.64
"guess just don",11,179753,32.64
"guess just get",11,179764,32.64
"guy best friend",11,179775,32.65
"hacked follow just",11,179786,32.65
"half priced bottles",11,179797,32.65
"happy birthday cousin",11,179808,32.65
"happy birthday matt",11,179819,32.65
"happy birthday mike",11,179830,32.66
"happy birthday ms",11,179841,32.66
"happy birthday oh",11,179852,32.66
"happy birthday own",11,179863,32.66
"happy birthday steve",11,179874,32.66
"happy birthday year",11,179885,32.67
"happy follow friday",11,179896,32.67
"happy holidays friends",11,179907,32.67
"happy holidays happy",11,179918,32.67
"happy holidays hope",11,179929,32.67
"happy holidays merry",11,179940,32.68
"happy make happy",11,179951,32.68
"happy st pats",11,179962,32.68
"hard day work",11,179973,32.68
"hard time believing",11,179984,32.68
"harry potter series",11,179995,32.69
"hate people put",11,180006,32.69
"hate talking phone",11,180017,32.69
"haven eaten anything",11,180028,32.69
"haven felt like",11,180039,32.69
"having best time",11,180050,32.7
"having birthday party",11,180061,32.7
"head don know",11,180072,32.7
"hello thank follow",11,180083,32.7
"help make difference",11,180094,32.7
"hey big fan",11,180105,32.71
"hey follow new",11,180116,32.71
"hey guys looking",11,180127,32.71
"hey guys love",11,180138,32.71
"hey just tweeted",11,180149,32.71
"hey sent email",11,180160,32.72
"hi don know",11,180171,32.72
"high speed rail",11,180182,32.72
"holy just realized",11,180193,32.72
"home new york",11,180204,32.72
"hope beautiful day",11,180215,32.73
"hope chance dig",11,180226,32.73
"hope day good",11,180237,32.73
"hope enjoy time",11,180248,32.73
"hope enjoyed day",11,180259,32.73
"hope enjoyed visit",11,180270,32.74
"hope stay awake",11,180281,32.74
"hope visit soon",11,180292,32.74
"hope wonderful christmas",11,180303,32.74
"hope wonderful easter",11,180314,32.74
"hope work day",11,180325,32.75
"hot air balloons",11,180336,32.75
"hot cup coffee",11,180347,32.75
"house hunters international",11,180358,32.75
"huge thank came",11,180369,32.75
"independent film festival",11,180380,32.76
"job fair today",11,180391,32.76
"just ate lunch",11,180402,32.76
"just bought book",11,180413,32.76
"just bought myself",11,180424,32.76
"just came new",11,180435,32.77
"just cause got",11,180446,32.77
"just cause mean",11,180457,32.77
"just different day",11,180468,32.77
"just feel right",11,180479,32.77
"just gave shout",11,180490,32.78
"just go school",11,180501,32.78
"just going keep",11,180512,32.78
"just going sit",11,180523,32.78
"just gonna stay",11,180534,32.78
"just got da",11,180545,32.79
"just got get",11,180556,32.79
"just got interesting",11,180567,32.79
"just got meeting",11,180578,32.79
"just got offered",11,180589,32.79
"just got thanks",11,180600,32.8
"just great day",11,180611,32.8
"just heard say",11,180622,32.8
"just hit run",11,180633,32.8
"just keep telling",11,180644,32.8
"just keeping busy",11,180655,32.81
"just lay lie",11,180666,32.81
"just learned use",11,180677,32.81
"just let happen",11,180688,32.81
"just make best",11,180699,32.81
"just makes day",11,180710,32.82
"just mention tweet",11,180721,32.82
"just person person",11,180732,32.82
"just read last",11,180743,32.82
"just read story",11,180754,32.82
"just really hope",11,180765,32.83
"just reason love",11,180776,32.83
"just right time",11,180787,32.83
"just ruined day",11,180798,32.83
"just said like",11,180809,32.83
"just saw beautiful",11,180820,32.84
"just saw time",11,180831,32.84
"just saw twitter",11,180842,32.84
"just take nap",11,180853,32.84
"just think know",11,180864,32.84
"just thinking day",11,180875,32.85
"just thought get",11,180886,32.85
"just thought say",11,180897,32.85
"just thought share",11,180908,32.85
"just thought tell",11,180919,32.85
"just told like",11,180930,32.86
"just walked office",11,180941,32.86
"just went ham",11,180952,32.86
"just woke tired",11,180963,32.86
"just worth anymore",11,180974,32.86
"keep eye open",11,180985,32.87
"keep mind plan",11,180996,32.87
"keep positive attitude",11,181007,32.87
"keep posted thanks",11,181018,32.87
"kind fun impossible",11,181029,32.87
"kinds people world",11,181040,32.88
"kiss fm chicago",11,181051,32.88
"knew gonna say",11,181062,32.88
"knew love hurt",11,181073,32.88
"know anyone wants",11,181084,32.88
"know did just",11,181095,32.89
"know get good",11,181106,32.89
"know going win",11,181117,32.89
"know got till",11,181128,32.89
"know know care",11,181139,32.89
"know last time",11,181150,32.9
"know like go",11,181161,32.9
"know met young",11,181172,32.9
"know need know",11,181183,32.9
"know need new",11,181194,32.9
"know people don",11,181205,32.91
"know people really",11,181216,32.91
"know time go",11,181227,32.91
"know trying get",11,181238,32.91
"know want want",11,181249,32.91
"last half hour",11,181260,32.92
"last minute holiday",11,181271,32.92
"late might george",11,181282,32.92
"launched new website",11,181293,32.92
"leader follower steve",11,181304,32.92
"left lane blocked",11,181315,32.93
"let go bucks",11,181326,32.93
"let go cats",11,181337,32.93
"let go clippers",11,181348,32.93
"let go devils",11,181359,32.93
"let go nuggets",11,181370,32.94
"let go people",11,181381,32.94
"let go things",11,181392,32.94
"let go tigers",11,181403,32.94
"let grab coffee",11,181414,32.94
"let hope don",11,181425,32.95
"let know follow",11,181436,32.95
"let know gets",11,181447,32.95
"let know happy",11,181458,32.95
"let know open",11,181469,32.95
"let know things",11,181480,32.96
"let know working",11,181491,32.96
"let make last",11,181502,32.96
"let make money",11,181513,32.96
"let new year",11,181524,32.96
"lets get party",11,181535,32.97
"life give winston",11,181546,32.97
"life just big",11,181557,32.97
"life long dream",11,181568,32.97
"life must lose",11,181579,32.97
"light candle curse",11,181590,32.98
"like broken record",11,181601,32.98
"like brother sister",11,181612,32.98
"like did today",11,181623,32.98
"like doing homework",11,181634,32.98
"like don exist",11,181645,32.99
"like don really",11,181656,32.99
"like facebook chance",11,181667,32.99
"like facebook get",11,181678,32.99
"like good guy",11,181689,32.99
"like great plan",11,181700,33
"like having blast",11,181711,33
"like know don",11,181722,33
"like little baby",11,181733,33
"like new look",11,181744,33
"like people just",11,181755,33.01
"like people like",11,181766,33.01
"like say like",11,181777,33.01
"like star wars",11,181788,33.01
"like think myself",11,181799,33.01
"like tom jerry",11,181810,33.02
"listen new album",11,181821,33.02
"listen new music",11,181832,33.02
"listen new song",11,181843,33.02
"live life dreams",11,181854,33.02
"live life regrets",11,181865,33.03
"live tomorrow night",11,181876,33.03
"long term success",11,181887,33.03
"long way home",11,181898,33.03
"look like justin",11,181909,33.03
"look like star",11,181920,33.04
"look nice today",11,181931,33.04
"looking forward afternoon",11,181942,33.04
"looking forward finally",11,181953,33.04
"looking forward home",11,181964,33.04
"looking forward keeping",11,181975,33.05
"looking forward keynote",11,181986,33.05
"looking forward live",11,181997,33.05
"looking forward monday",11,182008,33.05
"looking forward music",11,182019,33.05
"looking forward participating",11,182030,33.06
"looking good tonight",11,182041,33.06
"looks like dad",11,182052,33.06
"looks like done",11,182063,33.06
"looks like flip",11,182074,33.06
"looks like guy",11,182085,33.07
"looks like hit",11,182096,33.07
"looks like ill",11,182107,33.07
"looks like last",11,182118,33.07
"looks like needs",11,182129,33.07
"looks like take",11,182140,33.08
"looks like winter",11,182151,33.08
"looks sounds like",11,182162,33.08
"los angeles california",11,182173,33.08
"lose lbs days",11,182184,33.08
"lost best friend",11,182195,33.09
"lot going get",11,182206,33.09
"lot last night",11,182217,33.09
"love follow justin",11,182228,33.09
"love free follow",11,182239,33.09
"love good day",11,182250,33.1
"love good morning",11,182261,33.1
"love great touch",11,182272,33.1
"love guys follow",11,182283,33.1
"love guys keep",11,182294,33.1
"love hurts instead",11,182305,33.11
"love just thought",11,182316,33.11
"love looks like",11,182327,33.11
"love make love",11,182338,33.11
"love old school",11,182349,33.11
"love people make",11,182360,33.12
"love thanks support",11,182371,33.12
"love ur icon",11,182382,33.12
"love watching play",11,182393,33.12
"love wrong places",11,182404,33.12
"make appointment today",11,182415,33.13
"make good use",11,182426,33.13
"make happen today",11,182437,33.13
"make happy just",11,182448,33.13
"make happy love",11,182459,33.13
"make huge difference",11,182470,33.14
"make let know",11,182481,33.14
"make lot money",11,182492,33.14
"make room new",11,182503,33.14
"make sure leave",11,182514,33.14
"make sure perfect",11,182525,33.15
"make sure wear",11,182536,33.15
"make sweet love",11,182547,33.15
"makes want watch",11,182558,33.15
"making laugh hard",11,182569,33.15
"making look bad",11,182580,33.16
"man better think",11,182591,33.16
"man gotta get",11,182602,33.16
"man sounds good",11,182613,33.16
"man take care",11,182624,33.16
"man wants lead",11,182635,33.17
"manager position higher",11,182646,33.17
"maybe get lucky",11,182657,33.17
"maybe just get",11,182668,33.17
"men women served",11,182679,33.17
"mention hope great",11,182690,33.18
"michael jackson song",11,182701,33.18
"middle school kids",11,182712,33.18
"mini heart get",11,182723,33.18
"miss good luck",11,182734,33.18
"mom let go",11,182745,33.19
"monday friday pm",11,182756,33.19
"monday monday monday",11,182767,33.19
"morning don know",11,182778,33.19
"morning enjoy day",11,182789,33.19
"morning happy sunday",11,182800,33.2
"morning let know",11,182811,33.2
"morning start day",11,182822,33.2
"music music music",11,182833,33.2
"music video day",11,182844,33.2
"music video tomorrow",11,182855,33.21
"music video weekend",11,182866,33.21
"must change wish",11,182877,33.21
"must find way",11,182888,33.21
"must look like",11,182899,33.21
"must love people",11,182910,33.22
"nd favorite team",11,182921,33.22
"nd st washington",11,182932,33.22
"need clean room",11,182943,33.22
"need make money",11,182954,33.22
"need pay attention",11,182965,33.23
"need start following",11,182976,33.23
"need start getting",11,182987,33.23
"need stop eating",11,182998,33.23
"need stop playing",11,183009,33.23
"need stop talking",11,183020,33.24
"need take nap",11,183031,33.24
"need wait single",11,183042,33.24
"network sponsors contact",11,183053,33.24
"new android tablet",11,183064,33.24
"new book read",11,183075,33.25
"new favorite person",11,183086,33.25
"new improved website",11,183097,33.25
"new jersey devils",11,183108,33.25
"new job monday",11,183119,33.25
"new mobile app",11,183130,33.26
"new tour dates",11,183141,33.26
"new twitter profile",11,183152,33.26
"new website com",11,183163,33.26
"new website design",11,183174,33.26
"new website new",11,183185,33.27
"new year start",11,183196,33.27
"new years hope",11,183207,33.27
"nice meet look",11,183218,33.27
"nice meet twitter",11,183229,33.27
"nice thing say",11,183240,33.28
"night met best",11,183251,33.28
"night saturday night",11,183262,33.28
"oh baby baby",11,183273,33.28
"oh boy oh",11,183284,33.28
"oh don get",11,183295,33.29
"oh gosh know",11,183306,33.29
"oh gosh yes",11,183317,33.29
"oh man sorry",11,183328,33.29
"oh okay good",11,183339,33.29
"oh wait got",11,183350,33.3
"oh wait know",11,183361,33.3
"oh wait minute",11,183372,33.3
"oh wow sounds",11,183383,33.3
"ok feel better",11,183394,33.3
"ok just checking",11,183405,33.31
"ok just let",11,183416,33.31
"old know better",11,183427,33.31
"old school music",11,183438,33.31
"old school today",11,183449,33.31
"page follow twitter",11,183460,33.32
"patrick day weekend",11,183471,33.32
"peanut butter day",11,183482,33.32
"people choice awards",11,183493,33.32
"people fall asleep",11,183504,33.32
"people follow people",11,183515,33.33
"people get way",11,183526,33.33
"people go crazy",11,183537,33.33
"people just really",11,183548,33.33
"people know love",11,183559,33.33
"people make laugh",11,183570,33.34
"people really care",11,183581,33.34
"people remember borrow",11,183592,33.34
"people think cool",11,183603,33.34
"people think don",11,183614,33.34
"people treat karma",11,183625,33.35
"people use twitter",11,183636,33.35
"people used environment",11,183647,33.35
"people want help",11,183658,33.35
"person don know",11,183669,33.35
"person made mistake",11,183680,33.36
"personal trainer max",11,183691,33.36
"personal training sessions",11,183702,33.36
"plan just wish",11,183713,33.36
"playing favorite hip",11,183724,33.36
"pm let know",11,183735,33.37
"pm pm pm",11,183746,33.37
"pm sun pm",11,183757,33.37
"proud love song",11,183768,33.37
"put hands air",11,183779,33.37
"quit talking begin",11,183790,33.38
"quite possibly best",11,183801,33.38
"quote day don",11,183812,33.38
"radio today pm",11,183823,33.38
"radio tonight pm",11,183834,33.38
"read good book",11,183845,33.39
"reading new book",11,183856,33.39
"ready game tonight",11,183867,33.39
"real good ideas",11,183878,33.39
"really appreciate following",11,183889,33.39
"really appreciate love",11,183900,33.4
"really excited get",11,183911,33.4
"really great stuff",11,183922,33.4
"really hard time",11,183933,33.4
"really liking new",11,183944,33.4
"really really cool",11,183955,33.41
"really really miss",11,183966,33.41
"recording new song",11,183977,33.41
"regular hours today",11,183988,33.41
"release new album",11,183999,33.41
"releasing new song",11,184010,33.41
"remember like yesterday",11,184021,33.42
"report card teams",11,184032,33.42
"right just need",11,184043,33.42
"right lane closed",11,184054,33.42
"right last night",11,184065,33.42
"saturday morning cartoons",11,184076,33.43
"saturday night party",11,184087,33.43
"saturday night sessions",11,184098,33.43
"say bad things",11,184109,33.43
"say hello hope",11,184120,33.43
"say love love",11,184131,33.44
"say love mean",11,184142,33.44
"school don want",11,184153,33.44
"school football game",11,184164,33.44
"school years ago",11,184175,33.44
"score score score",11,184186,33.45
"seeing avengers tonight",11,184197,33.45
"seem like cool",11,184208,33.45
"send email details",11,184219,33.45
"send email info",11,184230,33.45
"send email let",11,184241,33.46
"send email talented",11,184252,33.46
"sending message scores",11,184263,33.46
"shout great weekend",11,184274,33.46
"site profile need",11,184285,33.46
"smart just stay",11,184296,33.47
"smells like fish",11,184307,33.47
"smells like old",11,184318,33.47
"social media makes",11,184329,33.47
"social media management",11,184340,33.47
"social media monitoring",11,184351,33.48
"social media need",11,184362,33.48
"social media training",11,184373,33.48
"social media used",11,184384,33.48
"social media want",11,184395,33.48
"social media workshop",11,184406,33.49
"song last night",11,184417,33.49
"song makes beautiful",11,184428,33.49
"song makes cry",11,184439,33.49
"song makes want",11,184450,33.49
"song sounds like",11,184461,33.5
"soon good luck",11,184472,33.5
"sorry missed today",11,184483,33.5
"sound really good",11,184494,33.5
"sounds great thanks",11,184505,33.5
"sounds like busy",11,184516,33.51
"sounds like guys",11,184527,33.51
"sounds like kinda",11,184538,33.51
"sounds like made",11,184549,33.51
"sounds like personal",11,184560,33.51
"special place people",11,184571,33.52
"spend hours watching",11,184582,33.52
"spending time friends",11,184593,33.52
"spurs lead jazz",11,184604,33.52
"st louis mo",11,184615,33.52
"start own business",11,184626,33.53
"start second half",11,184637,33.53
"start spring break",11,184648,33.53
"started using twitter",11,184659,33.53
"state city address",11,184670,33.53
"steve jobs biography",11,184681,33.54
"stop chasing wrong",11,184692,33.54
"stop look miss",11,184703,33.54
"stop way home",11,184714,33.54
"strain day super",11,184725,33.54
"stuck head days",11,184736,33.55
"successful man usually",11,184747,33.55
"successful man woman",11,184758,33.55
"summer summer summer",11,184769,33.55
"sunday night pm",11,184780,33.55
"sunday sunday sunday",11,184791,33.56
"super excited tomorrow",11,184802,33.56
"sure check music",11,184813,33.56
"sure check site",11,184824,33.56
"sure support local",11,184835,33.56
"sure thing thanks",11,184846,33.57
"sweet good luck",11,184857,33.57
"taco bell taco",11,184868,33.57
"take quick nap",11,184879,33.57
"take time enjoy",11,184890,33.57
"take time thank",11,184901,33.58
"take work day",11,184912,33.58
"takes courage grow",11,184923,33.58
"taking stand today",11,184934,33.58
"talk new book",11,184945,33.58
"tell happy mothers",11,184956,33.59
"tell say hello",11,184967,33.59
"tell tell tell",11,184978,33.59
"text don know",11,184989,33.59
"th annual conference",11,185000,33.59
"th annual day",11,185011,33.6
"th grade boys",11,185022,33.6
"th person follow",11,185033,33.6
"th pick experts",11,185044,33.6
"th pm est",11,185055,33.6
"th th ave",11,185066,33.61
"th th graders",11,185077,33.61
"thank great work",11,185088,33.61
"thank hope wonderful",11,185099,33.61
"thank love hope",11,185110,33.61
"thank support love",11,185121,33.62
"thanks checking weekend",11,185132,33.62
"thanks don know",11,185143,33.62
"thanks follow beautiful",11,185154,33.62
"thanks follow big",11,185165,33.62
"thanks follow doing",11,185176,33.63
"thanks follow matt",11,185187,33.63
"thanks follow mention",11,185198,33.63
"thanks follow wonderful",11,185209,33.63
"thanks follow work",11,185220,33.63
"thanks following appreciate",11,185231,33.64
"thanks following help",11,185242,33.64
"thanks following newark",11,185253,33.64
"thanks good friend",11,185264,33.64
"thanks good time",11,185275,33.64
"thanks guys appreciate",11,185286,33.65
"thanks guys hope",11,185297,33.65
"thanks happy easter",11,185308,33.65
"thanks helping promote",11,185319,33.65
"thanks just trying",11,185330,33.65
"thanks long time",11,185341,33.66
"thanks making day",11,185352,33.66
"thanks man means",11,185363,33.66
"thanks really enjoyed",11,185374,33.66
"thanks working hard",11,185385,33.66
"thing comes mind",11,185396,33.67
"thing watch love",11,185407,33.67
"things give right",11,185418,33.67
"things going get",11,185429,33.67
"things happen just",11,185440,33.67
"things last night",11,185451,33.68
"things must act",11,185462,33.68
"think go home",11,185473,33.68
"think going stop",11,185484,33.68
"think gonna cry",11,185495,33.68
"think gonna win",11,185506,33.69
"think know don",11,185517,33.69
"think makes sense",11,185528,33.69
"think need find",11,185539,33.69
"think tell world",11,185550,33.69
"think time new",11,185561,33.7
"thought id say",11,185572,33.7
"thought looked like",11,185583,33.7
"ticket giveaway today",11,185594,33.7
"till spring break",11,185605,33.7
"time dance party",11,185616,33.71
"time don forget",11,185627,33.71
"time just get",11,185638,33.71
"time just let",11,185649,33.71
"time make changes",11,185660,33.71
"time rock roll",11,185671,33.72
"time stay tuned",11,185682,33.72
"time time life",11,185693,33.72
"time time waste",11,185704,33.72
"times sure win",11,185715,33.72
"tired just want",11,185726,33.73
"today day come",11,185737,33.73
"today day go",11,185748,33.73
"today does mean",11,185759,33.73
"today don get",11,185770,33.73
"today just good",11,185781,33.74
"today just like",11,185792,33.74
"today lucky day",11,185803,33.74
"tomorrow gotta get",11,185814,33.74
"tomorrow pm come",11,185825,33.74
"tomorrow starting pm",11,185836,33.75
"tonight come enjoy",11,185847,33.75
"tonight great day",11,185858,33.75
"tonight great night",11,185869,33.75
"tonight guest list",11,185880,33.75
"took forever get",11,185891,33.76
"treat people way",11,185902,33.76
"true love like",11,185913,33.76
"trust lord heart",11,185924,33.76
"try make feel",11,185935,33.76
"trying figure use",11,185946,33.77
"trying find job",11,185957,33.77
"trying find time",11,185968,33.77
"trying forget love",11,185979,33.77
"trying make money",11,185990,33.77
"tune today pm",11,186001,33.78
"tweet made day",11,186012,33.78
"twitter chat today",11,186023,33.78
"twitter friends follow",11,186034,33.78
"ur family ways",11,186045,33.78
"use twitter thing",11,186056,33.79
"valentine day don",11,186067,33.79
"voices head real",11,186078,33.79
"wait don tell",11,186089,33.79
"wait hear guys",11,186100,33.79
"wake wake wake",11,186111,33.8
"wanna help get",11,186122,33.8
"wanna talk just",11,186133,33.8
"want baby stay",11,186144,33.8
"want chance win",11,186155,33.8
"want succeed bad",11,186166,33.81
"warm fuzzy inside",11,186177,33.81
"waste time thinking",11,186188,33.81
"watch youtube videos",11,186199,33.81
"watching favorite movies",11,186210,33.81
"watching game today",11,186221,33.82
"watching good luck",11,186232,33.82
"watching old episodes",11,186243,33.82
"watching old videos",11,186254,33.82
"watching red carpet",11,186265,33.82
"way get done",11,186276,33.83
"way get people",11,186287,33.83
"way get rid",11,186298,33.83
"way let go",11,186309,33.83
"way man heart",11,186320,33.83
"week starts tomorrow",11,186331,33.84
"week went fast",11,186342,33.84
"welcome newest members",11,186353,33.84
"welcome twitter hope",11,186364,33.84
"went away dare",11,186375,33.84
"whats good twitter",11,186386,33.85
"whitney houston just",11,186397,33.85
"whitney houston love",11,186408,33.85
"win contest tweet",11,186419,33.85
"win signed copy",11,186430,33.85
"winter storm warning",11,186441,33.86
"wish came true",11,186452,33.86
"wish go sleep",11,186463,33.86
"wish stay home",11,186474,33.86
"wishing great weekend",11,186485,33.86
"women don know",11,186496,33.87
"won say anything",11,186507,33.87
"wonderful day today",11,186518,33.87
"work day tomorrow",11,186529,33.87
"work just want",11,186540,33.87
"work ready go",11,186551,33.88
"working hard getting",11,186562,33.88
"working hours week",11,186573,33.88
"works hard money",11,186584,33.88
"world series champs",11,186595,33.88
"world think tell",11,186606,33.89
"world think www",11,186617,33.89
"wow just read",11,186628,33.89
"write write write",11,186639,33.89
"www com amazing",11,186650,33.89
"www com hub",11,186661,33.9
"www com like",11,186672,33.9
"www com rock",11,186683,33.9
"yankees win yankees",11,186694,33.9
"yeah oh yeah",11,186705,33.9
"yes just did",11,186716,33.91
"yes look forward",11,186727,33.91
"yo kids hide",11,186738,33.91
"yo yo ma",11,186749,33.91
"yr old brother",11,186760,33.91
"yr old man",11,186771,33.92
"acting like know",11,186782,33.92
"make happen soon",11,186793,33.92
"sorry hope feel",11,186804,33.92
"time san francisco",11,186815,33.92
"tweet don tweet",11,186826,33.93
"want lay bed",11,186837,33.93
"warm welcome new",11,186848,33.93
"working hours day",11,186859,33.93
"agree don think",10,186869,33.93
"alright let go",10,186879,33.94
"anyone using google",10,186889,33.94
"anyone want follow",10,186899,33.94
"anyone want get",10,186909,33.94
"anyone want talk",10,186919,33.94
"april th st",10,186929,33.95
"artists need support",10,186939,33.95
"ask know answer",10,186949,33.95
"ask questions know",10,186959,33.95
"austin city council",10,186969,33.95
"avengers good movie",10,186979,33.95
"awesome keep posted",10,186989,33.96
"awesome love hear",10,186999,33.96
"awesome way start",10,187009,33.96
"awful lot going",10,187019,33.96
"baby let get",10,187029,33.96
"baby oh baby",10,187039,33.97
"bad boys good",10,187049,33.97
"bad day bad",10,187059,33.97
"bad feel like",10,187069,33.97
"bad news time",10,187079,33.97
"ball hard university",10,187089,33.97
"beat beat beat",10,187099,33.98
"beautiful baby boy",10,187109,33.98
"beef chicken tacos",10,187119,33.98
"best boyfriend world",10,187129,33.98
"best friends like",10,187139,33.98
"best last night",10,187149,33.99
"best luck thanks",10,187159,33.99
"best way contact",10,187169,33.99
"best years life",10,187179,33.99
"better chance winning",10,187189,33.99
"better feeling world",10,187199,33.99
"better let go",10,187209,34
"better let know",10,187219,34
"better man inspired",10,187229,34
"better said benjamin",10,187239,34
"better second half",10,187249,34
"big trouble little",10,187259,34
"billion people world",10,187269,34.01
"bin laden obama",10,187279,34.01
"bird bird bird",10,187289,34.01
"birthday hope enjoy",10,187299,34.01
"birthday mom love",10,187309,34.01
"birthday mr president",10,187319,34.02
"birthday party today",10,187329,34.02
"both good bad",10,187339,34.02
"bout get ready",10,187349,34.02
"bout go bed",10,187359,34.02
"bout take shower",10,187369,34.02
"boys boys boys",10,187379,34.03
"brand new ending",10,187389,34.03
"brand new episode",10,187399,34.03
"brand new start",10,187409,34.03
"busy getting ready",10,187419,34.03
"caps rangers game",10,187429,34.04
"care know know",10,187439,34.04
"case haven heard",10,187449,34.04
"casting director workshop",10,187459,34.04
"celebrate st patrick",10,187469,34.04
"chance win great",10,187479,34.04
"change things wisdom",10,187489,34.05
"chat tonight pm",10,187499,34.05
"chicago area mind",10,187509,34.05
"chicken fried rice",10,187519,34.05
"chip cookie dough",10,187529,34.05
"chop chop chop",10,187539,34.06
"class let know",10,187549,34.06
"closed tonight maintenance",10,187559,34.06
"coffee table book",10,187569,34.06
"com go register",10,187579,34.06
"come friday night",10,187589,34.06
"come join pm",10,187599,34.07
"come visit new",10,187609,34.07
"comes day time",10,187619,34.07
"comes home today",10,187629,34.07
"coming april th",10,187639,34.07
"coming party tonight",10,187649,34.08
"cooking channel wonderful",10,187659,34.08
"cool look forward",10,187669,34.08
"couple hours sleep",10,187679,34.08
"created new list",10,187689,34.08
"cup coffee morning",10,187699,34.08
"customer service rep",10,187709,34.09
"cutest thing world",10,187719,34.09
"dance love dance",10,187729,34.09
"day closer friday",10,187739,34.09
"day closer weekend",10,187749,34.09
"day come visit",10,187759,34.1
"day day living",10,187769,34.1
"day don like",10,187779,34.1
"day earth day",10,187789,34.1
"day followed days",10,187799,34.1
"day happy mothers",10,187809,34.1
"day hard working",10,187819,34.11
"day just made",10,187829,34.11
"day just went",10,187839,34.11
"day look forward",10,187849,34.11
"day love guys",10,187859,34.11
"day love mommy",10,187869,34.12
"day loved ones",10,187879,34.12
"day makes feel",10,187889,34.12
"day stay tuned",10,187899,34.12
"day sun shining",10,187909,34.12
"day super silver",10,187919,34.12
"day week away",10,187929,34.13
"days left take",10,187939,34.13
"definitely keep posted",10,187949,34.13
"design tip use",10,187959,34.13
"did anything wrong",10,187969,34.13
"did go home",10,187979,34.14
"did good luck",10,187989,34.14
"did weekend go",10,187999,34.14
"different results albert",10,188009,34.14
"discover new unless",10,188019,34.14
"doing own thing",10,188029,34.14
"doing today wish",10,188039,34.15
"don believe word",10,188049,34.15
"don feel better",10,188059,34.15
"don forget catch",10,188069,34.15
"don forget closed",10,188079,34.15
"don forget include",10,188089,34.16
"don forget last",10,188099,34.16
"don forget mention",10,188109,34.16
"don forget mother",10,188119,34.16
"don forget play",10,188129,34.16
"don go looking",10,188139,34.16
"don just get",10,188149,34.17
"don know begin",10,188159,34.17
"don know best",10,188169,34.17
"don know details",10,188179,34.17
"don know guess",10,188189,34.17
"don know guy",10,188199,34.18
"don know meaning",10,188209,34.18
"don know mom",10,188219,34.18
"don know song",10,188229,34.18
"don know thought",10,188239,34.18
"don know times",10,188249,34.18
"don know today",10,188259,34.19
"don know way",10,188269,34.19
"don know won",10,188279,34.19
"don love anymore",10,188289,34.19
"don make friends",10,188299,34.19
"don mean just",10,188309,34.2
"don mean thing",10,188319,34.2
"don mind don",10,188329,34.2
"don mind going",10,188339,34.2
"don stop till",10,188349,34.2
"don talk talk",10,188359,34.2
"don talk unless",10,188369,34.21
"don tell anybody",10,188379,34.21
"don think actually",10,188389,34.21
"don think fair",10,188399,34.21
"don think heard",10,188409,34.21
"don think mom",10,188419,34.22
"don think things",10,188429,34.22
"don think twice",10,188439,34.22
"don want bad",10,188449,34.22
"don want buy",10,188459,34.22
"don want face",10,188469,34.22
"don want grow",10,188479,34.23
"don want like",10,188489,34.23
"don want ruin",10,188499,34.23
"don work today",10,188509,34.23
"done last night",10,188519,34.23
"dot dot com",10,188529,34.24
"download free www",10,188539,34.24
"dude don know",10,188549,34.24
"early happy birthday",10,188559,34.24
"early saturday morning",10,188569,34.24
"east west coast",10,188579,34.24
"eating good food",10,188589,34.25
"enjoy last day",10,188599,34.25
"enjoy reading tweets",10,188609,34.25
"enjoying last day",10,188619,34.25
"everybody doing today",10,188629,34.25
"everybody loves raymond",10,188639,34.26
"excited game tonight",10,188649,34.26
"excited just got",10,188659,34.26
"excited new music",10,188669,34.26
"excited opening day",10,188679,34.26
"fall asleep class",10,188689,34.26
"fall asleep wake",10,188699,34.27
"family fun day",10,188709,34.27
"family happy thanksgiving",10,188719,34.27
"fans don forget",10,188729,34.27
"favorite music today",10,188739,34.27
"favorite song album",10,188749,34.28
"feel like annoying",10,188759,34.28
"feel like brain",10,188769,34.28
"feel like guy",10,188779,34.28
"feel like run",10,188789,34.28
"feel like way",10,188799,34.28
"feel like week",10,188809,34.29
"feeling good morning",10,188819,34.29
"feeling like myself",10,188829,34.29
"feeling like need",10,188839,34.29
"fell asleep watching",10,188849,34.29
"film festival weekend",10,188859,34.3
"finally get chance",10,188869,34.3
"finally getting watching",10,188879,34.3
"finally got meet",10,188889,34.3
"find words say",10,188899,34.3
"finding new ways",10,188909,34.3
"fingers toes crossed",10,188919,34.31
"follow live updates",10,188929,34.31
"follow stay updated",10,188939,34.31
"follow talk soon",10,188949,34.31
"follow twitter love",10,188959,34.31
"followers away help",10,188969,34.32
"followers follow ill",10,188979,34.32
"followers follow people",10,188989,34.32
"followers follow thanks",10,188999,34.32
"following follow follow",10,189009,34.32
"following nice meet",10,189019,34.32
"forward meeting person",10,189029,34.33
"forward meeting tomorrow",10,189039,34.33
"forward year poised",10,189049,34.33
"found last night",10,189059,34.33
"founders day alpha",10,189069,34.33
"fourth july weekend",10,189079,34.34
"free market approach",10,189089,34.34
"friday ready weekend",10,189099,34.34
"friend thanks austin",10,189109,34.34
"friends family fans",10,189119,34.34
"friends family love",10,189129,34.34
"full week high",10,189139,34.35
"game thrones season",10,189149,34.35
"game tonight game",10,189159,34.35
"general gal kindle",10,189169,34.35
"get blood flowing",10,189179,34.35
"get chance make",10,189189,34.36
"get chance play",10,189199,34.36
"get chance stop",10,189209,34.36
"get chance take",10,189219,34.36
"get done get",10,189229,34.36
"get done tonight",10,189239,34.36
"get em tiger",10,189249,34.37
"get em time",10,189259,34.37
"get follow like",10,189269,34.37
"get followers tell",10,189279,34.37
"get followers tonight",10,189289,34.37
"get going morning",10,189299,34.38
"get good feeling",10,189309,34.38
"get good food",10,189319,34.38
"get heart broken",10,189329,34.38
"get job get",10,189339,34.38
"get late night",10,189349,34.38
"get look like",10,189359,34.39
"get mom mother",10,189369,34.39
"get new iphone",10,189379,34.39
"get new ipod",10,189389,34.39
"get new tattoo",10,189399,34.39
"get project done",10,189409,34.4
"get tan specials",10,189419,34.4
"get tickets early",10,189429,34.4
"get tickets online",10,189439,34.4
"girl gone wild",10,189449,34.4
"girl last night",10,189459,34.4
"giving away prizes",10,189469,34.41
"giving shout outs",10,189479,34.41
"glad enjoyed visit",10,189489,34.41
"glad having good",10,189499,34.41
"glad hear went",10,189509,34.41
"glad liked article",10,189519,34.42
"go ahead run",10,189529,34.42
"go bye bye",10,189539,34.42
"go go heart",10,189549,34.42
"go google type",10,189559,34.42
"go gotta go",10,189569,34.42
"go hard like",10,189579,34.43
"go north carolina",10,189589,34.43
"go red women",10,189599,34.43
"go school go",10,189609,34.43
"go time get",10,189619,34.43
"go way want",10,189629,34.44
"go wish happy",10,189639,34.44
"goal get followers",10,189649,34.44
"goes don think",10,189659,34.44
"going able sleep",10,189669,34.44
"going austin concert",10,189679,34.44
"going beach today",10,189689,34.45
"going bed got",10,189699,34.45
"going feel like",10,189709,34.45
"going go crazy",10,189719,34.45
"going go watch",10,189729,34.45
"going good luck",10,189739,34.46
"going make great",10,189749,34.46
"going make today",10,189759,34.46
"going miss guys",10,189769,34.46
"going old school",10,189779,34.46
"going stay tuned",10,189789,34.46
"going think like",10,189799,34.47
"gonna able sleep",10,189809,34.47
"gonna great time",10,189819,34.47
"gonna hot today",10,189829,34.47
"gonna party like",10,189839,34.47
"gonna sleep like",10,189849,34.48
"gonna take break",10,189859,34.48
"gonna take shower",10,189869,34.48
"gonna take time",10,189879,34.48
"good game today",10,189889,34.48
"good just don",10,189899,34.48
"good just need",10,189909,34.49
"good just wanted",10,189919,34.49
"good luck contest",10,189929,34.49
"good luck happy",10,189939,34.49
"good luck home",10,189949,34.49
"good luck hopefully",10,189959,34.5
"good luck ladies",10,189969,34.5
"good luck last",10,189979,34.5
"good luck miss",10,189989,34.5
"good luck need",10,189999,34.5
"good luck really",10,190009,34.5
"good luck remember",10,190019,34.51
"good luck run",10,190029,34.51
"good morning albuquerque",10,190039,34.51
"good morning art",10,190049,34.51
"good morning busy",10,190059,34.51
"good morning days",10,190069,34.52
"good morning fashion",10,190079,34.52
"good morning know",10,190089,34.52
"good morning last",10,190099,34.52
"good morning lets",10,190109,34.52
"good point just",10,190119,34.52
"good question ask",10,190129,34.53
"good question think",10,190139,34.53
"good thanks follow",10,190149,34.53
"good things fall",10,190159,34.53
"google wave invite",10,190169,34.53
"got busy day",10,190179,34.54
"got don know",10,190189,34.54
"got drink cup",10,190199,34.54
"got extra ticket",10,190209,34.54
"got good taste",10,190219,34.54
"got great shots",10,190229,34.54
"got home long",10,190239,34.55
"got let go",10,190249,34.55
"got long day",10,190259,34.55
"got punched face",10,190269,34.55
"got work done",10,190279,34.55
"gotta say pretty",10,190289,34.56
"grab coffee soon",10,190299,34.56
"grand prize winner",10,190309,34.56
"great big thanks",10,190319,34.56
"great day beautiful",10,190329,34.56
"great day feel",10,190339,34.56
"great day go",10,190349,34.57
"great day stop",10,190359,34.57
"great day walk",10,190369,34.57
"great day weekend",10,190379,34.57
"great idea get",10,190389,34.57
"great idea let",10,190399,34.58
"great keep posted",10,190409,34.58
"great meet new",10,190419,34.58
"great music food",10,190429,34.58
"great places eat",10,190439,34.58
"great rehearsal today",10,190449,34.58
"great st day",10,190459,34.59
"great stuff happening",10,190469,34.59
"great things going",10,190479,34.59
"great things works",10,190489,34.59
"great week take",10,190499,34.59
"great work guys",10,190509,34.6
"guess better get",10,190519,34.6
"happy birthday chris",10,190529,34.6
"happy birthday coach",10,190539,34.6
"happy birthday dave",10,190549,34.6
"happy birthday joe",10,190559,34.6
"happy birthday keep",10,190569,34.61
"happy birthday kenny",10,190579,34.61
"happy birthday late",10,190589,34.61
"happy birthday like",10,190599,34.61
"happy birthday mama",10,190609,34.61
"happy birthday mother",10,190619,34.62
"happy birthday new",10,190629,34.62
"happy birthday party",10,190639,34.62
"happy birthday princeton",10,190649,34.62
"happy birthday taylor",10,190659,34.62
"happy birthday time",10,190669,34.62
"happy birthday young",10,190679,34.63
"happy happy hour",10,190689,34.63
"happy place close",10,190699,34.63
"happy safe holiday",10,190709,34.63
"hard remember people",10,190719,34.63
"hard time figuring",10,190729,34.64
"harry potter marathon",10,190739,34.64
"haven heard anyone",10,190749,34.64
"haven heard awhile",10,190759,34.64
"having great friday",10,190769,34.64
"having great start",10,190779,34.64
"having great sunday",10,190789,34.65
"having little fun",10,190799,34.65
"having really bad",10,190809,34.65
"head high middle",10,190819,34.65
"hear great things",10,190829,34.65
"heart mind soul",10,190839,34.66
"heart right place",10,190849,34.66
"help make better",10,190859,34.66
"hey does anyone",10,190869,34.66
"hey getting ready",10,190879,34.66
"hey guys haven",10,190889,34.66
"hey guys playing",10,190899,34.67
"hey guys think",10,190909,34.67
"hey guys want",10,190919,34.67
"hey guys whats",10,190929,34.67
"hey man love",10,190939,34.67
"hey wanna go",10,190949,34.68
"hi welcome twitter",10,190959,34.68
"hold hold hold",10,190969,34.68
"hope don think",10,190979,34.68
"hope enjoyed did",10,190989,34.68
"hope everybody good",10,190999,34.68
"hope good news",10,191009,34.69
"hope good trip",10,191019,34.69
"hope guys enjoyed",10,191029,34.69
"hope guys get",10,191039,34.69
"hope miss little",10,191049,34.69
"hope take care",10,191059,34.7
"hope wonderful safe",10,191069,34.7
"hoping good news",10,191079,34.7
"hour specials pm",10,191089,34.7
"hour time discovered",10,191099,34.7
"hours watching movie",10,191109,34.7
"hungry don know",10,191119,34.71
"idea bad idea",10,191129,34.71
"independent artists north",10,191139,34.71
"inspiration love follow",10,191149,34.71
"job get paid",10,191159,34.71
"job keep good",10,191169,34.72
"june th come",10,191179,34.72
"just called asked",10,191189,34.72
"just came available",10,191199,34.72
"just came shuffle",10,191209,34.72
"just case don",10,191219,34.72
"just case wondering",10,191229,34.73
"just checked blog",10,191239,34.73
"just checked website",10,191249,34.73
"just feels right",10,191259,34.73
"just going get",10,191269,34.73
"just going take",10,191279,34.73
"just good better",10,191289,34.74
"just got followed",10,191299,34.74
"just got huge",10,191309,34.74
"just got put",10,191319,34.74
"just got seeing",10,191329,34.74
"just got studio",10,191339,34.75
"just got town",10,191349,34.75
"just gotta wait",10,191359,34.75
"just laughed hard",10,191369,34.75
"just leaving work",10,191379,34.75
"just left gym",10,191389,34.75
"just love having",10,191399,34.76
"just love love",10,191409,34.76
"just love way",10,191419,34.76
"just make feel",10,191429,34.76
"just makes happy",10,191439,34.76
"just really need",10,191449,34.77
"just said gonna",10,191459,34.77
"just said goodbye",10,191469,34.77
"just said yes",10,191479,34.77
"just saw article",10,191489,34.77
"just saw get",10,191499,34.77
"just saw going",10,191509,34.78
"just saw homeless",10,191519,34.78
"just saw sorry",10,191529,34.78
"just saw thought",10,191539,34.78
"just short drive",10,191549,34.78
"just signed petition",10,191559,34.79
"just signed twitter",10,191569,34.79
"just started book",10,191579,34.79
"just started laughing",10,191589,34.79
"just started run",10,191599,34.79
"just take care",10,191609,34.79
"just take day",10,191619,34.8
"just throw away",10,191629,34.8
"just time holidays",10,191639,34.8
"just time watch",10,191649,34.8
"just told go",10,191659,34.8
"just took shower",10,191669,34.81
"just took stage",10,191679,34.81
"just watch movie",10,191689,34.81
"just wish get",10,191699,34.81
"just woke good",10,191709,34.81
"just won best",10,191719,34.81
"kansas city missouri",10,191729,34.82
"keep awesome work",10,191739,34.82
"keep going winston",10,191749,34.82
"keep mouth closed",10,191759,34.82
"keep playing game",10,191769,34.82
"keep posted love",10,191779,34.83
"keep posted new",10,191789,34.83
"keep posted sure",10,191799,34.83
"kind words short",10,191809,34.83
"know anyone needs",10,191819,34.83
"know don doubt",10,191829,34.83
"know don wanna",10,191839,34.84
"know get free",10,191849,34.84
"know go get",10,191859,34.84
"know haven seen",10,191869,34.84
"know help get",10,191879,34.84
"know like get",10,191889,34.85
"know people think",10,191899,34.85
"know really don",10,191909,34.85
"know story heard",10,191919,34.85
"know want help",10,191929,34.85
"know want just",10,191939,34.85
"las vegas review",10,191949,34.86
"learned new word",10,191959,34.86
"leaving work early",10,191969,34.86
"left handed people",10,191979,34.86
"let anybody tell",10,191989,34.86
"let go badgers",10,191999,34.87
"let go become",10,192009,34.87
"let go change",10,192019,34.87
"let go love",10,192029,34.87
"let go miami",10,192039,34.87
"let go packers",10,192049,34.87
"let go play",10,192059,34.88
"let go soon",10,192069,34.88
"let just get",10,192079,34.88
"let know stop",10,192089,34.88
"let know suggestions",10,192099,34.88
"let know week",10,192109,34.89
"let things happen",10,192119,34.89
"let touch base",10,192129,34.89
"letting people know",10,192139,34.89
"liar liar pants",10,192149,34.89
"life beautiful thing",10,192159,34.89
"life day day",10,192169,34.9
"life just know",10,192179,34.9
"life like free",10,192189,34.9
"life love love",10,192199,34.9
"life party hoped",10,192209,34.9
"life short anything",10,192219,34.91
"life short worry",10,192229,34.91
"life spent making",10,192239,34.91
"like best day",10,192249,34.91
"like coming home",10,192259,34.91
"like did get",10,192269,34.91
"like don love",10,192279,34.92
"like don make",10,192289,34.92
"like dream come",10,192299,34.92
"like facebook twitter",10,192309,34.92
"like get touch",10,192319,34.92
"like gets smaller",10,192329,34.93
"like going sleep",10,192339,34.93
"like good movie",10,192349,34.93
"like great weekend",10,192359,34.93
"like invite follow",10,192369,34.93
"like joke leave",10,192379,34.93
"like know going",10,192389,34.94
"like make telling",10,192399,34.94
"like man thought",10,192409,34.94
"like new avatar",10,192419,34.94
"like new facebook",10,192429,34.94
"like people get",10,192439,34.95
"like people know",10,192449,34.95
"like said just",10,192459,34.95
"like second home",10,192469,34.95
"like star trek",10,192479,34.95
"like tea bag",10,192489,34.95
"like time low",10,192499,34.96
"line love hate",10,192509,34.96
"link twitter facebook",10,192519,34.96
"live jazz tonight",10,192529,34.96
"live life want",10,192539,34.96
"live tweeting today",10,192549,34.97
"locally owned operated",10,192559,34.97
"long drive home",10,192569,34.97
"long takes get",10,192579,34.97
"long work day",10,192589,34.97
"look feel like",10,192599,34.97
"look good don",10,192609,34.98
"look good just",10,192619,34.98
"look good tonight",10,192629,34.98
"look like accident",10,192639,34.98
"look like great",10,192649,34.98
"look like love",10,192659,34.99
"look like model",10,192669,34.99
"look like new",10,192679,34.99
"look like pretty",10,192689,34.99
"look like straight",10,192699,34.99
"look like take",10,192709,34.99
"look like team",10,192719,35
"looked pretty good",10,192729,35
"looking forward better",10,192739,35
"looking forward class",10,192749,35
"looking forward events",10,192759,35
"looking forward happy",10,192769,35.01
"looking forward hopefully",10,192779,35.01
"looking forward hours",10,192789,35.01
"looking forward meet",10,192799,35.01
"looking forward nice",10,192809,35.01
"looking forward panel",10,192819,35.01
"looking forward performance",10,192829,35.02
"looking forward social",10,192839,35.02
"looking forward start",10,192849,35.02
"looking forward tea",10,192859,35.02
"looking good today",10,192869,35.02
"looks great love",10,192879,35.03
"looks like account",10,192889,35.03
"looks like amazing",10,192899,35.03
"looks like baby",10,192909,35.03
"looks like does",10,192919,35.03
"looks like facebook",10,192929,35.03
"looks like hacked",10,192939,35.04
"looks like headed",10,192949,35.04
"looks like maybe",10,192959,35.04
"looks like new",10,192969,35.04
"looks like running",10,192979,35.04
"looks like snow",10,192989,35.05
"looks like spring",10,192999,35.05
"looks like taking",10,193009,35.05
"looks like things",10,193019,35.05
"looks like ur",10,193029,35.05
"los angeles county",10,193039,35.05
"los angeles kings",10,193049,35.06
"lot people get",10,193059,35.06
"lot people want",10,193069,35.06
"love chris brown",10,193079,35.06
"love don forget",10,193089,35.06
"love don get",10,193099,35.07
"love don mean",10,193109,35.07
"love fall love",10,193119,35.07
"love get know",10,193129,35.07
"love good job",10,193139,35.07
"love hard find",10,193149,35.07
"love hard work",10,193159,35.08
"love just don",10,193169,35.08
"love life just",10,193179,35.08
"love life right",10,193189,35.08
"love like force",10,193199,35.08
"love like wind",10,193209,35.09
"love lord heart",10,193219,35.09
"love make dream",10,193229,35.09
"love miss guys",10,193239,35.09
"love music love",10,193249,35.09
"love old people",10,193259,35.09
"love people just",10,193269,35.1
"love people life",10,193279,35.1
"love people made",10,193289,35.1
"love set free",10,193299,35.1
"love song get",10,193309,35.1
"love takes time",10,193319,35.11
"love thanks great",10,193329,35.11
"love trust wrong",10,193339,35.11
"love ur role",10,193349,35.11
"love watching people",10,193359,35.11
"low income students",10,193369,35.11
"luck hope goes",10,193379,35.12
"make better decisions",10,193389,35.12
"make feel alive",10,193399,35.12
"make feel beautiful",10,193409,35.12
"make feel guilty",10,193419,35.12
"make feel love",10,193429,35.13
"make feel loved",10,193439,35.13
"make feel old",10,193449,35.13
"make feel wanted",10,193459,35.13
"make great week",10,193469,35.13
"make happiest person",10,193479,35.13
"make happy make",10,193489,35.14
"make own luck",10,193499,35.14
"make real money",10,193509,35.14
"make really good",10,193519,35.14
"make smile today",10,193529,35.14
"make sure knows",10,193539,35.15
"make sure time",10,193549,35.15
"make twitter account",10,193559,35.15
"make ur own",10,193569,35.15
"makes feel great",10,193579,35.15
"makes feel loved",10,193589,35.15
"makes happy love",10,193599,35.16
"makes sense don",10,193609,35.16
"makes world beautiful",10,193619,35.16
"making world better",10,193629,35.16
"man just love",10,193639,35.16
"man let go",10,193649,35.17
"man trying get",10,193659,35.17
"matter going life",10,193669,35.17
"means doing right",10,193679,35.17
"middle school students",10,193689,35.17
"might go sleep",10,193699,35.17
"might just make",10,193709,35.18
"miss let hang",10,193719,35.18
"mom don know",10,193729,35.18
"monday let know",10,193739,35.18
"money love like",10,193749,35.18
"morning fellow tweeters",10,193759,35.19
"morning happy new",10,193769,35.19
"morning last night",10,193779,35.19
"morning let make",10,193789,35.19
"morning world day",10,193799,35.19
"mother mother day",10,193809,35.19
"move get way",10,193819,35.2
"moved new york",10,193829,35.2
"music food drinks",10,193839,35.2
"music life mistake",10,193849,35.2
"music video just",10,193859,35.2
"music video song",10,193869,35.21
"myself don know",10,193879,35.21
"national chocolate day",10,193889,35.21
"nd day row",10,193899,35.21
"need find place",10,193909,35.21
"need go away",10,193919,35.21
"need go buy",10,193929,35.22
"need go school",10,193939,35.22
"need great strategy",10,193949,35.22
"need hot beats",10,193959,35.22
"need know going",10,193969,35.22
"need plan trip",10,193979,35.23
"need start looking",10,193989,35.23
"need start running",10,193999,35.23
"need take break",10,194009,35.23
"needs get better",10,194019,35.23
"new brand new",10,194029,35.23
"new jersey shore",10,194039,35.24
"new list titled",10,194049,35.24
"new looks like",10,194059,35.24
"new orleans tonight",10,194069,35.24
"new phone new",10,194079,35.24
"new twitter friends",10,194089,35.25
"new year come",10,194099,35.25
"new year east",10,194109,35.25
"new year filled",10,194119,35.25
"new year full",10,194129,35.25
"new year just",10,194139,35.25
"new youtube channel",10,194149,35.26
"news alert maurice",10,194159,35.26
"news heard day",10,194169,35.26
"nice meet great",10,194179,35.26
"nice meet yesterday",10,194189,35.26
"nice meeting thanks",10,194199,35.27
"night good times",10,194209,35.27
"night great event",10,194219,35.27
"night great job",10,194229,35.27
"night great night",10,194239,35.27
"night makes feel",10,194249,35.27
"night special thanks",10,194259,35.28
"night stay tuned",10,194269,35.28
"ny helped resident",10,194279,35.28
"occupy wall st",10,194289,35.28
"offer free market",10,194299,35.28
"official launch party",10,194309,35.29
"oh boy go",10,194319,35.29
"oh good lord",10,194329,35.29
"oh ok thought",10,194339,35.29
"oh wow awesome",10,194349,35.29
"oh wow really",10,194359,35.29
"oh wow thanks",10,194369,35.3
"okay let go",10,194379,35.3
"old folks home",10,194389,35.3
"old time sake",10,194399,35.3
"open house saturday",10,194409,35.3
"open late tonight",10,194419,35.31
"opening tomorrow night",10,194429,35.31
"own home based",10,194439,35.31
"party friday night",10,194449,35.31
"patrick day irish",10,194459,35.31
"people forget did",10,194469,35.31
"people get married",10,194479,35.32
"people go follow",10,194489,35.32
"people go life",10,194499,35.32
"people go school",10,194509,35.32
"people haven seen",10,194519,35.32
"people just got",10,194529,35.33
"people just keep",10,194539,35.33
"people know say",10,194549,35.33
"people like facebook",10,194559,35.33
"people like life",10,194569,35.33
"people like page",10,194579,35.33
"people need realize",10,194589,35.34
"people need start",10,194599,35.34
"people treat like",10,194609,35.34
"people want hear",10,194619,35.34
"person follow twitter",10,194629,35.34
"phone works both",10,194639,35.35
"places get paid",10,194649,35.35
"play let know",10,194659,35.35
"pleasure thanks follow",10,194669,35.35
"pm come visit",10,194679,35.35
"pm pm tonight",10,194689,35.35
"pm tickets available",10,194699,35.36
"post videos facebook",10,194709,35.36
"posted today consensus",10,194719,35.36
"pretend don care",10,194729,35.36
"pretty cool thanks",10,194739,35.36
"private sector jobs",10,194749,35.37
"probably don want",10,194759,35.37
"problem don know",10,194769,35.37
"problem hope great",10,194779,35.37
"put last night",10,194789,35.37
"put things perspective",10,194799,35.37
"questions want ask",10,194809,35.38
"quick easy dishes",10,194819,35.38
"quite possibly worst",10,194829,35.38
"rainy saturday afternoon",10,194839,35.38
"reading great book",10,194849,35.38
"ready big game",10,194859,35.39
"ready don know",10,194869,35.39
"ready football season",10,194879,35.39
"real estate investors",10,194889,35.39
"real estate word",10,194899,35.39
"really cool idea",10,194909,35.39
"really cool thanks",10,194919,35.4
"really enjoyed last",10,194929,35.4
"really enjoyed reading",10,194939,35.4
"really great day",10,194949,35.4
"really great make",10,194959,35.4
"really hard get",10,194969,35.41
"really hope go",10,194979,35.41
"really know say",10,194989,35.41
"really nice meeting",10,194999,35.41
"really nice people",10,195009,35.41
"really nice person",10,195019,35.41
"really really wanna",10,195029,35.42
"really think going",10,195039,35.42
"really wish people",10,195049,35.42
"red eye flight",10,195059,35.42
"registration open pm",10,195069,35.42
"remain silent thought",10,195079,35.43
"remember good times",10,195089,35.43
"right looking forward",10,195099,35.43
"right oh wait",10,195109,35.43
"right thing right",10,195119,35.43
"road trip summer",10,195129,35.43
"run last night",10,195139,35.44
"said let go",10,195149,35.44
"san antonio today",10,195159,35.44
"san francisco today",10,195169,35.44
"say don give",10,195179,35.44
"say done doing",10,195189,35.45
"say hope come",10,195199,35.45
"say let go",10,195209,35.45
"say love just",10,195219,35.45
"say wanna say",10,195229,35.45
"saying good bye",10,195239,35.45
"school new school",10,195249,35.46
"school th grade",10,195259,35.46
"season ticket holders",10,195269,35.46
"second last day",10,195279,35.46
"service industry night",10,195289,35.46
"short long term",10,195299,35.46
"shout happy birthday",10,195309,35.47
"shows coming soon",10,195319,35.47
"sister just got",10,195329,35.47
"smell like fish",10,195339,35.47
"smell like smoke",10,195349,35.47
"smells like heaven",10,195359,35.48
"social media club",10,195369,35.48
"social media engagement",10,195379,35.48
"social media follow",10,195389,35.48
"social media intern",10,195399,35.48
"social media job",10,195409,35.48
"social media program",10,195419,35.49
"social media reach",10,195429,35.49
"social media really",10,195439,35.49
"social media strategies",10,195449,35.49
"social media stuff",10,195459,35.49
"social media summit",10,195469,35.5
"social media work",10,195479,35.5
"someday love reply",10,195489,35.5
"song don know",10,195499,35.5
"sorry hear mom",10,195509,35.5
"sorry last tweet",10,195519,35.5
"sorry let know",10,195529,35.51
"sound like anything",10,195539,35.51
"sounds like needs",10,195549,35.51
"sounds like recipe",10,195559,35.51
"sounds like saying",10,195569,35.51
"spend entire day",10,195579,35.52
"spend lot money",10,195589,35.52
"spreading word hope",10,195599,35.52
"st day school",10,195609,35.52
"start day good",10,195619,35.52
"start make brand",10,195629,35.52
"start monday morning",10,195639,35.53
"starting own business",10,195649,35.53
"step away computer",10,195659,35.53
"stop check new",10,195669,35.53
"student loan interest",10,195679,35.53
"students don forget",10,195689,35.54
"stuff thanks sharing",10,195699,35.54
"summer come faster",10,195709,35.54
"summer concert series",10,195719,35.54
"summer get ready",10,195729,35.54
"super excited get",10,195739,35.54
"sure check latest",10,195749,35.55
"sure follow new",10,195759,35.55
"sure just let",10,195769,35.55
"sure sounds like",10,195779,35.55
"sure thing hope",10,195789,35.55
"sweat pants hair",10,195799,35.56
"take pain away",10,195809,35.56
"take series lead",10,195819,35.56
"take time learn",10,195829,35.56
"team last night",10,195839,35.56
"tell live life",10,195849,35.56
"text need talk",10,195859,35.57
"th grade graduation",10,195869,35.57
"th grade students",10,195879,35.57
"th th century",10,195889,35.57
"th tweet dedicated",10,195899,35.57
"thank don know",10,195909,35.58
"thank enjoy weekend",10,195919,35.58
"thank follow appreciate",10,195929,35.58
"thank hope good",10,195939,35.58
"thank hope soon",10,195949,35.58
"thank sharing love",10,195959,35.58
"thanks asking hope",10,195969,35.59
"thanks checking site",10,195979,35.59
"thanks da love",10,195989,35.59
"thanks follow checkout",10,195999,35.59
"thanks follow get",10,196009,35.59
"thanks follow interested",10,196019,35.6
"thanks follow interesting",10,196029,35.6
"thanks follow music",10,196039,35.6
"thanks follow right",10,196049,35.6
"thanks follow thank",10,196059,35.6
"thanks following best",10,196069,35.6
"thanks following big",10,196079,35.61
"thanks following did",10,196089,35.61
"thanks following go",10,196099,35.61
"thanks girl miss",10,196109,35.61
"thanks glad help",10,196119,35.61
"thanks good day",10,196129,35.62
"thanks guys awesome",10,196139,35.62
"thanks guys best",10,196149,35.62
"thanks guys great",10,196159,35.62
"thanks happy mother",10,196169,35.62
"thanks happy thanksgiving",10,196179,35.62
"thanks having today",10,196189,35.63
"thanks helping reach",10,196199,35.63
"thanks hope things",10,196209,35.63
"thanks hope wonderful",10,196219,35.63
"thanks just sent",10,196229,35.63
"thanks lot fun",10,196239,35.64
"thanks making great",10,196249,35.64
"thanks man appreciated",10,196259,35.64
"thanks organizing great",10,196269,35.64
"thanks really great",10,196279,35.64
"thanks really hope",10,196289,35.64
"thanks recent follows",10,196299,35.65
"thanks stopped booth",10,196309,35.65
"thing anyone said",10,196319,35.65
"things don get",10,196329,35.65
"things happen life",10,196339,35.65
"things life close",10,196349,35.66
"think get worse",10,196359,35.66
"think going need",10,196369,35.66
"think going take",10,196379,35.66
"think gonna buy",10,196389,35.66
"think know answer",10,196399,35.66
"think might love",10,196409,35.67
"think need change",10,196419,35.67
"think need make",10,196429,35.67
"think time bed",10,196439,35.67
"thought myself heck",10,196449,35.67
"tickets tomorrow night",10,196459,35.68
"time come soon",10,196469,35.68
"time gotta get",10,196479,35.68
"time just like",10,196489,35.68
"time make change",10,196499,35.68
"time make moves",10,196509,35.68
"time spring cleaning",10,196519,35.69
"time start new",10,196529,35.69
"time waste time",10,196539,35.69
"today april th",10,196549,35.69
"today come join",10,196559,35.69
"today don need",10,196569,35.7
"today feeling good",10,196579,35.7
"today felt good",10,196589,35.7
"today get done",10,196599,35.7
"today going awesome",10,196609,35.7
"today going busy",10,196619,35.7
"today good news",10,196629,35.71
"today gotta love",10,196639,35.71
"today haven seen",10,196649,35.71
"today just don",10,196659,35.71
"today just wanted",10,196669,35.71
"today lots great",10,196679,35.72
"today open house",10,196689,35.72
"today pm get",10,196699,35.72
"today pm st",10,196709,35.72
"today thanks coming",10,196719,35.72
"told last week",10,196729,35.72
"tomorrow happy hour",10,196739,35.73
"tonight come celebrate",10,196749,35.73
"tonight getting ready",10,196759,35.73
"tonight lets go",10,196769,35.73
"tonight monday night",10,196779,35.73
"tonight sunday night",10,196789,35.74
"tonight thursday night",10,196799,35.74
"trailer park boys",10,196809,35.74
"try get followers",10,196819,35.74
"try try try",10,196829,35.74
"trying make greatest",10,196839,35.74
"trying make work",10,196849,35.75
"twitter account just",10,196859,35.75
"twitter best friend",10,196869,35.75
"twitter com expert",10,196879,35.75
"unless like cares",10,196889,35.75
"ur having fun",10,196899,35.76
"ur really pretty",10,196909,35.76
"use twitter facebook",10,196919,35.76
"valentine day plans",10,196929,35.76
"valentines day just",10,196939,35.76
"voted times sure",10,196949,35.76
"vs game tonight",10,196959,35.77
"vs new england",10,196969,35.77
"wait friday night",10,196979,35.77
"wait hear say",10,196989,35.77
"wait hear speak",10,196999,35.77
"walk away like",10,197009,35.78
"walk life make",10,197019,35.78
"wanna dance love",10,197029,35.78
"wanna fall asleep",10,197039,35.78
"wanna fall love",10,197049,35.78
"wanna get away",10,197059,35.78
"wanna live life",10,197069,35.79
"want best friend",10,197079,35.79
"want book party",10,197089,35.79
"want come true",10,197099,35.79
"want done right",10,197109,35.79
"want happen wish",10,197119,35.8
"want hurt list",10,197129,35.8
"want mean don",10,197139,35.8
"want perfect want",10,197149,35.8
"want take care",10,197159,35.8
"want take moment",10,197169,35.8
"want test man",10,197179,35.81
"wanted say happy",10,197189,35.81
"wanted say hey",10,197199,35.81
"wants free tickets",10,197209,35.81
"watch real housewives",10,197219,35.81
"watching pretty little",10,197229,35.82
"way make work",10,197239,35.82
"way new york",10,197249,35.82
"wearing white shirt",10,197259,35.82
"week free unlimited",10,197269,35.82
"week month year",10,197279,35.82
"welcome new york",10,197289,35.83
"welcome thanks great",10,197299,35.83
"welcome thanks support",10,197309,35.83
"welcome twitter page",10,197319,35.83
"went shopping today",10,197329,35.83
"west coast just",10,197339,35.84
"win cash prize",10,197349,35.84
"win nba championship",10,197359,35.84
"win new ipad",10,197369,35.84
"wish stayed longer",10,197379,35.84
"wished happy mother",10,197389,35.84
"wishes happy new",10,197399,35.85
"wishing safe travels",10,197409,35.85
"won get far",10,197419,35.85
"won let change",10,197429,35.85
"wonderful day family",10,197439,35.85
"wonderful day love",10,197449,35.86
"work day just",10,197459,35.86
"work just got",10,197469,35.86
"work today time",10,197479,35.86
"work tomorrow night",10,197489,35.86
"working hard hardly",10,197499,35.86
"working new material",10,197509,35.87
"world series poker",10,197519,35.87
"wow really good",10,197529,35.87
"wrong things give",10,197539,35.87
"www com tonight",10,197549,35.87
"yeah just happened",10,197559,35.88
"yeah right right",10,197569,35.88
"year million contract",10,197579,35.88
"yes feel like",10,197589,35.88
"yes just like",10,197599,35.88
"yes oh yes",10,197609,35.88
"yes sir good",10,197619,35.89
"yr old woman",10,197629,35.89
"act kindness matter",10,197639,35.89
"better take care",10,197649,35.89
"big part life",10,197659,35.89
"cool don know",10,197669,35.9
"doing don know",10,197679,35.9
"earth day celebration",10,197689,35.9
"get twitter account",10,197699,35.9
"go read book",10,197709,35.9
"good just like",10,197719,35.9
"good luck safe",10,197729,35.91
"got asked prom",10,197739,35.91
"just friendly reminder",10,197749,35.91
"just really bad",10,197759,35.91
"know did wrong",10,197769,35.91
"let live life",10,197779,35.92
"make difference lives",10,197789,35.92
"must stay awake",10,197799,35.92
"playing just dance",10,197809,35.92
"sounds like work",10,197819,35.92
"today lets go",10,197829,35.92
"today super excited",10,197839,35.93
"turn turn turn",10,197849,35.93
"watch fox news",10,197859,35.93
"way work morning",10,197869,35.93
"wish friend happy",10,197879,35.93
"able watch game",9,197888,35.94
"academy award best",9,197897,35.94
"accept fails accept",9,197906,35.94
"acting like child",9,197915,35.94
"adopt pace nature",9,197924,35.94
"afternoon hope having",9,197933,35.94
"ago steve jobs",9,197942,35.94
"ah good luck",9,197951,35.95
"al pastor vegan",9,197960,35.95
"allen midnight paris",9,197969,35.95
"amazing love follow",9,197978,35.95
"anyone heard new",9,197987,35.95
"anything don hesitate",9,197996,35.95
"anything make smile",9,198005,35.96
"appreciate great weekend",9,198014,35.96
"april th get",9,198023,35.96
"art pieces store",9,198032,35.96
"artists dream perspective",9,198041,35.96
"artists work great",9,198050,35.96
"ask myself question",9,198059,35.97
"ask questions answer",9,198068,35.97
"atlanta journal constitution",9,198077,35.97
"awesome don know",9,198086,35.97
"awesome thanks support",9,198095,35.97
"baby born way",9,198104,35.97
"backgrounds pro athletes",9,198113,35.98
"bad really bad",9,198122,35.98
"bad relationship need",9,198131,35.98
"band practice today",9,198140,35.98
"bed wide awake",9,198149,35.98
"believe believe believe",9,198158,35.98
"believe tour dates",9,198167,35.99
"best gift give",9,198176,35.99
"best luck rest",9,198185,35.99
"best part going",9,198194,35.99
"best part job",9,198203,35.99
"best shows seen",9,198212,35.99
"best thing sliced",9,198221,36
"best way possible",9,198230,36
"bff dreams come",9,198239,36
"big city tavern",9,198248,36
"big deal people",9,198257,36
"big mac fries",9,198266,36
"bill science guy",9,198275,36.01
"birthday dear friend",9,198284,36.01
"birthday hope fabulous",9,198293,36.01
"birthday hope fun",9,198302,36.01
"birthday hope get",9,198311,36.01
"birthday little sister",9,198320,36.01
"birthday love girl",9,198329,36.02
"birthday love guys",9,198338,36.02
"birthday today alex",9,198347,36.02
"birthday wonderful day",9,198356,36.02
"blog post coming",9,198365,36.02
"blog soon bulls",9,198374,36.02
"blue ivy carter",9,198383,36.03
"book coming soon",9,198392,36.03
"bout go hit",9,198401,36.03
"bout watch movie",9,198410,36.03
"boys good good",9,198419,36.03
"brand new brand",9,198428,36.03
"brand new songs",9,198437,36.03
"break break records",9,198446,36.04
"breathing sigh relief",9,198455,36.04
"brewer game tonight",9,198464,36.04
"brings new meaning",9,198473,36.04
"broadcasting www com",9,198482,36.04
"brown bag lecture",9,198491,36.04
"busy day just",9,198500,36.05
"busy day office",9,198509,36.05
"butter jelly sandwich",9,198518,36.05
"buy things don",9,198527,36.05
"ca travel team",9,198536,36.05
"campaign finance reform",9,198545,36.05
"capacity translate vision",9,198554,36.06
"caught myself smiling",9,198563,36.06
"cell phone battery",9,198572,36.06
"cell phone bill",9,198581,36.06
"cell phone number",9,198590,36.06
"cell phone service",9,198599,36.06
"chance win game",9,198608,36.07
"chance win signed",9,198617,36.07
"changed crosses chuck",9,198626,36.07
"changed twitter handle",9,198635,36.07
"chase community giving",9,198644,36.07
"check follow pastor",9,198653,36.07
"check new improved",9,198662,36.08
"check new look",9,198671,36.08
"check web page",9,198680,36.08
"cheers great weekend",9,198689,36.08
"children museum indy",9,198698,36.08
"choices truly far",9,198707,36.08
"chuck changed crosses",9,198716,36.09
"closing time hangover",9,198725,36.09
"club meeting tonight",9,198734,36.09
"cody generations best",9,198743,36.09
"com com com",9,198752,36.09
"com free shipping",9,198761,36.09
"come home get",9,198770,36.1
"come join tonight",9,198779,36.1
"come know want",9,198788,36.1
"come open house",9,198797,36.1
"come shapes sizes",9,198806,36.1
"come tweet get",9,198815,36.1
"come visit lunch",9,198824,36.11
"come visit time",9,198833,36.11
"come win series",9,198842,36.11
"comes reputation wisdom",9,198851,36.11
"coming home work",9,198860,36.11
"coming hope enjoyed",9,198869,36.11
"coming hope soon",9,198878,36.11
"commercial audition today",9,198887,36.12
"con media press",9,198896,36.12
"conditions water temp",9,198905,36.12
"contact info thanks",9,198914,36.12
"cookies cream ice",9,198923,36.12
"coolest thing seen",9,198932,36.12
"correct answer wins",9,198941,36.13
"council meeting tonight",9,198950,36.13
"couple days get",9,198959,36.13
"couple hours left",9,198968,36.13
"cover letter writing",9,198977,36.13
"crisis found blame",9,198986,36.13
"critical thinking skills",9,198995,36.14
"cup green tea",9,199004,36.14
"cup soup chili",9,199013,36.14
"dance life reply",9,199022,36.14
"day come celebrate",9,199031,36.14
"day day going",9,199040,36.14
"day don feel",9,199049,36.15
"day go fast",9,199058,36.15
"day go home",9,199067,36.15
"day going get",9,199076,36.15
"day good thing",9,199085,36.15
"day gotta love",9,199094,36.15
"day happy friday",9,199103,36.16
"day hard work",9,199112,36.16
"day hope wonderful",9,199121,36.16
"day just finished",9,199130,36.16
"day just wanna",9,199139,36.16
"day keeps doctor",9,199148,36.16
"day look like",9,199157,36.17
"day music video",9,199166,36.17
"day new life",9,199175,36.17
"day perfect day",9,199184,36.17
"day ready go",9,199193,36.17
"day spend time",9,199202,36.17
"day work great",9,199211,36.18
"days let know",9,199220,36.18
"days till opening",9,199229,36.18
"definitely don want",9,199238,36.18
"demand jackson ii",9,199247,36.18
"designed nature stop",9,199256,36.18
"device finding furniture",9,199265,36.19
"did anyone feel",9,199274,36.19
"did anyone go",9,199283,36.19
"did better job",9,199292,36.19
"did go did",9,199301,36.19
"did good weekend",9,199310,36.19
"did great tonight",9,199319,36.2
"did hear say",9,199328,36.2
"did miss memo",9,199337,36.2
"did outstanding job",9,199346,36.2
"did really think",9,199355,36.2
"did think last",9,199364,36.2
"did waste time",9,199373,36.2
"difference winston churchill",9,199382,36.21
"different time zones",9,199391,36.21
"dig read wrong",9,199400,36.21
"discover hands helping",9,199409,36.21
"dj curtis dirt",9,199418,36.21
"does make better",9,199427,36.21
"dog just ate",9,199436,36.22
"doing awesome things",9,199445,36.22
"doing cool stuff",9,199454,36.22
"doing long time",9,199463,36.22
"doing lot better",9,199472,36.22
"don ask know",9,199481,36.22
"don feel sorry",9,199490,36.23
"don follow just",9,199499,36.23
"don forget breakfast",9,199508,36.23
"don forget day",9,199517,36.23
"don forget give",9,199526,36.23
"don forget order",9,199535,36.23
"don forget saturday",9,199544,36.24
"don forget share",9,199553,36.24
"don forget thank",9,199562,36.24
"don give flying",9,199571,36.24
"don go bed",9,199580,36.24
"don go work",9,199589,36.24
"don hurt em",9,199598,36.25
"don just say",9,199607,36.25
"don know deal",9,199616,36.25
"don know feels",9,199625,36.25
"don know following",9,199634,36.25
"don know give",9,199643,36.25
"don know happen",9,199652,36.26
"don know ill",9,199661,36.26
"don know must",9,199670,36.26
"don know person",9,199679,36.26
"don know play",9,199688,36.26
"don know read",9,199697,36.26
"don know single",9,199706,36.27
"don know sorry",9,199715,36.27
"don know turn",9,199724,36.27
"don know wait",9,199733,36.27
"don know wanna",9,199742,36.27
"don make better",9,199751,36.27
"don make cry",9,199760,36.28
"don make fall",9,199769,36.28
"don make good",9,199778,36.28
"don make like",9,199787,36.28
"don make mistake",9,199796,36.28
"don make tell",9,199805,36.28
"don make think",9,199814,36.28
"don play hard",9,199823,36.29
"don pretend like",9,199832,36.29
"don regret divorce",9,199841,36.29
"don take things",9,199850,36.29
"don talk mean",9,199859,36.29
"don tell just",9,199868,36.29
"don tell sky",9,199877,36.3
"don think big",9,199886,36.3
"don think excited",9,199895,36.3
"don think hard",9,199904,36.3
"don think last",9,199913,36.3
"don think let",9,199922,36.3
"don think live",9,199931,36.31
"don think made",9,199940,36.31
"don think myself",9,199949,36.31
"don think wanted",9,199958,36.31
"don think win",9,199967,36.31
"don think worth",9,199976,36.31
"don treat like",9,199985,36.32
"don try get",9,199994,36.32
"don use word",9,200003,36.32
"don want answer",9,200012,36.32
"don want date",9,200021,36.32
"don want kids",9,200030,36.32
"don want relationship",9,200039,36.33
"don want study",9,200048,36.33
"don want win",9,200057,36.33
"don want world",9,200066,36.33
"donald trump rules",9,200075,36.33
"done don know",9,200084,36.33
"done getting ready",9,200093,36.34
"dot dot dot",9,200102,36.34
"dream dream dream",9,200111,36.34
"dream perspective share",9,200120,36.34
"dream walt disney",9,200129,36.34
"dreams don come",9,200138,36.34
"drinking game time",9,200147,36.35
"easier just get",9,200156,36.35
"easier wish better",9,200165,36.35
"easily judge character",9,200174,36.35
"east coast friends",9,200183,36.35
"eat eat eat",9,200192,36.35
"eat free day",9,200201,36.36
"eat right exercise",9,200210,36.36
"eat want day",9,200219,36.36
"email just sent",9,200228,36.36
"episode law order",9,200237,36.36
"eve ends follow",9,200246,36.36
"evening news begin",9,200255,36.36
"evening rainy saturday",9,200264,36.37
"excited don know",9,200273,36.37
"excited hunger games",9,200282,36.37
"excited new season",9,200291,36.37
"excited part team",9,200300,36.37
"eyes cried tears",9,200309,36.37
"facebook page facebook",9,200318,36.38
"facebook twitter google",9,200327,36.38
"fails accept trying",9,200336,36.38
"faithful small things",9,200345,36.38
"fake till make",9,200354,36.38
"fall asleep couch",9,200363,36.38
"fall asleep just",9,200372,36.39
"fall asleep right",9,200381,36.39
"fall love fall",9,200390,36.39
"fall love hear",9,200399,36.39
"falling asleep sound",9,200408,36.39
"family friends love",9,200417,36.39
"famous favorite type",9,200426,36.4
"fan get follow",9,200435,36.4
"fan good luck",9,200444,36.4
"fans let know",9,200453,36.4
"far possibly find",9,200462,36.4
"favorite love song",9,200471,36.4
"favorite song play",9,200480,36.41
"fears broke doubts",9,200489,36.41
"featured vintage restaurant",9,200498,36.41
"feel bad don",9,200507,36.41
"feel free reach",9,200516,36.41
"feel good myself",9,200525,36.41
"feel like boss",9,200534,36.42
"feel like breaking",9,200543,36.42
"feel like give",9,200552,36.42
"feel like let",9,200561,36.42
"feel like screaming",9,200570,36.42
"feel like stuck",9,200579,36.42
"feel like take",9,200588,36.43
"feel like telling",9,200597,36.43
"feel like wasting",9,200606,36.43
"feel like watch",9,200615,36.43
"feel like wearing",9,200624,36.43
"feel way feel",9,200633,36.43
"feeling like going",9,200642,36.44
"feelings get hurt",9,200651,36.44
"feels good feel",9,200660,36.44
"feet hurt bad",9,200669,36.44
"finally get meet",9,200678,36.44
"find guys best",9,200687,36.44
"find true love",9,200696,36.45
"find way don",9,200705,36.45
"fine don worry",9,200714,36.45
"fingers crossed good",9,200723,36.45
"flat iron hair",9,200732,36.45
"follow appreciate support",9,200741,36.45
"follow enjoy day",9,200750,36.45
"follow get follow",9,200759,36.46
"follow great tips",9,200768,36.46
"follow hope chance",9,200777,36.46
"follow hot related",9,200786,36.46
"follow make year",9,200795,36.46
"follow new follower",9,200804,36.46
"follow returning favor",9,200813,36.47
"follow time wish",9,200822,36.47
"followers come people",9,200831,36.47
"followers last night",9,200840,36.47
"followers make sure",9,200849,36.47
"followers make world",9,200858,36.47
"followers need get",9,200867,36.48
"followers new twitter",9,200876,36.48
"following check beautiful",9,200885,36.48
"following go follow",9,200894,36.48
"forget get tickets",9,200903,36.48
"forget love fall",9,200912,36.48
"forget said people",9,200921,36.49
"forgive quit try",9,200930,36.49
"forward catching soon",9,200939,36.49
"freaking amazing love",9,200948,36.49
"free gift link",9,200957,36.49
"free make bad",9,200966,36.49
"free movie tickets",9,200975,36.5
"free sample closing",9,200984,36.5
"free shots night",9,200993,36.5
"free small premium",9,201002,36.5
"fresh farmers market",9,201011,36.5
"friday april pm",9,201020,36.5
"friday let know",9,201029,36.51
"friday make sure",9,201038,36.51
"friday time get",9,201047,36.51
"friend new twitter",9,201056,36.51
"friends looking forward",9,201065,36.51
"fun say hi",9,201074,36.51
"funny things work",9,201083,36.52
"game thrones tonight",9,201092,36.52
"game time go",9,201101,36.52
"game tonight come",9,201110,36.52
"game tonight pm",9,201119,36.52
"game winning shot",9,201128,36.52
"gave thomas edison",9,201137,36.53
"gem polished man",9,201146,36.53
"get annoyed people",9,201155,36.53
"get away people",9,201164,36.53
"get away things",9,201173,36.53
"get chance come",9,201182,36.53
"get chance watch",9,201191,36.53
"get excited get",9,201200,36.54
"get followed follow",9,201209,36.54
"get followers get",9,201218,36.54
"get get free",9,201227,36.54
"get get worried",9,201236,36.54
"get good news",9,201245,36.54
"get hungry time",9,201254,36.55
"get jump start",9,201263,36.55
"get just don",9,201272,36.55
"get just fine",9,201281,36.55
"get looking forward",9,201290,36.55
"get lucky get",9,201299,36.55
"get money go",9,201308,36.56
"get new glasses",9,201317,36.56
"get new laptop",9,201326,36.56
"get new shoes",9,201335,36.56
"get night started",9,201344,36.56
"get offended insult",9,201353,36.56
"get people don",9,201362,36.57
"get real job",9,201371,36.57
"get right people",9,201380,36.57
"get sleep last",9,201389,36.57
"get soon need",9,201398,36.57
"get tickets concert",9,201407,36.57
"get tickets today",9,201416,36.58
"get tickets www",9,201425,36.58
"get twitter jail",9,201434,36.58
"get twitter thing",9,201443,36.58
"get white girl",9,201452,36.58
"get writing done",9,201461,36.58
"getting excited tonight",9,201470,36.59
"girl girl girl",9,201479,36.59
"girl hope great",9,201488,36.59
"girl look like",9,201497,36.59
"give don care",9,201506,36.59
"give email address",9,201515,36.59
"give rest bad",9,201524,36.6
"give ride home",9,201533,36.6
"glad enjoyed article",9,201542,36.6
"glad got go",9,201551,36.6
"glad like em",9,201560,36.6
"go away get",9,201569,36.6
"go both ways",9,201578,36.61
"go check facebook",9,201587,36.61
"go go dancers",9,201596,36.61
"go go get",9,201605,36.61
"go head head",9,201614,36.61
"go saturday night",9,201623,36.61
"go sit corner",9,201632,36.62
"go talk later",9,201641,36.62
"go work just",9,201650,36.62
"go work morning",9,201659,36.62
"goal plan just",9,201668,36.62
"goes away soon",9,201677,36.62
"going able make",9,201686,36.62
"going bed pm",9,201695,36.63
"going busy week",9,201704,36.63
"going dinner tonight",9,201713,36.63
"going friday night",9,201722,36.63
"going friends house",9,201731,36.63
"going good just",9,201740,36.63
"going great season",9,201749,36.64
"going home going",9,201758,36.64
"going home today",9,201767,36.64
"going hurt just",9,201776,36.64
"going road trip",9,201785,36.64
"going spend time",9,201794,36.64
"going town weekend",9,201803,36.65
"going watch tonight",9,201812,36.65
"going wrong direction",9,201821,36.65
"gone long time",9,201830,36.65
"gonna busy day",9,201839,36.65
"gonna fall asleep",9,201848,36.65
"gonna good year",9,201857,36.66
"gonna great season",9,201866,36.66
"good find better",9,201875,36.66
"good good boys",9,201884,36.66
"good haven seen",9,201893,36.66
"good hear doing",9,201902,36.66
"good hear voice",9,201911,36.67
"good just get",9,201920,36.67
"good just good",9,201929,36.67
"good look good",9,201938,36.67
"good luck dude",9,201947,36.67
"good luck fine",9,201956,36.67
"good luck got",9,201965,36.68
"good luck lady",9,201974,36.68
"good luck looking",9,201983,36.68
"good luck playoffs",9,201992,36.68
"good luck presentation",9,202001,36.68
"good luck st",9,202010,36.68
"good luck studying",9,202019,36.69
"good mood day",9,202028,36.69
"good mood right",9,202037,36.69
"good morning afternoon",9,202046,36.69
"good morning best",9,202055,36.69
"good morning colorado",9,202064,36.69
"good morning gonna",9,202073,36.7
"good morning goodnight",9,202082,36.7
"good morning guess",9,202091,36.7
"good morning handsome",9,202100,36.7
"good morning having",9,202109,36.7
"good morning la",9,202118,36.7
"good morning live",9,202127,36.7
"good morning made",9,202136,36.71
"good morning need",9,202145,36.71
"good morning say",9,202154,36.71
"good morning wish",9,202163,36.71
"good places eat",9,202172,36.71
"good question guess",9,202181,36.71
"good saturday morning",9,202190,36.72
"good start week",9,202199,36.72
"good things say",9,202208,36.72
"good times great",9,202217,36.72
"good working hard",9,202226,36.72
"google street view",9,202235,36.72
"got done today",9,202244,36.73
"got good luck",9,202253,36.73
"got good ones",9,202262,36.73
"got great feedback",9,202271,36.73
"got great ideas",9,202280,36.73
"got home safe",9,202289,36.73
"got home time",9,202298,36.74
"got hot date",9,202307,36.74
"got hour ago",9,202316,36.74
"got lot good",9,202325,36.74
"got lot learn",9,202334,36.74
"got paid today",9,202343,36.74
"got taken away",9,202352,36.75
"got taken care",9,202361,36.75
"great article thank",9,202370,36.75
"great article today",9,202379,36.75
"great beer great",9,202388,36.75
"great day amazing",9,202397,36.75
"great day come",9,202406,36.76
"great day doing",9,202415,36.76
"great day football",9,202424,36.76
"great day going",9,202433,36.76
"great day got",9,202442,36.76
"great day learning",9,202451,36.76
"great day make",9,202460,36.77
"great day say",9,202469,36.77
"great day stay",9,202478,36.77
"great day studio",9,202487,36.77
"great day thank",9,202496,36.77
"great food good",9,202505,36.77
"great game far",9,202514,36.78
"great hump day",9,202523,36.78
"great idea just",9,202532,36.78
"great meeting love",9,202541,36.78
"great meeting team",9,202550,36.78
"great news just",9,202559,36.78
"great night good",9,202568,36.78
"great people just",9,202577,36.79
"great people like",9,202586,36.79
"great place go",9,202595,36.79
"great rehearsal tonight",9,202604,36.79
"great start morning",9,202613,36.79
"great week thanks",9,202622,36.79
"great wine tasting",9,202631,36.8
"great work doing",9,202640,36.8
"great work great",9,202649,36.8
"grow older discover",9,202658,36.8
"guest dj curtis",9,202667,36.8
"guide following love",9,202676,36.8
"guys having great",9,202685,36.81
"guys just want",9,202694,36.81
"guys just wanted",9,202703,36.81
"half full half",9,202712,36.81
"half hour early",9,202721,36.81
"happened mark twain",9,202730,36.81
"happiest person alive",9,202739,36.82
"happiest person world",9,202748,36.82
"happy birthday alex",9,202757,36.82
"happy birthday darling",9,202766,36.82
"happy birthday fabulous",9,202775,36.82
"happy birthday george",9,202784,36.82
"happy birthday guys",9,202793,36.83
"happy birthday handsome",9,202802,36.83
"happy birthday king",9,202811,36.83
"happy birthday miranda",9,202820,36.83
"happy birthday really",9,202829,36.83
"happy birthday th",9,202838,36.83
"happy birthday tomorrow",9,202847,36.84
"happy don know",9,202856,36.84
"happy halloween everybody",9,202865,36.84
"happy monday let",9,202874,36.84
"happy monday new",9,202883,36.84
"happy monday thanks",9,202892,36.84
"happy safe th",9,202901,36.85
"hard get work",9,202910,36.85
"hate people really",9,202919,36.85
"haven slept days",9,202928,36.85
"having fun just",9,202937,36.85
"having fun playing",9,202946,36.85
"having fun time",9,202955,36.86
"having great holiday",9,202964,36.86
"health fitness expo",9,202973,36.86
"hear great music",9,202982,36.86
"hear want hear",9,202991,36.86
"heard lot demand",9,203000,36.86
"heard really good",9,203009,36.87
"heart feel won",9,203018,36.87
"hello welcome twitter",9,203027,36.87
"hey best friend",9,203036,36.87
"hey girl miss",9,203045,36.87
"hey give listen",9,203054,36.87
"hey guys going",9,203063,36.87
"hey guys hope",9,203072,36.88
"hey haven seen",9,203081,36.88
"hey hey thanks",9,203090,36.88
"hey just found",9,203099,36.88
"hey just noticed",9,203108,36.88
"hey just want",9,203117,36.88
"hey love ur",9,203126,36.89
"hey met crazy",9,203135,36.89
"hey remember time",9,203144,36.89
"hey sweetie hope",9,203153,36.89
"hit man glasses",9,203162,36.89
"hold care losing",9,203171,36.89
"holding anger like",9,203180,36.9
"holy just got",9,203189,36.9
"home let know",9,203198,36.9
"hope connect soon",9,203207,36.9
"hope day awesome",9,203216,36.9
"hope day get",9,203225,36.9
"hope dig tunes",9,203234,36.91
"hope don forget",9,203243,36.91
"hope enjoy rest",9,203252,36.91
"hope good luck",9,203261,36.91
"hope guys doing",9,203270,36.91
"hope guys good",9,203279,36.91
"hope guys make",9,203288,36.92
"hope life treating",9,203297,36.92
"hope like music",9,203306,36.92
"hope make good",9,203315,36.92
"hope paths cross",9,203324,36.92
"hope rest day",9,203333,36.92
"hope wonderful mother",9,203342,36.93
"hopefully don get",9,203351,36.93
"hopefully last time",9,203360,36.93
"hopefully tomorrow better",9,203369,36.93
"hoping good day",9,203378,36.93
"hot summer day",9,203387,36.93
"hour till pm",9,203396,36.94
"housewives orange county",9,203405,36.94
"huge fan think",9,203414,36.94
"huge game tonight",9,203423,36.94
"huge part life",9,203432,36.94
"huh uh huh",9,203441,36.94
"idea don know",9,203450,36.95
"ill love forever",9,203459,36.95
"independent artists dream",9,203468,36.95
"inevitable suffering optional",9,203477,36.95
"infant care products",9,203486,36.95
"instead doing homework",9,203495,36.95
"intelligence match natural",9,203504,36.95
"interesting article thanks",9,203513,36.96
"irish soda bread",9,203522,36.96
"jazz beach radio",9,203531,36.96
"jealous get get",9,203540,36.96
"july th come",9,203549,36.96
"just ate best",9,203558,36.96
"just ate breakfast",9,203567,36.97
"just ate delicious",9,203576,36.97
"just ate dinner",9,203585,36.97
"just ate entire",9,203594,36.97
"just called say",9,203603,36.97
"just catch break",9,203612,36.97
"just feel better",9,203621,36.98
"just feels wrong",9,203630,36.98
"just getting bed",9,203639,36.98
"just getting hang",9,203648,36.98
"just getting used",9,203657,36.98
"just go like",9,203666,36.98
"just going ask",9,203675,36.99
"just going fast",9,203684,36.99
"just gonna take",9,203693,36.99
"just got awkward",9,203702,36.99
"just got crazy",9,203711,36.99
"just got cut",9,203720,36.99
"just got eating",9,203729,37
"just got fired",9,203738,37
"just got got",9,203747,37
"just got hired",9,203756,37
"just got la",9,203765,37
"just got long",9,203774,37
"just got married",9,203783,37.01
"just got meet",9,203792,37.01
"just got myself",9,203801,37.01
"just got nice",9,203810,37.01
"just got press",9,203819,37.01
"just got robbed",9,203828,37.01
"just got say",9,203837,37.02
"just got shout",9,203846,37.02
"just got started",9,203855,37.02
"just got stuck",9,203864,37.02
"just got watch",9,203873,37.02
"just got worse",9,203882,37.02
"just gotta go",9,203891,37.03
"just gotta know",9,203900,37.03
"just heard girl",9,203909,37.03
"just heard good",9,203918,37.03
"just kidding know",9,203927,37.03
"just knocked door",9,203936,37.03
"just know know",9,203945,37.04
"just know want",9,203954,37.04
"just learned today",9,203963,37.04
"just little thing",9,203972,37.04
"just living dream",9,203981,37.04
"just love music",9,203990,37.04
"just love new",9,203999,37.04
"just love song",9,204008,37.05
"just makes wanna",9,204017,37.05
"just met guy",9,204026,37.05
"just met new",9,204035,37.05
"just might make",9,204044,37.05
"just noticed following",9,204053,37.05
"just purchased tickets",9,204062,37.06
"just read interview",9,204071,37.06
"just read news",9,204080,37.06
"just really good",9,204089,37.06
"just said going",9,204098,37.06
"just said sorry",9,204107,37.06
"just said want",9,204116,37.07
"just saw amazing",9,204125,37.07
"just saw baby",9,204134,37.07
"just saw chick",9,204143,37.07
"just saw cop",9,204152,37.07
"just saw friend",9,204161,37.07
"just saw funniest",9,204170,37.08
"just saw just",9,204179,37.08
"just saw know",9,204188,37.08
"just saw people",9,204197,37.08
"just saw wearing",9,204206,37.08
"just saw white",9,204215,37.08
"just seemed like",9,204224,37.09
"just sent request",9,204233,37.09
"just started last",9,204242,37.09
"just stayed home",9,204251,37.09
"just takes time",9,204260,37.09
"just think good",9,204269,37.09
"just think things",9,204278,37.1
"just thinking today",9,204287,37.1
"just thought might",9,204296,37.1
"just time catch",9,204305,37.1
"just time weekend",9,204314,37.1
"just took hour",9,204323,37.1
"just took nap",9,204332,37.11
"just tried new",9,204341,37.11
"just went crazy",9,204350,37.11
"just went time",9,204359,37.11
"just wish knew",9,204368,37.11
"just woke feeling",9,204377,37.11
"just won go",9,204386,37.12
"just won let",9,204395,37.12
"just years ago",9,204404,37.12
"keep checking updates",9,204413,37.12
"keep mind thanks",9,204422,37.12
"kids go school",9,204431,37.12
"kids stars stripes",9,204440,37.12
"kind words great",9,204449,37.13
"kind words support",9,204458,37.13
"kind words thanks",9,204467,37.13
"kiss lovely trick",9,204476,37.13
"kiss summer hello",9,204485,37.13
"knew love feel",9,204494,37.13
"know anyone bad",9,204503,37.14
"know anyone know",9,204512,37.14
"know anyone might",9,204521,37.14
"know better know",9,204530,37.14
"know better young",9,204539,37.14
"know doing just",9,204548,37.14
"know don speak",9,204557,37.15
"know don tell",9,204566,37.15
"know don try",9,204575,37.15
"know far away",9,204584,37.15
"know feel way",9,204593,37.15
"know going road",9,204602,37.15
"know gonna make",9,204611,37.16
"know gonna say",9,204620,37.16
"know good music",9,204629,37.16
"know good way",9,204638,37.16
"know help anything",9,204647,37.16
"know know like",9,204656,37.16
"know last night",9,204665,37.17
"know like hand",9,204674,37.17
"know make feel",9,204683,37.17
"know people going",9,204692,37.17
"know people know",9,204701,37.17
"know pretty cool",9,204710,37.17
"know really need",9,204719,37.18
"know say right",9,204728,37.18
"know say say",9,204737,37.18
"know strong strong",9,204746,37.18
"know think just",9,204755,37.18
"know time get",9,204764,37.18
"know want meet",9,204773,37.19
"know want take",9,204782,37.19
"la la love",9,204791,37.19
"las vegas today",9,204800,37.19
"last minute details",9,204809,37.19
"last minute mother",9,204818,37.19
"last minute tickets",9,204827,37.2
"last paper semester",9,204836,37.2
"late make late",9,204845,37.2
"learning use twitter",9,204854,37.2
"leave alone like",9,204863,37.2
"leave good find",9,204872,37.2
"let go come",9,204881,37.21
"let go gotta",9,204890,37.21
"let go like",9,204899,37.21
"let go shopping",9,204908,37.21
"let go sleep",9,204917,37.21
"let go tell",9,204926,37.21
"let go thunder",9,204935,37.21
"let go want",9,204944,37.22
"let go wildcats",9,204953,37.22
"let know appreciate",9,204962,37.22
"let know assist",9,204971,37.22
"let know day",9,204980,37.22
"let know give",9,204989,37.22
"let know info",9,204998,37.23
"let know live",9,205007,37.23
"let know maybe",9,205016,37.23
"let know needs",9,205025,37.23
"let know playing",9,205034,37.23
"let know put",9,205043,37.23
"let know real",9,205052,37.24
"let know run",9,205061,37.24
"let know schedule",9,205070,37.24
"let know tell",9,205079,37.24
"let know thank",9,205088,37.24
"let make today",9,205097,37.24
"let past make",9,205106,37.25
"lets get tonight",9,205115,37.25
"lets keep going",9,205124,37.25
"life dreams awake",9,205133,37.25
"life end day",9,205142,37.25
"life family friends",9,205151,37.25
"life feared understood",9,205160,37.26
"life feel like",9,205169,37.26
"life good people",9,205178,37.26
"life happens react",9,205187,37.26
"life roller coaster",9,205196,37.26
"life tie goal",9,205205,37.26
"life trying get",9,205214,37.27
"life years abraham",9,205223,37.27
"like better chance",9,205232,37.27
"like big brother",9,205241,37.27
"like big lie",9,205250,37.27
"like day just",9,205259,37.27
"like degrees outside",9,205268,37.28
"like falling love",9,205277,37.28
"like famous favorite",9,205286,37.28
"like fun night",9,205295,37.28
"like get life",9,205304,37.28
"like get right",9,205313,37.28
"like getting paid",9,205322,37.29
"like going fun",9,205331,37.29
"like going home",9,205340,37.29
"like going throw",9,205349,37.29
"like gonna go",9,205358,37.29
"like gonna happen",9,205367,37.29
"like good times",9,205376,37.29
"like know talking",9,205385,37.3
"like little boy",9,205394,37.3
"like make think",9,205403,37.3
"like man funny",9,205412,37.3
"like man good",9,205421,37.3
"like man movie",9,205430,37.3
"like need new",9,205439,37.31
"like need start",9,205448,37.31
"like new england",9,205457,37.31
"like new favorite",9,205466,37.31
"like new icon",9,205475,37.31
"like normal people",9,205484,37.31
"like personal problem",9,205493,37.32
"like real talk",9,205502,37.32
"like really cool",9,205511,37.32
"like right alley",9,205520,37.32
"like seems like",9,205529,37.32
"like sounds like",9,205538,37.32
"like sunday morning",9,205547,37.33
"like thank followers",9,205556,37.33
"like throwing away",9,205565,37.33
"like train wreck",9,205574,37.33
"like wind feel",9,205583,37.33
"like woman think",9,205592,37.33
"like yrs ago",9,205601,37.34
"like yrs old",9,205610,37.34
"link profile need",9,205619,37.34
"listening good music",9,205628,37.34
"listening music just",9,205637,37.34
"listening old songs",9,205646,37.34
"live life believing",9,205655,37.35
"live life don",9,205664,37.35
"live life make",9,205673,37.35
"long hot summer",9,205682,37.35
"long lost friends",9,205691,37.35
"long work week",9,205700,37.35
"look like angel",9,205709,37.36
"look like fun",9,205718,37.36
"look like know",9,205727,37.36
"look like money",9,205736,37.36
"look like monkey",9,205745,37.36
"look like ur",9,205754,37.36
"look man silver",9,205763,37.37
"look real good",9,205772,37.37
"look things things",9,205781,37.37
"looked like having",9,205790,37.37
"looking forward april",9,205799,37.37
"looking forward blog",9,205808,37.37
"looking forward bringing",9,205817,37.37
"looking forward conversations",9,205826,37.38
"looking forward driving",9,205835,37.38
"looking forward finding",9,205844,37.38
"looking forward finishing",9,205853,37.38
"looking forward giving",9,205862,37.38
"looking forward hear",9,205871,37.38
"looking forward just",9,205880,37.39
"looking forward listening",9,205889,37.39
"looking forward part",9,205898,37.39
"looking forward receiving",9,205907,37.39
"looking forward returning",9,205916,37.39
"looking forward rocking",9,205925,37.39
"looking forward running",9,205934,37.4
"looking forward showing",9,205943,37.4
"looking forward staying",9,205952,37.4
"looking forward workshop",9,205961,37.4
"looking love wrong",9,205970,37.4
"looking new place",9,205979,37.4
"looks like bad",9,205988,37.41
"looks like better",9,205997,37.41
"looks like both",9,206006,37.41
"looks like coming",9,206015,37.41
"looks like game",9,206024,37.41
"looks like heading",9,206033,37.41
"looks like hot",9,206042,37.42
"looks like moving",9,206051,37.42
"looks like weather",9,206060,37.42
"lose lbs day",9,206069,37.42
"love dear friend",9,206078,37.42
"love don hope",9,206087,37.42
"love don let",9,206096,37.43
"love don like",9,206105,37.43
"love don make",9,206114,37.43
"love don need",9,206123,37.43
"love future schools",9,206132,37.43
"love get input",9,206141,37.43
"love get love",9,206150,37.44
"love good music",9,206159,37.44
"love great time",9,206168,37.44
"love great work",9,206177,37.44
"love guest performer",9,206186,37.44
"love guys amazing",9,206195,37.44
"love guys love",9,206204,37.45
"love guys turn",9,206213,37.45
"love hear favorite",9,206222,37.45
"love hear new",9,206231,37.45
"love helping people",9,206240,37.45
"love huge fan",9,206249,37.45
"love just amazing",9,206258,37.46
"love just need",9,206267,37.46
"love just word",9,206276,37.46
"love life rehab",9,206285,37.46
"love made day",9,206294,37.46
"love people treat",9,206303,37.46
"love person made",9,206312,37.46
"love power world",9,206321,37.47
"love song ill",9,206330,37.47
"love song makes",9,206339,37.47
"love thanks love",9,206348,37.47
"love twitter handle",9,206357,37.47
"love ur song",9,206366,37.47
"love way want",9,206375,37.48
"lovely trick designed",9,206384,37.48
"loving weather today",9,206393,37.48
"luck wishes today",9,206402,37.48
"mac cheese pizza",9,206411,37.48
"made big deal",9,206420,37.48
"madison square park",9,206429,37.49
"make better bitter",9,206438,37.49
"make better choices",9,206447,37.49
"make day count",9,206456,37.49
"make feel uncomfortable",9,206465,37.49
"make girl laugh",9,206474,37.49
"make girl smile",9,206483,37.5
"make happen thanks",9,206492,37.5
"make heart beat",9,206501,37.5
"make heart feel",9,206510,37.5
"make lot noise",9,206519,37.5
"make new ones",9,206528,37.5
"make new video",9,206537,37.51
"make own money",9,206546,37.51
"make smile love",9,206555,37.51
"make speakers go",9,206564,37.51
"make super bowl",9,206573,37.51
"make sure friends",9,206582,37.51
"make sure happy",9,206591,37.52
"make sure head",9,206600,37.52
"make sure ok",9,206609,37.52
"make sure order",9,206618,37.52
"make sure read",9,206627,37.52
"make sure ready",9,206636,37.52
"make sure set",9,206645,37.53
"make sure share",9,206654,37.53
"make sure talk",9,206663,37.53
"makes happy happy",9,206672,37.53
"makes happy people",9,206681,37.53
"makes things easier",9,206690,37.53
"making good progress",9,206699,37.54
"making people laugh",9,206708,37.54
"man did get",9,206717,37.54
"man discover new",9,206726,37.54
"man fish feed",9,206735,37.54
"man just want",9,206744,37.54
"man love job",9,206753,37.54
"man own heart",9,206762,37.55
"man success try",9,206771,37.55
"man vs wild",9,206780,37.55
"man year old",9,206789,37.55
"marine corps marathon",9,206798,37.55
"mary mary mary",9,206807,37.55
"maybe don want",9,206816,37.56
"maybe just give",9,206825,37.56
"maybe just little",9,206834,37.56
"means lot thank",9,206843,37.56
"means think means",9,206852,37.56
"meeting today great",9,206861,37.56
"meeting today hope",9,206870,37.57
"megan fox pregnant",9,206879,37.57
"menu choices take",9,206888,37.57
"message just sent",9,206897,37.57
"met great folks",9,206906,37.57
"met last year",9,206915,37.57
"met new friends",9,206924,37.58
"midnight showing avengers",9,206933,37.58
"might go bed",9,206942,37.58
"might just give",9,206951,37.58
"might just take",9,206960,37.58
"mile music festival",9,206969,37.58
"mind open malcolm",9,206978,37.59
"mind vessel filled",9,206987,37.59
"miss need get",9,206996,37.59
"miss ur face",9,207005,37.59
"miss wait come",9,207014,37.59
"mom gets home",9,207023,37.59
"mom just bought",9,207032,37.6
"mom just made",9,207041,37.6
"mom world love",9,207050,37.6
"monday great day",9,207059,37.6
"months just stain",9,207068,37.6
"morning doing today",9,207077,37.6
"morning happy mother",9,207086,37.61
"morning happy saturday",9,207095,37.61
"morning hope amazing",9,207104,37.61
"morning let get",9,207113,37.61
"morning need get",9,207122,37.61
"morning world time",9,207131,37.61
"motivation get gym",9,207140,37.62
"movie really good",9,207149,37.62
"msg rates apply",9,207158,37.62
"music way want",9,207167,37.62
"must feel like",9,207176,37.62
"must taken artists",9,207185,37.62
"myself sleep night",9,207194,37.63
"myself sleep tonight",9,207203,37.63
"national taco day",9,207212,37.63
"nba playoff game",9,207221,37.63
"nbc san diego",9,207230,37.63
"need address send",9,207239,37.63
"need come get",9,207248,37.63
"need contact info",9,207257,37.64
"need followers hit",9,207266,37.64
"need followers tell",9,207275,37.64
"need follows follow",9,207284,37.64
"need free promotion",9,207293,37.64
"need go gym",9,207302,37.64
"need make film",9,207311,37.65
"need make move",9,207320,37.65
"need start going",9,207329,37.65
"need start packing",9,207338,37.65
"need stop making",9,207347,37.65
"need stop saying",9,207356,37.65
"need stop trying",9,207365,37.66
"need stop tweeting",9,207374,37.66
"need take shower",9,207383,37.66
"needs know love",9,207392,37.66
"neglect angels protect",9,207401,37.66
"new ad campaign",9,207410,37.66
"new email address",9,207419,37.67
"new fan page",9,207428,37.67
"new favorite movie",9,207437,37.67
"new found respect",9,207446,37.67
"new high school",9,207455,37.67
"new ipod touch",9,207464,37.67
"new jack city",9,207473,37.68
"new job week",9,207482,37.68
"new music guys",9,207491,37.68
"new phone case",9,207500,37.68
"new server network",9,207509,37.68
"new start anyone",9,207518,37.68
"new study finds",9,207527,37.69
"new twitter thanks",9,207536,37.69
"new video www",9,207545,37.69
"new website soon",9,207554,37.69
"new year brings",9,207563,37.69
"new year wait",9,207572,37.69
"new year wish",9,207581,37.7
"news new company",9,207590,37.7
"nfl draft party",9,207599,37.7
"nice blog post",9,207608,37.7
"nice cold beer",9,207617,37.7
"nice job today",9,207626,37.7
"nice say don",9,207635,37.71
"night good time",9,207644,37.71
"night just woke",9,207653,37.71
"north carolina marry",9,207662,37.71
"number double add",9,207671,37.71
"ny daily news",9,207680,37.71
"oh beautiful morning",9,207689,37.71
"oh don go",9,207698,37.72
"oh don tell",9,207707,37.72
"oh good night",9,207716,37.72
"oh gosh hate",9,207725,37.72
"oh just found",9,207734,37.72
"oh just love",9,207743,37.72
"oh man awesome",9,207752,37.73
"oh man good",9,207761,37.73
"oh man hope",9,207770,37.73
"oh man really",9,207779,37.73
"oh man sounds",9,207788,37.73
"oh ok get",9,207797,37.73
"oh ok got",9,207806,37.74
"oh sounds fun",9,207815,37.74
"oh wait does",9,207824,37.74
"oh wait yes",9,207833,37.74
"oh yea forgot",9,207842,37.74
"oh yes just",9,207851,37.74
"oh yes ready",9,207860,37.75
"oil sea salt",9,207869,37.75
"okay let get",9,207878,37.75
"okay time get",9,207887,37.75
"old school new",9,207896,37.75
"old world rd",9,207905,37.75
"older discover hands",9,207914,37.76
"ones keep myself",9,207923,37.76
"ones keep scott",9,207932,37.76
"oops meant say",9,207941,37.76
"open close day",9,207950,37.76
"opening day tomorrow",9,207959,37.76
"opportunity sees opportunity",9,207968,37.77
"orders www com",9,207977,37.77
"original worth copy",9,207986,37.77
"party las vegas",9,207995,37.77
"patience ralph emerson",9,208004,37.77
"patrick day come",9,208013,37.77
"pay good money",9,208022,37.78
"people follow like",9,208031,37.78
"people forget made",9,208040,37.78
"people left right",9,208049,37.78
"people like get",9,208058,37.78
"people like love",9,208067,37.78
"people make things",9,208076,37.79
"people think better",9,208085,37.79
"people think funny",9,208094,37.79
"people treat right",9,208103,37.79
"people use facebook",9,208112,37.79
"people use things",9,208121,37.79
"people want people",9,208130,37.8
"person inspiration love",9,208139,37.8
"person make difference",9,208148,37.8
"person makes happy",9,208157,37.8
"personal training session",9,208166,37.8
"perspective share listen",9,208175,37.8
"phone lines open",9,208184,37.8
"picked cap gown",9,208193,37.81
"picks games video",9,208202,37.81
"plant harvest later",9,208211,37.81
"pm come hang",9,208220,37.81
"pm come meet",9,208229,37.81
"pm pm free",9,208238,37.81
"pm pm get",9,208247,37.82
"pm sat pm",9,208256,37.82
"pm saturday pm",9,208265,37.82
"pm start time",9,208274,37.82
"pm today get",9,208283,37.82
"poised creation gone",9,208292,37.82
"poised creation great",9,208301,37.83
"poor little guy",9,208310,37.83
"port au prince",9,208319,37.83
"possible lost items",9,208328,37.83
"praying speedy recovery",9,208337,37.83
"press conference pm",9,208346,37.83
"pretty cool actually",9,208355,37.84
"pretty cool guy",9,208364,37.84
"pretty cool place",9,208373,37.84
"pretty darn cool",9,208382,37.84
"prime time tv",9,208391,37.84
"printing graphic design",9,208400,37.84
"probably last time",9,208409,37.85
"probably start homework",9,208418,37.85
"problem remain artist",9,208427,37.85
"profile works great",9,208436,37.85
"proud great job",9,208445,37.85
"public private health",9,208454,37.85
"puff magic dragon",9,208463,37.86
"quality homes san",9,208472,37.86
"questions just ask",9,208481,37.86
"radio city music",9,208490,37.86
"rain stays away",9,208499,37.86
"rainy day la",9,208508,37.86
"read read read",9,208517,37.87
"reading old tweets",9,208526,37.87
"ready prime time",9,208535,37.87
"real estate broker",9,208544,37.87
"real life like",9,208553,37.87
"real loud real",9,208562,37.87
"real time data",9,208571,37.88
"really bad idea",9,208580,37.88
"really believe belief",9,208589,37.88
"really best way",9,208598,37.88
"really enjoyed meeting",9,208607,37.88
"really just get",9,208616,37.88
"really just like",9,208625,37.88
"really love support",9,208634,37.89
"really think need",9,208643,37.89
"really wanna love",9,208652,37.89
"red carpet tonight",9,208661,37.89
"red flag warning",9,208670,37.89
"red wings game",9,208679,37.89
"regret anything made",9,208688,37.9
"relationship advice single",9,208697,37.9
"remember days remember",9,208706,37.9
"reserve wine bar",9,208715,37.9
"right happy hour",9,208724,37.9
"right just don",9,208733,37.9
"right look like",9,208742,37.91
"road quote day",9,208751,37.91
"road trip just",9,208760,37.91
"rob fantasy factory",9,208769,37.91
"rock hard place",9,208778,37.91
"rock roll hotel",9,208787,37.91
"rock roll marathon",9,208796,37.92
"roll tide roll",9,208805,37.92
"romney high school",9,208814,37.92
"rough giving love",9,208823,37.92
"sad say goodbye",9,208832,37.92
"safe holiday season",9,208841,37.92
"said people forget",9,208850,37.93
"sample closing time",9,208859,37.93
"san francisco photographer",9,208868,37.93
"sat april th",9,208877,37.93
"satisfy sweet tooth",9,208886,37.93
"saturday night gonna",9,208895,37.93
"saw sign said",9,208904,37.94
"say don get",9,208913,37.94
"say follow follow",9,208922,37.94
"say good thing",9,208931,37.94
"say last night",9,208940,37.94
"say like bad",9,208949,37.94
"say little prayer",9,208958,37.95
"saying things like",9,208967,37.95
"says good morning",9,208976,37.95
"school today just",9,208985,37.95
"school tomorrow go",9,208994,37.95
"school tomorrow ugh",9,209003,37.95
"scoop ice cream",9,209012,37.96
"sees difficulty opportunity",9,209021,37.96
"send ur email",9,209030,37.96
"server ready co",9,209039,37.96
"set alarm wake",9,209048,37.96
"set bar high",9,209057,37.96
"seven years ago",9,209066,37.96
"showing hunger games",9,209075,37.97
"single awareness day",9,209084,37.97
"site profile free",9,209093,37.97
"site profile help",9,209102,37.97
"sixth suggestion pick",9,209111,37.97
"smile grows kiss",9,209120,37.97
"smiles crisis found",9,209129,37.98
"smooth jazz beach",9,209138,37.98
"sneak peak new",9,209147,37.98
"social media best",9,209156,37.98
"social media breakfast",9,209165,37.98
"social media company",9,209174,37.98
"social media good",9,209183,37.99
"social media important",9,209192,37.99
"social media know",9,209201,37.99
"social media networks",9,209210,37.99
"social media posts",9,209219,37.99
"social media right",9,209228,37.99
"social media thanks",9,209237,38
"sold last night",9,209246,38
"song makes feel",9,209255,38
"soon bulls thunder",9,209264,38
"soon look forward",9,209273,38
"sorry hear experience",9,209282,38
"sorry hear get",9,209291,38.01
"sorry just don",9,209300,38.01
"sound like year",9,209309,38.01
"sounds great just",9,209318,38.01
"sounds like deal",9,209327,38.01
"sounds like getting",9,209336,38.01
"sounds like long",9,209345,38.02
"sounds like things",9,209354,38.02
"sounds like want",9,209363,38.02
"specials soups today",9,209372,38.02
"spelled backwards desserts",9,209381,38.02
"spend rest day",9,209390,38.02
"spend time looking",9,209399,38.03
"spent minutes doing",9,209408,38.03
"spy little eye",9,209417,38.03
"st build day",9,209426,38.03
"st time saw",9,209435,38.03
"st time today",9,209444,38.03
"star wars episode",9,209453,38.04
"star wars theme",9,209462,38.04
"start new day",9,209471,38.04
"start saving money",9,209480,38.04
"starts pm est",9,209489,38.04
"starts pm free",9,209498,38.04
"stay home school",9,209507,38.05
"steve jobs thanks",9,209516,38.05
"stop talking like",9,209525,38.05
"stop talking start",9,209534,38.05
"story like give",9,209543,38.05
"street journal blog",9,209552,38.05
"stripes story history",9,209561,38.05
"strong amount work",9,209570,38.06
"stuck head good",9,209579,38.06
"stuck head morning",9,209588,38.06
"studio working new",9,209597,38.06
"stuff get done",9,209606,38.06
"success comes reputation",9,209615,38.06
"suggestion pick evening",9,209624,38.07
"suit bubble party",9,209633,38.07
"summer come soon",9,209642,38.07
"summer right corner",9,209651,38.07
"sun come tomorrow",9,209660,38.07
"sun goes stars",9,209669,38.07
"sunday great day",9,209678,38.08
"sunshine lives keep",9,209687,38.08
"super excited try",9,209696,38.08
"support thank taking",9,209705,38.08
"sure follow great",9,209714,38.08
"sure get early",9,209723,38.08
"sure get tickets",9,209732,38.09
"sweet dreams hope",9,209741,38.09
"take advantage great",9,209750,38.09
"take albert einstein",9,209759,38.09
"take hour nap",9,209768,38.09
"take look get",9,209777,38.09
"take look thanks",9,209786,38.1
"take nap get",9,209795,38.1
"taken artists truly",9,209804,38.1
"takes lot courage",9,209813,38.1
"taking sweet time",9,209822,38.1
"talk don talk",9,209831,38.1
"team working hard",9,209840,38.11
"tell friends come",9,209849,38.11
"tell people things",9,209858,38.11
"texas hill country",9,209867,38.11
"text don text",9,209876,38.11
"th grade milwaukee",9,209885,38.11
"th grade year",9,209894,38.12
"th make sure",9,209903,38.12
"th st pm",9,209912,38.12
"thank great evening",9,209921,38.12
"thank great week",9,209930,38.12
"thank hope day",9,209939,38.12
"thank means world",9,209948,38.13
"thank tell friends",9,209957,38.13
"thanks awesome support",9,209966,38.13
"thanks day wishes",9,209975,38.13
"thanks don think",9,209984,38.13
"thanks follow amazing",9,209993,38.13
"thanks follow chris",9,210002,38.13
"thanks follow dude",9,210011,38.14
"thanks follow honored",9,210020,38.14
"thanks follow loved",9,210029,38.14
"thanks follow mark",9,210038,38.14
"thanks follow talk",9,210047,38.14
"thanks follow think",9,210056,38.14
"thanks follow time",9,210065,38.15
"thanks follow wishing",9,210074,38.15
"thanks following man",9,210083,38.15
"thanks following tell",9,210092,38.15
"thanks glad found",9,210101,38.15
"thanks good wishes",9,210110,38.15
"thanks good words",9,210119,38.16
"thanks good work",9,210128,38.16
"thanks happy day",9,210137,38.16
"thanks having blast",9,210146,38.16
"thanks hope enjoying",9,210155,38.16
"thanks letting part",9,210164,38.16
"thanks live tweeting",9,210173,38.17
"thanks meeting today",9,210182,38.17
"thanks pretty excited",9,210191,38.17
"thanks really like",9,210200,38.17
"thanks really nice",9,210209,38.17
"thanks using wonderful",9,210218,38.17
"thanks vote confidence",9,210227,38.18
"thing abraham lincoln",9,210236,38.18
"thing happens really",9,210245,38.18
"thing stop questioning",9,210254,38.18
"things classy fabulous",9,210263,38.18
"things don work",9,210272,38.18
"things fall place",9,210281,38.19
"things feel like",9,210290,38.19
"things get hard",9,210299,38.19
"things happen watch",9,210308,38.19
"things life just",9,210317,38.19
"things take time",9,210326,38.19
"things things look",9,210335,38.2
"think able get",9,210344,38.2
"think going like",9,210353,38.2
"think got hit",9,210362,38.2
"think looks good",9,210371,38.2
"think might make",9,210380,38.2
"think might take",9,210389,38.21
"think need come",9,210398,38.21
"thinking good thoughts",9,210407,38.21
"thinking master plan",9,210416,38.21
"thinks good idea",9,210425,38.21
"time just don",9,210434,38.21
"time just want",9,210443,38.22
"time last time",9,210452,38.22
"time season finale",9,210461,38.22
"time start weekend",9,210470,38.22
"time wish meeting",9,210479,38.22
"tip day don",9,210488,38.22
"tired go bed",9,210497,38.22
"tired going sleep",9,210506,38.23
"today anyone know",9,210515,38.23
"today busy day",9,210524,38.23
"today come try",9,210533,38.23
"today day follow",9,210542,38.23
"today day just",9,210551,38.23
"today day spring",9,210560,38.24
"today don want",9,210569,38.24
"today don worry",9,210578,38.24
"today feeling like",9,210587,38.24
"today found friends",9,210596,38.24
"today going day",9,210605,38.24
"today good morning",9,210614,38.25
"today hopefully get",9,210623,38.25
"today influence authority",9,210632,38.25
"today just feel",9,210641,38.25
"today just need",9,210650,38.25
"today makes feel",9,210659,38.25
"today plan tomorrow",9,210668,38.26
"today pm facebook",9,210677,38.26
"today pm tomorrow",9,210686,38.26
"today soups cream",9,210695,38.26
"today starting pm",9,210704,38.26
"today thanks support",9,210713,38.26
"today tomorrow day",9,210722,38.27
"today tomorrow pm",9,210731,38.27
"today trying get",9,210740,38.27
"today word day",9,210749,38.27
"told follow dreams",9,210758,38.27
"tomorrow let go",9,210767,38.27
"tonight become favorite",9,210776,38.28
"tonight big bang",9,210785,38.28
"tonight come play",9,210794,38.28
"tonight dj justin",9,210803,38.28
"tonight get tickets",9,210812,38.28
"tonight going good",9,210821,38.28
"tonight great food",9,210830,38.29
"tonight music starts",9,210839,38.29
"tonight wish luck",9,210848,38.29
"took like minutes",9,210857,38.29
"tough love new",9,210866,38.29
"tournament places get",9,210875,38.29
"translate vision reality",9,210884,38.3
"trap buy book",9,210893,38.3
"trapped corner shower",9,210902,38.3
"trick designed nature",9,210911,38.3
"true make come",9,210920,38.3
"trust like gets",9,210929,38.3
"try stay away",9,210938,38.3
"trying figure want",9,210947,38.31
"trying make big",9,210956,38.31
"tweet days ago",9,210965,38.31
"tweet questions answer",9,210974,38.31
"tweet times day",9,210983,38.31
"tweets follow love",9,210992,38.31
"twitter facebook friends",9,211001,38.32
"twitter follow new",9,211010,38.32
"twitter keeps people",9,211019,38.32
"twitter twitter twitter",9,211028,38.32
"type music favorite",9,211037,38.32
"um don think",9,211046,38.32
"ur doing good",9,211055,38.33
"ur new album",9,211064,38.33
"using chance win",9,211073,38.33
"valentine day dinner",9,211082,38.33
"valentines day card",9,211091,38.33
"vice president joe",9,211100,38.33
"victim accept definition",9,211109,38.34
"video blog soon",9,211118,38.34
"vintage restaurant chicago",9,211127,38.34
"virtual strategy magazine",9,211136,38.34
"visit website details",9,211145,38.34
"voter id bill",9,211154,38.34
"vs new york",9,211163,38.35
"waist shoulder high",9,211172,38.35
"wait go shopping",9,211181,38.35
"waiting forever literally",9,211190,38.35
"wake go sleep",9,211199,38.35
"walk memory lane",9,211208,38.35
"walks rest world",9,211217,38.36
"wanna break heart",9,211226,38.36
"wanna hunger games",9,211235,38.36
"wanna look like",9,211244,38.36
"wanna love forever",9,211253,38.36
"wanna stay bed",9,211262,38.36
"want big mouth",9,211271,38.37
"want bring music",9,211280,38.37
"want celebrate birthday",9,211289,38.37
"want hear favorite",9,211298,38.37
"want hot chocolate",9,211307,38.37
"want hunger games",9,211316,38.37
"want just want",9,211325,38.38
"want lose weight",9,211334,38.38
"want run away",9,211343,38.38
"want spend money",9,211352,38.38
"want take home",9,211361,38.38
"want take time",9,211370,38.38
"want talk people",9,211379,38.39
"want talk want",9,211388,38.39
"warm sunny weather",9,211397,38.39
"washington redskins st",9,211406,38.39
"watched hunger games",9,211415,38.39
"watched season finale",9,211424,38.39
"watching makes want",9,211433,38.39
"watching say yes",9,211442,38.4
"watching scary movies",9,211451,38.4
"watching think like",9,211460,38.4
"way get attention",9,211469,38.4
"way get things",9,211478,38.4
"way new orleans",9,211487,38.4
"way robert frost",9,211496,38.41
"wednesday pm com",9,211505,38.41
"week better go",9,211514,38.41
"week goes fast",9,211523,38.41
"week goes monday",9,211532,38.41
"week happy hour",9,211541,38.41
"week started right",9,211550,38.42
"weeks ago just",9,211559,38.42
"weight loss program",9,211568,38.42
"welcome happy friday",9,211577,38.42
"west senior center",9,211586,38.42
"whitney houston gone",9,211595,38.42
"win game tonight",9,211604,38.43
"win take series",9,211613,38.43
"winning lottery ticket",9,211622,38.43
"wins super bowl",9,211631,38.43
"wish best new",9,211640,38.43
"wish happy safe",9,211649,38.43
"wish moment life",9,211658,38.44
"wish stay longer",9,211667,38.44
"wish things different",9,211676,38.44
"wish twitter like",9,211685,38.44
"woman like tea",9,211694,38.44
"women health week",9,211703,38.44
"women look like",9,211712,38.45
"women want respect",9,211721,38.45
"won know hit",9,211730,38.45
"won let sleep",9,211739,38.45
"won let watch",9,211748,38.45
"won lottery money",9,211757,38.45
"work done just",9,211766,38.46
"work hard money",9,211775,38.46
"work long day",9,211784,38.46
"work take care",9,211793,38.46
"work today work",9,211802,38.46
"work work day",9,211811,38.46
"worked last night",9,211820,38.47
"working hard keep",9,211829,38.47
"works performed strength",9,211838,38.47
"world book day",9,211847,38.47
"world series year",9,211856,38.47
"worth billion dollars",9,211865,38.47
"wow don think",9,211874,38.47
"wow look like",9,211883,38.48
"wow sounds great",9,211892,38.48
"wraps friday plus",9,211901,38.48
"www com channel",9,211910,38.48
"www com contact",9,211919,38.48
"www com cool",9,211928,38.48
"www com enter",9,211937,38.49
"www com give",9,211946,38.49
"www com latest",9,211955,38.49
"www com learn",9,211964,38.49
"www com music",9,211973,38.49
"www com send",9,211982,38.49
"www com social",9,211991,38.5
"www com take",9,212000,38.5
"yeah just don",9,212009,38.5
"year best wishes",9,212018,38.5
"year best year",9,212027,38.5
"year half ago",9,212036,38.5
"years abraham lincoln",9,212045,38.51
"years old just",9,212054,38.51
"yes did thank",9,212063,38.51
"yes just need",9,212072,38.51
"yes makes sense",9,212081,38.51
"yesterday good day",9,212090,38.51
"york giants washington",9,212099,38.52
"yup yup yup",9,212108,38.52
"ask ask ask",9,212117,38.52
"best ways support",9,212126,38.52
"cat cat cat",9,212135,38.52
"congratulations great news",9,212144,38.52
"cry like baby",9,212153,38.53
"day just go",9,212162,38.53
"democracy looks like",9,212171,38.53
"did like did",9,212180,38.53
"don forget special",9,212189,38.53
"don know come",9,212198,38.53
"enjoy day friends",9,212207,38.54
"feel like mom",9,212216,38.54
"feel like wanna",9,212225,38.54
"feel like years",9,212234,38.54
"focus group manhattan",9,212243,38.54
"game starts pm",9,212252,38.54
"gang taylor gang",9,212261,38.55
"go facebook com",9,212270,38.55
"good finally meet",9,212279,38.55
"good luck school",9,212288,38.55
"happy holidays new",9,212297,38.55
"hate people judge",9,212306,38.55
"hope doing okay",9,212315,38.55
"hope try time",9,212324,38.56
"independent music attend",9,212333,38.56
"interesting like google",9,212342,38.56
"james beard award",9,212351,38.56
"job need job",9,212360,38.56
"just got hours",9,212369,38.56
"just hope miss",9,212378,38.57
"like need make",9,212387,38.57
"love joy peace",9,212396,38.57
"main reason santa",9,212405,38.57
"man just like",9,212414,38.57
"monster truck lazy",9,212423,38.57
"music attend local",9,212432,38.58
"need followers make",9,212441,38.58
"open come get",9,212450,38.58
"people make sure",9,212459,38.58
"reason santa knows",9,212468,38.58
"run don walk",9,212477,38.58
"social media time",9,212486,38.59
"st louis weekend",9,212495,38.59
"start living life",9,212504,38.59
"thank merry christmas",9,212513,38.59
"thanks following make",9,212522,38.59
"thanks people came",9,212531,38.59
"thanksgiving day parade",9,212540,38.6
"think might time",9,212549,38.6
"today going get",9,212558,38.6
"truck lazy arena",9,212567,38.6
"want just ask",9,212576,38.6
"weekend weekend weekend",9,212585,38.6
"welcome happy help",9,212594,38.61
"work happy hour",9,212603,38.61
"work look forward",9,212612,38.61
"world peace just",9,212621,38.61
"absolutely love new",8,212629,38.61
"absolutely love song",8,212637,38.61
"academy award winner",8,212645,38.61
"access birth control",8,212653,38.62
"accomplish care gets",8,212661,38.62
"act action define",8,212669,38.62
"action speaks louder",8,212677,38.62
"actually feel bad",8,212685,38.62
"actually made laugh",8,212693,38.62
"actually makes sense",8,212701,38.63
"add half take",8,212709,38.63
"addressed studies require",8,212717,38.63
"adjust action steps",8,212725,38.63
"adjust goals adjust",8,212733,38.63
"adventure take live",8,212741,38.63
"agency booking needs",8,212749,38.63
"ah good old",8,212757,38.64
"airplane mode threw",8,212765,38.64
"alike tap part",8,212773,38.64
"alive try missing",8,212781,38.64
"allow made victim",8,212789,38.64
"allowed poised creation",8,212797,38.64
"amazing best friend",8,212805,38.64
"amazing go look",8,212813,38.65
"amazing good job",8,212821,38.65
"amazing group people",8,212829,38.65
"amazing wish meet",8,212837,38.65
"anderson mobile eli",8,212845,38.65
"android market love",8,212853,38.65
"android tune radio",8,212861,38.65
"angeles public library",8,212869,38.66
"announcements find interesting",8,212877,38.66
"anybody got good",8,212885,38.66
"anymore don know",8,212893,38.66
"anyone extra ticket",8,212901,38.66
"anywhere threat justice",8,212909,38.66
"ap exam tomorrow",8,212917,38.66
"app iphone ipad",8,212925,38.67
"appreciate support stay",8,212933,38.67
"appreciation week thanks",8,212941,38.67
"april fools jokes",8,212949,38.67
"april nd pm",8,212957,38.67
"area exciting loving",8,212965,38.67
"art develops cultures",8,212973,38.67
"article metro section",8,212981,38.68
"artist lineup growing",8,212989,38.68
"artists alike tap",8,212997,38.68
"artists poised creation",8,213005,38.68
"ask people follow",8,213013,38.68
"ask questions just",8,213021,38.68
"atlantic city weekend",8,213029,38.68
"attempt knew fail",8,213037,38.69
"austin alex robert",8,213045,38.69
"author clouds sun",8,213053,38.69
"autism awareness month",8,213061,38.69
"aw thanks hope",8,213069,38.69
"aw thanks just",8,213077,38.69
"award best picture",8,213085,38.69
"away let go",8,213093,38.7
"away number started",8,213101,38.7
"away pair tickets",8,213109,38.7
"awesome day far",8,213117,38.7
"awesome keep great",8,213125,38.7
"awesome thanks guys",8,213133,38.7
"awesome thanks heads",8,213141,38.7
"awesome thanks love",8,213149,38.71
"awesome thanks tip",8,213157,38.71
"awful lot like",8,213165,38.71
"baby let go",8,213173,38.71
"bad year old",8,213181,38.71
"bag lecture series",8,213189,38.71
"banana peanut butter",8,213197,38.72
"bands play wait",8,213205,38.72
"bands saved lives",8,213213,38.72
"bands universal city",8,213221,38.72
"bar historic route",8,213229,38.72
"base camp april",8,213237,38.72
"baseball hall fame",8,213245,38.72
"bathroom getting higher",8,213253,38.73
"battle bands universal",8,213261,38.73
"beautiful don let",8,213269,38.73
"beautiful mother day",8,213277,38.73
"become favorite wait",8,213285,38.73
"bed watching tv",8,213293,38.73
"beer beer beer",8,213301,38.73
"beer proof loves",8,213309,38.74
"begin single step",8,213317,38.74
"believe years remember",8,213325,38.74
"belt status rating",8,213333,38.74
"best christmas gift",8,213341,38.74
"best day make",8,213349,38.74
"best episode season",8,213357,38.74
"best friends don",8,213365,38.75
"best gift received",8,213373,38.75
"best girlfriend world",8,213381,38.75
"best ideas come",8,213389,38.75
"best luck hope",8,213397,38.75
"best luck season",8,213405,38.75
"best mom love",8,213413,38.75
"best movies time",8,213421,38.76
"best part weekend",8,213429,38.76
"best prepare worst",8,213437,38.76
"best record baseball",8,213445,38.76
"best rock artist",8,213453,38.76
"best successes come",8,213461,38.76
"best thing going",8,213469,38.76
"best thing read",8,213477,38.77
"best time today",8,213485,38.77
"best times worst",8,213493,38.77
"best way keep",8,213501,38.77
"best way prepare",8,213509,38.77
"best way robert",8,213517,38.77
"best way stay",8,213525,38.77
"best weekend life",8,213533,38.78
"best wishes speedy",8,213541,38.78
"best wishes today",8,213549,38.78
"best www com",8,213557,38.78
"better get better",8,213565,38.78
"better give receive",8,213573,38.78
"better keep mouth",8,213581,38.78
"big changes coming",8,213589,38.79
"big fan idol",8,213597,38.79
"big night tonight",8,213605,38.79
"big time players",8,213613,38.79
"biggest adventure take",8,213621,38.79
"biggest fan gonna",8,213629,38.79
"biggest fan make",8,213637,38.8
"bike work today",8,213645,38.8
"billion dollar idea",8,213653,38.8
"birthday baby girl",8,213661,38.8
"birthday favorite people",8,213669,38.8
"birthday follow help",8,213677,38.8
"birthday good friend",8,213685,38.8
"birthday help follow",8,213693,38.81
"bit angel eyes",8,213701,38.81
"blessed great friends",8,213709,38.81
"blessed highly favored",8,213717,38.81
"blog post soon",8,213725,38.81
"blog post thanks",8,213733,38.81
"blonde hair blue",8,213741,38.81
"blue organ trio",8,213749,38.82
"boston tea party",8,213757,38.82
"bounce hit bottom",8,213765,38.82
"bout get beat",8,213773,38.82
"bout get real",8,213781,38.82
"bout go work",8,213789,38.82
"boy just got",8,213797,38.82
"brand new album",8,213805,38.83
"brand new music",8,213813,38.83
"brand new video",8,213821,38.83
"broken social scene",8,213829,38.83
"brooklyn ny red",8,213837,38.83
"burger home good",8,213845,38.83
"burger take order",8,213853,38.83
"businesses venues artists",8,213861,38.84
"busy good thing",8,213869,38.84
"buy happiness sure",8,213877,38.84
"buy pitcher get",8,213885,38.84
"buys cases beer",8,213893,38.84
"cake cream cheese",8,213901,38.84
"came play tonight",8,213909,38.84
"candle mirror reflects",8,213917,38.85
"car way work",8,213925,38.85
"career fair today",8,213933,38.85
"cares alive try",8,213941,38.85
"cases beer instead",8,213949,38.85
"caught myself singing",8,213957,38.85
"causes men break",8,213965,38.85
"celebrate birthday saturday",8,213973,38.86
"celebrate life life",8,213981,38.86
"celebrating earth day",8,213989,38.86
"celebrity star game",8,213997,38.86
"cell phone drive",8,214005,38.86
"champion green bay",8,214013,38.86
"chance win trip",8,214021,38.86
"change essence life",8,214029,38.87
"change minds change",8,214037,38.87
"change twitter password",8,214045,38.87
"changes coming soon",8,214053,38.87
"changing world thinks",8,214061,38.87
"charlie st cloud",8,214069,38.87
"cheated fears broke",8,214077,38.87
"check facebook messages",8,214085,38.88
"check facebook music",8,214093,38.88
"check latest blog",8,214101,38.88
"check new artists",8,214109,38.88
"check new menu",8,214117,38.88
"check tell friends",8,214125,38.88
"check yo self",8,214133,38.89
"children foster care",8,214141,38.89
"chip cookie day",8,214149,38.89
"chocolate whipped cream",8,214157,38.89
"chris brown song",8,214165,38.89
"class action lawsuit",8,214173,38.89
"class www com",8,214181,38.89
"clearly don know",8,214189,38.9
"close heart things",8,214197,38.9
"cnn early start",8,214205,38.9
"coach looks like",8,214213,38.9
"coconut ice cream",8,214221,38.9
"cody robert simpson",8,214229,38.9
"coffee bean tea",8,214237,38.9
"collective bargaining law",8,214245,38.91
"com free beats",8,214253,38.91
"com go check",8,214261,38.91
"com watch hockey",8,214269,38.91
"come check today",8,214277,38.91
"come good time",8,214285,38.91
"come home miss",8,214293,38.91
"come join www",8,214301,38.92
"come live heart",8,214309,38.92
"come office home",8,214317,38.92
"come spend night",8,214325,38.92
"come terms fact",8,214333,38.92
"come visit get",8,214341,38.92
"come visit www",8,214349,38.92
"comes nearest expressing",8,214357,38.93
"coming chicago soon",8,214365,38.93
"coming home school",8,214373,38.93
"coming home tonight",8,214381,38.93
"compassion want happy",8,214389,38.93
"concert announcements find",8,214397,38.93
"congratulations look forward",8,214405,38.93
"contractors indiana contractors",8,214413,38.94
"contractors indiana repair",8,214421,38.94
"convention las vegas",8,214429,38.94
"cooking channel great",8,214437,38.94
"cool make sure",8,214445,38.94
"cool things happening",8,214453,38.94
"copy new album",8,214461,38.94
"cost effective way",8,214469,38.95
"cotton eyed joe",8,214477,38.95
"country mb take",8,214485,38.95
"country music awards",8,214493,38.95
"cover letter resume",8,214501,38.95
"creation artists thanks",8,214509,38.95
"creation enjoyed research",8,214517,38.95
"credit card processing",8,214525,38.96
"crowded smell different",8,214533,38.96
"cultures brings new",8,214541,38.96
"cup coffee time",8,214549,38.96
"customer service help",8,214557,38.96
"customer service line",8,214565,38.96
"customer service phone",8,214573,38.97
"cute don know",8,214581,38.97
"dad passed away",8,214589,38.97
"date girl makes",8,214597,38.97
"daughter boyfriend family",8,214605,38.97
"davis published theater",8,214613,38.97
"day born day",8,214621,38.97
"day day year",8,214629,38.98
"day early bird",8,214637,38.98
"day feeling like",8,214645,38.98
"day feels good",8,214653,38.98
"day get work",8,214661,38.98
"day going today",8,214669,38.98
"day good good",8,214677,38.98
"day half marathon",8,214685,38.99
"day happy new",8,214693,38.99
"day happy th",8,214701,38.99
"day hope amazing",8,214709,38.99
"day hope enjoyed",8,214717,38.99
"day hope gets",8,214725,38.99
"day just get",8,214733,38.99
"day just getting",8,214741,39
"day just saw",8,214749,39
"day keeps away",8,214757,39
"day lot better",8,214765,39
"day mama love",8,214773,39
"day new england",8,214781,39
"day sunshine like",8,214789,39
"day time bed",8,214797,39.01
"day time relax",8,214805,39.01
"day use camera",8,214813,39.01
"day weekend hope",8,214821,39.01
"day work getting",8,214829,39.01
"day work need",8,214837,39.01
"days like just",8,214845,39.01
"days new year",8,214853,39.02
"dear face wash",8,214861,39.02
"delight lord give",8,214869,39.02
"deserve get settled",8,214877,39.02
"determination succeed strong",8,214885,39.02
"develop success failures",8,214893,39.02
"develops cultures brings",8,214901,39.02
"diamond picking rock",8,214909,39.03
"dictionary place success",8,214917,39.03
"did find anything",8,214925,39.03
"did go get",8,214933,39.03
"did hear man",8,214941,39.03
"did hear new",8,214949,39.03
"did just become",8,214957,39.03
"did just got",8,214965,39.04
"did just miss",8,214973,39.04
"did make feel",8,214981,39.04
"did really need",8,214989,39.04
"did say like",8,214997,39.04
"did sleep last",8,215005,39.04
"did sleep screaming",8,215013,39.04
"dinner tonight thanks",8,215021,39.05
"disaster waiting happen",8,215029,39.05
"diversity platinum card",8,215037,39.05
"does get easier",8,215045,39.05
"does get special",8,215053,39.05
"does great work",8,215061,39.05
"does twitter account",8,215069,39.06
"does twitter keep",8,215077,39.06
"dog days summer",8,215085,39.06
"doing amazing work",8,215093,39.06
"doing cat daddy",8,215101,39.06
"doing cool things",8,215109,39.06
"doing good hope",8,215117,39.06
"doing new years",8,215125,39.07
"doing walt disney",8,215133,39.07
"don ask act",8,215141,39.07
"don ask answer",8,215149,39.07
"don big deal",8,215157,39.07
"don break heart",8,215165,39.07
"don falling water",8,215173,39.07
"don feel need",8,215181,39.08
"don feel special",8,215189,39.08
"don follow don",8,215197,39.08
"don forget don",8,215205,39.08
"don forget download",8,215213,39.08
"don forget eat",8,215221,39.08
"don forget little",8,215229,39.08
"don forget mark",8,215237,39.09
"don forget put",8,215245,39.09
"don forget submit",8,215253,39.09
"don forget text",8,215261,39.09
"don give keep",8,215269,39.09
"don go alone",8,215277,39.09
"don go far",8,215285,39.09
"don judge know",8,215293,39.1
"don just go",8,215301,39.1
"don just sit",8,215309,39.1
"don know basketball",8,215317,39.1
"don know coming",8,215325,39.1
"don know different",8,215333,39.1
"don know google",8,215341,39.1
"don know happening",8,215349,39.11
"don know hope",8,215357,39.11
"don know number",8,215365,39.11
"don know phone",8,215373,39.11
"don know problem",8,215381,39.11
"don know says",8,215389,39.11
"don know seen",8,215397,39.11
"don know sounds",8,215405,39.12
"don know trust",8,215413,39.12
"don know ur",8,215421,39.12
"don know words",8,215429,39.12
"don know write",8,215437,39.12
"don make decisions",8,215445,39.12
"don make go",8,215453,39.12
"don make make",8,215461,39.13
"don mean don",8,215469,39.13
"don mind matter",8,215477,39.13
"don mind sharing",8,215485,39.13
"don quite get",8,215493,39.13
"don quite know",8,215501,39.13
"don really feel",8,215509,39.13
"don really hate",8,215517,39.14
"don regret past",8,215525,39.14
"don reply don",8,215533,39.14
"don school tomorrow",8,215541,39.14
"don stop don",8,215549,39.14
"don take life",8,215557,39.14
"don take pictures",8,215565,39.15
"don talk don",8,215573,39.15
"don think anymore",8,215581,39.15
"don think care",8,215589,39.15
"don think deserves",8,215597,39.15
"don think happy",8,215605,39.15
"don think knows",8,215613,39.15
"don think making",8,215621,39.16
"don think maybe",8,215629,39.16
"don think wants",8,215637,39.16
"don think watch",8,215645,39.16
"don throw away",8,215653,39.16
"don try hard",8,215661,39.16
"don want ask",8,215669,39.16
"don want find",8,215677,39.17
"don want part",8,215685,39.17
"don want spoil",8,215693,39.17
"don want tell",8,215701,39.17
"don want write",8,215709,39.17
"don work anymore",8,215717,39.17
"don work unless",8,215725,39.17
"doors open come",8,215733,39.18
"doubts got engaged",8,215741,39.18
"downtown las vegas",8,215749,39.18
"drain angel story",8,215757,39.18
"drake take care",8,215765,39.18
"dream begin genius",8,215773,39.18
"dream dream live",8,215781,39.18
"dream follow part",8,215789,39.19
"dreams power move",8,215797,39.19
"dude let go",8,215805,39.19
"early go bed",8,215813,39.19
"early good night",8,215821,39.19
"early morning work",8,215829,39.19
"early voting starts",8,215837,39.19
"ease running app",8,215845,39.2
"easiest way make",8,215853,39.2
"east coast bias",8,215861,39.2
"easy make wrong",8,215869,39.2
"eat don want",8,215877,39.2
"education filling lighting",8,215885,39.2
"education powerful use",8,215893,39.2
"efforts repeated day",8,215901,39.21
"em got em",8,215909,39.21
"encountered violent opposition",8,215917,39.21
"end great day",8,215925,39.21
"end long day",8,215933,39.21
"end rd quarter",8,215941,39.21
"english premier league",8,215949,39.21
"enjoy labor day",8,215957,39.22
"enjoyed research entertainment",8,215965,39.22
"enter coupon code",8,215973,39.22
"entered chance win",8,215981,39.22
"enterprise rent car",8,215989,39.22
"episode south park",8,215997,39.22
"equal pay equal",8,216005,39.23
"es lo hay",8,216013,39.23
"excited announce new",8,216021,39.23
"excited good luck",8,216029,39.23
"excited working new",8,216037,39.23
"expand network sponsors",8,216045,39.23
"expect problems eat",8,216053,39.23
"extended happy hour",8,216061,39.24
"face crisis day",8,216069,39.24
"facebook don want",8,216077,39.24
"facebook fan pages",8,216085,39.24
"facebook friend request",8,216093,39.24
"facebook get free",8,216101,39.24
"facebook page details",8,216109,39.24
"facebook page go",8,216117,39.25
"faced make pretty",8,216125,39.25
"fail fail fail",8,216133,39.25
"fail worse tried",8,216141,39.25
"failures stepping stones",8,216149,39.25
"fall asleep don",8,216157,39.25
"fall asleep like",8,216165,39.25
"fall asleep phone",8,216173,39.26
"fall love don",8,216181,39.26
"fall love love",8,216189,39.26
"fall sea eventually",8,216197,39.26
"fall stay tuned",8,216205,39.26
"family co workers",8,216213,39.26
"family menu choices",8,216221,39.26
"fans bands saved",8,216229,39.27
"fans come join",8,216237,39.27
"far away best",8,216245,39.27
"fast bass low",8,216253,39.27
"fast sounds like",8,216261,39.27
"father son holy",8,216269,39.27
"favorite listen rains",8,216277,39.27
"favorite music group",8,216285,39.28
"feel bad girl",8,216293,39.28
"feel free get",8,216301,39.28
"feel free leave",8,216309,39.28
"feel free visit",8,216317,39.28
"feel good just",8,216325,39.28
"feel happy feeling",8,216333,39.28
"feel like cool",8,216341,39.29
"feel like fall",8,216349,39.29
"feel like feel",8,216357,39.29
"feel like flying",8,216365,39.29
"feel like following",8,216373,39.29
"feel like gotta",8,216381,39.29
"feel like king",8,216389,39.29
"feel like make",8,216397,39.3
"feel like monday",8,216405,39.3
"feel like must",8,216413,39.3
"feel like own",8,216421,39.3
"feel like singing",8,216429,39.3
"feel like starting",8,216437,39.3
"feel like super",8,216445,39.3
"feel like won",8,216453,39.31
"feel like wrong",8,216461,39.31
"feel lucky working",8,216469,39.31
"feel way just",8,216477,39.31
"feel way time",8,216485,39.31
"feeling like million",8,216493,39.31
"feeling like today",8,216501,39.32
"feels good knowing",8,216509,39.32
"fell asleep like",8,216517,39.32
"fell asleep pm",8,216525,39.32
"felt like going",8,216533,39.32
"felt like home",8,216541,39.32
"film festival screening",8,216549,39.32
"film rain dance",8,216557,39.33
"final exam tomorrow",8,216565,39.33
"finally got right",8,216573,39.33
"find way win",8,216581,39.33
"finds francis bacon",8,216589,39.33
"fingers crossed get",8,216597,39.33
"finished great workout",8,216605,39.33
"finishing touches new",8,216613,39.34
"fitness princess swim",8,216621,39.34
"folks need get",8,216629,39.34
"follow auto follow",8,216637,39.34
"follow facebook twitter",8,216645,39.34
"follow facebook www",8,216653,39.34
"follow funny tweets",8,216661,39.34
"follow get chance",8,216669,39.35
"follow get free",8,216677,39.35
"follow great meet",8,216685,39.35
"follow great week",8,216693,39.35
"follow hope doing",8,216701,39.35
"follow hope get",8,216709,39.35
"follow latest updates",8,216717,39.35
"follow lets get",8,216725,39.36
"follow make night",8,216733,39.36
"follow miss todd",8,216741,39.36
"follow pretty pretty",8,216749,39.36
"follow promise follow",8,216757,39.36
"follow real account",8,216765,39.36
"follow say hi",8,216773,39.36
"follow stay touch",8,216781,39.37
"follow twitter account",8,216789,39.37
"follow twitter thank",8,216797,39.37
"follow www facebook",8,216805,39.37
"follower thanks follow",8,216813,39.37
"followers guys awesome",8,216821,39.37
"followers let get",8,216829,39.37
"followers new old",8,216837,39.38
"following greatly appreciate",8,216845,39.38
"following happy friday",8,216853,39.38
"following keep good",8,216861,39.38
"following keep touch",8,216869,39.38
"follows move way",8,216877,39.38
"follows try site",8,216885,39.38
"fools day joke",8,216893,39.39
"forget said forget",8,216901,39.39
"forgotten edited accepted",8,216909,39.39
"formula try everybody",8,216917,39.39
"forum www com",8,216925,39.39
"forward coming home",8,216933,39.39
"forward dinner tonight",8,216941,39.4
"forward hearing thanks",8,216949,39.4
"forward meeting week",8,216957,39.4
"free copy book",8,216965,39.4
"free follow follow",8,216973,39.4
"free till drinks",8,216981,39.4
"french lettuce tomato",8,216989,39.4
"friday free ladies",8,216997,39.41
"friday th day",8,217005,39.41
"friend don know",8,217013,39.41
"friend entire world",8,217021,39.41
"friend gets way",8,217029,39.41
"friend getting married",8,217037,39.41
"friends bathroom getting",8,217045,39.41
"friends family co",8,217053,39.42
"full time jobs",8,217061,39.42
"full time work",8,217069,39.42
"fun filled weekend",8,217077,39.42
"fun hope get",8,217085,39.42
"fun wait till",8,217093,39.42
"future buys cases",8,217101,39.42
"future create peter",8,217109,39.43
"game friday night",8,217117,39.43
"game fun watch",8,217125,39.43
"game pretty good",8,217133,39.43
"game saturday night",8,217141,39.43
"game tickets calling",8,217149,39.43
"game tonight hope",8,217157,39.43
"game way go",8,217165,39.44
"garage makes car",8,217173,39.44
"garlic bread salad",8,217181,39.44
"gather news channel",8,217189,39.44
"general membership meeting",8,217197,39.44
"get bed early",8,217205,39.44
"get bit soon",8,217213,39.44
"get chance win",8,217221,39.45
"get dis money",8,217229,39.45
"get distracted easily",8,217237,39.45
"get done time",8,217245,39.45
"get done week",8,217253,39.45
"get done weekend",8,217261,39.45
"get early work",8,217269,39.45
"get excited new",8,217277,39.46
"get follow new",8,217285,39.46
"get follow twitter",8,217293,39.46
"get followers twitter",8,217301,39.46
"get gone estate",8,217309,39.46
"get good grades",8,217317,39.46
"get hotel room",8,217325,39.46
"get job make",8,217333,39.47
"get just need",8,217341,39.47
"get just wait",8,217349,39.47
"get know people",8,217357,39.47
"get latest news",8,217365,39.47
"get life track",8,217373,39.47
"get mac cheese",8,217381,39.47
"get made fun",8,217389,39.48
"get money right",8,217397,39.48
"get new cd",8,217405,39.48
"get new number",8,217413,39.48
"get new pair",8,217421,39.48
"get paid tomorrow",8,217429,39.48
"get pair handmade",8,217437,39.49
"get people get",8,217445,39.49
"get real people",8,217453,39.49
"get real quick",8,217461,39.49
"get rid egg",8,217469,39.49
"get rough giving",8,217477,39.49
"get sent phone",8,217485,39.49
"get sleep night",8,217493,39.5
"get soon love",8,217501,39.5
"get soon thanks",8,217509,39.5
"get special attention",8,217517,39.5
"get started today",8,217525,39.5
"get super excited",8,217533,39.5
"get time check",8,217541,39.5
"get twitter followers",8,217549,39.51
"get twitter get",8,217557,39.51
"get twitter go",8,217565,39.51
"get wanna go",8,217573,39.51
"get warm feeling",8,217581,39.51
"get worried get",8,217589,39.51
"gets way unless",8,217597,39.51
"getting sleep tonight",8,217605,39.52
"getting slowly surely",8,217613,39.52
"gift card giveaway",8,217621,39.52
"gift card purchase",8,217629,39.52
"girl good luck",8,217637,39.52
"girl let get",8,217645,39.52
"girl let know",8,217653,39.52
"girl makes world",8,217661,39.53
"girl young got",8,217669,39.53
"give annual fund",8,217677,39.53
"give go day",8,217685,39.53
"give hope future",8,217693,39.53
"give little time",8,217701,39.53
"give really want",8,217709,39.53
"give second chance",8,217717,39.54
"give shout new",8,217725,39.54
"give take give",8,217733,39.54
"giving away copies",8,217741,39.54
"giving thanks creator",8,217749,39.54
"glad enjoyed come",8,217757,39.54
"glad enjoyed post",8,217765,39.54
"glad got catch",8,217773,39.55
"glad got chance",8,217781,39.55
"glad having great",8,217789,39.55
"glad hear just",8,217797,39.55
"glad hear things",8,217805,39.55
"glad like hope",8,217813,39.55
"glad liked just",8,217821,39.55
"glasses hit baseball",8,217829,39.56
"glee last night",8,217837,39.56
"go ahead talk",8,217845,39.56
"go austin concert",8,217853,39.56
"go away want",8,217861,39.56
"go bottle filter",8,217869,39.56
"go check youtube",8,217877,39.57
"go go green",8,217885,39.57
"go la fitness",8,217893,39.57
"go like grandfather",8,217901,39.57
"go looking forward",8,217909,39.57
"go matter weather",8,217917,39.57
"go red wings",8,217925,39.57
"go store get",8,217933,39.58
"go way go",8,217941,39.58
"go work tonight",8,217949,39.58
"go youtube search",8,217957,39.58
"goals adjust action",8,217965,39.58
"goes bad end",8,217973,39.58
"goes hand hand",8,217981,39.58
"going bed just",8,217989,39.59
"going bed late",8,217997,39.59
"going bed long",8,218005,39.59
"going fall asleep",8,218013,39.59
"going go check",8,218021,39.59
"going go like",8,218029,39.59
"going go play",8,218037,39.59
"going go today",8,218045,39.6
"going go work",8,218053,39.6
"going good weekend",8,218061,39.6
"going ham right",8,218069,39.6
"going happy hour",8,218077,39.6
"going hit gym",8,218085,39.6
"going home weekend",8,218093,39.6
"going later today",8,218101,39.61
"going make happen",8,218109,39.61
"going make standing",8,218117,39.61
"going make time",8,218125,39.61
"going make video",8,218133,39.61
"going sleep soon",8,218141,39.61
"going spend day",8,218149,39.61
"going spend rest",8,218157,39.62
"going start new",8,218165,39.62
"going take care",8,218173,39.62
"going try best",8,218181,39.62
"going try use",8,218189,39.62
"going watch game",8,218197,39.62
"golden state warriors",8,218205,39.62
"gone title head",8,218213,39.63
"gonna change world",8,218221,39.63
"gonna feel like",8,218229,39.63
"gonna good summer",8,218237,39.63
"gonna good weekend",8,218245,39.63
"gonna great game",8,218253,39.63
"gonna hard time",8,218261,39.63
"gonna make own",8,218269,39.64
"gonna make tonight",8,218277,39.64
"gonna sleep good",8,218285,39.64
"gonna take get",8,218293,39.64
"gonna take ride",8,218301,39.64
"good burger home",8,218309,39.64
"good burger take",8,218317,39.64
"good friend give",8,218325,39.65
"good friends great",8,218333,39.65
"good head good",8,218341,39.65
"good heart combination",8,218349,39.65
"good just know",8,218357,39.65
"good know going",8,218365,39.65
"good luck gonna",8,218373,39.66
"good luck job",8,218381,39.66
"good luck make",8,218389,39.66
"good luck paper",8,218397,39.66
"good luck sounds",8,218405,39.66
"good luck training",8,218413,39.66
"good man thanks",8,218421,39.66
"good morning dallas",8,218429,39.67
"good morning denver",8,218437,39.67
"good morning indy",8,218445,39.67
"good morning life",8,218453,39.67
"good morning long",8,218461,39.67
"good morning nation",8,218469,39.67
"good morning right",8,218477,39.67
"good morning stop",8,218485,39.68
"good morning sweetie",8,218493,39.68
"good morning thanking",8,218501,39.68
"good morning wait",8,218509,39.68
"good morning waking",8,218517,39.68
"good morning week",8,218525,39.68
"good morning wow",8,218533,39.68
"good music great",8,218541,39.69
"good people crazy",8,218549,39.69
"good people know",8,218557,39.69
"good people world",8,218565,39.69
"good point don",8,218573,39.69
"good question maybe",8,218581,39.69
"good start weekend",8,218589,39.69
"good times ahead",8,218597,39.7
"gorgeous love make",8,218605,39.7
"got gift card",8,218613,39.7
"got good ideas",8,218621,39.7
"got good laugh",8,218629,39.7
"got home great",8,218637,39.7
"got lot stuff",8,218645,39.7
"got make train",8,218653,39.71
"got mind money",8,218661,39.71
"got right idea",8,218669,39.71
"got right place",8,218677,39.71
"got spam email",8,218685,39.71
"got th follower",8,218693,39.71
"gotta go buy",8,218701,39.71
"gotta go shopping",8,218709,39.72
"grandfather did sleep",8,218717,39.72
"great beer good",8,218725,39.72
"great believer luck",8,218733,39.72
"great catching today",8,218741,39.72
"great concert last",8,218749,39.72
"great day beach",8,218757,39.72
"great day check",8,218765,39.73
"great day everybody",8,218773,39.73
"great day filming",8,218781,39.73
"great day guys",8,218789,39.73
"great day la",8,218797,39.73
"great day people",8,218805,39.73
"great day wait",8,218813,39.73
"great day xx",8,218821,39.74
"great don know",8,218829,39.74
"great effort great",8,218837,39.74
"great idea love",8,218845,39.74
"great make feel",8,218853,39.74
"great meet fellow",8,218861,39.74
"great meet let",8,218869,39.75
"great mile run",8,218877,39.75
"great news great",8,218885,39.75
"great news thanks",8,218893,39.75
"great nice work",8,218901,39.75
"great night guys",8,218909,39.75
"great night time",8,218917,39.75
"great night tweet",8,218925,39.76
"great old friends",8,218933,39.76
"great panel discussion",8,218941,39.76
"great place get",8,218949,39.76
"great place visit",8,218957,39.76
"great seeing yesterday",8,218965,39.76
"great start start",8,218973,39.76
"great stuff going",8,218981,39.77
"great teacher unfortunately",8,218989,39.77
"great thanks just",8,218997,39.77
"great way make",8,219005,39.77
"great way meet",8,219013,39.77
"great work done",8,219021,39.77
"great workshop today",8,219029,39.77
"greatly robert kennedy",8,219037,39.78
"green valley tomorrow",8,219045,39.78
"guess just gonna",8,219053,39.78
"guess just love",8,219061,39.78
"guess just really",8,219069,39.78
"guest post blog",8,219077,39.78
"guide highest self",8,219085,39.78
"guys look forward",8,219093,39.79
"guys made day",8,219101,39.79
"ha don know",8,219109,39.79
"hacked follow ask",8,219117,39.79
"half half full",8,219125,39.79
"hang franklin roosevelt",8,219133,39.79
"happy benjamin franklin",8,219141,39.79
"happy birthday both",8,219149,39.8
"happy birthday celebrating",8,219157,39.8
"happy birthday crazy",8,219165,39.8
"happy birthday david",8,219173,39.8
"happy birthday finally",8,219181,39.8
"happy birthday gonna",8,219189,39.8
"happy birthday grandma",8,219197,39.8
"happy birthday jack",8,219205,39.81
"happy birthday jason",8,219213,39.81
"happy birthday let",8,219221,39.81
"happy birthday loves",8,219229,39.81
"happy birthday mark",8,219237,39.81
"happy birthday person",8,219245,39.81
"happy birthday robert",8,219253,39.81
"happy birthday selena",8,219261,39.82
"happy birthday stay",8,219269,39.82
"happy birthday sweet",8,219277,39.82
"happy blessed easter",8,219285,39.82
"happy great weekend",8,219293,39.82
"happy hope great",8,219301,39.82
"happy monday friends",8,219309,39.83
"happy world day",8,219317,39.83
"hard get good",8,219325,39.83
"hard get just",8,219333,39.83
"hard get people",8,219341,39.83
"hard tempted ask",8,219349,39.83
"hard wait know",8,219357,39.83
"hardest things life",8,219365,39.84
"hate going bed",8,219373,39.84
"hate going school",8,219381,39.84
"hate people go",8,219389,39.84
"hate windows hate",8,219397,39.84
"haven heard check",8,219405,39.84
"haven said anything",8,219413,39.84
"having fun don",8,219421,39.85
"having fun love",8,219429,39.85
"having good friday",8,219437,39.85
"having huge sale",8,219445,39.85
"head good heart",8,219453,39.85
"head title gone",8,219461,39.85
"health tips lower",8,219469,39.85
"heard anyone say",8,219477,39.86
"heard ice cream",8,219485,39.86
"heart road worth",8,219493,39.86
"heart skip beat",8,219501,39.86
"hearts beats listen",8,219509,39.86
"hearts felt pain",8,219517,39.86
"hello follow follow",8,219525,39.86
"hello hardest goodbye",8,219533,39.87
"hello thank following",8,219541,39.87
"help follow make",8,219549,39.87
"help plan entire",8,219557,39.87
"hey follow thanks",8,219565,39.87
"hey follow twitter",8,219573,39.87
"hey girl doing",8,219581,39.87
"hey girl let",8,219589,39.88
"hey girl text",8,219597,39.88
"hey haven heard",8,219605,39.88
"hey just followed",8,219613,39.88
"hey lets follow",8,219621,39.88
"hey organization fans",8,219629,39.88
"hey wanna follow",8,219637,39.88
"hi did get",8,219645,39.89
"hi new area",8,219653,39.89
"hi new friends",8,219661,39.89
"hi thanks mention",8,219669,39.89
"high right get",8,219677,39.89
"hill law hours",8,219685,39.89
"hit guest list",8,219693,39.89
"hitting gym hard",8,219701,39.9
"hold let go",8,219709,39.9
"holiday shopping done",8,219717,39.9
"home cooked meals",8,219725,39.9
"home got new",8,219733,39.9
"home make sure",8,219741,39.9
"home run ball",8,219749,39.9
"honestly just want",8,219757,39.91
"honor reward gave",8,219765,39.91
"hop old school",8,219773,39.91
"hope able enjoy",8,219781,39.91
"hope both great",8,219789,39.91
"hope comes soon",8,219797,39.91
"hope day wonderful",8,219805,39.92
"hope don fall",8,219813,39.92
"hope don go",8,219821,39.92
"hope don need",8,219829,39.92
"hope enjoy book",8,219837,39.92
"hope enjoy stay",8,219845,39.92
"hope enjoyed article",8,219853,39.92
"hope enjoyed experience",8,219861,39.93
"hope enjoyed ur",8,219869,39.93
"hope enjoying holiday",8,219877,39.93
"hope fabulous weekend",8,219885,39.93
"hope family doing",8,219893,39.93
"hope fun last",8,219901,39.93
"hope fun weekend",8,219909,39.93
"hope good birthday",8,219917,39.94
"hope good year",8,219925,39.94
"hope make home",8,219933,39.94
"hoping don get",8,219941,39.94
"hosted kitchen open",8,219949,39.94
"hot date tonight",8,219957,39.94
"hot like sun",8,219965,39.94
"hour night long",8,219973,39.95
"hour smiling craft",8,219981,39.95
"hour www com",8,219989,39.95
"html head title",8,219997,39.95
"huge fan follow",8,220005,39.95
"hustle abraham lincoln",8,220013,39.95
"idea let know",8,220021,39.95
"imagine creativity works",8,220029,39.96
"impossible st francis",8,220037,39.96
"info new post",8,220045,39.96
"innovative net openings",8,220053,39.96
"inside actors studio",8,220061,39.96
"insider branding secret",8,220069,39.96
"intellectual property rights",8,220077,39.96
"interested doing interview",8,220085,39.97
"interested send email",8,220093,39.97
"international tool day",8,220101,39.97
"introducing whisk reputation",8,220109,39.97
"invented language satisfy",8,220117,39.97
"investment knowledge pays",8,220125,39.97
"invite friends like",8,220133,39.97
"ip server london",8,220141,39.98
"iphone android app",8,220149,39.98
"issue let know",8,220157,39.98
"jersey shore day",8,220165,39.98
"jersey shore season",8,220173,39.98
"jersey shore time",8,220181,39.98
"jessica simpson baby",8,220189,39.98
"job puts perfection",8,220197,39.99
"jon bones jones",8,220205,39.99
"june th get",8,220213,39.99
"june th need",8,220221,39.99
"just ate pizza",8,220229,39.99
"just came tv",8,220237,39.99
"just case anyone",8,220245,40
"just case forgot",8,220253,40
"just case need",8,220261,40
"just cause love",8,220269,40
"just cause said",8,220277,40
"just come home",8,220285,40
"just discovered new",8,220293,40
"just getting good",8,220301,40.01
"just give money",8,220309,40.01
"just go make",8,220317,40.01
"just going tell",8,220325,40.01
"just going work",8,220333,40.01
"just gonna leave",8,220341,40.01
"just gonna watch",8,220349,40.01
"just got account",8,220357,40.02
"just got book",8,220365,40.02
"just got box",8,220373,40.02
"just got check",8,220381,40.02
"just got cool",8,220389,40.02
"just got drafted",8,220397,40.02
"just got face",8,220405,40.02
"just got find",8,220413,40.03
"just got fresh",8,220421,40.03
"just got go",8,220429,40.03
"just got ipad",8,220437,40.03
"just got let",8,220445,40.03
"just got looks",8,220453,40.03
"just got made",8,220461,40.03
"just got office",8,220469,40.04
"just got order",8,220477,40.04
"just got people",8,220485,40.04
"just got plane",8,220493,40.04
"just got pumped",8,220501,40.04
"just got sneak",8,220509,40.04
"just got vegas",8,220517,40.04
"just got way",8,220525,40.05
"just gotta love",8,220533,40.05
"just great conversation",8,220541,40.05
"just heard interview",8,220549,40.05
"just heard little",8,220557,40.05
"just heard thunder",8,220565,40.05
"just hope right",8,220573,40.05
"just keep eye",8,220581,40.06
"just kidding good",8,220589,40.06
"just know say",8,220597,40.06
"just know time",8,220605,40.06
"just let love",8,220613,40.06
"just little girl",8,220621,40.06
"just make fun",8,220629,40.06
"just make want",8,220637,40.07
"just makes smile",8,220645,40.07
"just makes worse",8,220653,40.07
"just might best",8,220661,40.07
"just months away",8,220669,40.07
"just noticed new",8,220677,40.07
"just noticed twitter",8,220685,40.07
"just ordered book",8,220693,40.08
"just part life",8,220701,40.08
"just read like",8,220709,40.08
"just read twitter",8,220717,40.08
"just right thing",8,220725,40.08
"just said hi",8,220733,40.08
"just said hope",8,220741,40.09
"just said look",8,220749,40.09
"just said oh",8,220757,40.09
"just saw awesome",8,220765,40.09
"just saw espn",8,220773,40.09
"just saw justin",8,220781,40.09
"just saw myself",8,220789,40.09
"just saw promo",8,220797,40.1
"just saw thing",8,220805,40.1
"just saying hello",8,220813,40.1
"just saying like",8,220821,40.1
"just saying thing",8,220829,40.1
"just sent direct",8,220837,40.1
"just sent info",8,220845,40.1
"just signed lease",8,220853,40.11
"just signed new",8,220861,40.11
"just spend time",8,220869,40.11
"just stole home",8,220877,40.11
"just super busy",8,220885,40.11
"just think cool",8,220893,40.11
"just thought interesting",8,220901,40.11
"just thought maybe",8,220909,40.12
"just time day",8,220917,40.12
"just time summer",8,220925,40.12
"just told wants",8,220933,40.12
"just took last",8,220941,40.12
"just took minutes",8,220949,40.12
"just trying finish",8,220957,40.12
"just walked door",8,220965,40.13
"just walked outside",8,220973,40.13
"just watch game",8,220981,40.13
"just went nuts",8,220989,40.13
"just went sale",8,220997,40.13
"just went shopping",8,221005,40.13
"just went sleep",8,221013,40.13
"just woke time",8,221021,40.14
"kansas city chiefs",8,221029,40.14
"keep doing good",8,221037,40.14
"keep doing ur",8,221045,40.14
"keep having dreams",8,221053,40.14
"keep music alive",8,221061,40.14
"keep options open",8,221069,40.14
"keep squares circle",8,221077,40.15
"kicking old school",8,221085,40.15
"kids foster care",8,221093,40.15
"kind music like",8,221101,40.15
"kind want go",8,221109,40.15
"kitchen open till",8,221117,40.15
"knew gonna happen",8,221125,40.15
"know anyone let",8,221133,40.16
"know better get",8,221141,40.16
"know doing work",8,221149,40.16
"know don really",8,221157,40.16
"know don worry",8,221165,40.16
"know get chance",8,221173,40.16
"know get head",8,221181,40.16
"know going miss",8,221189,40.17
"know going need",8,221197,40.17
"know going say",8,221205,40.17
"know going try",8,221213,40.17
"know gone girl",8,221221,40.17
"know gonna win",8,221229,40.17
"know good places",8,221237,40.18
"know got gone",8,221245,40.18
"know got lot",8,221253,40.18
"know know good",8,221261,40.18
"know know got",8,221269,40.18
"know like know",8,221277,40.18
"know like read",8,221285,40.18
"know make smile",8,221293,40.19
"know mean say",8,221301,40.19
"know need go",8,221309,40.19
"know need info",8,221317,40.19
"know need mix",8,221325,40.19
"know need talk",8,221333,40.19
"know oh oh",8,221341,40.19
"know own strength",8,221349,40.2
"know people get",8,221357,40.2
"know people just",8,221365,40.2
"know people make",8,221373,40.2
"know plans lord",8,221381,40.2
"know post videos",8,221389,40.2
"know say love",8,221397,40.2
"know talking bout",8,221405,40.21
"know wait till",8,221413,40.21
"know want hear",8,221421,40.21
"know want make",8,221429,40.21
"knowledge pays best",8,221437,40.21
"knowledge power power",8,221445,40.21
"knows make feel",8,221453,40.21
"language satisfy deep",8,221461,40.22
"las vegas strip",8,221469,40.22
"last last night",8,221477,40.22
"last longer relationships",8,221485,40.22
"last minute christmas",8,221493,40.22
"last minute get",8,221501,40.22
"last month school",8,221509,40.22
"last session day",8,221517,40.23
"late craig ferguson",8,221525,40.23
"late happy childhood",8,221533,40.23
"later today stay",8,221541,40.23
"lead left half",8,221549,40.23
"learn use twitter",8,221557,40.23
"led pink floyd",8,221565,40.23
"legends hidden temple",8,221573,40.24
"let connect soon",8,221581,40.24
"let day go",8,221589,40.24
"let follow people",8,221597,40.24
"let go better",8,221605,40.24
"let go blue",8,221613,40.24
"let go bring",8,221621,40.24
"let go cards",8,221629,40.25
"let go follow",8,221637,40.25
"let go keep",8,221645,40.25
"let go think",8,221653,40.25
"let go tribe",8,221661,40.25
"let go way",8,221669,40.25
"let know big",8,221677,40.26
"let know cause",8,221685,40.26
"let know date",8,221693,40.26
"let know head",8,221701,40.26
"let know home",8,221709,40.26
"let know la",8,221717,40.26
"let know later",8,221725,40.26
"let know liked",8,221733,40.27
"let know plan",8,221741,40.27
"let know return",8,221749,40.27
"let know say",8,221757,40.27
"let know site",8,221765,40.27
"let know start",8,221773,40.27
"let know take",8,221781,40.27
"let know today",8,221789,40.28
"let know tweet",8,221797,40.28
"let know twitter",8,221805,40.28
"let make trending",8,221813,40.28
"let snow google",8,221821,40.28
"let stay connected",8,221829,40.28
"let stay home",8,221837,40.28
"let talk tomorrow",8,221845,40.29
"lets hang soon",8,221853,40.29
"lettuce tomato mayo",8,221861,40.29
"library book club",8,221869,40.29
"library book sale",8,221877,40.29
"lie say mind",8,221885,40.29
"life getting better",8,221893,40.29
"life good life",8,221901,40.3
"life good play",8,221909,40.3
"life good right",8,221917,40.3
"life look like",8,221925,40.3
"life love like",8,221933,40.3
"life pretty good",8,221941,40.3
"life short waste",8,221949,40.3
"light candle mirror",8,221957,40.31
"light texas oldest",8,221965,40.31
"like big pizza",8,221973,40.31
"like big time",8,221981,40.31
"like boys like",8,221989,40.31
"like dance like",8,221997,40.31
"like did like",8,222005,40.31
"like don talk",8,222013,40.32
"like don tell",8,222021,40.32
"like facebook facebook",8,222029,40.32
"like facebook follow",8,222037,40.32
"like facebook real",8,222045,40.32
"like far away",8,222053,40.32
"like favorite song",8,222061,40.32
"like fun place",8,222069,40.33
"like getting ready",8,222077,40.33
"like go away",8,222085,40.33
"like going beautiful",8,222093,40.33
"like going tonight",8,222101,40.33
"like gonna cry",8,222109,40.33
"like got new",8,222117,40.33
"like great book",8,222125,40.34
"like great turnout",8,222133,40.34
"like having good",8,222141,40.34
"like kind day",8,222149,40.34
"like last tweet",8,222157,40.34
"like like just",8,222165,40.34
"like looking forward",8,222173,40.35
"like love like",8,222181,40.35
"like man action",8,222189,40.35
"like need help",8,222197,40.35
"like new picture",8,222205,40.35
"like new profile",8,222213,40.35
"like old person",8,222221,40.35
"like old woman",8,222229,40.36
"like people really",8,222237,40.36
"like people talk",8,222245,40.36
"like single band",8,222253,40.36
"like start day",8,222261,40.36
"like sun sky",8,222269,40.36
"like tea party",8,222277,40.36
"like thank came",8,222285,40.37
"like thank support",8,222293,40.37
"like think just",8,222301,40.37
"like think need",8,222309,40.37
"like today good",8,222317,40.37
"like video games",8,222325,40.37
"like watching movie",8,222333,40.37
"likes facebook page",8,222341,40.38
"likewise look forward",8,222349,40.38
"liking new twitter",8,222357,40.38
"listening music right",8,222365,40.38
"literally laugh loud",8,222373,40.38
"literally thomas edison",8,222381,40.38
"little league team",8,222389,40.38
"little old lady",8,222397,40.39
"little things day",8,222405,40.39
"live learn grow",8,222413,40.39
"live minutes away",8,222421,40.39
"live music capital",8,222429,40.39
"live music scene",8,222437,40.39
"live music starting",8,222445,40.39
"live nyc coming",8,222453,40.4
"live online www",8,222461,40.4
"live own life",8,222469,40.4
"live pretending love",8,222477,40.4
"live san francisco",8,222485,40.4
"live tweeting brain",8,222493,40.4
"live work play",8,222501,40.4
"local underground tent",8,222509,40.41
"longest day year",8,222517,40.41
"look far come",8,222525,40.41
"look like give",8,222533,40.41
"look like high",8,222541,40.41
"look like homeless",8,222549,40.41
"look like hot",8,222557,40.41
"look like made",8,222565,40.42
"look like men",8,222573,40.42
"look like super",8,222581,40.42
"look like talking",8,222589,40.42
"look make sure",8,222597,40.42
"look right baby",8,222605,40.42
"look ur amazing",8,222613,40.43
"looked like great",8,222621,40.43
"looking forward arrival",8,222629,40.43
"looking forward continuing",8,222637,40.43
"looking forward discussing",8,222645,40.43
"looking forward evening",8,222653,40.43
"looking forward feedback",8,222661,40.43
"looking forward grand",8,222669,40.44
"looking forward guys",8,222677,40.44
"looking forward hope",8,222685,40.44
"looking forward info",8,222693,40.44
"looking forward introducing",8,222701,40.44
"looking forward june",8,222709,40.44
"looking forward leading",8,222717,40.44
"looking forward performing",8,222725,40.45
"looking forward post",8,222733,40.45
"looking forward really",8,222741,40.45
"looking forward return",8,222749,40.45
"looking forward spring",8,222757,40.45
"looking forward wonderful",8,222765,40.45
"looking like going",8,222773,40.45
"looks great far",8,222781,40.46
"looks like belongs",8,222789,40.46
"looks like bunch",8,222797,40.46
"looks like buying",8,222805,40.46
"looks like came",8,222813,40.46
"looks like day",8,222821,40.46
"looks like google",8,222829,40.46
"looks like head",8,222837,40.47
"looks like huge",8,222845,40.47
"looks like lady",8,222853,40.47
"looks like lost",8,222861,40.47
"looks like plans",8,222869,40.47
"looks like site",8,222877,40.47
"looks like spending",8,222885,40.47
"looks like th",8,222893,40.48
"looks like watching",8,222901,40.48
"looks like weekend",8,222909,40.48
"looks like winner",8,222917,40.48
"looks way better",8,222925,40.48
"lord made let",8,222933,40.48
"los angeles public",8,222941,40.48
"los angeles tonight",8,222949,40.49
"los angeles week",8,222957,40.49
"lost like followers",8,222965,40.49
"lot don know",8,222973,40.49
"lot people like",8,222981,40.49
"lot people think",8,222989,40.49
"lots work done",8,222997,40.49
"lounge last night",8,223005,40.5
"lounge long beach",8,223013,40.5
"love don cost",8,223021,40.5
"love fall chocolate",8,223029,40.5
"love good better",8,223037,40.5
"love guys music",8,223045,40.5
"love hate great",8,223053,40.5
"love hear story",8,223061,40.51
"love high right",8,223069,40.51
"love high school",8,223077,40.51
"love hope amazing",8,223085,40.51
"love hope enjoyed",8,223093,40.51
"love hope get",8,223101,40.51
"love hope good",8,223109,40.52
"love intervention email",8,223117,40.52
"love just know",8,223125,40.52
"love just let",8,223133,40.52
"love just notice",8,223141,40.52
"love just said",8,223149,40.52
"love just way",8,223157,40.52
"love life good",8,223165,40.53
"love life like",8,223173,40.53
"love life people",8,223181,40.53
"love like like",8,223189,40.53
"love money follow",8,223197,40.53
"love ones hurt",8,223205,40.53
"love song like",8,223213,40.53
"love song perfection",8,223221,40.54
"love sound rain",8,223229,40.54
"love sweet dreams",8,223237,40.54
"love twitter background",8,223245,40.54
"love twitter followers",8,223253,40.54
"love twitter friends",8,223261,40.54
"love ur fans",8,223269,40.54
"love walk away",8,223277,40.55
"love way music",8,223285,40.55
"loved thousand years",8,223293,40.55
"lower anti nutrition",8,223301,40.55
"luck new gig",8,223309,40.55
"made just time",8,223317,40.55
"make better place",8,223325,40.55
"make day love",8,223333,40.56
"make days count",8,223341,40.56
"make difference today",8,223349,40.56
"make extra money",8,223357,40.56
"make film based",8,223365,40.56
"make great weekend",8,223373,40.56
"make happen just",8,223381,40.56
"make happen make",8,223389,40.57
"make heart race",8,223397,40.57
"make late try",8,223405,40.57
"make life complete",8,223413,40.57
"make list things",8,223421,40.57
"make look better",8,223429,40.57
"make million dollars",8,223437,40.57
"make person happy",8,223445,40.58
"make promises keep",8,223453,40.58
"make ralph emerson",8,223461,40.58
"make sense just",8,223469,40.58
"make smile everyday",8,223477,40.58
"make smile make",8,223485,40.58
"make standing garage",8,223493,40.58
"make sure beautiful",8,223501,40.59
"make sure drink",8,223509,40.59
"make sure eat",8,223517,40.59
"make sure enjoy",8,223525,40.59
"make sure hands",8,223533,40.59
"make sure pay",8,223541,40.59
"make sure people",8,223549,40.6
"make sure worth",8,223557,40.6
"makes feel bit",8,223565,40.6
"makes feel warm",8,223573,40.6
"makes happy makes",8,223581,40.6
"makes man healthy",8,223589,40.6
"makes people wonder",8,223597,40.6
"makes want buy",8,223605,40.61
"makes want move",8,223613,40.61
"makes want run",8,223621,40.61
"making good decisions",8,223629,40.61
"making good music",8,223637,40.61
"making life easier",8,223645,40.61
"making people happy",8,223653,40.61
"making want go",8,223661,40.62
"man fish eat",8,223669,40.62
"man happy birthday",8,223677,40.62
"man just said",8,223685,40.62
"man long time",8,223693,40.62
"man modest speech",8,223701,40.62
"march contact info",8,223709,40.62
"mark victor hansen",8,223717,40.63
"matter happens life",8,223725,40.63
"matter hard situation",8,223733,40.63
"matter long takes",8,223741,40.63
"matter martin luther",8,223749,40.63
"matter people say",8,223757,40.63
"maybe change world",8,223765,40.63
"maybe just hungry",8,223773,40.64
"maybe today day",8,223781,40.64
"maybe try get",8,223789,40.64
"maybe years ago",8,223797,40.64
"meant find way",8,223805,40.64
"meet awesome people",8,223813,40.64
"meet good luck",8,223821,40.64
"meet last week",8,223829,40.65
"meeting today love",8,223837,40.65
"men achieved great",8,223845,40.65
"men break break",8,223853,40.65
"men don want",8,223861,40.65
"might go school",8,223869,40.65
"miles must begin",8,223877,40.65
"million views day",8,223885,40.66
"milwaukee ale house",8,223893,40.66
"milwaukee county executive",8,223901,40.66
"minds change anything",8,223909,40.66
"ministry abused children",8,223917,40.66
"minneapolis star tribune",8,223925,40.66
"minutes calories burned",8,223933,40.66
"minutes get ready",8,223941,40.67
"miss good stuff",8,223949,40.67
"miss way used",8,223957,40.67
"mistake kindness weakness",8,223965,40.67
"mitt romney says",8,223973,40.67
"mitt romney wins",8,223981,40.67
"mitt romney won",8,223989,40.67
"mixed martial arts",8,223997,40.68
"mixing peter blue",8,224005,40.68
"modest speech actions",8,224013,40.68
"mom happy birthday",8,224021,40.68
"monday good luck",8,224029,40.68
"monday night pm",8,224037,40.68
"monday pm est",8,224045,40.69
"monkeys temple run",8,224053,40.69
"morning don think",8,224061,40.69
"morning early afternoon",8,224069,40.69
"morning good tea",8,224077,40.69
"morning happy birthday",8,224085,40.69
"morning hope blessed",8,224093,40.69
"morning tweet peeps",8,224101,40.7
"morning twitter followers",8,224109,40.7
"morning wish luck",8,224117,40.7
"move new place",8,224125,40.7
"moved new office",8,224133,40.7
"movie pretty good",8,224141,40.7
"ms pac man",8,224149,40.7
"msg data rates",8,224157,40.71
"music don know",8,224165,40.71
"music page time",8,224173,40.71
"music really loud",8,224181,40.71
"music video done",8,224189,40.71
"music video love",8,224197,40.71
"music video shot",8,224205,40.71
"music video time",8,224213,40.72
"musical word day",8,224221,40.72
"must win game",8,224229,40.72
"myself don need",8,224237,40.72
"national pie day",8,224245,40.72
"national puppy day",8,224253,40.72
"national signing day",8,224261,40.72
"nearest expressing music",8,224269,40.73
"nearly years ago",8,224277,40.73
"need come play",8,224285,40.73
"need feel like",8,224293,40.73
"need followers till",8,224301,40.73
"need follows try",8,224309,40.73
"need go ahead",8,224317,40.73
"need go concert",8,224325,40.74
"need go follow",8,224333,40.74
"need go tanning",8,224341,40.74
"need go work",8,224349,40.74
"need good book",8,224357,40.74
"need hair cut",8,224365,40.74
"need leave alone",8,224373,40.74
"need make way",8,224381,40.75
"need start making",8,224389,40.75
"need start watching",8,224397,40.75
"need stop hating",8,224405,40.75
"need talk asap",8,224413,40.75
"needs get done",8,224421,40.75
"needs get twitter",8,224429,40.75
"negative thoughts positive",8,224437,40.76
"new addition family",8,224445,40.76
"new albert einstein",8,224453,40.76
"new cover photo",8,224461,40.76
"new favorite restaurant",8,224469,40.76
"new follower follows",8,224477,40.76
"new job going",8,224485,40.76
"new single love",8,224493,40.77
"new songs just",8,224501,40.77
"new star trek",8,224509,40.77
"new start new",8,224517,40.77
"new twitter feed",8,224525,40.77
"new twitter need",8,224533,40.77
"new video love",8,224541,40.78
"new watches just",8,224549,40.78
"new website check",8,224557,40.78
"new website today",8,224565,40.78
"new year bless",8,224573,40.78
"new year blessings",8,224581,40.78
"new year find",8,224589,40.78
"new year gonna",8,224597,40.79
"new years new",8,224605,40.79
"news bin laden",8,224613,40.79
"nice relaxing day",8,224621,40.79
"nice say say",8,224629,40.79
"nice start day",8,224637,40.79
"nice time year",8,224645,40.79
"night beautiful people",8,224653,40.8
"night good day",8,224661,40.8
"night good friends",8,224669,40.8
"night great meet",8,224677,40.8
"night great movie",8,224685,40.8
"night great people",8,224693,40.8
"night make sure",8,224701,40.8
"night pitchers wings",8,224709,40.81
"night pretty good",8,224717,40.81
"normal business hours",8,224725,40.81
"normal msg rates",8,224733,40.81
"normal mum screwed",8,224741,40.81
"north ave door",8,224749,40.81
"north carolina state",8,224757,40.81
"north south east",8,224765,40.82
"note self stop",8,224773,40.82
"notice follow trying",8,224781,40.82
"np chris brown",8,224789,40.82
"obese don plate",8,224797,40.82
"obsessed hunger games",8,224805,40.82
"obvious goals reached",8,224813,40.82
"offended opinion hear",8,224821,40.83
"office space rent",8,224829,40.83
"oh beautiful day",8,224837,40.83
"oh good thing",8,224845,40.83
"oh goodness just",8,224853,40.83
"oh gosh did",8,224861,40.83
"oh gosh thank",8,224869,40.83
"oh just gonna",8,224877,40.84
"oh man great",8,224885,40.84
"oh oh just",8,224893,40.84
"oh ok just",8,224901,40.84
"oh ok like",8,224909,40.84
"oh okay thought",8,224917,40.84
"oh wait forgot",8,224925,40.84
"oh wait mind",8,224933,40.85
"oh wait sorry",8,224941,40.85
"oh wait think",8,224949,40.85
"oh wow did",8,224957,40.85
"oh wow love",8,224965,40.85
"oh yea got",8,224973,40.85
"oh yea just",8,224981,40.86
"oh yea love",8,224989,40.86
"oh yes good",8,224997,40.86
"oh yes yes",8,225005,40.86
"ok don get",8,225013,40.86
"ok just saw",8,225021,40.86
"ok just want",8,225029,40.86
"ok keep posted",8,225037,40.87
"ok last tweet",8,225045,40.87
"ok need help",8,225053,40.87
"ok sounds like",8,225061,40.87
"okay don know",8,225069,40.87
"old old old",8,225077,40.87
"old school like",8,225085,40.87
"old today happy",8,225093,40.88
"older get better",8,225101,40.88
"oldest surviving bar",8,225109,40.88
"open champagne bar",8,225117,40.88
"open come check",8,225125,40.88
"open heart surgery",8,225133,40.88
"open late night",8,225141,40.88
"open night pm",8,225149,40.89
"open sunday pm",8,225157,40.89
"opening tonight pm",8,225165,40.89
"opportunity presents itself",8,225173,40.89
"oregon convention center",8,225181,40.89
"outer space men",8,225189,40.89
"own own business",8,225197,40.89
"pacific standard time",8,225205,40.9
"pair handmade shoes",8,225213,40.9
"part making come",8,225221,40.9
"party club dream",8,225229,40.9
"paying full price",8,225237,40.9
"pays best interest",8,225245,40.9
"pc followers make",8,225253,40.9
"peace middle east",8,225261,40.91
"people choice award",8,225269,40.91
"people crazy think",8,225277,40.91
"people get away",8,225285,40.91
"people get involved",8,225293,40.91
"people go way",8,225301,40.91
"people just met",8,225309,40.91
"people just think",8,225317,40.92
"people know want",8,225325,40.92
"people like really",8,225333,40.92
"people make difference",8,225341,40.92
"people make smile",8,225349,40.92
"people making fun",8,225357,40.92
"people need chill",8,225365,40.92
"people need understand",8,225373,40.93
"people real life",8,225381,40.93
"people really great",8,225389,40.93
"people spend money",8,225397,40.93
"people think want",8,225405,40.93
"people want talk",8,225413,40.93
"perfect day go",8,225421,40.93
"perfection catch excellence",8,225429,40.94
"person belief equal",8,225437,40.94
"person earth use",8,225445,40.94
"person honored received",8,225453,40.94
"person made think",8,225461,40.94
"phone don know",8,225469,40.94
"phone won let",8,225477,40.95
"pie ice cream",8,225485,40.95
"pitcher night buy",8,225493,40.95
"plan tomorrow party",8,225501,40.95
"planning future buys",8,225509,40.95
"planning go way",8,225517,40.95
"play both sides",8,225525,40.95
"play new york",8,225533,40.96
"play video game",8,225541,40.96
"played sir played",8,225549,40.96
"playing saturday night",8,225557,40.96
"pleasure job puts",8,225565,40.96
"pm est code",8,225573,40.96
"pm hope make",8,225581,40.96
"pm just woke",8,225589,40.97
"pm sunday pm",8,225597,40.97
"pm today stop",8,225605,40.97
"pm tonight pm",8,225613,40.97
"point don know",8,225621,40.97
"points monkeys temple",8,225629,40.97
"points rebounds assists",8,225637,40.97
"poised creation artists",8,225645,40.98
"poised creation committed",8,225653,40.98
"poised creation enjoyed",8,225661,40.98
"polished man trials",8,225669,40.98
"poor middle class",8,225677,40.98
"popular buy friends",8,225685,40.98
"positive things life",8,225693,40.98
"possible dance life",8,225701,40.99
"powerful earth human",8,225709,40.99
"praise celebrate life",8,225717,40.99
"pretend don know",8,225725,40.99
"pretend like don",8,225733,40.99
"pretending love depending",8,225741,40.99
"pretty big waste",8,225749,40.99
"prices www com",8,225757,41
"princess swim gym",8,225765,41
"pro athletes love",8,225773,41
"probably don need",8,225781,41
"problems eat breakfast",8,225789,41
"producers produce beats",8,225797,41
"progress sticks neck",8,225805,41
"promise won disappointed",8,225813,41.01
"promotion social networks",8,225821,41.01
"proud announce new",8,225829,41.01
"purpose life life",8,225837,41.01
"put phone away",8,225845,41.01
"puts perfection work",8,225853,41.01
"queens stone age",8,225861,41.01
"question don think",8,225869,41.02
"quote abraham lincoln",8,225877,41.02
"quote day woman",8,225885,41.02
"range yards good",8,225893,41.02
"rate shake break",8,225901,41.02
"rd round pick",8,225909,41.02
"reached don adjust",8,225917,41.03
"reached followers thanks",8,225925,41.03
"read html head",8,225933,41.03
"read last night",8,225941,41.03
"read last year",8,225949,41.03
"read wrong awkward",8,225957,41.03
"read wrong said",8,225965,41.03
"reading harry potter",8,225973,41.04
"ready big day",8,225981,41.04
"ready hit gym",8,225989,41.04
"ready ready ready",8,225997,41.04
"real estate news",8,226005,41.04
"real friend walks",8,226013,41.04
"real life friends",8,226021,41.04
"real time race",8,226029,41.05
"realize worked anyone",8,226037,41.05
"really digging new",8,226045,41.05
"really enjoyed listening",8,226053,41.05
"really give excuse",8,226061,41.05
"really hard find",8,226069,41.05
"really hard just",8,226077,41.05
"really hope comes",8,226085,41.06
"really hope gets",8,226093,41.06
"really hope works",8,226101,41.06
"really just ask",8,226109,41.06
"really just need",8,226117,41.06
"really know doing",8,226125,41.06
"really look forward",8,226133,41.06
"really love like",8,226141,41.07
"really proud fact",8,226149,41.07
"reason puff daddy",8,226157,41.07
"received honor reward",8,226165,41.07
"record new song",8,226173,41.07
"records reason puff",8,226181,41.07
"recovery international tool",8,226189,41.07
"registered looking forward",8,226197,41.08
"regret chances take",8,226205,41.08
"release shut love",8,226213,41.08
"remember built professionals",8,226221,41.08
"remember good days",8,226229,41.08
"repeated day day",8,226237,41.08
"require sufficient evidence",8,226245,41.08
"research entertainment industry",8,226253,41.09
"respect trouble neglect",8,226261,41.09
"rest peace whitney",8,226269,41.09
"right gotta get",8,226277,41.09
"right ha ha",8,226285,41.09
"right just finished",8,226293,41.09
"right just go",8,226301,41.09
"right trying get",8,226309,41.1
"rock roll night",8,226317,41.1
"rough start day",8,226325,41.1
"round round round",8,226333,41.1
"rsvp www com",8,226341,41.1
"rules miss fun",8,226349,41.1
"rules trying accomplish",8,226357,41.1
"runners scoring position",8,226365,41.11
"sad day rip",8,226373,41.11
"safe memorial day",8,226381,41.11
"said years ago",8,226389,41.11
"salad dressing chicken",8,226397,41.11
"salsa es lo",8,226405,41.11
"san francisco tomorrow",8,226413,41.12
"san francisco week",8,226421,41.12
"sand fall sea",8,226429,41.12
"sandwich mini grilled",8,226437,41.12
"sang national anthem",8,226445,41.12
"sarah phillips story",8,226453,41.12
"satisfy deep need",8,226461,41.12
"saturday night pictures",8,226469,41.13
"saturday night watching",8,226477,41.13
"save horse ride",8,226485,41.13
"saved bunch money",8,226493,41.13
"saw girl wearing",8,226501,41.13
"saw old man",8,226509,41.13
"say anything say",8,226517,41.13
"say don mean",8,226525,41.14
"say gonna get",8,226533,41.14
"say hello little",8,226541,41.14
"say just don",8,226549,41.14
"say just kidding",8,226557,41.14
"say just say",8,226565,41.14
"say like single",8,226573,41.14
"say stuff like",8,226581,41.15
"say years old",8,226589,41.15
"saying good morning",8,226597,41.15
"school early today",8,226605,41.15
"school great day",8,226613,41.15
"school today going",8,226621,41.15
"school tomorrow going",8,226629,41.15
"scream ice cream",8,226637,41.16
"season game thrones",8,226645,41.16
"season let go",8,226653,41.16
"second year row",8,226661,41.16
"secrets eyes cried",8,226669,41.16
"seeing cabin woods",8,226677,41.16
"seek find knock",8,226685,41.16
"seems connected action",8,226693,41.17
"seen hunger games",8,226701,41.17
"seen tweet looking",8,226709,41.17
"seen tweets follow",8,226717,41.17
"self finds creates",8,226725,41.17
"semester grad school",8,226733,41.17
"send good luck",8,226741,41.17
"send link site",8,226749,41.18
"send offer price",8,226757,41.18
"senior ditch day",8,226765,41.18
"sent email hope",8,226773,41.18
"sent email saying",8,226781,41.18
"sent email thanks",8,226789,41.18
"september stay tuned",8,226797,41.18
"series unfortunate events",8,226805,41.19
"session tonight pm",8,226813,41.19
"set aside time",8,226821,41.19
"set record straight",8,226829,41.19
"set time talk",8,226837,41.19
"set world record",8,226845,41.19
"seven days week",8,226853,41.19
"seven times get",8,226861,41.2
"severe warning county",8,226869,41.2
"sf dynamic ip",8,226877,41.2
"shares strategies worldwide",8,226885,41.2
"sharing great weekend",8,226893,41.2
"shirts tank tops",8,226901,41.2
"shortly stay tuned",8,226909,41.21
"shout guys follow",8,226917,41.21
"shut don know",8,226925,41.21
"silence allow made",8,226933,41.21
"silence comes nearest",8,226941,41.21
"silence quite loud",8,226949,41.21
"silent auction items",8,226957,41.21
"simple things like",8,226965,41.22
"singles awareness day",8,226973,41.22
"sitting home alone",8,226981,41.22
"sleep gotta get",8,226989,41.22
"sleep screaming like",8,226997,41.22
"slept like baby",8,227005,41.22
"slight chance showers",8,227013,41.22
"small dreams power",8,227021,41.23
"small group people",8,227029,41.23
"smells like bbq",8,227037,41.23
"smells like cheese",8,227045,41.23
"smile make smile",8,227053,41.23
"smiles hide deepest",8,227061,41.23
"social last night",8,227069,41.23
"social media director",8,227077,41.24
"social media events",8,227085,41.24
"social media facebook",8,227093,41.24
"social media internet",8,227101,41.24
"social media networking",8,227109,41.24
"social media real",8,227117,41.24
"social media seminar",8,227125,41.24
"social media session",8,227133,41.25
"social media tip",8,227141,41.25
"social media users",8,227149,41.25
"social media video",8,227157,41.25
"social studies teacher",8,227165,41.25
"social studies teachers",8,227173,41.25
"somebody don really",8,227181,41.25
"somebody sigh life",8,227189,41.26
"song coming soon",8,227197,41.26
"song heart sing",8,227205,41.26
"songs like hear",8,227213,41.26
"sonic baltimore liberty",8,227221,41.26
"soon don worry",8,227229,41.26
"soon got home",8,227237,41.26
"soon jumps hitting",8,227245,41.27
"soon just got",8,227253,41.27
"soon keep eyes",8,227261,41.27
"soon take care",8,227269,41.27
"sorry anyone got",8,227277,41.27
"sorry burst bubble",8,227285,41.27
"sorry did get",8,227293,41.27
"sorry hear having",8,227301,41.28
"sorry hear news",8,227309,41.28
"sorry hope get",8,227317,41.28
"sorry missed guys",8,227325,41.28
"soul train line",8,227333,41.28
"sound like bad",8,227341,41.28
"sound like old",8,227349,41.29
"sound like plan",8,227357,41.29
"sounds great right",8,227365,41.29
"sounds like better",8,227373,41.29
"sounds like did",8,227381,41.29
"sounds like don",8,227389,41.29
"sounds like place",8,227397,41.29
"sounds like quite",8,227405,41.3
"sounds like win",8,227413,41.3
"special needs kids",8,227421,41.3
"speech words become",8,227429,41.3
"spend time today",8,227437,41.3
"spend time twitter",8,227445,41.3
"spent hour minutes",8,227453,41.3
"spirits encountered violent",8,227461,41.31
"spot trending il",8,227469,41.31
"spreading light candle",8,227477,41.31
"st correct answer",8,227485,41.31
"st last night",8,227493,41.31
"st new york",8,227501,41.31
"st th ave",8,227509,41.31
"standing garage makes",8,227517,41.32
"star hollywood walk",8,227525,41.32
"starring eric roberts",8,227533,41.32
"start day smile",8,227541,41.32
"start great day",8,227549,41.32
"start summer right",8,227557,41.32
"start time pm",8,227565,41.32
"starting make sense",8,227573,41.33
"starts pm today",8,227581,41.33
"status rating system",8,227589,41.33
"stay away might",8,227597,41.33
"step don just",8,227605,41.33
"steve jobs bob",8,227613,41.33
"stop asking questions",8,227621,41.33
"stop speech words",8,227629,41.34
"stop talking bout",8,227637,41.34
"stops train station",8,227645,41.34
"story thanks sharing",8,227653,41.34
"striking keep playing",8,227661,41.34
"stuck head today",8,227669,41.34
"studies require sufficient",8,227677,41.34
"success progressive realization",8,227685,41.35
"success sum small",8,227693,41.35
"successful people keep",8,227701,41.35
"suggestions let know",8,227709,41.35
"sum small efforts",8,227717,41.35
"summer just corner",8,227725,41.35
"summer school starts",8,227733,41.35
"sun pm pm",8,227741,41.36
"sunday monday tuesday",8,227749,41.36
"super powers power",8,227757,41.36
"support dot com",8,227765,41.36
"sure check email",8,227773,41.36
"sure get good",8,227781,41.36
"sure get lot",8,227789,41.36
"sure just got",8,227797,41.37
"sure really want",8,227805,41.37
"sure sure sure",8,227813,41.37
"surviving bar historic",8,227821,41.37
"sweet just got",8,227829,41.37
"system click com",8,227837,41.37
"take advantage free",8,227845,41.38
"take away number",8,227853,41.38
"take bus breaks",8,227861,41.38
"take deep breathe",8,227869,41.38
"take forever reply",8,227877,41.38
"take granted things",8,227885,41.38
"take great care",8,227893,41.38
"take like man",8,227901,41.39
"take responsibility actions",8,227909,41.39
"take responsibility own",8,227917,41.39
"take take take",8,227925,41.39
"take things granted",8,227933,41.39
"take time count",8,227941,41.39
"take time listen",8,227949,41.39
"take time read",8,227957,41.4
"take yo bed",8,227965,41.4
"takes center stage",8,227973,41.4
"taking new clients",8,227981,41.4
"taking step time",8,227989,41.4
"tap part brain",8,227997,41.4
"tapped russian river",8,228005,41.4
"taste lord good",8,228013,41.41
"tasting tonight pm",8,228021,41.41
"tax cuts rich",8,228029,41.41
"taylor swift love",8,228037,41.41
"team good luck",8,228045,41.41
"tears running face",8,228053,41.41
"tell beautiful friends",8,228061,41.41
"tell friends ft",8,228069,41.42
"tell friends tell",8,228077,41.42
"telling miles run",8,228085,41.42
"test teaches lesson",8,228093,41.42
"texas cheese steak",8,228101,41.42
"texas oldest surviving",8,228109,41.42
"th anniversary jan",8,228117,41.42
"th anniversary titanic",8,228125,41.43
"th april th",8,228133,41.43
"th follower thank",8,228141,41.43
"th pm ages",8,228149,41.43
"th pm come",8,228157,41.43
"th pm free",8,228165,41.43
"th pm www",8,228173,41.43
"th rd pick",8,228181,41.44
"th st th",8,228189,41.44
"th straight year",8,228197,41.44
"th th get",8,228205,41.44
"thank great season",8,228213,41.44
"thank helped make",8,228221,41.44
"thank last week",8,228229,41.44
"thank nice day",8,228237,41.45
"thank showing love",8,228245,41.45
"thank support really",8,228253,41.45
"thank wait get",8,228261,41.45
"thank working hard",8,228269,41.45
"thanks answering question",8,228277,41.45
"thanks appreciate kind",8,228285,41.46
"thanks artists work",8,228293,41.46
"thanks awesome day",8,228301,41.46
"thanks came made",8,228309,41.46
"thanks came today",8,228317,41.46
"thanks chris great",8,228325,41.46
"thanks david hope",8,228333,41.46
"thanks fans came",8,228341,41.47
"thanks follow enjoyed",8,228349,41.47
"thanks follow fan",8,228357,41.47
"thanks follow jason",8,228365,41.47
"thanks follow loving",8,228373,41.47
"thanks follow miss",8,228381,41.47
"thanks follow paul",8,228389,41.47
"thanks follow spread",8,228397,41.48
"thanks following awesome",8,228405,41.48
"thanks following really",8,228413,41.48
"thanks following wait",8,228421,41.48
"thanks glad enjoy",8,228429,41.48
"thanks good hear",8,228437,41.48
"thanks happy wednesday",8,228445,41.48
"thanks having fun",8,228453,41.49
"thanks hope join",8,228461,41.49
"thanks lot appreciate",8,228469,41.49
"thanks lunch today",8,228477,41.49
"thanks man let",8,228485,41.49
"thanks new likes",8,228493,41.49
"thanks recent mentions",8,228501,41.49
"thanks saying hello",8,228509,41.5
"thanks saying hi",8,228517,41.5
"thanks tweet great",8,228525,41.5
"thing gonna alright",8,228533,41.5
"things don wanna",8,228541,41.5
"things going way",8,228549,41.5
"things happen don",8,228557,41.5
"things like make",8,228565,41.51
"things look change",8,228573,41.51
"things matter martin",8,228581,41.51
"think better love",8,228589,41.51
"think better place",8,228597,41.51
"think both know",8,228605,41.51
"think get away",8,228613,41.51
"think going cry",8,228621,41.52
"think going just",8,228629,41.52
"think good luck",8,228637,41.52
"think got hacked",8,228645,41.52
"think know idea",8,228653,41.52
"think know just",8,228661,41.52
"think might know",8,228669,41.52
"think people don",8,228677,41.53
"think people want",8,228685,41.53
"think time make",8,228693,41.53
"think wait pray",8,228701,41.53
"tho don know",8,228709,41.53
"thought crossed mind",8,228717,41.53
"thought exact thing",8,228725,41.53
"thought pretty cool",8,228733,41.54
"thoughts go family",8,228741,41.54
"thousand miles away",8,228749,41.54
"thousand miles must",8,228757,41.54
"throwing away diamond",8,228765,41.54
"thursday march pm",8,228773,41.54
"thursday new friday",8,228781,41.55
"tickets tomorrow game",8,228789,41.55
"tickets tonight game",8,228797,41.55
"till school starts",8,228805,41.55
"time come check",8,228813,41.55
"time guys go",8,228821,41.55
"time just right",8,228829,41.55
"time las vegas",8,228837,41.56
"time make new",8,228845,41.56
"time mind spending",8,228853,41.56
"time start making",8,228861,41.56
"time step game",8,228869,41.56
"time waste life",8,228877,41.56
"time year start",8,228885,41.56
"tips lower anti",8,228893,41.57
"tired don know",8,228901,41.57
"tired don want",8,228909,41.57
"tired just got",8,228917,41.57
"tired need sleep",8,228925,41.57
"title gone title",8,228933,41.57
"title head body",8,228941,41.57
"today day day",8,228949,41.58
"today going beautiful",8,228957,41.58
"today going fun",8,228965,41.58
"today gone tomorrow",8,228973,41.58
"today good friday",8,228981,41.58
"today good stuff",8,228989,41.58
"today got love",8,228997,41.58
"today hope don",8,229005,41.59
"today hope good",8,229013,41.59
"today hope having",8,229021,41.59
"today insider branding",8,229029,41.59
"today interesting day",8,229037,41.59
"today just going",8,229045,41.59
"today just great",8,229053,41.59
"today just time",8,229061,41.6
"today kind day",8,229069,41.6
"today lets get",8,229077,41.6
"today lots fun",8,229085,41.6
"today love guys",8,229093,41.6
"today love people",8,229101,41.6
"today sad day",8,229109,41.6
"today sandwich mini",8,229117,41.61
"today sandwich turkey",8,229125,41.61
"today spring break",8,229133,41.61
"today start new",8,229141,41.61
"today years ago",8,229149,41.61
"toes water sand",8,229157,41.61
"told obese don",8,229165,41.61
"told yr old",8,229173,41.62
"tomorrow anyone going",8,229181,41.62
"tomorrow great day",8,229189,41.62
"tomorrow pm free",8,229197,41.62
"tonight anyone going",8,229205,41.62
"tonight come party",8,229213,41.62
"tonight dj playing",8,229221,41.63
"tonight doors pm",8,229229,41.63
"tonight drink specials",8,229237,41.63
"tonight get free",8,229245,41.63
"tonight get home",8,229253,41.63
"tonight going get",8,229261,41.63
"tonight gotta get",8,229269,41.63
"tonight great music",8,229277,41.64
"tonight great way",8,229285,41.64
"tonight haven seen",8,229293,41.64
"tonight open bar",8,229301,41.64
"tonight performing live",8,229309,41.64
"tonight pretty good",8,229317,41.64
"tonight stop say",8,229325,41.64
"tonight way go",8,229333,41.65
"took little break",8,229341,41.65
"totally agree need",8,229349,41.65
"train noise get",8,229357,41.65
"train station train",8,229365,41.65
"train stops desk",8,229373,41.65
"tried true george",8,229381,41.65
"trip new orleans",8,229389,41.66
"trouble neglect angels",8,229397,41.66
"true false using",8,229405,41.66
"try different way",8,229413,41.66
"try get tickets",8,229421,41.66
"try just time",8,229429,41.66
"try make good",8,229437,41.66
"try make jealous",8,229445,41.67
"try take world",8,229453,41.67
"trying change world",8,229461,41.67
"trying figure going",8,229469,41.67
"trying figure make",8,229477,41.67
"trying hold care",8,229485,41.67
"trying impress people",8,229493,41.67
"trying make feel",8,229501,41.68
"trying make happy",8,229509,41.68
"trying make sense",8,229517,41.68
"trying make things",8,229525,41.68
"trying make world",8,229533,41.68
"trying remember knew",8,229541,41.68
"turkey wild rice",8,229549,41.68
"turtle makes progress",8,229557,41.69
"tweet feel like",8,229565,41.69
"tweet limit account",8,229573,41.69
"tweet mean world",8,229581,41.69
"tweeting brain surgery",8,229589,41.69
"twitter friends happy",8,229597,41.69
"twitter great day",8,229605,41.69
"twitter town hall",8,229613,41.7
"twitter way better",8,229621,41.7
"type barrel roll",8,229629,41.7
"ugh don like",8,229637,41.7
"ugh don wanna",8,229645,41.7
"ugh really need",8,229653,41.7
"uh oh going",8,229661,41.7
"underground tent party",8,229669,41.71
"united states government",8,229677,41.71
"united way caring",8,229685,41.71
"ur fans seen",8,229693,41.71
"use twitter account",8,229701,41.71
"use united way",8,229709,41.71
"user does exist",8,229717,41.72
"user group ft",8,229725,41.72
"uses social media",8,229733,41.72
"usually don like",8,229741,41.72
"valentine day did",8,229749,41.72
"valentines day hope",8,229757,41.72
"venues artists get",8,229765,41.72
"video posted amazing",8,229773,41.73
"video radio star",8,229781,41.73
"vince young signed",8,229789,41.73
"vintage winter fest",8,229797,41.73
"visit www facebook",8,229805,41.73
"vote ron paul",8,229813,41.73
"voter id laws",8,229821,41.73
"wait game tomorrow",8,229829,41.74
"wait go work",8,229837,41.74
"wait great things",8,229845,41.74
"wait hear album",8,229853,41.74
"wait hear details",8,229861,41.74
"wait hear music",8,229869,41.74
"wait new single",8,229877,41.74
"wait pray forgive",8,229885,41.75
"wait saturday night",8,229893,41.75
"waited long time",8,229901,41.75
"waiting day baby",8,229909,41.75
"waiting follow like",8,229917,41.75
"waiting last minute",8,229925,41.75
"waiting take stage",8,229933,41.75
"wake super early",8,229941,41.76
"walk away know",8,229949,41.76
"walk away let",8,229957,41.76
"walk away walk",8,229965,41.76
"walk fri pm",8,229973,41.76
"walk work day",8,229981,41.76
"walker texas ranger",8,229989,41.76
"walks bar asks",8,229997,41.77
"wanna get done",8,230005,41.77
"wanna get followers",8,230013,41.77
"wanna hold hand",8,230021,41.77
"wanna know like",8,230029,41.77
"wanna run away",8,230037,41.77
"wanna stay home",8,230045,41.77
"want cake cake",8,230053,41.78
"want come home",8,230061,41.78
"want cut hair",8,230069,41.78
"want give big",8,230077,41.78
"want grab coffee",8,230085,41.78
"want hear thoughts",8,230093,41.78
"want meet new",8,230101,41.78
"want say goodbye",8,230109,41.79
"want say hello",8,230117,41.79
"want somebody want",8,230125,41.79
"want summer come",8,230133,41.79
"want take bus",8,230141,41.79
"want take control",8,230149,41.79
"want things change",8,230157,41.79
"want want bad",8,230165,41.8
"want world know",8,230173,41.8
"wants help get",8,230181,41.8
"wants win free",8,230189,41.8
"ward town hall",8,230197,41.8
"warm sunny day",8,230205,41.8
"washington dc area",8,230213,41.81
"waste time trying",8,230221,41.81
"watch gossip girl",8,230229,41.81
"watch last week",8,230237,41.81
"watch old episodes",8,230245,41.81
"watch paint dry",8,230253,41.81
"watch party tonight",8,230261,41.81
"watches just free",8,230269,41.82
"watching desperate housewives",8,230277,41.82
"watching game right",8,230285,41.82
"watching game tv",8,230293,41.82
"watching get real",8,230301,41.82
"watching hockey game",8,230309,41.82
"watching house hunters",8,230317,41.82
"watching man vs",8,230325,41.83
"watching tv shows",8,230333,41.83
"way doing things",8,230341,41.83
"way get ready",8,230349,41.83
"way treat people",8,230357,41.83
"wayne sold stake",8,230365,41.83
"ways get involved",8,230373,41.83
"ways spreading light",8,230381,41.84
"weave plus tax",8,230389,41.84
"website looks like",8,230397,41.84
"website www net",8,230405,41.84
"wedding dress shopping",8,230413,41.84
"wednesday thursday friday",8,230421,41.84
"week check www",8,230429,41.84
"week stop booth",8,230437,41.85
"weekend big plans",8,230445,41.85
"weekend don miss",8,230453,41.85
"weekend happy friday",8,230461,41.85
"weekend oh yeah",8,230469,41.85
"weekend went fast",8,230477,41.85
"weight loss coach",8,230485,41.85
"welcome keep great",8,230493,41.86
"welcome new students",8,230501,41.86
"wen get home",8,230509,41.86
"whats good got",8,230517,41.86
"white labor day",8,230525,41.86
"whitney houston family",8,230533,41.86
"wife just told",8,230541,41.86
"win brand new",8,230549,41.87
"win free ipad",8,230557,41.87
"win free stuff",8,230565,41.87
"win free tee",8,230573,41.87
"win game go",8,230581,41.87
"win nba title",8,230589,41.87
"wish best future",8,230597,41.87
"wish happy th",8,230605,41.88
"wish life like",8,230613,41.88
"wish little bit",8,230621,41.88
"wish take credit",8,230629,41.88
"wish went school",8,230637,41.88
"wish work today",8,230645,41.88
"won get anywhere",8,230653,41.89
"won taste good",8,230661,41.89
"wonderful new followers",8,230669,41.89
"wont able go",8,230677,41.89
"wont go away",8,230685,41.89
"wont stop tweeting",8,230693,41.89
"word good luck",8,230701,41.89
"words explain love",8,230709,41.9
"work beautiful day",8,230717,41.9
"work done week",8,230725,41.9
"work hard stay",8,230733,41.9
"work last week",8,230741,41.9
"work late night",8,230749,41.9
"work makes feel",8,230757,41.9
"work monday morning",8,230765,41.91
"work thank goodness",8,230773,41.91
"work today get",8,230781,41.91
"work today going",8,230789,41.91
"work unless maya",8,230797,41.91
"working hard today",8,230805,41.91
"working new blog",8,230813,41.91
"working new book",8,230821,41.92
"working new track",8,230829,41.92
"world end tomorrow",8,230837,41.92
"world good morning",8,230845,41.92
"world peace elbow",8,230853,41.92
"world songs people",8,230861,41.92
"world world world",8,230869,41.92
"worse tried succeed",8,230877,41.93
"worth reading worth",8,230885,41.93
"wow haven seen",8,230893,41.93
"wow just hit",8,230901,41.93
"wow last tweet",8,230909,41.93
"wow really nice",8,230917,41.93
"writers hall fame",8,230925,41.93
"wrong place wrong",8,230933,41.94
"www com code",8,230941,41.94
"www com columbus",8,230949,41.94
"www com fun",8,230957,41.94
"www com hope",8,230965,41.94
"www com join",8,230973,41.94
"www com lets",8,230981,41.94
"www com need",8,230989,41.95
"www com shop",8,230997,41.95
"www com supply",8,231005,41.95
"yahoo sports blog",8,231013,41.95
"yards good arm",8,231021,41.95
"yea don know",8,231029,41.95
"yeah just did",8,231037,41.95
"yeah just let",8,231045,41.96
"yeah sounds right",8,231053,41.96
"yeah yeah right",8,231061,41.96
"year family world",8,231069,41.96
"year happy birthday",8,231077,41.96
"years going strong",8,231085,41.96
"years long time",8,231093,41.96
"yes feel free",8,231101,41.97
"yes just saw",8,231109,41.97
"yesterday use today",8,231117,41.97
"youth parade houston",8,231125,41.97
"yr old nephew",8,231133,41.97
"yr old sister",8,231141,41.97
"yrs ago day",8,231149,41.98
"absolutely beautiful day",8,231157,41.98
"achievement takes place",8,231165,41.98
"amazing keep good",8,231173,41.98
"baby let love",8,231181,41.98
"bad think life",8,231189,41.98
"bad troops command",8,231197,41.98
"bed bed bed",8,231205,41.99
"better ralph emerson",8,231213,41.99
"biggest mistake make",8,231221,41.99
"bowl ice cream",8,231229,41.99
"celebrate grand opening",8,231237,41.99
"come join lunch",8,231245,41.99
"come late start",8,231253,41.99
"coming school tomorrow",8,231261,42
"convince mum buy",8,231269,42
"day good friends",8,231277,42
"day like day",8,231285,42
"did change ur",8,231293,42
"don last tough",8,231301,42
"don pull shade",8,231309,42
"don think quite",8,231317,42.01
"downs gave days",8,231325,42.01
"education mark twain",8,231333,42.01
"et run pm",8,231341,42.01
"feel like absolute",8,231349,42.01
"feelings sound like",8,231357,42.01
"fine thanks asking",8,231365,42.01
"followers give away",8,231373,42.02
"following tom shaw",8,231381,42.02
"foster indy mart",8,231389,42.02
"fried egg sandwich",8,231397,42.02
"friend help move",8,231405,42.02
"get rid headache",8,231413,42.02
"getting great reviews",8,231421,42.02
"ghetto word day",8,231429,42.03
"go work monday",8,231437,42.03
"going go eat",8,231445,42.03
"good good bad",8,231453,42.03
"good know good",8,231461,42.03
"good luck brother",8,231469,42.03
"good luck chicago",8,231477,42.03
"good morning little",8,231485,42.04
"good second time",8,231493,42.04
"got done talking",8,231501,42.04
"gotta look good",8,231509,42.04
"great meet look",8,231517,42.04
"great meeting great",8,231525,42.04
"great way learn",8,231533,42.04
"great way support",8,231541,42.05
"great white shark",8,231549,42.05
"hi nice article",8,231557,42.05
"ideas bringing music",8,231565,42.05
"just ate cookies",8,231573,42.05
"just going tweet",8,231581,42.05
"just got letter",8,231589,42.06
"just keep smiling",8,231597,42.06
"just saw truck",8,231605,42.06
"know anyone does",8,231613,42.06
"know make happen",8,231621,42.06
"know sent opened",8,231629,42.06
"let go racing",8,231637,42.06
"let go reds",8,231645,42.07
"lets try get",8,231653,42.07
"life oh wells",8,231661,42.07
"like going explode",8,231669,42.07
"little house prairie",8,231677,42.07
"look like giant",8,231685,42.07
"love college football",8,231693,42.07
"love song love",8,231701,42.08
"make better ralph",8,231709,42.08
"make matters worse",8,231717,42.08
"man best luck",8,231725,42.08
"man just told",8,231733,42.08
"matter good bad",8,231741,42.08
"men basketball coach",8,231749,42.08
"mum buy wish",8,231757,42.09
"music feelings sound",8,231765,42.09
"music video youtube",8,231773,42.09
"nba dunk contest",8,231781,42.09
"need go mall",8,231789,42.09
"new family member",8,231797,42.09
"new phone text",8,231805,42.09
"nice article think",8,231813,42.1
"night getting ready",8,231821,42.1
"ok make sure",8,231829,42.1
"opportunity appears don",8,231837,42.1
"own opinion just",8,231845,42.1
"people think say",8,231853,42.1
"philadelphia born raised",8,231861,42.1
"president day weekend",8,231869,42.11
"proud hard work",8,231877,42.11
"push woo woo",8,231885,42.11
"questions like ask",8,231893,42.11
"right haven seen",8,231901,42.11
"sit like seal",8,231909,42.11
"social media helps",8,231917,42.11
"taylor gang taylor",8,231925,42.12
"th birthday amazing",8,231933,42.12
"thanks good morning",8,231941,42.12
"thanks just made",8,231949,42.12
"thanks quick reply",8,231957,42.12
"thing thing thing",8,231965,42.12
"think go get",8,231973,42.12
"think going buy",8,231981,42.13
"times don last",8,231989,42.13
"today just gonna",8,231997,42.13
"today just wanna",8,232005,42.13
"tonight really good",8,232013,42.13
"tonight year old",8,232021,42.13
"tough times don",8,232029,42.13
"troops command make",8,232037,42.14
"want anyone know",8,232045,42.14
"watched like times",8,232053,42.14
"won text won",8,232061,42.14
"work curse drinking",8,232069,42.14
"work hard day",8,232077,42.14
"work today tomorrow",8,232085,42.15
"wow just noticed",8,232093,42.15
"wow just watched",8,232101,42.15
"wow looks amazing",8,232109,42.15
"year last night",8,232117,42.15
"yesterday happy birthday",8,232125,42.15
"make sure download",8,232133,42.15
"parks new parks",8,232141,42.16
"trick trick trick",8,232149,42.16
"able cash experience",7,232156,42.16
"able entertain thought",7,232163,42.16
"able keep relationship",7,232170,42.16
"absolutely chicago tours",7,232177,42.16
"absolutely gorgeous day",7,232184,42.16
"absolutely love just",7,232191,42.16
"absolutely love love",7,232198,42.17
"access hockey games",7,232205,42.17
"accomplish far shorter",7,232212,42.17
"account get hacked",7,232219,42.17
"account just got",7,232226,42.17
"achieved add left",7,232233,42.17
"achievement done hope",7,232240,42.17
"achievement hope wish",7,232247,42.17
"act endless forgiveness",7,232254,42.18
"acting class tonight",7,232261,42.18
"actually feel like",7,232268,42.18
"actually make money",7,232275,42.18
"actually read tweets",7,232282,42.18
"actually sounds really",7,232289,42.18
"add left take",7,232296,42.18
"add regular duties",7,232303,42.18
"add value home",7,232310,42.19
"adele rolling deep",7,232317,42.19
"ages register online",7,232324,42.19
"aids walk ride",7,232331,42.19
"air tonight pm",7,232338,42.19
"album www com",7,232345,42.19
"angel puff daddy",7,232352,42.19
"angels gate cultural",7,232359,42.19
"annual soccer tournament",7,232366,42.2
"answer sings song",7,232373,42.2
"answered own question",7,232380,42.2
"anybody entire universe",7,232387,42.2
"anybody wanna play",7,232394,42.2
"anyone heads hearts",7,232401,42.2
"anyone want free",7,232408,42.2
"anyone want guess",7,232415,42.21
"anyone want take",7,232422,42.21
"anything don want",7,232429,42.21
"anything fun going",7,232436,42.21
"anything fun weekend",7,232443,42.21
"anything going tonight",7,232450,42.21
"anything worth doing",7,232457,42.21
"apartment last night",7,232464,42.21
"apologize let go",7,232471,42.22
"app just got",7,232478,42.22
"apple day keeps",7,232485,42.22
"appreciate spreading word",7,232492,42.22
"april th going",7,232499,42.22
"april th make",7,232506,42.22
"arms wide open",7,232513,42.22
"arrive manner traveling",7,232520,42.22
"articles value watch",7,232527,42.23
"artist like real",7,232534,42.23
"artist paid labor",7,232541,42.23
"artist www com",7,232548,42.23
"artists work music",7,232555,42.23
"ask ye shall",7,232562,42.23
"attending suit bubble",7,232569,42.23
"attention men say",7,232576,42.23
"aug point state",7,232583,42.24
"aug th pm",7,232590,42.24
"austin san antonio",7,232597,42.24
"austin texas live",7,232604,42.24
"auto repair oil",7,232611,42.24
"avoiding danger safer",7,232618,42.24
"aw sweet thank",7,232625,42.24
"awake henry david",7,232632,42.24
"away like boss",7,232639,42.25
"away smart let",7,232646,42.25
"awesome big fan",7,232653,42.25
"awesome happy birthday",7,232660,42.25
"awesome love mean",7,232667,42.25
"awesome thanks follow",7,232674,42.25
"awesome thanks info",7,232681,42.25
"awesome thanks letting",7,232688,42.25
"awesome thanks shout",7,232695,42.26
"awesome things happening",7,232702,42.26
"baby mama drama",7,232709,42.26
"bad day make",7,232716,42.26
"bad day work",7,232723,42.26
"bad hair days",7,232730,42.26
"bad idea just",7,232737,42.26
"bad let know",7,232744,42.26
"bad meets evil",7,232751,42.27
"bad news bad",7,232758,42.27
"bad start day",7,232765,42.27
"bad thing just",7,232772,42.27
"ball hard wanna",7,232779,42.27
"band really good",7,232786,42.27
"battery last longer",7,232793,42.27
"battle bands houston",7,232800,42.27
"bc ceo ok",7,232807,42.28
"bean tea leaf",7,232814,42.28
"bear bull family",7,232821,42.28
"beats fast bass",7,232828,42.28
"beautiful baby girl",7,232835,42.28
"beautiful beautiful beautiful",7,232842,42.28
"beautiful hope great",7,232849,42.28
"beautiful just beautiful",7,232856,42.29
"bed dealer alarm",7,232863,42.29
"bed fall asleep",7,232870,42.29
"bed watching movies",7,232877,42.29
"beer cheese soup",7,232884,42.29
"beer good people",7,232891,42.29
"began developing network",7,232898,42.29
"begin genius power",7,232905,42.29
"behold turtle makes",7,232912,42.3
"belief equal force",7,232919,42.3
"believe don know",7,232926,42.3
"believe dreams come",7,232933,42.3
"believe leaves left",7,232940,42.3
"believe raise hand",7,232947,42.3
"believer luck find",7,232954,42.3
"belong zoo don",7,232961,42.3
"benefits giving soul",7,232968,42.31
"best birthday gift",7,232975,42.31
"best day love",7,232982,42.31
"best foot forward",7,232989,42.31
"best friends get",7,232996,42.31
"best friends got",7,233003,42.31
"best let know",7,233010,42.31
"best let rest",7,233017,42.31
"best luck love",7,233024,42.32
"best luck man",7,233031,42.32
"best luck weekend",7,233038,42.32
"best man win",7,233045,42.32
"best part today",7,233052,42.32
"best part working",7,233059,42.32
"best pg league",7,233066,42.32
"best pg nba",7,233073,42.32
"best seen years",7,233080,42.33
"best seller list",7,233087,42.33
"best thing get",7,233094,42.33
"best thing having",7,233101,42.33
"best thing just",7,233108,42.33
"best time day",7,233115,42.33
"best time make",7,233122,42.33
"best way avoid",7,233129,42.33
"best way cheer",7,233136,42.34
"best way deal",7,233143,42.34
"better becomes mercy",7,233150,42.34
"better feel better",7,233157,42.34
"better get going",7,233164,42.34
"better get soon",7,233171,42.34
"better hire help",7,233178,42.34
"better stay away",7,233185,42.34
"better understand client",7,233192,42.35
"better way enjoy",7,233199,42.35
"big canvas throw",7,233206,42.35
"big daddy kane",7,233213,42.35
"big deal really",7,233220,42.35
"big thanks new",7,233227,42.35
"big things works",7,233234,42.35
"big weekend ahead",7,233241,42.36
"biggest mistake made",7,233248,42.36
"biggest pet people",7,233255,42.36
"biggest role model",7,233262,42.36
"billy boy brad",7,233269,42.36
"bin laden raid",7,233276,42.36
"birthday baby love",7,233283,42.36
"birthday dear happy",7,233290,42.36
"birthday party tomorrow",7,233297,42.37
"birthday saturday club",7,233304,42.37
"birthday today get",7,233311,42.37
"bit www com",7,233318,42.37
"biting apple find",7,233325,42.37
"blessed productive day",7,233332,42.37
"blog blog archive",7,233339,42.37
"blog post great",7,233346,42.37
"blog post tomorrow",7,233353,42.38
"blog stay tuned",7,233360,42.38
"blowing mind right",7,233367,42.38
"blue faces like",7,233374,42.38
"blue slide park",7,233381,42.38
"blvd los angeles",7,233388,42.38
"bmw new car",7,233395,42.38
"bob hope johnny",7,233402,42.38
"book don know",7,233409,42.39
"book great read",7,233416,42.39
"book launch party",7,233423,42.39
"book party saturday",7,233430,42.39
"boss add regular",7,233437,42.39
"boss work hours",7,233444,42.39
"bought hunger games",7,233451,42.39
"bout get workout",7,233458,42.39
"bout go home",7,233465,42.4
"bout go take",7,233472,42.4
"boys don cry",7,233479,42.4
"boys let go",7,233486,42.4
"brains head feet",7,233493,42.4
"brand new home",7,233500,42.4
"brand new single",7,233507,42.4
"brass monkey milwaukee",7,233514,42.4
"break honest going",7,233521,42.41
"breaks way carry",7,233528,42.41
"bridge don good",7,233535,42.41
"bring hollywood home",7,233542,42.41
"bring joy happiness",7,233549,42.41
"bring new toy",7,233556,42.41
"bring non food",7,233563,42.41
"broccoli sugar free",7,233570,42.41
"brother art thou",7,233577,42.42
"brother comes home",7,233584,42.42
"brother sister law",7,233591,42.42
"brought tear eye",7,233598,42.42
"brown looks like",7,233605,42.42
"brown mike brown",7,233612,42.42
"bruins game tonight",7,233619,42.42
"buck lot tougher",7,233626,42.42
"bud painful risk",7,233633,42.43
"building prayer app",7,233640,42.43
"burton dark shadows",7,233647,42.43
"business card design",7,233654,42.43
"busy time year",7,233661,42.43
"busy work week",7,233668,42.43
"butterfly sting like",7,233675,42.43
"buy book www",7,233682,42.44
"buy concert tickets",7,233689,42.44
"bye bye love",7,233696,42.44
"bye free bracelet",7,233703,42.44
"camera speed action",7,233710,42.44
"camps texas held",7,233717,42.44
"canceled go sleep",7,233724,42.44
"canvas throw paint",7,233731,42.44
"cap gown today",7,233738,42.45
"caps win game",7,233745,42.45
"car ride home",7,233752,42.45
"card www com",7,233759,42.45
"cards www com",7,233766,42.45
"career diverse music",7,233773,42.45
"carolina chocolate drops",7,233780,42.45
"carolina marry cousin",7,233787,42.45
"case divorce really",7,233794,42.46
"cast iron skillet",7,233801,42.46
"catering take chicken",7,233808,42.46
"caused standing own",7,233815,42.46
"celebrity tie event",7,233822,42.46
"certain way succeed",7,233829,42.46
"chains know key",7,233836,42.46
"chance check music",7,233843,42.46
"change anything george",7,233850,42.47
"change better accompanied",7,233857,42.47
"change flat tire",7,233864,42.47
"change holds world",7,233871,42.47
"changed password sorry",7,233878,42.47
"charges nights weekends",7,233885,42.47
"charlotte north carolina",7,233892,42.47
"chase perfection catch",7,233899,42.47
"check app store",7,233906,42.48
"check awesome new",7,233913,42.48
"check facebook twitter",7,233920,42.48
"check golden light",7,233927,42.48
"check new background",7,233934,42.48
"check new profile",7,233941,42.48
"check tomorrow night",7,233948,42.48
"check work email",7,233955,42.48
"checking let know",7,233962,42.49
"checking make sure",7,233969,42.49
"chicago bulls pg",7,233976,42.49
"chicago manual style",7,233983,42.49
"chicken mashed potatoes",7,233990,42.49
"child protective services",7,233997,42.49
"childhood classic case",7,234004,42.49
"chili cents extra",7,234011,42.49
"choice auto glass",7,234018,42.5
"choices chances changes",7,234025,42.5
"choices make living",7,234032,42.5
"chris brown new",7,234039,42.5
"christmas party tonight",7,234046,42.5
"citizens bank park",7,234053,42.5
"city county building",7,234060,42.5
"city dance team",7,234067,42.51
"city walk fri",7,234074,42.51
"class good luck",7,234081,42.51
"classes high school",7,234088,42.51
"classes start tomorrow",7,234095,42.51
"classic rock roll",7,234102,42.51
"classic wednesday time",7,234109,42.51
"clean litter box",7,234116,42.51
"clever don understand",7,234123,42.52
"clicking follow button",7,234130,42.52
"clippers lets go",7,234137,42.52
"close relate far",7,234144,42.52
"close right force",7,234151,42.52
"closed easter sunday",7,234158,42.52
"club jack london",7,234165,42.52
"co dynamic ip",7,234172,42.52
"co ed softball",7,234179,42.53
"co own account",7,234186,42.53
"coaching www com",7,234193,42.53
"cold cold cold",7,234200,42.53
"cold war kids",7,234207,42.53
"com modeling contract",7,234214,42.53
"com nhl games",7,234221,42.53
"come cd release",7,234228,42.53
"come check band",7,234235,42.54
"come check live",7,234242,42.54
"come home love",7,234249,42.54
"come home take",7,234256,42.54
"come join free",7,234263,42.54
"comeback player year",7,234270,42.54
"comedy club tonight",7,234277,42.54
"comes full circle",7,234284,42.54
"comfortable classy appealing",7,234291,42.55
"coming write big",7,234298,42.55
"command great things",7,234305,42.55
"commercial last night",7,234312,42.55
"committee human services",7,234319,42.55
"committee meeting tonight",7,234326,42.55
"common way people",7,234333,42.55
"communication hear said",7,234340,42.55
"community acceptance program",7,234347,42.56
"companies poised creation",7,234354,42.56
"concert june nd",7,234361,42.56
"connected looking forward",7,234368,42.56
"conscience usually sign",7,234375,42.56
"contact customer service",7,234382,42.56
"contact today info",7,234389,42.56
"contractors indiana companies",7,234396,42.56
"cooking dinner tonight",7,234403,42.57
"cool don want",7,234410,42.57
"cool glad liked",7,234417,42.57
"cool thanks following",7,234424,42.57
"cool thanks info",7,234431,42.57
"copy town veteran",7,234438,42.57
"corner pouring rain",7,234445,42.57
"corner shower cold",7,234452,42.57
"corner th st",7,234459,42.58
"couch glass wine",7,234466,42.58
"counsel heard given",7,234473,42.58
"countdown days till",7,234480,42.58
"country music makes",7,234487,42.58
"country music videos",7,234494,42.58
"couple hours away",7,234501,42.58
"courage discovery win",7,234508,42.59
"course don know",7,234515,42.59
"cover photo facebook",7,234522,42.59
"crazy crazy crazy",7,234529,42.59
"crazy follow button",7,234536,42.59
"crazy world live",7,234543,42.59
"creation began developing",7,234550,42.59
"creation thought looking",7,234557,42.59
"credit card companies",7,234564,42.6
"cross paths soon",7,234571,42.6
"cry cry cry",7,234578,42.6
"cry like little",7,234585,42.6
"ct viewing party",7,234592,42.6
"cubs opening day",7,234599,42.6
"currently working new",7,234606,42.6
"customers greatest source",7,234613,42.6
"daily poker tip",7,234620,42.61
"dance dance revolution",7,234627,42.61
"dance life creative",7,234634,42.61
"dance life response",7,234641,42.61
"daughter love like",7,234648,42.61
"day baseball game",7,234655,42.61
"day brand new",7,234662,42.61
"day come soon",7,234669,42.61
"day day basis",7,234676,42.62
"day day happy",7,234683,42.62
"day does mean",7,234690,42.62
"day dreaming praying",7,234697,42.62
"day feeling better",7,234704,42.62
"day filled joy",7,234711,42.62
"day finally come",7,234718,42.62
"day get done",7,234725,42.62
"day get focused",7,234732,42.63
"day get married",7,234739,42.63
"day get things",7,234746,42.63
"day going make",7,234753,42.63
"day going school",7,234760,42.63
"day going slow",7,234767,42.63
"day great mothers",7,234774,42.63
"day great people",7,234781,42.63
"day hope guys",7,234788,42.64
"day just love",7,234795,42.64
"day just need",7,234802,42.64
"day just time",7,234809,42.64
"day keeps getting",7,234816,42.64
"day life just",7,234823,42.64
"day live life",7,234830,42.64
"day love job",7,234837,42.64
"day love love",7,234844,42.65
"day lovely mothers",7,234851,42.65
"day month year",7,234858,42.65
"day nice day",7,234865,42.65
"day night love",7,234872,42.65
"day nyc today",7,234879,42.65
"day school year",7,234886,42.65
"day super bowl",7,234893,42.66
"day thanks follow",7,234900,42.66
"day trying make",7,234907,42.66
"day week month",7,234914,42.66
"day work love",7,234921,42.66
"day work weeks",7,234928,42.66
"days hours remaining",7,234935,42.66
"days left vote",7,234942,42.66
"days long nights",7,234949,42.67
"days make days",7,234956,42.67
"days pitchers report",7,234963,42.67
"days till big",7,234970,42.67
"days till go",7,234977,42.67
"days till new",7,234984,42.67
"dc july st",7,234991,42.67
"dealer did candidate",7,234998,42.67
"dear college students",7,235005,42.68
"dear twitter friends",7,235012,42.68
"decided stick love",7,235019,42.68
"deep inside angel",7,235026,42.68
"deepest secrets eyes",7,235033,42.68
"definite plans gives",7,235040,42.68
"del mar fair",7,235047,42.68
"depend eyes imagination",7,235054,42.68
"depending listen defending",7,235061,42.69
"depression low self",7,235068,42.69
"deserve love affection",7,235075,42.69
"design clients websites",7,235082,42.69
"desserts spelled backwards",7,235089,42.69
"details visit www",7,235096,42.69
"detroit red wings",7,235103,42.69
"developing network photographers",7,235110,42.69
"did anyone find",7,235117,42.7
"did anyone take",7,235124,42.7
"did great time",7,235131,42.7
"did interview go",7,235138,42.7
"did just ask",7,235145,42.7
"did just send",7,235152,42.7
"did let go",7,235159,42.7
"did miss last",7,235166,42.7
"did really get",7,235173,42.71
"did really like",7,235180,42.71
"did say did",7,235187,42.71
"different points view",7,235194,42.71
"difficult command great",7,235201,42.71
"difficult dare dare",7,235208,42.71
"difficulty winston churchill",7,235215,42.71
"digital learning day",7,235222,42.71
"dignity importance excellence",7,235229,42.72
"direct message details",7,235236,42.72
"discount code tweet",7,235243,42.72
"discount www com",7,235250,42.72
"discounts california express",7,235257,42.72
"discovery win trying",7,235264,42.72
"dishes tweet recipes",7,235271,42.72
"divorce hundred grand",7,235278,42.72
"divorce really affected",7,235285,42.73
"dj gee kitchen",7,235292,42.73
"dj tonight pm",7,235299,42.73
"doing great keep",7,235306,42.73
"doing great kicking",7,235313,42.73
"doing keep good",7,235320,42.73
"doing sit ups",7,235327,42.73
"doing thanks asking",7,235334,42.74
"doing thing man",7,235341,42.74
"don cheat don",7,235348,42.74
"don check twitter",7,235355,42.74
"don consider myself",7,235362,42.74
"don date beautiful",7,235369,42.74
"don fit anymore",7,235376,42.74
"don forget awesome",7,235383,42.74
"don forget big",7,235390,42.75
"don forget look",7,235397,42.75
"don forget mom",7,235404,42.75
"don forget new",7,235411,42.75
"don forget playing",7,235418,42.75
"don forget smile",7,235425,42.75
"don forget spring",7,235432,42.75
"don forget want",7,235439,42.75
"don forget wish",7,235446,42.76
"don forget write",7,235453,42.76
"don give love",7,235460,42.76
"don give person",7,235467,42.76
"don give sh",7,235474,42.76
"don give time",7,235481,42.76
"don go college",7,235488,42.76
"don good partner",7,235495,42.76
"don great start",7,235502,42.77
"don hate appreciate",7,235509,42.77
"don hate like",7,235516,42.77
"don holding love",7,235523,42.77
"don judge people",7,235530,42.77
"don just don",7,235537,42.77
"don just look",7,235544,42.77
"don just stand",7,235551,42.77
"don just talk",7,235558,42.78
"don just tell",7,235565,42.78
"don know bring",7,235572,42.78
"don know called",7,235579,42.78
"don know fans",7,235586,42.78
"don know friends",7,235593,42.78
"don know full",7,235600,42.78
"don know fun",7,235607,42.78
"don know history",7,235614,42.79
"don know oh",7,235621,42.79
"don know part",7,235628,42.79
"don know pick",7,235635,42.79
"don know reply",7,235642,42.79
"don know spanish",7,235649,42.79
"don know story",7,235656,42.79
"don know stuff",7,235663,42.79
"don know team",7,235670,42.8
"don know told",7,235677,42.8
"don know tomorrow",7,235684,42.8
"don know tried",7,235691,42.8
"don look past",7,235698,42.8
"don love like",7,235705,42.8
"don love woman",7,235712,42.8
"don make heart",7,235719,42.8
"don make permanent",7,235726,42.81
"don make regret",7,235733,42.81
"don make sad",7,235740,42.81
"don mean anything",7,235747,42.81
"don mean sound",7,235754,42.81
"don mind own",7,235761,42.81
"don mind spending",7,235768,42.81
"don really anything",7,235775,42.82
"don really matter",7,235782,42.82
"don really talk",7,235789,42.82
"don remember saying",7,235796,42.82
"don say mean",7,235803,42.82
"don stand fall",7,235810,42.82
"don succeed evidence",7,235817,42.82
"don sugar coat",7,235824,42.82
"don talk just",7,235831,42.83
"don talk problems",7,235838,42.83
"don tell don",7,235845,42.83
"don tell know",7,235852,42.83
"don tell mom",7,235859,42.83
"don think allowed",7,235866,42.83
"don think anybody",7,235873,42.83
"don think best",7,235880,42.83
"don think does",7,235887,42.84
"don think feel",7,235894,42.84
"don think guys",7,235901,42.84
"don think knew",7,235908,42.84
"don think little",7,235915,42.84
"don think necessary",7,235922,42.84
"don think own",7,235929,42.84
"don think real",7,235936,42.84
"don think saw",7,235943,42.85
"don think use",7,235950,42.85
"don think wanna",7,235957,42.85
"don try hide",7,235964,42.85
"don try just",7,235971,42.85
"don ur number",7,235978,42.85
"don wake early",7,235985,42.85
"don want admit",7,235992,42.85
"don want forget",7,235999,42.86
"don want hate",7,236006,42.86
"don want keep",7,236013,42.86
"don want love",7,236020,42.86
"don want night",7,236027,42.86
"don want sit",7,236034,42.86
"don want stay",7,236041,42.86
"don wish easier",7,236048,42.86
"donate red cross",7,236055,42.87
"done hope confidence",7,236062,42.87
"done mentally drained",7,236069,42.87
"done years ago",7,236076,42.87
"doors open get",7,236083,42.87
"dot latest pretty",7,236090,42.87
"doubt get chance",7,236097,42.87
"download app free",7,236104,42.87
"download new song",7,236111,42.88
"downtown farmers market",7,236118,42.88
"downtown san jose",7,236125,42.88
"dream dream big",7,236132,42.88
"dream south rd",7,236139,42.88
"dreaming praying notice",7,236146,42.88
"dreams looks inside",7,236153,42.88
"drink free pm",7,236160,42.89
"drivers nw towns",7,236167,42.89
"dude good luck",7,236174,42.89
"dude let know",7,236181,42.89
"dude long time",7,236188,42.89
"early childhood education",7,236195,42.89
"early morning get",7,236202,42.89
"early morning run",7,236209,42.89
"earth day day",7,236216,42.9
"earth day sunday",7,236223,42.9
"earth day weekend",7,236230,42.9
"easy dream dream",7,236237,42.9
"easy make buck",7,236244,42.9
"eat day buy",7,236251,42.9
"eat sleep repeat",7,236258,42.9
"eating mac cheese",7,236265,42.9
"eating watching tv",7,236272,42.91
"educated mind able",7,236279,42.91
"effectively seems say",7,236286,42.91
"effectiveness doing right",7,236293,42.91
"efficiency doing things",7,236300,42.91
"effort maximum results",7,236307,42.91
"em throw em",7,236314,42.91
"email claim prize",7,236321,42.91
"email email address",7,236328,42.92
"email just got",7,236335,42.92
"email twitter facebook",7,236342,42.92
"embrace social media",7,236349,42.92
"emotionally done mentally",7,236356,42.92
"end day need",7,236363,42.92
"end getting hurt",7,236370,42.92
"end great week",7,236377,42.92
"end okay end",7,236384,42.93
"endless forgiveness tender",7,236391,42.93
"ends love love",7,236398,42.93
"english second language",7,236405,42.93
"enjoyed thanks coming",7,236412,42.93
"enjoying great weather",7,236419,42.93
"entertain thought accepting",7,236426,42.93
"episode met mother",7,236433,42.93
"equal force interests",7,236440,42.94
"event great cause",7,236447,42.94
"event tomorrow night",7,236454,42.94
"everybody good day",7,236461,42.94
"ex parents taught",7,236468,42.94
"ex wanna work",7,236475,42.94
"excited finally finally",7,236482,42.94
"excited grand opening",7,236489,42.94
"excited new things",7,236496,42.95
"excited share new",7,236503,42.95
"exciting times ahead",7,236510,42.95
"exotic collision center",7,236517,42.95
"expected steve jobs",7,236524,42.95
"extra charges nights",7,236531,42.95
"eye beer holder",7,236538,42.95
"eyes don let",7,236545,42.95
"eyes ears open",7,236552,42.96
"eyes imagination focus",7,236559,42.96
"eyes planet life",7,236566,42.96
"face book page",7,236573,42.96
"facebook co founder",7,236580,42.96
"facebook com check",7,236587,42.96
"facebook com thanks",7,236594,42.96
"facebook go like",7,236601,42.97
"facebook going public",7,236608,42.97
"facebook page keep",7,236615,42.97
"facebook page win",7,236622,42.97
"facebook relationship status",7,236629,42.97
"facebook status like",7,236636,42.97
"facts free app",7,236643,42.97
"fake twitter account",7,236650,42.97
"fake twitter accounts",7,236657,42.98
"fall asleep cause",7,236664,42.98
"fall love just",7,236671,42.98
"fall love wear",7,236678,42.98
"fall love wrong",7,236685,42.98
"falling asleep couch",7,236692,42.98
"falling water staying",7,236699,42.98
"family good friends",7,236706,42.98
"fan inspirational person",7,236713,42.99
"fans follow follow",7,236720,42.99
"fans make sure",7,236727,42.99
"fans punk funny",7,236734,42.99
"far shorter time",7,236741,42.99
"farmers market open",7,236748,42.99
"farmers market pm",7,236755,42.99
"fast time flies",7,236762,42.99
"fastest way get",7,236769,43
"favorite music genre",7,236776,43
"favorite new country",7,236783,43
"favorite players nba",7,236790,43
"favorite song new",7,236797,43
"favorite song radio",7,236804,43
"favorite sports team",7,236811,43
"federal credit union",7,236818,43
"feel bad get",7,236825,43.01
"feel bad guys",7,236832,43.01
"feel don know",7,236839,43.01
"feel free connect",7,236846,43.01
"feel free pass",7,236853,43.01
"feel good know",7,236860,43.01
"feel good right",7,236867,43.01
"feel like alone",7,236874,43.01
"feel like anymore",7,236881,43.02
"feel like bit",7,236888,43.02
"feel like calling",7,236895,43.02
"feel like come",7,236902,43.02
"feel like competition",7,236909,43.02
"feel like done",7,236916,43.02
"feel like dream",7,236923,43.02
"feel like drinking",7,236930,43.02
"feel like finally",7,236937,43.03
"feel like forever",7,236944,43.03
"feel like gone",7,236951,43.03
"feel like grandma",7,236958,43.03
"feel like great",7,236965,43.03
"feel like huge",7,236972,43.03
"feel like laying",7,236979,43.03
"feel like lived",7,236986,43.04
"feel like miss",7,236993,43.04
"feel like mother",7,237000,43.04
"feel like movie",7,237007,43.04
"feel like pass",7,237014,43.04
"feel like pretty",7,237021,43.04
"feel like said",7,237028,43.04
"feel like studying",7,237035,43.04
"feel like texting",7,237042,43.05
"feel like throw",7,237049,43.05
"feel like ugh",7,237056,43.05
"feel like using",7,237063,43.05
"feel like wait",7,237070,43.05
"feel like wake",7,237077,43.05
"feel like weird",7,237084,43.05
"feel safe white",7,237091,43.05
"feel way want",7,237098,43.06
"feeling better thanks",7,237105,43.06
"feeling really tired",7,237112,43.06
"feels good help",7,237119,43.06
"feels good sleep",7,237126,43.06
"feet live knees",7,237133,43.06
"fell asleep just",7,237140,43.06
"fell asleep woke",7,237147,43.06
"felt like just",7,237154,43.07
"felt started talking",7,237161,43.07
"field day today",7,237168,43.07
"fiesta old town",7,237175,43.07
"figure use twitter",7,237182,43.07
"filled gas tank",7,237189,43.07
"film festival colorado",7,237196,43.07
"finally finally awake",7,237203,43.07
"finally getting better",7,237210,43.08
"finally gonna get",7,237217,43.08
"finally got internet",7,237224,43.08
"finally got sleep",7,237231,43.08
"finally got watching",7,237238,43.08
"finally time get",7,237245,43.08
"find get free",7,237252,43.08
"find great deals",7,237259,43.08
"find real friends",7,237266,43.09
"find way find",7,237273,43.09
"fits easy exchange",7,237280,43.09
"fix broken hearts",7,237287,43.09
"flies good news",7,237294,43.09
"florida anytime soon",7,237301,43.09
"fly hands touch",7,237308,43.09
"folks don know",7,237315,43.09
"follow charge extra",7,237322,43.1
"follow dream come",7,237329,43.1
"follow dude knows",7,237336,43.1
"follow fans punk",7,237343,43.1
"follow giving away",7,237350,43.1
"follow great connected",7,237357,43.1
"follow great deals",7,237364,43.1
"follow great work",7,237371,43.1
"follow heart steve",7,237378,43.11
"follow hope dig",7,237385,43.11
"follow hope like",7,237392,43.11
"follow huge fans",7,237399,43.11
"follow life complete",7,237406,43.11
"follow make happiest",7,237413,43.11
"follow new friend",7,237420,43.11
"follow official twitter",7,237427,43.12
"follow team follow",7,237434,43.12
"follow thanks following",7,237441,43.12
"follow trying yrs",7,237448,43.12
"follow wait check",7,237455,43.12
"follow wait hear",7,237462,43.12
"follow win gift",7,237469,43.12
"follow yellow brick",7,237476,43.12
"followers hope great",7,237483,43.13
"followers hope having",7,237490,43.13
"followers need followers",7,237497,43.13
"followers tell followers",7,237504,43.13
"followers till help",7,237511,43.13
"followers wont stop",7,237518,43.13
"following don know",7,237525,43.13
"following follow love",7,237532,43.13
"following twitter account",7,237539,43.14
"force light dark",7,237546,43.14
"force myself sleep",7,237553,43.14
"ford hall forum",7,237560,43.14
"forever far good",7,237567,43.14
"forget gave remember",7,237574,43.14
"forget tell friends",7,237581,43.14
"forget today last",7,237588,43.14
"forgiveness tender look",7,237595,43.15
"fortune cookie fortune",7,237602,43.15
"forward going home",7,237609,43.15
"forward hearing say",7,237616,43.15
"forward meeting today",7,237623,43.15
"forward playing tonight",7,237630,43.15
"forward tweets comments",7,237637,43.15
"found benefits giving",7,237644,43.15
"founder steve jobs",7,237651,43.16
"free come visit",7,237658,43.16
"free dairy free",7,237665,43.16
"free friday night",7,237672,43.16
"free play party",7,237679,43.16
"free race entry",7,237686,43.16
"free recordings mp",7,237693,43.16
"free send email",7,237700,43.16
"free shot espresso",7,237707,43.17
"free ticket friday",7,237714,43.17
"free tomorrow night",7,237721,43.17
"friday best day",7,237728,43.17
"friday july th",7,237735,43.17
"friday th just",7,237742,43.17
"fridays happy hour",7,237749,43.17
"friend family member",7,237756,43.17
"friend rosie happy",7,237763,43.18
"friend tell truth",7,237770,43.18
"friends family thank",7,237777,43.18
"friends friends friends",7,237784,43.18
"friends ft produced",7,237791,43.18
"friends getting ready",7,237798,43.18
"friends influence people",7,237805,43.18
"friends let friends",7,237812,43.19
"friends spread word",7,237819,43.19
"friends twitter followers",7,237826,43.19
"friendship ends love",7,237833,43.19
"friendship like get",7,237840,43.19
"friendship single soul",7,237847,43.19
"frozen hot chocolate",7,237854,43.19
"ft chris brown",7,237861,43.19
"ft produced grammy",7,237868,43.2
"fun day ahead",7,237875,43.2
"fun don get",7,237882,43.2
"fun wait hear",7,237889,43.2
"funny don remember",7,237896,43.2
"funny things change",7,237903,43.2
"future just way",7,237910,43.2
"gallery new york",7,237917,43.2
"game tomorrow pm",7,237924,43.21
"game tonight get",7,237931,43.21
"game tonight good",7,237938,43.21
"games www com",7,237945,43.21
"garage door opener",7,237952,43.21
"gate cultural center",7,237959,43.21
"gave great talk",7,237966,43.21
"gave hope reply",7,237973,43.21
"gee kitchen open",7,237980,43.22
"generally willing dare",7,237987,43.22
"george playing hottest",7,237994,43.22
"get ahead game",7,238001,43.22
"get annoyed easily",7,238008,43.22
"get anywhere life",7,238015,43.22
"get austin follow",7,238022,43.22
"get away saying",7,238029,43.22
"get beauty rest",7,238036,43.23
"get bed get",7,238043,43.23
"get bed go",7,238050,43.23
"get bed today",7,238057,43.23
"get blood pumping",7,238064,43.23
"get caught rain",7,238071,43.23
"get chance tell",7,238078,43.23
"get chance visit",7,238085,43.23
"get done hours",7,238092,43.24
"get done right",7,238099,43.24
"get done tomorrow",7,238106,43.24
"get early morning",7,238113,43.24
"get excited people",7,238120,43.24
"get far away",7,238127,43.24
"get feel better",7,238134,43.24
"get follow thanks",7,238141,43.24
"get follow tweet",7,238148,43.25
"get followers give",7,238155,43.25
"get followers just",7,238162,43.25
"get followers new",7,238169,43.25
"get followers support",7,238176,43.25
"get get go",7,238183,43.25
"get get real",7,238190,43.25
"get go gym",7,238197,43.25
"get gonna get",7,238204,43.26
"get good grade",7,238211,43.26
"get good sleep",7,238218,43.26
"get good stuff",7,238225,43.26
"get gym exercise",7,238232,43.26
"get hunger games",7,238239,43.26
"get instead get",7,238246,43.26
"get jury duty",7,238253,43.27
"get just get",7,238260,43.27
"get life stop",7,238267,43.27
"get like hours",7,238274,43.27
"get link work",7,238281,43.27
"get listen great",7,238288,43.27
"get new twitter",7,238295,43.27
"get new york",7,238302,43.27
"get paid doing",7,238309,43.28
"get paid shop",7,238316,43.28
"get people try",7,238323,43.28
"get rid annoying",7,238330,43.28
"get right just",7,238337,43.28
"get saturday www",7,238344,43.28
"get soon possible",7,238351,43.28
"get tickets tonight",7,238358,43.28
"get time go",7,238365,43.29
"get twitter work",7,238372,43.29
"get ur hands",7,238379,43.29
"get want life",7,238386,43.29
"get want want",7,238393,43.29
"gets hurt real",7,238400,43.29
"gets love gets",7,238407,43.29
"getting bed early",7,238414,43.29
"getting car fixed",7,238421,43.3
"getting caught like",7,238428,43.3
"getting excited tomorrow",7,238435,43.3
"getting pretty good",7,238442,43.3
"getting wisdom teeth",7,238449,43.3
"gift card like",7,238456,43.3
"gift size fits",7,238463,43.3
"ginger sugar free",7,238470,43.3
"girl boy girl",7,238477,43.31
"girl says really",7,238484,43.31
"give anything just",7,238491,43.31
"give desires heart",7,238498,43.31
"give head hate",7,238505,43.31
"give power thinking",7,238512,43.31
"give shout follow",7,238519,43.31
"giveaway stay tuned",7,238526,43.31
"giveaways stop bye",7,238533,43.32
"given grateful self",7,238540,43.32
"given seek find",7,238547,43.32
"given young person",7,238554,43.32
"gives soul universe",7,238561,43.32
"giving away books",7,238568,43.32
"giving away great",7,238575,43.32
"giving good luck",7,238582,43.32
"giving great talk",7,238589,43.33
"giving silent treatment",7,238596,43.33
"giving soul maya",7,238603,43.33
"glad enjoyed time",7,238610,43.33
"glad got hear",7,238617,43.33
"glad hear got",7,238624,43.33
"glad like site",7,238631,43.33
"glad liked video",7,238638,43.34
"glad ur feeling",7,238645,43.34
"glitter make rain",7,238652,43.34
"go ahead buy",7,238659,43.34
"go ahead let",7,238666,43.34
"go away like",7,238673,43.34
"go check em",7,238680,43.34
"go check music",7,238687,43.34
"go club jack",7,238694,43.35
"go facebook like",7,238701,43.35
"go help get",7,238708,43.35
"go insane go",7,238715,43.35
"go mall today",7,238722,43.35
"go miami heat",7,238729,43.35
"go school anymore",7,238736,43.35
"go school day",7,238743,43.35
"go spend time",7,238750,43.36
"go super bowl",7,238757,43.36
"go time change",7,238764,43.36
"go time go",7,238771,43.36
"goes robert frost",7,238778,43.36
"goes way shows",7,238785,43.36
"going bed don",7,238792,43.36
"going busy weekend",7,238799,43.36
"going go take",7,238806,43.37
"going go tonight",7,238813,43.37
"going great far",7,238820,43.37
"going great thanks",7,238827,43.37
"going home early",7,238834,43.37
"going lie puff",7,238841,43.37
"going lose mind",7,238848,43.37
"going olive garden",7,238855,43.37
"going prom tonight",7,238862,43.38
"going san antonio",7,238869,43.38
"going sleep tomorrow",7,238876,43.38
"going start making",7,238883,43.38
"going start saying",7,238890,43.38
"going super busy",7,238897,43.38
"going take awhile",7,238904,43.38
"going take long",7,238911,43.38
"going tomorrow morning",7,238918,43.39
"going tonight just",7,238925,43.39
"going try find",7,238932,43.39
"going try new",7,238939,43.39
"going wear tomorrow",7,238946,43.39
"going world series",7,238953,43.39
"gone appreciate look",7,238960,43.39
"gone estate sales",7,238967,43.39
"gonna good game",7,238974,43.4
"gonna good week",7,238981,43.4
"gonna late night",7,238988,43.4
"gonna lay bed",7,238995,43.4
"gonna miss love",7,239002,43.4
"gonna party tonight",7,239009,43.4
"gonna rain tomorrow",7,239016,43.4
"gonna take forever",7,239023,43.4
"gonna try best",7,239030,43.41
"gonna try tomorrow",7,239037,43.41
"good afternoon world",7,239044,43.41
"good bad people",7,239051,43.41
"good bad thinking",7,239058,43.41
"good food drinks",7,239065,43.41
"good friend help",7,239072,43.41
"good game far",7,239079,43.42
"good good morning",7,239086,43.42
"good head shoulders",7,239093,43.42
"good hear glad",7,239100,43.42
"good hear thank",7,239107,43.42
"good just want",7,239114,43.42
"good know part",7,239121,43.42
"good know thank",7,239128,43.42
"good look follow",7,239135,43.43
"good look forward",7,239142,43.43
"good looking good",7,239149,43.43
"good looking just",7,239156,43.43
"good luck boo",7,239163,43.43
"good luck event",7,239170,43.43
"good luck finishing",7,239177,43.43
"good luck hoping",7,239184,43.43
"good luck launch",7,239191,43.44
"good luck look",7,239198,43.44
"good luck participating",7,239205,43.44
"good luck starting",7,239212,43.44
"good luck take",7,239219,43.44
"good luck time",7,239226,43.44
"good luck tweets",7,239233,43.44
"good makes feel",7,239240,43.44
"good man good",7,239247,43.45
"good man hope",7,239254,43.45
"good morning amazing",7,239261,43.45
"good morning awesome",7,239268,43.45
"good morning brother",7,239275,43.45
"good morning cold",7,239282,43.45
"good morning facebook",7,239289,43.45
"good morning fantastic",7,239296,43.45
"good morning farmers",7,239303,43.46
"good morning feel",7,239310,43.46
"good morning hello",7,239317,43.46
"good morning look",7,239324,43.46
"good morning mentions",7,239331,43.46
"good morning miss",7,239338,43.46
"good morning open",7,239345,43.46
"good morning peoples",7,239352,43.46
"good morning productive",7,239359,43.47
"good morning sis",7,239366,43.47
"good morning starting",7,239373,43.47
"good morning tell",7,239380,43.47
"good morning wake",7,239387,43.47
"good morning yes",7,239394,43.47
"good movies coming",7,239401,43.47
"good people follow",7,239408,43.47
"good people get",7,239415,43.48
"good people like",7,239422,43.48
"good question let",7,239429,43.48
"good ready go",7,239436,43.48
"good things good",7,239443,43.48
"good things take",7,239450,43.48
"good thoughts way",7,239457,43.48
"good times just",7,239464,43.49
"good times sure",7,239471,43.49
"good today got",7,239478,43.49
"goodnight moon goodnight",7,239485,43.49
"gorgeous day get",7,239492,43.49
"got did get",7,239499,43.49
"got early morning",7,239506,43.49
"got engaged dreams",7,239513,43.49
"got get right",7,239520,43.5
"got get work",7,239527,43.5
"got great deals",7,239534,43.5
"got great stuff",7,239541,43.5
"got home day",7,239548,43.5
"got home just",7,239555,43.5
"got home tired",7,239562,43.5
"got live music",7,239569,43.5
"got super excited",7,239576,43.51
"got take break",7,239583,43.51
"got time got",7,239590,43.51
"gotta catch em",7,239597,43.51
"gotta go find",7,239604,43.51
"gotta live long",7,239611,43.51
"gotta new phone",7,239618,43.51
"gotta put work",7,239625,43.51
"gotta stay focused",7,239632,43.52
"gotta stay positive",7,239639,43.52
"gotta wait get",7,239646,43.52
"governor scott walker",7,239653,43.52
"gr customers best",7,239660,43.52
"graduates high school",7,239667,43.52
"grammy award winner",7,239674,43.52
"grand divorce hundred",7,239681,43.52
"grand opening celebration",7,239688,43.53
"grand opening tonight",7,239695,43.53
"grant high school",7,239702,43.53
"granted things deserve",7,239709,43.53
"grateful abundance appears",7,239716,43.53
"grateful self given",7,239723,43.53
"great big canvas",7,239730,43.53
"great burden bear",7,239737,43.53
"great concert tonight",7,239744,43.54
"great day best",7,239751,43.54
"great day don",7,239758,43.54
"great day friend",7,239765,43.54
"great day full",7,239772,43.54
"great day lots",7,239779,43.54
"great day nice",7,239786,43.54
"great day really",7,239793,43.54
"great day run",7,239800,43.55
"great day set",7,239807,43.55
"great day summer",7,239814,43.55
"great day time",7,239821,43.55
"great day world",7,239828,43.55
"great episode last",7,239835,43.55
"great event thanks",7,239842,43.55
"great family friends",7,239849,43.55
"great food service",7,239856,43.56
"great game go",7,239863,43.56
"great hear glad",7,239870,43.56
"great hear good",7,239877,43.56
"great hear love",7,239884,43.56
"great idea think",7,239891,43.56
"great kicking help",7,239898,43.56
"great meal tonight",7,239905,43.57
"great meet love",7,239912,43.57
"great meeting let",7,239919,43.57
"great meeting wait",7,239926,43.57
"great music poised",7,239933,43.57
"great networking event",7,239940,43.57
"great new stuff",7,239947,43.57
"great night sleep",7,239954,43.57
"great seeing both",7,239961,43.58
"great seeing love",7,239968,43.58
"great shows coming",7,239975,43.58
"great start season",7,239982,43.58
"great start today",7,239989,43.58
"great take care",7,239996,43.58
"great thanks info",7,240003,43.58
"great thanks support",7,240010,43.58
"great way stay",7,240017,43.59
"great webinar today",7,240024,43.59
"great wine great",7,240031,43.59
"great work day",7,240038,43.59
"great world spin",7,240045,43.59
"greatest gift give",7,240052,43.59
"greatly appreciate support",7,240059,43.59
"grocery store just",7,240066,43.59
"grocery store today",7,240073,43.6
"ground beef chicken",7,240080,43.6
"grow older pay",7,240087,43.6
"guess gonna get",7,240094,43.6
"guess just go",7,240101,43.6
"guess just wait",7,240108,43.6
"guess means time",7,240115,43.6
"guitarist change holds",7,240122,43.6
"guys check new",7,240129,43.61
"guys guys guys",7,240136,43.61
"guys help trend",7,240143,43.61
"guys just don",7,240150,43.61
"guys keep good",7,240157,43.61
"guys take care",7,240164,43.61
"guys tell friends",7,240171,43.61
"habits long term",7,240178,43.61
"hair care products",7,240185,43.62
"hair just like",7,240192,43.62
"half hour left",7,240199,43.62
"half life spent",7,240206,43.62
"half priced appetizers",7,240213,43.62
"hall meeting tonight",7,240220,43.62
"hall tonight pm",7,240227,43.62
"ham cheese sandwich",7,240234,43.62
"handle reaction follow",7,240241,43.63
"hanging getting ready",7,240248,43.63
"happen traditional retail",7,240255,43.63
"happens real life",7,240262,43.63
"happiest girl alive",7,240269,43.63
"happy birthday blessed",7,240276,43.63
"happy birthday doll",7,240283,43.63
"happy birthday former",7,240290,43.64
"happy birthday janet",7,240297,43.64
"happy birthday kevin",7,240304,43.64
"happy birthday long",7,240311,43.64
"happy birthday made",7,240318,43.64
"happy birthday marines",7,240325,43.64
"happy birthday nick",7,240332,43.64
"happy birthday scott",7,240339,43.64
"happy birthday shes",7,240346,43.65
"happy birthday tho",7,240353,43.65
"happy finally got",7,240360,43.65
"happy following thank",7,240367,43.65
"happy going home",7,240374,43.65
"happy know clap",7,240381,43.65
"happy meet twitter",7,240388,43.65
"happy monday beautiful",7,240395,43.65
"happy monday folks",7,240402,43.66
"happy monday remember",7,240409,43.66
"happy palm sunday",7,240416,43.66
"happy st pat",7,240423,43.66
"happy texas independence",7,240430,43.66
"happy th day",7,240437,43.66
"happy thanksgiving love",7,240444,43.66
"happy thirsty thursday",7,240451,43.66
"happy tuesday hope",7,240458,43.67
"happy zombie day",7,240465,43.67
"hard find way",7,240472,43.67
"hard get excited",7,240479,43.67
"hard get ready",7,240486,43.67
"hard look right",7,240493,43.67
"hard teacher gives",7,240500,43.67
"hard try get",7,240507,43.67
"hardest things say",7,240514,43.68
"harm plans give",7,240521,43.68
"harry potter books",7,240528,43.68
"harry potter world",7,240535,43.68
"hate days like",7,240542,43.68
"hate people jealous",7,240549,43.68
"hate people love",7,240556,43.68
"hate things get",7,240563,43.68
"hate waking middle",7,240570,43.69
"hate wen people",7,240577,43.69
"haven chance read",7,240584,43.69
"haven felt good",7,240591,43.69
"haven heard forever",7,240598,43.69
"haven heard long",7,240605,43.69
"haven heard new",7,240612,43.69
"haven paying attention",7,240619,43.69
"having fantastic day",7,240626,43.7
"having fun doing",7,240633,43.7
"having fun making",7,240640,43.7
"having fun miss",7,240647,43.7
"having fun today",7,240654,43.7
"having great wednesday",7,240661,43.7
"having great year",7,240668,43.7
"having like playing",7,240675,43.7
"having love affair",7,240682,43.71
"having nice weekend",7,240689,43.71
"having twitter account",7,240696,43.71
"head hurt bad",7,240703,43.71
"health care bill",7,240710,43.71
"health care plan",7,240717,43.71
"hear favorite song",7,240724,43.71
"hear www com",7,240731,43.72
"heard given young",7,240738,43.72
"heard radio morning",7,240745,43.72
"heard www com",7,240752,43.72
"heart beat faster",7,240759,43.72
"heart pretty soul",7,240766,43.72
"heart skipped beat",7,240773,43.72
"heart steve jobs",7,240780,43.72
"heat eastern conference",7,240787,43.73
"heavy metal music",7,240794,43.73
"held anyone heads",7,240801,43.73
"held southern university",7,240808,43.73
"hello free book",7,240815,43.73
"hello hope doing",7,240822,43.73
"help friend get",7,240829,43.73
"help great cause",7,240836,43.73
"help make day",7,240843,43.74
"help raise funds",7,240850,43.74
"help stay healthy",7,240857,43.74
"helped spread word",7,240864,43.74
"helping people get",7,240871,43.74
"hey david thanks",7,240878,43.74
"hey follow great",7,240885,43.74
"hey follow need",7,240892,43.74
"hey follow perfect",7,240899,43.75
"hey girl thanks",7,240906,43.75
"hey guess love",7,240913,43.75
"hey guys come",7,240920,43.75
"hey guys day",7,240927,43.75
"hey guys don",7,240934,43.75
"hey guys good",7,240941,43.75
"hey guys guess",7,240948,43.75
"hey guys let",7,240955,43.76
"hey guys like",7,240962,43.76
"hey guys new",7,240969,43.76
"hey hey buddy",7,240976,43.76
"hey hey good",7,240983,43.76
"hey hey just",7,240990,43.76
"hey just added",7,240997,43.76
"hey just bought",7,241004,43.76
"hey just like",7,241011,43.77
"hey just wondering",7,241018,43.77
"hey let go",7,241025,43.77
"hey man good",7,241032,43.77
"hey mary youtube",7,241039,43.77
"hey trying get",7,241046,43.77
"hey ur day",7,241053,43.77
"hi get follow",7,241060,43.77
"hi happy friday",7,241067,43.78
"hi merry christmas",7,241074,43.78
"hi sorry late",7,241081,43.78
"hi sorry missed",7,241088,43.78
"hi steve thanks",7,241095,43.78
"hide deepest secrets",7,241102,43.78
"high counsel heard",7,241109,43.78
"high speed internet",7,241116,43.79
"hilton garden inn",7,241123,43.79
"hiring social media",7,241130,43.79
"historical wednesday history",7,241137,43.79
"history kind intend",7,241144,43.79
"hit hard get",7,241151,43.79
"hit keep moving",7,241158,43.79
"hit road jack",7,241165,43.79
"hit want come",7,241172,43.8
"hits close home",7,241179,43.8
"hockey games live",7,241186,43.8
"hoe house wife",7,241193,43.8
"holidays www com",7,241200,43.8
"holy just saw",7,241207,43.8
"home don know",7,241214,43.8
"home don want",7,241221,43.8
"home fell asleep",7,241228,43.81
"home run game",7,241235,43.81
"homeless law id",7,241242,43.81
"homeless man just",7,241249,43.81
"honest don know",7,241256,43.81
"honest going lie",7,241263,43.81
"hop resident dj",7,241270,43.81
"hope able make",7,241277,43.81
"hope day meet",7,241284,43.82
"hope day went",7,241291,43.82
"hope doing miss",7,241298,43.82
"hope enjoy beautiful",7,241305,43.82
"hope enjoy music",7,241312,43.82
"hope enjoyed event",7,241319,43.82
"hope financial support",7,241326,43.82
"hope fun day",7,241333,43.82
"hope fun time",7,241340,43.83
"hope fun today",7,241347,43.83
"hope guys got",7,241354,43.83
"hope guys ready",7,241361,43.83
"hope johnny cash",7,241368,43.83
"hope last time",7,241375,43.83
"hope life good",7,241382,43.83
"hope look forward",7,241389,43.83
"hope talk soon",7,241396,43.84
"hope weather stays",7,241403,43.84
"hopefully able get",7,241410,43.84
"hoping dreams come",7,241417,43.84
"horse water make",7,241424,43.84
"hosting chicago bulls",7,241431,43.84
"hot cold hot",7,241438,43.84
"hot cup tea",7,241445,43.84
"hours sleep get",7,241452,43.85
"house come get",7,241459,43.85
"house www com",7,241466,43.85
"houston milwaukee brewers",7,241473,43.85
"hug let go",7,241480,43.85
"huge fan inspirational",7,241487,43.85
"huge fan just",7,241494,43.85
"humanity dignity importance",7,241501,43.85
"hump day hope",7,241508,43.86
"hundred minus day",7,241515,43.86
"hundred want live",7,241522,43.86
"hurting really bad",7,241529,43.86
"iced green tea",7,241536,43.86
"id tech summer",7,241543,43.86
"ill put book",7,241550,43.86
"imagined henry david",7,241557,43.87
"impossible means boss",7,241564,43.87
"independence music social",7,241571,43.87
"independent artists like",7,241578,43.87
"indiana high school",7,241585,43.87
"info session tomorrow",7,241592,43.87
"info session tonight",7,241599,43.87
"inning houston milwaukee",7,241606,43.87
"insane hear music",7,241613,43.88
"inside angel puff",7,241620,43.88
"instagram follow follow",7,241627,43.88
"instrumental publicity photo",7,241634,43.88
"insult smile offensive",7,241641,43.88
"interested getting involved",7,241648,43.88
"interested law school",7,241655,43.88
"intervention email story",7,241662,43.88
"iphone android blackberry",7,241669,43.89
"iphone app called",7,241676,43.89
"iphone app week",7,241683,43.89
"iphone ipad app",7,241690,43.89
"irony calling son",7,241697,43.89
"irving central library",7,241704,43.89
"january stay tuned",7,241711,43.89
"jar peanut butter",7,241718,43.89
"jennifer hudson family",7,241725,43.9
"jessica sanchez idol",7,241732,43.9
"job fair tomorrow",7,241739,43.9
"job love job",7,241746,43.9
"job www com",7,241753,43.9
"jobs bob hope",7,241760,43.9
"johnny irish pub",7,241767,43.9
"join facebook group",7,241774,43.9
"join live chat",7,241781,43.91
"join twitter chat",7,241788,43.91
"judging person does",7,241795,43.91
"july stay tuned",7,241802,43.91
"jump bridge jump",7,241809,43.91
"june th www",7,241816,43.91
"just added list",7,241823,43.91
"just asked go",7,241830,43.91
"just ate chocolate",7,241837,43.92
"just ate taco",7,241844,43.92
"just bought album",7,241851,43.92
"just bought today",7,241858,43.92
"just called mom",7,241865,43.92
"just called phone",7,241872,43.92
"just came gym",7,241879,43.92
"just checked new",7,241886,43.92
"just checked site",7,241893,43.93
"just click follow",7,241900,43.93
"just come get",7,241907,43.93
"just cried little",7,241914,43.93
"just cried watching",7,241921,43.93
"just day away",7,241928,43.93
"just day life",7,241935,43.93
"just day office",7,241942,43.94
"just discovered great",7,241949,43.94
"just end world",7,241956,43.94
"just feel good",7,241963,43.94
"just feels good",7,241970,43.94
"just finally got",7,241977,43.94
"just flew house",7,241984,43.94
"just followed followed",7,241991,43.94
"just followed thanks",7,241998,43.95
"just getting know",7,242005,43.95
"just give away",7,242012,43.95
"just give chance",7,242019,43.95
"just go watch",7,242026,43.95
"just going start",7,242033,43.95
"just going stay",7,242040,43.95
"just going try",7,242047,43.95
"just going watch",7,242054,43.96
"just gonna wear",7,242061,43.96
"just good looking",7,242068,43.96
"just good luck",7,242075,43.96
"just got approved",7,242082,43.96
"just got beautiful",7,242089,43.96
"just got bike",7,242096,43.96
"just got brand",7,242103,43.96
"just got easier",7,242110,43.97
"just got extra",7,242117,43.97
"just got full",7,242124,43.97
"just got google",7,242131,43.97
"just got hacked",7,242138,43.97
"just got handed",7,242145,43.97
"just got happy",7,242152,43.97
"just got just",7,242159,43.97
"just got knocked",7,242166,43.98
"just got mom",7,242173,43.98
"just got nails",7,242180,43.98
"just got pool",7,242187,43.98
"just got pretty",7,242194,43.98
"just got ready",7,242201,43.98
"just got running",7,242208,43.98
"just got said",7,242215,43.98
"just got second",7,242222,43.99
"just got served",7,242229,43.99
"just got set",7,242236,43.99
"just got shirt",7,242243,43.99
"just got shopping",7,242250,43.99
"just got sister",7,242257,43.99
"just got st",7,242264,43.99
"just got year",7,242271,43.99
"just got yesterday",7,242278,44
"just gotta learn",7,242285,44
"just gotta let",7,242292,44
"just graduated college",7,242299,44
"just great lunch",7,242306,44
"just installed new",7,242313,44
"just keep myself",7,242320,44
"just keep tweeting",7,242327,44
"just keeping real",7,242334,44.01
"just kept going",7,242341,44.01
"just know fun",7,242348,44.01
"just know going",7,242355,44.01
"just know things",7,242362,44.01
"just left meeting",7,242369,44.01
"just let guys",7,242376,44.01
"just let sleep",7,242383,44.02
"just liked page",7,242390,44.02
"just makes think",7,242397,44.02
"just message mail",7,242404,44.02
"just might take",7,242411,44.02
"just old school",7,242418,44.02
"just ordered copy",7,242425,44.02
"just quick note",7,242432,44.02
"just read email",7,242439,44.03
"just read ur",7,242446,44.03
"just really bored",7,242453,44.03
"just really hard",7,242460,44.03
"just said go",7,242467,44.03
"just saw blog",7,242474,44.03
"just saw clip",7,242481,44.03
"just saw day",7,242488,44.03
"just saw did",7,242495,44.04
"just saw doing",7,242502,44.04
"just saw episode",7,242509,44.04
"just saw family",7,242516,44.04
"just saw highlights",7,242523,44.04
"just saw huge",7,242530,44.04
"just saw john",7,242537,44.04
"just saw local",7,242544,44.04
"just saw nice",7,242551,44.05
"just saw note",7,242558,44.05
"just saw red",7,242565,44.05
"just saw said",7,242572,44.05
"just saw season",7,242579,44.05
"just saw st",7,242586,44.05
"just saw walking",7,242593,44.05
"just saw world",7,242600,44.05
"just sent link",7,242607,44.06
"just sent thanks",7,242614,44.06
"just shot email",7,242621,44.06
"just showing love",7,242628,44.06
"just spend day",7,242635,44.06
"just spilled coffee",7,242642,44.06
"just started crying",7,242649,44.06
"just started season",7,242656,44.06
"just started talking",7,242663,44.07
"just stop watching",7,242670,44.07
"just take picture",7,242677,44.07
"just tell don",7,242684,44.07
"just tell em",7,242691,44.07
"just tell think",7,242698,44.07
"just think people",7,242705,44.07
"just thinking need",7,242712,44.07
"just thought cool",7,242719,44.08
"just thought like",7,242726,44.08
"just time go",7,242733,44.08
"just time start",7,242740,44.08
"just took picture",7,242747,44.08
"just tried calling",7,242754,44.08
"just tried time",7,242761,44.08
"just wait king",7,242768,44.09
"just walked room",7,242775,44.09
"just watch tv",7,242782,44.09
"just watching videos",7,242789,44.09
"just way life",7,242796,44.09
"just went saw",7,242803,44.09
"just wish people",7,242810,44.09
"just wished happy",7,242817,44.09
"just woke long",7,242824,44.1
"just won award",7,242831,44.1
"just won oscar",7,242838,44.1
"just years old",7,242845,44.1
"justin follow follow",7,242852,44.1
"katy perry lady",7,242859,44.1
"katy perry part",7,242866,44.1
"katy perry replay",7,242873,44.1
"keep checking facebook",7,242880,44.11
"keep doing great",7,242887,44.11
"keep doing love",7,242894,44.11
"keep frustrated short",7,242901,44.11
"keep going don",7,242908,44.11
"keep going strong",7,242915,44.11
"keep having dream",7,242922,44.11
"keep having fun",7,242929,44.11
"keep steadily fact",7,242936,44.12
"keeping real goes",7,242943,44.12
"key schedule schedule",7,242950,44.12
"kick field goal",7,242957,44.12
"kicking help families",7,242964,44.12
"kids id tech",7,242971,44.12
"kind intend write",7,242978,44.12
"kind sounds like",7,242985,44.12
"kind words appreciated",7,242992,44.13
"kind words love",7,242999,44.13
"kiss sidewalk take",7,243006,44.13
"kitchen living room",7,243013,44.13
"know anyone help",7,243020,44.13
"know anyone like",7,243027,44.13
"know better place",7,243034,44.13
"know did get",7,243041,44.13
"know did know",7,243048,44.14
"know doing tonight",7,243055,44.14
"know doing wrong",7,243062,44.14
"know don challenge",7,243069,44.14
"know don let",7,243076,44.14
"know don make",7,243083,44.14
"know don take",7,243090,44.14
"know don talk",7,243097,44.14
"know don understand",7,243104,44.15
"know exist love",7,243111,44.15
"know feel know",7,243118,44.15
"know get rid",7,243125,44.15
"know get touch",7,243132,44.15
"know going amazing",7,243139,44.15
"know going just",7,243146,44.15
"know gonna great",7,243153,44.15
"know good deals",7,243160,44.16
"know good friend",7,243167,44.16
"know good looking",7,243174,44.16
"know gotta go",7,243181,44.16
"know handle reaction",7,243188,44.16
"know heart know",7,243195,44.16
"know hit em",7,243202,44.16
"know ins outs",7,243209,44.17
"know know bad",7,243216,44.17
"know know get",7,243223,44.17
"know last year",7,243230,44.17
"know mean don",7,243237,44.17
"know part love",7,243244,44.17
"know pick em",7,243251,44.17
"know really wanted",7,243258,44.17
"know sounds good",7,243265,44.18
"know think know",7,243272,44.18
"know think www",7,243279,44.18
"know time time",7,243286,44.18
"know want follow",7,243293,44.18
"know want talk",7,243300,44.18
"knows maybe someday",7,243307,44.18
"labor vision james",7,243314,44.18
"las vegas just",7,243321,44.19
"last days school",7,243328,44.19
"last days time",7,243335,44.19
"last minute deals",7,243342,44.19
"last minute decision",7,243349,44.19
"last minute questions",7,243356,44.19
"last place wanna",7,243363,44.19
"last stop complaining",7,243370,44.19
"late late better",7,243377,44.2
"late late craig",7,243384,44.2
"later today thanks",7,243391,44.2
"latest news updates",7,243398,44.2
"latest pretty little",7,243405,44.2
"laugh apologize let",7,243412,44.2
"laugh don make",7,243419,44.2
"launch www com",7,243426,44.2
"launches new website",7,243433,44.21
"lazy get bed",7,243440,44.21
"lazy go get",7,243447,44.21
"lead hitting people",7,243454,44.21
"leader reflected standards",7,243461,44.21
"leadership ability recognize",7,243468,44.21
"leadership lessons real",7,243475,44.21
"leads achievement done",7,243482,44.21
"league denver area",7,243489,44.22
"learned new today",7,243496,44.22
"learning colin powell",7,243503,44.22
"leave tomorrow morning",7,243510,44.22
"leave trail harold",7,243517,44.22
"leaving las vegas",7,243524,44.22
"left knee miss",7,243531,44.22
"left left left",7,243538,44.22
"left take away",7,243545,44.23
"left work early",7,243552,44.23
"legal chess set",7,243559,44.23
"let anything stop",7,243566,44.23
"let go beach",7,243573,44.23
"let go big",7,243580,44.23
"let go blues",7,243587,44.23
"let go check",7,243594,44.24
"let go cowboys",7,243601,44.24
"let go day",7,243608,44.24
"let go don",7,243615,44.24
"let go duke",7,243622,44.24
"let go game",7,243629,44.24
"let go hold",7,243636,44.24
"let go jets",7,243643,44.24
"let go kings",7,243650,44.25
"let go life",7,243657,44.25
"let go mall",7,243664,44.25
"let go matter",7,243671,44.25
"let go party",7,243678,44.25
"let go patriots",7,243685,44.25
"let go put",7,243692,44.25
"let go right",7,243699,44.25
"let go saints",7,243706,44.26
"let go watch",7,243713,44.26
"let go wrong",7,243720,44.26
"let hope goes",7,243727,44.26
"let know amazing",7,243734,44.26
"let know area",7,243741,44.26
"let know assistance",7,243748,44.26
"let know awesome",7,243755,44.26
"let know bring",7,243762,44.27
"let know does",7,243769,44.27
"let know event",7,243776,44.27
"let know figure",7,243783,44.27
"let know hit",7,243790,44.27
"let know man",7,243797,44.27
"let know meet",7,243804,44.27
"let know mind",7,243811,44.27
"let know okay",7,243818,44.28
"let know plans",7,243825,44.28
"let know pretty",7,243832,44.28
"let know right",7,243839,44.28
"let know talk",7,243846,44.28
"let know visit",7,243853,44.28
"let know went",7,243860,44.28
"let let go",7,243867,44.28
"let make deal",7,243874,44.29
"let make fun",7,243881,44.29
"let make own",7,243888,44.29
"let make plan",7,243895,44.29
"let make trend",7,243902,44.29
"let make year",7,243909,44.29
"let mind wander",7,243916,44.29
"let rain let",7,243923,44.29
"let slide time",7,243930,44.3
"let today day",7,243937,44.3
"lets get married",7,243944,44.3
"lets get win",7,243951,44.3
"letters going like",7,243958,44.3
"liar got take",7,243965,44.3
"lie mean world",7,243972,44.3
"lie puff daddy",7,243979,44.3
"life art drawing",7,243986,44.31
"life caused standing",7,243993,44.31
"life choices chances",7,244000,44.31
"life conviction loved",7,244007,44.31
"life dreams oprah",7,244014,44.31
"life finding knows",7,244021,44.31
"life good bad",7,244028,44.31
"life good good",7,244035,44.32
"life good today",7,244042,44.32
"life like game",7,244049,44.32
"life like rock",7,244056,44.32
"life long learning",7,244063,44.32
"life love people",7,244070,44.32
"life makes sense",7,244077,44.32
"life reward new",7,244084,44.32
"life short don",7,244091,44.33
"life short enjoy",7,244098,44.33
"life spent trying",7,244105,44.33
"life trying save",7,244112,44.33
"light dark holds",7,244119,44.33
"lights guide home",7,244126,44.33
"like ask questions",7,244133,44.33
"like big shot",7,244140,44.33
"like couple weeks",7,244147,44.34
"like crazy love",7,244154,44.34
"like crazy right",7,244161,44.34
"like crazy tonight",7,244168,44.34
"like did yesterday",7,244175,44.34
"like doing great",7,244182,44.34
"like don try",7,244189,44.34
"like don tweet",7,244196,44.34
"like don understand",7,244203,44.35
"like dress like",7,244210,44.35
"like drinking poison",7,244217,44.35
"like face marry",7,244224,44.35
"like facebook status",7,244231,44.35
"like fun day",7,244238,44.35
"like get know",7,244245,44.35
"like get money",7,244252,44.35
"like get new",7,244259,44.36
"like get warm",7,244266,44.36
"like getting new",7,244273,44.36
"like going bed",7,244280,44.36
"like going go",7,244287,44.36
"like going happen",7,244294,44.36
"like going make",7,244301,44.36
"like going rain",7,244308,44.36
"like going style",7,244315,44.37
"like good friend",7,244322,44.37
"like good music",7,244329,44.37
"like good things",7,244336,44.37
"like got good",7,244343,44.37
"like great job",7,244350,44.37
"like grown woman",7,244357,44.37
"like ha ha",7,244364,44.37
"like katy perry",7,244371,44.38
"like last game",7,244378,44.38
"like last minute",7,244385,44.38
"like last month",7,244392,44.38
"like last season",7,244399,44.38
"like late night",7,244406,44.38
"like like know",7,244413,44.38
"like lion king",7,244420,44.39
"like little brother",7,244427,44.39
"like little kids",7,244434,44.39
"like make love",7,244441,44.39
"like make smile",7,244448,44.39
"like man hilarious",7,244455,44.39
"like mike brown",7,244462,44.39
"like min ago",7,244469,44.39
"like new background",7,244476,44.4
"like new logo",7,244483,44.4
"like new person",7,244490,44.4
"like old people",7,244497,44.4
"like rd grade",7,244504,44.4
"like real artist",7,244511,44.4
"like really care",7,244518,44.4
"like really long",7,244525,44.4
"like really love",7,244532,44.41
"like really wanna",7,244539,44.41
"like said going",7,244546,44.41
"like say hi",7,244553,44.41
"like spend time",7,244560,44.41
"like spring break",7,244567,44.41
"like stay date",7,244574,44.41
"like think going",7,244581,44.41
"like today going",7,244588,44.42
"like today like",7,244595,44.42
"like wagon springs",7,244602,44.42
"like way better",7,244609,44.42
"liked facebook page",7,244616,44.42
"limited edition shirt",7,244623,44.42
"lisa left eye",7,244630,44.42
"list thanks sharing",7,244637,44.42
"listen defending speak",7,244644,44.43
"little high summer",7,244651,44.43
"little league game",7,244658,44.43
"little things big",7,244665,44.43
"little things count",7,244672,44.43
"little things matter",7,244679,44.43
"live let know",7,244686,44.43
"live life purpose",7,244693,44.43
"live long day",7,244700,44.44
"live music come",7,244707,44.44
"live music great",7,244714,44.44
"live music starts",7,244721,44.44
"live place tonight",7,244728,44.44
"live united states",7,244735,44.44
"living design life",7,244742,44.44
"load breaks way",7,244749,44.44
"long bike ride",7,244756,44.45
"long hard day",7,244763,44.45
"long list things",7,244770,44.45
"long road trip",7,244777,44.45
"long sleeve shirt",7,244784,44.45
"longer albert einstein",7,244791,44.45
"look becomes habit",7,244798,44.45
"look don know",7,244805,44.45
"look good doing",7,244812,44.46
"look great thanks",7,244819,44.46
"look like beautiful",7,244826,44.46
"look like complete",7,244833,44.46
"look like different",7,244840,44.46
"look like grown",7,244847,44.46
"look like having",7,244854,44.46
"look like lobster",7,244861,44.47
"look like make",7,244868,44.47
"look like mom",7,244875,44.47
"look like person",7,244882,44.47
"look like really",7,244889,44.47
"look like think",7,244896,44.47
"look like young",7,244903,44.47
"look little like",7,244910,44.47
"look views wow",7,244917,44.48
"looked like crazy",7,244924,44.48
"looked like just",7,244931,44.48
"looked like old",7,244938,44.48
"looking extend network",7,244945,44.48
"looking forward article",7,244952,44.48
"looking forward beautiful",7,244959,44.48
"looking forward brunch",7,244966,44.48
"looking forward chicago",7,244973,44.49
"looking forward coffee",7,244980,44.49
"looking forward digging",7,244987,44.49
"looking forward eating",7,244994,44.49
"looking forward final",7,245001,44.49
"looking forward full",7,245008,44.49
"looking forward interviewing",7,245015,44.49
"looking forward kicking",7,245022,44.49
"looking forward love",7,245029,44.5
"looking forward morning",7,245036,44.5
"looking forward mt",7,245043,44.5
"looking forward nyc",7,245050,44.5
"looking forward party",7,245057,44.5
"looking forward relaxing",7,245064,44.5
"looking forward shows",7,245071,44.5
"looking forward successful",7,245078,44.5
"looking forward vs",7,245085,44.51
"looking forward wait",7,245092,44.51
"looking forward warmer",7,245099,44.51
"looking good time",7,245106,44.51
"looking like good",7,245113,44.51
"looking new home",7,245120,44.51
"looking new sponsors",7,245127,44.51
"looks great just",7,245134,44.51
"looks like cat",7,245141,44.52
"looks like chris",7,245148,44.52
"looks like come",7,245155,44.52
"looks like dog",7,245162,44.52
"looks like end",7,245169,44.52
"looks like house",7,245176,44.52
"looks like look",7,245183,44.52
"looks like number",7,245190,44.52
"looks like ron",7,245197,44.53
"looks like seeing",7,245204,44.53
"looks like star",7,245211,44.53
"looks like staying",7,245218,44.53
"looks like storm",7,245225,44.53
"looks like think",7,245232,44.53
"looks like tornado",7,245239,44.53
"looks like week",7,245246,44.54
"looks like young",7,245253,44.54
"lord give desires",7,245260,44.54
"lord good blessed",7,245267,44.54
"lord good love",7,245274,44.54
"lord knows love",7,245281,44.54
"los angeles today",7,245288,44.54
"lost lot followers",7,245295,44.54
"lot fun hope",7,245302,44.55
"lot people say",7,245309,44.55
"lot tougher make",7,245316,44.55
"lots cool stuff",7,245323,44.55
"loud turn right",7,245330,44.55
"louder lay arms",7,245337,44.55
"louisville screamed window",7,245344,44.55
"lounge happy hour",7,245351,44.55
"love anything world",7,245358,44.56
"love depending listen",7,245365,44.56
"love don force",7,245372,44.56
"love don give",7,245379,44.56
"love feedback thanks",7,245386,44.56
"love finding money",7,245393,44.56
"love follow thank",7,245400,44.56
"love get better",7,245407,44.56
"love get follow",7,245414,44.57
"love get involved",7,245421,44.57
"love gets hurt",7,245428,44.57
"love glad like",7,245435,44.57
"love great job",7,245442,44.57
"love guys made",7,245449,44.57
"love hate way",7,245456,44.57
"love head love",7,245463,44.57
"love hear boys",7,245470,44.58
"love hear thanks",7,245477,44.58
"love hope make",7,245484,44.58
"love hope meet",7,245491,44.58
"love hope ur",7,245498,44.58
"love hugs kisses",7,245505,44.58
"love just found",7,245512,44.58
"love just got",7,245519,44.58
"love just hate",7,245526,44.59
"love kind love",7,245533,44.59
"love know going",7,245540,44.59
"love like did",7,245547,44.59
"love long hair",7,245554,44.59
"love make happen",7,245561,44.59
"love maybe change",7,245568,44.59
"love mean anything",7,245575,44.59
"love mean world",7,245582,44.6
"love michael jackson",7,245589,44.6
"love miss both",7,245596,44.6
"love music amazing",7,245603,44.6
"love music guys",7,245610,44.6
"love people tell",7,245617,44.6
"love put circle",7,245624,44.6
"love random memories",7,245631,44.6
"love rock roll",7,245638,44.61
"love san antonio",7,245645,44.61
"love san francisco",7,245652,44.61
"love selena gomez",7,245659,44.61
"love send free",7,245666,44.61
"love sing dance",7,245673,44.61
"love skill work",7,245680,44.61
"love song amazing",7,245687,44.62
"love song just",7,245694,44.62
"love strong word",7,245701,44.62
"love true love",7,245708,44.62
"love ur voice",7,245715,44.62
"love watching movies",7,245722,44.62
"love way love",7,245729,44.62
"love way make",7,245736,44.62
"love way sing",7,245743,44.63
"love way think",7,245750,44.63
"love woman beautiful",7,245757,44.63
"love wonderful day",7,245764,44.63
"love words describe",7,245771,44.63
"love work let",7,245778,44.63
"loved hunger games",7,245785,44.63
"loved love love",7,245792,44.63
"loved midnight paris",7,245799,44.64
"low income families",7,245806,44.64
"luck hope win",7,245813,44.64
"luck rest season",7,245820,44.64
"lunch date today",7,245827,44.64
"lunch today delicious",7,245834,44.64
"ma pm kids",7,245841,44.64
"made chocolate chip",7,245848,44.64
"made ice cream",7,245855,44.65
"madison hardest trivia",7,245862,44.65
"madison www com",7,245869,44.65
"magazine www com",7,245876,44.65
"mail seven fantastic",7,245883,44.65
"make better just",7,245890,44.65
"make bucket list",7,245897,44.65
"make career diverse",7,245904,44.65
"make cool morning",7,245911,44.66
"make day brighter",7,245918,44.66
"make day great",7,245925,44.66
"make feel important",7,245932,44.66
"make feel warm",7,245939,44.66
"make girl feel",7,245946,44.66
"make good choices",7,245953,44.66
"make good team",7,245960,44.66
"make great music",7,245967,44.67
"make great team",7,245974,44.67
"make heart smile",7,245981,44.67
"make laugh love",7,245988,44.67
"make life worth",7,245995,44.67
"make lot sense",7,246002,44.67
"make make fall",7,246009,44.67
"make make money",7,246016,44.67
"make money spend",7,246023,44.68
"make own ice",7,246030,44.68
"make own monday",7,246037,44.68
"make positive impact",7,246044,44.68
"make really happy",7,246051,44.68
"make sure enter",7,246058,44.68
"make sure fun",7,246065,44.68
"make sure phone",7,246072,44.69
"make sure play",7,246079,44.69
"make sure safe",7,246086,44.69
"make sure spread",7,246093,44.69
"make sure using",7,246100,44.69
"make sure wash",7,246107,44.69
"make www com",7,246114,44.69
"makes feel happy",7,246121,44.69
"makes happy like",7,246128,44.7
"makes heart happy",7,246135,44.7
"makes heart melt",7,246142,44.7
"makes heart smile",7,246149,44.7
"makes little sense",7,246156,44.7
"makes people think",7,246163,44.7
"makes sense know",7,246170,44.7
"makes sense like",7,246177,44.7
"makes sense think",7,246184,44.71
"makes things happen",7,246191,44.71
"makes things possible",7,246198,44.71
"man captain america",7,246205,44.71
"man healthy wealthy",7,246212,44.71
"man heart stomach",7,246219,44.71
"man imagination wings",7,246226,44.71
"man iron man",7,246233,44.71
"man look like",7,246240,44.72
"man makes money",7,246247,44.72
"man old regrets",7,246254,44.72
"man wait till",7,246261,44.72
"man wanna go",7,246268,44.72
"management doing things",7,246275,44.72
"march stay tuned",7,246282,44.72
"march th new",7,246289,44.72
"mark educated mind",7,246296,44.73
"marker design clients",7,246303,44.73
"market today pm",7,246310,44.73
"marriage union man",7,246317,44.73
"mary kay andrews",7,246324,44.73
"mason guest tweeting",7,246331,44.73
"master plan meeting",7,246338,44.73
"matter go matter",7,246345,44.73
"matter times say",7,246352,44.74
"maurice jones drew",7,246359,44.74
"maybe ill go",7,246366,44.74
"maybe just thought",7,246373,44.74
"maybe let know",7,246380,44.74
"maybe maybe just",7,246387,44.74
"mayor cory booker",7,246394,44.74
"means boss add",7,246401,44.74
"means having say",7,246408,44.75
"means lot love",7,246415,44.75
"means lot thanks",7,246422,44.75
"means steps ahead",7,246429,44.75
"measure wealth worth",7,246436,44.75
"meet greet pm",7,246443,44.75
"meeting thanks coming",7,246450,44.75
"meeting today excited",7,246457,44.75
"meeting today wait",7,246464,44.76
"member ticket reservation",7,246471,44.76
"members non members",7,246478,44.76
"men don know",7,246485,44.76
"men women children",7,246492,44.76
"mention hope having",7,246499,44.76
"merry go round",7,246506,44.76
"metro section page",7,246513,44.77
"miami design district",7,246520,44.77
"middle school high",7,246527,44.77
"midnight showing hunger",7,246534,44.77
"might get new",7,246541,44.77
"might go get",7,246548,44.77
"might go home",7,246555,44.77
"might hurt somebody",7,246562,44.77
"might just best",7,246569,44.78
"might sound like",7,246576,44.78
"mile training run",7,246583,44.78
"milwaukee art museum",7,246590,44.78
"mind able entertain",7,246597,44.78
"mind exercise body",7,246604,44.78
"mind flight imagination",7,246611,44.78
"mind think become",7,246618,44.78
"minimal effort maximum",7,246625,44.79
"minneapolis st paul",7,246632,44.79
"minus hours counting",7,246639,44.79
"minute lose seconds",7,246646,44.79
"minute mother day",7,246653,44.79
"miss beautiful face",7,246660,44.79
"miss family friends",7,246667,44.79
"miss guys come",7,246674,44.79
"miss land stars",7,246681,44.8
"miss last night",7,246688,44.8
"miss need come",7,246695,44.8
"missed free throw",7,246702,44.8
"missing milwaukee man",7,246709,44.8
"mistake turn thing",7,246716,44.8
"mitt romney just",7,246723,44.8
"mitt romney today",7,246730,44.8
"mode threw air",7,246737,44.81
"mom just texted",7,246744,44.81
"mom making go",7,246751,44.81
"mom told go",7,246758,44.81
"moms happy mothers",7,246765,44.81
"mon wed fri",7,246772,44.81
"monday labor day",7,246779,44.81
"monday stay tuned",7,246786,44.81
"money wife spend",7,246793,44.82
"morning did get",7,246800,44.82
"morning early birds",7,246807,44.82
"morning fort wayne",7,246814,44.82
"morning let go",7,246821,44.82
"morning long time",7,246828,44.82
"morning welcome new",7,246835,44.82
"morning wonderful wednesday",7,246842,44.82
"morning world make",7,246849,44.83
"mother saw irony",7,246856,44.83
"moved months ago",7,246863,44.83
"moved new place",7,246870,44.83
"movie hunger games",7,246877,44.83
"movie made cry",7,246884,44.83
"moving entertainment business",7,246891,44.83
"moving los angeles",7,246898,44.84
"moving new place",7,246905,44.84
"music city roots",7,246912,44.84
"music day long",7,246919,44.84
"music hall fame",7,246926,44.84
"music night long",7,246933,44.84
"music poised creation",7,246940,44.84
"music video come",7,246947,44.84
"music video oh",7,246954,44.85
"music www myspace",7,246961,44.85
"musical thanks following",7,246968,44.85
"must doing wrong",7,246975,44.85
"must learn live",7,246982,44.85
"must must must",7,246989,44.85
"myself comfortable classy",7,246996,44.85
"national spelling bee",7,247003,44.85
"nba playoff games",7,247010,44.86
"nba regular season",7,247017,44.86
"necessary ones need",7,247024,44.86
"need anger management",7,247031,44.86
"need come soon",7,247038,44.86
"need females involved",7,247045,44.86
"need find job",7,247052,44.86
"need followers likes",7,247059,44.86
"need girl life",7,247066,44.87
"need go fast",7,247073,44.87
"need hurry come",7,247080,44.87
"need lose lbs",7,247087,44.87
"need make better",7,247094,44.87
"need make plans",7,247101,44.87
"need mary mary",7,247108,44.87
"need retail therapy",7,247115,44.87
"need sleep sleep",7,247122,44.88
"need start doing",7,247129,44.88
"need start reading",7,247136,44.88
"need start taking",7,247143,44.88
"need stop buying",7,247150,44.88
"need stop doing",7,247157,44.88
"need stop drinking",7,247164,44.88
"need stop reading",7,247171,44.88
"need wash clothes",7,247178,44.89
"need wash hair",7,247185,44.89
"needs followers wont",7,247192,44.89
"neighbors respect trouble",7,247199,44.89
"network actors find",7,247206,44.89
"new big feb",7,247213,44.89
"new dream lewis",7,247220,44.89
"new exciting things",7,247227,44.89
"new favorite app",7,247234,44.9
"new favorite phrase",7,247241,44.9
"new follows move",7,247248,44.9
"new found love",7,247255,44.9
"new gluten free",7,247262,44.9
"new good luck",7,247269,44.9
"new idea original",7,247276,44.9
"new job get",7,247283,44.9
"new member team",7,247290,44.91
"new month new",7,247297,44.91
"new music amazing",7,247304,44.91
"new music spotlight",7,247311,44.91
"new orleans today",7,247318,44.91
"new orleans week",7,247325,44.91
"new phone finally",7,247332,44.91
"new reality tv",7,247339,44.92
"new releases page",7,247346,44.92
"new single amazing",7,247353,44.92
"new social network",7,247360,44.92
"new state art",7,247367,44.92
"new stuff guys",7,247374,44.92
"new team member",7,247381,44.92
"new video tomorrow",7,247388,44.92
"new washing machine",7,247395,44.93
"new website launch",7,247402,44.93
"new year chance",7,247409,44.93
"new year get",7,247416,44.93
"new year goals",7,247423,44.93
"new year guys",7,247430,44.93
"new year old",7,247437,44.93
"new year stay",7,247444,44.93
"new year team",7,247451,44.94
"new year want",7,247458,44.94
"new year wonderful",7,247465,44.94
"new year world",7,247472,44.94
"new years love",7,247479,44.94
"news steve jobs",7,247486,44.94
"news time flies",7,247493,44.94
"nice cool weather",7,247500,44.94
"nice job getting",7,247507,44.95
"nice job tonight",7,247514,44.95
"nice keep good",7,247521,44.95
"nice long weekend",7,247528,44.95
"nice meet love",7,247535,44.95
"nice work man",7,247542,44.95
"night big thanks",7,247549,44.95
"night full moon",7,247556,44.95
"night really good",7,247563,44.96
"night sounds like",7,247570,44.96
"night take care",7,247577,44.96
"night tomorrow pm",7,247584,44.96
"night watching movies",7,247591,44.96
"north winds mph",7,247598,44.96
"notch lemme hear",7,247605,44.96
"note self get",7,247612,44.96
"note self go",7,247619,44.97
"note self make",7,247626,44.97
"note self take",7,247633,44.97
"note self time",7,247640,44.97
"notice follow big",7,247647,44.97
"nowadays cool means",7,247654,44.97
"oaks farmers market",7,247661,44.97
"obstacles probably lead",7,247668,44.97
"ocean change weather",7,247675,44.98
"odd trick diet",7,247682,44.98
"offended insult smile",7,247689,44.98
"offer price list",7,247696,44.98
"offering diversity platinum",7,247703,44.98
"oh big deal",7,247710,44.98
"oh don remember",7,247717,44.98
"oh gosh think",7,247724,44.99
"oh gosh wait",7,247731,44.99
"oh heck yes",7,247738,44.99
"oh just wanna",7,247745,44.99
"oh life goes",7,247752,44.99
"oh love new",7,247759,44.99
"oh love thee",7,247766,44.99
"oh man haven",7,247773,44.99
"oh man need",7,247780,45
"oh man think",7,247787,45
"oh man wish",7,247794,45
"oh oh baby",7,247801,45
"oh wait maybe",7,247808,45
"oh wait really",7,247815,45
"oh wanna dance",7,247822,45
"oh wow cool",7,247829,45
"oh yes oh",7,247836,45.01
"ok gonna go",7,247843,45.01
"ok just say",7,247850,45.01
"ok just sent",7,247857,45.01
"okay sounds like",7,247864,45.01
"older pay attention",7,247871,45.01
"ones need advice",7,247878,45.01
"online free access",7,247885,45.01
"open friday saturday",7,247892,45.02
"opened eyes planet",7,247899,45.02
"opened short community",7,247906,45.02
"opening day game",7,247913,45.02
"opening day just",7,247920,45.02
"operation christmas child",7,247927,45.02
"opportunities ralph emerson",7,247934,45.02
"optimism leads achievement",7,247941,45.02
"orange county ca",7,247948,45.03
"order online www",7,247955,45.03
"outside dreams looks",7,247962,45.03
"own bed tonight",7,247969,45.03
"own heart just",7,247976,45.03
"own youtube channel",7,247983,45.03
"pacific beach surf",7,247990,45.03
"page chance win",7,247997,45.03
"page google search",7,248004,45.04
"paid labor vision",7,248011,45.04
"painful risk took",7,248018,45.04
"pal pal pal",7,248025,45.04
"papa john pizza",7,248032,45.04
"paper beats rock",7,248039,45.04
"parents let go",7,248046,45.04
"parking lot time",7,248053,45.04
"part love thanks",7,248060,45.05
"party come hang",7,248067,45.05
"party coming soon",7,248074,45.05
"party house tonight",7,248081,45.05
"party tonight come",7,248088,45.05
"party tonight going",7,248095,45.05
"past believes future",7,248102,45.05
"path obstacles probably",7,248109,45.05
"patient live life",7,248116,45.06
"paul ron paul",7,248123,45.06
"paul ryan budget",7,248130,45.06
"pay attention men",7,248137,45.06
"pay attention things",7,248144,45.06
"pay attention twitter",7,248151,45.06
"pay closer attention",7,248158,45.06
"pay equal work",7,248165,45.07
"pay phone bill",7,248172,45.07
"pearl studios th",7,248179,45.07
"people get ahead",7,248186,45.07
"people get excited",7,248193,45.07
"people get paid",7,248200,45.07
"people get ready",7,248207,45.07
"people get things",7,248214,45.07
"people just let",7,248221,45.08
"people just love",7,248228,45.08
"people just sit",7,248235,45.08
"people know like",7,248242,45.08
"people know twitter",7,248249,45.08
"people like people",7,248256,45.08
"people like world",7,248263,45.08
"people make day",7,248270,45.08
"people make happen",7,248277,45.09
"people make jokes",7,248284,45.09
"people make want",7,248291,45.09
"people need calm",7,248298,45.09
"people need mind",7,248305,45.09
"people need take",7,248312,45.09
"people need think",7,248319,45.09
"people play games",7,248326,45.09
"people play hair",7,248333,45.1
"people talk like",7,248340,45.1
"people think business",7,248347,45.1
"people think get",7,248354,45.1
"people think got",7,248361,45.1
"people think ok",7,248368,45.1
"people use describe",7,248375,45.1
"people used know",7,248382,45.1
"people used picture",7,248389,45.11
"people waiting line",7,248396,45.11
"people want change",7,248403,45.11
"people want follow",7,248410,45.11
"people want go",7,248417,45.11
"people want things",7,248424,45.11
"perfection achieved add",7,248431,45.11
"perfection chase perfection",7,248438,45.11
"person does define",7,248445,45.12
"person dog thinks",7,248452,45.12
"person don let",7,248459,45.12
"person makes feel",7,248466,45.12
"person sense humor",7,248473,45.12
"person used know",7,248480,45.12
"phone date soon",7,248487,45.12
"phone seems ring",7,248494,45.12
"photo thanks sharing",7,248501,45.13
"picture perfect day",7,248508,45.13
"plan entire event",7,248515,45.13
"plan work letters",7,248522,45.13
"plans harm plans",7,248529,45.13
"plastic business cards",7,248536,45.13
"plastic surgery bad",7,248543,45.13
"play blame game",7,248550,45.14
"play don play",7,248557,45.14
"play game better",7,248564,45.14
"play live online",7,248571,45.14
"play mini golf",7,248578,45.14
"player year award",7,248585,45.14
"playing acoustic set",7,248592,45.14
"playing bridge don",7,248599,45.14
"playing free tonight",7,248606,45.15
"pleasure look forward",7,248613,45.15
"pm bravo get",7,248620,45.15
"pm come party",7,248627,45.15
"pm come soon",7,248634,45.15
"pm comic strip",7,248641,45.15
"pm don late",7,248648,45.15
"pm est check",7,248655,45.15
"pm est join",7,248662,45.16
"pm monday friday",7,248669,45.16
"pm sunday night",7,248676,45.16
"pockets held anyone",7,248683,45.16
"points spurs lead",7,248690,45.16
"poised creation began",7,248697,45.16
"poised creation might",7,248704,45.16
"poised creation thank",7,248711,45.16
"poised creation thought",7,248718,45.17
"portland san francisco",7,248725,45.17
"positive thoughts way",7,248732,45.17
"possible get interview",7,248739,45.17
"post new song",7,248746,45.17
"post pictures facebook",7,248753,45.17
"power hip hop",7,248760,45.17
"power love love",7,248767,45.17
"power power study",7,248774,45.18
"power study hard",7,248781,45.18
"power thinking don",7,248788,45.18
"pray get job",7,248795,45.18
"praying notice follow",7,248802,45.18
"precise dj pack",7,248809,45.18
"preliminary program www",7,248816,45.18
"premier league title",7,248823,45.18
"premiere hunger games",7,248830,45.19
"prepare look regret",7,248837,45.19
"prepare preparing fail",7,248844,45.19
"president obama speaking",7,248851,45.19
"presidential medal freedom",7,248858,45.19
"pretty awesome day",7,248865,45.19
"pretty cool like",7,248872,45.19
"pretty darn cute",7,248879,45.19
"price greatness responsibility",7,248886,45.2
"principle existence end",7,248893,45.2
"printing special mention",7,248900,45.2
"printing www com",7,248907,45.2
"probably don care",7,248914,45.2
"problem don like",7,248921,45.2
"problem glad help",7,248928,45.2
"produced grammy winner",7,248935,45.2
"productive day time",7,248942,45.21
"profile let know",7,248949,45.21
"project management software",7,248956,45.21
"promotion site page",7,248963,45.21
"prosecutor angela corey",7,248970,45.21
"punch myself face",7,248977,45.21
"purchase clear go",7,248984,45.21
"purchase tracks today",7,248991,45.22
"purpose life simply",7,248998,45.22
"put book ill",7,249005,45.22
"put foot mouth",7,249012,45.22
"put till tomorrow",7,249019,45.22
"quarter results press",7,249026,45.22
"questions ask away",7,249033,45.22
"quick easy meals",7,249040,45.22
"quickly kiss slowly",7,249047,45.23
"rainy day blues",7,249054,45.23
"rainy day good",7,249061,45.23
"raising debt ceiling",7,249068,45.23
"ramp breaking news",7,249075,45.23
"random memories make",7,249082,45.23
"rangers vs capitals",7,249089,45.23
"rd beach fl",7,249096,45.23
"rd borders diversity",7,249103,45.24
"rd day row",7,249110,45.24
"rd party apps",7,249117,45.24
"reached followers thank",7,249124,45.24
"read book find",7,249131,45.24
"read fifty shades",7,249138,45.24
"read good books",7,249145,45.24
"reading twitter feed",7,249152,45.24
"reading worth writing",7,249159,45.25
"ready get school",7,249166,45.25
"ready get weekend",7,249173,45.25
"ready sf dynamic",7,249180,45.25
"ready www com",7,249187,45.25
"real estate industry",7,249194,45.25
"real estate sales",7,249201,45.25
"real estate video",7,249208,45.25
"real life get",7,249215,45.26
"real looks like",7,249222,45.26
"real madrid vs",7,249229,45.26
"reality les brown",7,249236,45.26
"realize don know",7,249243,45.26
"really affected kurt",7,249250,45.26
"really appreciate coming",7,249257,45.26
"really appreciate follow",7,249264,45.26
"really appreciate good",7,249271,45.27
"really appreciate help",7,249278,45.27
"really appreciate hope",7,249285,45.27
"really appreciate ur",7,249292,45.27
"really cool great",7,249299,45.27
"really enjoyed having",7,249306,45.27
"really great guy",7,249313,45.27
"really hate school",7,249320,45.27
"really hope like",7,249327,45.28
"really just tweet",7,249334,45.28
"really know just",7,249341,45.28
"really let get",7,249348,45.28
"really made laugh",7,249355,45.28
"really nice day",7,249362,45.28
"really really pretty",7,249369,45.28
"really think gonna",7,249376,45.29
"really wish get",7,249383,45.29
"really wish just",7,249390,45.29
"reason realized thinking",7,249397,45.29
"recognize celebrate heroes",7,249404,45.29
"recognize problem becomes",7,249411,45.29
"recommend eat day",7,249418,45.29
"recommendations gr customers",7,249425,45.29
"red carpet interviews",7,249432,45.3
"red carpet premiere",7,249439,45.3
"redskins rams nfl",7,249446,45.3
"redskins st louis",7,249453,45.3
"reflected standards set",7,249460,45.3
"reflection state mind",7,249467,45.3
"regional medical center",7,249474,45.3
"regret good wonderful",7,249481,45.3
"regrets take place",7,249488,45.31
"regularly scheduled programming",7,249495,45.31
"relate far ahead",7,249502,45.31
"relationships like glass",7,249509,45.31
"release new music",7,249516,45.31
"released new album",7,249523,45.31
"releasing new single",7,249530,45.31
"religion simple religion",7,249537,45.31
"remember don know",7,249544,45.32
"remember used say",7,249551,45.32
"repair oil changes",7,249558,45.32
"replace negative thoughts",7,249565,45.32
"reply gonna happen",7,249572,45.32
"request agency booking",7,249579,45.32
"reservations guest list",7,249586,45.32
"resident dj tribe",7,249593,45.32
"responsible higher standard",7,249600,45.33
"rest day goes",7,249607,45.33
"rest life make",7,249614,45.33
"rest peace junior",7,249621,45.33
"reward gave calvin",7,249628,45.33
"right effectiveness doing",7,249635,45.33
"right force field",7,249642,45.33
"right free speech",7,249649,45.33
"right last week",7,249656,45.34
"right leadership doing",7,249663,45.34
"right man right",7,249670,45.34
"right martin luther",7,249677,45.34
"right outside door",7,249684,45.34
"right probably just",7,249691,45.34
"right wanna go",7,249698,45.34
"risen happy easter",7,249705,45.34
"risks accomplish life",7,249712,45.35
"rochester new york",7,249719,45.35
"rochester rock roll",7,249726,45.35
"rock new orleans",7,249733,45.35
"rockies game tonight",7,249740,45.35
"rome built day",7,249747,45.35
"ron paul just",7,249754,45.35
"ronald wayne sold",7,249761,45.35
"room tonight pm",7,249768,45.36
"ross island bridge",7,249775,45.36
"route speak replies",7,249782,45.36
"rule coming hours",7,249789,45.36
"rule forget rule",7,249796,45.36
"rumors get started",7,249803,45.36
"run central park",7,249810,45.36
"run chasing dream",7,249817,45.37
"run miles day",7,249824,45.37
"rush big time",7,249831,45.37
"rushed life trying",7,249838,45.37
"sad day music",7,249845,45.37
"sad don know",7,249852,45.37
"safe labor day",7,249859,45.37
"safe ships built",7,249866,45.37
"safe travels enjoy",7,249873,45.38
"safe travels good",7,249880,45.38
"safe travels soon",7,249887,45.38
"safe travels today",7,249894,45.38
"safe white deep",7,249901,45.38
"said cover artist",7,249908,45.38
"said exact thing",7,249915,45.38
"said feel safe",7,249922,45.38
"said life easy",7,249929,45.39
"saint patty day",7,249936,45.39
"sales use promo",7,249943,45.39
"san antonio just",7,249950,45.39
"san antonio love",7,249957,45.39
"san francisco pm",7,249964,45.39
"san francisco sun",7,249971,45.39
"saturday april st",7,249978,45.39
"saturday club text",7,249985,45.4
"saturday march rd",7,249992,45.4
"saturday night get",7,249999,45.4
"saturday night just",7,250006,45.4
"saturday www com",7,250013,45.4
"saved bell netflix",7,250020,45.4
"saw bumper sticker",7,250027,45.4
"saw cabin woods",7,250034,45.4
"saw days ago",7,250041,45.41
"saw irony calling",7,250048,45.41
"saw weeks ago",7,250055,45.41
"say anything bad",7,250062,45.41
"say anything get",7,250069,45.41
"say anything nice",7,250076,45.41
"say bad thing",7,250083,45.41
"say cause driving",7,250090,45.41
"say hello new",7,250097,45.42
"say love lying",7,250104,45.42
"say mean say",7,250111,45.42
"say mean things",7,250118,45.42
"say merry christmas",7,250125,45.42
"say money make",7,250132,45.42
"say take care",7,250139,45.42
"saying bc ceo",7,250146,45.42
"saying got better",7,250153,45.43
"says looks like",7,250160,45.43
"says thanks poised",7,250167,45.43
"school jersey shore",7,250174,45.43
"school parking lot",7,250181,45.43
"school today get",7,250188,45.43
"school today tomorrow",7,250195,45.43
"school tomorrow just",7,250202,45.44
"school tomorrow morning",7,250209,45.44
"school year just",7,250216,45.44
"screamed window day",7,250223,45.44
"season finale good",7,250230,45.44
"season finale vampire",7,250237,45.44
"season last year",7,250244,45.44
"secret social media",7,250251,45.44
"seeing guys soon",7,250258,45.45
"seem like big",7,250265,45.45
"seem like end",7,250272,45.45
"seem like nice",7,250279,45.45
"seem like really",7,250286,45.45
"seem like type",7,250293,45.45
"seems pretty good",7,250300,45.45
"semester looking forward",7,250307,45.45
"send free recordings",7,250314,45.46
"send mailing address",7,250321,45.46
"send text message",7,250328,45.46
"sending good way",7,250335,45.46
"sent email address",7,250342,45.46
"sent text message",7,250349,45.46
"series amazon com",7,250356,45.46
"seriously does anyone",7,250363,45.46
"serve ice cream",7,250370,45.47
"server ready sf",7,250377,45.47
"sessions dj justin",7,250384,45.47
"sessions looking forward",7,250391,45.47
"set time chat",7,250398,45.47
"shadows life caused",7,250405,45.47
"sherman oaks farmers",7,250412,45.47
"shoes direction choose",7,250419,45.47
"shop till drop",7,250426,45.48
"shopping day today",7,250433,45.48
"short community volume",7,250440,45.48
"shout thanks following",7,250447,45.48
"showers slight chance",7,250454,45.48
"sidewalk take away",7,250461,45.48
"sign today www",7,250468,45.48
"simple philosophy fill",7,250475,45.48
"simple possible simpler",7,250482,45.49
"simply serve warning",7,250489,45.49
"sing answer sings",7,250496,45.49
"sing dance act",7,250503,45.49
"sing like listening",7,250510,45.49
"singer whitney houston",7,250517,45.49
"single private classes",7,250524,45.49
"single word saying",7,250531,45.49
"sir mix lot",7,250538,45.5
"sit relax enjoy",7,250545,45.5
"sitting couch watching",7,250552,45.5
"sitting living room",7,250559,45.5
"skill work expect",7,250566,45.5
"skin care products",7,250573,45.5
"sleep fall asleep",7,250580,45.5
"sleep got work",7,250587,45.5
"sleep hours day",7,250594,45.51
"sleep need sleep",7,250601,45.51
"sleep schedule messed",7,250608,45.51
"sleep tight don",7,250615,45.51
"slight chance rain",7,250622,45.51
"slow day work",7,250629,45.51
"smell like weed",7,250636,45.51
"smells like hot",7,250643,45.52
"smells like weed",7,250650,45.52
"smile act like",7,250657,45.52
"smile curve sets",7,250664,45.52
"smiles might sunshine",7,250671,45.52
"social media campaigns",7,250678,45.52
"social media case",7,250685,45.52
"social media consulting",7,250692,45.52
"social media email",7,250699,45.53
"social media friends",7,250706,45.53
"social media info",7,250713,45.53
"social media let",7,250720,45.53
"social media made",7,250727,45.53
"social media plan",7,250734,45.53
"social media pr",7,250741,45.53
"social media tourism",7,250748,45.53
"social media web",7,250755,45.54
"social media webinar",7,250762,45.54
"social solutions stand",7,250769,45.54
"sold stake apple",7,250776,45.54
"solo cup party",7,250783,45.54
"solutions stand strong",7,250790,45.54
"son got problems",7,250797,45.54
"song get old",7,250804,45.54
"song head day",7,250811,45.55
"song really good",7,250818,45.55
"songs make feel",7,250825,45.55
"soon get chance",7,250832,45.55
"soon soon soon",7,250839,45.55
"sorry delayed reply",7,250846,45.55
"sorry hear know",7,250853,45.55
"sorry meant say",7,250860,45.55
"sorry people don",7,250867,45.56
"soul universe wings",7,250874,45.56
"sound design check",7,250881,45.56
"sound like dying",7,250888,45.56
"sounds like character",7,250895,45.56
"sounds like day",7,250902,45.56
"sounds like get",7,250909,45.56
"sounds like idea",7,250916,45.56
"sounds like make",7,250923,45.57
"sounds like missed",7,250930,45.57
"sounds like old",7,250937,45.57
"sounds like ready",7,250944,45.57
"sounds like trouble",7,250951,45.57
"sounds like type",7,250958,45.57
"sounds like winner",7,250965,45.57
"sounds like winning",7,250972,45.57
"south rd beach",7,250979,45.58
"special needs students",7,250986,45.58
"special recipe makes",7,250993,45.58
"spend saturday night",7,251000,45.58
"spend spring break",7,251007,45.58
"spend time friends",7,251014,45.58
"spent minutes trying",7,251021,45.58
"spoken word open",7,251028,45.59
"spring like day",7,251035,45.59
"spurs lead left",7,251042,45.59
"ss alex gonzalez",7,251049,45.59
"st come st",7,251056,45.59
"st day new",7,251063,45.59
"st day party",7,251070,45.59
"st day weekend",7,251077,45.59
"st louis today",7,251084,45.6
"st nd grade",7,251091,45.6
"st nw dc",7,251098,45.6
"st perfect game",7,251105,45.6
"st time months",7,251112,45.6
"star somebody lied",7,251119,45.6
"star wars character",7,251126,45.6
"start day thanks",7,251133,45.6
"start day weekend",7,251140,45.61
"start new chapter",7,251147,45.61
"start new project",7,251154,45.61
"start new trend",7,251161,45.61
"start new week",7,251168,45.61
"start saving today",7,251175,45.61
"start year right",7,251182,45.61
"started day right",7,251189,45.61
"started hours ago",7,251196,45.62
"starting april th",7,251203,45.62
"starting work new",7,251210,45.62
"starts pm don",7,251217,45.62
"starts pm get",7,251224,45.62
"state sales tax",7,251231,45.62
"state union tonight",7,251238,45.62
"stay home work",7,251245,45.62
"stay safe tonight",7,251252,45.63
"steadily fact true",7,251259,45.63
"stomach recommend eat",7,251266,45.63
"stone cold steve",7,251273,45.63
"stop drinking coffee",7,251280,45.63
"stop look face",7,251287,45.63
"stop look listen",7,251294,45.63
"stop looking like",7,251301,45.63
"stop sending spam",7,251308,45.64
"stops desk work",7,251315,45.64
"store stay tuned",7,251322,45.64
"store stomach recommend",7,251329,45.64
"stranger smiles might",7,251336,45.64
"strength does come",7,251343,45.64
"strong charity growth",7,251350,45.64
"strongest species survive",7,251357,45.64
"stuck head get",7,251364,45.65
"study found people",7,251371,45.65
"study hard evil",7,251378,45.65
"study test tomorrow",7,251385,45.65
"stuff falling sky",7,251392,45.65
"stuff keep good",7,251399,45.65
"subject matter experts",7,251406,45.65
"succeed evidence tried",7,251413,45.65
"success key try",7,251420,45.66
"success rule coming",7,251427,45.66
"success wake work",7,251434,45.66
"sufficient cause birth",7,251441,45.66
"suggest page friends",7,251448,45.66
"summer bucket list",7,251455,45.66
"summit adventure romance",7,251462,45.66
"sun mention twitter",7,251469,45.67
"sunday day rest",7,251476,45.67
"sunday don forget",7,251483,45.67
"sunday don miss",7,251490,45.67
"sunday let go",7,251497,45.67
"sunday let know",7,251504,45.67
"super excited go",7,251511,45.67
"super excited hear",7,251518,45.67
"super excited week",7,251525,45.68
"super hero movie",7,251532,45.68
"super hot hot",7,251539,45.68
"support greatly appreciated",7,251546,45.68
"sure check com",7,251553,45.68
"sure check golden",7,251560,45.68
"sure check thanks",7,251567,45.68
"sure get copy",7,251574,45.68
"sure gonna make",7,251581,45.69
"sure just did",7,251588,45.69
"sure just need",7,251595,45.69
"sure thing happy",7,251602,45.69
"sure thing just",7,251609,45.69
"sure visit booth",7,251616,45.69
"surf report ft",7,251623,45.69
"surrender night club",7,251630,45.69
"surrounded loved ones",7,251637,45.7
"swag pay bills",7,251644,45.7
"sweet dreams baby",7,251651,45.7
"sweet dreams beautiful",7,251658,45.7
"sweet dreams buddy",7,251665,45.7
"sydney morning herald",7,251672,45.7
"taco bell commercial",7,251679,45.7
"take advantage tax",7,251686,45.7
"take away right",7,251693,45.71
"take away ur",7,251700,45.71
"take calculated risks",7,251707,45.71
"take control life",7,251714,45.71
"take days get",7,251721,45.71
"take forever get",7,251728,45.71
"take game series",7,251735,45.71
"take kindness weakness",7,251742,45.71
"take look mirror",7,251749,45.72
"take nap work",7,251756,45.72
"take risks accomplish",7,251763,45.72
"take second look",7,251770,45.72
"take time look",7,251777,45.72
"take time tell",7,251784,45.72
"take yo sleep",7,251791,45.72
"takes getting used",7,251798,45.72
"taking easy tonight",7,251805,45.73
"taking little break",7,251812,45.73
"taking voice lessons",7,251819,45.73
"talent hard work",7,251826,45.73
"talk real life",7,251833,45.73
"talk want talk",7,251840,45.73
"taylor swift music",7,251847,45.73
"team beat team",7,251854,45.74
"teams headed lottery",7,251861,45.74
"teams play live",7,251868,45.74
"tears hearts felt",7,251875,45.74
"tech summer camps",7,251882,45.74
"teen hunger force",7,251889,45.74
"teeth hurt bad",7,251896,45.74
"tell friends get",7,251903,45.74
"tell friends join",7,251910,45.75
"tell need know",7,251917,45.75
"tell people don",7,251924,45.75
"tell people love",7,251931,45.75
"tell way carry",7,251938,45.75
"tender look becomes",7,251945,45.75
"terms brought people",7,251952,45.75
"tests leadership ability",7,251959,45.75
"texas held southern",7,251966,45.76
"th annual awards",7,251973,45.76
"th annual cuts",7,251980,45.76
"th annual walk",7,251987,45.76
"th birthday baby",7,251994,45.76
"th birthday tomorrow",7,252001,45.76
"th birthday wish",7,252008,45.76
"th don forget",7,252015,45.76
"th don want",7,252022,45.77
"th follower twitter",7,252029,45.77
"th grade english",7,252036,45.77
"th grade th",7,252043,45.77
"th hard rock",7,252050,45.77
"th pick nfl",7,252057,45.77
"th pm et",7,252064,45.77
"th pm register",7,252071,45.77
"th st nyc",7,252078,45.78
"th straight win",7,252085,45.78
"thank don forget",7,252092,45.78
"thank follow cheers",7,252099,45.78
"thank follow support",7,252106,45.78
"thank follow thank",7,252113,45.78
"thank following appreciate",7,252120,45.78
"thank following good",7,252127,45.78
"thank following let",7,252134,45.79
"thank getting word",7,252141,45.79
"thank goodness got",7,252148,45.79
"thank great experience",7,252155,45.79
"thank great meet",7,252162,45.79
"thank great meeting",7,252169,45.79
"thank joining today",7,252176,45.79
"thank love happy",7,252183,45.79
"thank love love",7,252190,45.8
"thank nice hear",7,252197,45.8
"thank sharing post",7,252204,45.8
"thank steve jobs",7,252211,45.8
"thank support keep",7,252218,45.8
"thanks appreciate love",7,252225,45.8
"thanks awesome weekend",7,252232,45.8
"thanks bottom heart",7,252239,45.8
"thanks came great",7,252246,45.81
"thanks da follow",7,252253,45.81
"thanks follow charge",7,252260,45.81
"thanks follow day",7,252267,45.81
"thanks follow fantastic",7,252274,45.81
"thanks follow girl",7,252281,45.81
"thanks follow going",7,252288,45.81
"thanks follow huge",7,252295,45.82
"thanks follow jeff",7,252302,45.82
"thanks follow long",7,252309,45.82
"thanks follow make",7,252316,45.82
"thanks follow mike",7,252323,45.82
"thanks follow mr",7,252330,45.82
"thanks follow tony",7,252337,45.82
"thanks follow working",7,252344,45.82
"thanks following amazing",7,252351,45.83
"thanks following blog",7,252358,45.83
"thanks following facebook",7,252365,45.83
"thanks following going",7,252372,45.83
"thanks following got",7,252379,45.83
"thanks following greatly",7,252386,45.83
"thanks following looks",7,252393,45.83
"thanks following means",7,252400,45.83
"thanks following soon",7,252407,45.84
"thanks give try",7,252414,45.84
"thanks glad part",7,252421,45.84
"thanks good company",7,252428,45.84
"thanks guys really",7,252435,45.84
"thanks happy help",7,252442,45.84
"thanks heads check",7,252449,45.84
"thanks helped make",7,252456,45.84
"thanks hope find",7,252463,45.85
"thanks just did",7,252470,45.85
"thanks just followed",7,252477,45.85
"thanks just need",7,252484,45.85
"thanks just saw",7,252491,45.85
"thanks just wanted",7,252498,45.85
"thanks making look",7,252505,45.85
"thanks making smile",7,252512,45.85
"thanks man great",7,252519,45.86
"thanks new twitter",7,252526,45.86
"thanks really good",7,252533,45.86
"thanks really means",7,252540,45.86
"thanks send email",7,252547,45.86
"thanks try make",7,252554,45.86
"thanks tweet good",7,252561,45.86
"thing communication hear",7,252568,45.86
"thing father children",7,252575,45.87
"thing last year",7,252582,45.87
"thing let go",7,252589,45.87
"things albert einstein",7,252596,45.87
"things day look",7,252603,45.87
"things difficult command",7,252610,45.87
"things difficult dare",7,252617,45.87
"things difficult easy",7,252624,45.87
"things don matter",7,252631,45.88
"things don mean",7,252638,45.88
"things get ur",7,252645,45.88
"things getting crazy",7,252652,45.88
"things going happen",7,252659,45.88
"things going life",7,252666,45.88
"things let know",7,252673,45.88
"things life don",7,252680,45.89
"things take care",7,252687,45.89
"things today get",7,252694,45.89
"think does make",7,252701,45.89
"think favorite part",7,252708,45.89
"think friends anymore",7,252715,45.89
"think get used",7,252722,45.89
"think going good",7,252729,45.89
"think going great",7,252736,45.9
"think going use",7,252743,45.9
"think gonna give",7,252750,45.9
"think gonna happen",7,252757,45.9
"think good fit",7,252764,45.9
"think good time",7,252771,45.9
"think got good",7,252778,45.9
"think happy thoughts",7,252785,45.9
"think help get",7,252792,45.91
"think know better",7,252799,45.91
"think know talking",7,252806,45.91
"think let go",7,252813,45.91
"think like boss",7,252820,45.91
"think like just",7,252827,45.91
"think like twitter",7,252834,45.91
"think make day",7,252841,45.91
"think might able",7,252848,45.92
"think might interested",7,252855,45.92
"think might try",7,252862,45.92
"think need drink",7,252869,45.92
"think old man",7,252876,45.92
"think people just",7,252883,45.92
"think people need",7,252890,45.92
"think people use",7,252897,45.92
"think time take",7,252904,45.93
"think trying get",7,252911,45.93
"thinking buying new",7,252918,45.93
"thinking frank ocean",7,252925,45.93
"thinking starting blog",7,252932,45.93
"thinking thinking thinking",7,252939,45.93
"thomas candidate president",7,252946,45.93
"thought pretty funny",7,252953,45.93
"thought really good",7,252960,45.94
"throat hurts bad",7,252967,45.94
"throw glitter make",7,252974,45.94
"thursday april pm",7,252981,45.94
"thursday night football",7,252988,45.94
"tickets giving away",7,252995,45.94
"tickets going sale",7,253002,45.94
"till drinks till",7,253009,45.94
"till june th",7,253016,45.95
"till school ends",7,253023,45.95
"tim burton dark",7,253030,45.95
"tim burton johnny",7,253037,45.95
"time come visit",7,253044,45.95
"time don like",7,253051,45.95
"time don worry",7,253058,45.95
"time fall love",7,253065,45.95
"time gotta love",7,253072,45.96
"time hard work",7,253079,45.96
"time just saw",7,253086,45.96
"time late night",7,253093,45.96
"time love mother",7,253100,45.96
"time make things",7,253107,45.96
"time rushed life",7,253114,45.96
"time saturday night",7,253121,45.97
"time school history",7,253128,45.97
"time start living",7,253135,45.97
"time start preparing",7,253142,45.97
"time th grade",7,253149,45.97
"time today good",7,253156,45.97
"time today really",7,253163,45.97
"time valentine day",7,253170,45.97
"time won playoff",7,253177,45.98
"time year just",7,253184,45.98
"times desperate measures",7,253191,45.98
"tip day make",7,253198,45.98
"tip motivation get",7,253205,45.98
"tips large fry",7,253212,45.98
"tired don wanna",7,253219,45.98
"tired want sleep",7,253226,45.98
"today buy get",7,253233,45.99
"today buy noon",7,253240,45.99
"today crazy day",7,253247,45.99
"today day join",7,253254,45.99
"today don wanna",7,253261,45.99
"today finally day",7,253268,45.99
"today finally got",7,253275,45.99
"today get go",7,253282,45.99
"today give stranger",7,253289,46
"today giving away",7,253296,46
"today goes fast",7,253303,46
"today going amazing",7,253310,46
"today going slow",7,253317,46
"today good idea",7,253324,46
"today good start",7,253331,46
"today good time",7,253338,46
"today good times",7,253345,46.01
"today got great",7,253352,46.01
"today got new",7,253359,46.01
"today great stuff",7,253366,46.01
"today great weekend",7,253373,46.01
"today high school",7,253380,46.01
"today just get",7,253387,46.01
"today life good",7,253394,46.01
"today live tweeting",7,253401,46.02
"today love love",7,253408,46.02
"today marks years",7,253415,46.02
"today pm live",7,253422,46.02
"today pm pt",7,253429,46.02
"today post highlight",7,253436,46.02
"today st time",7,253443,46.02
"today tomorrow australia",7,253450,46.02
"tomato red onion",7,253457,46.03
"tomorrow check new",7,253464,46.03
"tomorrow great weekend",7,253471,46.03
"tomorrow morning going",7,253478,46.03
"tomorrow need get",7,253485,46.03
"tomorrow pm et",7,253492,46.03
"tomorrow saturday pm",7,253499,46.03
"tonight come great",7,253506,46.04
"tonight come support",7,253513,46.04
"tonight dinner special",7,253520,46.04
"tonight drink special",7,253527,46.04
"tonight get early",7,253534,46.04
"tonight great game",7,253541,46.04
"tonight house blues",7,253548,46.04
"tonight lets get",7,253555,46.04
"tonight oh wait",7,253562,46.05
"tonight oh yeah",7,253569,46.05
"tonight pretty sure",7,253576,46.05
"tonight really enjoyed",7,253583,46.05
"tonight yeah buddy",7,253590,46.05
"took home home",7,253597,46.05
"took hour half",7,253604,46.05
"took last year",7,253611,46.05
"took minutes text",7,253618,46.06
"took time get",7,253625,46.06
"totally agree love",7,253632,46.06
"totally agree think",7,253639,46.06
"totally make day",7,253646,46.06
"tough times last",7,253653,46.06
"tougher make difference",7,253660,46.06
"tournament washington dc",7,253667,46.06
"tragedy called truth",7,253674,46.07
"train smells like",7,253681,46.07
"travel coffee mug",7,253688,46.07
"treat people like",7,253695,46.07
"trick diet exercise",7,253702,46.07
"tried succeed roosevelt",7,253709,46.07
"trip san francisco",7,253716,46.07
"true hip hop",7,253723,46.07
"trust anyone anymore",7,253730,46.08
"trust don love",7,253737,46.08
"trust gets love",7,253744,46.08
"truth just kidding",7,253751,46.08
"truth stranger fiction",7,253758,46.08
"try fail fail",7,253765,46.08
"try get rest",7,253772,46.08
"try ice cream",7,253779,46.08
"try make fun",7,253786,46.09
"try make look",7,253793,46.09
"try make sure",7,253800,46.09
"trying convince myself",7,253807,46.09
"trying find motivation",7,253814,46.09
"trying give game",7,253821,46.09
"trying make music",7,253828,46.09
"trying make point",7,253835,46.09
"trying make sure",7,253842,46.1
"trying remember last",7,253849,46.1
"trying watch game",7,253856,46.1
"trying yrs excited",7,253863,46.1
"tuesday march pm",7,253870,46.1
"tweet favorite picture",7,253877,46.1
"tweet good night",7,253884,46.1
"tweet ill put",7,253891,46.1
"tweet tweet just",7,253898,46.11
"tweeting wait official",7,253905,46.11
"tweets sounds like",7,253912,46.11
"twin cities live",7,253919,46.11
"twitter account get",7,253926,46.11
"twitter account new",7,253933,46.11
"twitter account tweet",7,253940,46.11
"twitter did miss",7,253947,46.12
"twitter does make",7,253954,46.12
"twitter facebook get",7,253961,46.12
"twitter facebook myspace",7,253968,46.12
"twitter facebook page",7,253975,46.12
"twitter feed like",7,253982,46.12
"twitter follow limit",7,253989,46.12
"twitter follow twitter",7,253996,46.12
"twitter followers follow",7,254003,46.13
"twitter friends hope",7,254010,46.13
"twitter great way",7,254017,46.13
"twitter hope good",7,254024,46.13
"twitter just saw",7,254031,46.13
"twitter real life",7,254038,46.13
"type person want",7,254045,46.13
"ugh don get",7,254052,46.13
"ugh feel like",7,254059,46.14
"ugh want go",7,254066,46.14
"uh oh good",7,254073,46.14
"uh oh got",7,254080,46.14
"uh oh looks",7,254087,46.14
"ultra lounge live",7,254094,46.14
"um yo trail",7,254101,46.14
"understand single word",7,254108,46.14
"understands past believes",7,254115,46.15
"unhappy customers greatest",7,254122,46.15
"uniforms look like",7,254129,46.15
"union man woman",7,254136,46.15
"universe deserve love",7,254143,46.15
"universe wings mind",7,254150,46.15
"update let know",7,254157,46.15
"ur biggest fans",7,254164,46.15
"ur last tweet",7,254171,46.16
"ur love ur",7,254178,46.16
"ur new song",7,254185,46.16
"ur really cute",7,254192,46.16
"ur san antonio",7,254199,46.16
"use mobile devices",7,254206,46.16
"used toys fortunate",7,254213,46.16
"using odd trick",7,254220,46.16
"valentine drivers nw",7,254227,46.17
"valentines raffle giveaways",7,254234,46.17
"value life charles",7,254241,46.17
"verse got low",7,254248,46.17
"video just posted",7,254255,46.17
"video new song",7,254262,46.17
"viewing party tomorrow",7,254269,46.17
"virginia weather partly",7,254276,46.17
"visit site www",7,254283,46.18
"visit website information",7,254290,46.18
"voice like combination",7,254297,46.18
"voted yes tell",7,254304,46.18
"wait go tomorrow",7,254311,46.18
"wait grand opening",7,254318,46.18
"wait hear goes",7,254325,46.18
"wait new movie",7,254332,46.18
"wait new video",7,254339,46.19
"wait new york",7,254346,46.19
"wait tomorrow morning",7,254353,46.19
"waited long make",7,254360,46.19
"wake go work",7,254367,46.19
"walk away smart",7,254374,46.19
"walking red carpet",7,254381,46.19
"walter dean myers",7,254388,46.2
"wanna get better",7,254395,46.2
"wanna get good",7,254402,46.2
"wanna get home",7,254409,46.2
"wanna get married",7,254416,46.2
"wanna get noticed",7,254423,46.2
"wanna get paid",7,254430,46.2
"wanna get tattoo",7,254437,46.2
"want attention women",7,254444,46.21
"want become community",7,254451,46.21
"want come play",7,254458,46.21
"want come visit",7,254465,46.21
"want follow swag",7,254472,46.21
"want follow tweet",7,254479,46.21
"want give hug",7,254486,46.21
"want give love",7,254493,46.21
"want hot dog",7,254500,46.22
"want ice cold",7,254507,46.22
"want just let",7,254514,46.22
"want make happen",7,254521,46.22
"want make world",7,254528,46.22
"want meet tomorrow",7,254535,46.22
"want relationship last",7,254542,46.22
"want somebody don",7,254549,46.22
"want talk don",7,254556,46.23
"want throw phone",7,254563,46.23
"want treated like",7,254570,46.23
"want verse got",7,254577,46.23
"want wish good",7,254584,46.23
"wanted introduce myself",7,254591,46.23
"wanted say amazing",7,254598,46.23
"wants go home",7,254605,46.23
"wants go tonight",7,254612,46.24
"washington dc july",7,254619,46.24
"waste living life",7,254626,46.24
"waste time class",7,254633,46.24
"watch favorite hockey",7,254640,46.24
"watch game today",7,254647,46.24
"watch march madness",7,254654,46.24
"watch season premiere",7,254661,46.24
"watch tv go",7,254668,46.25
"watch tv shows",7,254675,46.25
"watch videos youtube",7,254682,46.25
"watched movie called",7,254689,46.25
"watched new episode",7,254696,46.25
"watching basketball wives",7,254703,46.25
"watching bought zoo",7,254710,46.25
"watching drake josh",7,254717,46.25
"watching girl dragon",7,254724,46.26
"watching great movie",7,254731,46.26
"watching lord rings",7,254738,46.26
"watching mob wives",7,254745,46.26
"watching nba playoffs",7,254752,46.26
"watching paranormal activity",7,254759,46.26
"watching saved bell",7,254766,46.26
"watching time favorite",7,254773,46.27
"watching tv right",7,254780,46.27
"watching walk away",7,254787,46.27
"way get work",7,254794,46.27
"way goes way",7,254801,46.27
"way home great",7,254808,46.27
"way kick weekend",7,254815,46.27
"way let people",7,254822,46.27
"way make happen",7,254829,46.28
"way make living",7,254836,46.28
"way save money",7,254843,46.28
"way start night",7,254850,46.28
"way start saturday",7,254857,46.28
"way stay shape",7,254864,46.28
"way take care",7,254871,46.28
"way treat sets",7,254878,46.28
"ways might alive",7,254885,46.29
"wealth worth lost",7,254892,46.29
"wear green today",7,254899,46.29
"wear receive free",7,254906,46.29
"wearing shorts today",7,254913,46.29
"weather amazing today",7,254920,46.29
"web suddenly turn",7,254927,46.29
"webinar social media",7,254934,46.29
"website looks awesome",7,254941,46.3
"wed pm com",7,254948,46.3
"wednesday history quote",7,254955,46.3
"week gonna fun",7,254962,46.3
"week gonna go",7,254969,46.3
"week las vegas",7,254976,46.3
"week last chance",7,254983,46.3
"week last night",7,254990,46.3
"weekend family friends",7,254997,46.31
"weekend friends family",7,255004,46.31
"weekend gonna fun",7,255011,46.31
"weekend happy easter",7,255018,46.31
"weekend happy hour",7,255025,46.31
"weekend started right",7,255032,46.31
"weight loss plan",7,255039,46.31
"welcome enjoy day",7,255046,46.31
"welcome new client",7,255053,46.32
"welcome new member",7,255060,46.32
"welcome newest followers",7,255067,46.32
"welcome twitter feed",7,255074,46.32
"went grad school",7,255081,46.32
"west coast best",7,255088,46.32
"whats best thing",7,255095,46.32
"whats best way",7,255102,46.32
"whats good just",7,255109,46.33
"whats good today",7,255116,46.33
"white deep inside",7,255123,46.33
"white house today",7,255130,46.33
"whitney houston passed",7,255137,46.33
"willing pay price",7,255144,46.33
"win free bag",7,255151,46.33
"win free party",7,255158,46.33
"win friends influence",7,255165,46.34
"win good night",7,255172,46.34
"win grand prize",7,255179,46.34
"win prepare win",7,255186,46.34
"win tonight boys",7,255193,46.34
"win trying know",7,255200,46.34
"windows hate windows",7,255207,46.34
"wine beer sushi",7,255214,46.35
"wings mind flight",7,255221,46.35
"winner announced tomorrow",7,255228,46.35
"winner www com",7,255235,46.35
"wise necessary ones",7,255242,46.35
"wish comes true",7,255249,46.35
"wish go away",7,255256,46.35
"wish happy holidays",7,255263,46.35
"wish luck guys",7,255270,46.36
"wish moms happy",7,255277,46.36
"wish read mind",7,255284,46.36
"wishes came true",7,255291,46.36
"wishing great week",7,255298,46.36
"wishing speedy recovery",7,255305,46.36
"witty white wheat",7,255312,46.36
"woke feeling great",7,255319,46.36
"woke hour ago",7,255326,46.37
"woman notice notices",7,255333,46.37
"women basketball coach",7,255340,46.37
"women basketball game",7,255347,46.37
"women don like",7,255354,46.37
"won get done",7,255361,46.37
"won let send",7,255368,46.37
"won playoff series",7,255375,46.37
"wonderful birthday wishes",7,255382,46.38
"wont able make",7,255389,46.38
"word wise don",7,255396,46.38
"word wise necessary",7,255403,46.38
"words come mouth",7,255410,46.38
"work both ways",7,255417,46.38
"work come home",7,255424,46.38
"work day don",7,255431,46.38
"work day going",7,255438,46.39
"work get paid",7,255445,46.39
"work hard love",7,255452,46.39
"work hard need",7,255459,46.39
"work little time",7,255466,46.39
"work looks great",7,255473,46.39
"work things want",7,255480,46.39
"work today got",7,255487,46.39
"work today like",7,255494,46.4
"work tomorrow need",7,255501,46.4
"work want work",7,255508,46.4
"worked day life",7,255515,46.4
"worked last time",7,255522,46.4
"worked years ago",7,255529,46.4
"working going school",7,255536,46.4
"working hard bring",7,255543,46.4
"working hard improve",7,255550,46.41
"working hard working",7,255557,46.41
"working just fine",7,255564,46.41
"working late night",7,255571,46.41
"working late tonight",7,255578,46.41
"working make better",7,255585,46.41
"working marker design",7,255592,46.41
"working new client",7,255599,46.42
"working new designs",7,255606,46.42
"working new projects",7,255613,46.42
"workshop today pm",7,255620,46.42
"world date girl",7,255627,46.42
"world did get",7,255634,46.42
"world don know",7,255641,46.42
"world followed lie",7,255648,46.42
"world full people",7,255655,46.43
"world happy birthday",7,255662,46.43
"world peace ron",7,255669,46.43
"world series go",7,255676,46.43
"world tweeted happy",7,255683,46.43
"worrying works things",7,255690,46.43
"worse biting apple",7,255697,46.43
"worst getting best",7,255704,46.43
"worst team baseball",7,255711,46.44
"worst team league",7,255718,46.44
"worth billion year",7,255725,46.44
"wow followers thank",7,255732,46.44
"wow last night",7,255739,46.44
"wow looks great",7,255746,46.44
"wow really don",7,255753,46.44
"wow really just",7,255760,46.44
"wow really really",7,255767,46.45
"wow really wish",7,255774,46.45
"wow small world",7,255781,46.45
"wright way master",7,255788,46.45
"write worth reading",7,255795,46.45
"wrong awkward read",7,255802,46.45
"wrote song called",7,255809,46.45
"wrote years ago",7,255816,46.45
"www ac final",7,255823,46.46
"www chasing com",7,255830,46.46
"www com buy",7,255837,46.46
"www com deal",7,255844,46.46
"www com listen",7,255851,46.46
"www com look",7,255858,46.46
"www com nhl",7,255865,46.46
"www com tune",7,255872,46.46
"www nation com",7,255879,46.47
"yeah gotta get",7,255886,46.47
"yeah happy birthday",7,255893,46.47
"yeah know did",7,255900,46.47
"yeah know love",7,255907,46.47
"yeah last night",7,255914,46.47
"yeah make sure",7,255921,46.47
"yeah yeah know",7,255928,46.47
"yeah yeah steve",7,255935,46.48
"year contract extension",7,255942,46.48
"year make sure",7,255949,46.48
"year maybe year",7,255956,46.48
"yellow coupon book",7,255963,46.48
"yes did did",7,255970,46.48
"yes did good",7,255977,46.48
"yes did thanks",7,255984,46.48
"yes finally got",7,255991,46.49
"yes just let",7,255998,46.49
"yes last night",7,256005,46.49
"yes last tweet",7,256012,46.49
"yes make sure",7,256019,46.49
"yes ready don",7,256026,46.49
"yes tell world",7,256033,46.49
"yo trail follow",7,256040,46.5
"york football giants",7,256047,46.5
"york hottest club",7,256054,46.5
"york public library",7,256061,46.5
"young know old",7,256068,46.5
"young men women",7,256075,46.5
"yr old yr",7,256082,46.5
"yrs excited boyfriend",7,256089,46.5
"yup just got",7,256096,46.51
"advisory board meeting",7,256103,46.51
"anyone want tell",7,256110,46.51
"arts advocacy day",7,256117,46.51
"aw thanks sweet",7,256124,46.51
"bash last night",7,256131,46.51
"beginning network entertainment",7,256138,46.51
"best guy friends",7,256145,46.51
"best part game",7,256152,46.52
"better take good",7,256159,46.52
"birthday party friday",7,256166,46.52
"blue oyster cult",7,256173,46.52
"bridal bridal bridal",7,256180,46.52
"catching last week",7,256187,46.52
"chance win prizes",7,256194,46.52
"chat looking forward",7,256201,46.52
"check new photos",7,256208,46.53
"column column column",7,256215,46.53
"come pm pm",7,256222,46.53
"cry time watch",7,256229,46.53
"culinary word day",7,256236,46.53
"day day life",7,256243,46.53
"dear karma list",7,256250,46.53
"department usually uses",7,256257,46.53
"did week go",7,256264,46.54
"don know found",7,256271,46.54
"don know parents",7,256278,46.54
"eating cereal last",7,256285,46.54
"event coming soon",7,256292,46.54
"facebook twitter instagram",7,256299,46.54
"fair today pm",7,256306,46.54
"feel good love",7,256313,46.54
"feel like does",7,256320,46.55
"feel like end",7,256327,46.55
"feel like hour",7,256334,46.55
"feel like saturday",7,256341,46.55
"feel like white",7,256348,46.55
"feeling better thank",7,256355,46.55
"feeling gonna good",7,256362,46.55
"felt like saying",7,256369,46.55
"final regular season",7,256376,46.56
"final touches new",7,256383,46.56
"find way work",7,256390,46.56
"forward talking soon",7,256397,46.56
"foster care month",7,256404,46.56
"framework high expectation",7,256411,46.56
"free till admission",7,256418,46.56
"fri real estate",7,256425,46.57
"full ups downs",7,256432,46.57
"game thrones like",7,256439,46.57
"get chance get",7,256446,46.57
"get comfort zone",7,256453,46.57
"get em get",7,256460,46.57
"get good nights",7,256467,46.57
"get just like",7,256474,46.57
"get paid hour",7,256481,46.58
"girl gone bad",7,256488,46.58
"go ahead just",7,256495,46.58
"go head get",7,256502,46.58
"going go buy",7,256509,46.58
"going miss today",7,256516,46.58
"going wrong way",7,256523,46.58
"gone good day",7,256530,46.58
"good bad think",7,256537,46.59
"good good better",7,256544,46.59
"good luck stay",7,256551,46.59
"good morning tuesday",7,256558,46.59
"good morning working",7,256565,46.59
"good play badly",7,256572,46.59
"got home today",7,256579,46.59
"got work morning",7,256586,46.59
"gotta go home",7,256593,46.6
"gotten lot better",7,256600,46.6
"great mood today",7,256607,46.6
"great new book",7,256614,46.6
"great seeing hope",7,256621,46.6
"great way relax",7,256628,46.6
"happy birthday brian",7,256635,46.6
"happy birthday world",7,256642,46.6
"happy birthday xx",7,256649,46.61
"harry potter half",7,256656,46.61
"having fun day",7,256663,46.61
"home take care",7,256670,46.61
"homemade mac cheese",7,256677,46.61
"hope event went",7,256684,46.61
"hope take time",7,256691,46.61
"housewives beverly hills",7,256698,46.61
"inspired struggle created",7,256705,46.62
"invisible feels impossible",7,256712,46.62
"john looking forward",7,256719,46.62
"just come visit",7,256726,46.62
"just going school",7,256733,46.62
"just gonna let",7,256740,46.62
"just keep running",7,256747,46.62
"just know don",7,256754,46.62
"just remember day",7,256761,46.63
"just saw spider",7,256768,46.63
"karma list people",7,256775,46.63
"keep going sports",7,256782,46.63
"know going crazy",7,256789,46.63
"know good stuff",7,256796,46.63
"know make happy",7,256803,46.63
"lands song placement",7,256810,46.63
"last minute changes",7,256817,46.64
"learning john kennedy",7,256824,46.64
"let go little",7,256831,46.64
"let know check",7,256838,46.64
"let know pm",7,256845,46.64
"let know turn",7,256852,46.64
"let memories greater",7,256859,46.64
"like broken mirror",7,256866,46.65
"like ghost town",7,256873,46.65
"like locker room",7,256880,46.65
"like man tonight",7,256887,46.65
"list people missed",7,256894,46.65
"looks good right",7,256901,46.65
"looks like took",7,256908,46.65
"lot new stuff",7,256915,46.65
"love curly hair",7,256922,46.66
"love forget love",7,256929,46.66
"love girl love",7,256936,46.66
"love people think",7,256943,46.66
"love song great",7,256950,46.66
"love work doing",7,256957,46.66
"luck thanks using",7,256964,46.66
"made taste like",7,256971,46.66
"mae freddie mac",7,256978,46.67
"make sure register",7,256985,46.67
"memories greater dreams",7,256992,46.67
"middle tell really",7,256999,46.67
"might get lucky",7,257006,46.67
"miss let get",7,257013,46.67
"miss let go",7,257020,46.67
"missouri missouri missouri",7,257027,46.67
"morning sun shining",7,257034,46.68
"mr production guy",7,257041,46.68
"music video amazing",7,257048,46.68
"ne albuquerque nm",7,257055,46.68
"need go watch",7,257062,46.68
"need start eating",7,257069,46.68
"needs step game",7,257076,46.68
"new edition concert",7,257083,46.68
"new music check",7,257090,46.69
"new videos coming",7,257097,46.69
"new year go",7,257104,46.69
"new year got",7,257111,46.69
"news www com",7,257118,46.69
"night great game",7,257125,46.69
"obama white house",7,257132,46.69
"office open today",7,257139,46.69
"oh gotta go",7,257146,46.7
"oh just remembered",7,257153,46.7
"oh just thought",7,257160,46.7
"oh sorry just",7,257167,46.7
"oh wait meant",7,257174,46.7
"oh yes know",7,257181,46.7
"parking lot just",7,257188,46.7
"people stay heart",7,257195,46.7
"place framework high",7,257202,46.71
"planning social media",7,257209,46.71
"pm user group",7,257216,46.71
"poised creation network",7,257223,46.71
"purpose child middle",7,257230,46.71
"read general gal",7,257237,46.71
"real talk real",7,257244,46.71
"really cool person",7,257251,46.72
"really great news",7,257258,46.72
"really really sucks",7,257265,46.72
"relationship act like",7,257272,46.72
"remember department usually",7,257279,46.72
"rm mr production",7,257286,46.72
"saw woman wearing",7,257293,46.72
"secret rich life",7,257300,46.72
"skin care line",7,257307,46.73
"slow steady wins",7,257314,46.73
"social media person",7,257321,46.73
"sorry sorry sorry",7,257328,46.73
"sounds great wait",7,257335,46.73
"spend entire life",7,257342,46.73
"spend night house",7,257349,46.73
"starts pm pm",7,257356,46.73
"stay convince mum",7,257363,46.74
"stop let know",7,257370,46.74
"struggle created hustle",7,257377,46.74
"stuck head thanks",7,257384,46.74
"sunday march pm",7,257391,46.74
"sure just ate",7,257398,46.74
"tempted remember department",7,257405,46.74
"think life wake",7,257412,46.74
"think time come",7,257419,46.75
"think years ago",7,257426,46.75
"times last year",7,257433,46.75
"today marks start",7,257440,46.75
"tonight fingers crossed",7,257447,46.75
"tonight th st",7,257454,46.75
"took minutes get",7,257461,46.75
"try get job",7,257468,46.75
"upper body strength",7,257475,46.76
"usually uses water",7,257482,46.76
"vegan gluten free",7,257489,46.76
"wait hunger games",7,257496,46.76
"wanna know love",7,257503,46.76
"want answer question",7,257510,46.76
"weather makes happy",7,257517,46.76
"week wish luck",7,257524,46.76
"weekend new york",7,257531,46.77
"weeks ago today",7,257538,46.77
"west philadelphia born",7,257545,46.77
"win driving credit",7,257552,46.77
"wine wine wine",7,257559,46.77
"words rm mr",7,257566,46.77
"wow pretty cool",7,257573,46.77
"biased biased biased",7,257580,46.77
"go kings island",7,257587,46.78
"tokyo tokyo tokyo",7,257594,46.78
"ability small ones",6,257600,46.78
"able keep mind",6,257606,46.78
"able moment sacrifice",6,257612,46.78
"absolutely blown away",6,257618,46.78
"academy country music",6,257624,46.78
"accept major credit",6,257630,46.78
"acceptance kindness weakness",6,257636,46.78
"access social media",6,257642,46.79
"accident waiting happen",6,257648,46.79
"accidentally threw away",6,257654,46.79
"accidents accidents dark",6,257660,46.79
"accomplishment ralph emerson",6,257666,46.79
"ace pet detective",6,257672,46.79
"achievement henry ford",6,257678,46.79
"achievements require time",6,257684,46.79
"acquire wisdom must",6,257690,46.79
"action equal opposite",6,257696,46.8
"action successful people",6,257702,46.8
"action vision nightmare",6,257708,46.8
"actually great idea",6,257714,46.8
"adjust reach destination",6,257720,46.8
"advertising services works",6,257726,46.8
"afraid ask help",6,257732,46.8
"afraid decisions waited",6,257738,46.8
"age old question",6,257744,46.8
"ago just got",6,257750,46.81
"ago seems like",6,257756,46.81
"ago walk anyone",6,257762,46.81
"agree just like",6,257768,46.81
"ah cool thanks",6,257774,46.81
"ah don know",6,257780,46.81
"ah good know",6,257786,46.81
"ah looks like",6,257792,46.81
"ahead prepare look",6,257798,46.81
"air mean stop",6,257804,46.82
"album release date",6,257810,46.82
"alcohol small plates",6,257816,46.82
"alexander terrible horrible",6,257822,46.82
"allow extra time",6,257828,46.82
"alone little helen",6,257834,46.82
"alright let get",6,257840,46.82
"amazing best singer",6,257846,46.82
"amazing break heart",6,257852,46.82
"amazing don know",6,257858,46.83
"amazing good luck",6,257864,46.83
"amazing great time",6,257870,46.83
"amazing highly recommend",6,257876,46.83
"amazing love guys",6,257882,46.83
"amazing love love",6,257888,46.83
"amazing love song",6,257894,46.83
"amazing mom love",6,257900,46.83
"amazing social media",6,257906,46.83
"amazing song love",6,257912,46.84
"amazon wish list",6,257918,46.84
"amen amen amen",6,257924,46.84
"animals made meat",6,257930,46.84
"anniversary bin laden",6,257936,46.84
"announcing exciting news",6,257942,46.84
"annual book sale",6,257948,46.84
"annual film festival",6,257954,46.84
"annual mile music",6,257960,46.84
"annual prom fair",6,257966,46.84
"annual users conference",6,257972,46.85
"answer mind blown",6,257978,46.85
"answers tell man",6,257984,46.85
"anti bullying campaign",6,257990,46.85
"anymore realize don",6,257996,46.85
"anyone care join",6,258002,46.85
"anyone help find",6,258008,46.85
"anyone make feel",6,258014,46.85
"anyone really surprised",6,258020,46.85
"anyone want bring",6,258026,46.86
"anyone want give",6,258032,46.86
"anyone want make",6,258038,46.86
"anyone want video",6,258044,46.86
"anything bad happens",6,258050,46.86
"anything exciting happening",6,258056,46.86
"anything mark twain",6,258062,46.86
"anything simply say",6,258068,46.86
"ap test today",6,258074,46.86
"apologize forgive strongest",6,258080,46.87
"appreciate help get",6,258086,46.87
"appreciate support keep",6,258092,46.87
"appreciate supports poised",6,258098,46.87
"appreciation utter words",6,258104,46.87
"approve constitutional amendment",6,258110,46.87
"apps drink specials",6,258116,46.87
"argument realize wrong",6,258122,46.87
"art racing rain",6,258128,46.87
"article www com",6,258134,46.88
"artists become successful",6,258140,46.88
"artists field make",6,258146,46.88
"artists supposed make",6,258152,46.88
"ask anyone better",6,258158,46.88
"ask anything answer",6,258164,46.88
"ask anything better",6,258170,46.88
"ask better questions",6,258176,46.88
"ask doing say",6,258182,46.88
"ask don know",6,258188,46.89
"ask don want",6,258194,46.89
"ask dream things",6,258200,46.89
"ask questions like",6,258206,46.89
"ask www com",6,258212,46.89
"asking tough questions",6,258218,46.89
"atlanta carpet repair",6,258224,46.89
"attitude based treat",6,258230,46.89
"attitude beginning difficult",6,258236,46.89
"austin follow love",6,258242,46.9
"auto cleaning kick",6,258248,46.9
"auto tune plastic",6,258254,46.9
"ave bronx ny",6,258260,46.9
"ave long beach",6,258266,46.9
"avon high school",6,258272,46.9
"aw good luck",6,258278,46.9
"aw just got",6,258284,46.9
"aw sorry hear",6,258290,46.9
"aw thanks girl",6,258296,46.9
"awareness practice learn",6,258302,46.91
"away let get",6,258308,46.91
"away small stones",6,258314,46.91
"away www com",6,258320,46.91
"awesome article thanks",6,258326,46.91
"awesome best luck",6,258332,46.91
"awesome day tomorrow",6,258338,46.91
"awesome did get",6,258344,46.91
"awesome ends ugly",6,258350,46.91
"awesome event last",6,258356,46.92
"awesome get ready",6,258362,46.92
"awesome going try",6,258368,46.92
"awesome keep updated",6,258374,46.92
"awesome spread word",6,258380,46.92
"awesome thanks following",6,258386,46.92
"awesome thanks hope",6,258392,46.92
"baby farm animals",6,258398,46.92
"baby girl just",6,258404,46.92
"baby girl maxwell",6,258410,46.93
"baby know love",6,258416,46.93
"baby number maybe",6,258422,46.93
"baby shine bright",6,258428,46.93
"backed definite plans",6,258434,46.93
"bacteria ear times",6,258440,46.93
"bad day don",6,258446,46.93
"bad feel bad",6,258452,46.93
"bad need get",6,258458,46.93
"bad perfectly good",6,258464,46.94
"bad taste mouth",6,258470,46.94
"bad ugly personality",6,258476,46.94
"bad want bad",6,258482,46.94
"bags wednesday evening",6,258488,46.94
"baked appreciation day",6,258494,46.94
"baked mac cheese",6,258500,46.94
"bakery breakfast butter",6,258506,46.94
"baltimore museum industry",6,258512,46.94
"band just starting",6,258518,46.95
"bands offer tell",6,258524,46.95
"bar closes feel",6,258530,46.95
"barber shoe shine",6,258536,46.95
"base hit scores",6,258542,46.95
"base keep foot",6,258548,46.95
"baseball clinic north",6,258554,46.95
"baseball summer camp",6,258560,46.95
"based business owners",6,258566,46.95
"based business www",6,258572,46.95
"bat event event",6,258578,46.96
"batman animated series",6,258584,46.96
"battle los angeles",6,258590,46.96
"beach surf report",6,258596,46.96
"bean ice cream",6,258602,46.96
"beard submitted cleaning",6,258608,46.96
"beats genre email",6,258614,46.96
"beautiful mothers world",6,258620,46.96
"beautiful outside today",6,258626,46.96
"beautiful today crazy",6,258632,46.97
"beauty bar boutique",6,258638,46.97
"beauty entertainment beautiful",6,258644,46.97
"beauty having pretty",6,258650,46.97
"become need remaining",6,258656,46.97
"become person believe",6,258662,46.97
"bed go work",6,258668,46.97
"beer british accent",6,258674,46.97
"beer great food",6,258680,46.97
"beginning middle end",6,258686,46.98
"beginning treat way",6,258692,46.98
"begins carrying away",6,258698,46.98
"begins look like",6,258704,46.98
"belief help create",6,258710,46.98
"belief important bricks",6,258716,46.98
"believe arrive agreement",6,258722,46.98
"believe last week",6,258728,46.98
"believe let go",6,258734,46.98
"believe life worth",6,258740,46.99
"believe stronger seem",6,258746,46.99
"believe tour tickets",6,258752,46.99
"believe want believe",6,258758,46.99
"believe years ago",6,258764,46.99
"believes future just",6,258770,46.99
"belongs community long",6,258776,46.99
"ben chili bowl",6,258782,46.99
"best christmas present",6,258788,46.99
"best day work",6,258794,47
"best days year",6,258800,47
"best decision make",6,258806,47
"best dream last",6,258812,47
"best drink specials",6,258818,47
"best food world",6,258824,47
"best friends become",6,258830,47
"best friends birthday",6,258836,47
"best friends boyfriend",6,258842,47
"best friends house",6,258848,47.01
"best friends say",6,258854,47.01
"best luck both",6,258860,47.01
"best luck go",6,258866,47.01
"best luck keep",6,258872,47.01
"best luck team",6,258878,47.01
"best mother world",6,258884,47.01
"best music video",6,258890,47.01
"best part life",6,258896,47.01
"best performance night",6,258902,47.01
"best players world",6,258908,47.02
"best quote night",6,258914,47.02
"best reality tv",6,258920,47.02
"best seen long",6,258926,47.02
"best singer follow",6,258932,47.02
"best songs made",6,258938,47.02
"best thanks sharing",6,258944,47.02
"best thing future",6,258950,47.02
"best thing got",6,258956,47.02
"best thing hold",6,258962,47.03
"best thing say",6,258968,47.03
"best time buy",6,258974,47.03
"best time go",6,258980,47.03
"best times life",6,258986,47.03
"best use time",6,258992,47.03
"best way celebrate",6,258998,47.03
"best way wake",6,259004,47.03
"bet won follow",6,259010,47.03
"beta testing new",6,259016,47.04
"better best friend",6,259022,47.04
"better chance getting",6,259028,47.04
"better chance win",6,259034,47.04
"better feel like",6,259040,47.04
"better get home",6,259046,47.04
"better look ahead",6,259052,47.04
"better looking forward",6,259058,47.04
"better maybe work",6,259064,47.04
"better patient live",6,259070,47.05
"better real life",6,259076,47.05
"better stay tuned",6,259082,47.05
"better thanks asking",6,259088,47.05
"better way get",6,259094,47.05
"better win tonight",6,259100,47.05
"better www com",6,259106,47.05
"better year old",6,259112,47.05
"beverly specials soup",6,259118,47.05
"big brazilian fan",6,259124,47.06
"big day come",6,259130,47.06
"big day day",6,259136,47.06
"big day work",6,259142,47.06
"big fan guys",6,259148,47.06
"big fan hope",6,259154,47.06
"big feb th",6,259160,47.06
"big hit today",6,259166,47.06
"big imperial ipa",6,259172,47.06
"big jobs usually",6,259178,47.06
"big small real",6,259184,47.07
"big thanks goes",6,259190,47.07
"big thanks hosting",6,259196,47.07
"big thanks making",6,259202,47.07
"big things horizon",6,259208,47.07
"big time love",6,259214,47.07
"big time tonight",6,259220,47.07
"big weekend plans",6,259226,47.07
"biggest mistake giving",6,259232,47.07
"biking bike riding",6,259238,47.08
"billion dollars year",6,259244,47.08
"billion year old",6,259250,47.08
"bird gets second",6,259256,47.08
"birthday birthday birthday",6,259262,47.08
"birthday dinner tomorrow",6,259268,47.08
"birthday favorite person",6,259274,47.08
"birthday good luck",6,259280,47.08
"birthday hope fantastic",6,259286,47.08
"birthday make day",6,259292,47.09
"birthday remembers age",6,259298,47.09
"birthday today wish",6,259304,47.09
"birthdays wow look",6,259310,47.09
"bistro featuring rose",6,259316,47.09
"blake wide open",6,259322,47.09
"blast ipod look",6,259328,47.09
"blessed great family",6,259334,47.09
"blog post blog",6,259340,47.09
"blog post com",6,259346,47.1
"blog post glad",6,259352,47.1
"blog post going",6,259358,47.1
"blogging real time",6,259364,47.1
"blogging social media",6,259370,47.1
"blogging theirs real",6,259376,47.1
"blood bones butter",6,259382,47.1
"blue cheese dressing",6,259388,47.1
"blue represent freedom",6,259394,47.1
"blue white game",6,259400,47.11
"boat gets far",6,259406,47.11
"bones try fix",6,259412,47.11
"book must read",6,259418,47.11
"book party today",6,259424,47.11
"book proceeds go",6,259430,47.11
"book really good",6,259436,47.11
"book sale library",6,259442,47.11
"book series amazon",6,259448,47.11
"book turned movie",6,259454,47.12
"book vanilla ladies",6,259460,47.12
"booked principal role",6,259466,47.12
"books high school",6,259472,47.12
"books worth sharing",6,259478,47.12
"bored just got",6,259484,47.12
"born succeed fail",6,259490,47.12
"boston public library",6,259496,47.12
"both good luck",6,259502,47.12
"both look good",6,259508,47.12
"both really good",6,259514,47.13
"bout dat life",6,259520,47.13
"box indiana aids",6,259526,47.13
"box tips large",6,259532,47.13
"boxes girl scout",6,259538,47.13
"boy boy boy",6,259544,47.13
"boy cried wolf",6,259550,47.13
"bracelet sat sun",6,259556,47.13
"brand new just",6,259562,47.13
"brave say good",6,259568,47.14
"break rules forgive",6,259574,47.14
"breakfast butter shaped",6,259580,47.14
"breakfast getting ready",6,259586,47.14
"breaking news just",6,259592,47.14
"breaking news mail",6,259598,47.14
"breathe yes lick",6,259604,47.14
"brewers magic number",6,259610,47.14
"bricks building successful",6,259616,47.14
"bring friend free",6,259622,47.15
"bring friend get",6,259628,47.15
"bring good eats",6,259634,47.15
"bring ur game",6,259640,47.15
"brings live place",6,259646,47.15
"brings smile face",6,259652,47.15
"british prime minister",6,259658,47.15
"broadcast whisper success",6,259664,47.15
"broken bird fly",6,259670,47.15
"brothers last night",6,259676,47.16
"buddy hope great",6,259682,47.16
"bug find bug",6,259688,47.16
"build day saturday",6,259694,47.16
"building new website",6,259700,47.16
"building successful venture",6,259706,47.16
"bunch jealous countries",6,259712,47.16
"business driven business",6,259718,47.16
"business man put",6,259724,47.16
"butter jelly day",6,259730,47.17
"butter jelly sandwiches",6,259736,47.17
"butter shaped made",6,259742,47.17
"buy bounty tournament",6,259748,47.17
"buy let know",6,259754,47.17
"buy love cause",6,259760,47.17
"buy mothers day",6,259766,47.17
"buy noon tournament",6,259772,47.17
"buying new car",6,259778,47.17
"buzz young novel",6,259784,47.18
"cake menu bakery",6,259790,47.18
"cake www com",6,259796,47.18
"california weather clouds",6,259802,47.18
"california weather partly",6,259808,47.18
"called falling love",6,259814,47.18
"called purpose alive",6,259820,47.18
"called work today",6,259826,47.18
"came just time",6,259832,47.18
"came pandora station",6,259838,47.18
"came right time",6,259844,47.19
"candidate cleveland clerk",6,259850,47.19
"capable doing literally",6,259856,47.19
"capitol hill today",6,259862,47.19
"car just got",6,259868,47.19
"care say love",6,259874,47.19
"carpet repair home",6,259880,47.19
"carrying away small",6,259886,47.19
"case don know",6,259892,47.19
"cast jersey shore",6,259898,47.2
"cat last night",6,259904,47.2
"catch excellence vince",6,259910,47.2
"catch last night",6,259916,47.2
"caught last night",6,259922,47.2
"cause birth love",6,259928,47.2
"cause cool like",6,259934,47.2
"cause really wanna",6,259940,47.2
"cause save leave",6,259946,47.2
"cause wanna get",6,259952,47.21
"cd dvd custom",6,259958,47.21
"cd www com",6,259964,47.21
"celebrate st patty",6,259970,47.21
"celebrate th july",6,259976,47.21
"celebrate valentine day",6,259982,47.21
"celebrating birthday today",6,259988,47.21
"celebrity poker tournament",6,259994,47.21
"cell phone just",6,260000,47.21
"certain miss future",6,260006,47.22
"certain people life",6,260012,47.22
"chain club drinks",6,260018,47.22
"chance love tell",6,260024,47.22
"chance win new",6,260030,47.22
"chance win prize",6,260036,47.22
"change blink eye",6,260042,47.22
"change direction set",6,260048,47.22
"change direction wind",6,260054,47.22
"change don unless",6,260060,47.23
"change girl last",6,260066,47.23
"change just become",6,260072,47.23
"change plans going",6,260078,47.23
"change world nelson",6,260084,47.23
"character becomes destiny",6,260090,47.23
"character henry david",6,260096,47.23
"characters hand lead",6,260102,47.23
"charged second degree",6,260108,47.23
"cheated done deleted",6,260114,47.23
"check give follow",6,260120,47.24
"check good friends",6,260126,47.24
"check link profile",6,260132,47.24
"check new cake",6,260138,47.24
"check new post",6,260144,47.24
"check new videos",6,260150,47.24
"check soon get",6,260156,47.24
"check yo email",6,260162,47.24
"checking www com",6,260168,47.24
"chicago french market",6,260174,47.25
"chicken mac cheese",6,260180,47.25
"chicken pad thai",6,260186,47.25
"children book week",6,260192,47.25
"children remember material",6,260198,47.25
"chocolate chocolate chocolate",6,260204,47.25
"chris brown ft",6,260210,47.25
"christmas music thanksgiving",6,260216,47.25
"circumstances don determine",6,260222,47.25
"city los angeles",6,260228,47.26
"city roots answering",6,260234,47.26
"claim self defense",6,260240,47.26
"clark atlanta university",6,260246,47.26
"class field trip",6,260252,47.26
"classes start today",6,260258,47.26
"clean drinking water",6,260264,47.26
"cleaner metro atlanta",6,260270,47.26
"clever answers tell",6,260276,47.26
"click video news",6,260282,47.27
"climb steep hills",6,260288,47.27
"clinic north hills",6,260294,47.27
"close achievement gap",6,260300,47.27
"close pm today",6,260306,47.27
"closed friday april",6,260312,47.27
"closed monday january",6,260318,47.27
"closed sunday monday",6,260324,47.27
"closes feel like",6,260330,47.27
"clouds eyes walk",6,260336,47.28
"cloudy partly cloudy",6,260342,47.28
"club biggest teen",6,260348,47.28
"club las vegas",6,260354,47.28
"club mission street",6,260360,47.28
"club www com",6,260366,47.28
"co owner account",6,260372,47.28
"coach high school",6,260378,47.28
"coal intent throwing",6,260384,47.28
"code enter win",6,260390,47.29
"coffee tea hot",6,260396,47.29
"cold hot cold",6,260402,47.29
"cold rainy night",6,260408,47.29
"cold steve austin",6,260414,47.29
"coloring easter eggs",6,260420,47.29
"com click video",6,260426,47.29
"com come join",6,260432,47.29
"com don miss",6,260438,47.29
"com lowest prices",6,260444,47.29
"com make sure",6,260450,47.3
"com new favorite",6,260456,47.3
"com register gain",6,260462,47.3
"com research html",6,260468,47.3
"com seven fantastic",6,260474,47.3
"com sign get",6,260480,47.3
"come alive come",6,260486,47.3
"come booth get",6,260492,47.3
"come bring food",6,260498,47.3
"come check pm",6,260504,47.31
"come check studio",6,260510,47.31
"come check tomorrow",6,260516,47.31
"come cue new",6,260522,47.31
"come day free",6,260528,47.31
"come easy go",6,260534,47.31
"come far proud",6,260540,47.31
"come florida meet",6,260546,47.31
"come good food",6,260552,47.31
"come grab lunch",6,260558,47.32
"come hang vegas",6,260564,47.32
"come join great",6,260570,47.32
"come join sunday",6,260576,47.32
"come join team",6,260582,47.32
"come join tomorrow",6,260588,47.32
"come lets go",6,260594,47.32
"come little closer",6,260600,47.32
"come physical capacity",6,260606,47.32
"come portland oregon",6,260612,47.33
"come sooner later",6,260618,47.33
"come stop booth",6,260624,47.33
"come tonight enjoy",6,260630,47.33
"come tonight get",6,260636,47.33
"come ur house",6,260642,47.33
"come visit summer",6,260648,47.33
"comes busy looking",6,260654,47.33
"comes time life",6,260660,47.33
"comfort own home",6,260666,47.34
"coming game tonight",6,260672,47.34
"coming home soon",6,260678,47.34
"coming just got",6,260684,47.34
"coming monday pm",6,260690,47.34
"coming new year",6,260696,47.34
"coming really soon",6,260702,47.34
"commission business meeting",6,260708,47.34
"commitment made promises",6,260714,47.34
"committed decisions stay",6,260720,47.35
"community baby shower",6,260726,47.35
"community garage sale",6,260732,47.35
"community long live",6,260738,47.35
"company like reputation",6,260744,47.35
"complicated answers simple",6,260750,47.35
"confidence experience really",6,260756,47.35
"confidence helen keller",6,260762,47.35
"congratulations grand opening",6,260768,47.35
"congratulations won tickets",6,260774,47.35
"connected action successful",6,260780,47.36
"connecting looking forward",6,260786,47.36
"consists seeking new",6,260792,47.36
"constitution united states",6,260798,47.36
"contact info asap",6,260804,47.36
"contact info email",6,260810,47.36
"contact today details",6,260816,47.36
"contact vip tables",6,260822,47.36
"content point way",6,260828,47.36
"convenience stands times",6,260834,47.37
"cookies ice cream",6,260840,47.37
"cooking channel exciting",6,260846,47.37
"cool go follow",6,260852,47.37
"cool hand luke",6,260858,47.37
"cool keep eye",6,260864,47.37
"cool let get",6,260870,47.37
"cool nice meet",6,260876,47.37
"cool thanks letting",6,260882,47.37
"copy new book",6,260888,47.38
"copy pretty amy",6,260894,47.38
"cost passion albert",6,260900,47.38
"count blessings instead",6,260906,47.38
"counted albert einstein",6,260912,47.38
"counted counts counts",6,260918,47.38
"country music fans",6,260924,47.38
"country music just",6,260930,47.38
"counts counted albert",6,260936,47.38
"counts counts counted",6,260942,47.39
"couple days late",6,260948,47.39
"couple talk like",6,260954,47.39
"court row seats",6,260960,47.39
"covered espresso beans",6,260966,47.39
"craft beers drinks",6,260972,47.39
"craving taco bell",6,260978,47.39
"crawl keep moving",6,260984,47.39
"crazy michael jackson",6,260990,47.39
"crazy time flies",6,260996,47.4
"creation heard requests",6,261002,47.4
"creation joe dan",6,261008,47.4
"creation seeks vehicle",6,261014,47.4
"creative juices flow",6,261020,47.4
"credit card company",6,261026,47.4
"cried myself sleep",6,261032,47.4
"cross blue shield",6,261038,47.4
"cross finish line",6,261044,47.4
"cry don cry",6,261050,47.4
"cup coffee day",6,261056,47.41
"curious hear thoughts",6,261062,47.41
"curve sets straight",6,261068,47.41
"customer service sucks",6,261074,47.41
"customer service thank",6,261080,47.41
"customers let know",6,261086,47.41
"cute cute cute",6,261092,47.41
"cycling biking bike",6,261098,47.41
"da da da",6,261104,47.41
"dad hes like",6,261110,47.42
"dance life innovative",6,261116,47.42
"dance somebody somebody",6,261122,47.42
"dancers drinks video",6,261128,47.42
"dancers join team",6,261134,47.42
"danger safer long",6,261140,47.42
"daniel dj mix",6,261146,47.42
"dare click follow",6,261152,47.42
"dark baby shine",6,261158,47.42
"data intensive science",6,261164,47.43
"daughter just told",6,261170,47.43
"daughter smoke bone",6,261176,47.43
"dawn new day",6,261182,47.43
"day bad life",6,261188,47.43
"day came home",6,261194,47.43
"day come true",6,261200,47.43
"day day work",6,261206,47.43
"day don care",6,261212,47.43
"day don go",6,261218,47.44
"day don tell",6,261224,47.44
"day don worry",6,261230,47.44
"day get bored",6,261236,47.44
"day get meet",6,261242,47.44
"day get sleep",6,261248,47.44
"day get spend",6,261254,47.44
"day get tired",6,261260,47.44
"day go beach",6,261266,47.44
"day go faster",6,261272,47.45
"day go sleep",6,261278,47.45
"day go work",6,261284,47.45
"day going go",6,261290,47.45
"day going like",6,261296,47.45
"day going miss",6,261302,47.45
"day going occur",6,261308,47.45
"day good news",6,261314,47.45
"day good time",6,261320,47.45
"day happy easter",6,261326,47.46
"day happy valentine",6,261332,47.46
"day history month",6,261338,47.46
"day hope blessed",6,261344,47.46
"day hope did",6,261350,47.46
"day hope tomorrow",6,261356,47.46
"day la today",6,261362,47.46
"day late dollar",6,261368,47.46
"day learn new",6,261374,47.46
"day lets go",6,261380,47.46
"day life love",6,261386,47.47
"day like thank",6,261392,47.47
"day long come",6,261398,47.47
"day lots fun",6,261404,47.47
"day love days",6,261410,47.47
"day love dear",6,261416,47.47
"day march th",6,261422,47.47
"day maybe get",6,261428,47.47
"day merry christmas",6,261434,47.47
"day mushroom sugar",6,261440,47.48
"day national day",6,261446,47.48
"day new orleans",6,261452,47.48
"day old instagram",6,261458,47.48
"day peanut butter",6,261464,47.48
"day pm come",6,261470,47.48
"day real mothers",6,261476,47.48
"day school going",6,261482,47.48
"day school gonna",6,261488,47.48
"day school went",6,261494,47.49
"day set aside",6,261500,47.49
"day st day",6,261506,47.49
"day stay home",6,261512,47.49
"day stay safe",6,261518,47.49
"day thankful life",6,261524,47.49
"day time rest",6,261530,47.49
"day time sleep",6,261536,47.49
"day time work",6,261542,47.49
"day tomorrow better",6,261548,47.5
"day tomorrow day",6,261554,47.5
"day tomorrow friday",6,261560,47.5
"day tomorrow get",6,261566,47.5
"day tomorrow getting",6,261572,47.5
"day tomorrow know",6,261578,47.5
"day tomorrow wait",6,261584,47.5
"day treat mom",6,261590,47.5
"day ur life",6,261596,47.5
"day week week",6,261602,47.51
"day weekend coming",6,261608,47.51
"day weekend time",6,261614,47.51
"day work done",6,261620,47.51
"day work time",6,261626,47.51
"day work vacation",6,261632,47.51
"day work wait",6,261638,47.51
"days christmas days",6,261644,47.51
"days counting till",6,261650,47.51
"days did miss",6,261656,47.51
"days happy new",6,261662,47.52
"days hunger games",6,261668,47.52
"days till leave",6,261674,47.52
"dealer alarm clock",6,261680,47.52
"dear thanks following",6,261686,47.52
"decision making process",6,261692,47.52
"decision making skills",6,261698,47.52
"decisions stay flexible",6,261704,47.52
"decisions waited long",6,261710,47.52
"deepest deepest powerful",6,261716,47.53
"deepest powerful measure",6,261722,47.53
"defensive driving course",6,261728,47.53
"definition happy life",6,261734,47.53
"degree hope sufficient",6,261740,47.53
"deli zone get",6,261746,47.53
"deliver shelter haiti",6,261752,47.53
"dentist waiting room",6,261758,47.53
"derby day mayo",6,261764,47.53
"describe fun people",6,261770,47.54
"deserve best beautiful",6,261776,47.54
"designing quality homes",6,261782,47.54
"dessert table purchase",6,261788,47.54
"details follow soon",6,261794,47.54
"details www myspace",6,261800,47.54
"determination become person",6,261806,47.54
"determine go merely",6,261812,47.54
"determine right left",6,261818,47.54
"detroit rock city",6,261824,47.55
"detroit startup drinks",6,261830,47.55
"device showing boring",6,261836,47.55
"did anyone actually",6,261842,47.55
"did anyone miss",6,261848,47.55
"did anyone think",6,261854,47.55
"did cinnamon challenge",6,261860,47.55
"did exact thing",6,261866,47.55
"did fall asleep",6,261872,47.55
"did find looking",6,261878,47.56
"did go last",6,261884,47.56
"did go today",6,261890,47.56
"did great day",6,261896,47.56
"did great ellen",6,261902,47.56
"did guy just",6,261908,47.56
"did hear guy",6,261914,47.56
"did heavy lifting",6,261920,47.56
"did just come",6,261926,47.56
"did just don",6,261932,47.57
"did just eat",6,261938,47.57
"did just find",6,261944,47.57
"did just go",6,261950,47.57
"did just put",6,261956,47.57
"did just tell",6,261962,47.57
"did just wake",6,261968,47.57
"did just win",6,261974,47.57
"did like best",6,261980,47.57
"did make sense",6,261986,47.57
"did mom just",6,261992,47.58
"did really did",6,261998,47.58
"did say free",6,262004,47.58
"did stop following",6,262010,47.58
"did things go",6,262016,47.58
"did think movie",6,262022,47.58
"did think new",6,262028,47.58
"did think tonight",6,262034,47.58
"did year go",6,262040,47.58
"did yrs ago",6,262046,47.59
"diego county years",6,262052,47.59
"diego social media",6,262058,47.59
"diet exercise program",6,262064,47.59
"difficult wait difficult",6,262070,47.59
"digital leading digital",6,262076,47.59
"dinner great friends",6,262082,47.59
"direct message contact",6,262088,47.59
"direct message following",6,262094,47.59
"direction set straight",6,262100,47.6
"disappointed fail doomed",6,262106,47.6
"disco legend donna",6,262112,47.6
"discover new music",6,262118,47.6
"discovery generation human",6,262124,47.6
"discuss social media",6,262130,47.6
"dish best served",6,262136,47.6
"dish satisfy hunger",6,262142,47.6
"dishes tune fine",6,262148,47.6
"dispatch st hour",6,262154,47.61
"distance means little",6,262160,47.61
"ditto looking forward",6,262166,47.61
"dj don stop",6,262172,47.61
"doctor office plants",6,262178,47.61
"documentary last night",6,262184,47.61
"dodge dodge ball",6,262190,47.61
"does good work",6,262196,47.61
"does hair look",6,262202,47.61
"does makes stronger",6,262208,47.62
"does obtain peace",6,262214,47.62
"does shirt say",6,262220,47.62
"does taste good",6,262226,47.62
"dog dog park",6,262232,47.62
"doing calories burned",6,262238,47.62
"doing good luck",6,262244,47.62
"doing great stuff",6,262250,47.62
"doing great today",6,262256,47.62
"doing minutes mph",6,262262,47.63
"doing part help",6,262268,47.63
"doing really cool",6,262274,47.63
"doing really great",6,262280,47.63
"doing right time",6,262286,47.63
"doing right watching",6,262292,47.63
"doing thing time",6,262298,47.63
"doing today hope",6,262304,47.63
"doing ur thing",6,262310,47.63
"dollars ice get",6,262316,47.63
"don alice walker",6,262322,47.64
"don allow people",6,262328,47.64
"don believe anyone",6,262334,47.64
"don believe know",6,262340,47.64
"don believe love",6,262346,47.64
"don believe think",6,262352,47.64
"don dare say",6,262358,47.64
"don determine go",6,262364,47.64
"don drive business",6,262370,47.64
"don exist anymore",6,262376,47.65
"don feel anything",6,262382,47.65
"don feel old",6,262388,47.65
"don feel safe",6,262394,47.65
"don fix broken",6,262400,47.65
"don follow love",6,262406,47.65
"don follow right",6,262412,47.65
"don forget book",6,262418,47.65
"don forget change",6,262424,47.65
"don forget great",6,262430,47.66
"don forget just",6,262436,47.66
"don forget listen",6,262442,47.66
"don forget live",6,262448,47.66
"don forget remember",6,262454,47.66
"don forget stretch",6,262460,47.66
"don forget sunday",6,262466,47.66
"don forget tag",6,262472,47.66
"don forget try",6,262478,47.66
"don forget ur",6,262484,47.67
"don forward chain",6,262490,47.67
"don give af",6,262496,47.67
"don give anymore",6,262502,47.67
"don give anyone",6,262508,47.67
"don give give",6,262514,47.67
"don give good",6,262520,47.67
"don give hope",6,262526,47.67
"don give life",6,262532,47.67
"don give like",6,262538,47.68
"don give say",6,262544,47.68
"don give want",6,262550,47.68
"don go anymore",6,262556,47.68
"don go gym",6,262562,47.68
"don go like",6,262568,47.68
"don grow really",6,262574,47.68
"don hate anyone",6,262580,47.68
"don hate get",6,262586,47.68
"don hate go",6,262592,47.68
"don hesitate contact",6,262598,47.69
"don hope hurt",6,262604,47.69
"don judge past",6,262610,47.69
"don just ask",6,262616,47.69
"don just give",6,262622,47.69
"don just post",6,262628,47.69
"don knock try",6,262634,47.69
"don know amazing",6,262640,47.69
"don know asked",6,262646,47.69
"don know car",6,262652,47.7
"don know comes",6,262658,47.7
"don know continue",6,262664,47.7
"don know dance",6,262670,47.7
"don know explain",6,262676,47.7
"don know freaking",6,262682,47.7
"don know goes",6,262688,47.7
"don know hit",6,262694,47.7
"don know join",6,262700,47.7
"don know laugh",6,262706,47.71
"don know left",6,262712,47.71
"don know lyrics",6,262718,47.71
"don know mother",6,262724,47.71
"don know point",6,262730,47.71
"don know proud",6,262736,47.71
"don know respond",6,262742,47.71
"don know run",6,262748,47.71
"don know sad",6,262754,47.71
"don know sleep",6,262760,47.72
"don know stay",6,262766,47.72
"don know stomach",6,262772,47.72
"don know tho",6,262778,47.72
"don know tired",6,262784,47.72
"don know tv",6,262790,47.72
"don know used",6,262796,47.72
"don know weird",6,262802,47.72
"don know working",6,262808,47.72
"don know yes",6,262814,47.73
"don last long",6,262820,47.73
"don make love",6,262826,47.73
"don mean get",6,262832,47.73
"don mean good",6,262838,47.73
"don mean rude",6,262844,47.73
"don mean say",6,262850,47.73
"don necessarily best",6,262856,47.73
"don open door",6,262862,47.73
"don plan going",6,262868,47.74
"don quit hilton",6,262874,47.74
"don really go",6,262880,47.74
"don really mean",6,262886,47.74
"don really mind",6,262892,47.74
"don really use",6,262898,47.74
"don remember happened",6,262904,47.74
"don remember said",6,262910,47.74
"don send spam",6,262916,47.74
"don shy away",6,262922,47.74
"don small mind",6,262928,47.75
"don take anyone",6,262934,47.75
"don take don",6,262940,47.75
"don tell em",6,262946,47.75
"don think come",6,262952,47.75
"don think coming",6,262958,47.75
"don think eat",6,262964,47.75
"don think give",6,262970,47.75
"don think help",6,262976,47.75
"don think look",6,262982,47.76
"don think might",6,262988,47.76
"don think obama",6,262994,47.76
"don think pretty",6,263000,47.76
"don think said",6,263006,47.76
"don think speak",6,263012,47.76
"don think supposed",6,263018,47.76
"don think talk",6,263024,47.76
"don think team",6,263030,47.76
"don think true",6,263036,47.77
"don think ur",6,263042,47.77
"don think used",6,263048,47.77
"don think weird",6,263054,47.77
"don think works",6,263060,47.77
"don try change",6,263066,47.77
"don try play",6,263072,47.77
"don usually like",6,263078,47.77
"don want day",6,263084,47.77
"don want getting",6,263090,47.78
"don want guy",6,263096,47.78
"don want happen",6,263102,47.78
"don want kiss",6,263108,47.78
"don want man",6,263114,47.78
"don want remember",6,263120,47.78
"don want rude",6,263126,47.78
"don want share",6,263132,47.78
"don want stop",6,263138,47.78
"don work just",6,263144,47.79
"don work like",6,263150,47.79
"donation box indiana",6,263156,47.79
"donation strain day",6,263162,47.79
"done better job",6,263168,47.79
"done better perfect",6,263174,47.79
"done done thanks",6,263180,47.79
"done get gotten",6,263186,47.79
"done wait get",6,263192,47.79
"done year college",6,263198,47.8
"doomed don try",6,263204,47.8
"door closes door",6,263210,47.8
"doors open starts",6,263216,47.8
"double chocolate brownies",6,263222,47.8
"double feature tonight",6,263228,47.8
"downtown san antonio",6,263234,47.8
"dr king dream",6,263240,47.8
"dramatic raw emotion",6,263246,47.8
"drawing free year",6,263252,47.8
"dream just dream",6,263258,47.81
"dreams don work",6,263264,47.81
"dreams play night",6,263270,47.81
"dress code strictly",6,263276,47.81
"dressing chicken fried",6,263282,47.81
"drill baby drill",6,263288,47.81
"drink glasses water",6,263294,47.81
"drinking poison expecting",6,263300,47.81
"drinking white wine",6,263306,47.81
"drinks saturday www",6,263312,47.82
"drinks till pm",6,263318,47.82
"drinks video www",6,263324,47.82
"drive miami beach",6,263330,47.82
"dropped phone face",6,263336,47.82
"duty modern warfare",6,263342,47.82
"dying hair blonde",6,263348,47.82
"early day tomorrow",6,263354,47.82
"early happy hour",6,263360,47.82
"earth did get",6,263366,47.83
"earth says hello",6,263372,47.83
"easiest way get",6,263378,47.83
"east coast earthquake",6,263384,47.83
"east meets west",6,263390,47.83
"easter blessed day",6,263396,47.83
"easter family friends",6,263402,47.83
"easter hope blessed",6,263408,47.83
"easter hope good",6,263414,47.83
"easter hope great",6,263420,47.84
"easy make bad",6,263426,47.84
"easy thomas fuller",6,263432,47.84
"eat good food",6,263438,47.84
"eat healthy exercise",6,263444,47.84
"edit street version",6,263450,47.84
"elizabeth taylor gorgeous",6,263456,47.84
"elizabeth warren native",6,263462,47.84
"ellen proud amazing",6,263468,47.84
"em love em",6,263474,47.85
"em sock em",6,263480,47.85
"email address email",6,263486,47.85
"email address ill",6,263492,47.85
"email address like",6,263498,47.85
"email address love",6,263504,47.85
"email address used",6,263510,47.85
"email andrew com",6,263516,47.85
"email mailing address",6,263522,47.85
"emergency put doctor",6,263528,47.85
"emotion ambitious scope",6,263534,47.86
"end day love",6,263540,47.86
"end day today",6,263546,47.86
"end great weekend",6,263552,47.86
"end last week",6,263558,47.86
"end last year",6,263564,47.86
"end regular season",6,263570,47.86
"end st bucks",6,263576,47.86
"endorsed mitt romney",6,263582,47.86
"ends ugly starts",6,263588,47.87
"energy efficient homes",6,263594,47.87
"enjoy day today",6,263600,47.87
"enjoy mothers day",6,263606,47.87
"enjoy new year",6,263612,47.87
"enjoy www com",6,263618,47.87
"enjoyed last week",6,263624,47.87
"enjoyed watching play",6,263630,47.87
"enjoying beautiful sunday",6,263636,47.87
"enjoying mother day",6,263642,47.88
"enjoying nice weather",6,263648,47.88
"enter discount code",6,263654,47.88
"enter promo code",6,263660,47.88
"entered drawing win",6,263666,47.88
"enthusiasm difference accomplishment",6,263672,47.88
"enthusiasm excitement inspiration",6,263678,47.88
"environmental risk summary",6,263684,47.88
"envy does obtain",6,263690,47.88
"episode family guy",6,263696,47.89
"episodes last night",6,263702,47.89
"equivalent big mac",6,263708,47.89
"eric family age",6,263714,47.89
"especially taken people",6,263720,47.89
"essential invisible eye",6,263726,47.89
"est stay tuned",6,263732,47.89
"event great time",6,263738,47.89
"event social media",6,263744,47.89
"events bar bat",6,263750,47.9
"events going weekend",6,263756,47.9
"events quick easy",6,263762,47.9
"events taking place",6,263768,47.9
"everybody doing tonight",6,263774,47.9
"everybody ought get",6,263780,47.9
"everyday mothers day",6,263786,47.9
"everyday rest life",6,263792,47.9
"excellent sounds like",6,263798,47.9
"excited finally get",6,263804,47.91
"excited part event",6,263810,47.91
"excited try new",6,263816,47.91
"excitement inspiration motivation",6,263822,47.91
"exciting stuff happening",6,263828,47.91
"excuse real thing",6,263834,47.91
"exist anywhere mind",6,263840,47.91
"expect hit jackpot",6,263846,47.91
"expensive gift don",6,263852,47.91
"expensive musicians record",6,263858,47.91
"explains questions just",6,263864,47.92
"exposure college coaches",6,263870,47.92
"extend restore beverly",6,263876,47.92
"extra holidays weekends",6,263882,47.92
"extraordinary miss pink",6,263888,47.92
"extremely lucky tough",6,263894,47.92
"eye doctor appointment",6,263900,47.92
"eye www com",6,263906,47.92
"eyes hear own",6,263912,47.92
"eyes walk away",6,263918,47.93
"fabulous holiday weekend",6,263924,47.93
"facebook account people",6,263930,47.93
"facebook com event",6,263936,47.93
"facebook page find",6,263942,47.93
"facebook page look",6,263948,47.93
"facebook page thanks",6,263954,47.93
"facebook page today",6,263960,47.93
"facebook page website",6,263966,47.93
"faced changed changed",6,263972,47.94
"faculty staff students",6,263978,47.94
"fail determine succeed",6,263984,47.94
"fail doomed don",6,263990,47.94
"fails gives runs",6,263996,47.94
"fake alcohol people",6,264002,47.94
"fake quiet rude",6,264008,47.94
"fall asleep get",6,264014,47.94
"fall asleep goodnight",6,264020,47.94
"fall asleep morning",6,264026,47.95
"fall bridge get",6,264032,47.95
"fall fast hard",6,264038,47.95
"fall love time",6,264044,47.95
"fall love wit",6,264050,47.95
"fall personality becomes",6,264056,47.95
"falling asleep waking",6,264062,47.95
"falling standing right",6,264068,47.95
"false friends like",6,264074,47.95
"family dinner tonight",6,264080,47.96
"family friends enjoy",6,264086,47.96
"family friends great",6,264092,47.96
"family friends just",6,264098,47.96
"family friends today",6,264104,47.96
"family fun night",6,264110,47.96
"family just blast",6,264116,47.96
"fan follow love",6,264122,47.96
"fan video austin",6,264128,47.96
"fans don know",6,264134,47.96
"fans don like",6,264140,47.97
"fantastic flying books",6,264146,47.97
"far ahead motivate",6,264152,47.97
"far away far",6,264158,47.97
"far away friday",6,264164,47.97
"far away possible",6,264170,47.97
"far far far",6,264176,47.97
"far mind lets",6,264182,47.97
"far really good",6,264188,47.97
"far wind find",6,264194,47.98
"farmers market come",6,264200,47.98
"favorite hello hardest",6,264206,47.98
"favorite holiday movie",6,264212,47.98
"favorite late night",6,264218,47.98
"favorite local bands",6,264224,47.98
"favorite places earth",6,264230,47.98
"favorite song sing",6,264236,47.98
"favorite way spend",6,264242,47.98
"featuring adopted kids",6,264248,47.99
"feb www com",6,264254,47.99
"federal income taxes",6,264260,47.99
"feel bad did",6,264266,47.99
"feel bad know",6,264272,47.99
"feel bad like",6,264278,47.99
"feel bad little",6,264284,47.99
"feel become great",6,264290,47.99
"feel brand new",6,264296,47.99
"feel free keep",6,264302,48
"feel free ping",6,264308,48
"feel free start",6,264314,48
"feel free talk",6,264320,48
"feel free tell",6,264326,48
"feel good don",6,264332,48
"feel good friday",6,264338,48
"feel good go",6,264344,48
"feel good good",6,264350,48
"feel good hope",6,264356,48.01
"feel good inside",6,264362,48.01
"feel like baby",6,264368,48.01
"feel like constantly",6,264374,48.01
"feel like crazy",6,264380,48.01
"feel like deserve",6,264386,48.01
"feel like face",6,264392,48.01
"feel like food",6,264398,48.01
"feel like forgetting",6,264404,48.01
"feel like half",6,264410,48.02
"feel like hard",6,264416,48.02
"feel like hear",6,264422,48.02
"feel like heard",6,264428,48.02
"feel like help",6,264434,48.02
"feel like horrible",6,264440,48.02
"feel like hours",6,264446,48.02
"feel like house",6,264452,48.02
"feel like makes",6,264458,48.02
"feel like man",6,264464,48.02
"feel like mean",6,264470,48.03
"feel like morning",6,264476,48.03
"feel like night",6,264482,48.03
"feel like piece",6,264488,48.03
"feel like princess",6,264494,48.03
"feel like put",6,264500,48.03
"feel like read",6,264506,48.03
"feel like reading",6,264512,48.03
"feel like ready",6,264518,48.03
"feel like spending",6,264524,48.04
"feel like sunday",6,264530,48.04
"feel like th",6,264536,48.04
"feel like thursday",6,264542,48.04
"feel like totally",6,264548,48.04
"feel like turn",6,264554,48.04
"feel like use",6,264560,48.04
"feel like vacation",6,264566,48.04
"feel like waste",6,264572,48.04
"feel like wear",6,264578,48.05
"feel like went",6,264584,48.05
"feel like write",6,264590,48.05
"feel way better",6,264596,48.05
"feel way don",6,264602,48.05
"feeling better did",6,264608,48.05
"feeling better hope",6,264614,48.05
"feeling better love",6,264620,48.05
"feeling better morning",6,264626,48.05
"feeling better yesterday",6,264632,48.06
"feeling certain way",6,264638,48.06
"feeling dreams come",6,264644,48.06
"feeling kinda way",6,264650,48.06
"feeling like gonna",6,264656,48.06
"feeling like good",6,264662,48.06
"feeling like got",6,264668,48.06
"feeling need get",6,264674,48.06
"feels good doing",6,264680,48.06
"feels good free",6,264686,48.07
"feels good going",6,264692,48.07
"feels good right",6,264698,48.07
"feels good say",6,264704,48.07
"feels weird having",6,264710,48.07
"fell asleep listening",6,264716,48.07
"felt like day",6,264722,48.07
"felt like watching",6,264728,48.07
"females involved pay",6,264734,48.07
"festival looking forward",6,264740,48.08
"field turning mind",6,264746,48.08
"fill full scratch",6,264752,48.08
"film festival come",6,264758,48.08
"finally finally finally",6,264764,48.08
"finally get work",6,264770,48.08
"finally got account",6,264776,48.08
"finally got done",6,264782,48.08
"finally got good",6,264788,48.08
"finally got job",6,264794,48.08
"finally meeting person",6,264800,48.09
"finally seeing avengers",6,264806,48.09
"finally starting get",6,264812,48.09
"financial aid office",6,264818,48.09
"find got second",6,264824,48.09
"find way lose",6,264830,48.09
"find ways altered",6,264836,48.09
"find www net",6,264842,48.09
"finding knows mistakes",6,264848,48.09
"fine line tan",6,264854,48.1
"fingers crossed don",6,264860,48.1
"fingers crossed hope",6,264866,48.1
"finish christmas shopping",6,264872,48.1
"finished high school",6,264878,48.1
"finished week day",6,264884,48.1
"finishing last minute",6,264890,48.1
"fix bug find",6,264896,48.1
"flavor ice cream",6,264902,48.1
"flesh eating bacteria",6,264908,48.11
"flew grabbed put",6,264914,48.11
"flight delayed hours",6,264920,48.11
"flight imagination life",6,264926,48.11
"flip video camera",6,264932,48.11
"florida available customer",6,264938,48.11
"flower clearly life",6,264944,48.11
"fly white guy",6,264950,48.11
"fog morning partly",6,264956,48.11
"fold away gym",6,264962,48.12
"follow birthday rd",6,264968,48.12
"follow contact info",6,264974,48.12
"follow encourage followers",6,264980,48.12
"follow get updates",6,264986,48.12
"follow great new",6,264992,48.12
"follow great tweets",6,264998,48.12
"follow great twitter",6,265004,48.12
"follow hope find",6,265010,48.12
"follow make birthday",6,265016,48.13
"follow make come",6,265022,48.13
"follow merry christmas",6,265028,48.13
"follow new people",6,265034,48.13
"follow news updates",6,265040,48.13
"follow own advice",6,265046,48.13
"follow poised creation",6,265052,48.13
"follow say love",6,265058,48.13
"follow selena idol",6,265064,48.13
"follow shes cool",6,265070,48.13
"follow sure check",6,265076,48.14
"follow thanks follow",6,265082,48.14
"follow thanks support",6,265088,48.14
"follow twitter don",6,265094,48.14
"follow welcome twitter",6,265100,48.14
"follow wish come",6,265106,48.14
"follower follow follow",6,265112,48.14
"followers end month",6,265118,48.14
"followers end week",6,265124,48.14
"followers follow just",6,265130,48.15
"followers follow new",6,265136,48.15
"followers following people",6,265142,48.15
"followers great weekend",6,265148,48.15
"followers let go",6,265154,48.15
"followers like facebook",6,265160,48.15
"followers people follow",6,265166,48.15
"followers people following",6,265172,48.15
"followers want follow",6,265178,48.15
"following check facebook",6,265184,48.16
"following follow must",6,265190,48.16
"following get followers",6,265196,48.16
"following happy connect",6,265202,48.16
"following sure follow",6,265208,48.16
"follows hey follow",6,265214,48.16
"food miami beach",6,265220,48.16
"food www com",6,265226,48.16
"fool complain fools",6,265232,48.16
"fools fall love",6,265238,48.17
"force myself stop",6,265244,48.17
"ford motor company",6,265250,48.17
"forget come tomorrow",6,265256,48.17
"forget gone appreciate",6,265262,48.17
"forget highest appreciation",6,265268,48.17
"forget remember involve",6,265274,48.17
"forget say prayers",6,265280,48.17
"forgive strongest forget",6,265286,48.17
"forgiveness ask permission",6,265292,48.18
"forward grand opening",6,265298,48.18
"forward hearing soon",6,265304,48.18
"forward hearing thoughts",6,265310,48.18
"forward meeting tonight",6,265316,48.18
"forward visit tomorrow",6,265322,48.18
"fox boring dog",6,265328,48.18
"fox football guys",6,265334,48.18
"fox news jennifer",6,265340,48.18
"fox news tonight",6,265346,48.19
"frank ocean thinking",6,265352,48.19
"free app iphone",6,265358,48.19
"free bracelet sat",6,265364,48.19
"free dell laptop",6,265370,48.19
"free drink sends",6,265376,48.19
"free gift cards",6,265382,48.19
"free good luck",6,265388,48.19
"free last free",6,265394,48.19
"free lemonade pineapple",6,265400,48.19
"free medicine discounts",6,265406,48.2
"free movie passes",6,265412,48.2
"free open source",6,265418,48.2
"free sugar free",6,265424,48.2
"free vip tickets",6,265430,48.2
"free www party",6,265436,48.2
"french quarter fest",6,265442,48.2
"fresh baked cookies",6,265448,48.2
"fresh clean clean",6,265454,48.2
"fresh new look",6,265460,48.21
"friday day weekend",6,265466,48.21
"friday don know",6,265472,48.21
"friday fun fact",6,265478,48.21
"friday high school",6,265484,48.21
"friday local author",6,265490,48.21
"friday march rd",6,265496,48.21
"friday th going",6,265502,48.21
"friend great weekend",6,265508,48.21
"friend greet insult",6,265514,48.22
"friendly fake quiet",6,265520,48.22
"friends family great",6,265526,48.22
"friends family know",6,265532,48.22
"friends hope great",6,265538,48.22
"friends last time",6,265544,48.22
"friends people know",6,265550,48.22
"friends want go",6,265556,48.22
"friendship talk nonsense",6,265562,48.22
"fringe fringe fringe",6,265568,48.23
"ft husband wife",6,265574,48.23
"ft worth tonight",6,265580,48.23
"full menu www",6,265586,48.23
"fun day love",6,265592,48.23
"fun don care",6,265598,48.23
"fun fact st",6,265604,48.23
"fun game watch",6,265610,48.23
"fun happy hour",6,265616,48.23
"fun place work",6,265622,48.24
"fun way start",6,265628,48.24
"function leadership produce",6,265634,48.24
"funding planned parenthood",6,265640,48.24
"funny cause true",6,265646,48.24
"funny don think",6,265652,48.24
"funny year old",6,265658,48.24
"future bright gotta",6,265664,48.24
"gain followers follow",6,265670,48.24
"gain full access",6,265676,48.24
"gallery night day",6,265682,48.25
"game best team",6,265688,48.25
"game change hbo",6,265694,48.25
"game getting ready",6,265700,48.25
"game gotta love",6,265706,48.25
"game hope win",6,265712,48.25
"game long time",6,265718,48.25
"game played today",6,265724,48.25
"game th inning",6,265730,48.25
"game thrones series",6,265736,48.26
"game thrones time",6,265742,48.26
"game time get",6,265748,48.26
"game time pm",6,265754,48.26
"game today pm",6,265760,48.26
"game tonight excited",6,265766,48.26
"game tonight gonna",6,265772,48.26
"game tonight got",6,265778,48.26
"game tonight love",6,265784,48.26
"game tonight stop",6,265790,48.27
"game world cup",6,265796,48.27
"garlic mashed potatoes",6,265802,48.27
"gary clark jr",6,265808,48.27
"gathering waters fest",6,265814,48.27
"gave good laugh",6,265820,48.27
"gave hard time",6,265826,48.27
"gender role orientation",6,265832,48.27
"genre email details",6,265838,48.27
"genuine leader consensus",6,265844,48.28
"get away doing",6,265850,48.28
"get chance ask",6,265856,48.28
"get chance work",6,265862,48.28
"get christmas spirit",6,265868,48.28
"get coupon code",6,265874,48.28
"get cup coffee",6,265880,48.28
"get discount today",6,265886,48.28
"get done asap",6,265892,48.28
"get done working",6,265898,48.29
"get early get",6,265904,48.29
"get easier just",6,265910,48.29
"get end week",6,265916,48.29
"get exposure college",6,265922,48.29
"get facebook like",6,265928,48.29
"get follow make",6,265934,48.29
"get follow mean",6,265940,48.29
"get followers like",6,265946,48.29
"get fresh cut",6,265952,48.3
"get get day",6,265958,48.3
"get get home",6,265964,48.3
"get get lost",6,265970,48.3
"get get work",6,265976,48.3
"get gift certificate",6,265982,48.3
"get go prom",6,265988,48.3
"get good idea",6,265994,48.3
"get good job",6,266000,48.3
"get good laugh",6,266006,48.3
"get good workout",6,266012,48.31
"get green light",6,266018,48.31
"get hear voice",6,266024,48.31
"get inspired struggle",6,266030,48.31
"get just keep",6,266036,48.31
"get know get",6,266042,48.31
"get later today",6,266048,48.31
"get like did",6,266054,48.31
"get lunch today",6,266060,48.31
"get married find",6,266066,48.32
"get money like",6,266072,48.32
"get new book",6,266078,48.32
"get new hair",6,266084,48.32
"get new tv",6,266090,48.32
"get new year",6,266096,48.32
"get new years",6,266102,48.32
"get oh wait",6,266108,48.32
"get paid don",6,266114,48.32
"get people go",6,266120,48.33
"get playing time",6,266126,48.33
"get reading done",6,266132,48.33
"get rid cable",6,266138,48.33
"get rid cold",6,266144,48.33
"get rid twitter",6,266150,48.33
"get right time",6,266156,48.33
"get scared half",6,266162,48.33
"get sense humor",6,266168,48.33
"get set go",6,266174,48.34
"get shower get",6,266180,48.34
"get signed copy",6,266186,48.34
"get sleep day",6,266192,48.34
"get sleep goodnight",6,266198,48.34
"get started early",6,266204,48.34
"get started new",6,266210,48.34
"get super bowl",6,266216,48.34
"get taken away",6,266222,48.34
"get tan today",6,266228,48.35
"get teammates win",6,266234,48.35
"get tickets asap",6,266240,48.35
"get tickets soon",6,266246,48.35
"get tickets tomorrow",6,266252,48.35
"get ur head",6,266258,48.35
"get ur tweets",6,266264,48.35
"get want think",6,266270,48.35
"get way early",6,266276,48.35
"get weird tonight",6,266282,48.36
"get wild tonight",6,266288,48.36
"getting bed morning",6,266294,48.36
"getting better everyday",6,266300,48.36
"getting better just",6,266306,48.36
"getting bored just",6,266312,48.36
"getting head start",6,266318,48.36
"getting last nerve",6,266324,48.36
"getting late start",6,266330,48.36
"getting old get",6,266336,48.36
"getting phone calls",6,266342,48.37
"getting weird looks",6,266348,48.37
"gift attention jim",6,266354,48.37
"gift card today",6,266360,48.37
"girl kisses love",6,266366,48.37
"girl life hoe",6,266372,48.37
"girl look body",6,266378,48.37
"girl make speakers",6,266384,48.37
"girl terminal made",6,266390,48.37
"girlfriend faithful girlfriend",6,266396,48.38
"give away like",6,266402,48.38
"give away tickets",6,266408,48.38
"give email send",6,266414,48.38
"give gift health",6,266420,48.38
"give let know",6,266426,48.38
"give mom gift",6,266432,48.38
"give patrick henry",6,266438,48.38
"give power abraham",6,266444,48.38
"give really good",6,266450,48.39
"give shout need",6,266456,48.39
"give silent treatment",6,266462,48.39
"give ur number",6,266468,48.39
"give weird look",6,266474,48.39
"giveaway chance win",6,266480,48.39
"giving away new",6,266486,48.39
"giving certain way",6,266492,48.39
"glad enjoyed food",6,266498,48.39
"glad enjoyed talk",6,266504,48.4
"glad got home",6,266510,48.4
"glad got rid",6,266516,48.4
"glad guys got",6,266522,48.4
"glad guys like",6,266528,48.4
"glad hear come",6,266534,48.4
"glad hear coming",6,266540,48.4
"glad hear fan",6,266546,48.4
"glad hear let",6,266552,48.4
"glad hear love",6,266558,48.41
"glad hear made",6,266564,48.41
"glad hear ok",6,266570,48.41
"glad like love",6,266576,48.41
"glad like music",6,266582,48.41
"glad liked hope",6,266588,48.41
"glad put smile",6,266594,48.41
"glass half half",6,266600,48.41
"go ahead add",6,266606,48.41
"go ahead give",6,266612,48.41
"go ahead judge",6,266618,48.42
"go ahead start",6,266624,48.42
"go away soon",6,266630,48.42
"go broke trying",6,266636,48.42
"go bucks go",6,266642,48.42
"go check awesome",6,266648,48.42
"go check follow",6,266654,48.42
"go clippers lets",6,266660,48.42
"go doctor office",6,266666,48.42
"go friday night",6,266672,48.43
"go friends family",6,266678,48.43
"go friends house",6,266684,48.43
"go grab lunch",6,266690,48.43
"go grad school",6,266696,48.43
"go insane throw",6,266702,48.43
"go lion king",6,266708,48.43
"go listen music",6,266714,48.43
"go los angeles",6,266720,48.43
"go merely determine",6,266726,48.44
"go nuggets go",6,266732,48.44
"go page click",6,266738,48.44
"go red lobster",6,266744,48.44
"go school like",6,266750,48.44
"go school summer",6,266756,48.44
"go suzanne com",6,266762,48.44
"go time make",6,266768,48.44
"go try get",6,266774,48.44
"go try tear",6,266780,48.45
"go way like",6,266786,48.45
"go way look",6,266792,48.45
"go white house",6,266798,48.45
"go work days",6,266804,48.45
"go wrong way",6,266810,48.45
"goal spend life",6,266816,48.45
"going able go",6,266822,48.45
"going avengers weekend",6,266828,48.45
"going bed super",6,266834,48.46
"going bring home",6,266840,48.46
"going business sales",6,266846,48.46
"going don need",6,266852,48.46
"going don want",6,266858,48.46
"going farmers market",6,266864,48.46
"going go far",6,266870,48.46
"going go gym",6,266876,48.46
"going go make",6,266882,48.46
"going go way",6,266888,48.47
"going good far",6,266894,48.47
"going good hope",6,266900,48.47
"going great hope",6,266906,48.47
"going harry potter",6,266912,48.47
"going home opener",6,266918,48.47
"going leave ur",6,266924,48.47
"going looking forward",6,266930,48.47
"going lose game",6,266936,48.47
"going make big",6,266942,48.47
"going make day",6,266948,48.48
"going make new",6,266954,48.48
"going make work",6,266960,48.48
"going month long",6,266966,48.48
"going movies tonight",6,266972,48.48
"going nice day",6,266978,48.48
"going occur day",6,266984,48.48
"going rain today",6,266990,48.48
"going sleep bye",6,266996,48.48
"going start looking",6,267002,48.49
"going start playing",6,267008,48.49
"going start working",6,267014,48.49
"going stay home",6,267020,48.49
"going store get",6,267026,48.49
"going take get",6,267032,48.49
"going take home",6,267038,48.49
"going today new",6,267044,48.49
"going tonight time",6,267050,48.49
"going tour summer",6,267056,48.5
"going try hardest",6,267062,48.5
"going try soon",6,267068,48.5
"going vegas weekend",6,267074,48.5
"going win championship",6,267080,48.5
"going world today",6,267086,48.5
"gone exist live",6,267092,48.5
"gone growing pains",6,267098,48.5
"gone tomorrow come",6,267104,48.5
"gonna find way",6,267110,48.51
"gonna good good",6,267116,48.51
"gonna great week",6,267122,48.51
"gonna make best",6,267128,48.51
"gonna make big",6,267134,48.51
"gonna make go",6,267140,48.51
"gonna make watch",6,267146,48.51
"gonna miss gone",6,267152,48.51
"gonna miss tomorrow",6,267158,48.51
"gonna party night",6,267164,48.52
"gonna spend day",6,267170,48.52
"gonna stay home",6,267176,48.52
"gonna try find",6,267182,48.52
"gonna wait till",6,267188,48.52
"good abraham lincoln",6,267194,48.52
"good afternoon beautiful",6,267200,48.52
"good afternoon new",6,267206,48.52
"good afternoon warriors",6,267212,48.52
"good bad times",6,267218,48.53
"good busy busy",6,267224,48.53
"good food wine",6,267230,48.53
"good friend going",6,267236,48.53
"good friend just",6,267242,48.53
"good gonna get",6,267248,48.53
"good good life",6,267254,48.53
"good good people",6,267260,48.53
"good good thing",6,267266,48.53
"good good time",6,267272,48.53
"good hard work",6,267278,48.54
"good hear let",6,267284,48.54
"good just let",6,267290,48.54
"good just share",6,267296,48.54
"good luck baby",6,267302,48.54
"good luck coming",6,267308,48.54
"good luck competing",6,267314,48.54
"good luck cool",6,267320,48.54
"good luck deserve",6,267326,48.54
"good luck family",6,267332,48.55
"good luck give",6,267338,48.55
"good luck jane",6,267344,48.55
"good luck kick",6,267350,48.55
"good luck lovely",6,267356,48.55
"good luck maybe",6,267362,48.55
"good luck music",6,267368,48.55
"good luck project",6,267374,48.55
"good luck saturday",6,267380,48.55
"good luck say",6,267386,48.56
"good luck senior",6,267392,48.56
"good luck start",6,267398,48.56
"good luck vs",6,267404,48.56
"good luck wish",6,267410,48.56
"good lunch today",6,267416,48.56
"good maybe just",6,267422,48.56
"good mood morning",6,267428,48.56
"good morning big",6,267434,48.56
"good morning boston",6,267440,48.57
"good morning bout",6,267446,48.57
"good morning cincinnati",6,267452,48.57
"good morning favorite",6,267458,48.57
"good morning feeling",6,267464,48.57
"good morning following",6,267470,48.57
"good morning heading",6,267476,48.57
"good morning houston",6,267482,48.57
"good morning hun",6,267488,48.57
"good morning lovers",6,267494,48.58
"good morning portland",6,267500,48.58
"good morning stranger",6,267506,48.58
"good morning sure",6,267512,48.58
"good morning wednesday",6,267518,48.58
"good morning young",6,267524,48.58
"good outside today",6,267530,48.58
"good people life",6,267536,48.58
"good people make",6,267542,48.58
"good point good",6,267548,48.58
"good point maybe",6,267554,48.59
"good question really",6,267560,48.59
"good sorry hear",6,267566,48.59
"good stay tuned",6,267572,48.59
"good tell em",6,267578,48.59
"good things really",6,267584,48.59
"good times come",6,267590,48.59
"good times thanks",6,267596,48.59
"good way hide",6,267602,48.59
"good way hope",6,267608,48.6
"good way stay",6,267614,48.6
"good weather good",6,267620,48.6
"good weekend far",6,267626,48.6
"good writing tip",6,267632,48.6
"goodnight hope great",6,267638,48.6
"google barrel roll",6,267644,48.6
"google home page",6,267650,48.6
"got accepted university",6,267656,48.6
"got beard like",6,267662,48.61
"got bunch new",6,267668,48.61
"got cap gown",6,267674,48.61
"got carried away",6,267680,48.61
"got don worry",6,267686,48.61
"got done running",6,267692,48.61
"got find way",6,267698,48.61
"got good thing",6,267704,48.61
"got good work",6,267710,48.61
"got good workout",6,267716,48.62
"got great things",6,267722,48.62
"got great tips",6,267728,48.62
"got home seeing",6,267734,48.62
"got home yesterday",6,267740,48.62
"got jury duty",6,267746,48.62
"got looking forward",6,267752,48.62
"got lot followers",6,267758,48.62
"got lot great",6,267764,48.62
"got lot plate",6,267770,48.63
"got lots great",6,267776,48.63
"got make sure",6,267782,48.63
"got mind right",6,267788,48.63
"got need get",6,267794,48.63
"got song head",6,267800,48.63
"got time check",6,267806,48.63
"got tweets just",6,267812,48.63
"got weeks left",6,267818,48.63
"got work time",6,267824,48.64
"got yo number",6,267830,48.64
"gotta admit pretty",6,267836,48.64
"gotta catch soon",6,267842,48.64
"gotta go bye",6,267848,48.64
"gotta go gotta",6,267854,48.64
"gov chris christie",6,267860,48.64
"grabbed put arms",6,267866,48.64
"graduated last year",6,267872,48.64
"graduating law school",6,267878,48.64
"grammy last night",6,267884,48.65
"grand central station",6,267890,48.65
"grand opening weekend",6,267896,48.65
"grand orlando florida",6,267902,48.65
"grand scheme things",6,267908,48.65
"grandfather passed away",6,267914,48.65
"gratitude must forget",6,267920,48.65
"great best definition",6,267926,48.65
"great big fan",6,267932,48.65
"great career thank",6,267938,48.66
"great come visit",6,267944,48.66
"great country music",6,267950,48.66
"great day baby",6,267956,48.66
"great day lake",6,267962,48.66
"great day office",6,267968,48.66
"great day park",6,267974,48.66
"great day safe",6,267980,48.66
"great day sit",6,267986,48.66
"great day smile",6,267992,48.67
"great day start",6,267998,48.67
"great day visit",6,268004,48.67
"great day watching",6,268010,48.67
"great don think",6,268016,48.67
"great effort tonight",6,268022,48.67
"great ellen proud",6,268028,48.67
"great episode tonight",6,268034,48.67
"great event hope",6,268040,48.67
"great familiar faces",6,268046,48.68
"great food awesome",6,268052,48.68
"great food music",6,268058,48.68
"great food thanks",6,268064,48.68
"great food wine",6,268070,48.68
"great game both",6,268076,48.68
"great game good",6,268082,48.68
"great game just",6,268088,48.68
"great game love",6,268094,48.68
"great idea maybe",6,268100,48.69
"great long weekend",6,268106,48.69
"great meet glad",6,268112,48.69
"great meet good",6,268118,48.69
"great meeting week",6,268124,48.69
"great meeting weekend",6,268130,48.69
"great music thank",6,268136,48.69
"great news thank",6,268142,48.69
"great night best",6,268148,48.69
"great night friends",6,268154,48.69
"great night love",6,268160,48.7
"great people doing",6,268166,48.7
"great picture thanks",6,268172,48.7
"great player great",6,268178,48.7
"great pleasure life",6,268184,48.7
"great seats available",6,268190,48.7
"great seeing meeting",6,268196,48.7
"great st patrick",6,268202,48.7
"great start new",6,268208,48.7
"great stay tuned",6,268214,48.71
"great stuff man",6,268220,48.71
"great stuff thanks",6,268226,48.71
"great suggestion thanks",6,268232,48.71
"great thanks following",6,268238,48.71
"great thanks great",6,268244,48.71
"great thanksgiving weekend",6,268250,48.71
"great things doing",6,268256,48.71
"great things say",6,268262,48.71
"great tip thanks",6,268268,48.72
"great training day",6,268274,48.72
"great tv auction",6,268280,48.72
"great way begin",6,268286,48.72
"great way cap",6,268292,48.72
"great way go",6,268298,48.72
"great way promote",6,268304,48.72
"great website thanks",6,268310,48.72
"great week hope",6,268316,48.72
"great week week",6,268322,48.73
"great whitney houston",6,268328,48.73
"great work last",6,268334,48.73
"great work proud",6,268340,48.73
"greek lemon chicken",6,268346,48.73
"green gold today",6,268352,48.73
"green power energy",6,268358,48.73
"greg professional jones",6,268364,48.73
"grew way fast",6,268370,48.73
"grey last night",6,268376,48.74
"grow facial hair",6,268382,48.74
"growth take place",6,268388,48.74
"guarantee hours single",6,268394,48.74
"guess gonna go",6,268400,48.74
"guess know doing",6,268406,48.74
"guess won getting",6,268412,48.74
"guy day princeton",6,268418,48.74
"guy day ray",6,268424,48.74
"guy don know",6,268430,48.75
"guy gas station",6,268436,48.75
"guys hope great",6,268442,48.75
"guys just get",6,268448,48.75
"guys just wanna",6,268454,48.75
"guys keep coming",6,268460,48.75
"guys keep great",6,268466,48.75
"guys let go",6,268472,48.75
"guys look great",6,268478,48.75
"guys take pictures",6,268484,48.75
"ha know right",6,268490,48.76
"habit unfortunately losing",6,268496,48.76
"habitat humanity meeting",6,268502,48.76
"habits become character",6,268508,48.76
"hacked changed password",6,268514,48.76
"hair grow faster",6,268520,48.76
"hair makeup done",6,268526,48.76
"haiti report aid",6,268532,48.76
"half days school",6,268538,48.76
"half hour go",6,268544,48.77
"half hour late",6,268550,48.77
"half hours sleep",6,268556,48.77
"half looks like",6,268562,48.77
"halloween costume contest",6,268568,48.77
"hamilton home runs",6,268574,48.77
"hand keyboard lead",6,268580,48.77
"hand lead lonely",6,268586,48.77
"happening www com",6,268592,48.77
"happens get scared",6,268598,48.78
"happiest girl earth",6,268604,48.78
"happiest making greatest",6,268610,48.78
"happiness happiness way",6,268616,48.78
"happiness ralph emerson",6,268622,48.78
"happiness ready made",6,268628,48.78
"happy birthday adam",6,268634,48.78
"happy birthday amy",6,268640,48.78
"happy birthday believe",6,268646,48.78
"happy birthday biggest",6,268652,48.79
"happy birthday celebrate",6,268658,48.79
"happy birthday congratulations",6,268664,48.79
"happy birthday cool",6,268670,48.79
"happy birthday daddy",6,268676,48.79
"happy birthday friends",6,268682,48.79
"happy birthday going",6,268688,48.79
"happy birthday harry",6,268694,48.79
"happy birthday honey",6,268700,48.79
"happy birthday hopefully",6,268706,48.8
"happy birthday jon",6,268712,48.8
"happy birthday kurt",6,268718,48.8
"happy birthday madison",6,268724,48.8
"happy birthday main",6,268730,48.8
"happy birthday mean",6,268736,48.8
"happy birthday milwaukee",6,268742,48.8
"happy birthday mrs",6,268748,48.8
"happy birthday nice",6,268754,48.8
"happy birthday pretty",6,268760,48.81
"happy birthday ray",6,268766,48.81
"happy birthday remember",6,268772,48.81
"happy birthday rock",6,268778,48.81
"happy birthday sorry",6,268784,48.81
"happy birthday think",6,268790,48.81
"happy birthday weekend",6,268796,48.81
"happy don go",6,268802,48.81
"happy finally get",6,268808,48.81
"happy flag day",6,268814,48.81
"happy follow ur",6,268820,48.82
"happy happy new",6,268826,48.82
"happy holiday weekend",6,268832,48.82
"happy holidays best",6,268838,48.82
"happy holidays great",6,268844,48.82
"happy law day",6,268850,48.82
"happy makes smile",6,268856,48.82
"happy monday enjoy",6,268862,48.82
"happy monday lets",6,268868,48.82
"happy monday ready",6,268874,48.83
"happy monday twitter",6,268880,48.83
"happy snow day",6,268886,48.83
"happy st anniversary",6,268892,48.83
"happy th hope",6,268898,48.83
"happy thanksgiving day",6,268904,48.83
"happy thanksgiving don",6,268910,48.83
"happy thanksgiving favorite",6,268916,48.83
"happy thanksgiving grateful",6,268922,48.83
"happy thanksgiving happy",6,268928,48.84
"happy thanksgiving world",6,268934,48.84
"happy thoughts happy",6,268940,48.84
"happy world book",6,268946,48.84
"hard find people",6,268952,48.84
"hard hard makes",6,268958,48.84
"hard hit hard",6,268964,48.84
"hard noise comes",6,268970,48.84
"hard stay focused",6,268976,48.84
"hard stay positive",6,268982,48.85
"hard time keeping",6,268988,48.85
"hard time making",6,268994,48.85
"hard time waking",6,269000,48.85
"harry potter fans",6,269006,48.85
"hate both teams",6,269012,48.85
"hate doing laundry",6,269018,48.85
"hate faced people",6,269024,48.85
"hate fall asleep",6,269030,48.85
"hate make laugh",6,269036,48.86
"hate new facebook",6,269042,48.86
"hate people assume",6,269048,48.86
"hate people complain",6,269054,48.86
"hate reflection wish",6,269060,48.86
"haters broadcast whisper",6,269066,48.86
"haven eaten day",6,269072,48.86
"haven eaten today",6,269078,48.86
"haven gone bed",6,269084,48.86
"haven heard don",6,269090,48.86
"haven left house",6,269096,48.87
"haven slept hours",6,269102,48.87
"haven used twitter",6,269108,48.87
"having blender don",6,269114,48.87
"having comes easy",6,269120,48.87
"having difficult time",6,269126,48.87
"having fantastic time",6,269132,48.87
"having full blown",6,269138,48.87
"having fun having",6,269144,48.87
"having fun new",6,269150,48.88
"having good year",6,269156,48.88
"having mixed feelings",6,269162,48.88
"having new eyes",6,269168,48.88
"having really hard",6,269174,48.88
"having rough morning",6,269180,48.88
"hawks let go",6,269186,48.88
"hbo get real",6,269192,48.88
"head home get",6,269198,48.88
"head just exploded",6,269204,48.89
"heading base camp",6,269210,48.89
"heading gym thai",6,269216,48.89
"heading happy hour",6,269222,48.89
"health blog www",6,269228,48.89
"health men likely",6,269234,48.89
"healthy happy day",6,269240,48.89
"hear come soon",6,269246,48.89
"hear favorite genre",6,269252,48.89
"hear ice cream",6,269258,48.9
"hear robot voice",6,269264,48.9
"hear thanks coming",6,269270,48.9
"hear thanks sharing",6,269276,48.9
"heard like bad",6,269282,48.9
"heard people say",6,269288,48.9
"heard radio today",6,269294,48.9
"heard requests want",6,269300,48.9
"heard round world",6,269306,48.9
"heart essential invisible",6,269312,48.91
"heart overcome world",6,269318,48.91
"heart right criticized",6,269324,48.91
"heart soul mind",6,269330,48.91
"heat eat bbq",6,269336,48.91
"heat lose tonight",6,269342,48.91
"held main library",6,269348,48.91
"held talked press",6,269354,48.91
"hello hope great",6,269360,48.91
"help beta test",6,269366,48.92
"help create fact",6,269372,48.92
"help email story",6,269378,48.92
"help finding apartment",6,269384,48.92
"help make money",6,269390,48.92
"help make sure",6,269396,48.92
"help promote free",6,269402,48.92
"helps independent artists",6,269408,48.92
"hey biggest fan",6,269414,48.92
"hey boy hey",6,269420,48.92
"hey day far",6,269426,48.93
"hey girl got",6,269432,48.93
"hey girl long",6,269438,48.93
"hey give shout",6,269444,48.93
"hey guys great",6,269450,48.93
"hey guys know",6,269456,48.93
"hey guys remember",6,269462,48.93
"hey guys twitter",6,269468,48.93
"hey guys wanna",6,269474,48.93
"hey just know",6,269480,48.94
"hey just watched",6,269486,48.94
"hey man great",6,269492,48.94
"hey people follow",6,269498,48.94
"hey pretty girl",6,269504,48.94
"hey pretty good",6,269510,48.94
"hey sure follow",6,269516,48.94
"hey thank following",6,269522,48.94
"hi doing great",6,269528,48.94
"hi don think",6,269534,48.95
"hi friend watch",6,269540,48.95
"hi great meet",6,269546,48.95
"hi john thanks",6,269552,48.95
"hi like share",6,269558,48.95
"hi newest followers",6,269564,48.95
"hi twitter world",6,269570,48.95
"hide easter eggs",6,269576,48.95
"high draft pick",6,269582,48.95
"high high school",6,269588,48.96
"highest appreciation utter",6,269594,48.96
"highest reward person",6,269600,48.96
"highly recommend check",6,269606,48.96
"highly recommend following",6,269612,48.96
"hills baseball summer",6,269618,48.96
"hills requires slow",6,269624,48.96
"hired full time",6,269630,48.96
"history evolution music",6,269636,48.96
"hit em straight",6,269642,48.97
"hit last year",6,269648,48.97
"hit looks like",6,269654,48.97
"hit new low",6,269660,48.97
"hits eye like",6,269666,48.97
"holding like tales",6,269672,48.97
"holding makes strong",6,269678,48.97
"holiday inn express",6,269684,48.97
"holidays weekends nights",6,269690,48.97
"home bones try",6,269696,48.97
"home getting ready",6,269702,48.98
"home going bed",6,269708,48.98
"home imaginary friends",6,269714,48.98
"homeless person just",6,269720,48.98
"honest fake friend",6,269726,48.98
"honestly just don",6,269732,48.98
"honesty expensive gift",6,269738,48.98
"honey baked ham",6,269744,48.98
"hope comes true",6,269750,48.98
"hope day come",6,269756,48.99
"hope don cry",6,269762,48.99
"hope don find",6,269768,48.99
"hope don lose",6,269774,48.99
"hope enjoy let",6,269780,48.99
"hope enjoy reading",6,269786,48.99
"hope enjoyed evening",6,269792,48.99
"hope enjoyed lunch",6,269798,48.99
"hope enjoying new",6,269804,48.99
"hope enjoying sun",6,269810,49
"hope enjoying time",6,269816,49
"hope good flight",6,269822,49
"hope good holiday",6,269828,49
"hope good man",6,269834,49
"hope good monday",6,269840,49
"hope good thing",6,269846,49
"hope guys wonderful",6,269852,49
"hope live long",6,269858,49
"hope lovely birthday",6,269864,49.01
"hope lovely weekend",6,269870,49.01
"hope made sense",6,269876,49.01
"hope make big",6,269882,49.01
"hope make day",6,269888,49.01
"hope make money",6,269894,49.01
"hope someday follow",6,269900,49.01
"hope sufficient cause",6,269906,49.01
"hope take long",6,269912,49.01
"hope time life",6,269918,49.02
"hope turns ok",6,269924,49.02
"hopped boring dog",6,269930,49.02
"horizon parkway drive",6,269936,49.02
"horse helping uncle",6,269942,49.02
"host social media",6,269948,49.02
"hosting happy hour",6,269954,49.02
"hosting party miss",6,269960,49.02
"hosting rd annual",6,269966,49.02
"hot coal intent",6,269972,49.03
"hot topic today",6,269978,49.03
"hot www com",6,269984,49.03
"hottest everybody knows",6,269990,49.03
"hour minutes calories",6,269996,49.03
"hour minutes left",6,270002,49.03
"hour today pm",6,270008,49.03
"hour work days",6,270014,49.03
"hours hard work",6,270020,49.03
"hours life get",6,270026,49.03
"hours single going",6,270032,49.04
"hours sleep ready",6,270038,49.04
"hours swing deli",6,270044,49.04
"house education committee",6,270050,49.04
"houston passed away",6,270056,49.04
"houston scored milwaukee",6,270062,49.04
"hubby last night",6,270068,49.04
"huge fan ur",6,270074,49.04
"huge road win",6,270080,49.04
"human computer interaction",6,270086,49.05
"human conflicts natural",6,270092,49.05
"human differences natural",6,270098,49.05
"hump day thanks",6,270104,49.05
"hundred iphone app",6,270110,49.05
"hundred years ago",6,270116,49.05
"hunger won taste",6,270122,49.05
"hungry don wanna",6,270128,49.05
"hungry don want",6,270134,49.05
"hungry hungry hungry",6,270140,49.06
"hunt party game",6,270146,49.06
"hurt dance like",6,270152,49.06
"hurt starts ignoring",6,270158,49.06
"ice horse feathers",6,270164,49.06
"icon twitter account",6,270170,49.06
"id love help",6,270176,49.06
"idea good luck",6,270182,49.06
"idea happy makes",6,270188,49.06
"idea let talk",6,270194,49.07
"idea whats going",6,270200,49.07
"ideas dime dozen",6,270206,49.07
"ideas stay tuned",6,270212,49.07
"ignorance acceptance kindness",6,270218,49.07
"ignorance excuse real",6,270224,49.07
"il www com",6,270230,49.07
"ill spread word",6,270236,49.07
"imagination albert einstein",6,270242,49.07
"imagination history stephen",6,270248,49.08
"important bricks building",6,270254,49.08
"incredible last night",6,270260,49.08
"independent artists become",6,270266,49.08
"indianapolis contractors indianapolis",6,270272,49.08
"individuals want building",6,270278,49.08
"indy boot camps",6,270284,49.08
"indy wine fest",6,270290,49.08
"insane throw glitter",6,270296,49.08
"instead get instead",6,270302,49.09
"insurance columbus marathon",6,270308,49.09
"intelligence knowledge imagination",6,270314,49.09
"intend live forever",6,270320,49.09
"interested send resume",6,270326,49.09
"interesting health fact",6,270332,49.09
"interests john stuart",6,270338,49.09
"international balloon fiesta",6,270344,49.09
"interview reign platform",6,270350,49.09
"intimate let tried",6,270356,49.09
"invented characters hand",6,270362,49.1
"invite friends family",6,270368,49.1
"ip server miami",6,270374,49.1
"irish fest www",6,270380,49.1
"item bucket list",6,270386,49.1
"jack box tacos",6,270392,49.1
"jack deep thoughts",6,270398,49.1
"jack dull boy",6,270404,49.1
"jackie robinson day",6,270410,49.1
"jackpot don put",6,270416,49.11
"jacob artist deserves",6,270422,49.11
"jam hottest tracks",6,270428,49.11
"jam packed day",6,270434,49.11
"jan pm pm",6,270440,49.11
"jazz tonight bistro",6,270446,49.11
"jealous girlfriend faithful",6,270452,49.11
"jeep think stars",6,270458,49.11
"jersey shore like",6,270464,49.11
"jessica simpson finally",6,270470,49.12
"jobs san diego",6,270476,49.12
"jobs usually go",6,270482,49.12
"johnny cash jobs",6,270488,49.12
"johnson talented broke",6,270494,49.12
"join facebook www",6,270500,49.12
"join fan page",6,270506,49.12
"join million facebook",6,270512,49.12
"join sd public",6,270518,49.12
"join street team",6,270524,49.13
"jones host live",6,270530,49.13
"journey music producer",6,270536,49.13
"journey mysterious island",6,270542,49.13
"judge joe brown",6,270548,49.13
"july pm question",6,270554,49.13
"july th concert",6,270560,49.13
"july th weekend",6,270566,49.13
"june th don",6,270572,49.13
"june th say",6,270578,49.14
"just added facebook",6,270584,49.14
"just answered question",6,270590,49.14
"just applied job",6,270596,49.14
"just ate banana",6,270602,49.14
"just baby boy",6,270608,49.14
"just bought bunch",6,270614,49.14
"just bought hunger",6,270620,49.14
"just bought itunes",6,270626,49.14
"just bought kindle",6,270632,49.14
"just bought shirt",6,270638,49.15
"just bought worth",6,270644,49.15
"just called told",6,270650,49.15
"just came get",6,270656,49.15
"just came mail",6,270662,49.15
"just came room",6,270668,49.15
"just came started",6,270674,49.15
"just came today",6,270680,49.15
"just cause want",6,270686,49.15
"just chase dreams",6,270692,49.16
"just checked grades",6,270698,49.16
"just come say",6,270704,49.16
"just comes naturally",6,270710,49.16
"just day just",6,270716,49.16
"just day paradise",6,270722,49.16
"just feel way",6,270728,49.16
"just finish watching",6,270734,49.16
"just followed twitter",6,270740,49.16
"just followers away",6,270746,49.17
"just free toasted",6,270752,49.17
"just gave free",6,270758,49.17
"just getting going",6,270764,49.17
"just give credit",6,270770,49.17
"just give little",6,270776,49.17
"just go follow",6,270782,49.17
"just going ignore",6,270788,49.17
"just going listen",6,270794,49.17
"just going make",6,270800,49.18
"just going throw",6,270806,49.18
"just gonna chill",6,270812,49.18
"just gonna ignore",6,270818,49.18
"just gonna make",6,270824,49.18
"just gonna start",6,270830,49.18
"just gonna wait",6,270836,49.18
"just gonna walk",6,270842,49.18
"just good idea",6,270848,49.18
"just good true",6,270854,49.19
"just got app",6,270860,49.19
"just got arrested",6,270866,49.19
"just got beach",6,270872,49.19
"just got booked",6,270878,49.19
"just got books",6,270884,49.19
"just got buying",6,270890,49.19
"just got chance",6,270896,49.19
"just got chicago",6,270902,49.19
"just got dc",6,270908,49.2
"just got did",6,270914,49.2
"just got dinner",6,270920,49.2
"just got dog",6,270926,49.2
"just got don",6,270932,49.2
"just got dropped",6,270938,49.2
"just got eye",6,270944,49.2
"just got eyebrows",6,270950,49.2
"just got facebook",6,270956,49.2
"just got final",6,270962,49.2
"just got food",6,270968,49.21
"just got fun",6,270974,49.21
"just got gotta",6,270980,49.21
"just got head",6,270986,49.21
"just got know",6,270992,49.21
"just got looking",6,270998,49.21
"just got lunch",6,271004,49.21
"just got make",6,271010,49.21
"just got mall",6,271016,49.21
"just got mile",6,271022,49.22
"just got moved",6,271028,49.22
"just got movie",6,271034,49.22
"just got parking",6,271040,49.22
"just got part",6,271046,49.22
"just got practice",6,271052,49.22
"just got reading",6,271058,49.22
"just got rejected",6,271064,49.22
"just got request",6,271070,49.22
"just got right",6,271076,49.23
"just got shut",6,271082,49.23
"just got spring",6,271088,49.23
"just got stage",6,271094,49.23
"just got starbucks",6,271100,49.23
"just got sucked",6,271106,49.23
"just got surgery",6,271112,49.23
"just got think",6,271118,49.23
"just got thinking",6,271124,49.23
"just got thrown",6,271130,49.24
"just got tweets",6,271136,49.24
"just got woke",6,271142,49.24
"just got worst",6,271148,49.24
"just got yelled",6,271154,49.24
"just gotta stay",6,271160,49.24
"just gotta take",6,271166,49.24
"just heard guy",6,271172,49.24
"just heard speak",6,271178,49.24
"just high school",6,271184,49.25
"just hit ball",6,271190,49.25
"just hit like",6,271196,49.25
"just hit likes",6,271202,49.25
"just hit tweets",6,271208,49.25
"just hope day",6,271214,49.25
"just hope gets",6,271220,49.25
"just hope good",6,271226,49.25
"just keep eyes",6,271232,49.25
"just keep good",6,271238,49.26
"just keep mind",6,271244,49.26
"just keep mouth",6,271250,49.26
"just kidding like",6,271256,49.26
"just know mean",6,271262,49.26
"just know right",6,271268,49.26
"just knows love",6,271274,49.26
"just launched www",6,271280,49.26
"just learned word",6,271286,49.26
"just legs got",6,271292,49.26
"just little late",6,271298,49.27
"just look good",6,271304,49.27
"just look tweets",6,271310,49.27
"just love get",6,271316,49.27
"just love getting",6,271322,49.27
"just make laugh",6,271328,49.27
"just make work",6,271334,49.27
"just might change",6,271340,49.27
"just might don",6,271346,49.27
"just might go",6,271352,49.28
"just moment ago",6,271358,49.28
"just pretty face",6,271364,49.28
"just put finishing",6,271370,49.28
"just quick reaction",6,271376,49.28
"just read mind",6,271382,49.28
"just read really",6,271388,49.28
"just read review",6,271394,49.28
"just really excited",6,271400,49.28
"just really hate",6,271406,49.29
"just really wanna",6,271412,49.29
"just recorded new",6,271418,49.29
"just remember loves",6,271424,49.29
"just run away",6,271430,49.29
"just said just",6,271436,49.29
"just said love",6,271442,49.29
"just said thought",6,271448,49.29
"just said time",6,271454,49.29
"just saw band",6,271460,49.3
"just saw cool",6,271466,49.3
"just saw cute",6,271472,49.3
"just saw hugo",6,271478,49.3
"just saw look",6,271484,49.3
"just saw looking",6,271490,49.3
"just saw men",6,271496,49.3
"just saw nd",6,271502,49.3
"just saw outside",6,271508,49.3
"just saw person",6,271514,49.31
"just saw reference",6,271520,49.31
"just saw santa",6,271526,49.31
"just saw screening",6,271532,49.31
"just saw star",6,271538,49.31
"just saw think",6,271544,49.31
"just saw walk",6,271550,49.31
"just saw week",6,271556,49.31
"just saw wild",6,271562,49.31
"just saying good",6,271568,49.31
"just saying love",6,271574,49.32
"just sent friend",6,271580,49.32
"just sent invite",6,271586,49.32
"just sent picture",6,271592,49.32
"just sent tweet",6,271598,49.32
"just shed tear",6,271604,49.32
"just standing like",6,271610,49.32
"just started singing",6,271616,49.32
"just stop doing",6,271622,49.32
"just take away",6,271628,49.33
"just take deep",6,271634,49.33
"just take moment",6,271640,49.33
"just tell people",6,271646,49.33
"just tell want",6,271652,49.33
"just think like",6,271658,49.33
"just thinking bout",6,271664,49.33
"just thinking myself",6,271670,49.33
"just thought ask",6,271676,49.33
"just thought mention",6,271682,49.34
"just time new",6,271688,49.34
"just time thanksgiving",6,271694,49.34
"just time valentine",6,271700,49.34
"just told going",6,271706,49.34
"just told guy",6,271712,49.34
"just told love",6,271718,49.34
"just told stop",6,271724,49.34
"just told story",6,271730,49.34
"just took awesome",6,271736,49.35
"just took care",6,271742,49.35
"just took look",6,271748,49.35
"just tried change",6,271754,49.35
"just tried get",6,271760,49.35
"just trying live",6,271766,49.35
"just tweet waiting",6,271772,49.35
"just updated website",6,271778,49.35
"just wait tomorrow",6,271784,49.35
"just walking home",6,271790,49.36
"just way get",6,271796,49.36
"just went bed",6,271802,49.36
"just went great",6,271808,49.36
"just went outside",6,271814,49.36
"just wish happy",6,271820,49.36
"just woke bout",6,271826,49.36
"just woke couch",6,271832,49.36
"just woke going",6,271838,49.36
"just woke got",6,271844,49.37
"just woke happy",6,271850,49.37
"just woke needed",6,271856,49.37
"just won game",6,271862,49.37
"just won leave",6,271868,49.37
"just wondering going",6,271874,49.37
"just wondering people",6,271880,49.37
"just write want",6,271886,49.37
"justify trouble take",6,271892,49.37
"justin love love",6,271898,49.37
"katherine ann meyer",6,271904,49.38
"katy perry concert",6,271910,49.38
"keep awake night",6,271916,49.38
"keep close eye",6,271922,49.38
"keep doing work",6,271928,49.38
"keep family prayers",6,271934,49.38
"keep family thoughts",6,271940,49.38
"keep fantastic work",6,271946,49.38
"keep going get",6,271952,49.38
"keep going going",6,271958,49.39
"keep going love",6,271964,49.39
"keep going today",6,271970,49.39
"keep good stuff",6,271976,49.39
"keep great tweets",6,271982,49.39
"keep hits coming",6,271988,49.39
"keep mind strong",6,271994,49.39
"keep movement going",6,272000,49.39
"keep myself busy",6,272006,49.39
"keep posted things",6,272012,49.4
"keep posted twitter",6,272018,49.4
"keep spreading love",6,272024,49.4
"keep swimming swimming",6,272030,49.4
"keep things simple",6,272036,49.4
"keep yo head",6,272042,49.4
"keeping mouth shut",6,272048,49.4
"keith love bar",6,272054,49.4
"ken burns baseball",6,272060,49.4
"keyboard lead invented",6,272066,49.41
"kick spring break",6,272072,49.41
"kids go bed",6,272078,49.41
"kind makes want",6,272084,49.41
"kind possible possible",6,272090,49.41
"kind taking ugly",6,272096,49.41
"kind want get",6,272102,49.41
"kind want make",6,272108,49.41
"kind words let",6,272114,49.41
"kind words look",6,272120,49.42
"kind words really",6,272126,49.42
"kinda want go",6,272132,49.42
"kindness language deaf",6,272138,49.42
"kiss bang bang",6,272144,49.42
"kiss ends tear",6,272150,49.42
"kiss kiss bang",6,272156,49.42
"kiss kiss kiss",6,272162,49.42
"kiss like miss",6,272168,49.42
"knee miss remainder",6,272174,49.42
"knew liked reason",6,272180,49.43
"know anything going",6,272186,49.43
"know better maybe",6,272192,49.43
"know busy just",6,272198,49.43
"know deserve best",6,272204,49.43
"know doing life",6,272210,49.43
"know doing today",6,272216,49.43
"know don mean",6,272222,49.43
"know don wear",6,272228,49.43
"know end day",6,272234,49.44
"know furniture needs",6,272240,49.44
"know get anything",6,272246,49.44
"know get away",6,272252,49.44
"know get lot",6,272258,49.44
"know go sleep",6,272264,49.44
"know going long",6,272270,49.44
"know gonna awesome",6,272276,49.44
"know gonna come",6,272282,49.44
"know gonna love",6,272288,49.45
"know good free",6,272294,49.45
"know good spots",6,272300,49.45
"know got home",6,272306,49.45
"know got text",6,272312,49.45
"know got time",6,272318,49.45
"know gotta get",6,272324,49.45
"know haven done",6,272330,49.45
"know having dinner",6,272336,49.45
"know having fun",6,272342,49.46
"know having good",6,272348,49.46
"know hunger games",6,272354,49.46
"know last minute",6,272360,49.46
"know like like",6,272366,49.46
"know looks good",6,272372,49.46
"know lots people",6,272378,49.46
"know make great",6,272384,49.46
"know maybe just",6,272390,49.46
"know mean just",6,272396,49.47
"know mean know",6,272402,49.47
"know mean people",6,272408,49.47
"know means happy",6,272414,49.47
"know need advice",6,272420,49.47
"know need hand",6,272426,49.47
"know need make",6,272432,49.47
"know need tips",6,272438,49.47
"know people actually",6,272444,49.47
"know pretty good",6,272450,49.48
"know pretty sure",6,272456,49.48
"know really love",6,272462,49.48
"know say anymore",6,272468,49.48
"know say don",6,272474,49.48
"know say people",6,272480,49.48
"know smells like",6,272486,49.48
"know soon get",6,272492,49.48
"know super busy",6,272498,49.48
"know talking just",6,272504,49.48
"know think anymore",6,272510,49.49
"know think anything",6,272516,49.49
"know think best",6,272522,49.49
"know think going",6,272528,49.49
"know think got",6,272534,49.49
"know think new",6,272540,49.49
"know took long",6,272546,49.49
"know truth truth",6,272552,49.49
"know want ask",6,272558,49.49
"know want play",6,272564,49.5
"know working hard",6,272570,49.5
"know year old",6,272576,49.5
"knowing half battle",6,272582,49.5
"knowledge albert einstein",6,272588,49.5
"knowledge imagination albert",6,272594,49.5
"knows better know",6,272600,49.5
"knows make smile",6,272606,49.5
"knows value put",6,272612,49.5
"lacking world belongs",6,272618,49.51
"ladies get ready",6,272624,49.51
"ladies text word",6,272630,49.51
"lady born way",6,272636,49.51
"lady streets freak",6,272642,49.51
"language deaf hear",6,272648,49.51
"laps old legs",6,272654,49.51
"las vegas airport",6,272660,49.51
"las vegas come",6,272666,49.51
"las vegas get",6,272672,49.52
"las vegas great",6,272678,49.52
"las vegas hotel",6,272684,49.52
"las vegas stop",6,272690,49.52
"last comic standing",6,272696,49.52
"last exam semester",6,272702,49.52
"last high school",6,272708,49.52
"last minute change",6,272714,49.52
"last minute shoppers",6,272720,49.52
"last minute work",6,272726,49.53
"last place want",6,272732,49.53
"last years time",6,272738,49.53
"late dollar short",6,272744,49.53
"later www com",6,272750,49.53
"latino leaders networking",6,272756,49.53
"laugh don understand",6,272762,49.53
"laugh make cry",6,272768,49.53
"laugh problems everybody",6,272774,49.53
"laugh regret anything",6,272780,49.54
"launch new site",6,272786,49.54
"law id clinic",6,272792,49.54
"law life look",6,272798,49.54
"lazy get get",6,272804,49.54
"lead content point",6,272810,49.54
"lead invented characters",6,272816,49.54
"lead lonely life",6,272822,49.54
"leader consensus consensus",6,272828,49.54
"leader free world",6,272834,49.54
"leaders networking event",6,272840,49.55
"leadership action position",6,272846,49.55
"leadership produce leaders",6,272852,49.55
"leads action action",6,272858,49.55
"league women voters",6,272864,49.55
"leak put bucket",6,272870,49.55
"lean marketing revolution",6,272876,49.55
"learn knows worth",6,272882,49.55
"learned new term",6,272888,49.55
"learned new things",6,272894,49.56
"learning bill gates",6,272900,49.56
"leave alone just",6,272906,49.56
"leave alone stop",6,272912,49.56
"leave love like",6,272918,49.56
"leave voice mail",6,272924,49.56
"leaves memory steal",6,272930,49.56
"left characters left",6,272936,49.56
"left field line",6,272942,49.56
"left home alone",6,272948,49.57
"left last year",6,272954,49.57
"left phone car",6,272960,49.57
"left wallet home",6,272966,49.57
"left wide open",6,272972,49.57
"legend donna summer",6,272978,49.57
"legislation license online",6,272984,49.57
"lesson day don",6,272990,49.57
"lesson given test",6,272996,49.57
"let change world",6,273002,49.58
"let chips fall",6,273008,49.58
"let go ahead",6,273014,49.58
"let go baby",6,273020,49.58
"let go bears",6,273026,49.58
"let go boston",6,273032,49.58
"let go broncos",6,273038,49.58
"let go cause",6,273044,49.58
"let go chicago",6,273050,49.58
"let go comes",6,273056,49.59
"let go crew",6,273062,49.59
"let go eat",6,273068,49.59
"let go find",6,273074,49.59
"let go fly",6,273080,49.59
"let go fun",6,273086,49.59
"let go give",6,273092,49.59
"let go great",6,273098,49.59
"let go lake",6,273104,49.59
"let go last",6,273110,49.59
"let go lets",6,273116,49.6
"let go marquette",6,273122,49.6
"let go ny",6,273128,49.6
"let go oh",6,273134,49.6
"let go old",6,273140,49.6
"let go orange",6,273146,49.6
"let go say",6,273152,49.6
"let go thank",6,273158,49.6
"let go today",6,273164,49.6
"let go usa",6,273170,49.61
"let go waiting",6,273176,49.61
"let go work",6,273182,49.61
"let grab beer",6,273188,49.61
"let haters get",6,273194,49.61
"let haters hate",6,273200,49.61
"let hope best",6,273206,49.61
"let hope better",6,273212,49.61
"let hope gets",6,273218,49.61
"let hope good",6,273224,49.62
"let know add",6,273230,49.62
"let know alive",6,273236,49.62
"let know bout",6,273242,49.62
"let know contact",6,273248,49.62
"let know dates",6,273254,49.62
"let know experience",6,273260,49.62
"let know feedback",6,273266,49.62
"let know furniture",6,273272,49.62
"let know getting",6,273278,49.63
"let know glad",6,273284,49.63
"let know gonna",6,273290,49.63
"let know headed",6,273296,49.63
"let know link",6,273302,49.63
"let know party",6,273308,49.63
"let know question",6,273314,49.63
"let know running",6,273320,49.63
"let know support",6,273326,49.63
"let know tonight",6,273332,49.64
"let know worth",6,273338,49.64
"let know www",6,273344,49.64
"let leave house",6,273350,49.64
"let life pass",6,273356,49.64
"let make better",6,273362,49.64
"let make feel",6,273368,49.64
"let make thing",6,273374,49.64
"let make week",6,273380,49.64
"let myself go",6,273386,49.65
"let noise opinions",6,273392,49.65
"let rain wash",6,273398,49.65
"let run away",6,273404,49.65
"let set date",6,273410,49.65
"let set time",6,273416,49.65
"let surprise results",6,273422,49.65
"let talk like",6,273428,49.65
"let tried give",6,273434,49.65
"lets get road",6,273440,49.65
"lets get soon",6,273446,49.66
"lets get started",6,273452,49.66
"letting know love",6,273458,49.66
"liberals mitt romney",6,273464,49.66
"liberty st morris",6,273470,49.66
"life broken bird",6,273476,49.66
"life day time",6,273482,49.66
"life easy just",6,273488,49.66
"life full surprises",6,273494,49.66
"life gets better",6,273500,49.67
"life gets hard",6,273506,49.67
"life go get",6,273512,49.67
"life good days",6,273518,49.67
"life hands make",6,273524,49.67
"life hoe night",6,273530,49.67
"life just begun",6,273536,49.67
"life lived life",6,273542,49.67
"life living life",6,273548,49.67
"life look past",6,273554,49.68
"life looking forward",6,273560,49.68
"life love arthur",6,273566,49.68
"life makes happy",6,273572,49.68
"life matter party",6,273578,49.68
"life need things",6,273584,49.68
"life people make",6,273590,49.68
"life percent happens",6,273596,49.68
"life pretty sure",6,273602,49.68
"life refuse accept",6,273608,49.69
"life short break",6,273614,49.69
"life short gotta",6,273620,49.69
"life short kiss",6,273626,49.69
"life short take",6,273632,49.69
"life simple just",6,273638,49.69
"light turns green",6,273644,49.69
"like anymore care",6,273650,49.69
"like band aid",6,273656,49.69
"like best player",6,273662,49.7
"like big small",6,273668,49.7
"like biggest fan",6,273674,49.7
"like cold weather",6,273680,49.7
"like crazy today",6,273686,49.7
"like day love",6,273692,49.7
"like day new",6,273698,49.7
"like degrees today",6,273704,49.7
"like did just",6,273710,49.7
"like did wrong",6,273716,49.71
"like did years",6,273722,49.71
"like doing good",6,273728,49.71
"like doing work",6,273734,49.71
"like don let",6,273740,49.71
"like eat carrots",6,273746,49.71
"like feet away",6,273752,49.71
"like french fries",6,273758,49.71
"like full house",6,273764,49.71
"like fun enjoy",6,273770,49.71
"like fun love",6,273776,49.72
"like george bush",6,273782,49.72
"like get free",6,273788,49.72
"like get own",6,273794,49.72
"like glass better",6,273800,49.72
"like going hug",6,273806,49.72
"like going long",6,273812,49.72
"like going walk",6,273818,49.72
"like gonna change",6,273824,49.72
"like good read",6,273830,49.73
"like got sense",6,273836,49.73
"like great project",6,273842,49.73
"like green eggs",6,273848,49.73
"like having blender",6,273854,49.73
"like hear story",6,273860,49.73
"like heaven earth",6,273866,49.73
"like hurt dance",6,273872,49.73
"like interview reign",6,273878,49.73
"like know know",6,273884,49.74
"like leave alone",6,273890,49.74
"like like stop",6,273896,49.74
"like love child",6,273902,49.74
"like make day",6,273908,49.74
"like make feel",6,273914,49.74
"like make happy",6,273920,49.74
"like make sense",6,273926,49.74
"like man act",6,273932,49.74
"like marilyn monroe",6,273938,49.75
"like middle school",6,273944,49.75
"like miss like",6,273950,49.75
"like need break",6,273956,49.75
"like need hug",6,273962,49.75
"like need just",6,273968,49.75
"like need watch",6,273974,49.75
"like new video",6,273980,49.75
"like new years",6,273986,49.75
"like old married",6,273992,49.76
"like ones pro",6,273998,49.76
"like people actually",6,274004,49.76
"like people think",6,274010,49.76
"like really don",6,274016,49.76
"like really know",6,274022,49.76
"like remember mind",6,274028,49.76
"like returning place",6,274034,49.76
"like rubber band",6,274040,49.76
"like running away",6,274046,49.76
"like say don",6,274052,49.77
"like say love",6,274058,49.77
"like say thanks",6,274064,49.77
"like second half",6,274070,49.77
"like sitting outside",6,274076,49.77
"like smells like",6,274082,49.77
"like starting week",6,274088,49.77
"like swiss cheese",6,274094,49.77
"like thank shaping",6,274100,49.77
"like time come",6,274106,49.78
"like time just",6,274112,49.78
"like time saw",6,274118,49.78
"like today gonna",6,274124,49.78
"like toxic waste",6,274130,49.78
"like waiting follow",6,274136,49.78
"like want get",6,274142,49.78
"like watching old",6,274148,49.78
"like watching play",6,274154,49.78
"like way get",6,274160,49.79
"like win free",6,274166,49.79
"like win win",6,274172,49.79
"like worst nightmare",6,274178,49.79
"likely dance life",6,274184,49.79
"likely helped nutrition",6,274190,49.79
"limitations live minds",6,274196,49.79
"linda apartment homes",6,274202,49.79
"line according height",6,274208,49.79
"line tan looking",6,274214,49.8
"link fellow congratulations",6,274220,49.8
"links coming soon",6,274226,49.8
"lips look like",6,274232,49.8
"list social media",6,274238,49.8
"listen people say",6,274244,49.8
"listen react think",6,274250,49.8
"listen winston churchill",6,274256,49.8
"listening fall asleep",6,274262,49.8
"listening good tunes",6,274268,49.81
"listening great music",6,274274,49.81
"listening love songs",6,274280,49.81
"listening music like",6,274286,49.81
"listening music watching",6,274292,49.81
"listening non stop",6,274298,49.81
"listening pandora station",6,274304,49.81
"listening social media",6,274310,49.81
"literary equivalent big",6,274316,49.81
"little big burger",6,274322,49.82
"little carried away",6,274328,49.82
"little extra time",6,274334,49.82
"little goes long",6,274340,49.82
"little helen keller",6,274346,49.82
"little italy location",6,274352,49.82
"little league baseball",6,274358,49.82
"little league world",6,274364,49.82
"little old school",6,274370,49.82
"little time anything",6,274376,49.82
"little time left",6,274382,49.83
"live action film",6,274388,49.83
"live android tune",6,274394,49.83
"live hip hop",6,274400,49.83
"live ladies free",6,274406,49.83
"live life got",6,274412,49.83
"live life just",6,274418,49.83
"live long life",6,274424,49.83
"live minds use",6,274430,49.83
"live music free",6,274436,49.84
"live music good",6,274442,49.84
"live music venue",6,274448,49.84
"live music venues",6,274454,49.84
"live nyc teddy",6,274460,49.84
"live pm est",6,274466,49.84
"live want live",6,274472,49.84
"live work right",6,274478,49.84
"lived new york",6,274484,49.84
"lived years ago",6,274490,49.85
"lives pineapple sea",6,274496,49.85
"living belief help",6,274502,49.85
"living room window",6,274508,49.85
"local law enforcement",6,274514,49.85
"local music scene",6,274520,49.85
"london china happy",6,274526,49.85
"long days work",6,274532,49.85
"long going take",6,274538,49.85
"long gonna take",6,274544,49.86
"long good day",6,274550,49.86
"long hot day",6,274556,49.86
"long sleeve shirts",6,274562,49.86
"long term plan",6,274568,49.86
"long term relationships",6,274574,49.86
"long way baby",6,274580,49.86
"look girl broken",6,274586,49.86
"look good dress",6,274592,49.86
"look good good",6,274598,49.87
"look great new",6,274604,49.87
"look like care",6,274610,49.87
"look like clown",6,274616,49.87
"look like dad",6,274622,49.87
"look like genius",6,274628,49.87
"look like go",6,274634,49.87
"look like good",6,274640,49.87
"look like guy",6,274646,49.87
"look like lot",6,274652,49.87
"look like mess",6,274658,49.88
"look like serial",6,274664,49.88
"look like type",6,274670,49.88
"look look like",6,274676,49.88
"look lot better",6,274682,49.88
"look past present",6,274688,49.88
"look right away",6,274694,49.88
"look thanks heads",6,274700,49.88
"looking forward both",6,274706,49.88
"looking forward chat",6,274712,49.89
"looking forward cheers",6,274718,49.89
"looking forward come",6,274724,49.89
"looking forward conversation",6,274730,49.89
"looking forward couple",6,274736,49.89
"looking forward digital",6,274742,49.89
"looking forward end",6,274748,49.89
"looking forward excited",6,274754,49.89
"looking forward exploring",6,274760,49.89
"looking forward gonna",6,274766,49.9
"looking forward holiday",6,274772,49.9
"looking forward interesting",6,274778,49.9
"looking forward interview",6,274784,49.9
"looking forward like",6,274790,49.9
"looking forward lots",6,274796,49.9
"looking forward milwaukee",6,274802,49.9
"looking forward moving",6,274808,49.9
"looking forward productive",6,274814,49.9
"looking forward quiet",6,274820,49.91
"looking forward recording",6,274826,49.91
"looking forward release",6,274832,49.91
"looking forward releasing",6,274838,49.91
"looking forward round",6,274844,49.91
"looking forward san",6,274850,49.91
"looking forward series",6,274856,49.91
"looking forward stay",6,274862,49.91
"looking forward store",6,274868,49.91
"looking forward sure",6,274874,49.92
"looking forward testing",6,274880,49.92
"looking forward things",6,274886,49.92
"looking forward video",6,274892,49.92
"looking forward walking",6,274898,49.92
"looking forward wine",6,274904,49.92
"looking good guys",6,274910,49.92
"looking good just",6,274916,49.92
"looking good man",6,274922,49.92
"looking hire business",6,274928,49.93
"looking history evolution",6,274934,49.93
"looking like fool",6,274940,49.93
"looking like great",6,274946,49.93
"looking like just",6,274952,49.93
"looking looking direction",6,274958,49.93
"looking new gig",6,274964,49.93
"looking rear view",6,274970,49.93
"looking summer job",6,274976,49.93
"looking summer social",6,274982,49.93
"looking way get",6,274988,49.94
"looks good don",6,274994,49.94
"looks good get",6,275000,49.94
"looks good like",6,275006,49.94
"looks good way",6,275012,49.94
"looks great looking",6,275018,49.94
"looks like beat",6,275024,49.94
"looks like blast",6,275030,49.94
"looks like busy",6,275036,49.94
"looks like couple",6,275042,49.95
"looks like extra",6,275048,49.95
"looks like fixed",6,275054,49.95
"looks like forgot",6,275060,49.95
"looks like girl",6,275066,49.95
"looks like gotta",6,275072,49.95
"looks like hard",6,275078,49.95
"looks like john",6,275084,49.95
"looks like nail",6,275090,49.95
"looks like put",6,275096,49.96
"looks like sleep",6,275102,49.96
"looks like starting",6,275108,49.96
"looks like summer",6,275114,49.96
"looks like sun",6,275120,49.96
"looks like super",6,275126,49.96
"looks like tomorrow",6,275132,49.96
"looks like tons",6,275138,49.96
"looks like toy",6,275144,49.96
"looks like video",6,275150,49.97
"looks like white",6,275156,49.97
"looks like winning",6,275162,49.97
"looks little like",6,275168,49.97
"los angeles come",6,275174,49.97
"los angeles san",6,275180,49.97
"lose lose situation",6,275186,49.97
"lose money rule",6,275192,49.97
"lost followers today",6,275198,49.97
"lost good friend",6,275204,49.98
"lost last year",6,275210,49.98
"lost lot weight",6,275216,49.98
"lot fun thanks",6,275222,49.98
"lot last year",6,275228,49.98
"lot people gonna",6,275234,49.98
"lot people really",6,275240,49.98
"lot people stand",6,275246,49.98
"lounge live updates",6,275252,49.98
"lounge old town",6,275258,49.99
"lounge tonight pm",6,275264,49.99
"love believe leaves",6,275270,49.99
"love boy love",6,275276,49.99
"love cause love",6,275282,49.99
"love christmas music",6,275288,49.99
"love cody simpson",6,275294,49.99
"love direction moms",6,275300,49.99
"love don feel",6,275306,49.99
"love don wanna",6,275312,49.99
"love enjoy day",6,275318,50
"love finding new",6,275324,50
"love follow mean",6,275330,50
"love get hands",6,275336,50
"love good love",6,275342,50
"love good news",6,275348,50
"love good things",6,275354,50
"love gotta love",6,275360,50
"love great love",6,275366,50
"love guys thank",6,275372,50.01
"love hash tag",6,275378,50.01
"love hate just",6,275384,50.01
"love haven seen",6,275390,50.01
"love hear ideas",6,275396,50.01
"love hear stories",6,275402,50.01
"love hear work",6,275408,50.01
"love held talked",6,275414,50.01
"love hope day",6,275420,50.01
"love hope enjoy",6,275426,50.02
"love hope soon",6,275432,50.02
"love hurts hurt",6,275438,50.02
"love just get",6,275444,50.02
"love just little",6,275450,50.02
"love lawn like",6,275456,50.02
"love like facebook",6,275462,50.02
"love like ghosts",6,275468,50.02
"love like keep",6,275474,50.02
"love like star",6,275480,50.03
"love like tree",6,275486,50.03
"love lion king",6,275492,50.03
"love mr wrong",6,275498,50.03
"love music best",6,275504,50.03
"love music follow",6,275510,50.03
"love music keep",6,275516,50.03
"love nail polish",6,275522,50.03
"love people come",6,275528,50.03
"love people take",6,275534,50.04
"love people text",6,275540,50.04
"love rap music",6,275546,50.04
"love ready lonely",6,275552,50.04
"love seeing face",6,275558,50.04
"love seeing new",6,275564,50.04
"love seeing old",6,275570,50.04
"love self justify",6,275576,50.04
"love sharing free",6,275582,50.04
"love sight walk",6,275588,50.04
"love somebody let",6,275594,50.05
"love song listen",6,275600,50.05
"love thanks coming",6,275606,50.05
"love thanks shout",6,275612,50.05
"love truly laugh",6,275618,50.05
"love twitter facebook",6,275624,50.05
"love ur amazing",6,275630,50.05
"love ur best",6,275636,50.05
"love ur songs",6,275642,50.05
"love videos follow",6,275648,50.06
"love white people",6,275654,50.06
"loved cheated done",6,275660,50.06
"loves everybody thinks",6,275666,50.06
"loves loves happy",6,275672,50.06
"low battery low",6,275678,50.06
"low income housing",6,275684,50.06
"low income people",6,275690,50.06
"low low low",6,275696,50.06
"low voter turnout",6,275702,50.07
"lower blood pressure",6,275708,50.07
"luck finals week",6,275714,50.07
"luck fingers crossed",6,275720,50.07
"lucky tough business",6,275726,50.07
"lunch today don",6,275732,50.07
"lunch today great",6,275738,50.07
"made bad choices",6,275744,50.07
"made big mistake",6,275750,50.07
"made comes own",6,275756,50.08
"made day just",6,275762,50.08
"made promises hopes",6,275768,50.08
"mail address send",6,275774,50.08
"mail com seven",6,275780,50.08
"mail let know",6,275786,50.08
"major motion picture",6,275792,50.08
"make career future",6,275798,50.08
"make career lifetime",6,275804,50.08
"make changes life",6,275810,50.09
"make day best",6,275816,50.09
"make day thanks",6,275822,50.09
"make difference day",6,275828,50.09
"make difference make",6,275834,50.09
"make don know",6,275840,50.09
"make fall asleep",6,275846,50.09
"make feel become",6,275852,50.09
"make feel small",6,275858,50.09
"make fun like",6,275864,50.1
"make fun want",6,275870,50.1
"make good decisions",6,275876,50.1
"make great couple",6,275882,50.1
"make great holiday",6,275888,50.1
"make happen great",6,275894,50.1
"make happen let",6,275900,50.1
"make happy button",6,275906,50.1
"make happy follow",6,275912,50.1
"make happy happy",6,275918,50.1
"make head hurt",6,275924,50.11
"make healthy happy",6,275930,50.11
"make house calls",6,275936,50.11
"make life followed",6,275942,50.11
"make life just",6,275948,50.11
"make look ugly",6,275954,50.11
"make money doing",6,275960,50.11
"make money let",6,275966,50.11
"make new music",6,275972,50.11
"make reservations today",6,275978,50.12
"make sense don",6,275984,50.12
"make smile clicking",6,275990,50.12
"make smile laugh",6,275996,50.12
"make sure actually",6,276002,50.12
"make sure clear",6,276008,50.12
"make sure day",6,276014,50.12
"make sure hear",6,276020,50.12
"make sure introduce",6,276026,50.12
"make sure love",6,276032,50.13
"make sure meet",6,276038,50.13
"make sure miss",6,276044,50.13
"make sure need",6,276050,50.13
"make sure okay",6,276056,50.13
"make sure person",6,276062,50.13
"make sure really",6,276068,50.13
"make sure registered",6,276074,50.13
"make sure support",6,276080,50.13
"make sure tag",6,276086,50.14
"make sure taken",6,276092,50.14
"make sure thank",6,276098,50.14
"make sure try",6,276104,50.14
"make sure understand",6,276110,50.14
"make sure want",6,276116,50.14
"make sure working",6,276122,50.14
"make sweetest facial",6,276128,50.14
"makes blood boil",6,276134,50.14
"makes clothes fall",6,276140,50.15
"makes dream work",6,276146,50.15
"makes feel beautiful",6,276152,50.15
"makes feel really",6,276158,50.15
"makes happy know",6,276164,50.15
"makes happy sad",6,276170,50.15
"makes hard plan",6,276176,50.15
"makes money wife",6,276182,50.15
"makes really sad",6,276188,50.15
"makes sense right",6,276194,50.15
"makes think miss",6,276200,50.16
"makes want drink",6,276206,50.16
"makes want give",6,276212,50.16
"makes want kick",6,276218,50.16
"makes want make",6,276224,50.16
"makes want read",6,276230,50.16
"makes want sleep",6,276236,50.16
"makes want take",6,276242,50.16
"makes want work",6,276248,50.16
"making bad decisions",6,276254,50.17
"making day better",6,276260,50.17
"making good money",6,276266,50.17
"making greatest contribution",6,276272,50.17
"making people feel",6,276278,50.17
"making valentine day",6,276284,50.17
"male health men",6,276290,50.17
"man clever answers",6,276296,50.17
"man just gave",6,276302,50.17
"man just get",6,276308,50.18
"man just trying",6,276314,50.18
"man knows likes",6,276320,50.18
"man let get",6,276326,50.18
"man look forward",6,276332,50.18
"man love love",6,276338,50.18
"man love song",6,276344,50.18
"man love watching",6,276350,50.18
"man oh yeah",6,276356,50.18
"man pretty good",6,276362,50.19
"man pretty sure",6,276368,50.19
"man profit mistakes",6,276374,50.19
"man remembers woman",6,276380,50.19
"man travels world",6,276386,50.19
"man vs man",6,276392,50.19
"manchester city vs",6,276398,50.19
"manchester united vs",6,276404,50.19
"march th come",6,276410,50.19
"market www com",6,276416,50.2
"marketing www com",6,276422,50.2
"married best friend",6,276428,50.2
"married couple talk",6,276434,50.2
"married years ago",6,276440,50.2
"mass ave cambridge",6,276446,50.2
"matter bad things",6,276452,50.2
"matter fact just",6,276458,50.2
"max payne game",6,276464,50.2
"maybe good idea",6,276470,50.21
"maybe just like",6,276476,50.21
"maybe just really",6,276482,50.21
"maybe just start",6,276488,50.21
"maybe just stay",6,276494,50.21
"maybe little bit",6,276500,50.21
"mayor art madrid",6,276506,50.21
"mayor jerry sanders",6,276512,50.21
"mcdonald burger king",6,276518,50.21
"mean bad way",6,276524,50.21
"mean good way",6,276530,50.22
"mean stop believing",6,276536,50.22
"mean stop breathing",6,276542,50.22
"means don know",6,276548,50.22
"means having courage",6,276554,50.22
"meant loved understood",6,276560,50.22
"meet thanks follow",6,276566,50.22
"meeting today thank",6,276572,50.22
"meeting yesterday thanks",6,276578,50.22
"members milwaukee chapter",6,276584,50.23
"memorial book doing",6,276590,50.23
"memorial day time",6,276596,50.23
"men don need",6,276602,50.23
"men just need",6,276608,50.23
"men likely helped",6,276614,50.23
"men prove ability",6,276620,50.23
"men say just",6,276626,50.23
"men women basketball",6,276632,50.23
"men women want",6,276638,50.24
"mention hope enjoying",6,276644,50.24
"merely determine start",6,276650,50.24
"met new people",6,276656,50.24
"met person going",6,276662,50.24
"michael jackson music",6,276668,50.24
"michael jackson tribute",6,276674,50.24
"michael jackson whitney",6,276680,50.24
"midnight paris stands",6,276686,50.24
"midnight premiere hunger",6,276692,50.25
"midwest fashion week",6,276698,50.25
"might change mind",6,276704,50.25
"might get meet",6,276710,50.25
"might get work",6,276716,50.25
"might give shot",6,276722,50.25
"might go ahead",6,276728,50.25
"might go tonight",6,276734,50.25
"might just keep",6,276740,50.25
"might just move",6,276746,50.26
"might just person",6,276752,50.26
"might just start",6,276758,50.26
"might let know",6,276764,50.26
"might little late",6,276770,50.26
"might shout dd",6,276776,50.26
"might sunshine sees",6,276782,50.26
"might worth try",6,276788,50.26
"mike mike morning",6,276794,50.26
"million followers congratulations",6,276800,50.27
"million vikings stadium",6,276806,50.27
"milwaukee brewers th",6,276812,50.27
"milwaukee bucks end",6,276818,50.27
"milwaukee man tommy",6,276824,50.27
"min left rd",6,276830,50.27
"mind day night",6,276836,50.27
"mind don know",6,276842,50.27
"mind william james",6,276848,50.27
"minds albert einstein",6,276854,50.27
"minds use possibilities",6,276860,50.28
"minor league team",6,276866,50.28
"minus hours till",6,276872,50.28
"minute style talk",6,276878,50.28
"minutes stay tuned",6,276884,50.28
"miracle albert einstein",6,276890,50.28
"mirror fix broken",6,276896,50.28
"miss boo boo",6,276902,50.28
"miss chance meet",6,276908,50.28
"miss don know",6,276914,50.29
"miss happy th",6,276920,50.29
"miss let know",6,276926,50.29
"miss middle school",6,276932,50.29
"miss need catch",6,276938,50.29
"miss new orleans",6,276944,50.29
"miss san diego",6,276950,50.29
"miss tomorrow night",6,276956,50.29
"mission street san",6,276962,50.29
"mistakes try different",6,276968,50.3
"mitt romney like",6,276974,50.3
"mitt romney really",6,276980,50.3
"mixer last night",6,276986,50.3
"modern day slavery",6,276992,50.3
"mom best friend",6,276998,50.3
"mom just sent",6,277004,50.3
"mom mother law",6,277010,50.3
"mom told follow",6,277016,50.3
"mom took away",6,277022,50.31
"moment awareness practice",6,277028,50.31
"moment love begins",6,277034,50.31
"moment sacrifice become",6,277040,50.31
"moment trapped corner",6,277046,50.31
"mon country fried",6,277052,50.31
"mon pm get",6,277058,50.31
"monday canceled go",6,277064,50.31
"monday did weekend",6,277070,50.31
"monday great week",6,277076,50.32
"monday great weekend",6,277082,50.32
"monday marketing tip",6,277088,50.32
"monday morning brain",6,277094,50.32
"monday morning hope",6,277100,50.32
"monday morning time",6,277106,50.32
"monday night come",6,277112,50.32
"monday night game",6,277118,50.32
"money act like",6,277124,50.32
"money haven earned",6,277130,50.32
"money pocket adam",6,277136,50.33
"money rule forget",6,277142,50.33
"month www com",6,277148,50.33
"months ago just",6,277154,50.33
"months ago love",6,277160,50.33
"months just say",6,277166,50.33
"morning bear bull",6,277172,50.33
"morning bright early",6,277178,50.33
"morning don want",6,277184,50.33
"morning hope doing",6,277190,50.34
"morning los angeles",6,277196,50.34
"morning make day",6,277202,50.34
"morning oh beautiful",6,277208,50.34
"morning rush hour",6,277214,50.34
"morning thank follow",6,277220,50.34
"morning think just",6,277226,50.34
"morning wide awake",6,277232,50.34
"motion city soundtrack",6,277238,50.34
"motion personal training",6,277244,50.35
"motivation get bed",6,277250,50.35
"motivation pinch creativity",6,277256,50.35
"mountain trust mortgage",6,277262,50.35
"mouth tastes like",6,277268,50.35
"move move move",6,277274,50.35
"move new apartment",6,277280,50.35
"movie did watch",6,277286,50.35
"movie get old",6,277292,50.35
"movie officially gives",6,277298,50.36
"movie star greg",6,277304,50.36
"moving modeling business",6,277310,50.36
"moving new apartment",6,277316,50.36
"moving new york",6,277322,50.36
"multi billion dollar",6,277328,50.36
"music amazing singers",6,277334,50.36
"music best lotus",6,277340,50.36
"music chris brown",6,277346,50.36
"music make sure",6,277352,50.37
"music scene usually",6,277358,50.37
"music slap hard",6,277364,50.37
"music sounds great",6,277370,50.37
"music sounds like",6,277376,50.37
"music video comes",6,277382,50.37
"music video made",6,277388,50.37
"music video premiere",6,277394,50.37
"music way artists",6,277400,50.37
"musician listen winter",6,277406,50.38
"musicians record music",6,277412,50.38
"musicians sure support",6,277418,50.38
"must become change",6,277424,50.38
"must feel great",6,277430,50.38
"must following friend",6,277436,50.38
"must just missed",6,277442,50.38
"must missed memo",6,277448,50.38
"must pay attention",6,277454,50.38
"must stay strong",6,277460,50.38
"must sunshine freedom",6,277466,50.39
"must taken greatest",6,277472,50.39
"must work hard",6,277478,50.39
"national chocolate cake",6,277484,50.39
"national christmas vacation",6,277490,50.39
"national honor society",6,277496,50.39
"national teachers day",6,277502,50.39
"nationwide insurance columbus",6,277508,50.39
"natural health magazine",6,277514,50.39
"nd section row",6,277520,50.4
"nd winning pick",6,277526,50.4
"near vegas money",6,277532,50.4
"necessarily reach perception",6,277538,50.4
"necessary worthwhile achievement",6,277544,50.4
"neck looks like",6,277550,50.4
"need beats genre",6,277556,50.4
"need become better",6,277562,50.4
"need come chicago",6,277568,50.4
"need come new",6,277574,50.41
"need complete picture",6,277580,50.41
"need don need",6,277586,50.41
"need feeling dreams",6,277592,50.41
"need followers try",6,277598,50.41
"need follows hey",6,277604,50.41
"need go check",6,277610,50.41
"need go don",6,277616,50.41
"need go eat",6,277622,50.41
"need go hospital",6,277628,50.42
"need go sit",6,277634,50.42
"need good luck",6,277640,50.42
"need good night",6,277646,50.42
"need happy hour",6,277652,50.42
"need hot new",6,277658,50.42
"need hours sleep",6,277664,50.42
"need know bit",6,277670,50.42
"need know get",6,277676,50.42
"need make day",6,277682,50.43
"need make time",6,277688,50.43
"need personal assistant",6,277694,50.43
"need ride home",6,277700,50.43
"need sleep goodnight",6,277706,50.43
"need sleep got",6,277712,50.43
"need sleep gotta",6,277718,50.43
"need sleep need",6,277724,50.43
"need somebody talk",6,277730,50.43
"need start drinking",6,277736,50.44
"need start planning",6,277742,50.44
"need start writing",6,277748,50.44
"need stop acting",6,277754,50.44
"need stop calling",6,277760,50.44
"need stop complaining",6,277766,50.44
"need stop getting",6,277772,50.44
"need stop people",6,277778,50.44
"need stop taking",6,277784,50.44
"need stop using",6,277790,50.44
"need sum followers",6,277796,50.45
"need summer job",6,277802,50.45
"need visit soon",6,277808,50.45
"needs followers follow",6,277814,50.45
"needs get home",6,277820,50.45
"needs get life",6,277826,50.45
"needs like button",6,277832,50.45
"needs returns home",6,277838,50.45
"negative ghost rider",6,277844,50.45
"neighbors let new",6,277850,50.46
"netflix instant play",6,277856,50.46
"network promo profile",6,277862,50.46
"new beginning treat",6,277868,50.46
"new book released",6,277874,50.46
"new book vanilla",6,277880,50.46
"new co owner",6,277886,50.46
"new day make",6,277892,50.46
"new designs coming",6,277898,50.46
"new favorite artist",6,277904,50.47
"new food items",6,277910,50.47
"new food truck",6,277916,50.47
"new free download",6,277922,50.47
"new friends like",6,277928,50.47
"new friends new",6,277934,50.47
"new friends thank",6,277940,50.47
"new furniture let",6,277946,50.47
"new jim crow",6,277952,50.47
"new job time",6,277958,50.48
"new looks great",6,277964,50.48
"new mexico guns",6,277970,50.48
"new music alert",6,277976,50.48
"new music listen",6,277982,50.48
"new music tonight",6,277988,50.48
"new music week",6,277994,50.48
"new orleans city",6,278000,50.48
"new orleans right",6,278006,50.48
"new orleans thanks",6,278012,50.49
"new orleans year",6,278018,50.49
"new phone lost",6,278024,50.49
"new phone tomorrow",6,278030,50.49
"new reality friend",6,278036,50.49
"new single boyfriend",6,278042,50.49
"new single ft",6,278048,50.49
"new single itunes",6,278054,50.49
"new songs tonight",6,278060,50.49
"new spider man",6,278066,50.49
"new stuff soon",6,278072,50.5
"new twitter like",6,278078,50.5
"new twitter old",6,278084,50.5
"new video check",6,278090,50.5
"new video weekend",6,278096,50.5
"new vikings stadium",6,278102,50.5
"new website just",6,278108,50.5
"new website launching",6,278114,50.5
"new website week",6,278120,50.5
"new wine tasting",6,278126,50.51
"new year austin",6,278132,50.51
"new year beautiful",6,278138,50.51
"new year coming",6,278144,50.51
"new year followers",6,278150,50.51
"new year keep",6,278156,50.51
"new year starting",6,278162,50.51
"new year today",6,278168,50.51
"new year welcome",6,278174,50.51
"new years friends",6,278180,50.52
"new years happy",6,278186,50.52
"newest followers thanks",6,278192,50.52
"news flash new",6,278198,50.52
"news jennifer griffin",6,278204,50.52
"nfl draft rumors",6,278210,50.52
"nfl pro bowl",6,278216,50.52
"nice day love",6,278222,50.52
"nice day tomorrow",6,278228,50.52
"nice don say",6,278234,50.53
"nice important important",6,278240,50.53
"nice meet coach",6,278246,50.53
"nice meet guys",6,278252,50.53
"nice meet happy",6,278258,50.53
"nice meet new",6,278264,50.53
"nice meet person",6,278270,50.53
"nice meeting hope",6,278276,50.53
"nice mothers day",6,278282,50.53
"nice say hi",6,278288,50.54
"nice work love",6,278294,50.54
"nice work really",6,278300,50.54
"nice work thanks",6,278306,50.54
"nick infinite playlist",6,278312,50.54
"niggas act like",6,278318,50.54
"night brighter day",6,278324,50.54
"night friday pm",6,278330,50.54
"night gonna get",6,278336,50.54
"night good stuff",6,278342,50.55
"night good thing",6,278348,50.55
"night gotta get",6,278354,50.55
"night gotta love",6,278360,50.55
"night great food",6,278366,50.55
"night great music",6,278372,50.55
"night just getting",6,278378,50.55
"night ladies free",6,278384,50.55
"night los angeles",6,278390,50.55
"night movie night",6,278396,50.55
"night pretty sure",6,278402,50.56
"night scholars inn",6,278408,50.56
"night sounds good",6,278414,50.56
"night tonight great",6,278420,50.56
"night trying get",6,278426,50.56
"noise opinions own",6,278432,50.56
"non food item",6,278438,50.56
"non friendly fake",6,278444,50.56
"nonsense nonsense respected",6,278450,50.56
"nonsense respected charles",6,278456,50.57
"normal hours tomorrow",6,278462,50.57
"north carolina voters",6,278468,50.57
"north mason dixon",6,278474,50.57
"north park festival",6,278480,50.57
"north star mall",6,278486,50.57
"norwegian cruise line",6,278492,50.57
"noticed wanna get",6,278498,50.57
"number people follow",6,278504,50.57
"number tickets available",6,278510,50.58
"nw email full",6,278516,50.58
"nw towns come",6,278522,50.58
"ny fashion week",6,278528,50.58
"nyc looks like",6,278534,50.58
"nyc teddy smith",6,278540,50.58
"obama health care",6,278546,50.58
"obama tells abc",6,278552,50.58
"obese good non",6,278558,50.58
"obtain peace mind",6,278564,50.59
"obviously don want",6,278570,50.59
"ocean city nj",6,278576,50.59
"odds forever favor",6,278582,50.59
"offer tell think",6,278588,50.59
"offer www com",6,278594,50.59
"officially done classes",6,278600,50.59
"officially done semester",6,278606,50.59
"officially years old",6,278612,50.59
"oh boy get",6,278618,50.6
"oh boy wait",6,278624,50.6
"oh goodness sorry",6,278630,50.6
"oh gosh don",6,278636,50.6
"oh gosh got",6,278642,50.6
"oh gosh wish",6,278648,50.6
"oh just going",6,278654,50.6
"oh just kidding",6,278660,50.6
"oh just wanted",6,278666,50.6
"oh know got",6,278672,50.6
"oh know mean",6,278678,50.61
"oh let get",6,278684,50.61
"oh man did",6,278690,50.61
"oh man feel",6,278696,50.61
"oh man forgot",6,278702,50.61
"oh man got",6,278708,50.61
"oh man know",6,278714,50.61
"oh offended opinion",6,278720,50.61
"oh oh know",6,278726,50.61
"oh poor thing",6,278732,50.62
"oh stop making",6,278738,50.62
"oh wait done",6,278744,50.62
"oh wait right",6,278750,50.62
"oh wow know",6,278756,50.62
"oh wow looks",6,278762,50.62
"oh wow thank",6,278768,50.62
"oh yes get",6,278774,50.62
"oh yes got",6,278780,50.62
"ohio high school",6,278786,50.63
"ok getting ready",6,278792,50.63
"ok gonna study",6,278798,50.63
"ok gonna try",6,278804,50.63
"okay don like",6,278810,50.63
"okay got tweets",6,278816,50.63
"okay make sure",6,278822,50.63
"okay maybe little",6,278828,50.63
"okay time go",6,278834,50.63
"oklahoma home repair",6,278840,50.64
"old baby months",6,278846,50.64
"old instagram worth",6,278852,50.64
"old jeep think",6,278858,50.64
"old spice guy",6,278864,50.64
"old white men",6,278870,50.64
"older somebody told",6,278876,50.64
"ones need theirs",6,278882,50.64
"ones pro athletes",6,278888,50.64
"online letter net",6,278894,50.65
"online stay tuned",6,278900,50.65
"online use code",6,278906,50.65
"open car door",6,278912,50.65
"open day today",6,278918,50.65
"open doors walls",6,278924,50.65
"open fist hollywood",6,278930,50.65
"open memorial day",6,278936,50.65
"open noon pm",6,278942,50.65
"open pm come",6,278948,50.66
"opening day baseball",6,278954,50.66
"opening day best",6,278960,50.66
"opening day get",6,278966,50.66
"opening day let",6,278972,50.66
"opening new store",6,278978,50.66
"opening party tonight",6,278984,50.66
"opinion life belongs",6,278990,50.66
"opportunity albert einstein",6,278996,50.66
"opt double opt",6,279002,50.66
"ordered new phone",6,279008,50.67
"orders use promo",6,279014,50.67
"original oliver holmes",6,279020,50.67
"oscar pick best",6,279026,50.67
"outside enjoy weather",6,279032,50.67
"outside united states",6,279038,50.67
"overcome samuel johnson",6,279044,50.67
"own eyes hear",6,279050,50.67
"own ice horse",6,279056,50.67
"own self true",6,279062,50.68
"owners poised creation",6,279068,50.68
"pacific beach ca",6,279074,50.68
"pack hip hop",6,279080,50.68
"page friends family",6,279086,50.68
"page plain dealer",6,279092,50.68
"pain goes away",6,279098,50.68
"palace th jan",6,279104,50.68
"parents make surprise",6,279110,50.68
"paris tonight parents",6,279116,50.69
"park august th",6,279122,50.69
"park lucky stall",6,279128,50.69
"parking lot pm",6,279134,50.69
"part gone exist",6,279140,50.69
"part great event",6,279146,50.69
"part job description",6,279152,50.69
"party come join",6,279158,50.69
"party don forget",6,279164,50.69
"party don want",6,279170,50.7
"party fake alcohol",6,279176,50.7
"party friday april",6,279182,50.7
"party get ready",6,279188,50.7
"party hard make",6,279194,50.7
"party let get",6,279200,50.7
"party living room",6,279206,50.7
"party night long",6,279212,50.7
"party tonight great",6,279218,50.7
"past days really",6,279224,50.71
"past lazy dog",6,279230,50.71
"patience passion reach",6,279236,50.71
"pay attention just",6,279242,50.71
"pay attention world",6,279248,50.71
"paying close attention",6,279254,50.71
"peace cup joe",6,279260,50.71
"peace neighbors let",6,279266,50.71
"peace stay vibe",6,279272,50.71
"peace whitney houston",6,279278,50.72
"peanut butter bacon",6,279284,50.72
"peanut butter ice",6,279290,50.72
"peanut butter like",6,279296,50.72
"people drive like",6,279302,50.72
"people follow give",6,279308,50.72
"people follow new",6,279314,50.72
"people get caught",6,279320,50.72
"people get chance",6,279326,50.72
"people get followers",6,279332,50.72
"people get free",6,279338,50.73
"people get hurt",6,279344,50.73
"people get lost",6,279350,50.73
"people get upset",6,279356,50.73
"people get work",6,279362,50.73
"people go home",6,279368,50.73
"people hard work",6,279374,50.73
"people help get",6,279380,50.73
"people hold memories",6,279386,50.73
"people hurt people",6,279392,50.74
"people just change",6,279398,50.74
"people just getting",6,279404,50.74
"people just mean",6,279410,50.74
"people just people",6,279416,50.74
"people just randomly",6,279422,50.74
"people just say",6,279428,50.74
"people just stop",6,279434,50.74
"people know good",6,279440,50.74
"people know really",6,279446,50.75
"people know talking",6,279452,50.75
"people last week",6,279458,50.75
"people let get",6,279464,50.75
"people let go",6,279470,50.75
"people let know",6,279476,50.75
"people like did",6,279482,50.75
"people like does",6,279488,50.75
"people like take",6,279494,50.75
"people like talk",6,279500,50.76
"people lose sight",6,279506,50.76
"people make excuses",6,279512,50.76
"people make world",6,279518,50.76
"people makes feel",6,279524,50.76
"people necessarily best",6,279530,50.76
"people new york",6,279536,50.76
"people really get",6,279542,50.76
"people really just",6,279548,50.76
"people run far",6,279554,50.77
"people seriously need",6,279560,50.77
"people smoke weed",6,279566,50.77
"people taking pictures",6,279572,50.77
"people talk bad",6,279578,50.77
"people think crazy",6,279584,50.77
"people think mean",6,279590,50.77
"people think okay",6,279596,50.77
"people think really",6,279602,50.77
"people want make",6,279608,50.77
"peoples laugh skin",6,279614,50.78
"pepper gravy corn",6,279620,50.78
"percent happens percent",6,279626,50.78
"perfect day doing",6,279632,50.78
"perfect day get",6,279638,50.78
"perfect just way",6,279644,50.78
"perfect perfect practice",6,279650,50.78
"perfect practice makes",6,279656,50.78
"perfect sunday morning",6,279662,50.78
"perfectly sam keen",6,279668,50.79
"performed strength samuel",6,279674,50.79
"perry replay replay",6,279680,50.79
"person don like",6,279686,50.79
"person going marry",6,279692,50.79
"person idol hope",6,279698,50.79
"person made feel",6,279704,50.79
"person make happy",6,279710,50.79
"person make smile",6,279716,50.79
"person person might",6,279722,50.8
"personal trainer train",6,279728,50.8
"personality becomes beautiful",6,279734,50.8
"personally don think",6,279740,50.8
"phillip vip moon",6,279746,50.8
"phone battery last",6,279752,50.8
"phone www com",6,279758,50.8
"photographer commercial wedding",6,279764,50.8
"physical capacity comes",6,279770,50.8
"pick copy today",6,279776,50.81
"pick nick perry",6,279782,50.81
"piece crib set",6,279788,50.81
"pilot last night",6,279794,50.81
"pioneer courthouse square",6,279800,50.81
"pizza ice cream",6,279806,50.81
"pizza password dine",6,279812,50.81
"place don know",6,279818,50.81
"place find ways",6,279824,50.81
"place good luck",6,279830,50.82
"place heart hands",6,279836,50.82
"place new york",6,279842,50.82
"place order today",6,279848,50.82
"place seem like",6,279854,50.82
"place tonight rd",6,279860,50.82
"places let know",6,279866,50.82
"plan plan fail",6,279872,50.82
"plan road trip",6,279878,50.82
"planned life waiting",6,279884,50.83
"play funky music",6,279890,50.83
"play game just",6,279896,50.83
"play game like",6,279902,50.83
"play great game",6,279908,50.83
"play modern warfare",6,279914,50.83
"play song like",6,279920,50.83
"player nice meet",6,279926,50.83
"playing acoustic guitar",6,279932,50.83
"playing blame game",6,279938,50.83
"playing flag football",6,279944,50.84
"playing mass effect",6,279950,50.84
"playoffs start today",6,279956,50.84
"playoffs start tonight",6,279962,50.84
"plays tonight pm",6,279968,50.84
"pleasure finally meet",6,279974,50.84
"pleasure great weekend",6,279980,50.84
"pm est live",6,279986,50.84
"pm est tweet",6,279992,50.84
"pm pm happy",6,279998,50.85
"pm pm st",6,280004,50.85
"pm santa monica",6,280010,50.85
"pm times square",6,280016,50.85
"point don think",6,280022,50.85
"point don want",6,280028,50.85
"point going school",6,280034,50.85
"points rebounds blocks",6,280040,50.85
"poised creation coming",6,280046,50.85
"poised creation heard",6,280052,50.86
"poised creation joe",6,280058,50.86
"poised creation music",6,280064,50.86
"poised creation seeks",6,280070,50.86
"poker finishing tweet",6,280076,50.86
"pole dancing class",6,280082,50.86
"political journalists news",6,280088,50.86
"poor baby hope",6,280094,50.86
"positive thinking let",6,280100,50.86
"possess tools required",6,280106,50.87
"post new video",6,280112,50.87
"post picture facebook",6,280118,50.87
"posting new song",6,280124,50.87
"posts android tablet",6,280130,50.87
"potatoes white pepper",6,280136,50.87
"power imagination makes",6,280142,50.87
"pr graphic design",6,280148,50.87
"prepare life begin",6,280154,50.87
"prepared fresh daily",6,280160,50.88
"present certain miss",6,280166,50.88
"present moment awareness",6,280172,50.88
"presentation looking forward",6,280178,50.88
"president obama marriage",6,280184,50.88
"president obama says",6,280190,50.88
"president obama speech",6,280196,50.88
"press wrong button",6,280202,50.88
"pretty cool dude",6,280208,50.88
"pretty cool huh",6,280214,50.88
"pretty cool just",6,280220,50.89
"pretty cool looking",6,280226,50.89
"pretty cool people",6,280232,50.89
"pretty interesting stuff",6,280238,50.89
"prevent teen pregnancy",6,280244,50.89
"privilege friendship talk",6,280250,50.89
"pro athletes use",6,280256,50.89
"probably don know",6,280262,50.89
"problems everybody does",6,280268,50.89
"produce come eat",6,280274,50.9
"produce leaders followers",6,280280,50.9
"production favorite vote",6,280286,50.9
"professional jones host",6,280292,50.9
"profile www com",6,280298,50.9
"profit mistakes try",6,280304,50.9
"program cycle special",6,280310,50.9
"project vote smart",6,280316,50.9
"project www com",6,280322,50.9
"promo profile works",6,280328,50.91
"promotion site site",6,280334,50.91
"proud keep good",6,280340,50.91
"prove ability small",6,280346,50.91
"prove haters wrong",6,280352,50.91
"prove people wrong",6,280358,50.91
"provide email address",6,280364,50.91
"pub trivia tonight",6,280370,50.91
"public health week",6,280376,50.91
"public parking lot",6,280382,50.92
"pull parking lot",6,280388,50.92
"pumpkin chocolate chip",6,280394,50.92
"purpose alive reason",6,280400,50.92
"put best foot",6,280406,50.92
"put big girl",6,280412,50.92
"put guest list",6,280418,50.92
"put peanut butter",6,280424,50.92
"put phone airplane",6,280430,50.92
"put yo face",6,280436,50.93
"puts bad mood",6,280442,50.93
"putting donation box",6,280448,50.93
"putting great event",6,280454,50.93
"quest myself constantly",6,280460,50.93
"question ask myself",6,280466,50.93
"question did get",6,280472,50.93
"questioning albert einstein",6,280478,50.93
"questions complicated answers",6,280484,50.93
"questions just let",6,280490,50.94
"quick www com",6,280496,50.94
"quickly tweet just",6,280502,50.94
"quiet rude society",6,280508,50.94
"quote day like",6,280514,50.94
"racing year round",6,280520,50.94
"rain good thing",6,280526,50.94
"rainbow little rain",6,280532,50.94
"rainy day today",6,280538,50.94
"raise blood pressure",6,280544,50.94
"random question favorite",6,280550,50.95
"rangers game tonight",6,280556,50.95
"rangers win game",6,280562,50.95
"raw dated woman",6,280568,50.95
"raw emotion ambitious",6,280574,50.95
"rd cup coffee",6,280580,50.95
"rd place finish",6,280586,50.95
"reach perception wealth",6,280592,50.95
"read book club",6,280598,50.95
"read book good",6,280604,50.96
"read book know",6,280610,50.96
"read great book",6,280616,50.96
"read highly recommend",6,280622,50.96
"read page st",6,280628,50.96
"read ur tweet",6,280634,50.96
"read ur tweets",6,280640,50.96
"reader appreciation week",6,280646,50.96
"reading blog posts",6,280652,50.96
"reading like eating",6,280658,50.97
"reading might shout",6,280664,50.97
"reading old messages",6,280670,50.97
"ready big things",6,280676,50.97
"ready get hair",6,280682,50.97
"ready get party",6,280688,50.97
"ready get started",6,280694,50.97
"ready hear new",6,280700,50.97
"ready sound check",6,280706,50.97
"real discovery consists",6,280712,50.98
"real estate company",6,280718,50.98
"real estate investor",6,280724,50.98
"real estate office",6,280730,50.98
"real good day",6,280736,50.98
"real life true",6,280742,50.98
"real loud turn",6,280748,50.98
"real talk tho",6,280754,50.98
"real time twitter",6,280760,50.98
"real time updates",6,280766,50.99
"real world experience",6,280772,50.99
"realize lacking world",6,280778,50.99
"really bad don",6,280784,50.99
"really bad mood",6,280790,50.99
"really bad things",6,280796,50.99
"really cool guy",6,280802,50.99
"really cool like",6,280808,50.99
"really cool new",6,280814,50.99
"really don believe",6,280820,51
"really don mind",6,280826,51
"really don remember",6,280832,51
"really enjoyed conversation",6,280838,51
"really enjoyed myself",6,280844,51
"really enjoyed presentation",6,280850,51
"really enjoyed talk",6,280856,51
"really excited tonight",6,280862,51
"really feeling like",6,280868,51
"really great experience",6,280874,51
"really great things",6,280880,51.01
"really hard make",6,280886,51.01
"really hard really",6,280892,51.01
"really hard right",6,280898,51.01
"really hard think",6,280904,51.01
"really hard watch",6,280910,51.01
"really hate hate",6,280916,51.01
"really hate having",6,280922,51.01
"really hope day",6,280928,51.01
"really hope good",6,280934,51.02
"really hope guys",6,280940,51.02
"really hope just",6,280946,51.02
"really hope sees",6,280952,51.02
"really just go",6,280958,51.02
"really just said",6,280964,51.02
"really just wanted",6,280970,51.02
"really know talking",6,280976,51.02
"really last time",6,280982,51.02
"really let know",6,280988,51.03
"really love don",6,280994,51.03
"really love get",6,281000,51.03
"really love job",6,281006,51.03
"really love know",6,281012,51.03
"really love new",6,281018,51.03
"really means hope",6,281024,51.03
"really nice love",6,281030,51.03
"really nice work",6,281036,51.03
"really really awesome",6,281042,51.04
"really really big",6,281048,51.04
"really really excited",6,281054,51.04
"really really fast",6,281060,51.04
"really really great",6,281066,51.04
"really smart people",6,281072,51.04
"really stop look",6,281078,51.04
"really think like",6,281084,51.04
"really think make",6,281090,51.04
"really wanna say",6,281096,51.05
"really wanna take",6,281102,51.05
"really wish going",6,281108,51.05
"really wish right",6,281114,51.05
"reason people don",6,281120,51.05
"received envy does",6,281126,51.05
"recipes quick easy",6,281132,51.05
"recognize mistake make",6,281138,51.05
"recording new music",6,281144,51.05
"recordings mp just",6,281150,51.05
"registration open today",6,281156,51.06
"rejected sport soccer",6,281162,51.06
"related gossip girl",6,281168,51.06
"relations social media",6,281174,51.06
"relationship status single",6,281180,51.06
"relationships afraid decisions",6,281186,51.06
"relax long day",6,281192,51.06
"release millions humans",6,281198,51.06
"remain tight bud",6,281204,51.06
"remember good things",6,281210,51.07
"remember material things",6,281216,51.07
"remember strength patience",6,281222,51.07
"remembers woman birthday",6,281228,51.07
"repair home auto",6,281234,51.07
"replay love supporting",6,281240,51.07
"report spam button",6,281246,51.07
"report spring training",6,281252,51.07
"reputation person earn",6,281258,51.07
"requests want bring",6,281264,51.08
"requires slow pace",6,281270,51.08
"research markets global",6,281276,51.08
"respected charles lamb",6,281282,51.08
"rest peace james",6,281288,51.08
"rest team great",6,281294,51.08
"restore beverly hills",6,281300,51.08
"result taking right",6,281306,51.08
"returning place find",6,281312,51.08
"reviews posts android",6,281318,51.09
"rides family just",6,281324,51.09
"right baby number",6,281330,51.09
"right criticized anyway",6,281336,51.09
"right getting ready",6,281342,51.09
"right handed people",6,281348,51.09
"right just get",6,281354,51.09
"right just kidding",6,281360,51.09
"right just wanted",6,281366,51.09
"right keep posted",6,281372,51.1
"right last time",6,281378,51.1
"right look forward",6,281384,51.1
"right made day",6,281390,51.1
"right right martin",6,281396,51.1
"right right time",6,281402,51.1
"right time come",6,281408,51.1
"right time go",6,281414,51.1
"right time say",6,281420,51.1
"right working new",6,281426,51.11
"rip donald duck",6,281432,51.11
"rise fall friend",6,281438,51.11
"rising gas prices",6,281444,51.11
"rising th san",6,281450,51.11
"risk remain tight",6,281456,51.11
"risk summary report",6,281462,51.11
"risk took blossom",6,281468,51.11
"roasted red peppers",6,281474,51.11
"rock hip hop",6,281480,51.11
"rock roll throw",6,281486,51.12
"rock stream wins",6,281492,51.12
"rock thomas jefferson",6,281498,51.12
"roll throw jail",6,281504,51.12
"romance tip week",6,281510,51.12
"ron paul looks",6,281516,51.12
"ron paul president",6,281522,51.12
"rookie mini camp",6,281528,51.12
"room vip table",6,281534,51.12
"room www com",6,281540,51.13
"roots answering email",6,281546,51.13
"round place seem",6,281552,51.13
"round red fox",6,281558,51.13
"royal albert hall",6,281564,51.13
"rule lose money",6,281570,51.13
"rules forgive quickly",6,281576,51.13
"run far away",6,281582,51.13
"run far wind",6,281588,51.13
"run outright exposure",6,281594,51.14
"run walk walk",6,281600,51.14
"running like crazy",6,281606,51.14
"running mind day",6,281612,51.14
"sad people don",6,281618,51.14
"safe fun trip",6,281624,51.14
"safe fun weekend",6,281630,51.14
"safe travels way",6,281636,51.14
"safer long run",6,281642,51.14
"said anybody anybody",6,281648,51.15
"said million times",6,281654,51.15
"said really liked",6,281660,51.15
"said wanted go",6,281666,51.15
"said yr old",6,281672,51.15
"salads prepared fresh",6,281678,51.15
"sale both stores",6,281684,51.15
"sale let know",6,281690,51.15
"samsung galaxy note",6,281696,51.15
"san antonio austin",6,281702,51.16
"san antonio get",6,281708,51.16
"san antonio st",6,281714,51.16
"san antonio thursday",6,281720,51.16
"san francisco weekend",6,281726,51.16
"sandwiches salads prepared",6,281732,51.16
"sat th pm",6,281738,51.16
"satisfy hunger won",6,281744,51.16
"saturday night fever",6,281750,51.16
"saturday night game",6,281756,51.17
"saturday night going",6,281762,51.17
"saturday night good",6,281768,51.17
"saturday night th",6,281774,51.17
"saturdays da chain",6,281780,51.17
"saturdays dancers drinks",6,281786,51.17
"save leave gone",6,281792,51.17
"saved best last",6,281798,51.17
"saw avengers last",6,281804,51.17
"saw earlier today",6,281810,51.17
"saw fell love",6,281816,51.18
"saw great movie",6,281822,51.18
"saw old friends",6,281828,51.18
"saw paranormal activity",6,281834,51.18
"saw year engagement",6,281840,51.18
"say anything don",6,281846,51.18
"say anything good",6,281852,51.18
"say anything mean",6,281858,51.18
"say anything want",6,281864,51.18
"say don go",6,281870,51.19
"say exact thing",6,281876,51.19
"say glass half",6,281882,51.19
"say hard work",6,281888,51.19
"say hello booth",6,281894,51.19
"say hello fellow",6,281900,51.19
"say hello swag",6,281906,51.19
"say just get",6,281912,51.19
"say just like",6,281918,51.19
"say just wanna",6,281924,51.2
"say like good",6,281930,51.2
"say live life",6,281936,51.2
"say love air",6,281942,51.2
"say love don",6,281948,51.2
"say love guys",6,281954,51.2
"say love know",6,281960,51.2
"say performing music",6,281966,51.2
"say poised creation",6,281972,51.2
"say times fast",6,281978,51.21
"say writer hand",6,281984,51.21
"say yeah yeah",6,281990,51.21
"saying boyfriend yesterday",6,281996,51.21
"saying really bad",6,282002,51.21
"saying right person",6,282008,51.21
"saying right things",6,282014,51.21
"says gives better",6,282020,51.21
"says really means",6,282026,51.21
"says social media",6,282032,51.22
"says yes gives",6,282038,51.22
"scared go outside",6,282044,51.22
"scared half twice",6,282050,51.22
"scene usually happening",6,282056,51.22
"school act like",6,282062,51.22
"school basketball team",6,282068,51.22
"school don think",6,282074,51.22
"school don wanna",6,282080,51.22
"school hate school",6,282086,51.22
"school last night",6,282092,51.23
"school last week",6,282098,51.23
"school life school",6,282104,51.23
"school marching band",6,282110,51.23
"school ready go",6,282116,51.23
"school tomorrow cause",6,282122,51.23
"school tomorrow don",6,282128,51.23
"schools skype mail",6,282134,51.23
"scored milwaukee brewers",6,282140,51.23
"screen actors guild",6,282146,51.24
"sd press club",6,282152,51.24
"sd public library",6,282158,51.24
"search needs returns",6,282164,51.24
"season good luck",6,282170,51.24
"season opener tonight",6,282176,51.24
"season right corner",6,282182,51.24
"seattle beer week",6,282188,51.24
"second best team",6,282194,51.24
"second best thing",6,282200,51.25
"seconds insane courage",6,282206,51.25
"section page plain",6,282212,51.25
"seeing great work",6,282218,51.25
"seeing looking forward",6,282224,51.25
"seeks vehicle helps",6,282230,51.25
"seem dream dream",6,282236,51.25
"seem like great",6,282242,51.25
"seem like like",6,282248,51.25
"seem like lot",6,282254,51.26
"seem like time",6,282260,51.26
"seem smarter think",6,282266,51.26
"seen last night",6,282272,51.26
"select bottles wine",6,282278,51.26
"selena idol life",6,282284,51.26
"self help book",6,282290,51.26
"self justify trouble",6,282296,51.26
"seminar preliminary program",6,282302,51.26
"send dot com",6,282308,51.27
"send link check",6,282314,51.27
"send mail address",6,282320,51.27
"send questions comments",6,282326,51.27
"sent email asking",6,282332,51.27
"sent email last",6,282338,51.27
"sept proceeds go",6,282344,51.27
"serious question just",6,282350,51.27
"service hip hop",6,282356,51.27
"service industry workers",6,282362,51.28
"service rent pay",6,282368,51.28
"services boston suburbs",6,282374,51.28
"set bar pretty",6,282380,51.28
"set dvr record",6,282386,51.28
"set goals high",6,282392,51.28
"set new record",6,282398,51.28
"set rain adele",6,282404,51.28
"setting new standard",6,282410,51.28
"seven nation army",6,282416,51.28
"shall able keep",6,282422,51.29
"shame north carolina",6,282428,51.29
"shape round shape",6,282434,51.29
"shaped made scratch",6,282440,51.29
"shaping music city",6,282446,51.29
"share social media",6,282452,51.29
"sharing emotional tool",6,282458,51.29
"sharing good news",6,282464,51.29
"shells salad garlic",6,282470,51.29
"shelter haiti report",6,282476,51.3
"shine crazy diamond",6,282482,51.3
"shipping sales use",6,282488,51.3
"shirt coming soon",6,282494,51.3
"shop diamonds pearls",6,282500,51.3
"shop live updates",6,282506,51.3
"shop values week",6,282512,51.3
"shopping last night",6,282518,51.3
"shore christopher columbus",6,282524,51.3
"short answer yes",6,282530,51.31
"short shelf life",6,282536,51.31
"shot clock violation",6,282542,51.31
"shot fall bridge",6,282548,51.31
"shout great day",6,282554,51.31
"shout happy friday",6,282560,51.31
"shower get dressed",6,282566,51.31
"shower go bed",6,282572,51.31
"showing boring pictures",6,282578,51.31
"shut finally stop",6,282584,51.32
"shut last night",6,282590,51.32
"sickness feeling get",6,282596,51.32
"sign executive order",6,282602,51.32
"sign free agent",6,282608,51.32
"sign street team",6,282614,51.32
"silence girl cry",6,282620,51.32
"silence ignorance acceptance",6,282626,51.32
"simple just easy",6,282632,51.32
"simple religion kindness",6,282638,51.33
"simply grand music",6,282644,51.33
"simply opportunity begin",6,282650,51.33
"sincerely bathroom floor",6,282656,51.33
"singing song head",6,282662,51.33
"single flower clearly",6,282668,51.33
"single valentine day",6,282674,51.33
"sir ken robinson",6,282680,51.33
"sir looking forward",6,282686,51.33
"sit listen winston",6,282692,51.33
"sit waste time",6,282698,51.34
"sites www com",6,282704,51.34
"skate puck going",6,282710,51.34
"skinny obese good",6,282716,51.34
"sleep better night",6,282722,51.34
"sleep don know",6,282728,51.34
"sleep eye open",6,282734,51.34
"sleep get hours",6,282740,51.34
"sleep go school",6,282746,51.34
"sleep go sleep",6,282752,51.35
"sleep gonna long",6,282758,51.35
"sleep looking forward",6,282764,51.35
"sleeping windows open",6,282770,51.35
"slowly afraid standing",6,282776,51.35
"slowly love truly",6,282782,51.35
"small degree hope",6,282788,51.35
"small mind share",6,282794,51.35
"smell like old",6,282800,51.35
"smile clicking follow",6,282806,51.36
"smile makes day",6,282812,51.36
"smile makes people",6,282818,51.36
"smile www com",6,282824,51.36
"soccer world cup",6,282830,51.36
"social media addiction",6,282836,51.36
"social media big",6,282842,51.36
"social media channels",6,282848,51.36
"social media connect",6,282854,51.36
"social media coordinator",6,282860,51.37
"social media crisis",6,282866,51.37
"social media followers",6,282872,51.37
"social media game",6,282878,51.37
"social media hall",6,282884,51.37
"social media listening",6,282890,51.37
"social media make",6,282896,51.37
"social media network",6,282902,51.37
"social media news",6,282908,51.37
"social media sports",6,282914,51.38
"social media start",6,282920,51.38
"social media tactics",6,282926,51.38
"social media talk",6,282932,51.38
"social media thank",6,282938,51.38
"social media twitter",6,282944,51.38
"social safety net",6,282950,51.38
"soft spot heart",6,282956,51.38
"somebody go get",6,282962,51.38
"somebody realize specific",6,282968,51.39
"somebody realized somebody",6,282974,51.39
"song austin sing",6,282980,51.39
"song don like",6,282986,51.39
"song don want",6,282992,51.39
"song haven heard",6,282998,51.39
"song make sure",6,283004,51.39
"song makes happy",6,283010,51.39
"song new album",6,283016,51.39
"song played radio",6,283022,51.39
"song want hear",6,283028,51.4
"songs get old",6,283034,51.4
"songs new album",6,283040,51.4
"soon don know",6,283046,51.4
"soon get car",6,283052,51.4
"soon get work",6,283058,51.4
"soon good night",6,283064,51.4
"soon keep updated",6,283070,51.4
"sophomore year college",6,283076,51.4
"sorry did wrong",6,283082,51.41
"sorry hear happened",6,283088,51.41
"sorry help myself",6,283094,51.41
"sorry just getting",6,283100,51.41
"sorry just really",6,283106,51.41
"sorry just want",6,283112,51.41
"sorry long wait",6,283118,51.41
"sorry missed yesterday",6,283124,51.41
"sorry radio silence",6,283130,51.41
"sound like just",6,283136,51.42
"sound like man",6,283142,51.42
"sound like say",6,283148,51.42
"sound own voice",6,283154,51.42
"sounds great keep",6,283160,51.42
"sounds like big",6,283166,51.42
"sounds like both",6,283172,51.42
"sounds like know",6,283178,51.42
"sounds like lots",6,283184,51.42
"sounds like love",6,283190,51.43
"sounds like lovely",6,283196,51.43
"sounds like people",6,283202,51.43
"sounds like problem",6,283208,51.43
"sounds like say",6,283214,51.43
"soup sugar free",6,283220,51.43
"soups day broccoli",6,283226,51.43
"soups sandwiches salads",6,283232,51.43
"source learning bill",6,283238,51.43
"speak carry big",6,283244,51.44
"speak forever hold",6,283250,51.44
"special mon country",6,283256,51.44
"special performance hall",6,283262,51.44
"special performance starts",6,283268,51.44
"special relationship word",6,283274,51.44
"special stay tuned",6,283280,51.44
"special tonight park",6,283286,51.44
"special www com",6,283292,51.44
"spend life running",6,283298,51.45
"spend mother day",6,283304,51.45
"spend time doing",6,283310,51.45
"spend time facebook",6,283316,51.45
"spend time watching",6,283322,51.45
"spending mothers day",6,283328,51.45
"spending time love",6,283334,51.45
"spent quality time",6,283340,51.45
"spirit film festival",6,283346,51.45
"sponsors celebrity tie",6,283352,51.45
"spot trending santa",6,283358,51.46
"spring feels like",6,283364,51.46
"spring like weather",6,283370,51.46
"spring nature way",6,283376,51.46
"spring stay tuned",6,283382,51.46
"st day get",6,283388,51.46
"st day parade",6,283394,51.46
"st los angeles",6,283400,51.46
"st louis just",6,283406,51.46
"st louis park",6,283412,51.47
"st louis st",6,283418,51.47
"st nw email",6,283424,51.47
"st th st",6,283430,51.47
"st time last",6,283436,51.47
"st vincent paul",6,283442,51.47
"stage tonight pm",6,283448,51.47
"stake apple worth",6,283454,51.47
"stand test time",6,283460,51.47
"star greg professional",6,283466,51.48
"star wars marathon",6,283472,51.48
"star wars movies",6,283478,51.48
"start giving away",6,283484,51.48
"start looking like",6,283490,51.48
"start school year",6,283496,51.48
"start spreading word",6,283502,51.48
"started answer mind",6,283508,51.48
"started days ago",6,283514,51.48
"started last week",6,283520,51.49
"started last year",6,283526,51.49
"starts pm cover",6,283532,51.49
"starts pm tickets",6,283538,51.49
"state state address",6,283544,51.49
"state www com",6,283550,51.49
"statewide tornado drill",6,283556,51.49
"stay home dad",6,283562,51.49
"stay home day",6,283568,51.49
"stay home get",6,283574,51.5
"stay home read",6,283580,51.5
"stay long time",6,283586,51.5
"stay safe dry",6,283592,51.5
"stay safe warm",6,283598,51.5
"stayed last night",6,283604,51.5
"steak served mashed",6,283610,51.5
"steel town soul",6,283616,51.5
"steep hills requires",6,283622,51.5
"steep learning curve",6,283628,51.5
"step ahead services",6,283634,51.51
"step comfort zone",6,283640,51.51
"step forward steps",6,283646,51.51
"step martin luther",6,283652,51.51
"step step step",6,283658,51.51
"steve jobs changed",6,283664,51.51
"steve jobs rest",6,283670,51.51
"steve jobs rip",6,283676,51.51
"steve jobs world",6,283682,51.51
"stone temple pilots",6,283688,51.52
"stop breathing just",6,283694,51.52
"stop don know",6,283700,51.52
"stop giving good",6,283706,51.52
"stop just stop",6,283712,51.52
"stop living past",6,283718,51.52
"stop reading tweets",6,283724,51.52
"stop signs guidelines",6,283730,51.52
"stop table say",6,283736,51.52
"stop take look",6,283742,51.53
"stop telling people",6,283748,51.53
"stop tomorrow receive",6,283754,51.53
"stop www com",6,283760,51.53
"story baby just",6,283766,51.53
"story coming soon",6,283772,51.53
"story wanna hear",6,283778,51.53
"strain day george",6,283784,51.53
"strange things happen",6,283790,51.53
"stranger things happened",6,283796,51.54
"strategies program begins",6,283802,51.54
"stream rock stream",6,283808,51.54
"stream wins strength",6,283814,51.54
"stream www com",6,283820,51.54
"streaming live www",6,283826,51.54
"street groove magazine",6,283832,51.54
"street version instrumental",6,283838,51.54
"strength patience passion",6,283844,51.54
"strength samuel johnson",6,283850,51.55
"stressed desserts spelled",6,283856,51.55
"stressed eat ice",6,283862,51.55
"strike em throw",6,283868,51.55
"strong bring strong",6,283874,51.55
"strong letting go",6,283880,51.55
"stronger seem smarter",6,283886,51.55
"strongest forget happiest",6,283892,51.55
"stuck head night",6,283898,51.55
"student alumni join",6,283904,51.56
"students don want",6,283910,51.56
"students get free",6,283916,51.56
"students social media",6,283922,51.56
"study acquire wisdom",6,283928,51.56
"stuffed french toast",6,283934,51.56
"subway eat fresh",6,283940,51.56
"success liking liking",6,283946,51.56
"success result taking",6,283952,51.56
"success thank came",6,283958,51.56
"success victory arrives",6,283964,51.57
"successful man makes",6,283970,51.57
"successful man profit",6,283976,51.57
"suffering bob marley",6,283982,51.57
"sufficient pigs fly",6,283988,51.57
"sugar snap peas",6,283994,51.57
"summer classes start",6,284000,51.57
"summer feels like",6,284006,51.57
"summer heights high",6,284012,51.57
"summer jam tickets",6,284018,51.58
"summer tour dates",6,284024,51.58
"summit las vegas",6,284030,51.58
"sun pm get",6,284036,51.58
"sunday brunch party",6,284042,51.58
"sunday december th",6,284048,51.58
"sunday great weekend",6,284054,51.58
"sunday www com",6,284060,51.58
"sunglasses last night",6,284066,51.58
"sunset island music",6,284072,51.59
"sunshine sees day",6,284078,51.59
"super easy use",6,284084,51.59
"super excited super",6,284090,51.59
"super long day",6,284096,51.59
"super productive day",6,284102,51.59
"superman flew grabbed",6,284108,51.59
"supper club mission",6,284114,51.59
"support good cause",6,284120,51.59
"support guys rock",6,284126,51.6
"supporting time get",6,284132,51.6
"supports marriage equality",6,284138,51.6
"supports poised creation",6,284144,51.6
"supposed make career",6,284150,51.6
"sure bring lots",6,284156,51.6
"sure check great",6,284162,51.6
"sure check week",6,284168,51.6
"sure doing great",6,284174,51.6
"sure follow check",6,284180,51.61
"sure follow follow",6,284186,51.61
"sure get right",6,284192,51.61
"sure get time",6,284198,51.61
"sure gonna miss",6,284204,51.61
"sure just heard",6,284210,51.61
"sure last night",6,284216,51.61
"sure last time",6,284222,51.61
"sure look like",6,284228,51.61
"sure people think",6,284234,51.62
"sure send email",6,284240,51.62
"sure sounds good",6,284246,51.62
"sure thing boat",6,284252,51.62
"sure won last",6,284258,51.62
"surprise test day",6,284264,51.62
"susan race cure",6,284270,51.62
"sw sc wi",6,284276,51.62
"sweet like sugar",6,284282,51.62
"sweet nice cool",6,284288,51.62
"sweetest facial expression",6,284294,51.63
"swing deli zone",6,284300,51.63
"taco bell drive",6,284306,51.63
"taco bell just",6,284312,51.63
"taco tuesday tonight",6,284318,51.63
"tacos taco bell",6,284324,51.63
"take advantage special",6,284330,51.63
"take anything personally",6,284336,51.63
"take bubble bath",6,284342,51.63
"take control health",6,284348,51.64
"take credit cards",6,284354,51.64
"take game tonight",6,284360,51.64
"take give take",6,284366,51.64
"take heart overcome",6,284372,51.64
"take little time",6,284378,51.64
"take mind things",6,284384,51.64
"take minutes get",6,284390,51.64
"take photo upload",6,284396,51.64
"take relationships afraid",6,284402,51.65
"take ride big",6,284408,51.65
"take stage tonight",6,284414,51.65
"take time check",6,284420,51.65
"take time go",6,284426,51.65
"take time make",6,284432,51.65
"take time need",6,284438,51.65
"take time really",6,284444,51.65
"take time relax",6,284450,51.65
"take time watch",6,284456,51.66
"take twitter break",6,284462,51.66
"take year old",6,284468,51.66
"taken greatest life",6,284474,51.66
"takes deep breath",6,284480,51.66
"takes lot time",6,284486,51.66
"taking day time",6,284492,51.66
"taking forever get",6,284498,51.66
"taking ugly making",6,284504,51.66
"talk get hit",6,284510,51.67
"talk listen react",6,284516,51.67
"talk new people",6,284522,51.67
"talk really like",6,284528,51.67
"talk say face",6,284534,51.67
"talked like forever",6,284540,51.67
"talked press wrong",6,284546,51.67
"talking new people",6,284552,51.67
"tampa st pete",6,284558,51.67
"tapes photos make",6,284564,51.67
"target gift card",6,284570,51.68
"task force meeting",6,284576,51.68
"taste truth cost",6,284582,51.68
"taught year old",6,284588,51.68
"tavern tech center",6,284594,51.68
"tax filing deadline",6,284600,51.68
"taylor gorgeous beautiful",6,284606,51.68
"taylor swift concert",6,284612,51.68
"teacher day thank",6,284618,51.68
"teachers past present",6,284624,51.69
"teaching walk talk",6,284630,51.69
"team getting ready",6,284636,51.69
"team great job",6,284642,51.69
"team meeting tonight",6,284648,51.69
"tear hard rock",6,284654,51.69
"teen night san",6,284660,51.69
"tell did wrong",6,284666,51.69
"tell doing wrong",6,284672,51.69
"tell friends add",6,284678,51.7
"tell friends thanks",6,284684,51.7
"tell happy mother",6,284690,51.7
"tell lot person",6,284696,51.7
"tell love love",6,284702,51.7
"tell love mean",6,284708,51.7
"tell man clever",6,284714,51.7
"tell man wise",6,284720,51.7
"tell need go",6,284726,51.7
"tell people know",6,284732,51.71
"tell tweet does",6,284738,51.71
"tell twitter friends",6,284744,51.71
"telling sit shut",6,284750,51.71
"temporary change direction",6,284756,51.71
"temptation thursday dj",6,284762,51.71
"teresa farmers market",6,284768,51.71
"term long term",6,284774,51.71
"terminal made bucket",6,284780,51.71
"terrible customer service",6,284786,51.72
"text don want",6,284792,51.72
"text got new",6,284798,51.72
"text right away",6,284804,51.72
"text tweet new",6,284810,51.72
"texting people feel",6,284816,51.72
"th anniversary edition",6,284822,51.72
"th anniversary gala",6,284828,51.72
"th anniversary happy",6,284834,51.72
"th anniversary today",6,284840,51.73
"th anniversary tonight",6,284846,51.73
"th annual meeting",6,284852,51.73
"th annual mile",6,284858,51.73
"th annual miss",6,284864,51.73
"th best player",6,284870,51.73
"th birthday beautiful",6,284876,51.73
"th digital short",6,284882,51.73
"th forest home",6,284888,51.73
"th good luck",6,284894,51.73
"th grade history",6,284900,51.74
"th grade son",6,284906,51.74
"th happy birthday",6,284912,51.74
"th happy hour",6,284918,51.74
"th july enjoy",6,284924,51.74
"th july parade",6,284930,51.74
"th just got",6,284936,51.74
"th man year",6,284942,51.74
"th new york",6,284948,51.74
"th pm join",6,284954,51.75
"th th pm",6,284960,51.75
"th tweet go",6,284966,51.75
"thank blessing day",6,284972,51.75
"thank bringing attention",6,284978,51.75
"thank fans came",6,284984,51.75
"thank feel free",6,284990,51.75
"thank follow check",6,284996,51.75
"thank follow like",6,285002,51.75
"thank following add",6,285008,51.76
"thank following doing",6,285014,51.76
"thank following means",6,285020,51.76
"thank following new",6,285026,51.76
"thank following welcome",6,285032,51.76
"thank goodness just",6,285038,51.76
"thank great article",6,285044,51.76
"thank great info",6,285050,51.76
"thank hope weekend",6,285056,51.76
"thank need get",6,285062,51.77
"thank nice say",6,285068,51.77
"thank pretty excited",6,285074,51.77
"thank putting donation",6,285080,51.77
"thank shaping music",6,285086,51.77
"thank sharing blog",6,285092,51.77
"thank support great",6,285098,51.77
"thanks appreciate feedback",6,285104,51.77
"thanks appreciate follow",6,285110,51.77
"thanks awesome time",6,285116,51.78
"thanks bud appreciate",6,285122,51.78
"thanks came party",6,285128,51.78
"thanks checking blog",6,285134,51.78
"thanks checking glad",6,285140,51.78
"thanks checking let",6,285146,51.78
"thanks checking music",6,285152,51.78
"thanks follow bless",6,285158,51.78
"thanks follow blog",6,285164,51.78
"thanks follow brother",6,285170,51.78
"thanks follow btw",6,285176,51.79
"thanks follow buddy",6,285182,51.79
"thanks follow enjoying",6,285188,51.79
"thanks follow feel",6,285194,51.79
"thanks follow greg",6,285200,51.79
"thanks follow heard",6,285206,51.79
"thanks follow laura",6,285212,51.79
"thanks follow market",6,285218,51.79
"thanks follow nick",6,285224,51.79
"thanks follow shirt",6,285230,51.8
"thanks follow sir",6,285236,51.8
"thanks follow soon",6,285242,51.8
"thanks follow sorry",6,285248,51.8
"thanks follow steve",6,285254,51.8
"thanks follow tweet",6,285260,51.8
"thanks follow way",6,285266,51.8
"thanks follow yes",6,285272,51.8
"thanks following bless",6,285278,51.8
"thanks following cheers",6,285284,51.81
"thanks following everybody",6,285290,51.81
"thanks following get",6,285296,51.81
"thanks following hello",6,285302,51.81
"thanks following support",6,285308,51.81
"thanks following talk",6,285314,51.81
"thanks following try",6,285320,51.81
"thanks following want",6,285326,51.81
"thanks following wonderful",6,285332,51.81
"thanks following work",6,285338,51.82
"thanks girl hope",6,285344,51.82
"thanks glad find",6,285350,51.82
"thanks good stuff",6,285356,51.82
"thanks guys good",6,285362,51.82
"thanks happy sunday",6,285368,51.82
"thanks help last",6,285374,51.82
"thanks hope awesome",6,285380,51.82
"thanks hope come",6,285386,51.82
"thanks hope fun",6,285392,51.83
"thanks hope got",6,285398,51.83
"thanks hope weekend",6,285404,51.83
"thanks just emailed",6,285410,51.83
"thanks just found",6,285416,51.83
"thanks just posted",6,285422,51.83
"thanks just read",6,285428,51.83
"thanks lot glad",6,285434,51.83
"thanks lovely evening",6,285440,51.83
"thanks making difference",6,285446,51.84
"thanks making part",6,285452,51.84
"thanks making trip",6,285458,51.84
"thanks man sure",6,285464,51.84
"thanks man working",6,285470,51.84
"thanks man yeah",6,285476,51.84
"thanks mom dad",6,285482,51.84
"thanks people like",6,285488,51.84
"thanks pretty good",6,285494,51.84
"thanks really looking",6,285500,51.84
"thanks share friends",6,285506,51.85
"thanks sounds good",6,285512,51.85
"thanks tweet let",6,285518,51.85
"thanks using happy",6,285524,51.85
"thanks vote tell",6,285530,51.85
"thanks years ago",6,285536,51.85
"theirs real time",6,285542,51.85
"thing boat gets",6,285548,51.85
"thing good luck",6,285554,51.85
"thing got going",6,285560,51.86
"thing let know",6,285566,51.86
"thing worse having",6,285572,51.86
"things actually change",6,285578,51.86
"things don forget",6,285584,51.86
"things don like",6,285590,51.86
"things get crazy",6,285596,51.86
"things going better",6,285602,51.86
"things happen great",6,285608,51.86
"things happen wait",6,285614,51.87
"things happen wonder",6,285620,51.87
"things happened today",6,285626,51.87
"things learned far",6,285632,51.87
"things life like",6,285638,51.87
"things like happen",6,285644,51.87
"things little time",6,285650,51.87
"things michael jordan",6,285656,51.87
"things must dream",6,285662,51.87
"things must pass",6,285668,51.88
"things passed away",6,285674,51.88
"things realize lacking",6,285680,51.88
"things tell let",6,285686,51.88
"think answer yes",6,285692,51.88
"think better everybody",6,285698,51.88
"think fair say",6,285704,51.88
"think go ahead",6,285710,51.88
"think go school",6,285716,51.88
"think going bed",6,285722,51.89
"think going crazy",6,285728,51.89
"think going keep",6,285734,51.89
"think gone get",6,285740,51.89
"think gonna like",6,285746,51.89
"think gonna work",6,285752,51.89
"think good bad",6,285758,51.89
"think good just",6,285764,51.89
"think good thoughts",6,285770,51.89
"think got great",6,285776,51.9
"think got wrong",6,285782,51.9
"think hot just",6,285788,51.9
"think ill just",6,285794,51.9
"think important thing",6,285800,51.9
"think know know",6,285806,51.9
"think know people",6,285812,51.9
"think know time",6,285818,51.9
"think like best",6,285824,51.9
"think like lot",6,285830,51.9
"think like men",6,285836,51.91
"think like new",6,285842,51.91
"think like people",6,285848,51.91
"think little bit",6,285854,51.91
"think long term",6,285860,51.91
"think make better",6,285866,51.91
"think make love",6,285872,51.91
"think make video",6,285878,51.91
"think meant say",6,285884,51.91
"think might good",6,285890,51.92
"think might hit",6,285896,51.92
"think might want",6,285902,51.92
"think might work",6,285908,51.92
"think mitt romney",6,285914,51.92
"think nap time",6,285920,51.92
"think need break",6,285926,51.92
"think need just",6,285932,51.92
"think old jeep",6,285938,51.92
"think people like",6,285944,51.93
"think people really",6,285950,51.93
"think real question",6,285956,51.93
"think small make",6,285962,51.93
"think stars sky",6,285968,51.93
"think stay home",6,285974,51.93
"think time look",6,285980,51.93
"think time month",6,285986,51.93
"think try get",6,285992,51.93
"think wait till",6,285998,51.94
"think wanna marry",6,286004,51.94
"thinking don alice",6,286010,51.94
"thinking don know",6,286016,51.94
"thinking making new",6,286022,51.94
"thinking making trip",6,286028,51.94
"thinking might need",6,286034,51.94
"thinking need get",6,286040,51.94
"thinking new things",6,286046,51.94
"thinks completely amazing",6,286052,51.95
"thomas wish happy",6,286058,51.95
"thought hunger games",6,286064,51.95
"thought looked familiar",6,286070,51.95
"thoughts go higher",6,286076,51.95
"thoughts running head",6,286082,51.95
"thousand miles just",6,286088,51.95
"throw jail kurt",6,286094,51.95
"throw party fake",6,286100,51.95
"thursday august th",6,286106,51.95
"thursday march st",6,286112,51.96
"thursday night trend",6,286118,51.96
"tickets house blues",6,286124,51.96
"tickets left tonight",6,286130,51.96
"tickets online use",6,286136,51.96
"tickets playoff game",6,286142,51.96
"tight bud painful",6,286148,51.96
"till boyfriend wait",6,286154,51.96
"tim burton film",6,286160,51.96
"time don miss",6,286166,51.97
"time fall asleep",6,286172,51.97
"time gets old",6,286178,51.97
"time having fun",6,286184,51.97
"time just need",6,286190,51.97
"time just say",6,286196,51.97
"time last minute",6,286202,51.97
"time leave work",6,286208,51.97
"time make way",6,286214,51.97
"time maybe time",6,286220,51.98
"time merry christmas",6,286226,51.98
"time oh yeah",6,286232,51.98
"time old friends",6,286238,51.98
"time playing last",6,286244,51.98
"time san antonio",6,286250,51.98
"time set aside",6,286256,51.98
"time step away",6,286262,51.98
"time wish luck",6,286268,51.98
"time works time",6,286274,51.99
"time year get",6,286280,51.99
"time year go",6,286286,51.99
"times bad times",6,286292,51.99
"times co million",6,286298,51.99
"times good people",6,286304,51.99
"times last tough",6,286310,51.99
"tip day take",6,286316,51.99
"tip wealth wealth",6,286322,51.99
"tired goodnight twitter",6,286328,52
"tired just wanna",6,286334,52
"tired tired tired",6,286340,52
"tires light fires",6,286346,52
"toast let toast",6,286352,52
"today appreciate support",6,286358,52
"today beverly specials",6,286364,52
"today buy instant",6,286370,52
"today come celebrate",6,286376,52
"today come enjoy",6,286382,52.01
"today come hang",6,286388,52.01
"today come meet",6,286394,52.01
"today crazy michael",6,286400,52.01
"today day school",6,286406,52.01
"today day tomorrow",6,286412,52.01
"today don like",6,286418,52.01
"today don understand",6,286424,52.01
"today franklin roosevelt",6,286430,52.01
"today get work",6,286436,52.01
"today get worse",6,286442,52.02
"today going fast",6,286448,52.02
"today going go",6,286454,52.02
"today gone good",6,286460,52.02
"today good friend",6,286466,52.02
"today good friends",6,286472,52.02
"today good job",6,286478,52.02
"today got lot",6,286484,52.02
"today great meet",6,286490,52.02
"today great people",6,286496,52.03
"today happy mother",6,286502,52.03
"today help get",6,286508,52.03
"today hope fun",6,286514,52.03
"today hope guys",6,286520,52.03
"today just know",6,286526,52.03
"today kinda like",6,286532,52.03
"today last friday",6,286538,52.03
"today lets make",6,286544,52.03
"today live music",6,286550,52.04
"today long time",6,286556,52.04
"today mothers day",6,286562,52.04
"today pm buy",6,286568,52.04
"today pm question",6,286574,52.04
"today pm vs",6,286580,52.04
"today pricing tip",6,286586,52.04
"today ready go",6,286592,52.04
"today receive free",6,286598,52.04
"today sorry missed",6,286604,52.05
"today st day",6,286610,52.05
"today tomorrow get",6,286616,52.05
"today use promo",6,286622,52.05
"today vinyl buys",6,286628,52.05
"today way go",6,286634,52.05
"today weird day",6,286640,52.05
"today years old",6,286646,52.05
"told best friend",6,286652,52.05
"told don like",6,286658,52.06
"told fall love",6,286664,52.06
"told go sleep",6,286670,52.06
"told la la",6,286676,52.06
"told losing handle",6,286682,52.06
"told love lately",6,286688,52.06
"told million times",6,286694,52.06
"told years ago",6,286700,52.06
"tommy last seen",6,286706,52.06
"tomorrow gotta go",6,286712,52.06
"tomorrow let get",6,286718,52.07
"tomorrow maybe just",6,286724,52.07
"tomorrow morning come",6,286730,52.07
"tomorrow morning early",6,286736,52.07
"tomorrow morning wait",6,286742,52.07
"tomorrow pm bring",6,286748,52.07
"tomorrow spread word",6,286754,52.07
"tomorrow th birthday",6,286760,52.07
"tomorrow tomorrow night",6,286766,52.07
"tonight come pm",6,286772,52.08
"tonight feel free",6,286778,52.08
"tonight lots fun",6,286784,52.08
"tonight senior night",6,286790,52.08
"tonight spread word",6,286796,52.08
"tonight temptation thursday",6,286802,52.08
"tonight th street",6,286808,52.08
"tonight varsity bar",6,286814,52.08
"tonight webster hall",6,286820,52.08
"tony parker points",6,286826,52.09
"took arrow knee",6,286832,52.09
"took forever find",6,286838,52.09
"took years ago",6,286844,52.09
"totally agree just",6,286850,52.09
"totally blown away",6,286856,52.09
"tough business work",6,286862,52.09
"traffic trouble alert",6,286868,52.09
"trainer train elite",6,286874,52.09
"training session today",6,286880,52.1
"travels world search",6,286886,52.1
"treat way stay",6,286892,52.1
"tree www com",6,286898,52.1
"trending santa monica",6,286904,52.1
"trending topics twitter",6,286910,52.1
"tried give confidence",6,286916,52.1
"trivia chance win",6,286922,52.1
"trivia night tonight",6,286928,52.1
"trucks live music",6,286934,52.11
"true colors come",6,286940,52.11
"true don like",6,286946,52.11
"true don want",6,286952,52.11
"true love lasts",6,286958,52.11
"true love love",6,286964,52.11
"true today follow",6,286970,52.11
"truly laugh regret",6,286976,52.11
"trust know think",6,286982,52.11
"trust like mirror",6,286988,52.12
"trust people don",6,286994,52.12
"try make things",6,287000,52.12
"try sleep goodnight",6,287006,52.12
"trying convince mom",6,287012,52.12
"trying figure thing",6,287018,52.12
"trying figure work",6,287024,52.12
"trying find perfect",6,287030,52.12
"trying find right",6,287036,52.12
"trying give away",6,287042,52.12
"trying make life",6,287048,52.13
"trying make way",6,287054,52.13
"trying send message",6,287060,52.13
"trying stay away",6,287066,52.13
"tucson citizen tucson",6,287072,52.13
"tune plastic surgery",6,287078,52.13
"tuned new music",6,287084,52.13
"turn humans loose",6,287090,52.13
"turn news hear",6,287096,52.13
"turner hall ballroom",6,287102,52.14
"turner hall tonight",6,287108,52.14
"tweet happy friday",6,287114,52.14
"tweet made laugh",6,287120,52.14
"tweet made smile",6,287126,52.14
"tweet makes sense",6,287132,52.14
"tweet need anything",6,287138,52.14
"tweet number rate",6,287144,52.14
"tweet oh cute",6,287150,52.14
"tweet questions comments",6,287156,52.15
"tweet tweet love",6,287162,52.15
"tweets get sent",6,287168,52.15
"tweets marketing clients",6,287174,52.15
"tweets status updates",6,287180,52.15
"twitter account don",6,287186,52.15
"twitter account like",6,287192,52.15
"twitter account said",6,287198,52.15
"twitter background just",6,287204,52.15
"twitter best way",6,287210,52.16
"twitter device showing",6,287216,52.16
"twitter facebook like",6,287222,52.16
"twitter feed just",6,287228,52.16
"twitter follow love",6,287234,52.16
"twitter just know",6,287240,52.16
"twitter just say",6,287246,52.16
"twitter just suggested",6,287252,52.16
"twitter needs like",6,287258,52.16
"twitter party tonight",6,287264,52.17
"twitter past days",6,287270,52.17
"twitter says following",6,287276,52.17
"twitter says similar",6,287282,52.17
"twitter seems like",6,287288,52.17
"twitter suggesting follow",6,287294,52.17
"ugh school tomorrow",6,287300,52.17
"ugly making beautiful",6,287306,52.17
"uh oh did",6,287312,52.17
"uh oh getting",6,287318,52.18
"uh oh go",6,287324,52.18
"uh oh happened",6,287330,52.18
"uh oh hope",6,287336,52.18
"uh oh think",6,287342,52.18
"uh oh twitter",6,287348,52.18
"ultimate goal life",6,287354,52.18
"ultra music festival",6,287360,52.18
"um did just",6,287366,52.18
"understand don understand",6,287372,52.18
"understand word saying",6,287378,52.19
"unity journey hope",6,287384,52.19
"universe change life",6,287390,52.19
"unless commitment made",6,287396,52.19
"unlimited go bumper",6,287402,52.19
"upcoming nfl season",6,287408,52.19
"update today www",6,287414,52.19
"upper body workout",6,287420,52.19
"ur eyes ur",6,287426,52.19
"ur having great",6,287432,52.2
"ur head ur",6,287438,52.2
"ur zip code",6,287444,52.2
"use birth control",6,287450,52.2
"use google maps",6,287456,52.2
"use google translate",6,287462,52.2
"use lucky follower",6,287468,52.2
"use possibilities become",6,287474,52.2
"use powers good",6,287480,52.2
"use rep code",6,287486,52.21
"use twitter like",6,287492,52.21
"used created albert",6,287498,52.21
"used talk time",6,287504,52.21
"user group meeting",6,287510,52.21
"using credit card",6,287516,52.21
"using happy new",6,287522,52.21
"usually go men",6,287528,52.21
"usually happening college",6,287534,52.21
"valentine day cards",6,287540,52.22
"valentine day coming",6,287546,52.22
"valentine day friends",6,287552,52.22
"valentine day good",6,287558,52.22
"valentine day hope",6,287564,52.22
"valentine day party",6,287570,52.22
"valentine day twitter",6,287576,52.22
"valentines day dinner",6,287582,52.22
"valentines day great",6,287588,52.22
"value www com",6,287594,52.23
"vanilla bean ice",6,287600,52.23
"vegas memorial day",6,287606,52.23
"vegas money pocket",6,287612,52.23
"vehicle helps independent",6,287618,52.23
"velvet cake ice",6,287624,52.23
"video made cry",6,287630,52.23
"video million views",6,287636,52.23
"video pay dollars",6,287642,52.23
"video posted soon",6,287648,52.23
"video www party",6,287654,52.24
"videos just amazing",6,287660,52.24
"viewing party tonight",6,287666,52.24
"vip moon rain",6,287672,52.24
"vision action action",6,287678,52.24
"vision helen keller",6,287684,52.24
"visit website com",6,287690,52.24
"vote mitt romney",6,287696,52.24
"voted yes merger",6,287702,52.24
"vs tampa bay",6,287708,52.25
"wait difficult regret",6,287714,52.25
"wait don get",6,287720,52.25
"wait don know",6,287726,52.25
"wait finally get",6,287732,52.25
"wait finally meet",6,287738,52.25
"wait game tonight",6,287744,52.25
"wait gives best",6,287750,52.25
"wait go college",6,287756,52.25
"wait go get",6,287762,52.26
"wait go tonight",6,287768,52.26
"wait hear love",6,287774,52.26
"wait hear songs",6,287780,52.26
"wait hear stories",6,287786,52.26
"wait hear ur",6,287792,52.26
"wait high school",6,287798,52.26
"wait june th",6,287804,52.26
"wait learn new",6,287810,52.26
"wait let know",6,287816,52.27
"wait movie come",6,287822,52.27
"wait new cd",6,287828,52.27
"wait sleep tomorrow",6,287834,52.27
"wake tomorrow morning",6,287840,52.27
"waking morning gotta",6,287846,52.27
"waking super early",6,287852,52.27
"walk red carpet",6,287858,52.27
"walk thousand miles",6,287864,52.27
"walk walk crawl",6,287870,52.28
"walking parking lot",6,287876,52.28
"walks especially taken",6,287882,52.28
"walmart sam club",6,287888,52.28
"wanna just wanna",6,287894,52.28
"wanna know just",6,287900,52.28
"wanna listen music",6,287906,52.28
"wanna read book",6,287912,52.28
"wanna smoke weed",6,287918,52.28
"wanna throw party",6,287924,52.29
"wanna try new",6,287930,52.29
"want building independent",6,287936,52.29
"want dance somebody",6,287942,52.29
"want follow don",6,287948,52.29
"want follow twitter",6,287954,52.29
"want give people",6,287960,52.29
"want hear song",6,287966,52.29
"want long hair",6,287972,52.29
"want make better",6,287978,52.29
"want make change",6,287984,52.3
"want make forget",6,287990,52.3
"want make video",6,287996,52.3
"want money money",6,288002,52.3
"want say just",6,288008,52.3
"want talk anyone",6,288014,52.3
"want talk just",6,288020,52.3
"want thing lot",6,288026,52.3
"want throw party",6,288032,52.3
"want tweet just",6,288038,52.31
"want want love",6,288044,52.31
"wanted say good",6,288050,52.31
"wanted say really",6,288056,52.31
"wanted say think",6,288062,52.31
"wants truth wants",6,288068,52.31
"war traditional marriage",6,288074,52.31
"warm twitter welcome",6,288080,52.31
"wash away pain",6,288086,52.31
"wash commercials actually",6,288092,52.32
"washington co restore",6,288098,52.32
"washington post blog",6,288104,52.32
"waste time just",6,288110,52.32
"wasted time time",6,288116,52.32
"watch avengers tonight",6,288122,52.32
"watch big screen",6,288128,52.32
"watch boyfriend video",6,288134,52.32
"watch dancing stars",6,288140,52.32
"watch iron man",6,288146,52.33
"watch make look",6,288152,52.33
"watch state union",6,288158,52.33
"watch tv eat",6,288164,52.33
"watched long time",6,288170,52.33
"watched videos just",6,288176,52.33
"watching adventure time",6,288182,52.33
"watching amazing race",6,288188,52.33
"watching basketball game",6,288194,52.33
"watching big time",6,288200,52.34
"watching don know",6,288206,52.34
"watching hip hop",6,288212,52.34
"watching jump street",6,288218,52.34
"watching kids choice",6,288224,52.34
"watching mission impossible",6,288230,52.34
"watching people get",6,288236,52.34
"watching people try",6,288242,52.34
"watching prison break",6,288248,52.34
"watching social network",6,288254,52.35
"watching tv time",6,288260,52.35
"watching wheel fortune",6,288266,52.35
"way artists supposed",6,288272,52.35
"way avoid criticism",6,288278,52.35
"way better new",6,288284,52.35
"way get better",6,288290,52.35
"way get going",6,288296,52.35
"way get new",6,288302,52.35
"way get stop",6,288308,52.35
"way great work",6,288314,52.36
"way home tired",6,288320,52.36
"way home today",6,288326,52.36
"way hot outside",6,288332,52.36
"way master classes",6,288338,52.36
"way meet way",6,288344,52.36
"way musicians sure",6,288350,52.36
"way stay away",6,288356,52.36
"way waste time",6,288362,52.36
"weakness giving certain",6,288368,52.37
"wealth necessarily reach",6,288374,52.37
"weapons mass destruction",6,288380,52.37
"wearing shape ups",6,288386,52.37
"weather clouds clouds",6,288392,52.37
"weather looks good",6,288398,52.37
"weather looks great",6,288404,52.37
"weather makes feel",6,288410,52.37
"weather outside delightful",6,288416,52.37
"weather praying might",6,288422,52.38
"website look like",6,288428,52.38
"wed july th",6,288434,52.38
"wedding silicon valley",6,288440,52.38
"wednesday thursday week",6,288446,52.38
"week days week",6,288452,52.38
"week fingers crossed",6,288458,52.38
"week getting ready",6,288464,52.38
"week half ago",6,288470,52.38
"week starts today",6,288476,52.39
"weekend anyone going",6,288482,52.39
"weekend happy mother",6,288488,52.39
"weekend los angeles",6,288494,52.39
"weekend need help",6,288500,52.39
"weeks ago getting",6,288506,52.39
"weighed gained lbs",6,288512,52.39
"weight clothes hair",6,288518,52.39
"weight loss challenge",6,288524,52.39
"weight loss goal",6,288530,52.4
"weight pain life",6,288536,52.4
"weird don know",6,288542,52.4
"welcome broncos country",6,288548,52.4
"welcome green bay",6,288554,52.4
"welcome thanks noticing",6,288560,52.4
"welcome twitter happy",6,288566,52.4
"welcome twitter time",6,288572,52.4
"went gas station",6,288578,52.4
"went pretty good",6,288584,52.4
"went pub ordered",6,288590,52.41
"went sale today",6,288596,52.41
"went work today",6,288602,52.41
"west coast swing",6,288608,52.41
"west hollywood ca",6,288614,52.41
"west th st",6,288620,52.41
"western new york",6,288626,52.41
"whats good dude",6,288632,52.41
"whats good thanks",6,288638,52.41
"whats good tonight",6,288644,52.42
"white blue represent",6,288650,52.42
"white house visit",6,288656,52.42
"white pepper gravy",6,288662,52.42
"whitney houston best",6,288668,52.42
"whitney houston greatest",6,288674,52.42
"whitney houston music",6,288680,52.42
"whitney houston voice",6,288686,52.42
"wi beer lovers",6,288692,52.42
"wife treats like",6,288698,52.43
"wife worst worst",6,288704,52.43
"win game series",6,288710,52.43
"win giving away",6,288716,52.43
"win lottery tonight",6,288722,52.43
"win music city",6,288728,52.43
"win normal rates",6,288734,52.43
"win starbucks gift",6,288740,52.43
"win tonight game",6,288746,52.43
"win tonight good",6,288752,52.44
"win vip table",6,288758,52.44
"win visa gift",6,288764,52.44
"wind find got",6,288770,52.44
"windows don open",6,288776,52.44
"wine beer specials",6,288782,52.44
"winner gift card",6,288788,52.44
"winning streak going",6,288794,52.44
"wins pair tickets",6,288800,52.44
"winter feels like",6,288806,52.45
"winter film awards",6,288812,52.45
"wisconsin gov scott",6,288818,52.45
"wisconsin love cody",6,288824,52.45
"wisdom must observe",6,288830,52.45
"wisdom teeth removed",6,288836,52.45
"wisdom teeth today",6,288842,52.45
"wish able go",6,288848,52.45
"wish best great",6,288854,52.45
"wish best hope",6,288860,52.46
"wish find guy",6,288866,52.46
"wish friend like",6,288872,52.46
"wish friends family",6,288878,52.46
"wish go home",6,288884,52.46
"wish great week",6,288890,52.46
"wish happy easter",6,288896,52.46
"wish happy friday",6,288902,52.46
"wish luck today",6,288908,52.46
"wish real life",6,288914,52.46
"wish socially acceptable",6,288920,52.47
"wish today friday",6,288926,52.47
"wishes happy birthday",6,288932,52.47
"wishes happy thanksgiving",6,288938,52.47
"wishing mom happy",6,288944,52.47
"wishing wonderful weekend",6,288950,52.47
"woman brought world",6,288956,52.47
"woman knows value",6,288962,52.47
"woman rolling eyes",6,288968,52.47
"women don care",6,288974,52.48
"women don need",6,288980,52.48
"women don want",6,288986,52.48
"women marry men",6,288992,52.48
"women right vote",6,288998,52.48
"won academy award",6,289004,52.48
"won golden globe",6,289010,52.48
"won let leave",6,289016,52.48
"won softball game",6,289022,52.48
"won soon forget",6,289028,52.49
"wonder cross mind",6,289034,52.49
"wondered somebody realized",6,289040,52.49
"wonderful easter weekend",6,289046,52.49
"wonderful labor day",6,289052,52.49
"wont tell anyone",6,289058,52.49
"word describe day",6,289064,52.49
"word don know",6,289070,52.49
"word sounds like",6,289076,52.49
"word weight pain",6,289082,52.5
"words belong last",6,289088,52.5
"words come mind",6,289094,52.5
"words words become",6,289100,52.5
"work amazing people",6,289106,52.5
"work day go",6,289112,52.5
"work does pay",6,289118,52.5
"work get better",6,289124,52.5
"work hard want",6,289130,52.5
"work just like",6,289136,52.51
"work just wanna",6,289142,52.51
"work keep posted",6,289148,52.51
"work last time",6,289154,52.51
"work lloyd banks",6,289160,52.51
"work long nights",6,289166,52.51
"work music possible",6,289172,52.51
"work ready get",6,289178,52.51
"work till pm",6,289184,52.51
"work today day",6,289190,52.51
"work today good",6,289196,52.52
"work try yoga",6,289202,52.52
"working great new",6,289208,52.52
"working hard morning",6,289214,52.52
"working hard playing",6,289220,52.52
"working hard week",6,289226,52.52
"working hours sleep",6,289232,52.52
"working just got",6,289238,52.52
"working like crazy",6,289244,52.52
"working like dog",6,289250,52.53
"working new tracks",6,289256,52.53
"working new tunes",6,289262,52.53
"working new video",6,289268,52.53
"working night shift",6,289274,52.53
"workout time get",6,289280,52.53
"world history test",6,289286,52.53
"world makes hard",6,289292,52.53
"world makes sense",6,289298,52.53
"world search needs",6,289304,52.54
"world series champions",6,289310,52.54
"world time get",6,289316,52.54
"world won end",6,289322,52.54
"worse just think",6,289328,52.54
"worst movie seen",6,289334,52.54
"worst team nba",6,289340,52.54
"worst things happen",6,289346,52.54
"worth having comes",6,289352,52.54
"worth living belief",6,289358,52.55
"worth suffering bob",6,289364,52.55
"wow followers thanks",6,289370,52.55
"wow josh hamilton",6,289376,52.55
"wow just checked",6,289382,52.55
"wow just finished",6,289388,52.55
"wow must really",6,289394,52.55
"wow new followers",6,289400,52.55
"wow really cool",6,289406,52.55
"wow really does",6,289412,52.56
"wow sounds amazing",6,289418,52.56
"write business plan",6,289424,52.56
"write new song",6,289430,52.56
"write research paper",6,289436,52.56
"writer hand keyboard",6,289442,52.56
"wrong shallow long",6,289448,52.56
"wrote blog post",6,289454,52.56
"www com brian",6,289460,52.56
"www com earn",6,289466,52.57
"www com events",6,289472,52.57
"www com fans",6,289478,52.57
"www com got",6,289484,52.57
"www com happy",6,289490,52.57
"www com home",6,289496,52.57
"www com itunes",6,289502,52.57
"www com lots",6,289508,52.57
"www com lunch",6,289514,52.57
"www com petition",6,289520,52.57
"www com research",6,289526,52.58
"www com start",6,289532,52.58
"www com support",6,289538,52.58
"www com tickets",6,289544,52.58
"www com time",6,289550,52.58
"www com twitter",6,289556,52.58
"www com updates",6,289562,52.58
"www com vote",6,289568,52.58
"www com works",6,289574,52.58
"www google com",6,289580,52.59
"www historic com",6,289586,52.59
"www info give",6,289592,52.59
"www summit com",6,289598,52.59
"yeah fine just",6,289604,52.59
"yeah gotta go",6,289610,52.59
"yeah just made",6,289616,52.59
"yeah just trying",6,289622,52.59
"yeah kinda like",6,289628,52.59
"yeah know don",6,289634,52.6
"yeah know want",6,289640,52.6
"yeah right like",6,289646,52.6
"yeah yeah go",6,289652,52.6
"year boot camp",6,289658,52.6
"year fingers crossed",6,289664,52.6
"year produce come",6,289670,52.6
"year wish best",6,289676,52.6
"year wish started",6,289682,52.6
"year years ago",6,289688,52.61
"years don know",6,289694,52.61
"years just got",6,289700,52.61
"years old good",6,289706,52.61
"years resolution make",6,289712,52.61
"yep just got",6,289718,52.61
"yep sure did",6,289724,52.61
"yes did great",6,289730,52.61
"yes gives want",6,289736,52.61
"yes know just",6,289742,52.62
"yes know mean",6,289748,52.62
"yes lick elbow",6,289754,52.62
"yes long time",6,289760,52.62
"yes love go",6,289766,52.62
"yes love just",6,289772,52.62
"yes sir just",6,289778,52.62
"yes way go",6,289784,52.62
"yesterday gas leak",6,289790,52.62
"yr old did",6,289796,52.63
"yr old sis",6,289802,52.63
"yr old today",6,289808,52.63
"yrs ago think",6,289814,52.63
"account hurry follow",6,289820,52.63
"ah yeah ah",6,289826,52.63
"album record man",6,289832,52.63
"amount work carlos",6,289838,52.63
"apologize showing feeling",6,289844,52.63
"app gives cash",6,289850,52.63
"arizona ice tea",6,289856,52.64
"art find lose",6,289862,52.64
"available nyc printing",6,289868,52.64
"average years longer",6,289874,52.64
"baby make clap",6,289880,52.64
"bad decisions make",6,289886,52.64
"baked chocolate chip",6,289892,52.64
"bar asks drink",6,289898,52.64
"based app gives",6,289904,52.64
"bear martin luther",6,289910,52.65
"bed al day",6,289916,52.65
"best make best",6,289922,52.65
"best week year",6,289928,52.65
"bet hip hop",6,289934,52.65
"better leave work",6,289940,52.65
"bicycle want ride",6,289946,52.65
"big fan keep",6,289952,52.65
"big league chew",6,289958,52.65
"big things store",6,289964,52.66
"bill looks like",6,289970,52.66
"birthday make life",6,289976,52.66
"blog talk radio",6,289982,52.66
"blues easy play",6,289988,52.66
"boys boys love",6,289994,52.66
"break like broken",6,290000,52.66
"btw love new",6,290006,52.66
"california vip card",6,290012,52.66
"cardio thai box",6,290018,52.67
"catch tomorrow night",6,290024,52.67
"change attitude maya",6,290030,52.67
"change world unless",6,290036,52.67
"changes does dance",6,290042,52.67
"christmas portland city",6,290048,52.67
"city center gave",6,290054,52.67
"civic center park",6,290060,52.67
"cody nov th",6,290066,52.67
"come las vegas",6,290072,52.68
"come perform live",6,290078,52.68
"coming close reaching",6,290084,52.68
"condition giving makes",6,290090,52.68
"conference today great",6,290096,52.68
"cool glad hear",6,290102,52.68
"cost public private",6,290108,52.68
"country music fan",6,290114,52.68
"crazy co worker",6,290120,52.68
"current word count",6,290126,52.68
"cutting edge technology",6,290132,52.69
"darling don afraid",6,290138,52.69
"day christmas portland",6,290144,52.69
"day get vote",6,290150,52.69
"day going run",6,290156,52.69
"day great weather",6,290162,52.69
"day jury duty",6,290168,52.69
"day just don",6,290174,52.69
"day just little",6,290180,52.69
"days left enter",6,290186,52.7
"dear don give",6,290192,52.7
"define let let",6,290198,52.7
"definitely best way",6,290204,52.7
"different way jerry",6,290210,52.7
"dirt lotus resident",6,290216,52.7
"don believe look",6,290222,52.7
"don forget happy",6,290228,52.7
"don forget request",6,290234,52.7
"don forget thursday",6,290240,52.71
"don forget wednesday",6,290246,52.71
"don give ideas",6,290252,52.71
"don know choose",6,290258,52.71
"don know count",6,290264,52.71
"don know place",6,290270,52.71
"don make easy",6,290276,52.71
"don make rules",6,290282,52.71
"don say don",6,290288,52.71
"don stop just",6,290294,52.72
"don want meet",6,290300,52.72
"don want worry",6,290306,52.72
"download free download",6,290312,52.72
"drag just queen",6,290318,52.72
"drake drake drake",6,290324,52.72
"driving pm using",6,290330,52.72
"ears witness eyes",6,290336,52.72
"earth finished alive",6,290342,52.72
"east coast happy",6,290348,52.73
"eat day teach",6,290354,52.73
"em get em",6,290360,52.73
"enjoy day family",6,290366,52.73
"enjoy last night",6,290372,52.73
"enjoying weather today",6,290378,52.73
"face moving forward",6,290384,52.73
"facebook twitter get",6,290390,52.73
"fan take yahoo",6,290396,52.73
"fans support till",6,290402,52.74
"fast don miss",6,290408,52.74
"favorite places eat",6,290414,52.74
"feel free message",6,290420,52.74
"feel free take",6,290426,52.74
"feel like belong",6,290432,52.74
"feel like hanging",6,290438,52.74
"feel loved cared",6,290444,52.74
"feeling apologize truth",6,290450,52.74
"feeling better day",6,290456,52.74
"feeling better take",6,290462,52.75
"fiction make sense",6,290468,52.75
"fiesta san antonio",6,290474,52.75
"film festival april",6,290480,52.75
"finish reading book",6,290486,52.75
"fits like glove",6,290492,52.75
"follow new year",6,290498,52.75
"format new dj",6,290504,52.75
"forward tweets thanks",6,290510,52.75
"fox get real",6,290516,52.76
"friday looks like",6,290522,52.76
"friends birthday party",6,290528,52.76
"full body workout",6,290534,52.76
"game getting intense",6,290540,52.76
"game los angeles",6,290546,52.76
"get caught time",6,290552,52.76
"get get new",6,290558,52.76
"get grad school",6,290564,52.76
"get hard times",6,290570,52.77
"get inside scoop",6,290576,52.77
"get paid value",6,290582,52.77
"get saturday night",6,290588,52.77
"get sleep need",6,290594,52.77
"get time day",6,290600,52.77
"get used twitter",6,290606,52.77
"get way let",6,290612,52.77
"getting excited new",6,290618,52.77
"getting new job",6,290624,52.78
"gift valentine day",6,290630,52.78
"girl laugh make",6,290636,52.78
"girlfriend looks like",6,290642,52.78
"glad going home",6,290648,52.78
"glad got spend",6,290654,52.78
"go ahead try",6,290660,52.78
"go away rain",6,290666,52.78
"go mall get",6,290672,52.78
"go old school",6,290678,52.79
"go th grade",6,290684,52.79
"going bed waking",6,290690,52.79
"going go run",6,290696,52.79
"going miss people",6,290702,52.79
"going miss seniors",6,290708,52.79
"gonna miss seniors",6,290714,52.79
"good hear just",6,290720,52.79
"good luck moving",6,290726,52.79
"good luck rock",6,290732,52.79
"good man consent",6,290738,52.8
"good nights rest",6,290744,52.8
"good wine good",6,290750,52.8
"google penguin update",6,290756,52.8
"got done listening",6,290762,52.8
"got good night",6,290768,52.8
"got great gifts",6,290774,52.8
"got great new",6,290780,52.8
"got love people",6,290786,52.8
"great day bless",6,290792,52.81
"great day keep",6,290798,52.81
"great hear thank",6,290804,52.81
"great new features",6,290810,52.81
"great news let",6,290816,52.81
"great way connect",6,290822,52.81
"great way let",6,290828,52.81
"happy birthday blessings",6,290834,52.81
"happy birthday chicago",6,290840,52.81
"happy birthday funniest",6,290846,52.82
"happy birthday people",6,290852,52.82
"happy birthday princess",6,290858,52.82
"happy birthday sarah",6,290864,52.82
"happy sad time",6,290870,52.82
"harry potter fan",6,290876,52.82
"haven heard just",6,290882,52.82
"haven played game",6,290888,52.82
"haven played long",6,290894,52.82
"having fun watching",6,290900,52.83
"hear donna summer",6,290906,52.83
"hear pin drop",6,290912,52.83
"hear ur voice",6,290918,52.83
"heart heart broken",6,290924,52.83
"heart last night",6,290930,52.83
"heat ultra lounge",6,290936,52.83
"heat win championship",6,290942,52.83
"hey guys did",6,290948,52.83
"hey guys got",6,290954,52.84
"hey guys send",6,290960,52.84
"hey hey going",6,290966,52.84
"hey wait minute",6,290972,52.84
"home winning streak",6,290978,52.84
"hope enjoy thanks",6,290984,52.84
"hope fun tonight",6,290990,52.84
"hope give try",6,290996,52.84
"hour energy shot",6,291002,52.84
"hour get paid",6,291008,52.85
"ill tweet later",6,291014,52.85
"important abraham lincoln",6,291020,52.85
"international woman day",6,291026,52.85
"joy donated charity",6,291032,52.85
"june july august",6,291038,52.85
"just cleaned room",6,291044,52.85
"just drink beer",6,291050,52.85
"just gonna myself",6,291056,52.85
"just got busted",6,291062,52.85
"just got old",6,291068,52.86
"just got tired",6,291074,52.86
"just got water",6,291080,52.86
"just hit car",6,291086,52.86
"just kidding don",6,291092,52.86
"just left office",6,291098,52.86
"just makes laugh",6,291104,52.86
"just road worth",6,291110,52.86
"just said girl",6,291116,52.86
"just saw crazy",6,291122,52.87
"just saw lucky",6,291128,52.87
"just saw miss",6,291134,52.87
"just saw tonight",6,291140,52.87
"just signed thanks",6,291146,52.87
"just started yesterday",6,291152,52.87
"just take seriously",6,291158,52.87
"just thinking going",6,291164,52.87
"just wait hear",6,291170,52.87
"just way want",6,291176,52.88
"just woke sleep",6,291182,52.88
"justin account hurry",6,291188,52.88
"keep breaks heart",6,291194,52.88
"kentucky fried chicken",6,291200,52.88
"keys locked car",6,291206,52.88
"kim take new",6,291212,52.88
"know far go",6,291218,52.88
"know try get",6,291224,52.88
"knowing beginning wisdom",6,291230,52.89
"labor humanity dignity",6,291236,52.89
"last pieces like",6,291242,52.89
"last years life",6,291248,52.89
"late lunch early",6,291254,52.89
"laugh make anything",6,291260,52.89
"laugh sounds like",6,291266,52.89
"lay golden eggs",6,291272,52.89
"learn live brothers",6,291278,52.89
"lend helping hand",6,291284,52.9
"let ears witness",6,291290,52.9
"let go blazers",6,291296,52.9
"let go lay",6,291302,52.9
"let know making",6,291308,52.9
"let let strengthen",6,291314,52.9
"let rain stop",6,291320,52.9
"life full ups",6,291326,52.9
"life grain salt",6,291332,52.9
"life love loved",6,291338,52.91
"life making mistakes",6,291344,52.91
"life seems like",6,291350,52.91
"life short care",6,291356,52.91
"light spring fest",6,291362,52.91
"lighting william butler",6,291368,52.91
"like don go",6,291374,52.91
"like good days",6,291380,52.91
"like got punched",6,291386,52.91
"like hard work",6,291392,52.91
"like know want",6,291398,52.92
"like like don",6,291404,52.92
"like like lot",6,291410,52.92
"like make own",6,291416,52.92
"like man great",6,291422,52.92
"like real man",6,291428,52.92
"like say anything",6,291434,52.92
"like valentines day",6,291440,52.92
"like video game",6,291446,52.92
"like want hey",6,291452,52.93
"like way thinking",6,291458,52.93
"listening jonas brothers",6,291464,52.93
"little big planet",6,291470,52.93
"live brothers fools",6,291476,52.93
"live life know",6,291482,52.93
"living room floor",6,291488,52.93
"looking cell phone",6,291494,52.93
"looking forward drinking",6,291500,52.93
"looking forward hour",6,291506,52.94
"looking forward play",6,291512,52.94
"looking forward putting",6,291518,52.94
"looking forward thoughts",6,291524,52.94
"looking like today",6,291530,52.94
"looking new artist",6,291536,52.94
"looking volunteers help",6,291542,52.94
"looks like ready",6,291548,52.94
"looks like tried",6,291554,52.94
"looks like tweet",6,291560,52.95
"love better leave",6,291566,52.95
"love great song",6,291572,52.95
"love guys like",6,291578,52.95
"love hear music",6,291584,52.95
"love just saw",6,291590,52.95
"love life don",6,291596,52.95
"love like wife",6,291602,52.95
"love lots lots",6,291608,52.95
"love make laugh",6,291614,52.96
"love people work",6,291620,52.96
"love ur videos",6,291626,52.96
"lunch meeting today",6,291632,52.96
"madonna half time",6,291638,52.96
"make good couple",6,291644,52.96
"make positive difference",6,291650,52.96
"make sure home",6,291656,52.96
"make sure mom",6,291662,52.96
"makes want keep",6,291668,52.96
"makes world difference",6,291674,52.97
"man new york",6,291680,52.97
"match last night",6,291686,52.97
"maybe get work",6,291692,52.97
"mayo cup soup",6,291698,52.97
"mean anything just",6,291704,52.97
"measured poets heart",6,291710,52.97
"measured take moments",6,291716,52.97
"meat lover wednesday",6,291722,52.97
"meet last year",6,291728,52.98
"meet tonight pm",6,291734,52.98
"merry new year",6,291740,52.98
"met last week",6,291746,52.98
"miller stadium cups",6,291752,52.98
"minor league hockey",6,291758,52.98
"mirror better leave",6,291764,52.98
"mission earth finished",6,291770,52.98
"mom let get",6,291776,52.98
"mom say happy",6,291782,52.99
"monday morning blues",6,291788,52.99
"monday new week",6,291794,52.99
"movie don know",6,291800,52.99
"music time hope",6,291806,52.99
"music video think",6,291812,52.99
"need followers come",6,291818,52.99
"need followers give",6,291824,52.99
"need go grocery",6,291830,52.99
"need go like",6,291836,53
"need start wearing",6,291842,53
"need sum new",6,291848,53
"need take step",6,291854,53
"needs get rid",6,291860,53
"new favorite spot",6,291866,53
"new format new",6,291872,53
"new orleans best",6,291878,53
"new research shows",6,291884,53
"new twitter avatar",6,291890,53.01
"newark office open",6,291896,53.01
"nhl playoffs nba",6,291902,53.01
"nice hot bath",6,291908,53.01
"nice meet looking",6,291914,53.01
"night wish luck",6,291920,53.01
"non fiction book",6,291926,53.01
"oh good point",6,291932,53.01
"oh heck yeah",6,291938,53.01
"ok just don",6,291944,53.02
"open pm happy",6,291950,53.02
"pacific www com",6,291956,53.02
"paid value bring",6,291962,53.02
"pair running shoes",6,291968,53.02
"parents don know",6,291974,53.02
"parties meeting space",6,291980,53.02
"people get tired",6,291986,53.02
"people like go",6,291992,53.02
"people make people",6,291998,53.02
"people need shut",6,292004,53.03
"people really love",6,292010,53.03
"people want good",6,292016,53.03
"perfect person seeing",6,292022,53.03
"place watch game",6,292028,53.03
"play good luck",6,292034,53.03
"play mass effect",6,292040,53.03
"plus don want",6,292046,53.03
"pm paul hall",6,292052,53.03
"pm pt pm",6,292058,53.04
"poets heart hold",6,292064,53.04
"point realize people",6,292070,53.04
"post comfort joy",6,292076,53.04
"posted new song",6,292082,53.04
"preparation opportunity luck",6,292088,53.04
"problem great weekend",6,292094,53.04
"put last year",6,292100,53.04
"racing times et",6,292106,53.04
"rally restore sanity",6,292112,53.05
"ready game time",6,292118,53.05
"ready teen wolf",6,292124,53.05
"reality better dreams",6,292130,53.05
"realized don like",6,292136,53.05
"really appreciate businesses",6,292142,53.05
"really bad hair",6,292148,53.05
"really hope follow",6,292154,53.05
"really know person",6,292160,53.05
"recording new tracks",6,292166,53.06
"reflect reflect reflect",6,292172,53.06
"regrets love people",6,292178,53.06
"rest peace donna",6,292184,53.06
"right guy come",6,292190,53.06
"right just right",6,292196,53.06
"right just saw",6,292202,53.06
"roads wood took",6,292208,53.06
"safe travels looking",6,292214,53.06
"safety safety safety",6,292220,53.07
"saturday night free",6,292226,53.07
"saturday night playing",6,292232,53.07
"school football team",6,292238,53.07
"school year going",6,292244,53.07
"serve martin luther",6,292250,53.07
"shame shame shame",6,292256,53.07
"showing feeling apologize",6,292262,53.07
"singers join team",6,292268,53.07
"singing love like",6,292274,53.08
"sky blue sky",6,292280,53.08
"sleep school tomorrow",6,292286,53.08
"small amount time",6,292292,53.08
"small business week",6,292298,53.08
"smell like baby",6,292304,53.08
"smells like outside",6,292310,53.08
"social media become",6,292316,53.08
"social media pages",6,292322,53.08
"social media power",6,292328,53.08
"socially acceptable wear",6,292334,53.09
"song comes radio",6,292340,53.09
"sorry feel better",6,292346,53.09
"sorry last night",6,292352,53.09
"sorry thought following",6,292358,53.09
"sounds like done",6,292364,53.09
"sounds like dream",6,292370,53.09
"sounds like job",6,292376,53.09
"special ed teacher",6,292382,53.09
"ss dealer network",6,292388,53.1
"st mother day",6,292394,53.1
"start end family",6,292400,53.1
"started mark twain",6,292406,53.1
"stayed late last",6,292412,53.1
"steady wins race",6,292418,53.1
"steve jobs apple",6,292424,53.1
"stop wont stop",6,292430,53.1
"stop worrying people",6,292436,53.1
"strength mother teresa",6,292442,53.11
"stuck head don",6,292448,53.11
"success attracted person",6,292454,53.11
"success journey destination",6,292460,53.11
"success sweet long",6,292466,53.11
"successful person failures",6,292472,53.11
"sunny fog morning",6,292478,53.11
"support spread word",6,292484,53.11
"supposed doing homework",6,292490,53.11
"sure able get",6,292496,53.12
"sweet long delayed",6,292502,53.12
"take advantage opportunity",6,292508,53.12
"take love granted",6,292514,53.12
"take new level",6,292520,53.12
"take time write",6,292526,53.12
"talent last night",6,292532,53.12
"talking don know",6,292538,53.12
"temporary condition giving",6,292544,53.12
"th pm tickets",6,292550,53.13
"th row center",6,292556,53.13
"thai box class",6,292562,53.13
"thank follow really",6,292568,53.13
"thank follow thanks",6,292574,53.13
"thank following keep",6,292580,53.13
"thankful said did",6,292586,53.13
"thanks definitely check",6,292592,53.13
"thanks follow catch",6,292598,53.13
"thanks follow kind",6,292604,53.13
"thanks follow live",6,292610,53.14
"thanks following tom",6,292616,53.14
"thanks guys means",6,292622,53.14
"thanks helping raise",6,292628,53.14
"thanks hoping get",6,292634,53.14
"thanks kind note",6,292640,53.14
"thing distance don",6,292646,53.14
"things life make",6,292652,53.14
"things starting get",6,292658,53.14
"things strength mother",6,292664,53.15
"think get just",6,292670,53.15
"thinking lot lately",6,292676,53.15
"time lunch time",6,292682,53.15
"time talking customers",6,292688,53.15
"time work hard",6,292694,53.15
"times et run",6,292700,53.15
"today going miss",6,292706,53.15
"today pi day",6,292712,53.15
"today world autism",6,292718,53.16
"today years twitter",6,292724,53.16
"tomorrow feel free",6,292730,53.16
"tomorrow wanna get",6,292736,53.16
"tonight anyone know",6,292742,53.16
"took years get",6,292748,53.16
"travels looking forward",6,292754,53.16
"tried hard get",6,292760,53.16
"trip grocery store",6,292766,53.16
"true love true",6,292772,53.17
"trying impress anything",6,292778,53.17
"trying make difference",6,292784,53.17
"trying make like",6,292790,53.17
"trying save money",6,292796,53.17
"tues sonic baltimore",6,292802,53.17
"tweet good luck",6,292808,53.17
"twitter account live",6,292814,53.17
"twitter account twitter",6,292820,53.17
"twitter does mean",6,292826,53.18
"twitter followers just",6,292832,53.18
"uh oh uh",6,292838,53.18
"unless google stop",6,292844,53.18
"using www com",6,292850,53.18
"wait go school",6,292856,53.18
"waiting darling don",6,292862,53.18
"walking distance time",6,292868,53.18
"want difficult wait",6,292874,53.18
"want just go",6,292880,53.19
"want play basketball",6,292886,53.19
"watch thoughts become",6,292892,53.19
"watching coming america",6,292898,53.19
"weekend long time",6,292904,53.19
"went ice skating",6,292910,53.19
"wife respect like",6,292916,53.19
"win championship year",6,292922,53.19
"win home opener",6,292928,53.19
"winter weather advisory",6,292934,53.19
"wish happy thanksgiving",6,292940,53.2
"woke early morning",6,292946,53.2
"won get till",6,292952,53.2
"won lie love",6,292958,53.2
"wonder long keep",6,292964,53.2
"work long time",6,292970,53.2
"work minutes early",6,292976,53.2
"work week get",6,292982,53.2
"worked let know",6,292988,53.2
"world make sure",6,292994,53.21
"world peace game",6,293000,53.21
"wow really love",6,293006,53.21
"www com month",6,293012,53.21
"www com title",6,293018,53.21
"ye hear ye",6,293024,53.21
"international kissing day",6,293030,53.21
"jamie loves cupcakes",6,293036,53.21
"lord light salvation",6,293042,53.21
"lot people today",6,293048,53.22
"modified modified modified",6,293054,53.22
"mtv true life",6,293060,53.22
"natural hair care",6,293066,53.22
"overwhelmed overwhelmed overwhelmed",6,293072,53.22
"people think good",6,293078,53.22
"school hate high",6,293084,53.22
"selection sunday selection",6,293090,53.22
"sunday selection sunday",6,293096,53.22
"taylor gang get",6,293102,53.23
"abc get real",5,293107,53.23
"ability listen anything",5,293112,53.23
"able get away",5,293117,53.23
"able get new",5,293122,53.23
"able get touch",5,293127,53.23
"abroad historical novel",5,293132,53.23
"absence value presence",5,293137,53.23
"absolutely devoted service",5,293142,53.23
"absolutely gorgeous live",5,293147,53.23
"absolutely hate people",5,293152,53.23
"absolutely love guys",5,293157,53.24
"abundance life wayne",5,293162,53.24
"accept fact gone",5,293167,53.24
"accident meeting prepared",5,293172,53.24
"accident stays purpose",5,293177,53.24
"accident story like",5,293182,53.24
"accompanied arnold bennett",5,293187,53.24
"account just made",5,293192,53.24
"achieve demanded must",5,293197,53.24
"achieved don know",5,293202,53.24
"achieving goals important",5,293207,53.24
"act deficit increases",5,293212,53.25
"act strengthen economy",5,293217,53.25
"act true face",5,293222,53.25
"acted hunger games",5,293227,53.25
"acting brand new",5,293232,53.25
"acting like complete",5,293237,53.25
"action define thomas",5,293242,53.25
"activity last night",5,293247,53.25
"actor leading role",5,293252,53.25
"actors comedy studio",5,293257,53.25
"actually doing good",5,293262,53.25
"actually face water",5,293267,53.26
"actually fall asleep",5,293272,53.26
"actually getting bed",5,293277,53.26
"actually gonna go",5,293282,53.26
"actually laughed loud",5,293287,53.26
"actually start tweeting",5,293292,53.26
"ad last night",5,293297,53.26
"add network contact",5,293302,53.26
"addicted temple run",5,293307,53.26
"address wait hours",5,293312,53.26
"advice avoid text",5,293317,53.26
"advice don take",5,293322,53.27
"advice looking forward",5,293327,53.27
"affection responsible solid",5,293332,53.27
"afford health care",5,293337,53.27
"afford waste time",5,293342,53.27
"affordable health care",5,293347,53.27
"afraid loves lost",5,293352,53.27
"afraid space dreams",5,293357,53.27
"afraid storms learning",5,293362,53.27
"afternoon feel like",5,293367,53.27
"age dull common",5,293372,53.27
"age loss memory",5,293377,53.28
"ago sounds like",5,293382,53.28
"agree good stuff",5,293387,53.28
"agree sounds like",5,293392,53.28
"agrees year deal",5,293397,53.28
"ah good point",5,293402,53.28
"ah ha ha",5,293407,53.28
"ahead get ahead",5,293412,53.28
"aim high miss",5,293417,53.28
"al gore invented",5,293422,53.28
"ala stop booth",5,293427,53.28
"album love song",5,293432,53.29
"alcohol people act",5,293437,53.29
"alert right lane",5,293442,53.29
"allow introduce myself",5,293447,53.29
"allow person tell",5,293452,53.29
"alone friday night",5,293457,53.29
"alone leave alone",5,293462,53.29
"alright get basket",5,293467,53.29
"alright just making",5,293472,53.29
"alright let know",5,293477,53.29
"alright time get",5,293482,53.29
"alter situation help",5,293487,53.3
"alternative arrest probation",5,293492,53.3
"amazing day feel",5,293497,53.3
"amazing day make",5,293502,53.3
"amazing day thank",5,293507,53.3
"amazing day yesterday",5,293512,53.3
"amazing don forget",5,293517,53.3
"amazing don think",5,293522,53.3
"amazing event last",5,293527,53.3
"amazing get done",5,293532,53.3
"amazing giving perfect",5,293537,53.3
"amazing keep doing",5,293542,53.31
"amazing performance tonight",5,293547,53.31
"amazing singer songwriter",5,293552,53.31
"amazing thanks coming",5,293557,53.31
"amazing www com",5,293562,53.31
"amazingly talented absolutely",5,293567,53.31
"amazon kindle free",5,293572,53.31
"amendment defining marriage",5,293577,53.31
"america get ready",5,293582,53.31
"amp world report",5,293587,53.31
"analyst blog highlights",5,293592,53.31
"analyst work absolutely",5,293597,53.32
"anger management classes",5,293602,53.32
"anger reaching success",5,293607,53.32
"animated logo co",5,293612,53.32
"anna nicole smith",5,293617,53.32
"anniversary party tomorrow",5,293622,53.32
"announcement coming monday",5,293627,53.32
"annual lou run",5,293632,53.32
"annual membership meeting",5,293637,53.32
"annual miss gold",5,293642,53.32
"annual ruth party",5,293647,53.32
"answer um follow",5,293652,53.33
"answering questions helping",5,293657,53.33
"anthony found guilty",5,293662,53.33
"anybody unless helping",5,293667,53.33
"anybody wanna come",5,293672,53.33
"anybody wanna help",5,293677,53.33
"anyone actually like",5,293682,53.33
"anyone experience using",5,293687,53.33
"anyone feel earthquake",5,293692,53.33
"anyone make smile",5,293697,53.33
"anyone paying attention",5,293702,53.33
"anyone read book",5,293707,53.34
"anyone suggestions good",5,293712,53.34
"anyone want grab",5,293717,53.34
"anyone want hear",5,293722,53.34
"anyone want share",5,293727,53.34
"anything affect successful",5,293732,53.34
"anything don know",5,293737,53.34
"anything don mention",5,293742,53.34
"anything done today",5,293747,53.34
"anything exciting going",5,293752,53.34
"anything exciting happen",5,293757,53.34
"anything fun planned",5,293762,53.35
"anything high price",5,293767,53.35
"anything losing self",5,293772,53.35
"anything make feel",5,293777,53.35
"anything special celebrate",5,293782,53.35
"anything special going",5,293787,53.35
"anywhere mind dale",5,293792,53.35
"anywhere world go",5,293797,53.35
"apologies received spam",5,293802,53.35
"apparel www com",5,293807,53.35
"apparent solutions dramatically",5,293812,53.35
"apple education announcement",5,293817,53.36
"apples peanut butter",5,293822,53.36
"appreciate help spreading",5,293827,53.36
"appreciation week thank",5,293832,53.36
"april pm pm",5,293837,53.36
"april th april",5,293842,53.36
"april th birthday",5,293847,53.36
"april th don",5,293852,53.36
"april th free",5,293857,53.36
"april th gonna",5,293862,53.36
"april th live",5,293867,53.36
"arc moral universe",5,293872,53.37
"area anytime soon",5,293877,53.37
"area use caution",5,293882,53.37
"arguing fool proves",5,293887,53.37
"argument lose argument",5,293892,53.37
"argument proves people",5,293897,53.37
"arise morning torn",5,293902,53.37
"arizona state university",5,293907,53.37
"armed forces day",5,293912,53.37
"arms legs pool",5,293917,53.37
"arrest people alright",5,293922,53.37
"art away soul",5,293927,53.38
"art form art",5,293932,53.38
"art gallery opening",5,293937,53.38
"art just eh",5,293942,53.38
"art keeping yesterday",5,293947,53.38
"art let know",5,293952,53.38
"art wise knowing",5,293957,53.38
"article let know",5,293962,53.38
"artist poised creation",5,293967,53.38
"artist problem remain",5,293972,53.38
"artist vs poet",5,293977,53.38
"artists near future",5,293982,53.39
"artists soon coming",5,293987,53.39
"artists sure support",5,293992,53.39
"arts eats justice",5,293997,53.39
"arts fest audience",5,294002,53.39
"ask anything simply",5,294007,53.39
"ask begins rain",5,294012,53.39
"ask george bernard",5,294017,53.39
"ask questions don",5,294022,53.39
"ask questions get",5,294027,53.39
"ask questions later",5,294032,53.39
"asked said yes",5,294037,53.4
"asking right questions",5,294042,53.4
"asking social media",5,294047,53.4
"asleep cause miss",5,294052,53.4
"ate dinner last",5,294057,53.4
"ate taco bell",5,294062,53.4
"atlanta home sales",5,294067,53.4
"attempt go sleep",5,294072,53.4
"attending stop booth",5,294077,53.4
"attitude scott hamilton",5,294082,53.4
"audition feature film",5,294087,53.4
"austin convention center",5,294092,53.41
"austin just wanted",5,294097,53.41
"austin new single",5,294102,53.41
"austin texas setting",5,294107,53.41
"authority zero glow",5,294112,53.41
"available app store",5,294117,53.41
"available couple weeks",5,294122,53.41
"available let know",5,294127,53.41
"available online www",5,294132,53.41
"available reasonable rates",5,294137,53.41
"aw just saw",5,294142,53.41
"aw thanks really",5,294147,53.42
"away don want",5,294152,53.42
"away going away",5,294157,53.42
"away looks like",5,294162,53.42
"away people try",5,294167,53.42
"away twitter long",5,294172,53.42
"awesome day love",5,294177,53.42
"awesome day run",5,294182,53.42
"awesome don forget",5,294187,53.42
"awesome fingers crossed",5,294192,53.42
"awesome game tonight",5,294197,53.42
"awesome happy hear",5,294202,53.43
"awesome keep good",5,294207,53.43
"awesome man thanks",5,294212,53.43
"awesome maybe get",5,294217,53.43
"awesome meeting today",5,294222,53.43
"awesome moment find",5,294227,53.43
"awesome news congratulations",5,294232,53.43
"awesome nice work",5,294237,53.43
"awesome sounds great",5,294242,53.43
"awesome stuff going",5,294247,53.43
"awesome thanks asking",5,294252,53.43
"awesome thanks posting",5,294257,53.44
"baby girl love",5,294262,53.44
"baby good day",5,294267,53.44
"baby got need",5,294272,53.44
"baby grand piano",5,294277,53.44
"baby oh oh",5,294282,53.44
"backed best business",5,294287,53.44
"bacon bacon eggs",5,294292,53.44
"bacon eggs eggs",5,294297,53.44
"bacon wrapped dates",5,294302,53.44
"bacon wrapped hot",5,294307,53.44
"bad attitude scott",5,294312,53.45
"bad case mondays",5,294317,53.45
"bad day go",5,294322,53.45
"bad day hope",5,294327,53.45
"bad day just",5,294332,53.45
"bad day remember",5,294337,53.45
"bad day turned",5,294342,53.45
"bad days give",5,294347,53.45
"bad idea put",5,294352,53.45
"bad last week",5,294357,53.45
"bad really don",5,294362,53.45
"bad really good",5,294367,53.46
"bad relationship time",5,294372,53.46
"bad thing happens",5,294377,53.46
"bags fly free",5,294382,53.46
"baking banana bread",5,294387,53.46
"bald faced truth",5,294392,53.46
"ball opening day",5,294397,53.46
"baltimore burger bar",5,294402,53.46
"baltimore inner harbor",5,294407,53.46
"baltimore media orchestra",5,294412,53.46
"banana ice cream",5,294417,53.46
"band houston directed",5,294422,53.47
"band set basement",5,294427,53.47
"band solo tues",5,294432,53.47
"band tonight pm",5,294437,53.47
"band www com",5,294442,53.47
"bands road get",5,294447,53.47
"bar get deal",5,294452,53.47
"bar pm pm",5,294457,53.47
"barely get straw",5,294462,53.47
"based information contact",5,294467,53.47
"based true events",5,294472,53.47
"bash status free",5,294477,53.48
"basketball hall fame",5,294482,53.48
"bathroom looks like",5,294487,53.48
"bathroom refrigerator remote",5,294492,53.48
"battery life iphone",5,294497,53.48
"baylor women basketball",5,294502,53.48
"bbq chicken pizza",5,294507,53.48
"beach house album",5,294512,53.48
"bearing story inside",5,294517,53.48
"beautiful dark twisted",5,294522,53.48
"beautiful hope having",5,294527,53.48
"beautiful lady hope",5,294532,53.49
"beautiful mothers day",5,294537,53.49
"beautiful new club",5,294542,53.49
"beautiful thanks sharing",5,294547,53.49
"beautiful winter day",5,294552,53.49
"beauty entertainment houston",5,294557,53.49
"become achieving goals",5,294562,53.49
"become mistake refuse",5,294567,53.49
"becoming th follower",5,294572,53.49
"bed don know",5,294577,53.49
"bed don want",5,294582,53.49
"bed got get",5,294587,53.5
"bed listening music",5,294592,53.5
"bed middle night",5,294597,53.5
"bed mirror stand",5,294602,53.5
"beef short ribs",5,294607,53.5
"beer fried chicken",5,294612,53.5
"beer harper just",5,294617,53.5
"beers last night",5,294622,53.5
"began years ago",5,294627,53.5
"begin end mind",5,294632,53.5
"beginning difficult task",5,294637,53.5
"begins broken fan",5,294642,53.51
"begins difficult know",5,294647,53.51
"begins remember strength",5,294652,53.51
"behold green gold",5,294657,53.51
"beings alter lives",5,294662,53.51
"beings become remain",5,294667,53.51
"beings creatures earth",5,294672,53.51
"belgian golden ale",5,294677,53.51
"beliefs don make",5,294682,53.51
"believe children future",5,294687,53.51
"believe don believe",5,294692,53.51
"believe jews live",5,294697,53.52
"believe saying go",5,294702,53.52
"believe steve jobs",5,294707,53.52
"believe wasted time",5,294712,53.52
"bell ice cream",5,294717,53.52
"bella know met",5,294722,53.52
"belt todd dr",5,294727,53.52
"ben white full",5,294732,53.52
"benefit artists near",5,294737,53.52
"best actor best",5,294742,53.52
"best ad far",5,294747,53.52
"best album year",5,294752,53.52
"best business professionals",5,294757,53.53
"best climbed stepping",5,294762,53.53
"best daily deals",5,294767,53.53
"best day world",5,294772,53.53
"best decision life",5,294777,53.53
"best experience life",5,294782,53.53
"best friends anybody",5,294787,53.53
"best friends anyone",5,294792,53.53
"best friends family",5,294797,53.53
"best friends follow",5,294802,53.53
"best friends know",5,294807,53.53
"best friends today",5,294812,53.54
"best give best",5,294817,53.54
"best happy hours",5,294822,53.54
"best happy new",5,294827,53.54
"best hash tag",5,294832,53.54
"best interest heart",5,294837,53.54
"best interest mind",5,294842,53.54
"best lesson try",5,294847,53.54
"best line day",5,294852,53.54
"best line movie",5,294857,53.54
"best live shows",5,294862,53.54
"best luck event",5,294867,53.55
"best luck finals",5,294872,53.55
"best luck tomorrow",5,294877,53.55
"best luck upcoming",5,294882,53.55
"best moment puts",5,294887,53.55
"best part trip",5,294892,53.55
"best part watching",5,294897,53.55
"best person world",5,294902,53.55
"best prime rib",5,294907,53.55
"best quote day",5,294912,53.55
"best rock group",5,294917,53.55
"best sacrifice gift",5,294922,53.56
"best seen far",5,294927,53.56
"best selling book",5,294932,53.56
"best thing come",5,294937,53.56
"best thing day",5,294942,53.56
"best thing living",5,294947,53.56
"best thing right",5,294952,53.56
"best thing saw",5,294957,53.56
"best thing today",5,294962,53.56
"best thing tv",5,294967,53.56
"best time get",5,294972,53.56
"best town stop",5,294977,53.57
"best tv shows",5,294982,53.57
"best twitter app",5,294987,53.57
"best twitter friend",5,294992,53.57
"best valentines day",5,294997,53.57
"best video game",5,295002,53.57
"best way beat",5,295007,53.57
"best way break",5,295012,53.57
"best way build",5,295017,53.57
"best way live",5,295022,53.57
"best way love",5,295027,53.57
"best way send",5,295032,53.58
"best way way",5,295037,53.58
"best wishes friends",5,295042,53.58
"best wishes happy",5,295047,53.58
"best wishes hope",5,295052,53.58
"best wishes successful",5,295057,53.58
"beta let know",5,295062,53.58
"better accompanied arnold",5,295067,53.58
"better angels nature",5,295072,53.58
"better best let",5,295077,53.58
"better get bed",5,295082,53.58
"better get good",5,295087,53.59
"better get twitter",5,295092,53.59
"better hope don",5,295097,53.59
"better hurry get",5,295102,53.59
"better leave alone",5,295107,53.59
"better real soon",5,295112,53.59
"better really good",5,295117,53.59
"better seems like",5,295122,53.59
"better speech hearing",5,295127,53.59
"better stop playing",5,295132,53.59
"better tell heard",5,295137,53.59
"better try better",5,295142,53.6
"better way kick",5,295147,53.6
"better win game",5,295152,53.6
"better world books",5,295157,53.6
"better year last",5,295162,53.6
"big boy pants",5,295167,53.6
"big day yesterday",5,295172,53.6
"big deal anything",5,295177,53.6
"big deal get",5,295182,53.6
"big deal like",5,295187,53.6
"big fan good",5,295192,53.6
"big fan like",5,295197,53.61
"big fan music",5,295202,53.61
"big go hard",5,295207,53.61
"big hug kiss",5,295212,53.61
"big meeting today",5,295217,53.61
"big mistakes year",5,295222,53.61
"big money big",5,295227,53.61
"big teddy bear",5,295232,53.61
"big thanks awesome",5,295237,53.61
"big thanks followers",5,295242,53.61
"big thanks friends",5,295247,53.61
"big thanks helping",5,295252,53.62
"big thanks love",5,295257,53.62
"big thanks support",5,295262,53.62
"big things robert",5,295267,53.62
"big time game",5,295272,53.62
"big time summer",5,295277,53.62
"big weekend coming",5,295282,53.62
"biggest fan follow",5,295287,53.62
"biggest fan get",5,295292,53.62
"biggest fan world",5,295297,53.62
"biggest mistake girl",5,295302,53.62
"bikes arrest people",5,295307,53.63
"bill build million",5,295312,53.63
"billion dollar industry",5,295317,53.63
"birthday coming soon",5,295322,53.63
"birthday dinner tonight",5,295327,53.63
"birthday hope make",5,295332,53.63
"birthday hope ur",5,295337,53.63
"birthday hope wishes",5,295342,53.63
"birthday justin hope",5,295347,53.63
"birthday love thank",5,295352,53.63
"birthday party fun",5,295357,53.63
"birthday party last",5,295362,53.64
"birthday party like",5,295367,53.64
"birthday thanks great",5,295372,53.64
"birthday today birthday",5,295377,53.64
"birthday today hope",5,295382,53.64
"birthday today make",5,295387,53.64
"birthday wait celebrate",5,295392,53.64
"bishop eddie long",5,295397,53.64
"bit heaven wild",5,295402,53.64
"bitter sweet symphony",5,295407,53.64
"blah blah bored",5,295412,53.64
"blast looking forward",5,295417,53.65
"blessed backed best",5,295422,53.65
"blessed day good",5,295427,53.65
"bliss exercise health",5,295432,53.65
"blog post got",5,295437,53.65
"blogging let know",5,295442,53.65
"blue bell ice",5,295447,53.65
"blue fingers middle",5,295452,53.65
"blues crystal city",5,295457,53.65
"body good health",5,295462,53.65
"body mass index",5,295467,53.65
"body parts money",5,295472,53.66
"book abroad historical",5,295477,53.66
"book last week",5,295482,53.66
"book reading right",5,295487,53.66
"book social media",5,295492,53.66
"booked supporting role",5,295497,53.66
"books cover catch",5,295502,53.66
"books mark twain",5,295507,53.66
"booth mention tweet",5,295512,53.66
"bored pc pc",5,295517,53.66
"bored ready go",5,295522,53.66
"born happy birthday",5,295527,53.67
"born ladies room",5,295532,53.67
"born real perfect",5,295537,53.67
"bosh looks like",5,295542,53.67
"boston looking forward",5,295547,53.67
"both look like",5,295552,53.67
"bother read inside",5,295557,53.67
"bottle service vip",5,295562,53.67
"bought winning ticket",5,295567,53.67
"bought years ago",5,295572,53.67
"bout get day",5,295577,53.67
"bout get new",5,295582,53.68
"bout just go",5,295587,53.68
"bout watch avengers",5,295592,53.68
"bowl half time",5,295597,53.68
"bowl hi lanes",5,295602,53.68
"bowl let go",5,295607,53.68
"bowling calories burned",5,295612,53.68
"boy got heart",5,295617,53.68
"boy meets girl",5,295622,53.68
"boyfriend friend end",5,295627,53.68
"boyfriend just got",5,295632,53.68
"boyfriend played song",5,295637,53.69
"boyfriend stop playing",5,295642,53.69
"bp oil spill",5,295647,53.69
"brain wish trend",5,295652,53.69
"brand new coming",5,295657,53.69
"brand new laptop",5,295662,53.69
"brands future use",5,295667,53.69
"brass monkey west",5,295672,53.69
"bread sm drink",5,295677,53.69
"breaking news breaking",5,295682,53.69
"breaking news james",5,295687,53.69
"breaking news new",5,295692,53.7
"breathing driven bob",5,295697,53.7
"breathing tell know",5,295702,53.7
"brewers spring training",5,295707,53.7
"brian error url",5,295712,53.7
"bright future ahead",5,295717,53.7
"bright gotta wear",5,295722,53.7
"bring student id",5,295727,53.7
"britain got talent",5,295732,53.7
"british accent sounds",5,295737,53.7
"broken fan belt",5,295742,53.7
"broken words left",5,295747,53.71
"broncos ring fame",5,295752,53.71
"brothers baseball game",5,295757,53.71
"bruins let go",5,295762,53.71
"brush teeth go",5,295767,53.71
"btw did get",5,295772,53.71
"buddy long time",5,295777,53.71
"build self esteem",5,295782,53.71
"builder exchange event",5,295787,53.71
"bulls derrick rose",5,295792,53.71
"bully feed soul",5,295797,53.71
"bullying needs stop",5,295802,53.72
"bullying ran twitter",5,295807,53.72
"bureau labor statistics",5,295812,53.72
"burger fries drink",5,295817,53.72
"burgers happy hour",5,295822,53.72
"burned broken works",5,295827,53.72
"bus just drove",5,295832,53.72
"bus min late",5,295837,53.72
"business absolutely devoted",5,295842,53.72
"business business heart",5,295847,53.72
"business life get",5,295852,53.72
"business meeting today",5,295857,53.73
"business owners need",5,295862,53.73
"businesses professionals become",5,295867,53.73
"busy day lots",5,295872,53.73
"busy just got",5,295877,53.73
"butterflies creek mall",5,295882,53.73
"buy beer harper",5,295887,53.73
"buy drink get",5,295892,53.73
"buy happiness buy",5,295897,53.73
"buy happiness comfortable",5,295902,53.73
"buy mother day",5,295907,53.73
"buy sausage get",5,295912,53.74
"buy taco bell",5,295917,53.74
"buzz light year",5,295922,53.74
"bye guys love",5,295927,53.74
"ca live updates",5,295932,53.74
"cakes www com",5,295937,53.74
"california los angeles",5,295942,53.74
"california new york",5,295947,53.74
"california san diego",5,295952,53.74
"called hunger games",5,295957,53.74
"called www com",5,295962,53.74
"calling night sweet",5,295967,53.75
"canvas nature imagination",5,295972,53.75
"cap community acceptance",5,295977,53.75
"cap gown graduation",5,295982,53.75
"car go work",5,295987,53.75
"car insurance switching",5,295992,53.75
"car lets cross",5,295997,53.75
"car license plate",5,296002,53.75
"car oil change",5,296007,53.75
"caramel ice cream",5,296012,53.75
"card carrying member",5,296017,53.75
"card winner congratulations",5,296022,53.76
"care anyone thinks",5,296027,53.76
"care get hurt",5,296032,53.76
"care look want",5,296037,53.76
"care weight clothes",5,296042,53.76
"career ending injury",5,296047,53.76
"career thank folks",5,296052,53.76
"careful reading health",5,296057,53.76
"carries seed equal",5,296062,53.76
"case anyone wondering",5,296067,53.76
"case haven seen",5,296072,53.76
"cash bob hope",5,296077,53.77
"cash jobs hope",5,296082,53.77
"cash paid jacket",5,296087,53.77
"casino las vegas",5,296092,53.77
"casino lucky ones",5,296097,53.77
"casting friend bad",5,296102,53.77
"casual encounters missed",5,296107,53.77
"catering take cent",5,296112,53.77
"caught foul ball",5,296117,53.77
"caught looks like",5,296122,53.77
"caught myself saying",5,296127,53.77
"cause accidents accidents",5,296132,53.78
"cause gonna get",5,296137,53.78
"cause make heart",5,296142,53.78
"cause need money",5,296147,53.78
"cbs monday live",5,296152,53.78
"cd dj don",5,296157,53.78
"cd let know",5,296162,53.78
"celebrate celebrate celebrate",5,296167,53.78
"celebrate heroes maya",5,296172,53.78
"celebrate labor day",5,296177,53.78
"celebrate st day",5,296182,53.78
"celebrating women history",5,296187,53.79
"celebrating yr anniversary",5,296192,53.79
"cell phone plan",5,296197,53.79
"cell phone think",5,296202,53.79
"cell phone video",5,296207,53.79
"cent wings pm",5,296212,53.79
"center answer know",5,296217,53.79
"center buy game",5,296222,53.79
"center pm pm",5,296227,53.79
"center www com",5,296232,53.79
"central get real",5,296237,53.79
"central standard time",5,296242,53.8
"century french round",5,296247,53.8
"century link field",5,296252,53.8
"ceo results earnings",5,296257,53.8
"certain improving own",5,296262,53.8
"certain online tournament",5,296267,53.8
"certain people just",5,296272,53.8
"certain way wrong",5,296277,53.8
"ch time warner",5,296282,53.8
"chance make right",5,296287,53.8
"chance modeling contract",5,296292,53.8
"chance must sought",5,296297,53.81
"chance take place",5,296302,53.81
"chance win band",5,296307,53.81
"chance win big",5,296312,53.81
"chance win cash",5,296317,53.81
"chance win copy",5,296322,53.81
"chance win normal",5,296327,53.81
"chance win visa",5,296332,53.81
"chances changes must",5,296337,53.81
"change don grow",5,296342,53.81
"change fate change",5,296347,53.81
"change good thing",5,296352,53.82
"change just don",5,296357,53.82
"change lives need",5,296362,53.82
"change past ruin",5,296367,53.82
"change past sure",5,296372,53.82
"change people merely",5,296377,53.82
"change playlist kc",5,296382,53.82
"change ur life",5,296387,53.82
"change ur profile",5,296392,53.82
"change world better",5,296397,53.82
"changed password hope",5,296402,53.82
"changed world peace",5,296407,53.83
"changes must make",5,296412,53.83
"changing way think",5,296417,53.83
"chapter life keep",5,296422,53.83
"character ralph emerson",5,296427,53.83
"charging verse cause",5,296432,53.83
"charity sees need",5,296437,53.83
"chat today pm",5,296442,53.83
"cheat tiger wood",5,296447,53.83
"cheating choice mistake",5,296452,53.83
"cheating good girl",5,296457,53.83
"check new exhibit",5,296462,53.84
"check new shirts",5,296467,53.84
"check new spring",5,296472,53.84
"check new store",5,296477,53.84
"check new stuff",5,296482,53.84
"check new web",5,296487,53.84
"check poised creation",5,296492,53.84
"check rated companies",5,296497,53.84
"check think like",5,296502,53.84
"check web www",5,296507,53.84
"checking second love",5,296512,53.84
"checkout single youtube",5,296517,53.85
"cheese burger combo",5,296522,53.85
"cheese sour cream",5,296527,53.85
"cheese steak sandwich",5,296532,53.85
"cheesecake ice cream",5,296537,53.85
"chef tasting menu",5,296542,53.85
"chelsea champions league",5,296547,53.85
"chelsea fa cup",5,296552,53.85
"chemistry must wife",5,296557,53.85
"chess queen king",5,296562,53.85
"chicago bears sign",5,296567,53.85
"chicago deep dish",5,296572,53.86
"chicago great place",5,296577,53.86
"chicago west loop",5,296582,53.86
"chicken salad sandwich",5,296587,53.86
"chicken sandwich fries",5,296592,53.86
"chicken wild rice",5,296597,53.86
"chief content officer",5,296602,53.86
"chief financial officer",5,296607,53.86
"chief medical officer",5,296612,53.86
"child artist problem",5,296617,53.86
"child thought thought",5,296622,53.86
"children henry ward",5,296627,53.87
"children repair broken",5,296632,53.87
"children teenagers own",5,296637,53.87
"china say made",5,296642,53.87
"chocolate sweets stressed",5,296647,53.87
"choices make life",5,296652,53.87
"choir concert tonight",5,296657,53.87
"choose turning page",5,296662,53.87
"chosen cookies best",5,296667,53.87
"chris brown won",5,296672,53.87
"chris davis just",5,296677,53.87
"christmas family friends",5,296682,53.88
"christmas hope good",5,296687,53.88
"christmas looking forward",5,296692,53.88
"christmas www com",5,296697,53.88
"chuck brown go",5,296702,53.88
"cinema watch forever",5,296707,53.88
"cinnamon ice cream",5,296712,53.88
"city center tenants",5,296717,53.88
"city new orleans",5,296722,53.88
"city tavern best",5,296727,53.88
"class last day",5,296732,53.88
"class start pm",5,296737,53.89
"class today pm",5,296742,53.89
"classes today just",5,296747,53.89
"classes www com",5,296752,53.89
"clearly rain gone",5,296757,53.89
"click bang bang",5,296762,53.89
"climbed stepping opportunity",5,296767,53.89
"clippers come win",5,296772,53.89
"close alcohol small",5,296777,53.89
"close followers help",5,296782,53.89
"close move seats",5,296787,53.89
"closed monday july",5,296792,53.9
"closed private event",5,296797,53.9
"closed sunday easter",5,296802,53.9
"closed tomorrow holiday",5,296807,53.9
"closed tonight private",5,296812,53.9
"cloudy highs near",5,296817,53.9
"cloudy scattered showers",5,296822,53.9
"cloudy slight chance",5,296827,53.9
"club hosting paint",5,296832,53.9
"club number invite",5,296837,53.9
"club rsvp text",5,296842,53.9
"coach www com",5,296847,53.91
"coast best coast",5,296852,53.91
"coast coast tour",5,296857,53.91
"coast east coast",5,296862,53.91
"coast time zone",5,296867,53.91
"cod liver oil",5,296872,53.91
"cody austin tweet",5,296877,53.91
"coffee eugene area",5,296882,53.91
"coffee good morning",5,296887,53.91
"coke made pepsi",5,296892,53.91
"cold goes away",5,296897,53.91
"collaboration creating making",5,296902,53.92
"collection amazon com",5,296907,53.92
"college financial aid",5,296912,53.92
"colts andrew luck",5,296917,53.92
"com brian error",5,296922,53.92
"com click radio",5,296927,53.92
"com earn cash",5,296932,53.92
"com free post",5,296937,53.92
"com great music",5,296942,53.92
"com just register",5,296947,53.92
"com make happier",5,296952,53.92
"com stay tuned",5,296957,53.93
"com supply leads",5,296962,53.93
"com today sell",5,296967,53.93
"com watch favorite",5,296972,53.93
"come author speak",5,296977,53.93
"come bring friend",5,296982,53.93
"come check awesome",5,296987,53.93
"come check com",5,296992,53.93
"come check free",5,296997,53.93
"come check games",5,297002,53.93
"come check th",5,297007,53.93
"come city gear",5,297012,53.94
"come dispatch st",5,297017,53.94
"come fork road",5,297022,53.94
"come good luck",5,297027,53.94
"come home day",5,297032,53.94
"come home eat",5,297037,53.94
"come home go",5,297042,53.94
"come home need",5,297047,53.94
"come join discussion",5,297052,53.94
"come join game",5,297057,53.94
"come join happy",5,297062,53.94
"come join weekend",5,297067,53.95
"come lets get",5,297072,53.95
"come lunch dinner",5,297077,53.95
"come naturally david",5,297082,53.95
"come skinny love",5,297087,53.95
"come soon miss",5,297092,53.95
"come soon visit",5,297097,53.95
"come tear hard",5,297102,53.95
"come th floor",5,297107,53.95
"come tonight watch",5,297112,53.95
"come visit just",5,297117,53.95
"come visit table",5,297122,53.96
"come visit tonight",5,297127,53.96
"come win game",5,297132,53.96
"comedy central get",5,297137,53.96
"comedy different time",5,297142,53.96
"comedy www com",5,297147,53.96
"comes day keep",5,297152,53.96
"comes home tomorrow",5,297157,53.96
"comes home work",5,297162,53.96
"comes life send",5,297167,53.96
"comes social media",5,297172,53.96
"comes time choose",5,297177,53.97
"comics rock nyc",5,297182,53.97
"coming anytime soon",5,297187,53.97
"coming details soon",5,297192,53.97
"coming florida anytime",5,297197,53.97
"coming home long",5,297202,53.97
"coming home love",5,297207,53.97
"coming home summer",5,297212,53.97
"coming home week",5,297217,53.97
"coming hope fun",5,297222,53.97
"coming matters going",5,297227,53.97
"coming mile away",5,297232,53.98
"coming new music",5,297237,53.98
"coming visit weekend",5,297242,53.98
"command attention world",5,297247,53.98
"command english language",5,297252,53.98
"commercials actually face",5,297257,53.98
"commissioner david stern",5,297262,53.98
"commit lord plans",5,297267,53.98
"commitment leads action",5,297272,53.98
"committed loved cheated",5,297277,53.98
"committed people change",5,297282,53.98
"communicate ultimately quality",5,297287,53.99
"community association meeting",5,297292,53.99
"company customer experience",5,297297,53.99
"company like invite",5,297302,53.99
"complete fool myself",5,297307,53.99
"complete game shutout",5,297312,53.99
"concert win tickets",5,297317,53.99
"concerts shows take",5,297322,53.99
"conference look forward",5,297327,53.99
"congratulations sounds like",5,297332,53.99
"congratulations won raffle",5,297337,53.99
"connect happy customers",5,297342,54
"connecting let know",5,297347,54
"conscious consumer guide",5,297352,54
"constant proof loves",5,297357,54
"consumer guide supporting",5,297362,54
"contact email address",5,297367,54
"contact info get",5,297372,54
"contest chance win",5,297377,54
"contest giving away",5,297382,54
"contribution robert kennedy",5,297387,54
"conversation going don",5,297392,54
"conversation let know",5,297397,54.01
"conversation social media",5,297402,54.01
"conversation year old",5,297407,54.01
"cook dinner tonight",5,297412,54.01
"cookie ice cream",5,297417,54.01
"cooking channel innovative",5,297422,54.01
"cool beans thanks",5,297427,54.01
"cool don care",5,297432,54.01
"cool don think",5,297437,54.01
"cool glad like",5,297442,54.01
"cool lemme know",5,297447,54.01
"cool wait hear",5,297452,54.02
"cope instant laughing",5,297457,54.02
"corner universe certain",5,297462,54.02
"corps relative minor",5,297467,54.02
"correct tweet wins",5,297472,54.02
"correctly say word",5,297477,54.02
"costume dance party",5,297482,54.02
"couch watching movies",5,297487,54.02
"count things money",5,297492,54.02
"countdown begin days",5,297497,54.02
"countdown begins days",5,297502,54.02
"country ask country",5,297507,54.03
"country line dancing",5,297512,54.03
"country music artist",5,297517,54.03
"country music singer",5,297522,54.03
"couple days wait",5,297527,54.03
"couple weeks away",5,297532,54.03
"couple weeks left",5,297537,54.03
"courage quiet voice",5,297542,54.03
"court last night",5,297547,54.03
"cover drink specials",5,297552,54.03
"cover somebody used",5,297557,54.03
"cow natural review",5,297562,54.04
"crawl hiding place",5,297567,54.04
"crazy bullying ran",5,297572,54.04
"crazy don give",5,297577,54.04
"crazy don know",5,297582,54.04
"crazy like believe",5,297587,54.04
"crazy looks like",5,297592,54.04
"crazy think years",5,297597,54.04
"cream cake chocolate",5,297602,54.04
"cream truck playing",5,297607,54.04
"create customer peter",5,297612,54.04
"create ur own",5,297617,54.05
"creating making work",5,297622,54.05
"creation blessed backed",5,297627,54.05
"creation building network",5,297632,54.05
"creation look great",5,297637,54.05
"creation might give",5,297642,54.05
"creation store music",5,297647,54.05
"creation wrapping great",5,297652,54.05
"creative confession johnson",5,297657,54.05
"credit card bill",5,297662,54.05
"credit card machine",5,297667,54.05
"credit card number",5,297672,54.06
"crew last night",5,297677,54.06
"crew looking forward",5,297682,54.06
"criticized anyway roosevelt",5,297687,54.06
"cross fingers hope",5,297692,54.06
"crunchy peanut butter",5,297697,54.06
"crush hour like",5,297702,54.06
"crush like like",5,297707,54.06
"crying listen hear",5,297712,54.06
"crystal clear pools",5,297717,54.06
"cs master collection",5,297722,54.06
"cuban club patio",5,297727,54.07
"cunningham new york",5,297732,54.07
"cup coffee feel",5,297737,54.07
"cup coffee just",5,297742,54.07
"curious case benjamin",5,297747,54.07
"curious hear think",5,297752,54.07
"customer comment board",5,297757,54.07
"customer experience rarely",5,297762,54.07
"customer service customer",5,297767,54.07
"customer service dept",5,297772,54.07
"customer service don",5,297777,54.07
"customer service great",5,297782,54.08
"customer service just",5,297787,54.08
"customer service reps",5,297792,54.08
"customer service team",5,297797,54.08
"customer service today",5,297802,54.08
"cute just like",5,297807,54.08
"cute thanks sharing",5,297812,54.08
"cutting hair short",5,297817,54.08
"cutting room floor",5,297822,54.08
"da dream day",5,297827,54.08
"da public eye",5,297832,54.08
"daily coaching www",5,297837,54.09
"daily creative confession",5,297842,54.09
"daily happy hour",5,297847,54.09
"daily racing form",5,297852,54.09
"dan guitar bar",5,297857,54.09
"dance flash mob",5,297862,54.09
"dance rain greene",5,297867,54.09
"dance tonight pm",5,297872,54.09
"dancer dance throw",5,297877,54.09
"dancing michael jackson",5,297882,54.09
"dancing till world",5,297887,54.09
"danger aim high",5,297892,54.1
"dangerous sincere ignorance",5,297897,54.1
"danny paul george",5,297902,54.1
"dare live life",5,297907,54.1
"dare sure thing",5,297912,54.1
"dark twisted fantasy",5,297917,54.1
"dated committed loved",5,297922,54.1
"daughter just said",5,297927,54.1
"david looking forward",5,297932,54.1
"david st deliver",5,297937,54.1
"day bad day",5,297942,54.1
"day buy tickets",5,297947,54.11
"day cause know",5,297952,54.11
"day chicken beef",5,297957,54.11
"day christmas favorite",5,297962,54.11
"day college football",5,297967,54.11
"day come eat",5,297972,54.11
"day come home",5,297977,54.11
"day come join",5,297982,54.11
"day come say",5,297987,54.11
"day come tonight",5,297992,54.11
"day day celebrate",5,297997,54.11
"day day filled",5,298002,54.12
"day day love",5,298007,54.12
"day day old",5,298012,54.12
"day don remember",5,298017,54.12
"day don understand",5,298022,54.12
"day done done",5,298027,54.12
"day early voting",5,298032,54.12
"day eventually get",5,298037,54.12
"day feeling good",5,298042,54.12
"day filled fun",5,298047,54.12
"day finally home",5,298052,54.12
"day fingers crossed",5,298057,54.13
"day fort worth",5,298062,54.13
"day get fresh",5,298067,54.13
"day get new",5,298072,54.13
"day get rest",5,298077,54.13
"day get support",5,298082,54.13
"day get use",5,298087,54.13
"day giving thanks",5,298092,54.13
"day glad get",5,298097,54.13
"day go school",5,298102,54.13
"day going home",5,298107,54.13
"day going need",5,298112,54.14
"day good times",5,298117,54.14
"day gotta go",5,298122,54.14
"day great news",5,298127,54.14
"day happy holidays",5,298132,54.14
"day happy national",5,298137,54.14
"day happy st",5,298142,54.14
"day happy thanksgiving",5,298147,54.14
"day hip hop",5,298152,54.14
"day just going",5,298157,54.14
"day just know",5,298162,54.14
"day just start",5,298167,54.15
"day just started",5,298172,54.15
"day kansas city",5,298177,54.15
"day lets get",5,298182,54.15
"day life flash",5,298187,54.15
"day like christmas",5,298192,54.15
"day like year",5,298197,54.15
"day listen new",5,298202,54.15
"day live day",5,298207,54.15
"day lots love",5,298212,54.15
"day love follow",5,298217,54.15
"day love get",5,298222,54.16
"day love good",5,298227,54.16
"day love heart",5,298232,54.16
"day love life",5,298237,54.16
"day love lots",5,298242,54.16
"day love miss",5,298247,54.16
"day love takes",5,298252,54.16
"day lovely ladies",5,298257,54.16
"day memorial day",5,298262,54.16
"day might get",5,298267,54.16
"day miller park",5,298272,54.16
"day national holiday",5,298277,54.17
"day needs end",5,298282,54.17
"day new start",5,298287,54.17
"day night getting",5,298292,54.17
"day notice follow",5,298297,54.17
"day notice gonna",5,298302,54.17
"day ones love",5,298307,54.17
"day plant sale",5,298312,54.17
"day pretty sure",5,298317,54.17
"day prevent teen",5,298322,54.17
"day safe fun",5,298327,54.17
"day san antonio",5,298332,54.18
"day school day",5,298337,54.18
"day school love",5,298342,54.18
"day sit outside",5,298347,54.18
"day st patrick",5,298352,54.18
"day taking care",5,298357,54.18
"day tell love",5,298362,54.18
"day thankful great",5,298367,54.18
"day thanks following",5,298372,54.18
"day thanks great",5,298377,54.18
"day thanks support",5,298382,54.18
"day thursdays dj",5,298387,54.19
"day tomorrow hope",5,298392,54.19
"day tomorrow time",5,298397,54.19
"day weekend anyone",5,298402,54.19
"day weekend come",5,298407,54.19
"day weekend day",5,298412,54.19
"day weekend did",5,298417,54.19
"day weekend enjoy",5,298422,54.19
"day weekend get",5,298427,54.19
"day weeks away",5,298432,54.19
"day work get",5,298437,54.19
"day work go",5,298442,54.2
"day work going",5,298447,54.2
"day work good",5,298452,54.2
"day work hard",5,298457,54.2
"day work looking",5,298462,54.2
"day work went",5,298467,54.2
"days ago don",5,298472,54.2
"days ago good",5,298477,54.2
"days ago haven",5,298482,54.2
"days days school",5,298487,54.2
"days don get",5,298492,54.2
"days good luck",5,298497,54.21
"days left register",5,298502,54.21
"days left summer",5,298507,54.21
"days let get",5,298512,54.21
"days like want",5,298517,54.21
"days long time",5,298522,54.21
"days long years",5,298527,54.21
"days non stop",5,298532,54.21
"days take advantage",5,298537,54.21
"days till vegas",5,298542,54.21
"days time get",5,298547,54.21
"dc city council",5,298552,54.22
"dc stay tuned",5,298557,54.22
"dc united game",5,298562,54.22
"deaf hard hearing",5,298567,54.22
"deals california express",5,298572,54.22
"dear music thank",5,298577,54.22
"dear phone drop",5,298582,54.22
"dear san diego",5,298587,54.22
"debate last night",5,298592,54.22
"decent night sleep",5,298597,54.22
"decide going live",5,298602,54.22
"decided go bed",5,298607,54.23
"declared impossible done",5,298612,54.23
"deep fried butter",5,298617,54.23
"deep inside dream",5,298622,54.23
"define thomas jefferson",5,298627,54.23
"defining marriage union",5,298632,54.23
"definitely gonna make",5,298637,54.23
"definitely good thing",5,298642,54.23
"definitely just made",5,298647,54.23
"definitely kind day",5,298652,54.23
"definitely seems like",5,298657,54.23
"definitely take look",5,298662,54.24
"definitely want go",5,298667,54.24
"definition insanity doing",5,298672,54.24
"degrees outside right",5,298677,54.24
"del mar sm",5,298682,54.24
"delete account start",5,298687,54.24
"deleted twitter page",5,298692,54.24
"delicious ice cream",5,298697,54.24
"deliver bad news",5,298702,54.24
"demand freedom speech",5,298707,54.24
"demanded must regard",5,298712,54.24
"dentist appointment tomorrow",5,298717,54.25
"denver sept www",5,298722,54.25
"denver union station",5,298727,54.25
"depend depends solely",5,298732,54.25
"depends last hunger",5,298737,54.25
"depends solely think",5,298742,54.25
"depressed eat go",5,298747,54.25
"desk looks like",5,298752,54.25
"despite popular belief",5,298757,54.25
"destroying enemies make",5,298762,54.25
"destructive relationship email",5,298767,54.25
"determination hard work",5,298772,54.26
"determine succeed richard",5,298777,54.26
"determine thing shall",5,298782,54.26
"develop hunger accomplish",5,298787,54.26
"develop passion learning",5,298792,54.26
"developer based information",5,298797,54.26
"devils food cake",5,298802,54.26
"devils martini old",5,298807,54.26
"devoted service worry",5,298812,54.26
"diamonds best friend",5,298817,54.26
"did anyone check",5,298822,54.26
"did anyone record",5,298827,54.26
"did anything funny",5,298832,54.27
"did candidate cleveland",5,298837,54.27
"did catch last",5,298842,54.27
"did check new",5,298847,54.27
"did don think",5,298852,54.27
"did find twitter",5,298857,54.27
"did go bed",5,298862,54.27
"did go game",5,298867,54.27
"did go high",5,298872,54.27
"did good work",5,298877,54.27
"did great love",5,298882,54.27
"did great work",5,298887,54.28
"did happy dance",5,298892,54.28
"did hear going",5,298897,54.28
"did hope did",5,298902,54.28
"did just buy",5,298907,54.28
"did just fall",5,298912,54.28
"did just fine",5,298917,54.28
"did just follow",5,298922,54.28
"did just give",5,298927,54.28
"did just sing",5,298932,54.28
"did just think",5,298937,54.28
"did just use",5,298942,54.29
"did just walk",5,298947,54.29
"did last minute",5,298952,54.29
"did legs workout",5,298957,54.29
"did like video",5,298962,54.29
"did like years",5,298967,54.29
"did lot people",5,298972,54.29
"did made happy",5,298977,54.29
"did make cut",5,298982,54.29
"did make home",5,298987,54.29
"did make sure",5,298992,54.29
"did manage get",5,298997,54.3
"did miss today",5,299002,54.3
"did move miami",5,299007,54.3
"did pretty sure",5,299012,54.3
"did say just",5,299017,54.3
"did stay home",5,299022,54.3
"did think come",5,299027,54.3
"did think like",5,299032,54.3
"did think season",5,299037,54.3
"did think video",5,299042,54.3
"did twitter change",5,299047,54.3
"did wake early",5,299052,54.31
"did www com",5,299057,54.31
"did yard work",5,299062,54.31
"did years go",5,299067,54.31
"did yesterday seems",5,299072,54.31
"diego comic con",5,299077,54.31
"diego home garden",5,299082,54.31
"difference helping uncle",5,299087,54.31
"difference school life",5,299092,54.31
"difference style fashion",5,299097,54.31
"different time don",5,299102,54.31
"difficult takes day",5,299107,54.32
"dig best success",5,299112,54.32
"digital social media",5,299117,54.32
"dinner date tonight",5,299122,54.32
"dinner looking forward",5,299127,54.32
"dinner mon tues",5,299132,54.32
"dinner plans tonight",5,299137,54.32
"dinner tonight great",5,299142,54.32
"direct message account",5,299147,54.32
"direct message info",5,299152,54.32
"direct message sent",5,299157,54.32
"direct message twitter",5,299162,54.33
"direct message winner",5,299167,54.33
"direct messages twitter",5,299172,54.33
"discover limits possible",5,299177,54.33
"discovery get real",5,299182,54.33
"discovery said accident",5,299187,54.33
"disney concert hall",5,299192,54.33
"distance makes heart",5,299197,54.33
"divide small jobs",5,299202,54.33
"dj special guest",5,299207,54.33
"doc rivers kg",5,299212,54.33
"does better job",5,299217,54.34
"does coffee taste",5,299222,54.34
"does cost get",5,299227,54.34
"does fantastic job",5,299232,54.34
"does make good",5,299237,54.34
"does moses make",5,299242,54.34
"does thing work",5,299247,54.34
"dog park today",5,299252,54.34
"doing awesome work",5,299257,54.34
"doing believe going",5,299262,54.34
"doing fine job",5,299267,54.34
"doing fine thanks",5,299272,54.35
"doing fun things",5,299277,54.35
"doing getting ready",5,299282,54.35
"doing good doing",5,299287,54.35
"doing good getting",5,299292,54.35
"doing good good",5,299297,54.35
"doing great doing",5,299302,54.35
"doing keep great",5,299307,54.35
"doing little bit",5,299312,54.35
"doing little things",5,299317,54.35
"doing make sure",5,299322,54.35
"doing meet greet",5,299327,54.36
"doing new things",5,299332,54.36
"doing order learn",5,299337,54.36
"doing ordinary things",5,299342,54.36
"doing right just",5,299347,54.36
"doing right way",5,299352,54.36
"doing today make",5,299357,54.36
"doing tomorrow night",5,299362,54.36
"dollars junk cars",5,299367,54.36
"dollars weave plus",5,299372,54.36
"don believe need",5,299377,54.36
"don compare life",5,299382,54.37
"don feel comfortable",5,299387,54.37
"don feel love",5,299392,54.37
"don feel sad",5,299397,54.37
"don forget address",5,299402,54.37
"don forget brush",5,299407,54.37
"don forget came",5,299412,54.37
"don forget contest",5,299417,54.37
"don forget enjoy",5,299422,54.37
"don forget express",5,299427,54.37
"don forget fill",5,299432,54.37
"don forget food",5,299437,54.38
"don forget hashtag",5,299442,54.38
"don forget having",5,299447,54.38
"don forget hit",5,299452,54.38
"don forget hug",5,299457,54.38
"don forget keep",5,299462,54.38
"don forget leave",5,299467,54.38
"don forget let",5,299472,54.38
"don forget lunch",5,299477,54.38
"don forget pray",5,299482,54.38
"don forget purchase",5,299487,54.38
"don forget start",5,299492,54.39
"don forget think",5,299497,54.39
"don forget tip",5,299502,54.39
"don forget water",5,299507,54.39
"don give baby",5,299512,54.39
"don give credit",5,299517,54.39
"don give get",5,299522,54.39
"don give head",5,299527,54.39
"don go breaking",5,299532,54.39
"don go just",5,299537,54.39
"don go planned",5,299542,54.39
"don go saying",5,299547,54.4
"don grow don",5,299552,54.4
"don hate beautiful",5,299557,54.4
"don hate game",5,299562,54.4
"don hate happens",5,299567,54.4
"don hit don",5,299572,54.4
"don judge person",5,299577,54.4
"don just feel",5,299582,54.4
"don just follow",5,299587,54.4
"don just let",5,299592,54.4
"don just live",5,299597,54.4
"don just think",5,299602,54.41
"don knock till",5,299607,54.41
"don know agree",5,299612,54.41
"don know answers",5,299617,54.41
"don know asking",5,299622,54.41
"don know awesome",5,299627,54.41
"don know bought",5,299632,54.41
"don know came",5,299637,54.41
"don know cry",5,299642,54.41
"don know enjoy",5,299647,54.41
"don know facts",5,299652,54.41
"don know fan",5,299657,54.42
"don know gave",5,299662,54.42
"don know gone",5,299667,54.42
"don know great",5,299672,54.42
"don know heart",5,299677,54.42
"don know hurt",5,299682,54.42
"don know hurts",5,299687,54.42
"don know inevitable",5,299692,54.42
"don know jack",5,299697,54.42
"don know kids",5,299702,54.42
"don know knew",5,299707,54.42
"don know leave",5,299712,54.43
"don know listen",5,299717,54.43
"don know listening",5,299722,54.43
"don know longer",5,299727,54.43
"don know looking",5,299732,54.43
"don know lot",5,299737,54.43
"don know manage",5,299742,54.43
"don know nice",5,299747,54.43
"don know played",5,299752,54.43
"don know realize",5,299757,54.43
"don know reason",5,299762,54.43
"don know sister",5,299767,54.44
"don know son",5,299772,54.44
"don know sound",5,299777,54.44
"don know text",5,299782,54.44
"don know took",5,299787,54.44
"don know understand",5,299792,54.44
"don know woman",5,299797,54.44
"don know writing",5,299802,54.44
"don know yelling",5,299807,54.44
"don look right",5,299812,54.44
"don love looks",5,299817,54.44
"don make get",5,299822,54.45
"don make just",5,299827,54.45
"don make laugh",5,299832,54.45
"don make man",5,299837,54.45
"don make playoffs",5,299842,54.45
"don make take",5,299847,54.45
"don make time",5,299852,54.45
"don make wait",5,299857,54.45
"don make work",5,299862,54.45
"don make worse",5,299867,54.45
"don mention luck",5,299872,54.45
"don notice things",5,299877,54.46
"don play game",5,299882,54.46
"don pretend don",5,299887,54.46
"don prison inmates",5,299892,54.46
"don quit suffer",5,299897,54.46
"don really watch",5,299902,54.46
"don regret anything",5,299907,54.46
"don remember days",5,299912,54.46
"don remember did",5,299917,54.46
"don say miss",5,299922,54.46
"don school today",5,299927,54.46
"don shy say",5,299932,54.47
"don sit wait",5,299937,54.47
"don smoke don",5,299942,54.47
"don somebody waiting",5,299947,54.47
"don spend day",5,299952,54.47
"don spend money",5,299957,54.47
"don spend place",5,299962,54.47
"don stop dj",5,299967,54.47
"don stop doing",5,299972,54.47
"don stop making",5,299977,54.47
"don stop talking",5,299982,54.47
"don succeed success",5,299987,54.48
"don surprised don",5,299992,54.48
"don take hard",5,299997,54.48
"don take people",5,300002,54.48
"don take risks",5,300007,54.48
"don talk lot",5,300012,54.48
"don talk way",5,300017,54.48
"don tell doing",5,300022,54.48
"don tell going",5,300027,54.48
"don tell gonna",5,300032,54.48
"don tell think",5,300037,54.48
"don think ask",5,300042,54.49
"don think close",5,300047,54.49
"don think cool",5,300052,54.49
"don think gone",5,300057,54.49
"don think great",5,300062,54.49
"don think haven",5,300067,54.49
"don think means",5,300072,54.49
"don think meant",5,300077,54.49
"don think needs",5,300082,54.49
"don think new",5,300087,54.49
"don think normal",5,300092,54.49
"don think number",5,300097,54.5
"don think perfect",5,300102,54.5
"don think person",5,300107,54.5
"don think playing",5,300112,54.5
"don think realized",5,300117,54.5
"don think realizes",5,300122,54.5
"don think sleep",5,300127,54.5
"don think survive",5,300132,54.5
"don think talked",5,300137,54.5
"don think today",5,300142,54.5
"don think trust",5,300147,54.5
"don think using",5,300152,54.51
"don think wish",5,300157,54.51
"don think word",5,300162,54.51
"don try figure",5,300167,54.51
"don try home",5,300172,54.51
"don use excuse",5,300177,54.51
"don use google",5,300182,54.51
"don use use",5,300187,54.51
"don want business",5,300192,54.51
"don want cause",5,300197,54.51
"don want change",5,300202,54.51
"don want drive",5,300207,54.52
"don want friends",5,300212,54.52
"don want girl",5,300217,54.52
"don want guess",5,300222,54.52
"don want homework",5,300227,54.52
"don want hurt",5,300232,54.52
"don want listen",5,300237,54.52
"don want money",5,300242,54.52
"don want run",5,300247,54.52
"don want rush",5,300252,54.52
"don want school",5,300257,54.52
"don want send",5,300262,54.53
"don want summer",5,300267,54.53
"don want wear",5,300272,54.53
"don wish happy",5,300277,54.53
"don work get",5,300282,54.53
"don work tonight",5,300287,54.53
"done did get",5,300292,54.53
"done holiday shopping",5,300297,54.53
"done hunger games",5,300302,54.53
"done make sure",5,300307,54.53
"done need get",5,300312,54.53
"done shall find",5,300317,54.54
"done thank goodness",5,300322,54.54
"done things ball",5,300327,54.54
"done trying get",5,300332,54.54
"done watching game",5,300337,54.54
"donuts ice cream",5,300342,54.54
"doors open free",5,300347,54.54
"doors open tonight",5,300352,54.54
"doors pm bout",5,300357,54.54
"double ear infection",5,300362,54.54
"doubts today franklin",5,300367,54.54
"doug mat torn",5,300372,54.55
"download live app",5,300377,54.55
"download new album",5,300382,54.55
"download new single",5,300387,54.55
"downtown miami festival",5,300392,54.55
"dr oz says",5,300397,54.55
"dr oz today",5,300402,54.55
"draft last night",5,300407,54.55
"drafted st round",5,300412,54.55
"drank last night",5,300417,54.55
"drawing fine command",5,300422,54.55
"drawn stronger pull",5,300427,54.56
"dream begins remember",5,300432,54.56
"dream character must",5,300437,54.56
"dreaming broken heart",5,300442,54.56
"dreams character henry",5,300447,54.56
"dreams don let",5,300452,54.56
"dreams necessary life",5,300457,54.56
"dress last night",5,300462,54.56
"dress looked amazing",5,300467,54.56
"dress woman wearing",5,300472,54.56
"drink bud light",5,300477,54.56
"drink dr pepper",5,300482,54.57
"drink free champagne",5,300487,54.57
"drink get free",5,300492,54.57
"drink lot water",5,300497,54.57
"drink protein shake",5,300502,54.57
"drink wake morning",5,300507,54.57
"drinking chocolate milk",5,300512,54.57
"drinking doing drugs",5,300517,54.57
"drinking game drink",5,300522,54.57
"drinks free food",5,300527,54.57
"drinks live music",5,300532,54.57
"drinks night long",5,300537,54.58
"drinks till self",5,300542,54.58
"drive last night",5,300547,54.58
"driven bob dylan",5,300552,54.58
"driver license picture",5,300557,54.58
"drop high school",5,300562,54.58
"dropped face earth",5,300567,54.58
"drugs rock roll",5,300572,54.58
"drugs taught entire",5,300577,54.58
"dude did thing",5,300582,54.58
"dude don want",5,300587,54.58
"dude let get",5,300592,54.59
"dude need get",5,300597,54.59
"duke story thought",5,300602,54.59
"dull common life",5,300607,54.59
"dunk blake griffin",5,300612,54.59
"duty shall able",5,300617,54.59
"early don feel",5,300622,54.59
"early don know",5,300627,54.59
"early don need",5,300632,54.59
"early don think",5,300637,54.59
"early east coast",5,300642,54.59
"early happy new",5,300647,54.6
"early looking forward",5,300652,54.6
"early morning gym",5,300657,54.6
"early morning just",5,300662,54.6
"early morning meeting",5,300667,54.6
"early morning wake",5,300672,54.6
"early morning yoga",5,300677,54.6
"early night tonight",5,300682,54.6
"early week specials",5,300687,54.6
"early wide awake",5,300692,54.6
"earned buy things",5,300697,54.6
"earned mobile badge",5,300702,54.61
"earnings power influence",5,300707,54.61
"ears don small",5,300712,54.61
"earth art just",5,300717,54.61
"earth day earth",5,300722,54.61
"earth day festival",5,300727,54.61
"earth day great",5,300732,54.61
"earth day let",5,300737,54.61
"earth day today",5,300742,54.61
"easier seek forgiveness",5,300747,54.61
"east coast love",5,300752,54.61
"east coast stay",5,300757,54.62
"east coast tour",5,300762,54.62
"eastern michigan university",5,300767,54.62
"eastern time zone",5,300772,54.62
"easy begin hard",5,300777,54.62
"easy just promised",5,300782,54.62
"easy miss great",5,300787,54.62
"easy www com",5,300792,54.62
"eat anything want",5,300797,54.62
"eat free purchase",5,300802,54.62
"eat fruits vegetables",5,300807,54.62
"eat go shopping",5,300812,54.63
"eat go sleep",5,300817,54.63
"eat lot natural",5,300822,54.63
"eat love maurice",5,300827,54.63
"eat makeup pretty",5,300832,54.63
"eat yellow snow",5,300837,54.63
"eating chicken soup",5,300842,54.63
"eating finish great",5,300847,54.63
"eating french fries",5,300852,54.63
"eating great food",5,300857,54.63
"eating jelly beans",5,300862,54.63
"eats justice gala",5,300867,54.64
"eats strategy breakfast",5,300872,54.64
"echo echo echo",5,300877,54.64
"economy implementation china",5,300882,54.64
"ed hardy shirt",5,300887,54.64
"edition mary kay",5,300892,54.64
"education ability listen",5,300897,54.64
"education simply soul",5,300902,54.64
"education tea sip",5,300907,54.64
"edward team jacob",5,300912,54.64
"effect talents circumstances",5,300917,54.64
"efforts sees achieve",5,300922,54.65
"egg hunt today",5,300927,54.65
"egg road worth",5,300932,54.65
"elbow world peace",5,300937,54.65
"elevator smells like",5,300942,54.65
"elite showcase basketball",5,300947,54.65
"em don know",5,300952,54.65
"em join em",5,300957,54.65
"em know fold",5,300962,54.65
"email address details",5,300967,54.65
"email address phone",5,300972,54.65
"email address use",5,300977,54.66
"email letting know",5,300982,54.66
"emergency powers act",5,300987,54.66
"emotion jim morrison",5,300992,54.66
"encounters missed connections",5,300997,54.66
"encouragement oxygen soul",5,301002,54.66
"end day saying",5,301007,54.66
"end day want",5,301012,54.66
"end larry bird",5,301017,54.66
"end life care",5,301022,54.66
"end operations iran",5,301027,54.66
"end rd redskins",5,301032,54.67
"end today tomorrow",5,301037,54.67
"ending last night",5,301042,54.67
"energy mix cd",5,301047,54.67
"engineers exciting company",5,301052,54.67
"enjoy game tonight",5,301057,54.67
"enjoy hump day",5,301062,54.67
"enjoy little bit",5,301067,54.67
"enjoy medium using",5,301072,54.67
"enjoy night come",5,301077,54.67
"enjoy reading blog",5,301082,54.67
"enjoy thanks using",5,301087,54.68
"enjoy ur weekend",5,301092,54.68
"enjoyed meeting last",5,301097,54.68
"enjoyed thanks sharing",5,301102,54.68
"enjoying ice cold",5,301107,54.68
"enjoying last hours",5,301112,54.68
"enjoying nice day",5,301117,54.68
"enjoying time family",5,301122,54.68
"entered drawing free",5,301127,54.68
"entered drawing ipad",5,301132,54.68
"enthusiasm mother effort",5,301137,54.68
"entirely matter chemistry",5,301142,54.69
"entry good luck",5,301147,54.69
"environmental club hosting",5,301152,54.69
"episode revenge definitely",5,301157,54.69
"episode tonight pm",5,301162,54.69
"equal greater benefit",5,301167,54.69
"equal lesser value",5,301172,54.69
"equal pay day",5,301177,54.69
"equal rights gays",5,301182,54.69
"eric west facebook",5,301187,54.69
"error become mistake",5,301192,54.69
"escape new york",5,301197,54.7
"escape responsibility tomorrow",5,301202,54.7
"et pm pt",5,301207,54.7
"europe wrong turns",5,301212,54.7
"event chargers park",5,301217,54.7
"event coming need",5,301222,54.7
"event great success",5,301227,54.7
"event hope soon",5,301232,54.7
"event las vegas",5,301237,54.7
"events shook world",5,301242,54.7
"eventually get boss",5,301247,54.7
"everybody acting like",5,301252,54.71
"everybody needs little",5,301257,54.71
"everyday corner pouring",5,301262,54.71
"everyday feels like",5,301267,54.71
"everyday just today",5,301272,54.71
"ex says find",5,301277,54.71
"ex sleep stress",5,301282,54.71
"exactly need make",5,301287,54.71
"exactly sounds like",5,301292,54.71
"exam tomorrow morning",5,301297,54.71
"excellence result better",5,301302,54.71
"exchange follows let",5,301307,54.72
"excited coming week",5,301312,54.72
"excited day tomorrow",5,301317,54.72
"excited learn new",5,301322,54.72
"excited new adventure",5,301327,54.72
"excited new episode",5,301332,54.72
"excited new followers",5,301337,54.72
"excited new site",5,301342,54.72
"excited new website",5,301347,54.72
"excited part great",5,301352,54.72
"excited san diego",5,301357,54.72
"excited share news",5,301362,54.73
"exciting looking forward",5,301367,54.73
"exclusive discount save",5,301372,54.73
"excuses broken promises",5,301377,54.73
"exercise minutes running",5,301382,54.73
"exhibit hall opens",5,301387,54.73
"existence begin feel",5,301392,54.73
"existing home sales",5,301397,54.73
"expect cheap people",5,301402,54.73
"expense paid trip",5,301407,54.73
"expensive take gas",5,301412,54.73
"experience child thought",5,301417,54.74
"experience gives mistakes",5,301422,54.74
"experience rarely anything",5,301427,54.74
"expo convention center",5,301432,54.74
"expo feb th",5,301437,54.74
"expression doing believe",5,301442,54.74
"extra ticket tonight",5,301447,54.74
"eye opening experience",5,301452,54.74
"eyes little bit",5,301457,54.74
"eyes look like",5,301462,54.74
"eyes melt like",5,301467,54.74
"face don know",5,301472,54.75
"face reach stars",5,301477,54.75
"face solved level",5,301482,54.75
"face water like",5,301487,54.75
"facebook app iphone",5,301492,54.75
"facebook com need",5,301497,54.75
"facebook coming soon",5,301502,54.75
"facebook go check",5,301507,54.75
"facebook kids found",5,301512,54.75
"facebook page enter",5,301517,54.75
"facebook page let",5,301522,54.75
"facebook page new",5,301527,54.76
"facebook stream giants",5,301532,54.76
"facebook twitter know",5,301537,54.76
"facebook twitter youtube",5,301542,54.76
"fact william james",5,301547,54.76
"fade style eternal",5,301552,54.76
"fail fail better",5,301557,54.76
"fail strength heart",5,301562,54.76
"failing prepare preparing",5,301567,54.76
"failures tension winners",5,301572,54.76
"fair trade coffee",5,301577,54.76
"fair turn great",5,301582,54.77
"faithful girlfriend get",5,301587,54.77
"fake smile move",5,301592,54.77
"fall asleep arms",5,301597,54.77
"fall asleep standing",5,301602,54.77
"fall asleep watching",5,301607,54.77
"fall asleep wheel",5,301612,54.77
"fall don plan",5,301617,54.77
"fall love deserves",5,301622,54.77
"fall love true",5,301627,54.77
"fall love works",5,301632,54.77
"falling carry home",5,301637,54.78
"familiar faces new",5,301642,54.78
"family come home",5,301647,54.78
"family day today",5,301652,54.78
"family friends get",5,301657,54.78
"family need anything",5,301662,54.78
"famous laugh factory",5,301667,54.78
"famous people follow",5,301672,54.78
"fans act like",5,301677,54.78
"fans come go",5,301682,54.78
"fans friends family",5,301687,54.78
"fans let go",5,301692,54.79
"fans support love",5,301697,54.79
"fans want know",5,301702,54.79
"fans went crazy",5,301707,54.79
"fantastic last night",5,301712,54.79
"fantasy beginning trilogy",5,301717,54.79
"fantasy college football",5,301722,54.79
"far ahead cause",5,301727,54.79
"far away home",5,301732,54.79
"far away just",5,301737,54.79
"far away right",5,301742,54.79
"far come far",5,301747,54.8
"far don know",5,301752,54.8
"far good just",5,301757,54.8
"farmers market day",5,301762,54.8
"farmers market friday",5,301767,54.8
"farmers market sunday",5,301772,54.8
"farmers market tomorrow",5,301777,54.8
"fast green fox",5,301782,54.8
"faster speed light",5,301787,54.8
"fate change attitude",5,301792,54.8
"fault said blaming",5,301797,54.8
"favorite artist time",5,301802,54.81
"favorite classic rock",5,301807,54.81
"favorite easter candy",5,301812,54.81
"favorite food group",5,301817,54.81
"favorite music video",5,301822,54.81
"favorite rapper time",5,301827,54.81
"favorite song favorite",5,301832,54.81
"favorite tv shows",5,301837,54.81
"feature youtube player",5,301842,54.81
"federal legislation license",5,301847,54.81
"feed digital leading",5,301852,54.81
"feel bad cause",5,301857,54.82
"feel bad eating",5,301862,54.82
"feel bad getting",5,301867,54.82
"feel bad hope",5,301872,54.82
"feel bad leaving",5,301877,54.82
"feel bad make",5,301882,54.82
"feel bad really",5,301887,54.82
"feel don feel",5,301892,54.82
"feel free go",5,301897,54.82
"feel free say",5,301902,54.82
"feel good get",5,301907,54.82
"feel good like",5,301912,54.83
"feel good morning",5,301917,54.83
"feel good outside",5,301922,54.83
"feel good say",5,301927,54.83
"feel good think",5,301932,54.83
"feel good weekend",5,301937,54.83
"feel happy right",5,301942,54.83
"feel heart beat",5,301947,54.83
"feel heart right",5,301952,54.83
"feel like ate",5,301957,54.83
"feel like beat",5,301962,54.83
"feel like celebrity",5,301967,54.84
"feel like changing",5,301972,54.84
"feel like dealing",5,301977,54.84
"feel like different",5,301982,54.84
"feel like fault",5,301987,54.84
"feel like follow",5,301992,54.84
"feel like friend",5,301997,54.84
"feel like game",5,302002,54.84
"feel like giant",5,302007,54.84
"feel like grown",5,302012,54.84
"feel like happy",5,302017,54.84
"feel like hate",5,302022,54.85
"feel like hero",5,302027,54.85
"feel like ill",5,302032,54.85
"feel like jerk",5,302037,54.85
"feel like job",5,302042,54.85
"feel like judging",5,302047,54.85
"feel like kinda",5,302052,54.85
"feel like leaving",5,302057,54.85
"feel like likes",5,302062,54.85
"feel like looking",5,302067,54.85
"feel like money",5,302072,54.85
"feel like needs",5,302077,54.86
"feel like normal",5,302082,54.86
"feel like packing",5,302087,54.86
"feel like point",5,302092,54.86
"feel like productive",5,302097,54.86
"feel like proud",5,302102,54.86
"feel like putting",5,302107,54.86
"feel like queen",5,302112,54.86
"feel like ran",5,302117,54.86
"feel like relate",5,302122,54.86
"feel like rock",5,302127,54.86
"feel like second",5,302132,54.87
"feel like small",5,302137,54.87
"feel like speaking",5,302142,54.87
"feel like start",5,302147,54.87
"feel like took",5,302152,54.87
"feel like tweeted",5,302157,54.87
"feel like understand",5,302162,54.87
"feel like watched",5,302167,54.87
"feel like weight",5,302172,54.87
"feel like winter",5,302177,54.87
"feel like worth",5,302182,54.87
"feel way wish",5,302187,54.88
"feeling better going",5,302192,54.88
"feeling bit better",5,302197,54.88
"feeling good going",5,302202,54.88
"feeling good hope",5,302207,54.88
"feeling like friday",5,302212,54.88
"feeling like love",5,302217,54.88
"feeling like zombie",5,302222,54.88
"feeling world knowing",5,302227,54.88
"feeling world warm",5,302232,54.88
"feels good able",5,302237,54.88
"feels good don",5,302242,54.89
"feels good sit",5,302247,54.89
"feels good wake",5,302252,54.89
"feels good win",5,302257,54.89
"feels good work",5,302262,54.89
"feet ground spin",5,302267,54.89
"feet winds long",5,302272,54.89
"fell asleep floor",5,302277,54.89
"fell asleep missed",5,302282,54.89
"felt like needed",5,302287,54.89
"felt like running",5,302292,54.89
"female led bands",5,302297,54.9
"fest audience award",5,302302,54.9
"festival boat parade",5,302307,54.9
"festivals austin texas",5,302312,54.9
"festivals great mighty",5,302317,54.9
"fiber cookie mix",5,302322,54.9
"fiction character better",5,302327,54.9
"fiction non fiction",5,302332,54.9
"fighting peace like",5,302337,54.9
"figure correctly say",5,302342,54.9
"fill job applications",5,302347,54.9
"filled learning adventure",5,302352,54.91
"film festival great",5,302357,54.91
"film festival today",5,302362,54.91
"film festival week",5,302367,54.91
"film just like",5,302372,54.91
"film win best",5,302377,54.91
"film won best",5,302382,54.91
"film www com",5,302387,54.91
"films coming soon",5,302392,54.91
"final harry potter",5,302397,54.91
"final home game",5,302402,54.91
"final sound mix",5,302407,54.92
"finally day notice",5,302412,54.92
"finally get sleep",5,302417,54.92
"finally get twitter",5,302422,54.92
"finally get watch",5,302427,54.92
"finally getting chance",5,302432,54.92
"finally getting watch",5,302437,54.92
"finally good news",5,302442,54.92
"finally got car",5,302447,54.92
"finally got hair",5,302452,54.92
"finally got head",5,302457,54.92
"finally got paid",5,302462,54.93
"finally got rid",5,302467,54.93
"finally got ticket",5,302472,54.93
"finally got working",5,302477,54.93
"finally started watching",5,302482,54.93
"finally watched episode",5,302487,54.93
"finally watched last",5,302492,54.93
"find barriers built",5,302497,54.93
"find best deals",5,302502,54.93
"find cool story",5,302507,54.93
"find facebook www",5,302512,54.93
"find general gal",5,302517,54.94
"find hopes st",5,302522,54.94
"find majority time",5,302527,54.94
"find mr right",5,302532,54.94
"find programming library",5,302537,54.94
"find rarely seek",5,302542,54.94
"find way abraham",5,302547,54.94
"find work thomas",5,302552,54.94
"finding new music",5,302557,54.94
"fine art gallery",5,302562,54.94
"fine arts center",5,302567,54.94
"fine command english",5,302572,54.95
"fine fine fine",5,302577,54.95
"fine lie say",5,302582,54.95
"fine line fishing",5,302587,54.95
"fine months later",5,302592,54.95
"fine tax doing",5,302597,54.95
"fingers crossed thanks",5,302602,54.95
"finish school year",5,302607,54.95
"finished christmas shopping",5,302612,54.95
"finished music video",5,302617,54.95
"finished week run",5,302622,54.95
"finishing good tweet",5,302627,54.96
"fish friends food",5,302632,54.96
"fit hit bowl",5,302637,54.96
"fit perfectly forcing",5,302642,54.96
"fit sign process",5,302647,54.96
"fixed let know",5,302652,54.96
"fixed rate mortgage",5,302657,54.96
"flag football team",5,302662,54.96
"flags great adventure",5,302667,54.96
"flash new reform",5,302672,54.96
"flat ur face",5,302677,54.96
"flesh heart fail",5,302682,54.97
"floor hot stepped",5,302687,54.97
"floor little get",5,302692,54.97
"florida state florida",5,302697,54.97
"flower existence begin",5,302702,54.97
"fly waves pound",5,302707,54.97
"flying happy travels",5,302712,54.97
"flying home today",5,302717,54.97
"fold fitted sheet",5,302722,54.97
"folks don forget",5,302727,54.97
"follow anyone get",5,302732,54.97
"follow ask follow",5,302737,54.98
"follow austin get",5,302742,54.98
"follow beautiful talented",5,302747,54.98
"follow birthday mean",5,302752,54.98
"follow entered win",5,302757,54.98
"follow friends great",5,302762,54.98
"follow get shout",5,302767,54.98
"follow give cookie",5,302772,54.98
"follow give follow",5,302777,54.98
"follow got hacked",5,302782,54.98
"follow great fan",5,302787,54.98
"follow great quotes",5,302792,54.99
"follow heart follow",5,302797,54.99
"follow hope excited",5,302802,54.99
"follow live tweeting",5,302807,54.99
"follow make week",5,302812,54.99
"follow mention follow",5,302817,54.99
"follow reply ur",5,302822,54.99
"follow shes amazing",5,302827,54.99
"follow shout personal",5,302832,54.99
"follow social media",5,302837,54.99
"follow super cool",5,302842,54.99
"follow twitter chance",5,302847,54.99
"follow twitter find",5,302852,55
"follow twitter friends",5,302857,55
"follow twitter going",5,302862,55
"follow twitter just",5,302867,55
"follow twitter receive",5,302872,55
"follow win free",5,302877,55
"follow wish push",5,302882,55
"followed best day",5,302887,55
"follower get free",5,302892,55
"follower get special",5,302897,55
"follower thanks following",5,302902,55
"follower tonight follow",5,302907,55.01
"followers follow followers",5,302912,55.01
"followers just need",5,302917,55.01
"followers keep spreading",5,302922,55.01
"followers last week",5,302927,55.01
"followers really appreciate",5,302932,55.01
"followers till get",5,302937,55.01
"following absolutely chicago",5,302942,55.01
"following acting la",5,302947,55.01
"following best luck",5,302952,55.01
"following follow people",5,302957,55.01
"following happy new",5,302962,55.02
"following merry christmas",5,302967,55.02
"following new twitter",5,302972,55.02
"following nice meeting",5,302977,55.02
"following pc guys",5,302982,55.02
"following really appreciate",5,302987,55.02
"following sure keep",5,302992,55.02
"following talk soon",5,302997,55.02
"following twitter page",5,303002,55.02
"following welcome twitter",5,303007,55.02
"follows let support",5,303012,55.02
"food common ground",5,303017,55.03
"food love play",5,303022,55.03
"foolish steve jobs",5,303027,55.03
"force fall just",5,303032,55.03
"force interests john",5,303037,55.03
"force myself get",5,303042,55.03
"forcing play don",5,303047,55.03
"forcing struggling pain",5,303052,55.03
"forever just live",5,303057,55.03
"forever lie hello",5,303062,55.03
"forget fast forward",5,303067,55.03
"forget stop get",5,303072,55.04
"forget take advantage",5,303077,55.04
"forget tomorrow night",5,303082,55.04
"forget tonight pm",5,303087,55.04
"forget wake morning",5,303092,55.04
"forget wish happy",5,303097,55.04
"forgive way change",5,303102,55.04
"forgot say happy",5,303107,55.04
"form habits form",5,303112,55.04
"former penn state",5,303117,55.04
"forms book series",5,303122,55.04
"forward chatting soon",5,303127,55.05
"forward chris bosh",5,303132,55.05
"forward future tweets",5,303137,55.05
"forward good night",5,303142,55.05
"forward hearing music",5,303147,55.05
"forward meeting folks",5,303152,55.05
"forward meeting team",5,303157,55.05
"forward trust look",5,303162,55.05
"forward warm weather",5,303167,55.05
"foster care system",5,303172,55.05
"found good stuff",5,303177,55.05
"found long lost",5,303182,55.06
"found way get",5,303187,55.06
"fourth happy star",5,303192,55.06
"fox news news",5,303197,55.06
"fox news obama",5,303202,55.06
"fox sports radio",5,303207,55.06
"francisco photographer commercial",5,303212,55.06
"freaking awesome love",5,303217,55.06
"free agents sign",5,303222,55.06
"free blood pressure",5,303227,55.06
"free computer classes",5,303232,55.06
"free concert pm",5,303237,55.07
"free concert tonight",5,303242,55.07
"free connect happy",5,303247,55.07
"free cover ages",5,303252,55.07
"free follow want",5,303257,55.07
"free left club",5,303262,55.07
"free magic hat",5,303267,55.07
"free make wrong",5,303272,55.07
"free minds bob",5,303277,55.07
"free open bar",5,303282,55.07
"free pm come",5,303287,55.07
"free prescription discounts",5,303292,55.08
"free round trip",5,303297,55.08
"free rush hour",5,303302,55.08
"free small coffee",5,303307,55.08
"free tell friends",5,303312,55.08
"freedom little flower",5,303317,55.08
"freedom makes beautiful",5,303322,55.08
"french onion dip",5,303327,55.08
"fresh healthy food",5,303332,55.08
"friday enjoy day",5,303337,55.08
"friday free day",5,303342,55.08
"friday fun day",5,303347,55.09
"friday gonna get",5,303352,55.09
"friday good morning",5,303357,55.09
"friday just got",5,303362,55.09
"friday let get",5,303367,55.09
"friday march nd",5,303372,55.09
"friday new followers",5,303377,55.09
"friday th don",5,303382,55.09
"friday th good",5,303387,55.09
"friday thanks mention",5,303392,55.09
"friday www com",5,303397,55.09
"friend act like",5,303402,55.1
"friend birthday party",5,303407,55.1
"friend co worker",5,303412,55.1
"friend destructive relationship",5,303417,55.1
"friend followed follow",5,303422,55.1
"friend hope soon",5,303427,55.1
"friend looking forward",5,303432,55.1
"friend notices joins",5,303437,55.1
"friends act like",5,303442,55.1
"friends best friend",5,303447,55.1
"friends chance win",5,303452,55.1
"friends family food",5,303457,55.11
"friends family fun",5,303462,55.11
"friends family go",5,303467,55.11
"friends family hope",5,303472,55.11
"friends family members",5,303477,55.11
"friends family safe",5,303482,55.11
"friends family today",5,303487,55.11
"friends give follow",5,303492,55.11
"friends happy monday",5,303497,55.11
"friends hope enjoy",5,303502,55.11
"friends hope having",5,303507,55.11
"friends let get",5,303512,55.12
"friends life good",5,303517,55.12
"friends making new",5,303522,55.12
"friends near far",5,303527,55.12
"friends need enemies",5,303532,55.12
"friends new york",5,303537,55.12
"friends people make",5,303542,55.12
"friends thank following",5,303547,55.12
"friends want come",5,303552,55.12
"frozen strawberry lemonade",5,303557,55.12
"fuel normal human",5,303562,55.12
"full band solo",5,303567,55.13
"full clothes wear",5,303572,55.13
"full length cd",5,303577,55.13
"full menu com",5,303582,55.13
"full stage pa",5,303587,55.13
"full time employment",5,303592,55.13
"full time summer",5,303597,55.13
"fun day tomorrow",5,303602,55.13
"fun don want",5,303607,55.13
"fun event tonight",5,303612,55.13
"fun fact people",5,303617,55.13
"fun filled learning",5,303622,55.14
"fun games gets",5,303627,55.14
"fun hope feel",5,303632,55.14
"fun mother day",5,303637,55.14
"fun new orleans",5,303642,55.14
"fun party last",5,303647,55.14
"fun spring break",5,303652,55.14
"fun take lots",5,303657,55.14
"fun take pictures",5,303662,55.14
"fun work day",5,303667,55.14
"funny happen online",5,303672,55.14
"funny sense humor",5,303677,55.15
"furniture sale going",5,303682,55.15
"future happiness remind",5,303687,55.15
"future mother law",5,303692,55.15
"future plastic surgery",5,303697,55.15
"future www com",5,303702,55.15
"game add players",5,303707,55.15
"game big screen",5,303712,55.15
"game lets get",5,303717,55.15
"game might get",5,303722,55.15
"game st louis",5,303727,55.15
"game st time",5,303732,55.16
"game stanley cup",5,303737,55.16
"game sunday pm",5,303742,55.16
"game take shot",5,303747,55.16
"game thrones book",5,303752,55.16
"game thrones books",5,303757,55.16
"game time baby",5,303762,55.16
"game today gonna",5,303767,55.16
"game tomorrow morning",5,303772,55.16
"game tonight boys",5,303777,55.16
"game tonight great",5,303782,55.16
"game tonight time",5,303787,55.17
"game tonight wait",5,303792,55.17
"game viewing party",5,303797,55.17
"game watch live",5,303802,55.17
"game winning goal",5,303807,55.17
"games dramatic raw",5,303812,55.17
"games sounds like",5,303817,55.17
"games thrilling acted",5,303822,55.17
"garden butterflies creek",5,303827,55.17
"garlic bread sm",5,303832,55.17
"gate closes pm",5,303837,55.17
"gave best memories",5,303842,55.18
"general sees way",5,303847,55.18
"generally make big",5,303852,55.18
"george jean nathan",5,303857,55.18
"george washington university",5,303862,55.18
"get achieving goals",5,303867,55.18
"get act like",5,303872,55.18
"get ahead get",5,303877,55.18
"get air conditioning",5,303882,55.18
"get austin trending",5,303887,55.18
"get away anything",5,303892,55.18
"get away like",5,303897,55.19
"get away time",5,303902,55.19
"get barnes noble",5,303907,55.19
"get birthday shout",5,303912,55.19
"get birthday tweet",5,303917,55.19
"get bottle wine",5,303922,55.19
"get buy get",5,303927,55.19
"get caught sleeping",5,303932,55.19
"get chance chat",5,303937,55.19
"get chance listen",5,303942,55.19
"get chance live",5,303947,55.19
"get chance really",5,303952,55.2
"get chance try",5,303957,55.2
"get couple days",5,303962,55.2
"get couple weeks",5,303967,55.2
"get daily dose",5,303972,55.2
"get dance tonight",5,303977,55.2
"get day day",5,303982,55.2
"get day weekend",5,303987,55.2
"get depends put",5,303992,55.2
"get dinner soon",5,303997,55.2
"get done day",5,304002,55.2
"get done need",5,304007,55.21
"get done work",5,304012,55.21
"get early today",5,304017,55.21
"get em year",5,304022,55.21
"get end rope",5,304027,55.21
"get facts right",5,304032,55.21
"get far life",5,304037,55.21
"get feet get",5,304042,55.21
"get fixed soon",5,304047,55.21
"get followers best",5,304052,55.21
"get followers come",5,304057,55.21
"get followers go",5,304062,55.22
"get followers release",5,304067,55.22
"get followers thank",5,304072,55.22
"get get active",5,304077,55.22
"get get better",5,304082,55.22
"get get gone",5,304087,55.22
"get get money",5,304092,55.22
"get get moving",5,304097,55.22
"get go go",5,304102,55.22
"get going get",5,304107,55.22
"get good look",5,304112,55.22
"get good seats",5,304117,55.23
"get good spot",5,304122,55.23
"get good thing",5,304127,55.23
"get group go",5,304132,55.23
"get half way",5,304137,55.23
"get hard work",5,304142,55.23
"get hour sleep",5,304147,55.23
"get involved community",5,304152,55.23
"get job need",5,304157,55.23
"get just make",5,304162,55.23
"get just right",5,304167,55.23
"get keep going",5,304172,55.24
"get know real",5,304177,55.24
"get life order",5,304182,55.24
"get look list",5,304187,55.24
"get married day",5,304192,55.24
"get million followers",5,304197,55.24
"get monday night",5,304202,55.24
"get mothers day",5,304207,55.24
"get motion sickness",5,304212,55.24
"get music news",5,304217,55.24
"get new clothes",5,304222,55.24
"get new computer",5,304227,55.25
"get new jersey",5,304232,55.25
"get news twitter",5,304237,55.25
"get paid drink",5,304242,55.25
"get paid like",5,304247,55.25
"get paid make",5,304252,55.25
"get paid millions",5,304257,55.25
"get paid tournament",5,304262,55.25
"get paid tweet",5,304267,55.25
"get pair shoes",5,304272,55.25
"get pay day",5,304277,55.25
"get people involved",5,304282,55.26
"get people know",5,304287,55.26
"get people say",5,304292,55.26
"get power get",5,304297,55.26
"get pregnant girl",5,304302,55.26
"get raffle tickets",5,304307,55.26
"get real time",5,304312,55.26
"get remembered legends",5,304317,55.26
"get rid get",5,304322,55.26
"get rid people",5,304327,55.26
"get ride home",5,304332,55.26
"get right don",5,304337,55.27
"get right right",5,304342,55.27
"get right way",5,304347,55.27
"get road win",5,304352,55.27
"get sent home",5,304357,55.27
"get site profile",5,304362,55.27
"get sleep soon",5,304367,55.27
"get soon get",5,304372,55.27
"get soon just",5,304377,55.27
"get soon like",5,304382,55.27
"get speeding ticket",5,304387,55.27
"get spray tan",5,304392,55.28
"get spread word",5,304397,55.28
"get stage life",5,304402,55.28
"get start day",5,304407,55.28
"get started day",5,304412,55.28
"get started get",5,304417,55.28
"get started right",5,304422,55.28
"get studio time",5,304427,55.28
"get super early",5,304432,55.28
"get support local",5,304437,55.28
"get sweet text",5,304442,55.28
"get taken advantage",5,304447,55.29
"get tell friends",5,304452,55.29
"get tickets don",5,304457,55.29
"get tickets door",5,304462,55.29
"get tickets game",5,304467,55.29
"get tickets going",5,304472,55.29
"get tickets gone",5,304477,55.29
"get tickets last",5,304482,55.29
"get time fall",5,304487,55.29
"get time time",5,304492,55.29
"get today get",5,304497,55.29
"get today just",5,304502,55.3
"get twitter facebook",5,304507,55.3
"get upset don",5,304512,55.3
"get upset people",5,304517,55.3
"get ur car",5,304522,55.3
"get ur number",5,304527,55.3
"get used new",5,304532,55.3
"get want know",5,304537,55.3
"get want try",5,304542,55.3
"get warped tour",5,304547,55.3
"get wasted time",5,304552,55.3
"get way excited",5,304557,55.31
"get workout done",5,304562,55.31
"gets better year",5,304567,55.31
"gets generally willing",5,304572,55.31
"gets home work",5,304577,55.31
"gets like kiss",5,304582,55.31
"gets triple double",5,304587,55.31
"gets turn casino",5,304592,55.31
"getting caught rain",5,304597,55.31
"getting error message",5,304602,55.31
"getting error trying",5,304607,55.31
"getting goals accomplished",5,304612,55.32
"getting high just",5,304617,55.32
"getting honda civic",5,304622,55.32
"getting house order",5,304627,55.32
"getting hurt reason",5,304632,55.32
"getting just like",5,304637,55.32
"getting last minute",5,304642,55.32
"getting mercedes new",5,304647,55.32
"getting mothers day",5,304652,55.32
"getting new followers",5,304657,55.32
"getting old fast",5,304662,55.32
"getting older somebody",5,304667,55.33
"getting pretty old",5,304672,55.33
"getting pumped tonight",5,304677,55.33
"getting spam messages",5,304682,55.33
"getting spray tan",5,304687,55.33
"getting taking names",5,304692,55.33
"getting taxes done",5,304697,55.33
"giants www com",5,304702,55.33
"gift card goes",5,304707,55.33
"gift card win",5,304712,55.33
"gift card winners",5,304717,55.33
"gift character choice",5,304722,55.34
"gift lounge hope",5,304727,55.34
"gift offers privilege",5,304732,55.34
"gift www com",5,304737,55.34
"girl acts like",5,304742,55.34
"girl expected world",5,304747,55.34
"girl guy goes",5,304752,55.34
"girl hour seems",5,304757,55.34
"girl maxwell drew",5,304762,55.34
"girl thanks follow",5,304767,55.34
"girl want daughter",5,304772,55.34
"girl want son",5,304777,55.35
"girl wants make",5,304782,55.35
"give anything handle",5,304787,55.35
"give away don",5,304792,55.35
"give away keep",5,304797,55.35
"give day daily",5,304802,55.35
"give extra time",5,304807,55.35
"give gift card",5,304812,55.35
"give let go",5,304817,55.35
"give little love",5,304822,55.35
"give pillow head",5,304827,55.35
"give second chances",5,304832,55.36
"give shout best",5,304837,55.36
"give shout love",5,304842,55.36
"give shout want",5,304847,55.36
"give want need",5,304852,55.36
"giveaway coming soon",5,304857,55.36
"giveaway enter win",5,304862,55.36
"gives best advice",5,304867,55.36
"gives best hugs",5,304872,55.36
"gives mistakes oscar",5,304877,55.36
"gives total freedom",5,304882,55.36
"giving away awesome",5,304887,55.37
"giving away pairs",5,304892,55.37
"giving dodgers lead",5,304897,55.37
"giving perfect beginning",5,304902,55.37
"glad connect twitter",5,304907,55.37
"glad connected love",5,304912,55.37
"glad doing good",5,304917,55.37
"glad doing great",5,304922,55.37
"glad enjoyed fun",5,304927,55.37
"glad enjoyed love",5,304932,55.37
"glad enjoyed thank",5,304937,55.37
"glad feels way",5,304942,55.38
"glad find twitter",5,304947,55.38
"glad got today",5,304952,55.38
"glad got tonight",5,304957,55.38
"glad got twitter",5,304962,55.38
"glad got work",5,304967,55.38
"glad great experience",5,304972,55.38
"glad guys enjoyed",5,304977,55.38
"glad guys having",5,304982,55.38
"glad hear getting",5,304987,55.38
"glad hear going",5,304992,55.38
"glad hear guys",5,304997,55.39
"glad hear keep",5,305002,55.39
"glad hear making",5,305007,55.39
"glad hear new",5,305012,55.39
"glad hear safe",5,305017,55.39
"glad hear think",5,305022,55.39
"glad hear time",5,305027,55.39
"glad joined twitter",5,305032,55.39
"glad like stuff",5,305037,55.39
"glad like work",5,305042,55.39
"glad liked book",5,305047,55.39
"glad liked did",5,305052,55.4
"glad liked love",5,305057,55.4
"glad liked presentation",5,305062,55.4
"glad liked thank",5,305067,55.4
"glad liked think",5,305072,55.4
"glad love thanks",5,305077,55.4
"glad part team",5,305082,55.4
"glad people like",5,305087,55.4
"glad share exciting",5,305092,55.4
"glad think thanks",5,305097,55.4
"glad took time",5,305102,55.4
"glass chocolate milk",5,305107,55.41
"glass white wine",5,305112,55.41
"glee made cry",5,305117,55.41
"glory living falling",5,305122,55.41
"go ahead check",5,305127,55.41
"go ahead don",5,305132,55.41
"go ahead follow",5,305137,55.41
"go ahead send",5,305142,55.41
"go avengers movie",5,305147,55.41
"go avengers tonight",5,305152,55.41
"go barnes noble",5,305157,55.41
"go best friend",5,305162,55.42
"go check band",5,305167,55.42
"go check good",5,305172,55.42
"go diego go",5,305177,55.42
"go gas station",5,305182,55.42
"go google search",5,305187,55.42
"go hang friends",5,305192,55.42
"go happy friday",5,305197,55.42
"go hard get",5,305202,55.42
"go hit gym",5,305207,55.42
"go kick rocks",5,305212,55.42
"go las vegas",5,305217,55.43
"go lets get",5,305222,55.43
"go life planned",5,305227,55.43
"go little bit",5,305232,55.43
"go making concerts",5,305237,55.43
"go matter argue",5,305242,55.43
"go old ways",5,305247,55.43
"go parking lot",5,305252,55.43
"go really need",5,305257,55.43
"go school days",5,305262,55.43
"go school don",5,305267,55.43
"go school got",5,305272,55.44
"go school late",5,305277,55.44
"go school week",5,305282,55.44
"go school work",5,305287,55.44
"go separate ways",5,305292,55.44
"go st louis",5,305297,55.44
"go summer school",5,305302,55.44
"go think might",5,305307,55.44
"go way henry",5,305312,55.44
"go way used",5,305317,55.44
"go white boy",5,305322,55.44
"go wish luck",5,305327,55.45
"go work make",5,305332,55.45
"go wrong people",5,305337,55.45
"go wrong today",5,305342,55.45
"go youtube com",5,305347,55.45
"goal henry ford",5,305352,55.45
"goal make money",5,305357,55.45
"goal strength solely",5,305362,55.45
"goal tragedy having",5,305367,55.45
"goes according plan",5,305372,55.45
"going able get",5,305377,55.45
"going able watch",5,305382,55.46
"going bed earlier",5,305387,55.46
"going bed finally",5,305392,55.46
"going bed knowing",5,305397,55.46
"going bed right",5,305402,55.46
"going bed smile",5,305407,55.46
"going bed tomorrow",5,305412,55.46
"going bed work",5,305417,55.46
"going bye bye",5,305422,55.46
"going cali cali",5,305427,55.46
"going class tonight",5,305432,55.46
"going dodgers game",5,305437,55.47
"going don expect",5,305442,55.47
"going dye hair",5,305447,55.47
"going feel day",5,305452,55.47
"going full force",5,305457,55.47
"going go away",5,305462,55.47
"going go lay",5,305467,55.47
"going grad school",5,305472,55.47
"going great just",5,305477,55.47
"going great today",5,305482,55.47
"going great wait",5,305487,55.47
"going happy new",5,305492,55.48
"going henry ford",5,305497,55.48
"going hip hop",5,305502,55.48
"going home get",5,305507,55.48
"going home just",5,305512,55.48
"going home long",5,305517,55.48
"going home lunch",5,305522,55.48
"going home week",5,305527,55.48
"going home work",5,305532,55.48
"going hot today",5,305537,55.48
"going last year",5,305542,55.48
"going late work",5,305547,55.49
"going later week",5,305552,55.49
"going lie little",5,305557,55.49
"going make difference",5,305562,55.49
"going make movie",5,305567,55.49
"going make year",5,305572,55.49
"going mall today",5,305577,55.49
"going mind day",5,305582,55.49
"going movies later",5,305587,55.49
"going prom dress",5,305592,55.49
"going road get",5,305597,55.49
"going rockies game",5,305602,55.5
"going salad like",5,305607,55.5
"going school day",5,305612,55.5
"going sleep happy",5,305617,55.5
"going sleep smile",5,305622,55.5
"going sleep time",5,305627,55.5
"going sleep waking",5,305632,55.5
"going st time",5,305637,55.5
"going start charging",5,305642,55.5
"going start talking",5,305647,55.5
"going start watching",5,305652,55.5
"going strip club",5,305657,55.51
"going take forever",5,305662,55.51
"going take getting",5,305667,55.51
"going take lot",5,305672,55.51
"going today get",5,305677,55.51
"going tomorrow get",5,305682,55.51
"going tonight hope",5,305687,55.51
"going tonight maybe",5,305692,55.51
"going tonight tomorrow",5,305697,55.51
"going try take",5,305702,55.51
"going try tonight",5,305707,55.51
"going try tweet",5,305712,55.52
"going want go",5,305717,55.52
"going want miss",5,305722,55.52
"going watch hunger",5,305727,55.52
"going watch season",5,305732,55.52
"going watch tv",5,305737,55.52
"going win best",5,305742,55.52
"going win today",5,305747,55.52
"going work monday",5,305752,55.52
"going write book",5,305757,55.52
"gold medal winner",5,305762,55.52
"golden rule business",5,305767,55.53
"golden rule treat",5,305772,55.53
"golf tournament tomorrow",5,305777,55.53
"gone blink eye",5,305782,55.53
"gone damage mode",5,305787,55.53
"gone don know",5,305792,55.53
"gonna able go",5,305797,55.53
"gonna able watch",5,305802,55.53
"gonna best day",5,305807,55.53
"gonna dream follow",5,305812,55.53
"gonna factor judge",5,305817,55.53
"gonna good season",5,305822,55.54
"gonna help get",5,305827,55.54
"gonna late school",5,305832,55.54
"gonna lose age",5,305837,55.54
"gonna make dinner",5,305842,55.54
"gonna marry night",5,305847,55.54
"gonna post new",5,305852,55.54
"gonna really good",5,305857,55.54
"gonna rock house",5,305862,55.54
"gonna skate song",5,305867,55.54
"gonna take awhile",5,305872,55.54
"gonna take care",5,305877,55.55
"gonna take like",5,305882,55.55
"gonna take place",5,305887,55.55
"gonna take world",5,305892,55.55
"gonna taken away",5,305897,55.55
"gonna try come",5,305902,55.55
"gonna try today",5,305907,55.55
"gonna want round",5,305912,55.55
"gonna write song",5,305917,55.55
"good afternoon happy",5,305922,55.55
"good afternoon just",5,305927,55.55
"good afternoon people",5,305932,55.56
"good bad better",5,305937,55.56
"good bad hope",5,305942,55.56
"good bad know",5,305947,55.56
"good beer good",5,305952,55.56
"good best friend",5,305957,55.56
"good big screen",5,305962,55.56
"good cards playing",5,305967,55.56
"good chat today",5,305972,55.56
"good coffee good",5,305977,55.56
"good food thought",5,305982,55.56
"good fortune comes",5,305987,55.57
"good friend follow",5,305992,55.57
"good friend go",5,305997,55.57
"good friend great",5,306002,55.57
"good friend know",5,306007,55.57
"good friend new",5,306012,55.57
"good friends family",5,306017,55.57
"good game great",5,306022,55.57
"good game man",5,306027,55.57
"good good stuff",5,306032,55.57
"good hair good",5,306037,55.57
"good hear make",5,306042,55.58
"good hear say",5,306047,55.58
"good hit get",5,306052,55.58
"good hunger games",5,306057,55.58
"good just enjoying",5,306062,55.58
"good just going",5,306067,55.58
"good just gotta",5,306072,55.58
"good just sore",5,306077,55.58
"good know got",5,306082,55.58
"good know like",5,306087,55.58
"good know put",5,306092,55.58
"good know real",5,306097,55.59
"good living better",5,306102,55.59
"good look great",5,306107,55.59
"good looking saying",5,306112,55.59
"good luck ap",5,306117,55.59
"good luck awesome",5,306122,55.59
"good luck bad",5,306127,55.59
"good luck btw",5,306132,55.59
"good luck bud",5,306137,55.59
"good luck business",5,306142,55.59
"good luck career",5,306147,55.59
"good luck cheer",5,306152,55.6
"good luck class",5,306157,55.6
"good luck competitors",5,306162,55.6
"good luck court",5,306167,55.6
"good luck dancers",5,306172,55.6
"good luck dear",5,306177,55.6
"good luck favorite",5,306182,55.6
"good luck filming",5,306187,55.6
"good luck fingers",5,306192,55.6
"good luck keeping",5,306197,55.6
"good luck lucky",5,306202,55.6
"good luck men",5,306207,55.61
"good luck morning",5,306212,55.61
"good luck opening",5,306217,55.61
"good luck philly",5,306222,55.61
"good luck players",5,306227,55.61
"good luck right",5,306232,55.61
"good luck rooting",5,306237,55.61
"good luck round",5,306242,55.61
"good luck send",5,306247,55.61
"good luck state",5,306252,55.61
"good luck tests",5,306257,55.61
"good luck thank",5,306262,55.62
"good luck tho",5,306267,55.62
"good luck tour",5,306272,55.62
"good luck tournament",5,306277,55.62
"good luck track",5,306282,55.62
"good luck tweet",5,306287,55.62
"good luck want",5,306292,55.62
"good luck weeks",5,306297,55.62
"good luck went",5,306302,55.62
"good luck won",5,306307,55.62
"good man life",5,306312,55.62
"good man need",5,306317,55.63
"good meeting today",5,306322,55.63
"good might get",5,306327,55.63
"good morning artist",5,306332,55.63
"good morning bright",5,306337,55.63
"good morning btw",5,306342,55.63
"good morning detroit",5,306347,55.63
"good morning east",5,306352,55.63
"good morning finally",5,306357,55.63
"good morning fort",5,306362,55.63
"good morning girl",5,306367,55.63
"good morning gotta",5,306372,55.64
"good morning haven",5,306377,55.64
"good morning headed",5,306382,55.64
"good morning hot",5,306387,55.64
"good morning house",5,306392,55.64
"good morning join",5,306397,55.64
"good morning lady",5,306402,55.64
"good morning madison",5,306407,55.64
"good morning mi",5,306412,55.64
"good morning mix",5,306417,55.64
"good morning rain",5,306422,55.64
"good morning really",5,306427,55.65
"good morning saturday",5,306432,55.65
"good morning sunny",5,306437,55.65
"good morning thankful",5,306442,55.65
"good morning want",5,306447,55.65
"good movie just",5,306452,55.65
"good music keep",5,306457,55.65
"good people don",5,306462,55.65
"good people hire",5,306467,55.65
"good people love",5,306472,55.65
"good point guard",5,306477,55.65
"good point guess",5,306482,55.66
"good point love",5,306487,55.66
"good point thinking",5,306492,55.66
"good rest day",5,306497,55.66
"good spot party",5,306502,55.66
"good start monday",5,306507,55.66
"good thank love",5,306512,55.66
"good things eat",5,306517,55.66
"good things working",5,306522,55.66
"good things works",5,306527,55.66
"good times best",5,306532,55.66
"good times new",5,306537,55.67
"good times right",5,306542,55.67
"good times today",5,306547,55.67
"good today love",5,306552,55.67
"good trip home",5,306557,55.67
"good tweet having",5,306562,55.67
"good way keep",5,306567,55.67
"good writer talent",5,306572,55.67
"goodnight beautiful followers",5,306577,55.67
"goodnight lovely followers",5,306582,55.67
"google apps education",5,306587,55.67
"google let snow",5,306592,55.68
"google places page",5,306597,55.68
"gorgeous day dc",5,306602,55.68
"gorgeous day perfect",5,306607,55.68
"gorgeous love dress",5,306612,55.68
"got awesome stuff",5,306617,55.68
"got boarding pass",5,306622,55.68
"got christmas tree",5,306627,55.68
"got couple new",5,306632,55.68
"got don think",5,306637,55.68
"got done wit",5,306642,55.68
"got drivers license",5,306647,55.69
"got extra time",5,306652,55.69
"got food stamps",5,306657,55.69
"got get stage",5,306662,55.69
"got good job",5,306667,55.69
"got good look",5,306672,55.69
"got good music",5,306677,55.69
"got good say",5,306682,55.69
"got great seats",5,306687,55.69
"got great taste",5,306692,55.69
"got great workout",5,306697,55.69
"got haircut today",5,306702,55.7
"got happy birthday",5,306707,55.7
"got heart beat",5,306712,55.7
"got home fun",5,306717,55.7
"got home game",5,306722,55.7
"got home getting",5,306727,55.7
"got home got",5,306732,55.7
"got home night",5,306737,55.7
"got homework done",5,306742,55.7
"got hours ago",5,306747,55.7
"got house myself",5,306752,55.7
"got jokes huh",5,306757,55.71
"got lose know",5,306762,55.71
"got lost mail",5,306767,55.71
"got lot easier",5,306772,55.71
"got lot new",5,306777,55.71
"got lot people",5,306782,55.71
"got lot things",5,306787,55.71
"got lot think",5,306792,55.71
"got love got",5,306797,55.71
"got love new",5,306802,55.71
"got memories time",5,306807,55.71
"got million followers",5,306812,55.72
"got mom flowers",5,306817,55.72
"got myself new",5,306822,55.72
"got negative say",5,306827,55.72
"got paid need",5,306832,55.72
"got people buy",5,306837,55.72
"got plans tonight",5,306842,55.72
"got pretty face",5,306847,55.72
"got question serious",5,306852,55.72
"got release date",5,306857,55.72
"got right time",5,306862,55.72
"got second place",5,306867,55.73
"got spots left",5,306872,55.73
"got strings attached",5,306877,55.73
"got take care",5,306882,55.73
"got theory give",5,306887,55.73
"got things done",5,306892,55.73
"got think like",5,306897,55.73
"got time come",5,306902,55.73
"got time get",5,306907,55.73
"got time machine",5,306912,55.73
"got twitter just",5,306917,55.73
"got twitter page",5,306922,55.73
"got ur email",5,306927,55.74
"got weeks ago",5,306932,55.74
"got work hours",5,306937,55.74
"got work tired",5,306942,55.74
"got year old",5,306947,55.74
"gotta go got",5,306952,55.74
"gotta go tomorrow",5,306957,55.74
"gotta good life",5,306962,55.74
"gotta new number",5,306967,55.74
"gotta put rain",5,306972,55.74
"gotta stay shape",5,306977,55.74
"gov mitch daniels",5,306982,55.75
"grab beer soon",5,306987,55.75
"grade field trip",5,306992,55.75
"grading special teams",5,306997,55.75
"graduating college tomorrow",5,307002,55.75
"graduating today proud",5,307007,55.75
"graduation party tomorrow",5,307012,55.75
"grand central terminal",5,307017,55.75
"grand opening april",5,307022,55.75
"grand opening event",5,307027,55.75
"grand opening th",5,307032,55.75
"graphic web design",5,307037,55.76
"gratitude sign noble",5,307042,55.76
"gratitude use anyone",5,307047,55.76
"gravy green beans",5,307052,55.76
"great article man",5,307057,55.76
"great beer festival",5,307062,55.76
"great busy weekend",5,307067,55.76
"great catch old",5,307072,55.76
"great concerts year",5,307077,55.76
"great connected twitter",5,307082,55.76
"great cup coffee",5,307087,55.76
"great day austin",5,307092,55.77
"great day basketball",5,307097,55.77
"great day better",5,307102,55.77
"great day blessed",5,307107,55.77
"great day celebrating",5,307112,55.77
"great day did",5,307117,55.77
"great day excited",5,307122,55.77
"great day filled",5,307127,55.77
"great day folks",5,307132,55.77
"great day game",5,307137,55.77
"great day golf",5,307142,55.77
"great day houston",5,307147,55.78
"great day hugs",5,307152,55.78
"great day kids",5,307157,55.78
"great day like",5,307162,55.78
"great day lovely",5,307167,55.78
"great day night",5,307172,55.78
"great day nyc",5,307177,55.78
"great day play",5,307182,55.78
"great day practice",5,307187,55.78
"great day ride",5,307192,55.78
"great day talking",5,307197,55.78
"great day weather",5,307202,55.79
"great day week",5,307207,55.79
"great day white",5,307212,55.79
"great day wonderful",5,307217,55.79
"great don worry",5,307222,55.79
"great drink food",5,307227,55.79
"great drink special",5,307232,55.79
"great end week",5,307237,55.79
"great family weekend",5,307242,55.79
"great fans great",5,307247,55.79
"great finally meeting",5,307252,55.79
"great food truck",5,307257,55.8
"great game day",5,307262,55.8
"great game time",5,307267,55.8
"great game wait",5,307272,55.8
"great game yesterday",5,307277,55.8
"great gig tonight",5,307282,55.8
"great hanging tonight",5,307287,55.8
"great happy new",5,307292,55.8
"great hear great",5,307297,55.8
"great idea don",5,307302,55.8
"great idea new",5,307307,55.8
"great idea students",5,307312,55.81
"great idea thank",5,307317,55.81
"great idea time",5,307322,55.81
"great idea watch",5,307327,55.81
"great keep great",5,307332,55.81
"great leader master",5,307337,55.81
"great meet awesome",5,307342,55.81
"great meet twitter",5,307347,55.81
"great meeting big",5,307352,55.81
"great meeting excited",5,307357,55.81
"great meeting fun",5,307362,55.81
"great meeting good",5,307367,55.82
"great meeting hanging",5,307372,55.82
"great meeting new",5,307377,55.82
"great mighty bands",5,307382,55.82
"great movie great",5,307387,55.82
"great music easy",5,307392,55.82
"great music videos",5,307397,55.82
"great musicians don",5,307402,55.82
"great networks try",5,307407,55.82
"great new friends",5,307412,55.82
"great new product",5,307417,55.82
"great new site",5,307422,55.83
"great news going",5,307427,55.83
"great night baseball",5,307432,55.83
"great night celebrating",5,307437,55.83
"great night come",5,307442,55.83
"great night fights",5,307447,55.83
"great night fun",5,307452,55.83
"great night hanging",5,307457,55.83
"great night hope",5,307462,55.83
"great night live",5,307467,55.83
"great night man",5,307472,55.83
"great opening day",5,307477,55.84
"great opening night",5,307482,55.84
"great party tonight",5,307487,55.84
"great people get",5,307492,55.84
"great people greatest",5,307497,55.84
"great people talk",5,307502,55.84
"great place enjoy",5,307507,55.84
"great products store",5,307512,55.84
"great reading last",5,307517,55.84
"great really enjoyed",5,307522,55.84
"great regular season",5,307527,55.84
"great rest weekend",5,307532,55.85
"great savings care",5,307537,55.85
"great school year",5,307542,55.85
"great seeing weekend",5,307547,55.85
"great set tonight",5,307552,55.85
"great shows tonight",5,307557,55.85
"great spending time",5,307562,55.85
"great start summer",5,307567,55.85
"great stuff coming",5,307572,55.85
"great stuff today",5,307577,55.85
"great take look",5,307582,55.85
"great thanks follow",5,307587,55.86
"great things just",5,307592,55.86
"great things know",5,307597,55.86
"great things planned",5,307602,55.86
"great topic tonight",5,307607,55.86
"great tunes possible",5,307612,55.86
"great way finish",5,307617,55.86
"great way help",5,307622,55.86
"great way hill",5,307627,55.86
"great way remind",5,307632,55.86
"great way save",5,307637,55.86
"great week friends",5,307642,55.87
"great week thank",5,307647,55.87
"great work community",5,307652,55.87
"great work enjoy",5,307657,55.87
"great work man",5,307662,55.87
"great work tonight",5,307667,55.87
"greater bearing story",5,307672,55.87
"greater benefit hill",5,307677,55.87
"greatest accomplished people",5,307682,55.87
"greatest contribution robert",5,307687,55.87
"greatest hits album",5,307692,55.87
"greatest success just",5,307697,55.88
"greatest use life",5,307702,55.88
"green bay press",5,307707,55.88
"green shield carpet",5,307712,55.88
"green valley library",5,307717,55.88
"green valley ranch",5,307722,55.88
"ground spin make",5,307727,55.88
"ground universal experience",5,307732,55.88
"grove tap meeting",5,307737,55.88
"growing consensus hub",5,307742,55.88
"grows beauty grows",5,307747,55.88
"grows birds fly",5,307752,55.89
"guess doing right",5,307757,55.89
"guess just bought",5,307762,55.89
"guess just going",5,307767,55.89
"guess paying attention",5,307772,55.89
"guide supporting businesses",5,307777,55.89
"guitars austin texas",5,307782,55.89
"gulf oil spill",5,307787,55.89
"guy did wrong",5,307792,55.89
"guy know really",5,307797,55.89
"guy wearing shirt",5,307802,55.89
"guys just come",5,307807,55.9
"guys just love",5,307812,55.9
"guys just need",5,307817,55.9
"guys last week",5,307822,55.9
"guys made proud",5,307827,55.9
"guys peoples laugh",5,307832,55.9
"guys playing like",5,307837,55.9
"guys tomorrow night",5,307842,55.9
"guys wanna hear",5,307847,55.9
"guys watching like",5,307852,55.9
"gym friday night",5,307857,55.9
"gym times week",5,307862,55.91
"ha funny love",5,307867,55.91
"hacked sorry got",5,307872,55.91
"hair care tips",5,307877,55.91
"hair don want",5,307882,55.91
"hair just did",5,307887,55.91
"half brain gifted",5,307892,55.91
"half dozen times",5,307897,55.91
"half hour going",5,307902,55.91
"half hour later",5,307907,55.91
"half people know",5,307912,55.91
"half singing shower",5,307917,55.92
"hall meeting ward",5,307922,55.92
"halloween costume dance",5,307927,55.92
"halloween favorite holiday",5,307932,55.92
"hallway smells like",5,307937,55.92
"hancock san diego",5,307942,55.92
"hand answer questions",5,307947,55.92
"hand made great",5,307952,55.92
"hands clap clap",5,307957,55.92
"hands fall flat",5,307962,55.92
"hands happens terrible",5,307967,55.92
"hands look like",5,307972,55.93
"hands place hands",5,307977,55.93
"hanging let go",5,307982,55.93
"happen blink eye",5,307987,55.93
"happen online today",5,307992,55.93
"happen www com",5,307997,55.93
"happens percent react",5,308002,55.93
"happens terrible thing",5,308007,55.93
"happiest days life",5,308012,55.93
"happiest person earth",5,308017,55.93
"happiest silly family",5,308022,55.93
"happiness attitude make",5,308027,55.94
"happiness noise appreciate",5,308032,55.94
"happiness possessions gold",5,308037,55.94
"happy april th",5,308042,55.94
"happy bike work",5,308047,55.94
"happy birthday ali",5,308052,55.94
"happy birthday ben",5,308057,55.94
"happy birthday born",5,308062,55.94
"happy birthday bud",5,308067,55.94
"happy birthday co",5,308072,55.94
"happy birthday coolest",5,308077,55.94
"happy birthday did",5,308082,55.95
"happy birthday dog",5,308087,55.95
"happy birthday doing",5,308092,55.95
"happy birthday ellen",5,308097,55.95
"happy birthday grand",5,308102,55.95
"happy birthday heather",5,308107,55.95
"happy birthday james",5,308112,55.95
"happy birthday keith",5,308117,55.95
"happy birthday last",5,308122,55.95
"happy birthday look",5,308127,55.95
"happy birthday ma",5,308132,55.95
"happy birthday march",5,308137,55.96
"happy birthday message",5,308142,55.96
"happy birthday myself",5,308147,55.96
"happy birthday partner",5,308152,55.96
"happy birthday president",5,308157,55.96
"happy birthday proud",5,308162,55.96
"happy birthday rip",5,308167,55.96
"happy birthday say",5,308172,55.96
"happy birthday special",5,308177,55.96
"happy birthday super",5,308182,55.96
"happy birthday sure",5,308187,55.96
"happy birthday team",5,308192,55.97
"happy birthday tony",5,308197,55.97
"happy birthday trending",5,308202,55.97
"happy birthday tweet",5,308207,55.97
"happy birthday usa",5,308212,55.97
"happy birthday week",5,308217,55.97
"happy birthday welcome",5,308222,55.97
"happy don reply",5,308227,55.97
"happy draft day",5,308232,55.97
"happy friendship day",5,308237,55.97
"happy great day",5,308242,55.97
"happy halloween remember",5,308247,55.98
"happy halloween safe",5,308252,55.98
"happy happy holidays",5,308257,55.98
"happy happy monday",5,308262,55.98
"happy holidays safe",5,308267,55.98
"happy holidays thank",5,308272,55.98
"happy holidays www",5,308277,55.98
"happy hope good",5,308282,55.98
"happy hours app",5,308287,55.98
"happy hr close",5,308292,55.98
"happy jonas day",5,308297,55.98
"happy lover hour",5,308302,55.99
"happy make sure",5,308307,55.99
"happy merry christmas",5,308312,55.99
"happy monday don",5,308317,55.99
"happy monday looking",5,308322,55.99
"happy monday people",5,308327,55.99
"happy monday start",5,308332,55.99
"happy monday time",5,308337,55.99
"happy part team",5,308342,55.99
"happy st george",5,308347,55.99
"happy take look",5,308352,55.99
"happy teacher day",5,308357,56
"happy th thanks",5,308362,56
"happy th tweet",5,308367,56
"happy thanks following",5,308372,56
"happy thanksgiving blessings",5,308377,56
"happy thanksgiving go",5,308382,56
"happy thanksgiving take",5,308387,56
"happy thanksgiving wonderful",5,308392,56
"happy tuesday going",5,308397,56
"happy won best",5,308402,56
"harbor safe ships",5,308407,56
"hard apple cider",5,308412,56.01
"hard divide small",5,308417,56.01
"hard find days",5,308422,56.01
"hard find like",5,308427,56.01
"hard force myself",5,308432,56.01
"hard forget gave",5,308437,56.01
"hard get better",5,308442,56.01
"hard get hit",5,308447,56.01
"hard money hard",5,308452,56.01
"hard pressed find",5,308457,56.01
"hard put words",5,308462,56.01
"hard really want",5,308467,56.02
"hard stay awake",5,308472,56.02
"hard take seriously",5,308477,56.02
"hard tell difference",5,308482,56.02
"hard time deciding",5,308487,56.02
"hard time understanding",5,308492,56.02
"hardest working man",5,308497,56.02
"harry potter book",5,308502,56.02
"harry potter film",5,308507,56.02
"harry potter pt",5,308512,56.02
"harry potter weekend",5,308517,56.02
"hate go bed",5,308522,56.03
"hate go love",5,308527,56.03
"hate guys think",5,308532,56.03
"hate miss hate",5,308537,56.03
"hate people change",5,308542,56.03
"hate people know",5,308547,56.03
"hate people people",5,308552,56.03
"hate people play",5,308557,56.03
"hate people touch",5,308562,56.03
"hate spanish class",5,308567,56.03
"hate treat like",5,308572,56.03
"hate twitter finishing",5,308577,56.04
"hate valentines day",5,308582,56.04
"hate watching movies",5,308587,56.04
"hatred emotion jim",5,308592,56.04
"haven chance listen",5,308597,56.04
"haven crossed paths",5,308602,56.04
"haven earned buy",5,308607,56.04
"haven made mind",5,308612,56.04
"haven said word",5,308617,56.04
"haven taken time",5,308622,56.04
"haven time read",5,308627,56.04
"having abundance life",5,308632,56.05
"having act like",5,308637,56.05
"having amazing night",5,308642,56.05
"having amazing weekend",5,308647,56.05
"having anger reaching",5,308652,56.05
"having baby girl",5,308657,56.05
"having bake sale",5,308662,56.05
"having best friend",5,308667,56.05
"having characters left",5,308672,56.05
"having concentrate don",5,308677,56.05
"having dance party",5,308682,56.05
"having decide grammar",5,308687,56.06
"having fun good",5,308692,56.06
"having fun work",5,308697,56.06
"having go school",5,308702,56.06
"having good game",5,308707,56.06
"having good hair",5,308712,56.06
"having great evening",5,308717,56.06
"having great labor",5,308722,56.06
"having great thursday",5,308727,56.06
"having mid life",5,308732,56.06
"having rough time",5,308737,56.06
"having shitty day",5,308742,56.07
"having sight vision",5,308747,56.07
"having today great",5,308752,56.07
"head heels love",5,308757,56.07
"head love follow",5,308762,56.07
"head starting hurt",5,308767,56.07
"headed extra innings",5,308772,56.07
"heading looking forward",5,308777,56.07
"heading way soon",5,308782,56.07
"heading work today",5,308787,56.07
"heal love leaves",5,308792,56.07
"health care access",5,308797,56.08
"health care debate",5,308802,56.08
"health duty shall",5,308807,56.08
"health fact day",5,308812,56.08
"health ins plan",5,308817,56.08
"health vital principle",5,308822,56.08
"healthcare plan youtube",5,308827,56.08
"hear enjoyed thanks",5,308832,56.08
"hear feel better",5,308837,56.08
"hear just laugh",5,308842,56.08
"hear make sure",5,308847,56.08
"hear people saying",5,308852,56.09
"hear social media",5,308857,56.09
"hear speak tonight",5,308862,56.09
"heard people copy",5,308867,56.09
"heard player nice",5,308872,56.09
"hearing good stuff",5,308877,56.09
"hearing people complain",5,308882,56.09
"heart beats faster",5,308887,56.09
"heart business business",5,308892,56.09
"heart don know",5,308897,56.09
"heart fail strength",5,308902,56.09
"heart feel called",5,308907,56.1
"heart mind person",5,308912,56.1
"heart shaped pizza",5,308917,56.1
"heat get kitchen",5,308922,56.1
"heavy rain wind",5,308927,56.1
"helen house party",5,308932,56.1
"hello great day",5,308937,56.1
"hello welcome new",5,308942,56.1
"hello wish great",5,308947,56.1
"helmet free tackle",5,308952,56.1
"help change world",5,308957,56.1
"help falling love",5,308962,56.11
"help friends get",5,308967,56.11
"help learn lines",5,308972,56.11
"help looking forward",5,308977,56.11
"help make dream",5,308982,56.11
"help make things",5,308987,56.11
"help move forward",5,308992,56.11
"help promote ur",5,308997,56.11
"help save money",5,309002,56.11
"help take care",5,309007,56.11
"help time need",5,309012,56.11
"help ton scholarships",5,309017,56.12
"helped make happen",5,309022,56.12
"helpful let know",5,309027,56.12
"helping make event",5,309032,56.12
"henry louis gates",5,309037,56.12
"heroes get remembered",5,309042,56.12
"hey alex day",5,309047,56.12
"hey alex follow",5,309052,56.12
"hey awesome did",5,309057,56.12
"hey fans check",5,309062,56.12
"hey follow amazing",5,309067,56.12
"hey follow friend",5,309072,56.13
"hey follow personal",5,309077,56.13
"hey followers follow",5,309082,56.13
"hey girl did",5,309087,56.13
"hey girl follow",5,309092,56.13
"hey girl good",5,309097,56.13
"hey glad hear",5,309102,56.13
"hey gotta go",5,309107,56.13
"hey guys get",5,309112,56.13
"hey guys glad",5,309117,56.13
"hey guys happy",5,309122,56.13
"hey guys keep",5,309127,56.14
"hey guys tell",5,309132,56.14
"hey guys tonight",5,309137,56.14
"hey guys working",5,309142,56.14
"hey hey hi",5,309147,56.14
"hey just heard",5,309152,56.14
"hey just made",5,309157,56.14
"hey just reminder",5,309162,56.14
"hey just trying",5,309167,56.14
"hey justin follow",5,309172,56.14
"hey let talk",5,309177,56.14
"hey lets go",5,309182,56.15
"hey little high",5,309187,56.15
"hey love guys",5,309192,56.15
"hey love hope",5,309197,56.15
"hey love music",5,309202,56.15
"hey love new",5,309207,56.15
"hey man did",5,309212,56.15
"hey man doing",5,309217,56.15
"hey man hope",5,309222,56.15
"hey man know",5,309227,56.15
"hey man let",5,309232,56.15
"hey man like",5,309237,56.16
"hey pretty sure",5,309242,56.16
"hey saw ur",5,309247,56.16
"hey tweet limit",5,309252,56.16
"hi david thanks",5,309257,56.16
"hi great meeting",5,309262,56.16
"hi like know",5,309267,56.16
"hi like tropical",5,309272,56.16
"hi looks like",5,309277,56.16
"hi new york",5,309282,56.16
"hi smile know",5,309287,56.16
"hi sorry delay",5,309292,56.17
"hi sorry hear",5,309297,56.17
"hi thanks reaching",5,309302,56.17
"hide identity like",5,309307,56.17
"hide support local",5,309312,56.17
"high day high",5,309317,56.17
"high don know",5,309322,56.17
"high don stop",5,309327,56.17
"high expectations key",5,309332,56.17
"high head low",5,309337,56.17
"high ph water",5,309342,56.17
"high today cause",5,309347,56.18
"higher new year",5,309352,56.18
"higher www com",5,309357,56.18
"highest level years",5,309362,56.18
"hill city hot",5,309367,56.18
"hire business analyst",5,309372,56.18
"hiring full time",5,309377,56.18
"hiring part time",5,309382,56.18
"history united states",5,309387,56.18
"hit head wall",5,309392,56.18
"hit later tonight",5,309397,56.18
"hit pretty hard",5,309402,56.19
"hit run homer",5,309407,56.19
"hit streets live",5,309412,56.19
"hit table reservations",5,309417,56.19
"hit want join",5,309422,56.19
"hold em know",5,309427,56.19
"hold laugh don",5,309432,56.19
"holding good cards",5,309437,56.19
"holding hand public",5,309442,56.19
"holds special place",5,309447,56.19
"holds treasure seek",5,309452,56.19
"holiday gift guide",5,309457,56.2
"holiday gift ideas",5,309462,56.2
"holiday season new",5,309467,56.2
"holiday season www",5,309472,56.2
"holiday shopping edition",5,309477,56.2
"holly cow natural",5,309482,56.2
"hollywood elite trainer",5,309487,56.2
"home business expo",5,309492,56.2
"home early today",5,309497,56.2
"home eat dinner",5,309502,56.2
"home find george",5,309507,56.2
"home going home",5,309512,56.21
"home improvement projects",5,309517,56.21
"home let get",5,309522,56.21
"home long night",5,309527,56.21
"home new car",5,309532,56.21
"home run bottom",5,309537,56.21
"home run night",5,309542,56.21
"home sales net",5,309547,56.21
"home smelling like",5,309552,56.21
"home take shower",5,309557,56.21
"home watch movies",5,309562,56.21
"home watching game",5,309567,56.22
"home watching movies",5,309572,56.22
"home work time",5,309577,56.22
"homeless people get",5,309582,56.22
"honey sting like",5,309587,56.22
"honor critic jean",5,309592,56.22
"honor dish satisfy",5,309597,56.22
"honor international women",5,309602,56.22
"hope bring home",5,309607,56.22
"hope day follow",5,309612,56.22
"hope doing fun",5,309617,56.22
"hope don mess",5,309622,56.23
"hope don miss",5,309627,56.23
"hope don rain",5,309632,56.23
"hope duke story",5,309637,56.23
"hope enjoy food",5,309642,56.23
"hope enjoy holiday",5,309647,56.23
"hope enjoy meal",5,309652,56.23
"hope enjoy new",5,309657,56.23
"hope enjoy ur",5,309662,56.23
"hope enjoy visit",5,309667,56.23
"hope enjoyed last",5,309672,56.23
"hope enjoyed thanks",5,309677,56.24
"hope enjoyed thanksgiving",5,309682,56.24
"hope enjoying life",5,309687,56.24
"hope enjoying nice",5,309692,56.24
"hope enjoys day",5,309697,56.24
"hope everybody enjoying",5,309702,56.24
"hope everybody having",5,309707,56.24
"hope familiar faces",5,309712,56.24
"hope found interesting",5,309717,56.24
"hope friends family",5,309722,56.24
"hope fun good",5,309727,56.24
"hope good love",5,309732,56.25
"hope good today",5,309737,56.25
"hope good xmas",5,309742,56.25
"hope guys come",5,309747,56.25
"hope guys win",5,309752,56.25
"hope made home",5,309757,56.25
"hope made safely",5,309762,56.25
"hope make tomorrow",5,309767,56.25
"hope massive available",5,309772,56.25
"hope near future",5,309777,56.25
"hope people like",5,309782,56.25
"hope play soon",5,309787,56.26
"hope rain holds",5,309792,56.26
"hope sleep tonight",5,309797,56.26
"hope someday notice",5,309802,56.26
"hope someday soon",5,309807,56.26
"hope stay tuned",5,309812,56.26
"hope stays like",5,309817,56.26
"hope stays safe",5,309822,56.26
"hope weather holds",5,309827,56.26
"hope weather nice",5,309832,56.26
"hope wonderful friday",5,309837,56.26
"hope wonderful wednesday",5,309842,56.27
"hope worth wait",5,309847,56.27
"hopefully fall asleep",5,309852,56.27
"hopefully good day",5,309857,56.27
"hopefully good news",5,309862,56.27
"hopefully won get",5,309867,56.27
"hopes end habits",5,309872,56.27
"hopes high head",5,309877,56.27
"hoping productive day",5,309882,56.27
"hopped lazy dog",5,309887,56.27
"hopped past boring",5,309892,56.27
"horrible day just",5,309897,56.28
"hospitality making guests",5,309902,56.28
"hosting business summit",5,309907,56.28
"hosting open house",5,309912,56.28
"hosting paint recycling",5,309917,56.28
"hosts th annual",5,309922,56.28
"hot af outside",5,309927,56.28
"hot bubble bath",5,309932,56.28
"hot cold just",5,309937,56.28
"hot right na",5,309942,56.28
"hotel beverly hills",5,309947,56.28
"hour chance win",5,309952,56.29
"hour come get",5,309957,56.29
"hour go home",5,309962,56.29
"hour increase bacteria",5,309967,56.29
"hour left work",5,309972,56.29
"hour miss kathy",5,309977,56.29
"hour road trip",5,309982,56.29
"hour seems like",5,309987,56.29
"hour shift today",5,309992,56.29
"hour till close",5,309997,56.29
"hours counting till",5,310002,56.29
"hours sleep day",5,310007,56.3
"hours sleep feel",5,310012,56.3
"hours sleep past",5,310017,56.3
"hours sleep work",5,310022,56.3
"hours www com",5,310027,56.3
"house don think",5,310032,56.3
"house pm pm",5,310037,56.3
"house smell like",5,310042,56.3
"house smells good",5,310047,56.3
"house ways means",5,310052,56.3
"hr close alcohol",5,310057,56.3
"hr work day",5,310062,56.31
"hug tight say",5,310067,56.31
"huge fan get",5,310072,56.31
"huge fan good",5,310077,56.31
"huge fan great",5,310082,56.31
"huge fan work",5,310087,56.31
"huge happy birthday",5,310092,56.31
"huge sale both",5,310097,56.31
"huge series win",5,310102,56.31
"hugs kisses love",5,310107,56.31
"human opportunity kindness",5,310112,56.31
"humor alter situation",5,310117,56.32
"hump day thursdays",5,310122,56.32
"hunger accomplish dreams",5,310127,56.32
"hungry haven eaten",5,310132,56.32
"hurry come home",5,310137,56.32
"hurry space limited",5,310142,56.32
"hurry supplies last",5,310147,56.32
"hurt feelings just",5,310152,56.32
"hurt sing like",5,310157,56.32
"hurt tell way",5,310162,56.32
"hurts thinking hate",5,310167,56.32
"hustle clothes real",5,310172,56.33
"icon really pretty",5,310177,56.33
"idea child headphones",5,310182,56.33
"idea don care",5,310187,56.33
"idea need help",5,310192,56.33
"ideas little time",5,310197,56.33
"ideas person steal",5,310202,56.33
"identity like giant",5,310207,56.33
"idol role world",5,310212,56.33
"ignore nice guys",5,310217,56.33
"ignoring phone phone",5,310222,56.33
"ill keep mind",5,310227,56.34
"illusion taken place",5,310232,56.34
"images america fort",5,310237,56.34
"imagination makes infinite",5,310242,56.34
"imagine achieve dream",5,310247,56.34
"important dress woman",5,310252,56.34
"important people life",5,310257,56.34
"important single ingredient",5,310262,56.34
"important winning losing",5,310267,56.34
"improving own self",5,310272,56.34
"included hosted dj",5,310277,56.34
"increase bacteria ear",5,310282,56.35
"independent music benefits",5,310287,56.35
"india trip fact",5,310292,56.35
"indiana helps save",5,310297,56.35
"industry night tonight",5,310302,56.35
"indy mini marathon",5,310307,56.35
"info just let",5,310312,56.35
"info look forward",5,310317,56.35
"info session pm",5,310322,56.35
"info supply leads",5,310327,56.35
"ingredient formula success",5,310332,56.35
"ingredients good life",5,310337,56.36
"ink body don",5,310342,56.36
"inmates just use",5,310347,56.36
"insanity enjoy minute",5,310352,56.36
"inside dream vision",5,310357,56.36
"inside yard line",5,310362,56.36
"insight acting just",5,310367,56.36
"insist making complicated",5,310372,56.36
"insist writing perfect",5,310377,56.36
"inspiration role model",5,310382,56.36
"install full version",5,310387,56.36
"integrity doing right",5,310392,56.37
"intend write winston",5,310397,56.37
"intent throwing gets",5,310402,56.37
"interest benjamin franklin",5,310407,56.37
"interested know anyone",5,310412,56.37
"interested www com",5,310417,56.37
"international chamber artists",5,310422,56.37
"international music conference",5,310427,56.37
"international space station",5,310432,56.37
"interview went great",5,310437,56.37
"invest love invest",5,310442,56.37
"invisible cool wanted",5,310447,56.38
"involves risks steal",5,310452,56.38
"involving school bus",5,310457,56.38
"iphone app get",5,310462,56.38
"iphone app just",5,310467,56.38
"iphone app works",5,310472,56.38
"ipod look window",5,310477,56.38
"iron hot make",5,310482,56.38
"ironic don think",5,310487,56.38
"island hot wet",5,310492,56.38
"issue san diego",5,310497,56.38
"issue sd home",5,310502,56.39
"issue www com",5,310507,56.39
"jack del rio",5,310512,56.39
"jail free card",5,310517,56.39
"james beard awards",5,310522,56.39
"james beard foundation",5,310527,56.39
"jane reply person",5,310532,56.39
"jason pierre paul",5,310537,56.39
"jealous countries talking",5,310542,56.39
"jealous stars gary",5,310547,56.39
"jersey new york",5,310552,56.39
"jessica simpson named",5,310557,56.4
"jessica simpson pregnant",5,310562,56.4
"jo book eating",5,310567,56.4
"job depression lose",5,310572,56.4
"job don apply",5,310577,56.4
"job go school",5,310582,56.4
"job grass grows",5,310587,56.4
"job make money",5,310592,56.4
"job need get",5,310597,56.4
"job tips free",5,310602,56.4
"jobs act strengthen",5,310607,56.4
"jobs cash hope",5,310612,56.41
"jobs rest peace",5,310617,56.41
"john di lemme",5,310622,56.41
"johnny cash bob",5,310627,56.41
"johnson care products",5,310632,56.41
"join book club",5,310637,56.41
"join co author",5,310642,56.41
"join fit challenge",5,310647,56.41
"join friday night",5,310652,56.41
"join http www",5,310657,56.41
"join live music",5,310662,56.41
"join mother day",5,310667,56.42
"join tasty tuesday",5,310672,56.42
"joined last night",5,310677,56.42
"joined st century",5,310682,56.42
"joke don play",5,310687,56.42
"joke don take",5,310692,56.42
"journey like marriage",5,310697,56.42
"joy follows like",5,310702,56.42
"judge asked jury",5,310707,56.42
"judge sets bail",5,310712,56.42
"judge ye judged",5,310717,56.42
"judged love loved",5,310722,56.43
"july th hope",5,310727,56.43
"july th wait",5,310732,56.43
"jump jump jump",5,310737,56.43
"jump jump remember",5,310742,56.43
"jump middle things",5,310747,56.43
"jumped lazy dog",5,310752,56.43
"june save date",5,310757,56.43
"june th hot",5,310762,56.43
"june th stay",5,310767,56.43
"june th wait",5,310772,56.43
"just accepted fact",5,310777,56.44
"just accepted offer",5,310782,56.44
"just answer phone",5,310787,56.44
"just answer question",5,310792,56.44
"just anyone hold",5,310797,56.44
"just ask follow",5,310802,56.44
"just ask question",5,310807,56.44
"just asked going",5,310812,56.44
"just asked mom",5,310817,56.44
"just asked need",5,310822,56.44
"just asked take",5,310827,56.44
"just ate food",5,310832,56.45
"just ate like",5,310837,56.45
"just bought best",5,310842,56.45
"just bought copy",5,310847,56.45
"just bought mom",5,310852,56.45
"just bought thanks",5,310857,56.45
"just bunch jealous",5,310862,56.45
"just called oh",5,310867,56.45
"just called old",5,310872,56.45
"just came itunes",5,310877,56.45
"just case missed",5,310882,56.45
"just case want",5,310887,56.46
"just checked music",5,310892,56.46
"just chilling home",5,310897,56.46
"just close love",5,310902,56.46
"just come house",5,310907,56.46
"just coming home",5,310912,56.46
"just cracked open",5,310917,56.46
"just created twitter",5,310922,56.46
"just crossed mind",5,310927,56.46
"just day year",5,310932,56.46
"just days don",5,310937,56.46
"just discovered thanks",5,310942,56.46
"just donated blood",5,310947,56.47
"just earned mobile",5,310952,56.47
"just experienced earthquake",5,310957,56.47
"just fall place",5,310962,56.47
"just fan page",5,310967,56.47
"just feel alone",5,310972,56.47
"just feel lost",5,310977,56.47
"just feel really",5,310982,56.47
"just feeling like",5,310987,56.47
"just feeling today",5,310992,56.47
"just finishing last",5,310997,56.47
"just followed people",5,311002,56.48
"just free valentines",5,311007,56.48
"just gave best",5,311012,56.48
"just gave great",5,311017,56.48
"just getting better",5,311022,56.48
"just getting worse",5,311027,56.48
"just girl expected",5,311032,56.48
"just give heads",5,311037,56.48
"just go buy",5,311042,56.48
"just go com",5,311047,56.48
"just go straight",5,311052,56.48
"just go walk",5,311057,56.49
"just go website",5,311062,56.49
"just going assume",5,311067,56.49
"just going sleep",5,311072,56.49
"just going waste",5,311077,56.49
"just gonna laugh",5,311082,56.49
"just gonna lay",5,311087,56.49
"just gonna listen",5,311092,56.49
"just gonna tell",5,311097,56.49
"just gonna try",5,311102,56.49
"just good like",5,311107,56.49
"just got atlanta",5,311112,56.5
"just got audition",5,311117,56.5
"just got birthday",5,311122,56.5
"just got blood",5,311127,56.5
"just got busy",5,311132,56.5
"just got card",5,311137,56.5
"just got cause",5,311142,56.5
"just got cd",5,311147,56.5
"just got coolest",5,311152,56.5
"just got couple",5,311157,56.5
"just got cousin",5,311162,56.5
"just got dance",5,311167,56.51
"just got days",5,311172,56.51
"just got doctor",5,311177,56.51
"just got doing",5,311182,56.51
"just got dvd",5,311187,56.51
"just got ed",5,311192,56.51
"just got follower",5,311197,56.51
"just got getting",5,311202,56.51
"just got glimpse",5,311207,56.51
"just got guy",5,311212,56.51
"just got haircut",5,311217,56.51
"just got hands",5,311222,56.52
"just got high",5,311227,56.52
"just got ice",5,311232,56.52
"just got ipod",5,311237,56.52
"just got night",5,311242,56.52
"just got ny",5,311247,56.52
"just got picture",5,311252,56.52
"just got pro",5,311257,56.52
"just got punched",5,311262,56.52
"just got rick",5,311267,56.52
"just got run",5,311272,56.52
"just got sad",5,311277,56.53
"just got san",5,311282,56.53
"just got saying",5,311287,56.53
"just got sorry",5,311292,56.53
"just got sudden",5,311297,56.53
"just got sweet",5,311302,56.53
"just got talent",5,311307,56.53
"just got tattoo",5,311312,56.53
"just got times",5,311317,56.53
"just got used",5,311322,56.53
"just got walking",5,311327,56.53
"just got wit",5,311332,56.54
"just got working",5,311337,56.54
"just gotta believe",5,311342,56.54
"just great time",5,311347,56.54
"just gut feeling",5,311352,56.54
"just half hour",5,311357,56.54
"just heard going",5,311362,56.54
"just heard got",5,311367,56.54
"just heard ice",5,311372,56.54
"just heard mentioned",5,311377,56.54
"just hit big",5,311382,56.54
"just hit face",5,311387,56.55
"just hit follow",5,311392,56.55
"just hit home",5,311397,56.55
"just hit million",5,311402,56.55
"just hit stage",5,311407,56.55
"just hit th",5,311412,56.55
"just hope works",5,311417,56.55
"just hour away",5,311422,56.55
"just hour increase",5,311427,56.55
"just job grass",5,311432,56.55
"just keep drinking",5,311437,56.55
"just keep making",5,311442,56.56
"just keep posted",5,311447,56.56
"just keep saying",5,311452,56.56
"just keep updated",5,311457,56.56
"just kiss lips",5,311462,56.56
"just know feel",5,311467,56.56
"just know good",5,311472,56.56
"just know got",5,311477,56.56
"just know like",5,311482,56.56
"just know need",5,311487,56.56
"just know really",5,311492,56.56
"just late night",5,311497,56.57
"just laugh hope",5,311502,56.57
"just learn real",5,311507,56.57
"just left go",5,311512,56.57
"just left home",5,311517,56.57
"just left movies",5,311522,56.57
"just left school",5,311527,56.57
"just let things",5,311532,56.57
"just let win",5,311537,56.57
"just letting go",5,311542,56.57
"just life live",5,311547,56.57
"just little excited",5,311552,56.58
"just little longer",5,311557,56.58
"just love follow",5,311562,56.58
"just love guys",5,311567,56.58
"just love say",5,311572,56.58
"just love stay",5,311577,56.58
"just love tweets",5,311582,56.58
"just make happen",5,311587,56.58
"just make sweet",5,311592,56.58
"just make things",5,311597,56.58
"just makes upset",5,311602,56.58
"just meet new",5,311607,56.59
"just might buy",5,311612,56.59
"just might let",5,311617,56.59
"just min left",5,311622,56.59
"just night stand",5,311627,56.59
"just noticed today",5,311632,56.59
"just noticed tweeted",5,311637,56.59
"just old people",5,311642,56.59
"just order online",5,311647,56.59
"just order pizza",5,311652,56.59
"just ordered wait",5,311657,56.59
"just put facebook",5,311662,56.6
"just quick reminder",5,311667,56.6
"just read thing",5,311672,56.6
"just read think",5,311677,56.6
"just real busy",5,311682,56.6
"just really happy",5,311687,56.6
"just really hot",5,311692,56.6
"just really mean",5,311697,56.6
"just really nice",5,311702,56.6
"just really stressed",5,311707,56.6
"just right way",5,311712,56.6
"just rocked house",5,311717,56.61
"just said give",5,311722,56.61
"just said good",5,311727,56.61
"just said make",5,311732,56.61
"just sang happy",5,311737,56.61
"just saw biggest",5,311742,56.61
"just saw book",5,311747,56.61
"just saw discovery",5,311752,56.61
"just saw following",5,311757,56.61
"just saw headline",5,311762,56.61
"just saw interview",5,311767,56.61
"just saw jeff",5,311772,56.62
"just saw profile",5,311777,56.62
"just saw run",5,311782,56.62
"just saw space",5,311787,56.62
"just saw sweet",5,311792,56.62
"just saw timeline",5,311797,56.62
"just saw worst",5,311802,56.62
"just saw yesterday",5,311807,56.62
"just scored free",5,311812,56.62
"just scored tickets",5,311817,56.62
"just sent information",5,311822,56.62
"just service offer",5,311827,56.63
"just shaking head",5,311832,56.63
"just share reveal",5,311837,56.63
"just shows really",5,311842,56.63
"just signed excited",5,311847,56.63
"just signed www",5,311852,56.63
"just sound like",5,311857,56.63
"just sounds better",5,311862,56.63
"just started getting",5,311867,56.63
"just started got",5,311872,56.63
"just started own",5,311877,56.63
"just started th",5,311882,56.64
"just step greatest",5,311887,56.64
"just stole tweet",5,311892,56.64
"just submitted application",5,311897,56.64
"just submitted proposal",5,311902,56.64
"just take long",5,311907,56.64
"just take love",5,311912,56.64
"just take take",5,311917,56.64
"just tell feel",5,311922,56.64
"just think cute",5,311927,56.64
"just think going",5,311932,56.64
"just think little",5,311937,56.65
"just think time",5,311942,56.65
"just think years",5,311947,56.65
"just thinking loud",5,311952,56.65
"just thinking things",5,311957,56.65
"just thought life",5,311962,56.65
"just thought really",5,311967,56.65
"just thought seen",5,311972,56.65
"just thought throw",5,311977,56.65
"just thought world",5,311982,56.65
"just time consuming",5,311987,56.65
"just time just",5,311992,56.66
"just time lunch",5,311997,56.66
"just time season",5,312002,56.66
"just told beautiful",5,312007,56.66
"just told best",5,312012,56.66
"just told good",5,312017,56.66
"just told got",5,312022,56.66
"just took break",5,312027,56.66
"just took dog",5,312032,56.66
"just took lead",5,312037,56.66
"just took like",5,312042,56.66
"just trying like",5,312047,56.67
"just trying survive",5,312052,56.67
"just trying understand",5,312057,56.67
"just tweet like",5,312062,56.67
"just tweet want",5,312067,56.67
"just updated iphone",5,312072,56.67
"just updated site",5,312077,56.67
"just wait meet",5,312082,56.67
"just wait weekend",5,312087,56.67
"just walked hotel",5,312092,56.67
"just walked house",5,312097,56.67
"just walked right",5,312102,56.68
"just walked stage",5,312107,56.68
"just watch videos",5,312112,56.68
"just watching game",5,312117,56.68
"just watching games",5,312122,56.68
"just watching movies",5,312127,56.68
"just weakness leaving",5,312132,56.68
"just went grocery",5,312137,56.68
"just went house",5,312142,56.68
"just went little",5,312147,56.68
"just went yard",5,312152,56.68
"just woke best",5,312157,56.69
"just woke feel",5,312162,56.69
"just woke go",5,312167,56.69
"just woke gonna",5,312172,56.69
"just woke hours",5,312177,56.69
"just woke ready",5,312182,56.69
"just woke really",5,312187,56.69
"just won th",5,312192,56.69
"just world needs",5,312197,56.69
"justin boyfriend music",5,312202,56.69
"justin drew love",5,312207,56.69
"justin new single",5,312212,56.7
"justin written song",5,312217,56.7
"kansas city bbq",5,312222,56.7
"kansas city game",5,312227,56.7
"kansas city royals",5,312232,56.7
"karaoke starts pm",5,312237,56.7
"kate cat daddy",5,312242,56.7
"katy perry movie",5,312247,56.7
"katy perry song",5,312252,56.7
"katy perry sued",5,312257,56.7
"kc forcing play",5,312262,56.7
"keep acting like",5,312267,56.71
"keep bringing great",5,312272,56.71
"keep checking new",5,312277,56.71
"keep circle small",5,312282,56.71
"keep eye ball",5,312287,56.71
"keep eye prize",5,312292,56.71
"keep eye updates",5,312297,56.71
"keep eye www",5,312302,56.71
"keep forgetting twitter",5,312307,56.71
"keep going boys",5,312312,56.71
"keep going forth",5,312317,56.71
"keep going keep",5,312322,56.72
"keep going man",5,312327,56.72
"keep heart stay",5,312332,56.72
"keep important work",5,312337,56.72
"keep living dream",5,312342,56.72
"keep looking forward",5,312347,56.72
"keep music coming",5,312352,56.72
"keep playing get",5,312357,56.72
"keep playing hard",5,312362,56.72
"keep playing like",5,312367,56.72
"keep posted coming",5,312372,56.72
"keep posted details",5,312377,56.73
"keep posted find",5,312382,56.73
"keep posted let",5,312387,56.73
"keep posted release",5,312392,56.73
"keep reading last",5,312397,56.73
"keep seeing ads",5,312402,56.73
"keep seeing people",5,312407,56.73
"keep submissions coming",5,312412,56.73
"keep things perspective",5,312417,56.73
"keep ur mouth",5,312422,56.73
"keep winning streak",5,312427,56.73
"keeping smile face",5,312432,56.74
"keeping social media",5,312437,56.74
"keeps smile face",5,312442,56.74
"kelly cup finals",5,312447,56.74
"kennedy space center",5,312452,56.74
"key neat place",5,312457,56.74
"key problem light",5,312462,56.74
"kids comedy pet",5,312467,56.74
"kids creek mall",5,312472,56.74
"kids just like",5,312477,56.74
"kids say things",5,312482,56.74
"kids want grow",5,312487,56.75
"kim stanley robinson",5,312492,56.75
"kind feels like",5,312497,56.75
"kind person really",5,312502,56.75
"kind person think",5,312507,56.75
"kind person want",5,312512,56.75
"kind pleasure human",5,312517,56.75
"kind problem want",5,312522,56.75
"kind words just",5,312527,56.75
"kind words keep",5,312532,56.75
"kinda felt like",5,312537,56.75
"kinda seems like",5,312542,56.76
"kindle free prime",5,312547,56.76
"kindle lending library",5,312552,56.76
"kindness soon know",5,312557,56.76
"king must wait",5,312562,56.76
"king tribute elvis",5,312567,56.76
"king wild things",5,312572,56.76
"kingdom life fellowship",5,312577,56.76
"kiss dot loving",5,312582,56.76
"kiss love hold",5,312587,56.76
"kitty sleepy kitty",5,312592,56.76
"knees get lazy",5,312597,56.77
"knew high school",5,312602,56.77
"knew matter time",5,312607,56.77
"knock door opened",5,312612,56.77
"know anyone actually",5,312617,56.77
"know anyone want",5,312622,56.77
"know anything just",5,312627,56.77
"know ask don",5,312632,56.77
"know better ask",5,312637,56.77
"know bit late",5,312642,56.77
"know cab number",5,312647,56.77
"know changed life",5,312652,56.78
"know did miss",5,312657,56.78
"know did say",5,312662,56.78
"know doing adam",5,312667,56.78
"know doing good",5,312672,56.78
"know doing time",5,312677,56.78
"know don believe",5,312682,56.78
"know don feel",5,312687,56.78
"know don follow",5,312692,56.78
"know don judge",5,312697,56.78
"know don love",5,312702,56.78
"know don play",5,312707,56.79
"know easy get",5,312712,56.79
"know fans love",5,312717,56.79
"know feel better",5,312722,56.79
"know feel just",5,312727,56.79
"know felt like",5,312732,56.79
"know get copy",5,312737,56.79
"know get home",5,312742,56.79
"know get info",5,312747,56.79
"know get time",5,312752,56.79
"know get want",5,312757,56.79
"know get work",5,312762,56.8
"know go far",5,312767,56.8
"know going lose",5,312772,56.8
"know going might",5,312777,56.8
"know going okay",5,312782,56.8
"know going take",5,312787,56.8
"know going think",5,312792,56.8
"know going tonight",5,312797,56.8
"know going way",5,312802,56.8
"know going work",5,312807,56.8
"know going year",5,312812,56.8
"know good hands",5,312817,56.81
"know good songs",5,312822,56.81
"know got good",5,312827,56.81
"know got lose",5,312832,56.81
"know got soul",5,312837,56.81
"know got yo",5,312842,56.81
"know happens reason",5,312847,56.81
"know help find",5,312852,56.81
"know help promote",5,312857,56.81
"know know anyone",5,312862,56.81
"know know better",5,312867,56.81
"know know did",5,312872,56.82
"know know life",5,312877,56.82
"know know need",5,312882,56.82
"know know right",5,312887,56.82
"know las vegas",5,312892,56.82
"know learn new",5,312897,56.82
"know learn places",5,312902,56.82
"know leave alone",5,312907,56.82
"know like chat",5,312912,56.82
"know like feel",5,312917,56.82
"know like lose",5,312922,56.82
"know like meet",5,312927,56.83
"know like year",5,312932,56.83
"know make better",5,312937,56.83
"know make money",5,312942,56.83
"know mean love",5,312947,56.83
"know mean really",5,312952,56.83
"know means just",5,312957,56.83
"know means lot",5,312962,56.83
"know means right",5,312967,56.83
"know need assistance",5,312972,56.83
"know need recommendations",5,312977,56.83
"know need send",5,312982,56.84
"know need stop",5,312987,56.84
"know needs help",5,312992,56.84
"know people want",5,312997,56.84
"know people work",5,313002,56.84
"know really feel",5,313007,56.84
"know really got",5,313012,56.84
"know really just",5,313017,56.84
"know really really",5,313022,56.84
"know rock roll",5,313027,56.84
"know san diego",5,313032,56.84
"know say great",5,313037,56.85
"know say hello",5,313042,56.85
"know say time",5,313047,56.85
"know soon late",5,313052,56.85
"know spell word",5,313057,56.85
"know stay away",5,313062,56.85
"know super late",5,313067,56.85
"know talking don",5,313072,56.85
"know th century",5,313077,56.85
"know think love",5,313082,56.85
"know time come",5,313087,56.85
"know time don",5,313092,56.86
"know time game",5,313097,56.86
"know time let",5,313102,56.86
"know time love",5,313107,56.86
"know treat lady",5,313112,56.86
"know trying make",5,313117,56.86
"know trying say",5,313122,56.86
"know want chat",5,313127,56.86
"know want don",5,313132,56.86
"know want info",5,313137,56.86
"know want life",5,313142,56.86
"know want work",5,313147,56.87
"know went school",5,313152,56.87
"know wish best",5,313157,56.87
"know wrong don",5,313162,56.87
"know years ago",5,313167,56.87
"knows mistakes thinks",5,313172,56.87
"knows victory impossible",5,313177,56.87
"la high school",5,313182,56.87
"la la loved",5,313187,56.87
"la times book",5,313192,56.87
"la web fest",5,313197,56.87
"labor day working",5,313202,56.88
"lady just asked",5,313207,56.88
"language friendship words",5,313212,56.88
"largely matter hanging",5,313217,56.88
"las vegas area",5,313222,56.88
"las vegas check",5,313227,56.88
"las vegas go",5,313232,56.88
"las vegas june",5,313237,56.88
"las vegas las",5,313242,56.88
"las vegas like",5,313247,56.88
"las vegas looking",5,313252,56.88
"las vegas rescue",5,313257,56.89
"las vegas sun",5,313262,56.89
"las vegas weather",5,313267,56.89
"last days get",5,313272,56.89
"last ditch effort",5,313277,56.89
"last games season",5,313282,56.89
"last good thing",5,313287,56.89
"last human choose",5,313292,56.89
"last minute gig",5,313297,56.89
"last month just",5,313302,56.89
"last person think",5,313307,56.89
"last piece gum",5,313312,56.9
"last weekend check",5,313317,56.9
"last weekend did",5,313322,56.9
"last weekend great",5,313327,56.9
"last years go",5,313332,56.9
"late early june",5,313337,56.9
"late good luck",5,313342,56.9
"late happy new",5,313347,56.9
"late last week",5,313352,56.9
"late ralph emerson",5,313357,56.9
"late west coast",5,313362,56.9
"lately last night",5,313367,56.91
"later stay tuned",5,313372,56.91
"later today get",5,313377,56.91
"later today going",5,313382,56.91
"latest entertainment news",5,313387,56.91
"laugh hard pants",5,313392,56.91
"laugh hope question",5,313397,56.91
"laugh love truly",5,313402,56.91
"laughed loud saw",5,313407,56.91
"laughter worth heart",5,313412,56.91
"launches new line",5,313417,56.91
"lazy read number",5,313422,56.92
"lead minute left",5,313427,56.92
"lead truth teach",5,313432,56.92
"leader master situation",5,313437,56.92
"leaders followers ralph",5,313442,56.92
"league baseball player",5,313447,56.92
"leap year day",5,313452,56.92
"learn elite personal",5,313457,56.92
"learn places go",5,313462,56.92
"learn play guitar",5,313467,56.92
"learn play instrument",5,313472,56.92
"learn special offer",5,313477,56.93
"learn till end",5,313482,56.93
"learned obey know",5,313487,56.93
"learned valuable lesson",5,313492,56.93
"learning application learn",5,313497,56.93
"learning cease grow",5,313502,56.93
"learning chance must",5,313507,56.93
"learning foreign language",5,313512,56.93
"learning hard way",5,313517,56.93
"learning mind da",5,313522,56.93
"learning sail ship",5,313527,56.93
"leave alone don",5,313532,56.94
"leave alone leave",5,313537,56.94
"leave school early",5,313542,56.94
"leaves heal love",5,313547,56.94
"led goal strength",5,313552,56.94
"left club rsvp",5,313557,56.94
"left mother day",5,313562,56.94
"leg fell asleep",5,313567,56.94
"legs pool bob",5,313572,56.94
"lemon lime lime",5,313577,56.94
"lend umbrella fair",5,313582,56.94
"lesson mark dj",5,313587,56.95
"lesson salsa baby",5,313592,56.95
"lessons must lived",5,313597,56.95
"let beauty love",5,313602,56.95
"let celebration begin",5,313607,56.95
"let chill soon",5,313612,56.95
"let detroit go",5,313617,56.95
"let drawn stronger",5,313622,56.95
"let er rip",5,313627,56.95
"let fast forward",5,313632,56.95
"let finish strong",5,313637,56.95
"let freedom ring",5,313642,56.96
"let go anything",5,313647,56.96
"let go anywhere",5,313652,56.96
"let go avengers",5,313657,56.96
"let go bathroom",5,313662,56.96
"let go bowling",5,313667,56.96
"let go clap",5,313672,56.96
"let go concert",5,313677,56.96
"let go defense",5,313682,56.96
"let go drink",5,313687,56.96
"let go familiar",5,313692,56.96
"let go green",5,313697,56.97
"let go hand",5,313702,56.97
"let go kansas",5,313707,56.97
"let go kentucky",5,313712,56.97
"let go mean",5,313717,56.97
"let go need",5,313722,56.97
"let go oakland",5,313727,56.97
"let go orioles",5,313732,56.97
"let go panthers",5,313737,56.97
"let go place",5,313742,56.97
"let go run",5,313747,56.97
"let go st",5,313752,56.98
"let go team",5,313757,56.98
"let go tonight",5,313762,56.98
"let go try",5,313767,56.98
"let go waste",5,313772,56.98
"let go week",5,313777,56.98
"let go win",5,313782,56.98
"let go wisconsin",5,313787,56.98
"let guy get",5,313792,56.98
"let hearts troubled",5,313797,56.98
"let hide support",5,313802,56.98
"let hope day",5,313807,56.99
"let hope does",5,313812,56.99
"let hope keep",5,313817,56.99
"let hope win",5,313822,56.99
"let just make",5,313827,56.99
"let know actually",5,313832,56.99
"let know book",5,313837,56.99
"let know bye",5,313842,56.99
"let know cab",5,313847,56.99
"let know cc",5,313852,56.99
"let know changed",5,313857,56.99
"let know changes",5,313862,57
"let know com",5,313867,57
"let know comes",5,313872,57
"let know days",5,313877,57
"let know events",5,313882,57
"let know favorites",5,313887,57
"let know following",5,313892,57
"let know found",5,313897,57
"let know fun",5,313902,57
"let know gotta",5,313907,57
"let know grow",5,313912,57
"let know hang",5,313917,57.01
"let know happened",5,313922,57.01
"let know having",5,313927,57.01
"let know improve",5,313932,57.01
"let know interest",5,313937,57.01
"let know issues",5,313942,57.01
"let know land",5,313947,57.01
"let know learn",5,313952,57.01
"let know let",5,313957,57.01
"let know long",5,313962,57.01
"let know look",5,313967,57.01
"let know loved",5,313972,57.02
"let know order",5,313977,57.02
"let know peace",5,313982,57.02
"let know play",5,313987,57.02
"let know results",5,313992,57.02
"let know shows",5,313997,57.02
"let know tickets",5,314002,57.02
"let know using",5,314007,57.02
"let know wait",5,314012,57.02
"let know website",5,314017,57.02
"let life happen",5,314022,57.02
"let long lasts",5,314027,57.03
"let make clear",5,314032,57.03
"let make date",5,314037,57.03
"let make music",5,314042,57.03
"let make official",5,314047,57.03
"let make plans",5,314052,57.03
"let move forward",5,314057,57.03
"let past relationships",5,314062,57.03
"let pride get",5,314067,57.03
"let rest good",5,314072,57.03
"let sadness past",5,314077,57.03
"let send message",5,314082,57.04
"let talk get",5,314087,57.04
"let today good",5,314092,57.04
"lets get high",5,314097,57.04
"lets get lets",5,314102,57.04
"lets get money",5,314107,57.04
"lets get new",5,314112,57.04
"lets keep touch",5,314117,57.04
"lets long lasts",5,314122,57.04
"lets take care",5,314127,57.04
"lettuce tomato cheese",5,314132,57.04
"lettuce tomato onion",5,314137,57.05
"library closing minutes",5,314142,57.05
"lick ice cream",5,314147,57.05
"lie becomes part",5,314152,57.05
"lie best friend",5,314157,57.05
"lie girl life",5,314162,57.05
"lie men lie",5,314167,57.05
"lie reaching goal",5,314172,57.05
"life accident stays",5,314177,57.05
"life change growth",5,314182,57.05
"life changed forever",5,314187,57.05
"life choices make",5,314192,57.06
"life day born",5,314197,57.06
"life falling apart",5,314202,57.06
"life floor hot",5,314207,57.06
"life full laughter",5,314212,57.06
"life gets way",5,314217,57.06
"life gift offers",5,314222,57.06
"life good friends",5,314227,57.06
"life good hope",5,314232,57.06
"life got make",5,314237,57.06
"life greatest family",5,314242,57.06
"life happy birthday",5,314247,57.07
"life happy mother",5,314252,57.07
"life hello time",5,314257,57.07
"life innovative response",5,314262,57.07
"life just hang",5,314267,57.07
"life just help",5,314272,57.07
"life just keep",5,314277,57.07
"life just need",5,314282,57.07
"life just relationship",5,314287,57.07
"life just wanted",5,314292,57.07
"life keep reading",5,314297,57.07
"life lessons must",5,314302,57.08
"life let know",5,314307,57.08
"life let live",5,314312,57.08
"life like facebook",5,314317,57.08
"life like say",5,314322,57.08
"life little better",5,314327,57.08
"life long dreams",5,314332,57.08
"life long fan",5,314337,57.08
"life long lesson",5,314342,57.08
"life love family",5,314347,57.08
"life love gives",5,314352,57.08
"life makes love",5,314357,57.09
"life must forget",5,314362,57.09
"life must good",5,314367,57.09
"life own hands",5,314372,57.09
"life pleasant peaceful",5,314377,57.09
"life process becoming",5,314382,57.09
"life purpose purpose",5,314387,57.09
"life ralph emerson",5,314392,57.09
"life reason life",5,314397,57.09
"life reason season",5,314402,57.09
"life reflection state",5,314407,57.09
"life san diego",5,314412,57.1
"life short let",5,314417,57.1
"life short make",5,314422,57.1
"life smiles tears",5,314427,57.1
"life start giving",5,314432,57.1
"life story just",5,314437,57.1
"life sucks right",5,314442,57.1
"life uncommon way",5,314447,57.1
"life winston churchill",5,314452,57.1
"life worth remembering",5,314457,57.1
"lifestyle special vacation",5,314462,57.1
"lift feet ground",5,314467,57.11
"light shadow relief",5,314472,57.11
"light shows way",5,314477,57.11
"light small candle",5,314482,57.11
"lights austin tx",5,314487,57.11
"like alec baldwin",5,314492,57.11
"like anyone cares",5,314497,57.11
"like apple pie",5,314502,57.11
"like bang bang",5,314507,57.11
"like best idea",5,314512,57.11
"like best part",5,314517,57.11
"like best way",5,314522,57.12
"like big man",5,314527,57.12
"like big papa",5,314532,57.12
"like birthday cake",5,314537,57.12
"like blake griffin",5,314542,57.12
"like box chocolate",5,314547,57.12
"like cotton candy",5,314552,57.12
"like crazy get",5,314557,57.12
"like crazy good",5,314562,57.12
"like day get",5,314567,57.12
"like did really",5,314572,57.12
"like did tonight",5,314577,57.13
"like doing right",5,314582,57.13
"like don hate",5,314587,57.13
"like don just",5,314592,57.13
"like don mess",5,314597,57.13
"like don miss",5,314602,57.13
"like don text",5,314607,57.13
"like don use",5,314612,57.13
"like facebook check",5,314617,57.13
"like facebook help",5,314622,57.13
"like facebook post",5,314627,57.13
"like falling asleep",5,314632,57.14
"like falling carry",5,314637,57.14
"like favorite songs",5,314642,57.14
"like fish needs",5,314647,57.14
"like fish water",5,314652,57.14
"like fun going",5,314657,57.14
"like fun time",5,314662,57.14
"like get away",5,314667,57.14
"like get done",5,314672,57.14
"like get good",5,314677,57.14
"like get like",5,314682,57.14
"like get lot",5,314687,57.15
"like get treated",5,314692,57.15
"like get way",5,314697,57.15
"like getting caught",5,314702,57.15
"like ghosts talks",5,314707,57.15
"like giant turtle",5,314712,57.15
"like go ahead",5,314717,57.15
"like go like",5,314722,57.15
"like go sleep",5,314727,57.15
"like going free",5,314732,57.15
"like going gym",5,314737,57.15
"like going movies",5,314742,57.16
"like going take",5,314747,57.16
"like gonna fall",5,314752,57.16
"like gonna give",5,314757,57.16
"like gonna long",5,314762,57.16
"like gonna rain",5,314767,57.16
"like good choice",5,314772,57.16
"like good excuse",5,314777,57.16
"like good job",5,314782,57.16
"like good news",5,314787,57.16
"like good people",5,314792,57.16
"like got great",5,314797,57.17
"like got moves",5,314802,57.17
"like great fun",5,314807,57.17
"like great things",5,314812,57.17
"like great topic",5,314817,57.17
"like great work",5,314822,57.17
"like green bay",5,314827,57.17
"like grocery store",5,314832,57.17
"like grown man",5,314837,57.17
"like happy birthday",5,314842,57.17
"like hard come",5,314847,57.17
"like having bad",5,314852,57.18
"like heart broken",5,314857,57.18
"like hit bus",5,314862,57.18
"like house party",5,314867,57.18
"like hurt sing",5,314872,57.18
"like james brown",5,314877,57.18
"like job oh",5,314882,57.18
"like know find",5,314887,57.18
"like last couple",5,314892,57.18
"like last nights",5,314897,57.18
"like lawyer woman",5,314902,57.18
"like like did",5,314907,57.19
"like like really",5,314912,57.19
"like like women",5,314917,57.19
"like lot better",5,314922,57.19
"like lots fun",5,314927,57.19
"like love food",5,314932,57.19
"like love game",5,314937,57.19
"like love hate",5,314942,57.19
"like loves cake",5,314947,57.19
"like make lot",5,314952,57.19
"like man get",5,314957,57.19
"like man right",5,314962,57.2
"like man work",5,314967,57.2
"like maple syrup",5,314972,57.2
"like megan fox",5,314977,57.2
"like mother like",5,314982,57.2
"like need shower",5,314987,57.2
"like need stop",5,314992,57.2
"like needs go",5,314997,57.2
"like new girl",5,315002,57.2
"like new job",5,315007,57.2
"like new man",5,315012,57.2
"like new page",5,315017,57.2
"like new year",5,315022,57.21
"like ninja wear",5,315027,57.21
"like normal day",5,315032,57.21
"like normal human",5,315037,57.21
"like past years",5,315042,57.21
"like pay rent",5,315047,57.21
"like people follow",5,315052,57.21
"like people live",5,315057,57.21
"like people school",5,315062,57.21
"like people use",5,315067,57.21
"like real real",5,315072,57.21
"like really fast",5,315077,57.22
"like really nice",5,315082,57.22
"like really wish",5,315087,57.22
"like red headed",5,315092,57.22
"like right people",5,315097,57.22
"like right thing",5,315102,57.22
"like road trip",5,315107,57.22
"like said earlier",5,315112,57.22
"like said good",5,315117,57.22
"like saturday night",5,315122,57.22
"like say happy",5,315127,57.22
"like say just",5,315132,57.23
"like somebody watching",5,315137,57.23
"like spring outside",5,315142,57.23
"like st patrick",5,315147,57.23
"like st time",5,315152,57.23
"like stars don",5,315157,57.23
"like starting day",5,315162,57.23
"like stay tuned",5,315167,57.23
"like sun does",5,315172,57.23
"like sweet potato",5,315177,57.23
"like telling people",5,315182,57.23
"like thank new",5,315187,57.24
"like thank people",5,315192,57.24
"like thank supported",5,315197,57.24
"like theme song",5,315202,57.24
"like think did",5,315207,57.24
"like time machine",5,315212,57.24
"like tom cruise",5,315217,57.24
"like tree fruit",5,315222,57.24
"like tropical island",5,315227,57.24
"like twice year",5,315232,57.24
"like victoria secret",5,315237,57.24
"like wake turn",5,315242,57.25
"like want come",5,315247,57.25
"like want drive",5,315252,57.25
"like want go",5,315257,57.25
"like want know",5,315262,57.25
"like want people",5,315267,57.25
"like war easy",5,315272,57.25
"like war zone",5,315277,57.25
"like watching love",5,315282,57.25
"like way look",5,315287,57.25
"like wizard oz",5,315292,57.25
"like writing desk",5,315297,57.26
"like wrong called",5,315302,57.26
"liked let know",5,315307,57.26
"likes facebook help",5,315312,57.26
"likes try site",5,315317,57.26
"lime lime lemon",5,315322,57.26
"limit possible requests",5,315327,57.26
"limitations ones make",5,315332,57.26
"limited edition mary",5,315337,57.26
"lincoln park chicago",5,315342,57.26
"line grocery store",5,315347,57.26
"link looking forward",5,315352,57.27
"lion cheat tiger",5,315357,57.27
"lip neck better",5,315362,57.27
"lips honey sting",5,315367,57.27
"listening command center",5,315372,57.27
"listening music doing",5,315377,57.27
"listening music really",5,315382,57.27
"listening music thinking",5,315387,57.27
"listening old music",5,315392,57.27
"listening year old",5,315397,57.27
"literally laughing loud",5,315402,57.27
"literally sounds like",5,315407,57.28
"little acts kindness",5,315412,57.28
"little big town",5,315417,57.28
"little care weight",5,315422,57.28
"little get king",5,315427,57.28
"little girl just",5,315432,57.28
"little girl love",5,315437,57.28
"little italy tonight",5,315442,57.28
"little love maybe",5,315447,57.28
"little pony friendship",5,315452,57.28
"little things don",5,315457,57.28
"little time get",5,315462,57.29
"live band karaoke",5,315467,57.29
"live country music",5,315472,57.29
"live coverage fox",5,315477,57.29
"live don know",5,315482,57.29
"live don live",5,315487,57.29
"live easy thing",5,315492,57.29
"live golden rule",5,315497,57.29
"live good life",5,315502,57.29
"live jealous admit",5,315507,57.29
"live leaves little",5,315512,57.29
"live life deserve",5,315517,57.3
"live life full",5,315522,57.3
"live life life",5,315527,57.3
"live life matter",5,315532,57.3
"live life reckless",5,315537,57.3
"live life today",5,315542,57.3
"live longer don",5,315547,57.3
"live mean alive",5,315552,57.3
"live music art",5,315557,57.3
"live music beer",5,315562,57.3
"live music drink",5,315567,57.3
"live music food",5,315572,57.31
"live music varsity",5,315577,57.31
"live new jersey",5,315582,57.31
"live new orleans",5,315587,57.31
"live rock roll",5,315592,57.31
"live simple thing",5,315597,57.31
"live texas like",5,315602,57.31
"live tweeting conference",5,315607,57.31
"live tweeting day",5,315612,57.31
"live twitter chat",5,315617,57.31
"live video feed",5,315622,57.31
"live work space",5,315627,57.32
"live world people",5,315632,57.32
"living falling rising",5,315637,57.32
"living room furniture",5,315642,57.32
"living room right",5,315647,57.32
"living world owes",5,315652,57.32
"liz la point",5,315657,57.32
"loaded baked potato",5,315662,57.32
"local bakery try",5,315667,57.32
"local public library",5,315672,57.32
"location coming soon",5,315677,57.32
"long did play",5,315682,57.33
"long going thinking",5,315687,57.33
"long happy life",5,315692,57.33
"long hard road",5,315697,57.33
"long hot shower",5,315702,57.33
"long let get",5,315707,57.33
"long need get",5,315712,57.33
"long shot podcast",5,315717,57.33
"long smells like",5,315722,57.33
"long term effects",5,315727,57.33
"long term solution",5,315732,57.33
"longer kim marriage",5,315737,57.34
"look anybody unless",5,315742,57.34
"look don look",5,315747,57.34
"look feel good",5,315752,57.34
"look get home",5,315757,57.34
"look good get",5,315762,57.34
"look good go",5,315767,57.34
"look good tho",5,315772,57.34
"look great cut",5,315777,57.34
"look great love",5,315782,57.34
"look liberals mitt",5,315787,57.34
"look life greatest",5,315792,57.35
"look like act",5,315797,57.35
"look like boy",5,315802,57.35
"look like bum",5,315807,57.35
"look like child",5,315812,57.35
"look like cow",5,315817,57.35
"look like crying",5,315822,57.35
"look like day",5,315827,57.35
"look like doing",5,315832,57.35
"look like future",5,315837,57.35
"look like guys",5,315842,57.35
"look like ha",5,315847,57.36
"look like hit",5,315852,57.36
"look like huge",5,315857,57.36
"look like megan",5,315862,57.36
"look like million",5,315867,57.36
"look like picture",5,315872,57.36
"look like playing",5,315877,57.36
"look like potato",5,315882,57.36
"look like precious",5,315887,57.36
"look like santa",5,315892,57.36
"look like walking",5,315897,57.36
"look like wearing",5,315902,57.37
"look like years",5,315907,57.37
"look look forward",5,315912,57.37
"look people faces",5,315917,57.37
"look person care",5,315922,57.37
"look serve look",5,315927,57.37
"look window block",5,315932,57.37
"looked beautiful tonight",5,315937,57.37
"looked great last",5,315942,57.37
"looked great today",5,315947,57.37
"looked like wanted",5,315952,57.37
"looking forward adding",5,315957,57.38
"looking forward album",5,315962,57.38
"looking forward beginning",5,315967,57.38
"looking forward best",5,315972,57.38
"looking forward buying",5,315977,57.38
"looking forward christmas",5,315982,57.38
"looking forward continued",5,315987,57.38
"looking forward cup",5,315992,57.38
"looking forward don",5,315997,57.38
"looking forward family",5,316002,57.38
"looking forward filming",5,316007,57.38
"looking forward insights",5,316012,57.39
"looking forward know",5,316017,57.39
"looking forward last",5,316022,57.39
"looking forward let",5,316027,57.39
"looking forward living",5,316032,57.39
"looking forward movie",5,316037,57.39
"looking forward needed",5,316042,57.39
"looking forward networking",5,316047,57.39
"looking forward piece",5,316052,57.39
"looking forward pm",5,316057,57.39
"looking forward portland",5,316062,57.39
"looking forward read",5,316067,57.4
"looking forward real",5,316072,57.4
"looking forward rehearsal",5,316077,57.4
"looking forward sessions",5,316082,57.4
"looking forward short",5,316087,57.4
"looking forward sitting",5,316092,57.4
"looking forward special",5,316097,57.4
"looking forward story",5,316102,57.4
"looking forward summit",5,316107,57.4
"looking forward training",5,316112,57.4
"looking forward wearing",5,316117,57.4
"looking forward women",5,316122,57.41
"looking forward writing",5,316127,57.41
"looking forward years",5,316132,57.41
"looking forward yoga",5,316137,57.41
"looking fresh new",5,316142,57.41
"looking good keep",5,316147,57.41
"looking good right",5,316152,57.41
"looking like crazy",5,316157,57.41
"looking like new",5,316162,57.41
"looking new agent",5,316167,57.41
"looking new dentist",5,316172,57.41
"looking new ways",5,316177,57.42
"looking quiet place",5,316182,57.42
"looking ways get",5,316187,57.42
"looks both ways",5,316192,57.42
"looks good just",5,316197,57.42
"looks good let",5,316202,57.42
"looks good want",5,316207,57.42
"looks great did",5,316212,57.42
"looks great hope",5,316217,57.42
"looks great nice",5,316222,57.42
"looks great tonight",5,316227,57.42
"looks like able",5,316232,57.43
"looks like ate",5,316237,57.43
"looks like bed",5,316242,57.43
"looks like beer",5,316247,57.43
"looks like bird",5,316252,57.43
"looks like business",5,316257,57.43
"looks like clear",5,316262,57.43
"looks like close",5,316267,57.43
"looks like complete",5,316272,57.43
"looks like dude",5,316277,57.43
"looks like fool",5,316282,57.43
"looks like future",5,316287,57.44
"looks like harry",5,316292,57.44
"looks like heat",5,316297,57.44
"looks like horse",5,316302,57.44
"looks like james",5,316307,57.44
"looks like justin",5,316312,57.44
"looks like kobe",5,316317,57.44
"looks like late",5,316322,57.44
"looks like legit",5,316327,57.44
"looks like mark",5,316332,57.44
"looks like mess",5,316337,57.44
"looks like miss",5,316342,57.45
"looks like moments",5,316347,57.45
"looks like monkey",5,316352,57.45
"looks like movie",5,316357,57.45
"looks like open",5,316362,57.45
"looks like party",5,316367,57.45
"looks like picture",5,316372,57.45
"looks like pizza",5,316377,57.45
"looks like play",5,316382,57.45
"looks like players",5,316387,57.45
"looks like probably",5,316392,57.45
"looks like shirt",5,316397,57.46
"looks like smells",5,316402,57.46
"looks like somebody",5,316407,57.46
"looks like spam",5,316412,57.46
"looks like st",5,316417,57.46
"looks like stop",5,316422,57.46
"looks like straight",5,316427,57.46
"looks like talking",5,316432,57.46
"looks like trouble",5,316437,57.46
"looks like type",5,316442,57.46
"looks like win",5,316447,57.46
"looks like writing",5,316452,57.47
"lord beautiful day",5,316457,57.47
"lord give patience",5,316462,57.47
"lord shepherd shall",5,316467,57.47
"lord slow anger",5,316472,57.47
"lord strong tower",5,316477,57.47
"los angeles business",5,316482,57.47
"los angeles clippers",5,316487,57.47
"los angeles get",5,316492,57.47
"los angeles going",5,316497,57.47
"los angeles good",5,316502,57.47
"los angeles like",5,316507,57.48
"los angeles right",5,316512,57.48
"los angeles slam",5,316517,57.48
"los angeles stay",5,316522,57.48
"lose lbs month",5,316527,57.48
"lose loving lose",5,316532,57.48
"lose playoff game",5,316537,57.48
"lose self respect",5,316542,57.48
"loses job depression",5,316547,57.48
"losing impact tip",5,316552,57.48
"losing self confidence",5,316557,57.48
"losing trying hold",5,316562,57.49
"loss memory forget",5,316567,57.49
"lost cell phone",5,316572,57.49
"lost lbs weeks",5,316577,57.49
"lost looks like",5,316582,57.49
"lost pounds weeks",5,316587,57.49
"lost time found",5,316592,57.49
"lost way home",5,316597,57.49
"lot fun love",5,316602,57.49
"lot fun watch",5,316607,57.49
"lot learn knows",5,316612,57.49
"lot natural foods",5,316617,57.5
"lot new friends",5,316622,57.5
"lot new music",5,316627,57.5
"lot people just",5,316632,57.5
"lot social media",5,316637,57.5
"lots things going",5,316642,57.5
"lotus nightclub albuquerque",5,316647,57.5
"lou run run",5,316652,57.5
"louder pressure perfect",5,316657,57.5
"lounge tonight cover",5,316662,57.5
"love able sleep",5,316667,57.5
"love america www",5,316672,57.51
"love anything realize",5,316677,57.51
"love baby just",5,316682,57.51
"love baby know",5,316687,57.51
"love boyfriend amazing",5,316692,57.51
"love called love",5,316697,57.51
"love canvas nature",5,316702,57.51
"love catch soon",5,316707,57.51
"love cody cry",5,316712,57.51
"love cola christmas",5,316717,57.51
"love coming soon",5,316722,57.51
"love crazy love",5,316727,57.52
"love degree weather",5,316732,57.52
"love deserves heart",5,316737,57.52
"love direction follow",5,316742,57.52
"love don hate",5,316747,57.52
"love don somebody",5,316752,57.52
"love entirely matter",5,316757,57.52
"love fan base",5,316762,57.52
"love follow follow",5,316767,57.52
"love follow meh",5,316772,57.52
"love fuel normal",5,316777,57.52
"love fun asia",5,316782,57.53
"love get home",5,316787,57.53
"love get thoughts",5,316792,57.53
"love get touch",5,316797,57.53
"love ghosts talks",5,316802,57.53
"love gonna get",5,316807,57.53
"love gonna miss",5,316812,57.53
"love good food",5,316817,57.53
"love great way",5,316822,57.53
"love green bay",5,316827,57.53
"love grilled cheese",5,316832,57.53
"love guys heart",5,316837,57.54
"love guys just",5,316842,57.54
"love guys xx",5,316847,57.54
"love harry styles",5,316852,57.54
"love haven found",5,316857,57.54
"love hear say",5,316862,57.54
"love hear speak",5,316867,57.54
"love hear talk",5,316872,57.54
"love hear visit",5,316877,57.54
"love home state",5,316882,57.54
"love hope fun",5,316887,57.54
"love hope wonderful",5,316892,57.55
"love invest life",5,316897,57.55
"love just dance",5,316902,57.55
"love just give",5,316907,57.55
"love just letter",5,316912,57.55
"love just made",5,316917,57.55
"love just say",5,316922,57.55
"love just wish",5,316927,57.55
"love kansas city",5,316932,57.55
"love know find",5,316937,57.55
"love letter word",5,316942,57.55
"love life time",5,316947,57.56
"love lifestyle special",5,316952,57.56
"love like brother",5,316957,57.56
"love like say",5,316962,57.56
"love like war",5,316967,57.56
"love louder pressure",5,316972,57.56
"love make feel",5,316977,57.56
"love make happy",5,316982,57.56
"love make smile",5,316987,57.56
"love master key",5,316992,57.56
"love means lot",5,316997,57.56
"love meeting people",5,317002,57.57
"love miss come",5,317007,57.57
"love movie watch",5,317012,57.57
"love music just",5,317017,57.57
"love music really",5,317022,57.57
"love music wait",5,317027,57.57
"love music wish",5,317032,57.57
"love must say",5,317037,57.57
"love occurs beings",5,317042,57.57
"love old friends",5,317047,57.57
"love old man",5,317052,57.57
"love old movies",5,317057,57.58
"love people give",5,317062,57.58
"love people hate",5,317067,57.58
"love people met",5,317072,57.58
"love people tweet",5,317077,57.58
"love playing music",5,317082,57.58
"love principle existence",5,317087,57.58
"love pulls man",5,317092,57.58
"love radio station",5,317097,57.58
"love reason madness",5,317102,57.58
"love red hair",5,317107,57.58
"love search word",5,317112,57.59
"love seeing amazing",5,317117,57.59
"love seeing friends",5,317122,57.59
"love seeing happy",5,317127,57.59
"love seeing kids",5,317132,57.59
"love shark tank",5,317137,57.59
"love shifts changes",5,317142,57.59
"love somebody love",5,317147,57.59
"love song favorites",5,317152,57.59
"love song stuck",5,317157,57.59
"love song video",5,317162,57.59
"love song wait",5,317167,57.6
"love sound make",5,317172,57.6
"love st day",5,317177,57.6
"love super bowl",5,317182,57.6
"love sweet tea",5,317187,57.6
"love takes lifetime",5,317192,57.6
"love taking care",5,317197,57.6
"love thanks asking",5,317202,57.6
"love thing love",5,317207,57.6
"love tomorrow day",5,317212,57.6
"love truly forgive",5,317217,57.6
"love twitter profile",5,317222,57.61
"love ur life",5,317227,57.61
"love ur mom",5,317232,57.61
"love valentines day",5,317237,57.61
"love videos youtube",5,317242,57.61
"love won let",5,317247,57.61
"love woody allen",5,317252,57.61
"love work email",5,317257,57.61
"love work keep",5,317262,57.61
"love work love",5,317267,57.61
"loved love loved",5,317272,57.61
"loved new episode",5,317277,57.62
"loved tonight episode",5,317282,57.62
"loved wizard oz",5,317287,57.62
"lovely sunny day",5,317292,57.62
"lover hour worth",5,317297,57.62
"loving lose holding",5,317302,57.62
"low don know",5,317307,57.62
"low income communities",5,317312,57.62
"low think high",5,317317,57.62
"lower standards keep",5,317322,57.62
"lowest form humor",5,317327,57.62
"ltd case involving",5,317332,57.63
"luck jane reply",5,317337,57.63
"luck new job",5,317342,57.63
"luck new venture",5,317347,57.63
"luck preparation meets",5,317352,57.63
"luck sounds like",5,317357,57.63
"lucky wish go",5,317362,57.63
"luke bryan concert",5,317367,57.63
"lunch hour concert",5,317372,57.63
"lunch specials starting",5,317377,57.63
"lunch today come",5,317382,57.63
"lunch today enjoy",5,317387,57.64
"lunch today pm",5,317392,57.64
"lunch today yum",5,317397,57.64
"mac cheese bacon",5,317402,57.64
"machine flip wilson",5,317407,57.64
"made bad decision",5,317412,57.64
"made big time",5,317417,57.64
"made breakfast bed",5,317422,57.64
"made coke made",5,317427,57.64
"made day going",5,317432,57.64
"made day great",5,317437,57.64
"made day special",5,317442,57.65
"made deep inside",5,317447,57.65
"made difference life",5,317452,57.65
"made emergency landing",5,317457,57.65
"made energy attract",5,317462,57.65
"made heart melt",5,317467,57.65
"made huge difference",5,317472,57.65
"made life better",5,317477,57.65
"made material human",5,317482,57.65
"made pepsi made",5,317487,57.65
"made william shakespeare",5,317492,57.65
"magazine readers chosen",5,317497,57.66
"mail address enjoy",5,317502,57.66
"mail advice avoid",5,317507,57.66
"mailing address send",5,317512,57.66
"main stage pm",5,317517,57.66
"major turning point",5,317522,57.66
"major uncle marine",5,317527,57.66
"major winter storm",5,317532,57.66
"majority college students",5,317537,57.66
"make adorable couple",5,317542,57.66
"make anything happen",5,317547,57.66
"make believe want",5,317552,57.67
"make better get",5,317557,57.67
"make better use",5,317562,57.67
"make day day",5,317567,57.67
"make day masterpiece",5,317572,57.67
"make easier get",5,317577,57.67
"make extremely happy",5,317582,57.67
"make fall don",5,317587,57.67
"make feel really",5,317592,57.67
"make feel sorry",5,317597,57.67
"make forget rest",5,317602,57.67
"make free throw",5,317607,57.68
"make gluten free",5,317612,57.68
"make good impression",5,317617,57.68
"make good luck",5,317622,57.68
"make good ones",5,317627,57.68
"make good times",5,317632,57.68
"make good tv",5,317637,57.68
"make great tunes",5,317642,57.68
"make happen day",5,317647,57.68
"make happen time",5,317652,57.68
"make happy don",5,317657,57.68
"make happy person",5,317662,57.69
"make hard decisions",5,317667,57.69
"make heart happy",5,317672,57.69
"make hot striking",5,317677,57.69
"make jealous actually",5,317682,57.69
"make laugh just",5,317687,57.69
"make laugh time",5,317692,57.69
"make life difficult",5,317697,57.69
"make life easy",5,317702,57.69
"make life interesting",5,317707,57.69
"make look great",5,317712,57.69
"make look pretty",5,317717,57.7
"make lot people",5,317722,57.7
"make minimum wage",5,317727,57.7
"make money go",5,317732,57.7
"make money just",5,317737,57.7
"make money like",5,317742,57.7
"make money selling",5,317747,57.7
"make money today",5,317752,57.7
"make money want",5,317757,57.7
"make money working",5,317762,57.7
"make new account",5,317767,57.7
"make new album",5,317772,57.71
"make new years",5,317777,57.71
"make oaks take",5,317782,57.71
"make own sunshine",5,317787,57.71
"make peaceful revolution",5,317792,57.71
"make perfect concerns",5,317797,57.71
"make perfect perfect",5,317802,57.71
"make pretty good",5,317807,57.71
"make sad don",5,317812,57.71
"make say money",5,317817,57.71
"make sense makes",5,317822,57.71
"make sense people",5,317827,57.72
"make smile day",5,317832,57.72
"make smile happy",5,317837,57.72
"make smile just",5,317842,57.72
"make smile need",5,317847,57.72
"make smile tears",5,317852,57.72
"make song called",5,317857,57.72
"make sure awake",5,317862,57.72
"make sure correct",5,317867,57.72
"make sure email",5,317872,57.72
"make sure fill",5,317877,57.72
"make sure going",5,317882,57.73
"make sure kids",5,317887,57.73
"make sure life",5,317892,57.73
"make sure link",5,317897,57.73
"make sure list",5,317902,57.73
"make sure makes",5,317907,57.73
"make sure plan",5,317912,57.73
"make sure receive",5,317917,57.73
"make sure remember",5,317922,57.73
"make sure save",5,317927,57.73
"make sure social",5,317932,57.73
"make sure takes",5,317937,57.74
"make sure taking",5,317942,57.74
"make sure watching",5,317947,57.74
"make sure work",5,317952,57.74
"make sure write",5,317957,57.74
"make th person",5,317962,57.74
"make ur way",5,317967,57.74
"makes big deal",5,317972,57.74
"makes feel guilty",5,317977,57.74
"makes feel unwanted",5,317982,57.74
"makes happy don",5,317987,57.74
"makes happy thanks",5,317992,57.75
"makes heart break",5,317997,57.75
"makes ice cream",5,318002,57.75
"makes jack dull",5,318007,57.75
"makes love look",5,318012,57.75
"makes misery easier",5,318017,57.75
"makes people look",5,318022,57.75
"makes really want",5,318027,57.75
"makes things worse",5,318032,57.75
"makes want commit",5,318037,57.75
"makes want play",5,318042,57.75
"makes want smash",5,318047,57.76
"makes want start",5,318052,57.76
"makes want write",5,318057,57.76
"makes world better",5,318062,57.76
"makeup pretty inside",5,318067,57.76
"making concerts shows",5,318072,57.76
"making difference world",5,318077,57.76
"making good impression",5,318082,57.76
"making grilled cheese",5,318087,57.76
"making guests feel",5,318092,57.76
"making happy today",5,318097,57.76
"making look good",5,318102,57.77
"making love faces",5,318107,57.77
"making mac cheese",5,318112,57.77
"making peanut butter",5,318117,57.77
"mall presents garden",5,318122,57.77
"mama said happy",5,318127,57.77
"man does live",5,318132,57.77
"man doing good",5,318137,57.77
"man feel better",5,318142,57.77
"man feel good",5,318147,57.77
"man getting old",5,318152,57.77
"man glad like",5,318157,57.78
"man gonna get",5,318162,57.78
"man just hit",5,318167,57.78
"man just really",5,318172,57.78
"man just wanna",5,318177,57.78
"man just working",5,318182,57.78
"man love music",5,318187,57.78
"man made material",5,318192,57.78
"man must hammer",5,318197,57.78
"man own hat",5,318202,57.78
"man product thoughts",5,318207,57.78
"man put customer",5,318212,57.79
"man rob bank",5,318217,57.79
"man sooner later",5,318222,57.79
"man think got",5,318227,57.79
"man tommy last",5,318232,57.79
"man wait get",5,318237,57.79
"man work like",5,318242,57.79
"man yr old",5,318247,57.79
"manage cash flow",5,318252,57.79
"mango shrimp salad",5,318257,57.79
"manner traveling margaret",5,318262,57.79
"march th day",5,318267,57.8
"march th don",5,318272,57.8
"marching band houston",5,318277,57.8
"marine corps relative",5,318282,57.8
"mark van stone",5,318287,57.8
"marketing memories corporate",5,318292,57.8
"marriage certain way",5,318297,57.8
"married judge asked",5,318302,57.8
"martini old town",5,318307,57.8
"mary youtube follow",5,318312,57.8
"mass free promotion",5,318317,57.8
"master key opens",5,318322,57.81
"master situation must",5,318327,57.81
"mat torn probably",5,318332,57.81
"material human spirit",5,318337,57.81
"math mentor texts",5,318342,57.81
"matter argue know",5,318347,57.81
"matter care people",5,318352,57.81
"matter chemistry must",5,318357,57.81
"matter coming matters",5,318362,57.81
"matter hanging let",5,318367,57.81
"matter say words",5,318372,57.81
"maximum limit possible",5,318377,57.82
"maxwell free daily",5,318382,57.82
"maybe better way",5,318387,57.82
"maybe don need",5,318392,57.82
"maybe don wanna",5,318397,57.82
"maybe get follow",5,318402,57.82
"maybe good time",5,318407,57.82
"maybe just buy",5,318412,57.82
"maybe just let",5,318417,57.82
"maybe just think",5,318422,57.82
"maybe just trying",5,318427,57.82
"maybe take nap",5,318432,57.83
"mayo derby day",5,318437,57.83
"mayor miami county",5,318442,57.83
"mayor tom barrett",5,318447,57.83
"mean anything unless",5,318452,57.83
"mean complaining means",5,318457,57.83
"mean good morning",5,318462,57.83
"mean look good",5,318467,57.83
"mean people just",5,318472,57.83
"mean won get",5,318477,57.83
"means going away",5,318482,57.83
"means lot mood",5,318487,57.84
"means paint voice",5,318492,57.84
"means standing alone",5,318497,57.84
"means time go",5,318502,57.84
"meant auto correct",5,318507,57.84
"meant return possible",5,318512,57.84
"meat packing district",5,318517,57.84
"media events shook",5,318522,57.84
"medicine discounts savings",5,318527,57.84
"medium topping pizza",5,318532,57.84
"meet afraid loves",5,318537,57.84
"meet greet today",5,318542,57.85
"meet love fun",5,318547,57.85
"meet old friends",5,318552,57.85
"meet smile smile",5,318557,57.85
"meet tomorrow pm",5,318562,57.85
"meeting great meeting",5,318567,57.85
"meeting guys today",5,318572,57.85
"meeting guys tonight",5,318577,57.85
"meeting prepared mind",5,318582,57.85
"member www com",5,318587,57.85
"members card heat",5,318592,57.85
"memories become memory",5,318597,57.86
"memories corporate private",5,318602,57.86
"memories high school",5,318607,57.86
"memory forget red",5,318612,57.86
"men don like",5,318617,57.86
"men don wear",5,318622,57.86
"men just want",5,318627,57.86
"men machine work",5,318632,57.86
"men marry women",5,318637,57.86
"men things ask",5,318642,57.86
"men women get",5,318647,57.86
"men women need",5,318652,57.87
"men women serve",5,318657,57.87
"men women think",5,318662,57.87
"mental half physical",5,318667,57.87
"mention luck kidding",5,318672,57.87
"mention promo code",5,318677,57.87
"menu bakery coffee",5,318682,57.87
"mercedes new car",5,318687,57.87
"message address send",5,318692,57.87
"message chance win",5,318697,57.87
"message hey asleep",5,318702,57.87
"message wanna go",5,318707,57.88
"messed big time",5,318712,57.88
"miami festival boat",5,318717,57.88
"miami fl need",5,318722,57.88
"miami south beach",5,318727,57.88
"michael jackson love",5,318732,57.88
"mickey mouse clubhouse",5,318737,57.88
"middle ordinary life",5,318742,57.88
"middle things get",5,318747,57.88
"midnight premiere avengers",5,318752,57.88
"midtown international festival",5,318757,57.88
"might get done",5,318762,57.89
"might get hurt",5,318767,57.89
"might get job",5,318772,57.89
"might get myself",5,318777,57.89
"might get used",5,318782,57.89
"might give away",5,318787,57.89
"might give higher",5,318792,57.89
"might just able",5,318797,57.89
"might just cry",5,318802,57.89
"might just explode",5,318807,57.89
"might just found",5,318812,57.89
"might just new",5,318817,57.9
"might just say",5,318822,57.9
"might sound crazy",5,318827,57.9
"might wanna change",5,318832,57.9
"mike classic wednesday",5,318837,57.9
"mike hard lemonade",5,318842,57.9
"mike playing favorite",5,318847,57.9
"mike wallace minutes",5,318852,57.9
"mile away shoes",5,318857,57.9
"military law enforcement",5,318862,57.9
"milk ice cream",5,318867,57.9
"million years ago",5,318872,57.91
"milwaukee county transit",5,318877,57.91
"milwaukee holiday parade",5,318882,57.91
"milwaukee host social",5,318887,57.91
"milwaukee last night",5,318892,57.91
"milwaukee wine opener",5,318897,57.91
"min imperial ipa",5,318902,57.91
"min left half",5,318907,57.91
"mind jim morrison",5,318912,57.91
"mind open heart",5,318917,57.91
"mind speaks sober",5,318922,57.91
"minded like genre",5,318927,57.92
"minds bob marley",5,318932,57.92
"mini apple pies",5,318937,57.92
"mini grilled ham",5,318942,57.92
"minor league system",5,318947,57.92
"mint cookies cream",5,318952,57.92
"minute ask anything",5,318957,57.92
"minute maxwell free",5,318962,57.92
"minutes life get",5,318967,57.92
"miracle live miracle",5,318972,57.92
"mirror takes pictures",5,318977,57.92
"mirrors talk lucky",5,318982,57.93
"miserable happy strong",5,318987,57.93
"misery easier live",5,318992,57.93
"miss anything important",5,318997,57.93
"miss best friends",5,319002,57.93
"miss best luck",5,319007,57.93
"miss chance win",5,319012,57.93
"miss don text",5,319017,57.93
"miss good days",5,319022,57.93
"miss good old",5,319027,57.93
"miss great artists",5,319032,57.93
"miss home children",5,319037,57.93
"miss last year",5,319042,57.94
"miss little care",5,319047,57.94
"miss pretty face",5,319052,57.94
"miss pretty girl",5,319057,57.94
"miss twist ice",5,319062,57.94
"miss united states",5,319067,57.94
"miss way miss",5,319072,57.94
"miss wish come",5,319077,57.94
"missed field goal",5,319082,57.94
"missed good luck",5,319087,57.94
"missed hope soon",5,319092,57.94
"mist ben white",5,319097,57.95
"mistake people make",5,319102,57.95
"mistake refuse correct",5,319107,57.95
"mistakes biggest mistake",5,319112,57.95
"mistakes fun make",5,319117,57.95
"mistakes laugh things",5,319122,57.95
"mistakes thinks completely",5,319127,57.95
"mitt romney don",5,319132,57.95
"mitt romney president",5,319137,57.95
"mom best mom",5,319142,57.95
"mom makes best",5,319147,57.95
"mom really just",5,319152,57.96
"mom took phone",5,319157,57.96
"mom wants move",5,319162,57.96
"moment becomes memory",5,319167,57.96
"moment people think",5,319172,57.96
"moment puts best",5,319177,57.96
"moment sentence end",5,319182,57.96
"moment tries make",5,319187,57.96
"moment wikipedia homework",5,319192,57.96
"moments must focus",5,319197,57.96
"moms wonderful day",5,319202,57.96
"monday april nd",5,319207,57.97
"monday get ready",5,319212,57.97
"monday let get",5,319217,57.97
"monday morning great",5,319222,57.97
"monday nights st",5,319227,57.97
"monday sept th",5,319232,57.97
"monday spring break",5,319237,57.97
"monday th pm",5,319242,57.97
"monday www com",5,319247,57.97
"money air like",5,319252,57.97
"money go broke",5,319257,57.97
"money just want",5,319262,57.98
"money like candle",5,319267,57.98
"money like man",5,319272,57.98
"money making mission",5,319277,57.98
"monkey don stop",5,319282,57.98
"month year smile",5,319287,57.98
"monthly group class",5,319292,57.98
"monthly guitar playing",5,319297,57.98
"monthly networking event",5,319302,57.98
"months ago did",5,319307,57.98
"months ago today",5,319312,57.98
"months weeks days",5,319317,57.99
"mood feel like",5,319322,57.99
"moon jealous stars",5,319327,57.99
"morning boot camp",5,319332,57.99
"morning come visit",5,319337,57.99
"morning day going",5,319342,57.99
"morning don get",5,319347,57.99
"morning east coast",5,319352,57.99
"morning feel great",5,319357,57.99
"morning good going",5,319362,57.99
"morning good thing",5,319367,57.99
"morning happy st",5,319372,58
"morning happy thanksgiving",5,319377,58
"morning hope enjoyed",5,319382,58
"morning hope fantastic",5,319387,58
"morning hope safe",5,319392,58
"morning lovely day",5,319397,58
"morning make today",5,319402,58
"morning mother day",5,319407,58
"morning new week",5,319412,58
"morning news tomorrow",5,319417,58
"morning night night",5,319422,58
"morning ready go",5,319427,58.01
"morning social media",5,319432,58.01
"morning starting day",5,319437,58.01
"morning thank day",5,319442,58.01
"morning thank lord",5,319447,58.01
"morning twitter great",5,319452,58.01
"morning twitter nation",5,319457,58.01
"morning twitter peeps",5,319462,58.01
"morning way early",5,319467,58.01
"morning world lets",5,319472,58.01
"morning world thank",5,319477,58.01
"morning young world",5,319482,58.02
"moses make tea",5,319487,58.02
"mother effort great",5,319492,58.02
"mother love fuel",5,319497,58.02
"mother year old",5,319502,58.02
"mountain begins carrying",5,319507,58.02
"mountain waiting get",5,319512,58.02
"mouth wide open",5,319517,58.02
"move new house",5,319522,58.02
"moved years ago",5,319527,58.02
"movie best movie",5,319532,58.02
"movie coming soon",5,319537,58.03
"movie fair play",5,319542,58.03
"movie grill dallas",5,319547,58.03
"movie highly recommend",5,319552,58.03
"movie read book",5,319557,58.03
"moving fast days",5,319562,58.03
"moving new house",5,319567,58.03
"mr nice watch",5,319572,58.03
"multiple choice test",5,319577,58.03
"murray found guilty",5,319582,58.03
"museum contemporary art",5,319587,58.03
"museum research report",5,319592,58.04
"museums social media",5,319597,58.04
"music art form",5,319602,58.04
"music away soul",5,319607,58.04
"music food love",5,319612,58.04
"music produces kind",5,319617,58.04
"music soundtrack life",5,319622,58.04
"music supervisor session",5,319627,58.04
"music thank musicians",5,319632,58.04
"music varsity bar",5,319637,58.04
"music video boyfriend",5,319642,58.04
"music video directed",5,319647,58.05
"music video director",5,319652,58.05
"music video go",5,319657,58.05
"music video long",5,319662,58.05
"music want hear",5,319667,58.05
"musicians gonna lose",5,319672,58.05
"must come visit",5,319677,58.05
"must necessity great",5,319682,58.05
"must regard himself",5,319687,58.05
"must stay focused",5,319692,58.05
"must stay writing",5,319697,58.05
"must wait seconds",5,319702,58.06
"must watch tv",5,319707,58.06
"must wife treats",5,319712,58.06
"must win tonight",5,319717,58.06
"mustard butter sauce",5,319722,58.06
"mvp speech page",5,319727,58.06
"myself don like",5,319732,58.06
"nails fake hair",5,319737,58.06
"nails toes done",5,319742,58.06
"named head coach",5,319747,58.06
"nascar sprint cup",5,319752,58.06
"national cheese day",5,319757,58.07
"national coming day",5,319762,58.07
"national cupcake day",5,319767,58.07
"national kissing day",5,319772,58.07
"national nutrition month",5,319777,58.07
"national pet day",5,319782,58.07
"national portrait gallery",5,319787,58.07
"national princess week",5,319792,58.07
"national restaurant association",5,319797,58.07
"national surprise test",5,319802,58.07
"national title game",5,319807,58.07
"natural boundaries removed",5,319812,58.08
"natural foods learned",5,319817,58.08
"natural strikes natural",5,319822,58.08
"naturally david frost",5,319827,58.08
"naughty nice nice",5,319832,58.08
"naughty save santa",5,319837,58.08
"nba rookie year",5,319842,58.08
"nba trade deadline",5,319847,58.08
"nd early bird",5,319852,58.08
"near free contest",5,319857,58.08
"near let know",5,319862,58.08
"neat place small",5,319867,58.09
"necessarily bad thing",5,319872,58.09
"necessary triumph evil",5,319877,58.09
"necessity great action",5,319882,58.09
"neck better start",5,319887,58.09
"need alarm clock",5,319892,58.09
"need anyone permission",5,319897,58.09
"need anyone talk",5,319902,58.09
"need chill soon",5,319907,58.09
"need clean house",5,319912,58.09
"need come party",5,319917,58.09
"need come watch",5,319922,58.1
"need credit card",5,319927,58.1
"need dye hair",5,319932,58.1
"need extra hands",5,319937,58.1
"need find myself",5,319942,58.1
"need find right",5,319947,58.1
"need follower get",5,319952,58.1
"need followers anyone",5,319957,58.1
"need followers mention",5,319962,58.1
"need followers order",5,319967,58.1
"need followers people",5,319972,58.1
"need followers team",5,319977,58.11
"need friend text",5,319982,58.11
"need fun life",5,319987,58.11
"need go hard",5,319992,58.11
"need go make",5,319997,58.11
"need good nap",5,320002,58.11
"need guy friends",5,320007,58.11
"need guy like",5,320012,58.11
"need hunger games",5,320017,58.11
"need know need",5,320022,58.11
"need loose weight",5,320027,58.11
"need lose pounds",5,320032,58.12
"need make change",5,320037,58.12
"need make feel",5,320042,58.12
"need make fun",5,320047,58.12
"need make list",5,320052,58.12
"need music video",5,320057,58.12
"need oil change",5,320062,58.12
"need really good",5,320067,58.12
"need reason men",5,320072,58.12
"need second job",5,320077,58.12
"need seconds insane",5,320082,58.12
"need set date",5,320087,58.13
"need sleep soon",5,320092,58.13
"need spread word",5,320097,58.13
"need start keeping",5,320102,58.13
"need start paying",5,320107,58.13
"need start playing",5,320112,58.13
"need start talking",5,320117,58.13
"need stop bullying",5,320122,58.13
"need stop giving",5,320127,58.13
"need take day",5,320132,58.13
"need take time",5,320137,58.13
"need take trip",5,320142,58.14
"need talk anything",5,320147,58.14
"need talk like",5,320152,58.14
"need talk need",5,320157,58.14
"need talk talk",5,320162,58.14
"need teach kids",5,320167,58.14
"need ur number",5,320172,58.14
"need volunteers help",5,320177,58.14
"need wait till",5,320182,58.14
"need write book",5,320187,58.14
"need write paper",5,320192,58.14
"needs beauty sleep",5,320197,58.15
"needs followers take",5,320202,58.15
"needs get faster",5,320207,58.15
"needs get going",5,320212,58.15
"needs get phone",5,320217,58.15
"needs make mind",5,320222,58.15
"needs mirror takes",5,320227,58.15
"neighbor loses job",5,320232,58.15
"neighborhood garage sale",5,320237,58.15
"neighborhood nyc extra",5,320242,58.15
"netflix instant watch",5,320247,58.15
"network texas check",5,320252,58.16
"network www com",5,320257,58.16
"networks try btw",5,320262,58.16
"neutral milk hotel",5,320267,58.16
"neutral site games",5,320272,58.16
"new book just",5,320277,58.16
"new city art",5,320282,58.16
"new civil war",5,320287,58.16
"new club downtown",5,320292,58.16
"new co host",5,320297,58.16
"new cover coming",5,320302,58.16
"new cover song",5,320307,58.17
"new date soon",5,320312,58.17
"new day day",5,320317,58.17
"new day fresh",5,320322,58.17
"new day just",5,320327,58.17
"new don know",5,320332,58.17
"new don want",5,320337,58.17
"new family guy",5,320342,58.17
"new fan love",5,320347,58.17
"new favorite bar",5,320352,58.17
"new favorite beer",5,320357,58.17
"new favorite drink",5,320362,58.18
"new favorite hashtag",5,320367,58.18
"new flavors coming",5,320372,58.18
"new follower get",5,320377,58.18
"new follower hope",5,320382,58.18
"new follows supporting",5,320387,58.18
"new friends fans",5,320392,58.18
"new friends keep",5,320397,58.18
"new friends thanks",5,320402,58.18
"new fuel members",5,320407,58.18
"new glasses today",5,320412,58.18
"new google reader",5,320417,58.19
"new great music",5,320422,58.19
"new group people",5,320427,58.19
"new hot spot",5,320432,58.19
"new jersey new",5,320437,58.19
"new jersey turnpike",5,320442,58.19
"new job good",5,320447,58.19
"new job hope",5,320452,58.19
"new job last",5,320457,58.19
"new job opportunities",5,320462,58.19
"new jobs new",5,320467,58.19
"new last night",5,320472,58.2
"new live album",5,320477,58.2
"new member family",5,320482,58.2
"new member orientation",5,320487,58.2
"new mobile site",5,320492,58.2
"new music compared",5,320497,58.2
"new music ipod",5,320502,58.2
"new music love",5,320507,58.2
"new nike uniforms",5,320512,58.2
"new novel general",5,320517,58.2
"new online store",5,320522,58.2
"new orleans crazy",5,320527,58.21
"new orleans final",5,320532,58.21
"new orleans looking",5,320537,58.21
"new orleans wait",5,320542,58.21
"new phone get",5,320547,58.21
"new phone today",5,320552,58.21
"new photos www",5,320557,58.21
"new projects works",5,320562,58.21
"new really good",5,320567,58.21
"new reform healthcare",5,320572,58.21
"new remember built",5,320577,58.21
"new single called",5,320582,58.22
"new single come",5,320587,58.22
"new single tonight",5,320592,58.22
"new social networking",5,320597,58.22
"new songs love",5,320602,58.22
"new songs today",5,320607,58.22
"new songs wait",5,320612,58.22
"new songs week",5,320617,58.22
"new star wars",5,320622,58.22
"new store opening",5,320627,58.22
"new studio space",5,320632,58.22
"new study suggests",5,320637,58.23
"new team members",5,320642,58.23
"new tonight pm",5,320647,58.23
"new tweet deck",5,320652,58.23
"new tweet peeps",5,320657,58.23
"new twitter help",5,320662,58.23
"new twitter look",5,320667,58.23
"new updates coming",5,320672,58.23
"new video amazing",5,320677,58.23
"new video awesome",5,320682,58.23
"new video blog",5,320687,58.23
"new website let",5,320692,58.24
"new website live",5,320697,58.24
"new website running",5,320702,58.24
"new weight loss",5,320707,58.24
"new year better",5,320712,58.24
"new year did",5,320717,58.24
"new year email",5,320722,58.24
"new year hoping",5,320727,58.24
"new year inside",5,320732,58.24
"new year open",5,320737,58.24
"new year say",5,320742,58.24
"new year thank",5,320747,58.25
"new year www",5,320752,58.25
"new years countdown",5,320757,58.25
"new years make",5,320762,58.25
"new years weekend",5,320767,58.25
"newark new jersey",5,320772,58.25
"newark pride alliance",5,320777,58.25
"newest member team",5,320782,58.25
"newest release hope",5,320787,58.25
"news assignment meeting",5,320792,58.25
"news conference today",5,320797,58.25
"news don know",5,320802,58.26
"news good morning",5,320807,58.26
"news looks like",5,320812,58.26
"news news feeds",5,320817,58.26
"news san diego",5,320822,58.26
"news sky blue",5,320827,58.26
"news tomorrow morning",5,320832,58.26
"news water wet",5,320837,58.26
"nfl draft fan",5,320842,58.26
"nfl free agency",5,320847,58.26
"nice come home",5,320852,58.26
"nice did get",5,320857,58.27
"nice did think",5,320862,58.27
"nice finally get",5,320867,58.27
"nice great day",5,320872,58.27
"nice great job",5,320877,58.27
"nice guys chase",5,320882,58.27
"nice job guys",5,320887,58.27
"nice make sure",5,320892,58.27
"nice meet both",5,320897,58.27
"nice meet fellow",5,320902,58.27
"nice meet good",5,320907,58.27
"nice meet just",5,320912,58.28
"nice meet morning",5,320917,58.28
"nice meet nice",5,320922,58.28
"nice meet tonight",5,320927,58.28
"nice nice nice",5,320932,58.28
"nice profile picture",5,320937,58.28
"nice say thank",5,320942,58.28
"nice spend time",5,320947,58.28
"nice tweet happy",5,320952,58.28
"nice tweet meet",5,320957,58.28
"nice wait get",5,320962,58.28
"nice work keep",5,320967,58.29
"nice work lady",5,320972,58.29
"nice work way",5,320977,58.29
"niggas don know",5,320982,58.29
"night came home",5,320987,58.29
"night fish fry",5,320992,58.29
"night gonna go",5,320997,58.29
"night good way",5,321002,58.29
"night great cause",5,321007,58.29
"night great crowd",5,321012,58.29
"night great friends",5,321017,58.29
"night home alone",5,321022,58.3
"night home game",5,321027,58.3
"night jump sun",5,321032,58.3
"night just like",5,321037,58.3
"night just started",5,321042,58.3
"night ready go",5,321047,58.3
"night tonight come",5,321052,58.3
"night tonight going",5,321057,58.3
"night tonight playing",5,321062,58.3
"night tonight starting",5,321067,58.3
"night tonight wait",5,321072,58.3
"night trend dj",5,321077,58.31
"nightclub albuquerque best",5,321082,58.31
"nightmares last night",5,321087,58.31
"ninja wear good",5,321092,58.31
"noise appreciate silence",5,321097,58.31
"nominated golden globe",5,321102,58.31
"normally praying man",5,321107,58.31
"north carolina don",5,321112,58.31
"north carolina just",5,321117,58.31
"note self check",5,321122,58.31
"novel award winning",5,321127,58.31
"np asap rocky",5,321132,58.32
"np rick ross",5,321137,58.32
"number invite code",5,321142,58.32
"nut brown ale",5,321147,58.32
"nyc haven seen",5,321152,58.32
"nyc printing offers",5,321157,58.32
"oatmeal chocolate chip",5,321162,58.32
"obama slow news",5,321167,58.32
"obey know command",5,321172,58.32
"obsessed average man",5,321177,58.32
"occurs beings become",5,321182,58.32
"ocean unless courage",5,321187,58.33
"offer free shipping",5,321192,58.33
"offers just twitter",5,321197,58.33
"offers privilege opportunity",5,321202,58.33
"office closed today",5,321207,58.33
"office feels like",5,321212,58.33
"office get free",5,321217,58.33
"official day summer",5,321222,58.33
"official petition save",5,321227,58.33
"officially deleted twitter",5,321232,58.33
"oh boy good",5,321237,58.33
"oh boy love",5,321242,58.34
"oh don act",5,321247,58.34
"oh don let",5,321252,58.34
"oh don mind",5,321257,58.34
"oh don wanna",5,321262,58.34
"oh good like",5,321267,58.34
"oh good news",5,321272,58.34
"oh good times",5,321277,58.34
"oh goodness hope",5,321282,58.34
"oh goodness love",5,321287,58.34
"oh gosh funny",5,321292,58.34
"oh gosh sorry",5,321297,58.35
"oh gosh totally",5,321302,58.35
"oh just did",5,321307,58.35
"oh just get",5,321312,58.35
"oh just heard",5,321317,58.35
"oh know going",5,321322,58.35
"oh love just",5,321327,58.35
"oh make laugh",5,321332,58.35
"oh make sure",5,321337,58.35
"oh man get",5,321342,58.35
"oh man looks",5,321347,58.35
"oh man oh",5,321352,58.36
"oh man super",5,321357,58.36
"oh man want",5,321362,58.36
"oh ok let",5,321367,58.36
"oh ok sorry",5,321372,58.36
"oh ok yeah",5,321377,58.36
"oh okay like",5,321382,58.36
"oh okay need",5,321387,58.36
"oh okay thank",5,321392,58.36
"oh sorry forgot",5,321397,58.36
"oh sorry hope",5,321402,58.36
"oh sorry meant",5,321407,58.37
"oh thinks think",5,321412,58.37
"oh time go",5,321417,58.37
"oh wait day",5,321422,58.37
"oh wait probably",5,321427,58.37
"oh wait said",5,321432,58.37
"oh wait won",5,321437,58.37
"oh wanna go",5,321442,58.37
"oh want go",5,321447,58.37
"oh wow good",5,321452,58.37
"oh wow great",5,321457,58.37
"oh wow like",5,321462,58.38
"oh wow people",5,321467,58.38
"oh wow thought",5,321472,58.38
"oh yea like",5,321477,58.38
"oh yes course",5,321482,58.38
"oh yes does",5,321487,58.38
"oh yes go",5,321492,58.38
"oh yes like",5,321497,58.38
"oh yes miss",5,321502,58.38
"oh yes remember",5,321507,58.38
"oh yes thank",5,321512,58.38
"oh yes time",5,321517,58.39
"ohio teams sweet",5,321522,58.39
"oil www com",5,321527,58.39
"ok did get",5,321532,58.39
"ok don know",5,321537,58.39
"ok feel like",5,321542,58.39
"ok just kidding",5,321547,58.39
"ok just wanted",5,321552,58.39
"ok last time",5,321557,58.39
"ok seriously need",5,321562,58.39
"ok think just",5,321567,58.39
"ok twitter world",5,321572,58.4
"okay don think",5,321577,58.4
"okay get home",5,321582,58.4
"okay really need",5,321587,58.4
"okay sounds great",5,321592,58.4
"okay want look",5,321597,58.4
"old candles cost",5,321602,58.4
"old fashion way",5,321607,58.4
"old know anyway",5,321612,58.4
"old looks like",5,321617,58.4
"old love new",5,321622,58.4
"old man came",5,321627,58.41
"old man going",5,321632,58.41
"old man told",5,321637,58.41
"old school jam",5,321642,58.41
"old school style",5,321647,58.41
"old scott rd",5,321652,58.41
"old white lady",5,321657,58.41
"oliver holmes jr",5,321662,58.41
"ones build ones",5,321667,58.41
"open access policy",5,321672,58.41
"open house last",5,321677,58.41
"open house sunday",5,321682,58.42
"open house weekend",5,321687,58.42
"open minded like",5,321692,58.42
"open noon today",5,321697,58.42
"open pm starts",5,321702,58.42
"open pm till",5,321707,58.42
"open saturday sunday",5,321712,58.42
"open tomorrow come",5,321717,58.42
"opportunities beginning great",5,321722,58.42
"opportunity let know",5,321727,58.42
"opportunity responsibility give",5,321732,58.42
"options trade month",5,321737,58.43
"ordinary men machine",5,321742,58.43
"ordinary moments going",5,321747,58.43
"ordinary talent extraordinary",5,321752,58.43
"oscar red carpet",5,321757,58.43
"outstanding customer service",5,321762,58.43
"owes living world",5,321767,58.43
"own ears don",5,321772,58.43
"own eyes feel",5,321777,58.43
"own hands happens",5,321782,58.43
"oz ny strip",5,321787,58.43
"pa lights austin",5,321792,58.44
"pa travel team",5,321797,58.44
"pace using check",5,321802,58.44
"packers released nick",5,321807,58.44
"page don need",5,321812,58.44
"page giving away",5,321817,58.44
"page go check",5,321822,58.44
"page hacked follow",5,321827,58.44
"page new look",5,321832,58.44
"paid credit card",5,321837,58.44
"paid jacket group",5,321842,58.44
"pain doing wrong",5,321847,58.45
"pain just weakness",5,321852,58.45
"paint means paint",5,321857,58.45
"paint recycling expo",5,321862,58.45
"paint voice vincent",5,321867,58.45
"pair vip tickets",5,321872,58.45
"palace fine arts",5,321877,58.45
"papa johns pizza",5,321882,58.45
"paper law office",5,321887,58.45
"parents just don",5,321892,58.45
"park farmers market",5,321897,58.45
"park www com",5,321902,58.46
"parking lot movie",5,321907,58.46
"parking lot right",5,321912,58.46
"parking lot today",5,321917,58.46
"part family love",5,321922,58.46
"part looking forward",5,321927,58.46
"part solution part",5,321932,58.46
"particularly hard divide",5,321937,58.46
"party details coming",5,321942,58.46
"party don know",5,321947,58.46
"party don think",5,321952,58.46
"party especially thing",5,321957,58.47
"party good time",5,321962,58.47
"party just got",5,321967,58.47
"party let know",5,321972,58.47
"party lot fun",5,321977,58.47
"party new york",5,321982,58.47
"party pm tonight",5,321987,58.47
"party thursday night",5,321992,58.47
"party tonight fun",5,321997,58.47
"party tonight good",5,322002,58.47
"party tonight love",5,322007,58.47
"passion learning cease",5,322012,58.48
"passionate takes real",5,322017,58.48
"past future live",5,322022,58.48
"past might hurt",5,322027,58.48
"past ruin present",5,322032,58.48
"pasta garlic bread",5,322037,58.48
"pastor vegan purple",5,322042,58.48
"patience love patience",5,322047,58.48
"patience self hope",5,322052,58.48
"patient constant prayer",5,322057,58.48
"patient faithful prayer",5,322062,58.48
"patient love kind",5,322067,58.49
"patio open come",5,322072,58.49
"patrick day pub",5,322077,58.49
"paul looks like",5,322082,58.49
"paul pierce just",5,322087,58.49
"paul ryan plan",5,322092,58.49
"pay attention attention",5,322097,58.49
"pay attention details",5,322102,58.49
"pay casting code",5,322107,58.49
"pay cell phone",5,322112,58.49
"pay day tomorrow",5,322117,58.49
"pay plan understand",5,322122,58.5
"pay room earth",5,322127,58.5
"paying child support",5,322132,58.5
"paying student loans",5,322137,58.5
"pc guys great",5,322142,58.5
"peace forgotten belong",5,322147,58.5
"peaceful revolution impossible",5,322152,58.5
"peak run chair",5,322157,58.5
"peanut butter burger",5,322162,58.5
"peanut butter crackers",5,322167,58.5
"peanut butter jar",5,322172,58.5
"penny road pub",5,322177,58.51
"people alright get",5,322182,58.51
"people bad things",5,322187,58.51
"people drive crazy",5,322192,58.51
"people eat food",5,322197,58.51
"people follow don",5,322202,58.51
"people follow just",5,322207,58.51
"people get don",5,322212,58.51
"people get life",5,322217,58.51
"people get nerves",5,322222,58.51
"people get people",5,322227,58.51
"people get say",5,322232,58.52
"people go making",5,322237,58.52
"people gonna talk",5,322242,58.52
"people greatest success",5,322247,58.52
"people just good",5,322252,58.52
"people just happy",5,322257,58.52
"people just jealous",5,322262,58.52
"people just leave",5,322267,58.52
"people just plain",5,322272,58.52
"people just seem",5,322277,58.52
"people just take",5,322282,58.52
"people just tell",5,322287,58.53
"people just wanna",5,322292,58.53
"people know follow",5,322297,58.53
"people know think",5,322302,58.53
"people learn mistakes",5,322307,58.53
"people like come",5,322312,58.53
"people like listen",5,322317,58.53
"people like want",5,322322,58.53
"people love follow",5,322327,58.53
"people love people",5,322332,58.53
"people make better",5,322337,58.53
"people make good",5,322342,58.54
"people make great",5,322347,58.54
"people make time",5,322352,58.54
"people might get",5,322357,58.54
"people might think",5,322362,58.54
"people must follow",5,322367,58.54
"people need followers",5,322372,58.54
"people need hear",5,322377,58.54
"people need people",5,322382,58.54
"people need use",5,322387,58.54
"people need work",5,322392,58.54
"people post like",5,322397,58.55
"people post pictures",5,322402,58.55
"people really feel",5,322407,58.55
"people really make",5,322412,58.55
"people regret divorce",5,322417,58.55
"people roses thankful",5,322422,58.55
"people seldom improve",5,322427,58.55
"people stand touring",5,322432,58.55
"people talk just",5,322437,58.55
"people text don",5,322442,58.55
"people think doing",5,322447,58.55
"people think talking",5,322452,58.56
"people treat way",5,322457,58.56
"people use term",5,322462,58.56
"people used make",5,322467,58.56
"people wait turn",5,322472,58.56
"people wanna talk",5,322477,58.56
"people want buy",5,322482,58.56
"people want give",5,322487,58.56
"people want ride",5,322492,58.56
"people want want",5,322497,58.56
"percent react chuck",5,322502,58.56
"perfect beginning work",5,322507,58.57
"perfect christmas gift",5,322512,58.57
"perfect concerns psalm",5,322517,58.57
"perfect end great",5,322522,58.57
"perfect fiction character",5,322527,58.57
"perfect perfect real",5,322532,58.57
"perfectly forcing struggling",5,322537,58.57
"perfume smells like",5,322542,58.57
"permanent decision temporary",5,322547,58.57
"permanent decisions temporary",5,322552,58.57
"permanent solution temporary",5,322557,58.57
"person day night",5,322562,58.58
"person don want",5,322567,58.58
"person entire world",5,322572,58.58
"person fell love",5,322577,58.58
"person follow www",5,322582,58.58
"person get become",5,322587,58.58
"person gets generally",5,322592,58.58
"person make day",5,322597,58.58
"person make great",5,322602,58.58
"person makes smile",5,322607,58.58
"person person reason",5,322612,58.58
"person sees takes",5,322617,58.59
"person steal research",5,322622,58.59
"personal cody austin",5,322627,58.59
"personal life waste",5,322632,58.59
"personally don make",5,322637,58.59
"petition save www",5,322642,58.59
"philadelphia times reporter",5,322647,58.59
"philosophy fill full",5,322652,58.59
"phone battery life",5,322657,58.59
"phone got taken",5,322662,58.59
"phone mode ring",5,322667,58.59
"phone stopped working",5,322672,58.6
"photo milwaukee irish",5,322677,58.6
"photos looks like",5,322682,58.6
"pick day week",5,322687,58.6
"pick line hey",5,322692,58.6
"pick new album",5,322697,58.6
"pick shelf grams",5,322702,58.6
"pick yellow coupon",5,322707,58.6
"picked bad time",5,322712,58.6
"picked new book",5,322717,58.6
"picks video www",5,322722,58.6
"pie eating contest",5,322727,58.61
"pinch creativity bo",5,322732,58.61
"pink floyd playing",5,322737,58.61
"pink heart road",5,322742,58.61
"pitch last night",5,322747,58.61
"pitchers report spring",5,322752,58.61
"pitching perfect game",5,322757,58.61
"pittsburgh mills mall",5,322762,58.61
"pittsburgh popcorn co",5,322767,58.61
"pizza made real",5,322772,58.61
"place hands man",5,322777,58.61
"place order www",5,322782,58.62
"place small businesses",5,322787,58.62
"place touch woman",5,322792,58.62
"place worth going",5,322797,58.62
"places go dr",5,322802,58.62
"places tour far",5,322807,58.62
"plan get soon",5,322812,58.62
"plan social media",5,322817,58.62
"plan youtube search",5,322822,58.62
"planning future plastic",5,322827,58.62
"planning road trip",5,322832,58.62
"planning trip home",5,322837,58.63
"plans let know",5,322842,58.63
"play both teams",5,322847,58.63
"play don want",5,322852,58.63
"play friday night",5,322857,58.63
"play game life",5,322862,58.63
"play hottest hip",5,322867,58.63
"play jonas la",5,322872,58.63
"play key role",5,322877,58.63
"play looks like",5,322882,58.63
"play makes beautiful",5,322887,58.63
"play makes jack",5,322892,58.64
"play new song",5,322897,58.64
"play ohio state",5,322902,58.64
"play texas hold",5,322907,58.64
"play win win",5,322912,58.64
"played good game",5,322917,58.64
"played last year",5,322922,58.64
"played song ipad",5,322927,58.64
"playground player know",5,322932,58.64
"playing basket ball",5,322937,58.64
"playing friday th",5,322942,58.64
"playing george bernard",5,322947,58.65
"playing hard rock",5,322952,58.65
"playing modern warfare",5,322957,58.65
"playing sunset towers",5,322962,58.65
"playing www com",5,322967,58.65
"playlist kc forcing",5,322972,58.65
"playoff games tonight",5,322977,58.65
"playoff hockey game",5,322982,58.65
"playoff triple double",5,322987,58.65
"plays published theater",5,322992,58.65
"pleasant peaceful transition",5,322997,58.65
"pleasure human nature",5,323002,58.66
"pleasure thanks sharing",5,323007,58.66
"plus don know",5,323012,58.66
"pm bout pm",5,323017,58.66
"pm central library",5,323022,58.66
"pm close come",5,323027,58.66
"pm come celebrate",5,323032,58.66
"pm come drink",5,323037,58.66
"pm come hear",5,323042,58.66
"pm come learn",5,323047,58.66
"pm come rock",5,323052,58.66
"pm discovery get",5,323057,58.66
"pm est help",5,323062,58.67
"pm est tonight",5,323067,58.67
"pm feel free",5,323072,58.67
"pm kitchen open",5,323077,58.67
"pm last minute",5,323082,58.67
"pm let go",5,323087,58.67
"pm marvin center",5,323092,58.67
"pm pm cover",5,323097,58.67
"pm pm friday",5,323102,58.67
"pm pm hope",5,323107,58.67
"pm pm sets",5,323112,58.67
"pm pm shows",5,323117,58.68
"pm sat sun",5,323122,58.68
"pm saturday night",5,323127,58.68
"pm supplies last",5,323132,58.68
"pm tickets door",5,323137,58.68
"pm today tomorrow",5,323142,58.68
"pm tonight don",5,323147,58.68
"pm tonight get",5,323152,58.68
"pocket full sunshine",5,323157,58.68
"point having twitter",5,323162,58.68
"point life floor",5,323167,58.68
"poised creation blessed",5,323172,58.69
"poised creation building",5,323177,58.69
"poised creation look",5,323182,58.69
"poised creation store",5,323187,58.69
"poised creation wrapping",5,323192,58.69
"poison expecting person",5,323197,58.69
"poker chip sets",5,323202,58.69
"police bikes arrest",5,323207,58.69
"pony friendship magic",5,323212,58.69
"pop hip hop",5,323217,58.69
"portland art museum",5,323222,58.69
"portland expo center",5,323227,58.7
"positive mental attitude",5,323232,58.7
"possible requests ip",5,323237,58.7
"possibly best thing",5,323242,58.7
"post coming later",5,323247,58.7
"post good luck",5,323252,58.7
"post high school",5,323257,58.7
"post highlight tape",5,323262,58.7
"post link video",5,323267,58.7
"post video soon",5,323272,58.7
"posted facebook page",5,323277,58.7
"posted pm est",5,323282,58.71
"posting new video",5,323287,58.71
"potential sale value",5,323292,58.71
"power abraham lincoln",5,323297,58.71
"power nap work",5,323302,58.71
"pr observation day",5,323307,58.71
"practice bout practice",5,323312,58.71
"practice free throws",5,323317,58.71
"pray friends family",5,323322,58.71
"prayers coming way",5,323327,58.71
"praying man save",5,323332,58.71
"premium brand better",5,323337,58.72
"premium service oil",5,323342,58.72
"pres general election",5,323347,58.72
"prescription discounts savings",5,323352,58.72
"present worrying future",5,323357,58.72
"presenting district maps",5,323362,58.72
"presents garden butterflies",5,323367,58.72
"president obama say",5,323372,58.72
"president vice president",5,323377,58.72
"press conference announce",5,323382,58.72
"press conference tomorrow",5,323387,58.72
"press remote control",5,323392,58.73
"pretty awesome thanks",5,323397,58.73
"pretty cool get",5,323402,58.73
"pretty cool idea",5,323407,58.73
"pretty cool love",5,323412,58.73
"pretty cool right",5,323417,58.73
"pretty cool think",5,323422,58.73
"pretty darn awesome",5,323427,58.73
"pretty exciting stuff",5,323432,58.73
"pretty friend yahoo",5,323437,58.73
"prevention better cure",5,323442,58.73
"price bottles day",5,323447,58.74
"price burger night",5,323452,58.74
"price draft beer",5,323457,58.74
"price success dedication",5,323462,58.74
"price www com",5,323467,58.74
"prices net artists",5,323472,58.74
"pride get way",5,323477,58.74
"pride prejudice zombies",5,323482,58.74
"prime purpose life",5,323487,58.74
"principle bliss exercise",5,323492,58.74
"print www com",5,323497,58.74
"prison inmates just",5,323502,58.75
"private party tonight",5,323507,58.75
"private sector job",5,323512,58.75
"privilege opportunity responsibility",5,323517,58.75
"probably looked like",5,323522,58.75
"probably season ending",5,323527,58.75
"probably th time",5,323532,58.75
"probably worst thing",5,323537,58.75
"problem good day",5,323542,58.75
"problem light shadow",5,323547,58.75
"problem looks like",5,323552,58.75
"problems let know",5,323557,58.76
"problems promise won",5,323562,58.76
"problems race win",5,323567,58.76
"produce baby month",5,323572,58.76
"produces kind pleasure",5,323577,58.76
"producing company like",5,323582,58.76
"product thoughts thinks",5,323587,58.76
"productive day ahead",5,323592,58.76
"productive day just",5,323597,58.76
"productive week far",5,323602,58.76
"professional social media",5,323607,58.76
"professionals become colleague",5,323612,58.77
"profile mass free",5,323617,58.77
"profile thank follow",5,323622,58.77
"profile way follow",5,323627,58.77
"program high school",5,323632,58.77
"program look forward",5,323637,58.77
"progress involves risks",5,323642,58.77
"project done just",5,323647,58.77
"project los angeles",5,323652,58.77
"prom tomorrow night",5,323657,58.77
"promise follow help",5,323662,58.77
"promise happy don",5,323667,58.78
"promise won face",5,323672,58.78
"promo sweep cue",5,323677,58.78
"promote blog posts",5,323682,58.78
"promotion get site",5,323687,58.78
"promotion hey lets",5,323692,58.78
"promotion need followers",5,323697,58.78
"promotion site free",5,323702,58.78
"protect kiss love",5,323707,58.78
"proud million views",5,323712,58.78
"proud owner new",5,323717,58.78
"proves people present",5,323722,58.79
"proving people wrong",5,323727,58.79
"public private partnership",5,323732,58.79
"public private partnerships",5,323737,58.79
"public relations social",5,323742,58.79
"pull myself away",5,323747,58.79
"pull string follow",5,323752,58.79
"pull wool eyes",5,323757,58.79
"pulls man own",5,323762,58.79
"pump own gas",5,323767,58.79
"pumping own gas",5,323772,58.79
"punk goes pop",5,323777,58.8
"pure natural vegan",5,323782,58.8
"purpose life help",5,323787,58.8
"push go dwight",5,323792,58.8
"push ups sit",5,323797,58.8
"put customer place",5,323802,58.8
"put doctor mother",5,323807,58.8
"put heart mind",5,323812,58.8
"put lot time",5,323817,58.8
"put machine flip",5,323822,58.8
"put mind ease",5,323827,58.8
"put picture facebook",5,323832,58.81
"putting hard work",5,323837,58.81
"putting ipod shuffle",5,323842,58.81
"quality company customer",5,323847,58.81
"question just might",5,323852,58.81
"question matter year",5,323857,58.81
"question serious question",5,323862,58.81
"quick act natural",5,323867,58.81
"quick fill scholarships",5,323872,58.81
"quiet voice end",5,323877,58.81
"quit cold turkey",5,323882,58.81
"quit suffer live",5,323887,58.82
"quit trying mike",5,323892,58.82
"quite possibly greatest",5,323897,58.82
"quite welcome great",5,323902,58.82
"rabbit tricks kids",5,323907,58.82
"race sites sites",5,323912,58.82
"racing people stop",5,323917,58.82
"radio haven followed",5,323922,58.82
"rain bruno mars",5,323927,58.82
"rain makes sleepy",5,323932,58.82
"rain snow mix",5,323937,58.82
"rainbow gotta put",5,323942,58.83
"raining san diego",5,323947,58.83
"rainy day better",5,323952,58.83
"raise head say",5,323957,58.83
"raising champions dinner",5,323962,58.83
"ran high school",5,323967,58.83
"ran miles morning",5,323972,58.83
"ran red light",5,323977,58.83
"random fact day",5,323982,58.83
"random question did",5,323987,58.83
"rang new year",5,323992,58.83
"rangers win tonight",5,323997,58.84
"rarely anything high",5,324002,58.84
"raspberry green tea",5,324007,58.84
"raven like writing",5,324012,58.84
"raw cookie dough",5,324017,58.84
"raw dream team",5,324022,58.84
"ray parker jr",5,324027,58.84
"reached th tweet",5,324032,58.84
"read blog www",5,324037,58.84
"read great article",5,324042,58.84
"read harry potter",5,324047,58.84
"read love entirely",5,324052,58.85
"read mark twain",5,324057,58.85
"read really good",5,324062,58.85
"read things know",5,324067,58.85
"read things like",5,324072,58.85
"read write learn",5,324077,58.85
"readers chosen cookies",5,324082,58.85
"reading blog post",5,324087,58.85
"reading health books",5,324092,58.85
"reading terminal market",5,324097,58.85
"ready chance win",5,324102,58.85
"ready get house",5,324107,58.86
"ready get money",5,324112,58.86
"ready get tonight",5,324117,58.86
"ready good luck",5,324122,58.86
"ready let know",5,324127,58.86
"ready move new",5,324132,58.86
"ready red carpet",5,324137,58.86
"ready season finale",5,324142,58.86
"ready warped tour",5,324147,58.86
"real don know",5,324152,58.86
"real estate attorney",5,324157,58.86
"real estate experience",5,324162,58.87
"real estate license",5,324167,58.87
"real estate needs",5,324172,58.87
"real estate summit",5,324177,58.87
"real estate world",5,324182,58.87
"real fun begins",5,324187,58.87
"real good music",5,324192,58.87
"real good thing",5,324197,58.87
"real good today",5,324202,58.87
"real life time",5,324207,58.87
"real talk people",5,324212,58.87
"real time bill",5,324217,58.88
"real world work",5,324222,58.88
"reality friend destructive",5,324227,58.88
"really appreciate great",5,324232,58.88
"really appreciate kind",5,324237,58.88
"really appreciate man",5,324242,58.88
"really appreciate thank",5,324247,58.88
"really appreciate thanks",5,324252,58.88
"really bad day",5,324257,58.88
"really bad like",5,324262,58.88
"really bad really",5,324267,58.88
"really bad year",5,324272,58.89
"really come true",5,324277,58.89
"really cool live",5,324282,58.89
"really cool story",5,324287,58.89
"really cool things",5,324292,58.89
"really enjoyed book",5,324297,58.89
"really enjoyed panel",5,324302,58.89
"really enjoyed part",5,324307,58.89
"really enjoyed time",5,324312,58.89
"really enjoyed tonight",5,324317,58.89
"really excited love",5,324322,58.89
"really excited start",5,324327,58.9
"really feeling school",5,324332,58.9
"really gotta get",5,324337,58.9
"really great concerts",5,324342,58.9
"really great meet",5,324347,58.9
"really great movie",5,324352,58.9
"really great work",5,324357,58.9
"really hard understand",5,324362,58.9
"really hard work",5,324367,58.9
"really hit home",5,324372,58.9
"really hope does",5,324377,58.9
"really hurt starts",5,324382,58.91
"really just big",5,324387,58.91
"really just find",5,324392,58.91
"really know right",5,324397,58.91
"really know stuff",5,324402,58.91
"really know think",5,324407,58.91
"really love guys",5,324412,58.91
"really love love",5,324417,58.91
"really love people",5,324422,58.91
"really loving new",5,324427,58.91
"really nice say",5,324432,58.91
"really quite simple",5,324437,58.92
"really really cute",5,324442,58.92
"really really hot",5,324447,58.92
"really really looking",5,324452,58.92
"really really loud",5,324457,58.92
"really really tired",5,324462,58.92
"really really wait",5,324467,58.92
"really think people",5,324472,58.92
"really wanna hear",5,324477,58.92
"really wanna move",5,324482,58.92
"really wanna play",5,324487,58.92
"really wish stop",5,324492,58.93
"reason held long",5,324497,58.93
"reason learn till",5,324502,58.93
"reason make future",5,324507,58.93
"reason people get",5,324512,58.93
"reason people hold",5,324517,58.93
"recall last time",5,324522,58.93
"receive driving credit",5,324527,58.93
"receive presidential medal",5,324532,58.93
"receive shelf grams",5,324537,58.93
"received direct message",5,324542,58.93
"recent followers thank",5,324547,58.94
"recession neighbor loses",5,324552,58.94
"recipes fun easy",5,324557,58.94
"record breaking heat",5,324562,58.94
"record new songs",5,324567,58.94
"recording session today",5,324572,58.94
"records newest release",5,324577,58.94
"recycling expo feb",5,324582,58.94
"red carpet play",5,324587,58.94
"red green chile",5,324592,58.94
"reduced short profit",5,324597,58.94
"reform healthcare plan",5,324602,58.95
"refs letting play",5,324607,58.95
"regard himself greater",5,324612,58.95
"registered process server",5,324617,58.95
"regret time wasted",5,324622,58.95
"regularly scheduled program",5,324627,58.95
"related desperate housewives",5,324632,58.95
"relationship email story",5,324637,58.95
"relationship lay just",5,324642,58.95
"relationship man woman",5,324647,58.95
"relationships like tom",5,324652,58.95
"relationships ruin future",5,324657,58.96
"relationships touch phones",5,324662,58.96
"relative major uncle",5,324667,58.96
"relative minor girlfriend",5,324672,58.96
"release brand new",5,324677,58.96
"release hope massive",5,324682,58.96
"release new book",5,324687,58.96
"release new single",5,324692,58.96
"release tax returns",5,324697,58.96
"released new single",5,324702,58.96
"released nick collins",5,324707,58.96
"released www com",5,324712,58.97
"releasing brand new",5,324717,58.97
"relief sorrow plan",5,324722,58.97
"remain artist grow",5,324727,58.97
"remain silent anything",5,324732,58.97
"remember anything happened",5,324737,58.97
"remember anything mark",5,324742,58.97
"remember screaming later",5,324747,58.97
"remembering good times",5,324752,58.97
"remembering take forgetting",5,324757,58.97
"remind friend lee",5,324762,58.97
"remind girl knew",5,324767,58.98
"remind writing exercise",5,324772,58.98
"remote control know",5,324777,58.98
"renewed th season",5,324782,58.98
"rent pay room",5,324787,58.98
"rep donald payne",5,324792,58.98
"repair broken men",5,324797,58.98
"replaced soccer coach",5,324802,58.98
"replies mentions favorites",5,324807,58.98
"reply chance win",5,324812,58.98
"reply person follow",5,324817,58.98
"report card today",5,324822,58.99
"report ft knee",5,324827,58.99
"requests ip address",5,324832,58.99
"resignation end end",5,324837,58.99
"respect legendary composer",5,324842,58.99
"responded ave brooklyn",5,324847,58.99
"responsibility develop hunger",5,324852,58.99
"responsibility tomorrow today",5,324857,58.99
"responsible solid happiness",5,324862,58.99
"rest good better",5,324867,58.99
"rest peace adam",5,324872,58.99
"rest peace love",5,324877,59
"rest peace maurice",5,324882,59
"rest peace mr",5,324887,59
"result hard work",5,324892,59
"retreat nightclub nyc",5,324897,59
"revolution impossible make",5,324902,59
"revolution www com",5,324907,59
"ribbon cutting ceremony",5,324912,59
"ride disco stick",5,324917,59
"riders great weekend",5,324922,59
"right beautiful day",5,324927,59
"right best friend",5,324932,59.01
"right gotta love",5,324937,59.01
"right hope great",5,324942,59.01
"right just know",5,324947,59.01
"right just made",5,324952,59.01
"right last year",5,324957,59.01
"right life good",5,324962,59.01
"right little bit",5,324967,59.01
"right makes happy",5,324972,59.01
"right oldest youngest",5,324977,59.01
"right remembers wrong",5,324982,59.01
"right thing people",5,324987,59.02
"right thing say",5,324992,59.02
"right time john",5,324997,59.02
"right time like",5,325002,59.02
"right tool job",5,325007,59.02
"right track baby",5,325012,59.02
"right veteran teenager",5,325017,59.02
"right wait till",5,325022,59.02
"righteous run safe",5,325027,59.02
"riot start riot",5,325032,59.02
"rip thoughts prayers",5,325037,59.02
"ripe old age",5,325042,59.03
"rise early work",5,325047,59.03
"rising ground like",5,325052,59.03
"rising th tx",5,325057,59.03
"risks generally make",5,325062,59.03
"risks quite different",5,325067,59.03
"road get meet",5,325072,59.03
"road grand opening",5,325077,59.03
"road trip day",5,325082,59.03
"road use caution",5,325087,59.03
"roasted red potatoes",5,325092,59.03
"rock bottom brewery",5,325097,59.04
"rock chalk baby",5,325102,59.04
"rock roll love",5,325107,59.04
"rock roll music",5,325112,59.04
"rock roll tonight",5,325117,59.04
"rocked house tonight",5,325122,59.04
"rocking getting wed",5,325127,59.04
"role world dream",5,325132,59.04
"roll night party",5,325137,59.04
"ron paul win",5,325142,59.04
"room shut door",5,325147,59.04
"root beer good",5,325152,59.05
"rose dan duo",5,325157,59.05
"rose eastern location",5,325162,59.05
"rose garden tonight",5,325167,59.05
"roses thankful roses",5,325172,59.05
"rough day today",5,325177,59.05
"round blue fox",5,325182,59.05
"round table discussion",5,325187,59.05
"ruin future happiness",5,325192,59.05
"ruin present worrying",5,325197,59.05
"rule business man",5,325202,59.05
"rule club talk",5,325207,59.06
"rule right rule",5,325212,59.06
"rum ice cream",5,325217,59.06
"run get home",5,325222,59.06
"run good luck",5,325227,59.06
"run just finished",5,325232,59.06
"run miles tomorrow",5,325237,59.06
"run spider web",5,325242,59.06
"run tomorrow morning",5,325247,59.06
"runners nd rd",5,325252,59.06
"running late work",5,325257,59.06
"running nyc marathon",5,325262,59.07
"running www com",5,325267,59.07
"sacramento process server",5,325272,59.07
"sadness past future",5,325277,59.07
"safe drinking water",5,325282,59.07
"safe travels great",5,325287,59.07
"safe travels hope",5,325292,59.07
"said accident meeting",5,325297,59.07
"said feel like",5,325302,59.07
"said hatred emotion",5,325307,59.07
"said hope come",5,325312,59.07
"said last tweet",5,325317,59.08
"said life like",5,325322,59.08
"said really good",5,325327,59.08
"said ron paul",5,325332,59.08
"said thank tell",5,325337,59.08
"said things like",5,325342,59.08
"said time go",5,325347,59.08
"salad choice dressing",5,325352,59.08
"sale going right",5,325357,59.08
"sale going www",5,325362,59.08
"samsung galaxy ii",5,325367,59.08
"san antonio go",5,325372,59.09
"san antonio great",5,325377,59.09
"san francisco examiner",5,325382,59.09
"san francisco great",5,325387,59.09
"sandwich tuna salad",5,325392,59.09
"santa ana star",5,325397,59.09
"sat closed sundays",5,325402,59.09
"sat dc free",5,325407,59.09
"sat www com",5,325412,59.09
"saturday april pm",5,325417,59.09
"saturday come check",5,325422,59.09
"saturday come join",5,325427,59.1
"saturday great day",5,325432,59.1
"saturday looks like",5,325437,59.1
"saturday night club",5,325442,59.1
"saturday night dinner",5,325447,59.1
"saturday night hope",5,325452,59.1
"saturday nov th",5,325457,59.1
"saturday st patrick",5,325462,59.1
"saturday swan company",5,325467,59.1
"saturday wait hear",5,325472,59.1
"sausage get nd",5,325477,59.1
"save santa trip",5,325482,59.11
"savings care products",5,325487,59.11
"saw bald eagle",5,325492,59.11
"saw commercial thought",5,325497,59.11
"saw lion king",5,325502,59.11
"saw old lady",5,325507,59.11
"saw really good",5,325512,59.11
"say anything make",5,325517,59.11
"say certain things",5,325522,59.11
"say cool don",5,325527,59.11
"say crazy things",5,325532,59.11
"say doing just",5,325537,59.12
"say don believe",5,325542,59.12
"say good job",5,325547,59.12
"say hello dj",5,325552,59.12
"say hello hello",5,325557,59.12
"say hello wish",5,325562,59.12
"say just got",5,325567,59.12
"say just keep",5,325572,59.12
"say just know",5,325577,59.12
"say just make",5,325582,59.12
"say just want",5,325587,59.12
"say just watch",5,325592,59.13
"say life hello",5,325597,59.13
"say like don",5,325602,59.13
"say like mean",5,325607,59.13
"say looking forward",5,325612,59.13
"say love end",5,325617,59.13
"say love life",5,325622,59.13
"say love like",5,325627,59.13
"say love say",5,325632,59.13
"say love song",5,325637,59.13
"say love unless",5,325642,59.13
"say make feel",5,325647,59.14
"say makes sense",5,325652,59.14
"say money buy",5,325657,59.14
"say money made",5,325662,59.14
"say oh yeah",5,325667,59.14
"say till forever",5,325672,59.14
"say twitter say",5,325677,59.14
"say ur free",5,325682,59.14
"say words bring",5,325687,59.14
"say yes yes",5,325692,59.14
"saying bad stuff",5,325697,59.14
"saying good things",5,325702,59.15
"saying goodbye hard",5,325707,59.15
"saying just saying",5,325712,59.15
"says happy birthday",5,325717,59.15
"says san diego",5,325722,59.15
"scale episode revenge",5,325727,59.15
"scholarships likely win",5,325732,59.15
"school anymore just",5,325737,59.15
"school basketball game",5,325742,59.15
"school bus driver",5,325747,59.15
"school bus just",5,325752,59.15
"school did go",5,325757,59.16
"school good luck",5,325762,59.16
"school library journal",5,325767,59.16
"school need get",5,325772,59.16
"school ready summer",5,325777,59.16
"school small world",5,325782,59.16
"school summer break",5,325787,59.16
"school today hope",5,325792,59.16
"school tomorrow friday",5,325797,59.16
"school tomorrow goodnight",5,325802,59.16
"school tomorrow wanna",5,325807,59.16
"school www com",5,325812,59.17
"school year ends",5,325817,59.17
"school year good",5,325822,59.17
"scored houston bottom",5,325827,59.17
"scott rd ga",5,325832,59.17
"screaming happy birthday",5,325837,59.17
"screening tonight pm",5,325842,59.17
"sea salt caramel",5,325847,59.17
"sea shining sea",5,325852,59.17
"seafood diet food",5,325857,59.17
"search stop breathing",5,325862,59.17
"season don know",5,325867,59.18
"season finale last",5,325872,59.18
"season great job",5,325877,59.18
"season just started",5,325882,59.18
"season premiere watch",5,325887,59.18
"season wait season",5,325892,59.18
"seats love love",5,325897,59.18
"second crossed mind",5,325902,59.18
"second guess myself",5,325907,59.18
"second last tweet",5,325912,59.18
"second place finish",5,325917,59.18
"second time make",5,325922,59.19
"second time tonight",5,325927,59.19
"second week row",5,325932,59.19
"secret business know",5,325937,59.19
"secret led goal",5,325942,59.19
"secret success purpose",5,325947,59.19
"section seats love",5,325952,59.19
"seed equal greater",5,325957,59.19
"seed ncaa tournament",5,325962,59.19
"seeing couple weeks",5,325967,59.19
"seeing live music",5,325972,59.19
"seeing old people",5,325977,59.2
"seeing tomorrow night",5,325982,59.2
"seek find barriers",5,325987,59.2
"seek forgiveness ask",5,325992,59.2
"seem like did",5,325997,59.2
"seem like real",5,326002,59.2
"seems largely matter",5,326007,59.2
"seems pretty clear",5,326012,59.2
"seen like times",5,326017,59.2
"seen like years",5,326022,59.2
"seen live times",5,326027,59.2
"seen www com",5,326032,59.21
"sees achieve anything",5,326037,59.21
"sees need cause",5,326042,59.21
"sees takes eyes",5,326047,59.21
"sees way victory",5,326052,59.21
"seldom improve model",5,326057,59.21
"seldom make history",5,326062,59.21
"selena actor singer",5,326067,59.21
"self help books",5,326072,59.21
"self hope patience",5,326077,59.21
"self included hosted",5,326082,59.21
"self respect self",5,326087,59.22
"sell hair shop",5,326092,59.22
"send direct msg",5,326097,59.22
"send email help",5,326102,59.22
"send free sample",5,326107,59.22
"send get home",5,326112,59.22
"send good thoughts",5,326117,59.22
"send link page",5,326122,59.22
"send link work",5,326127,59.22
"send picture get",5,326132,59.22
"send reason learn",5,326137,59.22
"send youtube link",5,326142,59.23
"sending prayers way",5,326147,59.23
"senior medicare patrol",5,326152,59.23
"sent email info",5,326157,59.23
"sent press release",5,326162,59.23
"sentence end way",5,326167,59.23
"series finale desperate",5,326172,59.23
"series finale tonight",5,326177,59.23
"series win today",5,326182,59.23
"seriously best friend",5,326187,59.23
"seriously good luck",5,326192,59.23
"seriously hate people",5,326197,59.24
"seriously looks like",5,326202,59.24
"seriously made night",5,326207,59.24
"seriously think might",5,326212,59.24
"seriously wait summer",5,326217,59.24
"seriously wait till",5,326222,59.24
"serve look find",5,326227,59.24
"served armed forces",5,326232,59.24
"served continue serve",5,326237,59.24
"service play games",5,326242,59.24
"service social media",5,326247,59.24
"service worry profits",5,326252,59.25
"session last week",5,326257,59.25
"session nw college",5,326262,59.25
"session tomorrow pm",5,326267,59.25
"set steps must",5,326272,59.25
"set tomorrow night",5,326277,59.25
"shadow relief sorrow",5,326282,59.25
"shall set free",5,326287,59.25
"share birthday happy",5,326292,59.25
"shepherd shall want",5,326297,59.25
"sherman way sydney",5,326302,59.25
"shield carpet cleaning",5,326307,59.26
"shifts changes don",5,326312,59.26
"shine give people",5,326317,59.26
"shining weather sweet",5,326322,59.26
"shirts let know",5,326327,59.26
"shocked took long",5,326332,59.26
"shopping men country",5,326337,59.26
"short gotta live",5,326342,59.26
"short hearts forever",5,326347,59.26
"short skirt long",5,326352,59.26
"shot looks like",5,326357,59.26
"shout great job",5,326362,59.27
"shout hope enjoyed",5,326367,59.27
"shout hope great",5,326372,59.27
"shout personal cody",5,326377,59.27
"shout sorry missed",5,326382,59.27
"showcase basketball classic",5,326387,59.27
"showcase club nyc",5,326392,59.27
"shower last night",5,326397,59.27
"shower rock star",5,326402,59.27
"shows get tickets",5,326407,59.27
"shows let know",5,326412,59.27
"shows looking forward",5,326417,59.28
"shuffle www aaron",5,326422,59.28
"shut benjamin franklin",5,326427,59.28
"shut get life",5,326432,59.28
"shy holding don",5,326437,59.28
"sigh urge go",5,326442,59.28
"sign intelligence knowledge",5,326447,59.28
"sign long term",5,326452,59.28
"sign noble souls",5,326457,59.28
"signed copy new",5,326462,59.28
"signed looking forward",5,326467,59.28
"significant problems face",5,326472,59.29
"signs old age",5,326477,59.29
"signs replaced soccer",5,326482,59.29
"silent gratitude use",5,326487,59.29
"simply soul society",5,326492,59.29
"singer idol role",5,326497,59.29
"singing love song",5,326502,59.29
"single ingredient formula",5,326507,59.29
"sir happy birthday",5,326512,59.29
"sir isaac newton",5,326517,59.29
"sister just made",5,326522,59.29
"sister just said",5,326527,59.3
"sit home watch",5,326532,59.3
"sit indian style",5,326537,59.3
"site looks awesome",5,326542,59.3
"site profile mass",5,326547,59.3
"site profile thank",5,326552,59.3
"site profile way",5,326557,59.3
"sites sites age",5,326562,59.3
"sitting car listening",5,326567,59.3
"sitting dr office",5,326572,59.3
"sitting home watching",5,326577,59.3
"sitting passenger seat",5,326582,59.31
"situation help cope",5,326587,59.31
"situation must necessity",5,326592,59.31
"size let know",5,326597,59.31
"skate song song",5,326602,59.31
"skin care tips",5,326607,59.31
"skinny vanilla latte",5,326612,59.31
"skip stephen smith",5,326617,59.31
"skype date soon",5,326622,59.31
"sleep bed dealer",5,326627,59.31
"sleep gotta go",5,326632,59.31
"sleep smile face",5,326637,59.32
"sleeping keep eyes",5,326642,59.32
"sleeping last night",5,326647,59.32
"sleeping life away",5,326652,59.32
"sleeps just finished",5,326657,59.32
"sleepy fall asleep",5,326662,59.32
"sleepy long day",5,326667,59.32
"slight risk severe",5,326672,59.32
"slow motion eyes",5,326677,59.32
"slow red fox",5,326682,59.32
"slowly laugh love",5,326687,59.32
"slowly raise head",5,326692,59.33
"slowly sounds like",5,326697,59.33
"small meals day",5,326702,59.33
"small opportunities beginning",5,326707,59.33
"smallest decisions change",5,326712,59.33
"smallest things take",5,326717,59.33
"smart know impossible",5,326722,59.33
"smart phones people",5,326727,59.33
"smart tee shirt",5,326732,59.33
"smell like cat",5,326737,59.33
"smell like hot",5,326742,59.33
"smell like just",5,326747,59.34
"smells just like",5,326752,59.34
"smells like burnt",5,326757,59.34
"smells like cake",5,326762,59.34
"smells like chicken",5,326767,59.34
"smells like dog",5,326772,59.34
"smile ask wants",5,326777,59.34
"smile makes smile",5,326782,59.34
"smile tear winter",5,326787,59.34
"smile yo face",5,326792,59.34
"smiles times day",5,326797,59.34
"smiling inside dying",5,326802,59.35
"smoke made william",5,326807,59.35
"smoked fish tacos",5,326812,59.35
"smoking weed star",5,326817,59.35
"snow snow go",5,326822,59.35
"soccer coaches say",5,326827,59.35
"social good detroit",5,326832,59.35
"social media audience",5,326837,59.35
"social media branding",5,326842,59.35
"social media career",5,326847,59.35
"social media chat",5,326852,59.35
"social media consultants",5,326857,59.36
"social media conversation",5,326862,59.36
"social media customer",5,326867,59.36
"social media digital",5,326872,59.36
"social media effective",5,326877,59.36
"social media feel",5,326882,59.36
"social media forum",5,326887,59.36
"social media gives",5,326892,59.36
"social media going",5,326897,59.36
"social media helping",5,326902,59.36
"social media insights",5,326907,59.36
"social media integration",5,326912,59.37
"social media learn",5,326917,59.37
"social media mean",5,326922,59.37
"social media means",5,326927,59.37
"social media museums",5,326932,59.37
"social media must",5,326937,59.37
"social media outlets",5,326942,59.37
"social media personality",5,326947,59.37
"social media profiles",5,326952,59.37
"social media promotions",5,326957,59.37
"social media space",5,326962,59.37
"social media support",5,326967,59.38
"social media thing",5,326972,59.38
"social media trends",5,326977,59.38
"social media types",5,326982,59.38
"social media using",5,326987,59.38
"social media website",5,326992,59.38
"social media works",5,326997,59.38
"society passes generation",5,327002,59.38
"sold last week",5,327007,59.38
"sold looking forward",5,327012,59.38
"solid happiness lives",5,327017,59.38
"solo tues texas",5,327022,59.39
"solve world hunger",5,327027,59.39
"somebody come get",5,327032,59.39
"somebody help get",5,327037,59.39
"somebody specific jane",5,327042,59.39
"song amazing love",5,327047,59.39
"song bruno mars",5,327052,59.39
"song get free",5,327057,59.39
"song great job",5,327062,59.39
"song ipad love",5,327067,59.39
"song know love",5,327072,59.39
"song last year",5,327077,59.4
"song makes think",5,327082,59.4
"song makes wanna",5,327087,59.4
"song wait hear",5,327092,59.4
"songs new cd",5,327097,59.4
"songs new record",5,327102,59.4
"songs tired tears",5,327107,59.4
"soon don forget",5,327112,59.4
"soon excited new",5,327117,59.4
"soon great day",5,327122,59.4
"soon great weekend",5,327127,59.4
"soon happy new",5,327132,59.4
"soon happy weekend",5,327137,59.41
"soon know soon",5,327142,59.41
"soon trust know",5,327147,59.41
"soon wait get",5,327152,59.41
"soon want get",5,327157,59.41
"sorrow plan tomorrow",5,327162,59.41
"sorry did say",5,327167,59.41
"sorry feel asleep",5,327172,59.41
"sorry feel bad",5,327177,59.41
"sorry feel like",5,327182,59.41
"sorry feel pain",5,327187,59.41
"sorry hear bad",5,327192,59.42
"sorry hear dad",5,327197,59.42
"sorry hear did",5,327202,59.42
"sorry hear glad",5,327207,59.42
"sorry hear hopefully",5,327212,59.42
"sorry hear love",5,327217,59.42
"sorry hear make",5,327222,59.42
"sorry hear man",5,327227,59.42
"sorry just get",5,327232,59.42
"sorry just noticed",5,327237,59.42
"sorry just thought",5,327242,59.42
"sorry man just",5,327247,59.43
"sorry missed birthday",5,327252,59.43
"sorry missed good",5,327257,59.43
"sorry missed let",5,327262,59.43
"sorry missed sounds",5,327267,59.43
"sorry missed time",5,327272,59.43
"sorry thanks letting",5,327277,59.43
"sorry ur loss",5,327282,59.43
"sort design looking",5,327287,59.43
"soul crawl hiding",5,327292,59.43
"soul smallest acts",5,327297,59.43
"soul society passes",5,327302,59.44
"soul strong live",5,327307,59.44
"sounds great definitely",5,327312,59.44
"sounds just right",5,327317,59.44
"sounds like delicious",5,327322,59.44
"sounds like dying",5,327327,59.44
"sounds like game",5,327332,59.44
"sounds like girl",5,327337,59.44
"sounds like greatest",5,327342,59.44
"sounds like hot",5,327347,59.44
"sounds like ideal",5,327352,59.44
"sounds like jet",5,327357,59.45
"sounds like line",5,327362,59.45
"sounds like making",5,327367,59.45
"sounds like night",5,327372,59.45
"sounds like song",5,327377,59.45
"sounds like summer",5,327382,59.45
"sounds like talk",5,327387,59.45
"sounds like talking",5,327392,59.45
"sounds like trying",5,327397,59.45
"sounds like typical",5,327402,59.45
"sounds like wife",5,327407,59.45
"sounds nice right",5,327412,59.46
"soup bread bowl",5,327417,59.46
"soups day mushroom",5,327422,59.46
"soups day potato",5,327427,59.46
"sour cream onion",5,327432,59.46
"south grove tap",5,327437,59.46
"south high school",5,327442,59.46
"space dreams reality",5,327447,59.46
"space final frontier",5,327452,59.46
"space let know",5,327457,59.46
"spaghetti meat sauce",5,327462,59.46
"speak proper english",5,327467,59.47
"speaking sounds like",5,327472,59.47
"special green chile",5,327477,59.47
"special offers just",5,327482,59.47
"special teams coach",5,327487,59.47
"special yesterday makes",5,327492,59.47
"species survive intelligent",5,327497,59.47
"specific jane wagner",5,327502,59.47
"speech hearing month",5,327507,59.47
"speech losing impact",5,327512,59.47
"spell elite eli",5,327517,59.47
"spell hit like",5,327522,59.48
"spend free time",5,327527,59.48
"spend mothers day",5,327532,59.48
"spend saturday afternoon",5,327537,59.48
"spend time making",5,327542,59.48
"spend time outside",5,327547,59.48
"spend time reading",5,327552,59.48
"spend time thinking",5,327557,59.48
"spend time tweeting",5,327562,59.48
"spend time working",5,327567,59.48
"spend time worrying",5,327572,59.48
"spending time kids",5,327577,59.49
"spending time today",5,327582,59.49
"spin class morning",5,327587,59.49
"spirit flower existence",5,327592,59.49
"sponsors add network",5,327597,59.49
"sporting kansas city",5,327602,59.49
"sporting kc game",5,327607,59.49
"sports social media",5,327612,59.49
"spot trending ca",5,327617,59.49
"spread holiday cheer",5,327622,59.49
"spurs game night",5,327627,59.49
"squash sugar free",5,327632,59.5
"squeezed orange juice",5,327637,59.5
"st bucks nba",5,327642,59.5
"st day good",5,327647,59.5
"st day green",5,327652,59.5
"st day summer",5,327657,59.5
"st day work",5,327662,59.5
"st day year",5,327667,59.5
"st deliver shelter",5,327672,59.5
"st louis bound",5,327677,59.5
"st louis come",5,327682,59.5
"st louis tomorrow",5,327687,59.51
"st morris il",5,327692,59.51
"st pat parade",5,327697,59.51
"st pete beach",5,327702,59.51
"st queens ny",5,327707,59.51
"st rd pick",5,327712,59.51
"st st nw",5,327717,59.51
"st stay tuned",5,327722,59.51
"st thing morning",5,327727,59.51
"st time days",5,327732,59.51
"st time long",5,327737,59.51
"st time seeing",5,327742,59.52
"st time weeks",5,327747,59.52
"st time yrs",5,327752,59.52
"st versus tea",5,327757,59.52
"stadium bill passes",5,327762,59.52
"stage pa lights",5,327767,59.52
"stand freedom expression",5,327772,59.52
"stand touring like",5,327777,59.52
"standard anyone expects",5,327782,59.52
"standard electric guitars",5,327787,59.52
"standards keep anyone",5,327792,59.52
"standing line waiting",5,327797,59.53
"standing shore like",5,327802,59.53
"star known talent",5,327807,59.53
"star wars movie",5,327812,59.53
"star wars star",5,327817,59.53
"stars gary allen",5,327822,59.53
"stars refuse shine",5,327827,59.53
"start giving positive",5,327832,59.53
"start good luck",5,327837,59.53
"start having positive",5,327842,59.53
"start hopes end",5,327847,59.53
"start hunger games",5,327852,59.54
"start new game",5,327857,59.54
"start new position",5,327862,59.54
"start new series",5,327867,59.54
"start twitter account",5,327872,59.54
"start work tomorrow",5,327877,59.54
"started don leave",5,327882,59.54
"started long time",5,327887,59.54
"started social media",5,327892,59.54
"started today finished",5,327897,59.54
"starting creating better",5,327902,59.54
"starting monday morning",5,327907,59.55
"starting social media",5,327912,59.55
"starting tonight pm",5,327917,59.55
"starts smile grows",5,327922,59.55
"state farm commercial",5,327927,59.55
"state hillary clinton",5,327932,59.55
"state income tax",5,327937,59.55
"state senate vote",5,327942,59.55
"state supreme court",5,327947,59.55
"station dallas tx",5,327952,59.55
"station let know",5,327957,59.55
"stats team winning",5,327962,59.56
"stay away people",5,327967,59.56
"stay away twitter",5,327972,59.56
"stay cool today",5,327977,59.56
"stay home go",5,327982,59.56
"stay home relax",5,327987,59.56
"stay home tonight",5,327992,59.56
"stay long want",5,327997,59.56
"stay posted details",5,328002,59.56
"stay posted updates",5,328007,59.56
"stay safe enjoy",5,328012,59.56
"stay till end",5,328017,59.57
"stay writing reality",5,328022,59.57
"staying late watch",5,328027,59.57
"steal ideas person",5,328032,59.57
"step outside comfort",5,328037,59.57
"step turning invisible",5,328042,59.57
"steve jobs left",5,328047,59.57
"steve jobs made",5,328052,59.57
"steve jobs missed",5,328057,59.57
"stomach feel like",5,328062,59.57
"stomach hurts laughing",5,328067,59.57
"stone cold sober",5,328072,59.58
"stone creek coffee",5,328077,59.58
"stop breathing tell",5,328082,59.58
"stop caring people",5,328087,59.58
"stop complaining live",5,328092,59.58
"stop farmers market",5,328097,59.58
"stop following people",5,328102,59.58
"stop guest services",5,328107,59.58
"stop let go",5,328112,59.58
"stop loving just",5,328117,59.58
"stop make sure",5,328122,59.58
"stop office get",5,328127,59.59
"stop pearl store",5,328132,59.59
"stop people stop",5,328137,59.59
"stop shop artists",5,328142,59.59
"stop signs high",5,328147,59.59
"stop talking get",5,328152,59.59
"stop working hard",5,328157,59.59
"storage wars yup",5,328162,59.59
"store hand made",5,328167,59.59
"store just got",5,328172,59.59
"store music great",5,328177,59.59
"store today pm",5,328182,59.6
"storm headed way",5,328187,59.6
"storms learning sail",5,328192,59.6
"storms make oaks",5,328197,59.6
"story hour miss",5,328202,59.6
"story inside maya",5,328207,59.6
"story occupy wall",5,328212,59.6
"story tend sigh",5,328217,59.6
"story tonight news",5,328222,59.6
"street blues crystal",5,328227,59.6
"street newark nj",5,328232,59.6
"streets freak sheets",5,328237,59.61
"strength body soul",5,328242,59.61
"strike hunger bowl",5,328247,59.61
"strikes natural pose",5,328252,59.61
"string follow wish",5,328257,59.61
"strip chris brown",5,328262,59.61
"strip road grand",5,328267,59.61
"strong children repair",5,328272,59.61
"strong fake smile",5,328277,59.61
"strong tower righteous",5,328282,59.61
"stuck head love",5,328287,59.61
"stuck head right",5,328292,59.62
"stuck traffic way",5,328297,59.62
"students knowledge power",5,328302,59.62
"studio webster hall",5,328307,59.62
"studio www com",5,328312,59.62
"stuff don know",5,328317,59.62
"stuff people say",5,328322,59.62
"style eternal saint",5,328327,59.62
"subject line email",5,328332,59.62
"submissions dot com",5,328337,59.62
"submit despair fail",5,328342,59.62
"submitted cleaning beard",5,328347,59.63
"subway gift card",5,328352,59.63
"succeeded anything don",5,328357,59.63
"success comes cans",5,328362,59.63
"success dedication hard",5,328367,59.63
"success honor dish",5,328372,59.63
"success knowing get",5,328377,59.63
"success simply matter",5,328382,59.63
"success state mind",5,328387,59.63
"success unless like",5,328392,59.63
"success usually comes",5,328397,59.63
"successful people ask",5,328402,59.64
"sucks don know",5,328407,59.64
"sucks just want",5,328412,59.64
"sucks know exactly",5,328417,59.64
"suffer insanity enjoy",5,328422,59.64
"suffer live rest",5,328427,59.64
"sum type way",5,328432,59.64
"summer co ed",5,328437,59.64
"summer feel like",5,328442,59.64
"summer gonna good",5,328447,59.64
"summer reading program",5,328452,59.64
"summer reading programs",5,328457,59.65
"summit students entrepreneurs",5,328462,59.65
"sun beautiful day",5,328467,59.65
"sun gonna shine",5,328472,59.65
"sunday come support",5,328477,59.65
"sunday get free",5,328482,59.65
"sunday night baseball",5,328487,59.65
"sunday night great",5,328492,59.65
"sunday night monday",5,328497,59.65
"sunday night party",5,328502,59.65
"sunday night tonight",5,328507,59.65
"sunday night tv",5,328512,59.66
"sunday oh yeah",5,328517,59.66
"sunny warm day",5,328522,59.66
"sunshine cloudy day",5,328527,59.66
"sunshine freedom little",5,328532,59.66
"super early tomorrow",5,328537,59.66
"super excited coming",5,328542,59.66
"super excited day",5,328547,59.66
"super excited wait",5,328552,59.66
"super musicians gonna",5,328557,59.66
"super stoked get",5,328562,59.66
"support divorce tampa",5,328567,59.67
"support guys peoples",5,328572,59.67
"support new music",5,328577,59.67
"support promotion site",5,328582,59.67
"support rush limbaugh",5,328587,59.67
"supporting marriage equality",5,328592,59.67
"sure check follow",5,328597,59.67
"sure check poised",5,328602,59.67
"sure follow events",5,328607,59.67
"sure follow news",5,328612,59.67
"sure follow official",5,328617,59.67
"sure followed follow",5,328622,59.68
"sure get vote",5,328627,59.68
"sure gonna go",5,328632,59.68
"sure gonna try",5,328637,59.68
"sure guys come",5,328642,59.68
"sure join tomorrow",5,328647,59.68
"sure look good",5,328652,59.68
"sure lot people",5,328657,59.68
"sure makes misery",5,328662,59.68
"sure makes sense",5,328667,59.68
"sure thing man",5,328672,59.68
"sure vote today",5,328677,59.69
"sure way get",5,328682,59.69
"surgery bad ugly",5,328687,59.69
"survive intelligent change",5,328692,59.69
"sushi last night",5,328697,59.69
"swag boys class",5,328702,59.69
"swan company new",5,328707,59.69
"sweat determination hard",5,328712,59.69
"sweat practice battle",5,328717,59.69
"sweet dreams good",5,328722,59.69
"sweet georgia brown",5,328727,59.69
"sweets stressed spelled",5,328732,59.7
"sympathy sweat get",5,328737,59.7
"taco bell lunch",5,328742,59.7
"taco bell right",5,328747,59.7
"tag last tweet",5,328752,59.7
"take advantage beautiful",5,328757,59.7
"take advantage get",5,328762,59.7
"take anything away",5,328767,59.7
"take away love",5,328772,59.7
"take away saint",5,328777,59.7
"take big step",5,328782,59.7
"take blue pill",5,328787,59.71
"take cent wings",5,328792,59.71
"take dog walk",5,328797,59.71
"take eyes goals",5,328802,59.71
"take gas station",5,328807,59.71
"take grain salt",5,328812,59.71
"take last tweet",5,328817,59.71
"take leave buddy",5,328822,59.71
"take look book",5,328827,59.71
"take look make",5,328832,59.71
"take look new",5,328837,59.71
"take lots photos",5,328842,59.72
"take lunch break",5,328847,59.72
"take minute ask",5,328852,59.72
"take nice slow",5,328857,59.72
"take responsibility develop",5,328862,59.72
"take ride disco",5,328867,59.72
"take risks generally",5,328872,59.72
"take second follow",5,328877,59.72
"take time love",5,328882,59.72
"take time patience",5,328887,59.72
"take time press",5,328892,59.72
"take time reflect",5,328897,59.73
"take tour chicago",5,328902,59.73
"take ur time",5,328907,59.73
"take way seriously",5,328912,59.73
"takes eyes goal",5,328917,59.73
"takes long get",5,328922,59.73
"takes years build",5,328927,59.73
"taking birth control",5,328932,59.73
"taking candy baby",5,328937,59.73
"taking christmas tree",5,328942,59.73
"taking crazy pills",5,328947,59.73
"taking day day",5,328952,59.74
"taking forever load",5,328957,59.74
"taking matters own",5,328962,59.74
"taking study break",5,328967,59.74
"talent distracted internet",5,328972,59.74
"talent extraordinary things",5,328977,59.74
"talent success doing",5,328982,59.74
"talent wins games",5,328987,59.74
"talented absolutely gorgeous",5,328992,59.74
"talents make great",5,328997,59.74
"talk don think",5,329002,59.74
"talk don want",5,329007,59.75
"talk lucky laugh",5,329012,59.75
"talk www com",5,329017,59.75
"talking brick wall",5,329022,59.75
"talking good position",5,329027,59.75
"talking last week",5,329032,59.75
"tampa friday special",5,329037,59.75
"tanning specials today",5,329042,59.75
"task anything affect",5,329047,59.75
"task seek love",5,329052,59.75
"taste italy event",5,329057,59.75
"tasting kicks today",5,329062,59.76
"tattoos snap backs",5,329067,59.76
"taught entire generation",5,329072,59.76
"tavern best blvd",5,329077,59.76
"tax doing wrong",5,329082,59.76
"tax fine doing",5,329087,59.76
"taylor swift fan",5,329092,59.76
"taylor swift just",5,329097,59.76
"taylor swift songs",5,329102,59.76
"tea ice cream",5,329107,59.76
"tea sip time",5,329112,59.76
"teach high school",5,329117,59.77
"teacher high school",5,329122,59.77
"teacher just said",5,329127,59.77
"teacher just told",5,329132,59.77
"teacher tuesday teachers",5,329137,59.77
"team great day",5,329142,59.77
"team great time",5,329147,59.77
"team great win",5,329152,59.77
"team joining sand",5,329157,59.77
"team last year",5,329162,59.77
"team won games",5,329167,59.77
"tear rising ground",5,329172,59.78
"tear winter summer",5,329177,59.78
"tears get sympathy",5,329182,59.78
"tears worth laughter",5,329187,59.78
"technical co founder",5,329192,59.78
"teen mom season",5,329197,59.78
"teenager michael jackson",5,329202,59.78
"teens tonight biggest",5,329207,59.78
"tell chance win",5,329212,59.78
"tell friends go",5,329217,59.78
"tell last time",5,329222,59.78
"tell look good",5,329227,59.79
"tell love just",5,329232,59.79
"tell love keep",5,329237,59.79
"tell love miss",5,329242,59.79
"tell people go",5,329247,59.79
"tell person says",5,329252,59.79
"tell playground player",5,329257,59.79
"tell screwed mess",5,329262,59.79
"tell secret led",5,329267,59.79
"telling lie best",5,329272,59.79
"tend sigh urge",5,329277,59.79
"tension winners goal",5,329282,59.8
"terrible thing blame",5,329287,59.8
"test wish luck",5,329292,59.8
"texas mist ben",5,329297,59.8
"texas rangers fan",5,329302,59.8
"texas san antonio",5,329307,59.8
"texas setting new",5,329312,59.8
"text don number",5,329317,59.8
"text don reply",5,329322,59.8
"text got number",5,329327,59.8
"text realize reply",5,329332,59.8
"texted last night",5,329337,59.81
"th anniversary tour",5,329342,59.81
"th annual chili",5,329347,59.81
"th annual fest",5,329352,59.81
"th annual festival",5,329357,59.81
"th annual lou",5,329362,59.81
"th annual ruth",5,329367,59.81
"th best record",5,329372,59.81
"th birthday dad",5,329377,59.81
"th birthday day",5,329382,59.81
"th birthday happy",5,329387,59.81
"th birthday little",5,329392,59.82
"th career point",5,329397,59.82
"th check website",5,329402,59.82
"th congressional district",5,329407,59.82
"th follower go",5,329412,59.82
"th grade friends",5,329417,59.82
"th grade got",5,329422,59.82
"th grade like",5,329427,59.82
"th grade reading",5,329432,59.82
"th grade tomorrow",5,329437,59.82
"th hot right",5,329442,59.82
"th july fireworks",5,329447,59.83
"th kentucky derby",5,329452,59.83
"th last night",5,329457,59.83
"th pick draft",5,329462,59.83
"th st ne",5,329467,59.83
"th st rd",5,329472,59.83
"th st st",5,329477,59.83
"th straight season",5,329482,59.83
"th th time",5,329487,59.83
"th tickets available",5,329492,59.83
"th tweet oh",5,329497,59.83
"th tx travel",5,329502,59.84
"thank baby girl",5,329507,59.84
"thank baby love",5,329512,59.84
"thank big shout",5,329517,59.84
"thank checking hope",5,329522,59.84
"thank come soon",5,329527,59.84
"thank everybody came",5,329532,59.84
"thank feel like",5,329537,59.84
"thank follow awesome",5,329542,59.84
"thank follow nice",5,329547,59.84
"thank followers following",5,329552,59.84
"thank followers love",5,329557,59.85
"thank following awesome",5,329562,59.85
"thank following followed",5,329567,59.85
"thank following nice",5,329572,59.85
"thank following sharing",5,329577,59.85
"thank friends family",5,329582,59.85
"thank goodness get",5,329587,59.85
"thank goodness live",5,329592,59.85
"thank great job",5,329597,59.85
"thank hope get",5,329602,59.85
"thank hope like",5,329607,59.85
"thank hope meet",5,329612,59.86
"thank hope new",5,329617,59.86
"thank hosting great",5,329622,59.86
"thank kindly sir",5,329627,59.86
"thank letting day",5,329632,59.86
"thank little bit",5,329637,59.86
"thank love new",5,329642,59.86
"thank love ur",5,329647,59.86
"thank lovely day",5,329652,59.86
"thank newest followers",5,329657,59.86
"thank people came",5,329662,59.86
"thank pretty lady",5,329667,59.87
"thank reading sharing",5,329672,59.87
"thank sending link",5,329677,59.87
"thank sharing appreciate",5,329682,59.87
"thank sharing info",5,329687,59.87
"thank social media",5,329692,59.87
"thank support hope",5,329697,59.87
"thank support means",5,329702,59.87
"thank tweeting article",5,329707,59.87
"thank twitter friends",5,329712,59.87
"thank ur help",5,329717,59.87
"thank waking today",5,329722,59.88
"thank wish best",5,329727,59.88
"thank wished happy",5,329732,59.88
"thankful end having",5,329737,59.88
"thanks artists get",5,329742,59.88
"thanks asking doing",5,329747,59.88
"thanks attended last",5,329752,59.88
"thanks baby love",5,329757,59.88
"thanks btw love",5,329762,59.88
"thanks checking second",5,329767,59.88
"thanks day going",5,329772,59.88
"thanks doll face",5,329777,59.89
"thanks feel better",5,329782,59.89
"thanks follow amy",5,329787,59.89
"thanks follow andrew",5,329792,59.89
"thanks follow believe",5,329797,59.89
"thanks follow checking",5,329802,59.89
"thanks follow dan",5,329807,59.89
"thanks follow digging",5,329812,59.89
"thanks follow find",5,329817,59.89
"thanks follow kevin",5,329822,59.89
"thanks follow lovely",5,329827,59.89
"thanks follow nicole",5,329832,59.9
"thanks follow proud",5,329837,59.9
"thanks follow read",5,329842,59.9
"thanks follow rick",5,329847,59.9
"thanks follow sarah",5,329852,59.9
"thanks follow shout",5,329857,59.9
"thanks follow team",5,329862,59.9
"thanks follow tell",5,329867,59.9
"thanks follow tom",5,329872,59.9
"thanks follow try",5,329877,59.9
"thanks follow want",5,329882,59.9
"thanks follow wish",5,329887,59.91
"thanks following checked",5,329892,59.91
"thanks following club",5,329897,59.91
"thanks following cool",5,329902,59.91
"thanks following design",5,329907,59.91
"thanks following fellow",5,329912,59.91
"thanks following home",5,329917,59.91
"thanks following interested",5,329922,59.91
"thanks following music",5,329927,59.91
"thanks following time",5,329932,59.91
"thanks following tweet",5,329937,59.91
"thanks girl great",5,329942,59.92
"thanks girl just",5,329947,59.92
"thanks glad connected",5,329952,59.92
"thanks glad dig",5,329957,59.92
"thanks glad digging",5,329962,59.92
"thanks glad know",5,329967,59.92
"thanks good news",5,329972,59.92
"thanks good people",5,329977,59.92
"thanks good seeing",5,329982,59.92
"thanks guys coming",5,329987,59.92
"thanks guys follow",5,329992,59.92
"thanks guys support",5,329997,59.93
"thanks happy saturday",5,330002,59.93
"thanks happy tuesday",5,330007,59.93
"thanks having looking",5,330012,59.93
"thanks heads looks",5,330017,59.93
"thanks help getting",5,330022,59.93
"thanks help spreading",5,330027,59.93
"thanks hope going",5,330032,59.93
"thanks hope meet",5,330037,59.93
"thanks joe hope",5,330042,59.93
"thanks just getting",5,330047,59.93
"thanks just like",5,330052,59.94
"thanks kind shout",5,330057,59.94
"thanks kind support",5,330062,59.94
"thanks letting get",5,330067,59.94
"thanks letting hang",5,330072,59.94
"thanks man awesome",5,330077,59.94
"thanks man gotta",5,330082,59.94
"thanks man looking",5,330087,59.94
"thanks man love",5,330092,59.94
"thanks michael appreciate",5,330097,59.94
"thanks new fans",5,330102,59.94
"thanks new friends",5,330107,59.95
"thanks passing word",5,330112,59.95
"thanks pretty lady",5,330117,59.95
"thanks really enjoying",5,330122,59.95
"thanks really glad",5,330127,59.95
"thanks really happy",5,330132,59.95
"thanks really love",5,330137,59.95
"thanks replies mentions",5,330142,59.95
"thanks sis love",5,330147,59.95
"thanks took time",5,330152,59.95
"thanks tweet glad",5,330157,59.95
"thanks tweeters following",5,330162,59.96
"thanks ur help",5,330167,59.96
"thanks ur support",5,330172,59.96
"thanks yesterday great",5,330177,59.96
"thanksgiving thankful family",5,330182,59.96
"thing bucket list",5,330187,59.96
"thing day scares",5,330192,59.96
"thing getting old",5,330197,59.96
"thing got thing",5,330202,59.96
"thing read day",5,330207,59.96
"thing read today",5,330212,59.96
"thing remember time",5,330217,59.97
"thing shall done",5,330222,59.97
"thing working home",5,330227,59.97
"things did today",5,330232,59.97
"things don care",5,330237,59.97
"things don happen",5,330242,59.97
"things get lost",5,330247,59.97
"things get ready",5,330252,59.97
"things going right",5,330257,59.97
"things going today",5,330262,59.97
"things happen go",5,330267,59.97
"things heaven earth",5,330272,59.98
"things keep happening",5,330277,59.98
"things learned today",5,330282,59.98
"things life matter",5,330287,59.98
"things life people",5,330292,59.98
"things life start",5,330297,59.98
"things life uncommon",5,330302,59.98
"things like just",5,330307,59.98
"things provided feeling",5,330312,59.98
"things regret things",5,330317,59.98
"things satisfying seeing",5,330322,59.98
"things start getting",5,330327,59.99
"things start hopes",5,330332,59.99
"things take room",5,330337,59.99
"think account got",5,330342,59.99
"think amazing talented",5,330347,59.99
"think casey anthony",5,330352,59.99
"think future comes",5,330357,59.99
"think go far",5,330362,59.99
"think go play",5,330367,59.99
"think go watch",5,330372,59.99
"think go wrong",5,330377,59.99
"think going enjoy",5,330382,60
"think going give",5,330387,60
"think going really",5,330392,60
"think going tonight",5,330397,60
"think going work",5,330402,60
"think going write",5,330407,60
"think gonna change",5,330412,60
"think gonna come",5,330417,60
"think gonna good",5,330422,60
"think gonna miss",5,330427,60
"think gonna need",5,330432,60
"think good go",5,330437,60.01
"think good times",5,330442,60.01
"think good way",5,330447,60.01
"think got hooked",5,330452,60.01
"think got just",5,330457,60.01
"think got new",5,330462,60.01
"think got right",5,330467,60.01
"think got takes",5,330472,60.01
"think got time",5,330477,60.01
"think herman cain",5,330482,60.01
"think ice cream",5,330487,60.01
"think ill go",5,330492,60.02
"think important think",5,330497,60.02
"think jews live",5,330502,60.02
"think know getting",5,330507,60.02
"think know like",5,330512,60.02
"think know mean",5,330517,60.02
"think left think",5,330522,60.02
"think life hard",5,330527,60.02
"think like think",5,330532,60.02
"think like woman",5,330537,60.02
"think long hard",5,330542,60.02
"think long time",5,330547,60.03
"think looking forward",5,330552,60.03
"think lost way",5,330557,60.03
"think make tomorrow",5,330562,60.03
"think might cry",5,330567,60.03
"think might watch",5,330572,60.03
"think need move",5,330577,60.03
"think need sleep",5,330582,60.03
"think need talk",5,330587,60.03
"think people love",5,330592,60.03
"think people make",5,330597,60.03
"think positive thoughts",5,330602,60.04
"think probably just",5,330607,60.04
"think reason held",5,330612,60.04
"think running round",5,330617,60.04
"think sounds good",5,330622,60.04
"think starting like",5,330627,60.04
"think trying say",5,330632,60.04
"think trying tell",5,330637,60.04
"thinking anyway think",5,330642,60.04
"thinking nap time",5,330647,60.04
"thinking new habits",5,330652,60.04
"thirsty thursday come",5,330657,60.05
"thought getting better",5,330662,60.05
"thought id let",5,330667,60.05
"thought id share",5,330672,60.05
"thought pretty great",5,330677,60.05
"thought thought child",5,330682,60.05
"thoughts happy thoughts",5,330687,60.05
"thoughts thinks becomes",5,330692,60.05
"threat justice martin",5,330697,60.05
"threw air worst",5,330702,60.05
"threw perfect game",5,330707,60.05
"thrilling acted hunger",5,330712,60.06
"throwing gets burned",5,330717,60.06
"thunder james harden",5,330722,60.06
"thurs pm free",5,330727,60.06
"thursday feels like",5,330732,60.06
"thursday going great",5,330737,60.06
"thursdays dj hump",5,330742,60.06
"thursdays laugh factory",5,330747,60.06
"tickets chance win",5,330752,60.06
"tickets looking forward",5,330757,60.06
"tickets message wanna",5,330762,60.06
"tie likes chris",5,330767,60.07
"tigers opening day",5,330772,60.07
"tight say know",5,330777,60.07
"till boyfriend comes",5,330782,60.07
"till go sleep",5,330787,60.07
"till self included",5,330792,60.07
"till spring ball",5,330797,60.07
"tim burton movies",5,330802,60.07
"tim duncan points",5,330807,60.07
"time actually get",5,330812,60.07
"time away work",5,330817,60.07
"time bay area",5,330822,60.08
"time coffee shop",5,330827,60.08
"time day time",5,330832,60.08
"time don feel",5,330837,60.08
"time don give",5,330842,60.08
"time don make",5,330847,60.08
"time follow hope",5,330852,60.08
"time forces appreciate",5,330857,60.08
"time glass wine",5,330862,60.08
"time gonna try",5,330867,60.08
"time henry ford",5,330872,60.08
"time influential people",5,330877,60.09
"time just arrived",5,330882,60.09
"time just keep",5,330887,60.09
"time just stop",5,330892,60.09
"time just time",5,330897,60.09
"time last days",5,330902,60.09
"time learn new",5,330907,60.09
"time little man",5,330912,60.09
"time live chat",5,330917,60.09
"time love intervention",5,330922,60.09
"time make dinner",5,330927,60.09
"time make move",5,330932,60.1
"time make plans",5,330937,60.1
"time make right",5,330942,60.1
"time make time",5,330947,60.1
"time monday night",5,330952,60.1
"time mothers day",5,330957,60.1
"time part time",5,330962,60.1
"time pm ct",5,330967,60.1
"time pm est",5,330972,60.1
"time pm pm",5,330977,60.1
"time pretty good",5,330982,60.1
"time ready get",5,330987,60.11
"time run errands",5,330992,60.11
"time school tomorrow",5,330997,60.11
"time sit watch",5,331002,60.11
"time spend family",5,331007,60.11
"time start cooking",5,331012,60.11
"time start looking",5,331017,60.11
"time start studying",5,331022,60.11
"time things work",5,331027,60.11
"time time just",5,331032,60.11
"time time worth",5,331037,60.11
"time today great",5,331042,60.12
"time today just",5,331047,60.12
"time today thanks",5,331052,60.12
"time trying figure",5,331057,60.12
"time trying find",5,331062,60.12
"time use experience",5,331067,60.12
"time using twitter",5,331072,60.12
"time year love",5,331077,60.12
"time year old",5,331082,60.12
"time year time",5,331087,60.12
"timeline won load",5,331092,60.12
"times festival books",5,331097,60.13
"times get follow",5,331102,60.13
"times get rough",5,331107,60.13
"times make sure",5,331112,60.13
"times people don",5,331117,60.13
"tiny efforts sees",5,331122,60.13
"tip concert announcements",5,331127,60.13
"tip did know",5,331132,60.13
"tip don get",5,331137,60.13
"tip insist writing",5,331142,60.13
"tip just got",5,331147,60.13
"tips delicious easy",5,331152,60.13
"tips feel free",5,331157,60.14
"tips free resume",5,331162,60.14
"tired don feel",5,331167,60.14
"tired get home",5,331172,60.14
"tired get sleep",5,331177,60.14
"tired need nap",5,331182,60.14
"titanic big screen",5,331187,60.14
"toast salad choice",5,331192,60.14
"today anyone going",5,331197,60.14
"today anyone want",5,331202,60.14
"today city hall",5,331207,60.14
"today come eat",5,331212,60.15
"today come grab",5,331217,60.15
"today come hear",5,331222,60.15
"today come watch",5,331227,60.15
"today day don",5,331232,60.15
"today day find",5,331237,60.15
"today day happy",5,331242,60.15
"today day hope",5,331247,60.15
"today day life",5,331252,60.15
"today day make",5,331257,60.15
"today day mountain",5,331262,60.15
"today day summer",5,331267,60.16
"today day wish",5,331272,60.16
"today definitely going",5,331277,60.16
"today doing work",5,331282,60.16
"today election day",5,331287,60.16
"today felt great",5,331292,60.16
"today full day",5,331297,60.16
"today get happy",5,331302,60.16
"today going interesting",5,331307,60.16
"today going make",5,331312,60.16
"today going rough",5,331317,60.16
"today going stop",5,331322,60.17
"today going sweep",5,331327,60.17
"today good got",5,331332,60.17
"today got done",5,331337,60.17
"today got things",5,331342,60.17
"today gotta go",5,331347,60.17
"today great group",5,331352,60.17
"today great news",5,331357,60.17
"today great work",5,331362,60.17
"today guys rock",5,331367,60.17
"today happy monday",5,331372,60.17
"today happy new",5,331377,60.18
"today hard work",5,331382,60.18
"today having fun",5,331387,60.18
"today highly recommend",5,331392,60.18
"today home opener",5,331397,60.18
"today hope feel",5,331402,60.18
"today international day",5,331407,60.18
"today just awful",5,331412,60.18
"today just saw",5,331417,60.18
"today just work",5,331422,60.18
"today little bit",5,331427,60.18
"today love days",5,331432,60.19
"today makes happy",5,331437,60.19
"today mention ad",5,331442,60.19
"today music video",5,331447,60.19
"today nd anniversary",5,331452,60.19
"today oldest youngest",5,331457,60.19
"today open tomorrow",5,331462,60.19
"today pick strain",5,331467,60.19
"today pm central",5,331472,60.19
"today pm new",5,331477,60.19
"today probably best",5,331482,60.19
"today sandwich ham",5,331487,60.2
"today sandwich tuna",5,331492,60.2
"today soups chicken",5,331497,60.2
"today star wars",5,331502,60.2
"today starting feel",5,331507,60.2
"today sunny warm",5,331512,60.2
"today thanks great",5,331517,60.2
"today thanks having",5,331522,60.2
"today thanks help",5,331527,60.2
"today thanks making",5,331532,60.2
"today tomorrow going",5,331537,60.2
"today twitter special",5,331542,60.21
"today use code",5,331547,60.21
"today wanna go",5,331552,60.21
"today yr old",5,331557,60.21
"tokyo police club",5,331562,60.21
"told myself going",5,331567,60.21
"told tell anyone",5,331572,60.21
"tomato sugar free",5,331577,60.21
"tomorrow doubts today",5,331582,60.21
"tomorrow fingers crossed",5,331587,60.21
"tomorrow game vs",5,331592,60.21
"tomorrow look like",5,331597,60.22
"tomorrow morning good",5,331602,60.22
"tomorrow morning great",5,331607,60.22
"tomorrow morning love",5,331612,60.22
"tomorrow morning starting",5,331617,60.22
"tomorrow morning thanks",5,331622,60.22
"tomorrow pm st",5,331627,60.22
"tomorrow pm stop",5,331632,60.22
"tomorrow saturday sunday",5,331637,60.22
"tomorrow starts new",5,331642,60.22
"tomorrow starts pm",5,331647,60.22
"tomorrow stop booth",5,331652,60.23
"tomorrow stop check",5,331657,60.23
"tomorrow valentine day",5,331662,60.23
"tomorrow winner tune",5,331667,60.23
"tonight anyone wants",5,331672,60.23
"tonight arrive early",5,331677,60.23
"tonight better get",5,331682,60.23
"tonight bistro featuring",5,331687,60.23
"tonight board meeting",5,331692,60.23
"tonight come early",5,331697,60.23
"tonight come visit",5,331702,60.23
"tonight follow eligible",5,331707,60.24
"tonight get excited",5,331712,60.24
"tonight going awesome",5,331717,60.24
"tonight going fun",5,331722,60.24
"tonight going tomorrow",5,331727,60.24
"tonight going watch",5,331732,60.24
"tonight great turnout",5,331737,60.24
"tonight great weekend",5,331742,60.24
"tonight hear new",5,331747,60.24
"tonight hoping get",5,331752,60.24
"tonight kansas city",5,331757,60.24
"tonight maybe tomorrow",5,331762,60.25
"tonight open pm",5,331767,60.25
"tonight opening night",5,331772,60.25
"tonight partly cloudy",5,331777,60.25
"tonight polish hall",5,331782,60.25
"tonight private party",5,331787,60.25
"tonight th anniversary",5,331792,60.25
"tonight way long",5,331797,60.25
"tony lead actor",5,331802,60.25
"took days get",5,331807,60.25
"took minutes find",5,331812,60.25
"took place last",5,331817,60.26
"took time make",5,331822,60.26
"topic brands future",5,331827,60.26
"tore playing basketball",5,331832,60.26
"torn improve world",5,331837,60.26
"torn probably season",5,331842,60.26
"totally agree best",5,331847,60.26
"totally fine just",5,331852,60.26
"totally need get",5,331857,60.26
"touch true self",5,331862,60.26
"touch woman drive",5,331867,60.26
"tough day today",5,331872,60.27
"touring like breathing",5,331877,60.27
"tower righteous run",5,331882,60.27
"town washed friends",5,331887,60.27
"towns come dispatch",5,331892,60.27
"track www com",5,331897,60.27
"tracks hip hop",5,331902,60.27
"traffic alert john",5,331907,60.27
"traffic alert lanes",5,331912,60.27
"traffic alert right",5,331917,60.27
"traffic alert semi",5,331922,60.27
"trailer coming soon",5,331927,60.28
"training half marathon",5,331932,60.28
"training new job",5,331937,60.28
"training san diego",5,331942,60.28
"training www com",5,331947,60.28
"travel world find",5,331952,60.28
"treat way treat",5,331957,60.28
"treat way want",5,331962,60.28
"treats like toxic",5,331967,60.28
"tree years ago",5,331972,60.28
"tribute michael jackson",5,331977,60.28
"tried act like",5,331982,60.29
"tried best lesson",5,331987,60.29
"tried mae west",5,331992,60.29
"tried matter try",5,331997,60.29
"tried take away",5,332002,60.29
"trilogy ranked number",5,332007,60.29
"triumph evil good",5,332012,60.29
"trivia night pm",5,332017,60.29
"trivia question day",5,332022,60.29
"true good point",5,332027,60.29
"true hollywood story",5,332032,60.29
"true life just",5,332037,60.3
"true looks like",5,332042,60.3
"true love ghosts",5,332047,60.3
"true love story",5,332052,60.3
"true self must",5,332057,60.3
"true story get",5,332062,60.3
"truly amazed great",5,332067,60.3
"trust know live",5,332072,60.3
"trust look serve",5,332077,60.3
"trust mr painting",5,332082,60.3
"truth hurts heal",5,332087,60.3
"truth voice shakes",5,332092,60.31
"try btw follow",5,332097,60.31
"try follow people",5,332102,60.31
"try get attention",5,332107,60.31
"try get done",5,332112,60.31
"try get home",5,332117,60.31
"try just don",5,332122,60.31
"try make best",5,332127,60.31
"try make better",5,332132,60.31
"try make game",5,332137,60.31
"try make smile",5,332142,60.31
"try make work",5,332147,60.32
"try make year",5,332152,60.32
"try new today",5,332157,60.32
"trying convince parents",5,332162,60.32
"trying eat healthier",5,332167,60.32
"trying figure exactly",5,332172,60.32
"trying figure good",5,332177,60.32
"trying figure new",5,332182,60.32
"trying figure people",5,332187,60.32
"trying find people",5,332192,60.32
"trying find place",5,332197,60.32
"trying fix broken",5,332202,60.33
"trying look rich",5,332207,60.33
"trying make cry",5,332212,60.33
"trying make jealous",5,332217,60.33
"trying make myself",5,332222,60.33
"trying make people",5,332227,60.33
"trying take care",5,332232,60.33
"trying take world",5,332237,60.33
"trying think good",5,332242,60.33
"tucson festival books",5,332247,60.33
"tues texas mist",5,332252,60.33
"tuesday december th",5,332257,60.34
"tuesday july th",5,332262,60.34
"tuesday october th",5,332267,60.34
"tuesday pm pm",5,332272,60.34
"tuesday stay tuned",5,332277,60.34
"tuesday tweets transform",5,332282,60.34
"tune chance win",5,332287,60.34
"tune pm pm",5,332292,60.34
"tune radio app",5,332297,60.34
"tune tomorrow pm",5,332302,60.34
"tune tonight hear",5,332307,60.34
"tunes www com",5,332312,60.35
"turkey pumpkin pie",5,332317,60.35
"turn bright eyes",5,332322,60.35
"turn casino lucky",5,332327,60.35
"turn dreams reality",5,332332,60.35
"turn hands time",5,332337,60.35
"turn radio hear",5,332342,60.35
"turn right right",5,332347,60.35
"turning heads walk",5,332352,60.35
"turning invisible visible",5,332357,60.35
"tv post twitter",5,332362,60.35
"tweet chat tonight",5,332367,60.36
"tweet entered win",5,332372,60.36
"tweet hope having",5,332377,60.36
"tweet let begin",5,332382,60.36
"tweet new soon",5,332387,60.36
"tweet new twitter",5,332392,60.36
"tweet post facebook",5,332397,60.36
"tweet reads tweet",5,332402,60.36
"tweet thanks good",5,332407,60.36
"tweet things like",5,332412,60.36
"tweet tweet don",5,332417,60.36
"tweet tweet let",5,332422,60.37
"tweeted like days",5,332427,60.37
"tweeters following pc",5,332432,60.37
"tweeting eric family",5,332437,60.37
"tweeting like crazy",5,332442,60.37
"tweets advertising products",5,332447,60.37
"tweets earlier today",5,332452,60.37
"tweets keep em",5,332457,60.37
"twilight zone marathon",5,332462,60.37
"twist ice cream",5,332467,60.37
"twitter account followers",5,332472,60.37
"twitter account let",5,332477,60.38
"twitter account love",5,332482,60.38
"twitter account thanks",5,332487,60.38
"twitter did know",5,332492,60.38
"twitter facebook kids",5,332497,60.38
"twitter feed thanks",5,332502,60.38
"twitter finishing good",5,332507,60.38
"twitter followers going",5,332512,60.38
"twitter following limit",5,332517,60.38
"twitter going bed",5,332522,60.38
"twitter going tweet",5,332527,60.38
"twitter good morning",5,332532,60.39
"twitter great place",5,332537,60.39
"twitter great weekend",5,332542,60.39
"twitter happy hump",5,332547,60.39
"twitter just gonna",5,332552,60.39
"twitter just tell",5,332557,60.39
"twitter just tweet",5,332562,60.39
"twitter make sure",5,332567,60.39
"twitter nice meet",5,332572,60.39
"twitter order get",5,332577,60.39
"twitter party pm",5,332582,60.39
"twitter promotion url",5,332587,60.4
"twitter radio haven",5,332592,60.4
"twitter says follow",5,332597,60.4
"twitter suggest follow",5,332602,60.4
"twitter suggested follow",5,332607,60.4
"twitter tweet tweet",5,332612,60.4
"tx send resume",5,332617,60.4
"type ii diabetes",5,332622,60.4
"typing trainer app",5,332627,60.4
"ugh need go",5,332632,60.4
"ugh people just",5,332637,60.4
"uh oh game",5,332642,60.41
"uh oh sound",5,332647,60.41
"uh oh sounds",5,332652,60.41
"ultimately quality lives",5,332657,60.41
"ultra lounge tonight",5,332662,60.41
"um austin got",5,332667,60.41
"umbrella fair weather",5,332672,60.41
"uncle marine corps",5,332677,60.41
"underground hip hop",5,332682,60.41
"understand social media",5,332687,60.41
"unexpected person unexpected",5,332692,60.41
"unfortunately don think",5,332697,60.42
"unfortunately looks like",5,332702,60.42
"unfortunately losing vince",5,332707,60.42
"unique artists sure",5,332712,60.42
"unique own way",5,332717,60.42
"united states national",5,332722,60.42
"universal health care",5,332727,60.42
"universal music group",5,332732,60.42
"universe certain improving",5,332737,60.42
"unless intend forever",5,332742,60.42
"unless like doing",5,332747,60.42
"updated website www",5,332752,60.43
"upper middle class",5,332757,60.43
"upper midwest great",5,332762,60.43
"ups push ups",5,332767,60.43
"ups sit ups",5,332772,60.43
"ur dreams come",5,332777,60.43
"ur eyes open",5,332782,60.43
"ur family guys",5,332787,60.43
"ur favorite song",5,332792,60.43
"ur hands fall",5,332797,60.43
"ur having good",5,332802,60.43
"ur just like",5,332807,60.44
"urban flight apparel",5,332812,60.44
"urging pass jobs",5,332817,60.44
"usa pro cycling",5,332822,60.44
"use both hands",5,332827,60.44
"use grow business",5,332832,60.44
"use hashtag join",5,332837,60.44
"use hashtag let",5,332842,60.44
"use help get",5,332847,60.44
"use liquid soap",5,332852,60.44
"use little bit",5,332857,60.44
"use twitter app",5,332862,60.45
"use twitter marketing",5,332867,60.45
"use twitter post",5,332872,60.45
"used go school",5,332877,60.45
"used go time",5,332882,60.45
"used make fun",5,332887,60.45
"used say time",5,332892,60.45
"used twitter thing",5,332897,60.45
"user experience design",5,332902,60.45
"using promo code",5,332907,60.45
"using word describe",5,332912,60.45
"using word think",5,332917,60.46
"usually makes think",5,332922,60.46
"valentine day men",5,332927,60.46
"valentine day single",5,332932,60.46
"valentine day specials",5,332937,60.46
"valentine speed dating",5,332942,60.46
"valentines day beautiful",5,332947,60.46
"valentines day don",5,332952,60.46
"valentines day share",5,332957,60.46
"valentines day special",5,332962,60.46
"valentines day today",5,332967,60.46
"valentines day tomorrow",5,332972,60.47
"valentines day twitter",5,332977,60.47
"value moment becomes",5,332982,60.47
"value watch batteries",5,332987,60.47
"vegan purple potato",5,332992,60.47
"vegan sugar free",5,332997,60.47
"vegas hard rock",5,333002,60.47
"vegas www com",5,333007,60.47
"versus tea party",5,333012,60.47
"veteran teenager michael",5,333017,60.47
"victory knows victory",5,333022,60.47
"video go www",5,333027,60.48
"video great job",5,333032,60.48
"video just got",5,333037,60.48
"video looked like",5,333042,60.48
"video new single",5,333047,60.48
"video social media",5,333052,60.48
"video www info",5,333057,60.48
"videos let know",5,333062,60.48
"viewing party fri",5,333067,60.48
"vikings stadium debate",5,333072,60.48
"vince young buffalo",5,333077,60.48
"vinyl hours radio",5,333082,60.49
"violent revolution inevitable",5,333087,60.49
"virginia weather cloudy",5,333092,60.49
"virtual waiting room",5,333097,60.49
"vision limits world",5,333102,60.49
"vision thomas edison",5,333107,60.49
"visit http www",5,333112,60.49
"visit looking forward",5,333117,60.49
"visit myspace com",5,333122,60.49
"visiting www com",5,333127,60.49
"vital principle bliss",5,333132,60.49
"vocal warm ups",5,333137,60.5
"voice vincent van",5,333142,60.5
"volunteers needed help",5,333147,60.5
"vote smart tee",5,333152,60.5
"voted arts fest",5,333157,60.5
"voter registration drive",5,333162,60.5
"voting trying keep",5,333167,60.5
"wagon springs road",5,333172,60.5
"wait boyfriend music",5,333177,60.5
"wait episode btw",5,333182,60.5
"wait gonna epic",5,333187,60.5
"wait good luck",5,333192,60.51
"wait good thing",5,333197,60.51
"wait hear good",5,333202,60.51
"wait hear sing",5,333207,60.51
"wait little longer",5,333212,60.51
"wait move house",5,333217,60.51
"wait new episodes",5,333222,60.51
"wait party weekend",5,333227,60.51
"wait release new",5,333232,60.51
"wait right time",5,333237,60.51
"wait san diego",5,333242,60.51
"wait time just",5,333247,60.52
"wait tomorrow going",5,333252,60.52
"wait work new",5,333257,60.52
"waiting follow yes",5,333262,60.52
"waiting game start",5,333267,60.52
"waiting hunger games",5,333272,60.52
"waiting like waiting",5,333277,60.52
"waiting shoe drop",5,333282,60.52
"waiting storms pass",5,333287,60.52
"wake go go",5,333292,60.52
"wake pray lord",5,333297,60.52
"wake turn news",5,333302,60.53
"walk away everyday",5,333307,60.53
"walk away say",5,333312,60.53
"walk children health",5,333317,60.53
"walk fine line",5,333322,60.53
"walk remember movie",5,333327,60.53
"walk talk spend",5,333332,60.53
"walking home school",5,333337,60.53
"walks bar says",5,333342,60.53
"wall st versus",5,333347,60.53
"wall tear wall",5,333352,60.53
"wanna feel heat",5,333357,60.54
"wanna get early",5,333362,60.54
"wanna get house",5,333367,60.54
"wanna get hurt",5,333372,60.54
"wanna know get",5,333377,60.54
"wanna know going",5,333382,60.54
"wanna know know",5,333387,60.54
"wanna know make",5,333392,60.54
"wanna lose lbs",5,333397,60.54
"wanna ride ride",5,333402,60.54
"wanna spend money",5,333407,60.54
"wanna spend time",5,333412,60.55
"want anywhere near",5,333417,60.55
"want attention want",5,333422,60.55
"want believe tour",5,333427,60.55
"want birthday cake",5,333432,60.55
"want bring anything",5,333437,60.55
"want chat send",5,333442,60.55
"want come soon",5,333447,60.55
"want come watch",5,333452,60.55
"want day end",5,333457,60.55
"want fall love",5,333462,60.55
"want follow go",5,333467,60.56
"want follow love",5,333472,60.56
"want gift card",5,333477,60.56
"want give new",5,333482,60.56
"want grab drink",5,333487,60.56
"want hear email",5,333492,60.56
"want hear music",5,333497,60.56
"want hear sing",5,333502,60.56
"want hear stories",5,333507,60.56
"want ice water",5,333512,60.56
"want just anyone",5,333517,60.56
"want just lay",5,333522,60.57
"want just say",5,333527,60.57
"want make facebook",5,333532,60.57
"want meet guys",5,333537,60.57
"want meet someday",5,333542,60.57
"want person best",5,333547,60.57
"want person happy",5,333552,60.57
"want purpose life",5,333557,60.57
"want relationship people",5,333562,60.57
"want ride want",5,333567,60.57
"want school end",5,333572,60.57
"want take away",5,333577,60.58
"want talk anymore",5,333582,60.58
"want talk text",5,333587,60.58
"want today go",5,333592,60.58
"want want don",5,333597,60.58
"want want loved",5,333602,60.58
"want world cause",5,333607,60.58
"want world peace",5,333612,60.58
"wanted come home",5,333617,60.58
"wanted say big",5,333622,60.58
"wanted say great",5,333627,60.58
"wanted watch movie",5,333632,60.59
"wanting go home",5,333637,60.59
"wanting waste person",5,333642,60.59
"wants go avengers",5,333647,60.59
"wants go game",5,333652,60.59
"wants go outside",5,333657,60.59
"wants hear new",5,333662,60.59
"wants himself get",5,333667,60.59
"wants just means",5,333672,60.59
"war does determine",5,333677,60.59
"war easy begin",5,333682,60.59
"warm fuzzy feelings",5,333687,60.6
"warm pizza box",5,333692,60.6
"warm rest life",5,333697,60.6
"warm welcome newest",5,333702,60.6
"warner cable arena",5,333707,60.6
"wars star trek",5,333712,60.6
"washington dc today",5,333717,60.6
"washington redskins end",5,333722,60.6
"washington redskins rd",5,333727,60.6
"waste time get",5,333732,60.6
"waste time getting",5,333737,60.6
"waste time hating",5,333742,60.61
"waste time use",5,333747,60.61
"watch anderson cooper",5,333752,60.61
"watch big game",5,333757,60.61
"watch favorite movie",5,333762,60.61
"watch football game",5,333767,60.61
"watch game anymore",5,333772,60.61
"watch game time",5,333777,60.61
"watch good movie",5,333782,60.61
"watch high school",5,333787,60.61
"watch hockey game",5,333792,60.61
"watch idol tonight",5,333797,60.62
"watch make break",5,333802,60.62
"watch ohio state",5,333807,60.62
"watch people discover",5,333812,60.62
"watch president obama",5,333817,60.62
"watch royal wedding",5,333822,60.62
"watch tree hill",5,333827,60.62
"watch tv day",5,333832,60.62
"watch tv just",5,333837,60.62
"watch yr old",5,333842,60.62
"watched breaking dawn",5,333847,60.62
"watching america model",5,333852,60.63
"watching ball drop",5,333857,60.63
"watching baseball game",5,333862,60.63
"watching best ink",5,333867,60.63
"watching big screen",5,333872,60.63
"watching bulls play",5,333877,60.63
"watching frozen planet",5,333882,60.63
"watching game like",5,333887,60.63
"watching good movie",5,333892,60.63
"watching gossip girl",5,333897,60.63
"watching idol time",5,333902,60.63
"watching live stream",5,333907,60.64
"watching movie eating",5,333912,60.64
"watching music video",5,333917,60.64
"watching royal wedding",5,333922,60.64
"watching source code",5,333927,60.64
"watching star game",5,333932,60.64
"watching sweet home",5,333937,60.64
"watching tv like",5,333942,60.64
"watching tv listening",5,333947,60.64
"watching youtube video",5,333952,60.64
"water drink beer",5,333957,60.64
"waves pound sand",5,333962,60.65
"way abraham lincoln",5,333967,60.65
"way awesome love",5,333972,60.65
"way better did",5,333977,60.65
"way better last",5,333982,60.65
"way celebrate st",5,333987,60.65
"way change past",5,333992,60.65
"way command attention",5,333997,60.65
"way discover limits",5,334002,60.65
"way follow follow",5,334007,60.65
"way get anything",5,334012,60.65
"way get bored",5,334017,60.66
"way get paid",5,334022,60.66
"way happy birthday",5,334027,60.66
"way home day",5,334032,60.66
"way home got",5,334037,60.66
"way home long",5,334042,60.66
"way home school",5,334047,60.66
"way kick season",5,334052,60.66
"way last year",5,334057,60.66
"way make smile",5,334062,60.66
"way makes want",5,334067,60.66
"way school just",5,334072,60.67
"way school morning",5,334077,60.67
"way start spring",5,334082,60.67
"way stay connected",5,334087,60.67
"way unique artists",5,334092,60.67
"way use twitter",5,334097,60.67
"way washington dc",5,334102,60.67
"way work day",5,334107,60.67
"way work got",5,334112,60.67
"way wrong think",5,334117,60.67
"way wrong way",5,334122,60.67
"ways says yes",5,334127,60.68
"weak means strong",5,334132,60.68
"wear cowboy boots",5,334137,60.68
"wear jeans today",5,334142,60.68
"wear make look",5,334147,60.68
"wearing jeans today",5,334152,60.68
"wearing seat belt",5,334157,60.68
"wearing white dress",5,334162,60.68
"weather ask begins",5,334167,60.68
"weather great day",5,334172,60.68
"weather makes sleepy",5,334177,60.68
"web demo pm",5,334182,60.69
"web graphic design",5,334187,60.69
"web site launched",5,334192,60.69
"web site soon",5,334197,60.69
"web tip day",5,334202,60.69
"website dot latest",5,334207,60.69
"website looks good",5,334212,60.69
"website today www",5,334217,60.69
"websites www com",5,334222,60.69
"wed jan th",5,334227,60.69
"wed pm est",5,334232,60.69
"wed pm get",5,334237,60.7
"wednesday cloudy morning",5,334242,60.7
"wednesday dj mike",5,334247,60.7
"wednesday feels like",5,334252,60.7
"wednesday half way",5,334257,60.7
"wednesday hump day",5,334262,60.7
"wednesday pm wednesday",5,334267,60.7
"week anyone want",5,334272,60.7
"week best week",5,334277,60.7
"week happy friday",5,334282,60.7
"week home selling",5,334287,60.7
"week oh yeah",5,334292,60.71
"week ready weekend",5,334297,60.71
"week special guest",5,334302,60.71
"week start new",5,334307,60.71
"week thursday friday",5,334312,60.71
"week try get",5,334317,60.71
"weekend did get",5,334322,60.71
"weekend did go",5,334327,60.71
"weekend did think",5,334332,60.71
"weekend don want",5,334337,60.71
"weekend las vegas",5,334342,60.71
"weekend long com",5,334347,60.72
"weekend ready get",5,334352,60.72
"weekend safe travels",5,334357,60.72
"weekend sounds like",5,334362,60.72
"weekend starts today",5,334367,60.72
"weekend went way",5,334372,60.72
"weekend work tomorrow",5,334377,60.72
"weeks ago did",5,334382,60.72
"weeks ago good",5,334387,60.72
"weeks ago got",5,334392,60.72
"weeks ago haven",5,334397,60.72
"weeks ago think",5,334402,60.73
"weeks feel like",5,334407,60.73
"weeks hard work",5,334412,60.73
"weeks high school",5,334417,60.73
"weighed lost lbs",5,334422,60.73
"weight loss goals",5,334427,60.73
"weight loss surgery",5,334432,60.73
"weight turn head",5,334437,60.73
"welcome follow thanks",5,334442,60.73
"welcome growing consensus",5,334447,60.73
"welcome just got",5,334452,60.73
"welcome las vegas",5,334457,60.74
"welcome new returning",5,334462,60.74
"welcome thanks coming",5,334467,60.74
"welcome twitter check",5,334472,60.74
"welcome twitter don",5,334477,60.74
"welcome twitter friend",5,334482,60.74
"welcome twitter let",5,334487,60.74
"welcome twitter looking",5,334492,60.74
"went concert last",5,334497,60.74
"went crazy bullying",5,334502,60.74
"went hunger games",5,334507,60.74
"went live today",5,334512,60.75
"went really fast",5,334517,60.75
"went wrong way",5,334522,60.75
"west coast dates",5,334527,60.75
"west coast east",5,334532,60.75
"west coast make",5,334537,60.75
"wet shirt contest",5,334542,60.75
"wet waiting tourists",5,334547,60.75
"whats twitter world",5,334552,60.75
"whats weather like",5,334557,60.75
"whisk reputation feedback",5,334562,60.75
"white chocolate chocolate",5,334567,60.76
"white full stage",5,334572,60.76
"white house says",5,334577,60.76
"white memorial day",5,334582,60.76
"whitney houston age",5,334587,60.76
"whitney houston missed",5,334592,60.76
"whitney houston passing",5,334597,60.76
"whitney houston rest",5,334602,60.76
"whitney houston rip",5,334607,60.76
"whitney houston today",5,334612,60.76
"whoa just realized",5,334617,60.76
"wicked witch west",5,334622,60.77
"wide world love",5,334627,60.77
"wife said thing",5,334632,60.77
"wild canyon games",5,334637,60.77
"wild last night",5,334642,60.77
"wild saturday night",5,334647,60.77
"william carlos williams",5,334652,60.77
"willing dare sure",5,334657,60.77
"willing take risks",5,334662,60.77
"win free bottle",5,334667,60.77
"win free dell",5,334672,60.77
"win free ticket",5,334677,60.78
"win game win",5,334682,60.78
"win good game",5,334687,60.78
"win main event",5,334692,60.78
"win nba finals",5,334697,60.78
"win new question",5,334702,60.78
"win prize pack",5,334707,60.78
"win super bowls",5,334712,60.78
"win tonight celtics",5,334717,60.78
"win tonight let",5,334722,60.78
"win vip seats",5,334727,60.78
"win vip tickets",5,334732,60.79
"window block world",5,334737,60.79
"windows movie maker",5,334742,60.79
"winds long play",5,334747,60.79
"winds mph chance",5,334752,60.79
"wine beer cocktails",5,334757,60.79
"wine constant proof",5,334762,60.79
"wine dine wisconsin",5,334767,60.79
"wings learn fly",5,334772,60.79
"winner announced friday",5,334777,60.79
"winner announced today",5,334782,60.79
"winner tune win",5,334787,60.8
"winning free salt",5,334792,60.8
"winter stay tuned",5,334797,60.8
"wisconsin film festival",5,334802,60.8
"wisconsin supreme court",5,334807,60.8
"wise mature people",5,334812,60.8
"wise old man",5,334817,60.8
"wise pc help",5,334822,60.8
"wish best good",5,334827,60.8
"wish better jim",5,334832,60.8
"wish cool like",5,334837,60.8
"wish go concert",5,334842,60.81
"wish go tonight",5,334847,60.81
"wish go year",5,334852,60.81
"wish great time",5,334857,60.81
"wish guys like",5,334862,60.81
"wish happy holiday",5,334867,60.81
"wish happy st",5,334872,60.81
"wish hours day",5,334877,60.81
"wish known earlier",5,334882,60.81
"wish luck hope",5,334887,60.81
"wish luck thanks",5,334892,60.81
"wish luck xx",5,334897,60.82
"wish money buy",5,334902,60.82
"wish push go",5,334907,60.82
"wish sing like",5,334912,60.82
"wish spring break",5,334917,60.82
"wish stay bed",5,334922,60.82
"wish stop calling",5,334927,60.82
"wish wood like",5,334932,60.82
"wish world peace",5,334937,60.82
"wished happy day",5,334942,60.82
"wished happy mothers",5,334947,60.82
"wishes happy holiday",5,334952,60.83
"wishing everybody happy",5,334957,60.83
"wishing healthy happy",5,334962,60.83
"wit long way",5,334967,60.83
"woke feeling good",5,334972,60.83
"woman drive crazy",5,334977,60.83
"woman just said",5,334982,60.83
"woman obsessed average",5,334987,60.83
"women business conference",5,334992,60.83
"women check day",5,334997,60.83
"women depressed eat",5,335002,60.83
"women need reason",5,335007,60.84
"women peaks just",5,335012,60.84
"women seldom make",5,335017,60.84
"won change mind",5,335022,60.84
"won feel bad",5,335027,60.84
"won get sleep",5,335032,60.84
"won kentucky derby",5,335037,60.84
"won let anything",5,335042,60.84
"won let happen",5,335047,60.84
"won let touch",5,335052,60.84
"won mean anything",5,335057,60.84
"won rd place",5,335062,60.85
"won soccer game",5,335067,60.85
"won take long",5,335072,60.85
"won tell anything",5,335077,60.85
"wonder doing right",5,335082,60.85
"wonder gonna win",5,335087,60.85
"wonder insight acting",5,335092,60.85
"wonder police bikes",5,335097,60.85
"wonder years netflix",5,335102,60.85
"wonderful people life",5,335107,60.85
"wonderful social media",5,335112,60.85
"wonderful things happening",5,335117,60.86
"word boring people",5,335122,60.86
"word count today",5,335127,60.86
"word use describe",5,335132,60.86
"words don mean",5,335137,60.86
"work bad idea",5,335142,60.86
"work day let",5,335147,60.86
"work day long",5,335152,60.86
"work day time",5,335157,60.86
"work day week",5,335162,60.86
"work done house",5,335167,60.86
"work end larry",5,335172,60.87
"work extraordinary man",5,335177,60.87
"work friday saturday",5,335182,60.87
"work get rid",5,335187,60.87
"work guys doing",5,335192,60.87
"work just don",5,335197,60.87
"work just go",5,335202,60.87
"work later tonight",5,335207,60.87
"work letter word",5,335212,60.87
"work mothers day",5,335217,60.87
"work nice day",5,335222,60.87
"work own salvation",5,335227,60.87
"work san diego",5,335232,60.88
"work send email",5,335237,60.88
"work slide swing",5,335242,60.88
"work super early",5,335247,60.88
"work thomas jefferson",5,335252,60.88
"work today guess",5,335257,60.88
"work today oh",5,335262,60.88
"work tomorrow just",5,335267,60.88
"work twitter account",5,335272,60.88
"work wait get",5,335277,60.88
"work week did",5,335282,60.88
"work work get",5,335287,60.89
"work working hard",5,335292,60.89
"worked hours week",5,335297,60.89
"worked jo book",5,335302,60.89
"worked last year",5,335307,60.89
"working hard making",5,335312,60.89
"working hours today",5,335317,60.89
"workout start day",5,335322,60.89
"world beautiful day",5,335327,60.89
"world beautiful place",5,335332,60.89
"world day just",5,335337,60.89
"world declared impossible",5,335342,60.9
"world don get",5,335347,60.9
"world economic forum",5,335352,60.9
"world end december",5,335357,60.9
"world ending tomorrow",5,335362,60.9
"world good luck",5,335367,60.9
"world great day",5,335372,60.9
"world greatest accomplished",5,335377,60.9
"world happy monday",5,335382,60.9
"world happy mothers",5,335387,60.9
"world harry potter",5,335392,60.9
"world henry david",5,335397,60.91
"world let get",5,335402,60.91
"world let world",5,335407,60.91
"world lost great",5,335412,60.91
"world make things",5,335417,60.91
"world marilyn monroe",5,335422,60.91
"world news america",5,335427,60.91
"world peace world",5,335432,60.91
"world ralph emerson",5,335437,60.91
"world warm pizza",5,335442,60.91
"worry people think",5,335447,60.91
"worst things life",5,335452,60.92
"worst way start",5,335457,60.92
"worth age dull",5,335462,60.92
"worth doing world",5,335467,60.92
"worth heart loves",5,335472,60.92
"worth laughter worth",5,335477,60.92
"worth ur time",5,335482,60.92
"worth weight gold",5,335487,60.92
"worth wont give",5,335492,60.92
"worthwhile achievement henry",5,335497,60.92
"wow believe year",5,335502,60.92
"wow haven heard",5,335507,60.93
"wow just gave",5,335512,60.93
"wow just like",5,335517,60.93
"wow just said",5,335522,60.93
"wow just woke",5,335527,60.93
"wow look great",5,335532,60.93
"wow man city",5,335537,60.93
"wow need get",5,335542,60.93
"wow really awesome",5,335547,60.93
"wow really like",5,335552,60.93
"wow say wow",5,335557,60.93
"wow thought going",5,335562,60.94
"wow totally forgot",5,335567,60.94
"wow way go",5,335572,60.94
"write own story",5,335577,60.94
"write song called",5,335582,60.94
"write winston churchill",5,335587,60.94
"writer talent distracted",5,335592,60.94
"writing benjamin franklin",5,335597,60.94
"writing good stuff",5,335602,60.94
"writing perfect fiction",5,335607,60.94
"writing reality ray",5,335612,60.94
"writing tip insist",5,335617,60.95
"written day listen",5,335622,60.95
"wrong tax fine",5,335627,60.95
"wrong things right",5,335632,60.95
"wrong think control",5,335637,60.95
"wrong turns day",5,335642,60.95
"wrong wrong wrong",5,335647,60.95
"wrote love letter",5,335652,60.95
"www atlanta home",5,335657,60.95
"www com add",5,335662,60.95
"www com art",5,335667,60.95
"www com bring",5,335672,60.96
"www com facebook",5,335677,60.96
"www com games",5,335682,60.96
"www com giving",5,335687,60.96
"www com green",5,335692,60.96
"www com index",5,335697,60.96
"www com know",5,335702,60.96
"www com order",5,335707,60.96
"www com really",5,335712,60.96
"www com shirts",5,335717,60.96
"www com signing",5,335722,60.96
"www com stay",5,335727,60.97
"www com sunday",5,335732,60.97
"www com updated",5,335737,60.97
"www com view",5,335742,60.97
"www com wait",5,335747,60.97
"www com want",5,335752,60.97
"www com web",5,335757,60.97
"www com weekend",5,335762,60.97
"www info supply",5,335767,60.97
"www just plug",5,335772,60.97
"www miracle com",5,335777,60.97
"www neal com",5,335782,60.98
"www online com",5,335787,60.98
"xmas happy holidays",5,335792,60.98
"yankees closer rivera",5,335797,60.98
"yeah best part",5,335802,60.98
"yeah glad like",5,335807,60.98
"yeah high school",5,335812,60.98
"yeah kinda weird",5,335817,60.98
"yeah know feeling",5,335822,60.98
"yeah know got",5,335827,60.98
"yeah know think",5,335832,60.98
"yeah right going",5,335837,60.99
"yeah time get",5,335842,60.99
"yeah totally agree",5,335847,60.99
"yeah trying get",5,335852,60.99
"yeah wanna dance",5,335857,60.99
"year bands road",5,335862,60.99
"year better get",5,335867,60.99
"year bin laden",5,335872,60.99
"year friends family",5,335877,60.99
"year gonna get",5,335882,60.99
"year inside target",5,335887,60.99
"year let go",5,335892,61
"year million deal",5,335897,61
"year million dollar",5,335902,61
"year mother day",5,335907,61
"year ralph emerson",5,335912,61
"year smile tear",5,335917,61
"year stay safe",5,335922,61
"year west coast",5,335927,61
"years don miss",5,335932,61
"years finally got",5,335937,61
"years love thousand",5,335942,61
"years michael jackson",5,335947,61.01
"years new year",5,335952,61.01
"years old getting",5,335957,61.01
"years old time",5,335962,61.01
"years old year",5,335967,61.01
"years seems like",5,335972,61.01
"years www com",5,335977,61.01
"yes happy birthday",5,335982,61.01
"yes just don",5,335987,61.01
"yes just finished",5,335992,61.01
"yes just heard",5,335997,61.01
"yes just said",5,336002,61.02
"yes keep posted",5,336007,61.02
"yes know don",5,336012,61.02
"yes know good",5,336017,61.02
"yes love hear",5,336022,61.02
"yes love work",5,336027,61.02
"yes made day",5,336032,61.02
"yes matter fact",5,336037,61.02
"yes screamed loud",5,336042,61.02
"yes send email",5,336047,61.02
"yes sir going",5,336052,61.02
"yes sir got",5,336057,61.03
"yes sir great",5,336062,61.03
"yes sir time",5,336067,61.03
"yes sounds great",5,336072,61.03
"yes try link",5,336077,61.03
"yesterday get happy",5,336082,61.03
"yesterday good luck",5,336087,61.03
"yo did get",5,336092,61.03
"yo girl jerk",5,336097,61.03
"yo looks like",5,336102,61.03
"yoga www com",5,336107,61.03
"york available customer",5,336112,61.04
"york ave nw",5,336117,61.04
"york city today",5,336122,61.04
"york comics rock",5,336127,61.04
"york ny need",5,336132,61.04
"york red bulls",5,336137,61.04
"young lets set",5,336142,61.04
"young stuck head",5,336147,61.04
"youth group tonight",5,336152,61.04
"youtube dreams dreams",5,336157,61.04
"youtube www youtube",5,336162,61.04
"yr old grandma",5,336167,61.05
"yr old loves",5,336172,61.05
"yup sure did",5,336177,61.05
"zoo don cage",5,336182,61.05
"able get lot",5,336187,61.05
"able get myself",5,336192,61.05
"able spend time",5,336197,61.05
"abstract art emotions",5,336202,61.05
"accept challenges feel",5,336207,61.05
"action real measure",5,336212,61.05
"actually mean say",5,336217,61.05
"advance auto parts",5,336222,61.06
"advisory service america",5,336227,61.06
"afraid standing proverb",5,336232,61.06
"ah good times",5,336237,61.06
"aim final end",5,336242,61.06
"album looking forward",5,336247,61.06
"alone crowded room",5,336252,61.06
"amazing keep great",5,336257,61.06
"amazing love best",5,336262,61.06
"angels san jose",5,336267,61.06
"annoying people try",5,336272,61.06
"answers prayer yes",5,336277,61.07
"anyone told look",5,336282,61.07
"anything david allen",5,336287,61.07
"appreciate businesses venues",5,336292,61.07
"appreciation day thank",5,336297,61.07
"april th opening",5,336302,61.07
"arm asked money",5,336307,61.07
"arrive early get",5,336312,61.07
"arrived live present",5,336317,61.07
"article social media",5,336322,61.07
"ask don assume",5,336327,61.07
"asks drink bartender",5,336332,61.08
"attracted person become",5,336337,61.08
"audition cold reading",5,336342,61.08
"austin new song",5,336347,61.08
"auto repair ease",5,336352,61.08
"available chocolate library",5,336357,61.08
"avengers second time",5,336362,61.08
"avenue baltimore md",5,336367,61.08
"awesome happy hour",5,336372,61.08
"awesome keep eye",5,336377,61.08
"awesome tonight thanks",5,336382,61.08
"awesome want go",5,336387,61.09
"awesome wish best",5,336392,61.09
"bacon shaved green",5,336397,61.09
"bacon wrapped shrimp",5,336402,61.09
"bad day know",5,336407,61.09
"bad happens choices",5,336412,61.09
"barely contain excitement",5,336417,61.09
"battle bands finals",5,336422,61.09
"beautiful full moon",5,336427,61.09
"beautiful inside outside",5,336432,61.09
"become known wears",5,336437,61.09
"beef regular beef",5,336442,61.1
"beer cheaper gas",5,336447,61.1
"beg borrow steal",5,336452,61.1
"best day eva",5,336457,61.1
"best luck students",5,336462,61.1
"best neighborhood bar",5,336467,61.1
"best part monday",5,336472,61.1
"best present tweet",5,336477,61.1
"best thing ate",5,336482,61.1
"best twitter account",5,336487,61.1
"best way clean",5,336492,61.1
"best way kick",5,336497,61.11
"better end deal",5,336502,61.11
"better get early",5,336507,61.11
"better get phone",5,336512,61.11
"better get tickets",5,336517,61.11
"better soon get",5,336522,61.11
"better soon love",5,336527,61.11
"big fan great",5,336532,61.11
"big red bow",5,336537,61.11
"big thanks coming",5,336542,61.11
"big time plays",5,336547,61.11
"birthday good day",5,336552,61.12
"birthday love wish",5,336557,61.12
"birthday mothers day",5,336562,61.12
"birthday selena happy",5,336567,61.12
"bless success happiness",5,336572,61.12
"blows mind people",5,336577,61.12
"board directors meeting",5,336582,61.12
"body just got",5,336587,61.12
"born raised playground",5,336592,61.12
"both east west",5,336597,61.12
"break losing streak",5,336602,61.12
"breaking mitt romney",5,336607,61.13
"breaking news story",5,336612,61.13
"bring friend week",5,336617,61.13
"broadway bar broadway",5,336622,61.13
"business reach individual",5,336627,61.13
"busy school work",5,336632,61.13
"bye bye hello",5,336637,61.13
"cake catering event",5,336642,61.13
"called limited edition",5,336647,61.13
"called weird like",5,336652,61.13
"came support last",5,336657,61.13
"came work today",5,336662,61.14
"camera adds pounds",5,336667,61.14
"canvas imagination henry",5,336672,61.14
"card get card",5,336677,61.14
"case haven noticed",5,336682,61.14
"cast hunger games",5,336687,61.14
"catch flight home",5,336692,61.14
"cause really need",5,336697,61.14
"central time zone",5,336702,61.14
"ceo keep going",5,336707,61.14
"challenges feel victory",5,336712,61.14
"chance win ticket",5,336717,61.15
"changing twitter handle",5,336722,61.15
"check latest pr",5,336727,61.15
"children find way",5,336732,61.15
"children miracle network",5,336737,61.15
"children www com",5,336742,61.15
"chocolate bread pudding",5,336747,61.15
"choices let define",5,336752,61.15
"christmas hope having",5,336757,61.15
"civil unions bill",5,336762,61.15
"close reaching twitter",5,336767,61.15
"closer closer closer",5,336772,61.16
"coffee www com",5,336777,61.16
"cole must strategic",5,336782,61.16
"com new york",5,336787,61.16
"come boston soon",5,336792,61.16
"come check place",5,336797,61.16
"come home week",5,336802,61.16
"come tonight playing",5,336807,61.16
"comes easy won",5,336812,61.16
"coming summer jam",5,336817,61.16
"committed bringing best",5,336822,61.16
"composed single soul",5,336827,61.17
"conference washington dc",5,336832,61.17
"congratulations great season",5,336837,61.17
"cool really like",5,336842,61.17
"copyright theft simon",5,336847,61.17
"correct reply wins",5,336852,61.17
"count blessings problems",5,336857,61.17
"countries islands billion",5,336862,61.17
"coupon full discount",5,336867,61.17
"covers sins peter",5,336872,61.17
"creation keep artists",5,336877,61.17
"creation network continuing",5,336882,61.18
"cry lips won",5,336887,61.18
"cry past gone",5,336892,61.18
"cubs game tonight",5,336897,61.18
"cup earl grey",5,336902,61.18
"daily www com",5,336907,61.18
"dancers singers join",5,336912,61.18
"dark glasses avoid",5,336917,61.18
"day come find",5,336922,61.18
"day come watch",5,336927,61.18
"day does anyone",5,336932,61.18
"day filled lots",5,336937,61.19
"day good bad",5,336942,61.19
"day hope better",5,336947,61.19
"day just hope",5,336952,61.19
"day makes want",5,336957,61.19
"day open pm",5,336962,61.19
"day school kids",5,336967,61.19
"day weekend great",5,336972,61.19
"day weekend just",5,336977,61.19
"day weekend plans",5,336982,61.19
"day weekend safe",5,336987,61.19
"day winter break",5,336992,61.2
"day yard work",5,336997,61.2
"days dog days",5,337002,61.2
"days don feel",5,337007,61.2
"days don want",5,337012,61.2
"dean type music",5,337017,61.2
"decide want afraid",5,337022,61.2
"decision universe make",5,337027,61.2
"deep ugly goes",5,337032,61.2
"defense marriage act",5,337037,61.2
"degrees feels like",5,337042,61.2
"dentist appointment today",5,337047,61.21
"denver family institute",5,337052,61.21
"detroit free press",5,337057,61.21
"did event go",5,337062,61.21
"did just quote",5,337067,61.21
"did really tell",5,337072,61.21
"diego restaurant week",5,337077,61.21
"difference fiction reality",5,337082,61.21
"dinner special tonight",5,337087,61.21
"does right thing",5,337092,61.21
"dog reward lost",5,337097,61.21
"dogs look like",5,337102,61.22
"doing don want",5,337107,61.22
"doing great take",5,337112,61.22
"doing great thing",5,337117,61.22
"doing hope having",5,337122,61.22
"don ask ask",5,337127,61.22
"don feel hot",5,337132,61.22
"don forget drop",5,337137,61.22
"don forget help",5,337142,61.22
"don forget meet",5,337147,61.22
"don forget music",5,337152,61.22
"don forget need",5,337157,61.23
"don give attention",5,337162,61.23
"don go boston",5,337167,61.23
"don go get",5,337172,61.23
"don know happens",5,337177,61.23
"don know met",5,337182,61.23
"don know vote",5,337187,61.23
"don look people",5,337192,61.23
"don make anything",5,337197,61.23
"don mean mean",5,337202,61.23
"don mind doing",5,337207,61.23
"don play music",5,337212,61.24
"don say good",5,337217,61.24
"don say matter",5,337222,61.24
"don say think",5,337227,61.24
"don take away",5,337232,61.24
"don take offense",5,337237,61.24
"don think read",5,337242,61.24
"don think trying",5,337247,61.24
"don touch boat",5,337252,61.24
"don use anymore",5,337257,61.24
"don want break",5,337262,61.24
"don want late",5,337267,61.25
"don want twitter",5,337272,61.25
"dr king legacy",5,337277,61.25
"drained physically smile",5,337282,61.25
"dream high lose",5,337287,61.25
"dream little dream",5,337292,61.25
"dressing good important",5,337297,61.25
"drink bartender says",5,337302,61.25
"drink fountain knowledge",5,337307,61.25
"drink orange juice",5,337312,61.25
"drink pain away",5,337317,61.25
"drive arms know",5,337322,61.26
"duck dunn bass",5,337327,61.26
"dude sorry missed",5,337332,61.26
"dying easter eggs",5,337337,61.26
"dynamic heating cooling",5,337342,61.26
"early friday morning",5,337347,61.26
"early going sleep",5,337352,61.26
"early morning flight",5,337357,61.26
"earth day expo",5,337362,61.26
"eat free come",5,337367,61.26
"ed pig lay",5,337372,61.26
"edition meaning people",5,337377,61.27
"egg cheese sandwich",5,337382,61.27
"electronic medical records",5,337387,61.27
"elementary middle school",5,337392,61.27
"email address reach",5,337397,61.27
"email need send",5,337402,61.27
"employers stalking people",5,337407,61.27
"end judge anyway",5,337412,61.27
"end wisdom dream",5,337417,61.27
"enemies won believe",5,337422,61.27
"enjoy food drink",5,337427,61.27
"enjoy quality time",5,337432,61.28
"enter nba draft",5,337437,61.28
"especially homeless person",5,337442,61.28
"event tomorrow pm",5,337447,61.28
"everybody get ready",5,337452,61.28
"exactly does mean",5,337457,61.28
"excited try tonight",5,337462,61.28
"excited wait hear",5,337467,61.28
"expert hardware know",5,337472,61.28
"facebook myspace twitter",5,337477,61.28
"facts cease exist",5,337482,61.28
"fade lives touch",5,337487,61.29
"failures repeated guarantee",5,337492,61.29
"fake friends like",5,337497,61.29
"fall don fall",5,337502,61.29
"fall short glory",5,337507,61.29
"fall victim system",5,337512,61.29
"false alarm just",5,337517,61.29
"family friends come",5,337522,61.29
"family friends food",5,337527,61.29
"family friends supporters",5,337532,61.29
"family hope great",5,337537,61.29
"fan lie mean",5,337542,61.3
"fans take note",5,337547,61.3
"far away need",5,337552,61.3
"fast slow lane",5,337557,61.3
"faster dressing good",5,337562,61.3
"favorite whitney song",5,337567,61.3
"feel bad going",5,337572,61.3
"feel like bum",5,337577,61.3
"feel like class",5,337582,61.3
"feel like episode",5,337587,61.3
"feel like lucky",5,337592,61.3
"feel like taken",5,337597,61.31
"feel real good",5,337602,61.31
"feeling tonight gonna",5,337607,61.31
"feels good put",5,337612,61.31
"feels right probably",5,337617,61.31
"felt like world",5,337622,61.31
"festival www com",5,337627,61.31
"fiction reality fiction",5,337632,61.31
"filling lighting william",5,337637,61.31
"film lincoln gang",5,337642,61.31
"final end music",5,337647,61.31
"finally broke bought",5,337652,61.32
"finally getting hang",5,337657,61.32
"finally got set",5,337662,61.32
"finally looks like",5,337667,61.32
"finally seeing hunger",5,337672,61.32
"find info website",5,337677,61.32
"finger man shoulder",5,337682,61.32
"fist smash face",5,337687,61.32
"follow did get",5,337692,61.32
"follow facebook facebook",5,337697,61.32
"follow friends thanks",5,337702,61.32
"follow get instantly",5,337707,61.33
"follow great updates",5,337712,61.33
"follow hope check",5,337717,61.33
"follow hope wonderful",5,337722,61.33
"follow sorry free",5,337727,61.33
"follow thanks bobby",5,337732,61.33
"follow twitter feed",5,337737,61.33
"follow wonderful day",5,337742,61.33
"followers follow gain",5,337747,61.33
"forever especially homeless",5,337752,61.33
"former high school",5,337757,61.33
"forward tweets hope",5,337762,61.34
"forward warmer weather",5,337767,61.34
"foster people pumped",5,337772,61.34
"free pm pm",5,337777,61.34
"free send way",5,337782,61.34
"friday faculty fest",5,337787,61.34
"friday good weekend",5,337792,61.34
"friday happy easter",5,337797,61.34
"friday know means",5,337802,61.34
"friday thanks follow",5,337807,61.34
"friend hope good",5,337812,61.34
"friends best friends",5,337817,61.35
"friends co workers",5,337822,61.35
"friends family happy",5,337827,61.35
"ft cap bands",5,337832,61.35
"ft chest high",5,337837,61.35
"full discount min",5,337842,61.35
"fun day work",5,337847,61.35
"fun friday night",5,337852,61.35
"fun make sure",5,337857,61.35
"fun way spend",5,337862,61.35
"fun wish go",5,337867,61.35
"future arrived live",5,337872,61.36
"future take care",5,337877,61.36
"fyi chicago thursday",5,337882,61.36
"game thrones hbo",5,337887,61.36
"game thrones men",5,337892,61.36
"game time boys",5,337897,61.36
"gearing new year",5,337902,61.36
"get act right",5,337907,61.36
"get chance follow",5,337912,61.36
"get christmas tree",5,337917,61.36
"get dinner tonight",5,337922,61.36
"get em soon",5,337927,61.37
"get em tonight",5,337932,61.37
"get follow guys",5,337937,61.37
"get follow happy",5,337942,61.37
"get gonna go",5,337947,61.37
"get good shots",5,337952,61.37
"get holiday spirit",5,337957,61.37
"get just got",5,337962,61.37
"get know person",5,337967,61.37
"get leave work",5,337972,61.37
"get like dat",5,337977,61.37
"get lots rest",5,337982,61.38
"get master degree",5,337987,61.38
"get people come",5,337992,61.38
"get points just",5,337997,61.38
"get rid college",5,338002,61.38
"get vip list",5,338007,61.38
"get way get",5,338012,61.38
"gets credit harry",5,338017,61.38
"getting excited summer",5,338022,61.38
"getting lost eyes",5,338027,61.38
"getting old don",5,338032,61.38
"getting teeth cleaned",5,338037,61.39
"giants win game",5,338042,61.39
"give away stay",5,338047,61.39
"give don want",5,338052,61.39
"give great advice",5,338057,61.39
"give shout happy",5,338062,61.39
"give twitter try",5,338067,61.39
"gives answers prayer",5,338072,61.39
"giving inside scoop",5,338077,61.39
"giving mixed signals",5,338082,61.39
"giving remember held",5,338087,61.39
"glad connected twitter",5,338092,61.4
"glad hear better",5,338097,61.4
"glad hear happy",5,338102,61.4
"go boston don",5,338107,61.4
"go lay arms",5,338112,61.4
"go loss enthusiasm",5,338117,61.4
"go public school",5,338122,61.4
"go store buy",5,338127,61.4
"go way just",5,338132,61.4
"go work deal",5,338137,61.4
"go work early",5,338142,61.4
"go wrong thought",5,338147,61.41
"go www tv",5,338152,61.41
"goat cheese salad",5,338157,61.41
"goes right go",5,338162,61.41
"going bed get",5,338167,61.41
"going bed school",5,338172,61.41
"going busy month",5,338177,61.41
"going cabin woods",5,338182,61.41
"going early morning",5,338187,61.41
"going miss year",5,338192,61.41
"going st louis",5,338197,61.41
"going taco bell",5,338202,61.42
"going tomorrow excited",5,338207,61.42
"going watch avengers",5,338212,61.42
"going work tonight",5,338217,61.42
"gone terribly wrong",5,338222,61.42
"gonna bad day",5,338227,61.42
"gonna faced make",5,338232,61.42
"gonna great year",5,338237,61.42
"gonna take easy",5,338242,61.42
"good friend tonight",5,338247,61.42
"good know don",5,338252,61.42
"good look better",5,338257,61.43
"good luck boston",5,338262,61.43
"good luck gotta",5,338267,61.43
"good luck huge",5,338272,61.43
"good luck making",5,338277,61.43
"good luck playing",5,338282,61.43
"good morning atlanta",5,338287,61.43
"good morning check",5,338292,61.43
"good morning pittsburgh",5,338297,61.43
"good morning raining",5,338302,61.43
"good morning reading",5,338307,61.43
"good morning sorry",5,338312,61.44
"good morning sweet",5,338317,61.44
"good morning team",5,338322,61.44
"good people great",5,338327,61.44
"good practice today",5,338332,61.44
"good times day",5,338337,61.44
"good true probably",5,338342,61.44
"got copy mail",5,338347,61.44
"got high school",5,338352,61.44
"got home good",5,338357,61.44
"got home late",5,338362,61.44
"got peanut butter",5,338367,61.45
"got social media",5,338372,61.45
"got sounds like",5,338377,61.45
"gotta go check",5,338382,61.45
"gotta go talk",5,338387,61.45
"governor signs bill",5,338392,61.45
"great day coffee",5,338397,61.45
"great day deserve",5,338402,61.45
"great day fun",5,338407,61.45
"great day know",5,338412,61.45
"great day meetings",5,338417,61.45
"great day remember",5,338422,61.46
"great day soccer",5,338427,61.46
"great doing great",5,338432,61.46
"great event morning",5,338437,61.46
"great food fun",5,338442,61.46
"great game keep",5,338447,61.46
"great glad got",5,338452,61.46
"great idea try",5,338457,61.46
"great mom day",5,338462,61.46
"great music follow",5,338467,61.46
"great new look",5,338472,61.46
"great place watch",5,338477,61.47
"great really like",5,338482,61.47
"great start great",5,338487,61.47
"great work keep",5,338492,61.47
"great work look",5,338497,61.47
"greater dreams doug",5,338502,61.47
"green dolphin street",5,338507,61.47
"guess better start",5,338512,61.47
"guess just went",5,338517,61.47
"guess make exception",5,338522,61.47
"guide following great",5,338527,61.47
"guy really just",5,338532,61.48
"gym feels good",5,338537,61.48
"hacked getting spam",5,338542,61.48
"hacked hacked hacked",5,338547,61.48
"hair just got",5,338552,61.48
"half hours left",5,338557,61.48
"hand public just",5,338562,61.48
"happen ralph emerson",5,338567,61.48
"happens choices let",5,338572,61.48
"happens preparation meets",5,338577,61.48
"happiness wants pain",5,338582,61.48
"happy birthday guy",5,338587,61.49
"happy birthday thomas",5,338592,61.49
"happy st mother",5,338597,61.49
"hard find lucky",5,338602,61.49
"hard get play",5,338607,61.49
"hard get used",5,338612,61.49
"hard know finished",5,338617,61.49
"hard life become",5,338622,61.49
"hardware know able",5,338627,61.49
"hate water drink",5,338632,61.49
"haven chance get",5,338637,61.49
"haven played years",5,338642,61.5
"hear feel like",5,338647,61.5
"hear mitt romney",5,338652,61.5
"heart phil jackson",5,338657,61.5
"heat hated team",5,338662,61.5
"heat win game",5,338667,61.5
"help save lives",5,338672,61.5
"hey follow mean",5,338677,61.5
"hey girl going",5,338682,61.5
"hey haven twitter",5,338687,61.5
"hey just finished",5,338692,61.5
"hi twitter friends",5,338697,61.51
"high lose dream",5,338702,61.51
"high self esteem",5,338707,61.51
"high speed car",5,338712,61.51
"hit hit hit",5,338717,61.51
"hits likes follows",5,338722,61.51
"hockey games tonight",5,338727,61.51
"home think go",5,338732,61.51
"home wait get",5,338737,61.51
"home work early",5,338742,61.51
"home work tonight",5,338747,61.51
"hope enjoy weekend",5,338752,61.52
"hope guys don",5,338757,61.52
"hope help spread",5,338762,61.52
"hope like app",5,338767,61.52
"hope make trip",5,338772,61.52
"hoping find time",5,338777,61.52
"hot green tea",5,338782,61.52
"hour get ready",5,338787,61.52
"hours life come",5,338792,61.52
"houses throw stones",5,338797,61.52
"huge sale going",5,338802,61.52
"hurts remembering used",5,338807,61.53
"ignored person attention",5,338812,61.53
"imagination henry david",5,338817,61.53
"important keys good",5,338822,61.53
"impossible doing years",5,338827,61.53
"independent artist send",5,338832,61.53
"independent artist spotlight",5,338837,61.53
"individual must know",5,338842,61.53
"intelligence having fun",5,338847,61.53
"interim head coach",5,338852,61.53
"islands billion people",5,338857,61.53
"ivy baker priest",5,338862,61.54
"jackson whitney houston",5,338867,61.54
"jacksonville known tampa",5,338872,61.54
"jersey city nj",5,338877,61.54
"jet jet way",5,338882,61.54
"judge define define",5,338887,61.54
"june stay tuned",5,338892,61.54
"just asked question",5,338897,61.54
"just bought amazing",5,338902,61.54
"just bought last",5,338907,61.54
"just easy become",5,338912,61.54
"just fl residents",5,338917,61.55
"just followed like",5,338922,61.55
"just going continue",5,338927,61.55
"just going give",5,338932,61.55
"just going wait",5,338937,61.55
"just got bunch",5,338942,61.55
"just got cutest",5,338947,61.55
"just got day",5,338952,61.55
"just got lost",5,338957,61.55
"just got owned",5,338962,61.55
"just got rid",5,338967,61.55
"just got summer",5,338972,61.56
"just gotta give",5,338977,61.56
"just heard worst",5,338982,61.56
"just hit reply",5,338987,61.56
"just keep looking",5,338992,61.56
"just let people",5,338997,61.56
"just love mom",5,339002,61.56
"just love smell",5,339007,61.56
"just make music",5,339012,61.56
"just make smile",5,339017,61.56
"just makes better",5,339022,61.56
"just makes realize",5,339027,61.57
"just open door",5,339032,61.57
"just pay attention",5,339037,61.57
"just pay bills",5,339042,61.57
"just purchased new",5,339047,61.57
"just put big",5,339052,61.57
"just rocked stage",5,339057,61.57
"just saw couple",5,339062,61.57
"just saw game",5,339067,61.57
"just smile say",5,339072,61.57
"just stop ave",5,339077,61.57
"just stop right",5,339082,61.58
"just take hand",5,339087,61.58
"just tell just",5,339092,61.58
"just thought safe",5,339097,61.58
"just told need",5,339102,61.58
"just wasted time",5,339107,61.58
"just went past",5,339112,61.58
"just went run",5,339117,61.58
"keep artists authentic",5,339122,61.58
"keep cares break",5,339127,61.58
"keep going hard",5,339132,61.58
"keep gr work",5,339137,61.59
"keep mind don",5,339142,61.59
"keep running mouth",5,339147,61.59
"kidding last tweet",5,339152,61.59
"kind words appreciate",5,339157,61.59
"knew looked like",5,339162,61.59
"know able get",5,339167,61.59
"know able nuts",5,339172,61.59
"know anyone send",5,339177,61.59
"know better way",5,339182,61.59
"know business paul",5,339187,61.59
"know gonna cry",5,339192,61.6
"know know peace",5,339197,61.6
"know know say",5,339202,61.6
"know like new",5,339207,61.6
"know like said",5,339212,61.6
"know possible know",5,339217,61.6
"know think get",5,339222,61.6
"know think music",5,339227,61.6
"know want find",5,339232,61.6
"known soccer team",5,339237,61.6
"known wears dark",5,339242,61.6
"la convention center",5,339247,61.6
"labor day work",5,339252,61.61
"lack common sense",5,339257,61.61
"lady tattoo arm",5,339262,61.61
"las vegas boulevard",5,339267,61.61
"las vegas clubs",5,339272,61.61
"last last won",5,339277,61.61
"last thursday night",5,339282,61.61
"late east coast",5,339287,61.61
"late mothers day",5,339292,61.61
"late school night",5,339297,61.61
"later don know",5,339302,61.61
"later today new",5,339307,61.62
"later today tomorrow",5,339312,61.62
"launching new site",5,339317,61.62
"law enforcement officers",5,339322,61.62
"lazy sunday watching",5,339327,61.62
"leadership practiced words",5,339332,61.62
"leap net appear",5,339337,61.62
"learn take care",5,339342,61.62
"learned new trick",5,339347,61.62
"learning take away",5,339352,61.62
"leaving tomorrow morning",5,339357,61.62
"left till summer",5,339362,61.63
"let act like",5,339367,61.63
"let day begin",5,339372,61.63
"let go forever",5,339377,61.63
"let go hard",5,339382,61.63
"let go tomorrow",5,339387,61.63
"let hope make",5,339392,61.63
"let hope stays",5,339397,61.63
"let know people",5,339402,61.63
"let little things",5,339407,61.63
"let long takes",5,339412,61.63
"letter birmingham jail",5,339417,61.64
"life become known",5,339422,61.64
"life cause life",5,339427,61.64
"life come late",5,339432,61.64
"life find way",5,339437,61.64
"life friends family",5,339442,61.64
"life insurance policy",5,339447,61.64
"life short love",5,339452,61.64
"life short wake",5,339457,61.64
"life www com",5,339462,61.64
"lifetime lifetime music",5,339467,61.64
"like called limited",5,339472,61.65
"like cold pizza",5,339477,61.65
"like couple months",5,339482,61.65
"like day school",5,339487,61.65
"like did got",5,339492,61.65
"like don anything",5,339497,61.65
"like good game",5,339502,61.65
"like good place",5,339507,61.65
"like good wine",5,339512,61.65
"like kind night",5,339517,61.65
"like know doing",5,339522,61.65
"like lot don",5,339527,61.66
"like lot things",5,339532,61.66
"like make look",5,339537,61.66
"like mickey mouse",5,339542,61.66
"like middle aged",5,339547,61.66
"like mother day",5,339552,61.66
"like new format",5,339557,61.66
"like real deal",5,339562,61.66
"like ships night",5,339567,61.66
"like thank making",5,339572,61.66
"limited edition meaning",5,339577,61.66
"limited edition prints",5,339582,61.67
"lips won lie",5,339587,61.67
"listen don like",5,339592,61.67
"little piece heart",5,339597,61.67
"little piece heaven",5,339602,61.67
"live irish music",5,339607,61.67
"live positive life",5,339612,61.67
"living social deal",5,339617,61.67
"long closed door",5,339622,61.67
"long term temporary",5,339627,61.67
"look like age",5,339632,61.67
"look like anymore",5,339637,61.68
"look like doll",5,339642,61.68
"look like done",5,339647,61.68
"look like gone",5,339652,61.68
"look like th",5,339657,61.68
"looked like doing",5,339662,61.68
"looking forward cooking",5,339667,61.68
"looking forward episode",5,339672,61.68
"looking forward festival",5,339677,61.68
"looking forward jazz",5,339682,61.68
"looking forward rain",5,339687,61.68
"looking forward review",5,339692,61.69
"looking forward sat",5,339697,61.69
"looking forward tasting",5,339702,61.69
"looking forward warm",5,339707,61.69
"looking new web",5,339712,61.69
"looks like alien",5,339717,61.69
"looks like child",5,339722,61.69
"looks like eating",5,339727,61.69
"looks like face",5,339732,61.69
"looks like meeting",5,339737,61.69
"looks like mom",5,339742,61.69
"looks like picked",5,339747,61.7
"looks like potential",5,339752,61.7
"looks like stuck",5,339757,61.7
"looks like wonderful",5,339762,61.7
"los angeles just",5,339767,61.7
"lose dream seeking",5,339772,61.7
"lost dog reward",5,339777,61.7
"lost loved alfred",5,339782,61.7
"lot people follow",5,339787,61.7
"lots stuff going",5,339792,61.7
"love appreciate support",5,339797,61.7
"love books love",5,339802,61.71
"love college basketball",5,339807,61.71
"love composed single",5,339812,61.71
"love hate life",5,339817,61.71
"love life beautiful",5,339822,61.71
"love like tomorrow",5,339827,61.71
"love photo thanks",5,339832,61.71
"love watching kids",5,339837,61.71
"loved finger man",5,339842,61.71
"lower gas prices",5,339847,61.71
"luck going forward",5,339852,61.71
"luck happens preparation",5,339857,61.72
"luck new york",5,339862,61.72
"luck rest tour",5,339867,61.72
"luck running half",5,339872,61.72
"luck running tomorrow",5,339877,61.72
"lucky love best",5,339882,61.72
"macy thanksgiving day",5,339887,61.72
"made huge impact",5,339892,61.72
"made perfect sense",5,339897,61.72
"magic enthusiasm difference",5,339902,61.72
"magical surprise loved",5,339907,61.72
"main thing main",5,339912,61.73
"make feel sad",5,339917,61.73
"make good day",5,339922,61.73
"make good money",5,339927,61.73
"make great story",5,339932,61.73
"make happen ralph",5,339937,61.73
"make head explode",5,339942,61.73
"make laugh like",5,339947,61.73
"make peanut butter",5,339952,61.73
"make real difference",5,339957,61.73
"make strong amount",5,339962,61.73
"make sure doing",5,339967,61.74
"make sure getting",5,339972,61.74
"make sure swing",5,339977,61.74
"make wait longer",5,339982,61.74
"makes feel young",5,339987,61.74
"makes sense read",5,339992,61.74
"makes years row",5,339997,61.74
"mall apple store",5,340002,61.74
"man does know",5,340007,61.74
"man gain world",5,340012,61.74
"man just wanted",5,340017,61.74
"man people just",5,340022,61.75
"manchester city fans",5,340027,61.75
"march th tickets",5,340032,61.75
"marketing graphic design",5,340037,61.75
"marry night single",5,340042,61.75
"math taught spanish",5,340047,61.75
"math test tomorrow",5,340052,61.75
"maybe get sleep",5,340057,61.75
"maybe just getting",5,340062,61.75
"mean shoe game",5,340067,61.75
"meeting guys last",5,340072,61.75
"men love woman",5,340077,61.76
"mentally dating celebrity",5,340082,61.76
"mention follow twitter",5,340087,61.76
"message mailing address",5,340092,61.76
"microwave minutes longer",5,340097,61.76
"might favorite thing",5,340102,61.76
"might get go",5,340107,61.76
"million years did",5,340112,61.76
"mind heart phil",5,340117,61.76
"minus minutes till",5,340122,61.76
"miserable make strong",5,340127,61.76
"miss just got",5,340132,61.77
"mistake motion action",5,340137,61.77
"mitt rick mitt",5,340142,61.77
"mitt romney wants",5,340147,61.77
"mom just like",5,340152,61.77
"mom step dad",5,340157,61.77
"moment moment moment",5,340162,61.77
"monday high school",5,340167,61.77
"money bank account",5,340172,61.77
"monster truck rally",5,340177,61.77
"morning hope everybody",5,340182,61.77
"morning last day",5,340187,61.78
"morning twitter people",5,340192,61.78
"morning went bed",5,340197,61.78
"morning work flow",5,340202,61.78
"morning world hope",5,340207,61.78
"movie cabin woods",5,340212,61.78
"multiple times day",5,340217,61.78
"music drink specials",5,340222,61.78
"music glory soul",5,340227,61.78
"music independent artist",5,340232,61.78
"music listen today",5,340237,61.78
"music video sunday",5,340242,61.79
"must use time",5,340247,61.79
"national equality march",5,340252,61.79
"national security issue",5,340257,61.79
"national small business",5,340262,61.79
"nba star weekend",5,340267,61.79
"need full body",5,340272,61.79
"need go need",5,340277,61.79
"need hits likes",5,340282,61.79
"need lap dance",5,340287,61.79
"need lots coffee",5,340292,61.79
"need start putting",5,340297,61.8
"need stop having",5,340302,61.8
"network continuing built",5,340307,61.8
"new adventure time",5,340312,61.8
"new android app",5,340317,61.8
"new come check",5,340322,61.8
"new follower go",5,340327,61.8
"new follower love",5,340332,61.8
"new job excited",5,340337,61.8
"new nike nfl",5,340342,61.8
"new orleans game",5,340347,61.8
"new single chef",5,340352,61.81
"new studio new",5,340357,61.81
"new study says",5,340362,61.81
"new video march",5,340367,61.81
"new video soon",5,340372,61.81
"new website ready",5,340377,61.81
"new year fun",5,340382,61.81
"newport beach film",5,340387,61.81
"news mitt romney",5,340392,61.81
"nfl mock draft",5,340397,61.81
"nice great time",5,340402,61.81
"nice hope enjoy",5,340407,61.82
"nice long nap",5,340412,61.82
"nice meet glad",5,340417,61.82
"nice need get",5,340422,61.82
"night couples entry",5,340427,61.82
"night good idea",5,340432,61.82
"night good people",5,340437,61.82
"night house tonight",5,340442,61.82
"night rock roll",5,340447,61.82
"nm supreme court",5,340452,61.82
"north carolina today",5,340457,61.82
"ny public library",5,340462,61.83
"obama sounds like",5,340467,61.83
"offers special orders",5,340472,61.83
"office civil rights",5,340477,61.83
"official hashtag conference",5,340482,61.83
"oh baby oh",5,340487,61.83
"oh good question",5,340492,61.83
"oh gosh miss",5,340497,61.83
"oh gosh right",5,340502,61.83
"oh gotta get",5,340507,61.83
"oh just go",5,340512,61.83
"oh just made",5,340517,61.84
"oh just noticed",5,340522,61.84
"oh know feeling",5,340527,61.84
"oh model agency",5,340532,61.84
"oh ok know",5,340537,61.84
"oh ok sure",5,340542,61.84
"oh wait mean",5,340547,61.84
"oh wow remember",5,340552,61.84
"oh yea oh",5,340557,61.84
"ok don like",5,340562,61.84
"ok don want",5,340567,61.84
"ok last night",5,340572,61.85
"ok think like",5,340577,61.85
"open hours today",5,340582,61.85
"open pm tomorrow",5,340587,61.85
"opening day friday",5,340592,61.85
"opening reception friday",5,340597,61.85
"order sent ca",5,340602,61.85
"orders cake catering",5,340607,61.85
"orioles best record",5,340612,61.85
"orioles opening day",5,340617,61.85
"page research paper",5,340622,61.85
"pain bob marley",5,340627,61.86
"pair cowboy boots",5,340632,61.86
"pair jeans fit",5,340637,61.86
"parking lot full",5,340642,61.86
"part mother day",5,340647,61.86
"part new york",5,340652,61.86
"party fun fun",5,340657,61.86
"pay attention limitations",5,340662,61.86
"peace begins smile",5,340667,61.86
"peace donna summer",5,340672,61.86
"people bad breath",5,340677,61.86
"people follow great",5,340682,61.87
"people habit making",5,340687,61.87
"people hard time",5,340692,61.87
"people just thought",5,340697,61.87
"people know better",5,340702,61.87
"people know get",5,340707,61.87
"people like oh",5,340712,61.87
"people like thanks",5,340717,61.87
"people pumped kicks",5,340722,61.87
"people think right",5,340727,61.87
"people unusual people",5,340732,61.87
"people use words",5,340737,61.88
"people want take",5,340742,61.88
"person failures repeated",5,340747,61.88
"pig lay golden",5,340752,61.88
"place sounds like",5,340757,61.88
"plan work work",5,340762,61.88
"play don think",5,340767,61.88
"play new single",5,340772,61.88
"play steve jobs",5,340777,61.88
"playing fruit ninja",5,340782,61.88
"playing video game",5,340787,61.88
"pm kiss fm",5,340792,61.89
"pm tonight check",5,340797,61.89
"pocket full rocks",5,340802,61.89
"point word words",5,340807,61.89
"poised creation keep",5,340812,61.89
"post video youtube",5,340817,61.89
"potter half blood",5,340822,61.89
"practiced words attitude",5,340827,61.89
"prayer said life",5,340832,61.89
"prayer yes better",5,340837,61.89
"present make beautiful",5,340842,61.89
"president obama makes",5,340847,61.9
"pretty awesome really",5,340852,61.9
"pretty high list",5,340857,61.9
"pretty pretty good",5,340862,61.9
"problem based learning",5,340867,61.9
"protected st amendment",5,340872,61.9
"public radio station",5,340877,61.9
"pull shade tom",5,340882,61.9
"put big smile",5,340887,61.9
"putting year old",5,340892,61.9
"questions just people",5,340897,61.9
"random stuff like",5,340902,61.91
"rb doug martin",5,340907,61.91
"reach individual must",5,340912,61.91
"reach let go",5,340917,61.91
"read wild things",5,340922,61.91
"real good time",5,340927,61.91
"real hard get",5,340932,61.91
"reality fiction make",5,340937,61.91
"realize people stay",5,340942,61.91
"really bad thing",5,340947,61.91
"really enjoyed session",5,340952,61.91
"really enjoyed watching",5,340957,61.92
"really just looking",5,340962,61.92
"really north carolina",5,340967,61.92
"recording full length",5,340972,61.92
"recording new single",5,340977,61.92
"red red wine",5,340982,61.92
"reds reds reds",5,340987,61.92
"related watch big",5,340992,61.92
"relationship full time",5,340997,61.92
"relationship just need",5,341002,61.92
"remember hard change",5,341007,61.92
"remember little people",5,341012,61.93
"repair ease burden",5,341017,61.93
"repeated guarantee success",5,341022,61.93
"residents area www",5,341027,61.93
"rick mitt rick",5,341032,61.93
"riding bike work",5,341037,61.93
"right home plate",5,341042,61.93
"river state park",5,341047,61.93
"road ice cream",5,341052,61.93
"robin hood men",5,341057,61.93
"rock house tonight",5,341062,61.93
"rock roll band",5,341067,61.94
"rocky loves emily",5,341072,61.94
"roses real fake",5,341077,61.94
"run better run",5,341082,61.94
"rush cody simpson",5,341087,61.94
"sad day world",5,341092,61.94
"said aim final",5,341097,61.94
"said burger king",5,341102,61.94
"said life thank",5,341107,61.94
"sale going today",5,341112,61.94
"san antonio tomorrow",5,341117,61.94
"san francisco san",5,341122,61.95
"saturday night got",5,341127,61.95
"saturday night sure",5,341132,61.95
"saw harry potter",5,341137,61.95
"saw lady tattoo",5,341142,61.95
"saw trailer looks",5,341147,61.95
"saw trailer new",5,341152,61.95
"say don eat",5,341157,61.95
"say matter cause",5,341162,61.95
"say pretty sure",5,341167,61.95
"says impossible doing",5,341172,61.95
"says steve jobs",5,341177,61.96
"scan custom code",5,341182,61.96
"school today great",5,341187,61.96
"scratch last tweet",5,341192,61.96
"sean outside detroit",5,341197,61.96
"season ending injury",5,341202,61.96
"season finale week",5,341207,61.96
"second time happened",5,341212,61.96
"seconds happiness ralph",5,341217,61.96
"seem like get",5,341222,61.96
"seem really nice",5,341227,61.96
"seems good true",5,341232,61.97
"seen year old",5,341237,61.97
"selena happy birthday",5,341242,61.97
"send music independent",5,341247,61.97
"sent email check",5,341252,61.97
"set alarm pm",5,341257,61.97
"setting financial goals",5,341262,61.97
"shake make ground",5,341267,61.97
"share medium using",5,341272,61.97
"share stay tuned",5,341277,61.97
"sharing looking forward",5,341282,61.97
"shirt guess said",5,341287,61.98
"shower long day",5,341292,61.98
"sierra love love",5,341297,61.98
"singing high school",5,341302,61.98
"single rest life",5,341307,61.98
"sitting car waiting",5,341312,61.98
"sitting home saturday",5,341317,61.98
"sleep listen music",5,341322,61.98
"sleeping actually learned",5,341327,61.98
"slept hours tired",5,341332,61.98
"smile face don",5,341337,61.98
"smile make happy",5,341342,61.99
"smile mother teresa",5,341347,61.99
"social media future",5,341352,61.99
"social media mobile",5,341357,61.99
"social media morning",5,341362,61.99
"social media questions",5,341367,61.99
"song cali girl",5,341372,61.99
"song get stuck",5,341377,61.99
"song really like",5,341382,61.99
"song wrote called",5,341387,61.99
"sorry free promotion",5,341392,61.99
"sorry hear passing",5,341397,62
"sorry thought meant",5,341402,62
"sounds like found",5,341407,62
"sounds like nightmare",5,341412,62
"sounds like opening",5,341417,62
"sounds like use",5,341422,62
"space catering mondays",5,341427,62
"speaks loudly hear",5,341432,62
"spend time money",5,341437,62
"st game season",5,341442,62
"st louis blues",5,341447,62
"stall tues sonic",5,341452,62.01
"star wars blu",5,341457,62.01
"stars les brown",5,341462,62.01
"start friday night",5,341467,62.01
"start great weekend",5,341472,62.01
"stay home tomorrow",5,341477,62.01
"steroids athletes models",5,341482,62.01
"stop don stop",5,341487,62.01
"stories use abstract",5,341492,62.01
"story story story",5,341497,62.01
"strangers become just",5,341502,62.01
"stress future arrived",5,341507,62.02
"stronger stand little",5,341512,62.02
"students don like",5,341517,62.02
"success thanks came",5,341522,62.02
"successful employers stalking",5,341527,62.02
"sucks ignored person",5,341532,62.02
"sued copyright theft",5,341537,62.02
"sugar bean sisters",5,341542,62.02
"sunday april st",5,341547,62.02
"sundays private parties",5,341552,62.02
"sunshine ralph emerson",5,341557,62.02
"super excited opening",5,341562,62.03
"super late reply",5,341567,62.03
"support keep good",5,341572,62.03
"sure able make",5,341577,62.03
"sure gonna awesome",5,341582,62.03
"sure thing let",5,341587,62.03
"surprise loved finger",5,341592,62.03
"surprise magical surprise",5,341597,62.03
"surround people going",5,341602,62.03
"sweet dreams twitter",5,341607,62.03
"take away king",5,341612,62.03
"take children find",5,341617,62.04
"take fist smash",5,341622,62.04
"take full responsibility",5,341627,62.04
"take matters own",5,341632,62.04
"take yahoo sports",5,341637,62.04
"teacher town hall",5,341642,62.04
"tell person love",5,341647,62.04
"tell say hey",5,341652,62.04
"testing new twitter",5,341657,62.04
"text normal rates",5,341662,62.04
"text text text",5,341667,62.04
"th anniversary world",5,341672,62.05
"th birthday favorite",5,341677,62.05
"th person followed",5,341682,62.05
"th place team",5,341687,62.05
"thank follow best",5,341692,62.05
"thank following really",5,341697,62.05
"thank great people",5,341702,62.05
"thank helped get",5,341707,62.05
"thank letting part",5,341712,62.05
"thank support appreciate",5,341717,62.05
"thankful life fighting",5,341722,62.05
"thanks answering questions",5,341727,62.06
"thanks baby girl",5,341732,62.06
"thanks beautiful day",5,341737,62.06
"thanks came event",5,341742,62.06
"thanks follow austin",5,341747,62.06
"thanks follow jennifer",5,341752,62.06
"thanks follow john",5,341757,62.06
"thanks follow site",5,341762,62.06
"thanks following appreciated",5,341767,62.06
"thanks following glad",5,341772,62.06
"thanks following super",5,341777,62.06
"thanks following watch",5,341782,62.07
"thanks glad love",5,341787,62.07
"thanks good advice",5,341792,62.07
"thanks guys amazing",5,341797,62.07
"thanks guys keep",5,341802,62.07
"thanks heads look",5,341807,62.07
"thanks just checked",5,341812,62.07
"thanks just finished",5,341817,62.07
"thanks just hope",5,341822,62.07
"thanks lisa hope",5,341827,62.07
"thanks making amazing",5,341832,62.07
"thanks matt appreciate",5,341837,62.08
"theft simon thunder",5,341842,62.08
"theme stuck head",5,341847,62.08
"thing getting day",5,341852,62.08
"thing main thing",5,341857,62.08
"thing pretty sure",5,341862,62.08
"thing really like",5,341867,62.08
"things mind change",5,341872,62.08
"things possible believe",5,341877,62.08
"think going head",5,341882,62.08
"think gonna head",5,341887,62.08
"think got best",5,341892,62.09
"think grow rich",5,341897,62.09
"think hacked account",5,341902,62.09
"think might start",5,341907,62.09
"thousand years christina",5,341912,62.09
"thunder song cali",5,341917,62.09
"ticket let know",5,341922,62.09
"till admission drinks",5,341927,62.09
"time clean house",5,341932,62.09
"time clean room",5,341937,62.09
"time day get",5,341942,62.09
"time friday night",5,341947,62.1
"time just wanted",5,341952,62.1
"time love movie",5,341957,62.1
"time make friends",5,341962,62.1
"time management skills",5,341967,62.1
"time old school",5,341972,62.1
"time pay attention",5,341977,62.1
"time pretty cool",5,341982,62.1
"time time good",5,341987,62.1
"time today did",5,341992,62.1
"time turn tv",5,341997,62.1
"time world peace",5,342002,62.11
"time year good",5,342007,62.11
"times last hours",5,342012,62.11
"times www com",5,342017,62.11
"tip reliable contractor",5,342022,62.11
"tired go sleep",5,342027,62.11
"tired people saying",5,342032,62.11
"tired want go",5,342037,62.11
"tn residents area",5,342042,62.11
"today day full",5,342047,62.11
"today day going",5,342052,62.11
"today don give",5,342057,62.12
"today don let",5,342062,62.12
"today enjoy weather",5,342067,62.12
"today going better",5,342072,62.12
"today happy thanksgiving",5,342077,62.12
"today hope day",5,342082,62.12
"today marks end",5,342087,62.12
"today ready get",5,342092,62.12
"today tomorrow stop",5,342097,62.12
"today year twitter",5,342102,62.12
"told follow twitter",5,342107,62.12
"tomorrow live music",5,342112,62.13
"tomorrow morning talking",5,342117,62.13
"tomorrow pm join",5,342122,62.13
"tomorrow sunday pm",5,342127,62.13
"tonight did think",5,342132,62.13
"tonight get better",5,342137,62.13
"tonight st time",5,342142,62.13
"tony dean type",5,342147,62.13
"tools required acquire",5,342152,62.13
"totally going use",5,342157,62.13
"train ride home",5,342162,62.13
"travels good luck",5,342167,62.14
"treat sets standard",5,342172,62.14
"try get trending",5,342177,62.14
"try take nap",5,342182,62.14
"trying figure take",5,342187,62.14
"trying figure wear",5,342192,62.14
"trying make comeback",5,342197,62.14
"trying make easier",5,342202,62.14
"tues mar th",5,342207,62.14
"turn lights party",5,342212,62.14
"tweet need help",5,342217,62.14
"tweet spread word",5,342222,62.15
"tweets don want",5,342227,62.15
"tweets good morning",5,342232,62.15
"tweets great weekend",5,342237,62.15
"twice last night",5,342242,62.15
"twice last year",5,342247,62.15
"twitter account go",5,342252,62.15
"twitter feed get",5,342257,62.15
"twitter feed today",5,342262,62.15
"twitter follow great",5,342267,62.15
"twitter follow updates",5,342272,62.15
"twitter give follow",5,342277,62.16
"twitter hope great",5,342282,62.16
"twitter new facebook",5,342287,62.16
"twitter place get",5,342292,62.16
"ty kind words",5,342297,62.16
"type guy want",5,342302,62.16
"ugh head hurts",5,342307,62.16
"uh oh guess",5,342312,62.16
"ultra lounge anaheim",5,342317,62.16
"universe make happen",5,342322,62.16
"unusual people think",5,342327,62.16
"use abstract art",5,342332,62.17
"use coupon full",5,342337,62.17
"use facebook protest",5,342342,62.17
"use google apps",5,342347,62.17
"use twitter anymore",5,342352,62.17
"used long time",5,342357,62.17
"valentine day everybody",5,342362,62.17
"valentine day make",5,342367,62.17
"value bring hour",5,342372,62.17
"vegetarian old indian",5,342377,62.17
"video last week",5,342382,62.17
"vision become clear",5,342387,62.18
"visiting angels san",5,342392,62.18
"vote awards finals",5,342397,62.18
"vote best neighborhood",5,342402,62.18
"wait believe come",5,342407,62.18
"wait bulls game",5,342412,62.18
"wait going great",5,342417,62.18
"wait hear come",5,342422,62.18
"wait hear story",5,342427,62.18
"wait make sure",5,342432,62.18
"wait ur new",5,342437,62.18
"wait www com",5,342442,62.19
"wake day thankful",5,342447,62.19
"wake wake st",5,342452,62.19
"walking faster dressing",5,342457,62.19
"wall chance win",5,342462,62.19
"wall st journal",5,342467,62.19
"walls keep cares",5,342472,62.19
"wanna chill tonight",5,342477,62.19
"wanna get hair",5,342482,62.19
"wanna know don",5,342487,62.19
"wanna know truth",5,342492,62.19
"wanna talk don",5,342497,62.2
"wanna talk get",5,342502,62.2
"wanna talk say",5,342507,62.2
"want come let",5,342512,62.2
"want man don",5,342517,62.2
"want ride bicycle",5,342522,62.2
"want ride bike",5,342527,62.2
"want spend day",5,342532,62.2
"want white girl",5,342537,62.2
"wanting get dale",5,342542,62.2
"wants happiness wants",5,342547,62.2
"wants pain rainbow",5,342552,62.21
"wars blu ray",5,342557,62.21
"waste time looking",5,342562,62.21
"waste time voice",5,342567,62.21
"watch actions become",5,342572,62.21
"watching client list",5,342577,62.21
"way did last",5,342582,62.21
"way get involved",5,342587,62.21
"way great day",5,342592,62.21
"way home robert",5,342597,62.21
"way mark twain",5,342602,62.21
"way treat way",5,342607,62.22
"ways use twitter",5,342612,62.22
"wear shirt tomorrow",5,342617,62.22
"wear white labor",5,342622,62.22
"wears dark glasses",5,342627,62.22
"wedding countdown continues",5,342632,62.22
"week half left",5,342637,62.22
"week starts tonight",5,342642,62.22
"weekend anyone know",5,342647,62.22
"weekend mother day",5,342652,62.22
"weekend stay safe",5,342657,62.22
"weird like called",5,342662,62.23
"weird things like",5,342667,62.23
"welcome new facebook",5,342672,62.23
"went bike ride",5,342677,62.23
"went game last",5,342682,62.23
"went gym today",5,342687,62.23
"went taco bell",5,342692,62.23
"whats good love",5,342697,62.23
"white chocolate raspberry",5,342702,62.23
"whitney houston great",5,342707,62.23
"whitney rest peace",5,342712,62.23
"wife gave birth",5,342717,62.24
"wife just got",5,342722,62.24
"willing work hard",5,342727,62.24
"wine age older",5,342732,62.24
"winning national championship",5,342737,62.24
"wisdom dream high",5,342742,62.24
"wish best friends",5,342747,62.24
"wish guys best",5,342752,62.24
"wish luck tonight",5,342757,62.24
"wishing wonderful day",5,342762,62.24
"woke early today",5,342767,62.24
"women children families",5,342772,62.25
"women don get",5,342777,62.25
"women health issues",5,342782,62.25
"won come easy",5,342787,62.25
"won football game",5,342792,62.25
"won free tickets",5,342797,62.25
"won let use",5,342802,62.25
"wonder long last",5,342807,62.25
"wonderful day friends",5,342812,62.25
"woo push woo",5,342817,62.25
"wood took traveled",5,342822,62.25
"words attitude actions",5,342827,62.26
"words watch words",5,342832,62.26
"work day get",5,342837,62.26
"work get week",5,342842,62.26
"work get work",5,342847,62.26
"work happy new",5,342852,62.26
"work just did",5,342857,62.26
"work today don",5,342862,62.26
"work word friend",5,342867,62.26
"work work plan",5,342872,62.26
"working make happen",5,342877,62.26
"working morning shift",5,342882,62.27
"works hard life",5,342887,62.27
"world canvas imagination",5,342892,62.27
"world ending year",5,342897,62.27
"world non profit",5,342902,62.27
"world people exist",5,342907,62.27
"world people use",5,342912,62.27
"world series last",5,342917,62.27
"world series ring",5,342922,62.27
"world unless change",5,342927,62.27
"worst days life",5,342932,62.27
"wow haven twitter",5,342937,62.28
"wow whitney houston",5,342942,62.28
"wrong don care",5,342947,62.28
"wrong william shakespeare",5,342952,62.28
"www com answer",5,342957,62.28
"www com book",5,342962,62.28
"www com film",5,342967,62.28
"www com going",5,342972,62.28
"www com shows",5,342977,62.28
"www com stop",5,342982,62.28
"www com team",5,342987,62.28
"yard work today",5,342992,62.29
"yeah buddy let",5,342997,62.29
"yeah just read",5,343002,62.29
"yeah just went",5,343007,62.29
"yeah know people",5,343012,62.29
"yeah lot fun",5,343017,62.29
"year feel like",5,343022,62.29
"years don think",5,343027,62.29
"years resolution get",5,343032,62.29
"years years ago",5,343037,62.29
"yes better mind",5,343042,62.29
"yes big time",5,343047,62.3
"yes just happened",5,343052,62.3
"yes just tell",5,343057,62.3
"yes sir let",5,343062,62.3
"yo yo yo",5,343067,62.3
"york los angeles",5,343072,62.3
"young money cash",5,343077,62.3
"young set world",5,343082,62.3
"zip double cup",5,343087,62.3
"ace ace ace",5,343092,62.3
"andrea love andrea",5,343097,62.3
"away sat nights",5,343102,62.31
"broken sorry means",5,343107,62.31
"brought last night",5,343112,62.31
"chicago contractors chicago",5,343117,62.31
"child yell carry",5,343122,62.31
"class last class",5,343127,62.31
"come later week",5,343132,62.31
"come ny soon",5,343137,62.31
"come playoff time",5,343142,62.31
"day weekend going",5,343147,62.31
"dispute la dispute",5,343152,62.31
"effort fully releases",5,343157,62.32
"extra base hits",5,343162,62.32
"feel like things",5,343167,62.32
"feel myself getting",5,343172,62.32
"finally got copy",5,343177,62.32
"fingers crossed rain",5,343182,62.32
"florida www com",5,343187,62.32
"fresh coat paint",5,343192,62.32
"fully releases reward",5,343197,62.32
"fun filled night",5,343202,62.32
"game ne plus",5,343207,62.32
"genius percent inspiration",5,343212,62.33
"genius victor hugo",5,343217,62.33
"giving away sat",5,343222,62.33
"go school finish",5,343227,62.33
"good morning buddy",5,343232,62.33
"gov jerry brown",5,343237,62.33
"great night run",5,343242,62.33
"haven time enjoy",5,343247,62.33
"having fun right",5,343252,62.33
"health haven time",5,343257,62.33
"hey email address",5,343262,62.33
"hit base hit",5,343267,62.33
"inspiration genius victor",5,343272,62.34
"just following people",5,343277,62.34
"just going end",5,343282,62.34
"liberty give patrick",5,343287,62.34
"light salvation shall",5,343292,62.34
"like soy sauce",5,343297,62.34
"lot don like",5,343302,62.34
"love andrea love",5,343307,62.34
"low sell high",5,343312,62.34
"lyrics open poetry",5,343317,62.34
"make happen need",5,343322,62.34
"means value relationship",5,343327,62.35
"memorial day parade",5,343332,62.35
"miss last chance",5,343337,62.35
"ne plus hotel",5,343342,62.35
"night just want",5,343347,62.35
"open poetry jam",5,343352,62.35
"percent inspiration percent",5,343357,62.35
"photo last night",5,343362,62.35
"plus hotel follow",5,343367,62.35
"proud part amazing",5,343372,62.35
"record new music",5,343377,62.35
"register today www",5,343382,62.36
"releases reward person",5,343387,62.36
"right fall asleep",5,343392,62.36
"rings rings rings",5,343397,62.36
"san francisco want",5,343402,62.36
"sports tonight talking",5,343407,62.36
"sunshine blue skies",5,343412,62.36
"th grade girl",5,343417,62.36
"thought thought thought",5,343422,62.36
"today international kissing",5,343427,62.36
"try tell said",5,343432,62.36
"value relationship ego",5,343437,62.37
"vote turf vote",5,343442,62.37
"wanna get bad",5,343447,62.37
"want co own",5,343452,62.37
"want grab lunch",5,343457,62.37
"want walk away",5,343462,62.37
"watch law order",5,343467,62.37
"watching health haven",5,343472,62.37
"wearing ed hardy",5,343477,62.37
"week last year",5,343482,62.37
"women say men",5,343487,62.37
"wonderful th july",5,343492,62.38
"work awesome people",5,343497,62.38
"work done tonight",5,343502,62.38
"world spend time",5,343507,62.38
"zombies zombies zombies",5,343512,62.38
"abc ability breaks",4,343516,62.38
"abc portland spirit",4,343520,62.38
"abc red carpet",4,343524,62.38
"abc watch entire",4,343528,62.38
"ability ability start",4,343532,62.38
"ability breaks courage",4,343536,62.38
"ability catch demand",4,343540,62.38
"ability stick thing",4,343544,62.39
"ability tell man",4,343548,62.39
"ability triumph begins",4,343552,62.39
"able get done",4,343556,62.39
"able get go",4,343560,62.39
"able get home",4,343564,62.39
"able get online",4,343568,62.39
"able get twitter",4,343572,62.39
"able tell difference",4,343576,62.39
"able watch tonight",4,343580,62.39
"abroad study abroad",4,343584,62.39
"absence clearly defined",4,343588,62.39
"absence mark twain",4,343592,62.39
"absolutely beautiful love",4,343596,62.39
"absolutely gorgeous today",4,343600,62.4
"absolutely great job",4,343604,62.4
"absolutely inside having",4,343608,62.4
"absolutely love music",4,343612,62.4
"absolutely love people",4,343616,62.4
"absolutely love tweets",4,343620,62.4
"absolutely love ur",4,343624,62.4
"absorb cholesterol take",4,343628,62.4
"abstract emotional art",4,343632,62.4
"absurd man rule",4,343636,62.4
"abundance acquire tune",4,343640,62.4
"abundance large part",4,343644,62.4
"accept conditions exist",4,343648,62.4
"accept follow request",4,343652,62.4
"accept signal plans",4,343656,62.41
"accept spite unacceptable",4,343660,62.41
"accept worst don",4,343664,62.41
"accepting credit cards",4,343668,62.41
"accident involving school",4,343672,62.41
"accidents dark cause",4,343676,62.41
"accomplish opposition encountered",4,343680,62.41
"accomplishments make somebody",4,343684,62.41
"account allowed perform",4,343688,62.41
"account days ago",4,343692,62.41
"account main hope",4,343696,62.41
"achieve direct proportion",4,343700,62.41
"achieved conscious pursuit",4,343704,62.41
"achieved ralph emerson",4,343708,62.42
"achievement foundation courage",4,343712,62.42
"acquire extraordinary mind",4,343716,62.42
"acquire new thinking",4,343720,62.42
"act impossible fail",4,343724,62.42
"act paying positive",4,343728,62.42
"act sings go",4,343732,62.42
"acting class today",4,343736,62.42
"acting like cool",4,343740,62.42
"acting like crazy",4,343744,62.42
"acting like got",4,343748,62.42
"acting like knew",4,343752,62.42
"acting like little",4,343756,62.42
"acting like men",4,343760,62.42
"acting question people",4,343764,62.43
"action brings dream",4,343768,62.43
"action inspiration inspiration",4,343772,62.43
"actions louder words",4,343776,62.43
"acts secret success",4,343780,62.43
"actually doing work",4,343784,62.43
"actually feel good",4,343788,62.43
"actually gonna try",4,343792,62.43
"actually kinda like",4,343796,62.43
"actually look good",4,343800,62.43
"actually made happen",4,343804,62.43
"actually take time",4,343808,62.43
"actually trying get",4,343812,62.43
"ad looks like",4,343816,62.43
"adam eve adam",4,343820,62.44
"adam eve don",4,343824,62.44
"adams learned good",4,343828,62.44
"add bucket list",4,343832,62.44
"add insult injury",4,343836,62.44
"add new followers",4,343840,62.44
"add reading list",4,343844,62.44
"add unlimited go",4,343848,62.44
"add value life",4,343852,62.44
"adding own experience",4,343856,62.44
"address ill send",4,343860,62.44
"address used sign",4,343864,62.44
"adds points nasdaq",4,343868,62.44
"admission free members",4,343872,62.44
"admit age men",4,343876,62.45
"admit changes gone",4,343880,62.45
"adore adore ones",4,343884,62.45
"adore ones ignore",4,343888,62.45
"adults acting like",4,343892,62.45
"advanced basement systems",4,343896,62.45
"advanced social media",4,343900,62.45
"advanced technology magic",4,343904,62.45
"advertising clients products",4,343908,62.45
"advertising save money",4,343912,62.45
"advertising totally unnecessary",4,343916,62.45
"advice don get",4,343920,62.45
"affect successful outcome",4,343924,62.45
"affected high degree",4,343928,62.46
"affection dream perfection",4,343932,62.46
"afford wine start",4,343936,62.46
"affordable art fair",4,343940,62.46
"afraid growing slowly",4,343944,62.46
"afraid meeting challenges",4,343948,62.46
"afraid remember original",4,343952,62.46
"afraid take risk",4,343956,62.46
"afraid take risks",4,343960,62.46
"afternoon evening night",4,343964,62.46
"afternoon hope good",4,343968,62.46
"afternoon wicked tweeters",4,343972,62.46
"age content take",4,343976,62.46
"age men act",4,343980,62.46
"age robert frost",4,343984,62.47
"age youth fifty",4,343988,62.47
"agency percent confusion",4,343992,62.47
"agents use keep",4,343996,62.47
"aggravated happy hurt",4,344000,62.47
"ago don know",4,344004,62.47
"ago galaxy far",4,344008,62.47
"ago kept flipping",4,344012,62.47
"ago looks like",4,344016,62.47
"agree don want",4,344020,62.47
"agree just saying",4,344024,62.47
"agree need get",4,344028,62.47
"agree social media",4,344032,62.47
"ah good life",4,344036,62.47
"ah good morning",4,344040,62.48
"ah ha just",4,344044,62.48
"ah ha moment",4,344048,62.48
"ah man just",4,344052,62.48
"ah ok good",4,344056,62.48
"ah okay sorry",4,344060,62.48
"ah spoke soon",4,344064,62.48
"ahead lets get",4,344068,62.48
"ahead music industry",4,344072,62.48
"aims achieve anything",4,344076,62.48
"airplane takes wind",4,344080,62.48
"airport new york",4,344084,62.48
"al want follow",4,344088,62.48
"albert einstein born",4,344092,62.48
"albert einstein quote",4,344096,62.49
"albuquerque chamber commerce",4,344100,62.49
"albuquerque film festival",4,344104,62.49
"alcohol alcohol taken",4,344108,62.49
"alcohol alcoholic drink",4,344112,62.49
"alcohol patient wait",4,344116,62.49
"alcoholic pick time",4,344120,62.49
"alert injury near",4,344124,62.49
"alert issued effect",4,344128,62.49
"alert semi near",4,344132,62.49
"alexander street press",4,344136,62.49
"ali savage traits",4,344140,62.49
"alive come turn",4,344144,62.49
"alive haven seen",4,344148,62.49
"alive reason don",4,344152,62.5
"allen mom play",4,344156,62.5
"allen practice rant",4,344160,62.5
"allow recognize good",4,344164,62.5
"allowed perform action",4,344168,62.5
"allows step event",4,344172,62.5
"alone saturday night",4,344176,62.5
"alter lives attitudes",4,344180,62.5
"amazing amazing amazing",4,344184,62.5
"amazing beautiful person",4,344188,62.5
"amazing birthday love",4,344192,62.5
"amazing birthday present",4,344196,62.5
"amazing dinner last",4,344200,62.5
"amazing event yesterday",4,344204,62.51
"amazing fingers crossed",4,344208,62.51
"amazing get better",4,344212,62.51
"amazing got meet",4,344216,62.51
"amazing group women",4,344220,62.51
"amazing happy birthday",4,344224,62.51
"amazing love new",4,344228,62.51
"amazing make proud",4,344232,62.51
"amazing really talented",4,344236,62.51
"amazing thanks making",4,344240,62.51
"amazing tonight love",4,344244,62.51
"amazing wont easy",4,344248,62.51
"amazing year old",4,344252,62.51
"amazon cd baby",4,344256,62.51
"america artist showcase",4,344260,62.52
"america obsession parts",4,344264,62.52
"americans health insurance",4,344268,62.52
"amount life exchange",4,344272,62.52
"amount money make",4,344276,62.52
"amount work done",4,344280,62.52
"ana star center",4,344284,62.52
"analyst consultant work",4,344288,62.52
"anderson cooper just",4,344292,62.52
"anderson use caution",4,344296,62.52
"android app week",4,344300,62.52
"android market game",4,344304,62.52
"android tablet review",4,344308,62.52
"android text size",4,344312,62.52
"angel story get",4,344316,62.53
"angeles ca live",4,344320,62.53
"angeles ca need",4,344324,62.53
"angeles san diego",4,344328,62.53
"angels gives wings",4,344332,62.53
"anger escape hundred",4,344336,62.53
"anger forward awareness",4,344340,62.53
"anger management issues",4,344344,62.53
"animals allow run",4,344348,62.53
"animals eat young",4,344352,62.53
"ann romney job",4,344356,62.53
"anniversary mom dad",4,344360,62.53
"announce appeals ct",4,344364,62.53
"announce tour dates",4,344368,62.53
"announcing daily tweets",4,344372,62.54
"annoying feeling dying",4,344376,62.54
"annoying leave alone",4,344380,62.54
"annoying moment slow",4,344384,62.54
"annual easter egg",4,344388,62.54
"annual food drive",4,344392,62.54
"annual walk starting",4,344396,62.54
"answer da phone",4,344400,62.54
"answer later today",4,344404,62.54
"answer ways says",4,344408,62.54
"answer yo phone",4,344412,62.54
"anti aging include",4,344416,62.54
"anti bullying play",4,344420,62.54
"anti social just",4,344424,62.55
"anti social media",4,344428,62.55
"antonio event center",4,344432,62.55
"anybody feels like",4,344436,62.55
"anybody take chance",4,344440,62.55
"anybody wanna join",4,344444,62.55
"anybody wanna take",4,344448,62.55
"anymore don get",4,344452,62.55
"anymore fridge coming",4,344456,62.55
"anymore mean don",4,344460,62.55
"anymore shelf bookstore",4,344464,62.55
"anyone actually think",4,344468,62.55
"anyone care share",4,344472,62.55
"anyone dc area",4,344476,62.55
"anyone feel way",4,344480,62.56
"anyone getting married",4,344484,62.56
"anyone help get",4,344488,62.56
"anyone just feel",4,344492,62.56
"anyone make meet",4,344496,62.56
"anyone maybe just",4,344500,62.56
"anyone needs help",4,344504,62.56
"anyone passionate takes",4,344508,62.56
"anyone recommend great",4,344512,62.56
"anyone stops learning",4,344516,62.56
"anyone tried new",4,344520,62.56
"anyone use twitter",4,344524,62.56
"anyone want anything",4,344528,62.56
"anyone want hit",4,344532,62.56
"anyone want invite",4,344536,62.57
"anyone want know",4,344540,62.57
"anyone want sneak",4,344544,62.57
"anyone watching tonight",4,344548,62.57
"anything amount life",4,344552,62.57
"anything deliver people",4,344556,62.57
"anything don feel",4,344560,62.57
"anything entire world",4,344564,62.57
"anything fun today",4,344568,62.57
"anything goes wrong",4,344572,62.57
"anything interesting happening",4,344576,62.57
"anything make look",4,344580,62.57
"anything mother day",4,344584,62.57
"anything need know",4,344588,62.57
"anything personally don",4,344592,62.58
"anything special planned",4,344596,62.58
"anything www com",4,344600,62.58
"anywhere expensive take",4,344604,62.58
"anywhere frank clark",4,344608,62.58
"apart crying inside",4,344612,62.58
"apart evening arts",4,344616,62.58
"apart realize need",4,344620,62.58
"apologize get permission",4,344624,62.58
"app android market",4,344628,62.58
"app answer trivia",4,344632,62.58
"app available iphone",4,344636,62.58
"app called creates",4,344640,62.58
"app phone just",4,344644,62.59
"app real time",4,344648,62.59
"apparently look like",4,344652,62.59
"apparently need make",4,344656,62.59
"appeal simplicity hope",4,344660,62.59
"appeals ct ruled",4,344664,62.59
"appetizers house wines",4,344668,62.59
"apple co founder",4,344672,62.59
"apple genius bar",4,344676,62.59
"apple market cap",4,344680,62.59
"apples don count",4,344684,62.59
"application part says",4,344688,62.59
"appreciate continued support",4,344692,62.59
"appreciate following pc",4,344696,62.59
"appreciate good ones",4,344700,62.6
"appreciate quick response",4,344704,62.6
"appreciate silence absence",4,344708,62.6
"appreciate support help",4,344712,62.6
"appreciate support hope",4,344716,62.6
"appreciate support look",4,344720,62.6
"appreciation wonderful thing",4,344724,62.6
"approval consciousness doing",4,344728,62.6
"april autism awareness",4,344732,62.6
"april pm theater",4,344736,62.6
"april th coming",4,344740,62.6
"april th day",4,344744,62.6
"april th excited",4,344748,62.6
"april th just",4,344752,62.6
"april th let",4,344756,62.61
"april th www",4,344760,62.61
"architecture market shares",4,344764,62.61
"area come visit",4,344768,62.61
"area fantasy basketball",4,344772,62.61
"area make sure",4,344776,62.61
"argue limitations sure",4,344780,62.61
"armed forces radio",4,344784,62.61
"arms rescue cause",4,344788,62.61
"arrested anything say",4,344792,62.61
"arrested miami charges",4,344796,62.61
"arrested year old",4,344800,62.61
"arrow fruit flies",4,344804,62.61
"art car parade",4,344808,62.61
"art collaboration artist",4,344812,62.62
"art fine art",4,344816,62.62
"art low price",4,344820,62.62
"art ralph emerson",4,344824,62.62
"art walk tonight",4,344828,62.62
"art walk weekend",4,344832,62.62
"article must read",4,344836,62.62
"artist fail success",4,344840,62.62
"artist gift gift",4,344844,62.62
"artist won best",4,344848,62.62
"artists boot camp",4,344852,62.62
"artists depend fan",4,344856,62.62
"artists lot marketing",4,344860,62.62
"artists open house",4,344864,62.63
"artists perform free",4,344868,62.63
"artists sign record",4,344872,62.63
"artists submit songs",4,344876,62.63
"artists tell dreams",4,344880,62.63
"artists working poised",4,344884,62.63
"arts crafts stories",4,344888,62.63
"asap alpha party",4,344892,62.63
"ashamed sad longer",4,344896,62.63
"ashamed won victory",4,344900,62.63
"ask believe receive",4,344904,62.63
"ask better day",4,344908,62.63
"ask get started",4,344912,62.63
"ask myself daily",4,344916,62.63
"ask questions email",4,344920,62.64
"ask questions make",4,344924,62.64
"ask questions twitter",4,344928,62.64
"ask random questions",4,344932,62.64
"ask ur mom",4,344936,62.64
"asked wanted go",4,344940,62.64
"asking advice going",4,344944,62.64
"asking question know",4,344948,62.64
"asleep wide awake",4,344952,62.64
"assembly ikea furniture",4,344956,62.64
"assets don recognize",4,344960,62.64
"assets health ins",4,344964,62.64
"assured world raise",4,344968,62.64
"ate last week",4,344972,62.64
"atlanta world championship",4,344976,62.65
"atmosphere gratitude life",4,344980,62.65
"attached perfect match",4,344984,62.65
"attacked year old",4,344988,62.65
"attend th annual",4,344992,62.65
"attention affection dream",4,344996,62.65
"attention critics say",4,345000,62.65
"attention deficit disorder",4,345004,62.65
"attention people great",4,345008,62.65
"attention people help",4,345012,62.65
"attitude given set",4,345016,62.65
"attitudes worth catching",4,345020,62.65
"attract positive things",4,345024,62.65
"attractive aware statement",4,345028,62.65
"auction last night",4,345032,62.66
"audience choice award",4,345036,62.66
"audience social media",4,345040,62.66
"audio www com",4,345044,62.66
"auditions begin today",4,345048,62.66
"aunt passed away",4,345052,62.66
"austin come indonesia",4,345056,62.66
"austin follow make",4,345060,62.66
"austin free open",4,345064,62.66
"austin get trending",4,345068,62.66
"austin just got",4,345072,62.66
"austin love love",4,345076,62.66
"austin pets alive",4,345080,62.66
"author new book",4,345084,62.66
"auto body repair",4,345088,62.67
"auto repair bills",4,345092,62.67
"automatic new car",4,345096,62.67
"available limited time",4,345100,62.67
"ave cleveland ohio",4,345104,62.67
"ave ny red",4,345108,62.67
"ave tomorrow pm",4,345112,62.67
"avengers box office",4,345116,62.67
"avengers greatest movie",4,345120,62.67
"avengers star wars",4,345124,62.67
"avocado new vegetable",4,345128,62.67
"avoid eye contact",4,345132,62.67
"avoid ghetto option",4,345136,62.67
"avoid negative people",4,345140,62.68
"avoid sugar shock",4,345144,62.68
"aw looks like",4,345148,62.68
"aw love guys",4,345152,62.68
"aw miss guys",4,345156,62.68
"aw sorry love",4,345160,62.68
"aw thanks hun",4,345164,62.68
"aw thanks miss",4,345168,62.68
"aw thanks pretty",4,345172,62.68
"awake fall asleep",4,345176,62.68
"awake middle night",4,345180,62.68
"award best actor",4,345184,62.68
"award best book",4,345188,62.68
"award best new",4,345192,62.68
"awards ceremony tonight",4,345196,62.69
"awards crystal cruise",4,345200,62.69
"awards red carpet",4,345204,62.69
"awards www com",4,345208,62.69
"away careful push",4,345212,62.69
"away center court",4,345216,62.69
"away don come",4,345220,62.69
"away don know",4,345224,62.69
"away east coast",4,345228,62.69
"away everyday rain",4,345232,62.69
"away holds stop",4,345236,62.69
"away last year",4,345240,62.69
"away like just",4,345244,62.69
"away love song",4,345248,62.69
"away rainy day",4,345252,62.7
"away right say",4,345256,62.7
"away spring break",4,345260,62.7
"away super bowl",4,345264,62.7
"away twitter days",4,345268,62.7
"away ugly christmas",4,345272,62.7
"awesome come check",4,345276,62.7
"awesome day just",4,345280,62.7
"awesome day new",4,345284,62.7
"awesome day work",4,345288,62.7
"awesome day working",4,345292,62.7
"awesome don think",4,345296,62.7
"awesome food drink",4,345300,62.7
"awesome fun day",4,345304,62.7
"awesome go check",4,345308,62.71
"awesome let go",4,345312,62.71
"awesome love new",4,345316,62.71
"awesome moment telling",4,345320,62.71
"awesome news coming",4,345324,62.71
"awesome performance tonight",4,345328,62.71
"awesome thanks came",4,345332,62.71
"awesome thanks great",4,345336,62.71
"awesome work guys",4,345340,62.71
"awesome year old",4,345344,62.71
"awkward annoying unwanted",4,345348,62.71
"awkward car ride",4,345352,62.71
"baby bucket list",4,345356,62.71
"baby get better",4,345360,62.72
"baby girl get",4,345364,62.72
"baby girl got",4,345368,62.72
"baby girl happy",4,345372,62.72
"baby girl know",4,345376,62.72
"baby girl miss",4,345380,62.72
"baby girl today",4,345384,62.72
"baby go sleep",4,345388,62.72
"baby good luck",4,345392,62.72
"baby hear heart",4,345396,62.72
"baby know want",4,345400,62.72
"baby let know",4,345404,62.72
"baby like rest",4,345408,62.72
"baby make feel",4,345412,62.72
"baby month women",4,345416,62.73
"baby saw bath",4,345420,62.73
"baby sell water",4,345424,62.73
"baby world like",4,345428,62.73
"baby www com",4,345432,62.73
"bachelor party weekend",4,345436,62.73
"backs tattoos snap",4,345440,62.73
"bacon milk shake",4,345444,62.73
"bacon tasty order",4,345448,62.73
"bacon wrapped chicken",4,345452,62.73
"bad april fools",4,345456,62.73
"bad boys bad",4,345460,62.73
"bad day day",4,345464,62.73
"bad days good",4,345468,62.73
"bad decision making",4,345472,62.74
"bad did get",4,345476,62.74
"bad experience victoria",4,345480,62.74
"bad going get",4,345484,62.74
"bad got bad",4,345488,62.74
"bad idea don",4,345492,62.74
"bad idea morning",4,345496,62.74
"bad movie just",4,345500,62.74
"bad news hope",4,345504,62.74
"bad really need",4,345508,62.74
"bad thing having",4,345512,62.74
"bad want go",4,345516,62.74
"badgers spring game",4,345520,62.74
"bag worth donation",4,345524,62.74
"bake goods bakery",4,345528,62.75
"bake sale tomorrow",4,345532,62.75
"baked potato soup",4,345536,62.75
"baked sweet potatoes",4,345540,62.75
"bakery best buys",4,345544,62.75
"balance simply haven",4,345548,62.75
"ball sized hail",4,345552,62.75
"baltimore real estate",4,345556,62.75
"baltimore talk caps",4,345560,62.75
"ban plastic bags",4,345564,62.75
"band called love",4,345568,62.75
"band check em",4,345572,62.75
"band concert tonight",4,345576,62.75
"band feat glenn",4,345580,62.76
"band let know",4,345584,62.76
"band recently heard",4,345588,62.76
"bands ft cap",4,345592,62.76
"bank give man",4,345596,62.76
"bank rob world",4,345600,62.76
"banks looking forward",4,345604,62.76
"banner saints season",4,345608,62.76
"bar bud light",4,345612,62.76
"bar come enjoy",4,345616,62.76
"bar starting pm",4,345620,62.76
"bar sunset towers",4,345624,62.76
"bar tasting room",4,345628,62.76
"barely tweeted today",4,345632,62.76
"baron davis knee",4,345636,62.77
"barrel bar high",4,345640,62.77
"base continue making",4,345644,62.77
"baseball deep league",4,345648,62.77
"based horse race",4,345652,62.77
"basement smells like",4,345656,62.77
"basic graphic design",4,345660,62.77
"basic groups upward",4,345664,62.77
"basic instructions leaving",4,345668,62.77
"basketball games tonight",4,345672,62.77
"basketball gold jewelry",4,345676,62.77
"basketball player just",4,345680,62.77
"bath toys radio",4,345684,62.77
"batteries getting weak",4,345688,62.77
"battle both end",4,345692,62.78
"bay area day",4,345696,62.78
"bay area love",4,345700,62.78
"bay area photographer",4,345704,62.78
"bay area th",4,345708,62.78
"bay area wedding",4,345712,62.78
"bay packers super",4,345716,62.78
"bbq chicken sub",4,345720,62.78
"bbq facebook phone",4,345724,62.78
"bc live maybe",4,345728,62.78
"beach food wine",4,345732,62.78
"beach san diego",4,345736,62.78
"beach tonight pm",4,345740,62.78
"beans coffee plant",4,345744,62.78
"bears super bowl",4,345748,62.79
"beat broadcasting live",4,345752,62.79
"beat em join",4,345756,62.79
"beat nba team",4,345760,62.79
"beat words friends",4,345764,62.79
"beat writer troy",4,345768,62.79
"beatles white album",4,345772,62.79
"beautiful don know",4,345776,62.79
"beautiful instead hot",4,345780,62.79
"beautiful january day",4,345784,62.79
"beautiful lips closed",4,345788,62.79
"beautiful outside inside",4,345792,62.79
"beautiful person know",4,345796,62.79
"beautiful plants sale",4,345800,62.79
"beautiful productive day",4,345804,62.8
"beautiful saturday morning",4,345808,62.8
"beautiful soul love",4,345812,62.8
"beautiful spring weather",4,345816,62.8
"beautiful things life",4,345820,62.8
"beauty art ralph",4,345824,62.8
"beauty butterfly rarely",4,345828,62.8
"beauty left happy",4,345832,62.8
"beauty present nature",4,345836,62.8
"beauty sleep need",4,345840,62.8
"beauty taste creation",4,345844,62.8
"become absolutely free",4,345848,62.8
"become character character",4,345852,62.8
"become gave holidays",4,345856,62.81
"become great mark",4,345860,62.81
"become lead new",4,345864,62.81
"become member www",4,345868,62.81
"become part soon",4,345872,62.81
"become person said",4,345876,62.81
"become reality les",4,345880,62.81
"become strangely loyal",4,345884,62.81
"become tomorrow forget",4,345888,62.81
"becomes best friend",4,345892,62.81
"becomes emergency arnold",4,345896,62.81
"becomes faculty loses",4,345900,62.81
"becoming combination states",4,345904,62.81
"bed falling asleep",4,345908,62.81
"bed get sleep",4,345912,62.82
"bed go bed",4,345916,62.82
"bed just like",4,345920,62.82
"bed just want",4,345924,62.82
"bed long night",4,345928,62.82
"bed making mental",4,345932,62.82
"bed roses sink",4,345936,62.82
"bed seems like",4,345940,62.82
"bed smile face",4,345944,62.82
"bed sweet dreams",4,345948,62.82
"bed wake early",4,345952,62.82
"bedroom probably just",4,345956,62.82
"beer chocolate tasting",4,345960,62.82
"beer good food",4,345964,62.82
"beer good thing",4,345968,62.83
"beer mixed drink",4,345972,62.83
"beers happy hour",4,345976,62.83
"began appear born",4,345980,62.83
"begin courage succeed",4,345984,62.83
"begin soul body",4,345988,62.83
"begin tweet tweet",4,345992,62.83
"beginning ivy baker",4,345996,62.83
"begins cough goo",4,346000,62.83
"begins pm come",4,346004,62.83
"behalf toast tweets",4,346008,62.83
"behave way eat",4,346012,62.83
"believe ahead music",4,346016,62.83
"believe anything say",4,346020,62.83
"believe don think",4,346024,62.84
"believe dreams dreams",4,346028,62.84
"believe fate falls",4,346032,62.84
"believe frank important",4,346036,62.84
"believe imagination important",4,346040,62.84
"believe last day",4,346044,62.84
"believe lover end",4,346048,62.84
"believe spring break",4,346052,62.84
"believe time year",4,346056,62.84
"believe today last",4,346060,62.84
"believe tonight last",4,346064,62.84
"believe tour justin",4,346068,62.84
"believe word say",4,346072,62.84
"believe years old",4,346076,62.85
"believer official music",4,346080,62.85
"believes official spokesman",4,346084,62.85
"belong last year",4,346088,62.85
"bend don break",4,346092,62.85
"benefit artists future",4,346096,62.85
"benefit concert egypt",4,346100,62.85
"best band denver",4,346104,62.85
"best bang buck",4,346108,62.85
"best birth control",4,346112,62.85
"best burger town",4,346116,62.85
"best buys reflecting",4,346120,62.85
"best chance win",4,346124,62.85
"best city party",4,346128,62.85
"best classical music",4,346132,62.86
"best college football",4,346136,62.86
"best day far",4,346140,62.86
"best disney movie",4,346144,62.86
"best don like",4,346148,62.86
"best family friends",4,346152,62.86
"best fan base",4,346156,62.86
"best fans nba",4,346160,62.86
"best french toast",4,346164,62.86
"best fried chicken",4,346168,62.86
"best friends both",4,346172,62.86
"best friends ex",4,346176,62.86
"best friends people",4,346180,62.86
"best friends really",4,346184,62.86
"best friends time",4,346188,62.87
"best friends tomorrow",4,346192,62.87
"best gift got",4,346196,62.87
"best green chili",4,346200,62.87
"best grilled cheese",4,346204,62.87
"best indian food",4,346208,62.87
"best interest benjamin",4,346212,62.87
"best kind day",4,346216,62.87
"best law blogs",4,346220,62.87
"best let go",4,346224,62.87
"best looking house",4,346228,62.87
"best luck best",4,346232,62.87
"best luck buddy",4,346236,62.87
"best luck family",4,346240,62.87
"best luck good",4,346244,62.88
"best luck guys",4,346248,62.88
"best luck know",4,346252,62.88
"best luck move",4,346256,62.88
"best luck sir",4,346260,62.88
"best luck ur",4,346264,62.88
"best luck win",4,346268,62.88
"best merry christmas",4,346272,62.88
"best moment life",4,346276,62.88
"best mother longest",4,346280,62.88
"best motion picture",4,346284,62.88
"best part coming",4,346288,62.88
"best part don",4,346292,62.88
"best part having",4,346296,62.89
"best part morning",4,346300,62.89
"best part night",4,346304,62.89
"best part oscars",4,346308,62.89
"best part seeing",4,346312,62.89
"best part summer",4,346316,62.89
"best part sunday",4,346320,62.89
"best party town",4,346324,62.89
"best performance seen",4,346328,62.89
"best person met",4,346332,62.89
"best players league",4,346336,62.89
"best portion good",4,346340,62.89
"best restaurant awards",4,346344,62.89
"best revenge happiness",4,346348,62.89
"best revenge massive",4,346352,62.9
"best san diego",4,346356,62.9
"best sounds like",4,346360,62.9
"best sporting event",4,346364,62.9
"best thanks follow",4,346368,62.9
"best thanks great",4,346372,62.9
"best theme song",4,346376,62.9
"best thing created",4,346380,62.9
"best thing love",4,346384,62.9
"best thing said",4,346388,62.9
"best thing take",4,346392,62.9
"best thing think",4,346396,62.9
"best tim duncan",4,346400,62.9
"best time plant",4,346404,62.9
"best time real",4,346408,62.91
"best time start",4,346412,62.91
"best tweets twitter",4,346416,62.91
"best vision insight",4,346420,62.91
"best way appreciate",4,346424,62.91
"best way connect",4,346428,62.91
"best way cook",4,346432,62.91
"best way create",4,346436,62.91
"best way enjoy",4,346440,62.91
"best way gain",4,346444,62.91
"best way good",4,346448,62.91
"best way hang",4,346452,62.91
"best way help",4,346456,62.91
"best way just",4,346460,62.91
"best way knock",4,346464,62.92
"best way promote",4,346468,62.92
"best way sell",4,346472,62.92
"best way travel",4,346476,62.92
"best way use",4,346480,62.92
"best way watch",4,346484,62.92
"best week life",4,346488,62.92
"best wishes both",4,346492,62.92
"best wishes love",4,346496,62.92
"best wishes success",4,346500,62.92
"bet beautiful girl",4,346504,62.92
"bet don know",4,346508,62.92
"bet good luck",4,346512,62.92
"bet look great",4,346516,62.92
"bet mind jim",4,346520,62.93
"better believe get",4,346524,62.93
"better best tim",4,346528,62.93
"better bring game",4,346532,62.93
"better chance don",4,346536,62.93
"better customer service",4,346540,62.93
"better days ahead",4,346544,62.93
"better don want",4,346548,62.93
"better fade away",4,346552,62.93
"better find way",4,346556,62.93
"better get act",4,346560,62.93
"better get fixed",4,346564,62.93
"better get move",4,346568,62.93
"better get quick",4,346572,62.94
"better get rest",4,346576,62.94
"better having random",4,346580,62.94
"better hope get",4,346584,62.94
"better hope good",4,346588,62.94
"better hunger games",4,346592,62.94
"better left alone",4,346596,62.94
"better live own",4,346600,62.94
"better luck season",4,346604,62.94
"better luck tomorrow",4,346608,62.94
"better mood today",4,346612,62.94
"better need get",4,346616,62.94
"better pat riley",4,346620,62.94
"better questions result",4,346624,62.94
"better san diego",4,346628,62.95
"better soon man",4,346632,62.95
"better soon miss",4,346636,62.95
"better stay person",4,346640,62.95
"better telling truth",4,346644,62.95
"better tomorrow thinking",4,346648,62.95
"better twitter facebook",4,346652,62.95
"better web builder",4,346656,62.95
"better wise smart",4,346660,62.95
"bicycle bicycle bicycle",4,346664,62.95
"big admit mistakes",4,346668,62.95
"big arrested miami",4,346672,62.95
"big band jazz",4,346676,62.95
"big day lots",4,346680,62.95
"big eat big",4,346684,62.96
"big event coming",4,346688,62.96
"big event today",4,346692,62.96
"big family change",4,346696,62.96
"big fan big",4,346700,62.96
"big fan book",4,346704,62.96
"big fan don",4,346708,62.96
"big fan just",4,346712,62.96
"big fan make",4,346716,62.96
"big fan thank",4,346720,62.96
"big ice cream",4,346724,62.96
"big jet plane",4,346728,62.96
"big math test",4,346732,62.96
"big meeting tomorrow",4,346736,62.96
"big motivation way",4,346740,62.97
"big new followers",4,346744,62.97
"big parking lot",4,346748,62.97
"big rich texas",4,346752,62.97
"big second half",4,346756,62.97
"big sister love",4,346760,62.97
"big sunglasses ugly",4,346764,62.97
"big thanks hard",4,346768,62.97
"big thanks joining",4,346772,62.97
"big things going",4,346776,62.97
"big things tonight",4,346780,62.97
"big things year",4,346784,62.97
"big time games",4,346788,62.97
"big time movie",4,346792,62.98
"big time need",4,346796,62.98
"big time year",4,346800,62.98
"big welcome newest",4,346804,62.98
"big wish day",4,346808,62.98
"biggest fan got",4,346812,62.98
"biggest fan like",4,346816,62.98
"biggest fan really",4,346820,62.98
"biggest full moon",4,346824,62.98
"biggest hearts suffer",4,346828,62.98
"biggest little city",4,346832,62.98
"biggest problem communication",4,346836,62.98
"biggest room world",4,346840,62.98
"biggest social media",4,346844,62.98
"bike friendly city",4,346848,62.99
"bike take bus",4,346852,62.99
"biking calories burned",4,346856,62.99
"billion people live",4,346860,62.99
"billion times better",4,346864,62.99
"bin laden right",4,346868,62.99
"bird bird word",4,346872,62.99
"bird does sing",4,346876,62.99
"birthday awesome day",4,346880,62.99
"birthday big guy",4,346884,62.99
"birthday brother love",4,346888,62.99
"birthday countdown days",4,346892,62.99
"birthday fantastic day",4,346896,62.99
"birthday get follow",4,346900,62.99
"birthday hope happy",4,346904,63
"birthday janet jackson",4,346908,63
"birthday just day",4,346912,63
"birthday justin love",4,346916,63
"birthday leap year",4,346920,63
"birthday little brother",4,346924,63
"birthday little cousin",4,346928,63
"birthday long time",4,346932,63
"birthday love love",4,346936,63
"birthday love sis",4,346940,63
"birthday main man",4,346944,63
"birthday marines thank",4,346948,63
"birthday party day",4,346952,63
"birthday party month",4,346956,63
"birthday party weekend",4,346960,63.01
"birthday president obama",4,346964,63.01
"birthday ray ray",4,346968,63.01
"birthday september mean",4,346972,63.01
"birthday today best",4,346976,63.01
"birthday today great",4,346980,63.01
"bit hunger games",4,346984,63.01
"bit looking forward",4,346988,63.01
"biting hand feeds",4,346992,63.01
"blah blah yeah",4,346996,63.01
"blake look like",4,347000,63.01
"blank piece paper",4,347004,63.01
"blanket cold leg",4,347008,63.01
"blanket hot blanket",4,347012,63.02
"blast address contact",4,347016,63.02
"blast let know",4,347020,63.02
"blast thanks having",4,347024,63.02
"blast twitter looking",4,347028,63.02
"blend poetry got",4,347032,63.02
"blender don jerry",4,347036,63.02
"bless broken road",4,347040,63.02
"blessed day bless",4,347044,63.02
"blessed found work",4,347048,63.02
"blessed great day",4,347052,63.02
"blew away great",4,347056,63.02
"blew pt lead",4,347060,63.02
"blink patterns dry",4,347064,63.02
"bliss th heights",4,347068,63.03
"bliss universe open",4,347072,63.03
"blocked mm traffic",4,347076,63.03
"blocked use caution",4,347080,63.03
"blocking left lane",4,347084,63.03
"blocking right lane",4,347088,63.03
"blog action day",4,347092,63.03
"blog feel free",4,347096,63.03
"blog post come",4,347100,63.03
"blog post good",4,347104,63.03
"blog post happy",4,347108,63.03
"blog post hope",4,347112,63.03
"blog post look",4,347116,63.03
"blog post love",4,347120,63.03
"blog social media",4,347124,63.04
"blonde jokes know",4,347128,63.04
"bloody irish boys",4,347132,63.04
"blue belt status",4,347136,63.04
"blue colors freedom",4,347140,63.04
"blue happy blue",4,347144,63.04
"blue jeans expression",4,347148,63.04
"blue last night",4,347152,63.04
"blue line train",4,347156,63.04
"blue line trains",4,347160,63.04
"blue moon drafts",4,347164,63.04
"blue roses red",4,347168,63.04
"blue skies sunshine",4,347172,63.04
"blue sun shine",4,347176,63.04
"blue white weekend",4,347180,63.05
"blues last night",4,347184,63.05
"blvd north hollywood",4,347188,63.05
"board member great",4,347192,63.05
"bodies hit floor",4,347196,63.05
"body absorb cholesterol",4,347200,63.05
"body mind soul",4,347204,63.05
"body page google",4,347208,63.05
"boo just missed",4,347212,63.05
"boo just wanna",4,347216,63.05
"book day saturday",4,347220,63.05
"book gain control",4,347224,63.05
"book just came",4,347228,63.05
"book need read",4,347232,63.06
"book sale tomorrow",4,347236,63.06
"book spa package",4,347240,63.06
"book value buy",4,347244,63.06
"book worth reading",4,347248,63.06
"book www amazon",4,347252,63.06
"booking patio parties",4,347256,63.06
"books barnes noble",4,347260,63.06
"books hunger games",4,347264,63.06
"books mr morris",4,347268,63.06
"boost salon sales",4,347272,63.06
"bored just like",4,347276,63.06
"bored needs get",4,347280,63.06
"boring marilyn monroe",4,347284,63.06
"boring people use",4,347288,63.07
"born must happened",4,347292,63.07
"born new york",4,347296,63.07
"born today matters",4,347300,63.07
"born wrong era",4,347304,63.07
"borrow just gave",4,347308,63.07
"boss just called",4,347312,63.07
"boston marathon monday",4,347316,63.07
"boston philly game",4,347320,63.07
"both favor love",4,347324,63.07
"both need get",4,347328,63.07
"bother does care",4,347332,63.07
"bottle filter nearest",4,347336,63.07
"bought batteries included",4,347340,63.07
"bought brand new",4,347344,63.08
"bought house today",4,347348,63.08
"bought pairs shoes",4,347352,63.08
"bought prom dress",4,347356,63.08
"bought vip tickets",4,347360,63.08
"bought yrs ago",4,347364,63.08
"boulder brooks landing",4,347368,63.08
"bound looking forward",4,347372,63.08
"bout get eat",4,347376,63.08
"bout get started",4,347380,63.08
"bout go ham",4,347384,63.08
"bout go lunch",4,347388,63.08
"bout go play",4,347392,63.08
"bout go run",4,347396,63.08
"bout head home",4,347400,63.09
"bout watch think",4,347404,63.09
"bout watch tv",4,347408,63.09
"bow tie pasta",4,347412,63.09
"bowl super bowl",4,347416,63.09
"boxing schedule april",4,347420,63.09
"boy don care",4,347424,63.09
"boy joe new",4,347428,63.09
"boy performing live",4,347432,63.09
"boy tell loves",4,347436,63.09
"boyfriend eat go",4,347440,63.09
"boyfriend entire world",4,347444,63.09
"boyfriend feel like",4,347448,63.09
"boyfriend ill let",4,347452,63.09
"boyfriend just told",4,347456,63.1
"boyfriend looks like",4,347460,63.1
"boys don look",4,347464,63.1
"boys great time",4,347468,63.1
"boys high school",4,347472,63.1
"boys hour away",4,347476,63.1
"brad pitt movie",4,347480,63.1
"brain freeze funny",4,347484,63.1
"brain just exploded",4,347488,63.1
"branch high school",4,347492,63.1
"branch library book",4,347496,63.1
"brand new baby",4,347500,63.1
"brand new book",4,347504,63.1
"brand new fantasy",4,347508,63.11
"brand new high",4,347512,63.11
"brand new homes",4,347516,63.11
"brand new menu",4,347520,63.11
"brand new new",4,347524,63.11
"brand new pair",4,347528,63.11
"brand new set",4,347532,63.11
"brand new shirt",4,347536,63.11
"brand new week",4,347540,63.11
"brand new year",4,347544,63.11
"brandon mall florida",4,347548,63.11
"brands created mind",4,347552,63.11
"bravo www com",4,347556,63.11
"brazil bob link",4,347560,63.11
"brazilian fan happy",4,347564,63.12
"bread pumpkin pie",4,347568,63.12
"break everybody watching",4,347572,63.12
"break looking forward",4,347576,63.12
"break looks like",4,347580,63.12
"breakfast dinner tonight",4,347584,63.12
"breakfast tomorrow morning",4,347588,63.12
"breaking heart right",4,347592,63.12
"breaking new ground",4,347596,63.12
"breaking news cnn",4,347600,63.12
"breaking news email",4,347604,63.12
"breaking news north",4,347608,63.12
"breaking news today",4,347612,63.12
"breath person takes",4,347616,63.12
"breathe carolina stars",4,347620,63.13
"breathe work best",4,347624,63.13
"breathing last breath",4,347628,63.13
"brew own beer",4,347632,63.13
"brewers place al",4,347636,63.13
"brewers ss alex",4,347640,63.13
"brewers win brewers",4,347644,63.13
"brewers win game",4,347648,63.13
"brewing rye ipa",4,347652,63.13
"brian new song",4,347656,63.13
"bright lights big",4,347660,63.13
"bring crib get",4,347664,63.13
"bring em home",4,347668,63.13
"bring fist anything",4,347672,63.13
"bring good luck",4,347676,63.14
"bring inspiration hope",4,347680,63.14
"bring myself vote",4,347684,63.14
"bring new meaning",4,347688,63.14
"bring paying guest",4,347692,63.14
"bring warm weather",4,347696,63.14
"bring work day",4,347700,63.14
"brings bad memories",4,347704,63.14
"brings dream closer",4,347708,63.14
"brings fond memories",4,347712,63.14
"brings painful memories",4,347716,63.14
"brings tear eye",4,347720,63.14
"bristol using drive",4,347724,63.14
"broadway auditions seminar",4,347728,63.15
"broke take yo",4,347732,63.15
"broke world record",4,347736,63.15
"broken hearts go",4,347740,63.15
"broken hurt trying",4,347744,63.15
"broken men frederick",4,347748,63.15
"broken rubber leaving",4,347752,63.15
"broncos coming espn",4,347756,63.15
"brooklyn public library",4,347760,63.15
"brother sister love",4,347764,63.15
"brother sport brother",4,347768,63.15
"brought guys friend",4,347772,63.15
"brought respect love",4,347776,63.15
"brought tomorrow thoughts",4,347780,63.15
"brown bag today",4,347784,63.16
"brown com careers",4,347788,63.16
"brown ft justin",4,347792,63.16
"brown sugar cinnamon",4,347796,63.16
"bruce springsteen street",4,347800,63.16
"brunch bloody mary",4,347804,63.16
"brunch today full",4,347808,63.16
"brush ur teeth",4,347812,63.16
"btw did know",4,347816,63.16
"btw th th",4,347820,63.16
"buck thursday unlimited",4,347824,63.16
"bucks bulls game",4,347828,63.16
"bucks end st",4,347832,63.16
"buddy hope day",4,347836,63.16
"buddy neighbor susan",4,347840,63.17
"buddy story opens",4,347844,63.17
"buddy struggling nyc",4,347848,63.17
"buffalo wings cheese",4,347852,63.17
"build measure learn",4,347856,63.17
"build million vikings",4,347860,63.17
"build strong children",4,347864,63.17
"builder com op",4,347868,63.17
"building network non",4,347872,63.17
"building relationships media",4,347876,63.17
"bullet anyone time",4,347880,63.17
"bullet missed time",4,347884,63.17
"bulls best team",4,347888,63.17
"bully high school",4,347892,63.17
"bummer hope feel",4,347896,63.18
"bunch new followers",4,347900,63.18
"bunch new ones",4,347904,63.18
"bunch new songs",4,347908,63.18
"burger lettuce tomato",4,347912,63.18
"bus just came",4,347916,63.18
"bus just depressing",4,347920,63.18
"bus just got",4,347924,63.18
"business card win",4,347928,63.18
"business caused mental",4,347932,63.18
"business journal best",4,347936,63.18
"business like business",4,347940,63.18
"business make sure",4,347944,63.18
"business makes money",4,347948,63.19
"business purpose create",4,347952,63.19
"business trip go",4,347956,63.19
"busy day love",4,347960,63.19
"busy day night",4,347964,63.19
"busy day time",4,347968,63.19
"busy doing work",4,347972,63.19
"busy lately haven",4,347976,63.19
"busy living get",4,347980,63.19
"busy schedule really",4,347984,63.19
"busy work sorry",4,347988,63.19
"butterfly rarely admit",4,347992,63.19
"buy book gain",4,347996,63.19
"buy stranger random",4,348000,63.19
"buys reflecting best",4,348004,63.2
"buzz social media",4,348008,63.2
"bye bye blackberry",4,348012,63.2
"bye bye bulls",4,348016,63.2
"bye bye good",4,348020,63.2
"ca www com",4,348024,63.2
"cab bands check",4,348028,63.2
"cab driver just",4,348032,63.2
"caffeine awareness month",4,348036,63.2
"cake catering needs",4,348040,63.2
"called beans coffee",4,348044,63.2
"called charlie sheen",4,348048,63.2
"called exotic dancers",4,348052,63.2
"called feelings don",4,348056,63.2
"called memories take",4,348060,63.21
"calling night good",4,348064,63.21
"calls answer like",4,348068,63.21
"calls let go",4,348072,63.21
"calls president obama",4,348076,63.21
"cam shuffle www",4,348080,63.21
"cam www com",4,348084,63.21
"came days ago",4,348088,63.21
"came highly recommended",4,348092,63.21
"came itunes shuffle",4,348096,63.21
"came mail yesterday",4,348100,63.21
"came open house",4,348104,63.21
"came risk remain",4,348108,63.21
"came san diego",4,348112,63.21
"came saturday night",4,348116,63.22
"came tonight great",4,348120,63.22
"came true today",4,348124,63.22
"came yrs ago",4,348128,63.22
"cancel last minute",4,348132,63.22
"canceled active game",4,348136,63.22
"candidate mayor san",4,348140,63.22
"candle both ends",4,348144,63.22
"candle life candle",4,348148,63.22
"candles cost cake",4,348152,63.22
"candy brought guys",4,348156,63.22
"candy did sincerely",4,348160,63.22
"cans dreams plans",4,348164,63.22
"capable literally thomas",4,348168,63.22
"caps lock key",4,348172,63.23
"car don want",4,348176,63.23
"car feels good",4,348180,63.23
"car finance website",4,348184,63.23
"car keys teenage",4,348188,63.23
"car reverse driving",4,348192,63.23
"car ride work",4,348196,63.23
"car walmart parking",4,348200,63.23
"caramel sea salt",4,348204,63.23
"card get free",4,348208,63.23
"card heat units",4,348212,63.23
"cardinals world series",4,348216,63.23
"cards become don",4,348220,63.23
"cards playing hold",4,348224,63.24
"care business today",4,348228,63.24
"care business tonight",4,348232,63.24
"care happiness matters",4,348236,63.24
"care jordan take",4,348240,63.24
"care just don",4,348244,63.24
"care just want",4,348248,63.24
"care notice don",4,348252,63.24
"care somebody succeeded",4,348256,63.24
"cared dressed friends",4,348260,63.24
"career high points",4,348264,63.24
"career home run",4,348268,63.24
"career wonderful cold",4,348272,63.24
"careful push away",4,348276,63.24
"carefully choose words",4,348280,63.25
"caring anyone thinks",4,348284,63.25
"carrie lauren twitter",4,348288,63.25
"carter amy shook",4,348292,63.25
"case anyone curious",4,348296,63.25
"case benjamin button",4,348300,63.25
"case build big",4,348304,63.25
"case don want",4,348308,63.25
"case western reserve",4,348312,63.25
"cast iron pan",4,348316,63.25
"cast sure bring",4,348320,63.25
"catch myself doing",4,348324,63.25
"catches teaches love",4,348328,63.25
"catering take bbq",4,348332,63.25
"catering www com",4,348336,63.26
"cats beat cards",4,348340,63.26
"caught guy best",4,348344,63.26
"caught myself watching",4,348348,63.26
"cause bout forever",4,348352,63.26
"cause feels like",4,348356,63.26
"cause gonna go",4,348360,63.26
"cause life short",4,348364,63.26
"cause miss don",4,348368,63.26
"cause need help",4,348372,63.26
"cause need know",4,348376,63.26
"cause really really",4,348380,63.26
"cause solution life",4,348384,63.26
"cause sparks fly",4,348388,63.26
"cause tells truth",4,348392,63.27
"cause wait till",4,348396,63.27
"caused mental attitude",4,348400,63.27
"causes amount trouble",4,348404,63.27
"cave enter holds",4,348408,63.27
"cbs evening news",4,348412,63.27
"cbs hrs mystery",4,348416,63.27
"cbs transit plus",4,348420,63.27
"celebrate birthday tonight",4,348424,63.27
"celebrate independence day",4,348428,63.27
"celebrate life club",4,348432,63.27
"celebrate national day",4,348436,63.27
"celebrate new job",4,348440,63.27
"celebrate new jonathan",4,348444,63.28
"celebrate new years",4,348448,63.28
"celebrating history month",4,348452,63.28
"celebration bakery coffee",4,348456,63.28
"celebration earth day",4,348460,63.28
"cell phone get",4,348464,63.28
"cell phone internet",4,348468,63.28
"cell phone lot",4,348472,63.28
"cell phone text",4,348476,63.28
"celtics game tonight",4,348480,63.28
"celtics ray allen",4,348484,63.28
"celtics win game",4,348488,63.28
"centennial high environmental",4,348492,63.28
"center april th",4,348496,63.28
"center south conference",4,348500,63.29
"cents promise follow",4,348504,63.29
"century read write",4,348508,63.29
"ceo shop today",4,348512,63.29
"certain mark twain",4,348516,63.29
"certain place floor",4,348520,63.29
"certain things go",4,348524,63.29
"certainly keep mind",4,348528,63.29
"certainly look forward",4,348532,63.29
"certificate thanks entered",4,348536,63.29
"chair little far",4,348540,63.29
"challenge based learning",4,348544,63.29
"challenges supposed supposed",4,348548,63.29
"champ sports seeking",4,348552,63.29
"champagne dinner party",4,348556,63.3
"champagne open champagne",4,348560,63.3
"champions keep playing",4,348564,63.3
"champions league finals",4,348568,63.3
"championship june join",4,348572,63.3
"chance getting job",4,348576,63.3
"chance win cool",4,348580,63.3
"chance win good",4,348584,63.3
"chance win night",4,348588,63.3
"chance win project",4,348592,63.3
"chance win round",4,348596,63.3
"chance winning lottery",4,348600,63.3
"change day day",4,348604,63.3
"change direction end",4,348608,63.3
"change direction walking",4,348612,63.31
"change don know",4,348616,63.31
"change henry david",4,348620,63.31
"change past does",4,348624,63.31
"change people don",4,348628,63.31
"change public opinion",4,348632,63.31
"change responds opportunity",4,348636,63.31
"change things better",4,348640,63.31
"change things go",4,348644,63.31
"change understand little",4,348648,63.31
"change william arthur",4,348652,63.31
"change world love",4,348656,63.31
"change world need",4,348660,63.31
"change world time",4,348664,63.32
"changed faced james",4,348668,63.32
"changed fact right",4,348672,63.32
"changed future power",4,348676,63.32
"changed knew get",4,348680,63.32
"changed password hopefully",4,348684,63.32
"changed twitter account",4,348688,63.32
"changes let know",4,348692,63.32
"changes life don",4,348696,63.32
"changes outlook relationship",4,348700,63.32
"character great moments",4,348704,63.32
"character limit twitter",4,348708,63.32
"character model personality",4,348712,63.32
"charge desert years",4,348716,63.32
"chargers super bowl",4,348720,63.33
"charges including possession",4,348724,63.33
"charity organizations work",4,348728,63.33
"charity wine tasting",4,348732,63.33
"charter school accountability",4,348736,63.33
"chatting last night",4,348740,63.33
"cheat don make",4,348744,63.33
"check beer check",4,348748,63.33
"check facebook get",4,348752,63.33
"check facebook www",4,348756,63.33
"check good day",4,348760,63.33
"check good luck",4,348764,63.33
"check inbox email",4,348768,63.33
"check last night",4,348772,63.33
"check last week",4,348776,63.34
"check later today",4,348780,63.34
"check latest news",4,348784,63.34
"check latest tweet",4,348788,63.34
"check new artist",4,348792,63.34
"check new free",4,348796,63.34
"check new line",4,348800,63.34
"check new online",4,348804,63.34
"check new series",4,348808,63.34
"check new story",4,348812,63.34
"check new work",4,348816,63.34
"check oz korean",4,348820,63.34
"check route oklahoma",4,348824,63.34
"check stats team",4,348828,63.34
"check styles facebook",4,348832,63.35
"check suzanne com",4,348836,63.35
"check video just",4,348840,63.35
"check video www",4,348844,63.35
"checked new app",4,348848,63.35
"checks baby farm",4,348852,63.35
"cheers hope having",4,348856,63.35
"cheers teenage years",4,348860,63.35
"cheese fries just",4,348864,63.35
"cheese lettuce tomato",4,348868,63.35
"cheese mac cheese",4,348872,63.35
"cheese sandwich day",4,348876,63.35
"cheese steak tuesday",4,348880,63.35
"chef www com",4,348884,63.36
"chew bubble gum",4,348888,63.36
"chicago anytime soon",4,348892,63.36
"chicago bears draft",4,348896,63.36
"chicago bulls hosting",4,348900,63.36
"chicago bulls tonight",4,348904,63.36
"chicago craft beer",4,348908,63.36
"chicago daily herald",4,348912,63.36
"chicago hot dog",4,348916,63.36
"chicago san francisco",4,348920,63.36
"chick thirsty seat",4,348924,63.36
"chicken cream asparagus",4,348928,63.36
"chicken french fries",4,348932,63.36
"chicken rice veggies",4,348936,63.36
"chicken stir fry",4,348940,63.37
"chief innovation officer",4,348944,63.37
"child awareness month",4,348948,63.37
"child become tomorrow",4,348952,63.37
"child casey anthony",4,348956,63.37
"child deserves chance",4,348960,63.37
"children dark cause",4,348964,63.37
"children fund nm",4,348968,63.37
"children homes interested",4,348972,63.37
"children lead peace",4,348976,63.37
"children listen try",4,348980,63.37
"children need help",4,348984,63.37
"chile argentina brazil",4,348988,63.37
"chip dip day",4,348992,63.37
"chip neighbor shoulder",4,348996,63.38
"chocolate chip muffins",4,349000,63.38
"chocolate dark chocolate",4,349004,63.38
"chocolate hurt charles",4,349008,63.38
"chocolate library st",4,349012,63.38
"choices make today",4,349016,63.38
"cholesterol take person",4,349020,63.38
"choose breathing loving",4,349024,63.38
"choose family gift",4,349028,63.38
"choose home loans",4,349032,63.38
"choose own path",4,349036,63.38
"choosing want want",4,349040,63.38
"chopped food network",4,349044,63.38
"chores just level",4,349048,63.38
"chose stay home",4,349052,63.39
"chris brown doing",4,349056,63.39
"chris brown hits",4,349060,63.39
"chris brown justin",4,349064,63.39
"chris brown like",4,349068,63.39
"christmas hope great",4,349072,63.39
"christmas hope wonderful",4,349076,63.39
"christmas make sure",4,349080,63.39
"christmas weeks away",4,349084,63.39
"chrome web store",4,349088,63.39
"chuck counted twice",4,349092,63.39
"chuck wood chuck",4,349096,63.39
"chunk captain chunk",4,349100,63.39
"churchill born ladies",4,349104,63.39
"cincinnati symphony orchestra",4,349108,63.4
"cinnamon honey french",4,349112,63.4
"cinnamon rolls breakfast",4,349116,63.4
"circumstances unless change",4,349120,63.4
"citizen tucson citizen",4,349124,63.4
"citizenship immigration services",4,349128,63.4
"city anytime soon",4,349132,63.4
"city city kim",4,349136,63.4
"city gear cane",4,349140,63.4
"city las vegas",4,349144,63.4
"city state country",4,349148,63.4
"city stay tuned",4,349152,63.4
"clark street ale",4,349156,63.4
"class buy excited",4,349160,63.41
"class did get",4,349164,63.41
"class dream geek",4,349168,63.41
"class go home",4,349172,63.41
"class lesson activity",4,349176,63.41
"class let get",4,349180,63.41
"class starts tonight",4,349184,63.41
"class today come",4,349188,63.41
"class today like",4,349192,63.41
"class today thank",4,349196,63.41
"classes start week",4,349200,63.41
"classic disney movies",4,349204,63.41
"classic hip hop",4,349208,63.41
"classical music composer",4,349212,63.41
"classified super power",4,349216,63.42
"clay court season",4,349220,63.42
"clay wash detail",4,349224,63.42
"clean bill health",4,349228,63.42
"clean community competition",4,349232,63.42
"clean files day",4,349236,63.42
"cleaning free bring",4,349240,63.42
"cleaning let know",4,349244,63.42
"cleaning room right",4,349248,63.42
"cleaning room time",4,349252,63.42
"clear written goals",4,349256,63.42
"cleveland critical mass",4,349260,63.42
"click feeling lucky",4,349264,63.42
"click time use",4,349268,63.42
"climbing ladder success",4,349272,63.43
"clip patch label",4,349276,63.43
"clippers blake griffin",4,349280,63.43
"clock save time",4,349284,63.43
"close finish line",4,349288,63.43
"close friends family",4,349292,63.43
"close game tonight",4,349296,63.43
"close getting hit",4,349300,63.43
"close laptop get",4,349304,63.43
"closed minds came",4,349308,63.43
"closed sincerely normal",4,349312,63.43
"closer body dance",4,349316,63.43
"closest thing heaven",4,349320,63.43
"closing internet windows",4,349324,63.43
"clothes china say",4,349328,63.44
"clothes real niggas",4,349332,63.44
"clothes smell like",4,349336,63.44
"cloud app platform",4,349340,63.44
"cloud silver lining",4,349344,63.44
"club exotic dancers",4,349348,63.44
"club feel like",4,349352,63.44
"club looking forward",4,349356,63.44
"club talk club",4,349360,63.44
"club wear receive",4,349364,63.44
"cm punk vs",4,349368,63.44
"cnn breaking news",4,349372,63.44
"coach happy birthday",4,349376,63.44
"coach mike brown",4,349380,63.45
"coaches say vs",4,349384,63.45
"coalition free home",4,349388,63.45
"coast anytime soon",4,349392,63.45
"coast coast industry",4,349396,63.45
"cocktails powers shots",4,349400,63.45
"cocktails trivia catch",4,349404,63.45
"coconut water tastes",4,349408,63.45
"code checkout com",4,349412,63.45
"code get discount",4,349416,63.45
"cody coolest places",4,349420,63.45
"cody give numbers",4,349424,63.45
"cody plays custom",4,349428,63.45
"coffee get going",4,349432,63.45
"coffee sleeve ads",4,349436,63.46
"coffee soon catch",4,349440,63.46
"coins articles value",4,349444,63.46
"cold dude ways",4,349448,63.46
"cold just right",4,349452,63.46
"cold just want",4,349456,63.46
"cold leg perfect",4,349460,63.46
"cold promise need",4,349464,63.46
"cold seem come",4,349468,63.46
"cold water running",4,349472,63.46
"cole south cleveland",4,349476,63.46
"collaboration artist artist",4,349480,63.46
"collection acquired age",4,349484,63.46
"collection www com",4,349488,63.46
"college baseball amazing",4,349492,63.47
"college becomes faculty",4,349496,63.47
"college grad school",4,349500,63.47
"college road trip",4,349504,63.47
"college william mary",4,349508,63.47
"college world series",4,349512,63.47
"colorado springs co",4,349516,63.47
"coloring outside lines",4,349520,63.47
"colts blue lemonade",4,349524,63.47
"columbus blue jackets",4,349528,63.47
"columbus marathon oct",4,349532,63.47
"columbus oh area",4,349536,63.47
"com announcements html",4,349540,63.47
"com best deals",4,349544,63.47
"com com home",4,349548,63.48
"com com purchase",4,349552,63.48
"com envy designs",4,349556,63.48
"com fate phoenix",4,349560,63.48
"com free download",4,349564,63.48
"com like facebook",4,349568,63.48
"com love hear",4,349572,63.48
"com lunch menu",4,349576,63.48
"com make project",4,349580,63.48
"com myspace com",4,349584,63.48
"com new music",4,349588,63.48
"com op free",4,349592,63.48
"com press like",4,349596,63.48
"com thanks support",4,349600,63.49
"com today pm",4,349604,63.49
"com view new",4,349608,63.49
"com watch feature",4,349612,63.49
"combination states go",4,349616,63.49
"combination success hill",4,349620,63.49
"come ability triumph",4,349624,63.49
"come abraham lincoln",4,349628,63.49
"come baby let",4,349632,63.49
"come booth say",4,349636,63.49
"come brandon mall",4,349640,63.49
"come check come",4,349644,63.49
"come check em",4,349648,63.49
"come check summer",4,349652,63.49
"come check weekend",4,349656,63.5
"come conclusion just",4,349660,63.5
"come counts universe",4,349664,63.5
"come dance night",4,349668,63.5
"come drink tonight",4,349672,63.5
"come experience experience",4,349676,63.5
"come far go",4,349680,63.5
"come far turn",4,349684,63.5
"come faster able",4,349688,63.5
"come fingers crossed",4,349692,63.5
"come fish fry",4,349696,63.5
"come free beer",4,349700,63.5
"come free food",4,349704,63.5
"come friday th",4,349708,63.5
"come grab burger",4,349712,63.51
"come grab drink",4,349716,63.51
"come grab pair",4,349720,63.51
"come hang soon",4,349724,63.51
"come home like",4,349728,63.51
"come home summer",4,349732,63.51
"come home time",4,349736,63.51
"come home tomorrow",4,349740,63.51
"come join conversation",4,349744,63.51
"come join food",4,349748,63.51
"come join friday",4,349752,63.51
"come join march",4,349756,63.51
"come join night",4,349760,63.51
"come join tavern",4,349764,63.51
"come join thursday",4,349768,63.52
"come king best",4,349772,63.52
"come last week",4,349776,63.52
"come later today",4,349780,63.52
"come live music",4,349784,63.52
"come lunch www",4,349788,63.52
"come morning light",4,349792,63.52
"come need win",4,349796,63.52
"come nyc soon",4,349800,63.52
"come pittsburgh soon",4,349804,63.52
"come ready play",4,349808,63.52
"come right say",4,349812,63.52
"come santa teresa",4,349816,63.52
"come shop get",4,349820,63.52
"come sing tonight",4,349824,63.53
"come soak sun",4,349828,63.53
"come social media",4,349832,63.53
"come soon think",4,349836,63.53
"come soon wait",4,349840,63.53
"come st louis",4,349844,63.53
"come st serve",4,349848,63.53
"come tonight tomorrow",4,349852,63.53
"come unto ye",4,349856,63.53
"come ur life",4,349860,63.53
"come visit anytime",4,349864,63.53
"come visit asap",4,349868,63.53
"come visit day",4,349872,63.53
"come visit guys",4,349876,63.54
"come visit love",4,349880,63.54
"come visit make",4,349884,63.54
"come visit stop",4,349888,63.54
"come visit store",4,349892,63.54
"come visit take",4,349896,63.54
"come visit tomorrow",4,349900,63.54
"comedy central right",4,349904,63.54
"comedy club pm",4,349908,63.54
"comedy last night",4,349912,63.54
"comedy open night",4,349916,63.54
"comes daring begin",4,349920,63.54
"comes fun part",4,349924,63.54
"comes life accident",4,349928,63.54
"comes like hoop",4,349932,63.55
"comes pulls closer",4,349936,63.55
"comes realize perfectly",4,349940,63.55
"comes tonight pm",4,349944,63.55
"comes waits thomas",4,349948,63.55
"comes work hard",4,349952,63.55
"comic lisa ann",4,349956,63.55
"coming april st",4,349960,63.55
"coming bedroom probably",4,349964,63.55
"coming dear old",4,349968,63.55
"coming florida got",4,349972,63.55
"coming get ready",4,349976,63.55
"coming get soon",4,349980,63.55
"coming good luck",4,349984,63.55
"coming great seeing",4,349988,63.56
"coming home day",4,349992,63.56
"coming home visit",4,349996,63.56
"coming home weekend",4,350000,63.56
"coming just want",4,350004,63.56
"coming kansas city",4,350008,63.56
"coming saturday night",4,350012,63.56
"coming sooner think",4,350016,63.56
"coming support marriage",4,350020,63.56
"coming want get",4,350024,63.56
"comment ill return",4,350028,63.56
"comment last night",4,350032,63.56
"comments complaints let",4,350036,63.56
"comments last night",4,350040,63.56
"comments return favor",4,350044,63.57
"commercial just aired",4,350048,63.57
"commercial just played",4,350052,63.57
"commercial super bowl",4,350056,63.57
"commercial wedding silicon",4,350060,63.57
"commercials music videos",4,350064,63.57
"commission fred allen",4,350068,63.57
"commit perfect steal",4,350072,63.57
"commitment thing life",4,350076,63.57
"common reputation twitter",4,350080,63.57
"common thing uncommon",4,350084,63.57
"communication illusion taken",4,350088,63.57
"companies profit greatly",4,350092,63.57
"company customer service",4,350096,63.58
"company india profit",4,350100,63.58
"company liking himself",4,350104,63.58
"company sage hospitality",4,350108,63.58
"company tweeting use",4,350112,63.58
"compare person used",4,350116,63.58
"comparing apples oranges",4,350120,63.58
"complain fools benjamin",4,350124,63.58
"complain syndrome think",4,350128,63.58
"complaining live life",4,350132,63.58
"complaints divorce case",4,350136,63.58
"complaints let know",4,350140,63.58
"complete last night",4,350144,63.58
"complete need accept",4,350148,63.58
"complete works afford",4,350152,63.59
"completed min workout",4,350156,63.59
"completed minutes meditation",4,350160,63.59
"completely blown away",4,350164,63.59
"completely understand just",4,350168,63.59
"component ethics training",4,350172,63.59
"computer last night",4,350176,63.59
"computer throw window",4,350180,63.59
"con verizon dance",4,350184,63.59
"concert house blues",4,350188,63.59
"concert tickets go",4,350192,63.59
"conditioning restaurant services",4,350196,63.59
"conditions exist accept",4,350200,63.59
"condo wrist girl",4,350204,63.59
"conference full swing",4,350208,63.6
"conference great sessions",4,350212,63.6
"conference stay tuned",4,350216,63.6
"conference today pm",4,350220,63.6
"confession johnson nov",4,350224,63.6
"confidence own powers",4,350228,63.6
"confidence success sure",4,350232,63.6
"confirmed junior committed",4,350236,63.6
"confused personality attitude",4,350240,63.6
"confusion percent commission",4,350244,63.6
"congratulations graduates today",4,350248,63.6
"congratulations let know",4,350252,63.6
"congratulations looks like",4,350256,63.6
"connect www com",4,350260,63.6
"conscious pursuit happiness",4,350264,63.61
"consciousness doing best",4,350268,63.61
"consensus consensus martin",4,350272,63.61
"consensus martin luther",4,350276,63.61
"consider featuring iphone",4,350280,63.61
"consider hard change",4,350284,63.61
"consider myself might",4,350288,63.61
"consider pure joy",4,350292,63.61
"considered insane hear",4,350296,63.61
"consists holding good",4,350300,63.61
"constitution bill rights",4,350304,63.61
"constitutional ban marriage",4,350308,63.61
"constructed event does",4,350312,63.61
"consumer financial protection",4,350316,63.62
"contact day cake",4,350320,63.62
"contact dc dot",4,350324,63.62
"contact details www",4,350328,63.62
"contact direct message",4,350332,63.62
"contact info help",4,350336,63.62
"contact man eating",4,350340,63.62
"contact today learn",4,350344,63.62
"contest direct message",4,350348,63.62
"contest hard rock",4,350352,63.62
"contest new orleans",4,350356,63.62
"contest www com",4,350360,63.62
"continue making career",4,350364,63.62
"continuous effort strength",4,350368,63.62
"control healthcare forever",4,350372,63.63
"control know batteries",4,350376,63.63
"controlled control react",4,350380,63.63
"convention san diego",4,350384,63.63
"conversation looking forward",4,350388,63.63
"conversation won talk",4,350392,63.63
"conviction loved loved",4,350396,63.63
"cookie cookie jar",4,350400,63.63
"cookies cream shake",4,350404,63.63
"cookies look like",4,350408,63.63
"cookies new year",4,350412,63.63
"cookies peanut butter",4,350416,63.63
"cooking dinner gonna",4,350420,63.63
"cool did like",4,350424,63.63
"cool don need",4,350428,63.64
"cool dude love",4,350432,63.64
"cool eating sandwich",4,350436,63.64
"cool fun chat",4,350440,63.64
"cool great job",4,350444,63.64
"cool great way",4,350448,63.64
"cool high school",4,350452,63.64
"cool hope get",4,350456,63.64
"cool hope great",4,350460,63.64
"cool hoping get",4,350464,63.64
"cool little bit",4,350468,63.64
"cool look like",4,350472,63.64
"cool need get",4,350476,63.64
"cool thanks just",4,350480,63.64
"cool thanks know",4,350484,63.65
"cool thanks link",4,350488,63.65
"cool thanks looking",4,350492,63.65
"cool thanks man",4,350496,63.65
"cool thanks tip",4,350500,63.65
"cool things coming",4,350504,63.65
"cool think going",4,350508,63.65
"cool used work",4,350512,63.65
"cool wait check",4,350516,63.65
"coolest places tour",4,350520,63.65
"coolest thing done",4,350524,63.65
"copies hunger games",4,350528,63.65
"copy last night",4,350532,63.65
"copy mail today",4,350536,63.66
"copy wild things",4,350540,63.66
"corporations people money",4,350544,63.66
"corporations people people",4,350548,63.66
"correct answer win",4,350552,63.66
"cost arm leg",4,350556,63.66
"costumes cocktails trivia",4,350560,63.66
"couch last night",4,350564,63.66
"couch watching tv",4,350568,63.66
"cough go away",4,350572,63.66
"count golden delicious",4,350576,63.66
"country music best",4,350580,63.66
"country music festival",4,350584,63.66
"country music hall",4,350588,63.66
"country must country",4,350592,63.67
"country www com",4,350596,63.67
"counts probably lost",4,350600,63.67
"counts universe glad",4,350604,63.67
"county transit system",4,350608,63.67
"couple days going",4,350612,63.67
"couple days hope",4,350616,63.67
"couple days like",4,350620,63.67
"couple days think",4,350624,63.67
"couple days work",4,350628,63.67
"couple hours come",4,350632,63.67
"couple hours good",4,350636,63.67
"couple hours love",4,350640,63.67
"couple hours till",4,350644,63.67
"couple hours work",4,350648,63.68
"couple minutes ago",4,350652,63.68
"couple weeks going",4,350656,63.68
"couple weeks hope",4,350660,63.68
"couple weeks just",4,350664,63.68
"couple weeks wait",4,350668,63.68
"coupon www com",4,350672,63.68
"courage accept spite",4,350676,63.68
"courage begin courage",4,350680,63.68
"courage man stop",4,350684,63.68
"courage power let",4,350688,63.68
"courage price life",4,350692,63.68
"courage resistance absence",4,350696,63.68
"courage succeed david",4,350700,63.68
"courage true progress",4,350704,63.69
"course chef tasting",4,350708,63.69
"course good luck",4,350712,63.69
"course tasting menu",4,350716,63.69
"course thanks following",4,350720,63.69
"cousin just got",4,350724,63.69
"cousins get married",4,350728,63.69
"cover band called",4,350732,63.69
"cover charge pm",4,350736,63.69
"cover night free",4,350740,63.69
"cover society taught",4,350744,63.69
"covered today mention",4,350748,63.69
"cow ice cream",4,350752,63.69
"cow organic products",4,350756,63.69
"crab apples don",4,350760,63.7
"craving red velvet",4,350764,63.7
"crazy crazy does",4,350768,63.7
"crazy leave alone",4,350772,63.7
"crazy night last",4,350776,63.7
"cream ben jerry",4,350780,63.7
"cream last night",4,350784,63.7
"cream magical shell",4,350788,63.7
"cream paint job",4,350792,63.7
"cream peanut butter",4,350796,63.7
"create leonard sweet",4,350800,63.7
"created children henry",4,350804,63.7
"created help finance",4,350808,63.7
"creating powerful radio",4,350812,63.71
"creation beauty art",4,350816,63.71
"creation committed helping",4,350820,63.71
"creation goes style",4,350824,63.71
"creation searching new",4,350828,63.71
"creative seminar nyc",4,350832,63.71
"creativity bo bennett",4,350836,63.71
"creativity thinking new",4,350840,63.71
"credit card information",4,350844,63.71
"credit card machines",4,350848,63.71
"cried like little",4,350852,63.71
"critical thinking problem",4,350856,63.71
"cross museum research",4,350860,63.71
"cross road get",4,350864,63.71
"crossing things list",4,350868,63.72
"crown installed home",4,350872,63.72
"crucial skill level",4,350876,63.72
"cruise design award",4,350880,63.72
"crush lasts maximum",4,350884,63.72
"cry cuts stitches",4,350888,63.72
"cry don get",4,350892,63.72
"cry flight wild",4,350896,63.72
"cry give take",4,350900,63.72
"crying feel like",4,350904,63.72
"crying indicate weak",4,350908,63.72
"crystal cruise design",4,350912,63.72
"ct ruled documents",4,350916,63.72
"cucumber bowl hot",4,350920,63.72
"cuddle fall asleep",4,350924,63.73
"cup coffee great",4,350928,63.73
"cure common cold",4,350932,63.73
"cure monday blues",4,350936,63.73
"cure writer block",4,350940,63.73
"curious albert einstein",4,350944,63.73
"currently expanding network",4,350948,63.73
"currently listening lee",4,350952,63.73
"currently listening tony",4,350956,63.73
"currently looking experienced",4,350960,63.73
"currently reading book",4,350964,63.73
"curse just blessed",4,350968,63.73
"custom made guitar",4,350972,63.73
"custom screen printing",4,350976,63.73
"customer appreciation party",4,350980,63.74
"customer service done",4,350984,63.74
"customer service fail",4,350988,63.74
"customer service really",4,350992,63.74
"customer service sales",4,350996,63.74
"customer service thanks",4,351000,63.74
"customers receive lifetime",4,351004,63.74
"cut foreign aid",4,351008,63.74
"cut last night",4,351012,63.74
"cute just don",4,351016,63.74
"cute just saying",4,351020,63.74
"cute opened mouth",4,351024,63.74
"cute says fine",4,351028,63.74
"cute think classy",4,351032,63.75
"cute year old",4,351036,63.75
"cutting edge tech",4,351040,63.75
"da long way",4,351044,63.75
"da middle da",4,351048,63.75
"da true mrs",4,351052,63.75
"dad father day",4,351056,63.75
"dad said mom",4,351060,63.75
"dad trying get",4,351064,63.75
"daily bakery coffee",4,351068,63.75
"daily question doing",4,351072,63.75
"daily question favorite",4,351076,63.75
"daily question presents",4,351080,63.75
"dairy queen burger",4,351084,63.75
"dale vs evil",4,351088,63.76
"dallas anytime soon",4,351092,63.76
"dallas market hall",4,351096,63.76
"dallas museum nature",4,351100,63.76
"dallas san antonio",4,351104,63.76
"dallas zoo sat",4,351108,63.76
"dame tax assistance",4,351112,63.76
"dame vs michigan",4,351116,63.76
"dana writers conference",4,351120,63.76
"dance considered insane",4,351124,63.76
"dance lessons pm",4,351128,63.76
"dance love song",4,351132,63.76
"dance purpose get",4,351136,63.76
"dance somebody wanna",4,351140,63.76
"dance team albuquerque",4,351144,63.77
"dark cause accidents",4,351148,63.77
"dark cause children",4,351152,63.77
"dark skin light",4,351156,63.77
"dark skin niggas",4,351160,63.77
"date classy anything",4,351164,63.77
"date hunger games",4,351168,63.77
"date january th",4,351172,63.77
"date just got",4,351176,63.77
"date march th",4,351180,63.77
"date monday april",4,351184,63.77
"date projected data",4,351188,63.77
"date time location",4,351192,63.77
"dates let know",4,351196,63.77
"dates stay tuned",4,351200,63.78
"daughter girl want",4,351204,63.78
"daughter let know",4,351208,63.78
"david bell houston",4,351212,63.78
"david let know",4,351216,63.78
"davis plays published",4,351220,63.78
"day act like",4,351224,63.78
"day actually want",4,351228,63.78
"day bout get",4,351232,63.78
"day bring own",4,351236,63.78
"day broccoli sugar",4,351240,63.78
"day busy day",4,351244,63.78
"day care center",4,351248,63.78
"day celebrating mom",4,351252,63.79
"day check new",4,351256,63.79
"day chicago today",4,351260,63.79
"day closer goal",4,351264,63.79
"day day business",4,351268,63.79
"day day closer",4,351272,63.79
"day day days",4,351276,63.79
"day day don",4,351280,63.79
"day day like",4,351284,63.79
"day day robert",4,351288,63.79
"day dec th",4,351292,63.79
"day does make",4,351296,63.79
"day don make",4,351300,63.79
"day don waste",4,351304,63.79
"day early morning",4,351308,63.8
"day feeling great",4,351312,63.8
"day feels great",4,351316,63.8
"day finally getting",4,351320,63.8
"day food drive",4,351324,63.8
"day get caught",4,351328,63.8
"day get enjoy",4,351332,63.8
"day get excited",4,351336,63.8
"day get follow",4,351340,63.8
"day get friends",4,351344,63.8
"day get good",4,351348,63.8
"day get look",4,351352,63.8
"day get office",4,351356,63.8
"day get outside",4,351360,63.8
"day get week",4,351364,63.81
"day go bed",4,351368,63.81
"day go great",4,351372,63.81
"day go support",4,351376,63.81
"day going hope",4,351380,63.81
"day going look",4,351384,63.81
"day going love",4,351388,63.81
"day going shopping",4,351392,63.81
"day going sleep",4,351396,63.81
"day going want",4,351400,63.81
"day good book",4,351404,63.81
"day good idea",4,351408,63.81
"day good mother",4,351412,63.81
"day good stuff",4,351416,63.81
"day great food",4,351420,63.82
"day great sun",4,351424,63.82
"day great week",4,351428,63.82
"day great workout",4,351432,63.82
"day ha ha",4,351436,63.82
"day having great",4,351440,63.82
"day holiday weekend",4,351444,63.82
"day hope best",4,351448,63.82
"day hope got",4,351452,63.82
"day hope make",4,351456,63.82
"day hope ur",4,351460,63.82
"day hours minutes",4,351464,63.82
"day impossible takes",4,351468,63.82
"day just coming",4,351472,63.82
"day just gets",4,351476,63.83
"day just good",4,351480,63.83
"day just great",4,351484,63.83
"day just make",4,351488,63.83
"day just myself",4,351492,63.83
"day just needs",4,351496,63.83
"day just really",4,351500,63.83
"day just sign",4,351504,63.83
"day life thank",4,351508,63.83
"day life today",4,351512,63.83
"day like did",4,351516,63.83
"day like need",4,351520,63.83
"day listening music",4,351524,63.83
"day live love",4,351528,63.84
"day long get",4,351532,63.84
"day long love",4,351536,63.84
"day lots great",4,351540,63.84
"day love best",4,351544,63.84
"day love family",4,351548,63.84
"day love people",4,351552,63.84
"day makes happy",4,351556,63.84
"day makes smile",4,351560,63.84
"day mama hope",4,351564,63.84
"day monday tuesday",4,351568,63.84
"day mother love",4,351572,63.84
"day must say",4,351576,63.84
"day new attitude",4,351580,63.84
"day new song",4,351584,63.85
"day new years",4,351588,63.85
"day nice meet",4,351592,63.85
"day night long",4,351596,63.85
"day night time",4,351600,63.85
"day old baby",4,351604,63.85
"day open house",4,351608,63.85
"day parade today",4,351612,63.85
"day pm pm",4,351616,63.85
"day pretty awesome",4,351620,63.85
"day real estate",4,351624,63.85
"day running cause",4,351628,63.85
"day school bus",4,351632,63.85
"day school finally",4,351636,63.85
"day school ready",4,351640,63.86
"day set today",4,351644,63.86
"day seven days",4,351648,63.86
"day sip shop",4,351652,63.86
"day sit patio",4,351656,63.86
"day smile get",4,351660,63.86
"day star wars",4,351664,63.86
"day starts tomorrow",4,351668,63.86
"day stay positive",4,351672,63.86
"day stay warm",4,351676,63.86
"day super excited",4,351680,63.86
"day tell friends",4,351684,63.86
"day thanks guys",4,351688,63.86
"day thanks new",4,351692,63.86
"day time abraham",4,351696,63.87
"day time great",4,351700,63.87
"day time hit",4,351704,63.87
"day time kick",4,351708,63.87
"day time party",4,351712,63.87
"day time tweet",4,351716,63.87
"day tomorrow big",4,351720,63.87
"day tomorrow go",4,351724,63.87
"day tomorrow good",4,351728,63.87
"day tomorrow great",4,351732,63.87
"day try new",4,351736,63.87
"day trying figure",4,351740,63.87
"day united states",4,351744,63.87
"day wanna go",4,351748,63.88
"day warped tour",4,351752,63.88
"day watching football",4,351756,63.88
"day wear green",4,351760,63.88
"day weather perfect",4,351764,63.88
"day week end",4,351768,63.88
"day week get",4,351772,63.88
"day week life",4,351776,63.88
"day week time",4,351780,63.88
"day weekend don",4,351784,63.88
"day weekend fun",4,351788,63.88
"day weekend got",4,351792,63.88
"day weekend need",4,351796,63.88
"day weekend really",4,351800,63.88
"day weekend starting",4,351804,63.89
"day weight loss",4,351808,63.89
"day white bean",4,351812,63.89
"day work come",4,351816,63.89
"day work home",4,351820,63.89
"day work hope",4,351824,63.89
"day work like",4,351828,63.89
"day work long",4,351832,63.89
"day work night",4,351836,63.89
"day work tonight",4,351840,63.89
"day write follow",4,351844,63.89
"days ago gonna",4,351848,63.89
"days ago think",4,351852,63.89
"days feel good",4,351856,63.89
"days getting longer",4,351860,63.9
"days going fast",4,351864,63.9
"days going get",4,351868,63.9
"days last week",4,351872,63.9
"days left th",4,351876,63.9
"days left week",4,351880,63.9
"days left win",4,351884,63.9
"days like remind",4,351888,63.9
"days mondays get",4,351892,63.9
"days need good",4,351896,63.9
"days new orleans",4,351900,63.9
"days really want",4,351904,63.9
"days reason join",4,351908,63.9
"days summer event",4,351912,63.9
"days take care",4,351916,63.91
"days taste like",4,351920,63.91
"days think going",4,351924,63.91
"days till chicago",4,351928,63.91
"days till prom",4,351932,63.91
"days till weekend",4,351936,63.91
"days weekend toughest",4,351940,63.91
"days wish happy",4,351944,63.91
"dc boy gang",4,351948,63.91
"dc united play",4,351952,63.91
"dc years ago",4,351956,63.91
"deal daily basis",4,351960,63.91
"deal people know",4,351964,63.91
"deal vince young",4,351968,63.92
"deal world become",4,351972,63.92
"deals featuring free",4,351976,63.92
"dear afford wine",4,351980,63.92
"dear fact lose",4,351984,63.92
"dear friends just",4,351988,63.92
"dear heart stop",4,351992,63.92
"dear just let",4,351996,63.92
"dear just wanted",4,352000,63.92
"dear mr president",4,352004,63.92
"dear year old",4,352008,63.92
"debt forgiveness act",4,352012,63.92
"debut san diego",4,352016,63.92
"december stay tuned",4,352020,63.92
"decide want ben",4,352024,63.93
"decide want decide",4,352028,63.93
"decide want go",4,352032,63.93
"decide willing exchange",4,352036,63.93
"decisions come experience",4,352040,63.93
"decisions crucial skill",4,352044,63.93
"deck chairs titanic",4,352048,63.93
"deep conditioning treatment",4,352052,63.93
"deep inside know",4,352056,63.93
"deep league wire",4,352060,63.93
"deeply present moment",4,352064,63.93
"defeat hurt winning",4,352068,63.93
"defense special teams",4,352072,63.93
"defined goals become",4,352076,63.93
"definitely best day",4,352080,63.94
"definitely best place",4,352084,63.94
"definitely don need",4,352088,63.94
"definitely favorite things",4,352092,63.94
"definitely just saw",4,352096,63.94
"definitely learned lot",4,352100,63.94
"definitely try make",4,352104,63.94
"definitely want make",4,352108,63.94
"definition business purpose",4,352112,63.94
"degree intellectual independence",4,352116,63.94
"degrees outside today",4,352120,63.94
"delayed response thank",4,352124,63.94
"delicious bake goods",4,352128,63.94
"delicious baked goods",4,352132,63.94
"delicious food great",4,352136,63.95
"delight beauty butterfly",4,352140,63.95
"deliver people limited",4,352144,63.95
"delivering bad news",4,352148,63.95
"dell social media",4,352152,63.95
"demo last night",4,352156,63.95
"denver broncos fan",4,352160,63.95
"denver broncos quarterback",4,352164,63.95
"denver film center",4,352168,63.95
"denver golf expo",4,352172,63.95
"denver looking forward",4,352176,63.95
"department days put",4,352180,63.95
"depend fan base",4,352184,63.95
"depend things way",4,352188,63.95
"depends quality thoughts",4,352192,63.96
"depressing poor little",4,352196,63.96
"depression lower grades",4,352200,63.96
"desert years shortage",4,352204,63.96
"deserve issue life",4,352208,63.96
"deserve win game",4,352212,63.96
"deserves heart plays",4,352216,63.96
"design magazine awards",4,352220,63.96
"design new website",4,352224,63.96
"design work done",4,352228,63.96
"designer carroll age",4,352232,63.96
"designs piece crib",4,352236,63.96
"designs www com",4,352240,63.96
"desires attempting satisfy",4,352244,63.97
"desperately need help",4,352248,63.97
"desserts mind blown",4,352252,63.97
"destination method life",4,352256,63.97
"destined great things",4,352260,63.97
"detail help plan",4,352264,63.97
"details become available",4,352268,63.97
"details follow stay",4,352272,63.97
"determine follow private",4,352276,63.97
"detroit cup tournament",4,352280,63.97
"develops woman learn",4,352284,63.97
"did actually say",4,352288,63.97
"did anyone ask",4,352292,63.97
"did anyone wake",4,352296,63.97
"did anything last",4,352300,63.98
"did don remember",4,352304,63.98
"did eat today",4,352308,63.98
"did egg say",4,352312,63.98
"did feel earthquake",4,352316,63.98
"did feel good",4,352320,63.98
"did find love",4,352324,63.98
"did go away",4,352328,63.98
"did good last",4,352332,63.98
"did good thing",4,352336,63.98
"did good today",4,352340,63.98
"did good tonight",4,352344,63.98
"did got home",4,352348,63.98
"did grad school",4,352352,63.98
"did great game",4,352356,63.99
"did hear mcdonald",4,352360,63.99
"did help get",4,352364,63.99
"did interview today",4,352368,63.99
"did just drop",4,352372,63.99
"did just leave",4,352376,63.99
"did just myself",4,352380,63.99
"did just refer",4,352384,63.99
"did just take",4,352388,63.99
"did just try",4,352392,63.99
"did just twitter",4,352396,63.99
"did learn today",4,352400,63.99
"did let get",4,352404,63.99
"did like last",4,352408,63.99
"did like new",4,352412,64
"did lose weight",4,352416,64
"did make twitter",4,352420,64
"did make way",4,352424,64
"did manage find",4,352428,64
"did miss anyone",4,352432,64
"did miss game",4,352436,64
"did miss new",4,352440,64
"did miss oh",4,352444,64
"did miss point",4,352448,64
"did morning go",4,352452,64
"did need help",4,352456,64
"did new york",4,352460,64
"did really expect",4,352464,64.01
"did really great",4,352468,64.01
"did receive ballot",4,352472,64.01
"did remember set",4,352476,64.01
"did say hi",4,352480,64.01
"did say know",4,352484,64.01
"did say loud",4,352488,64.01
"did say said",4,352492,64.01
"did say sorry",4,352496,64.01
"did think did",4,352500,64.01
"did think get",4,352504,64.01
"did think maybe",4,352508,64.01
"did think thought",4,352512,64.01
"did think time",4,352516,64.01
"did year ago",4,352520,64.02
"did year old",4,352524,64.02
"diego convention center",4,352528,64.02
"diego mayor jerry",4,352532,64.02
"diego unified school",4,352536,64.02
"diet lose weight",4,352540,64.02
"difference friendship love",4,352544,64.02
"difference male female",4,352548,64.02
"difference wife job",4,352552,64.02
"different beautiful new",4,352556,64.02
"different body types",4,352560,64.02
"dig love watch",4,352564,64.02
"digging new album",4,352568,64.02
"digging own grave",4,352572,64.02
"digital asset management",4,352576,64.03
"dignity self respect",4,352580,64.03
"dining values survey",4,352584,64.03
"dinner app special",4,352588,64.03
"dinner cinnamon honey",4,352592,64.03
"dinner concert series",4,352596,64.03
"dinner crab cakes",4,352600,64.03
"dinner family tonight",4,352604,64.03
"dinner great food",4,352608,64.03
"dinner mothers day",4,352612,64.03
"dinner soup special",4,352616,64.03
"dinner tonight last",4,352620,64.03
"dinner tonight looking",4,352624,64.03
"dinner tonight love",4,352628,64.03
"dinner tonight thank",4,352632,64.04
"direct message let",4,352636,64.04
"direct message unless",4,352640,64.04
"direct wind adjust",4,352644,64.04
"direction end heading",4,352648,64.04
"direction makes beautiful",4,352652,64.04
"disabled adults children",4,352656,64.04
"disabled pay med",4,352660,64.04
"disabled vehicle traffic",4,352664,64.04
"disagree hold hands",4,352668,64.04
"disappear life stands",4,352672,64.04
"discipline just choosing",4,352676,64.04
"discount entire purchase",4,352680,64.04
"discount night visit",4,352684,64.05
"discount save percent",4,352688,64.05
"discounts auto repair",4,352692,64.05
"discounts care products",4,352696,64.05
"discounts www com",4,352700,64.05
"discovered last night",4,352704,64.05
"discovered secret life",4,352708,64.05
"discovery james joyce",4,352712,64.05
"discovery shuttle fly",4,352716,64.05
"distance allows step",4,352720,64.05
"distance wise grows",4,352724,64.05
"distinct impressions net",4,352728,64.05
"divided basic groups",4,352732,64.05
"divine blue check",4,352736,64.05
"divorce case build",4,352740,64.06
"dj beach tonight",4,352744,64.06
"dj lotus dance",4,352748,64.06
"doctor broke leg",4,352752,64.06
"doctor mother going",4,352756,64.06
"documents judge baker",4,352760,64.06
"does become reality",4,352764,64.06
"does care hate",4,352768,64.06
"does change past",4,352772,64.06
"does cost anything",4,352776,64.06
"does everybody think",4,352780,64.06
"does get attention",4,352784,64.06
"does get paid",4,352788,64.06
"does help hurt",4,352792,64.06
"does high school",4,352796,64.07
"does include freedom",4,352800,64.07
"does love really",4,352804,64.07
"does make heart",4,352808,64.07
"does make old",4,352812,64.07
"does make think",4,352816,64.07
"does make want",4,352820,64.07
"does man planning",4,352824,64.07
"does match expectation",4,352828,64.07
"does mitt romney",4,352832,64.07
"does new york",4,352836,64.07
"does sing answer",4,352840,64.07
"does single define",4,352844,64.07
"does size matter",4,352848,64.07
"does time time",4,352852,64.08
"dog bites man",4,352856,64.08
"dog created children",4,352860,64.08
"dog dog dog",4,352864,64.08
"dog dogs bark",4,352868,64.08
"dog pony grill",4,352872,64.08
"dog smells like",4,352876,64.08
"doing civic duty",4,352880,64.08
"doing create jobs",4,352884,64.08
"doing dance perfection",4,352888,64.08
"doing epic chores",4,352892,64.08
"doing excellent job",4,352896,64.08
"doing fine morning",4,352900,64.08
"doing gods work",4,352904,64.09
"doing good day",4,352908,64.09
"doing good far",4,352912,64.09
"doing good miss",4,352916,64.09
"doing good working",4,352920,64.09
"doing grad school",4,352924,64.09
"doing great good",4,352928,64.09
"doing great looking",4,352932,64.09
"doing great miss",4,352936,64.09
"doing great nice",4,352940,64.09
"doing great thank",4,352944,64.09
"doing heavy lifting",4,352948,64.09
"doing last night",4,352952,64.09
"doing literally thomas",4,352956,64.09
"doing little work",4,352960,64.1
"doing live chat",4,352964,64.1
"doing lot reading",4,352968,64.1
"doing poor job",4,352972,64.1
"doing right getting",4,352976,64.1
"doing right people",4,352980,64.1
"doing saturday night",4,352984,64.1
"doing stuff people",4,352988,64.1
"doing thing today",4,352992,64.1
"doing thing tonight",4,352996,64.1
"dollar make change",4,353000,64.1
"don answers just",4,353004,64.1
"don apart long",4,353008,64.1
"don ask follow",4,353012,64.1
"don ask help",4,353016,64.11
"don ask won",4,353020,64.11
"don believe anybody",4,353024,64.11
"don believe read",4,353028,64.11
"don believe try",4,353032,64.11
"don break make",4,353036,64.11
"don chase em",4,353040,64.11
"don chase replace",4,353044,64.11
"don compromise got",4,353048,64.11
"don doubt good",4,353052,64.11
"don eye eye",4,353056,64.11
"don facebook twitter",4,353060,64.11
"don fame success",4,353064,64.11
"don feel don",4,353068,64.11
"don feel left",4,353072,64.12
"don feel ready",4,353076,64.12
"don follow anyone",4,353080,64.12
"don follow like",4,353084,64.12
"don follow trends",4,353088,64.12
"don forget april",4,353092,64.12
"don forget attend",4,353096,64.12
"don forget beer",4,353100,64.12
"don forget cast",4,353104,64.12
"don forget cause",4,353108,64.12
"don forget click",4,353112,64.12
"don forget coming",4,353116,64.12
"don forget extra",4,353120,64.12
"don forget facebook",4,353124,64.12
"don forget find",4,353128,64.13
"don forget folks",4,353132,64.13
"don forget gift",4,353136,64.13
"don forget green",4,353140,64.13
"don forget half",4,353144,64.13
"don forget hot",4,353148,64.13
"don forget sat",4,353152,64.13
"don forget schedule",4,353156,64.13
"don forget talk",4,353160,64.13
"don forget time",4,353164,64.13
"don forget toy",4,353168,64.13
"don forget twitter",4,353172,64.13
"don give bad",4,353176,64.13
"don give chance",4,353180,64.14
"don give dreams",4,353184,64.14
"don give face",4,353188,64.14
"don give look",4,353192,64.14
"don give reason",4,353196,64.14
"don give think",4,353200,64.14
"don go broke",4,353204,64.14
"don go high",4,353208,64.14
"don go life",4,353212,64.14
"don go movies",4,353216,64.14
"don go outside",4,353220,64.14
"don go sale",4,353224,64.14
"don go thinking",4,353228,64.14
"don hate cats",4,353232,64.14
"don hate got",4,353236,64.15
"don judge don",4,353240,64.15
"don just buy",4,353244,64.15
"don just come",4,353248,64.15
"don just hope",4,353252,64.15
"don just run",4,353256,64.15
"don just start",4,353260,64.15
"don just stick",4,353264,64.15
"don know address",4,353268,64.15
"don know alive",4,353272,64.15
"don know apply",4,353276,64.15
"don know appreciate",4,353280,64.15
"don know artist",4,353284,64.15
"don know awake",4,353288,64.15
"don know baby",4,353292,64.16
"don know birthday",4,353296,64.16
"don know change",4,353300,64.16
"don know confused",4,353304,64.16
"don know cook",4,353308,64.16
"don know cut",4,353312,64.16
"don know definitely",4,353316,64.16
"don know direction",4,353320,64.16
"don know dude",4,353324,64.16
"don know em",4,353328,64.16
"don know expecting",4,353332,64.16
"don know facebook",4,353336,64.16
"don know falling",4,353340,64.16
"don know family",4,353344,64.16
"don know fish",4,353348,64.17
"don know fix",4,353352,64.17
"don know football",4,353356,64.17
"don know game",4,353360,64.17
"don know hold",4,353364,64.17
"don know home",4,353368,64.17
"don know honestly",4,353372,64.17
"don know hopefully",4,353376,64.17
"don know idea",4,353380,64.17
"don know judge",4,353384,64.17
"don know kinda",4,353388,64.17
"don know late",4,353392,64.17
"don know little",4,353396,64.17
"don know lived",4,353400,64.18
"don know lovely",4,353404,64.18
"don know meant",4,353408,64.18
"don know password",4,353412,64.18
"don know past",4,353416,64.18
"don know personal",4,353420,64.18
"don know planning",4,353424,64.18
"don know playing",4,353428,64.18
"don know public",4,353432,64.18
"don know quite",4,353436,64.18
"don know relationship",4,353440,64.18
"don know research",4,353444,64.18
"don know rest",4,353448,64.18
"don know rock",4,353452,64.18
"don know room",4,353456,64.19
"don know scared",4,353460,64.19
"don know school",4,353464,64.19
"don know search",4,353468,64.19
"don know sell",4,353472,64.19
"don know specific",4,353476,64.19
"don know struggle",4,353480,64.19
"don know survive",4,353484,64.19
"don know sweet",4,353488,64.19
"don know tavern",4,353492,64.19
"don know th",4,353496,64.19
"don know truth",4,353500,64.19
"don know tweeted",4,353504,64.19
"don know tweeting",4,353508,64.19
"don know voice",4,353512,64.2
"don know win",4,353516,64.2
"don know word",4,353520,64.2
"don know year",4,353524,64.2
"don look bad",4,353528,64.2
"don look familiar",4,353532,64.2
"don love em",4,353536,64.2
"don love way",4,353540,64.2
"don lower standards",4,353544,64.2
"don make best",4,353548,64.2
"don make change",4,353552,64.2
"don make cut",4,353556,64.2
"don make day",4,353560,64.2
"don make eye",4,353564,64.2
"don make happy",4,353568,64.21
"don make put",4,353572,64.21
"don make sound",4,353576,64.21
"don make stronger",4,353580,64.21
"don make want",4,353584,64.21
"don mean gotta",4,353588,64.21
"don mean hate",4,353592,64.21
"don mean like",4,353596,64.21
"don mind bit",4,353600,64.21
"don mind get",4,353604,64.21
"don mind getting",4,353608,64.21
"don mind giving",4,353612,64.21
"don mind making",4,353616,64.21
"don mind paying",4,353620,64.22
"don mind people",4,353624,64.22
"don mind take",4,353628,64.22
"don open links",4,353632,64.22
"don open messages",4,353636,64.22
"don pass don",4,353640,64.22
"don plan catch",4,353644,64.22
"don plans weekend",4,353648,64.22
"don play anymore",4,353652,64.22
"don play better",4,353656,64.22
"don play just",4,353660,64.22
"don pushed problems",4,353664,64.22
"don quite understand",4,353668,64.22
"don really great",4,353672,64.22
"don really love",4,353676,64.23
"don really say",4,353680,64.23
"don really take",4,353684,64.23
"don recall eating",4,353688,64.23
"don recall seeing",4,353692,64.23
"don recognize appreciate",4,353696,64.23
"don remember born",4,353700,64.23
"don remember eating",4,353704,64.23
"don remember exactly",4,353708,64.23
"don remember names",4,353712,64.23
"don remember thing",4,353716,64.23
"don remember twitter",4,353720,64.23
"don rush things",4,353724,64.23
"don say like",4,353728,64.23
"don say say",4,353732,64.24
"don say tweets",4,353736,64.24
"don say unless",4,353740,64.24
"don scared take",4,353744,64.24
"don sell hair",4,353748,64.24
"don share don",4,353752,64.24
"don smoke cigarettes",4,353756,64.24
"don smoke drink",4,353760,64.24
"don social media",4,353764,64.24
"don sound good",4,353768,64.24
"don stop hold",4,353772,64.24
"don stop laughing",4,353776,64.24
"don stop tweeting",4,353780,64.24
"don stress things",4,353784,64.24
"don sweat petty",4,353788,64.25
"don take answer",4,353792,64.25
"don take serious",4,353796,64.25
"don take take",4,353800,64.25
"don take word",4,353804,64.25
"don talk bout",4,353808,64.25
"don talk business",4,353812,64.25
"don tell go",4,353816,64.25
"don tell kids",4,353820,64.25
"don tell like",4,353824,64.25
"don think bout",4,353828,64.25
"don think catch",4,353832,64.25
"don think crazy",4,353836,64.25
"don think deserve",4,353840,64.25
"don think facebook",4,353844,64.26
"don think feeling",4,353848,64.26
"don think find",4,353852,64.26
"don think follow",4,353856,64.26
"don think found",4,353860,64.26
"don think future",4,353864,64.26
"don think guy",4,353868,64.26
"don think hear",4,353872,64.26
"don think hit",4,353876,64.26
"don think hot",4,353880,64.26
"don think keep",4,353884,64.26
"don think makes",4,353888,64.26
"don think mean",4,353892,64.26
"don think mind",4,353896,64.27
"don think moment",4,353900,64.27
"don think near",4,353904,64.27
"don think necessarily",4,353908,64.27
"don think ny",4,353912,64.27
"don think pay",4,353916,64.27
"don think play",4,353920,64.27
"don think played",4,353924,64.27
"don think point",4,353928,64.27
"don think possibly",4,353932,64.27
"don think probably",4,353936,64.27
"don think problem",4,353940,64.27
"don think put",4,353944,64.27
"don think remember",4,353948,64.27
"don think ryan",4,353952,64.28
"don think school",4,353956,64.28
"don think second",4,353960,64.28
"don think smart",4,353964,64.28
"don think stand",4,353968,64.28
"don think stop",4,353972,64.28
"don think tweeted",4,353976,64.28
"don think tweets",4,353980,64.28
"don think watched",4,353984,64.28
"don think working",4,353988,64.28
"don think world",4,353992,64.28
"don think year",4,353996,64.28
"don trapped living",4,354000,64.28
"don try beverly",4,354004,64.28
"don try control",4,354008,64.29
"don try know",4,354012,64.29
"don try tell",4,354016,64.29
"don twitter like",4,354020,64.29
"don use drugs",4,354024,64.29
"don use real",4,354028,64.29
"don usually go",4,354032,64.29
"don usually tweet",4,354036,64.29
"don walk follow",4,354040,64.29
"don walk lead",4,354044,64.29
"don walk run",4,354048,64.29
"don want add",4,354052,64.29
"don want anybody",4,354056,64.29
"don want austin",4,354060,64.29
"don want become",4,354064,64.3
"don want bothered",4,354068,64.3
"don want children",4,354072,64.3
"don want class",4,354076,64.3
"don want clean",4,354080,64.3
"don want close",4,354084,64.3
"don want drama",4,354088,64.3
"don want drink",4,354092,64.3
"don want encourage",4,354096,64.3
"don want favorite",4,354100,64.3
"don want finish",4,354104,64.3
"don want folks",4,354108,64.3
"don want friend",4,354112,64.3
"don want happy",4,354116,64.31
"don want imagine",4,354120,64.31
"don want mean",4,354124,64.31
"don want mess",4,354128,64.31
"don want myself",4,354132,64.31
"don want old",4,354136,64.31
"don want problems",4,354140,64.31
"don want seem",4,354144,64.31
"don want snow",4,354148,64.31
"don want text",4,354152,64.31
"don want tomorrow",4,354156,64.31
"don want way",4,354160,64.31
"don win championship",4,354164,64.31
"don win today",4,354168,64.31
"don wish just",4,354172,64.32
"don work monday",4,354176,64.32
"don work till",4,354180,64.32
"donald driver season",4,354184,64.32
"donald going home",4,354188,64.32
"donate bikes kids",4,354192,64.32
"donation day long",4,354196,64.32
"done anything today",4,354200,64.32
"done better great",4,354204,64.32
"done classes semester",4,354208,64.32
"done finals week",4,354212,64.32
"done get done",4,354216,64.32
"done great day",4,354220,64.32
"done last year",4,354224,64.32
"done lot work",4,354228,64.33
"done nails done",4,354232,64.33
"done need go",4,354236,64.33
"done production team",4,354240,64.33
"done trying nice",4,354244,64.33
"done working day",4,354248,64.33
"door imaginary friend",4,354252,64.33
"doors open tomorrow",4,354256,64.33
"double animal style",4,354260,64.33
"double barrel ale",4,354264,64.33
"double check commercial",4,354268,64.33
"double chocolate chip",4,354272,64.33
"double double animal",4,354276,64.33
"double hockey sticks",4,354280,64.33
"dove style magazine",4,354284,64.34
"dow adds points",4,354288,64.34
"dow drops points",4,354292,64.34
"downloaded new app",4,354296,64.34
"downtown huge monday",4,354300,64.34
"downtown indy today",4,354304,64.34
"downtown levels different",4,354308,64.34
"downtown san francisco",4,354312,64.34
"downtown tonight come",4,354316,64.34
"dr health club",4,354320,64.34
"dr joyce brothers",4,354324,64.34
"dr ron paul",4,354328,64.34
"dr samuel johnson",4,354332,64.34
"draft andrew luck",4,354336,64.35
"draft beer pm",4,354340,64.35
"draft pick year",4,354344,64.35
"draft research paper",4,354348,64.35
"dragons exist tell",4,354352,64.35
"drake club paradise",4,354356,64.35
"drama tears cheers",4,354360,64.35
"draw stick figure",4,354364,64.35
"drawing ipad drawing",4,354368,64.35
"dream author unknown",4,354372,64.35
"dream create future",4,354376,64.35
"dream deadline hill",4,354380,64.35
"dream don apart",4,354384,64.35
"dream used read",4,354388,64.35
"dreaming form planning",4,354392,64.36
"dreaming lose excitement",4,354396,64.36
"dreams beautiful nightmares",4,354400,64.36
"dreams dreams follow",4,354404,64.36
"dreams dreams life",4,354408,64.36
"dreams dreams private",4,354412,64.36
"dreams dreams twin",4,354416,64.36
"dreams honor take",4,354420,64.36
"dreams making big",4,354424,64.36
"dress just like",4,354428,64.36
"dress shopping tomorrow",4,354432,64.36
"dressed hit gym",4,354436,64.36
"drink cup coffee",4,354440,64.36
"drink drink takes",4,354444,64.36
"drink good beer",4,354448,64.37
"drink good coffee",4,354452,64.37
"drink pepsi wear",4,354456,64.37
"drink special dj",4,354460,64.37
"drink tap water",4,354464,64.37
"drinking coconut water",4,354468,64.37
"drinking energy drinks",4,354472,64.37
"drinking game take",4,354476,64.37
"drinking gave reading",4,354480,64.37
"drinking plenty water",4,354484,64.37
"drinks pm get",4,354488,64.37
"drinks www com",4,354492,64.37
"drive crazy heart",4,354496,64.37
"drive just like",4,354500,64.37
"drive sounds like",4,354504,64.38
"drive taco bell",4,354508,64.38
"drive way home",4,354512,64.38
"driver dancing stars",4,354516,64.38
"driving feel like",4,354520,64.38
"driving mini van",4,354524,64.38
"drop let know",4,354528,64.38
"drop new album",4,354532,64.38
"drop new track",4,354536,64.38
"dropped ice cream",4,354540,64.38
"dropping late june",4,354544,64.38
"drought useless disappointing",4,354548,64.38
"drove snakes ireland",4,354552,64.38
"drugs bet mind",4,354556,64.39
"drugs dreams frightening",4,354560,64.39
"drummer musician best",4,354564,64.39
"dual morning services",4,354568,64.39
"dude did know",4,354572,64.39
"dude don get",4,354576,64.39
"dude make sure",4,354580,64.39
"dying hair red",4,354584,64.39
"dying talk refuse",4,354588,64.39
"dylan ian thunder",4,354592,64.39
"eagles training camp",4,354596,64.39
"ear words mouth",4,354600,64.39
"early day work",4,354604,64.39
"early flight home",4,354608,64.39
"early go school",4,354612,64.4
"early good luck",4,354616,64.4
"early just go",4,354620,64.4
"early morning don",4,354624,64.4
"early morning feeling",4,354628,64.4
"early morning going",4,354632,64.4
"early morning grind",4,354636,64.4
"early morning like",4,354640,64.4
"early morning need",4,354644,64.4
"early morning trip",4,354648,64.4
"early school tomorrow",4,354652,64.4
"early spring break",4,354656,64.4
"early tonight goodnight",4,354660,64.4
"early voting begins",4,354664,64.4
"early work hard",4,354668,64.41
"earn reputation trying",4,354672,64.41
"earned magic badge",4,354676,64.41
"earned rookie badge",4,354680,64.41
"earnings seeking alpha",4,354684,64.41
"ears get trouble",4,354688,64.41
"earth allow children",4,354692,64.41
"earth day enjoy",4,354696,64.41
"earth day tomorrow",4,354700,64.41
"earth move feet",4,354704,64.41
"earthquake east coast",4,354708,64.41
"easier apologize get",4,354712,64.41
"easier build strong",4,354716,64.41
"easier fix broken",4,354720,64.41
"easiest way stop",4,354724,64.42
"easily tell trust",4,354728,64.42
"east asia center",4,354732,64.42
"east coast let",4,354736,64.42
"east coast miss",4,354740,64.42
"easter dinner family",4,354744,64.42
"easter hope day",4,354748,64.42
"easter hope enjoying",4,354752,64.42
"easter hope having",4,354756,64.42
"eastern conference final",4,354760,64.42
"easy author unknown",4,354764,64.42
"easy hes singing",4,354768,64.42
"easy love hard",4,354772,64.42
"easy ways get",4,354776,64.42
"easy wont amazing",4,354780,64.43
"eat animal crackers",4,354784,64.43
"eat cheap week",4,354788,64.43
"eat chocolate covered",4,354792,64.43
"eat fish don",4,354796,64.43
"eat fruits veggies",4,354800,64.43
"eat funny don",4,354804,64.43
"eat go swimming",4,354808,64.43
"eat influence life",4,354812,64.43
"eat korean bbq",4,354816,64.43
"eat lightly breathe",4,354820,64.43
"eat lot food",4,354824,64.43
"eat lower standards",4,354828,64.43
"eat pizza fork",4,354832,64.44
"eat taste funny",4,354836,64.44
"eating achieving com",4,354840,64.44
"eating birthday cake",4,354844,64.44
"eating drinking made",4,354848,64.44
"eating grilled cheese",4,354852,64.44
"eating halloween candy",4,354856,64.44
"eating olive garden",4,354860,64.44
"eating real food",4,354864,64.44
"eco friendly use",4,354868,64.44
"economic development committee",4,354872,64.44
"economist expert know",4,354876,64.44
"economy added jobs",4,354880,64.44
"economy create jobs",4,354884,64.44
"ed denver sept",4,354888,64.45
"ed last night",4,354892,64.45
"eddie murphy movie",4,354896,64.45
"edge taking space",4,354900,64.45
"edit must edit",4,354904,64.45
"editor like interview",4,354908,64.45
"education forgotten learned",4,354912,64.45
"education health care",4,354916,64.45
"education matter building",4,354920,64.45
"education passport future",4,354924,64.45
"education thing remember",4,354928,64.45
"education www com",4,354932,64.45
"effect statistics part",4,354936,64.45
"effective way get",4,354940,64.45
"effectively fuel physical",4,354944,64.46
"effort strength intelligence",4,354948,64.46
"egg drop soup",4,354952,64.46
"elected president united",4,354956,64.46
"electric kissing parties",4,354960,64.46
"elevated wednesday time",4,354964,64.46
"eliminated human conflicts",4,354968,64.46
"eliminating book costs",4,354972,64.46
"elimination deserve go",4,354976,64.46
"elvis left building",4,354980,64.46
"em bright early",4,354984,64.46
"em gee just",4,354988,64.46
"em like anymore",4,354992,64.46
"em like em",4,354996,64.46
"em steve dave",4,355000,64.47
"email address forward",4,355004,64.47
"email address just",4,355008,64.47
"email address sent",4,355012,64.47
"email help dot",4,355016,64.47
"email just received",4,355020,64.47
"email let chat",4,355024,64.47
"email let talk",4,355028,64.47
"email phone number",4,355032,64.47
"embarrassing thing done",4,355036,64.47
"embassy hope make",4,355040,64.47
"embracing social media",4,355044,64.47
"emergency crews scene",4,355048,64.47
"emma stone dress",4,355052,64.48
"emotion don care",4,355056,64.48
"emotional art think",4,355060,64.48
"employer generally gets",4,355064,64.48
"encounters begins look",4,355068,64.48
"end active campaigning",4,355072,64.48
"end civil war",4,355076,64.48
"end day family",4,355080,64.48
"end day good",4,355084,64.48
"end day people",4,355088,64.48
"end day really",4,355092,64.48
"end day think",4,355096,64.48
"end get better",4,355100,64.48
"end june th",4,355104,64.48
"end last night",4,355108,64.49
"end last season",4,355112,64.49
"end realize true",4,355116,64.49
"end sentence proposition",4,355120,64.49
"end using scissors",4,355124,64.49
"end way think",4,355128,64.49
"ending maria robinson",4,355132,64.49
"ending work week",4,355136,64.49
"endless mother teresa",4,355140,64.49
"endorsement mitt romney",4,355144,64.49
"enemies believe anyway",4,355148,64.49
"enemies makes damned",4,355152,64.49
"energy attract positive",4,355156,64.49
"energy www com",4,355160,64.49
"engaging social media",4,355164,64.5
"english brown ale",4,355168,64.5
"english pale ale",4,355172,64.5
"english somewhat altered",4,355176,64.5
"enjoy day beautiful",4,355180,64.5
"enjoy day happy",4,355184,64.5
"enjoy endure must",4,355188,64.5
"enjoy games live",4,355192,64.5
"enjoy ice cold",4,355196,64.5
"enjoy last week",4,355200,64.5
"enjoy look forward",4,355204,64.5
"enjoy moment life",4,355208,64.5
"enjoy new home",4,355212,64.5
"enjoy new orleans",4,355216,64.5
"enjoy opening day",4,355220,64.51
"enjoy quiet time",4,355224,64.51
"enjoy say hi",4,355228,64.51
"enjoy simple things",4,355232,64.51
"enjoy step way",4,355236,64.51
"enjoy sun today",4,355240,64.51
"enjoy super bowl",4,355244,64.51
"enjoy weather today",4,355248,64.51
"enjoyed reading interview",4,355252,64.51
"enjoyed spending time",4,355256,64.51
"enjoying last days",4,355260,64.51
"enjoying last night",4,355264,64.51
"enjoying new album",4,355268,64.51
"enjoying sense humor",4,355272,64.52
"enter holds treasure",4,355276,64.52
"enter names numbers",4,355280,64.52
"enter real world",4,355284,64.52
"enterprise edition email",4,355288,64.52
"entertainment houston best",4,355292,64.52
"entertainment spy radio",4,355296,64.52
"enthusiasm pulls switch",4,355300,64.52
"enthusiasm sir winston",4,355304,64.52
"entire east coast",4,355308,64.52
"entrepreneur searches change",4,355312,64.52
"environmental film festival",4,355316,64.52
"environmental protection agency",4,355320,64.52
"epic chores just",4,355324,64.52
"episode jersey shore",4,355328,64.53
"equally succeed equally",4,355332,64.53
"eric like adam",4,355336,64.53
"errands hitting gym",4,355340,64.53
"escape hundred days",4,355344,64.53
"especially social media",4,355348,64.53
"essential achievement foundation",4,355352,64.53
"essential really keep",4,355356,64.53
"est help tweet",4,355360,64.53
"established featured vintage",4,355364,64.53
"eve adam steve",4,355368,64.53
"evening dj tribe",4,355372,64.53
"event coming saturday",4,355376,64.53
"event deal move",4,355380,64.53
"event does match",4,355384,64.54
"event great event",4,355388,64.54
"event italian embassy",4,355392,64.54
"event pay dollars",4,355396,64.54
"event thanks hosting",4,355400,64.54
"events coming month",4,355404,64.54
"events follow month",4,355408,64.54
"eventually get better",4,355412,64.54
"eventually opened eyes",4,355416,64.54
"everybody birthday wishes",4,355420,64.54
"everybody free till",4,355424,64.54
"everybody going hurt",4,355428,64.54
"everybody great weekend",4,355432,64.54
"everybody knows raise",4,355436,64.54
"everybody mason guest",4,355440,64.55
"everybody needs follow",4,355444,64.55
"everybody source ron",4,355448,64.55
"everybody working weekend",4,355452,64.55
"everyday check new",4,355456,64.55
"everyday scares roosevelt",4,355460,64.55
"evidence appearing real",4,355464,64.55
"evolved monkeys monkeys",4,355468,64.55
"ex trying mess",4,355472,64.55
"exactly don think",4,355476,64.55
"exactly right time",4,355480,64.55
"exactly week today",4,355484,64.55
"exam wish luck",4,355488,64.55
"example determine follow",4,355492,64.55
"excellent good luck",4,355496,64.56
"excellent last night",4,355500,64.56
"exceptional customer service",4,355504,64.56
"exchange establish priorities",4,355508,64.56
"exchange follows support",4,355512,64.56
"exchange henry david",4,355516,64.56
"excited announce launch",4,355520,64.56
"excited big day",4,355524,64.56
"excited big night",4,355528,64.56
"excited check new",4,355532,64.56
"excited finally try",4,355536,64.56
"excited glee tonight",4,355540,64.56
"excited gonna great",4,355544,64.56
"excited great things",4,355548,64.57
"excited great time",4,355552,64.57
"excited hope great",4,355556,64.57
"excited join tomorrow",4,355560,64.57
"excited just found",4,355564,64.57
"excited launch new",4,355568,64.57
"excited new business",4,355572,64.57
"excited new job",4,355576,64.57
"excited new movie",4,355580,64.57
"excited new project",4,355584,64.57
"excited upcoming season",4,355588,64.57
"excited wait get",4,355592,64.57
"excited wait love",4,355596,64.57
"excited warped tour",4,355600,64.57
"exciting best luck",4,355604,64.58
"exciting day today",4,355608,64.58
"exciting minutes sports",4,355612,64.58
"exciting new project",4,355616,64.58
"exciting new projects",4,355620,64.58
"exclusive save limited",4,355624,64.58
"excuse go myself",4,355628,64.58
"excuse go shopping",4,355632,64.58
"excuse stay home",4,355636,64.58
"excuses play like",4,355640,64.58
"exercise better quality",4,355644,64.58
"exercise quality life",4,355648,64.58
"exercise start doing",4,355652,64.58
"exhausted busy day",4,355656,64.58
"exhausting thing life",4,355660,64.59
"exhibit hall open",4,355664,64.59
"exist accept responsibility",4,355668,64.59
"exist money world",4,355672,64.59
"exist someday notice",4,355676,64.59
"exist tell dragons",4,355680,64.59
"expect achieve new",4,355684,64.59
"expect anything anyone",4,355688,64.59
"expect look like",4,355692,64.59
"expect lowest people",4,355696,64.59
"expect treated like",4,355700,64.59
"experience customer service",4,355704,64.59
"experience happens man",4,355708,64.59
"experience james beard",4,355712,64.59
"experience life catches",4,355716,64.6
"experience meet life",4,355720,64.6
"experience simply give",4,355724,64.6
"experience thoughts wisdom",4,355728,64.6
"experience travel education",4,355732,64.6
"expert know tomorrow",4,355736,64.6
"experts clear choice",4,355740,64.6
"explain did wrong",4,355744,64.6
"explain friends need",4,355748,64.6
"explain simply don",4,355752,64.6
"explains superior teacher",4,355756,64.6
"expo receive free",4,355760,64.6
"exposure life daring",4,355764,64.6
"expression appeal simplicity",4,355768,64.61
"extension bar hours",4,355772,64.61
"extra bullet missed",4,355776,64.61
"extra credit points",4,355780,64.61
"extra hard get",4,355784,64.61
"extraordinary mind extraordinary",4,355788,64.61
"eye tech training",4,355792,64.61
"eye tissue donation",4,355796,64.61
"eyes closed sincerely",4,355800,64.61
"eyes frank lloyd",4,355804,64.61
"eyes hug tight",4,355808,64.61
"eyes just got",4,355812,64.61
"eyes nice smile",4,355816,64.61
"eyes slowly closing",4,355820,64.61
"eyes windows soul",4,355824,64.62
"fa real doe",4,355828,64.62
"face feels like",4,355832,64.62
"face just got",4,355836,64.62
"face lift home",4,355840,64.62
"face love faces",4,355844,64.62
"facebook com envy",4,355848,64.62
"facebook com give",4,355852,64.62
"facebook com myspace",4,355856,64.62
"facebook entered drawing",4,355860,64.62
"facebook get chance",4,355864,64.62
"facebook going start",4,355868,64.62
"facebook make sure",4,355872,64.62
"facebook page friends",4,355876,64.62
"facebook page info",4,355880,64.63
"facebook page just",4,355884,64.63
"facebook page link",4,355888,64.63
"facebook page love",4,355892,64.63
"facebook page search",4,355896,64.63
"facebook page twitter",4,355900,64.63
"facebook page vote",4,355904,64.63
"facebook people like",4,355908,64.63
"facebook status tweet",4,355912,64.63
"facebook stephen samuel",4,355916,64.63
"facebook twitter like",4,355920,64.63
"facebook twitter social",4,355924,64.63
"facebook video chat",4,355928,64.63
"facebook write wall",4,355932,64.63
"facebook youtube twitter",4,355936,64.64
"faced james baldwin",4,355940,64.64
"faced truth foundation",4,355944,64.64
"facial expressions priceless",4,355948,64.64
"facility contact thanks",4,355952,64.64
"fact body absorb",4,355956,64.64
"fact gone move",4,355960,64.64
"fact looks like",4,355964,64.64
"factory brands created",4,355968,64.64
"faculty loses interest",4,355972,64.64
"faded don give",4,355976,64.64
"fail henry david",4,355980,64.64
"fail success charles",4,355984,64.64
"failures charles noble",4,355988,64.65
"failures finger posts",4,355992,64.65
"failures just experiences",4,355996,64.65
"fair jumping coming",4,356000,64.65
"fair labor standards",4,356004,64.65
"fair last night",4,356008,64.65
"fair let know",4,356012,64.65
"fair main stage",4,356016,64.65
"fair today come",4,356020,64.65
"fair winds following",4,356024,64.65
"faithful prayer romans",4,356028,64.65
"fake friends just",4,356032,64.65
"fake new trend",4,356036,64.65
"fall asleep awake",4,356040,64.65
"fall asleep fast",4,356044,64.66
"fall asleep faster",4,356048,64.66
"fall asleep going",4,356052,64.66
"fall asleep good",4,356056,64.66
"fall asleep hate",4,356060,64.66
"fall asleep listening",4,356064,64.66
"fall asleep school",4,356068,64.66
"fall asleep time",4,356072,64.66
"fall asleep waiting",4,356076,64.66
"fall don make",4,356080,64.66
"fall idea lives",4,356084,64.66
"fall love day",4,356088,64.66
"fall love get",4,356092,64.66
"fall love knowing",4,356096,64.66
"fall love like",4,356100,64.67
"fall love live",4,356104,64.67
"fall love meant",4,356108,64.67
"fall love people",4,356112,64.67
"fall love unexpected",4,356116,64.67
"fall panic friends",4,356120,64.67
"fall stars refuse",4,356124,64.67
"fall sudden stop",4,356128,64.67
"falling asleep just",4,356132,64.67
"falling asleep rain",4,356136,64.67
"falling asleep watching",4,356140,64.67
"falling asleep work",4,356144,64.67
"falls asleep texting",4,356148,64.67
"falls floor breaks",4,356152,64.67
"falls mouth easily",4,356156,64.68
"false evidence appearing",4,356160,64.68
"false using chance",4,356164,64.68
"familiar new faces",4,356168,64.68
"family bounce night",4,356172,64.68
"family change love",4,356176,64.68
"family chicago miss",4,356180,64.68
"family friends become",4,356184,64.68
"family friends happy",4,356188,64.68
"family friends life",4,356192,64.68
"family great day",4,356196,64.68
"family greatest thing",4,356200,64.68
"family happy birthday",4,356204,64.68
"family job assets",4,356208,64.68
"family learning interactive",4,356212,64.69
"family life good",4,356216,64.69
"family life great",4,356220,64.69
"family look forward",4,356224,64.69
"family mothers day",4,356228,64.69
"family need jane",4,356232,64.69
"family old friends",4,356236,64.69
"family portrait session",4,356240,64.69
"fan belt tire",4,356244,64.69
"fan club members",4,356248,64.69
"fan girl moment",4,356252,64.69
"fan hunger games",4,356256,64.69
"fan looks like",4,356260,64.69
"fan twitter milwaukee",4,356264,64.7
"fan video tweet",4,356268,64.7
"fan years old",4,356272,64.7
"fancy grilled cheese",4,356276,64.7
"fans don miss",4,356280,64.7
"fans fans fans",4,356284,64.7
"fans follow new",4,356288,64.7
"fans heat fans",4,356292,64.7
"fans hope get",4,356296,64.7
"fans just like",4,356300,64.7
"fans let get",4,356304,64.7
"fans say want",4,356308,64.7
"fans want meet",4,356312,64.7
"fantastic free tools",4,356316,64.7
"fantastic look forward",4,356320,64.71
"fantastic looking forward",4,356324,64.71
"fantastic thanks sharing",4,356328,64.71
"fantastic time tonight",4,356332,64.71
"far away find",4,356336,64.71
"far away follow",4,356340,64.71
"far away get",4,356344,64.71
"far away good",4,356348,64.71
"far away really",4,356352,64.71
"far better things",4,356356,64.71
"far unless know",4,356360,64.71
"farm farm farm",4,356364,64.71
"farm yankees related",4,356368,64.71
"farmers market opens",4,356372,64.71
"fashion www com",4,356376,64.72
"fashioned actually take",4,356380,64.72
"fast break points",4,356384,64.72
"fast brown fox",4,356388,64.72
"fast dreams dreams",4,356392,64.72
"fast miss sense",4,356396,64.72
"fast paced world",4,356400,64.72
"fast time flying",4,356404,64.72
"faster able endure",4,356408,64.72
"faster horse henry",4,356412,64.72
"fastest growing private",4,356416,64.72
"fatal prejudice narrow",4,356420,64.72
"father art heaven",4,356424,64.72
"favor looking forward",4,356428,64.72
"favor love heart",4,356432,64.73
"favor way young",4,356436,64.73
"favorite artist moment",4,356440,64.73
"favorite bad girl",4,356444,64.73
"favorite bands time",4,356448,64.73
"favorite board game",4,356452,64.73
"favorite books time",4,356456,64.73
"favorite cast member",4,356460,64.73
"favorite dr book",4,356464,64.73
"favorite films year",4,356468,64.73
"favorite flavor ice",4,356472,64.73
"favorite guitar player",4,356476,64.73
"favorite holiday tradition",4,356480,64.73
"favorite local band",4,356484,64.74
"favorite male singer",4,356488,64.74
"favorite menu item",4,356492,64.74
"favorite places go",4,356496,64.74
"favorite places world",4,356500,64.74
"favorite player time",4,356504,64.74
"favorite shop gave",4,356508,64.74
"favorite soccer player",4,356512,64.74
"favorite song just",4,356516,64.74
"favorite song thanks",4,356520,64.74
"favorite song turn",4,356524,64.74
"favorite star wars",4,356528,64.74
"favorite superbowl commercial",4,356532,64.74
"favorite type food",4,356536,64.74
"favorite word today",4,356540,64.75
"feared lived wisely",4,356544,64.75
"fears knowing brilliant",4,356548,64.75
"feat rick ross",4,356552,64.75
"featured glee club",4,356556,64.75
"featuring iphone app",4,356560,64.75
"featuring special guest",4,356564,64.75
"fed auto repair",4,356568,64.75
"federal government charge",4,356572,64.75
"feedback look forward",4,356576,64.75
"feel alone just",4,356580,64.75
"feel awkward annoying",4,356584,64.75
"feel bad bad",4,356588,64.75
"feel bad bout",4,356592,64.75
"feel bad dog",4,356596,64.76
"feel bad fans",4,356600,64.76
"feel bad folks",4,356604,64.76
"feel bad having",4,356608,64.76
"feel bad right",4,356612,64.76
"feel bad today",4,356616,64.76
"feel bad trying",4,356620,64.76
"feel feel like",4,356624,64.76
"feel free anytime",4,356628,64.76
"feel free download",4,356632,64.76
"feel free swing",4,356636,64.76
"feel free write",4,356640,64.76
"feel good hear",4,356644,64.76
"feel good life",4,356648,64.76
"feel good movie",4,356652,64.77
"feel good sleep",4,356656,64.77
"feel good stay",4,356660,64.77
"feel good true",4,356664,64.77
"feel hard legs",4,356668,64.77
"feel honestly hardest",4,356672,64.77
"feel important look",4,356676,64.77
"feel jim morrison",4,356680,64.77
"feel know feel",4,356684,64.77
"feel like barely",4,356688,64.77
"feel like biggest",4,356692,64.77
"feel like body",4,356696,64.77
"feel like bothered",4,356700,64.77
"feel like cause",4,356704,64.78
"feel like cleaning",4,356708,64.78
"feel like close",4,356712,64.78
"feel like dog",4,356716,64.78
"feel like dude",4,356720,64.78
"feel like eat",4,356724,64.78
"feel like hulk",4,356728,64.78
"feel like jelly",4,356732,64.78
"feel like lazy",4,356736,64.78
"feel like long",4,356740,64.78
"feel like mario",4,356744,64.78
"feel like middle",4,356748,64.78
"feel like moment",4,356752,64.78
"feel like months",4,356756,64.78
"feel like nice",4,356760,64.79
"feel like oh",4,356764,64.79
"feel like opening",4,356768,64.79
"feel like past",4,356772,64.79
"feel like reads",4,356776,64.79
"feel like regular",4,356780,64.79
"feel like saw",4,356784,64.79
"feel like set",4,356788,64.79
"feel like sharing",4,356792,64.79
"feel like single",4,356796,64.79
"feel like slept",4,356800,64.79
"feel like social",4,356804,64.79
"feel like stay",4,356808,64.79
"feel like staying",4,356812,64.79
"feel like strong",4,356816,64.8
"feel like stuff",4,356820,64.8
"feel like teenage",4,356824,64.8
"feel like text",4,356828,64.8
"feel like thanks",4,356832,64.8
"feel like tomorrow",4,356836,64.8
"feel like tweets",4,356840,64.8
"feel like ugly",4,356844,64.8
"feel like wasted",4,356848,64.8
"feel like weekend",4,356852,64.8
"feel like whale",4,356856,64.8
"feel like worked",4,356860,64.8
"feel like young",4,356864,64.8
"feel lot like",4,356868,64.8
"feel matters anything",4,356872,64.81
"feel somewhat better",4,356876,64.81
"feel tears coming",4,356880,64.81
"feeling dying talk",4,356884,64.81
"feeling good living",4,356888,64.81
"feeling good new",4,356892,64.81
"feeling good time",4,356896,64.81
"feeling like doing",4,356900,64.81
"feeling like game",4,356904,64.81
"feeling like get",4,356908,64.81
"feeling like like",4,356912,64.81
"feeling like little",4,356916,64.81
"feeling like new",4,356920,64.81
"feeling like time",4,356924,64.82
"feeling like won",4,356928,64.82
"feeling lucky button",4,356932,64.82
"feeling mutual love",4,356936,64.82
"feelings don catch",4,356940,64.82
"feelings just unsure",4,356944,64.82
"feelings thousand thoughts",4,356948,64.82
"feels good hear",4,356952,64.82
"feels good love",4,356956,64.82
"feels good man",4,356960,64.82
"feels good nice",4,356964,64.82
"feels saw touched",4,356968,64.82
"feet inches tall",4,356972,64.82
"fell asleep class",4,356976,64.82
"fell asleep instead",4,356980,64.83
"fell asleep middle",4,356984,64.83
"fell asleep right",4,356988,64.83
"fell little bit",4,356992,64.83
"fellow human beings",4,356996,64.83
"felt like did",4,357000,64.83
"felt like got",4,357004,64.83
"felt like old",4,357008,64.83
"felt like really",4,357012,64.83
"felt like summer",4,357016,64.83
"felt like tweeting",4,357020,64.83
"felt like went",4,357024,64.83
"female hip hop",4,357028,64.83
"festival aug point",4,357032,64.83
"festival days away",4,357036,64.84
"festival interested attending",4,357040,64.84
"festival let know",4,357044,64.84
"festival today tomorrow",4,357048,64.84
"fever sore throat",4,357052,64.84
"field mile high",4,357056,64.84
"field score bill",4,357060,64.84
"field vision limits",4,357064,64.84
"fierce friday eye",4,357068,64.84
"fifty ordinary men",4,357072,64.84
"fifty youth old",4,357076,64.84
"fighting calls ugly",4,357080,64.84
"fights make relationship",4,357084,64.84
"fights ugly people",4,357088,64.84
"figure climb go",4,357092,64.85
"figure social media",4,357096,64.85
"figure twitter stuff",4,357100,64.85
"figure way make",4,357104,64.85
"figures troubling new",4,357108,64.85
"file police report",4,357112,64.85
"filing tax return",4,357116,64.85
"fill job application",4,357120,64.85
"filling job applications",4,357124,64.85
"film festival pm",4,357128,64.85
"film festival saturday",4,357132,64.85
"film festival tonight",4,357136,64.85
"film tax credit",4,357140,64.85
"filter nearest select",4,357144,64.85
"final exam done",4,357148,64.86
"final resting place",4,357152,64.86
"final special performance",4,357156,64.86
"final tomorrow morning",4,357160,64.86
"finale desperate housewives",4,357164,64.86
"finale don want",4,357168,64.86
"finale made cry",4,357172,64.86
"finally come end",4,357176,64.86
"finally coming home",4,357180,64.86
"finally decided get",4,357184,64.86
"finally get good",4,357188,64.86
"finally get hang",4,357192,64.86
"finally get own",4,357196,64.86
"finally getting needed",4,357200,64.87
"finally go sleep",4,357204,64.87
"finally got go",4,357208,64.87
"finally got got",4,357212,64.87
"finally got house",4,357216,64.87
"finally got invite",4,357220,64.87
"finally got love",4,357224,64.87
"finally got power",4,357228,64.87
"finally got tickets",4,357232,64.87
"finally got time",4,357236,64.87
"finally lunch time",4,357240,64.87
"finally twitter follow",4,357244,64.87
"finally watching game",4,357248,64.87
"finally watching last",4,357252,64.87
"finance website car",4,357256,64.88
"find bin laden",4,357260,64.88
"find facebook com",4,357264,64.88
"find facebook page",4,357268,64.88
"find get need",4,357272,64.88
"find great stuff",4,357276,64.88
"find interesting san",4,357280,64.88
"find mother day",4,357284,64.88
"find perfect person",4,357288,64.88
"find real man",4,357292,64.88
"find social media",4,357296,64.88
"find way go",4,357300,64.88
"find way let",4,357304,64.88
"find way watch",4,357308,64.88
"find ways get",4,357312,64.89
"find ways help",4,357316,64.89
"finding live finding",4,357320,64.89
"finding performance piece",4,357324,64.89
"finds creates thomas",4,357328,64.89
"finger car door",4,357332,64.89
"finger posts road",4,357336,64.89
"fingers created fill",4,357340,64.89
"fingers crossed better",4,357344,64.89
"fingers crossed really",4,357348,64.89
"finish hunger games",4,357352,64.89
"finish last night",4,357356,64.89
"finish sentence like",4,357360,64.89
"finish watching game",4,357364,64.89
"finished book great",4,357368,64.9
"finished fifty shades",4,357372,64.9
"finished great book",4,357376,64.9
"finished mass effect",4,357380,64.9
"finished miles trail",4,357384,64.9
"finished new song",4,357388,64.9
"finished writing story",4,357392,64.9
"fired head coach",4,357396,64.9
"firm los angeles",4,357400,64.9
"firm resolve determined",4,357404,64.9
"firm www com",4,357408,64.9
"fish don feelings",4,357412,64.9
"fish needs bicycle",4,357416,64.9
"fish road use",4,357420,64.91
"fit perfect work",4,357424,64.91
"fix leak week",4,357428,64.91
"fix let know",4,357432,64.91
"fl www com",4,357436,64.91
"flavor porter square",4,357440,64.91
"flight delayed hour",4,357444,64.91
"flight last night",4,357448,64.91
"flight los angeles",4,357452,64.91
"flight salt lake",4,357456,64.91
"flipping abstract emotional",4,357460,64.91
"float like butterfly",4,357464,64.91
"flock fly follow",4,357468,64.91
"floor enjoy step",4,357472,64.91
"floor hates tables",4,357476,64.92
"florida bc live",4,357480,64.92
"florida film festival",4,357484,64.92
"florida state big",4,357488,64.92
"flowers mother day",4,357492,64.92
"flu shot today",4,357496,64.92
"fly like butterfly",4,357500,64.92
"flying books mr",4,357504,64.92
"flying san francisco",4,357508,64.92
"fm broadcasting recording",4,357512,64.92
"fm www fm",4,357516,64.92
"focus mark twain",4,357520,64.92
"focus task hand",4,357524,64.92
"folks looks like",4,357528,64.92
"follow absolutely love",4,357532,64.93
"follow anyone twitter",4,357536,64.93
"follow ask question",4,357540,64.93
"follow austin love",4,357544,64.93
"follow biggest fans",4,357548,64.93
"follow bunch people",4,357552,64.93
"follow card store",4,357556,64.93
"follow discounts auto",4,357560,64.93
"follow fan love",4,357564,64.93
"follow fan page",4,357568,64.93
"follow fashion tips",4,357572,64.93
"follow fellow tweeters",4,357576,64.93
"follow find facebook",4,357580,64.93
"follow friends give",4,357584,64.93
"follow gain follower",4,357588,64.94
"follow get info",4,357592,64.94
"follow get people",4,357596,64.94
"follow glad connected",4,357600,64.94
"follow glad share",4,357604,64.94
"follow going places",4,357608,64.94
"follow great advice",4,357612,64.94
"follow great meeting",4,357616,64.94
"follow great news",4,357620,64.94
"follow great people",4,357624,64.94
"follow greatly appreciated",4,357628,64.94
"follow heart know",4,357632,64.94
"follow hey follow",4,357636,64.94
"follow hope connect",4,357640,64.95
"follow hope enjoyed",4,357644,64.95
"follow hope enjoying",4,357648,64.95
"follow improving taxi",4,357652,64.95
"follow les follow",4,357656,64.95
"follow live tweet",4,357660,64.95
"follow make feel",4,357664,64.95
"follow make new",4,357668,64.95
"follow make smile",4,357672,64.95
"follow make world",4,357676,64.95
"follow men old",4,357680,64.95
"follow mo heard",4,357684,64.95
"follow month martin",4,357688,64.95
"follow music twitter",4,357692,64.95
"follow neighborhood nyc",4,357696,64.96
"follow new band",4,357700,64.96
"follow new music",4,357704,64.96
"follow north star",4,357708,64.96
"follow page want",4,357712,64.96
"follow private public",4,357716,64.96
"follow real time",4,357720,64.96
"follow reply birthday",4,357724,64.96
"follow reply done",4,357728,64.96
"follow say follow",4,357732,64.96
"follow shes new",4,357736,64.96
"follow shes really",4,357740,64.96
"follow shes sweet",4,357744,64.96
"follow sounds like",4,357748,64.96
"follow support keep",4,357752,64.97
"follow support love",4,357756,64.97
"follow thanks guys",4,357760,64.97
"follow time surfing",4,357764,64.97
"follow twitter check",4,357768,64.97
"follow twitter come",4,357772,64.97
"follow twitter film",4,357776,64.97
"follow twitter help",4,357780,64.97
"follow twitter latest",4,357784,64.97
"follow twitter let",4,357788,64.97
"follow twitter mean",4,357792,64.97
"follow twitter page",4,357796,64.97
"follow twitter post",4,357800,64.97
"follow twitter tweet",4,357804,64.97
"follow twitter twitter",4,357808,64.98
"follow twitter win",4,357812,64.98
"follow wait read",4,357816,64.98
"follow won let",4,357820,64.98
"followed old account",4,357824,64.98
"followed spread word",4,357828,64.98
"follower ask anything",4,357832,64.98
"follower follow gain",4,357836,64.98
"follower thanks support",4,357840,64.98
"followers away get",4,357844,64.98
"followers away hitting",4,357848,64.98
"followers blessed day",4,357852,64.98
"followers chance win",4,357856,64.98
"followers follow girl",4,357860,64.98
"followers follow go",4,357864,64.99
"followers follow twitter",4,357868,64.99
"followers following follow",4,357872,64.99
"followers guys best",4,357876,64.99
"followers happy friday",4,357880,64.99
"followers happy monday",4,357884,64.99
"followers keep going",4,357888,64.99
"followers keep growing",4,357892,64.99
"followers like www",4,357896,64.99
"followers looks like",4,357900,64.99
"followers make happen",4,357904,64.99
"followers need follow",4,357908,64.99
"followers reach help",4,357912,64.99
"followers site free",4,357916,65
"followers till hit",4,357920,65
"following awesome day",4,357924,65
"following best wishes",4,357928,65
"following check music",4,357932,65
"following checked music",4,357936,65
"following eye tech",4,357940,65
"following follow good",4,357944,65
"following follow great",4,357948,65
"following follow nice",4,357952,65
"following follow thanks",4,357956,65
"following follow tweets",4,357960,65
"following followed spread",4,357964,65
"following follower ratio",4,357968,65
"following good weekend",4,357972,65.01
"following guys rock",4,357976,65.01
"following just love",4,357980,65.01
"following new account",4,357984,65.01
"following new friends",4,357988,65.01
"following pc twitter",4,357992,65.01
"following twitter feed",4,357996,65.01
"following twitter get",4,358000,65.01
"following twitter like",4,358004,65.01
"following twitter love",4,358008,65.01
"following wonderful day",4,358012,65.01
"follows beautiful talented",4,358016,65.01
"follows supporting contemporary",4,358020,65.01
"food allergy foundation",4,358024,65.01
"food cash bar",4,358028,65.02
"food come check",4,358032,65.02
"food fun entertainment",4,358036,65.02
"food hits floor",4,358040,65.02
"food ice cream",4,358044,65.02
"food secretly hoping",4,358048,65.02
"food specials night",4,358052,65.02
"foods learned people",4,358056,65.02
"fools benjamin franklin",4,358060,65.02
"foot falls asleep",4,358064,65.02
"football coach bobby",4,358068,65.02
"football league denver",4,358072,65.02
"football spring game",4,358076,65.02
"force achieved understanding",4,358080,65.02
"forcing obama admit",4,358084,65.03
"forever get away",4,358088,65.03
"forever goal create",4,358092,65.03
"forever looks like",4,358096,65.03
"forever www authors",4,358100,65.03
"forget make sure",4,358104,65.03
"forget mom mother",4,358108,65.03
"forget mothers day",4,358112,65.03
"forget price tag",4,358116,65.03
"forget spring forward",4,358120,65.03
"forget stop booth",4,358124,65.03
"forget teach remember",4,358128,65.03
"forget vote tomorrow",4,358132,65.03
"forgive easy care",4,358136,65.04
"forgive set prisoner",4,358140,65.04
"forgiveness does change",4,358144,65.04
"forgiveness giving hope",4,358148,65.04
"forgot exist need",4,358152,65.04
"forgotten belong mother",4,358156,65.04
"forgotten learned school",4,358160,65.04
"form bad habits",4,358164,65.04
"form divine try",4,358168,65.04
"form humor unless",4,358172,65.04
"form own opinion",4,358176,65.04
"former co worker",4,358180,65.04
"former co workers",4,358184,65.04
"forms social media",4,358188,65.04
"forms state court",4,358192,65.05
"forward called dreams",4,358196,65.05
"forward chat tonight",4,358200,65.05
"forward couple days",4,358204,65.05
"forward hearing great",4,358208,65.05
"forward hearing presentation",4,358212,65.05
"forward kiss avoid",4,358216,65.05
"forward meeting afternoon",4,358220,65.05
"forward meeting great",4,358224,65.05
"forward meeting students",4,358228,65.05
"forward memories right",4,358232,65.05
"forward open house",4,358236,65.05
"forward productive week",4,358240,65.05
"forward san diego",4,358244,65.05
"forward sharing info",4,358248,65.06
"forward short week",4,358252,65.06
"forward time just",4,358256,65.06
"forward tweets follow",4,358260,65.06
"forward visiting soon",4,358264,65.06
"foster care systems",4,358268,65.06
"fought world war",4,358272,65.06
"found benjamin franklin",4,358276,65.06
"found dove place",4,358280,65.06
"found fountain youth",4,358284,65.06
"found last week",4,358288,65.06
"found perfect dress",4,358292,65.06
"found prom dress",4,358296,65.06
"found way make",4,358300,65.06
"found white hair",4,358304,65.07
"found whitney houston",4,358308,65.07
"foundation courage true",4,358312,65.07
"founded featured vintage",4,358316,65.07
"fox cbs transit",4,358320,65.07
"fox news channel",4,358324,65.07
"fox news right",4,358328,65.07
"fox news way",4,358332,65.07
"fox tired dog",4,358336,65.07
"francis scott key",4,358340,65.07
"francisco looking forward",4,358344,65.07
"frank important friendship",4,358348,65.07
"freaking awesome thank",4,358352,65.07
"free active free",4,358356,65.08
"free agency draft",4,358360,65.08
"free app store",4,358364,65.08
"free breakfast week",4,358368,65.08
"free bring em",4,358372,65.08
"free copy pretty",4,358376,65.08
"free customer product",4,358380,65.08
"free delivery code",4,358384,65.08
"free device workshop",4,358388,65.08
"free discover prisoner",4,358392,65.08
"free doors open",4,358396,65.08
"free drink free",4,358400,65.08
"free drink specials",4,358404,65.08
"free drink ticket",4,358408,65.08
"free drink tickets",4,358412,65.09
"free email dot",4,358416,65.09
"free espresso shot",4,358420,65.09
"free existence act",4,358424,65.09
"free follow interested",4,358428,65.09
"free fry friday",4,358432,65.09
"free get early",4,358436,65.09
"free get touch",4,358440,65.09
"free gift wrapping",4,358444,65.09
"free go get",4,358448,65.09
"free grab bag",4,358452,65.09
"free just let",4,358456,65.09
"free make suggestions",4,358460,65.09
"free mango pineapple",4,358464,65.09
"free movie night",4,358468,65.1
"free nights stay",4,358472,65.1
"free open internet",4,358476,65.1
"free parking beautiful",4,358480,65.1
"free parking downtown",4,358484,65.1
"free personal training",4,358488,65.1
"free pictures www",4,358492,65.1
"free private class",4,358496,65.1
"free public reading",4,358500,65.1
"free sample kit",4,358504,65.1
"free saturday come",4,358508,65.1
"free shots vip",4,358512,65.1
"free shuttle game",4,358516,65.1
"free spring concert",4,358520,65.1
"free till st",4,358524,65.11
"free tomorrow friday",4,358528,65.11
"free tweet questions",4,358532,65.11
"free week tanning",4,358536,65.11
"free www just",4,358540,65.11
"freedom jim morrison",4,358544,65.11
"freedom make mistakes",4,358548,65.11
"freedom worth having",4,358552,65.11
"french round long",4,358556,65.11
"fresh baked bread",4,358560,65.11
"fresh cup coffee",4,358564,65.11
"fresh daily bakery",4,358568,65.11
"freshly brewed coffee",4,358572,65.11
"fri cure event",4,358576,65.12
"fri night sat",4,358580,65.12
"fri pm get",4,358584,65.12
"friday april st",4,358588,65.12
"friday date night",4,358592,65.12
"friday day week",4,358596,65.12
"friday eye studio",4,358600,65.12
"friday follow love",4,358604,65.12
"friday free fries",4,358608,65.12
"friday going far",4,358612,65.12
"friday good luck",4,358616,65.12
"friday happy birthday",4,358620,65.12
"friday happy day",4,358624,65.12
"friday july pm",4,358628,65.12
"friday just reminder",4,358632,65.13
"friday kick weekend",4,358636,65.13
"friday last night",4,358640,65.13
"friday let make",4,358644,65.13
"friday march pm",4,358648,65.13
"friday needs hurry",4,358652,65.13
"friday second favorite",4,358656,65.13
"friday spring break",4,358660,65.13
"friday th guess",4,358664,65.13
"friday th make",4,358668,65.13
"friday th today",4,358672,65.13
"friday thanks following",4,358676,65.13
"fridge eat open",4,358680,65.13
"fried mac cheese",4,358684,65.13
"friend don forget",4,358688,65.14
"friend go follow",4,358692,65.14
"friend good luck",4,358696,65.14
"friend good night",4,358700,65.14
"friend gotta get",4,358704,65.14
"friend hand helped",4,358708,65.14
"friend hope great",4,358712,65.14
"friend hope wonderful",4,358716,65.14
"friend knows song",4,358720,65.14
"friend make sure",4,358724,65.14
"friend martin album",4,358728,65.14
"friend pittsburgh last",4,358732,65.14
"friend secretly hoping",4,358736,65.14
"friend sing dramatically",4,358740,65.14
"friend strong word",4,358744,65.15
"friend treasure precious",4,358748,65.15
"friendly health geek",4,358752,65.15
"friends abraham lincoln",4,358756,65.15
"friends facebook friends",4,358760,65.15
"friends family choose",4,358764,65.15
"friends family followers",4,358768,65.15
"friends family friends",4,358772,65.15
"friends family just",4,358776,65.15
"friends family night",4,358780,65.15
"friends family pets",4,358784,65.15
"friends family sale",4,358788,65.15
"friends family thanks",4,358792,65.15
"friends go get",4,358796,65.15
"friends happy healthy",4,358800,65.16
"friends happy new",4,358804,65.16
"friends help get",4,358808,65.16
"friends hope guys",4,358812,65.16
"friends keep going",4,358816,65.16
"friends keep old",4,358820,65.16
"friends let know",4,358824,65.16
"friends let make",4,358828,65.16
"friends new ones",4,358832,65.16
"friends rare people",4,358836,65.16
"friends really need",4,358840,65.16
"friends scotland yard",4,358844,65.16
"friends thanks following",4,358848,65.16
"friends time get",4,358852,65.17
"friendship money oil",4,358856,65.17
"friendship needs words",4,358860,65.17
"fruit must climb",4,358864,65.17
"fruit season times",4,358868,65.17
"frustrated short term",4,358872,65.17
"ft bruno mars",4,358876,65.17
"ft enterprise edition",4,358880,65.17
"ft fair conditions",4,358884,65.17
"ft poor conditions",4,358888,65.17
"ft worth area",4,358892,65.17
"fudge sweet nuts",4,358896,65.17
"full band pm",4,358900,65.17
"full brunch menu",4,358904,65.17
"full espresso bar",4,358908,65.18
"full great info",4,358912,65.18
"full names current",4,358916,65.18
"full service law",4,358920,65.18
"full service oil",4,358924,65.18
"full story www",4,358928,65.18
"full time part",4,358932,65.18
"full time positions",4,358936,65.18
"full time staff",4,358940,65.18
"fuller abundant life",4,358944,65.18
"fun day just",4,358948,65.18
"fun day monday",4,358952,65.18
"fun day ready",4,358956,65.18
"fun don know",4,358960,65.18
"fun filled week",4,358964,65.19
"fun friends family",4,358968,65.19
"fun games loses",4,358972,65.19
"fun games realize",4,358976,65.19
"fun giving away",4,358980,65.19
"fun going tonight",4,358984,65.19
"fun having lots",4,358988,65.19
"fun let go",4,358992,65.19
"fun make fun",4,358996,65.19
"fun meeting today",4,359000,65.19
"fun prom tonight",4,359004,65.19
"fun really need",4,359008,65.19
"fun spending time",4,359012,65.19
"fun talk soon",4,359016,65.19
"fun tell said",4,359020,65.2
"fun things happening",4,359024,65.2
"fun wait get",4,359028,65.2
"fun want go",4,359032,65.2
"fun watching game",4,359036,65.2
"fun work hard",4,359040,65.2
"fund co banks",4,359044,65.2
"fund last go",4,359048,65.2
"funny don know",4,359052,65.2
"funny good way",4,359056,65.2
"funny haven seen",4,359060,65.2
"funny high school",4,359064,65.2
"funny honey sweet",4,359068,65.2
"funny time flies",4,359072,65.21
"future george bernard",4,359076,65.21
"future higher ed",4,359080,65.21
"future human race",4,359084,65.21
"future john kennedy",4,359088,65.21
"future public libraries",4,359092,65.21
"future worse happiest",4,359096,65.21
"gala huge success",4,359100,65.21
"galleries cross museum",4,359104,65.21
"gallery night pick",4,359108,65.21
"gallery www com",4,359112,65.21
"game bradley center",4,359116,65.21
"game getting good",4,359120,65.21
"game gonna go",4,359124,65.21
"game gotta get",4,359128,65.22
"game guess start",4,359132,65.22
"game home run",4,359136,65.22
"game keep eye",4,359140,65.22
"game keep good",4,359144,65.22
"game looked like",4,359148,65.22
"game new stadium",4,359152,65.22
"game pm come",4,359156,65.22
"game really don",4,359160,65.22
"game st round",4,359164,65.22
"game staples center",4,359168,65.22
"game sunday go",4,359172,65.22
"game thrones sun",4,359176,65.22
"game thursday night",4,359180,65.22
"game time win",4,359184,65.23
"game today wait",4,359188,65.23
"game tomorrow get",4,359192,65.23
"game tomorrow gonna",4,359196,65.23
"game tonight don",4,359200,65.23
"game tonight fun",4,359204,65.23
"game tonight hoping",4,359208,65.23
"game tonight keep",4,359212,65.23
"game tonight need",4,359216,65.23
"game tonight think",4,359220,65.23
"game tonight weather",4,359224,65.23
"game tonight wish",4,359228,65.23
"game tv tonight",4,359232,65.23
"game visit www",4,359236,65.23
"game want play",4,359240,65.24
"game winning hit",4,359244,65.24
"games book club",4,359248,65.24
"games intelligence wins",4,359252,65.24
"games jump street",4,359256,65.24
"games last time",4,359260,65.24
"games last years",4,359264,65.24
"games left season",4,359268,65.24
"games odds favor",4,359272,65.24
"games second time",4,359276,65.24
"games wait wait",4,359280,65.24
"garage door open",4,359284,65.24
"garden let go",4,359288,65.24
"gary fisher bike",4,359292,65.25
"gate sure wake",4,359296,65.25
"gave long time",4,359300,65.25
"gave second chance",4,359304,65.25
"gear cane run",4,359308,65.25
"geek pub quiz",4,359312,65.25
"gel nail polish",4,359316,65.25
"general election june",4,359320,65.25
"general gal women",4,359324,65.25
"generally gets employees",4,359328,65.25
"generally product activities",4,359332,65.25
"generation kids system",4,359336,65.25
"generation laughs old",4,359340,65.25
"gentle way shake",4,359344,65.25
"gentleman style guide",4,359348,65.26
"genuine girlfriends new",4,359352,65.26
"george brad pitt",4,359356,65.26
"george bush endorsed",4,359360,65.26
"george bush endorsement",4,359364,65.26
"george complete works",4,359368,65.26
"georgia king village",4,359372,65.26
"get accepted offer",4,359376,65.26
"get answers questions",4,359380,65.26
"get app answer",4,359384,65.26
"get austin come",4,359388,65.26
"get away awhile",4,359392,65.26
"get away day",4,359396,65.26
"get away just",4,359400,65.26
"get away snow",4,359404,65.27
"get away wearing",4,359408,65.27
"get bed phone",4,359412,65.27
"get bed sleep",4,359416,65.27
"get bike tuned",4,359420,65.27
"get braces tomorrow",4,359424,65.27
"get brazilian wax",4,359428,65.27
"get bright early",4,359432,65.27
"get busy dying",4,359436,65.27
"get busy living",4,359440,65.27
"get cakes cookies",4,359444,65.27
"get called lot",4,359448,65.27
"get card today",4,359452,65.27
"get caught trying",4,359456,65.27
"get cause got",4,359460,65.28
"get cell phone",4,359464,65.28
"get chance catch",4,359468,65.28
"get chance give",4,359472,65.28
"get chance know",4,359476,65.28
"get chance let",4,359480,65.28
"get chance thanks",4,359484,65.28
"get chance vote",4,359488,65.28
"get check new",4,359492,65.28
"get christmas shopping",4,359496,65.28
"get closer closer",4,359500,65.28
"get college degree",4,359504,65.28
"get confused personality",4,359508,65.28
"get couch get",4,359512,65.28
"get credit andrew",4,359516,65.29
"get cup joe",4,359520,65.29
"get cup tea",4,359524,65.29
"get day get",4,359528,65.29
"get day go",4,359532,65.29
"get day night",4,359536,65.29
"get day pass",4,359540,65.29
"get day week",4,359544,65.29
"get day work",4,359548,65.29
"get done don",4,359552,65.29
"get done just",4,359556,65.29
"get done make",4,359560,65.29
"get done quickly",4,359564,65.29
"get done school",4,359568,65.3
"get drinks soon",4,359572,65.3
"get drinks tonight",4,359576,65.3
"get early bird",4,359580,65.3
"get early stay",4,359584,65.3
"get em boys",4,359588,65.3
"get em game",4,359592,65.3
"get em www",4,359596,65.3
"get end get",4,359600,65.3
"get excited days",4,359604,65.3
"get facebook twitter",4,359608,65.3
"get fix soon",4,359612,65.3
"get followers followers",4,359616,65.3
"get followers friday",4,359620,65.3
"get followers guys",4,359624,65.31
"get followers june",4,359628,65.31
"get followers make",4,359632,65.31
"get followers say",4,359636,65.31
"get followers thanks",4,359640,65.31
"get followers tomorrow",4,359644,65.31
"get followers win",4,359648,65.31
"get friend request",4,359652,65.31
"get get come",4,359656,65.31
"get get don",4,359660,65.31
"get get done",4,359664,65.31
"get get followers",4,359668,65.31
"get go class",4,359672,65.31
"get go cool",4,359676,65.31
"get go play",4,359680,65.32
"get going need",4,359684,65.32
"get going today",4,359688,65.32
"get good bad",4,359692,65.32
"get good old",4,359696,65.32
"get good quality",4,359700,65.32
"get good seat",4,359704,65.32
"get good start",4,359708,65.32
"get gotta get",4,359712,65.32
"get ground floor",4,359716,65.32
"get hacked just",4,359720,65.32
"get half drink",4,359724,65.32
"get half sleeve",4,359728,65.32
"get hard handle",4,359732,65.32
"get hard just",4,359736,65.33
"get hear song",4,359740,65.33
"get heart rate",4,359744,65.33
"get hope get",4,359748,65.33
"get invited parties",4,359752,65.33
"get involved get",4,359756,65.33
"get job go",4,359760,65.33
"get job like",4,359764,65.33
"get job soon",4,359768,65.33
"get just kidding",4,359772,65.33
"get just time",4,359776,65.33
"get just trying",4,359780,65.33
"get know just",4,359784,65.33
"get know really",4,359788,65.34
"get las vegas",4,359792,65.34
"get lazy love",4,359796,65.34
"get license plate",4,359800,65.34
"get life look",4,359804,65.34
"get life make",4,359808,65.34
"get life put",4,359812,65.34
"get like followers",4,359816,65.34
"get like soon",4,359820,65.34
"get los angeles",4,359824,65.34
"get married just",4,359828,65.34
"get married let",4,359832,65.34
"get married like",4,359836,65.34
"get married live",4,359840,65.34
"get married make",4,359844,65.35
"get maybe ill",4,359848,65.35
"get modeling acting",4,359852,65.35
"get mom get",4,359856,65.35
"get money love",4,359860,65.35
"get money worth",4,359864,65.35
"get moving keep",4,359868,65.35
"get new bed",4,359872,65.35
"get new follower",4,359876,65.35
"get new friends",4,359880,65.35
"get new look",4,359884,65.35
"get new mac",4,359888,65.35
"get new new",4,359892,65.35
"get new people",4,359896,65.35
"get new shirt",4,359900,65.36
"get new song",4,359904,65.36
"get new stuff",4,359908,65.36
"get news need",4,359912,65.36
"get offended easily",4,359916,65.36
"get online order",4,359920,65.36
"get open till",4,359924,65.36
"get order right",4,359928,65.36
"get pace change",4,359932,65.36
"get paid week",4,359936,65.36
"get paid weeks",4,359940,65.36
"get people need",4,359944,65.36
"get people talking",4,359948,65.36
"get people want",4,359952,65.36
"get pregnant get",4,359956,65.37
"get real real",4,359960,65.37
"get real ugly",4,359964,65.37
"get red carpet",4,359968,65.37
"get rid hangover",4,359972,65.37
"get rid little",4,359976,65.37
"get rid stuff",4,359980,65.37
"get rid things",4,359984,65.37
"get right jean",4,359988,65.37
"get right start",4,359992,65.37
"get settled new",4,359996,65.37
"get shape season",4,360000,65.37
"get shark eaten",4,360004,65.37
"get signed label",4,360008,65.38
"get signs pickup",4,360012,65.38
"get sleep wake",4,360016,65.38
"get sleep weekend",4,360020,65.38
"get sleep work",4,360024,65.38
"get soon go",4,360028,65.38
"get special discount",4,360032,65.38
"get spend day",4,360036,65.38
"get spend night",4,360040,65.38
"get st louis",4,360044,65.38
"get st round",4,360048,65.38
"get started homework",4,360052,65.38
"get started soon",4,360056,65.38
"get started thanks",4,360060,65.38
"get started trip",4,360064,65.39
"get stay home",4,360068,65.39
"get straw sun",4,360072,65.39
"get sun today",4,360076,65.39
"get sweet little",4,360080,65.39
"get tell truth",4,360084,65.39
"get tickets calling",4,360088,65.39
"get tickets com",4,360092,65.39
"get tickets need",4,360096,65.39
"get tickets sold",4,360100,65.39
"get tickets tour",4,360104,65.39
"get time love",4,360108,65.39
"get time machine",4,360112,65.39
"get today pm",4,360116,65.39
"get trying get",4,360120,65.4
"get trying make",4,360124,65.4
"get twitter feed",4,360128,65.4
"get twitter like",4,360132,65.4
"get ur braces",4,360136,65.4
"get ur copy",4,360140,65.4
"get ur way",4,360144,65.4
"get used charles",4,360148,65.4
"get used idea",4,360152,65.4
"get used time",4,360156,65.4
"get vip tickets",4,360160,65.4
"get wait list",4,360164,65.4
"get want don",4,360168,65.4
"get want get",4,360172,65.4
"get water ice",4,360176,65.41
"get way better",4,360180,65.41
"get way go",4,360184,65.41
"get way good",4,360188,65.41
"get way life",4,360192,65.41
"get wit get",4,360196,65.41
"get workout today",4,360200,65.41
"get world peace",4,360204,65.41
"gets better fast",4,360208,65.41
"gets bouncing stars",4,360212,65.41
"gets desk like",4,360216,65.41
"gets employees deserves",4,360220,65.41
"gets hit bus",4,360224,65.41
"gets little bit",4,360228,65.42
"gets morning goes",4,360232,65.42
"gets trouble know",4,360236,65.42
"gets worse day",4,360240,65.42
"gets worse worse",4,360244,65.42
"getting belly button",4,360248,65.42
"getting better go",4,360252,65.42
"getting better need",4,360256,65.42
"getting car wash",4,360260,65.42
"getting excited weekend",4,360264,65.42
"getting gift card",4,360268,65.42
"getting great deal",4,360272,65.42
"getting great response",4,360276,65.42
"getting great responses",4,360280,65.42
"getting hit face",4,360284,65.43
"getting hit hard",4,360288,65.43
"getting holiday spirit",4,360292,65.43
"getting hurt go",4,360296,65.43
"getting iphone tomorrow",4,360300,65.43
"getting keys door",4,360304,65.43
"getting lap dance",4,360308,65.43
"getting lots great",4,360312,65.43
"getting money worth",4,360316,65.43
"getting nails toes",4,360320,65.43
"getting new ipad",4,360324,65.43
"getting new laptop",4,360328,65.43
"getting new music",4,360332,65.43
"getting new stuff",4,360336,65.43
"getting old candles",4,360340,65.44
"getting old getting",4,360344,65.44
"getting old just",4,360348,65.44
"getting old people",4,360352,65.44
"getting pumped weekend",4,360356,65.44
"getting social media",4,360360,65.44
"getting tweets phone",4,360364,65.44
"getting way better",4,360368,65.44
"getting wed th",4,360372,65.44
"ghetto bathroom refrigerator",4,360376,65.44
"giant mechanical man",4,360380,65.44
"giants beat packers",4,360384,65.44
"giants game tonight",4,360388,65.44
"giants getting ready",4,360392,65.44
"giants great game",4,360396,65.45
"giants new england",4,360400,65.45
"giants parade tomorrow",4,360404,65.45
"gift buy gold",4,360408,65.45
"gift card check",4,360412,65.45
"gift card get",4,360416,65.45
"gift card just",4,360420,65.45
"gift card tweet",4,360424,65.45
"gift give mom",4,360428,65.45
"gift greatest wealth",4,360432,65.45
"girl bacon tattoo",4,360436,65.45
"girl class just",4,360440,65.45
"girl feel better",4,360444,65.45
"girl feel good",4,360448,65.45
"girl forget need",4,360452,65.46
"girl freak just",4,360456,65.46
"girl friends bad",4,360460,65.46
"girl good girl",4,360464,65.46
"girl gotta get",4,360468,65.46
"girl guy did",4,360472,65.46
"girl hope good",4,360476,65.46
"girl knows capital",4,360480,65.46
"girl last address",4,360484,65.46
"girl look better",4,360488,65.46
"girl make feel",4,360492,65.46
"girl make go",4,360496,65.46
"girl make thinking",4,360500,65.46
"girl million ways",4,360504,65.47
"girl miss hope",4,360508,65.47
"girl red hair",4,360512,65.47
"girl right shoes",4,360516,65.47
"girl say love",4,360520,65.47
"girl ship own",4,360524,65.47
"girl st birthday",4,360528,65.47
"girl steals man",4,360532,65.47
"girl take boy",4,360536,65.47
"girl think dream",4,360540,65.47
"girl want play",4,360544,65.47
"girl wants guy",4,360548,65.47
"girl weak point",4,360552,65.47
"girlfriend take anywhere",4,360556,65.47
"girlfriends new york",4,360560,65.48
"give anything best",4,360564,65.48
"give away food",4,360568,65.48
"give away plot",4,360572,65.48
"give away prize",4,360576,65.48
"give away today",4,360580,65.48
"give away tomorrow",4,360584,65.48
"give better look",4,360588,65.48
"give big thank",4,360592,65.48
"give don get",4,360596,65.48
"give dreams honor",4,360600,65.48
"give ear words",4,360604,65.48
"give exactly want",4,360608,65.48
"give feedback like",4,360612,65.48
"give girl right",4,360616,65.49
"give head start",4,360620,65.49
"give just place",4,360624,65.49
"give like facebook",4,360628,65.49
"give man bank",4,360632,65.49
"give man rob",4,360636,65.49
"give mouse cookie",4,360640,65.49
"give myself away",4,360644,65.49
"give new song",4,360648,65.49
"give number phone",4,360652,65.49
"give person loves",4,360656,65.49
"give reason hate",4,360660,65.49
"give relationship advice",4,360664,65.49
"give rest matthew",4,360668,65.49
"give shout give",4,360672,65.5
"give shout people",4,360676,65.5
"give shout thank",4,360680,65.5
"give sir winston",4,360684,65.5
"give smile today",4,360688,65.5
"give special gift",4,360692,65.5
"give stopped consequence",4,360696,65.5
"give take love",4,360700,65.5
"give ur heart",4,360704,65.5
"give week buy",4,360708,65.5
"giveaway good luck",4,360712,65.5
"given second chance",4,360716,65.5
"given set circumstances",4,360720,65.5
"gives answer ways",4,360724,65.51
"gives distance allows",4,360728,65.51
"gives hope gives",4,360732,65.51
"gives relationship advice",4,360736,65.51
"gives small thing",4,360740,65.51
"gives time think",4,360744,65.51
"gives women takes",4,360748,65.51
"giving away copy",4,360752,65.51
"giving away cupcakes",4,360756,65.51
"giving away day",4,360760,65.51
"giving away just",4,360764,65.51
"giving away stuff",4,360768,65.51
"giving away tomorrow",4,360772,65.51
"giving away tons",4,360776,65.51
"giving away trip",4,360780,65.52
"giving away ugly",4,360784,65.52
"giving better receiving",4,360788,65.52
"giving birth baby",4,360792,65.52
"giving car keys",4,360796,65.52
"giving child casey",4,360800,65.52
"giving mean weak",4,360804,65.52
"giving means accepting",4,360808,65.52
"giving people want",4,360812,65.52
"glad arrived safely",4,360816,65.52
"glad awesome time",4,360820,65.52
"glad caught early",4,360824,65.52
"glad connect thanks",4,360828,65.52
"glad doing better",4,360832,65.52
"glad enjoy music",4,360836,65.53
"glad enjoyed book",4,360840,65.53
"glad enjoyed event",4,360844,65.53
"glad enjoyed lunch",4,360848,65.53
"glad enjoyed meal",4,360852,65.53
"glad enjoyed music",4,360856,65.53
"glad following thanks",4,360860,65.53
"glad got enjoy",4,360864,65.53
"glad got figured",4,360868,65.53
"glad got hang",4,360872,65.53
"glad got hope",4,360876,65.53
"glad got last",4,360880,65.53
"glad got play",4,360884,65.53
"glad got safely",4,360888,65.53
"glad great weekend",4,360892,65.54
"glad guys made",4,360896,65.54
"glad hear beautiful",4,360900,65.54
"glad hear both",4,360904,65.54
"glad hear feeling",4,360908,65.54
"glad hear fun",4,360912,65.54
"glad hear get",4,360916,65.54
"glad hear having",4,360920,65.54
"glad hear looking",4,360924,65.54
"glad hear loved",4,360928,65.54
"glad hear make",4,360932,65.54
"glad hear moving",4,360936,65.54
"glad hear thank",4,360940,65.54
"glad hear welcome",4,360944,65.55
"glad hear working",4,360948,65.55
"glad like app",4,360952,65.55
"glad like best",4,360956,65.55
"glad like did",4,360960,65.55
"glad like really",4,360964,65.55
"glad like sure",4,360968,65.55
"glad liked great",4,360972,65.55
"glad liked happy",4,360976,65.55
"glad liked let",4,360980,65.55
"glad liked really",4,360984,65.55
"glad people care",4,360988,65.55
"glad ur doing",4,360992,65.55
"glad went good",4,360996,65.55
"glad won tonight",4,361000,65.56
"glance looks like",4,361004,65.56
"glasses last night",4,361008,65.56
"glen go glen",4,361012,65.56
"glenn miller orchestra",4,361016,65.56
"global awareness day",4,361020,65.56
"global law firm",4,361024,65.56
"global pickup conference",4,361028,65.56
"glory comes daring",4,361032,65.56
"go ahead ask",4,361036,65.56
"go ahead enjoy",4,361040,65.56
"go ahead hate",4,361044,65.56
"go ahead keep",4,361048,65.56
"go ahead laugh",4,361052,65.56
"go ahead tell",4,361056,65.57
"go app store",4,361060,65.57
"go away got",4,361064,65.57
"go away thanks",4,361068,65.57
"go baby go",4,361072,65.57
"go baby let",4,361076,65.57
"go bar don",4,361080,65.57
"go bears go",4,361084,65.57
"go best friends",4,361088,65.57
"go best luck",4,361092,65.57
"go brew city",4,361096,65.57
"go broke get",4,361100,65.57
"go chicago bulls",4,361104,65.57
"go cold hungry",4,361108,65.57
"go cry corner",4,361112,65.58
"go cry river",4,361116,65.58
"go date ben",4,361120,65.58
"go did make",4,361124,65.58
"go direction concert",4,361128,65.58
"go elementary school",4,361132,65.58
"go extra innings",4,361136,65.58
"go full force",4,361140,65.58
"go go dance",4,361144,65.58
"go go dancer",4,361148,65.58
"go go music",4,361152,65.58
"go go power",4,361156,65.58
"go hard love",4,361160,65.58
"go heaven climate",4,361164,65.58
"go help mom",4,361168,65.59
"go keep posted",4,361172,65.59
"go lay bed",4,361176,65.59
"go life handle",4,361180,65.59
"go like really",4,361184,65.59
"go listen new",4,361188,65.59
"go little faster",4,361192,65.59
"go little man",4,361196,65.59
"go local card",4,361200,65.59
"go local library",4,361204,65.59
"go looking girl",4,361208,65.59
"go man got",4,361212,65.59
"go march th",4,361216,65.59
"go memorial day",4,361220,65.6
"go movie theater",4,361224,65.6
"go need get",4,361228,65.6
"go need help",4,361232,65.6
"go nice talking",4,361236,65.6
"go ninja go",4,361240,65.6
"go nuggets beat",4,361244,65.6
"go oh wait",4,361248,65.6
"go olive garden",4,361252,65.6
"go own little",4,361256,65.6
"go physical therapy",4,361260,65.6
"go president obama",4,361264,65.6
"go read tweet",4,361268,65.6
"go red devils",4,361272,65.6
"go return don",4,361276,65.61
"go rock climbing",4,361280,65.61
"go room read",4,361284,65.61
"go saturday sunday",4,361288,65.61
"go school come",4,361292,65.61
"go school going",4,361296,65.61
"go school miss",4,361300,65.61
"go school mom",4,361304,65.61
"go school really",4,361308,65.61
"go school till",4,361312,65.61
"go school time",4,361316,65.61
"go school ugh",4,361320,65.61
"go school year",4,361324,65.61
"go sit outside",4,361328,65.61
"go slow just",4,361332,65.62
"go speed limit",4,361336,65.62
"go spend money",4,361340,65.62
"go start own",4,361344,65.62
"go summer shopping",4,361348,65.62
"go super hard",4,361352,65.62
"go swimming said",4,361356,65.62
"go time going",4,361360,65.62
"go tour officially",4,361364,65.62
"go town get",4,361368,65.62
"go ur page",4,361372,65.62
"go wait long",4,361376,65.62
"go walt disney",4,361380,65.62
"go waste money",4,361384,65.62
"go waste want",4,361388,65.63
"go way get",4,361392,65.63
"go way help",4,361396,65.63
"go way year",4,361400,65.63
"go website look",4,361404,65.63
"go west book",4,361408,65.63
"go white castle",4,361412,65.63
"go white go",4,361416,65.63
"go work come",4,361420,65.63
"go work don",4,361424,65.63
"go work later",4,361428,65.63
"go work new",4,361432,65.63
"go work pm",4,361436,65.63
"go wrong don",4,361440,65.64
"go wrong life",4,361444,65.64
"go wrong men",4,361448,65.64
"go youtube channel",4,361452,65.64
"go youtube listen",4,361456,65.64
"go zip lining",4,361460,65.64
"goal meant reached",4,361464,65.64
"goal social media",4,361468,65.64
"goal today get",4,361472,65.64
"goals become strangely",4,361476,65.64
"goals hollywood elite",4,361480,65.64
"goals important become",4,361484,65.64
"goals step turning",4,361488,65.64
"goals succeed know",4,361492,65.64
"goes comes like",4,361496,65.65
"goes fast just",4,361500,65.65
"going affiliate summit",4,361504,65.65
"going bad news",4,361508,65.65
"going beautiful weekend",4,361512,65.65
"going bed day",4,361516,65.65
"going bed hopefully",4,361520,65.65
"going bed really",4,361524,65.65
"going bed tonight",4,361528,65.65
"going bed wake",4,361532,65.65
"going boot camp",4,361536,65.65
"going bottom th",4,361540,65.65
"going break heart",4,361544,65.65
"going business trip",4,361548,65.65
"going city tonight",4,361552,65.66
"going class today",4,361556,65.66
"going clippers game",4,361560,65.66
"going date tonight",4,361564,65.66
"going don think",4,361568,65.66
"going early night",4,361572,65.66
"going early tomorrow",4,361576,65.66
"going faced make",4,361580,65.66
"going full time",4,361584,65.66
"going gluten free",4,361588,65.66
"going go enjoy",4,361592,65.66
"going go fast",4,361596,65.66
"going go insane",4,361600,65.66
"going go weekend",4,361604,65.66
"going great lots",4,361608,65.67
"going great man",4,361612,65.67
"going great thank",4,361616,65.67
"going great things",4,361620,65.67
"going ham twitter",4,361624,65.67
"going head right",4,361628,65.67
"going home finally",4,361632,65.67
"going home watch",4,361636,65.67
"going hurt feelings",4,361640,65.67
"going kings island",4,361644,65.67
"going know did",4,361648,65.67
"going know hit",4,361652,65.67
"going letting steam",4,361656,65.67
"going los angeles",4,361660,65.68
"going make better",4,361664,65.68
"going make just",4,361668,65.68
"going make money",4,361672,65.68
"going miles hour",4,361676,65.68
"going miss class",4,361680,65.68
"going miss just",4,361684,65.68
"going miss love",4,361688,65.68
"going miss seeing",4,361692,65.68
"going music video",4,361696,65.68
"going neck woods",4,361700,65.68
"going nyc weekend",4,361704,65.68
"going okay remain",4,361708,65.68
"going open store",4,361712,65.68
"going post office",4,361716,65.69
"going puerto rico",4,361720,65.69
"going read book",4,361724,65.69
"going remember airplane",4,361728,65.69
"going road take",4,361732,65.69
"going school going",4,361736,65.69
"going school just",4,361740,65.69
"going school year",4,361744,65.69
"going sea world",4,361748,65.69
"going sending energy",4,361752,65.69
"going shoe shopping",4,361756,65.69
"going sleep anytime",4,361760,65.69
"going sleep day",4,361764,65.69
"going sleep gotta",4,361768,65.69
"going sleep great",4,361772,65.7
"going sleep hate",4,361776,65.7
"going sleep hope",4,361780,65.7
"going sleep last",4,361784,65.7
"going sleep late",4,361788,65.7
"going sleep real",4,361792,65.7
"going sleep really",4,361796,65.7
"going sleep till",4,361800,65.7
"going sleep tired",4,361804,65.7
"going sleep today",4,361808,65.7
"going start doing",4,361812,65.7
"going start getting",4,361816,65.7
"going start living",4,361820,65.7
"going start series",4,361824,65.7
"going start wearing",4,361828,65.71
"going start writing",4,361832,65.71
"going straight com",4,361836,65.71
"going summer school",4,361840,65.71
"going summer tour",4,361844,65.71
"going super fast",4,361848,65.71
"going swimming today",4,361852,65.71
"going take anymore",4,361856,65.71
"going take break",4,361860,65.71
"going take picture",4,361864,65.71
"going thanks follow",4,361868,65.71
"going think going",4,361872,65.71
"going today excited",4,361876,65.71
"going today going",4,361880,65.71
"going today tomorrow",4,361884,65.72
"going tomorrow wait",4,361888,65.72
"going tonight going",4,361892,65.72
"going town tomorrow",4,361896,65.72
"going try come",4,361900,65.72
"going try crazy",4,361904,65.72
"going try different",4,361908,65.72
"going try finish",4,361912,65.72
"going try start",4,361916,65.72
"going try tomorrow",4,361920,65.72
"going universal studios",4,361924,65.72
"going want get",4,361928,65.72
"going want talk",4,361932,65.72
"going watch nba",4,361936,65.73
"going watch new",4,361940,65.73
"going win games",4,361944,65.73
"going work just",4,361948,65.73
"going work like",4,361952,65.73
"going world record",4,361956,65.73
"going write itself",4,361960,65.73
"gold silver coins",4,361964,65.73
"gold stay gold",4,361968,65.73
"golf add unlimited",4,361972,65.73
"gone feels like",4,361976,65.73
"gone gone things",4,361980,65.73
"gone hoe gone",4,361984,65.73
"gone move dude",4,361988,65.73
"gone truth knew",4,361992,65.74
"gone ups downs",4,361996,65.74
"gonna break heart",4,362000,65.74
"gonna chill day",4,362004,65.74
"gonna day tomorrow",4,362008,65.74
"gonna drop new",4,362012,65.74
"gonna giving away",4,362016,65.74
"gonna good tonight",4,362020,65.74
"gonna great just",4,362024,65.74
"gonna high school",4,362028,65.74
"gonna just go",4,362032,65.74
"gonna last forever",4,362036,65.74
"gonna leave bed",4,362040,65.74
"gonna live tweet",4,362044,65.74
"gonna make alright",4,362048,65.75
"gonna make better",4,362052,65.75
"gonna make blush",4,362056,65.75
"gonna make fun",4,362060,65.75
"gonna make myself",4,362064,65.75
"gonna make stop",4,362068,65.75
"gonna make video",4,362072,65.75
"gonna miss leave",4,362076,65.75
"gonna miss lot",4,362080,65.75
"gonna miss seeing",4,362084,65.75
"gonna miss today",4,362088,65.75
"gonna miss year",4,362092,65.75
"gonna rock tonight",4,362096,65.75
"gonna sit let",4,362100,65.75
"gonna sleep day",4,362104,65.76
"gonna sore tomorrow",4,362108,65.76
"gonna spend rest",4,362112,65.76
"gonna spend time",4,362116,65.76
"gonna take day",4,362120,65.76
"gonna take lot",4,362124,65.76
"gonna take picture",4,362128,65.76
"gonna try convince",4,362132,65.76
"gonna try time",4,362136,65.76
"gonna tweet just",4,362140,65.76
"good afternoon blessed",4,362144,65.76
"good afternoon doing",4,362148,65.76
"good afternoon wicked",4,362152,65.76
"good amount people",4,362156,65.77
"good angel sin",4,362160,65.77
"good anything help",4,362164,65.77
"good article thanks",4,362168,65.77
"good bad things",4,362172,65.77
"good bad way",4,362176,65.77
"good blood pressure",4,362180,65.77
"good decision making",4,362184,65.77
"good dinner spot",4,362188,65.77
"good does anyone",4,362192,65.77
"good dude great",4,362196,65.77
"good ears get",4,362200,65.77
"good eat like",4,362204,65.77
"good episode tonight",4,362208,65.77
"good finally home",4,362212,65.78
"good fingers crossed",4,362216,65.78
"good fish fry",4,362220,65.78
"good food drink",4,362224,65.78
"good free agent",4,362228,65.78
"good friend good",4,362232,65.78
"good friend happy",4,362236,65.78
"good friend hope",4,362240,65.78
"good friend keep",4,362244,65.78
"good friends come",4,362248,65.78
"good game go",4,362252,65.78
"good game guys",4,362256,65.78
"good game just",4,362260,65.78
"good game yesterday",4,362264,65.78
"good gonna make",4,362268,65.79
"good good hear",4,362272,65.79
"good good job",4,362276,65.79
"good good just",4,362280,65.79
"good good thanks",4,362284,65.79
"good half keep",4,362288,65.79
"good hands own",4,362292,65.79
"good haven heard",4,362296,65.79
"good haven talked",4,362300,65.79
"good hear things",4,362304,65.79
"good heart help",4,362308,65.79
"good highly recommend",4,362312,65.79
"good hours sleep",4,362316,65.79
"good just bored",4,362320,65.79
"good just hit",4,362324,65.8
"good just living",4,362328,65.8
"good just remember",4,362332,65.8
"good just sitting",4,362336,65.8
"good just waiting",4,362340,65.8
"good just watching",4,362344,65.8
"good know alone",4,362348,65.8
"good know find",4,362352,65.8
"good know live",4,362356,65.8
"good know looking",4,362360,65.8
"good know need",4,362364,65.8
"good know ralph",4,362368,65.8
"good know really",4,362372,65.8
"good know right",4,362376,65.81
"good know try",4,362380,65.81
"good lemme know",4,362384,65.81
"good live life",4,362388,65.81
"good looking great",4,362392,65.81
"good looking group",4,362396,65.81
"good looking women",4,362400,65.81
"good lot fun",4,362404,65.81
"good lots good",4,362408,65.81
"good luck afternoon",4,362412,65.81
"good luck amazing",4,362416,65.81
"good luck audition",4,362420,65.81
"good luck badgers",4,362424,65.81
"good luck ben",4,362428,65.81
"good luck bless",4,362432,65.82
"good luck blog",4,362436,65.82
"good luck boy",4,362440,65.82
"good luck bring",4,362444,65.82
"good luck candidates",4,362448,65.82
"good luck come",4,362452,65.82
"good luck competition",4,362456,65.82
"good luck conference",4,362460,65.82
"good luck dance",4,362464,65.82
"good luck dc",4,362468,65.82
"good luck did",4,362472,65.82
"good luck emily",4,362476,65.82
"good luck everybody",4,362480,65.82
"good luck fellow",4,362484,65.82
"good luck follow",4,362488,65.83
"good luck friday",4,362492,65.83
"good luck help",4,362496,65.83
"good luck hit",4,362500,65.83
"good luck interviews",4,362504,65.83
"good luck jack",4,362508,65.83
"good luck later",4,362512,65.83
"good luck life",4,362516,65.83
"good luck ma",4,362520,65.83
"good luck marathon",4,362524,65.83
"good luck mike",4,362528,65.83
"good luck morrow",4,362532,65.83
"good luck nice",4,362536,65.83
"good luck panel",4,362540,65.83
"good luck post",4,362544,65.84
"good luck presenting",4,362548,65.84
"good luck san",4,362552,65.84
"good luck sis",4,362556,65.84
"good luck softball",4,362560,65.84
"good luck spring",4,362564,65.84
"good luck student",4,362568,65.84
"good luck summer",4,362572,65.84
"good luck surgery",4,362576,65.84
"good luck try",4,362580,65.84
"good luck watching",4,362584,65.84
"good luck women",4,362588,65.84
"good lunch salad",4,362592,65.84
"good makes want",4,362596,65.85
"good man hard",4,362600,65.85
"good margarita good",4,362604,65.85
"good match good",4,362608,65.85
"good meeting yesterday",4,362612,65.85
"good memories bad",4,362616,65.85
"good men burke",4,362620,65.85
"good miss guys",4,362624,65.85
"good mood food",4,362628,65.85
"good mood get",4,362632,65.85
"good morning blessing",4,362636,65.85
"good morning body",4,362640,65.85
"good morning case",4,362644,65.85
"good morning coming",4,362648,65.85
"good morning cousin",4,362652,65.86
"good morning del",4,362656,65.86
"good morning earth",4,362660,65.86
"good morning fabulous",4,362664,65.86
"good morning feels",4,362668,65.86
"good morning fine",4,362672,65.86
"good morning glad",4,362676,65.86
"good morning gm",4,362680,65.86
"good morning honey",4,362684,65.86
"good morning hoping",4,362688,65.86
"good morning hungry",4,362692,65.86
"good morning jamie",4,362696,65.86
"good morning kids",4,362700,65.86
"good morning late",4,362704,65.86
"good morning lots",4,362708,65.87
"good morning means",4,362712,65.87
"good morning music",4,362716,65.87
"good morning night",4,362720,65.87
"good morning princess",4,362724,65.87
"good morning run",4,362728,65.87
"good morning sending",4,362732,65.87
"good morning terrific",4,362736,65.87
"good morning texas",4,362740,65.87
"good morning thursday",4,362744,65.87
"good morning tired",4,362748,65.87
"good morning true",4,362752,65.87
"good morning vegas",4,362756,65.87
"good morning warriors",4,362760,65.87
"good morning winter",4,362764,65.88
"good music like",4,362768,65.88
"good music listen",4,362772,65.88
"good music taste",4,362776,65.88
"good nice meet",4,362780,65.88
"good painting like",4,362784,65.88
"good people bad",4,362788,65.88
"good people go",4,362792,65.88
"good people wonderful",4,362796,65.88
"good point lot",4,362800,65.88
"good point mt",4,362804,65.88
"good point real",4,362808,65.88
"good point thanks",4,362812,65.88
"good point thought",4,362816,65.88
"good pretty good",4,362820,65.89
"good question answer",4,362824,65.89
"good question get",4,362828,65.89
"good question idea",4,362832,65.89
"good rainy day",4,362836,65.89
"good rest night",4,362840,65.89
"good running last",4,362844,65.89
"good say don",4,362848,65.89
"good say myself",4,362852,65.89
"good season guys",4,362856,65.89
"good shows coming",4,362860,65.89
"good smiling face",4,362864,65.89
"good start morning",4,362868,65.89
"good start new",4,362872,65.9
"good start summer",4,362876,65.9
"good suggestion thanks",4,362880,65.9
"good talk today",4,362884,65.9
"good thanks sharing",4,362888,65.9
"good things book",4,362892,65.9
"good things don",4,362896,65.9
"good things keep",4,362900,65.9
"good things weekend",4,362904,65.9
"good tho just",4,362908,65.9
"good thoughts prayers",4,362912,65.9
"good times gotta",4,362916,65.9
"good times happy",4,362920,65.9
"good today did",4,362924,65.9
"good today just",4,362928,65.91
"good today like",4,362932,65.91
"good turn gets",4,362936,65.91
"good tv tonight",4,362940,65.91
"good ur end",4,362944,65.91
"good valentines day",4,362948,65.91
"good way day",4,362952,65.91
"good way know",4,362956,65.91
"good way long",4,362960,65.91
"good way look",4,362964,65.91
"good way looking",4,362968,65.91
"good way make",4,362972,65.91
"good way put",4,362976,65.91
"good way wake",4,362980,65.91
"good weather today",4,362984,65.92
"good weekend friend",4,362988,65.92
"good weekend friends",4,362992,65.92
"good weekend good",4,362996,65.92
"good www com",4,363000,65.92
"good young doing",4,363004,65.92
"goodbye best friend",4,363008,65.92
"goodbye cruel world",4,363012,65.92
"goodbye means going",4,363016,65.92
"goodbye say hello",4,363020,65.92
"goodbye second chance",4,363024,65.92
"goodbye yellow brick",4,363028,65.92
"goodnight hope good",4,363032,65.92
"goods bakery coffee",4,363036,65.92
"google chrome browser",4,363040,65.93
"google chrome commercial",4,363044,65.93
"google real time",4,363048,65.93
"google self driving",4,363052,65.93
"gore invented internet",4,363056,65.93
"gorgeous day just",4,363060,65.93
"gorgeous day san",4,363064,65.93
"gossip culture com",4,363068,65.93
"got acceptance letter",4,363072,65.93
"got awesome new",4,363076,65.93
"got bald spot",4,363080,65.93
"got bit dog",4,363084,65.93
"got blue dream",4,363088,65.93
"got bored left",4,363092,65.94
"got card mail",4,363096,65.94
"got christmas present",4,363100,65.94
"got come check",4,363104,65.94
"got coming soon",4,363108,65.94
"got coming tomorrow",4,363112,65.94
"got coming way",4,363116,65.94
"got cool stuff",4,363120,65.94
"got cool things",4,363124,65.94
"got couple days",4,363128,65.94
"got covered today",4,363132,65.94
"got days ago",4,363136,65.94
"got days left",4,363140,65.94
"got don forget",4,363144,65.94
"got done making",4,363148,65.95
"got done meeting",4,363152,65.95
"got done recording",4,363156,65.95
"got done school",4,363160,65.95
"got done shopping",4,363164,65.95
"got done writing",4,363168,65.95
"got early today",4,363172,65.95
"got extra tickets",4,363176,65.95
"got find ones",4,363180,65.95
"got follow new",4,363184,65.95
"got fortune cookie",4,363188,65.95
"got fresh cut",4,363192,65.95
"got fresh new",4,363196,65.95
"got friends low",4,363200,65.95
"got full season",4,363204,65.96
"got full time",4,363208,65.96
"got get better",4,363212,65.96
"got get early",4,363216,65.96
"got get em",4,363220,65.96
"got get get",4,363224,65.96
"got get sleep",4,363228,65.96
"got girl got",4,363232,65.96
"got girl scout",4,363236,65.96
"got good start",4,363240,65.96
"got good team",4,363244,65.96
"got good tips",4,363248,65.96
"got great friends",4,363252,65.96
"got great gift",4,363256,65.96
"got great response",4,363260,65.97
"got great time",4,363264,65.97
"got green light",4,363268,65.97
"got head clouds",4,363272,65.97
"got head start",4,363276,65.97
"got home amazing",4,363280,65.97
"got home go",4,363284,65.97
"got home gym",4,363288,65.97
"got home like",4,363292,65.97
"got home new",4,363296,65.97
"got home safely",4,363300,65.97
"got house full",4,363304,65.97
"got invite google",4,363308,65.97
"got issues emotions",4,363312,65.98
"got late start",4,363316,65.98
"got live life",4,363320,65.98
"got long ago",4,363324,65.98
"got long night",4,363328,65.98
"got look forward",4,363332,65.98
"got look like",4,363336,65.98
"got lose true",4,363340,65.98
"got lot accomplished",4,363344,65.98
"got lot fans",4,363348,65.98
"got lot get",4,363352,65.98
"got lots friends",4,363356,65.98
"got lots new",4,363360,65.98
"got love give",4,363364,65.98
"got love like",4,363368,65.99
"got love support",4,363372,65.99
"got lucky today",4,363376,65.99
"got made fun",4,363380,65.99
"got make breath",4,363384,65.99
"got message saying",4,363388,65.99
"got mind own",4,363392,65.99
"got minutes left",4,363396,65.99
"got nd place",4,363400,65.99
"got order mail",4,363404,65.99
"got people going",4,363408,65.99
"got perfect score",4,363412,65.99
"got picked early",4,363416,65.99
"got pink eye",4,363420,65.99
"got pulled pork",4,363424,66
"got questions send",4,363428,66
"got red velvet",4,363432,66
"got rid place",4,363436,66
"got right love",4,363440,66
"got st day",4,363444,66
"got struck lightning",4,363448,66
"got swag sauce",4,363452,66
"got text message",4,363456,66
"got text saying",4,363460,66
"got thing coming",4,363464,66
"got work bout",4,363468,66
"got work cut",4,363472,66
"got work day",4,363476,66
"got work email",4,363480,66.01
"got work getting",4,363484,66.01
"got work go",4,363488,66.01
"got work going",4,363492,66.01
"got work hour",4,363496,66.01
"got www com",4,363500,66.01
"got year left",4,363504,66.01
"gotta ask did",4,363508,66.01
"gotta better way",4,363512,66.01
"gotta charge phone",4,363516,66.01
"gotta draw line",4,363520,66.01
"gotta eat sweets",4,363524,66.01
"gotta finish getting",4,363528,66.01
"gotta go girl",4,363532,66.01
"gotta go grocery",4,363536,66.02
"gotta go time",4,363540,66.02
"gotta go today",4,363544,66.02
"gotta pay attention",4,363548,66.02
"gotta play game",4,363552,66.02
"gourmet soup bar",4,363556,66.02
"government charge desert",4,363560,66.02
"grab lunch dinner",4,363564,66.02
"grab lunch soon",4,363568,66.02
"grace ocean sinking",4,363572,66.02
"graduated years ago",4,363576,66.02
"graduation right corner",4,363580,66.02
"grammar just remember",4,363584,66.02
"grand downtown orlando",4,363588,66.03
"grand las vegas",4,363592,66.03
"grand opening ceremony",4,363596,66.03
"grand opening june",4,363600,66.03
"grand opening march",4,363604,66.03
"grand opening week",4,363608,66.03
"grandfather screaming yelling",4,363612,66.03
"grandma th birthday",4,363616,66.03
"granny pick today",4,363620,66.03
"gravity says fair",4,363624,66.03
"great achieved great",4,363628,66.03
"great achieved ralph",4,363632,66.03
"great addition team",4,363636,66.03
"great app idea",4,363640,66.03
"great article good",4,363644,66.04
"great article people",4,363648,66.04
"great article work",4,363652,66.04
"great artists steal",4,363656,66.04
"great best luck",4,363660,66.04
"great better wear",4,363664,66.04
"great business wants",4,363668,66.04
"great check last",4,363672,66.04
"great christmas eve",4,363676,66.04
"great coffee shop",4,363680,66.04
"great day bike",4,363684,66.04
"great day celebrate",4,363688,66.04
"great day course",4,363692,66.04
"great day eat",4,363696,66.04
"great day follow",4,363700,66.05
"great day getting",4,363704,66.05
"great day hockey",4,363708,66.05
"great day hot",4,363712,66.05
"great day live",4,363716,66.05
"great day morning",4,363720,66.05
"great day offices",4,363724,66.05
"great day right",4,363728,66.05
"great day rock",4,363732,66.05
"great day sports",4,363736,66.05
"great day tell",4,363740,66.05
"great day try",4,363744,66.05
"great day wife",4,363748,66.05
"great discounts care",4,363752,66.05
"great element success",4,363756,66.06
"great energy great",4,363760,66.06
"great event evening",4,363764,66.06
"great event keep",4,363768,66.06
"great event looking",4,363772,66.06
"great events going",4,363776,66.06
"great family easter",4,363780,66.06
"great family great",4,363784,66.06
"great far wait",4,363788,66.06
"great food better",4,363792,66.06
"great food people",4,363796,66.06
"great football player",4,363800,66.06
"great free promotion",4,363804,66.06
"great game glad",4,363808,66.07
"great game guys",4,363812,66.07
"great game thanks",4,363816,66.07
"great game watch",4,363820,66.07
"great game way",4,363824,66.07
"great getting ready",4,363828,66.07
"great glad enjoyed",4,363832,66.07
"great glad enjoying",4,363836,66.07
"great guys thanks",4,363840,66.07
"great happy birthday",4,363844,66.07
"great hear let",4,363848,66.07
"great ice cream",4,363852,66.07
"great idea book",4,363856,66.07
"great idea going",4,363860,66.07
"great idea good",4,363864,66.08
"great idea happy",4,363868,66.08
"great idea hope",4,363872,66.08
"great idea mt",4,363876,66.08
"great idea use",4,363880,66.08
"great lakes region",4,363884,66.08
"great leader great",4,363888,66.08
"great leaders know",4,363892,66.08
"great like great",4,363896,66.08
"great little time",4,363900,66.08
"great live shows",4,363904,66.08
"great live tweeting",4,363908,66.08
"great long time",4,363912,66.08
"great mark twain",4,363916,66.08
"great meet enjoy",4,363920,66.09
"great meet man",4,363924,66.09
"great meet team",4,363928,66.09
"great meeting both",4,363932,66.09
"great meeting come",4,363936,66.09
"great meeting day",4,363940,66.09
"great meeting ladies",4,363944,66.09
"great meeting saturday",4,363948,66.09
"great merry christmas",4,363952,66.09
"great miss guys",4,363956,66.09
"great moments made",4,363960,66.09
"great movie good",4,363964,66.09
"great music coming",4,363968,66.09
"great music like",4,363972,66.09
"great music love",4,363976,66.1
"great music weekend",4,363980,66.1
"great musicians listen",4,363984,66.1
"great need help",4,363988,66.1
"great new album",4,363992,66.1
"great new faces",4,363996,66.1
"great new items",4,364000,66.1
"great new job",4,364004,66.1
"great new songs",4,364008,66.1
"great new website",4,364012,66.1
"great new york",4,364016,66.1
"great news get",4,364020,66.1
"great news hope",4,364024,66.1
"great news wait",4,364028,66.11
"great night enjoy",4,364032,66.11
"great night milwaukee",4,364036,66.11
"great night networking",4,364040,66.11
"great night patio",4,364044,66.11
"great night playing",4,364048,66.11
"great night rock",4,364052,66.11
"great night thank",4,364056,66.11
"great ones wind",4,364060,66.11
"great op ed",4,364064,66.11
"great part security",4,364068,66.11
"great people amazing",4,364072,66.11
"great people life",4,364076,66.11
"great people twitter",4,364080,66.11
"great people watching",4,364084,66.12
"great people working",4,364088,66.12
"great person love",4,364092,66.12
"great person talk",4,364096,66.12
"great place learn",4,364100,66.12
"great places work",4,364104,66.12
"great prices butler",4,364108,66.12
"great prices dental",4,364112,66.12
"great prices reach",4,364116,66.12
"great product great",4,364120,66.12
"great race day",4,364124,66.12
"great race weekend",4,364128,66.12
"great really good",4,364132,66.12
"great really happy",4,364136,66.12
"great savings breath",4,364140,66.13
"great savings dr",4,364144,66.13
"great savings replacement",4,364148,66.13
"great seeing looking",4,364152,66.13
"great seeing thanks",4,364156,66.13
"great sessions today",4,364160,66.13
"great state texas",4,364164,66.13
"great stuff especially",4,364168,66.13
"great stuff hope",4,364172,66.13
"great stuff thank",4,364176,66.13
"great stuff wait",4,364180,66.13
"great stuff week",4,364184,66.13
"great teacher inspires",4,364188,66.13
"great th quarter",4,364192,66.13
"great thanks check",4,364196,66.14
"great thanks guys",4,364200,66.14
"great thanks heads",4,364204,66.14
"great thanks keep",4,364208,66.14
"great thanks sending",4,364212,66.14
"great thanks tip",4,364216,66.14
"great things don",4,364220,66.14
"great things way",4,364224,66.14
"great tool use",4,364228,66.14
"great training session",4,364232,66.14
"great turkey day",4,364236,66.14
"great use life",4,364240,66.14
"great user experience",4,364244,66.14
"great way add",4,364248,66.15
"great way avoid",4,364252,66.15
"great way build",4,364256,66.15
"great way engage",4,364260,66.15
"great way find",4,364264,66.15
"great way network",4,364268,66.15
"great way wrap",4,364272,66.15
"great week coming",4,364276,66.15
"great week great",4,364280,66.15
"great week happy",4,364284,66.15
"great week let",4,364288,66.15
"great wide open",4,364292,66.15
"great work help",4,364296,66.15
"great work lot",4,364300,66.15
"great work season",4,364304,66.16
"great work thanks",4,364308,66.16
"great work week",4,364312,66.16
"great workshop last",4,364316,66.16
"great world accomplished",4,364320,66.16
"great yoga class",4,364324,66.16
"greater compliment loved",4,364328,66.16
"greater miami chamber",4,364332,66.16
"greatest elvis tribute",4,364336,66.16
"greatest gift anyone",4,364340,66.16
"greatest gift greatest",4,364344,66.16
"greatest victories gain",4,364348,66.16
"greatest wealth best",4,364352,66.16
"green bay just",4,364356,66.16
"green chile stew",4,364360,66.17
"green eco friendly",4,364364,66.17
"green purchase clear",4,364368,66.17
"greet last night",4,364372,66.17
"grey private practice",4,364376,66.17
"grind ready work",4,364380,66.17
"grocery store go",4,364384,66.17
"grocery store sell",4,364388,66.17
"ground beef tacos",4,364392,66.17
"group ft enterprise",4,364396,66.17
"group genuine girlfriends",4,364400,66.17
"group liked like",4,364404,66.17
"group meeting tonight",4,364408,66.17
"grow experience meet",4,364412,66.17
"grow looking ideas",4,364416,66.18
"grow old friend",4,364420,66.18
"growing older privilege",4,364424,66.18
"growing slowly afraid",4,364428,66.18
"growing sure check",4,364432,66.18
"grows feet james",4,364436,66.18
"grows weeds gordon",4,364440,66.18
"growth occurs climbing",4,364444,66.18
"growth optional choose",4,364448,66.18
"guard george hill",4,364452,66.18
"guard stand firm",4,364456,66.18
"guess find get",4,364460,66.18
"guess gonna make",4,364464,66.18
"guess gonna try",4,364468,66.18
"guess gotta get",4,364472,66.19
"guess gotta go",4,364476,66.19
"guess just meant",4,364480,66.19
"guess just take",4,364484,66.19
"guess just tell",4,364488,66.19
"guess just work",4,364492,66.19
"guess means get",4,364496,66.19
"guess really did",4,364500,66.19
"guess really want",4,364504,66.19
"guess take word",4,364508,66.19
"guess won making",4,364512,66.19
"guest dj tonight",4,364516,66.19
"guilty pleasure week",4,364520,66.19
"guitar nice work",4,364524,66.2
"gum care products",4,364528,66.2
"gum eyes frank",4,364532,66.2
"gum falls mouth",4,364536,66.2
"guy best best",4,364540,66.2
"guy discovered milk",4,364544,66.2
"guy dressed like",4,364548,66.2
"guy girl lucky",4,364552,66.2
"guy high school",4,364556,66.2
"guy love girl",4,364560,66.2
"guy make feel",4,364564,66.2
"guy named idea",4,364568,66.2
"guy parking lot",4,364572,66.2
"guy real deal",4,364576,66.2
"guy real life",4,364580,66.21
"guy really good",4,364584,66.21
"guy really like",4,364588,66.21
"guy says love",4,364592,66.21
"guy sitting train",4,364596,66.21
"guy trying get",4,364600,66.21
"guy want change",4,364604,66.21
"guy won million",4,364608,66.21
"guy work just",4,364612,66.21
"guys big fan",4,364616,66.21
"guys having good",4,364620,66.21
"guys hope fun",4,364624,66.21
"guys hope get",4,364628,66.21
"guys just like",4,364632,66.21
"guys keep updated",4,364636,66.22
"guys learn mario",4,364640,66.22
"guys let make",4,364644,66.22
"guys look awesome",4,364648,66.22
"guys look good",4,364652,66.22
"guys made fun",4,364656,66.22
"guys shirt service",4,364660,66.22
"guys sorry haven",4,364664,66.22
"guys wait hear",4,364668,66.22
"guys wait till",4,364672,66.22
"guys wanna go",4,364676,66.22
"guys way cool",4,364680,66.22
"guys wish happy",4,364684,66.22
"guys working hard",4,364688,66.22
"gym looks like",4,364692,66.23
"gym penn square",4,364696,66.23
"ha don let",4,364700,66.23
"ha looks like",4,364704,66.23
"ha nice meet",4,364708,66.23
"ha oh yeah",4,364712,66.23
"habits form bad",4,364716,66.23
"hacked sorry spam",4,364720,66.23
"hacked th time",4,364724,66.23
"hail mary pass",4,364728,66.23
"hair look good",4,364732,66.23
"hair smell like",4,364736,66.23
"half full say",4,364740,66.23
"half hour get",4,364744,66.24
"half priced wine",4,364748,66.24
"half proceeds going",4,364752,66.24
"halftime super bowl",4,364756,66.24
"hall pm free",4,364760,66.24
"halloween costume ideas",4,364764,66.24
"halloween horror nights",4,364768,66.24
"ham delicious go",4,364772,66.24
"hammer encounters begins",4,364776,66.24
"hand different fingers",4,364780,66.24
"hand falls asleep",4,364784,66.24
"hand helped tell",4,364788,66.24
"hand knows sad",4,364792,66.24
"hand punch go",4,364796,66.24
"handle use head",4,364800,66.25
"handle use heart",4,364804,66.25
"handle wants life",4,364808,66.25
"hands air true",4,364812,66.25
"hands best thing",4,364816,66.25
"hands short hearts",4,364820,66.25
"hang middle own",4,364824,66.25
"hang vegas finest",4,364828,66.25
"hang www com",4,364832,66.25
"hanging dear life",4,364836,66.25
"happen bad people",4,364840,66.25
"happen good things",4,364844,66.25
"happen michael jordan",4,364848,66.25
"happen wonder happened",4,364852,66.25
"happened couple times",4,364856,66.26
"happened honest marketing",4,364860,66.26
"happened outs jim",4,364864,66.26
"happened western stories",4,364868,66.26
"happening anytime soon",4,364872,66.26
"happens allow recognize",4,364876,66.26
"happens control happens",4,364880,66.26
"happens far go",4,364884,66.26
"happens life good",4,364888,66.26
"happens man man",4,364892,66.26
"happens tornado meets",4,364896,66.26
"happier mother teresa",4,364900,66.26
"happiest new years",4,364904,66.26
"happily offering everybody",4,364908,66.26
"happiness achieved conscious",4,364912,66.27
"happiness comfortable cry",4,364916,66.27
"happiness danced rain",4,364920,66.27
"happiness destination method",4,364924,66.27
"happiness distance wise",4,364928,66.27
"happiness drives people",4,364932,66.27
"happiness generally product",4,364936,66.27
"happiness growth occurs",4,364940,66.27
"happiness happiness brings",4,364944,66.27
"happiness laugh apologize",4,364948,66.27
"happiness limiting desires",4,364952,66.27
"happiness remind going",4,364956,66.27
"happiness station arrive",4,364960,66.27
"happy anne frank",4,364964,66.28
"happy ash wednesday",4,364968,66.28
"happy baseball season",4,364972,66.28
"happy beautiful day",4,364976,66.28
"happy best friend",4,364980,66.28
"happy birthday adele",4,364984,66.28
"happy birthday andy",4,364988,66.28
"happy birthday bella",4,364992,66.28
"happy birthday bff",4,364996,66.28
"happy birthday blast",4,365000,66.28
"happy birthday bobby",4,365004,66.28
"happy birthday carl",4,365008,66.28
"happy birthday charles",4,365012,66.28
"happy birthday danny",4,365016,66.28
"happy birthday elvis",4,365020,66.29
"happy birthday family",4,365024,66.29
"happy birthday fan",4,365028,66.29
"happy birthday fantastic",4,365032,66.29
"happy birthday got",4,365036,66.29
"happy birthday home",4,365040,66.29
"happy birthday huge",4,365044,66.29
"happy birthday jackie",4,365048,66.29
"happy birthday jeff",4,365052,66.29
"happy birthday laura",4,365056,66.29
"happy birthday loved",4,365060,66.29
"happy birthday martin",4,365064,66.29
"happy birthday mate",4,365068,66.29
"happy birthday maybe",4,365072,66.29
"happy birthday need",4,365076,66.3
"happy birthday perfect",4,365080,66.3
"happy birthday sweetheart",4,365084,66.3
"happy birthday talented",4,365088,66.3
"happy birthday tuesday",4,365092,66.3
"happy birthday twins",4,365096,66.3
"happy birthday william",4,365100,66.3
"happy birthday youngest",4,365104,66.3
"happy blue roses",4,365108,66.3
"happy don forget",4,365112,66.3
"happy don work",4,365116,66.3
"happy finally getting",4,365120,66.3
"happy great time",4,365124,66.3
"happy greek easter",4,365128,66.3
"happy halloween did",4,365132,66.31
"happy halloween weekend",4,365136,66.31
"happy happy hump",4,365140,66.31
"happy happy mother",4,365144,66.31
"happy holidays enjoy",4,365148,66.31
"happy holidays thanks",4,365152,66.31
"happy holidays wonderful",4,365156,66.31
"happy hope enjoy",4,365160,66.31
"happy hope fun",4,365164,66.31
"happy hurt girl",4,365168,66.31
"happy irish day",4,365172,66.31
"happy jackie robinson",4,365176,66.31
"happy july th",4,365180,66.31
"happy kitty sleepy",4,365184,66.31
"happy make great",4,365188,66.32
"happy make smile",4,365192,66.32
"happy meal toy",4,365196,66.32
"happy monday best",4,365200,66.32
"happy monday fans",4,365204,66.32
"happy monday followers",4,365208,66.32
"happy monday just",4,365212,66.32
"happy monday love",4,365216,66.32
"happy monday today",4,365220,66.32
"happy monday week",4,365224,66.32
"happy monday welcome",4,365228,66.32
"happy nfl draft",4,365232,66.32
"happy part happiness",4,365236,66.32
"happy person david",4,365240,66.33
"happy pie day",4,365244,66.33
"happy race day",4,365248,66.33
"happy safe memorial",4,365252,66.33
"happy safe thanksgiving",4,365256,66.33
"happy strong amount",4,365260,66.33
"happy take care",4,365264,66.33
"happy th follower",4,365268,66.33
"happy th love",4,365272,66.33
"happy thanksgiving followers",4,365276,66.33
"happy thanksgiving great",4,365280,66.33
"happy thanksgiving thanks",4,365284,66.33
"happy tuesday everybody",4,365288,66.33
"happy tuesday make",4,365292,66.33
"happy wine wednesday",4,365296,66.34
"happy wonderful day",4,365300,66.34
"happy www com",4,365304,66.34
"harassment woman talks",4,365308,66.34
"hard find girl",4,365312,66.34
"hard find job",4,365316,66.34
"hard find right",4,365320,66.34
"hard find stuff",4,365324,66.34
"hard find want",4,365328,66.34
"hard get anything",4,365332,66.34
"hard get followers",4,365336,66.34
"hard get like",4,365340,66.34
"hard get motivated",4,365344,66.34
"hard get notice",4,365348,66.34
"hard get paid",4,365352,66.35
"hard get sleep",4,365356,66.35
"hard get today",4,365360,66.35
"hard life live",4,365364,66.35
"hard really amazing",4,365368,66.35
"hard strike oil",4,365372,66.35
"hard time convincing",4,365376,66.35
"hard time falling",4,365380,66.35
"hard time looking",4,365384,66.35
"hard time reading",4,365388,66.35
"hard time remembering",4,365392,66.35
"hard time seeing",4,365396,66.35
"hard time sleeping",4,365400,66.35
"hard time trying",4,365404,66.35
"hard time watching",4,365408,66.36
"hard times make",4,365412,66.36
"hardest working women",4,365416,66.36
"hardly contain excitement",4,365420,66.36
"harry potter chamber",4,365424,66.36
"harry potter harry",4,365428,66.36
"harry potter star",4,365432,66.36
"harvard sailing team",4,365436,66.36
"harvest food bank",4,365440,66.36
"hash caps today",4,365444,66.36
"hashtag chance win",4,365448,66.36
"hate begins cough",4,365452,66.36
"hate both favor",4,365456,66.36
"hate cold weather",4,365460,66.37
"hate face trending",4,365464,66.37
"hate fact people",4,365468,66.37
"hate friends change",4,365472,66.37
"hate going gym",4,365476,66.37
"hate hearing absolutely",4,365480,66.37
"hate ice cream",4,365484,66.37
"hate mac miller",4,365488,66.37
"hate make plans",4,365492,66.37
"hate mondays tuesday",4,365496,66.37
"hate mothers day",4,365500,66.37
"hate myself just",4,365504,66.37
"hate new twitter",4,365508,66.37
"hate nights like",4,365512,66.37
"hate ohio state",4,365516,66.38
"hate people bad",4,365520,66.38
"hate people stare",4,365524,66.38
"hate people steal",4,365528,66.38
"hate relationship love",4,365532,66.38
"hate things don",4,365536,66.38
"hate throw lose",4,365540,66.38
"hate tweet limit",4,365544,66.38
"hated school day",4,365548,66.38
"hated wanted plenty",4,365552,66.38
"haters just jealous",4,365556,66.38
"haters old ones",4,365560,66.38
"hates tables chairs",4,365564,66.38
"haven felt long",4,365568,66.38
"haven forgotten just",4,365572,66.39
"haven heard last",4,365576,66.39
"haven left bed",4,365580,66.39
"haven like weeks",4,365584,66.39
"haven met anyone",4,365588,66.39
"haven really heard",4,365592,66.39
"haven really thought",4,365596,66.39
"haven received email",4,365600,66.39
"haven time tweet",4,365604,66.39
"haven time watch",4,365608,66.39
"having awesome tuesday",4,365612,66.39
"having awesome weekend",4,365616,66.39
"having day just",4,365620,66.39
"having deep conversation",4,365624,66.39
"having does include",4,365628,66.4
"having field day",4,365632,66.4
"having fun beach",4,365636,66.4
"having fun come",4,365640,66.4
"having fun enjoy",4,365644,66.4
"having fun friends",4,365648,66.4
"having fun happy",4,365652,66.4
"having fun learning",4,365656,66.4
"having fun need",4,365660,66.4
"having fun night",4,365664,66.4
"having fun party",4,365668,66.4
"having fun thanks",4,365672,66.4
"having fun wish",4,365676,66.4
"having grad party",4,365680,66.41
"having great birthday",4,365684,66.41
"having great dinner",4,365688,66.41
"having great easter",4,365692,66.41
"having great success",4,365696,66.41
"having great thanksgiving",4,365700,66.41
"having little bit",4,365704,66.41
"having party soon",4,365708,66.41
"having party weekend",4,365712,66.41
"having ton fun",4,365716,66.41
"having tons fun",4,365720,66.41
"having tremendous day",4,365724,66.41
"hawaii going business",4,365728,66.41
"head basketball coach",4,365732,66.41
"head don let",4,365736,66.42
"head good thing",4,365740,66.42
"head handle use",4,365744,66.42
"head leadership dwight",4,365748,66.42
"head left turn",4,365752,66.42
"head like oh",4,365756,66.42
"head locker room",4,365760,66.42
"head san diego",4,365764,66.42
"head wisdom heart",4,365768,66.42
"headache ready go",4,365772,66.42
"headache sore throat",4,365776,66.42
"headed bottom th",4,365780,66.42
"headed step child",4,365784,66.42
"heading bed early",4,365788,66.42
"heading bottom th",4,365792,66.43
"heading high school",4,365796,66.43
"heading kansas city",4,365800,66.43
"heading palm springs",4,365804,66.43
"heading run errands",4,365808,66.43
"heading work soon",4,365812,66.43
"heads walk door",4,365816,66.43
"heal broken heart",4,365820,66.43
"heal food month",4,365824,66.43
"health books mark",4,365828,66.43
"health care industry",4,365832,66.43
"health care professionals",4,365836,66.43
"health fitness goals",4,365840,66.43
"health greatest gift",4,365844,66.43
"health ins don",4,365848,66.44
"health ins take",4,365852,66.44
"health precious assets",4,365856,66.44
"health real wealth",4,365860,66.44
"health thing makes",4,365864,66.44
"health tip eat",4,365868,66.44
"health weight loss",4,365872,66.44
"healthcare forever www",4,365876,66.44
"healthcare home family",4,365880,66.44
"healthy usa better",4,365884,66.44
"hear best luck",4,365888,66.44
"hear doing great",4,365892,66.44
"hear don know",4,365896,66.44
"hear don let",4,365900,66.45
"hear favorite artist",4,365904,66.45
"hear glad enjoyed",4,365908,66.45
"hear great news",4,365912,66.45
"hear great speakers",4,365916,66.45
"hear great time",4,365920,66.45
"hear july th",4,365924,66.45
"hear let go",4,365928,66.45
"hear looks like",4,365932,66.45
"hear mcdonald burger",4,365936,66.45
"hear people speak",4,365940,66.45
"hear prayer give",4,365944,66.45
"hear theme song",4,365948,66.45
"hear wanna hear",4,365952,66.45
"heard hunger games",4,365956,66.46
"heard million times",4,365960,66.46
"heard natural science",4,365964,66.46
"heard radio time",4,365968,66.46
"hearing absolutely inside",4,365972,66.46
"hearing money money",4,365976,66.46
"heart care somebody",4,365980,66.46
"heart combination nelson",4,365984,66.46
"heart feel like",4,365988,66.46
"heart goes lost",4,365992,66.46
"heart good medicine",4,365996,66.46
"heart hate mind",4,366000,66.46
"heart know truly",4,366004,66.46
"heart prayers go",4,366008,66.46
"heart rate monitor",4,366012,66.47
"heart san francisco",4,366016,66.47
"heart working lord",4,366020,66.47
"heart young years",4,366024,66.47
"heat forward chris",4,366028,66.47
"heat nba finals",4,366032,66.47
"heat play game",4,366036,66.47
"heat vs celtics",4,366040,66.47
"heat vs game",4,366044,66.47
"heaven climate company",4,366048,66.47
"heavenly eyes day",4,366052,66.47
"heck stock year",4,366056,66.47
"held higher standard",4,366060,66.47
"helen hayes awards",4,366064,66.47
"hello bad guy",4,366068,66.48
"hello doing today",4,366072,66.48
"hello friday good",4,366076,66.48
"hello good sir",4,366080,66.48
"hello great meet",4,366084,66.48
"hello happy friday",4,366088,66.48
"hello happy tuesday",4,366092,66.48
"hello just wanted",4,366096,66.48
"hello pretty lady",4,366100,66.48
"hello san diego",4,366104,66.48
"hello san francisco",4,366108,66.48
"helm drummer singer",4,366112,66.48
"help disabled pay",4,366116,66.48
"help don hurt",4,366120,66.48
"help dot com",4,366124,66.49
"help friends follow",4,366128,66.49
"help getting followers",4,366132,66.49
"help go green",4,366136,66.49
"help good cause",4,366140,66.49
"help grow business",4,366144,66.49
"help know anyone",4,366148,66.49
"help looks like",4,366152,66.49
"help make bff",4,366156,66.49
"help make change",4,366160,66.49
"help make feel",4,366164,66.49
"help make reality",4,366168,66.49
"help make right",4,366172,66.49
"help make world",4,366176,66.5
"help management company",4,366180,66.5
"help new new",4,366184,66.5
"help prevent heart",4,366188,66.5
"help sign com",4,366192,66.5
"help stay safe",4,366196,66.5
"help stop watch",4,366200,66.5
"help students learn",4,366204,66.5
"help tom cruise",4,366208,66.5
"help tornado victims",4,366212,66.5
"help tweet ohio",4,366216,66.5
"helped tell mean",4,366220,66.5
"helpful person smile",4,366224,66.5
"helping great cause",4,366228,66.5
"helping jesse jackson",4,366232,66.51
"helping loving people",4,366236,66.51
"helping make happen",4,366240,66.51
"helping people feel",4,366244,66.51
"helping people find",4,366248,66.51
"helping people reach",4,366252,66.51
"helps stay positive",4,366256,66.51
"hero live long",4,366260,66.51
"hero villain decide",4,366264,66.51
"hes just friend",4,366268,66.51
"hes singing dad",4,366272,66.51
"hesitate let know",4,366276,66.51
"hey anyone know",4,366280,66.51
"hey asleep hunting",4,366284,66.51
"hey beautiful hope",4,366288,66.52
"hey beautiful just",4,366292,66.52
"hey big man",4,366296,66.52
"hey boy let",4,366300,66.52
"hey chicago fans",4,366304,66.52
"hey fans come",4,366308,66.52
"hey fans don",4,366312,66.52
"hey fans join",4,366316,66.52
"hey fans sure",4,366320,66.52
"hey folks just",4,366324,66.52
"hey follow account",4,366328,66.52
"hey follow just",4,366332,66.52
"hey follow tell",4,366336,66.52
"hey followers new",4,366340,66.52
"hey giants fans",4,366344,66.53
"hey girl don",4,366348,66.53
"hey girl just",4,366352,66.53
"hey girl know",4,366356,66.53
"hey girl new",4,366360,66.53
"hey glad like",4,366364,66.53
"hey glad twitter",4,366368,66.53
"hey gonna go",4,366372,66.53
"hey guys anyone",4,366376,66.53
"hey guys bored",4,366380,66.53
"hey guys coming",4,366384,66.53
"hey guys sure",4,366388,66.53
"hey guys today",4,366392,66.53
"hey hand punch",4,366396,66.54
"hey heads hope",4,366400,66.54
"hey hey like",4,366404,66.54
"hey hey welcome",4,366408,66.54
"hey hey yeah",4,366412,66.54
"hey indy fans",4,366416,66.54
"hey just checked",4,366420,66.54
"hey just heads",4,366424,66.54
"hey just hit",4,366428,66.54
"hey just let",4,366432,66.54
"hey just read",4,366436,66.54
"hey just seeing",4,366440,66.54
"hey just started",4,366444,66.54
"hey just wanna",4,366448,66.54
"hey just woke",4,366452,66.55
"hey justin just",4,366456,66.55
"hey let play",4,366460,66.55
"hey lets get",4,366464,66.55
"hey love song",4,366468,66.55
"hey love videos",4,366472,66.55
"hey man check",4,366476,66.55
"hey man follow",4,366480,66.55
"hey man going",4,366484,66.55
"hey man saw",4,366488,66.55
"hey man sorry",4,366492,66.55
"hey man thought",4,366496,66.55
"hey man whats",4,366500,66.55
"hey merry christmas",4,366504,66.55
"hey night going",4,366508,66.56
"hey pastry world",4,366512,66.56
"hey people just",4,366516,66.56
"hey pretty cool",4,366520,66.56
"hey random question",4,366524,66.56
"hey send link",4,366528,66.56
"hey sure watch",4,366532,66.56
"hey tell friends",4,366536,66.56
"hey think just",4,366540,66.56
"hey think might",4,366544,66.56
"hey time come",4,366548,66.56
"hey today day",4,366552,66.56
"hey tweet tweet",4,366556,66.56
"hey wanna come",4,366560,66.56
"hey wanna get",4,366564,66.57
"hey wanna play",4,366568,66.57
"hey welcome new",4,366572,66.57
"hey yeah reading",4,366576,66.57
"hi glad twitter",4,366580,66.57
"hi great connect",4,366584,66.57
"hi happy holidays",4,366588,66.57
"hi happy new",4,366592,66.57
"hi idol forever",4,366596,66.57
"hi mate watch",4,366600,66.57
"hi miss come",4,366604,66.57
"hi new follower",4,366608,66.57
"hi thanks coming",4,366612,66.57
"hide body page",4,366616,66.58
"hide lose control",4,366620,66.58
"high day make",4,366624,66.58
"high environmental club",4,366628,66.58
"high hopes today",4,366632,66.58
"high horror music",4,366636,66.58
"high partly cloudy",4,366640,66.58
"high point school",4,366644,66.58
"high tech high",4,366648,66.58
"higher alcohol tolerance",4,366652,66.58
"highest gas prices",4,366656,66.58
"highway danger zone",4,366660,66.58
"hilarious moment tries",4,366664,66.58
"hills community garage",4,366668,66.58
"hills country club",4,366672,66.59
"hilton head island",4,366676,66.59
"himself become involved",4,366680,66.59
"himself child play",4,366684,66.59
"hint lime chips",4,366688,66.59
"hire social media",4,366692,66.59
"hiring like crazy",4,366696,66.59
"hispanic cultural center",4,366700,66.59
"hit ball hard",4,366704,66.59
"hit da gym",4,366708,66.59
"hit game winner",4,366712,66.59
"hit grocery store",4,366716,66.59
"hit looked like",4,366720,66.59
"hit need anything",4,366724,66.59
"hit send button",4,366728,66.6
"hit song just",4,366732,66.6
"hit song like",4,366736,66.6
"hit th tweet",4,366740,66.6
"hit time high",4,366744,66.6
"hit twitter followers",4,366748,66.6
"hits floor little",4,366752,66.6
"hitting ground running",4,366756,66.6
"hitting gym thai",4,366760,66.6
"hockey hockey hockey",4,366764,66.6
"hockey last night",4,366768,66.6
"hoe expect treated",4,366772,66.6
"hoe far go",4,366776,66.6
"hold cell phone",4,366780,66.6
"hold light ones",4,366784,66.61
"hold news conference",4,366788,66.61
"hold pro sessions",4,366792,66.61
"hold tight don",4,366796,66.61
"holding benefit april",4,366800,66.61
"holding press conference",4,366804,66.61
"holds stop hard",4,366808,66.61
"holiday make sure",4,366812,66.61
"holiday merry christmas",4,366816,66.61
"holiday pop shop",4,366820,66.61
"holiday season give",4,366824,66.61
"holiday season remember",4,366828,66.61
"holiday season using",4,366832,66.61
"holidays contact day",4,366836,66.61
"holidays fast approaching",4,366840,66.62
"holidays looking forward",4,366844,66.62
"holidays right corner",4,366848,66.62
"hollywood pitch festival",4,366852,66.62
"holy just hit",4,366856,66.62
"holy just went",4,366860,66.62
"home based businesses",4,366864,66.62
"home bottle wine",4,366868,66.62
"home come home",4,366872,66.62
"home don wanna",4,366876,66.62
"home early cause",4,366880,66.62
"home early work",4,366884,66.62
"home fall asleep",4,366888,66.62
"home family friends",4,366892,66.63
"home family job",4,366896,66.63
"home going sleep",4,366900,66.63
"home happy birthday",4,366904,66.63
"home las vegas",4,366908,66.63
"home like weeks",4,366912,66.63
"home make money",4,366916,66.63
"home run last",4,366920,66.63
"home run season",4,366924,66.63
"home run today",4,366928,66.63
"home seems like",4,366932,66.63
"home state right",4,366936,66.63
"home watching tv",4,366940,66.63
"home work day",4,366944,66.63
"home work find",4,366948,66.64
"home work get",4,366952,66.64
"homework cause stress",4,366956,66.64
"homework looks like",4,366960,66.64
"homework spring break",4,366964,66.64
"honest don think",4,366968,66.64
"honest marketing like",4,366972,66.64
"honestly just wanna",4,366976,66.64
"honey french toast",4,366980,66.64
"honey roasted peanuts",4,366984,66.64
"honey sarcasm falls",4,366988,66.64
"honor share stage",4,366992,66.64
"honor take entire",4,366996,66.64
"honored part great",4,367000,66.64
"hoodie martin surely",4,367004,66.65
"hop artist go",4,367008,66.65
"hop skip jump",4,367012,66.65
"hope able join",4,367016,66.65
"hope beautiful weekend",4,367020,66.65
"hope blast weekend",4,367024,66.65
"hope both fun",4,367028,66.65
"hope clothes saint",4,367032,66.65
"hope day beautiful",4,367036,66.65
"hope day blessed",4,367040,66.65
"hope day love",4,367044,66.65
"hope day lovely",4,367048,66.65
"hope day special",4,367052,66.65
"hope doing keep",4,367056,66.65
"hope doing let",4,367060,66.66
"hope doing right",4,367064,66.66
"hope don break",4,367068,66.66
"hope don end",4,367072,66.66
"hope don look",4,367076,66.66
"hope don start",4,367080,66.66
"hope don throw",4,367084,66.66
"hope don use",4,367088,66.66
"hope enjoy following",4,367092,66.66
"hope enjoy work",4,367096,66.66
"hope enjoyed new",4,367100,66.66
"hope enjoyed night",4,367104,66.66
"hope enjoying break",4,367108,66.66
"hope enjoying great",4,367112,66.67
"hope enjoying holidays",4,367116,66.67
"hope enjoys beautiful",4,367120,66.67
"hope enjoys weekend",4,367124,66.67
"hope event soon",4,367128,66.67
"hope everybody safe",4,367132,66.67
"hope excited line",4,367136,66.67
"hope fabulous birthday",4,367140,66.67
"hope family great",4,367144,66.67
"hope feel good",4,367148,66.67
"hope found useful",4,367152,66.67
"hope friday going",4,367156,66.67
"hope fun prom",4,367160,66.67
"hope good christmas",4,367164,66.67
"hope good easter",4,367168,66.68
"hope good movie",4,367172,66.68
"hope good safe",4,367176,66.68
"hope good th",4,367180,66.68
"hope good way",4,367184,66.68
"hope joined mr",4,367188,66.68
"hope like em",4,367192,66.68
"hope like thanks",4,367196,66.68
"hope like think",4,367200,66.68
"hope looks like",4,367204,66.68
"hope lovely mother",4,367208,66.68
"hope make far",4,367212,66.68
"hope make friday",4,367216,66.68
"hope make happy",4,367220,66.68
"hope make year",4,367224,66.69
"hope mom let",4,367228,66.69
"hope owe angel",4,367232,66.69
"hope people don",4,367236,66.69
"hope perfect day",4,367240,66.69
"hope play tomorrow",4,367244,66.69
"hope rain stays",4,367248,66.69
"hope run soon",4,367252,66.69
"hope soon great",4,367256,66.69
"hope soon thanks",4,367260,66.69
"hope start feeling",4,367264,66.69
"hope west coast",4,367268,66.69
"hope wonderful night",4,367272,66.69
"hoped might dance",4,367276,66.69
"hopefully able come",4,367280,66.7
"hopefully good way",4,367284,66.7
"hopefully stays way",4,367288,66.7
"hopefully today better",4,367292,66.7
"hopefully today goes",4,367296,66.7
"hoping go away",4,367300,66.7
"hoping speedy recovery",4,367304,66.7
"hopped tired dog",4,367308,66.7
"horrible day school",4,367312,66.7
"horrible sing blog",4,367316,66.7
"horror music showcase",4,367320,66.7
"horse henry ford",4,367324,66.7
"hospitality design magazine",4,367328,66.7
"hospitality last night",4,367332,66.71
"hospitality night anchor",4,367336,66.71
"hospitality turn denver",4,367340,66.71
"host industry review",4,367344,66.71
"hosting lunch learn",4,367348,66.71
"hosting th annual",4,367352,66.71
"hot blanket cold",4,367356,66.71
"hot cocoa love",4,367360,66.71
"hot cold water",4,367364,66.71
"hot cup joe",4,367368,66.71
"hot friday night",4,367372,66.71
"hot guys like",4,367376,66.71
"hot right time",4,367380,66.71
"hot summer days",4,367384,66.71
"hot tin roof",4,367388,66.72
"hot yoga time",4,367392,66.72
"hotel conference center",4,367396,66.72
"hotel last night",4,367400,66.72
"hour go sleep",4,367404,66.72
"hour improve hour",4,367408,66.72
"hour instead away",4,367412,66.72
"hour nap time",4,367416,66.72
"hour sleep tonight",4,367420,66.72
"hour sounds like",4,367424,66.72
"hour starts come",4,367428,66.72
"hour starts minutes",4,367432,66.72
"hour swedish massage",4,367436,66.72
"hour today come",4,367440,66.72
"hour tonight come",4,367444,66.73
"hour tonight guest",4,367448,66.73
"hour wait till",4,367452,66.73
"hour wish luck",4,367456,66.73
"hours days weeks",4,367460,66.73
"hours glee tonight",4,367464,66.73
"hours good day",4,367468,66.73
"hours hours sleep",4,367472,66.73
"hours just like",4,367476,66.73
"hours just want",4,367480,66.73
"hours pm pm",4,367484,66.73
"hours sleep go",4,367488,66.73
"hours sleep got",4,367492,66.73
"hours sleep hour",4,367496,66.73
"hours sleep just",4,367500,66.74
"hours sleep time",4,367504,66.74
"hours week pay",4,367508,66.74
"hours wide awake",4,367512,66.74
"house dinner tonight",4,367516,66.74
"house full people",4,367520,66.74
"house holidays contact",4,367524,66.74
"house myself weekend",4,367528,66.74
"house rising sun",4,367532,66.74
"house tomorrow night",4,367536,66.74
"house tomorrow pm",4,367540,66.74
"houston bottom th",4,367544,66.74
"houston home garden",4,367548,66.74
"houston tx tonight",4,367552,66.74
"hr bus ride",4,367556,66.75
"hr online poker",4,367560,66.75
"http facebook com",4,367564,66.75
"huge baseball fan",4,367568,66.75
"huge fan both",4,367572,66.75
"huge specials today",4,367576,66.75
"huge waste time",4,367580,66.75
"huge weight shoulders",4,367584,66.75
"huge win today",4,367588,66.75
"huge win tonight",4,367592,66.75
"huh sounds like",4,367596,66.75
"human body contains",4,367600,66.75
"human institution progress",4,367604,66.75
"human make mistakes",4,367608,66.76
"human race really",4,367612,66.76
"human subjects research",4,367616,66.76
"humane society today",4,367620,66.76
"humble reasonable confidence",4,367624,66.76
"humidity high low",4,367628,66.76
"humor man limitations",4,367632,66.76
"humor unless thought",4,367636,66.76
"hump day day",4,367640,66.76
"hump day days",4,367644,66.76
"hump day get",4,367648,66.76
"hump day happy",4,367652,66.76
"hump day looking",4,367656,66.76
"hump day love",4,367660,66.76
"hun unlike gets",4,367664,66.77
"hundred android app",4,367668,66.77
"hundred memories person",4,367672,66.77
"hungry don feel",4,367676,66.77
"hungry just ate",4,367680,66.77
"hunt red october",4,367684,66.77
"hurry www com",4,367688,66.77
"hurt just got",4,367692,66.77
"hurt just gotta",4,367696,66.77
"hurt like did",4,367700,66.77
"hurt ones love",4,367704,66.77
"hurt winning exciting",4,367708,66.77
"hurts boys lie",4,367712,66.77
"hurts person made",4,367716,66.77
"husband wife video",4,367720,66.78
"husband year old",4,367724,66.78
"hustle young niggas",4,367728,66.78
"ian dan sally",4,367732,66.78
"ice inside soul",4,367736,66.78
"icon saturdays cover",4,367740,66.78
"id love hear",4,367744,66.78
"id say pretty",4,367748,66.78
"idea don think",4,367752,66.78
"idea just got",4,367756,66.78
"idea just need",4,367760,66.78
"idea just said",4,367764,66.78
"idea like make",4,367768,66.78
"idea seems like",4,367772,66.78
"idea ur talking",4,367776,66.79
"ideas www com",4,367780,66.79
"idiots don know",4,367784,66.79
"idol forever follow",4,367788,66.79
"ignorance confidence success",4,367792,66.79
"ignore design people",4,367796,66.79
"ignore laugh win",4,367800,66.79
"ignore ones adore",4,367804,66.79
"ignore person loves",4,367808,66.79
"ignore wednesday smile",4,367812,66.79
"ill check later",4,367816,66.79
"ill come get",4,367820,66.79
"ill return favor",4,367824,66.79
"ill send mp",4,367828,66.8
"ill send songs",4,367832,66.8
"illusion albeit persistent",4,367836,66.8
"illusion matter suffered",4,367840,66.8
"imagination dreaming lose",4,367844,66.8
"imagination focus mark",4,367848,66.8
"imagination global finals",4,367852,66.8
"imagine boy hey",4,367856,66.8
"imagine character model",4,367860,66.8
"imagine party dancing",4,367864,66.8
"imagined myself just",4,367868,66.8
"immediately impossible takes",4,367872,66.8
"immigration customs enforcement",4,367876,66.8
"important become achieving",4,367880,66.8
"important friends believe",4,367884,66.81
"important question ask",4,367888,66.81
"important social media",4,367892,66.81
"impossible greatest caution",4,367896,66.81
"impossible takes little",4,367900,66.81
"impossible takes week",4,367904,66.81
"impossible tried door",4,367908,66.81
"improve bottom line",4,367912,66.81
"improve hour instead",4,367916,66.81
"improve model copy",4,367920,66.81
"improved proud love",4,367924,66.81
"improving cost efficiency",4,367928,66.81
"inbox ramp breaking",4,367932,66.81
"inch take mile",4,367936,66.81
"inches snow today",4,367940,66.82
"incident use alternate",4,367944,66.82
"include freedom make",4,367948,66.82
"include let know",4,367952,66.82
"including basic jewelry",4,367956,66.82
"including possession pills",4,367960,66.82
"income tax returns",4,367964,66.82
"increases great ones",4,367968,66.82
"independent artist check",4,367972,66.82
"independent artists tell",4,367976,66.82
"indian food lunch",4,367980,66.82
"indiana historical society",4,367984,66.82
"indianapolis companies indianapolis",4,367988,66.82
"industry night pm",4,367992,66.82
"industry offer free",4,367996,66.83
"industry www com",4,368000,66.83
"indy deals featuring",4,368004,66.83
"indy super bowl",4,368008,66.83
"infection put protection",4,368012,66.83
"influence authority kenneth",4,368016,66.83
"info come soon",4,368020,66.83
"info get info",4,368024,66.83
"info prices starting",4,368028,66.83
"info www facebook",4,368032,66.83
"information save life",4,368036,66.83
"ingredient make perfect",4,368040,66.83
"ingredients success divided",4,368044,66.83
"initial public offering",4,368048,66.84
"injury near fish",4,368052,66.84
"innovation doing new",4,368056,66.84
"ins don miss",4,368060,66.84
"ins take away",4,368064,66.84
"insanity pure cardio",4,368068,66.84
"inside feel like",4,368072,66.84
"inside having act",4,368076,66.84
"inside joy joy",4,368080,66.84
"insight let know",4,368084,66.84
"insights last night",4,368088,66.84
"inspiration inspiration seldom",4,368092,66.84
"inspire follow dreams",4,368096,66.84
"inspire let get",4,368100,66.84
"inspires people confidence",4,368104,66.85
"instagram follow twitter",4,368108,66.85
"instructions leaving earth",4,368112,66.85
"insult best friend",4,368116,66.85
"insurance check rated",4,368120,66.85
"intelligence key potential",4,368124,66.85
"intelligence wins championships",4,368128,66.85
"interactive galleries cross",4,368132,66.85
"interesting fact day",4,368136,66.85
"interesting happening today",4,368140,66.85
"interesting new people",4,368144,66.85
"interesting sounds like",4,368148,66.85
"interesting things going",4,368152,66.85
"interests live longest",4,368156,66.85
"interface using voice",4,368160,66.86
"international ballroom west",4,368164,66.86
"international connections lounge",4,368168,66.86
"international dance day",4,368172,66.86
"international expo conference",4,368176,66.86
"international monetary fund",4,368180,66.86
"international museum day",4,368184,66.86
"international talk like",4,368188,66.86
"internet tired night",4,368192,66.86
"internet windows time",4,368196,66.86
"interview social media",4,368200,66.86
"interview went good",4,368204,66.86
"interviewed years ago",4,368208,66.86
"intro riding actors",4,368212,66.86
"invented blue jeans",4,368216,66.87
"invented own language",4,368220,66.87
"invest defeat hurt",4,368224,66.87
"invest stock market",4,368228,66.87
"investigated milwaukee county",4,368232,66.87
"invited admission free",4,368236,66.87
"involved hit run",4,368240,66.87
"involved let know",4,368244,66.87
"involved own life",4,368248,66.87
"iphone app available",4,368252,66.87
"iphone app like",4,368256,66.87
"iphone app store",4,368260,66.87
"iphone app sucks",4,368264,66.87
"iphone facebook app",4,368268,66.88
"iphone feel like",4,368272,66.88
"iphone vs android",4,368276,66.88
"ipod shuffle skipping",4,368280,66.88
"iraq war vet",4,368284,66.88
"ironic takes sadness",4,368288,66.88
"island blue dolphins",4,368292,66.88
"island last night",4,368296,66.88
"island real estate",4,368300,66.88
"isolated complaints divorce",4,368304,66.88
"issued effect tomorrow",4,368308,66.88
"issued flash flood",4,368312,66.88
"issued tornado warning",4,368316,66.88
"issues emotions pouring",4,368320,66.88
"italian embassy hope",4,368324,66.89
"italian live updates",4,368328,66.89
"italian steak sandwich",4,368332,66.89
"italy event italian",4,368336,66.89
"item prize pack",4,368340,66.89
"items www com",4,368344,66.89
"itunes amazon cd",4,368348,66.89
"itunes video youtube",4,368352,66.89
"jackson ii texas",4,368356,66.89
"jacobs brews band",4,368360,66.89
"jail sit waste",4,368364,66.89
"james bond movie",4,368368,66.89
"james harden beard",4,368372,66.89
"james harden hand",4,368376,66.89
"james named nba",4,368380,66.9
"james new book",4,368384,66.9
"jan happy holidays",4,368388,66.9
"jane roberts seth",4,368392,66.9
"jason luke bryan",4,368396,66.9
"jay cent wells",4,368400,66.9
"jay drop team",4,368404,66.9
"jazz central studios",4,368408,66.9
"jazz events follow",4,368412,66.9
"jazz tonight pm",4,368416,66.9
"jealous actually don",4,368420,66.9
"jealous respect ones",4,368424,66.9
"jeans expression appeal",4,368428,66.9
"jelly peanut butter",4,368432,66.9
"jerry knock live",4,368436,66.91
"jerry lee lewis",4,368440,66.91
"jersey shore marathon",4,368444,66.91
"jersey shore reunion",4,368448,66.91
"jersey shore today",4,368452,66.91
"jersey shore tomorrow",4,368456,66.91
"jesse st james",4,368460,66.91
"jessica regarding manufacturing",4,368464,66.91
"jets locker room",4,368468,66.91
"jewelry repair service",4,368472,66.91
"jewelry www com",4,368476,66.91
"job assets health",4,368480,66.91
"job don know",4,368484,66.91
"job go home",4,368488,66.91
"job good job",4,368492,66.92
"job interviews week",4,368496,66.92
"job last month",4,368500,66.92
"job make friends",4,368504,66.92
"jobs hope cash",4,368508,66.92
"jobs musicians cruise",4,368512,66.92
"jobs online poker",4,368516,66.92
"jobs social media",4,368520,66.92
"john adams learned",4,368524,66.92
"john last night",4,368528,66.92
"john legend tonight",4,368532,66.92
"john sessions stadium",4,368536,66.92
"john wayne movie",4,368540,66.92
"johnny reason drink",4,368544,66.93
"johnson follow pc",4,368548,66.93
"join apply www",4,368552,66.93
"join free email",4,368556,66.93
"join free post",4,368560,66.93
"join live stream",4,368564,66.93
"join looking forward",4,368568,66.93
"join pure atmosphere",4,368572,66.93
"join saturday april",4,368576,66.93
"join starting pm",4,368580,66.93
"join tavern downtown",4,368584,66.93
"join vacation world",4,368588,66.93
"joined diversity platinum",4,368592,66.93
"joined mr thunder",4,368596,66.93
"joke don know",4,368600,66.94
"joke just got",4,368604,66.94
"jon spencer blues",4,368608,66.94
"jones industrial average",4,368612,66.94
"jones passed away",4,368616,66.94
"jordan flu game",4,368620,66.94
"jordan take care",4,368624,66.94
"journalists fans want",4,368628,66.94
"journalists news want",4,368632,66.94
"journey center earth",4,368636,66.94
"journey don stop",4,368640,66.94
"journey journey maria",4,368644,66.94
"joy ahead peter",4,368648,66.94
"joy face trials",4,368652,66.94
"joy happens allow",4,368656,66.95
"joy joy pain",4,368660,66.95
"joy lord strength",4,368664,66.95
"joy source smile",4,368668,66.95
"jr high school",4,368672,66.95
"jr smith just",4,368676,66.95
"judge baker ruled",4,368680,66.95
"judge myself eyes",4,368684,66.95
"judging book cover",4,368688,66.95
"july th chicago",4,368692,66.95
"july th holiday",4,368696,66.95
"july th stay",4,368700,66.95
"jump quickly opportunities",4,368704,66.95
"jump start day",4,368708,66.95
"jumped couch avoid",4,368712,66.96
"jumping coming dear",4,368716,66.96
"june join vacation",4,368720,66.96
"june july issue",4,368724,66.96
"june th excited",4,368728,66.96
"june th june",4,368732,66.96
"june th summer",4,368736,66.96
"junior great player",4,368740,66.96
"junior year high",4,368744,66.96
"just actually just",4,368748,66.96
"just added th",4,368752,66.96
"just agree disagree",4,368756,66.96
"just answered own",4,368760,66.96
"just answered phone",4,368764,66.97
"just ask help",4,368768,66.97
"just asked come",4,368772,66.97
"just asked put",4,368776,66.97
"just asked spell",4,368780,66.97
"just ate bag",4,368784,66.97
"just ate bowl",4,368788,66.97
"just ate burger",4,368792,66.97
"just ate chicken",4,368796,66.97
"just ate half",4,368800,66.97
"just ate time",4,368804,66.97
"just ate weight",4,368808,66.97
"just become best",4,368812,66.97
"just become really",4,368816,66.97
"just bought cd",4,368820,66.98
"just bought dress",4,368824,66.98
"just bought shoes",4,368828,66.98
"just bought sweet",4,368832,66.98
"just bought wine",4,368836,66.98
"just breathe work",4,368840,66.98
"just bunch people",4,368844,66.98
"just called ask",4,368848,66.98
"just called best",4,368852,66.98
"just called dad",4,368856,66.98
"just called friend",4,368860,66.98
"just came door",4,368864,66.98
"just came like",4,368868,66.98
"just came lunch",4,368872,66.98
"just came office",4,368876,66.99
"just came realization",4,368880,66.99
"just came twitter",4,368884,66.99
"just case forget",4,368888,66.99
"just cause like",4,368892,66.99
"just checked phone",4,368896,66.99
"just checked ur",4,368900,66.99
"just choosing want",4,368904,66.99
"just click away",4,368908,66.99
"just come hang",4,368912,66.99
"just created account",4,368916,66.99
"just days go",4,368920,66.99
"just days just",4,368924,66.99
"just days new",4,368928,66.99
"just deleted facebook",4,368932,67
"just depends treat",4,368936,67
"just discovered blog",4,368940,67
"just discovered google",4,368944,67
"just dj pack",4,368948,67
"just earned magic",4,368952,67
"just earned rookie",4,368956,67
"just enjoyed great",4,368960,67
"just enjoyed nice",4,368964,67
"just enjoying day",4,368968,67
"just excuse get",4,368972,67
"just fall apart",4,368976,67
"just feel complete",4,368980,67
"just feel guilty",4,368984,67.01
"just feel just",4,368988,67.01
"just feel little",4,368992,67.01
"just finish dream",4,368996,67.01
"just followed bunch",4,369000,67.01
"just followed check",4,369004,67.01
"just followed followers",4,369008,67.01
"just followed instagram",4,369012,67.01
"just gave half",4,369016,67.01
"just gave homeless",4,369020,67.01
"just gave reason",4,369024,67.01
"just gave speech",4,369028,67.01
"just getting car",4,369032,67.01
"just getting go",4,369036,67.01
"just getting ridiculous",4,369040,67.02
"just getting settled",4,369044,67.02
"just getting things",4,369048,67.02
"just getting time",4,369052,67.02
"just getting word",4,369056,67.02
"just give big",4,369060,67.02
"just give day",4,369064,67.02
"just give get",4,369068,67.02
"just go class",4,369072,67.02
"just go crazy",4,369076,67.02
"just go fun",4,369080,67.02
"just go go",4,369084,67.02
"just go gym",4,369088,67.02
"just go lay",4,369092,67.02
"just go listen",4,369096,67.03
"just go play",4,369100,67.03
"just go sit",4,369104,67.03
"just go site",4,369108,67.03
"just go www",4,369112,67.03
"just going come",4,369116,67.03
"just going going",4,369120,67.03
"just going relax",4,369124,67.03
"just gonna buy",4,369128,67.03
"just gonna happen",4,369132,67.03
"just gonna put",4,369136,67.03
"just gonna stand",4,369140,67.03
"just gonna stop",4,369144,67.03
"just gonna think",4,369148,67.03
"just good mood",4,369152,67.04
"just good movie",4,369156,67.04
"just got android",4,369160,67.04
"just got approval",4,369164,67.04
"just got away",4,369168,67.04
"just got bath",4,369172,67.04
"just got beat",4,369176,67.04
"just got boot",4,369180,67.04
"just got bored",4,369184,67.04
"just got canceled",4,369188,67.04
"just got chick",4,369192,67.04
"just got cold",4,369196,67.04
"just got comfortable",4,369200,67.04
"just got commercial",4,369204,67.04
"just got confirmed",4,369208,67.05
"just got confused",4,369212,67.05
"just got cooler",4,369216,67.05
"just got copies",4,369220,67.05
"just got craving",4,369224,67.05
"just got crib",4,369228,67.05
"just got dad",4,369232,67.05
"just got dallas",4,369236,67.05
"just got door",4,369240,67.05
"just got dress",4,369244,67.05
"just got dumped",4,369248,67.05
"just got early",4,369252,67.05
"just got feel",4,369256,67.05
"just got football",4,369260,67.06
"just got gift",4,369264,67.06
"just got hope",4,369268,67.06
"just got hot",4,369272,67.06
"just got hunger",4,369276,67.06
"just got internet",4,369280,67.06
"just got interviewed",4,369284,67.06
"just got invitation",4,369288,67.06
"just got lake",4,369292,67.06
"just got latest",4,369296,67.06
"just got license",4,369300,67.06
"just got line",4,369304,67.06
"just got look",4,369308,67.06
"just got magazine",4,369312,67.06
"just got mean",4,369316,67.07
"just got minute",4,369320,67.07
"just got miss",4,369324,67.07
"just got nd",4,369328,67.07
"just got offer",4,369332,67.07
"just got ok",4,369336,67.07
"just got pair",4,369340,67.07
"just got poster",4,369344,67.07
"just got prison",4,369348,67.07
"just got promoted",4,369352,67.07
"just got punk",4,369356,67.07
"just got read",4,369360,67.07
"just got ride",4,369364,67.07
"just got scared",4,369368,67.07
"just got sent",4,369372,67.08
"just got sleepy",4,369376,67.08
"just got stock",4,369380,67.08
"just got swag",4,369384,67.08
"just got taking",4,369388,67.08
"just got team",4,369392,67.08
"just got tonight",4,369396,67.08
"just got took",4,369400,67.08
"just got trip",4,369404,67.08
"just got trouble",4,369408,67.08
"just got vip",4,369412,67.08
"just got vote",4,369416,67.08
"just got wait",4,369420,67.08
"just got want",4,369424,67.08
"just got week",4,369428,67.09
"just got wife",4,369432,67.09
"just got yr",4,369436,67.09
"just gotta ask",4,369440,67.09
"just gotta move",4,369444,67.09
"just gotta play",4,369448,67.09
"just gotta watch",4,369452,67.09
"just great chat",4,369456,67.09
"just great work",4,369460,67.09
"just guys know",4,369464,67.09
"just hair brown",4,369468,67.09
"just hang get",4,369472,67.09
"just heard adam",4,369476,67.09
"just heard bad",4,369480,67.1
"just heard best",4,369484,67.1
"just heard last",4,369488,67.1
"just heard npr",4,369492,67.1
"just heard saw",4,369496,67.1
"just heard sound",4,369500,67.1
"just heard story",4,369504,67.1
"just heard term",4,369508,67.1
"just hide lose",4,369512,67.1
"just hip hop",4,369516,67.1
"just hit email",4,369520,67.1
"just hit tomorrow",4,369524,67.1
"just hit wall",4,369528,67.1
"just hope won",4,369532,67.1
"just hoping get",4,369536,67.11
"just hoping win",4,369540,67.11
"just hour left",4,369544,67.11
"just hunger games",4,369548,67.11
"just icing cake",4,369552,67.11
"just keep away",4,369556,67.11
"just keep playing",4,369560,67.11
"just keep probably",4,369564,67.11
"just keep pushing",4,369568,67.11
"just keep walking",4,369572,67.11
"just keep watching",4,369576,67.11
"just keep writing",4,369580,67.11
"just kept thinking",4,369584,67.11
"just kidding come",4,369588,67.11
"just kidding got",4,369592,67.12
"just kidding guys",4,369596,67.12
"just kidding man",4,369600,67.12
"just kidding miss",4,369604,67.12
"just kidding want",4,369608,67.12
"just kids smith",4,369612,67.12
"just know anymore",4,369616,67.12
"just know doing",4,369620,67.12
"just know get",4,369624,67.12
"just know look",4,369628,67.12
"just know take",4,369632,67.12
"just know think",4,369636,67.12
"just know ur",4,369640,67.12
"just know use",4,369644,67.12
"just lay lay",4,369648,67.13
"just learned means",4,369652,67.13
"just left comment",4,369656,67.13
"just left great",4,369660,67.13
"just left love",4,369664,67.13
"just left mall",4,369668,67.13
"just left miss",4,369672,67.13
"just left park",4,369676,67.13
"just left work",4,369680,67.13
"just lessons learned",4,369684,67.13
"just let finish",4,369688,67.13
"just let hit",4,369692,67.13
"just let keep",4,369696,67.13
"just let take",4,369700,67.14
"just lie lie",4,369704,67.14
"just little hour",4,369708,67.14
"just little love",4,369712,67.14
"just living must",4,369716,67.14
"just look bad",4,369720,67.14
"just look forward",4,369724,67.14
"just look way",4,369728,67.14
"just love feeling",4,369732,67.14
"just love going",4,369736,67.14
"just love good",4,369740,67.14
"just love hear",4,369744,67.14
"just love just",4,369748,67.14
"just love know",4,369752,67.14
"just love like",4,369756,67.15
"just love loved",4,369760,67.15
"just love making",4,369764,67.15
"just love mondays",4,369768,67.15
"just love thank",4,369772,67.15
"just love waking",4,369776,67.15
"just love year",4,369780,67.15
"just make better",4,369784,67.15
"just make life",4,369788,67.15
"just make myself",4,369792,67.15
"just make point",4,369796,67.15
"just make wanna",4,369800,67.15
"just makes sad",4,369804,67.15
"just mention twitter",4,369808,67.15
"just met girl",4,369812,67.16
"just met lady",4,369816,67.16
"just might find",4,369820,67.16
"just might like",4,369824,67.16
"just might try",4,369828,67.16
"just modern day",4,369832,67.16
"just money make",4,369836,67.16
"just months ago",4,369840,67.16
"just named new",4,369844,67.16
"just normal day",4,369848,67.16
"just noticed followers",4,369852,67.16
"just noticed tweet",4,369856,67.16
"just old man",4,369860,67.16
"just ordered books",4,369864,67.16
"just ordered business",4,369868,67.17
"just ordered last",4,369872,67.17
"just ordered looking",4,369876,67.17
"just ordered shirt",4,369880,67.17
"just ordered tickets",4,369884,67.17
"just outside dc",4,369888,67.17
"just paid credit",4,369892,67.17
"just paid gallon",4,369896,67.17
"just pass time",4,369900,67.17
"just place time",4,369904,67.17
"just pretend like",4,369908,67.17
"just pretty sure",4,369912,67.17
"just push away",4,369916,67.17
"just push button",4,369920,67.18
"just put face",4,369924,67.18
"just put foot",4,369928,67.18
"just put hair",4,369932,67.18
"just put hand",4,369936,67.18
"just put hold",4,369940,67.18
"just put oven",4,369944,67.18
"just put tweet",4,369948,67.18
"just put ur",4,369952,67.18
"just putting finishing",4,369956,67.18
"just quit job",4,369960,67.18
"just random thought",4,369964,67.18
"just randomly stop",4,369968,67.18
"just reached th",4,369972,67.18
"just read books",4,369976,67.19
"just read column",4,369980,67.19
"just read going",4,369984,67.19
"just read just",4,369988,67.19
"just read latest",4,369992,67.19
"just read letter",4,369996,67.19
"just read new",4,370000,67.19
"just read piece",4,370004,67.19
"just read quote",4,370008,67.19
"just read today",4,370012,67.19
"just real friends",4,370016,67.19
"just really cool",4,370020,67.19
"just really funny",4,370024,67.19
"just really know",4,370028,67.19
"just really sore",4,370032,67.2
"just remember gave",4,370036,67.2
"just remember got",4,370040,67.2
"just remember likes",4,370044,67.2
"just remember love",4,370048,67.2
"just remember people",4,370052,67.2
"just reported police",4,370056,67.2
"just right people",4,370060,67.2
"just rode elevator",4,370064,67.2
"just ruined life",4,370068,67.2
"just ruined night",4,370072,67.2
"just said cake",4,370076,67.2
"just said come",4,370080,67.2
"just said did",4,370084,67.2
"just said get",4,370088,67.21
"just said ha",4,370092,67.21
"just said hello",4,370096,67.21
"just said people",4,370100,67.21
"just said really",4,370104,67.21
"just said saw",4,370108,67.21
"just said take",4,370112,67.21
"just said thank",4,370116,67.21
"just said thanks",4,370120,67.21
"just said wait",4,370124,67.21
"just sat table",4,370128,67.21
"just sat watch",4,370132,67.21
"just saw absolutely",4,370136,67.21
"just saw bad",4,370140,67.21
"just saw billboard",4,370144,67.22
"just saw chris",4,370148,67.22
"just saw concert",4,370152,67.22
"just saw cover",4,370156,67.22
"just saw don",4,370160,67.22
"just saw driving",4,370164,67.22
"just saw fall",4,370168,67.22
"just saw fan",4,370172,67.22
"just saw followed",4,370176,67.22
"just saw gas",4,370180,67.22
"just saw go",4,370184,67.22
"just saw google",4,370188,67.22
"just saw got",4,370192,67.22
"just saw green",4,370196,67.23
"just saw grown",4,370200,67.23
"just saw jump",4,370204,67.23
"just saw license",4,370208,67.23
"just saw michael",4,370212,67.23
"just saw music",4,370216,67.23
"just saw place",4,370220,67.23
"just saw play",4,370224,67.23
"just saw police",4,370228,67.23
"just saw pretty",4,370232,67.23
"just saw real",4,370236,67.23
"just saw second",4,370240,67.23
"just saw set",4,370244,67.23
"just saw somebody",4,370248,67.23
"just saw talking",4,370252,67.24
"just saw women",4,370256,67.24
"just saw yard",4,370260,67.24
"just saw yeah",4,370264,67.24
"just saw yr",4,370268,67.24
"just saying gonna",4,370272,67.24
"just saying know",4,370276,67.24
"just saying make",4,370280,67.24
"just saying need",4,370284,67.24
"just saying people",4,370288,67.24
"just saying really",4,370292,67.24
"just saying things",4,370296,67.24
"just saying want",4,370300,67.24
"just scared dog",4,370304,67.24
"just scored points",4,370308,67.25
"just sent beats",4,370312,67.25
"just sent new",4,370316,67.25
"just sent resume",4,370320,67.25
"just sent tracks",4,370324,67.25
"just sent twitter",4,370328,67.25
"just short hours",4,370332,67.25
"just signed great",4,370336,67.25
"just simply amazing",4,370340,67.25
"just small town",4,370344,67.25
"just smile face",4,370348,67.25
"just started come",4,370352,67.25
"just started coming",4,370356,67.25
"just started like",4,370360,67.25
"just started make",4,370364,67.26
"just started making",4,370368,67.26
"just started myself",4,370372,67.26
"just started today",4,370376,67.26
"just stop texting",4,370380,67.26
"just submitted article",4,370384,67.26
"just take advantage",4,370388,67.26
"just take break",4,370392,67.26
"just take easy",4,370396,67.26
"just take like",4,370400,67.26
"just take little",4,370404,67.26
"just take longer",4,370408,67.26
"just take look",4,370412,67.26
"just take shower",4,370416,67.27
"just take walk",4,370420,67.27
"just takes right",4,370424,67.27
"just tell guys",4,370428,67.27
"just tell ur",4,370432,67.27
"just things don",4,370436,67.27
"just think anything",4,370440,67.27
"just think bad",4,370444,67.27
"just think done",4,370448,67.27
"just think just",4,370452,67.27
"just think might",4,370456,67.27
"just think positive",4,370460,67.27
"just think really",4,370464,67.27
"just think say",4,370468,67.27
"just thinking did",4,370472,67.28
"just thinking hope",4,370476,67.28
"just thinking just",4,370480,67.28
"just thinking make",4,370484,67.28
"just thinking makes",4,370488,67.28
"just thought check",4,370492,67.28
"just thought getting",4,370496,67.28
"just thought lose",4,370500,67.28
"just thought makes",4,370504,67.28
"just thought needed",4,370508,67.28
"just thought things",4,370512,67.28
"just thought think",4,370516,67.28
"just time ask",4,370520,67.28
"just time christmas",4,370524,67.28
"just time good",4,370528,67.29
"just time head",4,370532,67.29
"just time holiday",4,370536,67.29
"just time long",4,370540,67.29
"just time make",4,370544,67.29
"just time thomas",4,370548,67.29
"just told heard",4,370552,67.29
"just told teacher",4,370556,67.29
"just told think",4,370560,67.29
"just told truth",4,370564,67.29
"just told wear",4,370568,67.29
"just took best",4,370572,67.29
"just took quick",4,370576,67.29
"just took step",4,370580,67.29
"just tried order",4,370584,67.3
"just trying fun",4,370588,67.3
"just trying give",4,370592,67.3
"just trying go",4,370596,67.3
"just trying nice",4,370600,67.3
"just trying spread",4,370604,67.3
"just trying take",4,370608,67.3
"just trying watch",4,370612,67.3
"just tweet day",4,370616,67.3
"just tweet make",4,370620,67.3
"just visited site",4,370624,67.3
"just waist time",4,370628,67.3
"just wait gets",4,370632,67.3
"just waking last",4,370636,67.31
"just waking nap",4,370640,67.31
"just watch video",4,370644,67.31
"just watching movie",4,370648,67.31
"just way keeping",4,370652,67.31
"just way things",4,370656,67.31
"just way work",4,370660,67.31
"just went check",4,370664,67.31
"just went followed",4,370668,67.31
"just went last",4,370672,67.31
"just went wrong",4,370676,67.31
"just wings oh",4,370680,67.31
"just wish day",4,370684,67.31
"just wish felt",4,370688,67.31
"just wish find",4,370692,67.32
"just wish go",4,370696,67.32
"just wish little",4,370700,67.32
"just wish stop",4,370704,67.32
"just wish use",4,370708,67.32
"just wish won",4,370712,67.32
"just woke getting",4,370716,67.32
"just woke like",4,370720,67.32
"just woke myself",4,370724,67.32
"just woke need",4,370728,67.32
"just woke thought",4,370732,67.32
"just woke went",4,370736,67.32
"just won big",4,370740,67.32
"just won bucks",4,370744,67.32
"just won gift",4,370748,67.33
"just won prize",4,370752,67.33
"just won quit",4,370756,67.33
"just wonder people",4,370760,67.33
"just wondering cause",4,370764,67.33
"just wont feel",4,370768,67.33
"just worked hours",4,370772,67.33
"just write check",4,370776,67.33
"just year ago",4,370780,67.33
"justin boyfriend video",4,370784,67.33
"justin drew follow",4,370788,67.33
"justin real talent",4,370792,67.33
"justin say justin",4,370796,67.33
"kansas north carolina",4,370800,67.33
"kansas ohio state",4,370804,67.34
"karaoke tonight sing",4,370808,67.34
"karma karma karma",4,370812,67.34
"kate doing cat",4,370816,67.34
"katy perry video",4,370820,67.34
"keep anyone make",4,370824,67.34
"keep college affordable",4,370828,67.34
"keep doing keep",4,370832,67.34
"keep don know",4,370836,67.34
"keep doors open",4,370840,67.34
"keep expectations low",4,370844,67.34
"keep eye coming",4,370848,67.34
"keep eye contact",4,370852,67.34
"keep eye tweets",4,370856,67.34
"keep eye website",4,370860,67.35
"keep going make",4,370864,67.35
"keep going really",4,370868,67.35
"keep great content",4,370872,67.35
"keep hearing good",4,370876,67.35
"keep mind looking",4,370880,67.35
"keep mind need",4,370884,67.35
"keep peak shape",4,370888,67.35
"keep people life",4,370892,67.35
"keep picking get",4,370896,67.35
"keep planet green",4,370900,67.35
"keep posted events",4,370904,67.35
"keep posted get",4,370908,67.35
"keep posted going",4,370912,67.36
"keep posted great",4,370916,67.36
"keep posted want",4,370920,67.36
"keep probably words",4,370924,67.36
"keep social media",4,370928,67.36
"keep stock week",4,370932,67.36
"keep student loan",4,370936,67.36
"keep ur eyes",4,370940,67.36
"keep ur prayers",4,370944,67.36
"keep ur word",4,370948,67.36
"keep vikings minnesota",4,370952,67.36
"keep voting keep",4,370956,67.36
"keep warm winter",4,370960,67.36
"keep wonderful work",4,370964,67.36
"keep writing good",4,370968,67.37
"keep www com",4,370972,67.37
"keeper lost causes",4,370976,67.37
"keeping business clean",4,370980,67.37
"keeping music alive",4,370984,67.37
"keeping straight face",4,370988,67.37
"keeping yesterday don",4,370992,67.37
"keeps finding way",4,370996,67.37
"keeps mouth shut",4,371000,67.37
"kept flipping abstract",4,371004,67.37
"kept force achieved",4,371008,67.37
"kept mouth shut",4,371012,67.37
"kerry wood retiring",4,371016,67.37
"key free throws",4,371020,67.37
"key living life",4,371024,67.38
"key opens gates",4,371028,67.38
"keys door gets",4,371032,67.38
"keys teenage boys",4,371036,67.38
"keys win team",4,371040,67.38
"kick last night",4,371044,67.38
"kick old school",4,371048,67.38
"kicks better run",4,371052,67.38
"kidding just got",4,371056,67.38
"kids going college",4,371060,67.38
"kids need work",4,371064,67.38
"kind looked like",4,371068,67.38
"kind sad last",4,371072,67.38
"kind sound like",4,371076,67.38
"kind trouble get",4,371080,67.39
"kind want try",4,371084,67.39
"kind words like",4,371088,67.39
"kind words means",4,371092,67.39
"kind words pleasure",4,371096,67.39
"kind words thank",4,371100,67.39
"kinda bored needs",4,371104,67.39
"kinda just wanna",4,371108,67.39
"kinda just want",4,371112,67.39
"kinda looked like",4,371116,67.39
"kinda wanna get",4,371120,67.39
"kinds people count",4,371124,67.39
"king children museum",4,371128,67.39
"king louis france",4,371132,67.4
"king school th",4,371136,67.4
"king treat right",4,371140,67.4
"king village location",4,371144,67.4
"kings stanley cup",4,371148,67.4
"kiss avoid looking",4,371152,67.4
"kiss begins kay",4,371156,67.4
"kiss makes heart",4,371160,67.4
"kisses bullets label",4,371164,67.4
"kissing burns calories",4,371168,67.4
"kitchen last night",4,371172,67.4
"knees easier fix",4,371176,67.4
"knew good true",4,371180,67.4
"knew just knew",4,371184,67.4
"knew just know",4,371188,67.41
"knew love love",4,371192,67.41
"knew unwanted baby",4,371196,67.41
"knock chip neighbor",4,371200,67.41
"knock long loud",4,371204,67.41
"know able make",4,371208,67.41
"know anything good",4,371212,67.41
"know anything like",4,371216,67.41
"know baby don",4,371220,67.41
"know batteries getting",4,371224,67.41
"know beautiful makes",4,371228,67.41
"know becomes knew",4,371232,67.41
"know better anyone",4,371236,67.41
"know better good",4,371240,67.41
"know better just",4,371244,67.42
"know better right",4,371248,67.42
"know better think",4,371252,67.42
"know care just",4,371256,67.42
"know cause don",4,371260,67.42
"know couple bad",4,371264,67.42
"know couple people",4,371268,67.42
"know did right",4,371272,67.42
"know doing big",4,371276,67.42
"know doing tell",4,371280,67.42
"know doing trying",4,371284,67.42
"know don drink",4,371288,67.42
"know don go",4,371292,67.42
"know don hear",4,371296,67.42
"know don just",4,371300,67.43
"know don miss",4,371304,67.43
"know don say",4,371308,67.43
"know don smoke",4,371312,67.43
"know east coast",4,371316,67.43
"know elementary school",4,371320,67.43
"know fan mail",4,371324,67.43
"know feels good",4,371328,67.43
"know fix love",4,371332,67.43
"know funny thing",4,371336,67.43
"know game just",4,371340,67.43
"know get answer",4,371344,67.43
"know get em",4,371348,67.43
"know get get",4,371352,67.44
"know get just",4,371356,67.44
"know get love",4,371360,67.44
"know get new",4,371364,67.44
"know get really",4,371368,67.44
"know get tired",4,371372,67.44
"know get used",4,371376,67.44
"know get watch",4,371380,67.44
"know gets trouble",4,371384,67.44
"know go great",4,371388,67.44
"know go time",4,371392,67.44
"know going best",4,371396,67.44
"know going catch",4,371400,67.44
"know going come",4,371404,67.44
"know going go",4,371408,67.45
"know going live",4,371412,67.45
"know going tomorrow",4,371416,67.45
"know gonna able",4,371420,67.45
"know gonna lose",4,371424,67.45
"know good company",4,371428,67.45
"know good got",4,371432,67.45
"know good guy",4,371436,67.45
"know good just",4,371440,67.45
"know good know",4,371444,67.45
"know good morning",4,371448,67.45
"know good song",4,371452,67.45
"know good want",4,371456,67.45
"know got like",4,371460,67.45
"know gotta love",4,371464,67.46
"know guess just",4,371468,67.46
"know haven talked",4,371472,67.46
"know having trouble",4,371476,67.46
"know help future",4,371480,67.46
"know help new",4,371484,67.46
"know hurt like",4,371488,67.46
"know hurt tell",4,371492,67.46
"know ignore high",4,371496,67.46
"know ill give",4,371500,67.46
"know ill tell",4,371504,67.46
"know illusion matter",4,371508,67.46
"know jennifer hudson",4,371512,67.46
"know know does",4,371516,67.46
"know know going",4,371520,67.47
"know know make",4,371524,67.47
"know know mean",4,371528,67.47
"know know really",4,371532,67.47
"know know sure",4,371536,67.47
"know know time",4,371540,67.47
"know like better",4,371544,67.47
"know like don",4,371548,67.47
"know like going",4,371552,67.47
"know like love",4,371556,67.47
"know like make",4,371560,67.47
"know like man",4,371564,67.47
"know like need",4,371568,67.47
"know like oh",4,371572,67.47
"know like person",4,371576,67.48
"know like post",4,371580,67.48
"know like things",4,371584,67.48
"know make girl",4,371588,67.48
"know make look",4,371592,67.48
"know make really",4,371596,67.48
"know mean like",4,371600,67.48
"know mean time",4,371604,67.48
"know means bottles",4,371608,67.48
"know means get",4,371612,67.48
"know means miss",4,371616,67.48
"know means new",4,371620,67.48
"know missing arrives",4,371624,67.48
"know need ask",4,371628,67.49
"know need change",4,371632,67.49
"know need volunteers",4,371636,67.49
"know need work",4,371640,67.49
"know needs done",4,371644,67.49
"know nice meet",4,371648,67.49
"know oh wait",4,371652,67.49
"know open days",4,371656,67.49
"know pay www",4,371660,67.49
"know people care",4,371664,67.49
"know people come",4,371668,67.49
"know people did",4,371672,67.49
"know people getting",4,371676,67.49
"know people go",4,371680,67.49
"know people live",4,371684,67.5
"know people right",4,371688,67.5
"know people talking",4,371692,67.5
"know people use",4,371696,67.5
"know place get",4,371700,67.5
"know read book",4,371704,67.5
"know really bad",4,371708,67.5
"know really care",4,371712,67.5
"know really cool",4,371716,67.5
"know really know",4,371720,67.5
"know really means",4,371724,67.5
"know really right",4,371728,67.5
"know really sad",4,371732,67.5
"know really think",4,371736,67.5
"know really wanna",4,371740,67.51
"know saw like",4,371744,67.51
"know say anything",4,371748,67.51
"know say like",4,371752,67.51
"know say week",4,371756,67.51
"know seen just",4,371760,67.51
"know sent thanks",4,371764,67.51
"know super cute",4,371768,67.51
"know talking right",4,371772,67.51
"know think actually",4,371776,67.51
"know think benjamin",4,371780,67.51
"know think don",4,371784,67.51
"know think good",4,371788,67.51
"know think like",4,371792,67.51
"know time starts",4,371796,67.52
"know time think",4,371800,67.52
"know time town",4,371804,67.52
"know tomorrow things",4,371808,67.52
"know took years",4,371812,67.52
"know tried hard",4,371816,67.52
"know try best",4,371820,67.52
"know trying figure",4,371824,67.52
"know trying find",4,371828,67.52
"know want anymore",4,371832,67.52
"know want bad",4,371836,67.52
"know want join",4,371840,67.52
"know want let",4,371844,67.52
"know want need",4,371848,67.53
"know want ride",4,371852,67.53
"know want think",4,371856,67.53
"know want tweet",4,371860,67.53
"know watch tennis",4,371864,67.53
"know wise know",4,371868,67.53
"know word means",4,371872,67.53
"know words song",4,371876,67.53
"know years old",4,371880,67.53
"knowing brilliant person",4,371884,67.53
"knowing william james",4,371888,67.53
"knowledge fools wisdom",4,371892,67.53
"knowledge limited imagination",4,371896,67.53
"knowledge power enthusiasm",4,371900,67.53
"knowledge speaks wisdom",4,371904,67.54
"knows capital maine",4,371908,67.54
"knows girl like",4,371912,67.54
"knows raise children",4,371916,67.54
"knows sad aggravated",4,371920,67.54
"knows sports extremely",4,371924,67.54
"kobe flu game",4,371928,67.54
"kobe looks like",4,371932,67.54
"korean bbq facebook",4,371936,67.54
"la la world",4,371940,67.54
"la los angeles",4,371944,67.54
"la times reporting",4,371948,67.54
"label sleeve bottom",4,371952,67.54
"labor day day",4,371956,67.54
"labor day holiday",4,371960,67.55
"labor day sale",4,371964,67.55
"lack makes people",4,371968,67.55
"lack sleep last",4,371972,67.55
"ladies don forget",4,371976,67.55
"ladies love cool",4,371980,67.55
"ladies realize look",4,371984,67.55
"ladies www com",4,371988,67.55
"lady hope great",4,371992,67.55
"lady just got",4,371996,67.55
"lady long time",4,372000,67.55
"lake houston area",4,372004,67.55
"land speed record",4,372008,67.55
"landed union station",4,372012,67.55
"landmark choose hotel",4,372016,67.56
"language uses lot",4,372020,67.56
"language year words",4,372024,67.56
"lap feel hard",4,372028,67.56
"laptop repair pittsburgh",4,372032,67.56
"las vegas april",4,372036,67.56
"las vegas blvd",4,372040,67.56
"las vegas does",4,372044,67.56
"las vegas firefighters",4,372048,67.56
"las vegas fun",4,372052,67.56
"las vegas hope",4,372056,67.56
"las vegas month",4,372060,67.56
"las vegas real",4,372064,67.56
"las vegas th",4,372068,67.57
"las vegas tomorrow",4,372072,67.57
"las vegas work",4,372076,67.57
"last days just",4,372080,67.57
"last days like",4,372084,67.57
"last days really",4,372088,67.57
"last days week",4,372092,67.57
"last half day",4,372096,67.57
"last laptop repair",4,372100,67.57
"last meeting semester",4,372104,67.57
"last minute blue",4,372108,67.57
"last minute deal",4,372112,67.57
"last minute game",4,372116,67.57
"last minute go",4,372120,67.57
"last minute homework",4,372124,67.58
"last minute make",4,372128,67.58
"last minute meeting",4,372132,67.58
"last minute notice",4,372136,67.58
"last minute plans",4,372140,67.58
"last minute project",4,372144,67.58
"last minute studying",4,372148,67.58
"last minute stuff",4,372152,67.58
"last minute suggestions",4,372156,67.58
"last monday night",4,372160,67.58
"last month love",4,372164,67.58
"last month time",4,372168,67.58
"last regular season",4,372172,67.58
"last second shot",4,372176,67.58
"last seen saturday",4,372180,67.59
"last song played",4,372184,67.59
"last spring break",4,372188,67.59
"last stage life",4,372192,67.59
"last weekend hope",4,372196,67.59
"last weekend thanks",4,372200,67.59
"last years don",4,372204,67.59
"last years just",4,372208,67.59
"lasts lifetime true",4,372212,67.59
"lasts maximum months",4,372216,67.59
"late april fools",4,372220,67.59
"late go bed",4,372224,67.59
"late just got",4,372228,67.59
"late round pick",4,372232,67.59
"late time bed",4,372236,67.6
"late tonight stop",4,372240,67.6
"lately love like",4,372244,67.6
"later get ready",4,372248,67.6
"later natural order",4,372252,67.6
"later today happy",4,372256,67.6
"later today just",4,372260,67.6
"latest breaking news",4,372264,67.6
"latest marketing advertising",4,372268,67.6
"latino night salute",4,372272,67.6
"laugh cry later",4,372276,67.6
"laugh known sadness",4,372280,67.6
"laugh made laugh",4,372284,67.6
"laugh own jokes",4,372288,67.61
"laugh skin support",4,372292,67.61
"laughed hard awhile",4,372296,67.61
"laughing grow old",4,372300,67.61
"laughs old follows",4,372304,67.61
"laughs own texts",4,372308,67.61
"laughter gives distance",4,372312,67.61
"launch expand buffalo",4,372316,67.61
"launched weeks ago",4,372320,67.61
"law blogs network",4,372324,67.61
"law enforcement agencies",4,372328,67.61
"law enforcement source",4,372332,67.61
"law gravity says",4,372336,67.61
"lawrence homeless artist",4,372340,67.61
"lawyers give rest",4,372344,67.62
"lawyers know take",4,372348,67.62
"lay lay just",4,372352,67.62
"lay listen music",4,372356,67.62
"lay take nap",4,372360,67.62
"lazy love like",4,372364,67.62
"lb fri sun",4,372368,67.62
"lb regular beef",4,372372,67.62
"lead anywhere frank",4,372376,67.62
"lead left game",4,372380,67.62
"lead spurs left",4,372384,67.62
"lead th inning",4,372388,67.62
"lead understanding carl",4,372392,67.62
"leader inspires people",4,372396,67.62
"leaders born made",4,372400,67.63
"leaders made born",4,372404,67.63
"leaders pick wonder",4,372408,67.63
"leadership putting things",4,372412,67.63
"leads flock fly",4,372416,67.63
"leads th single",4,372420,67.63
"league extraordinary gentleman",4,372424,67.63
"league wire week",4,372428,67.63
"leaning right wall",4,372432,67.63
"learn anything new",4,372436,67.63
"learn anything perfect",4,372440,67.63
"learn current market",4,372444,67.63
"learn ins outs",4,372448,67.63
"learn just love",4,372452,67.63
"learn mario matter",4,372456,67.64
"learn mistakes busy",4,372460,67.64
"learned quite bit",4,372464,67.64
"learned seek happiness",4,372468,67.64
"learned stop worrying",4,372472,67.64
"learned wants live",4,372476,67.64
"learning interactive galleries",4,372480,67.64
"learning lot having",4,372484,67.64
"leather bound books",4,372488,67.64
"leave accept change",4,372492,67.64
"leave alone good",4,372496,67.64
"leave alone think",4,372500,67.64
"leave clap clap",4,372504,67.64
"leave just leave",4,372508,67.64
"leave just want",4,372512,67.65
"leave reason don",4,372516,67.65
"leave twitter open",4,372520,67.65
"leaves bases loaded",4,372524,67.65
"leaves company liking",4,372528,67.65
"leaving comfort zone",4,372532,67.65
"leaving heights hood",4,372536,67.65
"leaving huntington beach",4,372540,67.65
"leaving st louis",4,372544,67.65
"lecture series today",4,372548,67.65
"lecture social media",4,372552,67.65
"left chest cap",4,372556,67.65
"left credit card",4,372560,67.65
"left feel like",4,372564,67.66
"left headphones home",4,372568,67.66
"left high school",4,372572,67.66
"left hours ago",4,372576,67.66
"left left right",4,372580,67.66
"left looks like",4,372584,67.66
"left million dollars",4,372588,67.66
"left say true",4,372592,67.66
"left wing right",4,372596,67.66
"leftover indian food",4,372600,67.66
"legal extends good",4,372604,67.66
"legendary race driver",4,372608,67.66
"legs must tired",4,372612,67.66
"lemme get straight",4,372616,67.66
"lesson activity camp",4,372620,67.67
"lesson last night",4,372624,67.67
"lesson try homer",4,372628,67.67
"lessons nfl draft",4,372632,67.67
"let adventure begin",4,372636,67.67
"let anything anyone",4,372640,67.67
"let ask question",4,372644,67.67
"let begin tweet",4,372648,67.67
"let catch week",4,372652,67.67
"let children lead",4,372656,67.67
"let commit perfect",4,372660,67.67
"let conscience guide",4,372664,67.67
"let designated driver",4,372668,67.67
"let double check",4,372672,67.67
"let drinking begin",4,372676,67.68
"let fall asleep",4,372680,67.68
"let follow anymore",4,372684,67.68
"let fool kiss",4,372688,67.68
"let go bad",4,372692,67.68
"let go denver",4,372696,67.68
"let go dolphins",4,372700,67.68
"let go forgive",4,372704,67.68
"let go free",4,372708,67.68
"let go gets",4,372712,67.68
"let go going",4,372716,67.68
"let go head",4,372720,67.68
"let go heels",4,372724,67.68
"let go hope",4,372728,67.68
"let go long",4,372732,67.69
"let go look",4,372736,67.69
"let go milwaukee",4,372740,67.69
"let go rams",4,372744,67.69
"let go really",4,372748,67.69
"let go return",4,372752,67.69
"let go san",4,372756,67.69
"let go state",4,372760,67.69
"let go tiger",4,372764,67.69
"let go till",4,372768,67.69
"let go wanna",4,372772,67.69
"let good day",4,372776,67.69
"let grab drinks",4,372780,67.69
"let heart take",4,372784,67.7
"let hope go",4,372788,67.7
"let hope last",4,372792,67.7
"let hope rest",4,372796,67.7
"let hope weather",4,372800,67.7
"let just forget",4,372804,67.7
"let just keep",4,372808,67.7
"let just leave",4,372812,67.7
"let just sit",4,372816,67.7
"let just talk",4,372820,67.7
"let know address",4,372824,67.7
"let know bay",4,372828,67.7
"let know change",4,372832,67.7
"let know cheers",4,372836,67.7
"let know chicago",4,372840,67.71
"let know class",4,372844,67.71
"let know continues",4,372848,67.71
"let know cop",4,372852,67.71
"let know excited",4,372856,67.71
"let know feature",4,372860,67.71
"let know finish",4,372864,67.71
"let know gone",4,372868,67.71
"let know ha",4,372872,67.71
"let know hard",4,372876,67.71
"let know important",4,372880,67.71
"let know keep",4,372884,67.71
"let know last",4,372888,67.71
"let know left",4,372892,67.71
"let know list",4,372896,67.72
"let know made",4,372900,67.72
"let know mail",4,372904,67.72
"let know matter",4,372908,67.72
"let know morning",4,372912,67.72
"let know movie",4,372916,67.72
"let know nyc",4,372920,67.72
"let know online",4,372924,67.72
"let know pass",4,372928,67.72
"let know pick",4,372932,67.72
"let know project",4,372936,67.72
"let know receive",4,372940,67.72
"let know saw",4,372944,67.72
"let know seattle",4,372948,67.72
"let know serve",4,372952,67.73
"let know sitting",4,372956,67.73
"let know size",4,372960,67.73
"let know starting",4,372964,67.73
"let know story",4,372968,67.73
"let know super",4,372972,67.73
"let know watch",4,372976,67.73
"let know wen",4,372980,67.73
"let know win",4,372984,67.73
"let know winner",4,372988,67.73
"let know wish",4,372992,67.73
"let known love",4,372996,67.73
"let let know",4,373000,67.73
"let like did",4,373004,67.74
"let long last",4,373008,67.74
"let make love",4,373012,67.74
"let make movie",4,373016,67.74
"let make row",4,373020,67.74
"let manager know",4,373024,67.74
"let music move",4,373028,67.74
"let music play",4,373032,67.74
"let naughty save",4,373036,67.74
"let niggas know",4,373040,67.74
"let past past",4,373044,67.74
"let plan day",4,373048,67.74
"let rest peace",4,373052,67.74
"let sin cast",4,373056,67.74
"let talk email",4,373060,67.75
"let talk later",4,373064,67.75
"let talk week",4,373068,67.75
"let thing go",4,373072,67.75
"let things want",4,373076,67.75
"let twitter know",4,373080,67.75
"let users know",4,373084,67.75
"let voices heard",4,373088,67.75
"lets cross street",4,373092,67.75
"lets get boys",4,373096,67.75
"lets get likes",4,373100,67.75
"lets get move",4,373104,67.75
"lets get straight",4,373108,67.75
"lets get weekend",4,373112,67.75
"lets party tonight",4,373116,67.76
"lets play game",4,373120,67.76
"lets take trip",4,373124,67.76
"letter word hillary",4,373128,67.76
"letters stay cool",4,373132,67.76
"letting keep real",4,373136,67.76
"letting know just",4,373140,67.76
"lettuce tomato avocado",4,373144,67.76
"level self respect",4,373148,67.76
"levels different beautiful",4,373152,67.76
"liberty city miami",4,373156,67.76
"library annual book",4,373160,67.76
"library bar grill",4,373164,67.76
"library february th",4,373168,67.76
"library info science",4,373172,67.77
"library legislative day",4,373176,67.77
"library public library",4,373180,67.77
"library scholars lab",4,373184,67.77
"library school going",4,373188,67.77
"library special collections",4,373192,67.77
"library today pm",4,373196,67.77
"library user experience",4,373200,67.77
"library workers day",4,373204,67.77
"lie admits analysis",4,373208,67.77
"lie believe lover",4,373212,67.77
"lie friends cry",4,373216,67.77
"lie invented own",4,373220,67.77
"lie just keep",4,373224,67.77
"lie love way",4,373228,67.78
"lie love wont",4,373232,67.78
"lied cheated played",4,373236,67.78
"lied upset believe",4,373240,67.78
"life anne morrow",4,373244,67.78
"life author unknown",4,373248,67.78
"life balance simply",4,373252,67.78
"life balancing act",4,373256,67.78
"life beats soul",4,373260,67.78
"life best friend",4,373264,67.78
"life big road",4,373268,67.78
"life candle happiness",4,373272,67.78
"life catches teaches",4,373276,67.78
"life chains know",4,373280,67.79
"life club free",4,373284,67.79
"life constructed event",4,373288,67.79
"life controlled control",4,373292,67.79
"life easy people",4,373296,67.79
"life exchange henry",4,373300,67.79
"life gets busy",4,373304,67.79
"life gift love",4,373308,67.79
"life good thing",4,373312,67.79
"life happy hear",4,373316,67.79
"life happy life",4,373320,67.79
"life high school",4,373324,67.79
"life idea journey",4,373328,67.79
"life just live",4,373332,67.79
"life just wish",4,373336,67.8
"life keep mind",4,373340,67.8
"life last time",4,373344,67.8
"life last week",4,373348,67.8
"life last year",4,373352,67.8
"life les brown",4,373356,67.8
"life lesson learn",4,373360,67.8
"life lessons learned",4,373364,67.8
"life let get",4,373368,67.8
"life like get",4,373372,67.8
"life like hour",4,373376,67.8
"life like mirror",4,373380,67.8
"life like movies",4,373384,67.8
"life like roller",4,373388,67.8
"life like speed",4,373392,67.81
"life like wave",4,373396,67.81
"life little acts",4,373400,67.81
"life living right",4,373404,67.81
"life look adventure",4,373408,67.81
"life love give",4,373412,67.81
"life love guys",4,373416,67.81
"life makes feel",4,373420,67.81
"life matter go",4,373424,67.81
"life miss love",4,373428,67.81
"life obstacles overcome",4,373432,67.81
"life people act",4,373436,67.81
"life people life",4,373440,67.81
"life scenery miss",4,373444,67.81
"life seriously make",4,373448,67.82
"life short drink",4,373452,67.82
"life short hate",4,373456,67.82
"life short hide",4,373460,67.82
"life short need",4,373464,67.82
"life short sit",4,373468,67.82
"life short spend",4,373472,67.82
"life short time",4,373476,67.82
"life stands explained",4,373480,67.82
"life start new",4,373484,67.82
"life take chances",4,373488,67.82
"life taught love",4,373492,67.82
"life throws curve",4,373496,67.82
"life tragedy get",4,373500,67.83
"life true best",4,373504,67.83
"life uncertain eat",4,373508,67.83
"life waiting joseph",4,373512,67.83
"life waiting storms",4,373516,67.83
"life work art",4,373520,67.83
"lifestyle discount vacation",4,373524,67.83
"lifetime listening preferred",4,373528,67.83
"lifetime true love",4,373532,67.83
"light green light",4,373536,67.83
"light single candle",4,373540,67.83
"lightly breathe deeply",4,373544,67.83
"like anything want",4,373548,67.83
"like arrested anything",4,373552,67.83
"like arrow fruit",4,373556,67.84
"like best luck",4,373560,67.84
"like big baby",4,373564,67.84
"like big bang",4,373568,67.84
"like big sister",4,373572,67.84
"like bill gates",4,373576,67.84
"like body way",4,373580,67.84
"like books cover",4,373584,67.84
"like buses coming",4,373588,67.84
"like cat food",4,373592,67.84
"like champ tonight",4,373596,67.84
"like change going",4,373600,67.84
"like chocolate cake",4,373604,67.84
"like couple hours",4,373608,67.84
"like crazy day",4,373612,67.85
"like crazy don",4,373616,67.85
"like crazy feel",4,373620,67.85
"like crazy got",4,373624,67.85
"like crazy just",4,373628,67.85
"like crazy people",4,373632,67.85
"like da world",4,373636,67.85
"like day day",4,373640,67.85
"like day going",4,373644,67.85
"like did end",4,373648,67.85
"like did go",4,373652,67.85
"like did say",4,373656,67.85
"like divine blue",4,373660,67.85
"like doing dale",4,373664,67.85
"like doing don",4,373668,67.86
"like doing keep",4,373672,67.86
"like doing lot",4,373676,67.86
"like doing today",4,373680,67.86
"like doing wrong",4,373684,67.86
"like don come",4,373688,67.86
"like don eat",4,373692,67.86
"like don feel",4,373696,67.86
"like donald trump",4,373700,67.86
"like dream create",4,373704,67.86
"like drinking water",4,373708,67.86
"like elementary school",4,373712,67.86
"like exchange follows",4,373716,67.86
"like feeling get",4,373720,67.87
"like feeling like",4,373724,67.87
"like football team",4,373728,67.87
"like fourth july",4,373732,67.87
"like french kiss",4,373736,67.87
"like friend like",4,373740,67.87
"like fudge sweet",4,373744,67.87
"like full time",4,373748,67.87
"like fun event",4,373752,67.87
"like fun times",4,373756,67.87
"like fun way",4,373760,67.87
"like fun work",4,373764,67.87
"like get head",4,373768,67.87
"like get involved",4,373772,67.87
"like get kicked",4,373776,67.88
"like get ready",4,373780,67.88
"like getting bed",4,373784,67.88
"like getting keys",4,373788,67.88
"like getting worse",4,373792,67.88
"like go buy",4,373796,67.88
"like go go",4,373800,67.88
"like go gym",4,373804,67.88
"like go hard",4,373808,67.88
"like go wrong",4,373812,67.88
"like going beach",4,373816,67.88
"like going big",4,373820,67.88
"like going class",4,373824,67.88
"like going last",4,373828,67.88
"like going need",4,373832,67.89
"like going start",4,373836,67.89
"like gonna like",4,373840,67.89
"like gonna make",4,373844,67.89
"like gonna throw",4,373848,67.89
"like good book",4,373852,67.89
"like good chance",4,373856,67.89
"like good food",4,373860,67.89
"like good friends",4,373864,67.89
"like good morning",4,373868,67.89
"like good person",4,373872,67.89
"like good reason",4,373876,67.89
"like good start",4,373880,67.89
"like good weekend",4,373884,67.89
"like good year",4,373888,67.9
"like gossip girl",4,373892,67.9
"like got beat",4,373896,67.9
"like got better",4,373900,67.9
"like got going",4,373904,67.9
"like got say",4,373908,67.9
"like got ur",4,373912,67.9
"like great deal",4,373916,67.9
"like great gig",4,373920,67.9
"like great line",4,373924,67.9
"like great meal",4,373928,67.9
"like great panel",4,373932,67.9
"like great program",4,373936,67.9
"like great resource",4,373940,67.91
"like great start",4,373944,67.91
"like great week",4,373948,67.91
"like grown men",4,373952,67.91
"like hand knows",4,373956,67.91
"like happy hour",4,373960,67.91
"like hard core",4,373964,67.91
"like harold miller",4,373968,67.91
"like having family",4,373972,67.91
"like having own",4,373976,67.91
"like head going",4,373980,67.91
"like hear say",4,373984,67.91
"like heaven right",4,373988,67.91
"like hey know",4,373992,67.91
"like hey like",4,373996,67.92
"like hit car",4,374000,67.92
"like hoe expect",4,374004,67.92
"like huge fan",4,374008,67.92
"like ill go",4,374012,67.92
"like interesting day",4,374016,67.92
"like interesting idea",4,374020,67.92
"like joe biden",4,374024,67.92
"like john mccain",4,374028,67.92
"like jonas brothers",4,374032,67.92
"like kind guy",4,374036,67.92
"like know anyone",4,374040,67.92
"like know go",4,374044,67.92
"like know life",4,374048,67.92
"like know love",4,374052,67.93
"like know need",4,374056,67.93
"like know people",4,374060,67.93
"like know real",4,374064,67.93
"like know think",4,374068,67.93
"like leave house",4,374072,67.93
"like leave wit",4,374076,67.93
"like like got",4,374080,67.93
"like like music",4,374084,67.93
"like like ok",4,374088,67.93
"like like think",4,374092,67.93
"like lion like",4,374096,67.93
"like listen music",4,374100,67.93
"like listening music",4,374104,67.93
"like lost puppy",4,374108,67.94
"like lot stuff",4,374112,67.94
"like love hear",4,374116,67.94
"like love justin",4,374120,67.94
"like make big",4,374124,67.94
"like make easy",4,374128,67.94
"like make wanna",4,374132,67.94
"like make want",4,374136,67.94
"like man don",4,374140,67.94
"like man last",4,374144,67.94
"like man love",4,374148,67.94
"like man stops",4,374152,67.94
"like man think",4,374156,67.94
"like merry christmas",4,374160,67.94
"like mike tyson",4,374164,67.95
"like min away",4,374168,67.95
"like mini vacation",4,374172,67.95
"like monday likes",4,374176,67.95
"like monday morning",4,374180,67.95
"like mother nature",4,374184,67.95
"like mr burns",4,374188,67.95
"like na na",4,374192,67.95
"like need give",4,374196,67.95
"like need head",4,374200,67.95
"like new orleans",4,374204,67.95
"like new songs",4,374208,67.95
"like new website",4,374212,67.95
"like new woman",4,374216,67.96
"like ok just",4,374220,67.96
"like opening night",4,374224,67.96
"like past weeks",4,374228,67.96
"like peas carrots",4,374232,67.96
"like people class",4,374236,67.96
"like people love",4,374240,67.96
"like people need",4,374244,67.96
"like people want",4,374248,67.96
"like queen attract",4,374252,67.96
"like queen like",4,374256,67.96
"like queen queen",4,374260,67.96
"like radio station",4,374264,67.96
"like rd time",4,374268,67.96
"like reading book",4,374272,67.97
"like reading tweets",4,374276,67.97
"like ready get",4,374280,67.97
"like real bad",4,374284,67.97
"like real friends",4,374288,67.97
"like real housewives",4,374292,67.97
"like real just",4,374296,67.97
"like real people",4,374300,67.97
"like real person",4,374304,67.97
"like really annoying",4,374308,67.97
"like really big",4,374312,67.97
"like really cares",4,374316,67.97
"like really fun",4,374320,67.97
"like really give",4,374324,67.97
"like really great",4,374328,67.98
"like really high",4,374332,67.98
"like really interesting",4,374336,67.98
"like really think",4,374340,67.98
"like resignation end",4,374344,67.98
"like right just",4,374348,67.98
"like right right",4,374352,67.98
"like road walking",4,374356,67.98
"like ronald mcdonald",4,374360,67.98
"like run like",4,374364,67.98
"like said bout",4,374368,67.98
"like said know",4,374372,67.98
"like said love",4,374376,67.98
"like said think",4,374380,67.98
"like saturday morning",4,374384,67.99
"like say best",4,374388,67.99
"like seconds ago",4,374392,67.99
"like send special",4,374396,67.99
"like short term",4,374400,67.99
"like sister like",4,374404,67.99
"like small town",4,374408,67.99
"like small world",4,374412,67.99
"like smell like",4,374416,67.99
"like smoke weed",4,374420,67.99
"like sour patch",4,374424,67.99
"like spending time",4,374428,67.99
"like spring finally",4,374432,67.99
"like spring today",4,374436,68
"like sun rise",4,374440,68
"like sunday night",4,374444,68
"like sure thing",4,374448,68
"like thank academy",4,374452,68
"like thank awesome",4,374456,68
"like thank giving",4,374460,68
"like thank kindness",4,374464,68
"like thank made",4,374468,68
"like theory think",4,374472,68
"like think good",4,374476,68
"like thinking big",4,374480,68
"like time put",4,374484,68
"like time time",4,374488,68
"like time watch",4,374492,68.01
"like took arrow",4,374496,68.01
"like totally different",4,374500,68.01
"like tree reputation",4,374504,68.01
"like twice week",4,374508,68.01
"like version better",4,374512,68.01
"like wait till",4,374516,68.01
"like wait tomorrow",4,374520,68.01
"like waiting forever",4,374524,68.01
"like waiting get",4,374528,68.01
"like waiting happen",4,374532,68.01
"like waiting rain",4,374536,68.01
"like walk remember",4,374540,68.01
"like walking rain",4,374544,68.01
"like want hear",4,374548,68.02
"like want like",4,374552,68.02
"like want make",4,374556,68.02
"like watching high",4,374560,68.02
"like way great",4,374564,68.02
"like way move",4,374568,68.02
"like way talk",4,374572,68.02
"like welcome newest",4,374576,68.02
"like wild animals",4,374580,68.02
"like winter finally",4,374584,68.02
"like women age",4,374588,68.02
"like women just",4,374592,68.02
"like women like",4,374596,68.02
"like years last",4,374600,68.02
"like years late",4,374604,68.03
"like years older",4,374608,68.03
"like yes yes",4,374612,68.03
"liked hunger games",4,374616,68.03
"liked put ring",4,374620,68.03
"likes facebook release",4,374624,68.03
"likes give away",4,374628,68.03
"likes leaves company",4,374632,68.03
"likes share page",4,374636,68.03
"lime sour cream",4,374640,68.03
"limit need followers",4,374644,68.03
"limit realization tomorrow",4,374648,68.03
"limited imagination world",4,374652,68.03
"limited ways feel",4,374656,68.04
"limited weekend search",4,374660,68.04
"limiting desires attempting",4,374664,68.04
"limits own field",4,374668,68.04
"line don think",4,374672,68.04
"line mirror pants",4,374676,68.04
"line sit lap",4,374680,68.04
"lines www com",4,374684,68.04
"lineup growing everyday",4,374688,68.04
"lineup growing sure",4,374692,68.04
"link just sent",4,374696,68.04
"lips smile trigger",4,374700,68.04
"lips speak words",4,374704,68.04
"list bottle service",4,374708,68.04
"list hunger games",4,374712,68.05
"list look forward",4,374716,68.05
"list wishes trend",4,374720,68.05
"listed www com",4,374724,68.05
"listen brand new",4,374728,68.05
"listen chris brown",4,374732,68.05
"listen don listen",4,374736,68.05
"listen fears knowing",4,374740,68.05
"listen feel like",4,374744,68.05
"listen heart left",4,374748,68.05
"listen jake kyle",4,374752,68.05
"listen live music",4,374756,68.05
"listen song lyrics",4,374760,68.05
"listening coast coast",4,374764,68.05
"listening lee watson",4,374768,68.06
"listening licensed ill",4,374772,68.06
"listening music day",4,374776,68.06
"listening music ipod",4,374780,68.06
"listening office today",4,374784,68.06
"listening preferred talk",4,374788,68.06
"listening red hot",4,374792,68.06
"listening super bass",4,374796,68.06
"listening white stripes",4,374800,68.06
"listening yr old",4,374804,68.06
"lists bakery best",4,374808,68.06
"literally feet away",4,374812,68.06
"literally screaming lungs",4,374816,68.06
"little alone time",4,374820,68.06
"little baby boy",4,374824,68.07
"little big band",4,374828,68.07
"little broken hearts",4,374832,68.07
"little cousin love",4,374836,68.07
"little girl named",4,374840,68.07
"little girl said",4,374844,68.07
"little hard last",4,374848,68.07
"little hip hop",4,374852,68.07
"little knees easier",4,374856,68.07
"little league games",4,374860,68.07
"little little anymore",4,374864,68.07
"little little little",4,374868,68.07
"little longer expected",4,374872,68.07
"little mile run",4,374876,68.07
"little miss sunshine",4,374880,68.08
"little old ladies",4,374884,68.08
"little ray sunshine",4,374888,68.08
"little road trip",4,374892,68.08
"little slice heaven",4,374896,68.08
"little things keep",4,374900,68.08
"little things mean",4,374904,68.08
"little things really",4,374908,68.08
"little time good",4,374912,68.08
"little time time",4,374916,68.08
"little truth just",4,374920,68.08
"little week ago",4,374924,68.08
"little white boy",4,374928,68.08
"live band playing",4,374932,68.09
"live best city",4,374936,68.09
"live brand new",4,374940,68.09
"live bread alone",4,374944,68.09
"live cam www",4,374948,68.09
"live classic rock",4,374952,68.09
"live come visit",4,374956,68.09
"live finding live",4,374960,68.09
"live glass houses",4,374964,68.09
"live jazz brunch",4,374968,68.09
"live jazz music",4,374972,68.09
"live just living",4,374976,68.09
"live let go",4,374980,68.09
"live life chains",4,374984,68.09
"live life good",4,374988,68.1
"live life let",4,374992,68.1
"live life look",4,374996,68.1
"live life moment",4,375000,68.1
"live life own",4,375004,68.1
"live life take",4,375008,68.1
"live life time",4,375012,68.1
"live long island",4,375016,68.1
"live longer realize",4,375020,68.1
"live longest happiest",4,375024,68.1
"live looks like",4,375028,68.1
"live mountain happiness",4,375032,68.1
"live music bring",4,375036,68.1
"live music gonna",4,375040,68.1
"live nyc chuck",4,375044,68.11
"live pay view",4,375048,68.11
"live personal values",4,375052,68.11
"live pm pm",4,375056,68.11
"live pm today",4,375060,68.11
"live rent free",4,375064,68.11
"live stay tuned",4,375068,68.11
"live streaming event",4,375072,68.11
"live tv right",4,375076,68.11
"live tweeting stay",4,375080,68.11
"live twitter feed",4,375084,68.11
"live van river",4,375088,68.11
"live want meet",4,375092,68.11
"lived life worthwhile",4,375096,68.11
"lived san antonio",4,375100,68.12
"lives cab bands",4,375104,68.12
"living get busy",4,375108,68.12
"living landmark choose",4,375112,68.12
"living right living",4,375116,68.12
"living room couch",4,375120,68.12
"living room just",4,375124,68.12
"living room watching",4,375128,68.12
"living takes fun",4,375132,68.12
"lo looks like",4,375136,68.12
"local comic book",4,375140,68.12
"local craft beer",4,375144,68.12
"local npr station",4,375148,68.12
"local small businesses",4,375152,68.13
"locally owned business",4,375156,68.13
"located los angeles",4,375160,68.13
"located th st",4,375164,68.13
"location based app",4,375168,68.13
"location based services",4,375172,68.13
"lonely eating spaghetti",4,375176,68.13
"long days long",4,375180,68.13
"long days short",4,375184,68.13
"long happening somebody",4,375188,68.13
"long happy happy",4,375192,68.13
"long hard look",4,375196,68.13
"long journey home",4,375200,68.13
"long last night",4,375204,68.13
"long lost brother",4,375208,68.14
"long lost sisters",4,375212,68.14
"long loud gate",4,375216,68.14
"long romantic walks",4,375220,68.14
"long shapes began",4,375224,68.14
"long sleeve tee",4,375228,68.14
"long suit lewis",4,375232,68.14
"long term acquire",4,375236,68.14
"long term commitment",4,375240,68.14
"long term goal",4,375244,68.14
"long wait get",4,375248,68.14
"long want want",4,375252,68.14
"long way away",4,375256,68.14
"long years short",4,375260,68.14
"longer get ready",4,375264,68.15
"longer left handed",4,375268,68.15
"longer mistake choice",4,375272,68.15
"longer realize time",4,375276,68.15
"longest bike ride",4,375280,68.15
"longest minutes life",4,375284,68.15
"longest weeks life",4,375288,68.15
"look adventure william",4,375292,68.15
"look anger forward",4,375296,68.15
"look approval consciousness",4,375300,68.15
"look best friend",4,375304,68.15
"look big picture",4,375308,68.15
"look don want",4,375312,68.15
"look eye say",4,375316,68.15
"look feel great",4,375320,68.16
"look fell slipped",4,375324,68.16
"look good anyone",4,375328,68.16
"look good got",4,375332,68.16
"look good picture",4,375336,68.16
"look good right",4,375340,68.16
"look good way",4,375344,68.16
"look healthy beautiful",4,375348,68.16
"look last night",4,375352,68.16
"look last year",4,375356,68.16
"look like adam",4,375360,68.16
"look like aliens",4,375364,68.16
"look like amazing",4,375368,68.16
"look like anyone",4,375372,68.17
"look like bag",4,375376,68.17
"look like best",4,375380,68.17
"look like boss",4,375384,68.17
"look like both",4,375388,68.17
"look like boyfriend",4,375392,68.17
"look like cat",4,375396,68.17
"look like chocolate",4,375400,68.17
"look like close",4,375404,68.17
"look like couple",4,375408,68.17
"look like cross",4,375412,68.17
"look like david",4,375416,68.17
"look like does",4,375420,68.17
"look like dude",4,375424,68.17
"look like eyes",4,375428,68.18
"look like free",4,375432,68.18
"look like ghost",4,375436,68.18
"look like home",4,375440,68.18
"look like john",4,375444,68.18
"look like kind",4,375448,68.18
"look like let",4,375452,68.18
"look like lost",4,375456,68.18
"look like martin",4,375460,68.18
"look like maybe",4,375464,68.18
"look like middle",4,375468,68.18
"look like might",4,375472,68.18
"look like mississippi",4,375476,68.18
"look like nail",4,375480,68.18
"look like night",4,375484,68.19
"look like run",4,375488,68.19
"look like set",4,375492,68.19
"look like smell",4,375496,68.19
"look like steve",4,375500,68.19
"look like thanks",4,375504,68.19
"look like things",4,375508,68.19
"look like tho",4,375512,68.19
"look like time",4,375516,68.19
"look like trash",4,375520,68.19
"look like twins",4,375524,68.19
"look like version",4,375528,68.19
"look like wanted",4,375532,68.19
"look like way",4,375536,68.19
"look like white",4,375540,68.2
"look pay attention",4,375544,68.2
"look people eyes",4,375548,68.2
"look rear view",4,375552,68.2
"look rich act",4,375556,68.2
"look right just",4,375560,68.2
"look ugly enjoy",4,375564,68.2
"looked face said",4,375568,68.2
"looked like bad",4,375572,68.2
"looked like did",4,375576,68.2
"looked like fun",4,375580,68.2
"looked like going",4,375584,68.2
"looked like good",4,375588,68.2
"looked like might",4,375592,68.21
"looked like needed",4,375596,68.21
"looked pretty today",4,375600,68.21
"looking answer question",4,375604,68.21
"looking better better",4,375608,68.21
"looking big things",4,375612,68.21
"looking buy home",4,375616,68.21
"looking buy new",4,375620,68.21
"looking computer screen",4,375624,68.21
"looking forward announcing",4,375628,68.21
"looking forward birthday",4,375632,68.21
"looking forward bring",4,375636,68.21
"looking forward business",4,375640,68.21
"looking forward celebrate",4,375644,68.21
"looking forward concert",4,375648,68.22
"looking forward dance",4,375652,68.22
"looking forward date",4,375656,68.22
"looking forward discussions",4,375660,68.22
"looking forward early",4,375664,68.22
"looking forward enjoy",4,375668,68.22
"looking forward enjoying",4,375672,68.22
"looking forward explaining",4,375676,68.22
"looking forward feeding",4,375680,68.22
"looking forward follow",4,375684,68.22
"looking forward got",4,375688,68.22
"looking forward guest",4,375692,68.22
"looking forward hoping",4,375696,68.22
"looking forward inspiration",4,375700,68.22
"looking forward journey",4,375704,68.23
"looking forward la",4,375708,68.23
"looking forward later",4,375712,68.23
"looking forward march",4,375716,68.23
"looking forward memories",4,375720,68.23
"looking forward months",4,375724,68.23
"looking forward nba",4,375728,68.23
"looking forward open",4,375732,68.23
"looking forward photos",4,375736,68.23
"looking forward plans",4,375740,68.23
"looking forward practicing",4,375744,68.23
"looking forward providing",4,375748,68.23
"looking forward results",4,375752,68.23
"looking forward sampling",4,375756,68.23
"looking forward second",4,375760,68.24
"looking forward setting",4,375764,68.24
"looking forward singing",4,375768,68.24
"looking forward sold",4,375772,68.24
"looking forward thanksgiving",4,375776,68.24
"looking forward traffic",4,375780,68.24
"looking forward tuesday",4,375784,68.24
"looking forward volunteering",4,375788,68.24
"looking forward webinar",4,375792,68.24
"looking forward wedding",4,375796,68.24
"looking fun place",4,375800,68.24
"looking good check",4,375804,68.24
"looking good great",4,375808,68.24
"looking good looking",4,375812,68.24
"looking good need",4,375816,68.25
"looking good people",4,375820,68.25
"looking good places",4,375824,68.25
"looking good read",4,375828,68.25
"looking hire people",4,375832,68.25
"looking hot mess",4,375836,68.25
"looking like bum",4,375840,68.25
"looking like gonna",4,375844,68.25
"looking like right",4,375848,68.25
"looking liked rolled",4,375852,68.25
"looking new career",4,375856,68.25
"looking new clients",4,375860,68.25
"looking new followers",4,375864,68.25
"looking new members",4,375868,68.26
"looking new opportunities",4,375872,68.26
"looking new team",4,375876,68.26
"looking old photos",4,375880,68.26
"looking opportunities help",4,375884,68.26
"looking personal trainer",4,375888,68.26
"looking pictures family",4,375892,68.26
"looking place live",4,375896,68.26
"looking www com",4,375900,68.26
"looks good does",4,375904,68.26
"looks good good",4,375908,68.26
"looks good look",4,375912,68.26
"looks good love",4,375916,68.26
"looks good think",4,375920,68.26
"looks good wait",4,375924,68.27
"looks great btw",4,375928,68.27
"looks great definitely",4,375932,68.27
"looks great good",4,375936,68.27
"looks great keep",4,375940,68.27
"looks great look",4,375944,68.27
"looks great new",4,375948,68.27
"looks like actually",4,375952,68.27
"looks like adam",4,375956,68.27
"looks like avatar",4,375960,68.27
"looks like ball",4,375964,68.27
"looks like bear",4,375968,68.27
"looks like best",4,375972,68.27
"looks like bit",4,375976,68.27
"looks like boy",4,375980,68.28
"looks like break",4,375984,68.28
"looks like brought",4,375988,68.28
"looks like candy",4,375992,68.28
"looks like car",4,375996,68.28
"looks like case",4,376000,68.28
"looks like class",4,376004,68.28
"looks like clown",4,376008,68.28
"looks like david",4,376012,68.28
"looks like doll",4,376016,68.28
"looks like exactly",4,376020,68.28
"looks like exciting",4,376024,68.28
"looks like fans",4,376028,68.28
"looks like far",4,376032,68.28
"looks like feels",4,376036,68.29
"looks like flying",4,376040,68.29
"looks like following",4,376044,68.29
"looks like gas",4,376048,68.29
"looks like golf",4,376052,68.29
"looks like happy",4,376056,68.29
"looks like haven",4,376060,68.29
"looks like hitting",4,376064,68.29
"looks like home",4,376068,68.29
"looks like jason",4,376072,68.29
"looks like jay",4,376076,68.29
"looks like left",4,376080,68.29
"looks like likes",4,376084,68.29
"looks like lion",4,376088,68.3
"looks like live",4,376092,68.3
"looks like looking",4,376096,68.3
"looks like mac",4,376100,68.3
"looks like missing",4,376104,68.3
"looks like months",4,376108,68.3
"looks like mother",4,376112,68.3
"looks like move",4,376116,68.3
"looks like must",4,376120,68.3
"looks like oil",4,376124,68.3
"looks like ok",4,376128,68.3
"looks like packers",4,376132,68.3
"looks like poor",4,376136,68.3
"looks like post",4,376140,68.3
"looks like prince",4,376144,68.31
"looks like pulled",4,376148,68.31
"looks like rat",4,376152,68.31
"looks like red",4,376156,68.31
"looks like san",4,376160,68.31
"looks like sister",4,376164,68.31
"looks like small",4,376168,68.31
"looks like smart",4,376172,68.31
"looks like solid",4,376176,68.31
"looks like start",4,376180,68.31
"looks like stay",4,376184,68.31
"looks like stellar",4,376188,68.31
"looks like steve",4,376192,68.31
"looks like store",4,376196,68.31
"looks like talk",4,376200,68.32
"looks like total",4,376204,68.32
"looks like true",4,376208,68.32
"looks like turning",4,376212,68.32
"looks like use",4,376216,68.32
"looks like used",4,376220,68.32
"looks like useful",4,376224,68.32
"looks like using",4,376228,68.32
"looks like vampire",4,376232,68.32
"looks like version",4,376236,68.32
"looks like wait",4,376240,68.32
"looks like weeks",4,376244,68.32
"looks like weird",4,376248,68.32
"looks like worst",4,376252,68.32
"looks like zombie",4,376256,68.33
"looks years younger",4,376260,68.33
"lord good mercy",4,376264,68.33
"lord good psalm",4,376268,68.33
"los angeles april",4,376272,68.33
"los angeles beautiful",4,376276,68.33
"los angeles city",4,376280,68.33
"los angeles day",4,376284,68.33
"los angeles happy",4,376288,68.33
"los angeles long",4,376292,68.33
"los angeles love",4,376296,68.33
"los angeles soon",4,376300,68.33
"los angeles vs",4,376304,68.33
"lose brain cells",4,376308,68.34
"lose control think",4,376312,68.34
"lose counts probably",4,376316,68.34
"lose excitement possibilities",4,376320,68.34
"lose forget live",4,376324,68.34
"lose game just",4,376328,68.34
"lose game season",4,376332,68.34
"lose health care",4,376336,68.34
"lose play game",4,376340,68.34
"lose true don",4,376344,68.34
"losers quit tired",4,376348,68.34
"loses interest students",4,376352,68.34
"losing enthusiasm winston",4,376356,68.34
"loss goals hollywood",4,376360,68.34
"loss thoughts prayers",4,376364,68.35
"lost dog alert",4,376368,68.35
"lost good game",4,376372,68.35
"lost internet connection",4,376376,68.35
"lost last years",4,376380,68.35
"lost lot respect",4,376384,68.35
"lost mood ring",4,376388,68.35
"lost try tomorrow",4,376392,68.35
"lost volleyball game",4,376396,68.35
"lost way words",4,376400,68.35
"lot don get",4,376404,68.35
"lot familiar faces",4,376408,68.35
"lot friends like",4,376412,68.35
"lot fun got",4,376416,68.35
"lot fun working",4,376420,68.36
"lot get done",4,376424,68.36
"lot just need",4,376428,68.36
"lot lately think",4,376432,68.36
"lot marketing return",4,376436,68.36
"lot mood easily",4,376440,68.36
"lot people coming",4,376444,68.36
"lot people following",4,376448,68.36
"lot people good",4,376452,68.36
"lot people know",4,376456,68.36
"lot people love",4,376460,68.36
"lot people seem",4,376464,68.36
"lot people thought",4,376468,68.36
"lot people world",4,376472,68.36
"lot real estate",4,376476,68.37
"lot really appreciate",4,376480,68.37
"lot smart people",4,376484,68.37
"lot stuff get",4,376488,68.37
"lot times people",4,376492,68.37
"lot white people",4,376496,68.37
"lots cool new",4,376500,68.37
"lots neat stuff",4,376504,68.37
"lots white people",4,376508,68.37
"lottery going buy",4,376512,68.37
"loud gate sure",4,376516,68.37
"loud hear say",4,376520,68.37
"loudly people don",4,376524,68.37
"louisville ohio state",4,376528,68.37
"lounge main st",4,376532,68.38
"love able work",4,376536,68.38
"love acting like",4,376540,68.38
"love afraid loved",4,376544,68.38
"love air hold",4,376548,68.38
"love america love",4,376552,68.38
"love anderson cooper",4,376556,68.38
"love apple products",4,376560,68.38
"love baby don",4,376564,68.38
"love baby sitting",4,376568,68.38
"love background photo",4,376572,68.38
"love bad girl",4,376576,68.38
"love baseball season",4,376580,68.38
"love bath body",4,376584,68.39
"love boo bear",4,376588,68.39
"love borrow just",4,376592,68.39
"love boys love",4,376596,68.39
"love breaks heart",4,376600,68.39
"love cause loves",4,376604,68.39
"love chocolate cake",4,376608,68.39
"love chocolate covered",4,376612,68.39
"love coffee shop",4,376616,68.39
"love difference person",4,376620,68.39
"love don go",4,376624,68.39
"love don live",4,376628,68.39
"love don run",4,376632,68.39
"love don tell",4,376636,68.39
"love don try",4,376640,68.4
"love eat food",4,376644,68.4
"love end marriage",4,376648,68.4
"love end story",4,376652,68.4
"love end time",4,376656,68.4
"love enjoy weekend",4,376660,68.4
"love expecting get",4,376664,68.4
"love finding live",4,376668,68.4
"love follow best",4,376672,68.4
"love follow make",4,376676,68.4
"love follow new",4,376680,68.4
"love following follow",4,376684,68.4
"love following twitter",4,376688,68.4
"love friendship set",4,376692,68.4
"love fun get",4,376696,68.41
"love fun tonight",4,376700,68.41
"love get followers",4,376704,68.41
"love get get",4,376708,68.41
"love get hurt",4,376712,68.41
"love get info",4,376716,68.41
"love get married",4,376720,68.41
"love get new",4,376724,68.41
"love girl boy",4,376728,68.41
"love girl need",4,376732,68.41
"love glad hear",4,376736,68.41
"love gonna make",4,376740,68.41
"love good beer",4,376744,68.41
"love good friends",4,376748,68.41
"love good like",4,376752,68.42
"love good storm",4,376756,68.42
"love good thing",4,376760,68.42
"love good time",4,376764,68.42
"love google today",4,376768,68.42
"love google voice",4,376772,68.42
"love gotta go",4,376776,68.42
"love gotta run",4,376780,68.42
"love great music",4,376784,68.42
"love great night",4,376788,68.42
"love great site",4,376792,68.42
"love great week",4,376796,68.42
"love green day",4,376800,68.42
"love green tea",4,376804,68.43
"love grocery shopping",4,376808,68.43
"love guest radio",4,376812,68.43
"love guys come",4,376816,68.43
"love guys did",4,376820,68.43
"love guys go",4,376824,68.43
"love guys gonna",4,376828,68.43
"love guys goodnight",4,376832,68.43
"love guys hope",4,376836,68.43
"love guys miss",4,376840,68.43
"love guys really",4,376844,68.43
"love guys want",4,376848,68.43
"love hate both",4,376852,68.43
"love hate hate",4,376856,68.43
"love haters gonna",4,376860,68.44
"love hear doing",4,376864,68.44
"love hear experience",4,376868,68.44
"love hear experiences",4,376872,68.44
"love hear goes",4,376876,68.44
"love hear going",4,376880,68.44
"love hear love",4,376884,68.44
"love hear plans",4,376888,68.44
"love hear thought",4,376892,68.44
"love hear trip",4,376896,68.44
"love hear ur",4,376900,68.44
"love hope awesome",4,376904,68.44
"love hope best",4,376908,68.44
"love hope doing",4,376912,68.44
"love hope feel",4,376916,68.45
"love hot weather",4,376920,68.45
"love hurts boys",4,376924,68.45
"love inspiration follow",4,376928,68.45
"love iphone app",4,376932,68.45
"love just listening",4,376936,68.45
"love just makes",4,376940,68.45
"love just making",4,376944,68.45
"love just put",4,376948,68.45
"love just sent",4,376952,68.45
"love just sitting",4,376956,68.45
"love just started",4,376960,68.45
"love just time",4,376964,68.45
"love just wanna",4,376968,68.45
"love kerry washington",4,376972,68.46
"love know care",4,376976,68.46
"love know got",4,376980,68.46
"love know like",4,376984,68.46
"love las vegas",4,376988,68.46
"love learn new",4,376992,68.46
"love leave alone",4,376996,68.46
"love life friends",4,377000,68.46
"love life miss",4,377004,68.46
"love like best",4,377008,68.46
"love like broken",4,377012,68.46
"love like butterfly",4,377016,68.46
"love like hold",4,377020,68.46
"love like little",4,377024,68.47
"love like loved",4,377028,68.47
"love like rubber",4,377032,68.47
"love like sister",4,377036,68.47
"love lost love",4,377040,68.47
"love lot fun",4,377044,68.47
"love lot like",4,377048,68.47
"love made smile",4,377052,68.47
"love make happiest",4,377056,68.47
"love make money",4,377060,68.47
"love maurice wild",4,377064,68.47
"love mean say",4,377068,68.47
"love miss hope",4,377072,68.47
"love miss life",4,377076,68.47
"love mommy love",4,377080,68.48
"love money root",4,377084,68.48
"love movie just",4,377088,68.48
"love music check",4,377092,68.48
"love music life",4,377096,68.48
"love must able",4,377100,68.48
"love nhl playoffs",4,377104,68.48
"love nice work",4,377108,68.48
"love night long",4,377112,68.48
"love old friend",4,377116,68.48
"love penny stocks",4,377120,68.48
"love people follow",4,377124,68.48
"love people know",4,377128,68.48
"love people lie",4,377132,68.48
"love people live",4,377136,68.49
"love people meet",4,377140,68.49
"love people try",4,377144,68.49
"love people watching",4,377148,68.49
"love perfect love",4,377152,68.49
"love person love",4,377156,68.49
"love pretty awesome",4,377160,68.49
"love pretty girl",4,377164,68.49
"love pretty great",4,377168,68.49
"love quotes including",4,377172,68.49
"love red velvet",4,377176,68.49
"love resolve make",4,377180,68.49
"love rolling deep",4,377184,68.49
"love second understanding",4,377188,68.49
"love seeing mom",4,377192,68.5
"love seeing posts",4,377196,68.5
"love seeing tweets",4,377200,68.5
"love send copy",4,377204,68.5
"love sing songs",4,377208,68.5
"love singing song",4,377212,68.5
"love sister brother",4,377216,68.5
"love social networking",4,377220,68.5
"love song beautiful",4,377224,68.5
"love song keep",4,377228,68.5
"love special nights",4,377232,68.5
"love special vacation",4,377236,68.5
"love spending day",4,377240,68.5
"love spring training",4,377244,68.5
"love stay celebrities",4,377248,68.51
"love stay news",4,377252,68.51
"love stay touch",4,377256,68.51
"love stop listening",4,377260,68.51
"love summer love",4,377264,68.51
"love sure make",4,377268,68.51
"love sure thing",4,377272,68.51
"love taking pictures",4,377276,68.51
"love thanks awesome",4,377280,68.51
"love thanks following",4,377284,68.51
"love thanks listening",4,377288,68.51
"love thanks making",4,377292,68.51
"love thy neighbor",4,377296,68.51
"love true blood",4,377300,68.52
"love true friends",4,377304,68.52
"love true time",4,377308,68.52
"love twitter like",4,377312,68.52
"love twitter people",4,377316,68.52
"love ur inspiration",4,377320,68.52
"love ur tweet",4,377324,68.52
"love watch leave",4,377328,68.52
"love watch people",4,377332,68.52
"love watching tv",4,377336,68.52
"love way get",4,377340,68.52
"love way help",4,377344,68.52
"love way look",4,377348,68.52
"love website great",4,377352,68.52
"love won hurt",4,377356,68.53
"love words say",4,377360,68.53
"love work get",4,377364,68.53
"love year form",4,377368,68.53
"loved dark shadows",4,377372,68.53
"loved loved spite",4,377376,68.53
"loved told loved",4,377380,68.53
"lovers remain friends",4,377384,68.53
"loves chance love",4,377388,68.53
"loves keep good",4,377392,68.53
"loves sweetheart wife",4,377396,68.53
"loving love giving",4,377400,68.53
"loving mild weather",4,377404,68.53
"loving spring weather",4,377408,68.53
"low blood sugar",4,377412,68.54
"low interest rates",4,377416,68.54
"low know ignore",4,377420,68.54
"low last night",4,377424,68.54
"lower space access",4,377428,68.54
"lower standards repeat",4,377432,68.54
"lowest people thought",4,377436,68.54
"loyal performing daily",4,377440,68.54
"luck bring home",4,377444,68.54
"luck cheer competition",4,377448,68.54
"luck flip phone",4,377452,68.54
"luck great time",4,377456,68.54
"luck hope make",4,377460,68.54
"luck irish today",4,377464,68.54
"luck just got",4,377468,68.55
"luck new adventure",4,377472,68.55
"luck rest finals",4,377476,68.55
"luck wishes tests",4,377480,68.55
"lucky wanted go",4,377484,68.55
"luis started dating",4,377488,68.55
"lunch date tomorrow",4,377492,68.55
"lunch missing key",4,377496,68.55
"lunch specials today",4,377500,68.55
"lunch today anyone",4,377504,68.55
"lunch today happy",4,377508,68.55
"lunch today tomorrow",4,377512,68.55
"lunch www com",4,377516,68.55
"lying bed asleep",4,377520,68.56
"mac cheese delicious",4,377524,68.56
"mac cheese dinner",4,377528,68.56
"machines take called",4,377532,68.56
"macy day parade",4,377536,68.56
"made bad choice",4,377540,68.56
"made bad decisions",4,377544,68.56
"made big difference",4,377548,68.56
"made champions made",4,377552,68.56
"made cookie dough",4,377556,68.56
"made day follow",4,377560,68.56
"made day hope",4,377564,68.56
"made day life",4,377568,68.56
"made day really",4,377572,68.56
"made day tweet",4,377576,68.57
"made factory brands",4,377580,68.57
"made fun liking",4,377584,68.57
"made guitar nice",4,377588,68.57
"made heaven earth",4,377592,68.57
"made high school",4,377596,68.57
"made huge mistake",4,377600,68.57
"made kale chips",4,377604,68.57
"made life complete",4,377608,68.57
"made life easier",4,377612,68.57
"made looking forward",4,377616,68.57
"made lot new",4,377620,68.57
"made lot sense",4,377624,68.57
"made milwaukee famous",4,377628,68.57
"made mistakes made",4,377632,68.58
"made morning thanks",4,377636,68.58
"made peanut butter",4,377640,68.58
"made perfect weakness",4,377644,68.58
"made plans go",4,377648,68.58
"made pleasure necessity",4,377652,68.58
"made real cheese",4,377656,68.58
"made realize miss",4,377660,68.58
"made really good",4,377664,68.58
"made sure got",4,377668,68.58
"made valentine day",4,377672,68.58
"made wise past",4,377676,68.58
"madison chamber commerce",4,377680,68.58
"madison senior center",4,377684,68.58
"magazine awards crystal",4,377688,68.59
"magic las vegas",4,377692,68.59
"magic summer tour",4,377696,68.59
"magic tree house",4,377700,68.59
"magical things happen",4,377704,68.59
"magnet creative seminar",4,377708,68.59
"magnolia blvd ca",4,377712,68.59
"main hope good",4,377716,68.59
"main library april",4,377720,68.59
"main library february",4,377724,68.59
"main library march",4,377728,68.59
"main library pm",4,377732,68.59
"major sporting events",4,377736,68.59
"major technical difficulties",4,377740,68.6
"make beautiful things",4,377744,68.6
"make better love",4,377748,68.6
"make better world",4,377752,68.6
"make breath count",4,377756,68.6
"make combination success",4,377760,68.6
"make day get",4,377764,68.6
"make day go",4,377768,68.6
"make day remember",4,377772,68.6
"make day seem",4,377776,68.6
"make day times",4,377780,68.6
"make day today",4,377784,68.6
"make day work",4,377788,68.6
"make difference just",4,377792,68.6
"make difference tom",4,377796,68.61
"make difference try",4,377800,68.61
"make dinner tonight",4,377804,68.61
"make east coast",4,377808,68.61
"make effort get",4,377812,68.61
"make extra effort",4,377816,68.61
"make fake account",4,377820,68.61
"make feel alright",4,377824,68.61
"make feel amazing",4,377828,68.61
"make feel awkward",4,377832,68.61
"make feel comfortable",4,377836,68.61
"make feel happy",4,377840,68.61
"make feel little",4,377844,68.61
"make feel nice",4,377848,68.61
"make feel worse",4,377852,68.62
"make forget things",4,377856,68.62
"make game better",4,377860,68.62
"make game go",4,377864,68.62
"make get home",4,377868,68.62
"make good story",4,377872,68.62
"make good thing",4,377876,68.62
"make good week",4,377880,68.62
"make great addition",4,377884,68.62
"make great business",4,377888,68.62
"make great gift",4,377892,68.62
"make great things",4,377896,68.62
"make great year",4,377900,68.62
"make hammer time",4,377904,68.62
"make happen gotta",4,377908,68.63
"make happen love",4,377912,68.63
"make happen michael",4,377916,68.63
"make happen real",4,377920,68.63
"make happen wayne",4,377924,68.63
"make happy doing",4,377928,68.63
"make happy get",4,377932,68.63
"make happy makes",4,377936,68.63
"make hate account",4,377940,68.63
"make heart melt",4,377944,68.63
"make history today",4,377948,68.63
"make house home",4,377952,68.63
"make huge impact",4,377956,68.63
"make hunger games",4,377960,68.64
"make job easier",4,377964,68.64
"make late work",4,377968,68.64
"make laugh cry",4,377972,68.64
"make laugh tell",4,377976,68.64
"make life follow",4,377980,68.64
"make life little",4,377984,68.64
"make long story",4,377988,68.64
"make long term",4,377992,68.64
"make look big",4,377996,68.64
"make look forward",4,378000,68.64
"make lost time",4,378004,68.64
"make meet level",4,378008,68.64
"make mom happy",4,378012,68.64
"make mom smile",4,378016,68.65
"make money home",4,378020,68.65
"make new connections",4,378024,68.65
"make official announcement",4,378028,68.65
"make own fun",4,378032,68.65
"make own path",4,378036,68.65
"make own rules",4,378040,68.65
"make own way",4,378044,68.65
"make past st",4,378048,68.65
"make perfect donuts",4,378052,68.65
"make perfect sense",4,378056,68.65
"make playoffs year",4,378060,68.65
"make point go",4,378064,68.65
"make primary focus",4,378068,68.65
"make rain like",4,378072,68.66
"make rain make",4,378076,68.66
"make real life",4,378080,68.66
"make really bad",4,378084,68.66
"make sense need",4,378088,68.66
"make sense sorry",4,378092,68.66
"make sense things",4,378096,68.66
"make sense use",4,378100,68.66
"make smile don",4,378104,68.66
"make smile like",4,378108,68.66
"make song cry",4,378112,68.66
"make super happy",4,378116,68.66
"make sure alive",4,378120,68.66
"make sure aware",4,378124,68.66
"make sure behave",4,378128,68.67
"make sure book",4,378132,68.67
"make sure brush",4,378136,68.67
"make sure checkout",4,378140,68.67
"make sure cop",4,378144,68.67
"make sure fact",4,378148,68.67
"make sure facts",4,378152,68.67
"make sure finished",4,378156,68.67
"make sure hang",4,378160,68.67
"make sure invite",4,378164,68.67
"make sure knew",4,378168,68.67
"make sure left",4,378172,68.67
"make sure listening",4,378176,68.67
"make sure lots",4,378180,68.67
"make sure old",4,378184,68.68
"make sure paper",4,378188,68.68
"make sure plenty",4,378192,68.68
"make sure profile",4,378196,68.68
"make sure room",4,378200,68.68
"make sure single",4,378204,68.68
"make sure stays",4,378208,68.68
"make sure students",4,378212,68.68
"make sure submit",4,378216,68.68
"make sure sure",4,378220,68.68
"make sure things",4,378224,68.68
"make sure think",4,378228,68.68
"make sure turn",4,378232,68.68
"make sure walk",4,378236,68.69
"make sure way",4,378240,68.69
"make sure won",4,378244,68.69
"make sure works",4,378248,68.69
"make talking phone",4,378252,68.69
"make th birthday",4,378256,68.69
"make tomorrow night",4,378260,68.69
"make ur mind",4,378264,68.69
"make valentine day",4,378268,68.69
"make valid point",4,378272,68.69
"make wait year",4,378276,68.69
"makes america great",4,378280,68.69
"makes angels gives",4,378284,68.69
"makes easier find",4,378288,68.69
"makes extraordinary miss",4,378292,68.7
"makes feel alive",4,378296,68.7
"makes feel awesome",4,378300,68.7
"makes feel awkward",4,378304,68.7
"makes feel best",4,378308,68.7
"makes feel home",4,378312,68.7
"makes feel important",4,378316,68.7
"makes feel lot",4,378320,68.7
"makes feel wanted",4,378324,68.7
"makes go away",4,378328,68.7
"makes happy cause",4,378332,68.7
"makes happy feel",4,378336,68.7
"makes happy just",4,378340,68.7
"makes heart sing",4,378344,68.7
"makes heart young",4,378348,68.71
"makes little bit",4,378352,68.71
"makes parent having",4,378356,68.71
"makes people afraid",4,378360,68.71
"makes people know",4,378364,68.71
"makes realize need",4,378368,68.71
"makes sense did",4,378372,68.71
"makes sense understand",4,378376,68.71
"makes things better",4,378380,68.71
"makes think change",4,378384,68.71
"makes think start",4,378388,68.71
"makes think summer",4,378392,68.71
"makes think things",4,378396,68.71
"makes want book",4,378400,68.71
"makes want come",4,378404,68.72
"makes want drive",4,378408,68.72
"makes want leave",4,378412,68.72
"makes want put",4,378416,68.72
"makes want relationship",4,378420,68.72
"makes want say",4,378424,68.72
"makes way sense",4,378428,68.72
"makeup thing says",4,378432,68.72
"making career music",4,378436,68.72
"making changes life",4,378440,68.72
"making difference life",4,378444,68.72
"making dreams reality",4,378448,68.72
"making french toast",4,378452,68.72
"making fried chicken",4,378456,68.73
"making happy right",4,378460,68.73
"making life miserable",4,378464,68.73
"making magic happen",4,378468,68.73
"making mental movies",4,378472,68.73
"making myself look",4,378476,68.73
"making people smile",4,378480,68.73
"making people think",4,378484,68.73
"making right choice",4,378488,68.73
"making sense civil",4,378492,68.73
"making snow angels",4,378496,68.73
"making work using",4,378500,68.73
"males jealous female",4,378504,68.73
"mall florida fans",4,378508,68.73
"mall mother day",4,378512,68.74
"mall parking lot",4,378516,68.74
"mama said knock",4,378520,68.74
"man bank rob",4,378524,68.74
"man becomes body",4,378528,68.74
"man better revenge",4,378532,68.74
"man determination tommy",4,378536,68.74
"man does happens",4,378540,68.74
"man drinking games",4,378544,68.74
"man glad dig",4,378548,68.74
"man glad liked",4,378552,68.74
"man gonna good",4,378556,68.74
"man gonna miss",4,378560,68.74
"man gotta go",4,378564,68.74
"man himself world",4,378568,68.75
"man just asked",4,378572,68.75
"man just don",4,378576,68.75
"man just feel",4,378580,68.75
"man just go",4,378584,68.75
"man just gotta",4,378588,68.75
"man just say",4,378592,68.75
"man just tried",4,378596,68.75
"man knows going",4,378600,68.75
"man knows himself",4,378604,68.75
"man last week",4,378608,68.75
"man life little",4,378612,68.75
"man likes leaves",4,378616,68.75
"man lonely eating",4,378620,68.75
"man love new",4,378624,68.76
"man loves sweetheart",4,378628,68.76
"man mountain begins",4,378632,68.76
"man must big",4,378636,68.76
"man nations rise",4,378640,68.76
"man nearly himself",4,378644,68.76
"man needs woman",4,378648,68.76
"man old man",4,378652,68.76
"man opens romance",4,378656,68.76
"man ordered lord",4,378660,68.76
"man people want",4,378664,68.76
"man planning future",4,378668,68.76
"man questions answers",4,378672,68.76
"man right woman",4,378676,68.77
"man seeks happiness",4,378680,68.77
"man sorry hear",4,378684,68.77
"man sounds like",4,378688,68.77
"man stop eating",4,378692,68.77
"man success gets",4,378696,68.77
"man think like",4,378700,68.77
"man trash man",4,378704,68.77
"man useless friend",4,378708,68.77
"man views world",4,378712,68.77
"man wants woman",4,378716,68.77
"man work hard",4,378720,68.77
"man world courage",4,378724,68.77
"man world woman",4,378728,68.77
"manage anger people",4,378732,68.78
"management consists making",4,378736,68.78
"management www com",4,378740,68.78
"managing social media",4,378744,68.78
"mango sticky rice",4,378748,68.78
"manning class act",4,378752,68.78
"manning super bowl",4,378756,68.78
"manufacturing facility contact",4,378760,68.78
"maps street view",4,378764,68.78
"marathon abc family",4,378768,68.78
"march pm pm",4,378772,68.78
"march th check",4,378776,68.78
"march th make",4,378780,68.78
"march th www",4,378784,68.78
"margaritas last night",4,378788,68.79
"marines real life",4,378792,68.79
"mario gets bouncing",4,378796,68.79
"mark dj nate",4,378800,68.79
"marketing committee meeting",4,378804,68.79
"marketing let know",4,378808,68.79
"marketing return customers",4,378812,68.79
"marks last day",4,378816,68.79
"marlins home run",4,378820,68.79
"marriage relationship man",4,378824,68.79
"marriages end divorce",4,378828,68.79
"married live happily",4,378832,68.79
"marry north carolina",4,378836,68.79
"mars just way",4,378840,68.79
"martin george zimmerman",4,378844,68.8
"mary mary wit",4,378848,68.8
"masters opening day",4,378852,68.8
"mat cardio classes",4,378856,68.8
"matt flynn matt",4,378860,68.8
"matt looking forward",4,378864,68.8
"matter accomplishments make",4,378868,68.8
"matter anyone thinks",4,378872,68.8
"matter bad day",4,378876,68.8
"matter building bridges",4,378880,68.8
"matter carefully choose",4,378884,68.8
"matter go take",4,378888,68.8
"matter good get",4,378892,68.8
"matter hard gets",4,378896,68.8
"matter luck ask",4,378900,68.81
"matter people think",4,378904,68.81
"matter smart heart",4,378908,68.81
"matter suffered soul",4,378912,68.81
"matter times get",4,378916,68.81
"matter times hear",4,378920,68.81
"matter win lose",4,378924,68.81
"matters anything fun",4,378928,68.81
"matters win lose",4,378932,68.81
"maximum months love",4,378936,68.81
"maybe come brandon",4,378940,68.81
"maybe don think",4,378944,68.81
"maybe give try",4,378948,68.81
"maybe good luck",4,378952,68.82
"maybe happens tornado",4,378956,68.82
"maybe ill get",4,378960,68.82
"maybe ill just",4,378964,68.82
"maybe just follow",4,378968,68.82
"maybe just got",4,378972,68.82
"maybe just keep",4,378976,68.82
"maybe just love",4,378980,68.82
"maybe just old",4,378984,68.82
"maybe just sleep",4,378988,68.82
"maybe just thinking",4,378992,68.82
"maybe just try",4,378996,68.82
"maybe just wait",4,379000,68.82
"maybe let go",4,379004,68.82
"maybe small took",4,379008,68.83
"maybe someday work",4,379012,68.83
"maybe sounds like",4,379016,68.83
"maybe tomorrow night",4,379020,68.83
"maybe won go",4,379024,68.83
"mayor new york",4,379028,68.83
"mc hammer pants",4,379032,68.83
"md film fest",4,379036,68.83
"mean life perfect",4,379040,68.83
"mean looks like",4,379044,68.83
"mean people don",4,379048,68.83
"mean people happiness",4,379052,68.83
"mean people think",4,379056,68.83
"mean way possible",4,379060,68.83
"means get play",4,379064,68.84
"means lot just",4,379068,68.84
"means lot know",4,379072,68.84
"means lot people",4,379076,68.84
"means love girl",4,379080,68.84
"means think wake",4,379084,68.84
"means think work",4,379088,68.84
"meant fall love",4,379092,68.84
"meant reached serves",4,379096,68.84
"measured accomplish opposition",4,379100,68.84
"mechanical man opens",4,379104,68.84
"med fries drink",4,379108,68.84
"media boot camp",4,379112,68.84
"media consultants nd",4,379116,68.84
"media listening command",4,379120,68.85
"media resources missed",4,379124,68.85
"media www com",4,379128,68.85
"medical center today",4,379132,68.85
"medical college wisconsin",4,379136,68.85
"medicare social security",4,379140,68.85
"medicine medicine food",4,379144,68.85
"meditation rev david",4,379148,68.85
"medium soft drink",4,379152,68.85
"meet come new",4,379156,68.85
"meet florida bc",4,379160,68.85
"meet greet event",4,379164,68.85
"meet greet last",4,379168,68.85
"meet greet new",4,379172,68.86
"meet greet pass",4,379176,68.86
"meet greet passes",4,379180,68.86
"meet greet tomorrow",4,379184,68.86
"meet greet tonight",4,379188,68.86
"meet hope soon",4,379192,68.86
"meet let keep",4,379196,68.86
"meet like minded",4,379200,68.86
"meet nick jonas",4,379204,68.86
"meeting good luck",4,379208,68.86
"meeting guys yesterday",4,379212,68.86
"meeting hope make",4,379216,68.86
"meeting morning great",4,379220,68.86
"meeting oct pm",4,379224,68.86
"meeting person today",4,379228,68.87
"meeting pm tonight",4,379232,68.87
"meeting safe travels",4,379236,68.87
"meeting today awesome",4,379240,68.87
"meeting today discuss",4,379244,68.87
"meeting week looking",4,379248,68.87
"meeting yesterday hope",4,379252,68.87
"meeting yesterday let",4,379256,68.87
"member alpha alpha",4,379260,68.87
"members facebook group",4,379264,68.87
"memorial day coming",4,379268,68.87
"memories years ago",4,379272,68.87
"memory bad bad",4,379276,68.87
"memphis commercial appeal",4,379280,68.87
"memphis music monday",4,379284,68.88
"men basketball game",4,379288,68.88
"men beer horses",4,379292,68.88
"men don think",4,379296,68.88
"men dream things",4,379300,68.88
"men golf team",4,379304,68.88
"men ice hockey",4,379308,68.88
"men like like",4,379312,68.88
"men men great",4,379316,68.88
"men national team",4,379320,68.88
"men old seek",4,379324,68.88
"men women men",4,379328,68.88
"men women military",4,379332,68.88
"mental movies perfect",4,379336,68.88
"mental spiritual effectively",4,379340,68.89
"mention greatly appreciated",4,379344,68.89
"mention hope doing",4,379348,68.89
"mentions guys rock",4,379352,68.89
"mercedes fashion week",4,379356,68.89
"merely illusion albeit",4,379360,68.89
"merry xmas happy",4,379364,68.89
"mesa historical museum",4,379368,68.89
"mess friend secretly",4,379372,68.89
"mess moody get",4,379376,68.89
"message looking forward",4,379380,68.89
"message looks like",4,379384,68.89
"message wrong person",4,379388,68.89
"messages make smile",4,379392,68.9
"met best friends",4,379396,68.9
"met best people",4,379400,68.9
"met get chance",4,379404,68.9
"met great group",4,379408,68.9
"met last month",4,379412,68.9
"met ton great",4,379416,68.9
"met worth thinking",4,379420,68.9
"metal give listen",4,379424,68.9
"metro center today",4,379428,68.9
"miami chamber commerce",4,379432,68.9
"miami charges including",4,379436,68.9
"michael jackson did",4,379440,68.9
"michael jackson doctor",4,379444,68.9
"michael jackson hero",4,379448,68.91
"michael jackson songs",4,379452,68.91
"michael jackson tour",4,379456,68.91
"michigan state ohio",4,379460,68.91
"mickey mouse club",4,379464,68.91
"mid north winds",4,379468,68.91
"mid season form",4,379472,68.91
"middle own sentence",4,379476,68.91
"middle school children",4,379480,68.91
"middle school dance",4,379484,68.91
"middle school drama",4,379488,68.91
"middle school game",4,379492,68.91
"middle school marching",4,379496,68.91
"midnight last night",4,379500,68.91
"midnight paris woody",4,379504,68.92
"midnight tonight get",4,379508,68.92
"might change life",4,379512,68.92
"might favorite day",4,379516,68.92
"might find get",4,379520,68.92
"might get better",4,379524,68.92
"might get cut",4,379528,68.92
"might get extra",4,379532,68.92
"might get lonely",4,379536,68.92
"might get loud",4,379540,68.92
"might get tomorrow",4,379544,68.92
"might get ugly",4,379548,68.92
"might go check",4,379552,68.92
"might go later",4,379556,68.92
"might just come",4,379560,68.93
"might just like",4,379564,68.93
"might just little",4,379568,68.93
"might just looking",4,379572,68.93
"might just send",4,379576,68.93
"might little biased",4,379580,68.93
"might look different",4,379584,68.93
"might wanna get",4,379588,68.93
"mike mike right",4,379592,68.93
"mile trail run",4,379596,68.93
"miles davis class",4,379600,68.93
"miles go sleep",4,379604,68.93
"milk chocolate peanut",4,379608,68.93
"milk come nose",4,379612,68.94
"million feelings thousand",4,379616,68.94
"million followers day",4,379620,68.94
"million followers twitter",4,379624,68.94
"million millions jackpot",4,379628,68.94
"million temple run",4,379632,68.94
"million things run",4,379636,68.94
"million views hours",4,379640,68.94
"million views youtube",4,379644,68.94
"million youtube views",4,379648,68.94
"millions people love",4,379652,68.94
"milwaukee model club",4,379656,68.94
"min power nap",4,379660,68.94
"mind blowing good",4,379664,68.94
"mind don care",4,379668,68.95
"mind extraordinary life",4,379672,68.95
"mind following love",4,379676,68.95
"mind following mean",4,379680,68.95
"mind following new",4,379684,68.95
"mind go sleep",4,379688,68.95
"mind heart soul",4,379692,68.95
"mind powerful thing",4,379696,68.95
"mind remind bad",4,379700,68.95
"mind transformed wrong",4,379704,68.95
"minnesota history center",4,379708,68.95
"minor league baseball",4,379712,68.95
"minor league game",4,379716,68.95
"minus days till",4,379720,68.95
"minute blue magic",4,379724,68.96
"minute feels like",4,379728,68.96
"minute get done",4,379732,68.96
"minute gotta get",4,379736,68.96
"minute hour day",4,379740,68.96
"minute valentine day",4,379744,68.96
"minutes get work",4,379748,68.96
"minutes happy hour",4,379752,68.96
"minutes mph moderate",4,379756,68.96
"minutes opens door",4,379760,68.96
"minutes www com",4,379764,68.96
"miranda coming germany",4,379768,68.96
"mirror pants myself",4,379772,68.96
"miss big head",4,379776,68.96
"miss big time",4,379780,68.97
"miss cared dressed",4,379784,68.97
"miss cindy scott",4,379788,68.97
"miss couple weeks",4,379792,68.97
"miss entire season",4,379796,68.97
"miss fault gone",4,379800,68.97
"miss game tonight",4,379804,68.97
"miss going fast",4,379808,68.97
"miss good music",4,379812,68.97
"miss guys doing",4,379816,68.97
"miss guys love",4,379820,68.97
"miss guys miss",4,379824,68.97
"miss guys tell",4,379828,68.97
"miss guys wait",4,379832,68.97
"miss guys wish",4,379836,68.98
"miss home soon",4,379840,68.98
"miss information save",4,379844,68.98
"miss kathy today",4,379848,68.98
"miss let make",4,379852,68.98
"miss lets hang",4,379856,68.98
"miss man hope",4,379860,68.98
"miss manhattan beach",4,379864,68.98
"miss new mexico",4,379868,68.98
"miss opportunity tell",4,379872,68.98
"miss sense going",4,379876,68.98
"miss tonight pm",4,379880,68.98
"miss twitter friends",4,379884,68.98
"missed day work",4,379888,68.99
"missed did get",4,379892,68.99
"missed did go",4,379896,68.99
"missed today hope",4,379900,68.99
"missed wide open",4,379904,68.99
"missing san diego",4,379908,68.99
"missing texts worst",4,379912,68.99
"missing try thinking",4,379916,68.99
"mission new montgomery",4,379920,68.99
"mistake learn anything",4,379924,68.99
"mistakes busy denying",4,379928,68.99
"mitt romney best",4,379932,68.99
"mitt romney campaign",4,379936,68.99
"mix diet coke",4,379940,68.99
"mixed baby greens",4,379944,69
"mixed drink shot",4,379948,69
"mixing available email",4,379952,69
"mm near anderson",4,379956,69
"mm vehicle use",4,379960,69
"mo heard songs",4,379964,69
"mo known talent",4,379968,69
"mobile guide app",4,379972,69
"mobile interpretation social",4,379976,69
"mobile learning experience",4,379980,69
"mobile phone users",4,379984,69
"mobile web apps",4,379988,69
"model personality example",4,379992,69
"models don expect",4,379996,69
"models work send",4,380000,69.01
"moderate cycling biking",4,380004,69.01
"mom called said",4,380008,69.01
"mom did great",4,380012,69.01
"mom faces make",4,380016,69.01
"mom gonna make",4,380020,69.01
"mom just gave",4,380024,69.01
"mom let stay",4,380028,69.01
"mom lets go",4,380032,69.01
"mom play character",4,380036,69.01
"mom want go",4,380040,69.01
"mom want take",4,380044,69.01
"mom won take",4,380048,69.01
"moment anger escape",4,380052,69.01
"moment busy day",4,380056,69.02
"moment comment facebook",4,380060,69.02
"moment don care",4,380064,69.02
"moment feel free",4,380068,69.02
"moment gps tells",4,380072,69.02
"moment just want",4,380076,69.02
"moment look phone",4,380080,69.02
"moment shout wrong",4,380084,69.02
"moment slow walker",4,380088,69.02
"moment think waving",4,380092,69.02
"moment walk bathroom",4,380096,69.02
"moments like make",4,380100,69.02
"moments live succeed",4,380104,69.02
"moments made small",4,380108,69.03
"mommy mother day",4,380112,69.03
"moms soon moms",4,380116,69.03
"mon tues wed",4,380120,69.03
"mon wed pm",4,380124,69.03
"monday did anyone",4,380128,69.03
"monday friday saturday",4,380132,69.03
"monday hope having",4,380136,69.03
"monday hope week",4,380140,69.03
"monday hope wonderful",4,380144,69.03
"monday last day",4,380148,69.03
"monday let make",4,380152,69.03
"monday morning going",4,380156,69.03
"monday morning meeting",4,380160,69.03
"monday night service",4,380164,69.04
"monday rise grind",4,380168,69.04
"monday san diego",4,380172,69.04
"monday use code",4,380176,69.04
"mondays tuesday ignore",4,380180,69.04
"money banana stand",4,380184,69.04
"money hold light",4,380188,69.04
"money love money",4,380192,69.04
"money need money",4,380196,69.04
"money non profit",4,380200,69.04
"money number longer",4,380204,69.04
"money oil water",4,380208,69.04
"money strangers funny",4,380212,69.04
"monitor injury accident",4,380216,69.04
"monitoring social media",4,380220,69.05
"monster monster truck",4,380224,69.05
"monsters vs aliens",4,380228,69.05
"month let get",4,380232,69.05
"month long com",4,380236,69.05
"month martin live",4,380240,69.05
"month using odd",4,380244,69.05
"months ago great",4,380248,69.05
"months ago need",4,380252,69.05
"months ago think",4,380256,69.05
"months ago thought",4,380260,69.05
"months building portfolio",4,380264,69.05
"months later says",4,380268,69.05
"mood easily affect",4,380272,69.05
"mood just want",4,380276,69.06
"moody get hard",4,380280,69.06
"moon hits eye",4,380284,69.06
"morgan state university",4,380288,69.06
"morning bay area",4,380292,69.06
"morning born today",4,380296,69.06
"morning did know",4,380300,69.06
"morning early today",4,380304,69.06
"morning earth says",4,380308,69.06
"morning go get",4,380312,69.06
"morning go work",4,380316,69.06
"morning good evening",4,380320,69.06
"morning good way",4,380324,69.06
"morning happy day",4,380328,69.07
"morning hope enjoying",4,380332,69.07
"morning let start",4,380336,69.07
"morning looked like",4,380340,69.07
"morning lovely people",4,380344,69.07
"morning need coffee",4,380348,69.07
"morning peeps happy",4,380352,69.07
"morning services sunday",4,380356,69.07
"morning smells like",4,380360,69.07
"morning text mean",4,380364,69.07
"morning torn improve",4,380368,69.07
"morning twitter let",4,380372,69.07
"morning wake bake",4,380376,69.07
"morning wanna go",4,380380,69.07
"morning world good",4,380384,69.08
"morning world let",4,380388,69.08
"morning world wishing",4,380392,69.08
"morning www com",4,380396,69.08
"mother happy birthday",4,380400,69.08
"mother heart child",4,380404,69.08
"mother law just",4,380408,69.08
"mothers enjoy day",4,380412,69.08
"motion eyes closed",4,380416,69.08
"motivate essential really",4,380420,69.08
"motivation way keep",4,380424,69.08
"mountain happiness growth",4,380428,69.08
"mountain sir hillary",4,380432,69.08
"mouth easily falls",4,380436,69.08
"mouth extremely beautiful",4,380440,69.09
"mouth quiet cause",4,380444,69.09
"move present circumstances",4,380448,69.09
"move silence like",4,380452,69.09
"move www com",4,380456,69.09
"moved new house",4,380460,69.09
"moved san diego",4,380464,69.09
"moved weeks ago",4,380468,69.09
"movie feel like",4,380472,69.09
"movie iron man",4,380476,69.09
"movie just like",4,380480,69.09
"movie just watched",4,380484,69.09
"movie looks awesome",4,380488,69.09
"movie looks good",4,380492,69.09
"movie love movie",4,380496,69.1
"movie sound track",4,380500,69.1
"movie sounds like",4,380504,69.1
"movie tell survived",4,380508,69.1
"movies opening week",4,380512,69.1
"movies rest night",4,380516,69.1
"movies seen awhile",4,380520,69.1
"mp email address",4,380524,69.1
"mp frank tony",4,380528,69.1
"mph gary fisher",4,380532,69.1
"mph moderate cycling",4,380536,69.1
"mph pressure mb",4,380540,69.1
"mrs christopher lemon",4,380544,69.1
"mrs tom thumb",4,380548,69.1
"ms hope great",4,380552,69.11
"ms telephone fake",4,380556,69.11
"ms whitney houston",4,380560,69.11
"mt pm et",4,380564,69.11
"mtv real world",4,380568,69.11
"mtv video music",4,380572,69.11
"mtv world stage",4,380576,69.11
"muffin cap blue",4,380580,69.11
"multiple choice questions",4,380584,69.11
"multiple social media",4,380588,69.11
"multiple streams income",4,380592,69.11
"muscles takes muscles",4,380596,69.11
"museum old town",4,380600,69.11
"museum wildlife sanctuary",4,380604,69.12
"music business class",4,380608,69.12
"music don think",4,380612,69.12
"music ears eyes",4,380616,69.12
"music fans world",4,380620,69.12
"music get chance",4,380624,69.12
"music message email",4,380628,69.12
"music new album",4,380632,69.12
"music soon excited",4,380636,69.12
"music stuck head",4,380640,69.12
"music video band",4,380644,69.12
"music video drops",4,380648,69.12
"music video follow",4,380652,69.12
"music video gonna",4,380656,69.12
"music video got",4,380660,69.13
"music video making",4,380664,69.13
"music video new",4,380668,69.13
"music video saturday",4,380672,69.13
"music video soon",4,380676,69.13
"music way life",4,380680,69.13
"musician best friend",4,380684,69.13
"musician favorites today",4,380688,69.13
"musician touring northeast",4,380692,69.13
"musicians cruise ships",4,380696,69.13
"musicians free welcome",4,380700,69.13
"musicians listen try",4,380704,69.13
"musicians live music",4,380708,69.13
"must able say",4,380712,69.13
"must climb tree",4,380716,69.14
"must country wide",4,380720,69.14
"must dream act",4,380724,69.14
"must edit must",4,380728,69.14
"must find place",4,380732,69.14
"must good luck",4,380736,69.14
"must keep going",4,380740,69.14
"must observe marilyn",4,380744,69.14
"must wait till",4,380748,69.14
"myself don want",4,380752,69.14
"myself fall love",4,380756,69.14
"myself go sleep",4,380760,69.14
"myself just ordinary",4,380764,69.14
"mysteries disappear life",4,380768,69.14
"nails chalk board",4,380772,69.15
"named idea exist",4,380776,69.15
"named offensive player",4,380780,69.15
"names current subject",4,380784,69.15
"names numbers contacts",4,380788,69.15
"nap felt good",4,380792,69.15
"narrow mark twain",4,380796,69.15
"nashville academy rock",4,380800,69.15
"nashville last night",4,380804,69.15
"nashville tn tonight",4,380808,69.15
"nate friendly health",4,380812,69.15
"national cheesecake day",4,380816,69.15
"national chip dip",4,380820,69.15
"national hispanic cultural",4,380824,69.16
"national ipa day",4,380828,69.16
"national metal day",4,380832,69.16
"national ms society",4,380836,69.16
"national subway day",4,380840,69.16
"nations rise fall",4,380844,69.16
"nationwide www com",4,380848,69.16
"natural history museums",4,380852,69.16
"natural man made",4,380856,69.16
"natural order samuel",4,380860,69.16
"natural vegan skin",4,380864,69.16
"nature gives women",4,380868,69.16
"navy air force",4,380872,69.16
"nba draft lottery",4,380876,69.16
"nc voters approve",4,380880,69.17
"ncaa east regional",4,380884,69.17
"ncaa march madness",4,380888,69.17
"ncaa national championship",4,380892,69.17
"nd abc watch",4,380896,69.17
"nd best player",4,380900,69.17
"nd floor pm",4,380904,69.17
"nd lets go",4,380908,69.17
"nd st jazz",4,380912,69.17
"near anderson use",4,380916,69.17
"near fish road",4,380920,69.17
"nearly himself child",4,380924,69.17
"necessity mother invention",4,380928,69.17
"neck pillows small",4,380932,69.17
"need acquire new",4,380936,69.18
"need anyone need",4,380940,69.18
"need bail money",4,380944,69.18
"need bloggers interested",4,380948,69.18
"need boyfriend like",4,380952,69.18
"need complete need",4,380956,69.18
"need different know",4,380960,69.18
"need distance people",4,380964,69.18
"need don care",4,380968,69.18
"need far away",4,380972,69.18
"need feel free",4,380976,69.18
"need find go",4,380980,69.18
"need follower ask",4,380984,69.18
"need followers followers",4,380988,69.18
"need followers love",4,380992,69.19
"need followers need",4,380996,69.19
"need followers thanks",4,381000,69.19
"need followers tweet",4,381004,69.19
"need followers twitter",4,381008,69.19
"need foot massage",4,381012,69.19
"need fun weekend",4,381016,69.19
"need ginger ale",4,381020,69.19
"need go asap",4,381024,69.19
"need go bathroom",4,381028,69.19
"need go diet",4,381032,69.19
"need go game",4,381036,69.19
"need go outside",4,381040,69.19
"need go pick",4,381044,69.2
"need go take",4,381048,69.2
"need go tonight",4,381052,69.2
"need go visit",4,381056,69.2
"need got need",4,381060,69.2
"need grab beer",4,381064,69.2
"need heavenly eyes",4,381068,69.2
"need inspiration check",4,381072,69.2
"need jane howard",4,381076,69.2
"need know anything",4,381080,69.2
"need know asap",4,381084,69.2
"need know care",4,381088,69.2
"need know like",4,381092,69.2
"need know things",4,381096,69.2
"need know time",4,381100,69.21
"need laugh need",4,381104,69.21
"need make appointment",4,381108,69.21
"need make big",4,381112,69.21
"need make effort",4,381116,69.21
"need make friends",4,381120,69.21
"need make mind",4,381124,69.21
"need make things",4,381128,69.21
"need make visit",4,381132,69.21
"need make weekend",4,381136,69.21
"need must get",4,381140,69.21
"need open eyes",4,381144,69.21
"need own car",4,381148,69.21
"need own place",4,381152,69.21
"need plan lunch",4,381156,69.22
"need real food",4,381160,69.22
"need send email",4,381164,69.22
"need shower get",4,381168,69.22
"need sleep don",4,381172,69.22
"need sleep night",4,381176,69.22
"need sleep tomorrow",4,381180,69.22
"need social network",4,381184,69.22
"need somebody text",4,381188,69.22
"need spend day",4,381192,69.22
"need start acting",4,381196,69.22
"need start blog",4,381200,69.22
"need start coming",4,381204,69.22
"need start hitting",4,381208,69.22
"need start saving",4,381212,69.23
"need start thinking",4,381216,69.23
"need stop fighting",4,381220,69.23
"need stop listening",4,381224,69.23
"need stop looking",4,381228,69.23
"need stop smoking",4,381232,69.23
"need take page",4,381236,69.23
"need take sleep",4,381240,69.23
"need take stand",4,381244,69.23
"need talk going",4,381248,69.23
"need talk got",4,381252,69.23
"need talk stay",4,381256,69.23
"need text tweet",4,381260,69.23
"need things need",4,381264,69.24
"need tommy john",4,381268,69.24
"need twitter best",4,381272,69.24
"need twitter just",4,381276,69.24
"need video game",4,381280,69.24
"need write blog",4,381284,69.24
"needed hear today",4,381288,69.24
"needs believe believe",4,381292,69.24
"needs better way",4,381296,69.24
"needs get house",4,381300,69.24
"needs get work",4,381304,69.24
"needs hurry come",4,381308,69.24
"needs learn whisper",4,381312,69.24
"needs own twitter",4,381316,69.24
"needs take seat",4,381320,69.25
"needs volunteer help",4,381324,69.25
"needs words delivered",4,381328,69.25
"needs work done",4,381332,69.25
"negative self talk",4,381336,69.25
"neighbor shoulder pat",4,381340,69.25
"neighbor susan seeks",4,381344,69.25
"neighborhoods real estate",4,381348,69.25
"neighbors blasting music",4,381352,69.25
"nerd high school",4,381356,69.25
"nervous feeling get",4,381360,69.25
"net artists lot",4,381364,69.25
"network last night",4,381368,69.25
"network non profit",4,381372,69.25
"network social media",4,381376,69.26
"network sponsors interested",4,381380,69.26
"network sponsors sure",4,381384,69.26
"network tribe family",4,381388,69.26
"networking happy hour",4,381392,69.26
"networking www com",4,381396,69.26
"networks follow follow",4,381400,69.26
"nevada pale ale",4,381404,69.26
"new andrew bird",4,381408,69.26
"new android phone",4,381412,69.26
"new artistic director",4,381416,69.26
"new artists poised",4,381420,69.26
"new artists working",4,381424,69.26
"new background twitter",4,381428,69.26
"new beginning new",4,381432,69.27
"new blu ray",4,381436,69.27
"new book going",4,381440,69.27
"new book love",4,381444,69.27
"new book reading",4,381448,69.27
"new bridges ballet",4,381452,69.27
"new celebrity crush",4,381456,69.27
"new changes coming",4,381460,69.27
"new co worker",4,381464,69.27
"new company website",4,381468,69.27
"new dance group",4,381472,69.27
"new dance move",4,381476,69.27
"new day comes",4,381480,69.27
"new day get",4,381484,69.27
"new day mistakes",4,381488,69.28
"new design coming",4,381492,69.28
"new designs soon",4,381496,69.28
"new digital media",4,381500,69.28
"new england state",4,381504,69.28
"new england weather",4,381508,69.28
"new expo line",4,381512,69.28
"new fans followers",4,381516,69.28
"new favorite blog",4,381520,69.28
"new favorite number",4,381524,69.28
"new favorite quote",4,381528,69.28
"new favorite shows",4,381532,69.28
"new favorite store",4,381536,69.28
"new follower friend",4,381540,69.29
"new friday night",4,381544,69.29
"new friends following",4,381548,69.29
"new friends great",4,381552,69.29
"new friends old",4,381556,69.29
"new furniture new",4,381560,69.29
"new gently used",4,381564,69.29
"new goal life",4,381568,69.29
"new guilty pleasure",4,381572,69.29
"new haters old",4,381576,69.29
"new haven ct",4,381580,69.29
"new hitting coach",4,381584,69.29
"new hope metro",4,381588,69.29
"new items menu",4,381592,69.29
"new jack swing",4,381596,69.3
"new jersey drive",4,381600,69.3
"new jersey got",4,381604,69.3
"new job just",4,381608,69.3
"new job miss",4,381612,69.3
"new job need",4,381616,69.3
"new job th",4,381620,69.3
"new jobs numbers",4,381624,69.3
"new laser light",4,381628,69.3
"new last year",4,381632,69.3
"new live play",4,381636,69.3
"new make sure",4,381640,69.3
"new marlins park",4,381644,69.3
"new material coming",4,381648,69.3
"new music going",4,381652,69.31
"new music industry",4,381656,69.31
"new music monday",4,381660,69.31
"new music music",4,381664,69.31
"new music phone",4,381668,69.31
"new music wait",4,381672,69.31
"new music weekend",4,381676,69.31
"new music www",4,381680,69.31
"new nike jerseys",4,381684,69.31
"new online auction",4,381688,69.31
"new online learning",4,381692,69.31
"new orleans excited",4,381696,69.31
"new orleans great",4,381700,69.31
"new orleans just",4,381704,69.31
"new orleans last",4,381708,69.32
"new ot rules",4,381712,69.32
"new peanut butter",4,381716,69.32
"new performing arts",4,381720,69.32
"new phone contacts",4,381724,69.32
"new phone need",4,381728,69.32
"new phone numbers",4,381732,69.32
"new picture awesome",4,381736,69.32
"new projects benefit",4,381740,69.32
"new rehearsal space",4,381744,69.32
"new shirt coming",4,381748,69.32
"new shirt designs",4,381752,69.32
"new shirts coming",4,381756,69.32
"new shows added",4,381760,69.33
"new shows posted",4,381764,69.33
"new single friday",4,381768,69.33
"new single going",4,381772,69.33
"new single soon",4,381776,69.33
"new slogan wrap",4,381780,69.33
"new songs excited",4,381784,69.33
"new songs get",4,381788,69.33
"new songs tomorrow",4,381792,69.33
"new students get",4,381796,69.33
"new stuff good",4,381800,69.33
"new stuff new",4,381804,69.33
"new stuff week",4,381808,69.33
"new stuff world",4,381812,69.33
"new summer menu",4,381816,69.34
"new tasting room",4,381820,69.34
"new time low",4,381824,69.34
"new time saving",4,381828,69.34
"new twitter accounts",4,381832,69.34
"new twitter getting",4,381836,69.34
"new twitter looking",4,381840,69.34
"new twitter love",4,381844,69.34
"new twitter pretty",4,381848,69.34
"new twitter sure",4,381852,69.34
"new twitter tweets",4,381856,69.34
"new vacuum cleaner",4,381860,69.34
"new vegas florida",4,381864,69.34
"new video just",4,381868,69.34
"new video project",4,381872,69.35
"new video series",4,381876,69.35
"new video week",4,381880,69.35
"new videos ready",4,381884,69.35
"new ways make",4,381888,69.35
"new website excited",4,381892,69.35
"new website look",4,381896,69.35
"new website make",4,381900,69.35
"new website monday",4,381904,69.35
"new website stay",4,381908,69.35
"new website thank",4,381912,69.35
"new white board",4,381916,69.35
"new word day",4,381920,69.35
"new word today",4,381924,69.35
"new year com",4,381928,69.36
"new year comes",4,381932,69.36
"new year days",4,381936,69.36
"new year favorite",4,381940,69.36
"new year fellow",4,381944,69.36
"new year healthy",4,381948,69.36
"new year last",4,381952,69.36
"new year like",4,381956,69.36
"new year little",4,381960,69.36
"new year look",4,381964,69.36
"new year means",4,381968,69.36
"new year need",4,381972,69.36
"new year parade",4,381976,69.36
"new year remember",4,381980,69.37
"new year san",4,381984,69.37
"new year tonight",4,381988,69.37
"new year west",4,381992,69.37
"new year work",4,381996,69.37
"new years big",4,382000,69.37
"new years event",4,382004,69.37
"new years everybody",4,382008,69.37
"new years family",4,382012,69.37
"new years plans",4,382016,69.37
"new years stay",4,382020,69.37
"new youtube videos",4,382024,69.37
"new zealand herald",4,382028,69.37
"newark master plan",4,382032,69.37
"newest followers thank",4,382036,69.38
"news america tonight",4,382040,69.38
"news ghost conference",4,382044,69.38
"news good luck",4,382048,69.38
"news heard long",4,382052,69.38
"news look forward",4,382056,69.38
"news pilot michael",4,382060,69.38
"news president obama",4,382064,69.38
"news student loan",4,382068,69.38
"newsletter coming soon",4,382072,69.38
"newsletter www com",4,382076,69.38
"newspaper read newspaper",4,382080,69.38
"newton must grave",4,382084,69.38
"nfl draft get",4,382088,69.38
"nfl draft just",4,382092,69.39
"nfl draft nba",4,382096,69.39
"nfl draft pick",4,382100,69.39
"nfl draft report",4,382104,69.39
"nfl draft today",4,382108,69.39
"nfl draft tomorrow",4,382112,69.39
"nfl fantasy football",4,382116,69.39
"nfl network draft",4,382120,69.39
"nfl picks video",4,382124,69.39
"nfl regular season",4,382128,69.39
"nfl season start",4,382132,69.39
"nfl week eagles",4,382136,69.39
"nhl center ice",4,382140,69.39
"nhl stanley cup",4,382144,69.39
"nice cold shower",4,382148,69.4
"nice cool morning",4,382152,69.4
"nice customer service",4,382156,69.4
"nice day get",4,382160,69.4
"nice day great",4,382164,69.4
"nice day just",4,382168,69.4
"nice day need",4,382172,69.4
"nice don want",4,382176,69.4
"nice find twitter",4,382180,69.4
"nice fun talk",4,382184,69.4
"nice girl hour",4,382188,69.4
"nice glad hear",4,382192,69.4
"nice happy birthday",4,382196,69.4
"nice happy hour",4,382200,69.4
"nice hope great",4,382204,69.41
"nice job giants",4,382208,69.41
"nice job man",4,382212,69.41
"nice make rock",4,382216,69.41
"nice meet dj",4,382220,69.41
"nice meet keep",4,382224,69.41
"nice meet let",4,382228,69.41
"nice meet sir",4,382232,69.41
"nice meeting event",4,382236,69.41
"nice meeting keep",4,382240,69.41
"nice meeting looking",4,382244,69.41
"nice morning run",4,382248,69.41
"nice new profile",4,382252,69.41
"nice person get",4,382256,69.42
"nice work tonight",4,382260,69.42
"nicholas sparks movie",4,382264,69.42
"night arrive early",4,382268,69.42
"night bar grill",4,382272,69.42
"night blew away",4,382276,69.42
"night dear followers",4,382280,69.42
"night dinner drinks",4,382284,69.42
"night everybody free",4,382288,69.42
"night feel better",4,382292,69.42
"night free night",4,382296,69.42
"night free shots",4,382300,69.42
"night getting bored",4,382304,69.42
"night gonna good",4,382308,69.42
"night good work",4,382312,69.43
"night gotta go",4,382316,69.43
"night great day",4,382320,69.43
"night great seeing",4,382324,69.43
"night great success",4,382328,69.43
"night great times",4,382332,69.43
"night great turnout",4,382336,69.43
"night hunger games",4,382340,69.43
"night just might",4,382344,69.43
"night just saying",4,382348,69.43
"night know got",4,382352,69.43
"night ladies night",4,382356,69.43
"night laying bed",4,382360,69.43
"night loved hearing",4,382364,69.43
"night oh boy",4,382368,69.44
"night oh oh",4,382372,69.44
"night perfect night",4,382376,69.44
"night pool party",4,382380,69.44
"night pretty cool",4,382384,69.44
"night price bottles",4,382388,69.44
"night really nice",4,382392,69.44
"night soft dreams",4,382396,69.44
"night sunday pray",4,382400,69.44
"night super fun",4,382404,69.44
"night th inning",4,382408,69.44
"night turner hall",4,382412,69.44
"night way home",4,382416,69.44
"night world tomorrow",4,382420,69.44
"night year old",4,382424,69.45
"nightmare depends treat",4,382428,69.45
"nightmare just depends",4,382432,69.45
"nights remember people",4,382436,69.45
"nike training club",4,382440,69.45
"non creepy way",4,382444,69.45
"non save situation",4,382448,69.45
"non social media",4,382452,69.45
"non traditional students",4,382456,69.45
"nonsense long get",4,382460,69.45
"noon meeting room",4,382464,69.45
"nope don think",4,382468,69.45
"normal hours today",4,382472,69.45
"normal person hey",4,382476,69.46
"normal sleep schedule",4,382480,69.46
"north america com",4,382484,69.46
"north america europe",4,382488,69.46
"north carolina amendment",4,382492,69.46
"north carolina come",4,382496,69.46
"north carolina really",4,382500,69.46
"north palm beach",4,382504,69.46
"northeast pet turtle",4,382508,69.46
"norwegian championship poker",4,382512,69.46
"nose last night",4,382516,69.46
"nose started bleeding",4,382520,69.46
"note self buy",4,382524,69.46
"note self day",4,382528,69.46
"noticing new music",4,382532,69.47
"november noon pm",4,382536,69.47
"np ap rocky",4,382540,69.47
"np mac miller",4,382544,69.47
"np thinking frank",4,382548,69.47
"npr things considered",4,382552,69.47
"nuggets game last",4,382556,69.47
"number friends just",4,382560,69.47
"number hip hop",4,382564,69.47
"number just hit",4,382568,69.47
"number just like",4,382572,69.47
"number longer service",4,382576,69.47
"number phone know",4,382580,69.47
"number www com",4,382584,69.47
"nuts hang like",4,382588,69.48
"ny giants win",4,382592,69.48
"ny penn station",4,382596,69.48
"ny real estate",4,382600,69.48
"nyc chuck nice",4,382604,69.48
"nyc east coast",4,382608,69.48
"nyc ed struggles",4,382612,69.48
"nyc extra charges",4,382616,69.48
"nyc high school",4,382620,69.48
"nyc metro area",4,382624,69.48
"nyc musician touring",4,382628,69.48
"nyc pm artists",4,382632,69.48
"nyc printing graphic",4,382636,69.48
"nyc printing information",4,382640,69.48
"nyc shut ur",4,382644,69.49
"nyc tomorrow night",4,382648,69.49
"nyc trading firm",4,382652,69.49
"nyc webster hall",4,382656,69.49
"nyc www com",4,382660,69.49
"oaks take roots",4,382664,69.49
"oatmeal peanut butter",4,382668,69.49
"obama becomes president",4,382672,69.49
"obama endorsed marriage",4,382676,69.49
"obama just said",4,382680,69.49
"obama marriage equality",4,382684,69.49
"obama marriage stance",4,382688,69.49
"obama mitt romney",4,382692,69.49
"obama oil spill",4,382696,69.5
"obama secret service",4,382700,69.5
"obama stance marriage",4,382704,69.5
"obama view today",4,382708,69.5
"obama vs romney",4,382712,69.5
"obesity figures troubling",4,382716,69.5
"objects ad featuring",4,382720,69.5
"obsession parts world",4,382724,69.5
"obstacles don stop",4,382728,69.5
"obstacles melt away",4,382732,69.5
"obstacles past become",4,382736,69.5
"obstacles stop problems",4,382740,69.5
"obviously don care",4,382744,69.5
"obviously don understand",4,382748,69.5
"occasional showers slight",4,382752,69.51
"occupied wall street",4,382756,69.51
"occurs climbing andy",4,382760,69.51
"ocean shape girl",4,382764,69.51
"october looks like",4,382768,69.51
"oddly shaped feet",4,382772,69.51
"odds favor today",4,382776,69.51
"offended blonde jokes",4,382780,69.51
"offers full range",4,382784,69.51
"office day today",4,382788,69.51
"office holiday party",4,382792,69.51
"office targeted business",4,382796,69.51
"office work home",4,382800,69.51
"officers line duty",4,382804,69.51
"official grand opening",4,382808,69.52
"official press release",4,382812,69.52
"official rules single",4,382816,69.52
"official social media",4,382820,69.52
"official spokesman everybody",4,382824,69.52
"official watch party",4,382828,69.52
"officially allen mom",4,382832,69.52
"officially done college",4,382836,69.52
"oh big time",4,382840,69.52
"oh boy gonna",4,382844,69.52
"oh boy just",4,382848,69.52
"oh boy new",4,382852,69.52
"oh does mean",4,382856,69.52
"oh don care",4,382860,69.52
"oh don drink",4,382864,69.53
"oh friday th",4,382868,69.53
"oh george let",4,382872,69.53
"oh getting ready",4,382876,69.53
"oh girl don",4,382880,69.53
"oh good going",4,382884,69.53
"oh good gonna",4,382888,69.53
"oh good good",4,382892,69.53
"oh good grief",4,382896,69.53
"oh good hear",4,382900,69.53
"oh good hope",4,382904,69.53
"oh good just",4,382908,69.53
"oh good looking",4,382912,69.53
"oh good sorry",4,382916,69.53
"oh goodness did",4,382920,69.54
"oh goodness really",4,382924,69.54
"oh goodness sounds",4,382928,69.54
"oh goodness thank",4,382932,69.54
"oh gosh amazing",4,382936,69.54
"oh gosh crazy",4,382940,69.54
"oh gosh excited",4,382944,69.54
"oh gosh gonna",4,382948,69.54
"oh gosh guess",4,382952,69.54
"oh gosh guys",4,382956,69.54
"oh gosh hope",4,382960,69.54
"oh gosh idea",4,382964,69.54
"oh gosh like",4,382968,69.54
"oh gosh really",4,382972,69.55
"oh gosh stop",4,382976,69.55
"oh just don",4,382980,69.55
"oh just hit",4,382984,69.55
"oh just like",4,382988,69.55
"oh just meant",4,382992,69.55
"oh just put",4,382996,69.55
"oh just trying",4,383000,69.55
"oh just wondering",4,383004,69.55
"oh know did",4,383008,69.55
"oh know don",4,383012,69.55
"oh know like",4,383016,69.55
"oh love don",4,383020,69.55
"oh love get",4,383024,69.55
"oh love good",4,383028,69.56
"oh love love",4,383032,69.56
"oh love song",4,383036,69.56
"oh love thank",4,383040,69.56
"oh love time",4,383044,69.56
"oh man totally",4,383048,69.56
"oh man yeah",4,383052,69.56
"oh mean like",4,383056,69.56
"oh new album",4,383060,69.56
"oh oh don",4,383064,69.56
"oh oh friends",4,383068,69.56
"oh oh yeah",4,383072,69.56
"oh ok gonna",4,383076,69.56
"oh ok hope",4,383080,69.56
"oh ok makes",4,383084,69.57
"oh ok sounds",4,383088,69.57
"oh ok tell",4,383092,69.57
"oh ok understand",4,383096,69.57
"oh people don",4,383100,69.57
"oh pretty sure",4,383104,69.57
"oh sound good",4,383108,69.57
"oh sounds lovely",4,383112,69.57
"oh things changed",4,383116,69.57
"oh totally agree",4,383120,69.57
"oh totally forgot",4,383124,69.57
"oh wait get",4,383128,69.57
"oh wait go",4,383132,69.57
"oh wait hear",4,383136,69.57
"oh wait might",4,383140,69.58
"oh wait need",4,383144,69.58
"oh wait sound",4,383148,69.58
"oh want get",4,383152,69.58
"oh wow going",4,383156,69.58
"oh wow gonna",4,383160,69.58
"oh wow oh",4,383164,69.58
"oh wow wow",4,383168,69.58
"oh yea baby",4,383172,69.58
"oh yea good",4,383176,69.58
"oh yea sure",4,383180,69.58
"oh yes actually",4,383184,69.58
"oh yes heard",4,383188,69.58
"oh yes sure",4,383192,69.59
"oh yes true",4,383196,69.59
"ohio means business",4,383200,69.59
"ohio special services",4,383204,69.59
"ohio wants really",4,383208,69.59
"ok canceled active",4,383212,69.59
"ok don really",4,383216,69.59
"ok gonna say",4,383220,69.59
"ok just found",4,383224,69.59
"ok just made",4,383228,69.59
"ok just need",4,383232,69.59
"ok just wondering",4,383236,69.59
"ok know ur",4,383240,69.59
"ok might work",4,383244,69.59
"ok new favorite",4,383248,69.6
"ok sounds great",4,383252,69.6
"ok think going",4,383256,69.6
"okay cool just",4,383260,69.6
"okay cool thanks",4,383264,69.6
"okay don care",4,383268,69.6
"okay don forget",4,383272,69.6
"okay don want",4,383276,69.6
"okay going bed",4,383280,69.6
"okay going get",4,383284,69.6
"okay going sleep",4,383288,69.6
"okay ill try",4,383292,69.6
"okay let just",4,383296,69.6
"okay remain ok",4,383300,69.6
"old abc ability",4,383304,69.61
"old don get",4,383308,69.61
"old don think",4,383312,69.61
"old follows new",4,383316,69.61
"old grown man",4,383320,69.61
"old know old",4,383324,69.61
"old man get",4,383328,69.61
"old man old",4,383332,69.61
"old man said",4,383336,69.61
"old mcdonald farm",4,383340,69.61
"old newton must",4,383344,69.61
"old niece just",4,383348,69.61
"old ones silver",4,383352,69.61
"old ones starting",4,383356,69.61
"old school breakfast",4,383360,69.62
"old school chuck",4,383364,69.62
"old school noon",4,383368,69.62
"old school right",4,383372,69.62
"old school tonight",4,383376,69.62
"old school way",4,383380,69.62
"old seek sought",4,383384,69.62
"old singer lives",4,383388,69.62
"old songs like",4,383392,69.62
"old soon wise",4,383396,69.62
"old spice commercials",4,383400,69.62
"old stuff just",4,383404,69.62
"old thinking old",4,383408,69.62
"old white guy",4,383412,69.63
"old white man",4,383416,69.63
"old white people",4,383420,69.63
"old wooden ship",4,383424,69.63
"older americans month",4,383428,69.63
"older get care",4,383432,69.63
"older get get",4,383436,69.63
"older get people",4,383440,69.63
"oliver food revolution",4,383444,69.63
"ones adore adore",4,383448,69.63
"ones california express",4,383452,69.63
"ones don want",4,383456,69.63
"ones silver gold",4,383460,69.63
"ones starting like",4,383464,69.63
"ones try different",4,383468,69.64
"online casting director",4,383472,69.64
"online dating profile",4,383476,69.64
"online information session",4,383480,69.64
"online learning opportunities",4,383484,69.64
"online looks like",4,383488,69.64
"online mobile app",4,383492,69.64
"online ticket sales",4,383496,69.64
"open announcing daily",4,383500,69.64
"open close pm",4,383504,69.64
"open come join",4,383508,69.64
"open couple weeks",4,383512,69.64
"open gym tonight",4,383516,69.64
"open half hour",4,383520,69.64
"open hard rock",4,383524,69.65
"open house come",4,383528,69.65
"open house party",4,383532,69.65
"open lunch come",4,383536,69.65
"open monday friday",4,383540,69.65
"open new ideas",4,383544,69.65
"open pm sunday",4,383548,69.65
"open rain shine",4,383552,69.65
"open remove doubt",4,383556,69.65
"open tomorrow morning",4,383560,69.65
"opening day brewers",4,383564,69.65
"opening day hitter",4,383568,69.65
"opening day hope",4,383572,69.65
"opening day starter",4,383576,69.65
"opening day tribe",4,383580,69.66
"opening day week",4,383584,69.66
"opening looking forward",4,383588,69.66
"opening today come",4,383592,69.66
"opens buddy struggling",4,383596,69.66
"opens fridge looks",4,383600,69.66
"opens gates happiness",4,383604,69.66
"opens romance develops",4,383608,69.66
"operate interface using",4,383612,69.66
"operate own home",4,383616,69.66
"opinion money suspected",4,383620,69.66
"opinion world confession",4,383624,69.66
"opportunities coming way",4,383628,69.66
"opportunities like buses",4,383632,69.67
"opportunity email address",4,383636,69.67
"opportunity get better",4,383640,69.67
"opportunity keep eye",4,383644,69.67
"opportunity make difference",4,383648,69.67
"opportunity make living",4,383652,69.67
"optimism essential achievement",4,383656,69.67
"optional choose wisely",4,383660,69.67
"options regarding commitment",4,383664,69.67
"orange drive miami",4,383668,69.67
"order bacon milk",4,383672,69.67
"order looking forward",4,383676,69.67
"order room service",4,383680,69.67
"ordered french toast",4,383684,69.67
"ordinary things jim",4,383688,69.68
"oregon food bank",4,383692,69.68
"organ eye tissue",4,383696,69.68
"organic spray tanning",4,383700,69.68
"organizations work alongside",4,383704,69.68
"oriented architecture market",4,383708,69.68
"original houston festival",4,383712,69.68
"original star wars",4,383716,69.68
"original tommy chili",4,383720,69.68
"orleans looking forward",4,383724,69.68
"oscar acceptance speech",4,383728,69.68
"oscar last night",4,383732,69.68
"oscars nba star",4,383736,69.68
"ouch hope ok",4,383740,69.68
"ounce action worth",4,383744,69.69
"outright exposure life",4,383748,69.69
"outs jim morrison",4,383752,69.69
"outside los angeles",4,383756,69.69
"outside love weather",4,383760,69.69
"outside soak sun",4,383764,69.69
"overtime let go",4,383768,69.69
"owe angel mother",4,383772,69.69
"own credit card",4,383776,69.69
"own field vision",4,383780,69.69
"own heart head",4,383784,69.69
"own place itself",4,383788,69.69
"own rental property",4,383792,69.69
"own sentence way",4,383796,69.69
"own texts send",4,383800,69.7
"own twitter handle",4,383804,69.7
"owner spends hours",4,383808,69.7
"owning own business",4,383812,69.7
"oxford english dictionary",4,383816,69.7
"pace change james",4,383820,69.7
"package says easy",4,383824,69.7
"packers game tomorrow",4,383828,69.7
"packers good luck",4,383832,69.7
"page friends thanks",4,383836,69.7
"page leave comment",4,383840,69.7
"page like page",4,383844,69.7
"page paper done",4,383848,69.7
"page paper hours",4,383852,69.7
"page spread word",4,383856,69.71
"page web site",4,383860,69.71
"paid gallon gas",4,383864,69.71
"paid need shade",4,383868,69.71
"painting just way",4,383872,69.71
"pair skinny jeans",4,383876,69.71
"pair tickets tonight",4,383880,69.71
"pancakes french toast",4,383884,69.71
"panel last night",4,383888,69.71
"panel looking forward",4,383892,69.71
"panic friends fall",4,383896,69.71
"pants sweat shirt",4,383900,69.71
"pants walk faster",4,383904,69.71
"papers run candidate",4,383908,69.72
"paranormal activity last",4,383912,69.72
"parents don give",4,383916,69.72
"parents married years",4,383920,69.72
"parents yell try",4,383924,69.72
"paris good idea",4,383928,69.72
"paris woody allen",4,383932,69.72
"park blue line",4,383936,69.72
"park july th",4,383940,69.72
"park nj area",4,383944,69.72
"park parking lot",4,383948,69.72
"park rock roll",4,383952,69.72
"parking beautiful people",4,383956,69.72
"parking lot got",4,383960,69.72
"parking lot last",4,383964,69.73
"parking lot office",4,383968,69.73
"parking spot mall",4,383972,69.73
"part attitude sue",4,383976,69.73
"part just say",4,383980,69.73
"part security clearance",4,383984,69.73
"part soon release",4,383988,69.73
"part sounds like",4,383992,69.73
"part taco tuesday",4,383996,69.73
"participate tragedy comedy",4,384000,69.73
"party cry want",4,384004,69.73
"party don stop",4,384008,69.73
"party doors open",4,384012,69.73
"party free dc",4,384016,69.73
"party guest list",4,384020,69.74
"party huge success",4,384024,69.74
"party let go",4,384028,69.74
"party lets go",4,384032,69.74
"party looks like",4,384036,69.74
"party mc dj",4,384040,69.74
"party new years",4,384044,69.74
"party proceed party",4,384048,69.74
"party scotland yard",4,384052,69.74
"party sept th",4,384056,69.74
"party tonight live",4,384060,69.74
"party tonight lounge",4,384064,69.74
"party tonight wait",4,384068,69.74
"party value enter",4,384072,69.74
"party white house",4,384076,69.75
"partying last night",4,384080,69.75
"pass smell test",4,384084,69.75
"passed rest peace",4,384088,69.75
"passive customers active",4,384092,69.75
"passport future tomorrow",4,384096,69.75
"password tell son",4,384100,69.75
"past calls let",4,384104,69.75
"past does future",4,384108,69.75
"past lovers remain",4,384112,69.75
"past responsibility future",4,384116,69.75
"past supports present",4,384120,69.75
"pat author unknown",4,384124,69.75
"patch label sleeve",4,384128,69.76
"paths life matter",4,384132,69.76
"patience companion wisdom",4,384136,69.76
"patience make combination",4,384140,69.76
"patient moment anger",4,384144,69.76
"patio parties season",4,384148,69.76
"patterns dry eye",4,384152,69.76
"paul blake griffin",4,384156,69.76
"pay attention critics",4,384160,69.76
"pay attention tell",4,384164,69.76
"pay attention today",4,384168,69.76
"pay attention tweets",4,384172,69.76
"pay dollars hour",4,384176,69.76
"pay join fee",4,384180,69.76
"pay light bill",4,384184,69.77
"pay long run",4,384188,69.77
"pay money watch",4,384192,69.77
"pay payroll software",4,384196,69.77
"paying fair share",4,384200,69.77
"paying positive attention",4,384204,69.77
"payroll software available",4,384208,69.77
"pays long run",4,384212,69.77
"peace kept force",4,384216,69.77
"peace ralph emerson",4,384220,69.77
"peanut butter cheesecake",4,384224,69.77
"peanut butter cupcake",4,384228,69.77
"peanut butter frosting",4,384232,69.77
"peanut butter honey",4,384236,69.77
"peanut butter jam",4,384240,69.78
"peanut butter just",4,384244,69.78
"peanut butter sandwiches",4,384248,69.78
"peanut butter toast",4,384252,69.78
"peanut tree nut",4,384256,69.78
"pen click time",4,384260,69.78
"pencil dream take",4,384264,69.78
"people afraid meeting",4,384268,69.78
"people assume things",4,384272,69.78
"people bring best",4,384276,69.78
"people bring past",4,384280,69.78
"people buy rage",4,384284,69.78
"people buy stuff",4,384288,69.78
"people came last",4,384292,69.78
"people candy did",4,384296,69.79
"people cell phones",4,384300,69.79
"people claim love",4,384304,69.79
"people clear written",4,384308,69.79
"people eat chocolate",4,384312,69.79
"people entire world",4,384316,69.79
"people facebook twitter",4,384320,69.79
"people fall apart",4,384324,69.79
"people follow check",4,384328,69.79
"people follow followed",4,384332,69.79
"people follow having",4,384336,69.79
"people follow know",4,384340,69.79
"people follow looking",4,384344,69.79
"people follow make",4,384348,69.8
"people follow tweet",4,384352,69.8
"people get business",4,384356,69.8
"people get different",4,384360,69.8
"people get done",4,384364,69.8
"people get facebook",4,384368,69.8
"people get nervous",4,384372,69.8
"people get pace",4,384376,69.8
"people get really",4,384380,69.8
"people get tattoos",4,384384,69.8
"people get twitter",4,384388,69.8
"people go get",4,384392,69.8
"people go just",4,384396,69.8
"people go work",4,384400,69.8
"people goals succeed",4,384404,69.81
"people haven talked",4,384408,69.81
"people hear voices",4,384412,69.81
"people help low",4,384416,69.81
"people hope know",4,384420,69.81
"people interests live",4,384424,69.81
"people just accept",4,384428,69.81
"people just born",4,384432,69.81
"people just crazy",4,384436,69.81
"people just hate",4,384440,69.81
"people just learn",4,384444,69.81
"people just saying",4,384448,69.81
"people just talk",4,384452,69.81
"people just try",4,384456,69.81
"people just tweet",4,384460,69.82
"people just understand",4,384464,69.82
"people just won",4,384468,69.82
"people know come",4,384472,69.82
"people know doing",4,384476,69.82
"people know going",4,384480,69.82
"people know keep",4,384484,69.82
"people know need",4,384488,69.82
"people know stuff",4,384492,69.82
"people last days",4,384496,69.82
"people leave alone",4,384500,69.82
"people like actually",4,384504,69.82
"people like better",4,384508,69.82
"people like clouds",4,384512,69.82
"people like doing",4,384516,69.83
"people like find",4,384520,69.83
"people like good",4,384524,69.83
"people like hear",4,384528,69.83
"people like just",4,384532,69.83
"people like like",4,384536,69.83
"people like money",4,384540,69.83
"people like music",4,384544,69.83
"people like own",4,384548,69.83
"people like person",4,384552,69.83
"people like say",4,384556,69.83
"people like seriously",4,384560,69.83
"people like support",4,384564,69.83
"people like twitter",4,384568,69.83
"people limited ways",4,384572,69.84
"people listen music",4,384576,69.84
"people living deeply",4,384580,69.84
"people los angeles",4,384584,69.84
"people love go",4,384588,69.84
"people love just",4,384592,69.84
"people love life",4,384596,69.84
"people love make",4,384600,69.84
"people love song",4,384604,69.84
"people love support",4,384608,69.84
"people make bad",4,384612,69.84
"people make big",4,384616,69.84
"people make decisions",4,384620,69.84
"people make fake",4,384624,69.85
"people make own",4,384628,69.85
"people make seem",4,384632,69.85
"people making money",4,384636,69.85
"people merely smith",4,384640,69.85
"people met life",4,384644,69.85
"people money buy",4,384648,69.85
"people money speech",4,384652,69.85
"people must think",4,384656,69.85
"people natural causes",4,384660,69.85
"people need go",4,384664,69.85
"people need just",4,384668,69.85
"people personalities adding",4,384672,69.85
"people really go",4,384676,69.85
"people really good",4,384680,69.86
"people really making",4,384684,69.86
"people really really",4,384688,69.86
"people run stop",4,384692,69.86
"people seem realize",4,384696,69.86
"people seem think",4,384700,69.86
"people stay inside",4,384704,69.86
"people stuff like",4,384708,69.86
"people taking seriously",4,384712,69.86
"people talk big",4,384716,69.86
"people talk ideas",4,384720,69.86
"people talk sh",4,384724,69.86
"people talk time",4,384728,69.86
"people text instantly",4,384732,69.86
"people thing common",4,384736,69.87
"people think bad",4,384740,69.87
"people think does",4,384744,69.87
"people think go",4,384748,69.87
"people think nuts",4,384752,69.87
"people think obama",4,384756,69.87
"people think remember",4,384760,69.87
"people think speak",4,384764,69.87
"people think weird",4,384768,69.87
"people thought highest",4,384772,69.87
"people throw word",4,384776,69.87
"people truly care",4,384780,69.87
"people truly love",4,384784,69.87
"people use get",4,384788,69.87
"people use social",4,384792,69.88
"people vs george",4,384796,69.88
"people walk away",4,384800,69.88
"people wanna know",4,384804,69.88
"people want come",4,384808,69.88
"people want ice",4,384812,69.88
"people want say",4,384816,69.88
"people want think",4,384820,69.88
"people went school",4,384824,69.88
"people wonder quiet",4,384828,69.88
"people write songs",4,384832,69.88
"people www com",4,384836,69.88
"pepper pizza password",4,384840,69.88
"pepper spray maintain",4,384844,69.89
"percent commission fred",4,384848,69.89
"percent confusion percent",4,384852,69.89
"perfect cup coffee",4,384856,69.89
"perfect day beach",4,384860,69.89
"perfect day enjoy",4,384864,69.89
"perfect day outside",4,384868,69.89
"perfect day sit",4,384872,69.89
"perfect day stay",4,384876,69.89
"perfect day walk",4,384880,69.89
"perfect happiness laugh",4,384884,69.89
"perfect perfect perfect",4,384888,69.89
"perfect person just",4,384892,69.89
"perfect place spend",4,384896,69.89
"perfect running weather",4,384900,69.9
"perfect steal heart",4,384904,69.9
"performance last week",4,384908,69.9
"performance today pm",4,384912,69.9
"performances last night",4,384916,69.9
"performing come check",4,384920,69.9
"performing hard rock",4,384924,69.9
"performing house blues",4,384928,69.9
"perry sued copyright",4,384932,69.9
"person behavior does",4,384936,69.9
"person certain set",4,384940,69.9
"person change life",4,384944,69.9
"person change mood",4,384948,69.9
"person compare person",4,384952,69.9
"person david burns",4,384956,69.91
"person day award",4,384960,69.91
"person does single",4,384964,69.91
"person earn reputation",4,384968,69.91
"person get done",4,384972,69.91
"person get know",4,384976,69.91
"person good luck",4,384980,69.91
"person himself become",4,384984,69.91
"person laughs own",4,384988,69.91
"person loves chance",4,384992,69.91
"person people think",4,384996,69.91
"person place thing",4,385000,69.91
"person really want",4,385004,69.91
"person right person",4,385008,69.91
"person right time",4,385012,69.92
"person ruin day",4,385016,69.92
"person says done",4,385020,69.92
"person says say",4,385024,69.92
"person smile give",4,385028,69.92
"person thought hurt",4,385032,69.92
"person unexpected time",4,385036,69.92
"person united states",4,385040,69.92
"personal professional life",4,385044,69.92
"personalities adding own",4,385048,69.92
"personality example determine",4,385052,69.92
"personality pretty face",4,385056,69.92
"pet turtle buddy",4,385060,69.92
"peter paul mary",4,385064,69.93
"peter pay paul",4,385068,69.93
"petition urging stop",4,385072,69.93
"pg program details",4,385076,69.93
"phil jackson year",4,385080,69.93
"philadelphia eagles nfl",4,385084,69.93
"philip baker hall",4,385088,69.93
"phillip phillips idol",4,385092,69.93
"phillip phillips singing",4,385096,69.93
"phone battery low",4,385100,69.93
"phone don answer",4,385104,69.93
"phone don get",4,385108,69.93
"phone don like",4,385112,69.93
"phone don want",4,385116,69.93
"phone got number",4,385120,69.94
"phone home today",4,385124,69.94
"phone know answer",4,385128,69.94
"phone new number",4,385132,69.94
"phone phone seems",4,385136,69.94
"phone ring song",4,385140,69.94
"phone runs room",4,385144,69.94
"phone year old",4,385148,69.94
"phone years ago",4,385152,69.94
"phones fall panic",4,385156,69.94
"photo available reasonable",4,385160,69.94
"photo look like",4,385164,69.94
"photo shoots today",4,385168,69.94
"photos give better",4,385172,69.94
"piano bar hollywood",4,385176,69.95
"pick gift card",4,385180,69.95
"pick time mercedes",4,385184,69.95
"picked second season",4,385188,69.95
"picking get wonder",4,385192,69.95
"picking new car",4,385196,69.95
"pickup line like",4,385200,69.95
"pickup line mirror",4,385204,69.95
"pickup line sit",4,385208,69.95
"picnic predict weather",4,385212,69.95
"picture day tomorrow",4,385216,69.95
"picture last night",4,385220,69.95
"picture vote actors",4,385224,69.95
"pictures family chicago",4,385228,69.95
"pictures years ago",4,385232,69.96
"pie pi day",4,385236,69.96
"pieces gold silver",4,385240,69.96
"pier bar tonight",4,385244,69.96
"pierce ray allen",4,385248,69.96
"pirates better record",4,385252,69.96
"pirates scored houston",4,385256,69.96
"pitched perfect game",4,385260,69.96
"pittsburgh public schools",4,385264,69.96
"pity coast coast",4,385268,69.96
"pizza papa johns",4,385272,69.96
"place don want",4,385276,69.96
"place eat drink",4,385280,69.96
"place floor enjoy",4,385284,69.97
"place ghost town",4,385288,69.97
"place hit weights",4,385292,69.97
"place ill take",4,385296,69.97
"place improve world",4,385300,69.97
"place itself make",4,385304,69.97
"place just went",4,385308,69.97
"place lift look",4,385312,69.97
"place nd place",4,385316,69.97
"place nov nd",4,385320,69.97
"place order online",4,385324,69.97
"place smells like",4,385328,69.97
"place time tide",4,385332,69.97
"place today pm",4,385336,69.97
"place tonight pm",4,385340,69.98
"place want go",4,385344,69.98
"place workout look",4,385348,69.98
"plan make bff",4,385352,69.98
"plan make happen",4,385356,69.98
"plan plan plan",4,385360,69.98
"plan prepare proceed",4,385364,69.98
"plan pretty picnic",4,385368,69.98
"plan train elite",4,385372,69.98
"plan understand appreciated",4,385376,69.98
"plane smells like",4,385380,69.98
"planned mean useless",4,385384,69.98
"planned stay tuned",4,385388,69.98
"planning going weekend",4,385392,69.98
"planning helps make",4,385396,69.99
"planning meeting today",4,385400,69.99
"planning meeting tonight",4,385404,69.99
"planning planning planning",4,385408,69.99
"plans tomorrow night",4,385412,69.99
"plant crab apples",4,385416,69.99
"planted tree long",4,385420,69.99
"plants sale garden",4,385424,69.99
"plants vs zombies",4,385428,69.99
"platform created help",4,385432,69.99
"play act like",4,385436,69.99
"play both win",4,385440,69.99
"play disc golf",4,385444,69.99
"play game called",4,385448,69.99
"play game drink",4,385452,70
"play grand theft",4,385456,70
"play hand dealt",4,385460,70
"play important role",4,385464,70
"play let get",4,385468,70
"play let go",4,385472,70
"play new songs",4,385476,70
"play orange drive",4,385480,70
"play win game",4,385484,70
"player let know",4,385488,70
"players denver area",4,385492,70
"players play game",4,385496,70
"playing authority zero",4,385500,70
"playing blues brothers",4,385504,70
"playing dance central",4,385508,70.01
"playing friday come",4,385512,70.01
"playing gig tonight",4,385516,70.01
"playing good ball",4,385520,70.01
"playing good baseball",4,385524,70.01
"playing good luck",4,385528,70.01
"playing last time",4,385532,70.01
"playing league legends",4,385536,70.01
"playing march th",4,385540,70.01
"playing pm tonight",4,385544,70.01
"playing star wars",4,385548,70.01
"playing time tonight",4,385552,70.01
"playing truth dare",4,385556,70.01
"playing year old",4,385560,70.02
"playoff games today",4,385564,70.02
"playoffs nhl playoffs",4,385568,70.02
"playoffs th straight",4,385572,70.02
"plays custom made",4,385576,70.02
"plays video games",4,385580,70.02
"pleased announce new",4,385584,70.02
"pleasure great day",4,385588,70.02
"pleasure hearing speak",4,385592,70.02
"pleasure thanks great",4,385596,70.02
"plus free shipping",4,385600,70.02
"plus investigated milwaukee",4,385604,70.02
"plus san diego",4,385608,70.02
"pm artists perform",4,385612,70.02
"pm bring friends",4,385616,70.03
"pm buy get",4,385620,70.03
"pm central pm",4,385624,70.03
"pm christmas eve",4,385628,70.03
"pm close tonight",4,385632,70.03
"pm com listen",4,385636,70.03
"pm come bring",4,385640,70.03
"pm come early",4,385644,70.03
"pm come fun",4,385648,70.03
"pm cover charge",4,385652,70.03
"pm cover come",4,385656,70.03
"pm cover live",4,385660,70.03
"pm deep stack",4,385664,70.03
"pm detroit city",4,385668,70.03
"pm don know",4,385672,70.04
"pm don want",4,385676,70.04
"pm est chat",4,385680,70.04
"pm est signing",4,385684,70.04
"pm est today",4,385688,70.04
"pm fitness class",4,385692,70.04
"pm friday saturday",4,385696,70.04
"pm go check",4,385700,70.04
"pm great drink",4,385704,70.04
"pm join free",4,385708,70.04
"pm las vegas",4,385712,70.04
"pm last chance",4,385716,70.04
"pm live jazz",4,385720,70.04
"pm los angeles",4,385724,70.04
"pm monday thursday",4,385728,70.05
"pm mountain time",4,385732,70.05
"pm new york",4,385736,70.05
"pm pg program",4,385740,70.05
"pm pm et",4,385744,70.05
"pm pm stay",4,385748,70.05
"pm richard pm",4,385752,70.05
"pm st marks",4,385756,70.05
"pm start chips",4,385760,70.05
"pm stop get",4,385764,70.05
"pm stop lunch",4,385768,70.05
"pm stop say",4,385772,70.05
"pm th nyc",4,385776,70.05
"pm tickets sale",4,385780,70.06
"pm till pm",4,385784,70.06
"pm tonight great",4,385788,70.06
"pm tours kids",4,385792,70.06
"pm www facebook",4,385796,70.06
"poetry aims achieve",4,385800,70.06
"poetry got mail",4,385804,70.06
"poetry spoken word",4,385808,70.06
"point blank range",4,385812,70.06
"point don care",4,385816,70.06
"point life did",4,385820,70.06
"point needs hug",4,385824,70.06
"pointed right direction",4,385828,70.06
"points define good",4,385832,70.06
"poised creation goes",4,385836,70.07
"poised creation like",4,385840,70.07
"poised creation searching",4,385844,70.07
"poised creation support",4,385848,70.07
"poker products www",4,385852,70.07
"polar bear club",4,385856,70.07
"police confirmed junior",4,385860,70.07
"polish hall lesson",4,385864,70.07
"political courage test",4,385868,70.07
"pony grill tx",4,385872,70.07
"poor little kids",4,385876,70.07
"pop bake shop",4,385880,70.07
"pop last night",4,385884,70.07
"porter performing live",4,385888,70.07
"portion good man",4,385892,70.08
"portland mayor race",4,385896,70.08
"positive anything better",4,385900,70.08
"positive attention people",4,385904,70.08
"positive people positive",4,385908,70.08
"positive things happen",4,385912,70.08
"positive things say",4,385916,70.08
"possible man determination",4,385920,70.08
"possible stay tuned",4,385924,70.08
"possibly best movie",4,385928,70.08
"post good writing",4,385932,70.08
"post great stuff",4,385936,70.08
"post link later",4,385940,70.08
"post photos soon",4,385944,70.08
"post soon get",4,385948,70.09
"post video singing",4,385952,70.09
"posted today college",4,385956,70.09
"posting warren video",4,385960,70.09
"posts road achievement",4,385964,70.09
"potato salad chips",4,385968,70.09
"potato sugar free",4,385972,70.09
"pound sand beat",4,385976,70.09
"power enthusiasm pulls",4,385980,70.09
"power government like",4,385984,70.09
"power last night",4,385988,70.09
"power make happy",4,385992,70.09
"power plant live",4,385996,70.09
"power went school",4,386000,70.1
"power woman lover",4,386004,70.1
"practical tip building",4,386008,70.1
"practice tomorrow night",4,386012,70.1
"practice tonight hope",4,386016,70.1
"praise blessings flow",4,386020,70.1
"pray success come",4,386024,70.1
"prayer give ear",4,386028,70.1
"prayers find words",4,386032,70.1
"prayers speedy recovery",4,386036,70.1
"prayers stay strong",4,386040,70.1
"praying praying praying",4,386044,70.1
"praying stay strong",4,386048,70.1
"precious assets don",4,386052,70.1
"prefer better things",4,386056,70.11
"preferred talk doug",4,386060,70.11
"prejudice narrow mark",4,386064,70.11
"premier last night",4,386068,70.11
"premiere watch costumes",4,386072,70.11
"preparation meeting opportunity",4,386076,70.11
"prepare blown away",4,386080,70.11
"prepare proceed positively",4,386084,70.11
"prepare today malcolm",4,386088,70.11
"prepared roasted seeds",4,386092,70.11
"pres bill clinton",4,386096,70.11
"present moment make",4,386100,70.11
"present nature gives",4,386104,70.11
"presented entertainment spy",4,386108,70.11
"president james monroe",4,386112,70.12
"president obama know",4,386116,70.12
"president obama said",4,386120,70.12
"president obama support",4,386124,70.12
"president obama think",4,386128,70.12
"president obama today",4,386132,70.12
"president standing equality",4,386136,70.12
"president support marriage",4,386140,70.12
"presidents day weekend",4,386144,70.12
"press conference live",4,386148,70.12
"press freedom day",4,386152,70.12
"pretend don love",4,386156,70.12
"pretend must careful",4,386160,70.12
"pretty awesome far",4,386164,70.12
"pretty awesome get",4,386168,70.13
"pretty awesome great",4,386172,70.13
"pretty awesome love",4,386176,70.13
"pretty awesome think",4,386180,70.13
"pretty brown eyes",4,386184,70.13
"pretty child world",4,386188,70.13
"pretty cool check",4,386192,70.13
"pretty cool did",4,386196,70.13
"pretty cool done",4,386200,70.13
"pretty cool far",4,386204,70.13
"pretty cool good",4,386208,70.13
"pretty cool little",4,386212,70.13
"pretty crazy right",4,386216,70.13
"pretty eyes nice",4,386220,70.13
"pretty far away",4,386224,70.14
"pretty follow get",4,386228,70.14
"pretty follow thanks",4,386232,70.14
"pretty get follow",4,386236,70.14
"pretty greatest thing",4,386240,70.14
"pretty hard core",4,386244,70.14
"pretty hard just",4,386248,70.14
"pretty hard right",4,386252,70.14
"pretty just thought",4,386256,70.14
"pretty lied cheated",4,386260,70.14
"pretty low key",4,386264,70.14
"pretty picnic predict",4,386268,70.14
"pretty pretty face",4,386272,70.14
"pretty single said",4,386276,70.15
"prevent forest fires",4,386280,70.15
"prevention worth pound",4,386284,70.15
"preview associated press",4,386288,70.15
"preview last night",4,386292,70.15
"preview www com",4,386296,70.15
"price anything amount",4,386300,70.15
"price beef burgers",4,386304,70.15
"price life peace",4,386308,70.15
"prices butler gum",4,386312,70.15
"prices dental care",4,386316,70.15
"pride unity awards",4,386320,70.15
"prime rib day",4,386324,70.15
"prime time games",4,386328,70.15
"princess anne st",4,386332,70.16
"princess charm early",4,386336,70.16
"princeton account main",4,386340,70.16
"print experience get",4,386344,70.16
"prisoner free discover",4,386348,70.16
"private event today",4,386352,70.16
"private event tonight",4,386356,70.16
"prizes www com",4,386360,70.16
"pro franchise owner",4,386364,70.16
"pro sports league",4,386368,70.16
"probably start using",4,386372,70.16
"probably words bland",4,386376,70.16
"problem accept change",4,386380,70.16
"problem attitude problem",4,386384,70.16
"problem communication illusion",4,386388,70.17
"problem glad enjoyed",4,386392,70.17
"problem glad hear",4,386396,70.17
"problem hope get",4,386400,70.17
"problem sounds like",4,386404,70.17
"problem thank follow",4,386408,70.17
"problems just like",4,386412,70.17
"proceed positively pursue",4,386416,70.17
"process www com",4,386420,70.17
"producer becoming legend",4,386424,70.17
"producer recommend mention",4,386428,70.17
"production team mixing",4,386432,70.17
"productive day office",4,386436,70.17
"productive day week",4,386440,70.17
"productive day work",4,386444,70.18
"productive thing done",4,386448,70.18
"productive week ahead",4,386452,70.18
"professional www com",4,386456,70.18
"profile photo looks",4,386460,70.18
"profile social networks",4,386464,70.18
"profit charity organizations",4,386468,70.18
"profit non profit",4,386472,70.18
"program looking forward",4,386476,70.18
"program stay tuned",4,386480,70.18
"progressive realization worthy",4,386484,70.18
"project done production",4,386488,70.18
"project homeless connect",4,386492,70.18
"project look forward",4,386496,70.19
"projected data ml",4,386500,70.19
"promise constantly perform",4,386504,70.19
"promise won leave",4,386508,70.19
"promote ur stuff",4,386512,70.19
"promoted level beat",4,386516,70.19
"promotion site followers",4,386520,70.19
"promotion site link",4,386524,70.19
"proportion effort apply",4,386528,70.19
"proposed gambling expansion",4,386532,70.19
"proud announce newest",4,386536,70.19
"proud austin love",4,386540,70.19
"proud great work",4,386544,70.19
"proud heart played",4,386548,70.19
"proud last night",4,386552,70.2
"proud new owner",4,386556,70.2
"proud part family",4,386560,70.2
"proud voted twice",4,386564,70.2
"provide health insurance",4,386568,70.2
"provide text pay",4,386572,70.2
"providers quality gifts",4,386576,70.2
"public art project",4,386580,70.2
"public dreams dreams",4,386584,70.2
"public invited admission",4,386588,70.2
"public need know",4,386592,70.2
"public opinion change",4,386596,70.2
"pull pull pull",4,386600,70.2
"pull trigger don",4,386604,70.2
"pulls closer body",4,386608,70.21
"pumped concert tonight",4,386612,70.21
"pumped kicks better",4,386616,70.21
"pumpkin pie latte",4,386620,70.21
"pun lowest form",4,386624,70.21
"purchase beat record",4,386628,70.21
"purchase gift certificate",4,386632,70.21
"pure atmosphere gratitude",4,386636,70.21
"pure joy face",4,386640,70.21
"purple rain prince",4,386644,70.21
"purpose business create",4,386648,70.21
"purpose create customer",4,386652,70.21
"purpose get certain",4,386656,70.21
"pursuit happiness generally",4,386660,70.21
"push away think",4,386664,70.22
"push kick push",4,386668,70.22
"pushing people away",4,386672,70.22
"put candle baby",4,386676,70.22
"put clothes dryer",4,386680,70.22
"put fall love",4,386684,70.22
"put federal government",4,386688,70.22
"put future good",4,386692,70.22
"put game away",4,386696,70.22
"put hands like",4,386700,70.22
"put phone mode",4,386704,70.22
"put phone number",4,386708,70.22
"put ring finger",4,386712,70.22
"put skinny jeans",4,386716,70.23
"put small value",4,386720,70.23
"put smile faces",4,386724,70.23
"put twitter handle",4,386728,70.23
"put twitter jail",4,386732,70.23
"put universe steve",4,386736,70.23
"put video youtube",4,386740,70.23
"put words mouth",4,386744,70.23
"put yo mouth",4,386748,70.23
"putting ikea furniture",4,386752,70.23
"queen afraid fail",4,386756,70.23
"queen attract king",4,386760,70.23
"queen burger king",4,386764,70.23
"queen queen afraid",4,386768,70.23
"queens center mall",4,386772,70.24
"question did hear",4,386776,70.24
"question did know",4,386780,70.24
"question don really",4,386784,70.24
"question don want",4,386788,70.24
"question half wisdom",4,386792,70.24
"question just asked",4,386796,70.24
"question know good",4,386800,70.24
"question tom brady",4,386804,70.24
"question want answer",4,386808,70.24
"question want know",4,386812,70.24
"questions ask transformation",4,386816,70.24
"questions result get",4,386820,70.24
"questions want answered",4,386824,70.24
"quick question does",4,386828,70.25
"quick red fox",4,386832,70.25
"quickly opportunities conclusions",4,386836,70.25
"quiet cause tells",4,386840,70.25
"quiet friday night",4,386844,70.25
"quit job today",4,386848,70.25
"quit norman vincent",4,386852,70.25
"quit tired winners",4,386856,70.25
"quote day give",4,386860,70.25
"quote day site",4,386864,70.25
"quote day take",4,386868,70.25
"race car drivers",4,386872,70.25
"race witch mountain",4,386876,70.25
"rack city song",4,386880,70.25
"radio just said",4,386884,70.26
"radio stream live",4,386888,70.26
"raid bin laden",4,386892,70.26
"rain drought useless",4,386896,70.26
"rain freezing rain",4,386900,70.26
"rain snow hail",4,386904,70.26
"rainy day austin",4,386908,70.26
"rainy day fund",4,386912,70.26
"rainy day miami",4,386916,70.26
"rainy day music",4,386920,70.26
"rainy day perfect",4,386924,70.26
"raise awareness autism",4,386928,70.26
"raise hand don",4,386932,70.26
"raised arms queen",4,386936,70.26
"rams san diego",4,386940,70.27
"ran stop sign",4,386944,70.27
"ranch town center",4,386948,70.27
"random late night",4,386952,70.27
"random question day",4,386956,70.27
"random song lyrics",4,386960,70.27
"random www com",4,386964,70.27
"range goals keep",4,386968,70.27
"range wholesale sandwich",4,386972,70.27
"rank search engines",4,386976,70.27
"rapidly changing world",4,386980,70.27
"rarely admit changes",4,386984,70.27
"rarely make history",4,386988,70.27
"rarely promise constantly",4,386992,70.28
"rarely watch tv",4,386996,70.28
"rate let love",4,387000,70.28
"rate www com",4,387004,70.28
"raw last night",4,387008,70.28
"raw ur ghetto",4,387012,70.28
"raw wednesday raw",4,387016,70.28
"ray ray royal",4,387020,70.28
"rb trent richardson",4,387024,70.28
"rbi single gives",4,387028,70.28
"rd annual day",4,387032,70.28
"rd birthday today",4,387036,70.28
"rd place game",4,387040,70.28
"reached breaking point",4,387044,70.28
"reached serves simply",4,387048,70.29
"read book don",4,387052,70.29
"read book go",4,387056,70.29
"read book great",4,387060,70.29
"read book hope",4,387064,70.29
"read comic book",4,387068,70.29
"read cover cover",4,387072,70.29
"read drinking gave",4,387076,70.29
"read fall asleep",4,387080,70.29
"read get chance",4,387084,70.29
"read left right",4,387088,70.29
"read page book",4,387092,70.29
"read people minds",4,387096,70.29
"read people tweets",4,387100,70.29
"read press release",4,387104,70.3
"read punch line",4,387108,70.3
"read really fit",4,387112,70.3
"read steve jobs",4,387116,70.3
"read th grade",4,387120,70.3
"read tip techniques",4,387124,70.3
"read vote actors",4,387128,70.3
"read word magazine",4,387132,70.3
"read www ac",4,387136,70.3
"reading books time",4,387140,70.3
"reading clash kings",4,387144,70.3
"reading fifty shades",4,387148,70.3
"reading good books",4,387152,70.3
"reading new play",4,387156,70.3
"reading tonight pm",4,387160,70.31
"ready change world",4,387164,70.31
"ready football go",4,387168,70.31
"ready fun day",4,387172,70.31
"ready fun weekend",4,387176,70.31
"ready get little",4,387180,70.31
"ready get new",4,387184,70.31
"ready get rocks",4,387188,70.31
"ready get set",4,387192,70.31
"ready get tomorrow",4,387196,70.31
"ready get workout",4,387200,70.31
"ready good day",4,387204,70.31
"ready good time",4,387208,70.31
"ready hit da",4,387212,70.32
"ready hunger games",4,387216,70.32
"ready job interview",4,387220,70.32
"ready looking forward",4,387224,70.32
"ready memorial day",4,387228,70.32
"ready nba playoffs",4,387232,70.32
"ready road trip",4,387236,70.32
"ready saturday night",4,387240,70.32
"ready season start",4,387244,70.32
"ready spring training",4,387248,70.32
"ready studio session",4,387252,70.32
"ready valentines day",4,387256,70.32
"ready warm weather",4,387260,70.32
"reagan national airport",4,387264,70.32
"real disability life",4,387268,70.33
"real don want",4,387272,70.33
"real estate business",4,387276,70.33
"real estate professionals",4,387280,70.33
"real fake fake",4,387284,70.33
"real fake pregnant",4,387288,70.33
"real fountain youth",4,387292,70.33
"real good dude",4,387296,70.33
"real good hope",4,387300,70.33
"real life movies",4,387304,70.33
"real life real",4,387308,70.33
"real life right",4,387312,70.33
"real life secret",4,387316,70.33
"real lovers silly",4,387320,70.33
"real madrid barcelona",4,387324,70.34
"real ones fake",4,387328,70.34
"real pr media",4,387332,70.34
"real time google",4,387336,70.34
"real time web",4,387340,70.34
"real wealth pieces",4,387344,70.34
"real world casting",4,387348,70.34
"real world san",4,387352,70.34
"reality merely illusion",4,387356,70.34
"reality shows like",4,387360,70.34
"reality wrong dreams",4,387364,70.34
"realization tomorrow doubts",4,387368,70.34
"realize deeply present",4,387372,70.34
"realize life goes",4,387376,70.34
"realize need fall",4,387380,70.35
"realize perfectly happy",4,387384,70.35
"realize strong person",4,387388,70.35
"really anything better",4,387392,70.35
"really appreciate keep",4,387396,70.35
"really bad dream",4,387400,70.35
"really bad habit",4,387404,70.35
"really bad headache",4,387408,70.35
"really bad people",4,387412,70.35
"really beautiful today",4,387416,70.35
"really best friend",4,387420,70.35
"really change world",4,387424,70.35
"really close friends",4,387428,70.35
"really cold outside",4,387432,70.36
"really cool nice",4,387436,70.36
"really cool talk",4,387440,70.36
"really don appreciate",4,387444,70.36
"really don look",4,387448,70.36
"really don really",4,387452,70.36
"really don watch",4,387456,70.36
"really enjoyed article",4,387460,70.36
"really enjoyed hearing",4,387464,70.36
"really enjoyed post",4,387468,70.36
"really enjoyed seeing",4,387472,70.36
"really enjoyed social",4,387476,70.36
"really enjoyed speaking",4,387480,70.36
"really enjoyed today",4,387484,70.36
"really excited go",4,387488,70.37
"really excited guys",4,387492,70.37
"really excited just",4,387496,70.37
"really excited try",4,387500,70.37
"really excited upcoming",4,387504,70.37
"really excited work",4,387508,70.37
"really exciting stuff",4,387512,70.37
"really feeling today",4,387516,70.37
"really gotta stop",4,387520,70.37
"really great article",4,387524,70.37
"really great deals",4,387528,70.37
"really great friend",4,387532,70.37
"really great idea",4,387536,70.37
"really great job",4,387540,70.37
"really great meeting",4,387544,70.38
"really great people",4,387548,70.38
"really great tonight",4,387552,70.38
"really great video",4,387556,70.38
"really great weekend",4,387560,70.38
"really hard go",4,387564,70.38
"really hard stay",4,387568,70.38
"really hate doing",4,387572,70.38
"really hate life",4,387576,70.38
"really hate right",4,387580,70.38
"really help people",4,387584,70.38
"really hit spot",4,387588,70.38
"really hope come",4,387592,70.38
"really hope last",4,387596,70.38
"really hope tomorrow",4,387600,70.39
"really hope turns",4,387604,70.39
"really important life",4,387608,70.39
"really just asked",4,387612,70.39
"really just miss",4,387616,70.39
"really just read",4,387620,70.39
"really just saw",4,387624,70.39
"really just take",4,387628,70.39
"really just tell",4,387632,70.39
"really just tired",4,387636,70.39
"really keep alive",4,387640,70.39
"really know anyone",4,387644,70.39
"really know going",4,387648,70.39
"really know know",4,387652,70.4
"really know like",4,387656,70.4
"really know make",4,387660,70.4
"really know mean",4,387664,70.4
"really know means",4,387668,70.4
"really knows make",4,387672,70.4
"really knows stuff",4,387676,70.4
"really last night",4,387680,70.4
"really let go",4,387684,70.4
"really looking great",4,387688,70.4
"really love austin",4,387692,70.4
"really love just",4,387696,70.4
"really love miss",4,387700,70.4
"really love schedule",4,387704,70.4
"really love tho",4,387708,70.41
"really love time",4,387712,70.41
"really loved choice",4,387716,70.41
"really made feel",4,387720,70.41
"really making want",4,387724,70.41
"really mood go",4,387728,70.41
"really must say",4,387732,70.41
"really needed know",4,387736,70.41
"really nice cool",4,387740,70.41
"really nice time",4,387744,70.41
"really nice way",4,387748,70.41
"really people like",4,387752,70.41
"really proud myself",4,387756,70.41
"really really dislike",4,387760,70.41
"really really enjoyed",4,387764,70.42
"really really liked",4,387768,70.42
"really really long",4,387772,70.42
"really really nice",4,387776,70.42
"really really trying",4,387780,70.42
"really runs twitter",4,387784,70.42
"really short friend",4,387788,70.42
"really simple insist",4,387792,70.42
"really small world",4,387796,70.42
"really smart just",4,387800,70.42
"really stop loving",4,387804,70.42
"really talk anymore",4,387808,70.42
"really think better",4,387812,70.42
"really think follow",4,387816,70.42
"really think just",4,387820,70.43
"really think real",4,387824,70.43
"really think time",4,387828,70.43
"really time get",4,387832,70.43
"really upset don",4,387836,70.43
"really wanna read",4,387840,70.43
"really wish come",4,387844,70.43
"really wish life",4,387848,70.43
"really working hard",4,387852,70.43
"reason changes fail",4,387856,70.43
"reasonable confidence own",4,387860,70.43
"reasons launch expand",4,387864,70.43
"recall gov scott",4,387868,70.43
"recall scott walker",4,387872,70.43
"receive lifetime discount",4,387876,70.44
"receive open champagne",4,387880,70.44
"receiving massage therapy",4,387884,70.44
"recent blog post",4,387888,70.44
"recipe wait try",4,387892,70.44
"recognize good things",4,387896,70.44
"recommend let know",4,387900,70.44
"recommend mention tweet",4,387904,70.44
"record billion profit",4,387908,70.44
"record breaking attendance",4,387912,70.44
"record companies profit",4,387916,70.44
"record new album",4,387920,70.44
"record wait hear",4,387924,70.44
"recording new cd",4,387928,70.45
"recording new songs",4,387932,70.45
"records search risk",4,387936,70.45
"recruiting records management",4,387940,70.45
"red april th",4,387944,70.45
"red bell peppers",4,387948,70.45
"red carpet style",4,387952,70.45
"red eye flights",4,387956,70.45
"red onion red",4,387960,70.45
"red rock canyon",4,387964,70.45
"redskins carolina panthers",4,387968,70.45
"redskins panthers nfl",4,387972,70.45
"reduce blood pressure",4,387976,70.45
"reflect mark twain",4,387980,70.45
"reflecting best dining",4,387984,70.46
"refuses stop fighting",4,387988,70.46
"regarding academic leap",4,387992,70.46
"regarding commitment thing",4,387996,70.46
"regarding manufacturing facility",4,388000,70.46
"reggie miller just",4,388004,70.46
"region ii panel",4,388008,70.46
"register chance win",4,388012,70.46
"register www juvenile",4,388016,70.46
"registered sacramento process",4,388020,70.46
"registration open tonight",4,388024,70.46
"regret anything time",4,388028,70.46
"regret growing older",4,388032,70.46
"regret staying late",4,388036,70.46
"regular duties doug",4,388040,70.47
"regular hours resume",4,388044,70.47
"regular hours tomorrow",4,388048,70.47
"rejection want attention",4,388052,70.47
"related watch desperate",4,388056,70.47
"related watch tree",4,388060,70.47
"relationship anymore fridge",4,388064,70.47
"relationship disagree hold",4,388068,70.47
"relationship fights make",4,388072,70.47
"relationship highly seem",4,388076,70.47
"relationship just get",4,388080,70.47
"relationship tell anything",4,388084,70.47
"relationship waste time",4,388088,70.47
"relaxed dress code",4,388092,70.47
"relay life come",4,388096,70.48
"release april th",4,388100,70.48
"release mobile guide",4,388104,70.48
"release nick collins",4,388108,70.48
"released years ago",4,388112,70.48
"rely twitter marketing",4,388116,70.48
"remain artist grows",4,388120,70.48
"remain friends love",4,388124,70.48
"remedy care products",4,388128,70.48
"remember airplane takes",4,388132,70.48
"remember get vote",4,388136,70.48
"remember greatest use",4,388140,70.48
"remember life goes",4,388144,70.48
"remember mysteries disappear",4,388148,70.49
"remember original worth",4,388152,70.49
"remember taken alcohol",4,388156,70.49
"remember today last",4,388160,70.49
"remember use hashtag",4,388164,70.49
"remember used talk",4,388168,70.49
"remember used tweet",4,388172,70.49
"remembers age robert",4,388176,70.49
"remind bad idea",4,388180,70.49
"reminder meeting tonight",4,388184,70.49
"reminds th grade",4,388188,70.49
"removed human natural",4,388192,70.49
"rent text message",4,388196,70.49
"repair indianapolis contractors",4,388200,70.49
"replay day long",4,388204,70.5
"replied don know",4,388208,70.5
"replies make feel",4,388212,70.5
"reply birthday tuesday",4,388216,70.5
"reply made day",4,388220,70.5
"reported police trap",4,388224,70.5
"reputation like shadow",4,388228,70.5
"reputation trying hard",4,388232,70.5
"reputation twitter case",4,388236,70.5
"request old school",4,388240,70.5
"rescue cause save",4,388244,70.5
"research going world",4,388248,70.5
"reservations mother day",4,388252,70.5
"reserve spot today",4,388256,70.5
"resident dj justin",4,388260,70.51
"resident production goes",4,388264,70.51
"resistance absence mark",4,388268,70.51
"resolve determined soul",4,388272,70.51
"resolve make happen",4,388276,70.51
"respect forget forget",4,388280,70.51
"respect love end",4,388284,70.51
"respect ones think",4,388288,70.51
"responded th st",4,388292,70.51
"responds opportunity peter",4,388296,70.51
"response life joy",4,388300,70.51
"responsibility future george",4,388304,70.51
"responsible say responsible",4,388308,70.51
"rest assured world",4,388312,70.51
"rest day today",4,388316,70.52
"rest day tomorrow",4,388320,70.52
"rest last night",4,388324,70.52
"rest peace missed",4,388328,70.52
"rest season playoffs",4,388332,70.52
"rest spring break",4,388336,70.52
"restaurant ma pm",4,388340,70.52
"restaurant services boston",4,388344,70.52
"restaurant www com",4,388348,70.52
"result better pat",4,388352,70.52
"result get better",4,388356,70.52
"results achieve direct",4,388360,70.52
"results earnings seeking",4,388364,70.52
"return customers receive",4,388368,70.53
"return regularly scheduled",4,388372,70.53
"reunion last night",4,388376,70.53
"rev dr martin",4,388380,70.53
"rev martin luther",4,388384,70.53
"revealed strained muscle",4,388388,70.53
"revenge dish best",4,388392,70.53
"revenge happiness drives",4,388396,70.53
"revenge let keep",4,388400,70.53
"revenge letting keep",4,388404,70.53
"revenge massive success",4,388408,70.53
"review looking forward",4,388412,70.53
"review www com",4,388416,70.53
"reward get lifetime",4,388420,70.53
"rice veggies lunch",4,388424,70.54
"rich act wage",4,388428,70.54
"richmond board medicine",4,388432,70.54
"rid annoying icon",4,388436,70.54
"ride beat tour",4,388440,70.54
"ride night long",4,388444,70.54
"riding school bus",4,388448,70.54
"right doing right",4,388452,70.54
"right feel close",4,388456,70.54
"right frame mind",4,388460,70.54
"right gonna happen",4,388464,70.54
"right gotta go",4,388468,70.54
"right hope get",4,388472,70.54
"right hope good",4,388476,70.54
"right jean king",4,388480,70.55
"right just going",4,388484,70.55
"right just gotta",4,388488,70.55
"right just hope",4,388492,70.55
"right just little",4,388496,70.55
"right just love",4,388500,70.55
"right just might",4,388504,70.55
"right just really",4,388508,70.55
"right just started",4,388512,70.55
"right keep doing",4,388516,70.55
"right makes feel",4,388520,70.55
"right makes sense",4,388524,70.55
"right oh yeah",4,388528,70.55
"right pretty sure",4,388532,70.55
"right ready go",4,388536,70.56
"right right people",4,388540,70.56
"right thing wrong",4,388544,70.56
"right time buy",4,388548,70.56
"right time start",4,388552,70.56
"right wait get",4,388556,70.56
"right work bill",4,388560,70.56
"right yeah buddy",4,388564,70.56
"right year old",4,388568,70.56
"rights civil rights",4,388572,70.56
"rights equal rights",4,388576,70.56
"riley tank riley",4,388580,70.56
"ring song title",4,388584,70.56
"rip al davis",4,388588,70.56
"rip don know",4,388592,70.57
"rip duck dunn",4,388596,70.57
"ripped shredded elite",4,388600,70.57
"rise fall idea",4,388604,70.57
"rising th fort",4,388608,70.57
"rising th pa",4,388612,70.57
"risk high reward",4,388616,70.57
"risk severe weather",4,388620,70.57
"risk think safe",4,388624,70.57
"risk unusual settle",4,388628,70.57
"risks must taken",4,388632,70.57
"risks steal second",4,388636,70.57
"risks win happy",4,388640,70.57
"rivers steel sunday",4,388644,70.58
"road rise meet",4,388648,70.58
"road trip america",4,388652,70.58
"road trip chicago",4,388656,70.58
"road trip florida",4,388660,70.58
"road trip fun",4,388664,70.58
"road trip headed",4,388668,70.58
"road trip san",4,388672,70.58
"road trip soon",4,388676,70.58
"road trip visit",4,388680,70.58
"road walking start",4,388684,70.58
"road win tonight",4,388688,70.58
"roast beef sandwich",4,388692,70.58
"rob thanks following",4,388696,70.58
"rock dog revolution",4,388700,70.59
"rock great day",4,388704,70.59
"rock roll boston",4,388708,70.59
"rock roll like",4,388712,70.59
"rock roll party",4,388716,70.59
"rock thanks shout",4,388720,70.59
"rockies opening day",4,388724,70.59
"rocks carnival coming",4,388728,70.59
"rode mi route",4,388732,70.59
"role does play",4,388736,70.59
"role saints bounty",4,388740,70.59
"rolls non info",4,388744,70.59
"romance develops woman",4,388748,70.59
"romney says obama",4,388752,70.59
"ron paul campaign",4,388756,70.6
"ron paul gets",4,388760,70.6
"ron paul rally",4,388764,70.6
"ron paul ron",4,388768,70.6
"ron paul says",4,388772,70.6
"ronald reagan building",4,388776,70.6
"rookie wage scale",4,388780,70.6
"room blasting music",4,388784,70.6
"room jumps couch",4,388788,70.6
"room listen music",4,388792,70.6
"room new years",4,388796,70.6
"room today pm",4,388800,70.6
"room world room",4,388804,70.6
"roses charity wine",4,388808,70.6
"roses sink river",4,388812,70.61
"rosie happy birthday",4,388816,70.61
"ross austin ally",4,388820,70.61
"rough day work",4,388824,70.61
"rough night last",4,388828,70.61
"round golf year",4,388832,70.61
"round green fox",4,388836,70.61
"round leaving collecting",4,388840,70.61
"round long shapes",4,388844,70.61
"round tee times",4,388848,70.61
"route oklahoma city",4,388852,70.61
"row bb seat",4,388856,70.61
"rsvp needed invite",4,388860,70.61
"rub wrong way",4,388864,70.62
"rude customer service",4,388868,70.62
"ruin ur life",4,388872,70.62
"rule rule himself",4,388876,70.62
"ruled documents judge",4,388880,70.62
"run brick wall",4,388884,70.62
"run candidate mayor",4,388888,70.62
"run clear head",4,388892,70.62
"run don think",4,388896,70.62
"run don want",4,388900,70.62
"run errands hitting",4,388904,70.62
"run feeling good",4,388908,70.62
"run get ready",4,388912,70.62
"run go ahead",4,388916,70.62
"run last week",4,388920,70.63
"run miles week",4,388924,70.63
"run pace using",4,388928,70.63
"run walk coconut",4,388932,70.63
"run world rock",4,388936,70.63
"running away problems",4,388940,70.63
"running errands today",4,388944,70.63
"running social media",4,388948,70.63
"runs don win",4,388952,70.63
"runs room jumps",4,388956,70.63
"rush blood head",4,388960,70.63
"rush meant happen",4,388964,70.63
"rush slap media",4,388968,70.63
"ryan press conference",4,388972,70.63
"sacrifice become charles",4,388976,70.64
"sacrifice gift steve",4,388980,70.64
"sad aggravated happy",4,388984,70.64
"sad day great",4,388988,70.64
"sad day just",4,388992,70.64
"sad join ur",4,388996,70.64
"sad just want",4,389000,70.64
"sad missed today",4,389004,70.64
"sad missing tonight",4,389008,70.64
"sad north carolina",4,389012,70.64
"sad people gave",4,389016,70.64
"sad people love",4,389020,70.64
"sad say bye",4,389024,70.64
"sad thing actually",4,389028,70.64
"sad thing don",4,389032,70.65
"sadness know happiness",4,389036,70.65
"safe fun halloween",4,389040,70.65
"safe fun holiday",4,389044,70.65
"safe spring break",4,389048,70.65
"safe travels friend",4,389052,70.65
"safe travels fun",4,389056,70.65
"safe travels happy",4,389060,70.65
"sage hospitality turn",4,389064,70.65
"said boyfriend eat",4,389068,70.65
"said brought tears",4,389072,70.65
"said come get",4,389076,70.65
"said faster horse",4,389080,70.65
"said impossible tried",4,389084,70.66
"said keep going",4,389088,70.66
"said michael jackson",4,389092,70.66
"said months ago",4,389096,70.66
"said need money",4,389100,70.66
"said pretty lied",4,389104,70.66
"said pretty single",4,389108,70.66
"said really don",4,389112,70.66
"said repeat myself",4,389116,70.66
"said social media",4,389120,70.66
"said supports marriage",4,389124,70.66
"said thank love",4,389128,70.66
"said think get",4,389132,70.66
"said time phone",4,389136,70.66
"said times today",4,389140,70.67
"saints super bowl",4,389144,70.67
"salad mixed greens",4,389148,70.67
"sale ends today",4,389152,70.67
"sale ends tonight",4,389156,70.67
"sale free shipping",4,389160,70.67
"sale garden shop",4,389164,70.67
"sales goes food",4,389168,70.67
"sales tax holiday",4,389172,70.67
"salon ramsey midtown",4,389176,70.67
"salsa dancing tonight",4,389180,70.67
"salute fa da",4,389184,70.67
"samples closing time",4,389188,70.67
"san antonio airport",4,389192,70.67
"san antonio come",4,389196,70.68
"san antonio cool",4,389200,70.68
"san antonio event",4,389204,70.68
"san antonio houston",4,389208,70.68
"san antonio pm",4,389212,70.68
"san antonio right",4,389216,70.68
"san antonio weekend",4,389220,70.68
"san francisco city",4,389224,70.68
"san francisco green",4,389228,70.68
"san francisco let",4,389232,70.68
"san francisco love",4,389236,70.68
"san francisco new",4,389240,70.68
"san francisco saturday",4,389244,70.68
"san francisco st",4,389248,70.68
"san francisco thanks",4,389252,70.69
"san francisco www",4,389256,70.69
"san martin center",4,389260,70.69
"san nuclear power",4,389264,70.69
"sand beat people",4,389268,70.69
"sandwich rolls non",4,389272,70.69
"sandwiches buy get",4,389276,70.69
"santa easter bunny",4,389280,70.69
"santa trip gary",4,389284,70.69
"sarcasm falls mouth",4,389288,70.69
"sat cd release",4,389292,70.69
"saturday club drinks",4,389296,70.69
"saturday come get",4,389300,70.69
"saturday come say",4,389304,70.7
"saturday come support",4,389308,70.7
"saturday contact asap",4,389312,70.7
"saturday get tickets",4,389316,70.7
"saturday gonna great",4,389320,70.7
"saturday june nd",4,389324,70.7
"saturday march st",4,389328,70.7
"saturday morning watching",4,389332,70.7
"saturday morning workout",4,389336,70.7
"saturday mothers day",4,389340,70.7
"saturday needs hurry",4,389344,70.7
"saturday night dance",4,389348,70.7
"saturday night dj",4,389352,70.7
"saturday october st",4,389356,70.7
"saturday sky lounge",4,389360,70.71
"saturday stay tuned",4,389364,70.71
"saturday water street",4,389368,70.71
"saturdays cover night",4,389372,70.71
"sausage pepper pizza",4,389376,70.71
"savage traits custom",4,389380,70.71
"save energy money",4,389384,70.71
"save give feel",4,389388,70.71
"save limited weekend",4,389392,70.71
"save rainy day",4,389396,70.71
"save tons money",4,389400,70.71
"save world tonight",4,389404,70.71
"saved amazing grace",4,389408,70.71
"saved auto industry",4,389412,70.71
"saved bell marathon",4,389416,70.72
"saving money go",4,389420,70.72
"saving private ryan",4,389424,70.72
"savings breath remedy",4,389428,70.72
"savings dr fresh",4,389432,70.72
"savings exclusive save",4,389436,70.72
"savings replacement brush",4,389440,70.72
"saw avengers awesome",4,389444,70.72
"saw avengers great",4,389448,70.72
"saw bath toys",4,389452,70.72
"saw best friend",4,389456,70.72
"saw commercial new",4,389460,70.72
"saw full moon",4,389464,70.72
"saw iron man",4,389468,70.72
"saw old school",4,389472,70.73
"saw past weekend",4,389476,70.73
"saw police officer",4,389480,70.73
"saw really cute",4,389484,70.73
"saw touched money",4,389488,70.73
"saw ur post",4,389492,70.73
"saw yesterday really",4,389496,70.73
"say anything bout",4,389500,70.73
"say anything people",4,389504,70.73
"say baby shy",4,389508,70.73
"say bad words",4,389512,70.73
"say better just",4,389516,70.73
"say cute baby",4,389520,70.73
"say did just",4,389524,70.73
"say don feel",4,389528,70.74
"say don lie",4,389532,70.74
"say don mind",4,389536,70.74
"say gonna love",4,389540,70.74
"say good afternoon",4,389544,70.74
"say good say",4,389548,70.74
"say good time",4,389552,70.74
"say good young",4,389556,70.74
"say gotta love",4,389560,70.74
"say great job",4,389564,70.74
"say great minds",4,389568,70.74
"say greg register",4,389572,70.74
"say haven thought",4,389576,70.74
"say hello get",4,389580,70.75
"say hello people",4,389584,70.75
"say hello thanks",4,389588,70.75
"say hello today",4,389592,70.75
"say hes just",4,389596,70.75
"say just fine",4,389600,70.75
"say just friends",4,389604,70.75
"say just said",4,389608,70.75
"say life pretty",4,389612,70.75
"say like guys",4,389616,70.75
"say like people",4,389620,70.75
"say like wrong",4,389624,70.75
"say love friends",4,389628,70.75
"say love key",4,389632,70.75
"say love must",4,389636,70.76
"say love right",4,389640,70.76
"say love ur",4,389644,70.76
"say made corner",4,389648,70.76
"say make sure",4,389652,70.76
"say mind gets",4,389656,70.76
"say miss fault",4,389660,70.76
"say money talks",4,389664,70.76
"say nice don",4,389668,70.76
"say okay want",4,389672,70.76
"say paint means",4,389676,70.76
"say prayer tonight",4,389680,70.76
"say responsible understand",4,389684,70.76
"say spend time",4,389688,70.76
"say streets don",4,389692,70.77
"say true gave",4,389696,70.77
"say true love",4,389700,70.77
"say vs soccer",4,389704,70.77
"say way live",4,389708,70.77
"say way say",4,389712,70.77
"say work hard",4,389716,70.77
"say yeah right",4,389720,70.77
"say yes time",4,389724,70.77
"saying anything bad",4,389728,70.77
"saying exact thing",4,389732,70.77
"saying going get",4,389736,70.77
"saying good night",4,389740,70.77
"saying happy mother",4,389744,70.77
"saying hello hope",4,389748,70.78
"saying horrible things",4,389752,70.78
"saying looks like",4,389756,70.78
"saying posting bad",4,389760,70.78
"saying sorry real",4,389764,70.78
"saying think saying",4,389768,70.78
"saying weird things",4,389772,70.78
"saying welcome really",4,389776,70.78
"says cares heart",4,389780,70.78
"says christmas like",4,389784,70.78
"says does mean",4,389788,70.78
"says emergency put",4,389792,70.78
"says fair jumping",4,389796,70.78
"says good guy",4,389800,70.79
"says happens reason",4,389804,70.79
"says lets get",4,389808,70.79
"says look beautiful",4,389812,70.79
"says lot person",4,389816,70.79
"says merry christmas",4,389820,70.79
"says people want",4,389824,70.79
"says sunshine brings",4,389828,70.79
"says want make",4,389832,70.79
"sc travel team",4,389836,70.79
"scary movies night",4,389840,70.79
"scenery miss going",4,389844,70.79
"schedule priorities stephen",4,389848,70.79
"schedule really love",4,389852,70.79
"schmidt schmidt schmidt",4,389856,70.8
"school best friends",4,389860,70.8
"school college kids",4,389864,70.8
"school football field",4,389868,70.8
"school gonna miss",4,389872,70.8
"school needs end",4,389876,70.8
"school summer vacation",4,389880,70.8
"school th street",4,389884,70.8
"school today classes",4,389888,70.8
"school today feeling",4,389892,70.8
"school today got",4,389896,70.8
"school tomorrow day",4,389900,70.8
"school tomorrow excited",4,389904,70.8
"school tomorrow get",4,389908,70.8
"school tomorrow got",4,389912,70.81
"school tomorrow take",4,389916,70.81
"school want go",4,389920,70.81
"school year book",4,389924,70.81
"school year done",4,389928,70.81
"school year went",4,389932,70.81
"schools open announcing",4,389936,70.81
"science dallas museum",4,389940,70.81
"science science building",4,389944,70.81
"science social studies",4,389948,70.81
"scout cookies good",4,389952,70.81
"screaming yelling like",4,389956,70.81
"screen set ups",4,389960,70.81
"screening short film",4,389964,70.81
"screwed big time",4,389968,70.82
"sea foam green",4,389972,70.82
"sea salt chocolate",4,389976,70.82
"search brands limited",4,389980,70.82
"search let snow",4,389984,70.82
"search radio stream",4,389988,70.82
"search risk assessment",4,389992,70.82
"searches change responds",4,389996,70.82
"season best time",4,390000,70.82
"season finale dexter",4,390004,70.82
"season finale going",4,390008,70.82
"season finale season",4,390012,70.82
"season finale smash",4,390016,70.82
"season finale time",4,390020,70.83
"season going good",4,390024,70.83
"season going great",4,390028,70.83
"season june th",4,390032,70.83
"season lets go",4,390036,70.83
"season new year",4,390040,70.83
"season premiere glee",4,390044,70.83
"season starring eric",4,390048,70.83
"season tickets year",4,390052,70.83
"season times reach",4,390056,70.83
"season using app",4,390060,70.83
"season wait till",4,390064,70.83
"seat girl jerk",4,390068,70.83
"seats last night",4,390072,70.83
"second book series",4,390076,70.84
"second favorite word",4,390080,70.84
"second hand smoke",4,390084,70.84
"second home run",4,390088,70.84
"second hunger games",4,390092,70.84
"second popular beverage",4,390096,70.84
"second star right",4,390100,70.84
"second time day",4,390104,70.84
"second time days",4,390108,70.84
"second time just",4,390112,70.84
"second time row",4,390116,70.84
"secret agents use",4,390120,70.84
"secret improving cost",4,390124,70.84
"secret life fall",4,390128,70.84
"secret life just",4,390132,70.85
"secret success know",4,390136,70.85
"secrets don make",4,390140,70.85
"secrets health ins",4,390144,70.85
"section restaurant like",4,390148,70.85
"seed plant crab",4,390152,70.85
"seeing avengers today",4,390156,70.85
"seeing avengers weekend",4,390160,70.85
"seeing bright early",4,390164,70.85
"seeing old couples",4,390168,70.85
"seeing old friend",4,390172,70.85
"seeing pretty face",4,390176,70.85
"seeing spider problem",4,390180,70.85
"seeing think like",4,390184,70.85
"seeing war horse",4,390188,70.86
"seek follow men",4,390192,70.86
"seek friend hand",4,390196,70.86
"seek understand understood",4,390200,70.86
"seeks happiness distance",4,390204,70.86
"seem like don",4,390208,70.86
"seem like forever",4,390212,70.86
"seem like person",4,390216,70.86
"seem like work",4,390220,70.86
"seem really cool",4,390224,70.86
"seems pretty cool",4,390228,70.86
"seems really nice",4,390232,70.86
"seen burger king",4,390236,70.86
"seen eyes heart",4,390240,70.86
"seen grown man",4,390244,70.87
"seen new video",4,390248,70.87
"seen new website",4,390252,70.87
"seen people wearing",4,390256,70.87
"seen saturday water",4,390260,70.87
"seen think like",4,390264,70.87
"sees mess moody",4,390268,70.87
"selena deleted instagram",4,390272,70.87
"selena sweetest present",4,390276,70.87
"self defense class",4,390280,70.87
"self respect just",4,390284,70.87
"selling girl scout",4,390288,70.87
"semi near mm",4,390292,70.87
"sen candidate mark",4,390296,70.88
"send address get",4,390300,70.88
"send copy book",4,390304,70.88
"send direct messages",4,390308,70.88
"send email questions",4,390312,70.88
"send email sign",4,390316,70.88
"send followers way",4,390320,70.88
"send frank tony",4,390324,70.88
"send good morning",4,390328,70.88
"send last minute",4,390332,70.88
"send link love",4,390336,70.88
"send link new",4,390340,70.88
"send link post",4,390344,70.88
"send son world",4,390348,70.88
"send text messages",4,390352,70.89
"send ur music",4,390356,70.89
"sending email soon",4,390360,70.89
"sending energy drink",4,390364,70.89
"sending good wishes",4,390368,70.89
"sending prayers hugs",4,390372,70.89
"sending press release",4,390376,70.89
"sending risky text",4,390380,70.89
"sending save date",4,390384,70.89
"seniors san diego",4,390388,70.89
"sense civil war",4,390392,70.89
"sense collection acquired",4,390396,70.89
"sense confidence personal",4,390400,70.89
"sent direct messages",4,390404,70.89
"sent email just",4,390408,70.9
"sent email regarding",4,390412,70.9
"sent email sorry",4,390416,70.9
"sent email wanted",4,390420,70.9
"sent email website",4,390424,70.9
"sent face love",4,390428,70.9
"sent home school",4,390432,70.9
"sent ur phone",4,390436,70.9
"sentence way suspect",4,390440,70.9
"september mean world",4,390444,70.9
"series stanley cup",4,390448,70.9
"series stay tuned",4,390452,70.9
"seriously cutest thing",4,390456,70.9
"seriously feels like",4,390460,70.9
"seriously going make",4,390464,70.91
"seriously needs get",4,390468,70.91
"seriously people need",4,390472,70.91
"seriously think time",4,390476,70.91
"seriously thinking getting",4,390480,70.91
"seriously wait tomorrow",4,390484,70.91
"seriously wants part",4,390488,70.91
"server sacramento ca",4,390492,70.91
"serves simply aim",4,390496,70.91
"service highly recommend",4,390500,70.91
"service law firm",4,390504,70.91
"service shirt charge",4,390508,70.91
"service sponsored today",4,390512,70.91
"service tonight pm",4,390516,70.92
"service vehicles minutes",4,390520,70.92
"services let know",4,390524,70.92
"services oriented architecture",4,390528,70.92
"services san diego",4,390532,70.92
"sesame street live",4,390536,70.92
"session tonight grand",4,390540,70.92
"sessions certified experienced",4,390544,70.92
"set let know",4,390548,70.92
"set prisoner free",4,390552,70.92
"set tablet market",4,390556,70.92
"set time meet",4,390560,70.92
"sets bar high",4,390564,70.92
"sets last night",4,390568,70.92
"seven game series",4,390572,70.93
"seven mile run",4,390576,70.93
"seventh inning stretch",4,390580,70.93
"seventh round pick",4,390584,70.93
"severe warning dallas",4,390588,70.93
"severe weather awareness",4,390592,70.93
"sew clip patch",4,390596,70.93
"shade today planted",4,390600,70.93
"shadow shadow think",4,390604,70.93
"shadow think tree",4,390608,70.93
"shadows fall proverb",4,390612,70.93
"shake crazy people",4,390616,70.93
"shake james harden",4,390620,70.93
"shake let go",4,390624,70.93
"shaking make feel",4,390628,70.94
"shall experiences pass",4,390632,70.94
"shallow men believe",4,390636,70.94
"shannon long ago",4,390640,70.94
"shaped thoughts become",4,390644,70.94
"shapes began appear",4,390648,70.94
"share co workers",4,390652,70.94
"share exciting news",4,390656,70.94
"share exciting opportunity",4,390660,70.94
"share good news",4,390664,70.94
"share savings exclusive",4,390668,70.94
"share twitter facebook",4,390672,70.94
"sharing great info",4,390676,70.94
"sharing post followers",4,390680,70.94
"sharing social media",4,390684,70.95
"shark ancient snow",4,390688,70.95
"shark boy girl",4,390692,70.95
"shark tank want",4,390696,70.95
"shark throws people",4,390700,70.95
"sharp vision backed",4,390704,70.95
"shelf bookstore small",4,390708,70.95
"shine weave specialist",4,390712,70.95
"ship harbor safe",4,390716,70.95
"ship own making",4,390720,70.95
"shirt looking forward",4,390724,70.95
"shirt service shirt",4,390728,70.95
"shoes favorite brand",4,390732,70.95
"shoes world marilyn",4,390736,70.96
"shopping mothers day",4,390740,70.96
"short happy meal",4,390744,70.96
"short hate love",4,390748,70.96
"short hide feelings",4,390752,70.96
"short kiss slowly",4,390756,70.96
"short time ago",4,390760,70.96
"short time follow",4,390764,70.96
"short time frame",4,390768,70.96
"short waste single",4,390772,70.96
"shot music video",4,390776,70.96
"shots fired soundtrack",4,390780,70.96
"shoulder pat author",4,390784,70.96
"shoulders smooth ravens",4,390788,70.96
"shout best friend",4,390792,70.97
"shout follow follow",4,390796,70.97
"shout guys rock",4,390800,70.97
"shout look forward",4,390804,70.97
"shout social media",4,390808,70.97
"shout thanks follow",4,390812,70.97
"shout unto voice",4,390816,70.97
"shout wrong answer",4,390820,70.97
"showcase last night",4,390824,70.97
"showed shannon long",4,390828,70.97
"shower brush teeth",4,390832,70.97
"shower go sleep",4,390836,70.97
"showers lows lower",4,390840,70.97
"showing woody allen",4,390844,70.97
"shows ability ability",4,390848,70.98
"shows announced soon",4,390852,70.98
"shows delicious easy",4,390856,70.98
"shows enjoy watching",4,390860,70.98
"shredded elite trainer",4,390864,70.98
"shuttle just flew",4,390868,70.98
"sight vision helen",4,390872,70.98
"sign free newsletter",4,390876,70.98
"sign get free",4,390880,70.98
"sign record companies",4,390884,70.98
"signal plans sound",4,390888,70.98
"signed copy square",4,390892,70.98
"signed www com",4,390896,70.98
"significant amount time",4,390900,70.98
"signs email get",4,390904,70.99
"signs high people",4,390908,70.99
"signs minor league",4,390912,70.99
"signs pickup delivered",4,390916,70.99
"silence absence value",4,390920,70.99
"silent anything say",4,390924,70.99
"silver coins articles",4,390928,70.99
"simon dylan ian",4,390932,70.99
"simple act paying",4,390936,70.99
"simple insist making",4,390940,70.99
"simpler albert einstein",4,390944,70.99
"simplicity hope clothes",4,390948,70.99
"simply don care",4,390952,70.99
"simply don understand",4,390956,71
"simply give mistakes",4,390960,71
"simply haven paid",4,390964,71
"simply thinking fingers",4,390968,71
"simpson named daughter",4,390972,71
"sin cast stone",4,390976,71
"sin self destruction",4,390980,71
"sincerely know lazy",4,390984,71
"sincerely normal people",4,390988,71
"sing like don",4,390992,71
"sing makes beautiful",4,390996,71
"singer songwriter check",4,391000,71
"singer songwriter series",4,391004,71
"singing love songs",4,391008,71
"singing outside window",4,391012,71.01
"singing song artist",4,391016,71.01
"singing sounds like",4,391020,71.01
"singing star banner",4,391024,71.01
"singing taylor swift",4,391028,71.01
"single define relationship",4,391032,71.01
"single does mean",4,391036,71.01
"single friday night",4,391040,71.01
"single little thing",4,391044,71.01
"single mentally dating",4,391048,71.01
"single said pretty",4,391052,71.01
"single status word",4,391056,71.01
"single taken just",4,391060,71.01
"single thing say",4,391064,71.01
"sings go follow",4,391068,71.02
"sink full dishes",4,391072,71.02
"sink river dawn",4,391076,71.02
"sins public speaking",4,391080,71.02
"sipping green tea",4,391084,71.02
"sister just called",4,391088,71.02
"sister just told",4,391092,71.02
"site followers site",4,391096,71.02
"site goes live",4,391100,71.02
"site looks fantastic",4,391104,71.02
"site profile social",4,391108,71.02
"site social media",4,391112,71.02
"site specific performance",4,391116,71.02
"site take look",4,391120,71.02
"site thanks follow",4,391124,71.03
"sitting desk day",4,391128,71.03
"sitting doctors office",4,391132,71.03
"sitting home doing",4,391136,71.03
"sitting outside patio",4,391140,71.03
"sitting waiting room",4,391144,71.03
"sixth cup coffee",4,391148,71.03
"size dog size",4,391152,71.03
"skies tonight low",4,391156,71.03
"skin care product",4,391160,71.03
"skin light skin",4,391164,71.03
"sky blue sun",4,391168,71.03
"sky limit don",4,391172,71.03
"sky street fashion",4,391176,71.03
"slam dunk blake",4,391180,71.04
"slam last night",4,391184,71.04
"slap media matters",4,391188,71.04
"sleep anytime soon",4,391192,71.04
"sleep couple hours",4,391196,71.04
"sleep felt like",4,391200,71.04
"sleep go get",4,391204,71.04
"sleep hours ago",4,391208,71.04
"sleep late wake",4,391212,71.04
"sleep nap time",4,391216,71.04
"sleep past days",4,391220,71.04
"sleep tomorrow love",4,391224,71.04
"sleeping broken heart",4,391228,71.04
"sleeping waste time",4,391232,71.05
"sleeping window open",4,391236,71.05
"sleeve bottom shirt",4,391240,71.05
"slice bread loaf",4,391244,71.05
"slick music studio",4,391248,71.05
"slip diary author",4,391252,71.05
"slots filling fast",4,391256,71.05
"slow walker way",4,391260,71.05
"small act kindness",4,391264,71.05
"small business marketing",4,391268,71.05
"small does serve",4,391272,71.05
"small drink tax",4,391276,71.05
"small stones proverb",4,391280,71.05
"small took personality",4,391284,71.05
"small value rest",4,391288,71.06
"smallest acts secret",4,391292,71.06
"smart man smart",4,391296,71.06
"smart remember better",4,391300,71.06
"smarter th grader",4,391304,71.06
"smell like candy",4,391308,71.06
"smell like chicken",4,391312,71.06
"smell like dude",4,391316,71.06
"smell like roses",4,391320,71.06
"smell rock cooking",4,391324,71.06
"smells like beer",4,391328,71.06
"smells like cat",4,391332,71.06
"smells like chocolate",4,391336,71.06
"smells like food",4,391340,71.06
"smells like grape",4,391344,71.07
"smells like just",4,391348,71.07
"smells like ocean",4,391352,71.07
"smells like pizza",4,391356,71.07
"smells like straight",4,391360,71.07
"smells like tacos",4,391364,71.07
"smile beginning love",4,391368,71.07
"smile ear ear",4,391372,71.07
"smile laugh breathe",4,391376,71.07
"smile love reason",4,391380,71.07
"smile love talking",4,391384,71.07
"smile melt inside",4,391388,71.07
"smile smile beginning",4,391392,71.07
"smile smile source",4,391396,71.07
"smile source joy",4,391400,71.08
"smile trigger kisses",4,391404,71.08
"smiling craft beers",4,391408,71.08
"smiling life beautiful",4,391412,71.08
"smith fox news",4,391416,71.08
"smoke lot weed",4,391420,71.08
"smoked garlic sausage",4,391424,71.08
"smoked tomato butter",4,391428,71.08
"smoking don care",4,391432,71.08
"smoking section restaurant",4,391436,71.08
"smooth ravens morrison",4,391440,71.08
"smooth sea made",4,391444,71.08
"sneak preview new",4,391448,71.08
"snow shark ancient",4,391452,71.09
"snow snow day",4,391456,71.09
"soccer games today",4,391460,71.09
"soccer related tweet",4,391464,71.09
"soccer training tonight",4,391468,71.09
"social grill lounge",4,391472,71.09
"social media account",4,391476,71.09
"social media advertising",4,391480,71.09
"social media advice",4,391484,71.09
"social media becoming",4,391488,71.09
"social media boot",4,391492,71.09
"social media changed",4,391496,71.09
"social media check",4,391500,71.09
"social media contact",4,391504,71.09
"social media contest",4,391508,71.1
"social media course",4,391512,71.1
"social media data",4,391516,71.1
"social media discussion",4,391520,71.1
"social media editor",4,391524,71.1
"social media effort",4,391528,71.1
"social media engage",4,391532,71.1
"social media experience",4,391536,71.1
"social media find",4,391540,71.1
"social media folks",4,391544,71.1
"social media go",4,391548,71.1
"social media goals",4,391552,71.1
"social media influence",4,391556,71.1
"social media join",4,391560,71.1
"social media leaders",4,391564,71.11
"social media libraries",4,391568,71.11
"social media managers",4,391572,71.11
"social media media",4,391576,71.11
"social media non",4,391580,71.11
"social media outlet",4,391584,71.11
"social media personal",4,391588,71.11
"social media probably",4,391592,71.11
"social media professionals",4,391596,71.11
"social media public",4,391600,71.11
"social media reply",4,391604,71.11
"social media sales",4,391608,71.11
"social media savvy",4,391612,71.11
"social media seems",4,391616,71.11
"social media stay",4,391620,71.12
"social media tech",4,391624,71.12
"social media technology",4,391628,71.12
"social media think",4,391632,71.12
"social media tomorrow",4,391636,71.12
"social media universe",4,391640,71.12
"social media user",4,391644,71.12
"social media watch",4,391648,71.12
"social media writing",4,391652,71.12
"social sites goo",4,391656,71.12
"sodium sodium sodium",4,391660,71.12
"soft low expectations",4,391664,71.12
"softball team tonight",4,391668,71.12
"softball won university",4,391672,71.13
"sold amazon com",4,391676,71.13
"sold last year",4,391680,71.13
"sold living social",4,391684,71.13
"soldiers coming home",4,391688,71.13
"solution life problems",4,391692,71.13
"solution temporary problem",4,391696,71.13
"solutions problem accept",4,391700,71.13
"solve problem like",4,391704,71.13
"somebody come visit",4,391708,71.13
"somebody helped gibson",4,391712,71.13
"somebody just asked",4,391716,71.13
"somebody just got",4,391720,71.13
"somebody succeeded maya",4,391724,71.13
"son date classy",4,391728,71.14
"son daughter law",4,391732,71.14
"son little league",4,391736,71.14
"son looks like",4,391740,71.14
"song boyfriend amazing",4,391744,71.14
"song feels like",4,391748,71.14
"song get head",4,391752,71.14
"song ladies love",4,391756,71.14
"song learned guitar",4,391760,71.14
"song new record",4,391764,71.14
"song red solo",4,391768,71.14
"song santa autism",4,391772,71.14
"song taylor swift",4,391776,71.14
"songs get ready",4,391780,71.14
"songs get stuck",4,391784,71.15
"songs walk music",4,391788,71.15
"sonic burgers pm",4,391792,71.15
"sonic happy hour",4,391796,71.15
"soon came home",4,391800,71.15
"soon check website",4,391804,71.15
"soon don like",4,391808,71.15
"soon follow updates",4,391812,71.15
"soon get bed",4,391816,71.15
"soon get rid",4,391820,71.15
"soon got new",4,391824,71.15
"soon miss guys",4,391828,71.15
"soon need get",4,391832,71.15
"soon new music",4,391836,71.15
"soon release mobile",4,391840,71.16
"soon spread word",4,391844,71.16
"soon super excited",4,391848,71.16
"soon wise late",4,391852,71.16
"sooner fall time",4,391856,71.16
"sore feels good",4,391860,71.16
"sorry bacon tasty",4,391864,71.16
"sorry folks got",4,391868,71.16
"sorry forgot tell",4,391872,71.16
"sorry hear aunt",4,391876,71.16
"sorry hear dog",4,391880,71.16
"sorry hear email",4,391884,71.16
"sorry hear father",4,391888,71.16
"sorry hear friend",4,391892,71.16
"sorry hear need",4,391896,71.17
"sorry hear tell",4,391900,71.17
"sorry hear ur",4,391904,71.17
"sorry just responding",4,391908,71.17
"sorry missed earlier",4,391912,71.17
"sorry missed event",4,391916,71.17
"sorry missed saturday",4,391920,71.17
"sorry missed tonight",4,391924,71.17
"sorry sound like",4,391928,71.17
"sorry spelled wrong",4,391932,71.17
"sorry technical difficulties",4,391936,71.17
"sorry think just",4,391940,71.17
"sorry won able",4,391944,71.17
"sort feel like",4,391948,71.18
"soul composed harmony",4,391952,71.18
"sound amazing right",4,391956,71.18
"sound design today",4,391960,71.18
"sound like doing",4,391964,71.18
"sound like girl",4,391968,71.18
"sound like great",4,391972,71.18
"sound like lot",4,391976,71.18
"sound like mom",4,391980,71.18
"sound like need",4,391984,71.18
"sound like radio",4,391988,71.18
"sound like want",4,391992,71.18
"sounding pretty good",4,391996,71.18
"sounds bout right",4,392000,71.18
"sounds great doing",4,392004,71.19
"sounds great good",4,392008,71.19
"sounds like actually",4,392012,71.19
"sounds like beautiful",4,392016,71.19
"sounds like cat",4,392020,71.19
"sounds like crazy",4,392024,71.19
"sounds like dc",4,392028,71.19
"sounds like fabulous",4,392032,71.19
"sounds like fascinating",4,392036,71.19
"sounds like guy",4,392040,71.19
"sounds like hit",4,392044,71.19
"sounds like joke",4,392048,71.19
"sounds like keeper",4,392052,71.19
"sounds like la",4,392056,71.19
"sounds like last",4,392060,71.2
"sounds like life",4,392064,71.2
"sounds like lucky",4,392068,71.2
"sounds like maybe",4,392072,71.2
"sounds like meeting",4,392076,71.2
"sounds like move",4,392080,71.2
"sounds like oh",4,392084,71.2
"sounds like pain",4,392088,71.2
"sounds like productive",4,392092,71.2
"sounds like radio",4,392096,71.2
"sounds like sad",4,392100,71.2
"sounds like singing",4,392104,71.2
"sounds like small",4,392108,71.2
"sounds like sort",4,392112,71.2
"sounds like starting",4,392116,71.21
"sounds like story",4,392120,71.21
"sounds like team",4,392124,71.21
"sounds like terrific",4,392128,71.21
"sounds like tom",4,392132,71.21
"sounds like train",4,392136,71.21
"sounds like weekend",4,392140,71.21
"sounds like white",4,392144,71.21
"sounds like worst",4,392148,71.21
"sounds wonderful right",4,392152,71.21
"soup day chicken",4,392156,71.21
"soup day tomato",4,392160,71.21
"soups country vegetable",4,392164,71.21
"soups cream mushroom",4,392168,71.22
"soups day squash",4,392172,71.22
"soups day white",4,392176,71.22
"source smile smile",4,392180,71.22
"south art festival",4,392184,71.22
"south bend indiana",4,392188,71.22
"south cleveland ave",4,392192,71.22
"south conference room",4,392196,71.22
"south dakota state",4,392200,71.22
"south looks like",4,392204,71.22
"south mountain yoga",4,392208,71.22
"space access costs",4,392212,71.22
"spam change password",4,392216,71.22
"speaking different language",4,392220,71.22
"speaking different languages",4,392224,71.23
"speaking info marketing",4,392228,71.23
"speaking liberty university",4,392232,71.23
"speaking rd person",4,392236,71.23
"speaks loud hear",4,392240,71.23
"speaks new book",4,392244,71.23
"special collections archives",4,392248,71.23
"special dj video",4,392252,71.23
"special limited edition",4,392256,71.23
"special love mom",4,392260,71.23
"special needs child",4,392264,71.23
"special needs children",4,392268,71.23
"special place heaven",4,392272,71.23
"special place reserved",4,392276,71.23
"special services group",4,392280,71.24
"special victims unit",4,392284,71.24
"specials don miss",4,392288,71.24
"specials live music",4,392292,71.24
"specials till pm",4,392296,71.24
"specials today instant",4,392300,71.24
"specific steps must",4,392304,71.24
"speech like thank",4,392308,71.24
"spelling bee tonight",4,392312,71.24
"spend entire weekend",4,392316,71.24
"spend friday nights",4,392320,71.24
"spend hard earned",4,392324,71.24
"spend lots time",4,392328,71.24
"spend time best",4,392332,71.24
"spend time don",4,392336,71.25
"spend time jim",4,392340,71.25
"spend time kids",4,392344,71.25
"spend time like",4,392348,71.25
"spend time weekend",4,392352,71.25
"spend time writing",4,392356,71.25
"spend valentines day",4,392360,71.25
"spending everyday corner",4,392364,71.25
"spending money don",4,392368,71.25
"spending night house",4,392372,71.25
"spending time daughter",4,392376,71.25
"spending time guys",4,392380,71.25
"spending time just",4,392384,71.25
"spending time little",4,392388,71.26
"spending time mom",4,392392,71.26
"spending time watching",4,392396,71.26
"spending valentine day",4,392400,71.26
"spending way time",4,392404,71.26
"spent couple hours",4,392408,71.26
"spent great day",4,392412,71.26
"spent minutes walking",4,392416,71.26
"spent rest day",4,392420,71.26
"spent unhappy wasted",4,392424,71.26
"spice latte crisp",4,392428,71.26
"spice latte season",4,392432,71.26
"spider man trailer",4,392436,71.26
"spider unless pay",4,392440,71.26
"spiritual effectively fuel",4,392444,71.27
"spoken word poetry",4,392448,71.27
"spokesman everybody source",4,392452,71.27
"sponsored today runs",4,392456,71.27
"sponsors interested get",4,392460,71.27
"sponsors sure get",4,392464,71.27
"sport new car",4,392468,71.27
"sports bar grill",4,392472,71.27
"sports bar live",4,392476,71.27
"sports extremely good",4,392480,71.27
"sports performance nyc",4,392484,71.27
"spots filling fast",4,392488,71.27
"spreading word great",4,392492,71.27
"spreading word let",4,392496,71.27
"spring forward fall",4,392500,71.28
"spring lecture series",4,392504,71.28
"spring spectacular carnival",4,392508,71.28
"spring time spring",4,392512,71.28
"spring time weather",4,392516,71.28
"spring workshop series",4,392520,71.28
"sprinkle greatness coming",4,392524,71.28
"spurs game tonight",4,392528,71.28
"spurs game visit",4,392532,71.28
"spurs go spurs",4,392536,71.28
"spy word reply",4,392540,71.28
"square farmers market",4,392544,71.28
"square last night",4,392548,71.28
"sr java developer",4,392552,71.28
"st cup coffee",4,392556,71.29
"st day classes",4,392560,71.29
"st day fall",4,392564,71.29
"st day going",4,392568,71.29
"st day got",4,392572,71.29
"st day rest",4,392576,71.29
"st francis sales",4,392580,71.29
"st grade teacher",4,392584,71.29
"st hot new",4,392588,71.29
"st james cathedral",4,392592,71.29
"st last time",4,392596,71.29
"st louis area",4,392600,71.29
"st manhattan ny",4,392604,71.29
"st milwaukee wi",4,392608,71.29
"st month free",4,392612,71.3
"st pete fl",4,392616,71.3
"st playoff game",4,392620,71.3
"st th th",4,392624,71.3
"st time get",4,392628,71.3
"st time tonight",4,392632,71.3
"st valentines day",4,392636,71.3
"st wedding anniversary",4,392640,71.3
"stadium target opening",4,392644,71.3
"staff san diego",4,392648,71.3
"stage tonight come",4,392652,71.3
"stairs going stairs",4,392656,71.3
"stairs step time",4,392660,71.3
"stall hints given",4,392664,71.31
"stand direction moving",4,392668,71.31
"stand fake people",4,392672,71.31
"stand ground laws",4,392676,71.31
"stand people don",4,392680,71.31
"standing bus stop",4,392684,71.31
"standing right love",4,392688,71.31
"star service star",4,392692,71.31
"star wars lord",4,392696,71.31
"star wars old",4,392700,71.31
"star wars time",4,392704,71.31
"star wars video",4,392708,71.31
"starbucks live updates",4,392712,71.31
"starbucks starbucks live",4,392716,71.31
"starbucks tribute blend",4,392720,71.32
"starbucks want chat",4,392724,71.32
"stare people getting",4,392728,71.32
"stare steps must",4,392732,71.32
"staring body movie",4,392736,71.32
"start acting age",4,392740,71.32
"start blog called",4,392744,71.32
"start chain reaction",4,392748,71.32
"start day just",4,392752,71.32
"start day way",4,392756,71.32
"start drinking coffee",4,392760,71.32
"start fan club",4,392764,71.32
"start fresh new",4,392768,71.32
"start good morning",4,392772,71.32
"start looking forward",4,392776,71.33
"start new semester",4,392780,71.33
"start operate own",4,392784,71.33
"start own home",4,392788,71.33
"start planning summer",4,392792,71.33
"start pointing fingers",4,392796,71.33
"start rock band",4,392800,71.33
"start spending money",4,392804,71.33
"start taking clothes",4,392808,71.33
"start taking orders",4,392812,71.33
"start wearing gloves",4,392816,71.33
"start work day",4,392820,71.33
"start www com",4,392824,71.33
"started listening music",4,392828,71.33
"started months ago",4,392832,71.34
"started spring break",4,392836,71.34
"started twitter account",4,392840,71.34
"starting april happy",4,392844,71.34
"starting brand new",4,392848,71.34
"starting early morning",4,392852,71.34
"starting early today",4,392856,71.34
"starting high school",4,392860,71.34
"starting jan th",4,392864,71.34
"starting light end",4,392868,71.34
"starting stop giving",4,392872,71.34
"starting support group",4,392876,71.34
"starting weekend right",4,392880,71.34
"starts happy hour",4,392884,71.35
"starts hour get",4,392888,71.35
"starts hour tonight",4,392892,71.35
"starts pm go",4,392896,71.35
"starts pm goes",4,392900,71.35
"state farm yankees",4,392904,71.35
"state florida state",4,392908,71.35
"state life reflection",4,392912,71.35
"statement internet tired",4,392916,71.35
"station arrive manner",4,392920,71.35
"station living landmark",4,392924,71.35
"station smells like",4,392928,71.35
"statue honor critic",4,392932,71.35
"status free active",4,392936,71.35
"status word word",4,392940,71.36
"stay away friends",4,392944,71.36
"stay cool hot",4,392948,71.36
"stay home cuddle",4,392952,71.36
"stay home drink",4,392956,71.36
"stay home eat",4,392960,71.36
"stay home going",4,392964,71.36
"stay home play",4,392968,71.36
"stay person promised",4,392972,71.36
"stay safe friends",4,392976,71.36
"stay safe keep",4,392980,71.36
"stay safe weekend",4,392984,71.36
"stay true self",4,392988,71.36
"stay tune details",4,392992,71.36
"stay tune minutes",4,392996,71.37
"steal lunch money",4,393000,71.37
"steals man better",4,393004,71.37
"steel sunday heritage",4,393008,71.37
"step event deal",4,393012,71.37
"step lead world",4,393016,71.37
"step take step",4,393020,71.37
"step way wayne",4,393024,71.37
"stepping comfort zone",4,393028,71.37
"steps business success",4,393032,71.37
"steve harvey morning",4,393036,71.37
"steve jobs book",4,393040,71.37
"steve jobs legacy",4,393044,71.37
"steve jobs life",4,393048,71.37
"steve jobs man",4,393052,71.38
"steve jobs resigned",4,393056,71.38
"stoked new album",4,393060,71.38
"stomach making weird",4,393064,71.38
"stone cold fox",4,393068,71.38
"stone soldier journey",4,393072,71.38
"stop animals allow",4,393076,71.38
"stop asking things",4,393080,71.38
"stop bullying people",4,393084,71.38
"stop chance win",4,393088,71.38
"stop close eyes",4,393092,71.38
"stop complaining start",4,393096,71.38
"stop crying get",4,393100,71.38
"stop drinking beer",4,393104,71.39
"stop enter win",4,393108,71.39
"stop fill application",4,393112,71.39
"stop following following",4,393116,71.39
"stop getting involved",4,393120,71.39
"stop going bed",4,393124,71.39
"stop great deals",4,393128,71.39
"stop great food",4,393132,71.39
"stop hating start",4,393136,71.39
"stop having fun",4,393140,71.39
"stop helping loving",4,393144,71.39
"stop let get",4,393148,71.39
"stop let just",4,393152,71.39
"stop look like",4,393156,71.39
"stop looking pictures",4,393160,71.4
"stop lunch today",4,393164,71.4
"stop new york",4,393168,71.4
"stop posting pictures",4,393172,71.4
"stop problems stop",4,393176,71.4
"stop reading book",4,393180,71.4
"stop sat sun",4,393184,71.4
"stop staying late",4,393188,71.4
"stop talking good",4,393192,71.4
"stop talking wise",4,393196,71.4
"stop tomorrow free",4,393200,71.4
"stop tomorrow night",4,393204,71.4
"stop visit booth",4,393208,71.4
"stop visit time",4,393212,71.4
"stop waves learn",4,393216,71.41
"stop women repeal",4,393220,71.41
"stop worrying love",4,393224,71.41
"stopped gas station",4,393228,71.41
"stopped living life",4,393232,71.41
"stopped working week",4,393236,71.41
"stopping right feel",4,393240,71.41
"stops advertising save",4,393244,71.41
"stops clock save",4,393248,71.41
"stops learning old",4,393252,71.41
"stops trying girl",4,393256,71.41
"store android market",4,393260,71.41
"store get free",4,393264,71.41
"store let know",4,393268,71.41
"store parking lot",4,393272,71.42
"stories does write",4,393276,71.42
"storms hate storms",4,393280,71.42
"story don think",4,393284,71.42
"story opens buddy",4,393288,71.42
"strange things like",4,393292,71.42
"strangely loyal performing",4,393296,71.42
"stranger random www",4,393300,71.42
"strawberry short cake",4,393304,71.42
"street ale house",4,393308,71.42
"street los angeles",4,393312,71.42
"strength intelligence key",4,393316,71.42
"strength solely louis",4,393320,71.42
"stress depression lower",4,393324,71.43
"strike till iron",4,393328,71.43
"strings attached perfect",4,393332,71.43
"strokes different folks",4,393336,71.43
"strong collection amazon",4,393340,71.43
"strong word like",4,393344,71.43
"strong word love",4,393348,71.43
"strongest people know",4,393352,71.43
"struggle life balance",4,393356,71.43
"struggling nyc musician",4,393360,71.43
"stuck head know",4,393364,71.43
"stuck head last",4,393368,71.43
"stuck head like",4,393372,71.43
"stuck inside working",4,393376,71.43
"student id card",4,393380,71.44
"students don know",4,393384,71.44
"students looking forward",4,393388,71.44
"students need learn",4,393392,71.44
"students teachers parents",4,393396,71.44
"students use twitter",4,393400,71.44
"studio day today",4,393404,71.44
"studio finishing new",4,393408,71.44
"study crush lasts",4,393412,71.44
"study little bit",4,393416,71.44
"stuff don need",4,393420,71.44
"stuff don want",4,393424,71.44
"stuff done today",4,393428,71.44
"stuff equally succeed",4,393432,71.44
"stuff good luck",4,393436,71.45
"stuff great job",4,393440,71.45
"stuff headed way",4,393444,71.45
"stuff new stuff",4,393448,71.45
"sub bus driver",4,393452,71.45
"submit songs go",4,393456,71.45
"subscribe www youtube",4,393460,71.45
"succeed jump quickly",4,393464,71.45
"succeed know going",4,393468,71.45
"success dependent effort",4,393472,71.45
"success divided basic",4,393476,71.45
"success gets morning",4,393480,71.45
"success looking forward",4,393484,71.45
"success old abc",4,393488,71.45
"success proof achieve",4,393492,71.46
"success rise early",4,393496,71.46
"success stay tuned",4,393500,71.46
"success tell know",4,393504,71.46
"successful people looking",4,393508,71.46
"successful small business",4,393512,71.46
"sudden stop end",4,393516,71.46
"suffered soul sees",4,393520,71.46
"summer day camp",4,393524,71.46
"summer gonna awesome",4,393528,71.46
"summer gonna crazy",4,393532,71.46
"summer high school",4,393536,71.46
"summer ice cream",4,393540,71.46
"summer internship program",4,393544,71.46
"summer san diego",4,393548,71.47
"summit looking forward",4,393552,71.47
"sun dc free",4,393556,71.47
"sun feels like",4,393560,71.47
"sun shadows fall",4,393564,71.47
"sunday april nd",4,393568,71.47
"sunday bloody sunday",4,393572,71.47
"sunday come get",4,393576,71.47
"sunday dual morning",4,393580,71.47
"sunday good morning",4,393584,71.47
"sunday heritage market",4,393588,71.47
"sunday hope enjoying",4,393592,71.47
"sunday looks like",4,393596,71.47
"sunday morning hope",4,393600,71.48
"sunday morning worship",4,393604,71.48
"sunday night just",4,393608,71.48
"sunday night slow",4,393612,71.48
"sunday october th",4,393616,71.48
"sunday perfect day",4,393620,71.48
"sunday pray crop",4,393624,71.48
"sunday san diego",4,393628,71.48
"sunlight lose baby",4,393632,71.48
"sunny degree weather",4,393636,71.48
"sunny skies high",4,393640,71.48
"sunny south florida",4,393644,71.48
"sunny warm weather",4,393648,71.48
"sunshine brings happiness",4,393652,71.48
"super excited begin",4,393656,71.49
"super excited celebrate",4,393660,71.49
"super excited meet",4,393664,71.49
"super excited today",4,393668,71.49
"super funny dude",4,393672,71.49
"super good looking",4,393676,71.49
"super happy birthday",4,393680,71.49
"super happy fun",4,393684,71.49
"super hero day",4,393688,71.49
"super jealous right",4,393692,71.49
"super late night",4,393696,71.49
"super pumped tonight",4,393700,71.49
"super stoked tonight",4,393704,71.49
"super super super",4,393708,71.49
"superb computer graphics",4,393712,71.5
"superior teacher great",4,393716,71.5
"support arts education",4,393720,71.5
"support cried watching",4,393724,71.5
"support good luck",4,393728,71.5
"support happy friday",4,393732,71.5
"support site profile",4,393736,71.5
"support spreading word",4,393740,71.5
"supporting businesses site",4,393744,71.5
"supporting contemporary ballet",4,393748,71.5
"supposed best part",4,393752,71.5
"supposed sound like",4,393756,71.5
"supposed supposed help",4,393760,71.5
"sure check blog",4,393764,71.5
"sure check get",4,393768,71.51
"sure check let",4,393772,71.51
"sure check monday",4,393776,71.51
"sure check today",4,393780,71.51
"sure check tonight",4,393784,71.51
"sure check videos",4,393788,71.51
"sure follow friends",4,393792,71.51
"sure follow support",4,393796,71.51
"sure followed thanks",4,393800,71.51
"sure fun watch",4,393804,71.51
"sure get contact",4,393808,71.51
"sure get make",4,393812,71.51
"sure get tonight",4,393816,71.51
"sure get ur",4,393820,71.52
"sure give credit",4,393824,71.52
"sure guys follow",4,393828,71.52
"sure heart take",4,393832,71.52
"sure join facebook",4,393836,71.52
"sure just mark",4,393840,71.52
"sure knows make",4,393844,71.52
"sure looks good",4,393848,71.52
"sure people don",4,393852,71.52
"sure people know",4,393856,71.52
"sure people like",4,393860,71.52
"sure stay safe",4,393864,71.52
"sure thing best",4,393868,71.52
"sure wanna go",4,393872,71.52
"sure wanna know",4,393876,71.53
"sure wish make",4,393880,71.53
"sure won get",4,393884,71.53
"sure won mind",4,393888,71.53
"sure worth watching",4,393892,71.53
"surf crowd surf",4,393896,71.53
"surfing stop place",4,393900,71.53
"surprised don get",4,393904,71.53
"surround good people",4,393908,71.53
"survey washington lists",4,393912,71.53
"sushi beer wine",4,393916,71.53
"sushi champagne dinner",4,393920,71.53
"swag wants gentlemen",4,393924,71.53
"swear auto correct",4,393928,71.53
"swear feels like",4,393932,71.54
"swear just got",4,393936,71.54
"sweat hot yoga",4,393940,71.54
"sweat petty things",4,393944,71.54
"sweep sweep sweep",4,393948,71.54
"sweet dreams made",4,393952,71.54
"sweet dreams tomorrow",4,393956,71.54
"sweet dreams tonight",4,393960,71.54
"sweet little year",4,393964,71.54
"sweetest known defeat",4,393968,71.54
"sweetest present life",4,393972,71.54
"sweetheart wife best",4,393976,71.54
"swimming said said",4,393980,71.54
"swing say hi",4,393984,71.54
"syndrome think time",4,393988,71.55
"tab facebook page",4,393992,71.55
"table chance win",4,393996,71.55
"tablet market new",4,394000,71.55
"tackle weight loss",4,394004,71.55
"taco bell don",4,394008,71.55
"taco bell get",4,394012,71.55
"taco bell good",4,394016,71.55
"taco bell got",4,394020,71.55
"taco bell new",4,394024,71.55
"taco bell run",4,394028,71.55
"taco bell sauce",4,394032,71.55
"taco bell tacos",4,394036,71.55
"taco del mar",4,394040,71.56
"taco last night",4,394044,71.56
"tag chance win",4,394048,71.56
"tag team champions",4,394052,71.56
"take advantage amazing",4,394056,71.56
"take advantage monday",4,394060,71.56
"take advantage new",4,394064,71.56
"take advantage people",4,394068,71.56
"take away buy",4,394072,71.56
"take bbq ribs",4,394076,71.56
"take big deep",4,394080,71.56
"take center stage",4,394084,71.56
"take charge health",4,394088,71.56
"take class today",4,394092,71.56
"take don look",4,394096,71.57
"take dreams take",4,394100,71.57
"take forever text",4,394104,71.57
"take full credit",4,394108,71.57
"take granted people",4,394112,71.57
"take hip hop",4,394116,71.57
"take hours get",4,394120,71.57
"take isolated complaints",4,394124,71.57
"take job seriously",4,394128,71.57
"take just like",4,394132,71.57
"take look awesome",4,394136,71.57
"take look right",4,394140,71.57
"take look site",4,394144,71.57
"take love hate",4,394148,71.57
"take love take",4,394152,71.58
"take make sure",4,394156,71.58
"take money politics",4,394160,71.58
"take nap right",4,394164,71.58
"take nap start",4,394168,71.58
"take nap time",4,394172,71.58
"take nap wake",4,394176,71.58
"take opportunity wish",4,394180,71.58
"take risks win",4,394184,71.58
"take screen shots",4,394188,71.58
"take spring break",4,394192,71.58
"take take granted",4,394196,71.58
"take takes character",4,394200,71.58
"take test drive",4,394204,71.58
"take things personally",4,394208,71.59
"take time appreciate",4,394212,71.59
"take time don",4,394216,71.59
"take time explore",4,394220,71.59
"take time follow",4,394224,71.59
"take time getting",4,394228,71.59
"take time let",4,394232,71.59
"take time remember",4,394236,71.59
"take time research",4,394240,71.59
"take time rest",4,394244,71.59
"take time right",4,394248,71.59
"take time set",4,394252,71.59
"take time time",4,394256,71.59
"take time work",4,394260,71.59
"take ur word",4,394264,71.6
"take years get",4,394268,71.6
"take yo home",4,394272,71.6
"take yo money",4,394276,71.6
"taken alcohol alcohol",4,394280,71.6
"taken long time",4,394284,71.6
"takes limits own",4,394288,71.6
"takes little longer",4,394292,71.6
"takes lot get",4,394296,71.6
"takes lot work",4,394300,71.6
"takes sadness know",4,394304,71.6
"takes speak truth",4,394308,71.6
"takes years get",4,394312,71.6
"taking bus home",4,394316,71.61
"taking finals week",4,394320,71.61
"taking forever just",4,394324,71.61
"taking kids school",4,394328,71.61
"taking new level",4,394332,71.61
"talent requested audition",4,394336,71.61
"talented hard working",4,394340,71.61
"talk anything just",4,394344,71.61
"talk cheap actions",4,394348,71.61
"talk good game",4,394352,71.61
"talk nba playoffs",4,394356,71.61
"talk need stay",4,394360,71.61
"talk refuse text",4,394364,71.61
"talk simply means",4,394368,71.61
"talk sound like",4,394372,71.62
"talk sounds like",4,394376,71.62
"talk text web",4,394380,71.62
"talked couple times",4,394384,71.62
"talked like years",4,394388,71.62
"talking big money",4,394392,71.62
"talking feel free",4,394396,71.62
"talking wise man",4,394400,71.62
"talking www com",4,394404,71.62
"talks man minute",4,394408,71.62
"talks woman harassment",4,394412,71.62
"tan look like",4,394416,71.62
"tank new cd",4,394420,71.62
"tank riley tank",4,394424,71.62
"tank tops hats",4,394428,71.63
"tape coming soon",4,394432,71.63
"tapped great divide",4,394436,71.63
"target field needs",4,394440,71.63
"taste creation beauty",4,394444,71.63
"taste grape groove",4,394448,71.63
"tasting last night",4,394452,71.63
"tasting room pm",4,394456,71.63
"tasty order bacon",4,394460,71.63
"tasty tuesday cent",4,394464,71.63
"taught believe dreams",4,394468,71.63
"taught need know",4,394472,71.63
"tavern sat cd",4,394476,71.63
"tax assistance held",4,394480,71.63
"tax exempt status",4,394484,71.64
"taxpayers job plan",4,394488,71.64
"taylor swift won",4,394492,71.64
"tea smells like",4,394496,71.64
"teach internet safety",4,394500,71.64
"teach remember involve",4,394504,71.64
"teach sounds love",4,394508,71.64
"teacher explains superior",4,394512,71.64
"teacher just gave",4,394516,71.64
"teaches love forgive",4,394520,71.64
"teaching carnival send",4,394524,71.64
"team albuquerque best",4,394528,71.64
"team beat today",4,394532,71.64
"team best fans",4,394536,71.65
"team building event",4,394540,71.65
"team don know",4,394544,71.65
"team don think",4,394548,71.65
"team get ready",4,394552,71.65
"team great game",4,394556,71.65
"team great season",4,394560,71.65
"team help get",4,394564,71.65
"team last week",4,394568,71.65
"team leaders pick",4,394572,71.65
"team looking good",4,394576,71.65
"team make playoffs",4,394580,71.65
"team make sure",4,394584,71.65
"team mixing available",4,394588,71.65
"team nba history",4,394592,71.66
"team new york",4,394596,71.66
"team presentation tip",4,394600,71.66
"team super bowl",4,394604,71.66
"team take care",4,394608,71.66
"team team team",4,394612,71.66
"team thanks follow",4,394616,71.66
"team walk autism",4,394620,71.66
"team wins game",4,394624,71.66
"team won championship",4,394628,71.66
"tears cheers teenage",4,394632,71.66
"tears eyes said",4,394636,71.66
"tears words heart",4,394640,71.66
"techniques effect statistics",4,394644,71.66
"technology www com",4,394648,71.67
"ted excellent adventure",4,394652,71.67
"teenage caught guy",4,394656,71.67
"teenage get pregnant",4,394660,71.67
"teenager last stage",4,394664,71.67
"teenagers own doug",4,394668,71.67
"teens coaching teens",4,394672,71.67
"teens need club",4,394676,71.67
"teens young adults",4,394680,71.67
"telephone fake accent",4,394684,71.67
"tell anything secrets",4,394688,71.67
"tell best friend",4,394692,71.67
"tell bout go",4,394696,71.67
"tell coming florida",4,394700,71.67
"tell did get",4,394704,71.68
"tell different story",4,394708,71.68
"tell dragons exist",4,394712,71.68
"tell favorite part",4,394716,71.68
"tell favorite song",4,394720,71.68
"tell feel better",4,394724,71.68
"tell feel just",4,394728,71.68
"tell feel know",4,394732,71.68
"tell feel way",4,394736,71.68
"tell friends love",4,394740,71.68
"tell friends make",4,394744,71.68
"tell friends need",4,394748,71.68
"tell friends new",4,394752,71.68
"tell friends vote",4,394756,71.69
"tell girl ugly",4,394760,71.69
"tell got turn",4,394764,71.69
"tell great places",4,394768,71.69
"tell love don",4,394772,71.69
"tell love go",4,394776,71.69
"tell love gone",4,394780,71.69
"tell love know",4,394784,71.69
"tell love today",4,394788,71.69
"tell make em",4,394792,71.69
"tell make money",4,394796,71.69
"tell man open",4,394800,71.69
"tell myself don",4,394804,71.69
"tell myself going",4,394808,71.69
"tell parents did",4,394812,71.7
"tell people feel",4,394816,71.7
"tell people really",4,394820,71.7
"tell people want",4,394824,71.7
"tell real story",4,394828,71.7
"tell right wrong",4,394832,71.7
"tell secret plan",4,394836,71.7
"tell time got",4,394840,71.7
"tell violin tune",4,394844,71.7
"tell yo friends",4,394848,71.7
"telling feel honestly",4,394852,71.7
"telling myself don",4,394856,71.7
"telling myself okay",4,394860,71.7
"telling truth right",4,394864,71.7
"tells mouth extremely",4,394868,71.71
"tells woman stop",4,394872,71.71
"temp hire position",4,394876,71.71
"temporary giving makes",4,394880,71.71
"temporary pride forever",4,394884,71.71
"tension love causes",4,394888,71.71
"term acquire extraordinary",4,394892,71.71
"test relationship disagree",4,394896,71.71
"testing new phone",4,394900,71.71
"texas fan check",4,394904,71.71
"text don keep",4,394908,71.71
"text get phone",4,394912,71.71
"text haiti donate",4,394916,71.71
"text hear voice",4,394920,71.71
"text make day",4,394924,71.72
"text mean good",4,394928,71.72
"text need anything",4,394932,71.72
"text need laugh",4,394936,71.72
"text number thanks",4,394940,71.72
"text texting change",4,394944,71.72
"text tweet got",4,394948,71.72
"text want conversation",4,394952,71.72
"text want talk",4,394956,71.72
"text want text",4,394960,71.72
"texted wrong person",4,394964,71.72
"texting change text",4,394968,71.72
"texts last night",4,394972,71.72
"texts make day",4,394976,71.73
"texts worst feeling",4,394980,71.73
"th amendment constitution",4,394984,71.73
"th anniversary season",4,394988,71.73
"th anniversary special",4,394992,71.73
"th anniversary year",4,394996,71.73
"th annual national",4,395000,71.73
"th assembly district",4,395004,71.73
"th birthday brother",4,395008,71.73
"th birthday celebration",4,395012,71.73
"th birthday chicago",4,395016,71.73
"th birthday friday",4,395020,71.73
"th birthday get",4,395024,71.73
"th birthday google",4,395028,71.73
"th birthday justin",4,395032,71.74
"th birthday make",4,395036,71.74
"th birthday time",4,395040,71.74
"th caller win",4,395044,71.74
"th don worry",4,395048,71.74
"th free rsvp",4,395052,71.74
"th good day",4,395056,71.74
"th grade know",4,395060,71.74
"th great day",4,395064,71.74
"th halloween costume",4,395068,71.74
"th hope make",4,395072,71.74
"th july america",4,395076,71.74
"th july holiday",4,395080,71.74
"th july hope",4,395084,71.74
"th july safe",4,395088,71.75
"th july sale",4,395092,71.75
"th july th",4,395096,71.75
"th like facebook",4,395100,71.75
"th live serve",4,395104,71.75
"th nursing home",4,395108,71.75
"th pa travel",4,395112,71.75
"th pm get",4,395116,71.75
"th pm hope",4,395120,71.75
"th pm live",4,395124,71.75
"th pm main",4,395128,71.75
"th sacramento ca",4,395132,71.75
"th santa monica",4,395136,71.75
"th st free",4,395140,71.75
"th st station",4,395144,71.76
"th th annual",4,395148,71.76
"th th year",4,395152,71.76
"th tickets sale",4,395156,71.76
"th tweet just",4,395160,71.76
"th tweet like",4,395164,71.76
"th tweet special",4,395168,71.76
"th week row",4,395172,71.76
"thai food tonight",4,395176,71.76
"thank allowing day",4,395180,71.76
"thank allowing share",4,395184,71.76
"thank big hugs",4,395188,71.76
"thank boo happy",4,395192,71.76
"thank constant support",4,395196,71.76
"thank did great",4,395200,71.77
"thank doing great",4,395204,71.77
"thank doing part",4,395208,71.77
"thank don think",4,395212,71.77
"thank don worry",4,395216,71.77
"thank enjoy day",4,395220,71.77
"thank fans friends",4,395224,71.77
"thank finally got",4,395228,71.77
"thank fingers crossed",4,395232,71.77
"thank follow appreciated",4,395236,71.77
"thank follow friday",4,395240,71.77
"thank follow need",4,395244,71.77
"thank follow send",4,395248,71.77
"thank followers reached",4,395252,71.78
"thank following made",4,395256,71.78
"thank following stay",4,395260,71.78
"thank following sure",4,395264,71.78
"thank friends came",4,395268,71.78
"thank friends fans",4,395272,71.78
"thank getting ready",4,395276,71.78
"thank giving life",4,395280,71.78
"thank goodness dvr",4,395284,71.78
"thank goodness weekend",4,395288,71.78
"thank great chat",4,395292,71.78
"thank great conversation",4,395296,71.78
"thank great friend",4,395300,71.78
"thank great game",4,395304,71.78
"thank great interview",4,395308,71.79
"thank great review",4,395312,71.79
"thank great seeing",4,395316,71.79
"thank great story",4,395320,71.79
"thank great way",4,395324,71.79
"thank great year",4,395328,71.79
"thank holiday social",4,395332,71.79
"thank hope enjoying",4,395336,71.79
"thank hope join",4,395340,71.79
"thank hope make",4,395344,71.79
"thank joining last",4,395348,71.79
"thank keep mind",4,395352,71.79
"thank kind mention",4,395356,71.79
"thank kind mentions",4,395360,71.79
"thank kindly follow",4,395364,71.8
"thank love beautiful",4,395368,71.8
"thank love come",4,395372,71.8
"thank love great",4,395376,71.8
"thank love meet",4,395380,71.8
"thank love miss",4,395384,71.8
"thank love seeing",4,395388,71.8
"thank love song",4,395392,71.8
"thank love thank",4,395396,71.8
"thank love work",4,395400,71.8
"thank lucky stars",4,395404,71.8
"thank man upstairs",4,395408,71.8
"thank nice meet",4,395412,71.8
"thank people like",4,395416,71.8
"thank playing music",4,395420,71.81
"thank posting article",4,395424,71.81
"thank posting warren",4,395428,71.81
"thank pretty good",4,395432,71.81
"thank sharing important",4,395436,71.81
"thank sharing photo",4,395440,71.81
"thank sharing wonderful",4,395444,71.81
"thank sorry delay",4,395448,71.81
"thank sorry late",4,395452,71.81
"thank spreading love",4,395456,71.81
"thank stopped booth",4,395460,71.81
"thank support today",4,395464,71.81
"thank support year",4,395468,71.81
"thank thank coming",4,395472,71.82
"thank thank great",4,395476,71.82
"thank thank support",4,395480,71.82
"thank think going",4,395484,71.82
"thank time great",4,395488,71.82
"thank tweet really",4,395492,71.82
"thank tweeting today",4,395496,71.82
"thank veterans service",4,395500,71.82
"thank watching rap",4,395504,71.82
"thankful little things",4,395508,71.82
"thanking big man",4,395512,71.82
"thanks artists visitors",4,395516,71.82
"thanks awesome customer",4,395520,71.82
"thanks awesome love",4,395524,71.82
"thanks awesome review",4,395528,71.83
"thanks blog mention",4,395532,71.83
"thanks bud good",4,395536,71.83
"thanks came open",4,395540,71.83
"thanks came opening",4,395544,71.83
"thanks came saturday",4,395548,71.83
"thanks came yesterday",4,395552,71.83
"thanks checking appreciate",4,395556,71.83
"thanks checking video",4,395560,71.83
"thanks checkout youtube",4,395564,71.83
"thanks chris appreciate",4,395568,71.83
"thanks come check",4,395572,71.83
"thanks come join",4,395576,71.83
"thanks come soon",4,395580,71.83
"thanks consider following",4,395584,71.84
"thanks continuous support",4,395588,71.84
"thanks dan happy",4,395592,71.84
"thanks dave appreciate",4,395596,71.84
"thanks dear happy",4,395600,71.84
"thanks definitely keep",4,395604,71.84
"thanks definitely take",4,395608,71.84
"thanks dr spanish",4,395612,71.84
"thanks everybody support",4,395616,71.84
"thanks excellent presentation",4,395620,71.84
"thanks follow adam",4,395624,71.84
"thanks follow admire",4,395628,71.84
"thanks follow anything",4,395632,71.84
"thanks follow book",4,395636,71.84
"thanks follow coming",4,395640,71.85
"thanks follow dig",4,395644,71.85
"thanks follow dr",4,395648,71.85
"thanks follow eric",4,395652,71.85
"thanks follow friends",4,395656,71.85
"thanks follow fun",4,395660,71.85
"thanks follow gonna",4,395664,71.85
"thanks follow gorgeous",4,395668,71.85
"thanks follow gotta",4,395672,71.85
"thanks follow haven",4,395676,71.85
"thanks follow heather",4,395680,71.85
"thanks follow hun",4,395684,71.85
"thanks follow inspiration",4,395688,71.85
"thanks follow inspired",4,395692,71.86
"thanks follow james",4,395696,71.86
"thanks follow jessica",4,395700,71.86
"thanks follow jo",4,395704,71.86
"thanks follow jon",4,395708,71.86
"thanks follow kate",4,395712,71.86
"thanks follow last",4,395716,71.86
"thanks follow lets",4,395720,71.86
"thanks follow life",4,395724,71.86
"thanks follow liz",4,395728,71.86
"thanks follow means",4,395732,71.86
"thanks follow met",4,395736,71.86
"thanks follow michelle",4,395740,71.86
"thanks follow must",4,395744,71.86
"thanks follow neighborhood",4,395748,71.87
"thanks follow reading",4,395752,71.87
"thanks follow seem",4,395756,71.87
"thanks follow sounds",4,395760,71.87
"thanks follow stop",4,395764,71.87
"thanks follow story",4,395768,71.87
"thanks follow things",4,395772,71.87
"thanks follow tonight",4,395776,71.87
"thanks follow used",4,395780,71.87
"thanks follow wanted",4,395784,71.87
"thanks follow wow",4,395788,71.87
"thanks following actually",4,395792,71.87
"thanks following add",4,395796,71.87
"thanks following miss",4,395800,71.87
"thanks following movement",4,395804,71.88
"thanks following pretty",4,395808,71.88
"thanks following supporting",4,395812,71.88
"thanks following today",4,395816,71.88
"thanks following working",4,395820,71.88
"thanks friday follow",4,395824,71.88
"thanks girl need",4,395828,71.88
"thanks girl nice",4,395832,71.88
"thanks glad follow",4,395836,71.88
"thanks glad great",4,395840,71.88
"thanks good info",4,395844,71.88
"thanks good meet",4,395848,71.88
"thanks gotta get",4,395852,71.88
"thanks gotta love",4,395856,71.88
"thanks guys definitely",4,395860,71.89
"thanks guys doing",4,395864,71.89
"thanks guys glad",4,395868,71.89
"thanks hanging last",4,395872,71.89
"thanks happy anniversary",4,395876,71.89
"thanks happy early",4,395880,71.89
"thanks having talk",4,395884,71.89
"thanks heads hopefully",4,395888,71.89
"thanks heads just",4,395892,71.89
"thanks heads let",4,395896,71.89
"thanks help support",4,395900,71.89
"thanks helping keep",4,395904,71.89
"thanks helping put",4,395908,71.89
"thanks helping set",4,395912,71.89
"thanks helping share",4,395916,71.9
"thanks hope able",4,395920,71.9
"thanks hope friday",4,395924,71.9
"thanks hope guys",4,395928,71.9
"thanks hope liked",4,395932,71.9
"thanks hope stop",4,395936,71.9
"thanks interview morning",4,395940,71.9
"thanks jim hope",4,395944,71.9
"thanks just bought",4,395948,71.9
"thanks just listened",4,395952,71.9
"thanks just want",4,395956,71.9
"thanks kind sir",4,395960,71.9
"thanks kind tweet",4,395964,71.9
"thanks letting participate",4,395968,71.91
"thanks letting play",4,395972,71.91
"thanks letting use",4,395976,71.91
"thanks little bit",4,395980,71.91
"thanks live tweets",4,395984,71.91
"thanks make good",4,395988,71.91
"thanks making awesome",4,395992,71.91
"thanks making connection",4,395996,71.91
"thanks making good",4,396000,71.91
"thanks making morning",4,396004,71.91
"thanks making possible",4,396008,71.91
"thanks making sure",4,396012,71.91
"thanks man definitely",4,396016,71.91
"thanks man get",4,396020,71.91
"thanks man going",4,396024,71.92
"thanks man put",4,396028,71.92
"thanks man think",4,396032,71.92
"thanks man want",4,396036,71.92
"thanks man worked",4,396040,71.92
"thanks maybe get",4,396044,71.92
"thanks mothers day",4,396048,71.92
"thanks new members",4,396052,71.92
"thanks part taco",4,396056,71.92
"thanks participated today",4,396060,71.92
"thanks plug glad",4,396064,71.92
"thanks pretty awesome",4,396068,71.92
"thanks pretty great",4,396072,71.92
"thanks really enjoy",4,396076,71.92
"thanks recent follow",4,396080,71.93
"thanks right great",4,396084,71.93
"thanks steve great",4,396088,71.93
"thanks steve jobs",4,396092,71.93
"thanks super stoked",4,396096,71.93
"thanks telling friends",4,396100,71.93
"thanks things going",4,396104,71.93
"thanks thought great",4,396108,71.93
"thanks tremendous support",4,396112,71.93
"thanks try best",4,396116,71.93
"thanks tweet check",4,396120,71.93
"thanks tweet happy",4,396124,71.93
"thanks tweet link",4,396128,71.93
"thanks tweet nice",4,396132,71.93
"thanks tweet really",4,396136,71.94
"thanks tweet thanks",4,396140,71.94
"thanks warm reception",4,396144,71.94
"thanks way long",4,396148,71.94
"thanks west coast",4,396152,71.94
"thanks yesterday appreciate",4,396156,71.94
"thanksgiving dinner tonight",4,396160,71.94
"thanksgiving don forget",4,396164,71.94
"thanksgiving safe travels",4,396168,71.94
"thanksgiving take time",4,396172,71.94
"thanksgiving thankful year",4,396176,71.94
"theater hunger games",4,396180,71.94
"theme park rock",4,396184,71.94
"therapy said brought",4,396188,71.95
"thief stole heart",4,396192,71.95
"thing better anyone",4,396196,71.95
"thing change direction",4,396200,71.95
"thing comes mouth",4,396204,71.95
"thing gets bed",4,396208,71.95
"thing getting really",4,396212,71.95
"thing go right",4,396216,71.95
"thing gonna get",4,396220,71.95
"thing keep mind",4,396224,71.95
"thing keep posted",4,396228,71.95
"thing learned today",4,396232,71.95
"thing learned twitter",4,396236,71.95
"thing people rest",4,396240,71.95
"thing people say",4,396244,71.96
"thing people want",4,396248,71.96
"thing really hard",4,396252,71.96
"thing take away",4,396256,71.96
"thing uncommon way",4,396260,71.96
"thing www com",4,396264,71.96
"things begin happen",4,396268,71.96
"things doing right",4,396272,71.96
"things don give",4,396276,71.96
"things don miss",4,396280,71.96
"things don think",4,396284,71.96
"things don turn",4,396288,71.96
"things ear husband",4,396292,71.96
"things feel bad",4,396296,71.96
"things feel good",4,396300,71.97
"things get easier",4,396304,71.97
"things get real",4,396308,71.97
"things getting done",4,396312,71.97
"things gives strength",4,396316,71.97
"things happen better",4,396320,71.97
"things happen blink",4,396324,71.97
"things happen make",4,396328,71.97
"things happen people",4,396332,71.97
"things happen stay",4,396336,71.97
"things happen way",4,396340,71.97
"things happened past",4,396344,71.97
"things innovation doing",4,396348,71.97
"things keep getting",4,396352,71.97
"things keep going",4,396356,71.98
"things known things",4,396360,71.98
"things last minute",4,396364,71.98
"things life come",4,396368,71.98
"things life granted",4,396372,71.98
"things life know",4,396376,71.98
"things like going",4,396380,71.98
"things like know",4,396384,71.98
"things like used",4,396388,71.98
"things list today",4,396392,71.98
"things look good",4,396396,71.98
"things remain legacy",4,396400,71.98
"things starting happen",4,396404,71.98
"things target field",4,396408,71.99
"things things earth",4,396412,71.99
"things things want",4,396416,71.99
"things today dig",4,396420,71.99
"things turn john",4,396424,71.99
"things waste time",4,396428,71.99
"things way leo",4,396432,71.99
"things way used",4,396436,71.99
"things world accomplished",4,396440,71.99
"things www com",4,396444,71.99
"think able go",4,396448,71.99
"think able make",4,396452,71.99
"think beautiful think",4,396456,71.99
"think better chance",4,396460,71.99
"think bout go",4,396464,72
"think buzz cut",4,396468,72
"think easiest way",4,396472,72
"think feel way",4,396476,72
"think find better",4,396480,72
"think find way",4,396484,72
"think get follow",4,396488,72
"think get soon",4,396492,72
"think go check",4,396496,72
"think go just",4,396500,72
"think going come",4,396504,72
"think going end",4,396508,72
"think going hit",4,396512,72
"think going live",4,396516,72
"think going look",4,396520,72.01
"think going love",4,396524,72.01
"think going play",4,396528,72.01
"think going watch",4,396532,72.01
"think gonna lose",4,396536,72.01
"think gonna pass",4,396540,72.01
"think good chance",4,396544,72.01
"think good friend",4,396548,72.01
"think good move",4,396552,72.01
"think good reason",4,396556,72.01
"think good things",4,396560,72.01
"think got figured",4,396564,72.01
"think got made",4,396568,72.01
"think got pretty",4,396572,72.01
"think gotta get",4,396576,72.02
"think hacked got",4,396580,72.02
"think hacked twitter",4,396584,72.02
"think hear making",4,396588,72.02
"think help smile",4,396592,72.02
"think hot know",4,396596,72.02
"think kissed forgot",4,396600,72.02
"think know doing",4,396604,72.02
"think know feel",4,396608,72.02
"think know going",4,396612,72.02
"think know gonna",4,396616,72.02
"think know love",4,396620,72.02
"think know make",4,396624,72.02
"think know means",4,396628,72.03
"think know think",4,396632,72.03
"think later natural",4,396636,72.03
"think life like",4,396640,72.03
"think like becoming",4,396644,72.03
"think like don",4,396648,72.03
"think like know",4,396652,72.03
"think like little",4,396656,72.03
"think like queen",4,396660,72.03
"think looks better",4,396664,72.03
"think lost mind",4,396668,72.03
"think love just",4,396672,72.03
"think make best",4,396676,72.03
"think make myself",4,396680,72.03
"think make sense",4,396684,72.04
"think make sure",4,396688,72.04
"think makes great",4,396692,72.04
"think might better",4,396696,72.04
"think might come",4,396700,72.04
"think might finally",4,396704,72.04
"think might heard",4,396708,72.04
"think might new",4,396712,72.04
"think might problem",4,396716,72.04
"think might think",4,396720,72.04
"think might use",4,396724,72.04
"think mouth quiet",4,396728,72.04
"think need buy",4,396732,72.04
"think need check",4,396736,72.04
"think need hit",4,396740,72.05
"think need nap",4,396744,72.05
"think need tweet",4,396748,72.05
"think need visit",4,396752,72.05
"think need watch",4,396756,72.05
"think need work",4,396760,72.05
"think people actually",4,396764,72.05
"think people follow",4,396768,72.05
"think people know",4,396772,72.05
"think people take",4,396776,72.05
"think person make",4,396780,72.05
"think profile picture",4,396784,72.05
"think real problem",4,396788,72.05
"think running leaving",4,396792,72.05
"think seems like",4,396796,72.06
"think spread word",4,396800,72.06
"think st time",4,396804,72.06
"think super bowl",4,396808,72.06
"think super cute",4,396812,72.06
"think talk like",4,396816,72.06
"think th graders",4,396820,72.06
"think th th",4,396824,72.06
"think time eat",4,396828,72.06
"think time night",4,396832,72.06
"think won go",4,396836,72.06
"think www youtube",4,396840,72.06
"thinking don want",4,396844,72.06
"thinking fingers isaac",4,396848,72.06
"thinking good times",4,396852,72.07
"thinking just get",4,396856,72.07
"thinking just saw",4,396860,72.07
"thinking law school",4,396864,72.07
"thinking might want",4,396868,72.07
"thinking moving la",4,396872,72.07
"thinking problem solving",4,396876,72.07
"thinking starting own",4,396880,72.07
"thinks year old",4,396884,72.07
"tho don worry",4,396888,72.07
"thomas mack center",4,396892,72.07
"thor iron man",4,396896,72.07
"thoroughly enjoyed learned",4,396900,72.07
"thought everybody knew",4,396904,72.08
"thought great article",4,396908,72.08
"thought last year",4,396912,72.08
"thought looked great",4,396916,72.08
"thought make far",4,396920,72.08
"thought myself ceiling",4,396924,72.08
"thought really cool",4,396928,72.08
"thought seed plant",4,396932,72.08
"thought spend time",4,396936,72.08
"thought today sunday",4,396940,72.08
"thought today thursday",4,396944,72.08
"thoughts brought tomorrow",4,396948,72.08
"thoughts hundred memories",4,396952,72.08
"thoughts social media",4,396956,72.08
"thoughts wisdom don",4,396960,72.09
"thousand thoughts hundred",4,396964,72.09
"thousand years love",4,396968,72.09
"throat go away",4,396972,72.09
"throat hurts like",4,396976,72.09
"throw lose forget",4,396980,72.09
"throwing caution wind",4,396984,72.09
"throwing gang signs",4,396988,72.09
"throws curve ball",4,396992,72.09
"throws perfect game",4,396996,72.09
"thunder da th",4,397000,72.09
"thunder lightning storm",4,397004,72.09
"thurs feb pm",4,397008,72.09
"thurs happy hour",4,397012,72.09
"thursday looks like",4,397016,72.1
"thursday night club",4,397020,72.1
"thursday night come",4,397024,72.1
"thursday night favorite",4,397028,72.1
"thursday night game",4,397032,72.1
"thursday night special",4,397036,72.1
"thursday special buy",4,397040,72.1
"thursday thank goodness",4,397044,72.1
"thursday unlimited golf",4,397048,72.1
"thursday wing night",4,397052,72.1
"thursday www com",4,397056,72.1
"thursdays happy hour",4,397060,72.1
"tickets concert nyc",4,397064,72.1
"tickets finding performance",4,397068,72.1
"tickets just went",4,397072,72.11
"tickets san diego",4,397076,72.11
"tickets stage passes",4,397080,72.11
"tickets today game",4,397084,72.11
"tickets tomorrow nights",4,397088,72.11
"tickets went sale",4,397092,72.11
"tie likes ties",4,397096,72.11
"tie loose ends",4,397100,72.11
"tied end regulation",4,397104,72.11
"tigers scored runs",4,397108,72.11
"till breaking dawn",4,397112,72.11
"till come home",4,397116,72.11
"till football season",4,397120,72.11
"till friday night",4,397124,72.12
"till friday saturday",4,397128,72.12
"till go home",4,397132,72.12
"till iron hot",4,397136,72.12
"till last night",4,397140,72.12
"till new year",4,397144,72.12
"till summer break",4,397148,72.12
"till sun comes",4,397152,72.12
"time abraham lincoln",4,397156,72.12
"time anything want",4,397160,72.12
"time ask questions",4,397164,72.12
"time boss gets",4,397168,72.12
"time causes amount",4,397172,72.12
"time chat week",4,397176,72.12
"time close eyes",4,397180,72.13
"time closed eyes",4,397184,72.13
"time come grab",4,397188,72.13
"time come town",4,397192,72.13
"time don go",4,397196,72.13
"time don need",4,397200,72.13
"time excuses broken",4,397204,72.13
"time falling asleep",4,397208,72.13
"time feel free",4,397212,72.13
"time finally get",4,397216,72.13
"time found benjamin",4,397220,72.13
"time gates open",4,397224,72.13
"time gonna get",4,397228,72.13
"time grow old",4,397232,72.13
"time hate people",4,397236,72.14
"time health precious",4,397240,72.14
"time judge myself",4,397244,72.14
"time julie andrews",4,397248,72.14
"time just ask",4,397252,72.14
"time just got",4,397256,72.14
"time just make",4,397260,72.14
"time just take",4,397264,72.14
"time just thinking",4,397268,72.14
"time keep going",4,397272,72.14
"time kick relax",4,397276,72.14
"time kick watch",4,397280,72.14
"time last weekend",4,397284,72.14
"time last yr",4,397288,72.14
"time leave house",4,397292,72.15
"time left get",4,397296,72.15
"time lets get",4,397300,72.15
"time love gotta",4,397304,72.15
"time lunch break",4,397308,72.15
"time made smile",4,397312,72.15
"time make breakfast",4,397316,72.15
"time make famous",4,397320,72.15
"time make history",4,397324,72.15
"time makes sense",4,397328,72.15
"time making money",4,397332,72.15
"time michael jackson",4,397336,72.15
"time month myself",4,397340,72.15
"time must make",4,397344,72.16
"time nice work",4,397348,72.16
"time order pizza",4,397352,72.16
"time practice tomorrow",4,397356,72.16
"time pretty sure",4,397360,72.16
"time pull plug",4,397364,72.16
"time real life",4,397368,72.16
"time real racing",4,397372,72.16
"time said anything",4,397376,72.16
"time save money",4,397380,72.16
"time school year",4,397384,72.16
"time sit relax",4,397388,72.16
"time sorry missed",4,397392,72.16
"time spring break",4,397396,72.16
"time spring forward",4,397400,72.17
"time st patrick",4,397404,72.17
"time start dating",4,397408,72.17
"time start drinking",4,397412,72.17
"time start like",4,397416,72.17
"time start night",4,397420,72.17
"time start organizing",4,397424,72.17
"time start packing",4,397428,72.17
"time start tweeting",4,397432,72.17
"time start using",4,397436,72.17
"time summer tour",4,397440,72.17
"time sunday night",4,397444,72.17
"time surfing stop",4,397448,72.17
"time tide turn",4,397452,72.17
"time time put",4,397456,72.18
"time today hope",4,397460,72.18
"time today let",4,397464,72.18
"time today stop",4,397468,72.18
"time took years",4,397472,72.18
"time touches ball",4,397476,72.18
"time turn music",4,397480,72.18
"time visit nyc",4,397484,72.18
"time waking morning",4,397488,72.18
"time wish place",4,397492,72.18
"time work right",4,397496,72.18
"time year weather",4,397500,72.18
"times don get",4,397504,72.18
"times don know",4,397508,72.18
"times get times",4,397512,72.19
"times great friends",4,397516,72.19
"times last months",4,397520,72.19
"times last years",4,397524,72.19
"times past week",4,397528,72.19
"times reach hand",4,397532,72.19
"tin box curious",4,397536,72.19
"tin pan south",4,397540,72.19
"tip building relationships",4,397544,72.19
"tip day divorce",4,397548,72.19
"tip day know",4,397552,72.19
"tip day put",4,397556,72.19
"tip don eat",4,397560,72.19
"tip don think",4,397564,72.19
"tip techniques effect",4,397568,72.2
"tip toe life",4,397572,72.2
"tired af sleep",4,397576,72.2
"tired heading bed",4,397580,72.2
"tired hearing money",4,397584,72.2
"tired nap time",4,397588,72.2
"tired think going",4,397592,72.2
"tired wide awake",4,397596,72.2
"tired winners quit",4,397600,72.2
"title jimmy buffet",4,397604,72.2
"tl won load",4,397608,72.2
"tn get th",4,397612,72.2
"today abraham lincoln",4,397616,72.2
"today avocado new",4,397620,72.21
"today awareness day",4,397624,72.21
"today bring home",4,397628,72.21
"today cause friday",4,397632,72.21
"today celebrate years",4,397636,72.21
"today class act",4,397640,72.21
"today com enter",4,397644,72.21
"today come catch",4,397648,72.21
"today come find",4,397652,72.21
"today come tomorrow",4,397656,72.21
"today cool stuff",4,397660,72.21
"today cross fingers",4,397664,72.21
"today day april",4,397668,72.21
"today day best",4,397672,72.21
"today day bike",4,397676,72.22
"today day buy",4,397680,72.22
"today day good",4,397684,72.22
"today day hours",4,397688,72.22
"today day like",4,397692,72.22
"today day long",4,397696,72.22
"today day people",4,397700,72.22
"today day pm",4,397704,72.22
"today day say",4,397708,72.22
"today day start",4,397712,72.22
"today day th",4,397716,72.22
"today day time",4,397720,72.22
"today day wait",4,397724,72.22
"today day week",4,397728,72.22
"today deal worth",4,397732,72.23
"today decisions decisions",4,397736,72.23
"today demo day",4,397740,72.23
"today dig love",4,397744,72.23
"today don ask",4,397748,72.23
"today don go",4,397752,72.23
"today don wait",4,397756,72.23
"today drizzle cloudy",4,397760,72.23
"today facebook twitter",4,397764,72.23
"today field trip",4,397768,72.23
"today finally getting",4,397772,72.23
"today food truck",4,397776,72.23
"today friend said",4,397780,72.23
"today friends family",4,397784,72.23
"today full surprises",4,397788,72.24
"today goal get",4,397792,72.24
"today going change",4,397796,72.24
"today going play",4,397800,72.24
"today going school",4,397804,72.24
"today going sleep",4,397808,72.24
"today good hear",4,397812,72.24
"today good mood",4,397816,72.24
"today good movie",4,397820,72.24
"today good people",4,397824,72.24
"today good work",4,397828,72.24
"today got free",4,397832,72.24
"today got get",4,397836,72.24
"today got like",4,397840,72.25
"today got right",4,397844,72.25
"today got work",4,397848,72.25
"today gotta keep",4,397852,72.25
"today gotta make",4,397856,72.25
"today great meeting",4,397860,72.25
"today great talk",4,397864,72.25
"today great tonight",4,397868,72.25
"today happy thursday",4,397872,72.25
"today happy wednesday",4,397876,72.25
"today hard believe",4,397880,72.25
"today help support",4,397884,72.25
"today highlight history",4,397888,72.25
"today hope enjoys",4,397892,72.25
"today hope going",4,397896,72.26
"today hope today",4,397900,72.26
"today hope ur",4,397904,72.26
"today hope weather",4,397908,72.26
"today hope wonderful",4,397912,72.26
"today hoping good",4,397916,72.26
"today independence day",4,397920,72.26
"today info prices",4,397924,72.26
"today international women",4,397928,72.26
"today just finished",4,397932,72.26
"today just give",4,397936,72.26
"today just gotta",4,397940,72.26
"today just realized",4,397944,72.26
"today just tell",4,397948,72.26
"today just waiting",4,397952,72.27
"today last full",4,397956,72.27
"today last year",4,397960,72.27
"today learn help",4,397964,72.27
"today learn new",4,397968,72.27
"today little time",4,397972,72.27
"today long beach",4,397976,72.27
"today looks good",4,397980,72.27
"today lots good",4,397984,72.27
"today love family",4,397988,72.27
"today love happy",4,397992,72.27
"today love job",4,397996,72.27
"today love new",4,398000,72.27
"today love seeing",4,398004,72.27
"today mac cheese",4,398008,72.28
"today makes want",4,398012,72.28
"today marks anniversary",4,398016,72.28
"today marks beginning",4,398020,72.28
"today marks nd",4,398024,72.28
"today might go",4,398028,72.28
"today might just",4,398032,72.28
"today monday tuesday",4,398036,72.28
"today nd day",4,398040,72.28
"today open till",4,398044,72.28
"today planted tree",4,398048,72.28
"today pm boston",4,398052,72.28
"today pm don",4,398056,72.28
"today pm go",4,398060,72.29
"today pm got",4,398064,72.29
"today pm south",4,398068,72.29
"today probably gonna",4,398072,72.29
"today raises money",4,398076,72.29
"today real estate",4,398080,72.29
"today relationships touch",4,398084,72.29
"today set appointment",4,398088,72.29
"today sounded like",4,398092,72.29
"today soups country",4,398096,72.29
"today start tomorrow",4,398100,72.29
"today super awesome",4,398104,72.29
"today support local",4,398108,72.29
"today taking care",4,398112,72.29
"today taking time",4,398116,72.3
"today thanks guys",4,398120,72.3
"today thought tomorrow",4,398124,72.3
"today tip don",4,398128,72.3
"today tomorrow friday",4,398132,72.3
"today tomorrow last",4,398136,72.3
"today tomorrow love",4,398140,72.3
"today tomorrow wednesday",4,398144,72.3
"today tomorrow week",4,398148,72.3
"today took hours",4,398152,72.3
"today totally forgot",4,398156,72.3
"today trade coffee",4,398160,72.3
"today triple chocolate",4,398164,72.3
"today valentine day",4,398168,72.3
"today wearing pants",4,398172,72.31
"today weather perfect",4,398176,72.31
"today won last",4,398180,72.31
"today world cup",4,398184,72.31
"today yesterday gone",4,398188,72.31
"told best girl",4,398192,72.31
"told crazy said",4,398196,72.31
"told doctor broke",4,398200,72.31
"told good news",4,398204,72.31
"told looks like",4,398208,72.31
"told love love",4,398212,72.31
"told myself gonna",4,398216,72.31
"told say hi",4,398220,72.31
"told say yes",4,398224,72.31
"told sound like",4,398228,72.32
"tom jerry knock",4,398232,72.32
"tom looks like",4,398236,72.32
"tomato butter sauce",4,398240,72.32
"tommy chili revealed",4,398244,72.32
"tomorrow best luck",4,398248,72.32
"tomorrow doors open",4,398252,72.32
"tomorrow finally friday",4,398256,72.32
"tomorrow finally get",4,398260,72.32
"tomorrow free day",4,398264,72.32
"tomorrow goodnight bless",4,398268,72.32
"tomorrow great music",4,398272,72.32
"tomorrow let make",4,398276,72.32
"tomorrow live today",4,398280,72.32
"tomorrow looking good",4,398284,72.33
"tomorrow morning excited",4,398288,72.33
"tomorrow morning hour",4,398292,72.33
"tomorrow morning little",4,398296,72.33
"tomorrow morning night",4,398300,72.33
"tomorrow morning tune",4,398304,72.33
"tomorrow noon pm",4,398308,72.33
"tomorrow oh wait",4,398312,72.33
"tomorrow oh yeah",4,398316,72.33
"tomorrow open public",4,398320,72.33
"tomorrow pm hope",4,398324,72.33
"tomorrow pm room",4,398328,72.33
"tomorrow really don",4,398332,72.33
"tomorrow really want",4,398336,72.34
"tomorrow spending day",4,398340,72.34
"tomorrow stay hungry",4,398344,72.34
"tomorrow take care",4,398348,72.34
"tomorrow think going",4,398352,72.34
"tomorrow think might",4,398356,72.34
"tomorrow thoughts take",4,398360,72.34
"tomorrow today abraham",4,398364,72.34
"tomorrow want know",4,398368,72.34
"tomorrow watch live",4,398372,72.34
"ton scholarships website",4,398376,72.34
"tonight amazing great",4,398380,72.34
"tonight big thanks",4,398384,72.34
"tonight brand new",4,398388,72.34
"tonight bring new",4,398392,72.35
"tonight canal club",4,398396,72.35
"tonight close come",4,398400,72.35
"tonight club come",4,398404,72.35
"tonight come come",4,398408,72.35
"tonight come find",4,398412,72.35
"tonight come try",4,398416,72.35
"tonight cool kids",4,398420,72.35
"tonight cover free",4,398424,72.35
"tonight del mar",4,398428,72.35
"tonight did know",4,398432,72.35
"tonight dj dj",4,398436,72.35
"tonight downtown orlando",4,398440,72.35
"tonight friday pm",4,398444,72.35
"tonight get last",4,398448,72.36
"tonight get sausage",4,398452,72.36
"tonight glad got",4,398456,72.36
"tonight going amazing",4,398460,72.36
"tonight going epic",4,398464,72.36
"tonight going try",4,398468,72.36
"tonight great people",4,398472,72.36
"tonight guest dj",4,398476,72.36
"tonight keep posted",4,398480,72.36
"tonight kelly riley",4,398484,72.36
"tonight ladies get",4,398488,72.36
"tonight maybe time",4,398492,72.36
"tonight millions drawing",4,398496,72.36
"tonight nfl draft",4,398500,72.36
"tonight open night",4,398504,72.37
"tonight party tomorrow",4,398508,72.37
"tonight perfect night",4,398512,72.37
"tonight play pm",4,398516,72.37
"tonight playing pm",4,398520,72.37
"tonight ready get",4,398524,72.37
"tonight really want",4,398528,72.37
"tonight saturday pm",4,398532,72.37
"tonight stay home",4,398536,72.37
"tonight stay safe",4,398540,72.37
"tonight super excited",4,398544,72.37
"tonight super moon",4,398548,72.37
"tonight taco tuesday",4,398552,72.37
"tonight take care",4,398556,72.38
"tonight th porter",4,398560,72.38
"tonight thank goodness",4,398564,72.38
"tonight united center",4,398568,72.38
"tonight year anniversary",4,398572,72.38
"tons fun last",4,398576,72.38
"tony type music",4,398580,72.38
"took care business",4,398584,72.38
"took care kids",4,398588,72.38
"took class last",4,398592,72.38
"took cold shower",4,398596,72.38
"took day work",4,398600,72.38
"took last final",4,398604,72.38
"took last shot",4,398608,72.38
"took like hours",4,398612,72.39
"took like months",4,398616,72.39
"took little get",4,398620,72.39
"took minute realize",4,398624,72.39
"tops hats thanks",4,398628,72.39
"total class act",4,398632,72.39
"total freedom jim",4,398636,72.39
"total security summit",4,398640,72.39
"totally agree did",4,398644,72.39
"totally agree don",4,398648,72.39
"totally agree great",4,398652,72.39
"totally agree like",4,398656,72.39
"totally agree take",4,398660,72.39
"totally missed tweet",4,398664,72.39
"totally sounded like",4,398668,72.4
"totally unnecessary unless",4,398672,72.4
"totally want go",4,398676,72.4
"touch base week",4,398680,72.4
"touched felt heart",4,398684,72.4
"tough economic times",4,398688,72.4
"tough last night",4,398692,72.4
"tough time getting",4,398696,72.4
"tour coming soon",4,398700,72.4
"tour looking forward",4,398704,72.4
"tour officially allen",4,398708,72.4
"tour west coast",4,398712,72.4
"touring northeast pet",4,398716,72.4
"tournament date projected",4,398720,72.4
"tournament sign pm",4,398724,72.41
"tours kids activities",4,398728,72.41
"towers tower bar",4,398732,72.41
"town san diego",4,398736,72.41
"town www com",4,398740,72.41
"toxic waste david",4,398744,72.41
"trade follows support",4,398748,72.41
"traded ny jets",4,398752,72.41
"traffic alert injury",4,398756,72.41
"traffic disabled vehicle",4,398760,72.41
"traffic incident use",4,398764,72.41
"traffic trying get",4,398768,72.41
"tragedy comedy look",4,398772,72.41
"tragedy get old",4,398776,72.42
"tragedy indiana state",4,398780,72.42
"trail lights austin",4,398784,72.42
"train leaving station",4,398788,72.42
"training last night",4,398792,72.42
"training said don",4,398796,72.42
"transformed wrong doing",4,398800,72.42
"transit plus investigated",4,398804,72.42
"trap bee trap",4,398808,72.42
"travel fatal prejudice",4,398812,72.42
"travis porter performing",4,398816,72.42
"treasure precious gold",4,398820,72.42
"treat right don",4,398824,72.42
"treat right way",4,398828,72.42
"treats like princess",4,398832,72.43
"tree grows brooklyn",4,398836,72.43
"tree known fruit",4,398840,72.43
"tree reputation like",4,398844,72.43
"trend sees tweets",4,398848,72.43
"trend twitter let",4,398852,72.43
"trends need way",4,398856,72.43
"trends www com",4,398860,72.43
"tribe drink specials",4,398864,72.43
"tribe family need",4,398868,72.43
"tried pay attention",4,398872,72.43
"tried true home",4,398876,72.43
"tried www com",4,398880,72.43
"tries fall asleep",4,398884,72.43
"trigger kisses bullets",4,398888,72.44
"trilogy check com",4,398892,72.44
"trip gary allen",4,398896,72.44
"trip home great",4,398900,72.44
"trip san antonio",4,398904,72.44
"triple double tonight",4,398908,72.44
"triumph begins oprah",4,398912,72.44
"trivia catch season",4,398916,72.44
"trivia question pm",4,398920,72.44
"trouble falling asleep",4,398924,72.44
"trouble part life",4,398928,72.44
"troubling new trends",4,398932,72.44
"truck last night",4,398936,72.44
"true best friends",4,398940,72.44
"true best knows",4,398944,72.45
"true don believe",4,398948,72.45
"true good luck",4,398952,72.45
"true good thing",4,398956,72.45
"true love come",4,398960,72.45
"true love comes",4,398964,72.45
"true love does",4,398968,72.45
"true love don",4,398972,72.45
"true love just",4,398976,72.45
"true love sent",4,398980,72.45
"true mrs oliver",4,398984,72.45
"true progress nicholas",4,398988,72.45
"true role model",4,398992,72.45
"true social media",4,398996,72.46
"true star radio",4,399000,72.46
"truly means lot",4,399004,72.46
"trunk shows saturday",4,399008,72.46
"trust anyone days",4,399012,72.46
"trust anyone says",4,399016,72.46
"trust based parenting",4,399020,72.46
"trust computer throw",4,399024,72.46
"trust don make",4,399028,72.46
"trust like car",4,399032,72.46
"trust mortgage services",4,399036,72.46
"trusted greater compliment",4,399040,72.46
"truth beautiful doubt",4,399044,72.46
"truth becomes part",4,399048,72.46
"truth handle truth",4,399052,72.47
"truth shall set",4,399056,72.47
"try better person",4,399060,72.47
"try candy brought",4,399064,72.47
"try follow follow",4,399068,72.47
"try get did",4,399072,72.47
"try get face",4,399076,72.47
"try get soon",4,399080,72.47
"try get stuff",4,399084,72.47
"try get today",4,399088,72.47
"try give advice",4,399092,72.47
"try good don",4,399096,72.47
"try good luck",4,399100,72.47
"try hardest get",4,399104,72.47
"try help make",4,399108,72.48
"try homer simpson",4,399112,72.48
"try just might",4,399116,72.48
"try know just",4,399120,72.48
"try make difference",4,399124,72.48
"try make laugh",4,399128,72.48
"try make think",4,399132,72.48
"try new dishes",4,399136,72.48
"try new remember",4,399140,72.48
"try peanut butter",4,399144,72.48
"try play like",4,399148,72.48
"try promotion site",4,399152,72.48
"try say hi",4,399156,72.48
"try take picture",4,399160,72.48
"try tomorrow mary",4,399164,72.49
"try tomorrow morning",4,399168,72.49
"try triumph little",4,399172,72.49
"try try quit",4,399176,72.49
"try use twitter",4,399180,72.49
"trying best keep",4,399184,72.49
"trying come good",4,399188,72.49
"trying explain song",4,399192,72.49
"trying explain twitter",4,399196,72.49
"trying figure just",4,399200,72.49
"trying figure song",4,399204,72.49
"trying figure things",4,399208,72.49
"trying figure ways",4,399212,72.49
"trying find awesome",4,399216,72.49
"trying find balance",4,399220,72.5
"trying find link",4,399224,72.5
"trying find tickets",4,399228,72.5
"trying follow people",4,399232,72.5
"trying last night",4,399236,72.5
"trying look cool",4,399240,72.5
"trying make best",4,399244,72.5
"trying make ends",4,399248,72.5
"trying make last",4,399252,72.5
"trying make thing",4,399256,72.5
"trying put pieces",4,399260,72.5
"trying reach goals",4,399264,72.5
"trying save rogers",4,399268,72.5
"trying sell stuff",4,399272,72.51
"trying start drama",4,399276,72.51
"trying think ways",4,399280,72.51
"trying watch football",4,399284,72.51
"trying win contest",4,399288,72.51
"trying win tickets",4,399292,72.51
"trying work way",4,399296,72.51
"trying write song",4,399300,72.51
"tub sit lap",4,399304,72.51
"tube super glue",4,399308,72.51
"tues dec th",4,399312,72.51
"tues pm et",4,399316,72.51
"tuesday cent wing",4,399320,72.51
"tuesday chance win",4,399324,72.51
"tuesday feel like",4,399328,72.52
"tuesday feels like",4,399332,72.52
"tuesday happy hour",4,399336,72.52
"tuesday ignore wednesday",4,399340,72.52
"tuesday january th",4,399344,72.52
"tuesday nights pm",4,399348,72.52
"tuesday san diego",4,399352,72.52
"tuesday teachers past",4,399356,72.52
"tuesday th pm",4,399360,72.52
"tuesday training tip",4,399364,72.52
"tuesday www com",4,399368,72.52
"tummy sorry butterflies",4,399372,72.52
"tune bow moving",4,399376,72.52
"tune minutes opens",4,399380,72.52
"tune tonight watch",4,399384,72.53
"tuned info win",4,399388,72.53
"tuned let know",4,399392,72.53
"tuned new website",4,399396,72.53
"turkey bacon avocado",4,399400,72.53
"turn denver union",4,399404,72.53
"turn face sun",4,399408,72.53
"turn fox news",4,399412,72.53
"turn friend sing",4,399416,72.53
"turn gets blankets",4,399420,72.53
"turn hoe house",4,399424,72.53
"turn john wooden",4,399428,72.53
"turn music cause",4,399432,72.53
"turn right repeat",4,399436,72.53
"turn sun gonna",4,399440,72.54
"turned beautiful day",4,399444,72.54
"turned days ago",4,399448,72.54
"turned water wine",4,399452,72.54
"turning years old",4,399456,72.54
"turnout last night",4,399460,72.54
"turtle buddy neighbor",4,399464,72.54
"tv ap entertainment",4,399468,72.54
"tv don know",4,399472,72.54
"tv good luck",4,399476,72.54
"tv gum eyes",4,399480,72.54
"tv just went",4,399484,72.54
"tv looks like",4,399488,72.54
"tv www com",4,399492,72.55
"tweet did say",4,399496,72.55
"tweet don feel",4,399500,72.55
"tweet don follow",4,399504,72.55
"tweet earlier today",4,399508,72.55
"tweet fan love",4,399512,72.55
"tweet feel bad",4,399516,72.55
"tweet good morning",4,399520,72.55
"tweet hash tag",4,399524,72.55
"tweet last week",4,399528,72.55
"tweet limit tweet",4,399532,72.55
"tweet made sense",4,399536,72.55
"tweet makes think",4,399540,72.55
"tweet need motivation",4,399544,72.55
"tweet new iphone",4,399548,72.56
"tweet number tell",4,399552,72.56
"tweet ohio wants",4,399556,72.56
"tweet questions ask",4,399560,72.56
"tweet tell friends",4,399564,72.56
"tweet times get",4,399568,72.56
"tweet today raises",4,399572,72.56
"tweet tweet day",4,399576,72.56
"tweet tweet like",4,399580,72.56
"tweet ur fans",4,399584,72.56
"tweet using hashtag",4,399588,72.56
"tweeted don know",4,399592,72.56
"tweeted like forever",4,399596,72.56
"tweeted times today",4,399600,72.56
"tweeting blog post",4,399604,72.57
"tweeting let know",4,399608,72.57
"tweeting old school",4,399612,72.57
"tweets don like",4,399616,72.57
"tweets go follow",4,399620,72.57
"tweets keep great",4,399624,72.57
"tweets keep posted",4,399628,72.57
"tweets last week",4,399632,72.57
"tweets really funny",4,399636,72.57
"tweets really good",4,399640,72.57
"tweets secrets health",4,399644,72.57
"tweets seems like",4,399648,72.57
"tweets thanks following",4,399652,72.57
"tweets weeks ago",4,399656,72.57
"tweets www chasing",4,399660,72.58
"twice both times",4,399664,72.58
"twice last days",4,399668,72.58
"twice merger voted",4,399672,72.58
"twice new ones",4,399676,72.58
"twin cities area",4,399680,72.58
"twins fighting calls",4,399684,72.58
"twitter account dedicated",4,399688,72.58
"twitter account find",4,399692,72.58
"twitter account give",4,399696,72.58
"twitter account going",4,399700,72.58
"twitter account happy",4,399704,72.58
"twitter account personal",4,399708,72.58
"twitter account sending",4,399712,72.59
"twitter account using",4,399716,72.59
"twitter allow follow",4,399720,72.59
"twitter background love",4,399724,72.59
"twitter chat tomorrow",4,399728,72.59
"twitter chat tonight",4,399732,72.59
"twitter com press",4,399736,72.59
"twitter cool kids",4,399740,72.59
"twitter facebook followers",4,399744,72.59
"twitter fans get",4,399748,72.59
"twitter feed going",4,399752,72.59
"twitter feed keep",4,399756,72.59
"twitter feed new",4,399760,72.59
"twitter feel free",4,399764,72.59
"twitter followers don",4,399768,72.6
"twitter followers following",4,399772,72.6
"twitter followers get",4,399776,72.6
"twitter followers hope",4,399780,72.6
"twitter followers know",4,399784,72.6
"twitter followers thanks",4,399788,72.6
"twitter followers today",4,399792,72.6
"twitter friend follow",4,399796,72.6
"twitter friends followers",4,399800,72.6
"twitter friends good",4,399804,72.6
"twitter friends great",4,399808,72.6
"twitter getting ready",4,399812,72.6
"twitter going start",4,399816,72.6
"twitter hope follow",4,399820,72.6
"twitter just made",4,399824,72.61
"twitter just noticed",4,399828,72.61
"twitter just saying",4,399832,72.61
"twitter just sent",4,399836,72.61
"twitter just trying",4,399840,72.61
"twitter keep eye",4,399844,72.61
"twitter keep people",4,399848,72.61
"twitter last time",4,399852,72.61
"twitter life just",4,399856,72.61
"twitter looking email",4,399860,72.61
"twitter makes look",4,399864,72.61
"twitter milwaukee brewers",4,399868,72.61
"twitter need follow",4,399872,72.61
"twitter need help",4,399876,72.61
"twitter new twitter",4,399880,72.62
"twitter phone computer",4,399884,72.62
"twitter really good",4,399888,72.62
"twitter said happen",4,399892,72.62
"twitter social network",4,399896,72.62
"twitter sounds like",4,399900,72.62
"twitter sure follow",4,399904,72.62
"twitter want follow",4,399908,72.62
"twitter welcome follow",4,399912,72.62
"twitter youtube facebook",4,399916,72.62
"tx free book",4,399920,72.62
"ty lawson just",4,399924,72.62
"tying loose ends",4,399928,72.62
"type music message",4,399932,72.62
"type person laughs",4,399936,72.63
"type person tries",4,399940,72.63
"type rush google",4,399944,72.63
"typing middle finger",4,399948,72.63
"ugh need get",4,399952,72.63
"ugh need meet",4,399956,72.63
"ugh need new",4,399960,72.63
"ugh really want",4,399964,72.63
"uh oh does",4,399968,72.63
"uh oh don",4,399972,72.63
"uh oh gonna",4,399976,72.63
"uh oh hear",4,399980,72.63
"uh oh look",4,399984,72.63
"uh oh might",4,399988,72.64
"ultimate test relationship",4,399992,72.64
"ultimate wedding package",4,399996,72.64
"um did get",4,400000,72.64
"um just wanted",4,400004,72.64
"um pretty sure",4,400008,72.64
"uncertain eat dessert",4,400012,72.64
"understand looks like",4,400016,72.64
"understands prayers find",4,400020,72.64
"unemployment rate dropped",4,400024,72.64
"unfortunately don get",4,400028,72.64
"unfortunately don know",4,400032,72.64
"unhappy wasted ruth",4,400036,72.64
"union league club",4,400040,72.64
"union non union",4,400044,72.65
"united states department",4,400048,72.65
"united states does",4,400052,72.65
"united states marine",4,400056,72.65
"united stats america",4,400060,72.65
"universe albert einstein",4,400064,72.65
"universe open doors",4,400068,72.65
"universe steve jobs",4,400072,72.65
"university men basketball",4,400076,72.65
"university south carolina",4,400080,72.65
"unless helping jesse",4,400084,72.65
"unless hope make",4,400088,72.65
"unless know arnold",4,400092,72.65
"unless pay rent",4,400096,72.65
"unless really want",4,400100,72.66
"unlike gets turn",4,400104,72.66
"unlike last year",4,400108,72.66
"unlimited talk text",4,400112,72.66
"unnecessary unless hope",4,400116,72.66
"unusual settle ordinary",4,400120,72.66
"unwanted baby saw",4,400124,72.66
"upcoming events www",4,400128,72.66
"updated photos give",4,400132,72.66
"updated www com",4,400136,72.66
"updates make sure",4,400140,72.66
"upper st choir",4,400144,72.66
"upset last night",4,400148,72.66
"upset lied upset",4,400152,72.66
"ur doing great",4,400156,72.67
"ur dreams reality",4,400160,72.67
"ur great singer",4,400164,72.67
"ur hair looks",4,400168,72.67
"ur hair ur",4,400172,72.67
"ur lucky don",4,400176,72.67
"ur mothers day",4,400180,72.67
"ur phone number",4,400184,72.67
"ur pr useful",4,400188,72.67
"ur twitter ur",4,400192,72.67
"urging stop women",4,400196,72.67
"usa better product",4,400200,72.67
"use account tweet",4,400204,72.67
"use correct grammar",4,400208,72.68
"use drugs dreams",4,400212,72.68
"use facebook twitter",4,400216,72.68
"use feel like",4,400220,72.68
"use good news",4,400224,72.68
"use google chrome",4,400228,72.68
"use hashtag share",4,400232,72.68
"use keep peak",4,400236,72.68
"use little help",4,400240,72.68
"use new twitter",4,400244,72.68
"use real estate",4,400248,72.68
"use subject line",4,400252,72.68
"use true measure",4,400256,72.68
"use tweets advertising",4,400260,72.68
"use twitter class",4,400264,72.69
"use twitter classroom",4,400268,72.69
"use twitter follow",4,400272,72.69
"used car lot",4,400276,72.69
"used cell phones",4,400280,72.69
"used court law",4,400284,72.69
"used high school",4,400288,72.69
"user created content",4,400292,72.69
"users operate interface",4,400296,72.69
"uses lot words",4,400300,72.69
"using boys songs",4,400304,72.69
"using cell phones",4,400308,72.69
"using correct grammar",4,400312,72.69
"using discount code",4,400316,72.69
"using google apps",4,400320,72.7
"using google translate",4,400324,72.7
"using new tools",4,400328,72.7
"using time wisely",4,400332,72.7
"usually don get",4,400336,72.7
"usually just don",4,400340,72.7
"valentine box proceeds",4,400344,72.7
"valentine day cake",4,400348,72.7
"valentine day come",4,400352,72.7
"valentine day contest",4,400356,72.7
"valentine day day",4,400360,72.7
"valentine day doing",4,400364,72.7
"valentine day tomorrow",4,400368,72.7
"valentine day week",4,400372,72.7
"valentine day year",4,400376,72.71
"valentines day come",4,400380,72.71
"valentines day date",4,400384,72.71
"valentines day everybody",4,400388,72.71
"valentines day get",4,400392,72.71
"valentines day gonna",4,400396,72.71
"valentines day holiday",4,400400,72.71
"valid definition business",4,400404,72.71
"valid like salad",4,400408,72.71
"valid point thanks",4,400412,72.71
"valid student id",4,400416,72.71
"valuable money get",4,400420,72.71
"value academic libraries",4,400424,72.71
"value buy book",4,400428,72.72
"value coffee world",4,400432,72.72
"value enter win",4,400436,72.72
"value rest assured",4,400440,72.72
"vampire secret circle",4,400444,72.72
"variety gourmet food",4,400448,72.72
"varsity boys basketball",4,400452,72.72
"vegan mac cheese",4,400456,72.72
"vegan skin hair",4,400460,72.72
"vegas moved florida",4,400464,72.72
"vegas real estate",4,400468,72.72
"vegetarian dinner pm",4,400472,72.72
"vehicle use caution",4,400476,72.72
"version girl dragon",4,400480,72.72
"version national anthem",4,400484,72.73
"veterans service country",4,400488,72.73
"victories gain beat",4,400492,72.73
"victory possible person",4,400496,72.73
"victory sweetest known",4,400500,72.73
"video made laugh",4,400504,72.73
"video spread word",4,400508,72.73
"video video video",4,400512,72.73
"view high school",4,400516,72.73
"view looks like",4,400520,72.73
"view welcome video",4,400524,72.73
"view www com",4,400528,72.73
"vikings stadium proposal",4,400532,72.73
"vinegar baking soda",4,400536,72.73
"violent video games",4,400540,72.74
"violin tune bow",4,400544,72.74
"vip floor seats",4,400548,72.74
"vip table tomorrow",4,400552,72.74
"virginia actors forum",4,400556,72.74
"visa credit card",4,400560,72.74
"vision eye health",4,400564,72.74
"vision insight malcolm",4,400568,72.74
"visit foundation booth",4,400572,72.74
"visit master lock",4,400576,72.74
"visit new office",4,400580,72.74
"visit new website",4,400584,72.74
"visit public library",4,400588,72.74
"visit social media",4,400592,72.74
"visit time town",4,400596,72.75
"visit website today",4,400600,72.75
"visit www shop",4,400604,72.75
"visiting come soon",4,400608,72.75
"voice sounding like",4,400612,72.75
"voice soundtrack summer",4,400616,72.75
"voices invisible people",4,400620,72.75
"volunteer service award",4,400624,72.75
"vote actors production",4,400628,72.75
"vote dc primary",4,400632,72.75
"vote indy reads",4,400636,72.75
"vote kris bailey",4,400640,72.75
"voted hope win",4,400644,72.75
"voted public option",4,400648,72.76
"voted times get",4,400652,72.76
"voted twice merger",4,400656,72.76
"voter id law",4,400660,72.76
"voting winners mrs",4,400664,72.76
"vs george lucas",4,400668,72.76
"vs heat finals",4,400672,72.76
"vs jimmy jacobs",4,400676,72.76
"vs new jersey",4,400680,72.76
"vs new mexico",4,400684,72.76
"vs soccer players",4,400688,72.76
"vs virginia storm",4,400692,72.76
"wait alcoholic pick",4,400696,72.76
"wait basketball season",4,400700,72.76
"wait boyfriend video",4,400704,72.77
"wait buy album",4,400708,72.77
"wait check new",4,400712,72.77
"wait chi town",4,400716,72.77
"wait christmas lights",4,400720,72.77
"wait concert tonight",4,400724,72.77
"wait counting days",4,400728,72.77
"wait does count",4,400732,72.77
"wait end change",4,400736,72.77
"wait gets home",4,400740,72.77
"wait go live",4,400744,72.77
"wait gonna get",4,400748,72.77
"wait hear answer",4,400752,72.77
"wait hear awesome",4,400756,72.77
"wait hear live",4,400760,72.78
"wait hear man",4,400764,72.78
"wait hear results",4,400768,72.78
"wait hear song",4,400772,72.78
"wait hear talk",4,400776,72.78
"wait hear thoughts",4,400780,72.78
"wait know happen",4,400784,72.78
"wait last second",4,400788,72.78
"wait live chat",4,400792,72.78
"wait make move",4,400796,72.78
"wait monday morning",4,400800,72.78
"wait monday night",4,400804,72.78
"wait move new",4,400808,72.78
"wait new book",4,400812,72.78
"wait new year",4,400816,72.79
"wait new years",4,400820,72.79
"wait opportunities come",4,400824,72.79
"wait party tonight",4,400828,72.79
"wait school tomorrow",4,400832,72.79
"wait sleep tonight",4,400836,72.79
"wait sound right",4,400840,72.79
"wait star game",4,400844,72.79
"wait strike till",4,400848,72.79
"wait take care",4,400852,72.79
"wait tomorrow gonna",4,400856,72.79
"wait tomorrow love",4,400860,72.79
"wait training camp",4,400864,72.79
"wait weeks episode",4,400868,72.79
"waiting break everybody",4,400872,72.8
"waiting connecting flight",4,400876,72.8
"waiting day get",4,400880,72.8
"waiting go home",4,400884,72.8
"waiting impossible happen",4,400888,72.8
"waiting joseph campbell",4,400892,72.8
"waiting phone ring",4,400896,72.8
"waits thomas edison",4,400900,72.8
"wake fall asleep",4,400904,72.8
"wake go school",4,400908,72.8
"wake wake month",4,400912,72.8
"waking hardest part",4,400916,72.8
"waking love ones",4,400920,72.8
"walk away day",4,400924,72.81
"walk coconut grove",4,400928,72.81
"walk last night",4,400932,72.81
"walk like egyptian",4,400936,72.81
"walk remember favorite",4,400940,72.81
"walk starting pm",4,400944,72.81
"walked living room",4,400948,72.81
"walking home rain",4,400952,72.81
"walking pouring rain",4,400956,72.81
"walks bar bartender",4,400960,72.81
"wall rise fall",4,400964,72.81
"walls get people",4,400968,72.81
"walmart gift cards",4,400972,72.81
"wanna buy new",4,400976,72.81
"wanna change password",4,400980,72.82
"wanna cry bad",4,400984,72.82
"wanna cuddle watch",4,400988,72.82
"wanna feel like",4,400992,72.82
"wanna get belly",4,400996,72.82
"wanna get don",4,401000,72.82
"wanna get dressed",4,401004,72.82
"wanna get eat",4,401008,72.82
"wanna get just",4,401012,72.82
"wanna get new",4,401016,72.82
"wanna get rid",4,401020,72.82
"wanna get trouble",4,401024,72.82
"wanna get weird",4,401028,72.82
"wanna get work",4,401032,72.82
"wanna learn dance",4,401036,72.83
"wanna leave wanna",4,401040,72.83
"wanna like don",4,401044,72.83
"wanna live don",4,401048,72.83
"wanna lose weight",4,401052,72.83
"wanna love somebody",4,401056,72.83
"wanna math don",4,401060,72.83
"wanna move far",4,401064,72.83
"wanna spend day",4,401068,72.83
"wanna talk like",4,401072,72.83
"wanna talk phone",4,401076,72.83
"wanna wanna wanna",4,401080,72.83
"wanna waste time",4,401084,72.83
"wanna wear dress",4,401088,72.83
"wanna wear shorts",4,401092,72.84
"want aim high",4,401096,72.84
"want attention affection",4,401100,72.84
"want better person",4,401104,72.84
"want birthday tweet",4,401108,72.84
"want come dinner",4,401112,72.84
"want come eat",4,401116,72.84
"want come give",4,401120,72.84
"want come room",4,401124,72.84
"want come tonight",4,401128,72.84
"want done ask",4,401132,72.84
"want drive away",4,401136,72.84
"want follow bad",4,401140,72.84
"want follow following",4,401144,72.85
"want follow must",4,401148,72.85
"want follow ur",4,401152,72.85
"want give credit",4,401156,72.85
"want give free",4,401160,72.85
"want give good",4,401164,72.85
"want give special",4,401168,72.85
"want give try",4,401172,72.85
"want grow hair",4,401176,72.85
"want grow looking",4,401180,72.85
"want grow old",4,401184,72.85
"want guy come",4,401188,72.85
"want guy sing",4,401192,72.85
"want happen frank",4,401196,72.85
"want hear great",4,401200,72.86
"want hear guys",4,401204,72.86
"want hear like",4,401208,72.86
"want hear say",4,401212,72.86
"want hear songs",4,401216,72.86
"want hold hand",4,401220,72.86
"want home clean",4,401224,72.86
"want just got",4,401228,72.86
"want just need",4,401232,72.86
"want last words",4,401236,72.86
"want make best",4,401240,72.86
"want make business",4,401244,72.86
"want make fun",4,401248,72.86
"want make life",4,401252,72.86
"want make movie",4,401256,72.87
"want make work",4,401260,72.87
"want mean need",4,401264,72.87
"want meet austin",4,401268,72.87
"want meet justin",4,401272,72.87
"want meet person",4,401276,72.87
"want mom faces",4,401280,72.87
"want money books",4,401284,72.87
"want opportunities ralph",4,401288,72.87
"want pick brain",4,401292,72.87
"want play cod",4,401296,72.87
"want play poker",4,401300,72.87
"want quarter inch",4,401304,72.87
"want reach followers",4,401308,72.87
"want really want",4,401312,72.88
"want relationship eyes",4,401316,72.88
"want save money",4,401320,72.88
"want say great",4,401324,72.88
"want say look",4,401328,72.88
"want school year",4,401332,72.88
"want sell home",4,401336,72.88
"want shark tank",4,401340,72.88
"want spend friday",4,401344,72.88
"want spend life",4,401348,72.88
"want sum followers",4,401352,72.88
"want take advantage",4,401356,72.88
"want take class",4,401360,72.88
"want take work",4,401364,72.89
"want talk feel",4,401368,72.89
"want talk love",4,401372,72.89
"want talk right",4,401376,72.89
"want talk talk",4,401380,72.89
"want talk today",4,401384,72.89
"want text bad",4,401388,72.89
"want things way",4,401392,72.89
"want throw away",4,401396,72.89
"want time must",4,401400,72.89
"want wait till",4,401404,72.89
"want want go",4,401408,72.89
"want willing give",4,401412,72.89
"want world right",4,401416,72.89
"want www com",4,401420,72.9
"wanted become gave",4,401424,72.9
"wanted glad came",4,401428,72.9
"wanted plenty confronted",4,401432,72.9
"wanted say guys",4,401436,72.9
"wanted say sorry",4,401440,72.9
"wanted send love",4,401444,72.9
"wanted try new",4,401448,72.9
"wants buy ticket",4,401452,72.9
"wants co owner",4,401456,72.9
"wants fan video",4,401460,72.9
"wants go tomorrow",4,401464,72.9
"wants hang today",4,401468,72.9
"wants hear person",4,401472,72.9
"wants make dollars",4,401476,72.91
"wants make sure",4,401480,72.91
"wants really want",4,401484,72.91
"warm bed cold",4,401488,72.91
"warm chocolate chip",4,401492,72.91
"wars lord rings",4,401496,72.91
"wars old republic",4,401500,72.91
"wash car today",4,401504,72.91
"wash co restore",4,401508,72.91
"washed friends don",4,401512,72.91
"washington charter school",4,401516,72.91
"washington counties pm",4,401520,72.91
"washington dc come",4,401524,72.91
"washington dc week",4,401528,72.91
"washington lists bakery",4,401532,72.92
"washington redskins carolina",4,401536,72.92
"waste life get",4,401540,72.92
"waste minutes life",4,401544,72.92
"waste money book",4,401548,72.92
"waste money new",4,401552,72.92
"waste perfect happiness",4,401556,72.92
"waste single second",4,401560,72.92
"waste time giving",4,401564,72.92
"waste time go",4,401568,72.92
"waste time good",4,401572,72.92
"waste time making",4,401576,72.92
"waste time people",4,401580,72.92
"waste time reading",4,401584,72.92
"waste time watching",4,401588,72.93
"waste time write",4,401592,72.93
"waste want beautiful",4,401596,72.93
"wasted years life",4,401600,72.93
"watch barcelona vs",4,401604,72.93
"watch basketball game",4,401608,72.93
"watch bears game",4,401612,72.93
"watch christmas movies",4,401616,72.93
"watch costumes cocktails",4,401620,72.93
"watch don know",4,401624,72.93
"watch feature youtube",4,401628,72.93
"watch food network",4,401632,72.93
"watch football day",4,401636,72.93
"watch fresh prince",4,401640,72.94
"watch game season",4,401644,72.94
"watch game tomorrow",4,401648,72.94
"watch game vs",4,401652,72.94
"watch games just",4,401656,72.94
"watch games live",4,401660,72.94
"watch last episode",4,401664,72.94
"watch like times",4,401668,72.94
"watch local news",4,401672,72.94
"watch met mother",4,401676,72.94
"watch movie get",4,401680,72.94
"watch movie go",4,401684,72.94
"watch movie just",4,401688,72.94
"watch movie time",4,401692,72.94
"watch old movies",4,401696,72.95
"watch people fall",4,401700,72.95
"watch tomorrow night",4,401704,72.95
"watch tomorrow pm",4,401708,72.95
"watch train wreck",4,401712,72.95
"watch true blood",4,401716,72.95
"watch tv get",4,401720,72.95
"watch world cup",4,401724,72.95
"watch world go",4,401728,72.95
"watched blu ray",4,401732,72.95
"watched crazy love",4,401736,72.95
"watched episodes last",4,401740,72.95
"watched movie last",4,401744,72.95
"watched season premiere",4,401748,72.95
"watched sun rise",4,401752,72.96
"watched ted talk",4,401756,72.96
"watched video youtube",4,401760,72.96
"watched videos youtube",4,401764,72.96
"watching ancient aliens",4,401768,72.96
"watching betty white",4,401772,72.96
"watching boxing match",4,401776,72.96
"watching brewer game",4,401780,72.96
"watching cartoon network",4,401784,72.96
"watching casey anthony",4,401788,72.96
"watching chocolate factory",4,401792,72.96
"watching cold case",4,401796,72.96
"watching diners drive",4,401800,72.96
"watching elimination deserve",4,401804,72.96
"watching extremely loud",4,401808,72.97
"watching fairly odd",4,401812,72.97
"watching favorite things",4,401816,72.97
"watching game family",4,401820,72.97
"watching game film",4,401824,72.97
"watching game go",4,401828,72.97
"watching game just",4,401832,72.97
"watching game lets",4,401836,72.97
"watching game think",4,401840,72.97
"watching game time",4,401844,72.97
"watching game tomorrow",4,401848,72.97
"watching glee right",4,401852,72.97
"watching good burger",4,401856,72.97
"watching indiana jones",4,401860,72.98
"watching like watching",4,401864,72.98
"watching little brother",4,401868,72.98
"watching little pony",4,401872,72.98
"watching live feed",4,401876,72.98
"watching live tv",4,401880,72.98
"watching major league",4,401884,72.98
"watching michael jackson",4,401888,72.98
"watching movie called",4,401892,72.98
"watching movie day",4,401896,72.98
"watching movie myself",4,401900,72.98
"watching movie parents",4,401904,72.98
"watching nba star",4,401908,72.98
"watching old school",4,401912,72.98
"watching oscars tonight",4,401916,72.99
"watching parent trap",4,401920,72.99
"watching people play",4,401924,72.99
"watching perfect game",4,401928,72.99
"watching planet earth",4,401932,72.99
"watching pretty good",4,401936,72.99
"watching rainy day",4,401940,72.99
"watching real time",4,401944,72.99
"watching rose bowl",4,401948,72.99
"watching saints game",4,401952,72.99
"watching scared straight",4,401956,72.99
"watching season good",4,401960,72.99
"watching season premiere",4,401964,72.99
"watching stop laughing",4,401968,72.99
"watching storage wars",4,401972,73
"watching switched birth",4,401976,73
"watching th time",4,401980,73
"watching think dance",4,401984,73
"watching tv bored",4,401988,73
"watching tv dad",4,401992,73
"watching tv day",4,401996,73
"watching tv just",4,402000,73
"watching ugly betty",4,402004,73
"watching voice love",4,402008,73
"watching wed pm",4,402012,73
"waves learn surf",4,402016,73
"wax brazil value",4,402020,73
"way ahead game",4,402024,73
"way behave way",4,402028,73.01
"way better person",4,402032,73.01
"way better year",4,402036,73.01
"way booker washington",4,402040,73.01
"way bring good",4,402044,73.01
"way change world",4,402048,73.01
"way contact www",4,402052,73.01
"way describe life",4,402056,73.01
"way eat influence",4,402060,73.01
"way fan base",4,402064,73.01
"way game going",4,402068,73.01
"way get deal",4,402072,73.01
"way get exercise",4,402076,73.01
"way get free",4,402080,73.02
"way get good",4,402084,73.02
"way get hair",4,402088,73.02
"way get life",4,402092,73.02
"way get money",4,402096,73.02
"way get shape",4,402100,73.02
"way home right",4,402104,73.02
"way home tonight",4,402108,73.02
"way home wait",4,402112,73.02
"way hong kong",4,402116,73.02
"way kick week",4,402120,73.02
"way learn new",4,402124,73.02
"way make extra",4,402128,73.02
"way make love",4,402132,73.02
"way make right",4,402136,73.03
"way making feel",4,402140,73.03
"way move forward",4,402144,73.03
"way nice meet",4,402148,73.03
"way problem problem",4,402152,73.03
"way really want",4,402156,73.03
"way ring new",4,402160,73.03
"way run learn",4,402164,73.03
"way stay classy",4,402168,73.03
"way suspect hung",4,402172,73.03
"way take advantage",4,402176,73.03
"way uh huh",4,402180,73.03
"way whip whip",4,402184,73.03
"way words left",4,402188,73.03
"wayne rick ross",4,402192,73.04
"ways doing things",4,402196,73.04
"ways feel jim",4,402200,73.04
"ways social media",4,402204,73.04
"ways use social",4,402208,73.04
"weak point needs",4,402212,73.04
"wealth best relationship",4,402216,73.04
"wealth pieces gold",4,402220,73.04
"wear baseball cap",4,402224,73.04
"wear dress today",4,402228,73.04
"wear dress tomorrow",4,402232,73.04
"wear pink tomorrow",4,402236,73.04
"wear red tomorrow",4,402240,73.04
"wear shorts school",4,402244,73.04
"wearing basketball shorts",4,402248,73.05
"wearing hawaiian shirt",4,402252,73.05
"wearing inch heels",4,402256,73.05
"wearing new jeans",4,402260,73.05
"wearing new shirt",4,402264,73.05
"wearing pants right",4,402268,73.05
"weary give rest",4,402272,73.05
"weather awareness week",4,402276,73.05
"weather feel like",4,402280,73.05
"weather get outside",4,402284,73.05
"weather great food",4,402288,73.05
"weather just like",4,402292,73.05
"weather like today",4,402296,73.05
"weather makes lazy",4,402300,73.05
"weather perfect today",4,402304,73.06
"weather puts mood",4,402308,73.06
"web based app",4,402312,73.06
"web builder com",4,402316,73.06
"web site details",4,402320,73.06
"web site new",4,402324,73.06
"web site today",4,402328,73.06
"website car loan",4,402332,73.06
"website just went",4,402336,73.06
"website look forward",4,402340,73.06
"website press release",4,402344,73.06
"website take look",4,402348,73.06
"webster hall tonight",4,402352,73.06
"wed mark towns",4,402356,73.07
"wedding reception countdown",4,402360,73.07
"wednesday feel like",4,402364,73.07
"wednesday fish fry",4,402368,73.07
"wednesday kids eat",4,402372,73.07
"wednesday raw wednesday",4,402376,73.07
"wednesday smile thursday",4,402380,73.07
"wednesday stay tuned",4,402384,73.07
"wee big adventure",4,402388,73.07
"weed don smoke",4,402392,73.07
"week bay view",4,402396,73.07
"week better last",4,402400,73.07
"week did get",4,402404,73.07
"week fantasy football",4,402408,73.07
"week feel free",4,402412,73.08
"week finals week",4,402416,73.08
"week free coffee",4,402420,73.08
"week full swing",4,402424,73.08
"week gonna good",4,402428,73.08
"week hopefully get",4,402432,73.08
"week hunger games",4,402436,73.08
"week keep posted",4,402440,73.08
"week know means",4,402444,73.08
"week last full",4,402448,73.08
"week lemme know",4,402452,73.08
"week looks good",4,402456,73.08
"week march th",4,402460,73.08
"week oh wait",4,402464,73.08
"week ready go",4,402468,73.09
"week summer vacation",4,402472,73.09
"week thank follows",4,402476,73.09
"week thank lord",4,402480,73.09
"week tweet just",4,402484,73.09
"week yes yes",4,402488,73.09
"weekend best friends",4,402492,73.09
"weekend best luck",4,402496,73.09
"weekend chance win",4,402500,73.09
"weekend check com",4,402504,73.09
"weekend check www",4,402508,73.09
"weekend date night",4,402512,73.09
"weekend did anything",4,402516,73.09
"weekend getting ready",4,402520,73.09
"weekend gonna crazy",4,402524,73.1
"weekend keep posted",4,402528,73.1
"weekend lots new",4,402532,73.1
"weekend new england",4,402536,73.1
"weekend really need",4,402540,73.1
"weekend search brands",4,402544,73.1
"weekend sure stop",4,402548,73.1
"weekend take care",4,402552,73.1
"weekend wait get",4,402556,73.1
"weekly defense industry",4,402560,73.1
"weekly happy hour",4,402564,73.1
"weeks ago better",4,402568,73.1
"weeks ago don",4,402572,73.1
"weeks get ready",4,402576,73.11
"weight loss tips",4,402580,73.11
"weight loss tweet",4,402584,73.11
"weird just got",4,402588,73.11
"weird limited edition",4,402592,73.11
"weird looks like",4,402596,73.11
"weird people like",4,402600,73.11
"weird things happen",4,402604,73.11
"weird year old",4,402608,73.11
"welcome contact become",4,402612,73.11
"welcome kansas city",4,402616,73.11
"welcome merry christmas",4,402620,73.11
"welcome museum family",4,402624,73.11
"welcome new fuel",4,402628,73.11
"welcome new home",4,402632,73.12
"welcome new intern",4,402636,73.12
"welcome questions let",4,402640,73.12
"welcome thanks checking",4,402644,73.12
"welcome thanks joining",4,402648,73.12
"welcome thanks kind",4,402652,73.12
"welcome thanks love",4,402656,73.12
"welcome thanks new",4,402660,73.12
"welcome thanks using",4,402664,73.12
"welcome twitter fun",4,402668,73.12
"welcome twitter go",4,402672,73.12
"welcome twitter stream",4,402676,73.12
"welcome video www",4,402680,73.12
"went good bad",4,402684,73.12
"went law school",4,402688,73.13
"went market today",4,402692,73.13
"went really good",4,402696,73.13
"went right sleep",4,402700,73.13
"went time last",4,402704,73.13
"west book fest",4,402708,73.13
"west coast feed",4,402712,73.13
"west coast friends",4,402716,73.13
"west coast let",4,402720,73.13
"west coast like",4,402724,73.13
"west coast peeps",4,402728,73.13
"west coast vibe",4,402732,73.13
"west end tonight",4,402736,73.13
"west santa monica",4,402740,73.13
"west wing reunion",4,402744,73.14
"western stories does",4,402748,73.14
"whats big deal",4,402752,73.14
"whats favorite movie",4,402756,73.14
"whats favorite part",4,402760,73.14
"whats good music",4,402764,73.14
"whats good people",4,402768,73.14
"whats happening right",4,402772,73.14
"whats point having",4,402776,73.14
"whats ur ur",4,402780,73.14
"whipped cream chocolate",4,402784,73.14
"whisper things ear",4,402788,73.14
"white blank page",4,402792,73.14
"white blue colors",4,402796,73.15
"white chicken chili",4,402800,73.15
"white house garden",4,402804,73.15
"white house like",4,402808,73.15
"white looks like",4,402812,73.15
"white men jump",4,402816,73.15
"white wine sauce",4,402820,73.15
"whitney houston amazing",4,402824,73.15
"whitney houston loved",4,402828,73.15
"whitney houston miss",4,402832,73.15
"whitney houston really",4,402836,73.15
"whitney houston service",4,402840,73.15
"whitney houston song",4,402844,73.15
"whitney houston thank",4,402848,73.15
"whitney houston truly",4,402852,73.16
"wholesale sandwich rolls",4,402856,73.16
"wicked way comes",4,402860,73.16
"wife bath tale",4,402864,73.16
"wife job years",4,402868,73.16
"wife just baby",4,402872,73.16
"wife looks like",4,402876,73.16
"wild friday night",4,402880,73.16
"wild wesley dance",4,402884,73.16
"willing exchange establish",4,402888,73.16
"willing give belief",4,402892,73.16
"willing give chance",4,402896,73.16
"willing give love",4,402900,73.16
"willing move feet",4,402904,73.16
"win academy award",4,402908,73.17
"win big tonight",4,402912,73.17
"win championship game",4,402916,73.17
"win contest ends",4,402920,73.17
"win country cash",4,402924,73.17
"win dunk contest",4,402928,73.17
"win fa cup",4,402932,73.17
"win free admission",4,402936,73.17
"win free gear",4,402940,73.17
"win free movie",4,402944,73.17
"win free office",4,402948,73.17
"win free pair",4,402952,73.17
"win free sample",4,402956,73.17
"win free session",4,402960,73.17
"win free trip",4,402964,73.18
"win free vip",4,402968,73.18
"win game get",4,402972,73.18
"win game take",4,402976,73.18
"win game winning",4,402980,73.18
"win great game",4,402984,73.18
"win just like",4,402988,73.18
"win let get",4,402992,73.18
"win millions tonight",4,402996,73.18
"win project vote",4,403000,73.18
"win room vip",4,403004,73.18
"win seats bulls",4,403008,73.18
"win subway gift",4,403012,73.18
"win team presentation",4,403016,73.19
"win tonight go",4,403020,73.19
"win tonight make",4,403024,73.19
"win trip hawaii",4,403028,73.19
"win trip vegas",4,403032,73.19
"win way go",4,403036,73.19
"windows wide open",4,403040,73.19
"wine beer food",4,403044,73.19
"wine beer spirits",4,403048,73.19
"wine dinner tonight",4,403052,73.19
"wine food festival",4,403056,73.19
"wine start turning",4,403060,73.19
"wine tastes like",4,403064,73.19
"wing night tonight",4,403068,73.19
"wing right wing",4,403072,73.2
"wings last night",4,403076,73.2
"wings oh fly",4,403080,73.2
"wings shoulders smooth",4,403084,73.2
"winner announced pm",4,403088,73.2
"winner announced soon",4,403092,73.2
"winner announced tuesday",4,403096,73.2
"winner announced week",4,403100,73.2
"winner itunes video",4,403104,73.2
"winners goal achieving",4,403108,73.2
"winning ncaa championship",4,403112,73.2
"winning stanley cup",4,403116,73.2
"wins ap nfl",4,403120,73.2
"wins democratic primary",4,403124,73.2
"wins man thinks",4,403128,73.21
"wins southern region",4,403132,73.21
"wins world series",4,403136,73.21
"winter farmers market",4,403140,73.21
"wiped human natural",4,403144,73.21
"wire week batters",4,403148,73.21
"wisconsin beer lovers",4,403152,73.21
"wisconsin last jobs",4,403156,73.21
"wisconsin state journal",4,403160,73.21
"wisdom desperate things",4,403164,73.21
"wisdom don live",4,403168,73.21
"wisdom reward get",4,403172,73.21
"wisdom teeth coming",4,403176,73.21
"wisdom wise experience",4,403180,73.21
"wise experience ages",4,403184,73.22
"wise grows feet",4,403188,73.22
"wise past responsibility",4,403192,73.22
"wise wise man",4,403196,73.22
"wish able make",4,403200,73.22
"wish best birthday",4,403204,73.22
"wish best life",4,403208,73.22
"wish best love",4,403212,73.22
"wish go last",4,403216,73.22
"wish go live",4,403220,73.22
"wish go right",4,403224,73.22
"wish got chance",4,403228,73.22
"wish great success",4,403232,73.22
"wish great weekend",4,403236,73.22
"wish instagram filter",4,403240,73.23
"wish invented blue",4,403244,73.23
"wish little knees",4,403248,73.23
"wish love peace",4,403252,73.23
"wish luck match",4,403256,73.23
"wish luck soccer",4,403260,73.23
"wish luck world",4,403264,73.23
"wish meant return",4,403268,73.23
"wish mother happy",4,403272,73.23
"wish mothers happy",4,403276,73.23
"wish new orleans",4,403280,73.23
"wish san diego",4,403284,73.23
"wish speedy recovery",4,403288,73.23
"wish stayed home",4,403292,73.24
"wish things just",4,403296,73.24
"wish things way",4,403300,73.24
"wish twitter let",4,403304,73.24
"wish work tomorrow",4,403308,73.24
"wish work tonight",4,403312,73.24
"wishes dreams come",4,403316,73.24
"wishes happy healthy",4,403320,73.24
"wishes happy safe",4,403324,73.24
"wishes merry christmas",4,403328,73.24
"wishes tests week",4,403332,73.24
"wishes trend twitter",4,403336,73.24
"wishing smooth flight",4,403340,73.24
"wishing wonderful week",4,403344,73.24
"wit high school",4,403348,73.25
"wit last night",4,403352,73.25
"woke beautiful day",4,403356,73.25
"woke early go",4,403360,73.25
"woke getting ready",4,403364,73.25
"woke late morning",4,403368,73.25
"woke looked mirror",4,403372,73.25
"woke way early",4,403376,73.25
"wolf sheep clothing",4,403380,73.25
"wolves sheep clothing",4,403384,73.25
"woman future past",4,403388,73.25
"woman harassment woman",4,403392,73.25
"woman just walked",4,403396,73.25
"woman learn navigate",4,403400,73.25
"woman looked like",4,403404,73.26
"woman lover husband",4,403408,73.26
"woman man needs",4,403412,73.26
"woman smiles times",4,403416,73.26
"woman success summit",4,403420,73.26
"woman talks man",4,403424,73.26
"women acting like",4,403428,73.26
"women admit age",4,403432,73.26
"women basketball team",4,403436,73.26
"women basketball teams",4,403440,73.26
"women changed world",4,403444,73.26
"women complain syndrome",4,403448,73.26
"women don think",4,403452,73.26
"women exist money",4,403456,73.26
"women health care",4,403460,73.27
"women just like",4,403464,73.27
"women life love",4,403468,73.27
"women like police",4,403472,73.27
"women love men",4,403476,73.27
"women men don",4,403480,73.27
"women repeal article",4,403484,73.27
"women ruled world",4,403488,73.27
"women takes away",4,403492,73.27
"women want hear",4,403496,73.27
"won attending year",4,403500,73.27
"won feel thing",4,403504,73.27
"won games row",4,403508,73.27
"won get ready",4,403512,73.28
"won going bed",4,403516,73.28
"won high school",4,403520,73.28
"won home till",4,403524,73.28
"won just wanted",4,403528,73.28
"won looks like",4,403532,73.28
"won lottery buy",4,403536,73.28
"won playoff games",4,403540,73.28
"won stanley cup",4,403544,73.28
"won start till",4,403548,73.28
"won victory humanity",4,403552,73.28
"won wanna miss",4,403556,73.28
"won want get",4,403560,73.28
"wonder clothes china",4,403564,73.28
"wonder don want",4,403568,73.29
"wonder long took",4,403572,73.29
"wonder met person",4,403576,73.29
"wonder texting texting",4,403580,73.29
"wonder twin powers",4,403584,73.29
"wonder wide receiver",4,403588,73.29
"wonderful cold night",4,403592,73.29
"wonderful day enjoy",4,403596,73.29
"wonderful day filled",4,403600,73.29
"wonderful event last",4,403604,73.29
"wonderful joy ahead",4,403608,73.29
"wonderful legacy leave",4,403612,73.29
"wonderful mothers day",4,403616,73.29
"wonderful opening night",4,403620,73.29
"wonderful st patrick",4,403624,73.3
"wonderful thing makes",4,403628,73.3
"wonderful world twitter",4,403632,73.3
"wont get anywhere",4,403636,73.3
"wont give give",4,403640,73.3
"word champagne open",4,403644,73.3
"word describe experience",4,403648,73.3
"word don take",4,403652,73.3
"word girl beautiful",4,403656,73.3
"word hillary clinton",4,403660,73.3
"word impossible greatest",4,403664,73.3
"word memorial book",4,403668,73.3
"word missing milwaukee",4,403672,73.3
"word people don",4,403676,73.3
"word reply answer",4,403680,73.31
"word starts ends",4,403684,73.31
"word think means",4,403688,73.31
"words express happy",4,403692,73.31
"words just words",4,403696,73.31
"words live john",4,403700,73.31
"words live love",4,403704,73.31
"words mean actions",4,403708,73.31
"wore ocean shape",4,403712,73.31
"work bad thing",4,403716,73.31
"work becoming anna",4,403720,73.31
"work big fan",4,403724,73.31
"work bored mind",4,403728,73.31
"work busy day",4,403732,73.32
"work coming way",4,403736,73.32
"work day day",4,403740,73.32
"work day days",4,403744,73.32
"work day full",4,403748,73.32
"work day job",4,403752,73.32
"work day make",4,403756,73.32
"work day soon",4,403760,73.32
"work disabled adults",4,403764,73.32
"work done going",4,403768,73.32
"work done need",4,403772,73.32
"work done opportunity",4,403776,73.32
"work done time",4,403780,73.32
"work east coast",4,403784,73.32
"work fifty ordinary",4,403788,73.33
"work get home",4,403792,73.33
"work get money",4,403796,73.33
"work gonna long",4,403800,73.33
"work gotta make",4,403804,73.33
"work grocery store",4,403808,73.33
"work grows weeds",4,403812,73.33
"work happy friday",4,403816,73.33
"work hard deserve",4,403820,73.33
"work hard dream",4,403824,73.33
"work hard just",4,403828,73.33
"work hard keep",4,403832,73.33
"work hard rest",4,403836,73.33
"work hard strike",4,403840,73.33
"work hard things",4,403844,73.34
"work hard today",4,403848,73.34
"work hard true",4,403852,73.34
"work hour day",4,403856,73.34
"work hour shift",4,403860,73.34
"work insurance company",4,403864,73.34
"work job jim",4,403868,73.34
"work just gotta",4,403872,73.34
"work just saw",4,403876,73.34
"work let ask",4,403880,73.34
"work let go",4,403884,73.34
"work let talk",4,403888,73.34
"work letters stay",4,403892,73.34
"work little bit",4,403896,73.34
"work little early",4,403900,73.35
"work long run",4,403904,73.35
"work look like",4,403908,73.35
"work looking good",4,403912,73.35
"work looks amazing",4,403916,73.35
"work lot fun",4,403920,73.35
"work rd shift",4,403924,73.35
"work think going",4,403928,73.35
"work today days",4,403932,73.35
"work today great",4,403936,73.35
"work today let",4,403940,73.35
"work today make",4,403944,73.35
"work today need",4,403948,73.35
"work today nice",4,403952,73.35
"work today pretty",4,403956,73.36
"work today thank",4,403960,73.36
"work tomorrow days",4,403964,73.36
"work tomorrow gonna",4,403968,73.36
"work tomorrow great",4,403972,73.36
"work tomorrow new",4,403976,73.36
"work tomorrow oh",4,403980,73.36
"work tomorrow saturday",4,403984,73.36
"work trying get",4,403988,73.36
"work vice need",4,403992,73.36
"work want go",4,403996,73.36
"work week anyone",4,404000,73.36
"work week going",4,404004,73.36
"work week hope",4,404008,73.37
"work week really",4,404012,73.37
"work week vacation",4,404016,73.37
"work week week",4,404020,73.37
"work wish luck",4,404024,73.37
"workforce leadership summit",4,404028,73.37
"working days week",4,404032,73.37
"working great people",4,404036,73.37
"working hard don",4,404040,73.37
"working hard stay",4,404044,73.37
"working hard trying",4,404048,73.37
"working keeping busy",4,404052,73.37
"working lot lately",4,404056,73.37
"working music video",4,404060,73.37
"working near future",4,404064,73.38
"working new ideas",4,404068,73.38
"working new logo",4,404072,73.38
"working new menu",4,404076,73.38
"working poised creation",4,404080,73.38
"working tonight come",4,404084,73.38
"working tonight just",4,404088,73.38
"workout feels good",4,404092,73.38
"works afford waste",4,404096,73.38
"works looking forward",4,404100,73.38
"works means think",4,404104,73.38
"workshop social media",4,404108,73.38
"workshop tonight pm",4,404112,73.38
"world became butterfly",4,404116,73.38
"world champion green",4,404120,73.39
"world championship june",4,404124,73.39
"world change people",4,404128,73.39
"world confession character",4,404132,73.39
"world courage man",4,404136,73.39
"world crucial primary",4,404140,73.39
"world does need",4,404144,73.39
"world followed inspiration",4,404148,73.39
"world full darkness",4,404152,73.39
"world gates opportunities",4,404156,73.39
"world happier place",4,404160,73.39
"world hope enjoy",4,404164,73.39
"world hope great",4,404168,73.39
"world let make",4,404172,73.39
"world lets get",4,404176,73.4
"world might person",4,404180,73.4
"world okay know",4,404184,73.4
"world peace got",4,404188,73.4
"world poker tour",4,404192,73.4
"world press freedom",4,404196,73.4
"world raise price",4,404200,73.4
"world really needs",4,404204,73.4
"world record today",4,404208,73.4
"world right lap",4,404212,73.4
"world series champion",4,404216,73.4
"world series mvp",4,404220,73.4
"world series tonight",4,404224,73.4
"world stop year",4,404228,73.41
"world turned upside",4,404232,73.41
"world walks walter",4,404236,73.41
"world want live",4,404240,73.41
"world wars just",4,404244,73.41
"world wished happy",4,404248,73.41
"worries stay small",4,404252,73.41
"worry child become",4,404256,73.41
"worry gives small",4,404260,73.41
"worry just keep",4,404264,73.41
"worry little things",4,404268,73.41
"worse case scenario",4,404272,73.41
"worse day goes",4,404276,73.41
"worse happiest day",4,404280,73.41
"worse things happen",4,404284,73.42
"worst nightmare depends",4,404288,73.42
"worst nightmare just",4,404292,73.42
"worst spring break",4,404296,73.42
"worst sure don",4,404300,73.42
"worst way miss",4,404304,73.42
"worth fighting fighting",4,404308,73.42
"worth having does",4,404312,73.42
"worth having life",4,404316,73.42
"worth living unless",4,404320,73.42
"worth million bucks",4,404324,73.42
"worth ton theory",4,404328,73.42
"worth www com",4,404332,73.42
"worthwhile live sacred",4,404336,73.42
"wow cool thank",4,404340,73.43
"wow dad just",4,404344,73.43
"wow does sound",4,404348,73.43
"wow followers guys",4,404352,73.43
"wow got great",4,404356,73.43
"wow just blew",4,404360,73.43
"wow just seen",4,404364,73.43
"wow looks awesome",4,404368,73.43
"wow looks really",4,404372,73.43
"wow marks years",4,404376,73.43
"wow nice day",4,404380,73.43
"wow poor thing",4,404384,73.43
"wow pretty sure",4,404388,73.43
"wow really mean",4,404392,73.43
"wow really think",4,404396,73.44
"wow think just",4,404400,73.44
"wow today just",4,404404,73.44
"wrapped hot dogs",4,404408,73.44
"wrapping christmas presents",4,404412,73.44
"write follow follow",4,404416,73.44
"write phone number",4,404420,73.44
"write walls get",4,404424,73.44
"writing feel like",4,404428,73.44
"writing just feel",4,404432,73.44
"writing simply thinking",4,404436,73.44
"written thank card",4,404440,73.44
"wrong don believe",4,404444,73.44
"wrong dreams real",4,404448,73.45
"wrong feels right",4,404452,73.45
"wrong get good",4,404456,73.45
"wrong men go",4,404460,73.45
"wrong mental attitude",4,404464,73.45
"wrong time wrong",4,404468,73.45
"wrote book called",4,404472,73.45
"wrote page paper",4,404476,73.45
"wrote short story",4,404480,73.45
"www com announcements",4,404484,73.45
"www com big",4,404488,73.45
"www com books",4,404492,73.45
"www com builder",4,404496,73.45
"www com cd",4,404500,73.45
"www com charity",4,404504,73.46
"www com discount",4,404508,73.46
"www com donate",4,404512,73.46
"www com fate",4,404516,73.46
"www com google",4,404520,73.46
"www com hear",4,404524,73.46
"www com high",4,404528,73.46
"www com looking",4,404532,73.46
"www com lose",4,404536,73.46
"www com maybe",4,404540,73.46
"www com mention",4,404544,73.46
"www com myspace",4,404548,73.46
"www com online",4,404552,73.46
"www com people",4,404556,73.46
"www com profile",4,404560,73.47
"www com purchase",4,404564,73.47
"www com real",4,404568,73.47
"www com schedule",4,404572,73.47
"www com sell",4,404576,73.47
"www com share",4,404580,73.47
"www com soon",4,404584,73.47
"www com spread",4,404588,73.47
"www com starting",4,404592,73.47
"www com submit",4,404596,73.47
"www com text",4,404600,73.47
"www com think",4,404604,73.47
"www com tons",4,404608,73.47
"www com try",4,404612,73.47
"www com upcoming",4,404616,73.48
"www com website",4,404620,73.48
"www com world",4,404624,73.48
"www com yes",4,404628,73.48
"www davis com",4,404632,73.48
"www eating achieving",4,404636,73.48
"www events com",4,404640,73.48
"www language com",4,404644,73.48
"www mayor com",4,404648,73.48
"www power fm",4,404652,73.48
"www store com",4,404656,73.48
"www streaming live",4,404660,73.48
"www urban com",4,404664,73.48
"xmas new year",4,404668,73.49
"yahoo sports radio",4,404672,73.49
"yankees related tweets",4,404676,73.49
"yard looks like",4,404680,73.49
"ye say ye",4,404684,73.49
"yea don forget",4,404688,73.49
"yea go ahead",4,404692,73.49
"yea man just",4,404696,73.49
"yea need go",4,404700,73.49
"yea sounds good",4,404704,73.49
"yeah best friend",4,404708,73.49
"yeah buddy got",4,404712,73.49
"yeah buddy great",4,404716,73.49
"yeah buddy wait",4,404720,73.49
"yeah cool just",4,404724,73.5
"yeah does look",4,404728,73.5
"yeah gotta love",4,404732,73.5
"yeah haven seen",4,404736,73.5
"yeah heard good",4,404740,73.5
"yeah ill send",4,404744,73.5
"yeah just called",4,404748,73.5
"yeah just finished",4,404752,73.5
"yeah just go",4,404756,73.5
"yeah just know",4,404760,73.5
"yeah just little",4,404764,73.5
"yeah just needed",4,404768,73.5
"yeah just put",4,404772,73.5
"yeah just realized",4,404776,73.5
"yeah just tweeted",4,404780,73.51
"yeah just want",4,404784,73.51
"yeah keep posted",4,404788,73.51
"yeah know know",4,404792,73.51
"yeah know maybe",4,404796,73.51
"yeah know remember",4,404800,73.51
"yeah know use",4,404804,73.51
"yeah know weird",4,404808,73.51
"yeah last day",4,404812,73.51
"yeah last year",4,404816,73.51
"yeah make sense",4,404820,73.51
"yeah people like",4,404824,73.51
"yeah sucks just",4,404828,73.51
"yeah totally forgot",4,404832,73.51
"yeah want go",4,404836,73.52
"yeah want know",4,404840,73.52
"yeah yeah just",4,404844,73.52
"year box office",4,404848,73.52
"year did graduate",4,404852,73.52
"year extra day",4,404856,73.52
"year feel free",4,404860,73.52
"year form divine",4,404864,73.52
"year happy holidays",4,404868,73.52
"year happy hour",4,404872,73.52
"year hong kong",4,404876,73.52
"year language year",4,404880,73.52
"year let help",4,404884,73.52
"year let hope",4,404888,73.52
"year like talking",4,404892,73.53
"year regular season",4,404896,73.53
"year sending save",4,404900,73.53
"year start thinking",4,404904,73.53
"years day come",4,404908,73.53
"years hardest things",4,404912,73.53
"years last night",4,404916,73.53
"years luis started",4,404920,73.53
"years notice follow",4,404924,73.53
"years old going",4,404928,73.53
"years old happy",4,404932,73.53
"years old years",4,404936,73.53
"years shortage sand",4,404940,73.53
"years therapy said",4,404944,73.54
"yell try good",4,404948,73.54
"yelling like passengers",4,404952,73.54
"yep looks like",4,404956,73.54
"yes absolutely love",4,404960,73.54
"yes best friend",4,404964,73.54
"yes did make",4,404968,73.54
"yes did need",4,404972,73.54
"yes hope get",4,404976,73.54
"yes just made",4,404980,73.54
"yes just read",4,404984,73.54
"yes just signed",4,404988,73.54
"yes know exactly",4,404992,73.54
"yes last day",4,404996,73.54
"yes life good",4,405000,73.55
"yes look great",4,405004,73.55
"yes love song",4,405008,73.55
"yes must get",4,405012,73.55
"yes new york",4,405016,73.55
"yes pretty cool",4,405020,73.55
"yes pretty sure",4,405024,73.55
"yes read correctly",4,405028,73.55
"yes san diego",4,405032,73.55
"yes sir thanks",4,405036,73.55
"yes sir yes",4,405040,73.55
"yes sure just",4,405044,73.55
"yes tomorrow night",4,405048,73.55
"yes totally agree",4,405052,73.55
"yes working new",4,405056,73.56
"yes www com",4,405060,73.56
"yesterday did get",4,405064,73.56
"yesterday dream tomorrow",4,405068,73.56
"yesterday home runs",4,405072,73.56
"yesterday hope get",4,405076,73.56
"yesterday hope good",4,405080,73.56
"yesterday just got",4,405084,73.56
"yesterday seems big",4,405088,73.56
"yesterday thanks coming",4,405092,73.56
"yesterday wait get",4,405096,73.56
"yo got new",4,405100,73.56
"yo just got",4,405104,73.56
"yo just sent",4,405108,73.56
"yo need get",4,405112,73.57
"york city right",4,405116,73.57
"york city week",4,405120,73.57
"york fashion week",4,405124,73.57
"young cross heart",4,405128,73.57
"young getting older",4,405132,73.57
"young lay bed",4,405136,73.57
"young looks like",4,405140,73.57
"young professionals week",4,405144,73.57
"young research library",4,405148,73.57
"young signed bills",4,405152,73.57
"youth fifty youth",4,405156,73.57
"yr last yr",4,405160,73.57
"yr old boys",4,405164,73.58
"yr old cousin",4,405168,73.58
"yr old don",4,405172,73.58
"yr old fan",4,405176,73.58
"yr old get",4,405180,73.58
"yr old good",4,405184,73.58
"yr old guy",4,405188,73.58
"yr old know",4,405192,73.58
"yr old little",4,405196,73.58
"yr old mom",4,405200,73.58
"yr old playing",4,405204,73.58
"yr old told",4,405208,73.58
"yrs ago just",4,405212,73.58
"yrs ago love",4,405216,73.58
"yrs ago told",4,405220,73.59
"zip code win",4,405224,73.59
"abc numbers start",4,405228,73.59
"ability better good",4,405232,73.59
"able john wooden",4,405236,73.59
"able tell story",4,405240,73.59
"absolute best thing",4,405244,73.59
"absolutely made day",4,405248,73.59
"absolutely yelling stealing",4,405252,73.59
"accident service road",4,405256,73.59
"accomplish anything worth",4,405260,73.59
"according according henry",4,405264,73.59
"according henry ward",4,405268,73.59
"according story online",4,405272,73.59
"account get followers",4,405276,73.6
"account live visit",4,405280,73.6
"achievement usually born",4,405284,73.6
"act habit repeatedly",4,405288,73.6
"actions life experiment",4,405292,73.6
"actions watch actions",4,405296,73.6
"actors writers directors",4,405300,73.6
"actually kind sad",4,405304,73.6
"actually read book",4,405308,73.6
"add go bumper",4,405312,73.6
"adding new products",4,405316,73.6
"admit frankly try",4,405320,73.6
"admit life tried",4,405324,73.6
"adoption team today",4,405328,73.6
"ads rush limbaugh",4,405332,73.61
"agree surrender dreams",4,405336,73.61
"ah ok got",4,405340,73.61
"aid www com",4,405344,73.61
"aim end human",4,405348,73.61
"aim las vegas",4,405352,73.61
"airport security line",4,405356,73.61
"airport waiting board",4,405360,73.61
"album release concert",4,405364,73.61
"alcoholic go meetings",4,405368,73.61
"alive barely breathing",4,405372,73.61
"alleged christmas tree",4,405376,73.61
"allen comedy forever",4,405380,73.61
"alliance teammates honey",4,405384,73.62
"amazing day night",4,405388,73.62
"amazing day tomorrow",4,405392,73.62
"amazing felt like",4,405396,73.62
"amazing singer follow",4,405400,73.62
"anaheim text free",4,405404,73.62
"analyst consultant working",4,405408,73.62
"analyst interested going",4,405412,73.62
"andre miller hair",4,405416,73.62
"anger leads hate",4,405420,73.62
"anger punished anger",4,405424,73.62
"ankle ankle ankle",4,405428,73.62
"annual california day",4,405432,73.62
"annual conference international",4,405436,73.62
"annual earth day",4,405440,73.63
"answers learn master",4,405444,73.63
"anybody wanna buy",4,405448,73.63
"anyone catch eye",4,405452,73.63
"anyone want brand",4,405456,73.63
"anyone want meet",4,405460,73.63
"anyone want sell",4,405464,73.63
"anyone want skype",4,405468,73.63
"anyone want watch",4,405472,73.63
"anyone www com",4,405476,73.63
"anything eats needs",4,405480,73.63
"anything looks like",4,405484,73.63
"anything marilyn monroe",4,405488,73.63
"anything worth st",4,405492,73.63
"apart get exercise",4,405496,73.64
"apparel screen printing",4,405500,73.64
"applause baby make",4,405504,73.64
"apple peanut butter",4,405508,73.64
"apple pie ice",4,405512,73.64
"apple sold million",4,405516,73.64
"appreciate good luck",4,405520,73.64
"april save date",4,405524,73.64
"april th chance",4,405528,73.64
"april th hope",4,405532,73.64
"area ur searched",4,405536,73.64
"argue bout thing",4,405540,73.64
"army tell followers",4,405544,73.64
"article sounds like",4,405548,73.64
"article thanks posting",4,405552,73.65
"artist understand strengths",4,405556,73.65
"artists need people",4,405560,73.65
"artists problem remain",4,405564,73.65
"arts crafts news",4,405568,73.65
"ash ash ash",4,405572,73.65
"asia pacific region",4,405576,73.65
"ask don get",4,405580,73.65
"ask friends follow",4,405584,73.65
"ask know just",4,405588,73.65
"ask questions might",4,405592,73.65
"association annual meeting",4,405596,73.65
"assume drama starts",4,405600,73.65
"attention does anyone",4,405604,73.65
"attention eventually won",4,405608,73.66
"attitude create miracles",4,405612,73.66
"auction listing company",4,405616,73.66
"august los angeles",4,405620,73.66
"austin exciting festivals",4,405624,73.66
"austin future wife",4,405628,73.66
"available itunes go",4,405632,73.66
"avengers vs men",4,405636,73.66
"aw just made",4,405640,73.66
"aw sweet love",4,405644,73.66
"aw thanks definitely",4,405648,73.66
"away spread word",4,405652,73.66
"awesome day great",4,405656,73.66
"awesome day thanks",4,405660,73.67
"awesome did know",4,405664,73.67
"awesome love guys",4,405668,73.67
"awesome love just",4,405672,73.67
"awesome news wait",4,405676,73.67
"baby come home",4,405680,73.67
"baby dad having",4,405684,73.67
"baby oh wait",4,405688,73.67
"bad day good",4,405692,73.67
"bad news just",4,405696,73.67
"bad news win",4,405700,73.67
"bad person don",4,405704,73.67
"bad times good",4,405708,73.67
"band practice new",4,405712,73.67
"bank transfer day",4,405716,73.68
"bar list love",4,405720,73.68
"bar pm free",4,405724,73.68
"based san francisco",4,405728,73.68
"bash friday night",4,405732,73.68
"bc don know",4,405736,73.68
"beach just playing",4,405740,73.68
"beats purchase tracks",4,405744,73.68
"beautiful million times",4,405748,73.68
"beautiful ones offer",4,405752,73.68
"beauty matter wears",4,405756,73.68
"become part daily",4,405760,73.68
"becomes oldest pitcher",4,405764,73.68
"bed day watching",4,405768,73.68
"bed start day",4,405772,73.69
"beer long day",4,405776,73.69
"beer tastes like",4,405780,73.69
"beer wine food",4,405784,73.69
"beers case coincidence",4,405788,73.69
"begin don leave",4,405792,73.69
"begin looking forward",4,405796,73.69
"begin loving parents",4,405800,73.69
"beginning new life",4,405804,73.69
"begins smile mother",4,405808,73.69
"begun recall hurt",4,405812,73.69
"believe life prize",4,405816,73.69
"bell play wrong",4,405820,73.69
"bells tweet french",4,405824,73.69
"best choice made",4,405828,73.7
"best country world",4,405832,73.7
"best day day",4,405836,73.7
"best fans love",4,405840,73.7
"best friends best",4,405844,73.7
"best friends make",4,405848,73.7
"best friends ok",4,405852,73.7
"best friends wedding",4,405856,73.7
"best luck boys",4,405860,73.7
"best luck going",4,405864,73.7
"best luck great",4,405868,73.7
"best luck happy",4,405872,73.7
"best mac cheese",4,405876,73.7
"best part article",4,405880,73.71
"best part getting",4,405884,73.71
"best pizza town",4,405888,73.71
"best seen year",4,405892,73.71
"best singer time",4,405896,73.71
"best thanks support",4,405900,73.71
"best thing hear",4,405904,73.71
"best thing tasted",4,405908,73.71
"best thing working",4,405912,73.71
"best thinking done",4,405916,73.71
"best time wear",4,405920,73.71
"best video seen",4,405924,73.71
"best way work",4,405928,73.71
"best wishes tomorrow",4,405932,73.71
"better anyone try",4,405936,73.72
"better believe going",4,405940,73.72
"better don think",4,405944,73.72
"better don wanna",4,405948,73.72
"better happy birthday",4,405952,73.72
"better new years",4,405956,73.72
"better understand clients",4,405960,73.72
"better user experience",4,405964,73.72
"beverage bring pm",4,405968,73.72
"big awkward moment",4,405972,73.72
"big deal know",4,405976,73.72
"big dog new",4,405980,73.72
"big got big",4,405984,73.72
"big middle finger",4,405988,73.72
"big new year",4,405992,73.73
"big thanks help",4,405996,73.73
"big thanks team",4,406000,73.73
"big things brewing",4,406004,73.73
"birthday amazing day",4,406008,73.73
"birthday amazing friend",4,406012,73.73
"birthday follow friends",4,406016,73.73
"birthday hope grand",4,406020,73.73
"bit taller wish",4,406024,73.73
"blah blah just",4,406028,73.73
"blessed day staff",4,406032,73.73
"blessed day today",4,406036,73.73
"blessings instead own",4,406040,73.73
"blog post tonight",4,406044,73.73
"blog post www",4,406048,73.74
"blues september th",4,406052,73.74
"bold new way",4,406056,73.74
"book barnes noble",4,406060,73.74
"books www com",4,406064,73.74
"bored makes sense",4,406068,73.74
"bored need talk",4,406072,73.74
"born wings prefer",4,406076,73.74
"boston celtics vs",4,406080,73.74
"both art science",4,406084,73.74
"both ones give",4,406088,73.74
"bout start day",4,406092,73.74
"boyfriend dad loads",4,406096,73.74
"boyfriend last night",4,406100,73.75
"brand katy perry",4,406104,73.75
"brand new like",4,406108,73.75
"brandon marshall bears",4,406112,73.75
"brass monkey east",4,406116,73.75
"break break break",4,406120,73.75
"breaking north carolina",4,406124,73.75
"breaking police say",4,406128,73.75
"breathe talk say",4,406132,73.75
"brian looking forward",4,406136,73.75
"bring best friend",4,406140,73.75
"bring canned goods",4,406144,73.75
"bring myself watch",4,406148,73.75
"bring pm day",4,406152,73.75
"brings wish way",4,406156,73.76
"broken dance like",4,406160,73.76
"broken last night",4,406164,73.76
"brought speak mention",4,406168,73.76
"brown chicken brown",4,406172,73.76
"btw huge fan",4,406176,73.76
"btw like ur",4,406180,73.76
"buck tuesday unlimited",4,406184,73.76
"buddy hope having",4,406188,73.76
"build fan base",4,406192,73.76
"build wings way",4,406196,73.76
"built ability better",4,406200,73.76
"bull gives wings",4,406204,73.76
"bulls look like",4,406208,73.76
"bulls win rose",4,406212,73.77
"bullying serious issue",4,406216,73.77
"burned calories women",4,406220,73.77
"business don know",4,406224,73.77
"business involving fun",4,406228,73.77
"business made decision",4,406232,73.77
"busy day good",4,406236,73.77
"busy doing things",4,406240,73.77
"busy trying get",4,406244,73.77
"buy green bananas",4,406248,73.77
"buy late start",4,406252,73.77
"buy meals get",4,406256,73.77
"buy online www",4,406260,73.77
"bye bye new",4,406264,73.77
"cake cake birthday",4,406268,73.78
"cake hurricane crafted",4,406272,73.78
"cake last night",4,406276,73.78
"california parole board",4,406280,73.78
"called according purpose",4,406284,73.78
"called social media",4,406288,73.78
"called special children",4,406292,73.78
"calories women diet",4,406296,73.78
"came great time",4,406300,73.78
"came high school",4,406304,73.78
"came special thanks",4,406308,73.78
"canada www com",4,406312,73.78
"cans fund road",4,406316,73.78
"car get car",4,406320,73.79
"car going get",4,406324,73.79
"car got parking",4,406328,73.79
"car just passed",4,406332,73.79
"car way school",4,406336,73.79
"care look way",4,406340,73.79
"careful wish just",4,406344,73.79
"careful words said",4,406348,73.79
"caring close knit",4,406352,73.79
"catch hung somebody",4,406356,73.79
"catering take pizza",4,406360,73.79
"caught last minutes",4,406364,73.79
"cause gonna matter",4,406368,73.79
"cause life effect",4,406372,73.79
"cause wanna know",4,406376,73.8
"celebrate yr anniversary",4,406380,73.8
"center stage short",4,406384,73.8
"certain family members",4,406388,73.8
"certain people don",4,406392,73.8
"certainly hear cry",4,406396,73.8
"chain last night",4,406400,73.8
"chains pens trusting",4,406404,73.8
"chance make impression",4,406408,73.8
"chance win oz",4,406412,73.8
"change focus change",4,406416,73.8
"change hurts hurts",4,406420,73.8
"change might john",4,406424,73.8
"change twitter account",4,406428,73.8
"change twitter profile",4,406432,73.81
"changing world non",4,406436,73.81
"charities bring real",4,406440,73.81
"chase hit bar",4,406444,73.81
"check go fast",4,406448,73.81
"check last minute",4,406452,73.81
"check later week",4,406456,73.81
"check live music",4,406460,73.81
"check new fan",4,406464,73.81
"check new pictures",4,406468,73.81
"check new tunes",4,406472,73.81
"check newsletter details",4,406476,73.81
"check video youtube",4,406480,73.81
"checkout receive discount",4,406484,73.81
"cheeks both cheeks",4,406488,73.82
"chef food network",4,406492,73.82
"chefs hall fame",4,406496,73.82
"chicken brown cow",4,406500,73.82
"chicken fried chicken",4,406504,73.82
"chicken head cut",4,406508,73.82
"chicken soft taco",4,406512,73.82
"chicken sweet tea",4,406516,73.82
"chief operating officer",4,406520,73.82
"childhood like remembers",4,406524,73.82
"children artists problem",4,406528,73.82
"children begin loving",4,406532,73.82
"children complicated write",4,406536,73.82
"children does man",4,406540,73.82
"children leadership council",4,406544,73.83
"children ur company",4,406548,73.83
"choice awards tonight",4,406552,73.83
"chris brown twitter",4,406556,73.83
"chris greene quartet",4,406560,73.83
"chris looking forward",4,406564,73.83
"christmas music year",4,406568,73.83
"churchill leads series",4,406572,73.83
"cincinnati ladies free",4,406576,73.83
"class action suit",4,406580,73.83
"class don know",4,406584,73.83
"class get ready",4,406588,73.83
"class today don",4,406592,73.83
"clean radio edit",4,406596,73.84
"cleaned entire house",4,406600,73.84
"cleaning messy room",4,406604,73.84
"click latest doubt",4,406608,73.84
"click like support",4,406612,73.84
"clicking like button",4,406616,73.84
"client campaigns follow",4,406620,73.84
"clip brand new",4,406624,73.84
"clippers beat spurs",4,406628,73.84
"clock bar grill",4,406632,73.84
"close calvin harris",4,406636,73.84
"close knit family",4,406640,73.84
"closed monday september",4,406644,73.84
"closer opening day",4,406648,73.84
"clothes fancy car",4,406652,73.85
"clouds look like",4,406656,73.85
"club inside heat",4,406660,73.85
"club white plains",4,406664,73.85
"clubs chase hit",4,406668,73.85
"co www com",4,406672,73.85
"code checkout receive",4,406676,73.85
"code get free",4,406680,73.85
"code get order",4,406684,73.85
"coffee like like",4,406688,73.85
"coke diet coke",4,406692,73.85
"cold cloudy day",4,406696,73.85
"collecting jar hearts",4,406700,73.85
"college campus today",4,406704,73.85
"college planning workshop",4,406708,73.86
"com company work",4,406712,73.86
"com goes live",4,406716,73.86
"come burger shopping",4,406720,73.86
"come check art",4,406724,73.86
"come check grab",4,406728,73.86
"come hang play",4,406732,73.86
"come home late",4,406736,73.86
"come last time",4,406740,73.86
"come need help",4,406744,73.86
"come overtime concert",4,406748,73.86
"come right place",4,406752,73.86
"come spend time",4,406756,73.86
"come tonight got",4,406760,73.86
"come visit enjoy",4,406764,73.87
"come visit man",4,406768,73.87
"come visit need",4,406772,73.87
"come visit seattle",4,406776,73.87
"comedy forever really",4,406780,73.87
"comes shapes sizes",4,406784,73.87
"comics written stories",4,406788,73.87
"coming bands get",4,406792,73.87
"coming la soon",4,406796,73.87
"coming merry christmas",4,406800,73.87
"coming new album",4,406804,73.87
"coming weeks stay",4,406808,73.87
"committed changing world",4,406812,73.87
"communication know feel",4,406816,73.88
"community meal tonight",4,406820,73.88
"company last night",4,406824,73.88
"company rewards shoppers",4,406828,73.88
"company sent heard",4,406832,73.88
"company work bring",4,406836,73.88
"complete focus world",4,406840,73.88
"complicated write books",4,406844,73.88
"computer just tells",4,406848,73.88
"con opposite progress",4,406852,73.88
"concert www com",4,406856,73.88
"conference international seminar",4,406860,73.88
"confused emotions lie",4,406864,73.88
"connect look forward",4,406868,73.88
"connect looking forward",4,406872,73.89
"connecting look forward",4,406876,73.89
"connection reality purely",4,406880,73.89
"consultant working clock",4,406884,73.89
"contact info send",4,406888,73.89
"contact right away",4,406892,73.89
"contact somebody used",4,406896,73.89
"contest stay tuned",4,406900,73.89
"contest winner announced",4,406904,73.89
"contest winner gets",4,406908,73.89
"contests coming soon",4,406912,73.89
"conversations mean know",4,406916,73.89
"cookies cookie jar",4,406920,73.89
"cool check thanks",4,406924,73.89
"cool creek concert",4,406928,73.9
"cool did know",4,406932,73.9
"cool want go",4,406936,73.9
"coolest thing sliced",4,406940,73.9
"corporation reports quarter",4,406944,73.9
"country legend time",4,406948,73.9
"country obesity skinny",4,406952,73.9
"couple days great",4,406956,73.9
"couple hours thanks",4,406960,73.9
"couple weeks get",4,406964,73.9
"course great weekend",4,406968,73.9
"course let go",4,406972,73.9
"cousin getting married",4,406976,73.9
"craft style beers",4,406980,73.9
"crafted colorful icing",4,406984,73.91
"crazy truly horrible",4,406988,73.91
"create miracles wonder",4,406992,73.91
"create pure heart",4,406996,73.91
"created hustle itunes",4,407000,73.91
"creation committed changing",4,407004,73.91
"creek concert series",4,407008,73.91
"creepy neighbor comes",4,407012,73.91
"cry certainly hear",4,407016,73.91
"cry just say",4,407020,73.91
"cup coffee today",4,407024,73.91
"cup finals tonight",4,407028,73.91
"cure case mondays",4,407032,73.91
"curious know think",4,407036,73.92
"current state mind",4,407040,73.92
"currently listening http",4,407044,73.92
"curse drinking class",4,407048,73.92
"curse drinking classes",4,407052,73.92
"custom home builder",4,407056,73.92
"cut deficit half",4,407060,73.92
"cut grass just",4,407064,73.92
"cut inches hair",4,407068,73.92
"da ba ba",4,407072,73.92
"da time da",4,407076,73.92
"dad got girlfriend",4,407080,73.92
"dad loads shotgun",4,407084,73.92
"daily giveaway send",4,407088,73.92
"dance hip hop",4,407092,73.93
"dark holds universe",4,407096,73.93
"darkness shows stars",4,407100,73.93
"data entry data",4,407104,73.93
"date local history",4,407108,73.93
"dating year old",4,407112,73.93
"daughter just got",4,407116,73.93
"daughter turns today",4,407120,73.93
"day come tomorrow",4,407124,73.93
"day day give",4,407128,73.93
"day day really",4,407132,73.93
"day don mind",4,407136,73.93
"day don work",4,407140,73.93
"day doors open",4,407144,73.93
"day fall asleep",4,407148,73.94
"day get bed",4,407152,73.94
"day get early",4,407156,73.94
"day get espresso",4,407160,73.94
"day going beautiful",4,407164,73.94
"day going come",4,407168,73.94
"day great mother",4,407172,73.94
"day great music",4,407176,73.94
"day happy sunday",4,407180,73.94
"day hope find",4,407184,73.94
"day hour minute",4,407188,73.94
"day just day",4,407192,73.94
"day just sit",4,407196,73.94
"day just tweet",4,407200,73.94
"day left come",4,407204,73.95
"day like lonely",4,407208,73.95
"day looks good",4,407212,73.95
"day new opportunities",4,407216,73.95
"day orange county",4,407220,73.95
"day passes get",4,407224,73.95
"day plant tree",4,407228,73.95
"day real laugh",4,407232,73.95
"day real talk",4,407236,73.95
"day safe travels",4,407240,73.95
"day school left",4,407244,73.95
"day send valentine",4,407248,73.95
"day st birthday",4,407252,73.95
"day time works",4,407256,73.95
"day tomorrow just",4,407260,73.96
"day training camp",4,407264,73.96
"day training gym",4,407268,73.96
"day treat like",4,407272,73.96
"day use code",4,407276,73.96
"day week year",4,407280,73.96
"day weekend chicago",4,407284,73.96
"day work got",4,407288,73.96
"day work new",4,407292,73.96
"day workshops start",4,407296,73.96
"days ago go",4,407300,73.96
"days don end",4,407304,73.96
"days journey night",4,407308,73.96
"days need go",4,407312,73.97
"dayton daily news",4,407316,73.97
"deal san diego",4,407320,73.97
"deals care products",4,407324,73.97
"deals www com",4,407328,73.97
"dear followers follow",4,407332,73.97
"dear summer hurry",4,407336,73.97
"debt ceiling deal",4,407340,73.97
"decisions change life",4,407344,73.97
"deep look dream",4,407348,73.97
"definitely keep updated",4,407352,73.97
"definitely look forward",4,407356,73.97
"definitely love meet",4,407360,73.97
"definitely want check",4,407364,73.97
"degrees sunny skies",4,407368,73.98
"dell vip event",4,407372,73.98
"deserve medal making",4,407376,73.98
"deserve really need",4,407380,73.98
"design let know",4,407384,73.98
"desperate need new",4,407388,73.98
"details dot com",4,407392,73.98
"diary part time",4,407396,73.98
"did find place",4,407400,73.98
"did go hope",4,407404,73.98
"did go way",4,407408,73.98
"did go yesterday",4,407412,73.98
"did just finish",4,407416,73.98
"did just lose",4,407420,73.98
"did just punch",4,407424,73.99
"did just saw",4,407428,73.99
"did just stop",4,407432,73.99
"did like movie",4,407436,73.99
"did little shopping",4,407440,73.99
"did lot better",4,407444,73.99
"did make money",4,407448,73.99
"did really break",4,407452,73.99
"did really made",4,407456,73.99
"did say gonna",4,407460,73.99
"did think good",4,407464,73.99
"did think impossible",4,407468,73.99
"diego natural history",4,407472,73.99
"difference year makes",4,407476,73.99
"digital marketing strategies",4,407480,74
"digital self pub",4,407484,74
"dinner drinks tonight",4,407488,74
"dinner getting ready",4,407492,74
"dinner party tomorrow",4,407496,74
"direct message thanks",4,407500,74
"disaster country obesity",4,407504,74
"discount code get",4,407508,74
"discounts booth displays",4,407512,74
"discover lack george",4,407516,74
"discovered scream way",4,407520,74
"disneyland happiest place",4,407524,74
"dj cut big",4,407528,74
"doctor kids let",4,407532,74.01
"doctors office waiting",4,407536,74.01
"does good luck",4,407540,74.01
"does live life",4,407544,74.01
"does man think",4,407548,74.01
"does man woman",4,407552,74.01
"does party start",4,407556,74.01
"does profit man",4,407560,74.01
"dog book man",4,407564,74.01
"dog cat food",4,407568,74.01
"dog dark read",4,407572,74.01
"doing able john",4,407576,74.01
"doing don think",4,407580,74.01
"doing fun weekend",4,407584,74.01
"doing good got",4,407588,74.02
"doing good man",4,407592,74.02
"doing good trying",4,407596,74.02
"doing great busy",4,407600,74.02
"doing household chores",4,407604,74.02
"doing lot things",4,407608,74.02
"doing new york",4,407612,74.02
"doing today great",4,407616,74.02
"doing warped tour",4,407620,74.02
"doing years anonymous",4,407624,74.02
"dollar test drive",4,407628,74.02
"don apply ready",4,407632,74.02
"don assume drama",4,407636,74.02
"don drive don",4,407640,74.02
"don end robert",4,407644,74.03
"don follow go",4,407648,74.03
"don follow make",4,407652,74.03
"don forget best",4,407656,74.03
"don forget breathe",4,407660,74.03
"don forget camera",4,407664,74.03
"don forget face",4,407668,74.03
"don forget going",4,407672,74.03
"don forget place",4,407676,74.03
"don forget tickets",4,407680,74.03
"don give twitter",4,407684,74.03
"don go go",4,407688,74.03
"don go wrong",4,407692,74.03
"don hurt don",4,407696,74.03
"don just drop",4,407700,74.04
"don just keep",4,407704,74.04
"don just like",4,407708,74.04
"don just make",4,407712,74.04
"don just stop",4,407716,74.04
"don just tweet",4,407720,74.04
"don know ate",4,407724,74.04
"don know book",4,407728,74.04
"don know concerned",4,407732,74.04
"don know contact",4,407736,74.04
"don know deserve",4,407740,74.04
"don know email",4,407744,74.04
"don know far",4,407748,74.04
"don know funny",4,407752,74.05
"don know insist",4,407756,74.05
"don know old",4,407760,74.05
"don know plans",4,407764,74.05
"don know productive",4,407768,74.05
"don know question",4,407772,74.05
"don know related",4,407776,74.05
"don know rules",4,407780,74.05
"don know seriously",4,407784,74.05
"don know store",4,407788,74.05
"don know surprised",4,407792,74.05
"don know thanks",4,407796,74.05
"don know turning",4,407800,74.05
"don know watching",4,407804,74.05
"don know weather",4,407808,74.06
"don know worst",4,407812,74.06
"don look look",4,407816,74.06
"don make start",4,407820,74.06
"don make sure",4,407824,74.06
"don mean love",4,407828,74.06
"don mind saying",4,407832,74.06
"don notice people",4,407836,74.06
"don number anymore",4,407840,74.06
"don open link",4,407844,74.06
"don personality attitude",4,407848,74.06
"don plan getting",4,407852,74.06
"don play basketball",4,407856,74.06
"don remember exact",4,407860,74.06
"don remember time",4,407864,74.07
"don say warn",4,407868,74.07
"don stop keep",4,407872,74.07
"don stress future",4,407876,74.07
"don take advice",4,407880,74.07
"don talk text",4,407884,74.07
"don tell get",4,407888,74.07
"don think coincidence",4,407892,74.07
"don think deal",4,407896,74.07
"don think felt",4,407900,74.07
"don think gets",4,407904,74.07
"don think girl",4,407908,74.07
"don think ill",4,407912,74.07
"don think sleeping",4,407916,74.07
"don think sounds",4,407920,74.08
"don think start",4,407924,74.08
"don think wrong",4,407928,74.08
"don trip fall",4,407932,74.08
"don try impress",4,407936,74.08
"don use just",4,407940,74.08
"don wake day",4,407944,74.08
"don want cook",4,407948,74.08
"don want explain",4,407952,74.08
"don want going",4,407956,74.08
"don want hang",4,407960,74.08
"don want loose",4,407964,74.08
"don want melt",4,407968,74.08
"don want oscar",4,407972,74.08
"don want time",4,407976,74.09
"donating open arms",4,407980,74.09
"donations www com",4,407984,74.09
"done college hoops",4,407988,74.09
"done great things",4,407992,74.09
"done level best",4,407996,74.09
"done life work",4,408000,74.09
"doors open man",4,408004,74.09
"doubt action confidence",4,408008,74.09
"downloaded ipad app",4,408012,74.09
"downtown walking fast",4,408016,74.09
"dr ne albuquerque",4,408020,74.09
"draft book done",4,408024,74.09
"draft picks fan",4,408028,74.1
"dragon last night",4,408032,74.1
"drawing free ipad",4,408036,74.1
"dream wise game",4,408040,74.1
"dreams buddy hope",4,408044,74.1
"drinking dr pepper",4,408048,74.1
"drinking general gal",4,408052,74.1
"drinking hand get",4,408056,74.1
"drive architects nuts",4,408060,74.1
"drive like stole",4,408064,74.1
"drive right center",4,408068,74.1
"drive work morning",4,408072,74.1
"driver last night",4,408076,74.1
"drivers ed class",4,408080,74.1
"drives fast slow",4,408084,74.11
"driving range today",4,408088,74.11
"driving speed limit",4,408092,74.11
"drop new tracks",4,408096,74.11
"dropping real soon",4,408100,74.11
"dude sorry hear",4,408104,74.11
"dude year old",4,408108,74.11
"dunk contest tonight",4,408112,74.11
"dunn bass player",4,408116,74.11
"duty loving life",4,408120,74.11
"dvd custom shirts",4,408124,74.11
"early feels like",4,408128,74.11
"early morning start",4,408132,74.11
"early morning tv",4,408136,74.11
"earned sharing caring",4,408140,74.12
"earth day doing",4,408144,74.12
"earth day going",4,408148,74.12
"east high school",4,408152,74.12
"easy say love",4,408156,74.12
"eat deep fried",4,408160,74.12
"eat free pm",4,408164,74.12
"eat sleep eat",4,408168,74.12
"eating pizza rolls",4,408172,74.12
"edit review graphics",4,408176,74.12
"editing music video",4,408180,74.12
"egg blue cheese",4,408184,74.12
"eggs love amber",4,408188,74.12
"electricity really just",4,408192,74.12
"electronic health records",4,408196,74.13
"elite fashion academy",4,408200,74.13
"em like used",4,408204,74.13
"email address changed",4,408208,74.13
"email address thank",4,408212,74.13
"emotions get best",4,408216,74.13
"end good luck",4,408220,74.13
"end human existence",4,408224,74.13
"end robert paul",4,408228,74.13
"energy moment spread",4,408232,74.13
"engage social media",4,408236,74.13
"engagement ring wedding",4,408240,74.13
"enjoy doing good",4,408244,74.13
"enjoy free oz",4,408248,74.14
"enjoying beautiful spring",4,408252,74.14
"enjoying cup coffee",4,408256,74.14
"enjoying happy hour",4,408260,74.14
"enter zone don",4,408264,74.14
"entering nba draft",4,408268,74.14
"entry level position",4,408272,74.14
"epic rap battles",4,408276,74.14
"episode shark tank",4,408280,74.14
"equal love make",4,408284,74.14
"error establishing database",4,408288,74.14
"especially people don",4,408292,74.14
"espresso beverage bring",4,408296,74.14
"essential food groups",4,408300,74.14
"establishing database connection",4,408304,74.15
"et twitter chat",4,408308,74.15
"ethics wild world",4,408312,74.15
"eve sleep wait",4,408316,74.15
"evening chance showers",4,408320,74.15
"evening last night",4,408324,74.15
"event great people",4,408328,74.15
"event phoenix zoo",4,408332,74.15
"event thursday night",4,408336,74.15
"event tomorrow morning",4,408340,74.15
"eventually won want",4,408344,74.15
"everyday feel like",4,408348,74.15
"evil speak evil",4,408352,74.15
"ex cool eating",4,408356,74.15
"exactly month till",4,408360,74.16
"example social media",4,408364,74.16
"exams students study",4,408368,74.16
"excellence skill attitude",4,408372,74.16
"excessive heat warnings",4,408376,74.16
"excited high school",4,408380,74.16
"excited new episodes",4,408384,74.16
"excited new video",4,408388,74.16
"excited stranger follows",4,408392,74.16
"excited wait till",4,408396,74.16
"exciting festivals coming",4,408400,74.16
"excuse come visit",4,408404,74.16
"excuses george washington",4,408408,74.16
"exercise creative richard",4,408412,74.16
"exercise passion vision",4,408416,74.17
"exhibit love tap",4,408420,74.17
"expect masterpiece john",4,408424,74.17
"experiences inside sleeps",4,408428,74.17
"expo enjoy tour",4,408432,74.17
"expression george bernard",4,408436,74.17
"extra day february",4,408440,74.17
"extra day year",4,408444,74.17
"extra special today",4,408448,74.17
"eye takes special",4,408452,74.17
"eyes blood shot",4,408456,74.17
"eyes last night",4,408460,74.17
"facebook listen button",4,408464,74.17
"facebook page follow",4,408468,74.18
"facebook page share",4,408472,74.18
"fact tv set",4,408476,74.18
"facts get way",4,408480,74.18
"faded take shot",4,408484,74.18
"fail fast fail",4,408488,74.18
"fail know time",4,408492,74.18
"fails admit frankly",4,408496,74.18
"failures come people",4,408500,74.18
"fair april th",4,408504,74.18
"fake great personal",4,408508,74.18
"fake plastic trees",4,408512,74.18
"fall asleep computer",4,408516,74.18
"fall asleep music",4,408520,74.18
"fall asleep sunday",4,408524,74.19
"fall asleep wish",4,408528,74.19
"fall love ready",4,408532,74.19
"fall love regret",4,408536,74.19
"falls asleep phone",4,408540,74.19
"family open ur",4,408544,74.19
"family resource center",4,408548,74.19
"famous people don",4,408552,74.19
"fans go nuts",4,408556,74.19
"fans great day",4,408560,74.19
"fans julia jamie",4,408564,74.19
"far seek go",4,408568,74.19
"fare nov indiana",4,408572,74.19
"farmers market fresh",4,408576,74.19
"farmers market great",4,408580,74.2
"farmers market morning",4,408584,74.2
"fashion academy la",4,408588,74.2
"fast saturday club",4,408592,74.2
"fatal change might",4,408596,74.2
"favorite book making",4,408600,74.2
"favorite ipad app",4,408604,74.2
"favorite weekend year",4,408608,74.2
"feedback google places",4,408612,74.2
"feel bad mean",4,408616,74.2
"feel bad poor",4,408620,74.2
"feel bit like",4,408624,74.2
"feel close calvin",4,408628,74.2
"feel good home",4,408632,74.2
"feel good take",4,408636,74.21
"feel kinda bad",4,408640,74.21
"feel like accomplished",4,408644,74.21
"feel like actual",4,408648,74.21
"feel like coming",4,408652,74.21
"feel like entire",4,408656,74.21
"feel like everybody",4,408660,74.21
"feel like felt",4,408664,74.21
"feel like hitting",4,408668,74.21
"feel like knowing",4,408672,74.21
"feel like men",4,408676,74.21
"feel like nerd",4,408680,74.21
"feel like ok",4,408684,74.21
"feel like plastic",4,408688,74.22
"feel like rebel",4,408692,74.22
"feel like seeing",4,408696,74.22
"feel like started",4,408700,74.22
"feel like stop",4,408704,74.22
"feel like thing",4,408708,74.22
"feel like try",4,408712,74.22
"feel like washing",4,408716,74.22
"feel smile begin",4,408720,74.22
"feel sun both",4,408724,74.22
"feeling christmas eve",4,408728,74.22
"feeling happiness soul",4,408732,74.22
"feeling like champ",4,408736,74.22
"feeling like complete",4,408740,74.22
"feeling like getting",4,408744,74.23
"feeling like hope",4,408748,74.23
"feeling like old",4,408752,74.23
"feeling like war",4,408756,74.23
"feeling say goodbye",4,408760,74.23
"feels good give",4,408764,74.23
"feels right anymore",4,408768,74.23
"felt cool new",4,408772,74.23
"felt like last",4,408776,74.23
"felt like longest",4,408780,74.23
"festivals coming bands",4,408784,74.23
"fever click latest",4,408788,74.23
"field man succeed",4,408792,74.23
"figure stand financially",4,408796,74.23
"filled peanut butter",4,408800,74.24
"film changed life",4,408804,74.24
"final game season",4,408808,74.24
"final today wish",4,408812,74.24
"finally bit dust",4,408816,74.24
"finally came mail",4,408820,74.24
"finally getting rest",4,408824,74.24
"finally got caught",4,408828,74.24
"finally got followers",4,408832,74.24
"finally got smart",4,408836,74.24
"find best way",4,408840,74.24
"find don know",4,408844,74.24
"find really going",4,408848,74.24
"find way stay",4,408852,74.24
"finding new home",4,408856,74.25
"fine don care",4,408860,74.25
"fine line holding",4,408864,74.25
"fingers crossed find",4,408868,74.25
"fingers crossed goes",4,408872,74.25
"finish high school",4,408876,74.25
"finished great interview",4,408880,74.25
"finished half marathon",4,408884,74.25
"finished research paper",4,408888,74.25
"finishing half marathon",4,408892,74.25
"firm solutions unlimited",4,408896,74.25
"fix broken heart",4,408900,74.25
"flowers mothers day",4,408904,74.25
"flown half staff",4,408908,74.25
"focus world exists",4,408912,74.26
"follow chances win",4,408916,74.26
"follow enjoy share",4,408920,74.26
"follow friends follow",4,408924,74.26
"follow glad like",4,408928,74.26
"follow great night",4,408932,74.26
"follow hash tag",4,408936,74.26
"follow hope make",4,408940,74.26
"follow hope nice",4,408944,74.26
"follow hope weekend",4,408948,74.26
"follow live jazz",4,408952,74.26
"follow new album",4,408956,74.26
"follow new job",4,408960,74.26
"follow new york",4,408964,74.27
"follow pretty lady",4,408968,74.27
"follow reach followers",4,408972,74.27
"follow sure follow",4,408976,74.27
"follow trying long",4,408980,74.27
"follow twitter updates",4,408984,74.27
"followed let know",4,408988,74.27
"followed mean world",4,408992,74.27
"followers come follow",4,408996,74.27
"followers day twitter",4,409000,74.27
"followers following tweets",4,409004,74.27
"followers guys amazing",4,409008,74.27
"followers guys rock",4,409012,74.27
"followers make day",4,409016,74.27
"followers tweet help",4,409020,74.28
"followers welcome tweets",4,409024,74.28
"following thank following",4,409028,74.28
"follows looking forward",4,409032,74.28
"food breath wine",4,409036,74.28
"food drive today",4,409040,74.28
"food trip scream",4,409044,74.28
"fool forever proverb",4,409048,74.28
"football www com",4,409052,74.28
"force capable friend",4,409056,74.28
"forecast sunday night",4,409060,74.28
"forever forever lie",4,409064,74.28
"forget use twitter",4,409068,74.28
"forgiveness begun recall",4,409072,74.28
"forgotten take lesson",4,409076,74.29
"forum last night",4,409080,74.29
"forward event phoenix",4,409084,74.29
"forward hanging soon",4,409088,74.29
"forward sharing information",4,409092,74.29
"forward tweets cheers",4,409096,74.29
"forward west coast",4,409100,74.29
"found reference universe",4,409104,74.29
"fox news sunday",4,409108,74.29
"fox news tomorrow",4,409112,74.29
"frankly try try",4,409116,74.29
"free cell phone",4,409120,74.29
"free come check",4,409124,74.29
"free drink tonight",4,409128,74.29
"free gift purchase",4,409132,74.3
"free just say",4,409136,74.3
"free open house",4,409140,74.3
"free samples pie",4,409144,74.3
"free student tickets",4,409148,74.3
"free super bowl",4,409152,74.3
"free take minute",4,409156,74.3
"free vip list",4,409160,74.3
"french stick hand",4,409164,74.3
"fresh start new",4,409168,74.3
"fri pm sat",4,409172,74.3
"friday sunday pm",4,409176,74.3
"friday th come",4,409180,74.3
"friday user group",4,409184,74.31
"friend birthday today",4,409188,74.31
"friend get followers",4,409192,74.31
"friend henry david",4,409196,74.31
"friend inside dog",4,409200,74.31
"friend witness eugene",4,409204,74.31
"friends coming town",4,409208,74.31
"friends download free",4,409212,74.31
"friends family clients",4,409216,74.31
"friends family get",4,409220,74.31
"friends family life",4,409224,74.31
"friends family open",4,409228,74.31
"friends happy wednesday",4,409232,74.31
"friends new old",4,409236,74.31
"friends quick work",4,409240,74.32
"friendship like football",4,409244,74.32
"friendship slow fruit",4,409248,74.32
"fruit maple oatmeal",4,409252,74.32
"full exercise passion",4,409256,74.32
"fun fact james",4,409260,74.32
"fun fall love",4,409264,74.32
"fun health stay",4,409268,74.32
"fun valentine day",4,409272,74.32
"fun watching play",4,409276,74.32
"fund road trips",4,409280,74.32
"funny funny man",4,409284,74.32
"funny guy love",4,409288,74.32
"future fun health",4,409292,74.32
"future growing just",4,409296,74.33
"future last night",4,409300,74.33
"game fool comedy",4,409304,74.33
"game major league",4,409308,74.33
"game recognize game",4,409312,74.33
"game thrones starts",4,409316,74.33
"game time tomorrow",4,409320,74.33
"game time warner",4,409324,74.33
"game today going",4,409328,74.33
"game tomorrow going",4,409332,74.33
"game tonight thanks",4,409336,74.33
"game tonight wants",4,409340,74.33
"game wait play",4,409344,74.33
"games tonight enjoy",4,409348,74.33
"garage doors open",4,409352,74.34
"genius conversation dog",4,409356,74.34
"get asked time",4,409360,74.34
"get awesome doing",4,409364,74.34
"get bed got",4,409368,74.34
"get bin laden",4,409372,74.34
"get blood work",4,409376,74.34
"get blu ray",4,409380,74.34
"get busy dale",4,409384,74.34
"get christmas gift",4,409388,74.34
"get credit card",4,409392,74.34
"get customer service",4,409396,74.34
"get excited stranger",4,409400,74.34
"get fun stuff",4,409404,74.35
"get good picture",4,409408,74.35
"get good times",4,409412,74.35
"get involved help",4,409416,74.35
"get leave alone",4,409420,74.35
"get looking good",4,409424,74.35
"get money boss",4,409428,74.35
"get money money",4,409432,74.35
"get money stay",4,409436,74.35
"get new camera",4,409440,74.35
"get new customers",4,409444,74.35
"get people jobs",4,409448,74.35
"get people think",4,409452,74.35
"get plastic surgery",4,409456,74.35
"get rid just",4,409460,74.36
"get rock roll",4,409464,74.36
"get sleep school",4,409468,74.36
"get soon going",4,409472,74.36
"get special treat",4,409476,74.36
"get stage passes",4,409480,74.36
"get think get",4,409484,74.36
"get twitter gonna",4,409488,74.36
"get used just",4,409492,74.36
"get way followers",4,409496,74.36
"get way just",4,409500,74.36
"get wear jeans",4,409504,74.36
"get world infected",4,409508,74.36
"gets better trust",4,409512,74.36
"gets text grabs",4,409516,74.37
"getting better looking",4,409520,74.37
"getting direct messages",4,409524,74.37
"getting excited big",4,409528,74.37
"getting great ideas",4,409532,74.37
"getting new tires",4,409536,74.37
"getting old sucks",4,409540,74.37
"getting tweets sent",4,409544,74.37
"giant turtle anything",4,409548,74.37
"gift eternal life",4,409552,74.37
"gift person beautiful",4,409556,74.37
"girl ask hope",4,409560,74.37
"girl feel like",4,409564,74.37
"girl let tell",4,409568,74.37
"girl looks just",4,409572,74.38
"girlfriend laughs nerd",4,409576,74.38
"give away gift",4,409580,74.38
"give away ipad",4,409584,74.38
"give away just",4,409588,74.38
"give big kiss",4,409592,74.38
"give complete focus",4,409596,74.38
"give middle finger",4,409600,74.38
"give ones receive",4,409604,74.38
"give shout birthday",4,409608,74.38
"give shout help",4,409612,74.38
"give want want",4,409616,74.38
"give www com",4,409620,74.38
"giveaway let know",4,409624,74.38
"giveaway send tweet",4,409628,74.39
"gives best leave",4,409632,74.39
"gives cash charity",4,409636,74.39
"giving free drinks",4,409640,74.39
"giving leads week",4,409644,74.39
"glad enjoyed did",4,409648,74.39
"glad enjoyed keep",4,409652,74.39
"glad got tickets",4,409656,74.39
"glad great day",4,409660,74.39
"glad guys okay",4,409664,74.39
"glad hear able",4,409668,74.39
"glad liked film",4,409672,74.39
"glasses avoid recognized",4,409676,74.39
"glitter nail polish",4,409680,74.4
"go ahead order",4,409684,74.4
"go atlantic city",4,409688,74.4
"go avengers weekend",4,409692,74.4
"go away anytime",4,409696,74.4
"go catch game",4,409700,74.4
"go chase dreams",4,409704,74.4
"go check friends",4,409708,74.4
"go cold com",4,409712,74.4
"go deep look",4,409716,74.4
"go dentist tomorrow",4,409720,74.4
"go forced myself",4,409724,74.4
"go give hug",4,409728,74.4
"go go chuck",4,409732,74.4
"go gotta get",4,409736,74.41
"go hard af",4,409740,74.41
"go heaven wants",4,409744,74.41
"go keep arm",4,409748,74.41
"go library today",4,409752,74.41
"go looking like",4,409756,74.41
"go meetings go",4,409760,74.41
"go ny go",4,409764,74.41
"go ron paul",4,409768,74.41
"go san francisco",4,409772,74.41
"go say hello",4,409776,74.41
"go time start",4,409780,74.41
"go time take",4,409784,74.41
"go trek usa",4,409788,74.41
"go way fast",4,409792,74.42
"go way really",4,409796,74.42
"go website find",4,409800,74.42
"go whitney houston",4,409804,74.42
"go win win",4,409808,74.42
"go wit ur",4,409812,74.42
"go wrong just",4,409816,74.42
"gods way saying",4,409820,74.42
"goes live minutes",4,409824,74.42
"goes www com",4,409828,74.42
"going bed feel",4,409832,74.42
"going bed hours",4,409836,74.42
"going bed love",4,409840,74.42
"going chuck cheese",4,409844,74.42
"going class tomorrow",4,409848,74.43
"going comic con",4,409852,74.43
"going crazy today",4,409856,74.43
"going crazy week",4,409860,74.43
"going fail test",4,409864,74.43
"going feel bad",4,409868,74.43
"going go look",4,409872,74.43
"going go movies",4,409876,74.43
"going go read",4,409880,74.43
"going good man",4,409884,74.43
"going good series",4,409888,74.43
"going good stuff",4,409892,74.43
"going great wish",4,409896,74.43
"going gut feeling",4,409900,74.44
"going home summer",4,409904,74.44
"going lift higher",4,409908,74.44
"going little bit",4,409912,74.44
"going make special",4,409916,74.44
"going pretty great",4,409920,74.44
"going royals game",4,409924,74.44
"going school everyday",4,409928,74.44
"going school late",4,409932,74.44
"going start crying",4,409936,74.44
"going start taking",4,409940,74.44
"going success based",4,409944,74.44
"going tonight excited",4,409948,74.44
"going work need",4,409952,74.44
"gold coast finest",4,409956,74.45
"gold feeling happiness",4,409960,74.45
"golf add go",4,409964,74.45
"golf upgrade unlimited",4,409968,74.45
"gone don stress",4,409972,74.45
"gonna fall love",4,409976,74.45
"gonna finish tonight",4,409980,74.45
"gonna finish watching",4,409984,74.45
"gonna good series",4,409988,74.45
"gonna great series",4,409992,74.45
"gonna hard get",4,409996,74.45
"gonna make song",4,410000,74.45
"gonna spend weekend",4,410004,74.45
"good bad right",4,410008,74.45
"good books read",4,410012,74.46
"good busy school",4,410016,74.46
"good crowd tonight",4,410020,74.46
"good eat good",4,410024,74.46
"good excuse watch",4,410028,74.46
"good food music",4,410032,74.46
"good fun watch",4,410036,74.46
"good good food",4,410040,74.46
"good good fun",4,410044,74.46
"good gotta get",4,410048,74.46
"good hear enjoying",4,410052,74.46
"good hear go",4,410056,74.46
"good hear life",4,410060,74.46
"good just wait",4,410064,74.46
"good know thinking",4,410068,74.47
"good little bit",4,410072,74.47
"good luck contestants",4,410076,74.47
"good luck draft",4,410080,74.47
"good luck entered",4,410084,74.47
"good luck fans",4,410088,74.47
"good luck feel",4,410092,74.47
"good luck finalists",4,410096,74.47
"good luck happiness",4,410100,74.47
"good luck own",4,410104,74.47
"good luck second",4,410108,74.47
"good luck seniors",4,410112,74.47
"good luck work",4,410116,74.47
"good luck working",4,410120,74.48
"good man charlie",4,410124,74.48
"good man get",4,410128,74.48
"good meeting last",4,410132,74.48
"good meeting tonight",4,410136,74.48
"good men don",4,410140,74.48
"good morning birthday",4,410144,74.48
"good morning gang",4,410148,74.48
"good morning kevin",4,410152,74.48
"good morning minneapolis",4,410156,74.48
"good morning nd",4,410160,74.48
"good morning safe",4,410164,74.48
"good morning south",4,410168,74.48
"good morning super",4,410172,74.48
"good morning went",4,410176,74.49
"good music just",4,410180,74.49
"good music right",4,410184,74.49
"good performer ted",4,410188,74.49
"good point sure",4,410192,74.49
"good reasonably priced",4,410196,74.49
"good sorry late",4,410200,74.49
"good sports day",4,410204,74.49
"good start year",4,410208,74.49
"good thank asking",4,410212,74.49
"good thanks hope",4,410216,74.49
"good things future",4,410220,74.49
"good times miss",4,410224,74.49
"goodness mercy shall",4,410228,74.49
"goodnight school tomorrow",4,410232,74.5
"google certified partner",4,410236,74.5
"google ur local",4,410240,74.5
"gorgeous day chicago",4,410244,74.5
"gosh just made",4,410248,74.5
"got amazing voice",4,410252,74.5
"got bounce california",4,410256,74.5
"got crazy beats",4,410260,74.5
"got done reading",4,410264,74.5
"got extra early",4,410268,74.5
"got get go",4,410272,74.5
"got get started",4,410276,74.5
"got home really",4,410280,74.5
"got home saw",4,410284,74.5
"got life got",4,410288,74.51
"got lunch plans",4,410292,74.51
"got message just",4,410296,74.51
"got need lot",4,410300,74.51
"got plenty sleep",4,410304,74.51
"got punched eye",4,410308,74.51
"got right thanks",4,410312,74.51
"got soccer game",4,410316,74.51
"got spend day",4,410320,74.51
"got taco bell",4,410324,74.51
"got taxes done",4,410328,74.51
"got time games",4,410332,74.51
"got trust issues",4,410336,74.51
"got win last",4,410340,74.52
"got work tonight",4,410344,74.52
"gotta check em",4,410348,74.52
"gotta go study",4,410352,74.52
"gotta say think",4,410356,74.52
"gotta step game",4,410360,74.52
"gotta tell twice",4,410364,74.52
"grabs phone reads",4,410368,74.52
"grade english teacher",4,410372,74.52
"graduation june th",4,410376,74.52
"grand opening club",4,410380,74.52
"grand opening last",4,410384,74.52
"grandparents like music",4,410388,74.52
"great band great",4,410392,74.52
"great day oh",4,410396,74.53
"great day riding",4,410400,74.53
"great day shopping",4,410404,74.53
"great day team",4,410408,74.53
"great day wish",4,410412,74.53
"great day worked",4,410416,74.53
"great face radio",4,410420,74.53
"great gig last",4,410424,74.53
"great hang last",4,410428,74.53
"great happy friday",4,410432,74.53
"great happy hear",4,410436,74.53
"great hear happy",4,410440,74.53
"great idea wonder",4,410444,74.53
"great lakes brewing",4,410448,74.53
"great like follow",4,410452,74.54
"great live band",4,410456,74.54
"great meeting afternoon",4,410460,74.54
"great meeting learning",4,410464,74.54
"great meeting look",4,410468,74.54
"great music good",4,410472,74.54
"great news happy",4,410476,74.54
"great night event",4,410480,74.54
"great people pub",4,410484,74.54
"great place party",4,410488,74.54
"great place play",4,410492,74.54
"great race last",4,410496,74.54
"great sacrifice result",4,410500,74.54
"great seeing friends",4,410504,74.54
"great seeing good",4,410508,74.55
"great specials tonight",4,410512,74.55
"great things get",4,410516,74.55
"great way close",4,410520,74.55
"great work get",4,410524,74.55
"great work wish",4,410528,74.55
"great working hard",4,410532,74.55
"great workshop tonight",4,410536,74.55
"greater chicago food",4,410540,74.55
"greatest artists need",4,410544,74.55
"greatest hits cd",4,410548,74.55
"green bay fans",4,410552,74.55
"green film fest",4,410556,74.55
"group artist get",4,410560,74.55
"group growing awesome",4,410564,74.56
"grow day real",4,410568,74.56
"grow far seek",4,410572,74.56
"guess find tomorrow",4,410576,74.56
"guess just keep",4,410580,74.56
"guess make trip",4,410584,74.56
"guess people don",4,410588,74.56
"guess today day",4,410592,74.56
"guess won able",4,410596,74.56
"guitar tasting room",4,410600,74.56
"guy fall love",4,410604,74.56
"guy looks just",4,410608,74.56
"guy love talking",4,410612,74.56
"guy really loves",4,410616,74.57
"guy smells like",4,410620,74.57
"guy want daughter",4,410624,74.57
"guys hope day",4,410628,74.57
"hacked did send",4,410632,74.57
"hacked keep getting",4,410636,74.57
"hair just place",4,410640,74.57
"half hour trying",4,410644,74.57
"hall don miss",4,410648,74.57
"halloween high noon",4,410652,74.57
"halloween pub crawl",4,410656,74.57
"hamilton price dan",4,410660,74.57
"hand bell play",4,410664,74.57
"hands air like",4,410668,74.57
"hands solve mystery",4,410672,74.58
"hangout music festival",4,410676,74.58
"happen multiple charities",4,410680,74.58
"happening living room",4,410684,74.58
"happiness meaning purpose",4,410688,74.58
"happy birthday early",4,410692,74.58
"happy birthday frank",4,410696,74.58
"happy birthday hot",4,410700,74.58
"happy birthday idol",4,410704,74.58
"happy birthday jenny",4,410708,74.58
"happy birthday lisa",4,410712,74.58
"happy birthday nephew",4,410716,74.58
"happy birthday prince",4,410720,74.58
"happy birthday rachel",4,410724,74.58
"happy birthday second",4,410728,74.59
"happy birthday song",4,410732,74.59
"happy birthday woman",4,410736,74.59
"happy connect thanks",4,410740,74.59
"happy duty loving",4,410744,74.59
"happy halloween going",4,410748,74.59
"happy holidays celebrate",4,410752,74.59
"happy holidays fans",4,410756,74.59
"happy home opener",4,410760,74.59
"happy thanksgiving guys",4,410764,74.59
"happy thanksgiving safe",4,410768,74.59
"happy thanksgiving weekend",4,410772,74.59
"happy tuesday day",4,410776,74.59
"happy tuesday great",4,410780,74.59
"harbor making wind",4,410784,74.6
"hard find love",4,410788,74.6
"hard find real",4,410792,74.6
"hard get attention",4,410796,74.6
"hard look good",4,410800,74.6
"hard time choosing",4,410804,74.6
"hard time public",4,410808,74.6
"hard time thinking",4,410812,74.6
"hard tonight thanks",4,410816,74.6
"hardly keep eyes",4,410820,74.6
"hardware dr ne",4,410824,74.6
"harry potter love",4,410828,74.6
"hate going dentist",4,410832,74.6
"hate going sleep",4,410836,74.61
"hate guy like",4,410840,74.61
"hate math hate",4,410844,74.61
"hate mom makes",4,410848,74.61
"hate people come",4,410852,74.61
"hate people facebook",4,410856,74.61
"hate people post",4,410860,74.61
"hate people walk",4,410864,74.61
"hate tax season",4,410868,74.61
"hate try make",4,410872,74.61
"hate valentine day",4,410876,74.61
"hate waking late",4,410880,74.61
"haters hate hate",4,410884,74.61
"haunted house tonight",4,410888,74.61
"haven decided going",4,410892,74.62
"haven heard lately",4,410896,74.62
"haven really tweeted",4,410900,74.62
"having baby boy",4,410904,74.62
"having fun go",4,410908,74.62
"having fun twitter",4,410912,74.62
"having glass wine",4,410916,74.62
"having great afternoon",4,410920,74.62
"having nervous breakdown",4,410924,74.62
"having party tonight",4,410928,74.62
"health expo macy",4,410932,74.62
"health happiness success",4,410936,74.62
"health stay way",4,410940,74.62
"hearing good news",4,410944,74.62
"heart looks outside",4,410948,74.63
"heat lost game",4,410952,74.63
"hello dot com",4,410956,74.63
"hello friends fans",4,410960,74.63
"hello look forward",4,410964,74.63
"helm sea calm",4,410968,74.63
"help don know",4,410972,74.63
"help feel free",4,410976,74.63
"help move body",4,410980,74.63
"help move good",4,410984,74.63
"help save planet",4,410988,74.63
"help stay tuned",4,410992,74.63
"help stop bullying",4,410996,74.63
"helping people save",4,411000,74.63
"hero quit drinking",4,411004,74.64
"hey austin day",4,411008,74.64
"hey cool thanks",4,411012,74.64
"hey fans charles",4,411016,74.64
"hey follow shes",4,411020,74.64
"hey friend just",4,411024,74.64
"hey friends follow",4,411028,74.64
"hey girl hope",4,411032,74.64
"hey gonna send",4,411036,74.64
"hey guys doing",4,411040,74.64
"hey guys make",4,411044,74.64
"hey guys miss",4,411048,74.64
"hey hey happy",4,411052,74.64
"hey just crazy",4,411056,74.65
"hey just listened",4,411060,74.65
"hey just thought",4,411064,74.65
"hey ladies need",4,411068,74.65
"hey los angeles",4,411072,74.65
"hey really enjoy",4,411076,74.65
"hey really like",4,411080,74.65
"hey sweetie day",4,411084,74.65
"hey tweet friends",4,411088,74.65
"hey wait new",4,411092,74.65
"hey wanna make",4,411096,74.65
"hi huge fan",4,411100,74.65
"hi sorry just",4,411104,74.65
"high balance lows",4,411108,74.65
"high fist bump",4,411112,74.66
"high reach grow",4,411116,74.66
"high st columbus",4,411120,74.66
"higher gas prices",4,411124,74.66
"history past patrick",4,411128,74.66
"hit bird car",4,411132,74.66
"hit driving range",4,411136,74.66
"hit funny bone",4,411140,74.66
"hit game winning",4,411144,74.66
"hit parked car",4,411148,74.66
"hit tech update",4,411152,74.66
"hitting free throws",4,411156,74.66
"hobby caring job",4,411160,74.66
"hold helm sea",4,411164,74.66
"holding hurts make",4,411168,74.67
"holiday fashion tip",4,411172,74.67
"holy did know",4,411176,74.67
"home don forget",4,411180,74.67
"home mothers day",4,411184,74.67
"home take long",4,411188,74.67
"home town boy",4,411192,74.67
"home true lose",4,411196,74.67
"home wide awake",4,411200,74.67
"homes america equal",4,411204,74.67
"honda la marathon",4,411208,74.67
"honestly looks like",4,411212,74.67
"honey bunch latte",4,411216,74.67
"hop drinks free",4,411220,74.67
"hope big success",4,411224,74.68
"hope blessed wonderful",4,411228,74.68
"hope change mind",4,411232,74.68
"hope doing fine",4,411236,74.68
"hope enjoying book",4,411240,74.68
"hope enjoying week",4,411244,74.68
"hope feel way",4,411248,74.68
"hope getting ready",4,411252,74.68
"hope good did",4,411256,74.68
"hope grand day",4,411260,74.68
"hope like last",4,411264,74.68
"hope made right",4,411268,74.68
"hope make way",4,411272,74.68
"hope makes feel",4,411276,74.68
"hope miss guys",4,411280,74.69
"hope springs eternal",4,411284,74.69
"hope waking dream",4,411288,74.69
"hopes dreams future",4,411292,74.69
"hopkins world inside",4,411296,74.69
"hopped past tired",4,411300,74.69
"horrible bosses funny",4,411304,74.69
"horrible lives must",4,411308,74.69
"hot coffee today",4,411312,74.69
"hotel tomorrow night",4,411316,74.69
"hour car ride",4,411320,74.69
"hour delay tomorrow",4,411324,74.69
"hour sleep today",4,411328,74.69
"hour starts min",4,411332,74.7
"hour till game",4,411336,74.7
"hours sleep gonna",4,411340,74.7
"hours sleep hours",4,411344,74.7
"hours sleep today",4,411348,74.7
"house easter egg",4,411352,74.7
"house eating food",4,411356,74.7
"house need get",4,411360,74.7
"houston food bank",4,411364,74.7
"huge fan music",4,411368,74.7
"huge teen night",4,411372,74.7
"humanity respect unique",4,411376,74.7
"hungry time eat",4,411380,74.7
"hurricane crafted colorful",4,411384,74.7
"hurts make room",4,411388,74.71
"idea make great",4,411392,74.71
"ideas mothers day",4,411396,74.71
"idol role model",4,411400,74.71
"ill check get",4,411404,74.71
"ill check thanks",4,411408,74.71
"ill come visit",4,411412,74.71
"important life lesson",4,411416,74.71
"impressed technology download",4,411420,74.71
"income tax return",4,411424,74.71
"incredibly gorgeous day",4,411428,74.71
"india pale ale",4,411432,74.71
"indiana government center",4,411436,74.71
"indiana premiere food",4,411440,74.71
"indianapolis super bowl",4,411444,74.72
"indoor air quality",4,411448,74.72
"indy jazz fest",4,411452,74.72
"info purchase visit",4,411456,74.72
"info session today",4,411460,74.72
"insane last night",4,411464,74.72
"inside dog dark",4,411468,74.72
"inside heat ultra",4,411472,74.72
"inside joke needs",4,411476,74.72
"inside sleeps must",4,411480,74.72
"inspire change world",4,411484,74.72
"instrumental song placement",4,411488,74.72
"insult intelligence like",4,411492,74.72
"intelligence like computer",4,411496,74.72
"interactive customer comment",4,411500,74.73
"interested going must",4,411504,74.73
"interested send message",4,411508,74.73
"interesting things say",4,411512,74.73
"invite let know",4,411516,74.73
"inviting great time",4,411520,74.73
"involving fun exercise",4,411524,74.73
"irish pub tonight",4,411528,74.73
"jazz youth ensemble",4,411532,74.73
"jealous great time",4,411536,74.73
"jersey shore night",4,411540,74.73
"jessica sanchez just",4,411544,74.73
"jets rex ryan",4,411548,74.73
"jimmy seafood avenue",4,411552,74.74
"job keep going",4,411556,74.74
"joe keys tonight",4,411560,74.74
"johnson embrace creativity",4,411564,74.74
"join facebook page",4,411568,74.74
"joined revolution rock",4,411572,74.74
"joke needs therapist",4,411576,74.74
"judge success give",4,411580,74.74
"july las vegas",4,411584,74.74
"jump band wagon",4,411588,74.74
"jump bottom catch",4,411592,74.74
"jumped boring dog",4,411596,74.74
"june th day",4,411600,74.74
"june th nyc",4,411604,74.74
"june th tickets",4,411608,74.75
"just added twitter",4,411612,74.75
"just annoying people",4,411616,74.75
"just bought game",4,411620,74.75
"just bought plane",4,411624,74.75
"just brought home",4,411628,74.75
"just called make",4,411632,74.75
"just came asked",4,411636,74.75
"just came great",4,411640,74.75
"just came just",4,411644,74.75
"just came mouth",4,411648,74.75
"just came said",4,411652,74.75
"just cause wanna",4,411656,74.75
"just change life",4,411660,74.75
"just change password",4,411664,74.76
"just checked page",4,411668,74.76
"just checked weather",4,411672,74.76
"just day day",4,411676,74.76
"just decided take",4,411680,74.76
"just discovered site",4,411684,74.76
"just dye hair",4,411688,74.76
"just earned sharing",4,411692,74.76
"just entered giveaway",4,411696,74.76
"just feel weird",4,411700,74.76
"just followed lot",4,411704,74.76
"just gave myself",4,411708,74.76
"just getting rid",4,411712,74.76
"just go take",4,411716,74.76
"just go way",4,411720,74.77
"just going walk",4,411724,74.77
"just gonna drop",4,411728,74.77
"just gonna move",4,411732,74.77
"just gonna sleep",4,411736,74.77
"just gonna throw",4,411740,74.77
"just good second",4,411744,74.77
"just good stuff",4,411748,74.77
"just got braces",4,411752,74.77
"just got completely",4,411756,74.77
"just got computer",4,411760,74.77
"just got follow",4,411764,74.77
"just got friend",4,411768,74.77
"just got having",4,411772,74.78
"just got hooked",4,411776,74.78
"just got hospital",4,411780,74.78
"just got interview",4,411784,74.78
"just got movies",4,411788,74.78
"just got needed",4,411792,74.78
"just got note",4,411796,74.78
"just got puppy",4,411800,74.78
"just got reminder",4,411804,74.78
"just got replacement",4,411808,74.78
"just got river",4,411812,74.78
"just got shirts",4,411816,74.78
"just got skype",4,411820,74.78
"just got tour",4,411824,74.78
"just got use",4,411828,74.79
"just got workout",4,411832,74.79
"just got wow",4,411836,74.79
"just gotta stop",4,411840,74.79
"just gotta work",4,411844,74.79
"just heard man",4,411848,74.79
"just heard tv",4,411852,74.79
"just hit grand",4,411856,74.79
"just hope find",4,411860,74.79
"just hope know",4,411864,74.79
"just keep taking",4,411868,74.79
"just keep things",4,411872,74.79
"just kidding really",4,411876,74.79
"just kids grew",4,411880,74.79
"just kind day",4,411884,74.8
"just know thinking",4,411888,74.8
"just learned twitter",4,411892,74.8
"just love seeing",4,411896,74.8
"just love voice",4,411900,74.8
"just met future",4,411904,74.8
"just north carolina",4,411908,74.8
"just noticed ur",4,411912,74.8
"just number yeah",4,411916,74.8
"just organized lightning",4,411920,74.8
"just put away",4,411924,74.8
"just ray sunshine",4,411928,74.8
"just read facebook",4,411932,74.8
"just really annoying",4,411936,74.8
"just really liked",4,411940,74.81
"just really wish",4,411944,74.81
"just relax enjoy",4,411948,74.81
"just right height",4,411952,74.81
"just said know",4,411956,74.81
"just said likes",4,411960,74.81
"just said need",4,411964,74.81
"just saw blue",4,411968,74.81
"just saw dark",4,411972,74.81
"just saw friends",4,411976,74.81
"just saw la",4,411980,74.81
"just saw made",4,411984,74.81
"just saw nick",4,411988,74.81
"just saw project",4,411992,74.82
"just saw put",4,411996,74.82
"just saw street",4,412000,74.82
"just saw videos",4,412004,74.82
"just saying awesome",4,412008,74.82
"just saying guys",4,412012,74.82
"just saying just",4,412016,74.82
"just saying lot",4,412020,74.82
"just signed email",4,412024,74.82
"just smile wave",4,412028,74.82
"just sounds funny",4,412032,74.82
"just spilled water",4,412036,74.82
"just started get",4,412040,74.82
"just stole heart",4,412044,74.82
"just stop trying",4,412048,74.83
"just take extra",4,412052,74.83
"just takes little",4,412056,74.83
"just think did",4,412060,74.83
"just think right",4,412064,74.83
"just thinking love",4,412068,74.83
"just thinking morning",4,412072,74.83
"just thought give",4,412076,74.83
"just thought good",4,412080,74.83
"just throw bag",4,412084,74.83
"just time playoffs",4,412088,74.83
"just told dad",4,412092,74.83
"just trying change",4,412096,74.83
"just trying meet",4,412100,74.83
"just tweet did",4,412104,74.84
"just tweet thing",4,412108,74.84
"just wait come",4,412112,74.84
"just watch movies",4,412116,74.84
"just way talk",4,412120,74.84
"just went bought",4,412124,74.84
"just woke day",4,412128,74.84
"just won get",4,412132,74.84
"just won super",4,412136,74.84
"just worst customer",4,412140,74.84
"kansas city kansas",4,412144,74.84
"karaoke last night",4,412148,74.84
"katy perry et",4,412152,74.84
"keep close watch",4,412156,74.84
"keep date events",4,412160,74.85
"keep family safe",4,412164,74.85
"keep going success",4,412168,74.85
"keep good luck",4,412172,74.85
"keep great job",4,412176,74.85
"keep pictures coming",4,412180,74.85
"keep positive energy",4,412184,74.85
"keep posted good",4,412188,74.85
"keep posted hope",4,412192,74.85
"kentucky ohio state",4,412196,74.85
"kick defensive half",4,412200,74.85
"kick friendship like",4,412204,74.85
"kicks foster people",4,412208,74.85
"kids drinking hand",4,412212,74.85
"kids great time",4,412216,74.86
"kids grew way",4,412220,74.86
"kids hopes dreams",4,412224,74.86
"kids make feel",4,412228,74.86
"kids need help",4,412232,74.86
"kids selling lemonade",4,412236,74.86
"kind beauty matter",4,412240,74.86
"kind words happy",4,412244,74.86
"kind words looking",4,412248,74.86
"kindness thinking creates",4,412252,74.86
"kitchen aid mixer",4,412256,74.86
"knit family city",4,412260,74.86
"know anyone contact",4,412264,74.86
"know anything changes",4,412268,74.87
"know did read",4,412272,74.87
"know doing day",4,412276,74.87
"know don live",4,412280,74.87
"know donna summer",4,412284,74.87
"know feel free",4,412288,74.87
"know forgiveness begun",4,412292,74.87
"know get twitter",4,412296,74.87
"know gets better",4,412300,74.87
"know going bed",4,412304,74.87
"know going bring",4,412308,74.87
"know going hard",4,412312,74.87
"know going love",4,412316,74.87
"know going myself",4,412320,74.87
"know gonna fail",4,412324,74.88
"know gonna take",4,412328,74.88
"know got bad",4,412332,74.88
"know got game",4,412336,74.88
"know got go",4,412340,74.88
"know got love",4,412344,74.88
"know got need",4,412348,74.88
"know got say",4,412352,74.88
"know harbor making",4,412356,74.88
"know having problems",4,412360,74.88
"know hope good",4,412364,74.88
"know jeremy lin",4,412368,74.88
"know like help",4,412372,74.88
"know like songs",4,412376,74.88
"know like want",4,412380,74.89
"know make laugh",4,412384,74.89
"know mean did",4,412388,74.89
"know means don",4,412392,74.89
"know means go",4,412396,74.89
"know need sleep",4,412400,74.89
"know need want",4,412404,74.89
"know people follow",4,412408,74.89
"know people got",4,412412,74.89
"know place time",4,412416,74.89
"know really best",4,412420,74.89
"know super excited",4,412424,74.89
"know thank goodness",4,412428,74.89
"know time start",4,412432,74.89
"know treat girl",4,412436,74.9
"know upcoming events",4,412440,74.9
"know want details",4,412444,74.9
"know want like",4,412448,74.9
"know want write",4,412452,74.9
"know waste time",4,412456,74.9
"know weird like",4,412460,74.9
"known tampa bay",4,412464,74.9
"knows price value",4,412468,74.9
"la rose bowl",4,412472,74.9
"la screening smash",4,412476,74.9
"la times festival",4,412480,74.9
"labor day bbq",4,412484,74.9
"ladies get hair",4,412488,74.91
"ladies open bar",4,412492,74.91
"ladies shaking saturday",4,412496,74.91
"lady bash friday",4,412500,74.91
"lame run things",4,412504,74.91
"land air sea",4,412508,74.91
"land stars les",4,412512,74.91
"lands instrumental song",4,412516,74.91
"large loving caring",4,412520,74.91
"las vegas academy",4,412524,74.91
"las vegas last",4,412528,74.91
"las vegas moon",4,412532,74.91
"last action hero",4,412536,74.91
"last days think",4,412540,74.91
"last weekend good",4,412544,74.92
"lasts forever forever",4,412548,74.92
"late birthday present",4,412552,74.92
"later looks like",4,412556,74.92
"latest doubt sell",4,412560,74.92
"latest www com",4,412564,74.92
"laughs nerd nope",4,412568,74.92
"launching new product",4,412572,74.92
"lawn look like",4,412576,74.92
"lawyers fun play",4,412580,74.92
"leadership follow stop",4,412584,74.92
"leads hate hate",4,412588,74.92
"leaf hard find",4,412592,74.92
"lean wit rock",4,412596,74.92
"learn keep legs",4,412600,74.93
"learn love loving",4,412604,74.93
"learn make money",4,412608,74.93
"learn mistakes made",4,412612,74.93
"leave music begins",4,412616,74.93
"leaves lot imagination",4,412620,74.93
"leaving collecting jar",4,412624,74.93
"left eye lopez",4,412628,74.93
"legal documents served",4,412632,74.93
"lemon shot tequila",4,412636,74.93
"lemonade made artificial",4,412640,74.93
"lesson hard way",4,412644,74.93
"let change channel",4,412648,74.93
"let check schedule",4,412652,74.93
"let education mark",4,412656,74.94
"let enter zone",4,412660,74.94
"let facts get",4,412664,74.94
"let go catch",4,412668,74.94
"let go la",4,412672,74.94
"let go okay",4,412676,74.94
"let go ravens",4,412680,74.94
"let go sharks",4,412684,74.94
"let go wait",4,412688,74.94
"let go warriors",4,412692,74.94
"let go whats",4,412696,74.94
"let just let",4,412700,74.94
"let know arrives",4,412704,74.94
"let know baby",4,412708,74.95
"let know cool",4,412712,74.95
"let know future",4,412716,74.95
"let know game",4,412720,74.95
"let know nice",4,412724,74.95
"let know probably",4,412728,74.95
"let know times",4,412732,74.95
"let know trust",4,412736,74.95
"let live forever",4,412740,74.95
"let make happy",4,412744,74.95
"let rain keep",4,412748,74.95
"let snow stop",4,412752,74.95
"lets fall love",4,412756,74.95
"lets get day",4,412760,74.95
"lets get em",4,412764,74.96
"letting know think",4,412768,74.96
"library finals week",4,412772,74.96
"lie hello goodbye",4,412776,74.96
"lie love won",4,412780,74.96
"life aim end",4,412784,74.96
"life beautiful funny",4,412788,74.96
"life changed forgotten",4,412792,74.96
"life did get",4,412796,74.96
"life good thank",4,412800,74.96
"life increasing speed",4,412804,74.96
"life just get",4,412808,74.96
"life just saying",4,412812,74.96
"life like golden",4,412816,74.96
"life like taxi",4,412820,74.97
"life message world",4,412824,74.97
"life obviously interesting",4,412828,74.97
"life purpose robert",4,412832,74.97
"life short smile",4,412836,74.97
"life short stress",4,412840,74.97
"life sucks song",4,412844,74.97
"life things people",4,412848,74.97
"lifetime value customer",4,412852,74.97
"lift head high",4,412856,74.97
"lifted shifted higher",4,412860,74.97
"lights press association",4,412864,74.97
"like amazing event",4,412868,74.97
"like ask question",4,412872,74.97
"like better idea",4,412876,74.98
"like body soul",4,412880,74.98
"like cats dogs",4,412884,74.98
"like chicken fried",4,412888,74.98
"like coffee like",4,412892,74.98
"like crazy hope",4,412896,74.98
"like crazy need",4,412900,74.98
"like did nice",4,412904,74.98
"like doing thing",4,412908,74.98
"like don phase",4,412912,74.98
"like eyed peas",4,412916,74.98
"like fall fall",4,412920,74.98
"like football seem",4,412924,74.98
"like fr fr",4,412928,74.98
"like french stick",4,412932,74.99
"like full day",4,412936,74.99
"like full moon",4,412940,74.99
"like fun thanks",4,412944,74.99
"like get beat",4,412948,74.99
"like get go",4,412952,74.99
"like get older",4,412956,74.99
"like go bed",4,412960,74.99
"like gonna need",4,412964,74.99
"like got go",4,412968,74.99
"like got hacked",4,412972,74.99
"like great new",4,412976,74.99
"like great story",4,412980,74.99
"like hear talk",4,412984,75
"like hear thoughts",4,412988,75
"like know did",4,412992,75
"like know good",4,412996,75
"like know thing",4,413000,75
"like leaf hard",4,413004,75
"like like missing",4,413008,75
"like love dog",4,413012,75
"like love guys",4,413016,75
"like love just",4,413020,75
"like make fun",4,413024,75
"like make miss",4,413028,75
"like make people",4,413032,75
"like man just",4,413036,75
"like minded folks",4,413040,75.01
"like move move",4,413044,75.01
"like new followers",4,413048,75.01
"like new hair",4,413052,75.01
"like new interface",4,413056,75.01
"like offer free",4,413060,75.01
"like old old",4,413064,75.01
"like old spice",4,413068,75.01
"like old stuff",4,413072,75.01
"like past week",4,413076,75.01
"like people got",4,413080,75.01
"like people hate",4,413084,75.01
"like people make",4,413088,75.01
"like pound bacon",4,413092,75.01
"like real like",4,413096,75.02
"like real world",4,413100,75.02
"like really just",4,413104,75.02
"like really make",4,413108,75.02
"like really said",4,413112,75.02
"like said great",4,413116,75.02
"like say things",4,413120,75.02
"like shadows near",4,413124,75.02
"like smell fresh",4,413128,75.02
"like snow white",4,413132,75.02
"like time go",4,413136,75.02
"like today work",4,413140,75.02
"like waking early",4,413144,75.02
"like waking morning",4,413148,75.02
"like want help",4,413152,75.03
"like war tonight",4,413156,75.03
"like warm weather",4,413160,75.03
"like watching games",4,413164,75.03
"like watching paint",4,413168,75.03
"likes dna golden",4,413172,75.03
"likes don like",4,413176,75.03
"likes giving away",4,413180,75.03
"lincoln park zoo",4,413184,75.03
"line get awesome",4,413188,75.03
"line holding get",4,413192,75.03
"link twitter account",4,413196,75.03
"linked free song",4,413200,75.03
"listen christmas music",4,413204,75.04
"listen live www",4,413208,75.04
"listen song day",4,413212,75.04
"listen twice speak",4,413216,75.04
"listening http www",4,413220,75.04
"listening love love",4,413224,75.04
"listening pandora radio",4,413228,75.04
"listening vampire weekend",4,413232,75.04
"listening whitney houston",4,413236,75.04
"listing company rewards",4,413240,75.04
"literally true succeed",4,413244,75.04
"literary community great",4,413248,75.04
"little girl got",4,413252,75.04
"little lion man",4,413256,75.04
"little se episodes",4,413260,75.05
"little time play",4,413264,75.05
"live interesting times",4,413268,75.05
"live mark twain",4,413272,75.05
"live planet anymore",4,413276,75.05
"live tomorrow pm",4,413280,75.05
"long days journey",4,413284,75.05
"long form certificate",4,413288,75.05
"long form journalism",4,413292,75.05
"long let know",4,413296,75.05
"long senses order",4,413300,75.05
"long term investment",4,413304,75.05
"long term stability",4,413308,75.05
"long term value",4,413312,75.05
"long walk outside",4,413316,75.06
"long way helping",4,413320,75.06
"longer regular minutes",4,413324,75.06
"longest came left",4,413328,75.06
"look don like",4,413332,75.06
"look like last",4,413336,75.06
"look like oh",4,413340,75.06
"looked great good",4,413344,75.06
"looked like know",4,413348,75.06
"looking answers learn",4,413352,75.06
"looking buy house",4,413356,75.06
"looking forward adventure",4,413360,75.06
"looking forward august",4,413364,75.06
"looking forward check",4,413368,75.06
"looking forward flight",4,413372,75.07
"looking forward fresh",4,413376,75.07
"looking forward games",4,413380,75.07
"looking forward ideas",4,413384,75.07
"looking forward learn",4,413388,75.07
"looking forward life",4,413392,75.07
"looking forward looking",4,413396,75.07
"looking forward project",4,413400,75.07
"looking forward race",4,413404,75.07
"looking forward soon",4,413408,75.07
"looking forward students",4,413412,75.07
"looking forward west",4,413416,75.07
"looking good dude",4,413420,75.07
"looking just like",4,413424,75.08
"looking new blog",4,413428,75.08
"looking new friends",4,413432,75.08
"looking pretty solid",4,413436,75.08
"looking real estate",4,413440,75.08
"looks clothes fancy",4,413444,75.08
"looks good eat",4,413448,75.08
"looks like basketball",4,413452,75.08
"looks like closed",4,413456,75.08
"looks like dress",4,413460,75.08
"looks like female",4,413464,75.08
"looks like give",4,413468,75.08
"looks like giving",4,413472,75.08
"looks like gop",4,413476,75.08
"looks like hair",4,413480,75.09
"looks like kind",4,413484,75.09
"looks like light",4,413488,75.09
"looks like looks",4,413492,75.09
"looks like michael",4,413496,75.09
"looks like quite",4,413500,75.09
"looks like rick",4,413504,75.09
"looks like road",4,413508,75.09
"lord skinny let",4,413512,75.09
"los angeles go",4,413516,75.09
"lose sight goal",4,413520,75.09
"lost pounds week",4,413524,75.09
"lot new followers",4,413528,75.09
"lot people asking",4,413532,75.09
"lot people hate",4,413536,75.1
"lots cool things",4,413540,75.1
"lounge anaheim text",4,413544,75.1
"love baby really",4,413548,75.1
"love birthday cake",4,413552,75.1
"love boyfriend video",4,413556,75.1
"love called according",4,413560,75.1
"love college hoops",4,413564,75.1
"love cotton candy",4,413568,75.1
"love feedback google",4,413572,75.1
"love follow maybe",4,413576,75.1
"love football season",4,413580,75.1
"love get rid",4,413584,75.1
"love guys awesome",4,413588,75.1
"love hear just",4,413592,75.11
"love horror movies",4,413596,75.11
"love just game",4,413600,75.11
"love know get",4,413604,75.11
"love life get",4,413608,75.11
"love light shows",4,413612,75.11
"love like heart",4,413616,75.11
"love like last",4,413620,75.11
"love like song",4,413624,75.11
"love living city",4,413628,75.11
"love looks clothes",4,413632,75.11
"love miss wish",4,413636,75.11
"love moment energy",4,413640,75.11
"love movie watching",4,413644,75.11
"love people both",4,413648,75.12
"love people people",4,413652,75.12
"love playing basketball",4,413656,75.12
"love playing guitar",4,413660,75.12
"love regret don",4,413664,75.12
"love send info",4,413668,75.12
"love stop playing",4,413672,75.12
"love sweet potato",4,413676,75.12
"love temporary insanity",4,413680,75.12
"love twitter great",4,413684,75.12
"love twitter love",4,413688,75.12
"love ur fan",4,413692,75.12
"love valentine day",4,413696,75.12
"love watching games",4,413700,75.13
"love win yrs",4,413704,75.13
"love won love",4,413708,75.13
"love wrong person",4,413712,75.13
"loved alfred lord",4,413716,75.13
"loved george sand",4,413720,75.13
"loves protect like",4,413724,75.13
"loving love like",4,413728,75.13
"luck happiness today",4,413732,75.13
"luck hard work",4,413736,75.13
"luck man hope",4,413740,75.13
"lucky wish get",4,413744,75.13
"lunch today feel",4,413748,75.13
"lyrics inside joke",4,413752,75.13
"mac cheese lunch",4,413756,75.14
"made day awesome",4,413760,75.14
"made day night",4,413764,75.14
"made nd round",4,413768,75.14
"made people obviously",4,413772,75.14
"made san diego",4,413776,75.14
"madison last night",4,413780,75.14
"madonna super bowl",4,413784,75.14
"magic last night",4,413788,75.14
"make anyone happy",4,413792,75.14
"make anything marilyn",4,413796,75.14
"make comes way",4,413800,75.14
"make day special",4,413804,75.14
"make dinner reservations",4,413808,75.14
"make good bad",4,413812,75.15
"make good stuff",4,413816,75.15
"make good things",4,413820,75.15
"make great game",4,413824,75.15
"make guest appearance",4,413828,75.15
"make habits habits",4,413832,75.15
"make happen year",4,413836,75.15
"make happy thank",4,413840,75.15
"make heart grow",4,413844,75.15
"make little plans",4,413848,75.15
"make look real",4,413852,75.15
"make look really",4,413856,75.15
"make lot music",4,413860,75.15
"make make make",4,413864,75.15
"make man feel",4,413868,75.16
"make money day",4,413872,75.16
"make money good",4,413876,75.16
"make new friend",4,413880,75.16
"make own decision",4,413884,75.16
"make real music",4,413888,75.16
"make really great",4,413892,75.16
"make room feels",4,413896,75.16
"make sense tom",4,413900,75.16
"make sense want",4,413904,75.16
"make smile think",4,413908,75.16
"make sure able",4,413912,75.16
"make sure alright",4,413916,75.16
"make sure drive",4,413920,75.17
"make sure game",4,413924,75.17
"make sure lot",4,413928,75.17
"make sure properly",4,413932,75.17
"make sure rsvp",4,413936,75.17
"make sure signed",4,413940,75.17
"makes feel kinda",4,413944,75.17
"makes feel uncomfortable",4,413948,75.17
"makes happy hear",4,413952,75.17
"makes happy seeing",4,413956,75.17
"makes people change",4,413960,75.17
"makes problems look",4,413964,75.17
"makes realize miss",4,413968,75.17
"makes sense get",4,413972,75.17
"makes sense people",4,413976,75.18
"makes sense way",4,413980,75.18
"makes sense world",4,413984,75.18
"makes think like",4,413988,75.18
"makes want kids",4,413992,75.18
"makes want visit",4,413996,75.18
"making ends meet",4,414000,75.18
"making excuses george",4,414004,75.18
"making good use",4,414008,75.18
"making plans go",4,414012,75.18
"making plans john",4,414016,75.18
"making things worse",4,414020,75.18
"making want myself",4,414024,75.18
"making wind right",4,414028,75.18
"male co worker",4,414032,75.19
"man charlie brown",4,414036,75.19
"man chocolate money",4,414040,75.19
"man does things",4,414044,75.19
"man ethics wild",4,414048,75.19
"man glad got",4,414052,75.19
"man just finished",4,414056,75.19
"man just let",4,414060,75.19
"man just looked",4,414064,75.19
"man just made",4,414068,75.19
"man just need",4,414072,75.19
"man kicking contest",4,414076,75.19
"man long day",4,414080,75.19
"man love guys",4,414084,75.19
"man president university",4,414088,75.2
"man real man",4,414092,75.2
"man succeed times",4,414096,75.2
"man trying make",4,414100,75.2
"man working hard",4,414104,75.2
"manchester city game",4,414108,75.2
"mango ice cream",4,414112,75.2
"maps kids com",4,414116,75.2
"marathon times real",4,414120,75.2
"march rd pm",4,414124,75.2
"march th details",4,414128,75.2
"market city center",4,414132,75.2
"marriage old games",4,414136,75.2
"mary did know",4,414140,75.21
"master self realization",4,414144,75.21
"math mental humans",4,414148,75.21
"matter say love",4,414152,75.21
"matter slow go",4,414156,75.21
"maybe finally get",4,414160,75.21
"maybe get better",4,414164,75.21
"maybe get home",4,414168,75.21
"maybe just take",4,414172,75.21
"meals tune fine",4,414176,75.21
"mean sounds like",4,414180,75.21
"means don get",4,414184,75.21
"means lot glad",4,414188,75.21
"meat meat meat",4,414192,75.21
"medal making week",4,414196,75.22
"meet high school",4,414200,75.22
"meet hope great",4,414204,75.22
"meet kinds people",4,414208,75.22
"meeting preparation opportunity",4,414212,75.22
"meeting today just",4,414216,75.22
"meetings go parties",4,414220,75.22
"megan jackie ny",4,414224,75.22
"memorial day honor",4,414228,75.22
"men don date",4,414232,75.22
"men forget men",4,414236,75.22
"men kick friendship",4,414240,75.22
"men worry things",4,414244,75.22
"mentor texts days",4,414248,75.22
"menu coming soon",4,414252,75.23
"mercy shall follow",4,414256,75.23
"mesa annual transfer",4,414260,75.23
"message address get",4,414264,75.23
"message email send",4,414268,75.23
"met mother season",4,414272,75.23
"metropolitan museum art",4,414276,75.23
"mi fa la",4,414280,75.23
"middle age men",4,414284,75.23
"midnight paris foreign",4,414288,75.23
"might alive certain",4,414292,75.23
"might change world",4,414296,75.23
"might john wooden",4,414300,75.23
"might just find",4,414304,75.23
"might let go",4,414308,75.24
"might look good",4,414312,75.24
"milwaukee film festival",4,414316,75.24
"min battle atlanta",4,414320,75.24
"mind linked free",4,414324,75.24
"mini road trip",4,414328,75.24
"minus hours minutes",4,414332,75.24
"minute power nap",4,414336,75.24
"minute seems like",4,414340,75.24
"miracle single flower",4,414344,75.24
"miracle th street",4,414348,75.24
"mirrors don lie",4,414352,75.24
"miss beautiful america",4,414356,75.24
"miss jonas brothers",4,414360,75.25
"miss just saw",4,414364,75.25
"miss pretty good",4,414368,75.25
"miss teen usa",4,414372,75.25
"miss watching play",4,414376,75.25
"miss wish best",4,414380,75.25
"missing hobby caring",4,414384,75.25
"mission impossible movie",4,414388,75.25
"mistakes proof trying",4,414392,75.25
"mitt romney real",4,414396,75.25
"mix sun clouds",4,414400,75.25
"mo irish pub",4,414404,75.25
"model agency instagram",4,414408,75.25
"model girl ask",4,414412,75.25
"mom just want",4,414416,75.26
"mom step mom",4,414420,75.26
"mom wants go",4,414424,75.26
"moment don give",4,414428,75.26
"moment energy moment",4,414432,75.26
"moment spread boundaries",4,414436,75.26
"moment walk room",4,414440,75.26
"mon man gotta",4,414444,75.26
"monday good day",4,414448,75.26
"monday ready set",4,414452,75.26
"money boss gets",4,414456,75.26
"month get get",4,414460,75.26
"month social media",4,414464,75.26
"mood just went",4,414468,75.26
"moon made cheese",4,414472,75.27
"morning afternoon evening",4,414476,75.27
"morning did anyone",4,414480,75.27
"morning drinking coffee",4,414484,75.27
"morning everybody good",4,414488,75.27
"morning folks happy",4,414492,75.27
"morning gonna great",4,414496,75.27
"morning guys great",4,414500,75.27
"morning guys today",4,414504,75.27
"morning hope productive",4,414508,75.27
"morning twitter happy",4,414512,75.27
"mother law love",4,414516,75.27
"move own life",4,414520,75.27
"moving day today",4,414524,75.27
"multiple charities put",4,414528,75.28
"music keep sales",4,414532,75.28
"music making music",4,414536,75.28
"music playing background",4,414540,75.28
"music savage rocks",4,414544,75.28
"music thanks follow",4,414548,75.28
"music video email",4,414552,75.28
"music video excited",4,414556,75.28
"music video guys",4,414560,75.28
"music video looks",4,414564,75.28
"music video need",4,414568,75.28
"music video tonight",4,414572,75.28
"music video video",4,414576,75.28
"music video www",4,414580,75.28
"must fail know",4,414584,75.29
"must give order",4,414588,75.29
"must implementation experience",4,414592,75.29
"must spent little",4,414596,75.29
"must win series",4,414600,75.29
"myself recognize shared",4,414604,75.29
"myspace myspace com",4,414608,75.29
"mystery science theater",4,414612,75.29
"names ur guests",4,414616,75.29
"nation children children",4,414620,75.29
"national building museum",4,414624,75.29
"national foster care",4,414628,75.29
"national walk work",4,414632,75.29
"nba finals game",4,414636,75.3
"nba players owners",4,414640,75.3
"nd degree charge",4,414644,75.3
"nd stick common",4,414648,75.3
"ne ne ne",4,414652,75.3
"near moments seen",4,414656,75.3
"need come people",4,414660,75.3
"need come pick",4,414664,75.3
"need create new",4,414668,75.3
"need extra help",4,414672,75.3
"need go find",4,414676,75.3
"need go try",4,414680,75.3
"need good work",4,414684,75.3
"need know business",4,414688,75.3
"need know details",4,414692,75.31
"need know go",4,414696,75.31
"need know want",4,414700,75.31
"need lot let",4,414704,75.31
"need make decision",4,414708,75.31
"need make point",4,414712,75.31
"need make soon",4,414716,75.31
"need make video",4,414720,75.31
"need music suggestions",4,414724,75.31
"need rest eyes",4,414728,75.31
"need run away",4,414732,75.31
"need second opinion",4,414736,75.31
"need send link",4,414740,75.31
"need take deep",4,414744,75.31
"need take picture",4,414748,75.32
"need talk get",4,414752,75.32
"need talk new",4,414756,75.32
"need talk phone",4,414760,75.32
"need text www",4,414764,75.32
"needed family time",4,414768,75.32
"needs people like",4,414772,75.32
"neighbor comes house",4,414776,75.32
"nerd nope silence",4,414780,75.32
"networks pay promotion",4,414784,75.32
"new art work",4,414788,75.32
"new computer new",4,414792,75.32
"new day bring",4,414796,75.32
"new defensive coordinator",4,414800,75.32
"new fall winter",4,414804,75.33
"new farmer market",4,414808,75.33
"new favorite book",4,414812,75.33
"new feature film",4,414816,75.33
"new featured bit",4,414820,75.33
"new french president",4,414824,75.33
"new group growing",4,414828,75.33
"new haircut new",4,414832,75.33
"new job working",4,414836,75.33
"new mexico years",4,414840,75.33
"new mix coming",4,414844,75.33
"new music posted",4,414848,75.33
"new orleans come",4,414852,75.33
"new orleans love",4,414856,75.34
"new orleans weekend",4,414860,75.34
"new phone got",4,414864,75.34
"new phone love",4,414868,75.34
"new phone twitter",4,414872,75.34
"new reference universe",4,414876,75.34
"new release coming",4,414880,75.34
"new single get",4,414884,75.34
"new songs really",4,414888,75.34
"new sound mix",4,414892,75.34
"new sound system",4,414896,75.34
"new strategic plan",4,414900,75.34
"new stuff going",4,414904,75.34
"new stuff time",4,414908,75.34
"new time magazine",4,414912,75.35
"new time slot",4,414916,75.35
"new twitter don",4,414920,75.35
"new website go",4,414924,75.35
"new website way",4,414928,75.35
"new website works",4,414932,75.35
"new workout routine",4,414936,75.35
"new year celebrate",4,414940,75.35
"new year closed",4,414944,75.35
"new year enjoy",4,414948,75.35
"new year folks",4,414952,75.35
"new year wishes",4,414956,75.35
"news brian williams",4,414960,75.35
"news gossip stories",4,414964,75.35
"news pm tonight",4,414968,75.36
"nice day go",4,414972,75.36
"nice hot day",4,414976,75.36
"nice job just",4,414980,75.36
"nice shot thanks",4,414984,75.36
"nice work great",4,414988,75.36
"night bad news",4,414992,75.36
"night good food",4,414996,75.36
"night keep going",4,415000,75.36
"night know means",4,415004,75.36
"night make wish",4,415008,75.36
"night makes sense",4,415012,75.36
"night march th",4,415016,75.36
"night open pm",4,415020,75.36
"night really great",4,415024,75.37
"night really looking",4,415028,75.37
"night spread word",4,415032,75.37
"night telephone rings",4,415036,75.37
"night th annual",4,415040,75.37
"night th jan",4,415044,75.37
"nightclub las vegas",4,415048,75.37
"north carolina people",4,415052,75.37
"note self read",4,415056,75.37
"note speakers include",4,415060,75.37
"nov indiana premiere",4,415064,75.37
"nov www com",4,415068,75.37
"november www com",4,415072,75.37
"number need business",4,415076,75.38
"number super size",4,415080,75.38
"number yeah jail",4,415084,75.38
"nw washington dc",4,415088,75.38
"ny www com",4,415092,75.38
"obama became president",4,415096,75.38
"obama looks like",4,415100,75.38
"obesity skinny jean",4,415104,75.38
"obtain unknown jim",4,415108,75.38
"october microsoft oprah",4,415112,75.38
"offering month social",4,415116,75.38
"official day spring",4,415120,75.38
"official twitter app",4,415124,75.38
"oh awesome thanks",4,415128,75.38
"oh better get",4,415132,75.39
"oh boy did",4,415136,75.39
"oh boy know",4,415140,75.39
"oh boy today",4,415144,75.39
"oh don just",4,415148,75.39
"oh good got",4,415152,75.39
"oh good sounds",4,415156,75.39
"oh good thanks",4,415160,75.39
"oh good time",4,415164,75.39
"oh goodness yes",4,415168,75.39
"oh gosh girl",4,415172,75.39
"oh gosh need",4,415176,75.39
"oh just called",4,415180,75.39
"oh just read",4,415184,75.39
"oh know sorry",4,415188,75.4
"oh man people",4,415192,75.4
"oh miss days",4,415196,75.4
"oh oh love",4,415200,75.4
"oh ok go",4,415204,75.4
"oh ok ill",4,415208,75.4
"oh ok love",4,415212,75.4
"oh ok think",4,415216,75.4
"oh okay yeah",4,415220,75.4
"oh poor baby",4,415224,75.4
"oh sorry mean",4,415228,75.4
"oh sweet lord",4,415232,75.4
"oh sweet thanks",4,415236,75.4
"oh twitter miss",4,415240,75.4
"oh wait yeah",4,415244,75.41
"oh wow sorry",4,415248,75.41
"oh yes big",4,415252,75.41
"oh yes certainly",4,415256,75.41
"ohio county library",4,415260,75.41
"ok gonna make",4,415264,75.41
"ok guess just",4,415268,75.41
"ok ill keep",4,415272,75.41
"ok just did",4,415276,75.41
"ok just little",4,415280,75.41
"ok just sure",4,415284,75.41
"okay really like",4,415288,75.41
"old account got",4,415292,75.41
"old don know",4,415296,75.41
"old got tattoo",4,415300,75.42
"old love letters",4,415304,75.42
"old man knows",4,415308,75.42
"old school drink",4,415312,75.42
"old style bar",4,415316,75.42
"oldest pitcher win",4,415320,75.42
"ones offer just",4,415324,75.42
"online feel like",4,415328,75.42
"online store coming",4,415332,75.42
"open house coming",4,415336,75.42
"open house free",4,415340,75.42
"open labor day",4,415344,75.42
"open linked data",4,415348,75.42
"open new years",4,415352,75.43
"open peer review",4,415356,75.43
"open pm don",4,415360,75.43
"open time get",4,415364,75.43
"opening day april",4,415368,75.43
"opening day milwaukee",4,415372,75.43
"opening today pm",4,415376,75.43
"opens look long",4,415380,75.43
"options advisory service",4,415384,75.43
"options www com",4,415388,75.43
"order obtain unknown",4,415392,75.43
"organic ice cream",4,415396,75.43
"origins martial arts",4,415400,75.43
"ouch feel better",4,415404,75.43
"ouch looks like",4,415408,75.44
"ought help become",4,415412,75.44
"outside dog book",4,415416,75.44
"pace walking dog",4,415420,75.44
"packed get early",4,415424,75.44
"page facebook page",4,415428,75.44
"page google ur",4,415432,75.44
"page like facebook",4,415436,75.44
"page social promo",4,415440,75.44
"pain hope get",4,415444,75.44
"pain rainbow little",4,415448,75.44
"pains pure heart",4,415452,75.44
"park san diego",4,415456,75.44
"park tonight pm",4,415460,75.44
"parking lot waiting",4,415464,75.45
"parking ticket online",4,415468,75.45
"part part part",4,415472,75.45
"part united states",4,415476,75.45
"participate social media",4,415480,75.45
"party night away",4,415484,75.45
"party year just",4,415488,75.45
"passion vision pain",4,415492,75.45
"past days think",4,415496,75.45
"past patrick henry",4,415500,75.45
"patrick day celebration",4,415504,75.45
"patrick day safe",4,415508,75.45
"pay good wages",4,415512,75.45
"pay promotion url",4,415516,75.45
"pay rent samuel",4,415520,75.46
"peanut butter crunch",4,415524,75.46
"peanut butter pie",4,415528,75.46
"pens trusting money",4,415532,75.46
"people check follow",4,415536,75.46
"people did red",4,415540,75.46
"people get hit",4,415544,75.46
"people get shower",4,415548,75.46
"people glass houses",4,415552,75.46
"people judge people",4,415556,75.46
"people just makes",4,415560,75.46
"people know exactly",4,415564,75.46
"people know short",4,415568,75.46
"people know true",4,415572,75.47
"people learn anything",4,415576,75.47
"people like follow",4,415580,75.47
"people like mom",4,415584,75.47
"people love hate",4,415588,75.47
"people making big",4,415592,75.47
"people need come",4,415596,75.47
"people need jobs",4,415600,75.47
"people ought help",4,415604,75.47
"people really buy",4,415608,75.47
"people really hope",4,415612,75.47
"people seem like",4,415616,75.47
"people steve allen",4,415620,75.47
"people think having",4,415624,75.47
"people want listen",4,415628,75.48
"perfect day just",4,415632,75.48
"perfect day visit",4,415636,75.48
"performer ted williams",4,415640,75.48
"performing sweet auburn",4,415644,75.48
"person does work",4,415648,75.48
"person learns mistakes",4,415652,75.48
"person need get",4,415656,75.48
"personally don like",4,415660,75.48
"phil says weeks",4,415664,75.48
"phillip las vegas",4,415668,75.48
"phoenix zoo hope",4,415672,75.48
"phone don forget",4,415676,75.48
"phone don wanna",4,415680,75.48
"phone like minutes",4,415684,75.49
"phone reads phone",4,415688,75.49
"phone sounds like",4,415692,75.49
"phone working right",4,415696,75.49
"phone works great",4,415700,75.49
"photography www com",4,415704,75.49
"pick just favorite",4,415708,75.49
"picks fan reaction",4,415712,75.49
"picks www com",4,415716,75.49
"pickup line hey",4,415720,75.49
"piece touches foot",4,415724,75.49
"pint ice cream",4,415728,75.49
"pizza feel like",4,415732,75.49
"pizza party day",4,415736,75.49
"place george bernard",4,415740,75.5
"places wanted go",4,415744,75.5
"plan good plan",4,415748,75.5
"plane hit lightning",4,415752,75.5
"play self destruction",4,415756,75.5
"play win free",4,415760,75.5
"play wrong notes",4,415764,75.5
"played last week",4,415768,75.5
"player class act",4,415772,75.5
"player plays puck",4,415776,75.5
"playground spent days",4,415780,75.5
"playing classical music",4,415784,75.5
"playing doctor kids",4,415788,75.5
"playing free concert",4,415792,75.51
"playoff hockey let",4,415796,75.51
"playoffs nfl draft",4,415800,75.51
"pleasure meet today",4,415804,75.51
"pleasure thanks coming",4,415808,75.51
"pledge accept myself",4,415812,75.51
"plus free pizza",4,415816,75.51
"plus free toasted",4,415820,75.51
"plus ice cream",4,415824,75.51
"pm april th",4,415828,75.51
"pm balloon museum",4,415832,75.51
"pm come dance",4,415836,75.51
"pm come take",4,415840,75.51
"pm day get",4,415844,75.51
"pm good times",4,415848,75.52
"pm last day",4,415852,75.52
"pm miami beach",4,415856,75.52
"pm st th",4,415860,75.52
"pm tonight tomorrow",4,415864,75.52
"poor baby feel",4,415868,75.52
"pop single tonight",4,415872,75.52
"pork pie hat",4,415876,75.52
"portland looks like",4,415880,75.52
"positive attitude life",4,415884,75.52
"praise da lord",4,415888,75.52
"prayer go get",4,415892,75.52
"predict rockies season",4,415896,75.52
"prefer crawl life",4,415900,75.52
"premiere food drink",4,415904,75.53
"prepared backup car",4,415908,75.53
"present moment moment",4,415912,75.53
"president obama announces",4,415916,75.53
"press release coming",4,415920,75.53
"pressing follow button",4,415924,75.53
"pretty big fan",4,415928,75.53
"pretty cool say",4,415932,75.53
"pretty follow make",4,415936,75.53
"pretty new twitter",4,415940,75.53
"priced espresso beverage",4,415944,75.53
"problems happen multiple",4,415948,75.53
"progress impossible change",4,415952,75.53
"promo free take",4,415956,75.53
"protect blowing sand",4,415960,75.54
"proud know free",4,415964,75.54
"proud tell cry",4,415968,75.54
"psalm trouble grief",4,415972,75.54
"pt pm et",4,415976,75.54
"publisher sent song",4,415980,75.54
"puck going wayne",4,415984,75.54
"pulling late night",4,415988,75.54
"pumped kicks foster",4,415992,75.54
"pumpkin pie flavor",4,415996,75.54
"punished anger punished",4,416000,75.54
"purchase visit com",4,416004,75.54
"purpose life aim",4,416008,75.54
"purpose life live",4,416012,75.55
"put big numbers",4,416016,75.55
"put ur head",4,416020,75.55
"put ur money",4,416024,75.55
"put wonderful world",4,416028,75.55
"put words remain",4,416032,75.55
"queens new york",4,416036,75.55
"quest way origins",4,416040,75.55
"quick get world",4,416044,75.55
"quite welcome thank",4,416048,75.55
"quote day just",4,416052,75.55
"rack city chick",4,416056,75.55
"radio los angeles",4,416060,75.55
"radio question reality",4,416064,75.55
"raining new york",4,416068,75.56
"raining really hard",4,416072,75.56
"rainy day come",4,416076,75.56
"raised last night",4,416080,75.56
"raspberry vanilla wheat",4,416084,75.56
"raven came closet",4,416088,75.56
"reach goal followers",4,416092,75.56
"reach grow far",4,416096,75.56
"read codes free",4,416100,75.56
"read comments section",4,416104,75.56
"read good article",4,416108,75.56
"reads tweet reads",4,416112,75.56
"ready get town",4,416116,75.56
"ready just say",4,416120,75.56
"ready tax season",4,416124,75.57
"real just dream",4,416128,75.57
"real life situations",4,416132,75.57
"real time com",4,416136,75.57
"reality leaves lot",4,416140,75.57
"realize looks like",4,416144,75.57
"realize made mistake",4,416148,75.57
"really bad get",4,416152,75.57
"really bad night",4,416156,75.57
"really bad today",4,416160,75.57
"really craving right",4,416164,75.57
"really don tweet",4,416168,75.57
"really enjoyed getting",4,416172,75.57
"really enjoyed great",4,416176,75.57
"really enjoyed interview",4,416180,75.58
"really great good",4,416184,75.58
"really great interview",4,416188,75.58
"really hard keep",4,416192,75.58
"really hate things",4,416196,75.58
"really hope wins",4,416200,75.58
"really just going",4,416204,75.58
"really just kidding",4,416208,75.58
"really just organized",4,416212,75.58
"really know love",4,416216,75.58
"really love come",4,416220,75.58
"really love take",4,416224,75.58
"really nice job",4,416228,75.58
"really opened eyes",4,416232,75.58
"really people say",4,416236,75.59
"really really appreciate",4,416240,75.59
"really really busy",4,416244,75.59
"really really soon",4,416248,75.59
"really stand people",4,416252,75.59
"reasons won work",4,416256,75.59
"recall hurt feel",4,416260,75.59
"received good news",4,416264,75.59
"received star hollywood",4,416268,75.59
"recognize shared humanity",4,416272,75.59
"recording new material",4,416276,75.59
"recording new track",4,416280,75.59
"recycling cans fund",4,416284,75.59
"reds game tonight",4,416288,75.6
"refrigerator doors open",4,416292,75.6
"refrigerator far apart",4,416296,75.6
"regardless goes life",4,416300,75.6
"regret anything happened",4,416304,75.6
"rehab offers hope",4,416308,75.6
"relationship made people",4,416312,75.6
"relaxing day today",4,416316,75.6
"remembered dream last",4,416320,75.6
"rent samuel lover",4,416324,75.6
"republicans agenda pt",4,416328,75.6
"reserve free tickets",4,416332,75.6
"resident play goes",4,416336,75.6
"resolutions new year",4,416340,75.6
"respect unique voices",4,416344,75.61
"responsibility life know",4,416348,75.61
"rest day going",4,416352,75.61
"rest helen hayes",4,416356,75.61
"rest life get",4,416360,75.61
"resume normal hours",4,416364,75.61
"revolution rock new",4,416368,75.61
"reward hard work",4,416372,75.61
"rick james voice",4,416376,75.61
"right gonna start",4,416380,75.61
"right just saying",4,416384,75.61
"right just trying",4,416388,75.61
"right looking new",4,416392,75.61
"right man love",4,416396,75.61
"right maybe get",4,416400,75.62
"right say happy",4,416404,75.62
"right say yes",4,416408,75.62
"right take chance",4,416412,75.62
"ring wedding ring",4,416416,75.62
"rising tide boats",4,416420,75.62
"road trips love",4,416424,75.62
"robert jan van",4,416428,75.62
"robert penn warren",4,416432,75.62
"rock new group",4,416436,75.62
"rock roll half",4,416440,75.62
"rocks bend oak",4,416444,75.62
"roller derby league",4,416448,75.62
"rolling burned calories",4,416452,75.62
"romney becomes president",4,416456,75.63
"ron paul man",4,416460,75.63
"rose red blue",4,416464,75.63
"round applause baby",4,416468,75.63
"rum ginger beer",4,416472,75.63
"run own life",4,416476,75.63
"running hrs sleep",4,416480,75.63
"russell brand katy",4,416484,75.63
"sad day america",4,416488,75.63
"sad say say",4,416492,75.63
"sad stop sad",4,416496,75.63
"safe house good",4,416500,75.63
"said best day",4,416504,75.63
"salt plus slice",4,416508,75.64
"san antonio live",4,416512,75.64
"sandwich lunch today",4,416516,75.64
"sat working day",4,416520,75.64
"satisfied man chocolate",4,416524,75.64
"saturday club need",4,416528,75.64
"saturday june pm",4,416532,75.64
"saturday march pm",4,416536,75.64
"saturday night last",4,416540,75.64
"saturday night telephone",4,416544,75.64
"saturday night work",4,416548,75.64
"saturday spread love",4,416552,75.64
"sausage roasted red",4,416556,75.64
"savage rocks bend",4,416560,75.64
"saw previous tweet",4,416564,75.65
"saw sneak preview",4,416568,75.65
"saw ur tweets",4,416572,75.65
"saw year ago",4,416576,75.65
"say cause don",4,416580,75.65
"say feels good",4,416584,75.65
"say great seeing",4,416588,75.65
"say hard say",4,416592,75.65
"say hello love",4,416596,75.65
"say hope doing",4,416600,75.65
"say love mom",4,416604,75.65
"say obviously know",4,416608,75.65
"say prayer go",4,416612,75.65
"say probably good",4,416616,75.65
"say real niggas",4,416620,75.66
"say sue elliott",4,416624,75.66
"say ur gonna",4,416628,75.66
"say yes say",4,416632,75.66
"saying happy mothers",4,416636,75.66
"saying make money",4,416640,75.66
"saying people like",4,416644,75.66
"says things like",4,416648,75.66
"says weeks winter",4,416652,75.66
"scared go sleep",4,416656,75.66
"school dance tomorrow",4,416660,75.66
"school don feel",4,416664,75.66
"school drink specials",4,416668,75.66
"school gonna go",4,416672,75.66
"school prison pipeline",4,416676,75.67
"school ready get",4,416680,75.67
"school tomorrow gotta",4,416684,75.67
"school year end",4,416688,75.67
"school year like",4,416692,75.67
"school year summer",4,416696,75.67
"science fiction fantasy",4,416700,75.67
"score runs game",4,416704,75.67
"scored points rebounds",4,416708,75.67
"scream random stuff",4,416712,75.67
"scream way great",4,416716,75.67
"screen printed shirts",4,416720,75.67
"se episodes online",4,416724,75.67
"sea salt water",4,416728,75.68
"seafood avenue baltimore",4,416732,75.68
"search app store",4,416736,75.68
"season finale love",4,416740,75.68
"season finale wait",4,416744,75.68
"season games left",4,416748,75.68
"season premiere last",4,416752,75.68
"season true blood",4,416756,75.68
"second favorite team",4,416760,75.68
"second time mistake",4,416764,75.68
"second time time",4,416768,75.68
"secret war book",4,416772,75.68
"seeing friends family",4,416776,75.68
"seek go deep",4,416780,75.68
"seem like best",4,416784,75.69
"seem like fun",4,416788,75.69
"seems really cool",4,416792,75.69
"seen las vegas",4,416796,75.69
"seen think thought",4,416800,75.69
"seen thousand times",4,416804,75.69
"sell home smarter",4,416808,75.69
"selling raffle tickets",4,416812,75.69
"seminar last night",4,416816,75.69
"send best wishes",4,416820,75.69
"send email ill",4,416824,75.69
"send email like",4,416828,75.69
"send fans julia",4,416832,75.69
"send valentine day",4,416836,75.69
"sending positive energy",4,416840,75.7
"sense read backwards",4,416844,75.7
"senses order obtain",4,416848,75.7
"series blog posts",4,416852,75.7
"seriously best thing",4,416856,75.7
"seriously want go",4,416860,75.7
"serve punch drink",4,416864,75.7
"set direction wind",4,416868,75.7
"set dvr tonight",4,416872,75.7
"set living room",4,416876,75.7
"set refrigerator far",4,416880,75.7
"set world go",4,416884,75.7
"sf green film",4,416888,75.7
"sgt pepper lonely",4,416892,75.7
"shade tom peters",4,416896,75.71
"shadow leaves darkness",4,416900,75.71
"shadows near moments",4,416904,75.71
"shaking saturday www",4,416908,75.71
"shame feel like",4,416912,75.71
"share reveal own",4,416916,75.71
"shared humanity respect",4,416920,75.71
"sharing caring badge",4,416924,75.71
"sharing hope great",4,416928,75.71
"sharing warren video",4,416932,75.71
"shark piece touches",4,416936,75.71
"shaved green onion",4,416940,75.71
"shine bright like",4,416944,75.71
"shows www com",4,416948,75.71
"shut just shut",4,416952,75.72
"signal noise ratio",4,416956,75.72
"silver spring md",4,416960,75.72
"sing anyway austin",4,416964,75.72
"singer looks like",4,416968,75.72
"singing wrong lyrics",4,416972,75.72
"sit home think",4,416976,75.72
"site great job",4,416980,75.72
"site looks good",4,416984,75.72
"site profile try",4,416988,75.72
"sitting like love",4,416992,75.72
"size candy bars",4,416996,75.72
"ski new york",4,417000,75.72
"skinny let friends",4,417004,75.73
"sleep get ready",4,417008,75.73
"sleep looks like",4,417012,75.73
"sleepy time tea",4,417016,75.73
"slice lemon shot",4,417020,75.73
"slip away matter",4,417024,75.73
"slowly surely getting",4,417028,75.73
"small conversations mean",4,417032,75.73
"smart kind important",4,417036,75.73
"smash last night",4,417040,75.73
"smell smells like",4,417044,75.73
"smells like burning",4,417048,75.73
"smells like summer",4,417052,75.73
"smile action love",4,417056,75.73
"smile begin don",4,417060,75.74
"smile face great",4,417064,75.74
"smile face thanks",4,417068,75.74
"smile smile smile",4,417072,75.74
"smile today smile",4,417076,75.74
"smiling mean happy",4,417080,75.74
"social media choose",4,417084,75.74
"social media does",4,417088,75.74
"social media drive",4,417092,75.74
"social media ground",4,417096,75.74
"social media history",4,417100,75.74
"social media skills",4,417104,75.74
"social media takes",4,417108,75.74
"social media websites",4,417112,75.74
"social promo free",4,417116,75.75
"solo jazz guitar",4,417120,75.75
"solve mystery struggled",4,417124,75.75
"solve today troubles",4,417128,75.75
"son high school",4,417132,75.75
"song katy perry",4,417136,75.75
"song lyrics inside",4,417140,75.75
"song make sense",4,417144,75.75
"song safe sound",4,417148,75.75
"song sounds amazing",4,417152,75.75
"song sounds great",4,417156,75.75
"songwriter publisher sent",4,417160,75.75
"soon check new",4,417164,75.75
"soon happy hour",4,417168,75.75
"soon ready get",4,417172,75.76
"sophomore year high",4,417176,75.76
"sorry hear anything",4,417180,75.76
"sorry hear keep",4,417184,75.76
"sorry hear let",4,417188,75.76
"sorry hear trouble",4,417192,75.76
"sorry hope fun",4,417196,75.76
"sorry mean just",4,417200,75.76
"sorry missed ur",4,417204,75.76
"sorry tweet busy",4,417208,75.76
"sorry twitter feed",4,417212,75.76
"sound like broken",4,417216,75.76
"sound like french",4,417220,75.76
"sound like know",4,417224,75.77
"sounds great going",4,417228,75.77
"sounds like bunch",4,417232,75.77
"sounds like dad",4,417236,75.77
"sounds like go",4,417240,75.77
"sounds like like",4,417244,75.77
"sounds like little",4,417248,75.77
"sounds like miller",4,417252,75.77
"sounds like star",4,417256,75.77
"sounds like super",4,417260,75.77
"sounds like tea",4,417264,75.77
"sounds like word",4,417268,75.77
"sounds lot better",4,417272,75.77
"sounds perfect right",4,417276,75.77
"soups day sugar",4,417280,75.78
"spam changed password",4,417284,75.78
"speak mind don",4,417288,75.78
"speaking truth power",4,417292,75.78
"speaks sober heart",4,417296,75.78
"special baby wedge",4,417300,75.78
"special catch heart",4,417304,75.78
"special children ur",4,417308,75.78
"special genius conversation",4,417312,75.78
"special offer take",4,417316,75.78
"special teams player",4,417320,75.78
"spending balance budget",4,417324,75.78
"spending time old",4,417328,75.78
"spent minutes phone",4,417332,75.78
"spill food trip",4,417336,75.79
"sponsoring th annual",4,417340,75.79
"spot mile away",4,417344,75.79
"spreading word appreciate",4,417348,75.79
"spring early summer",4,417352,75.79
"spring fest st",4,417356,75.79
"spring forward tonight",4,417360,75.79
"st commerce gen",4,417364,75.79
"st day happy",4,417368,75.79
"st hard work",4,417372,75.79
"st louis don",4,417376,75.79
"st louis tonight",4,417380,75.79
"st month get",4,417384,75.79
"st th fl",4,417388,75.79
"stage short film",4,417392,75.8
"stars community center",4,417396,75.8
"start creative process",4,417400,75.8
"start day hope",4,417404,75.8
"start quick get",4,417408,75.8
"start right away",4,417412,75.8
"state city chicago",4,417416,75.8
"statistics speech part",4,417420,75.8
"stay away longer",4,417424,75.8
"stay posted info",4,417428,75.8
"stay step ahead",4,417432,75.8
"stay way cause",4,417436,75.8
"stealing baby dad",4,417440,75.8
"step forward place",4,417444,75.81
"steve allen comedy",4,417448,75.81
"steve jobs did",4,417452,75.81
"steve jobs just",4,417456,75.81
"stewart st ave",4,417460,75.81
"stick common sense",4,417464,75.81
"stolen last night",4,417468,75.81
"stop complaining don",4,417472,75.81
"stop don let",4,417476,75.81
"stop make stop",4,417480,75.81
"stop open house",4,417484,75.81
"stop targeting stop",4,417488,75.81
"stop temporarily permanently",4,417492,75.81
"strain day island",4,417496,75.81
"strawberry fields forever",4,417500,75.82
"strength let go",4,417504,75.82
"strong loud proud",4,417508,75.82
"strong word prefer",4,417512,75.82
"students san diego",4,417516,75.82
"study hard party",4,417520,75.82
"stuffed crust pizza",4,417524,75.82
"succeed best helping",4,417528,75.82
"succeed times considered",4,417532,75.82
"success happy new",4,417536,75.82
"sucks song lyrics",4,417540,75.82
"sugar spice nice",4,417544,75.82
"suggestion give thanks",4,417548,75.82
"summer celebrates birthday",4,417552,75.82
"summer early fall",4,417556,75.83
"summer summer time",4,417560,75.83
"sun both sides",4,417564,75.83
"sunday alcohol sales",4,417568,75.83
"sunday april pm",4,417572,75.83
"sunday morning just",4,417576,75.83
"sunday mothers day",4,417580,75.83
"sunday school class",4,417584,75.83
"sunset valley view",4,417588,75.83
"super genesis broke",4,417592,75.83
"super hot guy",4,417596,75.83
"support good brother",4,417600,75.83
"supporting charities bring",4,417604,75.83
"sure check weekend",4,417608,75.83
"sure follow facebook",4,417612,75.84
"sure follow magazine",4,417616,75.84
"sure follow updates",4,417620,75.84
"sure send link",4,417624,75.84
"surprised took long",4,417628,75.84
"suspended games intentionally",4,417632,75.84
"sweet baby boy",4,417636,75.84
"sweet sweet music",4,417640,75.84
"sweet valley high",4,417644,75.84
"sweetest cut deepest",4,417648,75.84
"sweetest thing seen",4,417652,75.84
"sweetest thing world",4,417656,75.84
"swim bike run",4,417660,75.84
"swim gym agent",4,417664,75.84
"system guess sure",4,417668,75.85
"tag team action",4,417672,75.85
"tag team partner",4,417676,75.85
"take advantage early",4,417680,75.85
"take dance class",4,417684,75.85
"take don know",4,417688,75.85
"take equal love",4,417692,75.85
"take hand walk",4,417696,75.85
"take heart break",4,417700,75.85
"take heat get",4,417704,75.85
"take little break",4,417708,75.85
"take look let",4,417712,75.85
"take minute remember",4,417716,75.85
"take minute site",4,417720,75.86
"take nap don",4,417724,75.86
"take nap today",4,417728,75.86
"take phone away",4,417732,75.86
"take photo lobby",4,417736,75.86
"take things slow",4,417740,75.86
"take time actually",4,417744,75.86
"take time just",4,417748,75.86
"take twice long",4,417752,75.86
"take wonder wonder",4,417756,75.86
"takes lot guts",4,417760,75.86
"taking bus work",4,417764,75.86
"taking little longer",4,417768,75.86
"taking mom brunch",4,417772,75.86
"taking nice long",4,417776,75.87
"talented hope follows",4,417780,75.87
"talk good luck",4,417784,75.87
"talk let em",4,417788,75.87
"talk make sure",4,417792,75.87
"talking don need",4,417796,75.87
"talking nba playoffs",4,417800,75.87
"tall trees tokyo",4,417804,75.87
"tasting room great",4,417808,75.87
"tavern last night",4,417812,75.87
"tax services www",4,417816,75.87
"taylor swift did",4,417820,75.87
"tea jazz house",4,417824,75.87
"teach old dog",4,417828,75.87
"team best place",4,417832,75.88
"team follow instant",4,417836,75.88
"team like said",4,417840,75.88
"team love guys",4,417844,75.88
"team tonight great",4,417848,75.88
"team won tonight",4,417852,75.88
"teammates honey badgers",4,417856,75.88
"tear end thank",4,417860,75.88
"tears make cry",4,417864,75.88
"tears streaming face",4,417868,75.88
"technology download food",4,417872,75.88
"teens head club",4,417876,75.88
"tell dad happy",4,417880,75.88
"tell dad said",4,417884,75.88
"tell followers thanks",4,417888,75.89
"tell girl beautiful",4,417892,75.89
"tell need get",4,417896,75.89
"tell say happy",4,417900,75.89
"telling friends follow",4,417904,75.89
"telling happy birthday",4,417908,75.89
"tells abc supports",4,417912,75.89
"temporary insanity marriage",4,417916,75.89
"tequila make crazy",4,417920,75.89
"texas high school",4,417924,75.89
"texas last night",4,417928,75.89
"texas rangers josh",4,417932,75.89
"texas road house",4,417936,75.89
"text get home",4,417940,75.9
"text grabs phone",4,417944,75.9
"text just made",4,417948,75.9
"text make sure",4,417952,75.9
"th anniversary women",4,417956,75.9
"th annual california",4,417960,75.9
"th best team",4,417964,75.9
"th birthday park",4,417968,75.9
"th career playoff",4,417972,75.9
"th cd release",4,417976,75.9
"th grade best",4,417980,75.9
"th grade prom",4,417984,75.9
"th grade team",4,417988,75.9
"th july fun",4,417992,75.9
"th labor day",4,417996,75.91
"th round picks",4,418000,75.91
"th tweet better",4,418004,75.91
"th tweet feel",4,418008,75.91
"th tweet get",4,418012,75.91
"thank captain obvious",4,418016,75.91
"thank changing world",4,418020,75.91
"thank follow amazing",4,418024,75.91
"thank follow follows",4,418028,75.91
"thank following like",4,418032,75.91
"thank hope did",4,418036,75.91
"thank hope nice",4,418040,75.91
"thank love hear",4,418044,75.91
"thank lovely evening",4,418048,75.91
"thank mentions great",4,418052,75.92
"thank sharing article",4,418056,75.92
"thank sharing happy",4,418060,75.92
"thank support last",4,418064,75.92
"thanks actually got",4,418068,75.92
"thanks asking did",4,418072,75.92
"thanks big man",4,418076,75.92
"thanks brian great",4,418080,75.92
"thanks came past",4,418084,75.92
"thanks featuring blog",4,418088,75.92
"thanks feel love",4,418092,75.92
"thanks follow amanda",4,418096,75.92
"thanks follow design",4,418100,75.92
"thanks follow hit",4,418104,75.92
"thanks follow info",4,418108,75.93
"thanks follow lisa",4,418112,75.93
"thanks follow mary",4,418116,75.93
"thanks follow nyc",4,418120,75.93
"thanks follow returned",4,418124,75.93
"thanks follow stuart",4,418128,75.93
"thanks follow watching",4,418132,75.93
"thanks follow wife",4,418136,75.93
"thanks following don",4,418140,75.93
"thanks glad good",4,418144,75.93
"thanks glad liking",4,418148,75.93
"thanks glad people",4,418152,75.93
"thanks good looking",4,418156,75.93
"thanks good sir",4,418160,75.94
"thanks having look",4,418164,75.94
"thanks heads love",4,418168,75.94
"thanks help week",4,418172,75.94
"thanks inviting speak",4,418176,75.94
"thanks just might",4,418180,75.94
"thanks just signed",4,418184,75.94
"thanks just started",4,418188,75.94
"thanks kate great",4,418192,75.94
"thanks kind wishes",4,418196,75.94
"thanks looks good",4,418200,75.94
"thanks man fun",4,418204,75.94
"thanks man look",4,418208,75.94
"thanks man wait",4,418212,75.94
"thanks men women",4,418216,75.95
"thanks new follow",4,418220,75.95
"thanks ongoing support",4,418224,75.95
"thanks participated friday",4,418228,75.95
"thanks people brought",4,418232,75.95
"thanks really fun",4,418236,75.95
"thanks say hi",4,418240,75.95
"thanks spell check",4,418244,75.95
"thanks try get",4,418248,75.95
"thanksgiving day friday",4,418252,75.95
"theory give time",4,418256,75.95
"theory online episodes",4,418260,75.95
"thing keeping going",4,418264,75.95
"things did think",4,418268,75.95
"things extraordinary way",4,418272,75.96
"things going change",4,418276,75.96
"things going pretty",4,418280,75.96
"things going wrong",4,418284,75.96
"things possible easy",4,418288,75.96
"things spill food",4,418292,75.96
"things think doing",4,418296,75.96
"think amazing love",4,418300,75.96
"think beautiful girl",4,418304,75.96
"think better just",4,418308,75.96
"think get people",4,418312,75.96
"think go run",4,418316,75.96
"think going able",4,418320,75.96
"think going leave",4,418324,75.96
"think going pull",4,418328,75.97
"think going want",4,418332,75.97
"think gonna sleep",4,418336,75.97
"think got away",4,418340,75.97
"think got last",4,418344,75.97
"think head just",4,418348,75.97
"think know person",4,418352,75.97
"think know say",4,418356,75.97
"think know song",4,418360,75.97
"think know ur",4,418364,75.97
"think know way",4,418368,75.97
"think like like",4,418372,75.97
"think like year",4,418376,75.97
"think live twice",4,418380,75.98
"think make happen",4,418384,75.98
"think make happy",4,418388,75.98
"think make money",4,418392,75.98
"think might change",4,418396,75.98
"think part problem",4,418400,75.98
"think people realize",4,418404,75.98
"think people understand",4,418408,75.98
"think probably get",4,418412,75.98
"think time drink",4,418416,75.98
"think time give",4,418420,75.98
"think try go",4,418424,75.98
"thinking creates kindness",4,418428,75.98
"thinking don care",4,418432,75.98
"thinking feels right",4,418436,75.99
"thinking hardest work",4,418440,75.99
"thinking really want",4,418444,75.99
"thinks having children",4,418448,75.99
"thought go forced",4,418452,75.99
"thought relationship made",4,418456,75.99
"throw dictionary face",4,418460,75.99
"thursday night dj",4,418464,75.99
"thursday night power",4,418468,75.99
"ticket take ride",4,418472,75.99
"tickets just released",4,418476,75.99
"till bottles night",4,418480,75.99
"till high school",4,418484,75.99
"till june st",4,418488,75.99
"till movie comes",4,418492,76
"tim duncan spurs",4,418496,76
"time bathroom break",4,418500,76
"time big thanks",4,418504,76
"time days ago",4,418508,76
"time don really",4,418512,76
"time feel better",4,418516,76
"time franchise history",4,418520,76
"time gotta make",4,418524,76
"time just finished",4,418528,76
"time just going",4,418532,76
"time just gonna",4,418536,76
"time looking perfect",4,418540,76
"time los angeles",4,418544,76
"time love seeing",4,418548,76.01
"time make good",4,418552,76.01
"time make laugh",4,418556,76.01
"time mistake choice",4,418560,76.01
"time oh wait",4,418564,76.01
"time seeing live",4,418568,76.01
"time sit enjoy",4,418572,76.01
"time start homework",4,418576,76.01
"time start work",4,418580,76.01
"time things right",4,418584,76.01
"time year half",4,418588,76.01
"time yesterday thanks",4,418592,76.01
"times considered good",4,418596,76.01
"tin pan alley",4,418600,76.01
"tiny dog bag",4,418604,76.02
"tip spend time",4,418608,76.02
"tired good day",4,418612,76.02
"tired keep eyes",4,418616,76.02
"tired work tomorrow",4,418620,76.02
"today city council",4,418624,76.02
"today come pick",4,418628,76.02
"today come support",4,418632,76.02
"today day lets",4,418636,76.02
"today day thank",4,418640,76.02
"today day year",4,418644,76.02
"today enjoy life",4,418648,76.02
"today get home",4,418652,76.02
"today get new",4,418656,76.03
"today get pumped",4,418660,76.03
"today get today",4,418664,76.03
"today got time",4,418668,76.03
"today gotta work",4,418672,76.03
"today great energy",4,418676,76.03
"today great got",4,418680,76.03
"today great monday",4,418684,76.03
"today great things",4,418688,76.03
"today just ask",4,418692,76.03
"today just perfect",4,418696,76.03
"today just saying",4,418700,76.03
"today makes years",4,418704,76.03
"today merry christmas",4,418708,76.03
"today pm check",4,418712,76.04
"today pm join",4,418716,76.04
"today pm times",4,418720,76.04
"today private event",4,418724,76.04
"today st birthday",4,418728,76.04
"today super bowl",4,418732,76.04
"today thanks letting",4,418736,76.04
"today tomorrow come",4,418740,76.04
"today tomorrow tuesday",4,418744,76.04
"today troubles supporting",4,418748,76.04
"today watch live",4,418752,76.04
"today word figure",4,418756,76.04
"told age don",4,418760,76.04
"told myself right",4,418764,76.04
"told weeks ago",4,418768,76.05
"tomorrow anyone want",4,418772,76.05
"tomorrow getting ready",4,418776,76.05
"tomorrow january th",4,418780,76.05
"tomorrow look forward",4,418784,76.05
"tomorrow morning get",4,418788,76.05
"tomorrow morning meet",4,418792,76.05
"tomorrow need go",4,418796,76.05
"tomorrow parking lot",4,418800,76.05
"tomorrow really wanna",4,418804,76.05
"tomorrow sat pm",4,418808,76.05
"tomorrow wanna go",4,418812,76.05
"tonight anyone want",4,418816,76.05
"tonight bar grill",4,418820,76.05
"tonight bus stop",4,418824,76.06
"tonight come drink",4,418828,76.06
"tonight come hear",4,418832,76.06
"tonight going make",4,418836,76.06
"tonight music hall",4,418840,76.06
"tonight really looking",4,418844,76.06
"tonight start pm",4,418848,76.06
"tonight take advantage",4,418852,76.06
"tonight thank new",4,418856,76.06
"tonight thursday dj",4,418860,76.06
"tonight want go",4,418864,76.06
"tonight young set",4,418868,76.06
"tons specials today",4,418872,76.06
"took minutes figure",4,418876,76.07
"took years figure",4,418880,76.07
"took years realize",4,418884,76.07
"tornado warning issued",4,418888,76.07
"torres hat trick",4,418892,76.07
"tough place play",4,418896,76.07
"town spring break",4,418900,76.07
"toys children age",4,418904,76.07
"track baby born",4,418908,76.07
"track field day",4,418912,76.07
"trade follows interested",4,418916,76.07
"training camp showcase",4,418920,76.07
"treat people ought",4,418924,76.07
"trend twitter give",4,418928,76.07
"trending la ca",4,418932,76.08
"trip scream random",4,418936,76.08
"triumph imagination intelligence",4,418940,76.08
"trouble alert presented",4,418944,76.08
"troubles supporting charities",4,418948,76.08
"true diary part",4,418952,76.08
"true succeed best",4,418956,76.08
"truly horrible lives",4,418960,76.08
"truly satisfied man",4,418964,76.08
"trust don need",4,418968,76.08
"trust love love",4,418972,76.08
"trusting money trust",4,418976,76.08
"try different things",4,418980,76.08
"try get rid",4,418984,76.08
"try help people",4,418988,76.09
"try look like",4,418992,76.09
"try make tonight",4,418996,76.09
"try site page",4,419000,76.09
"try take away",4,419004,76.09
"trying find ways",4,419008,76.09
"trying make game",4,419012,76.09
"trying make look",4,419016,76.09
"trying make own",4,419020,76.09
"trying play tonight",4,419024,76.09
"trying stay trouble",4,419028,76.09
"tub ice cream",4,419032,76.09
"tuesday looking forward",4,419036,76.09
"tuesday unlimited golf",4,419040,76.09
"tune pm est",4,419044,76.1
"tuned chance win",4,419048,76.1
"turn tv watch",4,419052,76.1
"tv insult intelligence",4,419056,76.1
"tv tonight pm",4,419060,76.1
"tweet best friend",4,419064,76.1
"tweet deserve win",4,419068,76.1
"tweet don think",4,419072,76.1
"tweet don want",4,419076,76.1
"tweet earlier said",4,419080,76.1
"tweet enter win",4,419084,76.1
"tweet french love",4,419088,76.1
"tweet later bye",4,419092,76.1
"tweet using chance",4,419096,76.11
"tweeting just want",4,419100,76.11
"tweets don follow",4,419104,76.11
"tweets thanks follow",4,419108,76.11
"twitter account good",4,419112,76.11
"twitter facebook make",4,419116,76.11
"twitter feed makes",4,419120,76.11
"twitter follow tweet",4,419124,76.11
"twitter friends join",4,419128,76.11
"twitter friends love",4,419132,76.11
"twitter friends make",4,419136,76.11
"twitter game today",4,419140,76.11
"twitter going follow",4,419144,76.11
"twitter gonna go",4,419148,76.11
"twitter good night",4,419152,76.12
"twitter just hit",4,419156,76.12
"twitter just need",4,419160,76.12
"twitter just wanted",4,419164,76.12
"twitter look like",4,419168,76.12
"twitter really fun",4,419172,76.12
"twitter say want",4,419176,76.12
"twitter suggests follow",4,419180,76.12
"type blood type",4,419184,76.12
"type like like",4,419188,76.12
"ugh know right",4,419192,76.12
"ugh sound like",4,419196,76.12
"uh oh love",4,419200,76.12
"ultra lounge milwaukee",4,419204,76.12
"um feel like",4,419208,76.13
"um just don",4,419212,76.13
"um just saw",4,419216,76.13
"understand client campaigns",4,419220,76.13
"understand just belongs",4,419224,76.13
"unique new york",4,419228,76.13
"unique voices pledge",4,419232,76.13
"unknown jim morrison",4,419236,76.13
"unless continue remember",4,419240,76.13
"upgrade unlimited rides",4,419244,76.13
"upload nurse picture",4,419248,76.13
"ur funny ur",4,419252,76.13
"ur going ur",4,419256,76.13
"ur good ur",4,419260,76.13
"ur lucky ur",4,419264,76.14
"ur new job",4,419268,76.14
"ur searched terms",4,419272,76.14
"use hashtag win",4,419276,76.14
"use inside voice",4,419280,76.14
"use keep track",4,419284,76.14
"use nap right",4,419288,76.14
"use statistics speech",4,419292,76.14
"user group session",4,419296,76.14
"using iphone app",4,419300,76.14
"usually born great",4,419304,76.14
"valentine day celebrate",4,419308,76.14
"valentine day great",4,419312,76.14
"valentine day let",4,419316,76.14
"valentine day oh",4,419320,76.15
"valentine day remember",4,419324,76.15
"valentines day especially",4,419328,76.15
"valentines day fake",4,419332,76.15
"valentines day single",4,419336,76.15
"valentines day thank",4,419340,76.15
"vampire season finale",4,419344,76.15
"vanity license plate",4,419348,76.15
"variety spice life",4,419352,76.15
"vegas clubs chase",4,419356,76.15
"vegas moon rain",4,419360,76.15
"velvet ice cream",4,419364,76.15
"victim life control",4,419368,76.15
"victim system guess",4,419372,76.16
"victory arrives struggles",4,419376,76.16
"video made day",4,419380,76.16
"view east coast",4,419384,76.16
"vip card get",4,419388,76.16
"vitamin water commercial",4,419392,76.16
"volleyball game tonight",4,419396,76.16
"vote good luck",4,419400,76.16
"voted best place",4,419404,76.16
"voter registration forms",4,419408,76.16
"wait believe tour",4,419412,76.16
"wait dye hair",4,419416,76.16
"wait end year",4,419420,76.16
"wait feel better",4,419424,76.16
"wait give try",4,419428,76.17
"wait gonna good",4,419432,76.17
"wait gonna great",4,419436,76.17
"wait hear news",4,419440,76.17
"wait tomorrow excited",4,419444,76.17
"waiting last class",4,419448,76.17
"wake regrets love",4,419452,76.17
"wake sore throat",4,419456,76.17
"walk central park",4,419460,76.17
"walk coffee shop",4,419464,76.17
"walk house like",4,419468,76.17
"walk walk walk",4,419472,76.17
"walking last night",4,419476,76.17
"wanna get beat",4,419480,76.17
"wanna just go",4,419484,76.18
"wanna know ask",4,419488,76.18
"wanna know tell",4,419492,76.18
"wanna pop bottles",4,419496,76.18
"wanna talk right",4,419500,76.18
"want artist understand",4,419504,76.18
"want best friends",4,419508,76.18
"want fly give",4,419512,76.18
"want full roman",4,419516,76.18
"want hair grow",4,419520,76.18
"want hear best",4,419524,76.18
"want hear people",4,419528,76.18
"want hear want",4,419532,76.18
"want hot wings",4,419536,76.18
"want just bad",4,419540,76.19
"want just saying",4,419544,76.19
"want make special",4,419548,76.19
"want perfect life",4,419552,76.19
"want play football",4,419556,76.19
"want say put",4,419560,76.19
"want sit home",4,419564,76.19
"want snow day",4,419568,76.19
"want travel world",4,419572,76.19
"want twitter account",4,419576,76.19
"want wake early",4,419580,76.19
"want want crazy",4,419584,76.19
"want worst way",4,419588,76.19
"wanted say awesome",4,419592,76.2
"wants give away",4,419596,76.2
"wants go heaven",4,419600,76.2
"wants make money",4,419604,76.2
"wants somebody everybody",4,419608,76.2
"war tonight especially",4,419612,76.2
"ward house prime",4,419616,76.2
"warm san diego",4,419620,76.2
"washington dc metro",4,419624,76.2
"watch dark knight",4,419628,76.2
"watch day long",4,419632,76.2
"watch history channel",4,419636,76.2
"watch ur videos",4,419640,76.2
"watched jump street",4,419644,76.2
"watching bugs life",4,419648,76.21
"watching cabin woods",4,419652,76.21
"watching coach carter",4,419656,76.21
"watching good stuff",4,419660,76.21
"watching live kelly",4,419664,76.21
"watching mickey mouse",4,419668,76.21
"watching newest episode",4,419672,76.21
"watching nightmare christmas",4,419676,76.21
"watching nuggets game",4,419680,76.21
"watching pretty pink",4,419684,76.21
"watching red riding",4,419688,76.21
"watching sunny philadelphia",4,419692,76.21
"watching sweeney todd",4,419696,76.21
"watching travel channel",4,419700,76.21
"watching tv eating",4,419704,76.22
"water bottle time",4,419708,76.22
"way better facebook",4,419712,76.22
"way double money",4,419716,76.22
"way garbage man",4,419720,76.22
"way get copy",4,419724,76.22
"way get home",4,419728,76.22
"way get know",4,419732,76.22
"way great white",4,419736,76.22
"way let get",4,419740,76.22
"way origins martial",4,419744,76.22
"way right time",4,419748,76.22
"way tell people",4,419752,76.22
"way wrong lane",4,419756,76.22
"wear snow boots",4,419760,76.23
"wearing red today",4,419764,76.23
"weather channel app",4,419768,76.23
"web site com",4,419772,76.23
"website social media",4,419776,76.23
"wed fri sat",4,419780,76.23
"wedding ring suffering",4,419784,76.23
"wednesday double points",4,419788,76.23
"week getting excited",4,419792,76.23
"week getting old",4,419796,76.23
"week happy easter",4,419800,76.23
"week june th",4,419804,76.23
"week stop say",4,419808,76.23
"week teacher appreciation",4,419812,76.24
"week wild workouts",4,419816,76.24
"week www info",4,419820,76.24
"weekend box office",4,419824,76.24
"weekend don know",4,419828,76.24
"weekend happy monday",4,419832,76.24
"weekend hard work",4,419836,76.24
"weekend need go",4,419840,76.24
"weekend th th",4,419844,76.24
"weekend think going",4,419848,76.24
"weird lame run",4,419852,76.24
"welcome enjoy weekend",4,419856,76.24
"welcome high school",4,419860,76.24
"welcome sounds like",4,419864,76.24
"welcome twitter verse",4,419868,76.25
"went go get",4,419872,76.25
"went good luck",4,419876,76.25
"went hard paint",4,419880,76.25
"went hard tonight",4,419884,76.25
"went house party",4,419888,76.25
"went outside did",4,419892,76.25
"went run morning",4,419896,76.25
"went time today",4,419900,76.25
"west austin exciting",4,419904,76.25
"west coast game",4,419908,76.25
"western conference final",4,419912,76.25
"whats favorite state",4,419916,76.25
"whats good need",4,419920,76.25
"whats good world",4,419924,76.26
"white house easter",4,419928,76.26
"white shark piece",4,419932,76.26
"whitney houston tribute",4,419936,76.26
"whoa just saw",4,419940,76.26
"widow cry certainly",4,419944,76.26
"wild west conference",4,419948,76.26
"williams paint recycling",4,419952,76.26
"win best supporting",4,419956,76.26
"win cash prizes",4,419960,76.26
"win champions league",4,419964,76.26
"win free day",4,419968,76.26
"win game great",4,419972,76.26
"win game vs",4,419976,76.26
"win game year",4,419980,76.27
"win oz jar",4,419984,76.27
"win yrs row",4,419988,76.27
"wind way go",4,419992,76.27
"wine festival weekend",4,419996,76.27
"wings prefer crawl",4,420000,76.27
"winner gets free",4,420004,76.27
"winning charlie sheen",4,420008,76.27
"winning streak games",4,420012,76.27
"wins best new",4,420016,76.27
"winter storm watch",4,420020,76.27
"wise game fool",4,420024,76.27
"wish best year",4,420028,76.27
"wish best years",4,420032,76.28
"wish family happy",4,420036,76.28
"wish go weekend",4,420040,76.28
"wish got paid",4,420044,76.28
"wish happy healthy",4,420048,76.28
"wish luck good",4,420052,76.28
"wish luck hopefully",4,420056,76.28
"wish way good",4,420060,76.28
"wishing happiest holidays",4,420064,76.28
"wishing loved ones",4,420068,76.28
"wit rock wit",4,420072,76.28
"witness eyes don",4,420076,76.28
"wolf love afraid",4,420080,76.28
"woman knows man",4,420084,76.28
"woman run president",4,420088,76.29
"woman truly satisfied",4,420092,76.29
"women public service",4,420096,76.29
"women worry things",4,420100,76.29
"won get hopes",4,420104,76.29
"won good luck",4,420108,76.29
"won impressed technology",4,420112,76.29
"won let add",4,420116,76.29
"won long till",4,420120,76.29
"won song heart",4,420124,76.29
"won want anymore",4,420128,76.29
"won waste time",4,420132,76.29
"wonder gonna get",4,420136,76.29
"wonder understand just",4,420140,76.29
"wonderful last night",4,420144,76.3
"wondering look like",4,420148,76.3
"wont able get",4,420152,76.3
"wood like tree",4,420156,76.3
"word figure correctly",4,420160,76.3
"word nominated award",4,420164,76.3
"words food breath",4,420168,76.3
"words looking forward",4,420172,76.3
"words remain silent",4,420176,76.3
"words said forgotten",4,420180,76.3
"words taste thoughts",4,420184,76.3
"words words go",4,420188,76.3
"work come visit",4,420192,76.3
"work day did",4,420196,76.3
"work day does",4,420200,76.31
"work day done",4,420204,76.31
"work day friday",4,420208,76.31
"work day fun",4,420212,76.31
"work done people",4,420216,76.31
"work friendship slow",4,420220,76.31
"work get info",4,420224,76.31
"work guys really",4,420228,76.31
"work hard tonight",4,420232,76.31
"work makes life",4,420236,76.31
"work making money",4,420240,76.31
"work saturday morning",4,420244,76.31
"work today life",4,420248,76.31
"work today office",4,420252,76.31
"work wait till",4,420256,76.32
"work week ahead",4,420260,76.32
"work week need",4,420264,76.32
"work worth doing",4,420268,76.32
"working hard find",4,420272,76.32
"working hard help",4,420276,76.32
"working hard just",4,420280,76.32
"working last minute",4,420284,76.32
"working new design",4,420288,76.32
"working new record",4,420292,76.32
"working projects today",4,420296,76.32
"working time get",4,420300,76.32
"working updating website",4,420304,76.32
"workout last night",4,420308,76.33
"workout looking forward",4,420312,76.33
"world day day",4,420316,76.33
"world good night",4,420320,76.33
"world hip hop",4,420324,76.33
"world inside city",4,420328,76.33
"world let go",4,420332,76.33
"world make inspiring",4,420336,76.33
"world makes way",4,420340,76.33
"world rd st",4,420344,76.33
"world series just",4,420348,76.33
"world water day",4,420352,76.33
"worry things fun",4,420356,76.33
"worry things men",4,420360,76.33
"worry things women",4,420364,76.34
"worst pickup line",4,420368,76.34
"worth st hard",4,420372,76.34
"wow epic fail",4,420376,76.34
"wow guys amazing",4,420380,76.34
"wow haven forever",4,420384,76.34
"wow just lost",4,420388,76.34
"wow long ago",4,420392,76.34
"wow long day",4,420396,76.34
"wow pretty awesome",4,420400,76.34
"wow really glad",4,420404,76.34
"writing day today",4,420408,76.34
"written stories use",4,420412,76.34
"wrote book know",4,420416,76.34
"www com goes",4,420420,76.35
"www com made",4,420424,76.35
"www com super",4,420428,76.35
"www com video",4,420432,76.35
"www info watch",4,420436,76.35
"www maps kids",4,420440,76.35
"www tv channel",4,420444,76.35
"yea gonna get",4,420448,76.35
"yeah haven done",4,420452,76.35
"yeah jail just",4,420456,76.35
"yeah just found",4,420460,76.35
"yeah just getting",4,420464,76.35
"yeah know feel",4,420468,76.35
"yeah right just",4,420472,76.35
"year ago think",4,420476,76.36
"year deal worth",4,420480,76.36
"year looked like",4,420484,76.36
"year marks th",4,420488,76.36
"year merry christmas",4,420492,76.36
"year really need",4,420496,76.36
"year safe tonight",4,420500,76.36
"year twitter anniversary",4,420504,76.36
"year wait till",4,420508,76.36
"years don get",4,420512,76.36
"years good luck",4,420516,76.36
"years old day",4,420520,76.36
"years old get",4,420524,76.36
"yelling stealing baby",4,420528,76.37
"yep pretty sure",4,420532,76.37
"yes huge fan",4,420536,76.37
"yes just thinking",4,420540,76.37
"yes know weird",4,420544,76.37
"yes sir did",4,420548,76.37
"yesterday canceled check",4,420552,76.37
"yesterday day today",4,420556,76.37
"yesterday hope great",4,420560,76.37
"yesterday love hear",4,420564,76.37
"yo don want",4,420568,76.37
"yo son just",4,420572,76.37
"york stock exchange",4,420576,76.37
"youth ensemble sf",4,420580,76.37
"youth wasted young",4,420584,76.38
"yr anniversary party",4,420588,76.38
"yrs ago got",4,420592,76.38
"zoo hope make",4,420596,76.38
"actor gene honored",4,420600,76.38
"alan alan alan",4,420604,76.38
"album stop listening",4,420608,76.38
"amazing follow love",4,420612,76.38
"apart laugh laugh",4,420616,76.38
"avengers hope good",4,420620,76.38
"avenue bronx ny",4,420624,76.38
"base hit base",4,420628,76.38
"begins smile grows",4,420632,76.38
"better way make",4,420636,76.38
"big halloween party",4,420640,76.39
"big time photo",4,420644,76.39
"blog post week",4,420648,76.39
"body special present",4,420652,76.39
"body treats strange",4,420656,76.39
"book soul writing",4,420660,76.39
"boyfriend video boyfriend",4,420664,76.39
"boys don get",4,420668,76.39
"british accent shut",4,420672,76.39
"bus just hit",4,420676,76.39
"bust bust bust",4,420680,76.39
"called peanut butter",4,420684,76.39
"carries cat tail",4,420688,76.39
"carry worlds go",4,420692,76.39
"cat tail learns",4,420696,76.4
"cinnamon coffee energy",4,420700,76.4
"class don cry",4,420704,76.4
"closest thing get",4,420708,76.4
"com don forget",4,420712,76.4
"coming home good",4,420716,76.4
"coming las vegas",4,420720,76.4
"contractors chicago contractors",4,420724,76.4
"convincing world exist",4,420728,76.4
"council tony day",4,420732,76.4
"credit card interest",4,420736,76.4
"cry class don",4,420740,76.4
"cupcakes jamie loves",4,420744,76.4
"daughter work day",4,420748,76.41
"day cell phone",4,420752,76.41
"days till wedding",4,420756,76.41
"del ex del",4,420760,76.41
"delicious cold brew",4,420764,76.41
"diamonds girl best",4,420768,76.41
"different ball game",4,420772,76.41
"direction stole hearts",4,420776,76.41
"don forget real",4,420780,76.41
"don go day",4,420784,76.41
"don know messing",4,420788,76.41
"don know needs",4,420792,76.41
"don know seem",4,420796,76.41
"don mean meant",4,420800,76.41
"don tell want",4,420804,76.42
"don think run",4,420808,76.42
"don think sure",4,420812,76.42
"don want students",4,420816,76.42
"dreams illustrations book",4,420820,76.42
"early time get",4,420824,76.42
"east coast hope",4,420828,76.42
"enemies forget names",4,420832,76.42
"ex del ex",4,420836,76.42
"excited new product",4,420840,76.42
"facebook twitter work",4,420844,76.42
"fall asleep fall",4,420848,76.42
"family get better",4,420852,76.42
"fans don care",4,420856,76.42
"fastest high quality",4,420860,76.43
"favorite book read",4,420864,76.43
"feel bad dude",4,420868,76.43
"feel free like",4,420872,76.43
"field day tomorrow",4,420876,76.43
"follow get instant",4,420880,76.43
"following followers ratio",4,420884,76.43
"following good night",4,420888,76.43
"fountain knowledge just",4,420892,76.43
"fox mcdonald just",4,420896,76.43
"full time make",4,420900,76.43
"fun games till",4,420904,76.43
"games visit www",4,420908,76.43
"gave birth beautiful",4,420912,76.43
"gene honored pittsburgh",4,420916,76.44
"get away let",4,420920,76.44
"get know love",4,420924,76.44
"get paid work",4,420928,76.44
"giving away signed",4,420932,76.44
"glad hear did",4,420936,76.44
"glad like working",4,420940,76.44
"go ahead guess",4,420944,76.44
"go th th",4,420948,76.44
"going good thing",4,420952,76.44
"going might get",4,420956,76.44
"good craft beer",4,420960,76.44
"good luck kc",4,420964,76.44
"good luck step",4,420968,76.44
"got bed morning",4,420972,76.45
"got careful don",4,420976,76.45
"got friend named",4,420980,76.45
"got horse power",4,420984,76.45
"got twitter thing",4,420988,76.45
"great day started",4,420992,76.45
"great new people",4,420996,76.45
"great news got",4,421000,76.45
"guess just found",4,421004,76.45
"hair www com",4,421008,76.45
"happy election day",4,421012,76.45
"happy keep connected",4,421016,76.45
"hate people school",4,421020,76.45
"haters gone hate",4,421024,76.46
"having fun great",4,421028,76.46
"helping non profit",4,421032,76.46
"honored pittsburgh city",4,421036,76.46
"hope don feel",4,421040,76.46
"hope guys awesome",4,421044,76.46
"hope made safe",4,421048,76.46
"hope make movie",4,421052,76.46
"hopefully work soon",4,421056,76.46
"hot guy school",4,421060,76.46
"house house house",4,421064,76.46
"hurry take advantage",4,421068,76.46
"illustrations book soul",4,421072,76.46
"imagination carry worlds",4,421076,76.46
"influence public policy",4,421080,76.47
"inspiration percent thomas",4,421084,76.47
"irish happy st",4,421088,76.47
"just give shout",4,421092,76.47
"just got soaked",4,421096,76.47
"just kidding thanks",4,421100,76.47
"just let em",4,421104,76.47
"just stop take",4,421108,76.47
"just took class",4,421112,76.47
"just walked coffee",4,421116,76.47
"keep warm night",4,421120,76.47
"kids go sleep",4,421124,76.47
"ladies book club",4,421128,76.47
"laugh fall apart",4,421132,76.47
"lauren lauren lauren",4,421136,76.48
"lazy sunday afternoon",4,421140,76.48
"league hockey game",4,421144,76.48
"learning twitter thing",4,421148,76.48
"learns learn way",4,421152,76.48
"let know missing",4,421156,76.48
"lets get trend",4,421160,76.48
"life think just",4,421164,76.48
"like like go",4,421168,76.48
"like nonsense brain",4,421172,76.48
"little pony project",4,421176,76.48
"living room kitchen",4,421180,76.48
"look like george",4,421184,76.48
"looking like year",4,421188,76.48
"looks like jon",4,421192,76.49
"los angeles august",4,421196,76.49
"lose energy norman",4,421200,76.49
"louder gets credit",4,421204,76.49
"love just wanted",4,421208,76.49
"love miss love",4,421212,76.49
"loves cupcakes jamie",4,421216,76.49
"make day just",4,421220,76.49
"make sure last",4,421224,76.49
"man appreciate support",4,421228,76.49
"man carries cat",4,421232,76.49
"man falls love",4,421236,76.49
"mind treats new",4,421240,76.49
"mobile learning devices",4,421244,76.5
"move like move",4,421248,76.5
"move move like",4,421252,76.5
"need make own",4,421256,76.5
"need really need",4,421260,76.5
"new favorite people",4,421264,76.5
"new idea way",4,421268,76.5
"new library card",4,421272,76.5
"new twitter follower",4,421276,76.5
"new year big",4,421280,76.5
"nfl players union",4,421284,76.5
"nice spending time",4,421288,76.5
"night maybe just",4,421292,76.5
"night way go",4,421296,76.5
"nonsense brain cells",4,421300,76.51
"number customer service",4,421304,76.51
"oh merry christmas",4,421308,76.51
"oh say don",4,421312,76.51
"ok ill check",4,421316,76.51
"onions green peppers",4,421320,76.51
"peeps let know",4,421324,76.51
"people like need",4,421328,76.51
"percent thomas edison",4,421332,76.51
"pittsburgh city council",4,421336,76.51
"place rd place",4,421340,76.51
"playoff hockey tonight",4,421344,76.51
"pony project signing",4,421348,76.51
"post super bowl",4,421352,76.51
"project signing event",4,421356,76.52
"promote visual individual",4,421360,76.52
"rangers lets go",4,421364,76.52
"read new blog",4,421368,76.52
"really late night",4,421372,76.52
"really think good",4,421376,76.52
"remember elementary school",4,421380,76.52
"rest day like",4,421384,76.52
"rest fall place",4,421388,76.52
"right getting closer",4,421392,76.52
"right probably best",4,421396,76.52
"riot online website",4,421400,76.52
"say wisconsin said",4,421404,76.52
"saying bad just",4,421408,76.52
"says louder gets",4,421412,76.53
"scene study class",4,421416,76.53
"seeing good luck",4,421420,76.53
"seems bit excessive",4,421424,76.53
"sir look forward",4,421428,76.53
"small business development",4,421432,76.53
"song www com",4,421436,76.53
"sophisticated ignorance write",4,421440,76.53
"speak spanish english",4,421444,76.53
"special present moment",4,421448,76.53
"starbucks cinnamon coffee",4,421452,76.53
"start day let",4,421456,76.53
"start new diet",4,421460,76.53
"steve steve steve",4,421464,76.54
"stick day job",4,421468,76.54
"striking get way",4,421472,76.54
"sure catch live",4,421476,76.54
"tail learns learn",4,421480,76.54
"take control own",4,421484,76.54
"team members looking",4,421488,76.54
"th academy awards",4,421492,76.54
"th birthday great",4,421496,76.54
"th th st",4,421500,76.54
"thanks tweet appreciate",4,421504,76.54
"things names proverb",4,421508,76.54
"think get time",4,421512,76.54
"tickets game tonight",4,421516,76.54
"tim burton exhibit",4,421520,76.55
"time turn lights",4,421524,76.55
"titans gym cleveland",4,421528,76.55
"today get great",4,421532,76.55
"today rainy day",4,421536,76.55
"treats new idea",4,421540,76.55
"treats strange protein",4,421544,76.55
"trip spring break",4,421548,76.55
"trying teach myself",4,421552,76.55
"turf vote turf",4,421556,76.55
"tweet inside tweet",4,421560,76.55
"twitter just twitter",4,421564,76.55
"vip tickets tampa",4,421568,76.55
"wa travel team",4,421572,76.55
"wait album come",4,421576,76.56
"wait game start",4,421580,76.56
"wait gonna awesome",4,421584,76.56
"waking sound rain",4,421588,76.56
"walls instead bridges",4,421592,76.56
"want come bad",4,421596,76.56
"want give money",4,421600,76.56
"want reach goal",4,421604,76.56
"want take picture",4,421608,76.56
"want wake morning",4,421612,76.56
"way www com",4,421616,76.56
"white boy go",4,421620,76.56
"wine ice cream",4,421624,76.56
"wisdom things names",4,421628,76.56
"wonderful looking forward",4,421632,76.57
"words just don",4,421636,76.57
"words trust actions",4,421640,76.57
"work today thanks",4,421644,76.57
"world change world",4,421648,76.57
"wow last time",4,421652,76.57
"yell carry bill",4,421656,76.57
"yes nice meet",4,421660,76.57
"aaron davis title",3,421663,76.57
"aaron playing favorite",3,421666,76.57
"aaron tv version",3,421669,76.57
"abc denial tapes",3,421672,76.57
"abc giving child",3,421675,76.57
"abc world news",3,421678,76.57
"ability means eliminate",3,421681,76.57
"ability start scott",3,421684,76.58
"able come last",3,421687,76.58
"able come today",3,421690,76.58
"able drag drop",3,421693,76.58
"able find right",3,421696,76.58
"able get better",3,421699,76.58
"able get come",3,421702,76.58
"able get good",3,421705,76.58
"able get hold",3,421708,76.58
"able get rid",3,421711,76.58
"able get site",3,421714,76.58
"able get ticket",3,421717,76.58
"able lift arms",3,421720,76.58
"able man able",3,421723,76.58
"able point right",3,421726,76.58
"able read unable",3,421729,76.58
"able say happy",3,421732,76.58
"able say want",3,421735,76.58
"able spread message",3,421738,76.58
"able tell mind",3,421741,76.59
"absence judgment important",3,421744,76.59
"absence make difference",3,421747,76.59
"absence won make",3,421750,76.59
"absolute favorite people",3,421753,76.59
"absolutely contact info",3,421756,76.59
"absolutely good ann",3,421759,76.59
"absolutely gorgeous outside",3,421762,76.59
"absolutely love doing",3,421765,76.59
"absolutely love going",3,421768,76.59
"absolutely love job",3,421771,76.59
"absolutely love like",3,421774,76.59
"absolutely love video",3,421777,76.59
"absolutely love voice",3,421780,76.59
"absolutely perfect day",3,421783,76.59
"absurd hope albert",3,421786,76.59
"abundance appears anthony",3,421789,76.59
"academic support link",3,421792,76.59
"academy awards oscar",3,421795,76.6
"accent sounds like",3,421798,76.6
"accept disappointment must",3,421801,76.6
"accept fact people",3,421804,76.6
"accept skype request",3,421807,76.6
"accepting applications season",3,421810,76.6
"accepting nominees native",3,421813,76.6
"access costs step",3,421816,76.6
"access games enjoy",3,421819,76.6
"access virtual conference",3,421822,76.6
"accessible people low",3,421825,76.6
"accident injuries cottage",3,421828,76.6
"accident last night",3,421831,76.6
"accident last week",3,421834,76.6
"accidentally fell asleep",3,421837,76.6
"accomplish anything set",3,421840,76.6
"according league source",3,421843,76.6
"according men minutes",3,421846,76.6
"according social media",3,421849,76.6
"account finally found",3,421852,76.61
"account last night",3,421855,76.61
"account looks like",3,421858,76.61
"ace high won",3,421861,76.61
"achieve best body",3,421864,76.61
"achieve brian tracy",3,421867,76.61
"achieve care gets",3,421870,76.61
"achieve need similar",3,421873,76.61
"achieved swift course",3,421876,76.61
"achievements organization results",3,421879,76.61
"acoustic set got",3,421882,76.61
"acquired age albert",3,421885,76.61
"act enjoy stay",3,421888,76.61
"act kindness day",3,421891,76.61
"act kindness today",3,421894,76.61
"act making tackle",3,421897,76.61
"acting class tomorrow",3,421900,76.61
"acting gm chad",3,421903,76.61
"acting like adults",3,421906,76.62
"acting like care",3,421909,76.62
"acting like good",3,421912,76.62
"acting like happened",3,421915,76.62
"acting like kids",3,421918,76.62
"acting like people",3,421921,76.62
"acting like teenagers",3,421924,76.62
"acting like won",3,421927,76.62
"acting like wrong",3,421930,76.62
"acting post questions",3,421933,76.62
"action going tonight",3,421936,76.62
"action posted far",3,421939,76.62
"action william shakespeare",3,421942,76.62
"actions past change",3,421945,76.62
"active account follow",3,421948,76.62
"active campaigning gop",3,421951,76.62
"active free vip",3,421954,76.62
"activities beautiful plants",3,421957,76.62
"activity takes place",3,421960,76.63
"actor best actress",3,421963,76.63
"actors equity association",3,421966,76.63
"actress model looking",3,421969,76.63
"actually bad idea",3,421972,76.63
"actually blue know",3,421975,76.63
"actually created keep",3,421978,76.63
"actually doing homework",3,421981,76.63
"actually enjoy doing",3,421984,76.63
"actually feel love",3,421987,76.63
"actually feel really",3,421990,76.63
"actually feel sorry",3,421993,76.63
"actually fell asleep",3,421996,76.63
"actually getting done",3,421999,76.63
"actually getting paid",3,422002,76.63
"actually getting ready",3,422005,76.63
"actually go bed",3,422008,76.63
"actually go look",3,422011,76.63
"actually kind interesting",3,422014,76.63
"actually laugh loud",3,422017,76.64
"actually looks good",3,422020,76.64
"actually made feel",3,422023,76.64
"actually made good",3,422026,76.64
"actually make effort",3,422029,76.64
"actually makes feel",3,422032,76.64
"actually makes look",3,422035,76.64
"actually quite funny",3,422038,76.64
"actually reads tweets",3,422041,76.64
"actually sent email",3,422044,76.64
"actually take bite",3,422047,76.64
"actually talk people",3,422050,76.64
"actually taste like",3,422053,76.64
"actually tastes like",3,422056,76.64
"actually used today",3,422059,76.64
"ad probably quite",3,422062,76.64
"adam boys age",3,422065,76.64
"adam florida new",3,422068,76.64
"adam jones run",3,422071,76.65
"adapt world himself",3,422074,76.65
"add amazing role",3,422077,76.65
"add contact list",3,422080,76.65
"add end sentence",3,422083,76.65
"add free shot",3,422086,76.65
"add guest list",3,422089,76.65
"add liquid beer",3,422092,76.65
"add location tweets",3,422095,76.65
"add looking forward",3,422098,76.65
"add mailing list",3,422101,76.65
"add massage therapy",3,422104,76.65
"add new page",3,422107,76.65
"add new stuff",3,422110,76.65
"added fantasy baseball",3,422113,76.65
"added march th",3,422116,76.65
"added new blog",3,422119,76.65
"addicted tiny tower",3,422122,76.65
"adding agency database",3,422125,76.66
"adding new member",3,422128,76.66
"address happy send",3,422131,76.66
"address let know",3,422134,76.66
"address love send",3,422137,76.66
"address put mail",3,422140,76.66
"address sherman way",3,422143,76.66
"addresses own address",3,422146,76.66
"adds balance steps",3,422149,76.66
"admission admission admission",3,422152,76.66
"admission free music",3,422155,76.66
"admit accepted fact",3,422158,76.66
"admit fell love",3,422161,76.66
"admit having taken",3,422164,76.66
"admit own mistakes",3,422167,76.66
"admit quickly get",3,422170,76.66
"adopted adoption event",3,422173,76.66
"adults asking kids",3,422176,76.66
"advance championship game",3,422179,76.66
"advance go sale",3,422182,76.67
"advanced people actually",3,422185,76.67
"advantage working home",3,422188,76.67
"adventure www com",3,422191,76.67
"adventures streets taco",3,422194,76.67
"advertising clients services",3,422197,76.67
"advertising rush limbaugh",3,422200,76.67
"advertising social media",3,422203,76.67
"advertising support rush",3,422206,76.67
"advice just keep",3,422209,76.67
"advice let know",3,422212,76.67
"advice mom given",3,422215,76.67
"affair man smart",3,422218,76.67
"affect baby iron",3,422221,76.67
"affection give infection",3,422224,76.67
"afford don mean",3,422227,76.67
"afford give away",3,422230,76.67
"affordable way make",3,422233,76.67
"afghanistan trip sign",3,422236,76.68
"afraid ask questions",3,422239,76.68
"afraid hard work",3,422242,76.68
"afraid lose gave",3,422245,76.68
"afraid say hi",3,422248,76.68
"afraid take big",3,422251,76.68
"afraid taking chances",3,422254,76.68
"afraid wise foolish",3,422257,76.68
"afternoon dance party",3,422260,76.68
"afternoon kiss fm",3,422263,76.68
"afternoon pm pm",3,422266,76.68
"afternoon private party",3,422269,76.68
"afternoon trying make",3,422272,76.68
"age albert einstein",3,422275,76.68
"age athletes disabilities",3,422278,76.68
"age average female",3,422281,76.68
"age body soul",3,422284,76.68
"age choose cereal",3,422287,76.68
"age clock young",3,422290,76.69
"age coloring book",3,422293,76.69
"age comes wisdom",3,422296,76.69
"age especially take",3,422299,76.69
"age extremely little",3,422302,76.69
"age man responsible",3,422305,76.69
"age old debate",3,422308,76.69
"age shoe size",3,422311,76.69
"age simply loss",3,422314,76.69
"age social media",3,422317,76.69
"aged white guy",3,422320,76.69
"agency san francisco",3,422323,76.69
"agents sign deals",3,422326,76.69
"aging skin care",3,422329,76.69
"ago don think",3,422332,76.69
"ago fell love",3,422335,76.69
"ago good luck",3,422338,76.69
"ago good stuff",3,422341,76.69
"ago just came",3,422344,76.69
"ago make day",3,422347,76.7
"ago second best",3,422350,76.7
"agree best part",3,422353,76.7
"agree disagree move",3,422356,76.7
"agree don know",3,422359,76.7
"agree don really",3,422362,76.7
"agree huge fan",3,422365,76.7
"agree just saw",3,422368,76.7
"agree just think",3,422371,76.7
"agree looking forward",3,422374,76.7
"agree love song",3,422377,76.7
"agreed big time",3,422380,76.7
"agreed feel like",3,422383,76.7
"agreed good times",3,422386,76.7
"agreed great job",3,422389,76.7
"agreed think best",3,422392,76.7
"agreed think need",3,422395,76.7
"agriculture stocks today",3,422398,76.7
"ah excited tomorrow",3,422401,76.71
"ah feels good",3,422404,76.71
"ah good day",3,422407,76.71
"ah little things",3,422410,76.71
"ah man want",3,422413,76.71
"ah ok thought",3,422416,76.71
"ah san diego",3,422419,76.71
"ah wait hear",3,422422,76.71
"ah wait till",3,422425,76.71
"ahead ask coming",3,422428,76.71
"ahead cause bout",3,422431,76.71
"ahead cause thinking",3,422434,76.71
"ahead future ann",3,422437,76.71
"ahead looking forward",3,422440,76.71
"ahead motivate john",3,422443,76.71
"ahead stay tuned",3,422446,76.71
"aid acid test",3,422449,76.71
"aid effort interview",3,422452,76.71
"aim heaven get",3,422455,76.72
"aim high hope",3,422458,76.72
"aim hit time",3,422461,76.72
"aim make money",3,422464,76.72
"air chips inside",3,422467,76.72
"air go com",3,422470,76.72
"air national guard",3,422473,76.72
"air www com",3,422476,76.72
"airlines center party",3,422479,76.72
"airport go home",3,422482,76.72
"airport people watching",3,422485,76.72
"airport plenty time",3,422488,76.72
"al ga tn",3,422491,76.72
"al gore alive",3,422494,76.72
"al pastor taco",3,422497,76.72
"al week long",3,422500,76.72
"alarm going outside",3,422503,76.72
"alarm teacher okay",3,422506,76.72
"alas certain age",3,422509,76.72
"alaska california connecticut",3,422512,76.73
"album coming fall",3,422515,76.73
"album itunes love",3,422518,76.73
"album just listened",3,422521,76.73
"album later year",3,422524,76.73
"album let know",3,422527,76.73
"album nice work",3,422530,76.73
"album port morrow",3,422533,76.73
"album take care",3,422536,76.73
"album today go",3,422539,76.73
"albuquerque hottest hip",3,422542,76.73
"alcohol cause solution",3,422545,76.73
"alcohol rich women",3,422548,76.73
"alcoholic drink fantastic",3,422551,76.73
"ale house tonight",3,422554,76.73
"alert head injuries",3,422557,76.73
"alert john use",3,422560,76.73
"alert lanes blocked",3,422563,76.73
"alert miles backup",3,422566,76.74
"alex going go",3,422569,76.74
"alex long beach",3,422572,76.74
"alex loves jack",3,422575,76.74
"alex wilson band",3,422578,76.74
"alice cooper earlier",3,422581,76.74
"alive hit button",3,422584,76.74
"alive last night",3,422587,76.74
"alive particular greatly",3,422590,76.74
"allegedly offered pay",3,422593,76.74
"allegedly year old",3,422596,76.74
"allergies driving crazy",3,422599,76.74
"allergies food allergies",3,422602,76.74
"allergies go away",3,422605,76.74
"allergy awareness month",3,422608,76.74
"alley boy performing",3,422611,76.74
"allow priority allowing",3,422614,76.74
"allowed achieve success",3,422617,76.74
"allowed pick team",3,422620,76.74
"almond dark chocolate",3,422623,76.75
"alone finishes joseph",3,422626,76.75
"alone hotel room",3,422629,76.75
"alone just feel",3,422632,76.75
"alone just want",3,422635,76.75
"alright just trying",3,422638,76.75
"alright let got",3,422641,76.75
"alright looks like",3,422644,76.75
"alter course history",3,422647,76.75
"alter decisions today",3,422650,76.75
"alternative spring break",3,422653,76.75
"alumni join startup",3,422656,76.75
"amazing amazing love",3,422659,76.75
"amazing amazing voice",3,422662,76.75
"amazing beautiful funny",3,422665,76.75
"amazing beautiful perfect",3,422668,76.75
"amazing blog bullying",3,422671,76.75
"amazing changes outlook",3,422674,76.75
"amazing concert last",3,422677,76.76
"amazing day family",3,422680,76.76
"amazing day far",3,422683,76.76
"amazing day go",3,422686,76.76
"amazing dinner tonight",3,422689,76.76
"amazing don let",3,422692,76.76
"amazing drink specials",3,422695,76.76
"amazing dudes take",3,422698,76.76
"amazing feeling love",3,422701,76.76
"amazing food great",3,422704,76.76
"amazing friends love",3,422707,76.76
"amazing girl world",3,422710,76.76
"amazing glad got",3,422713,76.76
"amazing good day",3,422716,76.76
"amazing graphic designer",3,422719,76.76
"amazing guy amazing",3,422722,76.76
"amazing guy birthday",3,422725,76.76
"amazing guy like",3,422728,76.76
"amazing hide just",3,422731,76.77
"amazing hope guys",3,422734,76.77
"amazing like best",3,422737,76.77
"amazing love come",3,422740,76.77
"amazing love hope",3,422743,76.77
"amazing loved loved",3,422746,76.77
"amazing make happen",3,422749,76.77
"amazing make world",3,422752,76.77
"amazing man know",3,422755,76.77
"amazing music creator",3,422758,76.77
"amazing music just",3,422761,76.77
"amazing music video",3,422764,76.77
"amazing new friends",3,422767,76.77
"amazing new song",3,422770,76.77
"amazing news coming",3,422773,76.77
"amazing pure perfection",3,422776,76.77
"amazing really need",3,422779,76.77
"amazing really really",3,422782,76.77
"amazing season finale",3,422785,76.77
"amazing shes worth",3,422788,76.78
"amazing singer actress",3,422791,76.78
"amazing singer amazing",3,422794,76.78
"amazing sister love",3,422797,76.78
"amazing song change",3,422800,76.78
"amazing stay tuned",3,422803,76.78
"amazing think going",3,422806,76.78
"amazing tonight thanks",3,422809,76.78
"amazing way better",3,422812,76.78
"amazing week great",3,422815,76.78
"amazing woman love",3,422818,76.78
"amazing woman thank",3,422821,76.78
"amazing year happy",3,422824,76.78
"amazon best sellers",3,422827,76.78
"amazon cloud player",3,422830,76.78
"amazon free prime",3,422833,76.78
"amazon instant video",3,422836,76.78
"amazon kindle camp",3,422839,76.78
"amazon prime free",3,422842,76.79
"amazon web services",3,422845,76.79
"ambassador training program",3,422848,76.79
"ambition bird wings",3,422851,76.79
"amen good morning",3,422854,76.79
"america chris evans",3,422857,76.79
"america looking forward",3,422860,76.79
"america test kitchen",3,422863,76.79
"americans food stamps",3,422866,76.79
"amount views youtube",3,422869,76.79
"amy answers live",3,422872,76.79
"anaheim town square",3,422875,76.79
"analyst month contract",3,422878,76.79
"analyst tim says",3,422881,76.79
"analyze social media",3,422884,76.79
"anchor bar tampa",3,422887,76.79
"anchor need feel",3,422890,76.79
"andre miller looks",3,422893,76.79
"andre miller old",3,422896,76.8
"andrea mitchell reports",3,422899,76.8
"andrew bennett phenomenal",3,422902,76.8
"andrew looking forward",3,422905,76.8
"android coming soon",3,422908,76.8
"android market comment",3,422911,76.8
"angel hair pasta",3,422914,76.8
"angel mother abraham",3,422917,76.8
"angel sent heaven",3,422920,76.8
"angel sin just",3,422923,76.8
"angel whitney houston",3,422926,76.8
"angel yea haters",3,422929,76.8
"angeles business wire",3,422932,76.8
"angeles city college",3,422935,76.8
"angeles frank lloyd",3,422938,76.8
"angeles stay tuned",3,422941,76.8
"anger management class",3,422944,76.8
"anger management just",3,422947,76.8
"anger people learn",3,422950,76.8
"animal life meaning",3,422953,76.81
"animal part soul",3,422956,76.81
"animals leaders sunday",3,422959,76.81
"ankle playing soccer",3,422962,76.81
"ann walter wed",3,422965,76.81
"anniversary allen practice",3,422968,76.81
"anniversary duke cambridge",3,422971,76.81
"anniversary let make",3,422974,76.81
"anniversary party tonight",3,422977,76.81
"anniversary san diego",3,422980,76.81
"announce winner tomorrow",3,422983,76.81
"announced april th",3,422986,76.81
"announced stay tuned",3,422989,76.81
"announced www com",3,422992,76.81
"announcement coming today",3,422995,76.81
"announcements month stay",3,422998,76.81
"announcing vodka vodka",3,423001,76.81
"annoying makes want",3,423004,76.81
"annoying people say",3,423007,76.82
"annual chili cook",3,423010,76.82
"annual cocktails courage",3,423013,76.82
"annual conference june",3,423016,76.82
"annual conference read",3,423019,76.82
"annual general meeting",3,423022,76.82
"annual golf outing",3,423025,76.82
"annual leadership award",3,423028,76.82
"annual seminar preliminary",3,423031,76.82
"annual seminar www",3,423034,76.82
"annual wholesale event",3,423037,76.82
"answer best answer",3,423040,76.82
"answer class confidence",3,423043,76.82
"answer facebook page",3,423046,76.82
"answer nd question",3,423049,76.82
"answer visit www",3,423052,76.82
"answers live twitter",3,423055,76.82
"anthem last night",3,423058,76.82
"anthony michael hall",3,423061,76.83
"anthony wrong don",3,423064,76.83
"anti aging skin",3,423067,76.83
"anti bullying video",3,423070,76.83
"anti virus software",3,423073,76.83
"antonio thursday club",3,423076,76.83
"antonio tx travel",3,423079,76.83
"anxious tomorrow tomorrow",3,423082,76.83
"anybody believes way",3,423085,76.83
"anybody feels way",3,423088,76.83
"anybody got anything",3,423091,76.83
"anybody long time",3,423094,76.83
"anybody wanna go",3,423097,76.83
"anymore followers becomes",3,423100,76.83
"anymore need get",3,423103,76.83
"anymore old news",3,423106,76.83
"anyone answer question",3,423109,76.83
"anyone anything get",3,423112,76.83
"anyone austin area",3,423115,76.83
"anyone celebrating birthday",3,423118,76.84
"anyone coming tonight",3,423121,76.84
"anyone dallas area",3,423124,76.84
"anyone doing love",3,423127,76.84
"anyone expects excuse",3,423130,76.84
"anyone fancy giving",3,423133,76.84
"anyone feel free",3,423136,76.84
"anyone find funny",3,423139,76.84
"anyone find odd",3,423142,76.84
"anyone find weird",3,423145,76.84
"anyone following following",3,423148,76.84
"anyone getting lot",3,423151,76.84
"anyone give person",3,423154,76.84
"anyone go week",3,423157,76.84
"anyone help contact",3,423160,76.84
"anyone make sure",3,423163,76.84
"anyone music lately",3,423166,76.84
"anyone new creation",3,423169,76.84
"anyone new orleans",3,423172,76.85
"anyone new york",3,423175,76.85
"anyone ps love",3,423178,76.85
"anyone read good",3,423181,76.85
"anyone remember movie",3,423184,76.85
"anyone san diego",3,423187,76.85
"anyone special plans",3,423190,76.85
"anyone take joy",3,423193,76.85
"anyone take pictures",3,423196,76.85
"anyone thinks going",3,423199,76.85
"anyone tried using",3,423202,76.85
"anyone use da",3,423205,76.85
"anyone using iphone",3,423208,76.85
"anyone want hang",3,423211,76.85
"anyone want let",3,423214,76.85
"anyone want new",3,423217,76.85
"anyone want start",3,423220,76.85
"anyone want text",3,423223,76.85
"anyone watch game",3,423226,76.86
"anyone watch last",3,423229,76.86
"anyone watch new",3,423232,76.86
"anyone willing give",3,423235,76.86
"anyone willing share",3,423238,76.86
"anything anyone says",3,423241,76.86
"anything anyone thinks",3,423244,76.86
"anything don wanna",3,423247,76.86
"anything exceptional email",3,423250,76.86
"anything fun happening",3,423253,76.86
"anything get just",3,423256,76.86
"anything go ahead",3,423259,76.86
"anything go home",3,423262,76.86
"anything go right",3,423265,76.86
"anything hard work",3,423268,76.86
"anything interesting say",3,423271,76.86
"anything make happy",3,423274,76.86
"anything matters difference",3,423277,76.86
"anything need help",3,423280,76.86
"anything particular looking",3,423283,76.87
"anything perfect adam",3,423286,76.87
"anything physical universe",3,423289,76.87
"anything sounds like",3,423292,76.87
"anything star wars",3,423295,76.87
"anything today lou",3,423298,76.87
"anything tonight come",3,423301,76.87
"anytime ur welcome",3,423304,76.87
"anyway john wayne",3,423307,76.87
"anyway just get",3,423310,76.87
"anyway mary kay",3,423313,76.87
"anyway might able",3,423316,76.87
"anyway real word",3,423319,76.87
"anywhere hot water",3,423322,76.87
"ap entertainment news",3,423325,76.87
"ap exam today",3,423328,76.87
"ap romney wins",3,423331,76.87
"ap test morning",3,423334,76.87
"apart things fall",3,423337,76.88
"apartment homes miles",3,423340,76.88
"apologies delayed response",3,423343,76.88
"apologies don fix",3,423346,76.88
"apologies got spam",3,423349,76.88
"apologize bleeding shirt",3,423352,76.88
"apology letter factory",3,423355,76.88
"app available android",3,423358,76.88
"app chance win",3,423361,76.88
"app get shopping",3,423364,76.88
"app ipad iphone",3,423367,76.88
"app iphone shaking",3,423370,76.88
"app launching soon",3,423373,76.88
"app love hear",3,423376,76.88
"app offer promotions",3,423379,76.88
"app phone says",3,423382,76.88
"app useful www",3,423385,76.88
"apparently battery remind",3,423388,76.88
"apparently missed memo",3,423391,76.88
"appearance orientation gender",3,423394,76.89
"appears dreams person",3,423397,76.89
"apple bear sound",3,423400,76.89
"apple blackberry just",3,423403,76.89
"apple bottom jeans",3,423406,76.89
"apple ceo tim",3,423409,76.89
"apple gift card",3,423412,76.89
"apple great ideas",3,423415,76.89
"apple ipod touch",3,423418,76.89
"application learn solve",3,423421,76.89
"applications market shares",3,423424,76.89
"appreciate awesome day",3,423427,76.89
"appreciate finally arrives",3,423430,76.89
"appreciate good rug",3,423433,76.89
"appreciate letting know",3,423436,76.89
"appreciate means lot",3,423439,76.89
"appreciate small things",3,423442,76.89
"appreciate support encouragement",3,423445,76.89
"appreciate support thank",3,423448,76.9
"appreciate tell friends",3,423451,76.9
"appreciation day don",3,423454,76.9
"appreciation day saturday",3,423457,76.9
"appreciation day today",3,423460,76.9
"appreciation day tomorrow",3,423463,76.9
"appreciation great weekend",3,423466,76.9
"appreciation week teacher",3,423469,76.9
"approach problem try",3,423472,76.9
"apps rail drinks",3,423475,76.9
"april fools going",3,423478,76.9
"april got tl",3,423481,76.9
"april noon pm",3,423484,76.9
"april pm est",3,423487,76.9
"april rd day",3,423490,76.9
"april showers flowers",3,423493,76.9
"april starts pm",3,423496,76.9
"april th baltimore",3,423499,76.9
"april th bar",3,423502,76.91
"april th both",3,423505,76.91
"april th club",3,423508,76.91
"april th days",3,423511,76.91
"april th easter",3,423514,76.91
"april th event",3,423517,76.91
"april th last",3,423520,76.91
"april th looking",3,423523,76.91
"april th play",3,423526,76.91
"april th rocket",3,423529,76.91
"april www com",3,423532,76.91
"area come say",3,423535,76.91
"area ghost inside",3,423538,76.91
"area high school",3,423541,76.91
"area home garden",3,423544,76.91
"area tech writer",3,423547,76.91
"area want hear",3,423550,76.91
"area want meet",3,423553,76.91
"areas low clouds",3,423556,76.91
"areas winds west",3,423559,76.92
"argentina brazil mexico",3,423562,76.92
"argument think clever",3,423565,76.92
"argument try away",3,423568,76.92
"arkansas head coach",3,423571,76.92
"armed forces week",3,423574,76.92
"arms hurt bad",3,423577,76.92
"arms make feel",3,423580,76.92
"arms short scratch",3,423583,76.92
"army lions led",3,423586,76.92
"army navy game",3,423589,76.92
"arrested outside embassy",3,423592,76.92
"arrive early gonna",3,423595,76.92
"arrived looking forward",3,423598,76.92
"art art history",3,423601,76.92
"art beginning greater",3,423604,76.92
"art city event",3,423607,76.92
"art coming soon",3,423610,76.92
"art design night",3,423613,76.93
"art did begin",3,423616,76.93
"art filled day",3,423619,76.93
"art form itself",3,423622,76.93
"art getting people",3,423625,76.93
"art happy power",3,423628,76.93
"art history class",3,423631,76.93
"art institute chicago",3,423634,76.93
"art local artists",3,423637,76.93
"art looking trouble",3,423640,76.93
"art music culture",3,423643,76.93
"art practice surgery",3,423646,76.93
"art san diego",3,423649,76.93
"art seeing things",3,423652,76.93
"art shadow divine",3,423655,76.93
"art social justice",3,423658,76.93
"art star craft",3,423661,76.93
"art walk spring",3,423664,76.93
"art work new",3,423667,76.94
"art working art",3,423670,76.94
"article following feel",3,423673,76.94
"article just tweeted",3,423676,76.94
"article need get",3,423679,76.94
"article pilot season",3,423682,76.94
"article seems like",3,423685,76.94
"article thanks tweeting",3,423688,76.94
"artist break single",3,423691,76.94
"artist downstairs lounge",3,423694,76.94
"artist hip hop",3,423697,76.94
"artist last submissions",3,423700,76.94
"artist let know",3,423703,76.94
"artist silent film",3,423706,76.94
"artists country place",3,423709,76.94
"artists need loyal",3,423712,76.94
"artists need music",3,423715,76.94
"arts arts education",3,423718,76.94
"arts center pm",3,423721,76.94
"arts crafts photography",3,423724,76.95
"arts entertainment cultural",3,423727,76.95
"ask attorneys planning",3,423730,76.95
"ask better friends",3,423733,76.95
"ask better group",3,423736,76.95
"ask better start",3,423739,76.95
"ask better way",3,423742,76.95
"ask chris dave",3,423745,76.95
"ask couple questions",3,423748,76.95
"ask doing right",3,423751,76.95
"ask get free",3,423754,76.95
"ask going get",3,423757,76.95
"ask guide willing",3,423760,76.95
"ask hurting hard",3,423763,76.95
"ask know quality",3,423766,76.95
"ask listen song",3,423769,76.95
"ask mom go",3,423772,76.95
"ask myself did",3,423775,76.95
"ask myself everyday",3,423778,76.96
"ask people think",3,423781,76.96
"ask questions give",3,423784,76.96
"ask questions go",3,423787,76.96
"ask questions online",3,423790,76.96
"ask questions use",3,423793,76.96
"ask questions want",3,423796,76.96
"ask questions wise",3,423799,76.96
"ask serious question",3,423802,76.96
"ask social media",3,423805,76.96
"ask special rates",3,423808,76.96
"ask want prisoner",3,423811,76.96
"ask winter baseball",3,423814,76.96
"asked father daddy",3,423817,76.96
"asked gained weight",3,423820,76.96
"asked looked like",3,423823,76.96
"asking kids want",3,423826,76.96
"asks friends right",3,423829,76.96
"asks man accept",3,423832,76.97
"asks tough questions",3,423835,76.97
"asleep early last",3,423838,76.97
"asleep feel like",3,423841,76.97
"asleep hunting want",3,423844,76.97
"asleep leg called",3,423847,76.97
"asleep seven minutes",3,423850,76.97
"asleep writing paper",3,423853,76.97
"asparagus cherry tomatoes",3,423856,76.97
"assist man dying",3,423859,76.97
"associate people good",3,423862,76.97
"association new year",3,423865,76.97
"association university women",3,423868,76.97
"assuming good thing",3,423871,76.97
"assuming hearing saying",3,423874,76.97
"assured tomorrow offering",3,423877,76.97
"ate lunch outside",3,423880,76.97
"ate peanut butter",3,423883,76.97
"athletes albert einstein",3,423886,76.97
"athletes good food",3,423889,76.98
"atlanta new york",3,423892,76.98
"atlanta reunion pro",3,423895,76.98
"atlantic city tonight",3,423898,76.98
"attempt step forward",3,423901,76.98
"attempt trying trip",3,423904,76.98
"attempting watch movie",3,423907,76.98
"attend high school",3,423910,76.98
"attend let know",3,423913,76.98
"attend social media",3,423916,76.98
"attendance last week",3,423919,76.98
"attending sure stop",3,423922,76.98
"attending th annual",3,423925,76.98
"attending university years",3,423928,76.98
"attention last tweet",3,423931,76.98
"attention span minutes",3,423934,76.98
"attitude amy tan",3,423937,76.98
"attitude bring life",3,423940,76.98
"attitude makes look",3,423943,76.99
"attitude mind william",3,423946,76.99
"attitudes mind william",3,423949,76.99
"attorney lawson lamar",3,423952,76.99
"attract itself needed",3,423955,76.99
"attract new clients",3,423958,76.99
"auction hears iran",3,423961,76.99
"audio digital preservation",3,423964,76.99
"audition bad club",3,423967,76.99
"audition casting director",3,423970,76.99
"audition studio com",3,423973,76.99
"audition today time",3,423976,76.99
"auditions dance co",3,423979,76.99
"auditions went great",3,423982,76.99
"august st pm",3,423985,76.99
"austin becomes famous",3,423988,76.99
"austin changed life",3,423991,76.99
"austin come chicago",3,423994,76.99
"austin come far",3,423997,77
"austin come visit",3,424000,77
"austin concert nyc",3,424003,77
"austin follow mean",3,424006,77
"austin like evening",3,424009,77
"austin move miami",3,424012,77
"austin new music",3,424015,77
"austin new york",3,424018,77
"austin notice follow",3,424021,77
"austin smiles anna",3,424024,77
"austin texas region",3,424027,77
"austin th follower",3,424030,77
"author amy answers",3,424033,77
"author interesting biblical",3,424036,77
"author katherine ann",3,424039,77
"author social media",3,424042,77
"author success terms",3,424045,77
"autism awareness mo",3,424048,77
"auto play videos",3,424051,77
"automatically must driven",3,424054,77.01
"available digital download",3,424057,77.01
"available download itunes",3,424060,77.01
"available july city",3,424063,77.01
"available last minute",3,424066,77.01
"available online stores",3,424069,77.01
"available tonight shuttle",3,424072,77.01
"ave last night",3,424075,77.01
"ave west philly",3,424078,77.01
"ave www com",3,424081,77.01
"avengers awesome movie",3,424084,77.01
"avengers made million",3,424087,77.01
"avengers opening weekend",3,424090,77.01
"avengers premiere tonight",3,424093,77.01
"avenue state college",3,424096,77.01
"average female loses",3,424099,77.01
"average male loses",3,424102,77.01
"average person falls",3,424105,77.01
"average person spend",3,424108,77.02
"aviation technology center",3,424111,77.02
"avoid downtown possible",3,424114,77.02
"avoid late fees",3,424117,77.02
"avoid situations might",3,424120,77.02
"avoid social media",3,424123,77.02
"avoiding work today",3,424126,77.02
"aw cute like",3,424129,77.02
"aw good morning",3,424132,77.02
"aw hi thank",3,424135,77.02
"aw just read",3,424138,77.02
"aw sweet thanks",3,424141,77.02
"aw thanks boo",3,424144,77.02
"aw thanks good",3,424147,77.02
"aw thanks guys",3,424150,77.02
"aw thanks lady",3,424153,77.02
"aw thanks let",3,424156,77.02
"aw thanks like",3,424159,77.02
"aw thanks sweetie",3,424162,77.02
"awake good morning",3,424165,77.03
"awake might get",3,424168,77.03
"awake perfect sky",3,424171,77.03
"award dedication quality",3,424174,77.03
"award nomination diversity",3,424177,77.03
"awards tonight good",3,424180,77.03
"awards tonight great",3,424183,77.03
"aware time come",3,424186,77.03
"awareness month fact",3,424189,77.03
"away anytime soon",3,424192,77.03
"away awesome prizes",3,424195,77.03
"away broken look",3,424198,77.03
"away clear mind",3,424201,77.03
"away computer day",3,424204,77.03
"away day get",3,424207,77.03
"away don care",3,424210,77.03
"away don let",3,424213,77.03
"away don look",3,424216,77.03
"away don miss",3,424219,77.04
"away fall asleep",3,424222,77.04
"away good luck",3,424225,77.04
"away good thing",3,424228,77.04
"away great prizes",3,424231,77.04
"away home just",3,424234,77.04
"away last month",3,424237,77.04
"away last week",3,424240,77.04
"away let know",3,424243,77.04
"away newt gingrich",3,424246,77.04
"away people small",3,424249,77.04
"away plus radio",3,424252,77.04
"away run away",3,424255,77.04
"away taught need",3,424258,77.04
"away tickets today",3,424261,77.04
"away today age",3,424264,77.04
"away tons swag",3,424267,77.04
"away triple double",3,424270,77.04
"away week don",3,424273,77.05
"away write happy",3,424276,77.05
"awe thanks boo",3,424279,77.05
"awe thanks sorry",3,424282,77.05
"awesome big thanks",3,424285,77.05
"awesome brand new",3,424288,77.05
"awesome co workers",3,424291,77.05
"awesome comics friends",3,424294,77.05
"awesome day chicago",3,424297,77.05
"awesome day family",3,424300,77.05
"awesome day going",3,424303,77.05
"awesome day thank",3,424306,77.05
"awesome day wait",3,424309,77.05
"awesome did guys",3,424312,77.05
"awesome did like",3,424315,77.05
"awesome don get",3,424318,77.05
"awesome don worry",3,424321,77.05
"awesome dude thanks",3,424324,77.05
"awesome enjoy game",3,424327,77.05
"awesome excited get",3,424330,77.06
"awesome food great",3,424333,77.06
"awesome game last",3,424336,77.06
"awesome going make",3,424339,77.06
"awesome going start",3,424342,77.06
"awesome gonna say",3,424345,77.06
"awesome google today",3,424348,77.06
"awesome got great",3,424351,77.06
"awesome hear new",3,424354,77.06
"awesome hear thanks",3,424357,77.06
"awesome helping get",3,424360,77.06
"awesome high school",3,424363,77.06
"awesome let catch",3,424366,77.06
"awesome let get",3,424369,77.06
"awesome lot people",3,424372,77.06
"awesome love meet",3,424375,77.06
"awesome love song",3,424378,77.06
"awesome love tweets",3,424381,77.06
"awesome meeting last",3,424384,77.07
"awesome moment get",3,424387,77.07
"awesome mothers day",3,424390,77.07
"awesome movie great",3,424393,77.07
"awesome music great",3,424396,77.07
"awesome news happy",3,424399,77.07
"awesome pretend facebook",3,424402,77.07
"awesome prize pack",3,424405,77.07
"awesome really enjoyed",3,424408,77.07
"awesome really excited",3,424411,77.07
"awesome really hope",3,424414,77.07
"awesome really need",3,424417,77.07
"awesome really real",3,424420,77.07
"awesome really want",3,424423,77.07
"awesome right thanks",3,424426,77.07
"awesome song love",3,424429,77.07
"awesome sounds good",3,424432,77.07
"awesome stuff happening",3,424435,77.07
"awesome stuff thanks",3,424438,77.08
"awesome sure find",3,424441,77.08
"awesome thanks come",3,424444,77.08
"awesome thanks glad",3,424447,77.08
"awesome thanks know",3,424450,77.08
"awesome thanks listening",3,424453,77.08
"awesome thanks making",3,424456,77.08
"awesome thanks man",3,424459,77.08
"awesome thanks mention",3,424462,77.08
"awesome thanks taking",3,424465,77.08
"awesome thanks wait",3,424468,77.08
"awesome tonight great",3,424471,77.08
"awesome tonight love",3,424474,77.08
"awesome want play",3,424477,77.08
"awesome way go",3,424480,77.08
"awesome way spend",3,424483,77.08
"awesome wish lived",3,424486,77.08
"awesome wish seen",3,424489,77.08
"awesome work great",3,424492,77.08
"awesome work team",3,424495,77.09
"awesome www com",3,424498,77.09
"awesome yes love",3,424501,77.09
"awful lot lately",3,424504,77.09
"awhile seems like",3,424507,77.09
"awkward kisses heavenly",3,424510,77.09
"awkward run car",3,424513,77.09
"awkward say easy",3,424516,77.09
"aye aye perfect",3,424519,77.09
"aye people go",3,424522,77.09
"ba ba jets",3,424525,77.09
"baby boot camp",3,424528,77.09
"baby born need",3,424531,77.09
"baby come let",3,424534,77.09
"baby ear infection",3,424537,77.09
"baby feels better",3,424540,77.09
"baby get tweets",3,424543,77.09
"baby girl baby",3,424546,77.09
"baby girl hope",3,424549,77.1
"baby girl sweet",3,424552,77.1
"baby got money",3,424555,77.1
"baby got stew",3,424558,77.1
"baby let mind",3,424561,77.1
"baby like baby",3,424564,77.1
"baby like disco",3,424567,77.1
"baby lost sea",3,424570,77.1
"baby mama day",3,424573,77.1
"baby need tonight",3,424576,77.1
"baby overhead plane",3,424579,77.1
"baby shower tomorrow",3,424582,77.1
"baby shower weekend",3,424585,77.1
"baby stuck like",3,424588,77.1
"baby turns tomorrow",3,424591,77.1
"baby want car",3,424594,77.1
"baby way go",3,424597,77.1
"bachelor auction hope",3,424600,77.1
"bachelor party last",3,424603,77.11
"background looks like",3,424606,77.11
"background pass weed",3,424609,77.11
"backup mm semi",3,424612,77.11
"backwards film shark",3,424615,77.11
"backwards rapidly changing",3,424618,77.11
"backwards sounds like",3,424621,77.11
"bacon blue burgers",3,424624,77.11
"bacon french toast",3,424627,77.11
"bacon lettuce tomato",3,424630,77.11
"bad attitude like",3,424633,77.11
"bad base running",3,424636,77.11
"bad baseball game",3,424639,77.11
"bad blue green",3,424642,77.11
"bad boys gonna",3,424645,77.11
"bad day better",3,424648,77.11
"bad day far",3,424651,77.11
"bad day maybe",3,424654,77.11
"bad day really",3,424657,77.11
"bad day trying",3,424660,77.12
"bad day wish",3,424663,77.12
"bad day yesterday",3,424666,77.12
"bad days better",3,424669,77.12
"bad feel good",3,424672,77.12
"bad feel honored",3,424675,77.12
"bad fell asleep",3,424678,77.12
"bad go away",3,424681,77.12
"bad guys get",3,424684,77.12
"bad habit holding",3,424687,77.12
"bad habit letting",3,424690,77.12
"bad habit texting",3,424693,77.12
"bad high school",3,424696,77.12
"bad honey true",3,424699,77.12
"bad idea get",3,424702,77.12
"bad idea go",3,424705,77.12
"bad idea thanks",3,424708,77.12
"bad know good",3,424711,77.12
"bad let go",3,424714,77.13
"bad look forward",3,424717,77.13
"bad make feel",3,424720,77.13
"bad make happen",3,424723,77.13
"bad news don",3,424726,77.13
"bad news girl",3,424729,77.13
"bad news going",3,424732,77.13
"bad news people",3,424735,77.13
"bad news red",3,424738,77.13
"bad night bad",3,424741,77.13
"bad night just",3,424744,77.13
"bad part internet",3,424747,77.13
"bad person just",3,424750,77.13
"bad plenty luck",3,424753,77.13
"bad really like",3,424756,77.13
"bad red bone",3,424759,77.13
"bad relationship break",3,424762,77.13
"bad say thing",3,424765,77.13
"bad stuff spam",3,424768,77.14
"bad taste music",3,424771,77.14
"bad thing happen",3,424774,77.14
"bad thing people",3,424777,77.14
"bad thing think",3,424780,77.14
"bad think bad",3,424783,77.14
"bad thought good",3,424786,77.14
"bad want want",3,424789,77.14
"badgers don need",3,424792,77.14
"badgers russell wilson",3,424795,77.14
"bag chance enter",3,424798,77.14
"bag last night",3,424801,77.14
"bag let party",3,424804,77.14
"bag tell strong",3,424807,77.14
"bags don know",3,424810,77.14
"bake chocolate chip",3,424813,77.14
"baked smoked spinach",3,424816,77.14
"baked sweet potato",3,424819,77.14
"baker cause got",3,424822,77.14
"baking follow directions",3,424825,77.15
"balance work family",3,424828,77.15
"balanced told kind",3,424831,77.15
"bald head beer",3,424834,77.15
"ball hard ankle",3,424837,77.15
"ball hit hard",3,424840,77.15
"ball tomorrow night",3,424843,77.15
"balloon museum just",3,424846,77.15
"ballot mail recently",3,424849,77.15
"baltimore airport hotel",3,424852,77.15
"baltimore city schools",3,424855,77.15
"baltimore last night",3,424858,77.15
"baltimore looking forward",3,424861,77.15
"baltimore new york",3,424864,77.15
"baltimore ravens lb",3,424867,77.15
"baltimore scholarship program",3,424870,77.15
"ban cell phones",3,424873,77.15
"ban college football",3,424876,77.15
"banana chocolate chip",3,424879,77.16
"banana french toast",3,424882,77.16
"banana pudding shake",3,424885,77.16
"band aid wound",3,424888,77.16
"band called awesome",3,424891,77.16
"band just got",3,424894,77.16
"band link facebook",3,424897,77.16
"band little pieces",3,424900,77.16
"band low hanging",3,424903,77.16
"band play oh",3,424906,77.16
"band play tonight",3,424909,77.16
"band playing right",3,424912,77.16
"band playing rock",3,424915,77.16
"band sounds like",3,424918,77.16
"band stay tuned",3,424921,77.16
"band twitter account",3,424924,77.16
"bands start pm",3,424927,77.16
"bands tell think",3,424930,77.16
"bang drums day",3,424933,77.17
"bang piece furniture",3,424936,77.17
"bank atlantic center",3,424939,77.17
"bank credit card",3,424942,77.17
"bank levy small",3,424945,77.17
"bank proud sponsor",3,424948,77.17
"bankruptcy estate planning",3,424951,77.17
"banks credit unions",3,424954,77.17
"bar doors open",3,424957,77.17
"bar east superior",3,424960,77.17
"bar feature wanna",3,424963,77.17
"bar feel like",3,424966,77.17
"bar kitchen equipment",3,424969,77.17
"bar north park",3,424972,77.17
"bar opens pm",3,424975,77.17
"baron davis career",3,424978,77.17
"baron davis might",3,424981,77.17
"base camp free",3,424984,77.17
"base dj rock",3,424987,77.17
"baseball let go",3,424990,77.18
"baseball tell stare",3,424993,77.18
"baseball www com",3,424996,77.18
"based foundation built",3,424999,77.18
"based strategy game",3,425002,77.18
"based study crush",3,425005,77.18
"basketball player earth",3,425008,77.18
"basketball player good",3,425011,77.18
"basketball player year",3,425014,77.18
"basketball stay tuned",3,425017,77.18
"basketball wives girl",3,425020,77.18
"basketball wives season",3,425023,77.18
"bass wind fall",3,425026,77.18
"batch chocolate chip",3,425029,77.18
"bath body products",3,425032,77.18
"battle bands contest",3,425035,77.18
"battle bands venue",3,425038,77.18
"battle love war",3,425041,77.18
"bay area last",3,425044,77.19
"bay area weekend",3,425047,77.19
"bay circuit trail",3,425050,77.19
"bay high school",3,425053,77.19
"bay packers football",3,425056,77.19
"bay packers go",3,425059,77.19
"bay san francisco",3,425062,77.19
"bbq helen powers",3,425065,77.19
"bc don care",3,425068,77.19
"bc don like",3,425071,77.19
"bc don want",3,425074,77.19
"bc life short",3,425077,77.19
"beach blvd flea",3,425080,77.19
"beach hope fun",3,425083,77.19
"beach just sand",3,425086,77.19
"beach let go",3,425089,77.19
"beach lets get",3,425092,77.19
"beach santa monica",3,425095,77.19
"beach today come",3,425098,77.19
"beans lettuce tomato",3,425101,77.2
"beans magical fruit",3,425104,77.2
"bear filled cinnamon",3,425107,77.2
"bear republic ipa",3,425110,77.2
"bear sound great",3,425113,77.2
"bearing image cathedral",3,425116,77.2
"beat high school",3,425119,77.2
"beat just like",3,425122,77.2
"beat little kids",3,425125,77.2
"beat mom tire",3,425128,77.2
"beat sure beat",3,425131,77.2
"beat tour town",3,425134,77.2
"beat video game",3,425137,77.2
"beating year old",3,425140,77.2
"beats produce music",3,425143,77.2
"beats soul art",3,425146,77.2
"beats studio time",3,425149,77.2
"beautiful away heart",3,425152,77.2
"beautiful chilly morning",3,425155,77.21
"beautiful doubt ralph",3,425158,77.21
"beautiful fall weekend",3,425161,77.21
"beautiful form love",3,425164,77.21
"beautiful friday afternoon",3,425167,77.21
"beautiful friday night",3,425170,77.21
"beautiful great day",3,425173,77.21
"beautiful great job",3,425176,77.21
"beautiful just looking",3,425179,77.21
"beautiful leaves just",3,425182,77.21
"beautiful life beautiful",3,425185,77.21
"beautiful likes heart",3,425188,77.21
"beautiful means don",3,425191,77.21
"beautiful mother love",3,425194,77.21
"beautiful outside love",3,425197,77.21
"beautiful outside think",3,425200,77.21
"beautiful person hope",3,425203,77.21
"beautiful person inside",3,425206,77.21
"beautiful person tv",3,425209,77.22
"beautiful place go",3,425212,77.22
"beautiful spring morning",3,425215,77.22
"beautiful sunny morning",3,425218,77.22
"beautiful text make",3,425221,77.22
"beautiful thank following",3,425224,77.22
"beautiful things make",3,425227,77.22
"beautiful vision ideal",3,425230,77.22
"beautiful wanna go",3,425233,77.22
"beautiful way don",3,425236,77.22
"beautiful weekend ahead",3,425239,77.22
"beautiful whitney houston",3,425242,77.22
"beauty greater recommendation",3,425245,77.22
"become architect future",3,425248,77.22
"become best capable",3,425251,77.22
"become fan www",3,425254,77.22
"become habits habits",3,425257,77.22
"become hollow sound",3,425260,77.22
"become increasingly difficult",3,425263,77.22
"become lighter new",3,425266,77.23
"become new favorite",3,425269,77.23
"become obvious technology",3,425272,77.23
"become person success",3,425275,77.23
"become person value",3,425278,77.23
"become reality magic",3,425281,77.23
"becomes martin luther",3,425284,77.23
"becomes years parents",3,425287,77.23
"becoming bad habit",3,425290,77.23
"becoming biggest fans",3,425293,77.23
"becoming full time",3,425296,77.23
"becoming huge fan",3,425299,77.23
"becoming john wooden",3,425302,77.23
"becoming thing past",3,425305,77.23
"bed bout go",3,425308,77.23
"bed comes early",3,425311,77.23
"bed don feel",3,425314,77.23
"bed easy get",3,425317,77.23
"bed get covers",3,425320,77.24
"bed go school",3,425323,77.24
"bed good morning",3,425326,77.24
"bed got morning",3,425329,77.24
"bed just got",3,425332,77.24
"bed just saying",3,425335,77.24
"bed listening rain",3,425338,77.24
"bed music twitter",3,425341,77.24
"bed reasonable time",3,425344,77.24
"bed soon al",3,425347,77.24
"bed soon good",3,425350,77.24
"bed staring ceiling",3,425353,77.24
"bed wanna go",3,425356,77.24
"bed watching game",3,425359,77.24
"bed wish good",3,425362,77.24
"bed work morning",3,425365,77.24
"bed years ago",3,425368,77.24
"bedroom sets bed",3,425371,77.24
"beer food specials",3,425374,77.25
"beer food truck",3,425377,77.25
"beer half price",3,425380,77.25
"beer just like",3,425383,77.25
"beer league softball",3,425386,77.25
"beer let know",3,425389,77.25
"beer live music",3,425392,77.25
"beer living proof",3,425395,77.25
"beer old friend",3,425398,77.25
"beer second popular",3,425401,77.25
"beer tasting beer",3,425404,77.25
"beer week beer",3,425407,77.25
"beers red bull",3,425410,77.25
"begin emotion art",3,425413,77.25
"begin end way",3,425416,77.25
"begin hard stop",3,425419,77.25
"beginning created heaven",3,425422,77.25
"beginning greater art",3,425425,77.25
"beginning industrial revolution",3,425428,77.25
"beginning march th",3,425431,77.26
"beginning new chapter",3,425434,77.26
"beginning new year",3,425437,77.26
"beginning summer skate",3,425440,77.26
"begins great works",3,425443,77.26
"beliefs turn world",3,425446,77.26
"believe actually said",3,425449,77.26
"believe actually twitter",3,425452,77.26
"believe anybody feels",3,425455,77.26
"believe believe beer",3,425458,77.26
"believe believe dreams",3,425461,77.26
"believe best pretend",3,425464,77.26
"believe come true",3,425467,77.26
"believe different things",3,425470,77.26
"believe don care",3,425473,77.26
"believe dreams breaks",3,425476,77.26
"believe finished beginning",3,425479,77.26
"believe go far",3,425482,77.26
"believe got fired",3,425485,77.27
"believe healthy capable",3,425488,77.27
"believe high school",3,425491,77.27
"believe june th",3,425494,77.27
"believe know gonna",3,425497,77.27
"believe love believe",3,425500,77.27
"believe michael mason",3,425503,77.27
"believe middle aged",3,425506,77.27
"believe nap time",3,425509,77.27
"believe need people",3,425512,77.27
"believe say like",3,425515,77.27
"believe saying actually",3,425518,77.27
"believe social media",3,425521,77.27
"believe talking work",3,425524,77.27
"believe time flies",3,425527,77.27
"believe want relationship",3,425530,77.27
"believe war women",3,425533,77.27
"believe word says",3,425536,77.27
"believed heart let",3,425539,77.28
"believes way man",3,425542,77.28
"believing believing seeing",3,425545,77.28
"bell rich jones",3,425548,77.28
"belong mother teresa",3,425551,77.28
"belong past present",3,425554,77.28
"belt beg help",3,425557,77.28
"belt rd semi",3,425560,77.28
"ben looking forward",3,425563,77.28
"ben picking courtney",3,425566,77.28
"bend put diamonds",3,425569,77.28
"bend road end",3,425572,77.28
"benefit concert soon",3,425575,77.28
"benefits social media",3,425578,77.28
"bennett phenomenal singer",3,425581,77.28
"bent martin luther",3,425584,77.28
"berkeley use tweet",3,425587,77.28
"best acceptance speech",3,425590,77.28
"best actor award",3,425593,77.28
"best actor goes",3,425596,77.29
"best actor time",3,425599,77.29
"best admit quickly",3,425602,77.29
"best album heard",3,425605,77.29
"best animated feature",3,425608,77.29
"best answer gets",3,425611,77.29
"best answer wins",3,425614,77.29
"best become best",3,425617,77.29
"best believe getting",3,425620,77.29
"best birthday weekend",3,425623,77.29
"best bruce banner",3,425626,77.29
"best bumper sticker",3,425629,77.29
"best capable becoming",3,425632,77.29
"best chance getting",3,425635,77.29
"best christmas movie",3,425638,77.29
"best city earth",3,425641,77.29
"best comfort food",3,425644,77.29
"best concert seen",3,425647,77.29
"best country nash",3,425650,77.3
"best country nashville",3,425653,77.3
"best daddy world",3,425656,77.3
"best dance club",3,425659,77.3
"best daughter world",3,425662,77.3
"best day got",3,425665,77.3
"best day happy",3,425668,77.3
"best day lives",3,425671,77.3
"best day long",3,425674,77.3
"best day possible",3,425677,77.3
"best deals poker",3,425680,77.3
"best decision today",3,425683,77.3
"best description heard",3,425686,77.3
"best don forget",3,425689,77.3
"best don know",3,425692,77.3
"best don let",3,425695,77.3
"best dressed far",3,425698,77.3
"best dressed oscars",3,425701,77.3
"best episode seen",3,425704,77.31
"best excuse heard",3,425707,77.31
"best food best",3,425710,77.31
"best food drink",3,425713,77.31
"best food drinks",3,425716,77.31
"best food trucks",3,425719,77.31
"best friends act",3,425722,77.31
"best friends come",3,425725,77.31
"best friends day",3,425728,77.31
"best friends girl",3,425731,77.31
"best friends going",3,425734,77.31
"best friends gonna",3,425737,77.31
"best friends life",3,425740,77.31
"best friends means",3,425743,77.31
"best friends ones",3,425746,77.31
"best friends twitter",3,425749,77.31
"best friends yeah",3,425752,77.31
"best get just",3,425755,77.31
"best get ready",3,425758,77.31
"best girl friend",3,425761,77.32
"best good person",3,425764,77.32
"best great day",3,425767,77.32
"best great time",3,425770,77.32
"best guy cnn",3,425773,77.32
"best guy know",3,425776,77.32
"best half time",3,425779,77.32
"best hope day",3,425782,77.32
"best ideas heard",3,425785,77.32
"best indy deals",3,425788,77.32
"best internet radio",3,425791,77.32
"best job goes",3,425794,77.32
"best junk food",3,425797,77.32
"best last years",3,425800,77.32
"best law firm",3,425803,77.32
"best let get",3,425806,77.32
"best life greatest",3,425809,77.32
"best life thank",3,425812,77.32
"best line heard",3,425815,77.33
"best live performance",3,425818,77.33
"best luck final",3,425821,77.33
"best luck getting",3,425824,77.33
"best luck just",3,425827,77.33
"best luck making",3,425830,77.33
"best luck stay",3,425833,77.33
"best make possible",3,425836,77.33
"best man speech",3,425839,77.33
"best marvel movie",3,425842,77.33
"best mood today",3,425845,77.33
"best news gotten",3,425848,77.33
"best pandora station",3,425851,77.33
"best part avengers",3,425854,77.33
"best part conference",3,425857,77.33
"best part episode",3,425860,77.33
"best part free",3,425863,77.33
"best part friday",3,425866,77.33
"best part movie",3,425869,77.33
"best part new",3,425872,77.34
"best part picture",3,425875,77.34
"best part superbowl",3,425878,77.34
"best part teaching",3,425881,77.34
"best part work",3,425884,77.34
"best parts day",3,425887,77.34
"best perfect perfect",3,425890,77.34
"best performance last",3,425893,77.34
"best person know",3,425896,77.34
"best pg game",3,425899,77.34
"best places shop",3,425902,77.34
"best play best",3,425905,77.34
"best play game",3,425908,77.34
"best play seen",3,425911,77.34
"best power forward",3,425914,77.34
"best pretend ali",3,425917,77.34
"best quote today",3,425920,77.34
"best recruiting class",3,425923,77.34
"best rock performance",3,425926,77.35
"best sale year",3,425929,77.35
"best shows television",3,425932,77.35
"best son idol",3,425935,77.35
"best songs written",3,425938,77.35
"best spending time",3,425941,77.35
"best sports bar",3,425944,77.35
"best spread word",3,425947,77.35
"best taste guys",3,425950,77.35
"best tech new",3,425953,77.35
"best thing don",3,425956,77.35
"best thing game",3,425959,77.35
"best thing give",3,425962,77.35
"best thing great",3,425965,77.35
"best thing learned",3,425968,77.35
"best thing morning",3,425971,77.35
"best thing play",3,425974,77.35
"best thing shannon",3,425977,77.35
"best thing tonight",3,425980,77.36
"best thing tweeted",3,425983,77.36
"best time check",3,425986,77.36
"best time tell",3,425989,77.36
"best time work",3,425992,77.36
"best toys best",3,425995,77.36
"best tweets love",3,425998,77.36
"best twitter avatar",3,426001,77.36
"best use twitter",3,426004,77.36
"best way access",3,426007,77.36
"best way buy",3,426010,77.36
"best way drink",3,426013,77.36
"best way fall",3,426016,77.36
"best way happiness",3,426019,77.36
"best way look",3,426022,77.36
"best way overcome",3,426025,77.36
"best way pass",3,426028,77.36
"best way relax",3,426031,77.36
"best way stop",3,426034,77.36
"best way talk",3,426037,77.37
"best way understand",3,426040,77.37
"best weight loss",3,426043,77.37
"best winner gets",3,426046,77.37
"best winning percentage",3,426049,77.37
"best wishes congratulations",3,426052,77.37
"best wishes continued",3,426055,77.37
"best wishes fun",3,426058,77.37
"best wishes holidays",3,426061,77.37
"best wishes networking",3,426064,77.37
"best wishes years",3,426067,77.37
"best work today",3,426070,77.37
"bet bottom dollar",3,426073,77.37
"bet don get",3,426076,77.37
"bet got weed",3,426079,77.37
"bet living takes",3,426082,77.37
"bet look adorable",3,426085,77.37
"bet look like",3,426088,77.37
"bet smells like",3,426091,77.38
"better act like",3,426094,77.38
"better blake griffin",3,426097,77.38
"better business founded",3,426100,77.38
"better chance finding",3,426103,77.38
"better common sense",3,426106,77.38
"better cut pizza",3,426109,77.38
"better dark knight",3,426112,77.38
"better days good",3,426115,77.38
"better delivering special",3,426118,77.38
"better don forget",3,426121,77.38
"better don make",3,426124,77.38
"better fashion sense",3,426127,77.38
"better feel surprised",3,426130,77.38
"better feeling having",3,426133,77.38
"better feet live",3,426136,77.38
"better financial reasons",3,426139,77.38
"better find new",3,426142,77.38
"better find thomas",3,426145,77.39
"better get cause",3,426148,77.39
"better get done",3,426151,77.39
"better get gear",3,426154,77.39
"better get kids",3,426157,77.39
"better get little",3,426160,77.39
"better get right",3,426163,77.39
"better get rite",3,426166,77.39
"better get suspended",3,426169,77.39
"better get tomorrow",3,426172,77.39
"better get way",3,426175,77.39
"better get worse",3,426178,77.39
"better getting work",3,426181,77.39
"better give try",3,426184,77.39
"better going home",3,426187,77.39
"better going work",3,426190,77.39
"better great deeds",3,426193,77.39
"better great writing",3,426196,77.39
"better harry potter",3,426199,77.39
"better homes gardens",3,426202,77.4
"better hurry nd",3,426205,77.4
"better job time",3,426208,77.4
"better left loved",3,426211,77.4
"better live day",3,426214,77.4
"better look good",3,426217,77.4
"better looked overlooked",3,426220,77.4
"better looking better",3,426223,77.4
"better lose count",3,426226,77.4
"better luck getting",3,426229,77.4
"better man benjamin",3,426232,77.4
"better merry christmas",3,426235,77.4
"better need come",3,426238,77.4
"better need talk",3,426241,77.4
"better new year",3,426244,77.4
"better offer excuse",3,426247,77.4
"better play like",3,426250,77.4
"better playoff hockey",3,426253,77.4
"better rainy day",3,426256,77.41
"better ready go",3,426259,77.41
"better receiving giving",3,426262,77.41
"better research fbi",3,426265,77.41
"better search engine",3,426268,77.41
"better simply walking",3,426271,77.41
"better soon need",3,426274,77.41
"better soon rest",3,426277,77.41
"better stay strong",3,426280,77.41
"better take small",3,426283,77.41
"better tell em",3,426286,77.41
"better understand people",3,426289,77.41
"better understand users",3,426292,77.41
"better way look",3,426295,77.41
"better way understand",3,426298,77.41
"better win money",3,426301,77.41
"better world better",3,426304,77.41
"betting half love",3,426307,77.41
"bicycle don think",3,426310,77.42
"bid host world",3,426313,77.42
"bid ncaa tournament",3,426316,77.42
"big arrested sunday",3,426319,77.42
"big baby davis",3,426322,77.42
"big bad bruins",3,426325,77.42
"big band music",3,426328,77.42
"big boy baseball",3,426331,77.42
"big boys fan",3,426334,77.42
"big buck hunter",3,426337,77.42
"big changes life",3,426340,77.42
"big city houston",3,426343,77.42
"big city living",3,426346,77.42
"big comedian need",3,426349,77.42
"big da pro",3,426352,77.42
"big day don",3,426355,77.42
"big day excited",3,426358,77.42
"big day good",3,426361,77.42
"big day hope",3,426364,77.42
"big day new",3,426367,77.43
"big deal big",3,426370,77.43
"big deal dude",3,426373,77.43
"big deal marriage",3,426376,77.43
"big deal right",3,426379,77.43
"big deal twitter",3,426382,77.43
"big deep breath",3,426385,77.43
"big dreams turn",3,426388,77.43
"big drink big",3,426391,77.43
"big fail banks",3,426394,77.43
"big fan chicago",3,426397,77.43
"big fan doing",3,426400,77.43
"big fan especially",3,426403,77.43
"big fan game",3,426406,77.43
"big fan get",3,426409,77.43
"big fan new",3,426412,77.43
"big fan really",3,426415,77.43
"big fan think",3,426418,77.43
"big fan twitter",3,426421,77.44
"big fan use",3,426424,77.44
"big fan way",3,426427,77.44
"big fans music",3,426430,77.44
"big happy day",3,426433,77.44
"big happy th",3,426436,77.44
"big lots fun",3,426439,77.44
"big mac big",3,426442,77.44
"big mac quarter",3,426445,77.44
"big mac sandwiches",3,426448,77.44
"big mistake huge",3,426451,77.44
"big mouth shut",3,426454,77.44
"big new coming",3,426457,77.44
"big new york",3,426460,77.44
"big party tonight",3,426463,77.44
"big picture really",3,426466,77.44
"big rangers fan",3,426469,77.44
"big right style",3,426472,77.44
"big saturday night",3,426475,77.45
"big someday actually",3,426478,77.45
"big sounds like",3,426481,77.45
"big star love",3,426484,77.45
"big super bowl",3,426487,77.45
"big thanks bill",3,426490,77.45
"big thanks doing",3,426493,77.45
"big thanks follow",3,426496,77.45
"big thanks following",3,426499,77.45
"big thanks having",3,426502,77.45
"big thanks last",3,426505,77.45
"big thanks sponsoring",3,426508,77.45
"big thanks taking",3,426511,77.45
"big thanks th",3,426514,77.45
"big things new",3,426517,77.45
"big things planned",3,426520,77.45
"big things popping",3,426523,77.45
"big things soon",3,426526,77.45
"big things today",3,426529,77.45
"big things way",3,426532,77.46
"big time college",3,426535,77.46
"big time get",3,426538,77.46
"big time happy",3,426541,77.46
"big time hope",3,426544,77.46
"big time like",3,426547,77.46
"big time today",3,426550,77.46
"big tonight pm",3,426553,77.46
"big trying get",3,426556,77.46
"big week week",3,426559,77.46
"big weekend planned",3,426562,77.46
"big weight room",3,426565,77.46
"big worries stay",3,426568,77.46
"big year ahead",3,426571,77.46
"biggest asset touring",3,426574,77.46
"biggest box office",3,426577,77.46
"biggest decision life",3,426580,77.46
"biggest dream start",3,426583,77.46
"biggest fan idea",3,426586,77.47
"biggest fan just",3,426589,77.47
"biggest heart love",3,426592,77.47
"biggest lesson learned",3,426595,77.47
"biggest mistake peter",3,426598,77.47
"biggest sale year",3,426601,77.47
"biggest wish trend",3,426604,77.47
"bike controls tv",3,426607,77.47
"bike handle bars",3,426610,77.47
"bike monster car",3,426613,77.47
"bike riding work",3,426616,77.47
"bike training wheels",3,426619,77.47
"bill freeman sd",3,426622,77.47
"bill graham civic",3,426625,77.47
"billboard jazz charts",3,426628,77.47
"billion dollar movie",3,426631,77.47
"billion dollars just",3,426634,77.47
"billion dollars later",3,426637,77.47
"bills www com",3,426640,77.47
"bills year deal",3,426643,77.48
"billy crystal hosting",3,426646,77.48
"bin laden found",3,426649,77.48
"bin laden general",3,426652,77.48
"bin laden last",3,426655,77.48
"bin laden said",3,426658,77.48
"bin laden sea",3,426661,77.48
"bin laden wives",3,426664,77.48
"bin voting day",3,426667,77.48
"biology chemistry physics",3,426670,77.48
"bird bird change",3,426673,77.48
"bird early work",3,426676,77.48
"bird gets da",3,426679,77.48
"bird good luck",3,426682,77.48
"bird hit window",3,426685,77.48
"bird just told",3,426688,77.48
"bird sing answer",3,426691,77.48
"birds don know",3,426694,77.48
"birds sang sang",3,426697,77.49
"birds sun shining",3,426700,77.49
"birds tweet tweet",3,426703,77.49
"birth certificate apology",3,426706,77.49
"birth certificate passport",3,426709,77.49
"birthday amazing guy",3,426712,77.49
"birthday amazing person",3,426715,77.49
"birthday baby brother",3,426718,77.49
"birthday bash june",3,426721,77.49
"birthday big fan",3,426724,77.49
"birthday biggest fan",3,426727,77.49
"birthday brother mother",3,426730,77.49
"birthday come celebrate",3,426733,77.49
"birthday dad hope",3,426736,77.49
"birthday days away",3,426739,77.49
"birthday days happy",3,426742,77.49
"birthday favorite player",3,426745,77.49
"birthday friend hope",3,426748,77.49
"birthday good sir",3,426751,77.5
"birthday harper lee",3,426754,77.5
"birthday hope blast",3,426757,77.5
"birthday hope enjoyed",3,426760,77.5
"birthday hope wish",3,426763,77.5
"birthday lady hope",3,426766,77.5
"birthday long lost",3,426769,77.5
"birthday love enjoy",3,426772,77.5
"birthday love great",3,426775,77.5
"birthday love life",3,426778,77.5
"birthday make best",3,426781,77.5
"birthday man hope",3,426784,77.5
"birthday miss hope",3,426787,77.5
"birthday mom today",3,426790,77.5
"birthday party going",3,426793,77.5
"birthday party good",3,426796,77.5
"birthday party happy",3,426799,77.5
"birthday party right",3,426802,77.5
"birthday party year",3,426805,77.5
"birthday school tomorrow",3,426808,77.51
"birthday shout happy",3,426811,77.51
"birthday shout thanks",3,426814,77.51
"birthday thanks making",3,426817,77.51
"birthday today know",3,426820,77.51
"birthday today let",3,426823,77.51
"birthday tweet mean",3,426826,77.51
"birthday william shakespeare",3,426829,77.51
"birthday wished happy",3,426832,77.51
"birthday wonderful friend",3,426835,77.51
"birthday wonderful husband",3,426838,77.51
"birthday wow believe",3,426841,77.51
"birthday year older",3,426844,77.51
"birthday yesterday get",3,426847,77.51
"bit better thanks",3,426850,77.51
"bit longer expected",3,426853,77.51
"bit longer fine",3,426856,77.51
"bit pay attention",3,426859,77.51
"bit seems like",3,426862,77.52
"bite eat drink",3,426865,77.52
"bite gourmet sausage",3,426868,77.52
"bite last night",3,426871,77.52
"bitter end nyc",3,426874,77.52
"bitter experience taught",3,426877,77.52
"blah blah brand",3,426880,77.52
"blah blah hear",3,426883,77.52
"blake looks like",3,426886,77.52
"blake took shot",3,426889,77.52
"blake twitter know",3,426892,77.52
"blame day life",3,426895,77.52
"blame walking away",3,426898,77.52
"blanket just plug",3,426901,77.52
"blast country music",3,426904,77.52
"blast great meet",3,426907,77.52
"blast last week",3,426910,77.52
"blast look forward",3,426913,77.52
"blast make sure",3,426916,77.53
"blast saturday night",3,426919,77.53
"blast thanks came",3,426922,77.53
"blast thanks hosting",3,426925,77.53
"blasting makes beautiful",3,426928,77.53
"blasting music loud",3,426931,77.53
"blazers acting gm",3,426934,77.53
"blend brewed morning",3,426937,77.53
"bless wonderful day",3,426940,77.53
"blessed day hope",3,426943,77.53
"blessed great people",3,426946,77.53
"blessed holiday season",3,426949,77.53
"blessed merry christmas",3,426952,77.53
"blessed season world",3,426955,77.53
"blessings coming way",3,426958,77.53
"blessings counting troubles",3,426961,77.53
"blessings grow trouble",3,426964,77.53
"blessings lose blessings",3,426967,77.53
"blessings thanks follow",3,426970,77.53
"blocked reported spam",3,426973,77.54
"blog blog com",3,426976,77.54
"blog bullying friends",3,426979,77.54
"blog forum www",3,426982,77.54
"blog great posts",3,426985,77.54
"blog help get",3,426988,77.54
"blog love hear",3,426991,77.54
"blog must read",3,426994,77.54
"blog post appreciate",3,426997,77.54
"blog post continued",3,427000,77.54
"blog post digital",3,427003,77.54
"blog post just",3,427006,77.54
"blog post later",3,427009,77.54
"blog post made",3,427012,77.54
"blog post making",3,427015,77.54
"blog post read",3,427018,77.54
"blog post sure",3,427021,77.54
"blog post tweet",3,427024,77.54
"blog post writers",3,427027,77.55
"blog post young",3,427030,77.55
"blog soon let",3,427033,77.55
"blog sounds like",3,427036,77.55
"blog year anniversary",3,427039,77.55
"blogs network march",3,427042,77.55
"blood alcohol level",3,427045,77.55
"blood caffeine system",3,427048,77.55
"blood drive pm",3,427051,77.55
"blood drive today",3,427054,77.55
"blood eyes hate",3,427057,77.55
"blood run time",3,427060,77.55
"blood saving lives",3,427063,77.55
"blood sugar high",3,427066,77.55
"bloody andrew jackson",3,427069,77.55
"bloody bloody andrew",3,427072,77.55
"bloom light hits",3,427075,77.55
"blossom springs soul",3,427078,77.55
"blowing phone just",3,427081,77.56
"blowing point lead",3,427084,77.56
"blue autism awareness",3,427087,77.56
"blue chance take",3,427090,77.56
"blue cheese salad",3,427093,77.56
"blue dark blue",3,427096,77.56
"blue green meat",3,427099,77.56
"blue know cure",3,427102,77.56
"blue looks like",3,427105,77.56
"blue moon soup",3,427108,77.56
"blue oh wait",3,427111,77.56
"blue plate special",3,427114,77.56
"blue pulling like",3,427117,77.56
"blue skies open",3,427120,77.56
"blue sky blue",3,427123,77.56
"blue sky today",3,427126,77.56
"blueberry banana nut",3,427129,77.56
"blues blues artist",3,427132,77.56
"blunt go sleep",3,427135,77.56
"bo berry biscuits",3,427138,77.57
"bo ryan basketball",3,427141,77.57
"board candidate noon",3,427144,77.57
"board ed votes",3,427147,77.57
"board game night",3,427150,77.57
"board like football",3,427153,77.57
"board looking forward",3,427156,77.57
"board member today",3,427159,77.57
"board plane home",3,427162,77.57
"boat load money",3,427165,77.57
"bob really enjoyed",3,427168,77.57
"body calls beautiful",3,427171,77.57
"body eventually consume",3,427174,77.57
"body hollywood trainer",3,427177,77.57
"body makes smile",3,427180,77.57
"body mind telling",3,427183,77.57
"body movie catch",3,427186,77.57
"body take care",3,427189,77.57
"body warmth opposite",3,427192,77.58
"body white center",3,427195,77.58
"body woman body",3,427198,77.58
"bone loss www",3,427201,77.58
"boo just got",3,427204,77.58
"boo sad story",3,427207,77.58
"book arthur scholar",3,427210,77.58
"book award winner",3,427213,77.58
"book beautiful day",3,427216,77.58
"book chalk imagination",3,427219,77.58
"book coming late",3,427222,77.58
"book coming wait",3,427225,77.58
"book cover unless",3,427228,77.58
"book day go",3,427231,77.58
"book day tomorrow",3,427234,77.58
"book don make",3,427237,77.58
"book don want",3,427240,77.58
"book game thrones",3,427243,77.58
"book get ready",3,427246,77.59
"book go bed",3,427249,77.59
"book great job",3,427252,77.59
"book great time",3,427255,77.59
"book group meeting",3,427258,77.59
"book hair appointment",3,427261,77.59
"book highly recommended",3,427264,77.59
"book historic army",3,427267,77.59
"book like did",3,427270,77.59
"book like garden",3,427273,77.59
"book must frozen",3,427276,77.59
"book must get",3,427279,77.59
"book need help",3,427282,77.59
"book new years",3,427285,77.59
"book oh wait",3,427288,77.59
"book prize draw",3,427291,77.59
"book reading class",3,427294,77.59
"book reading rainbow",3,427297,77.59
"book revelation political",3,427300,77.59
"book sale today",3,427303,77.6
"book seem put",3,427306,77.6
"book series sold",3,427309,77.6
"book shades grey",3,427312,77.6
"book today www",3,427315,77.6
"book tour parent",3,427318,77.6
"book wisdom thomas",3,427321,77.6
"booked june th",3,427324,77.6
"booking agency based",3,427327,77.6
"booking agents looking",3,427330,77.6
"books came today",3,427333,77.6
"books just go",3,427336,77.6
"books let know",3,427339,77.6
"books looking forward",3,427342,77.6
"books public domain",3,427345,77.6
"books sleepy conscience",3,427348,77.6
"books tweet learning",3,427351,77.6
"books twitter party",3,427354,77.6
"booth don miss",3,427357,77.61
"booth exhibit hall",3,427360,77.61
"booth gets free",3,427363,77.61
"booth set come",3,427366,77.61
"booth th th",3,427369,77.61
"borders diversity filmmaker",3,427372,77.61
"bored haven seen",3,427375,77.61
"bored might go",3,427378,77.61
"bored saturday night",3,427381,77.61
"bored texts busy",3,427384,77.61
"boring day school",3,427387,77.61
"boring friday night",3,427390,77.61
"boring love life",3,427393,77.61
"born brooklyn adam",3,427396,77.61
"born hearts take",3,427399,77.61
"born leap day",3,427402,77.61
"born leap year",3,427405,77.61
"born need loved",3,427408,77.61
"born raised arms",3,427411,77.61
"born raised chicago",3,427414,77.62
"born understanding needs",3,427417,77.62
"born win winner",3,427420,77.62
"borrow money parents",3,427423,77.62
"borrow money pay",3,427426,77.62
"borrow money won",3,427429,77.62
"boss just asked",3,427432,77.62
"boss just got",3,427435,77.62
"boss just told",3,427438,77.62
"boss old boss",3,427441,77.62
"boston globe book",3,427444,77.62
"boston marathon runners",3,427447,77.62
"boston restaurant week",3,427450,77.62
"both blessing curse",3,427453,77.62
"both ends floor",3,427456,77.62
"both enjoyed great",3,427459,77.62
"both essential life",3,427462,77.62
"both facebook twitter",3,427465,77.62
"both faculty students",3,427468,77.63
"both fell asleep",3,427471,77.63
"both floors open",3,427474,77.63
"both good thoughts",3,427477,77.63
"both hands need",3,427480,77.63
"both large small",3,427483,77.63
"both look gorgeous",3,427486,77.63
"both love guys",3,427489,77.63
"both male female",3,427492,77.63
"both print digital",3,427495,77.63
"both saturday sunday",3,427498,77.63
"both win eva",3,427501,77.63
"bottle clean fill",3,427504,77.63
"bottle grey goose",3,427507,77.63
"bottles bottles bottles",3,427510,77.63
"bottles open close",3,427513,77.63
"bottom don get",3,427516,77.63
"bottom lounge tonight",3,427519,77.63
"bought anyone music",3,427522,77.64
"bought came vegas",3,427525,77.64
"bought cute little",3,427528,77.64
"bought gift card",3,427531,77.64
"bought millions ticket",3,427534,77.64
"bought season tickets",3,427537,77.64
"bought ticket today",3,427540,77.64
"boulder th ward",3,427543,77.64
"bound denver facebook",3,427546,77.64
"bound happen soon",3,427549,77.64
"bound happen sooner",3,427552,77.64
"bound let go",3,427555,77.64
"boundaries divide life",3,427558,77.64
"bounty tournament sign",3,427561,77.64
"bout eat breakfast",3,427564,77.64
"bout eat dinner",3,427567,77.64
"bout eat pizza",3,427570,77.64
"bout frank ocean",3,427573,77.64
"bout get buck",3,427576,77.64
"bout get dis",3,427579,77.65
"bout get job",3,427582,77.65
"bout get nd",3,427585,77.65
"bout get shape",3,427588,77.65
"bout get twitter",3,427591,77.65
"bout go chill",3,427594,77.65
"bout go da",3,427597,77.65
"bout go finish",3,427600,77.65
"bout go fishing",3,427603,77.65
"bout go school",3,427606,77.65
"bout go yo",3,427609,77.65
"bout hungry af",3,427612,77.65
"bout just make",3,427615,77.65
"bout make sum",3,427618,77.65
"bout wash dishes",3,427621,77.65
"bout watch game",3,427624,77.65
"bowl rose bowl",3,427627,77.65
"bowl tomorrow night",3,427630,77.65
"box chicken nuggets",3,427633,77.66
"box move miami",3,427636,77.66
"box moving storage",3,427639,77.66
"box open find",3,427642,77.66
"box part segment",3,427645,77.66
"boy asked father",3,427648,77.66
"boy battling biggest",3,427651,77.66
"boy becomes years",3,427654,77.66
"boy boy get",3,427657,77.66
"boy calls cute",3,427660,77.66
"boy did hurt",3,427663,77.66
"boy don make",3,427666,77.66
"boy gang released",3,427669,77.66
"boy gave girl",3,427672,77.66
"boy gonna go",3,427675,77.66
"boy heart steal",3,427678,77.66
"boy just told",3,427681,77.66
"boy know got",3,427684,77.66
"boy lived come",3,427687,77.67
"boy nice day",3,427690,77.67
"boy years old",3,427693,77.67
"boyfriend amazing make",3,427696,77.67
"boyfriend girlfriend common",3,427699,77.67
"boyfriend just like",3,427702,77.67
"boyfriend love song",3,427705,77.67
"boyfriend minutes excited",3,427708,77.67
"boyfriend sounds hot",3,427711,77.67
"boyfriend true love",3,427714,77.67
"boyfriend video amazing",3,427717,77.67
"boys bad boys",3,427720,77.67
"boys changed life",3,427723,77.67
"boys don like",3,427726,77.67
"boys good luck",3,427729,77.67
"boys hip hop",3,427732,77.67
"boys just got",3,427735,77.67
"boys let get",3,427738,77.67
"boys like cars",3,427741,77.67
"boys like eat",3,427744,77.68
"boys looking good",3,427747,77.68
"boys tribute mix",3,427750,77.68
"braces just decided",3,427753,77.68
"bracket looking far",3,427756,77.68
"brad pitt george",3,427759,77.68
"brain awareness month",3,427762,77.68
"brain last night",3,427765,77.68
"brain starts people",3,427768,77.68
"brain years ago",3,427771,77.68
"branch january th",3,427774,77.68
"branch wednesday march",3,427777,77.68
"brand longer tell",3,427780,77.68
"brand managers brand",3,427783,77.68
"brand new beautiful",3,427786,77.68
"brand new blog",3,427789,77.68
"brand new come",3,427792,77.68
"brand new computer",3,427795,77.68
"brand new flavor",3,427798,77.69
"brand new iphone",3,427801,77.69
"brand new kitchen",3,427804,77.69
"brand new life",3,427807,77.69
"brand new phone",3,427810,77.69
"brand new red",3,427813,77.69
"brand new shiny",3,427816,77.69
"brand new site",3,427819,77.69
"brand new summer",3,427822,77.69
"brand new tune",3,427825,77.69
"brand new www",3,427828,77.69
"brand unique makes",3,427831,77.69
"branding tips help",3,427834,77.69
"brandon marshall traded",3,427837,77.69
"brass monkey karaoke",3,427840,77.69
"brass wednesdays bar",3,427843,77.69
"brave tell brave",3,427846,77.69
"brave watch loved",3,427849,77.69
"braves bark park",3,427852,77.7
"brazil mexico latino",3,427855,77.7
"bread butter keep",3,427858,77.7
"bread loaf everybody",3,427861,77.7
"bread salad small",3,427864,77.7
"bread stars reviews",3,427867,77.7
"bread sure make",3,427870,77.7
"bread time made",3,427873,77.7
"break banks regulation",3,427876,77.7
"break good luck",3,427879,77.7
"break hello school",3,427882,77.7
"break high school",3,427885,77.7
"break needs come",3,427888,77.7
"break spring break",3,427891,77.7
"breakfast dinner best",3,427894,77.7
"breakfast looking forward",3,427897,77.7
"breakfast lunch today",3,427900,77.7
"breakfast mix muffins",3,427903,77.7
"breakfast tuesday today",3,427906,77.7
"breaking host clark",3,427909,77.71
"breaking news mayor",3,427912,77.71
"breaking news nfl",3,427915,77.71
"breaking news obama",3,427918,77.71
"breaking news portland",3,427921,77.71
"breaks courage charles",3,427924,77.71
"breaks screen android",3,427927,77.71
"breath apologize bleeding",3,427930,77.71
"breath away love",3,427933,77.71
"breath let go",3,427936,77.71
"breath say love",3,427939,77.71
"breath thank day",3,427942,77.71
"breathe smell like",3,427945,77.71
"breeze coming window",3,427948,77.71
"breeze feels good",3,427951,77.71
"breeze gift gives",3,427954,77.71
"brew city booth",3,427957,77.71
"brew crew win",3,427960,77.71
"brewers miller park",3,427963,77.72
"brewers sign ss",3,427966,77.72
"brewing co pm",3,427969,77.72
"brewing imperial ipa",3,427972,77.72
"brewing organic ipa",3,427975,77.72
"bridge digital divide",3,427978,77.72
"brief review favorite",3,427981,77.72
"bright red hair",3,427984,77.72
"brilliant love pure",3,427987,77.72
"bring best perfect",3,427990,77.72
"bring best worst",3,427993,77.72
"bring bff free",3,427996,77.72
"bring family country",3,427999,77.72
"bring family friends",3,428002,77.72
"bring flowers does",3,428005,77.72
"bring friend sign",3,428008,77.72
"bring gently used",3,428011,77.72
"bring good things",3,428014,77.72
"bring great ideas",3,428017,77.73
"bring green hat",3,428020,77.73
"bring lunch today",3,428023,77.73
"bring myself listen",3,428026,77.73
"bring myself study",3,428029,77.73
"bring new years",3,428032,77.73
"bring new york",3,428035,77.73
"bring positive change",3,428038,77.73
"bring soul heaven",3,428041,77.73
"bring taco bell",3,428044,77.73
"bring tea tea",3,428047,77.73
"bring trophy home",3,428050,77.73
"bring ur stuff",3,428053,77.73
"bring video camera",3,428056,77.73
"bringing child world",3,428059,77.73
"bringing children children",3,428062,77.73
"bringing high school",3,428065,77.73
"bringing tears eyes",3,428068,77.73
"brings opportunities tea",3,428071,77.73
"brings plenty happiness",3,428074,77.74
"brings san francisco",3,428077,77.74
"british accent just",3,428080,77.74
"british boy bands",3,428083,77.74
"british world just",3,428086,77.74
"broadcasting live dj",3,428089,77.74
"broadway bar cover",3,428092,77.74
"broadway bar friday",3,428095,77.74
"broke hoe wit",3,428098,77.74
"broke root evil",3,428101,77.74
"broncos great game",3,428104,77.74
"bronze silver gold",3,428107,77.74
"brooklyn summer ale",3,428110,77.74
"brother big brother",3,428113,77.74
"brother hot friends",3,428116,77.74
"brother sister get",3,428119,77.74
"brother sister time",3,428122,77.74
"brother soccer game",3,428125,77.74
"brother th grade",3,428128,77.75
"brothers sisters love",3,428131,77.75
"brought new year",3,428134,77.75
"brought yr old",3,428137,77.75
"brown blonde hair",3,428140,77.75
"brown hair blue",3,428143,77.75
"brown hits drake",3,428146,77.75
"brown jones reporting",3,428149,77.75
"brown rice beans",3,428152,77.75
"bruins let get",3,428155,77.75
"brunch till pm",3,428158,77.75
"brunch today pm",3,428161,77.75
"brush teeth today",3,428164,77.75
"bryant lake bowl",3,428167,77.75
"btw love hair",3,428170,77.75
"btw love song",3,428173,77.75
"bubble gum bubble",3,428176,77.75
"bubble gum pink",3,428179,77.75
"bubbles drive help",3,428182,77.75
"buck coming excuses",3,428185,77.76
"buck island creek",3,428188,77.76
"bucket bud light",3,428191,77.76
"bucks wizards nba",3,428194,77.76
"bud lime bud",3,428197,77.76
"buddy cop movie",3,428200,77.76
"buddy hope awesome",3,428203,77.76
"buddy late does",3,428206,77.76
"buddy talented sweet",3,428209,77.76
"budget program fit",3,428212,77.76
"build better business",3,428215,77.76
"build better dc",3,428218,77.76
"build better world",3,428221,77.76
"build customer profiles",3,428224,77.76
"build day year",3,428227,77.76
"build follow houston",3,428230,77.76
"build new arena",3,428233,77.76
"build relationships community",3,428236,77.76
"build relationships people",3,428239,77.77
"building new mexico",3,428242,77.77
"building new school",3,428245,77.77
"built success built",3,428248,77.77
"bulb light bulb",3,428251,77.77
"bullet time move",3,428254,77.77
"bulls beat heat",3,428257,77.77
"bulls last night",3,428260,77.77
"bummed missed last",3,428263,77.77
"bummed missed today",3,428266,77.77
"bumper sticker day",3,428269,77.77
"bunch feelings don",3,428272,77.77
"bunch nuts remember",3,428275,77.77
"bunny walked away",3,428278,77.77
"burden insurance internet",3,428281,77.77
"burger fried egg",3,428284,77.77
"burger peanut butter",3,428287,77.77
"burned roof mouth",3,428290,77.77
"burning cd car",3,428293,77.78
"burns fast cars",3,428296,77.78
"burrito eating contest",3,428299,77.78
"bus new york",3,428302,77.78
"buses coming richard",3,428305,77.78
"business business business",3,428308,77.78
"business card chance",3,428311,77.78
"business card designs",3,428314,77.78
"business card printing",3,428317,77.78
"business development director",3,428320,77.78
"business dinner meeting",3,428323,77.78
"business don forget",3,428326,77.78
"business don make",3,428329,77.78
"business don take",3,428332,77.78
"business finding venues",3,428335,77.78
"business founded friendship",3,428338,77.78
"business google places",3,428341,77.78
"business las vegas",3,428344,77.78
"business last week",3,428347,77.78
"business like riding",3,428350,77.79
"business man just",3,428353,77.79
"business meeting session",3,428356,77.79
"business offering best",3,428359,77.79
"business presentation tomorrow",3,428362,77.79
"business schools considering",3,428365,77.79
"business sloppy business",3,428368,77.79
"business today pm",3,428371,77.79
"businesses don want",3,428374,77.79
"businesses san diego",3,428377,77.79
"businesses serve collection",3,428380,77.79
"businesses support local",3,428383,77.79
"bust wide open",3,428386,77.79
"busy day done",3,428389,77.79
"busy day far",3,428392,77.79
"busy day getting",3,428395,77.79
"busy day meetings",3,428398,77.79
"busy day shop",3,428401,77.79
"busy day think",3,428404,77.8
"busy good day",3,428407,77.8
"busy just like",3,428410,77.8
"busy just want",3,428413,77.8
"busy lately get",3,428416,77.8
"busy lately time",3,428419,77.8
"busy news day",3,428422,77.8
"busy night tonight",3,428425,77.8
"busy seconds read",3,428428,77.8
"busy today need",3,428431,77.8
"busy trying keep",3,428434,77.8
"busy trying make",3,428437,77.8
"butter directly bread",3,428440,77.8
"butter keep az",3,428443,77.8
"butter oil blend",3,428446,77.8
"button home button",3,428449,77.8
"buttons dislike cares",3,428452,77.8
"buy anything good",3,428455,77.8
"buy book going",3,428458,77.81
"buy book solely",3,428461,77.81
"buy car get",3,428464,77.81
"buy car go",3,428467,77.81
"buy cow get",3,428470,77.81
"buy cup coffee",3,428473,77.81
"buy diapers tomorrow",3,428476,77.81
"buy happiness cry",3,428479,77.81
"buy house lot",3,428482,77.81
"buy love real",3,428485,77.81
"buy millions ticket",3,428488,77.81
"buy pm win",3,428491,77.81
"buy raffle tickets",3,428494,77.81
"buy remaining drawing",3,428497,77.81
"buy sell rent",3,428500,77.81
"buy share facebook",3,428503,77.81
"buy vip ticket",3,428506,77.81
"buy year gifts",3,428509,77.81
"buyer best friend",3,428512,77.81
"buying clothes goodwill",3,428515,77.82
"buying facebook stock",3,428518,77.82
"buying new home",3,428521,77.82
"buying new pair",3,428524,77.82
"buying plane tickets",3,428527,77.82
"buzz fly globe",3,428530,77.82
"bye best friend",3,428533,77.82
"bye bye hair",3,428536,77.82
"bye bye nyc",3,428539,77.82
"bye bye old",3,428542,77.82
"bye guys going",3,428545,77.82
"bye tweeters love",3,428548,77.82
"bye twitter goodnight",3,428551,77.82
"ca available customer",3,428554,77.82
"ca oct th",3,428557,77.82
"ca san diego",3,428560,77.82
"ca thursday pm",3,428563,77.82
"cake bread pumpkin",3,428566,77.82
"cake mini pies",3,428569,77.83
"cake special tonight",3,428572,77.83
"cake vanilla ice",3,428575,77.83
"cal celebration last",3,428578,77.83
"calendar friend does",3,428581,77.83
"calendar looks like",3,428584,77.83
"cali prospect coming",3,428587,77.83
"california coast credit",3,428590,77.83
"california connecticut dc",3,428593,77.83
"california follow follow",3,428596,77.83
"california youth hockey",3,428599,77.83
"called account darkness",3,428602,77.83
"called ace high",3,428605,77.83
"called angel yea",3,428608,77.83
"called creates paper",3,428611,77.83
"called customer service",3,428614,77.83
"called does anyone",3,428617,77.83
"called get get",3,428620,77.83
"called just talk",3,428623,77.84
"called lot genius",3,428626,77.84
"called love life",3,428629,77.84
"called mom wish",3,428632,77.84
"called putting aside",3,428635,77.84
"called radio station",3,428638,77.84
"called rd strikes",3,428641,77.84
"called secrets success",3,428644,77.84
"calling great greatly",3,428647,77.84
"calling singers producers",3,428650,77.84
"calling super bowl",3,428653,77.84
"calls cute likes",3,428656,77.84
"calls hot likes",3,428659,77.84
"calls last night",3,428662,77.84
"calls turn bet",3,428665,77.84
"calories minutes active",3,428668,77.84
"cam newton panthers",3,428671,77.84
"came getting hit",3,428674,77.84
"came las vegas",3,428677,77.84
"came launch party",3,428680,77.85
"came minutes later",3,428683,77.85
"came play great",3,428686,77.85
"came radio thought",3,428689,77.85
"came school today",3,428692,77.85
"came support team",3,428695,77.85
"came support tonight",3,428698,77.85
"came supported last",3,428701,77.85
"came tonight blast",3,428704,77.85
"came tonight fun",3,428707,77.85
"came true tonight",3,428710,77.85
"came vegas thank",3,428713,77.85
"camera adds lbs",3,428716,77.85
"camera said did",3,428719,77.85
"camp free food",3,428722,77.85
"camp last night",3,428725,77.85
"camp life kindle",3,428728,77.85
"camp rock auditions",3,428731,77.85
"camp tell friends",3,428734,77.86
"campaign coming soon",3,428737,77.86
"campaign twitter account",3,428740,77.86
"campaign www com",3,428743,77.86
"campus good thing",3,428746,77.86
"campus looks like",3,428749,77.86
"campus today tomorrow",3,428752,77.86
"canada america hat",3,428755,77.86
"candidate carry legacy",3,428758,77.86
"candidate city council",3,428761,77.86
"candle holders oil",3,428764,77.86
"candle smells like",3,428767,77.86
"candles candle holders",3,428770,77.86
"candles lit single",3,428773,77.86
"candy flower arrangement",3,428776,77.86
"cane run road",3,428779,77.86
"canon sale best",3,428782,77.86
"cap interview unless",3,428785,77.86
"capable becoming john",3,428788,77.87
"capacity feel deeply",3,428791,77.87
"caps beat bruins",3,428794,77.87
"caps lock day",3,428797,77.87
"caps today clinic",3,428800,77.87
"captain captain morgan",3,428803,77.87
"captain school today",3,428806,77.87
"car deserves spa",3,428809,77.87
"car designer carroll",3,428812,77.87
"car don make",3,428815,77.87
"car don think",3,428818,77.87
"car door open",3,428821,77.87
"car feel like",3,428824,77.87
"car get work",3,428827,77.87
"car go anywhere",3,428830,77.87
"car go home",3,428833,77.87
"car go school",3,428836,77.87
"car go weekend",3,428839,77.87
"car insurance driving",3,428842,77.87
"car lunch break",3,428845,77.88
"car okay tell",3,428848,77.88
"car poor guy",3,428851,77.88
"car second time",3,428854,77.88
"car smelled like",3,428857,77.88
"car sounds like",3,428860,77.88
"car time drive",3,428863,77.88
"car time get",3,428866,77.88
"car way home",3,428869,77.88
"card give away",3,428872,77.88
"card happy holidays",3,428875,77.88
"card mind check",3,428878,77.88
"card stay tuned",3,428881,77.88
"cardinals last night",3,428884,77.88
"cards buy get",3,428887,77.88
"cards hand dealt",3,428890,77.88
"care family dinners",3,428893,77.88
"care feels better",3,428896,77.88
"care just need",3,428899,77.89
"care just shout",3,428902,77.89
"care last night",3,428905,77.89
"care lived long",3,428908,77.89
"care looks like",3,428911,77.89
"care past care",3,428914,77.89
"care really care",3,428917,77.89
"care really don",3,428920,77.89
"care really seem",3,428923,77.89
"care special needs",3,428926,77.89
"care super bowl",3,428929,77.89
"care systems immigration",3,428932,77.89
"care teachers personal",3,428935,77.89
"care www com",3,428938,77.89
"career let go",3,428941,77.89
"career roads join",3,428944,77.89
"career skills diverse",3,428947,77.89
"careful let people",3,428950,77.89
"careful thoughts become",3,428953,77.9
"cares gonna say",3,428956,77.9
"cares look like",3,428959,77.9
"carnival cruise gift",3,428962,77.9
"carolina ban marriage",3,428965,77.9
"carolina stars saturday",3,428968,77.9
"carrie new cd",3,428971,77.9
"carrie new song",3,428974,77.9
"carried pocket proverb",3,428977,77.9
"carrot cake bread",3,428980,77.9
"carrot soup grilled",3,428983,77.9
"carry bricks past",3,428986,77.9
"carry find ralph",3,428989,77.9
"carry legacy progressive",3,428992,77.9
"cars make people",3,428995,77.9
"cars near right",3,428998,77.9
"case don get",3,429001,77.9
"case don think",3,429004,77.9
"case missed earlier",3,429007,77.9
"case missed last",3,429010,77.91
"case people want",3,429013,77.91
"case stay tuned",3,429016,77.91
"case studies website",3,429019,77.91
"case test china",3,429022,77.91
"cases today info",3,429025,77.91
"cash money records",3,429028,77.91
"cash shock time",3,429031,77.91
"cash tunes big",3,429034,77.91
"cast cares lord",3,429037,77.91
"cast creative team",3,429040,77.91
"cast pretty today",3,429043,77.91
"cast written sounds",3,429046,77.91
"casting roles film",3,429049,77.91
"cat crossing path",3,429052,77.91
"cat daddy dance",3,429055,77.91
"cat flew room",3,429058,77.91
"cat hot tin",3,429061,77.91
"cat just ate",3,429064,77.92
"cat just got",3,429067,77.92
"cat kitten right",3,429070,77.92
"cat ran away",3,429073,77.92
"cat thanks follow",3,429076,77.92
"catch haven seen",3,429079,77.92
"catch last part",3,429082,77.92
"catch take care",3,429085,77.92
"catch www com",3,429088,77.92
"catching game thrones",3,429091,77.92
"catching past episodes",3,429094,77.92
"cathedral st john",3,429097,77.92
"cats difficult trained",3,429100,77.92
"cats dogs tonight",3,429103,77.92
"cats men dogs",3,429106,77.92
"cats need love",3,429109,77.92
"caught tail end",3,429112,77.92
"caught years ago",3,429115,77.92
"cause bout life",3,429118,77.92
"cause fan fan",3,429121,77.93
"cause friday got",3,429124,77.93
"cause go school",3,429127,77.93
"cause going get",3,429130,77.93
"cause half way",3,429133,77.93
"cause life hard",3,429136,77.93
"cause lord knows",3,429139,77.93
"cause make sense",3,429142,77.93
"cause people distance",3,429145,77.93
"cause right oldest",3,429148,77.93
"cause screaming later",3,429151,77.93
"cause think understand",3,429154,77.93
"cause think ur",3,429157,77.93
"cause truth hurts",3,429160,77.93
"caused come someday",3,429163,77.93
"causes children won",3,429166,77.93
"causes loss sleep",3,429169,77.93
"causes referred missing",3,429172,77.93
"cc et al",3,429175,77.94
"cc let know",3,429178,77.94
"cd bonus tracks",3,429181,77.94
"cd covers song",3,429184,77.94
"cd dvd cases",3,429187,77.94
"cd dvd posters",3,429190,77.94
"cd jackets printing",3,429193,77.94
"cd music collections",3,429196,77.94
"cease grow anthony",3,429199,77.94
"cedar point weekend",3,429202,77.94
"celebrate appreciate good",3,429205,77.94
"celebrate giving rest",3,429208,77.94
"celebrate national month",3,429211,77.94
"celebrate special day",3,429214,77.94
"celebrate th year",3,429217,77.94
"celebrate warm weather",3,429220,77.94
"celebrating birthday just",3,429223,77.94
"celebrating birthday tomorrow",3,429226,77.94
"celebrating international women",3,429229,77.95
"celebrating valentine day",3,429232,77.95
"celebrating years business",3,429235,77.95
"celebration teaching learning",3,429238,77.95
"celebrity board member",3,429241,77.95
"celebrity golf tournament",3,429244,77.95
"cell phone accessories",3,429247,77.95
"cell phone bingo",3,429250,77.95
"cell phone case",3,429253,77.95
"cell phone going",3,429256,77.95
"cell phone store",3,429259,77.95
"cell phone time",3,429262,77.95
"cell phone towers",3,429265,77.95
"cell phone years",3,429268,77.95
"celtics game last",3,429271,77.95
"celtics time scoring",3,429274,77.95
"celtics win series",3,429277,77.95
"cent ground beef",3,429280,77.95
"center city philly",3,429283,77.95
"center cultural heritage",3,429286,77.96
"center exhibition hall",3,429289,77.96
"center green bay",3,429292,77.96
"center la mesa",3,429295,77.96
"center last night",3,429298,77.96
"center let go",3,429301,77.96
"center looking forward",3,429304,77.96
"center nd floor",3,429307,77.96
"center opening soon",3,429310,77.96
"center party starts",3,429313,77.96
"center stage open",3,429316,77.96
"center tonight et",3,429319,77.96
"center tonight pm",3,429322,77.96
"center tree lighting",3,429325,77.96
"central county pm",3,429328,77.96
"central new york",3,429331,77.96
"central studios minneapolis",3,429334,77.96
"cents higher short",3,429337,77.96
"ceo sam club",3,429340,77.97
"ceo southwest airlines",3,429343,77.97
"ceo steve jobs",3,429346,77.97
"ceo tim cook",3,429349,77.97
"ceo time warner",3,429352,77.97
"cereal fiber toy",3,429355,77.97
"ceremony take place",3,429358,77.97
"certain age man",3,429361,77.97
"certain people close",3,429364,77.97
"certain people full",3,429367,77.97
"certainly seems like",3,429370,77.97
"certainly worth effort",3,429373,77.97
"chain lakes winter",3,429376,77.97
"challenge coming soon",3,429379,77.97
"challenge last night",3,429382,77.97
"challenged water currently",3,429385,77.97
"chamber artists performing",3,429388,77.97
"chamber commerce business",3,429391,77.97
"champion must believe",3,429394,77.98
"champions dinner promote",3,429397,77.98
"champs league final",3,429400,77.98
"chance becoming president",3,429403,77.98
"chance breed soul",3,429406,77.98
"chance changing continue",3,429409,77.98
"chance cheated chance",3,429412,77.98
"chance check new",3,429415,77.98
"chance concert right",3,429418,77.98
"chance destiny fate",3,429421,77.98
"chance happen richard",3,429424,77.98
"chance make change",3,429427,77.98
"chance receive free",3,429430,77.98
"chance talk morning",3,429433,77.98
"chance win amazon",3,429436,77.98
"chance win car",3,429439,77.98
"chance win kindle",3,429442,77.98
"chance win tv",3,429445,77.98
"chance win weekly",3,429448,77.98
"chance win winner",3,429451,77.99
"chance winning cash",3,429454,77.99
"chance winning game",3,429457,77.99
"chances crazy don",3,429460,77.99
"chances difficult risk",3,429463,77.99
"change amazing addicted",3,429466,77.99
"change approval needed",3,429469,77.99
"change attitude amy",3,429472,77.99
"change attitude change",3,429475,77.99
"change better worse",3,429478,77.99
"change don like",3,429481,77.99
"change forget tell",3,429484,77.99
"change get home",3,429487,77.99
"change get new",3,429490,77.99
"change goes deep",3,429493,77.99
"change good luck",3,429496,77.99
"change grew try",3,429499,77.99
"change just need",3,429502,77.99
"change leader john",3,429505,78
"change like weather",3,429508,78
"change looking forward",3,429511,78
"change looks like",3,429514,78
"change people lives",3,429517,78
"change plans gonna",3,429520,78
"change principles john",3,429523,78
"change reasons learn",3,429526,78
"change relationship status",3,429529,78
"change renew harden",3,429532,78
"change shape act",3,429535,78
"change taylor swift",3,429538,78
"change travel plans",3,429541,78
"change tree jim",3,429544,78
"change truth truth",3,429547,78
"change twitter icon",3,429550,78
"change twitter picture",3,429553,78
"change used reason",3,429556,78
"change voter registration",3,429559,78.01
"change want want",3,429562,78.01
"change world let",3,429565,78.01
"change world mobile",3,429568,78.01
"changed car sound",3,429571,78.01
"changed let know",3,429574,78.01
"changed password twice",3,429577,78.01
"changed text message",3,429580,78.01
"changed twitter password",3,429583,78.01
"changed world happen",3,429586,78.01
"changes layout time",3,429589,78.01
"changes life let",3,429592,78.01
"changes life living",3,429595,78.01
"changes life think",3,429598,78.01
"changes make difference",3,429601,78.01
"changes oklahoma city",3,429604,78.01
"changing car sound",3,429607,78.01
"changing continue love",3,429610,78.01
"channel innovative shows",3,429613,78.01
"channel news tonight",3,429616,78.02
"channel partner deal",3,429619,78.02
"channels shake coming",3,429622,78.02
"character built roosevelt",3,429625,78.02
"character patience dreams",3,429628,78.02
"character people turn",3,429631,78.02
"character way eating",3,429634,78.02
"characters beautiful knowing",3,429637,78.02
"charge ur phone",3,429640,78.02
"charles misses games",3,429643,78.02
"charles parole hearing",3,429646,78.02
"charlie jefferson smith",3,429649,78.02
"charlotte nc today",3,429652,78.02
"charlotte web center",3,429655,78.02
"charter high school",3,429658,78.02
"charter school league",3,429661,78.02
"charter school legislation",3,429664,78.02
"charter schools week",3,429667,78.02
"chase em duck",3,429670,78.03
"chasing second start",3,429673,78.03
"chat pres general",3,429676,78.03
"chat send phone",3,429679,78.03
"chat thousands riders",3,429682,78.03
"chat today looking",3,429685,78.03
"chat tonight thanks",3,429688,78.03
"chatting location food",3,429691,78.03
"cheap actions speak",3,429694,78.03
"cheap thing free",3,429697,78.03
"cheaper table salt",3,429700,78.03
"cheat happy just",3,429703,78.03
"cheated chance loved",3,429706,78.03
"check acoustic set",3,429709,78.03
"check amazing new",3,429712,78.03
"check amazing photos",3,429715,78.03
"check awesome rock",3,429718,78.03
"check bakery coffee",3,429721,78.03
"check balance pushed",3,429724,78.04
"check band www",3,429727,78.04
"check baseball podcast",3,429730,78.04
"check chi town",3,429733,78.04
"check coffee check",3,429736,78.04
"check cool new",3,429739,78.04
"check design blog",3,429742,78.04
"check drink specials",3,429745,78.04
"check facebook facebook",3,429748,78.04
"check facebook inbox",3,429751,78.04
"check facebook lame",3,429754,78.04
"check facebook places",3,429757,78.04
"check follow follow",3,429760,78.04
"check free tool",3,429763,78.04
"check giving away",3,429766,78.04
"check good stuff",3,429769,78.04
"check guys awesome",3,429772,78.04
"check inbox ramp",3,429775,78.04
"check just posted",3,429778,78.04
"check kansas city",3,429781,78.05
"check latest marketing",3,429784,78.05
"check like page",3,429787,78.05
"check live event",3,429790,78.05
"check lunch dinner",3,429793,78.05
"check need get",3,429796,78.05
"check new bad",3,429799,78.05
"check new band",3,429802,78.05
"check new brunch",3,429805,78.05
"check new clothing",3,429808,78.05
"check new com",3,429811,78.05
"check new design",3,429814,78.05
"check new designs",3,429817,78.05
"check new film",3,429820,78.05
"check new follow",3,429823,78.05
"check new logo",3,429826,78.05
"check new mobile",3,429829,78.05
"check new novel",3,429832,78.05
"check new place",3,429835,78.06
"check new places",3,429838,78.06
"check new project",3,429841,78.06
"check new spot",3,429844,78.06
"check new www",3,429847,78.06
"check new youtube",3,429850,78.06
"check newest warmer",3,429853,78.06
"check online store",3,429856,78.06
"check overtime concert",3,429859,78.06
"check pictures facebook",3,429862,78.06
"check pm est",3,429865,78.06
"check prayer app",3,429868,78.06
"check schedule get",3,429871,78.06
"check shower curtains",3,429874,78.06
"check south lake",3,429877,78.06
"check spread word",3,429880,78.06
"check tea aisle",3,429883,78.06
"check think love",3,429886,78.06
"check think really",3,429889,78.06
"check tip day",3,429892,78.07
"check updates www",3,429895,78.07
"check work youtube",3,429898,78.07
"checked educational toys",3,429901,78.07
"checking last night",3,429904,78.07
"checking new twitter",3,429907,78.07
"checkout free download",3,429910,78.07
"checkout online receive",3,429913,78.07
"checkout twin music",3,429916,78.07
"cheddar mashed potatoes",3,429919,78.07
"cheek right cheek",3,429922,78.07
"cheeks white tee",3,429925,78.07
"cheer cheer everybody",3,429928,78.07
"cheer competition sunday",3,429931,78.07
"cheer everybody mark",3,429934,78.07
"cheer rd nw",3,429937,78.07
"cheer somebody mark",3,429940,78.07
"cheer try cheer",3,429943,78.07
"cheers freaking weekend",3,429946,78.08
"cheers great week",3,429949,78.08
"cheese burger fries",3,429952,78.08
"cheese fries yummy",3,429955,78.08
"cheese like taking",3,429958,78.08
"cheese nick cannon",3,429961,78.08
"cheesecake cheesecake factory",3,429964,78.08
"cheesy pick lines",3,429967,78.08
"cheesy quotes classic",3,429970,78.08
"chemical reaction both",3,429973,78.08
"chemistry reaction art",3,429976,78.08
"chicago ave chicago",3,429979,78.08
"chicago bulls go",3,429982,78.08
"chicago ed struggles",3,429985,78.08
"chicago great day",3,429988,78.08
"chicago hot dogs",3,429991,78.08
"chicago ideas week",3,429994,78.08
"chicago italian beef",3,429997,78.08
"chicago nato summit",3,430000,78.09
"chicago nyc la",3,430003,78.09
"chicago smells like",3,430006,78.09
"chicago tribune columnist",3,430009,78.09
"chicago weather nice",3,430012,78.09
"chicago weekend th",3,430015,78.09
"chick just called",3,430018,78.09
"chicken cream potato",3,430021,78.09
"chicken greek lemon",3,430024,78.09
"chicken grilled chicken",3,430027,78.09
"chicken lettuce wraps",3,430030,78.09
"chicken lifetime commitment",3,430033,78.09
"chicken pizza chicken",3,430036,78.09
"chicken potato salad",3,430039,78.09
"chicken sweet potato",3,430042,78.09
"chicks basketball wives",3,430045,78.09
"chief want inspire",3,430048,78.09
"chiefs draft pick",3,430051,78.09
"child action benjamin",3,430054,78.09
"child care school",3,430057,78.1
"child destiny child",3,430060,78.1
"child did think",3,430063,78.1
"child record family",3,430066,78.1
"child tomorrow forget",3,430069,78.1
"child understand send",3,430072,78.1
"child watch program",3,430075,78.1
"child year old",3,430078,78.1
"children book press",3,430081,78.1
"children car windows",3,430084,78.1
"children gonna make",3,430087,78.1
"children hands short",3,430090,78.1
"children hospital today",3,430093,78.1
"children hospital wisconsin",3,430096,78.1
"children learn burns",3,430099,78.1
"children learn read",3,430102,78.1
"children learn smile",3,430105,78.1
"children learn way",3,430108,78.1
"children need love",3,430111,78.11
"children obese probably",3,430114,78.11
"children pack south",3,430117,78.11
"children special needs",3,430120,78.11
"chili cheese dog",3,430123,78.11
"chili cook today",3,430126,78.11
"chill day today",3,430129,78.11
"chill feel like",3,430132,78.11
"chip kelly head",3,430135,78.11
"chip kelly really",3,430138,78.11
"chip sets www",3,430141,78.11
"chips ice cream",3,430144,78.11
"chocolate chip teddy",3,430147,78.11
"chocolate chocolate chip",3,430150,78.11
"chocolate commercials eats",3,430153,78.11
"chocolate library today",3,430156,78.11
"chocolate slow motion",3,430159,78.11
"chocolate sounds good",3,430162,78.11
"choice make choice",3,430165,78.12
"choice minimum donation",3,430168,78.12
"choice wrong talking",3,430171,78.12
"choices bring right",3,430174,78.12
"choices make right",3,430177,78.12
"choices real don",3,430180,78.12
"choir years family",3,430183,78.12
"cholesterol blood pressure",3,430186,78.12
"choose attitude given",3,430189,78.12
"choose cereal fiber",3,430192,78.12
"choose going decide",3,430195,78.12
"choose random follower",3,430198,78.12
"choose really loved",3,430201,78.12
"choose sleep better",3,430204,78.12
"choose thing falling",3,430207,78.12
"chris beer web",3,430210,78.12
"chris big john",3,430213,78.12
"chris brown beat",3,430216,78.12
"chris brown birthday",3,430219,78.12
"chris brown concert",3,430222,78.13
"chris brown feat",3,430225,78.13
"chris brown gets",3,430228,78.13
"chris brown got",3,430231,78.13
"chris brown hit",3,430234,78.13
"chris brown love",3,430237,78.13
"chris brown makes",3,430240,78.13
"chris brown sing",3,430243,78.13
"chris brown singing",3,430246,78.13
"chris brown songs",3,430249,78.13
"chris brown voice",3,430252,78.13
"chris davis strikes",3,430255,78.13
"chris davis struck",3,430258,78.13
"chris last night",3,430261,78.13
"christmas card year",3,430264,78.13
"christmas got new",3,430267,78.13
"christmas hope day",3,430270,78.13
"christmas hope santa",3,430273,78.13
"christmas last night",3,430276,78.14
"christmas list christmas",3,430279,78.14
"christmas list year",3,430282,78.14
"christmas music playing",3,430285,78.14
"christmas music puts",3,430288,78.14
"christmas stay tuned",3,430291,78.14
"christmas time get",3,430294,78.14
"christmas true love",3,430297,78.14
"christopher paul curtis",3,430300,78.14
"chrysler jeep dodge",3,430303,78.14
"chrysler purchasing chief",3,430306,78.14
"cinnamon apples delicious",3,430309,78.14
"circle circle dot",3,430312,78.14
"circle get smaller",3,430315,78.14
"circle heart heart",3,430318,78.14
"circle heart hearts",3,430321,78.14
"circles going circles",3,430324,78.14
"cities live today",3,430327,78.14
"citizenship class spanish",3,430330,78.15
"city april th",3,430333,78.15
"city central park",3,430336,78.15
"city concert series",3,430339,78.15
"city derby demons",3,430342,78.15
"city film fest",3,430345,78.15
"city gear get",3,430348,78.15
"city just kinda",3,430351,78.15
"city kansas city",3,430354,78.15
"city ordinance day",3,430357,78.15
"city smells like",3,430360,78.15
"city tavern dallas",3,430363,78.15
"city whats good",3,430366,78.15
"civilian review board",3,430369,78.15
"claim don want",3,430372,78.15
"claimed daily mail",3,430375,78.15
"claiming marriage ur",3,430378,78.15
"clap ur hands",3,430381,78.15
"clarify position hold",3,430384,78.15
"class action notices",3,430387,78.16
"class culture shock",3,430390,78.16
"class don think",3,430393,78.16
"class early today",3,430396,78.16
"class good thing",3,430399,78.16
"class great day",3,430402,78.16
"class last semester",3,430405,78.16
"class like boss",3,430408,78.16
"class like people",3,430411,78.16
"class morning work",3,430414,78.16
"class neighborhood newark",3,430417,78.16
"class nursing school",3,430420,78.16
"class ready go",3,430423,78.16
"class right boring",3,430426,78.16
"class spanish starts",3,430429,78.16
"class starts today",3,430432,78.16
"class teacher really",3,430435,78.16
"class teacher said",3,430438,78.16
"class today good",3,430441,78.17
"class today just",3,430444,78.17
"class today okay",3,430447,78.17
"class today really",3,430450,78.17
"class today tomorrow",3,430453,78.17
"class today ugh",3,430456,78.17
"classes east village",3,430459,78.17
"classes start st",3,430462,78.17
"classic books old",3,430465,78.17
"classic golf tournament",3,430468,78.17
"classic rock kind",3,430471,78.17
"classic rock night",3,430474,78.17
"classic rock songs",3,430477,78.17
"classical music helps",3,430480,78.17
"clean ears inch",3,430483,78.17
"clean fill blue",3,430486,78.17
"clean heart renew",3,430489,78.17
"clean love turkey",3,430492,78.17
"clean moving files",3,430495,78.18
"clean refrigerator day",3,430498,78.18
"clean take care",3,430501,78.18
"cleaning answering phones",3,430504,78.18
"cleaning getting ready",3,430507,78.18
"cleaning room end",3,430510,78.18
"cleaning room found",3,430513,78.18
"cleaning washing clothes",3,430516,78.18
"cleaning www com",3,430519,78.18
"clear alcohol rich",3,430522,78.18
"clear channel radio",3,430525,78.18
"clear evening areas",3,430528,78.18
"clear evening low",3,430531,78.18
"clear expression mixed",3,430534,78.18
"clear sense purpose",3,430537,78.18
"cleared lanes open",3,430540,78.18
"clearly need get",3,430543,78.18
"cleveland class start",3,430546,78.18
"cleveland indians cleveland",3,430549,78.18
"cleveland indians hat",3,430552,78.19
"cleveland indians lead",3,430555,78.19
"cleveland international film",3,430558,78.19
"click edit profile",3,430561,78.19
"click home button",3,430564,78.19
"click radio button",3,430567,78.19
"clicked wrong button",3,430570,78.19
"clicking pen click",3,430573,78.19
"clients let know",3,430576,78.19
"climb climb climb",3,430579,78.19
"climb go work",3,430582,78.19
"climbed tree said",3,430585,78.19
"climbing window night",3,430588,78.19
"clippers game night",3,430591,78.19
"clippers grizzlies series",3,430594,78.19
"clippers let go",3,430597,78.19
"clock hit mix",3,430600,78.19
"clock strikes midnight",3,430603,78.19
"close body kisses",3,430606,78.2
"close came getting",3,430609,78.2
"close chapter life",3,430612,78.2
"close followers let",3,430615,78.2
"close friends know",3,430618,78.2
"close game go",3,430621,78.2
"close get text",3,430624,78.2
"close little bit",3,430627,78.2
"close picture lock",3,430630,78.2
"close pm friday",3,430633,78.2
"close pm tonight",3,430636,78.2
"close regular season",3,430639,78.2
"close tonight just",3,430642,78.2
"closed bathroom door",3,430645,78.2
"closed december th",3,430648,78.2
"closed don get",3,430651,78.2
"closed monday december",3,430654,78.2
"closed sun mon",3,430657,78.2
"closed sunday april",3,430660,78.2
"closed sunday th",3,430663,78.21
"closed th july",3,430666,78.21
"closed tomorrow sunday",3,430669,78.21
"closed traffic backed",3,430672,78.21
"closed years ago",3,430675,78.21
"closer body warmth",3,430678,78.21
"closer problem nowadays",3,430681,78.21
"closer tie game",3,430684,78.21
"closet sew clothes",3,430687,78.21
"clothes goodwill reason",3,430690,78.21
"clothes last night",3,430693,78.21
"clothes suppose just",3,430696,78.21
"cloud office collaboration",3,430699,78.21
"clouds disappear brighter",3,430702,78.21
"cloudy day la",3,430705,78.21
"cloudy wind mph",3,430708,78.21
"club cast check",3,430711,78.21
"club coming soon",3,430714,78.21
"club gotta get",3,430717,78.22
"club handle right",3,430720,78.22
"club last week",3,430723,78.22
"club meeting tomorrow",3,430726,78.22
"club nov th",3,430729,78.22
"club october th",3,430732,78.22
"club strip club",3,430735,78.22
"club west hollywood",3,430738,78.22
"clue ur talking",3,430741,78.22
"co hosting event",3,430744,78.22
"co humane society",3,430747,78.22
"co main event",3,430750,78.22
"co owner tweet",3,430753,78.22
"co public schools",3,430756,78.22
"co www authors",3,430759,78.22
"coach college football",3,430762,78.22
"coach doug collins",3,430765,78.22
"coach george karl",3,430768,78.22
"coach happy day",3,430771,78.23
"coach little league",3,430774,78.23
"coach look like",3,430777,78.23
"coach oh wait",3,430780,78.23
"coaching live newsletter",3,430783,78.23
"coast credit union",3,430786,78.23
"coast let know",3,430789,78.23
"coast stay safe",3,430792,78.23
"cocktails live music",3,430795,78.23
"coconut milk ice",3,430798,78.23
"code charge text",3,430801,78.23
"code check www",3,430804,78.23
"code dream want",3,430807,78.23
"code word found",3,430810,78.23
"coffee bring tea",3,430813,78.23
"coffee cakes including",3,430816,78.23
"coffee drink healthy",3,430819,78.23
"coffee drink just",3,430822,78.23
"coffee flavored pizza",3,430825,78.23
"coffee good book",3,430828,78.24
"coffee half pound",3,430831,78.24
"coffee honestly best",3,430834,78.24
"coffee important meal",3,430837,78.24
"coffee last night",3,430840,78.24
"coffee missing insert",3,430843,78.24
"coffee monday morning",3,430846,78.24
"coffee red bull",3,430849,78.24
"coffee sleeves seen",3,430852,78.24
"coffee town check",3,430855,78.24
"coffee writing starbucks",3,430858,78.24
"cold brewed coffee",3,430861,78.24
"cold feel like",3,430864,78.24
"cold let electric",3,430867,78.24
"cold move closer",3,430870,78.24
"cold must atmosphere",3,430873,78.24
"cold rainy weather",3,430876,78.24
"cold saturday night",3,430879,78.24
"cold water came",3,430882,78.25
"cold wet rainy",3,430885,78.25
"cold winter day",3,430888,78.25
"collaboration productivity applications",3,430891,78.25
"collect like old",3,430894,78.25
"collecting nomination signatures",3,430897,78.25
"collection coming soon",3,430900,78.25
"collection points play",3,430903,78.25
"collection short stories",3,430906,78.25
"collective bargaining agreement",3,430909,78.25
"collective bargaining rights",3,430912,78.25
"collective sigh relief",3,430915,78.25
"college age students",3,430918,78.25
"college degree make",3,430921,78.25
"college plaza west",3,430924,78.25
"college public health",3,430927,78.25
"collins air tonight",3,430930,78.25
"colorado school mines",3,430933,78.25
"colorado springs join",3,430936,78.26
"colorado www com",3,430939,78.26
"colors www com",3,430942,78.26
"com become fan",3,430945,78.26
"com chance modeling",3,430948,78.26
"com charity html",3,430951,78.26
"com cheap thing",3,430954,78.26
"com com get",3,430957,78.26
"com come check",3,430960,78.26
"com dragons private",3,430963,78.26
"com find facebook",3,430966,78.26
"com good stuff",3,430969,78.26
"com launches days",3,430972,78.26
"com leave comment",3,430975,78.26
"com let go",3,430978,78.26
"com limited time",3,430981,78.26
"com looks great",3,430984,78.26
"com mention tweet",3,430987,78.26
"com new beats",3,430990,78.26
"com new single",3,430993,78.27
"com new updated",3,430996,78.27
"com offering free",3,430999,78.27
"com promo code",3,431002,78.27
"com register enjoy",3,431005,78.27
"com register watch",3,431008,78.27
"com signing just",3,431011,78.27
"com spread word",3,431014,78.27
"com today tomorrow",3,431017,78.27
"com watch live",3,431020,78.27
"com watch video",3,431023,78.27
"combined effort individual",3,431026,78.27
"combined venture stare",3,431029,78.27
"come acting class",3,431032,78.27
"come balloon museum",3,431035,78.27
"come bath body",3,431038,78.27
"come best party",3,431041,78.27
"come better time",3,431044,78.27
"come big blue",3,431047,78.28
"come brew crew",3,431050,78.28
"come bring friends",3,431053,78.28
"come chance win",3,431056,78.28
"come check brand",3,431059,78.28
"come check happy",3,431062,78.28
"come check love",3,431065,78.28
"come check make",3,431068,78.28
"come check nyc",3,431071,78.28
"come check online",3,431074,78.28
"come check overtime",3,431077,78.28
"come check soon",3,431080,78.28
"come cheer rd",3,431083,78.28
"come clean roger",3,431086,78.28
"come dc asap",3,431089,78.28
"come dean hands",3,431092,78.28
"come december th",3,431095,78.28
"come did go",3,431098,78.28
"come experience great",3,431101,78.29
"come far stop",3,431104,78.29
"come faster days",3,431107,78.29
"come follow follow",3,431110,78.29
"come follow twitter",3,431113,78.29
"come football season",3,431116,78.29
"come fort wayne",3,431119,78.29
"come game tomorrow",3,431122,78.29
"come game tonight",3,431125,78.29
"come good planning",3,431128,78.29
"come grab bite",3,431131,78.29
"come handy point",3,431134,78.29
"come hang area",3,431137,78.29
"come hang crew",3,431140,78.29
"come hang new",3,431143,78.29
"come hang support",3,431146,78.29
"come happy birthday",3,431149,78.29
"come highly recommended",3,431152,78.29
"come holland michigan",3,431155,78.29
"come hollywood tonight",3,431158,78.3
"come home bill",3,431161,78.3
"come home cold",3,431164,78.3
"come home come",3,431167,78.3
"come home end",3,431170,78.3
"come home family",3,431173,78.3
"come home find",3,431176,78.3
"come home game",3,431179,78.3
"come home garden",3,431182,78.3
"come home great",3,431185,78.3
"come home hate",3,431188,78.3
"come home new",3,431191,78.3
"come home sleep",3,431194,78.3
"come home thing",3,431197,78.3
"come home today",3,431200,78.3
"come home watch",3,431203,78.3
"come important turn",3,431206,78.3
"come join bring",3,431209,78.3
"come join crew",3,431212,78.31
"come join dinner",3,431215,78.31
"come join going",3,431218,78.31
"come join saturday",3,431221,78.31
"come join teens",3,431224,78.31
"come join time",3,431227,78.31
"come join tues",3,431230,78.31
"come join week",3,431233,78.31
"come keep posted",3,431236,78.31
"come la love",3,431239,78.31
"come last minute",3,431242,78.31
"come learn new",3,431245,78.31
"come leaving better",3,431248,78.31
"come listen records",3,431251,78.31
"come looks like",3,431254,78.31
"come motion using",3,431257,78.31
"come need get",3,431260,78.31
"come need go",3,431263,78.31
"come office business",3,431266,78.32
"come office drive",3,431269,78.32
"come open tonight",3,431272,78.32
"come peanuts tonight",3,431275,78.32
"come place lord",3,431278,78.32
"come playoff game",3,431281,78.32
"come put birthday",3,431284,78.32
"come put support",3,431287,78.32
"come right away",3,431290,78.32
"come sail away",3,431293,78.32
"come san francisco",3,431296,78.32
"come san jose",3,431299,78.32
"come save day",3,431302,78.32
"come serve come",3,431305,78.32
"come shop support",3,431308,78.32
"come sit lap",3,431311,78.32
"come sit outside",3,431314,78.32
"come sit patio",3,431317,78.32
"come soon come",3,431320,78.32
"come soon go",3,431323,78.33
"come soon love",3,431326,78.33
"come soon ready",3,431329,78.33
"come st friday",3,431332,78.33
"come st served",3,431335,78.33
"come talk books",3,431338,78.33
"come th ave",3,431341,78.33
"come tonight art",3,431344,78.33
"come tonight check",3,431347,78.33
"come tonight fun",3,431350,78.33
"come tonight happy",3,431353,78.33
"come tonight last",3,431356,78.33
"come tonight live",3,431359,78.33
"come tonight meet",3,431362,78.33
"come tonight night",3,431365,78.33
"come tonight work",3,431368,78.33
"come ur area",3,431371,78.33
"come visit best",3,431374,78.33
"come visit check",3,431377,78.34
"come visit chicago",3,431380,78.34
"come visit come",3,431383,78.34
"come visit dc",3,431386,78.34
"come visit go",3,431389,78.34
"come visit know",3,431392,78.34
"come visit miss",3,431395,78.34
"come visit tent",3,431398,78.34
"come visit week",3,431401,78.34
"come visit weekend",3,431404,78.34
"come visit win",3,431407,78.34
"come want talk",3,431410,78.34
"come warm hot",3,431413,78.34
"come www myspace",3,431416,78.34
"come year old",3,431419,78.34
"comedian kevin hart",3,431422,78.34
"comedy club nov",3,431425,78.34
"comedy competition tonight",3,431428,78.34
"comedy fall open",3,431431,78.34
"comedy sunday ballroom",3,431434,78.35
"comes effort old",3,431437,78.35
"comes feel like",3,431440,78.35
"comes find time",3,431443,78.35
"comes freedom bob",3,431446,78.35
"comes gives meaning",3,431449,78.35
"comes inspiration evan",3,431452,78.35
"comes knowing did",3,431455,78.35
"comes little time",3,431458,78.35
"comes looks like",3,431461,78.35
"comes los angeles",3,431464,78.35
"comes losing weight",3,431467,78.35
"comes mind say",3,431470,78.35
"comes mind think",3,431473,78.35
"comes pretty close",3,431476,78.35
"comes radio mom",3,431479,78.35
"comes result doing",3,431482,78.35
"comes shows country",3,431485,78.35
"comes time man",3,431488,78.36
"comes trust trust",3,431491,78.36
"comes way today",3,431494,78.36
"coming check website",3,431497,78.36
"coming chicago anytime",3,431500,78.36
"coming chicago weekend",3,431503,78.36
"coming dc soon",3,431506,78.36
"coming excuses hill",3,431509,78.36
"coming friday night",3,431512,78.36
"coming great night",3,431515,78.36
"coming great time",3,431518,78.36
"coming home afghanistan",3,431521,78.36
"coming home find",3,431524,78.36
"coming home monday",3,431527,78.36
"coming home month",3,431530,78.36
"coming home need",3,431533,78.36
"coming home new",3,431536,78.36
"coming home night",3,431539,78.36
"coming home thursday",3,431542,78.37
"coming home weeks",3,431545,78.37
"coming just days",3,431548,78.37
"coming just hope",3,431551,78.37
"coming late think",3,431554,78.37
"coming later tonight",3,431557,78.37
"coming later week",3,431560,78.37
"coming looks like",3,431563,78.37
"coming need new",3,431566,78.37
"coming new orleans",3,431569,78.37
"coming ohio dying",3,431572,78.37
"coming presentation study",3,431575,78.37
"coming really appreciate",3,431578,78.37
"coming sacramento ca",3,431581,78.37
"coming spring summer",3,431584,78.37
"coming store near",3,431587,78.37
"coming sunday night",3,431590,78.37
"coming supporting great",3,431593,78.37
"coming time soon",3,431596,78.37
"coming visit anytime",3,431599,78.38
"coming visit soon",3,431602,78.38
"coming visit tomorrow",3,431605,78.38
"coming visit week",3,431608,78.38
"command control leadership",3,431611,78.38
"comment look forward",3,431614,78.38
"comment return favor",3,431617,78.38
"comments don know",3,431620,78.38
"comments follow com",3,431623,78.38
"comments follow improving",3,431626,78.38
"comments leave thanks",3,431629,78.38
"commerce business expo",3,431632,78.38
"commercial way go",3,431635,78.38
"commercials eats chocolate",3,431638,78.38
"commercials half time",3,431641,78.38
"commission industry leading",3,431644,78.38
"commission meeting today",3,431647,78.38
"commit life join",3,431650,78.38
"commitment excellence regardless",3,431653,78.39
"committed helping efficient",3,431656,78.39
"communication trust relationship",3,431659,78.39
"community center come",3,431662,78.39
"community center pm",3,431665,78.39
"community cleanup act",3,431668,78.39
"community local businesses",3,431671,78.39
"community mortgage indiana",3,431674,78.39
"community non profits",3,431677,78.39
"community www com",3,431680,78.39
"commute time half",3,431683,78.39
"companies companies indiana",3,431686,78.39
"companies got federal",3,431689,78.39
"companies repair indiana",3,431692,78.39
"companies social media",3,431695,78.39
"company christmas party",3,431698,78.39
"company continue creating",3,431701,78.39
"company facebook page",3,431704,78.39
"company follow twitter",3,431707,78.4
"company shares listed",3,431710,78.4
"compare compete everybody",3,431713,78.4
"compare costs guide",3,431716,78.4
"compare life idea",3,431719,78.4
"compared non girl",3,431722,78.4
"compensation freedom thought",3,431725,78.4
"compete everybody respect",3,431728,78.4
"competition emerging artists",3,431731,78.4
"competition tweet win",3,431734,78.4
"competition winner gets",3,431737,78.4
"complain complain complain",3,431740,78.4
"complaining good long",3,431743,78.4
"complete auto care",3,431746,78.4
"complete home renovation",3,431749,78.4
"completely lost mind",3,431752,78.4
"completely lost voice",3,431755,78.4
"completing time way",3,431758,78.4
"complimentary bottle champagne",3,431761,78.4
"computer history museum",3,431764,78.41
"computer mobile device",3,431767,78.41
"computer repair services",3,431770,78.41
"computer science degree",3,431773,78.41
"computer won work",3,431776,78.41
"con last night",3,431779,78.41
"concentrate don oprah",3,431782,78.41
"concept look forward",3,431785,78.41
"concept make balance",3,431788,78.41
"concept profound wrong",3,431791,78.41
"concert fri april",3,431794,78.41
"concert november th",3,431797,78.41
"concert october th",3,431800,78.41
"concert tomorrow get",3,431803,78.41
"concert welcome america",3,431806,78.41
"concerts sports events",3,431809,78.41
"concerts www com",3,431812,78.41
"concrete atlanta ga",3,431815,78.41
"condition common sense",3,431818,78.42
"conditions just needs",3,431821,78.42
"conditions www com",3,431824,78.42
"conference april th",3,431827,78.42
"conference finals preview",3,431830,78.42
"conference let know",3,431833,78.42
"conference long beach",3,431836,78.42
"conference put local",3,431839,78.42
"conference read www",3,431842,78.42
"conference stop booth",3,431845,78.42
"confession character ralph",3,431848,78.42
"confidence key locks",3,431851,78.42
"confidence stain wipe",3,431854,78.42
"conflicts natural limitations",3,431857,78.42
"confused last tweet",3,431860,78.42
"confusion real ideal",3,431863,78.42
"congratulations great game",3,431866,78.42
"congratulations great years",3,431869,78.42
"congratulations kentucky wildcats",3,431872,78.43
"congratulations opening new",3,431875,78.43
"congratulations quite accomplishment",3,431878,78.43
"congratulations winning grand",3,431881,78.43
"connect discover share",3,431884,78.43
"connect non profits",3,431887,78.43
"connect social media",3,431890,78.43
"connect users follow",3,431893,78.43
"connecticut dc hawaii",3,431896,78.43
"connecticut new york",3,431899,78.43
"connecting reading tweets",3,431902,78.43
"connection look forward",3,431905,78.43
"conscience ideal life",3,431908,78.43
"consider virtue age",3,431911,78.43
"consists seeing everybody",3,431914,78.43
"consists showing average",3,431917,78.43
"constant comment tea",3,431920,78.43
"constant prayer romans",3,431923,78.43
"constantly remind myself",3,431926,78.43
"consulting graphic design",3,431929,78.44
"consume things feed",3,431932,78.44
"consumer consumers tell",3,431935,78.44
"consumer law clinic",3,431938,78.44
"consumers tell scott",3,431941,78.44
"contact deeply rate",3,431944,78.44
"contact dot com",3,431947,78.44
"contact info best",3,431950,78.44
"contact info discuss",3,431953,78.44
"contact join mailing",3,431956,78.44
"contact know anyone",3,431959,78.44
"contact like contribute",3,431962,78.44
"contact regular lease",3,431965,78.44
"contact sales coordinator",3,431968,78.44
"contact today get",3,431971,78.44
"container filled bees",3,431974,78.44
"content let know",3,431977,78.44
"content love follow",3,431980,78.44
"content marketing world",3,431983,78.45
"content search engine",3,431986,78.45
"content simply don",3,431989,78.45
"content take place",3,431992,78.45
"contest check facebook",3,431995,78.45
"contest eat gift",3,431998,78.45
"contest make fair",3,432001,78.45
"contest page details",3,432004,78.45
"contest th tweet",3,432007,78.45
"continually afraid make",3,432010,78.45
"continually faced great",3,432013,78.45
"continue act like",3,432016,78.45
"continue close pm",3,432019,78.45
"continue getting updates",3,432022,78.45
"continue good work",3,432025,78.45
"continue move forward",3,432028,78.45
"continued communication chronicle",3,432031,78.45
"continued love support",3,432034,78.45
"continuing play face",3,432037,78.46
"contractors indiana indiana",3,432040,78.46
"contractors indianapolis repair",3,432043,78.46
"control evil good",3,432046,78.46
"control major tom",3,432049,78.46
"control mind feelings",3,432052,78.46
"convenient locations miami",3,432055,78.46
"conversation follow nice",3,432058,78.46
"conversation got boring",3,432061,78.46
"conversation looks like",3,432064,78.46
"conviction better yes",3,432067,78.46
"conviction country superior",3,432070,78.46
"convinced boy heart",3,432073,78.46
"cook let cook",3,432076,78.46
"cook wine add",3,432079,78.46
"cookie fortune reading",3,432082,78.46
"cookie mix go",3,432085,78.46
"cookie monster today",3,432088,78.46
"cookies cause ate",3,432091,78.46
"cookies chocolate chip",3,432094,78.47
"cookies cream brownies",3,432097,78.47
"cookies fresh oven",3,432100,78.47
"cookies main reason",3,432103,78.47
"cooking go own",3,432106,78.47
"cooking sunday dinner",3,432109,78.47
"cool add list",3,432112,78.47
"cool baby girl",3,432115,78.47
"cool don live",3,432118,78.47
"cool don make",3,432121,78.47
"cool events happening",3,432124,78.47
"cool get go",3,432127,78.47
"cool glad help",3,432130,78.47
"cool go school",3,432133,78.47
"cool going give",3,432136,78.47
"cool going go",3,432139,78.47
"cool good know",3,432142,78.47
"cool great time",3,432145,78.47
"cool guys great",3,432148,78.48
"cool guys make",3,432151,78.48
"cool hope enjoy",3,432154,78.48
"cool hope having",3,432157,78.48
"cool hope like",3,432160,78.48
"cool hope make",3,432163,78.48
"cool idea thanks",3,432166,78.48
"cool italian ice",3,432169,78.48
"cool know cool",3,432172,78.48
"cool know going",3,432175,78.48
"cool know twitter",3,432178,78.48
"cool make money",3,432181,78.48
"cool man just",3,432184,78.48
"cool man thanks",3,432187,78.48
"cool need help",3,432190,78.48
"cool plans today",3,432193,78.48
"cool rainy day",3,432196,78.48
"cool refreshing yep",3,432199,78.48
"cool saturday night",3,432202,78.49
"cool site thanks",3,432205,78.49
"cool thank sharing",3,432208,78.49
"cool thanks heads",3,432211,78.49
"cool things like",3,432214,78.49
"cool think got",3,432217,78.49
"cool video thanks",3,432220,78.49
"cool wait read",3,432223,78.49
"cool want get",3,432226,78.49
"cool www com",3,432229,78.49
"coolest thing heard",3,432232,78.49
"cop accused women",3,432235,78.49
"copy hunger games",3,432238,78.49
"copy status word",3,432241,78.49
"corner sounds like",3,432244,78.49
"correct answer gets",3,432247,78.49
"correct answer question",3,432250,78.49
"correction earlier tweet",3,432253,78.49
"correction previous tweet",3,432256,78.49
"cost efficiency small",3,432259,78.5
"costs lot money",3,432262,78.5
"cotton candy machine",3,432265,78.5
"couch good book",3,432268,78.5
"couch wipe lipstick",3,432271,78.5
"cough syrup does",3,432274,78.5
"council trustees alumni",3,432277,78.5
"councilman bill henry",3,432280,78.5
"count friends hand",3,432283,78.5
"count garden flowers",3,432286,78.5
"count naming blessings",3,432289,78.5
"count number times",3,432292,78.5
"countdown days left",3,432295,78.5
"country club hills",3,432298,78.5
"country club open",3,432301,78.5
"country club plaza",3,432304,78.5
"country farm fun",3,432307,78.5
"country joe fish",3,432310,78.5
"country music artists",3,432313,78.51
"country music go",3,432316,78.51
"country music good",3,432319,78.51
"country music legend",3,432322,78.51
"country music marathon",3,432325,78.51
"country music music",3,432328,78.51
"country music star",3,432331,78.51
"country music video",3,432334,78.51
"country pick cast",3,432337,78.51
"country superior countries",3,432340,78.51
"counts necessarily size",3,432343,78.51
"county bar association",3,432346,78.51
"county community college",3,432349,78.51
"county high school",3,432352,78.51
"county last night",3,432355,78.51
"county lincoln day",3,432358,78.51
"county music commission",3,432361,78.51
"county send resume",3,432364,78.51
"county sports commission",3,432367,78.51
"county voter turnout",3,432370,78.52
"county youth made",3,432373,78.52
"couple days away",3,432376,78.52
"couple days doing",3,432379,78.52
"couple days feel",3,432382,78.52
"couple days go",3,432385,78.52
"couple days miss",3,432388,78.52
"couple days running",3,432391,78.52
"couple days tell",3,432394,78.52
"couple days till",3,432397,78.52
"couple days twitter",3,432400,78.52
"couple days working",3,432403,78.52
"couple hours get",3,432406,78.52
"couple hours going",3,432409,78.52
"couple laps old",3,432412,78.52
"couple metal bands",3,432415,78.52
"couple new ones",3,432418,78.52
"couple new songs",3,432421,78.52
"couple students pm",3,432424,78.53
"couple weeks school",3,432427,78.53
"couple weeks training",3,432430,78.53
"coupons drawing free",3,432433,78.53
"courage considering own",3,432436,78.53
"courage live life",3,432439,78.53
"courage making happen",3,432442,78.53
"courage purpose direction",3,432445,78.53
"courage scared anyway",3,432448,78.53
"course baby girl",3,432451,78.53
"course did did",3,432454,78.53
"course happen bottle",3,432457,78.53
"course just like",3,432460,78.53
"course looks like",3,432463,78.53
"course thanks stopping",3,432466,78.53
"cousin graduation party",3,432469,78.53
"cousin just asked",3,432472,78.53
"cousin just said",3,432475,78.53
"cousin just told",3,432478,78.54
"cousin north carolina",3,432481,78.54
"cover app open",3,432484,78.54
"cover catch eye",3,432487,78.54
"cover dj mix",3,432490,78.54
"cover hip hop",3,432493,78.54
"cover last night",3,432496,78.54
"cover line skip",3,432499,78.54
"cover new book",3,432502,78.54
"cover night dj",3,432505,78.54
"cover photo just",3,432508,78.54
"cover street groove",3,432511,78.54
"coverage health care",3,432514,78.54
"covered health insurance",3,432517,78.54
"covers promo cd",3,432520,78.54
"covers punch face",3,432523,78.54
"covers song art",3,432526,78.54
"covers www com",3,432529,78.54
"cow laughed milk",3,432532,78.54
"cowboys going win",3,432535,78.55
"cowboys vs aliens",3,432538,78.55
"coyotes vs kings",3,432541,78.55
"crab cakes crab",3,432544,78.55
"crab stuffed baked",3,432547,78.55
"crab whale daughter",3,432550,78.55
"craft folk art",3,432553,78.55
"craft vendor pm",3,432556,78.55
"crazy clown time",3,432559,78.55
"crazy couple days",3,432562,78.55
"crazy don care",3,432565,78.55
"crazy don wait",3,432568,78.55
"crazy don want",3,432571,78.55
"crazy fun weekend",3,432574,78.55
"crazy get wild",3,432577,78.55
"crazy girl don",3,432580,78.55
"crazy go rip",3,432583,78.55
"crazy homeless people",3,432586,78.55
"crazy like crazy",3,432589,78.56
"crazy like part",3,432592,78.56
"crazy seeing actually",3,432595,78.56
"crazy think going",3,432598,78.56
"crazy thunder lightning",3,432601,78.56
"crazy time get",3,432604,78.56
"crazy uncle joe",3,432607,78.56
"crazy weekend ahead",3,432610,78.56
"crazy world got",3,432613,78.56
"cream cake cake",3,432616,78.56
"cream hot fudge",3,432619,78.56
"cream made great",3,432622,78.56
"create brand awareness",3,432625,78.56
"create clean heart",3,432628,78.56
"create fact william",3,432631,78.56
"create place mind",3,432634,78.56
"create stunning art",3,432637,78.56
"created heaven earth",3,432640,78.56
"created keep away",3,432643,78.57
"created new account",3,432646,78.57
"creates paper rolls",3,432649,78.57
"creating best new",3,432652,78.57
"creating new habits",3,432655,78.57
"creating positive healthy",3,432658,78.57
"creating twitter account",3,432661,78.57
"creation support charities",3,432664,78.57
"creative dedicated made",3,432667,78.57
"creative gift ideas",3,432670,78.57
"creative juices going",3,432673,78.57
"creative place alan",3,432676,78.57
"creative place making",3,432679,78.57
"creativity afraid fail",3,432682,78.57
"creativity comes trust",3,432685,78.57
"credentials ones benefit",3,432688,78.57
"credit card info",3,432691,78.57
"credit card points",3,432694,78.57
"credit card www",3,432697,78.57
"credit score contact",3,432700,78.58
"creepy don care",3,432703,78.58
"crew miss guys",3,432706,78.58
"crew ur crew",3,432709,78.58
"crew wants interview",3,432712,78.58
"cried real tears",3,432715,78.58
"cried river world",3,432718,78.58
"crispy fried eggs",3,432721,78.58
"critical race theory",3,432724,78.58
"critics consensus wet",3,432727,78.58
"cross body block",3,432730,78.58
"cross hang straight",3,432733,78.58
"cross sector collaboration",3,432736,78.58
"cross small jumps",3,432739,78.58
"crossed don get",3,432742,78.58
"crossed finish line",3,432745,78.58
"crossed mind last",3,432748,78.58
"crossing path passed",3,432751,78.58
"crown impact act",3,432754,78.59
"cruel april fools",3,432757,78.59
"cruise oh yeah",3,432760,78.59
"crush middle school",3,432763,78.59
"cry bob marley",3,432766,78.59
"cry like freaking",3,432769,78.59
"cry made laugh",3,432772,78.59
"cry river build",3,432775,78.59
"cry seconds later",3,432778,78.59
"crying happy tears",3,432781,78.59
"crying like little",3,432784,78.59
"crying mother daughter",3,432787,78.59
"crying sleep night",3,432790,78.59
"cube today good",3,432793,78.59
"cubs bulls hawks",3,432796,78.59
"cubs game today",3,432799,78.59
"cubs game tomorrow",3,432802,78.59
"cubs vs brewers",3,432805,78.59
"cultural tourism development",3,432808,78.6
"cup coffee feeling",3,432811,78.6
"cup coffee hot",3,432814,78.6
"cup final today",3,432817,78.6
"cup go usa",3,432820,78.6
"cup world cup",3,432823,78.6
"cups coffee town",3,432826,78.6
"cups green tea",3,432829,78.6
"cure person love",3,432832,78.6
"curiosity did find",3,432835,78.6
"curious looking read",3,432838,78.6
"current bid hear",3,432841,78.6
"current president state",3,432844,78.6
"currently boiling water",3,432847,78.6
"currently book readers",3,432850,78.6
"currently looking contract",3,432853,78.6
"currently working issue",3,432856,78.6
"curse starving class",3,432859,78.6
"curtains find plan",3,432862,78.6
"custom posters perfect",3,432865,78.61
"customer orders today",3,432868,78.61
"customer pays wages",3,432871,78.61
"customer service bad",3,432874,78.61
"customer service department",3,432877,78.61
"customer service get",3,432880,78.61
"customer service go",3,432883,78.61
"customer service happy",3,432886,78.61
"customer service like",3,432889,78.61
"customer service needs",3,432892,78.61
"customer service rocks",3,432895,78.61
"customer service slow",3,432898,78.61
"customer service time",3,432901,78.61
"customer service win",3,432904,78.61
"customers products find",3,432907,78.61
"cut salad potato",3,432910,78.61
"cut social security",3,432913,78.61
"cute boy girl",3,432916,78.61
"cute haven seen",3,432919,78.62
"cute hello kitty",3,432922,78.62
"cute just thought",3,432925,78.62
"cute like annoying",3,432928,78.62
"cute likes face",3,432931,78.62
"cute smart funny",3,432934,78.62
"cute stay home",3,432937,78.62
"cute want say",3,432940,78.62
"cuts services rates",3,432943,78.62
"cutting own hair",3,432946,78.62
"da da best",3,432949,78.62
"da feature film",3,432952,78.62
"da game da",3,432955,78.62
"da happy birthday",3,432958,78.62
"da home team",3,432961,78.62
"da price right",3,432964,78.62
"da studio wit",3,432967,78.62
"da way da",3,432970,78.62
"da world trade",3,432973,78.63
"dad comes home",3,432976,78.63
"dad decided live",3,432979,78.63
"dad don care",3,432982,78.63
"dad don get",3,432985,78.63
"dad don think",3,432988,78.63
"dad gives money",3,432991,78.63
"dad looks like",3,432994,78.63
"dad said gonna",3,432997,78.63
"dad said take",3,433000,78.63
"dad says go",3,433003,78.63
"dad years ago",3,433006,78.63
"daddy does cost",3,433009,78.63
"daddy must baker",3,433012,78.63
"daily last night",3,433015,78.63
"dale henry houston",3,433018,78.63
"dale jr win",3,433021,78.63
"dallas holocaust museum",3,433024,78.63
"dallas international film",3,433027,78.63
"damage daily specials",3,433030,78.64
"damage really fix",3,433033,78.64
"dame fighting irish",3,433036,78.64
"dan duo com",3,433039,78.64
"dana wish list",3,433042,78.64
"dance anyone know",3,433045,78.64
"dance basketball follow",3,433048,78.64
"dance company perform",3,433051,78.64
"dance hope dance",3,433054,78.64
"dance judge hate",3,433057,78.64
"dance lessons begin",3,433060,78.64
"dance lessons jason",3,433063,78.64
"dance lessons start",3,433066,78.64
"dance rain unknown",3,433069,78.64
"dance studio pm",3,433072,78.64
"dance team turning",3,433075,78.64
"dancers athletes albert",3,433078,78.64
"dancers dealers called",3,433081,78.64
"dancing away heart",3,433084,78.65
"dancing news morning",3,433087,78.65
"danger snack does",3,433090,78.65
"dangerous don want",3,433093,78.65
"dare say just",3,433096,78.65
"dare say love",3,433099,78.65
"dare write biggest",3,433102,78.65
"daring believe doing",3,433105,78.65
"dark end street",3,433108,78.65
"dark holds world",3,433111,78.65
"dark really light",3,433114,78.65
"dark room hear",3,433117,78.65
"dark white chocolate",3,433120,78.65
"dat white girl",3,433123,78.65
"data real time",3,433126,78.65
"date ends breakfast",3,433129,78.65
"date ends dinner",3,433132,78.65
"date girl years",3,433135,78.65
"date homework make",3,433138,78.65
"date look good",3,433141,78.66
"date near future",3,433144,78.66
"dates calendar closer",3,433147,78.66
"daughter just turned",3,433150,78.66
"daughter last night",3,433153,78.66
"daughter soccer game",3,433156,78.66
"daughter th grade",3,433159,78.66
"daughter wants go",3,433162,78.66
"daughters hip hop",3,433165,78.66
"dave miller experience",3,433168,78.66
"david looks like",3,433171,78.66
"david social network",3,433174,78.66
"davis jones lamb",3,433177,78.66
"davis last night",3,433180,78.66
"davis struck times",3,433183,78.66
"dawn send away",3,433186,78.66
"day alive good",3,433189,78.66
"day animated logo",3,433192,78.66
"day answered phone",3,433195,78.67
"day author unknown",3,433198,78.67
"day awake night",3,433201,78.67
"day bad got",3,433204,78.67
"day bad idea",3,433207,78.67
"day become stronger",3,433210,78.67
"day bob marley",3,433213,78.67
"day boot camp",3,433216,78.67
"day born just",3,433219,78.67
"day boston come",3,433222,78.67
"day boston marathon",3,433225,78.67
"day brilliant idea",3,433228,78.67
"day bring joy",3,433231,78.67
"day brunch tomorrow",3,433234,78.67
"day buy new",3,433237,78.67
"day came risk",3,433240,78.67
"day captain school",3,433243,78.67
"day card made",3,433246,78.67
"day cards get",3,433249,78.68
"day central park",3,433252,78.68
"day change life",3,433255,78.68
"day chapter alpha",3,433258,78.68
"day chicken cream",3,433261,78.68
"day chicken greek",3,433264,78.68
"day chicken rice",3,433267,78.68
"day christmas true",3,433270,78.68
"day cody simpson",3,433273,78.68
"day coffee shop",3,433276,78.68
"day combo purchase",3,433279,78.68
"day come later",3,433282,78.68
"day come love",3,433285,78.68
"day come party",3,433288,78.68
"day come pm",3,433291,78.68
"day come try",3,433294,78.68
"day comes close",3,433297,78.68
"day day changes",3,433300,78.68
"day day end",3,433303,78.68
"day day fast",3,433306,78.69
"day day go",3,433309,78.69
"day day great",3,433312,78.69
"day day home",3,433315,78.69
"day day keep",3,433318,78.69
"day day need",3,433321,78.69
"day day operations",3,433324,78.69
"day day proud",3,433327,78.69
"day day seems",3,433330,78.69
"day day stop",3,433333,78.69
"day day take",3,433336,78.69
"day day think",3,433339,78.69
"day day time",3,433342,78.69
"day day today",3,433345,78.69
"day day week",3,433348,78.69
"day day weekend",3,433351,78.69
"day dinner last",3,433354,78.69
"day dinner tonight",3,433357,78.69
"day don bring",3,433360,78.7
"day don give",3,433363,78.7
"day don say",3,433366,78.7
"day don start",3,433369,78.7
"day don wish",3,433372,78.7
"day done work",3,433375,78.7
"day dream come",3,433378,78.7
"day drink wine",3,433381,78.7
"day early vote",3,433384,78.7
"day earth stood",3,433387,78.7
"day eat lunch",3,433390,78.7
"day end week",3,433393,78.7
"day event today",3,433396,78.7
"day feeling tired",3,433399,78.7
"day filled family",3,433402,78.7
"day filled laughter",3,433405,78.7
"day finally going",3,433408,78.7
"day finally time",3,433411,78.7
"day find guy",3,433414,78.71
"day followed love",3,433417,78.71
"day forum congress",3,433420,78.71
"day freshman year",3,433423,78.71
"day get entire",3,433426,78.71
"day get followers",3,433429,78.71
"day get right",3,433432,78.71
"day get tan",3,433435,78.71
"day get tonight",3,433438,78.71
"day gets worse",3,433441,78.71
"day go ahead",3,433444,78.71
"day go brewers",3,433447,78.71
"day go buy",3,433450,78.71
"day go enjoy",3,433453,78.71
"day go follow",3,433456,78.71
"day go go",3,433459,78.71
"day go make",3,433462,78.71
"day go shop",3,433465,78.71
"day go slow",3,433468,78.71
"day go time",3,433471,78.72
"day go way",3,433474,78.72
"day going amazing",3,433477,78.72
"day going buy",3,433480,78.72
"day going end",3,433483,78.72
"day going enjoy",3,433486,78.72
"day going fast",3,433489,78.72
"day going fun",3,433492,78.72
"day going happy",3,433495,78.72
"day going pretty",3,433498,78.72
"day going right",3,433501,78.72
"day going spend",3,433504,78.72
"day going start",3,433507,78.72
"day going take",3,433510,78.72
"day going time",3,433513,78.72
"day going way",3,433516,78.72
"day going work",3,433519,78.72
"day good life",3,433522,78.72
"day good things",3,433525,78.73
"day great cause",3,433528,78.73
"day great great",3,433531,78.73
"day great job",3,433534,78.73
"day great mom",3,433537,78.73
"day great way",3,433540,78.73
"day happy international",3,433543,78.73
"day happy thursday",3,433546,78.73
"day headed home",3,433549,78.73
"day hear song",3,433552,78.73
"day help get",3,433555,78.73
"day holiday season",3,433558,78.73
"day home nice",3,433561,78.73
"day home state",3,433564,78.73
"day home work",3,433567,78.73
"day hope able",3,433570,78.73
"day hope awesome",3,433573,78.73
"day hope doing",3,433576,78.73
"day hope look",3,433579,78.74
"day hope love",3,433582,78.74
"day hope today",3,433585,78.74
"day hope week",3,433588,78.74
"day hopefully get",3,433591,78.74
"day hopefully make",3,433594,78.74
"day hoping tomorrow",3,433597,78.74
"day hot dog",3,433600,78.74
"day hunger games",3,433603,78.74
"day join downtown",3,433606,78.74
"day just come",3,433609,78.74
"day just days",3,433612,78.74
"day just did",3,433615,78.74
"day just found",3,433618,78.74
"day just give",3,433621,78.74
"day just happy",3,433624,78.74
"day just hit",3,433627,78.74
"day just keep",3,433630,78.74
"day just memory",3,433633,78.74
"day just met",3,433636,78.75
"day just realized",3,433639,78.75
"day just saying",3,433642,78.75
"day just sent",3,433645,78.75
"day just stay",3,433648,78.75
"day just stop",3,433651,78.75
"day just think",3,433654,78.75
"day just turned",3,433657,78.75
"day just woke",3,433660,78.75
"day kids school",3,433663,78.75
"day king george",3,433666,78.75
"day late thanks",3,433669,78.75
"day learning new",3,433672,78.75
"day left day",3,433675,78.75
"day life get",3,433678,78.75
"day life right",3,433681,78.75
"day like half",3,433684,78.75
"day like know",3,433687,78.75
"day like time",3,433690,78.76
"day long follow",3,433693,78.76
"day long like",3,433696,78.76
"day long night",3,433699,78.76
"day long work",3,433702,78.76
"day love amazing",3,433705,78.76
"day love biggest",3,433708,78.76
"day love both",3,433711,78.76
"day love happy",3,433714,78.76
"day love keep",3,433717,78.76
"day love new",3,433720,78.76
"day love seeing",3,433723,78.76
"day love thank",3,433726,78.76
"day love ur",3,433729,78.76
"day love wish",3,433732,78.76
"day loyal fans",3,433735,78.76
"day makes day",3,433738,78.76
"day mama schmidt",3,433741,78.76
"day march madness",3,433744,78.77
"day maybe day",3,433747,78.77
"day maybe week",3,433750,78.77
"day middle school",3,433753,78.77
"day milwaukee today",3,433756,78.77
"day month team",3,433759,78.77
"day mother world",3,433762,78.77
"day music world",3,433765,78.77
"day needs go",3,433768,78.77
"day neighborhood beautiful",3,433771,78.77
"day new chance",3,433774,78.77
"day new house",3,433777,78.77
"day new opportunity",3,433780,78.77
"day new website",3,433783,78.77
"day nice know",3,433786,78.77
"day nice outside",3,433789,78.77
"day nice work",3,433792,78.77
"day night fun",3,433795,78.77
"day night last",3,433798,78.77
"day nyc hope",3,433801,78.78
"day open today",3,433804,78.78
"day parade weekend",3,433807,78.78
"day passes sold",3,433810,78.78
"day perfect way",3,433813,78.78
"day perfect weather",3,433816,78.78
"day play night",3,433819,78.78
"day plenty time",3,433822,78.78
"day pm today",3,433825,78.78
"day practice today",3,433828,78.78
"day present today",3,433831,78.78
"day pursue fulfill",3,433834,78.78
"day put feet",3,433837,78.78
"day reading book",3,433840,78.78
"day real moms",3,433843,78.78
"day realize james",3,433846,78.78
"day realize lost",3,433849,78.78
"day rock tonight",3,433852,78.78
"day run day",3,433855,78.79
"day running errands",3,433858,78.79
"day said good",3,433861,78.79
"day sale today",3,433864,78.79
"day saturday april",3,433867,78.79
"day saturday march",3,433870,78.79
"day saturday sunday",3,433873,78.79
"day school faculty",3,433876,78.79
"day school good",3,433879,78.79
"day school got",3,433882,78.79
"day school people",3,433885,78.79
"day school school",3,433888,78.79
"day school spring",3,433891,78.79
"day school st",3,433894,78.79
"day school starts",3,433897,78.79
"day school th",3,433900,78.79
"day school weekend",3,433903,78.79
"day school weeks",3,433906,78.79
"day school wish",3,433909,78.79
"day section news",3,433912,78.8
"day seeing tonight",3,433915,78.8
"day september th",3,433918,78.8
"day single mothers",3,433921,78.8
"day smile face",3,433924,78.8
"day sony service",3,433927,78.8
"day sorry missed",3,433930,78.8
"day sounds good",3,433933,78.8
"day spend night",3,433936,78.8
"day squash sugar",3,433939,78.8
"day starting good",3,433942,78.8
"day starting think",3,433945,78.8
"day stay bed",3,433948,78.8
"day stay blessed",3,433951,78.8
"day stay inside",3,433954,78.8
"day strategic planning",3,433957,78.8
"day stress free",3,433960,78.8
"day sundays thinking",3,433963,78.8
"day sunny san",3,433966,78.81
"day super fun",3,433969,78.81
"day taking long",3,433972,78.81
"day talk later",3,433975,78.81
"day tax day",3,433978,78.81
"day teen moms",3,433981,78.81
"day thankful seeing",3,433984,78.81
"day thankful wonderful",3,433987,78.81
"day thanks making",3,433990,78.81
"day thanks reminder",3,433993,78.81
"day thanks served",3,433996,78.81
"day thanks sharing",3,433999,78.81
"day thanks spreading",3,434002,78.81
"day thanks stopping",3,434005,78.81
"day thanks supporting",3,434008,78.81
"day thanks sweet",3,434011,78.81
"day thing make",3,434014,78.81
"day things looking",3,434017,78.81
"day till day",3,434020,78.82
"day till friday",3,434023,78.82
"day time eat",3,434026,78.82
"day time need",3,434029,78.82
"day time play",3,434032,78.82
"day tomorrow don",3,434035,78.82
"day tomorrow got",3,434038,78.82
"day tomorrow guys",3,434041,78.82
"day tomorrow hopefully",3,434044,78.82
"day tomorrow maybe",3,434047,78.82
"day tomorrow need",3,434050,78.82
"day tomorrow starts",3,434053,78.82
"day tomorrow take",3,434056,78.82
"day tomorrow tired",3,434059,78.82
"day tomorrow want",3,434062,78.82
"day training new",3,434065,78.82
"day trying decide",3,434068,78.82
"day turned good",3,434071,78.82
"day tweet get",3,434074,78.82
"day tweet peeps",3,434077,78.83
"day ur mom",3,434080,78.83
"day visit museum",3,434083,78.83
"day vote favorite",3,434086,78.83
"day watch listen",3,434089,78.83
"day watch tv",3,434092,78.83
"day wear white",3,434095,78.83
"day week friday",3,434098,78.83
"day week going",3,434101,78.83
"day week got",3,434104,78.83
"day week great",3,434107,78.83
"day week let",3,434110,78.83
"day week twice",3,434113,78.83
"day weekend ahead",3,434116,78.83
"day weekend begins",3,434119,78.83
"day weekend celebrating",3,434122,78.83
"day weekend doing",3,434125,78.83
"day weekend friends",3,434128,78.83
"day weekend good",3,434131,78.84
"day weekend happy",3,434134,78.84
"day weekend maybe",3,434137,78.84
"day weekend monday",3,434140,78.84
"day weekend right",3,434143,78.84
"day weekend saturday",3,434146,78.84
"day weekend share",3,434149,78.84
"day weekend special",3,434152,78.84
"day weekend stay",3,434155,78.84
"day weekend summer",3,434158,78.84
"day white house",3,434161,78.84
"day white wedding",3,434164,78.84
"day win summer",3,434167,78.84
"day wisdom consists",3,434170,78.84
"day work ahead",3,434173,78.84
"day work better",3,434176,78.84
"day work big",3,434179,78.84
"day work chicken",3,434182,78.84
"day work days",3,434185,78.85
"day work fun",3,434188,78.85
"day work gotta",3,434191,78.85
"day work gym",3,434194,78.85
"day work happy",3,434197,78.85
"day work lets",3,434200,78.85
"day work make",3,434203,78.85
"day work office",3,434206,78.85
"day work really",3,434209,78.85
"day world discovered",3,434212,78.85
"day world love",3,434215,78.85
"days ago degrees",3,434218,78.85
"days ago friend",3,434221,78.85
"days ago get",3,434224,78.85
"days ago getting",3,434227,78.85
"days ago great",3,434230,78.85
"days ago make",3,434233,78.85
"days ago miss",3,434236,78.85
"days ago won",3,434239,78.85
"days ago wow",3,434242,78.86
"days bill dana",3,434245,78.86
"days boyfriend excited",3,434248,78.86
"days christmas shopping",3,434251,78.86
"days christmas stop",3,434254,78.86
"days come check",3,434257,78.86
"days days love",3,434260,78.86
"days don talk",3,434263,78.86
"days don think",3,434266,78.86
"days felt like",3,434269,78.86
"days getting closer",3,434272,78.86
"days getting ready",3,434275,78.86
"days going great",3,434278,78.86
"days gonna start",3,434281,78.86
"days good thing",3,434284,78.86
"days great days",3,434287,78.86
"days harry potter",3,434290,78.86
"days hope feel",3,434293,78.86
"days hope ready",3,434296,78.87
"days january th",3,434299,78.87
"days last longer",3,434302,78.87
"days later got",3,434305,78.87
"days laughter makes",3,434308,78.87
"days left apply",3,434311,78.87
"days left days",3,434314,78.87
"days left excited",3,434317,78.87
"days left free",3,434320,78.87
"days left high",3,434323,78.87
"days left new",3,434326,78.87
"days left order",3,434329,78.87
"days left party",3,434332,78.87
"days left sign",3,434335,78.87
"days let go",3,434338,78.87
"days like really",3,434341,78.87
"days long ago",3,434344,78.87
"days love makes",3,434347,78.87
"days make sure",3,434350,78.88
"days make wanna",3,434353,78.88
"days phone ring",3,434356,78.88
"days really like",3,434359,78.88
"days short nights",3,434362,78.88
"days summer soundtrack",3,434365,78.88
"days till baby",3,434368,78.88
"days till best",3,434371,78.88
"days till dc",3,434374,78.88
"days till friday",3,434377,78.88
"days till move",3,434380,78.88
"days till nyc",3,434383,78.88
"days till spencer",3,434386,78.88
"days till th",3,434389,78.88
"days wait follow",3,434392,78.88
"days warped tour",3,434395,78.88
"days weekend wait",3,434398,78.88
"dc book signing",3,434401,78.88
"dc cherry blossom",3,434404,78.88
"dc convention center",3,434407,78.89
"dc dynamic ip",3,434410,78.89
"dc early voting",3,434413,78.89
"dc hawaii illinois",3,434416,78.89
"dc hotel gr",3,434419,78.89
"dc tonight pm",3,434422,78.89
"deadline fast approaching",3,434425,78.89
"deadline feb th",3,434428,78.89
"deadline tuesday april",3,434431,78.89
"deal gone bad",3,434434,78.89
"deal seems like",3,434437,78.89
"deal sounds like",3,434440,78.89
"deal twitter fans",3,434443,78.89
"dealers called exotic",3,434446,78.89
"deals butler gum",3,434449,78.89
"deals start today",3,434452,78.89
"dear alec baldwin",3,434455,78.89
"dear chocolate commercials",3,434458,78.89
"dear customer service",3,434461,78.9
"dear don come",3,434464,78.9
"dear friends thank",3,434467,78.9
"dear life complete",3,434470,78.9
"dear looking forward",3,434473,78.9
"dear mtv wondering",3,434476,78.9
"dear past stop",3,434479,78.9
"dear people check",3,434482,78.9
"dear people school",3,434485,78.9
"dear radio necessary",3,434488,78.9
"dear reading beautiful",3,434491,78.9
"dear thank bringing",3,434494,78.9
"dear things seems",3,434497,78.9
"dear tummy sorry",3,434500,78.9
"dear twitter fans",3,434503,78.9
"dear twitter followers",3,434506,78.9
"dear twitter stop",3,434509,78.9
"debt ceiling rise",3,434512,78.9
"debut album coming",3,434515,78.91
"debut album sin",3,434518,78.91
"debut last night",3,434521,78.91
"debut saturday night",3,434524,78.91
"decade time living",3,434527,78.91
"december let know",3,434530,78.91
"decent performance good",3,434533,78.91
"decent place live",3,434536,78.91
"decide face slap",3,434539,78.91
"decide judge make",3,434542,78.91
"decided go get",3,434545,78.91
"decided live own",3,434548,78.91
"decided take nap",3,434551,78.91
"decided take time",3,434554,78.91
"decision made today",3,434557,78.91
"decision temporary feelings",3,434560,78.91
"decisions don make",3,434563,78.91
"decisions make mistakes",3,434566,78.91
"declare new support",3,434569,78.91
"decorate own soul",3,434572,78.92
"decorating christmas tree",3,434575,78.92
"dedicated made world",3,434578,78.92
"dedication service libraries",3,434581,78.92
"deeds done better",3,434584,78.92
"deep brown eyes",3,434587,78.92
"deep fried bacon",3,434590,78.92
"deep fried pizza",3,434593,78.92
"deep inside doubt",3,434596,78.92
"deep ncaa run",3,434599,78.92
"deep permanent ideas",3,434602,78.92
"deep tech house",3,434605,78.92
"deeper love attachment",3,434608,78.92
"deepest conviction better",3,434611,78.92
"deeply enjoy simply",3,434614,78.92
"deeply live maintain",3,434617,78.92
"defeat comes accept",3,434620,78.92
"defeat comes man",3,434623,78.92
"defeat spanish year",3,434626,78.93
"defend right say",3,434629,78.93
"defense look like",3,434632,78.93
"defense looks like",3,434635,78.93
"defense minor troubles",3,434638,78.93
"deficit increases personal",3,434641,78.93
"defined clear expression",3,434644,78.93
"definitely agree love",3,434647,78.93
"definitely come soon",3,434650,78.93
"definitely come visit",3,434653,78.93
"definitely don care",3,434656,78.93
"definitely don miss",3,434659,78.93
"definitely favorite place",3,434662,78.93
"definitely good times",3,434665,78.93
"definitely looked like",3,434668,78.93
"definitely looking like",3,434671,78.93
"definitely love get",3,434674,78.93
"definitely make day",3,434677,78.93
"definitely make sure",3,434680,78.93
"degrees great day",3,434683,78.94
"degrees sunny today",3,434686,78.94
"del mar beach",3,434689,78.94
"delay time benjamin",3,434692,78.94
"delete contacts phone",3,434695,78.94
"delete twitter account",3,434698,78.94
"delete ur twitter",3,434701,78.94
"deleted blocked kiss",3,434704,78.94
"deleted twitter account",3,434707,78.94
"delicious bill meyer",3,434710,78.94
"delicious gluten free",3,434713,78.94
"delicious must try",3,434716,78.94
"delicious wait try",3,434719,78.94
"delighted box part",3,434722,78.94
"delivered fears psalm",3,434725,78.94
"delivery code nov",3,434728,78.94
"delivery www com",3,434731,78.94
"dell booth come",3,434734,78.94
"dell children tonight",3,434737,78.95
"dell rolling deep",3,434740,78.95
"delta sky club",3,434743,78.95
"demand like thank",3,434746,78.95
"democratic national convention",3,434749,78.95
"denial just reality",3,434752,78.95
"denial tapes explosive",3,434755,78.95
"denver art museum",3,434758,78.95
"denver public library",3,434761,78.95
"denver restaurant week",3,434764,78.95
"deny feelings grow",3,434767,78.95
"deny freedom deserve",3,434770,78.95
"deny individual rights",3,434773,78.95
"deny weight loss",3,434776,78.95
"depends long takes",3,434779,78.95
"depends put tom",3,434782,78.95
"depressed living past",3,434785,78.95
"dept cultural resources",3,434788,78.95
"depth hour separation",3,434791,78.96
"derby day come",3,434794,78.96
"derby party mint",3,434797,78.96
"derby party tomorrow",3,434800,78.96
"describe life right",3,434803,78.96
"describe way feel",3,434806,78.96
"desert pool cleaning",3,434809,78.96
"deserve treated like",3,434812,78.96
"deserves called scholar",3,434815,78.96
"deserves makes look",3,434818,78.96
"design know writer",3,434821,78.96
"design new logo",3,434824,78.96
"design research conference",3,434827,78.96
"design resource day",3,434830,78.96
"design tip create",3,434833,78.96
"designated driver mini",3,434836,78.96
"designer print web",3,434839,78.96
"designer submit theme",3,434842,78.96
"designing developing custom",3,434845,78.96
"designing developing quality",3,434848,78.97
"designing homes san",3,434851,78.97
"designing today twitter",3,434854,78.97
"designs done let",3,434857,78.97
"desired notice reply",3,434860,78.97
"desk sign desk",3,434863,78.97
"despair future human",3,434866,78.97
"desperate need time",3,434869,78.97
"desperately need get",3,434872,78.97
"despite rage just",3,434875,78.97
"destinations unaware martin",3,434878,78.97
"destiny fate control",3,434881,78.97
"destroyed ugly personality",3,434884,78.97
"detail car mobile",3,434887,78.97
"detail mobile sd",3,434890,78.97
"detail rainy days",3,434893,78.97
"detail upcoming event",3,434896,78.97
"details check work",3,434899,78.97
"details http www",3,434902,78.98
"details let know",3,434905,78.98
"details live report",3,434908,78.98
"details www facebook",3,434911,78.98
"determined life brings",3,434914,78.98
"detroit metro airport",3,434917,78.98
"detroit music scene",3,434920,78.98
"develop later life",3,434923,78.98
"developed sense humor",3,434926,78.98
"developer message info",3,434929,78.98
"developers full time",3,434932,78.98
"development wells fargo",3,434935,78.98
"devils win cup",3,434938,78.98
"dexter lotus resident",3,434941,78.98
"dictionary word week",3,434944,78.98
"did actually like",3,434947,78.98
"did anyone attend",3,434950,78.98
"did anyone listen",3,434953,78.98
"did anyone realize",3,434956,78.99
"did anything fun",3,434959,78.99
"did anything special",3,434962,78.99
"did ask go",3,434965,78.99
"did best become",3,434968,78.99
"did best friend",3,434971,78.99
"did bin laden",3,434974,78.99
"did blast last",3,434977,78.99
"did casting workshops",3,434980,78.99
"did cease artist",3,434983,78.99
"did check ur",3,434986,78.99
"did check website",3,434989,78.99
"did decide start",3,434992,78.99
"did dye ur",3,434995,78.99
"did east coast",3,434998,78.99
"did exist wish",3,435001,78.99
"did expect anything",3,435004,78.99
"did fall apart",3,435007,78.99
"did fantastic work",3,435010,78.99
"did felt like",3,435013,79
"did finally get",3,435016,79
"did find did",3,435019,79
"did find new",3,435022,79
"did find parent",3,435025,79
"did find video",3,435028,79
"did find way",3,435031,79
"did giving away",3,435034,79
"did go buy",3,435037,79
"did go catch",3,435040,79
"did go college",3,435043,79
"did go fast",3,435046,79
"did go good",3,435049,79
"did go morning",3,435052,79
"did go sleep",3,435055,79
"did go work",3,435058,79
"did good get",3,435061,79
"did good seeing",3,435064,79
"did great last",3,435067,79.01
"did great man",3,435070,79.01
"did great performance",3,435073,79.01
"did great thanks",3,435076,79.01
"did great today",3,435079,79.01
"did green bay",3,435082,79.01
"did hear coming",3,435085,79.01
"did hear home",3,435088,79.01
"did hear just",3,435091,79.01
"did hear obama",3,435094,79.01
"did hear said",3,435097,79.01
"did hear song",3,435100,79.01
"did help thanks",3,435103,79.01
"did hip hop",3,435106,79.01
"did just commercial",3,435109,79.01
"did just learn",3,435112,79.01
"did just look",3,435115,79.01
"did just need",3,435118,79.01
"did just reply",3,435121,79.02
"did just said",3,435124,79.02
"did just start",3,435127,79.02
"did just thank",3,435130,79.02
"did just throw",3,435133,79.02
"did just want",3,435136,79.02
"did just wink",3,435139,79.02
"did kids get",3,435142,79.02
"did last years",3,435145,79.02
"did let know",3,435148,79.02
"did like hunger",3,435151,79.02
"did like really",3,435154,79.02
"did like said",3,435157,79.02
"did like times",3,435160,79.02
"did little jerk",3,435163,79.02
"did make appearance",3,435166,79.02
"did make day",3,435169,79.02
"did make far",3,435172,79.02
"did make great",3,435175,79.02
"did make life",3,435178,79.03
"did make look",3,435181,79.03
"did make mistake",3,435184,79.03
"did make people",3,435187,79.03
"did make smile",3,435190,79.03
"did make time",3,435193,79.03
"did make weekend",3,435196,79.03
"did make work",3,435199,79.03
"did miss announcement",3,435202,79.03
"did miss birthday",3,435205,79.03
"did miss day",3,435208,79.03
"did miss email",3,435211,79.03
"did miss seeing",3,435214,79.03
"did mom get",3,435217,79.03
"did mom say",3,435220,79.03
"did mothers day",3,435223,79.03
"did need get",3,435226,79.03
"did need go",3,435229,79.03
"did new video",3,435232,79.04
"did nice meet",3,435235,79.04
"did nice work",3,435238,79.04
"did pay say",3,435241,79.04
"did pretend water",3,435244,79.04
"did pretty awesome",3,435247,79.04
"did race go",3,435250,79.04
"did really eat",3,435253,79.04
"did really make",3,435256,79.04
"did really put",3,435259,79.04
"did receive message",3,435262,79.04
"did receive send",3,435265,79.04
"did romney say",3,435268,79.04
"did run away",3,435271,79.04
"did say day",3,435274,79.04
"did say happy",3,435277,79.04
"did say love",3,435280,79.04
"did say team",3,435283,79.04
"did say think",3,435286,79.05
"did say yes",3,435289,79.05
"did talk soon",3,435292,79.05
"did things don",3,435295,79.05
"did things right",3,435298,79.05
"did think funny",3,435301,79.05
"did think game",3,435304,79.05
"did think going",3,435307,79.05
"did think meant",3,435310,79.05
"did think possible",3,435313,79.05
"did think twitter",3,435316,79.05
"did trying figure",3,435319,79.05
"did twitter get",3,435322,79.05
"did twitter go",3,435325,79.05
"did way better",3,435328,79.05
"did way go",3,435331,79.05
"did write songs",3,435334,79.05
"did write tonight",3,435337,79.05
"diego chargers san",3,435340,79.05
"diego craft revolution",3,435343,79.06
"diego family expo",3,435346,79.06
"diego las vegas",3,435349,79.06
"diego native jessica",3,435352,79.06
"diego news pm",3,435355,79.06
"diego provide email",3,435358,79.06
"diego stay tuned",3,435361,79.06
"diet ad probably",3,435364,79.06
"diet exercise plan",3,435367,79.06
"diet mental approach",3,435370,79.06
"diet suggest carrot",3,435373,79.06
"difference age rule",3,435376,79.06
"difference boy man",3,435379,79.06
"difference social media",3,435382,79.06
"differences natural limits",3,435385,79.06
"different area codes",3,435388,79.06
"different day people",3,435391,79.06
"different last year",3,435394,79.06
"different models success",3,435397,79.07
"different person don",3,435400,79.07
"different places just",3,435403,79.07
"different time zone",3,435406,79.07
"different times just",3,435409,79.07
"different times today",3,435412,79.07
"different types brain",3,435415,79.07
"different voices hear",3,435418,79.07
"different ways people",3,435421,79.07
"difficult remove hunger",3,435424,79.07
"difficult risk take",3,435427,79.07
"difficult trained days",3,435430,79.07
"digging new song",3,435433,79.07
"digital innovation lab",3,435436,79.07
"digital marketing agency",3,435439,79.07
"digital new media",3,435442,79.07
"dine tonight reserve",3,435445,79.07
"dine wisconsin today",3,435448,79.07
"dinner cheesecake factory",3,435451,79.07
"dinner cook tonight",3,435454,79.08
"dinner drinks downtown",3,435457,79.08
"dinner friends family",3,435460,79.08
"dinner friends tonight",3,435463,79.08
"dinner get free",3,435466,79.08
"dinner ice cream",3,435469,79.08
"dinner movie date",3,435472,79.08
"dinner movie tonight",3,435475,79.08
"dinner promote health",3,435478,79.08
"dinner special salmon",3,435481,79.08
"dinner starts pm",3,435484,79.08
"dinner tonight got",3,435487,79.08
"dinner tonight gotta",3,435490,79.08
"dinner tonight hungry",3,435493,79.08
"dinner tonight suggestions",3,435496,79.08
"dinner tonight time",3,435499,79.08
"dinner tonight tomorrow",3,435502,79.08
"dinner tonight woo",3,435505,79.08
"dinner tonight yummy",3,435508,79.09
"direct eye contact",3,435511,79.09
"direct message don",3,435514,79.09
"direct message like",3,435517,79.09
"direct message link",3,435520,79.09
"direct message number",3,435523,79.09
"direct message send",3,435526,79.09
"direct message tweet",3,435529,79.09
"direct message win",3,435532,79.09
"direct messages follow",3,435535,79.09
"direct messages saying",3,435538,79.09
"direct relationship customers",3,435541,79.09
"direct tv commercials",3,435544,79.09
"direction cody simpson",3,435547,79.09
"direction moving oliver",3,435550,79.09
"direction oh yeah",3,435553,79.09
"direction sold msg",3,435556,79.09
"direction yeah just",3,435559,79.09
"directions cooking go",3,435562,79.1
"disabled get jobs",3,435565,79.1
"disappear brighter day",3,435568,79.1
"disappear really want",3,435571,79.1
"disappointed hunger games",3,435574,79.1
"disappointed turned said",3,435577,79.1
"disappointment must lose",3,435580,79.1
"disc dvd set",3,435583,79.1
"disc twitter friends",3,435586,79.1
"discipline jim collins",3,435589,79.1
"disco legend battle",3,435592,79.1
"discount code twitter",3,435595,79.1
"discount don miss",3,435598,79.1
"discount night resorts",3,435601,79.1
"discount services veterans",3,435604,79.1
"discount texts opportunity",3,435607,79.1
"discover business partner",3,435610,79.1
"discovered milk explain",3,435613,79.1
"discovery own mistakes",3,435616,79.1
"discovery seeking new",3,435619,79.11
"discussion taking place",3,435622,79.11
"disney channels shake",3,435625,79.11
"disney fantasy cruise",3,435628,79.11
"disney movies night",3,435631,79.11
"distribution list send",3,435634,79.11
"district city council",3,435637,79.11
"district maps commission",3,435640,79.11
"diversity actors equity",3,435643,79.11
"divide life best",3,435646,79.11
"divine clinic promo",3,435649,79.11
"divorce seminar tomorrow",3,435652,79.11
"divorce tampa friday",3,435655,79.11
"dj beach chi",3,435658,79.11
"dj dexter lotus",3,435661,79.11
"dj dj dj",3,435664,79.11
"dj good time",3,435667,79.11
"dj got floor",3,435670,79.11
"dj let know",3,435673,79.12
"dj tonight come",3,435676,79.12
"doctor called house",3,435679,79.12
"doctor found guilty",3,435682,79.12
"doctor said need",3,435685,79.12
"documentary street music",3,435688,79.12
"dodgers take lead",3,435691,79.12
"dodgers worth billion",3,435694,79.12
"does band play",3,435697,79.12
"does best work",3,435700,79.12
"does better research",3,435703,79.12
"does blake griffin",3,435706,79.12
"does body know",3,435709,79.12
"does business need",3,435712,79.12
"does cease hatred",3,435715,79.12
"does cost money",3,435718,79.12
"does day work",3,435721,79.12
"does does work",3,435724,79.12
"does dreams forget",3,435727,79.13
"does duck swim",3,435730,79.13
"does envy does",3,435733,79.13
"does get called",3,435736,79.13
"does get good",3,435739,79.13
"does get job",3,435742,79.13
"does get worse",3,435745,79.13
"does guy know",3,435748,79.13
"does hair hair",3,435751,79.13
"does just come",3,435754,79.13
"does justice gratitude",3,435757,79.13
"does kansas self",3,435760,79.13
"does keep saying",3,435763,79.13
"does kinda look",3,435766,79.13
"does life get",3,435769,79.13
"does looks like",3,435772,79.13
"does love feel",3,435775,79.13
"does make crazy",3,435778,79.13
"does make difficult",3,435781,79.13
"does make happy",3,435784,79.14
"does make hard",3,435787,79.14
"does make music",3,435790,79.14
"does make pretty",3,435793,79.14
"does make professional",3,435796,79.14
"does make summer",3,435799,79.14
"does make things",3,435802,79.14
"does makes feel",3,435805,79.14
"does pain makes",3,435808,79.14
"does person need",3,435811,79.14
"does play part",3,435814,79.14
"does protect love",3,435817,79.14
"does ring bell",3,435820,79.14
"does school smell",3,435823,79.14
"does smell good",3,435826,79.14
"does stuff like",3,435829,79.14
"does things like",3,435832,79.14
"does throw nest",3,435835,79.14
"does time fly",3,435838,79.15
"does twitter follow",3,435841,79.15
"does twitter like",3,435844,79.15
"does weekend look",3,435847,79.15
"dog animal rescue",3,435850,79.15
"dog cat dog",3,435853,79.15
"dog day afternoon",3,435856,79.15
"dog dog get",3,435859,79.15
"dog just got",3,435862,79.15
"dog just took",3,435865,79.15
"dog named angel",3,435868,79.15
"dog nose prints",3,435871,79.15
"dog park beautiful",3,435874,79.15
"dog passed away",3,435877,79.15
"dog revolution cd",3,435880,79.15
"dog roof car",3,435883,79.15
"dog size dog",3,435886,79.15
"dog take care",3,435889,79.15
"dog thing earth",3,435892,79.16
"dog wearing shorts",3,435895,79.16
"dogs last night",3,435898,79.16
"dogs relax get",3,435901,79.16
"doing awesome stuff",3,435904,79.16
"doing cash mob",3,435907,79.16
"doing dance move",3,435910,79.16
"doing david jordan",3,435913,79.16
"doing day weekend",3,435916,79.16
"doing days week",3,435919,79.16
"doing extra day",3,435922,79.16
"doing get work",3,435925,79.16
"doing getting big",3,435928,79.16
"doing good like",3,435931,79.16
"doing good night",3,435934,79.16
"doing good right",3,435937,79.16
"doing good school",3,435940,79.16
"doing good sweetie",3,435943,79.16
"doing good thank",3,435946,79.16
"doing good thing",3,435949,79.17
"doing google hangout",3,435952,79.17
"doing great actually",3,435955,79.17
"doing great got",3,435958,79.17
"doing great impression",3,435961,79.17
"doing great long",3,435964,79.17
"doing great man",3,435967,79.17
"doing great proud",3,435970,79.17
"doing great twitter",3,435973,79.17
"doing holiday shopping",3,435976,79.17
"doing hope good",3,435979,79.17
"doing let get",3,435982,79.17
"doing likes liking",3,435985,79.17
"doing little better",3,435988,79.17
"doing little shopping",3,435991,79.17
"doing lives spending",3,435994,79.17
"doing long reached",3,435997,79.17
"doing looks like",3,436000,79.17
"doing lot traveling",3,436003,79.18
"doing minutes dancing",3,436006,79.18
"doing minutes insanity",3,436009,79.18
"doing moving goals",3,436012,79.18
"doing music video",3,436015,79.18
"doing pair shoes",3,436018,79.18
"doing part make",3,436021,79.18
"doing part support",3,436024,79.18
"doing positive things",3,436027,79.18
"doing pretty cool",3,436030,79.18
"doing really big",3,436033,79.18
"doing really want",3,436036,79.18
"doing red carpet",3,436039,79.18
"doing right go",3,436042,79.18
"doing right right",3,436045,79.18
"doing right second",3,436048,79.18
"doing simple need",3,436051,79.18
"doing thing day",3,436054,79.18
"doing thing get",3,436057,79.19
"doing thing know",3,436060,79.19
"doing thursday night",3,436063,79.19
"doing ticket giveaway",3,436066,79.19
"doing time important",3,436069,79.19
"doing today get",3,436072,79.19
"doing took get",3,436075,79.19
"dollars chuck dollars",3,436078,79.19
"dollars fund wars",3,436081,79.19
"dollars hour casting",3,436084,79.19
"dollars leave dollars",3,436087,79.19
"dolphins don take",3,436090,79.19
"dolphins nfl draft",3,436093,79.19
"dolphins smart weeks",3,436096,79.19
"don able get",3,436099,79.19
"don actually like",3,436102,79.19
"don actually live",3,436105,79.19
"don actually want",3,436108,79.19
"don add facebook",3,436111,79.19
"don add people",3,436114,79.2
"don allow wake",3,436117,79.2
"don anyone know",3,436120,79.2
"don appreciate people",3,436123,79.2
"don ask bc",3,436126,79.2
"don ask guide",3,436129,79.2
"don ask happened",3,436132,79.2
"don ask like",3,436135,79.2
"don ask ok",3,436138,79.2
"don ask ready",3,436141,79.2
"don ask want",3,436144,79.2
"don attacks fake",3,436147,79.2
"don believe better",3,436150,79.2
"don believe check",3,436153,79.2
"don believe come",3,436156,79.2
"don believe don",3,436159,79.2
"don believe evolution",3,436162,79.2
"don believe google",3,436165,79.2
"don believe magic",3,436168,79.21
"don believe people",3,436171,79.21
"don believe stars",3,436174,79.21
"don believe things",3,436177,79.21
"don believe true",3,436180,79.21
"don believe trust",3,436183,79.21
"don books don",3,436186,79.21
"don bring flowers",3,436189,79.21
"don bring rain",3,436192,79.21
"don cage laughing",3,436195,79.21
"don chase anyone",3,436198,79.21
"don click anything",3,436201,79.21
"don compare compete",3,436204,79.21
"don complain things",3,436207,79.21
"don cut close",3,436210,79.21
"don dare get",3,436213,79.21
"don dare go",3,436216,79.21
"don dare make",3,436219,79.21
"don drinking problem",3,436222,79.22
"don drive like",3,436225,79.22
"don facebook anymore",3,436228,79.22
"don feel anyone",3,436231,79.22
"don feel older",3,436234,79.22
"don feel phone",3,436237,79.22
"don feel post",3,436240,79.22
"don finally meet",3,436243,79.22
"don follow anymore",3,436246,79.22
"don follow basketball",3,436249,79.22
"don follow instagram",3,436252,79.22
"don follow links",3,436255,79.22
"don follow really",3,436258,79.22
"don follow tweets",3,436261,79.22
"don forget beg",3,436264,79.22
"don forget business",3,436267,79.22
"don forget college",3,436270,79.22
"don forget days",3,436273,79.22
"don forget donate",3,436276,79.22
"don forget dr",3,436279,79.23
"don forget drink",3,436282,79.23
"don forget drinks",3,436285,79.23
"don forget grab",3,436288,79.23
"don forget head",3,436291,79.23
"don forget home",3,436294,79.23
"don forget huge",3,436297,79.23
"don forget know",3,436300,79.23
"don forget library",3,436303,79.23
"don forget local",3,436306,79.23
"don forget monday",3,436309,79.23
"don forget obama",3,436312,79.23
"don forget pm",3,436315,79.23
"don forget rate",3,436318,79.23
"don forget salsa",3,436321,79.23
"don forget save",3,436324,79.23
"don forget st",3,436327,79.23
"don forget starts",3,436330,79.23
"don forget summer",3,436333,79.24
"don forget th",3,436336,79.24
"don forget vitamin",3,436339,79.24
"don forget week",3,436342,79.24
"don forget win",3,436345,79.24
"don forget world",3,436348,79.24
"don forgive people",3,436351,79.24
"don gamble future",3,436354,79.24
"don gets credit",3,436357,79.24
"don give advice",3,436360,79.24
"don give beer",3,436363,79.24
"don give bout",3,436366,79.24
"don give easy",3,436369,79.24
"don give guys",3,436372,79.24
"don give know",3,436375,79.24
"don give money",3,436378,79.24
"don give notebook",3,436381,79.24
"don give rat",3,436384,79.24
"don give today",3,436387,79.24
"don give told",3,436390,79.25
"don give tweet",3,436393,79.25
"don give yeah",3,436396,79.25
"don go buy",3,436399,79.25
"don go chasing",3,436402,79.25
"don go don",3,436405,79.25
"don go east",3,436408,79.25
"don go full",3,436411,79.25
"don go hard",3,436414,79.25
"don go path",3,436417,79.25
"don go straight",3,436420,79.25
"don go today",3,436423,79.25
"don go years",3,436426,79.25
"don good job",3,436429,79.25
"don good stuff",3,436432,79.25
"don grow trees",3,436435,79.25
"don hash tag",3,436438,79.25
"don hate buy",3,436441,79.25
"don hate cute",3,436444,79.26
"don hate friend",3,436447,79.26
"don hate maybe",3,436450,79.26
"don hate mc",3,436453,79.26
"don hate say",3,436456,79.26
"don hate ur",3,436459,79.26
"don hesitate let",3,436462,79.26
"don hold anger",3,436465,79.26
"don just eat",3,436468,79.26
"don just happen",3,436471,79.26
"don just happy",3,436474,79.26
"don just hop",3,436477,79.26
"don just leave",3,436480,79.26
"don just need",3,436483,79.26
"don just queen",3,436486,79.26
"don just read",3,436489,79.26
"don just right",3,436492,79.26
"don know afraid",3,436495,79.26
"don know austin",3,436498,79.27
"don know awkward",3,436501,79.27
"don know band",3,436504,79.27
"don know bet",3,436507,79.27
"don know block",3,436510,79.27
"don know body",3,436513,79.27
"don know borrowed",3,436516,79.27
"don know brian",3,436519,79.27
"don know brother",3,436522,79.27
"don know capable",3,436525,79.27
"don know caught",3,436528,79.27
"don know changed",3,436531,79.27
"don know children",3,436534,79.27
"don know cold",3,436537,79.27
"don know comment",3,436540,79.27
"don know congress",3,436543,79.27
"don know context",3,436546,79.27
"don know counts",3,436549,79.27
"don know craving",3,436552,79.27
"don know customers",3,436555,79.28
"don know days",3,436558,79.28
"don know dear",3,436561,79.28
"don know dreams",3,436564,79.28
"don know eating",3,436567,79.28
"don know ended",3,436570,79.28
"don know everybody",3,436573,79.28
"don know exists",3,436576,79.28
"don know face",3,436579,79.28
"don know favorite",3,436582,79.28
"don know felt",3,436585,79.28
"don know figure",3,436588,79.28
"don know fine",3,436591,79.28
"don know free",3,436594,79.28
"don know function",3,436597,79.28
"don know hang",3,436600,79.28
"don know headed",3,436603,79.28
"don know hear",3,436606,79.28
"don know honest",3,436609,79.29
"don know honey",3,436612,79.29
"don know hoping",3,436615,79.29
"don know ideas",3,436618,79.29
"don know interested",3,436621,79.29
"don know invite",3,436624,79.29
"don know joe",3,436627,79.29
"don know john",3,436630,79.29
"don know justin",3,436633,79.29
"don know kidding",3,436636,79.29
"don know kim",3,436639,79.29
"don know language",3,436642,79.29
"don know law",3,436645,79.29
"don know light",3,436648,79.29
"don know likes",3,436651,79.29
"don know lines",3,436654,79.29
"don know lineup",3,436657,79.29
"don know meet",3,436660,79.29
"don know mentioned",3,436663,79.3
"don know mind",3,436666,79.3
"don know move",3,436669,79.3
"don know names",3,436672,79.3
"don know noticed",3,436675,79.3
"don know obsessed",3,436678,79.3
"don know ok",3,436681,79.3
"don know open",3,436684,79.3
"don know poor",3,436687,79.3
"don know possibly",3,436690,79.3
"don know power",3,436693,79.3
"don know profile",3,436696,79.3
"don know properly",3,436699,79.3
"don know puts",3,436702,79.3
"don know quit",3,436705,79.3
"don know rap",3,436708,79.3
"don know reading",3,436711,79.3
"don know referring",3,436714,79.3
"don know seeing",3,436717,79.3
"don know sent",3,436720,79.31
"don know situation",3,436723,79.31
"don know smile",3,436726,79.31
"don know spam",3,436729,79.31
"don know special",3,436732,79.31
"don know spend",3,436735,79.31
"don know started",3,436738,79.31
"don know sucks",3,436741,79.31
"don know super",3,436744,79.31
"don know survived",3,436747,79.31
"don know taken",3,436750,79.31
"don know teeth",3,436753,79.31
"don know thank",3,436756,79.31
"don know thinks",3,436759,79.31
"don know totally",3,436762,79.31
"don know trending",3,436765,79.31
"don know tweets",3,436768,79.31
"don know type",3,436771,79.31
"don know usually",3,436774,79.32
"don know wants",3,436777,79.32
"don know watched",3,436780,79.32
"don know wish",3,436783,79.32
"don know worked",3,436786,79.32
"don know world",3,436789,79.32
"don know worlds",3,436792,79.32
"don know wrote",3,436795,79.32
"don know years",3,436798,79.32
"don know yo",3,436801,79.32
"don learn history",3,436804,79.32
"don learn mistake",3,436807,79.32
"don library card",3,436810,79.32
"don look better",3,436813,79.32
"don look comfortable",3,436816,79.32
"don look fall",3,436819,79.32
"don look forward",3,436822,79.32
"don look happiness",3,436825,79.32
"don look long",3,436828,79.33
"don look old",3,436831,79.33
"don lots people",3,436834,79.33
"don love loved",3,436837,79.33
"don make hoe",3,436840,79.33
"don make itself",3,436843,79.33
"don make people",3,436846,79.33
"don make season",3,436849,79.33
"don make use",3,436852,79.33
"don make walk",3,436855,79.33
"don mean girl",3,436858,79.33
"don mean look",3,436861,79.33
"don mean money",3,436864,79.33
"don mean talk",3,436867,79.33
"don mean want",3,436870,79.33
"don middle class",3,436873,79.33
"don mind following",3,436876,79.33
"don mind having",3,436879,79.33
"don mind hearing",3,436882,79.33
"don mind let",3,436885,79.34
"don mind little",3,436888,79.34
"don mind living",3,436891,79.34
"don mind say",3,436894,79.34
"don mind seeing",3,436897,79.34
"don open spam",3,436900,79.34
"don open till",3,436903,79.34
"don permanently just",3,436906,79.34
"don phone number",3,436909,79.34
"don plan having",3,436912,79.34
"don play comes",3,436915,79.34
"don play don",3,436918,79.34
"don play football",3,436921,79.34
"don play money",3,436924,79.34
"don play rules",3,436927,79.34
"don really believe",3,436930,79.34
"don really count",3,436933,79.34
"don really follow",3,436936,79.34
"don really miss",3,436939,79.35
"don really play",3,436942,79.35
"don really put",3,436945,79.35
"don really work",3,436948,79.35
"don recall doing",3,436951,79.35
"don recall getting",3,436954,79.35
"don reckless people",3,436957,79.35
"don recognize myself",3,436960,79.35
"don regular tv",3,436963,79.35
"don remember falling",3,436966,79.35
"don remember getting",3,436969,79.35
"don remember giving",3,436972,79.35
"don remember good",3,436975,79.35
"don remember got",3,436978,79.35
"don remember holding",3,436981,79.35
"don remember just",3,436984,79.35
"don remember like",3,436987,79.35
"don remember looked",3,436990,79.35
"don remember taking",3,436993,79.36
"don remember talking",3,436996,79.36
"don remember try",3,436999,79.36
"don reply emails",3,437002,79.36
"don reply like",3,437005,79.36
"don respect people",3,437008,79.36
"don say amazing",3,437011,79.36
"don say fine",3,437014,79.36
"don say got",3,437017,79.36
"don say instead",3,437020,79.36
"don say loud",3,437023,79.36
"don say sorry",3,437026,79.36
"don say thank",3,437029,79.36
"don say thing",3,437032,79.36
"don say want",3,437035,79.36
"don send email",3,437038,79.36
"don settle anybody",3,437041,79.36
"don share twitter",3,437044,79.36
"don shy just",3,437047,79.36
"don sit home",3,437050,79.37
"don sit try",3,437053,79.37
"don smoke anymore",3,437056,79.37
"don sound bad",3,437059,79.37
"don spend energy",3,437062,79.37
"don stay late",3,437065,79.37
"don stop dreaming",3,437068,79.37
"don stop like",3,437071,79.37
"don stop run",3,437074,79.37
"don support marriage",3,437077,79.37
"don take anybody",3,437080,79.37
"don take bus",3,437083,79.37
"don take fence",3,437086,79.37
"don take heart",3,437089,79.37
"don take little",3,437092,79.37
"don take stuff",3,437095,79.37
"don talk cause",3,437098,79.37
"don talk friends",3,437101,79.37
"don talk guys",3,437104,79.38
"don talk know",3,437107,79.38
"don talk strangers",3,437110,79.38
"don talk things",3,437113,79.38
"don talk won",3,437116,79.38
"don tell female",3,437119,79.38
"don tell friends",3,437122,79.38
"don tell girl",3,437125,79.38
"don tell got",3,437128,79.38
"don tell happy",3,437131,79.38
"don tell might",3,437134,79.38
"don tell moon",3,437137,79.38
"don tell said",3,437140,79.38
"don tell story",3,437143,79.38
"don tell tell",3,437146,79.38
"don tell thing",3,437149,79.38
"don tell truth",3,437152,79.38
"don tell tweet",3,437155,79.38
"don tell watch",3,437158,79.38
"don tell wife",3,437161,79.39
"don think afford",3,437164,79.39
"don think allow",3,437167,79.39
"don think asked",3,437170,79.39
"don think ate",3,437173,79.39
"don think available",3,437176,79.39
"don think beautiful",3,437179,79.39
"don think capable",3,437182,79.39
"don think cares",3,437185,79.39
"don think chance",3,437188,79.39
"don think changed",3,437191,79.39
"don think coaches",3,437194,79.39
"don think competition",3,437197,79.39
"don think count",3,437200,79.39
"don think counts",3,437203,79.39
"don think downtown",3,437206,79.39
"don think end",3,437209,79.39
"don think exist",3,437212,79.39
"don think favorite",3,437215,79.4
"don think forget",3,437218,79.4
"don think forgive",3,437221,79.4
"don think fully",3,437224,79.4
"don think games",3,437227,79.4
"don think hold",3,437230,79.4
"don think ignoring",3,437233,79.4
"don think intended",3,437236,79.4
"don think kobe",3,437239,79.4
"don think left",3,437242,79.4
"don think legal",3,437245,79.4
"don think likely",3,437248,79.4
"don think long",3,437251,79.4
"don think looks",3,437254,79.4
"don think losing",3,437257,79.4
"don think loved",3,437260,79.4
"don think man",3,437263,79.4
"don think mike",3,437266,79.4
"don think money",3,437269,79.41
"don think mr",3,437272,79.41
"don think old",3,437275,79.41
"don think opinion",3,437278,79.41
"don think paid",3,437281,79.41
"don think pick",3,437284,79.41
"don think prince",3,437287,79.41
"don think safe",3,437290,79.41
"don think says",3,437293,79.41
"don think set",3,437296,79.41
"don think single",3,437299,79.41
"don think sound",3,437302,79.41
"don think taken",3,437305,79.41
"don think teachers",3,437308,79.41
"don think teams",3,437311,79.41
"don think tell",3,437314,79.41
"don think th",3,437317,79.41
"don think thing",3,437320,79.41
"don think tho",3,437323,79.41
"don think totally",3,437326,79.42
"don think truly",3,437329,79.42
"don think understands",3,437332,79.42
"don think unless",3,437335,79.42
"don think wear",3,437338,79.42
"don think week",3,437341,79.42
"don think words",3,437344,79.42
"don think worked",3,437347,79.42
"don think worthy",3,437350,79.42
"don tough skin",3,437353,79.42
"don try anymore",3,437356,79.42
"don try bring",3,437359,79.42
"don try catch",3,437362,79.42
"don try convince",3,437365,79.42
"don try don",3,437368,79.42
"don try fit",3,437371,79.42
"don try force",3,437374,79.42
"don try say",3,437377,79.42
"don try sell",3,437380,79.43
"don try take",3,437383,79.43
"don try understand",3,437386,79.43
"don turn give",3,437389,79.43
"don turn lights",3,437392,79.43
"don turn right",3,437395,79.43
"don use account",3,437398,79.43
"don use don",3,437401,79.43
"don use em",3,437404,79.43
"don use phone",3,437407,79.43
"don use social",3,437410,79.43
"don use term",3,437413,79.43
"don usually care",3,437416,79.43
"don wake cause",3,437419,79.43
"don want actually",3,437422,79.43
"don want alone",3,437425,79.43
"don want anyway",3,437428,79.43
"don want argue",3,437431,79.43
"don want awake",3,437434,79.44
"don want believe",3,437437,79.44
"don want better",3,437440,79.44
"don want big",3,437443,79.44
"don want bug",3,437446,79.44
"don want chance",3,437449,79.44
"don want circus",3,437452,79.44
"don want coming",3,437455,79.44
"don want customers",3,437458,79.44
"don want different",3,437461,79.44
"don want disappoint",3,437464,79.44
"don want dog",3,437467,79.44
"don want easy",3,437470,79.44
"don want fans",3,437473,79.44
"don want feeling",3,437476,79.44
"don want feelings",3,437479,79.44
"don want focus",3,437482,79.44
"don want followers",3,437485,79.44
"don want game",3,437488,79.44
"don want girlfriend",3,437491,79.45
"don want great",3,437494,79.45
"don want happens",3,437497,79.45
"don want hot",3,437500,79.45
"don want house",3,437503,79.45
"don want job",3,437506,79.45
"don want join",3,437509,79.45
"don want last",3,437512,79.45
"don want liar",3,437515,79.45
"don want little",3,437518,79.45
"don want near",3,437521,79.45
"don want new",3,437524,79.45
"don want paint",3,437527,79.45
"don want paper",3,437530,79.45
"don want party",3,437533,79.45
"don want person",3,437536,79.45
"don want pick",3,437539,79.45
"don want post",3,437542,79.45
"don want practice",3,437545,79.46
"don want president",3,437548,79.46
"don want pretty",3,437551,79.46
"don want quit",3,437554,79.46
"don want really",3,437557,79.46
"don want reason",3,437560,79.46
"don want seen",3,437563,79.46
"don want staring",3,437566,79.46
"don want stomach",3,437569,79.46
"don want stuck",3,437572,79.46
"don want switch",3,437575,79.46
"don want team",3,437578,79.46
"don want throw",3,437581,79.46
"don want today",3,437584,79.46
"don want ugly",3,437587,79.46
"don want ur",3,437590,79.46
"don want walk",3,437593,79.46
"don want weekend",3,437596,79.46
"don want year",3,437599,79.47
"don way get",3,437602,79.47
"don whitney houston",3,437605,79.47
"don work make",3,437608,79.47
"don work planned",3,437611,79.47
"don work won",3,437614,79.47
"donald driver tonight",3,437617,79.47
"donate great cause",3,437620,79.47
"donations operation christmas",3,437623,79.47
"done best part",3,437626,79.47
"done class time",3,437629,79.47
"done classes day",3,437632,79.47
"done crying myself",3,437635,79.47
"done dirt cheap",3,437638,79.47
"done doing proverb",3,437641,79.47
"done don get",3,437644,79.47
"done done texting",3,437647,79.47
"done fair share",3,437650,79.47
"done felt strongly",3,437653,79.47
"done generally interrupted",3,437656,79.48
"done going home",3,437659,79.48
"done got work",3,437662,79.48
"done great deal",3,437665,79.48
"done hoping done",3,437668,79.48
"done horror movie",3,437671,79.48
"done incredible job",3,437674,79.48
"done junior year",3,437677,79.48
"done kissing hours",3,437680,79.48
"done last time",3,437683,79.48
"done last week",3,437686,79.48
"done like done",3,437689,79.48
"done like times",3,437692,79.48
"done lot things",3,437695,79.48
"done make happen",3,437698,79.48
"done mind gets",3,437701,79.48
"done networking class",3,437704,79.48
"done new york",3,437707,79.48
"done passing buck",3,437710,79.49
"done permanent job",3,437713,79.49
"done really done",3,437716,79.49
"done single thing",3,437719,79.49
"done sophomore year",3,437722,79.49
"done started last",3,437725,79.49
"done texting done",3,437728,79.49
"done thanks following",3,437731,79.49
"done wasting time",3,437734,79.49
"done way home",3,437737,79.49
"done week long",3,437740,79.49
"done wit school",3,437743,79.49
"door closes prison",3,437746,79.49
"door closing late",3,437749,79.49
"door just good",3,437752,79.49
"door knock gets",3,437755,79.49
"door make sure",3,437758,79.49
"doors open join",3,437761,79.49
"doors open music",3,437764,79.5
"doors pm www",3,437767,79.5
"doors walls joseph",3,437770,79.5
"dots ice cream",3,437773,79.5
"double cheese burger",3,437776,79.5
"double left field",3,437779,79.5
"double play end",3,437782,79.5
"double rainbow guy",3,437785,79.5
"double rainbow sky",3,437788,79.5
"double student loan",3,437791,79.5
"doubt gotta get",3,437794,79.5
"doubts make lose",3,437797,79.5
"dough bubbles drive",3,437800,79.5
"download let know",3,437803,79.5
"download new app",3,437806,79.5
"download new music",3,437809,79.5
"downloaded looking forward",3,437812,79.5
"downstairs lounge march",3,437815,79.5
"downtown april th",3,437818,79.5
"downtown comedy club",3,437821,79.51
"downtown la law",3,437824,79.51
"downtown la th",3,437827,79.51
"downtown la tomorrow",3,437830,79.51
"downtown milwaukee pm",3,437833,79.51
"downtown past couple",3,437836,79.51
"downtown specials soups",3,437839,79.51
"downtown today really",3,437842,79.51
"dr jean bailey",3,437845,79.51
"dr john new",3,437848,79.51
"dr kenneth cooper",3,437851,79.51
"dr phil episode",3,437854,79.51
"draft day right",3,437857,79.51
"draft nd round",3,437860,79.51
"draft winners losers",3,437863,79.51
"drafted atlanta falcons",3,437866,79.51
"drafted last years",3,437869,79.51
"drag queen bingo",3,437872,79.51
"drag race tonight",3,437875,79.52
"drake chris brown",3,437878,79.52
"drake concert tonight",3,437881,79.52
"drake remember life",3,437884,79.52
"drake younger eddie",3,437887,79.52
"drama day section",3,437890,79.52
"drama lonely relationship",3,437893,79.52
"drank gallon water",3,437896,79.52
"drank way coffee",3,437899,79.52
"draw own conclusions",3,437902,79.52
"draw words friends",3,437905,79.52
"drawing announced hours",3,437908,79.52
"drawing check lucy",3,437911,79.52
"drawing free lap",3,437914,79.52
"drawing tonight pm",3,437917,79.52
"drawn poker pro",3,437920,79.52
"dream alive hit",3,437923,79.52
"dream code dream",3,437926,79.52
"dream don think",3,437929,79.52
"dream dream edgar",3,437932,79.53
"dream edgar poe",3,437935,79.53
"dream half asleep",3,437938,79.53
"dream hunger games",3,437941,79.53
"dream like just",3,437944,79.53
"dream live life",3,437947,79.53
"dream near howard",3,437950,79.53
"dream orange soda",3,437953,79.53
"dream start live",3,437956,79.53
"dream sweet dreams",3,437959,79.53
"dream yo come",3,437962,79.53
"dreaming going goal",3,437965,79.53
"dreams baby girl",3,437968,79.53
"dreams becoming reality",3,437971,79.53
"dreams diana hunt",3,437974,79.53
"dreams fears actions",3,437977,79.53
"dreams feel real",3,437980,79.53
"dreams forget live",3,437983,79.53
"dreams imagine things",3,437986,79.54
"dreams just dreams",3,437989,79.54
"dreams last nights",3,437992,79.54
"dreams les brown",3,437995,79.54
"dreams living fears",3,437998,79.54
"dreams nightmares nightmares",3,438001,79.54
"dreams person misses",3,438004,79.54
"dreams reality dream",3,438007,79.54
"dreams really come",3,438010,79.54
"dreams seem impossible",3,438013,79.54
"dreams wishes come",3,438016,79.54
"dress alike world",3,438019,79.54
"dress don need",3,438022,79.54
"dress must follow",3,438025,79.54
"dressed like today",3,438028,79.54
"dresses www com",3,438031,79.54
"drew short straw",3,438034,79.54
"drink clean go",3,438037,79.54
"drink day latte",3,438040,79.55
"drink day pumpkin",3,438043,79.55
"drink drive might",3,438046,79.55
"drink free tonight",3,438049,79.55
"drink friday night",3,438052,79.55
"drink happy hour",3,438055,79.55
"drink items made",3,438058,79.55
"drink light beer",3,438061,79.55
"drink like fish",3,438064,79.55
"drink lots lots",3,438067,79.55
"drink minimum purchase",3,438070,79.55
"drink pub quiz",3,438073,79.55
"drink sends thurs",3,438076,79.55
"drink smart water",3,438079,79.55
"drink truly enjoy",3,438082,79.55
"drink white wine",3,438085,79.55
"drink wine alone",3,438088,79.55
"drinking coke zero",3,438091,79.55
"drinking days straight",3,438094,79.55
"drinking iced coffee",3,438097,79.56
"drinking pi trader",3,438100,79.56
"drinking takes society",3,438103,79.56
"drinking tea listening",3,438106,79.56
"drinks bottles till",3,438109,79.56
"drinks bud bud",3,438112,79.56
"drinks house wine",3,438115,79.56
"drinks select appetizers",3,438118,79.56
"drive himself effort",3,438121,79.56
"drive like day",3,438124,79.56
"drive looking forward",3,438127,79.56
"drive looks like",3,438130,79.56
"drive might hit",3,438133,79.56
"drive mini van",3,438136,79.56
"drive safe today",3,438139,79.56
"driven drops th",3,438142,79.56
"driver sports car",3,438145,79.56
"drivers don know",3,438148,79.56
"drives people crazy",3,438151,79.57
"driving away accident",3,438154,79.57
"driving bristol using",3,438157,79.57
"driving cross country",3,438160,79.57
"driving miss daisy",3,438163,79.57
"driving moms car",3,438166,79.57
"driving nuts today",3,438169,79.57
"driving range session",3,438172,79.57
"driving work today",3,438175,79.57
"drizzle cloudy high",3,438178,79.57
"drop business card",3,438181,79.57
"drop email details",3,438184,79.57
"drop email love",3,438187,79.57
"drop feel like",3,438190,79.57
"drop ins welcome",3,438193,79.57
"drop june th",3,438196,79.57
"drop line time",3,438199,79.57
"drop sam miller",3,438202,79.57
"dropped cell phone",3,438205,79.58
"dropped hot pocket",3,438208,79.58
"dropping phone face",3,438211,79.58
"dropping say hi",3,438214,79.58
"drops june th",3,438217,79.58
"drops last night",3,438220,79.58
"drops points nasdaq",3,438223,79.58
"drum coming way",3,438226,79.58
"drummer door knock",3,438229,79.58
"drummer singer band",3,438232,79.58
"dry sense humor",3,438235,79.58
"duck dunn passed",3,438238,79.58
"duck dunn rip",3,438241,79.58
"dude climbed tree",3,438244,79.58
"dude did just",3,438247,79.58
"dude don say",3,438250,79.58
"dude going hard",3,438253,79.58
"dude gonna get",3,438256,79.58
"dude good stuff",3,438259,79.58
"dude got red",3,438262,79.59
"dude great job",3,438265,79.59
"dude know right",3,438268,79.59
"dude love tweets",3,438271,79.59
"dude really hope",3,438274,79.59
"dude really just",3,438277,79.59
"dude smells like",3,438280,79.59
"dude think going",3,438283,79.59
"dudes take care",3,438286,79.59
"dunk contest just",3,438289,79.59
"dunk dunk dunk",3,438292,79.59
"duty become pleasure",3,438295,79.59
"duty family members",3,438298,79.59
"duty love listen",3,438301,79.59
"dvd cases today",3,438304,79.59
"dvd last night",3,438307,79.59
"dwight howard need",3,438310,79.59
"dying live just",3,438313,79.59
"dylan just said",3,438316,79.6
"eagle eye cherry",3,438319,79.6
"eagles draft pick",3,438322,79.6
"eagles nfl draft",3,438325,79.6
"ear infection both",3,438328,79.6
"earlier last week",3,438331,79.6
"earlier year great",3,438334,79.6
"earlier year rock",3,438337,79.6
"early busy day",3,438340,79.6
"early don school",3,438343,79.6
"early drinks saturday",3,438346,79.6
"early emails returned",3,438349,79.6
"early go get",3,438352,79.6
"early go work",3,438355,79.6
"early going bed",3,438358,79.6
"early good day",3,438361,79.6
"early good seats",3,438364,79.6
"early happy friday",3,438367,79.6
"early happy mother",3,438370,79.61
"early just like",3,438373,79.61
"early morning cardio",3,438376,79.61
"early morning flights",3,438379,79.61
"early morning good",3,438382,79.61
"early morning hours",3,438385,79.61
"early morning late",3,438388,79.61
"early morning prayer",3,438391,79.61
"early morning sunshine",3,438394,79.61
"early morning watch",3,438397,79.61
"early morning writing",3,438400,79.61
"early mornings late",3,438403,79.61
"early new year",3,438406,79.61
"early reports say",3,438409,79.61
"early spring weather",3,438412,79.61
"early take care",3,438415,79.61
"early time work",3,438418,79.61
"early try make",3,438421,79.61
"earn equal pay",3,438424,79.61
"earn money home",3,438427,79.62
"earn money working",3,438430,79.62
"earrings bobby pins",3,438433,79.62
"earth day clean",3,438436,79.62
"earth day coming",3,438439,79.62
"earth day event",3,438442,79.62
"earth day fair",3,438445,79.62
"earth day get",3,438448,79.62
"earth day go",3,438451,79.62
"earth day green",3,438454,79.62
"earth day new",3,438457,79.62
"earth feel bare",3,438460,79.62
"earth got lot",3,438463,79.62
"earth last night",3,438466,79.62
"earth laughs flowers",3,438469,79.62
"earth loves love",3,438472,79.62
"earth pass away",3,438475,79.62
"earthquake san francisco",3,438478,79.62
"easier ask forgiveness",3,438481,79.63
"easier get noticed",3,438484,79.63
"easiest way find",3,438487,79.63
"easiest way keep",3,438490,79.63
"easily successfully edwards",3,438493,79.63
"east avenue lounge",3,438496,79.63
"east coast anytime",3,438499,79.63
"east coast enjoying",3,438502,79.63
"east coast light",3,438505,79.63
"east coast new",3,438508,79.63
"east coast residents",3,438511,79.63
"east coast right",3,438514,79.63
"east coast safe",3,438517,79.63
"east coast superbowl",3,438520,79.63
"east coast weather",3,438523,79.63
"east division title",3,438526,79.63
"east last night",3,438529,79.63
"east lincoln avenue",3,438532,79.63
"east st louis",3,438535,79.64
"easter brunch family",3,438538,79.64
"easter closed today",3,438541,79.64
"easter event tomorrow",3,438544,79.64
"easter hope bunny",3,438547,79.64
"easter live stream",3,438550,79.64
"easter wonderful day",3,438553,79.64
"eastern st rose",3,438556,79.64
"easy find happiness",3,438559,79.64
"easy find worth",3,438562,79.64
"easy lay ups",3,438565,79.64
"easy reading hard",3,438568,79.64
"easy use good",3,438571,79.64
"eat ave west",3,438574,79.64
"eat birthday cake",3,438577,79.64
"eat cake breakfast",3,438580,79.64
"eat chicken nuggets",3,438583,79.64
"eat chocolate cake",3,438586,79.64
"eat cinnamon toast",3,438589,79.64
"eat city whats",3,438592,79.65
"eat crab legs",3,438595,79.65
"eat day give",3,438598,79.65
"eat don make",3,438601,79.65
"eat elephant bite",3,438604,79.65
"eat fish like",3,438607,79.65
"eat free tonight",3,438610,79.65
"eat fridge go",3,438613,79.65
"eat go bed",3,438616,79.65
"eat good meal",3,438619,79.65
"eat indian food",3,438622,79.65
"eat juicy feed",3,438625,79.65
"eat like food",3,438628,79.65
"eat like king",3,438631,79.65
"eat like pig",3,438634,79.65
"eat like try",3,438637,79.65
"eat lose weight",3,438640,79.65
"eat love rip",3,438643,79.65
"eat olive garden",3,438646,79.66
"eat pasta tonight",3,438649,79.66
"eat pizza eat",3,438652,79.66
"eat plate eggs",3,438655,79.66
"eat sleep breathe",3,438658,79.66
"eat times day",3,438661,79.66
"eat yummy food",3,438664,79.66
"eating chocolate cake",3,438667,79.66
"eating chocolate covered",3,438670,79.66
"eating dinner tonight",3,438673,79.66
"eating dinner watching",3,438676,79.66
"eating looks like",3,438679,79.66
"eating lunch today",3,438682,79.66
"eating meals day",3,438685,79.66
"eating pizza watching",3,438688,79.66
"eating right exercising",3,438691,79.66
"eats chocolate slow",3,438694,79.66
"eco friendly cd",3,438697,79.66
"eco nursing pillow",3,438700,79.66
"economic development director",3,438703,79.67
"economy www com",3,438706,79.67
"ed taylor swift",3,438709,79.67
"eddie murphy hosting",3,438712,79.67
"edge glory lady",3,438715,79.67
"edge pool throw",3,438718,79.67
"edge seat last",3,438721,79.67
"edison light bulb",3,438724,79.67
"edition coming soon",3,438727,79.67
"edition email sign",3,438730,79.67
"education learned forgotten",3,438733,79.67
"education making difference",3,438736,79.67
"educational time turns",3,438739,79.67
"effect student achievement",3,438742,79.67
"effective april traded",3,438745,79.67
"effective leader finished",3,438748,79.67
"effective management discipline",3,438751,79.67
"effort bring forth",3,438754,79.67
"effort don expect",3,438757,79.68
"effort full effort",3,438760,79.68
"effort full victory",3,438763,79.68
"effort gets painful",3,438766,79.68
"effort give got",3,438769,79.68
"effort individual vince",3,438772,79.68
"effort old age",3,438775,79.68
"efforts stop year",3,438778,79.68
"egg say boiling",3,438781,79.68
"eggs day work",3,438784,79.68
"eggs let guy",3,438787,79.68
"elected board directors",3,438790,79.68
"elected officials get",3,438793,79.68
"election city council",3,438796,79.68
"electric aid acid",3,438799,79.68
"electric blanket just",3,438802,79.68
"electronic dance music",3,438805,79.68
"electronic records conference",3,438808,79.68
"element success knock",3,438811,79.69
"elephant bite time",3,438814,79.69
"elevator go floor",3,438817,79.69
"elevator success take",3,438820,79.69
"eliminate unnecessary necessary",3,438823,79.69
"eliminated human natural",3,438826,79.69
"elizabeth warren showing",3,438829,79.69
"elvis june th",3,438832,79.69
"em duck em",3,438835,79.69
"em got got",3,438838,79.69
"em leave em",3,438841,79.69
"em sound good",3,438844,79.69
"email able figure",3,438847,79.69
"email address check",3,438850,79.69
"email address enjoy",3,438853,79.69
"email address look",3,438856,79.69
"email address maybe",3,438859,79.69
"email address set",3,438862,79.69
"email address talk",3,438865,79.69
"email address website",3,438868,79.7
"email address yahoo",3,438871,79.7
"email asap info",3,438874,79.7
"email brandon dot",3,438877,79.7
"email com get",3,438880,79.7
"email customer service",3,438883,79.7
"email got hacked",3,438886,79.7
"email got said",3,438889,79.7
"email got track",3,438892,79.7
"email information need",3,438895,79.7
"email let get",3,438898,79.7
"email like hear",3,438901,79.7
"email mike dot",3,438904,79.7
"email place order",3,438907,79.7
"email resume cover",3,438910,79.7
"email submissions dot",3,438913,79.7
"email taste italy",3,438916,79.7
"emailed last week",3,438919,79.7
"emailed let know",3,438922,79.71
"emails till done",3,438925,79.71
"emails work inbox",3,438928,79.71
"emergency alert system",3,438931,79.71
"emergency broadcast system",3,438934,79.71
"emma stone looks",3,438937,79.71
"emotional chicks basketball",3,438940,79.71
"emotions present thing",3,438943,79.71
"employees personal brands",3,438946,79.71
"end cold war",3,438949,79.71
"end day did",3,438952,79.71
"end day go",3,438955,79.71
"end day got",3,438958,79.71
"end day happy",3,438961,79.71
"end day matters",3,438964,79.71
"end day right",3,438967,79.71
"end daylight savings",3,438970,79.71
"end end beginning",3,438973,79.71
"end end reach",3,438976,79.72
"end good note",3,438979,79.72
"end human trafficking",3,438982,79.72
"end just want",3,438985,79.72
"end life event",3,438988,79.72
"end life find",3,438991,79.72
"end long week",3,438994,79.72
"end looks like",3,438997,79.72
"end means realization",3,439000,79.72
"end ok end",3,439003,79.72
"end own arm",3,439006,79.72
"end productive day",3,439009,79.72
"end saturday night",3,439012,79.72
"end star game",3,439015,79.72
"end summer bbq",3,439018,79.72
"end tunnel just",3,439021,79.72
"end way seem",3,439024,79.72
"end web developer",3,439027,79.72
"ended months ago",3,439030,79.72
"endorsed scott peters",3,439033,79.73
"endorsement city council",3,439036,79.73
"ends march th",3,439039,79.73
"ends tomorrow pm",3,439042,79.73
"endure george bernard",3,439045,79.73
"endure night joy",3,439048,79.73
"enemies foreign domestic",3,439051,79.73
"enemies outside hurt",3,439054,79.73
"energy feel power",3,439057,79.73
"energy look forward",3,439060,79.73
"energy making irrelevant",3,439063,79.73
"energy ur way",3,439066,79.73
"engage young children",3,439069,79.73
"english last year",3,439072,79.73
"english teacher made",3,439075,79.73
"enjoy buy get",3,439078,79.73
"enjoy day blessed",3,439081,79.73
"enjoy day fun",3,439084,79.73
"enjoy day good",3,439087,79.74
"enjoy day ladies",3,439090,79.74
"enjoy day make",3,439093,79.74
"enjoy delicious cup",3,439096,79.74
"enjoy delicious food",3,439099,79.74
"enjoy discount vacation",3,439102,79.74
"enjoy discounts california",3,439105,79.74
"enjoy duty become",3,439108,79.74
"enjoy food lowest",3,439111,79.74
"enjoy fruits labor",3,439114,79.74
"enjoy good luck",3,439117,79.74
"enjoy good music",3,439120,79.74
"enjoy happy birthday",3,439123,79.74
"enjoy looks like",3,439126,79.74
"enjoy lunch dinner",3,439129,79.74
"enjoy lunch lunch",3,439132,79.74
"enjoy lunch variety",3,439135,79.74
"enjoy music check",3,439138,79.74
"enjoy night buddy",3,439141,79.75
"enjoy peace mind",3,439144,79.75
"enjoy road trip",3,439147,79.75
"enjoy rock pop",3,439150,79.75
"enjoy snow day",3,439153,79.75
"enjoy spending time",3,439156,79.75
"enjoy sunshine great",3,439159,79.75
"enjoy thanks joining",3,439162,79.75
"enjoy today peace",3,439165,79.75
"enjoy today tomorrow",3,439168,79.75
"enjoy ur night",3,439171,79.75
"enjoy ur work",3,439174,79.75
"enjoy wasting wasted",3,439177,79.75
"enjoy watching love",3,439180,79.75
"enjoy watching play",3,439183,79.75
"enjoyed great job",3,439186,79.75
"enjoyed let know",3,439189,79.75
"enjoyed meeting yesterday",3,439192,79.75
"enjoyed reading blog",3,439195,79.75
"enjoyed social media",3,439198,79.76
"enjoyed visit today",3,439201,79.76
"enjoying great food",3,439204,79.76
"enjoying last week",3,439207,79.76
"enjoying lazy day",3,439210,79.76
"enjoying life moment",3,439213,79.76
"enjoying long weekend",3,439216,79.76
"enjoying looking forward",3,439219,79.76
"enjoying new year",3,439222,79.76
"enjoying panel discussion",3,439225,79.76
"enjoying time watching",3,439228,79.76
"enjoying weekend hope",3,439231,79.76
"enter competition tweet",3,439234,79.76
"enter future create",3,439237,79.76
"enter own risk",3,439240,79.76
"enter promo box",3,439243,79.76
"enterprise social media",3,439246,79.76
"entertaining actual game",3,439249,79.76
"entertainment cultural districts",3,439252,79.77
"entertainment houston texas",3,439255,79.77
"enthusiasm sure way",3,439258,79.77
"entire ride home",3,439261,79.77
"entire twitter feed",3,439264,79.77
"entry form win",3,439267,79.77
"entry ladies free",3,439270,79.77
"entry level jobs",3,439273,79.77
"entry level positions",3,439276,79.77
"entry level sales",3,439279,79.77
"envy watch jim",3,439282,79.77
"epic dance party",3,439285,79.77
"epic last night",3,439288,79.77
"epic meal time",3,439291,79.77
"episode made cry",3,439294,79.77
"episode stay tuned",3,439297,79.77
"episodes tv seen",3,439300,79.77
"equal amber larger",3,439303,79.77
"equal men walk",3,439306,79.78
"equal protection law",3,439309,79.78
"equality truly wee",3,439312,79.78
"equally equally successful",3,439315,79.78
"equipment sales service",3,439318,79.78
"equity home spent",3,439321,79.78
"era information virtual",3,439324,79.78
"eric birthday got",3,439327,79.78
"error message does",3,439330,79.78
"error message missing",3,439333,79.78
"especially earlier work",3,439336,79.78
"especially little ones",3,439339,79.78
"especially looking forward",3,439342,79.78
"especially mother day",3,439345,79.78
"especially single mothers",3,439348,79.78
"especially sunny day",3,439351,79.78
"especially take driving",3,439354,79.78
"espresso added drink",3,439357,79.78
"espresso book machine",3,439360,79.78
"espresso shot drink",3,439363,79.79
"est follow author",3,439366,79.79
"establish priorities go",3,439369,79.79
"establish rules relationship",3,439372,79.79
"et palm beach",3,439375,79.79
"eve don eat",3,439378,79.79
"eve good night",3,439381,79.79
"eve open pm",3,439384,79.79
"evening areas low",3,439387,79.79
"evening keep posted",3,439390,79.79
"evening mark francis",3,439393,79.79
"evening series bags",3,439396,79.79
"evening series wednesday",3,439399,79.79
"evening stay tuned",3,439402,79.79
"event december th",3,439405,79.79
"event earth day",3,439408,79.79
"event going good",3,439411,79.79
"event june nd",3,439414,79.79
"event lot fun",3,439417,79.8
"event open public",3,439420,79.8
"event pm today",3,439423,79.8
"event reminder wednesday",3,439426,79.8
"event saturday th",3,439429,79.8
"event tomorrow evening",3,439432,79.8
"events fun easy",3,439435,79.8
"events fun lately",3,439438,79.8
"events happening near",3,439441,79.8
"events happening week",3,439444,79.8
"events little time",3,439447,79.8
"events make sure",3,439450,79.8
"events music sports",3,439453,79.8
"events near future",3,439456,79.8
"events power make",3,439459,79.8
"events press release",3,439462,79.8
"events social media",3,439465,79.8
"events took place",3,439468,79.8
"eventually gonna get",3,439471,79.81
"eventually things happen",3,439474,79.81
"everybody add amazing",3,439477,79.81
"everybody just like",3,439480,79.81
"everybody knows monster",3,439483,79.81
"everybody makes mistakes",3,439486,79.81
"everybody mark twain",3,439489,79.81
"everybody mean everybody",3,439492,79.81
"everybody needs somebody",3,439495,79.81
"everybody nice teach",3,439498,79.81
"everybody seen thinking",3,439501,79.81
"everybody sweet dreams",3,439504,79.81
"everybody wants famous",3,439507,79.81
"everyday fans day",3,439510,79.81
"everyday like today",3,439513,79.81
"evidence things seen",3,439516,79.81
"evidence world want",3,439519,79.81
"evil little girl",3,439522,79.81
"evil pursuit files",3,439525,79.81
"ex girlfriend obtained",3,439528,79.82
"ex looks like",3,439531,79.82
"ex time brings",3,439534,79.82
"exactly did say",3,439537,79.82
"exactly doctor ordered",3,439540,79.82
"exactly feel like",3,439543,79.82
"exactly just like",3,439546,79.82
"exactly just thinking",3,439549,79.82
"exactly need get",3,439552,79.82
"exactly need go",3,439555,79.82
"exactly needed hear",3,439558,79.82
"exactly needed today",3,439561,79.82
"exactly want just",3,439564,79.82
"exactly want makes",3,439567,79.82
"exam last week",3,439570,79.82
"example using social",3,439573,79.82
"examples social media",3,439576,79.82
"excellence common thing",3,439579,79.82
"excellent choice think",3,439582,79.83
"exceptions oliver holmes",3,439585,79.83
"exchange phone does",3,439588,79.83
"excited announce playing",3,439591,79.83
"excited baby boy",3,439594,79.83
"excited brand new",3,439597,79.83
"excited brewers game",3,439600,79.83
"excited celebrate birth",3,439603,79.83
"excited celebrate birthday",3,439606,79.83
"excited creating new",3,439609,79.83
"excited day weekend",3,439612,79.83
"excited future bring",3,439615,79.83
"excited future holds",3,439618,79.83
"excited gonna amazing",3,439621,79.83
"excited happy hour",3,439624,79.83
"excited hope get",3,439627,79.83
"excited joined twitter",3,439630,79.83
"excited launch party",3,439633,79.83
"excited love love",3,439636,79.83
"excited mother day",3,439639,79.84
"excited nervous game",3,439642,79.84
"excited nervous tomorrow",3,439645,79.84
"excited new book",3,439648,79.84
"excited new logo",3,439651,79.84
"excited new look",3,439654,79.84
"excited new opportunity",3,439657,79.84
"excited new products",3,439660,79.84
"excited new single",3,439663,79.84
"excited new wine",3,439666,79.84
"excited play great",3,439669,79.84
"excited putting finishing",3,439672,79.84
"excited read book",3,439675,79.84
"excited seeing live",3,439678,79.84
"excited share updates",3,439681,79.84
"excited sneak peak",3,439684,79.84
"excited teen wolf",3,439687,79.84
"excited today going",3,439690,79.84
"excited wait start",3,439693,79.85
"excited warm weather",3,439696,79.85
"excited welcome new",3,439699,79.85
"excited welcome summer",3,439702,79.85
"excited working amazing",3,439705,79.85
"exciting game great",3,439708,79.85
"exciting glad hear",3,439711,79.85
"exciting let know",3,439714,79.85
"exciting new changes",3,439717,79.85
"exciting new chapter",3,439720,79.85
"exciting stuff coming",3,439723,79.85
"exciting time year",3,439726,79.85
"exciting times dc",3,439729,79.85
"exclusive beverage provider",3,439732,79.85
"excuse act like",3,439735,79.85
"excuse get work",3,439738,79.85
"executive producers told",3,439741,79.85
"exercise daily walk",3,439744,79.85
"exercise eating right",3,439747,79.86
"exercise healthy eating",3,439750,79.86
"exercise week stay",3,439753,79.86
"exhibit hall stop",3,439756,79.86
"exhibit lewis gallery",3,439759,79.86
"existence end benjamin",3,439762,79.86
"existence tragedy bore",3,439765,79.86
"expect email soon",3,439768,79.86
"expect little achievements",3,439771,79.86
"expect news soon",3,439774,79.86
"expect traffic delays",3,439777,79.86
"expect weather get",3,439780,79.86
"expectations feel world",3,439783,79.86
"expectations key sam",3,439786,79.86
"expects excuse henry",3,439789,79.86
"expensive single private",3,439792,79.86
"experience anything exceptional",3,439795,79.86
"experience changed life",3,439798,79.86
"experience experiments achieve",3,439801,79.86
"experience industry achieved",3,439804,79.87
"experience look forward",3,439807,79.87
"experience lost wisdom",3,439810,79.87
"experience love hear",3,439813,79.87
"experience social media",3,439816,79.87
"experience teacher things",3,439819,79.87
"experience thing recognize",3,439822,79.87
"experience trial suffering",3,439825,79.87
"experience worst days",3,439828,79.87
"experienced systems engineers",3,439831,79.87
"experienced web developer",3,439834,79.87
"experiments achieve expectations",3,439837,79.87
"expert search processed",3,439840,79.87
"experts stars offer",3,439843,79.87
"expired exit life",3,439846,79.87
"explain doing cow",3,439849,79.87
"explain wanna friend",3,439852,79.87
"explain watch ohio",3,439855,79.87
"explode put microwave",3,439858,79.88
"explore real like",3,439861,79.88
"explosive claimed daily",3,439864,79.88
"express giving away",3,439867,79.88
"expression emotion power",3,439870,79.88
"expression mixed feelings",3,439873,79.88
"extra day week",3,439876,79.88
"extra half hour",3,439879,79.88
"extra hour get",3,439882,79.88
"extra hour today",3,439885,79.88
"extra innings game",3,439888,79.88
"extra innings way",3,439891,79.88
"extra leg room",3,439894,79.88
"extra mile make",3,439897,79.88
"extra olive oil",3,439900,79.88
"extra pair hands",3,439903,79.88
"extra set eyes",3,439906,79.88
"extra time today",3,439909,79.88
"extra yarn contest",3,439912,79.89
"extraordinary gentleman movie",3,439915,79.89
"extremely little anything",3,439918,79.89
"eye coming soon",3,439921,79.89
"eye doctor got",3,439924,79.89
"eye earth conference",3,439927,79.89
"eye feel like",3,439930,79.89
"eye looks like",3,439933,79.89
"eye won bother",3,439936,79.89
"eyed peas today",3,439939,79.89
"eyes don wanna",3,439942,79.89
"eyes ears heart",3,439945,79.89
"eyes hate heart",3,439948,79.89
"eyes hurt crying",3,439951,79.89
"eyes peeled new",3,439954,79.89
"eyes stars feet",3,439957,79.89
"eyes wont cry",3,439960,79.89
"fa cup champions",3,439963,79.89
"fa cup vs",3,439966,79.89
"fa real need",3,439969,79.9
"fabric space time",3,439972,79.9
"fabulous day love",3,439975,79.9
"fabulous las vegas",3,439978,79.9
"face book twitter",3,439981,79.9
"face calls hot",3,439984,79.9
"face close fan",3,439987,79.9
"face coloring book",3,439990,79.9
"face don say",3,439993,79.9
"face don want",3,439996,79.9
"face just did",3,439999,79.9
"face just leave",3,440002,79.9
"face just like",3,440005,79.9
"face just want",3,440008,79.9
"face paper stop",3,440011,79.9
"face sounds like",3,440014,79.9
"face sunshine shadows",3,440017,79.9
"face woman face",3,440020,79.9
"facebook account hacked",3,440023,79.91
"facebook account just",3,440026,79.91
"facebook account today",3,440029,79.91
"facebook com chasing",3,440032,79.91
"facebook com details",3,440035,79.91
"facebook com fm",3,440038,79.91
"facebook com go",3,440041,79.91
"facebook com join",3,440044,79.91
"facebook com new",3,440047,79.91
"facebook com william",3,440050,79.91
"facebook complicated relationship",3,440053,79.91
"facebook deleted account",3,440056,79.91
"facebook don forget",3,440059,79.91
"facebook giving away",3,440062,79.91
"facebook going give",3,440065,79.91
"facebook google youtube",3,440068,79.91
"facebook love like",3,440071,79.91
"facebook page add",3,440074,79.91
"facebook page called",3,440077,79.92
"facebook page chance",3,440080,79.92
"facebook page hair",3,440083,79.92
"facebook page help",3,440086,79.92
"facebook page join",3,440089,79.92
"facebook page later",3,440092,79.92
"facebook page make",3,440095,79.92
"facebook page need",3,440098,79.92
"facebook page stream",3,440101,79.92
"facebook page video",3,440104,79.92
"facebook page want",3,440107,79.92
"facebook page week",3,440110,79.92
"facebook people know",3,440113,79.92
"facebook post like",3,440116,79.92
"facebook twitter account",3,440119,79.92
"facebook twitter don",3,440122,79.92
"facebook twitter follow",3,440125,79.92
"facebook twitter just",3,440128,79.92
"facebook twitter myspace",3,440131,79.92
"facebook twitter post",3,440134,79.93
"facebook twitter website",3,440137,79.93
"facebook ugly get",3,440140,79.93
"facebook won let",3,440143,79.93
"facebook www com",3,440146,79.93
"faced great opportunities",3,440149,79.93
"faces last night",3,440152,79.93
"facial hair looks",3,440155,79.93
"facing new york",3,440158,79.93
"fact ability man",3,440161,79.93
"fact don get",3,440164,79.93
"fact don talk",3,440167,79.93
"fact lazy read",3,440170,79.93
"fact sat scores",3,440173,79.93
"fact world learned",3,440176,79.93
"factory sunset boulevard",3,440179,79.93
"faculty grad students",3,440182,79.93
"faculty staff get",3,440185,79.93
"fade away plus",3,440188,79.94
"fail ap test",3,440191,79.94
"fail forward success",3,440194,79.94
"fail math test",3,440197,79.94
"failing pay mortgage",3,440200,79.94
"failing times julie",3,440203,79.94
"fails character patience",3,440206,79.94
"failures go heart",3,440209,79.94
"failures watch new",3,440212,79.94
"fair august th",3,440215,79.94
"fair mall america",3,440218,79.94
"fair need get",3,440221,79.94
"fair sept th",3,440224,79.94
"fair trade organic",3,440227,79.94
"fair wedding david",3,440230,79.94
"faithful friends warm",3,440233,79.94
"faithful know love",3,440236,79.94
"faithful wounds friend",3,440239,79.94
"fake pregnant heads",3,440242,79.95
"fake smile face",3,440245,79.95
"fall asked silence",3,440248,79.95
"fall asleep desk",3,440251,79.95
"fall asleep go",3,440254,79.95
"fall asleep gonna",3,440257,79.95
"fall asleep got",3,440260,79.95
"fall asleep hours",3,440263,79.95
"fall asleep love",3,440266,79.95
"fall asleep oh",3,440269,79.95
"fall asleep pm",3,440272,79.95
"fall asleep soon",3,440275,79.95
"fall asleep stay",3,440278,79.95
"fall asleep till",3,440281,79.95
"fall asleep tired",3,440284,79.95
"fall asleep tv",3,440287,79.95
"fall bass wind",3,440290,79.95
"fall count life",3,440293,79.95
"fall day come",3,440296,79.95
"fall happy friday",3,440299,79.96
"fall let easy",3,440302,79.96
"fall looking forward",3,440305,79.96
"fall love beauty",3,440308,79.96
"fall love fast",3,440311,79.96
"fall love hard",3,440314,79.96
"fall love make",3,440317,79.96
"fall love man",3,440320,79.96
"fall love new",3,440323,79.96
"fall mistake dreaming",3,440326,79.96
"fall myself let",3,440329,79.96
"fall open sewer",3,440332,79.96
"fall really know",3,440335,79.96
"fall slipped proverb",3,440338,79.96
"fall winter collection",3,440341,79.96
"fall winter preview",3,440344,79.96
"falling asleep arms",3,440347,79.96
"falling asleep desk",3,440350,79.96
"falling asleep early",3,440353,79.97
"falling asleep probably",3,440356,79.97
"falling asleep tonight",3,440359,79.97
"falling asleep waiting",3,440362,79.97
"falling falling apart",3,440365,79.97
"falling times getting",3,440368,79.97
"falls asleep seven",3,440371,79.97
"fame ceremony nyc",3,440374,79.97
"fame fame monster",3,440377,79.97
"fame success madonna",3,440380,79.97
"families help children",3,440383,79.97
"family admission pass",3,440386,79.97
"family age athletes",3,440389,79.97
"family age hs",3,440392,79.97
"family anyone think",3,440395,79.97
"family best friends",3,440398,79.97
"family business walt",3,440401,79.97
"family country farm",3,440404,79.97
"family dinner night",3,440407,79.97
"family doctor problem",3,440410,79.98
"family friendly event",3,440413,79.98
"family friends community",3,440416,79.98
"family friends east",3,440419,79.98
"family friends followers",3,440422,79.98
"family friends fun",3,440425,79.98
"family friends giving",3,440428,79.98
"family friends let",3,440431,79.98
"family friends loved",3,440434,79.98
"family friends miss",3,440437,79.98
"family friends money",3,440440,79.98
"family friends special",3,440443,79.98
"family friends thanks",3,440446,79.98
"family fun center",3,440449,79.98
"family get free",3,440452,79.98
"family get soon",3,440455,79.98
"family gotta go",3,440458,79.98
"family gotta love",3,440461,79.98
"family great time",3,440464,79.99
"family happy mothers",3,440467,79.99
"family hope having",3,440470,79.99
"family intro cute",3,440473,79.99
"family looks like",3,440476,79.99
"family night starting",3,440479,79.99
"family nuts neighbor",3,440482,79.99
"family passed away",3,440485,79.99
"family small world",3,440488,79.99
"family stories ties",3,440491,79.99
"family story time",3,440494,79.99
"family today love",3,440497,79.99
"family tough time",3,440500,79.99
"family tree found",3,440503,79.99
"family trees beautiful",3,440506,79.99
"family ur family",3,440509,79.99
"famous desired notice",3,440512,79.99
"famous mac cheese",3,440515,79.99
"famous salad dressing",3,440518,80
"fan cost app",3,440521,80
"fan cost index",3,440524,80
"fan don care",3,440527,80
"fan done tour",3,440530,80
"fan excited new",3,440533,80
"fan follow amazing",3,440536,80
"fan follow tweet",3,440539,80
"fan hear robot",3,440542,80
"fan huge fan",3,440545,80
"fan idea crazy",3,440548,80
"fan jets fan",3,440551,80
"fan looking forward",3,440554,80
"fan mail sent",3,440557,80
"fan new york",3,440560,80
"fan really like",3,440563,80
"fan stay tuned",3,440566,80
"fan till day",3,440569,80
"fan video canceled",3,440572,80
"fan www facebook",3,440575,80.01
"fancy way saying",3,440578,80.01
"fans bucket bud",3,440581,80.01
"fans don need",3,440584,80.01
"fans don think",3,440587,80.01
"fans don worry",3,440590,80.01
"fans feel like",3,440593,80.01
"fans follow twitter",3,440596,80.01
"fans followers love",3,440599,80.01
"fans go crazy",3,440602,80.01
"fans going love",3,440605,80.01
"fans got good",3,440608,80.01
"fans ha ha",3,440611,80.01
"fans hard work",3,440614,80.01
"fans know know",3,440617,80.01
"fans leaving early",3,440620,80.01
"fans need follow",3,440623,80.01
"fans need get",3,440626,80.01
"fans need stop",3,440629,80.02
"fans nhl playoff",3,440632,80.02
"fans official account",3,440635,80.02
"fans really go",3,440638,80.02
"fans server follow",3,440641,80.02
"fans tell single",3,440644,80.02
"fans text pay",3,440647,80.02
"fans want hear",3,440650,80.02
"fans www com",3,440653,80.02
"fantastic customer service",3,440656,80.02
"fantastic female led",3,440659,80.02
"fantastic lots great",3,440662,80.02
"fantastic thanks asking",3,440665,80.02
"fantasy check com",3,440668,80.02
"fantasy get deal",3,440671,80.02
"far ahead thinking",3,440674,80.02
"far ahead time",3,440677,80.02
"far away kids",3,440680,80.02
"far away kitchen",3,440683,80.03
"far away know",3,440686,80.03
"far away maybe",3,440689,80.03
"far away people",3,440692,80.03
"far away think",3,440695,80.03
"far concerned just",3,440698,80.03
"far don forget",3,440701,80.03
"far facebook timeline",3,440704,80.03
"far far long",3,440707,80.03
"far friday friday",3,440710,80.03
"far good great",3,440713,80.03
"far good hope",3,440716,80.03
"far good luck",3,440719,80.03
"far good start",3,440722,80.03
"far good thanks",3,440725,80.03
"far good think",3,440728,80.03
"far good today",3,440731,80.03
"far hope get",3,440734,80.03
"far spring break",3,440737,80.03
"fargo catch month",3,440740,80.04
"farm country farm",3,440743,80.04
"farm fun farm",3,440746,80.04
"farmers come tomorrow",3,440749,80.04
"farmers market farmers",3,440752,80.04
"farmers market weekend",3,440755,80.04
"farmers swing today",3,440758,80.04
"fascinating thanks sharing",3,440761,80.04
"fashion events music",3,440764,80.04
"fashion exists dresses",3,440767,80.04
"fashion ideas way",3,440770,80.04
"fashion last night",3,440773,80.04
"fast approaching don",3,440776,80.04
"fast break things",3,440779,80.04
"fast feeling great",3,440782,80.04
"fast red fox",3,440785,80.04
"fast school tomorrow",3,440788,80.04
"fast time passes",3,440791,80.04
"fastest growing disability",3,440794,80.05
"fastest run guts",3,440797,80.05
"fastest way moving",3,440800,80.05
"fatal hit run",3,440803,80.05
"fate control firm",3,440806,80.05
"fate prisoners own",3,440809,80.05
"father daddy does",3,440812,80.05
"father gave greatest",3,440815,80.05
"father making baby",3,440818,80.05
"father profound influence",3,440821,80.05
"father replied don",3,440824,80.05
"father son spirit",3,440827,80.05
"father takes real",3,440830,80.05
"favor drinking takes",3,440833,80.05
"favor real fast",3,440836,80.05
"favorite april fool",3,440839,80.05
"favorite artist times",3,440842,80.05
"favorite beach boys",3,440845,80.05
"favorite beer go",3,440848,80.06
"favorite book little",3,440851,80.06
"favorite book time",3,440854,80.06
"favorite book today",3,440857,80.06
"favorite cartoon character",3,440860,80.06
"favorite character love",3,440863,80.06
"favorite children book",3,440866,80.06
"favorite cute little",3,440869,80.06
"favorite films time",3,440872,80.06
"favorite food groups",3,440875,80.06
"favorite game play",3,440878,80.06
"favorite holiday happy",3,440881,80.06
"favorite holiday traditions",3,440884,80.06
"favorite holiday year",3,440887,80.06
"favorite horror films",3,440890,80.06
"favorite kind music",3,440893,80.06
"favorite let know",3,440896,80.06
"favorite long time",3,440899,80.06
"favorite mobile app",3,440902,80.06
"favorite music venue",3,440905,80.07
"favorite outdoor patio",3,440908,80.07
"favorite pandora station",3,440911,80.07
"favorite player got",3,440914,80.07
"favorite players time",3,440917,80.07
"favorite quote day",3,440920,80.07
"favorite quote far",3,440923,80.07
"favorite quote time",3,440926,80.07
"favorite song amazing",3,440929,80.07
"favorite song baby",3,440932,80.07
"favorite song far",3,440935,80.07
"favorite song go",3,440938,80.07
"favorite song make",3,440941,80.07
"favorite song want",3,440944,80.07
"favorite song working",3,440947,80.07
"favorite sports teams",3,440950,80.07
"favorite ted talk",3,440953,80.07
"favorite tv right",3,440956,80.07
"favorite tv series",3,440959,80.08
"favorite tweet day",3,440962,80.08
"favorite way enjoy",3,440965,80.08
"favorites last week",3,440968,80.08
"favors prepared mind",3,440971,80.08
"feared loved both",3,440974,80.08
"feared understood marie",3,440977,80.08
"fears actions louder",3,440980,80.08
"fears sure defeat",3,440983,80.08
"feature fried chicken",3,440986,80.08
"feature grilled chicken",3,440989,80.08
"featuring looking forward",3,440992,80.08
"featuring members casey",3,440995,80.08
"featuring ross austin",3,440998,80.08
"feb pm feb",3,441001,80.08
"feb st pm",3,441004,80.08
"federal student loans",3,441007,80.08
"fee prizes send",3,441010,80.08
"feed let know",3,441013,80.09
"feed mind physical",3,441016,80.09
"feed pain body",3,441019,80.09
"feed starving children",3,441022,80.09
"feedback keep coming",3,441025,80.09
"feel awkward uncomfortable",3,441028,80.09
"feel bad bc",3,441031,80.09
"feel bad bulls",3,441034,80.09
"feel bad doing",3,441037,80.09
"feel bad family",3,441040,80.09
"feel bad gonna",3,441043,80.09
"feel bad happy",3,441046,80.09
"feel bad kids",3,441049,80.09
"feel bad life",3,441052,80.09
"feel bad lost",3,441055,80.09
"feel bad love",3,441058,80.09
"feel bad making",3,441061,80.09
"feel bad person",3,441064,80.09
"feel bad rivera",3,441067,80.09
"feel bad think",3,441070,80.1
"feel bad ur",3,441073,80.1
"feel bare feet",3,441076,80.1
"feel blessed great",3,441079,80.1
"feel confident saying",3,441082,80.1
"feel deep inside",3,441085,80.1
"feel deeply enjoy",3,441088,80.1
"feel done permanent",3,441091,80.1
"feel earth move",3,441094,80.1
"feel exactly way",3,441097,80.1
"feel feel way",3,441100,80.1
"feel free away",3,441103,80.1
"feel free bend",3,441106,80.1
"feel free continue",3,441109,80.1
"feel free ignore",3,441112,80.1
"feel free include",3,441115,80.1
"feel free invite",3,441118,80.1
"feel free submit",3,441121,80.1
"feel free time",3,441124,80.11
"feel free wear",3,441127,80.11
"feel good af",3,441130,80.11
"feel good feeling",3,441133,80.11
"feel good got",3,441136,80.11
"feel good let",3,441139,80.11
"feel good making",3,441142,80.11
"feel good said",3,441145,80.11
"feel good try",3,441148,80.11
"feel good work",3,441151,80.11
"feel happy inside",3,441154,80.11
"feel horrible right",3,441157,80.11
"feel horrible today",3,441160,80.11
"feel like arguing",3,441163,80.11
"feel like art",3,441166,80.11
"feel like ask",3,441169,80.11
"feel like away",3,441172,80.11
"feel like bag",3,441175,80.11
"feel like baking",3,441178,80.11
"feel like bed",3,441181,80.12
"feel like bother",3,441184,80.12
"feel like bout",3,441187,80.12
"feel like broken",3,441190,80.12
"feel like care",3,441193,80.12
"feel like carrying",3,441196,80.12
"feel like caught",3,441199,80.12
"feel like champ",3,441202,80.12
"feel like character",3,441205,80.12
"feel like child",3,441208,80.12
"feel like chilling",3,441211,80.12
"feel like cold",3,441214,80.12
"feel like completely",3,441217,80.12
"feel like concert",3,441220,80.12
"feel like creep",3,441223,80.12
"feel like cry",3,441226,80.12
"feel like dad",3,441229,80.12
"feel like dat",3,441232,80.12
"feel like definitely",3,441235,80.13
"feel like disney",3,441238,80.13
"feel like evidence",3,441241,80.13
"feel like facebook",3,441244,80.13
"feel like fish",3,441247,80.13
"feel like floating",3,441250,80.13
"feel like forced",3,441253,80.13
"feel like forgotten",3,441256,80.13
"feel like freaking",3,441259,80.13
"feel like full",3,441262,80.13
"feel like fun",3,441265,80.13
"feel like genius",3,441268,80.13
"feel like gotten",3,441271,80.13
"feel like hair",3,441274,80.13
"feel like hangover",3,441277,80.13
"feel like hates",3,441280,80.13
"feel like hope",3,441283,80.13
"feel like horror",3,441286,80.13
"feel like hot",3,441289,80.14
"feel like hurt",3,441292,80.14
"feel like idea",3,441295,80.14
"feel like ignore",3,441298,80.14
"feel like impossible",3,441301,80.14
"feel like insane",3,441304,80.14
"feel like james",3,441307,80.14
"feel like knows",3,441310,80.14
"feel like learning",3,441313,80.14
"feel like legit",3,441316,80.14
"feel like loose",3,441319,80.14
"feel like lose",3,441322,80.14
"feel like lush",3,441325,80.14
"feel like machine",3,441328,80.14
"feel like matter",3,441331,80.14
"feel like meeting",3,441334,80.14
"feel like minutes",3,441337,80.14
"feel like natural",3,441340,80.14
"feel like ones",3,441343,80.14
"feel like open",3,441346,80.15
"feel like outside",3,441349,80.15
"feel like owe",3,441352,80.15
"feel like passing",3,441355,80.15
"feel like pay",3,441358,80.15
"feel like place",3,441361,80.15
"feel like practicing",3,441364,80.15
"feel like probably",3,441367,80.15
"feel like road",3,441370,80.15
"feel like room",3,441373,80.15
"feel like safe",3,441376,80.15
"feel like saving",3,441379,80.15
"feel like secret",3,441382,80.15
"feel like shoe",3,441385,80.15
"feel like shots",3,441388,80.15
"feel like sitting",3,441391,80.15
"feel like song",3,441394,80.15
"feel like soon",3,441397,80.15
"feel like sorry",3,441400,80.16
"feel like soul",3,441403,80.16
"feel like south",3,441406,80.16
"feel like spent",3,441409,80.16
"feel like stabbed",3,441412,80.16
"feel like standing",3,441415,80.16
"feel like staring",3,441418,80.16
"feel like stomach",3,441421,80.16
"feel like stress",3,441424,80.16
"feel like support",3,441427,80.16
"feel like tears",3,441430,80.16
"feel like teenager",3,441433,80.16
"feel like threat",3,441436,80.16
"feel like tom",3,441439,80.16
"feel like traveling",3,441442,80.16
"feel like trending",3,441445,80.16
"feel like truck",3,441448,80.16
"feel like true",3,441451,80.16
"feel like used",3,441454,80.17
"feel like waking",3,441457,80.17
"feel like wall",3,441460,80.17
"feel like wanted",3,441463,80.17
"feel like wanting",3,441466,80.17
"feel like water",3,441469,80.17
"feel like woman",3,441472,80.17
"feel like words",3,441475,80.17
"feel like yelling",3,441478,80.17
"feel myself losing",3,441481,80.17
"feel precious eyes",3,441484,80.17
"feel reason smile",3,441487,80.17
"feel way ask",3,441490,80.17
"feel way go",3,441493,80.17
"feel way love",3,441496,80.17
"feel way people",3,441499,80.17
"feel way right",3,441502,80.17
"feel way trying",3,441505,80.17
"feel way year",3,441508,80.17
"feeling better doing",3,441511,80.18
"feeling better don",3,441514,80.18
"feeling better just",3,441517,80.18
"feeling better long",3,441520,80.18
"feeling better miss",3,441523,80.18
"feeling bit morning",3,441526,80.18
"feeling bit overwhelmed",3,441529,80.18
"feeling bit today",3,441532,80.18
"feeling blessed morning",3,441535,80.18
"feeling blessed today",3,441538,80.18
"feeling close eyes",3,441541,80.18
"feeling coming home",3,441544,80.18
"feeling good go",3,441547,80.18
"feeling good know",3,441550,80.18
"feeling good thanks",3,441553,80.18
"feeling good tonight",3,441556,80.18
"feeling guilty working",3,441559,80.18
"feeling inspired today",3,441562,80.18
"feeling laying bed",3,441565,80.19
"feeling like billion",3,441568,80.19
"feeling like boss",3,441571,80.19
"feeling like king",3,441574,80.19
"feeling like life",3,441577,80.19
"feeling like really",3,441580,80.19
"feeling like spring",3,441583,80.19
"feeling like tonight",3,441586,80.19
"feeling like world",3,441589,80.19
"feeling like writing",3,441592,80.19
"feeling like year",3,441595,80.19
"feeling lot born",3,441598,80.19
"feeling love right",3,441601,80.19
"feeling love thanks",3,441604,80.19
"feeling old school",3,441607,80.19
"feeling sum type",3,441610,80.19
"feeling urge get",3,441613,80.19
"feeling way right",3,441616,80.19
"feeling way today",3,441619,80.2
"feeling words written",3,441622,80.2
"feeling work tonight",3,441625,80.2
"feeling world say",3,441628,80.2
"feeling world seeing",3,441631,80.2
"feelings get involved",3,441634,80.2
"feelings myself hard",3,441637,80.2
"feels good alive",3,441640,80.2
"feels good done",3,441643,80.2
"feels good getting",3,441646,80.2
"feels good little",3,441649,80.2
"feels good loved",3,441652,80.2
"feels good make",3,441655,80.2
"feels good really",3,441658,80.2
"feels good relax",3,441661,80.2
"feels good thanks",3,441664,80.2
"feels good way",3,441667,80.2
"feels right wrong",3,441670,80.2
"feels weird going",3,441673,80.2
"fell asleep computer",3,441676,80.21
"fell asleep going",3,441679,80.21
"fell asleep hour",3,441682,80.21
"fell asleep reading",3,441685,80.21
"fell asleep texting",3,441688,80.21
"fell asleep times",3,441691,80.21
"fell asleep tv",3,441694,80.21
"fell asleep twitter",3,441697,80.21
"fell asleep waiting",3,441700,80.21
"felt better say",3,441703,80.21
"felt earthquake today",3,441706,80.21
"felt like big",3,441709,80.21
"felt like days",3,441712,80.21
"felt like doing",3,441715,80.21
"felt like get",3,441718,80.21
"felt like little",3,441721,80.21
"felt like long",3,441724,80.21
"felt like lot",3,441727,80.21
"felt like making",3,441730,80.22
"felt like man",3,441733,80.22
"felt like taking",3,441736,80.22
"felt like year",3,441739,80.22
"felt need say",3,441742,80.22
"felt round world",3,441745,80.22
"felt strongly impressed",3,441748,80.22
"felt way long",3,441751,80.22
"female body builder",3,441754,80.22
"female hoe ex",3,441757,80.22
"fest email com",3,441760,80.22
"fest stop say",3,441763,80.22
"fest thanks came",3,441766,80.22
"festival continues today",3,441769,80.22
"festival take place",3,441772,80.22
"festival weekend come",3,441775,80.22
"fewer things seem",3,441778,80.22
"fiction written today",3,441781,80.22
"field announcement coming",3,441784,80.23
"field anyone know",3,441787,80.23
"field rested gives",3,441790,80.23
"fighting losing battle",3,441793,80.23
"fighting till end",3,441796,80.23
"fighting wi state",3,441799,80.23
"figure get rid",3,441802,80.23
"figure really need",3,441805,80.23
"file papers run",3,441808,80.23
"files day businesses",3,441811,80.23
"files production requires",3,441814,80.23
"fill bag let",3,441817,80.23
"fill cleveland ave",3,441820,80.23
"fill entry form",3,441823,80.23
"fill open positions",3,441826,80.23
"filled cinnamon apples",3,441829,80.23
"filled family friends",3,441832,80.23
"filled love laughter",3,441835,80.23
"filling bracket year",3,441838,80.23
"film brooklyn breach",3,441841,80.24
"film festival coming",3,441844,80.24
"film festival just",3,441847,80.24
"film festival kicks",3,441850,80.24
"film festival last",3,441853,80.24
"film festival tomorrow",3,441856,80.24
"film media program",3,441859,80.24
"film shark throws",3,441862,80.24
"film society lincoln",3,441865,80.24
"film tv festival",3,441868,80.24
"film tv projects",3,441871,80.24
"filming commercial today",3,441874,80.24
"filming short film",3,441877,80.24
"final cut new",3,441880,80.24
"final day class",3,441883,80.24
"final day classes",3,441886,80.24
"final day come",3,441889,80.24
"final day work",3,441892,80.24
"final destination movies",3,441895,80.25
"final exam grades",3,441898,80.25
"final exam today",3,441901,80.25
"final exams week",3,441904,80.25
"final hearing task",3,441907,80.25
"final week school",3,441910,80.25
"finalists james beard",3,441913,80.25
"finally able catch",3,441916,80.25
"finally able watch",3,441919,80.25
"finally broke got",3,441922,80.25
"finally came senses",3,441925,80.25
"finally caught sleep",3,441928,80.25
"finally come true",3,441931,80.25
"finally coming close",3,441934,80.25
"finally decided try",3,441937,80.25
"finally falling place",3,441940,80.25
"finally figured get",3,441943,80.25
"finally friday get",3,441946,80.25
"finally friday great",3,441949,80.25
"finally friday ready",3,441952,80.26
"finally friday thank",3,441955,80.26
"finally get bed",3,441958,80.26
"finally get home",3,441961,80.26
"finally get play",3,441964,80.26
"finally get project",3,441967,80.26
"finally get real",3,441970,80.26
"finally get tomorrow",3,441973,80.26
"finally get win",3,441976,80.26
"finally gets th",3,441979,80.26
"finally getting caught",3,441982,80.26
"finally getting flu",3,441985,80.26
"finally getting new",3,441988,80.26
"finally getting reading",3,441991,80.26
"finally getting studio",3,441994,80.26
"finally getting time",3,441997,80.26
"finally go bed",3,442000,80.26
"finally got game",3,442003,80.26
"finally got hotel",3,442006,80.27
"finally got nice",3,442009,80.27
"finally got reading",3,442012,80.27
"finally got running",3,442015,80.27
"finally got today",3,442018,80.27
"finally make twitter",3,442021,80.27
"finally nap time",3,442024,80.27
"finally peace quiet",3,442027,80.27
"finally relaxing long",3,442030,80.27
"finally started reading",3,442033,80.27
"finally started working",3,442036,80.27
"finally starting watch",3,442039,80.27
"finally stopped raining",3,442042,80.27
"finally time relax",3,442045,80.27
"finally time watch",3,442048,80.27
"finally tomorrow friday",3,442051,80.27
"finally twitter welcome",3,442054,80.27
"finally using twitter",3,442057,80.27
"finally watching avengers",3,442060,80.28
"finally watching season",3,442063,80.28
"finals lets go",3,442066,80.28
"financial protection bureau",3,442069,80.28
"find anyone go",3,442072,80.28
"find anyone like",3,442075,80.28
"find best friend",3,442078,80.28
"find changed handle",3,442081,80.28
"find customers products",3,442084,80.28
"find extremely annoying",3,442087,80.28
"find facebook let",3,442090,80.28
"find freedom music",3,442093,80.28
"find gas station",3,442096,80.28
"find get involved",3,442099,80.28
"find girl broken",3,442102,80.28
"find girl scout",3,442105,80.28
"find great local",3,442108,80.28
"find greatest happiness",3,442111,80.28
"find guy just",3,442114,80.28
"find happiness possible",3,442117,80.29
"find hard find",3,442120,80.29
"find hard let",3,442123,80.29
"find hilarious people",3,442126,80.29
"find interesting stuff",3,442129,80.29
"find just go",3,442132,80.29
"find just wild",3,442135,80.29
"find lack disturbing",3,442138,80.29
"find life worth",3,442141,80.29
"find lived just",3,442144,80.29
"find man make",3,442147,80.29
"find man turner",3,442150,80.29
"find need know",3,442153,80.29
"find old school",3,442156,80.29
"find parent stop",3,442159,80.29
"find perfect ring",3,442162,80.29
"find pockets busy",3,442165,80.29
"find prayer app",3,442168,80.29
"find products customers",3,442171,80.3
"find reason get",3,442174,80.3
"find reason hate",3,442177,80.3
"find ring love",3,442180,80.3
"find silver lining",3,442183,80.3
"find summer job",3,442186,80.3
"find television educational",3,442189,80.3
"find things regret",3,442192,80.3
"find thomas edison",3,442195,80.3
"find true friends",3,442198,80.3
"find twitter thanks",3,442201,80.3
"find ur true",3,442204,80.3
"find way blame",3,442207,80.3
"find way connect",3,442210,80.3
"find way contact",3,442213,80.3
"find way extend",3,442216,80.3
"find way keep",3,442219,80.3
"find way move",3,442222,80.3
"find way put",3,442225,80.31
"find way start",3,442228,80.31
"find way stop",3,442231,80.31
"find way take",3,442234,80.31
"find ways impress",3,442237,80.31
"find ways keep",3,442240,80.31
"find ways make",3,442243,80.31
"find words describe",3,442246,80.31
"finding apartment nyc",3,442249,80.31
"finding birth mother",3,442252,80.31
"finding common ground",3,442255,80.31
"finding learning answer",3,442258,80.31
"finding new place",3,442261,80.31
"finding new things",3,442264,80.31
"finding true love",3,442267,80.31
"finding venues liked",3,442270,80.31
"finds time calendar",3,442273,80.31
"fine art prints",3,442276,80.31
"fine arts library",3,442279,80.31
"fine print experience",3,442282,80.32
"fine told balanced",3,442285,80.32
"finger index finger",3,442288,80.32
"finger save hand",3,442291,80.32
"fingers come motion",3,442294,80.32
"fingers crossed both",3,442297,80.32
"fingers crossed hear",3,442300,80.32
"fingers crossed love",3,442303,80.32
"fingers crossed want",3,442306,80.32
"fingers mean hot",3,442309,80.32
"finish english paper",3,442312,80.32
"finish history project",3,442315,80.32
"finish last nice",3,442318,80.32
"finish work tonight",3,442321,80.32
"finished book last",3,442324,80.32
"finished great meeting",3,442327,80.32
"finished new track",3,442330,80.32
"finished page paper",3,442333,80.32
"finished radio interview",3,442336,80.33
"finished season finale",3,442339,80.33
"finished spanish homework",3,442342,80.33
"finished st book",3,442345,80.33
"finished st draft",3,442348,80.33
"finished steve jobs",3,442351,80.33
"finished work people",3,442354,80.33
"finished writing song",3,442357,80.33
"finishing boston marathon",3,442360,80.33
"finishing last year",3,442363,80.33
"finishing music video",3,442366,80.33
"finishing research paper",3,442369,80.33
"fired shots fired",3,442372,80.33
"fireworks last night",3,442375,80.33
"firm date monday",3,442378,80.33
"firm office solutions",3,442381,80.33
"fiscal house order",3,442384,80.33
"fish blue fish",3,442387,80.33
"fish means fresh",3,442390,80.34
"fishing just standing",3,442393,80.34
"fist pump love",3,442396,80.34
"fit budget program",3,442399,80.34
"fit skinny jeans",3,442402,80.34
"fitness ability beat",3,442405,80.34
"fix broken maybe",3,442408,80.34
"fix whats wrong",3,442411,80.34
"fixed new york",3,442414,80.34
"fl let know",3,442417,80.34
"flag football league",3,442420,80.34
"flag football today",3,442423,80.34
"flag warning issued",3,442426,80.34
"flame flame flame",3,442429,80.34
"flash cash shock",3,442432,80.34
"flash drive right",3,442435,80.34
"flat earth society",3,442438,80.34
"flat iron steak",3,442441,80.34
"flavor milk chocolate",3,442444,80.34
"flavors coming soon",3,442447,80.35
"flavors www com",3,442450,80.35
"flaws come meet",3,442453,80.35
"flaws mistakes smiles",3,442456,80.35
"flight looks like",3,442459,80.35
"flight wild duck",3,442462,80.35
"floor breaks floor",3,442465,80.35
"floor breaks screen",3,442468,80.35
"floor epic hotel",3,442471,80.35
"floor good luck",3,442474,80.35
"floor looks like",3,442477,80.35
"floor shake floor",3,442480,80.35
"florence machine go",3,442483,80.35
"florida stay tuned",3,442486,80.35
"flowers leaves fall",3,442489,80.35
"fluffy white cat",3,442492,80.35
"fly gotta give",3,442495,80.35
"fly know goes",3,442498,80.35
"fly like eagle",3,442501,80.36
"fly like paper",3,442504,80.36
"fly salt lake",3,442507,80.36
"flying anyway mary",3,442510,80.36
"flying learning throw",3,442513,80.36
"flynn ale house",3,442516,80.36
"fm giving away",3,442519,80.36
"fm new york",3,442522,80.36
"fm today pm",3,442525,80.36
"focus bring beauty",3,442528,80.36
"focus customer webinar",3,442531,80.36
"focus don want",3,442534,80.36
"focus group today",3,442537,80.36
"focus long term",3,442540,80.36
"focus quality quantity",3,442543,80.36
"focused journey greatness",3,442546,80.36
"fog sunny high",3,442549,80.36
"folks don want",3,442552,80.36
"folks follow twitter",3,442555,80.37
"folks just don",3,442558,80.37
"folks just made",3,442561,80.37
"folks san diego",3,442564,80.37
"folks stay tuned",3,442567,80.37
"follow anyone tweets",3,442570,80.37
"follow ask xx",3,442573,80.37
"follow austin trend",3,442576,80.37
"follow beautiful follow",3,442579,80.37
"follow beautiful lady",3,442582,80.37
"follow birthday best",3,442585,80.37
"follow birthday school",3,442588,80.37
"follow bit thanks",3,442591,80.37
"follow blake twitter",3,442594,80.37
"follow body woman",3,442597,80.37
"follow boy new",3,442600,80.37
"follow btw get",3,442603,80.37
"follow cali productions",3,442606,80.37
"follow carrie lauren",3,442609,80.37
"follow client needs",3,442612,80.38
"follow come check",3,442615,80.38
"follow come cue",3,442618,80.38
"follow come follow",3,442621,80.38
"follow did find",3,442624,80.38
"follow dream follow",3,442627,80.38
"follow dream yo",3,442630,80.38
"follow enjoy tweets",3,442633,80.38
"follow facebook com",3,442636,80.38
"follow facebook updated",3,442639,80.38
"follow fan account",3,442642,80.38
"follow finally online",3,442645,80.38
"follow founder ceo",3,442648,80.38
"follow friends love",3,442651,80.38
"follow gain new",3,442654,80.38
"follow get anymore",3,442657,80.38
"follow get best",3,442660,80.38
"follow get noticed",3,442663,80.38
"follow get solo",3,442666,80.39
"follow get twitter",3,442669,80.39
"follow give love",3,442672,80.39
"follow give solo",3,442675,80.39
"follow got followers",3,442678,80.39
"follow got great",3,442681,80.39
"follow great cause",3,442684,80.39
"follow great connect",3,442687,80.39
"follow great friday",3,442690,80.39
"follow great insight",3,442693,80.39
"follow great learn",3,442696,80.39
"follow great love",3,442699,80.39
"follow great place",3,442702,80.39
"follow greatly appreciate",3,442705,80.39
"follow guy real",3,442708,80.39
"follow hope able",3,442711,80.39
"follow hope come",3,442714,80.39
"follow hope follow",3,442717,80.39
"follow hope know",3,442720,80.4
"follow hope learn",3,442723,80.4
"follow hope soon",3,442726,80.4
"follow hope year",3,442729,80.4
"follow hours let",3,442732,80.4
"follow houston network",3,442735,80.4
"follow il follow",3,442738,80.4
"follow info coming",3,442741,80.4
"follow info latest",3,442744,80.4
"follow international developments",3,442747,80.4
"follow join movement",3,442750,80.4
"follow lead destiny",3,442753,80.4
"follow life long",3,442756,80.4
"follow live coverage",3,442759,80.4
"follow mention tweet",3,442762,80.4
"follow mitt romney",3,442765,80.4
"follow music video",3,442768,80.4
"follow new follow",3,442771,80.4
"follow own personal",3,442774,80.4
"follow page follow",3,442777,80.41
"follow pit love",3,442780,80.41
"follow pretty cherry",3,442783,80.41
"follow primary domain",3,442786,80.41
"follow promise just",3,442789,80.41
"follow real quick",3,442792,80.41
"follow reply message",3,442795,80.41
"follow san francisco",3,442798,80.41
"follow second account",3,442801,80.41
"follow soon follow",3,442804,80.41
"follow sorry get",3,442807,80.41
"follow super sweet",3,442810,80.41
"follow support good",3,442813,80.41
"follow sure checkout",3,442816,80.41
"follow sure like",3,442819,80.41
"follow thanks dr",3,442822,80.41
"follow think amazing",3,442825,80.41
"follow trying year",3,442828,80.41
"follow twitter cool",3,442831,80.42
"follow twitter handle",3,442834,80.42
"follow twitter happy",3,442837,80.42
"follow twitter might",3,442840,80.42
"follow twitter need",3,442843,80.42
"follow twitter upcoming",3,442846,80.42
"follow twitter want",3,442849,80.42
"follow twitter watch",3,442852,80.42
"follow twitter won",3,442855,80.42
"follow visit www",3,442858,80.42
"follow voted day",3,442861,80.42
"follow wait try",3,442864,80.42
"follow weekend updates",3,442867,80.42
"follow wish happy",3,442870,80.42
"follow www twitter",3,442873,80.42
"followed diet ad",3,442876,80.42
"followed haven followed",3,442879,80.42
"followed just follow",3,442882,80.42
"followed love austin",3,442885,80.42
"followed space amount",3,442888,80.43
"follower get followers",3,442891,80.43
"follower looking forward",3,442894,80.43
"follower thanks followers",3,442897,80.43
"follower welcome tweets",3,442900,80.43
"followers away giveaway",3,442903,80.43
"followers away let",3,442906,80.43
"followers awkward like",3,442909,80.43
"followers beautiful day",3,442912,80.43
"followers check real",3,442915,80.43
"followers congratulations tweet",3,442918,80.43
"followers end night",3,442921,80.43
"followers end year",3,442924,80.43
"followers follow spread",3,442927,80.43
"followers follow tell",3,442930,80.43
"followers follow tweet",3,442933,80.43
"followers follow want",3,442936,80.43
"followers followers help",3,442939,80.43
"followers guys great",3,442942,80.44
"followers happy valentine",3,442945,80.44
"followers hope guys",3,442948,80.44
"followers hope wonderful",3,442951,80.44
"followers just follow",3,442954,80.44
"followers just followed",3,442957,80.44
"followers just like",3,442960,80.44
"followers keep coming",3,442963,80.44
"followers last tweet",3,442966,80.44
"followers let know",3,442969,80.44
"followers live tweeting",3,442972,80.44
"followers make follow",3,442975,80.44
"followers needed help",3,442978,80.44
"followers new account",3,442981,80.44
"followers new followers",3,442984,80.44
"followers order follow",3,442987,80.44
"followers random follower",3,442990,80.44
"followers really fast",3,442993,80.44
"followers support appreciated",3,442996,80.45
"followers tell ur",3,442999,80.45
"followers tweet favorite",3,443002,80.45
"followers vote germany",3,443005,80.45
"followers wanna help",3,443008,80.45
"followers week part",3,443011,80.45
"followers welcome world",3,443014,80.45
"followers wonderful day",3,443017,80.45
"following chance win",3,443020,80.45
"following check com",3,443023,80.45
"following club number",3,443026,80.45
"following design design",3,443029,80.45
"following don think",3,443032,80.45
"following follow done",3,443035,80.45
"following follow get",3,443038,80.45
"following good meet",3,443041,80.45
"following happy easter",3,443044,80.45
"following happy holidays",3,443047,80.45
"following ill follow",3,443050,80.45
"following inner gate",3,443053,80.46
"following just ask",3,443056,80.46
"following just checked",3,443059,80.46
"following just did",3,443062,80.46
"following just need",3,443065,80.46
"following keep posted",3,443068,80.46
"following keep updated",3,443071,80.46
"following let chat",3,443074,80.46
"following let strangers",3,443077,80.46
"following like people",3,443080,80.46
"following limit follow",3,443083,80.46
"following limit sorry",3,443086,80.46
"following need follow",3,443089,80.46
"following need get",3,443092,80.46
"following need help",3,443095,80.46
"following personal twitter",3,443098,80.46
"following random people",3,443101,80.46
"following returned favor",3,443104,80.46
"following social media",3,443107,80.47
"following sounds like",3,443110,80.47
"following tune savvy",3,443113,80.47
"following tweet tweet",3,443116,80.47
"following twitter accounts",3,443119,80.47
"following twitter awesome",3,443122,80.47
"following twitter days",3,443125,80.47
"following twitter follow",3,443128,80.47
"following twitter hope",3,443131,80.47
"following twitter just",3,443134,80.47
"following twitter sure",3,443137,80.47
"following waiting years",3,443140,80.47
"following wonderful weekend",3,443143,80.47
"following www com",3,443146,80.47
"follows life man",3,443149,80.47
"follows look forward",3,443152,80.47
"follows nd gives",3,443155,80.47
"follows soon know",3,443158,80.47
"follows twitter thanks",3,443161,80.48
"food allergy awareness",3,443164,80.48
"food allergy friendly",3,443167,80.48
"food come get",3,443170,80.48
"food get home",3,443173,80.48
"food highly recommend",3,443176,80.48
"food job opens",3,443179,80.48
"food love food",3,443182,80.48
"food processed food",3,443185,80.48
"food service worker",3,443188,80.48
"food stamp nation",3,443191,80.48
"food stamp president",3,443194,80.48
"food telling table",3,443197,80.48
"food tonight like",3,443200,80.48
"food water air",3,443203,80.48
"foods sign limited",3,443206,80.48
"fool complain takes",3,443209,80.48
"fool minutes day",3,443212,80.48
"fool must plays",3,443215,80.48
"fool proves smith",3,443218,80.49
"foolish might try",3,443221,80.49
"foolish thing foolish",3,443224,80.49
"fools joke played",3,443227,80.49
"football contact sport",3,443230,80.49
"football games today",3,443233,80.49
"football games year",3,443236,80.49
"football mock draft",3,443239,80.49
"football nearly fun",3,443242,80.49
"football won go",3,443245,80.49
"force makes room",3,443248,80.49
"forecast looking good",3,443251,80.49
"forecast monday night",3,443254,80.49
"foreign lands foreign",3,443257,80.49
"forever alone forever",3,443260,80.49
"forever chris brown",3,443263,80.49
"forever feels good",3,443266,80.49
"forever get ready",3,443269,80.49
"forever get used",3,443272,80.5
"forever live forever",3,443275,80.5
"forever living products",3,443278,80.5
"forever love guys",3,443281,80.5
"forever single day",3,443284,80.5
"forever stuck head",3,443287,80.5
"forever week single",3,443290,80.5
"forget come support",3,443293,80.5
"forget earth feel",3,443296,80.5
"forget express tonight",3,443299,80.5
"forget heard recognize",3,443302,80.5
"forget press send",3,443305,80.5
"forget risk take",3,443308,80.5
"forget rule warren",3,443311,80.5
"forget sign free",3,443314,80.5
"forget sign tomorrow",3,443317,80.5
"forget spring ahead",3,443320,80.5
"forget take time",3,443323,80.5
"forget tickets sale",3,443326,80.51
"forget tomorrow last",3,443329,80.51
"forget tonight night",3,443332,80.51
"forget use save",3,443335,80.51
"forget watch tonight",3,443338,80.51
"forget worse remember",3,443341,80.51
"forgetting peter pan",3,443344,80.51
"forgive won forgive",3,443347,80.51
"forgiveness key action",3,443350,80.51
"forgot feels like",3,443353,80.51
"forgot looks like",3,443356,80.51
"forgot password email",3,443359,80.51
"forgot password twitter",3,443362,80.51
"forgot say good",3,443365,80.51
"forgot tell happy",3,443368,80.51
"forgot tweet last",3,443371,80.51
"forgot wear green",3,443374,80.51
"forgotten hate people",3,443377,80.51
"forgotten thanks reminder",3,443380,80.51
"form social media",3,443383,80.52
"former assistant coach",3,443386,80.52
"former board members",3,443389,80.52
"former brewers jeff",3,443392,80.52
"former home state",3,443395,80.52
"former lady betty",3,443398,80.52
"former spurs guard",3,443401,80.52
"former student current",3,443404,80.52
"former vice president",3,443407,80.52
"forms might envy",3,443410,80.52
"forms power attract",3,443413,80.52
"forms site web",3,443416,80.52
"fort greene park",3,443419,80.52
"fortune comes inspiration",3,443422,80.52
"fortune cookie read",3,443425,80.52
"fortune cookie says",3,443428,80.52
"fortune great sells",3,443431,80.52
"forward catching week",3,443434,80.52
"forward going gym",3,443437,80.53
"forward going tonight",3,443440,80.53
"forward good times",3,443443,80.53
"forward hearing ideas",3,443446,80.53
"forward hearing results",3,443449,80.53
"forward hearing story",3,443452,80.53
"forward hearing tonight",3,443455,80.53
"forward hearing upcoming",3,443458,80.53
"forward make dreams",3,443461,80.53
"forward meeting come",3,443464,80.53
"forward meeting good",3,443467,80.53
"forward meeting people",3,443470,80.53
"forward meeting twitter",3,443473,80.53
"forward party tonight",3,443476,80.53
"forward relaxing weekend",3,443479,80.53
"forward sharing ideas",3,443482,80.53
"forward sharing new",3,443485,80.53
"forward sharing news",3,443488,80.53
"forward spending day",3,443491,80.54
"forward tweets great",3,443494,80.54
"forward tweets love",3,443497,80.54
"forward tweets voice",3,443500,80.54
"forward watching game",3,443503,80.54
"foster care new",3,443506,80.54
"fought civil war",3,443509,80.54
"found cutest little",3,443512,80.54
"found dictionary fools",3,443515,80.54
"found guilty counts",3,443518,80.54
"found interesting thanks",3,443521,80.54
"found keep looking",3,443524,80.54
"found let know",3,443527,80.54
"found myself watching",3,443530,80.54
"found old cd",3,443533,80.54
"found perfect pair",3,443536,80.54
"found perfect place",3,443539,80.54
"found place live",3,443542,80.54
"found prince charming",3,443545,80.54
"found reason change",3,443548,80.55
"found stand seeks",3,443551,80.55
"found th century",3,443554,80.55
"found water bottle",3,443557,80.55
"found weeks ago",3,443560,80.55
"found yr old",3,443563,80.55
"foundation booth free",3,443566,80.55
"founder free movement",3,443569,80.55
"founder take marketing",3,443572,80.55
"founders day lovely",3,443575,80.55
"founders day sisters",3,443578,80.55
"fourth july safe",3,443581,80.55
"fourth share story",3,443584,80.55
"fox news find",3,443587,80.55
"fox news like",3,443590,80.55
"fox news president",3,443593,80.55
"fox news reporting",3,443596,80.55
"fox sports san",3,443599,80.55
"frame hang wall",3,443602,80.56
"france home savory",3,443605,80.56
"francisco green film",3,443608,80.56
"francisco let know",3,443611,80.56
"frank ford hall",3,443614,80.56
"frank red hot",3,443617,80.56
"frank robinson statue",3,443620,80.56
"freaking awesome go",3,443623,80.56
"freaking hilarious best",3,443626,80.56
"freaking hot ugh",3,443629,80.56
"free acting class",3,443632,80.56
"free agents looking",3,443635,80.56
"free agents think",3,443638,80.56
"free birth control",3,443641,80.56
"free breakfast month",3,443644,80.56
"free chance win",3,443647,80.56
"free climate change",3,443650,80.56
"free coaching session",3,443653,80.56
"free come meet",3,443656,80.56
"free comes meant",3,443659,80.57
"free concert festival",3,443662,80.57
"free concert tomorrow",3,443665,80.57
"free contact questions",3,443668,80.57
"free cooking demo",3,443671,80.57
"free copy new",3,443674,80.57
"free couple months",3,443677,80.57
"free cover app",3,443680,80.57
"free cover line",3,443683,80.57
"free discount texts",3,443686,80.57
"free drink courtesy",3,443689,80.57
"free drink purchase",3,443692,80.57
"free drink today",3,443695,80.57
"free entry drinks",3,443698,80.57
"free estimate needs",3,443701,80.57
"free exercise better",3,443704,80.57
"free follow personal",3,443707,80.57
"free follow ur",3,443710,80.57
"free friday come",3,443713,80.58
"free gear www",3,443716,80.58
"free gift enter",3,443719,80.58
"free give away",3,443722,80.58
"free go anywhere",3,443725,80.58
"free hello kitty",3,443728,80.58
"free historical novel",3,443731,80.58
"free intro class",3,443734,80.58
"free item minimum",3,443737,80.58
"free july st",3,443740,80.58
"free just like",3,443743,80.58
"free la actors",3,443746,80.58
"free last thank",3,443749,80.58
"free last week",3,443752,80.58
"free last year",3,443755,80.58
"free legal forms",3,443758,80.58
"free light rail",3,443761,80.58
"free loaf bread",3,443764,80.58
"free menu items",3,443767,80.59
"free movie ticket",3,443770,80.59
"free music free",3,443773,80.59
"free online courses",3,443776,80.59
"free pm free",3,443779,80.59
"free public private",3,443782,80.59
"free regular soft",3,443785,80.59
"free rolling rock",3,443788,80.59
"free salt water",3,443791,80.59
"free san diego",3,443794,80.59
"free send info",3,443797,80.59
"free send questions",3,443800,80.59
"free shaker cup",3,443803,80.59
"free shirt choice",3,443806,80.59
"free shot free",3,443809,80.59
"free shuttle bus",3,443812,80.59
"free shuttle irish",3,443815,80.59
"free sonic shirts",3,443818,80.59
"free spiritual program",3,443821,80.59
"free spread word",3,443824,80.6
"free stop anytime",3,443827,80.6
"free stress free",3,443830,80.6
"free tell want",3,443833,80.6
"free till come",3,443836,80.6
"free till till",3,443839,80.6
"free tire rotation",3,443842,80.6
"free tomorrow pm",3,443845,80.6
"free vip bottle",3,443848,80.6
"free vip drink",3,443851,80.6
"free week austin",3,443854,80.6
"free weeks tanning",3,443857,80.6
"free wine samples",3,443860,80.6
"free www facebook",3,443863,80.6
"freedom bob dylan",3,443866,80.6
"freedom speech compensation",3,443869,80.6
"freedom thought seldom",3,443872,80.6
"freezing cold weather",3,443875,80.6
"french men women",3,443878,80.61
"french quarter festival",3,443881,80.61
"fresh baked chocolate",3,443884,80.61
"fresh brewed coffee",3,443887,80.61
"fresh chocolate chip",3,443890,80.61
"fresh coast classic",3,443893,80.61
"fresh delicious today",3,443896,80.61
"fresh garden salad",3,443899,80.61
"fresh gotta go",3,443902,80.61
"fresh new haircut",3,443905,80.61
"fresh new start",3,443908,80.61
"fresh new talent",3,443911,80.61
"fresh orange juice",3,443914,80.61
"fresh order today",3,443917,80.61
"fresh shower bout",3,443920,80.61
"fresh shower good",3,443923,80.61
"fresh social media",3,443926,80.61
"freshman sophomore year",3,443929,80.61
"fri don miss",3,443932,80.62
"fri night pm",3,443935,80.62
"fri oct th",3,443938,80.62
"fri pm pm",3,443941,80.62
"friday anything fun",3,443944,80.62
"friday april nd",3,443947,80.62
"friday aug th",3,443950,80.62
"friday contact info",3,443953,80.62
"friday enter win",3,443956,80.62
"friday free night",3,443959,80.62
"friday friends hope",3,443962,80.62
"friday fun plans",3,443965,80.62
"friday fun weekend",3,443968,80.62
"friday go get",3,443971,80.62
"friday got fun",3,443974,80.62
"friday got get",3,443977,80.62
"friday happy dance",3,443980,80.62
"friday let go",3,443983,80.62
"friday looking good",3,443986,80.62
"friday need get",3,443989,80.63
"friday passion night",3,443992,80.63
"friday pizza night",3,443995,80.63
"friday real estate",3,443998,80.63
"friday september th",3,444001,80.63
"friday special guest",3,444004,80.63
"friday th bad",3,444007,80.63
"friday th hope",3,444010,80.63
"friday th join",3,444013,80.63
"friday th scary",3,444016,80.63
"friday th tomorrow",3,444019,80.63
"friday thank lord",3,444022,80.63
"friday thank support",3,444025,80.63
"friday today going",3,444028,80.63
"friday tonight pm",3,444031,80.63
"fridge coming room",3,444034,80.63
"fridge go downstairs",3,444037,80.63
"fridge looks inside",3,444040,80.63
"fried avocado taco",3,444043,80.64
"friend believed heart",3,444046,80.64
"friend birthday friday",3,444049,80.64
"friend brings best",3,444052,80.64
"friend clue going",3,444055,80.64
"friend does calendar",3,444058,80.64
"friend does make",3,444061,80.64
"friend facebook stephen",3,444064,80.64
"friend finds time",3,444067,80.64
"friend former colleague",3,444070,80.64
"friend friend got",3,444073,80.64
"friend go diet",3,444076,80.64
"friend going break",3,444079,80.64
"friend good morning",3,444082,80.64
"friend got followers",3,444085,80.64
"friend got hit",3,444088,80.64
"friend graduation party",3,444091,80.64
"friend great guy",3,444094,80.64
"friend great time",3,444097,80.65
"friend great writer",3,444100,80.65
"friend happy day",3,444103,80.65
"friend heather pick",3,444106,80.65
"friend know just",3,444109,80.65
"friend laugh joke",3,444112,80.65
"friend miss love",3,444115,80.65
"friend new friend",3,444118,80.65
"friend really nice",3,444121,80.65
"friend request don",3,444124,80.65
"friend robert louis",3,444127,80.65
"friend said like",3,444130,80.65
"friend sounds like",3,444133,80.65
"friend william shakespeare",3,444136,80.65
"friend wishing best",3,444139,80.65
"friendly get feelings",3,444142,80.65
"friendly reminder game",3,444145,80.65
"friendly use paper",3,444148,80.65
"friends birthday today",3,444151,80.65
"friends blessings day",3,444154,80.66
"friends chamber music",3,444157,80.66
"friends check new",3,444160,80.66
"friends colleagues meeting",3,444163,80.66
"friends facebook twitter",3,444166,80.66
"friends family blessed",3,444169,80.66
"friends family come",3,444172,80.66
"friends family farmers",3,444175,80.66
"friends family follow",3,444178,80.66
"friends family gift",3,444181,80.66
"friends family join",3,444184,80.66
"friends family like",3,444187,80.66
"friends family making",3,444190,80.66
"friends family thomas",3,444193,80.66
"friends family world",3,444196,80.66
"friends followers hope",3,444199,80.66
"friends friends just",3,444202,80.66
"friends fun day",3,444205,80.66
"friends fun time",3,444208,80.67
"friends give listen",3,444211,80.67
"friends go like",3,444214,80.67
"friends happy friday",3,444217,80.67
"friends happy th",3,444220,80.67
"friends heard get",3,444223,80.67
"friends help spread",3,444226,80.67
"friends hope doing",3,444229,80.67
"friends keep asking",3,444232,80.67
"friends money far",3,444235,80.67
"friends need get",3,444238,80.67
"friends need help",3,444241,80.67
"friends need need",3,444244,80.67
"friends need new",3,444247,80.67
"friends new friends",3,444250,80.67
"friends people time",3,444253,80.67
"friends say fool",3,444256,80.67
"friends sheer inability",3,444259,80.67
"friends spring break",3,444262,80.68
"friends take care",3,444265,80.68
"friends tell friends",3,444268,80.68
"friends think like",3,444271,80.68
"friends today made",3,444274,80.68
"friends twitter account",3,444277,80.68
"friends want love",3,444280,80.68
"friends warm hearts",3,444283,80.68
"friendship founded business",3,444286,80.68
"friendship thing happiness",3,444289,80.68
"fries chocolate shake",3,444292,80.68
"fries onion rings",3,444295,80.68
"fries order giving",3,444298,80.68
"frog just jumped",3,444301,80.68
"frost bank tower",3,444304,80.68
"frozen pizza tastes",3,444307,80.68
"fruit orange circle",3,444310,80.68
"fruit snack package",3,444313,80.68
"fruit words seeds",3,444316,80.68
"fruits nuts eat",3,444319,80.69
"fruits vegetables grains",3,444322,80.69
"frustrating things world",3,444325,80.69
"ft worth home",3,444328,80.69
"ft worth tx",3,444331,80.69
"fulfill purpose give",3,444334,80.69
"fulfill vision comes",3,444337,80.69
"full band practice",3,444340,80.69
"full blown conversation",3,444343,80.69
"full business cards",3,444346,80.69
"full days school",3,444349,80.69
"full effort full",3,444352,80.69
"full fake people",3,444355,80.69
"full ice cream",3,444358,80.69
"full length movie",3,444361,80.69
"full musical george",3,444364,80.69
"full nights sleep",3,444367,80.69
"full old people",3,444370,80.69
"full people don",3,444373,80.7
"full price tickets",3,444376,80.7
"full real niggas",3,444379,80.7
"full say glass",3,444382,80.7
"full set teeth",3,444385,80.7
"full single intelligent",3,444388,80.7
"full terrible happened",3,444391,80.7
"full th graders",3,444394,80.7
"full time experienced",3,444397,80.7
"full time role",3,444400,80.7
"full time soon",3,444403,80.7
"full time today",3,444406,80.7
"fun audition today",3,444409,80.7
"fun bike ride",3,444412,80.7
"fun come soon",3,444415,80.7
"fun day look",3,444418,80.7
"fun day school",3,444421,80.7
"fun day sun",3,444424,80.7
"fun don think",3,444427,80.7
"fun fact average",3,444430,80.71
"fun fact love",3,444433,80.71
"fun fact new",3,444436,80.71
"fun fact night",3,444439,80.71
"fun facts friday",3,444442,80.71
"fun farm country",3,444445,80.71
"fun getting ready",3,444448,80.71
"fun going away",3,444451,80.71
"fun happy got",3,444454,80.71
"fun happy new",3,444457,80.71
"fun having great",3,444460,80.71
"fun hope enjoyed",3,444463,80.71
"fun know going",3,444466,80.71
"fun lately soon",3,444469,80.71
"fun making new",3,444472,80.71
"fun memorial day",3,444475,80.71
"fun need get",3,444478,80.71
"fun need go",3,444481,80.71
"fun new job",3,444484,80.72
"fun past years",3,444487,80.72
"fun people like",3,444490,80.72
"fun people love",3,444493,80.72
"fun playing guys",3,444496,80.72
"fun really thankful",3,444499,80.72
"fun san diego",3,444502,80.72
"fun sounds like",3,444505,80.72
"fun st patrick",3,444508,80.72
"fun starts tonight",3,444511,80.72
"fun sure get",3,444514,80.72
"fun tell parents",3,444517,80.72
"fun things doing",3,444520,80.72
"fun think going",3,444523,80.72
"fun wait year",3,444526,80.72
"fun way learn",3,444529,80.72
"fun way talk",3,444532,80.72
"fundamental values great",3,444535,80.72
"funny beam clothes",3,444538,80.73
"funny don like",3,444541,80.73
"funny don recall",3,444544,80.73
"funny fell ceremony",3,444547,80.73
"funny funny ha",3,444550,80.73
"funny good giving",3,444553,80.73
"funny guys get",3,444556,80.73
"funny love follow",3,444559,80.73
"funny spend money",3,444562,80.73
"funny status person",3,444565,80.73
"funny story tell",3,444568,80.73
"funny teachers think",3,444571,80.73
"funny thanks follow",3,444574,80.73
"funny things happen",3,444577,80.73
"funny think funny",3,444580,80.73
"funny think love",3,444583,80.73
"funny thought just",3,444586,80.73
"funny tweets follows",3,444589,80.73
"fur night club",3,444592,80.73
"furniture sale last",3,444595,80.74
"future act delay",3,444598,80.74
"future create leonard",3,444601,80.74
"future enter future",3,444604,80.74
"future just don",3,444607,80.74
"future king louis",3,444610,80.74
"future looks brighter",3,444613,80.74
"future past present",3,444616,80.74
"future saint past",3,444619,80.74
"future san diego",3,444622,80.74
"future turn lights",3,444625,80.74
"fyi changed twitter",3,444628,80.74
"gain followers just",3,444631,80.74
"gained like followers",3,444634,80.74
"gained like pounds",3,444637,80.74
"gal women camp",3,444640,80.74
"gallery th st",3,444643,80.74
"gamble future act",3,444646,80.74
"gambling expansion course",3,444649,80.75
"game better game",3,444652,80.75
"game bottom th",3,444655,80.75
"game caps bruins",3,444658,80.75
"game coming soon",3,444661,80.75
"game coming wire",3,444664,80.75
"game cubs game",3,444667,80.75
"game does make",3,444670,80.75
"game edge seat",3,444673,80.75
"game enjoyable parties",3,444676,80.75
"game goes ot",3,444679,80.75
"game gone way",3,444682,80.75
"game hall fame",3,444685,80.75
"game hide seek",3,444688,80.75
"game july th",3,444691,80.75
"game june th",3,444694,80.75
"game keep going",3,444697,80.75
"game later today",3,444700,80.75
"game live online",3,444703,80.76
"game love watching",3,444706,80.76
"game man game",3,444709,80.76
"game nbc sports",3,444712,80.76
"game need get",3,444715,80.76
"game ohio state",3,444718,80.76
"game painful watch",3,444721,80.76
"game playing tonight",3,444724,80.76
"game pm tomorrow",3,444727,80.76
"game pm tonight",3,444730,80.76
"game pretty fun",3,444733,80.76
"game really hoping",3,444736,80.76
"game start go",3,444739,80.76
"game sunday night",3,444742,80.76
"game th grade",3,444745,80.76
"game think need",3,444748,80.76
"game thrones best",3,444751,80.76
"game thrones just",3,444754,80.76
"game thrones last",3,444757,80.76
"game tickets go",3,444760,80.77
"game tickets sale",3,444763,80.77
"game tied th",3,444766,80.77
"game time athletics",3,444769,80.77
"game time hours",3,444772,80.77
"game time lets",3,444775,80.77
"game today good",3,444778,80.77
"game today let",3,444781,80.77
"game today man",3,444784,80.77
"game today thank",3,444787,80.77
"game today thanks",3,444790,80.77
"game tomorrow afternoon",3,444793,80.77
"game tomorrow come",3,444796,80.77
"game tomorrow excited",3,444799,80.77
"game tomorrow love",3,444802,80.77
"game tonight big",3,444805,80.77
"game tonight fans",3,444808,80.77
"game tonight gotta",3,444811,80.77
"game tonight guys",3,444814,80.78
"game tonight head",3,444817,80.78
"game tonight home",3,444820,80.78
"game tonight make",3,444823,80.78
"game tonight maybe",3,444826,80.78
"game tonight oh",3,444829,80.78
"game tonight play",3,444832,80.78
"game tonight pretty",3,444835,80.78
"game tonight right",3,444838,80.78
"game tonight th",3,444841,80.78
"game tonight thank",3,444844,80.78
"game tonight tomorrow",3,444847,80.78
"game tonight won",3,444850,80.78
"game want go",3,444853,80.78
"game watch play",3,444856,80.78
"game watching party",3,444859,80.78
"game winning drive",3,444862,80.78
"game winning td",3,444865,80.78
"game won last",3,444868,80.79
"game words friends",3,444871,80.79
"game worth watching",3,444874,80.79
"games children age",3,444877,80.79
"games don know",3,444880,80.79
"games effective immediately",3,444883,80.79
"games feel like",3,444886,80.79
"games last season",3,444889,80.79
"games like tonight",3,444892,80.79
"games live free",3,444895,80.79
"games looking forward",3,444898,80.79
"games realize sun",3,444901,80.79
"games regular season",3,444904,80.79
"games suzanne collins",3,444907,80.79
"games till get",3,444910,80.79
"games today good",3,444913,80.79
"games tonight good",3,444916,80.79
"gang wolf gang",3,444919,80.79
"garage sale april",3,444922,80.79
"garage sale saturday",3,444925,80.8
"garage sale today",3,444928,80.8
"garden carried pocket",3,444931,80.8
"garden flowers leaves",3,444934,80.8
"garden ingredients dinner",3,444937,80.8
"garden watch keep",3,444940,80.8
"garlic fried rice",3,444943,80.8
"garlic lemon juice",3,444946,80.8
"garlic sausage today",3,444949,80.8
"gary looks like",3,444952,80.8
"gas gas stop",3,444955,80.8
"gas production company",3,444958,80.8
"gas stop make",3,444961,80.8
"gas tank full",3,444964,80.8
"gas works park",3,444967,80.8
"gates opportunities ralph",3,444970,80.8
"gave body stand",3,444973,80.8
"gave dome twice",3,444976,80.8
"gave facebook lent",3,444979,80.81
"gave great presentation",3,444982,80.81
"gave greatest gift",3,444985,80.81
"gave lap dance",3,444988,80.81
"gave memories might",3,444991,80.81
"gave new meaning",3,444994,80.81
"gave ultimate sacrifice",3,444997,80.81
"gave woman put",3,445000,80.81
"gb flash drive",3,445003,80.81
"gb hard drive",3,445006,80.81
"gear www com",3,445009,80.81
"gen rick army",3,445012,80.81
"generally interrupted doing",3,445015,80.81
"generation human alter",3,445018,80.81
"generation human beings",3,445021,80.81
"genius begins great",3,445024,80.81
"genius eternal patience",3,445027,80.81
"genius great leader",3,445030,80.81
"genius hits target",3,445033,80.82
"genius patrick patrick",3,445036,80.82
"genius patrick yeah",3,445039,80.82
"gentleman movie villain",3,445042,80.82
"george matthew adams",3,445045,80.82
"george matthew allen",3,445048,80.82
"george play hottest",3,445051,80.82
"george washington made",3,445054,80.82
"georgia world congress",3,445057,80.82
"get adequate sleep",3,445060,80.82
"get ahead joseph",3,445063,80.82
"get ahead life",3,445066,80.82
"get ahead time",3,445069,80.82
"get amazing follow",3,445072,80.82
"get annoyed agree",3,445075,80.82
"get answer want",3,445078,80.82
"get anymore followers",3,445081,80.82
"get anymore perfect",3,445084,80.82
"get attached easily",3,445087,80.82
"get attached get",3,445090,80.83
"get attached people",3,445093,80.83
"get away far",3,445096,80.83
"get away get",3,445099,80.83
"get away old",3,445102,80.83
"get away stuff",3,445105,80.83
"get away today",3,445108,80.83
"get away tonight",3,445111,80.83
"get away weekend",3,445114,80.83
"get baby get",3,445117,80.83
"get beautiful weather",3,445120,80.83
"get bed come",3,445123,80.83
"get bed decent",3,445126,80.83
"get bed night",3,445129,80.83
"get bed right",3,445132,80.83
"get bed start",3,445135,80.83
"get bed work",3,445138,80.83
"get bike ride",3,445141,80.83
"get blown away",3,445144,80.84
"get bo jackson",3,445147,80.84
"get board get",3,445150,80.84
"get body moving",3,445153,80.84
"get body shape",3,445156,80.84
"get braces austin",3,445159,80.84
"get braces just",3,445162,80.84
"get braces tuesday",3,445165,80.84
"get breakfast bed",3,445168,80.84
"get breakfast sandwich",3,445171,80.84
"get breaking news",3,445174,80.84
"get bud light",3,445177,80.84
"get bunch food",3,445180,80.84
"get bus driver",3,445183,80.84
"get busy day",3,445186,80.84
"get busy forget",3,445189,80.84
"get busy get",3,445192,80.84
"get calls day",3,445195,80.84
"get calvin johnson",3,445198,80.84
"get cash flow",3,445201,80.85
"get catch flight",3,445204,80.85
"get caught like",3,445207,80.85
"get caught weed",3,445210,80.85
"get cause don",3,445213,80.85
"get chance day",3,445216,80.85
"get chance enjoy",3,445219,80.85
"get chance hang",3,445222,80.85
"get chance help",3,445225,80.85
"get chance life",3,445228,80.85
"get chance post",3,445231,80.85
"get chance send",3,445234,80.85
"get chance thank",3,445237,80.85
"get choose going",3,445240,80.85
"get clay wash",3,445243,80.85
"get closer goal",3,445246,80.85
"get closer look",3,445249,80.85
"get comfortable bed",3,445252,80.85
"get comfortable uncomfortable",3,445255,80.86
"get comics reviewed",3,445258,80.86
"get commission industry",3,445261,80.86
"get confused people",3,445264,80.86
"get conversation going",3,445267,80.86
"get cook breakfast",3,445270,80.86
"get cool kids",3,445273,80.86
"get cool like",3,445276,80.86
"get cool stuff",3,445279,80.86
"get couch go",3,445282,80.86
"get coupon free",3,445285,80.86
"get cute little",3,445288,80.86
"get da house",3,445291,80.86
"get day moving",3,445294,80.86
"get day right",3,445297,80.86
"get day tomorrow",3,445300,80.86
"get decent amount",3,445303,80.86
"get different answers",3,445306,80.86
"get dis house",3,445309,80.87
"get doctor appointment",3,445312,80.87
"get done end",3,445315,80.87
"get done faster",3,445318,80.87
"get done go",3,445321,80.87
"get done got",3,445324,80.87
"get done like",3,445327,80.87
"get done online",3,445330,80.87
"get done own",3,445333,80.87
"get done passing",3,445336,80.87
"get done put",3,445339,80.87
"get done soon",3,445342,80.87
"get done wait",3,445345,80.87
"get done year",3,445348,80.87
"get dress fitted",3,445351,80.87
"get drive home",3,445354,80.87
"get dye hair",3,445357,80.87
"get early avoid",3,445360,80.87
"get early friday",3,445363,80.87
"get early gonna",3,445366,80.88
"get early great",3,445369,80.88
"get early happy",3,445372,80.88
"get early late",3,445375,80.88
"get early make",3,445378,80.88
"get early packed",3,445381,80.88
"get early school",3,445384,80.88
"get em big",3,445387,80.88
"get em both",3,445390,80.88
"get em saturday",3,445393,80.88
"get emails time",3,445396,80.88
"get end life",3,445399,80.88
"get end weekend",3,445402,80.88
"get excited go",3,445405,80.88
"get excited time",3,445408,80.88
"get excited tonight",3,445411,80.88
"get excited upcoming",3,445414,80.88
"get excited want",3,445417,80.88
"get excited work",3,445420,80.89
"get excuses apologies",3,445423,80.89
"get exposure deserve",3,445426,80.89
"get exposure free",3,445429,80.89
"get facebook chat",3,445432,80.89
"get facebook get",3,445435,80.89
"get famous desired",3,445438,80.89
"get feel free",3,445441,80.89
"get feels like",3,445444,80.89
"get fired get",3,445447,80.89
"get fired like",3,445450,80.89
"get fit summer",3,445453,80.89
"get fixed right",3,445456,80.89
"get follow don",3,445459,80.89
"get follow favorite",3,445462,80.89
"get follow great",3,445465,80.89
"get follow hope",3,445468,80.89
"get follow say",3,445471,80.89
"get follow today",3,445474,80.9
"get follow year",3,445477,80.9
"get followers anyone",3,445480,80.9
"get followers asap",3,445483,80.9
"get followers ask",3,445486,80.9
"get followers awkward",3,445489,80.9
"get followers deserves",3,445492,80.9
"get followers friend",3,445495,80.9
"get followers going",3,445498,80.9
"get followers great",3,445501,80.9
"get followers instantly",3,445504,80.9
"get followers looking",3,445507,80.9
"get followers midnight",3,445510,80.9
"get followers really",3,445513,80.9
"get followers short",3,445516,80.9
"get followers soon",3,445519,80.9
"get followers sooner",3,445522,80.9
"get followers th",3,445525,80.9
"get followers trying",3,445528,80.9
"get followers tweet",3,445531,80.91
"get followers tweets",3,445534,80.91
"get fun outfit",3,445537,80.91
"get genuinely pumped",3,445540,80.91
"get get away",3,445543,80.91
"get get awesome",3,445546,80.91
"get get chance",3,445549,80.91
"get get dressed",3,445552,80.91
"get get drinks",3,445555,80.91
"get get got",3,445558,80.91
"get get hurt",3,445561,80.91
"get get myself",3,445564,80.91
"get get right",3,445567,80.91
"get get soon",3,445570,80.91
"get get ur",3,445573,80.91
"get get want",3,445576,80.91
"get go ahead",3,445579,80.91
"get go concert",3,445582,80.91
"get go date",3,445585,80.92
"get go eat",3,445588,80.92
"get go live",3,445591,80.92
"get go love",3,445594,80.92
"get go meet",3,445597,80.92
"get go outside",3,445600,80.92
"get go pack",3,445603,80.92
"get go party",3,445606,80.92
"get go right",3,445609,80.92
"get go shopping",3,445612,80.92
"get go visit",3,445615,80.92
"get go watch",3,445618,80.92
"get go year",3,445621,80.92
"get going help",3,445624,80.92
"get going new",3,445627,80.92
"get going quick",3,445630,80.92
"get going sleep",3,445633,80.92
"get gone www",3,445636,80.92
"get good deal",3,445639,80.93
"get good deals",3,445642,80.93
"get good feel",3,445645,80.93
"get good laughs",3,445648,80.93
"get good like",3,445651,80.93
"get good photo",3,445654,80.93
"get good rest",3,445657,80.93
"get good service",3,445660,80.93
"get good tan",3,445663,80.93
"get good things",3,445666,80.93
"get good time",3,445669,80.93
"get gotta go",3,445672,80.93
"get green chile",3,445675,80.93
"get green tea",3,445678,80.93
"get haircut place",3,445681,80.93
"get haircut today",3,445684,80.93
"get hard copy",3,445687,80.93
"get haven seen",3,445690,80.93
"get having good",3,445693,80.93
"get hear new",3,445696,80.94
"get hear sing",3,445699,80.94
"get hours work",3,445702,80.94
"get ice cold",3,445705,80.94
"get ice water",3,445708,80.94
"get ignore ignore",3,445711,80.94
"get information needed",3,445714,80.94
"get inside head",3,445717,80.94
"get inspired social",3,445720,80.94
"get instead just",3,445723,80.94
"get interview new",3,445726,80.94
"get invite love",3,445729,80.94
"get invite party",3,445732,80.94
"get involved like",3,445735,80.94
"get involved public",3,445738,80.94
"get involved stay",3,445741,80.94
"get job going",3,445744,80.94
"get job help",3,445747,80.94
"get job leave",3,445750,80.95
"get job summer",3,445753,80.95
"get job wanna",3,445756,80.95
"get job want",3,445759,80.95
"get job working",3,445762,80.95
"get jobs done",3,445765,80.95
"get july th",3,445768,80.95
"get just ask",3,445771,80.95
"get just case",3,445774,80.95
"get just feel",3,445777,80.95
"get just fun",3,445780,80.95
"get just gonna",3,445783,80.95
"get just mentioning",3,445786,80.95
"get just spend",3,445789,80.95
"get just work",3,445792,80.95
"get kids bed",3,445795,80.95
"get kids eat",3,445798,80.95
"get kinds trouble",3,445801,80.95
"get knocked round",3,445804,80.96
"get know anyone",3,445807,80.96
"get know candidates",3,445810,80.96
"get know good",3,445813,80.96
"get know guys",3,445816,80.96
"get know make",3,445819,80.96
"get know new",3,445822,80.96
"get know ur",3,445825,80.96
"get know won",3,445828,80.96
"get lazy bed",3,445831,80.96
"get lazy work",3,445834,80.96
"get life got",3,445837,80.96
"get life right",3,445840,80.96
"get life say",3,445843,80.96
"get life seriously",3,445846,80.96
"get life want",3,445849,80.96
"get like chances",3,445852,80.96
"get like really",3,445855,80.96
"get like wrap",3,445858,80.96
"get likes follows",3,445861,80.97
"get likes pictures",3,445864,80.97
"get list new",3,445867,80.97
"get long run",3,445870,80.97
"get long term",3,445873,80.97
"get look good",3,445876,80.97
"get lots followers",3,445879,80.97
"get lunch hungry",3,445882,80.97
"get mail addressed",3,445885,80.97
"get marriage license",3,445888,80.97
"get married agree",3,445891,80.97
"get married father",3,445894,80.97
"get married good",3,445897,80.97
"get married oh",3,445900,80.97
"get married think",3,445903,80.97
"get mentally prepared",3,445906,80.97
"get money come",3,445909,80.97
"get money fast",3,445912,80.97
"get money gonna",3,445915,80.98
"get money left",3,445918,80.98
"get money make",3,445921,80.98
"get money politics",3,445924,80.98
"get monster pit",3,445927,80.98
"get motivated today",3,445930,80.98
"get nd chance",3,445933,80.98
"get nd fill",3,445936,80.98
"get nd free",3,445939,80.98
"get nd go",3,445942,80.98
"get nd job",3,445945,80.98
"get nerves love",3,445948,80.98
"get new account",3,445951,80.98
"get new apartment",3,445954,80.98
"get new battery",3,445957,80.98
"get new box",3,445960,80.98
"get new game",3,445963,80.98
"get new life",3,445966,80.98
"get new maps",3,445969,80.98
"get new members",3,445972,80.99
"get new orleans",3,445975,80.99
"get new page",3,445978,80.99
"get new perspective",3,445981,80.99
"get new place",3,445984,80.99
"get new single",3,445987,80.99
"get new smartphone",3,445990,80.99
"get new tire",3,445993,80.99
"get new week",3,445996,80.99
"get new word",3,445999,80.99
"get nice tan",3,446002,80.99
"get nice work",3,446005,80.99
"get night long",3,446008,80.99
"get offensive rebounds",3,446011,80.99
"get oh look",3,446014,80.99
"get oh yeah",3,446017,80.99
"get paid big",3,446020,80.99
"get paid day",3,446023,80.99
"get paid faster",3,446026,81
"get paid give",3,446029,81
"get paid go",3,446032,81
"get paid going",3,446035,81
"get paid read",3,446038,81
"get paid sit",3,446041,81
"get paid till",3,446044,81
"get paid today",3,446047,81
"get people business",3,446050,81
"get people donate",3,446053,81
"get people hate",3,446056,81
"get people take",3,446059,81
"get people trust",3,446062,81
"get people tweet",3,446065,81
"get people use",3,446068,81
"get person like",3,446071,81
"get plane ticket",3,446074,81
"get power company",3,446077,81
"get pregnant everyday",3,446080,81.01
"get pretty sure",3,446083,81.01
"get quick workout",3,446086,81.01
"get rd pick",3,446089,81.01
"get rd quarter",3,446092,81.01
"get read books",3,446095,81.01
"get read tweets",3,446098,81.01
"get real deal",3,446101,81.01
"get real good",3,446104,81.01
"get real interesting",3,446107,81.01
"get real soon",3,446110,81.01
"get red velvet",3,446113,81.01
"get red wine",3,446116,81.01
"get regular season",3,446119,81.01
"get results want",3,446122,81.01
"get rid bad",3,446125,81.01
"get rid don",3,446128,81.01
"get rid paper",3,446131,81.01
"get rid spam",3,446134,81.01
"get rid start",3,446137,81.02
"get rid weight",3,446140,81.02
"get right man",3,446143,81.02
"get right person",3,446146,81.02
"get road rage",3,446149,81.02
"get rochester rock",3,446152,81.02
"get rough take",3,446155,81.02
"get round draft",3,446158,81.02
"get saying don",3,446161,81.02
"get season going",3,446164,81.02
"get season tickets",3,446167,81.02
"get sending email",3,446170,81.02
"get sewing machine",3,446173,81.02
"get shape summer",3,446176,81.02
"get shiny new",3,446179,81.02
"get shirt says",3,446182,81.02
"get shots today",3,446185,81.02
"get sleep busy",3,446188,81.02
"get sleep think",3,446191,81.03
"get sleep tired",3,446194,81.03
"get social life",3,446197,81.03
"get social networks",3,446200,81.03
"get soon baby",3,446203,81.03
"get soon buddy",3,446206,81.03
"get soon don",3,446209,81.03
"get soon hope",3,446212,81.03
"get soon long",3,446215,81.03
"get special prize",3,446218,81.03
"get special treatment",3,446221,81.03
"get spend hours",3,446224,81.03
"get stage present",3,446227,81.03
"get started twitter",3,446230,81.03
"get started week",3,446233,81.03
"get started work",3,446236,81.03
"get stay strong",3,446239,81.03
"get stoked new",3,446242,81.03
"get struck lightning",3,446245,81.04
"get sum sleep",3,446248,81.04
"get super sad",3,446251,81.04
"get support soon",3,446254,81.04
"get survive go",3,446257,81.04
"get tasks done",3,446260,81.04
"get team go",3,446263,81.04
"get team play",3,446266,81.04
"get tell em",3,446269,81.04
"get tell get",3,446272,81.04
"get tell people",3,446275,81.04
"get thai food",3,446278,81.04
"get tickets get",3,446281,81.04
"get time life",3,446284,81.04
"get time like",3,446287,81.04
"get time low",3,446290,81.04
"get time need",3,446293,81.04
"get time soon",3,446296,81.04
"get time watch",3,446299,81.04
"get today don",3,446302,81.05
"get today thanks",3,446305,81.05
"get today www",3,446308,81.05
"get treated differently",3,446311,81.05
"get treated way",3,446314,81.05
"get trent richardson",3,446317,81.05
"get try love",3,446320,81.05
"get try new",3,446323,81.05
"get tv stop",3,446326,81.05
"get tweets phone",3,446329,81.05
"get twitter app",3,446332,81.05
"get twitter bored",3,446335,81.05
"get twitter don",3,446338,81.05
"get twitter enjoy",3,446341,81.05
"get twitter follow",3,446344,81.05
"get twitter lot",3,446347,81.05
"get twitter need",3,446350,81.05
"get twitter right",3,446353,81.05
"get twitter tweet",3,446356,81.06
"get twitter war",3,446359,81.06
"get twitter welcome",3,446362,81.06
"get union station",3,446365,81.06
"get upset emotional",3,446368,81.06
"get ur attention",3,446371,81.06
"get ur face",3,446374,81.06
"get ur high",3,446377,81.06
"get ur mind",3,446380,81.06
"get ur money",3,446383,81.06
"get ur own",3,446386,81.06
"get ur point",3,446389,81.06
"get ur ready",3,446392,81.06
"get ur right",3,446395,81.06
"get ur tickets",3,446398,81.06
"get ur twitter",3,446401,81.06
"get used having",3,446404,81.06
"get used kiss",3,446407,81.06
"get used listening",3,446410,81.07
"get used using",3,446413,81.07
"get used world",3,446416,81.07
"get valentines day",3,446419,81.07
"get video game",3,446422,81.07
"get vip passes",3,446425,81.07
"get wanna get",3,446428,81.07
"get want enjoy",3,446431,81.07
"get want like",3,446434,81.07
"get want people",3,446437,81.07
"get want say",3,446440,81.07
"get wash hair",3,446443,81.07
"get waste time",3,446446,81.07
"get wasted weekend",3,446449,81.07
"get way dr",3,446452,81.07
"get way dreams",3,446455,81.07
"get way guys",3,446458,81.07
"get way man",3,446461,81.07
"get way success",3,446464,81.07
"get way time",3,446467,81.08
"get wealthy famous",3,446470,81.08
"get wear socks",3,446473,81.08
"get weird looks",3,446476,81.08
"get wet like",3,446479,81.08
"get wet stuff",3,446482,81.08
"get white chocolate",3,446485,81.08
"get wild card",3,446488,81.08
"get wit dat",3,446491,81.08
"get won get",3,446494,81.08
"get world series",3,446497,81.08
"get years michael",3,446500,81.08
"gets award best",3,446503,81.08
"gets better age",3,446506,81.08
"gets better best",3,446509,81.08
"gets better just",3,446512,81.08
"gets better video",3,446515,81.08
"gets biggest applause",3,446518,81.08
"gets credit doing",3,446521,81.09
"gets easier get",3,446524,81.09
"gets good mood",3,446527,81.09
"gets green light",3,446530,81.09
"gets halfway world",3,446533,81.09
"gets like don",3,446536,81.09
"gets live life",3,446539,81.09
"gets lot easier",3,446542,81.09
"gets painful man",3,446545,81.09
"gets really cold",3,446548,81.09
"gets really hot",3,446551,81.09
"gets single time",3,446554,81.09
"gets spend day",3,446557,81.09
"gets worse get",3,446560,81.09
"getting beat like",3,446563,81.09
"getting better hope",3,446566,81.09
"getting better thank",3,446569,81.09
"getting carried away",3,446572,81.09
"getting cell phone",3,446575,81.1
"getting chilly outside",3,446578,81.1
"getting currently cloudy",3,446581,81.1
"getting dressed hit",3,446584,81.1
"getting dressed morning",3,446587,81.1
"getting emails day",3,446590,81.1
"getting excited days",3,446593,81.1
"getting excited game",3,446596,81.1
"getting excited going",3,446599,81.1
"getting excited season",3,446602,81.1
"getting excited superbowl",3,446605,81.1
"getting excited thursday",3,446608,81.1
"getting foot massage",3,446611,81.1
"getting free food",3,446614,81.1
"getting great feedback",3,446617,81.1
"getting haircut today",3,446620,81.1
"getting hard watch",3,446623,81.1
"getting high own",3,446626,81.1
"getting hit don",3,446629,81.1
"getting hit head",3,446632,81.11
"getting hot outside",3,446635,81.11
"getting house ready",3,446638,81.11
"getting hrs sleep",3,446641,81.11
"getting involved job",3,446644,81.11
"getting jump start",3,446647,81.11
"getting just get",3,446650,81.11
"getting library card",3,446653,81.11
"getting long today",3,446656,81.11
"getting myself ready",3,446659,81.11
"getting new customers",3,446662,81.11
"getting new number",3,446665,81.11
"getting new today",3,446668,81.11
"getting old old",3,446671,81.11
"getting old school",3,446674,81.11
"getting old stuff",3,446677,81.11
"getting old time",3,446680,81.11
"getting parking ticket",3,446683,81.11
"getting pretty serious",3,446686,81.12
"getting pumped new",3,446689,81.12
"getting real job",3,446692,81.12
"getting real life",3,446695,81.12
"getting rear ended",3,446698,81.12
"getting ring year",3,446701,81.12
"getting school today",3,446704,81.12
"getting sneak peek",3,446707,81.12
"getting sore throat",3,446710,81.12
"getting spoiled today",3,446713,81.12
"getting spring break",3,446716,81.12
"getting storms dancing",3,446719,81.12
"getting struck lightning",3,446722,81.12
"getting studying done",3,446725,81.12
"getting tax refund",3,446728,81.12
"getting time get",3,446731,81.12
"getting want life",3,446734,81.12
"getting want wonderful",3,446737,81.12
"getting week started",3,446740,81.13
"getting worse day",3,446743,81.13
"getting writing done",3,446746,81.13
"ghetto girl made",3,446749,81.13
"ghost ride whip",3,446752,81.13
"ghost shame week",3,446755,81.13
"giants came play",3,446758,81.13
"giants gonna win",3,446761,81.13
"gift anyone give",3,446764,81.13
"gift card book",3,446767,81.13
"gift card free",3,446770,81.13
"gift card give",3,446773,81.13
"gift card go",3,446776,81.13
"gift card sent",3,446779,81.13
"gift card supplies",3,446782,81.13
"gift days ago",3,446785,81.13
"gift enter free",3,446788,81.13
"gift father day",3,446791,81.13
"gift friendship thing",3,446794,81.13
"gift give girl",3,446797,81.14
"gift gives faithful",3,446800,81.14
"gift good health",3,446803,81.14
"gift mother equal",3,446806,81.14
"gift travel cash",3,446809,81.14
"gifts mother day",3,446812,81.14
"gig best luck",3,446815,81.14
"gig tonight great",3,446818,81.14
"ginger bread house",3,446821,81.14
"girl asked wanted",3,446824,81.14
"girl beautiful love",3,446827,81.14
"girl best thing",3,446830,81.14
"girl better get",3,446833,81.14
"girl big don",3,446836,81.14
"girl big world",3,446839,81.14
"girl boy ok",3,446842,81.14
"girl boy own",3,446845,81.14
"girl come home",3,446848,81.14
"girl couple weeks",3,446851,81.15
"girl courage approaches",3,446854,81.15
"girl cried river",3,446857,81.15
"girl did get",3,446860,81.15
"girl doing thing",3,446863,81.15
"girl dressed like",3,446866,81.15
"girl feel bad",3,446869,81.15
"girl follow follow",3,446872,81.15
"girl following boy",3,446875,81.15
"girl gift time",3,446878,81.15
"girl girl want",3,446881,81.15
"girl go grab",3,446884,81.15
"girl go make",3,446887,81.15
"girl good job",3,446890,81.15
"girl help get",3,446893,81.15
"girl high school",3,446896,81.15
"girl hope get",3,446899,81.15
"girl hope soon",3,446902,81.15
"girl hope ur",3,446905,81.15
"girl kicked nest",3,446908,81.16
"girl lie miss",3,446911,81.16
"girl made good",3,446914,81.16
"girl makes feel",3,446917,81.16
"girl need soon",3,446920,81.16
"girl need take",3,446923,81.16
"girl purple hair",3,446926,81.16
"girl really just",3,446929,81.16
"girl really needs",3,446932,81.16
"girl say say",3,446935,81.16
"girl says don",3,446938,81.16
"girl school today",3,446941,81.16
"girl silent dangerous",3,446944,81.16
"girl take bath",3,446947,81.16
"girl talk shut",3,446950,81.16
"girl want go",3,446953,81.16
"girl want just",3,446956,81.16
"girl wide awake",3,446959,81.16
"girlfriend best friend",3,446962,81.17
"girlfriend feel like",3,446965,81.17
"girlfriend obtained order",3,446968,81.17
"give acting modeling",3,446971,81.17
"give air time",3,446974,81.17
"give answer question",3,446977,81.17
"give anything away",3,446980,81.17
"give away credit",3,446983,81.17
"give away follow",3,446986,81.17
"give away secrets",3,446989,81.17
"give away thanks",3,446992,81.17
"give big happy",3,446995,81.17
"give big shout",3,446998,81.17
"give billion dollars",3,447001,81.17
"give break need",3,447004,81.17
"give coach cal",3,447007,81.17
"give deal www",3,447010,81.17
"give don give",3,447013,81.17
"give don like",3,447016,81.18
"give everybody nice",3,447019,81.18
"give extra day",3,447022,81.18
"give feedback thanks",3,447025,81.18
"give figure climb",3,447028,81.18
"give gift cards",3,447031,81.18
"give gift fun",3,447034,81.18
"give gift good",3,447037,81.18
"give girl gift",3,447040,81.18
"give go thanks",3,447043,81.18
"give got give",3,447046,81.18
"give got just",3,447049,81.18
"give great big",3,447052,81.18
"give green light",3,447055,81.18
"give guys props",3,447058,81.18
"give holiday season",3,447061,81.18
"give infection put",3,447064,81.18
"give kids chance",3,447067,81.18
"give life planned",3,447070,81.18
"give listen new",3,447073,81.19
"give listen thanks",3,447076,81.19
"give listen time",3,447079,81.19
"give mom flowers",3,447082,81.19
"give mom hug",3,447085,81.19
"give myself credit",3,447088,81.19
"give myself permission",3,447091,81.19
"give myself reasons",3,447094,81.19
"give need followers",3,447097,81.19
"give new album",3,447100,81.19
"give new followers",3,447103,81.19
"give new york",3,447106,81.19
"give number talk",3,447109,81.19
"give permission write",3,447112,81.19
"give person believed",3,447115,81.19
"give reason love",3,447118,81.19
"give right make",3,447121,81.19
"give seat white",3,447124,81.19
"give share table",3,447127,81.2
"give shout saturday",3,447130,81.2
"give shout time",3,447133,81.2
"give social media",3,447136,81.2
"give soft goals",3,447139,81.2
"give take minutes",3,447142,81.2
"give truly give",3,447145,81.2
"give twitter shout",3,447148,81.2
"give unless donating",3,447151,81.2
"give want don",3,447154,81.2
"give want get",3,447157,81.2
"give winner huge",3,447160,81.2
"giveaway continues tonight",3,447163,81.2
"giveaways coming soon",3,447166,81.2
"given green light",3,447169,81.2
"given long time",3,447172,81.2
"given power make",3,447175,81.2
"gives control fears",3,447178,81.2
"gives faithful friends",3,447181,81.21
"gives good advice",3,447184,81.21
"gives great advice",3,447187,81.21
"gives great pleasure",3,447190,81.21
"gives hope future",3,447193,81.21
"gives hope world",3,447196,81.21
"gives strength weary",3,447199,81.21
"gives success flavor",3,447202,81.21
"giving advice comes",3,447205,81.21
"giving away center",3,447208,81.21
"giving away family",3,447211,81.21
"giving away last",3,447214,81.21
"giving away month",3,447217,81.21
"giving away people",3,447220,81.21
"giving away prize",3,447223,81.21
"giving away samples",3,447226,81.21
"giving away shirts",3,447229,81.21
"giving away special",3,447232,81.21
"giving birth kids",3,447235,81.21
"giving cell phone",3,447238,81.22
"giving dog bath",3,447241,81.22
"giving false hope",3,447244,81.22
"giving free samples",3,447247,81.22
"giving free tickets",3,447250,81.22
"giving good laugh",3,447253,81.22
"giving good news",3,447256,81.22
"giving great presentation",3,447259,81.22
"giving lap dance",3,447262,81.22
"giving love looking",3,447265,81.22
"giving power trusting",3,447268,81.22
"giving rest march",3,447271,81.22
"giving starts receiving",3,447274,81.22
"giving stuff away",3,447277,81.22
"giving taste own",3,447280,81.22
"glad connected looking",3,447283,81.22
"glad day weekend",3,447286,81.22
"glad dig tunes",3,447289,81.22
"glad doing thing",3,447292,81.23
"glad enjoyed awesome",3,447295,81.23
"glad enjoyed class",3,447298,81.23
"glad enjoyed experience",3,447301,81.23
"glad enjoyed last",3,447304,81.23
"glad enjoyed photo",3,447307,81.23
"glad enjoyed presentation",3,447310,81.23
"glad enjoyed video",3,447313,81.23
"glad friends enjoyed",3,447316,81.23
"glad giants won",3,447319,81.23
"glad go school",3,447322,81.23
"glad got early",3,447325,81.23
"glad got game",3,447328,81.23
"glad got good",3,447331,81.23
"glad got great",3,447334,81.23
"glad got picked",3,447337,81.23
"glad got share",3,447340,81.23
"glad got way",3,447343,81.23
"glad having amazing",3,447346,81.24
"glad heading home",3,447349,81.24
"glad hear excited",3,447352,81.24
"glad hear feel",3,447355,81.24
"glad hear giving",3,447358,81.24
"glad hear heard",3,447361,81.24
"glad hear home",3,447364,81.24
"glad hear hopefully",3,447367,81.24
"glad hear keeping",3,447370,81.24
"glad hear part",3,447373,81.24
"glad hear saw",3,447376,81.24
"glad hear send",3,447379,81.24
"glad hear today",3,447382,81.24
"glad hear ur",3,447385,81.24
"glad hear wait",3,447388,81.24
"glad hear yes",3,447391,81.24
"glad high school",3,447394,81.24
"glad join tonight",3,447397,81.24
"glad like far",3,447400,81.24
"glad like good",3,447403,81.25
"glad like great",3,447406,81.25
"glad like jewelry",3,447409,81.25
"glad like man",3,447412,81.25
"glad like song",3,447415,81.25
"glad like wait",3,447418,81.25
"glad liked come",3,447421,81.25
"glad liked good",3,447424,81.25
"glad liked link",3,447427,81.25
"glad liked photo",3,447430,81.25
"glad liked piece",3,447433,81.25
"glad liked pretty",3,447436,81.25
"glad liked sorry",3,447439,81.25
"glad liked story",3,447442,81.25
"glad met love",3,447445,81.25
"glad ok hope",3,447448,81.25
"glad part family",3,447451,81.25
"glad part great",3,447454,81.25
"glad paying attention",3,447457,81.26
"glad people agree",3,447460,81.26
"glad spread word",3,447463,81.26
"glad took day",3,447466,81.26
"glad ur ok",3,447469,81.26
"glad went great",3,447472,81.26
"glad wonderful joy",3,447475,81.26
"glass case emotion",3,447478,81.26
"glass cold milk",3,447481,81.26
"glass pm adams",3,447484,81.26
"glass rose white",3,447487,81.26
"glasses find glasses",3,447490,81.26
"glee pretty little",3,447493,81.26
"global communities real",3,447496,81.26
"global practice support",3,447499,81.26
"global youth service",3,447502,81.26
"globe book award",3,447505,81.26
"glory man united",3,447508,81.26
"glove text reads",3,447511,81.27
"gm gm gm",3,447514,81.27
"gm last night",3,447517,81.27
"go ahead assume",3,447520,81.27
"go ahead drink",3,447523,81.27
"go ahead lie",3,447526,81.27
"go ahead lose",3,447529,81.27
"go ahead retire",3,447532,81.27
"go ahead thank",3,447535,81.27
"go ahead throw",3,447538,81.27
"go ahead worry",3,447541,81.27
"go anytime soon",3,447544,81.27
"go ask just",3,447547,81.27
"go ask mom",3,447550,81.27
"go avengers midnight",3,447553,81.27
"go avengers today",3,447556,81.27
"go avengers tomorrow",3,447559,81.27
"go away cause",3,447562,81.27
"go away days",3,447565,81.27
"go away did",3,447568,81.28
"go away forever",3,447571,81.28
"go away need",3,447574,81.28
"go away say",3,447577,81.28
"go away wants",3,447580,81.28
"go away way",3,447583,81.28
"go away weekend",3,447586,81.28
"go badgers wisconsin",3,447589,81.28
"go bare ugly",3,447592,81.28
"go bathroom get",3,447595,81.28
"go bathroom teacher",3,447598,81.28
"go beat traffic",3,447601,81.28
"go best buy",3,447604,81.28
"go blessings come",3,447607,81.28
"go blue win",3,447610,81.28
"go bottles make",3,447613,81.28
"go bowling friends",3,447616,81.28
"go broke take",3,447619,81.28
"go broncos great",3,447622,81.29
"go bruins let",3,447625,81.29
"go busch gardens",3,447628,81.29
"go bye love",3,447631,81.29
"go cause know",3,447634,81.29
"go central park",3,447637,81.29
"go championship game",3,447640,81.29
"go check com",3,447643,81.29
"go check love",3,447646,81.29
"go check tell",3,447649,81.29
"go check tour",3,447652,81.29
"go choir concert",3,447655,81.29
"go cm punk",3,447658,81.29
"go come get",3,447661,81.29
"go comic book",3,447664,81.29
"go comic con",3,447667,81.29
"go craft beer",3,447670,81.29
"go customer service",3,447673,81.29
"go da movies",3,447676,81.29
"go did bring",3,447679,81.3
"go dinner cook",3,447682,81.3
"go dinner tonight",3,447685,81.3
"go downstairs disappointed",3,447688,81.3
"go drain get",3,447691,81.3
"go driving range",3,447694,81.3
"go emergency room",3,447697,81.3
"go end month",3,447700,81.3
"go enjoy beautiful",3,447703,81.3
"go facebook click",3,447706,81.3
"go facebook twitter",3,447709,81.3
"go facebook vote",3,447712,81.3
"go familiar raymond",3,447715,81.3
"go fashion night",3,447718,81.3
"go forward life",3,447721,81.3
"go forward make",3,447724,81.3
"go fruit jackson",3,447727,81.3
"go full moon",3,447730,81.3
"go games year",3,447733,81.31
"go getting closer",3,447736,81.31
"go go follow",3,447739,81.31
"go go girl",3,447742,81.31
"go go gomez",3,447745,81.31
"go go hard",3,447748,81.31
"go go like",3,447751,81.31
"go go oscar",3,447754,81.31
"go go stay",3,447757,81.31
"go go time",3,447760,81.31
"go go www",3,447763,81.31
"go grab drink",3,447766,81.31
"go grab somebody",3,447769,81.31
"go grab world",3,447772,81.31
"go half baby",3,447775,81.31
"go ham tonight",3,447778,81.31
"go happy place",3,447781,81.31
"go hard da",3,447784,81.31
"go hard find",3,447787,81.32
"go hard gym",3,447790,81.32
"go hard real",3,447793,81.32
"go hard rock",3,447796,81.32
"go hard time",3,447799,81.32
"go hard today",3,447802,81.32
"go head failures",3,447805,81.32
"go head right",3,447808,81.32
"go hit follow",3,447811,81.32
"go hope make",3,447814,81.32
"go house eat",3,447817,81.32
"go house get",3,447820,81.32
"go house party",3,447823,81.32
"go house tomorrow",3,447826,81.32
"go impossible arthur",3,447829,81.32
"go jail wanna",3,447832,81.32
"go july th",3,447835,81.32
"go kick bucket",3,447838,81.32
"go kick maya",3,447841,81.32
"go la kings",3,447844,81.33
"go later today",3,447847,81.33
"go lay sun",3,447850,81.33
"go library study",3,447853,81.33
"go life grow",3,447856,81.33
"go life thinking",3,447859,81.33
"go like days",3,447862,81.33
"go like fan",3,447865,81.33
"go like guy",3,447868,81.33
"go like new",3,447871,81.33
"go like think",3,447874,81.33
"go like want",3,447877,81.33
"go listen download",3,447880,81.33
"go listen tell",3,447883,81.33
"go little deeper",3,447886,81.33
"go losing enthusiasm",3,447889,81.33
"go lunch read",3,447892,81.33
"go man city",3,447895,81.33
"go massage right",3,447898,81.34
"go matter hard",3,447901,81.34
"go memory lane",3,447904,81.34
"go miss guys",3,447907,81.34
"go movie today",3,447910,81.34
"go need win",3,447913,81.34
"go nice win",3,447916,81.34
"go oh oh",3,447919,81.34
"go oh yeah",3,447922,81.34
"go own taste",3,447925,81.34
"go own way",3,447928,81.34
"go packers game",3,447931,81.34
"go picks trade",3,447934,81.34
"go place spread",3,447937,81.34
"go planet fitness",3,447940,81.34
"go prayer robert",3,447943,81.34
"go real quick",3,447946,81.34
"go real world",3,447949,81.34
"go really bad",3,447952,81.35
"go really wanna",3,447955,81.35
"go rock roll",3,447958,81.35
"go roller skating",3,447961,81.35
"go room get",3,447964,81.35
"go root beer",3,447967,81.35
"go san fran",3,447970,81.35
"go san jose",3,447973,81.35
"go say get",3,447976,81.35
"go say say",3,447979,81.35
"go school cause",3,447982,81.35
"go school good",3,447985,81.35
"go school high",3,447988,81.35
"go school know",3,447991,81.35
"go school last",3,447994,81.35
"go school minutes",3,447997,81.35
"go school photography",3,448000,81.35
"go school probably",3,448003,81.35
"go school right",3,448006,81.35
"go school school",3,448009,81.36
"go school sleep",3,448012,81.36
"go school want",3,448015,81.36
"go school wednesday",3,448018,81.36
"go school years",3,448021,81.36
"go senior prom",3,448024,81.36
"go site www",3,448027,81.36
"go smells like",3,448030,81.36
"go smoke business",3,448033,81.36
"go south dakota",3,448036,81.36
"go spin class",3,448039,81.36
"go st date",3,448042,81.36
"go st day",3,448045,81.36
"go studio record",3,448048,81.36
"go study abroad",3,448051,81.36
"go th floor",3,448054,81.36
"go thank go",3,448057,81.36
"go thanks great",3,448060,81.36
"go things make",3,448063,81.37
"go think make",3,448066,81.37
"go till gone",3,448069,81.37
"go till pm",3,448072,81.37
"go time machine",3,448075,81.37
"go time meet",3,448078,81.37
"go time town",3,448081,81.37
"go tour year",3,448084,81.37
"go town weekend",3,448087,81.37
"go tribe game",3,448090,81.37
"go trout fishing",3,448093,81.37
"go tweet limit",3,448096,81.37
"go usa gov",3,448099,81.37
"go venice beach",3,448102,81.37
"go victoria secret",3,448105,81.37
"go visit family",3,448108,81.37
"go walk downtown",3,448111,81.37
"go way tell",3,448114,81.37
"go website com",3,448117,81.38
"go win series",3,448120,81.38
"go win thing",3,448123,81.38
"go wit go",3,448126,81.38
"go work best",3,448129,81.38
"go work get",3,448132,81.38
"go work gotta",3,448135,81.38
"go work happy",3,448138,81.38
"go work high",3,448141,81.38
"go work hour",3,448144,81.38
"go work like",3,448147,81.38
"go workout serious",3,448150,81.38
"go workout today",3,448153,81.38
"go world peace",3,448156,81.38
"go wrong happens",3,448159,81.38
"go www aaron",3,448162,81.38
"go www details",3,448165,81.38
"go www facebook",3,448168,81.38
"go www gov",3,448171,81.38
"go yankees go",3,448174,81.39
"go youtube put",3,448177,81.39
"goal achieving dennis",3,448180,81.39
"goal reach benjamin",3,448183,81.39
"goal seeking animal",3,448186,81.39
"goals absolutely necessary",3,448189,81.39
"goals love hear",3,448192,81.39
"goals moving away",3,448195,81.39
"goals plans reach",3,448198,81.39
"goals road maps",3,448201,81.39
"goat cheese tomato",3,448204,81.39
"goat cheese yum",3,448207,81.39
"gods get like",3,448210,81.39
"goes anywhere hot",3,448213,81.39
"goes away taught",3,448216,81.39
"goes better tomorrow",3,448219,81.39
"goes comes people",3,448222,81.39
"goes don get",3,448225,81.39
"goes don miss",3,448228,81.4
"goes flying anyway",3,448231,81.4
"goes food bank",3,448234,81.4
"goes good today",3,448237,81.4
"goes help kids",3,448240,81.4
"goes home today",3,448243,81.4
"goes just like",3,448246,81.4
"goes live tomorrow",3,448249,81.4
"goes person get",3,448252,81.4
"goes wrong bad",3,448255,81.4
"going acting class",3,448258,81.4
"going anywhere anytime",3,448261,81.4
"going avengers movie",3,448264,81.4
"going bachelor party",3,448267,81.4
"going bad day",3,448270,81.4
"going bad mood",3,448273,81.4
"going barnes noble",3,448276,81.4
"going base camp",3,448279,81.4
"going beach tomorrow",3,448282,81.41
"going beautiful night",3,448285,81.41
"going bed alone",3,448288,81.41
"going bed bye",3,448291,81.41
"going bed cause",3,448294,81.41
"going bed decent",3,448297,81.41
"going bed did",3,448300,81.41
"going bed getting",3,448303,81.41
"going bed gonna",3,448306,81.41
"going bed having",3,448309,81.41
"going bed hope",3,448312,81.41
"going bed listening",3,448315,81.41
"going bed maybe",3,448318,81.41
"going bed midnight",3,448321,81.41
"going bed past",3,448324,81.41
"going bed sad",3,448327,81.41
"going bed saturday",3,448330,81.41
"going bed sleep",3,448333,81.41
"going bed sweet",3,448336,81.41
"going bed talk",3,448339,81.42
"going bed thanks",3,448342,81.42
"going bed wait",3,448345,81.42
"going bed way",3,448348,81.42
"going better last",3,448351,81.42
"going break face",3,448354,81.42
"going breaking dawn",3,448357,81.42
"going brian tracy",3,448360,81.42
"going bulls game",3,448363,81.42
"going busy days",3,448366,81.42
"going cedar point",3,448369,81.42
"going chicago concert",3,448372,81.42
"going city today",3,448375,81.42
"going class gonna",3,448378,81.42
"going club come",3,448381,81.42
"going club tonight",3,448384,81.42
"going cody simpson",3,448387,81.42
"going comfort zone",3,448390,81.42
"going covers sleep",3,448393,81.43
"going crazy busy",3,448396,81.43
"going crazy cause",3,448399,81.43
"going crazy just",3,448402,81.43
"going crazy wait",3,448405,81.43
"going cross eyed",3,448408,81.43
"going cut hair",3,448411,81.43
"going decide going",3,448414,81.43
"going dinner going",3,448417,81.43
"going don miss",3,448420,81.43
"going double ot",3,448423,81.43
"going downtown today",3,448426,81.43
"going easter egg",3,448429,81.43
"going epic night",3,448432,81.43
"going ex like",3,448435,81.43
"going feel better",3,448438,81.43
"going flash mob",3,448441,81.43
"going follow follow",3,448444,81.43
"going follow just",3,448447,81.43
"going follow people",3,448450,81.44
"going full house",3,448453,81.44
"going go anyway",3,448456,81.44
"going go cry",3,448459,81.44
"going go dd",3,448462,81.44
"going go find",3,448465,81.44
"going go go",3,448468,81.44
"going go just",3,448471,81.44
"going go nuts",3,448474,81.44
"going go workout",3,448477,81.44
"going goal successful",3,448480,81.44
"going good bad",3,448483,81.44
"going good friday",3,448486,81.44
"going good game",3,448489,81.44
"going good good",3,448492,81.44
"going good morning",3,448495,81.44
"going great crowd",3,448498,81.44
"going great days",3,448501,81.44
"going great last",3,448504,81.45
"going great party",3,448507,81.45
"going great series",3,448510,81.45
"going great way",3,448513,81.45
"going great working",3,448516,81.45
"going hate myself",3,448519,81.45
"going hockey game",3,448522,81.45
"going home hope",3,448525,81.45
"going home sorry",3,448528,81.45
"going home take",3,448531,81.45
"going home town",3,448534,81.45
"going home way",3,448537,81.45
"going hope great",3,448540,81.45
"going hot hot",3,448543,81.45
"going hot weekend",3,448546,81.45
"going hurt tomorrow",3,448549,81.45
"going interesting day",3,448552,81.45
"going interesting season",3,448555,81.45
"going january th",3,448558,81.46
"going know going",3,448561,81.46
"going la weeks",3,448564,81.46
"going last forever",3,448567,81.46
"going last level",3,448570,81.46
"going last time",3,448573,81.46
"going last week",3,448576,81.46
"going last weeks",3,448579,81.46
"going lion king",3,448582,81.46
"going little late",3,448585,81.46
"going locker room",3,448588,81.46
"going looking like",3,448591,81.46
"going looking new",3,448594,81.46
"going lose lot",3,448597,81.46
"going lot better",3,448600,81.46
"going lunch today",3,448603,81.46
"going make austin",3,448606,81.46
"going make dance",3,448609,81.46
"going make dream",3,448612,81.46
"going make drive",3,448615,81.47
"going make feel",3,448618,81.47
"going make fun",3,448621,81.47
"going make move",3,448624,81.47
"going make music",3,448627,81.47
"going make own",3,448630,81.47
"going mall friends",3,448633,81.47
"going marlins game",3,448636,81.47
"going marry walking",3,448639,81.47
"going mcdonald salad",3,448642,81.47
"going meet person",3,448645,81.47
"going miss new",3,448648,81.47
"going miss school",3,448651,81.47
"going mission impossible",3,448654,81.47
"going monday night",3,448657,81.47
"going music festival",3,448660,81.47
"going night remember",3,448663,81.47
"going nyc concert",3,448666,81.47
"going nyc days",3,448669,81.48
"going nyc end",3,448672,81.48
"going nyc today",3,448675,81.48
"going officially start",3,448678,81.48
"going old pictures",3,448681,81.48
"going open house",3,448684,81.48
"going orange leaf",3,448687,81.48
"going outside today",3,448690,81.48
"going park tomorrow",3,448693,81.48
"going pass test",3,448696,81.48
"going peaceful warrior",3,448699,81.48
"going post blog",3,448702,81.48
"going post status",3,448705,81.48
"going post videos",3,448708,81.48
"going pretty awesome",3,448711,81.48
"going prom anymore",3,448714,81.48
"going prom today",3,448717,81.48
"going public wearing",3,448720,81.48
"going pull win",3,448723,81.49
"going rangers game",3,448726,81.49
"going realize maximum",3,448729,81.49
"going rose bowl",3,448732,81.49
"going saturday night",3,448735,81.49
"going school anymore",3,448738,81.49
"going school feeling",3,448741,81.49
"going school full",3,448744,81.49
"going school monday",3,448747,81.49
"going school work",3,448750,81.49
"going seems like",3,448753,81.49
"going send email",3,448756,81.49
"going senior prom",3,448759,81.49
"going sleep get",3,448762,81.49
"going sleep hopefully",3,448765,81.49
"going sleep little",3,448768,81.49
"going sleep minute",3,448771,81.49
"going sleep sleep",3,448774,81.49
"going sleep talk",3,448777,81.49
"going sleep think",3,448780,81.5
"going soccer game",3,448783,81.5
"going south beach",3,448786,81.5
"going south carolina",3,448789,81.5
"going spend night",3,448792,81.5
"going spend week",3,448795,81.5
"going st day",3,448798,81.5
"going st race",3,448801,81.5
"going start carrying",3,448804,81.5
"going start following",3,448807,81.5
"going start own",3,448810,81.5
"going start reading",3,448813,81.5
"going start right",3,448816,81.5
"going start way",3,448819,81.5
"going stay till",3,448822,81.5
"going stay watch",3,448825,81.5
"going straight home",3,448828,81.5
"going straight work",3,448831,81.5
"going studio record",3,448834,81.51
"going surfing tomorrow",3,448837,81.51
"going take away",3,448840,81.51
"going take day",3,448843,81.51
"going take easy",3,448846,81.51
"going take hours",3,448849,81.51
"going take little",3,448852,81.51
"going take look",3,448855,81.51
"going take risk",3,448858,81.51
"going take test",3,448861,81.51
"going take walk",3,448864,81.51
"going take world",3,448867,81.51
"going thing tomorrow",3,448870,81.51
"going today game",3,448873,81.51
"going today let",3,448876,81.51
"going today tonight",3,448879,81.51
"going tomorrow afternoon",3,448882,81.51
"going tonight dinner",3,448885,81.51
"going tonight great",3,448888,81.52
"going tonight like",3,448891,81.52
"going tonight make",3,448894,81.52
"going tonight pm",3,448897,81.52
"going tonight wait",3,448900,81.52
"going toy story",3,448903,81.52
"going try bring",3,448906,81.52
"going try fall",3,448909,81.52
"going try figure",3,448912,81.52
"going try good",3,448915,81.52
"going try hand",3,448918,81.52
"going try keep",3,448921,81.52
"going try making",3,448924,81.52
"going try play",3,448927,81.52
"going try recipe",3,448930,81.52
"going try say",3,448933,81.52
"going try time",3,448936,81.52
"going try today",3,448939,81.52
"going try win",3,448942,81.52
"going twitter world",3,448945,81.53
"going vacation week",3,448948,81.53
"going vegas memorial",3,448951,81.53
"going vegas tonight",3,448954,81.53
"going visit mom",3,448957,81.53
"going wait get",3,448960,81.53
"going walk dog",3,448963,81.53
"going want know",3,448966,81.53
"going watch help",3,448969,81.53
"going watch oscars",3,448972,81.53
"going watch part",3,448975,81.53
"going wear today",3,448978,81.53
"going wed night",3,448981,81.53
"going wild night",3,448984,81.53
"going win big",3,448987,81.53
"going win national",3,448990,81.53
"going win super",3,448993,81.53
"going win thing",3,448996,81.53
"going work early",3,448999,81.54
"going work know",3,449002,81.54
"going work right",3,449005,81.54
"going work school",3,449008,81.54
"going work things",3,449011,81.54
"going work week",3,449014,81.54
"going workshop today",3,449017,81.54
"going world wide",3,449020,81.54
"going write song",3,449023,81.54
"gold does hard",3,449026,81.54
"gold love shared",3,449029,81.54
"golden delicious bill",3,449032,81.54
"golden door freedom",3,449035,81.54
"golden last night",3,449038,81.54
"golf ball size",3,449041,81.54
"golf ball sized",3,449044,81.54
"golf industry event",3,449047,81.54
"golf real estate",3,449050,81.54
"golf tournament today",3,449053,81.55
"golf washington app",3,449056,81.55
"gone bad worse",3,449059,81.55
"gone brush shoulders",3,449062,81.55
"gone days like",3,449065,81.55
"gone far far",3,449068,81.55
"gone far long",3,449071,81.55
"gone far time",3,449074,81.55
"gone figure saturday",3,449077,81.55
"gone gone get",3,449080,81.55
"gone head get",3,449083,81.55
"gone like years",3,449086,81.55
"gone long days",3,449089,81.55
"gone makes sad",3,449092,81.55
"gone meaning laugh",3,449095,81.55
"gone th th",3,449098,81.55
"gone way long",3,449101,81.55
"gone way soon",3,449104,81.55
"gone www com",3,449107,81.55
"gonna able get",3,449110,81.56
"gonna amazing know",3,449113,81.56
"gonna anytime soon",3,449116,81.56
"gonna bad time",3,449119,81.56
"gonna big hit",3,449122,81.56
"gonna big thing",3,449125,81.56
"gonna busy week",3,449128,81.56
"gonna feel good",3,449131,81.56
"gonna finish today",3,449134,81.56
"gonna foam party",3,449137,81.56
"gonna follow today",3,449140,81.56
"gonna great come",3,449143,81.56
"gonna great get",3,449146,81.56
"gonna hop shower",3,449149,81.56
"gonna last long",3,449152,81.56
"gonna leave like",3,449155,81.56
"gonna live chat",3,449158,81.56
"gonna lonely couple",3,449161,81.56
"gonna lose mind",3,449164,81.57
"gonna lose tonight",3,449167,81.57
"gonna lots fun",3,449170,81.57
"gonna lovely day",3,449173,81.57
"gonna make anyway",3,449176,81.57
"gonna make clean",3,449179,81.57
"gonna make feel",3,449182,81.57
"gonna make happy",3,449185,81.57
"gonna make head",3,449188,81.57
"gonna make laugh",3,449191,81.57
"gonna make like",3,449194,81.57
"gonna make long",3,449197,81.57
"gonna make noise",3,449200,81.57
"gonna make pay",3,449203,81.57
"gonna make tacos",3,449206,81.57
"gonna make time",3,449209,81.57
"gonna make today",3,449212,81.57
"gonna make twitter",3,449215,81.57
"gonna make wanna",3,449218,81.57
"gonna make want",3,449221,81.58
"gonna meet austin",3,449224,81.58
"gonna miss braces",3,449227,81.58
"gonna miss good",3,449230,81.58
"gonna miss hearing",3,449233,81.58
"gonna miss place",3,449236,81.58
"gonna miss school",3,449239,81.58
"gonna miss summer",3,449242,81.58
"gonna miss sunday",3,449245,81.58
"gonna music video",3,449248,81.58
"gonna rap answers",3,449251,81.58
"gonna really hot",3,449254,81.58
"gonna really miss",3,449257,81.58
"gonna run town",3,449260,81.58
"gonna run year",3,449263,81.58
"gonna sit watch",3,449266,81.58
"gonna stay away",3,449269,81.58
"gonna stay night",3,449272,81.58
"gonna stay way",3,449275,81.59
"gonna stuck head",3,449278,81.59
"gonna take couple",3,449281,81.59
"gonna take game",3,449284,81.59
"gonna take little",3,449287,81.59
"gonna take long",3,449290,81.59
"gonna take mom",3,449293,81.59
"gonna take quick",3,449296,81.59
"gonna take walk",3,449299,81.59
"gonna take year",3,449302,81.59
"gonna throw party",3,449305,81.59
"gonna try follow",3,449308,81.59
"gonna try making",3,449311,81.59
"gonna try teach",3,449314,81.59
"gonna try watch",3,449317,81.59
"gonna try weekend",3,449320,81.59
"gonna use time",3,449323,81.59
"gonna walk away",3,449326,81.59
"gonna wear shorts",3,449329,81.6
"gonna write chapter",3,449332,81.6
"gonna write itself",3,449335,81.6
"gonna year just",3,449338,81.6
"goo goo ga",3,449341,81.6
"good afternoon everybody",3,449344,81.6
"good afternoon followers",3,449347,81.6
"good afternoon sir",3,449350,81.6
"good afternoon today",3,449353,81.6
"good amount money",3,449356,81.6
"good baby girl",3,449359,81.6
"good baby love",3,449362,81.6
"good bad bad",3,449365,81.6
"good bad girl",3,449368,81.6
"good bad happy",3,449371,81.6
"good bad idea",3,449374,81.6
"good bad play",3,449377,81.6
"good bad time",3,449380,81.6
"good beer selection",3,449383,81.6
"good big sis",3,449386,81.61
"good big sister",3,449389,81.61
"good books lately",3,449392,81.61
"good books sleepy",3,449395,81.61
"good bottle wine",3,449398,81.61
"good bout get",3,449401,81.61
"good bout hop",3,449404,81.61
"good bout watch",3,449407,81.61
"good brother hope",3,449410,81.61
"good business best",3,449413,81.61
"good care love",3,449416,81.61
"good check music",3,449419,81.61
"good connect hope",3,449422,81.61
"good cop stories",3,449425,81.61
"good coupon code",3,449428,81.61
"good defense better",3,449431,81.61
"good defensive play",3,449434,81.61
"good does mean",3,449437,81.61
"good dude good",3,449440,81.62
"good end bad",3,449443,81.62
"good enjoy day",3,449446,81.62
"good enjoy game",3,449449,81.62
"good enjoyed watching",3,449452,81.62
"good excuse get",3,449455,81.62
"good excuse go",3,449458,81.62
"good eye candy",3,449461,81.62
"good family friends",3,449464,81.62
"good folks know",3,449467,81.62
"good food better",3,449470,81.62
"good food eat",3,449473,81.62
"good food go",3,449476,81.62
"good food live",3,449479,81.62
"good food tonight",3,449482,81.62
"good frank ocean",3,449485,81.62
"good friend girl",3,449488,81.62
"good friend heather",3,449491,81.62
"good friend let",3,449494,81.63
"good friend lets",3,449497,81.63
"good friend say",3,449500,81.63
"good friend thanks",3,449503,81.63
"good friend work",3,449506,81.63
"good friends both",3,449509,81.63
"good friends bring",3,449512,81.63
"good friends food",3,449515,81.63
"good friends last",3,449518,81.63
"good friends make",3,449521,81.63
"good friends play",3,449524,81.63
"good friends tho",3,449527,81.63
"good friends twitter",3,449530,81.63
"good game day",3,449533,81.63
"good game did",3,449536,81.63
"good game tho",3,449539,81.63
"good game watch",3,449542,81.63
"good games today",3,449545,81.63
"good gets away",3,449548,81.63
"good give good",3,449551,81.64
"good gonna say",3,449554,81.64
"good gonna start",3,449557,81.64
"good gonna watch",3,449560,81.64
"good good friday",3,449563,81.64
"good good get",3,449566,81.64
"good good hope",3,449569,81.64
"good good like",3,449572,81.64
"good good things",3,449575,81.64
"good good weekend",3,449578,81.64
"good gotta come",3,449581,81.64
"good half day",3,449584,81.64
"good half hour",3,449587,81.64
"good hard look",3,449590,81.64
"good haven read",3,449593,81.64
"good hear feel",3,449596,81.64
"good hear get",3,449599,81.64
"good hear going",3,449602,81.64
"good hear great",3,449605,81.65
"good hear keep",3,449608,81.65
"good hear looking",3,449611,81.65
"good hear man",3,449614,81.65
"good hear think",3,449617,81.65
"good hear yes",3,449620,81.65
"good hopefully start",3,449623,81.65
"good imagination christopher",3,449626,81.65
"good info share",3,449629,81.65
"good info thanks",3,449632,81.65
"good just ate",3,449635,81.65
"good just bit",3,449638,81.65
"good just finishing",3,449641,81.65
"good just home",3,449644,81.65
"good just keep",3,449647,81.65
"good just lay",3,449650,81.65
"good just leave",3,449653,81.65
"good just little",3,449656,81.65
"good just miss",3,449659,81.66
"good just put",3,449662,81.66
"good just saying",3,449665,81.66
"good just taking",3,449668,81.66
"good just thought",3,449671,81.66
"good just time",3,449674,81.66
"good just wanna",3,449677,81.66
"good just wish",3,449680,81.66
"good just woke",3,449683,81.66
"good karma going",3,449686,81.66
"good kind louis",3,449689,81.66
"good know able",3,449692,81.66
"good know doing",3,449695,81.66
"good know friends",3,449698,81.66
"good know great",3,449701,81.66
"good know hope",3,449704,81.66
"good know make",3,449707,81.66
"good know say",3,449710,81.66
"good know support",3,449713,81.66
"good know think",3,449716,81.67
"good live music",3,449719,81.67
"good look bad",3,449722,81.67
"good look da",3,449725,81.67
"good look like",3,449728,81.67
"good look love",3,449731,81.67
"good look new",3,449734,81.67
"good look summer",3,449737,81.67
"good look thanks",3,449740,81.67
"good looking got",3,449743,81.67
"good looking guy",3,449746,81.67
"good looking love",3,449749,81.67
"good looking man",3,449752,81.67
"good looking men",3,449755,81.67
"good looking woman",3,449758,81.67
"good lot people",3,449761,81.67
"good luck adventure",3,449764,81.67
"good luck baltimore",3,449767,81.67
"good luck benjamin",3,449770,81.68
"good luck blessings",3,449773,81.68
"good luck brad",3,449776,81.68
"good luck car",3,449779,81.68
"good luck championship",3,449782,81.68
"good luck cheering",3,449785,81.68
"good luck cheers",3,449788,81.68
"good luck chris",3,449791,81.68
"good luck city",3,449794,81.68
"good luck clients",3,449797,81.68
"good luck close",3,449800,81.68
"good luck congratulations",3,449803,81.68
"good luck counting",3,449806,81.68
"good luck dallas",3,449809,81.68
"good luck date",3,449812,81.68
"good luck decide",3,449815,81.68
"good luck decision",3,449818,81.68
"good luck does",3,449821,81.68
"good luck done",3,449824,81.69
"good luck duke",3,449827,81.69
"good luck em",3,449830,81.69
"good luck end",3,449833,81.69
"good luck excited",3,449836,81.69
"good luck fan",3,449839,81.69
"good luck fighting",3,449842,81.69
"good luck find",3,449845,81.69
"good luck games",3,449848,81.69
"good luck girlfriend",3,449851,81.69
"good luck glad",3,449854,81.69
"good luck hate",3,449857,81.69
"good luck jeff",3,449860,81.69
"good luck jim",3,449863,81.69
"good luck june",3,449866,81.69
"good luck kids",3,449869,81.69
"good luck level",3,449872,81.69
"good luck like",3,449875,81.69
"good luck mate",3,449878,81.69
"good luck math",3,449881,81.7
"good luck monday",3,449884,81.7
"good luck month",3,449887,81.7
"good luck nation",3,449890,81.7
"good luck nfl",3,449893,81.7
"good luck nyc",3,449896,81.7
"good luck oh",3,449899,81.7
"good luck pitch",3,449902,81.7
"good luck program",3,449905,81.7
"good luck proposal",3,449908,81.7
"good luck rams",3,449911,81.7
"good luck reading",3,449914,81.7
"good luck rehab",3,449917,81.7
"good luck seattle",3,449920,81.7
"good luck seems",3,449923,81.7
"good luck selling",3,449926,81.7
"good luck sending",3,449929,81.7
"good luck son",3,449932,81.7
"good luck song",3,449935,81.71
"good luck speed",3,449938,81.71
"good luck studio",3,449941,81.71
"good luck stuff",3,449944,81.71
"good luck sweet",3,449947,81.71
"good luck talk",3,449950,81.71
"good luck tech",3,449953,81.71
"good luck thinking",3,449956,81.71
"good luck transition",3,449959,81.71
"good luck upcoming",3,449962,81.71
"good luck use",3,449965,81.71
"good luck volleyball",3,449968,81.71
"good luck voted",3,449971,81.71
"good luck way",3,449974,81.71
"good luck west",3,449977,81.71
"good luck wit",3,449980,81.71
"good luck world",3,449983,81.71
"good luck young",3,449986,81.71
"good luck yr",3,449989,81.72
"good mac cheese",3,449992,81.72
"good making money",3,449995,81.72
"good man best",3,449998,81.72
"good man complain",3,450001,81.72
"good man doing",3,450004,81.72
"good man glad",3,450007,81.72
"good man got",3,450010,81.72
"good man gotta",3,450013,81.72
"good man know",3,450016,81.72
"good man ordered",3,450019,81.72
"good man think",3,450022,81.72
"good man woman",3,450025,81.72
"good meeting man",3,450028,81.72
"good meeting thanks",3,450031,81.72
"good mercy forever",3,450034,81.72
"good might go",3,450037,81.72
"good might win",3,450040,81.72
"good mood good",3,450043,81.72
"good mood just",3,450046,81.73
"good mood love",3,450049,81.73
"good mood reason",3,450052,81.73
"good mood tonight",3,450055,81.73
"good morning afghanistan",3,450058,81.73
"good morning brian",3,450061,81.73
"good morning chance",3,450064,81.73
"good morning choose",3,450067,81.73
"good morning cody",3,450070,81.73
"good morning conference",3,450073,81.73
"good morning darling",3,450076,81.73
"good morning doe",3,450079,81.73
"good morning dreams",3,450082,81.73
"good morning dude",3,450085,81.73
"good morning enjoying",3,450088,81.73
"good morning evening",3,450091,81.73
"good morning full",3,450094,81.73
"good morning game",3,450097,81.73
"good morning gym",3,450100,81.74
"good morning hump",3,450103,81.74
"good morning jay",3,450106,81.74
"good morning jeff",3,450109,81.74
"good morning keep",3,450112,81.74
"good morning later",3,450115,81.74
"good morning loved",3,450118,81.74
"good morning lover",3,450121,81.74
"good morning man",3,450124,81.74
"good morning mean",3,450127,81.74
"good morning mike",3,450130,81.74
"good morning office",3,450133,81.74
"good morning oh",3,450136,81.74
"good morning philadelphia",3,450139,81.74
"good morning plans",3,450142,81.74
"good morning prayed",3,450145,81.74
"good morning question",3,450148,81.74
"good morning quick",3,450151,81.74
"good morning range",3,450154,81.74
"good morning real",3,450157,81.75
"good morning shower",3,450160,81.75
"good morning sister",3,450163,81.75
"good morning st",3,450166,81.75
"good morning sunday",3,450169,81.75
"good morning supposed",3,450172,81.75
"good morning taking",3,450175,81.75
"good morning tampa",3,450178,81.75
"good morning tho",3,450181,81.75
"good morning thought",3,450184,81.75
"good morning ugly",3,450187,81.75
"good morning valley",3,450190,81.75
"good morning waits",3,450193,81.75
"good morning weather",3,450196,81.75
"good morning west",3,450199,81.75
"good morning won",3,450202,81.75
"good movie far",3,450205,81.75
"good movie got",3,450208,81.75
"good movie great",3,450211,81.76
"good movie loved",3,450214,81.76
"good movie need",3,450217,81.76
"good movie night",3,450220,81.76
"good movie time",3,450223,81.76
"good music coming",3,450226,81.76
"good music follow",3,450229,81.76
"good music make",3,450232,81.76
"good music makes",3,450235,81.76
"good music tonight",3,450238,81.76
"good music video",3,450241,81.76
"good music want",3,450244,81.76
"good must try",3,450247,81.76
"good nice long",3,450250,81.76
"good nice work",3,450253,81.76
"good olive oil",3,450256,81.76
"good opinion himself",3,450259,81.76
"good pause pursuit",3,450262,81.76
"good people doing",3,450265,81.77
"good people give",3,450268,81.77
"good people start",3,450271,81.77
"good places go",3,450274,81.77
"good play written",3,450277,81.77
"good player just",3,450280,81.77
"good point definitely",3,450283,81.77
"good point hope",3,450286,81.77
"good point know",3,450289,81.77
"good point let",3,450292,81.77
"good point made",3,450295,81.77
"good point mean",3,450298,81.77
"good point new",3,450301,81.77
"good point probably",3,450304,81.77
"good point remember",3,450307,81.77
"good point take",3,450310,81.77
"good points impossible",3,450313,81.77
"good post game",3,450316,81.77
"good question does",3,450319,81.77
"good question haven",3,450322,81.78
"good question people",3,450325,81.78
"good question probably",3,450328,81.78
"good real estate",3,450331,81.78
"good rest evening",3,450334,81.78
"good right bout",3,450337,81.78
"good right gonna",3,450340,81.78
"good say yes",3,450343,81.78
"good season coming",3,450346,81.78
"good season good",3,450349,81.78
"good seats left",3,450352,81.78
"good selling point",3,450355,81.78
"good shows tonight",3,450358,81.78
"good shows weekend",3,450361,81.78
"good soft lips",3,450364,81.78
"good sorry missed",3,450367,81.78
"good southern food",3,450370,81.78
"good speedy recovery",3,450373,81.78
"good spend time",3,450376,81.79
"good spot tonight",3,450379,81.79
"good start keep",3,450382,81.79
"good sunday night",3,450385,81.79
"good sunny day",3,450388,81.79
"good take step",3,450391,81.79
"good take time",3,450394,81.79
"good thank got",3,450397,81.79
"good thanks checking",3,450400,81.79
"good thanks coming",3,450403,81.79
"good thanks did",3,450406,81.79
"good thanks offer",3,450409,81.79
"good things ahead",3,450412,81.79
"good things bad",3,450415,81.79
"good things both",3,450418,81.79
"good things bout",3,450421,81.79
"good things class",3,450424,81.79
"good things guys",3,450427,81.79
"good things happened",3,450430,81.8
"good things horizon",3,450433,81.8
"good things love",3,450436,81.8
"good things new",3,450439,81.8
"good things paying",3,450442,81.8
"good things store",3,450445,81.8
"good things today",3,450448,81.8
"good things wait",3,450451,81.8
"good things way",3,450454,81.8
"good things wild",3,450457,81.8
"good thought going",3,450460,81.8
"good times begin",3,450463,81.8
"good times get",3,450466,81.8
"good times hanging",3,450469,81.8
"good times hope",3,450472,81.8
"good times pm",3,450475,81.8
"good times realize",3,450478,81.8
"good times think",3,450481,81.8
"good times time",3,450484,81.8
"good times wait",3,450487,81.81
"good times watching",3,450490,81.81
"good times weekend",3,450493,81.81
"good today looking",3,450496,81.81
"good true take",3,450499,81.81
"good tunes guys",3,450502,81.81
"good tunes way",3,450505,81.81
"good turn tonight",3,450508,81.81
"good tv shows",3,450511,81.81
"good tweets get",3,450514,81.81
"good upcoming season",3,450517,81.81
"good ur good",3,450520,81.81
"good ur team",3,450523,81.81
"good user experience",3,450526,81.81
"good valentine day",3,450529,81.81
"good video games",3,450532,81.81
"good way bad",3,450535,81.81
"good way find",3,450538,81.81
"good way kick",3,450541,81.82
"good way let",3,450544,81.82
"good way live",3,450547,81.82
"good way meet",3,450550,81.82
"good way promote",3,450553,81.82
"good weekend folks",3,450556,81.82
"good weekend going",3,450559,81.82
"good weekend great",3,450562,81.82
"good weekend man",3,450565,81.82
"good wife happy",3,450568,81.82
"good writing days",3,450571,81.82
"good yeah got",3,450574,81.82
"good young great",3,450577,81.82
"goodbye blue monday",3,450580,81.82
"goodbye las vegas",3,450583,81.82
"goodbye social life",3,450586,81.82
"goodman community center",3,450589,81.82
"goodness investment fails",3,450592,81.82
"goodness lie soil",3,450595,81.83
"goodnight beautiful world",3,450598,81.83
"goodnight don forget",3,450601,81.83
"goodnight guys love",3,450604,81.83
"goodnight hope feel",3,450607,81.83
"goodnight sleep good",3,450610,81.83
"goodwill reason got",3,450613,81.83
"google apps android",3,450616,81.83
"google click com",3,450619,81.83
"google cloud print",3,450622,81.83
"google invite anyone",3,450625,81.83
"google iphone app",3,450628,81.83
"google places listing",3,450631,81.83
"google reader app",3,450634,81.83
"google social media",3,450637,81.83
"google things eat",3,450640,81.83
"google voice invite",3,450643,81.83
"goose island drafts",3,450646,81.83
"gop debate tonight",3,450649,81.83
"gop right wing",3,450652,81.84
"gop senate candidate",3,450655,81.84
"gorgeous day dallas",3,450658,81.84
"gorgeous day milwaukee",3,450661,81.84
"gorgeous day patio",3,450664,81.84
"gorgeous day wish",3,450667,81.84
"gorgeous fall day",3,450670,81.84
"gorgeous love family",3,450673,81.84
"gorgeous weather weekend",3,450676,81.84
"gosh freaking love",3,450679,81.84
"gosh just love",3,450682,81.84
"gosh oh gosh",3,450685,81.84
"got accepted college",3,450688,81.84
"got act like",3,450691,81.84
"got amazing new",3,450694,81.84
"got amazing news",3,450697,81.84
"got android phone",3,450700,81.84
"got anything done",3,450703,81.84
"got anything going",3,450706,81.85
"got asked biggest",3,450709,81.85
"got asked date",3,450712,81.85
"got asked go",3,450715,81.85
"got baby let",3,450718,81.85
"got bank account",3,450721,81.85
"got bite last",3,450724,81.85
"got blu ray",3,450727,81.85
"got brick fair",3,450730,81.85
"got budget lawyer",3,450733,81.85
"got bus client",3,450736,81.85
"got butterflies stomach",3,450739,81.85
"got card today",3,450742,81.85
"got cause said",3,450745,81.85
"got check today",3,450748,81.85
"got cheeks white",3,450751,81.85
"got class early",3,450754,81.85
"got class tomorrow",3,450757,81.85
"got cleaning done",3,450760,81.86
"got coffee go",3,450763,81.86
"got coffee ready",3,450766,81.86
"got come get",3,450769,81.86
"got copy book",3,450772,81.86
"got couple things",3,450775,81.86
"got couple weeks",3,450778,81.86
"got da phone",3,450781,81.86
"got damaged goods",3,450784,81.86
"got dat right",3,450787,81.86
"got day just",3,450790,81.86
"got day today",3,450793,81.86
"got different area",3,450796,81.86
"got done cleaning",3,450799,81.86
"got done day",3,450802,81.86
"got done deal",3,450805,81.86
"got done getting",3,450808,81.86
"got done great",3,450811,81.86
"got done hair",3,450814,81.86
"got done just",3,450817,81.87
"got done kissing",3,450820,81.87
"got done looking",3,450823,81.87
"got done practice",3,450826,81.87
"got done taking",3,450829,81.87
"got done thank",3,450832,81.87
"got done time",3,450835,81.87
"got done tonight",3,450838,81.87
"got done waiting",3,450841,81.87
"got done yesterday",3,450844,81.87
"got driver license",3,450847,81.87
"got errands run",3,450850,81.87
"got eye cruise",3,450853,81.87
"got face face",3,450856,81.87
"got falling love",3,450859,81.87
"got final teams",3,450862,81.87
"got find ways",3,450865,81.87
"got finished watching",3,450868,81.87
"got fired day",3,450871,81.88
"got friend friend",3,450874,81.88
"got friends love",3,450877,81.88
"got full house",3,450880,81.88
"got full week",3,450883,81.88
"got fun plans",3,450886,81.88
"got get away",3,450889,81.88
"got get da",3,450892,81.88
"got get grind",3,450895,81.88
"got get home",3,450898,81.88
"got get hours",3,450901,81.88
"got get house",3,450904,81.88
"got get money",3,450907,81.88
"got get people",3,450910,81.88
"got get want",3,450913,81.88
"got girl pregnant",3,450916,81.88
"got give props",3,450919,81.88
"got good book",3,450922,81.88
"got good day",3,450925,81.88
"got good food",3,450928,81.89
"got good friend",3,450931,81.89
"got good stories",3,450934,81.89
"got good things",3,450937,81.89
"got good time",3,450940,81.89
"got good vibe",3,450943,81.89
"got great deal",3,450946,81.89
"got great donation",3,450949,81.89
"got great great",3,450952,81.89
"got great info",3,450955,81.89
"got great little",3,450958,81.89
"got great night",3,450961,81.89
"got great start",3,450964,81.89
"got great value",3,450967,81.89
"got grilled cheese",3,450970,81.89
"got half way",3,450973,81.89
"got hard work",3,450976,81.89
"got head knocked",3,450979,81.89
"got hear speak",3,450982,81.9
"got heart soul",3,450985,81.9
"got high today",3,450988,81.9
"got home awesome",3,450991,81.9
"got home bout",3,450994,81.9
"got home did",3,450997,81.9
"got home dinner",3,451000,81.9
"got home done",3,451003,81.9
"got home family",3,451006,81.9
"got home fell",3,451009,81.9
"got home found",3,451012,81.9
"got home gonna",3,451015,81.9
"got home hour",3,451018,81.9
"got home knocked",3,451021,81.9
"got home minutes",3,451024,81.9
"got home ok",3,451027,81.9
"got home say",3,451030,81.9
"got home took",3,451033,81.9
"got hope good",3,451036,81.91
"got hope great",3,451039,81.91
"got hour half",3,451042,81.91
"got hours get",3,451045,81.91
"got hours go",3,451048,81.91
"got hours left",3,451051,81.91
"got ice blood",3,451054,81.91
"got idea make",3,451057,81.91
"got introduced game",3,451060,81.91
"got ipad apps",3,451063,81.91
"got ipad christmas",3,451066,81.91
"got keep success",3,451069,81.91
"got kids school",3,451072,81.91
"got knocked head",3,451075,81.91
"got license think",3,451078,81.91
"got life live",3,451081,81.91
"got locked house",3,451084,81.91
"got locked today",3,451087,81.91
"got looking like",3,451090,81.91
"got lot love",3,451093,81.92
"got lot thinking",3,451096,81.92
"got lot today",3,451099,81.92
"got lots done",3,451102,81.92
"got lots fun",3,451105,81.92
"got love baby",3,451108,81.92
"got love em",3,451111,81.92
"got man crush",3,451114,81.92
"got message love",3,451117,81.92
"got million temple",3,451120,81.92
"got mind made",3,451123,81.92
"got minutes ago",3,451126,81.92
"got mom dad",3,451129,81.92
"got mothers day",3,451132,81.92
"got need say",3,451135,81.92
"got oil changed",3,451138,81.92
"got old friends",3,451141,81.92
"got order wrong",3,451144,81.92
"got people really",3,451147,81.93
"got people saying",3,451150,81.93
"got perfect gift",3,451153,81.93
"got picked season",3,451156,81.93
"got place go",3,451159,81.93
"got plans weekend",3,451162,81.93
"got plastic surgery",3,451165,81.93
"got play today",3,451168,81.93
"got plenty heat",3,451171,81.93
"got point just",3,451174,81.93
"got pregnant just",3,451177,81.93
"got pulled police",3,451180,81.93
"got pulled speeding",3,451183,81.93
"got pulled twice",3,451186,81.93
"got pulled way",3,451189,81.93
"got put hold",3,451192,81.93
"got rare item",3,451195,81.93
"got rest ready",3,451198,81.93
"got rid twitter",3,451201,81.94
"got ride home",3,451204,81.94
"got right good",3,451207,81.94
"got right got",3,451210,81.94
"got right pretty",3,451213,81.94
"got right right",3,451216,81.94
"got right stuff",3,451219,81.94
"got room check",3,451222,81.94
"got samsung galaxy",3,451225,81.94
"got scared second",3,451228,81.94
"got second william",3,451231,81.94
"got sending love",3,451234,81.94
"got set just",3,451237,81.94
"got severe case",3,451240,81.94
"got shower feeling",3,451243,81.94
"got signed copy",3,451246,81.94
"got sleep today",3,451249,81.94
"got softball game",3,451252,81.94
"got song called",3,451255,81.94
"got spam message",3,451258,81.95
"got special plans",3,451261,81.95
"got special treat",3,451264,81.95
"got spirit yes",3,451267,81.95
"got st place",3,451270,81.95
"got stop playing",3,451273,81.95
"got student loans",3,451276,81.95
"got stuff today",3,451279,81.95
"got sum new",3,451282,81.95
"got sunshine cloudy",3,451285,81.95
"got super bass",3,451288,81.95
"got super early",3,451291,81.95
"got take charge",3,451294,81.95
"got taken school",3,451297,81.95
"got talk today",3,451300,81.95
"got tattoo today",3,451303,81.95
"got tax return",3,451306,81.95
"got test today",3,451309,81.95
"got th like",3,451312,81.96
"got th place",3,451315,81.96
"got th row",3,451318,81.96
"got th th",3,451321,81.96
"got things like",3,451324,81.96
"got things work",3,451327,81.96
"got time dat",3,451330,81.96
"got time go",3,451333,81.96
"got time listen",3,451336,81.96
"got time love",3,451339,81.96
"got tired having",3,451342,81.96
"got tl ur",3,451345,81.96
"got tomorrow night",3,451348,81.96
"got ton great",3,451351,81.96
"got ton work",3,451354,81.96
"got treat like",3,451357,81.96
"got tuesday night",3,451360,81.96
"got twitter app",3,451363,81.96
"got twitter followed",3,451366,81.97
"got twitter oh",3,451369,81.97
"got twitter phone",3,451372,81.97
"got twitter spam",3,451375,81.97
"got twitter work",3,451378,81.97
"got ur phone",3,451381,81.97
"got ur way",3,451384,81.97
"got use use",3,451387,81.97
"got used used",3,451390,81.97
"got valentine day",3,451393,81.97
"got vote thanks",3,451396,81.97
"got want put",3,451399,81.97
"got weight shoulders",3,451402,81.97
"got work good",3,451405,81.97
"got work hard",3,451408,81.97
"got work last",3,451411,81.97
"got work later",3,451414,81.97
"got work need",3,451417,81.97
"got work nice",3,451420,81.97
"got work super",3,451423,81.98
"got work work",3,451426,81.98
"got wrong bus",3,451429,81.98
"gotta ask does",3,451432,81.98
"gotta crawl walk",3,451435,81.98
"gotta go beat",3,451438,81.98
"gotta go downstairs",3,451441,81.98
"gotta go hard",3,451444,81.98
"gotta go look",3,451447,81.98
"gotta go nice",3,451450,81.98
"gotta go night",3,451453,81.98
"gotta go sorry",3,451456,81.98
"gotta go tonight",3,451459,81.98
"gotta go twitter",3,451462,81.98
"gotta go ugh",3,451465,81.98
"gotta go visit",3,451468,81.98
"gotta good thing",3,451471,81.98
"gotta gotta unity",3,451474,81.98
"gotta hottest new",3,451477,81.99
"gotta learn pick",3,451480,81.99
"gotta let em",3,451483,81.99
"gotta let fly",3,451486,81.99
"gotta own want",3,451489,81.99
"gotta pocket full",3,451492,81.99
"gotta put em",3,451495,81.99
"gotta risk get",3,451498,81.99
"gotta run get",3,451501,81.99
"gotta say amazing",3,451504,81.99
"gotta say best",3,451507,81.99
"gotta say did",3,451510,81.99
"gotta say don",3,451513,81.99
"gotta say got",3,451516,81.99
"gotta say really",3,451519,81.99
"gotta stay game",3,451522,81.99
"gotta stay strong",3,451525,81.99
"gotta tell love",3,451528,81.99
"gotta tell stuff",3,451531,82
"gotta unity peace",3,451534,82
"gotta wait months",3,451537,82
"gotta wait tomorrow",3,451540,82
"gotta wake hours",3,451543,82
"government freedom religion",3,451546,82
"government non profit",3,451549,82
"government take care",3,451552,82
"governor new jersey",3,451555,82
"gps vehicle tracking",3,451558,82
"gr restaurant spy",3,451561,82
"grab bull horns",3,451564,82
"grab coffee tea",3,451567,82
"grab drink catch",3,451570,82
"grab world life",3,451573,82
"grabs face says",3,451576,82
"grabs phone thought",3,451579,82
"grace gives control",3,451582,82
"grade school teacher",3,451585,82
"grade subject teach",3,451588,82.01
"grades week ago",3,451591,82.01
"graduate law school",3,451594,82.01
"graduation ceremony pm",3,451597,82.01
"graduation day today",3,451600,82.01
"grammar important difference",3,451603,82.01
"grand music memphis",3,451606,82.01
"grand old time",3,451609,82.01
"grand opening coming",3,451612,82.01
"grand opening newest",3,451615,82.01
"grand opening pm",3,451618,82.01
"grand opening thanks",3,451621,82.01
"grand prairie tx",3,451624,82.01
"grand prize winners",3,451627,82.01
"grand tonight downtown",3,451630,82.01
"grandma used say",3,451633,82.01
"grandmother great grandmother",3,451636,82.01
"grandpa passed away",3,451639,82.01
"grandpa used say",3,451642,82.02
"granny pie anonymous",3,451645,82.02
"grant guys comedy",3,451648,82.02
"granted attempt trying",3,451651,82.02
"grape groove wine",3,451654,82.02
"graphic novel like",3,451657,82.02
"gratitude blossom springs",3,451660,82.02
"gratitude born hearts",3,451663,82.02
"gratitude brings opportunities",3,451666,82.02
"gray town hall",3,451669,82.02
"great acceptance speech",3,451672,82.02
"great achieve greatness",3,451675,82.02
"great active tweeters",3,451678,82.02
"great actor love",3,451681,82.02
"great ages cover",3,451684,82.02
"great art beginning",3,451687,82.02
"great article love",3,451690,82.02
"great artist sees",3,451693,82.02
"great atmosphere great",3,451696,82.02
"great attract audience",3,451699,82.03
"great band really",3,451702,82.03
"great beach day",3,451705,82.03
"great bear filled",3,451708,82.03
"great beard history",3,451711,82.03
"great beer selection",3,451714,82.03
"great beer wine",3,451717,82.03
"great big sis",3,451720,82.03
"great big smile",3,451723,82.03
"great big thank",3,451726,82.03
"great bike ride",3,451729,82.03
"great blog posts",3,451732,82.03
"great broadcast booth",3,451735,82.03
"great business ideas",3,451738,82.03
"great business opportunity",3,451741,82.03
"great cardio workout",3,451744,82.03
"great career ahead",3,451747,82.03
"great chatting today",3,451750,82.03
"great chatting week",3,451753,82.04
"great check www",3,451756,82.04
"great children book",3,451759,82.04
"great choice good",3,451762,82.04
"great christmas family",3,451765,82.04
"great christmas gift",3,451768,82.04
"great christmas gifts",3,451771,82.04
"great city great",3,451774,82.04
"great colleague friend",3,451777,82.04
"great coming soon",3,451780,82.04
"great community great",3,451783,82.04
"great content love",3,451786,82.04
"great cycling people",3,451789,82.04
"great day big",3,451792,82.04
"great day chicago",3,451795,82.04
"great day goodnight",3,451798,82.04
"great day hill",3,451801,82.04
"great day hit",3,451804,82.04
"great day ice",3,451807,82.05
"great day job",3,451810,82.05
"great day long",3,451813,82.05
"great day man",3,451816,82.05
"great day merry",3,451819,82.05
"great day music",3,451822,82.05
"great day order",3,451825,82.05
"great day overall",3,451828,82.05
"great day peace",3,451831,82.05
"great day photo",3,451834,82.05
"great day racing",3,451837,82.05
"great day road",3,451840,82.05
"great day running",3,451843,82.05
"great day san",3,451846,82.05
"great day sleep",3,451849,82.05
"great day spent",3,451852,82.05
"great day st",3,451855,82.05
"great day taking",3,451858,82.05
"great day texas",3,451861,82.05
"great day think",3,451864,82.06
"great day tonight",3,451867,82.06
"great day tweets",3,451870,82.06
"great day twitter",3,451873,82.06
"great day visiting",3,451876,82.06
"great day watch",3,451879,82.06
"great day west",3,451882,82.06
"great day writing",3,451885,82.06
"great days school",3,451888,82.06
"great derby weekend",3,451891,82.06
"great determined charles",3,451894,82.06
"great did hear",3,451897,82.06
"great discounts replacement",3,451900,82.06
"great don forget",3,451903,82.06
"great don miss",3,451906,82.06
"great don need",3,451909,82.06
"great easter service",3,451912,82.06
"great eating healthy",3,451915,82.06
"great event guys",3,451918,82.07
"great event honoring",3,451921,82.07
"great event really",3,451924,82.07
"great event weekend",3,451927,82.07
"great events coming",3,451930,82.07
"great example use",3,451933,82.07
"great excited new",3,451936,82.07
"great fantasy football",3,451939,82.07
"great feedback let",3,451942,82.07
"great feedback new",3,451945,82.07
"great finally connect",3,451948,82.07
"great follow friday",3,451951,82.07
"great follow looking",3,451954,82.07
"great food drive",3,451957,82.07
"great food enjoy",3,451960,82.07
"great food friends",3,451963,82.07
"great football today",3,451966,82.07
"great game awesome",3,451969,82.07
"great game don",3,451972,82.08
"great game fantastic",3,451975,82.08
"great game game",3,451978,82.08
"great game morning",3,451981,82.08
"great game played",3,451984,82.08
"great game series",3,451987,82.08
"great game tough",3,451990,82.08
"great game win",3,451993,82.08
"great gig great",3,451996,82.08
"great give away",3,451999,82.08
"great glad able",3,452002,82.08
"great glad get",3,452005,82.08
"great glad help",3,452008,82.08
"great glorious masterpiece",3,452011,82.08
"great going strong",3,452014,82.08
"great gonna watch",3,452017,82.08
"great guys follow",3,452020,82.08
"great guys great",3,452023,82.08
"great guys working",3,452026,82.08
"great hang yesterday",3,452029,82.09
"great hanging last",3,452032,82.09
"great happy mothers",3,452035,82.09
"great having lunch",3,452038,82.09
"great hear amazing",3,452041,82.09
"great hear best",3,452044,82.09
"great hear share",3,452047,82.09
"great hear speak",3,452050,82.09
"great hear working",3,452053,82.09
"great idea added",3,452056,82.09
"great idea bring",3,452059,82.09
"great idea give",3,452062,82.09
"great idea great",3,452065,82.09
"great idea idea",3,452068,82.09
"great idea kids",3,452071,82.09
"great idea like",3,452074,82.09
"great idea lot",3,452077,82.09
"great idea right",3,452080,82.09
"great idea share",3,452083,82.1
"great idea work",3,452086,82.1
"great information great",3,452089,82.1
"great insights today",3,452092,82.1
"great inspiration especially",3,452095,82.1
"great lakes beer",3,452098,82.1
"great lakes come",3,452101,82.1
"great leader courage",3,452104,82.1
"great leader leave",3,452107,82.1
"great leaders like",3,452110,82.1
"great life great",3,452113,82.1
"great local artists",3,452116,82.1
"great local bands",3,452119,82.1
"great local businesses",3,452122,82.1
"great local state",3,452125,82.1
"great lots fun",3,452128,82.1
"great lots things",3,452131,82.1
"great meal last",3,452134,82.1
"great meet big",3,452137,82.11
"great meet definitely",3,452140,82.11
"great meet ed",3,452143,82.11
"great meet fun",3,452146,82.11
"great meet nicole",3,452149,82.11
"great meet people",3,452152,82.11
"great meet soon",3,452155,82.11
"great meet week",3,452158,82.11
"great meeting awesome",3,452161,82.11
"great meeting event",3,452164,82.11
"great meeting glad",3,452167,82.11
"great meeting keep",3,452170,82.11
"great meeting lets",3,452173,82.11
"great meeting night",3,452176,82.11
"great meeting party",3,452179,82.11
"great meeting sorry",3,452182,82.11
"great meeting stay",3,452185,82.11
"great message just",3,452188,82.11
"great message today",3,452191,82.11
"great mood morning",3,452194,82.12
"great movie seen",3,452197,82.12
"great music coffee",3,452200,82.12
"great music people",3,452203,82.12
"great music today",3,452206,82.12
"great need get",3,452209,82.12
"great new artists",3,452212,82.12
"great new england",3,452215,82.12
"great new ideas",3,452218,82.12
"great new project",3,452221,82.12
"great new tools",3,452224,82.12
"great new work",3,452227,82.12
"great news coming",3,452230,82.12
"great news friday",3,452233,82.12
"great news guys",3,452236,82.12
"great news last",3,452239,82.12
"great news love",3,452242,82.12
"great news need",3,452245,82.12
"great news new",3,452248,82.13
"great news really",3,452251,82.13
"great nice meet",3,452254,82.13
"great night family",3,452257,82.13
"great night far",3,452260,82.13
"great night going",3,452263,82.13
"great night goodnight",3,452266,82.13
"great night looking",3,452269,82.13
"great night lots",3,452272,82.13
"great night sports",3,452275,82.13
"great night stop",3,452278,82.13
"great night tomorrow",3,452281,82.13
"great night weekend",3,452284,82.13
"great opening keynote",3,452287,82.13
"great opening last",3,452290,82.13
"great opening weekend",3,452293,82.13
"great opportunities problems",3,452296,82.13
"great panel thank",3,452299,82.13
"great party get",3,452302,82.14
"great people art",3,452305,82.14
"great people beautiful",3,452308,82.14
"great people music",3,452311,82.14
"great people thanks",3,452314,82.14
"great people wait",3,452317,82.14
"great pictures thanks",3,452320,82.14
"great place buy",3,452323,82.14
"great place eat",3,452326,82.14
"great place great",3,452329,82.14
"great place let",3,452332,82.14
"great place meet",3,452335,82.14
"great place pick",3,452338,82.14
"great place study",3,452341,82.14
"great players like",3,452344,82.14
"great prices care",3,452347,82.14
"great prices holders",3,452350,82.14
"great prices kids",3,452353,82.14
"great program check",3,452356,82.14
"great program good",3,452359,82.15
"great pumpkin charlie",3,452362,82.15
"great questions thanks",3,452365,82.15
"great raffle prizes",3,452368,82.15
"great reading tonight",3,452371,82.15
"great really great",3,452374,82.15
"great response far",3,452377,82.15
"great resume building",3,452380,82.15
"great role models",3,452383,82.15
"great running today",3,452386,82.15
"great savings new",3,452389,82.15
"great school work",3,452392,82.15
"great seeing day",3,452395,82.15
"great seeing fun",3,452398,82.15
"great seeing look",3,452401,82.15
"great seeing old",3,452404,82.15
"great seeing past",3,452407,82.15
"great seeing rob",3,452410,82.15
"great sells dear",3,452413,82.16
"great series far",3,452416,82.16
"great shows week",3,452419,82.16
"great site visit",3,452422,82.16
"great speaker great",3,452425,82.16
"great speakers today",3,452428,82.16
"great spin class",3,452431,82.16
"great st half",3,452434,82.16
"great start awesome",3,452437,82.16
"great start big",3,452440,82.16
"great start evening",3,452443,82.16
"great start going",3,452446,82.16
"great start keep",3,452449,82.16
"great start tonight",3,452452,82.16
"great state new",3,452455,82.16
"great stay classy",3,452458,82.16
"great stay touch",3,452461,82.16
"great stuff just",3,452464,82.16
"great stuff planned",3,452467,82.16
"great support community",3,452470,82.17
"great support system",3,452473,82.17
"great supporting cast",3,452476,82.17
"great talent great",3,452479,82.17
"great talking guys",3,452482,82.17
"great taste like",3,452485,82.17
"great thanks advice",3,452488,82.17
"great thanks came",3,452491,82.17
"great thanks checking",3,452494,82.17
"great thanks glad",3,452497,82.17
"great thanks having",3,452500,82.17
"great thanks help",3,452503,82.17
"great thanks new",3,452506,82.17
"great thanks shout",3,452509,82.17
"great things accomplished",3,452512,82.17
"great things city",3,452515,82.17
"great things future",3,452518,82.17
"great things go",3,452521,82.17
"great things good",3,452524,82.18
"great things life",3,452527,82.18
"great things look",3,452530,82.18
"great things think",3,452533,82.18
"great things week",3,452536,82.18
"great tool help",3,452539,82.18
"great use code",3,452542,82.18
"great use social",3,452545,82.18
"great value pick",3,452548,82.18
"great visit morning",3,452551,82.18
"great visit today",3,452554,82.18
"great visit yesterday",3,452557,82.18
"great voice great",3,452560,82.18
"great want go",3,452563,82.18
"great way eat",3,452566,82.18
"great way organize",3,452569,82.18
"great way people",3,452572,82.18
"great way ring",3,452575,82.18
"great way share",3,452578,82.19
"great way teach",3,452581,82.19
"great way use",3,452584,82.19
"great way world",3,452587,82.19
"great webinar yesterday",3,452590,82.19
"great week go",3,452593,82.19
"great week good",3,452596,82.19
"great week know",3,452599,82.19
"great week lots",3,452602,82.19
"great week school",3,452605,82.19
"great week training",3,452608,82.19
"great weight loss",3,452611,82.19
"great white buffalo",3,452614,82.19
"great work art",3,452617,82.19
"great work awesome",3,452620,82.19
"great work definitely",3,452623,82.19
"great work don",3,452626,82.19
"great work good",3,452629,82.19
"great work make",3,452632,82.19
"great work moment",3,452635,82.2
"great work new",3,452638,82.2
"great work real",3,452641,82.2
"great work weekend",3,452644,82.2
"great work yesterday",3,452647,82.2
"great working last",3,452650,82.2
"great yesterday thanks",3,452653,82.2
"greater art ending",3,452656,82.2
"greater milwaukee auto",3,452659,82.2
"greater part happiness",3,452662,82.2
"greater power harm",3,452665,82.2
"greater recommendation letter",3,452668,82.2
"greater sum parts",3,452671,82.2
"greatest artists country",3,452674,82.2
"greatest danger aim",3,452677,82.2
"greatest hip hop",3,452680,82.2
"greatest hit wonders",3,452683,82.2
"greatest nights life",3,452686,82.2
"greatest resource time",3,452689,82.21
"greatest said knew",3,452692,82.21
"greatest story told",3,452695,82.21
"greatest trick pulled",3,452698,82.21
"greatest words sports",3,452701,82.21
"greatness les brown",3,452704,82.21
"greatness start use",3,452707,82.21
"greek word means",3,452710,82.21
"greek yogurt honey",3,452713,82.21
"green bay lost",3,452716,82.21
"green bay marathon",3,452719,82.21
"green bay new",3,452722,82.21
"green bay tomorrow",3,452725,82.21
"green beans bread",3,452728,82.21
"green beer today",3,452731,82.21
"green bread lasts",3,452734,82.21
"green carpet cleaning",3,452737,82.21
"green chile bacon",3,452740,82.21
"green chile rub",3,452743,82.22
"green city market",3,452746,82.22
"green day good",3,452749,82.22
"green detroit festival",3,452752,82.22
"green leave home",3,452755,82.22
"green line train",3,452758,82.22
"green meat bad",3,452761,82.22
"green pancakes green",3,452764,82.22
"green patrick peterson",3,452767,82.22
"green renaissance com",3,452770,82.22
"green talk interview",3,452773,82.22
"green vegetables smelled",3,452776,82.22
"greens mac cheese",3,452779,82.22
"greetings follow check",3,452782,82.22
"greg playing acoustic",3,452785,82.22
"grew last year",3,452788,82.22
"grey goose cocktails",3,452791,82.22
"grid implementation summit",3,452794,82.22
"griffin dancing stars",3,452797,82.22
"grill rd central",3,452800,82.23
"grilled chicken red",3,452803,82.23
"grilled chicken rice",3,452806,82.23
"grilled ham swiss",3,452809,82.23
"grilled veggie sandwich",3,452812,82.23
"grizzlies let go",3,452815,82.23
"grocery store like",3,452818,82.23
"ground control major",3,452821,82.23
"ground sir calm",3,452824,82.23
"group com check",3,452827,82.23
"group high school",3,452830,82.23
"group last year",3,452833,82.23
"group let know",3,452836,82.23
"group mat class",3,452839,82.23
"group mat life",3,452842,82.23
"group meets friday",3,452845,82.23
"group pulse coming",3,452848,82.23
"group spinning cleveland",3,452851,82.23
"group th graders",3,452854,82.24
"group tonight pm",3,452857,82.24
"groups times square",3,452860,82.24
"grove area use",3,452863,82.24
"grow gonna slow",3,452866,82.24
"grow high school",3,452869,82.24
"grow old quit",3,452872,82.24
"grow older find",3,452875,82.24
"grow ralph emerson",3,452878,82.24
"grow trouble avoid",3,452881,82.24
"grow want like",3,452884,82.24
"growth limits human",3,452887,82.24
"growth means stretching",3,452890,82.24
"growth progress words",3,452893,82.24
"guarantee www com",3,452896,82.24
"guaranteed good time",3,452899,82.24
"guaranteed men hold",3,452902,82.24
"guard james harden",3,452905,82.24
"guess better go",3,452908,82.25
"guess gonna say",3,452911,82.25
"guess honest use",3,452914,82.25
"guess just buy",3,452917,82.25
"guess just gotta",3,452920,82.25
"guess just like",3,452923,82.25
"guess just lucky",3,452926,82.25
"guess just need",3,452929,82.25
"guess just saw",3,452932,82.25
"guess just start",3,452935,82.25
"guess just thought",3,452938,82.25
"guess just way",3,452941,82.25
"guess really don",3,452944,82.25
"guess say little",3,452947,82.25
"guess wait till",3,452950,82.25
"guess want play",3,452953,82.25
"guess won watching",3,452956,82.25
"guessing probably shut",3,452959,82.25
"guest fun starts",3,452962,82.25
"guests yr anniversary",3,452965,82.26
"guide app offer",3,452968,82.26
"guide willing move",3,452971,82.26
"guilty guilty guilty",3,452974,82.26
"guilty pleasure song",3,452977,82.26
"guitar pm pm",3,452980,82.26
"gum school caught",3,452983,82.26
"gum school like",3,452986,82.26
"guns fast furious",3,452989,82.26
"guy acting like",3,452992,82.26
"guy addicted fluid",3,452995,82.26
"guy birthday love",3,452998,82.26
"guy cries girl",3,453001,82.26
"guy day royal",3,453004,82.26
"guy did get",3,453007,82.26
"guy eva pays",3,453010,82.26
"guy friend just",3,453013,82.26
"guy friends girl",3,453016,82.26
"guy good friend",3,453019,82.27
"guy good luck",3,453022,82.27
"guy leave alone",3,453025,82.27
"guy love thousand",3,453028,82.27
"guy made day",3,453031,82.27
"guy makes happy",3,453034,82.27
"guy pack like",3,453037,82.27
"guy point view",3,453040,82.27
"guy seemed like",3,453043,82.27
"guy think funny",3,453046,82.27
"guy treats like",3,453049,82.27
"guy video game",3,453052,82.27
"guy wearing hair",3,453055,82.27
"guy wearing shape",3,453058,82.27
"guy wide world",3,453061,82.27
"guy work said",3,453064,82.27
"guy year old",3,453067,82.27
"guys brown eyes",3,453070,82.27
"guys check latest",3,453073,82.28
"guys check music",3,453076,82.28
"guys comedy drama",3,453079,82.28
"guys drinks till",3,453082,82.28
"guys fall love",3,453085,82.28
"guys fun guys",3,453088,82.28
"guys getting ready",3,453091,82.28
"guys give shout",3,453094,82.28
"guys haven heard",3,453097,82.28
"guys haven seen",3,453100,82.28
"guys hear new",3,453103,82.28
"guys hope guys",3,453106,82.28
"guys hope having",3,453109,82.28
"guys hope soon",3,453112,82.28
"guys just gonna",3,453115,82.28
"guys just know",3,453118,82.28
"guys just let",3,453121,82.28
"guys just playing",3,453124,82.28
"guys just really",3,453127,82.28
"guys just thought",3,453130,82.29
"guys keep following",3,453133,82.29
"guys keep going",3,453136,82.29
"guys making feel",3,453139,82.29
"guys making fun",3,453142,82.29
"guys new song",3,453145,82.29
"guys nice bodies",3,453148,82.29
"guys ready new",3,453151,82.29
"guys say hi",3,453154,82.29
"guys showing love",3,453157,82.29
"guys skinny jeans",3,453160,82.29
"guys smell good",3,453163,82.29
"guys soon make",3,453166,82.29
"guys sorry tweeting",3,453169,82.29
"guys talk people",3,453172,82.29
"guys talk talk",3,453175,82.29
"guys tweet just",3,453178,82.29
"guys wait summer",3,453181,82.29
"guys wanna get",3,453184,82.3
"guys www com",3,453187,82.3
"gym go get",3,453190,82.3
"gym happy hour",3,453193,82.3
"gym tonight pm",3,453196,82.3
"ha awesome love",3,453199,82.3
"ha bet did",3,453202,82.3
"ha did get",3,453205,82.3
"ha don feel",3,453208,82.3
"ha don think",3,453211,82.3
"ha funny true",3,453214,82.3
"ha great minds",3,453217,82.3
"ha know doing",3,453220,82.3
"ha makes sense",3,453223,82.3
"ha need get",3,453226,82.3
"ha right just",3,453229,82.3
"habit habit character",3,453232,82.3
"habit holding long",3,453235,82.3
"habit letting go",3,453238,82.31
"habitat humanity st",3,453241,82.31
"habits highly effective",3,453244,82.31
"hacked go follow",3,453247,82.31
"hacked password changed",3,453250,82.31
"hacked time change",3,453253,82.31
"hail strong winds",3,453256,82.31
"hair care tip",3,453259,82.31
"hair club men",3,453262,82.31
"hair don know",3,453265,82.31
"hair gets stuck",3,453268,82.31
"hair just saying",3,453271,82.31
"hair long mean",3,453274,82.31
"hair makeup weekend",3,453277,82.31
"hair messy makeup",3,453280,82.31
"hair super short",3,453283,82.31
"hair ur hair",3,453286,82.31
"haiti cultural center",3,453289,82.31
"haiti earthquake relief",3,453292,82.31
"half asleep called",3,453295,82.32
"half asleep like",3,453298,82.32
"half asleep reading",3,453301,82.32
"half beat drummer",3,453304,82.32
"half body weight",3,453307,82.32
"half court offense",3,453310,82.32
"half dinner mon",3,453313,82.32
"half full look",3,453316,82.32
"half half coffee",3,453319,82.32
"half half just",3,453322,82.32
"half hour drive",3,453325,82.32
"half hour figure",3,453328,82.32
"half hour work",3,453331,82.32
"half hours later",3,453334,82.32
"half lets go",3,453337,82.32
"half look like",3,453340,82.32
"half nd half",3,453343,82.32
"half pay debt",3,453346,82.32
"half priced select",3,453349,82.33
"half priced tacos",3,453352,82.33
"half wine bottle",3,453355,82.33
"half wisdom francis",3,453358,82.33
"hall basketball shown",3,453361,82.33
"hall library traffic",3,453364,82.33
"hall resource centers",3,453367,82.33
"halloween party dj",3,453370,82.33
"halloween party tomorrow",3,453373,82.33
"halloween pumpkin porch",3,453376,82.33
"ham cheese hot",3,453379,82.33
"ham eggs day",3,453382,82.33
"ham swiss rye",3,453385,82.33
"ham turkey club",3,453388,82.33
"hamilton hit home",3,453391,82.33
"hamilton home run",3,453394,82.33
"hammer henry david",3,453397,82.33
"hammer won let",3,453400,82.33
"hand darkness pull",3,453403,82.33
"hand don shake",3,453406,82.34
"hand don want",3,453409,82.34
"hand gives roses",3,453412,82.34
"hand looks like",3,453415,82.34
"handed left handed",3,453418,82.34
"handle came instructions",3,453421,82.34
"handle don know",3,453424,82.34
"handle go baby",3,453427,82.34
"handle insult best",3,453430,82.34
"handle money customer",3,453433,82.34
"hands air saying",3,453436,82.34
"hands playing song",3,453439,82.34
"hands praise amen",3,453442,82.34
"hands steering wheel",3,453445,82.34
"handy list let",3,453448,82.34
"hang door baby",3,453451,82.34
"hang gets better",3,453454,82.34
"hanging having fun",3,453457,82.34
"hanging wrong crowd",3,453460,82.35
"happen bottle wine",3,453463,82.35
"happen child did",3,453466,82.35
"happen don know",3,453469,82.35
"happen good thing",3,453472,82.35
"happen happy friday",3,453475,82.35
"happen just like",3,453478,82.35
"happen know anyone",3,453481,82.35
"happen nicer guy",3,453484,82.35
"happen realize worth",3,453487,82.35
"happen time soon",3,453490,82.35
"happened hour ago",3,453493,82.35
"happened like hear",3,453496,82.35
"happened long ago",3,453499,82.35
"happened weeks ago",3,453502,82.35
"happening let know",3,453505,82.35
"happening somebody rogers",3,453508,82.35
"happening today pm",3,453511,82.35
"happening today world",3,453514,82.36
"happening tonight pm",3,453517,82.36
"happens car comes",3,453520,82.36
"happens kick teeth",3,453523,82.36
"happens life goes",3,453526,82.36
"happens life time",3,453529,82.36
"happens look good",3,453532,82.36
"happiest girl planet",3,453535,82.36
"happiness accident wish",3,453538,82.36
"happiness brings beauty",3,453541,82.36
"happiness chance choice",3,453544,82.36
"happiness common things",3,453547,82.36
"happiness doing likes",3,453550,82.36
"happiness door know",3,453553,82.36
"happiness help sign",3,453556,82.36
"happiness hope recover",3,453559,82.36
"happiness inside job",3,453562,82.36
"happiness intelligent people",3,453565,82.36
"happiness lives lewis",3,453568,82.36
"happiness means part",3,453571,82.37
"happiness misery depends",3,453574,82.37
"happy baby mama",3,453577,82.37
"happy big fan",3,453580,82.37
"happy birthday advance",3,453583,82.37
"happy birthday alice",3,453586,82.37
"happy birthday arizona",3,453589,82.37
"happy birthday betty",3,453592,82.37
"happy birthday boss",3,453595,82.37
"happy birthday bring",3,453598,82.37
"happy birthday bruce",3,453601,82.37
"happy birthday captain",3,453604,82.37
"happy birthday chuck",3,453607,82.37
"happy birthday class",3,453610,82.37
"happy birthday cutest",3,453613,82.37
"happy birthday dat",3,453616,82.37
"happy birthday eric",3,453619,82.37
"happy birthday eve",3,453622,82.37
"happy birthday everybody",3,453625,82.38
"happy birthday father",3,453628,82.38
"happy birthday free",3,453631,82.38
"happy birthday goes",3,453634,82.38
"happy birthday grandpa",3,453637,82.38
"happy birthday hannah",3,453640,82.38
"happy birthday harper",3,453643,82.38
"happy birthday having",3,453646,82.38
"happy birthday heart",3,453649,82.38
"happy birthday hey",3,453652,82.38
"happy birthday hours",3,453655,82.38
"happy birthday hugs",3,453658,82.38
"happy birthday id",3,453661,82.38
"happy birthday jacob",3,453664,82.38
"happy birthday jay",3,453667,82.38
"happy birthday jessica",3,453670,82.38
"happy birthday julie",3,453673,82.38
"happy birthday kate",3,453676,82.38
"happy birthday leap",3,453679,82.39
"happy birthday lucy",3,453682,82.39
"happy birthday means",3,453685,82.39
"happy birthday megan",3,453688,82.39
"happy birthday melissa",3,453691,82.39
"happy birthday messages",3,453694,82.39
"happy birthday money",3,453697,82.39
"happy birthday must",3,453700,82.39
"happy birthday nate",3,453703,82.39
"happy birthday nathan",3,453706,82.39
"happy birthday nelson",3,453709,82.39
"happy birthday peace",3,453712,82.39
"happy birthday precious",3,453715,82.39
"happy birthday queen",3,453718,82.39
"happy birthday rich",3,453721,82.39
"happy birthday robin",3,453724,82.39
"happy birthday ryan",3,453727,82.39
"happy birthday sam",3,453730,82.39
"happy birthday save",3,453733,82.39
"happy birthday sean",3,453736,82.4
"happy birthday send",3,453739,82.4
"happy birthday sending",3,453742,82.4
"happy birthday sing",3,453745,82.4
"happy birthday soon",3,453748,82.4
"happy birthday swag",3,453751,82.4
"happy birthday sweetest",3,453754,82.4
"happy birthday text",3,453757,82.4
"happy birthday uncle",3,453760,82.4
"happy birthday wayne",3,453763,82.4
"happy birthday wonder",3,453766,82.4
"happy birthday woody",3,453769,82.4
"happy chance changing",3,453772,82.4
"happy choose happy",3,453775,82.4
"happy christopher liked",3,453778,82.4
"happy connect follow",3,453781,82.4
"happy cross promote",3,453784,82.4
"happy did get",3,453787,82.4
"happy did know",3,453790,82.41
"happy doing anything",3,453793,82.41
"happy don get",3,453796,82.41
"happy don want",3,453799,82.41
"happy don worry",3,453802,82.41
"happy eat wings",3,453805,82.41
"happy finally home",3,453808,82.41
"happy finally made",3,453811,82.41
"happy finally meet",3,453814,82.41
"happy find hard",3,453817,82.41
"happy find twitter",3,453820,82.41
"happy follow thanks",3,453823,82.41
"happy girl earth",3,453826,82.41
"happy girl right",3,453829,82.41
"happy go home",3,453832,82.41
"happy go lucky",3,453835,82.41
"happy golden birthday",3,453838,82.41
"happy halloween get",3,453841,82.41
"happy halloween halloween",3,453844,82.42
"happy halloween trick",3,453847,82.42
"happy healthy safe",3,453850,82.42
"happy healthy successful",3,453853,82.42
"happy hearts day",3,453856,82.42
"happy holidays don",3,453859,82.42
"happy holidays love",3,453862,82.42
"happy holidays people",3,453865,82.42
"happy holidays urban",3,453868,82.42
"happy hope amazing",3,453871,82.42
"happy hope new",3,453874,82.42
"happy hope soon",3,453877,82.42
"happy hope year",3,453880,82.42
"happy hr bar",3,453883,82.42
"happy hr pm",3,453886,82.42
"happy know right",3,453889,82.42
"happy last days",3,453892,82.42
"happy last year",3,453895,82.42
"happy make difference",3,453898,82.42
"happy meet new",3,453901,82.43
"happy monday get",3,453904,82.43
"happy monday going",3,453907,82.43
"happy monday good",3,453910,82.43
"happy monday got",3,453913,82.43
"happy monday open",3,453916,82.43
"happy monday rise",3,453919,82.43
"happy monday wishing",3,453922,82.43
"happy nd anniversary",3,453925,82.43
"happy opening night",3,453928,82.43
"happy person enjoy",3,453931,82.43
"happy power happiness",3,453934,82.43
"happy pro day",3,453937,82.43
"happy pub day",3,453940,82.43
"happy rd anniversary",3,453943,82.43
"happy role model",3,453946,82.43
"happy safe halloween",3,453949,82.43
"happy safe mayo",3,453952,82.43
"happy safe weekend",3,453955,82.44
"happy share info",3,453958,82.44
"happy share knowledge",3,453961,82.44
"happy share twitter",3,453964,82.44
"happy talk like",3,453967,82.44
"happy talk time",3,453970,82.44
"happy teachers day",3,453973,82.44
"happy th everybody",3,453976,82.44
"happy th safe",3,453979,82.44
"happy thanks great",3,453982,82.44
"happy thanks sharing",3,453985,82.44
"happy thanks support",3,453988,82.44
"happy thanksgiving eat",3,453991,82.44
"happy thanksgiving entire",3,453994,82.44
"happy thanksgiving families",3,453997,82.44
"happy thanksgiving fellow",3,454000,82.44
"happy thanksgiving follow",3,454003,82.44
"happy thanksgiving thank",3,454006,82.44
"happy thanksgiving turkey",3,454009,82.45
"happy thanksgiving twitter",3,454012,82.45
"happy travel tuesday",3,454015,82.45
"happy tuesday let",3,454018,82.45
"happy tuesday love",3,454021,82.45
"happy tuesday new",3,454024,82.45
"happy tuesday wait",3,454027,82.45
"happy year dragon",3,454030,82.45
"hard ankle hurt",3,454033,82.45
"hard don care",3,454036,82.45
"hard don know",3,454039,82.45
"hard earned cash",3,454042,82.45
"hard explain just",3,454045,82.45
"hard find thanks",3,454048,82.45
"hard find time",3,454051,82.45
"hard find words",3,454054,82.45
"hard get job",3,454057,82.45
"hard get new",3,454060,82.45
"hard get really",3,454063,82.45
"hard get swing",3,454066,82.46
"hard get things",3,454069,82.46
"hard get tickets",3,454072,82.46
"hard get tweets",3,454075,82.46
"hard get want",3,454078,82.46
"hard got far",3,454081,82.46
"hard hard hard",3,454084,82.46
"hard hit get",3,454087,82.46
"hard kind amazing",3,454090,82.46
"hard let get",3,454093,82.46
"hard let know",3,454096,82.46
"hard like eagle",3,454099,82.46
"hard look cool",3,454102,82.46
"hard looks like",3,454105,82.46
"hard positive person",3,454108,82.46
"hard sooner later",3,454111,82.46
"hard sounds like",3,454114,82.46
"hard stay away",3,454117,82.46
"hard tell apart",3,454120,82.47
"hard tell mind",3,454123,82.47
"hard think gonna",3,454126,82.47
"hard time buying",3,454129,82.47
"hard time calling",3,454132,82.47
"hard time filling",3,454135,82.47
"hard time picking",3,454138,82.47
"hard time today",3,454141,82.47
"hard times life",3,454144,82.47
"hard try rising",3,454147,82.47
"harden hand don",3,454150,82.47
"hardest things done",3,454153,82.47
"hardest things kids",3,454156,82.47
"hardly contain myself",3,454159,82.47
"hardly wait get",3,454162,82.47
"harmony song sing",3,454165,82.47
"harold miller elected",3,454168,82.47
"harper steal home",3,454171,82.47
"harry knows say",3,454174,82.47
"harry potter boy",3,454177,82.48
"harry potter did",3,454180,82.48
"harry potter friday",3,454183,82.48
"harry potter great",3,454186,82.48
"harry potter like",3,454189,82.48
"harry potter midnight",3,454192,82.48
"harry potter night",3,454195,82.48
"harry potter prisoner",3,454198,82.48
"harry potter right",3,454201,82.48
"harry potter stone",3,454204,82.48
"harry potter theme",3,454207,82.48
"harry potter tickets",3,454210,82.48
"harry potter time",3,454213,82.48
"harry potter universal",3,454216,82.48
"hashtag let know",3,454219,82.48
"hat trick tonight",3,454222,82.48
"hate acting like",3,454225,82.48
"hate angels stay",3,454228,82.48
"hate argument think",3,454231,82.49
"hate bad news",3,454234,82.49
"hate cause busy",3,454237,82.49
"hate cause pretty",3,454240,82.49
"hate class teacher",3,454243,82.49
"hate customer service",3,454246,82.49
"hate cute sweet",3,454249,82.49
"hate daylight savings",3,454252,82.49
"hate doing presentations",3,454255,82.49
"hate forgot hate",3,454258,82.49
"hate go school",3,454261,82.49
"hate go watch",3,454264,82.49
"hate going doctor",3,454267,82.49
"hate going doctors",3,454270,82.49
"hate going store",3,454273,82.49
"hate grocery shopping",3,454276,82.49
"hate guys say",3,454279,82.49
"hate hearing people",3,454282,82.49
"hate lack hate",3,454285,82.5
"hate make feel",3,454288,82.5
"hate making bed",3,454291,82.5
"hate mc hammer",3,454294,82.5
"hate mom tells",3,454297,82.5
"hate new england",3,454300,82.5
"hate nights sleep",3,454303,82.5
"hate noise alarm",3,454306,82.5
"hate people answer",3,454309,82.5
"hate people beg",3,454312,82.5
"hate people choose",3,454315,82.5
"hate people feel",3,454318,82.5
"hate people give",3,454321,82.5
"hate people house",3,454324,82.5
"hate people ignore",3,454327,82.5
"hate people keep",3,454330,82.5
"hate people mess",3,454333,82.5
"hate people sing",3,454336,82.5
"hate people twitter",3,454339,82.5
"hate racing people",3,454342,82.51
"hate rain makes",3,454345,82.51
"hate really like",3,454348,82.51
"hate rude people",3,454351,82.51
"hate separate myself",3,454354,82.51
"hate singing song",3,454357,82.51
"hate small talk",3,454360,82.51
"hate spell check",3,454363,82.51
"hate tell somebody",3,454366,82.51
"hate things like",3,454369,82.51
"hate things people",3,454372,82.51
"hate time year",3,454375,82.51
"hate try get",3,454378,82.51
"hate trying get",3,454381,82.51
"hate waiting text",3,454384,82.51
"hate waking headache",3,454387,82.51
"hate waking nap",3,454390,82.51
"hate waking realizing",3,454393,82.51
"hate watching people",3,454396,82.52
"hate watching tv",3,454399,82.52
"hate way better",3,454402,82.52
"hate way don",3,454405,82.52
"hate way mind",3,454408,82.52
"hate west coast",3,454411,82.52
"hate wont let",3,454414,82.52
"hate work today",3,454417,82.52
"hate worn wallet",3,454420,82.52
"hated guess give",3,454423,82.52
"hated hated hated",3,454426,82.52
"hated minute training",3,454429,82.52
"haters hate angels",3,454432,82.52
"haters hate people",3,454435,82.52
"haters just patient",3,454438,82.52
"haters sorry phase",3,454441,82.52
"hates white people",3,454444,82.52
"hatred does cease",3,454447,82.52
"haven chance watch",3,454450,82.53
"haven changed bit",3,454453,82.53
"haven checked days",3,454456,82.53
"haven checked mail",3,454459,82.53
"haven checked new",3,454462,82.53
"haven checked weather",3,454465,82.53
"haven decided want",3,454468,82.53
"haven eaten dinner",3,454471,82.53
"haven felt way",3,454474,82.53
"haven followed follow",3,454477,82.53
"haven forever sorry",3,454480,82.53
"haven got anything",3,454483,82.53
"haven got tickets",3,454486,82.53
"haven heard days",3,454489,82.53
"haven heard let",3,454492,82.53
"haven heard like",3,454495,82.53
"haven heard min",3,454498,82.53
"haven heard thunder",3,454501,82.53
"haven heard week",3,454504,82.53
"haven left work",3,454507,82.54
"haven like months",3,454510,82.54
"haven make sure",3,454513,82.54
"haven met people",3,454516,82.54
"haven really time",3,454519,82.54
"haven received anything",3,454522,82.54
"haven requested old",3,454525,82.54
"haven smoked years",3,454528,82.54
"haven stadium orlando",3,454531,82.54
"haven time lately",3,454534,82.54
"haven tweeting lot",3,454537,82.54
"haven used looks",3,454540,82.54
"haven worked days",3,454543,82.54
"haven worked like",3,454546,82.54
"having amazing birthday",3,454549,82.54
"having amazing week",3,454552,82.54
"having beer tap",3,454555,82.54
"having benefit concert",3,454558,82.54
"having best night",3,454561,82.55
"having big party",3,454564,82.55
"having birthday today",3,454567,82.55
"having breakfast dinner",3,454570,82.55
"having cell phone",3,454573,82.55
"having day sale",3,454576,82.55
"having day work",3,454579,82.55
"having end semester",3,454582,82.55
"having feels like",3,454585,82.55
"having full time",3,454588,82.55
"having fun florida",3,454591,82.55
"having fun fun",3,454594,82.55
"having fun nice",3,454597,82.55
"having fun reading",3,454600,82.55
"having fun sun",3,454603,82.55
"having fun talking",3,454606,82.55
"having get early",3,454609,82.55
"having goals reach",3,454612,82.55
"having good birthday",3,454615,82.56
"having good days",3,454618,82.56
"having good spring",3,454621,82.56
"having good start",3,454624,82.56
"having good taste",3,454627,82.56
"having great conversation",3,454630,82.56
"having great far",3,454633,82.56
"having great season",3,454636,82.56
"having great summer",3,454639,82.56
"having great trip",3,454642,82.56
"having great tuesday",3,454645,82.56
"having great weather",3,454648,82.56
"having health issues",3,454651,82.56
"having heart heart",3,454654,82.56
"having info session",3,454657,82.56
"having lonely day",3,454660,82.56
"having lot say",3,454663,82.56
"having lot trouble",3,454666,82.56
"having lovely night",3,454669,82.56
"having lovely time",3,454672,82.57
"having mixed emotions",3,454675,82.57
"having network issues",3,454678,82.57
"having nice time",3,454681,82.57
"having own concert",3,454684,82.57
"having party don",3,454687,82.57
"having right kissing",3,454690,82.57
"having right tools",3,454693,82.57
"having sale today",3,454696,82.57
"having sense humor",3,454699,82.57
"having service issues",3,454702,82.57
"having smoking section",3,454705,82.57
"having social media",3,454708,82.57
"having superbowl party",3,454711,82.57
"having trust issues",3,454714,82.57
"having twitter issues",3,454717,82.57
"having withdrawal symptoms",3,454720,82.57
"having women problems",3,454723,82.57
"hawks game tomorrow",3,454726,82.58
"hawks game tonight",3,454729,82.58
"hawks win game",3,454732,82.58
"hawks win going",3,454735,82.58
"head bay area",3,454738,82.58
"head couple hours",3,454741,82.58
"head day long",3,454744,82.58
"head day today",3,454747,82.58
"head failures go",3,454750,82.58
"head gotta get",3,454753,82.58
"head home relax",3,454756,82.58
"head hurt like",3,454759,82.58
"head just got",3,454762,82.58
"head like new",3,454765,82.58
"head looking forward",3,454768,82.58
"head losing theirs",3,454771,82.58
"head miller park",3,454774,82.58
"head outreach consulting",3,454777,82.58
"head pounding day",3,454780,82.59
"head thinks george",3,454783,82.59
"head wears crown",3,454786,82.59
"headache feel like",3,454789,82.59
"headed happy hour",3,454792,82.59
"heading apple store",3,454795,82.59
"heading bed good",3,454798,82.59
"heading bed soon",3,454801,82.59
"heading brewers game",3,454804,82.59
"heading chicago friday",3,454807,82.59
"heading chicago morning",3,454810,82.59
"heading film festival",3,454813,82.59
"heading look forward",3,454816,82.59
"heading los angeles",3,454819,82.59
"heading rochester ny",3,454822,82.59
"heading social media",3,454825,82.59
"heading studio mix",3,454828,82.59
"heads good luck",3,454831,82.59
"heads hearts norman",3,454834,82.59
"heads looks like",3,454837,82.6
"health care go",3,454840,82.6
"health care like",3,454843,82.6
"health care plans",3,454846,82.6
"health care right",3,454849,82.6
"health fitness lifestyle",3,454852,82.6
"health fitness tips",3,454855,82.6
"health go away",3,454858,82.6
"health happiness peace",3,454861,82.6
"health hs athletes",3,454864,82.6
"health judged takes",3,454867,82.6
"health poor memory",3,454870,82.6
"health tips eat",3,454873,82.6
"healthy attitude don",3,454876,82.6
"healthy baby girl",3,454879,82.6
"healthy capable doing",3,454882,82.6
"healthy eating love",3,454885,82.6
"healthy food good",3,454888,82.6
"healthy happy new",3,454891,82.61
"healthy holiday season",3,454894,82.61
"healthy lifestyle feel",3,454897,82.61
"healthy make own",3,454900,82.61
"healthy thoughts actions",3,454903,82.61
"hear alarm clock",3,454906,82.61
"hear anything like",3,454909,82.61
"hear buddy hope",3,454912,82.61
"hear doing book",3,454915,82.61
"hear don forget",3,454918,82.61
"hear don think",3,454921,82.61
"hear drake song",3,454924,82.61
"hear enjoy weekend",3,454927,82.61
"hear enjoyed book",3,454930,82.61
"hear glad good",3,454933,82.61
"hear going get",3,454936,82.61
"hear got hit",3,454939,82.61
"hear guys good",3,454942,82.61
"hear guys say",3,454945,82.61
"hear hear hear",3,454948,82.62
"hear just did",3,454951,82.62
"hear just got",3,454954,82.62
"hear just wanna",3,454957,82.62
"hear like new",3,454960,82.62
"hear love hear",3,454963,82.62
"hear man took",3,454966,82.62
"hear mother day",3,454969,82.62
"hear people love",3,454972,82.62
"hear people talk",3,454975,82.62
"hear people talking",3,454978,82.62
"hear songs love",3,454981,82.62
"hear spring break",3,454984,82.62
"hear stories share",3,454987,82.62
"hear thanks follow",3,454990,82.62
"hear things know",3,454993,82.62
"hear thoughts built",3,454996,82.62
"hear time gave",3,454999,82.62
"hear ur doing",3,455002,82.63
"hear ur new",3,455005,82.63
"hear wedding bells",3,455008,82.63
"hear whisper tonight",3,455011,82.63
"hear word said",3,455014,82.63
"heard birthday happy",3,455017,82.63
"heard get money",3,455020,82.63
"heard got new",3,455023,82.63
"heard last week",3,455026,82.63
"heard last year",3,455029,82.63
"heard like different",3,455032,82.63
"heard lot good",3,455035,82.63
"heard lot great",3,455038,82.63
"heard passed away",3,455041,82.63
"heard radio day",3,455044,82.63
"heard recognize know",3,455047,82.63
"heard rumors dating",3,455050,82.63
"heard rumors real",3,455053,82.63
"heard taylor swift",3,455056,82.64
"heard wonderful things",3,455059,82.64
"hearing new music",3,455062,82.64
"hearing saying sorry",3,455065,82.64
"hears does make",3,455068,82.64
"hears iran needs",3,455071,82.64
"heart break face",3,455074,82.64
"heart creates pressure",3,455077,82.64
"heart door sit",3,455080,82.64
"heart general gal",3,455083,82.64
"heart girl hold",3,455086,82.64
"heart goes families",3,455089,82.64
"heart goes friends",3,455092,82.64
"heart goes like",3,455095,82.64
"heart heart break",3,455098,82.64
"heart heart mother",3,455101,82.64
"heart high blood",3,455104,82.64
"heart hurts does",3,455107,82.64
"heart inside hand",3,455110,82.64
"heart know heart",3,455113,82.65
"heart let go",3,455116,82.65
"heart lonely hunter",3,455119,82.65
"heart mind confidence",3,455122,82.65
"heart played burned",3,455125,82.65
"heart shaped cake",3,455128,82.65
"heart soul go",3,455131,82.65
"heart soul strength",3,455134,82.65
"heart steal second",3,455137,82.65
"heart worst kind",3,455140,82.65
"hearts get broken",3,455143,82.65
"hearts norman vincent",3,455146,82.65
"hearts take time",3,455149,82.65
"heat best team",3,455152,82.65
"heat gotta love",3,455155,82.65
"heat just give",3,455158,82.65
"heat lets go",3,455161,82.65
"heat lose game",3,455164,82.65
"heat lost last",3,455167,82.66
"heat somebody yeah",3,455170,82.66
"heat vs thunder",3,455173,82.66
"heat win series",3,455176,82.66
"heaven earth pass",3,455179,82.66
"heaven earth philosophy",3,455182,82.66
"heaven far away",3,455185,82.66
"heavy hand government",3,455188,82.66
"heavy hand plays",3,455191,82.66
"heavy head wears",3,455194,82.66
"heavy last night",3,455197,82.66
"heavy police presence",3,455200,82.66
"heavy sole playing",3,455203,82.66
"heights community center",3,455206,82.66
"heights last night",3,455209,82.66
"heights music festival",3,455212,82.66
"held door open",3,455215,82.66
"held friday april",3,455218,82.66
"helen powers studio",3,455221,82.67
"hello angel nightmare",3,455224,82.67
"hello dj flick",3,455227,82.67
"hello fellow farm",3,455230,82.67
"hello follow great",3,455233,82.67
"hello forever say",3,455236,82.67
"hello friends family",3,455239,82.67
"hello good bye",3,455242,82.67
"hello good night",3,455245,82.67
"hello hope guys",3,455248,82.67
"hello hope things",3,455251,82.67
"hello lost goodbye",3,455254,82.67
"hello might bringing",3,455257,82.67
"hello thank friend",3,455260,82.67
"hello thank great",3,455263,82.67
"hello thank new",3,455266,82.67
"help abraham lincoln",3,455269,82.67
"help accomplish goals",3,455272,82.67
"help agenda get",3,455275,82.67
"help bring awareness",3,455278,82.68
"help bring new",3,455281,82.68
"help build better",3,455284,82.68
"help change mind",3,455287,82.68
"help children succeed",3,455290,82.68
"help college coaches",3,455293,82.68
"help convince mom",3,455296,82.68
"help create new",3,455299,82.68
"help ease pain",3,455302,82.68
"help email thanks",3,455305,82.68
"help end depression",3,455308,82.68
"help fallen get",3,455311,82.68
"help feel like",3,455314,82.68
"help getting started",3,455317,82.68
"help getting word",3,455320,82.68
"help girl thanks",3,455323,82.68
"help good movie",3,455326,82.68
"help great day",3,455329,82.68
"help great time",3,455332,82.69
"help kids get",3,455335,82.69
"help kids learn",3,455338,82.69
"help know good",3,455341,82.69
"help lead way",3,455344,82.69
"help let get",3,455347,82.69
"help lets talk",3,455350,82.69
"help lift spirits",3,455353,82.69
"help like girl",3,455356,82.69
"help local kids",3,455359,82.69
"help look forward",3,455362,82.69
"help look good",3,455365,82.69
"help mail advice",3,455368,82.69
"help maintain healthy",3,455371,82.69
"help make memory",3,455374,82.69
"help make sense",3,455377,82.69
"help make wish",3,455380,82.69
"help month valentine",3,455383,82.69
"help myself love",3,455386,82.7
"help prevent child",3,455389,82.7
"help prevent future",3,455392,82.7
"help promote business",3,455395,82.7
"help promote market",3,455398,82.7
"help put stop",3,455401,82.7
"help save earth",3,455404,82.7
"help save kids",3,455407,82.7
"help smiling stairs",3,455410,82.7
"help stay track",3,455413,82.7
"help stop child",3,455416,82.7
"help street team",3,455419,82.7
"help students become",3,455422,82.7
"help telling friends",3,455425,82.7
"help today mention",3,455428,82.7
"help trouble psalm",3,455431,82.7
"help want help",3,455434,82.7
"help way contact",3,455437,82.7
"help way thanks",3,455440,82.7
"help web presence",3,455443,82.71
"helped get point",3,455446,82.71
"helped get word",3,455449,82.71
"helped make possible",3,455452,82.71
"helping make great",3,455455,82.71
"helping make night",3,455458,82.71
"helping people live",3,455461,82.71
"helping plan nyc",3,455464,82.71
"helps business leo",3,455467,82.71
"helps escape reality",3,455470,82.71
"hero mean world",3,455473,82.71
"hero understands responsibility",3,455476,82.71
"hes gonna win",3,455479,82.71
"hes youtube promise",3,455482,82.71
"hey anybody know",3,455485,82.71
"hey anyone wants",3,455488,82.71
"hey anything new",3,455491,82.71
"hey austin guess",3,455494,82.71
"hey austin just",3,455497,82.72
"hey austin love",3,455500,82.72
"hey austin new",3,455503,82.72
"hey best thing",3,455506,82.72
"hey brewers fans",3,455509,82.72
"hey brother just",3,455512,82.72
"hey chicago want",3,455515,82.72
"hey david follow",3,455518,82.72
"hey day today",3,455521,82.72
"hey dd follow",3,455524,82.72
"hey does anybody",3,455527,82.72
"hey does mean",3,455530,82.72
"hey does new",3,455533,82.72
"hey dude long",3,455536,82.72
"hey dude wanna",3,455539,82.72
"hey fans like",3,455542,82.72
"hey fans today",3,455545,82.72
"hey fans tweet",3,455548,82.72
"hey folks let",3,455551,82.73
"hey follow awesome",3,455554,82.73
"hey follow best",3,455557,82.73
"hey follow big",3,455560,82.73
"hey follow cause",3,455563,82.73
"hey follow follows",3,455566,82.73
"hey follow happy",3,455569,82.73
"hey follow help",3,455572,82.73
"hey follow let",3,455575,82.73
"hey follow make",3,455578,82.73
"hey follow pretty",3,455581,82.73
"hey follow read",3,455584,82.73
"hey followers tweet",3,455587,82.73
"hey following both",3,455590,82.73
"hey friend love",3,455593,82.73
"hey friends just",3,455596,82.73
"hey friends new",3,455599,82.73
"hey girl whats",3,455602,82.73
"hey glad found",3,455605,82.73
"hey glad made",3,455608,82.74
"hey gonna get",3,455611,82.74
"hey gonna week",3,455614,82.74
"hey guys add",3,455617,82.74
"hey guys diamond",3,455620,82.74
"hey guys found",3,455623,82.74
"hey guys friday",3,455626,82.74
"hey guys getting",3,455629,82.74
"hey guys people",3,455632,82.74
"hey guys planning",3,455635,82.74
"hey guys ready",3,455638,82.74
"hey guys started",3,455641,82.74
"hey guys starting",3,455644,82.74
"hey guys stop",3,455647,82.74
"hey guys thank",3,455650,82.74
"hey guys tweet",3,455653,82.74
"hey heads come",3,455656,82.74
"hey hey daddy",3,455659,82.74
"hey hey doing",3,455662,82.75
"hey hey don",3,455665,82.75
"hey hey follow",3,455668,82.75
"hey hey girl",3,455671,82.75
"hey hey gonna",3,455674,82.75
"hey hey got",3,455677,82.75
"hey hey great",3,455680,82.75
"hey hey last",3,455683,82.75
"hey hey life",3,455686,82.75
"hey hey long",3,455689,82.75
"hey hey love",3,455692,82.75
"hey hey sis",3,455695,82.75
"hey hey watch",3,455698,82.75
"hey hun just",3,455701,82.75
"hey jeremy thanks",3,455704,82.75
"hey just busy",3,455707,82.75
"hey just discovered",3,455710,82.75
"hey just doing",3,455713,82.75
"hey just figured",3,455716,82.75
"hey just letting",3,455719,82.76
"hey just need",3,455722,82.76
"hey just realized",3,455725,82.76
"hey just sending",3,455728,82.76
"hey just thinking",3,455731,82.76
"hey kids get",3,455734,82.76
"hey love bye",3,455737,82.76
"hey love come",3,455740,82.76
"hey love just",3,455743,82.76
"hey love style",3,455746,82.76
"hey makes feel",3,455749,82.76
"hey mama wanna",3,455752,82.76
"hey man come",3,455755,82.76
"hey man don",3,455758,82.76
"hey man looking",3,455761,82.76
"hey man make",3,455764,82.76
"hey man need",3,455767,82.76
"hey man things",3,455770,82.76
"hey man trying",3,455773,82.77
"hey matt good",3,455776,82.77
"hey matt thanks",3,455779,82.77
"hey matt want",3,455782,82.77
"hey meant ask",3,455785,82.77
"hey michelle just",3,455788,82.77
"hey mike did",3,455791,82.77
"hey mother nature",3,455794,82.77
"hey nick thanks",3,455797,82.77
"hey people looking",3,455800,82.77
"hey people sit",3,455803,82.77
"hey really appreciate",3,455806,82.77
"hey really enjoyed",3,455809,82.77
"hey remember said",3,455812,82.77
"hey saw just",3,455815,82.77
"hey say anything",3,455818,82.77
"hey smell start",3,455821,82.77
"hey stranger hope",3,455824,82.77
"hey tell follow",3,455827,82.78
"hey tell get",3,455830,82.78
"hey thank listening",3,455833,82.78
"hey think going",3,455836,82.78
"hey today birthday",3,455839,82.78
"hey tweet follow",3,455842,82.78
"hey tweet peeps",3,455845,82.78
"hey ur welcome",3,455848,82.78
"hi biggest fan",3,455851,82.78
"hi billy bob",3,455854,82.78
"hi camera said",3,455857,82.78
"hi dc based",3,455860,82.78
"hi did email",3,455863,82.78
"hi did good",3,455866,82.78
"hi don forget",3,455869,82.78
"hi feel like",3,455872,82.78
"hi getting ready",3,455875,82.78
"hi good luck",3,455878,82.78
"hi great day",3,455881,82.78
"hi happy tuesday",3,455884,82.79
"hi happy wednesday",3,455887,82.79
"hi high hi",3,455890,82.79
"hi jean thanks",3,455893,82.79
"hi jeremy thanks",3,455896,82.79
"hi katherine thanks",3,455899,82.79
"hi last night",3,455902,82.79
"hi last time",3,455905,82.79
"hi nate friendly",3,455908,82.79
"hi new job",3,455911,82.79
"hi nice finally",3,455914,82.79
"hi nice meeting",3,455917,82.79
"hi notice really",3,455920,82.79
"hi noticed tweeted",3,455923,82.79
"hi san diego",3,455926,82.79
"hi shannon thanks",3,455929,82.79
"hi thanks asking",3,455932,82.79
"hi thanks joining",3,455935,82.79
"hi things going",3,455938,82.8
"hi travel team",3,455941,82.8
"hi twitter people",3,455944,82.8
"hidden castle norman",3,455947,82.8
"hide just putting",3,455950,82.8
"hide love long",3,455953,82.8
"hide seek fun",3,455956,82.8
"high called ace",3,455959,82.8
"high eat star",3,455962,82.8
"high end fashion",3,455965,82.8
"high just balance",3,455968,82.8
"high life right",3,455971,82.8
"high miss low",3,455974,82.8
"high riding st",3,455977,82.8
"high risk high",3,455980,82.8
"high speed train",3,455983,82.8
"high speed wireless",3,455986,82.8
"high usa rates",3,455989,82.8
"higher national average",3,455992,82.81
"higher tax rate",3,455995,82.81
"highland park country",3,455998,82.81
"highlight tape photos",3,456001,82.81
"highly recommend book",3,456004,82.81
"highly recommend both",3,456007,82.81
"highly recommend great",3,456010,82.81
"highly recommend just",3,456013,82.81
"highly recommend movie",3,456016,82.81
"highly recommend new",3,456019,82.81
"highly recommend reading",3,456022,82.81
"highly recommend visit",3,456025,82.81
"highly recommend watching",3,456028,82.81
"highly seem person",3,456031,82.81
"highs suddenly new",3,456034,82.81
"highway wanna ride",3,456037,82.81
"hilarious stop laughing",3,456040,82.81
"hill don know",3,456043,82.81
"hill let know",3,456046,82.81
"hill rd pm",3,456049,82.82
"hills last night",3,456052,82.82
"hiring sales associates",3,456055,82.82
"hispanic heritage turning",3,456058,82.82
"historic army post",3,456061,82.82
"historic high usa",3,456064,82.82
"historic turner ballroom",3,456067,82.82
"historical society museum",3,456070,82.82
"history last night",3,456073,82.82
"history makes think",3,456076,82.82
"history rock roll",3,456079,82.82
"history www com",3,456082,82.82
"hit bottle service",3,456085,82.82
"hit brick wall",3,456088,82.82
"hit bull eye",3,456091,82.82
"hit bump spill",3,456094,82.82
"hit button times",3,456097,82.82
"hit dance floor",3,456100,82.82
"hit feeling lucky",3,456103,82.83
"hit feels like",3,456106,82.83
"hit foul ball",3,456109,82.83
"hit gave dome",3,456112,82.83
"hit ground hard",3,456115,82.83
"hit last time",3,456118,82.83
"hit photo video",3,456121,82.83
"hit red light",3,456124,82.83
"hit road tomorrow",3,456127,82.83
"hit run driver",3,456130,82.83
"hit run trial",3,456133,82.83
"hit short term",3,456136,82.83
"hit single red",3,456139,82.83
"hit south beach",3,456142,82.83
"hit spot right",3,456145,82.83
"hit studio record",3,456148,82.83
"hit th home",3,456151,82.83
"hit today work",3,456154,82.83
"hit trying get",3,456157,82.84
"hit wit follow",3,456160,82.84
"hit www com",3,456163,82.84
"hits drake remember",3,456166,82.84
"hits drive right",3,456169,82.84
"hits keep coming",3,456172,82.84
"hits rd homer",3,456175,82.84
"hits solo home",3,456178,82.84
"hits target hit",3,456181,82.84
"hitting bottom felt",3,456184,82.84
"hitting red light",3,456187,82.84
"hockey games want",3,456190,82.84
"hockey hall fame",3,456193,82.84
"hockey players don",3,456196,82.84
"hockey players get",3,456199,82.84
"hockey team beat",3,456202,82.84
"hockey team lost",3,456205,82.84
"hoe best friend",3,456208,82.84
"hoe ex trying",3,456211,82.84
"hold breath waiting",3,456214,82.85
"hold eva texting",3,456217,82.85
"hold hand forever",3,456220,82.85
"hold hand just",3,456223,82.85
"hold job arrangement",3,456226,82.85
"hold like conversation",3,456229,82.85
"hold tech support",3,456232,82.85
"holding breath way",3,456235,82.85
"holding gotta let",3,456238,82.85
"holding things love",3,456241,82.85
"holds let go",3,456244,82.85
"holes parents dishes",3,456247,82.85
"holiday art walk",3,456250,82.85
"holiday beauty tip",3,456253,82.85
"holiday food drive",3,456256,82.85
"holiday gift shopping",3,456259,82.85
"holiday season christmas",3,456262,82.85
"holiday season filled",3,456265,82.85
"holiday season happy",3,456268,82.86
"holiday season make",3,456271,82.86
"holiday season wish",3,456274,82.86
"holiday shopping event",3,456277,82.86
"holiday shopping list",3,456280,82.86
"holidays come get",3,456283,82.86
"holidays safe travels",3,456286,82.86
"hollow sound wooden",3,456289,82.86
"hollywood trainer max",3,456292,82.86
"hollywood young circle",3,456295,82.86
"holy cold outside",3,456298,82.86
"holy did get",3,456301,82.86
"holy did really",3,456304,82.86
"holy just looked",3,456307,82.86
"holy words read",3,456310,82.86
"home amazing weekend",3,456313,82.86
"home barely hear",3,456316,82.86
"home best thing",3,456319,82.86
"home candles holiday",3,456322,82.87
"home don let",3,456325,82.87
"home don use",3,456328,82.87
"home dream home",3,456331,82.87
"home eat go",3,456334,82.87
"home going get",3,456337,82.87
"home going go",3,456340,82.87
"home going service",3,456343,82.87
"home improvement project",3,456346,82.87
"home improvement uses",3,456349,82.87
"home let go",3,456352,82.87
"home long ago",3,456355,82.87
"home long time",3,456358,82.87
"home long weekend",3,456361,82.87
"home need get",3,456364,82.87
"home new orleans",3,456367,82.87
"home run bat",3,456370,82.87
"home run double",3,456373,82.87
"home run give",3,456376,82.87
"home run great",3,456379,82.88
"home run king",3,456382,82.88
"home run left",3,456385,82.88
"home run love",3,456388,82.88
"home run nd",3,456391,82.88
"home run put",3,456394,82.88
"home run th",3,456397,82.88
"home run time",3,456400,82.88
"home run tonight",3,456403,82.88
"home safe good",3,456406,82.88
"home somebody don",3,456409,82.88
"home spent money",3,456412,82.88
"home state tonight",3,456415,82.88
"home taco bell",3,456418,82.88
"home think good",3,456421,82.88
"home wait hear",3,456424,82.88
"home want go",3,456427,82.88
"home want make",3,456430,82.88
"home watch live",3,456433,82.89
"home weekend get",3,456436,82.89
"home work don",3,456439,82.89
"home work got",3,456442,82.89
"home work waiting",3,456445,82.89
"home work want",3,456448,82.89
"homeless homeless poor",3,456451,82.89
"homeless man street",3,456454,82.89
"homemade banana bread",3,456457,82.89
"homemade bread pudding",3,456460,82.89
"homer night th",3,456463,82.89
"homer right field",3,456466,82.89
"homes coming soon",3,456469,82.89
"honest don get",3,456472,82.89
"honest don like",3,456475,82.89
"honest don want",3,456478,82.89
"honestly end day",3,456481,82.89
"honestly say happy",3,456484,82.89
"honestly thought going",3,456487,82.89
"honey butter chicken",3,456490,82.9
"honey child pop",3,456493,82.9
"honor dr martin",3,456496,82.9
"honor friday th",3,456499,82.9
"honor independence day",3,456502,82.9
"honor lives lost",3,456505,82.9
"honor men women",3,456508,82.9
"honor mothers day",3,456511,82.9
"honored part community",3,456514,82.9
"hood actually created",3,456517,82.9
"hop artist game",3,456520,82.9
"hop drinks shots",3,456523,82.9
"hop hop hop",3,456526,82.9
"hop radio station",3,456529,82.9
"hope able put",3,456532,82.9
"hope able visit",3,456535,82.9
"hope albert einstein",3,456538,82.9
"hope album release",3,456541,82.9
"hope both doing",3,456544,82.91
"hope catch guys",3,456547,82.91
"hope catch tonight",3,456550,82.91
"hope chance meet",3,456553,82.91
"hope create wonderful",3,456556,82.91
"hope day attend",3,456559,82.91
"hope day fantastic",3,456562,82.91
"hope day go",3,456565,82.91
"hope day got",3,456568,82.91
"hope day heart",3,456571,82.91
"hope day hope",3,456574,82.91
"hope day perfect",3,456577,82.91
"hope day soon",3,456580,82.91
"hope dig best",3,456583,82.91
"hope doing enjoying",3,456586,82.91
"hope doing getting",3,456589,82.91
"hope doing thanks",3,456592,82.91
"hope doing today",3,456595,82.91
"hope don change",3,456598,82.92
"hope don come",3,456601,82.92
"hope don hurt",3,456604,82.92
"hope don know",3,456607,82.92
"hope don make",3,456610,82.92
"hope don pass",3,456613,82.92
"hope don win",3,456616,82.92
"hope east coast",3,456619,82.92
"hope easter bunny",3,456622,82.92
"hope enjoy artwork",3,456625,82.92
"hope enjoy birthday",3,456628,82.92
"hope enjoy episode",3,456631,82.92
"hope enjoy evening",3,456634,82.92
"hope enjoy get",3,456637,82.92
"hope enjoy program",3,456640,82.92
"hope enjoy reviews",3,456643,82.92
"hope enjoyed easter",3,456646,82.92
"hope enjoyed food",3,456649,82.92
"hope enjoyed free",3,456652,82.92
"hope enjoyed holiday",3,456655,82.93
"hope enjoyed hot",3,456658,82.93
"hope enjoyed meal",3,456661,82.93
"hope enjoyed rest",3,456664,82.93
"hope enjoyed video",3,456667,82.93
"hope enjoying conference",3,456670,82.93
"hope enjoying gorgeous",3,456673,82.93
"hope enjoying mother",3,456676,82.93
"hope enjoying stay",3,456679,82.93
"hope enjoying sunday",3,456682,82.93
"hope enjoying thanksgiving",3,456685,82.93
"hope enjoying today",3,456688,82.93
"hope enjoys last",3,456691,82.93
"hope extraordinary spiritual",3,456694,82.93
"hope fantastic thanksgiving",3,456697,82.93
"hope friday night",3,456700,82.93
"hope fun get",3,456703,82.93
"hope fun thanks",3,456706,82.93
"hope fun write",3,456709,82.94
"hope give chance",3,456712,82.94
"hope good conference",3,456715,82.94
"hope good crowd",3,456718,82.94
"hope good evening",3,456721,82.94
"hope good game",3,456724,82.94
"hope good going",3,456727,82.94
"hope good great",3,456730,82.94
"hope good live",3,456733,82.94
"hope good mothers",3,456736,82.94
"hope good really",3,456739,82.94
"hope good start",3,456742,82.94
"hope good thanksgiving",3,456745,82.94
"hope good world",3,456748,82.94
"hope guys enjoying",3,456751,82.94
"hope guys excited",3,456754,82.94
"hope guys know",3,456757,82.94
"hope guys liked",3,456760,82.94
"hope headache goes",3,456763,82.95
"hope heat lose",3,456766,82.95
"hope hope hope",3,456769,82.95
"hope ice cream",3,456772,82.95
"hope kids don",3,456775,82.95
"hope life treats",3,456778,82.95
"hope like did",3,456781,82.95
"hope like really",3,456784,82.95
"hope like rest",3,456787,82.95
"hope look regret",3,456790,82.95
"hope lovely monday",3,456793,82.95
"hope made laugh",3,456796,82.95
"hope made proud",3,456799,82.95
"hope made way",3,456802,82.95
"hope make difference",3,456805,82.95
"hope make event",3,456808,82.95
"hope make finals",3,456811,82.95
"hope make happen",3,456814,82.95
"hope make love",3,456817,82.95
"hope make new",3,456820,82.96
"hope make right",3,456823,82.96
"hope make time",3,456826,82.96
"hope makes sense",3,456829,82.96
"hope makes team",3,456832,82.96
"hope mom get",3,456835,82.96
"hope mom likes",3,456838,82.96
"hope mommy wonderful",3,456841,82.96
"hope past different",3,456844,82.96
"hope presentation went",3,456847,82.96
"hope program go",3,456850,82.96
"hope prove wrong",3,456853,82.96
"hope proves wrong",3,456856,82.96
"hope rangers win",3,456859,82.96
"hope read answer",3,456862,82.96
"hope read love",3,456865,82.96
"hope read tweet",3,456868,82.96
"hope really hope",3,456871,82.96
"hope rest ur",3,456874,82.97
"hope rest week",3,456877,82.97
"hope saw tweet",3,456880,82.97
"hope soon happy",3,456883,82.97
"hope soon hope",3,456886,82.97
"hope soon just",3,456889,82.97
"hope soon keep",3,456892,82.97
"hope sooner later",3,456895,82.97
"hope spending time",3,456898,82.97
"hope stay safe",3,456901,82.97
"hope stays healthy",3,456904,82.97
"hope steve jobs",3,456907,82.97
"hope stop raining",3,456910,82.97
"hope take picture",3,456913,82.97
"hope time come",3,456916,82.97
"hope time great",3,456919,82.97
"hope time soon",3,456922,82.97
"hope tonight good",3,456925,82.97
"hope try soon",3,456928,82.98
"hope watching game",3,456931,82.98
"hope wishing best",3,456934,82.98
"hope wishing happen",3,456937,82.98
"hope wonderful productive",3,456940,82.98
"hope wonderful sunday",3,456943,82.98
"hope work goes",3,456946,82.98
"hope work going",3,456949,82.98
"hope work mae",3,456952,82.98
"hope year brings",3,456955,82.98
"hope year sending",3,456958,82.98
"hopefully able make",3,456961,82.98
"hopefully come soon",3,456964,82.98
"hopefully feeling better",3,456967,82.98
"hopefully good thing",3,456970,82.98
"hopefully later today",3,456973,82.98
"hopefully time catch",3,456976,82.98
"hopefully won rain",3,456979,82.98
"hopefully won sleep",3,456982,82.98
"hopes dreams come",3,456985,82.99
"hoping done crying",3,456988,82.99
"hoping good night",3,456991,82.99
"hoping good things",3,456994,82.99
"hoping great week",3,456997,82.99
"hoping millions winner",3,457000,82.99
"horizon fiber cookie",3,457003,82.99
"horizon stay tuned",3,457006,82.99
"horrible bosses horrible",3,457009,82.99
"horrible play calling",3,457012,82.99
"horror movie called",3,457015,82.99
"horror movie seen",3,457018,82.99
"horse keeps moving",3,457021,82.99
"horse last night",3,457024,82.99
"hospitality network colorado",3,457027,82.99
"host active game",3,457030,82.99
"host guest speaker",3,457033,82.99
"host miss universe",3,457036,82.99
"host saturday night",3,457039,83
"host star game",3,457042,83
"host th annual",3,457045,83
"hosted www com",3,457048,83
"hostile world world",3,457051,83
"hosting fun event",3,457054,83
"hosting mothers day",3,457057,83
"hosting twitter chat",3,457060,83
"hot af today",3,457063,83
"hot guy like",3,457066,83
"hot just like",3,457069,83
"hot likes body",3,457072,83
"hot producer send",3,457075,83
"hot shower good",3,457078,83
"hot shower like",3,457081,83
"hot stay tuned",3,457084,83
"hot tea bed",3,457087,83
"hot team wins",3,457090,83
"hot topic best",3,457093,83.01
"hot yoga class",3,457096,83.01
"hot yoga today",3,457099,83.01
"hotel gr restaurant",3,457102,83.01
"hotel let know",3,457105,83.01
"hotel miami beach",3,457108,83.01
"hottest friday night",3,457111,83.01
"hottest group spinning",3,457114,83.01
"hottest hip dance",3,457117,83.01
"hottest music night",3,457120,83.01
"hottest team baseball",3,457123,83.01
"hour away week",3,457126,83.01
"hour bowling calories",3,457129,83.01
"hour calories burned",3,457132,83.01
"hour casting code",3,457135,83.01
"hour child watch",3,457138,83.01
"hour come join",3,457141,83.01
"hour early just",3,457144,83.01
"hour energy shots",3,457147,83.01
"hour full swing",3,457150,83.02
"hour get entire",3,457153,83.02
"hour glass figure",3,457156,83.02
"hour hour left",3,457159,83.02
"hour just talking",3,457162,83.02
"hour late night",3,457165,83.02
"hour left class",3,457168,83.02
"hour left get",3,457171,83.02
"hour left vote",3,457174,83.02
"hour long nap",3,457177,83.02
"hour nap afternoon",3,457180,83.02
"hour news cycle",3,457183,83.02
"hour pretty sure",3,457186,83.02
"hour price wine",3,457189,83.02
"hour rain delay",3,457192,83.02
"hour season finale",3,457195,83.02
"hour starting pm",3,457198,83.02
"hour till come",3,457201,83.02
"hour travel day",3,457204,83.03
"hour work weeks",3,457207,83.03
"hours drawing wins",3,457210,83.03
"hours grabs face",3,457213,83.03
"hours half way",3,457216,83.03
"hours haven started",3,457219,83.03
"hours last days",3,457222,83.03
"hours last week",3,457225,83.03
"hours late work",3,457228,83.03
"hours life spent",3,457231,83.03
"hours past days",3,457234,83.03
"hours sleep cool",3,457237,83.03
"hours sleep days",3,457240,83.03
"hours sleep felt",3,457243,83.03
"hours sleep fun",3,457246,83.03
"hours sleep going",3,457249,83.03
"hours sleep good",3,457252,83.03
"hours sleep haven",3,457255,83.03
"hours sleep thank",3,457258,83.04
"hours sleep tonight",3,457261,83.04
"hours sleep ugh",3,457264,83.04
"hours sleep working",3,457267,83.04
"hours stay tuned",3,457270,83.04
"hours straight time",3,457273,83.04
"hours swing get",3,457276,83.04
"hours week days",3,457279,83.04
"house bottom take",3,457282,83.04
"house downtown madison",3,457285,83.04
"house ground lamb",3,457288,83.04
"house just bought",3,457291,83.04
"house just got",3,457294,83.04
"house last days",3,457297,83.04
"house last week",3,457300,83.04
"house lot easier",3,457303,83.04
"house ma pm",3,457306,83.04
"house myself tonight",3,457309,83.04
"house right thing",3,457312,83.04
"house seeing friends",3,457315,83.05
"house socks step",3,457318,83.05
"house studio city",3,457321,83.05
"house super bowl",3,457324,83.05
"house time clean",3,457327,83.05
"house time year",3,457330,83.05
"house tomorrow morning",3,457333,83.05
"house vikings stadium",3,457336,83.05
"house watching movies",3,457339,83.05
"housing urban development",3,457342,83.05
"houston amazing talent",3,457345,83.05
"houston area home",3,457348,83.05
"houston high school",3,457351,83.05
"houston ladies free",3,457354,83.05
"houston last night",3,457357,83.05
"houston live com",3,457360,83.05
"houston looking forward",3,457363,83.05
"houston michael jackson",3,457366,83.05
"houston way young",3,457369,83.06
"hr last night",3,457372,83.06
"hrs plans play",3,457375,83.06
"hrs sleep work",3,457378,83.06
"hs athletes disabilities",3,457381,83.06
"hs athletes good",3,457384,83.06
"hs phoenix holding",3,457387,83.06
"html commerce site",3,457390,83.06
"hubby father day",3,457393,83.06
"hudson family trial",3,457396,83.06
"hug librarian day",3,457399,83.06
"hug neck rope",3,457402,83.06
"huge bug room",3,457405,83.06
"huge fan big",3,457408,83.06
"huge fan go",3,457411,83.06
"huge fan guys",3,457414,83.06
"huge fan hate",3,457417,83.06
"huge fan hope",3,457420,83.06
"huge fan mean",3,457423,83.06
"huge fan probably",3,457426,83.07
"huge last night",3,457429,83.07
"huge looks like",3,457432,83.07
"huge monday industry",3,457435,83.07
"huge th july",3,457438,83.07
"huge thank sharing",3,457441,83.07
"huge weight lifted",3,457444,83.07
"human centered design",3,457447,83.07
"human choose attitude",3,457450,83.07
"human haven met",3,457453,83.07
"human impossible marion",3,457456,83.07
"human intelligence imagination",3,457459,83.07
"human nature don",3,457462,83.07
"human race wells",3,457465,83.07
"human services assembly",3,457468,83.07
"human trafficking awareness",3,457471,83.07
"humans creatures earth",3,457474,83.07
"humans loose release",3,457477,83.07
"humans tell love",3,457480,83.08
"humidity feels like",3,457483,83.08
"humor does pain",3,457486,83.08
"humor life boring",3,457489,83.08
"humor major defense",3,457492,83.08
"hump day baby",3,457495,83.08
"hump day come",3,457498,83.08
"hump day everybody",3,457501,83.08
"hump day friday",3,457504,83.08
"hump day leap",3,457507,83.08
"hump day let",3,457510,83.08
"hump day make",3,457513,83.08
"hump day people",3,457516,83.08
"hump day stop",3,457519,83.08
"hump day wednesday",3,457522,83.08
"hump day weekend",3,457525,83.08
"hung somebody used",3,457528,83.08
"hunger food drive",3,457531,83.08
"hunger love difficult",3,457534,83.09
"hungry don like",3,457537,83.09
"hungry eat horse",3,457540,83.09
"hungry eat juicy",3,457543,83.09
"hungry feel like",3,457546,83.09
"hungry just eating",3,457549,83.09
"hungry just looking",3,457552,83.09
"hungry late eat",3,457555,83.09
"hungry late night",3,457558,83.09
"hungry middle night",3,457561,83.09
"hungry time go",3,457564,83.09
"hungry time want",3,457567,83.09
"hungry want chicken",3,457570,83.09
"hungry want eat",3,457573,83.09
"hungry want food",3,457576,83.09
"hunt come booth",3,457579,83.09
"hunting tips html",3,457582,83.09
"hurricane new orleans",3,457585,83.09
"hurry offer ends",3,457588,83.09
"hurry time running",3,457591,83.1
"hurry wanna go",3,457594,83.1
"hurry won last",3,457597,83.1
"hurt eat getting",3,457600,83.1
"hurt just want",3,457603,83.1
"hurt knees hurt",3,457606,83.1
"hurt like last",3,457609,83.1
"hurt myself today",3,457612,83.1
"hurt people hurt",3,457615,83.1
"hurt people love",3,457618,83.1
"hurt venice ca",3,457621,83.1
"hurting hard hardly",3,457624,83.1
"hurting let try",3,457627,83.1
"hurts bad just",3,457630,83.1
"hurts don want",3,457633,83.1
"hurts like mother",3,457636,83.1
"hurts ok let",3,457639,83.1
"husband wife ft",3,457642,83.1
"husband woman older",3,457645,83.11
"hybrid online teaching",3,457648,83.11
"ice blood eyes",3,457651,83.11
"ice cube friday",3,457654,83.11
"ice cube today",3,457657,83.11
"ice cube tray",3,457660,83.11
"ice last night",3,457663,83.11
"ice mr sign",3,457666,83.11
"ice warm ups",3,457669,83.11
"ice winter sell",3,457672,83.11
"iced vanilla latte",3,457675,83.11
"icing cake cake",3,457678,83.11
"id fake id",3,457681,83.11
"id leave tho",3,457684,83.11
"idea become important",3,457687,83.11
"idea crazy follow",3,457690,83.11
"idea don like",3,457693,83.11
"idea going try",3,457696,83.11
"idea good idea",3,457699,83.12
"idea half hour",3,457702,83.12
"idea happy get",3,457705,83.12
"idea just came",3,457708,83.12
"idea just did",3,457711,83.12
"idea just happened",3,457714,83.12
"idea just idea",3,457717,83.12
"idea lots ideas",3,457720,83.12
"idea original oliver",3,457723,83.12
"idea really want",3,457726,83.12
"idea responsible people",3,457729,83.12
"idea talking just",3,457732,83.12
"idea visit people",3,457735,83.12
"ideal candidate years",3,457738,83.12
"ideal hearts day",3,457741,83.12
"ideal thing marriage",3,457744,83.12
"ideal way spend",3,457747,83.12
"ideas company continue",3,457750,83.12
"ideas mother day",3,457753,83.12
"ideas old ones",3,457756,83.13
"ideas worth sharing",3,457759,83.13
"ill anything just",3,457762,83.13
"ill check soon",3,457765,83.13
"ill hit get",3,457768,83.13
"ill post later",3,457771,83.13
"ill send frank",3,457774,83.13
"ill send free",3,457777,83.13
"ill send info",3,457780,83.13
"ill send link",3,457783,83.13
"ill text soon",3,457786,83.13
"illusion changed real",3,457789,83.13
"image pieces websites",3,457792,83.13
"imagination instead memory",3,457795,83.13
"imagination wings ali",3,457798,83.13
"imagine did fun",3,457801,83.13
"imagine heard rumors",3,457804,83.13
"imagine things imagine",3,457807,83.13
"imagine yes living",3,457810,83.14
"imagined notice answer",3,457813,83.14
"immediate casting friend",3,457816,83.14
"impact absence won",3,457819,83.14
"impact act making",3,457822,83.14
"important aware time",3,457825,83.14
"important capture perfectly",3,457828,83.14
"important decision make",3,457831,83.14
"important difference helping",3,457834,83.14
"important feel like",3,457837,83.14
"important future leaders",3,457840,83.14
"important life lessons",3,457843,83.14
"important piece puzzle",3,457846,83.14
"important prepare vital",3,457849,83.14
"important starts game",3,457852,83.14
"important turn light",3,457855,83.14
"important wisdom recognition",3,457858,83.14
"important work doing",3,457861,83.14
"importantly bring best",3,457864,83.15
"impossible endure george",3,457867,83.15
"impossible last night",3,457870,83.15
"impossible way easier",3,457873,83.15
"impossible years ago",3,457876,83.15
"improve customer service",3,457879,83.15
"improve take chances",3,457882,83.15
"improvement last year",3,457885,83.15
"improvement uses retail",3,457888,83.15
"inbox let know",3,457891,83.15
"inbox ur number",3,457894,83.15
"include bike monster",3,457897,83.15
"including abc denial",3,457900,83.15
"including blog post",3,457903,83.15
"including paper li",3,457906,83.15
"income www com",3,457909,83.15
"increase bottom line",3,457912,83.15
"increases power weak",3,457915,83.15
"incredible waiting known",3,457918,83.15
"independent artist discounts",3,457921,83.16
"independent video channel",3,457924,83.16
"indian education system",3,457927,83.16
"indian rocks beach",3,457930,83.16
"indiana jones last",3,457933,83.16
"indiana jones temple",3,457936,83.16
"indiana state library",3,457939,83.16
"indianapolis let buy",3,457942,83.16
"indianapolis repair indianapolis",3,457945,83.16
"indians game tonight",3,457948,83.16
"individual get genuinely",3,457951,83.16
"individual successful lot",3,457954,83.16
"individual treats person",3,457957,83.16
"industry achieved swift",3,457960,83.16
"industry businesses global",3,457963,83.16
"industry stay tuned",3,457966,83.16
"indy wedding ideas",3,457969,83.16
"infected don know",3,457972,83.16
"infection both ears",3,457975,83.17
"infinite amount money",3,457978,83.17
"influence john maxwell",3,457981,83.17
"influence social media",3,457984,83.17
"info email address",3,457987,83.17
"info get chance",3,457990,83.17
"info get free",3,457993,83.17
"info log www",3,457996,83.17
"info marketing success",3,457999,83.17
"info real estate",3,458002,83.17
"info sale ship",3,458005,83.17
"info session last",3,458008,83.17
"info soon www",3,458011,83.17
"info web site",3,458014,83.17
"info win em",3,458017,83.17
"information let know",3,458020,83.17
"information released soon",3,458023,83.17
"information upcoming events",3,458026,83.17
"information virtual relationships",3,458029,83.18
"injuries gray town",3,458032,83.18
"injury update revealed",3,458035,83.18
"ink time life",3,458038,83.18
"inn group meeting",3,458041,83.18
"inning last night",3,458044,83.18
"innovation ability change",3,458047,83.18
"innovation leaders forum",3,458050,83.18
"ins plan co",3,458053,83.18
"inside endless music",3,458056,83.18
"inside tucson business",3,458059,83.18
"insight psychological centers",3,458062,83.18
"insist ralph emerson",3,458065,83.18
"inspiration don think",3,458068,83.18
"inspiration especially earlier",3,458071,83.18
"inspiration left right",3,458074,83.18
"inspiration seldom action",3,458077,83.18
"inspire lead create",3,458080,83.18
"inspire mom summit",3,458083,83.18
"inspired fall winter",3,458086,83.19
"instagram does make",3,458089,83.19
"instagram ill follow",3,458092,83.19
"instagram makes look",3,458095,83.19
"instant win game",3,458098,83.19
"instantly fell love",3,458101,83.19
"instead away lord",3,458104,83.19
"instead get frustration",3,458107,83.19
"instead going bed",3,458110,83.19
"instead spending money",3,458113,83.19
"instead wasting time",3,458116,83.19
"instead worrying people",3,458119,83.19
"instinct lead rich",3,458122,83.19
"insult don get",3,458125,83.19
"insult taylor swift",3,458128,83.19
"insurance check dozens",3,458131,83.19
"insurance let know",3,458134,83.19
"insurance switching car",3,458137,83.19
"intelligence ambition bird",3,458140,83.2
"intelligence imagination wonder",3,458143,83.2
"intelligence sharing protection",3,458146,83.2
"intelligence worth female",3,458149,83.2
"intelligent thoughts thought",3,458152,83.2
"intense mode world",3,458155,83.2
"intention creates reality",3,458158,83.2
"interactive book ipad",3,458161,83.2
"interest kindle enthusiasm",3,458164,83.2
"interest rates loans",3,458167,83.2
"interest rates low",3,458170,83.2
"interest rates rise",3,458173,83.2
"interested co owner",3,458176,83.2
"interested doing business",3,458179,83.2
"interested email resume",3,458182,83.2
"interested fantasy football",3,458185,83.2
"interested feel free",3,458188,83.2
"interested hearing thoughts",3,458191,83.2
"interested ipad typing",3,458194,83.2
"interested joining team",3,458197,83.21
"interested know pay",3,458200,83.21
"interested looking players",3,458203,83.21
"interested send info",3,458206,83.21
"interesting article thank",3,458209,83.21
"interesting live cam",3,458212,83.21
"interesting looks like",3,458215,83.21
"interesting people tonight",3,458218,83.21
"interesting people world",3,458221,83.21
"interesting read thanks",3,458224,83.21
"interesting seems like",3,458227,83.21
"international fresh faces",3,458230,83.21
"international new company",3,458233,83.21
"international workers rights",3,458236,83.21
"internet great place",3,458239,83.21
"internet last night",3,458242,83.21
"internship fair tomorrow",3,458245,83.21
"interview bbc radio",3,458248,83.21
"interview couple students",3,458251,83.22
"interview fingers crossed",3,458254,83.22
"interview looks like",3,458257,83.22
"interview skills come",3,458260,83.22
"interview tomorrow morning",3,458263,83.22
"interview unless applying",3,458266,83.22
"intro cute like",3,458269,83.22
"invention social media",3,458272,83.22
"investigating man found",3,458275,83.22
"investigation possible violations",3,458278,83.22
"investing real estate",3,458281,83.22
"investing time money",3,458284,83.22
"investors star known",3,458287,83.22
"invite looking forward",3,458290,83.22
"invited end season",3,458293,83.22
"involved job pump",3,458296,83.22
"iowa state today",3,458299,83.22
"iowa straw poll",3,458302,83.22
"ip er bb",3,458305,83.23
"ip server los",3,458308,83.23
"ip server new",3,458311,83.23
"ip server washington",3,458314,83.23
"ipad air ipod",3,458317,83.23
"ipad give away",3,458320,83.23
"ipad last night",3,458323,83.23
"ipad publication issue",3,458326,83.23
"ipad tell friends",3,458329,83.23
"iphone app free",3,458332,83.23
"iphone app help",3,458335,83.23
"iphone app let",3,458338,83.23
"iphone app lets",3,458341,83.23
"iphone app slow",3,458344,83.23
"iphone app update",3,458347,83.23
"iphone app use",3,458350,83.23
"iphone just got",3,458353,83.23
"iphone samsung galaxy",3,458356,83.23
"iran needs new",3,458359,83.23
"iraq come home",3,458362,83.24
"irish free state",3,458365,83.24
"irish pub great",3,458368,83.24
"iron male man",3,458371,83.24
"irrelevant unless course",3,458374,83.24
"irs tax filing",3,458377,83.24
"isaiah make laws",3,458380,83.24
"island creek farm",3,458383,83.24
"island iced tea",3,458386,83.24
"issue looks great",3,458389,83.24
"issued severe watch",3,458392,83.24
"italian cruise ship",3,458395,83.24
"italian wine tasting",3,458398,83.24
"italy tonight weekly",3,458401,83.24
"items entire vinyl",3,458404,83.24
"items made daily",3,458407,83.24
"items non food",3,458410,83.24
"itself make heaven",3,458413,83.24
"itself time meet",3,458416,83.25
"itunes amazon com",3,458419,83.25
"itunes amazon mp",3,458422,83.25
"itunes apple com",3,458425,83.25
"itunes www com",3,458428,83.25
"ivy blue carter",3,458431,83.25
"jack box chicken",3,458434,83.25
"jack grant guys",3,458437,83.25
"jack hot dogs",3,458440,83.25
"jack last night",3,458443,83.25
"jack trades master",3,458446,83.25
"jackson doctor found",3,458449,83.25
"jackson king pop",3,458452,83.25
"jail wanna go",3,458455,83.25
"jake da snake",3,458458,83.25
"jake kyle tonight",3,458461,83.25
"jake land pirates",3,458464,83.25
"jam last night",3,458467,83.25
"jam pm stage",3,458470,83.26
"jam session pm",3,458473,83.26
"james bond film",3,458476,83.26
"james bond marathon",3,458479,83.26
"james bond movies",3,458482,83.26
"james harden got",3,458485,83.26
"james harden named",3,458488,83.26
"james jeffrey west",3,458491,83.26
"james kobe bryant",3,458494,83.26
"jan don miss",3,458497,83.26
"jan st day",3,458500,83.26
"janet jackson concert",3,458503,83.26
"january new year",3,458506,83.26
"japan relief efforts",3,458509,83.26
"jason michael um",3,458512,83.26
"jason nice meet",3,458515,83.26
"jay last night",3,458518,83.26
"jay type bid",3,458521,83.26
"jazz appreciation month",3,458524,83.26
"jazz club street",3,458527,83.27
"jazz club tonight",3,458530,83.27
"jazz crush combo",3,458533,83.27
"jazz fans follow",3,458536,83.27
"jazz joe pm",3,458539,83.27
"jazz jokes open",3,458542,83.27
"jazz studies students",3,458545,83.27
"jealous relationship bed",3,458548,83.27
"jealous sun tired",3,458551,83.27
"jealous woman does",3,458554,83.27
"jeans make look",3,458557,83.27
"jeans skin showing",3,458560,83.27
"jeff looking forward",3,458563,83.27
"jefferson jackson dinner",3,458566,83.27
"jenkins celebration class",3,458569,83.27
"jennifer griffin dancing",3,458572,83.27
"jennifer hudson tribute",3,458575,83.27
"jennifer lopez marc",3,458578,83.27
"jerry matter times",3,458581,83.28
"jersey looking net",3,458584,83.28
"jersey shore called",3,458587,83.28
"jersey shore coming",3,458590,83.28
"jersey shore episode",3,458593,83.28
"jersey shore going",3,458596,83.28
"jersey shore kids",3,458599,83.28
"jersey shore look",3,458602,83.28
"jersey shore orange",3,458605,83.28
"jersey shore salt",3,458608,83.28
"jersey shore soon",3,458611,83.28
"jersey shore yeah",3,458614,83.28
"jerseys look like",3,458617,83.28
"jet know means",3,458620,83.28
"jim thanks follow",3,458623,83.28
"jimmy jacobs timber",3,458626,83.28
"jimmy last night",3,458629,83.28
"job board best",3,458632,83.28
"job board free",3,458635,83.29
"job board net",3,458638,83.29
"job don get",3,458641,83.29
"job fair come",3,458644,83.29
"job fair pm",3,458647,83.29
"job family friends",3,458650,83.29
"job getting done",3,458653,83.29
"job goes person",3,458656,83.29
"job good friends",3,458659,83.29
"job got get",3,458662,83.29
"job great job",3,458665,83.29
"job great work",3,458668,83.29
"job high school",3,458671,83.29
"job hunting today",3,458674,83.29
"job interviews today",3,458677,83.29
"job just don",3,458680,83.29
"job just finished",3,458683,83.29
"job just gave",3,458686,83.29
"job just keep",3,458689,83.29
"job just like",3,458692,83.3
"job just need",3,458695,83.3
"job just punch",3,458698,83.3
"job know going",3,458701,83.3
"job make feel",3,458704,83.3
"job make own",3,458707,83.3
"job need money",3,458710,83.3
"job new car",3,458713,83.3
"job new website",3,458716,83.3
"job offer miss",3,458719,83.3
"job panel today",3,458722,83.3
"job person knows",3,458725,83.3
"job pump blood",3,458728,83.3
"job san diego",3,458731,83.3
"job san francisco",3,458734,83.3
"job save money",3,458737,83.3
"job using twitter",3,458740,83.3
"jobs changed world",3,458743,83.3
"jobs left apple",3,458746,83.31
"joe buck tim",3,458749,83.31
"joe head coach",3,458752,83.31
"joe johnson got",3,458755,83.31
"joe louis arena",3,458758,83.31
"joe scott mile",3,458761,83.31
"joe wanted win",3,458764,83.31
"joel ward caps",3,458767,83.31
"john great weekend",3,458770,83.31
"john kind day",3,458773,83.31
"john legend best",3,458776,83.31
"john looks like",3,458779,83.31
"john social media",3,458782,83.31
"john thank following",3,458785,83.31
"john use caution",3,458788,83.31
"john vs rock",3,458791,83.31
"john wall dance",3,458794,83.31
"john www com",3,458797,83.31
"johnny cash tunes",3,458800,83.32
"johnny tim burton",3,458803,83.32
"johnny walker red",3,458806,83.32
"johns hopkins hospital",3,458809,83.32
"join campaign get",3,458812,83.32
"join club member",3,458815,83.32
"join convention center",3,458818,83.32
"join conversation com",3,458821,83.32
"join facebook twitter",3,458824,83.32
"join free today",3,458827,83.32
"join free webinar",3,458830,83.32
"join google hangout",3,458833,83.32
"join january th",3,458836,83.32
"join lunch dinner",3,458839,83.32
"join movement com",3,458842,83.32
"join navy pirate",3,458845,83.32
"join new year",3,458848,83.32
"join newark master",3,458851,83.32
"join opening reception",3,458854,83.32
"join rio pepper",3,458857,83.33
"join saturday night",3,458860,83.33
"join startup send",3,458863,83.33
"join sunday pm",3,458866,83.33
"join teens line",3,458869,83.33
"join thursday night",3,458872,83.33
"join twitter follow",3,458875,83.33
"join vip list",3,458878,83.33
"join www info",3,458881,83.33
"join yahoo group",3,458884,83.33
"joining tonight pm",3,458887,83.33
"joke looks like",3,458890,83.33
"joke www com",3,458893,83.33
"jokes know know",3,458896,83.33
"jokes sarcasm just",3,458899,83.33
"jon don know",3,458902,83.33
"jon stewart daily",3,458905,83.33
"jordan players live",3,458908,83.33
"josh jennifer lawrence",3,458911,83.34
"josh smith game",3,458914,83.34
"josh smith hawks",3,458917,83.34
"joshua going home",3,458920,83.34
"journal constitution blog",3,458923,83.34
"journey called life",3,458926,83.34
"journey greatness les",3,458929,83.34
"journey revenge dig",3,458932,83.34
"joy achievement thrill",3,458935,83.34
"joy filled day",3,458938,83.34
"joy forms might",3,458941,83.34
"joy return deep",3,458944,83.34
"juan puerto rico",3,458947,83.34
"judge actions intentions",3,458950,83.34
"judge book movie",3,458953,83.34
"judge hate separate",3,458956,83.34
"judged takes time",3,458959,83.34
"judges make decisions",3,458962,83.34
"judging honest open",3,458965,83.34
"judgment quick testify",3,458968,83.35
"juice don know",3,458971,83.35
"juice plus conference",3,458974,83.35
"juice taste like",3,458977,83.35
"juicy delicious burgers",3,458980,83.35
"julie hunting tips",3,458983,83.35
"july city ceo",3,458986,83.35
"july let know",3,458989,83.35
"july nd pm",3,458992,83.35
"july th august",3,458995,83.35
"july th celebrating",3,458998,83.35
"july th club",3,459001,83.35
"july th day",3,459004,83.35
"july th join",3,459007,83.35
"july th live",3,459010,83.35
"july th station",3,459013,83.35
"july th think",3,459016,83.35
"july th www",3,459019,83.35
"july weekend enjoy",3,459022,83.36
"july weekend hope",3,459025,83.36
"jump bullet time",3,459028,83.36
"jump get beat",3,459031,83.36
"jump remember titanic",3,459034,83.36
"jump start fame",3,459037,83.36
"jump start spring",3,459040,83.36
"jump start weekend",3,459043,83.36
"jumping came world",3,459046,83.36
"jumps couch fights",3,459049,83.36
"june email booking",3,459052,83.36
"june july gonna",3,459055,83.36
"june keep posted",3,459058,83.36
"june los angeles",3,459061,83.36
"june section row",3,459064,83.36
"june sounds like",3,459067,83.36
"june th baby",3,459070,83.36
"june th com",3,459073,83.36
"june th details",3,459076,83.37
"june th far",3,459079,83.37
"june th great",3,459082,83.37
"june th july",3,459085,83.37
"june th know",3,459088,83.37
"june th primary",3,459091,83.37
"june th st",3,459094,83.37
"june th thanks",3,459097,83.37
"june th think",3,459100,83.37
"june www com",3,459103,83.37
"junior high high",3,459106,83.37
"junior prayers go",3,459109,83.37
"junk parent motivate",3,459112,83.37
"just accepted friend",3,459115,83.37
"just accepted job",3,459118,83.37
"just accidentally tweeted",3,459121,83.37
"just ask server",3,459124,83.37
"just ask wife",3,459127,83.37
"just asked girl",3,459130,83.37
"just asked knew",3,459133,83.38
"just asked myself",3,459136,83.38
"just asked new",3,459139,83.38
"just asked think",3,459142,83.38
"just assume don",3,459145,83.38
"just ate biggest",3,459148,83.38
"just ate box",3,459151,83.38
"just ate bunch",3,459154,83.38
"just ate full",3,459157,83.38
"just ate hot",3,459160,83.38
"just balance lows",3,459163,83.38
"just barely caught",3,459166,83.38
"just barely missed",3,459169,83.38
"just believe way",3,459172,83.38
"just block zoo",3,459175,83.38
"just bought app",3,459178,83.38
"just bought bottle",3,459181,83.38
"just bought boyfriend",3,459184,83.38
"just bought ipad",3,459187,83.39
"just bought iphone",3,459190,83.39
"just bought like",3,459193,83.39
"just bought shirts",3,459196,83.39
"just bought stuff",3,459199,83.39
"just bout get",3,459202,83.39
"just boy understand",3,459205,83.39
"just break heart",3,459208,83.39
"just brewed coffee",3,459211,83.39
"just bunch nuts",3,459214,83.39
"just called himself",3,459217,83.39
"just called home",3,459220,83.39
"just called house",3,459223,83.39
"just called nice",3,459226,83.39
"just called word",3,459229,83.39
"just came got",3,459232,83.39
"just came head",3,459235,83.39
"just came hour",3,459238,83.39
"just came house",3,459241,83.4
"just came inside",3,459244,83.4
"just came pool",3,459247,83.4
"just came pretty",3,459250,83.4
"just came st",3,459253,83.4
"just came station",3,459256,83.4
"just came video",3,459259,83.4
"just came walmart",3,459262,83.4
"just case thought",3,459265,83.4
"just case wanna",3,459268,83.4
"just catching breath",3,459271,83.4
"just cause makes",3,459274,83.4
"just checked hotel",3,459277,83.4
"just checked score",3,459280,83.4
"just checked twitter",3,459283,83.4
"just checked using",3,459286,83.4
"just checked video",3,459289,83.4
"just checked youtube",3,459292,83.4
"just children playing",3,459295,83.4
"just chilling bed",3,459298,83.41
"just chilling like",3,459301,83.41
"just chilling tonight",3,459304,83.41
"just chilling work",3,459307,83.41
"just choose eat",3,459310,83.41
"just cleaned house",3,459313,83.41
"just clear did",3,459316,83.41
"just click button",3,459319,83.41
"just close anymore",3,459322,83.41
"just crossed line",3,459325,83.41
"just cute like",3,459328,83.41
"just damned thing",3,459331,83.41
"just dare say",3,459334,83.41
"just day closer",3,459337,83.41
"just day dreaming",3,459340,83.41
"just day get",3,459343,83.41
"just day go",3,459346,83.41
"just day love",3,459349,83.41
"just day till",3,459352,83.42
"just day today",3,459355,83.42
"just decided buy",3,459358,83.42
"just decided go",3,459361,83.42
"just decision made",3,459364,83.42
"just delete account",3,459367,83.42
"just delete facebook",3,459370,83.42
"just different mean",3,459373,83.42
"just discovered app",3,459376,83.42
"just discovered awesome",3,459379,83.42
"just discovered best",3,459382,83.42
"just discovered day",3,459385,83.42
"just discovered read",3,459388,83.42
"just drank soda",3,459391,83.42
"just drives crazy",3,459394,83.42
"just drop get",3,459397,83.42
"just earned himself",3,459400,83.42
"just easier way",3,459403,83.42
"just easy author",3,459406,83.43
"just eating dinner",3,459409,83.43
"just email details",3,459412,83.43
"just email info",3,459415,83.43
"just english class",3,459418,83.43
"just enjoy music",3,459421,83.43
"just enjoy time",3,459424,83.43
"just experiences reactions",3,459427,83.43
"just face fact",3,459430,83.43
"just fall love",3,459433,83.43
"just feel alive",3,459436,83.43
"just feel sad",3,459439,83.43
"just feel sorry",3,459442,83.43
"just feeling little",3,459445,83.43
"just feels really",3,459448,83.43
"just filled ballot",3,459451,83.43
"just finally started",3,459454,83.43
"just finding time",3,459457,83.43
"just finish eating",3,459460,83.43
"just finish writing",3,459463,83.44
"just flew apartment",3,459466,83.44
"just flew head",3,459469,83.44
"just flew right",3,459472,83.44
"just flew window",3,459475,83.44
"just focus getting",3,459478,83.44
"just focus good",3,459481,83.44
"just followed amazing",3,459484,83.44
"just followed crazy",3,459487,83.44
"just followed following",3,459490,83.44
"just followed great",3,459493,83.44
"just followed just",3,459496,83.44
"just followed know",3,459499,83.44
"just followed new",3,459502,83.44
"just following orders",3,459505,83.44
"just forget just",3,459508,83.44
"just free free",3,459511,83.44
"just friendly hello",3,459514,83.44
"just gave book",3,459517,83.45
"just gave hope",3,459520,83.45
"just gave idea",3,459523,83.45
"just gave new",3,459526,83.45
"just gave woman",3,459529,83.45
"just getting annoying",3,459532,83.45
"just getting caught",3,459535,83.45
"just getting done",3,459538,83.45
"just getting finished",3,459541,83.45
"just getting food",3,459544,83.45
"just getting house",3,459547,83.45
"just getting set",3,459550,83.45
"just getting shot",3,459553,83.45
"just getting trying",3,459556,83.45
"just girl know",3,459559,83.45
"just girl mean",3,459562,83.45
"just girl want",3,459565,83.45
"just give em",3,459568,83.45
"just give look",3,459571,83.46
"just give right",3,459574,83.46
"just giving time",3,459577,83.46
"just go bar",3,459580,83.46
"just go old",3,459583,83.46
"just go outside",3,459586,83.46
"just go pick",3,459589,83.46
"just go start",3,459592,83.46
"just go twitter",3,459595,83.46
"just go week",3,459598,83.46
"just go weekend",3,459601,83.46
"just going clean",3,459604,83.46
"just going cut",3,459607,83.46
"just going eat",3,459610,83.46
"just going leave",3,459613,83.46
"just going pictures",3,459616,83.46
"just going pretend",3,459619,83.46
"just going put",3,459622,83.46
"just going read",3,459625,83.46
"just going stop",3,459628,83.47
"just going think",3,459631,83.47
"just going write",3,459634,83.47
"just gonna delete",3,459637,83.47
"just gonna play",3,459640,83.47
"just gonna run",3,459643,83.47
"just gonna twitter",3,459646,83.47
"just good defense",3,459649,83.47
"just good friend",3,459652,83.47
"just good laugh",3,459655,83.47
"just good looks",3,459658,83.47
"just good night",3,459661,83.47
"just good people",3,459664,83.47
"just google docs",3,459667,83.47
"just got ago",3,459670,83.47
"just got amazon",3,459673,83.47
"just got annoyed",3,459676,83.47
"just got application",3,459679,83.47
"just got argument",3,459682,83.48
"just got band",3,459685,83.48
"just got basketball",3,459688,83.48
"just got bee",3,459691,83.48
"just got beer",3,459694,83.48
"just got believe",3,459697,83.48
"just got bird",3,459700,83.48
"just got blocked",3,459703,83.48
"just got boots",3,459706,83.48
"just got brewers",3,459709,83.48
"just got building",3,459712,83.48
"just got cab",3,459715,83.48
"just got camp",3,459718,83.48
"just got canon",3,459721,83.48
"just got catch",3,459724,83.48
"just got celebrity",3,459727,83.48
"just got city",3,459730,83.48
"just got come",3,459733,83.48
"just got compliment",3,459736,83.48
"just got concert",3,459739,83.49
"just got coupon",3,459742,83.49
"just got dark",3,459745,83.49
"just got deal",3,459748,83.49
"just got dear",3,459751,83.49
"just got demo",3,459754,83.49
"just got emails",3,459757,83.49
"just got extremely",3,459760,83.49
"just got feeling",3,459763,83.49
"just got film",3,459766,83.49
"just got finally",3,459769,83.49
"just got fish",3,459772,83.49
"just got flu",3,459775,83.49
"just got form",3,459778,83.49
"just got friends",3,459781,83.49
"just got georgia",3,459784,83.49
"just got green",3,459787,83.49
"just got guys",3,459790,83.49
"just got hard",3,459793,83.5
"just got hawaii",3,459796,83.5
"just got hear",3,459799,83.5
"just got heart",3,459802,83.5
"just got hopefully",3,459805,83.5
"just got hung",3,459808,83.5
"just got hungry",3,459811,83.5
"just got hurt",3,459814,83.5
"just got kindle",3,459817,83.5
"just got laptop",3,459820,83.5
"just got late",3,459823,83.5
"just got lifting",3,459826,83.5
"just got light",3,459829,83.5
"just got list",3,459832,83.5
"just got local",3,459835,83.5
"just got loved",3,459838,83.5
"just got lovely",3,459841,83.5
"just got major",3,459844,83.5
"just got mentioned",3,459847,83.51
"just got mood",3,459850,83.51
"just got morning",3,459853,83.51
"just got mother",3,459856,83.51
"just got msg",3,459859,83.51
"just got music",3,459862,83.51
"just got need",3,459865,83.51
"just got notice",3,459868,83.51
"just got pack",3,459871,83.51
"just got pink",3,459874,83.51
"just got pizza",3,459877,83.51
"just got point",3,459880,83.51
"just got poor",3,459883,83.51
"just got pregnant",3,459886,83.51
"just got project",3,459889,83.51
"just got quick",3,459892,83.51
"just got ran",3,459895,83.51
"just got red",3,459898,83.51
"just got response",3,459901,83.51
"just got road",3,459904,83.52
"just got room",3,459907,83.52
"just got salon",3,459910,83.52
"just got shots",3,459913,83.52
"just got soft",3,459916,83.52
"just got son",3,459919,83.52
"just got stabbed",3,459922,83.52
"just got stolen",3,459925,83.52
"just got taken",3,459928,83.52
"just got texas",3,459931,83.52
"just got things",3,459934,83.52
"just got thought",3,459937,83.52
"just got tip",3,459940,83.52
"just got ton",3,459943,83.52
"just got train",3,459946,83.52
"just got ur",3,459949,83.52
"just got voted",3,459952,83.52
"just got waiting",3,459955,83.52
"just got walked",3,459958,83.53
"just got wedding",3,459961,83.53
"just got weird",3,459964,83.53
"just got went",3,459967,83.53
"just got won",3,459970,83.53
"just got world",3,459973,83.53
"just gotta finish",3,459976,83.53
"just gotta survive",3,459979,83.53
"just gotta think",3,459982,83.53
"just grain sand",3,459985,83.53
"just great audition",3,459988,83.53
"just great guy",3,459991,83.53
"just great night",3,459994,83.53
"just great opportunity",3,459997,83.53
"just guess make",3,460000,83.53
"just hanging family",3,460003,83.53
"just heard accident",3,460006,83.53
"just heard amazing",3,460009,83.53
"just heard city",3,460012,83.54
"just heard clark",3,460015,83.54
"just heard clip",3,460018,83.54
"just heard cover",3,460021,83.54
"just heard crazy",3,460024,83.54
"just heard espn",3,460027,83.54
"just heard go",3,460030,83.54
"just heard john",3,460033,83.54
"just heard live",3,460036,83.54
"just heard mom",3,460039,83.54
"just heard passed",3,460042,83.54
"just heard passing",3,460045,83.54
"just heard phone",3,460048,83.54
"just heard phrase",3,460051,83.54
"just heard play",3,460054,83.54
"just heard really",3,460057,83.54
"just heard tonight",3,460060,83.54
"just heard whitney",3,460063,83.54
"just heard woman",3,460066,83.54
"just hit check",3,460069,83.55
"just hit floor",3,460072,83.55
"just hit free",3,460075,83.55
"just hit ft",3,460078,83.55
"just hit homer",3,460081,83.55
"just hit last",3,460084,83.55
"just hit mark",3,460087,83.55
"just hit need",3,460090,83.55
"just hit page",3,460093,83.55
"just hit send",3,460096,83.55
"just hit spot",3,460099,83.55
"just hit today",3,460102,83.55
"just hit twitter",3,460105,83.55
"just hold breath",3,460108,83.55
"just home phone",3,460111,83.55
"just home work",3,460114,83.55
"just hope make",3,460117,83.55
"just hope people",3,460120,83.55
"just hope things",3,460123,83.56
"just hope true",3,460126,83.56
"just hope wins",3,460129,83.56
"just hour drive",3,460132,83.56
"just ignore cool",3,460135,83.56
"just ignore people",3,460138,83.56
"just inside gate",3,460141,83.56
"just installed constant",3,460144,83.56
"just jersey shore",3,460147,83.56
"just keep don",3,460150,83.56
"just keep facebook",3,460153,83.56
"just keep following",3,460156,83.56
"just keep hating",3,460159,83.56
"just keep loop",3,460162,83.56
"just keep loving",3,460165,83.56
"just keep passing",3,460168,83.56
"just keep quiet",3,460171,83.56
"just keep rolling",3,460174,83.56
"just keep seeing",3,460177,83.57
"just keep winning",3,460180,83.57
"just keep working",3,460183,83.57
"just kidding buddy",3,460186,83.57
"just kidding hope",3,460189,83.57
"just kidding keep",3,460192,83.57
"just kidding wish",3,460195,83.57
"just kind afraid",3,460198,83.57
"just kinda like",3,460201,83.57
"just kinda ruined",3,460204,83.57
"just knew going",3,460207,83.57
"just know alive",3,460210,83.57
"just know answer",3,460213,83.57
"just know big",3,460216,83.57
"just know come",3,460219,83.57
"just know done",3,460222,83.57
"just know getting",3,460225,83.57
"just know just",3,460228,83.57
"just know life",3,460231,83.57
"just know matter",3,460234,83.58
"just know mom",3,460237,83.58
"just know spell",3,460240,83.58
"just know won",3,460243,83.58
"just know wont",3,460246,83.58
"just knows fun",3,460249,83.58
"just las vegas",3,460252,83.58
"just launched com",3,460255,83.58
"just launched rocket",3,460258,83.58
"just lay chill",3,460261,83.58
"just lazy day",3,460264,83.58
"just learn try",3,460267,83.58
"just learned friend",3,460270,83.58
"just learned love",3,460273,83.58
"just learned old",3,460276,83.58
"just leaving house",3,460279,83.58
"just leaving way",3,460282,83.58
"just left building",3,460285,83.58
"just left class",3,460288,83.59
"just left court",3,460291,83.59
"just left da",3,460294,83.59
"just left last",3,460297,83.59
"just left new",3,460300,83.59
"just left practice",3,460303,83.59
"just left think",3,460306,83.59
"just left time",3,460309,83.59
"just let borrow",3,460312,83.59
"just let hold",3,460315,83.59
"just let kids",3,460318,83.59
"just let life",3,460321,83.59
"just let phone",3,460324,83.59
"just let play",3,460327,83.59
"just let tell",3,460330,83.59
"just lie like",3,460333,83.59
"just lie say",3,460336,83.59
"just life learned",3,460339,83.59
"just liked pictures",3,460342,83.6
"just little better",3,460345,83.6
"just little bump",3,460348,83.6
"just little busy",3,460351,83.6
"just little disappointed",3,460354,83.6
"just little extra",3,460357,83.6
"just little nervous",3,460360,83.6
"just little rain",3,460363,83.6
"just little sad",3,460366,83.6
"just little way",3,460369,83.6
"just living day",3,460372,83.6
"just living room",3,460375,83.6
"just look cool",3,460378,83.6
"just look just",3,460381,83.6
"just look mirror",3,460384,83.6
"just look pictures",3,460387,83.6
"just look really",3,460390,83.6
"just look right",3,460393,83.6
"just look say",3,460396,83.6
"just look twitter",3,460399,83.61
"just love baby",3,460402,83.61
"just love boys",3,460405,83.61
"just love cats",3,460408,83.61
"just love doing",3,460411,83.61
"just love entire",3,460414,83.61
"just love family",3,460417,83.61
"just love friends",3,460420,83.61
"just love ignored",3,460423,83.61
"just love learning",3,460426,83.61
"just love life",3,460429,83.61
"just love little",3,460432,83.61
"just love looking",3,460435,83.61
"just love louis",3,460438,83.61
"just love man",3,460441,83.61
"just love myself",3,460444,83.61
"just love pieces",3,460447,83.61
"just love reading",3,460450,83.61
"just love talk",3,460453,83.62
"just love tell",3,460456,83.62
"just love think",3,460459,83.62
"just love water",3,460462,83.62
"just love word",3,460465,83.62
"just make decisions",3,460468,83.62
"just make don",3,460471,83.62
"just make em",3,460474,83.62
"just make jealous",3,460477,83.62
"just make love",3,460480,83.62
"just makes cry",3,460483,83.62
"just makes forget",3,460486,83.62
"just makes life",3,460489,83.62
"just makes miss",3,460492,83.62
"just makes sound",3,460495,83.62
"just makes wish",3,460498,83.62
"just maybe day",3,460501,83.62
"just mention saw",3,460504,83.62
"just met best",3,460507,83.63
"just met director",3,460510,83.63
"just met maybe",3,460513,83.63
"just met people",3,460516,83.63
"just met wait",3,460519,83.63
"just met woman",3,460522,83.63
"just met young",3,460525,83.63
"just might good",3,460528,83.63
"just might new",3,460531,83.63
"just might night",3,460534,83.63
"just might win",3,460537,83.63
"just might worth",3,460540,83.63
"just million chance",3,460543,83.63
"just min ago",3,460546,83.63
"just minute listen",3,460549,83.63
"just month ago",3,460552,83.63
"just month till",3,460555,83.63
"just morning person",3,460558,83.63
"just noticed account",3,460561,83.63
"just noticed followed",3,460564,83.64
"just noticed follower",3,460567,83.64
"just noticed going",3,460570,83.64
"just noticed hours",3,460573,83.64
"just noticed need",3,460576,83.64
"just noticed profile",3,460579,83.64
"just noticed th",3,460582,83.64
"just number totally",3,460585,83.64
"just offered job",3,460588,83.64
"just offered let",3,460591,83.64
"just ok just",3,460594,83.64
"just old guy",3,460597,83.64
"just open eyes",3,460600,83.64
"just ordered food",3,460603,83.64
"just ordered indy",3,460606,83.64
"just ordered large",3,460609,83.64
"just own tweet",3,460612,83.64
"just paid get",3,460615,83.64
"just paid phone",3,460618,83.65
"just part game",3,460621,83.65
"just pay forward",3,460624,83.65
"just person make",3,460627,83.65
"just person met",3,460630,83.65
"just person seem",3,460633,83.65
"just phone like",3,460636,83.65
"just pick random",3,460639,83.65
"just polite way",3,460642,83.65
"just pop culture",3,460645,83.65
"just popped mind",3,460648,83.65
"just post twitter",3,460651,83.65
"just pretty good",3,460654,83.65
"just pull pants",3,460657,83.65
"just purchased book",3,460660,83.65
"just put business",3,460663,83.65
"just put clothes",3,460666,83.65
"just put good",3,460669,83.65
"just put head",3,460672,83.65
"just put movie",3,460675,83.66
"just put myself",3,460678,83.66
"just put phone",3,460681,83.66
"just put pretty",3,460684,83.66
"just put sugar",3,460687,83.66
"just putting smile",3,460690,83.66
"just quit school",3,460693,83.66
"just random thoughts",3,460696,83.66
"just randomly came",3,460699,83.66
"just rat cage",3,460702,83.66
"just reached million",3,460705,83.66
"just reached views",3,460708,83.66
"just read articles",3,460711,83.66
"just read big",3,460714,83.66
"just read days",3,460717,83.66
"just read good",3,460720,83.66
"just read link",3,460723,83.66
"just read list",3,460726,83.66
"just read online",3,460729,83.67
"just read thought",3,460732,83.67
"just read wonderful",3,460735,83.67
"just read work",3,460738,83.67
"just real life",3,460741,83.67
"just reality accept",3,460744,83.67
"just really big",3,460747,83.67
"just really enjoy",3,460750,83.67
"just really great",3,460753,83.67
"just really old",3,460756,83.67
"just really sucks",3,460759,83.67
"just really sure",3,460762,83.67
"just really tired",3,460765,83.67
"just recently became",3,460768,83.67
"just recently found",3,460771,83.67
"just recently got",3,460774,83.67
"just recorded segment",3,460777,83.67
"just regret time",3,460780,83.67
"just relax neck",3,460783,83.68
"just remember don",3,460786,83.68
"just remember today",3,460789,83.68
"just replied email",3,460792,83.68
"just reported state",3,460795,83.68
"just right person",3,460798,83.68
"just robbed bank",3,460801,83.68
"just rolled window",3,460804,83.68
"just ruined surprise",3,460807,83.68
"just said awesome",3,460810,83.68
"just said brother",3,460813,83.68
"just said bye",3,460816,83.68
"just said friend",3,460819,83.68
"just said got",3,460822,83.68
"just said happy",3,460825,83.68
"just said last",3,460828,83.68
"just said made",3,460831,83.68
"just said needs",3,460834,83.68
"just said things",3,460837,83.68
"just said twitter",3,460840,83.69
"just said winning",3,460843,83.69
"just said yeah",3,460846,83.69
"just saw apparently",3,460849,83.69
"just saw avatar",3,460852,83.69
"just saw ben",3,460855,83.69
"just saw both",3,460858,83.69
"just saw bunch",3,460861,83.69
"just saw college",3,460864,83.69
"just saw coming",3,460867,83.69
"just saw comment",3,460870,83.69
"just saw cowboys",3,460873,83.69
"just saw dad",3,460876,83.69
"just saw denver",3,460879,83.69
"just saw dr",3,460882,83.69
"just saw drive",3,460885,83.69
"just saw eating",3,460888,83.69
"just saw elbow",3,460891,83.69
"just saw end",3,460894,83.7
"just saw female",3,460897,83.7
"just saw fox",3,460900,83.7
"just saw fun",3,460903,83.7
"just saw funny",3,460906,83.7
"just saw future",3,460909,83.7
"just saw getting",3,460912,83.7
"just saw gonna",3,460915,83.7
"just saw group",3,460918,83.7
"just saw happy",3,460921,83.7
"just saw hit",3,460924,83.7
"just saw hope",3,460927,83.7
"just saw horse",3,460930,83.7
"just saw idol",3,460933,83.7
"just saw incredible",3,460936,83.7
"just saw kids",3,460939,83.7
"just saw lightning",3,460942,83.7
"just saw line",3,460945,83.7
"just saw live",3,460948,83.71
"just saw looked",3,460951,83.71
"just saw loved",3,460954,83.71
"just saw maybe",3,460957,83.71
"just saw milwaukee",3,460960,83.71
"just saw mom",3,460963,83.71
"just saw newest",3,460966,83.71
"just saw pair",3,460969,83.71
"just saw phil",3,460972,83.71
"just saw pictures",3,460975,83.71
"just saw priest",3,460978,83.71
"just saw question",3,460981,83.71
"just saw rainbow",3,460984,83.71
"just saw random",3,460987,83.71
"just saw reply",3,460990,83.71
"just saw reunion",3,460993,83.71
"just saw riding",3,460996,83.71
"just saw rock",3,460999,83.71
"just saw say",3,461002,83.71
"just saw send",3,461005,83.72
"just saw squirrel",3,461008,83.72
"just saw story",3,461011,83.72
"just saw super",3,461014,83.72
"just saw taking",3,461017,83.72
"just saw ted",3,461020,83.72
"just saw tell",3,461023,83.72
"just saw terrible",3,461026,83.72
"just saw train",3,461029,83.72
"just saw tweeted",3,461032,83.72
"just saw using",3,461035,83.72
"just saw van",3,461038,83.72
"just saw vegas",3,461041,83.72
"just saw wait",3,461044,83.72
"just saw way",3,461047,83.72
"just saw web",3,461050,83.72
"just saw wonder",3,461053,83.72
"just saw wonderful",3,461056,83.72
"just saw yes",3,461059,83.73
"just saying fine",3,461062,83.73
"just saying follow",3,461065,83.73
"just saying gone",3,461068,83.73
"just saying ok",3,461071,83.73
"just saying said",3,461074,83.73
"just saying sorry",3,461077,83.73
"just saying stop",3,461080,83.73
"just saying watch",3,461083,83.73
"just scored goal",3,461086,83.73
"just sealed deal",3,461089,83.73
"just second ago",3,461092,83.73
"just second crossed",3,461095,83.73
"just seemed odd",3,461098,83.73
"just sent bunch",3,461101,83.73
"just sent hit",3,461104,83.73
"just sent let",3,461107,83.73
"just sent letter",3,461110,83.73
"just sent notes",3,461113,83.74
"just sent press",3,461116,83.74
"just sent quick",3,461119,83.74
"just shot videos",3,461122,83.74
"just signed like",3,461125,83.74
"just signed looks",3,461128,83.74
"just signed summer",3,461131,83.74
"just signed time",3,461134,83.74
"just signed today",3,461137,83.74
"just signed volunteer",3,461140,83.74
"just signed year",3,461143,83.74
"just simple girl",3,461146,83.74
"just skip thursday",3,461149,83.74
"just small girl",3,461152,83.74
"just small part",3,461155,83.74
"just smile anything",3,461158,83.74
"just smile nod",3,461161,83.74
"just sound right",3,461164,83.74
"just spend hours",3,461167,83.74
"just stand right",3,461170,83.75
"just stand watch",3,461173,83.75
"just standing line",3,461176,83.75
"just standing room",3,461179,83.75
"just standing shore",3,461182,83.75
"just stare like",3,461185,83.75
"just started account",3,461188,83.75
"just started haven",3,461191,83.75
"just started looking",3,461194,83.75
"just started raining",3,461197,83.75
"just started recently",3,461200,83.75
"just started second",3,461203,83.75
"just started thinking",3,461206,83.75
"just started tweeting",3,461209,83.75
"just step closer",3,461212,83.75
"just steps away",3,461215,83.75
"just stop breathing",3,461218,83.75
"just stop caring",3,461221,83.75
"just stop getting",3,461224,83.76
"just stop just",3,461227,83.76
"just stop looking",3,461230,83.76
"just stop middle",3,461233,83.76
"just stop playing",3,461236,83.76
"just stop shop",3,461239,83.76
"just super bowl",3,461242,83.76
"just super fun",3,461245,83.76
"just surely pushed",3,461248,83.76
"just take action",3,461251,83.76
"just take home",3,461254,83.76
"just take money",3,461257,83.76
"just take phone",3,461260,83.76
"just take word",3,461263,83.76
"just taught pretend",3,461266,83.76
"just tell come",3,461269,83.76
"just tell done",3,461272,83.76
"just tell get",3,461275,83.76
"just tell straight",3,461278,83.77
"just tell time",3,461281,83.77
"just tell wanna",3,461284,83.77
"just tell wrong",3,461287,83.77
"just telling day",3,461290,83.77
"just temporarily upset",3,461293,83.77
"just texts new",3,461296,83.77
"just things really",3,461299,83.77
"just think day",3,461302,83.77
"just think finally",3,461305,83.77
"just think free",3,461308,83.77
"just think getting",3,461311,83.77
"just think hilarious",3,461314,83.77
"just think hit",3,461317,83.77
"just think hot",3,461320,83.77
"just think looks",3,461323,83.77
"just think needs",3,461326,83.77
"just think pretty",3,461329,83.77
"just think think",3,461332,83.77
"just think won",3,461335,83.78
"just think wrong",3,461338,83.78
"just thinking exact",3,461341,83.78
"just thinking get",3,461344,83.78
"just thought fun",3,461347,83.78
"just thought going",3,461350,83.78
"just thought great",3,461353,83.78
"just thought hilarious",3,461356,83.78
"just thought just",3,461359,83.78
"just thought knew",3,461362,83.78
"just thought nice",3,461365,83.78
"just thought pass",3,461368,83.78
"just thought thing",3,461371,83.78
"just time bring",3,461374,83.78
"just time change",3,461377,83.78
"just time learning",3,461380,83.78
"just time today",3,461383,83.78
"just time welcome",3,461386,83.78
"just time winter",3,461389,83.79
"just told come",3,461392,83.79
"just told cute",3,461395,83.79
"just told family",3,461398,83.79
"just told friend",3,461401,83.79
"just told get",3,461404,83.79
"just told girl",3,461407,83.79
"just told guess",3,461410,83.79
"just told needs",3,461413,83.79
"just told open",3,461416,83.79
"just told people",3,461419,83.79
"just told put",3,461422,83.79
"just told rachel",3,461425,83.79
"just told real",3,461428,83.79
"just told remind",3,461431,83.79
"just told today",3,461434,83.79
"just told tv",3,461437,83.79
"just told use",3,461440,83.79
"just tone deaf",3,461443,83.79
"just took event",3,461446,83.8
"just took long",3,461449,83.8
"just took longest",3,461452,83.8
"just took money",3,461455,83.8
"just took place",3,461458,83.8
"just took shots",3,461461,83.8
"just took walk",3,461464,83.8
"just tried send",3,461467,83.8
"just tried use",3,461470,83.8
"just trying contact",3,461473,83.8
"just trying decide",3,461476,83.8
"just trying enjoy",3,461479,83.8
"just trying new",3,461482,83.8
"just trying sell",3,461485,83.8
"just trying use",3,461488,83.8
"just turn like",3,461491,83.8
"just turn tv",3,461494,83.8
"just tweet get",3,461497,83.8
"just tweet things",3,461500,83.81
"just understand people",3,461503,83.81
"just unsure own",3,461506,83.81
"just updated phone",3,461509,83.81
"just updated twitter",3,461512,83.81
"just ur self",3,461515,83.81
"just using new",3,461518,83.81
"just visited friend",3,461521,83.81
"just wait last",3,461524,83.81
"just wait longer",3,461527,83.81
"just wait play",3,461530,83.81
"just wait start",3,461533,83.81
"just wait time",3,461536,83.81
"just wait watch",3,461539,83.81
"just waking morning",3,461542,83.81
"just walked bar",3,461545,83.81
"just walked class",3,461548,83.81
"just walked like",3,461551,83.81
"just walked plane",3,461554,83.82
"just walked said",3,461557,83.82
"just walked work",3,461560,83.82
"just walks away",3,461563,83.82
"just watch tape",3,461566,83.82
"just way letting",3,461569,83.82
"just way love",3,461572,83.82
"just way perfect",3,461575,83.82
"just way roll",3,461578,83.82
"just went away",3,461581,83.82
"just went bad",3,461584,83.82
"just went did",3,461587,83.82
"just went got",3,461590,83.82
"just went history",3,461593,83.82
"just went library",3,461596,83.82
"just went middle",3,461599,83.82
"just went mode",3,461602,83.82
"just went old",3,461605,83.82
"just went school",3,461608,83.82
"just went store",3,461611,83.83
"just went straight",3,461614,83.83
"just went tweet",3,461617,83.83
"just went walk",3,461620,83.83
"just went way",3,461623,83.83
"just went website",3,461626,83.83
"just went wedding",3,461629,83.83
"just win lottery",3,461632,83.83
"just wish better",3,461635,83.83
"just wish make",3,461638,83.83
"just wish notice",3,461641,83.83
"just wish talk",3,461644,83.83
"just wish trust",3,461647,83.83
"just wish work",3,461650,83.83
"just witnessed best",3,461653,83.83
"just witnessed deal",3,461656,83.83
"just woke get",3,461659,83.83
"just woke great",3,461662,83.83
"just woke guess",3,461665,83.84
"just woke just",3,461668,83.84
"just woke minutes",3,461671,83.84
"just woke missed",3,461674,83.84
"just woke nightmare",3,461677,83.84
"just woke saw",3,461680,83.84
"just woke school",3,461683,83.84
"just woke think",3,461686,83.84
"just woke today",3,461689,83.84
"just won championship",3,461692,83.84
"just won end",3,461695,83.84
"just won give",3,461698,83.84
"just won golden",3,461701,83.84
"just won people",3,461704,83.84
"just won stop",3,461707,83.84
"just won take",3,461710,83.84
"just won work",3,461713,83.84
"just wonderful lunch",3,461716,83.84
"just wondering get",3,461719,83.85
"just wondering know",3,461722,83.85
"just wont let",3,461725,83.85
"just word comes",3,461728,83.85
"just word make",3,461731,83.85
"just worth end",3,461734,83.85
"just write piece",3,461737,83.85
"just writing new",3,461740,83.85
"just yelled go",3,461743,83.85
"just yellow egg",3,461746,83.85
"justin boyfriend amazing",3,461749,83.85
"justin ex girlfriend",3,461752,83.85
"justin follow love",3,461755,83.85
"justin like breathing",3,461758,83.85
"justin selena broke",3,461761,83.85
"justin selena pick",3,461764,83.85
"justin think hes",3,461767,83.85
"kansas city like",3,461770,83.85
"kansas city tonight",3,461773,83.85
"kansas city urban",3,461776,83.86
"karaoke dance party",3,461779,83.86
"karaoke tonight karma",3,461782,83.86
"karaoke tonight milwaukee",3,461785,83.86
"karen thanks following",3,461788,83.86
"katy perry california",3,461791,83.86
"katy perry got",3,461794,83.86
"katy perry makes",3,461797,83.86
"katy perry said",3,461800,83.86
"katy perry teenage",3,461803,83.86
"keep arguing anyway",3,461806,83.86
"keep asking did",3,461809,83.86
"keep asking question",3,461812,83.86
"keep asking questions",3,461815,83.86
"keep bit longer",3,461818,83.86
"keep busy seconds",3,461821,83.86
"keep calling fake",3,461824,83.86
"keep cheering check",3,461827,83.86
"keep circle tight",3,461830,83.87
"keep country safe",3,461833,83.87
"keep date latest",3,461836,83.87
"keep doing amazing",3,461839,83.87
"keep dreaming big",3,461842,83.87
"keep dreams alive",3,461845,83.87
"keep eating healthy",3,461848,83.87
"keep excellent work",3,461851,83.87
"keep eye big",3,461854,83.87
"keep eye blog",3,461857,83.87
"keep eye email",3,461860,83.87
"keep eye good",3,461863,83.87
"keep eye inbox",3,461866,83.87
"keep eye just",3,461869,83.87
"keep eye weather",3,461872,83.87
"keep family healthy",3,461875,83.87
"keep family prayer",3,461878,83.87
"keep fears share",3,461881,83.87
"keep fighting want",3,461884,83.88
"keep forgetting hashtag",3,461887,83.88
"keep going day",3,461890,83.88
"keep going feel",3,461893,83.88
"keep going girl",3,461896,83.88
"keep going give",3,461899,83.88
"keep going go",3,461902,83.88
"keep going let",3,461905,83.88
"keep going long",3,461908,83.88
"keep going matter",3,461911,83.88
"keep going maybe",3,461914,83.88
"keep going need",3,461917,83.88
"keep going plan",3,461920,83.88
"keep going thank",3,461923,83.88
"keep going thanks",3,461926,83.88
"keep going till",3,461929,83.88
"keep good attitude",3,461932,83.88
"keep good man",3,461935,83.88
"keep good music",3,461938,83.88
"keep happy cent",3,461941,83.89
"keep health eat",3,461944,83.89
"keep just keep",3,461947,83.89
"keep just kidding",3,461950,83.89
"keep keep good",3,461953,83.89
"keep keep keep",3,461956,83.89
"keep kept safe",3,461959,83.89
"keep likes coming",3,461962,83.89
"keep listening music",3,461965,83.89
"keep live tweets",3,461968,83.89
"keep living life",3,461971,83.89
"keep looking don",3,461974,83.89
"keep looking phone",3,461977,83.89
"keep loop progress",3,461980,83.89
"keep love heart",3,461983,83.89
"keep mind meet",3,461986,83.89
"keep mind road",3,461989,83.89
"keep mind success",3,461992,83.89
"keep mind thank",3,461995,83.9
"keep mind things",3,461998,83.9
"keep mind young",3,462001,83.9
"keep mouth close",3,462004,83.9
"keep people love",3,462007,83.9
"keep portland weird",3,462010,83.9
"keep posted big",3,462013,83.9
"keep posted go",3,462016,83.9
"keep posted hear",3,462019,83.9
"keep posted works",3,462022,83.9
"keep putting good",3,462025,83.9
"keep reading keep",3,462028,83.9
"keep reading tweets",3,462031,83.9
"keep seeing posts",3,462034,83.9
"keep seeing tl",3,462037,83.9
"keep sense humor",3,462040,83.9
"keep simple keep",3,462043,83.9
"keep solid work",3,462046,83.9
"keep teeth clean",3,462049,83.91
"keep things intimate",3,462052,83.91
"keep touch friends",3,462055,83.91
"keep touch let",3,462058,83.91
"keep touch sure",3,462061,83.91
"keep touch thank",3,462064,83.91
"keep touch xx",3,462067,83.91
"keep touch year",3,462070,83.91
"keep tunes coming",3,462073,83.91
"keep tweets entertaining",3,462076,83.91
"keep twitter account",3,462079,83.91
"keep voting guys",3,462082,83.91
"keep voting www",3,462085,83.91
"keep wasting time",3,462088,83.91
"keep yo mouth",3,462091,83.91
"keeping busy today",3,462094,83.91
"keeping dream alive",3,462097,83.91
"keeping food journal",3,462100,83.91
"keeping new year",3,462103,83.91
"keeping track home",3,462106,83.92
"keeps company inspires",3,462109,83.92
"keeps saying like",3,462112,83.92
"ken burns doc",3,462115,83.92
"ken burns documentary",3,462118,83.92
"kentucky beats louisville",3,462121,83.92
"kentucky go big",3,462124,83.92
"kentucky go cats",3,462127,83.92
"kentucky north carolina",3,462130,83.92
"kept thinking digital",3,462133,83.92
"kevin pitch does",3,462136,83.92
"key golden door",3,462139,83.92
"key notes places",3,462142,83.92
"key west weekend",3,462145,83.92
"kick high gear",3,462148,83.92
"kick th july",3,462151,83.92
"kick tour los",3,462154,83.92
"kick weekend early",3,462157,83.92
"kick weekend happy",3,462160,83.93
"kicked feel like",3,462163,83.93
"kicking pm et",3,462166,83.93
"kicks just came",3,462169,83.93
"kidding just kidding",3,462172,83.93
"kids activities beautiful",3,462175,83.93
"kids anything want",3,462178,83.93
"kids beautiful day",3,462181,83.93
"kids charlotte web",3,462184,83.93
"kids count data",3,462187,83.93
"kids days just",3,462190,83.93
"kids go tell",3,462193,83.93
"kids heading school",3,462196,83.93
"kids ice cream",3,462199,83.93
"kids just awesome",3,462202,83.93
"kids know get",3,462205,83.93
"kids meals come",3,462208,83.93
"kids neighborhood art",3,462211,83.93
"kids pass text",3,462214,83.93
"kids play football",3,462217,83.94
"kids really need",3,462220,83.94
"kids smoke weed",3,462223,83.94
"kids street challenged",3,462226,83.94
"kids th annual",3,462229,83.94
"kids work day",3,462232,83.94
"kids work hard",3,462235,83.94
"kim kris getting",3,462238,83.94
"kind hard believe",3,462241,83.94
"kind louis armstrong",3,462244,83.94
"kind music play",3,462247,83.94
"kind person makes",3,462250,83.94
"kind stuff like",3,462253,83.94
"kind thank support",3,462256,83.94
"kind want buy",3,462259,83.94
"kind words best",3,462262,83.94
"kind words guys",3,462265,83.94
"kind words help",3,462268,83.94
"kind words man",3,462271,83.95
"kind words sharing",3,462274,83.95
"kind words shout",3,462277,83.95
"kind words sure",3,462280,83.95
"kinda does make",3,462283,83.95
"kinda fell asleep",3,462286,83.95
"kinda just made",3,462289,83.95
"kinda miss talking",3,462292,83.95
"kinda ruined things",3,462295,83.95
"kinda thing makes",3,462298,83.95
"kinda want play",3,462301,83.95
"kinda want start",3,462304,83.95
"kinda want take",3,462307,83.95
"kinda wish going",3,462310,83.95
"kindle direct publishing",3,462313,83.95
"kindle enthusiasm sure",3,462316,83.95
"kindle vs ipad",3,462319,83.95
"kindle www com",3,462322,83.95
"kindness people kindness",3,462325,83.96
"king dairy queen",3,462328,83.96
"king jack box",3,462331,83.96
"king wendy going",3,462334,83.96
"kings island saturday",3,462337,83.96
"kings last night",3,462340,83.96
"kings leon closer",3,462343,83.96
"kings western conference",3,462346,83.96
"kiss anytime want",3,462349,83.96
"kiss fm morning",3,462352,83.96
"kiss kiss happy",3,462355,83.96
"kiss like mean",3,462358,83.96
"kiss looking way",3,462361,83.96
"kisses gently anna",3,462364,83.96
"kissing hours grabs",3,462367,83.96
"kissing parties vinyl",3,462370,83.96
"kitchen open midnight",3,462373,83.96
"kitchen open safety",3,462376,83.96
"kitchen sandwich maybe",3,462379,83.96
"klein models don",3,462382,83.97
"knee waist high",3,462385,83.97
"knew get pain",3,462388,83.97
"knew gonna go",3,462391,83.97
"knew stay away",3,462394,83.97
"knock door best",3,462397,83.97
"knock free throws",3,462400,83.97
"knock till tried",3,462403,83.97
"knock till try",3,462406,83.97
"know able go",3,462409,83.97
"know able wait",3,462412,83.97
"know amazing people",3,462415,83.97
"know amazing thanks",3,462418,83.97
"know anyone getting",3,462421,83.97
"know anyone lives",3,462424,83.97
"know anyone network",3,462427,83.97
"know anything basketball",3,462430,83.97
"know anything make",3,462433,83.97
"know anything need",3,462436,83.98
"know asap thanks",3,462439,83.98
"know ask questions",3,462442,83.98
"know better don",3,462445,83.98
"know better fall",3,462448,83.98
"know better say",3,462451,83.98
"know better try",3,462454,83.98
"know better work",3,462457,83.98
"know bridge cross",3,462460,83.98
"know business wants",3,462463,83.98
"know cause know",3,462466,83.98
"know changed twitter",3,462469,83.98
"know check www",3,462472,83.98
"know civil war",3,462475,83.98
"know collecting lightly",3,462478,83.98
"know couple days",3,462481,83.98
"know cure cookie",3,462484,83.98
"know deal know",3,462487,83.98
"know definitely check",3,462490,83.99
"know deserve better",3,462493,83.99
"know did bad",3,462496,83.99
"know did really",3,462499,83.99
"know doing doing",3,462502,83.99
"know doing let",3,462505,83.99
"know doing like",3,462508,83.99
"know don hate",3,462511,83.99
"know don matter",3,462514,83.99
"know don sleep",3,462517,83.99
"know don stranger",3,462520,83.99
"know don time",3,462523,83.99
"know don tweet",3,462526,83.99
"know don watch",3,462529,83.99
"know door open",3,462532,83.99
"know drive crazy",3,462535,83.99
"know drive stick",3,462538,83.99
"know easy way",3,462541,83.99
"know encouraging fact",3,462544,83.99
"know extent ignorance",3,462547,84
"know facebook page",3,462550,84
"know family friends",3,462553,84
"know fans get",3,462556,84
"know far usual",3,462559,84
"know feel fine",3,462562,84
"know feel right",3,462565,84
"know felt way",3,462568,84
"know fix problem",3,462571,84
"know friends family",3,462574,84
"know friends know",3,462577,84
"know fun know",3,462580,84
"know fun tell",3,462583,84
"know game time",3,462586,84
"know get awesome",3,462589,84
"know get beat",3,462592,84
"know get better",3,462595,84
"know get car",3,462598,84
"know get contact",3,462601,84.01
"know get done",3,462604,84.01
"know get hair",3,462607,84.01
"know get job",3,462610,84.01
"know get like",3,462613,84.01
"know get point",3,462616,84.01
"know get pregnant",3,462619,84.01
"know get put",3,462622,84.01
"know get ticket",3,462625,84.01
"know get trouble",3,462628,84.01
"know get tweet",3,462631,84.01
"know get word",3,462634,84.01
"know give chance",3,462637,84.01
"know give good",3,462640,84.01
"know go day",3,462643,84.01
"know go go",3,462646,84.01
"know go just",3,462649,84.01
"know go life",3,462652,84.01
"know go right",3,462655,84.02
"know go slow",3,462658,84.02
"know go work",3,462661,84.02
"know going alright",3,462664,84.02
"know going don",3,462667,84.02
"know going game",3,462670,84.02
"know going home",3,462673,84.02
"know going know",3,462676,84.02
"know going life",3,462679,84.02
"know going meet",3,462682,84.02
"know going point",3,462685,84.02
"know going really",3,462688,84.02
"know going school",3,462691,84.02
"know going spend",3,462694,84.02
"know going today",3,462697,84.02
"know going vegas",3,462700,84.02
"know gone happen",3,462703,84.02
"know gonna amazing",3,462706,84.02
"know gonna day",3,462709,84.02
"know gonna end",3,462712,84.03
"know gonna give",3,462715,84.03
"know gonna gonna",3,462718,84.03
"know gonna hurt",3,462721,84.03
"know gonna know",3,462724,84.03
"know gonna like",3,462727,84.03
"know gonna long",3,462730,84.03
"know gonna tell",3,462733,84.03
"know gonna tomorrow",3,462736,84.03
"know gonna tonight",3,462739,84.03
"know gonna watch",3,462742,84.03
"know good book",3,462745,84.03
"know good cheap",3,462748,84.03
"know good events",3,462751,84.03
"know good fit",3,462754,84.03
"know good good",3,462757,84.03
"know good home",3,462760,84.03
"know good movie",3,462763,84.03
"know good people",3,462766,84.04
"know good taste",3,462769,84.04
"know good times",3,462772,84.04
"know good work",3,462775,84.04
"know google chrome",3,462778,84.04
"know got boo",3,462781,84.04
"know got email",3,462784,84.04
"know got got",3,462787,84.04
"know got great",3,462790,84.04
"know got kind",3,462793,84.04
"know got thanks",3,462796,84.04
"know got twitter",3,462799,84.04
"know got work",3,462802,84.04
"know gotta ask",3,462805,84.04
"know gotta good",3,462808,84.04
"know gotta just",3,462811,84.04
"know gotta stay",3,462814,84.04
"know haven tweeted",3,462817,84.04
"know head way",3,462820,84.05
"know hear lot",3,462823,84.05
"know heard rumors",3,462826,84.05
"know hearts broken",3,462829,84.05
"know help good",3,462832,84.05
"know help help",3,462835,84.05
"know help make",3,462838,84.05
"know high get",3,462841,84.05
"know ill follow",3,462844,84.05
"know important keep",3,462847,84.05
"know important things",3,462850,84.05
"know jon snow",3,462853,84.05
"know key eagles",3,462856,84.05
"know kind deal",3,462859,84.05
"know kind person",3,462862,84.05
"know kinda late",3,462865,84.05
"know kinda like",3,462868,84.05
"know know ah",3,462871,84.05
"know know blonde",3,462874,84.05
"know know doing",3,462877,84.06
"know know funny",3,462880,84.06
"know know interested",3,462883,84.06
"know know thanks",3,462886,84.06
"know know things",3,462889,84.06
"know know working",3,462892,84.06
"know know write",3,462895,84.06
"know last day",3,462898,84.06
"know last years",3,462901,84.06
"know leave justin",3,462904,84.06
"know left open",3,462907,84.06
"know like app",3,462910,84.06
"know like best",3,462913,84.06
"know like coffee",3,462916,84.06
"know like did",3,462919,84.06
"know like donate",3,462922,84.06
"know like facebook",3,462925,84.06
"know like follow",3,462928,84.06
"know like got",3,462931,84.07
"know like guy",3,462934,84.07
"know like hear",3,462937,84.07
"know like kids",3,462940,84.07
"know like look",3,462943,84.07
"know like music",3,462946,84.07
"know like really",3,462949,84.07
"know like think",3,462952,84.07
"know like time",3,462955,84.07
"know looks awesome",3,462958,84.07
"know louis armstrong",3,462961,84.07
"know make big",3,462964,84.07
"know make difference",3,462967,84.07
"know make good",3,462970,84.07
"know make night",3,462973,84.07
"know make own",3,462976,84.07
"know make reservation",3,462979,84.07
"know make watch",3,462982,84.07
"know make work",3,462985,84.07
"know making fun",3,462988,84.08
"know making new",3,462991,84.08
"know maybe come",3,462994,84.08
"know maybe don",3,462997,84.08
"know maybe might",3,463000,84.08
"know mean come",3,463003,84.08
"know mean old",3,463006,84.08
"know mean think",3,463009,84.08
"know mean world",3,463012,84.08
"know means fly",3,463015,84.08
"know means know",3,463018,84.08
"know means love",3,463021,84.08
"know means means",3,463024,84.08
"know means mt",3,463027,84.08
"know means people",3,463030,84.08
"know means time",3,463033,84.08
"know means world",3,463036,84.08
"know meant think",3,463039,84.08
"know mom don",3,463042,84.09
"know mom love",3,463045,84.09
"know money get",3,463048,84.09
"know must doing",3,463051,84.09
"know must done",3,463054,84.09
"know must get",3,463057,84.09
"know need extra",3,463060,84.09
"know need good",3,463063,84.09
"know need learn",3,463066,84.09
"know need let",3,463069,84.09
"know need need",3,463072,84.09
"know need study",3,463075,84.09
"know nice people",3,463078,84.09
"know part time",3,463081,84.09
"know pay attention",3,463084,84.09
"know people feel",3,463087,84.09
"know people following",3,463090,84.09
"know people help",3,463093,84.09
"know people keep",3,463096,84.1
"know people need",3,463099,84.1
"know people said",3,463102,84.1
"know people saying",3,463105,84.1
"know people thought",3,463108,84.1
"know people trust",3,463111,84.1
"know people wear",3,463114,84.1
"know people world",3,463117,84.1
"know port sailing",3,463120,84.1
"know pretty little",3,463123,84.1
"know really did",3,463126,84.1
"know really going",3,463129,84.1
"know really great",3,463132,84.1
"know really happened",3,463135,84.1
"know really late",3,463138,84.1
"know really long",3,463141,84.1
"know really loves",3,463144,84.1
"know really wants",3,463147,84.1
"know rest life",3,463150,84.1
"know rough night",3,463153,84.11
"know saw made",3,463156,84.11
"know saw tweet",3,463159,84.11
"know say go",3,463162,84.11
"know say good",3,463165,84.11
"know say make",3,463168,84.11
"know say want",3,463171,84.11
"know secret don",3,463174,84.11
"know seen movie",3,463177,84.11
"know send link",3,463180,84.11
"know sending good",3,463183,84.11
"know sleep tonight",3,463186,84.11
"know soon find",3,463189,84.11
"know special events",3,463192,84.11
"know stay grind",3,463195,84.11
"know stay tuned",3,463198,84.11
"know story ends",3,463201,84.11
"know super bowl",3,463204,84.11
"know supposed end",3,463207,84.12
"know talk anymore",3,463210,84.12
"know talk like",3,463213,84.12
"know talking shut",3,463216,84.12
"know team thanks",3,463219,84.12
"know think awesome",3,463222,84.12
"know think both",3,463225,84.12
"know think finished",3,463228,84.12
"know think gonna",3,463231,84.12
"know think haven",3,463234,84.12
"know think make",3,463237,84.12
"know think makes",3,463240,84.12
"know think might",3,463243,84.12
"know think really",3,463246,84.12
"know think somebody",3,463249,84.12
"know think take",3,463252,84.12
"know think tried",3,463255,84.12
"know think wait",3,463258,84.12
"know time going",3,463261,84.13
"know time live",3,463264,84.13
"know time meet",3,463267,84.13
"know time read",3,463270,84.13
"know time works",3,463273,84.13
"know times gotten",3,463276,84.13
"know told know",3,463279,84.13
"know told love",3,463282,84.13
"know tomorrow bring",3,463285,84.13
"know tried million",3,463288,84.13
"know try anymore",3,463291,84.13
"know type person",3,463294,84.13
"know typing middle",3,463297,84.13
"know waiting come",3,463300,84.13
"know want achieve",3,463303,84.13
"know want allowed",3,463306,84.13
"know want baby",3,463309,84.13
"know want check",3,463312,84.13
"know want eat",3,463315,84.13
"know want free",3,463318,84.14
"know want hang",3,463321,84.14
"know want hit",3,463324,84.14
"know want invite",3,463327,84.14
"know want leave",3,463330,84.14
"know want market",3,463333,84.14
"know want new",3,463336,84.14
"know want review",3,463339,84.14
"know want say",3,463342,84.14
"know want start",3,463345,84.14
"know want watch",3,463348,84.14
"know want win",3,463351,84.14
"know wanted know",3,463354,84.14
"know weird day",3,463357,84.14
"know weird love",3,463360,84.14
"know went bed",3,463363,84.14
"know worth water",3,463366,84.14
"know wrong feel",3,463369,84.14
"know wrong know",3,463372,84.15
"know yes know",3,463375,84.15
"knowing don miss",3,463378,84.15
"knowing going know",3,463381,84.15
"knowledge know extent",3,463384,84.15
"knowledge let light",3,463387,84.15
"known things unknown",3,463390,84.15
"knows best place",3,463393,84.15
"knows future holds",3,463396,84.15
"knows good spots",3,463399,84.15
"knows harry knows",3,463402,84.15
"knows job person",3,463405,84.15
"knows just say",3,463408,84.15
"knows open sea",3,463411,84.15
"knows own depth",3,463414,84.15
"knows throw party",3,463417,84.15
"kobe bean bryant",3,463420,84.15
"kobe look like",3,463423,84.15
"kobe pass ball",3,463426,84.16
"korea launched rocket",3,463429,84.16
"korean leader kim",3,463432,84.16
"korean pork vegetable",3,463435,84.16
"kris getting divorce",3,463438,84.16
"kyle morrow room",3,463441,84.16
"kyle tonight www",3,463444,84.16
"kyle www com",3,463447,84.16
"la anyone know",3,463450,84.16
"la couple weeks",3,463453,84.16
"la feel like",3,463456,84.16
"la festival books",3,463459,84.16
"la get go",3,463462,84.16
"la jazz society",3,463465,84.16
"la kings game",3,463468,84.16
"la la hear",3,463471,84.16
"la la just",3,463474,84.16
"la la wait",3,463477,84.16
"la later today",3,463480,84.16
"la mesa pm",3,463483,84.17
"la mesa police",3,463486,84.17
"la near future",3,463489,84.17
"la poker classic",3,463492,84.17
"la public radio",3,463495,84.17
"la salsa chile",3,463498,84.17
"la teen novel",3,463501,84.17
"la tonight pm",3,463504,84.17
"la traffic bad",3,463507,84.17
"label excitement young",3,463510,84.17
"labor alone finishes",3,463513,84.17
"labor day hope",3,463516,84.17
"labor day parade",3,463519,84.17
"labor standards act",3,463522,84.17
"lack customer service",3,463525,84.17
"lack direction lack",3,463528,84.17
"lack hate got",3,463531,84.17
"lack health insurance",3,463534,84.17
"lack social life",3,463537,84.18
"ladies come check",3,463540,84.18
"ladies come enjoy",3,463543,84.18
"ladies come join",3,463546,84.18
"ladies come party",3,463549,84.18
"ladies detroit based",3,463552,84.18
"ladies don know",3,463555,84.18
"ladies don miss",3,463558,84.18
"ladies man wants",3,463561,84.18
"ladies play free",3,463564,84.18
"ladies tank tops",3,463567,84.18
"ladies travis porter",3,463570,84.18
"lady act like",3,463573,84.18
"lady lake college",3,463576,84.18
"lady sounds like",3,463579,84.18
"lake city reported",3,463582,84.18
"lake city week",3,463585,84.18
"lake did know",3,463588,84.18
"lakes middle school",3,463591,84.19
"lakes winter haven",3,463594,84.19
"land los angeles",3,463597,84.19
"lands seeing new",3,463600,84.19
"large book long",3,463603,84.19
"largest economy world",3,463606,84.19
"largest internet radio",3,463609,84.19
"largest internet station",3,463612,84.19
"las vegas amazing",3,463615,84.19
"las vegas arts",3,463618,84.19
"las vegas baby",3,463621,84.19
"las vegas business",3,463624,84.19
"las vegas city",3,463627,84.19
"las vegas coming",3,463630,84.19
"las vegas day",3,463633,84.19
"las vegas details",3,463636,84.19
"las vegas don",3,463639,84.19
"las vegas excited",3,463642,84.19
"las vegas friday",3,463645,84.19
"las vegas good",3,463648,84.2
"las vegas marathon",3,463651,84.2
"las vegas planet",3,463654,84.2
"las vegas watching",3,463657,84.2
"las vegas www",3,463660,84.2
"last address men",3,463663,84.2
"last ap exam",3,463666,84.2
"last ap test",3,463669,84.2
"last birthday eternity",3,463672,84.2
"last breath apologize",3,463675,84.2
"last breath say",3,463678,84.2
"last breath tell",3,463681,84.2
"last breath thank",3,463684,84.2
"last choir concert",3,463687,84.2
"last chorus concert",3,463690,84.2
"last dance rip",3,463693,84.2
"last days don",3,463696,84.2
"last days good",3,463699,84.2
"last days got",3,463702,84.21
"last days hope",3,463705,84.21
"last days know",3,463708,84.21
"last days maybe",3,463711,84.21
"last days take",3,463714,84.21
"last games played",3,463717,84.21
"last grad school",3,463720,84.21
"last hrs plans",3,463723,84.21
"last hunger games",3,463726,84.21
"last judgment angels",3,463729,84.21
"last lifetime let",3,463732,84.21
"last line defense",3,463735,84.21
"last longer winston",3,463738,84.21
"last minute book",3,463741,84.21
"last minute day",3,463744,84.21
"last minute errands",3,463747,84.21
"last minute flight",3,463750,84.21
"last minute got",3,463753,84.21
"last minute join",3,463756,84.21
"last minute just",3,463759,84.22
"last minute mothers",3,463762,84.22
"last minute move",3,463765,84.22
"last minute needed",3,463768,84.22
"last minute panic",3,463771,84.22
"last minute reservations",3,463774,84.22
"last minute road",3,463777,84.22
"last minute rush",3,463780,84.22
"last minute special",3,463783,84.22
"last minute specials",3,463786,84.22
"last minute things",3,463789,84.22
"last minute tonight",3,463792,84.22
"last minute valentine",3,463795,84.22
"last minute xmas",3,463798,84.22
"last month march",3,463801,84.22
"last month right",3,463804,84.22
"last nerve just",3,463807,84.22
"last paper grad",3,463810,84.22
"last person earth",3,463813,84.23
"last person want",3,463816,84.23
"last piece bread",3,463819,84.23
"last semester college",3,463822,84.23
"last slice pizza",3,463825,84.23
"last song listened",3,463828,84.23
"last stop day",3,463831,84.23
"last submissions get",3,463834,84.23
"last tweets just",3,463837,84.23
"last weekend full",3,463840,84.23
"last weekend go",3,463843,84.23
"last weekend june",3,463846,84.23
"last weekend sad",3,463849,84.23
"last weekend school",3,463852,84.23
"last words left",3,463855,84.23
"last years ago",3,463858,84.23
"last years last",3,463861,84.23
"late april early",3,463864,84.23
"late april fool",3,463867,84.24
"late birthday sorry",3,463870,84.24
"late birthday tweet",3,463873,84.24
"late class today",3,463876,84.24
"late does band",3,463879,84.24
"late final exam",3,463882,84.24
"late get early",3,463885,84.24
"late go sleep",3,463888,84.24
"late happy hour",3,463891,84.24
"late john denver",3,463894,84.24
"late last year",3,463897,84.24
"late late start",3,463900,84.24
"late leave early",3,463903,84.24
"late min late",3,463906,84.24
"late need get",3,463909,84.24
"late party just",3,463912,84.24
"late response hope",3,463915,84.24
"late response just",3,463918,84.24
"late set page",3,463921,84.24
"late star just",3,463924,84.25
"late thanks hope",3,463927,84.25
"late thanks shout",3,463930,84.25
"late tonight get",3,463933,84.25
"lately seems like",3,463936,84.25
"lately soon nm",3,463939,84.25
"later afternoon stay",3,463942,84.25
"later check music",3,463945,84.25
"later day get",3,463948,84.25
"later effort bring",3,463951,84.25
"later ok gonna",3,463954,84.25
"later today great",3,463957,84.25
"later today love",3,463960,84.25
"later today maybe",3,463963,84.25
"later today take",3,463966,84.25
"latest job openings",3,463969,84.25
"latest news cod",3,463972,84.25
"latest news officially",3,463975,84.25
"latte best cups",3,463978,84.26
"laugh better thank",3,463981,84.26
"laugh cry cry",3,463984,84.26
"laugh don want",3,463987,84.26
"laugh just don",3,463990,84.26
"laugh last night",3,463993,84.26
"laugh love repeat",3,463996,84.26
"laugh make smile",3,463999,84.26
"laugh need money",3,464002,84.26
"laugh run like",3,464005,84.26
"laugh sense humor",3,464008,84.26
"laugh till cry",3,464011,84.26
"laugh world laughs",3,464014,84.26
"laughed hard long",3,464017,84.26
"laughed hard thanks",3,464020,84.26
"laughed milk come",3,464023,84.26
"laughing know thinking",3,464026,84.26
"laughs long talks",3,464029,84.26
"laughter makes weak",3,464032,84.27
"laughter truly best",3,464035,84.27
"launch looking forward",3,464038,84.27
"launch new video",3,464041,84.27
"launch online store",3,464044,84.27
"launched facebook page",3,464047,84.27
"launched month ago",3,464050,84.27
"launching new line",3,464053,84.27
"launching new products",3,464056,84.27
"law enforcement career",3,464059,84.27
"lawrence clark powell",3,464062,84.27
"lawyers make sure",3,464065,84.27
"lay fall asleep",3,464068,84.27
"lay go sleep",3,464071,84.27
"lay stomach get",3,464074,84.27
"lazy don want",3,464077,84.27
"lazy fact lazy",3,464080,84.27
"lazy feel like",3,464083,84.27
"lazy get shower",3,464086,84.27
"lazy rainy day",3,464089,84.28
"lazy sunday just",3,464092,84.28
"lb tore playing",3,464095,84.28
"lbs month using",3,464098,84.28
"lead create freedom",3,464101,84.28
"lead heading bottom",3,464104,84.28
"lead miami heat",3,464107,84.28
"lead minutes left",3,464110,84.28
"lead singer really",3,464113,84.28
"lead singer rock",3,464116,84.28
"lead th quarter",3,464119,84.28
"lead warriors left",3,464122,84.28
"leader believer big",3,464125,84.28
"leader boss says",3,464128,84.28
"leader courage fulfill",3,464131,84.28
"leader finished work",3,464134,84.28
"leader kim il",3,464137,84.28
"leader leave common",3,464140,84.28
"leader leave condition",3,464143,84.29
"leadership born understanding",3,464146,84.29
"leadership defined results",3,464149,84.29
"leadership games meeting",3,464152,84.29
"leadership making speeches",3,464155,84.29
"leading car finance",3,464158,84.29
"leading digital agency",3,464161,84.29
"leading women defined",3,464164,84.29
"leads wk www",3,464167,84.29
"league baseball games",3,464170,84.29
"league baseball team",3,464173,84.29
"league conservation voters",3,464176,84.29
"league game summary",3,464179,84.29
"league last year",3,464182,84.29
"lean finely beef",3,464185,84.29
"leaning chair little",3,464188,84.29
"learn brave patient",3,464191,84.29
"learn burns fast",3,464194,84.29
"learn close mouth",3,464197,84.3
"learn expect lowest",3,464200,84.3
"learn grow people",3,464203,84.3
"learn just give",3,464206,84.3
"learn keep mouth",3,464209,84.3
"learn like pro",3,464212,84.3
"learn live love",3,464215,84.3
"learn looking answer",3,464218,84.3
"learn mistakes don",3,464221,84.3
"learn mistakes make",3,464224,84.3
"learn mistakes people",3,464227,84.3
"learn mistakes rest",3,464230,84.3
"learn play defense",3,464233,84.3
"learn quit becomes",3,464236,84.3
"learn recognize common",3,464239,84.3
"learn self control",3,464242,84.3
"learn smile parents",3,464245,84.3
"learn spell sheriff",3,464248,84.3
"learn take joke",3,464251,84.3
"learn texting health",3,464254,84.31
"learn thomas henry",3,464257,84.31
"learn trial error",3,464260,84.31
"learn use internet",3,464263,84.31
"learn use social",3,464266,84.31
"learn video creation",3,464269,84.31
"learned cares gonna",3,464272,84.31
"learned lesson hard",3,464275,84.31
"learned matter care",3,464278,84.31
"learned obey good",3,464281,84.31
"learned passing device",3,464284,84.31
"learned social media",3,464287,84.31
"learned today national",3,464290,84.31
"learning answer itself",3,464293,84.31
"learning growth minds",3,464296,84.31
"learning let go",3,464299,84.31
"learning looks like",3,464302,84.31
"learning lot tonight",3,464305,84.31
"learning survival edwards",3,464308,84.32
"learning sweet books",3,464311,84.32
"learning throw ground",3,464314,84.32
"lease exclusive rights",3,464317,84.32
"leave alone did",3,464320,84.32
"leave alone let",3,464323,84.32
"leave alone seriously",3,464326,84.32
"leave alone week",3,464329,84.32
"leave common sense",3,464332,84.32
"leave condition common",3,464335,84.32
"leave early come",3,464338,84.32
"leave good mood",3,464341,84.32
"leave home get",3,464344,84.32
"leave kids alone",3,464347,84.32
"leave message check",3,464350,84.32
"leave school go",3,464353,84.32
"leave thanks improving",3,464356,84.32
"leave tho stand",3,464359,84.32
"leave town tomorrow",3,464362,84.33
"leaves fall count",3,464365,84.33
"leaves just bunch",3,464368,84.33
"leaves skin soft",3,464371,84.33
"leaving beach tomorrow",3,464374,84.33
"leaving best part",3,464377,84.33
"leaving better happier",3,464380,84.33
"leaving bye bye",3,464383,84.33
"leaving credit card",3,464386,84.33
"leaving earth love",3,464389,84.33
"leaving house oh",3,464392,84.33
"leaving house today",3,464395,84.33
"leaving huge void",3,464398,84.33
"leaving june th",3,464401,84.33
"leaving san francisco",3,464404,84.33
"leaving tomorrow night",3,464407,84.33
"leaving vegas tomorrow",3,464410,84.33
"leaving window open",3,464413,84.33
"led people website",3,464416,84.33
"led present life",3,464419,84.34
"left apple great",3,464422,84.34
"left cell phone",3,464425,84.34
"left cheek right",3,464428,84.34
"left don know",3,464431,84.34
"left don miss",3,464434,84.34
"left don think",3,464437,84.34
"left field wall",3,464440,84.34
"left get get",3,464443,84.34
"left just like",3,464446,84.34
"left lanes closed",3,464449,84.34
"left last time",3,464452,84.34
"left late night",3,464455,84.34
"left party michigan",3,464458,84.34
"left phone room",3,464461,84.34
"left political art",3,464464,84.34
"left talked lied",3,464467,84.34
"left work morning",3,464470,84.34
"left work time",3,464473,84.35
"left www com",3,464476,84.35
"leftover chicken recipes",3,464479,84.35
"leg opening night",3,464482,84.35
"leg perfect paranormal",3,464485,84.35
"leg places told",3,464488,84.35
"leg time just",3,464491,84.35
"legacy progressive reform",3,464494,84.35
"legal defense fund",3,464497,84.35
"legal document server",3,464500,84.35
"legal info alert",3,464503,84.35
"legal issues free",3,464506,84.35
"legal reference librarian",3,464509,84.35
"legal tip day",3,464512,84.35
"legend own mind",3,464515,84.35
"legends presented sterling",3,464518,84.35
"legs feeling today",3,464521,84.35
"lemme get email",3,464524,84.35
"lemme get way",3,464527,84.36
"lemme just say",3,464530,84.36
"lemon butter sauce",3,464533,84.36
"lemon sip ale",3,464536,84.36
"lemonade iced tea",3,464539,84.36
"length film directly",3,464542,84.36
"length life depth",3,464545,84.36
"leonard cohen new",3,464548,84.36
"lesson rob dj",3,464551,84.36
"lesson world miguel",3,464554,84.36
"let affection give",3,464557,84.36
"let anything bother",3,464560,84.36
"let ask questions",3,464563,84.36
"let bodies hit",3,464566,84.36
"let bs go",3,464569,84.36
"let buy remaining",3,464572,84.36
"let chat time",3,464575,84.36
"let clock run",3,464578,84.36
"let connect phone",3,464581,84.36
"let fall mistake",3,464584,84.37
"let fame get",3,464587,84.37
"let feel like",3,464590,84.37
"let feelings get",3,464593,84.37
"let figure time",3,464596,84.37
"let finish season",3,464599,84.37
"let followed follow",3,464602,84.37
"let go away",3,464605,84.37
"let go ball",3,464608,84.37
"let go bar",3,464611,84.37
"let go breathe",3,464614,84.37
"let go buffalo",3,464617,84.37
"let go buy",3,464620,84.37
"let go canada",3,464623,84.37
"let go clips",3,464626,84.37
"let go cubs",3,464629,84.37
"let go date",3,464632,84.37
"let go david",3,464635,84.37
"let go did",3,464638,84.38
"let go dinner",3,464641,84.38
"let go ducks",3,464644,84.38
"let go easily",3,464647,84.38
"let go finish",3,464650,84.38
"let go fish",3,464653,84.38
"let go friday",3,464656,84.38
"let go gonna",3,464659,84.38
"let go holding",3,464662,84.38
"let go inside",3,464665,84.38
"let go irish",3,464668,84.38
"let go jazz",3,464671,84.38
"let go kick",3,464674,84.38
"let go kobe",3,464677,84.38
"let go live",3,464680,84.38
"let go magic",3,464683,84.38
"let go makes",3,464686,84.38
"let go making",3,464689,84.38
"let go man",3,464692,84.38
"let go meant",3,464695,84.39
"let go memories",3,464698,84.39
"let go negative",3,464701,84.39
"let go night",3,464704,84.39
"let go oregon",3,464707,84.39
"let go os",3,464710,84.39
"let go ot",3,464713,84.39
"let go pain",3,464716,84.39
"let go penguins",3,464719,84.39
"let go pick",3,464722,84.39
"let go point",3,464725,84.39
"let go school",3,464728,84.39
"let go story",3,464731,84.39
"let go summer",3,464734,84.39
"let go thing",3,464737,84.39
"let go throw",3,464740,84.39
"let go tour",3,464743,84.39
"let go trying",3,464746,84.39
"let go walk",3,464749,84.4
"let go winning",3,464752,84.4
"let go year",3,464755,84.4
"let go yesterday",3,464758,84.4
"let go yo",3,464761,84.4
"let golf wisconsin",3,464764,84.4
"let good time",3,464767,84.4
"let grab drink",3,464770,84.4
"let grab lunch",3,464773,84.4
"let grow cowboys",3,464776,84.4
"let heart break",3,464779,84.4
"let heart lead",3,464782,84.4
"let hit club",3,464785,84.4
"let hit gave",3,464788,84.4
"let hit gym",3,464791,84.4
"let honest don",3,464794,84.4
"let hope rain",3,464797,84.4
"let hope today",3,464800,84.4
"let hope tomorrow",3,464803,84.41
"let hotel know",3,464806,84.41
"let hunger games",3,464809,84.41
"let ignorance begin",3,464812,84.41
"let just skip",3,464815,84.41
"let kick week",3,464818,84.41
"let kids get",3,464821,84.41
"let kids go",3,464824,84.41
"let kids play",3,464827,84.41
"let know ahead",3,464830,84.41
"let know arrive",3,464833,84.41
"let know ask",3,464836,84.41
"let know band",3,464839,84.41
"let know beta",3,464842,84.41
"let know better",3,464845,84.41
"let know boss",3,464848,84.41
"let know both",3,464851,84.41
"let know btw",3,464854,84.41
"let know buy",3,464857,84.41
"let know catch",3,464860,84.42
"let know chat",3,464863,84.42
"let know client",3,464866,84.42
"let know closer",3,464869,84.42
"let know dc",3,464872,84.42
"let know dude",3,464875,84.42
"let know early",3,464878,84.42
"let know enjoy",3,464881,84.42
"let know fact",3,464884,84.42
"let know fan",3,464887,84.42
"let know friend",3,464890,84.42
"let know hes",3,464893,84.42
"let know hope",3,464896,84.42
"let know hours",3,464899,84.42
"let know inspiration",3,464902,84.42
"let know inspire",3,464905,84.42
"let know late",3,464908,84.42
"let know latest",3,464911,84.42
"let know launch",3,464914,84.43
"let know leads",3,464917,84.43
"let know life",3,464920,84.43
"let know listen",3,464923,84.43
"let know looks",3,464926,84.43
"let know missed",3,464929,84.43
"let know move",3,464932,84.43
"let know music",3,464935,84.43
"let know neighborhood",3,464938,84.43
"let know news",3,464941,84.43
"let know planning",3,464944,84.43
"let know products",3,464947,84.43
"let know received",3,464950,84.43
"let know record",3,464953,84.43
"let know report",3,464956,84.43
"let know review",3,464959,84.43
"let know said",3,464962,84.43
"let know saturday",3,464965,84.43
"let know shirts",3,464968,84.44
"let know song",3,464971,84.44
"let know sounds",3,464974,84.44
"let know special",3,464977,84.44
"let know starts",3,464980,84.44
"let know sunday",3,464983,84.44
"let know swing",3,464986,84.44
"let know taste",3,464989,84.44
"let know track",3,464992,84.44
"let know trying",3,464995,84.44
"let know tweeting",3,464998,84.44
"let know tweets",3,465001,84.44
"let know update",3,465004,84.44
"let know use",3,465007,84.44
"let know voice",3,465010,84.44
"let know waiting",3,465013,84.44
"let know web",3,465016,84.44
"let know wine",3,465019,84.44
"let know wins",3,465022,84.44
"let know worked",3,465025,84.45
"let know world",3,465028,84.45
"let know yo",3,465031,84.45
"let known don",3,465034,84.45
"let life get",3,465037,84.45
"let life got",3,465040,84.45
"let life turn",3,465043,84.45
"let light candle",3,465046,84.45
"let light candles",3,465049,84.45
"let live come",3,465052,84.45
"let live dream",3,465055,84.45
"let look anger",3,465058,84.45
"let look calendar",3,465061,84.45
"let look like",3,465064,84.45
"let looking like",3,465067,84.45
"let make campaign",3,465070,84.45
"let make count",3,465073,84.45
"let make day",3,465076,84.45
"let make days",3,465079,84.46
"let make famous",3,465082,84.46
"let make game",3,465085,84.46
"let make history",3,465088,84.46
"let make memories",3,465091,84.46
"let make move",3,465094,84.46
"let make noise",3,465097,84.46
"let make productive",3,465100,84.46
"let make right",3,465103,84.46
"let make things",3,465106,84.46
"let march madness",3,465109,84.46
"let measure time",3,465112,84.46
"let mind wonder",3,465115,84.46
"let move new",3,465118,84.46
"let moved convince",3,465121,84.46
"let music take",3,465124,84.46
"let myself get",3,465127,84.46
"let opinion become",3,465130,84.46
"let past determine",3,465133,84.47
"let perfect good",3,465136,84.47
"let real man",3,465139,84.47
"let road trip",3,465142,84.47
"let sing ill",3,465145,84.47
"let stuff go",3,465148,84.47
"let talk baby",3,465151,84.47
"let talk business",3,465154,84.47
"let talk making",3,465157,84.47
"let talk money",3,465160,84.47
"let talk selling",3,465163,84.47
"let things pile",3,465166,84.47
"let think good",3,465169,84.47
"let touch anything",3,465172,84.47
"let tweeting begin",3,465175,84.47
"let ur past",3,465178,84.47
"let victories go",3,465181,84.47
"let women vote",3,465184,84.47
"let write things",3,465187,84.47
"lets best friends",3,465190,84.48
"lets get business",3,465193,84.48
"lets get dream",3,465196,84.48
"lets get follow",3,465199,84.48
"lets get get",3,465202,84.48
"lets get physical",3,465205,84.48
"lets get right",3,465208,84.48
"lets get stay",3,465211,84.48
"lets get thing",3,465214,84.48
"lets get wait",3,465217,84.48
"lets get weird",3,465220,84.48
"lets get work",3,465223,84.48
"lets meet soon",3,465226,84.48
"lets party rock",3,465229,84.48
"lets reach signatures",3,465232,84.48
"lets start new",3,465235,84.48
"lets tell story",3,465238,84.48
"lets try connect",3,465241,84.48
"letter word letter",3,465244,84.49
"letting child record",3,465247,84.49
"letting fans vote",3,465250,84.49
"letting get morning",3,465253,84.49
"letting know best",3,465256,84.49
"letting know class",3,465259,84.49
"letting know looking",3,465262,84.49
"letting know twitter",3,465265,84.49
"letting people little",3,465268,84.49
"letting things happen",3,465271,84.49
"letting year old",3,465274,84.49
"lettuce tomato red",3,465277,84.49
"level changes depending",3,465280,84.49
"level consciousness created",3,465283,84.49
"level customer service",3,465286,84.49
"levy dancing stars",3,465289,84.49
"liar liar liar",3,465292,84.49
"liberty must slaves",3,465295,84.49
"liberty rd west",3,465298,84.5
"librarian community college",3,465301,84.5
"libraries closed today",3,465304,84.5
"library advocacy day",3,465307,84.5
"library card mind",3,465310,84.5
"library card sign",3,465313,84.5
"library class go",3,465316,84.5
"library facebook page",3,465319,84.5
"library looking forward",3,465322,84.5
"library march th",3,465325,84.5
"library support library",3,465328,84.5
"library today come",3,465331,84.5
"library week celebrate",3,465334,84.5
"library www com",3,465337,84.5
"license think know",3,465340,84.5
"licensed based horse",3,465343,84.5
"licensing support hr",3,465346,84.5
"lick kiss like",3,465349,84.5
"lie changed world",3,465352,84.5
"lie just like",3,465355,84.51
"lie just wanna",3,465358,84.51
"lie need beer",3,465361,84.51
"lie soil appreciation",3,465364,84.51
"lied gotta car",3,465367,84.51
"lied used decide",3,465370,84.51
"life absence make",3,465373,84.51
"life accept conditions",3,465376,84.51
"life action reaction",3,465379,84.51
"life bad plenty",3,465382,84.51
"life becomes want",3,465385,84.51
"life best vague",3,465388,84.51
"life big joke",3,465391,84.51
"life boring love",3,465394,84.51
"life box chocolates",3,465397,84.51
"life brilliant love",3,465400,84.51
"life brings attitude",3,465403,84.51
"life cause easy",3,465406,84.51
"life champion ali",3,465409,84.52
"life change anything",3,465412,84.52
"life climb view",3,465415,84.52
"life coach avoid",3,465418,84.52
"life coach terry",3,465421,84.52
"life comes easy",3,465424,84.52
"life crazy go",3,465427,84.52
"life dancer dance",3,465430,84.52
"life decisions make",3,465433,84.52
"life depth life",3,465436,84.52
"life direct proportion",3,465439,84.52
"life does go",3,465442,84.52
"life does mean",3,465445,84.52
"life doing say",3,465448,84.52
"life dreamed go",3,465451,84.52
"life end afraid",3,465454,84.52
"life end like",3,465457,84.52
"life end story",3,465460,84.52
"life feel bad",3,465463,84.52
"life feel better",3,465466,84.53
"life find lived",3,465469,84.53
"life finds way",3,465472,84.53
"life follow twitter",3,465475,84.53
"life football won",3,465478,84.53
"life forever changed",3,465481,84.53
"life free promotion",3,465484,84.53
"life full fake",3,465487,84.53
"life full terrible",3,465490,84.53
"life fun don",3,465493,84.53
"life game play",3,465496,84.53
"life gets rough",3,465499,84.53
"life getting storms",3,465502,84.53
"life gift don",3,465505,84.53
"life give sir",3,465508,84.53
"life go hard",3,465511,84.53
"life go right",3,465514,84.53
"life gonna easy",3,465517,84.53
"life good day",3,465520,84.54
"life got begin",3,465523,84.54
"life got go",3,465526,84.54
"life got lived",3,465529,84.54
"life grad school",3,465532,84.54
"life greatest compliment",3,465535,84.54
"life hair mess",3,465538,84.54
"life highway wanna",3,465541,84.54
"life hits head",3,465544,84.54
"life hope best",3,465547,84.54
"life hunger games",3,465550,84.54
"life ignorance confidence",3,465553,84.54
"life ironic takes",3,465556,84.54
"life jonathan swift",3,465559,84.54
"life journey destination",3,465562,84.54
"life just awesome",3,465565,84.54
"life just damned",3,465568,84.54
"life just fantasy",3,465571,84.54
"life just gets",3,465574,84.55
"life just little",3,465577,84.55
"life just make",3,465580,84.55
"life just matter",3,465583,84.55
"life just occurred",3,465586,84.55
"life just stop",3,465589,84.55
"life just want",3,465592,84.55
"life just waste",3,465595,84.55
"life just work",3,465598,84.55
"life kindle amazon",3,465601,84.55
"life last weekend",3,465604,84.55
"life laugh love",3,465607,84.55
"life leads albert",3,465610,84.55
"life like camera",3,465613,84.55
"life like confused",3,465616,84.55
"life like did",3,465619,84.55
"life like glued",3,465622,84.55
"life like good",3,465625,84.55
"life like keep",3,465628,84.55
"life like last",3,465631,84.56
"life like need",3,465634,84.56
"life like paper",3,465637,84.56
"life like people",3,465640,84.56
"life like playing",3,465643,84.56
"life like right",3,465646,84.56
"life like rose",3,465649,84.56
"life like sewer",3,465652,84.56
"life like twitter",3,465655,84.56
"life like video",3,465658,84.56
"life little easier",3,465661,84.56
"life long friend",3,465664,84.56
"life long friends",3,465667,84.56
"life look ahead",3,465670,84.56
"life love bob",3,465673,84.56
"life made sense",3,465676,84.56
"life makes perfect",3,465679,84.56
"life makes smile",3,465682,84.56
"life makes think",3,465685,84.57
"life makes want",3,465688,84.57
"life making way",3,465691,84.57
"life man lives",3,465694,84.57
"life matter happens",3,465697,84.57
"life memorable imagination",3,465700,84.57
"life moment moment",3,465703,84.57
"life moment uncertain",3,465706,84.57
"life must lived",3,465709,84.57
"life must smell",3,465712,84.57
"life need know",3,465715,84.57
"life need make",3,465718,84.57
"life needed storm",3,465721,84.57
"life paying money",3,465724,84.57
"life peaceful cross",3,465727,84.57
"life people get",3,465730,84.57
"life people know",3,465733,84.57
"life people love",3,465736,84.57
"life perfect time",3,465739,84.58
"life pretty awesome",3,465742,84.58
"life pulled goals",3,465745,84.58
"life revolution just",3,465748,84.58
"life runs night",3,465751,84.58
"life seriously get",3,465754,84.58
"life short fun",3,465757,84.58
"life short hold",3,465760,84.58
"life short just",3,465763,84.58
"life short must",3,465766,84.58
"life short unhappy",3,465769,84.58
"life sounds like",3,465772,84.58
"life spent brings",3,465775,84.58
"life spent discovering",3,465778,84.58
"life strong live",3,465781,84.58
"life sum choices",3,465784,84.58
"life sure meet",3,465787,84.58
"life sweet got",3,465790,84.58
"life take life",3,465793,84.58
"life teaching walk",3,465796,84.59
"life thanks follow",3,465799,84.59
"life things just",3,465802,84.59
"life think think",3,465805,84.59
"life throws just",3,465808,84.59
"life times better",3,465811,84.59
"life violent original",3,465814,84.59
"life world let",3,465817,84.59
"life years years",3,465820,84.59
"lifelong attempt acquire",3,465823,84.59
"lifestyle feel great",3,465826,84.59
"lifetime commitment pig",3,465829,84.59
"lifting getting taking",3,465832,84.59
"light blue men",3,465835,84.59
"light broken glass",3,465838,84.59
"light bud lime",3,465841,84.59
"light bulb light",3,465844,84.59
"light carol anne",3,465847,84.59
"light did come",3,465850,84.6
"light does mean",3,465853,84.6
"light hits gray",3,465856,84.6
"light norman rice",3,465859,84.6
"light ones real",3,465862,84.6
"light rail service",3,465865,84.6
"light skin different",3,465868,84.6
"light wind mph",3,465871,84.6
"lighter new day",3,465874,84.6
"lightly used help",3,465877,84.6
"lightning tell close",3,465880,84.6
"lights dec th",3,465883,84.6
"lights green leave",3,465886,84.6
"lights know go",3,465889,84.6
"lights th st",3,465892,84.6
"lights www com",3,465895,84.6
"like acts like",3,465898,84.6
"like amazing time",3,465901,84.6
"like anyone going",3,465904,84.61
"like anything get",3,465907,84.61
"like anything just",3,465910,84.61
"like anytime soon",3,465913,84.61
"like arrive destination",3,465916,84.61
"like beat like",3,465919,84.61
"like beautiful love",3,465922,84.61
"like beautiful morning",3,465925,84.61
"like beer pizza",3,465928,84.61
"like best account",3,465931,84.61
"like best both",3,465934,84.61
"like best buy",3,465937,84.61
"like best guy",3,465940,84.61
"like best reach",3,465943,84.61
"like beta invite",3,465946,84.61
"like better good",3,465949,84.61
"like better twitter",3,465952,84.61
"like better way",3,465955,84.61
"like big bad",3,465958,84.61
"like big ben",3,465961,84.62
"like big dog",3,465964,84.62
"like big game",3,465967,84.62
"like blue clues",3,465970,84.62
"like boxing match",3,465973,84.62
"like bunch people",3,465976,84.62
"like busy good",3,465979,84.62
"like busy weekend",3,465982,84.62
"like buying clothes",3,465985,84.62
"like calvin klein",3,465988,84.62
"like came house",3,465991,84.62
"like candy bar",3,465994,84.62
"like chandler jones",3,465997,84.62
"like cheese cheese",3,466000,84.62
"like chelsea grin",3,466003,84.62
"like child birth",3,466006,84.62
"like child come",3,466009,84.62
"like child really",3,466012,84.62
"like chocolate chip",3,466015,84.63
"like chocolate peanut",3,466018,84.63
"like close eyes",3,466021,84.63
"like cold water",3,466024,84.63
"like coming america",3,466027,84.63
"like coming soon",3,466030,84.63
"like corey hart",3,466033,84.63
"like cough syrup",3,466036,84.63
"like country club",3,466039,84.63
"like couple days",3,466042,84.63
"like couple just",3,466045,84.63
"like couple years",3,466048,84.63
"like crazy did",3,466051,84.63
"like crazy expensive",3,466054,84.63
"like crazy gonna",3,466057,84.63
"like crazy lady",3,466060,84.63
"like crazy lately",3,466063,84.63
"like crazy like",3,466066,84.63
"like crazy time",3,466069,84.64
"like crazy want",3,466072,84.64
"like crying hate",3,466075,84.64
"like crying right",3,466078,84.64
"like cut myself",3,466081,84.64
"like cute boys",3,466084,84.64
"like dance music",3,466087,84.64
"like dark middle",3,466090,84.64
"like dark skin",3,466093,84.64
"like day jay",3,466096,84.64
"like day old",3,466099,84.64
"like day spring",3,466102,84.64
"like day sunshine",3,466105,84.64
"like day time",3,466108,84.64
"like deck cards",3,466111,84.64
"like did anything",3,466114,84.64
"like did day",3,466117,84.64
"like did earlier",3,466120,84.64
"like did good",3,466123,84.64
"like did miss",3,466126,84.65
"like did time",3,466129,84.65
"like did year",3,466132,84.65
"like discovery channel",3,466135,84.65
"like doing better",3,466138,84.65
"like doing just",3,466141,84.65
"like doing math",3,466144,84.65
"like don deserve",3,466147,84.65
"like don find",3,466150,84.65
"like don follow",3,466153,84.65
"like don leave",3,466156,84.65
"like don mind",3,466159,84.65
"like don money",3,466162,84.65
"like don play",3,466165,84.65
"like don say",3,466168,84.65
"like don time",3,466171,84.65
"like don touch",3,466174,84.65
"like don waste",3,466177,84.65
"like don work",3,466180,84.66
"like dozen times",3,466183,84.66
"like drink beer",3,466186,84.66
"like driving car",3,466189,84.66
"like driving home",3,466192,84.66
"like early night",3,466195,84.66
"like eastern conference",3,466198,84.66
"like eat just",3,466201,84.66
"like elimination game",3,466204,84.66
"like entered win",3,466207,84.66
"like everybody go",3,466210,84.66
"like face ship",3,466213,84.66
"like facebook entered",3,466216,84.66
"like facebook friends",3,466219,84.66
"like facebook give",3,466222,84.66
"like facebook got",3,466225,84.66
"like facebook love",3,466228,84.66
"like facebook new",3,466231,84.66
"like facebook news",3,466234,84.66
"like facebook receive",3,466237,84.67
"like facebook write",3,466240,84.67
"like fall love",3,466243,84.67
"like falling apart",3,466246,84.67
"like fan account",3,466249,84.67
"like fans like",3,466252,84.67
"like finally awake",3,466255,84.67
"like finally getting",3,466258,84.67
"like finally got",3,466261,84.67
"like find place",3,466264,84.67
"like fine night",3,466267,84.67
"like fish like",3,466270,84.67
"like football games",3,466273,84.67
"like football player",3,466276,84.67
"like foreign language",3,466279,84.67
"like french toast",3,466282,84.67
"like friend keeps",3,466285,84.67
"like fun did",3,466288,84.67
"like fun get",3,466291,84.68
"like fun glad",3,466294,84.68
"like fun job",3,466297,84.68
"like fun party",3,466300,84.68
"like fun tell",3,466303,84.68
"like funny just",3,466306,84.68
"like gasoline good",3,466309,84.68
"like george lucas",3,466312,84.68
"like get asap",3,466315,84.68
"like get copy",3,466318,84.68
"like get early",3,466321,84.68
"like get get",3,466324,84.68
"like get lonely",3,466327,84.68
"like get look",3,466330,84.68
"like get people",3,466333,84.68
"like get run",3,466336,84.68
"like get things",3,466339,84.68
"like get time",3,466342,84.68
"like get tired",3,466345,84.69
"like get work",3,466348,84.69
"like getting better",3,466351,84.69
"like getting deleted",3,466354,84.69
"like getting done",3,466357,84.69
"like getting dressed",3,466360,84.69
"like getting great",3,466363,84.69
"like getting lot",3,466366,84.69
"like getting work",3,466369,84.69
"like glad got",3,466372,84.69
"like glad hear",3,466375,84.69
"like glued table",3,466378,84.69
"like go dinner",3,466381,84.69
"like go don",3,466384,84.69
"like go time",3,466387,84.69
"like going anywhere",3,466390,84.69
"like going bad",3,466393,84.69
"like going crazy",3,466396,84.69
"like going disneyland",3,466399,84.69
"like going hit",3,466402,84.7
"like going insane",3,466405,84.7
"like going love",3,466408,84.7
"like going play",3,466411,84.7
"like going pretty",3,466414,84.7
"like going productive",3,466417,84.7
"like going run",3,466420,84.7
"like going tell",3,466423,84.7
"like going tomorrow",3,466426,84.7
"like going try",3,466429,84.7
"like going way",3,466432,84.7
"like going wrong",3,466435,84.7
"like going year",3,466438,84.7
"like gonna explode",3,466441,84.7
"like gonna play",3,466444,84.7
"like gonna talk",3,466447,84.7
"like gonna tell",3,466450,84.7
"like good advice",3,466453,84.7
"like good bad",3,466456,84.71
"like good beer",3,466459,84.71
"like good fit",3,466462,84.71
"like good high",3,466465,84.71
"like good just",3,466468,84.71
"like good match",3,466471,84.71
"like good nights",3,466474,84.71
"like good scare",3,466477,84.71
"like good seats",3,466480,84.71
"like good story",3,466483,84.71
"like good week",3,466486,84.71
"like got best",3,466489,84.71
"like got hard",3,466492,84.71
"like got last",3,466495,84.71
"like got money",3,466498,84.71
"like got problems",3,466501,84.71
"like gotta get",3,466504,84.71
"like gotta take",3,466507,84.71
"like grad school",3,466510,84.72
"like great band",3,466513,84.72
"like great game",3,466516,84.72
"like great music",3,466519,84.72
"like great novel",3,466522,84.72
"like great people",3,466525,84.72
"like great read",3,466528,84.72
"like great session",3,466531,84.72
"like great tool",3,466534,84.72
"like guess just",3,466537,84.72
"like happened just",3,466540,84.72
"like hard get",3,466543,84.72
"like having kids",3,466546,84.72
"like having real",3,466549,84.72
"like having really",3,466552,84.72
"like having tell",3,466555,84.72
"like having wine",3,466558,84.72
"like hear doing",3,466561,84.72
"like hear music",3,466564,84.72
"like hes trying",3,466567,84.73
"like hey doing",3,466570,84.73
"like hey guys",3,466573,84.73
"like hey man",3,466576,84.73
"like hint hint",3,466579,84.73
"like hit button",3,466582,84.73
"like hit following",3,466585,84.73
"like hope great",3,466588,84.73
"like house music",3,466591,84.73
"like huge party",3,466594,84.73
"like ice cold",3,466597,84.73
"like ice cube",3,466600,84.73
"like ideal day",3,466603,84.73
"like interesting class",3,466606,84.73
"like jennifer lawrence",3,466609,84.73
"like john wayne",3,466612,84.73
"like junior high",3,466615,84.73
"like kids just",3,466618,84.73
"like kiss lips",3,466621,84.74
"like know ask",3,466624,84.74
"like know better",3,466627,84.74
"like know cool",3,466630,84.74
"like know exactly",3,466633,84.74
"like know favorite",3,466636,84.74
"like know feels",3,466639,84.74
"like know following",3,466642,84.74
"like know great",3,466645,84.74
"like know guys",3,466648,84.74
"like know just",3,466651,84.74
"like know look",3,466654,84.74
"like know means",3,466657,84.74
"like know night",3,466660,84.74
"like know say",3,466663,84.74
"like know ur",3,466666,84.74
"like la la",3,466669,84.74
"like la traffic",3,466672,84.74
"like lab rat",3,466675,84.75
"like last minutes",3,466678,84.75
"like last summer",3,466681,84.75
"like last weeks",3,466684,84.75
"like last years",3,466687,84.75
"like lay stomach",3,466690,84.75
"like lewis news",3,466693,84.75
"like like game",3,466696,84.75
"like like gonna",3,466699,84.75
"like like hey",3,466702,84.75
"like like makes",3,466705,84.75
"like like subway",3,466708,84.75
"like like things",3,466711,84.75
"like likes let",3,466714,84.75
"like listen trust",3,466717,84.75
"like listening live",3,466720,84.75
"like little christmas",3,466723,84.75
"like living dream",3,466726,84.75
"like living life",3,466729,84.75
"like living rock",3,466732,84.76
"like looked like",3,466735,84.76
"like looking mirror",3,466738,84.76
"like looks good",3,466741,84.76
"like los angeles",3,466744,84.76
"like lost weight",3,466747,84.76
"like lot common",3,466750,84.76
"like lot just",3,466753,84.76
"like lots great",3,466756,84.76
"like love austin",3,466759,84.76
"like love baby",3,466762,84.76
"like love cake",3,466765,84.76
"like love camera",3,466768,84.76
"like love follow",3,466771,84.76
"like love say",3,466774,84.76
"like love twitter",3,466777,84.76
"like make good",3,466780,84.76
"like make hate",3,466783,84.76
"like make money",3,466786,84.77
"like make new",3,466789,84.77
"like make stop",3,466792,84.77
"like man best",3,466795,84.77
"like man know",3,466798,84.77
"like man like",3,466801,84.77
"like man live",3,466804,84.77
"like man made",3,466807,84.77
"like man standard",3,466810,84.77
"like man today",3,466813,84.77
"like marching band",3,466816,84.77
"like mashed potatoes",3,466819,84.77
"like michael jordan",3,466822,84.77
"like mind just",3,466825,84.77
"like minute ago",3,466828,84.77
"like missing don",3,466831,84.77
"like monday tuesday",3,466834,84.77
"like morgan freeman",3,466837,84.77
"like morning wake",3,466840,84.78
"like ne yo",3,466843,84.78
"like need ask",3,466846,84.78
"like need check",3,466849,84.78
"like need come",3,466852,84.78
"like need cry",3,466855,84.78
"like need excuse",3,466858,84.78
"like need haircut",3,466861,84.78
"like need money",3,466864,84.78
"like need nap",3,466867,84.78
"like need talk",3,466870,84.78
"like need time",3,466873,84.78
"like need work",3,466876,84.78
"like neil young",3,466879,84.78
"like new album",3,466882,84.78
"like new born",3,466885,84.78
"like new emotion",3,466888,84.78
"like new layout",3,466891,84.78
"like new new",3,466894,84.78
"like new phone",3,466897,84.79
"like night day",3,466900,84.79
"like night took",3,466903,84.79
"like old guys",3,466906,84.79
"like old song",3,466909,84.79
"like olive garden",3,466912,84.79
"like onions big",3,466915,84.79
"like paper get",3,466918,84.79
"like paper roll",3,466921,84.79
"like past months",3,466924,84.79
"like people ask",3,466927,84.79
"like people doing",3,466930,84.79
"like people following",3,466933,84.79
"like people friends",3,466936,84.79
"like people getting",3,466939,84.79
"like people left",3,466942,84.79
"like people people",3,466945,84.79
"like people right",3,466948,84.79
"like people saying",3,466951,84.8
"like people start",3,466954,84.8
"like people take",3,466957,84.8
"like people text",3,466960,84.8
"like people things",3,466963,84.8
"like people today",3,466966,84.8
"like people twitter",3,466969,84.8
"like people wanna",3,466972,84.8
"like phone service",3,466975,84.8
"like phone time",3,466978,84.8
"like pit bull",3,466981,84.8
"like pop music",3,466984,84.8
"like pop punk",3,466987,84.8
"like pop tart",3,466990,84.8
"like princess proof",3,466993,84.8
"like pro bowl",3,466996,84.8
"like public speaking",3,466999,84.8
"like pumpkin pie",3,467002,84.8
"like random person",3,467005,84.8
"like ready go",3,467008,84.81
"like real girl",3,467011,84.81
"like real music",3,467014,84.81
"like really bored",3,467017,84.81
"like really going",3,467020,84.81
"like really got",3,467023,84.81
"like really looking",3,467026,84.81
"like really miss",3,467029,84.81
"like really pretty",3,467032,84.81
"like really sure",3,467035,84.81
"like really use",3,467038,84.81
"like really used",3,467041,84.81
"like really wanted",3,467044,84.81
"like rear window",3,467047,84.81
"like regular season",3,467050,84.81
"like right get",3,467053,84.81
"like right hope",3,467056,84.81
"like right second",3,467059,84.81
"like right way",3,467062,84.82
"like road trips",3,467065,84.82
"like role models",3,467068,84.82
"like run mile",3,467071,84.82
"like said anything",3,467074,84.82
"like said get",3,467077,84.82
"like said last",3,467080,84.82
"like said lot",3,467083,84.82
"like said pretty",3,467086,84.82
"like said said",3,467089,84.82
"like said tho",3,467092,84.82
"like said wanna",3,467095,84.82
"like said won",3,467098,84.82
"like say does",3,467101,84.82
"like second coming",3,467104,84.82
"like second grade",3,467107,84.82
"like seem like",3,467110,84.82
"like seen ghost",3,467113,84.82
"like send copy",3,467116,84.83
"like send free",3,467119,84.83
"like send way",3,467122,84.83
"like set bar",3,467125,84.83
"like sewer get",3,467128,84.83
"like short hair",3,467131,84.83
"like shut don",3,467134,84.83
"like sister love",3,467137,84.83
"like sit outside",3,467140,84.83
"like sitting home",3,467143,84.83
"like slap face",3,467146,84.83
"like sleep last",3,467149,84.83
"like slowly dying",3,467152,84.83
"like smart phone",3,467155,84.83
"like smart women",3,467158,84.83
"like smell good",3,467161,84.83
"like smoke like",3,467164,84.83
"like somebody know",3,467167,84.83
"like somebody tell",3,467170,84.83
"like somebody took",3,467173,84.84
"like songs like",3,467176,84.84
"like soundtrack life",3,467179,84.84
"like spending day",3,467182,84.84
"like spike lee",3,467185,84.84
"like spring cleaning",3,467188,84.84
"like spring summer",3,467191,84.84
"like spring training",3,467194,84.84
"like st century",3,467197,84.84
"like stamp stick",3,467200,84.84
"like star game",3,467203,84.84
"like star know",3,467206,84.84
"like stars make",3,467209,84.84
"like stars touch",3,467212,84.84
"like starting like",3,467215,84.84
"like starting monday",3,467218,84.84
"like state record",3,467221,84.84
"like stay far",3,467224,84.84
"like steam engine",3,467227,84.85
"like sure check",3,467230,84.85
"like sure don",3,467233,84.85
"like taste like",3,467236,84.85
"like taste music",3,467239,84.85
"like tea bags",3,467242,84.85
"like team joining",3,467245,84.85
"like team just",3,467248,84.85
"like thank chicago",3,467251,84.85
"like thank everybody",3,467254,84.85
"like thank friends",3,467257,84.85
"like thank google",3,467260,84.85
"like thank great",3,467263,84.85
"like think cool",3,467266,84.85
"like think got",3,467269,84.85
"like think know",3,467272,84.85
"like think love",3,467275,84.85
"like think move",3,467278,84.85
"like think start",3,467281,84.86
"like time anything",3,467284,84.86
"like time don",3,467287,84.86
"like time fine",3,467290,84.86
"like time let",3,467293,84.86
"like time make",3,467296,84.86
"like time seen",3,467299,84.86
"like time turn",3,467302,84.86
"like today made",3,467305,84.86
"like today really",3,467308,84.86
"like today remind",3,467311,84.86
"like today weather",3,467314,84.86
"like tv series",3,467317,84.86
"like tweeting just",3,467320,84.86
"like ugh don",3,467323,84.86
"like uh oh",3,467326,84.86
"like understand don",3,467329,84.86
"like vacuum cleaner",3,467332,84.86
"like violin music",3,467335,84.86
"like wait hear",3,467338,84.87
"like waiting christmas",3,467341,84.87
"like waiting santa",3,467344,84.87
"like walking home",3,467347,84.87
"like want kiss",3,467350,84.87
"like want talk",3,467353,84.87
"like want want",3,467356,84.87
"like wanted get",3,467359,84.87
"like wanted go",3,467362,84.87
"like wants just",3,467365,84.87
"like watching avengers",3,467368,84.87
"like watching episode",3,467371,84.87
"like watching just",3,467374,84.87
"like watching life",3,467377,84.87
"like watching living",3,467380,84.87
"like watching news",3,467383,84.87
"like watching soccer",3,467386,84.87
"like watching th",3,467389,84.87
"like water just",3,467392,84.88
"like wave learn",3,467395,84.88
"like way go",3,467398,84.88
"like way guys",3,467401,84.88
"like way make",3,467404,84.88
"like way playing",3,467407,84.88
"like way say",3,467410,84.88
"like weather wet",3,467413,84.88
"like weird like",3,467416,84.88
"like welcome family",3,467419,84.88
"like went home",3,467422,84.88
"like went swimming",3,467425,84.88
"like win both",3,467428,84.88
"like wine bottle",3,467431,84.88
"like winning lottery",3,467434,84.88
"like winter today",3,467437,84.88
"like wrap arms",3,467440,84.88
"like write music",3,467443,84.88
"like wrong just",3,467446,84.89
"like years worth",3,467449,84.89
"like yes like",3,467452,84.89
"like young man",3,467455,84.89
"like zombie movie",3,467458,84.89
"liked blog post",3,467461,84.89
"liked dated committed",3,467464,84.89
"liked pictures instagram",3,467467,84.89
"likely machine win",3,467470,84.89
"likes body calls",3,467473,84.89
"likes face calls",3,467476,84.89
"likes facebook thank",3,467479,84.89
"likewise wish time",3,467482,84.89
"liking howard stern",3,467485,84.89
"liking instead don",3,467488,84.89
"lily pad cambridge",3,467491,84.89
"lily seafood royal",3,467494,84.89
"limbaugh unfortunate clarify",3,467497,84.89
"lime bud light",3,467500,84.89
"lime fly photography",3,467503,84.9
"lime lemon sip",3,467506,84.9
"limit get followers",3,467509,84.9
"limit ill try",3,467512,84.9
"limit man achieve",3,467515,84.9
"limits growth limits",3,467518,84.9
"limits human intelligence",3,467521,84.9
"limits life impose",3,467524,84.9
"lincoln avenue state",3,467527,84.9
"lincoln lawyer good",3,467530,84.9
"linda vista rd",3,467533,84.9
"line don know",3,467536,84.9
"line fishing just",3,467539,84.9
"line get tickets",3,467542,84.9
"line greeting cards",3,467545,84.9
"line just get",3,467548,84.9
"line just heard",3,467551,84.9
"line order food",3,467554,84.9
"lines don know",3,467557,84.91
"lines kind today",3,467560,84.91
"lines last night",3,467563,84.91
"link just tweeted",3,467566,84.91
"link let know",3,467569,84.91
"link page like",3,467572,84.91
"link twitter accounts",3,467575,84.91
"link youtube video",3,467578,84.91
"linking social media",3,467581,84.91
"lion army lions",3,467584,84.91
"lions led sheep",3,467587,84.91
"lips just touch",3,467590,84.91
"lips move belly",3,467593,84.91
"lips taste like",3,467596,84.91
"lipstick mouth take",3,467599,84.91
"list get free",3,467602,84.91
"list great places",3,467605,84.91
"list just keeps",3,467608,84.91
"list looking forward",3,467611,84.92
"list mile long",3,467614,84.92
"list people america",3,467617,84.92
"list people follow",3,467620,84.92
"list table reservations",3,467623,84.92
"listen bob marley",3,467626,84.92
"listen chance winning",3,467629,84.92
"listen everyday fans",3,467632,84.92
"listen heart beat",3,467635,84.92
"listen katy perry",3,467638,84.92
"listen live com",3,467641,84.92
"listen new vegas",3,467644,84.92
"listen sad songs",3,467647,84.92
"listen song time",3,467650,84.92
"listen start finish",3,467653,84.92
"listen thunder lightning",3,467656,84.92
"listen trust business",3,467659,84.92
"listen type music",3,467662,84.92
"listening brewers radio",3,467665,84.92
"listening chris brown",3,467668,84.93
"listening day get",3,467671,84.93
"listening day today",3,467674,84.93
"listening essential mix",3,467677,84.93
"listening give presentation",3,467680,84.93
"listening heavy metal",3,467683,84.93
"listening hold music",3,467686,84.93
"listening long car",3,467689,84.93
"listening music best",3,467692,84.93
"listening music drinking",3,467695,84.93
"listening music feel",3,467698,84.93
"listening music makes",3,467701,84.93
"listening music time",3,467704,84.93
"listening neil young",3,467707,84.93
"listening radio broadcast",3,467710,84.93
"listening radio pandora",3,467713,84.93
"listening smooth jazz",3,467716,84.93
"listening somebody used",3,467719,84.93
"listening song repeat",3,467722,84.94
"listening sunday night",3,467725,84.94
"literally looks like",3,467728,84.94
"literally stop watching",3,467731,84.94
"literary history prize",3,467734,84.94
"little anything matters",3,467737,84.94
"little break twitter",3,467740,84.94
"little bring soul",3,467743,84.94
"little bump grind",3,467746,84.94
"little cousin just",3,467749,84.94
"little cry made",3,467752,84.94
"little drummer boy",3,467755,84.94
"little early today",3,467758,84.94
"little episodes online",3,467761,84.94
"little extra love",3,467764,84.94
"little eyes blue",3,467767,84.94
"little get better",3,467770,84.94
"little girl get",3,467773,84.94
"little girl like",3,467776,84.95
"little girl loved",3,467779,84.95
"little girl miss",3,467782,84.95
"little girl say",3,467785,84.95
"little girl says",3,467788,84.95
"little girl waiting",3,467791,84.95
"little girl wanted",3,467794,84.95
"little girl yesterday",3,467797,84.95
"little give lot",3,467800,84.95
"little goals expect",3,467803,84.95
"little good way",3,467806,84.95
"little guess say",3,467809,84.95
"little heart desires",3,467812,84.95
"little influence society",3,467815,84.95
"little lady named",3,467818,84.95
"little league practice",3,467821,84.95
"little little day",3,467824,84.95
"little little get",3,467827,84.95
"little longer don",3,467830,84.95
"little love bug",3,467833,84.96
"little middle school",3,467836,84.96
"little old man",3,467839,84.96
"little old people",3,467842,84.96
"little pal foot",3,467845,84.96
"little people get",3,467848,84.96
"little rain hurt",3,467851,84.96
"little seasons episodes",3,467854,84.96
"little sleep get",3,467857,84.96
"little slow today",3,467860,84.96
"little spring cleaning",3,467863,84.96
"little talks jokes",3,467866,84.96
"little things go",3,467869,84.96
"little time life",3,467872,84.96
"little time week",3,467875,84.96
"little week away",3,467878,84.96
"little work good",3,467881,84.96
"little year ago",3,467884,84.96
"live app search",3,467887,84.97
"live beliefs turn",3,467890,84.97
"live best buy",3,467893,84.97
"live bottom live",3,467896,84.97
"live closet sew",3,467899,84.97
"live come sorry",3,467902,84.97
"live concert fri",3,467905,84.97
"live don like",3,467908,84.97
"live don miss",3,467911,84.97
"live dreams fulfill",3,467914,84.97
"live eat drink",3,467917,84.97
"live february th",3,467920,84.97
"live free try",3,467923,84.97
"live fur night",3,467926,84.97
"live get old",3,467929,84.97
"live good day",3,467932,84.97
"live good luck",3,467935,84.97
"live google hangout",3,467938,84.97
"live henry david",3,467941,84.97
"live hostile world",3,467944,84.98
"live http com",3,467947,84.98
"live jazz joe",3,467950,84.98
"live jazz trio",3,467953,84.98
"live june th",3,467956,84.98
"live know live",3,467959,84.98
"live learn love",3,467962,84.98
"live life day",3,467965,84.98
"live life dreamed",3,467968,84.98
"live life find",3,467971,84.98
"live life fun",3,467974,84.98
"live life happy",3,467977,84.98
"live life laugh",3,467980,84.98
"live life people",3,467983,84.98
"live life remember",3,467986,84.98
"live life revolution",3,467989,84.98
"live life short",3,467992,84.98
"live life tomorrow",3,467995,84.98
"live local music",3,467998,84.99
"live long make",3,468001,84.99
"live long time",3,468004,84.99
"live long want",3,468007,84.99
"live longer healthier",3,468010,84.99
"live longer lives",3,468013,84.99
"live maintain interest",3,468016,84.99
"live miami beach",3,468019,84.99
"live miserable best",3,468022,84.99
"live mix night",3,468025,84.99
"live music dj",3,468028,84.99
"live music events",3,468031,84.99
"live music lineup",3,468034,84.99
"live music music",3,468037,84.99
"live music patio",3,468040,84.99
"live music video",3,468043,84.99
"live nyc brian",3,468046,84.99
"live nyc kyle",3,468049,84.99
"live own ok",3,468052,85
"live people expectations",3,468055,85
"live people like",3,468058,85
"live pm et",3,468061,85
"live pm sat",3,468064,85
"live press conference",3,468067,85
"live random tracks",3,468070,85
"live religion meditation",3,468073,85
"live shark museum",3,468076,85
"live simply love",3,468079,85
"live start pointing",3,468082,85
"live starts minutes",3,468085,85
"live tech demand",3,468088,85
"live th floor",3,468091,85
"live trailer park",3,468094,85
"live tv broadcast",3,468097,85
"live tweeting action",3,468100,85
"live tweeting debate",3,468103,85
"live tweeting just",3,468106,85
"live tweeting oscars",3,468109,85.01
"live twin cities",3,468112,85.01
"live video audio",3,468115,85.01
"live video chat",3,468118,85.01
"live video mix",3,468121,85.01
"live virginia beach",3,468124,85.01
"live wet nightclub",3,468127,85.01
"live years ago",3,468130,85.01
"lived east coast",3,468133,85.01
"lived just length",3,468136,85.01
"lived tell tale",3,468139,85.01
"lived years old",3,468142,85.01
"liverpool fa cup",3,468145,85.01
"lives attitudes mind",3,468148,85.01
"lives chains know",3,468151,85.01
"lives face tomorrow",3,468154,85.01
"lives hours away",3,468157,85.01
"lives improve take",3,468160,85.01
"lives means lack",3,468163,85.02
"lives mind let",3,468166,85.02
"lives spending time",3,468169,85.02
"lives teaching walk",3,468172,85.02
"lives thousand lives",3,468175,85.02
"lives years ago",3,468178,85.02
"living blessed life",3,468181,85.02
"living dreams living",3,468184,85.02
"living man world",3,468187,85.02
"living room awesome",3,468190,85.02
"living room dining",3,468193,85.02
"living room room",3,468196,85.02
"living room time",3,468199,85.02
"living significant end",3,468202,85.02
"living social coupons",3,468205,85.02
"living week month",3,468208,85.02
"living worth dying",3,468211,85.02
"living www com",3,468214,85.02
"living year old",3,468217,85.03
"ln dallas tx",3,468220,85.03
"loads follow mood",3,468223,85.03
"local animal shelter",3,468226,85.03
"local bands play",3,468229,85.03
"local businesses support",3,468232,85.03
"local economy support",3,468235,85.03
"local entrepreneurs contact",3,468238,85.03
"local food banks",3,468241,85.03
"local food pantry",3,468244,85.03
"local insurance providers",3,468247,85.03
"local long distance",3,468250,85.03
"local music good",3,468253,85.03
"local music thursday",3,468256,85.03
"local real estate",3,468259,85.03
"locally owned businesses",3,468262,85.03
"located san diego",3,468265,85.03
"location based apps",3,468268,85.03
"location served homemade",3,468271,85.03
"locations miami palm",3,468274,85.04
"lock gas station",3,468277,85.04
"locked historic high",3,468280,85.04
"locked outside house",3,468283,85.04
"logo business cards",3,468286,85.04
"logo coming soon",3,468289,85.04
"logo look like",3,468292,85.04
"logo site design",3,468295,85.04
"london marathon today",3,468298,85.04
"london olympic games",3,468301,85.04
"lonely like person",3,468304,85.04
"lonely relationship chance",3,468307,85.04
"long anyone use",3,468310,85.04
"long beautiful hair",3,468313,85.04
"long birthday weekend",3,468316,85.04
"long blog posts",3,468319,85.04
"long complaining person",3,468322,85.04
"long door closing",3,468325,85.04
"long drive ahead",3,468328,85.05
"long going last",3,468331,85.05
"long good luck",3,468334,85.05
"long hard sooner",3,468337,85.05
"long hard unless",3,468340,85.05
"long holding microphone",3,468343,85.05
"long hot bath",3,468346,85.05
"long lasting careers",3,468349,85.05
"long line get",3,468352,85.05
"long line men",3,468355,85.05
"long list today",3,468358,85.05
"long lost twin",3,468361,85.05
"long nap today",3,468364,85.05
"long normal people",3,468367,85.05
"long plane ride",3,468370,85.05
"long red hair",3,468373,85.05
"long relationship like",3,468376,85.05
"long road ahead",3,468379,85.05
"long seems like",3,468382,85.06
"long shots come",3,468385,85.06
"long take find",3,468388,85.06
"long talks little",3,468391,85.06
"long term contracts",3,468394,85.06
"long term damage",3,468397,85.06
"long term effect",3,468400,85.06
"long term gain",3,468403,85.06
"long term illness",3,468406,85.06
"long term project",3,468409,85.06
"long term storage",3,468412,85.06
"long term trends",3,468415,85.06
"long think take",3,468418,85.06
"long wait till",3,468421,85.06
"long want go",3,468424,85.06
"long way brain",3,468427,85.06
"long way days",3,468430,85.06
"long way get",3,468433,85.06
"long way make",3,468436,85.06
"long way making",3,468439,85.07
"long way round",3,468442,85.07
"longer school day",3,468445,85.07
"longer tell consumer",3,468448,85.07
"longest happiest george",3,468451,85.07
"longest hour life",3,468454,85.07
"longest road trip",3,468457,85.07
"longest time just",3,468460,85.07
"look alike day",3,468463,85.07
"look away look",3,468466,85.07
"look book reading",3,468469,85.07
"look bright life",3,468472,85.07
"look deeper love",3,468475,85.07
"look did little",3,468478,85.07
"look don need",3,468481,85.07
"look don touch",3,468484,85.07
"look find new",3,468487,85.07
"look glass half",3,468490,85.07
"look good af",3,468493,85.08
"look good blue",3,468496,85.08
"look good girl",3,468499,85.08
"look good give",3,468502,85.08
"look good know",3,468505,85.08
"look good make",3,468508,85.08
"look good makeup",3,468511,85.08
"look good man",3,468514,85.08
"look good maybe",3,468517,85.08
"look good men",3,468520,85.08
"look good open",3,468523,85.08
"look good people",3,468526,85.08
"look good red",3,468529,85.08
"look good smell",3,468532,85.08
"look good thanks",3,468535,85.08
"look good things",3,468538,85.08
"look good wear",3,468541,85.08
"look good won",3,468544,85.08
"look gorgeous love",3,468547,85.09
"look great happy",3,468550,85.09
"look great tonight",3,468553,85.09
"look great years",3,468556,85.09
"look inspiration left",3,468559,85.09
"look joined twitter",3,468562,85.09
"look life say",3,468565,85.09
"look like animals",3,468568,85.09
"look like art",3,468571,85.09
"look like austin",3,468574,85.09
"look like avatar",3,468577,85.09
"look like ball",3,468580,85.09
"look like biggest",3,468583,85.09
"look like boys",3,468586,85.09
"look like brad",3,468589,85.09
"look like calvin",3,468592,85.09
"look like candy",3,468595,85.09
"look like cause",3,468598,85.09
"look like cent",3,468601,85.09
"look like check",3,468604,85.1
"look like cool",3,468607,85.1
"look like daddy",3,468610,85.1
"look like dog",3,468613,85.1
"look like duck",3,468616,85.1
"look like dying",3,468619,85.1
"look like easy",3,468622,85.1
"look like eddie",3,468625,85.1
"look like end",3,468628,85.1
"look like everybody",3,468631,85.1
"look like food",3,468634,85.1
"look like friends",3,468637,85.1
"look like garbage",3,468640,85.1
"look like getting",3,468643,85.1
"look like gotta",3,468646,85.1
"look like hand",3,468649,85.1
"look like help",3,468652,85.1
"look like idiots",3,468655,85.1
"look like ken",3,468658,85.11
"look like left",3,468661,85.11
"look like live",3,468664,85.11
"look like looks",3,468667,85.11
"look like mama",3,468670,85.11
"look like mean",3,468673,85.11
"look like miss",3,468676,85.11
"look like mouse",3,468679,85.11
"look like movie",3,468682,85.11
"look like must",3,468685,85.11
"look like niggas",3,468688,85.11
"look like ok",3,468691,85.11
"look like pads",3,468694,85.11
"look like pain",3,468697,85.11
"look like paying",3,468700,85.11
"look like poor",3,468703,85.11
"look like prince",3,468706,85.11
"look like pro",3,468709,85.11
"look like pumpkin",3,468712,85.11
"look like quite",3,468715,85.12
"look like ready",3,468718,85.12
"look like rest",3,468721,85.12
"look like said",3,468724,85.12
"look like school",3,468727,85.12
"look like sh",3,468730,85.12
"look like shave",3,468733,85.12
"look like shoe",3,468736,85.12
"look like sister",3,468739,85.12
"look like sitting",3,468742,85.12
"look like sons",3,468745,85.12
"look like sorry",3,468748,85.12
"look like spam",3,468751,85.12
"look like sum",3,468754,85.12
"look like tomato",3,468757,85.12
"look like victim",3,468760,85.12
"look like victoria",3,468763,85.12
"look like whats",3,468766,85.12
"look like yeah",3,468769,85.13
"look look love",3,468772,85.13
"look look tell",3,468775,85.13
"look make change",3,468778,85.13
"look means lot",3,468781,85.13
"look notice people",3,468784,85.13
"look offer hour",3,468787,85.13
"look office window",3,468790,85.13
"look old look",3,468793,85.13
"look people give",3,468796,85.13
"look presents birthdays",3,468799,85.13
"look right places",3,468802,85.13
"look space shuttle",3,468805,85.13
"look spectacular trilogy",3,468808,85.13
"look super cute",3,468811,85.13
"look super moon",3,468814,85.13
"look twitter page",3,468817,85.13
"look ur site",3,468820,85.13
"look walk away",3,468823,85.14
"look window pretend",3,468826,85.14
"look youtube channel",3,468829,85.14
"looked amazing last",3,468832,85.14
"looked beautiful today",3,468835,85.14
"looked family tree",3,468838,85.14
"looked great tonight",3,468841,85.14
"looked like boy",3,468844,85.14
"looked like came",3,468847,85.14
"looked like cute",3,468850,85.14
"looked like david",3,468853,85.14
"looked like gonna",3,468856,85.14
"looked like hurt",3,468859,85.14
"looked like insane",3,468862,85.14
"looked like justin",3,468865,85.14
"looked like personalities",3,468868,85.14
"looked like today",3,468871,85.14
"looked long time",3,468874,85.14
"looked overlooked mae",3,468877,85.14
"looking best way",3,468880,85.15
"looking better way",3,468883,85.15
"looking book dates",3,468886,85.15
"looking book read",3,468889,85.15
"looking both ways",3,468892,85.15
"looking businesses serve",3,468895,85.15
"looking buy rare",3,468898,85.15
"looking buy rent",3,468901,85.15
"looking clothing designers",3,468904,85.15
"looking cutting edge",3,468907,85.15
"looking forward ahead",3,468910,85.15
"looking forward alone",3,468913,85.15
"looking forward annual",3,468916,85.15
"looking forward austin",3,468919,85.15
"looking forward avengers",3,468922,85.15
"looking forward awards",3,468925,85.15
"looking forward bed",3,468928,85.15
"looking forward breakfast",3,468931,85.15
"looking forward cc",3,468934,85.16
"looking forward cd",3,468937,85.16
"looking forward comments",3,468940,85.16
"looking forward cool",3,468943,85.16
"looking forward county",3,468946,85.16
"looking forward crazy",3,468949,85.16
"looking forward demo",3,468952,85.16
"looking forward denver",3,468955,85.16
"looking forward discussion",3,468958,85.16
"looking forward diving",3,468961,85.16
"looking forward drinks",3,468964,85.16
"looking forward dvd",3,468967,85.16
"looking forward entering",3,468970,85.16
"looking forward feb",3,468973,85.16
"looking forward feel",3,468976,85.16
"looking forward free",3,468979,85.16
"looking forward gaining",3,468982,85.16
"looking forward gala",3,468985,85.16
"looking forward green",3,468988,85.17
"looking forward hiking",3,468991,85.17
"looking forward kentucky",3,468994,85.17
"looking forward kickoff",3,468997,85.17
"looking forward link",3,469000,85.17
"looking forward luncheon",3,469003,85.17
"looking forward marketing",3,469006,85.17
"looking forward mayo",3,469009,85.17
"looking forward mom",3,469012,85.17
"looking forward ncaa",3,469015,85.17
"looking forward nd",3,469018,85.17
"looking forward network",3,469021,85.17
"looking forward novel",3,469024,85.17
"looking forward official",3,469027,85.17
"looking forward oscars",3,469030,85.17
"looking forward pizza",3,469033,85.17
"looking forward planning",3,469036,85.17
"looking forward premiere",3,469039,85.17
"looking forward presentations",3,469042,85.17
"looking forward questions",3,469045,85.18
"looking forward ready",3,469048,85.18
"looking forward red",3,469051,85.18
"looking forward restaurant",3,469054,85.18
"looking forward right",3,469057,85.18
"looking forward set",3,469060,85.18
"looking forward speak",3,469063,85.18
"looking forward staff",3,469066,85.18
"looking forward stopping",3,469069,85.18
"looking forward super",3,469072,85.18
"looking forward support",3,469075,85.18
"looking forward supporting",3,469078,85.18
"looking forward take",3,469081,85.18
"looking forward team",3,469084,85.18
"looking forward thank",3,469087,85.18
"looking forward think",3,469090,85.18
"looking forward thinking",3,469093,85.18
"looking forward tips",3,469096,85.18
"looking forward tracking",3,469099,85.19
"looking forward twitter",3,469102,85.19
"looking forward use",3,469105,85.19
"looking forward vancouver",3,469108,85.19
"looking forward waking",3,469111,85.19
"looking forward way",3,469114,85.19
"looking forward wednesday",3,469117,85.19
"looking forward welcoming",3,469120,85.19
"looking forward world",3,469123,85.19
"looking forward yr",3,469126,85.19
"looking gentleman cool",3,469129,85.19
"looking good book",3,469132,85.19
"looking good day",3,469135,85.19
"looking good early",3,469138,85.19
"looking good girl",3,469141,85.19
"looking good like",3,469144,85.19
"looking good luck",3,469147,85.19
"looking good music",3,469150,85.19
"looking good nice",3,469153,85.2
"looking good wait",3,469156,85.2
"looking good way",3,469159,85.2
"looking good year",3,469162,85.2
"looking helen keller",3,469165,85.2
"looking henry david",3,469168,85.2
"looking hire developers",3,469171,85.2
"looking hire new",3,469174,85.2
"looking just saying",3,469177,85.2
"looking like bunch",3,469180,85.2
"looking like hot",3,469183,85.2
"looking like might",3,469186,85.2
"looking like old",3,469189,85.2
"looking like rolled",3,469192,85.2
"looking local artist",3,469195,85.2
"looking love help",3,469198,85.2
"looking make extra",3,469201,85.2
"looking make happy",3,469204,85.2
"looking missing year",3,469207,85.2
"looking new guitarist",3,469210,85.21
"looking new sales",3,469213,85.21
"looking new twitter",3,469216,85.21
"looking new work",3,469219,85.21
"looking new york",3,469222,85.21
"looking old messages",3,469225,85.21
"looking place get",3,469228,85.21
"looking pretty bad",3,469231,85.21
"looking really bad",3,469234,85.21
"looking reason go",3,469237,85.21
"looking success stories",3,469240,85.21
"looking trouble finding",3,469243,85.21
"looking ward great",3,469246,85.21
"looking ward hearing",3,469249,85.21
"looking ways help",3,469252,85.21
"looking work go",3,469255,85.21
"looking work home",3,469258,85.21
"looking work new",3,469261,85.21
"looking worse worse",3,469264,85.22
"looks beautiful right",3,469267,85.22
"looks beautiful tonight",3,469270,85.22
"looks day like",3,469273,85.22
"looks delicious enjoy",3,469276,85.22
"looks delicious wait",3,469279,85.22
"looks good enjoy",3,469282,85.22
"looks good morning",3,469285,85.22
"looks good take",3,469288,85.22
"looks great congratulations",3,469291,85.22
"looks great great",3,469294,85.22
"looks great guys",3,469297,85.22
"looks great like",3,469300,85.22
"looks great man",3,469303,85.22
"looks great sounds",3,469306,85.22
"looks great try",3,469309,85.22
"looks great way",3,469312,85.22
"looks interesting live",3,469315,85.22
"looks like absolute",3,469318,85.23
"looks like al",3,469321,85.23
"looks like baseball",3,469324,85.23
"looks like billy",3,469327,85.23
"looks like body",3,469330,85.23
"looks like boston",3,469333,85.23
"looks like bound",3,469336,85.23
"looks like casey",3,469339,85.23
"looks like change",3,469342,85.23
"looks like coach",3,469345,85.23
"looks like cold",3,469348,85.23
"looks like continue",3,469351,85.23
"looks like crazy",3,469354,85.23
"looks like dallas",3,469357,85.23
"looks like danny",3,469360,85.23
"looks like deal",3,469363,85.23
"looks like drinking",3,469366,85.23
"looks like espn",3,469369,85.23
"looks like fabulous",3,469372,85.23
"looks like family",3,469375,85.24
"looks like fan",3,469378,85.24
"looks like february",3,469381,85.24
"looks like fish",3,469384,85.24
"looks like flight",3,469387,85.24
"looks like friends",3,469390,85.24
"looks like fully",3,469393,85.24
"looks like games",3,469396,85.24
"looks like half",3,469399,85.24
"looks like happening",3,469402,85.24
"looks like harold",3,469405,85.24
"looks like heart",3,469408,85.24
"looks like herman",3,469411,85.24
"looks like hes",3,469414,85.24
"looks like hold",3,469417,85.24
"looks like holding",3,469420,85.24
"looks like hopefully",3,469423,85.24
"looks like joan",3,469426,85.24
"looks like june",3,469429,85.25
"looks like kidney",3,469432,85.25
"looks like kids",3,469435,85.25
"looks like louis",3,469438,85.25
"looks like lunch",3,469441,85.25
"looks like magic",3,469444,85.25
"looks like make",3,469447,85.25
"looks like makes",3,469450,85.25
"looks like manning",3,469453,85.25
"looks like marathon",3,469456,85.25
"looks like mean",3,469459,85.25
"looks like nc",3,469462,85.25
"looks like nick",3,469465,85.25
"looks like nose",3,469468,85.25
"looks like ny",3,469471,85.25
"looks like nyc",3,469474,85.25
"looks like official",3,469477,85.25
"looks like opening",3,469480,85.25
"looks like ordering",3,469483,85.25
"looks like page",3,469486,85.26
"looks like paid",3,469489,85.26
"looks like pain",3,469492,85.26
"looks like part",3,469495,85.26
"looks like phone",3,469498,85.26
"looks like photo",3,469501,85.26
"looks like pick",3,469504,85.26
"looks like picking",3,469507,85.26
"looks like played",3,469510,85.26
"looks like playoff",3,469513,85.26
"looks like pop",3,469516,85.26
"looks like power",3,469519,85.26
"looks like president",3,469522,85.26
"looks like project",3,469525,85.26
"looks like rest",3,469528,85.26
"looks like romney",3,469531,85.26
"looks like runner",3,469534,85.26
"looks like said",3,469537,85.26
"looks like santa",3,469540,85.27
"looks like saying",3,469543,85.27
"looks like scene",3,469546,85.27
"looks like season",3,469549,85.27
"looks like seattle",3,469552,85.27
"looks like send",3,469555,85.27
"looks like set",3,469558,85.27
"looks like shark",3,469561,85.27
"looks like shes",3,469564,85.27
"looks like shopping",3,469567,85.27
"looks like simpson",3,469570,85.27
"looks like slow",3,469573,85.27
"looks like solo",3,469576,85.27
"looks like students",3,469579,85.27
"looks like teaching",3,469582,85.27
"looks like team",3,469585,85.27
"looks like texas",3,469588,85.27
"looks like thanks",3,469591,85.27
"looks like thing",3,469594,85.28
"looks like throwing",3,469597,85.28
"looks like tree",3,469600,85.28
"looks like trip",3,469603,85.28
"looks like turned",3,469606,85.28
"looks like twins",3,469609,85.28
"looks like underneath",3,469612,85.28
"looks like victim",3,469615,85.28
"looks like vikings",3,469618,85.28
"looks like walking",3,469621,85.28
"looks like wall",3,469624,85.28
"looks like warm",3,469627,85.28
"looks like water",3,469630,85.28
"looks like wedding",3,469633,85.28
"looks like wild",3,469636,85.28
"looks like world",3,469639,85.28
"looks like wrapping",3,469642,85.28
"looks like wrong",3,469645,85.28
"looks like yo",3,469648,85.28
"looks like younger",3,469651,85.29
"looks sounds exactly",3,469654,85.29
"loose release millions",3,469657,85.29
"lopez marc anthony",3,469660,85.29
"lord beginning wisdom",3,469663,85.29
"lord bless keep",3,469666,85.29
"lord bless week",3,469669,85.29
"lord earth psalm",3,469672,85.29
"lord guide steps",3,469675,85.29
"lord hear voice",3,469678,85.29
"lord heard delivered",3,469681,85.29
"lord knows stressed",3,469684,85.29
"lord letting day",3,469687,85.29
"lord long live",3,469690,85.29
"lord refuge trust",3,469693,85.29
"lord stanley cup",3,469696,85.29
"lord works mysterious",3,469699,85.29
"los angeles dodgers",3,469702,85.29
"los angeles email",3,469705,85.3
"los angeles fans",3,469708,85.3
"los angeles frank",3,469711,85.3
"los angeles got",3,469714,85.3
"los angeles hope",3,469717,85.3
"los angeles know",3,469720,85.3
"los angeles police",3,469723,85.3
"los angeles team",3,469726,85.3
"los angeles time",3,469729,85.3
"los angeles tomorrow",3,469732,85.3
"los angeles weekend",3,469735,85.3
"los angeles www",3,469738,85.3
"lose afraid lose",3,469741,85.3
"lose blessings counting",3,469744,85.3
"lose count naming",3,469747,85.3
"lose courage considering",3,469750,85.3
"lose final score",3,469753,85.3
"lose game home",3,469756,85.3
"lose game refs",3,469759,85.31
"lose gave love",3,469762,85.31
"lose infinite hope",3,469765,85.31
"lose lb week",3,469768,85.31
"lose lbs using",3,469771,85.31
"lose lbs week",3,469774,85.31
"lose let go",3,469777,85.31
"lose little bit",3,469780,85.31
"lose long outcome",3,469783,85.31
"lose lose lose",3,469786,85.31
"lose meaning balanced",3,469789,85.31
"lose sense humor",3,469792,85.31
"lose th seed",3,469795,85.31
"lose trying hold",3,469798,85.31
"losers winner stand",3,469801,85.31
"loses age average",3,469804,85.31
"losing best friend",3,469807,85.31
"losing hour sleep",3,469810,85.31
"losing weight easy",3,469813,85.31
"loss lives loss",3,469816,85.32
"loss plan train",3,469819,85.32
"loss www consumer",3,469822,85.32
"lost best thing",3,469825,85.32
"lost crazy world",3,469828,85.32
"lost football game",3,469831,85.32
"lost friend today",3,469834,85.32
"lost game won",3,469837,85.32
"lost great friend",3,469840,85.32
"lost hockey game",3,469843,85.32
"lost la teen",3,469846,85.32
"lost lbs days",3,469849,85.32
"lost lbs last",3,469852,85.32
"lost lbs week",3,469855,85.32
"lost lives years",3,469858,85.32
"lost look find",3,469861,85.32
"lost loving feeling",3,469864,85.32
"lost power hours",3,469867,85.32
"lost rest gallery",3,469870,85.33
"lost rock roll",3,469873,85.33
"lost super bowl",3,469876,85.33
"lost track times",3,469879,85.33
"lost trying find",3,469882,85.33
"lot born september",3,469885,85.33
"lot common both",3,469888,85.33
"lot don say",3,469891,85.33
"lot don talk",3,469894,85.33
"lot doors push",3,469897,85.33
"lot fellow character",3,469900,85.33
"lot followers follow",3,469903,85.33
"lot fun come",3,469906,85.33
"lot fun doing",3,469909,85.33
"lot fun glad",3,469912,85.33
"lot fun good",3,469915,85.33
"lot fun happy",3,469918,85.33
"lot fun last",3,469921,85.33
"lot fun really",3,469924,85.34
"lot genius patrick",3,469927,85.34
"lot guys like",3,469930,85.34
"lot people come",3,469933,85.34
"lot people doing",3,469936,85.34
"lot people going",3,469939,85.34
"lot people help",3,469942,85.34
"lot people saying",3,469945,85.34
"lot people school",3,469948,85.34
"lot people trying",3,469951,85.34
"lot people twitter",3,469954,85.34
"lot people way",3,469957,85.34
"lot people work",3,469960,85.34
"lot people wrong",3,469963,85.34
"lot stuff like",3,469966,85.34
"lots candles plenty",3,469969,85.34
"lots cool music",3,469972,85.34
"lots gluten free",3,469975,85.34
"lots mind today",3,469978,85.34
"lots moving parts",3,469981,85.35
"lots smart people",3,469984,85.35
"lots time family",3,469987,85.35
"lots work ahead",3,469990,85.35
"lottery commit life",3,469993,85.35
"lottery last night",3,469996,85.35
"loud honest family",3,469999,85.35
"louder words nearly",3,470002,85.35
"louis let go",3,470005,85.35
"louis st louis",3,470008,85.35
"louis van comic",3,470011,85.35
"lounge march th",3,470014,85.35
"lounge tonight gonna",3,470017,85.35
"love actually feel",3,470020,85.35
"love alex follow",3,470023,85.35
"love answer question",3,470026,85.35
"love apple juice",3,470029,85.35
"love attachment thing",3,470032,85.35
"love auto correct",3,470035,85.36
"love baby daddy",3,470038,85.36
"love baby going",3,470041,85.36
"love baby good",3,470044,85.36
"love baby let",3,470047,85.36
"love baby need",3,470050,85.36
"love baby second",3,470053,85.36
"love baby want",3,470056,85.36
"love background image",3,470059,85.36
"love barack obama",3,470062,85.36
"love believe follow",3,470065,85.36
"love benjamin franklin",3,470068,85.36
"love bo jackson",3,470071,85.36
"love boo good",3,470074,85.36
"love boys just",3,470077,85.36
"love brave tell",3,470080,85.36
"love canyon group",3,470083,85.36
"love catch time",3,470086,85.36
"love cause priced",3,470089,85.37
"love change mind",3,470092,85.37
"love chi town",3,470095,85.37
"love chocolate milk",3,470098,85.37
"love christmas lights",3,470101,85.37
"love classical music",3,470104,85.37
"love comfort food",3,470107,85.37
"love concept think",3,470110,85.37
"love cool love",3,470113,85.37
"love cool weather",3,470116,85.37
"love cute funny",3,470119,85.37
"love dancing stars",3,470122,85.37
"love daylight savings",3,470125,85.37
"love dear sis",3,470128,85.37
"love direction justin",3,470131,85.37
"love don change",3,470134,85.37
"love don cry",3,470137,85.37
"love don judge",3,470140,85.37
"love don listen",3,470143,85.37
"love don marry",3,470146,85.38
"love don really",3,470149,85.38
"love don take",3,470152,85.38
"love don worry",3,470155,85.38
"love dress wait",3,470158,85.38
"love end day",3,470161,85.38
"love especially deserve",3,470164,85.38
"love far away",3,470167,85.38
"love far good",3,470170,85.38
"love fingers crossed",3,470173,85.38
"love florence machine",3,470176,85.38
"love follow beautiful",3,470179,85.38
"love follow follows",3,470182,85.38
"love follow pretty",3,470185,85.38
"love follow thanks",3,470188,85.38
"love follow tweet",3,470191,85.38
"love follow tweets",3,470194,85.38
"love following tweets",3,470197,85.38
"love fool fool",3,470200,85.39
"love foolish might",3,470203,85.39
"love football love",3,470206,85.39
"love friday enjoy",3,470209,85.39
"love future husband",3,470212,85.39
"love gene simmons",3,470215,85.39
"love get free",3,470218,85.39
"love get meet",3,470221,85.39
"love get opinion",3,470224,85.39
"love get quick",3,470227,85.39
"love get real",3,470230,85.39
"love get ur",3,470233,85.39
"love get way",3,470236,85.39
"love gets old",3,470239,85.39
"love girl glad",3,470242,85.39
"love girl go",3,470245,85.39
"love girl happy",3,470248,85.39
"love girl stay",3,470251,85.39
"love girl thousand",3,470254,85.39
"love girl wait",3,470257,85.4
"love giving advice",3,470260,85.4
"love giving power",3,470263,85.4
"love gonna save",3,470266,85.4
"love gonna take",3,470269,85.4
"love good bad",3,470272,85.4
"love good challenge",3,470275,85.4
"love good feeling",3,470278,85.4
"love good life",3,470281,85.4
"love good times",3,470284,85.4
"love good work",3,470287,85.4
"love good workout",3,470290,85.4
"love gospel music",3,470293,85.4
"love great health",3,470296,85.4
"love great idea",3,470299,85.4
"love great role",3,470302,85.4
"love great stuff",3,470305,85.4
"love great things",3,470308,85.4
"love guys favorite",3,470311,85.41
"love guys good",3,470314,85.41
"love guys say",3,470317,85.41
"love guys talk",3,470320,85.41
"love guys tomorrow",3,470323,85.41
"love guys wear",3,470326,85.41
"love hamilton wright",3,470329,85.41
"love hanging friends",3,470332,85.41
"love hard core",3,470335,85.41
"love hard forget",3,470338,85.41
"love hate promise",3,470341,85.41
"love hate say",3,470344,85.41
"love hate seeing",3,470347,85.41
"love hear comments",3,470350,85.41
"love hear honestly",3,470353,85.41
"love hear project",3,470356,85.41
"love hear send",3,470359,85.41
"love hear thank",3,470362,85.41
"love hear time",3,470365,85.42
"love hear tweet",3,470368,85.42
"love hear voice",3,470371,85.42
"love home home",3,470374,85.42
"love hope go",3,470377,85.42
"love hope hurt",3,470380,85.42
"love hope know",3,470383,85.42
"love hope like",3,470386,85.42
"love hot guy",3,470389,85.42
"love huge inspiration",3,470392,85.42
"love huge thanks",3,470395,85.42
"love hurt eat",3,470398,85.42
"love hurt hurt",3,470401,85.42
"love hurt teenager",3,470404,85.42
"love hurts cry",3,470407,85.42
"love ideal thing",3,470410,85.42
"love interested enjoy",3,470413,85.42
"love interesting things",3,470416,85.42
"love janet jackson",3,470419,85.42
"love joy come",3,470422,85.43
"love judge judy",3,470425,85.43
"love junk food",3,470428,85.43
"love just fun",3,470431,85.43
"love just hope",3,470434,85.43
"love just loved",3,470437,85.43
"love just make",3,470440,85.43
"love just met",3,470443,85.43
"love just saying",3,470446,85.43
"love just seems",3,470449,85.43
"love just told",3,470452,85.43
"love just trying",3,470455,85.43
"love just wait",3,470458,85.43
"love just wondering",3,470461,85.43
"love just work",3,470464,85.43
"love kind does",3,470467,85.43
"love know does",3,470470,85.43
"love know exist",3,470473,85.43
"love know gonna",3,470476,85.44
"love know media",3,470479,85.44
"love know people",3,470482,85.44
"love know songs",3,470485,85.44
"love laugh live",3,470488,85.44
"love laugh love",3,470491,85.44
"love laugh smile",3,470494,85.44
"love law order",3,470497,85.44
"love learning sweet",3,470500,85.44
"love letter write",3,470503,85.44
"love letters does",3,470506,85.44
"love library day",3,470509,85.44
"love life big",3,470512,85.44
"love life come",3,470515,85.44
"love life family",3,470518,85.44
"love life feel",3,470521,85.44
"love life free",3,470524,85.44
"love life world",3,470527,85.44
"love like big",3,470530,85.45
"love like dat",3,470533,85.45
"love like flower",3,470536,85.45
"love like get",3,470539,85.45
"love like having",3,470542,85.45
"love like heaven",3,470545,85.45
"love like jumping",3,470548,85.45
"love like know",3,470551,85.45
"love like life",3,470554,85.45
"love like movie",3,470557,85.45
"love like page",3,470560,85.45
"love like plant",3,470563,85.45
"love like really",3,470566,85.45
"love like time",3,470569,85.45
"love like water",3,470572,85.45
"love like world",3,470575,85.45
"love living florida",3,470578,85.45
"love long beach",3,470581,85.45
"love long exists",3,470584,85.45
"love long life",3,470587,85.46
"love looking good",3,470590,85.46
"love looking old",3,470593,85.46
"love lots love",3,470596,85.46
"love lovely day",3,470599,85.46
"love made fun",3,470602,85.46
"love made making",3,470605,85.46
"love make blush",3,470608,85.46
"love make life",3,470611,85.46
"love make person",3,470614,85.46
"love make twitter",3,470617,85.46
"love make video",3,470620,85.46
"love mama bear",3,470623,85.46
"love mama happy",3,470626,85.46
"love mankind people",3,470629,85.46
"love maybe just",3,470632,85.46
"love merely seek",3,470635,85.46
"love metaphor way",3,470638,85.46
"love miller park",3,470641,85.47
"love miss going",3,470644,85.47
"love miss just",3,470647,85.47
"love miss seeing",3,470650,85.47
"love miss talk",3,470653,85.47
"love miss thanks",3,470656,85.47
"love mommy happy",3,470659,85.47
"love money love",3,470662,85.47
"love mother day",3,470665,85.47
"love mother happy",3,470668,85.47
"love mother monster",3,470671,85.47
"love movie follow",3,470674,85.47
"love movie good",3,470677,85.47
"love movie night",3,470680,85.47
"love music know",3,470683,85.47
"love music real",3,470686,85.47
"love music ur",3,470689,85.47
"love night proves",3,470692,85.47
"love oh like",3,470695,85.48
"love oh ok",3,470698,85.48
"love oh thanks",3,470701,85.48
"love oh yes",3,470704,85.48
"love old fashioned",3,470707,85.48
"love ones morning",3,470710,85.48
"love part community",3,470713,85.48
"love people ask",3,470716,85.48
"love people complain",3,470719,85.48
"love people fall",3,470722,85.48
"love people go",3,470725,85.48
"love people keep",3,470728,85.48
"love people pick",3,470731,85.48
"love people right",3,470734,85.48
"love person just",3,470737,85.48
"love phone calls",3,470740,85.48
"love pictures hope",3,470743,85.48
"love post soon",3,470746,85.48
"love precious family",3,470749,85.48
"love pretty lady",3,470752,85.49
"love prom dress",3,470755,85.49
"love public transportation",3,470758,85.49
"love punch face",3,470761,85.49
"love put heart",3,470764,85.49
"love put hearts",3,470767,85.49
"love raise positive",3,470770,85.49
"love ready love",3,470773,85.49
"love red solo",3,470776,85.49
"love remember saw",3,470779,85.49
"love running rain",3,470782,85.49
"love said better",3,470785,85.49
"love said sorry",3,470788,85.49
"love section row",3,470791,85.49
"love seeing family",3,470794,85.49
"love seeing fun",3,470797,85.49
"love seeing little",3,470800,85.49
"love seeing small",3,470803,85.49
"love selena love",3,470806,85.5
"love self respect",3,470809,85.5
"love send samples",3,470812,85.5
"love share experience",3,470815,85.5
"love share great",3,470818,85.5
"love share ideas",3,470821,85.5
"love shared priceless",3,470824,85.5
"love shine bright",3,470827,85.5
"love sing song",3,470830,85.5
"love single life",3,470833,85.5
"love smells like",3,470836,85.5
"love smile love",3,470839,85.5
"love smiled knew",3,470842,85.5
"love soap rope",3,470845,85.5
"love somebody know",3,470848,85.5
"love somebody like",3,470851,85.5
"love song boyfriend",3,470854,85.5
"love song follow",3,470857,85.5
"love song maybe",3,470860,85.51
"love song reminds",3,470863,85.51
"love song sing",3,470866,85.51
"love song song",3,470869,85.51
"love song time",3,470872,85.51
"love song want",3,470875,85.51
"love sound thunder",3,470878,85.51
"love special day",3,470881,85.51
"love spring break",3,470884,85.51
"love spring time",3,470887,85.51
"love style thanks",3,470890,85.51
"love subject matter",3,470893,85.51
"love super cute",3,470896,85.51
"love sure find",3,470899,85.51
"love sure follow",3,470902,85.51
"love sweet love",3,470905,85.51
"love takes live",3,470908,85.51
"love tech support",3,470911,85.51
"love text like",3,470914,85.51
"love text make",3,470917,85.52
"love thai food",3,470920,85.52
"love thanks amazing",3,470923,85.52
"love thanks hope",3,470926,85.52
"love thanks inspiration",3,470929,85.52
"love thanks posting",3,470932,85.52
"love thanks tweet",3,470935,85.52
"love thanks watching",3,470938,85.52
"love thing loved",3,470941,85.52
"love thing want",3,470944,85.52
"love thought just",3,470947,85.52
"love times person",3,470950,85.52
"love tonight pm",3,470953,85.52
"love tonight thanks",3,470956,85.52
"love totally agree",3,470959,85.52
"love totally going",3,470962,85.52
"love trader joe",3,470965,85.52
"love traffic lights",3,470968,85.52
"love treated like",3,470971,85.53
"love trick played",3,470974,85.53
"love true adventure",3,470977,85.53
"love try new",3,470980,85.53
"love twitter don",3,470983,85.53
"love twitter page",3,470986,85.53
"love twitter picture",3,470989,85.53
"love twitter thanks",3,470992,85.53
"love twitter twitter",3,470995,85.53
"love ur acting",3,470998,85.53
"love ur blog",3,471001,85.53
"love ur face",3,471004,85.53
"love ur family",3,471007,85.53
"love ur work",3,471010,85.53
"love victoria justice",3,471013,85.53
"love waking early",3,471016,85.53
"love waking sound",3,471019,85.53
"love walk right",3,471022,85.53
"love watch everyday",3,471025,85.54
"love watch listen",3,471028,85.54
"love watch play",3,471031,85.54
"love watching guys",3,471034,85.54
"love watching little",3,471037,85.54
"love watching morning",3,471040,85.54
"love watching old",3,471043,85.54
"love way goes",3,471046,85.54
"love way just",3,471049,85.54
"love way looks",3,471052,85.54
"love way ride",3,471055,85.54
"love way way",3,471058,85.54
"love white house",3,471061,85.54
"love willingness give",3,471064,85.54
"love word used",3,471067,85.54
"love work check",3,471070,85.54
"love work family",3,471073,85.54
"love work just",3,471076,85.54
"love work must",3,471079,85.54
"love work need",3,471082,85.55
"love worth fighting",3,471085,85.55
"love write love",3,471088,85.55
"love wrong guys",3,471091,85.55
"love yeah did",3,471094,85.55
"loved animal part",3,471097,85.55
"loved fallen second",3,471100,85.55
"loved having thanks",3,471103,85.55
"loved hearing speak",3,471106,85.55
"loved last episode",3,471109,85.55
"loved last nights",3,471112,85.55
"loved long time",3,471115,85.55
"loved looking forward",3,471118,85.55
"loved love benjamin",3,471121,85.55
"loved meeting today",3,471124,85.55
"loved trusted know",3,471127,85.55
"loved watching guys",3,471130,85.55
"loved year old",3,471133,85.55
"lovely dark deep",3,471136,85.56
"lovely singing voice",3,471139,85.56
"lovely weekend thanks",3,471142,85.56
"lover end friend",3,471145,85.56
"lovers don finally",3,471148,85.56
"lovers run strange",3,471151,85.56
"loves love josh",3,471154,85.56
"loving christmas music",3,471157,85.56
"loving cold weather",3,471160,85.56
"loving feels like",3,471163,85.56
"low battery apparently",3,471166,85.56
"low cost high",3,471169,85.56
"low income kids",3,471172,85.56
"low let work",3,471175,85.56
"low means high",3,471178,85.56
"low moderate income",3,471181,85.56
"low performing students",3,471184,85.56
"low power code",3,471187,85.56
"low prices visit",3,471190,85.56
"low waits low",3,471193,85.57
"lower columbia final",3,471196,85.57
"lower lower pain",3,471199,85.57
"lower north fork",3,471202,85.57
"lower strain return",3,471205,85.57
"lower tax bracket",3,471208,85.57
"lowest cost effective",3,471211,85.57
"lowest point life",3,471214,85.57
"lowest scoring half",3,471217,85.57
"loyal fans creativity",3,471220,85.57
"loyal fans wear",3,471223,85.57
"lp thursday come",3,471226,85.57
"ltd case concerning",3,471229,85.57
"luck ask earl",3,471232,85.57
"luck continued success",3,471235,85.57
"luck finals today",3,471238,85.57
"luck friday th",3,471241,85.57
"luck go big",3,471244,85.57
"luck good imagination",3,471247,85.58
"luck great run",3,471250,85.58
"luck hope good",3,471253,85.58
"luck looks like",3,471256,85.58
"luck new career",3,471259,85.58
"luck softball game",3,471262,85.58
"luck strong men",3,471265,85.58
"luck tweets tests",3,471268,85.58
"luck wish best",3,471271,85.58
"luck wishes extended",3,471274,85.58
"lucky amazing movie",3,471277,85.58
"lucky don know",3,471280,85.58
"lucky don live",3,471283,85.58
"lucky got meet",3,471286,85.58
"lucky irish lucky",3,471289,85.58
"lucky let watch",3,471292,85.58
"lucky little girl",3,471295,85.58
"lucky man love",3,471298,85.58
"lucky wanna go",3,471301,85.59
"lucy sky diamonds",3,471304,85.59
"luke bryan jason",3,471307,85.59
"lunch come get",3,471310,85.59
"lunch date soon",3,471313,85.59
"lunch date week",3,471316,85.59
"lunch feel like",3,471319,85.59
"lunch good idea",3,471322,85.59
"lunch good stuff",3,471325,85.59
"lunch just got",3,471328,85.59
"lunch makes think",3,471331,85.59
"lunch menu broadway",3,471334,85.59
"lunch read paper",3,471337,85.59
"lunch sounds good",3,471340,85.59
"lunch sushi dinner",3,471343,85.59
"lunch today chicken",3,471346,85.59
"lunch today get",3,471349,85.59
"lunch today good",3,471352,85.59
"lunch today just",3,471355,85.59
"lunch today like",3,471358,85.6
"lunch today thanks",3,471361,85.6
"lunch today time",3,471364,85.6
"lunch today turkey",3,471367,85.6
"lunch variety gourmet",3,471370,85.6
"luncheon keynote speaker",3,471373,85.6
"lungs guys performing",3,471376,85.6
"lying bed listening",3,471379,85.6
"lying say love",3,471382,85.6
"lyrics mean trying",3,471385,85.6
"mac big mac",3,471388,85.6
"mac cheese cheese",3,471391,85.6
"mac cheese great",3,471394,85.6
"mac cheese new",3,471397,85.6
"mac cheese right",3,471400,85.6
"made bad day",3,471403,85.6
"made chocolate covered",3,471406,85.6
"made day know",3,471409,85.6
"made day saw",3,471412,85.61
"made day week",3,471415,85.61
"made dean list",3,471418,85.61
"made dream come",3,471421,85.61
"made fly states",3,471424,85.61
"made freaking day",3,471427,85.61
"made happen child",3,471430,85.61
"made heart stop",3,471433,85.61
"made honor roll",3,471436,85.61
"made huge success",3,471439,85.61
"made job easy",3,471442,85.61
"made like bread",3,471445,85.61
"made list things",3,471448,85.61
"made little bit",3,471451,85.61
"made little cry",3,471454,85.61
"made lot mistakes",3,471457,85.61
"made myself boss",3,471460,85.61
"made myself breakfast",3,471463,85.61
"made people cry",3,471466,85.62
"made proud finally",3,471469,85.62
"made proud tonight",3,471472,85.62
"made realize need",3,471475,85.62
"made really happy",3,471478,85.62
"made rice treats",3,471481,85.62
"made right move",3,471484,85.62
"made right today",3,471487,85.62
"made storms ok",3,471490,85.62
"made sure get",3,471493,85.62
"made time go",3,471496,85.62
"made west women",3,471499,85.62
"made work equally",3,471502,85.62
"made work time",3,471505,85.62
"made year old",3,471508,85.62
"madison meet april",3,471511,85.62
"madison school board",3,471514,85.62
"madison state monroe",3,471517,85.62
"madison wi get",3,471520,85.62
"madness full effect",3,471523,85.63
"madness last week",3,471526,85.63
"madonna great inspiration",3,471529,85.63
"madonna helen keller",3,471532,85.63
"madrid vs barcelona",3,471535,85.63
"magazine annual leadership",3,471538,85.63
"magazine launch party",3,471541,85.63
"magazine twitter follow",3,471544,85.63
"maggie mae thursday",3,471547,85.63
"magic johnson bought",3,471550,85.63
"magic takes sweat",3,471553,85.63
"magnet digital summit",3,471556,85.63
"mail address forward",3,471559,85.63
"mail birthday card",3,471562,85.63
"mailing address get",3,471565,85.63
"main field announcement",3,471568,85.63
"main reason trust",3,471571,85.63
"main reason watch",3,471574,85.63
"main st houston",3,471577,85.64
"maintain eye contact",3,471580,85.64
"maintain interest life",3,471583,85.64
"maintain professional image",3,471586,85.64
"major defense minor",3,471589,85.64
"major national local",3,471592,85.64
"make accomplishments seem",3,471595,85.64
"make amazing music",3,471598,85.64
"make appointment get",3,471601,85.64
"make april th",3,471604,85.64
"make beautiful music",3,471607,85.64
"make believe just",3,471610,85.64
"make better better",3,471613,85.64
"make better future",3,471616,85.64
"make better like",3,471619,85.64
"make better people",3,471622,85.64
"make better pictures",3,471625,85.64
"make better today",3,471628,85.64
"make better tv",3,471631,85.65
"make bubble hit",3,471634,85.65
"make bunch money",3,471637,85.65
"make calls right",3,471640,85.65
"make campaign fly",3,471643,85.65
"make career skills",3,471646,85.65
"make cell phone",3,471649,85.65
"make changes need",3,471652,85.65
"make coffee get",3,471655,85.65
"make comedy park",3,471658,85.65
"make count don",3,471661,85.65
"make cream cheese",3,471664,85.65
"make cutest couple",3,471667,85.65
"make day beautiful",3,471670,85.65
"make day change",3,471673,85.65
"make day did",3,471676,85.65
"make day don",3,471679,85.65
"make day giving",3,471682,85.65
"make day interesting",3,471685,85.65
"make day little",3,471688,85.66
"make day lot",3,471691,85.66
"make difference child",3,471694,85.66
"make difference give",3,471697,85.66
"make difficult decision",3,471700,85.66
"make don care",3,471703,85.66
"make don make",3,471706,85.66
"make easy customers",3,471709,85.66
"make easy people",3,471712,85.66
"make event great",3,471715,85.66
"make exercise priority",3,471718,85.66
"make extra income",3,471721,85.66
"make fake twitter",3,471724,85.66
"make feel confident",3,471727,85.66
"make feel great",3,471730,85.66
"make feel precious",3,471733,85.66
"make feel right",3,471736,85.66
"make feel safe",3,471739,85.66
"make feel strong",3,471742,85.67
"make final push",3,471745,85.67
"make franklin jones",3,471748,85.67
"make friday night",3,471751,85.67
"make fun anything",3,471754,85.67
"make fun get",3,471757,85.67
"make fun just",3,471760,85.67
"make fun night",3,471763,85.67
"make get better",3,471766,85.67
"make good decision",3,471769,85.67
"make good excuse",3,471772,85.67
"make good movie",3,471775,85.67
"make good pets",3,471778,85.67
"make good points",3,471781,85.67
"make great film",3,471784,85.67
"make great night",3,471787,85.67
"make happen friday",3,471790,85.67
"make happen keep",3,471793,85.67
"make happen know",3,471796,85.68
"make happen people",3,471799,85.68
"make happen really",3,471802,85.68
"make happen work",3,471805,85.68
"make happy day",3,471808,85.68
"make happy everyday",3,471811,85.68
"make happy forever",3,471814,85.68
"make happy hour",3,471817,85.68
"make happy know",3,471820,85.68
"make happy leave",3,471823,85.68
"make happy life",3,471826,85.68
"make happy man",3,471829,85.68
"make happy smile",3,471832,85.68
"make hard find",3,471835,85.68
"make hard get",3,471838,85.68
"make hard love",3,471841,85.68
"make healthy choices",3,471844,85.68
"make heart go",3,471847,85.68
"make heaven heaven",3,471850,85.68
"make huge deal",3,471853,85.69
"make immediate impact",3,471856,85.69
"make impact absence",3,471859,85.69
"make impact world",3,471862,85.69
"make job easy",3,471865,85.69
"make jokes like",3,471868,85.69
"make keep posted",3,471871,85.69
"make keep wanting",3,471874,85.69
"make laugh lot",3,471877,85.69
"make laugh simple",3,471880,85.69
"make laugh till",3,471883,85.69
"make laugh want",3,471886,85.69
"make legs look",3,471889,85.69
"make les brown",3,471892,85.69
"make let make",3,471895,85.69
"make life awkward",3,471898,85.69
"make life happen",3,471901,85.69
"make life living",3,471904,85.69
"make little easier",3,471907,85.7
"make look crazy",3,471910,85.7
"make look cute",3,471913,85.7
"make look nice",3,471916,85.7
"make look scary",3,471919,85.7
"make look weak",3,471922,85.7
"make lose appetite",3,471925,85.7
"make lose good",3,471928,85.7
"make lot easier",3,471931,85.7
"make make anywhere",3,471934,85.7
"make mental note",3,471937,85.7
"make million bucks",3,471940,85.7
"make mom feel",3,471943,85.7
"make mom nice",3,471946,85.7
"make mom proud",3,471949,85.7
"make money invest",3,471952,85.7
"make money people",3,471955,85.7
"make money right",3,471958,85.7
"make money stay",3,471961,85.7
"make money time",3,471964,85.71
"make money tonight",3,471967,85.71
"make money week",3,471970,85.71
"make mouth water",3,471973,85.71
"make moves heart",3,471976,85.71
"make movie love",3,471979,85.71
"make new memories",3,471982,85.71
"make new mistakes",3,471985,85.71
"make new song",3,471988,85.71
"make new tonight",3,471991,85.71
"make new york",3,471994,85.71
"make own apps",3,471997,85.71
"make own choices",3,472000,85.71
"make own mind",3,472003,85.71
"make paths straight",3,472006,85.71
"make perfect couple",3,472009,85.71
"make perfect gift",3,472012,85.71
"make person feel",3,472015,85.71
"make playoffs time",3,472018,85.72
"make playoffs win",3,472021,85.72
"make prices drop",3,472024,85.72
"make professional photographer",3,472027,85.72
"make promises happy",3,472030,85.72
"make proper use",3,472033,85.72
"make proves sense",3,472036,85.72
"make quick money",3,472039,85.72
"make quick stop",3,472042,85.72
"make real world",3,472045,85.72
"make really cool",3,472048,85.72
"make really really",3,472051,85.72
"make reservation passenger",3,472054,85.72
"make reservation today",3,472057,85.72
"make sad happy",3,472060,85.72
"make say things",3,472063,85.72
"make sense anyone",3,472066,85.72
"make sense bring",3,472069,85.72
"make sense know",3,472072,85.73
"make sense like",3,472075,85.73
"make skin crawl",3,472078,85.73
"make skin look",3,472081,85.73
"make smell like",3,472084,85.73
"make smile follow",3,472087,85.73
"make smile really",3,472090,85.73
"make smile time",3,472093,85.73
"make sooner later",3,472096,85.73
"make special day",3,472099,85.73
"make st day",3,472102,85.73
"make stay don",3,472105,85.73
"make stay home",3,472108,85.73
"make stay tuned",3,472111,85.73
"make strong case",3,472114,85.73
"make sure answer",3,472117,85.73
"make sure bags",3,472120,85.73
"make sure building",3,472123,85.73
"make sure car",3,472126,85.73
"make sure change",3,472129,85.74
"make sure children",3,472132,85.74
"make sure clean",3,472135,85.74
"make sure click",3,472138,85.74
"make sure connect",3,472141,85.74
"make sure contractor",3,472144,85.74
"make sure cute",3,472147,85.74
"make sure drinking",3,472150,85.74
"make sure entered",3,472153,85.74
"make sure everybody",3,472156,85.74
"make sure exercise",3,472159,85.74
"make sure extra",3,472162,85.74
"make sure feel",3,472165,85.74
"make sure finish",3,472168,85.74
"make sure followers",3,472171,85.74
"make sure girl",3,472174,85.74
"make sure heart",3,472177,85.74
"make sure help",3,472180,85.74
"make sure justice",3,472183,85.75
"make sure keeping",3,472186,85.75
"make sure laugh",3,472189,85.75
"make sure learn",3,472192,85.75
"make sure man",3,472195,85.75
"make sure mind",3,472198,85.75
"make sure pass",3,472201,85.75
"make sure practice",3,472204,85.75
"make sure reach",3,472207,85.75
"make sure received",3,472210,85.75
"make sure remind",3,472213,85.75
"make sure rest",3,472216,85.75
"make sure return",3,472219,85.75
"make sure ride",3,472222,85.75
"make sure saying",3,472225,85.75
"make sure sees",3,472228,85.75
"make sure sleep",3,472231,85.75
"make sure specific",3,472234,85.75
"make sure staff",3,472237,85.76
"make sure stock",3,472240,85.76
"make sure talking",3,472243,85.76
"make sure team",3,472246,85.76
"make sure tells",3,472249,85.76
"make sure tweets",3,472252,85.76
"make sure video",3,472255,85.76
"make sure wake",3,472258,85.76
"make sure warm",3,472261,85.76
"make sure water",3,472264,85.76
"make sweet sixteen",3,472267,85.76
"make tacos tonight",3,472270,85.76
"make team like",3,472273,85.76
"make th grade",3,472276,85.76
"make thy business",3,472279,85.76
"make tiny chat",3,472282,85.76
"make tons money",3,472285,85.76
"make tree worth",3,472288,85.76
"make trend worldwide",3,472291,85.76
"make tummy hurt",3,472294,85.77
"make twitter accounts",3,472297,85.77
"make twitter post",3,472300,85.77
"make ur dreams",3,472303,85.77
"make ur reservations",3,472306,85.77
"make videos youtube",3,472309,85.77
"make watch movie",3,472312,85.77
"makes damned east",3,472315,85.77
"makes feel closer",3,472318,85.77
"makes feel comfortable",3,472321,85.77
"makes feel cozy",3,472324,85.77
"makes feel kind",3,472327,85.77
"makes feel lonely",3,472330,85.77
"makes feel makes",3,472333,85.77
"makes feel powerful",3,472336,85.77
"makes feel relaxed",3,472339,85.77
"makes feel smart",3,472342,85.77
"makes feel strong",3,472345,85.77
"makes feel things",3,472348,85.78
"makes feel way",3,472351,85.78
"makes happy does",3,472354,85.78
"makes happy girl",3,472357,85.78
"makes happy life",3,472360,85.78
"makes heart go",3,472363,85.78
"makes heart hurt",3,472366,85.78
"makes heart skip",3,472369,85.78
"makes heart stop",3,472372,85.78
"makes infinite john",3,472375,85.78
"makes little nervous",3,472378,85.78
"makes major league",3,472381,85.78
"makes man go",3,472384,85.78
"makes million year",3,472387,85.78
"makes mistakes learn",3,472390,85.78
"makes mistakes mean",3,472393,85.78
"makes money poor",3,472396,85.78
"makes national news",3,472399,85.78
"makes neighbor party",3,472402,85.79
"makes people want",3,472405,85.79
"makes realize just",3,472408,85.79
"makes really good",3,472411,85.79
"makes ridiculously happy",3,472414,85.79
"makes second guess",3,472417,85.79
"makes sense actually",3,472420,85.79
"makes sense anyone",3,472423,85.79
"makes sense best",3,472426,85.79
"makes sense especially",3,472429,85.79
"makes sense go",3,472432,85.79
"makes sense good",3,472435,85.79
"makes sense guess",3,472438,85.79
"makes sense hate",3,472441,85.79
"makes sense love",3,472444,85.79
"makes sense thank",3,472447,85.79
"makes sense thought",3,472450,85.79
"makes sense time",3,472453,85.79
"makes sense try",3,472456,85.79
"makes sense whatsoever",3,472459,85.8
"makes social media",3,472462,85.8
"makes space get",3,472465,85.8
"makes taste better",3,472468,85.8
"makes things interesting",3,472471,85.8
"makes think go",3,472474,85.8
"makes think good",3,472477,85.8
"makes think ok",3,472480,85.8
"makes think people",3,472483,85.8
"makes think song",3,472486,85.8
"makes think wanna",3,472489,85.8
"makes think won",3,472492,85.8
"makes ton sense",3,472495,85.8
"makes want cut",3,472498,85.8
"makes want grow",3,472501,85.8
"makes want hit",3,472504,85.8
"makes want just",3,472507,85.8
"makes want listen",3,472510,85.8
"makes want scream",3,472513,85.81
"makes want sing",3,472516,85.81
"makes want smile",3,472519,85.81
"makes want somebody",3,472522,85.81
"makes want stop",3,472525,85.81
"makes want things",3,472528,85.81
"makes want travel",3,472531,85.81
"makes want try",3,472534,85.81
"makes way way",3,472537,85.81
"makes wish better",3,472540,85.81
"makeup boys lie",3,472543,85.81
"makeup high heels",3,472546,85.81
"makeup hope don",3,472549,85.81
"making announcement soon",3,472552,85.81
"making appearance tonight",3,472555,85.81
"making bad rumors",3,472558,85.81
"making best day",3,472561,85.81
"making best use",3,472564,85.81
"making changes website",3,472567,85.82
"making conference great",3,472570,85.82
"making cry right",3,472573,85.82
"making day special",3,472576,85.82
"making decisions based",3,472579,85.82
"making extremely happy",3,472582,85.82
"making fantasy movies",3,472585,85.82
"making final touches",3,472588,85.82
"making friends world",3,472591,85.82
"making good choices",3,472594,85.82
"making good grades",3,472597,85.82
"making happy happy",3,472600,85.82
"making head hurt",3,472603,85.82
"making himself look",3,472606,85.82
"making history today",3,472609,85.82
"making irrelevant people",3,472612,85.82
"making laugh like",3,472615,85.82
"making life better",3,472618,85.82
"making life living",3,472621,85.82
"making look easy",3,472624,85.83
"making look forward",3,472627,85.83
"making making second",3,472630,85.83
"making mashed potatoes",3,472633,85.83
"making mistakes doing",3,472636,85.83
"making mistakes wrong",3,472639,85.83
"making moves come",3,472642,85.83
"making moves today",3,472645,85.83
"making movie based",3,472648,85.83
"making myself dinner",3,472651,85.83
"making myself happy",3,472654,85.83
"making political statement",3,472657,85.83
"making second time",3,472660,85.83
"making seem like",3,472663,85.83
"making sense right",3,472666,85.83
"making speeches liked",3,472669,85.83
"making star team",3,472672,85.83
"making terrible decisions",3,472675,85.83
"making things new",3,472678,85.84
"making trip year",3,472681,85.84
"making work day",3,472684,85.84
"male female hoe",3,472687,85.84
"mama great day",3,472690,85.84
"mama love mom",3,472693,85.84
"mama said days",3,472696,85.84
"man accept life",3,472699,85.84
"man air lifted",3,472702,85.84
"man allegedly offered",3,472705,85.84
"man bearing image",3,472708,85.84
"man believe achieve",3,472711,85.84
"man benjamin franklin",3,472714,85.84
"man bites dog",3,472717,85.84
"man cent dream",3,472720,85.84
"man coming home",3,472723,85.84
"man critical condition",3,472726,85.84
"man did go",3,472729,85.84
"man did know",3,472732,85.84
"man did miss",3,472735,85.85
"man does best",3,472738,85.85
"man does need",3,472741,85.85
"man dying blessed",3,472744,85.85
"man fell earth",3,472747,85.85
"man fights real",3,472750,85.85
"man fool minutes",3,472753,85.85
"man force makes",3,472756,85.85
"man gonna put",3,472759,85.85
"man gonna take",3,472762,85.85
"man gotta check",3,472765,85.85
"man gotta love",3,472768,85.85
"man grey hair",3,472771,85.85
"man hammer encounters",3,472774,85.85
"man happy woman",3,472777,85.85
"man health judged",3,472780,85.85
"man hundred dollars",3,472783,85.85
"man just left",3,472786,85.85
"man just read",3,472789,85.86
"man just took",3,472792,85.86
"man just way",3,472795,85.86
"man last man",3,472798,85.86
"man last year",3,472801,85.86
"man life conscious",3,472804,85.86
"man life leads",3,472807,85.86
"man life sure",3,472810,85.86
"man looks good",3,472813,85.86
"man lose weight",3,472816,85.86
"man love game",3,472819,85.86
"man love good",3,472822,85.86
"man love way",3,472825,85.86
"man loves woman",3,472828,85.86
"man makes sense",3,472831,85.86
"man makes want",3,472834,85.86
"man mark twain",3,472837,85.86
"man missed twitter",3,472840,85.86
"man needs women",3,472843,85.87
"man nonsense long",3,472846,85.87
"man own mind",3,472849,85.87
"man people get",3,472852,85.87
"man raise children",3,472855,85.87
"man real talk",3,472858,85.87
"man responsible face",3,472861,85.87
"man right mental",3,472864,85.87
"man safe travels",3,472867,85.87
"man said don",3,472870,85.87
"man say oh",3,472873,85.87
"man says done",3,472876,85.87
"man sincerely try",3,472879,85.87
"man sold world",3,472882,85.87
"man sorry missed",3,472885,85.87
"man spread word",3,472888,85.87
"man spring break",3,472891,85.87
"man steals wife",3,472894,85.87
"man think need",3,472897,85.87
"man warm day",3,472900,85.88
"man warm rest",3,472903,85.88
"man wide awake",3,472906,85.88
"man world long",3,472909,85.88
"man world men",3,472912,85.88
"manage put smile",3,472915,85.88
"managed care organizations",3,472918,85.88
"manager games effective",3,472921,85.88
"manager jim tracy",3,472924,85.88
"manager new york",3,472927,85.88
"manager social media",3,472930,85.88
"managers know want",3,472933,85.88
"manchester city manchester",3,472936,85.88
"manchester city wins",3,472939,85.88
"manhattan school music",3,472942,85.88
"maple brown sugar",3,472945,85.88
"maple spice latte",3,472948,85.88
"maps guide possible",3,472951,85.88
"maps yeah yeah",3,472954,85.89
"marathon al day",3,472957,85.89
"marathon looking forward",3,472960,85.89
"marble carved set",3,472963,85.89
"march ages younger",3,472966,85.89
"march best month",3,472969,85.89
"march fantastic female",3,472972,85.89
"march gotta love",3,472975,85.89
"march happy hour",3,472978,85.89
"march keep posted",3,472981,85.89
"march last night",3,472984,85.89
"march orders www",3,472987,85.89
"march th deadline",3,472990,85.89
"march th email",3,472993,85.89
"march th free",3,472996,85.89
"march th happy",3,472999,85.89
"march th live",3,473002,85.89
"march th march",3,473005,85.89
"march th marshall",3,473008,85.9
"march th mr",3,473011,85.9
"march th night",3,473014,85.9
"march th nyc",3,473017,85.9
"march th releasing",3,473020,85.9
"march th send",3,473023,85.9
"march th stay",3,473026,85.9
"march th wait",3,473029,85.9
"margarita sounds good",3,473032,85.9
"mario matter far",3,473035,85.9
"mario williams signing",3,473038,85.9
"mark calendar don",3,473041,85.9
"mark calendar june",3,473044,85.9
"mark calendar march",3,473047,85.9
"mark calendar sure",3,473050,85.9
"mark calendar year",3,473053,85.9
"mark ceo founder",3,473056,85.9
"mark feb th",3,473059,85.9
"mark february th",3,473062,85.9
"mark got idea",3,473065,85.91
"mark march th",3,473068,85.91
"mark october th",3,473071,85.91
"mark th annual",3,473074,85.91
"mark words taking",3,473077,85.91
"market comment new",3,473080,85.91
"market moves faster",3,473083,85.91
"market new new",3,473086,85.91
"market pull dow",3,473089,85.91
"market tomorrow pm",3,473092,85.91
"market worth includes",3,473095,85.91
"marketing promotions management",3,473098,85.91
"marketing public relations",3,473101,85.91
"marketing san francisco",3,473104,85.91
"marks month anniversary",3,473107,85.91
"marks nd anniversary",3,473110,85.91
"marriage affect traditional",3,473113,85.91
"marriage real thing",3,473116,85.91
"marriage ur religion",3,473119,85.92
"married find woman",3,473122,85.92
"married funny fell",3,473125,85.92
"married future king",3,473128,85.92
"married theories bringing",3,473131,85.92
"martha stewart living",3,473134,85.92
"martial arts movie",3,473137,85.92
"martin game thrones",3,473140,85.92
"martin king jr",3,473143,85.92
"mary jean davis",3,473146,85.92
"mary marshall clark",3,473149,85.92
"maryland film fest",3,473152,85.92
"maryland film festival",3,473155,85.92
"maryland historical society",3,473158,85.92
"maryland university college",3,473161,85.92
"mass ave wine",3,473164,85.92
"massive available online",3,473167,85.92
"master future past",3,473170,85.92
"master social media",3,473173,85.93
"masters home improvement",3,473176,85.93
"mates people bring",3,473179,85.93
"math final tomorrow",3,473182,85.93
"math homework going",3,473185,85.93
"math solution history",3,473188,85.93
"math test today",3,473191,85.93
"math tired finding",3,473194,85.93
"matt ryan win",3,473197,85.93
"matter anybody says",3,473200,85.93
"matter bad mood",3,473203,85.93
"matter bad situation",3,473206,85.93
"matter change matter",3,473209,85.93
"matter don like",3,473212,85.93
"matter don really",3,473215,85.93
"matter fact did",3,473218,85.93
"matter fact don",3,473221,85.93
"matter fact sat",3,473224,85.93
"matter fast run",3,473227,85.93
"matter go life",3,473230,85.94
"matter happens love",3,473233,85.94
"matter happens moves",3,473236,85.94
"matter happens tomorrow",3,473239,85.94
"matter hard things",3,473242,85.94
"matter haters say",3,473245,85.94
"matter life takes",3,473248,85.94
"matter long known",3,473251,85.94
"matter looks like",3,473254,85.94
"matter made mind",3,473257,85.94
"matter old balloon",3,473260,85.94
"matter say going",3,473263,85.94
"matter tall grandfather",3,473266,85.94
"matter times people",3,473269,85.94
"matter times tell",3,473272,85.94
"matter times won",3,473275,85.94
"matters difference age",3,473278,85.94
"matters going brian",3,473281,85.94
"matters panel hear",3,473284,85.95
"maybe actually get",3,473287,85.95
"maybe best movie",3,473290,85.95
"maybe change twitter",3,473293,85.95
"maybe fell asleep",3,473296,85.95
"maybe find new",3,473299,85.95
"maybe get free",3,473302,85.95
"maybe get make",3,473305,85.95
"maybe get new",3,473308,85.95
"maybe get time",3,473311,85.95
"maybe get tweet",3,473314,85.95
"maybe get visit",3,473317,85.95
"maybe good day",3,473320,85.95
"maybe got confused",3,473323,85.95
"maybe happy ending",3,473326,85.95
"maybe haven tried",3,473329,85.95
"maybe help get",3,473332,85.95
"maybe ill make",3,473335,85.95
"maybe ill use",3,473338,85.96
"maybe just come",3,473341,85.96
"maybe just look",3,473344,85.96
"maybe just pay",3,473347,85.96
"maybe just seems",3,473350,85.96
"maybe just skip",3,473353,85.96
"maybe just super",3,473356,85.96
"maybe just walk",3,473359,85.96
"maybe know don",3,473362,85.96
"maybe lock door",3,473365,85.96
"maybe needed unaware",3,473368,85.96
"maybe people start",3,473371,85.96
"maybe someday change",3,473374,85.96
"maybe spoke soon",3,473377,85.96
"maybe start using",3,473380,85.96
"maybe starting creating",3,473383,85.96
"maybe stop tweeting",3,473386,85.96
"maybe try hard",3,473389,85.96
"maybe use money",3,473392,85.96
"maybe week day",3,473395,85.97
"maybe yrs ago",3,473398,85.97
"mayo plans come",3,473401,85.97
"mayor mark lewis",3,473404,85.97
"mayor proposed extension",3,473407,85.97
"mayor stephanie blake",3,473410,85.97
"mc dj aaron",3,473413,85.97
"mc hammer won",3,473416,85.97
"mcdonald premium roast",3,473419,85.97
"mcdonald salad like",3,473422,85.97
"mcdonald sweet tea",3,473425,85.97
"meal replacement shake",3,473428,85.97
"meals come visit",3,473431,85.97
"mean anything anymore",3,473434,85.97
"mean anything people",3,473437,85.97
"mean did take",3,473440,85.97
"mean does work",3,473443,85.97
"mean going go",3,473446,85.97
"mean gonna get",3,473449,85.98
"mean good thing",3,473452,85.98
"mean judge people",3,473455,85.98
"mean las vegas",3,473458,85.98
"mean make feel",3,473461,85.98
"mean mean mean",3,473464,85.98
"mean mean world",3,473467,85.98
"mean people really",3,473470,85.98
"mean sleep long",3,473473,85.98
"mean things people",3,473476,85.98
"mean think means",3,473479,85.98
"mean want sincerely",3,473482,85.98
"meaning balanced sadness",3,473485,85.98
"meaning laugh loud",3,473488,85.98
"meaning life don",3,473491,85.98
"meaning lives tony",3,473494,85.98
"meaning reaching goals",3,473497,85.98
"means accepting things",3,473500,85.98
"means bottles wine",3,473503,85.98
"means don need",3,473506,85.99
"means eliminate unnecessary",3,473509,85.99
"means forgetting peter",3,473512,85.99
"means get sleep",3,473515,85.99
"means get watch",3,473518,85.99
"means get work",3,473521,85.99
"means go home",3,473524,85.99
"means good luck",3,473527,85.99
"means instead alive",3,473530,85.99
"means insult don",3,473533,85.99
"means lack imagination",3,473536,85.99
"means living life",3,473539,85.99
"means lot really",3,473542,85.99
"means love means",3,473545,85.99
"means man woman",3,473548,85.99
"means need go",3,473551,85.99
"means need kiss",3,473554,85.99
"means shake head",3,473557,85.99
"means think does",3,473560,86
"means time get",3,473563,86
"meant just fit",3,473566,86
"meant use find",3,473569,86
"measure individual treats",3,473572,86
"meat bad blue",3,473575,86
"media audio video",3,473578,86
"media causes referred",3,473581,86
"media customer service",3,473584,86
"media event today",3,473587,86
"media hall pick",3,473590,86
"media new way",3,473593,86
"media professional assure",3,473596,86
"media real estate",3,473599,86
"media stay tuned",3,473602,86
"media twitter facebook",3,473605,86
"medical center new",3,473608,86
"medical record keeping",3,473611,86
"medicare patrol presents",3,473614,86.01
"medicine art practice",3,473617,86.01
"medicine creating change",3,473620,86.01
"meet coffee soon",3,473623,86.01
"meet conversation follow",3,473626,86.01
"meet future husband",3,473629,86.01
"meet great day",3,473632,86.01
"meet greet chat",3,473635,86.01
"meet greet chicago",3,473638,86.01
"meet greet hosted",3,473641,86.01
"meet greet miss",3,473644,86.01
"meet guys hope",3,473647,86.01
"meet international music",3,473650,86.01
"meet level self",3,473653,86.01
"meet parking lot",3,473656,86.01
"meet press david",3,473659,86.01
"meet seen met",3,473662,86.01
"meet talk laugh",3,473665,86.01
"meet team tonight",3,473668,86.01
"meet temporary defeat",3,473671,86.02
"meet thanks coming",3,473674,86.02
"meet thanks following",3,473677,86.02
"meet tomorrow morning",3,473680,86.02
"meet twitter friends",3,473683,86.02
"meeting feel like",3,473686,86.02
"meeting good time",3,473689,86.02
"meeting half hour",3,473692,86.02
"meeting hope soon",3,473695,86.02
"meeting just wrapped",3,473698,86.02
"meeting love cruise",3,473701,86.02
"meeting martin luther",3,473704,86.02
"meeting person soon",3,473707,86.02
"meeting special thanks",3,473710,86.02
"meeting thanks following",3,473713,86.02
"meeting thanks intro",3,473716,86.02
"meeting time get",3,473719,86.02
"meeting today big",3,473722,86.02
"meeting today chicago",3,473725,86.03
"meeting today keep",3,473728,86.03
"meeting today look",3,473731,86.03
"meeting today room",3,473734,86.03
"meeting today sorry",3,473737,86.03
"meeting today super",3,473740,86.03
"meeting today think",3,473743,86.03
"meets tonight pm",3,473746,86.03
"meets west bookstore",3,473749,86.03
"meets world marathon",3,473752,86.03
"melissa joan hart",3,473755,86.03
"member appreciation event",3,473758,86.03
"member chargers super",3,473761,86.03
"member like asking",3,473764,86.03
"member national association",3,473767,86.03
"members alpha alpha",3,473770,86.03
"members card clippers",3,473773,86.03
"members refer friend",3,473776,86.03
"membership tan rest",3,473779,86.04
"memorial award fund",3,473782,86.04
"memorial city mall",3,473785,86.04
"memorial day everybody",3,473788,86.04
"memorial day holiday",3,473791,86.04
"memorial day right",3,473794,86.04
"memorial day think",3,473797,86.04
"memorial day week",3,473800,86.04
"memories might roses",3,473803,86.04
"memories parents love",3,473806,86.04
"memory tomorrow today",3,473809,86.04
"memory way holding",3,473812,86.04
"memphis county music",3,473815,86.04
"memphis little rock",3,473818,86.04
"men dogs relax",3,473821,86.04
"men forget forgive",3,473824,86.04
"men hold purse",3,473827,86.04
"men just don",3,473830,86.04
"men know women",3,473833,86.04
"men like day",3,473836,86.05
"men like men",3,473839,86.05
"men like roses",3,473842,86.05
"men like women",3,473845,86.05
"men prefer women",3,473848,86.05
"men prisoners fate",3,473851,86.05
"men ring size",3,473854,86.05
"men say fools",3,473857,86.05
"men think woman",3,473860,86.05
"men women big",3,473863,86.05
"men women gave",3,473866,86.05
"men women just",3,473869,86.05
"men women make",3,473872,86.05
"men women protect",3,473875,86.05
"men women really",3,473878,86.05
"men women sizes",3,473881,86.05
"men women uniform",3,473884,86.05
"men women young",3,473887,86.05
"mention appreciate help",3,473890,86.06
"mention az door",3,473893,86.06
"mention come visit",3,473896,86.06
"mention happy monday",3,473899,86.06
"mention seen twitter",3,473902,86.06
"mention stay tuned",3,473905,86.06
"mentioned lately love",3,473908,86.06
"mentions favorites last",3,473911,86.06
"mentions last week",3,473914,86.06
"mentions really appreciate",3,473917,86.06
"mentions shout outs",3,473920,86.06
"menu broadway circle",3,473923,86.06
"menu craft cocktails",3,473926,86.06
"menu items available",3,473929,86.06
"menu items coming",3,473932,86.06
"menu items including",3,473935,86.06
"menu place order",3,473938,86.06
"menu sounds awesome",3,473941,86.06
"merely seek find",3,473944,86.07
"merely worse avoid",3,473947,86.07
"merry little christmas",3,473950,86.07
"merry xmas eve",3,473953,86.07
"mesa high school",3,473956,86.07
"mess family nuts",3,473959,86.07
"mess message test",3,473962,86.07
"mess relationship just",3,473965,86.07
"message account hacked",3,473968,86.07
"message does send",3,473971,86.07
"message don follow",3,473974,86.07
"message don wanna",3,473977,86.07
"message get free",3,473980,86.07
"message just know",3,473983,86.07
"message loud clear",3,473986,86.07
"message unless follow",3,473989,86.07
"met amazing new",3,473992,86.07
"met boys life",3,473995,86.07
"met fell love",3,473998,86.07
"met great new",3,474001,86.08
"met guy named",3,474004,86.08
"met guy plays",3,474007,86.08
"met hope meet",3,474010,86.08
"met idea become",3,474013,86.08
"met social media",3,474016,86.08
"met today discuss",3,474019,86.08
"metal gear solid",3,474022,86.08
"method life burton",3,474025,86.08
"methods learn wisdom",3,474028,86.08
"metro board meeting",3,474031,86.08
"mi bike ride",3,474034,86.08
"mi run mi",3,474037,86.08
"miami ave st",3,474040,86.08
"miami charges illegally",3,474043,86.08
"miami follow follow",3,474046,86.08
"miami lets go",3,474049,86.08
"miami marlins game",3,474052,86.08
"miami marlins new",3,474055,86.09
"miami spring break",3,474058,86.09
"miami www com",3,474061,86.09
"michael bay anything",3,474064,86.09
"michael jackson dance",3,474067,86.09
"michael jackson fans",3,474070,86.09
"michael jackson kids",3,474073,86.09
"michael jackson king",3,474076,86.09
"michael jackson miss",3,474079,86.09
"michael jackson movie",3,474082,86.09
"michael jackson thriller",3,474085,86.09
"michael jackson trial",3,474088,86.09
"michael jackson world",3,474091,86.09
"michael look book",3,474094,86.09
"michael principal talk",3,474097,86.09
"michael um school",3,474100,86.09
"michigan state university",3,474103,86.09
"mid afternoon nap",3,474106,86.09
"mid life phil",3,474109,86.1
"middle age choose",3,474112,86.1
"middle base hit",3,474115,86.1
"middle best life",3,474118,86.1
"middle feel like",3,474121,86.1
"middle school boys",3,474124,86.1
"middle school concert",3,474127,86.1
"middle school days",3,474130,86.1
"middle school like",3,474133,86.1
"middle school think",3,474136,86.1
"middle school today",3,474139,86.1
"middle school went",3,474142,86.1
"midnight lows mid",3,474145,86.1
"midnight paris global",3,474148,86.1
"midnight www com",3,474151,86.1
"midtown clean green",3,474154,86.1
"midwest independent film",3,474157,86.1
"might better choice",3,474160,86.1
"might bringing special",3,474163,86.1
"might buy new",3,474166,86.11
"might change change",3,474169,86.11
"might defined clear",3,474172,86.11
"might envy gods",3,474175,86.11
"might find interesting",3,474178,86.11
"might get free",3,474181,86.11
"might get get",3,474184,86.11
"might get good",3,474187,86.11
"might get hearing",3,474190,86.11
"might get hit",3,474193,86.11
"might get iphone",3,474196,86.11
"might get little",3,474199,86.11
"might get run",3,474202,86.11
"might get shot",3,474205,86.11
"might get stuck",3,474208,86.11
"might get swept",3,474211,86.11
"might get thrown",3,474214,86.11
"might get week",3,474217,86.11
"might give go",3,474220,86.12
"might give try",3,474223,86.12
"might go crazy",3,474226,86.12
"might go eat",3,474229,86.12
"might go mall",3,474232,86.12
"might go movie",3,474235,86.12
"might go run",3,474238,86.12
"might go visit",3,474241,86.12
"might go watch",3,474244,86.12
"might go way",3,474247,86.12
"might hang tomorrow",3,474250,86.12
"might hit bump",3,474253,86.12
"might hit today",3,474256,86.12
"might interested ipad",3,474259,86.12
"might just beat",3,474262,86.12
"might just dare",3,474265,86.12
"might just don",3,474268,86.12
"might just drive",3,474271,86.12
"might just meet",3,474274,86.12
"might just order",3,474277,86.13
"might just pop",3,474280,86.13
"might just stay",3,474283,86.13
"might just surprise",3,474286,86.13
"might just thing",3,474289,86.13
"might little bit",3,474292,86.13
"might look sue",3,474295,86.13
"might movie seen",3,474298,86.13
"might start crying",3,474301,86.13
"might start getting",3,474304,86.13
"might stay home",3,474307,86.13
"might stay night",3,474310,86.13
"might stop following",3,474313,86.13
"might stop get",3,474316,86.13
"might walk just",3,474319,86.13
"might wanna check",3,474322,86.13
"might wanna take",3,474325,86.13
"might win attempt",3,474328,86.13
"might worth day",3,474331,86.14
"might worth looking",3,474334,86.14
"mighty power rangers",3,474337,86.14
"mike dean kitchen",3,474340,86.14
"mike head coach",3,474343,86.14
"mike looks like",3,474346,86.14
"mike wallace going",3,474349,86.14
"mike wallace rip",3,474352,86.14
"mike williams sea",3,474355,86.14
"mile bike commute",3,474358,86.14
"mile pace using",3,474361,86.14
"miles backup mm",3,474364,86.14
"miles davis live",3,474367,86.14
"miles good luck",3,474370,86.14
"miles san diego",3,474373,86.14
"miles trail feeling",3,474376,86.14
"miles truly separate",3,474379,86.14
"military appreciation night",3,474382,86.14
"military past present",3,474385,86.15
"milk chocolate bar",3,474388,86.15
"miller elected president",3,474391,86.15
"miller looks like",3,474394,86.15
"million cars road",3,474397,86.15
"million chance follow",3,474400,86.15
"million chance notice",3,474403,86.15
"million strong congratulations",3,474406,86.15
"million taking place",3,474409,86.15
"million views proud",3,474412,86.15
"million year old",3,474415,86.15
"millions dollars campaign",3,474418,86.15
"millions lottery ticket",3,474421,86.15
"millions make dreams",3,474424,86.15
"millions unemployed americans",3,474427,86.15
"mills points assists",3,474430,86.15
"milwaukee area need",3,474433,86.15
"milwaukee brewers follow",3,474436,86.15
"milwaukee bucks washington",3,474439,86.15
"milwaukee county board",3,474442,86.16
"milwaukee film fest",3,474445,86.16
"milwaukee wi just",3,474448,86.16
"mind blowing really",3,474451,86.16
"mind body follow",3,474454,86.16
"mind don think",3,474457,86.16
"mind essence life",3,474460,86.16
"mind feelings emotions",3,474463,86.16
"mind forms power",3,474466,86.16
"mind full unconscious",3,474469,86.16
"mind happens time",3,474472,86.16
"mind hurts bite",3,474475,86.16
"mind like crazy",3,474478,86.16
"mind living man",3,474481,86.16
"mind lot lately",3,474484,86.16
"mind officially blown",3,474487,86.16
"mind peace mind",3,474490,86.16
"mind pure joy",3,474493,86.16
"mind ralph emerson",3,474496,86.17
"mind ready blown",3,474499,86.17
"mind return original",3,474502,86.17
"mind starts racing",3,474505,86.17
"mind success final",3,474508,86.17
"mind went blank",3,474511,86.17
"minds came closed",3,474514,86.17
"minds franklin roosevelt",3,474517,86.17
"minds great minds",3,474520,86.17
"mini golf course",3,474523,86.17
"mini heart thought",3,474526,86.17
"minimum purchase deal",3,474529,86.17
"minimum wage work",3,474532,86.17
"minute christmas gift",3,474535,86.17
"minute decision go",3,474538,86.17
"minute get home",3,474541,86.17
"minute left game",3,474544,86.17
"minute listen chance",3,474547,86.17
"minute training said",3,474550,86.18
"minute yoga class",3,474553,86.18
"minutes authentic prayer",3,474556,86.18
"minutes biking calories",3,474559,86.18
"minutes day wisdom",3,474562,86.18
"minutes early work",3,474565,86.18
"minutes get done",3,474568,86.18
"minutes giving away",3,474571,86.18
"minutes gotta go",3,474574,86.18
"minutes just got",3,474577,86.18
"minutes lets go",3,474580,86.18
"minutes polls close",3,474583,86.18
"minutes ruin think",3,474586,86.18
"minutes save world",3,474589,86.18
"minutes till get",3,474592,86.18
"minutes till new",3,474595,86.18
"minutes waste time",3,474598,86.18
"mirror looking person",3,474601,86.18
"miss amazing day",3,474604,86.18
"miss best part",3,474607,86.19
"miss buddy miss",3,474610,86.19
"miss caribbean beauty",3,474613,86.19
"miss change anything",3,474616,86.19
"miss chi town",3,474619,86.19
"miss coming home",3,474622,86.19
"miss desperate housewives",3,474625,86.19
"miss don miss",3,474628,86.19
"miss don wanna",3,474631,86.19
"miss extra point",3,474634,86.19
"miss extraordinary miss",3,474637,86.19
"miss face let",3,474640,86.19
"miss free throw",3,474643,86.19
"miss friends family",3,474646,86.19
"miss fun katherine",3,474649,86.19
"miss future john",3,474652,86.19
"miss great day",3,474655,86.19
"miss guys good",3,474658,86.19
"miss guys great",3,474661,86.2
"miss happy birthday",3,474664,86.2
"miss harry potter",3,474667,86.2
"miss having class",3,474670,86.2
"miss hurry get",3,474673,86.2
"miss jersey shore",3,474676,86.2
"miss just don",3,474679,86.2
"miss just talking",3,474682,86.2
"miss late night",3,474685,86.2
"miss little guess",3,474688,86.2
"miss lot want",3,474691,86.2
"miss low reach",3,474694,86.2
"miss monday nights",3,474697,86.2
"miss need hangout",3,474700,86.2
"miss need soon",3,474703,86.2
"miss need talk",3,474706,86.2
"miss new episode",3,474709,86.2
"miss playing soccer",3,474712,86.2
"miss pretty lady",3,474715,86.21
"miss school today",3,474718,86.21
"miss silver lining",3,474721,86.21
"miss softball game",3,474724,86.21
"miss talking guys",3,474727,86.21
"miss teen courtney",3,474730,86.21
"miss tonight great",3,474733,86.21
"miss universe fixed",3,474736,86.21
"miss ur tweets",3,474739,86.21
"miss wish lived",3,474742,86.21
"missed calls mom",3,474745,86.21
"missed good game",3,474748,86.21
"missed great day",3,474751,86.21
"missed guys tonight",3,474754,86.21
"missed high school",3,474757,86.21
"missed hope enjoyed",3,474760,86.21
"missed music live",3,474763,86.21
"missed needs get",3,474766,86.21
"missed office today",3,474769,86.21
"missed quite bit",3,474772,86.22
"missing boy love",3,474775,86.22
"missing children sidebar",3,474778,86.22
"mission night market",3,474781,86.22
"mississippi gulf coast",3,474784,86.22
"mississippi street fair",3,474787,86.22
"missouri loves company",3,474790,86.22
"mistake let go",3,474793,86.22
"mistake make franklin",3,474796,86.22
"mistake rarely unacceptable",3,474799,86.22
"mistakes best admit",3,474802,86.22
"mistakes deserves called",3,474805,86.22
"mistakes fall tried",3,474808,86.22
"mistakes make road",3,474811,86.22
"mistakes really trying",3,474814,86.22
"mistakes smart profit",3,474817,86.22
"mistakes smiles jokes",3,474820,86.22
"mitt romney actually",3,474823,86.22
"mitt romney bully",3,474826,86.23
"mitt romney clue",3,474829,86.23
"mitt romney dc",3,474832,86.23
"mitt romney knows",3,474835,86.23
"mitt romney man",3,474838,86.23
"mitt romney marriage",3,474841,86.23
"mitt romney needs",3,474844,86.23
"mitt romney remember",3,474847,86.23
"mitt romney rich",3,474850,86.23
"mitt romney sure",3,474853,86.23
"mitt romney tells",3,474856,86.23
"mitt romney thinks",3,474859,86.23
"mix breakfast coffee",3,474862,86.23
"mix follow facebook",3,474865,86.23
"mix go web",3,474868,86.23
"mix noon kiss",3,474871,86.23
"mix peter blue",3,474874,86.23
"mix tonight ballroom",3,474877,86.23
"mix www com",3,474880,86.24
"mixing mixing mixing",3,474883,86.24
"mixing weight training",3,474886,86.24
"mm florida keys",3,474889,86.24
"mm semi use",3,474892,86.24
"mm traffic incident",3,474895,86.24
"mo town music",3,474898,86.24
"mobile devices tablets",3,474901,86.24
"mobile landing page",3,474904,86.24
"mobile phone use",3,474907,86.24
"mobile web app",3,474910,86.24
"mobile world congress",3,474913,86.24
"mock interview workshop",3,474916,86.24
"mode don like",3,474919,86.24
"model big did",3,474922,86.24
"model copy oliver",3,474925,86.24
"model friend april",3,474928,86.24
"model looking open",3,474931,86.24
"model looks like",3,474934,86.24
"models artists producers",3,474937,86.25
"modern baking magazine",3,474940,86.25
"modern language association",3,474943,86.25
"mom asked wanted",3,474946,86.25
"mom bought herself",3,474949,86.25
"mom called just",3,474952,86.25
"mom craft vendor",3,474955,86.25
"mom did get",3,474958,86.25
"mom does mean",3,474961,86.25
"mom don forget",3,474964,86.25
"mom don wanna",3,474967,86.25
"mom don want",3,474970,86.25
"mom forcing go",3,474973,86.25
"mom getting iphone",3,474976,86.25
"mom getting married",3,474979,86.25
"mom going tomorrow",3,474982,86.25
"mom good mood",3,474985,86.25
"mom just brought",3,474988,86.25
"mom just get",3,474991,86.26
"mom just saw",3,474994,86.26
"mom just say",3,474997,86.26
"mom just saying",3,475000,86.26
"mom just went",3,475003,86.26
"mom just yelled",3,475006,86.26
"mom know just",3,475009,86.26
"mom let drive",3,475012,86.26
"mom likely go",3,475015,86.26
"mom makes go",3,475018,86.26
"mom mom just",3,475021,86.26
"mom person background",3,475024,86.26
"mom say hi",3,475027,86.26
"mom stay home",3,475030,86.26
"mom thinks gonna",3,475033,86.26
"mom thinks weird",3,475036,86.26
"mom took time",3,475039,86.26
"mom want mom",3,475042,86.26
"mom wants know",3,475045,86.27
"moment choose thing",3,475048,86.27
"moment clicking pen",3,475051,86.27
"moment contains accept",3,475054,86.27
"moment just get",3,475057,86.27
"moment just start",3,475060,86.27
"moment know better",3,475063,86.27
"moment looking forward",3,475066,86.27
"moment met changed",3,475069,86.27
"moment people start",3,475072,86.27
"moment picked book",3,475075,86.27
"moment sarcasm advanced",3,475078,86.27
"moment single man",3,475081,86.27
"moment ur friend",3,475084,86.27
"moment voice match",3,475087,86.27
"moment walk spider",3,475090,86.27
"moments feel like",3,475093,86.27
"moments going peaceful",3,475096,86.27
"moments make smile",3,475099,86.27
"mommy happy mother",3,475102,86.28
"mommy wonderful day",3,475105,86.28
"moms bring kids",3,475108,86.28
"moms make world",3,475111,86.28
"moms www free",3,475114,86.28
"mon april th",3,475117,86.28
"mon happy hour",3,475120,86.28
"mon pm nbc",3,475123,86.28
"mon tues inn",3,475126,86.28
"mon tues week",3,475129,86.28
"monday april rd",3,475132,86.28
"monday beat heat",3,475135,86.28
"monday buy get",3,475138,86.28
"monday come get",3,475141,86.28
"monday come sooner",3,475144,86.28
"monday comes find",3,475147,86.28
"monday face punch",3,475150,86.28
"monday going far",3,475153,86.28
"monday great start",3,475156,86.29
"monday hope beautiful",3,475159,86.29
"monday hope enjoyed",3,475162,86.29
"monday hope weekend",3,475165,86.29
"monday industry party",3,475168,86.29
"monday last week",3,475171,86.29
"monday let go",3,475174,86.29
"monday looks like",3,475177,86.29
"monday monday trust",3,475180,86.29
"monday morning come",3,475183,86.29
"monday morning drive",3,475186,86.29
"monday morning good",3,475189,86.29
"monday morning happy",3,475192,86.29
"monday morning means",3,475195,86.29
"monday morning mystery",3,475198,86.29
"monday morning office",3,475201,86.29
"monday new york",3,475204,86.29
"monday night burger",3,475207,86.29
"monday night go",3,475210,86.29
"monday night going",3,475213,86.3
"monday night madness",3,475216,86.3
"monday night social",3,475219,86.3
"monday night time",3,475222,86.3
"monday nights pm",3,475225,86.3
"monday perfect time",3,475228,86.3
"monday special bottles",3,475231,86.3
"monday th free",3,475234,86.3
"monday thanks mention",3,475237,86.3
"monday wait get",3,475240,86.3
"money auto expenses",3,475243,86.3
"money chasing women",3,475246,86.3
"money come go",3,475249,86.3
"money concert just",3,475252,86.3
"money credit cards",3,475255,86.3
"money customer pays",3,475258,86.3
"money does make",3,475261,86.3
"money goes help",3,475264,86.3
"money good money",3,475267,86.31
"money grows tree",3,475270,86.31
"money help make",3,475273,86.31
"money making money",3,475276,86.31
"money plane tickets",3,475279,86.31
"money property comes",3,475282,86.31
"money research going",3,475285,86.31
"money spend thought",3,475288,86.31
"money spend time",3,475291,86.31
"money starts rolling",3,475294,86.31
"money straight like",3,475297,86.31
"money talks walks",3,475300,86.31
"monkey milwaukee east",3,475303,86.31
"monkey nest coffee",3,475306,86.31
"monster born way",3,475309,86.31
"monster car box",3,475312,86.31
"monster end book",3,475315,86.31
"monster today feeling",3,475318,86.31
"month come check",3,475321,86.32
"month get ready",3,475324,86.32
"month good day",3,475327,86.32
"month history month",3,475330,86.32
"month marks year",3,475333,86.32
"month need get",3,475336,86.32
"month offering free",3,475339,86.32
"month study books",3,475342,86.32
"month time start",3,475345,86.32
"month year decade",3,475348,86.32
"monthly rent text",3,475351,86.32
"months ago became",3,475354,86.32
"months ago go",3,475357,86.32
"months ago time",3,475360,86.32
"months ago told",3,475363,86.32
"months ago try",3,475366,86.32
"months get car",3,475369,86.32
"months hard work",3,475372,86.32
"months later love",3,475375,86.32
"months let know",3,475378,86.33
"months looks like",3,475381,86.33
"months old today",3,475384,86.33
"mood going sleep",3,475387,86.33
"mood rest day",3,475390,86.33
"mood stuff hope",3,475393,86.33
"mood thoughts emotions",3,475396,86.33
"moon bruno mars",3,475399,86.33
"moon looking forward",3,475402,86.33
"moon shining light",3,475405,86.33
"moon tomorrow night",3,475408,86.33
"morning austin hope",3,475411,86.33
"morning austin like",3,475414,86.33
"morning awesome day",3,475417,86.33
"morning blessing today",3,475420,86.33
"morning blog post",3,475423,86.33
"morning breakfast coffee",3,475426,86.33
"morning chicago looking",3,475429,86.33
"morning come try",3,475432,86.34
"morning day closer",3,475435,86.34
"morning day filled",3,475438,86.34
"morning day go",3,475441,86.34
"morning doing ok",3,475444,86.34
"morning early morning",3,475447,86.34
"morning family friends",3,475450,86.34
"morning farm friends",3,475453,86.34
"morning feeling good",3,475456,86.34
"morning feeling great",3,475459,86.34
"morning feeling little",3,475462,86.34
"morning french toast",3,475465,86.34
"morning gonna good",3,475468,86.34
"morning good painting",3,475471,86.34
"morning good start",3,475474,86.34
"morning half day",3,475477,86.34
"morning happy got",3,475480,86.34
"morning happy mayo",3,475483,86.34
"morning happy weekend",3,475486,86.35
"morning hope gets",3,475489,86.35
"morning hope guys",3,475492,86.35
"morning hope slept",3,475495,86.35
"morning hope today",3,475498,86.35
"morning hope ur",3,475501,86.35
"morning hope week",3,475504,86.35
"morning last thing",3,475507,86.35
"morning let hope",3,475510,86.35
"morning like good",3,475513,86.35
"morning looking great",3,475516,86.35
"morning lovely today",3,475519,86.35
"morning loves hope",3,475522,86.35
"morning merry christmas",3,475525,86.35
"morning mi good",3,475528,86.35
"morning mile run",3,475531,86.35
"morning mix noon",3,475534,86.35
"morning mystery book",3,475537,86.35
"morning need nap",3,475540,86.35
"morning news shows",3,475543,86.36
"morning nice way",3,475546,86.36
"morning peeps headed",3,475549,86.36
"morning people twitter",3,475552,86.36
"morning pleasure meet",3,475555,86.36
"morning ready take",3,475558,86.36
"morning ready weekend",3,475561,86.36
"morning second time",3,475564,86.36
"morning smiles mother",3,475567,86.36
"morning step closer",3,475570,86.36
"morning sure tune",3,475573,86.36
"morning take time",3,475576,86.36
"morning think going",3,475579,86.36
"morning tweeters fine",3,475582,86.36
"morning tweets getting",3,475585,86.36
"morning twitter day",3,475588,86.36
"morning twitter good",3,475591,86.36
"morning twitter just",3,475594,86.36
"morning twitter land",3,475597,86.37
"morning twitter time",3,475600,86.37
"morning wait get",3,475603,86.37
"morning warriors friends",3,475606,86.37
"morning welcome world",3,475609,86.37
"morning woke late",3,475612,86.37
"morning world beautiful",3,475615,86.37
"morning world blessed",3,475618,86.37
"morning world don",3,475621,86.37
"morning world great",3,475624,86.37
"morning world happy",3,475627,86.37
"morning world rise",3,475630,86.37
"morning world thanking",3,475633,86.37
"morning world today",3,475636,86.37
"morning year old",3,475639,86.37
"mornings late nights",3,475642,86.37
"morris daily herald",3,475645,86.37
"moss moss moss",3,475648,86.37
"mother abraham lincoln",3,475651,86.38
"mother best friend",3,475654,86.38
"mother called just",3,475657,86.38
"mother chance win",3,475660,86.38
"mother daughter shopping",3,475663,86.38
"mother daughter tea",3,475666,86.38
"mother feel like",3,475669,86.38
"mother gave birth",3,475672,86.38
"mother just called",3,475675,86.38
"mother law know",3,475678,86.38
"mother law proverb",3,475681,86.38
"mother love bone",3,475684,86.38
"mother million ways",3,475687,86.38
"mothers take care",3,475690,86.38
"mothers world actually",3,475693,86.38
"motion progress rocking",3,475696,86.38
"motion using mouth",3,475699,86.38
"motivate move higher",3,475702,86.38
"motivation read book",3,475705,86.38
"motorcycle seat gave",3,475708,86.39
"mountain estate hard",3,475711,86.39
"mouse just ran",3,475714,86.39
"mouth feel heart",3,475717,86.39
"mouth full food",3,475720,86.39
"mouth looks like",3,475723,86.39
"mouth make sure",3,475726,86.39
"mouth shut don",3,475729,86.39
"mouth shut eyes",3,475732,86.39
"mouth take slow",3,475735,86.39
"mouth usually respond",3,475738,86.39
"mouth watering food",3,475741,86.39
"move belly button",3,475744,86.39
"move both sides",3,475747,86.39
"move bottom th",3,475750,86.39
"move career forward",3,475753,86.39
"move fast break",3,475756,86.39
"move green bay",3,475759,86.39
"move la get",3,475762,86.4
"move make sure",3,475765,86.4
"move miles away",3,475768,86.4
"move seems like",3,475771,86.4
"move west coast",3,475774,86.4
"move years ago",3,475777,86.4
"moved bay area",3,475780,86.4
"moved convince himself",3,475783,86.4
"moved convince moved",3,475786,86.4
"moved los angeles",3,475789,86.4
"movement medicine creating",3,475792,86.4
"movement www com",3,475795,86.4
"movie captain america",3,475798,86.4
"movie change life",3,475801,86.4
"movie com flash",3,475804,86.4
"movie comes tomorrow",3,475807,86.4
"movie don care",3,475810,86.4
"movie fact week",3,475813,86.4
"movie fall asleep",3,475816,86.41
"movie great flick",3,475819,86.41
"movie great time",3,475822,86.41
"movie just got",3,475825,86.41
"movie last song",3,475828,86.41
"movie last year",3,475831,86.41
"movie looks really",3,475834,86.41
"movie made wanna",3,475837,86.41
"movie need investors",3,475840,86.41
"movie parents scene",3,475843,86.41
"movie recommendation horror",3,475846,86.41
"movie saw theater",3,475849,86.41
"movie star got",3,475852,86.41
"movie think just",3,475855,86.41
"movie think love",3,475858,86.41
"movie villain tom",3,475861,86.41
"movie violent comedy",3,475864,86.41
"movie watch tonight",3,475867,86.41
"movies brings trio",3,475870,86.41
"movies fall asleep",3,475873,86.42
"movies haven seen",3,475876,86.42
"movies perfect scenarios",3,475879,86.42
"movies rest day",3,475882,86.42
"movies seen long",3,475885,86.42
"movies seen movie",3,475888,86.42
"movies wanna watch",3,475891,86.42
"moving away goals",3,475894,86.42
"moving backwards rapidly",3,475897,86.42
"moving cd release",3,475900,86.42
"moving files production",3,475903,86.42
"moving goals moving",3,475906,86.42
"moving little slow",3,475909,86.42
"moving miami happy",3,475912,86.42
"moving new home",3,475915,86.42
"moving offices today",3,475918,86.42
"moving spam followers",3,475921,86.42
"moving west coast",3,475924,86.42
"mph min mile",3,475927,86.43
"mr money maker",3,475930,86.43
"mr th grade",3,475933,86.43
"mt great day",3,475936,86.43
"mt great time",3,475939,86.43
"mt just finished",3,475942,86.43
"mt just saw",3,475945,86.43
"mt social media",3,475948,86.43
"mt thanks blog",3,475951,86.43
"mtv wondering get",3,475954,86.43
"mug full coffee",3,475957,86.43
"multi site territory",3,475960,86.43
"multi vehicle accident",3,475963,86.43
"muse tickets coming",3,475966,86.43
"museum fine art",3,475969,86.43
"museum last night",3,475972,86.43
"museum moving image",3,475975,86.43
"museum young professionals",3,475978,86.43
"music amazing love",3,475981,86.43
"music artist downstairs",3,475984,86.44
"music audience deaf",3,475987,86.44
"music best friend",3,475990,86.44
"music best wishes",3,475993,86.44
"music carter amy",3,475996,86.44
"music changed life",3,475999,86.44
"music check facebook",3,476002,86.44
"music checking right",3,476005,86.44
"music day everyday",3,476008,86.44
"music don get",3,476011,86.44
"music don like",3,476014,86.44
"music feeds soul",3,476017,86.44
"music food beer",3,476020,86.44
"music full blast",3,476023,86.44
"music go hard",3,476026,86.44
"music group ladies",3,476029,86.44
"music hall stage",3,476032,86.44
"music hall tonight",3,476035,86.44
"music keep great",3,476038,86.45
"music keep making",3,476041,86.45
"music keep revenue",3,476044,86.45
"music let make",3,476047,86.45
"music lie changed",3,476050,86.45
"music listen stuff",3,476053,86.45
"music looks like",3,476056,86.45
"music music life",3,476059,86.45
"music new music",3,476062,86.45
"music page www",3,476065,86.45
"music people don",3,476068,86.45
"music playing head",3,476071,86.45
"music putting sleep",3,476074,86.45
"music real talk",3,476077,86.45
"music really good",3,476080,86.45
"music released america",3,476083,86.45
"music rest life",3,476086,86.45
"music saturday night",3,476089,86.45
"music saves lives",3,476092,86.46
"music scene like",3,476095,86.46
"music sounds good",3,476098,86.46
"music southern california",3,476101,86.46
"music spoken word",3,476104,86.46
"music throw share",3,476107,86.46
"music twitter perfect",3,476110,86.46
"music video ah",3,476113,86.46
"music video beautiful",3,476116,86.46
"music video check",3,476119,86.46
"music video contact",3,476122,86.46
"music video dreams",3,476125,86.46
"music video fun",3,476128,86.46
"music video get",3,476131,86.46
"music video going",3,476134,86.46
"music video let",3,476137,86.46
"music video like",3,476140,86.46
"music video look",3,476143,86.46
"music video monday",3,476146,86.46
"music video mtv",3,476149,86.47
"music video ok",3,476152,86.47
"music video original",3,476155,86.47
"music video part",3,476158,86.47
"music video pretty",3,476161,86.47
"music video short",3,476164,86.47
"music video team",3,476167,86.47
"music video thanks",3,476170,86.47
"music video want",3,476173,86.47
"music way better",3,476176,86.47
"music white boy",3,476179,86.47
"music won let",3,476182,86.47
"music www youtube",3,476185,86.47
"musical george bernard",3,476188,86.47
"musical key notes",3,476191,86.47
"musical www com",3,476194,86.47
"must accept disappointment",3,476197,86.47
"must baker cause",3,476200,86.47
"must become better",3,476203,86.48
"must change renew",3,476206,86.48
"must combined venture",3,476209,86.48
"must concerned albert",3,476212,86.48
"must diet suggest",3,476215,86.48
"must done really",3,476218,86.48
"must done right",3,476221,86.48
"must driven practice",3,476224,86.48
"must feel good",3,476227,86.48
"must find new",3,476230,86.48
"must frozen sea",3,476233,86.48
"must give shout",3,476236,86.48
"must host active",3,476239,86.48
"must keep working",3,476242,86.48
"must live life",3,476245,86.48
"must man walk",3,476248,86.48
"must plays part",3,476251,86.48
"must problems must",3,476254,86.48
"must remind myself",3,476257,86.49
"must rolling grave",3,476260,86.49
"must sentences yeah",3,476263,86.49
"must social media",3,476266,86.49
"must sought attended",3,476269,86.49
"must start writing",3,476272,86.49
"must step stairs",3,476275,86.49
"must stop working",3,476278,86.49
"must training diet",3,476281,86.49
"must try thanks",3,476284,86.49
"must welcome change",3,476287,86.49
"must win situation",3,476290,86.49
"mvp last year",3,476293,86.49
"myself doing things",3,476296,86.49
"myself get home",3,476299,86.49
"myself going bed",3,476302,86.49
"myself hard understand",3,476305,86.49
"myself hours get",3,476308,86.49
"myself just don",3,476311,86.49
"myself looking forward",3,476314,86.5
"myself need get",3,476317,86.5
"myself play guitar",3,476320,86.5
"myself poor ghetto",3,476323,86.5
"myself reasons give",3,476326,86.5
"myself sleep just",3,476329,86.5
"myself today feel",3,476332,86.5
"na na like",3,476335,86.5
"nails feel like",3,476338,86.5
"named cool vendor",3,476341,86.5
"named honor band",3,476344,86.5
"named rookie year",3,476347,86.5
"names free entry",3,476350,86.5
"naming blessings lose",3,476353,86.5
"nap car lunch",3,476356,86.5
"nap head hurts",3,476359,86.5
"nap soon get",3,476362,86.5
"nasa space shuttle",3,476365,86.5
"nashville lawyer menu",3,476368,86.51
"nashville recording artist",3,476371,86.51
"nashville twitter tuesdays",3,476374,86.51
"nation day loyal",3,476377,86.51
"nation great built",3,476380,86.51
"nation jason michael",3,476383,86.51
"nation job loss",3,476386,86.51
"national cat day",3,476389,86.51
"national charter schools",3,476392,86.51
"national chocolate covered",3,476395,86.51
"national clean refrigerator",3,476398,86.51
"national golf day",3,476401,86.51
"national human trafficking",3,476404,86.51
"national library workers",3,476407,86.51
"national local insurance",3,476410,86.51
"national novel writing",3,476413,86.51
"national photo month",3,476416,86.51
"national pig day",3,476419,86.51
"national prime rib",3,476422,86.52
"national record store",3,476425,86.52
"national take child",3,476428,86.52
"national underground nashville",3,476431,86.52
"national walk lunch",3,476434,86.52
"native women changed",3,476437,86.52
"natural gas leak",3,476440,86.52
"natural hair like",3,476443,86.52
"natural health beauty",3,476446,86.52
"natural just like",3,476449,86.52
"natural limitations removed",3,476452,86.52
"natural limits removed",3,476455,86.52
"natural peanut butter",3,476458,86.52
"naturally comes naturally",3,476461,86.52
"nature does hurry",3,476464,86.52
"nature pictures henry",3,476467,86.52
"nature receives far",3,476470,86.52
"nature understand better",3,476473,86.52
"naughty bad girl",3,476476,86.52
"navy pirate steve",3,476479,86.53
"nba champion dallas",3,476482,86.53
"nba draft pick",3,476485,86.53
"nba finals bulls",3,476488,86.53
"nba history win",3,476491,86.53
"nba star festivities",3,476494,86.53
"nbc law order",3,476497,86.53
"nc auction hears",3,476500,86.53
"nc marry cousin",3,476503,86.53
"ncaa working select",3,476506,86.53
"nd annual contest",3,476509,86.53
"nd bar feature",3,476512,86.53
"nd best team",3,476515,86.53
"nd best thing",3,476518,86.53
"nd birthday party",3,476521,86.53
"nd fall asleep",3,476524,86.53
"nd fill cleveland",3,476527,86.53
"nd floor lecture",3,476530,86.53
"nd floor window",3,476533,86.54
"nd grade teacher",3,476536,86.54
"nd place vote",3,476539,86.54
"nd pm pm",3,476542,86.54
"nd st chandler",3,476545,86.54
"nd st nw",3,476548,86.54
"nd take nd",3,476551,86.54
"nd week row",3,476554,86.54
"nd workout day",3,476557,86.54
"near convention center",3,476560,86.54
"near cross plains",3,476563,86.54
"near judgment quick",3,476566,86.54
"near las vegas",3,476569,86.54
"near washington dc",3,476572,86.54
"nearly fell asleep",3,476575,86.54
"nearly impossible way",3,476578,86.54
"nearly year old",3,476581,86.54
"necessarily good thing",3,476584,86.54
"necessarily size dog",3,476587,86.55
"necessary change survival",3,476590,86.55
"necessary motivate essential",3,476593,86.55
"necessary play song",3,476596,86.55
"necessary try think",3,476599,86.55
"necessary use words",3,476602,86.55
"neck woods tonight",3,476605,86.55
"need accepted need",3,476608,86.55
"need additional info",3,476611,86.55
"need beats contact",3,476614,86.55
"need beats studio",3,476617,86.55
"need become part",3,476620,86.55
"need bob hope",3,476623,86.55
"need book flight",3,476626,86.55
"need bounce ideas",3,476629,86.55
"need calm stop",3,476632,86.55
"need car wash",3,476635,86.55
"need chill like",3,476638,86.55
"need chill wit",3,476641,86.55
"need come check",3,476644,86.56
"need come find",3,476647,86.56
"need come fun",3,476650,86.56
"need come just",3,476653,86.56
"need come open",3,476656,86.56
"need come san",3,476659,86.56
"need come terms",3,476662,86.56
"need connect soon",3,476665,86.56
"need don know",3,476668,86.56
"need dr pepper",3,476671,86.56
"need drop right",3,476674,86.56
"need eat food",3,476677,86.56
"need email send",3,476680,86.56
"need encouragement get",3,476683,86.56
"need energy drink",3,476686,86.56
"need excitement life",3,476689,86.56
"need extra cash",3,476692,86.56
"need extra ticket",3,476695,86.56
"need feel stress",3,476698,86.57
"need female models",3,476701,86.57
"need female singer",3,476704,86.57
"need females event",3,476707,86.57
"need find date",3,476710,86.57
"need find friends",3,476713,86.57
"need find middle",3,476716,86.57
"need find nice",3,476719,86.57
"need find people",3,476722,86.57
"need find person",3,476725,86.57
"need find project",3,476728,86.57
"need find real",3,476731,86.57
"need find ways",3,476734,86.57
"need fix asap",3,476737,86.57
"need followers got",3,476740,86.57
"need followers must",3,476743,86.57
"need followers page",3,476746,86.57
"need friend like",3,476749,86.57
"need fun tonight",3,476752,86.57
"need girl friends",3,476755,86.58
"need go cali",3,476758,86.58
"need go date",3,476761,86.58
"need go dress",3,476764,86.58
"need go good",3,476767,86.58
"need go new",3,476770,86.58
"need go ny",3,476773,86.58
"need go old",3,476776,86.58
"need go rehab",3,476779,86.58
"need go shoe",3,476782,86.58
"need go store",3,476785,86.58
"need go summer",3,476788,86.58
"need go talk",3,476791,86.58
"need go tour",3,476794,86.58
"need go twitter",3,476797,86.58
"need go way",3,476800,86.58
"need good drink",3,476803,86.58
"need good movie",3,476806,86.58
"need good music",3,476809,86.59
"need good news",3,476812,86.59
"need good read",3,476815,86.59
"need good reason",3,476818,86.59
"need good suggestions",3,476821,86.59
"need good time",3,476824,86.59
"need good watch",3,476827,86.59
"need grab drink",3,476830,86.59
"need great weekend",3,476833,86.59
"need grow get",3,476836,86.59
"need grow pair",3,476839,86.59
"need guys like",3,476842,86.59
"need happy valentine",3,476845,86.59
"need harry potter",3,476848,86.59
"need hire good",3,476851,86.59
"need holy water",3,476854,86.59
"need home cooked",3,476857,86.59
"need hug neck",3,476860,86.59
"need hype man",3,476863,86.6
"need info just",3,476866,86.6
"need investors star",3,476869,86.6
"need kiss means",3,476872,86.6
"need know code",3,476875,86.6
"need know doing",3,476878,86.6
"need know getting",3,476881,86.6
"need know learned",3,476884,86.6
"need know live",3,476887,86.6
"need know love",3,476890,86.6
"need know stay",3,476893,86.6
"need know told",3,476896,86.6
"need leave house",3,476899,86.6
"need link soon",3,476902,86.6
"need lot followers",3,476905,86.6
"need low cost",3,476908,86.6
"need loyal fans",3,476911,86.6
"need luck world",3,476914,86.6
"need mail address",3,476917,86.6
"need make changes",3,476920,86.61
"need make comedy",3,476923,86.61
"need make education",3,476926,86.61
"need make movie",3,476929,86.61
"need make music",3,476932,86.61
"need make today",3,476935,86.61
"need man life",3,476938,86.61
"need man like",3,476941,86.61
"need marry man",3,476944,86.61
"need massage bad",3,476947,86.61
"need massage like",3,476950,86.61
"need mini vacation",3,476953,86.61
"need music need",3,476956,86.61
"need music remain",3,476959,86.61
"need open door",3,476962,86.61
"need own space",3,476965,86.61
"need package van",3,476968,86.61
"need phil jackson",3,476971,86.61
"need phone date",3,476974,86.62
"need picture picture",3,476977,86.62
"need place live",3,476980,86.62
"need place toledo",3,476983,86.62
"need plan better",3,476986,86.62
"need plan get",3,476989,86.62
"need play play",3,476992,86.62
"need prescription assistance",3,476995,86.62
"need price resist",3,476998,86.62
"need professional help",3,477001,86.62
"need prom dress",3,477004,86.62
"need purpose life",3,477007,86.62
"need real job",3,477010,86.62
"need real life",3,477013,86.62
"need real man",3,477016,86.62
"need real talk",3,477019,86.62
"need run free",3,477022,86.62
"need sell house",3,477025,86.62
"need send tweet",3,477028,86.63
"need serious help",3,477031,86.63
"need set record",3,477034,86.63
"need set time",3,477037,86.63
"need short term",3,477040,86.63
"need shot like",3,477043,86.63
"need shoulder cry",3,477046,86.63
"need similar chemistry",3,477049,86.63
"need sleep good",3,477052,86.63
"need sleep tired",3,477055,86.63
"need sleep tonight",3,477058,86.63
"need somebody come",3,477061,86.63
"need somebody cuddle",3,477064,86.63
"need sounds like",3,477067,86.63
"need spend money",3,477070,86.63
"need start new",3,477073,86.63
"need start shopping",3,477076,86.63
"need start sleeping",3,477079,86.63
"need start waking",3,477082,86.63
"need stop betting",3,477085,86.64
"need stop blaming",3,477088,86.64
"need stop falling",3,477091,86.64
"need stop lazy",3,477094,86.64
"need stop need",3,477097,86.64
"need stop new",3,477100,86.64
"need stop putting",3,477103,86.64
"need stop sleeping",3,477106,86.64
"need stop soon",3,477109,86.64
"need stop spending",3,477112,86.64
"need stop telling",3,477115,86.64
"need stop texting",3,477118,86.64
"need stop think",3,477121,86.64
"need stop waiting",3,477124,86.64
"need stop wearing",3,477127,86.64
"need stop working",3,477130,86.64
"need stop writing",3,477133,86.64
"need study finals",3,477136,86.64
"need take morning",3,477139,86.65
"need take notes",3,477142,86.65
"need take responsibility",3,477145,86.65
"need take risks",3,477148,86.65
"need take test",3,477151,86.65
"need talk catch",3,477154,86.65
"need talk let",3,477157,86.65
"need talk million",3,477160,86.65
"need talk miss",3,477163,86.65
"need talk somebody",3,477166,86.65
"need talk want",3,477169,86.65
"need teach students",3,477172,86.65
"need text buddy",3,477175,86.65
"need texting buddy",3,477178,86.65
"need thursdays names",3,477181,86.65
"need tonight need",3,477184,86.65
"need tweet get",3,477187,86.65
"need tweet like",3,477190,86.65
"need twitter account",3,477193,86.66
"need twitter facebook",3,477196,86.66
"need upgrade phone",3,477199,86.66
"need vip text",3,477202,86.66
"need wait days",3,477205,86.66
"need wake get",3,477208,86.66
"need wake start",3,477211,86.66
"need want get",3,477214,86.66
"need want need",3,477217,86.66
"need wash car",3,477220,86.66
"need weather report",3,477223,86.66
"need weight loss",3,477226,86.66
"need winter coat",3,477229,86.66
"need write remember",3,477232,86.66
"needless say excited",3,477235,86.66
"needless say won",3,477238,86.66
"needs alarm clock",3,477241,86.66
"needs buttons dislike",3,477244,86.66
"needs drama day",3,477247,86.66
"needs end like",3,477250,86.67
"needs followers thanks",3,477253,86.67
"needs get act",3,477256,86.67
"needs get professional",3,477259,86.67
"needs get program",3,477262,86.67
"needs happen asap",3,477265,86.67
"needs just get",3,477268,86.67
"needs just make",3,477271,86.67
"needs little love",3,477274,86.67
"needs make cover",3,477277,86.67
"needs prayers get",3,477280,86.67
"needs reality check",3,477283,86.67
"needs start doing",3,477286,86.67
"needs start making",3,477289,86.67
"needs stay away",3,477292,86.67
"needs stay way",3,477295,86.67
"needs take advantage",3,477298,86.67
"needs visit www",3,477301,86.67
"needs work know",3,477304,86.68
"negative don let",3,477307,86.68
"negative people life",3,477310,86.68
"neighbor looks like",3,477313,86.68
"neighbor owner beats",3,477316,86.68
"neighborhood art neighborhood",3,477319,86.68
"neighborhood beautiful day",3,477322,86.68
"neighborhood smells like",3,477325,86.68
"neighborhood wait get",3,477328,86.68
"neighbors don know",3,477331,86.68
"neil diamond sweet",3,477334,86.68
"nerd rap math",3,477337,86.68
"nervous wish luck",3,477340,86.68
"net proceeds go",3,477343,86.68
"net user group",3,477346,86.68
"netflix want watch",3,477349,86.68
"nets bucks nba",3,477352,86.68
"nets milwaukee bucks",3,477355,86.68
"network colorado springs",3,477358,86.69
"network draft coverage",3,477361,86.69
"networking building relationships",3,477364,86.69
"networking class learned",3,477367,86.69
"networks build follow",3,477370,86.69
"new alarm clock",3,477373,86.69
"new artists like",3,477376,86.69
"new athletic director",3,477379,86.69
"new background new",3,477382,86.69
"new bears gm",3,477385,86.69
"new bike lanes",3,477388,86.69
"new bike today",3,477391,86.69
"new book book",3,477394,86.69
"new book called",3,477397,86.69
"new book club",3,477400,86.69
"new book dvd",3,477403,86.69
"new book good",3,477406,86.69
"new book great",3,477409,86.69
"new book new",3,477412,86.69
"new book project",3,477415,86.7
"new book seem",3,477418,86.7
"new book stay",3,477421,86.7
"new book titled",3,477424,86.7
"new book tonight",3,477427,86.7
"new book working",3,477430,86.7
"new called feelings",3,477433,86.7
"new career goal",3,477436,86.7
"new career high",3,477439,86.7
"new check facebook",3,477442,86.7
"new check new",3,477445,86.7
"new chris brown",3,477448,86.7
"new city new",3,477451,86.7
"new class culture",3,477454,86.7
"new club called",3,477457,86.7
"new co owners",3,477460,86.7
"new collection coming",3,477463,86.7
"new collective bargaining",3,477466,86.7
"new commercial love",3,477469,86.71
"new content soon",3,477472,86.71
"new cowboy boots",3,477475,86.71
"new creation old",3,477478,86.71
"new customers get",3,477481,86.71
"new customers let",3,477484,86.71
"new customers new",3,477487,86.71
"new day become",3,477490,86.71
"new day gonna",3,477493,86.71
"new day let",3,477496,86.71
"new day life",3,477499,86.71
"new day ready",3,477502,86.71
"new day take",3,477505,86.71
"new day time",3,477508,86.71
"new day today",3,477511,86.71
"new day tomorrow",3,477514,86.71
"new day yesterday",3,477517,86.71
"new design followers",3,477520,86.71
"new design idea",3,477523,86.71
"new design looks",3,477526,86.72
"new designs www",3,477529,86.72
"new digital world",3,477532,86.72
"new dinner menu",3,477535,86.72
"new don get",3,477538,86.72
"new don like",3,477541,86.72
"new dress new",3,477544,86.72
"new drink list",3,477547,86.72
"new drinking game",3,477550,86.72
"new england got",3,477553,86.72
"new england week",3,477556,86.72
"new everyday today",3,477559,86.72
"new exhibit featuring",3,477562,86.72
"new experience hope",3,477565,86.72
"new faces new",3,477568,86.72
"new fall menu",3,477571,86.72
"new fall shows",3,477574,86.72
"new familiar faces",3,477577,86.72
"new favorite follower",3,477580,86.73
"new favorite food",3,477583,86.73
"new favorite saying",3,477586,86.73
"new favorite site",3,477589,86.73
"new favorite songs",3,477592,86.73
"new favorite term",3,477595,86.73
"new favorite tv",3,477598,86.73
"new features nd",3,477601,86.73
"new film starring",3,477604,86.73
"new flavors today",3,477607,86.73
"new florida thriller",3,477610,86.73
"new follower bad",3,477613,86.73
"new follower cool",3,477616,86.73
"new follower gets",3,477619,86.73
"new follows week",3,477622,86.73
"new format great",3,477625,86.73
"new found appreciation",3,477628,86.73
"new franchise record",3,477631,86.73
"new free chicago",3,477634,86.74
"new friends came",3,477637,86.74
"new friends day",3,477640,86.74
"new friends followers",3,477643,86.74
"new friends last",3,477646,86.74
"new friends making",3,477649,86.74
"new friends twitter",3,477652,86.74
"new friends week",3,477655,86.74
"new gb ipad",3,477658,86.74
"new get ready",3,477661,86.74
"new glee tonight",3,477664,86.74
"new good stuff",3,477667,86.74
"new google chrome",3,477670,86.74
"new got new",3,477673,86.74
"new grain free",3,477676,86.74
"new haven seen",3,477679,86.74
"new head shot",3,477682,86.74
"new high end",3,477685,86.74
"new high score",3,477688,86.74
"new hopefully get",3,477691,86.75
"new improved twitter",3,477694,86.75
"new items added",3,477697,86.75
"new jersey go",3,477700,86.75
"new jersey going",3,477703,86.75
"new jersey just",3,477706,86.75
"new jersey small",3,477709,86.75
"new jersey street",3,477712,86.75
"new jersey usa",3,477715,86.75
"new jersey week",3,477718,86.75
"new job soon",3,477721,86.75
"new jobs posted",3,477724,86.75
"new judges factor",3,477727,86.75
"new landing page",3,477730,86.75
"new lands seeing",3,477733,86.75
"new laptop just",3,477736,86.75
"new layout website",3,477739,86.75
"new like just",3,477742,86.75
"new living room",3,477745,86.76
"new love love",3,477748,86.76
"new mac book",3,477751,86.76
"new mac pro",3,477754,86.76
"new marketing channels",3,477757,86.76
"new meaning going",3,477760,86.76
"new meaning term",3,477763,86.76
"new members join",3,477766,86.76
"new mexico come",3,477769,86.76
"new mexico get",3,477772,86.76
"new mexico high",3,477775,86.76
"new mexico love",3,477778,86.76
"new mexico today",3,477781,86.76
"new mexico twitter",3,477784,86.76
"new mobile device",3,477787,86.76
"new mother day",3,477790,86.76
"new music don",3,477793,86.76
"new music dropping",3,477796,86.76
"new music free",3,477799,86.77
"new music go",3,477802,86.77
"new music ready",3,477805,86.77
"new music share",3,477808,86.77
"new music sounds",3,477811,86.77
"new music tell",3,477814,86.77
"new music thanks",3,477817,86.77
"new music weeks",3,477820,86.77
"new nets logo",3,477823,86.77
"new option trade",3,477826,86.77
"new orleans atlanta",3,477829,86.77
"new orleans bound",3,477832,86.77
"new orleans celebration",3,477835,86.77
"new orleans got",3,477838,86.77
"new orleans let",3,477841,86.77
"new orleans louisiana",3,477844,86.77
"new orleans march",3,477847,86.77
"new orleans piano",3,477850,86.77
"new orleans start",3,477853,86.77
"new orleans style",3,477856,86.78
"new overtime rules",3,477859,86.78
"new packers fan",3,477862,86.78
"new phone cover",3,477865,86.78
"new phone iphone",3,477868,86.78
"new phone months",3,477871,86.78
"new phone old",3,477874,86.78
"new position work",3,477877,86.78
"new rebel shirt",3,477880,86.78
"new report says",3,477883,86.78
"new restaurant dedicated",3,477886,86.78
"new rule hold",3,477889,86.78
"new rule life",3,477892,86.78
"new rules work",3,477895,86.78
"new sam club",3,477898,86.78
"new seasonal menu",3,477901,86.78
"new sheriff town",3,477904,86.78
"new shirt design",3,477907,86.78
"new short story",3,477910,86.79
"new shower head",3,477913,86.79
"new single free",3,477916,86.79
"new single go",3,477919,86.79
"new single good",3,477922,86.79
"new single just",3,477925,86.79
"new single pretty",3,477928,86.79
"new single ready",3,477931,86.79
"new single released",3,477934,86.79
"new sock day",3,477937,86.79
"new songs done",3,477940,86.79
"new songs gonna",3,477943,86.79
"new songs ipod",3,477946,86.79
"new songs like",3,477949,86.79
"new songs recorded",3,477952,86.79
"new songs sunday",3,477955,86.79
"new songs wanna",3,477958,86.79
"new songs works",3,477961,86.79
"new songs wrote",3,477964,86.8
"new spotted cow",3,477967,86.8
"new spring summer",3,477970,86.8
"new star horizon",3,477973,86.8
"new start time",3,477976,86.8
"new state farm",3,477979,86.8
"new stitch white",3,477982,86.8
"new store alert",3,477985,86.8
"new students free",3,477988,86.8
"new stuff amazing",3,477991,86.8
"new stuff great",3,477994,86.8
"new stuff http",3,477997,86.8
"new stuff just",3,478000,86.8
"new stuff like",3,478003,86.8
"new stuff today",3,478006,86.8
"new stuff works",3,478009,86.8
"new support efforts",3,478012,86.8
"new taylor swift",3,478015,86.8
"new thanks following",3,478018,86.8
"new timeline pages",3,478021,86.81
"new tools help",3,478024,86.81
"new trailer dark",3,478027,86.81
"new trend seems",3,478030,86.81
"new twitter appreciate",3,478033,86.81
"new twitter client",3,478036,86.81
"new twitter find",3,478039,86.81
"new twitter haven",3,478042,86.81
"new twitter hope",3,478045,86.81
"new twitter icon",3,478048,86.81
"new twitter ideas",3,478051,86.81
"new twitter iphone",3,478054,86.81
"new twitter know",3,478057,86.81
"new twitter people",3,478060,86.81
"new twitter site",3,478063,86.81
"new twitter stuff",3,478066,86.81
"new twitter sucks",3,478069,86.81
"new twitter thank",3,478072,86.81
"new twitter welcome",3,478075,86.82
"new twitter wish",3,478078,86.82
"new twitter world",3,478081,86.82
"new union south",3,478084,86.82
"new unlimited leads",3,478087,86.82
"new used cars",3,478090,86.82
"new vegas moved",3,478093,86.82
"new video card",3,478096,86.82
"new video clip",3,478099,86.82
"new video complete",3,478102,86.82
"new video diary",3,478105,86.82
"new video editing",3,478108,86.82
"new video going",3,478111,86.82
"new video gonna",3,478114,86.82
"new video last",3,478117,86.82
"new video monday",3,478120,86.82
"new video posted",3,478123,86.82
"new video pretty",3,478126,86.82
"new video work",3,478129,86.83
"new videos new",3,478132,86.83
"new videos share",3,478135,86.83
"new videos youtube",3,478138,86.83
"new ways get",3,478141,86.83
"new website complete",3,478144,86.83
"new website finished",3,478147,86.83
"new website great",3,478150,86.83
"new website launched",3,478153,86.83
"new website launches",3,478156,86.83
"new website like",3,478159,86.83
"new website wait",3,478162,86.83
"new white paper",3,478165,86.83
"new wicked evil",3,478168,86.83
"new workout playlist",3,478171,86.83
"new year baby",3,478174,86.83
"new year begins",3,478177,86.83
"new year business",3,478180,86.83
"new year cheers",3,478183,86.83
"new year dear",3,478186,86.84
"new year end",3,478189,86.84
"new year far",3,478192,86.84
"new year food",3,478195,86.84
"new year health",3,478198,86.84
"new year hun",3,478201,86.84
"new year join",3,478204,86.84
"new year kind",3,478207,86.84
"new year live",3,478210,86.84
"new year officially",3,478213,86.84
"new year peace",3,478216,86.84
"new year plans",3,478219,86.84
"new year registration",3,478222,86.84
"new year running",3,478225,86.84
"new year students",3,478228,86.84
"new year super",3,478231,86.84
"new year things",3,478234,86.84
"new year tradition",3,478237,86.84
"new year website",3,478240,86.85
"new year weekend",3,478243,86.85
"new years best",3,478246,86.85
"new years bout",3,478249,86.85
"new years don",3,478252,86.85
"new years favorite",3,478255,86.85
"new years get",3,478258,86.85
"new years going",3,478261,86.85
"new years la",3,478264,86.85
"new years life",3,478267,86.85
"new years people",3,478270,86.85
"new years wishes",3,478273,86.85
"newark public library",3,478276,86.85
"newest followers glad",3,478279,86.85
"newest music video",3,478282,86.85
"newest team member",3,478285,86.85
"newport beach ca",3,478288,86.85
"news announce soon",3,478291,86.85
"news derrick rose",3,478294,86.86
"news donna summer",3,478297,86.86
"news officially announcing",3,478300,86.86
"news story need",3,478303,86.86
"news visit www",3,478306,86.86
"nfl draft awesome",3,478309,86.86
"nfl draft coverage",3,478312,86.86
"nfl draft think",3,478315,86.86
"nfl draft thursday",3,478318,86.86
"nfl draft time",3,478321,86.86
"nfl draft winners",3,478324,86.86
"nfl hall fame",3,478327,86.86
"nfl head coaches",3,478330,86.86
"nfl player safety",3,478333,86.86
"nfl season starts",3,478336,86.86
"nfl week chargers",3,478339,86.86
"nfl week colts",3,478342,86.86
"nice attitude get",3,478345,86.86
"nice big fan",3,478348,86.86
"nice big piece",3,478351,86.87
"nice chilly day",3,478354,86.87
"nice cold drink",3,478357,86.87
"nice cold refreshing",3,478360,86.87
"nice day austin",3,478363,86.87
"nice day day",3,478366,86.87
"nice day family",3,478369,86.87
"nice day getting",3,478372,86.87
"nice day going",3,478375,86.87
"nice day hope",3,478378,86.87
"nice day like",3,478381,86.87
"nice day nyc",3,478384,86.87
"nice day skate",3,478387,86.87
"nice day stuck",3,478390,86.87
"nice day wait",3,478393,86.87
"nice day weekend",3,478396,86.87
"nice day work",3,478399,86.87
"nice did work",3,478402,86.87
"nice don know",3,478405,86.88
"nice don think",3,478408,86.88
"nice email address",3,478411,86.88
"nice feels like",3,478414,86.88
"nice fun safe",3,478417,86.88
"nice fun weekend",3,478420,86.88
"nice go school",3,478423,86.88
"nice got new",3,478426,86.88
"nice guys don",3,478429,86.88
"nice guys like",3,478432,86.88
"nice hope enjoying",3,478435,86.88
"nice job dude",3,478438,86.88
"nice job good",3,478441,86.88
"nice job great",3,478444,86.88
"nice job thanks",3,478447,86.88
"nice keep touch",3,478450,86.88
"nice labor day",3,478453,86.88
"nice lazy sunday",3,478456,86.88
"nice long run",3,478459,86.88
"nice long walk",3,478462,86.89
"nice make fun",3,478465,86.89
"nice man keep",3,478468,86.89
"nice meet awesome",3,478471,86.89
"nice meet fun",3,478474,86.89
"nice meet mark",3,478477,86.89
"nice meet really",3,478480,86.89
"nice meet thank",3,478483,86.89
"nice meeting love",3,478486,86.89
"nice meeting night",3,478489,86.89
"nice need make",3,478492,86.89
"nice person people",3,478495,86.89
"nice quiet evening",3,478498,86.89
"nice rainy day",3,478501,86.89
"nice really like",3,478504,86.89
"nice relaxing night",3,478507,86.89
"nice relaxing weekend",3,478510,86.89
"nice say hello",3,478513,86.89
"nice say thanks",3,478516,86.9
"nice seems like",3,478519,86.9
"nice shirt try",3,478522,86.9
"nice start morning",3,478525,86.9
"nice start week",3,478528,86.9
"nice surprise love",3,478531,86.9
"nice talking bye",3,478534,86.9
"nice tall glass",3,478537,86.9
"nice teach dance",3,478540,86.9
"nice thing said",3,478543,86.9
"nice think like",3,478546,86.9
"nice time family",3,478549,86.9
"nice time get",3,478552,86.9
"nice twitter background",3,478555,86.9
"nice twitter hope",3,478558,86.9
"nice warm today",3,478561,86.9
"nice work did",3,478564,86.9
"nice work get",3,478567,86.9
"nice work last",3,478570,86.91
"nice work team",3,478573,86.91
"nicer person average",3,478576,86.91
"nicholas murray butler",3,478579,86.91
"niggas don feel",3,478582,86.91
"niggas don need",3,478585,86.91
"niggas get hit",3,478588,86.91
"niggas get nerves",3,478591,86.91
"niggas got money",3,478594,86.91
"niggas know gotta",3,478597,86.91
"night absolute blast",3,478600,86.91
"night atlantic city",3,478603,86.91
"night baby boy",3,478606,86.91
"night bad idea",3,478609,86.91
"night battle bands",3,478612,86.91
"night bed time",3,478615,86.91
"night big fan",3,478618,86.91
"night blast thanks",3,478621,86.91
"night break leg",3,478624,86.91
"night cent wings",3,478627,86.92
"night check new",3,478630,86.92
"night contact deeply",3,478633,86.92
"night crazy fun",3,478636,86.92
"night crazy wish",3,478639,86.92
"night different nights",3,478642,86.92
"night dj mix",3,478645,86.92
"night dj pm",3,478648,86.92
"night doing homework",3,478651,86.92
"night dream featuring",3,478654,86.92
"night drinking summer",3,478657,86.92
"night entry couples",3,478660,86.92
"night friday free",3,478663,86.92
"night full swing",3,478666,86.92
"night glad got",3,478669,86.92
"night glad part",3,478672,86.92
"night glass wine",3,478675,86.92
"night gonna miss",3,478678,86.92
"night gonna night",3,478681,86.93
"night gonna rock",3,478684,86.93
"night good bye",3,478687,86.93
"night good seeing",3,478690,86.93
"night goodnight sweet",3,478693,86.93
"night great idea",3,478696,86.93
"night great tonight",3,478699,86.93
"night great wait",3,478702,86.93
"night great win",3,478705,86.93
"night grocery shopping",3,478708,86.93
"night highly recommend",3,478711,86.93
"night house blues",3,478714,86.93
"night house party",3,478717,86.93
"night ice cream",3,478720,86.93
"night just amazing",3,478723,86.93
"night just crazy",3,478726,86.93
"night just get",3,478729,86.93
"night just happy",3,478732,86.93
"night just needed",3,478735,86.94
"night just read",3,478738,86.94
"night just right",3,478741,86.94
"night just think",3,478744,86.94
"night just wish",3,478747,86.94
"night kansas city",3,478750,86.94
"night keep eye",3,478753,86.94
"night ladies drink",3,478756,86.94
"night lights great",3,478759,86.94
"night little better",3,478762,86.94
"night look like",3,478765,86.94
"night looking good",3,478768,86.94
"night made cry",3,478771,86.94
"night made feel",3,478774,86.94
"night made great",3,478777,86.94
"night met great",3,478780,86.94
"night mix relaxed",3,478783,86.94
"night must say",3,478786,86.94
"night ocean beach",3,478789,86.94
"night oh yeah",3,478792,86.95
"night palace newark",3,478795,86.95
"night paris anchor",3,478798,86.95
"night parking lot",3,478801,86.95
"night place bar",3,478804,86.95
"night playing saturday",3,478807,86.95
"night pretty fun",3,478810,86.95
"night realize bad",3,478813,86.95
"night really cool",3,478816,86.95
"night really did",3,478819,86.95
"night really enjoyed",3,478822,86.95
"night rose bowl",3,478825,86.95
"night saw get",3,478828,86.95
"night saw guy",3,478831,86.95
"night saw lot",3,478834,86.95
"night school tomorrow",3,478837,86.95
"night shift just",3,478840,86.95
"night smile face",3,478843,86.95
"night st louis",3,478846,86.96
"night st patty",3,478849,86.96
"night stand begins",3,478852,86.96
"night start thinking",3,478855,86.96
"night starts tonight",3,478858,86.96
"night stay free",3,478861,86.96
"night steak house",3,478864,86.96
"night stop pm",3,478867,86.96
"night stop thinking",3,478870,86.96
"night sunday morning",3,478873,86.96
"night super bowl",3,478876,86.96
"night super good",3,478879,86.96
"night super tired",3,478882,86.96
"night taco bell",3,478885,86.96
"night thanksgiving party",3,478888,86.96
"night today gonna",3,478891,86.96
"night tomorrow night",3,478894,86.96
"night tonight anyone",3,478897,86.96
"night tonight excited",3,478900,86.97
"night tonight free",3,478903,86.97
"night tonight got",3,478906,86.97
"night tonight just",3,478909,86.97
"night tonight love",3,478912,86.97
"night tonight need",3,478915,86.97
"night tweet hearts",3,478918,86.97
"night va beach",3,478921,86.97
"night wake crying",3,478924,86.97
"night want know",3,478927,86.97
"night watching tv",3,478930,86.97
"night went bed",3,478933,86.97
"night went club",3,478936,86.97
"night yes screamed",3,478939,86.97
"nightmares nightmares dreams",3,478942,86.97
"nights coming soon",3,478945,86.97
"nights days just",3,478948,86.97
"nights just keep",3,478951,86.97
"nights just want",3,478954,86.97
"nights lay awake",3,478957,86.98
"nights st hot",3,478960,86.98
"nike camp school",3,478963,86.98
"nike hoop summit",3,478966,86.98
"nike running shoes",3,478969,86.98
"nj thursday join",3,478972,86.98
"nm business weekly",3,478975,86.98
"nm wedding expo",3,478978,86.98
"noise make stretch",3,478981,86.98
"noise summer fest",3,478984,86.98
"nomination diversity actors",3,478987,86.98
"nominees native women",3,478990,86.98
"non fiction writing",3,478993,86.98
"non work related",3,478996,86.98
"noodles hot sauce",3,478999,86.98
"noon class today",3,479002,86.98
"noon college plaza",3,479005,86.98
"noon feels like",3,479008,86.98
"noon kiss fm",3,479011,86.99
"noon today eighth",3,479014,86.99
"nope don get",3,479017,86.99
"nope man just",3,479020,86.99
"normal let know",3,479023,86.99
"normal people like",3,479026,86.99
"normal year old",3,479029,86.99
"north america get",3,479032,86.99
"north carolina couples",3,479035,86.99
"north carolina find",3,479038,86.99
"north carolina law",3,479041,86.99
"north carolina marriage",3,479044,86.99
"north carolina say",3,479047,86.99
"north carolina thing",3,479050,86.99
"north carolina vote",3,479053,86.99
"north carolina way",3,479056,86.99
"north carolina week",3,479059,86.99
"north carolina white",3,479062,86.99
"northern english brown",3,479065,87
"northern trust open",3,479068,87
"norwegian great deals",3,479071,87
"nose spite face",3,479074,87
"note failing pay",3,479077,87
"note music hall",3,479080,87
"note self email",3,479083,87
"note self future",3,479086,87
"note self just",3,479089,87
"note self keep",3,479092,87
"note self people",3,479095,87
"note self remove",3,479098,87
"note self stay",3,479101,87
"note self think",3,479104,87
"note self turn",3,479107,87
"notes places achieve",3,479110,87
"notice old clothes",3,479113,87
"notice trying years",3,479116,87
"noticed right away",3,479119,87
"noticed wish make",3,479122,87.01
"novel book poems",3,479125,87.01
"novel let write",3,479128,87.01
"novel nolan amazon",3,479131,87.01
"november thanksgiving holiday",3,479134,87.01
"np frank ocean",3,479137,87.01
"np wild boy",3,479140,87.01
"npr morning edition",3,479143,87.01
"npr talk nation",3,479146,87.01
"nuggets game tonight",3,479149,87.01
"number alternative charts",3,479152,87.01
"number calls answer",3,479155,87.01
"number companies don",3,479158,87.01
"number companies listen",3,479161,87.01
"number don want",3,479164,87.01
"number get update",3,479167,87.01
"number got text",3,479170,87.01
"number moments take",3,479173,87.01
"number totally irrelevant",3,479176,87.02
"number trending topic",3,479179,87.02
"number trying get",3,479182,87.02
"numbers contacts ignoring",3,479185,87.02
"numbers last night",3,479188,87.02
"nutrition diet lesson",3,479191,87.02
"nuts author unknown",3,479194,87.02
"nuts make tree",3,479197,87.02
"nuts neighbor owner",3,479200,87.02
"nuts remember nuts",3,479203,87.02
"nw basketball wives",3,479206,87.02
"nw laugh pain",3,479209,87.02
"nw think like",3,479212,87.02
"ny football giants",3,479215,87.02
"ny info email",3,479218,87.02
"ny last night",3,479221,87.02
"ny last year",3,479224,87.02
"ny law firms",3,479227,87.02
"ny records la",3,479230,87.02
"ny red bulls",3,479233,87.03
"nyc beautiful day",3,479236,87.03
"nyc club nyc",3,479239,87.03
"nyc feels like",3,479242,87.03
"nyc info know",3,479245,87.03
"nyc meet greet",3,479248,87.03
"nyc pm sign",3,479251,87.03
"nyc printing get",3,479254,87.03
"nyc printing make",3,479257,87.03
"nyc san francisco",3,479260,87.03
"nyc users near",3,479263,87.03
"oakland museum california",3,479266,87.03
"oakland weave makeup",3,479269,87.03
"obama afghanistan trip",3,479272,87.03
"obama backs marriage",3,479275,87.03
"obama flip marriage",3,479278,87.03
"obama late night",3,479281,87.03
"obama marriage announcement",3,479284,87.03
"obama mccain bill",3,479287,87.04
"obama said supports",3,479290,87.04
"obama says going",3,479293,87.04
"obama says supports",3,479296,87.04
"obama second term",3,479299,87.04
"obama speech tonight",3,479302,87.04
"obama veto pin",3,479305,87.04
"obsessed stop listening",3,479308,87.04
"obstacles take eyes",3,479311,87.04
"obtained order man",3,479314,87.04
"obvious technology humanity",3,479317,87.04
"obviously doing right",3,479320,87.04
"obviously don like",3,479323,87.04
"obviously don wanna",3,479326,87.04
"obviously excited texted",3,479329,87.04
"ocean courage lose",3,479332,87.04
"oct book ur",3,479335,87.04
"oct library lawn",3,479338,87.04
"oct www com",3,479341,87.05
"october chicago usa",3,479344,87.05
"october www com",3,479347,87.05
"odds good luck",3,479350,87.05
"offense needs get",3,479353,87.05
"offense score runs",3,479356,87.05
"offer customers chance",3,479359,87.05
"offer excuse bad",3,479362,87.05
"offer free estimate",3,479365,87.05
"offer miss family",3,479368,87.05
"offer social media",3,479371,87.05
"offer tobacco products",3,479374,87.05
"offering food secretly",3,479377,87.05
"offering social media",3,479380,87.05
"offering state nc",3,479383,87.05
"offering wild wednesday",3,479386,87.05
"offers pay mark",3,479389,87.05
"office away office",3,479392,87.05
"office closed monday",3,479395,87.05
"office closed tomorrow",3,479398,87.06
"office collaboration productivity",3,479401,87.06
"office get ready",3,479404,87.06
"office just opened",3,479407,87.06
"office live small",3,479410,87.06
"office time get",3,479413,87.06
"official day classes",3,479416,87.06
"official draft party",3,479419,87.06
"official like whistle",3,479422,87.06
"official notice firm",3,479425,87.06
"official party stage",3,479428,87.06
"official party tonight",3,479431,87.06
"official start summer",3,479434,87.06
"official twitter handle",3,479437,87.06
"official video youtube",3,479440,87.06
"officially announcing vodka",3,479443,87.06
"officially done freshman",3,479446,87.06
"officially done school",3,479449,87.06
"officially done year",3,479452,87.07
"officially feel old",3,479455,87.07
"officially sophomore college",3,479458,87.07
"oh alright good",3,479461,87.07
"oh alright just",3,479464,87.07
"oh alright thanks",3,479467,87.07
"oh awesome did",3,479470,87.07
"oh awesome gift",3,479473,87.07
"oh awesome good",3,479476,87.07
"oh baby like",3,479479,87.07
"oh baby sweet",3,479482,87.07
"oh best day",3,479485,87.07
"oh better late",3,479488,87.07
"oh boy need",3,479491,87.07
"oh btw did",3,479494,87.07
"oh btw get",3,479497,87.07
"oh does anyone",3,479500,87.07
"oh does feel",3,479503,87.07
"oh don mean",3,479506,87.08
"oh emma stone",3,479509,87.08
"oh falling reverse",3,479512,87.08
"oh follow follow",3,479515,87.08
"oh girl make",3,479518,87.08
"oh glad found",3,479521,87.08
"oh good days",3,479524,87.08
"oh good did",3,479527,87.08
"oh good looks",3,479530,87.08
"oh good think",3,479533,87.08
"oh good worried",3,479536,87.08
"oh goodness feel",3,479539,87.08
"oh goodness must",3,479542,87.08
"oh goodness think",3,479545,87.08
"oh goodness wait",3,479548,87.08
"oh gosh absolutely",3,479551,87.08
"oh gosh beautiful",3,479554,87.08
"oh gosh boys",3,479557,87.08
"oh gosh dying",3,479560,87.08
"oh gosh going",3,479563,87.09
"oh gosh great",3,479566,87.09
"oh gosh keep",3,479569,87.09
"oh gosh mom",3,479572,87.09
"oh gosh oh",3,479575,87.09
"oh gosh pretty",3,479578,87.09
"oh gosh remember",3,479581,87.09
"oh gosh sweet",3,479584,87.09
"oh gosh tell",3,479587,87.09
"oh gosh thanks",3,479590,87.09
"oh gosh video",3,479593,87.09
"oh guys know",3,479596,87.09
"oh half beat",3,479599,87.09
"oh hate happens",3,479602,87.09
"oh heaven sake",3,479605,87.09
"oh hi love",3,479608,87.09
"oh hi new",3,479611,87.09
"oh jersey shore",3,479614,87.09
"oh just asking",3,479617,87.1
"oh just happened",3,479620,87.1
"oh just keep",3,479623,87.1
"oh just lost",3,479626,87.1
"oh just making",3,479629,87.1
"oh just said",3,479632,87.1
"oh just watched",3,479635,87.1
"oh know big",3,479638,87.1
"oh know get",3,479641,87.1
"oh know goes",3,479644,87.1
"oh know gonna",3,479647,87.1
"oh know know",3,479650,87.1
"oh know last",3,479653,87.1
"oh know miss",3,479656,87.1
"oh know part",3,479659,87.1
"oh know real",3,479662,87.1
"oh know sitting",3,479665,87.1
"oh know thought",3,479668,87.1
"oh know wanna",3,479671,87.11
"oh know want",3,479674,87.11
"oh let hope",3,479677,87.11
"oh long time",3,479680,87.11
"oh long way",3,479683,87.11
"oh love miss",3,479686,87.11
"oh man amazing",3,479689,87.11
"oh man funny",3,479692,87.11
"oh man hate",3,479695,87.11
"oh man hopefully",3,479698,87.11
"oh man imagine",3,479701,87.11
"oh man keep",3,479704,87.11
"oh man let",3,479707,87.11
"oh man looking",3,479710,87.11
"oh man lucky",3,479713,87.11
"oh man missed",3,479716,87.11
"oh man must",3,479719,87.11
"oh man right",3,479722,87.11
"oh man seriously",3,479725,87.11
"oh man thinking",3,479728,87.12
"oh man wait",3,479731,87.12
"oh man work",3,479734,87.12
"oh man worst",3,479737,87.12
"oh maybe week",3,479740,87.12
"oh maybe year",3,479743,87.12
"oh mind just",3,479746,87.12
"oh miss thee",3,479749,87.12
"oh new york",3,479752,87.12
"oh north carolina",3,479755,87.12
"oh oh bad",3,479758,87.12
"oh oh think",3,479761,87.12
"oh ok bad",3,479764,87.12
"oh ok maybe",3,479767,87.12
"oh ok miss",3,479770,87.12
"oh ok thank",3,479773,87.12
"oh okay ask",3,479776,87.12
"oh okay come",3,479779,87.12
"oh okay okay",3,479782,87.13
"oh okay sorry",3,479785,87.13
"oh okay sounds",3,479788,87.13
"oh sad day",3,479791,87.13
"oh sending good",3,479794,87.13
"oh sorry did",3,479797,87.13
"oh sorry forget",3,479800,87.13
"oh sorry love",3,479803,87.13
"oh sorry missed",3,479806,87.13
"oh stop know",3,479809,87.13
"oh things hear",3,479812,87.13
"oh things want",3,479815,87.13
"oh time flies",3,479818,87.13
"oh ur just",3,479821,87.13
"oh wait give",3,479824,87.13
"oh wait going",3,479827,87.13
"oh wait like",3,479830,87.13
"oh wait look",3,479833,87.13
"oh wait make",3,479836,87.14
"oh wait mom",3,479839,87.14
"oh wait new",3,479842,87.14
"oh wait night",3,479845,87.14
"oh wait thinking",3,479848,87.14
"oh wait twitter",3,479851,87.14
"oh wait ur",3,479854,87.14
"oh wait wait",3,479857,87.14
"oh way cool",3,479860,87.14
"oh wow coming",3,479863,87.14
"oh wow glad",3,479866,87.14
"oh wow guess",3,479869,87.14
"oh wow long",3,479872,87.14
"oh wow must",3,479875,87.14
"oh wow sure",3,479878,87.14
"oh wow think",3,479881,87.14
"oh yea great",3,479884,87.14
"oh yea happy",3,479887,87.14
"oh yes amazing",3,479890,87.14
"oh yes check",3,479893,87.15
"oh yes don",3,479896,87.15
"oh yes follow",3,479899,87.15
"oh yes fun",3,479902,87.15
"oh yes great",3,479905,87.15
"oh yes look",3,479908,87.15
"oh yes ok",3,479911,87.15
"oh yes sounds",3,479914,87.15
"oh yes thanks",3,479917,87.15
"oh yes thought",3,479920,87.15
"ohio visit www",3,479923,87.15
"ohio winter right",3,479926,87.15
"oil water mario",3,479929,87.15
"ok check em",3,479932,87.15
"ok don care",3,479935,87.15
"ok don hear",3,479938,87.15
"ok don need",3,479941,87.15
"ok don worry",3,479944,87.15
"ok done deal",3,479947,87.16
"ok feel bad",3,479950,87.16
"ok follow thanks",3,479953,87.16
"ok gonna get",3,479956,87.16
"ok gotta go",3,479959,87.16
"ok guess go",3,479962,87.16
"ok guess good",3,479965,87.16
"ok hope fun",3,479968,87.16
"ok hope gets",3,479971,87.16
"ok ill try",3,479974,87.16
"ok just asked",3,479977,87.16
"ok just follow",3,479980,87.16
"ok just get",3,479983,87.16
"ok just getting",3,479986,87.16
"ok just go",3,479989,87.16
"ok just going",3,479992,87.16
"ok just hope",3,479995,87.16
"ok just like",3,479998,87.16
"ok just long",3,480001,87.16
"ok just put",3,480004,87.17
"ok just tell",3,480007,87.17
"ok just told",3,480010,87.17
"ok just watch",3,480013,87.17
"ok just woke",3,480016,87.17
"ok just working",3,480019,87.17
"ok keep eye",3,480022,87.17
"ok kirk cameron",3,480025,87.17
"ok know don",3,480028,87.17
"ok lets get",3,480031,87.17
"ok lets go",3,480034,87.17
"ok like said",3,480037,87.17
"ok long get",3,480040,87.17
"ok need followers",3,480043,87.17
"ok need know",3,480046,87.17
"ok send email",3,480049,87.17
"ok send free",3,480052,87.17
"ok sound like",3,480055,87.17
"ok stand outside",3,480058,87.18
"ok try get",3,480061,87.18
"ok yeah just",3,480064,87.18
"okay cool guess",3,480067,87.18
"okay don get",3,480070,87.18
"okay don really",3,480073,87.18
"okay done tweeting",3,480076,87.18
"okay fall apart",3,480079,87.18
"okay going stop",3,480082,87.18
"okay ill let",3,480085,87.18
"okay let people",3,480088,87.18
"okay let try",3,480091,87.18
"okay looking forward",3,480094,87.18
"okay love song",3,480097,87.18
"okay need go",3,480100,87.18
"okay really want",3,480103,87.18
"okay sorry guys",3,480106,87.18
"okay sorry love",3,480109,87.18
"okay tell answer",3,480112,87.19
"oklahoma actually take",3,480115,87.19
"old acting like",3,480118,87.19
"old brain wished",3,480121,87.19
"old brother just",3,480124,87.19
"old colorado city",3,480127,87.19
"old conversations smile",3,480130,87.19
"old cousin just",3,480133,87.19
"old don respect",3,480136,87.19
"old dude just",3,480139,87.19
"old end soon",3,480142,87.19
"old fashion fun",3,480145,87.19
"old favorites new",3,480148,87.19
"old find funny",3,480151,87.19
"old hard drive",3,480154,87.19
"old highs suddenly",3,480157,87.19
"old ladies love",3,480160,87.19
"old legs things",3,480163,87.19
"old man don",3,480166,87.19
"old man go",3,480169,87.2
"old man got",3,480172,87.2
"old man great",3,480175,87.2
"old man happy",3,480178,87.2
"old man having",3,480181,87.2
"old man like",3,480184,87.2
"old man river",3,480187,87.2
"old men talking",3,480190,87.2
"old mo town",3,480193,87.2
"old month old",3,480196,87.2
"old old wooden",3,480199,87.2
"old ones john",3,480202,87.2
"old quit playing",3,480205,87.2
"old san juan",3,480208,87.2
"old saying goes",3,480211,87.2
"old school country",3,480214,87.2
"old school day",3,480217,87.2
"old school fans",3,480220,87.2
"old school house",3,480223,87.21
"old school jams",3,480226,87.21
"old school phone",3,480229,87.21
"old school punk",3,480232,87.21
"old school really",3,480235,87.21
"old school start",3,480238,87.21
"old shirts new",3,480241,87.21
"old singer texas",3,480244,87.21
"old songs bring",3,480247,87.21
"old stuff like",3,480250,87.21
"old stuff new",3,480253,87.21
"old text messages",3,480256,87.21
"old time radio",3,480259,87.21
"old white guys",3,480262,87.21
"old woman bus",3,480265,87.21
"older find things",3,480268,87.21
"older gets interested",3,480271,87.21
"older privilege denied",3,480274,87.21
"older sister loves",3,480277,87.22
"older sister younger",3,480280,87.22
"oldest italian restaurant",3,480283,87.22
"olympic basketball team",3,480286,87.22
"ones benefit www",3,480289,87.22
"ones crazy think",3,480292,87.22
"ones just don",3,480295,87.22
"ones make les",3,480298,87.22
"ones real ones",3,480301,87.22
"ones wind candles",3,480304,87.22
"onions big mac",3,480307,87.22
"online dating profiles",3,480310,87.22
"online dating service",3,480313,87.22
"online dating sites",3,480316,87.22
"online dating thing",3,480319,87.22
"online free customer",3,480322,87.22
"online get free",3,480325,87.22
"online get tweet",3,480328,87.22
"online giving event",3,480331,87.22
"online job applications",3,480334,87.23
"online store just",3,480337,87.23
"online store open",3,480340,87.23
"online weekend learning",3,480343,87.23
"oops don think",3,480346,87.23
"oops sorry mean",3,480349,87.23
"op expanding network",3,480352,87.23
"open access publishing",3,480355,87.23
"open business come",3,480358,87.23
"open card sort",3,480361,87.23
"open day come",3,480364,87.23
"open detroit september",3,480367,87.23
"open direct message",3,480370,87.23
"open house friday",3,480373,87.23
"open house soon",3,480376,87.23
"open house thursday",3,480379,87.23
"open house week",3,480382,87.23
"open just anything",3,480385,87.23
"open just feel",3,480388,87.24
"open knowledge base",3,480391,87.24
"open late thursday",3,480394,87.24
"open lunch dinner",3,480397,87.24
"open monday august",3,480400,87.24
"open monday pm",3,480403,87.24
"open mother day",3,480406,87.24
"open new experiences",3,480409,87.24
"open new opportunities",3,480412,87.24
"open pantry eat",3,480415,87.24
"open pm closed",3,480418,87.24
"open pm cover",3,480421,87.24
"open pm dec",3,480424,87.24
"open pm football",3,480427,87.24
"open pm tickets",3,480430,87.24
"open pm tuesday",3,480433,87.24
"open pub crawl",3,480436,87.24
"open san diego",3,480439,87.24
"open social media",3,480442,87.25
"open spring break",3,480445,87.25
"open sw th",3,480448,87.25
"open walk saying",3,480451,87.25
"opened times possible",3,480454,87.25
"opening car door",3,480457,87.25
"opening day did",3,480460,87.25
"opening day fun",3,480463,87.25
"opening day good",3,480466,87.25
"opening day great",3,480469,87.25
"opening day masters",3,480472,87.25
"opening day month",3,480475,87.25
"opening day st",3,480478,87.25
"opening day thanks",3,480481,87.25
"opening day time",3,480484,87.25
"opening day wait",3,480487,87.25
"opening day win",3,480490,87.25
"opening day year",3,480493,87.25
"opening featuring ross",3,480496,87.25
"opening feb th",3,480499,87.26
"opening march st",3,480502,87.26
"opening new friday",3,480505,87.26
"opening new location",3,480508,87.26
"opening newest location",3,480511,87.26
"opening reception pm",3,480514,87.26
"opening reception tonight",3,480517,87.26
"opening tonight come",3,480520,87.26
"opening week stay",3,480523,87.26
"opening weekend great",3,480526,87.26
"opens new complete",3,480529,87.26
"opens new office",3,480532,87.26
"opens school door",3,480535,87.26
"operator hold ok",3,480538,87.26
"opinion become reality",3,480541,87.26
"opinion said okay",3,480544,87.26
"opportunities conclusions benjamin",3,480547,87.26
"opportunities don miss",3,480550,87.26
"opportunities don wait",3,480553,87.27
"opportunities seized sun",3,480556,87.27
"opportunity build trust",3,480559,87.27
"opposite happens warm",3,480562,87.27
"optimistic determined defeated",3,480565,87.27
"options let know",3,480568,87.27
"orange county california",3,480571,87.27
"orange last night",3,480574,87.27
"orange park florida",3,480577,87.27
"order change must",3,480580,87.27
"order coupon code",3,480583,87.27
"order create tomorrow",3,480586,87.27
"order fast food",3,480589,87.27
"order make sense",3,480592,87.27
"order makes sense",3,480595,87.27
"order man allegedly",3,480598,87.27
"order must different",3,480601,87.27
"order pizza shuttle",3,480604,87.27
"order realize worth",3,480607,87.28
"order special victims",3,480610,87.28
"order straight face",3,480613,87.28
"ordered business cards",3,480616,87.28
"ordering shoes online",3,480619,87.28
"orders happy meal",3,480622,87.28
"orders last week",3,480625,87.28
"oregon humane society",3,480628,87.28
"oregon wine awards",3,480631,87.28
"organic foods sign",3,480634,87.28
"organic grass fed",3,480637,87.28
"organization results combined",3,480640,87.28
"orientation gender role",3,480643,87.28
"original hip hop",3,480646,87.28
"original kings comedy",3,480649,87.28
"orioles bullpen era",3,480652,87.28
"orioles chris davis",3,480655,87.28
"orlando dragons vs",3,480658,87.28
"orlando last night",3,480661,87.28
"orlando things liked",3,480664,87.29
"ouch feel pain",3,480667,87.29
"ounce prevention worth",3,480670,87.29
"outer space like",3,480673,87.29
"outer space rock",3,480676,87.29
"outfit makes feel",3,480679,87.29
"outfit mall heading",3,480682,87.29
"outing last night",3,480685,87.29
"outs adventures streets",3,480688,87.29
"outside club brady",3,480691,87.29
"outside fresh air",3,480694,87.29
"outside house right",3,480697,87.29
"outside hurricane long",3,480700,87.29
"outside hurt proverb",3,480703,87.29
"outside just like",3,480706,87.29
"outside miller park",3,480709,87.29
"outside sales reps",3,480712,87.29
"outside sounds like",3,480715,87.29
"outstanding female actor",3,480718,87.3
"outstanding lead actor",3,480721,87.3
"outstanding resident play",3,480724,87.3
"overall seed ncaa",3,480727,87.3
"overlooked mae west",3,480730,87.3
"owe anyone anything",3,480733,87.3
"own address sherman",3,480736,87.3
"own boss don",3,480739,87.3
"own cell phone",3,480742,87.3
"own depth hour",3,480745,87.3
"own end owning",3,480748,87.3
"own feel like",3,480751,87.3
"own garden decorate",3,480754,87.3
"own growing matter",3,480757,87.3
"own house own",3,480760,87.3
"own last night",3,480763,87.3
"own late night",3,480766,87.3
"own living room",3,480769,87.3
"own mind evil",3,480772,87.3
"own minds franklin",3,480775,87.31
"own nature pictures",3,480778,87.31
"own ok cool",3,480781,87.31
"own personal twitter",3,480784,87.31
"own salvation depend",3,480787,87.31
"own self image",3,480790,87.31
"own web site",3,480793,87.31
"own wikipedia page",3,480796,87.31
"owner ashley grant",3,480799,87.31
"owner jerry jones",3,480802,87.31
"ownership money property",3,480805,87.31
"pa last night",3,480808,87.31
"pace car driver",3,480811,87.31
"pacific view elementary",3,480814,87.31
"pack donation strain",3,480817,87.31
"pack protect layer",3,480820,87.31
"pack single private",3,480823,87.31
"pack south texas",3,480826,87.31
"packed last night",3,480829,87.32
"packed ready head",3,480832,87.32
"packers fan club",3,480835,87.32
"packers green bay",3,480838,87.32
"packers select nick",3,480841,87.32
"packers th round",3,480844,87.32
"pad cambridge ma",3,480847,87.32
"page download new",3,480850,87.32
"page entered win",3,480853,87.32
"page get free",3,480856,87.32
"page get likes",3,480859,87.32
"page http www",3,480862,87.32
"page like keep",3,480865,87.32
"page linked twitter",3,480868,87.32
"page paper page",3,480871,87.32
"page press like",3,480874,87.32
"page research papers",3,480877,87.32
"page stream giants",3,480880,87.32
"pages romance convert",3,480883,87.33
"paid big bucks",3,480886,87.33
"paid drink coffee",3,480889,87.33
"paid good money",3,480892,87.33
"paid soon paid",3,480895,87.33
"paid student loans",3,480898,87.33
"paid summer internship",3,480901,87.33
"pain body eventually",3,480904,87.33
"pain loss lives",3,480907,87.33
"pain purpose destiny",3,480910,87.33
"paint nails just",3,480913,87.33
"paint objects think",3,480916,87.33
"painting like friend",3,480919,87.33
"painting looking forward",3,480922,87.33
"painting love paint",3,480925,87.33
"pair give away",3,480928,87.33
"pair jeffrey campbell",3,480931,87.33
"pair powerful cure",3,480934,87.33
"pair shoes worn",3,480937,87.33
"pair super fan",3,480940,87.34
"pair tickets friday",3,480943,87.34
"pairing last night",3,480946,87.34
"palm springs offering",3,480949,87.34
"palm springs weekend",3,480952,87.34
"pam games brazil",3,480955,87.34
"pandora last fm",3,480958,87.34
"panel hear michael",3,480961,87.34
"pantry eat lower",3,480964,87.34
"pants last night",3,480967,87.34
"pants leg time",3,480970,87.34
"papa johns tonight",3,480973,87.34
"paper just write",3,480976,87.34
"paper page paper",3,480979,87.34
"paper roll taking",3,480982,87.34
"paper rolls printed",3,480985,87.34
"paper stuck shoe",3,480988,87.34
"papers projects week",3,480991,87.34
"parade jealous sun",3,480994,87.35
"paradise time closed",3,480997,87.35
"paranormal activity did",3,481000,87.35
"paranormal activity grabs",3,481003,87.35
"parent motivate move",3,481006,87.35
"parent stop leaving",3,481009,87.35
"parenting digital age",3,481012,87.35
"parents children autism",3,481015,87.35
"parents don let",3,481018,87.35
"parents don take",3,481021,87.35
"parents know get",3,481024,87.35
"parents let come",3,481027,87.35
"parents think crazy",3,481030,87.35
"parents think does",3,481033,87.35
"paris las vegas",3,481036,87.35
"park anyone interested",3,481039,87.35
"park country club",3,481042,87.35
"park family guy",3,481045,87.35
"park high school",3,481048,87.36
"park ing day",3,481051,87.36
"parker points assists",3,481054,87.36
"parking downtown hollywood",3,481057,87.36
"parking lot come",3,481060,87.36
"parking lot go",3,481063,87.36
"parking lot good",3,481066,87.36
"parking lot looking",3,481069,87.36
"parking lot morning",3,481072,87.36
"parking lot party",3,481075,87.36
"parking spot thanks",3,481078,87.36
"parking spot today",3,481081,87.36
"part does emergency",3,481084,87.36
"part going work",3,481087,87.36
"part great cause",3,481090,87.36
"part great team",3,481093,87.36
"part high school",3,481096,87.36
"part holiday season",3,481099,87.36
"part job easy",3,481102,87.36
"part just love",3,481105,87.37
"part letting go",3,481108,87.37
"part moving forward",3,481111,87.37
"part oscars far",3,481114,87.37
"part overall strategy",3,481117,87.37
"part problem part",3,481120,87.37
"part segment solutions",3,481123,87.37
"part starting business",3,481126,87.37
"part stay tuned",3,481129,87.37
"part today oh",3,481132,87.37
"part woman body",3,481135,87.37
"participated last year",3,481138,87.37
"participating twitter chat",3,481141,87.37
"particular just general",3,481144,87.37
"particular political party",3,481147,87.37
"parties right corner",3,481150,87.37
"partner become part",3,481153,87.37
"party anyone know",3,481156,87.37
"party club come",3,481159,87.38
"party come fun",3,481162,87.38
"party dad left",3,481165,87.38
"party dancing comes",3,481168,87.38
"party day year",3,481171,87.38
"party december th",3,481174,87.38
"party est follow",3,481177,87.38
"party feb th",3,481180,87.38
"party get listen",3,481183,87.38
"party giving away",3,481186,87.38
"party gonna epic",3,481189,87.38
"party gonna great",3,481192,87.38
"party hard tonight",3,481195,87.38
"party head invited",3,481198,87.38
"party just door",3,481201,87.38
"party just ended",3,481204,87.38
"party ma pm",3,481207,87.38
"party night salsa",3,481210,87.38
"party night time",3,481213,87.39
"party november th",3,481216,87.39
"party october th",3,481219,87.39
"party pm today",3,481222,87.39
"party receive free",3,481225,87.39
"party robin williams",3,481228,87.39
"party south beach",3,481231,87.39
"party special event",3,481234,87.39
"party starts tip",3,481237,87.39
"party starts tonight",3,481240,87.39
"party tavern downtown",3,481243,87.39
"party th ave",3,481246,87.39
"party tonight better",3,481249,87.39
"party tonight friends",3,481252,87.39
"party tonight gonna",3,481255,87.39
"party tonight house",3,481258,87.39
"party tonight join",3,481261,87.39
"party white elephant",3,481264,87.39
"partying south beach",3,481267,87.39
"pass ap exam",3,481270,87.4
"pass let know",3,481273,87.4
"pass time road",3,481276,87.4
"pass word love",3,481279,87.4
"pass written test",3,481282,87.4
"pass www com",3,481285,87.4
"passed bed time",3,481288,87.4
"passed open access",3,481291,87.4
"passed road test",3,481294,87.4
"passes marriage bill",3,481297,87.4
"passing larry bird",3,481300,87.4
"passion night salsa",3,481303,87.4
"passion reach stars",3,481306,87.4
"password vip chicago",3,481309,87.4
"past days like",3,481312,87.4
"past days thank",3,481315,87.4
"past days thanks",3,481318,87.4
"past days time",3,481321,87.4
"past future ruin",3,481324,87.41
"past go far",3,481327,87.41
"past hurt way",3,481330,87.41
"past just regret",3,481333,87.41
"past lie becomes",3,481336,87.41
"past move forward",3,481339,87.41
"past performance guarantee",3,481342,87.41
"pasta lunch specials",3,481345,87.41
"pastry shoes party",3,481348,87.41
"patent leather shoes",3,481351,87.41
"pathetic excuse town",3,481354,87.41
"patience deal people",3,481357,87.41
"patience dreams come",3,481360,87.41
"patient stop trying",3,481363,87.41
"patient told fine",3,481366,87.41
"patio birds time",3,481369,87.41
"patio great food",3,481372,87.41
"patio open lunch",3,481375,87.41
"patio open tonight",3,481378,87.42
"patrick day fun",3,481381,87.42
"patrick day hope",3,481384,87.42
"patrick day march",3,481387,87.42
"patrick day special",3,481390,87.42
"patrick day wearing",3,481393,87.42
"patrick day years",3,481396,87.42
"patrick genius patrick",3,481399,87.42
"patrick laugh loud",3,481402,87.42
"patrick yeah get",3,481405,87.42
"patriots rob ankle",3,481408,87.42
"patron driven acquisition",3,481411,87.42
"paul boutique best",3,481414,87.42
"paul end active",3,481417,87.42
"paul last night",3,481420,87.42
"paul let know",3,481423,87.42
"paul look forward",3,481426,87.42
"paul pierce passing",3,481429,87.42
"paul pierce ray",3,481432,87.42
"pay attention detail",3,481435,87.43
"pay attention little",3,481438,87.43
"pay attention live",3,481441,87.43
"pay attention man",3,481444,87.43
"pay attention road",3,481447,87.43
"pay attention signs",3,481450,87.43
"pay cable bill",3,481453,87.43
"pay forward friday",3,481456,87.43
"pay get paid",3,481459,87.43
"pay higher taxes",3,481462,87.43
"pay laugh better",3,481465,87.43
"pay meet greet",3,481468,87.43
"pay rent live",3,481471,87.43
"paying gallon gas",3,481474,87.43
"paying money concert",3,481477,87.43
"paying paying leave",3,481480,87.43
"paying phone bill",3,481483,87.43
"pays email resume",3,481486,87.43
"pays wages employers",3,481489,87.44
"pays wages henry",3,481492,87.44
"peace adjustment life",3,481495,87.44
"peace best wishes",3,481498,87.44
"peace blessings love",3,481501,87.44
"peace girl scout",3,481504,87.44
"peace mind knowing",3,481507,87.44
"peace new year",3,481510,87.44
"peace patience kindness",3,481513,87.44
"peak www com",3,481516,87.44
"peanut butter apple",3,481519,87.44
"peanut butter dark",3,481522,87.44
"peanut butter egg",3,481525,87.44
"peanut butter fudge",3,481528,87.44
"peanut butter ms",3,481531,87.44
"peanut butter pancakes",3,481534,87.44
"peanut butter peanut",3,481537,87.44
"peanut butter vanilla",3,481540,87.44
"pearl harbor day",3,481543,87.44
"pearl snap shirt",3,481546,87.45
"pearl store today",3,481549,87.45
"peel mask info",3,481552,87.45
"pen ask hurting",3,481555,87.45
"pens game tonight",3,481558,87.45
"pentagon city mall",3,481561,87.45
"people allowed drive",3,481564,87.45
"people asking get",3,481567,87.45
"people become aware",3,481570,87.45
"people become mechanical",3,481573,87.45
"people become obsessed",3,481576,87.45
"people belong past",3,481579,87.45
"people best good",3,481582,87.45
"people better start",3,481585,87.45
"people biggest hearts",3,481588,87.45
"people buy anything",3,481591,87.45
"people buy things",3,481594,87.45
"people buy tickets",3,481597,87.45
"people cause just",3,481600,87.46
"people check new",3,481603,87.46
"people check shower",3,481606,87.46
"people choose make",3,481609,87.46
"people class think",3,481612,87.46
"people complain twitter",3,481615,87.46
"people covered week",3,481618,87.46
"people crazy days",3,481621,87.46
"people crazy seeing",3,481624,87.46
"people day long",3,481627,87.46
"people different opinions",3,481630,87.46
"people distance tell",3,481633,87.46
"people drink coffee",3,481636,87.46
"people drink drive",3,481639,87.46
"people drive cars",3,481642,87.46
"people drive make",3,481645,87.46
"people eat pizza",3,481648,87.46
"people eating disorders",3,481651,87.46
"people especially don",3,481654,87.47
"people ethical treatment",3,481657,87.47
"people expectations feel",3,481660,87.47
"people follow followers",3,481663,87.47
"people follow ok",3,481666,87.47
"people follow okay",3,481669,87.47
"people follow reason",3,481672,87.47
"people follow right",3,481675,87.47
"people follow rules",3,481678,87.47
"people follow thank",3,481681,87.47
"people follow tweets",3,481684,87.47
"people follow want",3,481687,87.47
"people forget drive",3,481690,87.47
"people forget say",3,481693,87.47
"people friends facebook",3,481696,87.47
"people get arrested",3,481699,87.47
"people get bad",3,481702,87.47
"people get cause",3,481705,87.47
"people get follow",3,481708,87.47
"people get get",3,481711,87.48
"people get job",3,481714,87.48
"people get little",3,481717,87.48
"people get make",3,481720,87.48
"people get money",3,481723,87.48
"people get new",3,481726,87.48
"people get relationship",3,481729,87.48
"people get right",3,481732,87.48
"people get tell",3,481735,87.48
"people get wrong",3,481738,87.48
"people go go",3,481741,87.48
"people go gym",3,481744,87.48
"people go like",3,481747,87.48
"people gonna get",3,481750,87.48
"people gonna go",3,481753,87.48
"people gonna start",3,481756,87.48
"people haven heard",3,481759,87.48
"people haven music",3,481762,87.48
"people having fun",3,481765,87.49
"people having right",3,481768,87.49
"people hear influenced",3,481771,87.49
"people hearts don",3,481774,87.49
"people held accountable",3,481777,87.49
"people help support",3,481780,87.49
"people house ask",3,481783,87.49
"people hurt really",3,481786,87.49
"people imagination whatsoever",3,481789,87.49
"people just follow",3,481792,87.49
"people just handle",3,481795,87.49
"people just look",3,481798,87.49
"people just mind",3,481801,87.49
"people just put",3,481804,87.49
"people just rude",3,481807,87.49
"people just shut",3,481810,87.49
"people just sitting",3,481813,87.49
"people just stay",3,481816,87.49
"people just threw",3,481819,87.5
"people just trying",3,481822,87.5
"people just ugly",3,481825,87.5
"people just wait",3,481828,87.5
"people just way",3,481831,87.5
"people know fun",3,481834,87.5
"people know make",3,481837,87.5
"people know ones",3,481840,87.5
"people know personally",3,481843,87.5
"people know put",3,481846,87.5
"people know real",3,481849,87.5
"people know start",3,481852,87.5
"people know sure",3,481855,87.5
"people know truth",3,481858,87.5
"people know understand",3,481861,87.5
"people know use",3,481864,87.5
"people last tweet",3,481867,87.5
"people learn lot",3,481870,87.5
"people learn manage",3,481873,87.5
"people learn new",3,481876,87.51
"people like bring",3,481879,87.51
"people like care",3,481882,87.51
"people like cause",3,481885,87.51
"people like free",3,481888,87.51
"people like let",3,481891,87.51
"people like play",3,481894,87.51
"people like reason",3,481897,87.51
"people like share",3,481900,87.51
"people like stop",3,481903,87.51
"people like weird",3,481906,87.51
"people lives better",3,481909,87.51
"people lost homes",3,481912,87.51
"people love brand",3,481915,87.51
"people love dance",3,481918,87.51
"people love great",3,481921,87.51
"people love junk",3,481924,87.51
"people love matter",3,481927,87.51
"people love maya",3,481930,87.52
"people love real",3,481933,87.52
"people love talk",3,481936,87.52
"people make don",3,481939,87.52
"people make easy",3,481942,87.52
"people make hard",3,481945,87.52
"people make look",3,481948,87.52
"people make mistake",3,481951,87.52
"people make plans",3,481954,87.52
"people make progress",3,481957,87.52
"people make right",3,481960,87.52
"people make take",3,481963,87.52
"people makes happy",3,481966,87.52
"people makes laugh",3,481969,87.52
"people makes want",3,481972,87.52
"people math class",3,481975,87.52
"people might actually",3,481978,87.52
"people might say",3,481981,87.52
"people might want",3,481984,87.53
"people miss silver",3,481987,87.53
"people need feel",3,481990,87.53
"people need love",3,481993,87.53
"people need loving",3,481996,87.53
"people need new",3,481999,87.53
"people need open",3,482002,87.53
"people need step",3,482005,87.53
"people parking lot",3,482008,87.53
"people play money",3,482011,87.53
"people post facebook",3,482014,87.53
"people real real",3,482017,87.53
"people realize just",3,482020,87.53
"people really annoying",3,482023,87.53
"people really believe",3,482026,87.53
"people really eat",3,482029,87.53
"people recover disaster",3,482032,87.53
"people right know",3,482035,87.53
"people right people",3,482038,87.53
"people right right",3,482041,87.54
"people run just",3,482044,87.54
"people run race",3,482047,87.54
"people running office",3,482050,87.54
"people scratch surface",3,482053,87.54
"people seem love",3,482056,87.54
"people seldom notice",3,482059,87.54
"people shake hands",3,482062,87.54
"people sit planes",3,482065,87.54
"people sober william",3,482068,87.54
"people sounds like",3,482071,87.54
"people spend lives",3,482074,87.54
"people stand charles",3,482077,87.54
"people stand edge",3,482080,87.54
"people stay home",3,482083,87.54
"people stay life",3,482086,87.54
"people strange stranger",3,482089,87.54
"people sure get",3,482092,87.54
"people talk don",3,482095,87.55
"people talk face",3,482098,87.55
"people talk mind",3,482101,87.55
"people talk movie",3,482104,87.55
"people talk need",3,482107,87.55
"people talk say",3,482110,87.55
"people talk talk",3,482113,87.55
"people talk ur",3,482116,87.55
"people talk usually",3,482119,87.55
"people telling love",3,482122,87.55
"people text like",3,482125,87.55
"people text tweet",3,482128,87.55
"people thing know",3,482131,87.55
"people think computers",3,482134,87.55
"people think crying",3,482137,87.55
"people think guy",3,482140,87.55
"people think holding",3,482143,87.55
"people think joking",3,482146,87.55
"people think life",3,482149,87.56
"people think look",3,482152,87.56
"people think maybe",3,482155,87.56
"people think need",3,482158,87.56
"people think read",3,482161,87.56
"people think rude",3,482164,87.56
"people think stuck",3,482167,87.56
"people think think",3,482170,87.56
"people think thinking",3,482173,87.56
"people think time",3,482176,87.56
"people think true",3,482179,87.56
"people think twice",3,482182,87.56
"people think twitter",3,482185,87.56
"people think world",3,482188,87.56
"people think worse",3,482191,87.56
"people thought crazy",3,482194,87.56
"people thought friends",3,482197,87.56
"people thought needed",3,482200,87.56
"people throw things",3,482203,87.56
"people tonight come",3,482206,87.57
"people tonight good",3,482209,87.57
"people truly know",3,482212,87.57
"people turn sleeves",3,482215,87.57
"people tweets just",3,482218,87.57
"people use google",3,482221,87.57
"people use like",3,482224,87.57
"people use mobile",3,482227,87.57
"people use search",3,482230,87.57
"people use talk",3,482233,87.57
"people use way",3,482236,87.57
"people usually say",3,482239,87.57
"people walk best",3,482242,87.57
"people walk life",3,482245,87.57
"people walking street",3,482248,87.57
"people walking streets",3,482251,87.57
"people wanna go",3,482254,87.57
"people want attend",3,482257,87.57
"people want better",3,482260,87.58
"people want business",3,482263,87.58
"people want connect",3,482266,87.58
"people want control",3,482269,87.58
"people want gives",3,482272,87.58
"people want live",3,482275,87.58
"people want meet",3,482278,87.58
"people want movie",3,482281,87.58
"people want own",3,482284,87.58
"people want read",3,482287,87.58
"people want share",3,482290,87.58
"people want start",3,482293,87.58
"people wasting time",3,482296,87.58
"people watch movies",3,482299,87.58
"people watch tv",3,482302,87.58
"people win prepare",3,482305,87.58
"people won know",3,482308,87.58
"people won take",3,482311,87.58
"people working home",3,482314,87.59
"people working mart",3,482317,87.59
"pepper social grill",3,482320,87.59
"pepper spray incident",3,482323,87.59
"pepper tastes like",3,482326,87.59
"peppers pizza password",3,482329,87.59
"pepsi made oh",3,482332,87.59
"pepsi wear neal",3,482335,87.59
"percent men women",3,482338,87.59
"percent new customer",3,482341,87.59
"percentage doctor visits",3,482344,87.59
"perez non save",3,482347,87.59
"perfect afternoon snack",3,482350,87.59
"perfect day baseball",3,482353,87.59
"perfect day family",3,482356,87.59
"perfect day going",3,482359,87.59
"perfect day hang",3,482362,87.59
"perfect day happy",3,482365,87.59
"perfect day kick",3,482368,87.59
"perfect day lunch",3,482371,87.6
"perfect day ride",3,482374,87.6
"perfect day rock",3,482377,87.6
"perfect day sun",3,482380,87.6
"perfect day time",3,482383,87.6
"perfect day watching",3,482386,87.6
"perfect face radio",3,482389,87.6
"perfect gift independent",3,482392,87.6
"perfect gift mom",3,482395,87.6
"perfect home moms",3,482398,87.6
"perfect just going",3,482401,87.6
"perfect love drives",3,482404,87.6
"perfect love love",3,482407,87.6
"perfect mid week",3,482410,87.6
"perfect peace mind",3,482413,87.6
"perfect person person",3,482416,87.6
"perfect road trip",3,482419,87.6
"perfect sense best",3,482422,87.6
"perfect sky torn",3,482425,87.61
"perfect sunday evening",3,482428,87.61
"perfect thanks letting",3,482431,87.61
"perform action try",3,482434,87.61
"perform big room",3,482437,87.61
"perform live pm",3,482440,87.61
"performance blew away",3,482443,87.61
"performance chris brown",3,482446,87.61
"performance good miami",3,482449,87.61
"performance guarantee future",3,482452,87.61
"performance tonight game",3,482455,87.61
"performance wait come",3,482458,87.61
"performed last night",3,482461,87.61
"performing daily acts",3,482464,87.61
"performing friday night",3,482467,87.61
"performing last night",3,482470,87.61
"performing love guys",3,482473,87.61
"performing special guest",3,482476,87.61
"performing world famous",3,482479,87.61
"perfume smell like",3,482482,87.62
"perfume smells good",3,482485,87.62
"permanent feelings temporary",3,482488,87.62
"permanent ideas living",3,482491,87.62
"permanently just temporarily",3,482494,87.62
"perry katy perry",3,482497,87.62
"perry last friday",3,482500,87.62
"perry teenage dream",3,482503,87.62
"person absolutely good",3,482506,87.62
"person act like",3,482509,87.62
"person alone wayne",3,482512,87.62
"person average person",3,482515,87.62
"person background pass",3,482518,87.62
"person born talent",3,482521,87.62
"person broke heart",3,482524,87.62
"person change future",3,482527,87.62
"person determination tommy",3,482530,87.62
"person does anything",3,482533,87.62
"person enjoy scenery",3,482536,87.63
"person exist deep",3,482539,87.63
"person falls asleep",3,482542,87.63
"person get got",3,482545,87.63
"person go follow",3,482548,87.63
"person going end",3,482551,87.63
"person good thing",3,482554,87.63
"person knows boss",3,482557,87.63
"person knows job",3,482560,87.63
"person life direct",3,482563,87.63
"person life love",3,482566,87.63
"person loves cares",3,482569,87.63
"person make feel",3,482572,87.63
"person make happen",3,482575,87.63
"person make perfectly",3,482578,87.63
"person makes mistakes",3,482581,87.63
"person number companies",3,482584,87.63
"person people know",3,482587,87.63
"person people want",3,482590,87.64
"person physical emotional",3,482593,87.64
"person plate dave",3,482596,87.64
"person promised spend",3,482599,87.64
"person really know",3,482602,87.64
"person really moment",3,482605,87.64
"person really need",3,482608,87.64
"person really really",3,482611,87.64
"person role model",3,482614,87.64
"person room knows",3,482617,87.64
"person ruins saying",3,482620,87.64
"person seem care",3,482623,87.64
"person st time",3,482626,87.64
"person tell power",3,482629,87.64
"person think night",3,482632,87.64
"person think wake",3,482635,87.64
"person tweet wins",3,482638,87.64
"personal account just",3,482641,87.64
"personal beauty greater",3,482644,87.64
"personal image brand",3,482647,87.65
"personal injury law",3,482650,87.65
"personal injury lawyer",3,482653,87.65
"personal injury lawyers",3,482656,87.65
"personal life deeply",3,482659,87.65
"personal life just",3,482662,87.65
"personal professional development",3,482665,87.65
"personal social media",3,482668,87.65
"personalities like contact",3,482671,87.65
"personally don care",3,482674,87.65
"personally don want",3,482677,87.65
"persons consider virtue",3,482680,87.65
"persons goes anywhere",3,482683,87.65
"pet allergies food",3,482686,87.65
"pet supply store",3,482689,87.65
"pet theater comedy",3,482692,87.65
"petition www com",3,482695,87.65
"pets adopted adoption",3,482698,87.65
"petty things don",3,482701,87.66
"phenomenal singer songwriter",3,482704,87.66
"phil collins air",3,482707,87.66
"phil perfect game",3,482710,87.66
"philadelphia daily news",3,482713,87.66
"philadelphia museum art",3,482716,87.66
"philly old city",3,482719,87.66
"philly open till",3,482722,87.66
"philly vs boston",3,482725,87.66
"philosophy day school",3,482728,87.66
"phoenix holding annual",3,482731,87.66
"phone don work",3,482734,87.66
"phone go sleep",3,482737,87.66
"phone gonna taken",3,482740,87.66
"phone got wet",3,482743,87.66
"phone home barely",3,482746,87.66
"phone home feel",3,482749,87.66
"phone lines kind",3,482752,87.66
"phone might get",3,482755,87.67
"phone really good",3,482758,87.67
"phone receiving texts",3,482761,87.67
"phone ring knew",3,482764,87.67
"phone ring times",3,482767,87.67
"phone service free",3,482770,87.67
"phone service play",3,482773,87.67
"phone text message",3,482776,87.67
"phones emails till",3,482779,87.67
"photo chance win",3,482782,87.67
"photo coming soon",3,482785,87.67
"photo contest win",3,482788,87.67
"photo contest winner",3,482791,87.67
"photography done get",3,482794,87.67
"photos stay tuned",3,482797,87.67
"phrase guess good",3,482800,87.67
"physical spiritual world",3,482803,87.67
"physically attractive aware",3,482806,87.67
"pi trader hair",3,482809,87.67
"piano bar water",3,482812,87.68
"pick bad habits",3,482815,87.68
"pick best actress",3,482818,87.68
"pick box office",3,482821,87.68
"pick good luck",3,482824,87.68
"pick nba draft",3,482827,87.68
"pick new york",3,482830,87.68
"pick nose eat",3,482833,87.68
"pick prom dress",3,482836,87.68
"pick today cleveland",3,482839,87.68
"pick tried mae",3,482842,87.68
"pick wonder wide",3,482845,87.68
"picking cap gown",3,482848,87.68
"picking kids school",3,482851,87.68
"picks posted today",3,482854,87.68
"picks trade jets",3,482857,87.68
"pickup line store",3,482860,87.68
"picture books children",3,482863,87.68
"picture choose best",3,482866,87.69
"picture comments return",3,482869,87.69
"picture facebook ugly",3,482872,87.69
"picture just made",3,482875,87.69
"picture justin selena",3,482878,87.69
"pictures facebook wall",3,482881,87.69
"pictures th grade",3,482884,87.69
"pie happy hour",3,482887,87.69
"pie mac cheese",3,482890,87.69
"pie straw berry",3,482893,87.69
"piece clothing own",3,482896,87.69
"piece paper put",3,482899,87.69
"piece real estate",3,482902,87.69
"pieces heart missing",3,482905,87.69
"pieces imagination book",3,482908,87.69
"pieces websites fit",3,482911,87.69
"pierce passing larry",3,482914,87.69
"pies fresh order",3,482917,87.69
"pig blanket day",3,482920,87.7
"pigs get get",3,482923,87.7
"pile moment single",3,482926,87.7
"pile rock pile",3,482929,87.7
"pillow sorry tears",3,482932,87.7
"pills stairs joan",3,482935,87.7
"pinch hit single",3,482938,87.7
"pine youth center",3,482941,87.7
"pineapple rd gates",3,482944,87.7
"pink hair red",3,482947,87.7
"pink lean finely",3,482950,87.7
"pink pink pink",3,482953,87.7
"pint vanilla porter",3,482956,87.7
"pirate steve jobs",3,482959,87.7
"pit gym richmond",3,482962,87.7
"pitch event today",3,482965,87.7
"pitch opening day",3,482968,87.7
"pitch perfect game",3,482971,87.7
"pitcher bud light",3,482974,87.7
"pitchers miller light",3,482977,87.71
"pitchers report today",3,482980,87.71
"pittsburgh www com",3,482983,87.71
"pizza eat pizza",3,482986,87.71
"pizza long island",3,482989,87.71
"pizza pizza flavored",3,482992,87.71
"pizza weekly normal",3,482995,87.71
"place art store",3,482998,87.71
"place bar broadway",3,483001,87.71
"place broadway bar",3,483004,87.71
"place btw st",3,483007,87.71
"place called earth",3,483010,87.71
"place called world",3,483013,87.71
"place civil rights",3,483016,87.71
"place don get",3,483019,87.71
"place evil look",3,483022,87.71
"place find local",3,483025,87.71
"place find new",3,483028,87.71
"place good food",3,483031,87.72
"place grab bite",3,483034,87.72
"place just like",3,483037,87.72
"place last time",3,483040,87.72
"place late night",3,483043,87.72
"place lord lay",3,483046,87.72
"place los angeles",3,483049,87.72
"place mind inner",3,483052,87.72
"place new orleans",3,483055,87.72
"place new year",3,483058,87.72
"place order email",3,483061,87.72
"place people watching",3,483064,87.72
"place stand firm",3,483067,87.72
"place stuck moment",3,483070,87.72
"place take look",3,483073,87.72
"place tonight come",3,483076,87.72
"place want right",3,483079,87.72
"placed earth people",3,483082,87.72
"places achieve need",3,483085,87.73
"places eat city",3,483088,87.73
"places told quit",3,483091,87.73
"plan ahead time",3,483094,87.73
"plan cut spending",3,483097,87.73
"plan early week",3,483100,87.73
"plan good idea",3,483103,87.73
"plan nyc trip",3,483106,87.73
"plan spring break",3,483109,87.73
"plan trip soon",3,483112,87.73
"plane indy play",3,483115,87.73
"planet earth aliens",3,483118,87.73
"planet last night",3,483121,87.73
"planet water foundation",3,483124,87.73
"planned parenthood funding",3,483127,87.73
"planning birthday party",3,483130,87.73
"planning coming soon",3,483133,87.73
"planning friday night",3,483136,87.73
"planning going year",3,483139,87.73
"planning health care",3,483142,87.74
"planning part does",3,483145,87.74
"planning th got",3,483148,87.74
"plans aim high",3,483151,87.74
"plans come get",3,483154,87.74
"plans get ruined",3,483157,87.74
"plans june th",3,483160,87.74
"plans labor day",3,483163,87.74
"plans memorial day",3,483166,87.74
"plans super bowl",3,483169,87.74
"plans tomorrow going",3,483172,87.74
"plans tonight get",3,483175,87.74
"plans tonight head",3,483178,87.74
"plant manager candidates",3,483181,87.74
"plant own garden",3,483184,87.74
"planting wisdom tree",3,483187,87.74
"plants did pretend",3,483190,87.74
"plastic bag head",3,483193,87.74
"plastic grocery bags",3,483196,87.75
"plate eggs porch",3,483199,87.75
"plate specials menu",3,483202,87.75
"platform support new",3,483205,87.75
"platinum miller light",3,483208,87.75
"play ask questions",3,483211,87.75
"play beautiful mistake",3,483214,87.75
"play best games",3,483217,87.75
"play big part",3,483220,87.75
"play big role",3,483223,87.75
"play close women",3,483226,87.75
"play coffee house",3,483229,87.75
"play coming soon",3,483232,87.75
"play develop succeed",3,483235,87.75
"play don know",3,483238,87.75
"play face certain",3,483241,87.75
"play football season",3,483244,87.75
"play game beat",3,483247,87.75
"play game got",3,483250,87.75
"play game play",3,483253,87.76
"play game take",3,483256,87.76
"play game tonight",3,483259,87.76
"play good kind",3,483262,87.76
"play good music",3,483265,87.76
"play hockey game",3,483268,87.76
"play huge role",3,483271,87.76
"play indoor soccer",3,483274,87.76
"play let play",3,483277,87.76
"play living room",3,483280,87.76
"play liz taylor",3,483283,87.76
"play love game",3,483286,87.76
"play multiple instruments",3,483289,87.76
"play new music",3,483292,87.76
"play pac man",3,483295,87.76
"play poker tonight",3,483298,87.76
"play right away",3,483301,87.76
"play san antonio",3,483304,87.76
"play saturday night",3,483307,87.77
"play shake roll",3,483310,87.77
"play slow jams",3,483313,87.77
"play social media",3,483316,87.77
"play softball tonight",3,483319,87.77
"play stand bass",3,483322,87.77
"play star game",3,483325,87.77
"play takes place",3,483328,87.77
"play whitney houston",3,483331,87.77
"play written act",3,483334,87.77
"play yr old",3,483337,87.77
"played achieve species",3,483340,87.77
"played frank ocean",3,483343,87.77
"played games last",3,483346,87.77
"played great defense",3,483349,87.77
"played huge role",3,483352,87.77
"played last game",3,483355,87.77
"played like today",3,483358,87.77
"played mind tonight",3,483361,87.78
"played rules right",3,483364,87.78
"played super bowl",3,483367,87.78
"played video games",3,483370,87.78
"player feel like",3,483373,87.78
"player high school",3,483376,87.78
"player just crush",3,483379,87.78
"player just like",3,483382,87.78
"player looks like",3,483385,87.78
"player nba right",3,483388,87.78
"player profile today",3,483391,87.78
"player want play",3,483394,87.78
"players don care",3,483397,87.78
"players don need",3,483400,87.78
"players get paid",3,483403,87.78
"players live red",3,483406,87.78
"players really like",3,483409,87.78
"playing ball weekend",3,483412,87.78
"playing big boys",3,483415,87.78
"playing big east",3,483418,87.79
"playing block party",3,483421,87.79
"playing bottom hill",3,483424,87.79
"playing card game",3,483427,87.79
"playing cd release",3,483430,87.79
"playing coffee shop",3,483433,87.79
"playing cup tonight",3,483436,87.79
"playing fantasy football",3,483439,87.79
"playing favorite song",3,483442,87.79
"playing football year",3,483445,87.79
"playing getting ready",3,483448,87.79
"playing good stuff",3,483451,87.79
"playing great stuff",3,483454,87.79
"playing grocery store",3,483457,87.79
"playing guitar hero",3,483460,87.79
"playing guitar singing",3,483463,87.79
"playing johnny cash",3,483466,87.79
"playing june th",3,483469,87.79
"playing last game",3,483472,87.8
"playing looks like",3,483475,87.8
"playing los angeles",3,483478,87.8
"playing non stop",3,483481,87.8
"playing oliver holmes",3,483484,87.8
"playing short set",3,483487,87.8
"playing star game",3,483490,87.8
"playing stuff thought",3,483493,87.8
"playing time year",3,483496,87.8
"playing tomorrow morning",3,483499,87.8
"playing tower bar",3,483502,87.8
"playing waiting game",3,483505,87.8
"playing water street",3,483508,87.8
"playing whitney houston",3,483511,87.8
"playoff games year",3,483514,87.8
"playoffs start week",3,483517,87.8
"plays key role",3,483520,87.8
"plays major role",3,483523,87.8
"plaza west lawn",3,483526,87.81
"pleasing nearly impossible",3,483529,87.81
"pleasure getting know",3,483532,87.81
"pleasure great connect",3,483535,87.81
"pleasure great meet",3,483538,87.81
"pleasure great post",3,483541,87.81
"pleasure great work",3,483544,87.81
"pleasure hope having",3,483547,87.81
"pleasure thanks doing",3,483550,87.81
"pleasure thanks following",3,483553,87.81
"pleasure week favorite",3,483556,87.81
"plenty happiness help",3,483559,87.81
"plenty luck good",3,483562,87.81
"plenty people love",3,483565,87.81
"plug make feel",3,483568,87.81
"plus get take",3,483571,87.81
"plus last night",3,483574,87.81
"pm arrive early",3,483577,87.81
"pm boston bay",3,483580,87.81
"pm bud light",3,483583,87.82
"pm buy bounty",3,483586,87.82
"pm buy gold",3,483589,87.82
"pm buy pm",3,483592,87.82
"pm carroll st",3,483595,87.82
"pm cash prize",3,483598,87.82
"pm come cheer",3,483601,87.82
"pm come come",3,483604,87.82
"pm come free",3,483607,87.82
"pm come great",3,483610,87.82
"pm come help",3,483613,87.82
"pm come jam",3,483616,87.82
"pm come laugh",3,483619,87.82
"pm come try",3,483622,87.82
"pm email info",3,483625,87.82
"pm enjoy happy",3,483628,87.82
"pm est new",3,483631,87.82
"pm est tv",3,483634,87.82
"pm friday pm",3,483637,87.83
"pm fridays saturdays",3,483640,87.83
"pm go enjoy",3,483643,87.83
"pm go sleep",3,483646,87.83
"pm go www",3,483649,87.83
"pm going good",3,483652,87.83
"pm going great",3,483655,87.83
"pm good luck",3,483658,87.83
"pm good time",3,483661,87.83
"pm gotta love",3,483664,87.83
"pm grad student",3,483667,87.83
"pm great food",3,483670,87.83
"pm great time",3,483673,87.83
"pm great wine",3,483676,87.83
"pm hbo get",3,483679,87.83
"pm history get",3,483682,87.83
"pm hope join",3,483685,87.83
"pm john sessions",3,483688,87.83
"pm just getting",3,483691,87.84
"pm just say",3,483694,87.84
"pm last week",3,483697,87.84
"pm let get",3,483700,87.84
"pm lincoln hall",3,483703,87.84
"pm live performances",3,483706,87.84
"pm looks like",3,483709,87.84
"pm michigan ave",3,483712,87.84
"pm midnight tonight",3,483715,87.84
"pm miller bottles",3,483718,87.84
"pm mobile pm",3,483721,87.84
"pm monday pm",3,483724,87.84
"pm musicians free",3,483727,87.84
"pm need support",3,483730,87.84
"pm new book",3,483733,87.84
"pm new years",3,483736,87.84
"pm oct th",3,483739,87.84
"pm palm beach",3,483742,87.84
"pm pm ct",3,483745,87.84
"pm pm drinks",3,483748,87.85
"pm pm fun",3,483751,87.85
"pm pm go",3,483754,87.85
"pm pm hotel",3,483757,87.85
"pm pm just",3,483760,87.85
"pm pm live",3,483763,87.85
"pm pm milwaukee",3,483766,87.85
"pm pm mobile",3,483769,87.85
"pm pm post",3,483772,87.85
"pm pm room",3,483775,87.85
"pm pm sun",3,483778,87.85
"pm pm tomorrow",3,483781,87.85
"pm pm wine",3,483784,87.85
"pm proceeds benefit",3,483787,87.85
"pm pt tune",3,483790,87.85
"pm rail drinks",3,483793,87.85
"pm sample italian",3,483796,87.85
"pm saturday sunday",3,483799,87.85
"pm stop dinner",3,483802,87.86
"pm stop visit",3,483805,87.86
"pm sun thurs",3,483808,87.86
"pm th th",3,483811,87.86
"pm till closing",3,483814,87.86
"pm time make",3,483817,87.86
"pm time pm",3,483820,87.86
"pm today check",3,483823,87.86
"pm today free",3,483826,87.86
"pm today hope",3,483829,87.86
"pm today open",3,483832,87.86
"pm today pm",3,483835,87.86
"pm today set",3,483838,87.86
"pm today west",3,483841,87.86
"pm today www",3,483844,87.86
"pm tonight go",3,483847,87.86
"pm tune fm",3,483850,87.86
"pm www tv",3,483853,87.86
"pocket full cash",3,483856,87.87
"pocket full money",3,483859,87.87
"pockets busy world",3,483862,87.87
"podcast tokyo calling",3,483865,87.87
"poetry might defined",3,483868,87.87
"point lead left",3,483871,87.87
"point life don",3,483874,87.87
"point life just",3,483877,87.87
"point ocean beach",3,483880,87.87
"point people want",3,483883,87.87
"point set match",3,483886,87.87
"point works great",3,483889,87.87
"points ha ha",3,483892,87.87
"points impossible endure",3,483895,87.87
"points play dough",3,483898,87.87
"points second half",3,483901,87.87
"poised creation uses",3,483904,87.87
"poke poke poke",3,483907,87.87
"poke war facebook",3,483910,87.87
"poker licensed based",3,483913,87.88
"poker licensing support",3,483916,87.88
"poker room today",3,483919,87.88
"poker support licensing",3,483922,87.88
"poker tournament buy",3,483925,87.88
"poland spring water",3,483928,87.88
"police chief ed",3,483931,87.88
"police code zombie",3,483934,87.88
"police evidence world",3,483937,87.88
"policies change principles",3,483940,87.88
"policies principles policies",3,483943,87.88
"political art timeline",3,483946,87.88
"politics art looking",3,483949,87.88
"pool throw fish",3,483952,87.88
"pool time get",3,483955,87.88
"poor ghetto girl",3,483958,87.88
"poor give rich",3,483961,87.88
"poor homeless guy",3,483964,87.88
"poor little homeless",3,483967,87.89
"poor man family",3,483970,87.89
"poor man version",3,483973,87.89
"poor people rich",3,483976,87.89
"poor shot selection",3,483979,87.89
"pop music southern",3,483982,87.89
"pop people tonight",3,483985,87.89
"pop say hi",3,483988,87.89
"popcorn co oakland",3,483991,87.89
"popular beverage world",3,483994,87.89
"popular drink world",3,483997,87.89
"population able read",3,484000,87.89
"pork chop served",3,484003,87.89
"pork garden ingredients",3,484006,87.89
"pork pineapple sausage",3,484009,87.89
"port authority bus",3,484012,87.89
"portable dvd player",3,484015,87.89
"portland give email",3,484018,87.89
"portland saturday market",3,484021,87.89
"portland www com",3,484024,87.9
"position maybe break",3,484027,87.9
"positive don let",3,484030,87.9
"positive effect community",3,484033,87.9
"positive energy world",3,484036,87.9
"positive healthy thoughts",3,484039,87.9
"positive impact students",3,484042,87.9
"positive negative affect",3,484045,87.9
"positive optimistic determined",3,484048,87.9
"positive things happening",3,484051,87.9
"positive thinking days",3,484054,87.9
"positive thoughts good",3,484057,87.9
"positive thoughts positive",3,484060,87.9
"possessions gold happiness",3,484063,87.9
"possibility live life",3,484066,87.9
"possible got nerve",3,484069,87.9
"possible life les",3,484072,87.9
"possible simpler albert",3,484075,87.9
"possible super bowl",3,484078,87.91
"post blog email",3,484081,87.91
"post chance win",3,484084,87.91
"post continued communication",3,484087,87.91
"post get chance",3,484090,87.91
"post link available",3,484093,87.91
"post new orleans",3,484096,87.91
"post picture later",3,484099,87.91
"post picture wearing",3,484102,87.91
"post pictures soon",3,484105,87.91
"post production client",3,484108,87.91
"post seems like",3,484111,87.91
"post spring break",3,484114,87.91
"post traumatic stress",3,484117,87.91
"post twitter facebook",3,484120,87.91
"post union beach",3,484123,87.91
"post videos soon",3,484126,87.91
"post workout protein",3,484129,87.91
"post workout shake",3,484132,87.92
"posted new blog",3,484135,87.92
"posted new paper",3,484138,87.92
"posted release date",3,484141,87.92
"posted things go",3,484144,87.92
"poster printing nyc",3,484147,87.92
"posters shirts business",3,484150,87.92
"posting horrible things",3,484153,87.92
"posting pictures facebook",3,484156,87.92
"posts last night",3,484159,87.92
"posts record billion",3,484162,87.92
"potato come celebrate",3,484165,87.92
"potato sausage today",3,484168,87.92
"potential major winter",3,484171,87.92
"potential models join",3,484174,87.92
"potential new client",3,484177,87.92
"potter boy lived",3,484180,87.92
"potter harry potter",3,484183,87.92
"power attract itself",3,484186,87.92
"power code drivers",3,484189,87.93
"power deleted blocked",3,484192,87.93
"power happiness common",3,484195,87.93
"power happy hour",3,484198,87.93
"power just go",3,484201,87.93
"power just take",3,484204,87.93
"power make people",3,484207,87.93
"power wash patio",3,484210,87.93
"powerful cure person",3,484213,87.93
"powerful easy use",3,484216,87.93
"powerful idea time",3,484219,87.93
"powerful message today",3,484222,87.93
"powerful thoughts think",3,484225,87.93
"pr pitch inbox",3,484228,87.93
"practice early morning",3,484231,87.93
"practice make sure",3,484234,87.93
"practice medicine art",3,484237,87.93
"practice practice makes",3,484240,87.93
"practice surgery martin",3,484243,87.94
"practice tomorrow morning",3,484246,87.94
"practice tonight got",3,484249,87.94
"practice tonight pm",3,484252,87.94
"practice tonight wait",3,484255,87.94
"praise amen love",3,484258,87.94
"praise losers winner",3,484261,87.94
"pray preserve health",3,484264,87.94
"pray speedy recovery",3,484267,87.94
"pray tonight forget",3,484270,87.94
"prayer app useful",3,484273,87.94
"prayer say entire",3,484276,87.94
"prayers entire family",3,484279,87.94
"prayers positive energy",3,484282,87.94
"praying happiness hope",3,484285,87.94
"precious gift give",3,484288,87.94
"precious possession comes",3,484291,87.94
"precise latest shot",3,484294,87.94
"precise version single",3,484297,87.95
"predators fans nhl",3,484300,87.95
"pregnant everyday like",3,484303,87.95
"pregnant women children",3,484306,87.95
"premier league season",3,484309,87.95
"premiere international film",3,484312,87.95
"premiere red carpet",3,484315,87.95
"premiere tonight wait",3,484318,87.95
"premise function leadership",3,484321,87.95
"preparation key success",3,484324,87.95
"preparing full day",3,484327,87.95
"prescription discounts save",3,484330,87.95
"presence add value",3,484333,87.95
"presence make impact",3,484336,87.95
"present help trouble",3,484339,87.95
"present moment contains",3,484342,87.95
"presentation presentation brain",3,484345,87.95
"presentation study large",3,484348,87.95
"presentation tip decide",3,484351,87.95
"presented sterling bank",3,484354,87.96
"presenting social media",3,484357,87.96
"presents birthdays wow",3,484360,87.96
"preserve health life",3,484363,87.96
"president assured tomorrow",3,484366,87.96
"president big stick",3,484369,87.96
"president fan club",3,484372,87.96
"president general gal",3,484375,87.96
"president jimmy carter",3,484378,87.96
"president john kennedy",3,484381,87.96
"president obama address",3,484384,87.96
"president obama announced",3,484387,87.96
"president obama announcement",3,484390,87.96
"president obama born",3,484393,87.96
"president obama came",3,484396,87.96
"president obama don",3,484399,87.96
"president obama just",3,484402,87.96
"president obama probably",3,484405,87.96
"president obama slow",3,484408,87.97
"president obama speak",3,484411,87.97
"president obama taking",3,484414,87.97
"president state union",3,484417,87.97
"presidential election year",3,484420,87.97
"press book arthur",3,484423,87.97
"press club awards",3,484426,87.97
"press conference just",3,484429,87.97
"press conference like",3,484432,87.97
"press conference new",3,484435,87.97
"press conference room",3,484438,87.97
"press david gregory",3,484441,87.97
"press release cause",3,484444,87.97
"press release tomorrow",3,484447,87.97
"press say loved",3,484450,87.97
"pressure high cholesterol",3,484453,87.97
"pressure makes diamonds",3,484456,87.97
"pressure mb humidity",3,484459,87.97
"pretend like care",3,484462,87.98
"pretend like happened",3,484465,87.98
"pretend like know",3,484468,87.98
"pretend nice people",3,484471,87.98
"pretend person exist",3,484474,87.98
"pretending present love",3,484477,87.98
"pretty awesome don",3,484480,87.98
"pretty awesome fun",3,484483,87.98
"pretty awesome like",3,484486,87.98
"pretty awesome miss",3,484489,87.98
"pretty awesome pretty",3,484492,87.98
"pretty awesome today",3,484495,87.98
"pretty awesome wish",3,484498,87.98
"pretty busy day",3,484501,87.98
"pretty busy lately",3,484504,87.98
"pretty busy today",3,484507,87.98
"pretty close just",3,484510,87.98
"pretty close perfect",3,484513,87.98
"pretty cool ask",3,484516,87.98
"pretty cool glad",3,484519,87.99
"pretty cool looks",3,484522,87.99
"pretty cool music",3,484525,87.99
"pretty cool talk",3,484528,87.99
"pretty cool thank",3,484531,87.99
"pretty cool thing",3,484534,87.99
"pretty cool wish",3,484537,87.99
"pretty crazy huh",3,484540,87.99
"pretty darn excited",3,484543,87.99
"pretty darn happy",3,484546,87.99
"pretty darn interesting",3,484549,87.99
"pretty decent job",3,484552,87.99
"pretty easy get",3,484555,87.99
"pretty easy think",3,484558,87.99
"pretty fun today",3,484561,87.99
"pretty fun watch",3,484564,87.99
"pretty hate hate",3,484567,87.99
"pretty impressive group",3,484570,87.99
"pretty like beautiful",3,484573,88
"pretty neat stuff",3,484576,88
"pretty own way",3,484579,88
"pretty personality makes",3,484582,88
"pretty pretty follow",3,484585,88
"pretty won believe",3,484588,88
"prevent old age",3,484591,88
"preview feb th",3,484594,88
"price bottles open",3,484597,88
"price including basic",3,484600,88
"price let know",3,484603,88
"price right jay",3,484606,88
"price willing pay",3,484609,88
"prices kids care",3,484612,88
"prices new york",3,484615,88
"pride far come",3,484618,88
"pride girl courage",3,484621,88
"pride self esteem",3,484624,88
"primary mode transportation",3,484627,88.01
"prime rib oz",3,484630,88.01
"prime time game",3,484633,88.01
"prince charming come",3,484636,88.01
"prince edward island",3,484639,88.01
"princess proof born",3,484642,88.01
"princeton day school",3,484645,88.01
"princeton farmer market",3,484648,88.01
"principles john maxwell",3,484651,88.01
"principles policies change",3,484654,88.01
"print boarding pass",3,484657,88.01
"printed boarding pass",3,484660,88.01
"printed twitter feed",3,484663,88.01
"printing screen printing",3,484666,88.01
"prints used identify",3,484669,88.01
"priorities go work",3,484672,88.01
"prison industrial complex",3,484675,88.01
"prisoners fate prisoners",3,484678,88.01
"prisoners own minds",3,484681,88.01
"private event open",3,484684,88.02
"private event wedding",3,484687,88.02
"private message twitter",3,484690,88.02
"private party sorry",3,484693,88.02
"private sector employment",3,484696,88.02
"private sector workers",3,484699,88.02
"prize pack winners",3,484702,88.02
"prizes include bike",3,484705,88.02
"prizes send direct",3,484708,88.02
"pro baseball player",3,484711,88.02
"pro tip don",3,484714,88.02
"pro unlimited virtual",3,484717,88.02
"probably better chance",3,484720,88.02
"probably better idea",3,484723,88.02
"probably don remember",3,484726,88.02
"probably favorite song",3,484729,88.02
"probably high school",3,484732,88.02
"probably know know",3,484735,88.02
"probably last thing",3,484738,88.03
"probably last tweet",3,484741,88.03
"probably let know",3,484744,88.03
"probably make life",3,484747,88.03
"probably make money",3,484750,88.03
"probably old news",3,484753,88.03
"probably quite skinny",3,484756,88.03
"probably reading tweet",3,484759,88.03
"probably think tweet",3,484762,88.03
"probably worry people",3,484765,88.03
"problem beauty like",3,484768,88.03
"problem education problem",3,484771,88.03
"problem great work",3,484774,88.03
"problem hands rubber",3,484777,88.03
"problem hour days",3,484780,88.03
"problem love music",3,484783,88.03
"problem people sober",3,484786,88.03
"problem really like",3,484789,88.03
"problem really want",3,484792,88.03
"problem try angle",3,484795,88.04
"problem world fools",3,484798,88.04
"problems last night",3,484801,88.04
"problems man made",3,484804,88.04
"problems must done",3,484807,88.04
"procedure cats difficult",3,484810,88.04
"process works question",3,484813,88.04
"produce tv commercials",3,484816,88.04
"produced vast population",3,484819,88.04
"producer just got",3,484822,88.04
"producer mention tweet",3,484825,88.04
"producers told adele",3,484828,88.04
"product lifelong attempt",3,484831,88.04
"product placement deal",3,484834,88.04
"product service business",3,484837,88.04
"production club meeting",3,484840,88.04
"production company today",3,484843,88.04
"production graphic design",3,484846,88.04
"production meeting today",3,484849,88.05
"productions last judgment",3,484852,88.05
"productive day did",3,484855,88.05
"productive day go",3,484858,88.05
"productive day going",3,484861,88.05
"productive day good",3,484864,88.05
"productive day happy",3,484867,88.05
"productive day little",3,484870,88.05
"productive day meetings",3,484873,88.05
"productive day way",3,484876,88.05
"productive day year",3,484879,88.05
"productivity applications market",3,484882,88.05
"products colors coming",3,484885,88.05
"products customers seth",3,484888,88.05
"products find products",3,484891,88.05
"professional clothing drive",3,484894,88.05
"professional credentials ones",3,484897,88.05
"professor harry potter",3,484900,88.05
"profile great follows",3,484903,88.06
"program let know",3,484906,88.06
"program says event",3,484909,88.06
"programs keep kids",3,484912,88.06
"progress made far",3,484915,88.06
"progress nicholas murray",3,484918,88.06
"progress rocking horse",3,484921,88.06
"progress using lose",3,484924,88.06
"progress words improvement",3,484927,88.06
"progressive reform vote",3,484930,88.06
"project don know",3,484933,88.06
"project feels like",3,484936,88.06
"project haven started",3,484939,88.06
"project management system",3,484942,88.06
"project manager must",3,484945,88.06
"project manager project",3,484948,88.06
"project restaurant week",3,484951,88.06
"project send email",3,484954,88.06
"project wish luck",3,484957,88.06
"projects keep busy",3,484960,88.07
"prom hair makeup",3,484963,88.07
"prom help make",3,484966,88.07
"prom king queen",3,484969,88.07
"prom social occasion",3,484972,88.07
"promise fix problems",3,484975,88.07
"promise live life",3,484978,88.07
"promise love forever",3,484981,88.07
"promise stick way",3,484984,88.07
"promise won make",3,484987,88.07
"promised spend forever",3,484990,88.07
"promises hopes plans",3,484993,88.07
"promises know keep",3,484996,88.07
"promo box com",3,484999,88.07
"promo cd covers",3,485002,88.07
"promo coming soon",3,485005,88.07
"promote efficient charities",3,485008,88.07
"promote health hs",3,485011,88.07
"promotion email get",3,485014,88.08
"promotion site url",3,485017,88.08
"proof achieve abraham",3,485020,88.08
"proof born raised",3,485023,88.08
"properties sale deeply",3,485026,88.08
"property comes result",3,485029,88.08
"proposed extension bar",3,485032,88.08
"prosecutor dave chapman",3,485035,88.08
"protect love love",3,485038,88.08
"proud called angel",3,485041,88.08
"proud keep doing",3,485044,88.08
"proud keep working",3,485047,88.08
"proud looking forward",3,485050,88.08
"proud love austin",3,485053,88.08
"proud new member",3,485056,88.08
"proud ray beauty",3,485059,88.08
"proud serve community",3,485062,88.08
"proud sponsor heels",3,485065,88.08
"proud teammates way",3,485068,88.09
"proven track record",3,485071,88.09
"proverb happy mother",3,485074,88.09
"proves sense humor",3,485077,88.09
"provide email send",3,485080,88.09
"provide quality specialty",3,485083,88.09
"provider law firm",3,485086,88.09
"provider tv series",3,485089,88.09
"provides service product",3,485092,88.09
"provides solution based",3,485095,88.09
"ps happy birthday",3,485098,88.09
"ps last year",3,485101,88.09
"psalm trust lord",3,485104,88.09
"pt hitting bottom",3,485107,88.09
"public academic libraries",3,485110,88.09
"public elementary school",3,485113,88.09
"public health risk",3,485116,88.09
"public health safety",3,485119,88.09
"public higher education",3,485122,88.09
"public libraries provide",3,485125,88.1
"publication issue available",3,485128,88.1
"pull covers punch",3,485131,88.1
"pull dow positive",3,485134,88.1
"pull dow zero",3,485137,88.1
"pull really love",3,485140,88.1
"pull win tonight",3,485143,88.1
"pulled goals just",3,485146,88.1
"pulling like moon",3,485149,88.1
"pulls close body",3,485152,88.1
"pump long hard",3,485155,88.1
"pumped kicks just",3,485158,88.1
"pumpkin charlie brown",3,485161,88.1
"pumpkin cup cakes",3,485164,88.1
"pumpkin pie ice",3,485167,88.1
"punch bowl poll",3,485170,88.1
"punch drink latte",3,485173,88.1
"purchase deal twitter",3,485176,88.1
"purchase pack single",3,485179,88.11
"purchase store details",3,485182,88.11
"purchased www com",3,485185,88.11
"purchases use promo",3,485188,88.11
"pure joy follows",3,485191,88.11
"purple coming soon",3,485194,88.11
"pursuit happiness just",3,485197,88.11
"push ups followed",3,485200,88.11
"put banana ear",3,485203,88.11
"put brand new",3,485206,88.11
"put clothes away",3,485209,88.11
"put dawn reese",3,485212,88.11
"put diamonds floor",3,485215,88.11
"put effort don",3,485218,88.11
"put effort relationship",3,485221,88.11
"put face close",3,485224,88.11
"put face voice",3,485227,88.11
"put facebook page",3,485230,88.11
"put feet right",3,485233,88.12
"put flash drive",3,485236,88.12
"put game just",3,485239,88.12
"put hand heart",3,485242,88.12
"put hash tag",3,485245,88.12
"put haven heard",3,485248,88.12
"put huge smile",3,485251,88.12
"put just make",3,485254,88.12
"put last tweet",3,485257,88.12
"put life line",3,485260,88.12
"put life right",3,485263,88.12
"put list people",3,485266,88.12
"put little bit",3,485269,88.12
"put little end",3,485272,88.12
"put living week",3,485275,88.12
"put local entrepreneurs",3,485278,88.12
"put look face",3,485281,88.12
"put lot people",3,485284,88.12
"put lot thought",3,485287,88.12
"put lot work",3,485290,88.13
"put love song",3,485293,88.13
"put media vip",3,485296,88.13
"put nonsense long",3,485299,88.13
"put people feelings",3,485302,88.13
"put people reckless",3,485305,88.13
"put picture get",3,485308,88.13
"put position win",3,485311,88.13
"put press release",3,485314,88.13
"put puck net",3,485317,88.13
"put screaming baby",3,485320,88.13
"put slowly ouch",3,485323,88.13
"put time effort",3,485326,88.13
"put trust lord",3,485329,88.13
"put twitter facebook",3,485332,88.13
"put ur list",3,485335,88.13
"put ur mind",3,485338,88.13
"put ur video",3,485341,88.13
"put waiting list",3,485344,88.14
"put winter coat",3,485347,88.14
"put wish list",3,485350,88.14
"put words necessary",3,485353,88.14
"put yo guard",3,485356,88.14
"puts hair chest",3,485359,88.14
"putting brand new",3,485362,88.14
"putting calling day",3,485365,88.14
"putting fake smile",3,485368,88.14
"putting kids bed",3,485371,88.14
"putting new songs",3,485374,88.14
"putting new stuff",3,485377,88.14
"putting new video",3,485380,88.14
"putting way long",3,485383,88.14
"putting words mouth",3,485386,88.14
"quality customer service",3,485389,88.14
"quality equipment certified",3,485392,88.14
"quality family time",3,485395,88.14
"quality life enjoy",3,485398,88.15
"quality life improved",3,485401,88.15
"quality life years",3,485404,88.15
"quality low prices",3,485407,88.15
"quality public education",3,485410,88.15
"quality social media",3,485413,88.15
"quartet tonight pm",3,485416,88.15
"queen don just",3,485419,88.15
"queen last night",3,485422,88.15
"question answer ask",3,485425,88.15
"question ask attorneys",3,485428,88.15
"question did find",3,485431,88.15
"question did take",3,485434,88.15
"question free time",3,485437,88.15
"question get answer",3,485440,88.15
"question haven heard",3,485443,88.15
"question league extraordinary",3,485446,88.15
"question like answer",3,485449,88.15
"question like ask",3,485452,88.15
"question multiple choice",3,485455,88.16
"question pm today",3,485458,88.16
"question presents guilty",3,485461,88.16
"question reality hosted",3,485464,88.16
"question really just",3,485467,88.16
"question really want",3,485470,88.16
"question sunday worship",3,485473,88.16
"questions ask anything",3,485476,88.16
"questions get asked",3,485479,88.16
"questions glad help",3,485482,88.16
"questions helping plan",3,485485,88.16
"questions ill answer",3,485488,88.16
"questions need answered",3,485491,88.16
"questions need help",3,485494,88.16
"questions social media",3,485497,88.16
"questions today pm",3,485500,88.16
"quick bike ride",3,485503,88.16
"quick easy recipes",3,485506,88.16
"quick easy way",3,485509,88.17
"quick green fox",3,485512,88.17
"quick long massage",3,485515,88.17
"quick noon just",3,485518,88.17
"quick trip excited",3,485521,88.17
"quick weekend trip",3,485524,88.17
"quiet calling mom",3,485527,88.17
"quiet listen closely",3,485530,88.17
"quiet night tonight",3,485533,88.17
"quiet time morning",3,485536,88.17
"quit becomes habit",3,485539,88.17
"quit smoking cigarettes",3,485542,88.17
"quit smoking today",3,485545,88.17
"quit trying make",3,485548,88.17
"quit use fool",3,485551,88.17
"quite good time",3,485554,88.17
"quite looking forward",3,485557,88.17
"quite welcome thanks",3,485560,88.17
"quote day kindness",3,485563,88.18
"quote day know",3,485566,88.18
"quote day life",3,485569,88.18
"quote day live",3,485572,88.18
"quote day love",3,485575,88.18
"quote day right",3,485578,88.18
"quote day smile",3,485581,88.18
"quote day want",3,485584,88.18
"quote mark twain",3,485587,88.18
"quotes classic books",3,485590,88.18
"quotes clients way",3,485593,88.18
"quotes song lyrics",3,485596,88.18
"race cure saturday",3,485599,88.18
"race day go",3,485602,88.18
"race driver sports",3,485605,88.18
"race finish line",3,485608,88.18
"race given swift",3,485611,88.18
"race social justice",3,485614,88.18
"racing fun get",3,485617,88.18
"racing fun tired",3,485620,88.19
"racing heart beat",3,485623,88.19
"radio city christmas",3,485626,88.19
"radio interview going",3,485629,88.19
"radio interview today",3,485632,88.19
"radio long time",3,485635,88.19
"radio look window",3,485638,88.19
"radio made day",3,485641,88.19
"radio spelling bee",3,485644,88.19
"rain better stop",3,485647,88.19
"rain boots today",3,485650,88.19
"rain cuddle weather",3,485653,88.19
"rain drizzle hurricane",3,485656,88.19
"rain just get",3,485659,88.19
"rain looking forward",3,485662,88.19
"rain makes want",3,485665,88.19
"rain parade jealous",3,485668,88.19
"rain reply people",3,485671,88.19
"rain shine open",3,485674,88.2
"rain today hope",3,485677,88.2
"rainbow eyes tears",3,485680,88.2
"raining dogs umbrella",3,485683,88.2
"raining hard outside",3,485686,88.2
"raining hard sounds",3,485689,88.2
"raining hard thunder",3,485692,88.2
"raining pretty hard",3,485695,88.2
"rainy day florida",3,485698,88.2
"rainy day get",3,485701,88.2
"rainy day home",3,485704,88.2
"rainy day love",3,485707,88.2
"rainy day movie",3,485710,88.2
"rainy nights like",3,485713,88.2
"rainy saturday morning",3,485716,88.2
"raise awareness help",3,485719,88.2
"raise hand class",3,485722,88.2
"raise hand thought",3,485725,88.2
"raised loud honest",3,485728,88.2
"raises hand hands",3,485731,88.21
"raises money research",3,485734,88.21
"rally day fired",3,485737,88.21
"rally rally rally",3,485740,88.21
"ran brick wall",3,485743,88.21
"ran miles yesterday",3,485746,88.21
"ranch blue cheese",3,485749,88.21
"random shout outs",3,485752,88.21
"random things people",3,485755,88.21
"random thought day",3,485758,88.21
"random wet spot",3,485761,88.21
"randomly came head",3,485764,88.21
"rangers ballpark arlington",3,485767,88.21
"rangers best team",3,485770,88.21
"rangers going world",3,485773,88.21
"rangers let go",3,485776,88.21
"rangers playoff game",3,485779,88.21
"rangers vs devils",3,485782,88.21
"rangers vs kings",3,485785,88.22
"rap math city",3,485788,88.22
"rapper big arrested",3,485791,88.22
"rare classified super",3,485794,88.22
"rare guy love",3,485797,88.22
"rarely check twitter",3,485800,88.22
"rarely take time",3,485803,88.22
"rational choice theory",3,485806,88.22
"rats vs mob",3,485809,88.22
"ravens lb tore",3,485812,88.22
"raw almond milk",3,485815,88.22
"raw kale salad",3,485818,88.22
"raw wednesday club",3,485821,88.22
"ray charles tribute",3,485824,88.22
"ray found whitney",3,485827,88.22
"ray mission impossible",3,485830,88.22
"ray ray love",3,485833,88.22
"rd annual bachelor",3,485836,88.22
"rd central nm",3,485839,88.23
"rd consecutive year",3,485842,88.23
"rd day install",3,485845,88.23
"rd day rose",3,485848,88.23
"rd day school",3,485851,88.23
"rd district democrats",3,485854,88.23
"rd grade class",3,485857,88.23
"rd homer night",3,485860,88.23
"rd party candidate",3,485863,88.23
"rd party candidates",3,485866,88.23
"rd pick nfl",3,485869,88.23
"rd place get",3,485872,88.23
"rd pm sample",3,485875,88.23
"rd quarter game",3,485878,88.23
"rd st rd",3,485881,88.23
"rd stay tuned",3,485884,88.23
"rd west exit",3,485887,88.23
"reach great heights",3,485890,88.23
"reach like ship",3,485893,88.23
"reach market worth",3,485896,88.24
"reach stars change",3,485899,88.24
"reach wider audience",3,485902,88.24
"reach young people",3,485905,88.24
"reached certain standard",3,485908,88.24
"reached life obstacles",3,485911,88.24
"react old way",3,485914,88.24
"reaction art heart",3,485917,88.24
"reaction both transformed",3,485920,88.24
"read agreed terms",3,485923,88.24
"read blog fan",3,485926,88.24
"read blog posts",3,485929,88.24
"read book just",3,485932,88.24
"read book love",3,485935,88.24
"read book loved",3,485938,88.24
"read book order",3,485941,88.24
"read book say",3,485944,88.24
"read book school",3,485947,88.24
"read book tonight",3,485950,88.25
"read book watch",3,485953,88.25
"read don know",3,485956,88.25
"read don say",3,485959,88.25
"read don want",3,485962,88.25
"read good morning",3,485965,88.25
"read great work",3,485968,88.25
"read last week",3,485971,88.25
"read let know",3,485974,88.25
"read list things",3,485977,88.25
"read non fiction",3,485980,88.25
"read plays best",3,485983,88.25
"read rate text",3,485986,88.25
"read short stories",3,485989,88.25
"read social media",3,485992,88.25
"read speak good",3,485995,88.25
"read speaking conversations",3,485998,88.25
"read story find",3,486001,88.25
"read story guy",3,486004,88.26
"read touch looking",3,486007,88.26
"read twitter feed",3,486010,88.26
"read unable worth",3,486013,88.26
"read ur story",3,486016,88.26
"read wrong thought",3,486019,88.26
"read yrs ago",3,486022,88.26
"readers experts stars",3,486025,88.26
"readers kindle library",3,486028,88.26
"reading books like",3,486031,88.26
"reading fine print",3,486034,88.26
"reading good luck",3,486037,88.26
"reading great article",3,486040,88.26
"reading hard writing",3,486043,88.26
"reading hearing seeing",3,486046,88.26
"reading just kids",3,486049,88.26
"reading keep writing",3,486052,88.26
"reading let know",3,486055,88.26
"reading list cont",3,486058,88.26
"reading looking forward",3,486061,88.27
"reading new musical",3,486064,88.27
"reading new novel",3,486067,88.27
"reading right good",3,486070,88.27
"reading stay tuned",3,486073,88.27
"reading stephen king",3,486076,88.27
"reading tweet follow",3,486079,88.27
"reading tweet right",3,486082,88.27
"reading wild things",3,486085,88.27
"ready answer questions",3,486088,88.27
"ready april th",3,486091,88.27
"ready big week",3,486094,88.27
"ready birthday party",3,486097,88.27
"ready boyfriend video",3,486100,88.27
"ready come get",3,486103,88.27
"ready full day",3,486106,88.27
"ready get beat",3,486109,88.27
"ready get bed",3,486112,88.27
"ready get business",3,486115,88.28
"ready get car",3,486118,88.28
"ready get done",3,486121,88.28
"ready get drink",3,486124,88.28
"ready get go",3,486127,88.28
"ready get like",3,486130,88.28
"ready get outside",3,486133,88.28
"ready get summer",3,486136,88.28
"ready gotta get",3,486139,88.28
"ready hard work",3,486142,88.28
"ready heat game",3,486145,88.28
"ready hit ground",3,486148,88.28
"ready hit stage",3,486151,88.28
"ready kick tour",3,486154,88.28
"ready late night",3,486157,88.28
"ready learn grow",3,486160,88.28
"ready let get",3,486163,88.28
"ready melt faces",3,486166,88.28
"ready mother day",3,486169,88.29
"ready play game",3,486172,88.29
"ready play music",3,486175,88.29
"ready play tomorrow",3,486178,88.29
"ready productive day",3,486181,88.29
"ready put work",3,486184,88.29
"ready roll good",3,486187,88.29
"ready sleep tomorrow",3,486190,88.29
"ready time go",3,486193,88.29
"ready week ahead",3,486196,88.29
"real baseball team",3,486199,88.29
"real big fan",3,486202,88.29
"real danger gum",3,486205,88.29
"real don actually",3,486208,88.29
"real don need",3,486211,88.29
"real estate community",3,486214,88.29
"real estate group",3,486217,88.29
"real estate help",3,486220,88.29
"real estate house",3,486223,88.29
"real estate let",3,486226,88.3
"real estate marketing",3,486229,88.3
"real estate owned",3,486232,88.3
"real estate starting",3,486235,88.3
"real fans love",3,486238,88.3
"real free samples",3,486241,88.3
"real get money",3,486244,88.3
"real good feeling",3,486247,88.3
"real good friends",3,486250,88.3
"real good guy",3,486253,88.3
"real good news",3,486256,88.3
"real good thanks",3,486259,88.3
"real happiness comes",3,486262,88.3
"real ideal goes",3,486265,88.3
"real integrity doing",3,486268,88.3
"real job title",3,486271,88.3
"real just fan",3,486274,88.3
"real knowledge know",3,486277,88.3
"real lasting success",3,486280,88.31
"real lemon juice",3,486283,88.31
"real life issues",3,486286,88.31
"real life people",3,486289,88.31
"real life person",3,486292,88.31
"real life stuff",3,486295,88.31
"real life sucks",3,486298,88.31
"real life today",3,486301,88.31
"real like thank",3,486304,88.31
"real madrid going",3,486307,88.31
"real move silence",3,486310,88.31
"real music follow",3,486313,88.31
"real need get",3,486316,88.31
"real nice guy",3,486319,88.31
"real piece work",3,486322,88.31
"real representation irving",3,486325,88.31
"real talk don",3,486328,88.31
"real talk like",3,486331,88.31
"real talk love",3,486334,88.32
"real time bar",3,486337,88.32
"real time go",3,486340,88.32
"real time just",3,486343,88.32
"real time make",3,486346,88.32
"real time search",3,486349,88.32
"real time tweets",3,486352,88.32
"real women don",3,486355,88.32
"real work done",3,486358,88.32
"real world just",3,486361,88.32
"real world real",3,486364,88.32
"real world skills",3,486367,88.32
"real world tomorrow",3,486370,88.32
"real www com",3,486373,88.32
"reality check really",3,486376,88.32
"reality look like",3,486379,88.32
"reality magic takes",3,486382,88.32
"reality stay tuned",3,486385,88.32
"realization worthy goal",3,486388,88.32
"realize don need",3,486391,88.33
"realize happens kick",3,486394,88.33
"realize james allen",3,486397,88.33
"realize opinion world",3,486400,88.33
"realize people really",3,486403,88.33
"realize played rules",3,486406,88.33
"realize real friends",3,486409,88.33
"realize really want",3,486412,88.33
"realize sun straw",3,486415,88.33
"realize weird friends",3,486418,88.33
"realized shirt backwards",3,486421,88.33
"really anything just",3,486424,88.33
"really appreciate advice",3,486427,88.33
"really appreciate business",3,486430,88.33
"really appreciate having",3,486433,88.33
"really appreciate let",3,486436,88.33
"really appreciate lot",3,486439,88.33
"really appreciate work",3,486442,88.33
"really bad accident",3,486445,88.34
"really bad decisions",3,486448,88.34
"really bad just",3,486451,88.34
"really bad make",3,486454,88.34
"really bad movie",3,486457,88.34
"really bad news",3,486460,88.34
"really bad oh",3,486463,88.34
"really better get",3,486466,88.34
"really breaking news",3,486469,88.34
"really cold room",3,486472,88.34
"really cool art",3,486475,88.34
"really cool band",3,486478,88.34
"really cool follow",3,486481,88.34
"really cool funny",3,486484,88.34
"really cool go",3,486487,88.34
"really cool guys",3,486490,88.34
"really cool know",3,486493,88.34
"really cool love",3,486496,88.34
"really cool maybe",3,486499,88.34
"really cool meet",3,486502,88.35
"really cool mom",3,486505,88.35
"really cool music",3,486508,88.35
"really cool people",3,486511,88.35
"really cool project",3,486514,88.35
"really cool right",3,486517,88.35
"really cool thing",3,486520,88.35
"really cool year",3,486523,88.35
"really crazy like",3,486526,88.35
"really dig work",3,486529,88.35
"really dislike people",3,486532,88.35
"really doing big",3,486535,88.35
"really don hear",3,486538,88.35
"really don time",3,486541,88.35
"really don work",3,486544,88.35
"really easy just",3,486547,88.35
"really effective laughter",3,486550,88.35
"really enjoyed attending",3,486553,88.35
"really enjoyed avengers",3,486556,88.36
"really enjoyed class",3,486559,88.36
"really enjoyed hope",3,486562,88.36
"really enjoyed performance",3,486565,88.36
"really enjoyed playing",3,486568,88.36
"really enjoyed set",3,486571,88.36
"really enjoyed talking",3,486574,88.36
"really enjoyed visiting",3,486577,88.36
"really enjoyed weekend",3,486580,88.36
"really excited come",3,486583,88.36
"really excited future",3,486586,88.36
"really excited happy",3,486589,88.36
"really excited hear",3,486592,88.36
"really excited help",3,486595,88.36
"really excited saw",3,486598,88.36
"really excited watch",3,486601,88.36
"really excited working",3,486604,88.36
"really feeling myself",3,486607,88.36
"really great discussion",3,486610,88.37
"really great girl",3,486613,88.37
"really great hear",3,486616,88.37
"really great love",3,486619,88.37
"really great thanks",3,486622,88.37
"really great turnout",3,486625,88.37
"really great year",3,486628,88.37
"really hard believe",3,486631,88.37
"really hard guys",3,486634,88.37
"really hard kind",3,486637,88.37
"really hard say",3,486640,88.37
"really hard take",3,486643,88.37
"really hard today",3,486646,88.37
"really hard wish",3,486649,88.37
"really hate homework",3,486652,88.37
"really hate losing",3,486655,88.37
"really hate miss",3,486658,88.37
"really hate mom",3,486661,88.37
"really hate myself",3,486664,88.37
"really hate today",3,486667,88.38
"really hate word",3,486670,88.38
"really helped lot",3,486673,88.38
"really hope able",3,486676,88.38
"really hope amazing",3,486679,88.38
"really hope find",3,486682,88.38
"really hope fun",3,486685,88.38
"really hope getting",3,486688,88.38
"really hope goes",3,486691,88.38
"really hope going",3,486694,88.38
"really hope mom",3,486697,88.38
"really hope play",3,486700,88.38
"really hope rain",3,486703,88.38
"really hope true",3,486706,88.38
"really hope watching",3,486709,88.38
"really hope week",3,486712,88.38
"really idea doing",3,486715,88.38
"really idea love",3,486718,88.38
"really interested hear",3,486721,88.39
"really joke don",3,486724,88.39
"really just follow",3,486727,88.39
"really just getting",3,486730,88.39
"really just love",3,486733,88.39
"really just make",3,486736,88.39
"really just pick",3,486739,88.39
"really just put",3,486742,88.39
"really just random",3,486745,88.39
"really just shut",3,486748,88.39
"really just thought",3,486751,88.39
"really just trying",3,486754,88.39
"really just woke",3,486757,88.39
"really know really",3,486760,88.39
"really know stand",3,486763,88.39
"really know true",3,486766,88.39
"really late think",3,486769,88.39
"really loud music",3,486772,88.39
"really love doing",3,486775,88.4
"really love going",3,486778,88.4
"really love made",3,486781,88.4
"really love person",3,486784,88.4
"really love playing",3,486787,88.4
"really love seeing",3,486790,88.4
"really love singing",3,486793,88.4
"really love ur",3,486796,88.4
"really love video",3,486799,88.4
"really made think",3,486802,88.4
"really made want",3,486805,88.4
"really making miss",3,486808,88.4
"really matters long",3,486811,88.4
"really mood work",3,486814,88.4
"really nice don",3,486817,88.4
"really nice feeling",3,486820,88.4
"really nice good",3,486823,88.4
"really nice guys",3,486826,88.4
"really nice hear",3,486829,88.4
"really nice hope",3,486832,88.41
"really nice outside",3,486835,88.41
"really nice pretty",3,486838,88.41
"really nice thanks",3,486841,88.41
"really oh wow",3,486844,88.41
"really old people",3,486847,88.41
"really old really",3,486850,88.41
"really put small",3,486853,88.41
"really put things",3,486856,88.41
"really really enjoy",3,486859,88.41
"really really freaking",3,486862,88.41
"really really funny",3,486865,88.41
"really really glad",3,486868,88.41
"really really happy",3,486871,88.41
"really really missing",3,486874,88.41
"really really ridiculously",3,486877,88.41
"really really sad",3,486880,88.41
"really really tough",3,486883,88.41
"really really wanted",3,486886,88.42
"really really wrong",3,486889,88.42
"really simple just",3,486892,88.42
"really start watching",3,486895,88.42
"really stop doing",3,486898,88.42
"really stressed right",3,486901,88.42
"really think come",3,486904,88.42
"really think don",3,486907,88.42
"really think fan",3,486910,88.42
"really think get",3,486913,88.42
"really think having",3,486916,88.42
"really think huge",3,486919,88.42
"really think kids",3,486922,88.42
"really think know",3,486925,88.42
"really think want",3,486928,88.42
"really time dear",3,486931,88.42
"really tough find",3,486934,88.42
"really tough week",3,486937,88.42
"really tweet anymore",3,486940,88.43
"really wanna find",3,486943,88.43
"really wanna hang",3,486946,88.43
"really wanna join",3,486949,88.43
"really wanna like",3,486952,88.43
"really wanna live",3,486955,88.43
"really wanna sleep",3,486958,88.43
"really wanna today",3,486961,88.43
"really wanna win",3,486964,88.43
"really watch say",3,486967,88.43
"really wish friday",3,486970,88.43
"really wish known",3,486973,88.43
"really wish read",3,486976,88.43
"really wish time",3,486979,88.43
"really wish today",3,486982,88.43
"really wish tweet",3,486985,88.43
"really work like",3,486988,88.43
"rear view mirrors",3,486991,88.43
"reason chance staring",3,486994,88.43
"reason exercise quality",3,486997,88.44
"reason got rid",3,487000,88.44
"reason just don",3,487003,88.44
"reason just feel",3,487006,88.44
"reason just got",3,487009,88.44
"reason keep thinking",3,487012,88.44
"reason middle finger",3,487015,88.44
"reason sounds like",3,487018,88.44
"reason start new",3,487021,88.44
"reason use social",3,487024,88.44
"reason watch idol",3,487027,88.44
"reasonably priced hotels",3,487030,88.44
"reasons give myself",3,487033,88.44
"reasons learn want",3,487036,88.44
"rebel man careful",3,487039,88.44
"rebel shirt stock",3,487042,88.44
"recall eating today",3,487045,88.44
"receive ballot mail",3,487048,88.44
"receive coupon free",3,487051,88.45
"receive entire order",3,487054,88.45
"receive online order",3,487057,88.45
"receive regular admission",3,487060,88.45
"received acceptance letter",3,487063,88.45
"received email thanks",3,487066,88.45
"received let know",3,487069,88.45
"receives far seeks",3,487072,88.45
"receiving anything return",3,487075,88.45
"receiving gift card",3,487078,88.45
"receiving giving starts",3,487081,88.45
"receiving process jim",3,487084,88.45
"recently become obsessed",3,487087,88.45
"reception countdown continues",3,487090,88.45
"recipe like share",3,487093,88.45
"reckless people hearts",3,487096,88.45
"recognize myself anymore",3,487099,88.45
"recommend good book",3,487102,88.45
"recommend good books",3,487105,88.46
"recommend healthy usa",3,487108,88.46
"recommendation letter reference",3,487111,88.46
"recommended people follow",3,487114,88.46
"recommended safe work",3,487117,88.46
"record family intro",3,487120,88.46
"recording new stuff",3,487123,88.46
"recording recording recording",3,487126,88.46
"records la buy",3,487129,88.46
"recover disaster check",3,487132,88.46
"recovered last night",3,487135,88.46
"recycling centers america",3,487138,88.46
"red bell pepper",3,487141,88.46
"red blood cells",3,487144,88.46
"red carpet amazing",3,487147,88.46
"red carpet coverage",3,487150,88.46
"red carpet dress",3,487153,88.46
"red carpet last",3,487156,88.46
"red carpet party",3,487159,88.46
"red carpet premier",3,487162,88.47
"red carpet screening",3,487165,88.47
"red chile cheese",3,487168,88.47
"red eye dc",3,487171,88.47
"red fish blue",3,487174,88.47
"red hair red",3,487177,88.47
"red hit need",3,487180,88.47
"red means stop",3,487183,88.47
"red meat bad",3,487186,88.47
"red onion garlic",3,487189,88.47
"red pepper cheese",3,487192,88.47
"red river rivalry",3,487195,88.47
"red river th",3,487198,88.47
"red wings sharks",3,487201,88.47
"reds game tomorrow",3,487204,88.47
"redskins rd redskins",3,487207,88.47
"reese boyd project",3,487210,88.47
"referring last tweet",3,487213,88.47
"reflection easiest experience",3,487216,88.48
"reform food stamp",3,487219,88.48
"reform vote ross",3,487222,88.48
"refreshing iced tea",3,487225,88.48
"refuge strength present",3,487228,88.48
"refused go hospital",3,487231,88.48
"regards last tweet",3,487234,88.48
"region art museum",3,487237,88.48
"region base talented",3,487240,88.48
"regional manager position",3,487243,88.48
"regional sales training",3,487246,88.48
"register upcoming fall",3,487249,88.48
"register vote primary",3,487252,88.48
"registered half marathon",3,487255,88.48
"registered last semester",3,487258,88.48
"registered marine corps",3,487261,88.48
"registration non partisan",3,487264,88.48
"registration open bit",3,487267,88.48
"registration open www",3,487270,88.48
"registration opening week",3,487273,88.49
"regret made smile",3,487276,88.49
"regret single thing",3,487279,88.49
"regrets collect like",3,487282,88.49
"regrets just lessons",3,487285,88.49
"regular check ups",3,487288,88.49
"regular life violent",3,487291,88.49
"regular prevent old",3,487294,88.49
"regular schedule week",3,487297,88.49
"regular soft drink",3,487300,88.49
"regular specialty martini",3,487303,88.49
"rehearsal today concert",3,487306,88.49
"rehearsal today excited",3,487309,88.49
"rehearsal tonight new",3,487312,88.49
"related brain injuries",3,487315,88.49
"related social media",3,487318,88.49
"related watch gossip",3,487321,88.49
"related watch idol",3,487324,88.49
"relationship bed commitment",3,487327,88.5
"relationship chance cheated",3,487330,88.5
"relationship expert gonna",3,487333,88.5
"relationship fun freedom",3,487336,88.5
"relationship just terms",3,487339,88.5
"relationship just want",3,487342,88.5
"relationship like tom",3,487345,88.5
"relationship status facebook",3,487348,88.5
"relationship test cheat",3,487351,88.5
"relationship wants single",3,487354,88.5
"relationships media tip",3,487357,88.5
"relationships nowadays week",3,487360,88.5
"relatives home think",3,487363,88.5
"relax enjoy day",3,487366,88.5
"relax enjoy life",3,487369,88.5
"relax enjoy rest",3,487372,88.5
"relaxing day work",3,487375,88.5
"relaxing rest day",3,487378,88.5
"relay life tonight",3,487381,88.51
"relay life weekend",3,487384,88.51
"release end month",3,487387,88.51
"release later year",3,487390,88.51
"release let get",3,487393,88.51
"release new song",3,487396,88.51
"release stay tuned",3,487399,88.51
"released last week",3,487402,88.51
"released music video",3,487405,88.51
"released soon keep",3,487408,88.51
"releasing new music",3,487411,88.51
"religion does mean",3,487414,88.51
"rely tweets marketing",3,487417,88.51
"remain biggest asset",3,487420,88.51
"remain focused journey",3,487423,88.51
"remain hope love",3,487426,88.51
"remember cause screaming",3,487429,88.51
"remember days use",3,487432,88.51
"remember did last",3,487435,88.51
"remember don like",3,487438,88.52
"remember don want",3,487441,88.52
"remember don watch",3,487444,88.52
"remember falling asleep",3,487447,88.52
"remember fifth november",3,487450,88.52
"remember fit perfectly",3,487453,88.52
"remember get friends",3,487456,88.52
"remember giving away",3,487459,88.52
"remember good old",3,487462,88.52
"remember like facebook",3,487465,88.52
"remember looked like",3,487468,88.52
"remember mtv stood",3,487471,88.52
"remember nuts make",3,487474,88.52
"remember people thought",3,487477,88.52
"remember people world",3,487480,88.52
"remember remember fifth",3,487483,88.52
"remember saw read",3,487486,88.52
"remember sharing caring",3,487489,88.52
"remember things did",3,487492,88.53
"remember things said",3,487495,88.53
"remember things tried",3,487498,88.53
"remember today tomorrow",3,487501,88.53
"remember use gift",3,487504,88.53
"remembered birthday facebook",3,487507,88.53
"remembered don talk",3,487510,88.53
"remembering lost lives",3,487513,88.53
"remembering receive forgetting",3,487516,88.53
"remembers old music",3,487519,88.53
"remind myself don",3,487522,88.53
"remind past real",3,487525,88.53
"reminder game hours",3,487528,88.53
"reminder wednesday march",3,487531,88.53
"reminds get just",3,487534,88.53
"remote currently featured",3,487537,88.53
"remove hunger bread",3,487540,88.53
"rep paul ryan",3,487543,88.53
"replay dj got",3,487546,88.54
"replies make think",3,487549,88.54
"replies people don",3,487552,88.54
"reply comment like",3,487555,88.54
"reply last night",3,487558,88.54
"reply soon get",3,487561,88.54
"reply text message",3,487564,88.54
"reply use good",3,487567,88.54
"report aid effort",3,487570,88.54
"report aid efforts",3,487573,88.54
"reporter looking forward",3,487576,88.54
"reporters certain programs",3,487579,88.54
"reports live news",3,487582,88.54
"reps today pm",3,487585,88.54
"reputation feedback monitoring",3,487588,88.54
"reputation minutes ruin",3,487591,88.54
"request let know",3,487594,88.54
"request radio stations",3,487597,88.54
"request receive full",3,487600,88.54
"request sample info",3,487603,88.55
"requested audition upcoming",3,487606,88.55
"requested old school",3,487609,88.55
"requests bbq helen",3,487612,88.55
"require students stay",3,487615,88.55
"requires falling love",3,487618,88.55
"research shows men",3,487621,88.55
"reserve lounge main",3,487624,88.55
"resident dj best",3,487627,88.55
"resolution going eat",3,487630,88.55
"resource centers open",3,487633,88.55
"respect friends find",3,487636,88.55
"respect things placed",3,487639,88.55
"response limits challenges",3,487642,88.55
"response limits obstacles",3,487645,88.55
"response social media",3,487648,88.55
"responsibility comes freedom",3,487651,88.55
"responsibility don gets",3,487654,88.55
"responsible face albert",3,487657,88.56
"rest assured crazy",3,487660,88.56
"rest busy day",3,487663,88.56
"rest day think",3,487666,88.56
"rest field rested",3,487669,88.56
"rest life champion",3,487672,88.56
"rest life love",3,487675,88.56
"rest life wishing",3,487678,88.56
"rest peace heavy",3,487681,88.56
"rest peace mike",3,487684,88.56
"rest ready work",3,487687,88.56
"rest sweet dreams",3,487690,88.56
"rest time new",3,487693,88.56
"restaurant bar kitchen",3,487696,88.56
"restaurant san diego",3,487699,88.56
"restaurant san francisco",3,487702,88.56
"restaurant spy loved",3,487705,88.56
"result doing things",3,487708,88.56
"results combined effort",3,487711,88.57
"retail free shipping",3,487714,88.57
"retail platform support",3,487717,88.57
"retail therapy tomorrow",3,487720,88.57
"retired years ago",3,487723,88.57
"return don know",3,487726,88.57
"return icon saturdays",3,487729,88.57
"return library books",3,487732,88.57
"return phone calls",3,487735,88.57
"return san francisco",3,487738,88.57
"returns fiction written",3,487741,88.57
"revelation political statement",3,487744,88.57
"reverse driving away",3,487747,88.57
"review app store",3,487750,88.57
"review facebook page",3,487753,88.57
"reviews coming soon",3,487756,88.57
"revolution just process",3,487759,88.57
"rex ryan jets",3,487762,88.57
"ribbon cutting new",3,487765,88.57
"rice charles graham",3,487768,88.58
"rich fantasy beginning",3,487771,88.58
"rich people become",3,487774,88.58
"rich poor according",3,487777,88.58
"rich source love",3,487780,88.58
"rick james song",3,487783,88.58
"rick lee night",3,487786,88.58
"rico did great",3,487789,88.58
"rid myself belong",3,487792,88.58
"ride let know",3,487795,88.58
"ride ride ride",3,487798,88.58
"ride thinks winner",3,487801,88.58
"ride unless bent",3,487804,88.58
"ride work today",3,487807,88.58
"riding red line",3,487810,88.58
"riding st good",3,487813,88.58
"right actually trying",3,487816,88.58
"right answer just",3,487819,88.58
"right anything better",3,487822,88.59
"right better time",3,487825,88.59
"right both counts",3,487828,88.59
"right cause just",3,487831,88.59
"right check mail",3,487834,88.59
"right clothing exercise",3,487837,88.59
"right delayed right",3,487840,88.59
"right does happen",3,487843,88.59
"right doing work",3,487846,88.59
"right east coast",3,487849,88.59
"right enjoy day",3,487852,88.59
"right follow follow",3,487855,88.59
"right freedom speech",3,487858,88.59
"right girl just",3,487861,88.59
"right handed left",3,487864,88.59
"right happy birthday",3,487867,88.59
"right happy day",3,487870,88.59
"right happy new",3,487873,88.59
"right haven heard",3,487876,88.6
"right heart help",3,487879,88.6
"right hope doing",3,487882,88.6
"right hope having",3,487885,88.6
"right hope time",3,487888,88.6
"right hurts people",3,487891,88.6
"right idea visit",3,487894,88.6
"right instead left",3,487897,88.6
"right ipod touch",3,487900,88.6
"right jay type",3,487903,88.6
"right just come",3,487906,88.6
"right just gonna",3,487909,88.6
"right just good",3,487912,88.6
"right just human",3,487915,88.6
"right just means",3,487918,88.6
"right just sit",3,487921,88.6
"right just wondering",3,487924,88.6
"right just wrong",3,487927,88.6
"right lanes blocked",3,487930,88.6
"right last tweet",3,487933,88.61
"right le sigh",3,487936,88.61
"right makes want",3,487939,88.61
"right making feel",3,487942,88.61
"right man job",3,487945,88.61
"right maybe just",3,487948,88.61
"right mean like",3,487951,88.61
"right mental attitude",3,487954,88.61
"right might get",3,487957,88.61
"right mind want",3,487960,88.61
"right new year",3,487963,88.61
"right new years",3,487966,88.61
"right nice meet",3,487969,88.61
"right oh right",3,487972,88.61
"right outside hotel",3,487975,88.61
"right president obama",3,487978,88.61
"right probably anything",3,487981,88.61
"right ray charles",3,487984,88.61
"right repeat exercise",3,487987,88.62
"right right alright",3,487990,88.62
"right right like",3,487993,88.62
"right rule think",3,487996,88.62
"right said fred",3,487999,88.62
"right say like",3,488002,88.62
"right say right",3,488005,88.62
"right say want",3,488008,88.62
"right school tomorrow",3,488011,88.62
"right science knowledge",3,488014,88.62
"right select start",3,488017,88.62
"right single slice",3,488020,88.62
"right stop smiling",3,488023,88.62
"right style audition",3,488026,88.62
"right sunday night",3,488029,88.62
"right tell em",3,488032,88.62
"right thank great",3,488035,88.62
"right thing doing",3,488038,88.62
"right thing going",3,488041,88.62
"right thing just",3,488044,88.63
"right thing knowing",3,488047,88.63
"right thought just",3,488050,88.63
"right time priceless",3,488053,88.63
"right time stop",3,488056,88.63
"right time try",3,488059,88.63
"right try get",3,488062,88.63
"right trying find",3,488065,88.63
"right wait go",3,488068,88.63
"right wait hear",3,488071,88.63
"right wanna get",3,488074,88.63
"right wanna know",3,488077,88.63
"right watching george",3,488080,88.63
"right windows open",3,488083,88.63
"right wish go",3,488086,88.63
"right working hard",3,488089,88.63
"right yeah right",3,488092,88.63
"rights day picnic",3,488095,88.63
"riley live real",3,488098,88.64
"ring longer usual",3,488101,88.64
"ring sure feel",3,488104,88.64
"rip adam missed",3,488107,88.64
"rip fortune cookie",3,488110,88.64
"rip junior great",3,488113,88.64
"rip maurice don",3,488116,88.64
"rise fall pants",3,488119,88.64
"rise meet wind",3,488122,88.64
"rising th hi",3,488125,88.64
"rising th sc",3,488128,88.64
"rising th travel",3,488131,88.64
"risk greater reward",3,488134,88.64
"risk health truth",3,488137,88.64
"river belgian golden",3,488140,88.64
"river dawn send",3,488143,88.64
"river horse west",3,488146,88.64
"rivers going pro",3,488149,88.64
"road achievement lewis",3,488152,88.65
"road end road",3,488155,88.65
"road henry ward",3,488158,88.65
"road maps guide",3,488161,88.65
"road might get",3,488164,88.65
"road speed limit",3,488167,88.65
"road st louis",3,488170,88.65
"road success tempting",3,488173,88.65
"road suite san",3,488176,88.65
"road trip baby",3,488179,88.65
"road trip begin",3,488182,88.65
"road trip cleveland",3,488185,88.65
"road trip days",3,488188,88.65
"road trips don",3,488191,88.65
"road trips time",3,488194,88.65
"road truth going",3,488197,88.65
"roast charlie sheen",3,488200,88.65
"rob base dj",3,488203,88.65
"rob dj rob",3,488206,88.65
"robert griffin kirk",3,488209,88.66
"robert thanks follow",3,488212,88.66
"robin hood prince",3,488215,88.66
"rock climbing wall",3,488218,88.66
"rock da house",3,488221,88.66
"rock downtown band",3,488224,88.66
"rock getting ready",3,488227,88.66
"rock just got",3,488230,88.66
"rock parks community",3,488233,88.66
"rock past years",3,488236,88.66
"rock pile moment",3,488239,88.66
"rock pile rock",3,488242,88.66
"rock poker room",3,488245,88.66
"rock rebuild haiti",3,488248,88.66
"rock roll away",3,488251,88.66
"rock roll life",3,488254,88.66
"rock roll put",3,488257,88.66
"rock san diego",3,488260,88.66
"rock thanks support",3,488263,88.67
"rock tonight pm",3,488266,88.67
"rock vs john",3,488269,88.67
"rock world wait",3,488272,88.67
"rocked saturday night",3,488275,88.67
"rockies beat writer",3,488278,88.67
"rockies home opener",3,488281,88.67
"rocking come join",3,488284,88.67
"rocking horse keeps",3,488287,88.67
"rocking old school",3,488290,88.67
"rocks looking forward",3,488293,88.67
"rocky theme song",3,488296,88.67
"rodgers madden cover",3,488299,88.67
"role know anyone",3,488302,88.67
"role models like",3,488305,88.67
"roll google search",3,488308,88.67
"roll red carpet",3,488311,88.67
"roll spicy tuna",3,488314,88.67
"roll weed tray",3,488317,88.68
"rolled eyes time",3,488320,88.68
"rolling deep adele",3,488323,88.68
"rolling let know",3,488326,88.68
"rolls printed twitter",3,488329,88.68
"romance smart man",3,488332,88.68
"romans miss men",3,488335,88.68
"romantic walks fridge",3,488338,88.68
"romney beat obama",3,488341,88.68
"romney op ed",3,488344,88.68
"romney running mate",3,488347,88.68
"romney speaking liberty",3,488350,88.68
"romney vote obama",3,488353,88.68
"romney wins virginia",3,488356,88.68
"ron paul end",3,488359,88.68
"ron paul ends",3,488362,88.68
"ron paul need",3,488365,88.68
"ron paul rick",3,488368,88.68
"ron paul running",3,488371,88.68
"ron paul want",3,488374,88.69
"ron paul won",3,488377,88.69
"roof living wall",3,488380,88.69
"roof living walls",3,488383,88.69
"rookie year award",3,488386,88.69
"room come alive",3,488389,88.69
"room end making",3,488392,88.69
"room get better",3,488395,88.69
"room just got",3,488398,88.69
"room nd floor",3,488401,88.69
"room reading book",3,488404,88.69
"room san francisco",3,488407,88.69
"room sounds like",3,488410,88.69
"room white house",3,488413,88.69
"root home team",3,488416,88.69
"rooting wrong team",3,488419,88.69
"roots goodness lie",3,488422,88.69
"rose bloom light",3,488425,88.69
"rose garden watch",3,488428,88.7
"rose hall fame",3,488431,88.7
"rose let go",3,488434,88.7
"rosemary olive oil",3,488437,88.7
"roses get play",3,488440,88.7
"ross candidate carry",3,488443,88.7
"ross th mission",3,488446,88.7
"rough way start",3,488449,88.7
"round bracket play",3,488452,88.7
"round et palm",3,488455,88.7
"round picks nd",3,488458,88.7
"round table discussions",3,488461,88.7
"round trip ticket",3,488464,88.7
"round trip tickets",3,488467,88.7
"route go route",3,488470,88.7
"routine ground ball",3,488473,88.7
"row last night",3,488476,88.7
"row seats spurs",3,488479,88.7
"row seats upcoming",3,488482,88.71
"rsvp hurry space",3,488485,88.71
"rug day day",3,488488,88.71
"ruin happiness present",3,488491,88.71
"ruin think things",3,488494,88.71
"ruins saying serious",3,488497,88.71
"rule don talk",3,488500,88.71
"rule hold door",3,488503,88.71
"rule think wrong",3,488506,88.71
"rules right gym",3,488509,88.71
"rumors dating model",3,488512,88.71
"run android market",3,488515,88.71
"run bath water",3,488518,88.71
"run feel like",3,488521,88.71
"run great cause",3,488524,88.71
"run health care",3,488527,88.71
"run homer right",3,488530,88.71
"run just did",3,488533,88.71
"run just make",3,488536,88.71
"run michael myers",3,488539,88.72
"run minute mile",3,488542,88.72
"run mouth spite",3,488545,88.72
"run race fastest",3,488548,88.72
"run really fast",3,488551,88.72
"run walk crawl",3,488554,88.72
"run walk run",3,488557,88.72
"run walk sept",3,488560,88.72
"run want run",3,488563,88.72
"running calories burned",3,488566,88.72
"running chicago marathon",3,488569,88.72
"running day think",3,488572,88.72
"running degree weather",3,488575,88.72
"running mind night",3,488578,88.72
"running mind right",3,488581,88.72
"running mph min",3,488584,88.72
"running stay tuned",3,488587,88.72
"running time love",3,488590,88.72
"runs night day",3,488593,88.73
"runs runs runs",3,488596,88.73
"rush apology accepted",3,488599,88.73
"rushing get ready",3,488602,88.73
"russell wilson getting",3,488605,88.73
"russell wilson going",3,488608,88.73
"russian new year",3,488611,88.73
"ryan dunn missed",3,488614,88.73
"ryan looking forward",3,488617,88.73
"ryan roberts trio",3,488620,88.73
"sad day city",3,488623,88.73
"sad day go",3,488626,88.73
"sad day hip",3,488629,88.73
"sad day home",3,488632,88.73
"sad day junior",3,488635,88.73
"sad day rest",3,488638,88.73
"sad day san",3,488641,88.73
"sad desperate housewives",3,488644,88.73
"sad donna summer",3,488647,88.74
"sad get glad",3,488650,88.74
"sad get hurt",3,488653,88.74
"sad just starting",3,488656,88.74
"sad life hair",3,488659,88.74
"sad long time",3,488662,88.74
"sad looking forward",3,488665,88.74
"sad miss last",3,488668,88.74
"sad miss today",3,488671,88.74
"sad miss tonight",3,488674,88.74
"sad miss year",3,488677,88.74
"sad missed great",3,488680,88.74
"sad missed time",3,488683,88.74
"sad people know",3,488686,88.74
"sad really sad",3,488689,88.74
"sad song comes",3,488692,88.74
"sad words pen",3,488695,88.74
"sadness like resignation",3,488698,88.74
"safe flight fun",3,488701,88.74
"safe flight tomorrow",3,488704,88.75
"safe friday night",3,488707,88.75
"safe make sure",3,488710,88.75
"safe reliable transportation",3,488713,88.75
"safe smart protected",3,488716,88.75
"safe time lock",3,488719,88.75
"safe travels keep",3,488722,88.75
"safe travels miss",3,488725,88.75
"safe travels say",3,488728,88.75
"safe travels thanks",3,488731,88.75
"safe travels wait",3,488734,88.75
"safety children online",3,488737,88.75
"said bad thing",3,488740,88.75
"said come place",3,488743,88.75
"said craft beer",3,488746,88.75
"said difference lie",3,488749,88.75
"said favor drinking",3,488752,88.75
"said great things",3,488755,88.75
"said ha ha",3,488758,88.76
"said hey like",3,488761,88.76
"said impossible silent",3,488764,88.76
"said let light",3,488767,88.76
"said life short",3,488770,88.76
"said looked pretty",3,488773,88.76
"said made sense",3,488776,88.76
"said man don",3,488779,88.76
"said might get",3,488782,88.76
"said minutes ago",3,488785,88.76
"said need doctor",3,488788,88.76
"said need stop",3,488791,88.76
"said need talk",3,488794,88.76
"said oh just",3,488797,88.76
"said oh yeah",3,488800,88.76
"said okay ugly",3,488803,88.76
"said people don",3,488806,88.76
"said really need",3,488809,88.76
"said right time",3,488812,88.77
"said sorry don",3,488815,88.77
"said speech angels",3,488818,88.77
"said take care",3,488821,88.77
"said teach keep",3,488824,88.77
"said thought meant",3,488827,88.77
"said today really",3,488830,88.77
"said wanna get",3,488833,88.77
"said want go",3,488836,88.77
"said want said",3,488839,88.77
"said want second",3,488842,88.77
"said wanted get",3,488845,88.77
"sail away sail",3,488848,88.77
"salad french lettuce",3,488851,88.77
"salad mango shrimp",3,488854,88.77
"salad potato come",3,488857,88.77
"salad small drink",3,488860,88.77
"sale deeply prices",3,488863,88.77
"sale ends pm",3,488866,88.77
"sale entire store",3,488869,88.78
"sale full swing",3,488872,88.78
"sale help www",3,488875,88.78
"sale just time",3,488878,88.78
"sale library lawn",3,488881,88.78
"sale real estate",3,488884,88.78
"sale ship usa",3,488887,88.78
"sale today buy",3,488890,88.78
"sale today noon",3,488893,88.78
"sale tomorrow noon",3,488896,88.78
"sale tomorrow pm",3,488899,88.78
"sale white yellow",3,488902,88.78
"sales place orders",3,488905,88.78
"sales rock star",3,488908,88.78
"sales social media",3,488911,88.78
"salon sales days",3,488914,88.78
"salsa chile argentina",3,488917,88.78
"salsa classes today",3,488920,88.78
"salt ice challenge",3,488923,88.79
"salt talented individual",3,488926,88.79
"sam club radio",3,488929,88.79
"sam club view",3,488932,88.79
"samples let know",3,488935,88.79
"samsung galaxy tablet",3,488938,88.79
"san antonio actually",3,488941,88.79
"san antonio club",3,488944,88.79
"san antonio going",3,488947,88.79
"san antonio having",3,488950,88.79
"san antonio miami",3,488953,88.79
"san antonio native",3,488956,88.79
"san antonio soon",3,488959,88.79
"san antonio warm",3,488962,88.79
"san francisco amazing",3,488965,88.79
"san francisco come",3,488968,88.79
"san francisco conference",3,488971,88.79
"san francisco days",3,488974,88.79
"san francisco design",3,488977,88.79
"san francisco fri",3,488980,88.8
"san francisco fun",3,488983,88.8
"san francisco getting",3,488986,88.8
"san francisco good",3,488989,88.8
"san francisco june",3,488992,88.8
"san francisco just",3,488995,88.8
"san francisco looking",3,488998,88.8
"san francisco mayor",3,489001,88.8
"san francisco missing",3,489004,88.8
"san francisco november",3,489007,88.8
"san francisco really",3,489010,88.8
"san francisco says",3,489013,88.8
"san juan puerto",3,489016,88.8
"sand worry world",3,489019,88.8
"sandwich ham turkey",3,489022,88.8
"sandwich jack cheese",3,489025,88.8
"sang choir years",3,489028,88.8
"sang sang best",3,489031,88.8
"santa ana winds",3,489034,88.81
"santa came early",3,489037,88.81
"santa clara ca",3,489040,88.81
"santa clara week",3,489043,88.81
"santa right idea",3,489046,88.81
"sarah look forward",3,489049,88.81
"sarah phillips espn",3,489052,88.81
"sarah phillips thing",3,489055,88.81
"sat scores led",3,489058,88.81
"sat way success",3,489061,88.81
"satisfying seeing children",3,489064,88.81
"saturday april starts",3,489067,88.81
"saturday aug th",3,489070,88.81
"saturday beautiful people",3,489073,88.81
"saturday club dancers",3,489076,88.81
"saturday come hear",3,489079,88.81
"saturday get free",3,489082,88.81
"saturday get ready",3,489085,88.81
"saturday great time",3,489088,88.82
"saturday hope doing",3,489091,88.82
"saturday morning run",3,489094,88.82
"saturday morning shout",3,489097,88.82
"saturday night date",3,489100,88.82
"saturday night great",3,489103,88.82
"saturday night join",3,489106,88.82
"saturday night wait",3,489109,88.82
"saturday night week",3,489112,88.82
"saturday night weekend",3,489115,88.82
"saturday night world",3,489118,88.82
"saturday october nd",3,489121,88.82
"saturday plus eric",3,489124,88.82
"saturday sept th",3,489127,88.82
"saturday spot downtown",3,489130,88.82
"saturday st day",3,489133,88.82
"saturday th annual",3,489136,88.82
"saturday use code",3,489139,88.82
"saturdays club need",3,489142,88.82
"saturdays free ladies",3,489145,88.83
"sauce grilled chicken",3,489148,88.83
"sauce taco bell",3,489151,88.83
"savage journey dream",3,489154,88.83
"save gallons water",3,489157,88.83
"save learn special",3,489160,88.83
"save world john",3,489163,88.83
"saves lot time",3,489166,88.83
"saving money saving",3,489169,88.83
"savvy source bit",3,489172,88.83
"saw ad tv",3,489175,88.83
"saw avengers movie",3,489178,88.83
"saw avengers today",3,489181,88.83
"saw checking package",3,489184,88.83
"saw cowboys aliens",3,489187,88.83
"saw discovery fly",3,489190,88.83
"saw familiar faces",3,489193,88.83
"saw get hit",3,489196,88.83
"saw girl looked",3,489199,88.84
"saw girl today",3,489202,88.84
"saw got say",3,489205,88.84
"saw great flick",3,489208,88.84
"saw great game",3,489211,88.84
"saw jump street",3,489214,88.84
"saw lady get",3,489217,88.84
"saw lady wearing",3,489220,88.84
"saw like did",3,489223,88.84
"saw mirror mirror",3,489226,88.84
"saw months ago",3,489229,88.84
"saw news last",3,489232,88.84
"saw old friend",3,489235,88.84
"saw own eyes",3,489238,88.84
"saw post facebook",3,489241,88.84
"saw rat subway",3,489244,88.84
"saw really cool",3,489247,88.84
"saw really enjoyed",3,489250,88.84
"saw rick ross",3,489253,88.85
"saw smiling face",3,489256,88.85
"saw social network",3,489259,88.85
"saw time last",3,489262,88.85
"saw tv game",3,489265,88.85
"saw tweets thanks",3,489268,88.85
"saw twitter facebook",3,489271,88.85
"saw twitter feed",3,489274,88.85
"saw twitter get",3,489277,88.85
"saw twitter just",3,489280,88.85
"saw way home",3,489283,88.85
"saw wrath titans",3,489286,88.85
"saw yrs ago",3,489289,88.85
"say baby daddy",3,489292,88.85
"say bad idea",3,489295,88.85
"say beautiful benjamin",3,489298,88.85
"say beautiful place",3,489301,88.85
"say beer british",3,489304,88.85
"say better left",3,489307,88.85
"say break leg",3,489310,88.86
"say cause got",3,489313,88.86
"say cause head",3,489316,88.86
"say chance tell",3,489319,88.86
"say code word",3,489322,88.86
"say crazy say",3,489325,88.86
"say did hear",3,489328,88.86
"say don bother",3,489331,88.86
"say don hate",3,489334,88.86
"say don love",3,489337,88.86
"say don make",3,489340,88.86
"say don matter",3,489343,88.86
"say don read",3,489346,88.86
"say don smoke",3,489349,88.86
"say don take",3,489352,88.86
"say don talk",3,489355,88.86
"say don watch",3,489358,88.86
"say entire life",3,489361,88.86
"say face face",3,489364,88.87
"say feels like",3,489367,88.87
"say follow heart",3,489370,88.87
"say fool think",3,489373,88.87
"say foolish thing",3,489376,88.87
"say forever alone",3,489379,88.87
"say gonna beat",3,489382,88.87
"say gotta go",3,489385,88.87
"say gotta say",3,489388,88.87
"say guys like",3,489391,88.87
"say haven seen",3,489394,88.87
"say hello forever",3,489397,88.87
"say hello friends",3,489400,88.87
"say hello home",3,489403,88.87
"say hello just",3,489406,88.87
"say hello might",3,489409,88.87
"say hello time",3,489412,88.87
"say hello twitter",3,489415,88.87
"say just cause",3,489418,88.88
"say just go",3,489421,88.88
"say just put",3,489424,88.88
"say just shut",3,489427,88.88
"say just thinking",3,489430,88.88
"say kinds things",3,489433,88.88
"say last day",3,489436,88.88
"say last time",3,489439,88.88
"say last tweet",3,489442,88.88
"say last week",3,489445,88.88
"say let make",3,489448,88.88
"say let play",3,489451,88.88
"say let talk",3,489454,88.88
"say lets get",3,489457,88.88
"say life live",3,489460,88.88
"say life make",3,489463,88.88
"say life short",3,489466,88.88
"say like does",3,489469,88.88
"say like hear",3,489472,88.88
"say like song",3,489475,88.89
"say like spoken",3,489478,88.89
"say lips touching",3,489481,88.89
"say little little",3,489484,88.89
"say little long",3,489487,88.89
"say little things",3,489490,88.89
"say looking good",3,489493,88.89
"say looking help",3,489496,88.89
"say lot things",3,489499,88.89
"say loud say",3,489502,88.89
"say love cause",3,489505,88.89
"say love direction",3,489508,88.89
"say love fool",3,489511,88.89
"say love huge",3,489514,88.89
"say love justin",3,489517,88.89
"say love last",3,489520,88.89
"say love man",3,489523,88.89
"say love nd",3,489526,88.89
"say love proud",3,489529,88.9
"say love twitter",3,489532,88.9
"say make day",3,489535,88.9
"say make dreams",3,489538,88.9
"say make own",3,489541,88.9
"say make wish",3,489544,88.9
"say makes look",3,489547,88.9
"say makes think",3,489550,88.9
"say man love",3,489553,88.9
"say mean just",3,489556,88.9
"say nice day",3,489559,88.9
"say nice say",3,489562,88.9
"say oh good",3,489565,88.9
"say oh yes",3,489568,88.9
"say pain caused",3,489571,88.9
"say pretty awesome",3,489574,88.9
"say real talk",3,489577,88.9
"say role model",3,489580,88.9
"say san diego",3,489583,88.91
"say second time",3,489586,88.91
"say slowly sounds",3,489589,88.91
"say statue honor",3,489592,88.91
"say story going",3,489595,88.91
"say stuck head",3,489598,88.91
"say take away",3,489601,88.91
"say tomato say",3,489604,88.91
"say ur cute",3,489607,88.91
"say vibe say",3,489610,88.91
"say vote yes",3,489613,88.91
"say way better",3,489616,88.91
"say web site",3,489619,88.91
"say won know",3,489622,88.91
"say world peace",3,489625,88.91
"say www com",3,489628,88.91
"say year old",3,489631,88.91
"say yes best",3,489634,88.91
"say yes just",3,489637,88.91
"saying anything nice",3,489640,88.92
"saying bad rumors",3,489643,88.92
"saying better tell",3,489646,88.92
"saying go sleep",3,489649,88.92
"saying hello today",3,489652,88.92
"saying hey beautiful",3,489655,88.92
"saying just like",3,489658,88.92
"saying like boss",3,489661,88.92
"saying sorry hurting",3,489664,88.92
"saying think people",3,489667,88.92
"saying want real",3,489670,88.92
"saying wants get",3,489673,88.92
"saying word wrong",3,489676,88.92
"says bin laden",3,489679,88.92
"says boy packed",3,489682,88.92
"says classy like",3,489685,88.92
"says drive like",3,489688,88.92
"says going get",3,489691,88.92
"says going take",3,489694,88.93
"says got followers",3,489697,88.93
"says happy holidays",3,489700,88.93
"says happy mothers",3,489703,88.93
"says just right",3,489706,88.93
"says like just",3,489709,88.93
"says looked like",3,489712,88.93
"says lot like",3,489715,88.93
"says love austin",3,489718,88.93
"says ross candidate",3,489721,88.93
"says spring like",3,489724,88.93
"says stuff like",3,489727,88.93
"says touch read",3,489730,88.93
"says um time",3,489733,88.93
"says user does",3,489736,88.93
"says user exist",3,489739,88.93
"sc delivers opinion",3,489742,88.93
"scandal last night",3,489745,88.93
"scare little lot",3,489748,88.93
"scared anyway john",3,489751,88.94
"scared go alone",3,489754,88.94
"schedule filling fast",3,489757,88.94
"schedule jam packed",3,489760,88.94
"schedule look like",3,489763,88.94
"schedule looks like",3,489766,88.94
"scheduled march th",3,489769,88.94
"school breakfast program",3,489772,88.94
"school christmas break",3,489775,88.94
"school class today",3,489778,88.94
"school communication media",3,489781,88.94
"school continuing education",3,489784,88.94
"school don make",3,489787,88.94
"school don really",3,489790,88.94
"school don say",3,489793,88.94
"school door closes",3,489796,88.94
"school early tomorrow",3,489799,88.94
"school elementary school",3,489802,88.94
"school financial aid",3,489805,88.95
"school friday monday",3,489808,88.95
"school getting married",3,489811,88.95
"school getting ready",3,489814,88.95
"school gonna get",3,489817,88.95
"school got lot",3,489820,88.95
"school got phone",3,489823,88.95
"school graduation rates",3,489826,88.95
"school great way",3,489829,88.95
"school las vegas",3,489832,88.95
"school last day",3,489835,88.95
"school last year",3,489838,88.95
"school made cool",3,489841,88.95
"school math teacher",3,489844,88.95
"school monday school",3,489847,88.95
"school new york",3,489850,88.95
"school people hate",3,489853,88.95
"school really want",3,489856,88.95
"school science teacher",3,489859,88.96
"school subjects parents",3,489862,88.96
"school take care",3,489865,88.96
"school today feel",3,489868,88.96
"school today love",3,489871,88.96
"school today nice",3,489874,88.96
"school today oh",3,489877,88.96
"school tomorrow blah",3,489880,88.96
"school tomorrow great",3,489883,88.96
"school tomorrow night",3,489886,88.96
"school tomorrow really",3,489889,88.96
"school tomorrow summer",3,489892,88.96
"school tomorrow wish",3,489895,88.96
"school tomorrow yes",3,489898,88.96
"school wait till",3,489901,88.96
"school went great",3,489904,88.96
"school year better",3,489907,88.96
"school year days",3,489910,88.96
"school year gonna",3,489913,88.96
"school year think",3,489916,88.97
"school year work",3,489919,88.97
"schools big schools",3,489922,88.97
"schools spring break",3,489925,88.97
"scientists explain people",3,489928,88.97
"score bar grill",3,489931,88.97
"score make sure",3,489934,88.97
"score virginia nc",3,489937,88.97
"score wild pitch",3,489940,88.97
"scored exit row",3,489943,88.97
"scores led present",3,489946,88.97
"scotch scotch scotch",3,489949,88.97
"scott jazz bar",3,489952,88.97
"scott leaders work",3,489955,88.97
"scott mile high",3,489958,88.97
"scottsdale fashion square",3,489961,88.97
"scout council votes",3,489964,88.97
"scout gold award",3,489967,88.97
"scratch surface own",3,489970,88.98
"scream shout fallen",3,489973,88.98
"screamed like little",3,489976,88.98
"screams like little",3,489979,88.98
"screen actor guild",3,489982,88.98
"screen android falls",3,489985,88.98
"screen looks like",3,489988,88.98
"screen printing business",3,489991,88.98
"screen printing orders",3,489994,88.98
"screening new film",3,489997,88.98
"screwed believing done",3,490000,88.98
"scroll update story",3,490003,88.98
"sd convention center",3,490006,88.98
"sd restaurant week",3,490009,88.98
"sd san diego",3,490012,88.98
"sd www com",3,490015,88.98
"sea made skilled",3,490018,88.98
"sea world universal",3,490021,88.98
"search engines find",3,490024,88.99
"search lynn youtube",3,490027,88.99
"search young mantra",3,490030,88.99
"searching hr manager",3,490033,88.99
"season buy year",3,490036,88.99
"season come end",3,490039,88.99
"season coming end",3,490042,88.99
"season don ask",3,490045,88.99
"season don forget",3,490048,88.99
"season ending injuries",3,490051,88.99
"season finale grey",3,490054,88.99
"season finale tomorrow",3,490057,88.99
"season friday night",3,490060,88.99
"season games st",3,490063,88.99
"season go pack",3,490066,88.99
"season great start",3,490069,88.99
"season just corner",3,490072,88.99
"season just ended",3,490075,88.99
"season like last",3,490078,88.99
"season march th",3,490081,89
"season opened today",3,490084,89
"season opener today",3,490087,89
"season premiere episode",3,490090,89
"season premiere monday",3,490093,89
"season press release",3,490096,89
"season seems like",3,490099,89
"season start go",3,490102,89
"season tickets today",3,490105,89
"season tickets wait",3,490108,89
"season world love",3,490111,89
"season year go",3,490114,89
"seasons episodes online",3,490117,89
"seat head table",3,490120,89
"seat white man",3,490123,89
"seats bulls vs",3,490126,89
"seats left tomorrow",3,490129,89
"seattle awards tonight",3,490132,89
"seattle coolest santa",3,490135,89.01
"seattle fashion week",3,490138,89.01
"seattle food banks",3,490141,89.01
"seattle restaurant week",3,490144,89.01
"seattle san francisco",3,490147,89.01
"seattle startup awards",3,490150,89.01
"seattle wine awards",3,490153,89.01
"sec reggie said",3,490156,89.01
"sec reggie says",3,490159,89.01
"second appreciate value",3,490162,89.01
"second best time",3,490165,89.01
"second chances don",3,490168,89.01
"second chances just",3,490171,89.01
"second city chicago",3,490174,89.01
"second city hollywood",3,490177,89.01
"second hand store",3,490180,89.01
"second last game",3,490183,89.01
"second really loved",3,490186,89.01
"second start chasing",3,490189,89.02
"second time get",3,490192,89.02
"second time heard",3,490195,89.02
"second time month",3,490198,89.02
"second week forever",3,490201,89.02
"secret destinations unaware",3,490204,89.02
"secret loyalty points",3,490207,89.02
"secret roast pork",3,490210,89.02
"secret spot know",3,490213,89.02
"secret success word",3,490216,89.02
"secret underground bases",3,490219,89.02
"secrets fun unless",3,490222,89.02
"secrets www com",3,490225,89.02
"section let know",3,490228,89.02
"section news feed",3,490231,89.02
"section row seats",3,490234,89.02
"seed eastern conference",3,490237,89.02
"seed mind forms",3,490240,89.02
"seeing dark shadows",3,490243,89.02
"seeing everybody seen",3,490246,89.03
"seeing eye dog",3,490249,89.03
"seeing good friends",3,490252,89.03
"seeing guys friday",3,490255,89.03
"seeing hopefully soon",3,490258,89.03
"seeing life get",3,490261,89.03
"seeing movie weekend",3,490264,89.03
"seeing new eyes",3,490267,89.03
"seeing new followers",3,490270,89.03
"seeing tell friends",3,490273,89.03
"seeing things invisible",3,490276,89.03
"seeing west coast",3,490279,89.03
"seeing years ago",3,490282,89.03
"seek kingdom things",3,490285,89.03
"seek love merely",3,490288,89.03
"seeking animal life",3,490291,89.03
"seeking chicago nyc",3,490294,89.03
"seeking county send",3,490297,89.03
"seeking tampa bay",3,490300,89.04
"seeking truth doubt",3,490303,89.04
"seem get website",3,490306,89.04
"seem like doing",3,490309,89.04
"seem like everybody",3,490312,89.04
"seem like getting",3,490315,89.04
"seem like know",3,490318,89.04
"seem like makes",3,490321,89.04
"seem like pretty",3,490324,89.04
"seem like strange",3,490327,89.04
"seem like trying",3,490330,89.04
"seem like years",3,490333,89.04
"seem person loves",3,490336,89.04
"seem place rough",3,490339,89.04
"seem put problem",3,490342,89.04
"seem realize opinion",3,490345,89.04
"seem think does",3,490348,89.04
"seemed far away",3,490351,89.04
"seems free mind",3,490354,89.05
"seems good right",3,490357,89.05
"seems little high",3,490360,89.05
"seems pretty far",3,490363,89.05
"seems really happy",3,490366,89.05
"seems ring far",3,490369,89.05
"seems ring longer",3,490372,89.05
"seen anyone use",3,490375,89.05
"seen avengers times",3,490378,89.05
"seen awhile good",3,490381,89.05
"seen felt end",3,490384,89.05
"seen forever miss",3,490387,89.05
"seen gas prices",3,490390,89.05
"seen harry potter",3,490393,89.05
"seen last time",3,490396,89.05
"seen live twice",3,490399,89.05
"seen lot crazy",3,490402,89.05
"seen met boys",3,490405,89.05
"seen new trailer",3,490408,89.05
"seen shot like",3,490411,89.06
"seen thinking thought",3,490414,89.06
"seen years great",3,490417,89.06
"seen years life",3,490420,89.06
"sees sees willing",3,490423,89.06
"sees things really",3,490426,89.06
"segment solutions different",3,490429,89.06
"seldom notice old",3,490432,89.06
"select nick perry",3,490435,89.06
"select reporters certain",3,490438,89.06
"selected th annual",3,490441,89.06
"self control understanding",3,490444,89.06
"self determination theory",3,490447,89.06
"self does mean",3,490450,89.06
"self don ask",3,490453,89.06
"self don eat",3,490456,89.06
"self help graphics",3,490459,89.06
"self live life",3,490462,89.06
"self love self",3,490465,89.07
"self paced instruction",3,490468,89.07
"self respect power",3,490471,89.07
"self say say",3,490474,89.07
"selfish good health",3,490477,89.07
"sell books get",3,490480,89.07
"sell com beer",3,490483,89.07
"sell coupons drawing",3,490486,89.07
"sell give away",3,490489,89.07
"sell home depot",3,490492,89.07
"sell home reason",3,490495,89.07
"sell home years",3,490498,89.07
"sell ice winter",3,490501,89.07
"sell madison square",3,490504,89.07
"sell sell sell",3,490507,89.07
"selling cars paul",3,490510,89.07
"sells dear things",3,490513,89.07
"semi blocking left",3,490516,89.07
"semi use alternate",3,490519,89.07
"seminar www ac",3,490522,89.08
"sen scott fitzgerald",3,490525,89.08
"senate just voted",3,490528,89.08
"senate west virginia",3,490531,89.08
"senator john mccain",3,490534,89.08
"send children school",3,490537,89.08
"send cover letter",3,490540,89.08
"send don know",3,490543,89.08
"send email email",3,490546,89.08
"send email forward",3,490549,89.08
"send email happy",3,490552,89.08
"send email interest",3,490555,89.08
"send email post",3,490558,89.08
"send email set",3,490561,89.08
"send email shortly",3,490564,89.08
"send email subject",3,490567,89.08
"send email thank",3,490570,89.08
"send email want",3,490573,89.08
"send free copy",3,490576,89.09
"send free marketing",3,490579,89.09
"send free song",3,490582,89.09
"send junk mail",3,490585,89.09
"send link done",3,490588,89.09
"send link like",3,490591,89.09
"send link tomorrow",3,490594,89.09
"send link tweet",3,490597,89.09
"send links ur",3,490600,89.09
"send links work",3,490603,89.09
"send long message",3,490606,89.09
"send love prayers",3,490609,89.09
"send mail send",3,490612,89.09
"send min video",3,490615,89.09
"send questions way",3,490618,89.09
"send quick email",3,490621,89.09
"send review copy",3,490624,89.09
"send san diego",3,490627,89.09
"send text cause",3,490630,89.1
"send tweets day",3,490633,89.1
"send update get",3,490636,89.1
"send ur way",3,490639,89.1
"sending copy book",3,490642,89.1
"sending direct message",3,490645,89.1
"sending good energy",3,490648,89.1
"sending mixed signals",3,490651,89.1
"sending prayers family",3,490654,89.1
"sending press releases",3,490657,89.1
"sending spam messages",3,490660,89.1
"sending warm thoughts",3,490663,89.1
"senior night tonight",3,490666,89.1
"senior prom help",3,490669,89.1
"seniors don forget",3,490672,89.1
"seniors high school",3,490675,89.1
"sense education education",3,490678,89.1
"sense rare classified",3,490681,89.1
"sent email account",3,490684,89.1
"sent email get",3,490687,89.11
"sent email site",3,490690,89.11
"sent email subject",3,490693,89.11
"sent email taste",3,490696,89.11
"sent email today",3,490699,89.11
"sent fingers crossed",3,490702,89.11
"sent guys email",3,490705,89.11
"sent home idol",3,490708,89.11
"sent home work",3,490711,89.11
"sent info hope",3,490714,89.11
"sent minutes ago",3,490717,89.11
"sent phone keep",3,490720,89.11
"sent quick email",3,490723,89.11
"sent talk soon",3,490726,89.11
"sent text said",3,490729,89.11
"sent water globe",3,490732,89.11
"sentence makes sense",3,490735,89.11
"separate friends want",3,490738,89.11
"separate myself life",3,490741,89.12
"september nd rd",3,490744,89.12
"serial number get",3,490747,89.12
"series both teams",3,490750,89.12
"series finale season",3,490753,89.12
"series going game",3,490756,89.12
"series going great",3,490759,89.12
"series just got",3,490762,89.12
"series sold amazon",3,490765,89.12
"serious making money",3,490768,89.12
"seriously blew away",3,490771,89.12
"seriously considering going",3,490774,89.12
"seriously considering selling",3,490777,89.12
"seriously considering skipping",3,490780,89.12
"seriously get alive",3,490783,89.12
"seriously get life",3,490786,89.12
"seriously get rid",3,490789,89.12
"seriously go follow",3,490792,89.12
"seriously going sleep",3,490795,89.13
"seriously guys let",3,490798,89.13
"seriously laughed loud",3,490801,89.13
"seriously needs shut",3,490804,89.13
"seriously people get",3,490807,89.13
"seriously people just",3,490810,89.13
"serve collection points",3,490813,89.13
"serve court papers",3,490816,89.13
"serve dog wash",3,490819,89.13
"serve happy hour",3,490822,89.13
"served country thank",3,490825,89.13
"served french fries",3,490828,89.13
"served garlic toast",3,490831,89.13
"server los angeles",3,490834,89.13
"server ready dc",3,490837,89.13
"server serving entire",3,490840,89.13
"service customer service",3,490843,89.13
"service starts pm",3,490846,89.13
"service vip book",3,490849,89.13
"services pick giveaway",3,490852,89.14
"services small businesses",3,490855,89.14
"services veterans active",3,490858,89.14
"serving entire sacramento",3,490861,89.14
"sesame street just",3,490864,89.14
"session make sure",3,490867,89.14
"session tonight midnight",3,490870,89.14
"sessions last night",3,490873,89.14
"sessions pass sale",3,490876,89.14
"set aside just",3,490879,89.14
"set aside minutes",3,490882,89.14
"set aside special",3,490885,89.14
"set bright early",3,490888,89.14
"set daily mail",3,490891,89.14
"set dvr don",3,490894,89.14
"set facebook page",3,490897,89.14
"set feel like",3,490900,89.14
"set goals higher",3,490903,89.14
"set man warm",3,490906,89.15
"set new goal",3,490909,89.15
"set rain make",3,490912,89.15
"set saturday night",3,490915,89.15
"set short film",3,490918,89.15
"set stay tuned",3,490921,89.15
"set time pm",3,490924,89.15
"set tonight free",3,490927,89.15
"set tonight pm",3,490930,89.15
"set world st",3,490933,89.15
"sets bed mirror",3,490936,89.15
"setting good example",3,490939,89.15
"settle anybody just",3,490942,89.15
"settle ordinary jim",3,490945,89.15
"settle second best",3,490948,89.15
"seven days laughter",3,490951,89.15
"seven days love",3,490954,89.15
"seven nights rock",3,490957,89.15
"seven wonders world",3,490960,89.16
"seven years old",3,490963,89.16
"severe warning dale",3,490966,89.16
"severe warning montgomery",3,490969,89.16
"severe weather special",3,490972,89.16
"sew clothes little",3,490975,89.16
"sf giants game",3,490978,89.16
"sh got real",3,490981,89.16
"shadow divine perfection",3,490984,89.16
"shadow former self",3,490987,89.16
"shadow wind carlos",3,490990,89.16
"shady records label",3,490993,89.16
"shake coming portland",3,490996,89.16
"shake floor shake",3,490999,89.16
"shame talent hard",3,491002,89.16
"shame week slim",3,491005,89.16
"shane thanks follow",3,491008,89.16
"shaped fashioned love",3,491011,89.16
"share band link",3,491014,89.16
"share fellow disney",3,491017,89.17
"share great deals",3,491020,89.17
"share let know",3,491023,89.17
"share link facebook",3,491026,89.17
"share progress nationwide",3,491029,89.17
"share story point",3,491032,89.17
"share twitter thanks",3,491035,89.17
"share updates stories",3,491038,89.17
"sharing great content",3,491041,89.17
"sharing let know",3,491044,89.17
"sharing post hope",3,491047,89.17
"sharing post yesterday",3,491050,89.17
"sharing progress using",3,491053,89.17
"sharing protection act",3,491056,89.17
"sharing really like",3,491059,89.17
"sharing sounds like",3,491062,89.17
"shark museum nature",3,491065,89.17
"shark tank love",3,491068,89.17
"sharon needles win",3,491071,89.18
"sharp white cheddar",3,491074,89.18
"shattered phone screen",3,491077,89.18
"shaved green onions",3,491080,89.18
"sheep led lion",3,491083,89.18
"sherman heights community",3,491086,89.18
"sherman oaks ca",3,491089,89.18
"shes amazing wont",3,491092,89.18
"shes worth wont",3,491095,89.18
"shine cd release",3,491098,89.18
"shine okay fall",3,491101,89.18
"shining city hill",3,491104,89.18
"ship set sail",3,491107,89.18
"shipping purchases place",3,491110,89.18
"shipping purchases use",3,491113,89.18
"shipping use code",3,491116,89.18
"shipping www com",3,491119,89.18
"ships interested know",3,491122,89.18
"shirt design contest",3,491125,89.19
"shirt different day",3,491128,89.19
"shirt let know",3,491131,89.19
"shirt stock march",3,491134,89.19
"shirts business cars",3,491137,89.19
"shirts new designs",3,491140,89.19
"shirts stop stay",3,491143,89.19
"shock time get",3,491146,89.19
"shock watches sale",3,491149,89.19
"shoe full doug",3,491152,89.19
"shoe meant just",3,491155,89.19
"shoes brand new",3,491158,89.19
"shoes custom shirts",3,491161,89.19
"shoes th st",3,491164,89.19
"shoes worn italian",3,491167,89.19
"shop feel like",3,491170,89.19
"shop get paid",3,491173,89.19
"shop hours today",3,491176,89.19
"shop local independent",3,491179,89.19
"shopping cart wheel",3,491182,89.2
"shopping summer clothes",3,491185,89.2
"shopping take mind",3,491188,89.2
"shopping www com",3,491191,89.2
"short animated film",3,491194,89.2
"short hair don",3,491197,89.2
"short journey go",3,491200,89.2
"short must done",3,491203,89.2
"short road trip",3,491206,89.2
"short sale help",3,491209,89.2
"short sit miserable",3,491212,89.2
"short story collection",3,491215,89.2
"short tell friends",3,491218,89.2
"short time smile",3,491221,89.2
"shortly let know",3,491224,89.2
"shortly www com",3,491227,89.2
"shot bottom th",3,491230,89.2
"shot itself foot",3,491233,89.2
"shot time say",3,491236,89.21
"shots beers red",3,491239,89.21
"shots think kissed",3,491242,89.21
"shoulder make sure",3,491245,89.21
"shout great week",3,491248,89.21
"shout happy monday",3,491251,89.21
"shout hard work",3,491254,89.21
"shout hope good",3,491257,89.21
"shout main man",3,491260,89.21
"showcase april th",3,491263,89.21
"showcase march th",3,491266,89.21
"shower curtains find",3,491269,89.21
"shower felt good",3,491272,89.21
"shower getting ready",3,491275,89.21
"shower hit sack",3,491278,89.21
"shower sounds good",3,491281,89.21
"shower sounds like",3,491284,89.21
"shower water hot",3,491287,89.21
"showers mainly midnight",3,491290,89.21
"showing average people",3,491293,89.22
"showing true colors",3,491296,89.22
"shows country pick",3,491299,89.22
"shows disney channel",3,491302,89.22
"shows near future",3,491305,89.22
"shows tonight love",3,491308,89.22
"shows tonight tomorrow",3,491311,89.22
"shuffle skipping songs",3,491314,89.22
"shut michael cole",3,491317,89.22
"shut mouth talking",3,491320,89.22
"shut put money",3,491323,89.22
"sides argument right",3,491326,89.22
"sides broken hearts",3,491329,89.22
"sight sore eyes",3,491332,89.22
"sights change goes",3,491335,89.22
"sign both get",3,491338,89.22
"sign daughter hat",3,491341,89.22
"sign desk drawer",3,491344,89.22
"sign free computer",3,491347,89.23
"sign free trial",3,491350,89.23
"sign get morning",3,491353,89.23
"sign good luck",3,491356,89.23
"sign good things",3,491359,89.23
"sign limited time",3,491362,89.23
"sign mario williams",3,491365,89.23
"sign petition www",3,491368,89.23
"sign prince fielder",3,491371,89.23
"sign says love",3,491374,89.23
"sign things come",3,491377,89.23
"sign ups pm",3,491380,89.23
"sign vince young",3,491383,89.23
"signed bad boy",3,491386,89.23
"signed bills year",3,491389,89.23
"signed book best",3,491392,89.23
"signed copy book",3,491395,89.23
"signed letter intent",3,491398,89.23
"signing just minute",3,491401,89.24
"signing last night",3,491404,89.24
"signing october th",3,491407,89.24
"signs guidelines robert",3,491410,89.24
"silence cuts core",3,491413,89.24
"silence hardest arguments",3,491416,89.24
"silence yeah silence",3,491419,89.24
"silent birds sang",3,491422,89.24
"silent past let",3,491425,89.24
"simple hey mean",3,491428,89.24
"simple need package",3,491431,89.24
"simple people make",3,491434,89.24
"simple text message",3,491437,89.24
"simple www com",3,491440,89.24
"simply amazing wait",3,491443,89.24
"simply don compare",3,491446,89.24
"simply don give",3,491449,89.24
"simply think freely",3,491452,89.24
"sin just small",3,491455,89.24
"sincerely broke reason",3,491458,89.25
"sincerely try help",3,491461,89.25
"sing camp rock",3,491464,89.25
"sing christmas songs",3,491467,89.25
"sing ill send",3,491470,89.25
"sing songs like",3,491473,89.25
"sing star banner",3,491476,89.25
"singer lives texas",3,491479,89.25
"singer look youtube",3,491482,89.25
"singer songwriter showcase",3,491485,89.25
"singer tom shaw",3,491488,89.25
"singing dancing like",3,491491,89.25
"singing musical key",3,491494,89.25
"singing song time",3,491497,89.25
"singing whitney houston",3,491500,89.25
"single bottom th",3,491503,89.25
"single drama lonely",3,491506,89.25
"single freaking day",3,491509,89.25
"single game tickets",3,491512,89.26
"single life love",3,491515,89.26
"single new album",3,491518,89.26
"single red light",3,491521,89.26
"single slice cheese",3,491524,89.26
"single supports music",3,491527,89.26
"single thing did",3,491530,89.26
"single time essence",3,491533,89.26
"sip make bubble",3,491536,89.26
"sip shop pm",3,491539,89.26
"sir calm toy",3,491542,89.26
"sir good time",3,491545,89.26
"sir really appreciate",3,491548,89.26
"sir walter scott",3,491551,89.26
"sis great day",3,491554,89.26
"sis hope moore",3,491557,89.26
"sister acts like",3,491560,89.26
"sister graduating college",3,491563,89.26
"sister just asked",3,491566,89.27
"sister like brother",3,491569,89.27
"sister looks like",3,491572,89.27
"sister said gonna",3,491575,89.27
"sister th birthday",3,491578,89.27
"sisters last night",3,491581,89.27
"sit dance hope",3,491584,89.27
"sit dentist chair",3,491587,89.27
"sit like stone",3,491590,89.27
"sit outside eat",3,491593,89.27
"sit outside enjoy",3,491596,89.27
"sit smiling screen",3,491599,89.27
"sit ups push",3,491602,89.27
"sit yo dollar",3,491605,89.27
"site just launched",3,491608,89.27
"site love work",3,491611,89.27
"site own website",3,491614,89.27
"site profile great",3,491617,89.27
"site request sample",3,491620,89.27
"site seems like",3,491623,89.28
"site submit portfolio",3,491626,89.28
"sites age thanks",3,491629,89.28
"sitting board room",3,491632,89.28
"sitting car repair",3,491635,89.28
"sitting dock bay",3,491638,89.28
"sitting home bored",3,491641,89.28
"sitting right waiting",3,491644,89.28
"sitting room listening",3,491647,89.28
"sitting thinking bout",3,491650,89.28
"sitting waiting wishing",3,491653,89.28
"sitting watching tv",3,491656,89.28
"sixteen stories fall",3,491659,89.28
"sixteen year old",3,491662,89.28
"sixth round pick",3,491665,89.28
"skill share fair",3,491668,89.28
"skills diverse music",3,491671,89.28
"skin dark skin",3,491674,89.28
"skin feels like",3,491677,89.29
"skinny brown fox",3,491680,89.29
"skinny guy pack",3,491683,89.29
"skinny large like",3,491686,89.29
"skip jump away",3,491689,89.29
"skirt long jacket",3,491692,89.29
"skull candy stage",3,491695,89.29
"sky blue grass",3,491698,89.29
"sky sea facial",3,491701,89.29
"skype last night",3,491704,89.29
"slammed last night",3,491707,89.29
"slap yo self",3,491710,89.29
"sleep al day",3,491713,89.29
"sleep away camp",3,491716,89.29
"sleep better tonight",3,491719,89.29
"sleep care family",3,491722,89.29
"sleep decent hour",3,491725,89.29
"sleep don get",3,491728,89.29
"sleep dream big",3,491731,89.3
"sleep get home",3,491734,89.3
"sleep go bed",3,491737,89.3
"sleep got last",3,491740,89.3
"sleep got school",3,491743,89.3
"sleep late night",3,491746,89.3
"sleep listening music",3,491749,89.3
"sleep living room",3,491752,89.3
"sleep love sleep",3,491755,89.3
"sleep missed week",3,491758,89.3
"sleep need wake",3,491761,89.3
"sleep past hours",3,491764,89.3
"sleep right bed",3,491767,89.3
"sleep save life",3,491770,89.3
"sleep social life",3,491773,89.3
"sleep started watching",3,491776,89.3
"sleep tight let",3,491779,89.3
"sleep till noon",3,491782,89.3
"sleep today good",3,491785,89.3
"sleep tomorrow school",3,491788,89.31
"sleep wake early",3,491791,89.31
"sleep work tomorrow",3,491794,89.31
"sleeping eyes open",3,491797,89.31
"sleeping shirt tonight",3,491800,89.31
"sleepy conscience ideal",3,491803,89.31
"sleepy gotta get",3,491806,89.31
"sleepy time go",3,491809,89.31
"sleepy time night",3,491812,89.31
"slept day away",3,491815,89.31
"slice red velvet",3,491818,89.31
"slick living apparel",3,491821,89.31
"slide fingers come",3,491824,89.31
"sliding glass door",3,491827,89.31
"slight chance highs",3,491830,89.31
"slight changes make",3,491833,89.31
"sloppy business sloppy",3,491836,89.31
"slow day office",3,491839,89.31
"slow green fox",3,491842,89.32
"slow just stop",3,491845,89.32
"slow news days",3,491848,89.32
"slow start morning",3,491851,89.32
"slow start today",3,491854,89.32
"slow swift reward",3,491857,89.32
"slowly making way",3,491860,89.32
"slowly ouch hurts",3,491863,89.32
"slowly surely becoming",3,491866,89.32
"small amount views",3,491869,89.32
"small business people",3,491872,89.32
"small business room",3,491875,89.32
"small business thanks",3,491878,89.32
"small business year",3,491881,89.32
"small container filled",3,491884,89.32
"small deeds done",3,491887,89.32
"small girl big",3,491890,89.32
"small hi make",3,491893,89.32
"small non profit",3,491896,89.33
"smallest things mean",3,491899,89.33
"smart grid implementation",3,491902,89.33
"smart grid technology",3,491905,89.33
"smart man woman",3,491908,89.33
"smart phones find",3,491911,89.33
"smart successful influential",3,491914,89.33
"smart weeks train",3,491917,89.33
"smarter average bear",3,491920,89.33
"smell like bacon",3,491923,89.33
"smell like bbq",3,491926,89.33
"smell like beer",3,491929,89.33
"smell like love",3,491932,89.33
"smell like money",3,491935,89.33
"smell like onion",3,491938,89.33
"smell like pizza",3,491941,89.33
"smell like wet",3,491944,89.33
"smell old people",3,491947,89.33
"smell start cooking",3,491950,89.33
"smelling cut nose",3,491953,89.34
"smelling like smoke",3,491956,89.34
"smells like baby",3,491959,89.34
"smells like bananas",3,491962,89.34
"smells like carrots",3,491965,89.34
"smells like cigarettes",3,491968,89.34
"smells like garbage",3,491971,89.34
"smells like good",3,491974,89.34
"smells like hair",3,491977,89.34
"smells like popcorn",3,491980,89.34
"smells like pork",3,491983,89.34
"smells like post",3,491986,89.34
"smells like pure",3,491989,89.34
"smells like smoke",3,491992,89.34
"smells like soap",3,491995,89.34
"smells like somebody",3,491998,89.34
"smells like sweat",3,492001,89.34
"smells like vodka",3,492004,89.34
"smells like wet",3,492007,89.35
"smells like yummy",3,492010,89.35
"smile face everyday",3,492013,89.35
"smile face just",3,492016,89.35
"smile face like",3,492019,89.35
"smile face love",3,492022,89.35
"smile face matter",3,492025,89.35
"smile face way",3,492028,89.35
"smile just got",3,492031,89.35
"smile just might",3,492034,89.35
"smile just thinking",3,492037,89.35
"smile kind word",3,492040,89.35
"smile kiss sip",3,492043,89.35
"smile knowing reason",3,492046,89.35
"smile laugh love",3,492049,89.35
"smile light window",3,492052,89.35
"smile like like",3,492055,89.35
"smile live love",3,492058,89.35
"smile looks like",3,492061,89.35
"smile make day",3,492064,89.36
"smile makes melt",3,492067,89.36
"smile shed tear",3,492070,89.36
"smile summer place",3,492073,89.36
"smile takes muscles",3,492076,89.36
"smile taking picture",3,492079,89.36
"smile tears eyes",3,492082,89.36
"smile things go",3,492085,89.36
"smiles jokes sarcasm",3,492088,89.36
"smiles tears roll",3,492091,89.36
"smiling craft import",3,492094,89.36
"smiling screen like",3,492097,89.36
"smith looks like",3,492100,89.36
"smoke business go",3,492103,89.36
"smoke drink make",3,492106,89.36
"smoke drink party",3,492109,89.36
"smoked cheddar burger",3,492112,89.36
"smoked spinach lemon",3,492115,89.36
"smooth jazz christmas",3,492118,89.37
"smooth make proverb",3,492121,89.37
"smooth sailing susan",3,492124,89.37
"snack tonight pm",3,492127,89.37
"snap shirt real",3,492130,89.37
"sneak peak today",3,492133,89.37
"snow coming hard",3,492136,89.37
"snow coming weekend",3,492139,89.37
"snow did get",3,492142,89.37
"snow hail rain",3,492145,89.37
"sober said teach",3,492148,89.37
"social coupons indianapolis",3,492151,89.37
"social justice conference",3,492154,89.37
"social media able",3,492157,89.37
"social media accepting",3,492160,89.37
"social media activity",3,492163,89.37
"social media actually",3,492166,89.37
"social media agency",3,492169,89.37
"social media allows",3,492172,89.38
"social media amazing",3,492175,89.38
"social media awesome",3,492178,89.38
"social media better",3,492181,89.38
"social media blog",3,492184,89.38
"social media blogging",3,492187,89.38
"social media blogs",3,492190,89.38
"social media boss",3,492193,89.38
"social media brand",3,492196,89.38
"social media build",3,492199,89.38
"social media causes",3,492202,89.38
"social media changing",3,492205,89.38
"social media com",3,492208,89.38
"social media community",3,492211,89.38
"social media connecting",3,492214,89.38
"social media consultant",3,492217,89.38
"social media cool",3,492220,89.38
"social media council",3,492223,89.38
"social media customers",3,492226,89.38
"social media days",3,492229,89.39
"social media develop",3,492232,89.39
"social media doing",3,492235,89.39
"social media education",3,492238,89.39
"social media enhance",3,492241,89.39
"social media expertise",3,492244,89.39
"social media far",3,492247,89.39
"social media fatigue",3,492250,89.39
"social media following",3,492253,89.39
"social media guest",3,492256,89.39
"social media interested",3,492259,89.39
"social media interesting",3,492262,89.39
"social media knowledge",3,492265,89.39
"social media learning",3,492268,89.39
"social media meet",3,492271,89.39
"social media monthly",3,492274,89.39
"social media nice",3,492277,89.39
"social media open",3,492280,89.39
"social media opportunity",3,492283,89.4
"social media part",3,492286,89.4
"social media pm",3,492289,89.4
"social media projects",3,492292,89.4
"social media promote",3,492295,89.4
"social media queen",3,492298,89.4
"social media recruiting",3,492301,89.4
"social media rocks",3,492304,89.4
"social media role",3,492307,89.4
"social media service",3,492310,89.4
"social media services",3,492313,89.4
"social media speaker",3,492316,89.4
"social media speed",3,492319,89.4
"social media spring",3,492322,89.4
"social media thought",3,492325,89.4
"social media turn",3,492328,89.4
"social media tweets",3,492331,89.4
"social media wise",3,492334,89.4
"social media yesterday",3,492337,89.41
"social occasion boutique",3,492340,89.41
"social studies history",3,492343,89.41
"social studies project",3,492346,89.41
"socially acceptable form",3,492349,89.41
"society lincoln center",3,492352,89.41
"society world ralph",3,492355,89.41
"socks step random",3,492358,89.41
"sodium soy sauce",3,492361,89.41
"softball practice tonight",3,492364,89.41
"softball size hail",3,492367,89.41
"softball team winning",3,492370,89.41
"soil appreciation goodness",3,492373,89.41
"soil left produce",3,492376,89.41
"solo come enjoy",3,492379,89.41
"solution based training",3,492382,89.41
"solutions different body",3,492385,89.41
"solve life problems",3,492388,89.41
"solve real problems",3,492391,89.41
"somebody does guess",3,492394,89.42
"somebody don books",3,492397,89.42
"somebody don give",3,492400,89.42
"somebody don know",3,492403,89.42
"somebody don make",3,492406,89.42
"somebody forgot tell",3,492409,89.42
"somebody get followers",3,492412,89.42
"somebody gone get",3,492415,89.42
"somebody just give",3,492418,89.42
"somebody just said",3,492421,89.42
"somebody just told",3,492424,89.42
"somebody lied gotta",3,492427,89.42
"somebody love video",3,492430,89.42
"somebody mark twain",3,492433,89.42
"somebody needs mirror",3,492436,89.42
"somebody play draw",3,492439,89.42
"somebody yeah wanna",3,492442,89.42
"someday actually made",3,492445,89.42
"someday learn spell",3,492448,89.43
"son soccer game",3,492451,89.43
"song art low",3,492454,89.43
"song change mood",3,492457,89.43
"song civil war",3,492460,89.43
"song close eyes",3,492463,89.43
"song comes start",3,492466,89.43
"song danced night",3,492469,89.43
"song did sing",3,492472,89.43
"song don care",3,492475,89.43
"song don think",3,492478,89.43
"song go get",3,492481,89.43
"song good job",3,492484,89.43
"song got stuck",3,492487,89.43
"song justin wrote",3,492490,89.43
"song know song",3,492493,89.43
"song know words",3,492496,89.43
"song last years",3,492499,89.43
"song lyrics mean",3,492502,89.44
"song lyrics words",3,492505,89.44
"song made cry",3,492508,89.44
"song means lot",3,492511,89.44
"song myspace com",3,492514,89.44
"song pay phone",3,492517,89.44
"song performed live",3,492520,89.44
"song playing right",3,492523,89.44
"song really cool",3,492526,89.44
"song sing karaoke",3,492529,89.44
"song sounded like",3,492532,89.44
"song teenage dream",3,492535,89.44
"song upcoming album",3,492538,89.44
"song want sing",3,492541,89.44
"song year doctor",3,492544,89.44
"songs albums itunes",3,492547,89.44
"songs boys made",3,492550,89.44
"songs brand new",3,492553,89.44
"songs just amazing",3,492556,89.44
"songs make cry",3,492559,89.45
"songs message email",3,492562,89.45
"songs ready tonight",3,492565,89.45
"songwriter check acoustic",3,492568,89.45
"songwriter meet international",3,492571,89.45
"sons play football",3,492574,89.45
"sony service watch",3,492577,89.45
"soon al want",3,492580,89.45
"soon brand new",3,492583,89.45
"soon come get",3,492586,89.45
"soon come www",3,492589,89.45
"soon don miss",3,492592,89.45
"soon don think",3,492595,89.45
"soon don want",3,492598,89.45
"soon get new",3,492601,89.45
"soon go home",3,492604,89.45
"soon go sleep",3,492607,89.45
"soon happy holidays",3,492610,89.45
"soon just come",3,492613,89.46
"soon keep lookout",3,492616,89.46
"soon keep loop",3,492619,89.46
"soon know day",3,492622,89.46
"soon like facebook",3,492625,89.46
"soon like today",3,492628,89.46
"soon maybe meet",3,492631,89.46
"soon maybe week",3,492634,89.46
"soon new job",3,492637,89.46
"soon new single",3,492640,89.46
"soon new year",3,492643,89.46
"soon quit norman",3,492646,89.46
"soon seems like",3,492649,89.46
"soon wait long",3,492652,89.46
"soon want hear",3,492655,89.46
"soon weekend day",3,492658,89.46
"soon www myspace",3,492661,89.46
"sooner written alice",3,492664,89.46
"sore don know",3,492667,89.47
"sorry afford don",3,492670,89.47
"sorry bad english",3,492673,89.47
"sorry bad experience",3,492676,89.47
"sorry did make",3,492679,89.47
"sorry going make",3,492682,89.47
"sorry hear amy",3,492685,89.47
"sorry hear best",3,492688,89.47
"sorry hear car",3,492691,89.47
"sorry hear divorce",3,492694,89.47
"sorry hear feel",3,492697,89.47
"sorry hear feeling",3,492700,89.47
"sorry hear good",3,492703,89.47
"sorry hear issue",3,492706,89.47
"sorry hear just",3,492709,89.47
"sorry hear like",3,492712,89.47
"sorry hear maybe",3,492715,89.47
"sorry hear praying",3,492718,89.47
"sorry hear rough",3,492721,89.47
"sorry hear sending",3,492724,89.48
"sorry hear sounds",3,492727,89.48
"sorry hear story",3,492730,89.48
"sorry hear wish",3,492733,89.48
"sorry hope gets",3,492736,89.48
"sorry just made",3,492739,89.48
"sorry just need",3,492742,89.48
"sorry just read",3,492745,89.48
"sorry just wondering",3,492748,89.48
"sorry last week",3,492751,89.48
"sorry learn passing",3,492754,89.48
"sorry man get",3,492757,89.48
"sorry meant going",3,492760,89.48
"sorry meant send",3,492763,89.48
"sorry missed happy",3,492766,89.48
"sorry missed love",3,492769,89.48
"sorry missed lunch",3,492772,89.48
"sorry missed meeting",3,492775,89.48
"sorry missed morning",3,492778,89.49
"sorry missed party",3,492781,89.49
"sorry missed town",3,492784,89.49
"sorry missed twitter",3,492787,89.49
"sorry missed weekend",3,492790,89.49
"sorry paying attention",3,492793,89.49
"sorry problems experiencing",3,492796,89.49
"sorry really don",3,492799,89.49
"sorry sounding like",3,492802,89.49
"sorry spam tweets",3,492805,89.49
"sorry stuck head",3,492808,89.49
"sorry won get",3,492811,89.49
"sorry won open",3,492814,89.49
"sought attended adams",3,492817,89.49
"sought lord heard",3,492820,89.49
"soul art reminds",3,492823,89.49
"soul funk party",3,492826,89.49
"soul henry ward",3,492829,89.49
"soul own nature",3,492832,89.5
"soul train awards",3,492835,89.5
"souls souls righteous",3,492838,89.5
"sound check tonight",3,492841,89.5
"sound great bear",3,492844,89.5
"sound great love",3,492847,89.5
"sound like baby",3,492850,89.5
"sound like dad",3,492853,89.5
"sound like did",3,492856,89.5
"sound like dog",3,492859,89.5
"sound like going",3,492862,89.5
"sound like gonna",3,492865,89.5
"sound like hit",3,492868,89.5
"sound like like",3,492871,89.5
"sound like love",3,492874,89.5
"sound like parents",3,492877,89.5
"sound like person",3,492880,89.5
"sound like real",3,492883,89.5
"sound rain roof",3,492886,89.5
"sound really like",3,492889,89.51
"sound support band",3,492892,89.51
"sound wooden trust",3,492895,89.51
"sounded exactly like",3,492898,89.51
"sounding like going",3,492901,89.51
"sounds great really",3,492904,89.51
"sounds just good",3,492907,89.51
"sounds like appreciate",3,492910,89.51
"sounds like awful",3,492913,89.51
"sounds like bacon",3,492916,89.51
"sounds like brilliant",3,492919,89.51
"sounds like car",3,492922,89.51
"sounds like cd",3,492925,89.51
"sounds like child",3,492928,89.51
"sounds like crushed",3,492931,89.51
"sounds like date",3,492934,89.51
"sounds like deserve",3,492937,89.51
"sounds like disaster",3,492940,89.51
"sounds like fancy",3,492943,89.52
"sounds like far",3,492946,89.52
"sounds like french",3,492949,89.52
"sounds like full",3,492952,89.52
"sounds like future",3,492955,89.52
"sounds like home",3,492958,89.52
"sounds like horrible",3,492961,89.52
"sounds like house",3,492964,89.52
"sounds like let",3,492967,89.52
"sounds like living",3,492970,89.52
"sounds like missing",3,492973,89.52
"sounds like music",3,492976,89.52
"sounds like must",3,492979,89.52
"sounds like part",3,492982,89.52
"sounds like perfection",3,492985,89.52
"sounds like person",3,492988,89.52
"sounds like playing",3,492991,89.52
"sounds like plot",3,492994,89.52
"sounds like pulled",3,492997,89.52
"sounds like punk",3,493000,89.53
"sounds like pure",3,493003,89.53
"sounds like put",3,493006,89.53
"sounds like read",3,493009,89.53
"sounds like reading",3,493012,89.53
"sounds like reasonable",3,493015,89.53
"sounds like scam",3,493018,89.53
"sounds like scene",3,493021,89.53
"sounds like shitty",3,493024,89.53
"sounds like similar",3,493027,89.53
"sounds like somebody",3,493030,89.53
"sounds like south",3,493033,89.53
"sounds like stalking",3,493036,89.53
"sounds like start",3,493039,89.53
"sounds like strong",3,493042,89.53
"sounds like sweet",3,493045,89.53
"sounds like tasty",3,493048,89.53
"sounds like title",3,493051,89.53
"sounds like tomorrow",3,493054,89.54
"sounds like ton",3,493057,89.54
"sounds like trip",3,493060,89.54
"sounds like wanna",3,493063,89.54
"sounds like wild",3,493066,89.54
"sounds like won",3,493069,89.54
"sounds like working",3,493072,89.54
"sounds nice relaxing",3,493075,89.54
"soup kind day",3,493078,89.54
"soup stock market",3,493081,89.54
"soups day tomato",3,493084,89.54
"soups korean pork",3,493087,89.54
"soups roasted squash",3,493090,89.54
"soups tomato basil",3,493093,89.54
"sour sour patch",3,493096,89.54
"source knowledge experience",3,493099,89.54
"south bay area",3,493102,89.54
"south central la",3,493105,89.54
"south john right",3,493108,89.55
"south point casino",3,493111,89.55
"south texas foster",3,493114,89.55
"southern california follow",3,493117,89.55
"southern region contest",3,493120,89.55
"southwest high school",3,493123,89.55
"spa day mention",3,493126,89.55
"spa yoga class",3,493129,89.55
"space looks great",3,493132,89.55
"space needle golden",3,493135,89.55
"space needle looks",3,493138,89.55
"spam got hacked",3,493141,89.55
"spam let know",3,493144,89.55
"spam messages account",3,493147,89.55
"spam twitter accounts",3,493150,89.55
"spanish starts pm",3,493153,89.55
"spanish want learn",3,493156,89.55
"spanish year beginning",3,493159,89.55
"speak high school",3,493162,89.55
"speak kind words",3,493165,89.56
"speak mind hurts",3,493168,89.56
"speak mind mind",3,493171,89.56
"speaker opportunities available",3,493174,89.56
"speaking conversations new",3,493177,89.56
"speaking roles extras",3,493180,89.56
"special add tasty",3,493183,89.56
"special bottle pricing",3,493186,89.56
"special combo just",3,493189,89.56
"special discount caring",3,493192,89.56
"special discount code",3,493195,89.56
"special fried chicken",3,493198,89.56
"special house ground",3,493201,89.56
"special keep number",3,493204,89.56
"special labor day",3,493207,89.56
"special large topping",3,493210,89.56
"special mixed baby",3,493213,89.56
"special night visit",3,493216,89.56
"special pint night",3,493219,89.57
"special promo code",3,493222,89.57
"special reason stop",3,493225,89.57
"special shout new",3,493228,89.57
"special st patty",3,493231,89.57
"special stuffed shells",3,493234,89.57
"special teams ace",3,493237,89.57
"special tonight pm",3,493240,89.57
"special valentines disc",3,493243,89.57
"specials apps rail",3,493246,89.57
"specials food keep",3,493249,89.57
"specials menu craft",3,493252,89.57
"speech compensation freedom",3,493255,89.57
"speed limit mph",3,493258,89.57
"spell anyway real",3,493261,89.57
"spell get good",3,493264,89.57
"spell spell hit",3,493267,89.57
"spell things right",3,493270,89.57
"spell words correctly",3,493273,89.58
"spelling bee finals",3,493276,89.58
"spencer spencer spencer",3,493279,89.58
"spend couple weeks",3,493282,89.58
"spend days doing",3,493285,89.58
"spend energy making",3,493288,89.58
"spend hours doing",3,493291,89.58
"spend hours looking",3,493294,89.58
"spend hours trying",3,493297,89.58
"spend hump day",3,493300,89.58
"spend life believing",3,493303,89.58
"spend life things",3,493306,89.58
"spend rest evening",3,493309,89.58
"spend successful woman",3,493312,89.58
"spend thought like",3,493315,89.58
"spend time alone",3,493318,89.58
"spend time indoors",3,493321,89.58
"spend time just",3,493324,89.58
"spend time learning",3,493327,89.58
"spend time listening",3,493330,89.59
"spend time online",3,493333,89.59
"spend time relaxing",3,493336,89.59
"spend time sam",3,493339,89.59
"spend time talking",3,493342,89.59
"spend time time",3,493345,89.59
"spend time wallet",3,493348,89.59
"spend time wondering",3,493351,89.59
"spend world best",3,493354,89.59
"spending beautiful day",3,493357,89.59
"spending car ease",3,493360,89.59
"spending choices beverly",3,493363,89.59
"spending extra day",3,493366,89.59
"spending holiday weekend",3,493369,89.59
"spending lots time",3,493372,89.59
"spending money today",3,493375,89.59
"spending night hotel",3,493378,89.59
"spending night tonight",3,493381,89.59
"spending part day",3,493384,89.6
"spending time amy",3,493387,89.6
"spending time focusing",3,493390,89.6
"spending time girl",3,493393,89.6
"spending time great",3,493396,89.6
"spending time hubby",3,493399,89.6
"spending time people",3,493402,89.6
"spending time person",3,493405,89.6
"spending time sister",3,493408,89.6
"spending time tonight",3,493411,89.6
"spending time wit",3,493414,89.6
"spending valentines day",3,493417,89.6
"spent based foundation",3,493420,89.6
"spent brings happy",3,493423,89.6
"spent discovering spiritual",3,493426,89.6
"spent friday night",3,493429,89.6
"spent great weekend",3,493432,89.6
"spent hour bowling",3,493435,89.6
"spent hour calories",3,493438,89.61
"spent hour trying",3,493441,89.61
"spent hundred dollars",3,493444,89.61
"spent lots time",3,493447,89.61
"spent loved ones",3,493450,89.61
"spent lunch hour",3,493453,89.61
"spent majority day",3,493456,89.61
"spent minutes biking",3,493459,89.61
"spent minutes looking",3,493462,89.61
"spent minutes talking",3,493465,89.61
"spent money today",3,493468,89.61
"spent weekend watching",3,493471,89.61
"spent years life",3,493474,89.61
"spent years living",3,493477,89.61
"spicy ginger shrimp",3,493480,89.61
"spicy tomato sauce",3,493483,89.61
"spider man going",3,493486,89.61
"spider man movie",3,493489,89.61
"spilled coffee myself",3,493492,89.61
"spin class tomorrow",3,493495,89.62
"spin new single",3,493498,89.62
"spin thursday midnight",3,493501,89.62
"spinach goat cheese",3,493504,89.62
"spinach lemon butter",3,493507,89.62
"spinning cleveland class",3,493510,89.62
"spinning old school",3,493513,89.62
"spiritual core building",3,493516,89.62
"spiritual journey spiritual",3,493519,89.62
"spiritual practice aimed",3,493522,89.62
"splash water face",3,493525,89.62
"spoke last night",3,493528,89.62
"spoke last week",3,493531,89.62
"spoken word artist",3,493534,89.62
"spoken word thursday",3,493537,89.62
"sponsor miss california",3,493540,89.62
"sponsoring hosting last",3,493543,89.62
"sport brother support",3,493546,89.62
"sporting kc tonight",3,493549,89.63
"sports bar come",3,493552,89.63
"sports build character",3,493555,89.63
"sports calories burned",3,493558,89.63
"sports news interesting",3,493561,89.63
"sports pirates braves",3,493564,89.63
"sports seeking chicago",3,493567,89.63
"sports stories day",3,493570,89.63
"sports tackles industry",3,493573,89.63
"sports teams just",3,493576,89.63
"sports tonight pm",3,493579,89.63
"spot downtown levels",3,493582,89.63
"spot rhythm jazz",3,493585,89.63
"spot trending west",3,493588,89.63
"spots left come",3,493591,89.63
"spots left www",3,493594,89.63
"spots let know",3,493597,89.63
"spotted dc today",3,493600,89.63
"spray maintain safety",3,493603,89.64
"spreading word doing",3,493606,89.64
"spreading word keep",3,493609,89.64
"spreading word thanks",3,493612,89.64
"spring air time",3,493615,89.64
"spring beautiful day",3,493618,89.64
"spring beauty trend",3,493621,89.64
"spring feel like",3,493624,89.64
"spring fever just",3,493627,89.64
"spring forward daylight",3,493630,89.64
"spring forward don",3,493633,89.64
"spring forward spring",3,493636,89.64
"spring semester come",3,493639,89.64
"springs road henry",3,493642,89.64
"springs soul henry",3,493645,89.64
"springsteen street band",3,493648,89.64
"spurs lead warriors",3,493651,89.64
"spy loved sushi",3,493654,89.64
"square east lincoln",3,493657,89.64
"square garden minutes",3,493660,89.65
"squirrel find nut",3,493663,89.65
"squirrel finds nut",3,493666,89.65
"st amendment jam",3,493669,89.65
"st ann warehouse",3,493672,89.65
"st day celebration",3,493675,89.65
"st day class",3,493678,89.65
"st day come",3,493681,89.65
"st day don",3,493684,89.65
"st day everybody",3,493687,89.65
"st day irish",3,493690,89.65
"st day like",3,493693,89.65
"st day set",3,493696,89.65
"st friday month",3,493699,89.65
"st get free",3,493702,89.65
"st james park",3,493705,89.65
"st keep eye",3,493708,89.65
"st last year",3,493711,89.65
"st louis live",3,493714,89.66
"st louis week",3,493717,89.66
"st mary woods",3,493720,89.66
"st nw pm",3,493723,89.66
"st patrick drove",3,493726,89.66
"st patrick parade",3,493729,89.66
"st penn st",3,493732,89.66
"st person tweet",3,493735,89.66
"st pg google",3,493738,89.66
"st raising champions",3,493741,89.66
"st rd th",3,493744,89.66
"st sitting president",3,493747,89.66
"st thing need",3,493750,89.66
"st time flies",3,493753,89.66
"st time going",3,493756,89.66
"st time good",3,493759,89.66
"st time happened",3,493762,89.66
"st time history",3,493765,89.66
"st time twitter",3,493768,89.66
"st time weekend",3,493771,89.67
"st tweet wins",3,493774,89.67
"st valentine day",3,493777,89.67
"st vincent album",3,493780,89.67
"st week july",3,493783,89.67
"st week june",3,493786,89.67
"st www com",3,493789,89.67
"stadium orlando vs",3,493792,89.67
"staff doing best",3,493795,89.67
"staff sgt robert",3,493798,89.67
"staff writer meeting",3,493801,89.67
"staffers readers experts",3,493804,89.67
"stage open competition",3,493807,89.67
"stage pm today",3,493810,89.67
"stage pm tonight",3,493813,89.67
"stage sing turn",3,493816,89.67
"stage tonight amazing",3,493819,89.67
"stages let know",3,493822,89.67
"stalking er following",3,493825,89.68
"stamp nation jason",3,493828,89.68
"stamp twitter tuesday",3,493831,89.68
"stamping nyc printing",3,493834,89.68
"stand class humble",3,493837,89.68
"stand comedy clinic",3,493840,89.68
"stand edge pool",3,493843,89.68
"stand must go",3,493846,89.68
"stand shoulder make",3,493849,89.68
"standing equality truly",3,493852,89.68
"standing fastest way",3,493855,89.68
"standing feet away",3,493858,89.68
"standing last night",3,493861,89.68
"standing line post",3,493864,89.68
"standing outside house",3,493867,89.68
"standing relationship fun",3,493870,89.68
"staples center game",3,493873,89.68
"star family christmas",3,493876,89.68
"star hip hop",3,493879,89.69
"star horizon fiber",3,493882,89.69
"star tunes review",3,493885,89.69
"star wars best",3,493888,89.69
"star wars commercial",3,493891,89.69
"star wars fans",3,493894,89.69
"star wars game",3,493897,89.69
"stare long door",3,493900,89.69
"stare window wait",3,493903,89.69
"staring tattoos maybe",3,493906,89.69
"starring bruce willis",3,493909,89.69
"stars change world",3,493912,89.69
"stars hold destiny",3,493915,89.69
"stars john green",3,493918,89.69
"stars louis van",3,493921,89.69
"stars touch follow",3,493924,89.69
"start acting right",3,493927,89.69
"start clothing line",3,493930,89.69
"start conversation won",3,493933,89.69
"start day better",3,493936,89.7
"start day doing",3,493939,89.7
"start day free",3,493942,89.7
"start day get",3,493945,89.7
"start day getting",3,493948,89.7
"start day seeing",3,493951,89.7
"start day watching",3,493954,89.7
"start degree monday",3,493957,89.7
"start developing apps",3,493960,89.7
"start drinking beer",3,493963,89.7
"start end day",3,493966,89.7
"start end mind",3,493969,89.7
"start finish paper",3,493972,89.7
"start get better",3,493975,89.7
"start get ready",3,493978,89.7
"start get started",3,493981,89.7
"start going bed",3,493984,89.7
"start going good",3,493987,89.7
"start good week",3,493990,89.71
"start high school",3,493993,89.71
"start just getting",3,493996,89.71
"start just keep",3,493999,89.71
"start like like",3,494002,89.71
"start looks like",3,494005,89.71
"start moment choose",3,494008,89.71
"start monday right",3,494011,89.71
"start new album",3,494014,89.71
"start new hashtag",3,494017,89.71
"start new reason",3,494020,89.71
"start new school",3,494023,89.71
"start new season",3,494026,89.71
"start own blog",3,494029,89.71
"start own company",3,494032,89.71
"start planning holiday",3,494035,89.71
"start premise function",3,494038,89.71
"start saying don",3,494041,89.71
"start school monday",3,494044,89.72
"start school week",3,494047,89.72
"start small business",3,494050,89.72
"start summer classes",3,494053,89.72
"start support group",3,494056,89.72
"start taking care",3,494059,89.72
"start watching game",3,494062,89.72
"start watching tv",3,494065,89.72
"started band called",3,494068,89.72
"started early today",3,494071,89.72
"started full time",3,494074,89.72
"started ready go",3,494077,89.72
"started twitter thing",3,494080,89.72
"started using project",3,494083,89.72
"started using work",3,494086,89.72
"started working new",3,494089,89.72
"started writing new",3,494092,89.72
"started yrs ago",3,494095,89.72
"starting come play",3,494098,89.72
"starting dec th",3,494101,89.73
"starting friday night",3,494104,89.73
"starting long journey",3,494107,89.73
"starting look better",3,494110,89.73
"starting man mirror",3,494113,89.73
"starting point guard",3,494116,89.73
"starting pull away",3,494119,89.73
"starting right get",3,494122,89.73
"starting smell like",3,494125,89.73
"starting soon come",3,494128,89.73
"starting stay tuned",3,494131,89.73
"starting work today",3,494134,89.73
"starts august th",3,494137,89.73
"starts come hang",3,494140,89.73
"starts july th",3,494143,89.73
"starts look like",3,494146,89.73
"starts march nd",3,494149,89.73
"starts minutes come",3,494152,89.73
"starts minutes get",3,494155,89.74
"starts nov th",3,494158,89.74
"starts pm eastern",3,494161,89.74
"starts pm www",3,494164,89.74
"starts racing heart",3,494167,89.74
"starts raffle prizes",3,494170,89.74
"starts receiving process",3,494173,89.74
"starts single step",3,494176,89.74
"starts week today",3,494179,89.74
"starts www com",3,494182,89.74
"state art facility",3,494185,89.74
"state chairman tom",3,494188,89.74
"state child deaths",3,494191,89.74
"state city speech",3,494194,89.74
"state college blvd",3,494197,89.74
"state college pa",3,494200,89.74
"state game tomorrow",3,494203,89.74
"state madison state",3,494206,89.74
"state require students",3,494209,89.75
"state st madison",3,494212,89.75
"state union strong",3,494215,89.75
"statement statement statement",3,494218,89.75
"station heart radio",3,494221,89.75
"statistics made spot",3,494224,89.75
"stats last night",3,494227,89.75
"status person ruins",3,494230,89.75
"status update use",3,494233,89.75
"status updates twitter",3,494236,89.75
"stay away house",3,494239,89.75
"stay away man",3,494242,89.75
"stay away possible",3,494245,89.75
"stay bed bad",3,494248,89.75
"stay bed just",3,494251,89.75
"stay blessed beautiful",3,494254,89.75
"stay couple days",3,494257,89.75
"stay date latest",3,494260,89.75
"stay date trending",3,494263,89.75
"stay dry today",3,494266,89.76
"stay gotta go",3,494269,89.76
"stay home alone",3,494272,89.76
"stay home clean",3,494275,89.76
"stay home kids",3,494278,89.76
"stay home mothers",3,494281,89.76
"stay home november",3,494284,89.76
"stay home raise",3,494287,89.76
"stay home stay",3,494290,89.76
"stay home write",3,494293,89.76
"stay inside keep",3,494296,89.76
"stay inside tonight",3,494299,89.76
"stay long cause",3,494302,89.76
"stay penalty box",3,494305,89.76
"stay safe fun",3,494308,89.76
"stay safe guys",3,494311,89.76
"stay safe hope",3,494314,89.76
"stay school drugs",3,494317,89.76
"stay thirsty friend",3,494320,89.77
"stay watch game",3,494323,89.77
"stay way past",3,494326,89.77
"stayed late watching",3,494329,89.77
"staying late just",3,494332,89.77
"staying late read",3,494335,89.77
"staying late tonight",3,494338,89.77
"staying louis cole",3,494341,89.77
"staying night just",3,494344,89.77
"staying south florida",3,494347,89.77
"staying way late",3,494350,89.77
"stays long anyone",3,494353,89.77
"steak made order",3,494356,89.77
"steak mashed potatoes",3,494359,89.77
"stealing just wanted",3,494362,89.77
"step ahead clients",3,494365,89.77
"step big time",3,494368,89.77
"step establish rules",3,494371,89.77
"step greatest hill",3,494374,89.78
"step knowledge benjamin",3,494377,89.78
"step pr career",3,494380,89.78
"step random wet",3,494383,89.78
"step social media",3,494386,89.78
"stephen king best",3,494389,89.78
"stephen king book",3,494392,89.78
"stephen king novel",3,494395,89.78
"stephen vs skip",3,494398,89.78
"steps achievement plan",3,494401,89.78
"steps aging younger",3,494404,89.78
"steps right direction",3,494407,89.78
"steps walk life",3,494410,89.78
"steve jobs ceo",3,494413,89.78
"steve jobs day",3,494416,89.78
"steve jobs great",3,494419,89.78
"steve jobs iphone",3,494422,89.78
"steve jobs jobs",3,494425,89.78
"steve jobs johnny",3,494428,89.78
"steve jobs movie",3,494431,89.79
"steve jobs steps",3,494434,89.79
"steve jobs technology",3,494437,89.79
"steve jobs true",3,494440,89.79
"steven curtis chapman",3,494443,89.79
"steven tyler idol",3,494446,89.79
"steven tyler national",3,494449,89.79
"stick thing get",3,494452,89.79
"stick thing till",3,494455,89.79
"stock march orders",3,494458,89.79
"stoked new release",3,494461,89.79
"stole heart just",3,494464,89.79
"stomach get like",3,494467,89.79
"stomach making noises",3,494470,89.79
"stomach starting hurt",3,494473,89.79
"stone brewing co",3,494476,89.79
"stone cold nuts",3,494479,89.79
"stone ground mustard",3,494482,89.79
"stop asking find",3,494485,89.8
"stop believing dreams",3,494488,89.8
"stop breakfast lunch",3,494491,89.8
"stop burger fries",3,494494,89.8
"stop buying things",3,494497,89.8
"stop chasing second",3,494500,89.8
"stop check great",3,494503,89.8
"stop chocolate library",3,494506,89.8
"stop complaining get",3,494509,89.8
"stop depending people",3,494512,89.8
"stop dj dj",3,494515,89.8
"stop don give",3,494518,89.8
"stop don wanna",3,494521,89.8
"stop drinking soda",3,494524,89.8
"stop exercising dr",3,494527,89.8
"stop exercising grow",3,494530,89.8
"stop following twitter",3,494533,89.8
"stop giving start",3,494536,89.8
"stop go bed",3,494539,89.8
"stop hating get",3,494542,89.81
"stop let cross",3,494545,89.81
"stop lunch dinner",3,494548,89.81
"stop make hammer",3,494551,89.81
"stop make prices",3,494554,89.81
"stop meeting like",3,494557,89.81
"stop people like",3,494560,89.81
"stop pm ladies",3,494563,89.81
"stop pm today",3,494566,89.81
"stop pretending know",3,494569,89.81
"stop pretending like",3,494572,89.81
"stop prisoner past",3,494575,89.81
"stop reading books",3,494578,89.81
"stop reading comments",3,494581,89.81
"stop reading go",3,494584,89.81
"stop register win",3,494587,89.81
"stop san diego",3,494590,89.81
"stop sending emails",3,494593,89.81
"stop sending stuff",3,494596,89.82
"stop stop don",3,494599,89.82
"stop take breath",3,494602,89.82
"stop talking don",3,494605,89.82
"stop talking food",3,494608,89.82
"stop talking nice",3,494611,89.82
"stop telling truth",3,494614,89.82
"stop texting driving",3,494617,89.82
"stop texting middle",3,494620,89.82
"stop texting people",3,494623,89.82
"stop think really",3,494626,89.82
"stop time town",3,494629,89.82
"stop tomorrow check",3,494632,89.82
"stop tonight pm",3,494635,89.82
"stop tonight train",3,494638,89.82
"stop try colts",3,494641,89.82
"stop try delicious",3,494644,89.82
"stop try famous",3,494647,89.82
"stop venue grab",3,494650,89.83
"stop wanting get",3,494653,89.83
"stop working just",3,494656,89.83
"stop worrying worry",3,494659,89.83
"stopped say hi",3,494662,89.83
"stopped way home",3,494665,89.83
"stopped years ago",3,494668,89.83
"stops realize time",3,494671,89.83
"store fashion valley",3,494674,89.83
"store friday night",3,494677,89.83
"store main room",3,494680,89.83
"stores info sale",3,494683,89.83
"stories past year",3,494686,89.83
"storm best dress",3,494689,89.83
"storm clouds coming",3,494692,89.83
"storms moving east",3,494695,89.83
"story coming news",3,494698,89.83
"story good luck",3,494701,89.83
"story good man",3,494704,89.83
"story high school",3,494707,89.84
"story including abc",3,494710,89.84
"story night club",3,494713,89.84
"story point works",3,494716,89.84
"story regarding academic",3,494719,89.84
"story san diego",3,494722,89.84
"story seems like",3,494725,89.84
"story social media",3,494728,89.84
"story tell friends",3,494731,89.84
"straight edge people",3,494734,89.84
"straight old school",3,494737,89.84
"strain day blue",3,494740,89.84
"stranger long time",3,494743,89.84
"stranger strange land",3,494746,89.84
"strangers twitter strangers",3,494749,89.84
"strategic planning process",3,494752,89.84
"strategic workforce planning",3,494755,89.84
"stream com live",3,494758,89.84
"stream life runs",3,494761,89.85
"streaming music free",3,494764,89.85
"street challenged water",3,494767,89.85
"street co op",3,494770,89.85
"street fashion ideas",3,494773,89.85
"street fighter iv",3,494776,89.85
"street just like",3,494779,89.85
"street public parking",3,494782,89.85
"streets don say",3,494785,89.85
"streets taco bell",3,494788,89.85
"strength hope create",3,494791,89.85
"strength hot water",3,494794,89.85
"strength knowledge lack",3,494797,89.85
"strength matter made",3,494800,89.85
"strength training routine",3,494803,89.85
"strength weary increases",3,494806,89.85
"stress awareness month",3,494809,89.85
"stress free moving",3,494812,89.85
"stress lack sleep",3,494815,89.86
"stretch stretch stretch",3,494818,89.86
"striking spam followers",3,494821,89.86
"strings attached doubt",3,494824,89.86
"strings attached like",3,494827,89.86
"stroll park beautiful",3,494830,89.86
"strong actually weakness",3,494833,89.86
"strong cup coffee",3,494836,89.86
"strong middle class",3,494839,89.86
"strong peace mind",3,494842,89.86
"strong put hot",3,494845,89.86
"strong second half",3,494848,89.86
"strong social media",3,494851,89.86
"strong weak afraid",3,494854,89.86
"stronger pull really",3,494857,89.86
"stronger yesterday face",3,494860,89.86
"strongest muscle human",3,494863,89.86
"strongest woman know",3,494866,89.86
"strongest women know",3,494869,89.86
"strongly impressed must",3,494872,89.87
"stubborn ask directions",3,494875,89.87
"stuck head fun",3,494878,89.87
"stuck head past",3,494881,89.87
"stuck head rest",3,494884,89.87
"stuck head way",3,494887,89.87
"stuck inside computer",3,494890,89.87
"stuck inside doing",3,494893,89.87
"stuck inside studying",3,494896,89.87
"stuck inside work",3,494899,89.87
"stuck little rock",3,494902,89.87
"stuck parking lot",3,494905,89.87
"student current president",3,494908,89.87
"student just asked",3,494911,89.87
"student loan payment",3,494914,89.87
"student passed away",3,494917,89.87
"student rush tickets",3,494920,89.87
"student speaks spanish",3,494923,89.87
"student success task",3,494926,89.88
"students don get",3,494929,89.88
"students higher ed",3,494932,89.88
"students just started",3,494935,89.88
"students learn better",3,494938,89.88
"students love get",3,494941,89.88
"students middle school",3,494944,89.88
"students shot morning",3,494947,89.88
"students stay high",3,494950,89.88
"students want know",3,494953,89.88
"studio feel like",3,494956,89.88
"studio free members",3,494959,89.88
"studio session tomorrow",3,494962,89.88
"studio working hard",3,494965,89.88
"studios halloween horror",3,494968,89.88
"studios th ave",3,494971,89.88
"studios th avenue",3,494974,89.88
"study guide done",3,494977,89.88
"study hard exams",3,494980,89.89
"study hard students",3,494983,89.89
"study hours later",3,494986,89.89
"study last finals",3,494989,89.89
"study study tell",3,494992,89.89
"study test nerd",3,494995,89.89
"stuff coming sky",3,494998,89.89
"stuff coming way",3,495001,89.89
"stuff don care",3,495004,89.89
"stuff don like",3,495007,89.89
"stuff get ahead",3,495010,89.89
"stuff get way",3,495013,89.89
"stuff ha ha",3,495016,89.89
"stuff happening today",3,495019,89.89
"stuff hope don",3,495022,89.89
"stuff http www",3,495025,89.89
"stuff keep coming",3,495028,89.89
"stuff know know",3,495031,89.89
"stuff make happy",3,495034,89.89
"stuff near future",3,495037,89.9
"stuff sounds great",3,495040,89.9
"stuff stay tuned",3,495043,89.9
"stuff time time",3,495046,89.9
"stuffed baked smoked",3,495049,89.9
"stunning art print",3,495052,89.9
"style fried chicken",3,495055,89.9
"subjects parents proud",3,495058,89.9
"submissions get want",3,495061,89.9
"submit theme get",3,495064,89.9
"submitted film festival",3,495067,89.9
"subscribe youtube com",3,495070,89.9
"substance things hoped",3,495073,89.9
"succeed finding work",3,495076,89.9
"succeed run risk",3,495079,89.9
"success blocked planning",3,495082,89.9
"success comes knowing",3,495085,89.9
"success comes man",3,495088,89.9
"success comes way",3,495091,89.91
"success does come",3,495094,89.91
"success does making",3,495097,89.91
"success dr joyce",3,495100,89.91
"success fact world",3,495103,89.91
"success happens attempts",3,495106,89.91
"success madonna helen",3,495109,89.91
"success sarah brown",3,495112,89.91
"success showing woody",3,495115,89.91
"success social media",3,495118,89.91
"success start thinking",3,495121,89.91
"success stories past",3,495124,89.91
"success task force",3,495127,89.91
"success team sport",3,495130,89.91
"success tempting parking",3,495133,89.91
"success word answer",3,495136,89.91
"successful influential women",3,495139,89.91
"successful lot hard",3,495142,89.91
"successful men women",3,495145,89.92
"successful online marketing",3,495148,89.92
"successful venture child",3,495151,89.92
"successful www com",3,495154,89.92
"sucks actually doing",3,495157,89.92
"sucks bad got",3,495160,89.92
"sucks don think",3,495163,89.92
"sucks just don",3,495166,89.92
"sucks just makes",3,495169,89.92
"sucks know need",3,495172,89.92
"sucks last time",3,495175,89.92
"suddenly new lows",3,495178,89.92
"sugar ice cream",3,495181,89.92
"suggest carrot cake",3,495184,89.92
"suggested might like",3,495187,89.92
"suggestion fourth share",3,495190,89.92
"suit idea explosive",3,495193,89.92
"suit looks like",3,495196,89.92
"suite san diego",3,495199,89.92
"sum hot wings",3,495202,89.93
"sum ice cream",3,495205,89.93
"summer bummer leave",3,495208,89.93
"summer coming end",3,495211,89.93
"summer coming soon",3,495214,89.93
"summer day great",3,495217,89.93
"summer disco legend",3,495220,89.93
"summer gonna epic",3,495223,89.93
"summer gonna great",3,495226,89.93
"summer good time",3,495229,89.93
"summer internship opportunities",3,495232,89.93
"summer lets get",3,495235,89.93
"summer like last",3,495238,89.93
"summer like weather",3,495241,89.93
"summer love summer",3,495244,89.93
"summer road trip",3,495247,89.93
"summer school program",3,495250,89.93
"summer senior year",3,495253,89.93
"summer skin series",3,495256,89.94
"summer tour come",3,495259,89.94
"summer tour going",3,495262,89.94
"summer wants come",3,495265,89.94
"summer went fast",3,495268,89.94
"sun actually shining",3,495271,89.94
"sun basketball league",3,495274,89.94
"sun blue sky",3,495277,89.94
"sun comes days",3,495280,89.94
"sun feels good",3,495283,89.94
"sun fresh air",3,495286,89.94
"sun just come",3,495289,89.94
"sun looks like",3,495292,89.94
"sun mark anderson",3,495295,89.94
"sun mark towns",3,495298,89.94
"sun needs come",3,495301,89.94
"sun pm hbo",3,495304,89.94
"sun say hello",3,495307,89.94
"sun sept th",3,495310,89.94
"sun shine okay",3,495313,89.95
"sun starting shine",3,495316,89.95
"sun tired shade",3,495319,89.95
"sunday beautiful day",3,495322,89.95
"sunday best sunday",3,495325,89.95
"sunday brunch pm",3,495328,89.95
"sunday brunch today",3,495331,89.95
"sunday busy busy",3,495334,89.95
"sunday come join",3,495337,89.95
"sunday daylight savings",3,495340,89.95
"sunday earth day",3,495343,89.95
"sunday feels like",3,495346,89.95
"sunday go get",3,495349,89.95
"sunday good luck",3,495352,89.95
"sunday great food",3,495355,89.95
"sunday hope great",3,495358,89.95
"sunday lot fun",3,495361,89.95
"sunday main street",3,495364,89.95
"sunday miami charges",3,495367,89.96
"sunday miller park",3,495370,89.96
"sunday morning coffee",3,495373,89.96
"sunday morning don",3,495376,89.96
"sunday morning going",3,495379,89.96
"sunday morning hard",3,495382,89.96
"sunday morning news",3,495385,89.96
"sunday morning service",3,495388,89.96
"sunday night hopefully",3,495391,89.96
"sunday sunday pm",3,495394,89.96
"sunday wish luck",3,495397,89.96
"sundays thinking taking",3,495400,89.96
"sunglasses ugly girl",3,495403,89.96
"sunny days ahead",3,495406,89.96
"sunny perfect day",3,495409,89.96
"sunny skies degrees",3,495412,89.96
"sunny slight chance",3,495415,89.96
"sunny warm high",3,495418,89.96
"sunshine breeze gift",3,495421,89.97
"sunshine rainy day",3,495424,89.97
"super excited future",3,495427,89.97
"super excited going",3,495430,89.97
"super excited good",3,495433,89.97
"super excited learn",3,495436,89.97
"super excited opportunity",3,495439,89.97
"super excited start",3,495442,89.97
"super excited tell",3,495445,89.97
"super fast follow",3,495448,89.97
"super late start",3,495451,89.97
"super late thanks",3,495454,89.97
"super mario brothers",3,495457,89.97
"super mario smash",3,495460,89.97
"super mario sunshine",3,495463,89.97
"super power ability",3,495466,89.97
"super pumped get",3,495469,89.97
"super sad true",3,495472,89.97
"super soul sunday",3,495475,89.97
"super super awesome",3,495478,89.98
"super super excited",3,495481,89.98
"super super happy",3,495484,89.98
"super sweet get",3,495487,89.98
"super tired long",3,495490,89.98
"super tired need",3,495493,89.98
"super tuesday results",3,495496,89.98
"superior countries born",3,495499,89.98
"supernatural season finale",3,495502,89.98
"support anti bullying",3,495505,89.98
"support band favorite",3,495508,89.98
"support base camp",3,495511,89.98
"support cause www",3,495514,89.98
"support charities community",3,495517,89.98
"support great community",3,495520,89.98
"support great man",3,495523,89.98
"support great music",3,495526,89.98
"support guys awesome",3,495529,89.98
"support hard work",3,495532,89.99
"support hope enjoy",3,495535,89.99
"support hope soon",3,495538,89.99
"support hr online",3,495541,89.99
"support just don",3,495544,89.99
"support just got",3,495547,89.99
"support keep watching",3,495550,89.99
"support launch jan",3,495553,89.99
"support licensing online",3,495556,89.99
"support lung association",3,495559,89.99
"support middle class",3,495562,89.99
"support need help",3,495565,89.99
"support new business",3,495568,89.99
"support occupy wall",3,495571,89.99
"support ron paul",3,495574,89.99
"support single moms",3,495577,89.99
"support tom barrett",3,495580,89.99
"support victims child",3,495583,89.99
"support wishing best",3,495586,90
"supported last night",3,495589,90
"supported local business",3,495592,90
"supporting justin like",3,495595,90
"supporting local businesses",3,495598,90
"supports present encourages",3,495601,90
"suppose hot today",3,495604,90
"suppose makes sense",3,495607,90
"supposed get today",3,495610,90
"supposed know real",3,495613,90
"supposed say make",3,495616,90
"supreme happiness life",3,495619,90
"sure brush teeth",3,495622,90
"sure check film",3,495625,90
"sure check just",3,495628,90
"sure check local",3,495631,90
"sure check love",3,495634,90
"sure check page",3,495637,90
"sure check schedule",3,495640,90
"sure check specials",3,495643,90.01
"sure check tomorrow",3,495646,90.01
"sure day know",3,495649,90.01
"sure doing anything",3,495652,90.01
"sure fall asleep",3,495655,90.01
"sure follow band",3,495658,90.01
"sure follow instagram",3,495661,90.01
"sure follow keep",3,495664,90.01
"sure follow stay",3,495667,90.01
"sure following twitter",3,495670,90.01
"sure former einstein",3,495673,90.01
"sure get best",3,495676,90.01
"sure get chance",3,495679,90.01
"sure get touch",3,495682,90.01
"sure give big",3,495685,90.01
"sure gonna amazing",3,495688,90.01
"sure happy mother",3,495691,90.01
"sure ill follow",3,495694,90.01
"sure just don",3,495697,90.02
"sure just fine",3,495700,90.02
"sure just give",3,495703,90.02
"sure just know",3,495706,90.02
"sure just made",3,495709,90.02
"sure just said",3,495712,90.02
"sure just sent",3,495715,90.02
"sure just wanted",3,495718,90.02
"sure look forward",3,495721,90.02
"sure look great",3,495724,90.02
"sure looks great",3,495727,90.02
"sure makes feel",3,495730,90.02
"sure means sounds",3,495733,90.02
"sure mitt romney",3,495736,90.02
"sure need get",3,495739,90.02
"sure need help",3,495742,90.02
"sure nice work",3,495745,90.02
"sure people say",3,495748,90.02
"sure people thought",3,495751,90.03
"sure people use",3,495754,90.03
"sure put calendar",3,495757,90.03
"sure put feet",3,495760,90.03
"sure really good",3,495763,90.03
"sure really love",3,495766,90.03
"sure registered vote",3,495769,90.03
"sure relationship last",3,495772,90.03
"sure right number",3,495775,90.03
"sure right probably",3,495778,90.03
"sure said thing",3,495781,90.03
"sure send request",3,495784,90.03
"sure share friends",3,495787,90.03
"sure spend time",3,495790,90.03
"sure stay credits",3,495793,90.03
"sure stay warm",3,495796,90.03
"sure thing glad",3,495799,90.03
"sure thing great",3,495802,90.03
"sure thing know",3,495805,90.03
"sure thing love",3,495808,90.04
"sure thing need",3,495811,90.04
"sure try get",3,495814,90.04
"sure tweet include",3,495817,90.04
"sure visit website",3,495820,90.04
"sure vote tonight",3,495823,90.04
"sure way teach",3,495826,90.04
"sure whats going",3,495829,90.04
"sure worth time",3,495832,90.04
"surely pushed drives",3,495835,90.04
"surely world full",3,495838,90.04
"surgery get soon",3,495841,90.04
"surprise results george",3,495844,90.04
"surprised people actually",3,495847,90.04
"surprised yell help",3,495850,90.04
"surprises especially little",3,495853,90.04
"surprisingly hard find",3,495856,90.04
"surreal moment seeing",3,495859,90.04
"surround people love",3,495862,90.05
"surround people make",3,495865,90.05
"surround positive people",3,495868,90.05
"surrounding social media",3,495871,90.05
"survive go bed",3,495874,90.05
"survived end world",3,495877,90.05
"survived work thankfully",3,495880,90.05
"susan thanks follow",3,495883,90.05
"sushi happy hour",3,495886,90.05
"suspect followed diet",3,495889,90.05
"sustainable business model",3,495892,90.05
"sustainable competitive advantage",3,495895,90.05
"sustainable long term",3,495898,90.05
"swag give away",3,495901,90.05
"swag round contest",3,495904,90.05
"swear bad luck",3,495907,90.05
"swear facebook changes",3,495910,90.05
"swear fall type",3,495913,90.05
"swear like just",3,495916,90.06
"swear like people",3,495919,90.06
"swear love man",3,495922,90.06
"swear people need",3,495925,90.06
"sweat pants shirt",3,495928,90.06
"sweet brown voice",3,495931,90.06
"sweet dreams bless",3,495934,90.06
"sweet dreams goodnight",3,495937,90.06
"sweet dreams talk",3,495940,90.06
"sweet dreams wake",3,495943,90.06
"sweet dreams world",3,495946,90.06
"sweet dreams xx",3,495949,90.06
"sweet hate compete",3,495952,90.06
"sweet just found",3,495955,90.06
"sweet just let",3,495958,90.06
"sweet like cinnamon",3,495961,90.06
"sweet muse pop",3,495964,90.06
"sweet nuts author",3,495967,90.06
"sweet responsibility opportunity",3,495970,90.06
"sweet smile good",3,495973,90.07
"sweet take time",3,495976,90.07
"sweet time get",3,495979,90.07
"sweet wait hear",3,495982,90.07
"sweetest thing anyone",3,495985,90.07
"sweetest thing heard",3,495988,90.07
"sweetest thing said",3,495991,90.07
"sweetie enjoy day",3,495994,90.07
"swift course time",3,495997,90.07
"swing past office",3,496000,90.07
"swing western fantasy",3,496003,90.07
"switching car reverse",3,496006,90.07
"sword kindness people",3,496009,90.07
"syria assad forces",3,496012,90.07
"system www com",3,496015,90.07
"systems design thinking",3,496018,90.07
"systems engineers exciting",3,496021,90.07
"table better seat",3,496024,90.07
"table purchase week",3,496027,90.08
"table read tomorrow",3,496030,90.08
"table salt talented",3,496033,90.08
"tables information upcoming",3,496036,90.08
"taco bell food",3,496039,90.08
"taco bell go",3,496042,90.08
"taco bell like",3,496045,90.08
"taco bell meat",3,496048,90.08
"taco bell pizza",3,496051,90.08
"taco bell time",3,496054,90.08
"taco bell work",3,496057,90.08
"taco shell made",3,496060,90.08
"taco usa book",3,496063,90.08
"tacos beef chicken",3,496066,90.08
"tacos last night",3,496069,90.08
"tag team match",3,496072,90.08
"take advantage big",3,496075,90.08
"take advantage last",3,496078,90.08
"take advantage man",3,496081,90.09
"take advantage nice",3,496084,90.09
"take advantage opportunities",3,496087,90.09
"take advantage time",3,496090,90.09
"take advantage trust",3,496093,90.09
"take away anything",3,496096,90.09
"take away message",3,496099,90.09
"take away rights",3,496102,90.09
"take best buy",3,496105,90.09
"take best friend",3,496108,90.09
"take bite person",3,496111,90.09
"take car shop",3,496114,90.09
"take chances active",3,496117,90.09
"take chances crazy",3,496120,90.09
"take chances difficult",3,496123,90.09
"take chances life",3,496126,90.09
"take charge attitude",3,496129,90.09
"take class tonight",3,496132,90.09
"take control destiny",3,496135,90.09
"take control series",3,496138,90.1
"take cooking class",3,496141,90.1
"take dog park",3,496144,90.1
"take don like",3,496147,90.1
"take don need",3,496150,90.1
"take don want",3,496153,90.1
"take drivers ed",3,496156,90.1
"take fence know",3,496159,90.1
"take forever order",3,496162,90.1
"take forgetting elizabeth",3,496165,90.1
"take free shuttle",3,496168,90.1
"take game level",3,496171,90.1
"take give makes",3,496174,90.1
"take hour energy",3,496177,90.1
"take hour half",3,496180,90.1
"take ill take",3,496183,90.1
"take job offer",3,496186,90.1
"take joke make",3,496189,90.1
"take last breath",3,496192,90.11
"take last statement",3,496195,90.11
"take listen music",3,496198,90.11
"take little things",3,496201,90.11
"take longer expected",3,496204,90.11
"take look doing",3,496207,90.11
"take look know",3,496210,90.11
"take look like",3,496213,90.11
"take look realize",3,496216,90.11
"take look tweets",3,496219,90.11
"take lot credit",3,496222,90.11
"take lot pictures",3,496225,90.11
"take michael floyd",3,496228,90.11
"take mini vacation",3,496231,90.11
"take minute think",3,496234,90.11
"take minute walk",3,496237,90.11
"take minutes day",3,496240,90.11
"take moon take",3,496243,90.11
"take nap class",3,496246,90.11
"take nap desk",3,496249,90.12
"take nap just",3,496252,90.12
"take nap like",3,496255,90.12
"take nap pm",3,496258,90.12
"take nap soon",3,496261,90.12
"take nap tired",3,496264,90.12
"take nice long",3,496267,90.12
"take nice nap",3,496270,90.12
"take north carolina",3,496273,90.12
"take personal don",3,496276,90.12
"take personal just",3,496279,90.12
"take photos places",3,496282,90.12
"take photos work",3,496285,90.12
"take playlist live",3,496288,90.12
"take quick break",3,496291,90.12
"take quick lead",3,496294,90.12
"take quick shower",3,496297,90.12
"take risk just",3,496300,90.12
"take risk life",3,496303,90.13
"take risks don",3,496306,90.13
"take roots proverb",3,496309,90.13
"take series win",3,496312,90.13
"take stage pm",3,496315,90.13
"take steps backwards",3,496318,90.13
"take steps forward",3,496321,90.13
"take study break",3,496324,90.13
"take taco bell",3,496327,90.13
"take take away",3,496330,90.13
"take things personal",3,496333,90.13
"take things serious",3,496336,90.13
"take things seriously",3,496339,90.13
"take things way",3,496342,90.13
"take time away",3,496345,90.13
"take time come",3,496348,90.13
"take time eat",3,496351,90.13
"take time find",3,496354,90.13
"take time going",3,496357,90.14
"take time machine",3,496360,90.14
"take time share",3,496363,90.14
"take time start",3,496366,90.14
"take today use",3,496369,90.14
"take tons pictures",3,496372,90.14
"take train home",3,496375,90.14
"take truth put",3,496378,90.14
"take try get",3,496381,90.14
"take ur clothes",3,496384,90.14
"take white house",3,496387,90.14
"take win tonight",3,496390,90.14
"take words said",3,496393,90.14
"take work getting",3,496396,90.14
"take work home",3,496399,90.14
"take www com",3,496402,90.14
"taken department days",3,496405,90.14
"taken find real",3,496408,90.14
"taken good care",3,496411,90.14
"taken long break",3,496414,90.15
"takes care business",3,496417,90.15
"takes care itself",3,496420,90.15
"takes early lead",3,496423,90.15
"takes forever find",3,496426,90.15
"takes forever text",3,496429,90.15
"takes little bit",3,496432,90.15
"takes little time",3,496435,90.15
"takes live know",3,496438,90.15
"takes lot energy",3,496441,90.15
"takes lot strength",3,496444,90.15
"takes make happy",3,496447,90.15
"takes medicine diet",3,496450,90.15
"takes society world",3,496453,90.15
"takes stage talk",3,496456,90.15
"takes take got",3,496459,90.15
"takes th grade",3,496462,90.15
"taking advantage sun",3,496465,90.15
"taking away rights",3,496468,90.16
"taking classes finish",3,496471,90.16
"taking credits semester",3,496474,90.16
"taking good look",3,496477,90.16
"taking home trophy",3,496480,90.16
"taking let go",3,496483,90.16
"taking mom dinner",3,496486,90.16
"taking new meaning",3,496489,90.16
"taking old school",3,496492,90.16
"taking red eye",3,496495,90.16
"taking shower putting",3,496498,90.16
"taking spam followers",3,496501,90.16
"taking step martin",3,496504,90.16
"taking walk today",3,496507,90.16
"talent cheaper table",3,496510,90.16
"talent happy liking",3,496513,90.16
"talent shame talent",3,496516,90.16
"talented cast crew",3,496519,90.16
"talented follow make",3,496522,90.17
"talented high school",3,496525,90.17
"talented individual successful",3,496528,90.17
"talented sweet cool",3,496531,90.17
"talented thanks love",3,496534,90.17
"talented www com",3,496537,90.17
"tales true tell",3,496540,90.17
"talk al time",3,496543,90.17
"talk customer service",3,496546,90.17
"talk da phone",3,496549,90.17
"talk don care",3,496552,90.17
"talk don put",3,496555,90.17
"talk facebook friend",3,496558,90.17
"talk fox news",3,496561,90.17
"talk get chance",3,496564,90.17
"talk get get",3,496567,90.17
"talk go bed",3,496570,90.17
"talk good friend",3,496573,90.17
"talk good stuff",3,496576,90.17
"talk high school",3,496579,90.18
"talk last week",3,496582,90.18
"talk laugh run",3,496585,90.18
"talk lot people",3,496588,90.18
"talk million things",3,496591,90.18
"talk minute day",3,496594,90.18
"talk morning learning",3,496597,90.18
"talk must seen",3,496600,90.18
"talk nba finals",3,496603,90.18
"talk need get",3,496606,90.18
"talk real estate",3,496609,90.18
"talk slow replies",3,496612,90.18
"talk thanks reaching",3,496615,90.18
"talk tonight pm",3,496618,90.18
"talk twitter don",3,496621,90.18
"talk usually talk",3,496624,90.18
"talked don dress",3,496627,90.18
"talked lied used",3,496630,90.18
"talked liked dated",3,496633,90.19
"talking big guy",3,496636,90.19
"talking both sides",3,496639,90.19
"talking good game",3,496642,90.19
"talking half time",3,496645,90.19
"talking just don",3,496648,90.19
"talking just think",3,496651,90.19
"talking just want",3,496654,90.19
"talking last tweet",3,496657,90.19
"talking late night",3,496660,90.19
"talking looking forward",3,496663,90.19
"talking love love",3,496666,90.19
"talking moon bruno",3,496669,90.19
"talking myself going",3,496672,90.19
"talking new book",3,496675,90.19
"talking new year",3,496678,90.19
"talking soul itself",3,496681,90.19
"talking sounded like",3,496684,90.19
"talking vs paid",3,496687,90.2
"talking years ago",3,496690,90.2
"talks jokes fell",3,496693,90.2
"talks little talks",3,496696,90.2
"talks talks talks",3,496699,90.2
"tall tales comics",3,496702,90.2
"tan rest month",3,496705,90.2
"tank tops available",3,496708,90.2
"tank want shark",3,496711,90.2
"tapes explosive claimed",3,496714,90.2
"tapped lost coast",3,496717,90.2
"tapped new belgium",3,496720,90.2
"target hit genius",3,496723,90.2
"taste blood mouth",3,496726,90.2
"tastes better salad",3,496729,90.2
"tastes lot like",3,496732,90.2
"tasting room open",3,496735,90.2
"tasting saturday pm",3,496738,90.2
"tattoo real tattoo",3,496741,90.2
"tattoos maybe lock",3,496744,90.21
"taught fundamental values",3,496747,90.21
"taught just swim",3,496750,90.21
"taught pretend nice",3,496753,90.21
"taught years ago",3,496756,90.21
"tax breaks rich",3,496759,90.21
"tax credit bill",3,496762,90.21
"tax cuts create",3,496765,90.21
"tax cuts wealthy",3,496768,90.21
"tax day get",3,496771,90.21
"tax dollars go",3,496774,90.21
"tax rate world",3,496777,90.21
"tax returns fiction",3,496780,90.21
"taxes middle class",3,496783,90.21
"taylor swift live",3,496786,90.21
"taylor swift new",3,496789,90.21
"taylor swift said",3,496792,90.21
"taylor swift senior",3,496795,90.21
"tea large book",3,496798,90.22
"tea tea bring",3,496801,90.22
"tea tea room",3,496804,90.22
"teach easily successfully",3,496807,90.22
"teach importantly bring",3,496810,90.22
"teach keep mouth",3,496813,90.22
"teach kids good",3,496816,90.22
"teach middle school",3,496819,90.22
"teach must teach",3,496822,90.22
"teach need know",3,496825,90.22
"teach social studies",3,496828,90.22
"teach th grade",3,496831,90.22
"teach way learn",3,496834,90.22
"teach women studies",3,496837,90.22
"teach year old",3,496840,90.22
"teacher conference day",3,496843,90.22
"teacher inspires william",3,496846,90.22
"teacher last night",3,496849,90.22
"teacher looks like",3,496852,90.23
"teachers personal life",3,496855,90.23
"teaching library class",3,496858,90.23
"teaching moving target",3,496861,90.23
"teaching related links",3,496864,90.23
"teaching research service",3,496867,90.23
"teaching use twitter",3,496870,90.23
"teaching year old",3,496873,90.23
"team beat heat",3,496876,90.23
"team derrick rose",3,496879,90.23
"team doing great",3,496882,90.23
"team doing thing",3,496885,90.23
"team don need",3,496888,90.23
"team don win",3,496891,90.23
"team effort tonight",3,496894,90.23
"team go follow",3,496897,90.23
"team great things",3,496900,90.23
"team huge fan",3,496903,90.23
"team last home",3,496906,90.23
"team meeting today",3,496909,90.24
"team members great",3,496912,90.24
"team msg info",3,496915,90.24
"team play defense",3,496918,90.24
"team player playing",3,496921,90.24
"team sent copy",3,496924,90.24
"team team rudy",3,496927,90.24
"team time go",3,496930,90.24
"team tonight pm",3,496933,90.24
"team turning heat",3,496936,90.24
"team twist really",3,496939,90.24
"team usa world",3,496942,90.24
"team winning record",3,496945,90.24
"team wins championship",3,496948,90.24
"team wishes happy",3,496951,90.24
"team won game",3,496954,90.24
"team work makes",3,496957,90.24
"tear film break",3,496960,90.24
"tear heart open",3,496963,90.25
"tear mean heart",3,496966,90.25
"tearing love apart",3,496969,90.25
"tears happy tears",3,496972,90.25
"tears joy love",3,496975,90.25
"tears know cried",3,496978,90.25
"tears writer tears",3,496981,90.25
"tech demand like",3,496984,90.25
"tech new grad",3,496987,90.25
"tech update enjoy",3,496990,90.25
"technology magic arthur",3,496993,90.25
"ted don know",3,496996,90.25
"ted thompson packers",3,496999,90.25
"teddy bear gave",3,497002,90.25
"teen night pool",3,497005,90.25
"teens tomorrow biggest",3,497008,90.25
"teeth best thing",3,497011,90.25
"television educational time",3,497014,90.25
"tell anything want",3,497017,90.25
"tell beautiful everyday",3,497020,90.26
"tell bedtime story",3,497023,90.26
"tell big fan",3,497026,90.26
"tell brave watch",3,497029,90.26
"tell co workers",3,497032,90.26
"tell come get",3,497035,90.26
"tell consumer consumers",3,497038,90.26
"tell dragons beaten",3,497041,90.26
"tell eric said",3,497044,90.26
"tell favorite local",3,497047,90.26
"tell feel like",3,497050,90.26
"tell feels good",3,497053,90.26
"tell fix problem",3,497056,90.26
"tell followers vote",3,497059,90.26
"tell found twitter",3,497062,90.26
"tell friends give",3,497065,90.26
"tell friends got",3,497068,90.26
"tell friends help",3,497071,90.26
"tell friends thank",3,497074,90.27
"tell friends trying",3,497077,90.27
"tell girl just",3,497080,90.27
"tell girl looks",3,497083,90.27
"tell girl pretty",3,497086,90.27
"tell gonna don",3,497089,90.27
"tell gonna good",3,497092,90.27
"tell gonna great",3,497095,90.27
"tell got girlfriend",3,497098,90.27
"tell got job",3,497101,90.27
"tell got room",3,497104,90.27
"tell great job",3,497107,90.27
"tell guys think",3,497110,90.27
"tell hearts broken",3,497113,90.27
"tell keep eye",3,497116,90.27
"tell keep touch",3,497119,90.27
"tell kids anything",3,497122,90.27
"tell kids go",3,497125,90.27
"tell last girl",3,497128,90.28
"tell life story",3,497131,90.28
"tell look best",3,497134,90.28
"tell lot fellow",3,497137,90.28
"tell love alive",3,497140,90.28
"tell love worth",3,497143,90.28
"tell moon shining",3,497146,90.28
"tell national anthem",3,497149,90.28
"tell need like",3,497152,90.28
"tell new years",3,497155,90.28
"tell paper look",3,497158,90.28
"tell parents kids",3,497161,90.28
"tell people get",3,497164,90.28
"tell people going",3,497167,90.28
"tell people like",3,497170,90.28
"tell people mean",3,497173,90.28
"tell people need",3,497176,90.28
"tell people use",3,497179,90.28
"tell person just",3,497182,90.28
"tell power say",3,497185,90.29
"tell scott cook",3,497188,90.29
"tell stare window",3,497191,90.29
"tell strong put",3,497194,90.29
"tell surprise george",3,497197,90.29
"tell yo baby",3,497200,90.29
"telling dream code",3,497203,90.29
"telling experience opinions",3,497206,90.29
"telling last night",3,497209,90.29
"telling ur mom",3,497212,90.29
"tells abc news",3,497215,90.29
"tells anything just",3,497218,90.29
"tells different just",3,497221,90.29
"template designer submit",3,497224,90.29
"temporary defeat failures",3,497227,90.29
"temporary dental crown",3,497230,90.29
"tempted react old",3,497233,90.29
"tempting parking places",3,497236,90.29
"tend act like",3,497239,90.3
"tend develop higher",3,497242,90.3
"tennessee area www",3,497245,90.3
"term failures charles",3,497248,90.3
"terrible thing vision",3,497251,90.3
"test driven development",3,497254,90.3
"test hold job",3,497257,90.3
"test use teach",3,497260,90.3
"tests good luck",3,497263,90.3
"texas children hospital",3,497266,90.3
"texas foster care",3,497269,90.3
"texas gov rick",3,497272,90.3
"texas mist near",3,497275,90.3
"texas toast salad",3,497278,90.3
"text day long",3,497281,90.3
"text drive safe",3,497284,90.3
"text followed space",3,497287,90.3
"text get chance",3,497290,90.3
"text get new",3,497293,90.31
"text gotta talk",3,497296,90.31
"text hoping miss",3,497299,90.31
"text hour later",3,497302,90.31
"text just like",3,497305,90.31
"text just sit",3,497308,90.31
"text like day",3,497311,90.31
"text like people",3,497314,90.31
"text like text",3,497317,90.31
"text lost numbers",3,497320,90.31
"text need new",3,497323,90.31
"text obviously excited",3,497326,90.31
"text phone just",3,497329,90.31
"text phrase number",3,497332,90.31
"text remembered don",3,497335,90.31
"text right help",3,497338,90.31
"text take forever",3,497341,90.31
"text today want",3,497344,90.31
"text took boss",3,497347,90.31
"texting done hoping",3,497350,90.32
"texting girl don",3,497353,90.32
"texting half asleep",3,497356,90.32
"texts makes feel",3,497359,90.32
"texts opportunity attached",3,497362,90.32
"th anniversary believe",3,497365,90.32
"th anniversary conference",3,497368,90.32
"th anniversary love",3,497371,90.32
"th anniversary proud",3,497374,90.32
"th anniversary san",3,497377,90.32
"th anniversary thanks",3,497380,90.32
"th annual convention",3,497383,90.32
"th annual great",3,497386,90.32
"th annual kids",3,497389,90.32
"th annual spring",3,497392,90.32
"th annual summit",3,497395,90.32
"th avenue gallery",3,497398,90.32
"th best friend",3,497401,90.32
"th best thing",3,497404,90.33
"th birthday ali",3,497407,90.33
"th birthday just",3,497410,90.33
"th birthday like",3,497413,90.33
"th birthday taylor",3,497416,90.33
"th birthday th",3,497419,90.33
"th birthday united",3,497422,90.33
"th birthday wonder",3,497425,90.33
"th birthday year",3,497428,90.33
"th career goal",3,497431,90.33
"th career home",3,497434,90.33
"th comedy central",3,497437,90.33
"th degree called",3,497440,90.33
"th district democrats",3,497443,90.33
"th don know",3,497446,90.33
"th far away",3,497449,90.33
"th february th",3,497452,90.33
"th follower follow",3,497455,90.33
"th follower just",3,497458,90.34
"th follower looking",3,497461,90.34
"th free admission",3,497464,90.34
"th free regular",3,497467,90.34
"th go sale",3,497470,90.34
"th going make",3,497473,90.34
"th going th",3,497476,90.34
"th good time",3,497479,90.34
"th grade basketball",3,497482,90.34
"th grade choir",3,497485,90.34
"th grade classroom",3,497488,90.34
"th grade day",3,497491,90.34
"th grade drama",3,497494,90.34
"th grade field",3,497497,90.34
"th grade go",3,497500,90.34
"th grade great",3,497503,90.34
"th grade just",3,497506,90.34
"th grade mission",3,497509,90.34
"th grade music",3,497512,90.34
"th grade teachers",3,497515,90.35
"th grade used",3,497518,90.35
"th grade volleyball",3,497521,90.35
"th great time",3,497524,90.35
"th happy star",3,497527,90.35
"th hi travel",3,497530,90.35
"th july bbq",3,497533,90.35
"th july come",3,497536,90.35
"th july party",3,497539,90.35
"th just saying",3,497542,90.35
"th las vegas",3,497545,90.35
"th last chance",3,497548,90.35
"th late night",3,497551,90.35
"th let go",3,497554,90.35
"th let meet",3,497557,90.35
"th los angeles",3,497560,90.35
"th marshall park",3,497563,90.35
"th mother day",3,497566,90.35
"th mr tickets",3,497569,90.36
"th nba time",3,497572,90.36
"th person tweet",3,497575,90.36
"th pm eastern",3,497578,90.36
"th pm info",3,497581,90.36
"th pm information",3,497584,90.36
"th pm new",3,497587,90.36
"th register online",3,497590,90.36
"th round nfl",3,497593,90.36
"th spirit night",3,497596,90.36
"th spread word",3,497599,90.36
"th st austin",3,497602,90.36
"th st block",3,497605,90.36
"th st come",3,497608,90.36
"th st louis",3,497611,90.36
"th st near",3,497614,90.36
"th st paul",3,497617,90.36
"th st queens",3,497620,90.36
"th st san",3,497623,90.37
"th st today",3,497626,90.37
"th star wars",3,497629,90.37
"th stay posted",3,497632,90.37
"th straight game",3,497635,90.37
"th streets nw",3,497638,90.37
"th th contact",3,497641,90.37
"th th gr",3,497644,90.37
"th th happy",3,497647,90.37
"th th innings",3,497650,90.37
"th th just",3,497653,90.37
"th th let",3,497656,90.37
"th th rd",3,497659,90.37
"th th take",3,497662,90.37
"th th walnut",3,497665,90.37
"th tickets go",3,497668,90.37
"th travel team",3,497671,90.37
"th tweet gonna",3,497674,90.37
"th tweet realize",3,497677,90.37
"th tweet reply",3,497680,90.38
"th tweet thank",3,497683,90.38
"th tweet thanks",3,497686,90.38
"th win win",3,497689,90.38
"thank allowing part",3,497692,90.38
"thank attended last",3,497695,90.38
"thank blessing beautiful",3,497698,90.38
"thank brave men",3,497701,90.38
"thank bringing life",3,497704,90.38
"thank cast crew",3,497707,90.38
"thank check facebook",3,497710,90.38
"thank dear love",3,497713,90.38
"thank did go",3,497716,90.38
"thank done world",3,497719,90.38
"thank elizabeth warren",3,497722,90.38
"thank everybody coming",3,497725,90.38
"thank fantastic weekend",3,497728,90.38
"thank feels good",3,497731,90.38
"thank follow fridays",3,497734,90.39
"thank follow guys",3,497737,90.39
"thank follow honor",3,497740,90.39
"thank follow john",3,497743,90.39
"thank follow just",3,497746,90.39
"thank follow make",3,497749,90.39
"thank followers new",3,497752,90.39
"thank followers support",3,497755,90.39
"thank following best",3,497758,90.39
"thank following did",3,497761,90.39
"thank following excited",3,497764,90.39
"thank following need",3,497767,90.39
"thank following nm",3,497770,90.39
"thank following supporting",3,497773,90.39
"thank following thank",3,497776,90.39
"thank following tweet",3,497779,90.39
"thank following tweets",3,497782,90.39
"thank following ur",3,497785,90.39
"thank friday night",3,497788,90.39
"thank friends mentions",3,497791,90.4
"thank friendship support",3,497794,90.4
"thank girl hope",3,497797,90.4
"thank giving opportunity",3,497800,90.4
"thank going try",3,497803,90.4
"thank goodness finally",3,497806,90.4
"thank goodness found",3,497809,90.4
"thank goodness friends",3,497812,90.4
"thank goodness go",3,497815,90.4
"thank goodness music",3,497818,90.4
"thank goodness people",3,497821,90.4
"thank goodness playing",3,497824,90.4
"thank goodness sun",3,497827,90.4
"thank goodness tomorrow",3,497830,90.4
"thank goodness twitter",3,497833,90.4
"thank goodness work",3,497836,90.4
"thank goodness worried",3,497839,90.4
"thank great conference",3,497842,90.4
"thank great far",3,497845,90.41
"thank great friday",3,497848,90.41
"thank great lunch",3,497851,90.41
"thank great post",3,497854,90.41
"thank great session",3,497857,90.41
"thank great years",3,497860,90.41
"thank heavenly father",3,497863,90.41
"thank high school",3,497866,90.41
"thank hope amazing",3,497869,90.41
"thank hope family",3,497872,90.41
"thank hope got",3,497875,90.41
"thank hope guys",3,497878,90.41
"thank hope help",3,497881,90.41
"thank including tweet",3,497884,90.41
"thank joining tonight",3,497887,90.41
"thank keep good",3,497890,90.41
"thank keep touch",3,497893,90.41
"thank keeping informed",3,497896,90.41
"thank kind comments",3,497899,90.42
"thank kind hope",3,497902,90.42
"thank kind support",3,497905,90.42
"thank know just",3,497908,90.42
"thank know love",3,497911,90.42
"thank last friday",3,497914,90.42
"thank love appreciate",3,497917,90.42
"thank love best",3,497920,90.42
"thank love doing",3,497923,90.42
"thank love fans",3,497926,90.42
"thank love follow",3,497929,90.42
"thank love getting",3,497932,90.42
"thank love help",3,497935,90.42
"thank love know",3,497938,90.42
"thank love means",3,497941,90.42
"thank love really",3,497944,90.42
"thank love wait",3,497947,90.42
"thank love xx",3,497950,90.42
"thank made possible",3,497953,90.42
"thank mentions week",3,497956,90.43
"thank military men",3,497959,90.43
"thank miss love",3,497962,90.43
"thank nd love",3,497965,90.43
"thank need anything",3,497968,90.43
"thank nice compliment",3,497971,90.43
"thank nice tweet",3,497974,90.43
"thank people don",3,497977,90.43
"thank pretty girl",3,497980,90.43
"thank reading hope",3,497983,90.43
"thank releasing new",3,497986,90.43
"thank saying hello",3,497989,90.43
"thank sharing event",3,497992,90.43
"thank sharing experience",3,497995,90.43
"thank sharing fun",3,497998,90.43
"thank sharing good",3,498001,90.43
"thank sharing news",3,498004,90.43
"thank sharing passion",3,498007,90.43
"thank sharing time",3,498010,90.44
"thank sharing views",3,498013,90.44
"thank sincerely know",3,498016,90.44
"thank sounds like",3,498019,90.44
"thank steve blake",3,498022,90.44
"thank stopping last",3,498025,90.44
"thank support amazing",3,498028,90.44
"thank support campaign",3,498031,90.44
"thank support get",3,498034,90.44
"thank support guys",3,498037,90.44
"thank support hard",3,498040,90.44
"thank support help",3,498043,90.44
"thank support kind",3,498046,90.44
"thank support like",3,498049,90.44
"thank support sharing",3,498052,90.44
"thank support stay",3,498055,90.44
"thank support truly",3,498058,90.44
"thank support tweets",3,498061,90.44
"thank sure follow",3,498064,90.45
"thank taken time",3,498067,90.45
"thank taking good",3,498070,90.45
"thank tell followers",3,498073,90.45
"thank tell people",3,498076,90.45
"thank tell ur",3,498079,90.45
"thank thank far",3,498082,90.45
"thank thank just",3,498085,90.45
"thank thank sharing",3,498088,90.45
"thank try best",3,498091,90.45
"thank tweet great",3,498094,90.45
"thank tweeting blog",3,498097,90.45
"thank ur service",3,498100,90.45
"thank ur welcome",3,498103,90.45
"thank wait soon",3,498106,90.45
"thank welcome great",3,498109,90.45
"thank welcome new",3,498112,90.45
"thank welcome twitter",3,498115,90.45
"thank wish great",3,498118,90.45
"thank work hard",3,498121,90.46
"thank worked hard",3,498124,90.46
"thank working new",3,498127,90.46
"thankful day life",3,498130,90.46
"thankful event people",3,498133,90.46
"thankfully phone lines",3,498136,90.46
"thanks adding agency",3,498139,90.46
"thanks amy great",3,498142,90.46
"thanks appreciate compliment",3,498145,90.46
"thanks appreciate hope",3,498148,90.46
"thanks appreciate just",3,498151,90.46
"thanks article following",3,498154,90.46
"thanks article good",3,498157,90.46
"thanks asking chris",3,498160,90.46
"thanks attending event",3,498163,90.46
"thanks austin great",3,498166,90.46
"thanks awesome article",3,498169,90.46
"thanks awesome event",3,498172,90.46
"thanks awesome feedback",3,498175,90.47
"thanks awesome guest",3,498178,90.47
"thanks awesome season",3,498181,90.47
"thanks awesome shout",3,498184,90.47
"thanks awesome staff",3,498187,90.47
"thanks ben glad",3,498190,90.47
"thanks big sis",3,498193,90.47
"thanks blast love",3,498196,90.47
"thanks break leg",3,498199,90.47
"thanks brother going",3,498202,90.47
"thanks bunch rock",3,498205,90.47
"thanks came beer",3,498208,90.47
"thanks came blast",3,498211,90.47
"thanks came celebrate",3,498214,90.47
"thanks came day",3,498217,90.47
"thanks came enjoyed",3,498220,90.47
"thanks came friday",3,498223,90.47
"thanks came halloween",3,498226,90.47
"thanks came hear",3,498229,90.48
"thanks came shows",3,498232,90.48
"thanks came st",3,498235,90.48
"thanks came talk",3,498238,90.48
"thanks came weekend",3,498241,90.48
"thanks changing world",3,498244,90.48
"thanks checking band",3,498247,90.48
"thanks checking love",3,498250,90.48
"thanks checking man",3,498253,90.48
"thanks checking review",3,498256,90.48
"thanks cool meet",3,498259,90.48
"thanks create great",3,498262,90.48
"thanks da best",3,498265,90.48
"thanks da man",3,498268,90.48
"thanks dear friends",3,498271,90.48
"thanks dear great",3,498274,90.48
"thanks definitely looking",3,498277,90.48
"thanks east coast",3,498280,90.48
"thanks email sent",3,498283,90.48
"thanks experience time",3,498286,90.49
"thanks fa da",3,498289,90.49
"thanks fabulous new",3,498292,90.49
"thanks fans coming",3,498295,90.49
"thanks favorite hope",3,498298,90.49
"thanks favorite song",3,498301,90.49
"thanks feel great",3,498304,90.49
"thanks fighting good",3,498307,90.49
"thanks folks came",3,498310,90.49
"thanks follow absolutely",3,498313,90.49
"thanks follow albuquerque",3,498316,90.49
"thanks follow blessed",3,498319,90.49
"thanks follow client",3,498322,90.49
"thanks follow congratulations",3,498325,90.49
"thanks follow david",3,498328,90.49
"thanks follow dj",3,498331,90.49
"thanks follow emily",3,498334,90.49
"thanks follow event",3,498337,90.49
"thanks follow finally",3,498340,90.5
"thanks follow followers",3,498343,90.5
"thanks follow forward",3,498346,90.5
"thanks follow gr",3,498349,90.5
"thanks follow hoping",3,498352,90.5
"thanks follow jenny",3,498355,90.5
"thanks follow jim",3,498358,90.5
"thanks follow join",3,498361,90.5
"thanks follow julie",3,498364,90.5
"thanks follow kelly",3,498367,90.5
"thanks follow lauren",3,498370,90.5
"thanks follow learn",3,498373,90.5
"thanks follow line",3,498376,90.5
"thanks follow lived",3,498379,90.5
"thanks follow loves",3,498382,90.5
"thanks follow lynn",3,498385,90.5
"thanks follow making",3,498388,90.5
"thanks follow martin",3,498391,90.5
"thanks follow michael",3,498394,90.51
"thanks follow might",3,498397,90.51
"thanks follow pass",3,498400,90.51
"thanks follow peter",3,498403,90.51
"thanks follow returning",3,498406,90.51
"thanks follow rich",3,498409,90.51
"thanks follow rock",3,498412,90.51
"thanks follow san",3,498415,90.51
"thanks follow saw",3,498418,90.51
"thanks follow scott",3,498421,90.51
"thanks follow sending",3,498424,90.51
"thanks follow share",3,498427,90.51
"thanks follow submit",3,498430,90.51
"thanks follow suggestion",3,498433,90.51
"thanks follow supporting",3,498436,90.51
"thanks follow take",3,498439,90.51
"thanks follow totally",3,498442,90.51
"thanks follow tried",3,498445,90.51
"thanks follow trying",3,498448,90.51
"thanks follow wendy",3,498451,90.52
"thanks follow xx",3,498454,90.52
"thanks follow years",3,498457,90.52
"thanks following acting",3,498460,90.52
"thanks following adding",3,498463,90.52
"thanks following both",3,498466,90.52
"thanks following bring",3,498469,90.52
"thanks following david",3,498472,90.52
"thanks following day",3,498475,90.52
"thanks following dr",3,498478,90.52
"thanks following exciting",3,498481,90.52
"thanks following eye",3,498484,90.52
"thanks following fan",3,498487,90.52
"thanks following followers",3,498490,90.52
"thanks following friends",3,498493,90.52
"thanks following having",3,498496,90.52
"thanks following hopefully",3,498499,90.52
"thanks following huge",3,498502,90.52
"thanks following interesting",3,498505,90.53
"thanks following kevin",3,498508,90.53
"thanks following lot",3,498511,90.53
"thanks following made",3,498514,90.53
"thanks following mark",3,498517,90.53
"thanks following matt",3,498520,90.53
"thanks following office",3,498523,90.53
"thanks following right",3,498526,90.53
"thanks following sent",3,498529,90.53
"thanks following tune",3,498532,90.53
"thanks following week",3,498535,90.53
"thanks following wish",3,498538,90.53
"thanks following won",3,498541,90.53
"thanks free publicity",3,498544,90.53
"thanks girl excited",3,498547,90.53
"thanks girl glad",3,498550,90.53
"thanks girl going",3,498553,90.53
"thanks girl tell",3,498556,90.53
"thanks give shout",3,498559,90.53
"thanks glad able",3,498562,90.54
"thanks glad caught",3,498565,90.54
"thanks glad finally",3,498568,90.54
"thanks glad loved",3,498571,90.54
"thanks glad share",3,498574,90.54
"thanks glad supporting",3,498577,90.54
"thanks glad think",3,498580,90.54
"thanks glad thought",3,498583,90.54
"thanks go go",3,498586,90.54
"thanks good discussion",3,498589,90.54
"thanks good game",3,498592,90.54
"thanks good hope",3,498595,90.54
"thanks good read",3,498598,90.54
"thanks good session",3,498601,90.54
"thanks good start",3,498604,90.54
"thanks good thoughts",3,498607,90.54
"thanks good week",3,498610,90.54
"thanks granted attempt",3,498613,90.54
"thanks greg hope",3,498616,90.55
"thanks guys check",3,498619,90.55
"thanks guys following",3,498622,90.55
"thanks guys heading",3,498625,90.55
"thanks guys looking",3,498628,90.55
"thanks guys need",3,498631,90.55
"thanks guys new",3,498634,90.55
"thanks happy connect",3,498637,90.55
"thanks happy hear",3,498640,90.55
"thanks happy hour",3,498643,90.55
"thanks happy valentine",3,498646,90.55
"thanks having dinner",3,498649,90.55
"thanks having present",3,498652,90.55
"thanks having speak",3,498655,90.55
"thanks heads fixed",3,498658,90.55
"thanks heads get",3,498661,90.55
"thanks heads good",3,498664,90.55
"thanks heads sorry",3,498667,90.55
"thanks heavenly father",3,498670,90.56
"thanks help appreciate",3,498673,90.56
"thanks help got",3,498676,90.56
"thanks help morning",3,498679,90.56
"thanks helped get",3,498682,90.56
"thanks helping feed",3,498685,90.56
"thanks helping sponsor",3,498688,90.56
"thanks hope both",3,498691,90.56
"thanks hope creative",3,498694,90.56
"thanks hope don",3,498697,90.56
"thanks hope fabulous",3,498700,90.56
"thanks hope family",3,498703,90.56
"thanks hope life",3,498706,90.56
"thanks hope lovely",3,498709,90.56
"thanks hope made",3,498712,90.56
"thanks hope th",3,498715,90.56
"thanks hope today",3,498718,90.56
"thanks hope ur",3,498721,90.56
"thanks hope went",3,498724,90.56
"thanks hopefully get",3,498727,90.57
"thanks hoping good",3,498730,90.57
"thanks hoping make",3,498733,90.57
"thanks hospitality last",3,498736,90.57
"thanks hospitality today",3,498739,90.57
"thanks ill check",3,498742,90.57
"thanks ill give",3,498745,90.57
"thanks ill try",3,498748,90.57
"thanks interest hope",3,498751,90.57
"thanks interview let",3,498754,90.57
"thanks jason hope",3,498757,90.57
"thanks jeff good",3,498760,90.57
"thanks jim great",3,498763,90.57
"thanks just changed",3,498766,90.57
"thanks just get",3,498769,90.57
"thanks just gonna",3,498772,90.57
"thanks just heard",3,498775,90.57
"thanks just landed",3,498778,90.57
"thanks just looking",3,498781,90.58
"thanks just seeing",3,498784,90.58
"thanks just told",3,498787,90.58
"thanks just wait",3,498790,90.58
"thanks just went",3,498793,90.58
"thanks kind comment",3,498796,90.58
"thanks kind message",3,498799,90.58
"thanks kind say",3,498802,90.58
"thanks letting borrow",3,498805,90.58
"thanks letting feed",3,498808,90.58
"thanks letting help",3,498811,90.58
"thanks letting stay",3,498814,90.58
"thanks letting take",3,498817,90.58
"thanks little things",3,498820,90.58
"thanks lot come",3,498823,90.58
"thanks lot hope",3,498826,90.58
"thanks lot just",3,498829,90.58
"thanks lot really",3,498832,90.58
"thanks loved having",3,498835,90.59
"thanks lovely hope",3,498838,90.59
"thanks lovely ladies",3,498841,90.59
"thanks making believe",3,498844,90.59
"thanks making best",3,498847,90.59
"thanks making conference",3,498850,90.59
"thanks making cool",3,498853,90.59
"thanks making cry",3,498856,90.59
"thanks making sound",3,498859,90.59
"thanks making world",3,498862,90.59
"thanks man actually",3,498865,90.59
"thanks man best",3,498868,90.59
"thanks man check",3,498871,90.59
"thanks man cool",3,498874,90.59
"thanks man did",3,498877,90.59
"thanks man go",3,498880,90.59
"thanks man ill",3,498883,90.59
"thanks man like",3,498886,90.59
"thanks man miss",3,498889,90.59
"thanks man need",3,498892,90.6
"thanks man owe",3,498895,90.6
"thanks man probably",3,498898,90.6
"thanks man stay",3,498901,90.6
"thanks man welcome",3,498904,90.6
"thanks mark hope",3,498907,90.6
"thanks mark just",3,498910,90.6
"thanks matt glad",3,498913,90.6
"thanks means ton",3,498916,90.6
"thanks might try",3,498919,90.6
"thanks mom love",3,498922,90.6
"thanks mt great",3,498925,90.6
"thanks needed laugh",3,498928,90.6
"thanks netflix instant",3,498931,90.6
"thanks new adds",3,498934,90.6
"thanks new book",3,498937,90.6
"thanks new years",3,498940,90.6
"thanks nick great",3,498943,90.6
"thanks participating great",3,498946,90.61
"thanks passing link",3,498949,90.61
"thanks paul great",3,498952,90.61
"thanks paul hope",3,498955,90.61
"thanks people helped",3,498958,90.61
"thanks pretty cool",3,498961,90.61
"thanks pretty cute",3,498964,90.61
"thanks pretty pumped",3,498967,90.61
"thanks pretty sweet",3,498970,90.61
"thanks really just",3,498973,90.61
"thanks really liked",3,498976,90.61
"thanks really needed",3,498979,90.61
"thanks really really",3,498982,90.61
"thanks really trying",3,498985,90.61
"thanks really want",3,498988,90.61
"thanks reminding twitter",3,498991,90.61
"thanks review glad",3,498994,90.61
"thanks right hope",3,498997,90.61
"thanks ryan great",3,499000,90.62
"thanks saying hey",3,499003,90.62
"thanks send link",3,499006,90.62
"thanks showing today",3,499009,90.62
"thanks snap love",3,499012,90.62
"thanks speaking today",3,499015,90.62
"thanks stay safe",3,499018,90.62
"thanks stay touch",3,499021,90.62
"thanks super weekend",3,499024,90.62
"thanks sure get",3,499027,90.62
"thanks take care",3,499030,90.62
"thanks telling people",3,499033,90.62
"thanks telling story",3,499036,90.62
"thanks thank following",3,499039,90.62
"thanks tim hope",3,499042,90.62
"thanks tom great",3,499045,90.62
"thanks tweet big",3,499048,90.62
"thanks tweet did",3,499051,90.62
"thanks tweet excited",3,499054,90.62
"thanks tweet got",3,499057,90.63
"thanks tweet guys",3,499060,90.63
"thanks tweet man",3,499063,90.63
"thanks tweet think",3,499066,90.63
"thanks update just",3,499069,90.63
"thanks ur follow",3,499072,90.63
"thanks ur right",3,499075,90.63
"thanks ur welcome",3,499078,90.63
"thanks using enjoy",3,499081,90.63
"thanks wish luck",3,499084,90.63
"thanks wish make",3,499087,90.63
"thanks wished happy",3,499090,90.63
"thanks wishes love",3,499093,90.63
"thanks wishes support",3,499096,90.63
"thanks writing great",3,499099,90.63
"thanks years support",3,499102,90.63
"thanks yesterday hope",3,499105,90.63
"thanksgiving fun fact",3,499108,90.63
"thanksgiving looking forward",3,499111,90.64
"thanksgiving party dj",3,499114,90.64
"thanksgiving thankful friends",3,499117,90.64
"theater april pm",3,499120,90.64
"theater comedy pet",3,499123,90.64
"theater san francisco",3,499126,90.64
"thee oh sees",3,499129,90.64
"theme get commission",3,499132,90.64
"theme unity diversity",3,499135,90.64
"theories bringing children",3,499138,90.64
"theory think gets",3,499141,90.64
"thing comes effort",3,499144,90.64
"thing common different",3,499147,90.64
"thing confusion real",3,499150,90.64
"thing dance basketball",3,499153,90.64
"thing doing lives",3,499156,90.64
"thing exercise start",3,499159,90.64
"thing falling staying",3,499162,90.64
"thing feels like",3,499165,90.65
"thing foolish thing",3,499168,90.65
"thing gets better",3,499171,90.65
"thing gets day",3,499174,90.65
"thing gets way",3,499177,90.65
"thing give keep",3,499180,90.65
"thing go away",3,499183,90.65
"thing good go",3,499186,90.65
"thing good thing",3,499189,90.65
"thing great day",3,499192,90.65
"thing happens time",3,499195,90.65
"thing hip hop",3,499198,90.65
"thing hope having",3,499201,90.65
"thing keep doing",3,499204,90.65
"thing keeping right",3,499207,90.65
"thing knowing going",3,499210,90.65
"thing last week",3,499213,90.65
"thing learned far",3,499216,90.65
"thing learned year",3,499219,90.65
"thing learned years",3,499222,90.66
"thing look like",3,499225,90.66
"thing looking summer",3,499228,90.66
"thing made better",3,499231,90.66
"thing man spend",3,499234,90.66
"thing marriage real",3,499237,90.66
"thing mind day",3,499240,90.66
"thing notice person",3,499243,90.66
"thing people get",3,499246,90.66
"thing pretty awesome",3,499249,90.66
"thing really happening",3,499252,90.66
"thing really want",3,499255,90.66
"thing recognize mistake",3,499258,90.66
"thing said new",3,499261,90.66
"thing shannon crown",3,499264,90.66
"thing success got",3,499267,90.66
"thing tell love",3,499270,90.66
"thing thought saw",3,499273,90.66
"thing thought woke",3,499276,90.67
"thing till gets",3,499279,90.67
"thing time go",3,499282,90.67
"thing wen wake",3,499285,90.67
"things act like",3,499288,90.67
"things aim life",3,499291,90.67
"things ate last",3,499294,90.67
"things did right",3,499297,90.67
"things did things",3,499300,90.67
"things did time",3,499303,90.67
"things different people",3,499306,90.67
"things doing doing",3,499309,90.67
"things don love",3,499312,90.67
"things don make",3,499315,90.67
"things don pet",3,499318,90.67
"things don take",3,499321,90.67
"things don understand",3,499324,90.67
"things drive crazy",3,499327,90.67
"things effective management",3,499330,90.68
"things ego doing",3,499333,90.68
"things falling apart",3,499336,90.68
"things feed pain",3,499339,90.68
"things feel better",3,499342,90.68
"things feel right",3,499345,90.68
"things get control",3,499348,90.68
"things get interesting",3,499351,90.68
"things get normal",3,499354,90.68
"things get rid",3,499357,90.68
"things get tough",3,499360,90.68
"things get way",3,499363,90.68
"things getting good",3,499366,90.68
"things getting serious",3,499369,90.68
"things going guys",3,499372,90.68
"things going head",3,499375,90.68
"things going mind",3,499378,90.68
"things going work",3,499381,90.68
"things got worse",3,499384,90.68
"things happen day",3,499387,90.69
"things happen get",3,499390,90.69
"things happen girl",3,499393,90.69
"things happen instead",3,499396,90.69
"things happen let",3,499399,90.69
"things happen look",3,499402,90.69
"things happen love",3,499405,90.69
"things happen realize",3,499408,90.69
"things happen things",3,499411,90.69
"things happen ur",3,499414,90.69
"things happen work",3,499417,90.69
"things happened last",3,499420,90.69
"things henry ward",3,499423,90.69
"things imagine awake",3,499426,90.69
"things important learn",3,499429,90.69
"things john kennedy",3,499432,90.69
"things last week",3,499435,90.69
"things learn twitter",3,499438,90.69
"things learned school",3,499441,90.7
"things let go",3,499444,90.7
"things life day",3,499447,90.7
"things life figuring",3,499450,90.7
"things life get",3,499453,90.7
"things life open",3,499456,90.7
"things life really",3,499459,90.7
"things life simple",3,499462,90.7
"things life want",3,499465,90.7
"things life way",3,499468,90.7
"things like did",3,499471,90.7
"things like don",3,499474,90.7
"things like getting",3,499477,90.7
"things like people",3,499480,90.7
"things like play",3,499483,90.7
"things like really",3,499486,90.7
"things like say",3,499489,90.7
"things like time",3,499492,90.7
"things like times",3,499495,90.7
"things little things",3,499498,90.71
"things neck woods",3,499501,90.71
"things new home",3,499504,90.71
"things new revelation",3,499507,90.71
"things paying attention",3,499510,90.71
"things placed earth",3,499513,90.71
"things pretty darn",3,499516,90.71
"things pretty surprised",3,499519,90.71
"things seem place",3,499522,90.71
"things seen life",3,499525,90.71
"things start going",3,499528,90.71
"things starting look",3,499531,90.71
"things super busy",3,499534,90.71
"things take granted",3,499537,90.71
"things take long",3,499540,90.71
"things thanked yesterday",3,499543,90.71
"things things did",3,499546,90.71
"things think roosevelt",3,499549,90.71
"things thought possible",3,499552,90.72
"things thought say",3,499555,90.72
"things time time",3,499558,90.72
"things took get",3,499561,90.72
"things tried best",3,499564,90.72
"things unknown doors",3,499567,90.72
"things used admit",3,499570,90.72
"things way seriously",3,499573,90.72
"things wild free",3,499576,90.72
"things working wish",3,499579,90.72
"things world better",3,499582,90.72
"think addicted facebook",3,499585,90.72
"think addicted pictures",3,499588,90.72
"think airport security",3,499591,90.72
"think amazing beautiful",3,499594,90.72
"think amazing singer",3,499597,90.72
"think andrew luck",3,499600,90.72
"think beat heat",3,499603,90.72
"think broke hand",3,499606,90.73
"think changes life",3,499609,90.73
"think classy reality",3,499612,90.73
"think coming cold",3,499615,90.73
"think coolest thing",3,499618,90.73
"think cutest thing",3,499621,90.73
"think dale jr",3,499624,90.73
"think deeper voice",3,499627,90.73
"think does purpose",3,499630,90.73
"think does years",3,499633,90.73
"think excellent idea",3,499636,90.73
"think fabulous idea",3,499639,90.73
"think feel better",3,499642,90.73
"think freely risk",3,499645,90.73
"think fun give",3,499648,90.73
"think fun just",3,499651,90.73
"think fun pretend",3,499654,90.73
"think gained pounds",3,499657,90.73
"think get caught",3,499660,90.73
"think get done",3,499663,90.74
"think get free",3,499666,90.74
"think get good",3,499669,90.74
"think get lot",3,499672,90.74
"think get married",3,499675,90.74
"think get million",3,499678,90.74
"think get paid",3,499681,90.74
"think get past",3,499684,90.74
"think get play",3,499687,90.74
"think get sleep",3,499690,90.74
"think get want",3,499693,90.74
"think global warming",3,499696,90.74
"think go bob",3,499699,90.74
"think go buy",3,499702,90.74
"think go crazy",3,499705,90.74
"think go day",3,499708,90.74
"think go long",3,499711,90.74
"think going add",3,499714,90.74
"think going bring",3,499717,90.75
"think going disappointed",3,499720,90.75
"think going find",3,499723,90.75
"think going fun",3,499726,90.75
"think going let",3,499729,90.75
"think going oh",3,499732,90.75
"think going school",3,499735,90.75
"think going sell",3,499738,90.75
"think going th",3,499741,90.75
"think going time",3,499744,90.75
"think going tomorrow",3,499747,90.75
"think going way",3,499750,90.75
"think going year",3,499753,90.75
"think gonna able",3,499756,90.75
"think gonna follow",3,499759,90.75
"think gonna play",3,499762,90.75
"think gonna put",3,499765,90.75
"think gonna stay",3,499768,90.75
"think gonna throw",3,499771,90.76
"think gonna tweet",3,499774,90.76
"think gonna watch",3,499777,90.76
"think gonna wear",3,499780,90.76
"think good let",3,499783,90.76
"think good looking",3,499786,90.76
"think good points",3,499789,90.76
"think good weekend",3,499792,90.76
"think got don",3,499795,90.76
"think got problem",3,499798,90.76
"think got shot",3,499801,90.76
"think got st",3,499804,90.76
"think happy life",3,499807,90.76
"think hard get",3,499810,90.76
"think having fun",3,499813,90.76
"think hear producing",3,499816,90.76
"think heard like",3,499819,90.76
"think help lot",3,499822,90.76
"think hip hop",3,499825,90.76
"think hot really",3,499828,90.77
"think hot stuff",3,499831,90.77
"think kind like",3,499834,90.77
"think kinda like",3,499837,90.77
"think know anyone",3,499840,90.77
"think know ask",3,499843,90.77
"think know get",3,499846,90.77
"think know guy",3,499849,90.77
"think know lot",3,499852,90.77
"think know really",3,499855,90.77
"think know saying",3,499858,90.77
"think know seldom",3,499861,90.77
"think know want",3,499864,90.77
"think know won",3,499867,90.77
"think late text",3,499870,90.77
"think lead led",3,499873,90.77
"think lesson learned",3,499876,90.77
"think life just",3,499879,90.77
"think like go",3,499882,90.78
"think like hour",3,499885,90.78
"think like promise",3,499888,90.78
"think like thanks",3,499891,90.78
"think little goals",3,499894,90.78
"think looking good",3,499897,90.78
"think looks great",3,499900,90.78
"think love best",3,499903,90.78
"think love boy",3,499906,90.78
"think love love",3,499909,90.78
"think love music",3,499912,90.78
"think love sleep",3,499915,90.78
"think madonna great",3,499918,90.78
"think main reason",3,499921,90.78
"think make big",3,499924,90.78
"think make come",3,499927,90.78
"think make cute",3,499930,90.78
"think make difference",3,499933,90.78
"think make playoffs",3,499936,90.79
"think make year",3,499939,90.79
"think makes look",3,499942,90.79
"think making fun",3,499945,90.79
"think might best",3,499948,90.79
"think might buy",3,499951,90.79
"think might falling",3,499954,90.79
"think might gotten",3,499957,90.79
"think might little",3,499960,90.79
"think might put",3,499963,90.79
"think might qualify",3,499966,90.79
"think might return",3,499969,90.79
"think might right",3,499972,90.79
"think might talking",3,499975,90.79
"think missed calling",3,499978,90.79
"think missed last",3,499981,90.79
"think missed point",3,499984,90.79
"think mom dad",3,499987,90.79
"think money great",3,499990,90.79
"think myself did",3,499993,90.8
"think myself poor",3,499996,90.8
"think need add",3,499999,90.8
"think need catch",3,500002,90.8
"think need figure",3,500005,90.8
"think need happy",3,500008,90.8
"think need know",3,500011,90.8
"think need lay",3,500014,90.8
"think need little",3,500017,90.8
"think need stop",3,500020,90.8
"think ok just",3,500023,90.8
"think old think",3,500026,90.8
"think paying attention",3,500029,90.8
"think people hate",3,500032,90.8
"think people negative",3,500035,90.8
"think people think",3,500038,90.8
"think perfect way",3,500041,90.8
"think positive positive",3,500044,90.8
"think possible get",3,500047,90.81
"think read books",3,500050,90.81
"think real deal",3,500053,90.81
"think realize mean",3,500056,90.81
"think remember person",3,500059,90.81
"think sense humor",3,500062,90.81
"think small effective",3,500065,90.81
"think speak say",3,500068,90.81
"think st round",3,500071,90.81
"think stay away",3,500074,90.81
"think taco bell",3,500077,90.81
"think tank live",3,500080,90.81
"think time bring",3,500083,90.81
"think time guys",3,500086,90.81
"think time pick",3,500089,90.81
"think time time",3,500092,90.81
"think time write",3,500095,90.81
"think today going",3,500098,90.81
"think trending topic",3,500101,90.82
"think try dr",3,500104,90.82
"think try tomorrow",3,500107,90.82
"think trying make",3,500110,90.82
"think twice alright",3,500113,90.82
"think twice going",3,500116,90.82
"think used day",3,500119,90.82
"think wait long",3,500122,90.82
"think wait share",3,500125,90.82
"think waited long",3,500128,90.82
"think wanna take",3,500131,90.82
"think wants get",3,500134,90.82
"think watch anymore",3,500137,90.82
"think went pretty",3,500140,90.82
"think went school",3,500143,90.82
"think went sleep",3,500146,90.82
"think women want",3,500149,90.82
"think won get",3,500152,90.82
"think won happen",3,500155,90.82
"think word looking",3,500158,90.83
"think word used",3,500161,90.83
"think world needs",3,500164,90.83
"think world ready",3,500167,90.83
"think worth time",3,500170,90.83
"thinking buying house",3,500173,90.83
"thinking cutting hair",3,500176,90.83
"thinking day today",3,500179,90.83
"thinking digital digital",3,500182,90.83
"thinking good things",3,500185,90.83
"thinking having party",3,500188,90.83
"thinking holiday parties",3,500191,90.83
"thinking ice cream",3,500194,90.83
"thinking just getting",3,500197,90.83
"thinking lie lie",3,500200,90.83
"thinking like crazy",3,500203,90.83
"thinking lot good",3,500206,90.83
"thinking might time",3,500209,90.83
"thinking need make",3,500212,90.84
"thinking need new",3,500215,90.84
"thinking new ways",3,500218,90.84
"thinking sloppy business",3,500221,90.84
"thinking success dr",3,500224,90.84
"thinking super bowl",3,500227,90.84
"thinking taking classes",3,500230,90.84
"thinking taking trip",3,500233,90.84
"thinking today reason",3,500236,90.84
"thinking today wednesday",3,500239,90.84
"thinks does lewis",3,500242,90.84
"thinks just like",3,500245,90.84
"thinks winner smiling",3,500248,90.84
"thirsty seat girl",3,500251,90.84
"thirsty thursday enjoy",3,500254,90.84
"tho don get",3,500257,90.84
"tho don talk",3,500260,90.84
"tho guess gotta",3,500263,90.84
"tho looks like",3,500266,90.84
"tho stand shoulder",3,500269,90.85
"thomas anderson film",3,500272,90.85
"thoroughly enjoying new",3,500275,90.85
"thought actually going",3,500278,90.85
"thought april fools",3,500281,90.85
"thought cute opened",3,500284,90.85
"thought don know",3,500287,90.85
"thought don think",3,500290,90.85
"thought following just",3,500293,90.85
"thought great going",3,500296,90.85
"thought holy cow",3,500299,90.85
"thought know better",3,500302,90.85
"thought last week",3,500305,90.85
"thought love anymore",3,500308,90.85
"thought love like",3,500311,90.85
"thought maybe find",3,500314,90.85
"thought necessary try",3,500317,90.85
"thought pretty sure",3,500320,90.85
"thought receiving anything",3,500323,90.86
"thought seldom use",3,500326,90.86
"thought simple found",3,500329,90.86
"thought social media",3,500332,90.86
"thought think just",3,500335,90.86
"thought today going",3,500338,90.86
"thought today monday",3,500341,90.86
"thought today wednesday",3,500344,90.86
"thoughts built far",3,500347,90.86
"thoughts feel like",3,500350,90.86
"thoughts running mind",3,500353,90.86
"thoughts take james",3,500356,90.86
"thoughts thought necessary",3,500359,90.86
"thoughts www com",3,500362,90.86
"thousand rare guy",3,500365,90.86
"thousand times mercy",3,500368,90.86
"thousands candles lit",3,500371,90.86
"thousands riders gearing",3,500374,90.86
"threat severe weather",3,500377,90.87
"thriller novel nolan",3,500380,90.87
"throat feels like",3,500383,90.87
"throat hurts really",3,500386,90.87
"throat last breath",3,500389,90.87
"thrones sun pm",3,500392,90.87
"throw brick face",3,500395,90.87
"throw chair face",3,500398,90.87
"throw ground miss",3,500401,90.87
"throw mouth little",3,500404,90.87
"throw share www",3,500407,90.87
"throw super bowl",3,500410,90.87
"thrown good measure",3,500413,90.87
"throws people open",3,500416,90.87
"throws win games",3,500419,90.87
"thunder last night",3,500422,90.87
"thunder lightning tell",3,500425,90.87
"thunder monday night",3,500428,90.87
"thunder sounds like",3,500431,90.87
"thunder voice singing",3,500434,90.88
"thunder western conference",3,500437,90.88
"thurs fri week",3,500440,90.88
"thurs jan pm",3,500443,90.88
"thurs jan th",3,500446,90.88
"thurs pm pm",3,500449,90.88
"thurs small plate",3,500452,90.88
"thursday april st",3,500455,90.88
"thursday come listen",3,500458,90.88
"thursday december th",3,500461,90.88
"thursday favorite day",3,500464,90.88
"thursday hump day",3,500467,90.88
"thursday last day",3,500470,90.88
"thursday looking forward",3,500473,90.88
"thursday new followers",3,500476,90.88
"thursday night clear",3,500479,90.88
"thursday night live",3,500482,90.88
"thursday night lounge",3,500485,90.88
"thursday night night",3,500488,90.89
"thursday night open",3,500491,90.89
"thursday night partly",3,500494,90.89
"thursday september th",3,500497,90.89
"thy business know",3,500500,90.89
"tick goes clock",3,500503,90.89
"ticket giveaway pm",3,500506,90.89
"ticket tonight game",3,500509,90.89
"tickets bone harmony",3,500512,90.89
"tickets door tonight",3,500515,90.89
"tickets game tomorrow",3,500518,90.89
"tickets get em",3,500521,90.89
"tickets last time",3,500524,90.89
"tickets left friday",3,500527,90.89
"tickets midnight showing",3,500530,90.89
"tickets moving fast",3,500533,90.89
"tickets music awards",3,500536,90.89
"tickets play www",3,500539,90.89
"tickets saturday plus",3,500542,90.9
"tickets super bowl",3,500545,90.9
"tickets today com",3,500548,90.9
"tickets tonight san",3,500551,90.9
"tickets wa awful",3,500554,90.9
"tie game minutes",3,500557,90.9
"tie likes tim",3,500560,90.9
"tie lion proverb",3,500563,90.9
"tied make hope",3,500566,90.9
"tied seconds left",3,500569,90.9
"tiger going win",3,500572,90.9
"tiger missing cut",3,500575,90.9
"tigers game tonight",3,500578,90.9
"tigers last night",3,500581,90.9
"tigers released brandon",3,500584,90.9
"till album comes",3,500587,90.9
"till become parents",3,500590,90.9
"till birthday wait",3,500593,90.9
"till come check",3,500596,90.9
"till goes bad",3,500599,90.91
"till last second",3,500602,90.91
"till mother day",3,500605,90.91
"till new album",3,500608,90.91
"till summer vacation",3,500611,90.91
"till super bowl",3,500614,90.91
"till time go",3,500617,90.91
"tim burton movie",3,500620,90.91
"tim taylor swift",3,500623,90.91
"time actually watch",3,500626,90.91
"time anything anymore",3,500629,90.91
"time bath time",3,500632,90.91
"time beautiful weather",3,500635,90.91
"time big game",3,500638,90.91
"time big girl",3,500641,90.91
"time bike ride",3,500644,90.91
"time bite bullet",3,500647,90.91
"time blocked number",3,500650,90.91
"time both real",3,500653,90.92
"time both sides",3,500656,90.92
"time brand new",3,500659,90.92
"time bring want",3,500662,90.92
"time brings memories",3,500665,90.92
"time calendar friend",3,500668,90.92
"time celebrate mayo",3,500671,90.92
"time chat thanks",3,500674,90.92
"time checked twitter",3,500677,90.92
"time choices spending",3,500680,90.92
"time clean apartment",3,500683,90.92
"time clean becomes",3,500686,90.92
"time close shop",3,500689,90.92
"time colts won",3,500692,90.92
"time come come",3,500695,90.92
"time come help",3,500698,90.92
"time come take",3,500701,90.92
"time come tonight",3,500704,90.92
"time come watch",3,500707,90.93
"time create new",3,500710,90.93
"time day need",3,500713,90.93
"time day watch",3,500716,90.93
"time defeat wheat",3,500719,90.93
"time diet exercise",3,500722,90.93
"time doing right",3,500725,90.93
"time doing things",3,500728,90.93
"time don answer",3,500731,90.93
"time don care",3,500734,90.93
"time don let",3,500737,90.93
"time don tell",3,500740,90.93
"time drink coffee",3,500743,90.93
"time drive safe",3,500746,90.93
"time effort put",3,500749,90.93
"time excited go",3,500752,90.93
"time experienced web",3,500755,90.93
"time expired exit",3,500758,90.93
"time fall make",3,500761,90.93
"time feel alive",3,500764,90.94
"time feel bad",3,500767,90.94
"time finding good",3,500770,90.94
"time follow make",3,500773,90.94
"time friends good",3,500776,90.94
"time gave end",3,500779,90.94
"time gems announces",3,500782,90.94
"time glad got",3,500785,90.94
"time glad like",3,500788,90.94
"time goes quickly",3,500791,90.94
"time gonna come",3,500794,90.94
"time gonna go",3,500797,90.94
"time gotta give",3,500800,90.94
"time gotta go",3,500803,90.94
"time grad school",3,500806,90.94
"time grammy winner",3,500809,90.94
"time grind time",3,500812,90.94
"time guys get",3,500815,90.94
"time guys going",3,500818,90.95
"time ha ha",3,500821,90.95
"time half changing",3,500824,90.95
"time half marathon",3,500827,90.95
"time help get",3,500830,90.95
"time hits list",3,500833,90.95
"time homeless people",3,500836,90.95
"time join twitter",3,500839,90.95
"time just ate",3,500842,90.95
"time just go",3,500845,90.95
"time just great",3,500848,90.95
"time just happy",3,500851,90.95
"time just hours",3,500854,90.95
"time just know",3,500857,90.95
"time just love",3,500860,90.95
"time just makes",3,500863,90.95
"time just pay",3,500866,90.95
"time just really",3,500869,90.95
"time just run",3,500872,90.96
"time just started",3,500875,90.96
"time just tell",3,500878,90.96
"time just wanna",3,500881,90.96
"time just worth",3,500884,90.96
"time last day",3,500887,90.96
"time last lifetime",3,500890,90.96
"time little ones",3,500893,90.96
"time live life",3,500896,90.96
"time love guys",3,500899,90.96
"time love like",3,500902,90.96
"time love meet",3,500905,90.96
"time made day",3,500908,90.96
"time made new",3,500911,90.96
"time make best",3,500914,90.96
"time make better",3,500917,90.96
"time make calls",3,500920,90.96
"time make cupcakes",3,500923,90.96
"time make difference",3,500926,90.96
"time make feel",3,500929,90.97
"time make get",3,500932,90.97
"time make last",3,500935,90.97
"time make longer",3,500938,90.97
"time make nice",3,500941,90.97
"time makes feel",3,500944,90.97
"time man life",3,500947,90.97
"time max payne",3,500950,90.97
"time meet human",3,500953,90.97
"time meeting great",3,500956,90.97
"time might just",3,500959,90.97
"time milk cow",3,500962,90.97
"time monday friday",3,500965,90.97
"time morning love",3,500968,90.97
"time nut shut",3,500971,90.97
"time offer www",3,500974,90.97
"time oh dear",3,500977,90.97
"time open eyes",3,500980,90.97
"time peanut butter",3,500983,90.98
"time person change",3,500986,90.98
"time person year",3,500989,90.98
"time phone heart",3,500992,90.98
"time photos videos",3,500995,90.98
"time pills stairs",3,500998,90.98
"time plan summer",3,501001,90.98
"time plan trip",3,501004,90.98
"time plan vacation",3,501007,90.98
"time plan weekend",3,501010,90.98
"time reading hunger",3,501013,90.98
"time ready go",3,501016,90.98
"time real good",3,501019,90.98
"time regret things",3,501022,90.98
"time rest get",3,501025,90.98
"time seeing wait",3,501028,90.98
"time send email",3,501031,90.98
"time set alarm",3,501034,90.98
"time set time",3,501037,90.98
"time share thoughts",3,501040,90.99
"time sit ups",3,501043,90.99
"time social networking",3,501046,90.99
"time spend social",3,501049,90.99
"time spiritual mechanical",3,501052,90.99
"time start acting",3,501055,90.99
"time start booking",3,501058,90.99
"time start business",3,501061,90.99
"time start revolution",3,501064,90.99
"time starts minutes",3,501067,90.99
"time stays long",3,501070,90.99
"time step take",3,501073,90.99
"time steven wright",3,501076,90.99
"time talked dad",3,501079,90.99
"time talking buyers",3,501082,90.99
"time th quarter",3,501085,90.99
"time th second",3,501088,90.99
"time things don",3,501091,90.99
"time thinking going",3,501094,91
"time thinking think",3,501097,91
"time thought walk",3,501100,91
"time time go",3,501103,91
"time time got",3,501106,91
"time time need",3,501109,91
"time time really",3,501112,91
"time today feel",3,501115,91
"time today gonna",3,501118,91
"time today lots",3,501121,91
"time today pray",3,501124,91
"time today start",3,501127,91
"time today thank",3,501130,91
"time today wait",3,501133,91
"time trying accomplish",3,501136,91
"time turn get",3,501139,91
"time turns go",3,501142,91
"time update blog",3,501145,91
"time uses word",3,501148,91.01
"time wanna make",3,501151,91.01
"time wasted getting",3,501154,91.01
"time wasted time",3,501157,91.01
"time wasted wrong",3,501160,91.01
"time way go",3,501163,91.01
"time way represent",3,501166,91.01
"time weeks ago",3,501169,91.01
"time william shakespeare",3,501172,91.01
"time won get",3,501175,91.01
"time work knowing",3,501178,91.01
"time work morning",3,501181,91.01
"time work time",3,501184,91.01
"time works best",3,501187,91.01
"time world series",3,501190,91.01
"time year actually",3,501193,91.01
"time year ago",3,501196,91.01
"time year dress",3,501199,91.01
"time year fun",3,501202,91.01
"time year hear",3,501205,91.02
"time year ill",3,501208,91.02
"time year makes",3,501211,91.02
"time year right",3,501214,91.02
"time year sure",3,501217,91.02
"time year thanks",3,501220,91.02
"time year think",3,501223,91.02
"time year wait",3,501226,91.02
"time yes yes",3,501229,91.02
"times better common",3,501232,91.02
"times break till",3,501235,91.02
"times don need",3,501238,91.02
"times gone baby",3,501241,91.02
"times good know",3,501244,91.02
"times good luck",3,501247,91.02
"times happens live",3,501250,91.02
"times julie andrews",3,501253,91.02
"times last days",3,501256,91.02
"times last minutes",3,501259,91.03
"times last month",3,501262,91.03
"times looking forward",3,501265,91.03
"times past hours",3,501268,91.03
"times realize youth",3,501271,91.03
"times song dance",3,501274,91.03
"times sounds like",3,501277,91.03
"times stone memories",3,501280,91.03
"times tonight thanks",3,501283,91.03
"times tonight wait",3,501286,91.03
"tina tina tina",3,501289,91.03
"tip buy book",3,501292,91.03
"tip day best",3,501295,91.03
"tip day court",3,501298,91.03
"tip day custody",3,501301,91.03
"tip day get",3,501304,91.03
"tip day good",3,501307,91.03
"tip day internet",3,501310,91.03
"tip day wen",3,501313,91.04
"tip don go",3,501316,91.04
"tip don use",3,501319,91.04
"tip looks like",3,501322,91.04
"tip steve armstrong",3,501325,91.04
"tip tiger tonight",3,501328,91.04
"tips become successful",3,501331,91.04
"tips quick easy",3,501334,91.04
"tire iron steal",3,501337,91.04
"tired af ready",3,501340,91.04
"tired big day",3,501343,91.04
"tired cause running",3,501346,91.04
"tired couple laps",3,501349,91.04
"tired feet hurt",3,501352,91.04
"tired getting hopes",3,501355,91.04
"tired getting hurt",3,501358,91.04
"tired goodnight sweet",3,501361,91.04
"tired hearing people",3,501364,91.04
"tired laps old",3,501367,91.04
"tired long week",3,501370,91.05
"tired need coffee",3,501373,91.05
"tired need rest",3,501376,91.05
"tired people talking",3,501379,91.05
"tired people telling",3,501382,91.05
"tired right wanna",3,501385,91.05
"tired seeing face",3,501388,91.05
"tired seeing people",3,501391,91.05
"tired sleep tired",3,501394,91.05
"tired time get",3,501397,91.05
"tired treated like",3,501400,91.05
"tired trying crying",3,501403,91.05
"tired waiting assuming",3,501406,91.05
"titanic best movie",3,501409,91.05
"tl ur day",3,501412,91.05
"toast good health",3,501415,91.05
"today actually don",3,501418,91.05
"today anything fun",3,501421,91.05
"today both good",3,501424,91.06
"today breathing last",3,501427,91.06
"today bring friends",3,501430,91.06
"today busy busy",3,501433,91.06
"today buy diapers",3,501436,91.06
"today chance get",3,501439,91.06
"today cleveland av",3,501442,91.06
"today come shop",3,501445,91.06
"today come soon",3,501448,91.06
"today coming soon",3,501451,91.06
"today coming tomorrow",3,501454,91.06
"today daring believe",3,501457,91.06
"today day finally",3,501460,91.06
"today day give",3,501463,91.06
"today day great",3,501466,91.06
"today day gym",3,501469,91.06
"today day let",3,501472,91.06
"today day looking",3,501475,91.06
"today day ready",3,501478,91.07
"today day really",3,501481,91.07
"today day stay",3,501484,91.07
"today day take",3,501487,91.07
"today day waiting",3,501490,91.07
"today day work",3,501493,91.07
"today day yesterday",3,501496,91.07
"today definitely best",3,501499,91.07
"today definitely day",3,501502,91.07
"today determined actions",3,501505,91.07
"today diet coke",3,501508,91.07
"today does anyone",3,501511,91.07
"today does make",3,501514,91.07
"today doing today",3,501517,91.07
"today don gamble",3,501520,91.07
"today don judge",3,501523,91.07
"today don just",3,501526,91.07
"today eighth ave",3,501529,91.07
"today enjoy delicious",3,501532,91.07
"today enjoy rest",3,501535,91.08
"today exercise right",3,501538,91.08
"today family friends",3,501541,91.08
"today farmers market",3,501544,91.08
"today favorite things",3,501547,91.08
"today feast day",3,501550,91.08
"today feb th",3,501553,91.08
"today feeling blue",3,501556,91.08
"today feeling going",3,501559,91.08
"today friend believed",3,501562,91.08
"today full espresso",3,501565,91.08
"today get best",3,501568,91.08
"today get bill",3,501571,91.08
"today get closer",3,501574,91.08
"today get enjoy",3,501577,91.08
"today get followers",3,501580,91.08
"today get help",3,501583,91.08
"today get know",3,501586,91.08
"today get last",3,501589,91.09
"today get nice",3,501592,91.09
"today get outside",3,501595,91.09
"today get run",3,501598,91.09
"today get started",3,501601,91.09
"today get tomorrow",3,501604,91.09
"today giving free",3,501607,91.09
"today giving revenue",3,501610,91.09
"today glorious day",3,501613,91.09
"today going buy",3,501616,91.09
"today going come",3,501619,91.09
"today going focus",3,501622,91.09
"today going going",3,501625,91.09
"today going mall",3,501628,91.09
"today going put",3,501631,91.09
"today going start",3,501634,91.09
"today going talk",3,501637,91.09
"today going tomorrow",3,501640,91.09
"today going try",3,501643,91.1
"today going way",3,501646,91.1
"today going week",3,501649,91.1
"today good just",3,501652,91.1
"today good reason",3,501655,91.1
"today good sports",3,501658,91.1
"today good things",3,501661,91.1
"today got hear",3,501664,91.1
"today got hit",3,501667,91.1
"today got lots",3,501670,91.1
"today got say",3,501673,91.1
"today got today",3,501676,91.1
"today gotta wait",3,501679,91.1
"today great company",3,501682,91.1
"today great crowd",3,501685,91.1
"today great example",3,501688,91.1
"today great friends",3,501691,91.1
"today great game",3,501694,91.1
"today great great",3,501697,91.1
"today great season",3,501700,91.11
"today great seeing",3,501703,91.11
"today great tomorrow",3,501706,91.11
"today great turnout",3,501709,91.11
"today great week",3,501712,91.11
"today great win",3,501715,91.11
"today great workout",3,501718,91.11
"today happy got",3,501721,91.11
"today happy holidays",3,501724,91.11
"today happy th",3,501727,91.11
"today holocaust day",3,501730,91.11
"today hope better",3,501733,91.11
"today hope enjoy",3,501736,91.11
"today hope enjoying",3,501739,91.11
"today hope gets",3,501742,91.11
"today hope make",3,501745,91.11
"today hope ready",3,501748,91.11
"today hoping stays",3,501751,91.11
"today hottest group",3,501754,91.12
"today info order",3,501757,91.12
"today join pm",3,501760,91.12
"today just bit",3,501763,91.12
"today just dance",3,501766,91.12
"today just feels",3,501769,91.12
"today just gets",3,501772,91.12
"today just half",3,501775,91.12
"today just make",3,501778,91.12
"today just mention",3,501781,91.12
"today just mess",3,501784,91.12
"today just might",3,501787,91.12
"today just needs",3,501790,91.12
"today just right",3,501793,91.12
"today just thought",3,501796,91.12
"today just try",3,501799,91.12
"today kinda boring",3,501802,91.12
"today labor day",3,501805,91.12
"today last days",3,501808,91.12
"today last episode",3,501811,91.13
"today last final",3,501814,91.13
"today last time",3,501817,91.13
"today leap day",3,501820,91.13
"today lets hope",3,501823,91.13
"today life changed",3,501826,91.13
"today life short",3,501829,91.13
"today lost mood",3,501832,91.13
"today lot better",3,501835,91.13
"today lots cool",3,501838,91.13
"today love baby",3,501841,91.13
"today love come",3,501844,91.13
"today love get",3,501847,91.13
"today love like",3,501850,91.13
"today love making",3,501853,91.13
"today love today",3,501856,91.13
"today love working",3,501859,91.13
"today low clouds",3,501862,91.13
"today marks day",3,501865,91.14
"today marks last",3,501868,91.14
"today marks month",3,501871,91.14
"today marks months",3,501874,91.14
"today marks time",3,501877,91.14
"today martin luther",3,501880,91.14
"today meeting looking",3,501883,91.14
"today meeting new",3,501886,91.14
"today memory tomorrow",3,501889,91.14
"today met great",3,501892,91.14
"today might start",3,501895,91.14
"today mile run",3,501898,91.14
"today monday means",3,501901,91.14
"today nd rd",3,501904,91.14
"today ok day",3,501907,91.14
"today ok maybe",3,501910,91.14
"today partly cloudy",3,501913,91.14
"today phil friends",3,501916,91.14
"today play pm",3,501919,91.15
"today pm beautiful",3,501922,91.15
"today pm broadway",3,501925,91.15
"today pm community",3,501928,91.15
"today pm enjoy",3,501931,91.15
"today pm hall",3,501934,91.15
"today pm hope",3,501937,91.15
"today pm last",3,501940,91.15
"today pm people",3,501943,91.15
"today pm public",3,501946,91.15
"today pm street",3,501949,91.15
"today pm tonight",3,501952,91.15
"today pm visit",3,501955,91.15
"today pres obama",3,501958,91.15
"today probably get",3,501961,91.15
"today proud myself",3,501964,91.15
"today puts good",3,501967,91.15
"today ready set",3,501970,91.15
"today receive code",3,501973,91.15
"today remember like",3,501976,91.16
"today revenge fifth",3,501979,91.16
"today right effect",3,501982,91.16
"today said ok",3,501985,91.16
"today sandwich salad",3,501988,91.16
"today scottish rite",3,501991,91.16
"today se foster",3,501994,91.16
"today seniors last",3,501997,91.16
"today september pm",3,502000,91.16
"today set tonight",3,502003,91.16
"today sounds good",3,502006,91.16
"today st anniversary",3,502009,91.16
"today st patty",3,502012,91.16
"today start great",3,502015,91.16
"today starting think",3,502018,91.16
"today steve jobs",3,502021,91.16
"today sunday day",3,502024,91.16
"today sunny highs",3,502027,91.16
"today super hero",3,502030,91.17
"today tastes like",3,502033,91.17
"today tell get",3,502036,91.17
"today tell truth",3,502039,91.17
"today thanks attended",3,502042,91.17
"today thanks dr",3,502045,91.17
"today thanks invite",3,502048,91.17
"today thanks laughs",3,502051,91.17
"today thanks lot",3,502054,91.17
"today thanks love",3,502057,91.17
"today thanks patience",3,502060,91.17
"today thanks patrick",3,502063,91.17
"today thanks work",3,502066,91.17
"today thought might",3,502069,91.17
"today told car",3,502072,91.17
"today tomorrow great",3,502075,91.17
"today tomorrow hope",3,502078,91.17
"today tomorrow make",3,502081,91.17
"today tomorrow night",3,502084,91.18
"today tomorrow tell",3,502087,91.18
"today tomorrow wed",3,502090,91.18
"today tomorrow yesterday",3,502093,91.18
"today totally agree",3,502096,91.18
"today trivia question",3,502099,91.18
"today try delicious",3,502102,91.18
"today try new",3,502105,91.18
"today trying figure",3,502108,91.18
"today trying make",3,502111,91.18
"today tweet help",3,502114,91.18
"today twitter day",3,502117,91.18
"today twitter follow",3,502120,91.18
"today valentines day",3,502123,91.18
"today way excited",3,502126,91.18
"today way get",3,502129,91.18
"today weather better",3,502132,91.18
"today wonder going",3,502135,91.18
"today world book",3,502138,91.18
"today worrying kids",3,502141,91.19
"today writing day",3,502144,91.19
"today yeah buddy",3,502147,91.19
"today yesterday thank",3,502150,91.19
"told balanced told",3,502153,91.19
"told car okay",3,502156,91.19
"told crush like",3,502159,91.19
"told don know",3,502162,91.19
"told engaging industry",3,502165,91.19
"told fine told",3,502168,91.19
"told friends like",3,502171,91.19
"told go bed",3,502174,91.19
"told go told",3,502177,91.19
"told going rain",3,502180,91.19
"told gonna get",3,502183,91.19
"told gonna happen",3,502186,91.19
"told look tired",3,502189,91.19
"told mom go",3,502192,91.19
"told mom like",3,502195,91.2
"told mom need",3,502198,91.2
"told mom said",3,502201,91.2
"told patient told",3,502204,91.2
"told said yes",3,502207,91.2
"told say anything",3,502210,91.2
"told take care",3,502213,91.2
"told take time",3,502216,91.2
"told tell hi",3,502219,91.2
"told today just",3,502222,91.2
"told training procedure",3,502225,91.2
"told tv crew",3,502228,91.2
"tom cruise just",3,502231,91.2
"tom jerry matter",3,502234,91.2
"tomorrow anxious itself",3,502237,91.2
"tomorrow anyone know",3,502240,91.2
"tomorrow ap test",3,502243,91.2
"tomorrow best day",3,502246,91.2
"tomorrow big game",3,502249,91.21
"tomorrow biggest teen",3,502252,91.21
"tomorrow birthday make",3,502255,91.21
"tomorrow bring friends",3,502258,91.21
"tomorrow christmas eve",3,502261,91.21
"tomorrow doing tonight",3,502264,91.21
"tomorrow evening get",3,502267,91.21
"tomorrow free admission",3,502270,91.21
"tomorrow game sunday",3,502273,91.21
"tomorrow give shout",3,502276,91.21
"tomorrow grand opening",3,502279,91.21
"tomorrow great food",3,502282,91.21
"tomorrow great week",3,502285,91.21
"tomorrow green valley",3,502288,91.21
"tomorrow hopefully get",3,502291,91.21
"tomorrow hopefully good",3,502294,91.21
"tomorrow join pm",3,502297,91.21
"tomorrow know means",3,502300,91.21
"tomorrow know right",3,502303,91.21
"tomorrow like friday",3,502306,91.22
"tomorrow make day",3,502309,91.22
"tomorrow make happen",3,502312,91.22
"tomorrow might make",3,502315,91.22
"tomorrow monday friday",3,502318,91.22
"tomorrow monday ugh",3,502321,91.22
"tomorrow morning ap",3,502324,91.22
"tomorrow morning don",3,502327,91.22
"tomorrow morning gonna",3,502330,91.22
"tomorrow morning hear",3,502333,91.22
"tomorrow morning looking",3,502336,91.22
"tomorrow morning really",3,502339,91.22
"tomorrow morning safe",3,502342,91.22
"tomorrow morning santa",3,502345,91.22
"tomorrow morning sleep",3,502348,91.22
"tomorrow morning tonight",3,502351,91.22
"tomorrow need find",3,502354,91.22
"tomorrow need good",3,502357,91.22
"tomorrow need help",3,502360,91.23
"tomorrow october th",3,502363,91.23
"tomorrow offering state",3,502366,91.23
"tomorrow pm check",3,502369,91.23
"tomorrow pm looking",3,502372,91.23
"tomorrow pm park",3,502375,91.23
"tomorrow register today",3,502378,91.23
"tomorrow santa monica",3,502381,91.23
"tomorrow sat feb",3,502384,91.23
"tomorrow saturday th",3,502387,91.23
"tomorrow slight chance",3,502390,91.23
"tomorrow start new",3,502393,91.23
"tomorrow starts raffle",3,502396,91.23
"tomorrow stop say",3,502399,91.23
"tomorrow sunday day",3,502402,91.23
"tomorrow sure check",3,502405,91.23
"tomorrow sure make",3,502408,91.23
"tomorrow texas awesome",3,502411,91.23
"tomorrow thanks support",3,502414,91.24
"tomorrow today dream",3,502417,91.24
"tomorrow tomorrow anxious",3,502420,91.24
"tomorrow tomorrow tomorrow",3,502423,91.24
"tomorrow want go",3,502426,91.24
"tomorrow wants come",3,502429,91.24
"tomorrow watch new",3,502432,91.24
"tonight ale house",3,502435,91.24
"tonight america artist",3,502438,91.24
"tonight anchor bar",3,502441,91.24
"tonight anyone interested",3,502444,91.24
"tonight beauty bar",3,502447,91.24
"tonight big city",3,502450,91.24
"tonight big game",3,502453,91.24
"tonight big night",3,502456,91.24
"tonight brass wednesdays",3,502459,91.24
"tonight brazilian jazz",3,502462,91.24
"tonight bring friends",3,502465,91.24
"tonight brings live",3,502468,91.24
"tonight bummed miss",3,502471,91.25
"tonight catch action",3,502474,91.25
"tonight championship game",3,502477,91.25
"tonight club cinema",3,502480,91.25
"tonight club dj",3,502483,91.25
"tonight club ladies",3,502486,91.25
"tonight coffee house",3,502489,91.25
"tonight cover drink",3,502492,91.25
"tonight date night",3,502495,91.25
"tonight definitely going",3,502498,91.25
"tonight did get",3,502501,91.25
"tonight did miss",3,502504,91.25
"tonight dinner tomorrow",3,502507,91.25
"tonight dj play",3,502510,91.25
"tonight feel better",3,502513,91.25
"tonight follow updates",3,502516,91.25
"tonight fri night",3,502519,91.25
"tonight get get",3,502522,91.25
"tonight get list",3,502525,91.26
"tonight get pm",3,502528,91.26
"tonight get rain",3,502531,91.26
"tonight get watch",3,502534,91.26
"tonight get work",3,502537,91.26
"tonight getting excited",3,502540,91.26
"tonight going bed",3,502543,91.26
"tonight going night",3,502546,91.26
"tonight going work",3,502549,91.26
"tonight gotta make",3,502552,91.26
"tonight great event",3,502555,91.26
"tonight great example",3,502558,91.26
"tonight great party",3,502561,91.26
"tonight great season",3,502564,91.26
"tonight guess going",3,502567,91.26
"tonight hit wanna",3,502570,91.26
"tonight hockey game",3,502573,91.26
"tonight hopefully come",3,502576,91.26
"tonight hoping make",3,502579,91.26
"tonight ill live",3,502582,91.27
"tonight internet radio",3,502585,91.27
"tonight irish pub",3,502588,91.27
"tonight jam packed",3,502591,91.27
"tonight keep great",3,502594,91.27
"tonight long beach",3,502597,91.27
"tonight maybe bring",3,502600,91.27
"tonight midnight free",3,502603,91.27
"tonight might get",3,502606,91.27
"tonight montana live",3,502609,91.27
"tonight needless say",3,502612,91.27
"tonight news pm",3,502615,91.27
"tonight nice meet",3,502618,91.27
"tonight opening reception",3,502621,91.27
"tonight party people",3,502624,91.27
"tonight performance wicked",3,502627,91.27
"tonight pork belly",3,502630,91.27
"tonight puck drops",3,502633,91.27
"tonight purely social",3,502636,91.28
"tonight really cool",3,502639,91.28
"tonight really excited",3,502642,91.28
"tonight really wish",3,502645,91.28
"tonight red carpet",3,502648,91.28
"tonight red rocks",3,502651,91.28
"tonight rock roll",3,502654,91.28
"tonight salmon fishing",3,502657,91.28
"tonight say hello",3,502660,91.28
"tonight secret spot",3,502663,91.28
"tonight shuttle norman",3,502666,91.28
"tonight singer songwriter",3,502669,91.28
"tonight single chef",3,502672,91.28
"tonight sorry love",3,502675,91.28
"tonight st louis",3,502678,91.28
"tonight start taking",3,502681,91.28
"tonight starting come",3,502684,91.28
"tonight stop booth",3,502687,91.28
"tonight stop get",3,502690,91.29
"tonight sure amazing",3,502693,91.29
"tonight sure come",3,502696,91.29
"tonight sure stop",3,502699,91.29
"tonight th ave",3,502702,91.29
"tonight thursday pm",3,502705,91.29
"tonight ton fun",3,502708,91.29
"tonight train wreck",3,502711,91.29
"tonight try new",3,502714,91.29
"tonight want come",3,502717,91.29
"tonight want get",3,502720,91.29
"tonight want win",3,502723,91.29
"tonight watch big",3,502726,91.29
"tonight watch game",3,502729,91.29
"tonight watch president",3,502732,91.29
"tonight way bank",3,502735,91.29
"tonight weekly happy",3,502738,91.29
"tonight wish go",3,502741,91.29
"tonight wizards game",3,502744,91.29
"tonight won get",3,502747,91.3
"tonight wright way",3,502750,91.3
"tonight yes did",3,502753,91.3
"tons fun tonight",3,502756,91.3
"tons great people",3,502759,91.3
"tons great shows",3,502762,91.3
"tony mayor miami",3,502765,91.3
"tony parker danny",3,502768,91.3
"tony parker rings",3,502771,91.3
"tony type songs",3,502774,91.3
"took care problem",3,502777,91.3
"took courage say",3,502780,91.3
"took day find",3,502783,91.3
"took day today",3,502786,91.3
"took hour get",3,502789,91.3
"took last breath",3,502792,91.3
"took left turn",3,502795,91.3
"took little nap",3,502798,91.3
"took minute get",3,502801,91.31
"took phone away",3,502804,91.31
"took pills wife",3,502807,91.31
"took power nap",3,502810,91.31
"took shower got",3,502813,91.31
"took time create",3,502816,91.31
"took time day",3,502819,91.31
"took time just",3,502822,91.31
"took time today",3,502825,91.31
"took today good",3,502828,91.31
"took tries get",3,502831,91.31
"took years finally",3,502834,91.31
"tool assist understand",3,502837,91.31
"tool tell think",3,502840,91.31
"tool www video",3,502843,91.31
"tools use grow",3,502846,91.31
"topic brand loyalty",3,502849,91.31
"topped spicy cheese",3,502852,91.31
"topping pizza buy",3,502855,91.32
"tornado warning effect",3,502858,91.32
"tornado watch county",3,502861,91.32
"tornado watch effect",3,502864,91.32
"toss away careful",3,502867,91.32
"total blog archive",3,502870,91.32
"total dream come",3,502873,91.32
"totally agree believe",3,502876,91.32
"totally agree both",3,502879,91.32
"totally agree comment",3,502882,91.32
"totally agree get",3,502885,91.32
"totally agree good",3,502888,91.32
"totally agree know",3,502891,91.32
"totally agree old",3,502894,91.32
"totally agree sad",3,502897,91.32
"totally blew away",3,502900,91.32
"totally get twitter",3,502903,91.32
"totally irrelevant unless",3,502906,91.32
"totally look forward",3,502909,91.32
"totally love love",3,502912,91.33
"totally made night",3,502915,91.33
"totally new project",3,502918,91.33
"totally seems like",3,502921,91.33
"totally sounds like",3,502924,91.33
"totally understand don",3,502927,91.33
"touch base soon",3,502930,91.33
"touch follow lead",3,502933,91.33
"touch read touch",3,502936,91.33
"touch soon get",3,502939,91.33
"touch track turns",3,502942,91.33
"tough choice both",3,502945,91.33
"toughest thing success",3,502948,91.33
"tour hide seek",3,502951,91.33
"tour july th",3,502954,91.33
"tour make sure",3,502957,91.33
"tour march th",3,502960,91.33
"tour ready kick",3,502963,91.33
"tour today fun",3,502966,91.34
"tour today great",3,502969,91.34
"tour years ago",3,502972,91.34
"tower defense game",3,502975,91.34
"tower looks like",3,502978,91.34
"town center today",3,502981,91.34
"town come check",3,502984,91.34
"town let make",3,502987,91.34
"town music love",3,502990,91.34
"town smell like",3,502993,91.34
"town soul spin",3,502996,91.34
"town sounds like",3,502999,91.34
"town trying get",3,503002,91.34
"town weekend let",3,503005,91.34
"toy phone answer",3,503008,91.34
"toys food kids",3,503011,91.34
"track field championships",3,503014,91.34
"track keep good",3,503017,91.34
"track need take",3,503020,91.35
"track social media",3,503023,91.35
"tracks last night",3,503026,91.35
"trade becomes creation",3,503029,91.35
"trade jets jacksonville",3,503032,91.35
"trade josh smith",3,503035,91.35
"trade soul wish",3,503038,91.35
"trade th pick",3,503041,91.35
"trader hair perfect",3,503044,91.35
"traditional new media",3,503047,91.35
"traffic alert head",3,503050,91.35
"traffic alert miles",3,503053,91.35
"traffic alert south",3,503056,91.35
"traffic lights know",3,503059,91.35
"traffic parking garage",3,503062,91.35
"traffic update belt",3,503065,91.35
"trafficking awareness day",3,503068,91.35
"tragedy having goal",3,503071,91.35
"tragedy having goals",3,503074,91.35
"tragedy robert half",3,503077,91.36
"trail follow appreciated",3,503080,91.36
"train feel like",3,503083,91.36
"train mind like",3,503086,91.36
"train wreck don",3,503089,91.36
"trained days bill",3,503092,91.36
"training camp starts",3,503095,91.36
"training diet mental",3,503098,91.36
"training going great",3,503101,91.36
"training last week",3,503104,91.36
"training procedure cats",3,503107,91.36
"traits custom making",3,503110,91.36
"trapped living results",3,503113,91.36
"trash man treasure",3,503116,91.36
"travel looking forward",3,503119,91.36
"travel seeing sights",3,503122,91.36
"travel team elite",3,503125,91.36
"travel team point",3,503128,91.36
"treasure seek joseph",3,503131,91.37
"treat customers better",3,503134,91.37
"treat mom right",3,503137,91.37
"treat people don",3,503140,91.37
"treat people respect",3,503143,91.37
"treat right treat",3,503146,91.37
"treat way like",3,503149,91.37
"treated equally law",3,503152,91.37
"treats like ordinary",3,503155,91.37
"treats person absolutely",3,503158,91.37
"treats woman like",3,503161,91.37
"tree guy way",3,503164,91.37
"tree hill online",3,503167,91.37
"tree long time",3,503170,91.37
"tree real thing",3,503173,91.37
"tree spend life",3,503176,91.37
"tree thomas fuller",3,503179,91.37
"tree worth shaking",3,503182,91.37
"trees beautiful leaves",3,503185,91.38
"trek motion picture",3,503188,91.38
"tremendous party guaranteed",3,503191,91.38
"trend dj playing",3,503194,91.38
"trend merry christmas",3,503197,91.38
"trend twitter make",3,503200,91.38
"trending online help",3,503203,91.38
"trending right like",3,503206,91.38
"trending topics help",3,503209,91.38
"trending topics right",3,503212,91.38
"trending twitter right",3,503215,91.38
"trending west hollywood",3,503218,91.38
"trial suffering soul",3,503221,91.38
"tribute mike wallace",3,503224,91.38
"tribute steve jobs",3,503227,91.38
"tribute steve success",3,503230,91.38
"trick played achieve",3,503233,91.38
"trick treat candy",3,503236,91.38
"tried best don",3,503239,91.38
"tried break house",3,503242,91.39
"tried hard got",3,503245,91.39
"tried make work",3,503248,91.39
"tried million tears",3,503251,91.39
"tried take phone",3,503254,91.39
"tries auto correct",3,503257,91.39
"trillion student loans",3,503260,91.39
"trillion times better",3,503263,91.39
"trip bay area",3,503266,91.39
"trip cape town",3,503269,91.39
"trip green bay",3,503272,91.39
"trip just got",3,503275,91.39
"trip let know",3,503278,91.39
"trip near future",3,503281,91.39
"trip new jersey",3,503284,91.39
"trip sounds like",3,503287,91.39
"trip tomorrow going",3,503290,91.39
"trip tomorrow gonna",3,503293,91.39
"triple double game",3,503296,91.4
"triple double today",3,503299,91.4
"trivia night come",3,503302,91.4
"trivia question posted",3,503305,91.4
"trivia tuesday starts",3,503308,91.4
"trivia tuesday warm",3,503311,91.4
"troops left iraq",3,503314,91.4
"tropical addiction thursdays",3,503317,91.4
"trouble avoid go",3,503320,91.4
"trouble comes causes",3,503323,91.4
"trouble let know",3,503326,91.4
"troubles seemed far",3,503329,91.4
"truck cause catch",3,503332,91.4
"true best way",3,503335,91.4
"true breaks heart",3,503338,91.4
"true don let",3,503341,91.4
"true don wanna",3,503344,91.4
"true dreams thy",3,503347,91.4
"true fan right",3,503350,91.41
"true football legend",3,503353,91.41
"true great day",3,503356,91.41
"true independent film",3,503359,91.41
"true job interview",3,503362,91.41
"true joy life",3,503365,91.41
"true life obsessed",3,503368,91.41
"true love got",3,503371,91.41
"true love guys",3,503374,91.41
"true love happy",3,503377,91.41
"true love means",3,503380,91.41
"true love really",3,503383,91.41
"true love right",3,503386,91.41
"true lovers run",3,503389,91.41
"true make sure",3,503392,91.41
"true need get",3,503395,91.41
"true need know",3,503398,91.41
"true people need",3,503401,91.41
"true really true",3,503404,91.41
"true song send",3,503407,91.42
"true spend time",3,503410,91.42
"true story got",3,503413,91.42
"true story life",3,503416,91.42
"true thanks reminder",3,503419,91.42
"truly blessed love",3,503422,91.42
"truly blessed work",3,503425,91.42
"truly caring anyone",3,503428,91.42
"truly find love",3,503431,91.42
"truly forgive quickly",3,503434,91.42
"truly glad wonderful",3,503437,91.42
"truly separate friends",3,503440,91.42
"truly wee herman",3,503443,91.42
"trust announces quarter",3,503446,91.42
"trust anyone especially",3,503449,91.42
"trust anyone uses",3,503452,91.42
"trust don let",3,503455,91.42
"trust don trust",3,503458,91.42
"trust great btw",3,503461,91.43
"trust hope work",3,503464,91.43
"trust know just",3,503467,91.43
"trust like phone",3,503470,91.43
"trust lord go",3,503473,91.43
"trust love hope",3,503476,91.43
"trust people easily",3,503479,91.43
"trust source longer",3,503482,91.43
"trust trust hope",3,503485,91.43
"truth chance get",3,503488,91.43
"truth just comes",3,503491,91.43
"truth put little",3,503494,91.43
"truth truth change",3,503497,91.43
"truth truth truth",3,503500,91.43
"try act cool",3,503503,91.43
"try avoid possible",3,503506,91.43
"try away look",3,503509,91.43
"try bacon wrapped",3,503512,91.43
"try become person",3,503515,91.43
"try better william",3,503518,91.44
"try bike ride",3,503521,91.44
"try brunch menu",3,503524,91.44
"try catch game",3,503527,91.44
"try cleaning room",3,503530,91.44
"try come don",3,503533,91.44
"try different day",3,503536,91.44
"try empire strikes",3,503539,91.44
"try fail better",3,503542,91.44
"try fail try",3,503545,91.44
"try follow followers",3,503548,91.44
"try follow says",3,503551,91.44
"try get early",3,503554,91.44
"try get friends",3,503557,91.44
"try get helped",3,503560,91.44
"try get interview",3,503563,91.44
"try get new",3,503566,91.44
"try get notice",3,503569,91.44
"try get number",3,503572,91.45
"try get people",3,503575,91.45
"try get right",3,503578,91.45
"try get song",3,503581,91.45
"try get word",3,503584,91.45
"try good day",3,503587,91.45
"try haven tried",3,503590,91.45
"try help get",3,503593,91.45
"try help helping",3,503596,91.45
"try like did",3,503599,91.45
"try make time",3,503602,91.45
"try make today",3,503605,91.45
"try mary kay",3,503608,91.45
"try new ideas",3,503611,91.45
"try new lunch",3,503614,91.45
"try new ones",3,503617,91.45
"try new recipes",3,503620,91.45
"try new turkey",3,503623,91.45
"try nicer try",3,503626,91.46
"try plan ahead",3,503629,91.46
"try play play",3,503632,91.46
"try put slowly",3,503635,91.46
"try refreshing browser",3,503638,91.46
"try remember built",3,503641,91.46
"try rise shine",3,503644,91.46
"try shoe size",3,503647,91.46
"try sleep tomorrow",3,503650,91.46
"try spend time",3,503653,91.46
"try start using",3,503656,91.46
"try talk get",3,503659,91.46
"try tell feel",3,503662,91.46
"try thanks tip",3,503665,91.46
"try thinking missing",3,503668,91.46
"try try fail",3,503671,91.46
"try try hard",3,503674,91.46
"trying best cry",3,503677,91.46
"trying best get",3,503680,91.46
"trying bring attention",3,503683,91.47
"trying come clever",3,503686,91.47
"trying come new",3,503689,91.47
"trying come plan",3,503692,91.47
"trying convince go",3,503695,91.47
"trying convince husband",3,503698,91.47
"trying distance myself",3,503701,91.47
"trying explain people",3,503704,91.47
"trying figure difference",3,503707,91.47
"trying figure dinner",3,503710,91.47
"trying figure go",3,503713,91.47
"trying figure got",3,503716,91.47
"trying figure love",3,503719,91.47
"trying figure myself",3,503722,91.47
"trying figure sister",3,503725,91.47
"trying figure site",3,503728,91.47
"trying figure step",3,503731,91.47
"trying figure tonight",3,503734,91.47
"trying find different",3,503737,91.48
"trying find game",3,503740,91.48
"trying find go",3,503743,91.48
"trying find love",3,503746,91.48
"trying find parking",3,503749,91.48
"trying find really",3,503752,91.48
"trying find song",3,503755,91.48
"trying find source",3,503758,91.48
"trying finish book",3,503761,91.48
"trying good friend",3,503764,91.48
"trying great game",3,503767,91.48
"trying hold tears",3,503770,91.48
"trying impress ex",3,503773,91.48
"trying just trying",3,503776,91.48
"trying learn twitter",3,503779,91.48
"trying make believe",3,503782,91.48
"trying make better",3,503785,91.48
"trying make dollar",3,503788,91.48
"trying make fun",3,503791,91.49
"trying make good",3,503794,91.49
"trying make mind",3,503797,91.49
"trying make real",3,503800,91.49
"trying make trend",3,503803,91.49
"trying move ahead",3,503806,91.49
"trying party free",3,503809,91.49
"trying play football",3,503812,91.49
"trying pull covers",3,503815,91.49
"trying reach fans",3,503818,91.49
"trying remember met",3,503821,91.49
"trying remember thought",3,503824,91.49
"trying remind myself",3,503827,91.49
"trying start twitter",3,503830,91.49
"trying stay cool",3,503833,91.49
"trying stay relevant",3,503836,91.49
"trying take away",3,503839,91.49
"trying take life",3,503842,91.49
"trying talk just",3,503845,91.49
"trying talk myself",3,503848,91.5
"trying think new",3,503851,91.5
"trying watch movie",3,503854,91.5
"trying win games",3,503857,91.5
"trying won let",3,503860,91.5
"trying work twitter",3,503863,91.5
"trying write music",3,503866,91.5
"tues happy hour",3,503869,91.5
"tues jan happy",3,503872,91.5
"tues nov pm",3,503875,91.5
"tuesday come check",3,503878,91.5
"tuesday come join",3,503881,91.5
"tuesday come try",3,503884,91.5
"tuesday dec th",3,503887,91.5
"tuesday ladies free",3,503890,91.5
"tuesday lb regular",3,503893,91.5
"tuesday morning hope",3,503896,91.5
"tuesday productive day",3,503899,91.5
"tuesday saturday pm",3,503902,91.51
"tuesday september th",3,503905,91.51
"tuesday spread love",3,503908,91.51
"tuesday starts tonight",3,503911,91.51
"tuesdays midwest independent",3,503914,91.51
"tune last night",3,503917,91.51
"tune radio radio",3,503920,91.51
"tune savvy money",3,503923,91.51
"tune sounds like",3,503926,91.51
"tune tv tonight",3,503929,91.51
"tuned fox news",3,503932,91.51
"tuned giving away",3,503935,91.51
"tuned later today",3,503938,91.51
"tuned political npr",3,503941,91.51
"tuned updated info",3,503944,91.51
"tunes big smith",3,503947,91.51
"tunes video help",3,503950,91.51
"turkey club cup",3,503953,91.51
"turkey fans come",3,503956,91.52
"turn based strategy",3,503959,91.52
"turn cell phones",3,503962,91.52
"turn da lights",3,503965,91.52
"turn give figure",3,503968,91.52
"turn just like",3,503971,91.52
"turn lights go",3,503974,91.52
"turn lights just",3,503977,91.52
"turn mess message",3,503980,91.52
"turn music turn",3,503983,91.52
"turn negative positive",3,503986,91.52
"turn phone silent",3,503989,91.52
"turn turn let",3,503992,91.52
"turn yrs old",3,503995,91.52
"turned cans dreams",3,503998,91.52
"turned social media",3,504001,91.52
"turned today happy",3,504004,91.52
"turning old man",3,504007,91.52
"turnovers turnovers turnovers",3,504010,91.52
"turns go room",3,504013,91.53
"turns just really",3,504016,91.53
"turns life lesson",3,504019,91.53
"turns light ends",3,504022,91.53
"tv ch time",3,504025,91.53
"tv check buddy",3,504028,91.53
"tv commercials music",3,504031,91.53
"tv ipad app",3,504034,91.53
"tv movie like",3,504037,91.53
"tv open nearby",3,504040,91.53
"tv pm est",3,504043,91.53
"tv social media",3,504046,91.53
"tv till fall",3,504049,91.53
"tv time watching",3,504052,91.53
"tv watch tonight",3,504055,91.53
"twain letters exhibition",3,504058,91.53
"tweet anything nice",3,504061,91.53
"tweet awesome day",3,504064,91.53
"tweet band called",3,504067,91.54
"tweet bored af",3,504070,91.54
"tweet brain surgery",3,504073,91.54
"tweet brought disabled",3,504076,91.54
"tweet brought vehicle",3,504079,91.54
"tweet come let",3,504082,91.54
"tweet correct answer",3,504085,91.54
"tweet did hear",3,504088,91.54
"tweet fall asleep",3,504091,91.54
"tweet go bed",3,504094,91.54
"tweet got goodness",3,504097,91.54
"tweet greatly appreciated",3,504100,91.54
"tweet help get",3,504103,91.54
"tweet help trend",3,504106,91.54
"tweet hope make",3,504109,91.54
"tweet know don",3,504112,91.54
"tweet know love",3,504115,91.54
"tweet last time",3,504118,91.54
"tweet last year",3,504121,91.55
"tweet limit personal",3,504124,91.55
"tweet looks like",3,504127,91.55
"tweet makes sad",3,504130,91.55
"tweet mean lot",3,504133,91.55
"tweet mean today",3,504136,91.55
"tweet mother chance",3,504139,91.55
"tweet need get",3,504142,91.55
"tweet picture get",3,504145,91.55
"tweet really bored",3,504148,91.55
"tweet recipes bobby",3,504151,91.55
"tweet recipes rachel",3,504154,91.55
"tweet say don",3,504157,91.55
"tweet saying happy",3,504160,91.55
"tweet share facebook",3,504163,91.55
"tweet soccer related",3,504166,91.55
"tweet sorry twitter",3,504169,91.55
"tweet sounded like",3,504172,91.55
"tweet steve jobs",3,504175,91.55
"tweet stuff like",3,504178,91.56
"tweet text want",3,504181,91.56
"tweet thanks sharing",3,504184,91.56
"tweet things interest",3,504187,91.56
"tweet think ur",3,504190,91.56
"tweet tomorrow goodnight",3,504193,91.56
"tweet tweet follow",3,504196,91.56
"tweet tweet question",3,504199,91.56
"tweet tweet twitter",3,504202,91.56
"tweet tweet yr",3,504205,91.56
"tweet way go",3,504208,91.56
"tweet way home",3,504211,91.56
"tweet ye shall",3,504214,91.56
"tweet yr business",3,504217,91.56
"tweeted like times",3,504220,91.56
"tweeted minutes ago",3,504223,91.56
"tweeted th tweet",3,504226,91.56
"tweeted times past",3,504229,91.56
"tweeting like boss",3,504232,91.57
"tweeting live tonight",3,504235,91.57
"tweeting lot today",3,504238,91.57
"tweeting new ipad",3,504241,91.57
"tweeting new iphone",3,504244,91.57
"tweeting new phone",3,504247,91.57
"tweeting sounds like",3,504250,91.57
"tweets day get",3,504253,91.57
"tweets don forget",3,504256,91.57
"tweets don understand",3,504259,91.57
"tweets followers guessing",3,504262,91.57
"tweets good night",3,504265,91.57
"tweets great week",3,504268,91.57
"tweets home page",3,504271,91.57
"tweets hope doing",3,504274,91.57
"tweets hot account",3,504277,91.57
"tweets hot related",3,504280,91.57
"tweets joel ward",3,504283,91.57
"tweets keep coming",3,504286,91.57
"tweets last days",3,504289,91.58
"tweets people follow",3,504292,91.58
"tweets personal account",3,504295,91.58
"tweets really appreciate",3,504298,91.58
"tweets really want",3,504301,91.58
"tweets sent ur",3,504304,91.58
"tweets telling people",3,504307,91.58
"tweets thanks sharing",3,504310,91.58
"tweets trying get",3,504313,91.58
"tweets watch competition",3,504316,91.58
"twice last month",3,504319,91.58
"twice last tweet",3,504322,91.58
"twice last week",3,504325,91.58
"twilight fan fiction",3,504328,91.58
"twilight zone rose",3,504331,91.58
"twin cities go",3,504334,91.58
"twist really runs",3,504337,91.58
"twitter account days",3,504340,91.58
"twitter account facebook",3,504343,91.59
"twitter account following",3,504346,91.59
"twitter account great",3,504349,91.59
"twitter account hit",3,504352,91.59
"twitter account keep",3,504355,91.59
"twitter account looking",3,504358,91.59
"twitter account make",3,504361,91.59
"twitter account named",3,504364,91.59
"twitter account officially",3,504367,91.59
"twitter account posted",3,504370,91.59
"twitter account tomorrow",3,504373,91.59
"twitter account tweets",3,504376,91.59
"twitter account used",3,504379,91.59
"twitter advertising clients",3,504382,91.59
"twitter appreciate support",3,504385,91.59
"twitter avatar unusual",3,504388,91.59
"twitter background like",3,504391,91.59
"twitter check em",3,504394,91.59
"twitter check twitter",3,504397,91.6
"twitter close laptop",3,504400,91.6
"twitter com www",3,504403,91.6
"twitter come get",3,504406,91.6
"twitter direct message",3,504409,91.6
"twitter dot com",3,504412,91.6
"twitter facebook accounts",3,504415,91.6
"twitter facebook cause",3,504418,91.6
"twitter facebook facebook",3,504421,91.6
"twitter facebook gotta",3,504424,91.6
"twitter facebook help",3,504427,91.6
"twitter facebook instagram",3,504430,91.6
"twitter facebook just",3,504433,91.6
"twitter facebook post",3,504436,91.6
"twitter facebook social",3,504439,91.6
"twitter facebook twitter",3,504442,91.6
"twitter facebook updates",3,504445,91.6
"twitter facebook week",3,504448,91.6
"twitter fans server",3,504451,91.6
"twitter feed digital",3,504454,91.61
"twitter feed look",3,504457,91.61
"twitter feed say",3,504460,91.61
"twitter fingers crossed",3,504463,91.61
"twitter follow facebook",3,504466,91.61
"twitter follow keep",3,504469,91.61
"twitter follow latest",3,504472,91.61
"twitter follow people",3,504475,91.61
"twitter follow want",3,504478,91.61
"twitter followers good",3,504481,91.61
"twitter followers new",3,504484,91.61
"twitter forever feel",3,504487,91.61
"twitter friend met",3,504490,91.61
"twitter friends blessed",3,504493,91.61
"twitter friends doing",3,504496,91.61
"twitter friends facebook",3,504499,91.61
"twitter friends like",3,504502,91.61
"twitter friends safe",3,504505,91.61
"twitter friends stop",3,504508,91.62
"twitter friends thank",3,504511,91.62
"twitter gonna get",3,504514,91.62
"twitter good luck",3,504517,91.62
"twitter hacked sending",3,504520,91.62
"twitter happy tweeting",3,504523,91.62
"twitter high school",3,504526,91.62
"twitter hoping follow",3,504529,91.62
"twitter idea doing",3,504532,91.62
"twitter interested following",3,504535,91.62
"twitter just found",3,504538,91.62
"twitter just learned",3,504541,91.62
"twitter just recommended",3,504544,91.62
"twitter just told",3,504547,91.62
"twitter keep doing",3,504550,91.62
"twitter learn spell",3,504553,91.62
"twitter list called",3,504556,91.62
"twitter make feel",3,504559,91.62
"twitter make happen",3,504562,91.63
"twitter makes happy",3,504565,91.63
"twitter makes life",3,504568,91.63
"twitter merry christmas",3,504571,91.63
"twitter might want",3,504574,91.63
"twitter monday night",3,504577,91.63
"twitter need stop",3,504580,91.63
"twitter needs followers",3,504583,91.63
"twitter needs stop",3,504586,91.63
"twitter new phone",3,504589,91.63
"twitter oh yeah",3,504592,91.63
"twitter party est",3,504595,91.63
"twitter place people",3,504598,91.63
"twitter really cares",3,504601,91.63
"twitter really needs",3,504604,91.63
"twitter said following",3,504607,91.63
"twitter say hello",3,504610,91.63
"twitter say hi",3,504613,91.63
"twitter sure like",3,504616,91.63
"twitter thank nd",3,504619,91.64
"twitter thank support",3,504622,91.64
"twitter thursday pm",3,504625,91.64
"twitter thursdays silver",3,504628,91.64
"twitter try keep",3,504631,91.64
"twitter tuesdays star",3,504634,91.64
"twitter tweet like",3,504637,91.64
"twitter twitter facebook",3,504640,91.64
"twitter twitter love",3,504643,91.64
"twitter week hope",3,504646,91.64
"tx looking forward",3,504649,91.64
"tx need females",3,504652,91.64
"ty follow doll",3,504655,91.64
"ty follow love",3,504658,91.64
"ty following great",3,504661,91.64
"ty new followers",3,504664,91.64
"type guy bid",3,504667,91.64
"type music listen",3,504670,91.64
"type music play",3,504673,91.65
"type person try",3,504676,91.65
"type songs message",3,504679,91.65
"typical saturday night",3,504682,91.65
"typing really want",3,504685,91.65
"tyson corner va",3,504688,91.65
"ugh feel good",3,504691,91.65
"ugh get nerves",3,504694,91.65
"ugh need sleep",3,504697,91.65
"ugh tell got",3,504700,91.65
"ugly people lose",3,504703,91.65
"ugly people say",3,504706,91.65
"ugly play hard",3,504709,91.65
"uh oh big",3,504712,91.65
"uh oh followers",3,504715,91.65
"uh oh get",3,504718,91.65
"uh oh goes",3,504721,91.65
"uh oh know",3,504724,91.65
"uh oh oh",3,504727,91.66
"uh oh people",3,504730,91.66
"uh oh starting",3,504733,91.66
"uh oh trouble",3,504736,91.66
"uh yeah like",3,504739,91.66
"ultimate marvel vs",3,504742,91.66
"ultimate sports center",3,504745,91.66
"um heck yes",3,504748,91.66
"um just got",3,504751,91.66
"um like like",3,504754,91.66
"um school social",3,504757,91.66
"um think just",3,504760,91.66
"unable worth reading",3,504763,91.66
"uncle don know",3,504766,91.66
"uncomfortable conversations willing",3,504769,91.66
"understand cause just",3,504772,91.66
"understand don need",3,504775,91.66
"understand don want",3,504778,91.66
"understand don worry",3,504781,91.66
"understand just don",3,504784,91.67
"understand made fly",3,504787,91.67
"understand send child",3,504790,91.67
"understand somebody just",3,504793,91.67
"understand sounds like",3,504796,91.67
"understand things happen",3,504799,91.67
"understand whats going",3,504802,91.67
"understand wisdom music",3,504805,91.67
"understanding needs affected",3,504808,91.67
"understands responsibility comes",3,504811,91.67
"unfortunate clarify position",3,504814,91.67
"unified field theory",3,504817,91.67
"union square nyc",3,504820,91.67
"union today pm",3,504823,91.67
"unique makes promise",3,504826,91.67
"unique words spoken",3,504829,91.67
"united states country",3,504832,91.67
"united states get",3,504835,91.67
"united states st",3,504838,91.68
"universal studios halloween",3,504841,91.68
"universal studios orlando",3,504844,91.68
"universe history channel",3,504847,91.68
"universe place fill",3,504850,91.68
"universe trying tell",3,504853,91.68
"universe works mysterious",3,504856,91.68
"university san diego",3,504859,91.68
"university years like",3,504862,91.68
"unless applying job",3,504865,91.68
"unless bent martin",3,504868,91.68
"unless course happen",3,504871,91.68
"unless jack grant",3,504874,91.68
"unless know don",3,504877,91.68
"unless proud son",3,504880,91.68
"unless really good",3,504883,91.68
"unless really know",3,504886,91.68
"unless really like",3,504889,91.68
"unless really mean",3,504892,91.69
"unless want get",3,504895,91.69
"unlimited leads platform",3,504898,91.69
"unlimited mini golf",3,504901,91.69
"unnecessary necessary speak",3,504904,91.69
"unveiled new york",3,504907,91.69
"upcoming event help",3,504910,91.69
"update new company",3,504913,91.69
"update story including",3,504916,91.69
"update use site",3,504919,91.69
"updated website check",3,504922,91.69
"updates annual conference",3,504925,91.69
"updates coming later",3,504928,91.69
"updates happening sports",3,504931,91.69
"upset emotional chicks",3,504934,91.69
"upset feel like",3,504937,91.69
"ur body get",3,504940,91.69
"ur fan hope",3,504943,91.69
"ur fans get",3,504946,91.69
"ur following follow",3,504949,91.7
"ur following waiting",3,504952,91.7
"ur going let",3,504955,91.7
"ur house like",3,504958,91.7
"ur just gonna",3,504961,91.7
"ur just somebody",3,504964,91.7
"ur locker combo",3,504967,91.7
"ur love support",3,504970,91.7
"ur man say",3,504973,91.7
"ur mind like",3,504976,91.7
"ur new music",3,504979,91.7
"ur new twitter",3,504982,91.7
"ur number got",3,504985,91.7
"ur number phone",3,504988,91.7
"ur pretty cool",3,504991,91.7
"ur pretty face",3,504994,91.7
"ur right love",3,504997,91.7
"ur right ur",3,505000,91.7
"ur spring break",3,505003,91.71
"ur step dad",3,505006,91.71
"ur support following",3,505009,91.71
"ur support means",3,505012,91.71
"ur wishes come",3,505015,91.71
"ur youtube videos",3,505018,91.71
"urban dictionary say",3,505021,91.71
"urban noise summer",3,505024,91.71
"usa book reading",3,505027,91.71
"usa wins free",3,505030,91.71
"use box office",3,505033,91.71
"use entrance frederick",3,505036,91.71
"use get answers",3,505039,91.71
"use get better",3,505042,91.71
"use good grammar",3,505045,91.71
"use good luck",3,505048,91.71
"use hashtag help",3,505051,91.71
"use hashtag tweeting",3,505054,91.71
"use hot water",3,505057,91.71
"use instagram does",3,505060,91.72
"use just don",3,505063,91.72
"use keeps making",3,505066,91.72
"use left hand",3,505069,91.72
"use listen love",3,505072,91.72
"use looks like",3,505075,91.72
"use love song",3,505078,91.72
"use make sure",3,505081,91.72
"use massage right",3,505084,91.72
"use mobile tech",3,505087,91.72
"use new phone",3,505090,91.72
"use phone just",3,505093,91.72
"use phrase guess",3,505096,91.72
"use phrases like",3,505099,91.72
"use right arm",3,505102,91.72
"use seems like",3,505105,91.72
"use site www",3,505108,91.72
"use spell check",3,505111,91.72
"use teach importantly",3,505114,91.73
"use today buy",3,505117,91.73
"use today deal",3,505120,91.73
"use twitter advertising",3,505123,91.73
"use twitter effectively",3,505126,91.73
"use twitter just",3,505129,91.73
"use twitter love",3,505132,91.73
"use twitter thursday",3,505135,91.73
"use twitter tweet",3,505138,91.73
"use twitter use",3,505141,91.73
"use twitter web",3,505144,91.73
"use use google",3,505147,91.73
"use www com",3,505150,91.73
"used admit accepted",3,505153,91.73
"used biggest crush",3,505156,91.73
"used brings happy",3,505159,91.73
"used gift card",3,505162,91.73
"used huge fan",3,505165,91.73
"used kiss love",3,505168,91.74
"used label excitement",3,505171,91.74
"used looks cool",3,505174,91.74
"used play game",3,505177,91.74
"used reason start",3,505180,91.74
"used say don",3,505183,91.74
"used talk day",3,505186,91.74
"used talk minute",3,505189,91.74
"used th grade",3,505192,91.74
"used think thing",3,505195,91.74
"used time change",3,505198,91.74
"used yrs ago",3,505201,91.74
"useless friend robert",3,505204,91.74
"useless give answers",3,505207,91.74
"users conference june",3,505210,91.74
"users group meeting",3,505213,91.74
"users instagram android",3,505216,91.74
"uses different models",3,505219,91.74
"uses retail platform",3,505222,91.74
"using bad grammar",3,505225,91.75
"using common sense",3,505228,91.75
"using feel like",3,505231,91.75
"using google plus",3,505234,91.75
"using google voice",3,505237,91.75
"using lose twitter",3,505240,91.75
"using mouth usually",3,505243,91.75
"using new app",3,505246,91.75
"using new ipad",3,505249,91.75
"using new twitter",3,505252,91.75
"using pay phone",3,505255,91.75
"using scissors hammer",3,505258,91.75
"using smart phones",3,505261,91.75
"using sticky notes",3,505264,91.75
"using tax dollars",3,505267,91.75
"usual looks like",3,505270,91.75
"usual woke middle",3,505273,91.75
"usually don care",3,505276,91.75
"usually don go",3,505279,91.76
"usually don know",3,505282,91.76
"usually don mind",3,505285,91.76
"usually good idea",3,505288,91.76
"usually respond quickly",3,505291,91.76
"va beach virginia",3,505294,91.76
"va general assembly",3,505297,91.76
"va jay jay",3,505300,91.76
"vacation good thing",3,505303,91.76
"vacation thing hard",3,505306,91.76
"vacation time use",3,505309,91.76
"vacation twice year",3,505312,91.76
"vacation world exciting",3,505315,91.76
"valentine day baby",3,505318,91.76
"valentine day card",3,505321,91.76
"valentine day enjoy",3,505324,91.76
"valentine day event",3,505327,91.76
"valentine day favorite",3,505330,91.76
"valentine day february",3,505333,91.77
"valentine day filled",3,505336,91.77
"valentine day followers",3,505339,91.77
"valentine day give",3,505342,91.77
"valentine day going",3,505345,91.77
"valentine day heart",3,505348,91.77
"valentine day new",3,505351,91.77
"valentine day ready",3,505354,91.77
"valentine day reservations",3,505357,91.77
"valentine day special",3,505360,91.77
"valentine day spread",3,505363,91.77
"valentine day today",3,505366,91.77
"valentine day wonderful",3,505369,91.77
"valentines day baby",3,505372,91.77
"valentines day corner",3,505375,91.77
"valentines day enjoy",3,505378,91.77
"valentines day happy",3,505381,91.77
"valentines day like",3,505384,91.77
"valentines disc twitter",3,505387,91.77
"valentines drawing check",3,505390,91.78
"valid days cubs",3,505393,91.78
"valley community college",3,505396,91.78
"valley fair mall",3,505399,91.78
"valley mall come",3,505402,91.78
"value friend finds",3,505405,91.78
"value life absence",3,505408,91.78
"value put man",3,505411,91.78
"value put nonsense",3,505414,91.78
"values great mission",3,505417,91.78
"values work excellent",3,505420,91.78
"van comic lisa",3,505423,91.78
"vanilla bean jam",3,505426,91.78
"vanilla ice concert",3,505429,91.78
"vanilla raspberry wheat",3,505432,91.78
"variety hot soups",3,505435,91.78
"variety jazz legends",3,505438,91.78
"vast population able",3,505441,91.78
"vegan carrot cake",3,505444,91.79
"vegan yellow squash",3,505447,91.79
"vegas arts district",3,505450,91.79
"vegas couple days",3,505453,91.79
"vegas march th",3,505456,91.79
"vegas planet hollywood",3,505459,91.79
"vegetables must diet",3,505462,91.79
"vendor festival aug",3,505465,91.79
"vendor pm place",3,505468,91.79
"vendors sales goes",3,505471,91.79
"venice ca oct",3,505474,91.79
"venture stare steps",3,505477,91.79
"venture stay tuned",3,505480,91.79
"venues liked good",3,505483,91.79
"verge nervous breakdown",3,505486,91.79
"verizon center tonight",3,505489,91.79
"verse new song",3,505492,91.79
"version let go",3,505495,91.79
"veteran day like",3,505498,91.8
"veteran day serving",3,505501,91.8
"veteran day take",3,505504,91.8
"veteran day thank",3,505507,91.8
"veterans job fair",3,505510,91.8
"vice president talent",3,505513,91.8
"vicious red love",3,505516,91.8
"victor cruz acting",3,505519,91.8
"victoria get reply",3,505522,91.8
"victories go head",3,505525,91.8
"victory humanity mann",3,505528,91.8
"video bout go",3,505531,91.8
"video built like",3,505534,91.8
"video chat tonight",3,505537,91.8
"video debut disaster",3,505540,91.8
"video dreams dreams",3,505543,91.8
"video feel like",3,505546,91.8
"video go watch",3,505549,91.8
"video gonna love",3,505552,91.8
"video good job",3,505555,91.81
"video great like",3,505558,91.81
"video join revolution",3,505561,91.81
"video just say",3,505564,91.81
"video just watched",3,505567,91.81
"video poker bar",3,505570,91.81
"video taking forever",3,505573,91.81
"video thanks support",3,505576,91.81
"video tip week",3,505579,91.81
"video tonight club",3,505582,91.81
"videos go youtube",3,505585,91.81
"videos google results",3,505588,91.81
"videos image pieces",3,505591,91.81
"videos looks like",3,505594,91.81
"videos ready soon",3,505597,91.81
"videos share fellow",3,505600,91.81
"videos stay tuned",3,505603,91.81
"view www info",3,505606,91.81
"views world did",3,505609,91.82
"vikings cut ryan",3,505612,91.82
"vikings stadium plan",3,505615,91.82
"vikings stadium target",3,505618,91.82
"vikings stadium vote",3,505621,91.82
"villain tom shot",3,505624,91.82
"vinegar potato chips",3,505627,91.82
"vinyl record cd",3,505630,91.82
"violin music stop",3,505633,91.82
"vip chicago concert",3,505636,91.82
"vip happy hour",3,505639,91.82
"vip pastry shoes",3,505642,91.82
"vip saturdays free",3,505645,91.82
"vip table reservations",3,505648,91.82
"vip table thursday",3,505651,91.82
"vip table tonight",3,505654,91.82
"vip text www",3,505657,91.82
"vip tickets tonight",3,505660,91.82
"virginia nc state",3,505663,91.83
"virginia storm pm",3,505666,91.83
"virtue age simply",3,505669,91.83
"virtue doing david",3,505672,91.83
"vision art seeing",3,505675,91.83
"vision comes passion",3,505678,91.83
"vision ideal hearts",3,505681,91.83
"vision last night",3,505684,91.83
"vision nightmare proverb",3,505687,91.83
"visit com info",3,505690,91.83
"visit com use",3,505693,91.83
"visit http com",3,505696,91.83
"visit people year",3,505699,91.83
"visit titanic exhibition",3,505702,91.83
"visit www info",3,505705,91.83
"visit www juvenile",3,505708,91.83
"visit www youtube",3,505711,91.83
"visiting family friends",3,505714,91.83
"visiting glad enjoyed",3,505717,91.83
"visiting grand canyon",3,505720,91.84
"visiting home town",3,505723,91.84
"visiting hope enjoyed",3,505726,91.84
"vista ridge tunnel",3,505729,91.84
"vocal rush wishes",3,505732,91.84
"vodka latest news",3,505735,91.84
"vodka provider tv",3,505738,91.84
"vodka rum tequila",3,505741,91.84
"vodka tastes like",3,505744,91.84
"vodka vodka provider",3,505747,91.84
"voice like butter",3,505750,91.84
"voice looks like",3,505753,91.84
"voice match appearance",3,505756,91.84
"voices need heard",3,505759,91.84
"voluntary home visiting",3,505762,91.84
"volunteers make difference",3,505765,91.84
"vote civil rights",3,505768,91.84
"vote jessica sanchez",3,505771,91.84
"vote just vote",3,505774,91.85
"vote ken want",3,505777,91.85
"vote last night",3,505780,91.85
"vote march th",3,505783,91.85
"vote prom queen",3,505786,91.85
"vote ur favorite",3,505789,91.85
"vote vikings stadium",3,505792,91.85
"vote years ago",3,505795,91.85
"voted last night",3,505798,91.85
"voter registration non",3,505801,91.85
"voting www com",3,505804,91.85
"vs capitals game",3,505807,91.85
"vs golden state",3,505810,91.85
"vs lets go",3,505813,91.85
"vs monday night",3,505816,91.85
"vs oklahoma state",3,505819,91.85
"vs paid work",3,505822,91.85
"vs penn state",3,505825,91.85
"vs teams better",3,505828,91.85
"vs tonight pm",3,505831,91.86
"wa high school",3,505834,91.86
"wait absolutely love",3,505837,91.86
"wait appreciate finally",3,505840,91.86
"wait believe going",3,505843,91.86
"wait breaking dawn",3,505846,91.86
"wait buy new",3,505849,91.86
"wait catch carrier",3,505852,91.86
"wait catch tonight",3,505855,91.86
"wait celebrate weekend",3,505858,91.86
"wait check thanks",3,505861,91.86
"wait concert tomorrow",3,505864,91.86
"wait does make",3,505867,91.86
"wait don love",3,505870,91.86
"wait don think",3,505873,91.86
"wait done school",3,505876,91.86
"wait doors open",3,505879,91.86
"wait end month",3,505882,91.86
"wait end season",3,505885,91.87
"wait episode looks",3,505888,91.87
"wait excited just",3,505891,91.87
"wait extreme rules",3,505894,91.87
"wait fall asleep",3,505897,91.87
"wait finish product",3,505900,91.87
"wait former student",3,505903,91.87
"wait friday get",3,505906,91.87
"wait gets worse",3,505909,91.87
"wait glee tonight",3,505912,91.87
"wait go concert",3,505915,91.87
"wait go go",3,505918,91.87
"wait go new",3,505921,91.87
"wait go summer",3,505924,91.87
"wait good things",3,505927,91.87
"wait good time",3,505930,91.87
"wait great time",3,505933,91.87
"wait hand foot",3,505936,91.87
"wait hang guys",3,505939,91.88
"wait hear adventures",3,505942,91.88
"wait hear big",3,505945,91.88
"wait hear em",3,505948,91.88
"wait hear full",3,505951,91.88
"wait hear ideas",3,505954,91.88
"wait hear know",3,505957,91.88
"wait hear reaction",3,505960,91.88
"wait hear tomorrow",3,505963,91.88
"wait hear tunes",3,505966,91.88
"wait hear wait",3,505969,91.88
"wait hit gym",3,505972,91.88
"wait hit road",3,505975,91.88
"wait hope feel",3,505978,91.88
"wait hope like",3,505981,91.88
"wait hours get",3,505984,91.88
"wait ice cream",3,505987,91.88
"wait last night",3,505990,91.88
"wait lights green",3,505993,91.88
"wait like days",3,505996,91.89
"wait line just",3,505999,91.89
"wait love tomorrow",3,506002,91.89
"wait make new",3,506005,91.89
"wait men start",3,506008,91.89
"wait mitt romney",3,506011,91.89
"wait mother day",3,506014,91.89
"wait move away",3,506017,91.89
"wait move get",3,506020,91.89
"wait new game",3,506023,91.89
"wait new hair",3,506026,91.89
"wait new website",3,506029,91.89
"wait nfl season",3,506032,91.89
"wait raw tomorrow",3,506035,91.89
"wait release album",3,506038,91.89
"wait say lord",3,506041,91.89
"wait ta get",3,506044,91.89
"wait th annual",3,506047,91.89
"wait time get",3,506050,91.9
"wait today friday",3,506053,91.9
"wait tomorrow hope",3,506056,91.9
"wait tomorrow watch",3,506059,91.9
"wait ur album",3,506062,91.9
"wait valentine day",3,506065,91.9
"wait work soon",3,506068,91.9
"waited entire life",3,506071,91.9
"waiting assuming hearing",3,506074,91.9
"waiting bus stop",3,506077,91.9
"waiting cable guy",3,506080,91.9
"waiting day make",3,506083,91.9
"waiting doors open",3,506086,91.9
"waiting flight dc",3,506089,91.9
"waiting game begins",3,506092,91.9
"waiting go go",3,506095,91.9
"waiting go work",3,506098,91.9
"waiting half hour",3,506101,91.9
"waiting huge line",3,506104,91.91
"waiting justin come",3,506107,91.91
"waiting known carl",3,506110,91.91
"waiting long line",3,506113,91.91
"waiting long lines",3,506116,91.91
"waiting oil change",3,506119,91.91
"waiting outside lines",3,506122,91.91
"waiting parking spot",3,506125,91.91
"waiting patiently new",3,506128,91.91
"waiting things come",3,506131,91.91
"waiting water boil",3,506134,91.91
"waiting west coast",3,506137,91.91
"waiting years day",3,506140,91.91
"wake bake morning",3,506143,91.91
"wake bake time",3,506146,91.91
"wake last night",3,506149,91.91
"wake minutes alarm",3,506152,91.91
"wake monday morning",3,506155,91.91
"wake open eyes",3,506158,91.91
"wake play game",3,506161,91.92
"wake reason chance",3,506164,91.92
"wake september ends",3,506167,91.92
"wake smile face",3,506170,91.92
"wake time get",3,506173,91.92
"wake today breathing",3,506176,91.92
"waking getting ready",3,506179,91.92
"waking moment life",3,506182,91.92
"waking morning knowing",3,506185,91.92
"walk away broken",3,506188,91.92
"walk away computer",3,506191,91.92
"walk away don",3,506194,91.92
"walk away keep",3,506197,91.92
"walk away left",3,506200,91.92
"walk away makes",3,506203,91.92
"walk away smile",3,506206,91.92
"walk best leaders",3,506209,91.92
"walk broken heart",3,506212,91.92
"walk follow don",3,506215,91.93
"walk gas station",3,506218,91.93
"walk grocery store",3,506221,91.93
"walk hand hand",3,506224,91.93
"walk life hold",3,506227,91.93
"walk life must",3,506230,91.93
"walk living room",3,506233,91.93
"walk metal airport",3,506236,91.93
"walk nature receives",3,506239,91.93
"walk saying thanks",3,506242,91.93
"walk shame just",3,506245,91.93
"walk store just",3,506248,91.93
"walk street bald",3,506251,91.93
"walk walk run",3,506254,91.93
"walked face get",3,506257,91.93
"walked last night",3,506260,91.93
"walked plane indy",3,506263,91.93
"walked school today",3,506266,91.93
"walker leads barrett",3,506269,91.94
"walker took office",3,506272,91.94
"walking distance oh",3,506275,91.94
"walking home last",3,506278,91.94
"walking house singing",3,506281,91.94
"walking house socks",3,506284,91.94
"walking street assaulted",3,506287,91.94
"walking street carrying",3,506290,91.94
"walking street ur",3,506293,91.94
"walks away man",3,506296,91.94
"wall restaurant ma",3,506299,91.94
"wallet getting fancy",3,506302,91.94
"wallet last night",3,506305,91.94
"walls build proverb",3,506308,91.94
"walls came falling",3,506311,91.94
"walls joseph campbell",3,506314,91.94
"walter wed pm",3,506317,91.94
"wanna bad right",3,506320,91.94
"wanna break badly",3,506323,91.94
"wanna buy house",3,506326,91.95
"wanna change twitter",3,506329,91.95
"wanna chat bored",3,506332,91.95
"wanna chill wit",3,506335,91.95
"wanna close eyes",3,506338,91.95
"wanna eat don",3,506341,91.95
"wanna get caught",3,506344,91.95
"wanna get get",3,506347,91.95
"wanna get go",3,506350,91.95
"wanna get got",3,506353,91.95
"wanna get lost",3,506356,91.95
"wanna get lunch",3,506359,91.95
"wanna get old",3,506362,91.95
"wanna get really",3,506365,91.95
"wanna get right",3,506368,91.95
"wanna get school",3,506371,91.95
"wanna get soon",3,506374,91.95
"wanna get tan",3,506377,91.95
"wanna get today",3,506380,91.96
"wanna get tonight",3,506383,91.96
"wanna get vip",3,506386,91.96
"wanna get wasted",3,506389,91.96
"wanna hang friends",3,506392,91.96
"wanna hang wit",3,506395,91.96
"wanna help make",3,506398,91.96
"wanna hit bad",3,506401,91.96
"wanna hit da",3,506404,91.96
"wanna hit follow",3,506407,91.96
"wanna hit gym",3,506410,91.96
"wanna know best",3,506413,91.96
"wanna know cause",3,506416,91.96
"wanna know did",3,506419,91.96
"wanna know does",3,506422,91.96
"wanna know favorite",3,506425,91.96
"wanna know follow",3,506428,91.96
"wanna know girl",3,506431,91.96
"wanna know gonna",3,506434,91.97
"wanna know good",3,506437,91.97
"wanna know people",3,506440,91.97
"wanna know time",3,506443,91.97
"wanna know want",3,506446,91.97
"wanna leave house",3,506449,91.97
"wanna left alone",3,506452,91.97
"wanna like grow",3,506455,91.97
"wanna live way",3,506458,91.97
"wanna love baby",3,506461,91.97
"wanna move away",3,506464,91.97
"wanna move california",3,506467,91.97
"wanna punch wall",3,506470,91.97
"wanna ride night",3,506473,91.97
"wanna right sleep",3,506476,91.97
"wanna seem like",3,506479,91.97
"wanna send shout",3,506482,91.97
"wanna share love",3,506485,91.97
"wanna smell like",3,506488,91.97
"wanna stay late",3,506491,91.98
"wanna talk bout",3,506494,91.98
"wanna talk wanna",3,506497,91.98
"wanna tell want",3,506500,91.98
"wanna thank everybody",3,506503,91.98
"wanna try get",3,506506,91.98
"wanna wanna go",3,506509,91.98
"wanna wanna hold",3,506512,91.98
"wanna win free",3,506515,91.98
"wanna win game",3,506518,91.98
"want accomplish today",3,506521,91.98
"want add facebook",3,506524,91.98
"want answer don",3,506527,91.98
"want become secondary",3,506530,91.98
"want big comedian",3,506533,91.98
"want bloody mary",3,506536,91.98
"want break cry",3,506539,91.98
"want british accent",3,506542,91.98
"want cake eat",3,506545,91.99
"want cause want",3,506548,91.99
"want cell phone",3,506551,91.99
"want chat let",3,506554,91.99
"want chat pres",3,506557,91.99
"want come drink",3,506560,91.99
"want come florida",3,506563,91.99
"want come like",3,506566,91.99
"want come meet",3,506569,91.99
"want come school",3,506572,91.99
"want come wisconsin",3,506575,91.99
"want come year",3,506578,91.99
"want connect people",3,506581,91.99
"want copy paste",3,506584,91.99
"want date guy",3,506587,91.99
"want disappear really",3,506590,91.99
"want dog named",3,506593,91.99
"want dreams come",3,506596,91.99
"want drink beer",3,506599,92
"want drink don",3,506602,92
"want end day",3,506605,92
"want end life",3,506608,92
"want feelings hurt",3,506611,92
"want flash mob",3,506614,92
"want flaws mistakes",3,506617,92
"want follow account",3,506620,92
"want follow make",3,506623,92
"want follow need",3,506626,92
"want follow people",3,506629,92
"want follow personal",3,506632,92
"want follow want",3,506635,92
"want follow yeah",3,506638,92
"want friend like",3,506641,92
"want friends anymore",3,506644,92
"want frozen yogurt",3,506647,92
"want girl bad",3,506650,92
"want girl short",3,506653,92
"want give worth",3,506656,92.01
"want grilled cheese",3,506659,92.01
"want guys good",3,506662,92.01
"want hate care",3,506665,92.01
"want hear anything",3,506668,92.01
"want hear comments",3,506671,92.01
"want hear funny",3,506674,92.01
"want hear life",3,506677,92.01
"want hear love",3,506680,92.01
"want hear rap",3,506683,92.01
"want hear story",3,506686,92.01
"want hit face",3,506689,92.01
"want inspire know",3,506692,92.01
"want job bad",3,506695,92.01
"want job like",3,506698,92.01
"want job summer",3,506701,92.01
"want jump pool",3,506704,92.01
"want just get",3,506707,92.01
"want just keep",3,506710,92.02
"want just kidding",3,506713,92.02
"want just make",3,506716,92.02
"want justin follow",3,506719,92.02
"want listen music",3,506722,92.02
"want listen song",3,506725,92.02
"want little thing",3,506728,92.02
"want long live",3,506731,92.02
"want lunch today",3,506734,92.02
"want make changes",3,506737,92.02
"want make cry",3,506740,92.02
"want make deal",3,506743,92.02
"want make easy",3,506746,92.02
"want make extra",3,506749,92.02
"want make music",3,506752,92.02
"want make think",3,506755,92.02
"want make twitter",3,506758,92.02
"want mean really",3,506761,92.02
"want meet drinks",3,506764,92.02
"want meet greet",3,506767,92.03
"want meet guy",3,506770,92.03
"want meet talk",3,506773,92.03
"want miami win",3,506776,92.03
"want movie violent",3,506779,92.03
"want old thing",3,506782,92.03
"want orange juice",3,506785,92.03
"want own own",3,506788,92.03
"want party free",3,506791,92.03
"want peanut butter",3,506794,92.03
"want perfect girl",3,506797,92.03
"want person comes",3,506800,92.03
"want person people",3,506803,92.03
"want personally thank",3,506806,92.03
"want play games",3,506809,92.03
"want play golf",3,506812,92.03
"want play guitar",3,506815,92.03
"want play part",3,506818,92.03
"want play soccer",3,506821,92.04
"want play tennis",3,506824,92.04
"want poke eyes",3,506827,92.04
"want prisoner past",3,506830,92.04
"want really know",3,506833,92.04
"want really like",3,506836,92.04
"want really need",3,506839,92.04
"want really really",3,506842,92.04
"want relationship does",3,506845,92.04
"want relationship lay",3,506848,92.04
"want remember deserve",3,506851,92.04
"want remember make",3,506854,92.04
"want respect give",3,506857,92.04
"want root beer",3,506860,92.04
"want run rain",3,506863,92.04
"want say anything",3,506866,92.04
"want say big",3,506869,92.04
"want say good",3,506872,92.04
"want say happy",3,506875,92.05
"want say huge",3,506878,92.05
"want say proud",3,506881,92.05
"want say really",3,506884,92.05
"want say sorry",3,506887,92.05
"want say told",3,506890,92.05
"want school tomorrow",3,506893,92.05
"want shout outs",3,506896,92.05
"want sincerely broke",3,506899,92.05
"want sit couch",3,506902,92.05
"want sit porch",3,506905,92.05
"want somebody love",3,506908,92.05
"want spend night",3,506911,92.05
"want spend weekend",3,506914,92.05
"want spend world",3,506917,92.05
"want staring tattoos",3,506920,92.05
"want stop watching",3,506923,92.05
"want take bath",3,506926,92.05
"want take classes",3,506929,92.05
"want take last",3,506932,92.06
"want take part",3,506935,92.06
"want take ride",3,506938,92.06
"want take shower",3,506941,92.06
"want talk anyway",3,506944,92.06
"want talk fox",3,506947,92.06
"want talk go",3,506950,92.06
"want talk hear",3,506953,92.06
"want talk make",3,506956,92.06
"want talk say",3,506959,92.06
"want talk slow",3,506962,92.06
"want taught don",3,506965,92.06
"want things done",3,506968,92.06
"want things go",3,506971,92.06
"want throw brick",3,506974,92.06
"want time get",3,506977,92.06
"want used george",3,506980,92.06
"want valentine day",3,506983,92.06
"want visit nyc",3,506986,92.07
"want wait go",3,506989,92.07
"want wait want",3,506992,92.07
"want wait year",3,506995,92.07
"want want follow",3,506998,92.07
"want want like",3,507001,92.07
"want want long",3,507004,92.07
"want want need",3,507007,92.07
"want want right",3,507010,92.07
"want want said",3,507013,92.07
"want want wanna",3,507016,92.07
"want way want",3,507019,92.07
"want wear pants",3,507022,92.07
"want wonderful luck",3,507025,92.07
"wanted anyone ps",3,507028,92.07
"wanted ask question",3,507031,92.07
"wanted female pop",3,507034,92.07
"wanted give shout",3,507037,92.07
"wanted lose weight",3,507040,92.08
"wanted own own",3,507043,92.08
"wanted play game",3,507046,92.08
"wanted say inspiration",3,507049,92.08
"wanted say nice",3,507052,92.08
"wanted say whats",3,507055,92.08
"wanted text remembered",3,507058,92.08
"wanted woman taken",3,507061,92.08
"wanting go school",3,507064,92.08
"wants bob dylan",3,507067,92.08
"wants called put",3,507070,92.08
"wants dream near",3,507073,92.08
"wants free music",3,507076,92.08
"wants free shirt",3,507079,92.08
"wants give ride",3,507082,92.08
"wants go movie",3,507085,92.08
"wants go picks",3,507088,92.08
"wants go school",3,507091,92.08
"wants go vegas",3,507094,92.08
"wants go walk",3,507097,92.09
"wants looks like",3,507100,92.09
"wants make believe",3,507103,92.09
"wants make love",3,507106,92.09
"wants spend time",3,507109,92.09
"wants trend twitter",3,507112,92.09
"war horse great",3,507115,92.09
"war love growing",3,507118,92.09
"war women war",3,507121,92.09
"ward pa orlando",3,507124,92.09
"ward ward ward",3,507127,92.09
"warm comfy bed",3,507130,92.09
"warm day chicago",3,507133,92.09
"warm day like",3,507136,92.09
"warm day set",3,507139,92.09
"warm drive safe",3,507142,92.09
"warm hearts love",3,507145,92.09
"warm rainy day",3,507148,92.09
"warm springs bridge",3,507151,92.1
"warm welcome looking",3,507154,92.1
"warm welcome twitter",3,507157,92.1
"warming polar bears",3,507160,92.1
"warner music group",3,507163,92.1
"warning dallas counties",3,507166,92.1
"warning mobile washington",3,507169,92.1
"warning montgomery counties",3,507172,92.1
"warren native hispanic",3,507175,92.1
"warriors point guard",3,507178,92.1
"wars night vip",3,507181,92.1
"wash away sin",3,507184,92.1
"wash away sins",3,507187,92.1
"wash away write",3,507190,92.1
"wash detail rainy",3,507193,92.1
"wash hair today",3,507196,92.1
"wash hands thoroughly",3,507199,92.1
"washing soda cup",3,507202,92.1
"washington dc june",3,507205,92.11
"washington dc stop",3,507208,92.11
"washington dc tonight",3,507211,92.11
"washington dc year",3,507214,92.11
"washington real estate",3,507217,92.11
"washington redskins final",3,507220,92.11
"washington redskins th",3,507223,92.11
"waste life trying",3,507226,92.11
"waste time bring",3,507229,92.11
"waste time bs",3,507232,92.11
"waste time energy",3,507235,92.11
"waste time like",3,507238,92.11
"waste time love",3,507241,92.11
"waste time talking",3,507244,92.11
"wasted lot time",3,507247,92.11
"wasted wrong people",3,507250,92.11
"wasting people time",3,507253,92.11
"watch backwards film",3,507256,92.11
"watch basketball day",3,507259,92.11
"watch basketball wives",3,507262,92.12
"watch beer involved",3,507265,92.12
"watch chick flick",3,507268,92.12
"watch cupcake wars",3,507271,92.12
"watch dark shadows",3,507274,92.12
"watch dear john",3,507277,92.12
"watch drag race",3,507280,92.12
"watch episode tonight",3,507283,92.12
"watch episode watch",3,507286,92.12
"watch feels like",3,507289,92.12
"watch fringe live",3,507292,92.12
"watch game green",3,507295,92.12
"watch good luck",3,507298,92.12
"watch habits become",3,507301,92.12
"watch idol online",3,507304,92.12
"watch kelly perspective",3,507307,92.12
"watch last minutes",3,507310,92.12
"watch last nights",3,507313,92.12
"watch last season",3,507316,92.13
"watch lifetime favorite",3,507319,92.13
"watch listen everyday",3,507322,92.13
"watch listen ur",3,507325,92.13
"watch looking forward",3,507328,92.13
"watch monday night",3,507331,92.13
"watch movie friend",3,507334,92.13
"watch movie instead",3,507337,92.13
"watch movie relax",3,507340,92.13
"watch movie tell",3,507343,92.13
"watch movie tonight",3,507346,92.13
"watch nba playoffs",3,507349,92.13
"watch nba star",3,507352,92.13
"watch network tv",3,507355,92.13
"watch ohio high",3,507358,92.13
"watch opening day",3,507361,92.13
"watch saved bell",3,507364,92.13
"watch sunny philadelphia",3,507367,92.13
"watch teen mom",3,507370,92.14
"watch tv tho",3,507373,92.14
"watch tv till",3,507376,92.14
"watch tv watch",3,507379,92.14
"watch twitter feed",3,507382,92.14
"watch videos like",3,507385,92.14
"watch vs alabama",3,507388,92.14
"watch war horse",3,507391,92.14
"watch youtube video",3,507394,92.14
"watched cabin woods",3,507397,92.14
"watched dancing stars",3,507400,92.14
"watched entire series",3,507403,92.14
"watched episodes season",3,507406,92.14
"watched game today",3,507409,92.14
"watched harry potter",3,507412,92.14
"watched jersey shore",3,507415,92.14
"watched movie netflix",3,507418,92.14
"watched new video",3,507421,92.14
"watched new years",3,507424,92.14
"watched paranormal activity",3,507427,92.15
"watched real time",3,507430,92.15
"watched times row",3,507433,92.15
"watched tv last",3,507436,92.15
"watched video amazing",3,507439,92.15
"watches fox news",3,507442,92.15
"watches sale white",3,507445,92.15
"watching arrested development",3,507448,92.15
"watching big brother",3,507451,92.15
"watching boyfriend video",3,507454,92.15
"watching breakfast club",3,507457,92.15
"watching breakfast tiffany",3,507460,92.15
"watching brings memories",3,507463,92.15
"watching camp rock",3,507466,92.15
"watching champions league",3,507469,92.15
"watching chick flick",3,507472,92.15
"watching cowboys aliens",3,507475,92.15
"watching dark shadows",3,507478,92.15
"watching documentary called",3,507481,92.16
"watching documentary netflix",3,507484,92.16
"watching don like",3,507487,92.16
"watching dreams come",3,507490,92.16
"watching east coast",3,507493,92.16
"watching empire strikes",3,507496,92.16
"watching fashion star",3,507499,92.16
"watching favorite shows",3,507502,92.16
"watching favorite thing",3,507505,92.16
"watching game doing",3,507508,92.16
"watching game live",3,507511,92.16
"watching game phone",3,507514,92.16
"watching get hit",3,507517,92.16
"watching get punk",3,507520,92.16
"watching go get",3,507523,92.16
"watching good morning",3,507526,92.16
"watching grown ups",3,507529,92.16
"watching guy play",3,507532,92.16
"watching harry met",3,507535,92.16
"watching just ahead",3,507538,92.17
"watching laying couch",3,507541,92.17
"watching lets go",3,507544,92.17
"watching like stay",3,507547,92.17
"watching little league",3,507550,92.17
"watching living room",3,507553,92.17
"watching living single",3,507556,92.17
"watching makes cry",3,507559,92.17
"watching makes feel",3,507562,92.17
"watching makes miss",3,507565,92.17
"watching married children",3,507568,92.17
"watching meet joe",3,507571,92.17
"watching movie history",3,507574,92.17
"watching movie mr",3,507577,92.17
"watching movie school",3,507580,92.17
"watching movie today",3,507583,92.17
"watching nba playoff",3,507586,92.17
"watching news just",3,507589,92.17
"watching news right",3,507592,92.18
"watching nfl network",3,507595,92.18
"watching nightmare street",3,507598,92.18
"watching ninja warrior",3,507601,92.18
"watching old movies",3,507604,92.18
"watching parks season",3,507607,92.18
"watching people eat",3,507610,92.18
"watching people grind",3,507613,92.18
"watching people run",3,507616,92.18
"watching peter pan",3,507619,92.18
"watching pretty woman",3,507622,92.18
"watching price right",3,507625,92.18
"watching rays game",3,507628,92.18
"watching reality shows",3,507631,92.18
"watching river monsters",3,507634,92.18
"watching robin williams",3,507637,92.18
"watching role models",3,507640,92.18
"watching santa clause",3,507643,92.18
"watching season like",3,507646,92.19
"watching sesame street",3,507649,92.19
"watching singing bee",3,507652,92.19
"watching softball game",3,507655,92.19
"watching sound check",3,507658,92.19
"watching spring game",3,507661,92.19
"watching stanley cup",3,507664,92.19
"watching super sweet",3,507667,92.19
"watching taking notes",3,507670,92.19
"watching th quarter",3,507673,92.19
"watching time wife",3,507676,92.19
"watching tv doing",3,507679,92.19
"watching tv little",3,507682,92.19
"watching tv mom",3,507685,92.19
"watching tv open",3,507688,92.19
"watching tv parents",3,507691,92.19
"watching tv reading",3,507694,92.19
"watching tv trying",3,507697,92.19
"watching tv tweeting",3,507700,92.19
"watching tv waiting",3,507703,92.2
"watching victoria secret",3,507706,92.2
"watching voice finale",3,507709,92.2
"watching west story",3,507712,92.2
"watching wonder years",3,507715,92.2
"water bottle work",3,507718,92.2
"water currently boiling",3,507721,92.2
"water staying louis",3,507724,92.2
"water street pm",3,507727,92.2
"water treatment plant",3,507730,92.2
"water water street",3,507733,92.2
"watson win masters",3,507736,92.2
"watson wins masters",3,507739,92.2
"wave learn ride",3,507742,92.2
"way ahead time",3,507745,92.2
"way bad news",3,507748,92.2
"way beat heat",3,507751,92.2
"way better don",3,507754,92.2
"way better find",3,507757,92.21
"way better half",3,507760,92.21
"way better just",3,507763,92.21
"way better life",3,507766,92.21
"way better live",3,507769,92.21
"way better way",3,507772,92.21
"way better yesterday",3,507775,92.21
"way brain lets",3,507778,92.21
"way bring new",3,507781,92.21
"way cap weekend",3,507784,92.21
"way cape cod",3,507787,92.21
"way celebrate day",3,507790,92.21
"way celebrate th",3,507793,92.21
"way desperate housewives",3,507796,92.21
"way did just",3,507799,92.21
"way direct message",3,507802,92.21
"way doing business",3,507805,92.21
"way enjoy sunday",3,507808,92.21
"way extend reach",3,507811,92.22
"way fought great",3,507814,92.22
"way get high",3,507817,92.22
"way get past",3,507820,92.22
"way get quick",3,507823,92.22
"way get way",3,507826,92.22
"way give love",3,507829,92.22
"way gonna win",3,507832,92.22
"way great job",3,507835,92.22
"way happy hour",3,507838,92.22
"way hard want",3,507841,92.22
"way hard work",3,507844,92.22
"way help people",3,507847,92.22
"way holding things",3,507850,92.22
"way home come",3,507853,92.22
"way home know",3,507856,92.22
"way home nice",3,507859,92.22
"way home weekend",3,507862,92.22
"way kick monday",3,507865,92.22
"way kick summer",3,507868,92.23
"way kings island",3,507871,92.23
"way las vegas",3,507874,92.23
"way late night",3,507877,92.23
"way looking good",3,507880,92.23
"way looking things",3,507883,92.23
"way make difference",3,507886,92.23
"way make good",3,507889,92.23
"way make happy",3,507892,92.23
"way make home",3,507895,92.23
"way make time",3,507898,92.23
"way making sure",3,507901,92.23
"way meet new",3,507904,92.23
"way mile away",3,507907,92.23
"way new year",3,507910,92.23
"way nice go",3,507913,92.23
"way play free",3,507916,92.23
"way playing right",3,507919,92.23
"way playing tonight",3,507922,92.24
"way really just",3,507925,92.24
"way represent colorado",3,507928,92.24
"way right way",3,507931,92.24
"way ruin day",3,507934,92.24
"way save make",3,507937,92.24
"way seem think",3,507940,92.24
"way start christmas",3,507943,92.24
"way start great",3,507946,92.24
"way start summer",3,507949,92.24
"way start tuesday",3,507952,92.24
"way stay cool",3,507955,92.24
"way stay motivated",3,507958,92.24
"way stop giving",3,507961,92.24
"way teach easily",3,507964,92.24
"way teach must",3,507967,92.24
"way tell don",3,507970,92.24
"way tell look",3,507973,92.24
"way tell person",3,507976,92.25
"way thanks sharing",3,507979,92.25
"way treat promise",3,507982,92.25
"way truth life",3,507985,92.25
"way use keeps",3,507988,92.25
"way wait get",3,507991,92.25
"way wait hear",3,507994,92.25
"way watch game",3,507997,92.25
"way watch night",3,508000,92.25
"way win argument",3,508003,92.25
"way win game",3,508006,92.25
"way work gonna",3,508009,92.25
"way work thanking",3,508012,92.25
"way world works",3,508015,92.25
"way year old",3,508018,92.25
"way young right",3,508021,92.25
"wayne taught just",3,508024,92.25
"ways alive particular",3,508027,92.25
"ways altered nelson",3,508030,92.25
"ways create better",3,508033,92.26
"ways get choose",3,508036,92.26
"ways make happy",3,508039,92.26
"ways means committee",3,508042,92.26
"ways start day",3,508045,92.26
"weak afraid wise",3,508048,92.26
"weak forgive strong",3,508051,92.26
"weakness don master",3,508054,92.26
"weakness humans tell",3,508057,92.26
"wear check www",3,508060,92.26
"wear dress shoes",3,508063,92.26
"wear glasses time",3,508066,92.26
"wear green yellow",3,508069,92.26
"wear jean shorts",3,508072,92.26
"wear life jacket",3,508075,92.26
"wear makeup boys",3,508078,92.26
"wear pants tomorrow",3,508081,92.26
"wear pants wear",3,508084,92.26
"wear red green",3,508087,92.27
"wear red lipstick",3,508090,92.27
"wear shirt get",3,508093,92.27
"wear shorts today",3,508096,92.27
"wear skin tight",3,508099,92.27
"wear white memorial",3,508102,92.27
"wear white pants",3,508105,92.27
"wear white shirt",3,508108,92.27
"wearing cargo pants",3,508111,92.27
"wearing eye patch",3,508114,92.27
"wearing free shirt",3,508117,92.27
"wearing green gold",3,508120,92.27
"wearing jersey game",3,508123,92.27
"wearing looks like",3,508126,92.27
"wearing low cut",3,508129,92.27
"wearing ohio state",3,508132,92.27
"wearing pink today",3,508135,92.27
"wearing tiny shorts",3,508138,92.27
"wearing wedding ring",3,508141,92.28
"wearing white jeans",3,508144,92.28
"wearing white pants",3,508147,92.28
"wears skinny jeans",3,508150,92.28
"weary doing good",3,508153,92.28
"weary doing season",3,508156,92.28
"weary increases power",3,508159,92.28
"weather beautiful today",3,508162,92.28
"weather channel just",3,508165,92.28
"weather great people",3,508168,92.28
"weather great today",3,508171,92.28
"weather just makes",3,508174,92.28
"weather longer days",3,508177,92.28
"weather los angeles",3,508180,92.28
"weather makes just",3,508183,92.28
"weather north idaho",3,508186,92.28
"weather outside weather",3,508189,92.28
"weather pays attention",3,508192,92.28
"weather pretty nice",3,508195,92.28
"weather seems like",3,508198,92.29
"weather starting get",3,508201,92.29
"weather sucks today",3,508204,92.29
"weather wet time",3,508207,92.29
"weather women weed",3,508210,92.29
"web center theater",3,508213,92.29
"web designer developer",3,508216,92.29
"web developer message",3,508219,92.29
"web graphic designer",3,508222,92.29
"web site just",3,508225,92.29
"web site music",3,508228,92.29
"web site request",3,508231,92.29
"web site updates",3,508234,92.29
"webinar pm est",3,508237,92.29
"website business cards",3,508240,92.29
"website designing today",3,508243,92.29
"website easy navigate",3,508246,92.29
"website keeps getting",3,508249,92.29
"website later today",3,508252,92.3
"website later tonight",3,508255,92.3
"website launch week",3,508258,92.3
"website monday sure",3,508261,92.3
"website soon stay",3,508264,92.3
"website upcoming events",3,508267,92.3
"website www historic",3,508270,92.3
"websites automatically play",3,508273,92.3
"websites business cards",3,508276,92.3
"websites fit budget",3,508279,92.3
"websites give deal",3,508282,92.3
"websites let help",3,508285,92.3
"wed glasses bottles",3,508288,92.3
"wed let know",3,508291,92.3
"wed night pm",3,508294,92.3
"wed oct pm",3,508297,92.3
"wed pm pm",3,508300,92.3
"wedding day fun",3,508303,92.3
"wedding planning going",3,508306,92.3
"wedding took place",3,508309,92.31
"wedding www com",3,508312,92.31
"wednesday come faster",3,508315,92.31
"wednesday come get",3,508318,92.31
"wednesday elevated lounge",3,508321,92.31
"wednesday feb pm",3,508324,92.31
"wednesday game vs",3,508327,92.31
"wednesday music checking",3,508330,92.31
"wednesday rug pricing",3,508333,92.31
"wednesday thursday just",3,508336,92.31
"wednesday words wise",3,508339,92.31
"wednesdays fun really",3,508342,92.31
"wednesdays tonight library",3,508345,92.31
"week best worst",3,508348,92.31
"week coming soon",3,508351,92.31
"week couple days",3,508354,92.31
"week did go",3,508357,92.31
"week did miss",3,508360,92.31
"week enter win",3,508363,92.32
"week favorite guilty",3,508366,92.32
"week forever week",3,508369,92.32
"week free drink",3,508372,92.32
"week free food",3,508375,92.32
"week freshman year",3,508378,92.32
"week friday saturday",3,508381,92.32
"week gift pack",3,508384,92.32
"week gonna awesome",3,508387,92.32
"week gonna busy",3,508390,92.32
"week gonna crazy",3,508393,92.32
"week gonna get",3,508396,92.32
"week grand opening",3,508399,92.32
"week guess means",3,508402,92.32
"week half days",3,508405,92.32
"week happy birthday",3,508408,92.32
"week haven seen",3,508411,92.32
"week keep eye",3,508414,92.32
"week keep good",3,508417,92.33
"week know going",3,508420,92.33
"week last time",3,508423,92.33
"week left get",3,508426,92.33
"week left till",3,508429,92.33
"week life good",3,508432,92.33
"week looking new",3,508435,92.33
"week lord help",3,508438,92.33
"week lots new",3,508441,92.33
"week make life",3,508444,92.33
"week march madness",3,508447,92.33
"week march st",3,508450,92.33
"week maybe get",3,508453,92.33
"week maybe sunday",3,508456,92.33
"week movies brings",3,508459,92.33
"week north ave",3,508462,92.33
"week old lady",3,508465,92.33
"week opening day",3,508468,92.33
"week print edition",3,508471,92.33
"week regular season",3,508474,92.34
"week restaurant week",3,508477,92.34
"week send email",3,508480,92.34
"week send love",3,508483,92.34
"week sound good",3,508486,92.34
"week special protein",3,508489,92.34
"week spread word",3,508492,92.34
"week staffers readers",3,508495,92.34
"week start week",3,508498,92.34
"week started great",3,508501,92.34
"week starting tomorrow",3,508504,92.34
"week starts week",3,508507,92.34
"week technique class",3,508510,92.34
"week th graders",3,508513,92.34
"week th th",3,508516,92.34
"week think going",3,508519,92.34
"week tomorrow evening",3,508522,92.34
"week tomorrow last",3,508525,92.34
"week work hope",3,508528,92.35
"week workshop noon",3,508531,92.35
"week year come",3,508534,92.35
"weekend anyone doing",3,508537,92.35
"weekend april th",3,508540,92.35
"weekend coming soon",3,508543,92.35
"weekend did anyone",3,508546,92.35
"weekend did hear",3,508549,92.35
"weekend doing fun",3,508552,92.35
"weekend doing weekend",3,508555,92.35
"weekend don get",3,508558,92.35
"weekend don go",3,508561,92.35
"weekend don think",3,508564,92.35
"weekend early week",3,508567,92.35
"weekend enjoy time",3,508570,92.35
"weekend enjoy weather",3,508573,92.35
"weekend friday night",3,508576,92.35
"weekend friday saturday",3,508579,92.35
"weekend fun plans",3,508582,92.36
"weekend fun safe",3,508585,92.36
"weekend fun wait",3,508588,92.36
"weekend got amazing",3,508591,92.36
"weekend got great",3,508594,92.36
"weekend happy birthday",3,508597,92.36
"weekend happy halloween",3,508600,92.36
"weekend keep eye",3,508603,92.36
"weekend keep mind",3,508606,92.36
"weekend learning owl",3,508609,92.36
"weekend long week",3,508612,92.36
"weekend look like",3,508615,92.36
"weekend lots great",3,508618,92.36
"weekend make reservations",3,508621,92.36
"weekend memorial day",3,508624,92.36
"weekend need break",3,508627,92.36
"weekend need get",3,508630,92.36
"weekend non stop",3,508633,92.36
"weekend oh wait",3,508636,92.36
"weekend party party",3,508639,92.37
"weekend promotion type",3,508642,92.37
"weekend ready go",3,508645,92.37
"weekend really excited",3,508648,92.37
"weekend remember open",3,508651,92.37
"weekend safe enjoy",3,508654,92.37
"weekend spending time",3,508657,92.37
"weekend starts tonight",3,508660,92.37
"weekend stay warm",3,508663,92.37
"weekend stop booth",3,508666,92.37
"weekend stop say",3,508669,92.37
"weekend support local",3,508672,92.37
"weekend sure check",3,508675,92.37
"weekend take advantage",3,508678,92.37
"weekend take time",3,508681,92.37
"weekend want come",3,508684,92.37
"weekend want hit",3,508687,92.37
"weekend work hard",3,508690,92.37
"weekend yr old",3,508693,92.38
"weekly normal rates",3,508696,92.38
"weeks ago big",3,508699,92.38
"weeks ago like",3,508702,92.38
"weeks ago look",3,508705,92.38
"weeks ago need",3,508708,92.38
"weeks ago said",3,508711,92.38
"weeks ago time",3,508714,92.38
"weeks ago waiting",3,508717,92.38
"weeks did miss",3,508720,92.38
"weeks get excited",3,508723,92.38
"weeks head cut",3,508726,92.38
"weeks just got",3,508729,92.38
"weeks school starts",3,508732,92.38
"weeks seems like",3,508735,92.38
"weeks train people",3,508738,92.38
"weight become lighter",3,508741,92.38
"weight loss diet",3,508744,92.38
"weight loss efforts",3,508747,92.39
"weight loss institute",3,508750,92.39
"weight loss products",3,508753,92.39
"weight room day",3,508756,92.39
"weird don really",3,508759,92.39
"weird feels like",3,508762,92.39
"weird late night",3,508765,92.39
"weird people talk",3,508768,92.39
"weird seeing just",3,508771,92.39
"welcome big man",3,508774,92.39
"welcome burger king",3,508777,92.39
"welcome change rule",3,508780,92.39
"welcome come visit",3,508783,92.39
"welcome fabulous las",3,508786,92.39
"welcome fan page",3,508789,92.39
"welcome happy birthday",3,508792,92.39
"welcome happy hour",3,508795,92.39
"welcome happy monday",3,508798,92.39
"welcome happy new",3,508801,92.39
"welcome happy tweeting",3,508804,92.4
"welcome just love",3,508807,92.4
"welcome neck woods",3,508810,92.4
"welcome new friend",3,508813,92.4
"welcome new museum",3,508816,92.4
"welcome new new",3,508819,92.4
"welcome new team",3,508822,92.4
"welcome paradise tour",3,508825,92.4
"welcome school hope",3,508828,92.4
"welcome society judged",3,508831,92.4
"welcome sponsor spring",3,508834,92.4
"welcome tell friends",3,508837,92.4
"welcome thanks having",3,508840,92.4
"welcome thanks hope",3,508843,92.4
"welcome thanks link",3,508846,92.4
"welcome thanks stopping",3,508849,92.4
"welcome thanks watching",3,508852,92.4
"welcome twitter excited",3,508855,92.4
"welcome twitter game",3,508858,92.41
"welcome twitter get",3,508861,92.41
"welcome twitter glad",3,508864,92.41
"welcome twitter land",3,508867,92.41
"welcome twitter look",3,508870,92.41
"welcome twitter mr",3,508873,92.41
"welcome twitter need",3,508876,92.41
"welcome twitter new",3,508879,92.41
"wendy going taking",3,508882,92.41
"went cold turkey",3,508885,92.41
"went deep end",3,508888,92.41
"went driving today",3,508891,92.41
"went earlier today",3,508894,92.41
"went eye doctor",3,508897,92.41
"went hard gym",3,508900,92.41
"went hard today",3,508903,92.41
"went just fine",3,508906,92.41
"went live www",3,508909,92.41
"went mile run",3,508912,92.42
"went negative positive",3,508915,92.42
"went new york",3,508918,92.42
"went opening day",3,508921,92.42
"went outside played",3,508924,92.42
"went post office",3,508927,92.42
"went pretty fast",3,508930,92.42
"went pretty quickly",3,508933,92.42
"went spring break",3,508936,92.42
"went strip club",3,508939,92.42
"went time get",3,508942,92.42
"went trader joe",3,508945,92.42
"went weeks ago",3,508948,92.42
"west coast games",3,508951,92.42
"west coast hope",3,508954,92.42
"west coast hours",3,508957,92.42
"west coast love",3,508960,92.42
"west coast people",3,508963,92.42
"west coast pm",3,508966,92.42
"west coast right",3,508969,92.43
"west coast summer",3,508972,92.43
"west coast think",3,508975,92.43
"west coast tune",3,508978,92.43
"west coast tweet",3,508981,92.43
"west coast wait",3,508984,92.43
"west end ave",3,508987,92.43
"west los angeles",3,508990,92.43
"west young man",3,508993,92.43
"western arts alliance",3,508996,92.43
"western branch march",3,508999,92.43
"western conference semifinals",3,509002,92.43
"western michigan university",3,509005,92.43
"wet nightclub saturday",3,509008,92.43
"wet time go",3,509011,92.43
"wet week movies",3,509014,92.43
"whale whale whale",3,509017,92.43
"whats everybody doing",3,509020,92.43
"whats favorite drink",3,509023,92.44
"whats favorite place",3,509026,92.44
"whats favorite thing",3,509029,92.44
"whats good boy",3,509032,92.44
"whats good end",3,509035,92.44
"whats good lets",3,509038,92.44
"whats good ma",3,509041,92.44
"whats good movie",3,509044,92.44
"whats good new",3,509047,92.44
"whats good son",3,509050,92.44
"whats long time",3,509053,92.44
"whats new followers",3,509056,92.44
"whats point going",3,509059,92.44
"whats point lying",3,509062,92.44
"whats tiger woods",3,509065,92.44
"whats ur email",3,509068,92.44
"whew great day",3,509071,92.44
"whew long day",3,509074,92.44
"whipped cream make",3,509077,92.44
"whisk reputation professional",3,509080,92.45
"white blue get",3,509083,92.45
"white boy like",3,509086,92.45
"white button shirt",3,509089,92.45
"white chocolate cinnamon",3,509092,92.45
"white chocolate good",3,509095,92.45
"white chocolate nut",3,509098,92.45
"white chocolate vanilla",3,509101,92.45
"white house gate",3,509104,92.45
"white house party",3,509107,92.45
"white house tomorrow",3,509110,92.45
"white look good",3,509113,92.45
"white makes sense",3,509116,92.45
"white men talking",3,509119,92.45
"white paper like",3,509122,92.45
"white perfect game",3,509125,92.45
"white sand beaches",3,509128,92.45
"white sparkling smile",3,509131,92.45
"white tie affair",3,509134,92.46
"white white white",3,509137,92.46
"white wine goes",3,509140,92.46
"whitney elizabeth houston",3,509143,92.46
"whitney houston beautiful",3,509146,92.46
"whitney houston coverage",3,509149,92.46
"whitney houston daughter",3,509152,92.46
"whitney houston fan",3,509155,92.46
"whitney houston john",3,509158,92.46
"whitney houston last",3,509161,92.46
"whitney houston left",3,509164,92.46
"whitney houston like",3,509167,92.46
"whitney houston michael",3,509170,92.46
"whitney houston says",3,509173,92.46
"whitney houston singing",3,509176,92.46
"whitney houston way",3,509179,92.46
"whoa dude just",3,509182,92.46
"whoa last night",3,509185,92.46
"wi humane society",3,509188,92.47
"wi last jobs",3,509191,92.47
"wicked evil pursuit",3,509194,92.47
"wicked hop drinks",3,509197,92.47
"wide range music",3,509200,92.47
"wide world sports",3,509203,92.47
"wife brought home",3,509206,92.47
"wife came home",3,509209,92.47
"wife hide yo",3,509212,92.47
"wife just asked",3,509215,92.47
"wife just watched",3,509218,92.47
"wife last night",3,509221,92.47
"wife loved thanks",3,509224,92.47
"wife spend successful",3,509227,92.47
"wife started years",3,509230,92.47
"wife video coming",3,509233,92.47
"wikipedia copy paste",3,509236,92.47
"wild caught salmon",3,509239,92.47
"wild duck leads",3,509242,92.47
"wild st paul",3,509245,92.48
"willing help free",3,509248,92.48
"willing take risk",3,509251,92.48
"willing waste time",3,509254,92.48
"willingness give thought",3,509257,92.48
"willingness work hard",3,509260,92.48
"wilson austin mitchell",3,509263,92.48
"win air force",3,509266,92.48
"win bag chance",3,509269,92.48
"win best buy",3,509272,92.48
"win big east",3,509275,92.48
"win big game",3,509278,92.48
"win bottom th",3,509281,92.48
"win braves win",3,509284,92.48
"win chase community",3,509287,92.48
"win close series",3,509290,92.48
"win cubs tickets",3,509293,92.48
"win cup year",3,509296,92.48
"win don like",3,509299,92.49
"win don think",3,509302,92.49
"win expect win",3,509305,92.49
"win free dinner",3,509308,92.49
"win free mango",3,509311,92.49
"win free night",3,509314,92.49
"win free passes",3,509317,92.49
"win free ride",3,509320,92.49
"win game years",3,509323,92.49
"win good job",3,509326,92.49
"win good players",3,509329,92.49
"win good team",3,509332,92.49
"win good time",3,509335,92.49
"win great job",3,509338,92.49
"win great night",3,509341,92.49
"win important prepare",3,509344,92.49
"win just know",3,509347,92.49
"win lottery commit",3,509350,92.49
"win lottery going",3,509353,92.5
"win lottery quit",3,509356,92.5
"win lottery thing",3,509359,92.5
"win march madness",3,509362,92.5
"win mom rules",3,509365,92.5
"win new york",3,509368,92.5
"win ot yeah",3,509371,92.5
"win pair free",3,509374,92.5
"win pair super",3,509377,92.5
"win pretty good",3,509380,92.5
"win prize package",3,509383,92.5
"win race go",3,509386,92.5
"win rays win",3,509389,92.5
"win ring year",3,509392,92.5
"win san diego",3,509395,92.5
"win signed ball",3,509398,92.5
"win th straight",3,509401,92.5
"win tomorrow night",3,509404,92.5
"win tonight hope",3,509407,92.5
"win tonight lets",3,509410,92.51
"win tonight need",3,509413,92.51
"win tonight rangers",3,509416,92.51
"win world cup",3,509419,92.51
"window open last",3,509422,92.51
"window wait spring",3,509425,92.51
"windows blasting music",3,509428,92.51
"windows patio doors",3,509431,92.51
"winds mph becoming",3,509434,92.51
"winds west mph",3,509437,92.51
"wine cheese party",3,509440,92.51
"wine dark chocolate",3,509443,92.51
"wine food truck",3,509446,92.51
"wine gets better",3,509449,92.51
"wine glass pm",3,509452,92.51
"wine guide hope",3,509455,92.51
"wine half price",3,509458,92.51
"wine joan collins",3,509461,92.51
"wine life good",3,509464,92.52
"wine looking forward",3,509467,92.52
"wine night tonight",3,509470,92.52
"wine rail drinks",3,509473,92.52
"wine select drafts",3,509476,92.52
"wine tonight pm",3,509479,92.52
"wine wed glasses",3,509482,92.52
"wing night wings",3,509485,92.52
"winner announced day",3,509488,92.52
"winner gets huge",3,509491,92.52
"winner huge go",3,509494,92.52
"winner must plan",3,509497,92.52
"winner perform winner",3,509500,92.52
"winner stand class",3,509503,92.52
"winner super bowl",3,509506,92.52
"winner vip table",3,509509,92.52
"winner winner winner",3,509512,92.52
"winners take time",3,509515,92.52
"winning don know",3,509518,92.53
"winning field goal",3,509521,92.53
"winning free tickets",3,509524,92.53
"winning game wait",3,509527,92.53
"winning grand prize",3,509530,92.53
"wins best supporting",3,509533,92.53
"wins fa cup",3,509536,92.53
"wins gift bag",3,509539,92.53
"wins gift certificate",3,509542,92.53
"wins good luck",3,509545,92.53
"wins oscar best",3,509548,92.53
"wins st place",3,509551,92.53
"winter baseball tell",3,509554,92.53
"winter day nyc",3,509557,92.53
"winter documentary series",3,509560,92.53
"winter hours open",3,509563,92.53
"winter looking forward",3,509566,92.53
"winter storm warnings",3,509569,92.53
"wipe lipstick mouth",3,509572,92.53
"wisdom consists limit",3,509575,92.54
"wisdom found shirts",3,509578,92.54
"wisdom head wisdom",3,509581,92.54
"wisdom heart charles",3,509584,92.54
"wisdom music audience",3,509587,92.54
"wisdom reflection easiest",3,509590,92.54
"wisdom teeth removal",3,509593,92.54
"wisdom thomas jefferson",3,509596,92.54
"wisdom tree www",3,509599,92.54
"wisdom wise man",3,509602,92.54
"wise know foolish",3,509605,92.54
"wise knows himself",3,509608,92.54
"wise men say",3,509611,92.54
"wise risk think",3,509614,92.54
"wish awake right",3,509617,92.54
"wish best just",3,509620,92.54
"wish best know",3,509623,92.54
"wish blessed day",3,509626,92.54
"wish bone bone",3,509629,92.55
"wish continued success",3,509632,92.55
"wish day just",3,509635,92.55
"wish day make",3,509638,92.55
"wish delete button",3,509641,92.55
"wish don think",3,509644,92.55
"wish eyes take",3,509647,92.55
"wish falling love",3,509650,92.55
"wish family best",3,509653,92.55
"wish friend good",3,509656,92.55
"wish give away",3,509659,92.55
"wish give hug",3,509662,92.55
"wish go bad",3,509665,92.55
"wish go eat",3,509668,92.55
"wish go high",3,509671,92.55
"wish go play",3,509674,92.55
"wish go shopping",3,509677,92.55
"wish go work",3,509680,92.55
"wish happy happy",3,509683,92.56
"wish happy valentine",3,509686,92.56
"wish health wealth",3,509689,92.56
"wish home bed",3,509692,92.56
"wish join tonight",3,509695,92.56
"wish kiss looking",3,509698,92.56
"wish known event",3,509701,92.56
"wish known sooner",3,509704,92.56
"wish life becomes",3,509707,92.56
"wish list year",3,509710,92.56
"wish little girl",3,509713,92.56
"wish love life",3,509716,92.56
"wish luck keep",3,509719,92.56
"wish luck let",3,509722,92.56
"wish luck new",3,509725,92.56
"wish luck softball",3,509728,92.56
"wish luck tomorrow",3,509731,92.56
"wish made year",3,509734,92.56
"wish mom let",3,509737,92.56
"wish money go",3,509740,92.57
"wish morning person",3,509743,92.57
"wish new york",3,509746,92.57
"wish paid attention",3,509749,92.57
"wish play music",3,509752,92.57
"wish school today",3,509755,92.57
"wish seen earlier",3,509758,92.57
"wish seen tweet",3,509761,92.57
"wish someday notice",3,509764,92.57
"wish stop talking",3,509767,92.57
"wish take home",3,509770,92.57
"wish take pain",3,509773,92.57
"wish take taylor",3,509776,92.57
"wish talk face",3,509779,92.57
"wish tell really",3,509782,92.57
"wish things like",3,509785,92.57
"wish twitter friends",3,509788,92.57
"wish watch tv",3,509791,92.57
"wish wish happy",3,509794,92.58
"wishing continued success",3,509797,92.58
"wishing fans followers",3,509800,92.58
"wishing fantastic weekend",3,509803,92.58
"wishing good monday",3,509806,92.58
"wishing great night",3,509809,92.58
"wishing happen believing",3,509812,92.58
"wishing health happiness",3,509815,92.58
"wishing safe wonderful",3,509818,92.58
"wishing wishing star",3,509821,92.58
"wishing wonderful birthday",3,509824,92.58
"wit big head",3,509827,92.58
"wit get wit",3,509830,92.58
"wit let know",3,509833,92.58
"wit niggas like",3,509836,92.58
"wit wit say",3,509839,92.58
"wk www info",3,509842,92.58
"woke late missed",3,509845,92.58
"woke like morning",3,509848,92.58
"woke long nap",3,509851,92.59
"woke nap feel",3,509854,92.59
"woke needed nap",3,509857,92.59
"woman affair man",3,509860,92.59
"woman gives birth",3,509863,92.59
"woman hate buy",3,509866,92.59
"woman haters club",3,509869,92.59
"woman hear wrong",3,509872,92.59
"woman just came",3,509875,92.59
"woman knows face",3,509878,92.59
"woman like princess",3,509881,92.59
"woman like queen",3,509884,92.59
"woman long love",3,509887,92.59
"woman man time",3,509890,92.59
"woman man woman",3,509893,92.59
"woman marriage man",3,509896,92.59
"woman older gets",3,509899,92.59
"woman pregnancy beat",3,509902,92.59
"woman romance smart",3,509905,92.6
"woman smells like",3,509908,92.6
"woman taken department",3,509911,92.6
"women admit having",3,509914,92.6
"women bad man",3,509917,92.6
"women business leaders",3,509920,92.6
"women camp life",3,509923,92.6
"women cats men",3,509926,92.6
"women culture women",3,509929,92.6
"women differently men",3,509932,92.6
"women dress alike",3,509935,92.6
"women earn equal",3,509938,92.6
"women forgive forget",3,509941,92.6
"women get married",3,509944,92.6
"women golf industry",3,509947,92.6
"women jazz festival",3,509950,92.6
"women last night",3,509953,92.6
"women like stars",3,509956,92.6
"women lose women",3,509959,92.61
"women resource fair",3,509962,92.61
"women sizes men",3,509965,92.61
"women think like",3,509968,92.61
"women think men",3,509971,92.61
"women unique words",3,509974,92.61
"women women hate",3,509977,92.61
"women www com",3,509980,92.61
"won album year",3,509983,92.61
"won audience choice",3,509986,92.61
"won award best",3,509989,92.61
"won believe tell",3,509992,92.61
"won change approval",3,509995,92.61
"won come charlie",3,509998,92.61
"won come true",3,510001,92.61
"won couple games",3,510004,92.61
"won fair square",3,510007,92.61
"won feel guilty",3,510010,92.61
"won find anything",3,510013,92.61
"won find better",3,510016,92.62
"won free movie",3,510019,92.62
"won get anything",3,510022,92.62
"won glee project",3,510025,92.62
"won happy till",3,510028,92.62
"won hurt bit",3,510031,92.62
"won know till",3,510034,92.62
"won let come",3,510037,92.62
"won let following",3,510040,92.62
"won let log",3,510043,92.62
"won let love",3,510046,92.62
"won let people",3,510049,92.62
"won let reason",3,510052,92.62
"won let reply",3,510055,92.62
"won let sign",3,510058,92.62
"won let things",3,510061,92.62
"won let tweet",3,510064,92.62
"won like just",3,510067,92.62
"won lottery girl",3,510070,92.63
"won nd place",3,510073,92.63
"won open door",3,510076,92.63
"won say word",3,510079,92.63
"won silver medal",3,510082,92.63
"won take seriously",3,510085,92.63
"won talk don",3,510088,92.63
"won tell soul",3,510091,92.63
"won tickets tomorrow",3,510094,92.63
"won today just",3,510097,92.63
"won tonight just",3,510100,92.63
"won tweeting today",3,510103,92.63
"won university southwest",3,510106,92.63
"won win game",3,510109,92.63
"wonder anyone thinks",3,510112,92.63
"wonder beginning wisdom",3,510115,92.63
"wonder doing tonight",3,510118,92.63
"wonder fuller life",3,510121,92.63
"wonder grown ups",3,510124,92.64
"wonder just breathe",3,510127,92.64
"wonder long gonna",3,510130,92.64
"wonder michael jackson",3,510133,92.64
"wonder wanna go",3,510136,92.64
"wonder watch movie",3,510139,92.64
"wonderful best luck",3,510142,92.64
"wonderful birthday weekend",3,510145,92.64
"wonderful bless day",3,510148,92.64
"wonderful day beautiful",3,510151,92.64
"wonderful day just",3,510154,92.64
"wonderful day know",3,510157,92.64
"wonderful day make",3,510160,92.64
"wonderful day thank",3,510163,92.64
"wonderful day time",3,510166,92.64
"wonderful day tomorrow",3,510169,92.64
"wonderful finally meet",3,510172,92.64
"wonderful job love",3,510175,92.64
"wonderful look forward",3,510178,92.64
"wonderful merry christmas",3,510181,92.65
"wonderful mothers happy",3,510184,92.65
"wonderful people beautiful",3,510187,92.65
"wonderful relaxing weekend",3,510190,92.65
"wonderful sunny day",3,510193,92.65
"wonderful thanksgiving day",3,510196,92.65
"wonderful twitter friends",3,510199,92.65
"wonderful valentine day",3,510202,92.65
"wondering eat lunch",3,510205,92.65
"wondering get know",3,510208,92.65
"wonders world eyes",3,510211,92.65
"wont amazing shes",3,510214,92.65
"wont easy shes",3,510217,92.65
"woo happy birthday",3,510220,92.65
"woo way go",3,510223,92.65
"wood burning fireplace",3,510226,92.65
"wood floor expo",3,510229,92.65
"wooden ship used",3,510232,92.65
"wooden trust words",3,510235,92.66
"woods lovely dark",3,510238,92.66
"woods silent birds",3,510241,92.66
"word answer know",3,510244,92.66
"word bed looks",3,510247,92.66
"word describe feel",3,510250,92.66
"word don miss",3,510253,92.66
"word don say",3,510256,92.66
"word express giving",3,510259,92.66
"word job opening",3,510262,92.66
"word just word",3,510265,92.66
"word looks like",3,510268,92.66
"word mouth powerful",3,510271,92.66
"word people use",3,510274,92.66
"word social media",3,510277,92.66
"word spell check",3,510280,92.66
"word street coming",3,510283,92.66
"word street get",3,510286,92.66
"word street tonight",3,510289,92.67
"word told lie",3,510292,92.67
"word updates exciting",3,510295,92.67
"word used describe",3,510298,92.67
"word used label",3,510301,92.67
"word weather report",3,510304,92.67
"words body language",3,510307,92.67
"words coming mouth",3,510310,92.67
"words don get",3,510313,92.67
"words don think",3,510316,92.67
"words don understand",3,510319,92.67
"words explain excited",3,510322,92.67
"words explain hate",3,510325,92.67
"words guaranteed men",3,510328,92.67
"words just describe",3,510331,92.67
"words life open",3,510334,92.67
"words love song",3,510337,92.67
"words spoken mouth",3,510340,92.67
"words sports game",3,510343,92.67
"words steve jobs",3,510346,92.68
"words taking world",3,510349,92.68
"words utter chosen",3,510352,92.68
"words won bring",3,510355,92.68
"work anybody take",3,510358,92.68
"work art did",3,510361,92.68
"work art shadow",3,510364,92.68
"work art signed",3,510367,92.68
"work bad get",3,510370,92.68
"work beautiful sunday",3,510373,92.68
"work bowling alley",3,510376,92.68
"work bright early",3,510379,92.68
"work businesses venues",3,510382,92.68
"work busy busy",3,510385,92.68
"work character people",3,510388,92.68
"work check facebook",3,510391,92.68
"work check www",3,510394,92.68
"work chicken lifetime",3,510397,92.68
"work come join",3,510400,92.69
"work computer iphone",3,510403,92.69
"work day child",3,510406,92.69
"work day end",3,510409,92.69
"work day love",3,510412,92.69
"work day need",3,510415,92.69
"work day play",3,510418,92.69
"work day till",3,510421,92.69
"work dedication pays",3,510424,92.69
"work did go",3,510427,92.69
"work did right",3,510430,92.69
"work direct message",3,510433,92.69
"work does make",3,510436,92.69
"work done early",3,510439,92.69
"work done feel",3,510442,92.69
"work done get",3,510445,92.69
"work done good",3,510448,92.69
"work done morning",3,510451,92.69
"work done new",3,510454,92.7
"work done oh",3,510457,92.7
"work done outside",3,510460,92.7
"work done really",3,510463,92.7
"work done right",3,510466,92.7
"work done thanks",3,510469,92.7
"work done wait",3,510472,92.7
"work done watching",3,510475,92.7
"work done work",3,510478,92.7
"work done workout",3,510481,92.7
"work email address",3,510484,92.7
"work equally equally",3,510487,92.7
"work excellent question",3,510490,92.7
"work farmers market",3,510493,92.7
"work find new",3,510496,92.7
"work friday night",3,510499,92.7
"work get like",3,510502,92.7
"work get new",3,510505,92.7
"work get samuel",3,510508,92.7
"work get watch",3,510511,92.71
"work gonna get",3,510514,92.71
"work hard become",3,510517,92.71
"work hard budget",3,510520,92.71
"work hard days",3,510523,92.71
"work hard everyday",3,510526,92.71
"work hard find",3,510529,92.71
"work hard getting",3,510532,92.71
"work hard let",3,510535,92.71
"work hard time",3,510538,92.71
"work hard week",3,510541,92.71
"work highly recommend",3,510544,92.71
"work hope great",3,510547,92.71
"work hope guys",3,510550,92.71
"work hope make",3,510553,92.71
"work jimmy smith",3,510556,92.71
"work just know",3,510559,92.71
"work just money",3,510562,92.71
"work just saying",3,510565,92.72
"work just started",3,510568,92.72
"work just told",3,510571,92.72
"work keep great",3,510574,92.72
"work keep mind",3,510577,92.72
"work kept busy",3,510580,92.72
"work know actually",3,510583,92.72
"work know going",3,510586,92.72
"work know sure",3,510589,92.72
"work last day",3,510592,92.72
"work last days",3,510595,92.72
"work last minutes",3,510598,92.72
"work last weeks",3,510601,92.72
"work late day",3,510604,92.72
"work later today",3,510607,92.72
"work little help",3,510610,92.72
"work long forgotten",3,510613,92.72
"work long hours",3,510616,92.72
"work long weekend",3,510619,92.73
"work mae brown",3,510622,92.73
"work maggie mae",3,510625,92.73
"work makes happy",3,510628,92.73
"work moment day",3,510631,92.73
"work must work",3,510634,92.73
"work night shift",3,510637,92.73
"work people don",3,510640,92.73
"work people say",3,510643,92.73
"work pm today",3,510646,92.73
"work pretty good",3,510649,92.73
"work project soon",3,510652,92.73
"work put hours",3,510655,92.73
"work rainy day",3,510658,92.73
"work real time",3,510661,92.73
"work saturday sunday",3,510664,92.73
"work schedule week",3,510667,92.73
"work send info",3,510670,92.73
"work slight work",3,510673,92.73
"work slowly raise",3,510676,92.74
"work social life",3,510679,92.74
"work solve problem",3,510682,92.74
"work spend time",3,510685,92.74
"work stephen king",3,510688,92.74
"work stuff later",3,510691,92.74
"work super busy",3,510694,92.74
"work super hard",3,510697,92.74
"work superior people",3,510700,92.74
"work take break",3,510703,92.74
"work take time",3,510706,92.74
"work thankfully phone",3,510709,92.74
"work think get",3,510712,92.74
"work think might",3,510715,92.74
"work till wednesday",3,510718,92.74
"work today bed",3,510721,92.74
"work today chance",3,510724,92.74
"work today did",3,510727,92.74
"work today feeling",3,510730,92.75
"work today friday",3,510733,92.75
"work today getting",3,510736,92.75
"work today gonna",3,510739,92.75
"work today gotta",3,510742,92.75
"work today happy",3,510745,92.75
"work today hope",3,510748,92.75
"work today leave",3,510751,92.75
"work today little",3,510754,92.75
"work today looking",3,510757,92.75
"work today love",3,510760,92.75
"work today ready",3,510763,92.75
"work today really",3,510766,92.75
"work today said",3,510769,92.75
"work today think",3,510772,92.75
"work today went",3,510775,92.75
"work today woke",3,510778,92.75
"work today worked",3,510781,92.75
"work tomorrow hope",3,510784,92.75
"work tomorrow maybe",3,510787,92.76
"work tomorrow sleep",3,510790,92.76
"work tomorrow sure",3,510793,92.76
"work tomorrow watch",3,510796,92.76
"work tomorrow work",3,510799,92.76
"work tragedy robert",3,510802,92.76
"work trying keep",3,510805,92.76
"work twice hard",3,510808,92.76
"work wait go",3,510811,92.76
"work week better",3,510814,92.76
"work week days",3,510817,92.76
"work week go",3,510820,92.76
"work week great",3,510823,92.76
"work week start",3,510826,92.76
"work week time",3,510829,92.76
"work weekend get",3,510832,92.76
"work work hard",3,510835,92.76
"work work home",3,510838,92.76
"work work play",3,510841,92.77
"work year old",3,510844,92.77
"worked high school",3,510847,92.77
"worked home today",3,510850,92.77
"worked yrs ago",3,510853,92.77
"workers neighbors spouse",3,510856,92.77
"workers rights day",3,510859,92.77
"working big time",3,510862,92.77
"working brand new",3,510865,92.77
"working building website",3,510868,92.77
"working car wash",3,510871,92.77
"working class neighborhood",3,510874,92.77
"working corporate america",3,510877,92.77
"working don want",3,510880,92.77
"working dream job",3,510883,92.77
"working get followers",3,510886,92.77
"working get ready",3,510889,92.77
"working good cause",3,510892,92.77
"working good luck",3,510895,92.78
"working great event",3,510898,92.78
"working great projects",3,510901,92.78
"working hard long",3,510904,92.78
"working hard money",3,510907,92.78
"working hard spring",3,510910,92.78
"working last year",3,510913,92.78
"working late friday",3,510916,92.78
"working late shift",3,510919,92.78
"working like boss",3,510922,92.78
"working like charm",3,510925,92.78
"working like pen",3,510928,92.78
"working look forward",3,510931,92.78
"working lord men",3,510934,92.78
"working lord people",3,510937,92.78
"working making better",3,510940,92.78
"working mart open",3,510943,92.78
"working mother day",3,510946,92.78
"working new catalog",3,510949,92.78
"working new commercial",3,510952,92.79
"working new company",3,510955,92.79
"working new feature",3,510958,92.79
"working new original",3,510961,92.79
"working new piece",3,510964,92.79
"working new york",3,510967,92.79
"working research paper",3,510970,92.79
"working restore power",3,510973,92.79
"working select reporters",3,510976,92.79
"working website stuff",3,510979,92.79
"working week blog",3,510982,92.79
"working weekend get",3,510985,92.79
"working wish patient",3,510988,92.79
"workout feeling great",3,510991,92.79
"workouts like teeth",3,510994,92.79
"workouts save learn",3,510997,92.79
"works labor alone",3,511000,92.79
"works major booking",3,511003,92.79
"works sounds like",3,511006,92.8
"workshop looking forward",3,511009,92.8
"workshop march contact",3,511012,92.8
"workshop today thanks",3,511015,92.8
"workshop tomorrow pm",3,511018,92.8
"world best thing",3,511021,92.8
"world bet clue",3,511024,92.8
"world challenge touring",3,511027,92.8
"world change change",3,511030,92.8
"world city hill",3,511033,92.8
"world come end",3,511036,92.8
"world coming tea",3,511039,92.8
"world did wasted",3,511042,92.8
"world discovered sun",3,511045,92.8
"world don care",3,511048,92.8
"world don forget",3,511051,92.8
"world don think",3,511054,92.8
"world dress annoying",3,511057,92.8
"world ending think",3,511060,92.81
"world financial center",3,511063,92.81
"world follow love",3,511066,92.81
"world full single",3,511069,92.81
"world good day",3,511072,92.81
"world got go",3,511075,92.81
"world greatest dad",3,511078,92.81
"world happen music",3,511081,92.81
"world happy friday",3,511084,92.81
"world history class",3,511087,92.81
"world history teacher",3,511090,92.81
"world history tournament",3,511093,92.81
"world hope good",3,511096,92.81
"world hope having",3,511099,92.81
"world hope soon",3,511102,92.81
"world hostile people",3,511105,92.81
"world known oscar",3,511108,92.81
"world learned passing",3,511111,92.81
"world let tell",3,511114,92.81
"world life got",3,511117,92.82
"world loving family",3,511120,92.82
"world magical place",3,511123,92.82
"world make day",3,511126,92.82
"world make world",3,511129,92.82
"world moving fast",3,511132,92.82
"world music festival",3,511135,92.82
"world must ending",3,511138,92.82
"world must live",3,511141,92.82
"world news tonight",3,511144,92.82
"world peace gonna",3,511147,92.82
"world peace good",3,511150,92.82
"world peace jersey",3,511153,92.82
"world peace might",3,511156,92.82
"world peace suspension",3,511159,92.82
"world peace thought",3,511162,92.82
"world premiere film",3,511165,92.82
"world really ending",3,511168,92.82
"world record people",3,511171,92.83
"world rise grind",3,511174,92.83
"world room improvement",3,511177,92.83
"world save world",3,511180,92.83
"world series rings",3,511183,92.83
"world take place",3,511186,92.83
"world thank love",3,511189,92.83
"world trade centers",3,511192,92.83
"world trade drops",3,511195,92.83
"world truth chance",3,511198,92.83
"world wanna get",3,511201,92.83
"world want confession",3,511204,92.83
"world want know",3,511207,92.83
"world world save",3,511210,92.83
"world worse taking",3,511213,92.83
"world yrs ago",3,511216,92.83
"worn italian proverb",3,511219,92.83
"worn wallet getting",3,511222,92.83
"worries just checking",3,511225,92.84
"worries just hit",3,511228,92.84
"worries make sure",3,511231,92.84
"worry child tomorrow",3,511234,92.84
"worry does tomorrow",3,511237,92.84
"worry gets place",3,511240,92.84
"worry got covered",3,511243,92.84
"worry guys got",3,511246,92.84
"worry haven forgotten",3,511249,92.84
"worry things might",3,511252,92.84
"worrying kids mom",3,511255,92.84
"worrying like rocking",3,511258,92.84
"worse last night",3,511261,92.84
"worse things get",3,511264,92.84
"worst april fools",3,511267,92.84
"worst best friend",3,511270,92.84
"worst both worlds",3,511273,92.84
"worst comes worst",3,511276,92.84
"worst days give",3,511279,92.84
"worst feeling having",3,511282,92.85
"worst feeling pretending",3,511285,92.85
"worst frozen pizza",3,511288,92.85
"worst human beings",3,511291,92.85
"worst mistakes life",3,511294,92.85
"worst pitching staff",3,511297,92.85
"worst pray best",3,511300,92.85
"worst praying best",3,511303,92.85
"worst things world",3,511306,92.85
"worst years life",3,511309,92.85
"worth eat drink",3,511312,92.85
"worth following twitter",3,511315,92.85
"worth gift cards",3,511318,92.85
"worth greater worth",3,511321,92.85
"worth guys don",3,511324,92.85
"worth having achieved",3,511327,92.85
"worth kind wait",3,511330,92.85
"worth living just",3,511333,92.85
"worth month study",3,511336,92.86
"worth won give",3,511339,92.86
"worthwhile franklin jones",3,511342,92.86
"worthwhile life spent",3,511345,92.86
"wounds friend kisses",3,511348,92.86
"wow believe just",3,511351,92.86
"wow believe thank",3,511354,92.86
"wow believe wont",3,511357,92.86
"wow big news",3,511360,92.86
"wow blast past",3,511363,92.86
"wow brings memories",3,511366,92.86
"wow crazy day",3,511369,92.86
"wow does happen",3,511372,92.86
"wow falling apart",3,511375,92.86
"wow followers hours",3,511378,92.86
"wow go girl",3,511381,92.86
"wow got lot",3,511384,92.86
"wow guess really",3,511387,92.86
"wow guys really",3,511390,92.87
"wow guys think",3,511393,92.87
"wow hunger games",3,511396,92.87
"wow just happened",3,511399,92.87
"wow just looked",3,511402,92.87
"wow know say",3,511405,92.87
"wow like just",3,511408,92.87
"wow like live",3,511411,92.87
"wow look presents",3,511414,92.87
"wow looks delicious",3,511417,92.87
"wow must nice",3,511420,92.87
"wow need followers",3,511423,92.87
"wow new york",3,511426,92.87
"wow nice attitude",3,511429,92.87
"wow nice work",3,511432,92.87
"wow ok just",3,511435,92.87
"wow ok thanks",3,511438,92.87
"wow people need",3,511441,92.87
"wow pretty good",3,511444,92.87
"wow reached followers",3,511447,92.88
"wow really amazing",3,511450,92.88
"wow really busy",3,511453,92.88
"wow really crazy",3,511456,92.88
"wow really did",3,511459,92.88
"wow really feeling",3,511462,92.88
"wow really got",3,511465,92.88
"wow really hate",3,511468,92.88
"wow really hope",3,511471,92.88
"wow really lot",3,511474,92.88
"wow really make",3,511477,92.88
"wow really people",3,511480,92.88
"wow really sad",3,511483,92.88
"wow sounds cool",3,511486,92.88
"wow thank love",3,511489,92.88
"wow thank sweet",3,511492,92.88
"wow thought day",3,511495,92.88
"wow thought like",3,511498,92.88
"wow time does",3,511501,92.89
"wow today day",3,511504,92.89
"wrap cup masters",3,511507,92.89
"wrapped hot dog",3,511510,92.89
"wreck don want",3,511513,92.89
"write biggest dream",3,511516,92.89
"write facebook status",3,511519,92.89
"write feel like",3,511522,92.89
"write guest blog",3,511525,92.89
"write happy times",3,511528,92.89
"write harold miller",3,511531,92.89
"write love arms",3,511534,92.89
"write miss rock",3,511537,92.89
"write music ears",3,511540,92.89
"write new book",3,511543,92.89
"write new songs",3,511546,92.89
"write paper just",3,511549,92.89
"write pg paper",3,511552,92.89
"write sad times",3,511555,92.89
"write song anyone",3,511558,92.9
"write stood live",3,511561,92.9
"write strongly letter",3,511564,92.9
"write www com",3,511567,92.9
"writer tears reader",3,511570,92.9
"writers let know",3,511573,92.9
"writing children books",3,511576,92.9
"writing class semester",3,511579,92.9
"writing grad school",3,511582,92.9
"writing grant proposals",3,511585,92.9
"writing partner bobby",3,511588,92.9
"writing session today",3,511591,92.9
"writing starbucks want",3,511594,92.9
"writing story life",3,511597,92.9
"writing thank notes",3,511600,92.9
"written today herman",3,511603,92.9
"wrong alien widow",3,511606,92.9
"wrong attempt step",3,511609,92.9
"wrong called putting",3,511612,92.91
"wrong choices bring",3,511615,92.91
"wrong don get",3,511618,92.91
"wrong don go",3,511621,92.91
"wrong don know",3,511624,92.91
"wrong don watch",3,511627,92.91
"wrong happens life",3,511630,92.91
"wrong line work",3,511633,92.91
"wrong love song",3,511636,92.91
"wrong matter does",3,511639,92.91
"wrong thing right",3,511642,92.91
"wrong thing wrong",3,511645,92.91
"wrong time right",3,511648,92.91
"wrong twitter handle",3,511651,92.91
"wrong wanna right",3,511654,92.91
"wrong want right",3,511657,92.91
"wrong wit dat",3,511660,92.91
"www apple com",3,511663,92.91
"www blog com",3,511666,92.92
"www ca tune",3,511669,92.92
"www com added",3,511672,92.92
"www com apply",3,511675,92.92
"www com assistance",3,511678,92.92
"www com awesome",3,511681,92.92
"www com become",3,511684,92.92
"www com beer",3,511687,92.92
"www com benefit",3,511690,92.92
"www com bless",3,511693,92.92
"www com blues",3,511696,92.92
"www com boston",3,511699,92.92
"www com careers",3,511702,92.92
"www com com",3,511705,92.92
"www com communication",3,511708,92.92
"www com connect",3,511711,92.92
"www com content",3,511714,92.92
"www com definitely",3,511717,92.92
"www com download",3,511720,92.92
"www com excited",3,511723,92.93
"www com featuring",3,511726,92.93
"www com future",3,511729,92.93
"www com golf",3,511732,92.93
"www com health",3,511735,92.93
"www com includes",3,511738,92.93
"www com interesting",3,511741,92.93
"www com job",3,511744,92.93
"www com last",3,511747,92.93
"www com link",3,511750,92.93
"www com links",3,511753,92.93
"www com log",3,511756,92.93
"www com magazine",3,511759,92.93
"www com news",3,511762,92.93
"www com officially",3,511765,92.93
"www com open",3,511768,92.93
"www com pay",3,511771,92.93
"www com place",3,511774,92.93
"www com portland",3,511777,92.94
"www com put",3,511780,92.94
"www com receive",3,511783,92.94
"www com san",3,511786,92.94
"www com set",3,511789,92.94
"www com store",3,511792,92.94
"www com thoughts",3,511795,92.94
"www com tomorrow",3,511798,92.94
"www com trying",3,511801,92.94
"www com wow",3,511804,92.94
"www denver com",3,511807,92.94
"www free discount",3,511810,92.94
"www full details",3,511813,92.94
"www green renaissance",3,511816,92.94
"www info site",3,511819,92.94
"www itunes com",3,511822,92.94
"xmas happy new",3,511825,92.94
"yankees game tomorrow",3,511828,92.94
"yankees game tonight",3,511831,92.95
"yankees last night",3,511834,92.95
"yankees let go",3,511837,92.95
"yard don know",3,511840,92.95
"yard work done",3,511843,92.95
"ye don day",3,511846,92.95
"ye mighty despair",3,511849,92.95
"yea did went",3,511852,92.95
"yea don really",3,511855,92.95
"yea don think",3,511858,92.95
"yea good day",3,511861,92.95
"yea good idea",3,511864,92.95
"yea good stuff",3,511867,92.95
"yea haters hate",3,511870,92.95
"yea like get",3,511873,92.95
"yea looks like",3,511876,92.95
"yea pretty sure",3,511879,92.95
"yea think meant",3,511882,92.95
"yeah actually right",3,511885,92.95
"yeah best friends",3,511888,92.96
"yeah day just",3,511891,92.96
"yeah dude gonna",3,511894,92.96
"yeah fine thanks",3,511897,92.96
"yeah forgot like",3,511900,92.96
"yeah forgot mention",3,511903,92.96
"yeah glad hear",3,511906,92.96
"yeah hope doing",3,511909,92.96
"yeah hunger games",3,511912,92.96
"yeah hurting let",3,511915,92.96
"yeah january th",3,511918,92.96
"yeah jersey shore",3,511921,92.96
"yeah just came",3,511924,92.96
"yeah just downloaded",3,511927,92.96
"yeah just feel",3,511930,92.96
"yeah just get",3,511933,92.96
"yeah just give",3,511936,92.96
"yeah just gonna",3,511939,92.96
"yeah just hit",3,511942,92.97
"yeah just really",3,511945,92.97
"yeah just said",3,511948,92.97
"yeah just tell",3,511951,92.97
"yeah just think",3,511954,92.97
"yeah just try",3,511957,92.97
"yeah just wanted",3,511960,92.97
"yeah kinda creepy",3,511963,92.97
"yeah kinda know",3,511966,92.97
"yeah know come",3,511969,92.97
"yeah know fix",3,511972,92.97
"yeah know going",3,511975,92.97
"yeah know hard",3,511978,92.97
"yeah know haven",3,511981,92.97
"yeah know really",3,511984,92.97
"yeah know thanks",3,511987,92.97
"yeah last tweet",3,511990,92.97
"yeah little bit",3,511993,92.97
"yeah little weird",3,511996,92.98
"yeah lot work",3,511999,92.98
"yeah made day",3,512002,92.98
"yeah mean think",3,512005,92.98
"yeah might get",3,512008,92.98
"yeah new stuff",3,512011,92.98
"yeah okay thanks",3,512014,92.98
"yeah remember came",3,512017,92.98
"yeah remember really",3,512020,92.98
"yeah right follow",3,512023,92.98
"yeah right love",3,512026,92.98
"yeah right nice",3,512029,92.98
"yeah right yeah",3,512032,92.98
"yeah saturday night",3,512035,92.98
"yeah totally right",3,512038,92.98
"yeah wait get",3,512041,92.98
"yeah wait hear",3,512044,92.98
"yeah way get",3,512047,92.98
"yeah wee bit",3,512050,92.98
"yeah yeah come",3,512053,92.99
"yeah yeah got",3,512056,92.99
"yeah yeah love",3,512059,92.99
"year according new",3,512062,92.99
"year ago getting",3,512065,92.99
"year ago just",3,512068,92.99
"year ago told",3,512071,92.99
"year ambassador training",3,512074,92.99
"year award goes",3,512077,92.99
"year beginning industrial",3,512080,92.99
"year better last",3,512083,92.99
"year bring new",3,512086,92.99
"year challenge accepted",3,512089,92.99
"year championship game",3,512092,92.99
"year come booth",3,512095,92.99
"year come party",3,512098,92.99
"year come visit",3,512101,92.99
"year decade time",3,512104,92.99
"year did miss",3,512107,93
"year dragon let",3,512110,93
"year dreams come",3,512113,93
"year earth day",3,512116,93
"year end goal",3,512119,93
"year felt like",3,512122,93
"year gifts year",3,512125,93
"year gonna tough",3,512128,93
"year gonna year",3,512131,93
"year grad school",3,512134,93
"year half old",3,512137,93
"year make happen",3,512140,93
"year make year",3,512143,93
"year march madness",3,512146,93
"year million extension",3,512149,93
"year money anonymous",3,512152,93
"year really good",3,512155,93
"year right make",3,512158,93
"year silent past",3,512161,93.01
"year start new",3,512164,93.01
"year strong just",3,512167,93.01
"year wait get",3,512170,93.01
"year website www",3,512173,93.01
"years build reputation",3,512176,93.01
"years experience required",3,512179,93.01
"years feel like",3,512182,93.01
"years go fast",3,512185,93.01
"years good time",3,512188,93.01
"years last time",3,512191,93.01
"years law firm",3,512194,93.01
"years like beats",3,512197,93.01
"years love love",3,512200,93.01
"years love miss",3,512203,93.01
"years make sure",3,512206,93.01
"years new years",3,512209,93.01
"years old don",3,512212,93.01
"years old got",3,512215,93.01
"years old love",3,512218,93.02
"years old mary",3,512221,93.02
"years old old",3,512224,93.02
"years old older",3,512227,93.02
"years old wow",3,512230,93.02
"years parents think",3,512233,93.02
"years personal experience",3,512236,93.02
"years recorded history",3,512239,93.02
"years service lord",3,512242,93.02
"years sons daughters",3,512245,93.02
"years telling sit",3,512248,93.02
"years thinks does",3,512251,93.02
"years years years",3,512254,93.02
"yelling different voices",3,512257,93.02
"yep good night",3,512260,93.02
"yep just did",3,512263,93.02
"yep just like",3,512266,93.02
"yep just said",3,512269,93.02
"yep pretty good",3,512272,93.03
"yep yep yep",3,512275,93.03
"yes beautiful day",3,512278,93.03
"yes did bad",3,512281,93.03
"yes did buy",3,512284,93.03
"yes did fantastic",3,512287,93.03
"yes did go",3,512290,93.03
"yes did love",3,512293,93.03
"yes did really",3,512296,93.03
"yes did said",3,512299,93.03
"yes did watch",3,512302,93.03
"yes did yes",3,512305,93.03
"yes doing right",3,512308,93.03
"yes exactly love",3,512311,93.03
"yes fail willing",3,512314,93.03
"yes feel better",3,512317,93.03
"yes feels good",3,512320,93.03
"yes finally meet",3,512323,93.03
"yes girl yes",3,512326,93.03
"yes glad able",3,512329,93.04
"yes glad got",3,512332,93.04
"yes happy friday",3,512335,93.04
"yes happy hour",3,512338,93.04
"yes hope soon",3,512341,93.04
"yes hunger games",3,512344,93.04
"yes just ate",3,512347,93.04
"yes just found",3,512350,93.04
"yes just gave",3,512353,93.04
"yes just go",3,512356,93.04
"yes just put",3,512359,93.04
"yes just saying",3,512362,93.04
"yes just send",3,512365,93.04
"yes just time",3,512368,93.04
"yes just want",3,512371,93.04
"yes know right",3,512374,93.04
"yes know yes",3,512377,93.04
"yes last week",3,512380,93.04
"yes last year",3,512383,93.05
"yes laughing hard",3,512386,93.05
"yes long day",3,512389,93.05
"yes look like",3,512392,93.05
"yes looks amazing",3,512395,93.05
"yes love blog",3,512398,93.05
"yes love don",3,512401,93.05
"yes love get",3,512404,93.05
"yes love live",3,512407,93.05
"yes love love",3,512410,93.05
"yes love thank",3,512413,93.05
"yes love yes",3,512416,93.05
"yes make happen",3,512419,93.05
"yes merely worse",3,512422,93.05
"yes million times",3,512425,93.05
"yes minutes away",3,512428,93.05
"yes miss guys",3,512431,93.05
"yes must come",3,512434,93.05
"yes new songs",3,512437,93.06
"yes nice catch",3,512440,93.06
"yes nice job",3,512443,93.06
"yes ok yes",3,512446,93.06
"yes past hurt",3,512449,93.06
"yes pretty amazing",3,512452,93.06
"yes pretty excited",3,512455,93.06
"yes read books",3,512458,93.06
"yes right say",3,512461,93.06
"yes saw last",3,512464,93.06
"yes say just",3,512467,93.06
"yes sir know",3,512470,93.06
"yes sir last",3,512473,93.06
"yes sir like",3,512476,93.06
"yes sir looking",3,512479,93.06
"yes sir love",3,512482,93.06
"yes sir need",3,512485,93.06
"yes sir wait",3,512488,93.06
"yes sorry missed",3,512491,93.06
"yes way get",3,512494,93.07
"yesterday believe better",3,512497,93.07
"yesterday finally got",3,512500,93.07
"yesterday gonna miss",3,512503,93.07
"yesterday good morning",3,512506,93.07
"yesterday good today",3,512509,93.07
"yesterday happy hour",3,512512,93.07
"yesterday hope guys",3,512515,93.07
"yesterday just children",3,512518,93.07
"yesterday really appreciate",3,512521,93.07
"yesterday tomorrow better",3,512524,93.07
"yesterday trivia question",3,512527,93.07
"yesterday troubles seemed",3,512530,93.07
"yo dollar make",3,512533,93.07
"yo don forget",3,512536,93.07
"yo just came",3,512539,93.07
"yo like new",3,512542,93.07
"yo mama jokes",3,512545,93.07
"yo mama ugly",3,512548,93.08
"yo mama went",3,512551,93.08
"yo self day",3,512554,93.08
"yo self wreck",3,512557,93.08
"yo watching game",3,512560,93.08
"yoga last week",3,512563,93.08
"yoga makes feel",3,512566,93.08
"york city come",3,512569,93.08
"york city home",3,512572,93.08
"york city hope",3,512575,93.08
"york city marathon",3,512578,93.08
"york city new",3,512581,93.08
"york city tweet",3,512584,93.08
"york giants new",3,512587,93.08
"york giants super",3,512590,93.08
"york looking forward",3,512593,93.08
"york sports club",3,512596,93.08
"york www com",3,512599,93.08
"york years ago",3,512602,93.09
"young books tweet",3,512605,93.09
"young buffalo bill",3,512608,93.09
"young girl go",3,512611,93.09
"young junk parent",3,512614,93.09
"young know better",3,512617,93.09
"young men need",3,512620,93.09
"young middle aged",3,512623,93.09
"young moms kids",3,512626,93.09
"young money live",3,512629,93.09
"young novel set",3,512632,93.09
"young old dream",3,512635,93.09
"young professionals organization",3,512638,93.09
"younger remember anything",3,512641,93.09
"youth health fitness",3,512644,93.09
"youtube promise hear",3,512647,93.09
"youtube send link",3,512650,93.09
"youtube young cross",3,512653,93.09
"yr old asked",3,512656,93.09
"yr old dog",3,512659,93.1
"yr old great",3,512662,93.1
"yr old kids",3,512665,93.1
"yr old looking",3,512668,93.1
"yr old love",3,512671,93.1
"yr old said",3,512674,93.1
"yr old say",3,512677,93.1
"yr old women",3,512680,93.1
"yrs ago good",3,512683,93.1
"yrs ago last",3,512686,93.1
"yrs ago started",3,512689,93.1
"yum enjoy lunch",3,512692,93.1
"yum need get",3,512695,93.1
"yup just did",3,512698,93.1
"yup looks like",3,512701,93.1
"yup yup love",3,512704,93.1
"zero hours sleep",3,512707,93.1
"zimmerman legal team",3,512710,93.1
"zip code charge",3,512713,93.11
"abc family just",3,512716,93.11
"abc supports marriage",3,512719,93.11
"ability experience necessary",3,512722,93.11
"able believe life",3,512725,93.11
"able get tickets",3,512728,93.11
"able get work",3,512731,93.11
"able things want",3,512734,93.11
"able watch today",3,512737,93.11
"absolute power absolutely",3,512740,93.11
"absolutely love beautiful",3,512743,93.11
"absolutely ready shall",3,512746,93.11
"ac dc pandora",3,512749,93.11
"academic non academic",3,512752,93.11
"accept fact certain",3,512755,93.11
"accept losing win",3,512758,93.11
"access safe drinking",3,512761,93.11
"accident way home",3,512764,93.11
"accidentally slept hours",3,512767,93.12
"accidentally walk feet",3,512770,93.12
"according fox news",3,512773,93.12
"according multiple sources",3,512776,93.12
"according power work",3,512779,93.12
"account get follow",3,512782,93.12
"account needs followers",3,512785,93.12
"account thanks follow",3,512788,93.12
"account tweet limit",3,512791,93.12
"achieved full exercise",3,512794,93.12
"achieved must achieved",3,512797,93.12
"act little little",3,512800,93.12
"act silly treats",3,512803,93.12
"act talk host",3,512806,93.12
"act theirs anonymous",3,512809,93.12
"acted like big",3,512812,93.12
"acting like bother",3,512815,93.12
"acting like children",3,512818,93.12
"acting like just",3,512821,93.12
"acting like ur",3,512824,93.13
"action confidence courage",3,512827,93.13
"action movie seen",3,512830,93.13
"action position donald",3,512833,93.13
"actions speak words",3,512836,93.13
"active engaged customers",3,512839,93.13
"actor writer director",3,512842,93.13
"actually believe said",3,512845,93.13
"actually kind excited",3,512848,93.13
"actually made sense",3,512851,93.13
"actually make feel",3,512854,93.13
"actually music videos",3,512857,93.13
"actually right wing",3,512860,93.13
"actually say hi",3,512863,93.13
"actually watching game",3,512866,93.13
"actually years old",3,512869,93.13
"adam clayton powell",3,512872,93.13
"adam eve belly",3,512875,93.13
"adams avenue street",3,512878,93.14
"add let know",3,512881,93.14
"add new ones",3,512884,93.14
"added reading list",3,512887,93.14
"addicted pain wanting",3,512890,93.14
"adding twitter facebook",3,512893,93.14
"additional red tag",3,512896,93.14
"administrative professional day",3,512899,93.14
"admire hard work",3,512902,93.14
"adorable pink jacket",3,512905,93.14
"adorable year old",3,512908,93.14
"advantage tax credit",3,512911,93.14
"advertising online advertising",3,512914,93.14
"advice giving teeth",3,512917,93.14
"advice just need",3,512920,93.14
"advisory board great",3,512923,93.14
"advisory board member",3,512926,93.14
"af ready go",3,512929,93.14
"affordable family law",3,512932,93.15
"afraid say love",3,512935,93.15
"afraid take stand",3,512938,93.15
"age group print",3,512941,93.15
"ago did get",3,512944,93.15
"ago instead studying",3,512947,93.15
"agree don care",3,512950,93.15
"agree don need",3,512953,93.15
"agree good morning",3,512956,93.15
"agree people get",3,512959,93.15
"agree really like",3,512962,93.15
"agreed just saw",3,512965,93.15
"agreed just saying",3,512968,93.15
"agreed looking forward",3,512971,93.15
"agreement year deal",3,512974,93.15
"ah don worry",3,512977,93.15
"ah goo night",3,512980,93.15
"ah hey ah",3,512983,93.15
"ah know love",3,512986,93.15
"ah mother day",3,512989,93.16
"ah thanks man",3,512992,93.16
"ah thanks tip",3,512995,93.16
"ah wait get",3,512998,93.16
"aha makes sense",3,513001,93.16
"aim art represent",3,513004,93.16
"aim low reach",3,513007,93.16
"air brush tan",3,513010,93.16
"airline food doing",3,513013,93.16
"airport catch flight",3,513016,93.16
"al green let",3,513019,93.16
"album cover new",3,513022,93.16
"album cover photo",3,513025,93.16
"albuquerque rio mountain",3,513028,93.16
"alert large container",3,513031,93.16
"alert presented home",3,513034,93.16
"alex best friend",3,513037,93.16
"alive don worry",3,513040,93.16
"alive happy birthday",3,513043,93.17
"allergy foundation mother",3,513046,93.17
"alley boy trouble",3,513049,93.17
"allow look people",3,513052,93.17
"alone person person",3,513055,93.17
"alright just going",3,513058,93.17
"alumni join part",3,513061,93.17
"amazing alex amazing",3,513064,93.17
"amazing amazing day",3,513067,93.17
"amazing band virginia",3,513070,93.17
"amazing best night",3,513073,93.17
"amazing day enjoy",3,513076,93.17
"amazing feeling get",3,513079,93.17
"amazing group kids",3,513082,93.17
"amazing love ease",3,513085,93.17
"amazing movie seen",3,513088,93.17
"amazing simply amazing",3,513091,93.17
"amazing thanks support",3,513094,93.17
"amazing way spend",3,513097,93.17
"america fallen fallen",3,513100,93.18
"angel gets wings",3,513103,93.18
"angeles recording school",3,513106,93.18
"anger anger leads",3,513109,93.18
"animals hurt humans",3,513112,93.18
"ankle last night",3,513115,93.18
"announce new album",3,513118,93.18
"announcement tomorrow stay",3,513121,93.18
"announcements events soon",3,513124,93.18
"annoying moment find",3,513127,93.18
"annoying people think",3,513130,93.18
"annual auction action",3,513133,93.18
"annual chili contest",3,513136,93.18
"antonio spurs tonight",3,513139,93.18
"anymore need go",3,513142,93.18
"anyone actually know",3,513145,93.18
"anyone actually uses",3,513148,93.18
"anyone anything steal",3,513151,93.18
"anyone asking favorite",3,513154,93.19
"anyone feel little",3,513157,93.19
"anyone go cover",3,513160,93.19
"anyone knowing chickens",3,513163,93.19
"anyone needs kind",3,513166,93.19
"anyone needs ride",3,513169,93.19
"anyone really care",3,513172,93.19
"anyone really know",3,513175,93.19
"anyone sells products",3,513178,93.19
"anyone use like",3,513181,93.19
"anyone want donate",3,513184,93.19
"anyone want tickets",3,513187,93.19
"anyone welcome join",3,513190,93.19
"anything brand new",3,513193,93.19
"anything don talk",3,513196,93.19
"anything get rid",3,513199,93.19
"anything realize lost",3,513202,93.19
"anything reason understand",3,513205,93.19
"anything world courage",3,513208,93.2
"apologize truth benjamin",3,513211,93.2
"apologize working fix",3,513214,93.2
"app ipad app",3,513217,93.2
"app iphone ipod",3,513220,93.2
"app iphone just",3,513223,93.2
"app just released",3,513226,93.2
"app just updated",3,513229,93.2
"app last night",3,513232,93.2
"app social media",3,513235,93.2
"apparent reason like",3,513238,93.2
"appearance don look",3,513241,93.2
"appears twitter account",3,513244,93.2
"apple big news",3,513247,93.2
"appreciate great day",3,513250,93.2
"appreciate great week",3,513253,93.2
"appreciate thanks follow",3,513256,93.2
"approaching make sure",3,513259,93.2
"approximately years old",3,513262,93.2
"april earth month",3,513265,93.21
"april fools happy",3,513268,93.21
"april nd come",3,513271,93.21
"april nd get",3,513274,93.21
"april pm question",3,513277,93.21
"april th anniversary",3,513280,93.21
"april th boulder",3,513283,93.21
"april th know",3,513286,93.21
"april th meeting",3,513289,93.21
"april th national",3,513292,93.21
"april th new",3,513295,93.21
"april th open",3,513298,93.21
"april th peak",3,513301,93.21
"april th time",3,513304,93.21
"april th year",3,513307,93.21
"april th yes",3,513310,93.21
"architects nuts broken",3,513313,93.21
"area center city",3,513316,93.21
"area feel like",3,513319,93.22
"area happy hour",3,513322,93.22
"area stay safe",3,513325,93.22
"arena looks like",3,513328,93.22
"arms know don",3,513331,93.22
"arms know give",3,513334,93.22
"arms open wide",3,513337,93.22
"arrived getting ready",3,513340,93.22
"art card sleeves",3,513343,93.22
"art gallery services",3,513346,93.22
"art just legs",3,513349,93.22
"art long time",3,513352,93.22
"art reality make",3,513355,93.22
"article just like",3,513358,93.22
"article just read",3,513361,93.22
"artist wins best",3,513364,93.22
"arts center today",3,513367,93.22
"ashley wine tasting",3,513370,93.22
"ask compared sydney",3,513373,93.23
"ask follow follow",3,513376,93.23
"ask friends love",3,513379,93.23
"ask just like",3,513382,93.23
"ask know got",3,513385,93.23
"ask mom dad",3,513388,93.23
"ask mom take",3,513391,93.23
"ask quick question",3,513394,93.23
"ask seems like",3,513397,93.23
"asked girlfriend single",3,513400,93.23
"asked great questions",3,513403,93.23
"asked question said",3,513406,93.23
"asked santa person",3,513409,93.23
"asking people follow",3,513412,93.23
"assist social media",3,513415,93.23
"ate lunch today",3,513418,93.23
"athlete foot boutique",3,513421,93.23
"atlanta dog spa",3,513424,93.23
"atlanta sunday night",3,513427,93.23
"atlantic city week",3,513430,93.24
"attempt reach goal",3,513433,93.24
"attended la screening",3,513436,93.24
"attending looking forward",3,513439,93.24
"attention means world",3,513442,93.24
"attention own family",3,513445,93.24
"attention people talk",3,513448,93.24
"attention personality heart",3,513451,93.24
"attention thing want",3,513454,93.24
"attitude actions harold",3,513457,93.24
"attitude shows joel",3,513460,93.24
"attitude way spend",3,513463,93.24
"auditions last night",3,513466,93.24
"august last year",3,513469,93.24
"austin come mexico",3,513472,93.24
"austin curly hair",3,513475,93.24
"austin follow halloween",3,513478,93.24
"austin med school",3,513481,93.24
"austin move gonna",3,513484,93.25
"austin sounds like",3,513487,93.25
"autism family resource",3,513490,93.25
"available door tonight",3,513493,93.25
"available last week",3,513496,93.25
"available send music",3,513499,93.25
"avatar look like",3,513502,93.25
"avatar looks like",3,513505,93.25
"ave come check",3,513508,93.25
"ave ma hosted",3,513511,93.25
"ave miami beach",3,513514,93.25
"ave new york",3,513517,93.25
"ave ny ny",3,513520,93.25
"avengers really good",3,513523,93.25
"avengers tonight hope",3,513526,93.25
"avenue new york",3,513529,93.25
"avenue street fair",3,513532,93.25
"average let heart",3,513535,93.25
"average person times",3,513538,93.26
"avoid awkward situation",3,513541,93.26
"avoid recognized fred",3,513544,93.26
"aw sorry hope",3,513547,93.26
"aw thanks beautiful",3,513550,93.26
"aw thanks kind",3,513553,93.26
"aw thanks sure",3,513556,93.26
"awake way early",3,513559,93.26
"award best financial",3,513562,93.26
"award help bring",3,513565,93.26
"award women business",3,513568,93.26
"awards looking forward",3,513571,93.26
"awareness month help",3,513574,93.26
"away computer screen",3,513577,93.26
"away counts left",3,513580,93.26
"away don get",3,513583,93.26
"away let make",3,513586,93.26
"away pair brewers",3,513589,93.26
"away pair night",3,513592,93.26
"away shirt giveaway",3,513595,93.27
"awe thanks girl",3,513598,93.27
"awesome appreciate support",3,513601,93.27
"awesome author richmond",3,513604,93.27
"awesome bike ride",3,513607,93.27
"awesome day enjoy",3,513610,93.27
"awesome day golf",3,513613,93.27
"awesome day hope",3,513616,93.27
"awesome did great",3,513619,93.27
"awesome drink specials",3,513622,93.27
"awesome go get",3,513625,93.27
"awesome highly recommend",3,513628,93.27
"awesome keep mind",3,513631,93.27
"awesome late night",3,513634,93.27
"awesome love follow",3,513637,93.27
"awesome love good",3,513640,93.27
"awesome meet last",3,513643,93.27
"awesome message today",3,513646,93.27
"awesome need get",3,513649,93.28
"awesome need go",3,513652,93.28
"awesome news today",3,513655,93.28
"awesome nice know",3,513658,93.28
"awesome really appreciate",3,513661,93.28
"awesome thanks feedback",3,513664,93.28
"awesome thanks just",3,513667,93.28
"awesome thanks update",3,513670,93.28
"awesome tonight glad",3,513673,93.28
"awesome trying find",3,513676,93.28
"awesome way things",3,513679,93.28
"awesome weather today",3,513682,93.28
"awesome week far",3,513685,93.28
"awesome work doing",3,513688,93.28
"awhile ago did",3,513691,93.28
"awkward don know",3,513694,93.28
"awkward tan lines",3,513697,93.28
"baby ask take",3,513700,93.28
"baby come blame",3,513703,93.29
"baby get home",3,513706,93.29
"baby girl born",3,513709,93.29
"baby girl boy",3,513712,93.29
"baby help get",3,513715,93.29
"baby know like",3,513718,93.29
"baby looks like",3,513721,93.29
"baby oh yeah",3,513724,93.29
"baby shower baby",3,513727,93.29
"baby shower cake",3,513730,93.29
"baby wedge apple",3,513733,93.29
"backup car cup",3,513736,93.29
"bad boys girl",3,513739,93.29
"bad day get",3,513742,93.29
"bad day school",3,513745,93.29
"bad day start",3,513748,93.29
"bad decisions good",3,513751,93.29
"bad fish bar",3,513754,93.29
"bad habits good",3,513757,93.29
"bad hope get",3,513760,93.3
"bad idea use",3,513763,93.3
"bad influences honestly",3,513766,93.3
"bad internet connection",3,513769,93.3
"bad news bout",3,513772,93.3
"bad news work",3,513775,93.3
"bad person bad",3,513778,93.3
"bad reality tv",3,513781,93.3
"bad say love",3,513784,93.3
"bad stuff don",3,513787,93.3
"bad thank goodness",3,513790,93.3
"baking christmas cookies",3,513793,93.3
"ball hard nfl",3,513796,93.3
"balloon update rush",3,513799,93.3
"baltimore friday august",3,513802,93.3
"baltimore ravens clock",3,513805,93.3
"banana pudding coming",3,513808,93.3
"band gig tonight",3,513811,93.3
"bands last night",3,513814,93.31
"bands play leave",3,513817,93.31
"bank owned property",3,513820,93.31
"bankruptcy lawyers expect",3,513823,93.31
"barn dance tonight",3,513826,93.31
"baseball player just",3,513829,93.31
"basketball games today",3,513832,93.31
"bathroom last night",3,513835,93.31
"bathroom make sure",3,513838,93.31
"battery lasts longer",3,513841,93.31
"battle bands come",3,513844,93.31
"battle last place",3,513847,93.31
"battle starts ends",3,513850,93.31
"bay area weather",3,513853,93.31
"bay area week",3,513856,93.31
"bay view pm",3,513859,93.31
"bbc world news",3,513862,93.31
"bbq last night",3,513865,93.31
"bc last night",3,513868,93.32
"beach day soon",3,513871,93.32
"beach ft chest",3,513874,93.32
"beach getting ready",3,513877,93.32
"beach ocean city",3,513880,93.32
"beans last night",3,513883,93.32
"bear son proved",3,513886,93.32
"beat barack obama",3,513889,93.32
"beat dat beat",3,513892,93.32
"beat north carolina",3,513895,93.32
"beat small anymore",3,513898,93.32
"beat winter weather",3,513901,93.32
"beats let know",3,513904,93.32
"beats rap www",3,513907,93.32
"beautiful amazing love",3,513910,93.32
"beautiful calm willing",3,513913,93.32
"beautiful smile struggled",3,513916,93.32
"beautiful talented woman",3,513919,93.32
"beauty caused emily",3,513922,93.32
"beauty entertainment wants",3,513925,93.33
"become person decide",3,513928,93.33
"become socially acceptable",3,513931,93.33
"bed chris brown",3,513934,93.33
"bed crazy day",3,513937,93.33
"bed fell asleep",3,513940,93.33
"bed friday night",3,513943,93.33
"bed got school",3,513946,93.33
"bed remembering conversation",3,513949,93.33
"bed sounds good",3,513952,93.33
"bed unless make",3,513955,93.33
"bed watching cartoons",3,513958,93.33
"beer drinks pm",3,513961,93.33
"beer flip cup",3,513964,93.33
"beer good luck",3,513967,93.33
"beer kitchen open",3,513970,93.33
"beer tasting wed",3,513973,93.33
"beginning lifelong romance",3,513976,93.33
"begins tomorrow night",3,513979,93.34
"belgian style triple",3,513982,93.34
"believe actually got",3,513985,93.34
"believe actually people",3,513988,93.34
"believe best friend",3,513991,93.34
"believe business powerful",3,513994,93.34
"believe casey anthony",3,513997,93.34
"believe day going",3,514000,93.34
"believe gonna fly",3,514003,93.34
"believe good luck",3,514006,93.34
"believe good thing",3,514009,93.34
"believe inside superior",3,514012,93.34
"believe know actually",3,514015,93.34
"believe like love",3,514018,93.34
"believe reach agreement",3,514021,93.34
"believe san diego",3,514024,93.34
"believe somebody worthwhile",3,514027,93.34
"bell needs ring",3,514030,93.34
"belongs people prepare",3,514033,93.34
"belongs self sufficient",3,514036,93.35
"bench player sports",3,514039,93.35
"benefit go red",3,514042,93.35
"best band world",3,514045,93.35
"best bet probably",3,514048,93.35
"best birthday follow",3,514051,93.35
"best birthday thanks",3,514054,93.35
"best classic time",3,514057,93.35
"best concert come",3,514060,93.35
"best craft beer",3,514063,93.35
"best day thanks",3,514066,93.35
"best drink world",3,514069,93.35
"best fans best",3,514072,93.35
"best financial management",3,514075,93.35
"best food city",3,514078,93.35
"best friends ask",3,514081,93.35
"best friends thanks",3,514084,93.35
"best friends yes",3,514087,93.35
"best happy birthday",3,514090,93.36
"best happy mothers",3,514093,93.36
"best keep squares",3,514096,93.36
"best leader work",3,514099,93.36
"best life offer",3,514102,93.36
"best luck amazing",3,514105,93.36
"best luck big",3,514108,93.36
"best luck recovery",3,514111,93.36
"best mom universe",3,514114,93.36
"best music group",3,514117,93.36
"best open source",3,514120,93.36
"best panel far",3,514123,93.36
"best places eat",3,514126,93.36
"best playoff game",3,514129,93.36
"best prize life",3,514132,93.36
"best record major",3,514135,93.36
"best record nba",3,514138,93.36
"best songs heard",3,514141,93.36
"best sports month",3,514144,93.37
"best study music",3,514147,93.37
"best success world",3,514150,93.37
"best tag team",3,514153,93.37
"best thing anyone",3,514156,93.37
"best thing new",3,514159,93.37
"best tonight pm",3,514162,93.37
"best way lose",3,514165,93.37
"best way market",3,514168,93.37
"best way protect",3,514171,93.37
"best way recover",3,514174,93.37
"best way reduce",3,514177,93.37
"best way say",3,514180,93.37
"best way waste",3,514183,93.37
"best ways get",3,514186,93.37
"best wishes future",3,514189,93.37
"best years come",3,514192,93.37
"bet fit mouth",3,514195,93.37
"bet got lot",3,514198,93.37
"bet won tweet",3,514201,93.38
"better believe gonna",3,514204,93.38
"better check wreck",3,514207,93.38
"better count money",3,514210,93.38
"better did yesterday",3,514213,93.38
"better don agree",3,514216,93.38
"better don let",3,514219,93.38
"better don like",3,514222,93.38
"better get coffee",3,514225,93.38
"better get come",3,514228,93.38
"better get working",3,514231,93.38
"better got right",3,514234,93.38
"better grey ones",3,514237,93.38
"better loss make",3,514240,93.38
"better lucky good",3,514243,93.38
"better people meet",3,514246,93.38
"better put like",3,514249,93.38
"better run better",3,514252,93.38
"better seeing soon",3,514255,93.39
"better stayed home",3,514258,93.39
"better take time",3,514261,93.39
"better tell time",3,514264,93.39
"better tell truth",3,514267,93.39
"better twitter app",3,514270,93.39
"better use time",3,514273,93.39
"better way put",3,514276,93.39
"better way wake",3,514279,93.39
"better way watch",3,514282,93.39
"better willing give",3,514285,93.39
"big band swing",3,514288,93.39
"big boy big",3,514291,93.39
"big city small",3,514294,93.39
"big day doing",3,514297,93.39
"big day team",3,514300,93.39
"big deal fact",3,514303,93.39
"big deal guys",3,514306,93.39
"big deal huge",3,514309,93.4
"big deal make",3,514312,93.4
"big deal unless",3,514315,93.4
"big does mean",3,514318,93.4
"big fan thanks",3,514321,93.4
"big fan working",3,514324,93.4
"big ideas don",3,514327,93.4
"big jumping stage",3,514330,93.4
"big move big",3,514333,93.4
"big need big",3,514336,93.4
"big night dc",3,514339,93.4
"big question day",3,514342,93.4
"big question mark",3,514345,93.4
"big room passes",3,514348,93.4
"big stay tuned",3,514351,93.4
"big step forward",3,514354,93.4
"big step future",3,514357,93.4
"big surprise coming",3,514360,93.4
"big thanks letting",3,514363,93.4
"big thanks sponsor",3,514366,93.41
"big thanks wonderful",3,514369,93.41
"big things just",3,514372,93.41
"big time big",3,514375,93.41
"big time gonna",3,514378,93.41
"big ur marketing",3,514381,93.41
"big warm welcome",3,514384,93.41
"big week coming",3,514387,93.41
"big words sound",3,514390,93.41
"biggest challenge life",3,514393,93.41
"biggest face deal",3,514396,93.41
"biggest fan know",3,514399,93.41
"biggest fan meet",3,514402,93.41
"biggest hoe world",3,514405,93.41
"biggest mistake life",3,514408,93.41
"billion dollar business",3,514411,93.41
"billion new york",3,514414,93.41
"billion people heart",3,514417,93.41
"bills look like",3,514420,93.42
"billy crystal did",3,514423,93.42
"billy crystal funny",3,514426,93.42
"bin laden compound",3,514429,93.42
"bin laden just",3,514432,93.42
"bird just flew",3,514435,93.42
"birthday amazing thank",3,514438,93.42
"birthday awesome followed",3,514441,93.42
"birthday bash weekend",3,514444,93.42
"birthday big brother",3,514447,93.42
"birthday birthday today",3,514450,93.42
"birthday everybody love",3,514453,93.42
"birthday follow pretty",3,514456,93.42
"birthday get shout",3,514459,93.42
"birthday gift myself",3,514462,93.42
"birthday going good",3,514465,93.42
"birthday hope beautiful",3,514468,93.42
"birthday hope blessed",3,514471,93.42
"birthday just got",3,514474,93.43
"birthday ladies free",3,514477,93.43
"birthday little love",3,514480,93.43
"birthday love know",3,514483,93.43
"birthday make great",3,514486,93.43
"birthday party come",3,514489,93.43
"birthday party full",3,514492,93.43
"birthday party go",3,514495,93.43
"birthday party sunday",3,514498,93.43
"birthday thanks love",3,514501,93.43
"birthday today go",3,514504,93.43
"birthday today party",3,514507,93.43
"birthday ur idol",3,514510,93.43
"birthday week today",3,514513,93.43
"birthday yesterday happy",3,514516,93.43
"birthdays good statistics",3,514519,93.43
"bit heavy float",3,514522,93.43
"bit like look",3,514525,93.43
"bit stay tuned",3,514528,93.43
"blackberry ipad laptop",3,514531,93.44
"bless america land",3,514534,93.44
"blessed day love",3,514537,93.44
"blessed day stay",3,514540,93.44
"blog com check",3,514543,93.44
"blog love connect",3,514546,93.44
"blog post follow",3,514549,93.44
"blog post writing",3,514552,93.44
"blogging theirs com",3,514555,93.44
"blue brown eyes",3,514558,93.44
"blue green eyes",3,514561,93.44
"blue line metro",3,514564,93.44
"blue men group",3,514567,93.44
"blue tomorrow night",3,514570,93.44
"blue try find",3,514573,93.44
"blue white sleeves",3,514576,93.44
"blue white uniform",3,514579,93.44
"blues chart la",3,514582,93.44
"bob law blog",3,514585,93.45
"bob morris chapman",3,514588,93.45
"bobby brown whitney",3,514591,93.45
"body club membership",3,514594,93.45
"body comes short",3,514597,93.45
"body natural defense",3,514600,93.45
"boo coming home",3,514603,93.45
"book act like",3,514606,93.45
"book cover cover",3,514609,93.45
"book day like",3,514612,93.45
"book fair open",3,514615,93.45
"book felt like",3,514618,93.45
"book good luck",3,514621,93.45
"book million dollar",3,514624,93.45
"book repair job",3,514627,93.45
"book store free",3,514630,93.45
"book tried true",3,514633,93.45
"booked flight new",3,514636,93.45
"booking photo shoots",3,514639,93.46
"booking today look",3,514642,93.46
"books books coral",3,514645,93.46
"books interest maurice",3,514648,93.46
"books like body",3,514651,93.46
"booth hall booth",3,514654,93.46
"booze last night",3,514657,93.46
"bored mind school",3,514660,93.46
"boring day work",3,514663,93.46
"born raised madison",3,514666,93.46
"bosh wade james",3,514669,93.46
"boston celtics get",3,514672,93.46
"boston marathon today",3,514675,93.46
"boston nd round",3,514678,93.46
"both body mind",3,514681,93.46
"both ends last",3,514684,93.46
"both look forward",3,514687,93.46
"both old new",3,514690,93.46
"both sets grandparents",3,514693,93.46
"both warm cool",3,514696,93.47
"bothered recent realization",3,514699,93.47
"bottle filter www",3,514702,93.47
"bottle last night",3,514705,93.47
"bottles let know",3,514708,93.47
"bought apple product",3,514711,93.47
"bought kids set",3,514714,93.47
"bought months ago",3,514717,93.47
"bought way advance",3,514720,93.47
"bout get cut",3,514723,93.47
"bout get done",3,514726,93.47
"bout get good",3,514729,93.47
"bout get work",3,514732,93.47
"bout go hard",3,514735,93.47
"bout go make",3,514738,93.47
"bout life gonna",3,514741,93.47
"boy don know",3,514744,93.47
"boy gonna love",3,514747,93.47
"boy just love",3,514750,93.48
"boy turns today",3,514753,93.48
"boy yea yea",3,514756,93.48
"boyfriend come home",3,514759,93.48
"boyfriend love love",3,514762,93.48
"boyfriend sounds like",3,514765,93.48
"boys don play",3,514768,93.48
"boys motion give",3,514771,93.48
"boys type guy",3,514774,93.48
"brady new england",3,514777,93.48
"branches place water",3,514780,93.48
"brand make sure",3,514783,93.48
"brand new guy",3,514786,93.48
"brand new line",3,514789,93.48
"brand new special",3,514792,93.48
"brand new web",3,514795,93.48
"brass monkeys tonight",3,514798,93.48
"brave take risks",3,514801,93.48
"brazil argentina mexico",3,514804,93.48
"bread salad sm",3,514807,93.49
"break legs tonight",3,514810,93.49
"break like made",3,514813,93.49
"break needs hurry",3,514816,93.49
"break time time",3,514819,93.49
"breakfast burrito bloody",3,514822,93.49
"breakfast children hospital",3,514825,93.49
"breakfast yesterday morning",3,514828,93.49
"breaking news boys",3,514831,93.49
"breaking news chris",3,514834,93.49
"breaking news hot",3,514837,93.49
"breaking news milwaukee",3,514840,93.49
"breaking news pregnant",3,514843,93.49
"breaking news president",3,514846,93.49
"breaking news whitney",3,514849,93.49
"breathe fresh air",3,514852,93.49
"bridge right lane",3,514855,93.49
"bring alternative employment",3,514858,93.49
"bring dish pass",3,514861,93.5
"bring far leave",3,514864,93.5
"bring good news",3,514867,93.5
"bring health insurance",3,514870,93.5
"bring joy rose",3,514873,93.5
"bring open pm",3,514876,93.5
"bring people just",3,514879,93.5
"bringing fully prepared",3,514882,93.5
"brings old memories",3,514885,93.5
"bristol pm using",3,514888,93.5
"broadcasting live inside",3,514891,93.5
"broke collar bone",3,514894,93.5
"broke college student",3,514897,93.5
"broke heard singing",3,514900,93.5
"broken hurt fix",3,514903,93.5
"broken things heart",3,514906,93.5
"broken water main",3,514909,93.5
"broncos agreed terms",3,514912,93.5
"brother looking forward",3,514915,93.51
"brother year old",3,514918,93.51
"brothers fools martin",3,514921,93.51
"brothers rock year",3,514924,93.51
"brought game today",3,514927,93.51
"brought smile face",3,514930,93.51
"brown turn music",3,514933,93.51
"browns love free",3,514936,93.51
"bruce lee fast",3,514939,93.51
"bruce springsteen playing",3,514942,93.51
"bruce willis movie",3,514945,93.51
"brunch today come",3,514948,93.51
"brush teeth morning",3,514951,93.51
"brush teeth time",3,514954,93.51
"btw love icon",3,514957,93.51
"btw profile picture",3,514960,93.51
"buddy hope doing",3,514963,93.51
"budget week rep",3,514966,93.51
"build house build",3,514969,93.51
"build life important",3,514972,93.52
"build ones tear",3,514975,93.52
"build site week",3,514978,93.52
"build time machine",3,514981,93.52
"building new site",3,514984,93.52
"bulls let go",3,514987,93.52
"bulls playoff tickets",3,514990,93.52
"bulls win tonight",3,514993,93.52
"bumper sticker says",3,514996,93.52
"bumper sticker today",3,514999,93.52
"bunch white people",3,515002,93.52
"bunny hide easter",3,515005,93.52
"burger shopping break",3,515008,93.52
"burning burning baby",3,515011,93.52
"burning man ticket",3,515014,93.52
"bus field trip",3,515017,93.52
"business feel free",3,515020,93.52
"business functions marketing",3,515023,93.52
"business make money",3,515026,93.53
"business owner looking",3,515029,93.53
"business saturday come",3,515032,93.53
"businesses small business",3,515035,93.53
"busy day doing",3,515038,93.53
"busy day got",3,515041,93.53
"busy day yesterday",3,515044,93.53
"busy reference desk",3,515047,93.53
"busy work haven",3,515050,93.53
"busy work school",3,515053,93.53
"busy working new",3,515056,93.53
"buy hard copy",3,515059,93.53
"buy love pay",3,515062,93.53
"buy own house",3,515065,93.53
"buy salad sandwich",3,515068,93.53
"buy sell high",3,515071,93.53
"buy sessions get",3,515074,93.53
"buy things just",3,515077,93.53
"buying tickets concert",3,515080,93.54
"bye bye chicago",3,515083,93.54
"bye bye phone",3,515086,93.54
"ca wa file",3,515089,93.54
"california knows party",3,515092,93.54
"called ex example",3,515095,93.54
"called photo grid",3,515098,93.54
"called wedding cake",3,515101,93.54
"cam newton get",3,515104,93.54
"came past weekend",3,515107,93.54
"came school day",3,515110,93.54
"came support great",3,515113,93.54
"came time happy",3,515116,93.54
"came tonight event",3,515119,93.54
"came yeah threw",3,515122,93.54
"camera don think",3,515125,93.54
"campaign finance report",3,515128,93.54
"campus last year",3,515131,93.54
"canceled check tomorrow",3,515134,93.54
"candidate mark solar",3,515137,93.55
"candidates must worked",3,515140,93.55
"canon mark ii",3,515143,93.55
"capable friend martin",3,515146,93.55
"capacity keep zest",3,515149,93.55
"car cup race",3,515152,93.55
"car don know",3,515155,93.55
"car driver reaction",3,515158,93.55
"car just get",3,515161,93.55
"car save money",3,515164,93.55
"car shopping fun",3,515167,93.55
"car weeks ago",3,515170,93.55
"cards last night",3,515173,93.55
"care care deeply",3,515176,93.55
"care character reputation",3,515179,93.55
"care like just",3,515182,93.55
"care say just",3,515185,93.55
"career make sure",3,515188,93.55
"career sports panel",3,515191,93.56
"careful choice enemies",3,515194,93.56
"careful pretend kurt",3,515197,93.56
"cares little man",3,515200,93.56
"caring job making",3,515203,93.56
"carolina anti marriage",3,515206,93.56
"carpet cleaning green",3,515209,93.56
"cars snow patrol",3,515212,93.56
"case forget tomorrow",3,515215,93.56
"case happy birthday",3,515218,93.56
"case missed tweet",3,515221,93.56
"cash charity purchase",3,515224,93.56
"cast feature film",3,515227,93.56
"casting director ty",3,515230,93.56
"casting vote booking",3,515233,93.56
"cat driving crazy",3,515236,93.56
"cat playing piano",3,515239,93.56
"catch last hour",3,515242,93.56
"catching best friend",3,515245,93.57
"catering mondays winter",3,515248,93.57
"catering take wednesday",3,515251,93.57
"cats bring home",3,515254,93.57
"caught last year",3,515257,93.57
"cause feel good",3,515260,93.57
"cause forgot yesterday",3,515263,93.57
"cause good things",3,515266,93.57
"cause make good",3,515269,93.57
"cause make love",3,515272,93.57
"cbs fall schedule",3,515275,93.57
"cd last night",3,515278,93.57
"cd ready let",3,515281,93.57
"cedar park center",3,515284,93.57
"cedar point tomorrow",3,515287,93.57
"celebrate hard work",3,515290,93.57
"celebrate national burger",3,515293,93.57
"celebrate st pat",3,515296,93.57
"celebrating mothers day",3,515299,93.57
"celebrity look alike",3,515302,93.58
"celebrity make artist",3,515305,93.58
"celebrity think best",3,515308,93.58
"cell phone day",3,515311,93.58
"cell phone market",3,515314,93.58
"cell phone people",3,515317,93.58
"cent iced tea",3,515320,93.58
"cent wings day",3,515323,93.58
"center city life",3,515326,93.58
"center city park",3,515329,93.58
"center getting ready",3,515332,93.58
"center parking lot",3,515335,93.58
"center sunday night",3,515338,93.58
"central florida film",3,515341,93.58
"central last night",3,515344,93.58
"central union mission",3,515347,93.58
"ceremony last night",3,515350,93.58
"certain things compete",3,515353,93.58
"challenge life world",3,515356,93.59
"chamber commerce today",3,515359,93.59
"chance come abraham",3,515362,93.59
"chance feel like",3,515365,93.59
"chance following passing",3,515368,93.59
"chance rain today",3,515371,93.59
"chance take advantage",3,515374,93.59
"chance tie game",3,515377,93.59
"chance trying change",3,515380,93.59
"chance win bar",3,515383,93.59
"chance win day",3,515386,93.59
"chance win gas",3,515389,93.59
"chance win membership",3,515392,93.59
"chance win party",3,515395,93.59
"change anything just",3,515398,93.59
"change direction likely",3,515401,93.59
"change just meet",3,515404,93.59
"change like seasons",3,515407,93.59
"change phone number",3,515410,93.6
"change seems like",3,515413,93.6
"change things change",3,515416,93.6
"change ur number",3,515419,93.6
"change ur twitter",3,515422,93.6
"change women marry",3,515425,93.6
"change world say",3,515428,93.6
"changed little bit",3,515431,93.6
"changed mind just",3,515434,93.6
"channel innovative recipes",3,515437,93.6
"channel let know",3,515440,93.6
"character result things",3,515443,93.6
"charity event love",3,515446,93.6
"charity help disabled",3,515449,93.6
"charming make souls",3,515452,93.6
"chase dreams catch",3,515455,93.6
"chase passion pension",3,515458,93.6
"chat starts minutes",3,515461,93.6
"cheap drinks good",3,515464,93.6
"cheaper gas drink",3,515467,93.61
"check band tonight",3,515470,93.61
"check bucket list",3,515473,93.61
"check cell phone",3,515476,93.61
"check cool stuff",3,515479,93.61
"check eric west",3,515482,93.61
"check facebook app",3,515485,93.61
"check facebook events",3,515488,93.61
"check facebook website",3,515491,93.61
"check free app",3,515494,93.61
"check game tonight",3,515497,93.61
"check good friend",3,515500,93.61
"check hear message",3,515503,93.61
"check ins like",3,515506,93.61
"check just got",3,515509,93.61
"check let go",3,515512,93.61
"check local station",3,515515,93.61
"check new chicago",3,515518,93.61
"check new company",3,515521,93.62
"check new photography",3,515524,93.62
"check new songs",3,515527,93.62
"check new stress",3,515530,93.62
"check opening day",3,515533,93.62
"check phone get",3,515536,93.62
"check phone minutes",3,515539,93.62
"check time does",3,515542,93.62
"check tomorrow note",3,515545,93.62
"check tomorrow pm",3,515548,93.62
"checks make sure",3,515551,93.62
"cheers healthy vision",3,515554,93.62
"cheese little bit",3,515557,93.62
"cheese making class",3,515560,93.62
"cheesy pickup lines",3,515563,93.62
"cherry lip kiss",3,515566,93.62
"chicago based service",3,515569,93.62
"chicago bulls best",3,515572,93.62
"chicago come say",3,515575,93.62
"chicago cultural center",3,515578,93.63
"chicago expo enjoy",3,515581,93.63
"chicago hoops com",3,515584,93.63
"chicago tonight pm",3,515587,93.63
"chicken salad wrap",3,515590,93.63
"child must learn",3,515593,93.63
"child years old",3,515596,93.63
"childhood best friend",3,515599,93.63
"children educated left",3,515602,93.63
"chile brazil argentina",3,515605,93.63
"chilly fall day",3,515608,93.63
"china english speaking",3,515611,93.63
"chips taste like",3,515614,93.63
"chocolate cream pie",3,515617,93.63
"choice make makes",3,515620,93.63
"chris brown best",3,515623,93.63
"chris brown go",3,515626,93.63
"chris brown lip",3,515629,93.63
"chris brown sweet",3,515632,93.64
"chris brown take",3,515635,93.64
"chris brown turn",3,515638,93.64
"chris evans chris",3,515641,93.64
"chris looks like",3,515644,93.64
"christmas comes early",3,515647,93.64
"christmas new york",3,515650,93.64
"christmas note saying",3,515653,93.64
"christmas present th",3,515656,93.64
"chrome chrome chrome",3,515659,93.64
"chronic fatigue syndrome",3,515662,93.64
"chuck born coincidence",3,515665,93.64
"cilantro lime sour",3,515668,93.64
"cindy thanks following",3,515671,93.64
"circle city derby",3,515674,93.64
"city city vip",3,515677,93.64
"city gear great",3,515680,93.64
"city ha ha",3,515683,93.64
"city lights jazz",3,515686,93.65
"city vip guest",3,515689,93.65
"city world listen",3,515692,93.65
"city www com",3,515695,93.65
"civic center plaza",3,515698,93.65
"civic center pm",3,515701,93.65
"civil human rights",3,515704,93.65
"class class class",3,515707,93.65
"class get trouble",3,515710,93.65
"class let go",3,515713,93.65
"class today thanks",3,515716,93.65
"classes feel like",3,515719,93.65
"classes mon wed",3,515722,93.65
"classes start soon",3,515725,93.65
"classic burger fries",3,515728,93.65
"clean getting ready",3,515731,93.65
"cleaning tile cleaning",3,515734,93.65
"clear present danger",3,515737,93.65
"cleveland high school",3,515740,93.65
"cleveland indians vs",3,515743,93.66
"cleveland museum art",3,515746,93.66
"click like want",3,515749,93.66
"clients www com",3,515752,93.66
"climb march th",3,515755,93.66
"climbing walls don",3,515758,93.66
"clock high school",3,515761,93.66
"close get good",3,515764,93.66
"close getting right",3,515767,93.66
"closed avoid area",3,515770,93.66
"closed closed avoid",3,515773,93.66
"closer closer launch",3,515776,93.66
"clothing shoes sale",3,515779,93.66
"club meeting today",3,515782,93.66
"club singer recording",3,515785,93.66
"club today pm",3,515788,93.66
"clutch clutch clutch",3,515791,93.66
"co just like",3,515794,93.66
"co let know",3,515797,93.67
"coast free agent",3,515800,93.67
"coast happy birthday",3,515803,93.67
"coast industry mixer",3,515806,93.67
"coast santa barbara",3,515809,93.67
"coffee cup lid",3,515812,93.67
"coffee get day",3,515815,93.67
"coffee hot chocolate",3,515818,93.67
"coffee main street",3,515821,93.67
"coffee shot espresso",3,515824,93.67
"cold day perfect",3,515827,93.67
"cold looking forward",3,515830,93.67
"cold new england",3,515833,93.67
"cold november rain",3,515836,93.67
"cold rainy nights",3,515839,93.67
"cold really cold",3,515842,93.67
"college education just",3,515845,93.67
"college email register",3,515848,93.67
"college hoops team",3,515851,93.68
"columbus day tomorrow",3,515854,93.68
"columbus day weekend",3,515857,93.68
"com click arlington",3,515860,93.68
"com click cnn",3,515863,93.68
"com come visit",3,515866,93.68
"com direct message",3,515869,93.68
"com great day",3,515872,93.68
"com great deal",3,515875,93.68
"com great resource",3,515878,93.68
"com let help",3,515881,93.68
"com like page",3,515884,93.68
"com lose lbs",3,515887,93.68
"com make money",3,515890,93.68
"com officially challenging",3,515893,93.68
"com old hit",3,515896,93.68
"com playing warped",3,515899,93.68
"com profile html",3,515902,93.68
"com today get",3,515905,93.68
"come alive night",3,515908,93.69
"come anchor bar",3,515911,93.69
"come best friend",3,515914,93.69
"come boston love",3,515917,93.69
"come bring family",3,515920,93.69
"come buy drink",3,515923,93.69
"come buy shots",3,515926,93.69
"come cali meet",3,515929,93.69
"come check facebook",3,515932,93.69
"come check farm",3,515935,93.69
"come check friday",3,515938,93.69
"come check website",3,515941,93.69
"come clean room",3,515944,93.69
"come clean tell",3,515947,93.69
"come dinner tonight",3,515950,93.69
"come follow new",3,515953,93.69
"come fri night",3,515956,93.69
"come friday saturday",3,515959,93.69
"come good times",3,515962,93.7
"come grab beer",3,515965,93.7
"come grab seat",3,515968,93.7
"come hang today",3,515971,93.7
"come home friday",3,515974,93.7
"come home handed",3,515977,93.7
"come home just",3,515980,93.7
"come home safe",3,515983,93.7
"come join area",3,515986,93.7
"come join awesome",3,515989,93.7
"come join beer",3,515992,93.7
"come join celebration",3,515995,93.7
"come knocking door",3,515998,93.7
"come know got",3,516001,93.7
"come la got",3,516004,93.7
"come late night",3,516007,93.7
"come later get",3,516010,93.7
"come lounge tonight",3,516013,93.7
"come nyc miss",3,516016,93.71
"come pm tomorrow",3,516019,93.71
"come say high",3,516022,93.71
"come shop today",3,516025,93.71
"come sit bar",3,516028,93.71
"come soon get",3,516031,93.71
"come soon thanks",3,516034,93.71
"come st century",3,516037,93.71
"come start weekend",3,516040,93.71
"come sunday morning",3,516043,93.71
"come tonight take",3,516046,93.71
"come town weekend",3,516049,93.71
"come ur own",3,516052,93.71
"come ur way",3,516055,93.71
"come visit buy",3,516058,93.71
"come visit later",3,516061,93.71
"come visit real",3,516064,93.71
"come visit right",3,516067,93.71
"come walking door",3,516070,93.71
"come win prizes",3,516073,93.72
"comes couple learns",3,516076,93.72
"comes day pack",3,516079,93.72
"comes poor judgment",3,516082,93.72
"comes short end",3,516085,93.72
"comfort feeling blue",3,516088,93.72
"coming broadway bar",3,516091,93.72
"coming chance win",3,516094,93.72
"coming dc area",3,516097,93.72
"coming dec th",3,516100,93.72
"coming dinner tonight",3,516103,93.72
"coming great meet",3,516106,93.72
"coming home eat",3,516109,93.72
"coming home sad",3,516112,93.72
"coming home way",3,516115,93.72
"coming last week",3,516118,93.72
"coming later year",3,516121,93.72
"coming need help",3,516124,93.72
"coming nov th",3,516127,93.73
"coming sept th",3,516130,93.73
"coming showing love",3,516133,93.73
"coming theater near",3,516136,93.73
"coming wait till",3,516139,93.73
"commercial made cry",3,516142,93.73
"commission meeting organized",3,516145,93.73
"community strong link",3,516148,93.73
"companies listen customers",3,516151,93.73
"compliment way today",3,516154,93.73
"computer lab computers",3,516157,93.73
"computer repair team",3,516160,93.73
"concert dvd just",3,516163,93.73
"concert starts pm",3,516166,93.73
"conference great experience",3,516169,93.73
"conference registration open",3,516172,93.73
"conference room come",3,516175,93.73
"conference world affairs",3,516178,93.73
"confidence self esteem",3,516181,93.74
"congratulations great day",3,516184,93.74
"congratulations ny giants",3,516187,93.74
"congratulations winning best",3,516190,93.74
"consensus hub following",3,516193,93.74
"consider myself lucky",3,516196,93.74
"consider new possibilities",3,516199,93.74
"considered years old",3,516202,93.74
"constantly head thanks",3,516205,93.74
"consumers trust peer",3,516208,93.74
"contact information email",3,516211,93.74
"contact interested know",3,516214,93.74
"contact team shirts",3,516217,93.74
"contact today free",3,516220,93.74
"content consumer creator",3,516223,93.74
"continued support great",3,516226,93.74
"contractors indiana contractor",3,516229,93.74
"control look eyes",3,516232,93.74
"conversation dog does",3,516235,93.74
"conversations make sense",3,516238,93.75
"cook own food",3,516241,93.75
"cooking smells like",3,516244,93.75
"cool guys rock",3,516247,93.75
"cool hope goes",3,516250,93.75
"cool thanks invite",3,516253,93.75
"cool thing far",3,516256,93.75
"cool things doing",3,516259,93.75
"cool things going",3,516262,93.75
"cool things store",3,516265,93.75
"cool think classy",3,516268,93.75
"cool ways trick",3,516271,93.75
"cool years ago",3,516274,93.75
"copies single beatles",3,516277,93.75
"corey hart like",3,516280,93.75
"cost health care",3,516283,93.75
"cotton candy pink",3,516286,93.75
"couch won make",3,516289,93.75
"counting hours get",3,516292,93.76
"counting hours till",3,516295,93.76
"country music car",3,516298,93.76
"country music really",3,516301,93.76
"county debate children",3,516304,93.76
"couple days check",3,516307,93.76
"couple days made",3,516310,93.76
"couple days thanks",3,516313,93.76
"couple hours go",3,516316,93.76
"couple hours today",3,516319,93.76
"couple pictures people",3,516322,93.76
"couple weeks nice",3,516325,93.76
"couple weeks really",3,516328,93.76
"course great shape",3,516331,93.76
"course true love",3,516334,93.76
"course voted yes",3,516337,93.76
"cousin just cousin",3,516340,93.76
"cover band playing",3,516343,93.76
"cover ladies free",3,516346,93.76
"cover sports illustrated",3,516349,93.77
"covered lot ground",3,516352,93.77
"cow get free",3,516355,93.77
"craft beers new",3,516358,93.77
"crazy beats rap",3,516361,93.77
"crazy mother day",3,516364,93.77
"crazy sounds like",3,516367,93.77
"crazy twitter tweet",3,516370,93.77
"cream caramel sauce",3,516373,93.77
"cream summer ice",3,516376,93.77
"cream truck neighborhood",3,516379,93.77
"creating perfect love",3,516382,93.77
"creating social media",3,516385,93.77
"creative work women",3,516388,93.77
"creative writing classes",3,516391,93.77
"creativity given human",3,516394,93.77
"credit card payments",3,516397,93.77
"credit card reader",3,516400,93.77
"credit union members",3,516403,93.78
"crew look good",3,516406,93.78
"cried oh don",3,516409,93.78
"cried times today",3,516412,93.78
"cross fingers good",3,516415,93.78
"cruise ship runs",3,516418,93.78
"cry girl make",3,516421,93.78
"cry must really",3,516424,93.78
"cry takes man",3,516427,93.78
"cry tell really",3,516430,93.78
"cry weak strong",3,516433,93.78
"crying like crazy",3,516436,93.78
"crying mean weak",3,516439,93.78
"crying right ride",3,516442,93.78
"crying tired trying",3,516445,93.78
"cult like following",3,516448,93.78
"cup coffee get",3,516451,93.78
"cup coffee good",3,516454,93.78
"cup coffee tea",3,516457,93.79
"cup final come",3,516460,93.79
"cup half full",3,516463,93.79
"cup ice cream",3,516466,93.79
"curious ideas marie",3,516469,93.79
"current financial situation",3,516472,93.79
"current political climate",3,516475,93.79
"current title holders",3,516478,93.79
"currently stands growing",3,516481,93.79
"customer service agent",3,516484,93.79
"customer service associate",3,516487,93.79
"customer service best",3,516490,93.79
"customer service better",3,516493,93.79
"customer service last",3,516496,93.79
"customer service new",3,516499,93.79
"customers active engaged",3,516502,93.79
"customers social media",3,516505,93.79
"cut arts funding",3,516508,93.79
"cut pork chop",3,516511,93.79
"cut talk remember",3,516514,93.8
"cute boy like",3,516517,93.8
"cute guy like",3,516520,93.8
"da bottom da",3,516523,93.8
"da deal hit",3,516526,93.8
"da think day",3,516529,93.8
"dad hate dad",3,516532,93.8
"dad said getting",3,516535,93.8
"dad said thanks",3,516538,93.8
"dad told today",3,516541,93.8
"daily weekly monthly",3,516544,93.8
"dairy free soy",3,516547,93.8
"dance act talk",3,516550,93.8
"dance dance like",3,516553,93.8
"dance learn go",3,516556,93.8
"dance lotus nightclub",3,516559,93.8
"dance night long",3,516562,93.8
"dance team year",3,516565,93.8
"dance throw dollars",3,516568,93.81
"dancing shoes ready",3,516571,93.81
"dancing thought insane",3,516574,93.81
"dare say like",3,516577,93.81
"dark rum ginger",3,516580,93.81
"data give answers",3,516583,93.81
"data social media",3,516586,93.81
"date cool videos",3,516589,93.81
"date looking forward",3,516592,93.81
"date oct th",3,516595,93.81
"date open house",3,516598,93.81
"dating celebrity idea",3,516601,93.81
"dating day love",3,516604,93.81
"daughter just took",3,516607,93.81
"day acting workshop",3,516610,93.81
"day audition cold",3,516613,93.81
"day baseball season",3,516616,93.81
"day bat giveaway",3,516619,93.81
"day birthday wishes",3,516622,93.82
"day boston good",3,516625,93.82
"day bout go",3,516628,93.82
"day bring mom",3,516631,93.82
"day brunch reservations",3,516634,93.82
"day buy gift",3,516637,93.82
"day carrot ginger",3,516640,93.82
"day check facebook",3,516643,93.82
"day chicago sports",3,516646,93.82
"day city beach",3,516649,93.82
"day cloud sky",3,516652,93.82
"day come great",3,516655,93.82
"day confusing day",3,516658,93.82
"day cuddle couch",3,516661,93.82
"day dads especially",3,516664,93.82
"day day get",3,516667,93.82
"day day job",3,516670,93.82
"day don look",3,516673,93.82
"day done just",3,516676,93.82
"day done time",3,516679,93.83
"day drink coffee",3,516682,93.83
"day early just",3,516685,93.83
"day especially love",3,516688,93.83
"day everybody doing",3,516691,93.83
"day facebook twitter",3,516694,93.83
"day followed thanks",3,516697,93.83
"day food allergy",3,516700,93.83
"day get day",3,516703,93.83
"day get interesting",3,516706,93.83
"day get mom",3,516709,93.83
"day get school",3,516712,93.83
"day get time",3,516715,93.83
"day get warm",3,516718,93.83
"day get weekend",3,516721,93.83
"day glad home",3,516724,93.83
"day go slower",3,516727,93.83
"day going awesome",3,516730,93.83
"day going did",3,516733,93.84
"day going happen",3,516736,93.84
"day going wonderful",3,516739,93.84
"day good got",3,516742,93.84
"day good way",3,516745,93.84
"day good workout",3,516748,93.84
"day great evening",3,516751,93.84
"day great just",3,516754,93.84
"day ground good",3,516757,93.84
"day guys awesome",3,516760,93.84
"day happy happy",3,516763,93.84
"day happy monday",3,516766,93.84
"day help spread",3,516769,93.84
"day help support",3,516772,93.84
"day home alone",3,516775,93.84
"day hopefully soon",3,516778,93.84
"day join pm",3,516781,93.84
"day just beginning",3,516784,93.84
"day just gonna",3,516787,93.85
"day just relax",3,516790,93.85
"day just remember",3,516793,93.85
"day just right",3,516796,93.85
"day just starting",3,516799,93.85
"day just wish",3,516802,93.85
"day laughter day",3,516805,93.85
"day learning sharing",3,516808,93.85
"day left till",3,516811,93.85
"day lets hope",3,516814,93.85
"day life don",3,516817,93.85
"day life gradually",3,516820,93.85
"day like full",3,516823,93.85
"day like new",3,516826,93.85
"day like think",3,516829,93.85
"day live music",3,516832,93.85
"day long just",3,516835,93.85
"day long lose",3,516838,93.85
"day long today",3,516841,93.85
"day love eternal",3,516844,93.86
"day love fans",3,516847,93.86
"day love radio",3,516850,93.86
"day love shut",3,516853,93.86
"day might use",3,516856,93.86
"day mother law",3,516859,93.86
"day national spanish",3,516862,93.86
"day new semester",3,516865,93.86
"day new week",3,516868,93.86
"day nice weather",3,516871,93.86
"day op ed",3,516874,93.86
"day parade downtown",3,516877,93.86
"day part time",3,516880,93.86
"day real life",3,516883,93.86
"day san jose",3,516886,93.86
"day saturday night",3,516889,93.86
"day school don",3,516892,93.86
"day school tired",3,516895,93.86
"day st vincent",3,516898,93.87
"day stay focused",3,516901,93.87
"day sure make",3,516904,93.87
"day sweetest day",3,516907,93.87
"day thanks best",3,516910,93.87
"day tomorrow goodnight",3,516913,93.87
"day tomorrow gotta",3,516916,93.87
"day tomorrow kids",3,516919,93.87
"day tomorrow night",3,516922,93.87
"day tomorrow pm",3,516925,93.87
"day try take",3,516928,93.87
"day trying find",3,516931,93.87
"day wake early",3,516934,93.87
"day watching movies",3,516937,93.87
"day week actually",3,516940,93.87
"day week day",3,516943,93.87
"day week really",3,516946,93.87
"day week saturday",3,516949,93.87
"day week school",3,516952,93.88
"day week stop",3,516955,93.88
"day weekend da",3,516958,93.88
"day weekend help",3,516961,93.88
"day weekend hopefully",3,516964,93.88
"day weekend let",3,516967,93.88
"day weekend like",3,516970,93.88
"day weekend looking",3,516973,93.88
"day weekend make",3,516976,93.88
"day white walker",3,516979,93.88
"day won hurt",3,516982,93.88
"day work complete",3,516985,93.88
"day work ready",3,516988,93.88
"day work year",3,516991,93.88
"day works best",3,516994,93.88
"day worth work",3,516997,93.88
"days ago did",3,517000,93.88
"days ago followers",3,517003,93.88
"days ago really",3,517006,93.88
"days ahead schedule",3,517009,93.89
"days christmas break",3,517012,93.89
"days course spend",3,517015,93.89
"days don forget",3,517018,93.89
"days form habit",3,517021,93.89
"days hope get",3,517024,93.89
"days junior year",3,517027,93.89
"days know gonna",3,517030,93.89
"days last day",3,517033,93.89
"days left dc",3,517036,93.89
"days left go",3,517039,93.89
"days left save",3,517042,93.89
"days left work",3,517045,93.89
"days mother day",3,517048,93.89
"days sharing food",3,517051,93.89
"days special rain",3,517054,93.89
"days till believe",3,517057,93.89
"days till day",3,517060,93.89
"days want get",3,517063,93.9
"dc student career",3,517066,93.9
"dc united vs",3,517069,93.9
"deal hit got",3,517072,93.9
"deal last year",3,517075,93.9
"deal looks like",3,517078,93.9
"deal shown buy",3,517081,93.9
"dealing just different",3,517084,93.9
"dear bed know",3,517087,93.9
"dear ipod put",3,517090,93.9
"dear life said",3,517093,93.9
"debate campaign far",3,517096,93.9
"debt ceiling increase",3,517099,93.9
"dec awesome author",3,517102,93.9
"decide walk light",3,517105,93.9
"decided going come",3,517108,93.9
"decisions good intentions",3,517111,93.9
"decisions good planning",3,517114,93.9
"decisions know values",3,517117,93.91
"decisions make best",3,517120,93.91
"decisions make great",3,517123,93.91
"declaring war marriage",3,517126,93.91
"deep thought day",3,517129,93.91
"defeat use words",3,517132,93.91
"definitely don remember",3,517135,93.91
"definitely gonna get",3,517138,93.91
"definitely keep eye",3,517141,93.91
"definitely look like",3,517144,93.91
"definitely person know",3,517147,93.91
"definitely try thanks",3,517150,93.91
"delicious happy birthday",3,517153,93.91
"delicious pie today",3,517156,93.91
"delicious stop making",3,517159,93.91
"delivered right door",3,517162,93.91
"delivery service food",3,517165,93.91
"denial anger bargaining",3,517168,93.91
"denver broncos try",3,517171,93.91
"denver broncos unexpected",3,517174,93.92
"denver co area",3,517177,93.92
"denver last night",3,517180,93.92
"depends mind circumstances",3,517183,93.92
"depression acceptance stages",3,517186,93.92
"deserve best tweets",3,517189,93.92
"deserve better willing",3,517192,93.92
"deserve live america",3,517195,93.92
"deserve win th",3,517198,93.92
"design social media",3,517201,93.92
"design tip bring",3,517204,93.92
"design tip display",3,517207,93.92
"desired notice answer",3,517210,93.92
"desk last night",3,517213,93.92
"destined become person",3,517216,93.92
"details go www",3,517219,93.92
"details released soon",3,517222,93.92
"determine stand financially",3,517225,93.92
"detroit business conference",3,517228,93.93
"detroit own single",3,517231,93.93
"developer open new",3,517234,93.93
"did anyone make",3,517237,93.93
"did anyone order",3,517240,93.93
"did bill clinton",3,517243,93.93
"did candidate clerk",3,517246,93.93
"did catch double",3,517249,93.93
"did day today",3,517252,93.93
"did day yesterday",3,517255,93.93
"did don ask",3,517258,93.93
"did exist necessary",3,517261,93.93
"did find anyone",3,517264,93.93
"did find phone",3,517267,93.93
"did go far",3,517270,93.93
"did go time",3,517273,93.93
"did good just",3,517276,93.93
"did guy really",3,517279,93.93
"did hear correctly",3,517282,93.93
"did hear good",3,517285,93.94
"did help little",3,517288,93.94
"did just break",3,517291,93.94
"did just decide",3,517294,93.94
"did just forget",3,517297,93.94
"did just kiss",3,517300,93.94
"did just like",3,517303,93.94
"did just play",3,517306,93.94
"did just recently",3,517309,93.94
"did just sign",3,517312,93.94
"did just woke",3,517315,93.94
"did last month",3,517318,93.94
"did last tweet",3,517321,93.94
"did last weekend",3,517324,93.94
"did learn lot",3,517327,93.94
"did like say",3,517330,93.94
"did little work",3,517333,93.94
"did made day",3,517336,93.94
"did make last",3,517339,93.95
"did make list",3,517342,93.95
"did make want",3,517345,93.95
"did make wish",3,517348,93.95
"did miss did",3,517351,93.95
"did own eyes",3,517354,93.95
"did phenomenal job",3,517357,93.95
"did really look",3,517360,93.95
"did really mean",3,517363,93.95
"did say give",3,517366,93.95
"did say good",3,517369,93.95
"did session go",3,517372,93.95
"did stop making",3,517375,93.95
"did storm come",3,517378,93.95
"did think avengers",3,517381,93.95
"did think live",3,517384,93.95
"did triple take",3,517387,93.95
"did ur best",3,517390,93.95
"did vote today",3,517393,93.96
"diego imperial counties",3,517396,93.96
"diego press club",3,517399,93.96
"diego wine roses",3,517402,93.96
"diet program foods",3,517405,93.96
"difference anything anything",3,517408,93.96
"difference dream go",3,517411,93.96
"difference mind heart",3,517414,93.96
"difference new husband",3,517417,93.96
"difference ordinary extraordinary",3,517420,93.96
"different skill sets",3,517423,93.96
"different ways say",3,517426,93.96
"difficult conversations meetings",3,517429,93.96
"difficult moment potential",3,517432,93.96
"difficulties alter difficulties",3,517435,93.96
"difficulties alter meet",3,517438,93.96
"difficulties opportunities makes",3,517441,93.96
"dig dig dig",3,517444,93.96
"digging new look",3,517447,93.96
"digital press release",3,517450,93.97
"dinner date soon",3,517453,93.97
"dinner late night",3,517456,93.97
"dinner tonight amazing",3,517459,93.97
"dinner tonight come",3,517462,93.97
"dinner tonight going",3,517465,93.97
"direct message get",3,517468,93.97
"direct messages go",3,517471,93.97
"direct messages spam",3,517474,93.97
"direction likely end",3,517477,93.97
"director graphic designer",3,517480,93.97
"disappear get close",3,517483,93.97
"discover new lands",3,517486,93.97
"discuss get physical",3,517489,93.97
"distance far tear",3,517492,93.97
"distraction free friday",3,517495,93.97
"distressed market www",3,517498,93.97
"distribution strategy tactics",3,517501,93.97
"division ii football",3,517504,93.98
"dj beautiful day",3,517507,93.98
"dj big mike",3,517510,93.98
"dj blaze birthday",3,517513,93.98
"dj ing tonight",3,517516,93.98
"dj old school",3,517519,93.98
"dj playing favorites",3,517522,93.98
"dj plus dj",3,517525,93.98
"doctor office waiting",3,517528,93.98
"doctor said jumping",3,517531,93.98
"documents served process",3,517534,93.98
"does anything roosevelt",3,517537,93.98
"does best buy",3,517540,93.98
"does college education",3,517543,93.98
"does easter bunny",3,517546,93.98
"does enjoy day",3,517549,93.98
"does event start",3,517552,93.98
"does fool does",3,517555,93.98
"does get mean",3,517558,93.99
"does give right",3,517561,93.99
"does glitter wander",3,517564,93.99
"does just don",3,517567,93.99
"does just want",3,517570,93.99
"does keep getting",3,517573,93.99
"does knock presents",3,517576,93.99
"does live hype",3,517579,93.99
"does local news",3,517582,93.99
"does make eyes",3,517585,93.99
"does make like",3,517588,93.99
"does make real",3,517591,93.99
"does makes winner",3,517594,93.99
"does seems like",3,517597,93.99
"dog dental care",3,517600,93.99
"dog fell asleep",3,517603,93.99
"dog food just",3,517606,93.99
"dog year dog",3,517609,93.99
"doing actual work",3,517612,93.99
"doing business people",3,517615,94
"doing don just",3,517618,94
"doing email marketing",3,517621,94
"doing getting trying",3,517624,94
"doing good great",3,517627,94
"doing good keeping",3,517630,94
"doing great right",3,517633,94
"doing great working",3,517636,94
"doing high school",3,517639,94
"doing interview student",3,517642,94
"doing job just",3,517645,94
"doing little research",3,517648,94
"doing live broadcast",3,517651,94
"doing lot thinking",3,517654,94
"doing make jealous",3,517657,94
"doing need catch",3,517660,94
"doing right let",3,517663,94
"doing right new",3,517666,94
"doing right sure",3,517669,94.01
"doing seems like",3,517672,94.01
"doing sounds like",3,517675,94.01
"doing terrible job",3,517678,94.01
"doing thing just",3,517681,94.01
"doing ur doing",3,517684,94.01
"doing years ago",3,517687,94.01
"don actually care",3,517690,94.01
"don allow anyone",3,517693,94.01
"don ask advice",3,517696,94.01
"don ask get",3,517699,94.01
"don ask people",3,517702,94.01
"don ask twice",3,517705,94.01
"don beat bush",3,517708,94.01
"don believe hear",3,517711,94.01
"don believe marriage",3,517714,94.01
"don believe say",3,517717,94.01
"don break em",3,517720,94.01
"don break promises",3,517723,94.02
"don cell phone",3,517726,94.02
"don follow dreams",3,517729,94.02
"don follow lead",3,517732,94.02
"don forget answer",3,517735,94.02
"don forget costume",3,517738,94.02
"don forget invite",3,517741,94.02
"don forget kids",3,517744,94.02
"don forget mr",3,517747,94.02
"don forget nd",3,517750,94.02
"don forget offer",3,517753,94.02
"don forget pack",3,517756,94.02
"don forget people",3,517759,94.02
"don forget selling",3,517762,94.02
"don forget wash",3,517765,94.02
"don forget winter",3,517768,94.02
"don friends don",3,517771,94.02
"don gain world",3,517774,94.02
"don give cause",3,517777,94.02
"don give does",3,517780,94.03
"don give going",3,517783,94.03
"don give help",3,517786,94.03
"don give kids",3,517789,94.03
"don give stay",3,517792,94.03
"don give yo",3,517795,94.03
"don go class",3,517798,94.03
"don go people",3,517801,94.03
"don go vegas",3,517804,94.03
"don good luck",3,517807,94.03
"don grind don",3,517810,94.03
"don hard time",3,517813,94.03
"don hate gotta",3,517816,94.03
"don hate man",3,517819,94.03
"don hate person",3,517822,94.03
"don hate school",3,517825,94.03
"don hate twitter",3,517828,94.03
"don hate water",3,517831,94.03
"don hold candle",3,517834,94.04
"don judge think",3,517837,94.04
"don judge till",3,517840,94.04
"don just text",3,517843,94.04
"don just throw",3,517846,94.04
"don just watch",3,517849,94.04
"don knock hustle",3,517852,94.04
"don know add",3,517855,94.04
"don know ah",3,517858,94.04
"don know america",3,517861,94.04
"don know apparently",3,517864,94.04
"don know available",3,517867,94.04
"don know baseball",3,517870,94.04
"don know boys",3,517873,94.04
"don know control",3,517876,94.04
"don know country",3,517879,94.04
"don know created",3,517882,94.04
"don know decided",3,517885,94.04
"don know describe",3,517888,94.05
"don know emotion",3,517891,94.05
"don know especially",3,517894,94.05
"don know father",3,517897,94.05
"don know feeling",3,517900,94.05
"don know fighting",3,517903,94.05
"don know followed",3,517906,94.05
"don know food",3,517909,94.05
"don know friday",3,517912,94.05
"don know future",3,517915,94.05
"don know hand",3,517918,94.05
"don know hands",3,517921,94.05
"don know having",3,517924,94.05
"don know hip",3,517927,94.05
"don know hot",3,517930,94.05
"don know hours",3,517933,94.05
"don know important",3,517936,94.05
"don know invented",3,517939,94.05
"don know jon",3,517942,94.05
"don know lately",3,517945,94.06
"don know looked",3,517948,94.06
"don know making",3,517951,94.06
"don know managed",3,517954,94.06
"don know mike",3,517957,94.06
"don know night",3,517960,94.06
"don know picture",3,517963,94.06
"don know road",3,517966,94.06
"don know send",3,517969,94.06
"don know smell",3,517972,94.06
"don know songs",3,517975,94.06
"don know specifics",3,517978,94.06
"don know stars",3,517981,94.06
"don know taking",3,517984,94.06
"don know twice",3,517987,94.06
"don know value",3,517990,94.06
"don know walk",3,517993,94.06
"don know web",3,517996,94.06
"don know worth",3,517999,94.07
"don look going",3,518002,94.07
"don look team",3,518005,94.07
"don love hate",3,518008,94.07
"don make break",3,518011,94.07
"don make difference",3,518014,94.07
"don make effort",3,518017,94.07
"don make hurt",3,518020,94.07
"don make pull",3,518023,94.07
"don mean happy",3,518026,94.07
"don mean know",3,518029,94.07
"don mind cause",3,518032,94.07
"don mind go",3,518035,94.07
"don mind good",3,518038,94.07
"don mind late",3,518041,94.07
"don mind love",3,518044,94.07
"don mind mind",3,518047,94.07
"don mind phone",3,518050,94.07
"don necessarily agree",3,518053,94.07
"don normally tweet",3,518056,94.08
"don notice anymore",3,518059,94.08
"don notice going",3,518062,94.08
"don original roy",3,518065,94.08
"don particularly like",3,518068,94.08
"don play girl",3,518071,94.08
"don quit day",3,518074,94.08
"don really good",3,518077,94.08
"don recall having",3,518080,94.08
"don relationship get",3,518083,94.08
"don remember asking",3,518086,94.08
"don remember excited",3,518089,94.08
"don remember following",3,518092,94.08
"don remember happen",3,518095,94.08
"don respond tweets",3,518098,94.08
"don rest peace",3,518101,94.08
"don sad happy",3,518104,94.08
"don say stuff",3,518107,94.08
"don school anymore",3,518110,94.09
"don settle anything",3,518113,94.09
"don stand way",3,518116,94.09
"don stay bed",3,518119,94.09
"don stay home",3,518122,94.09
"don stress just",3,518125,94.09
"don succeed definitely",3,518128,94.09
"don take chance",3,518131,94.09
"don take girl",3,518134,94.09
"don take lot",3,518137,94.09
"don take mom",3,518140,94.09
"don take photograph",3,518143,94.09
"don take school",3,518146,94.09
"don talk club",3,518149,94.09
"don talk marriage",3,518152,94.09
"don talk really",3,518155,94.09
"don tell did",3,518158,94.09
"don tell hoe",3,518161,94.09
"don tell mother",3,518164,94.1
"don tell taking",3,518167,94.1
"don tell things",3,518170,94.1
"don think came",3,518173,94.1
"don think change",3,518176,94.1
"don think cried",3,518179,94.1
"don think drink",3,518182,94.1
"don think enjoyed",3,518185,94.1
"don think finished",3,518188,94.1
"don think folks",3,518191,94.1
"don think forgot",3,518194,94.1
"don think happier",3,518197,94.1
"don think hate",3,518200,94.1
"don think hours",3,518203,94.1
"don think human",3,518206,94.1
"don think interested",3,518209,94.1
"don think late",3,518212,94.1
"don think laughed",3,518215,94.1
"don think liked",3,518218,94.1
"don think love",3,518221,94.11
"don think oh",3,518224,94.11
"don think relationship",3,518227,94.11
"don think running",3,518230,94.11
"don think small",3,518233,94.11
"don think told",3,518236,94.11
"don think tweeting",3,518239,94.11
"don think watching",3,518242,94.11
"don throw bus",3,518245,94.11
"don throw like",3,518248,94.11
"don touch stuff",3,518251,94.11
"don treat right",3,518254,94.11
"don try calling",3,518257,94.11
"don try funny",3,518260,94.11
"don try run",3,518263,94.11
"don try save",3,518266,94.11
"don try school",3,518269,94.11
"don try win",3,518272,94.11
"don use get",3,518275,94.12
"don usually watch",3,518278,94.12
"don wake tomorrow",3,518281,94.12
"don want anywhere",3,518284,94.12
"don want beef",3,518287,94.12
"don want coach",3,518290,94.12
"don want everybody",3,518293,94.12
"don want future",3,518296,94.12
"don want help",3,518299,94.12
"don want high",3,518302,94.12
"don want parts",3,518305,94.12
"don want phone",3,518308,94.12
"don want present",3,518311,94.12
"don want social",3,518314,94.12
"don want wanna",3,518317,94.12
"don work come",3,518320,94.12
"don work go",3,518323,94.12
"don work good",3,518326,94.12
"don work want",3,518329,94.13
"don write mind",3,518332,94.13
"donald deserves donald",3,518335,94.13
"donald driver dancing",3,518338,94.13
"donate tweet voted",3,518341,94.13
"donating portion sales",3,518344,94.13
"done classes till",3,518347,94.13
"done david allen",3,518350,94.13
"done don forget",3,518353,94.13
"done don wanna",3,518356,94.13
"done get got",3,518359,94.13
"done going go",3,518362,94.13
"done need help",3,518365,94.13
"done people say",3,518368,94.13
"done president obama",3,518371,94.13
"done semester college",3,518374,94.13
"done social media",3,518377,94.13
"done talking fine",3,518380,94.13
"done watching movie",3,518383,94.13
"done working time",3,518386,94.14
"door blew open",3,518389,94.14
"door get shower",3,518392,94.14
"doors don open",3,518395,94.14
"doors open hour",3,518398,94.14
"doors open tickets",3,518401,94.14
"doors pm tickets",3,518404,94.14
"doors wisdom shut",3,518407,94.14
"double check good",3,518410,94.14
"double chocolate cake",3,518413,94.14
"double rainbow outside",3,518416,94.14
"double single releases",3,518419,94.14
"doubt crying right",3,518422,94.14
"doubt number lives",3,518425,94.14
"download free iphone",3,518428,94.14
"download new track",3,518431,94.14
"draft party tonight",3,518434,94.14
"drafted th round",3,518437,94.14
"drake concert june",3,518440,94.15
"draw blood defense",3,518443,94.15
"dream alive portland",3,518446,94.15
"dream dream alone",3,518449,94.15
"dream dream reality",3,518452,94.15
"dream impossible dream",3,518455,94.15
"dream seeking william",3,518458,94.15
"dreams dreams come",3,518461,94.15
"dress shopping today",3,518464,94.15
"drink boost breakfast",3,518467,94.15
"drink day honey",3,518470,94.15
"drink drive ride",3,518473,94.15
"drink drive smoke",3,518476,94.15
"drink free night",3,518479,94.15
"drink iced coffee",3,518482,94.15
"drink like used",3,518485,94.15
"drink wine make",3,518488,94.15
"drinking tea honey",3,518491,94.15
"drinks cash prize",3,518494,94.16
"drinks pitchers free",3,518497,94.16
"drinks till bottles",3,518500,94.16
"drive golf cart",3,518503,94.16
"drive own car",3,518506,94.16
"drive smoke fly",3,518509,94.16
"driving bristol pm",3,518512,94.16
"driving philadelphia pm",3,518515,94.16
"driving slower anyone",3,518518,94.16
"driving smart car",3,518521,94.16
"drop easter basket",3,518524,94.16
"dropping say hello",3,518527,94.16
"dropping school becoming",3,518530,94.16
"dude felt like",3,518533,94.16
"dude like really",3,518536,94.16
"dude whats good",3,518539,94.16
"duke let go",3,518542,94.16
"dunk last night",3,518545,94.16
"dunk points morning",3,518548,94.16
"dying hair today",3,518551,94.17
"dylan dylan dylan",3,518554,94.17
"early believe somebody",3,518557,94.17
"early childhood development",3,518560,94.17
"early high school",3,518563,94.17
"early morning headed",3,518566,94.17
"early morning light",3,518569,94.17
"early morning spring",3,518572,94.17
"early morning walk",3,518575,94.17
"early morning working",3,518578,94.17
"early need get",3,518581,94.17
"early rise early",3,518584,94.17
"early sat morning",3,518587,94.17
"early th birthday",3,518590,94.17
"early work today",3,518593,94.17
"earn money shorter",3,518596,94.17
"earth day park",3,518599,94.17
"earth day tonight",3,518602,94.17
"earth day year",3,518605,94.18
"easier pretend don",3,518608,94.18
"easily best new",3,518611,94.18
"east coast free",3,518614,94.18
"east main street",3,518617,94.18
"easter eggs want",3,518620,94.18
"eastern central time",3,518623,94.18
"easy act difficult",3,518626,94.18
"easy life pray",3,518629,94.18
"eat cake cake",3,518632,94.18
"eat don get",3,518635,94.18
"eat don wanna",3,518638,94.18
"eat healthy foods",3,518641,94.18
"eat like cold",3,518644,94.18
"eat spicy foods",3,518647,94.18
"eating food just",3,518650,94.18
"eating lean cuisine",3,518653,94.18
"eating potato chips",3,518656,94.18
"eating salads breakfast",3,518659,94.19
"ebay great place",3,518662,94.19
"ed hardy shirts",3,518665,94.19
"ed softball team",3,518668,94.19
"editorial assistant position",3,518671,94.19
"educate means buy",3,518674,94.19
"education man education",3,518677,94.19
"eggs want anyone",3,518680,94.19
"em knock em",3,518683,94.19
"em shine tonight",3,518686,94.19
"em way love",3,518689,94.19
"email address make",3,518692,94.19
"email address provided",3,518695,94.19
"email address way",3,518698,94.19
"email chance win",3,518701,94.19
"email mail dot",3,518704,94.19
"email packages major",3,518707,94.19
"email reserve spot",3,518710,94.19
"email subscribe subject",3,518713,94.19
"emma stone awesome",3,518716,94.2
"emotion big lie",3,518719,94.2
"employers don want",3,518722,94.2
"end bit heavy",3,518725,94.2
"end busy week",3,518728,94.2
"end day feel",3,518731,94.2
"end day says",3,518734,94.2
"end doing good",3,518737,94.2
"end going year",3,518740,94.2
"end long weekend",3,518743,94.2
"end memories last",3,518746,94.2
"end probably work",3,518749,94.2
"end rd bucks",3,518752,94.2
"end st half",3,518755,94.2
"ended years ago",3,518758,94.2
"ending long day",3,518761,94.2
"ending today visit",3,518764,94.2
"endorsement marriage equality",3,518767,94.2
"ends last night",3,518770,94.21
"ends letters mt",3,518773,94.21
"ends today pm",3,518776,94.21
"ends win battle",3,518779,94.21
"engagement last night",3,518782,94.21
"england general classic",3,518785,94.21
"english foreign language",3,518788,94.21
"enjoy day weekend",3,518791,94.21
"enjoy free food",3,518794,94.21
"enjoy free time",3,518797,94.21
"enjoy game bring",3,518800,94.21
"enjoy hockey games",3,518803,94.21
"enjoy last days",3,518806,94.21
"enjoy san diego",3,518809,94.21
"enjoy thanks visiting",3,518812,94.21
"enjoyed great lunch",3,518815,94.21
"enjoyed long weekend",3,518818,94.21
"enjoyed recent article",3,518821,94.21
"enjoying th july",3,518824,94.21
"enter gates thanksgiving",3,518827,94.22
"entire thing looks",3,518830,94.22
"entry level work",3,518833,94.22
"epa administrator lisa",3,518836,94.22
"episode full house",3,518839,94.22
"episode saved bell",3,518842,94.22
"episode season tonight",3,518845,94.22
"estate video distribution",3,518848,94.22
"et collaboration creating",3,518851,94.22
"evening reference shift",3,518854,94.22
"event feel free",3,518857,94.22
"event saturday night",3,518860,94.22
"events stay tuned",3,518863,94.22
"everybody blessed day",3,518866,94.22
"everybody does high",3,518869,94.22
"everybody just go",3,518872,94.22
"everybody knows people",3,518875,94.22
"everybody put hands",3,518878,94.22
"everybody seen think",3,518881,94.23
"everybody wants go",3,518884,94.23
"ex called ex",3,518887,94.23
"ex example future",3,518890,94.23
"ex make forget",3,518893,94.23
"exactly just don",3,518896,94.23
"exactly yrs ago",3,518899,94.23
"excited attend today",3,518902,94.23
"excited coming season",3,518905,94.23
"excited good things",3,518908,94.23
"excited guys hear",3,518911,94.23
"excited join team",3,518914,94.23
"excited new changes",3,518917,94.23
"excited new location",3,518920,94.23
"excited new work",3,518923,94.23
"excited new york",3,518926,94.23
"excited part twitter",3,518929,94.23
"excited senior year",3,518932,94.23
"excited share awesome",3,518935,94.24
"excited share stories",3,518938,94.24
"excited summer olympics",3,518941,94.24
"excited true blood",3,518944,94.24
"excited upcoming release",3,518947,94.24
"excited visit new",3,518950,94.24
"excited wait share",3,518953,94.24
"exciting final day",3,518956,94.24
"exclusive sales agreement",3,518959,94.24
"excuse go cry",3,518962,94.24
"exhausted good night",3,518965,94.24
"exhausted long day",3,518968,94.24
"experience necessary winning",3,518971,94.24
"experience tweet email",3,518974,94.24
"experience wisdom old",3,518977,94.24
"expert person made",3,518980,94.24
"explain friends don",3,518983,94.24
"extra eat madness",3,518986,94.24
"extra fly baby",3,518989,94.24
"extra hour daylight",3,518992,94.25
"extra mile crowded",3,518995,94.25
"extreme summer make",3,518998,94.25
"extremely happy thanks",3,519001,94.25
"extremely right think",3,519004,94.25
"eye eye ends",3,519007,94.25
"eyes dark hair",3,519010,94.25
"eyes lips hair",3,519013,94.25
"face deal life",3,519016,94.25
"face don think",3,519019,94.25
"facebook app sucks",3,519022,94.25
"facebook app thanks",3,519025,94.25
"facebook brand pages",3,519028,94.25
"facebook check www",3,519031,94.25
"facebook com love",3,519034,94.25
"facebook don know",3,519037,94.25
"facebook don use",3,519040,94.25
"facebook groups schools",3,519043,94.25
"facebook page click",3,519046,94.26
"facebook page fans",3,519049,94.26
"facebook page give",3,519052,94.26
"facebook page giving",3,519055,94.26
"facebook page liked",3,519058,94.26
"facebook page likes",3,519061,94.26
"facebook page pictures",3,519064,94.26
"facebook page post",3,519067,94.26
"facebook page tell",3,519070,94.26
"facebook page timeline",3,519073,94.26
"facebook page updates",3,519076,94.26
"facebook post new",3,519079,94.26
"facebook protest gov",3,519082,94.26
"facebook purchase instagram",3,519085,94.26
"facebook thinking don",3,519088,94.26
"facebook twitter friends",3,519091,94.26
"facebook twitter hours",3,519094,94.26
"facebook twitter linked",3,519097,94.26
"facebook went outside",3,519100,94.27
"fact certain things",3,519103,94.27
"fail best john",3,519106,94.27
"fail move home",3,519109,94.27
"fail realizing actually",3,519112,94.27
"failing plan planning",3,519115,94.27
"failures keep humble",3,519118,94.27
"fair take place",3,519121,94.27
"fair today stop",3,519124,94.27
"fake friends true",3,519127,94.27
"fall asleep bc",3,519130,94.27
"fall asleep guess",3,519133,94.27
"fall asleep last",3,519136,94.27
"fall asleep middle",3,519139,94.27
"fall asleep movie",3,519142,94.27
"fall asleep today",3,519145,94.27
"fall love girl",3,519148,94.27
"fall love person",3,519151,94.27
"fall love twice",3,519154,94.27
"falling asleep love",3,519157,94.28
"falling asleep reading",3,519160,94.28
"falling asleep sitting",3,519163,94.28
"falls line ball",3,519166,94.28
"family day acres",3,519169,94.28
"family day just",3,519172,94.28
"family follow family",3,519175,94.28
"family friends boyfriend",3,519178,94.28
"family friends colleagues",3,519181,94.28
"family friends hope",3,519184,94.28
"family friends music",3,519187,94.28
"family fun love",3,519190,94.28
"family happy mother",3,519193,94.28
"family place find",3,519196,94.28
"famous people just",3,519199,94.28
"fan lets go",3,519202,94.28
"fan new twitter",3,519205,94.28
"fan really good",3,519208,94.28
"fan think great",3,519211,94.29
"fancy car sing",3,519214,94.29
"fans best team",3,519217,94.29
"fans come visit",3,519220,94.29
"fans feel free",3,519223,94.29
"fans go hard",3,519226,94.29
"fans make feel",3,519229,94.29
"fans support follow",3,519232,94.29
"fantastic keep posted",3,519235,94.29
"far away check",3,519238,94.29
"far away take",3,519241,94.29
"far better follow",3,519244,94.29
"far favorite movie",3,519247,94.29
"far good day",3,519250,94.29
"far good getting",3,519253,94.29
"far hope tomorrow",3,519256,94.29
"far really interested",3,519259,94.29
"far today eaten",3,519262,94.29
"farmers market sat",3,519265,94.3
"fascinating panel discussion",3,519268,94.3
"fast hey lets",3,519271,94.3
"fast let know",3,519274,94.3
"fastest growing companies",3,519277,94.3
"father right usually",3,519280,94.3
"father used say",3,519283,94.3
"favor follow trying",3,519286,94.3
"favorite curse word",3,519289,94.3
"favorite italian restaurant",3,519292,94.3
"favorite line movie",3,519295,94.3
"favorite restaurant seattle",3,519298,94.3
"favorite romantic movie",3,519301,94.3
"favorite shows time",3,519304,94.3
"favorite singer documentary",3,519307,94.3
"favorite song get",3,519310,94.3
"favorite song playing",3,519313,94.3
"favorite song theirs",3,519316,94.3
"favorite tweets time",3,519319,94.3
"fbi wanted list",3,519322,94.31
"feature length film",3,519325,94.31
"featuring free deals",3,519328,94.31
"february stay tuned",3,519331,94.31
"feedback twitter facebook",3,519334,94.31
"feel bad anyone",3,519337,94.31
"feel bad boy",3,519340,94.31
"feel bad feel",3,519343,94.31
"feel bad good",3,519346,94.31
"feel bad got",3,519349,94.31
"feel bad taking",3,519352,94.31
"feel blessed right",3,519355,94.31
"feel butterflies stomach",3,519358,94.31
"feel free correct",3,519361,94.31
"feel free disagree",3,519364,94.31
"feel free jump",3,519367,94.31
"feel free mail",3,519370,94.31
"feel good bad",3,519373,94.31
"feel good bout",3,519376,94.32
"feel good need",3,519379,94.32
"feel good nice",3,519382,94.32
"feel good play",3,519385,94.32
"feel good way",3,519388,94.32
"feel know jim",3,519391,94.32
"feel like angel",3,519394,94.32
"feel like answering",3,519397,94.32
"feel like asking",3,519400,94.32
"feel like beating",3,519403,94.32
"feel like becoming",3,519406,94.32
"feel like brand",3,519409,94.32
"feel like bus",3,519412,94.32
"feel like buying",3,519415,94.32
"feel like car",3,519418,94.32
"feel like change",3,519421,94.32
"feel like country",3,519424,94.32
"feel like dropped",3,519427,94.32
"feel like earlier",3,519430,94.33
"feel like fan",3,519433,94.33
"feel like fell",3,519436,94.33
"feel like gets",3,519439,94.33
"feel like ha",3,519442,94.33
"feel like heading",3,519445,94.33
"feel like hiding",3,519448,94.33
"feel like important",3,519451,94.33
"feel like jimmy",3,519454,94.33
"feel like keep",3,519457,94.33
"feel like kids",3,519460,94.33
"feel like lbs",3,519463,94.33
"feel like north",3,519466,94.33
"feel like officially",3,519469,94.33
"feel like ordering",3,519472,94.33
"feel like parent",3,519475,94.33
"feel like pizza",3,519478,94.33
"feel like play",3,519481,94.33
"feel like pregnant",3,519484,94.33
"feel like riding",3,519487,94.34
"feel like sh",3,519490,94.34
"feel like supposed",3,519493,94.34
"feel like testing",3,519496,94.34
"feel like thank",3,519499,94.34
"feel like trapped",3,519502,94.34
"feel like tried",3,519505,94.34
"feel like truly",3,519508,94.34
"feel like wants",3,519511,94.34
"feel like warm",3,519514,94.34
"feel positive energy",3,519517,94.34
"feel way bout",3,519520,94.34
"feel way really",3,519523,94.34
"feel way true",3,519526,94.34
"feeling better twitter",3,519529,94.34
"feeling bit like",3,519532,94.34
"feeling good gonna",3,519535,94.34
"feeling good great",3,519538,94.34
"feeling good looking",3,519541,94.35
"feeling good week",3,519544,94.35
"feeling like champion",3,519547,94.35
"feeling like day",3,519550,94.35
"feeling like just",3,519553,94.35
"feeling like man",3,519556,94.35
"feeling like winner",3,519559,94.35
"feeling lucky today",3,519562,94.35
"feeling right just",3,519565,94.35
"feeling tonight going",3,519568,94.35
"feeling warm fuzzy",3,519571,94.35
"feelings come go",3,519574,94.35
"feels far away",3,519577,94.35
"feels good big",3,519580,94.35
"feels good day",3,519583,94.35
"feels good finish",3,519586,94.35
"feels good school",3,519589,94.35
"feels good ur",3,519592,94.35
"feels good want",3,519595,94.35
"feet hurt heels",3,519598,94.36
"feet light path",3,519601,94.36
"feet new snow",3,519604,94.36
"fell asleep go",3,519607,94.36
"fell asleep phone",3,519610,94.36
"fell asleep tired",3,519613,94.36
"fell asleep way",3,519616,94.36
"fell slipped proverb",3,519619,94.36
"fellow huge fan",3,519622,94.36
"felt great high",3,519625,94.36
"felt like bad",3,519628,94.36
"felt like forever",3,519631,94.36
"felt like left",3,519634,94.36
"felt like like",3,519637,94.36
"felt like yesterday",3,519640,94.36
"felt new text",3,519643,94.36
"felt way did",3,519646,94.36
"fest st commerce",3,519649,94.36
"fest time bought",3,519652,94.37
"festival colorado springs",3,519655,94.37
"festival wait year",3,519658,94.37
"fiber makes sad",3,519661,94.37
"field day got",3,519664,94.37
"fifty shades darker",3,519667,94.37
"fifty shades gray",3,519670,94.37
"fighting world hunger",3,519673,94.37
"figures month year",3,519676,94.37
"fill paper heart",3,519679,94.37
"film business proposal",3,519682,94.37
"film edit short",3,519685,94.37
"film festival opening",3,519688,94.37
"film festival opens",3,519691,94.37
"film festival premiere",3,519694,94.37
"film festival starts",3,519697,94.37
"filter www amazon",3,519700,94.37
"final championship game",3,519703,94.37
"final trailer days",3,519706,94.38
"finally gave got",3,519709,94.38
"finally get hair",3,519712,94.38
"finally get new",3,519715,94.38
"finally getting bed",3,519718,94.38
"finally getting good",3,519721,94.38
"finally got acceptance",3,519724,94.38
"finally got hang",3,519727,94.38
"finally got ipod",3,519730,94.38
"finally got laptop",3,519733,94.38
"finally got license",3,519736,94.38
"finally got profile",3,519739,94.38
"finally got real",3,519742,94.38
"finally got ride",3,519745,94.38
"finally joined world",3,519748,94.38
"finally put face",3,519751,94.38
"finally san diego",3,519754,94.38
"finally started using",3,519757,94.38
"finally went sleep",3,519760,94.38
"financial management solution",3,519763,94.39
"financial stability agreement",3,519766,94.39
"find anyone copy",3,519769,94.39
"find author unknown",3,519772,94.39
"find cool place",3,519775,94.39
"find creative ways",3,519778,94.39
"find george moore",3,519781,94.39
"find get new",3,519784,94.39
"find girl willing",3,519787,94.39
"find hard way",3,519790,94.39
"find hold motivate",3,519793,94.39
"find info online",3,519796,94.39
"find interesting people",3,519799,94.39
"find own way",3,519802,94.39
"find perfect pair",3,519805,94.39
"find really cool",3,519808,94.39
"find reason use",3,519811,94.39
"find throw random",3,519814,94.39
"find twitter app",3,519817,94.4
"find way accomplish",3,519820,94.4
"find ways reduce",3,519823,94.4
"fine arts building",3,519826,94.4
"finger nail polish",3,519829,94.4
"fingers crossed just",3,519832,94.4
"fingers crossed toes",3,519835,94.4
"fingers running spine",3,519838,94.4
"finish research paper",3,519841,94.4
"finish senior year",3,519844,94.4
"finish work day",3,519847,94.4
"finished great day",3,519850,94.4
"finished product today",3,519853,94.4
"finished rough draft",3,519856,94.4
"finished taking shower",3,519859,94.4
"finished writing last",3,519862,94.4
"fired enthusiasm fired",3,519865,94.4
"fish chips beer",3,519868,94.4
"fitness ability experience",3,519871,94.41
"fitness fountain tonight",3,519874,94.41
"fitness weight loss",3,519877,94.41
"fix coming soon",3,519880,94.41
"fix say tried",3,519883,94.41
"fixed thanks heads",3,519886,94.41
"fl available customer",3,519889,94.41
"fl residents non",3,519892,94.41
"fl th december",3,519895,94.41
"flag football game",3,519898,94.41
"flash based site",3,519901,94.41
"flat tire today",3,519904,94.41
"flavored potato chips",3,519907,94.41
"flea market weekend",3,519910,94.41
"flight info boys",3,519913,94.41
"flip phone get",3,519916,94.41
"florida georgia line",3,519919,94.41
"florida state fair",3,519922,94.41
"florida winter tour",3,519925,94.41
"flowers candy jewelry",3,519928,94.42
"fly come get",3,519931,94.42
"fly give things",3,519934,94.42
"fly san francisco",3,519937,94.42
"focus group participants",3,519940,94.42
"focus last weeks",3,519943,94.42
"fold put pocket",3,519946,94.42
"folks just got",3,519949,94.42
"follow band members",3,519952,94.42
"follow biggest dream",3,519955,94.42
"follow biggest inspiration",3,519958,94.42
"follow both love",3,519961,94.42
"follow brand new",3,519964,94.42
"follow btw love",3,519967,94.42
"follow cool peeps",3,519970,94.42
"follow exclusive content",3,519973,94.42
"follow fellow filmmaker",3,519976,94.42
"follow find film",3,519979,94.42
"follow find latest",3,519982,94.43
"follow get ready",3,519985,94.43
"follow give number",3,519988,94.43
"follow glad connect",3,519991,94.43
"follow got interesting",3,519994,94.43
"follow great info",3,519997,94.43
"follow great website",3,520000,94.43
"follow heart heart",3,520003,94.43
"follow hope visit",3,520006,94.43
"follow info says",3,520009,94.43
"follow join conversation",3,520012,94.43
"follow miss pink",3,520015,94.43
"follow music fantastic",3,520018,94.43
"follow new friends",3,520021,94.43
"follow official account",3,520024,94.43
"follow pretty awesome",3,520027,94.43
"follow pretty chill",3,520030,94.43
"follow reply thanks",3,520033,94.43
"follow secret plan",3,520036,94.44
"follow shes best",3,520039,94.44
"follow soon twitter",3,520042,94.44
"follow sorry took",3,520045,94.44
"follow trying reach",3,520048,94.44
"follow twitter com",3,520051,94.44
"follow twitter meet",3,520054,94.44
"follow twitter real",3,520057,94.44
"follow wait connect",3,520060,94.44
"followed just made",3,520063,94.44
"followed long time",3,520066,94.44
"followers happy new",3,520069,94.44
"followers hit mark",3,520072,94.44
"followers just tell",3,520075,94.44
"followers just want",3,520078,94.44
"followers let keep",3,520081,94.44
"followers let make",3,520084,94.44
"followers somebody help",3,520087,94.44
"followers spreading word",3,520090,94.44
"following don follow",3,520093,94.45
"following follow soon",3,520096,94.45
"following follow stay",3,520099,94.45
"following get follow",3,520102,94.45
"following hit follow",3,520105,94.45
"following just taking",3,520108,94.45
"following limit soon",3,520111,94.45
"following nice website",3,520114,94.45
"following passing grade",3,520117,94.45
"food allergy alert",3,520120,94.45
"food allergy mom",3,520123,94.45
"food clothing shelter",3,520126,94.45
"food deliver look",3,520129,94.45
"food food family",3,520132,94.45
"food high fiber",3,520135,94.45
"food like use",3,520138,94.45
"food make cry",3,520141,94.45
"fool minutes does",3,520144,94.45
"fools wisdom instruction",3,520147,94.46
"football players just",3,520150,94.46
"foreign global weeks",3,520153,94.46
"foreign language film",3,520156,94.46
"forget bring towel",3,520159,94.46
"forget come today",3,520162,94.46
"forget get free",3,520165,94.46
"forget half price",3,520168,94.46
"forget like forget",3,520171,94.46
"forget love really",3,520174,94.46
"forget purchase tickets",3,520177,94.46
"forget reasons won",3,520180,94.46
"forget say hi",3,520183,94.46
"forget tell ur",3,520186,94.46
"forget watch pretty",3,520189,94.46
"forgive forgiveness strong",3,520192,94.46
"forgot add hashtag",3,520195,94.46
"forgot take picture",3,520198,94.46
"forgot tweet busy",3,520201,94.47
"forgot tweet happy",3,520204,94.47
"forgot twitter account",3,520207,94.47
"fort wayne indiana",3,520210,94.47
"fortune love favor",3,520213,94.47
"forward checking new",3,520216,94.47
"forward drive home",3,520219,94.47
"forward event tonight",3,520222,94.47
"forward going great",3,520225,94.47
"forward going school",3,520228,94.47
"forward hanging tonight",3,520231,94.47
"forward hearing tomorrow",3,520234,94.47
"forward making new",3,520237,94.47
"forward meeting love",3,520240,94.47
"forward meeting nyc",3,520243,94.47
"forward meeting tuesday",3,520246,94.47
"forward sharing stage",3,520249,94.47
"forward tweeting thanks",3,520252,94.47
"forward tweets home",3,520255,94.47
"forward watching play",3,520258,94.48
"forward week ahead",3,520261,94.48
"found good way",3,520264,94.48
"found gray hair",3,520267,94.48
"found greatest love",3,520270,94.48
"found way combine",3,520273,94.48
"foundation doing amazing",3,520276,94.48
"founders day brothers",3,520279,94.48
"fox local news",3,520282,94.48
"fox news don",3,520285,94.48
"fox news people",3,520288,94.48
"fox news really",3,520291,94.48
"fox sports network",3,520294,94.48
"france half year",3,520297,94.48
"francisco san jose",3,520300,94.48
"frank ocean just",3,520303,94.48
"freaking don know",3,520306,94.48
"free ask anything",3,520309,94.48
"free ask away",3,520312,94.49
"free commercial class",3,520315,94.49
"free cover drinks",3,520318,94.49
"free cover tonight",3,520321,94.49
"free delivery order",3,520324,94.49
"free general admission",3,520327,94.49
"free http www",3,520330,94.49
"free ipad app",3,520333,94.49
"free ipad tonight",3,520336,94.49
"free job board",3,520339,94.49
"free like facebook",3,520342,94.49
"free limited time",3,520345,94.49
"free logo design",3,520348,94.49
"free month membership",3,520351,94.49
"free natural health",3,520354,94.49
"free online tool",3,520357,94.49
"free parking drinks",3,520360,94.49
"free pm today",3,520363,94.49
"free portrait session",3,520366,94.49
"free rest week",3,520369,94.5
"free share own",3,520372,94.5
"free shuttle mu",3,520375,94.5
"free soy free",3,520378,94.5
"free spa treatment",3,520381,94.5
"free spicy chicken",3,520384,94.5
"free till pm",3,520387,94.5
"free use promo",3,520390,94.5
"free yummy must",3,520393,94.5
"freedom just word",3,520396,94.5
"freedom justice honor",3,520399,94.5
"freezing cold outside",3,520402,94.5
"fresh baked cookie",3,520405,94.5
"fresh breath healthy",3,520408,94.5
"fresh fly high",3,520411,94.5
"fresh pressed juice",3,520414,94.5
"fresh start fresh",3,520417,94.5
"fresh super sticky",3,520420,94.5
"fresh young ceo",3,520423,94.51
"fri feb th",3,520426,94.51
"friday did week",3,520429,94.51
"friday going amazing",3,520432,94.51
"friday good news",3,520435,94.51
"friday good people",3,520438,94.51
"friday july nd",3,520441,94.51
"friday new orleans",3,520444,94.51
"friday party foul",3,520447,94.51
"friday reading weekend",3,520450,94.51
"friday realizing wednesday",3,520453,94.51
"friday spread love",3,520456,94.51
"friday th friday",3,520459,94.51
"friday th saturday",3,520462,94.51
"fried egg fried",3,520465,94.51
"fried rice today",3,520468,94.51
"friend boy friend",3,520471,94.51
"friend fell river",3,520474,94.51
"friend knows best",3,520477,94.52
"friend loves watching",3,520480,94.52
"friend martin luther",3,520483,94.52
"friend said onions",3,520486,94.52
"friend twitter follow",3,520489,94.52
"friend wants know",3,520492,94.52
"friend world love",3,520495,94.52
"friends bunch fake",3,520498,94.52
"friends enjoy holiday",3,520501,94.52
"friends facebook updates",3,520504,94.52
"friends family discount",3,520507,94.52
"friends family health",3,520510,94.52
"friends family time",3,520513,94.52
"friends fans followers",3,520516,94.52
"friends gives lovely",3,520519,94.52
"friends going get",3,520522,94.52
"friends got love",3,520525,94.52
"friends happy birthday",3,520528,94.52
"friends help make",3,520531,94.52
"friends help move",3,520534,94.53
"friends henderson libraries",3,520537,94.53
"friends house just",3,520540,94.53
"friends ice cream",3,520543,94.53
"friends people don",3,520546,94.53
"friends study abroad",3,520549,94.53
"friends young artists",3,520552,94.53
"friendship way street",3,520555,94.53
"fries taste better",3,520558,94.53
"frustrated short range",3,520561,94.53
"ft pacific beach",3,520564,94.53
"full body workouts",3,520567,94.53
"full both sides",3,520570,94.53
"full circle studios",3,520573,94.53
"full conference pass",3,520576,94.53
"full english breakfast",3,520579,94.53
"full length albums",3,520582,94.53
"full length mirror",3,520585,94.53
"full part time",3,520588,94.54
"full people love",3,520591,94.54
"full rocks steve",3,520594,94.54
"full roman want",3,520597,94.54
"full time income",3,520600,94.54
"full time know",3,520603,94.54
"fully prepared backup",3,520606,94.54
"fun day office",3,520609,94.54
"fun fact did",3,520612,94.54
"fun fact home",3,520615,94.54
"fun family friends",3,520618,94.54
"fun family today",3,520621,94.54
"fun going home",3,520624,94.54
"fun going weekend",3,520627,94.54
"fun hope doing",3,520630,94.54
"fun hope great",3,520633,94.54
"fun learned lot",3,520636,94.54
"fun learned ton",3,520639,94.54
"fun playing hide",3,520642,94.55
"fun playing video",3,520645,94.55
"fun random night",3,520648,94.55
"fun things planned",3,520651,94.55
"fun wednesday night",3,520654,94.55
"fun west coast",3,520657,94.55
"fun work today",3,520660,94.55
"funk fest jacksonville",3,520663,94.55
"funny funny funny",3,520666,94.55
"funny good luck",3,520669,94.55
"funny right don",3,520672,94.55
"funny way showing",3,520675,94.55
"furniture polish made",3,520678,94.55
"fusion impact arts",3,520681,94.55
"fyi anyone following",3,520684,94.55
"gain followers fast",3,520687,94.55
"game better team",3,520690,94.55
"game did watch",3,520693,94.55
"game end season",3,520696,94.55
"game far season",3,520699,94.56
"game getting little",3,520702,94.56
"game need go",3,520705,94.56
"game social media",3,520708,94.56
"game team goes",3,520711,94.56
"game th quarter",3,520714,94.56
"game thrones game",3,520717,94.56
"game thrones marathon",3,520720,94.56
"game thrones starting",3,520723,94.56
"game today get",3,520726,94.56
"game today lets",3,520729,94.56
"game today love",3,520732,94.56
"game today really",3,520735,94.56
"game tomorrow go",3,520738,94.56
"game tomorrow wait",3,520741,94.56
"game tonight bulls",3,520744,94.56
"game tonight devils",3,520747,94.56
"game tonight lets",3,520750,94.56
"game tonight man",3,520753,94.57
"game tonight team",3,520756,94.57
"game united center",3,520759,94.57
"game wed night",3,520762,94.57
"game years made",3,520765,94.57
"games going weekend",3,520768,94.57
"games intentionally throwing",3,520771,94.57
"games nba players",3,520774,94.57
"games opening night",3,520777,94.57
"games smart players",3,520780,94.57
"games social networks",3,520783,94.57
"garage sale tomorrow",3,520786,94.57
"garlic cream sauce",3,520789,94.57
"gave birth son",3,520792,94.57
"gave dreams talk",3,520795,94.57
"gave game away",3,520798,94.57
"gave holidays henry",3,520801,94.57
"gear great deals",3,520804,94.57
"general gal tale",3,520807,94.58
"generally people hunger",3,520810,94.58
"generating high pr",3,520813,94.58
"generation needs new",3,520816,94.58
"genius does must",3,520819,94.58
"genius good leader",3,520822,94.58
"gentleman make gets",3,520825,94.58
"george bush says",3,520828,94.58
"george dj beautiful",3,520831,94.58
"germany just saw",3,520834,94.58
"get amazing shape",3,520837,94.58
"get annual conference",3,520840,94.58
"get anymore just",3,520843,94.58
"get called tomorrow",3,520846,94.58
"get camera time",3,520849,94.58
"get caught don",3,520852,94.58
"get caught traffic",3,520855,94.58
"get chance introduce",3,520858,94.58
"get chance run",3,520861,94.58
"get chance sign",3,520864,94.59
"get chance want",3,520867,94.59
"get chores done",3,520870,94.59
"get cotton candy",3,520873,94.59
"get cross cow",3,520876,94.59
"get da crib",3,520879,94.59
"get dave gardner",3,520882,94.59
"get day make",3,520885,94.59
"get done afternoon",3,520888,94.59
"get done early",3,520891,94.59
"get done fun",3,520894,94.59
"get done watch",3,520897,94.59
"get double play",3,520900,94.59
"get early good",3,520903,94.59
"get early tonight",3,520906,94.59
"get em baby",3,520909,94.59
"get em gone",3,520912,94.59
"get em good",3,520915,94.59
"get em today",3,520918,94.6
"get excited start",3,520921,94.6
"get fast food",3,520924,94.6
"get favorite people",3,520927,94.6
"get favorite player",3,520930,94.6
"get feel alright",3,520933,94.6
"get fit free",3,520936,94.6
"get follow get",3,520939,94.6
"get follow maybe",3,520942,94.6
"get follow notice",3,520945,94.6
"get follow oh",3,520948,94.6
"get follow pretty",3,520951,94.6
"get follow reply",3,520954,94.6
"get follow right",3,520957,94.6
"get followers away",3,520960,94.6
"get followers day",3,520963,94.6
"get followers mean",3,520966,94.6
"get followers need",3,520969,94.6
"get followers want",3,520972,94.61
"get genuinely excited",3,520975,94.61
"get get car",3,520978,94.61
"get get doing",3,520981,94.61
"get get text",3,520984,94.61
"get get way",3,520987,94.61
"get go dad",3,520990,94.61
"get go tonight",3,520993,94.61
"get go week",3,520996,94.61
"get go white",3,520999,94.61
"get going just",3,521002,94.61
"get going tomorrow",3,521005,94.61
"get good business",3,521008,94.61
"get good buzz",3,521011,94.61
"get good day",3,521014,94.61
"get good hours",3,521017,94.61
"get good ideas",3,521020,94.61
"get good just",3,521023,94.61
"get hope good",3,521026,94.61
"get hours week",3,521029,94.62
"get information work",3,521032,94.62
"get involved email",3,521035,94.62
"get job love",3,521038,94.62
"get job save",3,521041,94.62
"get just prayed",3,521044,94.62
"get just say",3,521047,94.62
"get just take",3,521050,94.62
"get just thinking",3,521053,94.62
"get just wanted",3,521056,94.62
"get just watch",3,521059,94.62
"get keep moving",3,521062,94.62
"get keep posted",3,521065,94.62
"get know doing",3,521068,94.62
"get know em",3,521071,94.62
"get know go",3,521074,94.62
"get know learn",3,521077,94.62
"get later tonight",3,521080,94.62
"get later week",3,521083,94.63
"get latest information",3,521086,94.63
"get legal documents",3,521089,94.63
"get license renewed",3,521092,94.63
"get life hang",3,521095,94.63
"get life hope",3,521098,94.63
"get likes picture",3,521101,94.63
"get likes share",3,521104,94.63
"get link sent",3,521107,94.63
"get look forward",3,521110,94.63
"get lots people",3,521113,94.63
"get loud people",3,521116,94.63
"get lunch got",3,521119,94.63
"get mailing list",3,521122,94.63
"get mario williams",3,521125,94.63
"get married go",3,521128,94.63
"get married years",3,521131,94.63
"get million dollar",3,521134,94.63
"get money people",3,521137,94.64
"get money trying",3,521140,94.64
"get motivated work",3,521143,94.64
"get nd half",3,521146,94.64
"get new business",3,521149,94.64
"get new contract",3,521152,94.64
"get new just",3,521155,94.64
"get new outfit",3,521158,94.64
"get new tomorrow",3,521161,94.64
"get paid salary",3,521164,94.64
"get paid take",3,521167,94.64
"get paid working",3,521170,94.64
"get people love",3,521173,94.64
"get people work",3,521176,94.64
"get person follow",3,521179,94.64
"get photo taken",3,521182,94.64
"get physical free",3,521185,94.64
"get played like",3,521188,94.64
"get rd free",3,521191,94.64
"get real go",3,521194,94.65
"get real tv",3,521197,94.65
"get regular basis",3,521200,94.65
"get reply boston",3,521203,94.65
"get rid anger",3,521206,94.65
"get right need",3,521209,94.65
"get right oprah",3,521212,94.65
"get right thing",3,521215,94.65
"get scared easily",3,521218,94.65
"get service hours",3,521221,94.65
"get sheet paper",3,521224,94.65
"get shirts printed",3,521227,94.65
"get shout outs",3,521230,94.65
"get shower cause",3,521233,94.65
"get shower turn",3,521236,94.65
"get site running",3,521239,94.65
"get sleep early",3,521242,94.65
"get sleep today",3,521245,94.65
"get song tonight",3,521248,94.66
"get soon tho",3,521251,94.66
"get st century",3,521254,94.66
"get st taste",3,521257,94.66
"get start filming",3,521260,94.66
"get start weekend",3,521263,94.66
"get started using",3,521266,94.66
"get stay tuned",3,521269,94.66
"get stop talking",3,521272,94.66
"get super hot",3,521275,94.66
"get sweet deal",3,521278,94.66
"get swept away",3,521281,94.66
"get taste mouth",3,521284,94.66
"get think like",3,521287,94.66
"get think need",3,521290,94.66
"get tickets love",3,521293,94.66
"get tickets sell",3,521296,94.66
"get time get",3,521299,94.66
"get time just",3,521302,94.66
"get time read",3,521305,94.67
"get time relax",3,521308,94.67
"get today special",3,521311,94.67
"get today tomorrow",3,521314,94.67
"get tony parker",3,521317,94.67
"get try get",3,521320,94.67
"get turn volume",3,521323,94.67
"get twitter act",3,521326,94.67
"get twitter anymore",3,521329,94.67
"get twitter night",3,521332,94.67
"get twitter trying",3,521335,94.67
"get ur family",3,521338,94.67
"get used people",3,521341,94.67
"get used weather",3,521344,94.67
"get wait get",3,521347,94.67
"get want need",3,521350,94.67
"get way know",3,521353,94.67
"get way making",3,521356,94.67
"get way weekend",3,521359,94.68
"get weeks free",3,521362,94.68
"get wit da",3,521365,94.68
"gets feel like",3,521368,94.68
"gets information day",3,521371,94.68
"gets really excited",3,521374,94.68
"gets things done",3,521377,94.68
"getting anytime soon",3,521380,94.68
"getting better age",3,521383,94.68
"getting better minute",3,521386,94.68
"getting better today",3,521389,94.68
"getting booth ready",3,521392,94.68
"getting cold outside",3,521395,94.68
"getting excited launch",3,521398,94.68
"getting eyebrows done",3,521401,94.68
"getting family friends",3,521404,94.68
"getting homework done",3,521407,94.68
"getting just standing",3,521410,94.68
"getting last night",3,521413,94.69
"getting last weeks",3,521416,94.69
"getting love today",3,521419,94.69
"getting media attention",3,521422,94.69
"getting new things",3,521425,94.69
"getting new tomorrow",3,521428,94.69
"getting new website",3,521431,94.69
"getting old man",3,521434,94.69
"getting old self",3,521437,94.69
"getting people follow",3,521440,94.69
"getting people want",3,521443,94.69
"getting server error",3,521446,94.69
"getting super bowl",3,521449,94.69
"giant chocolate chip",3,521452,94.69
"giant cup coffee",3,521455,94.69
"gift become gift",3,521458,94.69
"gift card contest",3,521461,94.69
"gift card followers",3,521464,94.69
"gift card love",3,521467,94.69
"gift card massage",3,521470,94.7
"gift card new",3,521473,94.7
"gift card prizes",3,521476,94.7
"gift card sign",3,521479,94.7
"gift card thanks",3,521482,94.7
"gift give kids",3,521485,94.7
"girl bad girl",3,521488,94.7
"girl boy love",3,521491,94.7
"girl come gets",3,521494,94.7
"girl day get",3,521497,94.7
"girl girl put",3,521500,94.7
"girl gonna get",3,521503,94.7
"girl good morning",3,521506,94.7
"girl gotta ask",3,521509,94.7
"girl great day",3,521512,94.7
"girl hope doing",3,521515,94.7
"girl knows limits",3,521518,94.7
"girl let go",3,521521,94.7
"girl make guy",3,521524,94.71
"girl make sure",3,521527,94.71
"girl need hang",3,521530,94.71
"girl really like",3,521533,94.71
"girl right look",3,521536,94.71
"girl says cold",3,521539,94.71
"girl tell said",3,521542,94.71
"girl think like",3,521545,94.71
"girl used talk",3,521548,94.71
"girl want boyfriend",3,521551,94.71
"girl want know",3,521554,94.71
"girl wants get",3,521557,94.71
"girl wants go",3,521560,94.71
"girl wide world",3,521563,94.71
"girl willing go",3,521566,94.71
"girlfriend just broke",3,521569,94.71
"give anything make",3,521572,94.71
"give anything want",3,521575,94.71
"give away iphone",3,521578,94.72
"give away week",3,521581,94.72
"give date time",3,521584,94.72
"give forever touch",3,521587,94.72
"give go go",3,521590,94.72
"give kids teach",3,521593,94.72
"give mind body",3,521596,94.72
"give mixed signals",3,521599,94.72
"give plenty time",3,521602,94.72
"give presents kids",3,521605,94.72
"give shade old",3,521608,94.72
"give shout followers",3,521611,94.72
"give shout let",3,521614,94.72
"give special thanks",3,521617,94.72
"give strength body",3,521620,94.72
"give want big",3,521623,94.72
"give world best",3,521626,94.72
"give yr old",3,521629,94.72
"giveaway www com",3,521632,94.72
"giving away drinks",3,521635,94.73
"giving away music",3,521638,94.73
"giving away worth",3,521641,94.73
"giving love love",3,521644,94.73
"giving man opportunity",3,521647,94.73
"giving sneak peak",3,521650,94.73
"glad enjoyed dinner",3,521653,94.73
"glad enjoyed good",3,521656,94.73
"glad enjoyed panel",3,521659,94.73
"glad enjoyed sorry",3,521662,94.73
"glad enjoyed today",3,521665,94.73
"glad following keep",3,521668,94.73
"glad fun love",3,521671,94.73
"glad got cleared",3,521674,94.73
"glad got ur",3,521677,94.73
"glad hear favorite",3,521680,94.73
"glad hear haven",3,521683,94.73
"glad hear man",3,521686,94.73
"glad hear say",3,521689,94.74
"glad kind beauty",3,521692,94.74
"glad like book",3,521695,94.74
"glad like don",3,521698,94.74
"glad like post",3,521701,94.74
"glad like tunes",3,521704,94.74
"glad liked big",3,521707,94.74
"glad liked song",3,521710,94.74
"glad liked today",3,521713,94.74
"glad share similar",3,521716,94.74
"glass free zone",3,521719,94.74
"glass iced tea",3,521722,94.74
"glorious sunny day",3,521725,94.74
"gm win streak",3,521728,94.74
"go ahead end",3,521731,94.74
"go ahead like",3,521734,94.74
"go ahead marry",3,521737,94.74
"go ahead wait",3,521740,94.74
"go away go",3,521743,94.75
"go away hate",3,521746,94.75
"go away let",3,521749,94.75
"go away school",3,521752,94.75
"go ball state",3,521755,94.75
"go beat heat",3,521758,94.75
"go better get",3,521761,94.75
"go better soup",3,521764,94.75
"go brighter sun",3,521767,94.75
"go bring home",3,521770,94.75
"go camping weekend",3,521773,94.75
"go catch hung",3,521776,94.75
"go change things",3,521779,94.75
"go check mail",3,521782,94.75
"go check thanks",3,521785,94.75
"go check tonight",3,521788,94.75
"go cheesecake factory",3,521791,94.75
"go download new",3,521794,94.75
"go downstairs get",3,521797,94.75
"go drink bottle",3,521800,94.76
"go enjoy nice",3,521803,94.76
"go go let",3,521806,94.76
"go go love",3,521809,94.76
"go gonna go",3,521812,94.76
"go gotta work",3,521815,94.76
"go hard concrete",3,521818,94.76
"go hard everyday",3,521821,94.76
"go hard tonight",3,521824,94.76
"go hard wait",3,521827,94.76
"go head go",3,521830,94.76
"go hip hop",3,521833,94.76
"go hit starbucks",3,521836,94.76
"go hours away",3,521839,94.76
"go hurts held",3,521842,94.76
"go lake need",3,521845,94.76
"go like did",3,521848,94.76
"go like minutes",3,521851,94.76
"go looking good",3,521854,94.77
"go looks good",3,521857,94.77
"go magic kingdom",3,521860,94.77
"go mall go",3,521863,94.77
"go meet greet",3,521866,94.77
"go need know",3,521869,94.77
"go need let",3,521872,94.77
"go old oliver",3,521875,94.77
"go online miss",3,521878,94.77
"go page look",3,521881,94.77
"go profile like",3,521884,94.77
"go prom anymore",3,521887,94.77
"go prove wrong",3,521890,94.77
"go put work",3,521893,94.77
"go real relationships",3,521896,94.77
"go really fast",3,521899,94.77
"go red health",3,521902,94.77
"go school does",3,521905,94.77
"go store today",3,521908,94.78
"go studio tomorrow",3,521911,94.78
"go swimming dolphins",3,521914,94.78
"go talk tomorrow",3,521917,94.78
"go try clean",3,521920,94.78
"go ur messages",3,521923,94.78
"go ur own",3,521926,94.78
"go vegas birthday",3,521929,94.78
"go waste time",3,521932,94.78
"go way life",3,521935,94.78
"go way make",3,521938,94.78
"go work hours",3,521941,94.78
"go www info",3,521944,94.78
"go youtube video",3,521947,94.78
"goal man city",3,521950,94.78
"goal power play",3,521953,94.78
"goes away go",3,521956,94.78
"goes forever party",3,521959,94.78
"goes way go",3,521962,94.78
"going beautiful bride",3,521965,94.79
"going beautiful week",3,521968,94.79
"going bed going",3,521971,94.79
"going bed great",3,521974,94.79
"going bed later",3,521977,94.79
"going bed room",3,521980,94.79
"going bed text",3,521983,94.79
"going bed till",3,521986,94.79
"going bed time",3,521989,94.79
"going better day",3,521992,94.79
"going cd release",3,521995,94.79
"going constantly greater",3,521998,94.79
"going continue doing",3,522001,94.79
"going crazy get",3,522004,94.79
"going crazy love",3,522007,94.79
"going days maybe",3,522010,94.79
"going enjoy watching",3,522013,94.79
"going epic weekend",3,522016,94.79
"going final destination",3,522019,94.8
"going food truck",3,522022,94.8
"going girl dragon",3,522025,94.8
"going go avengers",3,522028,94.8
"going go celebrate",3,522031,94.8
"going go finish",3,522034,94.8
"going go friday",3,522037,94.8
"going go hours",3,522040,94.8
"going go lunch",3,522043,94.8
"going go pick",3,522046,94.8
"going go week",3,522049,94.8
"going gonna lose",3,522052,94.8
"going good looks",3,522055,94.8
"going good thanks",3,522058,94.8
"going great business",3,522061,94.8
"going great evening",3,522064,94.8
"going great friday",3,522067,94.8
"going great new",3,522070,94.8
"going haunted house",3,522073,94.8
"going home eat",3,522076,94.81
"going home thanksgiving",3,522079,94.81
"going home time",3,522082,94.81
"going hope good",3,522085,94.81
"going hope things",3,522088,94.81
"going hour late",3,522091,94.81
"going la weekend",3,522094,94.81
"going last season",3,522097,94.81
"going later tonight",3,522100,94.81
"going lie pretty",3,522103,94.81
"going listen song",3,522106,94.81
"going lovely day",3,522109,94.81
"going make effort",3,522112,94.81
"going make game",3,522115,94.81
"going make play",3,522118,94.81
"going make tea",3,522121,94.81
"going make tonight",3,522124,94.81
"going mall tomorrow",3,522127,94.81
"going marry night",3,522130,94.82
"going meet greet",3,522133,94.82
"going michigan weekend",3,522136,94.82
"going miss best",3,522139,94.82
"going miss don",3,522142,94.82
"going miss game",3,522145,94.82
"going miss go",3,522148,94.82
"going miss having",3,522151,94.82
"going miss wish",3,522154,94.82
"going non stop",3,522157,94.82
"going nyc soon",3,522160,94.82
"going ok just",3,522163,94.82
"going outside right",3,522166,94.82
"going park today",3,522169,94.82
"going party later",3,522172,94.82
"going pay attention",3,522175,94.82
"going pay bills",3,522178,94.82
"going pick new",3,522181,94.82
"going reds game",3,522184,94.83
"going school like",3,522187,94.83
"going sleep love",3,522190,94.83
"going sleep sweet",3,522193,94.83
"going start coming",3,522196,94.83
"going start line",3,522199,94.83
"going start studying",3,522202,94.83
"going straight bed",3,522205,94.83
"going studio today",3,522208,94.83
"going take far",3,522211,94.83
"going take game",3,522214,94.83
"going take going",3,522217,94.83
"going thing right",3,522220,94.83
"going throw party",3,522223,94.83
"going today make",3,522226,94.83
"going today pm",3,522229,94.83
"going tonight come",3,522232,94.83
"going tonight st",3,522235,94.83
"going tonight want",3,522238,94.83
"going tour just",3,522241,94.84
"going try post",3,522244,94.84
"going try write",3,522247,94.84
"going twitter right",3,522250,94.84
"going watch idol",3,522253,94.84
"going watch min",3,522256,94.84
"going win just",3,522259,94.84
"going win year",3,522262,94.84
"going write article",3,522265,94.84
"going write blog",3,522268,94.84
"gold does glitter",3,522271,94.84
"gold silver articles",3,522274,94.84
"gold silver bronze",3,522277,94.84
"golden globe awards",3,522280,94.84
"gone bad gone",3,522283,94.84
"gone go get",3,522286,94.84
"gone good time",3,522289,94.84
"gone make happen",3,522292,94.84
"gone miles minutes",3,522295,94.85
"gone realize miss",3,522298,94.85
"gone say names",3,522301,94.85
"gone soon rip",3,522304,94.85
"gonna best friend",3,522307,94.85
"gonna end today",3,522310,94.85
"gonna follow just",3,522313,94.85
"gonna follow like",3,522316,94.85
"gonna good way",3,522319,94.85
"gonna hang friends",3,522322,94.85
"gonna hot day",3,522325,94.85
"gonna just like",3,522328,94.85
"gonna know gonna",3,522331,94.85
"gonna learn play",3,522334,94.85
"gonna live dream",3,522337,94.85
"gonna lose series",3,522340,94.85
"gonna make come",3,522343,94.85
"gonna make difference",3,522346,94.85
"gonna make eat",3,522349,94.86
"gonna make late",3,522352,94.86
"gonna make look",3,522355,94.86
"gonna make mix",3,522358,94.86
"gonna make second",3,522361,94.86
"gonna miss baby",3,522364,94.86
"gonna miss friends",3,522367,94.86
"gonna miss guy",3,522370,94.86
"gonna miss like",3,522373,94.86
"gonna read books",3,522376,94.86
"gonna sleep night",3,522379,94.86
"gonna sleep tomorrow",3,522382,94.86
"gonna today make",3,522385,94.86
"gonna try new",3,522388,94.86
"gonna try post",3,522391,94.86
"gonna try stay",3,522394,94.86
"gonna try stop",3,522397,94.86
"gonna tweet today",3,522400,94.86
"gonna wear day",3,522403,94.86
"gonna year don",3,522406,94.87
"good afternoon awesome",3,522409,94.87
"good afternoon enjoying",3,522412,94.87
"good bad experiences",3,522415,94.87
"good bad guys",3,522418,94.87
"good big brother",3,522421,94.87
"good brains mary",3,522424,94.87
"good busy work",3,522427,94.87
"good contractor area",3,522430,94.87
"good distance disappear",3,522433,94.87
"good end good",3,522436,94.87
"good family time",3,522439,94.87
"good figure explain",3,522442,94.87
"good food friends",3,522445,94.87
"good food got",3,522448,94.87
"good food happy",3,522451,94.87
"good food service",3,522454,94.87
"good friends amazing",3,522457,94.87
"good friends help",3,522460,94.88
"good game team",3,522463,94.88
"good game young",3,522466,94.88
"good good great",3,522469,94.88
"good good henry",3,522472,94.88
"good good made",3,522475,94.88
"good gotta go",3,522478,94.88
"good guess just",3,522481,94.88
"good hard find",3,522484,94.88
"good hear new",3,522487,94.88
"good hear real",3,522490,94.88
"good hear wait",3,522493,94.88
"good ill make",3,522496,94.88
"good info know",3,522499,94.88
"good intentions make",3,522502,94.88
"good just listening",3,522505,94.88
"good just making",3,522508,94.88
"good just watched",3,522511,94.88
"good know cause",3,522514,94.89
"good know get",3,522517,94.89
"good know love",3,522520,94.89
"good know trying",3,522523,94.89
"good know work",3,522526,94.89
"good local bands",3,522529,94.89
"good looking family",3,522532,94.89
"good looking person",3,522535,94.89
"good luck application",3,522538,94.89
"good luck bar",3,522541,94.89
"good luck check",3,522544,94.89
"good luck continued",3,522547,94.89
"good luck ed",3,522550,94.89
"good luck hun",3,522553,94.89
"good luck hunting",3,522556,94.89
"good luck joe",3,522559,94.89
"good luck john",3,522562,94.89
"good luck justin",3,522565,94.89
"good luck king",3,522568,94.89
"good luck la",3,522571,94.9
"good luck little",3,522574,94.9
"good luck live",3,522577,94.9
"good luck long",3,522580,94.9
"good luck lots",3,522583,94.9
"good luck loved",3,522586,94.9
"good luck meeting",3,522589,94.9
"good luck minutes",3,522592,94.9
"good luck mt",3,522595,94.9
"good luck nominees",3,522598,94.9
"good luck racing",3,522601,94.9
"good luck sf",3,522604,94.9
"good luck sweetie",3,522607,94.9
"good luck travel",3,522610,94.9
"good luck visit",3,522613,94.9
"good making good",3,522616,94.9
"good man bout",3,522619,94.9
"good man fun",3,522622,94.9
"good man hit",3,522625,94.91
"good man trying",3,522628,94.91
"good memories good",3,522631,94.91
"good men left",3,522634,94.91
"good mood going",3,522637,94.91
"good morning awake",3,522640,94.91
"good morning bella",3,522643,94.91
"good morning blessings",3,522646,94.91
"good morning cleveland",3,522649,94.91
"good morning grateful",3,522652,94.91
"good morning grind",3,522655,94.91
"good morning jill",3,522658,94.91
"good morning joe",3,522661,94.91
"good morning lord",3,522664,94.91
"good morning moon",3,522667,94.91
"good morning north",3,522670,94.91
"good morning philly",3,522673,94.91
"good morning pray",3,522676,94.91
"good morning pretty",3,522679,94.92
"good morning rest",3,522682,94.92
"good morning sara",3,522685,94.92
"good morning sleep",3,522688,94.92
"good morning slow",3,522691,94.92
"good morning sounds",3,522694,94.92
"good morning spurs",3,522697,94.92
"good morning tonight",3,522700,94.92
"good morning try",3,522703,94.92
"good morning vietnam",3,522706,94.92
"good morning writing",3,522709,94.92
"good movie good",3,522712,94.92
"good movie made",3,522715,94.92
"good neighbor does",3,522718,94.92
"good people getting",3,522721,94.92
"good people just",3,522724,94.92
"good point time",3,522727,94.92
"good pretty sure",3,522730,94.92
"good question just",3,522733,94.92
"good question new",3,522736,94.93
"good right just",3,522739,94.93
"good right keep",3,522742,94.93
"good running game",3,522745,94.93
"good saturday far",3,522748,94.93
"good saturday night",3,522751,94.93
"good say hi",3,522754,94.93
"good school year",3,522757,94.93
"good sorry hope",3,522760,94.93
"good start night",3,522763,94.93
"good statistics people",3,522766,94.93
"good stay home",3,522769,94.93
"good talk good",3,522772,94.93
"good thanks doing",3,522775,94.93
"good thanks support",3,522778,94.93
"good things follow",3,522781,94.93
"good things looking",3,522784,94.93
"good thoughts today",3,522787,94.93
"good times catching",3,522790,94.94
"good tips generating",3,522793,94.94
"good today day",3,522796,94.94
"good today get",3,522799,94.94
"good today guess",3,522802,94.94
"good today hope",3,522805,94.94
"good today thanks",3,522808,94.94
"good tv get",3,522811,94.94
"good watch tv",3,522814,94.94
"good watching tv",3,522817,94.94
"good way enjoy",3,522820,94.94
"good way reach",3,522823,94.94
"good way right",3,522826,94.94
"good way work",3,522829,94.94
"goodbye weekend hello",3,522832,94.94
"goodnight fellow tweeters",3,522835,94.94
"goodnight hope tomorrow",3,522838,94.94
"goofy goofy goofy",3,522841,94.94
"gorgeous day bay",3,522844,94.94
"gorgeous day boston",3,522847,94.95
"gorgeous day nyc",3,522850,94.95
"gorgeous day spring",3,522853,94.95
"gorgeous weather outside",3,522856,94.95
"gorgeous weather patio",3,522859,94.95
"got accepted study",3,522862,94.95
"got alarm set",3,522865,94.95
"got attention follow",3,522868,94.95
"got baby way",3,522871,94.95
"got bath tub",3,522874,94.95
"got beat girl",3,522877,94.95
"got beauty queen",3,522880,94.95
"got book read",3,522883,94.95
"got breaking dawn",3,522886,94.95
"got bright early",3,522889,94.95
"got christmas card",3,522892,94.95
"got copy reserved",3,522895,94.95
"got couple pictures",3,522898,94.95
"got da last",3,522901,94.96
"got diet coke",3,522904,94.96
"got don care",3,522907,94.96
"got don get",3,522910,94.96
"got don need",3,522913,94.96
"got done awesome",3,522916,94.96
"got done early",3,522919,94.96
"got done hanging",3,522922,94.96
"got done homework",3,522925,94.96
"got done hours",3,522928,94.96
"got done last",3,522931,94.96
"got done music",3,522934,94.96
"got done work",3,522937,94.96
"got feature film",3,522940,94.96
"got fever prescription",3,522943,94.96
"got find love",3,522946,94.96
"got get morning",3,522949,94.96
"got gift cards",3,522952,94.96
"got give away",3,522955,94.97
"got good game",3,522958,94.97
"got good grades",3,522961,94.97
"got gray hair",3,522964,94.97
"got great future",3,522967,94.97
"got great game",3,522970,94.97
"got gym membership",3,522973,94.97
"got happy mothers",3,522976,94.97
"got hear sing",3,522979,94.97
"got home airport",3,522982,94.97
"got home bit",3,522985,94.97
"got home going",3,522988,94.97
"got home sorry",3,522991,94.97
"got home started",3,522994,94.97
"got home thanks",3,522997,94.97
"got home tuned",3,523000,94.97
"got home went",3,523003,94.97
"got home wonderful",3,523006,94.97
"got hot sauce",3,523009,94.97
"got hotel room",3,523012,94.98
"got interview right",3,523015,94.98
"got jimmy johns",3,523018,94.98
"got jokes today",3,523021,94.98
"got letter mail",3,523024,94.98
"got life size",3,523027,94.98
"got lifted shifted",3,523030,94.98
"got long hair",3,523033,94.98
"got look face",3,523036,94.98
"got lost like",3,523039,94.98
"got lot catch",3,523042,94.98
"got lot interesting",3,523045,94.98
"got lot trouble",3,523048,94.98
"got love keep",3,523051,94.98
"got make money",3,523054,94.98
"got mile run",3,523057,94.98
"got mind control",3,523060,94.98
"got old man",3,523063,94.98
"got pink hair",3,523066,94.99
"got planned today",3,523069,94.99
"got plenty time",3,523072,94.99
"got rest day",3,523075,94.99
"got rick rolled",3,523078,94.99
"got scared like",3,523081,94.99
"got shirt ready",3,523084,94.99
"got softball practice",3,523087,94.99
"got stuff coming",3,523090,94.99
"got super good",3,523093,94.99
"got sweet new",3,523096,94.99
"got tee time",3,523099,94.99
"got text like",3,523102,94.99
"got thing guys",3,523105,94.99
"got tiger blood",3,523108,94.99
"got time just",3,523111,94.99
"got time today",3,523114,94.99
"got track want",3,523117,94.99
"got twitter jail",3,523120,95
"got twitter need",3,523123,95
"got ur message",3,523126,95
"got vote good",3,523129,95
"got vote today",3,523132,95
"got wait till",3,523135,95
"got want share",3,523138,95
"got watch live",3,523141,95
"got wednesday night",3,523144,95
"got wide awake",3,523147,95
"got wrong number",3,523150,95
"gotta admit great",3,523153,95
"gotta ask know",3,523156,95
"gotta finish book",3,523159,95
"gotta go big",3,523162,95
"gotta go eat",3,523165,95
"gotta go people",3,523168,95
"gotta go store",3,523171,95
"gotta hit gym",3,523174,95
"gotta hit road",3,523177,95.01
"gotta know love",3,523180,95.01
"gotta leave soon",3,523183,95.01
"gotta move own",3,523186,95.01
"gotta play better",3,523189,95.01
"gotta say happy",3,523192,95.01
"gotta say like",3,523195,95.01
"gov walker says",3,523198,95.01
"government big give",3,523201,95.01
"gps find way",3,523204,95.01
"gr start day",3,523207,95.01
"grab coffee drink",3,523210,95.01
"grab glass wine",3,523213,95.01
"grab lunch chic",3,523216,95.01
"graduates go make",3,523219,95.01
"graduation last night",3,523222,95.01
"grammy best album",3,523225,95.01
"grand opening thursday",3,523228,95.01
"grape room pm",3,523231,95.02
"graphic tee shirt",3,523234,95.02
"gray debate campaign",3,523237,95.02
"great addition menu",3,523240,95.02
"great article right",3,523243,95.02
"great artists like",3,523246,95.02
"great auditions today",3,523249,95.02
"great awesome time",3,523252,95.02
"great beer tap",3,523255,95.02
"great check website",3,523258,95.02
"great christmas present",3,523261,95.02
"great column today",3,523264,95.02
"great condition anyone",3,523267,95.02
"great content thanks",3,523270,95.02
"great cross paths",3,523273,95.02
"great day blue",3,523276,95.02
"great day city",3,523279,95.02
"great day cool",3,523282,95.02
"great day denver",3,523285,95.03
"great day give",3,523288,95.03
"great day glad",3,523291,95.03
"great day home",3,523294,95.03
"great day hungry",3,523297,95.03
"great day little",3,523300,95.03
"great day mom",3,523303,95.03
"great day soon",3,523306,95.03
"great day spend",3,523309,95.03
"great day starting",3,523312,95.03
"great day sweetie",3,523315,95.03
"great day wear",3,523318,95.03
"great day wisconsin",3,523321,95.03
"great day wit",3,523324,95.03
"great did enjoy",3,523327,95.03
"great did great",3,523330,95.03
"great discounts dental",3,523333,95.03
"great email details",3,523336,95.03
"great event celebrating",3,523339,95.03
"great event good",3,523342,95.04
"great event wait",3,523345,95.04
"great far just",3,523348,95.04
"great food amazing",3,523351,95.04
"great food atmosphere",3,523354,95.04
"great food coffee",3,523357,95.04
"great food last",3,523360,95.04
"great food live",3,523363,95.04
"great game florida",3,523366,95.04
"great game kentucky",3,523369,95.04
"great game nice",3,523372,95.04
"great games history",3,523375,95.04
"great gets old",3,523378,95.04
"great going really",3,523381,95.04
"great hear don",3,523384,95.04
"great hear enjoy",3,523387,95.04
"great hear going",3,523390,95.04
"great hear new",3,523393,95.04
"great hear thoughts",3,523396,95.05
"great highly recommend",3,523399,95.05
"great idea come",3,523402,95.05
"great idea does",3,523405,95.05
"great idea look",3,523408,95.05
"great idea make",3,523411,95.05
"great idea need",3,523414,95.05
"great idea unfortunately",3,523417,95.05
"great insight today",3,523420,95.05
"great keep touch",3,523423,95.05
"great meet both",3,523426,95.05
"great meet chat",3,523429,95.05
"great meet crew",3,523432,95.05
"great meet finally",3,523435,95.05
"great meet greet",3,523438,95.05
"great meet happy",3,523441,95.05
"great meet lunch",3,523444,95.05
"great meeting city",3,523447,95.05
"great meeting soon",3,523450,95.06
"great meeting talking",3,523453,95.06
"great movie funny",3,523456,95.06
"great music hall",3,523459,95.06
"great music online",3,523462,95.06
"great networking opportunity",3,523465,95.06
"great new idea",3,523468,95.06
"great new products",3,523471,95.06
"great new service",3,523474,95.06
"great new song",3,523477,95.06
"great news everybody",3,523480,95.06
"great news go",3,523483,95.06
"great news news",3,523486,95.06
"great nice job",3,523489,95.06
"great night game",3,523492,95.06
"great night hubby",3,523495,95.06
"great night music",3,523498,95.06
"great night philly",3,523501,95.06
"great night planned",3,523504,95.06
"great night talking",3,523507,95.07
"great night watching",3,523510,95.07
"great night won",3,523513,95.07
"great night working",3,523516,95.07
"great non profit",3,523519,95.07
"great panel social",3,523522,95.07
"great panel today",3,523525,95.07
"great people coming",3,523528,95.07
"great people love",3,523531,95.07
"great place grow",3,523534,95.07
"great place hang",3,523537,95.07
"great possibilities greater",3,523540,95.07
"great practice today",3,523543,95.07
"great prices breath",3,523546,95.07
"great really want",3,523549,95.07
"great rehearsal last",3,523552,95.07
"great ride yesterday",3,523555,95.07
"great savings electric",3,523558,95.07
"great seeing saturday",3,523561,95.08
"great shows weekend",3,523564,95.08
"great site btw",3,523567,95.08
"great start friday",3,523570,95.08
"great stuff keep",3,523573,95.08
"great talent get",3,523576,95.08
"great tan new",3,523579,95.08
"great thanks doing",3,523582,95.08
"great thanks getting",3,523585,95.08
"great things love",3,523588,95.08
"great things simple",3,523591,95.08
"great things wait",3,523594,95.08
"great thursday night",3,523597,95.08
"great upcoming events",3,523600,95.08
"great way feel",3,523603,95.08
"great way increase",3,523606,95.08
"great website great",3,523609,95.08
"great website love",3,523612,95.08
"great week safe",3,523615,95.08
"great week work",3,523618,95.09
"great white captain",3,523621,95.09
"great wish best",3,523624,95.09
"great wolf lodge",3,523627,95.09
"great work book",3,523630,95.09
"great work coach",3,523633,95.09
"great work happy",3,523636,95.09
"great work just",3,523639,95.09
"great work usual",3,523642,95.09
"great work www",3,523645,95.09
"great world series",3,523648,95.09
"great www com",3,523651,95.09
"greater houston area",3,523654,95.09
"greater seattle area",3,523657,95.09
"greater service make",3,523660,95.09
"greatest lesson life",3,523663,95.09
"greatest love story",3,523666,95.09
"greatest mistakes little",3,523669,95.09
"greatest movies time",3,523672,95.1
"greatest play game",3,523675,95.1
"greatest soccer player",3,523678,95.1
"green bay vs",3,523681,95.1
"green goddess dressing",3,523684,95.1
"green let stay",3,523687,95.1
"green made straight",3,523690,95.1
"greene quartet coming",3,523693,95.1
"grill last night",3,523696,95.1
"grill www com",3,523699,95.1
"grilled ham cheese",3,523702,95.1
"grind don shine",3,523705,95.1
"grind don stop",3,523708,95.1
"grocery store made",3,523711,95.1
"group today pm",3,523714,95.1
"grow hair long",3,523717,95.1
"grow want just",3,523720,95.1
"grown men cry",3,523723,95.1
"guess gonna start",3,523726,95.11
"guess just part",3,523729,95.11
"guess just stay",3,523732,95.11
"guess like new",3,523735,95.11
"guess mike brown",3,523738,95.11
"guess take nap",3,523741,95.11
"guess try sleep",3,523744,95.11
"guess won get",3,523747,95.11
"guests feel like",3,523750,95.11
"guide social media",3,523753,95.11
"guilty pleasure movie",3,523756,95.11
"guy best friends",3,523759,95.11
"guy blue shirt",3,523762,95.11
"guy cry must",3,523765,95.11
"guy electric chair",3,523768,95.11
"guy know going",3,523771,95.11
"guy knows talking",3,523774,95.11
"guy made laugh",3,523777,95.11
"guy said just",3,523780,95.11
"guy says like",3,523783,95.12
"guys absolutely amazing",3,523786,95.12
"guys feel free",3,523789,95.12
"guys give best",3,523792,95.12
"guys guys awesome",3,523795,95.12
"guys hope full",3,523798,95.12
"guys hours left",3,523801,95.12
"guys just getting",3,523804,95.12
"guys just keep",3,523807,95.12
"guys just little",3,523810,95.12
"guys just said",3,523813,95.12
"guys keep posted",3,523816,95.12
"guys little bit",3,523819,95.12
"guys look cute",3,523822,95.12
"guys look hot",3,523825,95.12
"guys made cry",3,523828,95.12
"guys new york",3,523831,95.12
"guys old school",3,523834,95.12
"guys put follow",3,523837,95.13
"guys time go",3,523840,95.13
"guys today day",3,523843,95.13
"guys trending worldwide",3,523846,95.13
"guys walk direction",3,523849,95.13
"guys warped tour",3,523852,95.13
"guys wish best",3,523855,95.13
"gym agent soap",3,523858,95.13
"gym tomorrow night",3,523861,95.13
"ha don care",3,523864,95.13
"ha don worry",3,523867,95.13
"ha single sold",3,523870,95.13
"hacked account don",3,523873,95.13
"hacked account just",3,523876,95.13
"hacked account sent",3,523879,95.13
"hacked last night",3,523882,95.13
"hacked tried twitter",3,523885,95.13
"hair grow product",3,523888,95.13
"hair look nice",3,523891,95.14
"hair make done",3,523894,95.14
"hair products www",3,523897,95.14
"hair salon called",3,523900,95.14
"hair salon today",3,523903,95.14
"haircut looks like",3,523906,95.14
"half court game",3,523909,95.14
"half hour find",3,523912,95.14
"half wine bottles",3,523915,95.14
"hall conference room",3,523918,95.14
"halloween costume party",3,523921,95.14
"halloween party tonight",3,523924,95.14
"halloween right corner",3,523927,95.14
"ham egg cheese",3,523930,95.14
"hand bloody sock",3,523933,95.14
"hand candy hand",3,523936,95.14
"hand don raise",3,523939,95.14
"hand last night",3,523942,95.14
"hand walk road",3,523945,95.14
"handle anxiety handle",3,523948,95.15
"hands best place",3,523951,95.15
"hands let go",3,523954,95.15
"hands sounds like",3,523957,95.15
"hang birthday june",3,523960,95.15
"hang friends time",3,523963,95.15
"happen anytime soon",3,523966,95.15
"happen reason just",3,523969,95.15
"happened john kerry",3,523972,95.15
"happened yrs choose",3,523975,95.15
"happiest girl followed",3,523978,95.15
"happiness self worthy",3,523981,95.15
"happy announce new",3,523984,95.15
"happy arts advocacy",3,523987,95.15
"happy birthday ace",3,523990,95.15
"happy birthday anyone",3,523993,95.15
"happy birthday april",3,523996,95.15
"happy birthday august",3,523999,95.15
"happy birthday bass",3,524002,95.16
"happy birthday celebration",3,524005,95.16
"happy birthday chad",3,524008,95.16
"happy birthday coming",3,524011,95.16
"happy birthday dana",3,524014,95.16
"happy birthday ground",3,524017,95.16
"happy birthday grown",3,524020,95.16
"happy birthday husband",3,524023,95.16
"happy birthday intern",3,524026,95.16
"happy birthday joseph",3,524029,95.16
"happy birthday joshua",3,524032,95.16
"happy birthday marvin",3,524035,95.16
"happy birthday matthew",3,524038,95.16
"happy birthday merry",3,524041,95.16
"happy birthday mi",3,524044,95.16
"happy birthday nicole",3,524047,95.16
"happy birthday owner",3,524050,95.16
"happy birthday paul",3,524053,95.16
"happy birthday peter",3,524056,95.17
"happy birthday roger",3,524059,95.17
"happy birthday stranger",3,524062,95.17
"happy birthday sweets",3,524065,95.17
"happy birthday tonight",3,524068,95.17
"happy birthday wife",3,524071,95.17
"happy ending depends",3,524074,95.17
"happy follow love",3,524077,95.17
"happy freaking birthday",3,524080,95.17
"happy go get",3,524083,95.17
"happy great people",3,524086,95.17
"happy halloween treat",3,524089,95.17
"happy halloween tweet",3,524092,95.17
"happy happy people",3,524095,95.17
"happy happy weekend",3,524098,95.17
"happy holidays guardian",3,524101,95.17
"happy holidays look",3,524104,95.17
"happy hope make",3,524107,95.17
"happy late mothers",3,524110,95.17
"happy loving life",3,524113,95.18
"happy made far",3,524116,95.18
"happy monday favorite",3,524119,95.18
"happy monday school",3,524122,95.18
"happy oscar day",3,524125,95.18
"happy share thoughts",3,524128,95.18
"happy spring beautiful",3,524131,95.18
"happy thanksgiving big",3,524134,95.18
"happy thanksgiving bless",3,524137,95.18
"happy thanksgiving canada",3,524140,95.18
"happy thanksgiving give",3,524143,95.18
"happy thanksgiving remember",3,524146,95.18
"happy tuesday beautiful",3,524149,95.18
"happy tuesday folks",3,524152,95.18
"happy way things",3,524155,95.18
"happy year new",3,524158,95.18
"hard beat person",3,524161,95.18
"hard come like",3,524164,95.18
"hard copy cd",3,524167,95.19
"hard don give",3,524170,95.19
"hard explain really",3,524173,95.19
"hard get give",3,524176,95.19
"hard get keep",3,524179,95.19
"hard get right",3,524182,95.19
"hard get tweet",3,524185,95.19
"hard good luck",3,524188,95.19
"hard hit ball",3,524191,95.19
"hard nfl want",3,524194,95.19
"hard niggas got",3,524197,95.19
"hard packers fan",3,524200,95.19
"hard part figuring",3,524203,95.19
"hard save money",3,524206,95.19
"hard tear myself",3,524209,95.19
"hard tell people",3,524212,95.19
"hard tell think",3,524215,95.19
"hard time breathing",3,524218,95.19
"hard time staying",3,524221,95.2
"hard try stop",3,524224,95.2
"hardly sleep last",3,524227,95.2
"harper home run",3,524230,95.2
"harry potter author",3,524233,95.2
"harry potter tonight",3,524236,95.2
"harry potter week",3,524239,95.2
"hash tags facebook",3,524242,95.2
"hate cleveland indians",3,524245,95.2
"hate days just",3,524248,95.2
"hate driving mom",3,524251,95.2
"hate facial hair",3,524254,95.2
"hate going get",3,524257,95.2
"hate going like",3,524260,95.2
"hate going walmart",3,524263,95.2
"hate guys know",3,524266,95.2
"hate heat fans",3,524269,95.2
"hate leads suffering",3,524272,95.2
"hate people follow",3,524275,95.2
"hate people own",3,524278,95.21
"hate powerful word",3,524281,95.21
"hate pretend like",3,524284,95.21
"hate time warner",3,524287,95.21
"hate twitter app",3,524290,95.21
"hate twitter like",3,524293,95.21
"hate waste time",3,524296,95.21
"hate watching news",3,524299,95.21
"hate websites ask",3,524302,95.21
"haters hate things",3,524305,95.21
"hates reasons want",3,524308,95.21
"hats look like",3,524311,95.21
"haven chance check",3,524314,95.21
"haven feeling lately",3,524317,95.21
"haven heard ages",3,524320,95.21
"haven heard go",3,524323,95.21
"haven heard minute",3,524326,95.21
"haven heard music",3,524329,95.21
"haven like facebook",3,524332,95.22
"haven listened long",3,524335,95.22
"haven listened song",3,524338,95.22
"haven listened years",3,524341,95.22
"haven lounge adam",3,524344,95.22
"haven really lost",3,524347,95.22
"haven really talked",3,524350,95.22
"haven really twitter",3,524353,95.22
"haven slept last",3,524356,95.22
"haven worked week",3,524359,95.22
"having beer dinner",3,524362,95.22
"having beer watching",3,524365,95.22
"having best week",3,524368,95.22
"having coffee watching",3,524371,95.22
"having day love",3,524374,95.22
"having days just",3,524377,95.22
"having full conversation",3,524380,95.22
"having fun going",3,524383,95.22
"having fun know",3,524386,95.23
"having fun london",3,524389,95.23
"having fun meeting",3,524392,95.23
"having fun think",3,524395,95.23
"having fun tweeting",3,524398,95.23
"having fun working",3,524401,95.23
"having good thursday",3,524404,95.23
"having great spring",3,524407,95.23
"having heart problems",3,524410,95.23
"having heart surgery",3,524413,95.23
"having lazy day",3,524416,95.23
"having party saturday",3,524419,95.23
"having press conference",3,524422,95.23
"head close eyes",3,524425,95.23
"head cold today",3,524428,95.23
"head cure north",3,524431,95.23
"head eye heart",3,524434,95.23
"head get better",3,524437,95.23
"head old town",3,524440,95.23
"head rest day",3,524443,95.24
"head tonight pm",3,524446,95.24
"head way better",3,524449,95.24
"head way get",3,524452,95.24
"headed hour fitness",3,524455,95.24
"headed kansas city",3,524458,95.24
"headed later today",3,524461,95.24
"headed way tomorrow",3,524464,95.24
"health care benefits",3,524467,95.24
"health care providers",3,524470,95.24
"health code violation",3,524473,95.24
"health fitness blog",3,524476,95.24
"health gift spiritual",3,524479,95.24
"health human services",3,524482,95.24
"health mental health",3,524485,95.24
"health seems valuable",3,524488,95.24
"healthy alive thank",3,524491,95.24
"healthy mouth winning",3,524494,95.24
"healthy nice know",3,524497,95.25
"hear don like",3,524500,95.25
"hear enjoy day",3,524503,95.25
"hear exactly say",3,524506,95.25
"hear favorite songs",3,524509,95.25
"hear finished product",3,524512,95.25
"hear get better",3,524515,95.25
"hear going good",3,524518,95.25
"hear great day",3,524521,95.25
"hear just like",3,524524,95.25
"hear live music",3,524527,95.25
"hear need talk",3,524530,95.25
"hear news like",3,524533,95.25
"hear right walk",3,524536,95.25
"hear speak today",3,524539,95.25
"hear success stories",3,524542,95.25
"hear thanks kind",3,524545,95.25
"hear ur experience",3,524548,95.25
"hear ur story",3,524551,95.25
"hear young play",3,524554,95.26
"heard anything good",3,524557,95.26
"heard does automatically",3,524560,95.26
"heard felt new",3,524563,95.26
"heard laughed hard",3,524566,95.26
"heard must felt",3,524569,95.26
"heard really great",3,524572,95.26
"heard th grader",3,524575,95.26
"heard thing called",3,524578,95.26
"heard yr old",3,524581,95.26
"hearing hearing word",3,524584,95.26
"hearing speak last",3,524587,95.26
"hearing speak today",3,524590,95.26
"hearing wonderful things",3,524593,95.26
"heart beat running",3,524596,95.26
"heart beats times",3,524599,95.26
"heart breathing moment",3,524602,95.26
"heart don realize",3,524605,95.26
"heart forget broken",3,524608,95.27
"heart give heart",3,524611,95.27
"heart let get",3,524614,95.27
"heart liver drink",3,524617,95.27
"heart michael jackson",3,524620,95.27
"heart mind tells",3,524623,95.27
"heart renew spirit",3,524626,95.27
"heart texas texas",3,524629,95.27
"heat fan just",3,524632,95.27
"heat ice cold",3,524635,95.27
"heat vs bulls",3,524638,95.27
"heat win heat",3,524641,95.27
"hello beautiful world",3,524644,95.27
"hello doing fine",3,524647,95.27
"hello friday glad",3,524650,95.27
"hello friday nice",3,524653,95.27
"hello good day",3,524656,95.27
"hello great week",3,524659,95.27
"hello haven seen",3,524662,95.28
"hello kitty store",3,524665,95.28
"hello kitty tattoo",3,524668,95.28
"hello love work",3,524671,95.28
"help abused children",3,524674,95.28
"help bring change",3,524677,95.28
"help build fan",3,524680,95.28
"help close achievement",3,524683,95.28
"help getting hurt",3,524686,95.28
"help getting sleep",3,524689,95.28
"help great weekend",3,524692,95.28
"help improve health",3,524695,95.28
"help individual place",3,524698,95.28
"help kids thank",3,524701,95.28
"help laugh people",3,524704,95.28
"help make future",3,524707,95.28
"help make mind",3,524710,95.28
"help new furniture",3,524713,95.28
"help old lady",3,524716,95.28
"help poor hungry",3,524719,95.29
"help put bed",3,524722,95.29
"help stranger today",3,524725,95.29
"help today help",3,524728,95.29
"help upcoming event",3,524731,95.29
"helped get today",3,524734,95.29
"helped make amazing",3,524737,95.29
"helping succeed hill",3,524740,95.29
"henderson libraries used",3,524743,95.29
"hey ah hey",3,524746,95.29
"hey anyone got",3,524749,95.29
"hey arnold best",3,524752,95.29
"hey arnold doug",3,524755,95.29
"hey chris thanks",3,524758,95.29
"hey email send",3,524761,95.29
"hey follow instagram",3,524764,95.29
"hey follow sister",3,524767,95.29
"hey following follow",3,524770,95.29
"hey friend good",3,524773,95.3
"hey friend thinks",3,524776,95.3
"hey friends facebook",3,524779,95.3
"hey girl wanna",3,524782,95.3
"hey guys following",3,524785,95.3
"hey guys july",3,524788,95.3
"hey guys really",3,524791,95.3
"hey guys wants",3,524794,95.3
"hey haven tweeted",3,524797,95.3
"hey hey wait",3,524800,95.3
"hey just get",3,524803,95.3
"hey just good",3,524806,95.3
"hey just joined",3,524809,95.3
"hey just mentioned",3,524812,95.3
"hey kids don",3,524815,95.3
"hey kids want",3,524818,95.3
"hey let just",3,524821,95.3
"hey little adorable",3,524824,95.3
"hey little late",3,524827,95.31
"hey love get",3,524830,95.31
"hey love talk",3,524833,95.31
"hey man email",3,524836,95.31
"hey man glad",3,524839,95.31
"hey met last",3,524842,95.31
"hey mike thanks",3,524845,95.31
"hey really cute",3,524848,95.31
"hey sis just",3,524851,95.31
"hey tell favorite",3,524854,95.31
"hey tell followers",3,524857,95.31
"hey tell give",3,524860,95.31
"hey tell mom",3,524863,95.31
"hey tonight pm",3,524866,95.31
"hey trying follow",3,524869,95.31
"hey ur coming",3,524872,95.31
"hey welcome hope",3,524875,95.31
"hi doing hope",3,524878,95.31
"hi editor like",3,524881,95.31
"hi get chance",3,524884,95.32
"hi glad following",3,524887,95.32
"hi interesting article",3,524890,95.32
"hi new author",3,524893,95.32
"hi thanks connecting",3,524896,95.32
"hi trying get",3,524899,95.32
"hi won stop",3,524902,95.32
"high life night",3,524905,95.32
"high point nc",3,524908,95.32
"high time champagne",3,524911,95.32
"higher great soul",3,524914,95.32
"highly recommend picking",3,524917,95.32
"highs low mid",3,524920,95.32
"hill ave ma",3,524923,95.32
"hilton san diego",3,524926,95.32
"hints given stall",3,524929,95.32
"hiring let know",3,524932,95.32
"history channel know",3,524935,95.32
"history music interesting",3,524938,95.33
"history open source",3,524941,95.33
"history repeat itself",3,524944,95.33
"history study guide",3,524947,95.33
"hit ball na",3,524950,95.33
"hit em wit",3,524953,95.33
"hit email packages",3,524956,95.33
"hit free throw",3,524959,95.33
"hit got crazy",3,524962,95.33
"hit hard year",3,524965,95.33
"hit new york",3,524968,95.33
"hit run home",3,524971,95.33
"hit twitter limit",3,524974,95.33
"hits solo hr",3,524977,95.33
"hitting rock bottom",3,524980,95.33
"hold hand hold",3,524983,95.33
"hold motivate inspire",3,524986,95.33
"hold stop sec",3,524989,95.33
"hold touch tear",3,524992,95.34
"holds universe carl",3,524995,95.34
"holiday flash mob",3,524998,95.34
"holiday season come",3,525001,95.34
"holiday season merry",3,525004,95.34
"holiday season thanks",3,525007,95.34
"hollywood studio bar",3,525010,95.34
"home amazing time",3,525013,95.34
"home builder valley",3,525016,95.34
"home buy new",3,525019,95.34
"home going celebration",3,525022,95.34
"home gym gonna",3,525025,95.34
"home heating cooling",3,525028,95.34
"home let group",3,525031,95.34
"home long week",3,525034,95.34
"home love paint",3,525037,95.34
"home phone number",3,525040,95.34
"home safety discovery",3,525043,95.34
"home southeast portland",3,525046,95.34
"home tired af",3,525049,95.35
"home weeks ago",3,525052,95.35
"home win streak",3,525055,95.35
"home work tomorrow",3,525058,95.35
"home yr old",3,525061,95.35
"homeless guy asked",3,525064,95.35
"homeless people poor",3,525067,95.35
"homemade pizza tonight",3,525070,95.35
"homework find anyone",3,525073,95.35
"honest don care",3,525076,95.35
"honestly remember last",3,525079,95.35
"honesty appreciated trust",3,525082,95.35
"honesty trust understanding",3,525085,95.35
"honor service men",3,525088,95.35
"honored announce appeals",3,525091,95.35
"hoodie shorts confused",3,525094,95.35
"hop band wagon",3,525097,95.35
"hope belief victory",3,525100,95.35
"hope blessed christmas",3,525103,95.36
"hope blessed week",3,525106,95.36
"hope breathe talk",3,525109,95.36
"hope change both",3,525112,95.36
"hope change crowd",3,525115,95.36
"hope change women",3,525118,95.36
"hope check book",3,525121,95.36
"hope comes good",3,525124,95.36
"hope coming soon",3,525127,95.36
"hope doing awesome",3,525130,95.36
"hope don hate",3,525133,95.36
"hope don run",3,525136,95.36
"hope don wake",3,525139,95.36
"hope enjoy delivery",3,525142,95.36
"hope enjoy looking",3,525145,95.36
"hope enjoyed dinner",3,525148,95.36
"hope enjoyed good",3,525151,95.36
"hope enjoyed today",3,525154,95.36
"hope enjoyed tour",3,525157,95.37
"hope enjoying spring",3,525160,95.37
"hope everybody happy",3,525163,95.37
"hope fantastic friday",3,525166,95.37
"hope fixed soon",3,525169,95.37
"hope fun filled",3,525172,95.37
"hope fun planned",3,525175,95.37
"hope future sense",3,525178,95.37
"hope getting excited",3,525181,95.37
"hope good things",3,525184,95.37
"hope grows beard",3,525187,95.37
"hope guys tomorrow",3,525190,95.37
"hope last night",3,525193,95.37
"hope look good",3,525196,95.37
"hope made smile",3,525199,95.37
"hope make haven",3,525202,95.37
"hope make proud",3,525205,95.37
"hope makes happy",3,525208,95.37
"hope paying attention",3,525211,95.37
"hope people realize",3,525214,95.38
"hope quick recovery",3,525217,95.38
"hope read letter",3,525220,95.38
"hope rest season",3,525223,95.38
"hope rest team",3,525226,95.38
"hope slow painful",3,525229,95.38
"hope someday find",3,525232,95.38
"hope spending day",3,525235,95.38
"hope time flies",3,525238,95.38
"hope time time",3,525241,95.38
"hope turns great",3,525244,95.38
"hope tweet later",3,525247,95.38
"hope wonderful relaxing",3,525250,95.38
"hopefully productive day",3,525253,95.38
"hopefully time won",3,525256,95.38
"hoping good weather",3,525259,95.38
"hoping great day",3,525262,95.38
"hoping great weekend",3,525265,95.38
"hoping quick recovery",3,525268,95.39
"hoping word going",3,525271,95.39
"horrible bosses pretty",3,525274,95.39
"horse won derby",3,525277,95.39
"host house party",3,525280,95.39
"hosting grand opening",3,525283,95.39
"hot headed general",3,525286,95.39
"hot just got",3,525289,95.39
"hot oil treatment",3,525292,95.39
"hot pink hot",3,525295,95.39
"hot right unless",3,525298,95.39
"hot shower bed",3,525301,95.39
"hot stuff baby",3,525304,95.39
"hot tea get",3,525307,95.39
"hot topic tonight",3,525310,95.39
"hot yoga tonight",3,525313,95.39
"hotel half holiday",3,525316,95.39
"hour followed gold",3,525319,95.39
"hour late work",3,525322,95.39
"hour lucky run",3,525325,95.4
"hour starts today",3,525328,95.4
"hour work today",3,525331,95.4
"hours life wasted",3,525334,95.4
"hours sat june",3,525337,95.4
"hours sleep finally",3,525340,95.4
"hours sleep let",3,525343,95.4
"hours sleep way",3,525346,95.4
"hours studio today",3,525349,95.4
"hours west coast",3,525352,95.4
"house build life",3,525355,95.4
"house come check",3,525358,95.4
"house don wanna",3,525361,95.4
"house don worry",3,525364,95.4
"house fall asleep",3,525367,95.4
"house full kids",3,525370,95.4
"house get clean",3,525373,95.4
"house get mid",3,525376,95.4
"house joe ryan",3,525379,95.41
"house myself week",3,525382,95.41
"house pm friday",3,525385,95.41
"house sell market",3,525388,95.41
"houses new houses",3,525391,95.41
"housing authority last",3,525394,95.41
"houston rest peace",3,525397,95.41
"hr social media",3,525400,95.41
"huge fan favorite",3,525403,95.41
"huge fan keep",3,525406,95.41
"huge fan supporter",3,525409,95.41
"huge fan want",3,525412,95.41
"huge packers fan",3,525415,95.41
"huge road trip",3,525418,95.41
"huge sports fan",3,525421,95.41
"hugs let people",3,525424,95.41
"huh huh said",3,525427,95.41
"human friends fall",3,525430,95.41
"human happiness discovery",3,525433,95.42
"human qualities quality",3,525436,95.42
"humane society international",3,525439,95.42
"humane society united",3,525442,95.42
"hump day favorite",3,525445,95.42
"hump day glad",3,525448,95.42
"hump day going",3,525451,95.42
"hump day wait",3,525454,95.42
"hundred mother tell",3,525457,95.42
"hunger best sauce",3,525460,95.42
"hungry hi hungry",3,525463,95.42
"hungry want pizza",3,525466,95.42
"hurricane miles south",3,525469,95.42
"hurt feelings make",3,525472,95.42
"hurt forget leave",3,525475,95.42
"hurt trying fix",3,525478,95.42
"hurts ways know",3,525481,95.42
"husband new dog",3,525484,95.42
"hustle ii soundtrack",3,525487,95.42
"ice cube voice",3,525490,95.43
"iced hot coffee",3,525493,95.43
"id love meet",3,525496,95.43
"id love talk",3,525499,95.43
"idea dangerous called",3,525502,95.43
"idea going go",3,525505,95.43
"idea going right",3,525508,95.43
"idea great idea",3,525511,95.43
"idea secret follow",3,525514,95.43
"idea thanks sharing",3,525517,95.43
"idea years ago",3,525520,95.43
"ideas shape course",3,525523,95.43
"ignorant man follows",3,525526,95.43
"ignore previous tweet",3,525529,95.43
"il need females",3,525532,95.43
"il pizza live",3,525535,95.43
"ill check em",3,525538,95.43
"ill hit later",3,525541,95.43
"ill say hi",3,525544,95.44
"images chance win",3,525547,95.44
"imagination creates beauty",3,525550,95.44
"imagination intelligence having",3,525553,95.44
"imagine don want",3,525556,95.44
"imagine having pillow",3,525559,95.44
"impact life today",3,525562,95.44
"importance excellence martin",3,525565,95.44
"importance social media",3,525568,95.44
"important able believe",3,525571,95.44
"important question does",3,525574,95.44
"impossible change change",3,525577,95.44
"impossible get follow",3,525580,95.44
"improvements coming soon",3,525583,95.44
"inch flat screen",3,525586,95.44
"inches snow last",3,525589,95.44
"inches snow tonight",3,525592,95.44
"include right taken",3,525595,95.44
"india profit announces",3,525598,95.45
"indian word meaning",3,525601,95.45
"indiana jones mountain",3,525604,95.45
"individual place responsibility",3,525607,95.45
"industry soul business",3,525610,95.45
"infinite patience davis",3,525613,95.45
"info making order",3,525616,95.45
"info says looking",3,525619,95.45
"information day long",3,525622,95.45
"ing email address",3,525625,95.45
"insert sad face",3,525628,95.45
"inside scoop practical",3,525631,95.45
"inspiration start thing",3,525634,95.45
"inspirational moment meeting",3,525637,95.45
"instead creating perfect",3,525640,95.45
"instead doing work",3,525643,95.45
"instead following follow",3,525646,95.45
"instead going party",3,525649,95.45
"instead save calories",3,525652,95.45
"instrument used used",3,525655,95.46
"integrity matters don",3,525658,95.46
"intellectual growth birth",3,525661,95.46
"intellectual property issues",3,525664,95.46
"intelligent change charles",3,525667,95.46
"intentionally left blank",3,525670,95.46
"intentions make promises",3,525673,95.46
"interest credit card",3,525676,95.46
"interested big role",3,525679,95.46
"interested candidates must",3,525682,95.46
"interesting article think",3,525685,95.46
"interesting business model",3,525688,95.46
"interesting idea looks",3,525691,95.46
"interesting idea use",3,525694,95.46
"international law firm",3,525697,95.46
"international seminar preliminary",3,525700,95.46
"internet just bad",3,525703,95.46
"internet service provider",3,525706,95.46
"interview request contact",3,525709,95.47
"invest community strong",3,525712,95.47
"investor partner online",3,525715,95.47
"invisible children stop",3,525718,95.47
"iowa state game",3,525721,95.47
"iowa state university",3,525724,95.47
"ipad buy new",3,525727,95.47
"ipad iphone apps",3,525730,95.47
"ipad looks like",3,525733,95.47
"iphone app coming",3,525736,95.47
"iphone app self",3,525739,95.47
"iphone knows runs",3,525742,95.47
"iphone stop changing",3,525745,95.47
"ipod put shuffle",3,525748,95.47
"ipod titanic plug",3,525751,95.47
"irish pub downtown",3,525754,95.47
"island owned france",3,525757,95.47
"issue last night",3,525760,95.47
"issues magazine need",3,525763,95.48
"italian food good",3,525766,95.48
"italian wedding soup",3,525769,95.48
"itself soon waste",3,525772,95.48
"jail feel like",3,525775,95.48
"jam better man",3,525778,95.48
"jam jam tonight",3,525781,95.48
"james bond like",3,525784,95.48
"james looks like",3,525787,95.48
"jealous world war",3,525790,95.48
"jeff bob morris",3,525793,95.48
"jennifer hudson just",3,525796,95.48
"jennifer hudson lost",3,525799,95.48
"jenny life tale",3,525802,95.48
"jeremy thanks follow",3,525805,95.48
"jersey shore crew",3,525808,95.48
"jersey shore guys",3,525811,95.48
"jessica sanchez safe",3,525814,95.48
"jessica simpson having",3,525817,95.48
"jet car wash",3,525820,95.49
"jimmy carter going",3,525823,95.49
"jimmy jimmy jimmy",3,525826,95.49
"job full time",3,525829,95.49
"job hunt continues",3,525832,95.49
"job last week",3,525835,95.49
"job lot easier",3,525838,95.49
"job make happy",3,525841,95.49
"job making happy",3,525844,95.49
"job really cool",3,525847,95.49
"job search networking",3,525850,95.49
"jobs hard find",3,525853,95.49
"joe nice meet",3,525856,95.49
"joe thanks follow",3,525859,95.49
"joel happy birthday",3,525862,95.49
"john look forward",3,525865,95.49
"johns hopkins university",3,525868,95.49
"join annual spring",3,525871,95.49
"join baby live",3,525874,95.5
"join battle atlanta",3,525877,95.5
"join live tweeting",3,525880,95.5
"join nd annual",3,525883,95.5
"join part time",3,525886,95.5
"join text club",3,525889,95.5
"join thursday pm",3,525892,95.5
"join twitter party",3,525895,95.5
"joined community named",3,525898,95.5
"jonas fans blessed",3,525901,95.5
"jonathan strange mr",3,525904,95.5
"judge might heard",3,525907,95.5
"juice feel like",3,525910,95.5
"juice lemon lime",3,525913,95.5
"july don forget",3,525916,95.5
"july great day",3,525919,95.5
"july th get",3,525922,95.5
"july th milwaukee",3,525925,95.5
"july th release",3,525928,95.51
"july th yeah",3,525931,95.51
"june th check",3,525934,95.51
"june th fuel",3,525937,95.51
"june th noon",3,525940,95.51
"june th welcome",3,525943,95.51
"junior year college",3,525946,95.51
"just accidentally cut",3,525949,95.51
"just added followers",3,525952,95.51
"just added mall",3,525955,95.51
"just added music",3,525958,95.51
"just apologized mean",3,525961,95.51
"just ask bring",3,525964,95.51
"just ask get",3,525967,95.51
"just ask people",3,525970,95.51
"just asked boyfriend",3,525973,95.51
"just asked date",3,525976,95.51
"just asked people",3,525979,95.51
"just assume things",3,525982,95.51
"just ate donuts",3,525985,95.52
"just ate feel",3,525988,95.52
"just ate huge",3,525991,95.52
"just ate pound",3,525994,95.52
"just ate really",3,525997,95.52
"just ate red",3,526000,95.52
"just ate sandwich",3,526003,95.52
"just ate shrimp",3,526006,95.52
"just attended great",3,526009,95.52
"just become fan",3,526012,95.52
"just believe dreams",3,526015,95.52
"just bored tho",3,526018,95.52
"just bought bag",3,526021,95.52
"just bought car",3,526024,95.52
"just bought domain",3,526027,95.52
"just bought instagram",3,526030,95.52
"just bought million",3,526033,95.52
"just bought pack",3,526036,95.52
"just bought perfect",3,526039,95.53
"just bought red",3,526042,95.53
"just bought sale",3,526045,95.53
"just bought ton",3,526048,95.53
"just called baby",3,526051,95.53
"just called girl",3,526054,95.53
"just called want",3,526057,95.53
"just called work",3,526060,95.53
"just came beach",3,526063,95.53
"just came mall",3,526066,95.53
"just came party",3,526069,95.53
"just came true",3,526072,95.53
"just came yesterday",3,526075,95.53
"just case get",3,526078,95.53
"just case go",3,526081,95.53
"just case haven",3,526084,95.53
"just chasing dream",3,526087,95.53
"just check oz",3,526090,95.53
"just checked bank",3,526093,95.53
"just checked online",3,526096,95.54
"just come anyway",3,526099,95.54
"just come expect",3,526102,95.54
"just come just",3,526105,95.54
"just created facebook",3,526108,95.54
"just day trip",3,526111,95.54
"just days feel",3,526114,95.54
"just decided stop",3,526117,95.54
"just deleted bunch",3,526120,95.54
"just different devils",3,526123,95.54
"just different levels",3,526126,95.54
"just discovered love",3,526129,95.54
"just discovered real",3,526132,95.54
"just discovered tv",3,526135,95.54
"just drink like",3,526138,95.54
"just enjoy life",3,526141,95.54
"just enjoying summer",3,526144,95.54
"just feel pain",3,526147,95.54
"just feel terrible",3,526150,95.55
"just feeling overwhelmed",3,526153,95.55
"just finishing dinner",3,526156,95.55
"just freaking love",3,526159,95.55
"just full surprises",3,526162,95.55
"just gave nice",3,526165,95.55
"just gave really",3,526168,95.55
"just getting day",3,526171,95.55
"just getting high",3,526174,95.55
"just getting just",3,526177,95.55
"just getting little",3,526180,95.55
"just girl standing",3,526183,95.55
"just give come",3,526186,95.55
"just give heart",3,526189,95.55
"just given birth",3,526192,95.55
"just go ask",3,526195,95.55
"just go give",3,526198,95.55
"just go life",3,526201,95.55
"just go really",3,526204,95.56
"just go settings",3,526207,95.56
"just go shopping",3,526210,95.56
"just go wild",3,526213,95.56
"just go win",3,526216,95.56
"just going build",3,526219,95.56
"just going chill",3,526222,95.56
"just going drive",3,526225,95.56
"just going home",3,526228,95.56
"just gonna ask",3,526231,95.56
"just gonna end",3,526234,95.56
"just gonna look",3,526237,95.56
"just gonna love",3,526240,95.56
"just good life",3,526243,95.56
"just good morning",3,526246,95.56
"just got accident",3,526249,95.56
"just got album",3,526252,95.56
"just got annoying",3,526255,95.56
"just got beta",3,526258,95.56
"just got boring",3,526261,95.57
"just got bout",3,526264,95.57
"just got burned",3,526267,95.57
"just got burnt",3,526270,95.57
"just got college",3,526273,95.57
"just got direction",3,526276,95.57
"just got dropping",3,526279,95.57
"just got elected",3,526282,95.57
"just got exciting",3,526285,95.57
"just got fake",3,526288,95.57
"just got family",3,526291,95.57
"just got girl",3,526294,95.57
"just got guess",3,526297,95.57
"just got idea",3,526300,95.57
"just got inside",3,526303,95.57
"just got lab",3,526306,95.57
"just got left",3,526309,95.57
"just got live",3,526312,95.57
"just got million",3,526315,95.58
"just got mind",3,526318,95.58
"just got minutes",3,526321,95.58
"just got named",3,526324,95.58
"just got nyc",3,526327,95.58
"just got permission",3,526330,95.58
"just got permit",3,526333,95.58
"just got photo",3,526336,95.58
"just got picked",3,526339,95.58
"just got play",3,526342,95.58
"just got random",3,526345,95.58
"just got riding",3,526348,95.58
"just got rocked",3,526351,95.58
"just got round",3,526354,95.58
"just got secret",3,526357,95.58
"just got session",3,526360,95.58
"just got shop",3,526363,95.58
"just got smart",3,526366,95.58
"just got sure",3,526369,95.59
"just got teacher",3,526372,95.59
"just got totally",3,526375,95.59
"just got track",3,526378,95.59
"just got upgraded",3,526381,95.59
"just got vacation",3,526384,95.59
"just got win",3,526387,95.59
"just got wisdom",3,526390,95.59
"just gotta accept",3,526393,95.59
"just gotta bring",3,526396,95.59
"just gotta check",3,526399,95.59
"just gotta hope",3,526402,95.59
"just gotta pray",3,526405,95.59
"just gotta walk",3,526408,95.59
"just gotta win",3,526411,95.59
"just great customer",3,526414,95.59
"just great idea",3,526417,95.59
"just guy like",3,526420,95.59
"just hair pulling",3,526423,95.59
"just heard doing",3,526426,95.6
"just heard dude",3,526429,95.6
"just heard preview",3,526432,95.6
"just heard thought",3,526435,95.6
"just heard time",3,526438,95.6
"just heard turn",3,526441,95.6
"just heard word",3,526444,95.6
"just heard words",3,526447,95.6
"just high life",3,526450,95.6
"just hope end",3,526453,95.6
"just hope keep",3,526456,95.6
"just hope knows",3,526459,95.6
"just hope pray",3,526462,95.6
"just hope stays",3,526465,95.6
"just informed going",3,526468,95.6
"just keep asking",3,526471,95.6
"just keep checking",3,526474,95.6
"just keep fighting",3,526477,95.6
"just keep kids",3,526480,95.61
"just keep low",3,526483,95.61
"just keep relationship",3,526486,95.61
"just keep reminding",3,526489,95.61
"just kidding feel",3,526492,95.61
"just kinda weird",3,526495,95.61
"just know today",3,526498,95.61
"just launched last",3,526501,95.61
"just launched weeks",3,526504,95.61
"just learn act",3,526507,95.61
"just learn mistakes",3,526510,95.61
"just learned hard",3,526513,95.61
"just left alone",3,526516,95.61
"just legally change",3,526519,95.61
"just let good",3,526522,95.61
"just let live",3,526525,95.61
"just let thing",3,526528,95.61
"just liked facebook",3,526531,95.61
"just little earthquake",3,526534,95.62
"just little reminder",3,526537,95.62
"just little update",3,526540,95.62
"just little week",3,526543,95.62
"just look away",3,526546,95.62
"just love mean",3,526549,95.62
"just love story",3,526552,95.62
"just love talking",3,526555,95.62
"just lovely time",3,526558,95.62
"just lucky meet",3,526561,95.62
"just make go",3,526564,95.62
"just make home",3,526567,95.62
"just make move",3,526570,95.62
"just make new",3,526573,95.62
"just make people",3,526576,95.62
"just make reservation",3,526579,95.62
"just make time",3,526582,95.62
"just makes like",3,526585,95.62
"just makes things",3,526588,95.62
"just met awesome",3,526591,95.63
"just met day",3,526594,95.63
"just met excited",3,526597,95.63
"just met favorite",3,526600,95.63
"just met great",3,526603,95.63
"just met guys",3,526606,95.63
"just met thanks",3,526609,95.63
"just met tom",3,526612,95.63
"just met yesterday",3,526615,95.63
"just might start",3,526618,95.63
"just might throw",3,526621,95.63
"just mood today",3,526624,95.63
"just necessarily excited",3,526627,95.63
"just nick time",3,526630,95.63
"just noticed guy",3,526633,95.63
"just noticed last",3,526636,95.63
"just noticed lot",3,526639,95.63
"just noticed people",3,526642,95.63
"just opinion don",3,526645,95.64
"just ordered shirts",3,526648,95.64
"just overheard guy",3,526651,95.64
"just part new",3,526654,95.64
"just passing way",3,526657,95.64
"just pick phone",3,526660,95.64
"just pop get",3,526663,95.64
"just pray let",3,526666,95.64
"just put finger",3,526669,95.64
"just put game",3,526672,95.64
"just put money",3,526675,95.64
"just put order",3,526678,95.64
"just put smile",3,526681,95.64
"just quick trip",3,526684,95.64
"just random question",3,526687,95.64
"just reached connections",3,526690,95.64
"just read day",3,526693,95.64
"just read part",3,526696,95.64
"just read profile",3,526699,95.65
"just read says",3,526702,95.65
"just real estate",3,526705,95.65
"just real live",3,526708,95.65
"just really hurts",3,526711,95.65
"just really needed",3,526714,95.65
"just really wanted",3,526717,95.65
"just recently started",3,526720,95.65
"just relaxing today",3,526723,95.65
"just remember get",3,526726,95.65
"just remember happens",3,526729,95.65
"just remember left",3,526732,95.65
"just remember talking",3,526735,95.65
"just reply email",3,526738,95.65
"just reported using",3,526741,95.65
"just returning series",3,526744,95.65
"just right heart",3,526747,95.65
"just right hill",3,526750,95.65
"just right middle",3,526753,95.65
"just right moment",3,526756,95.66
"just right radio",3,526759,95.66
"just rocked world",3,526762,95.66
"just rode past",3,526765,95.66
"just said best",3,526768,95.66
"just said does",3,526771,95.66
"just said excuse",3,526774,95.66
"just said kobe",3,526777,95.66
"just said let",3,526780,95.66
"just said lose",3,526783,95.66
"just said loud",3,526786,95.66
"just said nice",3,526789,95.66
"just said problem",3,526792,95.66
"just said said",3,526795,95.66
"just said tell",3,526798,95.66
"just said think",3,526801,95.66
"just said thinks",3,526804,95.66
"just said wants",3,526807,95.66
"just said word",3,526810,95.67
"just sat chair",3,526813,95.67
"just saw artist",3,526816,95.67
"just saw bill",3,526819,95.67
"just saw boss",3,526822,95.67
"just saw cabin",3,526825,95.67
"just saw campus",3,526828,95.67
"just saw double",3,526831,95.67
"just saw film",3,526834,95.67
"just saw finale",3,526837,95.67
"just saw fly",3,526840,95.67
"just saw golf",3,526843,95.67
"just saw ha",3,526846,95.67
"just saw hands",3,526849,95.67
"just saw harry",3,526852,95.67
"just saw hilarious",3,526855,95.67
"just saw hot",3,526858,95.67
"just saw junior",3,526861,95.67
"just saw late",3,526864,95.67
"just saw latest",3,526867,95.68
"just saw looks",3,526870,95.68
"just saw lovely",3,526873,95.68
"just saw make",3,526876,95.68
"just saw morning",3,526879,95.68
"just saw nyc",3,526882,95.68
"just saw office",3,526885,95.68
"just saw photo",3,526888,95.68
"just saw photos",3,526891,95.68
"just saw playing",3,526894,95.68
"just saw reading",3,526897,95.68
"just saw saturday",3,526900,95.68
"just saw scott",3,526903,95.68
"just saw shake",3,526906,95.68
"just saw sister",3,526909,95.68
"just saw sneak",3,526912,95.68
"just saw tall",3,526915,95.68
"just saw went",3,526918,95.68
"just saying mr",3,526921,95.69
"just school work",3,526924,95.69
"just scored th",3,526927,95.69
"just second time",3,526930,95.69
"just sent contact",3,526933,95.69
"just sent like",3,526936,95.69
"just sent party",3,526939,95.69
"just signed looking",3,526942,95.69
"just snap fingers",3,526945,95.69
"just sold car",3,526948,95.69
"just spending time",3,526951,95.69
"just standing lou",3,526954,95.69
"just started liking",3,526957,95.69
"just started nationwide",3,526960,95.69
"just started snowing",3,526963,95.69
"just step away",3,526966,95.69
"just stop don",3,526969,95.69
"just submitted fingers",3,526972,95.69
"just submitted new",3,526975,95.7
"just take anymore",3,526978,95.7
"just take rest",3,526981,95.7
"just take things",3,526984,95.7
"just taught say",3,526987,95.7
"just tell know",3,526990,95.7
"just tell weekend",3,526993,95.7
"just tell world",3,526996,95.7
"just think big",3,526999,95.7
"just think having",3,527002,95.7
"just think love",3,527005,95.7
"just think mean",3,527008,95.7
"just think pages",3,527011,95.7
"just think safe",3,527014,95.7
"just think want",3,527017,95.7
"just think way",3,527020,95.7
"just thinking last",3,527023,95.7
"just thought different",3,527026,95.7
"just thought people",3,527029,95.7
"just thought saw",3,527032,95.71
"just thought twitter",3,527035,95.71
"just time place",3,527038,95.71
"just time spring",3,527041,95.71
"just time valentines",3,527044,95.71
"just told better",3,527047,95.71
"just told don",3,527050,95.71
"just told follow",3,527053,95.71
"just told know",3,527056,95.71
"just told life",3,527059,95.71
"just told myself",3,527062,95.71
"just told shut",3,527065,95.71
"just told work",3,527068,95.71
"just told yr",3,527071,95.71
"just took huge",3,527074,95.71
"just took new",3,527077,95.71
"just took nice",3,527080,95.71
"just totally made",3,527083,95.71
"just touching base",3,527086,95.72
"just tried last",3,527089,95.72
"just tried play",3,527092,95.72
"just tried skinny",3,527095,95.72
"just trying bring",3,527098,95.72
"just trying cool",3,527101,95.72
"just trying helpful",3,527104,95.72
"just trying reach",3,527107,95.72
"just tweet deserve",3,527110,95.72
"just tweet follow",3,527113,95.72
"just tweet just",3,527116,95.72
"just ur eyes",3,527119,95.72
"just using twitter",3,527122,95.72
"just walked bathroom",3,527125,95.72
"just walked hot",3,527128,95.72
"just walked way",3,527131,95.72
"just walked wearing",3,527134,95.72
"just wash hands",3,527137,95.72
"just wasted minutes",3,527140,95.73
"just watch new",3,527143,95.73
"just watch youtube",3,527146,95.73
"just watching keeping",3,527149,95.73
"just watching new",3,527152,95.73
"just watching old",3,527155,95.73
"just went followers",3,527158,95.73
"just went following",3,527161,95.73
"just went good",3,527164,95.73
"just went hard",3,527167,95.73
"just went said",3,527170,95.73
"just went site",3,527173,95.73
"just went work",3,527176,95.73
"just went world",3,527179,95.73
"just wisdom teeth",3,527182,95.73
"just wish happen",3,527185,95.73
"just wish tell",3,527188,95.73
"just woke little",3,527191,95.73
"just woke morning",3,527194,95.73
"just woke realized",3,527197,95.74
"just woke tell",3,527200,95.74
"just woke thinking",3,527203,95.74
"just won derby",3,527206,95.74
"just won lottery",3,527209,95.74
"just wondering thing",3,527212,95.74
"just wondering today",3,527215,95.74
"just wont work",3,527218,95.74
"just yesterday came",3,527221,95.74
"just yesterday happy",3,527224,95.74
"justice happiness world",3,527227,95.74
"justice honor duty",3,527230,95.74
"justin video boyfriend",3,527233,95.74
"kansas city come",3,527236,95.74
"kansas vs kentucky",3,527239,95.74
"karma takes long",3,527242,95.74
"katy perry blue",3,527245,95.74
"katy perry new",3,527248,95.74
"keep arm girl",3,527251,95.75
"keep asking myself",3,527254,95.75
"keep checking feed",3,527257,95.75
"keep clients date",3,527260,95.75
"keep doing right",3,527263,95.75
"keep eye tech",3,527266,95.75
"keep feel free",3,527269,95.75
"keep going beginning",3,527272,95.75
"keep good tweets",3,527275,95.75
"keep good works",3,527278,95.75
"keep heart healthy",3,527281,95.75
"keep heart open",3,527284,95.75
"keep human failures",3,527287,95.75
"keep interest rates",3,527290,95.75
"keep looking good",3,527293,95.75
"keep mind actually",3,527296,95.75
"keep mind great",3,527299,95.75
"keep people business",3,527302,95.75
"keep posted status",3,527305,95.76
"keep posted thank",3,527308,95.76
"keep posting great",3,527311,95.76
"keep score vince",3,527314,95.76
"keep season going",3,527317,95.76
"keep seeing guys",3,527320,95.76
"keep sending johnny",3,527323,95.76
"keep spirits high",3,527326,95.76
"keep streak going",3,527329,95.76
"keep touch days",3,527332,95.76
"keep touch looking",3,527335,95.76
"keep touch love",3,527338,95.76
"keep touch miss",3,527341,95.76
"keeping busy work",3,527344,95.76
"keeping fingers toes",3,527347,95.76
"ken burns civil",3,527350,95.76
"kennedy wife robert",3,527353,95.76
"kept straight face",3,527356,95.76
"key try bill",3,527359,95.76
"key west florida",3,527362,95.77
"keys play day",3,527365,95.77
"kg ray allen",3,527368,95.77
"kick need get",3,527371,95.77
"kick real salt",3,527374,95.77
"kids done like",3,527377,95.77
"kids eat dinner",3,527380,95.77
"kids face today",3,527383,95.77
"kids fitness device",3,527386,95.77
"kids getting hand",3,527389,95.77
"kids just want",3,527392,95.77
"kids kids heart",3,527395,95.77
"kids middle school",3,527398,95.77
"kids really enjoyed",3,527401,95.77
"kids set batteries",3,527404,95.77
"kids want go",3,527407,95.77
"kind girl white",3,527410,95.77
"kind making feel",3,527413,95.77
"kind response get",3,527416,95.78
"kind words matt",3,527419,95.78
"kind words morning",3,527422,95.78
"kinda late just",3,527425,95.78
"kinda weird like",3,527428,95.78
"kinda wish just",3,527431,95.78
"kindness goes long",3,527434,95.78
"king long live",3,527437,95.78
"kiss concert tickets",3,527440,95.78
"kiss fm midnight",3,527443,95.78
"kiss need distance",3,527446,95.78
"kiss ring touch",3,527449,95.78
"kissed rose gray",3,527452,95.78
"kitchen looks like",3,527455,95.78
"knew feel like",3,527458,95.78
"knew gonna win",3,527461,95.78
"know anyone going",3,527464,95.78
"know anyone works",3,527467,95.78
"know ask follow",3,527470,95.79
"know better go",3,527473,95.79
"know brand new",3,527476,95.79
"know den know",3,527479,95.79
"know did good",3,527482,95.79
"know dinner tonight",3,527485,95.79
"know doing love",3,527488,95.79
"know doing thing",3,527491,95.79
"know doing tomorrow",3,527494,95.79
"know doing weekend",3,527497,95.79
"know don anything",3,527500,95.79
"know don belong",3,527503,95.79
"know don trust",3,527506,95.79
"know don twitter",3,527509,95.79
"know everybody loves",3,527512,95.79
"know facebook people",3,527515,95.79
"know feel life",3,527518,95.79
"know feel pain",3,527521,95.79
"know feels own",3,527524,95.79
"know free week",3,527527,95.8
"know fun games",3,527530,95.8
"know fun way",3,527533,95.8
"know future events",3,527536,95.8
"know get closer",3,527539,95.8
"know get high",3,527542,95.8
"know get real",3,527545,95.8
"know get red",3,527548,95.8
"know get soon",3,527551,95.8
"know get text",3,527554,95.8
"know go check",3,527557,95.8
"know go crazy",3,527560,95.8
"know go good",3,527563,95.8
"know go hard",3,527566,95.8
"know go home",3,527569,95.8
"know go school",3,527572,95.8
"know going fun",3,527575,95.8
"know going sleep",3,527578,95.8
"know going want",3,527581,95.81
"know going world",3,527584,95.81
"know gonna today",3,527587,95.81
"know gonna tweet",3,527590,95.81
"know good iphone",3,527593,95.81
"know good ones",3,527596,95.81
"know good question",3,527599,95.81
"know good resources",3,527602,95.81
"know good writer",3,527605,95.81
"know got really",3,527608,95.81
"know got strings",3,527611,95.81
"know got woman",3,527614,95.81
"know half people",3,527617,95.81
"know having party",3,527620,95.81
"know heart broken",3,527623,95.81
"know ill take",3,527626,95.81
"know key trying",3,527629,95.81
"know kind wine",3,527632,95.81
"know know find",3,527635,95.81
"know know hate",3,527638,95.82
"know know people",3,527641,95.82
"know learn lyrics",3,527644,95.82
"know libraries using",3,527647,95.82
"know like come",3,527650,95.82
"know like days",3,527653,95.82
"know like eat",3,527656,95.82
"know like ha",3,527659,95.82
"know like learn",3,527662,95.82
"know like talk",3,527665,95.82
"know like trying",3,527668,95.82
"know like watch",3,527671,95.82
"know like yeah",3,527674,95.82
"know living dream",3,527677,95.82
"know make proud",3,527680,95.82
"know make way",3,527683,95.82
"know mind just",3,527686,95.82
"know mothers day",3,527689,95.82
"know move forward",3,527692,95.83
"know must feel",3,527695,95.83
"know need address",3,527698,95.83
"know need find",3,527701,95.83
"know need give",3,527704,95.83
"know need just",3,527707,95.83
"know need life",3,527710,95.83
"know need place",3,527713,95.83
"know need thing",3,527716,95.83
"know need vacation",3,527719,95.83
"know ok come",3,527722,95.83
"know ones eat",3,527725,95.83
"know part problem",3,527728,95.83
"know pay cash",3,527731,95.83
"know people own",3,527734,95.83
"know people twitter",3,527737,95.83
"know people write",3,527740,95.83
"know personally just",3,527743,95.83
"know place go",3,527746,95.84
"know plans change",3,527749,95.84
"know really awesome",3,527752,95.84
"know saw twitter",3,527755,95.84
"know say feel",3,527758,95.84
"know say hi",3,527761,95.84
"know say just",3,527764,95.84
"know sent amazing",3,527767,95.84
"know sent shes",3,527770,95.84
"know sounds crazy",3,527773,95.84
"know stage level",3,527776,95.84
"know talk ask",3,527779,95.84
"know talking anymore",3,527782,95.84
"know tastes like",3,527785,95.84
"know think page",3,527788,95.84
"know think questions",3,527791,95.84
"know think trying",3,527794,95.84
"know think want",3,527797,95.84
"know think way",3,527800,95.84
"know time leave",3,527803,95.85
"know time like",3,527806,95.85
"know time make",3,527809,95.85
"know traditional approaches",3,527812,95.85
"know treat man",3,527815,95.85
"know trust booker",3,527818,95.85
"know want great",3,527821,95.85
"know want keep",3,527824,95.85
"know want marry",3,527827,95.85
"know want real",3,527830,95.85
"know want stay",3,527833,95.85
"know wanted go",3,527836,95.85
"know win game",3,527839,95.85
"know women want",3,527842,95.85
"know working new",3,527845,95.85
"know world series",3,527848,95.85
"knowing worth truth",3,527851,95.85
"knowledge young give",3,527854,95.85
"known longest came",3,527857,95.86
"knows make things",3,527860,95.86
"knows man woman",3,527863,95.86
"knows need go",3,527866,95.86
"knows strength put",3,527869,95.86
"la fitness illinois",3,527872,95.86
"la full court",3,527875,95.86
"la gotta get",3,527878,95.86
"la hip hop",3,527881,95.86
"la la full",3,527884,95.86
"la leads series",3,527887,95.86
"lab computers available",3,527890,95.86
"labor day come",3,527893,95.86
"labor day hours",3,527896,95.86
"labor day special",3,527899,95.86
"lack money root",3,527902,95.86
"ladies don need",3,527905,95.86
"ladies love country",3,527908,95.86
"ladies man make",3,527911,95.87
"lady just called",3,527914,95.87
"lady just said",3,527917,95.87
"lady just told",3,527920,95.87
"lake saturday night",3,527923,95.87
"land war asia",3,527926,95.87
"landed san francisco",3,527929,95.87
"laptop won turn",3,527932,95.87
"large cheese pizza",3,527935,95.87
"large container john",3,527938,95.87
"las vegas august",3,527941,95.87
"las vegas booth",3,527944,95.87
"las vegas cash",3,527947,95.87
"las vegas hard",3,527950,95.87
"las vegas hilton",3,527953,95.87
"las vegas love",3,527956,95.87
"las vegas natural",3,527959,95.87
"las vegas people",3,527962,95.87
"las vegas pm",3,527965,95.87
"las vegas welcome",3,527968,95.88
"last days high",3,527971,95.88
"last days summer",3,527974,95.88
"last just like",3,527977,95.88
"last lacrosse game",3,527980,95.88
"last meeting year",3,527983,95.88
"last minute new",3,527986,95.88
"last minute news",3,527989,95.88
"last minute request",3,527992,95.88
"last minute requests",3,527995,95.88
"last minute touches",3,527998,95.88
"last monday high",3,528001,95.88
"last month half",3,528004,95.88
"last person file",3,528007,95.88
"last playoff game",3,528010,95.88
"last playoff games",3,528013,95.88
"last research paper",3,528016,95.88
"last second shots",3,528019,95.88
"last song heard",3,528022,95.89
"last voice hear",3,528025,95.89
"last weekend made",3,528028,95.89
"last weekend really",3,528031,95.89
"last years happened",3,528034,95.89
"late buy tickets",3,528037,95.89
"late good morning",3,528040,95.89
"late last day",3,528043,95.89
"late make sure",3,528046,95.89
"late mike wallace",3,528049,95.89
"late party good",3,528052,95.89
"late response thanks",3,528055,95.89
"late response yes",3,528058,95.89
"late stay tuned",3,528061,95.89
"late tonight early",3,528064,95.89
"late tonight tomorrow",3,528067,95.89
"later just want",3,528070,95.89
"later today good",3,528073,95.89
"later year stoked",3,528076,95.9
"latest news events",3,528079,95.9
"laugh don know",3,528082,95.9
"laughed way hard",3,528085,95.9
"laughing own joke",3,528088,95.9
"laughing own jokes",3,528091,95.9
"laughter day wasted",3,528094,95.9
"launch date hope",3,528097,95.9
"launch last night",3,528100,95.9
"launch love connect",3,528103,95.9
"launches new products",3,528106,95.9
"law enforcement www",3,528109,95.9
"laws control lesser",3,528112,95.9
"lazy sunday hope",3,528115,95.9
"lb beef polish",3,528118,95.9
"le pen voters",3,528121,95.9
"leader work done",3,528124,95.9
"leaders bill gates",3,528127,95.9
"leading war traditional",3,528130,95.9
"leads anger anger",3,528133,95.91
"leads leads leads",3,528136,95.91
"leap year extra",3,528139,95.91
"leap year sale",3,528142,95.91
"learn anything reason",3,528145,95.91
"learn bad idea",3,528148,95.91
"learn defeat haven",3,528151,95.91
"learn early believe",3,528154,95.91
"learn get found",3,528157,95.91
"learn get touch",3,528160,95.91
"learn keep moving",3,528163,95.91
"learn mistakes instead",3,528166,95.91
"learn sign language",3,528169,95.91
"learning curve great",3,528172,95.91
"learning health gift",3,528175,95.91
"leather bound book",3,528178,95.91
"leave alone want",3,528181,95.91
"leave early get",3,528184,95.91
"leave just thing",3,528187,95.92
"leave keeps pulling",3,528190,95.92
"leave message don",3,528193,95.92
"leave stone lives",3,528196,95.92
"leaving house morning",3,528199,95.92
"leaving phone home",3,528202,95.92
"left car door",3,528205,95.92
"left chance win",3,528208,95.92
"left get paid",3,528211,95.92
"left house morning",3,528214,95.92
"left last week",3,528217,95.92
"left learn learn",3,528220,95.92
"left living room",3,528223,95.92
"left mrs christopher",3,528226,95.92
"left spring break",3,528229,95.92
"legal needs www",3,528232,95.92
"legally considered years",3,528235,95.92
"legs let go",3,528238,95.92
"legs really sore",3,528241,95.93
"lemon olive oil",3,528244,95.93
"leo just want",3,528247,95.93
"lessons learned past",3,528250,95.93
"let actions speak",3,528253,95.93
"let adventures begin",3,528256,95.93
"let beard grow",3,528259,95.93
"let begin mother",3,528262,95.93
"let bill boy",3,528265,95.93
"let buy drink",3,528268,95.93
"let chat email",3,528271,95.93
"let check calendar",3,528274,95.93
"let connect week",3,528277,95.93
"let drinks soon",3,528280,95.93
"let drive arms",3,528283,95.93
"let go city",3,528286,95.93
"let go control",3,528289,95.93
"let go dodgers",3,528292,95.93
"let go eagles",3,528295,95.93
"let go final",3,528298,95.94
"let go hang",3,528301,95.94
"let go hurts",3,528304,95.94
"let go maybe",3,528307,95.94
"let go mind",3,528310,95.94
"let go pack",3,528313,95.94
"let go pats",3,528316,95.94
"let go philly",3,528319,95.94
"let go ready",3,528322,95.94
"let go ryan",3,528325,95.94
"let go town",3,528328,95.94
"let go ur",3,528331,95.94
"let go use",3,528334,95.94
"let go william",3,528337,95.94
"let go zoo",3,528340,95.94
"let good things",3,528343,95.94
"let grateful people",3,528346,95.94
"let group educate",3,528349,95.94
"let guess just",3,528352,95.95
"let heart high",3,528355,95.95
"let hold told",3,528358,95.95
"let hope spring",3,528361,95.95
"let hope th",3,528364,95.95
"let just agree",3,528367,95.95
"let just focus",3,528370,95.95
"let just like",3,528373,95.95
"let just move",3,528376,95.95
"let justin go",3,528379,95.95
"let kids feed",3,528382,95.95
"let know busy",3,528385,95.95
"let know celebrate",3,528388,95.95
"let know exactly",3,528391,95.95
"let know fix",3,528394,95.95
"let know hot",3,528397,95.95
"let know part",3,528400,95.95
"let know problem",3,528403,95.95
"let know problems",3,528406,95.96
"let know room",3,528409,95.96
"let know share",3,528412,95.96
"let know songs",3,528415,95.96
"let know sweet",3,528418,95.96
"let know thursday",3,528421,95.96
"let know topics",3,528424,95.96
"let know touch",3,528427,95.96
"let know welcome",3,528430,95.96
"let life go",3,528433,95.96
"let like get",3,528436,95.96
"let little secret",3,528439,95.96
"let make difference",3,528442,95.96
"let make easy",3,528445,95.96
"let make magic",3,528448,95.96
"let make night",3,528451,95.96
"let make time",3,528454,95.96
"let microwave hit",3,528457,95.96
"let negative people",3,528460,95.96
"let past let",3,528463,95.97
"let plan soon",3,528466,95.97
"let punch face",3,528469,95.97
"let racing begin",3,528472,95.97
"let rain fall",3,528475,95.97
"let real soon",3,528478,95.97
"let rest day",3,528481,95.97
"let rock world",3,528484,95.97
"let sing song",3,528487,95.97
"let stay way",3,528490,95.97
"let switch places",3,528493,95.97
"let talk make",3,528496,95.97
"let tears fall",3,528499,95.97
"let things alone",3,528502,95.97
"let training begin",3,528505,95.97
"let whitney rest",3,528508,95.97
"let young let",3,528511,95.97
"lets get dinner",3,528514,95.97
"lets get drink",3,528517,95.98
"lets get go",3,528520,95.98
"lets get shows",3,528523,95.98
"lets keep coming",3,528526,95.98
"letting anything get",3,528529,95.98
"letting know great",3,528532,95.98
"letting know try",3,528535,95.98
"level best success",3,528538,95.98
"libraries libraries libraries",3,528541,95.98
"library april th",3,528544,95.98
"library board meeting",3,528547,95.98
"library card number",3,528550,95.98
"library test kitchen",3,528553,95.98
"life balance work",3,528556,95.98
"life best lessons",3,528559,95.98
"life best way",3,528562,95.98
"life bridge cross",3,528565,95.98
"life change completely",3,528568,95.98
"life change go",3,528571,95.98
"life come support",3,528574,95.99
"life crazy busy",3,528577,95.99
"life dance learn",3,528580,95.99
"life dream wise",3,528583,95.99
"life dress rehearsal",3,528586,95.99
"life enjoy life",3,528589,95.99
"life full time",3,528592,95.99
"life give away",3,528595,95.99
"life go don",3,528598,95.99
"life good love",3,528601,95.99
"life good make",3,528604,95.99
"life good person",3,528607,95.99
"life good work",3,528610,95.99
"life got beat",3,528613,95.99
"life got love",3,528616,95.99
"life gradually expand",3,528619,95.99
"life just come",3,528622,95.99
"life just don",3,528625,95.99
"life just going",3,528628,96
"life just good",3,528631,96
"life let take",3,528634,96
"life like garden",3,528637,96
"life lived loved",3,528640,96
"life look forward",3,528643,96
"life man diary",3,528646,96
"life matter want",3,528649,96
"life music import",3,528652,96
"life music like",3,528655,96
"life music love",3,528658,96
"life need just",3,528661,96
"life offers chance",3,528664,96
"life oh yeah",3,528667,96
"life prize live",3,528670,96
"life real realize",3,528673,96
"life responsible happiness",3,528676,96
"life riley victim",3,528679,96
"life short bad",3,528682,96.01
"life stop trying",3,528685,96.01
"life story make",3,528688,96.01
"life sucks bad",3,528691,96.01
"life take opportunity",3,528694,96.01
"life thursday work",3,528697,96.01
"life touch edges",3,528700,96.01
"life tried balance",3,528703,96.01
"life world trying",3,528706,96.01
"life years ago",3,528709,96.01
"lifetime original movie",3,528712,96.01
"lift anything heavy",3,528715,96.01
"lifted weights hour",3,528718,96.01
"light rail stop",3,528721,96.01
"lights special guest",3,528724,96.01
"like actions turn",3,528727,96.01
"like albert einstein",3,528730,96.01
"like anything like",3,528733,96.01
"like anything wrong",3,528736,96.01
"like appearance don",3,528739,96.02
"like bacon wrong",3,528742,96.02
"like better people",3,528745,96.02
"like big big",3,528748,96.02
"like big girl",3,528751,96.02
"like biggest fans",3,528754,96.02
"like bill ted",3,528757,96.02
"like bruno mars",3,528760,96.02
"like car go",3,528763,96.02
"like cave man",3,528766,96.02
"like chicken head",3,528769,96.02
"like college basketball",3,528772,96.02
"like country song",3,528775,96.02
"like crazy follow",3,528778,96.02
"like crazy girl",3,528781,96.02
"like crazy last",3,528784,96.02
"like crazy twitter",3,528787,96.02
"like day got",3,528790,96.02
"like day work",3,528793,96.03
"like degrees house",3,528796,96.03
"like did make",3,528799,96.03
"like did way",3,528802,96.03
"like discuss opportunity",3,528805,96.03
"like doing anymore",3,528808,96.03
"like doing cool",3,528811,96.03
"like doing laundry",3,528814,96.03
"like don live",3,528817,96.03
"like don look",3,528820,96.03
"like don remember",3,528823,96.03
"like don wear",3,528826,96.03
"like dying cat",3,528829,96.03
"like eat drink",3,528832,96.03
"like expecting bull",3,528835,96.03
"like facebook pg",3,528838,96.03
"like fall asleep",3,528841,96.03
"like feet taller",3,528844,96.03
"like fun people",3,528847,96.04
"like gang bang",3,528850,96.04
"like get better",3,528853,96.04
"like get info",3,528856,96.04
"like get just",3,528859,96.04
"like get paid",3,528862,96.04
"like getting little",3,528865,96.04
"like getting stabbed",3,528868,96.04
"like glass goes",3,528871,96.04
"like glue baby",3,528874,96.04
"like go date",3,528877,96.04
"like go far",3,528880,96.04
"like go outside",3,528883,96.04
"like going amazing",3,528886,96.04
"like going cry",3,528889,96.04
"like going date",3,528892,96.04
"like going dentist",3,528895,96.04
"like going find",3,528898,96.04
"like going like",3,528901,96.04
"like going lose",3,528904,96.05
"like going perfect",3,528907,96.05
"like going short",3,528910,96.05
"like gonna start",3,528913,96.05
"like good work",3,528916,96.05
"like got game",3,528919,96.05
"like got got",3,528922,96.05
"like got kicked",3,528925,96.05
"like got like",3,528928,96.05
"like got lot",3,528931,96.05
"like got shot",3,528934,96.05
"like got sleep",3,528937,96.05
"like gotta go",3,528940,96.05
"like great cause",3,528943,96.05
"like great lineup",3,528946,96.05
"like guess go",3,528949,96.05
"like having get",3,528952,96.05
"like having heart",3,528955,96.05
"like hear cover",3,528958,96.06
"like hear get",3,528961,96.06
"like hear thanks",3,528964,96.06
"like heard song",3,528967,96.06
"like hearing radio",3,528970,96.06
"like heaven mouth",3,528973,96.06
"like historical fiction",3,528976,96.06
"like hope belief",3,528979,96.06
"like interesting way",3,528982,96.06
"like join annual",3,528985,96.06
"like kansas city",3,528988,96.06
"like kind person",3,528991,96.06
"like king kong",3,528994,96.06
"like know answer",3,528997,96.06
"like know get",3,529000,96.06
"like know might",3,529003,96.06
"like last yr",3,529006,96.06
"like lemonade days",3,529009,96.06
"like like facebook",3,529012,96.07
"like like said",3,529015,96.07
"like little league",3,529018,96.07
"like lot friends",3,529021,96.07
"like lots common",3,529024,96.07
"like love doing",3,529027,96.07
"like love don",3,529030,96.07
"like love goodnight",3,529033,96.07
"like love life",3,529036,96.07
"like love want",3,529039,96.07
"like loves protect",3,529042,96.07
"like meet thanks",3,529045,96.07
"like missed fun",3,529048,96.07
"like missed someday",3,529051,96.07
"like moving new",3,529054,96.07
"like moving slow",3,529057,96.07
"like mr clean",3,529060,96.07
"like must keep",3,529063,96.07
"like nba player",3,529066,96.07
"like need buy",3,529069,96.08
"like need drink",3,529072,96.08
"like need know",3,529075,96.08
"like need look",3,529078,96.08
"like needed someday",3,529081,96.08
"like new blog",3,529084,96.08
"like new book",3,529087,96.08
"like past hours",3,529090,96.08
"like people come",3,529093,96.08
"like people give",3,529096,96.08
"like people happy",3,529099,96.08
"like people nice",3,529102,96.08
"like people shake",3,529105,96.08
"like people walking",3,529108,96.08
"like people work",3,529111,96.08
"like people world",3,529114,96.08
"like piece paper",3,529117,96.08
"like pill take",3,529120,96.08
"like place might",3,529123,96.09
"like place order",3,529126,96.09
"like puerto rico",3,529129,96.09
"like raise hand",3,529132,96.09
"like rd person",3,529135,96.09
"like really hard",3,529138,96.09
"like really makes",3,529141,96.09
"like really missing",3,529144,96.09
"like reggie bush",3,529147,96.09
"like remembers did",3,529150,96.09
"like right think",3,529153,96.09
"like running circles",3,529156,96.09
"like said walk",3,529159,96.09
"like say work",3,529162,96.09
"like says good",3,529165,96.09
"like send tweet",3,529168,96.09
"like severe weather",3,529171,96.09
"like short stories",3,529174,96.09
"like single party",3,529177,96.1
"like sister said",3,529180,96.1
"like social network",3,529183,96.1
"like sounds good",3,529186,96.1
"like soundtrack july",3,529189,96.1
"like sports like",3,529192,96.1
"like sports teams",3,529195,96.1
"like stars perfect",3,529198,96.1
"like statue liberty",3,529201,96.1
"like stuck head",3,529204,96.1
"like support page",3,529207,96.1
"like sweetest joy",3,529210,96.1
"like swift kick",3,529213,96.1
"like taxi meter",3,529216,96.1
"like texting people",3,529219,96.1
"like think doing",3,529222,96.1
"like think time",3,529225,96.1
"like time new",3,529228,96.1
"like time set",3,529231,96.1
"like today just",3,529234,96.11
"like today makes",3,529237,96.11
"like took dump",3,529240,96.11
"like traffic jam",3,529243,96.11
"like tweeting texting",3,529246,96.11
"like twice today",3,529249,96.11
"like video austin",3,529252,96.11
"like wait get",3,529255,96.11
"like wake early",3,529258,96.11
"like walking umbrella",3,529261,96.11
"like want feel",3,529264,96.11
"like want put",3,529267,96.11
"like want start",3,529270,96.11
"like water chocolate",3,529273,96.11
"like way feel",3,529276,96.11
"like wild rose",3,529279,96.11
"like words don",3,529282,96.11
"like write blog",3,529285,96.11
"like write like",3,529288,96.12
"like yes just",3,529291,96.12
"liked mean like",3,529294,96.12
"likely don know",3,529297,96.12
"likely suffer heart",3,529300,96.12
"likes let get",3,529303,96.12
"limitations sure richard",3,529306,96.12
"limited own imagination",3,529309,96.12
"lincoln vs zombies",3,529312,96.12
"line stay tuned",3,529315,96.12
"listen awesome music",3,529318,96.12
"listen day like",3,529321,96.12
"listen hip hop",3,529324,96.12
"listen house music",3,529327,96.12
"listen radio station",3,529330,96.12
"listen song song",3,529333,96.12
"listened long time",3,529336,96.12
"listening actual conversation",3,529339,96.12
"listening album right",3,529342,96.12
"listening beach boys",3,529345,96.13
"listening dance like",3,529348,96.13
"listening frank ocean",3,529351,96.13
"listening great song",3,529354,96.13
"listening great stuff",3,529357,96.13
"listening just got",3,529360,96.13
"listening looking forward",3,529363,96.13
"listening love guys",3,529366,96.13
"listening music itunes",3,529369,96.13
"listening music people",3,529372,96.13
"listening music texting",3,529375,96.13
"listening rest day",3,529378,96.13
"listening rick james",3,529381,96.13
"listening students talk",3,529384,96.13
"lists let know",3,529387,96.13
"literally best tv",3,529390,96.13
"literally counting days",3,529393,96.13
"literally falling asleep",3,529396,96.13
"literally singing song",3,529399,96.14
"literally sitting car",3,529402,96.14
"little adorable pink",3,529405,96.14
"little boys day",3,529408,96.14
"little cousin party",3,529411,96.14
"little early know",3,529414,96.14
"little friday night",3,529417,96.14
"little future take",3,529420,96.14
"little girl came",3,529423,96.14
"little good thing",3,529426,96.14
"little just like",3,529429,96.14
"little know fact",3,529432,96.14
"little miss beautiful",3,529435,96.14
"little mom gets",3,529438,96.14
"little people making",3,529441,96.14
"little plans magic",3,529444,96.14
"little relationship healthy",3,529447,96.14
"little rock arkansas",3,529450,96.14
"little season finale",3,529453,96.15
"little sounds like",3,529456,96.15
"little sydney smith",3,529459,96.15
"little things get",3,529462,96.15
"little work done",3,529465,96.15
"little yr old",3,529468,96.15
"live action version",3,529471,96.15
"live concert announcements",3,529474,96.15
"live constant state",3,529477,96.15
"live doors open",3,529480,96.15
"live double life",3,529483,96.15
"live fantasy world",3,529486,96.15
"live jazz dc",3,529489,96.15
"live jazz pm",3,529492,96.15
"live late night",3,529495,96.15
"live life based",3,529498,96.15
"live life get",3,529501,96.15
"live life proceed",3,529504,96.15
"live life terms",3,529507,96.15
"live long healthy",3,529510,96.16
"live marry person",3,529513,96.16
"live miami area",3,529516,96.16
"live minus day",3,529519,96.16
"live mission control",3,529522,96.16
"live moment don",3,529525,96.16
"live moment love",3,529528,96.16
"live music night",3,529531,96.16
"live music sat",3,529534,96.16
"live music silent",3,529537,96.16
"live music tomorrow",3,529540,96.16
"live nyc marina",3,529543,96.16
"live opposite qualities",3,529546,96.16
"live place called",3,529549,96.16
"live pm midnight",3,529552,96.16
"live radio tonight",3,529555,96.16
"live san fran",3,529558,96.16
"live southern california",3,529561,96.16
"live studio audience",3,529564,96.17
"live th district",3,529567,96.17
"live time waste",3,529570,96.17
"live tweeting blogging",3,529573,96.17
"live tweeting class",3,529576,96.17
"live world live",3,529579,96.17
"live years old",3,529582,96.17
"liver drink care",3,529585,96.17
"lives must lead",3,529588,96.17
"lives san antonio",3,529591,96.17
"lives touches eternity",3,529594,96.17
"lives waiting traffic",3,529597,96.17
"living mom basement",3,529600,96.17
"living room tonight",3,529603,96.17
"living social deals",3,529606,96.17
"living van river",3,529609,96.17
"living west coast",3,529612,96.17
"living world today",3,529615,96.17
"local bands playing",3,529618,96.18
"local community college",3,529621,96.18
"local elementary school",3,529624,96.18
"local nbc affiliate",3,529627,96.18
"local social media",3,529630,96.18
"london san francisco",3,529633,96.18
"long dark hair",3,529636,96.18
"long gotta go",3,529639,96.18
"long happy matters",3,529642,96.18
"long having fun",3,529645,96.18
"long just going",3,529648,96.18
"long keep doing",3,529651,96.18
"long lose common",3,529654,96.18
"long make sure",3,529657,96.18
"long term parking",3,529660,96.18
"long term thinking",3,529663,96.18
"long term vision",3,529666,96.18
"long walk freedom",3,529669,96.18
"longest time thought",3,529672,96.18
"look agree wrong",3,529675,96.19
"look alike think",3,529678,96.19
"look calm head",3,529681,96.19
"look couple days",3,529684,96.19
"look don care",3,529687,96.19
"look eye focus",3,529690,96.19
"look feel beautiful",3,529693,96.19
"look future past",3,529696,96.19
"look going way",3,529699,96.19
"look good distance",3,529702,96.19
"look good eat",3,529705,96.19
"look good middle",3,529708,96.19
"look good new",3,529711,96.19
"look like bird",3,529714,96.19
"look like blake",3,529717,96.19
"look like bout",3,529720,96.19
"look like brothers",3,529723,96.19
"look like christmas",3,529726,96.19
"look like come",3,529729,96.2
"look like cute",3,529732,96.2
"look like eat",3,529735,96.2
"look like face",3,529738,96.2
"look like fools",3,529741,96.2
"look like freaking",3,529744,96.2
"look like fresh",3,529747,96.2
"look like full",3,529750,96.2
"look like hair",3,529753,96.2
"look like handsome",3,529756,96.2
"look like hate",3,529759,96.2
"look like hoe",3,529762,96.2
"look like instagram",3,529765,96.2
"look like joe",3,529768,96.2
"look like lady",3,529771,96.2
"look like leave",3,529774,96.2
"look like michael",3,529777,96.2
"look like monster",3,529780,96.2
"look like nuts",3,529783,96.21
"look like quality",3,529786,96.21
"look like rock",3,529789,96.21
"look like running",3,529792,96.21
"look like scene",3,529795,96.21
"look like thought",3,529798,96.21
"look like total",3,529801,96.21
"look like wanna",3,529804,96.21
"look like wit",3,529807,96.21
"look like work",3,529810,96.21
"look like yo",3,529813,96.21
"look people getting",3,529816,96.21
"look person laugh",3,529819,96.21
"look seem like",3,529822,96.21
"look sounds like",3,529825,96.21
"look teacher excuse",3,529828,96.21
"looked bit like",3,529831,96.21
"looked like little",3,529834,96.21
"looked like straight",3,529837,96.21
"looked real good",3,529840,96.22
"looking buddy rule",3,529843,96.22
"looking food trucks",3,529846,96.22
"looking forward al",3,529849,96.22
"looking forward ala",3,529852,96.22
"looking forward ask",3,529855,96.22
"looking forward building",3,529858,96.22
"looking forward commentary",3,529861,96.22
"looking forward community",3,529864,96.22
"looking forward dealing",3,529867,96.22
"looking forward fabulous",3,529870,96.22
"looking forward food",3,529873,96.22
"looking forward friend",3,529876,96.22
"looking forward growing",3,529879,96.22
"looking forward jan",3,529882,96.22
"looking forward keep",3,529885,96.22
"looking forward launching",3,529888,96.22
"looking forward magazine",3,529891,96.22
"looking forward man",3,529894,96.23
"looking forward maybe",3,529897,96.23
"looking forward office",3,529900,96.23
"looking forward partying",3,529903,96.23
"looking forward possibilities",3,529906,96.23
"looking forward powerful",3,529909,96.23
"looking forward senior",3,529912,96.23
"looking forward spinning",3,529915,96.23
"looking forward technology",3,529918,96.23
"looking forward tour",3,529921,96.23
"looking forward tues",3,529924,96.23
"looking forward wed",3,529927,96.23
"looking good books",3,529930,96.23
"looking good contractor",3,529933,96.23
"looking good food",3,529936,96.23
"looking good ideas",3,529939,96.23
"looking good let",3,529942,96.23
"looking java technical",3,529945,96.23
"looking just looking",3,529948,96.24
"looking like end",3,529951,96.24
"looking like leather",3,529954,96.24
"looking like lost",3,529957,96.24
"looking literary agent",3,529960,96.24
"looking low cost",3,529963,96.24
"looking make impact",3,529966,96.24
"looking new producers",3,529969,96.24
"looking perfect lover",3,529972,96.24
"looking pictures took",3,529975,96.24
"looking place eat",3,529978,96.24
"looking rock star",3,529981,96.24
"looking strong technical",3,529984,96.24
"looking summer intern",3,529987,96.24
"looking upgrade soon",3,529990,96.24
"looking way help",3,529993,96.24
"looks good end",3,529996,96.24
"looks good today",3,529999,96.24
"looks great going",3,530002,96.24
"looks great long",3,530005,96.25
"looks great thank",3,530008,96.25
"looks like alex",3,530011,96.25
"looks like angel",3,530014,96.25
"looks like badly",3,530017,96.25
"looks like bulls",3,530020,96.25
"looks like cast",3,530023,96.25
"looks like channel",3,530026,96.25
"looks like common",3,530029,96.25
"looks like creepy",3,530032,96.25
"looks like cute",3,530035,96.25
"looks like doug",3,530038,96.25
"looks like driving",3,530041,96.25
"looks like easy",3,530044,96.25
"looks like fake",3,530047,96.25
"looks like final",3,530050,96.25
"looks like free",3,530053,96.25
"looks like george",3,530056,96.25
"looks like hacking",3,530059,96.26
"looks like happened",3,530062,96.26
"looks like high",3,530065,96.26
"looks like incredible",3,530068,96.26
"looks like kinda",3,530071,96.26
"looks like la",3,530074,96.26
"looks like main",3,530077,96.26
"looks like moment",3,530080,96.26
"looks like month",3,530083,96.26
"looks like mr",3,530086,96.26
"looks like nba",3,530089,96.26
"looks like nightmare",3,530092,96.26
"looks like obama",3,530095,96.26
"looks like order",3,530098,96.26
"looks like place",3,530101,96.26
"looks like pony",3,530104,96.26
"looks like rainbow",3,530107,96.26
"looks like roll",3,530110,96.26
"looks like round",3,530113,96.26
"looks like sat",3,530116,96.27
"looks like says",3,530119,96.27
"looks like severe",3,530122,96.27
"looks like smelling",3,530125,96.27
"looks like social",3,530128,96.27
"looks like stick",3,530131,96.27
"looks like sunday",3,530134,96.27
"looks like thinking",3,530137,96.27
"looks like ticket",3,530140,96.27
"looks like totally",3,530143,96.27
"looks like track",3,530146,96.27
"looks like training",3,530149,96.27
"looks like try",3,530152,96.27
"looks like turkey",3,530155,96.27
"looks like wanted",3,530158,96.27
"looks like wish",3,530161,96.27
"looks like wont",3,530164,96.27
"looks lot better",3,530167,96.27
"looks lot different",3,530170,96.28
"looks right alley",3,530173,96.28
"looks super cute",3,530176,96.28
"loose lips sink",3,530179,96.28
"lord beginning knowledge",3,530182,96.28
"lord knows want",3,530185,96.28
"lord rings star",3,530188,96.28
"los angeles new",3,530191,96.28
"los angeles recording",3,530194,96.28
"lose soul wisdom",3,530197,96.28
"lost last game",3,530200,96.28
"lost love life",3,530203,96.28
"lost love ones",3,530206,96.28
"lost month ago",3,530209,96.28
"lost series finale",3,530212,96.28
"lot fun looking",3,530215,96.28
"lot fun right",3,530218,96.28
"lot fun today",3,530221,96.28
"lot going just",3,530224,96.29
"lot going right",3,530227,96.29
"lot hot air",3,530230,96.29
"lot imagination john",3,530233,96.29
"lot just watching",3,530236,96.29
"lot lately just",3,530239,96.29
"lot new faces",3,530242,96.29
"lot new people",3,530245,96.29
"lot people haven",3,530248,96.29
"lot people lives",3,530251,96.29
"lot people lost",3,530254,96.29
"lot people read",3,530257,96.29
"lot people right",3,530260,96.29
"lot people said",3,530263,96.29
"lot people surprised",3,530266,96.29
"lot people talent",3,530269,96.29
"lots getting done",3,530272,96.29
"lots things make",3,530275,96.29
"lots thunder lightning",3,530278,96.29
"loud happy birthday",3,530281,96.3
"loudly cell phone",3,530284,96.3
"loudly hear say",3,530287,96.3
"louis armstrong recorded",3,530290,96.3
"lounge adam foster",3,530293,96.3
"lounge market akron",3,530296,96.3
"lounge milwaukee pm",3,530299,96.3
"lounge tonight get",3,530302,96.3
"lounge tonight new",3,530305,96.3
"lounge tonight starts",3,530308,96.3
"love able take",3,530311,96.3
"love addicted pain",3,530314,96.3
"love answer problem",3,530317,96.3
"love basketball wives",3,530320,96.3
"love boy anything",3,530323,96.3
"love cause know",3,530326,96.3
"love country boys",3,530329,96.3
"love dance love",3,530332,96.3
"love don deserve",3,530335,96.31
"love don don",3,530338,96.31
"love don settle",3,530341,96.31
"love driving windows",3,530344,96.31
"love ease follow",3,530347,96.31
"love eat like",3,530350,96.31
"love electricity dear",3,530353,96.31
"love fact school",3,530356,96.31
"love falls line",3,530359,96.31
"love far love",3,530362,96.31
"love favor brave",3,530365,96.31
"love favorite thing",3,530368,96.31
"love follow amazing",3,530371,96.31
"love foundation decisions",3,530374,96.31
"love get life",3,530377,96.31
"love get put",3,530380,96.31
"love giving love",3,530383,96.31
"love glad able",3,530386,96.31
"love good deal",3,530389,96.32
"love good dog",3,530392,96.32
"love good writing",3,530395,96.32
"love guys best",3,530398,96.32
"love guys get",3,530401,96.32
"love guys guys",3,530404,96.32
"love guys inspire",3,530407,96.32
"love guys rock",3,530410,96.32
"love guys wish",3,530413,96.32
"love hate don",3,530416,96.32
"love health happiness",3,530419,96.32
"love hear sing",3,530422,96.32
"love hope enjoying",3,530425,96.32
"love hope fantastic",3,530428,96.32
"love hope stays",3,530431,96.32
"love hot air",3,530434,96.32
"love hump day",3,530437,96.32
"love icon background",3,530440,96.32
"love joan rivers",3,530443,96.32
"love join team",3,530446,96.33
"love just came",3,530449,96.33
"love just realized",3,530452,96.33
"love just talk",3,530455,96.33
"love know don",3,530458,96.33
"love know help",3,530461,96.33
"love know thought",3,530464,96.33
"love know thoughts",3,530467,96.33
"love laugh life",3,530470,96.33
"love life know",3,530473,96.33
"love life make",3,530476,96.33
"love life wait",3,530479,96.33
"love like don",3,530482,96.33
"love like pair",3,530485,96.33
"love like sound",3,530488,96.33
"love like wild",3,530491,96.33
"love list thanks",3,530494,96.33
"love long island",3,530497,96.33
"love lot people",3,530500,96.34
"love lots fun",3,530503,96.34
"love make weak",3,530506,96.34
"love maybe love",3,530509,96.34
"love messing people",3,530512,96.34
"love mid sized",3,530515,96.34
"love miss baby",3,530518,96.34
"love miss face",3,530521,96.34
"love miss girl",3,530524,96.34
"love miss like",3,530527,96.34
"love mommy daddy",3,530530,96.34
"love money just",3,530533,96.34
"love morning runs",3,530536,96.34
"love movie love",3,530539,96.34
"love music makes",3,530542,96.34
"love nice day",3,530545,96.34
"love ny love",3,530548,96.34
"love oh love",3,530551,96.34
"love oh yeah",3,530554,96.35
"love people need",3,530557,96.35
"love people play",3,530560,96.35
"love people throw",3,530563,96.35
"love pretty sure",3,530566,96.35
"love put trust",3,530569,96.35
"love resident evil",3,530572,96.35
"love saying anything",3,530575,96.35
"love seeing play",3,530578,96.35
"love seeing thanks",3,530581,96.35
"love seeing tonight",3,530584,96.35
"love self discipline",3,530587,96.35
"love send gift",3,530590,96.35
"love set interview",3,530593,96.35
"love share friends",3,530596,96.35
"love song lot",3,530599,96.35
"love song times",3,530602,96.35
"love st louis",3,530605,96.35
"love stay connected",3,530608,96.35
"love strong like",3,530611,96.36
"love style love",3,530614,96.36
"love thanks joining",3,530617,96.36
"love tuesday night",3,530620,96.36
"love twitter family",3,530623,96.36
"love ur food",3,530626,96.36
"love ur funny",3,530629,96.36
"love ur profile",3,530632,96.36
"love ur twitter",3,530635,96.36
"love ur way",3,530638,96.36
"love use word",3,530641,96.36
"love used live",3,530644,96.36
"love waking cute",3,530647,96.36
"love watching chelsea",3,530650,96.36
"love watching just",3,530653,96.36
"love way smile",3,530656,96.36
"love way tastes",3,530659,96.36
"love white women",3,530662,96.36
"love work like",3,530665,96.37
"love work looking",3,530668,96.37
"love work thanks",3,530671,96.37
"love world peace",3,530674,96.37
"love writing music",3,530677,96.37
"loved bob marley",3,530680,96.37
"loved having great",3,530683,96.37
"loved new video",3,530686,96.37
"loved watching play",3,530689,96.37
"lovely weather having",3,530692,96.37
"lover instead creating",3,530695,96.37
"lovers go bed",3,530698,96.37
"loves just way",3,530701,96.37
"loving everybody time",3,530704,96.37
"loving fall weather",3,530707,96.37
"low dairy products",3,530710,96.37
"low fee counseling",3,530713,96.37
"lows lower southeast",3,530716,96.37
"luck contestants competing",3,530719,96.38
"luck hope works",3,530722,96.38
"luck love good",3,530725,96.38
"lucky amazing guy",3,530728,96.38
"lucky get work",3,530731,96.38
"lucky run late",3,530734,96.38
"lunch delivery free",3,530737,96.38
"lunch gonna great",3,530740,96.38
"lunch great conversation",3,530743,96.38
"lunch high school",3,530746,96.38
"lunch today team",3,530749,96.38
"lying bed middle",3,530752,96.38
"lying telling truth",3,530755,96.38
"lyrics stuck head",3,530758,96.38
"mac ipad iphone",3,530761,96.38
"made artificial flavors",3,530764,96.38
"made body mind",3,530767,96.38
"made chocolate cake",3,530770,96.38
"made day following",3,530773,96.38
"made day makes",3,530776,96.39
"made day seriously",3,530779,96.39
"made difference robert",3,530782,96.39
"made difference today",3,530785,96.39
"made executive decision",3,530788,96.39
"made heart smile",3,530791,96.39
"made huge saves",3,530794,96.39
"made mac cheese",3,530797,96.39
"made people don",3,530800,96.39
"made plans tonight",3,530803,96.39
"made social media",3,530806,96.39
"madison wi check",3,530809,96.39
"madness right corner",3,530812,96.39
"madonna superbowl halftime",3,530815,96.39
"magazine need cancel",3,530818,96.39
"magic power coffee",3,530821,96.39
"mail dot com",3,530824,96.39
"main thing keeping",3,530827,96.39
"mainstream news media",3,530830,96.4
"major buzz guaranteed",3,530833,96.4
"majority virginia senate",3,530836,96.4
"make anything work",3,530839,96.4
"make awesome day",3,530842,96.4
"make better followed",3,530845,96.4
"make better know",3,530848,96.4
"make break tonight",3,530851,96.4
"make cold go",3,530854,96.4
"make cool makes",3,530857,96.4
"make count make",3,530860,96.4
"make day perfect",3,530863,96.4
"make day thank",3,530866,96.4
"make difference dream",3,530869,96.4
"make difference people",3,530872,96.4
"make effort go",3,530875,96.4
"make effort talk",3,530878,96.4
"make extra dollars",3,530881,96.4
"make face look",3,530884,96.4
"make face shine",3,530887,96.41
"make far life",3,530890,96.41
"make figures month",3,530893,96.41
"make forget love",3,530896,96.41
"make fun don",3,530899,96.41
"make fun make",3,530902,96.41
"make fun myself",3,530905,96.41
"make fun twitter",3,530908,96.41
"make good st",3,530911,96.41
"make good weekend",3,530914,96.41
"make great impression",3,530917,96.41
"make great loaf",3,530920,96.41
"make great place",3,530923,96.41
"make great stories",3,530926,96.41
"make happen going",3,530929,96.41
"make happen summer",3,530932,96.41
"make happy best",3,530935,96.41
"make happy charming",3,530938,96.41
"make happy friday",3,530941,96.42
"make happy people",3,530944,96.42
"make haven james",3,530947,96.42
"make head spin",3,530950,96.42
"make heart forget",3,530953,96.42
"make iced coffee",3,530956,96.42
"make inspiring lee",3,530959,96.42
"make investment time",3,530962,96.42
"make jealous know",3,530965,96.42
"make laugh little",3,530968,96.42
"make laugh loud",3,530971,96.42
"make life get",3,530974,96.42
"make life miserable",3,530977,96.42
"make little things",3,530980,96.42
"make look smarter",3,530983,96.42
"make mac cheese",3,530986,96.42
"make money bed",3,530989,96.42
"make money tho",3,530992,96.42
"make money twitter",3,530995,96.43
"make mothers day",3,530998,96.43
"make new background",3,531001,96.43
"make new page",3,531004,96.43
"make new plans",3,531007,96.43
"make own sandwich",3,531010,96.43
"make perfect holiday",3,531013,96.43
"make playoffs last",3,531016,96.43
"make playoffs years",3,531019,96.43
"make point clear",3,531022,96.43
"make point taking",3,531025,96.43
"make presence known",3,531028,96.43
"make promises men",3,531031,96.43
"make proof make",3,531034,96.43
"make real get",3,531037,96.43
"make say wow",3,531040,96.43
"make sense meant",3,531043,96.43
"make sense talking",3,531046,96.43
"make shitty day",3,531049,96.43
"make smile bad",3,531052,96.44
"make smile way",3,531055,96.44
"make song like",3,531058,96.44
"make souls blossom",3,531061,96.44
"make sound good",3,531064,96.44
"make stay night",3,531067,96.44
"make sure checking",3,531070,96.44
"make sure contact",3,531073,96.44
"make sure credit",3,531076,96.44
"make sure great",3,531079,96.44
"make sure happens",3,531082,96.44
"make sure job",3,531085,96.44
"make sure just",3,531088,96.44
"make sure live",3,531091,96.44
"make sure monday",3,531094,96.44
"make sure new",3,531097,96.44
"make sure place",3,531100,96.44
"make sure reserve",3,531103,96.44
"make sure spend",3,531106,96.45
"make sure summer",3,531109,96.45
"make sure text",3,531112,96.45
"make sure tomorrow",3,531115,96.45
"make sure went",3,531118,96.45
"make team better",3,531121,96.45
"make th inning",3,531124,96.45
"make travel plans",3,531127,96.45
"make truly happy",3,531130,96.45
"make walking away",3,531133,96.45
"make week better",3,531136,96.45
"make wrong turn",3,531139,96.45
"makes double check",3,531142,96.45
"makes excited come",3,531145,96.45
"makes excited go",3,531148,96.45
"makes feel alright",3,531151,96.45
"makes feel just",3,531154,96.45
"makes happy knowing",3,531157,96.45
"makes happy make",3,531160,96.46
"makes little fun",3,531163,96.46
"makes looks like",3,531166,96.46
"makes love people",3,531169,96.46
"makes man mistake",3,531172,96.46
"makes realize people",3,531175,96.46
"makes really upset",3,531178,96.46
"makes sense business",3,531181,96.46
"makes sense does",3,531184,96.46
"makes sense guys",3,531187,96.46
"makes sense look",3,531190,96.46
"makes sense maybe",3,531193,96.46
"makes sense story",3,531196,96.46
"makes sense sure",3,531199,96.46
"makes sense want",3,531202,96.46
"makes sounds like",3,531205,96.46
"makes think get",3,531208,96.46
"makes think going",3,531211,96.46
"makes think way",3,531214,96.46
"makes truly happy",3,531217,96.47
"makes want become",3,531220,96.47
"makes want jump",3,531223,96.47
"makes want use",3,531226,96.47
"makes winner right",3,531229,96.47
"makes worse actually",3,531232,96.47
"making blush thank",3,531235,96.47
"making changes twitter",3,531238,96.47
"making donation today",3,531241,96.47
"making epic movies",3,531244,96.47
"making false statements",3,531247,96.47
"making fool himself",3,531250,96.47
"making happy duty",3,531253,96.47
"making kale chips",3,531256,96.47
"making laugh smile",3,531259,96.47
"making laugh today",3,531262,96.47
"making mouth water",3,531265,96.47
"making order hair",3,531268,96.47
"making plans year",3,531271,96.48
"making right decision",3,531274,96.48
"making smile laugh",3,531277,96.48
"making things difficult",3,531280,96.48
"making trip chicago",3,531283,96.48
"mama don know",3,531286,96.48
"mama love love",3,531289,96.48
"mama love miss",3,531292,96.48
"man acts like",3,531295,96.48
"man best thing",3,531298,96.48
"man biggest mistake",3,531301,96.48
"man changed world",3,531304,96.48
"man coming soon",3,531307,96.48
"man constant sorrow",3,531310,96.48
"man crazy think",3,531313,96.48
"man did thing",3,531316,96.48
"man directly choose",3,531319,96.48
"man does anything",3,531322,96.48
"man education complete",3,531325,96.49
"man evolved monkeys",3,531328,96.49
"man fish fed",3,531331,96.49
"man follows public",3,531334,96.49
"man growth seen",3,531337,96.49
"man hit just",3,531340,96.49
"man just came",3,531343,96.49
"man just checked",3,531346,96.49
"man just heard",3,531349,96.49
"man just realized",3,531352,96.49
"man just reminded",3,531355,96.49
"man just started",3,531358,96.49
"man just think",3,531361,96.49
"man just watched",3,531364,96.49
"man knows exceptions",3,531367,96.49
"man knows rules",3,531370,96.49
"man laugh man",3,531373,96.49
"man law violation",3,531376,96.49
"man love like",3,531379,96.49
"man love million",3,531382,96.5
"man makes own",3,531385,96.5
"man mistake words",3,531388,96.5
"man perfectly suit",3,531391,96.5
"man real life",3,531394,96.5
"man realizes maybe",3,531397,96.5
"man smiles things",3,531400,96.5
"man think dating",3,531403,96.5
"man think last",3,531406,96.5
"man turn dark",3,531409,96.5
"man wait hear",3,531412,96.5
"manage let know",3,531415,96.5
"management social media",3,531418,96.5
"march th best",3,531421,96.5
"march th raised",3,531424,96.5
"march unemployment rate",3,531427,96.5
"mark last week",3,531430,96.5
"mark www com",3,531433,96.5
"market food truck",3,531436,96.51
"market new inch",3,531439,96.51
"market small business",3,531442,96.51
"marketing contact today",3,531445,96.51
"marketing mobile social",3,531448,96.51
"marlins game tomorrow",3,531451,96.51
"marlins game tonight",3,531454,96.51
"marriage real eye",3,531457,96.51
"marry men hope",3,531460,96.51
"marry women hope",3,531463,96.51
"martial arts movies",3,531466,96.51
"martin surely george",3,531469,96.51
"mary kennedy wife",3,531472,96.51
"match looking forward",3,531475,96.51
"math hate math",3,531478,96.51
"matt flynn seattle",3,531481,96.51
"matter bad think",3,531484,96.51
"matter belong worthy",3,531487,96.51
"matter best friend",3,531490,96.52
"matter high stress",3,531493,96.52
"matter life throws",3,531496,96.52
"matter love people",3,531499,96.52
"matter say don",3,531502,96.52
"matter say matter",3,531505,96.52
"matter times seen",3,531508,96.52
"matter times watch",3,531511,96.52
"matter wears anne",3,531514,96.52
"matters compared lives",3,531517,96.52
"maybe best thing",3,531520,96.52
"maybe don care",3,531523,96.52
"maybe find inspiration",3,531526,96.52
"maybe follow love",3,531529,96.52
"maybe just lazy",3,531532,96.52
"maybe just meant",3,531535,96.52
"maybe just saw",3,531538,96.52
"maybe just tired",3,531541,96.52
"maybe near future",3,531544,96.52
"maybe people just",3,531547,96.53
"maybe people trying",3,531550,96.53
"maybe put missing",3,531553,96.53
"maybe right just",3,531556,96.53
"maybe tweet maybe",3,531559,96.53
"maybe want go",3,531562,96.53
"mayor ed lee",3,531565,96.53
"mayor press conference",3,531568,96.53
"mean bottom heart",3,531571,96.53
"mean dying speak",3,531574,96.53
"mean going get",3,531577,96.53
"mean good just",3,531580,96.53
"mean happy mother",3,531583,96.53
"mean mean like",3,531586,96.53
"mean people actually",3,531589,96.53
"mean set paper",3,531592,96.53
"mean thing got",3,531595,96.53
"mean useless thomas",3,531598,96.53
"mean want mean",3,531601,96.54
"meaning life change",3,531604,96.54
"means don want",3,531607,96.54
"means get go",3,531610,96.54
"means going get",3,531613,96.54
"means smell really",3,531616,96.54
"means trivia pm",3,531619,96.54
"means waiting miss",3,531622,96.54
"means write story",3,531625,96.54
"meant just saying",3,531628,96.54
"measure intelligence hill",3,531631,96.54
"meat lovers pizza",3,531634,96.54
"med iced hot",3,531637,96.54
"medical news today",3,531640,96.54
"meet greet friday",3,531643,96.54
"meet love cruise",3,531646,96.54
"meet needs according",3,531649,96.54
"meet representatives hottest",3,531652,96.54
"meet thousands people",3,531655,96.55
"meet warped tour",3,531658,96.55
"meeting dedicated thank",3,531661,96.55
"meeting social media",3,531664,96.55
"meeting taking place",3,531667,96.55
"meeting thanks support",3,531670,96.55
"meeting today exciting",3,531673,96.55
"meeting today gonna",3,531676,96.55
"member family people",3,531679,96.55
"members card new",3,531682,96.55
"membership email sat",3,531685,96.55
"memorial art gallery",3,531688,96.55
"memorial day great",3,531691,96.55
"men earn money",3,531694,96.55
"men hope change",3,531697,96.55
"men lacrosse team",3,531700,96.55
"men like parking",3,531703,96.55
"men lots happy",3,531706,96.55
"men souls thomas",3,531709,96.55
"men tennis team",3,531712,96.56
"men want basis",3,531715,96.56
"men women families",3,531718,96.56
"men women teams",3,531721,96.56
"mental note don",3,531724,96.56
"mention enjoy day",3,531727,96.56
"mention happy cooking",3,531730,96.56
"mention hope enjoyed",3,531733,96.56
"mention welcome new",3,531736,96.56
"mercury goes direct",3,531739,96.56
"merger vote counts",3,531742,96.56
"message best friend",3,531745,96.56
"met female dragon",3,531748,96.56
"met high school",3,531751,96.56
"met months ago",3,531754,96.56
"met year old",3,531757,96.56
"meter just keeps",3,531760,96.56
"mi route home",3,531763,96.56
"mia twitter lately",3,531766,96.57
"miami fl available",3,531769,96.57
"miami fl th",3,531772,96.57
"miami marlins season",3,531775,96.57
"michael jackson bad",3,531778,96.57
"michael jackson left",3,531781,96.57
"michigan state game",3,531784,96.57
"michigan state win",3,531787,96.57
"middle age sitting",3,531790,96.57
"middle school grade",3,531793,96.57
"middle school library",3,531796,96.57
"middle school science",3,531799,96.57
"middle school showcase",3,531802,96.57
"midnight don miss",3,531805,96.57
"midnight new year",3,531808,96.57
"might drink little",3,531811,96.57
"might get fired",3,531814,96.57
"might get play",3,531817,96.57
"might go friday",3,531820,96.57
"might happen give",3,531823,96.58
"might just eat",3,531826,96.58
"might just good",3,531829,96.58
"might just let",3,531832,96.58
"might just look",3,531835,96.58
"might just put",3,531838,96.58
"might just sing",3,531841,96.58
"might just sleep",3,531844,96.58
"might just wear",3,531847,96.58
"might just win",3,531850,96.58
"might know guy",3,531853,96.58
"might look cute",3,531856,96.58
"might wanna hit",3,531859,96.58
"mile beach run",3,531862,96.58
"milk dark chocolate",3,531865,96.58
"million americans smoke",3,531868,96.58
"million followers love",3,531871,96.58
"million little monsters",3,531874,96.58
"million man march",3,531877,96.59
"million things running",3,531880,96.59
"million users facebook",3,531883,96.59
"milwaukee beer week",3,531886,96.59
"mind don like",3,531889,96.59
"mind don wanna",3,531892,96.59
"mind go lord",3,531895,96.59
"mind going school",3,531898,96.59
"mind heart mind",3,531901,96.59
"mind ing email",3,531904,96.59
"minds talk events",3,531907,96.59
"minds talk ideas",3,531910,96.59
"minds talk people",3,531913,96.59
"mini cd available",3,531916,96.59
"minnesota governor signs",3,531919,96.59
"minor league ball",3,531922,96.59
"minute last night",3,531925,96.59
"minutes does ask",3,531928,96.59
"minutes extra time",3,531931,96.6
"minutes get free",3,531934,96.6
"minutes go game",3,531937,96.6
"minutes late class",3,531940,96.6
"miss america miss",3,531943,96.6
"miss coming close",3,531946,96.6
"miss coming visit",3,531949,96.6
"miss don try",3,531952,96.6
"miss girl need",3,531955,96.6
"miss good new",3,531958,96.6
"miss great deals",3,531961,96.6
"miss great live",3,531964,96.6
"miss just let",3,531967,96.6
"miss just wanna",3,531970,96.6
"miss know don",3,531973,96.6
"miss lady hope",3,531976,96.6
"miss looks like",3,531979,96.6
"miss lying arms",3,531982,96.6
"miss universe canada",3,531985,96.6
"miss wait till",3,531988,96.61
"miss west coast",3,531991,96.61
"missed bus seconds",3,531994,96.61
"missed looking forward",3,531997,96.61
"missed tackles missed",3,532000,96.61
"missed tweet yesterday",3,532003,96.61
"mission city cat",3,532006,96.61
"mission trails regional",3,532009,96.61
"mist instead save",3,532012,96.61
"mistake correct committing",3,532015,96.61
"mistake made life",3,532018,96.61
"mistakes live learn",3,532021,96.61
"mitt romney becomes",3,532024,96.61
"mitt romney bullying",3,532027,96.61
"mitt romney high",3,532030,96.61
"mitt romney leading",3,532033,96.61
"mitt romney money",3,532036,96.61
"mitt romney presidential",3,532039,96.61
"mitt romney said",3,532042,96.62
"mitt romney speaking",3,532045,96.62
"mitt romney speech",3,532048,96.62
"mix mash boards",3,532051,96.62
"mobile sessions include",3,532054,96.62
"mobile version site",3,532057,96.62
"mobile version website",3,532060,96.62
"model click like",3,532063,96.62
"models new website",3,532066,96.62
"mom free shipping",3,532069,96.62
"mom gets annoyed",3,532072,96.62
"mom gets scared",3,532075,96.62
"mom go away",3,532078,96.62
"mom go work",3,532081,96.62
"mom going buy",3,532084,96.62
"mom make best",3,532087,96.62
"mom mom law",3,532090,96.62
"mom th birthday",3,532093,96.62
"mom thinks get",3,532096,96.63
"mom thinks means",3,532099,96.63
"mom want get",3,532102,96.63
"mom years ago",3,532105,96.63
"moment don let",3,532108,96.63
"moment don like",3,532111,96.63
"moment find long",3,532114,96.63
"moment kindness mistaken",3,532117,96.63
"moment meeting dedicated",3,532120,96.63
"moment past future",3,532123,96.63
"moment potential open",3,532126,96.63
"moment silence lost",3,532129,96.63
"moment think somebody",3,532132,96.63
"moment walk class",3,532135,96.63
"mon fri pm",3,532138,96.63
"monday beautiful day",3,532141,96.63
"monday come enjoy",3,532144,96.63
"monday day week",3,532147,96.63
"monday hope fantastic",3,532150,96.63
"monday june th",3,532153,96.64
"monday night jam",3,532156,96.64
"monday night know",3,532159,96.64
"money does buy",3,532162,96.64
"money fold put",3,532165,96.64
"money go shopping",3,532168,96.64
"money itself soon",3,532171,96.64
"money just wanna",3,532174,96.64
"money made paper",3,532177,96.64
"money media race",3,532180,96.64
"money need work",3,532183,96.64
"money saving coupons",3,532186,96.64
"money talent time",3,532189,96.64
"money war feed",3,532192,96.64
"money waste time",3,532195,96.64
"monster happy birthday",3,532198,96.64
"month good luck",3,532201,96.64
"month looks like",3,532204,96.64
"month year time",3,532207,96.65
"monthly wine tasting",3,532210,96.65
"months ago might",3,532213,96.65
"months ago nice",3,532216,96.65
"moral high ground",3,532219,96.65
"moral universe long",3,532222,96.65
"morgan freeman james",3,532225,96.65
"morning afternoon night",3,532228,96.65
"morning come get",3,532231,96.65
"morning come say",3,532234,96.65
"morning cruel world",3,532237,96.65
"morning did miss",3,532240,96.65
"morning don miss",3,532243,96.65
"morning feel good",3,532246,96.65
"morning go bed",3,532249,96.65
"morning good good",3,532252,96.65
"morning having coffee",3,532255,96.65
"morning hope enjoy",3,532258,96.65
"morning hope feeling",3,532261,96.66
"morning hope nice",3,532264,96.66
"morning long day",3,532267,96.66
"morning made day",3,532270,96.66
"morning new day",3,532273,96.66
"morning news talk",3,532276,96.66
"morning ready day",3,532279,96.66
"morning really appreciate",3,532282,96.66
"morning run get",3,532285,96.66
"morning think might",3,532288,96.66
"morning thinking bout",3,532291,96.66
"morning walk work",3,532294,96.66
"morning weekend finally",3,532297,96.66
"morning work great",3,532300,96.66
"morris chapman pocket",3,532303,96.66
"mortgage interest rates",3,532306,96.66
"mother look like",3,532309,96.66
"mother met mother",3,532312,96.66
"mother monster happy",3,532315,96.66
"mother mother mother",3,532318,96.67
"mother mothers day",3,532321,96.67
"mother season finale",3,532324,96.67
"motivate inspire tony",3,532327,96.67
"motivation key success",3,532330,96.67
"motivation train elite",3,532333,96.67
"motor racing formula",3,532336,96.67
"motto love paint",3,532339,96.67
"mountain yoga orange",3,532342,96.67
"mouth full gold",3,532345,96.67
"move new office",3,532348,96.67
"move project forward",3,532351,96.67
"movie best part",3,532354,96.67
"movie date night",3,532357,96.67
"movie dear john",3,532360,96.67
"movie great job",3,532363,96.67
"movie great movie",3,532366,96.67
"movie just go",3,532369,96.67
"movie paranormal activity",3,532372,96.68
"movie pretty awesome",3,532375,96.68
"movie star known",3,532378,96.68
"movie win oscar",3,532381,96.68
"mph chance rain",3,532384,96.68
"mr wild ride",3,532387,96.68
"mt just got",3,532390,96.68
"museum industry key",3,532393,96.68
"museum women arts",3,532396,96.68
"museum years ago",3,532399,96.68
"music follow journey",3,532402,96.68
"music food fun",3,532405,96.68
"music guys great",3,532408,96.68
"music ice cream",3,532411,96.68
"music keep good",3,532414,96.68
"music let play",3,532417,96.68
"music meeting tokyo",3,532420,96.68
"music melody get",3,532423,96.68
"music movies tv",3,532426,96.69
"music pm free",3,532429,96.69
"music rainy day",3,532432,96.69
"music real life",3,532435,96.69
"music scene hit",3,532438,96.69
"music silent auction",3,532441,96.69
"music starts mi",3,532444,96.69
"music today pm",3,532447,96.69
"music video agree",3,532450,96.69
"music video cover",3,532453,96.69
"music video hours",3,532456,96.69
"music video looking",3,532459,96.69
"music video released",3,532462,96.69
"music video tube",3,532465,96.69
"music video week",3,532468,96.69
"music www facebook",3,532471,96.69
"musicians music venues",3,532474,96.69
"must achieved full",3,532477,96.69
"must change order",3,532480,96.69
"must good day",3,532483,96.7
"must keep fighting",3,532486,96.7
"must learn early",3,532489,96.7
"must live colorado",3,532492,96.7
"must love right",3,532495,96.7
"must start doing",3,532498,96.7
"must stop eating",3,532501,96.7
"must think weird",3,532504,96.7
"myself funny people",3,532507,96.7
"myself go bed",3,532510,96.7
"myself large contain",3,532513,96.7
"myself right felt",3,532516,96.7
"myself social media",3,532519,96.7
"named coach year",3,532522,96.7
"nap bad idea",3,532525,96.7
"nap little bit",3,532528,96.7
"nashville music scene",3,532531,96.7
"nation building right",3,532534,96.7
"nation remain land",3,532537,96.71
"national pizza party",3,532540,96.71
"national register historic",3,532543,96.71
"native loan program",3,532546,96.71
"natural hair grow",3,532549,96.71
"natural limitations eliminated",3,532552,96.71
"naughty nice year",3,532555,96.71
"nba defensive player",3,532558,96.71
"nba players team",3,532561,96.71
"nba players union",3,532564,96.71
"nba playoff time",3,532567,96.71
"nba world peace",3,532570,96.71
"nd annual event",3,532573,96.71
"nd best day",3,532576,96.71
"nd day new",3,532579,96.71
"nd day week",3,532582,96.71
"nd degree custody",3,532585,96.71
"nd looks like",3,532588,96.71
"nd place man",3,532591,96.71
"nd wedding anniversary",3,532594,96.72
"near san francisco",3,532597,96.72
"nearly impossible get",3,532600,96.72
"neck good luck",3,532603,96.72
"neck woods love",3,532606,96.72
"need come atlanta",3,532609,96.72
"need come guys",3,532612,96.72
"need come home",3,532615,96.72
"need come weekend",3,532618,96.72
"need constitutional amendment",3,532621,96.72
"need day myself",3,532624,96.72
"need days like",3,532627,96.72
"need designated driver",3,532630,96.72
"need don get",3,532633,96.72
"need email need",3,532636,96.72
"need energy boost",3,532639,96.72
"need females video",3,532642,96.72
"need find cheap",3,532645,96.72
"need find cool",3,532648,96.73
"need find hold",3,532651,96.73
"need followers asap",3,532654,96.73
"need followers man",3,532657,96.73
"need followers shout",3,532660,96.73
"need followers spread",3,532663,96.73
"need forgive hurt",3,532666,96.73
"need fun day",3,532669,96.73
"need girl time",3,532672,96.73
"need go avengers",3,532675,96.73
"need go right",3,532678,96.73
"need go south",3,532681,96.73
"need go walmart",3,532684,96.73
"need good massage",3,532687,96.73
"need good tv",3,532690,96.73
"need hot shower",3,532693,96.73
"need hug right",3,532696,96.73
"need know anyone",3,532699,96.73
"need know coming",3,532702,96.74
"need know don",3,532705,96.74
"need know facts",3,532708,96.74
"need know happens",3,532711,96.74
"need know life",3,532714,96.74
"need know thing",3,532717,96.74
"need know truth",3,532720,96.74
"need know way",3,532723,96.74
"need lover friend",3,532726,96.74
"need make game",3,532729,96.74
"need make obvious",3,532732,96.74
"need make reservation",3,532735,96.74
"need make room",3,532738,96.74
"need moral support",3,532741,96.74
"need motivation train",3,532744,96.74
"need near future",3,532747,96.74
"need place put",3,532750,96.74
"need plan build",3,532753,96.74
"need play better",3,532756,96.74
"need real good",3,532759,96.75
"need real lady",3,532762,96.75
"need realize life",3,532765,96.75
"need rest good",3,532768,96.75
"need rest today",3,532771,96.75
"need shot clock",3,532774,96.75
"need shot rocks",3,532777,96.75
"need special pass",3,532780,96.75
"need spell check",3,532783,96.75
"need start booking",3,532786,96.75
"need start christmas",3,532789,96.75
"need start practicing",3,532792,96.75
"need start today",3,532795,96.75
"need stop just",3,532798,96.75
"need sum sleep",3,532801,96.75
"need take bed",3,532804,96.75
"need take better",3,532807,96.75
"need take go",3,532810,96.75
"need take own",3,532813,96.76
"need take pictures",3,532816,96.76
"need take shot",3,532819,96.76
"need talk business",3,532822,96.76
"need talk don",3,532825,96.76
"need talk important",3,532828,96.76
"need talk know",3,532831,96.76
"need things ignorance",3,532834,96.76
"need tweet going",3,532837,96.76
"need ur own",3,532840,96.76
"need visit guys",3,532843,96.76
"need want want",3,532846,96.76
"need waste time",3,532849,96.76
"need window cleaning",3,532852,96.76
"need won give",3,532855,96.76
"need worry don",3,532858,96.76
"need write new",3,532861,96.76
"need yr old",3,532864,96.76
"needed hear right",3,532867,96.77
"needs beauty bread",3,532870,96.77
"needs get ball",3,532873,96.77
"needs get guy",3,532876,96.77
"needs get little",3,532879,96.77
"needs get way",3,532882,96.77
"needs josh hamilton",3,532885,96.77
"needs loving home",3,532888,96.77
"needs make sure",3,532891,96.77
"needs woman life",3,532894,96.77
"negative thing say",3,532897,96.77
"neighbor does put",3,532900,96.77
"neighbor having party",3,532903,96.77
"neon neon neon",3,532906,96.77
"nervous feel like",3,532909,96.77
"net appear john",3,532912,96.77
"net free resume",3,532915,96.77
"net www com",3,532918,96.77
"network called extra",3,532921,96.77
"networks social media",3,532924,96.78
"new anytime soon",3,532927,96.78
"new avatar work",3,532930,96.78
"new beginning comes",3,532933,96.78
"new book available",3,532936,96.78
"new book weekend",3,532939,96.78
"new brand website",3,532942,96.78
"new chapter begins",3,532945,96.78
"new charity help",3,532948,96.78
"new coaching staff",3,532951,96.78
"new come soon",3,532954,96.78
"new crop students",3,532957,96.78
"new cross country",3,532960,96.78
"new day everyday",3,532963,96.78
"new day horizon",3,532966,96.78
"new dining hall",3,532969,96.78
"new dog year",3,532972,96.78
"new editor chief",3,532975,96.78
"new england doing",3,532978,96.79
"new england fall",3,532981,96.79
"new england lovely",3,532984,96.79
"new england revolution",3,532987,96.79
"new experience go",3,532990,96.79
"new favorite dish",3,532993,96.79
"new favorite past",3,532996,96.79
"new flavor chocolate",3,532999,96.79
"new follower good",3,533002,96.79
"new follower just",3,533005,96.79
"new follower thank",3,533008,96.79
"new friends time",3,533011,96.79
"new golden age",3,533014,96.79
"new head shots",3,533017,96.79
"new houses new",3,533020,96.79
"new husband new",3,533023,96.79
"new improved version",3,533026,96.79
"new inch tablets",3,533029,96.79
"new ipod just",3,533032,96.8
"new italian restaurant",3,533035,96.8
"new job come",3,533038,96.8
"new job enjoy",3,533041,96.8
"new job happy",3,533044,96.8
"new job make",3,533047,96.8
"new job moving",3,533050,96.8
"new job opportunity",3,533053,96.8
"new keyboard player",3,533056,96.8
"new laptop soon",3,533059,96.8
"new law order",3,533062,96.8
"new marketing strategies",3,533065,96.8
"new material tonight",3,533068,96.8
"new meaning word",3,533071,96.8
"new members welcome",3,533074,96.8
"new mexico bowl",3,533077,96.8
"new mexico time",3,533080,96.8
"new music come",3,533083,96.8
"new music get",3,533086,96.8
"new music seminar",3,533089,96.81
"new music stay",3,533092,96.81
"new music today",3,533095,96.81
"new music world",3,533098,96.81
"new nose ring",3,533101,96.81
"new opportunities new",3,533104,96.81
"new organic formula",3,533107,96.81
"new orleans food",3,533110,96.81
"new orleans gourmet",3,533113,96.81
"new orleans playing",3,533116,96.81
"new orleans tour",3,533119,96.81
"new outdoor furniture",3,533122,96.81
"new paths travel",3,533125,96.81
"new phone day",3,533128,96.81
"new phone good",3,533131,96.81
"new phone like",3,533134,96.81
"new phone pretty",3,533137,96.81
"new phone tho",3,533140,96.81
"new phone works",3,533143,96.82
"new photos new",3,533146,96.82
"new privacy policy",3,533149,96.82
"new projects going",3,533152,96.82
"new prospective client",3,533155,96.82
"new report shows",3,533158,96.82
"new set friends",3,533161,96.82
"new severe warning",3,533164,96.82
"new shows coming",3,533167,96.82
"new single head",3,533170,96.82
"new single week",3,533173,96.82
"new skinny jeans",3,533176,96.82
"new sneak peek",3,533179,96.82
"new songs pretty",3,533182,96.82
"new songs sound",3,533185,96.82
"new songs written",3,533188,96.82
"new spring menus",3,533191,96.82
"new start ups",3,533194,96.82
"new stress management",3,533197,96.83
"new student orientation",3,533200,96.83
"new tim burton",3,533203,96.83
"new timeline design",3,533206,96.83
"new total recall",3,533209,96.83
"new tour van",3,533212,96.83
"new twitter good",3,533215,96.83
"new twitter interface",3,533218,96.83
"new twitter make",3,533221,96.83
"new twitter needs",3,533224,96.83
"new twitter soon",3,533227,96.83
"new update iphone",3,533230,96.83
"new updates www",3,533233,96.83
"new video clips",3,533236,96.83
"new video come",3,533239,96.83
"new video funny",3,533242,96.83
"new video game",3,533245,96.83
"new video hot",3,533248,96.83
"new video saturday",3,533251,96.83
"new videos posted",3,533254,96.84
"new ways thinking",3,533257,96.84
"new website done",3,533260,96.84
"new wine list",3,533263,96.84
"new word like",3,533266,96.84
"new year blessed",3,533269,96.84
"new year celebrations",3,533272,96.84
"new year dream",3,533275,96.84
"new year fresh",3,533278,96.84
"new year ladies",3,533281,96.84
"new year plan",3,533284,96.84
"new year stays",3,533287,96.84
"new year working",3,533290,96.84
"new years festivities",3,533293,96.84
"new years twitter",3,533296,96.84
"newark just tweet",3,533299,96.84
"newest followers anticipate",3,533302,96.84
"news bbc news",3,533305,96.84
"news channel anytime",3,533308,96.85
"news commercial real",3,533311,96.85
"news feed chip",3,533314,96.85
"news got new",3,533317,96.85
"news heard today",3,533320,96.85
"news heard week",3,533323,96.85
"news media reporting",3,533326,96.85
"news new album",3,533329,96.85
"news new nicholas",3,533332,96.85
"news new york",3,533335,96.85
"news seems like",3,533338,96.85
"news tonight coverage",3,533341,96.85
"news tour confidential",3,533344,96.85
"news wanted race",3,533347,96.85
"nfl draft coming",3,533350,96.85
"nfl draft hats",3,533353,96.85
"nfl draft set",3,533356,96.85
"nfl season year",3,533359,96.85
"nfl want fine",3,533362,96.85
"nice choice words",3,533365,96.86
"nice day school",3,533368,96.86
"nice don like",3,533371,96.86
"nice enjoy trip",3,533374,96.86
"nice happy mothers",3,533377,96.86
"nice job girl",3,533380,96.86
"nice job like",3,533383,96.86
"nice meet following",3,533386,96.86
"nice meet going",3,533389,96.86
"nice meet real",3,533392,96.86
"nice place just",3,533395,96.86
"nice quiet day",3,533398,96.86
"nice road win",3,533401,96.86
"nice sunny morning",3,533404,96.86
"nice think going",3,533407,96.86
"nice video thanks",3,533410,96.86
"nice warm day",3,533413,96.86
"nice work today",3,533416,96.86
"nice yr old",3,533419,96.87
"nicholas sparks adaptation",3,533422,96.87
"nick nick nick",3,533425,96.87
"niggas just don",3,533428,96.87
"niggas like got",3,533431,96.87
"night class tonight",3,533434,96.87
"night coming soon",3,533437,96.87
"night dinner party",3,533440,96.87
"night dj hump",3,533443,96.87
"night doing absolutely",3,533446,96.87
"night duke country",3,533449,96.87
"night far best",3,533452,96.87
"night fri sat",3,533455,96.87
"night good game",3,533458,96.87
"night good music",3,533461,96.87
"night great new",3,533464,96.87
"night holiday party",3,533467,96.87
"night house music",3,533470,96.87
"night join pm",3,533473,96.88
"night just going",3,533476,96.88
"night know going",3,533479,96.88
"night lights special",3,533482,96.88
"night made night",3,533485,96.88
"night made thanks",3,533488,96.88
"night nice meeting",3,533491,96.88
"night nice work",3,533494,96.88
"night ny sports",3,533497,96.88
"night private event",3,533500,96.88
"night real real",3,533503,96.88
"night really tired",3,533506,96.88
"night school band",3,533509,96.88
"night sound great",3,533512,96.88
"night special starting",3,533515,96.88
"night sure wish",3,533518,96.88
"night talk tomorrow",3,533521,96.88
"night thought going",3,533524,96.88
"night thought great",3,533527,96.88
"night tonight stop",3,533530,96.89
"night town cleveland",3,533533,96.89
"night trying decide",3,533536,96.89
"night trying find",3,533539,96.89
"night watching game",3,533542,96.89
"night wish come",3,533545,96.89
"night wish stay",3,533548,96.89
"night wonderful dinner",3,533551,96.89
"night working new",3,533554,96.89
"nike nfl uniforms",3,533557,96.89
"ninja moves make",3,533560,96.89
"noises walk away",3,533563,96.89
"non profits don",3,533566,96.89
"nope don believe",3,533569,96.89
"normal people sleep",3,533572,96.89
"north carolina anti",3,533575,96.89
"north carolina got",3,533578,96.89
"north dakota state",3,533581,96.89
"north end boston",3,533584,96.9
"north shore weekend",3,533587,96.9
"north texas leads",3,533590,96.9
"note let know",3,533593,96.9
"note self look",3,533596,96.9
"notice follow love",3,533599,96.9
"notice going mind",3,533602,96.9
"notice stop tears",3,533605,96.9
"noticed easily puppies",3,533608,96.9
"noticed last night",3,533611,96.9
"novel love painful",3,533614,96.9
"number email address",3,533617,96.9
"number just texted",3,533620,96.9
"number phone number",3,533623,96.9
"number saved phone",3,533626,96.9
"numbers help person",3,533629,96.9
"numbers look like",3,533632,96.9
"numerous showers evening",3,533635,96.9
"ny meet greet",3,533638,96.91
"nyc anytime soon",3,533641,96.91
"nyc keep posted",3,533644,96.91
"nyc mobile tech",3,533647,96.91
"nyc november th",3,533650,96.91
"nyc pm info",3,533653,96.91
"oak little nut",3,533656,96.91
"obama address nation",3,533659,96.91
"obama campaign slogan",3,533662,96.91
"obama views marriage",3,533665,96.91
"obligation give expect",3,533668,96.91
"ocean floor way",3,533671,96.91
"offers chance work",3,533674,96.91
"office air conditioning",3,533677,96.91
"office just got",3,533680,96.91
"office officially open",3,533683,96.91
"office www com",3,533686,96.91
"official book club",3,533689,96.91
"official hotel partner",3,533692,96.91
"official iphone app",3,533695,96.92
"official launch date",3,533698,96.92
"official twitter follow",3,533701,96.92
"officially challenging gray",3,533704,96.92
"officially jumped shark",3,533707,96.92
"officially last day",3,533710,96.92
"officially mothers day",3,533713,96.92
"oh boy got",3,533716,96.92
"oh boy sounds",3,533719,96.92
"oh btw got",3,533722,96.92
"oh btw love",3,533725,96.92
"oh decisions decisions",3,533728,96.92
"oh girl idea",3,533731,96.92
"oh good don",3,533734,96.92
"oh goodness amazing",3,533737,96.92
"oh goodness does",3,533740,96.92
"oh goodness haven",3,533743,96.92
"oh goodness know",3,533746,96.92
"oh gosh awesome",3,533749,96.93
"oh gosh close",3,533752,96.93
"oh gosh cute",3,533755,96.93
"oh gosh must",3,533758,96.93
"oh honey know",3,533761,96.93
"oh ice cream",3,533764,96.93
"oh just ate",3,533767,96.93
"oh just let",3,533770,96.93
"oh just say",3,533773,96.93
"oh just seeing",3,533776,96.93
"oh just went",3,533779,96.93
"oh know heard",3,533782,96.93
"oh know keep",3,533785,96.93
"oh know need",3,533788,96.93
"oh know wait",3,533791,96.93
"oh learn today",3,533794,96.93
"oh long day",3,533797,96.93
"oh love guys",3,533800,96.93
"oh love oh",3,533803,96.94
"oh man crazy",3,533806,96.94
"oh man day",3,533809,96.94
"oh man excited",3,533812,96.94
"oh man go",3,533815,96.94
"oh man heard",3,533818,96.94
"oh man loved",3,533821,96.94
"oh man pretty",3,533824,96.94
"oh man thank",3,533827,96.94
"oh maybe tomorrow",3,533830,96.94
"oh might go",3,533833,96.94
"oh oh ah",3,533836,96.94
"oh ok did",3,533839,96.94
"oh ok nice",3,533842,96.94
"oh ok yea",3,533845,96.94
"oh okay doing",3,533848,96.94
"oh okay let",3,533851,96.94
"oh remember love",3,533854,96.94
"oh say hi",3,533857,96.94
"oh sorry happened",3,533860,96.95
"oh sorry loss",3,533863,96.95
"oh sorry phone",3,533866,96.95
"oh tell haven",3,533869,96.95
"oh tell know",3,533872,96.95
"oh things think",3,533875,96.95
"oh wait job",3,533878,96.95
"oh wait till",3,533881,96.95
"oh want hear",3,533884,96.95
"oh web weave",3,533887,96.95
"oh wow amazing",3,533890,96.95
"oh wow hope",3,533893,96.95
"oh wow idea",3,533896,96.95
"oh yea forget",3,533899,96.95
"oh yea free",3,533902,96.95
"oh yea gonna",3,533905,96.95
"oh yea let",3,533908,96.95
"oh yea ok",3,533911,96.95
"oh yea time",3,533914,96.96
"oh yes gonna",3,533917,96.96
"oh yes hear",3,533920,96.96
"oh yes long",3,533923,96.96
"oil natural gas",3,533926,96.96
"oil spill gulf",3,533929,96.96
"ok follow follow",3,533932,96.96
"ok just followed",3,533935,96.96
"ok just hang",3,533938,96.96
"ok just realized",3,533941,96.96
"ok just remember",3,533944,96.96
"ok just trying",3,533947,96.96
"ok sorry just",3,533950,96.96
"ok think done",3,533953,96.96
"ok think know",3,533956,96.96
"ok want go",3,533959,96.96
"okay don wanna",3,533962,96.96
"okay future boyfriend",3,533965,96.96
"okay get right",3,533968,96.97
"okay gonna make",3,533971,96.97
"okay got lot",3,533974,96.97
"okay love miss",3,533977,96.97
"okay sorry say",3,533980,96.97
"old eddie murphy",3,533983,96.97
"old man brown",3,533986,96.97
"old man bus",3,533989,96.97
"old man driving",3,533992,96.97
"old man says",3,533995,96.97
"old music videos",3,533998,96.97
"old navy today",3,534001,96.97
"old old world",3,534004,96.97
"old person young",3,534007,96.97
"old school just",3,534010,96.97
"old spice classic",3,534013,96.97
"old wives tale",3,534016,96.97
"older feel like",3,534019,96.97
"olympic training center",3,534022,96.97
"ones don know",3,534025,96.98
"online box office",3,534028,96.98
"online finding aids",3,534031,96.98
"online last night",3,534034,96.98
"online marketing world",3,534037,96.98
"online real life",3,534040,96.98
"online tickets sold",3,534043,96.98
"online today try",3,534046,96.98
"online voting winners",3,534049,96.98
"oops sorry forgot",3,534052,96.98
"open data open",3,534055,96.98
"open doors just",3,534058,96.98
"open doors new",3,534061,96.98
"open heart mind",3,534064,96.98
"open hours day",3,534067,96.98
"open house day",3,534070,96.98
"open house th",3,534073,96.98
"open house wednesday",3,534076,96.98
"open man refrigerator",3,534079,96.99
"open men look",3,534082,96.99
"open new gigs",3,534085,96.99
"open new window",3,534088,96.99
"open online course",3,534091,96.99
"open rate email",3,534094,96.99
"opening day baltimore",3,534097,96.99
"opening day come",3,534100,96.99
"opening day parade",3,534103,96.99
"opening day wish",3,534106,96.99
"opening june th",3,534109,96.99
"opening nd location",3,534112,96.99
"opening weekend movie",3,534115,96.99
"operator hold stop",3,534118,96.99
"opinion opinion accepted",3,534121,96.99
"opportunities makes opportunities",3,534124,96.99
"opportunities take advantage",3,534127,96.99
"opportunity does knock",3,534130,96.99
"opportunity make woman",3,534133,96.99
"orange nj mixed",3,534136,97
"order new album",3,534139,97
"order noon today",3,534142,97
"order online com",3,534145,97
"order pm today",3,534148,97
"order sent jennifer",3,534151,97
"order today wait",3,534154,97
"order today www",3,534157,97
"ordered new book",3,534160,97
"ordinary extraordinary little",3,534163,97
"organic farming conference",3,534166,97
"organic white flour",3,534169,97
"organized group presentations",3,534172,97
"outs thanks following",3,534175,97
"outside beautiful day",3,534178,97
"outside box thinking",3,534181,97
"outside enjoy day",3,534184,97
"outside like hour",3,534187,97
"outside th street",3,534190,97.01
"overall awesome person",3,534193,97.01
"owl specials pm",3,534196,97.01
"own destiny jack",3,534199,97.01
"own family really",3,534202,97.01
"own imagination money",3,534205,97.01
"own shadow leaves",3,534208,97.01
"own single youtube",3,534211,97.01
"oz jar new",3,534214,97.01
"pacific time www",3,534217,97.01
"pack things go",3,534220,97.01
"packing new york",3,534223,97.01
"packing spring break",3,534226,97.01
"page check click",3,534229,97.01
"page enjoy music",3,534232,97.01
"page got follow",3,534235,97.01
"page paper tomorrow",3,534238,97.01
"page thanks support",3,534241,97.01
"page www myspace",3,534244,97.02
"pages last night",3,534247,97.02
"paid attention class",3,534250,97.02
"paid fair share",3,534253,97.02
"paid own way",3,534256,97.02
"paid tournament pm",3,534259,97.02
"pain smiling just",3,534262,97.02
"paint look like",3,534265,97.02
"painting free estimate",3,534268,97.02
"pair brewers wed",3,534271,97.02
"palace newark just",3,534274,97.02
"palmer house chicago",3,534277,97.02
"pancakes sound good",3,534280,97.02
"panel far pat",3,534283,97.02
"paper looks like",3,534286,97.02
"paranormal activity movies",3,534289,97.02
"parents ask talking",3,534292,97.02
"parents coming town",3,534295,97.02
"parents doing right",3,534298,97.02
"parents health insurance",3,534301,97.03
"paris stands foreign",3,534304,97.03
"park bar grill",3,534307,97.03
"park sports bar",3,534310,97.03
"parking lot bad",3,534313,97.03
"parking lot getting",3,534316,97.03
"parking lot going",3,534319,97.03
"parking lot outside",3,534322,97.03
"parking ticket got",3,534325,97.03
"parks rock community",3,534328,97.03
"part great group",3,534331,97.03
"part hour film",3,534334,97.03
"part just wants",3,534337,97.03
"part new job",3,534340,97.03
"part professional development",3,534343,97.03
"part solution must",3,534346,97.03
"party come party",3,534349,97.03
"party don care",3,534352,97.03
"party don start",3,534355,97.04
"party fun thing",3,534358,97.04
"party get get",3,534361,97.04
"party go friday",3,534364,97.04
"party hard don",3,534367,97.04
"party right wing",3,534370,97.04
"party th anniversary",3,534373,97.04
"party tonight club",3,534376,97.04
"party tonight new",3,534379,97.04
"party tonight time",3,534382,97.04
"pass football toss",3,534385,97.04
"pass test tomorrow",3,534388,97.04
"pass word get",3,534391,97.04
"passed real estate",3,534394,97.04
"passing marriage equality",3,534397,97.04
"passive aggressive tweets",3,534400,97.04
"past days crazy",3,534403,97.04
"past days working",3,534406,97.04
"past future oscar",3,534409,97.05
"past hour watching",3,534412,97.05
"past office window",3,534415,97.05
"past power present",3,534418,97.05
"past relationship new",3,534421,97.05
"past san antonio",3,534424,97.05
"past twitter followers",3,534427,97.05
"path walking path",3,534430,97.05
"pathetic lives think",3,534433,97.05
"paths accepted success",3,534436,97.05
"patio happy hour",3,534439,97.05
"patio open get",3,534442,97.05
"patrick day did",3,534445,97.05
"patrick day don",3,534448,97.05
"patrick day happy",3,534451,97.05
"paul pierce points",3,534454,97.05
"pay attention don",3,534457,97.05
"pay attention folks",3,534460,97.05
"pay attention going",3,534463,97.05
"pay attention hockey",3,534466,97.06
"pay attention time",3,534469,97.06
"pay get worth",3,534472,97.06
"pay lot money",3,534475,97.06
"pay sales tax",3,534478,97.06
"pay visit email",3,534481,97.06
"peace mind comes",3,534484,97.06
"peak earth event",3,534487,97.06
"peanut butter morning",3,534490,97.06
"peeps heading minneapolis",3,534493,97.06
"people able read",3,534496,97.06
"people accidentally walk",3,534499,97.06
"people asking brian",3,534502,97.06
"people asking questions",3,534505,97.06
"people awesome people",3,534508,97.06
"people bad people",3,534511,97.06
"people bad taste",3,534514,97.06
"people best people",3,534517,97.06
"people businesses make",3,534520,97.07
"people choose use",3,534523,97.07
"people coming town",3,534526,97.07
"people cops parties",3,534529,97.07
"people exactly like",3,534532,97.07
"people facebook just",3,534535,97.07
"people follow both",3,534538,97.07
"people follow day",3,534541,97.07
"people follow list",3,534544,97.07
"people follow really",3,534547,97.07
"people get butterflies",3,534550,97.07
"people get invited",3,534553,97.07
"people get meet",3,534556,97.07
"people get point",3,534559,97.07
"people go away",3,534562,97.07
"people go movies",3,534565,97.07
"people hear seconds",3,534568,97.07
"people help background",3,534571,97.07
"people hunger repeatedly",3,534574,97.08
"people just go",3,534577,97.08
"people just hard",3,534580,97.08
"people just idiots",3,534583,97.08
"people knew high",3,534586,97.08
"people know act",3,534589,97.08
"people know care",3,534592,97.08
"people know find",3,534595,97.08
"people know high",3,534598,97.08
"people know impossible",3,534601,97.08
"people know supposed",3,534604,97.08
"people know turn",3,534607,97.08
"people leader benjamin",3,534610,97.08
"people let make",3,534613,97.08
"people lie like",3,534616,97.08
"people like got",3,534619,97.08
"people like guy",3,534622,97.08
"people like know",3,534625,97.08
"people like noon",3,534628,97.08
"people love amen",3,534631,97.09
"people love miss",3,534634,97.09
"people love take",3,534637,97.09
"people love way",3,534640,97.09
"people make anything",3,534643,97.09
"people make cry",3,534646,97.09
"people make figures",3,534649,97.09
"people make music",3,534652,97.09
"people make problems",3,534655,97.09
"people make stuff",3,534658,97.09
"people making decisions",3,534661,97.09
"people might like",3,534664,97.09
"people miserable time",3,534667,97.09
"people need reach",3,534670,97.09
"people need sleep",3,534673,97.09
"people new music",3,534676,97.09
"people politics art",3,534679,97.09
"people prepare today",3,534682,97.09
"people probably don",3,534685,97.1
"people really nice",3,534688,97.1
"people really worry",3,534691,97.1
"people right pursue",3,534694,97.1
"people seem forget",3,534697,97.1
"people seriously don",3,534700,97.1
"people seriously like",3,534703,97.1
"people shake people",3,534706,97.1
"people stay strong",3,534709,97.1
"people taking advantage",3,534712,97.1
"people talk lot",3,534715,97.1
"people talk loud",3,534718,97.1
"people text get",3,534721,97.1
"people think cause",3,534724,97.1
"people think music",3,534727,97.1
"people think own",3,534730,97.1
"people think people",3,534733,97.1
"people think smart",3,534736,97.1
"people thinking lose",3,534739,97.11
"people thinking security",3,534742,97.11
"people thought going",3,534745,97.11
"people understand word",3,534748,97.11
"people used talk",3,534751,97.11
"people using people",3,534754,97.11
"people using social",3,534757,97.11
"people walked life",3,534760,97.11
"people want like",3,534763,97.11
"people went high",3,534766,97.11
"people west coast",3,534769,97.11
"people won notice",3,534772,97.11
"pepper lonely sgt",3,534775,97.11
"percent last year",3,534778,97.11
"perfect beautiful day",3,534781,97.11
"perfect day chicago",3,534784,97.11
"perfect day outdoor",3,534787,97.11
"perfect end weekend",3,534790,97.11
"perfect father day",3,534793,97.11
"perfect gift valentine",3,534796,97.12
"perfect place celebrate",3,534799,97.12
"perfect take long",3,534802,97.12
"perfect thanks quick",3,534805,97.12
"performance use tell",3,534808,97.12
"performance went great",3,534811,97.12
"performing tonight doors",3,534814,97.12
"perry blue hair",3,534817,97.12
"perry lady rise",3,534820,97.12
"person attention thing",3,534823,97.12
"person don think",3,534826,97.12
"person get genuinely",3,534829,97.12
"person gets tired",3,534832,97.12
"person hardest forgive",3,534835,97.12
"person made mistakes",3,534838,97.12
"person mother teresa",3,534841,97.12
"person people like",3,534844,97.12
"person person find",3,534847,97.12
"person person matter",3,534850,97.13
"person person mother",3,534853,97.13
"person point view",3,534856,97.13
"person take bullet",3,534859,97.13
"person time start",3,534862,97.13
"personal account follow",3,534865,97.13
"personal account get",3,534868,97.13
"personal liberty support",3,534871,97.13
"personal trainer today",3,534874,97.13
"personality personality attitude",3,534877,97.13
"phone avoid awkward",3,534880,97.13
"phone battery dying",3,534883,97.13
"phone decides work",3,534886,97.13
"phone don think",3,534889,97.13
"phone falls face",3,534892,97.13
"phone go lion",3,534895,97.13
"phone interview today",3,534898,97.13
"phone like last",3,534901,97.13
"phone ring tone",3,534904,97.14
"phone rings girlfriend",3,534907,97.14
"phone rings hello",3,534910,97.14
"phone service today",3,534913,97.14
"phone won charge",3,534916,97.14
"phone won stop",3,534919,97.14
"phone work anymore",3,534922,97.14
"photo lobby upload",3,534925,97.14
"photo thank sharing",3,534928,97.14
"photos videos site",3,534931,97.14
"pick copy new",3,534934,97.14
"pick fantasy team",3,534937,97.14
"pick kevin smith",3,534940,97.14
"pick roll defense",3,534943,97.14
"pick somebody own",3,534946,97.14
"pick win ncaa",3,534949,97.14
"picking prom dresses",3,534952,97.14
"pickup line just",3,534955,97.14
"pickup line sleep",3,534958,97.14
"picture just sent",3,534961,97.15
"pictures social media",3,534964,97.15
"pie th look",3,534967,97.15
"piece looking forward",3,534970,97.15
"pillow gonna takes",3,534973,97.15
"pineapple upside cake",3,534976,97.15
"pink button shirt",3,534979,97.15
"pink floyd dark",3,534982,97.15
"pink hot pink",3,534985,97.15
"pitcher win game",3,534988,97.15
"pitches perfect game",3,534991,97.15
"pizza fun fact",3,534994,97.15
"pizza today just",3,534997,97.15
"place fill car",3,535000,97.15
"place find love",3,535003,97.15
"place last year",3,535006,97.15
"places go things",3,535009,97.15
"places play pray",3,535012,97.15
"plan ahead get",3,535015,97.16
"plane don know",3,535018,97.16
"planning doing anything",3,535021,97.16
"planning doing tonight",3,535024,97.16
"planning trip exotic",3,535027,97.16
"plans aim man",3,535030,97.16
"plans email answer",3,535033,97.16
"plans get canceled",3,535036,97.16
"plans opening day",3,535039,97.16
"plans spring break",3,535042,97.16
"plans st patrick",3,535045,97.16
"plans valentine day",3,535048,97.16
"plastic bag wind",3,535051,97.16
"play better anyone",3,535054,97.16
"play critical role",3,535057,97.16
"play crucial role",3,535060,97.16
"play don let",3,535063,97.16
"play football year",3,535066,97.16
"play game fun",3,535069,97.16
"play game game",3,535072,97.17
"play game let",3,535075,97.17
"play game love",3,535078,97.17
"play get burned",3,535081,97.17
"play laser tag",3,535084,97.17
"play leave stoked",3,535087,97.17
"play number game",3,535090,97.17
"play poker online",3,535093,97.17
"play pray nature",3,535096,97.17
"play race card",3,535099,97.17
"play saints row",3,535102,97.17
"play stage pm",3,535105,97.17
"played game like",3,535108,97.17
"played great tonight",3,535111,97.17
"played high school",3,535114,97.17
"played like games",3,535117,97.17
"played san diego",3,535120,97.17
"player nba history",3,535123,97.17
"playing atlanta ga",3,535126,97.18
"playing basketball time",3,535129,97.18
"playing best classic",3,535132,97.18
"playing best hip",3,535135,97.18
"playing big band",3,535138,97.18
"playing devils advocate",3,535141,97.18
"playing good friends",3,535144,97.18
"playing great music",3,535147,97.18
"playing live mix",3,535150,97.18
"playing piano bar",3,535153,97.18
"playing pm come",3,535156,97.18
"playing screens oscar",3,535159,97.18
"playoff series win",3,535162,97.18
"plays home southeast",3,535165,97.18
"plaza classic film",3,535168,97.18
"pleased sponsor today",3,535171,97.18
"pleasure thanks kind",3,535174,97.18
"plenty room come",3,535177,97.18
"plus dj blaze",3,535180,97.19
"plus free food",3,535183,97.19
"plus slice lemon",3,535186,97.19
"pm beat free",3,535189,97.19
"pm bring family",3,535192,97.19
"pm buy day",3,535195,97.19
"pm civic center",3,535198,97.19
"pm come happy",3,535201,97.19
"pm come perform",3,535204,97.19
"pm come watch",3,535207,97.19
"pm del mar",3,535210,97.19
"pm eastern tonight",3,535213,97.19
"pm est beijing",3,535216,97.19
"pm est get",3,535219,97.19
"pm est tomorrow",3,535222,97.19
"pm going lot",3,535225,97.19
"pm grad center",3,535228,97.19
"pm great night",3,535231,97.19
"pm happy new",3,535234,97.19
"pm june june",3,535237,97.2
"pm just fl",3,535240,97.2
"pm let test",3,535243,97.2
"pm need help",3,535246,97.2
"pm new spring",3,535249,97.2
"pm open public",3,535252,97.2
"pm pm bar",3,535255,97.2
"pm pm buy",3,535258,97.2
"pm pm don",3,535261,97.2
"pm pm midnight",3,535264,97.2
"pm room library",3,535267,97.2
"pm today excited",3,535270,97.2
"pm today just",3,535273,97.2
"pm today last",3,535276,97.2
"pm today take",3,535279,97.2
"pm today tune",3,535282,97.2
"pm tune hear",3,535285,97.2
"pocket last night",3,535288,97.2
"podcast network called",3,535291,97.21
"poets th st",3,535294,97.21
"point does become",3,535297,97.21
"point does get",3,535300,97.21
"point history civil",3,535303,97.21
"point space time",3,535306,97.21
"point time get",3,535309,97.21
"poised creation listened",3,535312,97.21
"police need help",3,535315,97.21
"police riot gear",3,535318,97.21
"police say man",3,535321,97.21
"political action committee",3,535324,97.21
"pool drink hand",3,535327,97.21
"poor baby just",3,535330,97.21
"poor baby sorry",3,535333,97.21
"poor homeless people",3,535336,97.21
"poor hungry homeless",3,535339,97.21
"poor must go",3,535342,97.21
"poor safety net",3,535345,97.22
"pop dvd player",3,535348,97.22
"pop molly smoke",3,535351,97.22
"pop punk bands",3,535354,97.22
"pork chop eating",3,535357,97.22
"pork chops rice",3,535360,97.22
"portland afternoon news",3,535363,97.22
"portland boat tours",3,535366,97.22
"portland let know",3,535369,97.22
"portland oregon tomorrow",3,535372,97.22
"positive attitude create",3,535375,97.22
"positive negative experiences",3,535378,97.22
"positive thoughts prayers",3,535381,97.22
"possibilities want keep",3,535384,97.22
"possibly expected handle",3,535387,97.22
"post great night",3,535390,97.22
"post later today",3,535393,97.22
"post link tomorrow",3,535396,97.22
"post new blog",3,535399,97.22
"post picture instagram",3,535402,97.23
"post video week",3,535405,97.23
"posted feel like",3,535408,97.23
"posting january st",3,535411,97.23
"potter chamber secrets",3,535414,97.23
"power inspire change",3,535417,97.23
"power love self",3,535420,97.23
"power present moment",3,535423,97.23
"power smile sword",3,535426,97.23
"power went just",3,535429,97.23
"powerful forces planet",3,535432,97.23
"powerful social media",3,535435,97.23
"practical tips commercial",3,535438,97.23
"practice loving everybody",3,535441,97.23
"pray easy life",3,535444,97.23
"prayers lost lives",3,535447,97.23
"prefer company educated",3,535450,97.23
"premier league football",3,535453,97.23
"presence social media",3,535456,97.24
"present th annual",3,535459,97.24
"presentation let know",3,535462,97.24
"presentation today thanks",3,535465,97.24
"presenting th annual",3,535468,97.24
"president day did",3,535471,97.24
"president day hope",3,535474,97.24
"president general served",3,535477,97.24
"president obama got",3,535480,97.24
"president obama take",3,535483,97.24
"president supports marriage",3,535486,97.24
"president take position",3,535489,97.24
"press box get",3,535492,97.24
"press conference announces",3,535495,97.24
"press release sent",3,535498,97.24
"pretend said anything",3,535501,97.24
"pretty awesome especially",3,535504,97.24
"pretty awesome place",3,535507,97.24
"pretty blonde hair",3,535510,97.25
"pretty boring life",3,535513,97.25
"pretty cool know",3,535516,97.25
"pretty cool last",3,535519,97.25
"pretty cool really",3,535522,97.25
"pretty cool wait",3,535525,97.25
"pretty day today",3,535528,97.25
"pretty happy right",3,535531,97.25
"pretty hot right",3,535534,97.25
"pretty wings maxwell",3,535537,97.25
"preview new movie",3,535540,97.25
"preview weeks episode",3,535543,97.25
"price free shipping",3,535546,97.25
"price pizza night",3,535549,97.25
"price value oscar",3,535552,97.25
"pride comes comes",3,535555,97.25
"pride comes fall",3,535558,97.25
"print advertising online",3,535561,97.25
"prior really begin",3,535564,97.25
"prize life offers",3,535567,97.26
"prizes give away",3,535570,97.26
"pro athletes don",3,535573,97.26
"pro cycling challenge",3,535576,97.26
"pro hoops review",3,535579,97.26
"pro sports team",3,535582,97.26
"probably favorite person",3,535585,97.26
"probably know love",3,535588,97.26
"probably start packing",3,535591,97.26
"probably time change",3,535594,97.26
"probably time get",3,535597,97.26
"probably wont just",3,535600,97.26
"probably worst day",3,535603,97.26
"probably worst things",3,535606,97.26
"problem glad got",3,535609,97.26
"problem human existence",3,535612,97.26
"problem pretty sure",3,535615,97.26
"problems just don",3,535618,97.26
"problems young love",3,535621,97.27
"proceeds go sponsor",3,535624,97.27
"process let know",3,535627,97.27
"process writing recording",3,535630,97.27
"product let know",3,535633,97.27
"production guy man",3,535636,97.27
"production guy seeking",3,535639,97.27
"productive couple days",3,535642,97.27
"productive day far",3,535645,97.27
"productive day think",3,535648,97.27
"profit man gain",3,535651,97.27
"program files chrome",3,535654,97.27
"progress little speed",3,535657,97.27
"progressive realization worthwhile",3,535660,97.27
"project type party",3,535663,97.27
"projects check checkout",3,535666,97.27
"projects getting ready",3,535669,97.27
"projects stay tuned",3,535672,97.27
"promise won happen",3,535675,97.28
"promote local events",3,535678,97.28
"promotion try site",3,535681,97.28
"promotions coming soon",3,535684,97.28
"proof make better",3,535687,97.28
"proper last night",3,535690,97.28
"proud guys love",3,535693,97.28
"proud jonas fan",3,535696,97.28
"proud keep going",3,535699,97.28
"pub tomorrow pm",3,535702,97.28
"public invited attend",3,535705,97.28
"public welcome small",3,535708,97.28
"puck singing mean",3,535711,97.28
"puff puff puff",3,535714,97.28
"pulling double duty",3,535717,97.28
"pulse power hip",3,535720,97.28
"purchase just mention",3,535723,97.28
"purchase receive free",3,535726,97.28
"purchase use code",3,535729,97.28
"pure physical sensation",3,535732,97.29
"pure water raise",3,535735,97.29
"pursuit happiness ridiculous",3,535738,97.29
"put big boy",3,535741,97.29
"put greatness people",3,535744,97.29
"put head pillow",3,535747,97.29
"put heart take",3,535750,97.29
"put phone silent",3,535753,97.29
"put picture profile",3,535756,97.29
"put pizza oven",3,535759,97.29
"put roof mouth",3,535762,97.29
"put skills work",3,535765,97.29
"put thinking cap",3,535768,97.29
"put vision board",3,535771,97.29
"putting clothes away",3,535774,97.29
"putting pen paper",3,535777,97.29
"putting really good",3,535780,97.29
"quality mind honor",3,535783,97.29
"question did become",3,535786,97.3
"question effective disaster",3,535789,97.3
"question favorite song",3,535792,97.3
"question song heard",3,535795,97.3
"question think ask",3,535798,97.3
"question think bad",3,535801,97.3
"question wanna party",3,535804,97.3
"questions important answers",3,535807,97.3
"questions like answer",3,535810,97.3
"questions need answers",3,535813,97.3
"questions need ask",3,535816,97.3
"questions www com",3,535819,97.3
"quickly let know",3,535822,97.3
"quickly things change",3,535825,97.3
"quinn plays home",3,535828,97.3
"quit smoking weed",3,535831,97.3
"quit thinking feels",3,535834,97.3
"quote day believe",3,535837,97.3
"quote day change",3,535840,97.3
"quote night far",3,535843,97.31
"race cure sat",3,535846,97.31
"race cure tomorrow",3,535849,97.31
"radio red rose",3,535852,97.31
"radio school com",3,535855,97.31
"rain just wanted",3,535858,97.31
"rain looks like",3,535861,97.31
"rainy day boston",3,535864,97.31
"rainy day like",3,535867,97.31
"rainy day means",3,535870,97.31
"rainy day monday",3,535873,97.31
"rainy day nyc",3,535876,97.31
"raise glass cheers",3,535879,97.31
"raise hand like",3,535882,97.31
"raise hand think",3,535885,97.31
"raised great son",3,535888,97.31
"raised playground spent",3,535891,97.31
"rams head aug",3,535894,97.31
"ran away home",3,535897,97.32
"ran wrong way",3,535900,97.32
"random compliment way",3,535903,97.32
"random phone calls",3,535906,97.32
"random row books",3,535909,97.32
"rangers game msg",3,535912,97.32
"rangers tie seconds",3,535915,97.32
"rangers win get",3,535918,97.32
"rangers world series",3,535921,97.32
"rap music just",3,535924,97.32
"rare true love",3,535927,97.32
"rate year fixed",3,535930,97.32
"raw heat ice",3,535933,97.32
"rd annual auction",3,535936,97.32
"rd annual event",3,535939,97.32
"rd birthday party",3,535942,97.32
"rd mark calendar",3,535945,97.32
"rd st pm",3,535948,97.32
"reach goal reaching",3,535951,97.33
"reached point learn",3,535954,97.33
"reaction life slavery",3,535957,97.33
"read aloud day",3,535960,97.33
"read book did",3,535963,97.33
"read book hunger",3,535966,97.33
"read book think",3,535969,97.33
"read book week",3,535972,97.33
"read girl dragon",3,535975,97.33
"read last man",3,535978,97.33
"read terms conditions",3,535981,97.33
"read twitter profile",3,535984,97.33
"reading comic book",3,535987,97.33
"reading ellen hopkins",3,535990,97.33
"reading second book",3,535993,97.33
"reading technique workshop",3,535996,97.33
"reading white paper",3,535999,97.33
"reading yr old",3,536002,97.33
"ready fall asleep",3,536005,97.33
"ready get class",3,536008,97.34
"ready get rid",3,536011,97.34
"ready get tan",3,536014,97.34
"ready get wild",3,536017,97.34
"ready good night",3,536020,97.34
"ready hit streets",3,536023,97.34
"ready let help",3,536026,97.34
"ready let loose",3,536029,97.34
"ready like conference",3,536032,97.34
"ready love ready",3,536035,97.34
"ready monday night",3,536038,97.34
"ready prom tomorrow",3,536041,97.34
"ready secret success",3,536044,97.34
"ready shall begin",3,536047,97.34
"real definition best",3,536050,97.34
"real estate deals",3,536053,97.34
"real estate new",3,536056,97.34
"real estate properties",3,536059,97.34
"real food daily",3,536062,97.35
"real good got",3,536065,97.35
"real good times",3,536068,97.35
"real hard face",3,536071,97.35
"real just got",3,536074,97.35
"real life happy",3,536077,97.35
"real life march",3,536080,97.35
"real like real",3,536083,97.35
"real need real",3,536086,97.35
"real realize close",3,536089,97.35
"reality make world",3,536092,97.35
"reality world separate",3,536095,97.35
"realization seen bird",3,536098,97.35
"realize don want",3,536101,97.35
"realize listening slowly",3,536104,97.35
"realize really matters",3,536107,97.35
"realize till gone",3,536110,97.35
"realize walking wrong",3,536113,97.35
"realize years ago",3,536116,97.36
"realized real friends",3,536119,97.36
"realizing actually possess",3,536122,97.36
"really acting like",3,536125,97.36
"really appreciate feedback",3,536128,97.36
"really appreciate guys",3,536131,97.36
"really appreciate life",3,536134,97.36
"really appreciate looking",3,536137,97.36
"really appreciate mention",3,536140,97.36
"really appreciate people",3,536143,97.36
"really appreciate shout",3,536146,97.36
"really bad got",3,536149,97.36
"really bad time",3,536152,97.36
"really bad tonight",3,536155,97.36
"really begin setting",3,536158,97.36
"really best friends",3,536161,97.36
"really best policy",3,536164,97.36
"really breaking heart",3,536167,97.36
"really change things",3,536170,97.36
"really cool site",3,536173,97.37
"really day rest",3,536176,97.37
"really enjoyed blog",3,536179,97.37
"really enjoyed day",3,536182,97.37
"really enjoyed event",3,536185,97.37
"really enjoyed film",3,536188,97.37
"really enjoyed looking",3,536191,97.37
"really enjoyed music",3,536194,97.37
"really excited check",3,536197,97.37
"really excited summer",3,536200,97.37
"really eye opening",3,536203,97.37
"really fall asleep",3,536206,97.37
"really give tattoo",3,536209,97.37
"really gotta start",3,536212,97.37
"really hard put",3,536215,97.37
"really hard week",3,536218,97.37
"really hate fact",3,536221,97.37
"really hate mondays",3,536224,97.37
"really hate really",3,536227,97.38
"really hate twitter",3,536230,97.38
"really hope did",3,536233,97.38
"really hope doing",3,536236,97.38
"really hope enjoy",3,536239,97.38
"really hope meet",3,536242,97.38
"really hope okay",3,536245,97.38
"really hope think",3,536248,97.38
"really hope today",3,536251,97.38
"really just came",3,536254,97.38
"really just come",3,536257,97.38
"really just give",3,536260,97.38
"really just happened",3,536263,97.38
"really just playing",3,536266,97.38
"really just started",3,536269,97.38
"really just waiting",3,536272,97.38
"really know anything",3,536275,97.38
"really letting go",3,536278,97.38
"really live life",3,536281,97.39
"really look good",3,536284,97.39
"really love addicted",3,536287,97.39
"really love friends",3,536290,97.39
"really love working",3,536293,97.39
"really made difference",3,536296,97.39
"really making day",3,536299,97.39
"really march madness",3,536302,97.39
"really matters life",3,536305,97.39
"really missed boat",3,536308,97.39
"really needed today",3,536311,97.39
"really nice just",3,536314,97.39
"really nice place",3,536317,97.39
"really nice things",3,536320,97.39
"really people just",3,536323,97.39
"really put map",3,536326,97.39
"really real life",3,536329,97.39
"really really old",3,536332,97.39
"really really taking",3,536335,97.39
"really take time",3,536338,97.4
"really taking week",3,536341,97.4
"really think anything",3,536344,97.4
"really think best",3,536347,97.4
"really think give",3,536350,97.4
"really think great",3,536353,97.4
"really think might",3,536356,97.4
"really think really",3,536359,97.4
"really tough time",3,536362,97.4
"really understand people",3,536365,97.4
"really wanna eat",3,536368,97.4
"really wanna skip",3,536371,97.4
"really wanna thank",3,536374,97.4
"really wish take",3,536377,97.4
"really wish told",3,536380,97.4
"really wish went",3,536383,97.4
"really work unless",3,536386,97.4
"really working today",3,536389,97.4
"reason dog comfort",3,536392,97.41
"reason go sleep",3,536395,97.41
"reason just good",3,536398,97.41
"reason need id",3,536401,97.41
"reason people like",3,536404,97.41
"reason smile reason",3,536407,97.41
"reason tell truth",3,536410,97.41
"reason use statistics",3,536413,97.41
"reasons doing anything",3,536416,97.41
"receive admission decision",3,536419,97.41
"recent images twitter",3,536422,97.41
"recognize real don",3,536425,97.41
"recommend good place",3,536428,97.41
"record new single",3,536431,97.41
"recording artist frank",3,536434,97.41
"recording session music",3,536437,97.41
"red carpet treatment",3,536440,97.41
"red green red",3,536443,97.41
"red rock casino",3,536446,97.42
"red roof inn",3,536449,97.42
"red sweater today",3,536452,97.42
"reference desk shift",3,536455,97.42
"referring don know",3,536458,97.42
"refuse average let",3,536461,97.42
"refusing participate politics",3,536464,97.42
"regarding upcoming council",3,536467,97.42
"regional initiative grant",3,536470,97.42
"register view links",3,536473,97.42
"regret anything point",3,536476,97.42
"regular hours monday",3,536479,97.42
"regular meeting tonight",3,536482,97.42
"relationship healthy nice",3,536485,97.42
"relationship issues magazine",3,536488,97.42
"relationship just sitting",3,536491,97.42
"relax body hour",3,536494,97.42
"relay life event",3,536497,97.42
"released june th",3,536500,97.42
"releasing full length",3,536503,97.43
"relevant years ago",3,536506,97.43
"remain land free",3,536509,97.43
"remember don forget",3,536512,97.43
"remember followers look",3,536515,97.43
"remember held long",3,536518,97.43
"remember life like",3,536521,97.43
"remember looks like",3,536524,97.43
"remember myspace password",3,536527,97.43
"remember people don",3,536530,97.43
"remember remember showed",3,536533,97.43
"remember rest life",3,536536,97.43
"remember showed email",3,536539,97.43
"remember things hoped",3,536542,97.43
"remember use talk",3,536545,97.43
"remote control car",3,536548,97.43
"rep code checkout",3,536551,97.43
"reply cause know",3,536554,97.43
"reply contact info",3,536557,97.44
"reply trying reply",3,536560,97.44
"reply wins colts",3,536563,97.44
"report card young",3,536566,97.44
"reported using drive",3,536569,97.44
"reporter saw tweet",3,536572,97.44
"reports results quarter",3,536575,97.44
"reputation character reputation",3,536578,97.44
"required acquire excellent",3,536581,97.44
"research doing don",3,536584,97.44
"research social media",3,536587,97.44
"resident dj dj",3,536590,97.44
"resolution stick good",3,536593,97.44
"respect people stay",3,536596,97.44
"respect relationship don",3,536599,97.44
"responsibility let know",3,536602,97.44
"rest day great",3,536605,97.44
"rest day hope",3,536608,97.44
"rest good night",3,536611,97.44
"rest life thursday",3,536614,97.45
"rest peace jones",3,536617,97.45
"rest peace miss",3,536620,97.45
"restaurant live updates",3,536623,97.45
"result choices make",3,536626,97.45
"return king extended",3,536629,97.45
"reveal own benjamin",3,536632,97.45
"revenge like sweetest",3,536635,97.45
"review best natural",3,536638,97.45
"rewards shoppers reward",3,536641,97.45
"rex ryan lost",3,536644,97.45
"rich people poor",3,536647,97.45
"ride party bus",3,536650,97.45
"ride till wheels",3,536653,97.45
"riding went screamed",3,536656,97.45
"right big time",3,536659,97.45
"right coming soon",3,536662,97.45
"right couple hours",3,536665,97.45
"right facebook page",3,536668,97.46
"right getting work",3,536671,97.46
"right gonna get",3,536674,97.46
"right just days",3,536677,97.46
"right just found",3,536680,97.46
"right just give",3,536683,97.46
"right just take",3,536686,97.46
"right keep awesome",3,536689,97.46
"right keep great",3,536692,97.46
"right lane sb",3,536695,97.46
"right new york",3,536698,97.46
"right pursue happiness",3,536701,97.46
"right ride go",3,536704,97.46
"right right way",3,536707,97.46
"right right wrong",3,536710,97.46
"right stop tweeting",3,536713,97.46
"right street office",3,536716,97.46
"right thing don",3,536719,97.46
"right thing time",3,536722,97.47
"right time difficult",3,536725,97.47
"right time get",3,536728,97.47
"right time really",3,536731,97.47
"right trying make",3,536734,97.47
"right twice day",3,536737,97.47
"right use strength",3,536740,97.47
"rings just like",3,536743,97.47
"rising th las",3,536746,97.47
"risky text minute",3,536749,97.47
"road goes forever",3,536752,97.47
"road trip friday",3,536755,97.47
"road trip time",3,536758,97.47
"road trip weekend",3,536761,97.47
"robert moses long",3,536764,97.47
"roberts rules state",3,536767,97.47
"rock heavy metal",3,536770,97.47
"rock house dvd",3,536773,97.47
"rock looking forward",3,536776,97.47
"rock lounge tonight",3,536779,97.48
"rock march th",3,536782,97.48
"rock rock roll",3,536785,97.48
"rock roll awesome",3,536788,97.48
"rock roll don",3,536791,97.48
"rock roll good",3,536794,97.48
"rock roll high",3,536797,97.48
"rock roll rock",3,536800,97.48
"rock roll today",3,536803,97.48
"rock thanks follow",3,536806,97.48
"rock world just",3,536809,97.48
"rocket science understand",3,536812,97.48
"rodgers day wisconsin",3,536815,97.48
"role based hood",3,536818,97.48
"romney tax returns",3,536821,97.48
"romney wins gop",3,536824,97.48
"ron paul debates",3,536827,97.48
"ron paul probably",3,536830,97.48
"ron paul wins",3,536833,97.49
"room don know",3,536836,97.49
"room don miss",3,536839,97.49
"room knock door",3,536842,97.49
"room lets go",3,536845,97.49
"root canal today",3,536848,97.49
"roses sure keep",3,536851,97.49
"rough cut done",3,536854,97.49
"round don know",3,536857,97.49
"roy jones jr",3,536860,97.49
"royal wedding going",3,536863,97.49
"rule club don",3,536866,97.49
"rule don like",3,536869,97.49
"rule probably won",3,536872,97.49
"rules old man",3,536875,97.49
"rules state convention",3,536878,97.49
"run cross country",3,536881,97.49
"run ed run",3,536884,97.49
"run errands work",3,536887,97.5
"run get done",3,536890,97.5
"run gets couch",3,536893,97.5
"run homer brewers",3,536896,97.5
"run just get",3,536899,97.5
"run own banana",3,536902,97.5
"run second half",3,536905,97.5
"run walk children",3,536908,97.5
"run yr old",3,536911,97.5
"running away fighting",3,536914,97.5
"running mouth like",3,536917,97.5
"running shoes today",3,536920,97.5
"ryan looks like",3,536923,97.5
"sacrifice result hill",3,536926,97.5
"sad able make",3,536929,97.5
"sad missed year",3,536932,97.5
"sad year old",3,536935,97.5
"safe express myself",3,536938,97.5
"safe healthy happy",3,536941,97.5
"safe lock door",3,536944,97.51
"safe ride home",3,536947,97.51
"safe tonight year",3,536950,97.51
"safe travels guys",3,536953,97.51
"safe travels traveling",3,536956,97.51
"safety discovery tools",3,536959,97.51
"safety net programs",3,536962,97.51
"said day get",3,536965,97.51
"said easy just",3,536968,97.51
"said experience pointless",3,536971,97.51
"said harry potter",3,536974,97.51
"said know old",3,536977,97.51
"said last days",3,536980,97.51
"said let know",3,536983,97.51
"said made think",3,536986,97.51
"said might make",3,536989,97.51
"said need say",3,536992,97.51
"said pride risky",3,536995,97.51
"said really pretty",3,536998,97.52
"said sorry loss",3,537001,97.52
"said thanks man",3,537004,97.52
"said think better",3,537007,97.52
"said thousand times",3,537010,97.52
"said wanna watch",3,537013,97.52
"said want come",3,537016,97.52
"said yeah said",3,537019,97.52
"salad cup soup",3,537022,97.52
"sale best buy",3,537025,97.52
"salon getting hair",3,537028,97.52
"salt water make",3,537031,97.52
"salt water pool",3,537034,97.52
"sam adams beer",3,537037,97.52
"sam getting know",3,537040,97.52
"samples pie th",3,537043,97.52
"sampling party pm",3,537046,97.52
"san antonio dallas",3,537049,97.52
"san antonio express",3,537052,97.53
"san antonio new",3,537055,97.53
"san francisco airport",3,537058,97.53
"san francisco big",3,537061,97.53
"san francisco excited",3,537064,97.53
"san francisco got",3,537067,97.53
"san francisco happy",3,537070,97.53
"san francisco housing",3,537073,97.53
"san francisco like",3,537076,97.53
"san francisco sat",3,537079,97.53
"san francisco time",3,537082,97.53
"san juan county",3,537085,97.53
"sandwich want leftovers",3,537088,97.53
"santa christmas eve",3,537091,97.53
"sat mark towns",3,537094,97.53
"saturday bar grill",3,537097,97.53
"saturday club night",3,537100,97.53
"saturday come burger",3,537103,97.53
"saturday doors open",3,537106,97.53
"saturday morning day",3,537109,97.54
"saturday morning going",3,537112,97.54
"saturday morning learning",3,537115,97.54
"saturday night baby",3,537118,97.54
"saturday night getting",3,537121,97.54
"saturday night hit",3,537124,97.54
"saturday night spent",3,537127,97.54
"saturdays sundays happens",3,537130,97.54
"sauce dinner tonight",3,537133,97.54
"save lb fri",3,537136,97.54
"save purchase use",3,537139,97.54
"saved ton money",3,537142,97.54
"saving auto industry",3,537145,97.54
"savings don forget",3,537148,97.54
"savings electric battery",3,537151,97.54
"saw avengers tonight",3,537154,97.54
"saw big screen",3,537157,97.54
"saw big time",3,537160,97.54
"saw biggest spider",3,537163,97.55
"saw does mean",3,537166,97.55
"saw people wearing",3,537169,97.55
"saw picture thought",3,537172,97.55
"saw theaters came",3,537175,97.55
"saw thought like",3,537178,97.55
"say actually really",3,537181,97.55
"say anything crazy",3,537184,97.55
"say anything know",3,537187,97.55
"say bad stuff",3,537190,97.55
"say bad word",3,537193,97.55
"say cutest things",3,537196,97.55
"say did good",3,537199,97.55
"say don miss",3,537202,97.55
"say don wanna",3,537205,97.55
"say don worry",3,537208,97.55
"say fools say",3,537211,97.55
"say george bernard",3,537214,97.55
"say give head",3,537217,97.56
"say gonna make",3,537220,97.56
"say good chance",3,537223,97.56
"say good good",3,537226,97.56
"say great day",3,537229,97.56
"say hello excited",3,537232,97.56
"say hello good",3,537235,97.56
"say hello miss",3,537238,97.56
"say hip hop",3,537241,97.56
"say hundred tell",3,537244,97.56
"say judge book",3,537247,97.56
"say just friend",3,537250,97.56
"say just understand",3,537253,97.56
"say let get",3,537256,97.56
"say let win",3,537259,97.56
"say like deaf",3,537262,97.56
"say like lot",3,537265,97.56
"say like yo",3,537268,97.56
"say live love",3,537271,97.56
"say love girl",3,537274,97.57
"say love make",3,537277,97.57
"say love music",3,537280,97.57
"say love sweetest",3,537283,97.57
"say matter belong",3,537286,97.57
"say mean thing",3,537289,97.57
"say miss old",3,537292,97.57
"say money key",3,537295,97.57
"say popped head",3,537298,97.57
"say press conference",3,537301,97.57
"say pretty impressed",3,537304,97.57
"say raise lights",3,537307,97.57
"say sure hope",3,537310,97.57
"say way things",3,537313,97.57
"say whitney houston",3,537316,97.57
"say wrong thing",3,537319,97.57
"say yes love",3,537322,97.57
"say yes want",3,537325,97.57
"saying did terrible",3,537328,97.58
"saying did think",3,537331,97.58
"saying get life",3,537334,97.58
"saying gold messing",3,537337,97.58
"saying negative things",3,537340,97.58
"saying random things",3,537343,97.58
"says holds tight",3,537346,97.58
"says mike brown",3,537349,97.58
"sb passed senate",3,537352,97.58
"scale think fans",3,537355,97.58
"schedule april april",3,537358,97.58
"schedule classes online",3,537361,97.58
"school com click",3,537364,97.58
"school district students",3,537367,97.58
"school freshman year",3,537370,97.58
"school know means",3,537373,97.58
"school last place",3,537376,97.58
"school musical songs",3,537379,97.58
"school people just",3,537382,97.58
"school school tomorrow",3,537385,97.59
"school showcase chicago",3,537388,97.59
"school teacher appreciation",3,537391,97.59
"school today day",3,537394,97.59
"school today don",3,537397,97.59
"school today good",3,537400,97.59
"school today said",3,537403,97.59
"school today thank",3,537406,97.59
"school tomorrow last",3,537409,97.59
"school tomorrow sleep",3,537412,97.59
"school tomorrow spring",3,537415,97.59
"schools offices closed",3,537418,97.59
"score spurs clippers",3,537421,97.59
"scout cookies come",3,537424,97.59
"screen capture software",3,537427,97.59
"screen cow tonight",3,537430,97.59
"screwed mess listen",3,537433,97.59
"sea port marina",3,537436,97.59
"search engines blogs",3,537439,97.6
"season chicago bulls",3,537442,97.6
"season finale just",3,537445,97.6
"season finale made",3,537448,97.6
"season just days",3,537451,97.6
"season thanks support",3,537454,97.6
"seats available anyone",3,537457,97.6
"seattle today scheduled",3,537460,97.6
"second good job",3,537463,97.6
"secret circle got",3,537466,97.6
"secret club tonight",3,537469,97.6
"secret style suite",3,537472,97.6
"secret twitter account",3,537475,97.6
"section native loan",3,537478,97.6
"security instead opportunity",3,537481,97.6
"seeking sales leaders",3,537484,97.6
"seem find anything",3,537487,97.6
"seem find anywhere",3,537490,97.6
"seem like crazy",3,537493,97.61
"seem like day",3,537496,97.61
"seem like kind",3,537499,97.61
"seem like place",3,537502,97.61
"seem lonely selfish",3,537505,97.61
"seems good far",3,537508,97.61
"seems valuable lose",3,537511,97.61
"seen dancing thought",3,537514,97.61
"seen heard must",3,537517,97.61
"seen last year",3,537520,97.61
"seen like th",3,537523,97.61
"seen new movie",3,537526,97.61
"segment tomorrow morning",3,537529,97.61
"self centered people",3,537532,97.61
"self conscious people",3,537535,97.61
"self defense classes",3,537538,97.61
"self discipline timothy",3,537541,97.61
"self made man",3,537544,97.61
"self worth self",3,537547,97.61
"selfish self centered",3,537550,97.62
"sell beats online",3,537553,97.62
"sell home contact",3,537556,97.62
"sell used car",3,537559,97.62
"semester graduate school",3,537562,97.62
"semester studying abroad",3,537565,97.62
"semester time get",3,537568,97.62
"senators state designated",3,537571,97.62
"send em home",3,537574,97.62
"send email asap",3,537577,97.62
"send email chat",3,537580,97.62
"send email update",3,537583,97.62
"send free shirt",3,537586,97.62
"send home early",3,537589,97.62
"send link info",3,537592,97.62
"send link ready",3,537595,97.62
"send link ur",3,537598,97.62
"send music listen",3,537601,97.62
"send pictures soon",3,537604,97.63
"sending email address",3,537607,97.63
"sending good karma",3,537610,97.63
"senior debt aa",3,537613,97.63
"sensation social status",3,537616,97.63
"sense let go",3,537619,97.63
"sense seems like",3,537622,97.63
"sense take method",3,537625,97.63
"sense talking special",3,537628,97.63
"sent days ago",3,537631,97.63
"sent email looking",3,537634,97.63
"sent home cause",3,537637,97.63
"sent look forward",3,537640,97.63
"sent son world",3,537643,97.63
"sent tweet wrong",3,537646,97.63
"series lets go",3,537649,97.63
"seriously considering getting",3,537652,97.63
"seriously fall asleep",3,537655,97.63
"seriously love guys",3,537658,97.64
"seriously stop thinking",3,537661,97.64
"seriously think just",3,537664,97.64
"seriously think need",3,537667,97.64
"served great country",3,537670,97.64
"server java server",3,537673,97.64
"server washington available",3,537676,97.64
"service looking forward",3,537679,97.64
"service therapy animal",3,537682,97.64
"sesame street character",3,537685,97.64
"session music preservation",3,537688,97.64
"set aside work",3,537691,97.64
"set go www",3,537694,97.64
"set looks like",3,537697,97.64
"setting personal learning",3,537700,97.64
"severe weather threat",3,537703,97.64
"sf interested candidates",3,537706,97.64
"shake mama gave",3,537709,97.64
"shake new york",3,537712,97.64
"shake people make",3,537715,97.65
"shall achieve time",3,537718,97.65
"shall go sleep",3,537721,97.65
"shall stay tuned",3,537724,97.65
"shape course history",3,537727,97.65
"shape good decisions",3,537730,97.65
"share good stuff",3,537733,97.65
"share knowledge credentials",3,537736,97.65
"share stories updates",3,537739,97.65
"sharing great article",3,537742,97.65
"shes amazing singer",3,537745,97.65
"ship called cargo",3,537748,97.65
"ship world wide",3,537751,97.65
"shirt revival night",3,537754,97.65
"shirt says life",3,537757,97.65
"shoe drive drop",3,537760,97.65
"shoes shoe drive",3,537763,97.65
"shoots free throws",3,537766,97.65
"short shorts flip",3,537769,97.66
"short sweet know",3,537772,97.66
"short wake regrets",3,537775,97.66
"shot clock high",3,537778,97.66
"shot just made",3,537781,97.66
"shot time says",3,537784,97.66
"shoulder last night",3,537787,97.66
"shoulders arms workout",3,537790,97.66
"shout follow follows",3,537793,97.66
"shout followers thanks",3,537796,97.66
"shout happy help",3,537799,97.66
"shout single moms",3,537802,97.66
"showcase chicago hoops",3,537805,97.66
"shower bed goodnight",3,537808,97.66
"shower cause broke",3,537811,97.66
"shower turn water",3,537814,97.66
"showing dance moves",3,537817,97.66
"showing good time",3,537820,97.66
"showing twitter love",3,537823,97.67
"shows april th",3,537826,97.67
"shows people really",3,537829,97.67
"shows watch tonight",3,537832,97.67
"shrimp basket fries",3,537835,97.67
"shut leave alone",3,537838,97.67
"sign good time",3,537841,97.67
"sign release form",3,537844,97.67
"sign today com",3,537847,97.67
"signals just returning",3,537850,97.67
"signatures collected recall",3,537853,97.67
"signatures recall gov",3,537856,97.67
"signed half marathon",3,537859,97.67
"signs child neglect",3,537862,97.67
"silence know life",3,537865,97.67
"silver says governor",3,537868,97.67
"simple authentic relevant",3,537871,97.67
"simply does work",3,537874,97.67
"simply don want",3,537877,97.67
"sincere family friends",3,537880,97.68
"sing like angel",3,537883,97.68
"singer recording artist",3,537886,97.68
"singer songwriter charts",3,537889,97.68
"singing favorite songs",3,537892,97.68
"singing hit road",3,537895,97.68
"singing theme song",3,537898,97.68
"singing tonight come",3,537901,97.68
"single ladies put",3,537904,97.68
"single party fun",3,537907,97.68
"single person know",3,537910,97.68
"single taken come",3,537913,97.68
"single taken waiting",3,537916,97.68
"sinking like stone",3,537919,97.68
"sir let know",3,537922,97.68
"sir looks like",3,537925,97.68
"sister just saw",3,537928,97.68
"sister love girl",3,537931,97.68
"sister th grade",3,537934,97.69
"sit might get",3,537937,97.69
"sit wait opportunities",3,537940,97.69
"sit walls act",3,537943,97.69
"site create profile",3,537946,97.69
"site just went",3,537949,97.69
"site profile get",3,537952,97.69
"site profile pay",3,537955,97.69
"site send message",3,537958,97.69
"site thanks sharing",3,537961,97.69
"sitting car outside",3,537964,97.69
"sitting outside great",3,537967,97.69
"sitting sitting sitting",3,537970,97.69
"size man size",3,537973,97.69
"skinny red fox",3,537976,97.69
"sleep better feel",3,537979,97.69
"sleep go work",3,537982,97.69
"sleep near future",3,537985,97.69
"sleep today going",3,537988,97.7
"sleep wake just",3,537991,97.7
"sleeping friends house",3,537994,97.7
"sleeping living room",3,537997,97.7
"sleeping smile face",3,538000,97.7
"sleeps must frank",3,538003,97.7
"slept hours feel",3,538006,97.7
"slept hours night",3,538009,97.7
"slow last couple",3,538012,97.7
"slow motion today",3,538015,97.7
"slow news week",3,538018,97.7
"slowly fade pretend",3,538021,97.7
"small bump ed",3,538024,97.7
"small business awards",3,538027,97.7
"small go big",3,538030,97.7
"small jobs henry",3,538033,97.7
"small move fast",3,538036,97.7
"smallest things make",3,538039,97.7
"smart group people",3,538042,97.7
"smart heart makes",3,538045,97.71
"smart own good",3,538048,97.71
"smell like eggs",3,538051,97.71
"smell like orange",3,538054,97.71
"smells exactly like",3,538057,97.71
"smells like baseball",3,538060,97.71
"smells like blue",3,538063,97.71
"smells like man",3,538066,97.71
"smile face right",3,538069,97.71
"smile hold touch",3,538072,97.71
"smile open expression",3,538075,97.71
"smith center performing",3,538078,97.71
"smoke regular basis",3,538081,97.71
"smoking hot go",3,538084,97.71
"social business social",3,538087,97.71
"social customer service",3,538090,97.71
"social mask approval",3,538093,97.71
"social media action",3,538096,97.71
"social media classes",3,538099,97.72
"social media creating",3,538102,97.72
"social media fast",3,538105,97.72
"social media give",3,538108,97.72
"social media goddess",3,538111,97.72
"social media guidelines",3,538114,97.72
"social media insight",3,538117,97.72
"social media international",3,538120,97.72
"social media library",3,538123,97.72
"social media message",3,538126,97.72
"social media organization",3,538129,97.72
"social media page",3,538132,97.72
"social media politics",3,538135,97.72
"social media promotion",3,538138,97.72
"social media sharing",3,538141,97.72
"social media sm",3,538144,97.72
"social status attraction",3,538147,97.72
"social studies test",3,538150,97.72
"society united states",3,538153,97.72
"soft taco light",3,538156,97.73
"software data entry",3,538159,97.73
"sold copies single",3,538162,97.73
"sold look forward",3,538165,97.73
"solo cup fill",3,538168,97.73
"solo music artist",3,538171,97.73
"solution problem solution",3,538174,97.73
"somebody needs tell",3,538177,97.73
"somebody own size",3,538180,97.73
"somebody talk bored",3,538183,97.73
"somebody worthwhile things",3,538186,97.73
"someday love won",3,538189,97.73
"son date knight",3,538192,97.73
"son looking forward",3,538195,97.73
"song boyfriend justin",3,538198,97.73
"song comes mind",3,538201,97.73
"song coming tomorrow",3,538204,97.73
"song drops tomorrow",3,538207,97.73
"song fresh prince",3,538210,97.74
"song make want",3,538213,97.74
"song play live",3,538216,97.74
"song song sing",3,538219,97.74
"song sounds awesome",3,538222,97.74
"song wait get",3,538225,97.74
"songs haven heard",3,538228,97.74
"songs love love",3,538231,97.74
"songs make happy",3,538234,97.74
"songs perfect circle",3,538237,97.74
"songs www com",3,538240,97.74
"songwriter music connection",3,538243,97.74
"sonic baltimore park",3,538246,97.74
"soon follow limit",3,538249,97.74
"soon get computer",3,538252,97.74
"soon get done",3,538255,97.74
"soon get free",3,538258,97.74
"soon get go",3,538261,97.74
"soon june th",3,538264,97.75
"soon just want",3,538267,97.75
"soon keep checking",3,538270,97.75
"soon like go",3,538273,97.75
"soon san diego",3,538276,97.75
"soon theater near",3,538279,97.75
"soon think gonna",3,538282,97.75
"soon wait hear",3,538285,97.75
"sooner fail best",3,538288,97.75
"sorry did sorry",3,538291,97.75
"sorry far away",3,538294,97.75
"sorry follow people",3,538297,97.75
"sorry forgot exist",3,538300,97.75
"sorry going miss",3,538303,97.75
"sorry hear donna",3,538306,97.75
"sorry hear follow",3,538309,97.75
"sorry hear hugs",3,538312,97.75
"sorry hear missed",3,538315,97.75
"sorry just keep",3,538318,97.75
"sorry just like",3,538321,97.76
"sorry just trying",3,538324,97.76
"sorry long day",3,538327,97.76
"sorry mean hurt",3,538330,97.76
"sorry missed day",3,538333,97.76
"sorry missed dc",3,538336,97.76
"sorry missed seeing",3,538339,97.76
"sorry missed thank",3,538342,97.76
"sorry took forever",3,538345,97.76
"sorry twitter account",3,538348,97.76
"sorry won today",3,538351,97.76
"soul business prosperity",3,538354,97.76
"soul wisdom better",3,538357,97.76
"sound great thank",3,538360,97.76
"sound just heard",3,538363,97.76
"sound like best",3,538366,97.76
"sound like complete",3,538369,97.76
"sound like don",3,538372,97.76
"sound like kind",3,538375,97.77
"sound like mean",3,538378,97.77
"sound like right",3,538381,97.77
"sound right means",3,538384,97.77
"sound sounds like",3,538387,97.77
"sound taylor swift",3,538390,97.77
"sounds great actually",3,538393,97.77
"sounds great come",3,538396,97.77
"sounds great contact",3,538399,97.77
"sounds great email",3,538402,97.77
"sounds great get",3,538405,97.77
"sounds great great",3,538408,97.77
"sounds great look",3,538411,97.77
"sounds great make",3,538414,97.77
"sounds great send",3,538417,97.77
"sounds like bit",3,538420,97.77
"sounds like cash",3,538423,97.77
"sounds like chick",3,538426,97.77
"sounds like close",3,538429,97.78
"sounds like club",3,538432,97.78
"sounds like country",3,538435,97.78
"sounds like epic",3,538438,97.78
"sounds like fair",3,538441,97.78
"sounds like human",3,538444,97.78
"sounds like issue",3,538447,97.78
"sounds like lady",3,538450,97.78
"sounds like late",3,538453,97.78
"sounds like man",3,538456,97.78
"sounds like neighbors",3,538459,97.78
"sounds like outstanding",3,538462,97.78
"sounds like project",3,538465,97.78
"sounds like rain",3,538468,97.78
"sounds like road",3,538471,97.78
"sounds like rough",3,538474,97.78
"sounds like stuff",3,538477,97.78
"sounds like ur",3,538480,97.78
"sounds like war",3,538483,97.78
"sounds like water",3,538486,97.79
"soundtrack get ready",3,538489,97.79
"source humor itself",3,538492,97.79
"south irish st",3,538495,97.79
"southeast portland recording",3,538498,97.79
"space www com",3,538501,97.79
"spaces good ones",3,538504,97.79
"spam hacked tried",3,538507,97.79
"spanish don understand",3,538510,97.79
"speak kindly bring",3,538513,97.79
"speak stay tuned",3,538516,97.79
"speak words kindness",3,538519,97.79
"speaker silver says",3,538522,97.79
"speaking sponsoring attending",3,538525,97.79
"special collections library",3,538528,97.79
"special effects make",3,538531,97.79
"special performance use",3,538534,97.79
"special person loves",3,538537,97.79
"special prime rib",3,538540,97.8
"special showing respect",3,538543,97.8
"special shrimp basket",3,538546,97.8
"special starting everyday",3,538549,97.8
"special starting today",3,538552,97.8
"specials night come",3,538555,97.8
"speech school tell",3,538558,97.8
"speed car chase",3,538561,97.8
"spelled twitter wrong",3,538564,97.8
"spend days course",3,538567,97.8
"spend hours day",3,538570,97.8
"spend life putting",3,538573,97.8
"spend night get",3,538576,97.8
"spend rest night",3,538579,97.8
"spend th july",3,538582,97.8
"spend time complaining",3,538585,97.8
"spend time dad",3,538588,97.8
"spend time energy",3,538591,97.8
"spend time walking",3,538594,97.81
"spend time wit",3,538597,97.81
"spending time dad",3,538600,97.81
"spent amount time",3,538603,97.81
"spent entire weekend",3,538606,97.81
"spent morning looking",3,538609,97.81
"spent morning talking",3,538612,97.81
"spider man turn",3,538615,97.81
"spider man week",3,538618,97.81
"spider pig does",3,538621,97.81
"spider problem becomes",3,538624,97.81
"spoiled last year",3,538627,97.81
"sport team support",3,538630,97.81
"sporting event attended",3,538633,97.81
"sports bar tonight",3,538636,97.81
"sports center day",3,538639,97.81
"sports high school",3,538642,97.81
"spreading word articles",3,538645,97.81
"spring menus start",3,538648,97.81
"spurs game last",3,538651,97.82
"spurs going run",3,538654,97.82
"spurs lead blazers",3,538657,97.82
"spurs lead suns",3,538660,97.82
"squad look like",3,538663,97.82
"st amendment rights",3,538666,97.82
"st ave near",3,538669,97.82
"st day love",3,538672,97.82
"st day th",3,538675,97.82
"st game day",3,538678,97.82
"st game just",3,538681,97.82
"st james place",3,538684,97.82
"st louis go",3,538687,97.82
"st mary hospital",3,538690,97.82
"st needs hurry",3,538693,97.82
"st noon pm",3,538696,97.82
"st orange nj",3,538699,97.82
"st person find",3,538702,97.82
"st quarter points",3,538705,97.83
"st team start",3,538708,97.83
"st th floor",3,538711,97.83
"st th inning",3,538714,97.83
"st time excited",3,538717,97.83
"st time like",3,538720,97.83
"st time look",3,538723,97.83
"st time week",3,538726,97.83
"st year program",3,538729,97.83
"staff development day",3,538732,97.83
"staff look like",3,538735,97.83
"staff tuesday ian",3,538738,97.83
"stage pm funk",3,538741,97.83
"stand comedy just",3,538744,97.83
"stand line get",3,538747,97.83
"stand people talk",3,538750,97.83
"standing line bathroom",3,538753,97.83
"star opera singer",3,538756,97.83
"star really good",3,538759,97.84
"star saturday night",3,538762,97.84
"star wars music",3,538765,97.84
"star wars today",3,538768,97.84
"staring phone avoid",3,538771,97.84
"stars last night",3,538774,97.84
"start acting career",3,538777,97.84
"start brand new",3,538780,97.84
"start conversation mean",3,538783,97.84
"start day love",3,538786,97.84
"start day today",3,538789,97.84
"start day yummy",3,538792,97.84
"start feels like",3,538795,97.84
"start finish counts",3,538798,97.84
"start friday right",3,538801,97.84
"start game series",3,538804,97.84
"start just get",3,538807,97.84
"start looking summer",3,538810,97.84
"start make sure",3,538813,97.84
"start mt day",3,538816,97.85
"start night right",3,538819,97.85
"start person nearest",3,538822,97.85
"start pretending shower",3,538825,97.85
"start reading books",3,538828,97.85
"start small go",3,538831,97.85
"start small move",3,538834,97.85
"start social media",3,538837,97.85
"start stops people",3,538840,97.85
"start super bowl",3,538843,97.85
"start taking classes",3,538846,97.85
"start th quarter",3,538849,97.85
"start thing action",3,538852,97.85
"start twitter feed",3,538855,97.85
"start watching revenge",3,538858,97.85
"start writing new",3,538861,97.85
"started day good",3,538864,97.85
"started playing today",3,538867,97.85
"started real estate",3,538870,97.86
"started recording new",3,538873,97.86
"started second book",3,538876,97.86
"started seems like",3,538879,97.86
"starting come join",3,538882,97.86
"starting look bit",3,538885,97.86
"starting monday starting",3,538888,97.86
"starting nba team",3,538891,97.86
"starts ends win",3,538894,97.86
"starts half hour",3,538897,97.86
"starts oct th",3,538900,97.86
"starts pm doors",3,538903,97.86
"starts pm play",3,538906,97.86
"starts pm sharp",3,538909,97.86
"startup weekend milwaukee",3,538912,97.86
"starving poor homeless",3,538915,97.86
"state business plan",3,538918,97.86
"state designated driver",3,538921,97.86
"state men basketball",3,538924,97.87
"state mental health",3,538927,97.87
"state street today",3,538930,97.87
"station good luck",3,538933,97.87
"station national train",3,538936,97.87
"station place fill",3,538939,97.87
"stats stats stats",3,538942,97.87
"stay alive long",3,538945,97.87
"stay away stop",3,538948,97.87
"stay bed read",3,538951,97.87
"stay bed unless",3,538954,97.87
"stay date cool",3,538957,97.87
"stay home make",3,538960,97.87
"stay home saturday",3,538963,97.87
"stay hungry humble",3,538966,97.87
"stay open minded",3,538969,97.87
"staying night friends",3,538972,97.87
"steak baked potato",3,538975,97.87
"step anyone world",3,538978,97.87
"step future success",3,538981,97.88
"step nd half",3,538984,97.88
"step step guide",3,538987,97.88
"step taken just",3,538990,97.88
"stephen king writing",3,538993,97.88
"steve jobs amazing",3,538996,97.88
"steve jobs born",3,538999,97.88
"steve jobs genius",3,539002,97.88
"steve jobs truly",3,539005,97.88
"stick new year",3,539008,97.88
"sticks head window",3,539011,97.88
"sticks neck james",3,539014,97.88
"stoked new songs",3,539017,97.88
"stomach looks like",3,539020,97.88
"stone cold said",3,539023,97.88
"stop broke heart",3,539026,97.88
"stop bullying twitter",3,539029,97.88
"stop caring stop",3,539032,97.88
"stop delicious stop",3,539035,97.89
"stop getting want",3,539038,97.89
"stop look person",3,539041,97.89
"stop looking love",3,539044,97.89
"stop love doing",3,539047,97.89
"stop new orleans",3,539050,97.89
"stop penalty kick",3,539053,97.89
"stop people thinking",3,539056,97.89
"stop sec hold",3,539059,97.89
"stop singing like",3,539062,97.89
"stop talking done",3,539065,97.89
"stop talking people",3,539068,97.89
"stop tears take",3,539071,97.89
"stop wine tasting",3,539074,97.89
"stop worrying road",3,539077,97.89
"stop worrying think",3,539080,97.89
"stopped clock right",3,539083,97.89
"stopped red light",3,539086,97.89
"stopped talking long",3,539089,97.89
"stopping glad enjoyed",3,539092,97.9
"stops people don",3,539095,97.9
"store buy new",3,539098,97.9
"store open today",3,539101,97.9
"stories feel going",3,539104,97.9
"storm heading way",3,539107,97.9
"story just like",3,539110,97.9
"story like share",3,539113,97.9
"story looking forward",3,539116,97.9
"story realize listening",3,539119,97.9
"story trying tell",3,539122,97.9
"story writes james",3,539125,97.9
"strain day purple",3,539128,97.9
"strain day white",3,539131,97.9
"strangers become best",3,539134,97.9
"strategic planning session",3,539137,97.9
"stream last night",3,539140,97.9
"street christmas lights",3,539143,97.9
"strength put hot",3,539146,97.91
"stress free work",3,539149,97.91
"stress need moment",3,539152,97.91
"stress needs go",3,539155,97.91
"stress pressure just",3,539158,97.91
"stressful day work",3,539161,97.91
"strike new paths",3,539164,97.91
"strong love like",3,539167,97.91
"struggling make payments",3,539170,97.91
"struggling stay awake",3,539173,97.91
"stuck long line",3,539176,97.91
"student career expo",3,539179,97.91
"student getting paper",3,539182,97.91
"student parking lot",3,539185,97.91
"students control learning",3,539188,97.91
"students www com",3,539191,97.91
"studio hard work",3,539194,97.91
"studio session gotta",3,539197,97.91
"studio tomorrow morning",3,539200,97.92
"studio working song",3,539203,97.92
"studying listening music",3,539206,97.92
"stuff dreams made",3,539209,97.92
"stuff hear work",3,539212,97.92
"stuff want go",3,539215,97.92
"submissions hustle ii",3,539218,97.92
"submissions soon stay",3,539221,97.92
"submitted app app",3,539224,97.92
"succeed need find",3,539227,97.92
"success big step",3,539230,97.92
"success finding work",3,539233,97.92
"success permanent fatal",3,539236,97.92
"success permanent true",3,539239,97.92
"success small step",3,539242,97.92
"success stories using",3,539245,97.92
"successful shopping day",3,539248,97.92
"successful weight loss",3,539251,97.92
"sucked last night",3,539254,97.92
"suddenly find myself",3,539257,97.93
"suite life deck",3,539260,97.93
"summer gonna amazing",3,539263,97.93
"summer looks like",3,539266,97.93
"summer love love",3,539269,97.93
"summer wants go",3,539272,97.93
"summer www com",3,539275,97.93
"sun come la",3,539278,97.93
"sun look like",3,539281,97.93
"sun needs go",3,539284,97.93
"sun walk moon",3,539287,97.93
"sunday begins clear",3,539290,97.93
"sunday best day",3,539293,97.93
"sunday come cheer",3,539296,97.93
"sunday night good",3,539299,97.93
"sunday screaming tuna",3,539302,97.93
"sunday time get",3,539305,97.93
"sunglasses allow look",3,539308,97.93
"sunny days special",3,539311,97.94
"sunny today love",3,539314,97.94
"sunny warmer tomorrow",3,539317,97.94
"super currently stands",3,539320,97.94
"super early tonight",3,539323,97.94
"super easy make",3,539326,97.94
"super excited awesome",3,539329,97.94
"super excited film",3,539332,97.94
"super excited just",3,539335,97.94
"super excited sunday",3,539338,97.94
"super excited take",3,539341,97.94
"super excited watch",3,539344,97.94
"super exciting news",3,539347,97.94
"super great day",3,539350,97.94
"super productive today",3,539353,97.94
"super sad face",3,539356,97.94
"super tired going",3,539359,97.94
"superbowl sunday rooting",3,539362,97.94
"support child prevention",3,539365,97.95
"support great weekend",3,539368,97.95
"support relay life",3,539371,97.95
"supporting last night",3,539374,97.95
"suppose live reading",3,539377,97.95
"supposed buy guess",3,539380,97.95
"supposed go today",3,539383,97.95
"supposed taste like",3,539386,97.95
"sure able go",3,539389,97.95
"sure add own",3,539392,97.95
"sure check twitter",3,539395,97.95
"sure enjoy day",3,539398,97.95
"sure follow chance",3,539401,97.95
"sure follow personal",3,539404,97.95
"sure follow sis",3,539407,97.95
"sure get better",3,539410,97.95
"sure get free",3,539413,97.95
"sure get new",3,539416,97.95
"sure get rest",3,539419,97.95
"sure get tho",3,539422,97.96
"sure gets done",3,539425,97.96
"sure glad got",3,539428,97.96
"sure guys check",3,539431,97.96
"sure just called",3,539434,97.96
"sure just case",3,539437,97.96
"sure just hit",3,539440,97.96
"sure just tell",3,539443,97.96
"sure learned lesson",3,539446,97.96
"sure made good",3,539449,97.96
"sure makes want",3,539452,97.96
"sure maybe sure",3,539455,97.96
"sure press button",3,539458,97.96
"sure ready go",3,539461,97.96
"sure right person",3,539464,97.96
"sure send info",3,539467,97.96
"sure share page",3,539470,97.96
"sure taste good",3,539473,97.96
"sure thing bit",3,539476,97.97
"sure thing look",3,539479,97.97
"sure things life",3,539482,97.97
"sure understand question",3,539485,97.97
"sure vote day",3,539488,97.97
"surely goodness mercy",3,539491,97.97
"surgery years ago",3,539494,97.97
"surprise happy birthday",3,539497,97.97
"surprise trip home",3,539500,97.97
"surrounded great people",3,539503,97.97
"survey last year",3,539506,97.97
"suspended entire season",3,539509,97.97
"swag going pay",3,539512,97.97
"swag lou eating",3,539515,97.97
"swear just wanna",3,539518,97.97
"swear people just",3,539521,97.97
"swear wont forget",3,539524,97.97
"sweat sweat get",3,539527,97.97
"sweet debbie organic",3,539530,97.98
"sweet dreams bye",3,539533,97.98
"sweet dreams friends",3,539536,97.98
"sweet hope get",3,539539,97.98
"sweet just bought",3,539542,97.98
"sweet new job",3,539545,97.98
"sweet put finger",3,539548,97.98
"sweet sweet dreams",3,539551,97.98
"swim tan drink",3,539554,97.98
"swimming good figure",3,539557,97.98
"table enter drawing",3,539560,97.98
"table west ave",3,539563,97.98
"taco tuesday lunch",3,539566,97.98
"taco tuesday today",3,539569,97.98
"take advantage give",3,539572,97.98
"take advantage sale",3,539575,97.98
"take advantage space",3,539578,97.98
"take advantage specials",3,539581,97.98
"take advantage widow",3,539584,97.98
"take anything seriously",3,539587,97.99
"take away counts",3,539590,97.99
"take away man",3,539593,97.99
"take best picture",3,539596,97.99
"take bus ride",3,539599,97.99
"take candy strangers",3,539602,97.99
"take chances regrets",3,539605,97.99
"take guitar lessons",3,539608,97.99
"take hand hold",3,539611,97.99
"take heat don",3,539614,97.99
"take land take",3,539617,97.99
"take last final",3,539620,97.99
"take last night",3,539623,97.99
"take look com",3,539626,97.99
"take look good",3,539629,97.99
"take look life",3,539632,97.99
"take lots notes",3,539635,97.99
"take milwaukee love",3,539638,97.99
"take minute check",3,539641,98
"take mom shopping",3,539644,98
"take nap little",3,539647,98
"take nap wait",3,539650,98
"take opportunity don",3,539653,98
"take own life",3,539656,98
"take people granted",3,539659,98
"take photograph make",3,539662,98
"take quick look",3,539665,98
"take seems like",3,539668,98
"take stage wait",3,539671,98
"take stand everybody",3,539674,98
"take stay tuned",3,539677,98
"take time play",3,539680,98
"take time put",3,539683,98
"take time take",3,539686,98
"take trip new",3,539689,98
"take trip town",3,539692,98
"take walk outside",3,539695,98.01
"taken long get",3,539698,98.01
"taken st round",3,539701,98.01
"takes half hour",3,539704,98.01
"takes minutes get",3,539707,98.01
"taking advantage free",3,539710,98.01
"taking day today",3,539713,98.01
"taking drivers ed",3,539716,98.01
"taking elevator floor",3,539719,98.01
"taking spin class",3,539722,98.01
"taking stand marriage",3,539725,98.01
"tale women camp",3,539728,98.01
"talent does genius",3,539731,98.01
"talent really impressed",3,539734,98.01
"talent time people",3,539737,98.01
"talk couple days",3,539740,98.01
"talk defeat use",3,539743,98.01
"talk get know",3,539746,98.01
"talk go crazy",3,539749,98.01
"talk good night",3,539752,98.02
"talk guys get",3,539755,98.02
"talk make feel",3,539758,98.02
"talk move immediately",3,539761,98.02
"talk really care",3,539764,98.02
"talk say hate",3,539767,98.02
"talk say hi",3,539770,98.02
"talk twitter talk",3,539773,98.02
"talk wrong people",3,539776,98.02
"talking customers person",3,539779,98.02
"talking done talking",3,539782,98.02
"talking good way",3,539785,98.02
"talking jobs economy",3,539788,98.02
"talking looks like",3,539791,98.02
"talking made day",3,539794,98.02
"tall boys bud",3,539797,98.02
"tall play basketball",3,539800,98.02
"taller men earn",3,539803,98.02
"tan new organic",3,539806,98.03
"tanning bed just",3,539809,98.03
"tape silver anonymous",3,539812,98.03
"targeting stop targeting",3,539815,98.03
"tart cherry juice",3,539818,98.03
"task leadership put",3,539821,98.03
"taste buds just",3,539824,98.03
"taste music bad",3,539827,98.03
"tastes really good",3,539830,98.03
"taught wait inspiration",3,539833,98.03
"tax day deals",3,539836,98.03
"tax rate really",3,539839,98.03
"tax return going",3,539842,98.03
"taxi meter just",3,539845,98.03
"taylor swift ed",3,539848,98.03
"taylor swift katy",3,539851,98.03
"taylor swift playing",3,539854,98.03
"taylor swift really",3,539857,98.03
"tea tastes like",3,539860,98.03
"tea tea jazz",3,539863,98.04
"teach class today",3,539866,98.04
"teach kids world",3,539869,98.04
"teachers giving work",3,539872,98.04
"teachers open door",3,539875,98.04
"teaching acting class",3,539878,98.04
"teaching class today",3,539881,98.04
"team arena football",3,539884,98.04
"team good don",3,539887,98.04
"team good things",3,539890,98.04
"team great work",3,539893,98.04
"team meeting tomorrow",3,539896,98.04
"team needs help",3,539899,98.04
"team play year",3,539902,98.04
"team thanks great",3,539905,98.04
"team today receive",3,539908,98.04
"team wins national",3,539911,98.04
"teams don want",3,539914,98.04
"teams new york",3,539917,98.05
"tear last night",3,539920,98.05
"tears take milwaukee",3,539923,98.05
"tech tips episode",3,539926,98.05
"technical lead contract",3,539929,98.05
"telephone rings hope",3,539932,98.05
"tell anything love",3,539935,98.05
"tell certain people",3,539938,98.05
"tell come twitter",3,539941,98.05
"tell cry cry",3,539944,98.05
"tell did just",3,539947,98.05
"tell friends let",3,539950,98.05
"tell gonna bad",3,539953,98.05
"tell gonna like",3,539956,98.05
"tell make feel",3,539959,98.05
"tell myself just",3,539962,98.05
"tell people cool",3,539965,98.05
"tell people say",3,539968,98.05
"tell people vote",3,539971,98.06
"tell people work",3,539974,98.06
"tell trap trap",3,539977,98.06
"tell world love",3,539980,98.06
"telling big problems",3,539983,98.06
"telling myself won",3,539986,98.06
"telling story realize",3,539989,98.06
"telling year old",3,539992,98.06
"tennis shut eyes",3,539995,98.06
"term child free",3,539998,98.06
"terrible shot selection",3,540001,98.06
"terrible things last",3,540004,98.06
"testing new site",3,540007,98.06
"texas medical school",3,540010,98.06
"texas new york",3,540013,98.06
"texas poker tables",3,540016,98.06
"texas southern university",3,540019,98.06
"texas texas love",3,540022,98.06
"text battle info",3,540025,98.06
"text don respond",3,540028,98.07
"text envy get",3,540031,98.07
"text just means",3,540034,98.07
"text times day",3,540037,98.07
"text woke morning",3,540040,98.07
"th anniversary release",3,540043,98.07
"th anniversary st",3,540046,98.07
"th annual heart",3,540049,98.07
"th annual san",3,540052,98.07
"th annual transportation",3,540055,98.07
"th berry street",3,540058,98.07
"th birthday bash",3,540061,98.07
"th birthday charles",3,540064,98.07
"th birthday days",3,540067,98.07
"th birthday finally",3,540070,98.07
"th birthday fun",3,540073,98.07
"th birthday present",3,540076,98.07
"th birthday st",3,540079,98.07
"th birthday thank",3,540082,98.08
"th birthday wonderful",3,540085,98.08
"th booth discuss",3,540088,98.08
"th career victory",3,540091,98.08
"th cup coffee",3,540094,98.08
"th doors pm",3,540097,98.08
"th follower love",3,540100,98.08
"th follower win",3,540103,98.08
"th follower won",3,540106,98.08
"th giants redskins",3,540109,98.08
"th grade book",3,540112,98.08
"th grade boy",3,540115,98.08
"th grade classes",3,540118,98.08
"th grade come",3,540121,98.08
"th grade don",3,540124,98.08
"th grade kids",3,540127,98.08
"th grade level",3,540130,98.08
"th hope come",3,540133,98.08
"th hour day",3,540136,98.09
"th interested email",3,540139,98.09
"th interview request",3,540142,98.09
"th july celebrate",3,540145,98.09
"th july friends",3,540148,98.09
"th july great",3,540151,98.09
"th july plans",3,540154,98.09
"th july stay",3,540157,98.09
"th just time",3,540160,98.09
"th let get",3,540163,98.09
"th live club",3,540166,98.09
"th make good",3,540169,98.09
"th man award",3,540172,98.09
"th overall selection",3,540175,98.09
"th person ask",3,540178,98.09
"th pm central",3,540181,98.09
"th pm com",3,540184,98.09
"th pm north",3,540187,98.09
"th pm pt",3,540190,98.09
"th private party",3,540193,98.1
"th season th",3,540196,98.1
"th st brooklyn",3,540199,98.1
"th st check",3,540202,98.1
"th st food",3,540205,98.1
"th st manhattan",3,540208,98.1
"th st se",3,540211,98.1
"th starting pm",3,540214,98.1
"th th seed",3,540217,98.1
"th th tonight",3,540220,98.1
"thank big help",3,540223,98.1
"thank compliment follow",3,540226,98.1
"thank dear friend",3,540229,98.1
"thank don need",3,540232,98.1
"thank encouraging words",3,540235,98.1
"thank feel better",3,540238,98.1
"thank follow followed",3,540241,98.1
"thank follow good",3,540244,98.1
"thank follow keep",3,540247,98.11
"thank follow wonderful",3,540250,98.11
"thank followers guys",3,540253,98.11
"thank following honored",3,540256,98.11
"thank following soon",3,540259,98.11
"thank following support",3,540262,98.11
"thank following tell",3,540265,98.11
"thank following thanks",3,540268,98.11
"thank following time",3,540271,98.11
"thank following wait",3,540274,98.11
"thank follows new",3,540277,98.11
"thank going home",3,540280,98.11
"thank goodness don",3,540283,98.11
"thank goodness netflix",3,540286,98.11
"thank goodness won",3,540289,98.11
"thank great discussion",3,540292,98.11
"thank great fans",3,540295,98.11
"thank house full",3,540298,98.11
"thank including post",3,540301,98.12
"thank keep posted",3,540304,98.12
"thank kind endorsement",3,540307,98.12
"thank let hope",3,540310,98.12
"thank made night",3,540313,98.12
"thank man appreciate",3,540316,98.12
"thank man great",3,540319,98.12
"thank note thank",3,540322,98.12
"thank opening eyes",3,540325,98.12
"thank posting video",3,540328,98.12
"thank service today",3,540331,98.12
"thank sharing hope",3,540334,98.12
"thank sharing link",3,540337,98.12
"thank sorry make",3,540340,98.12
"thank support good",3,540343,98.12
"thank support greatly",3,540346,98.12
"thank support mention",3,540349,98.12
"thank support past",3,540352,98.12
"thank support thank",3,540355,98.12
"thank thank wonderful",3,540358,98.13
"thank twitter love",3,540361,98.13
"thank wait meet",3,540364,98.13
"thank wish come",3,540367,98.13
"thanking lord blessing",3,540370,98.13
"thanks appreciate guys",3,540373,98.13
"thanks appreciate man",3,540376,98.13
"thanks attended webinar",3,540379,98.13
"thanks attending hope",3,540382,98.13
"thanks awesome awesome",3,540385,98.13
"thanks awesome birthday",3,540388,98.13
"thanks awesome hear",3,540391,98.13
"thanks awesome night",3,540394,98.13
"thanks beautiful ladies",3,540397,98.13
"thanks blog tweet",3,540400,98.13
"thanks blog tweets",3,540403,98.13
"thanks came launch",3,540406,98.13
"thanks came saw",3,540409,98.13
"thanks came special",3,540412,98.14
"thanks checking did",3,540415,98.14
"thanks checking follow",3,540418,98.14
"thanks cleaning room",3,540421,98.14
"thanks come new",3,540424,98.14
"thanks cool new",3,540427,98.14
"thanks cool stuff",3,540430,98.14
"thanks dan hope",3,540433,98.14
"thanks definitely want",3,540436,98.14
"thanks enjoyed meeting",3,540439,98.14
"thanks enjoyed working",3,540442,98.14
"thanks fabulous weekend",3,540445,98.14
"thanks fans voted",3,540448,98.14
"thanks follow bob",3,540451,98.14
"thanks follow coach",3,540454,98.14
"thanks follow consider",3,540457,98.14
"thanks follow cute",3,540460,98.14
"thanks follow dave",3,540463,98.14
"thanks follow ditto",3,540466,98.15
"thanks follow events",3,540469,98.15
"thanks follow folks",3,540472,98.15
"thanks follow having",3,540475,98.15
"thanks follow katy",3,540478,98.15
"thanks follow lady",3,540481,98.15
"thanks follow lots",3,540484,98.15
"thanks follow marc",3,540487,98.15
"thanks follow pastor",3,540490,98.15
"thanks follow pleasure",3,540493,98.15
"thanks follow rachel",3,540496,98.15
"thanks follow sam",3,540499,98.15
"thanks follow seen",3,540502,98.15
"thanks follow success",3,540505,98.15
"thanks follow super",3,540508,98.15
"thanks follow th",3,540511,98.15
"thanks follow ur",3,540514,98.15
"thanks followers follow",3,540517,98.15
"thanks following beautiful",3,540520,98.15
"thanks following does",3,540523,98.16
"thanks following friend",3,540526,98.16
"thanks following james",3,540529,98.16
"thanks following michelle",3,540532,98.16
"thanks following share",3,540535,98.16
"thanks following ty",3,540538,98.16
"thanks following xx",3,540541,98.16
"thanks free download",3,540544,98.16
"thanks girl good",3,540547,98.16
"thanks glad make",3,540550,98.16
"thanks gonna try",3,540553,98.16
"thanks good word",3,540556,98.16
"thanks gotta keep",3,540559,98.16
"thanks guys did",3,540562,98.16
"thanks guys kind",3,540565,98.16
"thanks happy thursday",3,540568,98.16
"thanks hard working",3,540571,98.16
"thanks having enjoy",3,540574,98.16
"thanks having wonderful",3,540577,98.17
"thanks help make",3,540580,98.17
"thanks help making",3,540583,98.17
"thanks helping celebrate",3,540586,98.17
"thanks helping today",3,540589,98.17
"thanks hope catch",3,540592,98.17
"thanks hope does",3,540595,98.17
"thanks hope feeling",3,540598,98.17
"thanks hope nice",3,540601,98.17
"thanks hopefully soon",3,540604,98.17
"thanks hospitality amazing",3,540607,98.17
"thanks hun happy",3,540610,98.17
"thanks interest support",3,540613,98.17
"thanks inviting great",3,540616,98.17
"thanks just curious",3,540619,98.17
"thanks just realized",3,540622,98.17
"thanks just really",3,540625,98.17
"thanks just twitter",3,540628,98.17
"thanks ladies happy",3,540631,98.17
"thanks listing local",3,540634,98.18
"thanks lot work",3,540637,98.18
"thanks lovely morning",3,540640,98.18
"thanks magical weekend",3,540643,98.18
"thanks making easy",3,540646,98.18
"thanks making miss",3,540649,98.18
"thanks making time",3,540652,98.18
"thanks man lot",3,540655,98.18
"thanks man pretty",3,540658,98.18
"thanks man right",3,540661,98.18
"thanks man stuff",3,540664,98.18
"thanks mark appreciate",3,540667,98.18
"thanks message let",3,540670,98.18
"thanks mr mrs",3,540673,98.18
"thanks new old",3,540676,98.18
"thanks offer help",3,540679,98.18
"thanks opportunity present",3,540682,98.18
"thanks really awesome",3,540685,98.18
"thanks say play",3,540688,98.19
"thanks signing education",3,540691,98.19
"thanks small part",3,540694,98.19
"thanks sorry delayed",3,540697,98.19
"thanks speedy reply",3,540700,98.19
"thanks sponsoring great",3,540703,98.19
"thanks super awesome",3,540706,98.19
"thanks sure check",3,540709,98.19
"thanks sure did",3,540712,98.19
"thanks sure let",3,540715,98.19
"thanks tell mom",3,540718,98.19
"thanks ton support",3,540721,98.19
"thanks tonight great",3,540724,98.19
"thanks tweet just",3,540727,98.19
"thanks tweet kind",3,540730,98.19
"thanks tweet made",3,540733,98.19
"thanks ur sweet",3,540736,98.19
"thanks valentine day",3,540739,98.19
"thanks work progress",3,540742,98.2
"thanks year old",3,540745,98.2
"thanksgiving day dogs",3,540748,98.2
"thanksgiving give thanks",3,540751,98.2
"theater th st",3,540754,98.2
"thee let count",3,540757,98.2
"thing action inspiration",3,540760,98.2
"thing born girl",3,540763,98.2
"thing go sleep",3,540766,98.2
"thing keeping awake",3,540769,98.2
"thing keeping main",3,540772,98.2
"thing made smile",3,540775,98.2
"thing people don",3,540778,98.2
"thing people like",3,540781,98.2
"thing really getting",3,540784,98.2
"thing seem like",3,540787,98.2
"thing take good",3,540790,98.2
"thing work hard",3,540793,98.2
"things author maurice",3,540796,98.2
"things cried oh",3,540799,98.21
"things did get",3,540802,98.21
"things don hear",3,540805,98.21
"things don really",3,540808,98.21
"things get going",3,540811,98.21
"things get people",3,540814,98.21
"things going just",3,540817,98.21
"things going thanks",3,540820,98.21
"things happen believe",3,540823,98.21
"things happen happen",3,540826,98.21
"things happen responsible",3,540829,98.21
"things happen understand",3,540832,98.21
"things important song",3,540835,98.21
"things life better",3,540838,98.21
"things like doing",3,540841,98.21
"things look like",3,540844,98.21
"things might go",3,540847,98.21
"things must end",3,540850,98.21
"things starting turn",3,540853,98.22
"things tried hard",3,540856,98.22
"things way things",3,540859,98.22
"things works good",3,540862,98.22
"think anthony davis",3,540865,98.22
"think better alone",3,540868,98.22
"think better job",3,540871,98.22
"think better last",3,540874,98.22
"think better right",3,540877,98.22
"think delete twitter",3,540880,98.22
"think deserve drink",3,540883,98.22
"think eddie murphy",3,540886,98.22
"think fans support",3,540889,98.22
"think fantastic idea",3,540892,98.22
"think get actually",3,540895,98.22
"think get reading",3,540898,98.22
"think get think",3,540901,98.22
"think glass wine",3,540904,98.22
"think go end",3,540907,98.23
"think go right",3,540910,98.23
"think go way",3,540913,98.23
"think going day",3,540916,98.23
"think going hop",3,540919,98.23
"think going put",3,540922,98.23
"think going rain",3,540925,98.23
"think gone far",3,540928,98.23
"think gonna just",3,540931,98.23
"think good day",3,540934,98.23
"think good say",3,540937,98.23
"think good start",3,540940,98.23
"think good taste",3,540943,98.23
"think good title",3,540946,98.23
"think good use",3,540949,98.23
"think got little",3,540952,98.23
"think hard walk",3,540955,98.23
"think having heart",3,540958,98.23
"think justin father",3,540961,98.23
"think kinda funny",3,540964,98.24
"think know realize",3,540967,98.24
"think know wanna",3,540970,98.24
"think late game",3,540973,98.24
"think late night",3,540976,98.24
"think laughed hard",3,540979,98.24
"think leadership comes",3,540982,98.24
"think like cause",3,540985,98.24
"think like great",3,540988,98.24
"think like th",3,540991,98.24
"think looks pretty",3,540994,98.24
"think make smile",3,540997,98.24
"think makes feel",3,541000,98.24
"think makes sound",3,541003,98.24
"think might enjoy",3,541006,98.24
"think money buy",3,541009,98.24
"think need give",3,541012,98.24
"think need intervention",3,541015,98.24
"think need luck",3,541018,98.25
"think need pray",3,541021,98.25
"think need space",3,541024,98.25
"think ok long",3,541027,98.25
"think pages diary",3,541030,98.25
"think people believe",3,541033,98.25
"think people saw",3,541036,98.25
"think person world",3,541039,98.25
"think possible think",3,541042,98.25
"think rex ryan",3,541045,98.25
"think san antonio",3,541048,98.25
"think school tomorrow",3,541051,98.25
"think smart said",3,541054,98.25
"think starting get",3,541057,98.25
"think surprise adoption",3,541060,98.25
"think tank event",3,541063,98.25
"think taylor swift",3,541066,98.25
"think thought albert",3,541069,98.25
"think time find",3,541072,98.26
"think time head",3,541075,98.26
"think time put",3,541078,98.26
"think time really",3,541081,98.26
"think time say",3,541084,98.26
"think time sleep",3,541087,98.26
"think today good",3,541090,98.26
"think tweet just",3,541093,98.26
"think world peace",3,541096,98.26
"thinking left learn",3,541099,98.26
"thinking planting roses",3,541102,98.26
"thinking social media",3,541105,98.26
"thinking wishing best",3,541108,98.26
"tho just want",3,541111,98.26
"thought hearing things",3,541114,98.26
"thought hungry kidding",3,541117,98.26
"thought id ask",3,541120,98.26
"thought insane hear",3,541123,98.26
"thought last kiss",3,541126,98.26
"thought last tweet",3,541129,98.27
"thought looked good",3,541132,98.27
"thought sure following",3,541135,98.27
"thought sure going",3,541138,98.27
"thought wrong thought",3,541141,98.27
"thousand times yes",3,541144,98.27
"threw last night",3,541147,98.27
"thrill world nyc",3,541150,98.27
"throw hot dog",3,541153,98.27
"throw random compliment",3,541156,98.27
"throwing st pitch",3,541159,98.27
"thunder happens raining",3,541162,98.27
"thursday come check",3,541165,98.27
"thursday day go",3,541168,98.27
"thursday lounge old",3,541171,98.27
"thursday night tv",3,541174,98.27
"thursdays hotel albuquerque",3,541177,98.27
"thursdays tonight presented",3,541180,98.27
"ticket holder don",3,541183,98.28
"ticket last year",3,541186,98.28
"tickets last minute",3,541189,98.28
"tickets left tomorrow",3,541192,98.28
"tickets online box",3,541195,98.28
"tickets tonight performance",3,541198,98.28
"tickets visit www",3,541201,98.28
"tickets wait guys",3,541204,98.28
"tie ball game",3,541207,98.28
"tie seconds left",3,541210,98.28
"tiger win today",3,541213,98.28
"till last week",3,541216,98.28
"till midnight tonight",3,541219,98.28
"till mom gets",3,541222,98.28
"till new episode",3,541225,98.28
"till th birthday",3,541228,98.28
"till wheels fall",3,541231,98.28
"tim play like",3,541234,98.28
"tim tim tim",3,541237,98.29
"tim tool man",3,541240,98.29
"tim traded new",3,541243,98.29
"time champagne airplane",3,541246,98.29
"time checked just",3,541249,98.29
"time come new",3,541252,98.29
"time come victor",3,541255,98.29
"time day night",3,541258,98.29
"time day think",3,541261,98.29
"time day work",3,541264,98.29
"time different places",3,541267,98.29
"time dinner good",3,541270,98.29
"time don say",3,541273,98.29
"time eating good",3,541276,98.29
"time follow follow",3,541279,98.29
"time friends today",3,541282,98.29
"time goes slowly",3,541285,98.29
"time gotta leave",3,541288,98.29
"time gym time",3,541291,98.29
"time just chill",3,541294,98.3
"time just hanging",3,541297,98.3
"time just might",3,541300,98.3
"time just opened",3,541303,98.3
"time just put",3,541306,98.3
"time kick tires",3,541309,98.3
"time labor day",3,541312,98.3
"time last seasons",3,541315,98.3
"time little bit",3,541318,98.3
"time little league",3,541321,98.3
"time looking new",3,541324,98.3
"time loose trend",3,541327,98.3
"time love josh",3,541330,98.3
"time made fun",3,541333,98.3
"time make noise",3,541336,98.3
"time make ur",3,541339,98.3
"time make work",3,541342,98.3
"time man realizes",3,541345,98.3
"time midnight snack",3,541348,98.31
"time nap time",3,541351,98.31
"time needs great",3,541354,98.31
"time nice job",3,541357,98.31
"time oh yes",3,541360,98.31
"time open men",3,541363,98.31
"time pick favorite",3,541366,98.31
"time pm time",3,541369,98.31
"time said loved",3,541372,98.31
"time san fran",3,541375,98.31
"time share favorite",3,541378,98.31
"time smell roses",3,541381,98.31
"time social life",3,541384,98.31
"time start mt",3,541387,98.31
"time start person",3,541390,98.31
"time tears love",3,541393,98.31
"time time love",3,541396,98.31
"time time spent",3,541399,98.31
"time time work",3,541402,98.31
"time today amazing",3,541405,98.32
"time today long",3,541408,98.32
"time today new",3,541411,98.32
"time today remember",3,541414,98.32
"time town let",3,541417,98.32
"time turn new",3,541420,98.32
"time valentines day",3,541423,98.32
"time wake get",3,541426,98.32
"time walk door",3,541429,98.32
"time walk past",3,541432,98.32
"time wanna go",3,541435,98.32
"time wanna stay",3,541438,98.32
"time way long",3,541441,98.32
"time went home",3,541444,98.32
"time went work",3,541447,98.32
"time win go",3,541450,98.32
"time won save",3,541453,98.32
"time work day",3,541456,98.32
"time work home",3,541459,98.33
"time work today",3,541462,98.33
"time works hard",3,541465,98.33
"time world champion",3,541468,98.33
"time yard work",3,541471,98.33
"time year anniversary",3,541474,98.33
"time year better",3,541477,98.33
"time year hope",3,541480,98.33
"time year look",3,541483,98.33
"time year people",3,541486,98.33
"time year pretty",3,541489,98.33
"time year sports",3,541492,98.33
"timeline fan pages",3,541495,98.33
"times believe ugly",3,541498,98.33
"times feels like",3,541501,98.33
"times life get",3,541504,98.33
"times past minutes",3,541507,98.33
"times past months",3,541510,98.33
"times people tell",3,541513,98.34
"times say hate",3,541516,98.34
"tip day child",3,541519,98.34
"tip definitely check",3,541522,98.34
"tips get modeling",3,541525,98.34
"tips get started",3,541528,98.34
"tired af time",3,541531,98.34
"tired did get",3,541534,98.34
"tired just like",3,541537,98.34
"tired just reading",3,541540,98.34
"tired staying night",3,541543,98.34
"tired today good",3,541546,98.34
"tires touch hurts",3,541549,98.34
"title man city",3,541552,98.34
"title track new",3,541555,98.34
"today actually good",3,541558,98.34
"today actually pretty",3,541561,98.34
"today anyone interested",3,541564,98.34
"today anyone needs",3,541567,98.34
"today april fool",3,541570,98.35
"today april pm",3,541573,98.35
"today autism awareness",3,541576,98.35
"today came home",3,541579,98.35
"today cedar point",3,541582,98.35
"today celebrate birthday",3,541585,98.35
"today celebrate year",3,541588,98.35
"today com article",3,541591,98.35
"today come new",3,541594,98.35
"today day got",3,541597,98.35
"today day lord",3,541600,98.35
"today day today",3,541603,98.35
"today dec th",3,541606,98.35
"today don make",3,541609,98.35
"today don remember",3,541612,98.35
"today enjoy sun",3,541615,98.35
"today far great",3,541618,98.35
"today finally get",3,541621,98.35
"today found great",3,541624,98.36
"today get coupon",3,541627,98.36
"today get good",3,541630,98.36
"today get motivated",3,541633,98.36
"today get phone",3,541636,98.36
"today get photo",3,541639,98.36
"today get vote",3,541642,98.36
"today going best",3,541645,98.36
"today going crazy",3,541648,98.36
"today going end",3,541651,98.36
"today going like",3,541654,98.36
"today going need",3,541657,98.36
"today good hope",3,541660,98.36
"today got compliments",3,541663,98.36
"today gotta stay",3,541666,98.36
"today great deal",3,541669,98.36
"today great experience",3,541672,98.36
"today happy girl",3,541675,98.36
"today haven heard",3,541678,98.37
"today haven talked",3,541681,98.37
"today having issues",3,541684,98.37
"today home studio",3,541687,98.37
"today hope does",3,541690,98.37
"today hope soon",3,541693,98.37
"today hope week",3,541696,98.37
"today hope win",3,541699,98.37
"today inspiration life",3,541702,98.37
"today just called",3,541705,98.37
"today just let",3,541708,98.37
"today just looked",3,541711,98.37
"today just means",3,541714,98.37
"today just sucks",3,541717,98.37
"today just trying",3,541720,98.37
"today just wait",3,541723,98.37
"today last minute",3,541726,98.37
"today left house",3,541729,98.37
"today lets change",3,541732,98.37
"today little things",3,541735,98.38
"today long great",3,541738,98.38
"today love both",3,541741,98.38
"today love friends",3,541744,98.38
"today love girl",3,541747,98.38
"today love having",3,541750,98.38
"today love mom",3,541753,98.38
"today makes proud",3,541756,98.38
"today means get",3,541759,98.38
"today mention twitter",3,541762,98.38
"today might day",3,541765,98.38
"today might get",3,541768,98.38
"today pick new",3,541771,98.38
"today pm city",3,541774,98.38
"today pm doing",3,541777,98.38
"today pm legends",3,541780,98.38
"today pm pacific",3,541783,98.38
"today question song",3,541786,98.38
"today reality tomorrow",3,541789,98.39
"today receive driving",3,541792,98.39
"today ronald wayne",3,541795,98.39
"today say goodbye",3,541798,98.39
"today sneak peek",3,541801,98.39
"today sorry get",3,541804,98.39
"today soups beef",3,541807,98.39
"today spot start",3,541810,98.39
"today stayed home",3,541813,98.39
"today tell friends",3,541816,98.39
"today thanks following",3,541819,98.39
"today thanks showing",3,541822,98.39
"today things going",3,541825,98.39
"today tip try",3,541828,98.39
"today tomorrow need",3,541831,98.39
"today try track",3,541834,98.39
"today uh oh",3,541837,98.39
"today visit online",3,541840,98.39
"today won able",3,541843,98.4
"today year ago",3,541846,98.4
"told friends got",3,541849,98.4
"told like mystery",3,541852,98.4
"told myself fall",3,541855,98.4
"told need get",3,541858,98.4
"told type blood",3,541861,98.4
"told want go",3,541864,98.4
"tomorrow albert einstein",3,541867,98.4
"tomorrow belongs people",3,541870,98.4
"tomorrow big news",3,541873,98.4
"tomorrow cause forgot",3,541876,98.4
"tomorrow gotta make",3,541879,98.4
"tomorrow happy easter",3,541882,98.4
"tomorrow looking like",3,541885,98.4
"tomorrow morning announce",3,541888,98.4
"tomorrow morning just",3,541891,98.4
"tomorrow morning need",3,541894,98.4
"tomorrow morning start",3,541897,98.4
"tomorrow morning thursday",3,541900,98.41
"tomorrow note today",3,541903,98.41
"tomorrow oct st",3,541906,98.41
"tomorrow picture day",3,541909,98.41
"tomorrow pm meet",3,541912,98.41
"tomorrow pm real",3,541915,98.41
"tomorrow ready get",3,541918,98.41
"tomorrow road trip",3,541921,98.41
"tomorrow th pm",3,541924,98.41
"tomorrow thanks following",3,541927,98.41
"tomorrow thursday friday",3,541930,98.41
"tomorrow want win",3,541933,98.41
"tomorrow willing having",3,541936,98.41
"tonight big day",3,541939,98.41
"tonight boys song",3,541942,98.41
"tonight broadway bar",3,541945,98.41
"tonight busy day",3,541948,98.41
"tonight charity event",3,541951,98.41
"tonight chop shop",3,541954,98.42
"tonight come win",3,541957,98.42
"tonight cover night",3,541960,98.42
"tonight daylight savings",3,541963,98.42
"tonight disney channel",3,541966,98.42
"tonight downtown san",3,541969,98.42
"tonight enjoy games",3,541972,98.42
"tonight friday saturday",3,541975,98.42
"tonight fried chicken",3,541978,98.42
"tonight georgia tech",3,541981,98.42
"tonight going game",3,541984,98.42
"tonight going home",3,541987,98.42
"tonight going need",3,541990,98.42
"tonight going play",3,541993,98.42
"tonight going sleep",3,541996,98.42
"tonight great company",3,541999,98.42
"tonight great crowd",3,542002,98.42
"tonight great dinner",3,542005,98.42
"tonight great things",3,542008,98.43
"tonight great week",3,542011,98.43
"tonight great win",3,542014,98.43
"tonight guest topic",3,542017,98.43
"tonight happy new",3,542020,98.43
"tonight hits stage",3,542023,98.43
"tonight hopefully get",3,542026,98.43
"tonight house party",3,542029,98.43
"tonight little late",3,542032,98.43
"tonight long time",3,542035,98.43
"tonight long week",3,542038,98.43
"tonight los angeles",3,542041,98.43
"tonight michael jackson",3,542044,98.43
"tonight might want",3,542047,98.43
"tonight miss tonight",3,542050,98.43
"tonight modern family",3,542053,98.43
"tonight party like",3,542056,98.43
"tonight party time",3,542059,98.43
"tonight performing pm",3,542062,98.43
"tonight proud myself",3,542065,98.44
"tonight really love",3,542068,98.44
"tonight rock band",3,542071,98.44
"tonight say goodbye",3,542074,98.44
"tonight scott county",3,542077,98.44
"tonight sorry missed",3,542080,98.44
"tonight st night",3,542083,98.44
"tonight st paul",3,542086,98.44
"tonight st pm",3,542089,98.44
"tonight starting get",3,542092,98.44
"tonight teens head",3,542095,98.44
"tonight th row",3,542098,98.44
"tonight thank good",3,542101,98.44
"tonight thank great",3,542104,98.44
"tonight want know",3,542107,98.44
"tonight watching highlights",3,542110,98.44
"tonight win free",3,542113,98.44
"tonight yes sir",3,542116,98.44
"tonight young lets",3,542119,98.45
"tons great stuff",3,542122,98.45
"tons new stuff",3,542125,98.45
"took dance class",3,542128,98.45
"took forever time",3,542131,98.45
"took home end",3,542134,98.45
"took hot shower",3,542137,98.45
"took little time",3,542140,98.45
"took place left",3,542143,98.45
"took sip coffee",3,542146,98.45
"took time listen",3,542149,98.45
"took time pathetic",3,542152,98.45
"took turn worse",3,542155,98.45
"tool hammer tend",3,542158,98.45
"tools coming soon",3,542161,98.45
"topic looking forward",3,542164,98.45
"toronto film festival",3,542167,98.45
"total last year",3,542170,98.45
"totally agree time",3,542173,98.46
"totally feels like",3,542176,98.46
"totally made laugh",3,542179,98.46
"totally thought today",3,542182,98.46
"totally tweet last",3,542185,98.46
"totally understand hope",3,542188,98.46
"touch both belly",3,542191,98.46
"touch days sharing",3,542194,98.46
"touch silence know",3,542197,98.46
"tough game tonight",3,542200,98.46
"tough time year",3,542203,98.46
"tour april th",3,542206,98.46
"tour summer tent",3,542209,98.46
"tournament good luck",3,542212,98.46
"tournament starts pm",3,542215,98.46
"tours announce tour",3,542218,98.46
"town today week",3,542221,98.46
"towns solo jazz",3,542224,98.46
"track cool videos",3,542227,98.46
"track free download",3,542230,98.47
"track kingdom available",3,542233,98.47
"track sound like",3,542236,98.47
"trade chris paul",3,542239,98.47
"trade colt mccoy",3,542242,98.47
"trade deadline day",3,542245,98.47
"traded new york",3,542248,98.47
"traffic alert car",3,542251,98.47
"traffic alert large",3,542254,98.47
"traffic tickets reduced",3,542257,98.47
"train ride santa",3,542260,98.47
"training training training",3,542263,98.47
"trap park june",3,542266,98.47
"trap thinking lose",3,542269,98.47
"traumatic brain injury",3,542272,98.47
"travel team guard",3,542275,98.47
"traveling holiday weekend",3,542278,98.47
"treat special day",3,542281,98.47
"treat way let",3,542284,98.48
"treats like queen",3,542287,98.48
"tree branches place",3,542290,98.48
"tree fall house",3,542293,98.48
"tree looks like",3,542296,98.48
"tree outside window",3,542299,98.48
"trend twitter just",3,542302,98.48
"trending automatically think",3,542305,98.48
"tribe home opener",3,542308,98.48
"trick woman bed",3,542311,98.48
"tried access site",3,542314,98.48
"tried balance light",3,542317,98.48
"tried hard forget",3,542320,98.48
"tried sounds good",3,542323,98.48
"tried tell em",3,542326,98.48
"trip disney world",3,542329,98.48
"trip home tomorrow",3,542332,98.48
"trip nyc soon",3,542335,98.48
"trip tomorrow just",3,542338,98.48
"triple baked specialty",3,542341,98.49
"trips love support",3,542344,98.49
"trivia dj tonight",3,542347,98.49
"trouble doing right",3,542350,98.49
"truck driver just",3,542353,98.49
"true best friend",3,542356,98.49
"true brian tracy",3,542359,98.49
"true dat good",3,542362,98.49
"true life thing",3,542365,98.49
"true love best",3,542368,98.49
"true love did",3,542371,98.49
"true love gave",3,542374,98.49
"true love hurts",3,542377,98.49
"true man does",3,542380,98.49
"truly great man",3,542383,98.49
"truly great person",3,542386,98.49
"trust don know",3,542389,98.49
"trust issues just",3,542392,98.49
"trust love heart",3,542395,98.5
"trust understanding communication",3,542398,98.5
"truth don comfort",3,542401,98.5
"truth don let",3,542404,98.5
"truth everybody going",3,542407,98.5
"truth hurts lie",3,542410,98.5
"truth truth set",3,542413,98.5
"try apple cider",3,542416,98.5
"try fail succeed",3,542419,98.5
"try fails admit",3,542422,98.5
"try falling love",3,542425,98.5
"try fix problem",3,542428,98.5
"try free app",3,542431,98.5
"try get caught",3,542434,98.5
"try get contact",3,542437,98.5
"try get help",3,542440,98.5
"try get put",3,542443,98.5
"try get weekend",3,542446,98.5
"try get wit",3,542449,98.51
"try going bed",3,542452,98.51
"try going sleep",3,542455,98.51
"try good time",3,542458,98.51
"try heart anonymous",3,542461,98.51
"try hide make",3,542464,98.51
"try just get",3,542467,98.51
"try like idea",3,542470,98.51
"try make peace",3,542473,98.51
"try make soon",3,542476,98.51
"try make trip",3,542479,98.51
"try men souls",3,542482,98.51
"try play fool",3,542485,98.51
"try sleep night",3,542488,98.51
"try stay open",3,542491,98.51
"try stay warm",3,542494,98.51
"try stop look",3,542497,98.51
"try take care",3,542500,98.51
"try tell story",3,542503,98.51
"trying best day",3,542506,98.52
"trying bring means",3,542509,98.52
"trying buy tickets",3,542512,98.52
"trying catch bus",3,542515,98.52
"trying catch got",3,542518,98.52
"trying come idea",3,542521,98.52
"trying damage control",3,542524,98.52
"trying eat healthy",3,542527,98.52
"trying figure did",3,542530,98.52
"trying figure don",3,542533,98.52
"trying figure happened",3,542536,98.52
"trying figure put",3,542539,98.52
"trying figure really",3,542542,98.52
"trying find best",3,542545,98.52
"trying find better",3,542548,98.52
"trying find get",3,542551,98.52
"trying find info",3,542554,98.52
"trying find real",3,542557,98.52
"trying find work",3,542560,98.53
"trying forget loved",3,542563,98.53
"trying look cute",3,542566,98.53
"trying make laugh",3,542569,98.53
"trying make trip",3,542572,98.53
"trying seemed hope",3,542575,98.53
"trying take day",3,542578,98.53
"trying talk mom",3,542581,98.53
"trying twitter thing",3,542584,98.53
"trying use twitter",3,542587,98.53
"trying watch oscars",3,542590,98.53
"tuesday lb beef",3,542593,98.53
"tuesday meeting tonight",3,542596,98.53
"tune pm pt",3,542599,98.53
"turn national channel",3,542602,98.53
"turn tv turn",3,542605,98.53
"turning good day",3,542608,98.53
"turning homework find",3,542611,98.53
"turns today happy",3,542614,98.54
"tv friend fell",3,542617,98.54
"tv just watch",3,542620,98.54
"tv let know",3,542623,98.54
"tv listening music",3,542626,98.54
"tv radio print",3,542629,98.54
"tv right going",3,542632,98.54
"tv right wait",3,542635,98.54
"tweet brought join",3,542638,98.54
"tweet chat starts",3,542641,98.54
"tweet come get",3,542644,98.54
"tweet don care",3,542647,98.54
"tweet exact thing",3,542650,98.54
"tweet facebook google",3,542653,98.54
"tweet good hear",3,542656,98.54
"tweet happy day",3,542659,98.54
"tweet happy mother",3,542662,98.54
"tweet hope good",3,542665,98.54
"tweet hope great",3,542668,98.54
"tweet kind words",3,542671,98.55
"tweet let chat",3,542674,98.55
"tweet made feel",3,542677,98.55
"tweet non stop",3,542680,98.55
"tweet picture soon",3,542683,98.55
"tweet questions today",3,542686,98.55
"tweet text email",3,542689,98.55
"tweet thing want",3,542692,98.55
"tweet tweet give",3,542695,98.55
"tweet wanna hear",3,542698,98.55
"tweet www com",3,542701,98.55
"tweeted exact thing",3,542704,98.55
"tweeting live mission",3,542707,98.55
"tweeting long time",3,542710,98.55
"tweeting use hashtag",3,542713,98.55
"tweets hope enjoy",3,542716,98.55
"twin music video",3,542719,98.55
"twitter account bad",3,542722,98.55
"twitter account getting",3,542725,98.56
"twitter account need",3,542728,98.56
"twitter account needs",3,542731,98.56
"twitter account post",3,542734,98.56
"twitter account sorry",3,542737,98.56
"twitter account taking",3,542740,98.56
"twitter account think",3,542743,98.56
"twitter account use",3,542746,98.56
"twitter account work",3,542749,98.56
"twitter best thing",3,542752,98.56
"twitter bringing people",3,542755,98.56
"twitter chat issues",3,542758,98.56
"twitter contest coming",3,542761,98.56
"twitter contest free",3,542764,98.56
"twitter facebook addiction",3,542767,98.56
"twitter facebook blogs",3,542770,98.56
"twitter facebook both",3,542773,98.56
"twitter facebook don",3,542776,98.56
"twitter family hope",3,542779,98.57
"twitter feed did",3,542782,98.57
"twitter follow get",3,542785,98.57
"twitter followers come",3,542788,98.57
"twitter followers facebook",3,542791,98.57
"twitter followers thank",3,542794,98.57
"twitter following followed",3,542797,98.57
"twitter friends twitter",3,542800,98.57
"twitter friends wish",3,542803,98.57
"twitter game get",3,542806,98.57
"twitter goal followers",3,542809,98.57
"twitter good friend",3,542812,98.57
"twitter guess follow",3,542815,98.57
"twitter just change",3,542818,98.57
"twitter just did",3,542821,98.57
"twitter just follow",3,542824,98.57
"twitter just use",3,542827,98.57
"twitter keep touch",3,542830,98.57
"twitter lists get",3,542833,98.57
"twitter little bit",3,542836,98.58
"twitter looking like",3,542839,98.58
"twitter makes love",3,542842,98.58
"twitter must really",3,542845,98.58
"twitter need people",3,542848,98.58
"twitter new follower",3,542851,98.58
"twitter new new",3,542854,98.58
"twitter real time",3,542857,98.58
"twitter say facebook",3,542860,98.58
"twitter spread word",3,542863,98.58
"twitter stop asking",3,542866,98.58
"twitter talk like",3,542869,98.58
"twitter tweet maybe",3,542872,98.58
"twitter twitter buttons",3,542875,98.58
"twitter twitter just",3,542878,98.58
"twitter waste time",3,542881,98.58
"twitter way go",3,542884,98.58
"twitter working right",3,542887,98.58
"ty follow hope",3,542890,98.59
"type google search",3,542893,98.59
"type music like",3,542896,98.59
"type room designers",3,542899,98.59
"type say prayer",3,542902,98.59
"tyson chandler just",3,542905,98.59
"ugh looking forward",3,542908,98.59
"ugh really don",3,542911,98.59
"ugh really getting",3,542914,98.59
"uh oh feel",3,542917,98.59
"uh oh time",3,542920,98.59
"underground artist showcase",3,542923,98.59
"understand clients perceived",3,542926,98.59
"understand long term",3,542929,98.59
"understand silence understand",3,542932,98.59
"understand whats happening",3,542935,98.59
"unfortunately look like",3,542938,98.59
"uniform kentucky go",3,542941,98.59
"united lets go",3,542944,98.6
"united states air",3,542947,98.6
"united states humane",3,542950,98.6
"united states marines",3,542953,98.6
"universal studios hollywood",3,542956,98.6
"universe long justice",3,542959,98.6
"university southern california",3,542962,98.6
"unless course just",3,542965,98.6
"unless good reason",3,542968,98.6
"unless want change",3,542971,98.6
"unwanted body hair",3,542974,98.6
"upcoming presidential election",3,542977,98.6
"update last night",3,542980,98.6
"updates last night",3,542983,98.6
"updating social media",3,542986,98.6
"upgrade st class",3,542989,98.6
"ur absolutely right",3,542992,98.6
"ur beautiful face",3,542995,98.6
"ur daily routine",3,542998,98.6
"ur direct messages",3,543001,98.61
"ur doing wrong",3,543004,98.61
"ur favorite band",3,543007,98.61
"ur good friend",3,543010,98.61
"ur just saying",3,543013,98.61
"ur just way",3,543016,98.61
"ur last week",3,543019,98.61
"ur marketing exposure",3,543022,98.61
"ur mouth shut",3,543025,98.61
"ur phone just",3,543028,98.61
"ur pretty awesome",3,543031,98.61
"ur put ur",3,543034,98.61
"ur voice ur",3,543037,98.61
"urban noise winter",3,543040,98.61
"url url valid",3,543043,98.61
"use account anymore",3,543046,98.61
"use alarm clock",3,543049,98.61
"use don use",3,543052,98.61
"use facebook page",3,543055,98.62
"use free version",3,543058,98.62
"use google docs",3,543061,98.62
"use gotta say",3,543064,98.62
"use hashtag follow",3,543067,98.62
"use just today",3,543070,98.62
"use mist instead",3,543073,98.62
"use prayer app",3,543076,98.62
"use rd party",3,543079,98.62
"use real life",3,543082,98.62
"use star trek",3,543085,98.62
"use term refer",3,543088,98.62
"use twitter don",3,543091,98.62
"use twitter properly",3,543094,98.62
"use twitter school",3,543097,98.62
"used athletic shoes",3,543100,98.62
"used just like",3,543103,98.62
"used new album",3,543106,98.62
"used say thing",3,543109,98.62
"used talk hours",3,543112,98.63
"used time time",3,543115,98.63
"used watch time",3,543118,98.63
"using open source",3,543121,98.63
"using word er",3,543124,98.63
"usually don post",3,543127,98.63
"usually don remember",3,543130,98.63
"usually just go",3,543133,98.63
"usually look like",3,543136,98.63
"usually wait till",3,543139,98.63
"vacation start pretending",3,543142,98.63
"valentine day big",3,543145,98.63
"valentine day bo",3,543148,98.63
"valentine day both",3,543151,98.63
"valentine day tuesday",3,543154,98.63
"valentines day bat",3,543157,98.63
"valentines day concert",3,543160,98.63
"valentines day good",3,543163,98.63
"valentines day guys",3,543166,98.64
"valley center california",3,543169,98.64
"varsity basketball coach",3,543172,98.64
"vegas cash mob",3,543175,98.64
"veteran day thanks",3,543178,98.64
"veteran day veterans",3,543181,98.64
"veterans get free",3,543184,98.64
"victory great job",3,543187,98.64
"video chosen want",3,543190,98.64
"video distribution strategy",3,543193,98.64
"video gonna amazing",3,543196,98.64
"video great work",3,543199,98.64
"video last year",3,543202,98.64
"video posted youtube",3,543205,98.64
"video production company",3,543208,98.64
"video taylor swift",3,543211,98.64
"video tonight tomorrow",3,543214,98.64
"view entire thing",3,543217,98.64
"viewing party game",3,543220,98.65
"virginia tech campus",3,543223,98.65
"virginia weather fog",3,543226,98.65
"vision imagination important",3,543229,98.65
"vision pain sorrow",3,543232,98.65
"visit real soon",3,543235,98.65
"visit www co",3,543238,98.65
"voice coaching sessions",3,543241,98.65
"voice heard vote",3,543244,98.65
"volunteer day st",3,543247,98.65
"voted madden voting",3,543250,98.65
"voted times got",3,543253,98.65
"voted won help",3,543256,98.65
"votes don count",3,543259,98.65
"votes means jobs",3,543262,98.65
"votes move forward",3,543265,98.65
"voting amendment today",3,543268,98.65
"vs burger king",3,543271,98.65
"vs em horns",3,543274,98.65
"vs green bay",3,543277,98.66
"vs la clippers",3,543280,98.66
"vs new orleans",3,543283,98.66
"vs sf giants",3,543286,98.66
"vs vs vs",3,543289,98.66
"wait days till",3,543292,98.66
"wait don want",3,543295,98.66
"wait east coast",3,543298,98.66
"wait episode sunday",3,543301,98.66
"wait finished project",3,543304,98.66
"wait give away",3,543307,98.66
"wait go day",3,543310,98.66
"wait go game",3,543313,98.66
"wait go pick",3,543316,98.66
"wait go soon",3,543319,98.66
"wait go studio",3,543322,98.66
"wait go visit",3,543325,98.66
"wait going go",3,543328,98.66
"wait great weekend",3,543331,98.67
"wait hang weekend",3,543334,98.67
"wait hear did",3,543337,98.67
"wait hear finished",3,543340,98.67
"wait hear play",3,543343,98.67
"wait hear voice",3,543346,98.67
"wait hope get",3,543349,98.67
"wait idea secret",3,543352,98.67
"wait know might",3,543355,98.67
"wait moment absolutely",3,543358,98.67
"wait new record",3,543361,98.67
"wait school starts",3,543364,98.67
"wait school year",3,543367,98.67
"wait spring training",3,543370,98.67
"wait sunday night",3,543373,98.67
"wait take stage",3,543376,98.67
"wait talk tonight",3,543379,98.67
"wait th time",3,543382,98.67
"waiting come home",3,543385,98.68
"waiting day come",3,543388,98.68
"waiting important email",3,543391,98.68
"waiting long takes",3,543394,98.68
"waiting movie start",3,543397,98.68
"waiting prince waiting",3,543400,98.68
"waiting start work",3,543403,98.68
"waiting traffic lights",3,543406,98.68
"wake bake gotta",3,543409,98.68
"wake best part",3,543412,98.68
"wake knowing going",3,543415,98.68
"walk away just",3,543418,98.68
"walk away risk",3,543421,98.68
"walk beach sunset",3,543424,98.68
"walk extra fly",3,543427,98.68
"walk get fresh",3,543430,98.68
"walk house get",3,543433,98.68
"walk remember time",3,543436,98.68
"walk wild pitch",3,543439,98.68
"walking away person",3,543442,98.69
"walking broken glass",3,543445,98.69
"walking middle street",3,543448,98.69
"walking tour friday",3,543451,98.69
"walking wrong direction",3,543454,98.69
"walks says holds",3,543457,98.69
"walls don notice",3,543460,98.69
"walls talk move",3,543463,98.69
"wanna co own",3,543466,98.69
"wanna cry love",3,543469,98.69
"wanna dance like",3,543472,98.69
"wanna follow best",3,543475,98.69
"wanna get cat",3,543478,98.69
"wanna get leave",3,543481,98.69
"wanna get make",3,543484,98.69
"wanna get money",3,543487,98.69
"wanna get tweets",3,543490,98.69
"wanna hang tonight",3,543493,98.69
"wanna just get",3,543496,98.7
"wanna learn play",3,543499,98.7
"wanna party basement",3,543502,98.7
"wanna party like",3,543505,98.7
"wanna right get",3,543508,98.7
"wanna shut club",3,543511,98.7
"wanna start new",3,543514,98.7
"wanna talk hit",3,543517,98.7
"wanna talk miss",3,543520,98.7
"wanna talk twitter",3,543523,98.7
"wanna tell feel",3,543526,98.7
"wanna th tweet",3,543529,98.7
"want anyone knowing",3,543532,98.7
"want believe tickets",3,543535,98.7
"want best want",3,543538,98.7
"want big take",3,543541,98.7
"want chocolate chip",3,543544,98.7
"want clippers win",3,543547,98.7
"want coffee right",3,543550,98.71
"want come just",3,543553,98.71
"want day go",3,543556,98.71
"want dog get",3,543559,98.71
"want fun tonight",3,543562,98.71
"want give hand",3,543565,98.71
"want great news",3,543568,98.71
"want guy like",3,543571,98.71
"want hate threat",3,543574,98.71
"want hear joke",3,543577,98.71
"want hear truth",3,543580,98.71
"want hear voice",3,543583,98.71
"want hear web",3,543586,98.71
"want hear young",3,543589,98.71
"want hit followers",3,543592,98.71
"want iphone bad",3,543595,98.71
"want iphone just",3,543598,98.71
"want issue magazine",3,543601,98.71
"want kiss need",3,543604,98.71
"want last time",3,543607,98.72
"want last year",3,543610,98.72
"want lift lift",3,543613,98.72
"want make dream",3,543616,98.72
"want make laugh",3,543619,98.72
"want make right",3,543622,98.72
"want meet coffee",3,543625,98.72
"want meet come",3,543628,98.72
"want meet lunch",3,543631,98.72
"want nails done",3,543634,98.72
"want part just",3,543637,98.72
"want pay attention",3,543640,98.72
"want pay taxes",3,543643,98.72
"want pinch cheeks",3,543646,98.72
"want play real",3,543649,98.72
"want really bad",3,543652,98.72
"want san francisco",3,543655,98.72
"want say person",3,543658,98.72
"want sing like",3,543661,98.73
"want sing song",3,543664,98.73
"want spend evening",3,543667,98.73
"want spend minute",3,543670,98.73
"want succeed strike",3,543673,98.73
"want take anything",3,543676,98.73
"want take break",3,543679,98.73
"want take wife",3,543682,98.73
"want talk bad",3,543685,98.73
"want talk business",3,543688,98.73
"want things better",3,543691,98.73
"want things life",3,543694,98.73
"want wait long",3,543697,98.73
"want wake today",3,543700,98.73
"want white iphone",3,543703,98.73
"want wont need",3,543706,98.73
"wanted give heads",3,543709,98.73
"wanted race car",3,543712,98.73
"wanted say miss",3,543715,98.74
"wanted say quick",3,543718,98.74
"wanted take time",3,543721,98.74
"wanted thank personally",3,543724,98.74
"wanting get dave",3,543727,98.74
"wants follow follow",3,543730,98.74
"wants go london",3,543733,98.74
"wants go movies",3,543736,98.74
"wants go run",3,543739,98.74
"wants make twitter",3,543742,98.74
"wants white iphone",3,543745,98.74
"war civil rights",3,543748,98.74
"warm day today",3,543751,98.74
"warm fuzzy feeling",3,543754,98.74
"warrior dash tomorrow",3,543757,98.74
"wash car rains",3,543760,98.74
"wash mouth soap",3,543763,98.74
"washington charter league",3,543766,98.74
"washington dc new",3,543769,98.74
"waste air time",3,543772,98.75
"waste money itself",3,543775,98.75
"waste time think",3,543778,98.75
"wasted days laughter",3,543781,98.75
"wasted time past",3,543784,98.75
"wasting ur time",3,543787,98.75
"watch charlie sheen",3,543790,98.75
"watch chris mann",3,543793,98.75
"watch evening news",3,543796,98.75
"watch favorite movies",3,543799,98.75
"watch favorite singer",3,543802,98.75
"watch get beat",3,543805,98.75
"watch get like",3,543808,98.75
"watch jon stewart",3,543811,98.75
"watch jump street",3,543814,98.75
"watch last year",3,543817,98.75
"watch nba games",3,543820,98.75
"watch news today",3,543823,98.75
"watch pay attention",3,543826,98.76
"watch price right",3,543829,98.76
"watch san diego",3,543832,98.76
"watch sporting event",3,543835,98.76
"watch tim eric",3,543838,98.76
"watch tv listen",3,543841,98.76
"watch tyler perry",3,543844,98.76
"watch watch tv",3,543847,98.76
"watch world series",3,543850,98.76
"watched da deal",3,543853,98.76
"watched game change",3,543856,98.76
"watched new girl",3,543859,98.76
"watched pretty good",3,543862,98.76
"watching aaron rodgers",3,543865,98.76
"watching best friends",3,543868,98.76
"watching big happy",3,543871,98.76
"watching blood bone",3,543874,98.76
"watching fantasy factory",3,543877,98.76
"watching game plan",3,543880,98.76
"watching gop debate",3,543883,98.77
"watching gop presidential",3,543886,98.77
"watching grammy tonight",3,543889,98.77
"watching home alone",3,543892,98.77
"watching id channel",3,543895,98.77
"watching kids play",3,543898,98.77
"watching kind words",3,543901,98.77
"watching kindergarten cop",3,543904,98.77
"watching later tonight",3,543907,98.77
"watching like crazy",3,543910,98.77
"watching little giants",3,543913,98.77
"watching looks like",3,543916,98.77
"watching man city",3,543919,98.77
"watching manchester city",3,543922,98.77
"watching meet press",3,543925,98.77
"watching movie family",3,543928,98.77
"watching nba tv",3,543931,98.77
"watching president obama",3,543934,98.77
"watching red game",3,543937,98.78
"watching shitty tv",3,543940,98.78
"watching total recall",3,543943,98.78
"watching wendy williams",3,543946,98.78
"water blend enjoy",3,543949,98.78
"water bottle just",3,543952,98.78
"water garden rain",3,543955,98.78
"water st tonight",3,543958,98.78
"way advance hoping",3,543961,98.78
"way ahead curve",3,543964,98.78
"way better bad",3,543967,98.78
"way better expected",3,543970,98.78
"way better get",3,543973,98.78
"way celebrate birthday",3,543976,98.78
"way chance win",3,543979,98.78
"way enjoy day",3,543982,98.78
"way get em",3,543985,98.78
"way get get",3,543988,98.78
"way get man",3,543991,98.79
"way get time",3,543994,98.79
"way get twitter",3,543997,98.79
"way great things",3,544000,98.79
"way heart stomach",3,544003,98.79
"way home dc",3,544006,98.79
"way home don",3,544009,98.79
"way home morning",3,544012,98.79
"way hoping get",3,544015,98.79
"way make better",3,544018,98.79
"way make laugh",3,544021,98.79
"way make life",3,544024,98.79
"way make sense",3,544027,98.79
"way make way",3,544030,98.79
"way meet people",3,544033,98.79
"way need go",3,544036,98.79
"way nice job",3,544039,98.79
"way past impossible",3,544042,98.79
"way really appreciate",3,544045,98.79
"way start semester",3,544048,98.8
"way steal tweet",3,544051,98.8
"way tastes baby",3,544054,98.8
"way windy city",3,544057,98.8
"way work future",3,544060,98.8
"way work great",3,544063,98.8
"way work put",3,544066,98.8
"wayne brady gonna",3,544069,98.8
"ways alive certain",3,544072,98.8
"ways meeting difficulties",3,544075,98.8
"weak forgive forgiveness",3,544078,98.8
"wealth learning health",3,544081,98.8
"wear inch heels",3,544084,98.8
"wear open shoes",3,544087,98.8
"wear red support",3,544090,98.8
"wearing blue today",3,544093,98.8
"wearing dress like",3,544096,98.8
"wearing hot pink",3,544099,98.8
"wearing pants today",3,544102,98.81
"wearing red jacket",3,544105,98.81
"wearing red shirt",3,544108,98.81
"wearing white today",3,544111,98.81
"weather absolutely perfect",3,544114,98.81
"weather forecast sunday",3,544117,98.81
"weather great time",3,544120,98.81
"weather like makes",3,544123,98.81
"weather south texas",3,544126,98.81
"weave real hair",3,544129,98.81
"web designers developers",3,544132,98.81
"web page seen",3,544135,98.81
"web site need",3,544138,98.81
"web site running",3,544141,98.81
"web site stay",3,544144,98.81
"web site working",3,544147,98.81
"webinar today pm",3,544150,98.81
"website com give",3,544153,98.81
"website com read",3,544156,98.82
"website design development",3,544159,98.82
"website great idea",3,544162,98.82
"wed thurs fri",3,544165,98.82
"wedding anniversary dinner",3,544168,98.82
"weddings special events",3,544171,98.82
"wednesday july th",3,544174,98.82
"wednesday morning go",3,544177,98.82
"wednesday spread love",3,544180,98.82
"week april nd",3,544183,98.82
"week april th",3,544186,98.82
"week best luck",3,544189,98.82
"week big deal",3,544192,98.82
"week days work",3,544195,98.82
"week extended hours",3,544198,98.82
"week fresh start",3,544201,98.82
"week half way",3,544204,98.82
"week happy mother",3,544207,98.82
"week includes news",3,544210,98.82
"week keep eyes",3,544213,98.83
"week left register",3,544216,98.83
"week life get",3,544219,98.83
"week mission accomplished",3,544222,98.83
"week place order",3,544225,98.83
"week starting good",3,544228,98.83
"week starting new",3,544231,98.83
"week starts monday",3,544234,98.83
"week th birthday",3,544237,98.83
"week west coast",3,544240,98.83
"week work hard",3,544243,98.83
"weekend don wait",3,544246,98.83
"weekend enjoy sun",3,544249,98.83
"weekend excited part",3,544252,98.83
"weekend family town",3,544255,98.83
"weekend halloween party",3,544258,98.83
"weekend need sleep",3,544261,98.83
"weekend starts tomorrow",3,544264,98.83
"weekend stop drinks",3,544267,98.84
"weekend think need",3,544270,98.84
"weekend work day",3,544273,98.84
"weekend work week",3,544276,98.84
"weeks ago amazing",3,544279,98.84
"weeks ago going",3,544282,98.84
"weeks ago really",3,544285,98.84
"weeks ago thought",3,544288,98.84
"weeks home sweet",3,544291,98.84
"weeks memorial day",3,544294,98.84
"weeks playing screens",3,544297,98.84
"weeks walks hits",3,544300,98.84
"weight loss benefits",3,544303,98.84
"weight loss journey",3,544306,98.84
"weird bad thing",3,544309,98.84
"weird people know",3,544312,98.84
"weird turn pro",3,544315,98.84
"welcome dj mix",3,544318,98.84
"welcome just made",3,544321,98.85
"welcome los angeles",3,544324,98.85
"welcome new consensus",3,544327,98.85
"welcome new day",3,544330,98.85
"welcome new folks",3,544333,98.85
"welcome new follows",3,544336,98.85
"welcome small www",3,544339,98.85
"welcome thanks posting",3,544342,98.85
"welcome twitter good",3,544345,98.85
"welcome twitter nice",3,544348,98.85
"welcome www info",3,544351,98.85
"wen get chance",3,544354,98.85
"wen get time",3,544357,98.85
"wendy williams looks",3,544360,98.85
"went art school",3,544363,98.85
"went bye bye",3,544366,98.85
"went drake concert",3,544369,98.85
"went go avengers",3,544372,98.85
"went go buy",3,544375,98.85
"went house saw",3,544378,98.86
"went really nice",3,544381,98.86
"went san diego",3,544384,98.86
"went time yesterday",3,544387,98.86
"went wrong strong",3,544390,98.86
"went yesterday today",3,544393,98.86
"west coast going",3,544396,98.86
"west coast start",3,544399,98.86
"west open house",3,544402,98.86
"western movie trivia",3,544405,98.86
"whats done done",3,544408,98.86
"whats email address",3,544411,98.86
"whats good doing",3,544414,98.86
"whats good get",3,544417,98.86
"whats good time",3,544420,98.86
"whats meant find",3,544423,98.86
"wheat wheat sea",3,544426,98.86
"white cups got",3,544429,98.86
"white dark chocolate",3,544432,98.87
"white dude just",3,544435,98.87
"white flour wheat",3,544438,98.87
"white house guess",3,544441,98.87
"white house tonight",3,544444,98.87
"white house tour",3,544447,98.87
"white iphone knows",3,544450,98.87
"white last night",3,544453,98.87
"white uniform kentucky",3,544456,98.87
"whitney houston know",3,544459,98.87
"whitney houston shame",3,544462,98.87
"whitney houston videos",3,544465,98.87
"wi governor scott",3,544468,98.87
"wild goose chase",3,544471,98.87
"wild rose beautiful",3,544474,98.87
"wild squirrel nut",3,544477,98.87
"wild workouts bring",3,544480,98.87
"willing draw blood",3,544483,98.87
"willing go just",3,544486,98.88
"wilson high school",3,544489,98.88
"win academy awards",3,544492,98.88
"win big shots",3,544495,98.88
"win contest coming",3,544498,98.88
"win free drinks",3,544501,98.88
"win free driving",3,544504,98.88
"win free signed",3,544507,98.88
"win free spray",3,544510,98.88
"win friday night",3,544513,98.88
"win get time",3,544516,98.88
"win go go",3,544519,98.88
"win hockey game",3,544522,98.88
"win march bag",3,544525,98.88
"win membership email",3,544528,98.88
"win samsung galaxy",3,544531,98.88
"win shopping save",3,544534,98.88
"win th jan",3,544537,98.88
"win tonight get",3,544540,98.88
"wind like air",3,544543,98.89
"window looks like",3,544546,98.89
"windy city wedding",3,544549,98.89
"wine beer pm",3,544552,98.89
"wine bottles night",3,544555,98.89
"wine draft beer",3,544558,98.89
"wine good friends",3,544561,98.89
"wing fly embracing",3,544564,98.89
"wings pm midnight",3,544567,98.89
"winner gets gift",3,544570,98.89
"winner member january",3,544573,98.89
"winner must live",3,544576,98.89
"winner right williams",3,544579,98.89
"winner twitter contest",3,544582,98.89
"winners announced tonight",3,544585,98.89
"winning art just",3,544588,98.89
"winning smile www",3,544591,98.89
"winning team gets",3,544594,98.89
"winning tonight thinking",3,544597,98.9
"wins nd place",3,544600,98.9
"winter early spring",3,544603,98.9
"winter feel like",3,544606,98.9
"wipe sweat face",3,544609,98.9
"wisdom old embraced",3,544612,98.9
"wisdom teeth cut",3,544615,98.9
"wise must young",3,544618,98.9
"wish best stay",3,544621,98.9
"wish dollar store",3,544624,98.9
"wish full time",3,544627,98.9
"wish girl looked",3,544630,98.9
"wish go change",3,544633,98.9
"wish go just",3,544636,98.9
"wish happy love",3,544639,98.9
"wish keen hill",3,544642,98.9
"wish life button",3,544645,98.9
"wish luck need",3,544648,98.9
"wish luck time",3,544651,98.9
"wish read minds",3,544654,98.91
"wish stop saying",3,544657,98.91
"wish trade heart",3,544660,98.91
"wish wish follow",3,544663,98.91
"wish working weekend",3,544666,98.91
"wishes going today",3,544669,98.91
"wishing safe fun",3,544672,98.91
"wishing start doing",3,544675,98.91
"wishing wonderful new",3,544678,98.91
"wizard oz exhibit",3,544681,98.91
"woke couch won",3,544684,98.91
"woke fall asleep",3,544687,98.91
"woke fell asleep",3,544690,98.91
"woke hour sleep",3,544693,98.91
"woke late today",3,544696,98.91
"woke long ago",3,544699,98.91
"woman able counts",3,544702,98.91
"woman act like",3,544705,98.91
"woman bed include",3,544708,98.92
"woman blame riding",3,544711,98.92
"woman just asked",3,544714,98.92
"woman just yelled",3,544717,98.92
"woman woman woman",3,544720,98.92
"women basketball just",3,544723,98.92
"women civil rights",3,544726,98.92
"women health month",3,544729,98.92
"women hope change",3,544732,98.92
"women international conference",3,544735,98.92
"women rights human",3,544738,98.92
"women treat like",3,544741,98.92
"women want want",3,544744,98.92
"won achieve don",3,544747,98.92
"won coach year",3,544750,98.92
"won get better",3,544753,98.92
"won get old",3,544756,98.92
"won get penny",3,544759,98.92
"won get time",3,544762,98.93
"won get way",3,544765,98.93
"won good game",3,544768,98.93
"won grand prize",3,544771,98.93
"won help get",3,544774,98.93
"won help help",3,544777,98.93
"won ipod touch",3,544780,98.93
"won know don",3,544783,98.93
"won know unless",3,544786,98.93
"won let open",3,544789,98.93
"won let said",3,544792,98.93
"won let sorry",3,544795,98.93
"won sleeping tonight",3,544798,98.93
"won win championship",3,544801,98.93
"wonder going get",3,544804,98.93
"wonder school tomorrow",3,544807,98.93
"wonderful birthday thanks",3,544810,98.93
"wonderful day far",3,544813,98.93
"wonderful day going",3,544816,98.93
"wonderful day great",3,544819,98.94
"wonderful day safe",3,544822,98.94
"wonderful friday night",3,544825,98.94
"wonderful mother world",3,544828,98.94
"wonderful new years",3,544831,98.94
"wonderful night great",3,544834,98.94
"wonderful people met",3,544837,98.94
"wonderful thanksgiving holiday",3,544840,98.94
"wonderful wednesday spread",3,544843,98.94
"wondering feel like",3,544846,98.94
"wondering last night",3,544849,98.94
"wont get like",3,544852,98.94
"wont need own",3,544855,98.94
"wont save extras",3,544858,98.94
"wood smoked bacon",3,544861,98.94
"word ends letters",3,544864,98.94
"word good look",3,544867,98.94
"word love people",3,544870,98.94
"word say don",3,544873,98.95
"words don listen",3,544876,98.95
"words like hope",3,544879,98.95
"words live thank",3,544882,98.95
"words live words",3,544885,98.95
"words mean set",3,544888,98.95
"words national anthem",3,544891,98.95
"work co workers",3,544894,98.95
"work computer just",3,544897,98.95
"work day goes",3,544900,98.95
"work day hours",3,544903,98.95
"work day way",3,544906,98.95
"work did get",3,544909,98.95
"work done enjoy",3,544912,98.95
"work done help",3,544915,98.95
"work done let",3,544918,98.95
"work done looking",3,544921,98.95
"work errands done",3,544924,98.95
"work family life",3,544927,98.96
"work feel free",3,544930,98.96
"work girl girl",3,544933,98.96
"work gonna fun",3,544936,98.96
"work gonna take",3,544939,98.96
"work gotta love",3,544942,98.96
"work hard achieve",3,544945,98.96
"work hard don",3,544948,98.96
"work hard drink",3,544951,98.96
"work hard hope",3,544954,98.96
"work hard like",3,544957,98.96
"work hope good",3,544960,98.96
"work hour early",3,544963,98.96
"work just beautiful",3,544966,98.96
"work just found",3,544969,98.96
"work just get",3,544972,98.96
"work just gonna",3,544975,98.96
"work know limits",3,544978,98.96
"work lemme know",3,544981,98.96
"work let get",3,544984,98.97
"work long term",3,544987,98.97
"work movie theater",3,544990,98.97
"work real job",3,544993,98.97
"work real world",3,544996,98.97
"work sleep repeat",3,544999,98.97
"work super tired",3,545002,98.97
"work take home",3,545005,98.97
"work thursdays happy",3,545008,98.97
"work tired af",3,545011,98.97
"work today done",3,545014,98.97
"work today far",3,545017,98.97
"work today fun",3,545020,98.97
"work today instead",3,545023,98.97
"work today stop",3,545026,98.97
"work today take",3,545029,98.97
"work today thinking",3,545032,98.97
"work today want",3,545035,98.97
"work tomorrow friday",3,545038,98.98
"work unless doing",3,545041,98.98
"work want talk",3,545044,98.98
"work week heading",3,545047,98.98
"work week love",3,545050,98.98
"work week year",3,545053,98.98
"work wish best",3,545056,98.98
"work work getting",3,545059,98.98
"work work going",3,545062,98.98
"work work today",3,545065,98.98
"worked hours today",3,545068,98.98
"working alone today",3,545071,98.98
"working bunch new",3,545074,98.98
"working class people",3,545077,98.98
"working great cause",3,545080,98.98
"working hard awesome",3,545083,98.98
"working hard fix",3,545086,98.98
"working hard good",3,545089,98.98
"working hard love",3,545092,98.99
"working hard studio",3,545095,98.99
"working last sunday",3,545098,98.99
"working late fun",3,545101,98.99
"working lot new",3,545104,98.99
"working need go",3,545107,98.99
"working new web",3,545110,98.99
"working san diego",3,545113,98.99
"working tomorrow night",3,545116,98.99
"working youtube channel",3,545119,98.99
"works last day",3,545122,98.99
"works like want",3,545125,98.99
"workshop starts minutes",3,545128,98.99
"world beautiful person",3,545131,98.99
"world cares little",3,545134,98.99
"world courage greatest",3,545137,98.99
"world creative work",3,545140,98.99
"world did miss",3,545143,98.99
"world does make",3,545146,98.99
"world don like",3,545149,99
"world ends wasted",3,545152,99
"world falls apart",3,545155,99
"world let know",3,545158,99
"world lost true",3,545161,99
"world makes feel",3,545164,99
"world makes happy",3,545167,99
"world might end",3,545170,99
"world might live",3,545173,99
"world peace head",3,545176,99
"world peace hours",3,545179,99
"world peace love",3,545182,99
"world peace right",3,545185,99
"world people keep",3,545188,99
"world people make",3,545191,99
"world premiere tonight",3,545194,99
"world pure imagination",3,545197,99
"world seen heard",3,545200,99
"world separate part",3,545203,99.01
"world series win",3,545206,99.01
"world strongest man",3,545209,99.01
"worldwide trending topic",3,545212,99.01
"worries go better",3,545215,99.01
"worry bout got",3,545218,99.01
"worry bout thing",3,545221,99.01
"worry character reputation",3,545224,99.01
"worry things change",3,545227,99.01
"worrying like walking",3,545230,99.01
"worst birthday present",3,545233,99.01
"worst days sip",3,545236,99.01
"worst excuse turning",3,545239,99.01
"worst feeling makes",3,545242,99.01
"worst film win",3,545245,99.01
"worst gift entire",3,545248,99.01
"worst long time",3,545251,99.01
"worst minutes life",3,545254,99.01
"worst regret going",3,545257,99.02
"worth having easy",3,545260,99.02
"worthwhile things benjamin",3,545263,99.02
"wow basketball game",3,545266,99.02
"wow chris brown",3,545269,99.02
"wow does feel",3,545272,99.02
"wow don like",3,545275,99.02
"wow don remember",3,545278,99.02
"wow feel loved",3,545281,99.02
"wow feel old",3,545284,99.02
"wow followers cool",3,545287,99.02
"wow haven tweeted",3,545290,99.02
"wow just did",3,545293,99.02
"wow like know",3,545296,99.02
"wow like new",3,545299,99.02
"wow nice job",3,545302,99.02
"wow people change",3,545305,99.02
"wow people days",3,545308,99.02
"wow people just",3,545311,99.02
"wow really going",3,545314,99.03
"wow really interesting",3,545317,99.03
"wow sounds fun",3,545320,99.03
"wow thank really",3,545323,99.03
"wow thought sure",3,545326,99.03
"wow today going",3,545329,99.03
"write amazing spider",3,545332,99.03
"write guest post",3,545335,99.03
"write love letter",3,545338,99.03
"write mind go",3,545341,99.03
"write review itunes",3,545344,99.03
"write songs like",3,545347,99.03
"write story writes",3,545350,99.03
"writer take writers",3,545353,99.03
"writing hit songs",3,545356,99.03
"writing pretty sure",3,545359,99.03
"writing session tonight",3,545362,99.03
"writing tip day",3,545365,99.03
"written blog post",3,545368,99.04
"wrong wrong right",3,545371,99.04
"wrote song things",3,545374,99.04
"www com ask",3,545377,99.04
"www com bar",3,545380,99.04
"www com blogs",3,545383,99.04
"www com ch",3,545386,99.04
"www com couple",3,545389,99.04
"www com dallas",3,545392,99.04
"www com full",3,545395,99.04
"www com hot",3,545398,99.04
"www com local",3,545401,99.04
"www com must",3,545404,99.04
"www com post",3,545407,99.04
"www com publications",3,545410,99.04
"www com rocking",3,545413,99.04
"www com sent",3,545416,99.04
"www com special",3,545419,99.04
"www com specials",3,545422,99.05
"www com welcome",3,545425,99.05
"www com working",3,545428,99.05
"yankees orioles game",3,545431,99.05
"yard pub pm",3,545434,99.05
"yard work beautiful",3,545437,99.05
"yard work yard",3,545440,99.05
"yea like day",3,545443,99.05
"yeah big time",3,545446,99.05
"yeah buddy excited",3,545449,99.05
"yeah buddy time",3,545452,99.05
"yeah follow follow",3,545455,99.05
"yeah just good",3,545458,99.05
"yeah just lost",3,545461,99.05
"yeah just wanna",3,545464,99.05
"yeah just won",3,545467,99.05
"yeah kind day",3,545470,99.05
"yeah kinda feel",3,545473,99.05
"yeah know gonna",3,545476,99.05
"yeah know good",3,545479,99.06
"yeah know part",3,545482,99.06
"yeah last week",3,545485,99.06
"yeah maybe just",3,545488,99.06
"yeah might right",3,545491,99.06
"yeah right anything",3,545494,99.06
"yeah right great",3,545497,99.06
"yeah right thanks",3,545500,99.06
"yeah sent email",3,545503,99.06
"yeah sounds great",3,545506,99.06
"yeah thinking just",3,545509,99.06
"yeah thinking thing",3,545512,99.06
"yeah time take",3,545515,99.06
"yeah trying figure",3,545518,99.06
"yeah wait till",3,545521,99.06
"year asked santa",3,545524,99.06
"year best new",3,545527,99.06
"year best player",3,545530,99.06
"year dog excited",3,545533,99.07
"year end review",3,545536,99.07
"year feel better",3,545539,99.07
"year getting better",3,545542,99.07
"year gonna go",3,545545,99.07
"year got big",3,545548,99.07
"year got new",3,545551,99.07
"year halloween costume",3,545554,99.07
"year hs reunion",3,545557,99.07
"year keep great",3,545560,99.07
"year leaves bill",3,545563,99.07
"year life love",3,545566,99.07
"year long way",3,545569,99.07
"year looking year",3,545572,99.07
"year make count",3,545575,99.07
"year make feel",3,545578,99.07
"year need get",3,545581,99.07
"year people got",3,545584,99.07
"year presidential election",3,545587,99.07
"year twitter friends",3,545590,99.08
"year want know",3,545593,99.08
"year years come",3,545596,99.08
"years felt like",3,545599,99.08
"years finally done",3,545602,99.08
"years last saw",3,545605,99.08
"years last year",3,545608,99.08
"years late party",3,545611,99.08
"years love guys",3,545614,99.08
"years oh guess",3,545617,99.08
"years old remember",3,545620,99.08
"years old week",3,545623,99.08
"years service mankind",3,545626,99.08
"yep just happened",3,545629,99.08
"yep makes sense",3,545632,99.08
"yes did think",3,545635,99.08
"yes doing great",3,545638,99.08
"yes especially considering",3,545641,99.08
"yes finally get",3,545644,99.09
"yes getting ready",3,545647,99.09
"yes heard right",3,545650,99.09
"yes hope keep",3,545653,99.09
"yes ice cream",3,545656,99.09
"yes just watched",3,545659,99.09
"yes know gonna",3,545662,99.09
"yes love guys",3,545665,99.09
"yes people like",3,545668,99.09
"yes road trip",3,545671,99.09
"yes send info",3,545674,99.09
"yes sir go",3,545677,99.09
"yes sounds good",3,545680,99.09
"yes takes time",3,545683,99.09
"yes today day",3,545686,99.09
"yes tweet tweet",3,545689,99.09
"yes working hard",3,545692,99.09
"yesterday doing today",3,545695,99.09
"yesterday got new",3,545698,99.1
"yesterday hope having",3,545701,99.1
"yesterday just made",3,545704,99.1
"yesterday just need",3,545707,99.1
"yesterday looking great",3,545710,99.1
"yesterday love guys",3,545713,99.1
"yesterday love today",3,545716,99.1
"yesterday player game",3,545719,99.1
"yesterday said tomorrow",3,545722,99.1
"yesterday www com",3,545725,99.1
"yo bald head",3,545728,99.1
"yo girl like",3,545731,99.1
"yo long time",3,545734,99.1
"yo mama bald",3,545737,99.1
"yo need go",3,545740,99.1
"yo number saved",3,545743,99.1
"yo self hoe",3,545746,99.1
"yoga home yoga",3,545749,99.1
"yoga last night",3,545752,99.1
"yoga tree castro",3,545755,99.11
"york city department",3,545758,99.11
"york city washington",3,545761,99.11
"young signed buffalo",3,545764,99.11
"yr old dad",3,545767,99.11
"yr old female",3,545770,99.11
"yr old mother",3,545773,99.11
"yr old twins",3,545776,99.11
"yr old wants",3,545779,99.11
"yup just gotta",3,545782,99.11
"yup sounds like",3,545785,99.11
"zero get hero",3,545788,99.11
"zero glow feb",3,545791,99.11
"absolutely lost track",3,545794,99.11
"accept terms use",3,545797,99.11
"according ny times",3,545800,99.11
"act random kindness",3,545803,99.11
"action www com",3,545806,99.11
"actually look better",3,545809,99.12
"actually must get",3,545812,99.12
"actually work right",3,545815,99.12
"add date bring",3,545818,99.12
"add mr entertainment",3,545821,99.12
"afternoon exercise recreation",3,545824,99.12
"age issue mind",3,545827,99.12
"ah wait love",3,545830,99.12
"al gore head",3,545833,99.12
"alabama arkansas love",3,545836,99.12
"album cover today",3,545839,99.12
"alcohol lot don",3,545842,99.12
"alive living inside",3,545845,99.12
"alive moments hearts",3,545848,99.12
"alumni board meeting",3,545851,99.12
"amazing love like",3,545854,99.12
"americans americans americans",3,545857,99.12
"angeles ca pizza",3,545860,99.12
"answers great pressing",3,545863,99.13
"anybody tired hearing",3,545866,99.13
"anymore don talk",3,545869,99.13
"anyone feel awkward",3,545872,99.13
"anyone twitter feel",3,545875,99.13
"apple products make",3,545878,99.13
"appreciate shout outs",3,545881,99.13
"appreciation week school",3,545884,99.13
"april nd th",3,545887,99.13
"area come check",3,545890,99.13
"area stay tuned",3,545893,99.13
"arena january th",3,545896,99.13
"art art life",3,545899,99.13
"art vineyard eugene",3,545902,99.13
"artists copy great",3,545905,99.13
"asked let know",3,545908,99.13
"asleep fall asleep",3,545911,99.13
"atlanta video go",3,545914,99.13
"austin twitter account",3,545917,99.13
"author joy set",3,545920,99.14
"available door come",3,545923,99.14
"available online door",3,545926,99.14
"aw thanks sharing",3,545929,99.14
"aw tweet tweet",3,545932,99.14
"away fly away",3,545935,99.14
"awesome did go",3,545938,99.14
"awesome gonna make",3,545941,99.14
"awesome teach position",3,545944,99.14
"awesome thanks providing",3,545947,99.14
"awesome thanks suggestion",3,545950,99.14
"awesome week ahead",3,545953,99.14
"aye aye captain",3,545956,99.14
"bad news got",3,545959,99.14
"bad person know",3,545962,99.14
"bad thing love",3,545965,99.14
"ball seconds left",3,545968,99.14
"baltimore city public",3,545971,99.14
"band practice tomorrow",3,545974,99.15
"band wagon fans",3,545977,99.15
"bar stay tuned",3,545980,99.15
"based business opportunity",3,545983,99.15
"bc don need",3,545986,99.15
"beat like stole",3,545989,99.15
"beautiful march day",3,545992,99.15
"beauty secret natural",3,545995,99.15
"beer sushi pm",3,545998,99.15
"beer wine bar",3,546001,99.15
"believe everybody get",3,546004,99.15
"believe yr old",3,546007,99.15
"bell boy meets",3,546010,99.15
"best deal town",3,546013,99.15
"best live music",3,546016,99.15
"best make sure",3,546019,99.15
"best medicine laughing",3,546022,99.15
"best places live",3,546025,99.15
"best possible worlds",3,546028,99.16
"best thing bout",3,546031,99.16
"best thing oscars",3,546034,99.16
"better did last",3,546037,99.16
"better get today",3,546040,99.16
"bid daddy hardware",3,546043,99.16
"big bucks get",3,546046,99.16
"big city dreams",3,546049,99.16
"big day finally",3,546052,99.16
"big day let",3,546055,99.16
"big turkey dinner",3,546058,99.16
"big way go",3,546061,99.16
"birds singing lawn",3,546064,99.16
"birthday bash tonight",3,546067,99.16
"birthday love happy",3,546070,99.16
"blog com hope",3,546073,99.16
"blog post monday",3,546076,99.16
"blue good made",3,546079,99.16
"blue turns blue",3,546082,99.16
"bond james bond",3,546085,99.17
"book th grade",3,546088,99.17
"boss coming actor",3,546091,99.17
"boston beer summit",3,546094,99.17
"bottles half price",3,546097,99.17
"bout get weird",3,546100,99.17
"bowl pasta bowl",3,546103,99.17
"box proceeds benefit",3,546106,99.17
"boxes little boxes",3,546109,99.17
"brain mouth filter",3,546112,99.17
"brand new android",3,546115,99.17
"brand new designs",3,546118,99.17
"brand new series",3,546121,99.17
"breakfast club love",3,546124,99.17
"breaks ur heart",3,546127,99.17
"breathing loving use",3,546130,99.17
"breeze blowing birds",3,546133,99.17
"bring chocolate chip",3,546136,99.17
"brown feel like",3,546139,99.18
"brown sign does",3,546142,99.18
"buddy looking forward",3,546145,99.18
"built rock roll",3,546148,99.18
"burning man year",3,546151,99.18
"bush endorsed mitt",3,546154,99.18
"business customer comes",3,546157,99.18
"business development center",3,546160,99.18
"business leaders create",3,546163,99.18
"buy presents kids",3,546166,99.18
"buy puppy lunch",3,546169,99.18
"cakes come get",3,546172,99.18
"cali girl stay",3,546175,99.18
"calling night tomorrow",3,546178,99.18
"calls phone calls",3,546181,99.18
"came radio like",3,546184,99.18
"candy get van",3,546187,99.18
"car red light",3,546190,99.18
"care nfl draft",3,546193,99.19
"caused quite stir",3,546196,99.19
"celebrating last night",3,546199,99.19
"certainly hope enjoyed",3,546202,99.19
"chances win prizes",3,546205,99.19
"change minds get",3,546208,99.19
"change plans open",3,546211,99.19
"change world person",3,546214,99.19
"changing man baby",3,546217,99.19
"chaos panic disorder",3,546220,99.19
"check live feed",3,546223,99.19
"check videos share",3,546226,99.19
"check voice mail",3,546229,99.19
"check www tv",3,546232,99.19
"chocolate chip cake",3,546235,99.19
"chuck brown passed",3,546238,99.19
"city parking lot",3,546241,99.19
"class don let",3,546244,99.19
"class get go",3,546247,99.19
"classes tomorrow morning",3,546250,99.2
"clearly don want",3,546253,99.2
"client use twitter",3,546256,99.2
"code word www",3,546259,99.2
"college student life",3,546262,99.2
"college today pm",3,546265,99.2
"com da dis",3,546268,99.2
"com free ship",3,546271,99.2
"come chi town",3,546274,99.2
"come keep warm",3,546277,99.2
"come last day",3,546280,99.2
"come reply yes",3,546283,99.2
"come soon don",3,546286,99.2
"come visit ny",3,546289,99.2
"coming florida peace",3,546292,99.2
"coming thing tonight",3,546295,99.2
"complete schedule www",3,546298,99.2
"completed minutes minutes",3,546301,99.2
"conditions get result",3,546304,99.21
"consider myself wealthy",3,546307,99.21
"control let go",3,546310,99.21
"cool think gonna",3,546313,99.21
"council meeting today",3,546316,99.21
"couple songs mixer",3,546319,99.21
"courage attempt anything",3,546322,99.21
"crazy kind feel",3,546325,99.21
"cream truck come",3,546328,99.21
"create vision vision",3,546331,99.21
"credit card account",3,546334,99.21
"cricket letter cricket",3,546337,99.21
"cup coffee coffee",3,546340,99.21
"cup coffee hand",3,546343,99.21
"curious knowledge acquire",3,546346,99.21
"current resume proposals",3,546349,99.21
"customer comes business",3,546352,99.21
"cute don want",3,546355,99.21
"da dis life",3,546358,99.21
"dance floors hip",3,546361,99.22
"dance moms tonight",3,546364,99.22
"date christmas eve",3,546367,99.22
"daughter happy birthday",3,546370,99.22
"day come today",3,546373,99.22
"day day matter",3,546376,99.22
"day day way",3,546379,99.22
"day excited start",3,546382,99.22
"day get wear",3,546385,99.22
"day great events",3,546388,99.22
"day happy canada",3,546391,99.22
"day hit got",3,546394,99.22
"day just makes",3,546397,99.22
"day long working",3,546400,99.22
"day parade tomorrow",3,546403,99.22
"day school excited",3,546406,99.22
"day taking forever",3,546409,99.22
"day things escape",3,546412,99.22
"day time dean",3,546415,99.23
"day watching play",3,546418,99.23
"day week know",3,546421,99.23
"day work don",3,546424,99.23
"days ago sad",3,546427,99.23
"days left got",3,546430,99.23
"days left spring",3,546433,99.23
"dear family friend",3,546436,99.23
"deep sea fishing",3,546439,99.23
"definitely takes time",3,546442,99.23
"definitely think good",3,546445,99.23
"delicious dessert numerous",3,546448,99.23
"delicious food come",3,546451,99.23
"demo day tomorrow",3,546454,99.23
"depends bathroom door",3,546457,99.23
"design partnership alert",3,546460,99.23
"desperate need help",3,546463,99.23
"desperate need massage",3,546466,99.23
"destination way life",3,546469,99.24
"details help plan",3,546472,99.24
"determination hard find",3,546475,99.24
"developer open contracts",3,546478,99.24
"diamond engagement ring",3,546481,99.24
"did don get",3,546484,99.24
"did lose followers",3,546487,99.24
"did semester go",3,546490,99.24
"did stop caring",3,546493,99.24
"did thanks coming",3,546496,99.24
"did thanks follow",3,546499,99.24
"different stories situations",3,546502,99.24
"discount min battle",3,546505,99.24
"discover best bring",3,546508,99.24
"discuss health care",3,546511,99.24
"dj dj drinks",3,546514,99.24
"dj drinks saturday",3,546517,99.24
"does brown sign",3,546520,99.24
"does get dark",3,546523,99.24
"does good thing",3,546526,99.25
"does include free",3,546529,99.25
"does love anymore",3,546532,99.25
"does mother know",3,546535,99.25
"does play role",3,546538,99.25
"does school start",3,546541,99.25
"doing thing doing",3,546544,99.25
"doing thing told",3,546547,99.25
"don ask opinion",3,546550,99.25
"don give doing",3,546553,99.25
"don give feel",3,546556,99.25
"don go need",3,546559,99.25
"don know forgot",3,546562,99.25
"don know hair",3,546565,99.25
"don know swim",3,546568,99.25
"don know white",3,546571,99.25
"don know women",3,546574,99.25
"don make real",3,546577,99.25
"don mind taking",3,546580,99.26
"don panic don",3,546583,99.26
"don say said",3,546586,99.26
"don send link",3,546589,99.26
"don stop fighting",3,546592,99.26
"don tell good",3,546595,99.26
"don walk away",3,546598,99.26
"don want spam",3,546601,99.26
"donate non food",3,546604,99.26
"done done wait",3,546607,99.26
"doors pm come",3,546610,99.26
"double parked got",3,546613,99.26
"dr oz tomorrow",3,546616,99.26
"draft day draft",3,546619,99.26
"draft party thursday",3,546622,99.26
"dream day things",3,546625,99.26
"drink day chocolate",3,546628,99.26
"drink drive get",3,546631,99.26
"drink sounds like",3,546634,99.27
"drinking game rule",3,546637,99.27
"drinking ice cold",3,546640,99.27
"drinks food specials",3,546643,99.27
"drive today good",3,546646,99.27
"drop line love",3,546649,99.27
"drop new music",3,546652,99.27
"drops june st",3,546655,99.27
"dude got bald",3,546658,99.27
"early feel like",3,546661,99.27
"early morning baseball",3,546664,99.27
"early morning night",3,546667,99.27
"earth day free",3,546670,99.27
"east coast get",3,546673,99.27
"eat free food",3,546676,99.27
"eat like crazy",3,546679,99.27
"education luxury economic",3,546682,99.27
"elementary middle high",3,546685,99.27
"end day know",3,546688,99.27
"end day work",3,546691,99.28
"ended long time",3,546694,99.28
"england portugal italy",3,546697,99.28
"enjoy game michael",3,546700,99.28
"entertainment add mr",3,546703,99.28
"entry data entry",3,546706,99.28
"espn mike mike",3,546709,99.28
"eva meeting sat",3,546712,99.28
"evening lovely lady",3,546715,99.28
"eventually go away",3,546718,99.28
"exactly don know",3,546721,99.28
"exactly don want",3,546724,99.28
"excited bit nervous",3,546727,99.28
"excited bring great",3,546730,99.28
"excited happy day",3,546733,99.28
"excited new team",3,546736,99.28
"exercise try getting",3,546739,99.28
"expect fine don",3,546742,99.28
"expected handle school",3,546745,99.29
"experience email katie",3,546748,99.29
"eyes children feet",3,546751,99.29
"facebook timeline pages",3,546754,99.29
"facebook twitter time",3,546757,99.29
"fail keep trying",3,546760,99.29
"fail mean gonna",3,546763,99.29
"fail put smile",3,546766,99.29
"fair march th",3,546769,99.29
"fake twitter page",3,546772,99.29
"falling asleep night",3,546775,99.29
"family fun today",3,546778,99.29
"family happy easter",3,546781,99.29
"fan fan fan",3,546784,99.29
"fantastic time today",3,546787,99.29
"fantasy soccer sporting",3,546790,99.29
"farmers market wait",3,546793,99.29
"farmers market yesterday",3,546796,99.29
"favorite new band",3,546799,99.3
"feel beauty largely",3,546802,99.3
"feel free thanks",3,546805,99.3
"feel like breathe",3,546808,99.3
"feel like college",3,546811,99.3
"feel like followed",3,546814,99.3
"feel like learned",3,546817,99.3
"feel like universe",3,546820,99.3
"feel victory george",3,546823,99.3
"feel way email",3,546826,99.3
"feeling like morning",3,546829,99.3
"feeling world feeling",3,546832,99.3
"feels bad feels",3,546835,99.3
"felt like week",3,546838,99.3
"females go lot",3,546841,99.3
"fever going get",3,546844,99.3
"fever just want",3,546847,99.3
"field let go",3,546850,99.3
"fighting stay awake",3,546853,99.3
"filled love joy",3,546856,99.31
"final exam week",3,546859,99.31
"finally able make",3,546862,99.31
"finally gave twitter",3,546865,99.31
"finally internet home",3,546868,99.31
"find credit card",3,546871,99.31
"find don think",3,546874,99.31
"find get home",3,546877,99.31
"find posts helpful",3,546880,99.31
"find work luck",3,546883,99.31
"finding way henry",3,546886,99.31
"fine don expect",3,546889,99.31
"finished alive richard",3,546892,99.31
"fl police chief",3,546895,99.31
"flags flown half",3,546898,99.31
"fly away fly",3,546901,99.31
"follow boss coming",3,546904,99.31
"follow get way",3,546907,99.31
"follow info upcoming",3,546910,99.32
"follow twitter give",3,546913,99.32
"followed look forward",3,546916,99.32
"followers follow follows",3,546919,99.32
"followers follow personal",3,546922,99.32
"followers guys love",3,546925,99.32
"followers tell know",3,546928,99.32
"followers want help",3,546931,99.32
"foot fell asleep",3,546934,99.32
"footage coming soon",3,546937,99.32
"forever live tomorrow",3,546940,99.32
"forget bring donation",3,546943,99.32
"forget meet tomorrow",3,546946,99.32
"forgot power cord",3,546949,99.32
"forward following blessed",3,546952,99.32
"forward game tonight",3,546955,99.32
"found california home",3,546958,99.32
"found great new",3,546961,99.32
"found right person",3,546964,99.33
"fox th anniversary",3,546967,99.33
"france people cats",3,546970,99.33
"free fit go",3,546973,99.33
"free friday free",3,546976,99.33
"free gift eternal",3,546979,99.33
"free just get",3,546982,99.33
"free parking lot",3,546985,99.33
"free post page",3,546988,99.33
"free ship code",3,546991,99.33
"friday happy new",3,546994,99.33
"friday hey monday",3,546997,99.33
"friday tomorrow night",3,547000,99.33
"friend voice carl",3,547003,99.33
"friends anymore don",3,547006,99.33
"friends enjoy day",3,547009,99.33
"friends family vote",3,547012,99.33
"full time senior",3,547015,99.33
"full time student",3,547018,99.33
"fun day nd",3,547021,99.34
"fun day working",3,547024,99.34
"fun doing homework",3,547027,99.34
"fun enjoy game",3,547030,99.34
"funny matter different",3,547033,99.34
"gallery night tonight",3,547036,99.34
"game today hope",3,547039,99.34
"game tonight ready",3,547042,99.34
"game tonight really",3,547045,99.34
"game tonight st",3,547048,99.34
"game won game",3,547051,99.34
"garlic olive oil",3,547054,99.34
"gear gear gear",3,547057,99.34
"genius man wrap",3,547060,99.34
"get bottles wine",3,547063,99.34
"get done life",3,547066,99.34
"get fixed take",3,547069,99.34
"get go bathroom",3,547072,99.34
"get good photos",3,547075,99.35
"get hear music",3,547078,99.35
"get kids house",3,547081,99.35
"get know don",3,547084,99.35
"get know fans",3,547087,99.35
"get know like",3,547090,99.35
"get license week",3,547093,99.35
"get married better",3,547096,99.35
"get music played",3,547099,99.35
"get new ideas",3,547102,99.35
"get new ink",3,547105,99.35
"get paid fun",3,547108,99.35
"get real man",3,547111,99.35
"get respect don",3,547114,99.35
"get rid facebook",3,547117,99.35
"get rid need",3,547120,99.35
"get rid unwanted",3,547123,99.35
"get season pass",3,547126,99.35
"get separation anxiety",3,547129,99.35
"get song stuck",3,547132,99.36
"get summer break",3,547135,99.36
"get ur ugly",3,547138,99.36
"get way ticket",3,547141,99.36
"get weird let",3,547144,99.36
"getting hang thing",3,547147,99.36
"getting hit train",3,547150,99.36
"getting nerves today",3,547153,99.36
"getting new week",3,547156,99.36
"getting today doing",3,547159,99.36
"girl go follow",3,547162,99.36
"girl let talk",3,547165,99.36
"girl math class",3,547168,99.36
"girl need get",3,547171,99.36
"give clean water",3,547174,99.36
"give hug today",3,547177,99.36
"give just want",3,547180,99.36
"give man year",3,547183,99.36
"give right arm",3,547186,99.37
"give right double",3,547189,99.37
"giving away cool",3,547192,99.37
"glad enjoyed trip",3,547195,99.37
"glad got let",3,547198,99.37
"glad got little",3,547201,99.37
"glad like like",3,547204,99.37
"go alone want",3,547207,99.37
"go come home",3,547210,99.37
"go hand let",3,547213,99.37
"go herman go",3,547216,99.37
"go like peanut",3,547219,99.37
"go lot women",3,547222,99.37
"go pool today",3,547225,99.37
"go school monday",3,547228,99.37
"go skinny dipping",3,547231,99.37
"go thank goodness",3,547234,99.37
"go time favorite",3,547237,99.37
"go tiny chat",3,547240,99.38
"go way don",3,547243,99.38
"go website www",3,547246,99.38
"goal must reaching",3,547249,99.38
"goes knows just",3,547252,99.38
"going anywhere fun",3,547255,99.38
"going circles makes",3,547258,99.38
"going friday saturday",3,547261,99.38
"going great story",3,547264,99.38
"going last game",3,547267,99.38
"going mariners game",3,547270,99.38
"going take longer",3,547273,99.38
"going wait till",3,547276,99.38
"going wear tonight",3,547279,99.38
"going youth group",3,547282,99.38
"gold really made",3,547285,99.38
"gonna end like",3,547288,99.38
"gonna fail keep",3,547291,99.38
"gonna just fine",3,547294,99.38
"gonna pay bills",3,547297,99.39
"gonna rain tonight",3,547300,99.39
"good bad got",3,547303,99.39
"good bad kinda",3,547306,99.39
"good business leaders",3,547309,99.39
"good friend looking",3,547312,99.39
"good game wish",3,547315,99.39
"good hear enjoy",3,547318,99.39
"good just keeping",3,547321,99.39
"good just sent",3,547324,99.39
"good know long",3,547327,99.39
"good luck defense",3,547330,99.39
"good luck journey",3,547333,99.39
"good luck packing",3,547336,99.39
"good luck unit",3,547339,99.39
"good man looking",3,547342,99.39
"good man wanted",3,547345,99.39
"good might want",3,547348,99.39
"good morning em",3,547351,99.4
"good morning ron",3,547354,99.4
"good morning running",3,547357,99.4
"good music check",3,547360,99.4
"good music let",3,547363,99.4
"good people want",3,547366,99.4
"good point coach",3,547369,99.4
"good points just",3,547372,99.4
"good sleep last",3,547375,99.4
"good times ur",3,547378,99.4
"good times wit",3,547381,99.4
"good way think",3,547384,99.4
"good weather go",3,547387,99.4
"good weekend thanks",3,547390,99.4
"good woman go",3,547393,99.4
"google just launched",3,547396,99.4
"gorgeous day austin",3,547399,99.4
"gosh just saw",3,547402,99.4
"got blue screen",3,547405,99.41
"got couple bottles",3,547408,99.41
"got get class",3,547411,99.41
"got good seats",3,547414,99.41
"got great piece",3,547417,99.41
"got positive feedback",3,547420,99.41
"got suspended days",3,547423,99.41
"got tricks sleeve",3,547426,99.41
"got win tonight",3,547429,99.41
"got wrong person",3,547432,99.41
"gotta say just",3,547435,99.41
"gotta wait days",3,547438,99.41
"grass make lot",3,547441,99.41
"great day art",3,547444,99.41
"great day bears",3,547447,99.41
"great day miami",3,547450,99.41
"great day reading",3,547453,99.41
"great day wishing",3,547456,99.41
"great did get",3,547459,99.41
"great event love",3,547462,99.42
"great game right",3,547465,99.42
"great glad liked",3,547468,99.42
"great hair makeup",3,547471,99.42
"great idea pass",3,547474,99.42
"great movie check",3,547477,99.42
"great movies coming",3,547480,99.42
"great night pier",3,547483,99.42
"great opportunities help",3,547486,99.42
"great picture thank",3,547489,99.42
"great really fun",3,547492,99.42
"great start far",3,547495,99.42
"great work promoting",3,547498,99.42
"grilled chicken avocado",3,547501,99.42
"guess just ran",3,547504,99.42
"guess nap time",3,547507,99.42
"guilty charged stories",3,547510,99.42
"guy likes girl",3,547513,99.42
"guys bright early",3,547516,99.43
"guys haven tweeted",3,547519,99.43
"guys hope both",3,547522,99.43
"guys just saw",3,547525,99.43
"ha sorry just",3,547528,99.43
"habits make john",3,547531,99.43
"handle school day",3,547534,99.43
"happen end day",3,547537,99.43
"happen long keep",3,547540,99.43
"happiness destination way",3,547543,99.43
"happy april st",3,547546,99.43
"happy birthday age",3,547549,99.43
"happy birthday ian",3,547552,99.43
"happy birthday pops",3,547555,99.43
"happy laughing mean",3,547558,99.43
"happy monday glad",3,547561,99.43
"happy thanksgiving open",3,547564,99.43
"happy tuesday morning",3,547567,99.43
"hard feels like",3,547570,99.44
"hard find called",3,547573,99.44
"hard want get",3,547576,99.44
"harry louis direction",3,547579,99.44
"harry potter hunger",3,547582,99.44
"hate class hate",3,547585,99.44
"hate dealing people",3,547588,99.44
"hate ignorant people",3,547591,99.44
"hate people compare",3,547594,99.44
"hate plan conversation",3,547597,99.44
"hate seems like",3,547600,99.44
"haters let know",3,547603,99.44
"haven gone sleep",3,547606,99.44
"having good dream",3,547609,99.44
"hbo game thrones",3,547612,99.44
"head like yeah",3,547615,99.44
"head person follow",3,547618,99.44
"head time miss",3,547621,99.44
"headed kitchen good",3,547624,99.44
"heading chicago tomorrow",3,547627,99.45
"heading long beach",3,547630,99.45
"hear bells get",3,547633,99.45
"hear doing good",3,547636,99.45
"heard radio ad",3,547639,99.45
"hearing own voice",3,547642,99.45
"help make dreams",3,547645,99.45
"helps fall asleep",3,547648,99.45
"hes pretty good",3,547651,99.45
"hey big head",3,547654,99.45
"hey just getting",3,547657,99.45
"hey man got",3,547660,99.45
"hey stranger really",3,547663,99.45
"hi leave early",3,547666,99.45
"hi thanks kind",3,547669,99.45
"hi thanks love",3,547672,99.45
"hit run th",3,547675,99.45
"hit stage pm",3,547678,99.45
"hit today tomorrow",3,547681,99.46
"hit twitter follow",3,547684,99.46
"hitting streak games",3,547687,99.46
"hold let get",3,547690,99.46
"hollywood last night",3,547693,99.46
"home late last",3,547696,99.46
"hop dj dj",3,547699,99.46
"hope enjoyed long",3,547702,99.46
"hope enjoying friday",3,547705,99.46
"hope family happy",3,547708,99.46
"hope like pictures",3,547711,99.46
"hope trend continues",3,547714,99.46
"hopefully learning lot",3,547717,99.46
"hopefully sooner later",3,547720,99.46
"hoping best expecting",3,547723,99.46
"hoping make year",3,547726,99.46
"hour early get",3,547729,99.46
"hour going right",3,547732,99.46
"hour nap today",3,547735,99.47
"house fix car",3,547738,99.47
"houston mayor parker",3,547741,99.47
"hugs kisses sweden",3,547744,99.47
"humor review hurry",3,547747,99.47
"hump leap day",3,547750,99.47
"hunt ghosts hunt",3,547753,99.47
"hurricane irene going",3,547756,99.47
"ice skating fun",3,547759,99.47
"ideas small people",3,547762,99.47
"important woman life",3,547765,99.47
"impossible go guy",3,547768,99.47
"increase personal rate",3,547771,99.47
"info chance win",3,547774,99.47
"information social media",3,547777,99.47
"inside tweet inside",3,547780,99.47
"instagram go follow",3,547783,99.47
"integrated reading light",3,547786,99.47
"interested public relations",3,547789,99.47
"invented yoga pants",3,547792,99.48
"iphone android apps",3,547795,99.48
"issue release party",3,547798,99.48
"jason looks like",3,547801,99.48
"jets nation gonna",3,547804,99.48
"jim michelle rest",3,547807,99.48
"job don worry",3,547810,99.48
"job singing national",3,547813,99.48
"john carter movie",3,547816,99.48
"joining today talk",3,547819,99.48
"josh thanks following",3,547822,99.48
"just ate candy",3,547825,99.48
"just bought winning",3,547828,99.48
"just came day",3,547831,99.48
"just came mind",3,547834,99.48
"just convince myself",3,547837,99.48
"just feeling right",3,547840,99.48
"just finishing school",3,547843,99.48
"just going flow",3,547846,99.49
"just going happen",3,547849,99.49
"just going way",3,547852,99.49
"just good job",3,547855,99.49
"just got blue",3,547858,99.49
"just got grant",3,547861,99.49
"just got nose",3,547864,99.49
"just got personal",3,547867,99.49
"just got sit",3,547870,99.49
"just got start",3,547873,99.49
"just got tub",3,547876,99.49
"just got yo",3,547879,99.49
"just gotta start",3,547882,99.49
"just heard bar",3,547885,99.49
"just hit get",3,547888,99.49
"just hot air",3,547891,99.49
"just keep adding",3,547894,99.49
"just kidding fine",3,547897,99.49
"just kinda wish",3,547900,99.49
"just knows win",3,547903,99.5
"just left la",3,547906,99.5
"just left wait",3,547909,99.5
"just let fall",3,547912,99.5
"just make interesting",3,547915,99.5
"just might give",3,547918,99.5
"just noticed tweets",3,547921,99.5
"just put make",3,547924,99.5
"just put syrup",3,547927,99.5
"just put twitter",3,547930,99.5
"just regular guy",3,547933,99.5
"just right just",3,547936,99.5
"just said okay",3,547939,99.5
"just saw long",3,547942,99.5
"just saw matt",3,547945,99.5
"just saw motorcycle",3,547948,99.5
"just saw ron",3,547951,99.5
"just saw twilight",3,547954,99.5
"just saying go",3,547957,99.51
"just sent just",3,547960,99.51
"just stop loving",3,547963,99.51
"just things want",3,547966,99.51
"just think need",3,547969,99.51
"just thinking go",3,547972,99.51
"just time miss",3,547975,99.51
"just took big",3,547978,99.51
"just took bite",3,547981,99.51
"just took little",3,547984,99.51
"just took power",3,547987,99.51
"just went awesome",3,547990,99.51
"just went bathroom",3,547993,99.51
"just went car",3,547996,99.51
"just went hill",3,547999,99.51
"just wish time",3,548002,99.51
"just yelled get",3,548005,99.51
"katy katy katy",3,548008,99.51
"keep blood sugar",3,548011,99.52
"keep mind know",3,548014,99.52
"key happiness having",3,548017,99.52
"kind person like",3,548020,99.52
"kind words come",3,548023,99.52
"king kings lord",3,548026,99.52
"knock em week",3,548029,99.52
"know days school",3,548032,99.52
"know did thanks",3,548035,99.52
"know don gotta",3,548038,99.52
"know going night",3,548041,99.52
"know haven made",3,548044,99.52
"know ill make",3,548047,99.52
"know like live",3,548050,99.52
"know make best",3,548053,99.52
"know people ask",3,548056,99.52
"know read text",3,548059,99.52
"know rest story",3,548062,99.52
"know weapons world",3,548065,99.52
"knowledge acquire must",3,548068,99.53
"knows going ralph",3,548071,99.53
"knows just let",3,548074,99.53
"kudos great event",3,548077,99.53
"la shirt www",3,548080,99.53
"lady looking forward",3,548083,99.53
"last longer just",3,548086,99.53
"last saturday night",3,548089,99.53
"lasts moment pain",3,548092,99.53
"laughing best medicine",3,548095,99.53
"laughing mean don",3,548098,99.53
"launch new book",3,548101,99.53
"leaders create vision",3,548104,99.53
"learn healthy eating",3,548107,99.53
"leave afternoon exercise",3,548110,99.53
"leave early getting",3,548113,99.53
"leave person love",3,548116,99.53
"leave wanna leave",3,548119,99.53
"left blue jeans",3,548122,99.54
"legally right right",3,548125,99.54
"let everybody know",3,548128,99.54
"let go buckeyes",3,548131,99.54
"let go dallas",3,548134,99.54
"let hit ball",3,548137,99.54
"let hope second",3,548140,99.54
"let know charge",3,548143,99.54
"let know grab",3,548146,99.54
"let know ride",3,548149,99.54
"let know stuff",3,548152,99.54
"let let let",3,548155,99.54
"let make point",3,548158,99.54
"letting know fixed",3,548161,99.54
"leverage social media",3,548164,99.54
"lie lie just",3,548167,99.54
"life becomes easier",3,548170,99.54
"life day go",3,548173,99.54
"life did think",3,548176,99.55
"life happy easter",3,548179,99.55
"life shall afraid",3,548182,99.55
"life work days",3,548185,99.55
"life worth struggle",3,548188,99.55
"lifetime www com",3,548191,99.55
"lights last night",3,548194,99.55
"like did think",3,548197,99.55
"like doing best",3,548200,99.55
"like doing really",3,548203,99.55
"like doing things",3,548206,99.55
"like facebook fan",3,548209,99.55
"like favorite picture",3,548212,99.55
"like get twitter",3,548215,99.55
"like gonna hard",3,548218,99.55
"like great just",3,548221,99.55
"like joining sand",3,548224,99.55
"like kinda party",3,548227,99.55
"like knew going",3,548230,99.55
"like last weekend",3,548233,99.56
"like like better",3,548236,99.56
"like like food",3,548239,99.56
"like like totally",3,548242,99.56
"like loads fun",3,548245,99.56
"like love em",3,548248,99.56
"like make happen",3,548251,99.56
"like man man",3,548254,99.56
"like mc hammer",3,548257,99.56
"like mr potato",3,548260,99.56
"like new haircut",3,548263,99.56
"like opening scene",3,548266,99.56
"like reading like",3,548269,99.56
"like red bull",3,548272,99.56
"like right like",3,548275,99.56
"like throw richards",3,548278,99.56
"like tommy lee",3,548281,99.56
"like walking time",3,548284,99.56
"liked better called",3,548287,99.57
"likes drop new",3,548290,99.57
"likes facebook post",3,548293,99.57
"little baby girl",3,548296,99.57
"little lose care",3,548299,99.57
"live nights remember",3,548302,99.57
"live pm tonight",3,548305,99.57
"live tweeting date",3,548308,99.57
"live video live",3,548311,99.57
"living earth expensive",3,548314,99.57
"living inside like",3,548317,99.57
"local www com",3,548320,99.57
"long list reasons",3,548323,99.57
"long minute depends",3,548326,99.57
"long term economic",3,548329,99.57
"look like bored",3,548332,99.57
"look like chris",3,548335,99.57
"look like harry",3,548338,99.57
"look like nerd",3,548341,99.58
"look like nice",3,548344,99.58
"look like somebody",3,548347,99.58
"look like sticks",3,548350,99.58
"look think look",3,548353,99.58
"looking forward atlanta",3,548356,99.58
"looking forward creative",3,548359,99.58
"looking forward drive",3,548362,99.58
"looking forward gig",3,548365,99.58
"looking forward news",3,548368,99.58
"looking forward vegas",3,548371,99.58
"looking like day",3,548374,99.58
"looks good looks",3,548377,99.58
"looks good put",3,548380,99.58
"looks great know",3,548383,99.58
"looks great soon",3,548386,99.58
"looks like awake",3,548389,99.58
"looks like days",3,548392,99.58
"looks like friday",3,548395,99.58
"lose care get",3,548398,99.59
"lost friend voice",3,548401,99.59
"lot fun tonight",3,548404,99.59
"lot people agree",3,548407,99.59
"lots cool people",3,548410,99.59
"love ask questions",3,548413,99.59
"love child like",3,548416,99.59
"love comes quietly",3,548419,99.59
"love direction love",3,548422,99.59
"love don follow",3,548425,99.59
"love eyes love",3,548428,99.59
"love follow birthday",3,548431,99.59
"love get work",3,548434,99.59
"love girl thanks",3,548437,99.59
"love know story",3,548440,99.59
"love make great",3,548443,99.59
"love mean love",3,548446,99.59
"love means having",3,548449,99.59
"love mint condition",3,548452,99.6
"love mobile app",3,548455,99.6
"love north carolina",3,548458,99.6
"love person face",3,548461,99.6
"love person learn",3,548464,99.6
"love person like",3,548467,99.6
"love seeing guys",3,548470,99.6
"love sleeping windows",3,548473,99.6
"love song put",3,548476,99.6
"love thanks girl",3,548479,99.6
"love waking good",3,548482,99.6
"love way go",3,548485,99.6
"love work man",3,548488,99.6
"loved having come",3,548491,99.6
"loving use last",3,548494,99.6
"luck kids grown",3,548497,99.6
"luck new site",3,548500,99.6
"lunch today looking",3,548503,99.6
"made best salad",3,548506,99.61
"made gold made",3,548509,99.61
"made heart drop",3,548512,99.61
"made sweat determination",3,548515,99.61
"make better life",3,548518,99.61
"make better time",3,548521,99.61
"make difference community",3,548524,99.61
"make feel just",3,548527,99.61
"make girl happy",3,548530,99.61
"make good monday",3,548533,99.61
"make great today",3,548536,99.61
"make happen vote",3,548539,99.61
"make point week",3,548542,99.61
"make smile people",3,548545,99.61
"make super fun",3,548548,99.61
"make sure done",3,548551,99.61
"make sure power",3,548554,99.61
"makes happy wait",3,548557,99.61
"makes heart warm",3,548560,99.61
"makes man rich",3,548563,99.62
"makes people happy",3,548566,99.62
"makes think want",3,548569,99.62
"makes way man",3,548572,99.62
"making best year",3,548575,99.62
"making day great",3,548578,99.62
"making laugh really",3,548581,99.62
"making video birthday",3,548584,99.62
"man knows price",3,548587,99.62
"man take away",3,548590,99.62
"man ur just",3,548593,99.62
"man wrap new",3,548596,99.62
"marathon last night",3,548599,99.62
"margarita good red",3,548602,99.62
"maryland eastern shore",3,548605,99.62
"matter different stories",3,548608,99.62
"maybe just bit",3,548611,99.62
"maybe just tell",3,548614,99.62
"mcdonald chicken nuggets",3,548617,99.63
"mean anything love",3,548620,99.63
"mean gonna fail",3,548623,99.63
"mean happy laughing",3,548626,99.63
"meet greet pictures",3,548629,99.63
"meet people person",3,548632,99.63
"meet somebody moves",3,548635,99.63
"meeting today amazing",3,548638,99.63
"men men needs",3,548641,99.63
"men needs must",3,548644,99.63
"men women serving",3,548647,99.63
"mention happy new",3,548650,99.63
"miami south florida",3,548653,99.63
"middle work middle",3,548656,99.63
"midnight paris reached",3,548659,99.63
"might go tomorrow",3,548662,99.63
"might just coolest",3,548665,99.63
"mike looking forward",3,548668,99.63
"mind actually arrive",3,548671,99.63
"miss april th",3,548674,99.64
"miss concert tonight",3,548677,99.64
"miss connecting flight",3,548680,99.64
"miss today pm",3,548683,99.64
"missed great time",3,548686,99.64
"missed guys great",3,548689,99.64
"mom gonna buy",3,548692,99.64
"mom just found",3,548695,99.64
"mom single mom",3,548698,99.64
"moment pain love",3,548701,99.64
"moment time find",3,548704,99.64
"moments hearts conscious",3,548707,99.64
"moms hardest job",3,548710,99.64
"monday feels like",3,548713,99.64
"monday hope awesome",3,548716,99.64
"monday hope nice",3,548719,99.64
"monday night party",3,548722,99.64
"monday night tonight",3,548725,99.64
"monday worst day",3,548728,99.65
"month feels like",3,548731,99.65
"morning del hope",3,548734,99.65
"morning good stuff",3,548737,99.65
"morning thank following",3,548740,99.65
"morning theme song",3,548743,99.65
"morning tired af",3,548746,99.65
"mother law said",3,548749,99.65
"movie recommendation michael",3,548752,99.65
"movies looking forward",3,548755,99.65
"movies video games",3,548758,99.65
"moving miami week",3,548761,99.65
"mr entertainment add",3,548764,99.65
"multiple times week",3,548767,99.65
"music city usa",3,548770,99.65
"music starts cover",3,548773,99.65
"must listen radio",3,548776,99.65
"must remember things",3,548779,99.65
"named defensive player",3,548782,99.66
"nation gonna play",3,548785,99.66
"natural laws hidden",3,548788,99.66
"nd best part",3,548791,99.66
"need find better",3,548794,99.66
"need find watch",3,548797,99.66
"need full time",3,548800,99.66
"need go walk",3,548803,99.66
"need start checking",3,548806,99.66
"need talk anyone",3,548809,99.66
"need talk oh",3,548812,99.66
"need talk right",3,548815,99.66
"needs load terrible",3,548818,99.66
"netflix netflix netflix",3,548821,99.66
"network promotion url",3,548824,99.66
"new computer work",3,548827,99.66
"new day begins",3,548830,99.66
"new eat menu",3,548833,99.66
"new favorite piece",3,548836,99.66
"new follower welcome",3,548839,99.67
"new number text",3,548842,99.67
"new role model",3,548845,99.67
"new shirt pins",3,548848,99.67
"new songs writing",3,548851,99.67
"new twitter trying",3,548854,99.67
"new video new",3,548857,99.67
"newest member twitter",3,548860,99.67
"nice day take",3,548863,99.67
"nice don get",3,548866,99.67
"nice look like",3,548869,99.67
"nice virtually meet",3,548872,99.67
"nice work brother",3,548875,99.67
"nice young man",3,548878,99.67
"niggas won miss",3,548881,99.67
"night appreciate support",3,548884,99.67
"night baseball game",3,548887,99.67
"night beautiful world",3,548890,99.67
"night open bar",3,548893,99.68
"night past weeks",3,548896,99.68
"night tomorrow day",3,548899,99.68
"np find place",3,548902,99.68
"number people know",3,548905,99.68
"nyc tomorrow time",3,548908,99.68
"obsessed pie songs",3,548911,99.68
"obviously don need",3,548914,99.68
"official tells ap",3,548917,99.68
"oh feels like",3,548920,99.68
"oh good thought",3,548923,99.68
"oh just watching",3,548926,99.68
"oh man working",3,548929,99.68
"oh san francisco",3,548932,99.68
"oh wait real",3,548935,99.68
"oh yes try",3,548938,99.68
"ok hope get",3,548941,99.68
"ok just asking",3,548944,99.68
"ok keep trying",3,548947,99.69
"ok people don",3,548950,99.69
"okay did tell",3,548953,99.69
"okay don worry",3,548956,99.69
"old sister just",3,548959,99.69
"ones surround day",3,548962,99.69
"oops read wrong",3,548965,99.69
"open house sat",3,548968,99.69
"opens hope encouragement",3,548971,99.69
"orange soda loves",3,548974,99.69
"order new book",3,548977,99.69
"outdoor dancing patio",3,548980,99.69
"own eyes lord",3,548983,99.69
"own mind actually",3,548986,99.69
"own vision drive",3,548989,99.69
"pa silent memory",3,548992,99.69
"page get updates",3,548995,99.69
"panel going right",3,548998,99.69
"panic don panic",3,549001,99.69
"parents let kids",3,549004,99.7
"part try add",3,549007,99.7
"party house party",3,549010,99.7
"past hour half",3,549013,99.7
"past tense tweet",3,549016,99.7
"pasta bowl pasta",3,549019,99.7
"peace rule hearts",3,549022,99.7
"peaceful transition isaac",3,549025,99.7
"people able marry",3,549028,99.7
"people bad mood",3,549031,99.7
"people drink fountain",3,549034,99.7
"people go ahead",3,549037,99.7
"people just grow",3,549040,99.7
"people know facebook",3,549043,99.7
"people making difference",3,549046,99.7
"people need make",3,549049,99.7
"people talk things",3,549052,99.7
"people want test",3,549055,99.7
"people won get",3,549058,99.71
"periods walked females",3,549061,99.71
"person change world",3,549064,99.71
"person follow script",3,549067,99.71
"phone late night",3,549070,99.71
"phone wait get",3,549073,99.71
"photographer wedding silicon",3,549076,99.71
"pick best picture",3,549079,99.71
"pick makes sense",3,549082,99.71
"pizza today glass",3,549085,99.71
"place people like",3,549088,99.71
"place super bowl",3,549091,99.71
"plan today better",3,549094,99.71
"plan worst prepare",3,549097,99.71
"play game guess",3,549100,99.71
"play twice year",3,549103,99.71
"pleasure love lasts",3,549106,99.71
"pm comedy central",3,549109,99.71
"pm days week",3,549112,99.72
"pm eastern standard",3,549115,99.72
"pocket full life",3,549118,99.72
"point haven seen",3,549121,99.72
"poised creation believes",3,549124,99.72
"poor substitute good",3,549127,99.72
"position great opportunity",3,549130,99.72
"positive matter www",3,549133,99.72
"positive productive day",3,549136,99.72
"post good stuff",3,549139,99.72
"post tomorrow promise",3,549142,99.72
"pray easy lives",3,549145,99.72
"praying feel better",3,549148,99.72
"president obama new",3,549151,99.72
"pretty darn amazing",3,549154,99.72
"print contact today",3,549157,99.72
"probably sound like",3,549160,99.72
"probably wont worth",3,549163,99.72
"problems don get",3,549166,99.72
"productive today productive",3,549169,99.73
"products let know",3,549172,99.73
"protect social security",3,549175,99.73
"proud work doing",3,549178,99.73
"provide excellent service",3,549181,99.73
"ps like new",3,549184,99.73
"pushed problems led",3,549187,99.73
"put hands follow",3,549190,99.73
"puts life perspective",3,549193,99.73
"putting new album",3,549196,99.73
"quality life quality",3,549199,99.73
"quit job go",3,549202,99.73
"quite possibly funniest",3,549205,99.73
"rangers win don",3,549208,99.73
"rate code snow",3,549211,99.73
"rd place rd",3,549214,99.73
"reach goal must",3,549217,99.73
"reading math skills",3,549220,99.73
"reading short story",3,549223,99.74
"ready get today",3,549226,99.74
"ready getting ready",3,549229,99.74
"ready good times",3,549232,99.74
"ready kick season",3,549235,99.74
"ready ta go",3,549238,99.74
"real email address",3,549241,99.74
"real estate best",3,549244,99.74
"real life online",3,549247,99.74
"real money get",3,549250,99.74
"real training leadership",3,549253,99.74
"real work begins",3,549256,99.74
"really appreciate taking",3,549259,99.74
"really changing man",3,549262,99.74
"really cool hear",3,549265,99.74
"really hope time",3,549268,99.74
"really just gone",3,549271,99.74
"really just starting",3,549274,99.74
"really liking way",3,549277,99.75
"really love go",3,549280,99.75
"really love life",3,549283,99.75
"really made gold",3,549286,99.75
"really really cold",3,549289,99.75
"really smart guy",3,549292,99.75
"really think team",3,549295,99.75
"really wish love",3,549298,99.75
"reason need medicine",3,549301,99.75
"reason rock seem",3,549304,99.75
"reason stay wishing",3,549307,99.75
"red heart road",3,549310,99.75
"rehearsal tonight working",3,549313,99.75
"relaxing friday night",3,549316,99.75
"remember future comes",3,549319,99.75
"remember go vote",3,549322,99.75
"remember things legally",3,549325,99.75
"respect point view",3,549328,99.75
"rest jets nation",3,549331,99.75
"rest peace buddy",3,549334,99.76
"rich offer clue",3,549337,99.76
"richmond va area",3,549340,99.76
"right double parked",3,549343,99.76
"right scale values",3,549346,99.76
"right street john",3,549349,99.76
"right thing anything",3,549352,99.76
"right time let",3,549355,99.76
"rising th wa",3,549358,99.76
"road trip get",3,549361,99.76
"rolling rolling rolling",3,549364,99.76
"rough tough cream",3,549367,99.76
"round great day",3,549370,99.76
"sad day house",3,549373,99.76
"sad missed last",3,549376,99.76
"said alive moments",3,549379,99.76
"said make good",3,549382,99.76
"said seems like",3,549385,99.76
"sale thanks support",3,549388,99.77
"salvation shall lord",3,549391,99.77
"sample delicious cold",3,549394,99.77
"sat morning breakfast",3,549397,99.77
"saturday morning coffee",3,549400,99.77
"saturday wish luck",3,549403,99.77
"saved bell boy",3,549406,99.77
"saw grown man",3,549409,99.77
"saw just like",3,549412,99.77
"say blessings use",3,549415,99.77
"say just amazing",3,549418,99.77
"say oh wait",3,549421,99.77
"says college students",3,549424,99.77
"says service members",3,549427,99.77
"says want go",3,549430,99.77
"scale move scale",3,549433,99.77
"school school days",3,549436,99.77
"school tomorrow monday",3,549439,99.77
"screen last night",3,549442,99.78
"sd newest breweries",3,549445,99.78
"season best season",3,549448,99.78
"season let hope",3,549451,99.78
"seattle part try",3,549454,99.78
"seek discover best",3,549457,99.78
"seem obsessed pie",3,549460,99.78
"seen yr old",3,549463,99.78
"send bar tweets",3,549466,99.78
"send questions might",3,549469,99.78
"sending spam just",3,549472,99.78
"set alarm time",3,549475,99.78
"seven years younger",3,549478,99.78
"shall lord strength",3,549481,99.78
"sign weekly newsletter",3,549484,99.78
"simply thinking money",3,549487,99.78
"sincerely feel beauty",3,549490,99.78
"sing last night",3,549493,99.78
"singing old songs",3,549496,99.78
"sir good luck",3,549499,99.79
"sister looked like",3,549502,99.79
"sit smoke cigarettes",3,549505,99.79
"sitting watching movie",3,549508,99.79
"size christmas tree",3,549511,99.79
"sleep don want",3,549514,99.79
"sleep gonna try",3,549517,99.79
"sleep got get",3,549520,99.79
"slowly getting normal",3,549523,99.79
"smallest things life",3,549526,99.79
"smells like feet",3,549529,99.79
"smoke cigarettes watch",3,549532,99.79
"smoke little grass",3,549535,99.79
"snow storm day",3,549538,99.79
"social media center",3,549541,99.79
"social media come",3,549544,99.79
"social media interactions",3,549547,99.79
"social media needs",3,549550,99.79
"social media topic",3,549553,99.8
"social studies homework",3,549556,99.8
"somebody birthday tomorrow",3,549559,99.8
"someday might actually",3,549562,99.8
"song gotta say",3,549565,99.8
"songs used sing",3,549568,99.8
"sorry mean sound",3,549571,99.8
"sorry missed tweets",3,549574,99.8
"soul writing norman",3,549577,99.8
"sounded great last",3,549580,99.8
"sounds like angel",3,549583,99.8
"sounds like brand",3,549586,99.8
"sounds like brother",3,549589,99.8
"sounds like movie",3,549592,99.8
"sounds like neat",3,549595,99.8
"sounds like order",3,549598,99.8
"sounds like shes",3,549601,99.8
"spam might want",3,549604,99.8
"special people life",3,549607,99.8
"special pepper bar",3,549610,99.81
"special shout fellow",3,549613,99.81
"special shout followers",3,549616,99.81
"speedy recovery go",3,549619,99.81
"spend millions dollars",3,549622,99.81
"spend time last",3,549625,99.81
"spirit power love",3,549628,99.81
"sporting players help",3,549631,99.81
"sports fan doing",3,549634,99.81
"spot does get",3,549637,99.81
"spot looking forward",3,549640,99.81
"spring forward sunday",3,549643,99.81
"spurs going win",3,549646,99.81
"st basketball game",3,549649,99.81
"st day fun",3,549652,99.81
"st day pub",3,549655,99.81
"st major league",3,549658,99.81
"st patrick weekend",3,549661,99.81
"star wars reference",3,549664,99.82
"start clubs end",3,549667,99.82
"start going gym",3,549670,99.82
"start looking guys",3,549673,99.82
"start planning right",3,549676,99.82
"start right foot",3,549679,99.82
"start spring cleaning",3,549682,99.82
"starting road trip",3,549685,99.82
"starts week gonna",3,549688,99.82
"state high school",3,549691,99.82
"stay true myself",3,549694,99.82
"stayed couple years",3,549697,99.82
"steve jobs creative",3,549700,99.82
"sticks starbucks cinnamon",3,549703,99.82
"stop talking just",3,549706,99.82
"store ask year",3,549709,99.82
"strength life shall",3,549712,99.82
"struggle look lost",3,549715,99.82
"struggled last year",3,549718,99.83
"stuck head weeks",3,549721,99.83
"student center basement",3,549724,99.83
"students don care",3,549727,99.83
"success opens hope",3,549730,99.83
"success purpose benjamin",3,549733,99.83
"successful social media",3,549736,99.83
"summer come early",3,549739,99.83
"summer day sun",3,549742,99.83
"sunday morning breakfast",3,549745,99.83
"super excited announce",3,549748,99.83
"super hot today",3,549751,99.83
"sure get follow",3,549754,99.83
"surely alive living",3,549757,99.83
"sweat sweat sweat",3,549760,99.83
"sweet good time",3,549763,99.83
"sweet sweet freedom",3,549766,99.83
"table read new",3,549769,99.83
"take advantage awesome",3,549772,99.83
"take little piece",3,549775,99.84
"take minutes today",3,549778,99.84
"take money run",3,549781,99.84
"take time decide",3,549784,99.84
"taking walk beach",3,549787,99.84
"talk spend yrs",3,549790,99.84
"talk tonight really",3,549793,99.84
"talked like year",3,549796,99.84
"talking just means",3,549799,99.84
"tampa need know",3,549802,99.84
"taylor swift looks",3,549805,99.84
"taylor swift pretty",3,549808,99.84
"teacher changed life",3,549811,99.84
"teaching class tonight",3,549814,99.84
"team summit colorado",3,549817,99.84
"tell best friends",3,549820,99.84
"texas pick game",3,549823,99.84
"text make plans",3,549826,99.84
"th birthday new",3,549829,99.85
"th birthday twitter",3,549832,99.85
"th birthday world",3,549835,99.85
"th month anniversary",3,549838,99.85
"th pick nd",3,549841,99.85
"th place finish",3,549844,99.85
"th pm meet",3,549847,99.85
"th th free",3,549850,99.85
"th th wait",3,549853,99.85
"th tweet love",3,549856,99.85
"th wa travel",3,549859,99.85
"thank continuous support",3,549862,99.85
"thank get chance",3,549865,99.85
"thank goodness day",3,549868,99.85
"thank goodness ready",3,549871,99.85
"thank got new",3,549874,99.85
"thank prayers support",3,549877,99.85
"thank thank good",3,549880,99.85
"thanks attending great",3,549883,99.86
"thanks awesome last",3,549886,99.86
"thanks bob appreciate",3,549889,99.86
"thanks came happy",3,549892,99.86
"thanks david appreciate",3,549895,99.86
"thanks follow alan",3,549898,99.86
"thanks follow hard",3,549901,99.86
"thanks follow melissa",3,549904,99.86
"thanks follow pretty",3,549907,99.86
"thanks follow tips",3,549910,99.86
"thanks following ben",3,549913,99.86
"thanks following lets",3,549916,99.86
"thanks following sharing",3,549919,99.86
"thanks following use",3,549922,99.86
"thanks go pack",3,549925,99.86
"thanks just took",3,549928,99.86
"thanks latest followers",3,549931,99.86
"thanks letting tag",3,549934,99.86
"thanks lisa great",3,549937,99.86
"thanks man happy",3,549940,99.87
"thanks man thanks",3,549943,99.87
"thanks prompt response",3,549946,99.87
"thanks showing support",3,549949,99.87
"thanks tweet email",3,549952,99.87
"thanksgiving thankful life",3,549955,99.87
"thing regret life",3,549958,99.87
"thing tonight invited",3,549961,99.87
"things going normal",3,549964,99.87
"things happen best",3,549967,99.87
"things like get",3,549970,99.87
"things made fall",3,549973,99.87
"think gonna end",3,549976,99.87
"think got better",3,549979,99.87
"think guy like",3,549982,99.87
"think hard time",3,549985,99.87
"think know basketball",3,549988,99.87
"think like time",3,549991,99.87
"think might tonight",3,549994,99.88
"think need friends",3,549997,99.88
"think need realize",3,550000,99.88
"think ron paul",3,550003,99.88
"think straight right",3,550006,99.88
"thinking just thought",3,550009,99.88
"thinking like man",3,550012,99.88
"thursday spring break",3,550015,99.88
"ticket art giveaway",3,550018,99.88
"tickets austin concert",3,550021,99.88
"tickets given away",3,550024,99.88
"tickets tampa need",3,550027,99.88
"till guys come",3,550030,99.88
"time austin come",3,550033,99.88
"time coffee break",3,550036,99.88
"time doors open",3,550039,99.88
"time keep eye",3,550042,99.88
"time make trip",3,550045,99.88
"time miss know",3,550048,99.89
"time miss rest",3,550051,99.89
"time movie night",3,550054,99.89
"time sleepy time",3,550057,99.89
"time ur life",3,550060,99.89
"time walk away",3,550063,99.89
"time yeah buddy",3,550066,99.89
"time year birds",3,550069,99.89
"tip ask questions",3,550072,99.89
"tip don just",3,550075,99.89
"tips let know",3,550078,99.89
"tired glad tomorrow",3,550081,99.89
"toast sticks starbucks",3,550084,99.89
"today day celebrate",3,550087,99.89
"today day love",3,550090,99.89
"today day made",3,550093,99.89
"today glass pizza",3,550096,99.89
"today great start",3,550099,99.89
"today home office",3,550102,99.89
"today love beautiful",3,550105,99.9
"today middle school",3,550108,99.9
"today music history",3,550111,99.9
"today peanut butter",3,550114,99.9
"today pm room",3,550117,99.9
"today pm talking",3,550120,99.9
"today pm university",3,550123,99.9
"today probably good",3,550126,99.9
"today productive today",3,550129,99.9
"today sad face",3,550132,99.9
"today st annual",3,550135,99.9
"today thanks stopping",3,550138,99.9
"today tomorrow sunday",3,550141,99.9
"told follow did",3,550144,99.9
"told love don",3,550147,99.9
"told mom just",3,550150,99.9
"tomorrow getting closer",3,550153,99.9
"tonight bottom hill",3,550156,99.9
"tonight great performance",3,550159,99.91
"tonight pa silent",3,550162,99.91
"tonight penn ave",3,550165,99.91
"tonight water st",3,550168,99.91
"tony parker gets",3,550171,99.91
"took forever figure",3,550174,99.91
"took traveled made",3,550177,99.91
"tornado warning county",3,550180,99.91
"tour going great",3,550183,99.91
"trade mission brazil",3,550186,99.91
"training leadership leadership",3,550189,99.91
"training weight lifting",3,550192,99.91
"travel tourism week",3,550195,99.91
"tree eyes children",3,550198,99.91
"trending worldwide twitter",3,550201,99.91
"trip home xmas",3,550204,99.91
"trip july th",3,550207,99.91
"true life addicted",3,550210,99.91
"truly important life",3,550213,99.92
"truth hurts people",3,550216,99.92
"try get better",3,550219,99.92
"try get good",3,550222,99.92
"try get jealous",3,550225,99.92
"try new cocktails",3,550228,99.92
"trying learn play",3,550231,99.92
"trying stay warm",3,550234,99.92
"turn anyone away",3,550237,99.92
"tv airing month",3,550240,99.92
"tv stay tuned",3,550243,99.92
"tweet hope like",3,550246,99.92
"tweet people don",3,550249,99.92
"tweet saying bad",3,550252,99.92
"tweet telling people",3,550255,99.92
"tweet try trend",3,550258,99.92
"tweet tweet time",3,550261,99.92
"tweet tweet try",3,550264,99.92
"tweet ur questions",3,550267,99.92
"twitter account thank",3,550270,99.93
"twitter customer service",3,550273,99.93
"twitter facebook feeds",3,550276,99.93
"twitter followers like",3,550279,99.93
"twitter just don",3,550282,99.93
"uh oh bad",3,550285,99.93
"understanding truth beauty",3,550288,99.93
"united states europe",3,550291,99.93
"upcoming spring season",3,550294,99.93
"updated web site",3,550297,99.93
"ur cool ur",3,550300,99.93
"ur right just",3,550303,99.93
"urban meyer ohio",3,550306,99.93
"use coupon checkout",3,550309,99.93
"using gift card",3,550312,99.93
"valentine day treat",3,550315,99.93
"video good looking",3,550318,99.93
"videos share friends",3,550321,99.93
"vision drive completion",3,550324,99.94
"vision vision own",3,550327,99.94
"visit new york",3,550330,99.94
"visit www details",3,550333,99.94
"waist high poor",3,550336,99.94
"wait hit studio",3,550339,99.94
"wait new iphone",3,550342,99.94
"wait new phone",3,550345,99.94
"wait people think",3,550348,99.94
"wait time like",3,550351,99.94
"waiting dentist office",3,550354,99.94
"wake way late",3,550357,99.94
"walk away hungry",3,550360,99.94
"wanna feel cause",3,550363,99.94
"wanna live beach",3,550366,99.94
"wanna look good",3,550369,99.94
"wanna wake early",3,550372,99.94
"want come reply",3,550375,99.94
"want follow ask",3,550378,99.94
"want make new",3,550381,99.95
"want make own",3,550384,99.95
"want make plans",3,550387,99.95
"want play music",3,550390,99.95
"want say welcome",3,550393,99.95
"want wish safe",3,550396,99.95
"wants go swimming",3,550399,99.95
"war fought world",3,550402,99.95
"warm comfort food",3,550405,99.95
"washington redskins nd",3,550408,99.95
"waste opportunity tell",3,550411,99.95
"wasted entire day",3,550414,99.95
"watch fox tomorrow",3,550417,99.95
"watch game change",3,550420,99.95
"watch haven seen",3,550423,99.95
"watch love movie",3,550426,99.95
"watching friends benefits",3,550429,99.95
"watching jennifer body",3,550432,99.95
"watching just like",3,550435,99.96
"watching tyler perry",3,550438,99.96
"way get day",3,550441,99.96
"way hard way",3,550444,99.96
"way man knows",3,550447,99.96
"way tell story",3,550450,99.96
"way work school",3,550453,99.96
"way world ends",3,550456,99.96
"weather fog mist",3,550459,99.96
"weather iced coffee",3,550462,99.96
"weather just right",3,550465,99.96
"web site getting",3,550468,99.96
"website automatically plays",3,550471,99.96
"week left enter",3,550474,99.96
"week starts friday",3,550477,99.96
"weekend got plans",3,550480,99.96
"weekend happy day",3,550483,99.96
"weekend spend time",3,550486,99.96
"weight loss advice",3,550489,99.97
"weird just like",3,550492,99.97
"weird let get",3,550495,99.97
"weird like smell",3,550498,99.97
"welcome thanks mention",3,550501,99.97
"welcome twitter little",3,550504,99.97
"went job interview",3,550507,99.97
"west coast good",3,550510,99.97
"white cotton gloves",3,550513,99.97
"win free fit",3,550516,99.97
"win vip reception",3,550519,99.97
"winner check info",3,550522,99.97
"winning football games",3,550525,99.97
"wise own eyes",3,550528,99.97
"wish meh luck",3,550531,99.97
"wish take day",3,550534,99.97
"won ticket art",3,550537,99.97
"wonderful birthday love",3,550540,99.97
"wont wanna miss",3,550543,99.97
"wont worth try",3,550546,99.98
"words cut deep",3,550549,99.98
"words hurt words",3,550552,99.98
"work dedication hard",3,550555,99.98
"work luck seem",3,550558,99.98
"work real hard",3,550561,99.98
"work real work",3,550564,99.98
"work tomorrow get",3,550567,99.98
"work try best",3,550570,99.98
"work week just",3,550573,99.98
"work week let",3,550576,99.98
"work week think",3,550579,99.98
"working don think",3,550582,99.98
"working fine thanks",3,550585,99.98
"working mr years",3,550588,99.98
"working new flavors",3,550591,99.98
"working reference desk",3,550594,99.98
"world does mean",3,550597,99.98
"world missing persons",3,550600,99.99
"world premiere new",3,550603,99.99
"world war fought",3,550606,99.99
"world war iv",3,550609,99.99
"worst prepare surprised",3,550612,99.99
"worth struggle look",3,550615,99.99
"wow just thinking",3,550618,99.99
"writing article best",3,550621,99.99
"writing grant proposal",3,550624,99.99
"writing years ago",3,550627,99.99
"www com able",3,550630,99.99
"www com holiday",3,550633,99.99
"www com ship",3,550636,99.99
"www com sports",3,550639,99.99
"www com toys",3,550642,99.99
"www tv use",3,550645,99.99
"yeah know thank",3,550648,99.99
"yeah looks good",3,550651,99.99
"years ask love",3,550654,100
"years worth wait",3,550657,100
"yes best day",3,550660,100
"yes did say",3,550663,100
"yes know late",3,550666,100
"yes second time",3,550669,100
"yesterday said miss",3,550672,100
"yo just said",3,550675,100
"yoga times week",3,550678,100
"york city check",3,550681,100
