"","value","count","cumsum","pct"
"1","the",4773171,4773171,5.49
"2","to",2764682,7537853,8.66
"3","and",2423144,9960997,11.45
"4","a",2415952,12376949,14.23
"5","i",2021070,14398019,16.55
"6","of",2011117,16409136,18.86
"7","in",1658671,18067807,20.77
"8","it",1155648,19223455,22.1
"9","that",1127111,20350566,23.39
"10","for",1103340,21453906,24.66
"11","s",1098903,22552809,25.92
"12","is",1075969,23628778,27.16
"13","you",1043624,24672402,28.36
"14","on",824774,25497176,29.31
"15","with",715117,26212293,30.13
"16","was",624790,26837083,30.85
"17","my",605243,27442326,31.54
"18","at",573341,28015667,32.2
"19","be",550019,28565686,32.83
"20","this",545684,29111370,33.46
"21","t",541140,29652510,34.08
"22","have",531133,30183643,34.69
"23","we",498390,30682033,35.27
"24","are",491551,31173584,35.83
"25","but",485912,31659496,36.39
"26","he",485644,32145140,36.95
"27","as",482527,32627667,37.5
"28","not",412221,33039888,37.98
"29","so",386797,33426685,38.42
"30","from",384697,33811382,38.86
"31","me",371386,34182768,39.29
"32","they",363463,34546231,39.71
"33","all",346380,34892611,40.1
"34","can",325461,35218072,40.48
"35","by",316479,35534551,40.84
"36","will",315970,35850521,41.21
"37","or",314369,36164890,41.57
"38","just",305392,36470282,41.92
"39","said",305300,36775582,42.27
"40","what",305046,37080628,42.62
"41","up",304205,37384833,42.97
"42","your",303035,37687868,43.32
"43","out",302139,37990007,43.67
"44","one",302138,38292145,44.01
"45","his",301903,38594048,44.36
"46","an",299378,38893426,44.7
"47","about",296389,39189815,45.04
"48","if",280350,39470165,45.37
"49","like",273842,39744007,45.68
"50","m",272648,40016655,45.99
"51","when",265834,40282489,46.3
"52","who",261060,40543549,46.6
"53","there",249232,40792781,46.89
"54","more",244347,41037128,47.17
"55","do",243534,41280662,47.45
"56","had",232501,41513163,47.71
"57","get",227669,41740832,47.98
"58","time",225158,41965990,48.23
"59","she",220741,42186731,48.49
"60","her",209360,42396091,48.73
"61","would",207327,42603418,48.97
"62","their",204759,42808177,49.2
"63","no",203808,43011985,49.44
"64","some",202388,43214373,49.67
"65","new",195504,43409877,49.89
"66","been",188125,43598002,50.11
"67","our",186268,43784270,50.32
"68","now",181272,43965542,50.53
"69","good",180928,44146470,50.74
"70","how",179613,44326083,50.95
"71","day",178453,44504536,51.15
"72","were",178036,44682572,51.36
"73","don",166799,44849371,51.55
"74","know",164264,45013635,51.74
"75","people",162797,45176432,51.92
"76","love",162110,45338542,52.11
"77","them",162029,45500571,52.3
"78","year",147846,45648417,52.47
"79","re",145400,45793817,52.63
"80","back",145394,45939211,52.8
"81","which",144574,46083785,52.97
"82","go",142593,46226378,53.13
"83","than",141255,46367633,53.29
"84","first",141232,46508865,53.46
"85","see",139652,46648517,53.62
"86","after",133947,46782464,53.77
"87","into",133124,46915588,53.92
"88","make",131581,47047169,54.08
"89","also",130525,47177694,54.23
"90","its",128593,47306287,54.37
"91","other",128017,47434304,54.52
"92","only",127859,47562163,54.67
"93","over",127759,47689922,54.81
"94","going",127084,47817006,54.96
"95","think",126642,47943648,55.11
"96","last",125731,48069379,55.25
"97","then",125289,48194668,55.39
"98","great",124755,48319423,55.54
"99","two",123603,48443026,55.68
"100","him",121191,48564217,55.82
"101","much",120984,48685201,55.96
"102","because",120387,48805588,56.1
"103","us",119826,48925414,56.23
"104","today",119364,49044778,56.37
"105","well",116699,49161477,56.51
"106","too",116270,49277747,56.64
"107","really",114611,49392358,56.77
"108","way",113388,49505746,56.9
"109","could",112941,49618687,57.03
"110","u",111828,49730515,57.16
"111","here",109335,49839850,57.28
"112","even",108733,49948583,57.41
"113","got",108601,50057184,57.53
"114","want",107631,50164815,57.66
"115","work",106985,50271800,57.78
"116","am",105558,50377358,57.9
"117","right",104861,50482219,58.02
"118","did",104703,50586922,58.14
"119","off",103438,50690360,58.26
"120","still",103042,50793402,58.38
"121","d",101527,50894929,58.5
"122","where",99848,50994777,58.61
"123","thanks",99070,51093847,58.73
"124","need",97954,51191801,58.84
"125","very",94748,51286549,58.95
"126","most",93794,51380343,59.06
"127","life",93332,51473675,59.16
"128","any",93286,51566961,59.27
"129","down",91173,51658134,59.37
"130","before",89732,51747866,59.48
"131","many",89261,51837127,59.58
"132","those",88848,51925975,59.68
"133","should",87120,52013095,59.78
"134","say",87038,52100133,59.88
"135","take",86426,52186559,59.98
"136","being",85683,52272242,60.08
"137","made",84975,52357217,60.18
"138","these",84148,52441365,60.28
"139","come",84044,52525409,60.37
"140","home",83630,52609039,60.47
"141","little",83360,52692399,60.56
"142","never",82245,52774644,60.66
"143","week",81291,52855935,60.75
"144","best",80584,52936519,60.84
"145","may",80329,53016848,60.94
"146","night",79875,53096723,61.03
"147","while",78330,53175053,61.12
"148","through",77900,53252953,61.21
"149","next",77372,53330325,61.3
"150","why",77163,53407488,61.39
"151","school",76670,53484158,61.47
"152","game",75501,53559659,61.56
"153","state",74595,53634254,61.65
"154","something",72283,53706537,61.73
"155","let",70934,53777471,61.81
"156","world",70231,53847702,61.89
"157","long",69458,53917160,61.97
"158","always",68180,53985340,62.05
"159","happy",67433,54052773,62.13
"160","around",67339,54120112,62.2
"161","better",67291,54187403,62.28
"162","another",67124,54254527,62.36
"163","every",65938,54320465,62.43
"164","show",65680,54386145,62.51
"165","old",65383,54451528,62.59
"166","look",64763,54516291,62.66
"167","city",64542,54580833,62.73
"168","man",64329,54645162,62.81
"169","big",64141,54709303,62.88
"170","three",63641,54772944,62.95
"171","same",60590,54833534,63.02
"172","again",60454,54893988,63.09
"173","since",59515,54953503,63.16
"174","few",59315,55012818,63.23
"175","feel",58504,55071322,63.3
"176","follow",57424,55128746,63.36
"177","such",57158,55185904,63.43
"178","help",57105,55243009,63.5
"179","hope",56954,55299963,63.56
"180","sure",56749,55356712,63.63
"181","thing",56522,55413234,63.69
"182","use",55603,55468837,63.75
"183","find",55226,55524063,63.82
"184","team",54734,55578797,63.88
"185","own",54348,55633145,63.94
"186","ever",54093,55687238,64.01
"187","days",53851,55741089,64.07
"188","getting",53836,55794925,64.13
"189","lot",53764,55848689,64.19
"190","tonight",53510,55902199,64.25
"191","high",53306,55955505,64.31
"192","family",53280,56008785,64.38
"193","house",53054,56061839,64.44
"194","keep",52965,56114804,64.5
"195","does",52379,56167183,64.56
"196","place",52168,56219351,64.62
"197","both",51993,56271344,64.68
"198","part",51421,56322765,64.74
"199","put",50609,56373374,64.79
"200","each",50399,56423773,64.85
"201","looking",50376,56474149,64.91
"202","until",50243,56524392,64.97
"203","give",49747,56574139,65.03
"204","end",49596,56623735,65.08
"205","play",49375,56673110,65.14
"206","thank",49368,56722478,65.2
"207","though",49151,56771629,65.25
"208","free",48997,56820626,65.31
"209","doing",48228,56868854,65.36
"210","everyone",47444,56916298,65.42
"211","book",47379,56963677,65.47
"212","away",47251,57010928,65.53
"213","th",47143,57058071,65.58
"214","p",46960,57105031,65.64
"215","season",46934,57151965,65.69
"216","morning",46752,57198717,65.74
"217","might",46419,57245136,65.8
"218","oh",46276,57291412,65.85
"219","start",45849,57337261,65.9
"220","used",45594,57382855,65.95
"221","left",44866,57427721,66.01
"222","thought",44815,57472536,66.06
"223","yes",44802,57517338,66.11
"224","during",44350,57561688,66.16
"225","done",44034,57605722,66.21
"226","someone",43757,57649479,66.26
"227","went",43494,57692973,66.31
"228","st",43156,57736129,66.36
"229","fun",42986,57779115,66.41
"230","without",42803,57821918,66.46
"231","found",42643,57864561,66.51
"232","call",42606,57907167,66.56
"233","please",42352,57949519,66.61
"234","money",42316,57991835,66.65
"235","hard",41800,58033635,66.7
"236","second",41442,58075077,66.75
"237","tell",41407,58116484,66.8
"238","live",41092,58157576,66.85
"239","won",40881,58198457,66.89
"240","enough",40854,58239311,66.94
"241","against",40847,58280158,66.99
"242","bad",40723,58320881,67.03
"243","making",40716,58361597,67.08
"244","told",40701,58402298,67.13
"245","times",40694,58442992,67.17
"246","real",40278,58483270,67.22
"247","yet",40008,58523278,67.27
"248","between",39868,58563146,67.31
"249","came",39771,58602917,67.36
"250","music",39371,58642288,67.4
"251","run",39364,58681652,67.45
"252","million",39266,58720918,67.49
"253","pretty",39204,58760122,67.54
"254","already",39094,58799216,67.58
"255","working",38907,58838123,67.63
"256","top",38599,58876722,67.67
"257","point",38546,58915268,67.72
"258","set",38363,58953631,67.76
"259","wait",38233,58991864,67.8
"260","food",38144,59030008,67.85
"261","read",37962,59067970,67.89
"262","try",37932,59105902,67.94
"263","must",37907,59143809,67.98
"264","job",37859,59181668,68.02
"265","percent",37850,59219518,68.07
"266","coming",37728,59257246,68.11
"267","once",37626,59294872,68.15
"268","four",37215,59332087,68.2
"269","nice",37006,59369093,68.24
"270","trying",36937,59406030,68.28
"271","story",36799,59442829,68.32
"272","public",36642,59479471,68.36
"273","took",36436,59515907,68.41
"274","weekend",36415,59552322,68.45
"275","under",36197,59588519,68.49
"276","county",36075,59624594,68.53
"277","everything",35481,59660075,68.57
"278","tomorrow",35476,59695551,68.61
"279","actually",35442,59730993,68.65
"280","stop",35369,59766362,68.69
"281","twitter",35259,59801621,68.73
"282","police",35155,59836776,68.78
"283","business",35043,59871819,68.82
"284","far",35016,59906835,68.86
"285","different",34850,59941685,68.9
"286","soon",34809,59976494,68.94
"287","open",34734,60011228,68.98
"288","nothing",34623,60045851,69.02
"289","least",34590,60080441,69.06
"290","person",34562,60115003,69.1
"291","post",34553,60149556,69.13
"292","win",34546,60184102,69.17
"293","head",34367,60218469,69.21
"294","anything",34242,60252711,69.25
"295","company",34136,60286847,69.29
"296","maybe",34003,60320850,69.33
"297","room",33724,60354574,69.37
"298","name",33629,60388203,69.41
"299","check",33215,60421418,69.45
"300","bit",33008,60454426,69.49
"301","together",32896,60487322,69.52
"302","later",32784,60520106,69.56
"303","early",32729,60552835,69.6
"304","white",32397,60585232,69.64
"305","party",32256,60617488,69.67
"306","believe",32164,60649652,69.71
"307","full",32128,60681780,69.75
"308","month",31989,60713769,69.78
"309","change",31918,60745687,69.82
"310","anyone",31901,60777588,69.86
"311","girl",31814,60809402,69.89
"312","ago",31785,60841187,69.93
"313","small",31736,60872923,69.97
"314","w",31505,60904428,70
"315","talk",31465,60935893,70.04
"316","past",31444,60967337,70.07
"317","course",31423,60998760,70.11
"318","care",31366,61030126,70.15
"319","group",31260,61061386,70.18
"320","kind",31233,61092619,70.22
"321","friend",31048,61123667,70.25
"322","less",30905,61154572,70.29
"323","half",30630,61185202,70.33
"324","hey",30546,61215748,70.36
"325","water",30533,61246281,70.4
"326","ready",30398,61276679,70.43
"327","o",30381,61307060,70.47
"328","awesome",30376,61337436,70.5
"329","five",30073,61367509,70.53
"330","center",30037,61397546,70.57
"331","hit",29930,61427476,70.6
"332","myself",29833,61457309,70.64
"333","saw",29720,61487029,70.67
"334","news",29641,61516670,70.71
"335","case",29393,61546063,70.74
"336","able",29281,61575344,70.77
"337","almost",29082,61604426,70.81
"338","watch",29074,61633500,70.84
"339","amazing",28984,61662484,70.87
"340","president",28920,61691404,70.91
"341","side",28777,61720181,70.94
"342","support",28685,61748866,70.97
"343","line",28584,61777450,71.01
"344","watching",28537,61805987,71.04
"345","class",28520,61834507,71.07
"346","probably",28004,61862511,71.1
"347","office",27920,61890431,71.14
"348","miss",27850,61918281,71.17
"349","law",27788,61946069,71.2
"350","heart",27627,61973696,71.23
"351","mind",27623,62001319,71.26
"352","seen",27484,62028803,71.29
"353","young",27386,62056189,71.33
"354","along",27333,62083522,71.36
"355","car",27333,62110855,71.39
"356","true",27310,62138165,71.42
"357","idea",27247,62165412,71.45
"358","face",27210,62192622,71.48
"359","hear",27095,62219717,71.51
"360","yeah",27014,62246731,71.55
"361","forward",26956,62273687,71.58
"362","mean",26815,62300502,71.61
"363","whole",26749,62327251,71.64
"364","country",26698,62353949,71.67
"365","cool",26694,62380643,71.7
"366","else",26618,62407261,71.73
"367","remember",26489,62433750,71.76
"368","favorite",26295,62460045,71.79
"369","taking",26283,62486328,71.82
"370","local",26112,62512440,71.85
"371","government",26092,62538532,71.88
"372","wish",25960,62564492,71.91
"373","guy",25917,62590409,71.94
"374","summer",25892,62616301,71.97
"375","beautiful",25840,62642141,72
"376","often",25829,62667970,72.03
"377","plan",25754,62693724,72.06
"378","b",25724,62719448,72.09
"379","area",25696,62745144,72.12
"380","late",25652,62770796,72.15
"381","fact",25568,62796364,72.18
"382","several",25533,62821897,72.21
"383","comes",25530,62847427,72.24
"384","number",25518,62872945,72.26
"385","following",25470,62898415,72.29
"386","lost",25411,62923826,72.32
"387","stay",25382,62949208,72.35
"388","however",25381,62974589,72.38
"389","mother",25372,62999961,72.41
"390","movie",25213,63025174,72.44
"391","national",25160,63050334,72.47
"392","finally",25103,63075437,72.5
"393","health",25037,63100474,72.53
"394","become",24932,63125406,72.56
"395","pay",24900,63150306,72.58
"396","according",24705,63175011,72.61
"397","men",24431,63199442,72.64
"398","power",24290,63223732,72.67
"399","community",24263,63247995,72.7
"400","red",24134,63272129,72.72
"401","c",24074,63296203,72.75
"402","needs",24028,63320231,72.78
"403","bring",24020,63344251,72.81
"404","hate",23913,63368164,72.83
"405","sometimes",23859,63392023,72.86
"406","baby",23629,63415652,72.89
"407","street",23616,63439268,72.92
"408","hand",23567,63462835,72.94
"409","move",23538,63486373,72.97
"410","n",23536,63509909,73
"411","word",23512,63533421,73.02
"412","couple",23494,63556915,73.05
"413","close",23490,63580405,73.08
"414","park",23478,63603883,73.11
"415","court",23371,63627254,73.13
"416","phone",23359,63650613,73.16
"417","thinking",23246,63673859,73.19
"418","excited",23185,63697044,73.21
"419","add",23168,63720212,73.24
"420","cut",23136,63743348,73.27
"421","birthday",23090,63766438,73.29
"422","special",23074,63789512,73.32
"423","based",22942,63812454,73.34
"424","instead",22905,63835359,73.37
"425","ask",22894,63858253,73.4
"426","saying",22859,63881112,73.42
"427","leave",22751,63903863,73.45
"428","list",22740,63926603,73.48
"429","service",22729,63949332,73.5
"430","important",22693,63972025,73.53
"431","series",22674,63994699,73.55
"432","program",22637,64017336,73.58
"433","road",22559,64039895,73.61
"434","stuff",22368,64062263,73.63
"435","e",22281,64084544,73.66
"436","former",22251,64106795,73.68
"437","running",22199,64128994,73.71
"438","song",22155,64151149,73.73
"439","share",22150,64173299,73.76
"440","hot",22091,64195390,73.78
"441","college",22042,64217432,73.81
"442","outside",22012,64239444,73.84
"443","buy",22001,64261445,73.86
"444","meet",21878,64283323,73.89
"445","behind",21875,64305198,73.91
"446","board",21815,64327013,73.94
"447","woman",21709,64348722,73.96
"448","project",21697,64370419,73.99
"449","quite",21655,64392074,74.01
"450","problem",21627,64413701,74.04
"451","event",21603,64435304,74.06
"452","talking",21539,64456843,74.09
"453","light",21443,64478286,74.11
"454","third",21418,64499704,74.13
"455","reading",21415,64521119,74.16
"456","whether",21334,64542453,74.18
"457","university",21326,64563779,74.21
"458","either",21297,64585076,74.23
"459","experience",21294,64606370,74.26
"460","deal",21270,64627640,74.28
"461","film",21262,64648902,74.31
"462","york",21244,64670146,74.33
"463","enjoy",21176,64691322,74.35
"464","writing",21151,64712473,74.38
"465","hour",21143,64733616,74.4
"466","turn",21113,64754729,74.43
"467","future",21068,64775797,74.45
"468","tweet",21066,64796863,74.48
"469","system",21049,64817912,74.5
"470","social",21009,64838921,74.52
"471","wrong",20978,64859899,74.55
"472","six",20958,64880857,74.57
"473","information",20941,64901798,74.6
"474","knew",20811,64922609,74.62
"475","question",20738,64943347,74.64
"476","video",20634,64963981,74.67
"477","history",20624,64984605,74.69
"478","child",20572,65005177,74.72
"479","art",20410,65025587,74.74
"480","order",20364,65045951,74.76
"481","perfect",20359,65066310,74.79
"482","r",20359,65086669,74.81
"483","easy",20354,65107023,74.83
"484","feeling",20328,65127351,74.86
"485","reason",20324,65147675,74.88
"486","sorry",20319,65167994,74.9
"487","short",20246,65188240,74.93
"488","beer",20165,65208405,74.95
"489","front",20162,65228567,74.97
"490","rather",20162,65248729,75
"491","sleep",20131,65268860,75.02
"492","body",20100,65288960,75.04
"493","goes",19955,65308915,75.06
"494","market",19947,65328862,75.09
"495","haven",19859,65348721,75.11
"496","rest",19707,65368428,75.13
"497","given",19702,65388130,75.16
"498","moment",19683,65407813,75.18
"499","green",19607,65427420,75.2
"500","meeting",19593,65447013,75.22
"501","bill",19578,65466591,75.25
"502","gave",19492,65486083,75.27
"503","san",19446,65505529,75.29
"504","south",19439,65524968,75.31
"505","living",19412,65544380,75.34
"506","guess",19374,65563754,75.36
"507","across",19301,65583055,75.38
"508","large",19264,65602319,75.4
"509","chance",19256,65621575,75.42
"510","media",19250,65640825,75.45
"511","town",19231,65660056,75.47
"512","matter",19206,65679262,75.49
"513","especially",19089,65698351,75.51
"514","fall",19074,65717425,75.53
"515","sweet",19072,65736497,75.56
"516","building",18983,65755480,75.58
"517","eat",18949,65774429,75.6
"518","coach",18834,65793263,75.62
"519","felt",18729,65811992,75.64
"520","among",18707,65830699,75.66
"521","final",18694,65849393,75.69
"522","district",18478,65867871,75.71
"523","single",18430,65886301,75.73
"524","decided",18407,65904708,75.75
"525","pick",18334,65923042,75.77
"526","cause",18291,65941333,75.79
"527","store",18181,65959514,75.81
"528","known",18145,65977659,75.83
"529","taken",18138,65995797,75.85
"530","starting",18136,66013933,75.88
"531","spring",18088,66032021,75.9
"532","son",18082,66050103,75.92
"533","north",18035,66068138,75.94
"534","walk",18032,66086170,75.96
"535","march",18011,66104181,75.98
"536","lead",17949,66122130,76
"537","welcome",17939,66140069,76.02
"538","glad",17905,66157974,76.04
"539","break",17793,66175767,76.06
"540","department",17787,66193554,76.08
"541","available",17707,66211261,76.1
"542","self",17694,66228955,76.12
"543","learn",17690,66246645,76.14
"544","director",17602,66264247,76.16
"545","shot",17565,66281812,76.18
"546","tax",17564,66299376,76.2
"547","write",17558,66316934,76.22
"548","although",17473,66334407,76.24
"549","visit",17460,66351867,76.26
"550","yourself",17432,66369299,76.28
"551","boy",17402,66386701,76.3
"552","rock",17395,66404096,76.32
"553","report",17393,66421489,76.34
"554","federal",17384,66438873,76.36
"555","west",17378,66456251,76.38
"556","within",17342,66473593,76.4
"557","crazy",17327,66490920,76.42
"558","gone",17327,66508247,76.44
"559","added",17298,66525545,76.46
"560","possible",17266,66542811,76.48
"561","dinner",17201,66560012,76.5
"562","drive",17169,66577181,76.52
"563","field",17099,66594280,76.54
"564","tried",17075,66611355,76.56
"565","happen",17068,66628423,76.58
"566","bed",17058,66645481,76.6
"567","card",17047,66662528,76.62
"568","understand",17002,66679530,76.64
"569","hair",16937,66696467,76.66
"570","inside",16911,66713378,76.68
"571","record",16894,66730272,76.7
"572","works",16818,66747090,76.72
"573","paper",16761,66763851,76.74
"574","site",16704,66780555,76.76
"575","level",16662,66797217,76.78
"576","sense",16633,66813850,76.79
"577","process",16621,66830471,76.81
"578","major",16612,66847083,76.83
"579","ya",16595,66863678,76.85
"580","turned",16566,66880244,76.87
"581","round",16536,66896780,76.89
"582","super",16524,66913304,76.91
"583","seeing",16498,66929802,76.93
"584","space",16480,66946282,76.95
"585","general",16415,66962697,76.97
"586","wife",16379,66979076,76.98
"587","issue",16371,66995447,77
"588","wow",16360,67011807,77.02
"589","strong",16264,67028071,77.04
"590","father",16258,67044329,77.06
"591","air",16238,67060567,77.08
"592","low",16205,67076772,77.1
"593","yesterday",16204,67092976,77.12
"594","spent",16192,67109168,77.13
"595","interesting",16187,67125355,77.15
"596","funny",16156,67141511,77.17
"597","per",16141,67157652,77.19
"598","worth",16047,67173699,77.21
"599","age",15980,67189679,77.23
"600","star",15921,67205600,77.24
"601","wonderful",15907,67221507,77.26
"602","send",15772,67237279,77.28
"603","cost",15764,67253043,77.3
"604","trip",15758,67268801,77.32
"605","worked",15729,67284530,77.34
"606","middle",15626,67300156,77.35
"607","waiting",15618,67315774,77.37
"608","definitely",15613,67331387,77.39
"609","club",15605,67346992,77.41
"610","page",15534,67362526,77.43
"611","control",15475,67378001,77.44
"612","huge",15445,67393446,77.46
"613","picture",15403,67408849,77.48
"614","giving",15360,67424209,77.5
"615","human",15208,67439417,77.51
"616","brown",15201,67454618,77.53
"617","conference",15186,67469804,77.55
"618","clear",15174,67484978,77.57
"619","war",15158,67500136,77.58
"620","energy",15153,67515289,77.6
"621","fan",15141,67530430,77.62
"622","hold",15121,67545551,77.64
"623","nearly",15113,67560664,77.65
"624","blue",15102,67575766,77.67
"625","lots",15036,67590802,77.69
"626","ur",15025,67605827,77.7
"627","longer",14992,67620819,77.72
"628","political",14989,67635808,77.74
"629","recent",14900,67650708,77.76
"630","education",14889,67665597,77.77
"631","himself",14872,67680469,77.79
"632","create",14832,67695301,77.81
"633","recently",14826,67710127,77.82
"634","race",14772,67724899,77.84
"635","fine",14759,67739658,77.86
"636","finished",14681,67754339,77.88
"637","dog",14674,67769013,77.89
"638","likely",14669,67783682,77.91
"639","door",14643,67798325,77.93
"640","jersey",14638,67812963,77.94
"641","bar",14631,67827594,77.96
"642","x",14603,67842197,77.98
"643","band",14584,67856781,77.99
"644","weather",14578,67871359,78.01
"645","act",14494,67885853,78.03
"646","ball",14488,67900341,78.04
"647","goal",14456,67914797,78.06
"648","personal",14444,67929241,78.08
"649","continue",14435,67943676,78.09
"650","wine",14388,67958064,78.11
"651","seem",14340,67972404,78.13
"652","k",14334,67986738,78.14
"653","challenge",14304,68001042,78.16
"654","lunch",14295,68015337,78.18
"655","style",14165,68029502,78.19
"656","stand",14150,68043652,78.21
"657","coffee",14146,68057798,78.22
"658","career",14115,68071913,78.24
"659","dont",14103,68086016,78.26
"660","player",14037,68100053,78.27
"661","g",14010,68114063,78.29
"662","sound",13947,68128010,78.31
"663","sent",13918,68141928,78.32
"664","cover",13915,68155843,78.34
"665","decision",13882,68169725,78.35
"666","above",13851,68183576,78.37
"667","return",13850,68197426,78.38
"668","met",13838,68211264,78.4
"669","sign",13825,68225089,78.42
"670","campaign",13824,68238913,78.43
"671","perhaps",13810,68252723,78.45
"672","ways",13746,68266469,78.46
"673","simply",13730,68280199,78.48
"674","step",13723,68293922,78.5
"675","include",13710,68307632,78.51
"676","cold",13651,68321283,78.53
"677","luck",13630,68334913,78.54
"678","league",13615,68348528,78.56
"679","price",13613,68362141,78.57
"680","husband",13609,68375750,78.59
"681","east",13576,68389326,78.61
"682","action",13519,68402845,78.62
"683","la",13512,68416357,78.64
"684","vote",13494,68429851,78.65
"685","join",13452,68443303,78.67
"686","usually",13447,68456750,78.68
"687","voice",13429,68470179,78.7
"688","answer",13380,68483559,78.71
"689","forget",13370,68496929,78.73
"690","moving",13357,68510286,78.74
"691","themselves",13295,68523581,78.76
"692","wonder",13242,68536823,78.77
"693","cannot",13240,68550063,78.79
"694","research",13210,68563273,78.81
"695","piece",13196,68576469,78.82
"696","june",13191,68589660,78.84
"697","heat",13164,68602824,78.85
"698","mark",13118,68615942,78.87
"699","pass",13102,68629044,78.88
"700","beat",13090,68642134,78.9
"701","success",13087,68655221,78.91
"702","offer",13086,68668307,78.93
"703","design",13056,68681363,78.94
"704","budget",13054,68694417,78.96
"705","daughter",13035,68707452,78.97
"706","sun",13034,68720486,78.99
"707","oil",13029,68733515,79
"708","simple",13014,68746529,79.02
"709","seven",12970,68759499,79.03
"710","fast",12940,68772439,79.05
"711","brought",12909,68785348,79.06
"712","due",12893,68798241,79.08
"713","spend",12893,68811134,79.09
"714","wrote",12855,68823989,79.11
"715","save",12845,68836834,79.12
"716","alone",12830,68849664,79.13
"717","billion",12809,68862473,79.15
"718","j",12802,68875275,79.16
"719","football",12789,68888064,79.18
"720","attention",12769,68900833,79.19
"721","united",12732,68913565,79.21
"722","current",12727,68926292,79.22
"723","seriously",12695,68938987,79.24
"724","y",12693,68951680,79.25
"725","sad",12648,68964328,79.27
"726","staff",12647,68976975,79.28
"727","drink",12644,68989619,79.3
"728","student",12638,69002257,79.31
"729","whose",12633,69014890,79.32
"730","whatever",12583,69027473,79.34
"731","non",12524,69039997,79.35
"732","training",12481,69052478,79.37
"733","date",12458,69064936,79.38
"734","received",12437,69077373,79.4
"735","brother",12427,69089800,79.41
"736","dark",12417,69102217,79.42
"737","exactly",12413,69114630,79.44
"738","key",12410,69127040,79.45
"739","plus",12250,69139290,79.47
"740","fresh",12212,69151502,79.48
"741","led",12206,69163708,79.5
"742","afternoon",12185,69175893,79.51
"743","entire",12159,69188052,79.52
"744","main",12139,69200191,79.54
"745","dream",12129,69212320,79.55
"746","example",12121,69224441,79.57
"747","term",12109,69236550,79.58
"748","form",12082,69248632,79.59
"749","mine",12073,69260705,79.61
"750","choice",12045,69272750,79.62
"751","cup",12031,69284781,79.63
"752","practice",12021,69296802,79.65
"753","council",12005,69308807,79.66
"754","busy",11998,69320805,79.68
"755","table",11998,69332803,79.69
"756","opening",11997,69344800,79.7
"757","dad",11984,69356784,79.72
"758","member",11954,69368738,79.73
"759","loss",11929,69380667,79.74
"760","bought",11911,69392578,79.76
"761","provide",11856,69404434,79.77
"762","sports",11816,69416250,79.79
"763","study",11785,69428035,79.8
"764","interest",11784,69439819,79.81
"765","opportunity",11768,69451587,79.83
"766","deep",11765,69463352,79.84
"767","medical",11747,69475099,79.85
"768","dance",11734,69486833,79.87
"769","totally",11729,69498562,79.88
"770","focus",11708,69510270,79.89
"771","extra",11690,69521960,79.91
"772","track",11673,69533633,79.92
"773","hi",11656,69545289,79.93
"774","view",11644,69556933,79.95
"775","hospital",11605,69568538,79.96
"776","learned",11586,69580124,79.97
"777","agree",11580,69591704,79.99
"778","cute",11542,69603246,80
"779","press",11528,69614774,80.01
"780","financial",11493,69626267,80.03
"781","character",11489,69637756,80.04
"782","minute",11489,69649245,80.05
"783","beach",11486,69660731,80.07
"784","hall",11486,69672217,80.08
"785","test",11471,69683688,80.09
"786","safe",11466,69695154,80.11
"787","industry",11445,69706599,80.12
"788","private",11445,69718044,80.13
"789","learning",11443,69729487,80.15
"790","sitting",11408,69740895,80.16
"791","difficult",11403,69752298,80.17
"792","text",11403,69763701,80.19
"793","despite",11397,69775098,80.2
"794","ha",11394,69786492,80.21
"795","bowl",11384,69797876,80.22
"796","note",11377,69809253,80.24
"797","eye",11353,69820606,80.25
"798","sister",11351,69831957,80.26
"799","ground",11347,69843304,80.28
"800","development",11335,69854639,80.29
"801","lose",11329,69865968,80.3
"802","restaurant",11323,69877291,80.32
"803","completely",11316,69888607,80.33
"804","double",11274,69899881,80.34
"805","judge",11255,69911136,80.35
"806","ice",11241,69922377,80.37
"807","wall",11239,69933616,80.38
"808","evening",11233,69944849,80.39
"809","higher",11221,69956070,80.41
"810","certain",11206,69967276,80.42
"811","quickly",11183,69978459,80.43
"812","role",11172,69989631,80.44
"813","type",11164,70000795,80.46
"814","chief",11160,70011955,80.47
"815","winning",11158,70023113,80.48
"816","listen",11145,70034258,80.5
"817","written",11113,70045371,80.51
"818","position",11100,70056471,80.52
"819","rain",11095,70067566,80.53
"820","de",11065,70078631,80.55
"821","release",11064,70089695,80.56
"822","truth",11059,70100754,80.57
"823","security",11058,70111812,80.59
"824","listening",11057,70122869,80.6
"825","tour",11054,70133923,80.61
"826","bank",11048,70144971,80.62
"827","straight",11048,70156019,80.64
"828","chicken",11032,70167051,80.65
"829","message",11017,70178068,80.66
"830","complete",10999,70189067,80.67
"831","serious",10989,70200056,80.69
"832","involved",10987,70211043,80.7
"833","itself",10976,70222019,80.71
"834","eating",10966,70232985,80.72
"835","performance",10957,70243942,80.74
"836","force",10941,70254883,80.75
"837","finish",10916,70265799,80.76
"838","floor",10912,70276711,80.77
"839","international",10902,70287613,80.79
"840","stage",10893,70298506,80.8
"841","tired",10893,70309399,80.81
"842","comment",10854,70320253,80.82
"843","photo",10849,70331102,80.84
"844","eight",10841,70341943,80.85
"845","ahead",10830,70352773,80.86
"846","daily",10806,70363579,80.87
"847","upon",10799,70374378,80.89
"848","sit",10756,70385134,80.9
"849","kept",10748,70395882,80.91
"850","defense",10742,70406624,80.92
"851","expect",10685,70417309,80.94
"852","figure",10684,70427993,80.95
"853","wear",10672,70438665,80.96
"854","average",10641,70449306,80.97
"855","data",10633,70459939,80.99
"856","l",10629,70470568,81
"857","chocolate",10625,70481193,81.01
"858","gift",10622,70491815,81.02
"859","interested",10617,70502432,81.03
"860","land",10617,70513049,81.05
"861","account",10609,70523658,81.06
"862","quarter",10592,70534250,81.07
"863","quality",10585,70544835,81.08
"864","born",10584,70555419,81.1
"865","speak",10584,70566003,81.11
"866","nation",10582,70576585,81.12
"867","spending",10581,70587166,81.13
"868","anyway",10578,70597744,81.14
"869","begin",10578,70608322,81.16
"870","album",10573,70618895,81.17
"871","spot",10554,70629449,81.18
"872","economy",10530,70639979,81.19
"873","driving",10511,70650490,81.2
"874","economic",10506,70660996,81.22
"875","total",10500,70671496,81.23
"876","relationship",10499,70681995,81.24
"877","pain",10477,70692472,81.25
"878","original",10466,70702938,81.26
"879","poor",10448,70713386,81.28
"880","earth",10443,70723829,81.29
"881","rate",10404,70734233,81.3
"882","statement",10400,70744633,81.31
"883","foot",10387,70755020,81.32
"884","king",10375,70765395,81.34
"885","similar",10354,70775749,81.35
"886","walking",10334,70786083,81.36
"887","further",10329,70796412,81.37
"888","manager",10325,70806737,81.38
"889","hotel",10301,70817038,81.4
"890","beginning",10297,70827335,81.41
"891","growing",10287,70837622,81.42
"892","biggest",10285,70847907,81.43
"893","trust",10284,70858191,81.44
"894","clean",10247,70868438,81.45
"895","cheese",10230,70878668,81.47
"896","shop",10229,70888897,81.48
"897","quick",10226,70899123,81.49
"898","fair",10222,70909345,81.5
"899","size",10218,70919563,81.51
"900","allow",10216,70929779,81.53
"901","lord",10185,70939964,81.54
"902","attorney",10166,70950130,81.55
"903","catch",10166,70960296,81.56
"904","fell",10158,70970454,81.57
"905","radio",10142,70980596,81.58
"906","cream",10125,70990721,81.6
"907","review",10120,71000841,81.61
"908","amount",10119,71010960,81.62
"909","blood",10116,71021076,81.63
"910","title",10110,71031186,81.64
"911","beyond",10107,71041293,81.65
"912","interview",10099,71051392,81.67
"913","build",10089,71061481,81.68
"914","leaving",10088,71071569,81.69
"915","certainly",10072,71081641,81.7
"916","senior",10068,71091709,81.71
"917","sale",10063,71101772,81.72
"918","scene",10063,71111835,81.73
"919","smith",10051,71121886,81.75
"920","library",10046,71131932,81.76
"921","rose",10035,71141967,81.77
"922","version",10034,71152001,81.78
"923","contact",9986,71161987,81.79
"924","executive",9965,71171952,81.8
"925","property",9964,71181916,81.82
"926","union",9943,71191859,81.83
"927","below",9940,71201799,81.84
"928","present",9934,71211733,81.85
"929","lady",9931,71221664,81.86
"930","ended",9909,71231573,81.87
"931","mike",9909,71241482,81.88
"932","hurt",9893,71251375,81.89
"933","river",9886,71261261,81.91
"934","situation",9878,71271139,81.92
"935","hearing",9864,71281003,81.93
"936","credit",9854,71290857,81.94
"937","natural",9850,71300707,81.95
"938","f",9845,71310552,81.96
"939","garden",9776,71320328,81.97
"940","consider",9762,71330090,81.99
"941","everybody",9762,71339852,82
"942","teacher",9758,71349610,82.01
"943","increase",9748,71359358,82.02
"944","winter",9734,71369092,82.03
"945","mention",9701,71378793,82.04
"946","sort",9693,71388486,82.05
"947","mix",9653,71398139,82.06
"948","sold",9651,71407790,82.07
"949","ride",9648,71417438,82.09
"950","choose",9632,71427070,82.1
"951","truly",9629,71436699,82.11
"952","wearing",9614,71446313,82.12
"953","common",9583,71455896,82.13
"954","tough",9548,71465444,82.14
"955","worst",9545,71474989,82.15
"956","link",9518,71484507,82.16
"957","dude",9504,71494011,82.17
"958","warm",9487,71503498,82.18
"959","regular",9486,71512984,82.2
"960","value",9484,71522468,82.21
"961","absolutely",9480,71531948,82.22
"962","gas",9476,71541424,82.23
"963","result",9468,71550892,82.24
"964","computer",9439,71560331,82.25
"965","taste",9433,71569764,82.26
"966","committee",9417,71579181,82.27
"967","lovely",9417,71588598,82.28
"968","effort",9416,71598014,82.29
"969","potential",9402,71607416,82.3
"970","sat",9400,71616816,82.32
"971","ran",9391,71626207,82.33
"972","safety",9379,71635586,82.34
"973","central",9359,71644945,82.35
"974","society",9355,71654300,82.36
"975","block",9337,71663637,82.37
"976","via",9336,71672973,82.38
"977","cake",9322,71682295,82.39
"978","missing",9278,71691573,82.4
"979","built",9267,71700840,82.41
"980","grow",9263,71710103,82.42
"981","fourth",9258,71719361,82.43
"982","article",9251,71728612,82.44
"983","travel",9236,71737848,82.45
"984","agency",9205,71747053,82.46
"985","fit",9204,71756257,82.48
"986","telling",9185,71765442,82.49
"987","touch",9175,71774617,82.5
"988","annual",9158,71783775,82.51
"989","kitchen",9151,71792926,82.52
"990","imagine",9146,71802072,82.53
"991","holiday",9121,71811193,82.54
"992","sell",9112,71820305,82.55
"993","throughout",9112,71829417,82.56
"994","meant",9107,71838524,82.57
"995","reach",9107,71847631,82.58
"996","peace",9101,71856732,82.59
"997","watched",9096,71865828,82.6
"998","mostly",9095,71874923,82.61
"999","base",9081,71884004,82.62
"1000","sugar",9033,71893037,82.63
"1001","trade",9028,71902065,82.64
"1002","included",9026,71911091,82.65
"1003","difference",9018,71920109,82.66
"1004","square",9001,71929110,82.67
"1005","healthy",8987,71938097,82.68
"1006","closed",8985,71947082,82.69
"1007","smile",8984,71956066,82.7
"1008","mayor",8969,71965035,82.72
"1009","joe",8960,71973995,82.73
"1010","cant",8941,71982936,82.74
"1011","apparently",8935,71991871,82.75
"1012","official",8931,72000802,82.76
"1013","draft",8917,72009719,82.77
"1014","technology",8905,72018624,82.78
"1015","lucky",8900,72027524,82.79
"1016","hopefully",8899,72036423,82.8
"1017","realize",8888,72045311,82.81
"1018","lake",8859,72054170,82.82
"1019","drop",8822,72062992,82.83
"1020","election",8822,72071814,82.84
"1021","growth",8816,72080630,82.85
"1022","weight",8795,72089425,82.86
"1023","bottom",8793,72098218,82.87
"1024","reality",8767,72106985,82.88
"1025","calling",8766,72115751,82.89
"1026","glass",8763,72124514,82.9
"1027","forever",8762,72133276,82.91
"1028","dear",8726,72142002,82.92
"1029","legal",8712,72150714,82.93
"1030","baseball",8711,72159425,82.94
"1031","author",8696,72168121,82.95
"1032","currently",8693,72176814,82.96
"1033","serve",8675,72185489,82.97
"1034","lower",8671,72194160,82.98
"1035","popular",8654,72202814,82.99
"1036","policy",8648,72211462,83
"1037","nature",8646,72220108,83.01
"1038","onto",8644,72228752,83.02
"1039","toward",8627,72237379,83.03
"1040","supposed",8618,72245997,83.04
"1041","hello",8604,72254601,83.05
"1042","risk",8596,72263197,83.06
"1043","snow",8596,72271793,83.07
"1044","ill",8593,72280386,83.08
"1045","slow",8579,72288965,83.09
"1046","station",8577,72297542,83.1
"1047","officer",8572,72306114,83.11
"1048","downtown",8571,72314685,83.12
"1049","caught",8558,72323243,83.13
"1050","q",8553,72331796,83.14
"1051","positive",8542,72340338,83.15
"1052","throw",8528,72348866,83.16
"1053","fish",8521,72357387,83.17
"1054","search",8518,72365905,83.18
"1055","bus",8517,72374422,83.19
"1056","session",8500,72382922,83.2
"1057","shopping",8490,72391412,83.21
"1058","cook",8488,72399900,83.22
"1059","except",8466,72408366,83.22
"1060","winner",8465,72416831,83.23
"1061","agreed",8452,72425283,83.24
"1062","apple",8433,72433716,83.25
"1063","keeping",8416,72442132,83.26
"1064","appreciate",8408,72450540,83.27
"1065","filled",8384,72458924,83.28
"1066","latest",8354,72467278,83.29
"1067","tea",8329,72475607,83.3
"1068","breakfast",8318,72483925,83.31
"1069","tree",8318,72492243,83.32
"1070","immediately",8315,72500558,83.33
"1071","product",8309,72508867,83.34
"1072","access",8293,72517160,83.35
"1073","orange",8285,72525445,83.36
"1074","image",8272,72533717,83.37
"1075","rich",8268,72541985,83.38
"1076","worse",8262,72550247,83.39
"1077","stopped",8260,72558507,83.4
"1078","older",8257,72566764,83.41
"1079","science",8254,72575018,83.42
"1080","bay",8247,72583265,83.43
"1081","pop",8232,72591497,83.44
"1082","basketball",8230,72599727,83.44
"1083","traffic",8207,72607934,83.45
"1084","bag",8202,72616136,83.46
"1085","grand",8201,72624337,83.47
"1086","owner",8198,72632535,83.48
"1087","posted",8194,72640729,83.49
"1088","finding",8179,72648908,83.5
"1089","dress",8176,72657084,83.51
"1090","weird",8164,72665248,83.52
"1091","related",8154,72673402,83.53
"1092","marriage",8144,72681546,83.54
"1093","ability",8137,72689683,83.55
"1094","letter",8127,72697810,83.56
"1095","wide",8108,72705918,83.57
"1096","unless",8106,72714024,83.58
"1097","evidence",8101,72722125,83.59
"1098","previous",8090,72730215,83.59
"1099","picked",8087,72738302,83.6
"1100","award",8082,72746384,83.61
"1101","gold",8078,72754462,83.62
"1102","nine",8047,72762509,83.63
"1103","till",8040,72770549,83.64
"1104","network",8037,72778586,83.65
"1105","brain",8032,72786618,83.66
"1106","roll",7990,72794608,83.67
"1107","leading",7969,72802577,83.68
"1108","eventually",7967,72810544,83.69
"1109","crowd",7957,72818501,83.7
"1110","response",7955,72826456,83.71
"1111","lack",7946,72834402,83.71
"1112","museum",7944,72842346,83.72
"1113","contract",7930,72850276,83.73
"1114","lived",7924,72858200,83.74
"1115","mail",7918,72866118,83.75
"1116","address",7915,72874033,83.76
"1117","cash",7899,72881932,83.77
"1118","hill",7899,72889831,83.78
"1119","insurance",7898,72897729,83.79
"1120","language",7896,72905625,83.8
"1121","secret",7884,72913509,83.81
"1122","train",7882,72921391,83.81
"1123","valley",7869,72929260,83.82
"1124","overall",7866,72937126,83.83
"1125","receive",7854,72944980,83.84
"1126","stock",7852,72952832,83.85
"1127","marketing",7850,72960682,83.86
"1128","artist",7824,72968506,83.87
"1129","considered",7819,72976325,83.88
"1130","cross",7802,72984127,83.89
"1131","wedding",7771,72991898,83.9
"1132","headed",7768,72999666,83.9
"1133","effect",7767,73007433,83.91
"1134","production",7761,73015194,83.92
"1135","military",7752,73022946,83.93
"1136","helping",7739,73030685,83.94
"1137","normal",7739,73038424,83.95
"1138","collection",7718,73046142,83.96
"1139","ah",7701,73053843,83.97
"1140","recipe",7701,73061544,83.98
"1141","association",7700,73069244,83.98
"1142","addition",7672,73076916,83.99
"1143","china",7668,73084584,84
"1144","loving",7666,73092250,84.01
"1145","speaking",7666,73099916,84.02
"1146","doctor",7635,73107551,84.03
"1147","leader",7626,73115177,84.04
"1148","creative",7623,73122800,84.05
"1149","clearly",7611,73130411,84.05
"1150","brand",7602,73138013,84.06
"1151","justice",7598,73145611,84.07
"1152","senate",7595,73153206,84.08
"1153","culture",7593,73160799,84.09
"1154","none",7591,73168390,84.1
"1155","raised",7581,73175971,84.11
"1156","worry",7571,73183542,84.12
"1157","match",7563,73191105,84.12
"1158","successful",7559,73198664,84.13
"1159","respect",7546,73206210,84.14
"1160","twice",7540,73213750,84.15
"1161","various",7517,73221267,84.16
"1162","doubt",7475,73228742,84.17
"1163","island",7465,73236207,84.18
"1164","wild",7458,73243665,84.18
"1165","count",7450,73251115,84.19
"1166","management",7449,73258564,84.2
"1167","content",7440,73266004,84.21
"1168","particular",7434,73273438,84.22
"1169","easily",7429,73280867,84.23
"1170","spirit",7417,73288284,84.24
"1171","score",7406,73295690,84.24
"1172","soul",7405,73303095,84.25
"1173","conversation",7400,73310495,84.26
"1174","charge",7384,73317879,84.27
"1175","writer",7382,73325261,84.28
"1176","festival",7381,73332642,84.29
"1177","degree",7368,73340010,84.3
"1178","range",7346,73347356,84.3
"1179","standing",7328,73354684,84.31
"1180","organization",7314,73361998,84.32
"1181","al",7313,73369311,84.33
"1182","plant",7306,73376617,84.34
"1183","indeed",7301,73383918,84.35
"1184","web",7292,73391210,84.35
"1185","bout",7290,73398500,84.36
"1186","easier",7286,73405786,84.37
"1187","thats",7284,73413070,84.38
"1188","notice",7279,73420349,84.39
"1189","heavy",7275,73427624,84.4
"1190","shirt",7273,73434897,84.4
"1191","concert",7269,73442166,84.41
"1192","holding",7259,73449425,84.42
"1193","corner",7241,73456666,84.43
"1194","administration",7240,73463906,84.44
"1195","novel",7240,73471146,84.45
"1196","modern",7235,73478381,84.45
"1197","showing",7235,73485616,84.46
"1198","speed",7233,73492849,84.47
"1199","dry",7229,73500078,84.48
"1200","ten",7201,73507279,84.49
"1201","model",7198,73514477,84.5
"1202","trouble",7189,73521666,84.5
"1203","studio",7179,73528845,84.51
"1204","broken",7175,73536020,84.52
"1205","raise",7160,73543180,84.53
"1206","turns",7159,73550339,84.54
"1207","broke",7150,73557489,84.55
"1208","scored",7150,73564639,84.55
"1209","married",7135,73571774,84.56
"1210","particularly",7132,73578906,84.57
"1211","drinking",7097,73586003,84.58
"1212","audience",7094,73593097,84.59
"1213","advice",7088,73600185,84.59
"1214","income",7085,73607270,84.6
"1215","obviously",7081,73614351,84.61
"1216","exciting",7075,73621426,84.62
"1217","neighborhood",7072,73628498,84.63
"1218","impact",7066,73635564,84.64
"1219","screen",7065,73642629,84.64
"1220","classic",7061,73649690,84.65
"1221","heading",7060,73656750,84.66
"1222","victory",7058,73663808,84.67
"1223","fashion",7033,73670841,84.68
"1224","smart",7031,73677872,84.68
"1225","decide",7029,73684901,84.69
"1226","seat",7028,73691929,84.7
"1227","remain",7020,73698949,84.71
"1228","boston",7019,73705968,84.72
"1229","nobody",7012,73712980,84.72
"1230","leaves",7011,73719991,84.73
"1231","wake",6999,73726990,84.74
"1232","surprise",6994,73733984,84.75
"1233","pizza",6987,73740971,84.76
"1234","knowing",6968,73747939,84.76
"1235","plenty",6949,73754888,84.77
"1236","avoid",6944,73761832,84.78
"1237","losing",6940,73768772,84.79
"1238","camera",6936,73775708,84.8
"1239","butter",6923,73782631,84.8
"1240","pull",6922,73789553,84.81
"1241","laugh",6898,73796451,84.82
"1242","skin",6895,73803346,84.83
"1243","pressure",6893,73810239,84.84
"1244","individual",6872,73817111,84.84
"1245","salt",6871,73823982,84.85
"1246","firm",6870,73830852,84.86
"1247","professional",6869,73837721,84.87
"1248","subject",6862,73844583,84.88
"1249","yo",6859,73851442,84.88
"1250","classes",6857,73858299,84.89
"1251","battle",6850,73865149,84.9
"1252","sauce",6838,73871987,84.91
"1253","spread",6837,73878824,84.91
"1254","window",6829,73885653,84.92
"1255","dogs",6821,73892474,84.93
"1256","governor",6811,73899285,84.94
"1257","investigation",6800,73906085,84.95
"1258","shut",6797,73912882,84.95
"1259","century",6782,73919664,84.96
"1260","guard",6772,73926436,84.97
"1261","cat",6747,73933183,84.98
"1262","jack",6746,73939929,84.99
"1263","fund",6745,73946674,84.99
"1264","camp",6740,73953414,85
"1265","pink",6740,73960154,85.01
"1266","excellent",6735,73966889,85.02
"1267","kick",6734,73973623,85.02
"1268","episode",6732,73980355,85.03
"1269","somebody",6707,73987062,85.04
"1270","physical",6705,73993767,85.05
"1271","benefit",6704,74000471,85.05
"1272","debt",6702,74007173,85.06
"1273","knowledge",6692,74013865,85.07
"1274","bet",6691,74020556,85.08
"1275","trial",6686,74027242,85.09
"1276","commercial",6675,74033917,85.09
"1277","direction",6669,74040586,85.1
"1278","avenue",6668,74047254,85.11
"1279","parking",6666,74053920,85.12
"1280","holy",6654,74060574,85.12
"1281","selling",6649,74067223,85.13
"1282","martin",6638,74073861,85.14
"1283","rule",6636,74080497,85.15
"1284","magic",6631,74087128,85.15
"1285","clothes",6611,74093739,85.16
"1286","h",6599,74100338,85.17
"1287","source",6593,74106931,85.18
"1288","commission",6578,74113509,85.18
"1289","fantastic",6577,74120086,85.19
"1290","mouth",6575,74126661,85.2
"1291","section",6573,74133234,85.21
"1292","mary",6570,74139804,85.21
"1293","approach",6556,74146360,85.22
"1294","digital",6544,74152904,85.23
"1295","limited",6523,74159427,85.24
"1296","somewhere",6522,74165949,85.24
"1297","global",6520,74172469,85.25
"1298","inspired",6511,74178980,85.26
"1299","yea",6508,74185488,85.27
"1300","delicious",6507,74191995,85.27
"1301","beauty",6502,74198497,85.28
"1302","necessary",6501,74204998,85.29
"1303","continued",6498,74211496,85.3
"1304","stuck",6484,74217980,85.3
"1305","flight",6477,74224457,85.31
"1306","grade",6472,74230929,85.32
"1307","pro",6461,74237390,85.33
"1308","paying",6460,74243850,85.33
"1309","push",6457,74250307,85.34
"1310","construction",6456,74256763,85.35
"1311","opinion",6449,74263212,85.36
"1312","v",6444,74269656,85.36
"1313","joy",6443,74276099,85.37
"1314","host",6442,74282541,85.38
"1315","coast",6439,74288980,85.39
"1316","cooking",6436,74295416,85.39
"1317","fill",6429,74301845,85.4
"1318","ticket",6429,74308274,85.41
"1319","closer",6425,74314699,85.42
"1320","traditional",6425,74321124,85.42
"1321","cast",6424,74327548,85.43
"1322","mid",6422,74333970,85.44
"1323","mile",6422,74340392,85.45
"1324","willing",6422,74346814,85.45
"1325","competition",6412,74353226,85.46
"1326","anti",6410,74359636,85.47
"1327","happening",6397,74366033,85.47
"1328","designed",6396,74372429,85.48
"1329","em",6391,74378820,85.49
"1330","covered",6382,74385202,85.5
"1331","wind",6382,74391584,85.5
"1332","movement",6381,74397965,85.51
"1333","ladies",6377,74404342,85.52
"1334","celebrate",6375,74410717,85.53
"1335","congress",6372,74417089,85.53
"1336","whom",6358,74423447,85.54
"1337","yard",6356,74429803,85.55
"1338","milk",6348,74436151,85.56
"1339","spokesman",6348,74442499,85.56
"1340","provided",6335,74448834,85.57
"1341","pair",6331,74455165,85.58
"1342","slightly",6330,74461495,85.58
"1343","ugh",6307,74467802,85.59
"1344","menu",6304,74474106,85.6
"1345","tip",6301,74480407,85.61
"1346","stick",6290,74486697,85.61
"1347","carry",6287,74492984,85.62
"1348","talent",6275,74499259,85.63
"1349","bridge",6268,74505527,85.64
"1350","august",6266,74511793,85.64
"1351","schedule",6258,74518051,85.65
"1352","sea",6255,74524306,85.66
"1353","enjoying",6254,74530560,85.66
"1354","shall",6253,74536813,85.67
"1355","famous",6250,74543063,85.68
"1356","bread",6239,74549302,85.69
"1357","location",6224,74555526,85.69
"1358","shout",6222,74561748,85.7
"1359","additional",6210,74567958,85.71
"1360","setting",6207,74574165,85.71
"1361","honor",6190,74580355,85.72
"1362","fly",6183,74586538,85.73
"1363","stadium",6178,74592716,85.74
"1364","prison",6163,74598879,85.74
"1365","teaching",6161,74605040,85.75
"1366","easter",6145,74611185,85.76
"1367","serving",6127,74617312,85.76
"1368","becoming",6126,74623438,85.77
"1369","pool",6115,74629553,85.78
"1370","returned",6109,74635662,85.78
"1371","mobile",6108,74641770,85.79
"1372","singing",6107,74647877,85.8
"1373","region",6089,74653966,85.81
"1374","freedom",6081,74660047,85.81
"1375","golden",6075,74666122,85.82
"1376","grew",6071,74672193,85.83
"1377","forced",6070,74678263,85.83
"1378","rise",6063,74684326,85.84
"1379","driver",6061,74690387,85.85
"1380","peter",6060,74696447,85.85
"1381","towards",6048,74702495,85.86
"1382","everyday",6041,74708536,85.87
"1383","bright",6040,74714576,85.88
"1384","foundation",6040,74720616,85.88
"1385","jump",6040,74726656,85.89
"1386","primary",6026,74732682,85.9
"1387","possibly",6018,74738700,85.9
"1388","highly",6008,74744708,85.91
"1389","nor",6000,74750708,85.92
"1390","fellow",5985,74756693,85.92
"1391","fighting",5985,74762678,85.93
"1392","specific",5976,74768654,85.94
"1393","meat",5966,74774620,85.94
"1394","mission",5959,74780579,85.95
"1395","unique",5959,74786538,85.96
"1396","treatment",5947,74792485,85.97
"1397","airport",5937,74798422,85.97
"1398","turning",5937,74804359,85.98
"1399","cry",5933,74810292,85.99
"1400","explain",5929,74816221,85.99
"1401","prepared",5927,74822148,86
"1402","alive",5917,74828065,86.01
"1403","democratic",5912,74833977,86.01
"1404","code",5904,74839881,86.02
"1405","attempt",5899,74845780,86.03
"1406","significant",5886,74851666,86.03
"1407","purpose",5885,74857551,86.04
"1408","random",5885,74863436,86.05
"1409","feature",5879,74869315,86.05
"1410","fruit",5873,74875188,86.06
"1411","option",5872,74881060,86.07
"1412","unfortunately",5870,74886930,86.07
"1413","enter",5867,74892797,86.08
"1414","agent",5863,74898660,86.09
"1415","promise",5857,74904517,86.09
"1416","fully",5854,74910371,86.1
"1417","forgot",5852,74916223,86.11
"1418","majority",5846,74922069,86.11
"1419","speech",5846,74927915,86.12
"1420","theme",5846,74933761,86.13
"1421","western",5836,74939597,86.13
"1422","treat",5834,74945431,86.14
"1423","bottle",5826,74951257,86.15
"1424","path",5823,74957080,86.15
"1425","powerful",5816,74962896,86.16
"1426","teach",5811,74968707,86.17
"1427","claim",5804,74974511,86.17
"1428","handle",5797,74980308,86.18
"1429","paint",5785,74986093,86.19
"1430","greater",5779,74991872,86.19
"1431","bob",5778,74997650,86.2
"1432","standard",5773,75003423,86.21
"1433","soft",5769,75009192,86.21
"1434","quiet",5759,75014951,86.22
"1435","female",5756,75020707,86.23
"1436","television",5755,75026462,86.23
"1437","literally",5752,75032214,86.24
"1438","journey",5750,75037964,86.25
"1439","mountain",5750,75043714,86.25
"1440","herself",5748,75049462,86.26
"1441","ourselves",5747,75055209,86.27
"1442","meaning",5745,75060954,86.27
"1443","protect",5745,75066699,86.28
"1444","civil",5743,75072442,86.29
"1445","authority",5734,75078176,86.29
"1446","becomes",5734,75083910,86.3
"1447","gotten",5733,75089643,86.31
"1448","miller",5724,75095367,86.31
"1449","tiny",5719,75101086,86.32
"1450","measure",5715,75106801,86.33
"1451","strength",5708,75112509,86.33
"1452","magazine",5704,75118213,86.34
"1453","labor",5702,75123915,86.35
"1454","gym",5701,75129616,86.35
"1455","otherwise",5693,75135309,86.36
"1456","southern",5691,75141000,86.37
"1457","purchase",5684,75146684,86.37
"1458","draw",5682,75152366,86.38
"1459","revenue",5669,75158035,86.39
"1460","appear",5664,75163699,86.39
"1461","tech",5657,75169356,86.4
"1462","capital",5651,75175007,86.4
"1463","balance",5650,75180657,86.41
"1464","edge",5639,75186296,86.42
"1465","neither",5638,75191934,86.42
"1466","memory",5629,75197563,86.43
"1467","championship",5628,75203191,86.44
"1468","status",5625,75208816,86.44
"1469","tournament",5621,75214437,86.45
"1470","campus",5619,75220056,86.46
"1471","machine",5602,75225658,86.46
"1472","michigan",5597,75231255,86.47
"1473","lie",5596,75236851,86.48
"1474","injury",5591,75242442,86.48
"1475","improve",5588,75248030,86.49
"1476","leadership",5586,75253616,86.5
"1477","actual",5579,75259195,86.5
"1478","division",5575,75264770,86.51
"1479","bunch",5574,75270344,86.51
"1480","progress",5571,75275915,86.52
"1481","meal",5567,75281482,86.53
"1482","youth",5561,75287043,86.53
"1483","usual",5560,75292603,86.54
"1484","background",5558,75298161,86.55
"1485","copy",5554,75303715,86.55
"1486","crew",5552,75309267,86.56
"1487","agreement",5533,75314800,86.57
"1488","afraid",5532,75320332,86.57
"1489","lately",5522,75325854,86.58
"1490","streets",5522,75331376,86.58
"1491","tho",5522,75336898,86.59
"1492","da",5518,75342416,86.6
"1493","exercise",5517,75347933,86.6
"1494","discovered",5515,75353448,86.61
"1495","pack",5511,75358959,86.62
"1496","breaking",5501,75364460,86.62
"1497","bike",5496,75369956,86.63
"1498","rice",5496,75375452,86.64
"1499","extremely",5495,75380947,86.64
"1500","gorgeous",5492,75386439,86.65
"1501","hanging",5492,75391931,86.65
"1502","lee",5491,75397422,86.66
"1503","update",5490,75402912,86.67
"1504","nights",5482,75408394,86.67
"1505","accept",5477,75413871,86.68
"1506","sing",5472,75419343,86.69
"1507","contest",5467,75424810,86.69
"1508","apart",5464,75430274,86.7
"1509","master",5463,75435737,86.7
"1510","offering",5453,75441190,86.71
"1511","wood",5452,75446642,86.72
"1512","target",5451,75452093,86.72
"1513","grown",5449,75457542,86.73
"1514","net",5449,75462991,86.74
"1515","debate",5442,75468433,86.74
"1516","apartment",5441,75473874,86.75
"1517","farm",5431,75479305,86.75
"1518","guilty",5427,75484732,86.76
"1519","vehicle",5424,75490156,86.77
"1520","multiple",5423,75495579,86.77
"1521","birth",5421,75501000,86.78
"1522","army",5417,75506417,86.79
"1523","honest",5413,75511830,86.79
"1524","aside",5406,75517236,86.8
"1525","fix",5401,75522637,86.8
"1526","row",5390,75528027,86.81
"1527","bear",5378,75533405,86.82
"1528","partner",5374,75538779,86.82
"1529","seeking",5374,75544153,86.83
"1530","politics",5370,75549523,86.84
"1531","colorado",5365,75554888,86.84
"1532","complex",5354,75560242,86.85
"1533","animal",5346,75565588,86.85
"1534","sides",5346,75570934,86.86
"1535","wondering",5346,75576280,86.87
"1536","discussion",5345,75581625,86.87
"1537","shape",5343,75586968,86.88
"1538","advantage",5322,75592290,86.88
"1539","demand",5313,75597603,86.89
"1540","damage",5308,75602911,86.9
"1541","inspiration",5299,75608210,86.9
"1542","acting",5284,75613494,86.91
"1543","golf",5277,75618771,86.91
"1544","direct",5276,75624047,86.92
"1545","basic",5275,75629322,86.93
"1546","concerned",5265,75634587,86.93
"1547","arms",5260,75639847,86.94
"1548","foreign",5243,75645090,86.95
"1549","van",5241,75650331,86.95
"1550","considering",5240,75655571,86.96
"1551","yellow",5239,75660810,86.96
"1552","surgery",5233,75666043,86.97
"1553","frank",5231,75671274,86.98
"1554","friendly",5227,75676501,86.98
"1555","remove",5216,75681717,86.99
"1556","sky",5215,75686932,86.99
"1557","truck",5207,75692139,87
"1558","yours",5200,75697339,87.01
"1559","pan",5198,75702537,87.01
"1560","younger",5198,75707735,87.02
"1561","assistant",5197,75712932,87.02
"1562","smaller",5196,75718128,87.03
"1563","theater",5195,75723323,87.03
"1564","era",5192,75728515,87.04
"1565","hop",5192,75733707,87.05
"1566","variety",5190,75738897,87.05
"1567","ending",5188,75744085,87.06
"1568","wit",5186,75749271,87.06
"1569","request",5185,75754456,87.07
"1570","investment",5183,75759639,87.08
"1571","aware",5176,75764815,87.08
"1572","egg",5174,75769989,87.09
"1573","candidate",5172,75775161,87.09
"1574","customer",5171,75780332,87.1
"1575","falling",5170,75785502,87.11
"1576","craft",5162,75790664,87.11
"1577","expensive",5161,75795825,87.12
"1578","funds",5159,75800984,87.12
"1579","thus",5152,75806136,87.13
"1580","housing",5140,75811276,87.14
"1581","slowly",5140,75816416,87.14
"1582","junior",5139,75821555,87.15
"1583","basically",5137,75826692,87.15
"1584","panel",5135,75831827,87.16
"1585","somehow",5135,75836962,87.17
"1586","activity",5131,75842093,87.17
"1587","directly",5117,75847210,87.18
"1588","loud",5117,75852327,87.18
"1589","crisis",5104,75857431,87.19
"1590","highest",5102,75862533,87.19
"1591","population",5101,75867634,87.2
"1592","guest",5098,75872732,87.21
"1593","colors",5096,75877828,87.21
"1594","vacation",5091,75882919,87.22
"1595","terrible",5082,75888001,87.22
"1596","solid",5080,75893081,87.23
"1597","strange",5078,75898159,87.24
"1598","independent",5074,75903233,87.24
"1599","everywhere",5062,75908295,87.25
"1600","officially",5053,75913348,87.25
"1601","environment",5046,75918394,87.26
"1602","spoke",5045,75923439,87.26
"1603","understanding",5037,75928476,87.27
"1604","mass",5020,75933496,87.28
"1605","horse",5019,75938515,87.28
"1606","blues",5018,75943533,87.29
"1607","estate",5006,75948539,87.29
"1608","material",5004,75953543,87.3
"1609","produce",5004,75958547,87.31
"1610","comfortable",5000,75963547,87.31
"1611","plate",4995,75968542,87.32
"1612","moon",4994,75973536,87.32
"1613","anywhere",4993,75978529,87.33
"1614","attend",4992,75983521,87.33
"1615","rep",4990,75988511,87.34
"1616","familiar",4989,75993500,87.35
"1617","decade",4988,75998488,87.35
"1618","anybody",4984,76003472,87.36
"1619","admit",4981,76008453,87.36
"1620","cutting",4981,76013434,87.37
"1621","taught",4975,76018409,87.37
"1622","ordered",4964,76023373,87.38
"1623","click",4954,76028327,87.39
"1624","pic",4941,76033268,87.39
"1625","blessed",4938,76038206,87.4
"1626","ring",4935,76043141,87.4
"1627","generally",4920,76048061,87.41
"1628","emergency",4915,76052976,87.41
"1629","trail",4915,76057891,87.42
"1630","hungry",4913,76062804,87.43
"1631","fox",4910,76067714,87.43
"1632","fifth",4900,76072614,87.44
"1633","quote",4899,76077513,87.44
"1634","effective",4897,76082410,87.45
"1635","zone",4894,76087304,87.45
"1636","impossible",4893,76092197,87.46
"1637","stone",4883,76097080,87.46
"1638","salad",4871,76101951,87.47
"1639","medium",4869,76106820,87.48
"1640","millions",4868,76111688,87.48
"1641","ad",4856,76116544,87.49
"1642","smell",4856,76121400,87.49
"1643","dancing",4850,76126250,87.5
"1644","storm",4847,76131097,87.5
"1645","joke",4844,76135941,87.51
"1646","discuss",4840,76140781,87.51
"1647","require",4825,76145606,87.52
"1648","alcohol",4818,76150424,87.53
"1649","sending",4815,76155239,87.53
"1650","honestly",4809,76160048,87.54
"1651","phoenix",4808,76164856,87.54
"1652","defensive",4805,76169661,87.55
"1653","waste",4804,76174465,87.55
"1654","noted",4791,76179256,87.56
"1655","arm",4790,76184046,87.56
"1656","empty",4790,76188836,87.57
"1657","evil",4779,76193615,87.58
"1658","connection",4777,76198392,87.58
"1659","tony",4774,76203166,87.59
"1660","print",4773,76207939,87.59
"1661","chairman",4770,76212709,87.6
"1662","confidence",4752,76217461,87.6
"1663","incredible",4751,76222212,87.61
"1664","smoke",4748,76226960,87.61
"1665","route",4746,76231706,87.62
"1666","dish",4741,76236447,87.62
"1667","professor",4741,76241188,87.63
"1668","religious",4740,76245928,87.64
"1669","suddenly",4739,76250667,87.64
"1670","ex",4734,76255401,87.65
"1671","sleeping",4731,76260132,87.65
"1672","offense",4729,76264861,87.66
"1673","feed",4728,76269589,87.66
"1674","vice",4726,76274315,87.67
"1675","drama",4725,76279040,87.67
"1676","passing",4725,76283765,87.68
"1677","pepper",4725,76288490,87.68
"1678","suit",4725,76293215,87.69
"1679","obvious",4723,76297938,87.7
"1680","channel",4717,76302655,87.7
"1681","proposal",4712,76307367,87.71
"1682","bird",4696,76312063,87.71
"1683","musical",4696,76316759,87.72
"1684","stress",4694,76321453,87.72
"1685","pleasure",4689,76326142,87.73
"1686","grace",4687,76330829,87.73
"1687","generation",4679,76335508,87.74
"1688","chair",4675,76340183,87.74
"1689","presence",4671,76344854,87.75
"1690","chose",4669,76349523,87.75
"1691","pitch",4663,76354186,87.76
"1692","therefore",4662,76358848,87.77
"1693","reduce",4661,76363509,87.77
"1694","pray",4658,76368167,87.78
"1695","mental",4653,76372820,87.78
"1696","village",4647,76377467,87.79
"1697","blame",4646,76382113,87.79
"1698","tight",4645,76386758,87.8
"1699","profile",4640,76391398,87.8
"1700","chapter",4639,76396037,87.81
"1701","dollar",4635,76400672,87.81
"1702","jazz",4626,76405298,87.82
"1703","chef",4622,76409920,87.82
"1704","fail",4619,76414539,87.83
"1705","separate",4618,76419157,87.83
"1706","stood",4616,76423773,87.84
"1707","meanwhile",4607,76428380,87.85
"1708","active",4602,76432982,87.85
"1709","pants",4602,76437584,87.86
"1710","mess",4597,76442181,87.86
"1711","giant",4591,76446772,87.87
"1712","mood",4577,76451349,87.87
"1713","jeff",4575,76455924,87.88
"1714","recommend",4558,76460482,87.88
"1715","awkward",4550,76465032,87.89
"1716","boss",4548,76469580,87.89
"1717","vision",4547,76474127,87.9
"1718","critical",4544,76478671,87.9
"1719","corporate",4543,76483214,87.91
"1720","seek",4543,76487757,87.91
"1721","native",4537,76492294,87.92
"1722","nick",4535,76496829,87.92
"1723","worried",4535,76501364,87.93
"1724","circle",4534,76505898,87.93
"1725","lay",4529,76510427,87.94
"1726","responsible",4529,76514956,87.94
"1727","cell",4525,76519481,87.95
"1728","passion",4522,76524003,87.96
"1729","gain",4519,76528522,87.96
"1730","grant",4518,76533040,87.97
"1731","fabulous",4515,76537555,87.97
"1732","woke",4510,76542065,87.98
"1733","flat",4506,76546571,87.98
"1734","mixed",4494,76551065,87.99
"1735","unit",4493,76555558,87.99
"1736","emotional",4492,76560050,88
"1737","associated",4480,76564530,88
"1738","flying",4480,76569010,88.01
"1739","visiting",4479,76573489,88.01
"1740","yep",4473,76577962,88.02
"1741","plane",4467,76582429,88.02
"1742","tied",4456,76586885,88.03
"1743","apply",4455,76591340,88.03
"1744","ray",4447,76595787,88.04
"1745","task",4446,76600233,88.04
"1746","entertainment",4442,76604675,88.05
"1747","stayed",4434,76609109,88.05
"1748","cheap",4432,76613541,88.06
"1749","soup",4431,76617972,88.06
"1750","dangerous",4430,76622402,88.07
"1751","limit",4427,76626829,88.07
"1752","prize",4425,76631254,88.08
"1753","oven",4419,76635673,88.08
"1754","male",4415,76640088,88.09
"1755","ate",4407,76644495,88.09
"1756","shower",4404,76648899,88.1
"1757","coverage",4403,76653302,88.1
"1758","develop",4400,76657702,88.11
"1759","package",4400,76662102,88.11
"1760","heaven",4399,76666501,88.12
"1761","negative",4398,76670899,88.12
"1762","struck",4395,76675294,88.13
"1763","exchange",4388,76679682,88.13
"1764","protection",4385,76684067,88.14
"1765","comedy",4383,76688450,88.14
"1766","dan",4383,76692833,88.15
"1767","correct",4378,76697211,88.15
"1768","soccer",4375,76701586,88.16
"1769","parent",4374,76705960,88.16
"1770","plain",4373,76710333,88.17
"1771","concept",4366,76714699,88.17
"1772","client",4362,76719061,88.18
"1773","patient",4360,76723421,88.18
"1774","guide",4357,76727778,88.19
"1775","shown",4356,76732134,88.19
"1776","whenever",4340,76736474,88.2
"1777","drew",4339,76740813,88.2
"1778","massive",4338,76745151,88.21
"1779","fired",4334,76749485,88.21
"1780","ugly",4332,76753817,88.22
"1781","rare",4325,76758142,88.22
"1782","ford",4322,76762464,88.23
"1783","produced",4318,76766782,88.23
"1784","queen",4318,76771100,88.24
"1785","silver",4316,76775416,88.24
"1786","rush",4312,76779728,88.25
"1787","ave",4310,76784038,88.25
"1788","juice",4305,76788343,88.26
"1789","urban",4305,76792648,88.26
"1790","anniversary",4302,76796950,88.27
"1791","chat",4301,76801251,88.27
"1792","flavor",4295,76805546,88.28
"1793","tend",4292,76809838,88.28
"1794","regional",4291,76814129,88.29
"1795","inch",4287,76818416,88.29
"1796","dozen",4286,76822702,88.3
"1797","behavior",4285,76826987,88.3
"1798","plastic",4284,76831271,88.31
"1799","ben",4281,76835552,88.31
"1800","cleaning",4280,76839832,88.32
"1801","transportation",4274,76844106,88.32
"1802","legislation",4271,76848377,88.33
"1803","condition",4269,76852646,88.33
"1804","profit",4269,76856915,88.34
"1805","incident",4263,76861178,88.34
"1806","sir",4257,76865435,88.35
"1807","enforcement",4256,76869691,88.35
"1808","offensive",4250,76873941,88.36
"1809","fiction",4231,76878172,88.36
"1810","strategy",4231,76882403,88.37
"1811","posting",4227,76886630,88.37
"1812","noon",4225,76890855,88.38
"1813","baking",4218,76895073,88.38
"1814","sam",4218,76899291,88.39
"1815","prevent",4213,76903504,88.39
"1816","solution",4212,76907716,88.4
"1817","boring",4206,76911922,88.4
"1818","reader",4206,76916128,88.41
"1819","perform",4199,76920327,88.41
"1820","threw",4199,76924526,88.42
"1821","advance",4188,76928714,88.42
"1822","leg",4184,76932898,88.43
"1823","fake",4181,76937079,88.43
"1824","prefer",4179,76941258,88.43
"1825","deserve",4174,76945432,88.44
"1826","favor",4172,76949604,88.44
"1827","figured",4161,76953765,88.45
"1828","crying",4157,76957922,88.45
"1829","lawyer",4157,76962079,88.46
"1830","candy",4155,76966234,88.46
"1831","metal",4153,76970387,88.47
"1832","drove",4150,76974537,88.47
"1833","painting",4150,76978687,88.48
"1834","ship",4150,76982837,88.48
"1835","jail",4147,76986984,88.49
"1836","singer",4140,76991124,88.49
"1837","influence",4139,76995263,88.5
"1838","diet",4138,76999401,88.5
"1839","inning",4133,77003534,88.51
"1840","prove",4133,77007667,88.51
"1841","environmental",4130,77011797,88.52
"1842","presidential",4129,77015926,88.52
"1843","distance",4128,77020054,88.53
"1844","workout",4127,77024181,88.53
"1845","kelly",4123,77028304,88.53
"1846","forest",4121,77032425,88.54
"1847","consumer",4120,77036545,88.54
"1848","pace",4120,77040665,88.55
"1849","mistake",4118,77044783,88.55
"1850","eric",4116,77048899,88.56
"1851","declined",4115,77053014,88.56
"1852","immigration",4114,77057128,88.57
"1853","core",4113,77061241,88.57
"1854","grab",4110,77065351,88.58
"1855","perfectly",4110,77069461,88.58
"1856","guitar",4108,77073569,88.59
"1857","button",4102,77077671,88.59
"1858","determined",4101,77081772,88.6
"1859","concern",4097,77085869,88.6
"1860","accepted",4092,77089961,88.61
"1861","accident",4091,77094052,88.61
"1862","barely",4089,77098141,88.62
"1863","boat",4080,77102221,88.62
"1864","launch",4080,77106301,88.62
"1865","upset",4079,77110380,88.63
"1866","wanting",4079,77114459,88.63
"1867","canada",4077,77118536,88.64
"1868","combined",4076,77122612,88.64
"1869","tie",4073,77126685,88.65
"1870","lane",4072,77130757,88.65
"1871","basis",4071,77134828,88.66
"1872","happiness",4071,77138899,88.66
"1873","effects",4068,77142967,88.67
"1874","topic",4067,77147034,88.67
"1875","appeal",4066,77151100,88.68
"1876","sept",4060,77155160,88.68
"1877","previously",4058,77159218,88.69
"1878","responsibility",4055,77163273,88.69
"1879","nearby",4049,77167322,88.69
"1880","japan",4038,77171360,88.7
"1881","prime",4034,77175394,88.7
"1882","saved",4033,77179427,88.71
"1883","beef",4032,77183459,88.71
"1884","rick",4032,77187491,88.72
"1885","suggest",4027,77191518,88.72
"1886","thanksgiving",4026,77195544,88.73
"1887","border",4025,77199569,88.73
"1888","sen",4025,77203594,88.74
"1889","equipment",4014,77207608,88.74
"1890","aid",4013,77211621,88.75
"1891","buddy",4013,77215634,88.75
"1892","midnight",4012,77219646,88.75
"1893","asleep",4009,77223655,88.76
"1894","harry",4008,77227663,88.76
"1895","ocean",4007,77231670,88.77
"1896","journal",4003,77235673,88.77
"1897","sport",4001,77239674,88.78
"1898","shift",3998,77243672,88.78
"1899","talented",3997,77247669,88.79
"1900","supporting",3996,77251665,88.79
"1901","file",3990,77255655,88.8
"1902","nose",3988,77259643,88.8
"1903","accused",3982,77263625,88.81
"1904","respond",3980,77267605,88.81
"1905","appearance",3978,77271583,88.81
"1906","checked",3977,77275560,88.82
"1907","prepare",3975,77279535,88.82
"1908","breath",3967,77283502,88.83
"1909","lesson",3965,77287467,88.83
"1910","quarterback",3962,77291429,88.84
"1911","plot",3956,77295385,88.84
"1912","tuned",3955,77299340,88.85
"1913","math",3948,77303288,88.85
"1914","newspaper",3945,77307233,88.86
"1915","personally",3937,77311170,88.86
"1916","mall",3933,77315103,88.86
"1917","employee",3932,77319035,88.87
"1918","hat",3929,77322964,88.87
"1919","facing",3919,77326883,88.88
"1920","hearts",3919,77330802,88.88
"1921","pie",3918,77334720,88.89
"1922","display",3916,77338636,88.89
"1923","exist",3914,77342550,88.9
"1924","laughing",3912,77346462,88.9
"1925","besides",3909,77350371,88.91
"1926","institute",3901,77354272,88.91
"1927","entry",3900,77358172,88.91
"1928","kiss",3900,77362072,88.92
"1929","knee",3895,77365967,88.92
"1930","grateful",3894,77369861,88.93
"1931","connect",3890,77373751,88.93
"1932","experienced",3889,77377640,88.94
"1933","faster",3889,77381529,88.94
"1934","prayer",3888,77385417,88.95
"1935","bush",3870,77389287,88.95
"1936","express",3869,77393156,88.95
"1937","reform",3865,77397021,88.96
"1938","facility",3864,77400885,88.96
"1939","featured",3864,77404749,88.97
"1940","fuel",3864,77408613,88.97
"1941","um",3856,77412469,88.98
"1942","entirely",3855,77416324,88.98
"1943","dying",3851,77420175,88.99
"1944","victim",3850,77424025,88.99
"1945","hilarious",3845,77427870,88.99
"1946","bell",3844,77431714,89
"1947","rip",3838,77435552,89
"1948","cultural",3834,77439386,89.01
"1949","selection",3833,77443219,89.01
"1950","appropriate",3831,77447050,89.02
"1951","bond",3830,77450880,89.02
"1952","til",3826,77454706,89.02
"1953","replace",3825,77458531,89.03
"1954","suspect",3821,77462352,89.03
"1955","tune",3820,77466172,89.04
"1956","stretch",3817,77469989,89.04
"1957","advertising",3808,77473797,89.05
"1958","auto",3807,77477604,89.05
"1959","presentation",3807,77481411,89.06
"1960","removed",3806,77485217,89.06
"1961","hip",3804,77489021,89.06
"1962","horrible",3803,77492824,89.07
"1963","chosen",3801,77496625,89.07
"1964","ultimately",3800,77500425,89.08
"1965","planet",3799,77504224,89.08
"1966","tool",3798,77508022,89.09
"1967","actor",3794,77511816,89.09
"1968","scale",3794,77515610,89.09
"1969","northern",3792,77519402,89.1
"1970","argument",3790,77523192,89.1
"1971","providing",3789,77526981,89.11
"1972","upcoming",3787,77530768,89.11
"1973","highway",3786,77534554,89.12
"1974","item",3784,77538338,89.12
"1975","attitude",3783,77542121,89.13
"1976","lemon",3782,77545903,89.13
"1977","blast",3781,77549684,89.13
"1978","trend",3779,77553463,89.14
"1979","editor",3778,77557241,89.14
"1980","struggle",3776,77561017,89.15
"1981","desk",3775,77564792,89.15
"1982","testing",3770,77568562,89.16
"1983","drawing",3762,77572324,89.16
"1984","neck",3761,77576085,89.16
"1985","riding",3757,77579842,89.17
"1986","recovery",3754,77583596,89.17
"1987","whats",3748,77587344,89.18
"1988","creation",3745,77591089,89.18
"1989","wet",3745,77594834,89.19
"1990","jury",3741,77598575,89.19
"1991","thankful",3741,77602316,89.19
"1992","honey",3738,77606054,89.2
"1993","raising",3736,77609790,89.2
"1994","bacon",3733,77613523,89.21
"1995","electric",3732,77617255,89.21
"1996","scary",3729,77620984,89.22
"1997","ensure",3728,77624712,89.22
"1998","tall",3724,77628436,89.22
"1999","annoying",3721,77632157,89.23
"2000","bathroom",3714,77635871,89.23
"2001","retired",3711,77639582,89.24
"2002","perspective",3703,77643285,89.24
"2003","wise",3700,77646985,89.25
"2004","somewhat",3696,77650681,89.25
"2005","rising",3694,77654375,89.25
"2006","swear",3693,77658068,89.26
"2007","threat",3693,77661761,89.26
"2008","excuse",3691,77665452,89.27
"2009","prior",3691,77669143,89.27
"2010","unlike",3689,77672832,89.28
"2011","jealous",3687,77676519,89.28
"2012","rolling",3685,77680204,89.28
"2013","memorial",3680,77683884,89.29
"2014","minor",3677,77687561,89.29
"2015","township",3673,77691234,89.3
"2016","mac",3670,77694904,89.3
"2017","wash",3670,77698574,89.31
"2018","celebration",3667,77702241,89.31
"2019","tag",3664,77705905,89.31
"2020","odd",3662,77709567,89.32
"2021","throwing",3659,77713226,89.32
"2022","mixture",3656,77716882,89.33
"2023","fairly",3652,77720534,89.33
"2024","resident",3650,77724184,89.33
"2025","dining",3648,77727832,89.34
"2026","clock",3647,77731479,89.34
"2027","pattern",3644,77735123,89.35
"2028","shoulder",3641,77738764,89.35
"2029","hero",3639,77742403,89.36
"2030","thick",3637,77746040,89.36
"2031","alright",3633,77749673,89.36
"2032","application",3629,77753302,89.37
"2033","fantasy",3627,77756929,89.37
"2034","brilliant",3623,77760552,89.38
"2035","thin",3623,77764175,89.38
"2036","raw",3622,77767797,89.38
"2037","comfort",3620,77771417,89.39
"2038","analysis",3617,77775034,89.39
"2039","supreme",3617,77778651,89.4
"2040","pushing",3616,77782267,89.4
"2041","academy",3609,77785876,89.41
"2042","regarding",3609,77789485,89.41
"2043","alternative",3606,77793091,89.41
"2044","constantly",3606,77796697,89.42
"2045","proper",3606,77800303,89.42
"2046","captain",3605,77803908,89.43
"2047","champion",3605,77807513,89.43
"2048","weak",3604,77811117,89.43
"2049","afford",3601,77814718,89.44
"2050","sheriff",3601,77818319,89.44
"2051","strike",3600,77821919,89.45
"2052","garlic",3597,77825516,89.45
"2053","quit",3597,77829113,89.46
"2054","chain",3594,77832707,89.46
"2055","minister",3594,77836301,89.46
"2056","eastern",3590,77839891,89.47
"2057","license",3587,77843478,89.47
"2058","determine",3584,77847062,89.48
"2059","disappointed",3584,77850646,89.48
"2060","jordan",3584,77854230,89.48
"2061","supply",3571,77857801,89.49
"2062","hunger",3569,77861370,89.49
"2063","survey",3569,77864939,89.5
"2064","scoring",3566,77868505,89.5
"2065","unemployment",3562,77872067,89.5
"2066","recording",3561,77875628,89.51
"2067","hockey",3554,77879182,89.51
"2068","duty",3551,77882733,89.52
"2069","josh",3548,77886281,89.52
"2070","manage",3546,77889827,89.53
"2071","nervous",3533,77893360,89.53
"2072","childhood",3529,77896889,89.53
"2073","factor",3527,77900416,89.54
"2074","listed",3525,77903941,89.54
"2075","struggling",3524,77907465,89.55
"2076","designer",3518,77910983,89.55
"2077","smooth",3515,77914498,89.55
"2078","speaker",3515,77918013,89.56
"2079","turkey",3510,77921523,89.56
"2080","manning",3506,77925029,89.57
"2081","shame",3506,77928535,89.57
"2082","sentence",3505,77932040,89.57
"2083","chase",3497,77935537,89.58
"2084","adventure",3496,77939033,89.58
"2085","faced",3496,77942529,89.59
"2086","religion",3495,77946024,89.59
"2087","fabric",3493,77949517,89.59
"2088","tape",3490,77953007,89.6
"2089","split",3485,77956492,89.6
"2090","suppose",3484,77959976,89.61
"2091","sunny",3482,77963458,89.61
"2092","henry",3477,77966935,89.61
"2093","nap",3475,77970410,89.62
"2094","vintage",3470,77973880,89.62
"2095","min",3467,77977347,89.63
"2096","flow",3465,77980812,89.63
"2097","repeat",3465,77984277,89.63
"2098","teen",3465,77987742,89.64
"2099","el",3464,77991206,89.64
"2100","iron",3462,77994668,89.65
"2101","universe",3460,77998128,89.65
"2102","impressive",3459,78001587,89.65
"2103","originally",3458,78005045,89.66
"2104","cap",3457,78008502,89.66
"2105","joining",3457,78011959,89.67
"2106","warning",3456,78015415,89.67
"2107","retirement",3450,78018865,89.67
"2108","operating",3447,78022312,89.68
"2109","handed",3446,78025758,89.68
"2110","historical",3444,78029202,89.69
"2111","sixth",3443,78032645,89.69
"2112","voting",3441,78036086,89.69
"2113","opposite",3438,78039524,89.7
"2114","graduate",3436,78042960,89.7
"2115","weekly",3436,78046396,89.71
"2116","length",3429,78049825,89.71
"2117","lewis",3429,78053254,89.71
"2118","shortly",3419,78056673,89.72
"2119","flour",3418,78060091,89.72
"2120","flower",3415,78063506,89.72
"2121","typically",3415,78066921,89.73
"2122","dressed",3414,78070335,89.73
"2123","links",3413,78073748,89.74
"2124","initial",3410,78077158,89.74
"2125","typical",3408,78080566,89.74
"2126","bake",3404,78083970,89.75
"2127","confused",3404,78087374,89.75
"2128","creek",3403,78090777,89.76
"2129","stamp",3401,78094178,89.76
"2130","pet",3400,78097578,89.76
"2131","hired",3396,78100974,89.77
"2132","pure",3392,78104366,89.77
"2133","aw",3390,78107756,89.78
"2134","register",3389,78111145,89.78
"2135","pregnant",3388,78114533,89.78
"2136","saving",3388,78117921,89.79
"2137","teeth",3387,78121308,89.79
"2138","punch",3378,78124686,89.8
"2139","clothing",3374,78128060,89.8
"2140","reply",3370,78131430,89.8
"2141","normally",3364,78134794,89.81
"2142","historic",3363,78138157,89.81
"2143","dealing",3360,78141517,89.81
"2144","connected",3357,78144874,89.82
"2145","silly",3357,78148231,89.82
"2146","fee",3355,78151586,89.83
"2147","injured",3355,78154941,89.83
"2148","earn",3352,78158293,89.83
"2149","fed",3351,78161644,89.84
"2150","sight",3350,78164994,89.84
"2151","secretary",3345,78168339,89.85
"2152","relief",3343,78171682,89.85
"2153","marathon",3338,78175020,89.85
"2154","combination",3336,78178356,89.86
"2155","grass",3336,78181692,89.86
"2156","encourage",3329,78185021,89.86
"2157","seed",3328,78188349,89.87
"2158","wisdom",3324,78191673,89.87
"2159","established",3320,78194993,89.88
"2160","jay",3320,78198313,89.88
"2161","map",3316,78201629,89.88
"2162","surface",3314,78204943,89.89
"2163","shake",3313,78208256,89.89
"2164","structure",3313,78211569,89.89
"2165","boo",3312,78214881,89.9
"2166","medicine",3310,78218191,89.9
"2167","purple",3310,78221501,89.91
"2168","homework",3307,78224808,89.91
"2169","theory",3307,78228115,89.91
"2170","loan",3305,78231420,89.92
"2171","rough",3305,78234725,89.92
"2172","describe",3299,78238024,89.93
"2173","assembly",3296,78241320,89.93
"2174","pointed",3296,78244616,89.93
"2175","nuclear",3295,78247911,89.94
"2176","commitment",3291,78251202,89.94
"2177","possibility",3289,78254491,89.94
"2178","brief",3278,78257769,89.95
"2179","finishing",3276,78261045,89.95
"2180","fried",3276,78264321,89.96
"2181","careful",3270,78267591,89.96
"2182","largely",3270,78270861,89.96
"2183","operation",3269,78274130,89.97
"2184","recognize",3268,78277398,89.97
"2185","regardless",3266,78280664,89.97
"2186","sometime",3264,78283928,89.98
"2187","suffering",3264,78287192,89.98
"2188","arena",3260,78290452,89.99
"2189","gray",3260,78293712,89.99
"2190","ridiculous",3258,78296970,89.99
"2191","pork",3257,78300227,90
"2192","smoking",3257,78303484,90
"2193","intended",3256,78306740,90
"2194","spiritual",3256,78309996,90.01
"2195","commissioner",3255,78313251,90.01
"2196","carried",3253,78316504,90.02
"2197","arrest",3252,78319756,90.02
"2198","debut",3251,78323007,90.02
"2199","awful",3248,78326255,90.03
"2200","clark",3244,78329499,90.03
"2201","filling",3239,78332738,90.03
"2202","ma",3239,78335977,90.04
"2203","counter",3237,78339214,90.04
"2204","kim",3237,78342451,90.05
"2205","reaction",3236,78345687,90.05
"2206","intense",3226,78348913,90.05
"2207","confirmed",3224,78352137,90.06
"2208","swing",3221,78355358,90.06
"2209","calm",3219,78358577,90.06
"2210","drawn",3218,78361795,90.07
"2211","hardly",3217,78365012,90.07
"2212","bedroom",3214,78368226,90.07
"2213","pride",3212,78371438,90.08
"2214","pound",3210,78374648,90.08
"2215","walker",3209,78377857,90.09
"2216","olive",3206,78381063,90.09
"2217","achieve",3201,78384264,90.09
"2218","confident",3201,78387465,90.1
"2219","domestic",3201,78390666,90.1
"2220","recall",3201,78393867,90.1
"2221","spokeswoman",3199,78397066,90.11
"2222","stir",3197,78400263,90.11
"2223","trading",3195,78403458,90.12
"2224","dough",3194,78406652,90.12
"2225","volunteer",3192,78409844,90.12
"2226","escape",3188,78413032,90.13
"2227","fame",3184,78416216,90.13
"2228","curious",3180,78419396,90.13
"2229","sharp",3178,78422574,90.14
"2230","cousin",3177,78425751,90.14
"2231","transfer",3174,78428925,90.14
"2232","detail",3170,78432095,90.15
"2233","directed",3169,78435264,90.15
"2234","lazy",3165,78438429,90.16
"2235","retail",3165,78441594,90.16
"2236","racing",3162,78444756,90.16
"2237","equal",3161,78447917,90.17
"2238","epic",3160,78451077,90.17
"2239","maintain",3160,78454237,90.17
"2240","remind",3160,78457397,90.18
"2241","forth",3155,78460552,90.18
"2242","goodness",3153,78463705,90.18
"2243","participate",3153,78466858,90.19
"2244","approval",3149,78470007,90.19
"2245","driven",3144,78473151,90.2
"2246","didnt",3138,78476289,90.2
"2247","hide",3138,78479427,90.2
"2248","bound",3135,78482562,90.21
"2249","yr",3134,78485696,90.21
"2250","academic",3133,78488829,90.21
"2251","gallery",3132,78491961,90.22
"2252","finance",3125,78495086,90.22
"2253","legislature",3125,78498211,90.22
"2254","motion",3124,78501335,90.23
"2255","false",3123,78504458,90.23
"2256","personality",3122,78507580,90.24
"2257","daddy",3121,78510701,90.24
"2258","reference",3119,78513820,90.24
"2259","surely",3117,78516937,90.25
"2260","ink",3116,78520053,90.25
"2261","pacific",3116,78523169,90.25
"2262","fixed",3115,78526284,90.26
"2263","mystery",3114,78529398,90.26
"2264","pat",3114,78532512,90.26
"2265","upper",3114,78535626,90.27
"2266","decent",3110,78538736,90.27
"2267","reserve",3109,78541845,90.27
"2268","ale",3108,78544953,90.28
"2269","huh",3106,78548059,90.28
"2270","tradition",3105,78551164,90.29
"2271","useful",3104,78554268,90.29
"2272","announcement",3102,78557370,90.29
"2273","lying",3102,78560472,90.3
"2274","wave",3099,78563571,90.3
"2275","percentage",3098,78566669,90.3
"2276","sessions",3098,78569767,90.31
"2277","identity",3094,78572861,90.31
"2278","sandwich",3092,78575953,90.31
"2279","unable",3092,78579045,90.32
"2280","frame",3089,78582134,90.32
"2281","numerous",3089,78585223,90.32
"2282","veteran",3085,78588308,90.33
"2283","expert",3077,78591385,90.33
"2284","fault",3071,78594456,90.33
"2285","specifically",3071,78597527,90.34
"2286","perry",3066,78600593,90.34
"2287","athletic",3062,78603655,90.35
"2288","incredibly",3062,78606717,90.35
"2289","extended",3061,78609778,90.35
"2290","prosecutor",3061,78612839,90.36
"2291","rarely",3056,78615895,90.36
"2292","hire",3053,78618948,90.36
"2293","corn",3052,78622000,90.37
"2294","instance",3048,78625048,90.37
"2295","traveling",3046,78628094,90.37
"2296","bless",3045,78631139,90.38
"2297","founder",3045,78634184,90.38
"2298","roof",3044,78637228,90.38
"2299","promote",3040,78640268,90.39
"2300","communication",3036,78643304,90.39
"2301","label",3036,78646340,90.39
"2302","selected",3034,78649374,90.4
"2303","booth",3031,78652405,90.4
"2304","garage",3030,78655435,90.41
"2305","hunt",3030,78658465,90.41
"2306","elementary",3029,78661494,90.41
"2307","chest",3026,78664520,90.42
"2308","eve",3022,78667542,90.42
"2309","affect",3021,78670563,90.42
"2310","loose",3019,78673582,90.43
"2311","yoga",3019,78676601,90.43
"2312","poll",3017,78679618,90.43
"2313","relatively",3012,78682630,90.44
"2314","jam",3011,78685641,90.44
"2315","helpful",3005,78688646,90.44
"2316","lawsuit",3003,78691649,90.45
"2317","combine",3002,78694651,90.45
"2318","unknown",3002,78697653,90.45
"2319","chips",3000,78700653,90.46
"2320","convention",3000,78703653,90.46
"2321","deliver",3000,78706653,90.46
"2322","catching",2999,78709652,90.47
"2323","corp",2998,78712650,90.47
"2324","inner",2995,78715645,90.47
"2325","grocery",2990,78718635,90.48
"2326","opposition",2989,78721624,90.48
"2327","stomach",2987,78724611,90.48
"2328","horror",2986,78727597,90.49
"2329","device",2985,78730582,90.49
"2330","organized",2985,78733567,90.49
"2331","revealed",2985,78736552,90.5
"2332","bye",2982,78739534,90.5
"2333","anger",2980,78742514,90.51
"2334","mirror",2978,78745492,90.51
"2335","finger",2974,78748466,90.51
"2336","worker",2974,78751440,90.52
"2337","dating",2972,78754412,90.52
"2338","port",2972,78757384,90.52
"2339","represent",2969,78760353,90.53
"2340","bench",2968,78763321,90.53
"2341","painted",2964,78766285,90.53
"2342","angel",2960,78769245,90.54
"2343","witness",2959,78772204,90.54
"2344","hundred",2957,78775161,90.54
"2345","survive",2957,78778118,90.55
"2346","atlantic",2953,78781071,90.55
"2347","assume",2949,78784020,90.55
"2348","solo",2948,78786968,90.56
"2349","potatoes",2947,78789915,90.56
"2350","compete",2946,78792861,90.56
"2351","jerry",2944,78795805,90.57
"2352","bite",2941,78798746,90.57
"2353","recession",2938,78801684,90.57
"2354","delivery",2935,78804619,90.58
"2355","valentine",2933,78807552,90.58
"2356","ruling",2929,78810481,90.58
"2357","hidden",2927,78813408,90.59
"2358","id",2924,78816332,90.59
"2359","carrying",2923,78819255,90.59
"2360","prince",2923,78822178,90.6
"2361","awareness",2921,78825099,90.6
"2362","unusual",2919,78828018,90.6
"2363","wishing",2916,78830934,90.61
"2364","feedback",2915,78833849,90.61
"2365","increasing",2913,78836762,90.61
"2366","las",2908,78839670,90.62
"2367","importance",2906,78842576,90.62
"2368","hosting",2901,78845477,90.62
"2369","deeply",2899,78848376,90.63
"2370","poetry",2895,78851271,90.63
"2371","workshop",2894,78854165,90.63
"2372","productive",2892,78857057,90.64
"2373","zero",2891,78859948,90.64
"2374","depending",2888,78862836,90.64
"2375","outdoor",2888,78865724,90.65
"2376","comic",2887,78868611,90.65
"2377","silent",2887,78871498,90.65
"2378","furniture",2886,78874384,90.66
"2379","seventh",2884,78877268,90.66
"2380","ann",2880,78880148,90.66
"2381","freshman",2880,78883028,90.67
"2382","powder",2879,78885907,90.67
"2383","grey",2875,78888782,90.67
"2384","industrial",2875,78891657,90.68
"2385","summit",2871,78894528,90.68
"2386","wing",2865,78897393,90.68
"2387","argue",2864,78900257,90.69
"2388","awake",2864,78903121,90.69
"2389","mitt",2861,78905982,90.69
"2390","fiscal",2860,78908842,90.7
"2391","wrap",2860,78911702,90.7
"2392","stopping",2859,78914561,90.7
"2393","organic",2856,78917417,90.71
"2394","foster",2855,78920272,90.71
"2395","goods",2854,78923126,90.71
"2396","proof",2854,78925980,90.72
"2397","forgotten",2853,78928833,90.72
"2398","twenty",2853,78931686,90.72
"2399","tone",2847,78934533,90.73
"2400","deadline",2845,78937378,90.73
"2401","noise",2845,78940223,90.73
"2402","ignore",2843,78943066,90.74
"2403","essential",2836,78945902,90.74
"2404","sheet",2834,78948736,90.74
"2405","rally",2833,78951569,90.75
"2406","ceremony",2831,78954400,90.75
"2407","grill",2831,78957231,90.75
"2408","nope",2830,78960061,90.76
"2409","monthly",2829,78962890,90.76
"2410","reduced",2829,78965719,90.76
"2411","pub",2828,78968547,90.76
"2412","fort",2827,78971374,90.77
"2413","ca",2826,78974200,90.77
"2414","necessarily",2821,78977021,90.77
"2415","thrown",2821,78979842,90.78
"2416","neighbor",2817,78982659,90.78
"2417","exact",2810,78985469,90.78
"2418","triple",2810,78988279,90.79
"2419","burning",2809,78991088,90.79
"2420","wrapped",2809,78993897,90.79
"2421","wore",2806,78996703,90.8
"2422","opposed",2802,78999505,90.8
"2423","sunshine",2800,79002305,90.8
"2424","aint",2799,79005104,90.81
"2425","extreme",2797,79007901,90.81
"2426","gang",2797,79010698,90.81
"2427","homeless",2793,79013491,90.82
"2428","arrive",2792,79016283,90.82
"2429","charity",2790,79019073,90.82
"2430","uncle",2788,79021861,90.83
"2431","engine",2786,79024647,90.83
"2432","competitive",2784,79027431,90.83
"2433","tower",2784,79030215,90.84
"2434","fallen",2783,79032998,90.84
"2435","chill",2782,79035780,90.84
"2436","graduation",2782,79038562,90.85
"2437","pour",2781,79041343,90.85
"2438","bin",2780,79044123,90.85
"2439","mortgage",2780,79046903,90.86
"2440","roughly",2780,79049683,90.86
"2441","searching",2779,79052462,90.86
"2442","category",2778,79055240,90.86
"2443","edition",2778,79058018,90.87
"2444","gear",2778,79060796,90.87
"2445","properly",2776,79063572,90.87
"2446","internal",2775,79066347,90.88
"2447","franchise",2773,79069120,90.88
"2448","portion",2773,79071893,90.88
"2449","routine",2770,79074663,90.89
"2450","silence",2767,79077430,90.89
"2451","cloud",2766,79080196,90.89
"2452","sought",2766,79082962,90.9
"2453","glasses",2765,79085727,90.9
"2454","depth",2764,79088491,90.9
"2455","beating",2763,79091254,90.91
"2456","tasting",2763,79094017,90.91
"2457","constant",2761,79096778,90.91
"2458","sadly",2756,79099534,90.92
"2459","tap",2756,79102290,90.92
"2460","rescue",2754,79105044,90.92
"2461","switch",2754,79107798,90.93
"2462","tables",2754,79110552,90.93
"2463","convinced",2750,79113302,90.93
"2464","affected",2748,79116050,90.93
"2465","lifetime",2745,79118795,90.94
"2466","bid",2744,79121539,90.94
"2467","brewing",2744,79124283,90.94
"2468","regularly",2743,79127026,90.95
"2469","couch",2742,79129768,90.95
"2470","fitness",2742,79132510,90.95
"2471","mo",2741,79135251,90.96
"2472","fancy",2736,79137987,90.96
"2473","intelligence",2736,79140723,90.96
"2474","method",2735,79143458,90.97
"2475","bass",2734,79146192,90.97
"2476","ear",2732,79148924,90.97
"2477","carefully",2728,79151652,90.98
"2478","clinic",2727,79154379,90.98
"2479","invite",2727,79157106,90.98
"2480","penalty",2724,79159830,90.98
"2481","sector",2721,79162551,90.99
"2482","volume",2720,79165271,90.99
"2483","context",2719,79167990,90.99
"2484","rent",2719,79170709,91
"2485","tackle",2718,79173427,91
"2486","pocket",2717,79176144,91
"2487","casino",2713,79178857,91.01
"2488","crossed",2712,79181569,91.01
"2489","applied",2709,79184278,91.01
"2490","heck",2709,79186987,91.02
"2491","rid",2709,79189696,91.02
"2492","violent",2709,79192405,91.02
"2493","appointment",2708,79195113,91.03
"2494","admitted",2706,79197819,91.03
"2495","glory",2705,79200524,91.03
"2496","discover",2697,79203221,91.03
"2497","coaching",2696,79205917,91.04
"2498","humor",2692,79208609,91.04
"2499","employment",2689,79211298,91.04
"2500","identify",2689,79213987,91.05
"2501","jimmy",2687,79216674,91.05
"2502","branch",2682,79219356,91.05
"2503","occupy",2681,79222037,91.06
"2504","ancient",2675,79224712,91.06
"2505","immediate",2675,79227387,91.06
"2506","romance",2673,79230060,91.07
"2507","royal",2673,79232733,91.07
"2508","sand",2672,79235405,91.07
"2509","bureau",2671,79238076,91.07
"2510","initially",2669,79240745,91.08
"2511","charter",2664,79243409,91.08
"2512","vanilla",2664,79246073,91.08
"2513","classroom",2663,79248736,91.09
"2514","ultimate",2663,79251399,91.09
"2515","ward",2658,79254057,91.09
"2516","disaster",2657,79256714,91.1
"2517","sigh",2656,79259370,91.1
"2518","rob",2653,79262023,91.1
"2519","trash",2653,79264676,91.11
"2520","index",2652,79267328,91.11
"2521","adorable",2651,79269979,91.11
"2522","contemporary",2651,79272630,91.11
"2523","stolen",2645,79275275,91.12
"2524","belief",2643,79277918,91.12
"2525","tale",2642,79280560,91.12
"2526","frozen",2641,79283201,91.13
"2527","advanced",2637,79285838,91.13
"2528","broadway",2635,79288473,91.13
"2529","resort",2635,79291108,91.14
"2530","desert",2633,79293741,91.14
"2531","salary",2633,79296374,91.14
"2532","fishing",2629,79299003,91.14
"2533","thousand",2628,79301631,91.15
"2534","cable",2627,79304258,91.15
"2535","solar",2623,79306881,91.15
"2536","reaching",2622,79309503,91.16
"2537","conflict",2619,79312122,91.16
"2538","z",2618,79314740,91.16
"2539","shore",2616,79317356,91.17
"2540","strip",2616,79319972,91.17
"2541","reminder",2615,79322587,91.17
"2542","reporter",2614,79325201,91.17
"2543","onion",2613,79327814,91.18
"2544","dessert",2611,79330425,91.18
"2545","parade",2609,79333034,91.18
"2546","complicated",2607,79335641,91.19
"2547","sons",2607,79338248,91.19
"2548","boost",2606,79340854,91.19
"2549","increasingly",2605,79343459,91.2
"2550","frequently",2603,79346062,91.2
"2551","settled",2603,79348665,91.2
"2552","suspended",2600,79351265,91.2
"2553","mommy",2598,79353863,91.21
"2554","surrounding",2597,79356460,91.21
"2555","ballot",2596,79359056,91.21
"2556","lounge",2595,79361651,91.22
"2557","temperature",2592,79364243,91.22
"2558","error",2590,79366833,91.22
"2559","announce",2588,79369421,91.23
"2560","monster",2585,79372006,91.23
"2561","gate",2584,79374590,91.23
"2562","sum",2584,79377174,91.23
"2563","technical",2584,79379758,91.24
"2564","producer",2583,79382341,91.24
"2565","stepped",2582,79384923,91.24
"2566","flash",2579,79387502,91.25
"2567","reasonable",2579,79390081,91.25
"2568","jeans",2576,79392657,91.25
"2569","danger",2575,79395232,91.26
"2570","steel",2575,79397807,91.26
"2571","explore",2574,79400381,91.26
"2572","layer",2573,79402954,91.26
"2573","elsewhere",2569,79405523,91.27
"2574","bone",2568,79408091,91.27
"2575","democrat",2567,79410658,91.27
"2576","outstanding",2567,79413225,91.28
"2577","ban",2565,79415790,91.28
"2578","ribbon",2565,79418355,91.28
"2579","wont",2565,79420920,91.28
"2580","congressional",2564,79423484,91.29
"2581","dig",2563,79426047,91.29
"2582","valuable",2562,79428609,91.29
"2583","secure",2560,79431169,91.3
"2584","amy",2554,79433723,91.3
"2585","chopped",2550,79436273,91.3
"2586","shock",2549,79438822,91.31
"2587","root",2548,79441370,91.31
"2588","wealth",2548,79443918,91.31
"2589","user",2547,79446465,91.31
"2590","deficit",2544,79449009,91.32
"2591","pension",2544,79451553,91.32
"2592","broad",2543,79454096,91.32
"2593","ranked",2540,79456636,91.33
"2594","minimum",2539,79459175,91.33
"2595","thunder",2537,79461712,91.33
"2596","storage",2533,79464245,91.33
"2597","transition",2532,79466777,91.34
"2598","settle",2530,79469307,91.34
"2599","baked",2529,79471836,91.34
"2600","fool",2528,79474364,91.35
"2601","therapy",2528,79476892,91.35
"2602","knock",2526,79479418,91.35
"2603","expand",2525,79481943,91.36
"2604","screaming",2523,79484466,91.36
"2605","relax",2518,79486984,91.36
"2606","grandma",2517,79489501,91.36
"2607","potato",2517,79492018,91.37
"2608","coat",2516,79494534,91.37
"2609","deputy",2515,79497049,91.37
"2610","naturally",2515,79499564,91.38
"2611","trick",2515,79502079,91.38
"2612","teens",2514,79504593,91.38
"2613","platform",2509,79507102,91.38
"2614","understood",2509,79509611,91.39
"2615","starter",2507,79512118,91.39
"2616","dramatic",2506,79514624,91.39
"2617","hoped",2505,79517129,91.4
"2618","capable",2502,79519631,91.4
"2619","improvement",2502,79522133,91.4
"2620","morgan",2502,79524635,91.4
"2621","constitution",2500,79527135,91.41
"2622","tear",2499,79529634,91.41
"2623","swimming",2496,79532130,91.41
"2624","tomato",2496,79534626,91.42
"2625","informed",2495,79537121,91.42
"2626","jane",2495,79539616,91.42
"2627","lift",2495,79542111,91.42
"2628","someday",2495,79544606,91.43
"2629","capacity",2492,79547098,91.43
"2630","reputation",2487,79549585,91.43
"2631","piano",2486,79552071,91.44
"2632","calendar",2483,79554554,91.44
"2633","payment",2480,79557034,91.44
"2634","principal",2480,79559514,91.44
"2635","trained",2477,79561991,91.45
"2636","exhibit",2476,79564467,91.45
"2637","superior",2475,79566942,91.45
"2638","amendment",2474,79569416,91.46
"2639","agenda",2472,79571888,91.46
"2640","definition",2470,79574358,91.46
"2641","brewery",2463,79576821,91.46
"2642","eighth",2463,79579284,91.47
"2643","flip",2462,79581746,91.47
"2644","merry",2462,79584208,91.47
"2645","rating",2462,79586670,91.48
"2646","northeast",2461,79589131,91.48
"2647","photography",2461,79591592,91.48
"2648","select",2458,79594050,91.48
"2649","laundry",2457,79596507,91.49
"2650","romantic",2457,79598964,91.49
"2651","decline",2456,79601420,91.49
"2652","equally",2454,79603874,91.5
"2653","mainly",2451,79606325,91.5
"2654","dust",2450,79608775,91.5
"2655","praise",2448,79611223,91.5
"2656","woo",2446,79613669,91.51
"2657","rookie",2445,79616114,91.51
"2658","attached",2444,79618558,91.51
"2659","consecutive",2444,79621002,91.51
"2660","ongoing",2444,79623446,91.52
"2661","ton",2444,79625890,91.52
"2662","occasionally",2443,79628333,91.52
"2663","genius",2441,79630774,91.53
"2664","resolution",2441,79633215,91.53
"2665","steal",2440,79635655,91.53
"2666","heavily",2437,79638092,91.53
"2667","existence",2436,79640528,91.54
"2668","permanent",2436,79642964,91.54
"2669","mode",2435,79645399,91.54
"2670","franklin",2433,79647832,91.55
"2671","inspiring",2433,79650265,91.55
"2672","stream",2433,79652698,91.55
"2673","species",2432,79655130,91.55
"2674","worthy",2432,79657562,91.56
"2675","excitement",2431,79659993,91.56
"2676","manner",2430,79662423,91.56
"2677","locked",2428,79664851,91.57
"2678","conduct",2427,79667278,91.57
"2679","tank",2427,79669705,91.57
"2680","pa",2426,79672131,91.57
"2681","larry",2425,79674556,91.58
"2682","aggressive",2424,79676980,91.58
"2683","runner",2423,79679403,91.58
"2684","sin",2423,79681826,91.58
"2685","cherry",2420,79684246,91.59
"2686","counting",2419,79686665,91.59
"2687","possession",2419,79689084,91.59
"2688","liberty",2417,79691501,91.6
"2689","yummy",2416,79693917,91.6
"2690","ideal",2415,79696332,91.6
"2691","follower",2414,79698746,91.6
"2692","steak",2414,79701160,91.61
"2693","climate",2413,79703573,91.61
"2694","grandmother",2410,79705983,91.61
"2695","nowhere",2410,79708393,91.62
"2696","merely",2409,79710802,91.62
"2697","semester",2409,79713211,91.62
"2698","protest",2406,79715617,91.62
"2699","function",2405,79718022,91.63
"2700","navy",2405,79720427,91.63
"2701","engaged",2403,79722830,91.63
"2702","stated",2403,79725233,91.63
"2703","atmosphere",2400,79727633,91.64
"2704","praying",2399,79730032,91.64
"2705","armed",2397,79732429,91.64
"2706","receiver",2396,79734825,91.65
"2707","closely",2395,79737220,91.65
"2708","formed",2394,79739614,91.65
"2709","expressed",2390,79742004,91.65
"2710","belt",2387,79744391,91.66
"2711","carter",2387,79746778,91.66
"2712","ghost",2387,79749165,91.66
"2713","registration",2387,79751552,91.66
"2714","revolution",2387,79753939,91.67
"2715","courage",2383,79756322,91.67
"2716","essentially",2381,79758703,91.67
"2717","wheel",2380,79761083,91.68
"2718","affordable",2374,79763457,91.68
"2719","gap",2374,79765831,91.68
"2720","dropping",2373,79768204,91.68
"2721","bitter",2369,79770573,91.69
"2722","precious",2369,79772942,91.69
"2723","bonus",2367,79775309,91.69
"2724","shine",2367,79777676,91.69
"2725","painful",2363,79780039,91.7
"2726","gathering",2361,79782400,91.7
"2727","covering",2359,79784759,91.7
"2728","awhile",2358,79787117,91.71
"2729","lab",2357,79789474,91.71
"2730","fam",2356,79791830,91.71
"2731","elite",2355,79794185,91.71
"2732","entering",2355,79796540,91.72
"2733","twin",2355,79798895,91.72
"2734","load",2354,79801249,91.72
"2735","severe",2353,79803602,91.72
"2736","smiling",2353,79805955,91.73
"2737","partnership",2350,79808305,91.73
"2738","blake",2347,79810652,91.73
"2739","punk",2347,79812999,91.74
"2740","moral",2346,79815345,91.74
"2741","blend",2345,79817690,91.74
"2742","linked",2343,79820033,91.74
"2743","rolled",2341,79822374,91.75
"2744","bath",2340,79824714,91.75
"2745","chip",2340,79827054,91.75
"2746","documentary",2340,79829394,91.75
"2747","vast",2336,79831730,91.76
"2748","laden",2334,79834064,91.76
"2749","nurse",2331,79836395,91.76
"2750","reflect",2331,79838726,91.77
"2751","begun",2330,79841056,91.77
"2752","landscape",2328,79843384,91.77
"2753","celebrity",2324,79845708,91.77
"2754","transit",2324,79848032,91.78
"2755","marry",2322,79850354,91.78
"2756","assistance",2321,79852675,91.78
"2757","attractive",2320,79854995,91.78
"2758","temporary",2320,79857315,91.79
"2759","causing",2318,79859633,91.79
"2760","educational",2318,79861951,91.79
"2761","boots",2317,79864268,91.79
"2762","derby",2316,79866584,91.8
"2763","hug",2315,79868899,91.8
"2764","sudden",2312,79871211,91.8
"2765","grilled",2311,79873522,91.81
"2766","succeed",2311,79875833,91.81
"2767","steven",2310,79878143,91.81
"2768","dealer",2307,79880450,91.81
"2769","priority",2307,79882757,91.82
"2770","repair",2307,79885064,91.82
"2771","publicly",2304,79887368,91.82
"2772","cycle",2303,79889671,91.82
"2773","entertaining",2303,79891974,91.83
"2774","spoken",2302,79894276,91.83
"2775","idol",2301,79896577,91.83
"2776","factory",2300,79898877,91.83
"2777","ross",2300,79901177,91.84
"2778","fought",2299,79903476,91.84
"2779","rail",2299,79905775,91.84
"2780","deck",2296,79908071,91.84
"2781","newly",2296,79910367,91.85
"2782","temple",2294,79912661,91.85
"2783","criticism",2293,79914954,91.85
"2784","streak",2293,79917247,91.86
"2785","forgive",2291,79919538,91.86
"2786","visual",2291,79921829,91.86
"2787","registered",2288,79924117,91.86
"2788","bat",2287,79926404,91.87
"2789","depression",2286,79928690,91.87
"2790","column",2284,79930974,91.87
"2791","failing",2283,79933257,91.87
"2792","kit",2283,79935540,91.88
"2793","nonprofit",2283,79937823,91.88
"2794","pitcher",2282,79940105,91.88
"2795","collective",2281,79942386,91.88
"2796","document",2281,79944667,91.89
"2797","friendship",2280,79946947,91.89
"2798","chick",2279,79949226,91.89
"2799","hung",2278,79951504,91.89
"2800","electronic",2277,79953781,91.9
"2801","overnight",2276,79956057,91.9
"2802","peak",2275,79958332,91.9
"2803","backed",2274,79960606,91.91
"2804","badly",2273,79962879,91.91
"2805","description",2273,79965152,91.91
"2806","kingdom",2271,79967423,91.91
"2807","hubby",2270,79969693,91.92
"2808","pen",2268,79971961,91.92
"2809","waking",2264,79974225,91.92
"2810","shadow",2263,79976488,91.92
"2811","interior",2262,79978750,91.93
"2812","creativity",2261,79981011,91.93
"2813","desperate",2260,79983271,91.93
"2814","sample",2260,79985531,91.93
"2815","consistent",2259,79987790,91.94
"2816","tiger",2256,79990046,91.94
"2817","chamber",2255,79992301,91.94
"2818","closet",2253,79994554,91.94
"2819","insane",2253,79996807,91.95
"2820","legislative",2252,79999059,91.95
"2821","maker",2252,80001311,91.95
"2822","custom",2250,80003561,91.95
"2823","embrace",2249,80005810,91.96
"2824","amen",2248,80008058,91.96
"2825","pilot",2247,80010305,91.96
"2826","analyst",2245,80012550,91.96
"2827","laying",2245,80014795,91.97
"2828","resume",2241,80017036,91.97
"2829","skill",2241,80019277,91.97
"2830","admission",2240,80021517,91.98
"2831","bankruptcy",2240,80023757,91.98
"2832","cried",2240,80025997,91.98
"2833","relevant",2240,80028237,91.98
"2834","wire",2239,80030476,91.99
"2835","duck",2238,80032714,91.99
"2836","venture",2237,80034951,91.99
"2837","script",2236,80037187,91.99
"2838","destination",2234,80039421,92
"2839","handful",2233,80041654,92
"2840","loaded",2233,80043887,92
"2841","allegedly",2232,80046119,92
"2842","chuck",2231,80048350,92.01
"2843","imagination",2231,80050581,92.01
"2844","android",2228,80052809,92.01
"2845","overtime",2228,80055037,92.01
"2846","suffer",2225,80057262,92.02
"2847","discount",2224,80059486,92.02
"2848","complaint",2222,80061708,92.02
"2849","patience",2220,80063928,92.02
"2850","submit",2219,80066147,92.03
"2851","forum",2218,80068365,92.03
"2852","testimony",2217,80070582,92.03
"2853","collins",2216,80072798,92.03
"2854","discovery",2216,80075014,92.04
"2855","potentially",2216,80077230,92.04
"2856","collect",2215,80079445,92.04
"2857","surrounded",2215,80081660,92.04
"2858","phase",2212,80083872,92.05
"2859","proved",2211,80086083,92.05
"2860","brush",2210,80088293,92.05
"2861","hood",2210,80090503,92.05
"2862","giveaway",2207,80092710,92.06
"2863","flag",2206,80094916,92.06
"2864","delay",2204,80097120,92.06
"2865","northwest",2204,80099324,92.06
"2866","luxury",2202,80101526,92.07
"2867","regret",2201,80103727,92.07
"2868","surprising",2201,80105928,92.07
"2869","assets",2200,80108128,92.07
"2870","hint",2200,80110328,92.08
"2871","marked",2200,80112528,92.08
"2872","sized",2199,80114727,92.08
"2873","complain",2198,80116925,92.08
"2874","venue",2197,80119122,92.09
"2875","actress",2196,80121318,92.09
"2876","phrase",2196,80123514,92.09
"2877","landed",2193,80125707,92.09
"2878","sentiment",2193,80127900,92.1
"2879","genre",2192,80130092,92.1
"2880","outcome",2190,80132282,92.1
"2881","healing",2189,80134471,92.11
"2882","lighting",2188,80136659,92.11
"2883","absolute",2187,80138846,92.11
"2884","liquid",2186,80141032,92.11
"2885","darkness",2185,80143217,92.12
"2886","un",2185,80145402,92.12
"2887","choosing",2184,80147586,92.12
"2888","string",2184,80149770,92.12
"2889","worn",2183,80151953,92.13
"2890","hurry",2180,80154133,92.13
"2891","protein",2180,80156313,92.13
"2892","heritage",2175,80158488,92.13
"2893","tender",2173,80160661,92.14
"2894","shoe",2172,80162833,92.14
"2895","jewelry",2168,80165001,92.14
"2896","privacy",2168,80167169,92.14
"2897","initiative",2167,80169336,92.15
"2898","reveal",2167,80171503,92.15
"2899","fascinating",2165,80173668,92.15
"2900","highlight",2165,80175833,92.15
"2901","adopted",2164,80177997,92.16
"2902","oak",2163,80180160,92.16
"2903","basket",2162,80182322,92.16
"2904","jacket",2161,80184483,92.16
"2905","sake",2161,80186644,92.17
"2906","ministry",2156,80188800,92.17
"2907","contrast",2153,80190953,92.17
"2908","princess",2153,80193106,92.17
"2909","tasty",2151,80195257,92.17
"2910","ted",2150,80197407,92.18
"2911","breathe",2147,80199554,92.18
"2912","skip",2147,80201701,92.18
"2913","alert",2145,80203846,92.18
"2914","homemade",2145,80205991,92.19
"2915","unexpected",2144,80208135,92.19
"2916","sec",2141,80210276,92.19
"2917","bull",2139,80212415,92.19
"2918","commerce",2137,80214552,92.2
"2919","screening",2136,80216688,92.2
"2920","sponsor",2136,80218824,92.2
"2921","billy",2135,80220959,92.2
"2922","ken",2132,80223091,92.21
"2923","sacrifice",2132,80225223,92.21
"2924","unlikely",2132,80227355,92.21
"2925","nicely",2129,80229484,92.21
"2926","trailer",2129,80231613,92.22
"2927","brunch",2127,80233740,92.22
"2928","lame",2126,80235866,92.22
"2929","bold",2125,80237991,92.22
"2930","collected",2125,80240116,92.23
"2931","dressing",2125,80242241,92.23
"2932","duke",2124,80244365,92.23
"2933","lock",2124,80246489,92.23
"2934","shelter",2124,80248613,92.24
"2935","slice",2123,80250736,92.24
"2936","blessing",2122,80252858,92.24
"2937","spell",2122,80254980,92.24
"2938","luke",2119,80257099,92.25
"2939","repeatedly",2119,80259218,92.25
"2940","belly",2116,80261334,92.25
"2941","hunting",2114,80263448,92.25
"2942","mon",2114,80265562,92.26
"2943","battery",2113,80267675,92.26
"2944","worship",2113,80269788,92.26
"2945","independence",2112,80271900,92.26
"2946","impression",2111,80274011,92.27
"2947","burned",2110,80276121,92.27
"2948","spray",2110,80278231,92.27
"2949","pitching",2106,80280337,92.27
"2950","lonely",2105,80282442,92.28
"2951","motivation",2105,80284547,92.28
"2952","earnings",2103,80286650,92.28
"2953","tested",2103,80288753,92.28
"2954","roster",2102,80290855,92.28
"2955","behalf",2100,80292955,92.29
"2956","cruise",2100,80295055,92.29
"2957","latter",2097,80297152,92.29
"2958","odds",2096,80299248,92.29
"2959","ravens",2096,80301344,92.3
"2960","southwest",2094,80303438,92.3
"2961","exam",2093,80305531,92.3
"2962","jake",2093,80307624,92.3
"2963","legacy",2092,80309716,92.31
"2964","lined",2092,80311808,92.31
"2965","accomplished",2091,80313899,92.31
"2966","parker",2091,80315990,92.31
"2967","dean",2090,80318080,92.32
"2968","touched",2090,80320170,92.32
"2969","aka",2089,80322259,92.32
"2970","declared",2088,80324347,92.32
"2971","engineering",2087,80326434,92.33
"2972","ordinary",2087,80328521,92.33
"2973","morris",2085,80330606,92.33
"2974","bother",2084,80332690,92.33
"2975","mi",2084,80334774,92.34
"2976","universal",2084,80336858,92.34
"2977","er",2083,80338941,92.34
"2978","ninth",2083,80341024,92.34
"2979","outfit",2083,80343107,92.34
"2980","pleasant",2083,80345190,92.35
"2981","salmon",2082,80347272,92.35
"2982","dawn",2079,80349351,92.35
"2983","ease",2078,80351429,92.35
"2984","harm",2077,80353506,92.36
"2985","ceiling",2072,80355578,92.36
"2986","extension",2071,80357649,92.36
"2987","instant",2070,80359719,92.36
"2988","physically",2069,80361788,92.37
"2989","defend",2068,80363856,92.37
"2990","topped",2068,80365924,92.37
"2991","whoever",2068,80367992,92.37
"2992","ginger",2067,80370059,92.38
"2993","legend",2067,80372126,92.38
"2994","circuit",2066,80374192,92.38
"2995","wooden",2066,80376258,92.38
"2996","fest",2065,80378323,92.39
"2997","kyle",2065,80380388,92.39
"2998","acknowledged",2061,80382449,92.39
"2999","auction",2061,80384510,92.39
"3000","occasion",2061,80386571,92.39
"3001","blah",2060,80388631,92.4
"3002","exit",2060,80390691,92.4
"3003","gospel",2060,80392751,92.4
"3004","scheme",2060,80394811,92.4
"3005","wright",2059,80396870,92.41
"3006","pregnancy",2057,80398927,92.41
"3007","sore",2057,80400984,92.41
"3008","broadcast",2056,80403040,92.41
"3009","nationwide",2056,80405096,92.42
"3010","nelson",2055,80407151,92.42
"3011","peanut",2054,80409205,92.42
"3012","banana",2053,80411258,92.42
"3013","formal",2053,80413311,92.43
"3014","magical",2053,80415364,92.43
"3015","prep",2052,80417416,92.43
"3016","conclusion",2051,80419467,92.43
"3017","aspect",2048,80421515,92.43
"3018","bobby",2047,80423562,92.44
"3019","divorce",2046,80425608,92.44
"3020","gig",2045,80427653,92.44
"3021","shrimp",2043,80429696,92.44
"3022","printed",2042,80431738,92.45
"3023","solve",2042,80433780,92.45
"3024","aunt",2041,80435821,92.45
"3025","shorts",2038,80437859,92.45
"3026","engage",2037,80439896,92.46
"3027","pale",2037,80441933,92.46
"3028","resource",2037,80443970,92.46
"3029","shaped",2036,80446006,92.46
"3030","donate",2035,80448041,92.47
"3031","innovation",2035,80450076,92.47
"3032","trucks",2035,80452111,92.47
"3033","zoo",2035,80454146,92.47
"3034","exception",2033,80456179,92.47
"3035","kicking",2032,80458211,92.48
"3036","blocked",2028,80460239,92.48
"3037","commit",2027,80462266,92.48
"3038","inspire",2025,80464291,92.48
"3039","signature",2025,80466316,92.49
"3040","stocks",2024,80468340,92.49
"3041","alarm",2022,80470362,92.49
"3042","citizen",2022,80472384,92.49
"3043","mount",2022,80474406,92.5
"3044","introduce",2021,80476427,92.5
"3045","slide",2020,80478447,92.5
"3046","dare",2019,80480466,92.5
"3047","entrance",2019,80482485,92.51
"3048","maintenance",2019,80484504,92.51
"3049","whilst",2015,80486519,92.51
"3050","snap",2014,80488533,92.51
"3051","dirt",2011,80490544,92.51
"3052","breathing",2009,80492553,92.52
"3053","expansion",2008,80494561,92.52
"3054","buffalo",2007,80496568,92.52
"3055","dried",2007,80498575,92.52
"3056","basement",2006,80500581,92.53
"3057","literature",2006,80502587,92.53
"3058","opera",2006,80504593,92.53
"3059","spin",2006,80506599,92.53
"3060","crown",2005,80508604,92.54
"3061","widely",2004,80510608,92.54
"3062","cheer",2003,80512611,92.54
"3063","prospect",2003,80514614,92.54
"3064","publisher",2003,80516617,92.54
"3065","funded",2002,80518619,92.55
"3066","illness",2001,80520620,92.55
"3067","slept",2000,80522620,92.55
"3068","finale",1997,80524617,92.55
"3069","aged",1996,80526613,92.56
"3070","orchestra",1996,80528609,92.56
"3071","warren",1996,80530605,92.56
"3072","crush",1995,80532600,92.56
"3073","rural",1995,80534595,92.56
"3074","coalition",1994,80536589,92.57
"3075","height",1994,80538583,92.57
"3076","twist",1994,80540577,92.57
"3077","democracy",1993,80542570,92.57
"3078","philosophy",1993,80544563,92.58
"3079","roger",1993,80546556,92.58
"3080","toy",1992,80548548,92.58
"3081","terry",1991,80550539,92.58
"3082","contain",1985,80552524,92.59
"3083","detailed",1982,80554506,92.59
"3084","tattoo",1982,80556488,92.59
"3085","surprisingly",1981,80558469,92.59
"3086","brad",1980,80560449,92.59
"3087","generous",1980,80562429,92.6
"3088","command",1979,80564408,92.6
"3089","timing",1978,80566386,92.6
"3090","audio",1977,80568363,92.6
"3091","concrete",1977,80570340,92.61
"3092","blown",1976,80572316,92.61
"3093","headquarters",1976,80574292,92.61
"3094","marine",1976,80576268,92.61
"3095","steady",1976,80578244,92.62
"3096","creepy",1973,80580217,92.62
"3097","expression",1973,80582190,92.62
"3098","kindle",1973,80584163,92.62
"3099","theft",1973,80586136,92.62
"3100","fate",1972,80588108,92.63
"3101","anna",1971,80590079,92.63
"3102","climb",1971,80592050,92.63
"3103","cure",1969,80594019,92.63
"3104","efficient",1968,80595987,92.64
"3105","judgment",1968,80597955,92.64
"3106","abandoned",1967,80599922,92.64
"3107","nursing",1966,80601888,92.64
"3108","squad",1965,80603853,92.64
"3109","differently",1963,80605816,92.65
"3110","swim",1963,80607779,92.65
"3111","pile",1962,80609741,92.65
"3112","personnel",1960,80611701,92.65
"3113","reward",1960,80613661,92.66
"3114","scandal",1960,80615621,92.66
"3115","stunning",1959,80617580,92.66
"3116","apparent",1958,80619538,92.66
"3117","stuffed",1954,80621492,92.66
"3118","innocent",1953,80623445,92.67
"3119","household",1952,80625397,92.67
"3120","turner",1952,80627349,92.67
"3121","humanity",1951,80629300,92.67
"3122","pac",1951,80631251,92.68
"3123","sooner",1951,80633202,92.68
"3124","beloved",1950,80635152,92.68
"3125","contribute",1948,80637100,92.68
"3126","defeat",1948,80639048,92.69
"3127","booked",1946,80640994,92.69
"3128","capture",1945,80642939,92.69
"3129","crystal",1944,80644883,92.69
"3130","engagement",1943,80646826,92.69
"3131","exposed",1942,80648768,92.7
"3132","folk",1942,80650710,92.7
"3133","accurate",1941,80652651,92.7
"3134","earthquake",1941,80654592,92.7
"3135","pursue",1940,80656532,92.71
"3136","technique",1939,80658471,92.71
"3137","element",1938,80660409,92.71
"3138","saint",1938,80662347,92.71
"3139","throat",1938,80664285,92.71
"3140","empire",1937,80666222,92.72
"3141","gently",1935,80668157,92.72
"3142","filing",1934,80670091,92.72
"3143","assist",1930,80672021,92.72
"3144","buzz",1930,80673951,92.73
"3145","sketch",1930,80675881,92.73
"3146","dialogue",1929,80677810,92.73
"3147","exposure",1929,80679739,92.73
"3148","improving",1929,80681668,92.73
"3149","sub",1927,80683595,92.74
"3150","alongside",1926,80685521,92.74
"3151","compare",1926,80687447,92.74
"3152","grounds",1925,80689372,92.74
"3153","anxiety",1924,80691296,92.75
"3154","habit",1924,80693220,92.75
"3155","laura",1924,80695144,92.75
"3156","faculty",1923,80697067,92.75
"3157","poem",1922,80698989,92.75
"3158","russia",1922,80700911,92.76
"3159","reception",1921,80702832,92.76
"3160","sensitive",1920,80704752,92.76
"3161","stays",1919,80706671,92.76
"3162","foul",1918,80708589,92.76
"3163","wheat",1918,80710507,92.77
"3164","literary",1916,80712423,92.77
"3165","tan",1915,80714338,92.77
"3166","crisp",1914,80716252,92.77
"3167","effectively",1912,80718164,92.78
"3168","soil",1911,80720075,92.78
"3169","tribute",1911,80721986,92.78
"3170","strongly",1910,80723896,92.78
"3171","muscle",1909,80725805,92.78
"3172","gender",1908,80727713,92.79
"3173","slight",1908,80729621,92.79
"3174","plaza",1907,80731528,92.79
"3175","sophomore",1907,80733435,92.79
"3176","approximately",1906,80735341,92.8
"3177","boulevard",1906,80737247,92.8
"3178","flood",1906,80739153,92.8
"3179","republic",1906,80741059,92.8
"3180","rocky",1906,80742965,92.8
"3181","stranger",1906,80744871,92.81
"3182","brick",1905,80746776,92.81
"3183","refuse",1902,80748678,92.81
"3184","ranch",1901,80750579,92.81
"3185","spotted",1901,80752480,92.82
"3186","wolf",1901,80754381,92.82
"3187","replacement",1900,80756281,92.82
"3188","titanic",1899,80758180,92.82
"3189","balanced",1898,80760078,92.82
"3190","coconut",1898,80761976,92.83
"3191","operate",1896,80763872,92.83
"3192","swag",1896,80765768,92.83
"3193","shy",1895,80767663,92.83
"3194","crossing",1893,80769556,92.84
"3195","wat",1892,80771448,92.84
"3196","bow",1890,80773338,92.84
"3197","pretend",1890,80775228,92.84
"3198","castle",1889,80777117,92.84
"3199","exhibition",1886,80779003,92.85
"3200","dang",1885,80780888,92.85
"3201","bud",1884,80782772,92.85
"3202","soda",1884,80784656,92.85
"3203","eaten",1883,80786539,92.85
"3204","griffin",1882,80788421,92.86
"3205","pit",1882,80790303,92.86
"3206","lawn",1881,80792184,92.86
"3207","clue",1880,80794064,92.86
"3208","fence",1879,80795943,92.87
"3209","lightly",1878,80797821,92.87
"3210","biz",1875,80799696,92.87
"3211","comparison",1874,80801570,92.87
"3212","explanation",1874,80803444,92.87
"3213","semi",1873,80805317,92.88
"3214","staring",1873,80807190,92.88
"3215","narrow",1872,80809062,92.88
"3216","motor",1870,80810932,92.88
"3217","developer",1868,80812800,92.88
"3218","baker",1866,80814666,92.89
"3219","celebrated",1866,80816532,92.89
"3220","clever",1866,80818398,92.89
"3221","pastor",1866,80820264,92.89
"3222","threatening",1865,80822129,92.9
"3223","rap",1864,80823993,92.9
"3224","bang",1863,80825856,92.9
"3225","forecast",1861,80827717,92.9
"3226","superintendent",1861,80829578,92.9
"3227","invest",1860,80831438,92.91
"3228","exclusive",1859,80833297,92.91
"3229","statistics",1859,80835156,92.91
"3230","lottery",1858,80837014,92.91
"3231","locker",1856,80838870,92.91
"3232","leather",1854,80840724,92.92
"3233","preparation",1854,80842578,92.92
"3234","senator",1854,80844432,92.92
"3235","fortune",1853,80846285,92.92
"3236","practical",1851,80848136,92.93
"3237","scratch",1851,80849987,92.93
"3238","stole",1851,80851838,92.93
"3239","crucial",1850,80853688,92.93
"3240","gather",1850,80855538,92.93
"3241","photographer",1850,80857388,92.94
"3242","ers",1849,80859237,92.94
"3243","overcome",1849,80861086,92.94
"3244","blowing",1847,80862933,92.94
"3245","drag",1847,80864780,92.94
"3246","diamond",1846,80866626,92.95
"3247","convince",1845,80868471,92.95
"3248","defined",1845,80870316,92.95
"3249","ours",1845,80872161,92.95
"3250","seemingly",1845,80874006,92.96
"3251","chili",1844,80875850,92.96
"3252","bloody",1843,80877693,92.96
"3253","lit",1843,80879536,92.96
"3254","pumpkin",1843,80881379,92.96
"3255","format",1842,80883221,92.97
"3256","intent",1842,80885063,92.97
"3257","extent",1841,80886904,92.97
"3258","formula",1840,80888744,92.97
"3259","electricity",1839,80890583,92.97
"3260","lamb",1839,80892422,92.98
"3261","scientific",1839,80894261,92.98
"3262","associate",1838,80896099,92.98
"3263","graphic",1838,80897937,92.98
"3264","nail",1838,80899775,92.98
"3265","palm",1838,80901613,92.99
"3266","object",1836,80903449,92.99
"3267","guarantee",1835,80905284,92.99
"3268","texture",1835,80907119,92.99
"3269","sweat",1834,80908953,93
"3270","potter",1833,80910786,93
"3271","lover",1832,80912618,93
"3272","rainy",1832,80914450,93
"3273","lime",1831,80916281,93
"3274","occur",1831,80918112,93.01
"3275","scream",1831,80919943,93.01
"3276","brew",1830,80921773,93.01
"3277","clay",1830,80923603,93.01
"3278","endless",1830,80925433,93.01
"3279","toast",1830,80927263,93.02
"3280","casual",1829,80929092,93.02
"3281","massage",1829,80930921,93.02
"3282","mum",1828,80932749,93.02
"3283","significantly",1828,80934577,93.02
"3284","tennis",1828,80936405,93.03
"3285","virtual",1827,80938232,93.03
"3286","encouraging",1825,80940057,93.03
"3287","scholarship",1825,80941882,93.03
"3288","shipping",1821,80943703,93.04
"3289","partly",1820,80945523,93.04
"3290","ridge",1820,80947343,93.04
"3291","miracle",1819,80949162,93.04
"3292","bail",1818,80950980,93.04
"3293","alan",1816,80952796,93.05
"3294","aim",1814,80954610,93.05
"3295","affair",1813,80956423,93.05
"3296","luckily",1808,80958231,93.05
"3297","autism",1805,80960036,93.05
"3298","eligible",1805,80961841,93.06
"3299","promotion",1805,80963646,93.06
"3300","toll",1805,80965451,93.06
"3301","torn",1805,80967256,93.06
"3302","representative",1803,80969059,93.06
"3303","absence",1801,80970860,93.07
"3304","extend",1799,80972659,93.07
"3305","settlement",1799,80974458,93.07
"3306","spicy",1798,80976256,93.07
"3307","consultant",1797,80978053,93.07
"3308","rental",1797,80979850,93.08
"3309","bee",1795,80981645,93.08
"3310","snack",1791,80983436,93.08
"3311","beneath",1790,80985226,93.08
"3312","approve",1788,80987014,93.08
"3313","brave",1786,80988800,93.09
"3314","exhausted",1786,80990586,93.09
"3315","experiment",1785,80992371,93.09
"3316","ownership",1784,80994155,93.09
"3317","resist",1781,80995936,93.1
"3318","nancy",1780,80997716,93.1
"3319","mill",1779,80999495,93.1
"3320","teenage",1779,81001274,93.1
"3321","sleepy",1778,81003052,93.1
"3322","terrific",1778,81004830,93.11
"3323","attract",1777,81006607,93.11
"3324","gains",1777,81008384,93.11
"3325","divine",1775,81010159,93.11
"3326","homer",1774,81011933,93.11
"3327","indy",1773,81013706,93.12
"3328","utility",1773,81015479,93.12
"3329","cole",1772,81017251,93.12
"3330","extraordinary",1772,81019023,93.12
"3331","patio",1772,81020795,93.12
"3332","primarily",1772,81022567,93.13
"3333","sang",1772,81024339,93.13
"3334","maximum",1771,81026110,93.13
"3335","permission",1771,81027881,93.13
"3336","rely",1771,81029652,93.13
"3337","graduated",1770,81031422,93.14
"3338","zombie",1770,81033192,93.14
"3339","carpet",1769,81034961,93.14
"3340","discipline",1769,81036730,93.14
"3341","jean",1767,81038497,93.14
"3342","recognition",1767,81040264,93.15
"3343","anyways",1765,81042029,93.15
"3344","leaf",1765,81043794,93.15
"3345","sticks",1765,81045559,93.15
"3346","mercy",1763,81047322,93.15
"3347","narrative",1763,81049085,93.16
"3348","vegetable",1762,81050847,93.16
"3349","appreciation",1760,81052607,93.16
"3350","briefly",1760,81054367,93.16
"3351","membership",1760,81056127,93.16
"3352","pointing",1759,81057886,93.17
"3353","apologize",1757,81059643,93.17
"3354","define",1755,81061398,93.17
"3355","passenger",1754,81063152,93.17
"3356","belong",1752,81064904,93.17
"3357","bo",1752,81066656,93.18
"3358","visible",1752,81068408,93.18
"3359","infrastructure",1751,81070159,93.18
"3360","uncomfortable",1751,81071910,93.18
"3361","bullying",1750,81073660,93.18
"3362","passage",1750,81075410,93.19
"3363","eu",1749,81077159,93.19
"3364","controversial",1748,81078907,93.19
"3365","cooper",1748,81080655,93.19
"3366","disagree",1748,81082403,93.19
"3367","trainer",1748,81084151,93.2
"3368","sour",1747,81085898,93.2
"3369","casting",1746,81087644,93.2
"3370","tragedy",1745,81089389,93.2
"3371","greatly",1744,81091133,93.2
"3372","cop",1743,81092876,93.21
"3373","grove",1743,81094619,93.21
"3374","bug",1742,81096361,93.21
"3375","donated",1742,81098103,93.21
"3376","robin",1741,81099844,93.21
"3377","poker",1737,81101581,93.22
"3378","ankle",1736,81103317,93.22
"3379","mere",1736,81105053,93.22
"3380","bubble",1735,81106788,93.22
"3381","hike",1735,81108523,93.22
"3382","polish",1734,81110257,93.23
"3383","sink",1734,81111991,93.23
"3384","compensation",1733,81113724,93.23
"3385","handling",1733,81115457,93.23
"3386","spare",1731,81117188,93.23
"3387","touchdown",1730,81118918,93.24
"3388","wade",1730,81120648,93.24
"3389","peaceful",1729,81122377,93.24
"3390","uniform",1729,81124106,93.24
"3391","cal",1728,81125834,93.24
"3392","grind",1727,81127561,93.25
"3393","sunset",1727,81129288,93.25
"3394","cow",1726,81131014,93.25
"3395","relative",1726,81132740,93.25
"3396","insight",1725,81134465,93.25
"3397","amid",1723,81136188,93.26
"3398","wi",1721,81137909,93.26
"3399","happily",1720,81139629,93.26
"3400","showcase",1720,81141349,93.26
"3401","slip",1718,81143067,93.26
"3402","pin",1716,81144783,93.27
"3403","monitor",1715,81146498,93.27
"3404","wed",1715,81148213,93.27
"3405","athlete",1714,81149927,93.27
"3406","boil",1714,81151641,93.27
"3407","wealthy",1714,81153355,93.28
"3408","loop",1713,81155068,93.28
"3409","cinnamon",1711,81156779,93.28
"3410","skinny",1711,81158490,93.28
"3411","suggestion",1710,81160200,93.28
"3412","icon",1708,81161908,93.29
"3413","patent",1708,81163616,93.29
"3414","vampire",1708,81165324,93.29
"3415","arrival",1707,81167031,93.29
"3416","artistic",1707,81168738,93.29
"3417","achievement",1706,81170444,93.3
"3418","dragon",1706,81172150,93.3
"3419","rude",1706,81173856,93.3
"3420","sporting",1706,81175562,93.3
"3421","underground",1706,81177268,93.3
"3422","virtually",1706,81178974,93.31
"3423","champagne",1705,81180679,93.31
"3424","wildlife",1702,81182381,93.31
"3425","eager",1701,81184082,93.31
"3426","attendance",1699,81185781,93.31
"3427","deserved",1699,81187480,93.32
"3428","combat",1698,81189178,93.32
"3429","shell",1698,81190876,93.32
"3430","detective",1696,81192572,93.32
"3431","weed",1695,81194267,93.32
"3432","diversity",1693,81195960,93.33
"3433","importantly",1692,81197652,93.33
"3434","subtle",1691,81199343,93.33
"3435","coal",1690,81201033,93.33
"3436","fold",1690,81202723,93.33
"3437","harbor",1690,81204413,93.33
"3438","rival",1689,81206102,93.34
"3439","spice",1689,81207791,93.34
"3440","alliance",1687,81209478,93.34
"3441","opener",1687,81211165,93.34
"3442","pending",1687,81212852,93.34
"3443","proven",1687,81214539,93.35
"3444","assessment",1686,81216225,93.35
"3445","establish",1686,81217911,93.35
"3446","lion",1684,81219595,93.35
"3447","pete",1684,81221279,93.35
"3448","lap",1681,81222960,93.36
"3449","remarkable",1681,81224641,93.36
"3450","verse",1681,81226322,93.36
"3451","overwhelming",1680,81228002,93.36
"3452","sewing",1680,81229682,93.36
"3453","nomination",1679,81231361,93.37
"3454","accomplish",1677,81233038,93.37
"3455","dip",1677,81234715,93.37
"3456","landing",1677,81236392,93.37
"3457","barry",1676,81238068,93.37
"3458","flesh",1676,81239744,93.38
"3459","peyton",1676,81241420,93.38
"3460","fry",1675,81243095,93.38
"3461","jet",1674,81244769,93.38
"3462","panic",1674,81246443,93.38
"3463","flew",1673,81248116,93.39
"3464","momentum",1672,81249788,93.39
"3465","enormous",1671,81251459,93.39
"3466","ham",1671,81253130,93.39
"3467","consistently",1670,81254800,93.39
"3468","doc",1669,81256469,93.39
"3469","mentally",1669,81258138,93.4
"3470","sis",1669,81259807,93.4
"3471","thoroughly",1669,81261476,93.4
"3472","deny",1667,81263143,93.4
"3473","bases",1666,81264809,93.4
"3474","bean",1664,81266473,93.41
"3475","costume",1664,81268137,93.41
"3476","puppy",1663,81269800,93.41
"3477","sausage",1663,81271463,93.41
"3478","targeted",1663,81273126,93.41
"3479","carl",1662,81274788,93.42
"3480","successfully",1662,81276450,93.42
"3481","disabled",1661,81278111,93.42
"3482","feeding",1661,81279772,93.42
"3483","vital",1661,81281433,93.42
"3484","en",1660,81283093,93.43
"3485","server",1660,81284753,93.43
"3486","distribution",1658,81286411,93.43
"3487","gentle",1658,81288069,93.43
"3488","mild",1658,81289727,93.43
"3489","garbage",1657,81291384,93.43
"3490","encounter",1654,81293038,93.44
"3491","whoa",1654,81294692,93.44
"3492","investigating",1653,81296345,93.44
"3493","maria",1653,81297998,93.44
"3494","hitter",1652,81299650,93.44
"3495","poster",1652,81301302,93.45
"3496","compromise",1651,81302953,93.45
"3497","involve",1651,81304604,93.45
"3498","rear",1649,81306253,93.45
"3499","syrup",1648,81307901,93.45
"3500","conscious",1647,81309548,93.46
"3501","dot",1646,81311194,93.46
"3502","expanded",1645,81312839,93.46
"3503","rated",1644,81314483,93.46
"3504","spreading",1643,81316126,93.46
"3505","subway",1643,81317769,93.47
"3506","yahoo",1643,81319412,93.47
"3507","passionate",1642,81321054,93.47
"3508","cent",1641,81322695,93.47
"3509","grandfather",1641,81324336,93.47
"3510","opponent",1641,81325977,93.47
"3511","survival",1641,81327618,93.48
"3512","engaging",1638,81329256,93.48
"3513","acquired",1637,81330893,93.48
"3514","repeated",1637,81332530,93.48
"3515","tail",1637,81334167,93.48
"3516","blank",1636,81335803,93.49
"3517","corps",1635,81337438,93.49
"3518","enterprise",1635,81339073,93.49
"3519","notion",1633,81340706,93.49
"3520","lobby",1632,81342338,93.49
"3521","butler",1630,81343968,93.5
"3522","patrol",1630,81345598,93.5
"3523","rack",1629,81347227,93.5
"3524","equivalent",1628,81348855,93.5
"3525","ought",1628,81350483,93.5
"3526","overseas",1628,81352111,93.5
"3527","remote",1628,81353739,93.51
"3528","wasted",1628,81355367,93.51
"3529","advocate",1625,81356992,93.51
"3530","recruiting",1625,81358617,93.51
"3531","thankfully",1625,81360242,93.51
"3532","intellectual",1624,81361866,93.52
"3533","traveled",1623,81363489,93.52
"3534","wherever",1623,81365112,93.52
"3535","wound",1622,81366734,93.52
"3536","madness",1621,81368355,93.52
"3537","batter",1620,81369975,93.53
"3538","proceeds",1620,81371595,93.53
"3539","awe",1619,81373214,93.53
"3540","toss",1619,81374833,93.53
"3541","barrel",1618,81376451,93.53
"3542","qualify",1618,81378069,93.53
"3543","fisher",1616,81379685,93.54
"3544","spoon",1616,81381301,93.54
"3545","emotion",1615,81382916,93.54
"3546","gosh",1615,81384531,93.54
"3547","lean",1615,81386146,93.54
"3548","striking",1615,81387761,93.55
"3549","sue",1614,81389375,93.55
"3550","frustration",1613,81390988,93.55
"3551","territory",1613,81392601,93.55
"3552","canyon",1612,81394213,93.55
"3553","freak",1610,81395823,93.55
"3554","donation",1609,81397432,93.56
"3555","divided",1608,81399040,93.56
"3556","quest",1608,81400648,93.56
"3557","spectacular",1607,81402255,93.56
"3558","knight",1606,81403861,93.56
"3559","constitutional",1605,81405466,93.57
"3560","eliminate",1604,81407070,93.57
"3561","chaos",1603,81408673,93.57
"3562","relate",1603,81410276,93.57
"3563","shelf",1603,81411879,93.57
"3564","burden",1601,81413480,93.58
"3565","mentor",1601,81415081,93.58
"3566","shade",1601,81416682,93.58
"3567","urge",1600,81418282,93.58
"3568","residential",1599,81419881,93.58
"3569","audition",1597,81421478,93.58
"3570","brewer",1597,81423075,93.59
"3571","destruction",1597,81424672,93.59
"3572","tremendous",1597,81426269,93.59
"3573","diabetes",1595,81427864,93.59
"3574","qualified",1595,81429459,93.59
"3575","premium",1594,81431053,93.6
"3576","hence",1593,81432646,93.6
"3577","municipal",1593,81434239,93.6
"3578","addiction",1591,81435830,93.6
"3579","collaboration",1591,81437421,93.6
"3580","addicted",1590,81439011,93.6
"3581","frequent",1590,81440601,93.61
"3582","log",1590,81442191,93.61
"3583","custody",1589,81443780,93.61
"3584","engineer",1589,81445369,93.61
"3585","instantly",1589,81446958,93.61
"3586","lease",1589,81448547,93.62
"3587","suite",1587,81450134,93.62
"3588","liking",1586,81451720,93.62
"3589","signal",1586,81453306,93.62
"3590","sticking",1586,81454892,93.62
"3591","mason",1585,81456477,93.62
"3592","reed",1585,81458062,93.63
"3593","penny",1584,81459646,93.63
"3594","refer",1584,81461230,93.63
"3595","fiber",1583,81462813,93.63
"3596","pearl",1583,81464396,93.63
"3597","scenario",1583,81465979,93.64
"3598","cotton",1582,81467561,93.64
"3599","consideration",1581,81469142,93.64
"3600","institution",1581,81470723,93.64
"3601","owe",1579,81472302,93.64
"3602","aging",1577,81473879,93.64
"3603","murphy",1575,81475454,93.65
"3604","skirt",1575,81477029,93.65
"3605","stable",1575,81478604,93.65
"3606","architecture",1573,81480177,93.65
"3607","certified",1573,81481750,93.65
"3608","regard",1573,81483323,93.66
"3609","quietly",1572,81484895,93.66
"3610","beaten",1570,81486465,93.66
"3611","shed",1570,81488035,93.66
"3612","rocking",1568,81489603,93.66
"3613","suburban",1568,81491171,93.66
"3614","handled",1567,81492738,93.67
"3615","graham",1565,81494303,93.67
"3616","headache",1565,81495868,93.67
"3617","recover",1565,81497433,93.67
"3618","alike",1564,81498997,93.67
"3619","backup",1564,81500561,93.68
"3620","expanding",1564,81502125,93.68
"3621","preserve",1564,81503689,93.68
"3622","gallon",1562,81505251,93.68
"3623","diverse",1561,81506812,93.68
"3624","minded",1560,81508372,93.68
"3625","suspension",1559,81509931,93.69
"3626","accent",1558,81511489,93.69
"3627","rubber",1558,81513047,93.69
"3628","publication",1557,81514604,93.69
"3629","extensive",1556,81516160,93.69
"3630","premiere",1556,81517716,93.69
"3631","quarters",1555,81519271,93.7
"3632","beside",1552,81520823,93.7
"3633","doesnt",1552,81522375,93.7
"3634","farmer",1552,81523927,93.7
"3635","laughter",1552,81525479,93.7
"3636","backing",1551,81527030,93.71
"3637","stake",1551,81528581,93.71
"3638","smoked",1550,81530131,93.71
"3639","treasury",1550,81531681,93.71
"3640","charm",1549,81533230,93.71
"3641","acceptable",1547,81534777,93.71
"3642","explaining",1545,81536322,93.72
"3643","globe",1545,81537867,93.72
"3644","memorable",1545,81539412,93.72
"3645","mysterious",1545,81540957,93.72
"3646","thirty",1545,81542502,93.72
"3647","dynamic",1542,81544044,93.73
"3648","rage",1542,81545586,93.73
"3649","satisfied",1542,81547128,93.73
"3650","warming",1542,81548670,93.73
"3651","beautifully",1540,81550210,93.73
"3652","generate",1540,81551750,93.73
"3653","preferred",1540,81553290,93.74
"3654","copyright",1539,81554829,93.74
"3655","disappointing",1539,81556368,93.74
"3656","integrity",1539,81557907,93.74
"3657","refreshing",1539,81559446,93.74
"3658","strategic",1538,81560984,93.74
"3659","bare",1537,81562521,93.75
"3660","permit",1536,81564057,93.75
"3661","cape",1534,81565591,93.75
"3662","leap",1534,81567125,93.75
"3663","prominent",1534,81568659,93.75
"3664","enthusiasm",1533,81570192,93.76
"3665","inn",1533,81571725,93.76
"3666","reducing",1533,81573258,93.76
"3667","clip",1532,81574790,93.76
"3668","fitting",1530,81576320,93.76
"3669","studied",1528,81577848,93.76
"3670","treasure",1528,81579376,93.77
"3671","automatically",1527,81580903,93.77
"3672","con",1527,81582430,93.77
"3673","blanket",1525,81583955,93.77
"3674","communicate",1525,81585480,93.77
"3675","essay",1525,81587005,93.77
"3676","shaking",1525,81588530,93.78
"3677","amongst",1524,81590054,93.78
"3678","priced",1523,81591577,93.78
"3679","restore",1523,81593100,93.78
"3680","pig",1521,81594621,93.78
"3681","administrative",1520,81596141,93.79
"3682","halfway",1520,81597661,93.79
"3683","soap",1520,81599181,93.79
"3684","telephone",1520,81600701,93.79
"3685","ethics",1519,81602220,93.79
"3686","gilbert",1519,81603739,93.79
"3687","doll",1518,81605257,93.8
"3688","noble",1518,81606775,93.8
"3689","tops",1518,81608293,93.8
"3690","expense",1517,81609810,93.8
"3691","occasional",1517,81611327,93.8
"3692","fare",1516,81612843,93.8
"3693","indoor",1516,81614359,93.81
"3694","protecting",1516,81615875,93.81
"3695","vocal",1516,81617391,93.81
"3696","fever",1515,81618906,93.81
"3697","rainbow",1515,81620421,93.81
"3698","tales",1515,81621936,93.81
"3699","mouse",1514,81623450,93.82
"3700","guilt",1512,81624962,93.82
"3701","tunnel",1511,81626473,93.82
"3702","layout",1507,81627980,93.82
"3703","chart",1506,81629486,93.82
"3704","punishment",1506,81630992,93.83
"3705","reverse",1506,81632498,93.83
"3706","boot",1505,81634003,93.83
"3707","buttons",1504,81635507,93.83
"3708","postseason",1504,81637011,93.83
"3709","dam",1503,81638514,93.83
"3710","ga",1502,81640016,93.84
"3711","loyal",1502,81641518,93.84
"3712","delight",1501,81643019,93.84
"3713","tribune",1501,81644520,93.84
"3714","charming",1500,81646020,93.84
"3715","civic",1500,81647520,93.84
"3716","bucket",1499,81649019,93.85
"3717","amazed",1498,81650517,93.85
"3718","eh",1498,81652015,93.85
"3719","involvement",1498,81653513,93.85
"3720","strawberry",1498,81655011,93.85
"3721","correctly",1497,81656508,93.85
"3722","introduction",1497,81658005,93.86
"3723","faithful",1496,81659501,93.86
"3724","frankly",1495,81660996,93.86
"3725","assigned",1494,81662490,93.86
"3726","interstate",1494,81663984,93.86
"3727","pump",1494,81665478,93.86
"3728","vodka",1494,81666972,93.87
"3729","forcing",1493,81668465,93.87
"3730","vulnerable",1493,81669958,93.87
"3731","mate",1492,81671450,93.87
"3732","estimate",1491,81672941,93.87
"3733","lip",1490,81674431,93.88
"3734","dow",1489,81675920,93.88
"3735","fortunate",1489,81677409,93.88
"3736","genuine",1487,81678896,93.88
"3737","reduction",1487,81680383,93.88
"3738","upgrade",1486,81681869,93.88
"3739","goat",1485,81683354,93.89
"3740","cart",1484,81684838,93.89
"3741","glorious",1484,81686322,93.89
"3742","spa",1484,81687806,93.89
"3743","stealing",1484,81689290,93.89
"3744","roast",1483,81690773,93.89
"3745","sizes",1483,81692256,93.9
"3746","riley",1482,81693738,93.9
"3747","confusion",1481,81695219,93.9
"3748","adoption",1480,81696699,93.9
"3749","footage",1480,81698179,93.9
"3750","suspected",1480,81699659,93.9
"3751","collapse",1479,81701138,93.91
"3752","freeze",1479,81702617,93.91
"3753","glee",1479,81704096,93.91
"3754","anonymous",1478,81705574,93.91
"3755","hurting",1478,81707052,93.91
"3756","treating",1478,81708530,93.91
"3757","abroad",1477,81710007,93.92
"3758","bride",1476,81711483,93.92
"3759","enjoyable",1476,81712959,93.92
"3760","investigate",1475,81714434,93.92
"3761","matching",1475,81715909,93.92
"3762","pole",1475,81717384,93.92
"3763","voter",1475,81718859,93.93
"3764","exploring",1474,81720333,93.93
"3765","innovative",1474,81721807,93.93
"3766","bunny",1473,81723280,93.93
"3767","fortunately",1473,81724753,93.93
"3768","nightmare",1473,81726226,93.93
"3769","sliced",1473,81727699,93.94
"3770","comeback",1471,81729170,93.94
"3771","recommendation",1471,81730641,93.94
"3772","colorful",1469,81732110,93.94
"3773","promising",1469,81733579,93.94
"3774","assuming",1468,81735047,93.94
"3775","intelligent",1468,81736515,93.95
"3776","resistance",1468,81737983,93.95
"3777","safely",1467,81739450,93.95
"3778","believing",1466,81740916,93.95
"3779","thread",1465,81742381,93.95
"3780","substance",1464,81743845,93.95
"3781","elderly",1462,81745307,93.96
"3782","humble",1462,81746769,93.96
"3783","tube",1462,81748231,93.96
"3784","monkey",1461,81749692,93.96
"3785","preview",1460,81751152,93.96
"3786","printing",1460,81752612,93.96
"3787","beard",1459,81754071,93.97
"3788","buck",1459,81755530,93.97
"3789","grad",1459,81756989,93.97
"3790","parkway",1458,81758447,93.97
"3791","eyed",1456,81759903,93.97
"3792","hooked",1456,81761359,93.97
"3793","harsh",1455,81762814,93.98
"3794","paradise",1455,81764269,93.98
"3795","ruin",1455,81765724,93.98
"3796","labour",1454,81767178,93.98
"3797","southeast",1454,81768632,93.98
"3798","employed",1452,81770084,93.99
"3799","fi",1452,81771536,93.99
"3800","tent",1452,81772988,93.99
"3801","consciousness",1451,81774439,93.99
"3802","grain",1451,81775890,93.99
"3803","reflection",1450,81777340,93.99
"3804","counsel",1449,81778789,94
"3805","junk",1447,81780236,94
"3806","regime",1447,81781683,94
"3807","ranging",1446,81783129,94
"3808","spencer",1446,81784575,94
"3809","disorder",1445,81786020,94
"3810","glue",1445,81787465,94
"3811","mint",1445,81788910,94.01
"3812","residence",1445,81790355,94.01
"3813","steam",1444,81791799,94.01
"3814","yelling",1444,81793243,94.01
"3815","berry",1443,81794686,94.01
"3816","cabin",1442,81796128,94.01
"3817","cupcake",1442,81797570,94.02
"3818","drake",1442,81799012,94.02
"3819","pipe",1442,81800454,94.02
"3820","sustainable",1442,81801896,94.02
"3821","minus",1441,81803337,94.02
"3822","pine",1439,81804776,94.02
"3823","batting",1438,81806214,94.03
"3824","locally",1438,81807652,94.03
"3825","amber",1437,81809089,94.03
"3826","demanding",1437,81810526,94.03
"3827","chasing",1435,81811961,94.03
"3828","nominated",1435,81813396,94.03
"3829","annually",1434,81814830,94.04
"3830","publish",1434,81816264,94.04
"3831","tension",1434,81817698,94.04
"3832","porch",1433,81819131,94.04
"3833","soldier",1433,81820564,94.04
"3834","crowded",1432,81821996,94.04
"3835","drain",1432,81823428,94.05
"3836","journalism",1432,81824860,94.05
"3837","photograph",1432,81826292,94.05
"3838","singles",1432,81827724,94.05
"3839","dispute",1431,81829155,94.05
"3840","regulation",1431,81830586,94.05
"3841","alien",1430,81832016,94.06
"3842","evolution",1430,81833446,94.06
"3843","flu",1430,81834876,94.06
"3844","sweep",1430,81836306,94.06
"3845","iconic",1429,81837735,94.06
"3846","tonite",1429,81839164,94.06
"3847","intention",1428,81840592,94.07
"3848","realistic",1428,81842020,94.07
"3849","secondary",1428,81843448,94.07
"3850","upstairs",1427,81844875,94.07
"3851","dominated",1426,81846301,94.07
"3852","emphasis",1426,81847727,94.07
"3853","hacked",1425,81849152,94.08
"3854","span",1425,81850577,94.08
"3855","trio",1425,81852002,94.08
"3856","lighter",1424,81853426,94.08
"3857","requirement",1424,81854850,94.08
"3858","eagle",1423,81856273,94.08
"3859","climbing",1422,81857695,94.09
"3860","deadly",1422,81859117,94.09
"3861","difficulty",1422,81860539,94.09
"3862","meaningful",1422,81861961,94.09
"3863","resulting",1422,81863383,94.09
"3864","segment",1422,81864805,94.09
"3865","lightning",1421,81866226,94.1
"3866","mask",1421,81867647,94.1
"3867","progressive",1421,81869068,94.1
"3868","purse",1421,81870489,94.1
"3869","legendary",1420,81871909,94.1
"3870","logic",1420,81873329,94.1
"3871","tommy",1420,81874749,94.11
"3872","afterwards",1419,81876168,94.11
"3873","cough",1418,81877586,94.11
"3874","batch",1416,81879002,94.11
"3875","crab",1416,81880418,94.11
"3876","prevention",1416,81881834,94.11
"3877","wrestling",1416,81883250,94.12
"3878","modest",1415,81884665,94.12
"3879","petition",1415,81886080,94.12
"3880","accidentally",1413,81887493,94.12
"3881","employer",1413,81888906,94.12
"3882","politically",1413,81890319,94.12
"3883","starring",1412,81891731,94.12
"3884","acknowledge",1411,81893142,94.13
"3885","authentic",1411,81894553,94.13
"3886","brutal",1411,81895964,94.13
"3887","sneak",1411,81897375,94.13
"3888","unclear",1411,81898786,94.13
"3889","edit",1409,81900195,94.13
"3890","moderate",1409,81901604,94.14
"3891","approaching",1407,81903011,94.14
"3892","creator",1407,81904418,94.14
"3893","rushing",1407,81905825,94.14
"3894","embarrassing",1406,81907231,94.14
"3895","tasted",1406,81908637,94.14
"3896","cooler",1405,81910042,94.15
"3897","rushed",1405,81911447,94.15
"3898","drank",1403,81912850,94.15
"3899","practically",1403,81914253,94.15
"3900","deer",1401,81915654,94.15
"3901","digging",1401,81917055,94.15
"3902","seal",1401,81918456,94.16
"3903","tornado",1400,81919856,94.16
"3904","wage",1398,81921254,94.16
"3905","grief",1397,81922651,94.16
"3906","listing",1397,81924048,94.16
"3907","mart",1394,81925442,94.16
"3908","mutual",1394,81926836,94.17
"3909","specialist",1394,81928230,94.17
"3910","brazil",1393,81929623,94.17
"3911","aircraft",1392,81931015,94.17
"3912","default",1391,81932406,94.17
"3913","devoted",1390,81933796,94.17
"3914","pickup",1390,81935186,94.17
"3915","crust",1389,81936575,94.18
"3916","toe",1389,81937964,94.18
"3917","guidance",1388,81939352,94.18
"3918","porter",1388,81940740,94.18
"3919","wireless",1388,81942128,94.18
"3920","popcorn",1387,81943515,94.18
"3921","salon",1387,81944902,94.19
"3922","touching",1387,81946289,94.19
"3923","consulting",1386,81947675,94.19
"3924","softball",1386,81949061,94.19
"3925","drum",1384,81950445,94.19
"3926","washing",1383,81951828,94.19
"3927","bullet",1381,81953209,94.2
"3928","musician",1381,81954590,94.2
"3929","inevitable",1380,81955970,94.2
"3930","prescription",1380,81957350,94.2
"3931","recreation",1380,81958730,94.2
"3932","twelve",1380,81960110,94.2
"3933","horizon",1379,81961489,94.21
"3934","neat",1379,81962868,94.21
"3935","teaspoon",1379,81964247,94.21
"3936","melt",1378,81965625,94.21
"3937","washed",1378,81967003,94.21
"3938","gaming",1377,81968380,94.21
"3939","guessing",1377,81969757,94.21
"3940","eternal",1376,81971133,94.22
"3941","substantial",1376,81972509,94.22
"3942","banking",1375,81973884,94.22
"3943","cabinet",1375,81975259,94.22
"3944","handsome",1375,81976634,94.22
"3945","contribution",1374,81978008,94.22
"3946","administrator",1373,81979381,94.23
"3947","lecture",1373,81980754,94.23
"3948","conviction",1372,81982126,94.23
"3949","titled",1371,81983497,94.23
"3950","tuition",1371,81984868,94.23
"3951","newt",1370,81986238,94.23
"3952","bend",1367,81987605,94.24
"3953","betty",1367,81988972,94.24
"3954","stepping",1367,81990339,94.24
"3955","cab",1366,81991705,94.24
"3956","economics",1366,81993071,94.24
"3957","sufficient",1366,81994437,94.24
"3958","darn",1365,81995802,94.24
"3959","desired",1365,81997167,94.25
"3960","stack",1364,81998531,94.25
"3961","versus",1363,81999894,94.25
"3962","assignment",1362,82001256,94.25
"3963","carbon",1361,82002617,94.25
"3964","obtain",1358,82003975,94.25
"3965","advisory",1357,82005332,94.26
"3966","banner",1357,82006689,94.26
"3967","emma",1357,82008046,94.26
"3968","assumed",1356,82009402,94.26
"3969","burst",1356,82010758,94.26
"3970","dutch",1356,82012114,94.26
"3971","heal",1355,82013469,94.26
"3972","tribe",1355,82014824,94.27
"3973","divide",1354,82016178,94.27
"3974","emotionally",1353,82017531,94.27
"3975","scout",1353,82018884,94.27
"3976","compelling",1352,82020236,94.27
"3977","adjust",1351,82021587,94.27
"3978","gasoline",1350,82022937,94.28
"3979","violation",1350,82024287,94.28
"3980","compassion",1349,82025636,94.28
"3981","earning",1348,82026984,94.28
"3982","pillow",1348,82028332,94.28
"3983","quilt",1348,82029680,94.28
"3984","spinning",1348,82031028,94.28
"3985","classical",1346,82032374,94.29
"3986","equity",1345,82033719,94.29
"3987","confirm",1344,82035063,94.29
"3988","nutrition",1344,82036407,94.29
"3989","bust",1343,82037750,94.29
"3990","melted",1343,82039093,94.29
"3991","paste",1343,82040436,94.3
"3992","acre",1342,82041778,94.3
"3993","interactive",1341,82043119,94.3
"3994","chemical",1340,82044459,94.3
"3995","activist",1339,82045798,94.3
"3996","marc",1338,82047136,94.3
"3997","indicate",1337,82048473,94.3
"3998","kindness",1337,82049810,94.31
"3999","bats",1336,82051146,94.31
"4000","spinach",1335,82052481,94.31
"4001","upside",1335,82053816,94.31
"4002","rank",1334,82055150,94.31
"4003","charging",1333,82056483,94.31
"4004","legitimate",1333,82057816,94.32
"4005","ralph",1333,82059149,94.32
"4006","depressed",1332,82060481,94.32
"4007","reportedly",1332,82061813,94.32
"4008","stirring",1332,82063145,94.32
"4009","blonde",1331,82064476,94.32
"4010","cuisine",1331,82065807,94.32
"4011","depend",1331,82067138,94.33
"4012","disappointment",1330,82068468,94.33
"4013","happier",1330,82069798,94.33
"4014","unfortunate",1330,82071128,94.33
"4015","holder",1329,82072457,94.33
"4016","rant",1329,82073786,94.33
"4017","grave",1328,82075114,94.34
"4018","unfair",1328,82076442,94.34
"4019","pad",1327,82077769,94.34
"4020","premier",1327,82079096,94.34
"4021","shuttle",1327,82080423,94.34
"4022","accessible",1326,82081749,94.34
"4023","elegant",1326,82083075,94.34
"4024","procedure",1326,82084401,94.35
"4025","seasonal",1326,82085727,94.35
"4026","chemistry",1325,82087052,94.35
"4027","journalist",1325,82088377,94.35
"4028","lo",1325,82089702,94.35
"4029","infection",1324,82091026,94.35
"4030","parliament",1324,82092350,94.36
"4031","underneath",1324,82093674,94.36
"4032","benjamin",1323,82094997,94.36
"4033","craving",1323,82096320,94.36
"4034","ego",1323,82097643,94.36
"4035","jar",1323,82098966,94.36
"4036","participation",1323,82100289,94.36
"4037","bizarre",1322,82101611,94.37
"4038","curry",1322,82102933,94.37
"4039","rev",1322,82104255,94.37
"4040","trophy",1322,82105577,94.37
"4041","valid",1322,82106899,94.37
"4042","vegetarian",1322,82108221,94.37
"4043","bowling",1320,82109541,94.38
"4044","perception",1320,82110861,94.38
"4045","portfolio",1320,82112181,94.38
"4046","wicked",1320,82113501,94.38
"4047","dairy",1319,82114820,94.38
"4048","priest",1319,82116139,94.38
"4049","rotation",1319,82117458,94.38
"4050","swift",1319,82118777,94.39
"4051","gluten",1318,82120095,94.39
"4052","rhythm",1318,82121413,94.39
"4053","assured",1317,82122730,94.39
"4054","havent",1317,82124047,94.39
"4055","reunion",1317,82125364,94.39
"4056","borrow",1316,82126680,94.39
"4057","realizing",1315,82127995,94.4
"4058","shorter",1315,82129310,94.4
"4059","incorporated",1314,82130624,94.4
"4060","midst",1313,82131937,94.4
"4061","chandler",1312,82133249,94.4
"4062","comprehensive",1312,82134561,94.4
"4063","revenge",1312,82135873,94.41
"4064","robbery",1312,82137185,94.41
"4065","handy",1311,82138496,94.41
"4066","rehearsal",1311,82139807,94.41
"4067","spotlight",1311,82141118,94.41
"4068","stash",1311,82142429,94.41
"4069","coupon",1310,82143739,94.41
"4070","caramel",1309,82145048,94.42
"4071","crushed",1309,82146357,94.42
"4072","mornings",1308,82147665,94.42
"4073","consumption",1307,82148972,94.42
"4074","controversy",1307,82150279,94.42
"4075","invisible",1307,82151586,94.42
"4076","doubled",1306,82152892,94.42
"4077","puck",1306,82154198,94.43
"4078","anxious",1304,82155502,94.43
"4079","fashioned",1304,82156806,94.43
"4080","plug",1304,82158110,94.43
"4081","twilight",1304,82159414,94.43
"4082","container",1303,82160717,94.43
"4083","essence",1303,82162020,94.44
"4084","optimistic",1302,82163322,94.44
"4085","sacred",1302,82164624,94.44
"4086","technically",1301,82165925,94.44
"4087","unbelievable",1301,82167226,94.44
"4088","delta",1300,82168526,94.44
"4089","educated",1300,82169826,94.44
"4090","principle",1299,82171125,94.45
"4091","squeeze",1299,82172424,94.45
"4092","vinegar",1299,82173723,94.45
"4093","automatic",1298,82175021,94.45
"4094","resolve",1298,82176319,94.45
"4095","retire",1298,82177617,94.45
"4096","sheep",1298,82178915,94.45
"4097","adopt",1297,82180212,94.46
"4098","afterward",1297,82181509,94.46
"4099","ing",1297,82182806,94.46
"4100","patch",1296,82184102,94.46
"4101","harvest",1295,82185397,94.46
"4102","tragic",1295,82186692,94.46
"4103","harper",1294,82187986,94.47
"4104","hopeful",1294,82189280,94.47
"4105","hurricane",1294,82190574,94.47
"4106","weigh",1294,82191868,94.47
"4107","par",1293,82193161,94.47
"4108","prob",1293,82194454,94.47
"4109","butterfly",1292,82195746,94.47
"4110","nephew",1292,82197038,94.48
"4111","pipeline",1292,82198330,94.48
"4112","whip",1291,82199621,94.48
"4113","angle",1290,82200911,94.48
"4114","bachelor",1289,82202200,94.48
"4115","pouring",1289,82203489,94.48
"4116","rub",1287,82204776,94.48
"4117","symphony",1287,82206063,94.49
"4118","pinch",1286,82207349,94.49
"4119","shining",1285,82208634,94.49
"4120","tablet",1285,82209919,94.49
"4121","cheating",1284,82211203,94.49
"4122","efficiency",1283,82212486,94.49
"4123","mature",1283,82213769,94.49
"4124","trillion",1283,82215052,94.5
"4125","departure",1281,82216333,94.5
"4126","poet",1280,82217613,94.5
"4127","salvation",1280,82218893,94.5
"4128","doe",1279,82220172,94.5
"4129","legit",1279,82221451,94.5
"4130","tourist",1279,82222730,94.51
"4131","trim",1279,82224009,94.51
"4132","trivia",1279,82225288,94.51
"4133","unnecessary",1278,82226566,94.51
"4134","countless",1277,82227843,94.51
"4135","courtesy",1276,82229119,94.51
"4136","excess",1275,82230394,94.51
"4137","dame",1274,82231668,94.52
"4138","relaxed",1274,82232942,94.52
"4139","certificate",1273,82234215,94.52
"4140","unto",1273,82235488,94.52
"4141","equality",1272,82236760,94.52
"4142","payroll",1272,82238032,94.52
"4143","invitation",1271,82239303,94.52
"4144","terminal",1271,82240574,94.53
"4145","cave",1269,82241843,94.53
"4146","appealing",1268,82243111,94.53
"4147","bishop",1268,82244379,94.53
"4148","input",1267,82245646,94.53
"4149","warner",1267,82246913,94.53
"4150","weakness",1267,82248180,94.53
"4151","trapped",1266,82249446,94.54
"4152","gradually",1264,82250710,94.54
"4153","ly",1264,82251974,94.54
"4154","meter",1263,82253237,94.54
"4155","chi",1262,82254499,94.54
"4156","freezing",1262,82255761,94.54
"4157","cliff",1261,82257022,94.54
"4158","dale",1261,82258283,94.55
"4159","troy",1261,82259544,94.55
"4160","trek",1260,82260804,94.55
"4161","distant",1259,82262063,94.55
"4162","floating",1259,82263322,94.55
"4163","strain",1259,82264581,94.55
"4164","gratitude",1258,82265839,94.55
"4165","tourism",1257,82267096,94.56
"4166","virus",1257,82268353,94.56
"4167","overly",1256,82269609,94.56
"4168","ultra",1256,82270865,94.56
"4169","coke",1255,82272120,94.56
"4170","mesa",1255,82273375,94.56
"4171","rapidly",1255,82274630,94.56
"4172","walter",1255,82275885,94.57
"4173","ne",1254,82277139,94.57
"4174","desperately",1253,82278392,94.57
"4175","slipped",1252,82279644,94.57
"4176","editorial",1251,82280895,94.57
"4177","inflation",1250,82282145,94.57
"4178","nationally",1250,82283395,94.57
"4179","perfection",1250,82284645,94.58
"4180","spider",1250,82285895,94.58
"4181","legally",1249,82287144,94.58
"4182","mighty",1249,82288393,94.58
"4183","supportive",1249,82289642,94.58
"4184","cain",1247,82290889,94.58
"4185","cholesterol",1247,82292136,94.59
"4186","nevertheless",1247,82293383,94.59
"4187","alley",1246,82294629,94.59
"4188","gulf",1246,82295875,94.59
"4189","outlook",1246,82297121,94.59
"4190","sheer",1246,82298367,94.59
"4191","maple",1245,82299612,94.59
"4192","suggesting",1244,82300856,94.6
"4193","acceptance",1243,82302099,94.6
"4194","ounce",1243,82303342,94.6
"4195","wee",1243,82304585,94.6
"4196","lace",1241,82305826,94.6
"4197","formerly",1240,82307066,94.6
"4198","hoe",1240,82308306,94.6
"4199","wished",1240,82309546,94.61
"4200","delicate",1237,82310783,94.61
"4201","elbow",1236,82312019,94.61
"4202","gambling",1236,82313255,94.61
"4203","palace",1236,82314491,94.61
"4204","wounded",1236,82315727,94.61
"4205","tee",1235,82316962,94.61
"4206","dislike",1234,82318196,94.61
"4207","pursuit",1234,82319430,94.62
"4208","measured",1233,82320663,94.62
"4209","sprinkle",1233,82321896,94.62
"4210","crop",1232,82323128,94.62
"4211","foreclosure",1232,82324360,94.62
"4212","obsession",1232,82325592,94.62
"4213","mud",1231,82326823,94.62
"4214","theres",1231,82328054,94.63
"4215","thou",1231,82329285,94.63
"4216","popularity",1230,82330515,94.63
"4217","census",1229,82331744,94.63
"4218","fundamental",1228,82332972,94.63
"4219","reliable",1228,82334200,94.63
"4220","slap",1227,82335427,94.63
"4221","swept",1227,82336654,94.64
"4222","corporation",1226,82337880,94.64
"4223","flowing",1225,82339105,94.64
"4224","dealt",1224,82340329,94.64
"4225","establishment",1224,82341553,94.64
"4226","rod",1224,82342777,94.64
"4227","acid",1222,82343999,94.64
"4228","shiny",1222,82345221,94.65
"4229","bulk",1221,82346442,94.65
"4230","circus",1221,82347663,94.65
"4231","classy",1221,82348884,94.65
"4232","predict",1220,82350104,94.65
"4233","retreat",1220,82351324,94.65
"4234","rite",1219,82352543,94.65
"4235","shocking",1219,82353762,94.66
"4236","symbol",1219,82354981,94.66
"4237","sidewalk",1216,82356197,94.66
"4238","distress",1215,82357412,94.66
"4239","removing",1214,82358626,94.66
"4240","ballet",1213,82359839,94.66
"4241","graduating",1212,82361051,94.66
"4242","trap",1211,82362262,94.67
"4243","slot",1210,82363472,94.67
"4244","accounting",1208,82364680,94.67
"4245","randomly",1208,82365888,94.67
"4246","ruined",1208,82367096,94.67
"4247","pose",1207,82368303,94.67
"4248","removal",1207,82369510,94.67
"4249","scare",1207,82370717,94.68
"4250","specialty",1207,82371924,94.68
"4251","medication",1206,82373130,94.68
"4252","mustard",1206,82374336,94.68
"4253","nonetheless",1206,82375542,94.68
"4254","currency",1205,82376747,94.68
"4255","disturbing",1205,82377952,94.68
"4256","stare",1205,82379157,94.69
"4257","spectrum",1204,82380361,94.69
"4258","unemployed",1203,82381564,94.69
"4259","breeze",1202,82382766,94.69
"4260","roller",1202,82383968,94.69
"4261","seminar",1201,82385169,94.69
"4262","taxi",1201,82386370,94.69
"4263","culinary",1200,82387570,94.69
"4264","kitty",1200,82388770,94.7
"4265","choir",1198,82389968,94.7
"4266","props",1198,82391166,94.7
"4267","bakery",1197,82392363,94.7
"4268","cage",1197,82393560,94.7
"4269","immigrant",1197,82394757,94.7
"4270","councilman",1196,82395953,94.7
"4271","galaxy",1196,82397149,94.71
"4272","hammer",1196,82398345,94.71
"4273","hart",1195,82399540,94.71
"4274","warrant",1195,82400735,94.71
"4275","switched",1193,82401928,94.71
"4276","carol",1192,82403120,94.71
"4277","suspicious",1191,82404311,94.71
"4278","worrying",1191,82405502,94.72
"4279","asset",1190,82406692,94.72
"4280","relay",1190,82407882,94.72
"4281","advised",1189,82409071,94.72
"4282","marvel",1189,82410260,94.72
"4283","gene",1188,82411448,94.72
"4284","nonsense",1188,82412636,94.72
"4285","delete",1187,82413823,94.72
"4286","margin",1187,82415010,94.73
"4287","react",1187,82416197,94.73
"4288","pandora",1186,82417383,94.73
"4289","hybrid",1185,82418568,94.73
"4290","plea",1185,82419753,94.73
"4291","anchor",1184,82420937,94.73
"4292","fork",1184,82422121,94.73
"4293","needing",1184,82423305,94.74
"4294","compliment",1183,82424488,94.74
"4295","cracked",1183,82425671,94.74
"4296","ye",1183,82426854,94.74
"4297","ace",1182,82428036,94.74
"4298","determination",1182,82429218,94.74
"4299","slam",1182,82430400,94.74
"4300","contrary",1180,82431580,94.75
"4301","probation",1180,82432760,94.75
"4302","organize",1179,82433939,94.75
"4303","se",1179,82435118,94.75
"4304","bump",1178,82436296,94.75
"4305","install",1178,82437474,94.75
"4306","racism",1178,82438652,94.75
"4307","blackberry",1177,82439829,94.75
"4308","agriculture",1176,82441005,94.76
"4309","beth",1176,82442181,94.76
"4310","dramatically",1174,82443355,94.76
"4311","kent",1174,82444529,94.76
"4312","motorcycle",1174,82445703,94.76
"4313","bicycle",1173,82446876,94.76
"4314","blocking",1173,82448049,94.76
"4315","nominee",1173,82449222,94.77
"4316","sticky",1173,82450395,94.77
"4317","stout",1173,82451568,94.77
"4318","wages",1173,82452741,94.77
"4319","yield",1172,82453913,94.77
"4320","cinema",1171,82455084,94.77
"4321","pronounced",1171,82456255,94.77
"4322","sole",1170,82457425,94.78
"4323","eats",1169,82458594,94.78
"4324","pastry",1169,82459763,94.78
"4325","stem",1169,82460932,94.78
"4326","terrorism",1169,82462101,94.78
"4327","donna",1168,82463269,94.78
"4328","dash",1167,82464436,94.78
"4329","transferred",1167,82465603,94.78
"4330","provision",1164,82466767,94.79
"4331","unlimited",1164,82467931,94.79
"4332","pause",1163,82469094,94.79
"4333","intimate",1162,82470256,94.79
"4334","canvas",1161,82471417,94.79
"4335","gaining",1160,82472577,94.79
"4336","tha",1160,82473737,94.79
"4337","miserable",1159,82474896,94.8
"4338","subsequent",1159,82476055,94.8
"4339","advocacy",1158,82477213,94.8
"4340","companion",1158,82478371,94.8
"4341","curse",1158,82479529,94.8
"4342","glitter",1158,82480687,94.8
"4343","intensity",1158,82481845,94.8
"4344","lone",1158,82483003,94.8
"4345","rabbit",1158,82484161,94.81
"4346","useless",1158,82485319,94.81
"4347","chatting",1157,82486476,94.81
"4348","conservation",1157,82487633,94.81
"4349","consistency",1157,82488790,94.81
"4350","oversight",1157,82489947,94.81
"4351","nest",1156,82491103,94.81
"4352","smash",1155,82492258,94.82
"4353","transport",1155,82493413,94.82
"4354","intervention",1154,82494567,94.82
"4355","jelly",1154,82495721,94.82
"4356","similarly",1154,82496875,94.82
"4357","colleague",1153,82498028,94.82
"4358","concerning",1153,82499181,94.82
"4359","gen",1153,82500334,94.82
"4360","sophisticated",1153,82501487,94.83
"4361","dispatch",1152,82502639,94.83
"4362","autumn",1151,82503790,94.83
"4363","barn",1151,82504941,94.83
"4364","brains",1151,82506092,94.83
"4365","sandy",1151,82507243,94.83
"4366","lasting",1150,82508393,94.83
"4367","displayed",1149,82509542,94.83
"4368","pond",1149,82510691,94.84
"4369","dedication",1148,82511839,94.84
"4370","loyalty",1148,82512987,94.84
"4371","sounding",1147,82514134,94.84
"4372","tin",1147,82515281,94.84
"4373","beta",1145,82516426,94.84
"4374","dose",1145,82517571,94.84
"4375","hail",1145,82518716,94.85
"4376","roommate",1144,82519860,94.85
"4377","wrist",1144,82521004,94.85
"4378","picnic",1143,82522147,94.85
"4379","thee",1143,82523290,94.85
"4380","twisted",1143,82524433,94.85
"4381","cereal",1142,82525575,94.85
"4382","sierra",1142,82526717,94.85
"4383","stark",1142,82527859,94.86
"4384","fatal",1139,82528998,94.86
"4385","outer",1139,82530137,94.86
"4386","tobacco",1139,82531276,94.86
"4387","aboard",1138,82532414,94.86
"4388","portrait",1138,82533552,94.86
"4389","heather",1137,82534689,94.86
"4390","privilege",1136,82535825,94.87
"4391","towel",1136,82536961,94.87
"4392","medal",1135,82538096,94.87
"4393","reserved",1135,82539231,94.87
"4394","supervisor",1134,82540365,94.87
"4395","vincent",1134,82541499,94.87
"4396","whipped",1134,82542633,94.87
"4397","exotic",1133,82543766,94.87
"4398","darling",1132,82544898,94.88
"4399","satisfying",1132,82546030,94.88
"4400","dentist",1131,82547161,94.88
"4401","hardware",1131,82548292,94.88
"4402","soy",1131,82549423,94.88
"4403","tire",1131,82550554,94.88
"4404","embarrassed",1130,82551684,94.88
"4405","alumni",1128,82552812,94.88
"4406","steep",1127,82553939,94.89
"4407","admire",1126,82555065,94.89
"4408","leaning",1126,82556191,94.89
"4409","pressing",1126,82557317,94.89
"4410","substitute",1126,82558443,94.89
"4411","tissue",1126,82559569,94.89
"4412","demonstrate",1124,82560693,94.89
"4413","neutral",1124,82561817,94.9
"4414","scientist",1124,82562941,94.9
"4415","password",1123,82564064,94.9
"4416","supposedly",1123,82565187,94.9
"4417","delightful",1122,82566309,94.9
"4418","actively",1121,82567430,94.9
"4419","attraction",1121,82568551,94.9
"4420","intriguing",1120,82569671,94.9
"4421","pierce",1120,82570791,94.91
"4422","shook",1120,82571911,94.91
"4423","bounce",1119,82573030,94.91
"4424","brunswick",1119,82574149,94.91
"4425","preliminary",1119,82575268,94.91
"4426","yeast",1119,82576387,94.91
"4427","verdict",1118,82577505,94.91
"4428","poorly",1116,82578621,94.91
"4429","skies",1116,82579737,94.92
"4430","excellence",1115,82580852,94.92
"4431","syndrome",1115,82581967,94.92
"4432","chorus",1114,82583081,94.92
"4433","holly",1114,82584195,94.92
"4434","intersection",1114,82585309,94.92
"4435","whisk",1114,82586423,94.92
"4436","dominant",1113,82587536,94.92
"4437","booking",1112,82588648,94.93
"4438","thoughtful",1112,82589760,94.93
"4439","chop",1111,82590871,94.93
"4440","jerk",1111,82591982,94.93
"4441","taxpayer",1111,82593093,94.93
"4442","tooth",1111,82594204,94.93
"4443","resigned",1110,82595314,94.93
"4444","boxing",1109,82596423,94.93
"4445","chile",1109,82597532,94.94
"4446","jo",1109,82598641,94.94
"4447","bargain",1108,82599749,94.94
"4448","carrier",1108,82600857,94.94
"4449","trauma",1108,82601965,94.94
"4450","prosecution",1107,82603072,94.94
"4451","accountability",1106,82604178,94.94
"4452","chronic",1106,82605284,94.94
"4453","malt",1106,82606390,94.95
"4454","physician",1106,82607496,94.95
"4455","adore",1105,82608601,94.95
"4456","interim",1105,82609706,94.95
"4457","sadness",1105,82610811,94.95
"4458","scrap",1105,82611916,94.95
"4459","ski",1105,82613021,94.95
"4460","bailey",1104,82614125,94.96
"4461","citrus",1104,82615229,94.96
"4462","cloth",1104,82616333,94.96
"4463","powered",1104,82617437,94.96
"4464","wallet",1104,82618541,94.96
"4465","swiss",1103,82619644,94.96
"4466","sprint",1102,82620746,94.96
"4467","optional",1101,82621847,94.96
"4468","radar",1101,82622948,94.97
"4469","bloom",1100,82624048,94.97
"4470","mandate",1100,82625148,94.97
"4471","distracted",1099,82626247,94.97
"4472","glimpse",1099,82627346,94.97
"4473","psychological",1099,82628445,94.97
"4474","convenient",1098,82629543,94.97
"4475","justify",1098,82630641,94.97
"4476","knit",1098,82631739,94.98
"4477","mob",1098,82632837,94.98
"4478","defender",1097,82633934,94.98
"4479","buyer",1096,82635030,94.98
"4480","creature",1096,82636126,94.98
"4481","keen",1095,82637221,94.98
"4482","swap",1095,82638316,94.98
"4483","ambitious",1094,82639410,94.98
"4484","batman",1094,82640504,94.99
"4485","warehouse",1094,82641598,94.99
"4486","fifty",1093,82642691,94.99
"4487","provider",1093,82643784,94.99
"4488","scope",1092,82644876,94.99
"4489","streaming",1092,82645968,94.99
"4490","transformation",1091,82647059,94.99
"4491","trigger",1090,82648149,94.99
"4492","encouragement",1089,82649238,95
"4493","feast",1089,82650327,95
"4494","intend",1089,82651416,95
"4495","spark",1089,82652505,95
"4496","vary",1089,82653594,95
"4497","fountain",1088,82654682,95
"4498","gut",1088,82655770,95
"4499","blunt",1087,82656857,95
"4500","felony",1087,82657944,95.01
"4501","ignorance",1087,82659031,95.01
"4502","pathetic",1087,82660118,95.01
"4503","snapped",1087,82661205,95.01
"4504","freezer",1086,82662291,95.01
"4505","chilling",1085,82663376,95.01
"4506","economist",1085,82664461,95.01
"4507","messy",1085,82665546,95.01
"4508","rapid",1085,82666631,95.02
"4509","skillet",1085,82667716,95.02
"4510","array",1084,82668800,95.02
"4511","opposing",1084,82669884,95.02
"4512","disability",1083,82670967,95.02
"4513","pudding",1083,82672050,95.02
"4514","blamed",1082,82673132,95.02
"4515","excessive",1082,82674214,95.02
"4516","juvenile",1082,82675296,95.03
"4517","dis",1081,82676377,95.03
"4518","widespread",1081,82677458,95.03
"4519","clinical",1080,82678538,95.03
"4520","lens",1080,82679618,95.03
"4521","architect",1079,82680697,95.03
"4522","seating",1078,82681775,95.03
"4523","shark",1078,82682853,95.03
"4524","spill",1078,82683931,95.04
"4525","commentary",1077,82685008,95.04
"4526","silk",1077,82686085,95.04
"4527","unhappy",1077,82687162,95.04
"4528","converted",1076,82688238,95.04
"4529","inappropriate",1076,82689314,95.04
"4530","snake",1076,82690390,95.04
"4531","stern",1076,82691466,95.04
"4532","nerve",1075,82692541,95.05
"4533","fog",1074,82693615,95.05
"4534","interpretation",1074,82694689,95.05
"4535","strict",1074,82695763,95.05
"4536","cam",1073,82696836,95.05
"4537","honesty",1073,82697909,95.05
"4538","rocket",1073,82698982,95.05
"4539","scripture",1073,82700055,95.05
"4540","basil",1072,82701127,95.06
"4541","distinct",1072,82702199,95.06
"4542","electronics",1072,82703271,95.06
"4543","selfish",1072,82704343,95.06
"4544","evaluation",1071,82705414,95.06
"4545","financially",1071,82706485,95.06
"4546","instruction",1071,82707556,95.06
"4547","peel",1071,82708627,95.06
"4548","elaborate",1070,82709697,95.06
"4549","joey",1070,82710767,95.07
"4550","outlet",1070,82711837,95.07
"4551","rim",1070,82712907,95.07
"4552","unity",1070,82713977,95.07
"4553","dancer",1069,82715046,95.07
"4554","spy",1069,82716115,95.07
"4555","translation",1069,82717184,95.07
"4556","alter",1068,82718252,95.07
"4557","destiny",1068,82719320,95.08
"4558","resolved",1068,82720388,95.08
"4559","solely",1068,82721456,95.08
"4560","tenure",1068,82722524,95.08
"4561","continental",1067,82723591,95.08
"4562","cowboy",1067,82724658,95.08
"4563","homeland",1067,82725725,95.08
"4564","niece",1067,82726792,95.08
"4565","oppose",1067,82727859,95.09
"4566","sodium",1067,82728926,95.09
"4567","forgiveness",1066,82729992,95.09
"4568","scattered",1066,82731058,95.09
"4569","terribly",1066,82732124,95.09
"4570","tricky",1066,82733190,95.09
"4571","defendant",1064,82734254,95.09
"4572","keyboard",1064,82735318,95.09
"4573","revelation",1064,82736382,95.1
"4574","wrapping",1064,82737446,95.1
"4575","objective",1063,82738509,95.1
"4576","ratio",1063,82739572,95.1
"4577","pint",1062,82740634,95.1
"4578","backwards",1061,82741695,95.1
"4579","molly",1061,82742756,95.1
"4580","alas",1060,82743816,95.1
"4581","disclosure",1060,82744876,95.11
"4582","domain",1060,82745936,95.11
"4583","hobby",1060,82746996,95.11
"4584","discrimination",1059,82748055,95.11
"4585","vet",1059,82749114,95.11
"4586","concentrate",1058,82750172,95.11
"4587","inviting",1058,82751230,95.11
"4588","pope",1058,82752288,95.11
"4589","teammate",1058,82753346,95.12
"4590","honda",1057,82754403,95.12
"4591","kindergarten",1057,82755460,95.12
"4592","liver",1057,82756517,95.12
"4593","squash",1056,82757573,95.12
"4594","suspicion",1056,82758629,95.12
"4595","thumb",1056,82759685,95.12
"4596","lied",1055,82760740,95.12
"4597","mandatory",1055,82761795,95.12
"4598","centered",1054,82762849,95.13
"4599","depressing",1054,82763903,95.13
"4600","gentleman",1054,82764957,95.13
"4601","tavern",1054,82766011,95.13
"4602","broth",1053,82767064,95.13
"4603","imperial",1053,82768117,95.13
"4604","obesity",1053,82769170,95.13
"4605","enrollment",1052,82770222,95.13
"4606","interaction",1052,82771274,95.14
"4607","politician",1052,82772326,95.14
"4608","cheering",1051,82773377,95.14
"4609","curriculum",1051,82774428,95.14
"4610","pencil",1051,82775479,95.14
"4611","carpenter",1050,82776529,95.14
"4612","examine",1050,82777579,95.14
"4613","seeded",1050,82778629,95.14
"4614","ouch",1049,82779678,95.15
"4615","uncertainty",1049,82780727,95.15
"4616","fielder",1048,82781775,95.15
"4617","tart",1048,82782823,95.15
"4618","vibrant",1048,82783871,95.15
"4619","playground",1047,82784918,95.15
"4620","scoop",1047,82785965,95.15
"4621","headline",1046,82787011,95.15
"4622","tab",1046,82788057,95.16
"4623","wen",1046,82789103,95.16
"4624","likewise",1045,82790148,95.16
"4625","stressful",1045,82791193,95.16
"4626","clerk",1044,82792237,95.16
"4627","foam",1044,82793281,95.16
"4628","partially",1044,82794325,95.16
"4629","reflected",1044,82795369,95.16
"4630","vacant",1044,82796413,95.16
"4631","irony",1043,82797456,95.17
"4632","retain",1043,82798499,95.17
"4633","vinyl",1043,82799542,95.17
"4634","railroad",1042,82800584,95.17
"4635","dump",1041,82801625,95.17
"4636","fighter",1041,82802666,95.17
"4637","planting",1041,82803707,95.17
"4638","victor",1041,82804748,95.17
"4639","feat",1040,82805788,95.18
"4640","levy",1040,82806828,95.18
"4641","ashamed",1039,82807867,95.18
"4642","glow",1039,82808906,95.18
"4643","travis",1039,82809945,95.18
"4644","altogether",1038,82810983,95.18
"4645","baseman",1038,82812021,95.18
"4646","commander",1038,82813059,95.18
"4647","buffet",1037,82814096,95.18
"4648","cartoon",1037,82815133,95.19
"4649","cloudy",1037,82816170,95.19
"4650","kay",1037,82817207,95.19
"4651","tequila",1037,82818244,95.19
"4652","influential",1036,82819280,95.19
"4653","summary",1036,82820316,95.19
"4654","inspirational",1035,82821351,95.19
"4655","lettuce",1035,82822386,95.19
"4656","surf",1035,82823421,95.2
"4657","tide",1034,82824455,95.2
"4658","devastating",1033,82825488,95.2
"4659","drilling",1033,82826521,95.2
"4660","profound",1033,82827554,95.2
"4661","cardinal",1032,82828586,95.2
"4662","ignorant",1032,82829618,95.2
"4663","disappear",1031,82830649,95.2
"4664","distributed",1031,82831680,95.21
"4665","sweeping",1031,82832711,95.21
"4666","yarn",1031,82833742,95.21
"4667","bowls",1030,82834772,95.21
"4668","pledge",1030,82835802,95.21
"4669","utterly",1030,82836832,95.21
"4670","conventional",1029,82837861,95.21
"4671","drill",1029,82838890,95.21
"4672","ferry",1029,82839919,95.21
"4673","helicopter",1029,82840948,95.22
"4674","illegally",1029,82841977,95.22
"4675","shaw",1029,82843006,95.22
"4676","closure",1028,82844034,95.22
"4677","dull",1028,82845062,95.22
"4678","rapper",1028,82846090,95.22
"4679","bent",1027,82847117,95.22
"4680","courtroom",1027,82848144,95.22
"4681","emerge",1027,82849171,95.23
"4682","preservation",1027,82850198,95.23
"4683","sequence",1027,82851225,95.23
"4684","testament",1027,82852252,95.23
"4685","cruel",1026,82853278,95.23
"4686","workplace",1026,82854304,95.23
"4687","wounds",1026,82855330,95.23
"4688","boulder",1025,82856355,95.23
"4689","disgusting",1025,82857380,95.23
"4690","insert",1025,82858405,95.24
"4691","precisely",1025,82859430,95.24
"4692","accountable",1024,82860454,95.24
"4693","elephant",1024,82861478,95.24
"4694","firmly",1024,82862502,95.24
"4695","librarian",1024,82863526,95.24
"4696","aha",1023,82864549,95.24
"4697","cardstock",1022,82865571,95.24
"4698","forty",1022,82866593,95.25
"4699","helmet",1022,82867615,95.25
"4700","temporarily",1022,82868637,95.25
"4701","cancel",1021,82869658,95.25
"4702","minimal",1021,82870679,95.25
"4703","rode",1020,82871699,95.25
"4704","tactics",1020,82872719,95.25
"4705","downstairs",1019,82873738,95.25
"4706","pollution",1019,82874757,95.25
"4707","sweater",1019,82875776,95.26
"4708","brett",1018,82876794,95.26
"4709","copper",1018,82877812,95.26
"4710","notable",1018,82878830,95.26
"4711","patty",1018,82879848,95.26
"4712","spelling",1018,82880866,95.26
"4713","cedar",1017,82881883,95.26
"4714","bully",1016,82882899,95.26
"4715","flexible",1016,82883915,95.27
"4716","granite",1016,82884931,95.27
"4717","metropolitan",1016,82885947,95.27
"4718","sword",1016,82886963,95.27
"4719","arrangement",1015,82887978,95.27
"4720","gum",1015,82888993,95.27
"4721","stability",1015,82890008,95.27
"4722","chad",1014,82891022,95.27
"4723","fixing",1014,82892036,95.27
"4724","lin",1014,82893050,95.28
"4725","shifting",1014,82894064,95.28
"4726","anticipation",1013,82895077,95.28
"4727","hers",1013,82896090,95.28
"4728","secretly",1013,82897103,95.28
"4729","thy",1013,82898116,95.28
"4730","toddler",1013,82899129,95.28
"4731","touring",1013,82900142,95.28
"4732","amazingly",1012,82901154,95.29
"4733","decorated",1012,82902166,95.29
"4734","catcher",1011,82903177,95.29
"4735","mat",1011,82904188,95.29
"4736","antique",1008,82905196,95.29
"4737","crawl",1008,82906204,95.29
"4738","wardrobe",1008,82907212,95.29
"4739","dental",1007,82908219,95.29
"4740","gardening",1007,82909226,95.29
"4741","licensed",1007,82910233,95.3
"4742","contractor",1006,82911239,95.3
"4743","indictment",1006,82912245,95.3
"4744","warmth",1006,82913251,95.3
"4745","commonly",1005,82914256,95.3
"4746","hah",1005,82915261,95.3
"4747","needless",1005,82916266,95.3
"4748","peek",1004,82917270,95.3
"4749","tub",1004,82918274,95.3
"4750","accommodate",1003,82919277,95.31
"4751","bearing",1003,82920280,95.31
"4752","evident",1003,82921283,95.31
"4753","fled",1003,82922286,95.31
"4754","whereas",1003,82923289,95.31
"4755","outdoors",1002,82924291,95.31
"4756","tablespoon",1002,82925293,95.31
"4757","duo",1001,82926294,95.31
"4758","implement",1001,82927295,95.32
"4759","myth",1001,82928296,95.32
"4760","slim",1001,82929297,95.32
"4761","elevator",1000,82930297,95.32
"4762","freshly",1000,82931297,95.32
"4763","logical",1000,82932297,95.32
"4764","respectively",1000,82933297,95.32
"4765","sustained",1000,82934297,95.32
"4766","indication",999,82935296,95.32
"4767","lining",999,82936295,95.33
"4768","simultaneously",999,82937294,95.33
"4769","nut",998,82938292,95.33
"4770","origin",998,82939290,95.33
"4771","spouse",998,82940288,95.33
"4772","webster",998,82941286,95.33
"4773","berlin",997,82942283,95.33
"4774","consuming",997,82943280,95.33
"4775","lodge",997,82944277,95.33
"4776","warmer",997,82945274,95.34
"4777","aye",996,82946270,95.34
"4778","bourbon",996,82947266,95.34
"4779","burton",996,82948262,95.34
"4780","educate",996,82949258,95.34
"4781","satisfaction",996,82950254,95.34
"4782","vista",996,82951250,95.34
"4783","lucy",994,82952244,95.34
"4784","manual",994,82953238,95.34
"4785","badge",993,82954231,95.35
"4786","simmer",993,82955224,95.35
"4787","bleeding",992,82956216,95.35
"4788","consensus",992,82957208,95.35
"4789","audit",991,82958199,95.35
"4790","drummer",991,82959190,95.35
"4791","enhance",991,82960181,95.35
"4792","peer",991,82961172,95.35
"4793","preheat",991,82962163,95.36
"4794","profession",991,82963154,95.36
"4795","theirs",991,82964145,95.36
"4796","underwear",990,82965135,95.36
"4797","endorsement",989,82966124,95.36
"4798","karma",989,82967113,95.36
"4799","velvet",989,82968102,95.36
"4800","gon",988,82969090,95.36
"4801","mansion",988,82970078,95.36
"4802","beverage",986,82971064,95.37
"4803","flexibility",986,82972050,95.37
"4804","mixer",986,82973036,95.37
"4805","mar",985,82974021,95.37
"4806","yell",985,82975006,95.37
"4807","guardian",984,82975990,95.37
"4808","investor",984,82976974,95.37
"4809","palmer",984,82977958,95.37
"4810","pill",984,82978942,95.37
"4811","candle",983,82979925,95.38
"4812","montana",983,82980908,95.38
"4813","necklace",983,82981891,95.38
"4814","openly",983,82982874,95.38
"4815","pineapple",983,82983857,95.38
"4816","regulatory",983,82984840,95.38
"4817","tropical",983,82985823,95.38
"4818","faded",982,82986805,95.38
"4819","instructor",982,82987787,95.38
"4820","notebook",981,82988768,95.39
"4821","operator",981,82989749,95.39
"4822","ash",980,82990729,95.39
"4823","electrical",980,82991709,95.39
"4824","judicial",980,82992689,95.39
"4825","ordinance",980,82993669,95.39
"4826","paired",980,82994649,95.39
"4827","timothy",980,82995629,95.39
"4828","critic",978,82996607,95.39
"4829","eleven",978,82997585,95.4
"4830","grandpa",978,82998563,95.4
"4831","sa",978,82999541,95.4
"4832","vitamin",978,83000519,95.4
"4833","cox",977,83001496,95.4
"4834","refrigerator",977,83002473,95.4
"4835","incentive",976,83003449,95.4
"4836","designing",975,83004424,95.4
"4837","grape",975,83005399,95.4
"4838","linking",975,83006374,95.41
"4839","instrument",974,83007348,95.41
"4840","zip",974,83008322,95.41
"4841","clarity",973,83009295,95.41
"4842","foil",973,83010268,95.41
"4843","hub",973,83011241,95.41
"4844","radiation",973,83012214,95.41
"4845","toxic",973,83013187,95.41
"4846","lifting",972,83014159,95.41
"4847","tuna",972,83015131,95.42
"4848","allies",971,83016102,95.42
"4849","facial",971,83017073,95.42
"4850","diving",970,83018043,95.42
"4851","isolated",970,83019013,95.42
"4852","volleyball",970,83019983,95.42
"4853","booker",969,83020952,95.42
"4854","gifted",969,83021921,95.42
"4855","neal",969,83022890,95.42
"4856","costly",968,83023858,95.43
"4857","cozy",968,83024826,95.43
"4858","stickers",968,83025794,95.43
"4859","visitor",968,83026762,95.43
"4860","clips",967,83027729,95.43
"4861","dignity",967,83028696,95.43
"4862","sew",967,83029663,95.43
"4863","greet",966,83030629,95.43
"4864","protective",966,83031595,95.43
"4865","scent",966,83032561,95.44
"4866","cathedral",965,83033526,95.44
"4867","convenience",965,83034491,95.44
"4868","convert",965,83035456,95.44
"4869","lesser",965,83036421,95.44
"4870","lily",965,83037386,95.44
"4871","opt",965,83038351,95.44
"4872","risen",965,83039316,95.44
"4873","valued",965,83040281,95.44
"4874","completion",964,83041245,95.45
"4875","fierce",964,83042209,95.45
"4876","fluid",964,83043173,95.45
"4877","gateway",964,83044137,95.45
"4878","hong",963,83045100,95.45
"4879","shallow",963,83046063,95.45
"4880","aroma",962,83047025,95.45
"4881","driveway",962,83047987,95.45
"4882","saturated",962,83048949,95.45
"4883","stitch",962,83049911,95.46
"4884","feared",961,83050872,95.46
"4885","forgetting",961,83051833,95.46
"4886","statue",961,83052794,95.46
"4887","funk",960,83053754,95.46
"4888","bees",959,83054713,95.46
"4889","collar",958,83055671,95.46
"4890","nod",958,83056629,95.46
"4891","topping",958,83057587,95.46
"4892","transform",958,83058545,95.47
"4893","warrior",958,83059503,95.47
"4894","acquisition",957,83060460,95.47
"4895","ensemble",957,83061417,95.47
"4896","floral",957,83062374,95.47
"4897","haircut",957,83063331,95.47
"4898","glen",956,83064287,95.47
"4899","inventory",956,83065243,95.47
"4900","knocking",956,83066199,95.47
"4901","tutorial",956,83067155,95.48
"4902","inquiry",955,83068110,95.48
"4903","traditionally",955,83069065,95.48
"4904","welcoming",955,83070020,95.48
"4905","juicy",954,83070974,95.48
"4906","alternate",953,83071927,95.48
"4907","chic",953,83072880,95.48
"4908","freely",953,83073833,95.48
"4909","robot",952,83074785,95.48
"4910","ruth",952,83075737,95.49
"4911","windy",952,83076689,95.49
"4912","disc",951,83077640,95.49
"4913","dual",951,83078591,95.49
"4914","ivy",951,83079542,95.49
"4915","atop",950,83080492,95.49
"4916","fleet",950,83081442,95.49
"4917","rat",950,83082392,95.49
"4918","survivor",950,83083342,95.49
"4919","diary",949,83084291,95.5
"4920","observation",949,83085240,95.5
"4921","peach",949,83086189,95.5
"4922","rio",949,83087138,95.5
"4923","spite",949,83088087,95.5
"4924","usage",949,83089036,95.5
"4925","cocoa",948,83089984,95.5
"4926","florence",948,83090932,95.5
"4927","proceed",948,83091880,95.5
"4928","external",947,83092827,95.51
"4929","heating",947,83093774,95.51
"4930","lid",947,83094721,95.51
"4931","lengthy",946,83095667,95.51
"4932","lobster",946,83096613,95.51
"4933","fist",945,83097558,95.51
"4934","screwed",945,83098503,95.51
"4935","knitting",944,83099447,95.51
"4936","significance",943,83100390,95.51
"4937","crunch",942,83101332,95.52
"4938","grip",942,83102274,95.52
"4939","apt",941,83103215,95.52
"4940","insist",941,83104156,95.52
"4941","sequel",941,83105097,95.52
"4942","wax",941,83106038,95.52
"4943","wipe",941,83106979,95.52
"4944","curve",940,83107919,95.52
"4945","delighted",940,83108859,95.52
"4946","jenny",940,83109799,95.52
"4947","ala",939,83110738,95.53
"4948","mango",939,83111677,95.53
"4949","norm",939,83112616,95.53
"4950","trunk",939,83113555,95.53
"4951","animated",938,83114493,95.53
"4952","arc",938,83115431,95.53
"4953","invasion",938,83116369,95.53
"4954","pal",938,83117307,95.53
"4955","psychology",938,83118245,95.53
"4956","acoustic",937,83119182,95.54
"4957","hatred",937,83120119,95.54
"4958","realm",937,83121056,95.54
"4959","winery",937,83121993,95.54
"4960","fifteen",935,83122928,95.54
"4961","satellite",935,83123863,95.54
"4962","scan",934,83124797,95.54
"4963","gravity",933,83125730,95.54
"4964","stiff",933,83126663,95.54
"4965","apology",932,83127595,95.55
"4966","chronicle",931,83128526,95.55
"4967","damages",931,83129457,95.55
"4968","meditation",931,83130388,95.55
"4969","wasnt",931,83131319,95.55
"4970","dunk",930,83132249,95.55
"4971","examination",930,83133179,95.55
"4972","seth",930,83134109,95.55
"4973","suitable",930,83135039,95.55
"4974","willingness",930,83135969,95.55
"4975","tying",929,83136898,95.56
"4976","wasting",929,83137827,95.56
"4977","guitarist",928,83138755,95.56
"4978","psalm",928,83139683,95.56
"4979","speculation",928,83140611,95.56
"4980","surveillance",928,83141539,95.56
"4981","funky",927,83142466,95.56
"4982","installation",927,83143393,95.56
"4983","rope",927,83144320,95.56
"4984","turnout",927,83145247,95.57
"4985","barrier",926,83146173,95.57
"4986","enable",926,83147099,95.57
"4987","bias",925,83148024,95.57
"4988","cope",925,83148949,95.57
"4989","switching",925,83149874,95.57
"4990","waist",925,83150799,95.57
"4991","witch",925,83151724,95.57
"4992","phenomenon",924,83152648,95.57
"4993","riot",924,83153572,95.58
"4994","brass",923,83154495,95.58
"4995","champ",923,83155418,95.58
"4996","frost",923,83156341,95.58
"4997","gem",923,83157264,95.58
"4998","splash",923,83158187,95.58
"4999","arsenal",922,83159109,95.58
"5000","genuinely",922,83160031,95.58
"5001","recruit",922,83160953,95.58
"5002","woohoo",922,83161875,95.58
"5003","separation",921,83162796,95.59
"5004","alpha",920,83163716,95.59
"5005","exceptional",920,83164636,95.59
"5006","proposition",920,83165556,95.59
"5007","almond",919,83166475,95.59
"5008","criteria",919,83167394,95.59
"5009","publicity",919,83168313,95.59
"5010","serial",919,83169232,95.59
"5011","component",918,83170150,95.59
"5012","cracking",918,83171068,95.6
"5013","dome",918,83171986,95.6
"5014","ledger",918,83172904,95.6
"5015","organ",918,83173822,95.6
"5016","relation",918,83174740,95.6
"5017","flame",917,83175657,95.6
"5018","noir",916,83176573,95.6
"5019","straw",916,83177489,95.6
"5020","caffeine",915,83178404,95.6
"5021","hay",915,83179319,95.6
"5022","herb",915,83180234,95.61
"5023","habitat",914,83181148,95.61
"5024","relieved",914,83182062,95.61
"5025","sticker",914,83182976,95.61
"5026","clutch",913,83183889,95.61
"5027","geek",913,83184802,95.61
"5028","merger",912,83185714,95.61
"5029","sculpture",912,83186626,95.61
"5030","dependent",911,83187537,95.61
"5031","submission",911,83188448,95.62
"5032","burnt",910,83189358,95.62
"5033","grasp",910,83190268,95.62
"5034","microwave",910,83191178,95.62
"5035","outing",910,83192088,95.62
"5036","rebound",910,83192998,95.62
"5037","reluctant",910,83193908,95.62
"5038","compact",909,83194817,95.62
"5039","nickname",909,83195726,95.62
"5040","pirate",908,83196634,95.62
"5041","ritual",908,83197542,95.63
"5042","clearing",907,83198449,95.63
"5043","consent",907,83199356,95.63
"5044","easiest",907,83200263,95.63
"5045","greatness",907,83201170,95.63
"5046","needle",907,83202077,95.63
"5047","salty",907,83202984,95.63
"5048","ana",906,83203890,95.63
"5049","mushroom",906,83204796,95.63
"5050","poison",906,83205702,95.64
"5051","raid",905,83206607,95.64
"5052","representation",905,83207512,95.64
"5053","stimulus",905,83208417,95.64
"5054","graphics",904,83209321,95.64
"5055","hulk",904,83210225,95.64
"5056","severely",904,83211129,95.64
"5057","flooding",903,83212032,95.64
"5058","infant",903,83212935,95.64
"5059","transparency",903,83213838,95.64
"5060","broccoli",902,83214740,95.65
"5061","therapist",902,83215642,95.65
"5062","acquire",901,83216543,95.65
"5063","arrange",901,83217444,95.65
"5064","flavored",901,83218345,95.65
"5065","sweetie",901,83219246,95.65
"5066","absent",900,83220146,95.65
"5067","chilly",900,83221046,95.65
"5068","irene",900,83221946,95.65
"5069","adequate",899,83222845,95.65
"5070","cycling",899,83223744,95.66
"5071","marker",899,83224643,95.66
"5072","nowadays",899,83225542,95.66
"5073","asparagus",898,83226440,95.66
"5074","evaluate",898,83227338,95.66
"5075","immune",898,83228236,95.66
"5076","petty",898,83229134,95.66
"5077","sh",898,83230032,95.66
"5078","stance",898,83230930,95.66
"5079","albeit",897,83231827,95.67
"5080","diagnosis",897,83232724,95.67
"5081","incumbent",897,83233621,95.67
"5082","farther",896,83234517,95.67
"5083","mound",896,83235413,95.67
"5084","canned",894,83236307,95.67
"5085","chapel",894,83237201,95.67
"5086","tourney",893,83238094,95.67
"5087","congressman",892,83238986,95.67
"5088","iced",892,83239878,95.67
"5089","interact",892,83240770,95.68
"5090","productivity",892,83241662,95.68
"5091","puzzle",892,83242554,95.68
"5092","ally",891,83243445,95.68
"5093","cheek",891,83244336,95.68
"5094","curiosity",891,83245227,95.68
"5095","na",891,83246118,95.68
"5096","reservation",891,83247009,95.68
"5097","artificial",890,83247899,95.68
"5098","gossip",890,83248789,95.68
"5099","probe",890,83249679,95.69
"5100","supporter",890,83250569,95.69
"5101","wonderfully",890,83251459,95.69
"5102","bookstore",889,83252348,95.69
"5103","forming",889,83253237,95.69
"5104","decrease",888,83254125,95.69
"5105","founding",888,83255013,95.69
"5106","inform",888,83255901,95.69
"5107","mining",888,83256789,95.69
"5108","referendum",888,83257677,95.69
"5109","underway",888,83258565,95.7
"5110","booze",887,83259452,95.7
"5111","negotiate",887,83260339,95.7
"5112","scrutiny",886,83261225,95.7
"5113","strictly",886,83262111,95.7
"5114","athletics",885,83262996,95.7
"5115","crib",885,83263881,95.7
"5116","fa",885,83264766,95.7
"5117","extract",884,83265650,95.7
"5118","coincidence",883,83266533,95.7
"5119","den",883,83267416,95.71
"5120","oxygen",883,83268299,95.71
"5121","province",883,83269182,95.71
"5122","skilled",883,83270065,95.71
"5123","compliance",882,83270947,95.71
"5124","declare",882,83271829,95.71
"5125","kudos",882,83272711,95.71
"5126","nursery",882,83273593,95.71
"5127","poised",882,83274475,95.71
"5128","anthem",881,83275356,95.72
"5129","cheat",881,83276237,95.72
"5130","fur",881,83277118,95.72
"5131","memo",881,83277999,95.72
"5132","placement",881,83278880,95.72
"5133","echo",880,83279760,95.72
"5134","strengthen",880,83280640,95.72
"5135","crispy",879,83281519,95.72
"5136","jungle",878,83282397,95.72
"5137","kirk",878,83283275,95.72
"5138","privately",878,83284153,95.73
"5139","wreck",878,83285031,95.73
"5140","ambassador",877,83285908,95.73
"5141","cottage",877,83286785,95.73
"5142","merit",877,83287662,95.73
"5143","precise",877,83288539,95.73
"5144","adviser",876,83289415,95.73
"5145","carrot",876,83290291,95.73
"5146","keynote",876,83291167,95.73
"5147","physics",876,83292043,95.73
"5148","cleaner",875,83292918,95.74
"5149","icing",875,83293793,95.74
"5150","bliss",874,83294667,95.74
"5151","fluffy",874,83295541,95.74
"5152","hallway",874,83296415,95.74
"5153","sip",874,83297289,95.74
"5154","stellar",874,83298163,95.74
"5155","refund",873,83299036,95.74
"5156","thirsty",873,83299909,95.74
"5157","newsletter",872,83300781,95.74
"5158","pioneer",872,83301653,95.75
"5159","magnificent",871,83302524,95.75
"5160","satisfy",871,83303395,95.75
"5161","barbecue",870,83304265,95.75
"5162","costa",870,83305135,95.75
"5163","oatmeal",870,83306005,95.75
"5164","surrender",870,83306875,95.75
"5165","weighed",870,83307745,95.75
"5166","litigation",869,83308614,95.75
"5167","considerable",868,83309482,95.75
"5168","convincing",868,83310350,95.76
"5169","derrick",868,83311218,95.76
"5170","treasurer",868,83312086,95.76
"5171","dye",867,83312953,95.76
"5172","hander",867,83313820,95.76
"5173","harmony",867,83314687,95.76
"5174","landmark",867,83315554,95.76
"5175","resurrection",867,83316421,95.76
"5176","revolutionary",867,83317288,95.76
"5177","ruby",867,83318155,95.76
"5178","uncertain",867,83319022,95.77
"5179","coloring",866,83319888,95.77
"5180","handmade",866,83320754,95.77
"5181","insanity",866,83321620,95.77
"5182","mash",866,83322486,95.77
"5183","federation",865,83323351,95.77
"5184","grammar",865,83324216,95.77
"5185","impress",865,83325081,95.77
"5186","cooling",864,83325945,95.77
"5187","curb",864,83326809,95.77
"5188","incorporate",864,83327673,95.78
"5189","ingredient",864,83328537,95.78
"5190","phenomenal",864,83329401,95.78
"5191","obligation",863,83330264,95.78
"5192","observe",863,83331127,95.78
"5193","cookbook",862,83331989,95.78
"5194","mock",862,83332851,95.78
"5195","processor",862,83333713,95.78
"5196","sympathy",862,83334575,95.78
"5197","bon",861,83335436,95.78
"5198","fade",861,83336297,95.79
"5199","aisle",860,83337157,95.79
"5200","resting",860,83338017,95.79
"5201","unaware",860,83338877,95.79
"5202","commute",859,83339736,95.79
"5203","polite",859,83340595,95.79
"5204","questionable",859,83341454,95.79
"5205","sealed",859,83342313,95.79
"5206","seated",859,83343172,95.79
"5207","bracket",858,83344030,95.79
"5208","historically",858,83344888,95.8
"5209","newton",858,83345746,95.8
"5210","parenthood",858,83346604,95.8
"5211","vague",858,83347462,95.8
"5212","warn",858,83348320,95.8
"5213","airplane",857,83349177,95.8
"5214","authorized",857,83350034,95.8
"5215","caution",857,83350891,95.8
"5216","gala",857,83351748,95.8
"5217","gourmet",857,83352605,95.8
"5218","offended",857,83353462,95.8
"5219","rhetoric",857,83354319,95.81
"5220","spaghetti",857,83355176,95.81
"5221","frosting",856,83356032,95.81
"5222","preschool",856,83356888,95.81
"5223","framed",855,83357743,95.81
"5224","restoration",855,83358598,95.81
"5225","soak",855,83359453,95.81
"5226","cheesecake",854,83360307,95.81
"5227","denial",853,83361160,95.81
"5228","envy",853,83362013,95.81
"5229","outreach",853,83362866,95.82
"5230","proving",853,83363719,95.82
"5231","pulse",852,83364571,95.82
"5232","abundance",851,83365422,95.82
"5233","breakdown",851,83366273,95.82
"5234","identical",851,83367124,95.82
"5235","conscience",850,83367974,95.82
"5236","mechanical",850,83368824,95.82
"5237","overhaul",850,83369674,95.82
"5238","surge",849,83370523,95.82
"5239","correction",848,83371371,95.83
"5240","dragged",848,83372219,95.83
"5241","elect",847,83373066,95.83
"5242","enthusiastic",847,83373913,95.83
"5243","urging",847,83374760,95.83
"5244","wandering",847,83375607,95.83
"5245","grid",846,83376453,95.83
"5246","hospitality",846,83377299,95.83
"5247","coastal",845,83378144,95.83
"5248","crafty",845,83378989,95.83
"5249","evenly",845,83379834,95.84
"5250","shipped",845,83380679,95.84
"5251","distinction",844,83381523,95.84
"5252","karaoke",844,83382367,95.84
"5253","leftover",844,83383211,95.84
"5254","orientation",844,83384055,95.84
"5255","parallel",844,83384899,95.84
"5256","soaked",844,83385743,95.84
"5257","confession",843,83386586,95.84
"5258","embassy",843,83387429,95.84
"5259","gal",843,83388272,95.84
"5260","moss",843,83389115,95.85
"5261","partial",843,83389958,95.85
"5262","bounty",842,83390800,95.85
"5263","consume",842,83391642,95.85
"5264","inspection",842,83392484,95.85
"5265","cabbage",841,83393325,95.85
"5266","dodge",841,83394166,95.85
"5267","enhanced",841,83395007,95.85
"5268","kissing",841,83395848,95.85
"5269","ranger",841,83396689,95.85
"5270","rum",841,83397530,95.86
"5271","ambulance",840,83398370,95.86
"5272","exploration",840,83399210,95.86
"5273","revealing",840,83400050,95.86
"5274","sparkling",840,83400890,95.86
"5275","thriller",840,83401730,95.86
"5276","breed",839,83402569,95.86
"5277","appetite",837,83403406,95.86
"5278","crude",837,83404243,95.86
"5279","sally",837,83405080,95.86
"5280","trace",837,83405917,95.87
"5281","tsunami",837,83406754,95.87
"5282","offset",836,83407590,95.87
"5283","colin",835,83408425,95.87
"5284","corrupt",835,83409260,95.87
"5285","shield",835,83410095,95.87
"5286","exclusively",834,83410929,95.87
"5287","abstract",833,83411762,95.87
"5288","applause",833,83412595,95.87
"5289","elder",833,83413428,95.87
"5290","lacrosse",833,83414261,95.87
"5291","liability",833,83415094,95.88
"5292","skeptical",833,83415927,95.88
"5293","swinging",833,83416760,95.88
"5294","concentration",832,83417592,95.88
"5295","kidney",832,83418424,95.88
"5296","restricted",832,83419256,95.88
"5297","shouting",832,83420088,95.88
"5298","ballroom",831,83420919,95.88
"5299","bummer",831,83421750,95.88
"5300","frog",831,83422581,95.88
"5301","irrelevant",831,83423412,95.89
"5302","slavery",831,83424243,95.89
"5303","continually",830,83425073,95.89
"5304","cricket",830,83425903,95.89
"5305","endorsed",830,83426733,95.89
"5306","rebel",829,83427562,95.89
"5307","translate",829,83428391,95.89
"5308","retiring",828,83429219,95.89
"5309","transmission",828,83430047,95.89
"5310","unified",828,83430875,95.89
"5311","void",828,83431703,95.89
"5312","cult",827,83432530,95.9
"5313","gown",827,83433357,95.9
"5314","haul",827,83434184,95.9
"5315","caroline",826,83435010,95.9
"5316","lively",825,83435835,95.9
"5317","tanning",824,83436659,95.9
"5318","bash",823,83437482,95.9
"5319","lemonade",823,83438305,95.9
"5320","practiced",823,83439128,95.9
"5321","reps",823,83439951,95.9
"5322","rumor",823,83440774,95.91
"5323","float",822,83441596,95.91
"5324","glance",822,83442418,95.91
"5325","rounded",822,83443240,95.91
"5326","dense",821,83444061,95.91
"5327","socialist",821,83444882,95.91
"5328","visa",821,83445703,95.91
"5329","borrowing",820,83446523,95.91
"5330","highland",819,83447342,95.91
"5331","kindly",819,83448161,95.91
"5332","overhead",819,83448980,95.91
"5333","unprecedented",819,83449799,95.92
"5334","carnival",818,83450617,95.92
"5335","gravy",818,83451435,95.92
"5336","paragraph",818,83452253,95.92
"5337","grounded",817,83453070,95.92
"5338","premise",817,83453887,95.92
"5339","purely",817,83454704,95.92
"5340","runway",817,83455521,95.92
"5341","seasoned",817,83456338,95.92
"5342","sensation",817,83457155,95.92
"5343","ta",817,83457972,95.93
"5344","citizenship",816,83458788,95.93
"5345","umbrella",816,83459604,95.93
"5346","entertain",815,83460419,95.93
"5347","lance",815,83461234,95.93
"5348","literacy",815,83462049,95.93
"5349","necessity",815,83462864,95.93
"5350","tad",815,83463679,95.93
"5351","composed",814,83464493,95.93
"5352","composer",814,83465307,95.93
"5353","detention",814,83466121,95.93
"5354","ripe",814,83466935,95.94
"5355","agricultural",813,83467748,95.94
"5356","sage",813,83468561,95.94
"5357","boarding",812,83469373,95.94
"5358","burke",812,83470185,95.94
"5359","di",812,83470997,95.94
"5360","filter",812,83471809,95.94
"5361","sincerely",812,83472621,95.94
"5362","stove",812,83473433,95.94
"5363","goalie",811,83474244,95.94
"5364","oddly",811,83475055,95.94
"5365","prosperity",811,83475866,95.95
"5366","renewal",811,83476677,95.95
"5367","whew",811,83477488,95.95
"5368","entrepreneur",810,83478298,95.95
"5369","expectation",810,83479108,95.95
"5370","rewarding",810,83479918,95.95
"5371","settling",810,83480728,95.95
"5372","borough",809,83481537,95.95
"5373","fulfill",809,83482346,95.95
"5374","heavenly",809,83483155,95.95
"5375","manufacturer",809,83483964,95.95
"5376","pity",809,83484773,95.96
"5377","fringe",808,83485581,95.96
"5378","optimism",808,83486389,95.96
"5379","partisan",808,83487197,95.96
"5380","surviving",808,83488005,95.96
"5381","goose",807,83488812,95.96
"5382","ie",807,83489619,95.96
"5383","output",807,83490426,95.96
"5384","priceless",807,83491233,95.96
"5385","contents",806,83492039,95.96
"5386","courthouse",806,83492845,95.97
"5387","owl",806,83493651,95.97
"5388","sunrise",806,83494457,95.97
"5389","internship",805,83495262,95.97
"5390","naming",805,83496067,95.97
"5391","permitted",805,83496872,95.97
"5392","refusing",805,83497677,95.97
"5393","blended",804,83498481,95.97
"5394","bronze",804,83499285,95.97
"5395","cattle",804,83500089,95.97
"5396","entity",804,83500893,95.97
"5397","reasonably",804,83501697,95.98
"5398","slick",804,83502501,95.98
"5399","clown",803,83503304,95.98
"5400","folder",803,83504107,95.98
"5401","tendency",803,83504910,95.98
"5402","testify",803,83505713,95.98
"5403","yourselves",803,83506516,95.98
"5404","customs",802,83507318,95.98
"5405","remix",802,83508120,95.98
"5406","salute",802,83508922,95.98
"5407","seller",802,83509724,95.98
"5408","tier",802,83510526,95.99
"5409","dug",801,83511327,95.99
"5410","routinely",801,83512128,95.99
"5411","availability",800,83512928,95.99
"5412","earl",800,83513728,95.99
"5413","envelope",800,83514528,95.99
"5414","ethical",800,83515328,95.99
"5415","lager",800,83516128,95.99
"5416","prof",800,83516928,95.99
"5417","sober",800,83517728,95.99
"5418","whisper",800,83518528,95.99
"5419","civilian",799,83519327,96
"5420","demonstration",799,83520126,96
"5421","inability",799,83520925,96
"5422","supermarket",799,83521724,96
"5423","balloon",798,83522522,96
"5424","fragile",798,83523320,96
"5425","sparked",798,83524118,96
"5426","mentality",797,83524915,96
"5427","notified",797,83525712,96
"5428","rebuild",797,83526509,96
"5429","surgeon",797,83527306,96
"5430","vendor",797,83528103,96.01
"5431","dominate",796,83528899,96.01
"5432","flick",796,83529695,96.01
"5433","identification",796,83530491,96.01
"5434","spike",796,83531287,96.01
"5435","austerity",795,83532082,96.01
"5436","extending",795,83532877,96.01
"5437","shave",795,83533672,96.01
"5438","transaction",795,83534467,96.01
"5439","widow",795,83535262,96.01
"5440","blair",794,83536056,96.01
"5441","furious",794,83536850,96.02
"5442","genetic",794,83537644,96.02
"5443","innocence",794,83538438,96.02
"5444","measuring",794,83539232,96.02
"5445","rider",794,83540026,96.02
"5446","verbal",794,83540820,96.02
"5447","absurd",793,83541613,96.02
"5448","rejection",793,83542406,96.02
"5449","risky",793,83543199,96.02
"5450","profitable",792,83543991,96.02
"5451","auditorium",791,83544782,96.02
"5452","canal",791,83545573,96.03
"5453","presumably",791,83546364,96.03
"5454","accomplishment",790,83547154,96.03
"5455","advise",790,83547944,96.03
"5456","bartender",790,83548734,96.03
"5457","finely",790,83549524,96.03
"5458","moist",790,83550314,96.03
"5459","tightly",790,83551104,96.03
"5460","savvy",789,83551893,96.03
"5461","moreover",788,83552681,96.03
"5462","nearest",788,83553469,96.03
"5463","arch",787,83554256,96.04
"5464","lung",787,83555043,96.04
"5465","morrow",787,83555830,96.04
"5466","separately",787,83556617,96.04
"5467","viable",787,83557404,96.04
"5468","sharply",786,83558190,96.04
"5469","lamp",785,83558975,96.04
"5470","donor",784,83559759,96.04
"5471","ladder",784,83560543,96.04
"5472","permanently",784,83561327,96.04
"5473","ramp",784,83562111,96.04
"5474","woody",784,83562895,96.05
"5475","abandon",783,83563678,96.05
"5476","credibility",783,83564461,96.05
"5477","superb",783,83565244,96.05
"5478","turf",783,83566027,96.05
"5479","ditto",782,83566809,96.05
"5480","memoir",782,83567591,96.05
"5481","scouting",781,83568372,96.05
"5482","beck",780,83569152,96.05
"5483","hump",780,83569932,96.05
"5484","inspector",780,83570712,96.05
"5485","maya",780,83571492,96.06
"5486","mug",780,83572272,96.06
"5487","preseason",780,83573052,96.06
"5488","whatsoever",780,83573832,96.06
"5489","moody",779,83574611,96.06
"5490","preference",779,83575390,96.06
"5491","reese",779,83576169,96.06
"5492","hacking",778,83576947,96.06
"5493","realization",778,83577725,96.06
"5494","shaker",778,83578503,96.06
"5495","binding",777,83579280,96.06
"5496","diaper",777,83580057,96.07
"5497","setup",777,83580834,96.07
"5498","storytelling",777,83581611,96.07
"5499","avocado",776,83582387,96.07
"5500","leak",776,83583163,96.07
"5501","messing",776,83583939,96.07
"5502","pharmacy",776,83584715,96.07
"5503","stylish",776,83585491,96.07
"5504","trump",776,83586267,96.07
"5505","bummed",775,83587042,96.07
"5506","colonial",775,83587817,96.07
"5507","confirmation",775,83588592,96.08
"5508","lax",775,83589367,96.08
"5509","scarf",775,83590142,96.08
"5510","skating",775,83590917,96.08
"5511","sung",775,83591692,96.08
"5512","thrill",775,83592467,96.08
"5513","folded",774,83593241,96.08
"5514","passport",774,83594015,96.08
"5515","prop",774,83594789,96.08
"5516","sleeve",774,83595563,96.08
"5517","sunlight",774,83596337,96.08
"5518","adapt",773,83597110,96.08
"5519","auburn",773,83597883,96.09
"5520","merchandise",773,83598656,96.09
"5521","capitalism",772,83599428,96.09
"5522","lifelong",772,83600200,96.09
"5523","loudly",772,83600972,96.09
"5524","trilogy",772,83601744,96.09
"5525","cheesy",771,83602515,96.09
"5526","endure",771,83603286,96.09
"5527","favored",771,83604057,96.09
"5528","functional",771,83604828,96.09
"5529","renovation",771,83605599,96.09
"5530","triumph",771,83606370,96.1
"5531","amusing",770,83607140,96.1
"5532","cardboard",770,83607910,96.1
"5533","enrolled",770,83608680,96.1
"5534","quirky",770,83609450,96.1
"5535","blade",769,83610219,96.1
"5536","muffin",769,83610988,96.1
"5537","prediction",769,83611757,96.1
"5538","assure",768,83612525,96.1
"5539","auditor",768,83613293,96.1
"5540","damned",768,83614061,96.1
"5541","neon",768,83614829,96.11
"5542","robust",768,83615597,96.11
"5543","shooter",767,83616364,96.11
"5544","brook",766,83617130,96.11
"5545","glove",766,83617896,96.11
"5546","ironically",766,83618662,96.11
"5547","predictable",766,83619428,96.11
"5548","rosemary",766,83620194,96.11
"5549","sack",766,83620960,96.11
"5550","export",765,83621725,96.11
"5551","notch",765,83622490,96.11
"5552","sonic",765,83623255,96.12
"5553","mailed",764,83624019,96.12
"5554","distraction",763,83624782,96.12
"5555","enforce",763,83625545,96.12
"5556","rex",763,83626308,96.12
"5557","behave",762,83627070,96.12
"5558","mold",762,83627832,96.12
"5559","proudly",762,83628594,96.12
"5560","savage",762,83629356,96.12
"5561","scholar",762,83630118,96.12
"5562","supper",762,83630880,96.12
"5563","turtle",762,83631642,96.12
"5564","vaccine",762,83632404,96.13
"5565","alcoholic",761,83633165,96.13
"5566","assess",761,83633926,96.13
"5567","grease",761,83634687,96.13
"5568","micro",761,83635448,96.13
"5569","dimension",760,83636208,96.13
"5570","lend",760,83636968,96.13
"5571","manuscript",760,83637728,96.13
"5572","neglect",760,83638488,96.13
"5573","preach",760,83639248,96.13
"5574","varied",760,83640008,96.13
"5575","gee",759,83640767,96.14
"5576","lent",759,83641526,96.14
"5577","loaf",759,83642285,96.14
"5578","margarita",759,83643044,96.14
"5579","begging",758,83643802,96.14
"5580","foolish",758,83644560,96.14
"5581","neighboring",758,83645318,96.14
"5582","pier",758,83646076,96.14
"5583","pointless",758,83646834,96.14
"5584","transparent",758,83647592,96.14
"5585","adjacent",757,83648349,96.14
"5586","chunk",757,83649106,96.14
"5587","fellowship",757,83649863,96.15
"5588","invention",757,83650620,96.15
"5589","motto",757,83651377,96.15
"5590","skate",757,83652134,96.15
"5591","spoiled",757,83652891,96.15
"5592","depot",756,83653647,96.15
"5593","mounted",756,83654403,96.15
"5594","outline",756,83655159,96.15
"5595","postal",756,83655915,96.15
"5596","rented",756,83656671,96.15
"5597","retailer",756,83657427,96.15
"5598","affecting",755,83658182,96.16
"5599","animation",755,83658937,96.16
"5600","archive",755,83659692,96.16
"5601","boiling",755,83660447,96.16
"5602","disclose",755,83661202,96.16
"5603","explosive",755,83661957,96.16
"5604","limiting",755,83662712,96.16
"5605","reflecting",755,83663467,96.16
"5606","tray",755,83664222,96.16
"5607","additionally",754,83664976,96.16
"5608","urgent",754,83665730,96.16
"5609","abbey",753,83666483,96.16
"5610","holla",753,83667236,96.17
"5611","inevitably",753,83667989,96.17
"5612","intact",753,83668742,96.17
"5613","walnut",753,83669495,96.17
"5614","intensive",752,83670247,96.17
"5615","intentionally",752,83670999,96.17
"5616","lafayette",752,83671751,96.17
"5617","tribal",752,83672503,96.17
"5618","underlying",752,83673255,96.17
"5619","cue",751,83674006,96.17
"5620","daylight",751,83674757,96.17
"5621","hollow",751,83675508,96.18
"5622","shepherd",751,83676259,96.18
"5623","aa",750,83677009,96.18
"5624","celery",750,83677759,96.18
"5625","coaster",750,83678509,96.18
"5626","debris",750,83679259,96.18
"5627","apparel",749,83680008,96.18
"5628","spine",749,83680757,96.18
"5629","tense",749,83681506,96.18
"5630","tolerance",749,83682255,96.18
"5631","vessel",749,83683004,96.18
"5632","dictionary",748,83683752,96.18
"5633","fusion",748,83684500,96.19
"5634","tri",748,83685248,96.19
"5635","exploded",747,83685995,96.19
"5636","ghetto",747,83686742,96.19
"5637","intern",747,83687489,96.19
"5638","sterling",747,83688236,96.19
"5639","sweetheart",747,83688983,96.19
"5640","biology",746,83689729,96.19
"5641","revival",746,83690475,96.19
"5642","wilderness",746,83691221,96.19
"5643","aviation",745,83691966,96.19
"5644","concussion",745,83692711,96.19
"5645","jaw",745,83693456,96.2
"5646","sampling",745,83694201,96.2
"5647","unacceptable",745,83694946,96.2
"5648","barcelona",744,83695690,96.2
"5649","bitterness",744,83696434,96.2
"5650","vivid",744,83697178,96.2
"5651","wool",744,83697922,96.2
"5652","businessman",743,83698665,96.2
"5653","coin",743,83699408,96.2
"5654","compound",743,83700151,96.2
"5655","napa",743,83700894,96.2
"5656","sanders",743,83701637,96.21
"5657","formally",742,83702379,96.21
"5658","nash",742,83703121,96.21
"5659","rusty",742,83703863,96.21
"5660","sofa",742,83704605,96.21
"5661","unsure",742,83705347,96.21
"5662","unveiled",742,83706089,96.21
"5663","bacteria",741,83706830,96.21
"5664","beneficial",741,83707571,96.21
"5665","chrome",741,83708312,96.21
"5666","historian",741,83709053,96.21
"5667","sustain",741,83709794,96.21
"5668","holocaust",740,83710534,96.22
"5669","resignation",740,83711274,96.22
"5670","walsh",740,83712014,96.22
"5671","believer",738,83712752,96.22
"5672","comply",738,83713490,96.22
"5673","happiest",738,83714228,96.22
"5674","affection",737,83714965,96.22
"5675","drained",737,83715702,96.22
"5676","rib",737,83716439,96.22
"5677","tile",737,83717176,96.22
"5678","generic",736,83717912,96.22
"5679","impose",736,83718648,96.22
"5680","pantry",736,83719384,96.23
"5681","curtain",735,83720119,96.23
"5682","distinctive",735,83720854,96.23
"5683","flawed",735,83721589,96.23
"5684","lush",735,83722324,96.23
"5685","outrageous",735,83723059,96.23
"5686","printer",735,83723794,96.23
"5687","bedtime",734,83724528,96.23
"5688","beware",734,83725262,96.23
"5689","performer",734,83725996,96.23
"5690","renewable",734,83726730,96.23
"5691","layered",733,83727463,96.23
"5692","sesame",733,83728196,96.24
"5693","smoothly",733,83728929,96.24
"5694","ridiculously",732,83729661,96.24
"5695","sewer",732,83730393,96.24
"5696","transplant",732,83731125,96.24
"5697","vacuum",732,83731857,96.24
"5698","dusty",731,83732588,96.24
"5699","fictional",731,83733319,96.24
"5700","stripped",731,83734050,96.24
"5701","bum",730,83734780,96.24
"5702","guild",730,83735510,96.24
"5703","pointer",730,83736240,96.24
"5704","rye",730,83736970,96.25
"5705","shortage",730,83737700,96.25
"5706","wellness",730,83738430,96.25
"5707","drawer",729,83739159,96.25
"5708","exterior",729,83739888,96.25
"5709","participant",729,83740617,96.25
"5710","presidency",729,83741346,96.25
"5711","wander",729,83742075,96.25
"5712","mu",728,83742803,96.25
"5713","gore",727,83743530,96.25
"5714","hardy",727,83744257,96.25
"5715","liar",727,83744984,96.25
"5716","quiz",727,83745711,96.26
"5717","busted",726,83746437,96.26
"5718","critique",726,83747163,96.26
"5719","luggage",726,83747889,96.26
"5720","steadily",726,83748615,96.26
"5721","decorate",725,83749340,96.26
"5722","governing",725,83750065,96.26
"5723","tearing",725,83750790,96.26
"5724","tore",725,83751515,96.26
"5725","examiner",724,83752239,96.26
"5726","hank",724,83752963,96.26
"5727","navigate",724,83753687,96.26
"5728","papa",724,83754411,96.27
"5729","strive",724,83755135,96.27
"5730","comfy",723,83755858,96.27
"5731","gauge",723,83756581,96.27
"5732","painter",723,83757304,96.27
"5733","stall",723,83758027,96.27
"5734","unrelated",722,83758749,96.27
"5735","cha",721,83759470,96.27
"5736","lick",721,83760191,96.27
"5737","parole",721,83760912,96.27
"5738","rational",721,83761633,96.27
"5739","diner",720,83762353,96.27
"5740","hustle",720,83763073,96.28
"5741","luncheon",719,83763792,96.28
"5742","mines",719,83764511,96.28
"5743","pony",719,83765230,96.28
"5744","prone",719,83765949,96.28
"5745","thorough",719,83766668,96.28
"5746","whale",719,83767387,96.28
"5747","stamping",718,83768105,96.28
"5748","versatile",718,83768823,96.28
"5749","wa",718,83769541,96.28
"5750","biological",717,83770258,96.28
"5751","despair",717,83770975,96.28
"5752","explode",717,83771692,96.29
"5753","kickoff",717,83772409,96.29
"5754","mack",717,83773126,96.29
"5755","scotch",717,83773843,96.29
"5756","triangle",717,83774560,96.29
"5757","elevated",716,83775276,96.29
"5758","halt",716,83775992,96.29
"5759","infamous",716,83776708,96.29
"5760","proverb",716,83777424,96.29
"5761","sailing",716,83778140,96.29
"5762","debating",715,83778855,96.29
"5763","rondo",715,83779570,96.29
"5764","burglary",714,83780284,96.3
"5765","grader",714,83780998,96.3
"5766","misconduct",714,83781712,96.3
"5767","conversion",713,83782425,96.3
"5768","median",713,83783138,96.3
"5769","virtue",713,83783851,96.3
"5770","architectural",712,83784563,96.3
"5771","behold",712,83785275,96.3
"5772","possess",712,83785987,96.3
"5773","renaissance",712,83786699,96.3
"5774","simplicity",712,83787411,96.3
"5775","corridor",711,83788122,96.3
"5776","portable",711,83788833,96.31
"5777","bing",710,83789543,96.31
"5778","blender",710,83790253,96.31
"5779","laser",710,83790963,96.31
"5780","terrifying",710,83791673,96.31
"5781","trout",710,83792383,96.31
"5782","wagon",710,83793093,96.31
"5783","lavender",709,83793802,96.31
"5784","pictured",709,83794511,96.31
"5785","reckless",709,83795220,96.31
"5786","silicon",709,83795929,96.31
"5787","sliding",709,83796638,96.31
"5788","sparks",709,83797347,96.32
"5789","walt",709,83798056,96.32
"5790","cord",708,83798764,96.32
"5791","infinite",708,83799472,96.32
"5792","bipartisan",707,83800179,96.32
"5793","expose",707,83800886,96.32
"5794","framework",707,83801593,96.32
"5795","promptly",707,83802300,96.32
"5796","freeman",706,83803006,96.32
"5797","monetary",706,83803712,96.32
"5798","colt",705,83804417,96.32
"5799","complexity",705,83805122,96.32
"5800","dipped",705,83805827,96.32
"5801","metaphor",705,83806532,96.33
"5802","grandson",704,83807236,96.33
"5803","superhero",704,83807940,96.33
"5804","varsity",704,83808644,96.33
"5805","blossom",703,83809347,96.33
"5806","vertical",703,83810050,96.33
"5807","caucus",702,83810752,96.33
"5808","cos",702,83811454,96.33
"5809","formation",702,83812156,96.33
"5810","socially",702,83812858,96.33
"5811","staple",702,83813560,96.33
"5812","wizard",702,83814262,96.33
"5813","crackers",701,83814963,96.34
"5814","farming",701,83815664,96.34
"5815","bravo",700,83816364,96.34
"5816","disclosed",700,83817064,96.34
"5817","drought",700,83817764,96.34
"5818","helm",700,83818464,96.34
"5819","redemption",700,83819164,96.34
"5820","cargo",699,83819863,96.34
"5821","cucumber",699,83820562,96.34
"5822","gel",699,83821261,96.34
"5823","grin",699,83821960,96.34
"5824","locate",699,83822659,96.34
"5825","columnist",698,83823357,96.35
"5826","occupation",698,83824055,96.35
"5827","replay",698,83824753,96.35
"5828","utter",698,83825451,96.35
"5829","aide",697,83826148,96.35
"5830","freeway",697,83826845,96.35
"5831","generating",697,83827542,96.35
"5832","manny",697,83828239,96.35
"5833","recipient",697,83828936,96.35
"5834","villain",697,83829633,96.35
"5835","canon",696,83830329,96.35
"5836","dime",696,83831025,96.35
"5837","goddess",696,83831721,96.35
"5838","inexpensive",696,83832417,96.36
"5839","illusion",695,83833112,96.36
"5840","insider",695,83833807,96.36
"5841","parish",695,83834502,96.36
"5842","raspberry",695,83835197,96.36
"5843","skull",695,83835892,96.36
"5844","stew",695,83836587,96.36
"5845","waterfront",695,83837282,96.36
"5846","esteem",694,83837976,96.36
"5847","fascinated",694,83838670,96.36
"5848","tango",694,83839364,96.36
"5849","thesis",694,83840058,96.36
"5850","threaten",693,83840751,96.36
"5851","villa",693,83841444,96.37
"5852","charitable",692,83842136,96.37
"5853","comedian",692,83842828,96.37
"5854","hedge",692,83843520,96.37
"5855","readily",692,83844212,96.37
"5856","fudge",691,83844903,96.37
"5857","garnish",691,83845594,96.37
"5858","sincere",691,83846285,96.37
"5859","arise",690,83846975,96.37
"5860","crunchy",690,83847665,96.37
"5861","indoors",690,83848355,96.37
"5862","investigator",690,83849045,96.37
"5863","ambition",689,83849734,96.38
"5864","northwestern",689,83850423,96.38
"5865","saucepan",689,83851112,96.38
"5866","template",689,83851801,96.38
"5867","effectiveness",688,83852489,96.38
"5868","fairness",688,83853177,96.38
"5869","pedestrian",688,83853865,96.38
"5870","respective",688,83854553,96.38
"5871","waving",688,83855241,96.38
"5872","wouldnt",688,83855929,96.38
"5873","backdrop",687,83856616,96.38
"5874","boiled",687,83857303,96.38
"5875","greeting",687,83857990,96.38
"5876","leverage",687,83858677,96.39
"5877","certification",686,83859363,96.39
"5878","melody",686,83860049,96.39
"5879","blaze",685,83860734,96.39
"5880","sting",685,83861419,96.39
"5881","strangely",685,83862104,96.39
"5882","vowed",685,83862789,96.39
"5883","cuddle",684,83863473,96.39
"5884","declaration",684,83864157,96.39
"5885","dilemma",684,83864841,96.39
"5886","instrumental",684,83865525,96.39
"5887","billboard",683,83866208,96.39
"5888","cease",683,83866891,96.4
"5889","integration",683,83867574,96.4
"5890","patron",683,83868257,96.4
"5891","singled",683,83868940,96.4
"5892","wink",683,83869623,96.4
"5893","assumption",682,83870305,96.4
"5894","bistro",682,83870987,96.4
"5895","cone",682,83871669,96.4
"5896","quake",682,83872351,96.4
"5897","quarterly",682,83873033,96.4
"5898","forehead",681,83873714,96.4
"5899","complimentary",680,83874394,96.4
"5900","confess",680,83875074,96.4
"5901","clause",679,83875753,96.41
"5902","employ",679,83876432,96.41
"5903","peeled",679,83877111,96.41
"5904","scenery",679,83877790,96.41
"5905","seldom",679,83878469,96.41
"5906","beg",678,83879147,96.41
"5907","monument",678,83879825,96.41
"5908","needles",678,83880503,96.41
"5909","raven",678,83881181,96.41
"5910","shotgun",678,83881859,96.41
"5911","timely",678,83882537,96.41
"5912","adaptation",677,83883214,96.41
"5913","individually",677,83883891,96.41
"5914","anonymity",676,83884567,96.42
"5915","civilization",676,83885243,96.42
"5916","dee",676,83885919,96.42
"5917","sloppy",676,83886595,96.42
"5918","temptation",676,83887271,96.42
"5919","chess",675,83887946,96.42
"5920","frequency",675,83888621,96.42
"5921","marble",675,83889296,96.42
"5922","subscribe",675,83889971,96.42
"5923","daisy",674,83890645,96.42
"5924","drizzle",674,83891319,96.42
"5925","insult",674,83891993,96.42
"5926","polished",674,83892667,96.42
"5927","rug",674,83893341,96.43
"5928","thrive",674,83894015,96.43
"5929","tummy",674,83894689,96.43
"5930","bald",673,83895362,96.43
"5931","composition",673,83896035,96.43
"5932","dell",673,83896708,96.43
"5933","masterpiece",673,83897381,96.43
"5934","rang",673,83898054,96.43
"5935","stuffing",673,83898727,96.43
"5936","tofu",673,83899400,96.43
"5937","watering",673,83900073,96.43
"5938","cleanup",672,83900745,96.43
"5939","sanctuary",672,83901417,96.43
"5940","sensible",672,83902089,96.44
"5941","accuracy",671,83902760,96.44
"5942","keeper",671,83903431,96.44
"5943","khan",671,83904102,96.44
"5944","niche",671,83904773,96.44
"5945","parma",671,83905444,96.44
"5946","standout",671,83906115,96.44
"5947","dice",670,83906785,96.44
"5948","informative",670,83907455,96.44
"5949","repeal",670,83908125,96.44
"5950","chew",669,83908794,96.44
"5951","throne",669,83909463,96.44
"5952","aftermath",668,83910131,96.44
"5953","brent",668,83910799,96.45
"5954","mist",668,83911467,96.45
"5955","stalking",668,83912135,96.45
"5956","zest",668,83912803,96.45
"5957","cautious",667,83913470,96.45
"5958","cider",667,83914137,96.45
"5959","palate",667,83914804,96.45
"5960","disappoint",666,83915470,96.45
"5961","guru",666,83916136,96.45
"5962","scroll",666,83916802,96.45
"5963","elimination",665,83917467,96.45
"5964","misery",665,83918132,96.45
"5965","remake",665,83918797,96.45
"5966","rifle",665,83919462,96.46
"5967","adjustment",664,83920126,96.46
"5968","broker",664,83920790,96.46
"5969","deliberately",664,83921454,96.46
"5970","destructive",664,83922118,96.46
"5971","embossing",664,83922782,96.46
"5972","mankind",664,83923446,96.46
"5973","supernatural",664,83924110,96.46
"5974","weber",664,83924774,96.46
"5975","congregation",663,83925437,96.46
"5976","os",663,83926100,96.46
"5977","pam",663,83926763,96.46
"5978","clash",662,83927425,96.46
"5979","confidential",662,83928087,96.47
"5980","cutie",662,83928749,96.47
"5981","ditch",662,83929411,96.47
"5982","goodwill",662,83930073,96.47
"5983","muse",662,83930735,96.47
"5984","savior",662,83931397,96.47
"5985","sided",662,83932059,96.47
"5986","tracked",662,83932721,96.47
"5987","weighing",662,83933383,96.47
"5988","ba",661,83934044,96.47
"5989","bracelet",661,83934705,96.47
"5990","chalk",661,83935366,96.47
"5991","flavour",661,83936027,96.47
"5992","loading",661,83936688,96.48
"5993","lockout",661,83937349,96.48
"5994","renew",661,83938010,96.48
"5995","surround",661,83938671,96.48
"5996","te",661,83939332,96.48
"5997","blasting",660,83939992,96.48
"5998","bore",660,83940652,96.48
"5999","bosh",660,83941312,96.48
"6000","cannon",660,83941972,96.48
"6001","lipstick",660,83942632,96.48
"6002","lure",660,83943292,96.48
"6003","notably",660,83943952,96.48
"6004","outrage",660,83944612,96.48
"6005","query",660,83945272,96.49
"6006","bottled",659,83945931,96.49
"6007","browser",659,83946590,96.49
"6008","fitted",659,83947249,96.49
"6009","pear",659,83947908,96.49
"6010","righteous",658,83948566,96.49
"6011","rogue",658,83949224,96.49
"6012","witty",658,83949882,96.49
"6013","admittedly",657,83950539,96.49
"6014","allergy",657,83951196,96.49
"6015","blush",657,83951853,96.49
"6016","curly",657,83952510,96.49
"6017","fireplace",657,83953167,96.49
"6018","groove",657,83953824,96.49
"6019","trinity",657,83954481,96.5
"6020","clarify",656,83955137,96.5
"6021","prairie",656,83955793,96.5
"6022","conclude",655,83956448,96.5
"6023","jumper",655,83957103,96.5
"6024","mil",655,83957758,96.5
"6025","deaf",654,83958412,96.5
"6026","lori",654,83959066,96.5
"6027","obscure",654,83959720,96.5
"6028","patterned",654,83960374,96.5
"6029","subscription",654,83961028,96.5
"6030","weave",654,83961682,96.5
"6031","winding",654,83962336,96.5
"6032","absorbed",653,83962989,96.51
"6033","baggage",653,83963642,96.51
"6034","bidding",653,83964295,96.51
"6035","definite",653,83964948,96.51
"6036","mediterranean",653,83965601,96.51
"6037","midway",653,83966254,96.51
"6038","prospective",653,83966907,96.51
"6039","rivalry",653,83967560,96.51
"6040","scrapbook",653,83968213,96.51
"6041","speeding",653,83968866,96.51
"6042","sucking",653,83969519,96.51
"6043","accordingly",652,83970171,96.51
"6044","fuzzy",652,83970823,96.51
"6045","greed",652,83971475,96.52
"6046","wildly",652,83972127,96.52
"6047","burrito",651,83972778,96.52
"6048","comforting",651,83973429,96.52
"6049","diesel",651,83974080,96.52
"6050","distribute",651,83974731,96.52
"6051","hash",651,83975382,96.52
"6052","milestone",651,83976033,96.52
"6053","thrift",651,83976684,96.52
"6054","bun",650,83977334,96.52
"6055","eternity",650,83977984,96.52
"6056","experimental",650,83978634,96.52
"6057","positively",650,83979284,96.52
"6058","classified",649,83979933,96.52
"6059","dock",649,83980582,96.53
"6060","inaugural",649,83981231,96.53
"6061","barber",648,83981879,96.53
"6062","betting",648,83982527,96.53
"6063","biography",648,83983175,96.53
"6064","feminine",648,83983823,96.53
"6065","implementation",648,83984471,96.53
"6066","kale",648,83985119,96.53
"6067","medieval",648,83985767,96.53
"6068","stroll",648,83986415,96.53
"6069","infected",647,83987062,96.53
"6070","perfume",647,83987709,96.53
"6071","whistle",647,83988356,96.53
"6072","combining",646,83989002,96.54
"6073","dismiss",646,83989648,96.54
"6074","fiesta",646,83990294,96.54
"6075","harassment",646,83990940,96.54
"6076","poe",646,83991586,96.54
"6077","rehabilitation",646,83992232,96.54
"6078","cod",645,83992877,96.54
"6079","collaborative",645,83993522,96.54
"6080","continent",645,83994167,96.54
"6081","sworn",645,83994812,96.54
"6082","veto",645,83995457,96.54
"6083","wisely",645,83996102,96.54
"6084","flawless",644,83996746,96.54
"6085","nova",644,83997390,96.55
"6086","caliber",643,83998033,96.55
"6087","pike",643,83998676,96.55
"6088","refuge",643,83999319,96.55
"6089","upward",643,83999962,96.55
"6090","accurately",642,84000604,96.55
"6091","consequence",642,84001246,96.55
"6092","rooted",642,84001888,96.55
"6093","twain",642,84002530,96.55
"6094","viewer",642,84003172,96.55
"6095","wholesale",642,84003814,96.55
"6096","bark",641,84004455,96.55
"6097","magnitude",641,84005096,96.55
"6098","misleading",641,84005737,96.55
"6099","proportion",641,84006378,96.56
"6100","scoreless",641,84007019,96.56
"6101","sickness",641,84007660,96.56
"6102","trader",641,84008301,96.56
"6103","creep",640,84008941,96.56
"6104","gesture",640,84009581,96.56
"6105","platinum",640,84010221,96.56
"6106","redevelopment",640,84010861,96.56
"6107","researcher",640,84011501,96.56
"6108","resign",640,84012141,96.56
"6109","clubhouse",639,84012780,96.56
"6110","harmful",639,84013419,96.56
"6111","mel",639,84014058,96.56
"6112","sinking",639,84014697,96.56
"6113","confront",638,84015335,96.57
"6114","coral",638,84015973,96.57
"6115","furthermore",638,84016611,96.57
"6116","herald",638,84017249,96.57
"6117","parsley",638,84017887,96.57
"6118","remainder",638,84018525,96.57
"6119","slogan",638,84019163,96.57
"6120","blaming",637,84019800,96.57
"6121","shaping",637,84020437,96.57
"6122","weaver",637,84021074,96.57
"6123","aloud",636,84021710,96.57
"6124","beastie",636,84022346,96.57
"6125","continuous",636,84022982,96.57
"6126","melting",636,84023618,96.58
"6127","pentagon",636,84024254,96.58
"6128","vicious",636,84024890,96.58
"6129","glued",635,84025525,96.58
"6130","kerry",635,84026160,96.58
"6131","polar",635,84026795,96.58
"6132","quantity",635,84027430,96.58
"6133","undercover",635,84028065,96.58
"6134","absorb",634,84028699,96.58
"6135","appropriately",634,84029333,96.58
"6136","awesomeness",634,84029967,96.58
"6137","bridal",634,84030601,96.58
"6138","crow",634,84031235,96.58
"6139","ideology",634,84031869,96.58
"6140","naw",634,84032503,96.59
"6141","aluminum",633,84033136,96.59
"6142","counselor",633,84033769,96.59
"6143","lineman",633,84034402,96.59
"6144","slate",633,84035035,96.59
"6145","staged",633,84035668,96.59
"6146","tuck",633,84036301,96.59
"6147","glaze",632,84036933,96.59
"6148","prose",632,84037565,96.59
"6149","undoubtedly",632,84038197,96.59
"6150","sanity",631,84038828,96.59
"6151","aiming",630,84039458,96.59
"6152","collision",630,84040088,96.59
"6153","exhausting",630,84040718,96.59
"6154","mistaken",630,84041348,96.6
"6155","outright",630,84041978,96.6
"6156","passive",630,84042608,96.6
"6157","reign",630,84043238,96.6
"6158","steering",630,84043868,96.6
"6159","hearted",629,84044497,96.6
"6160","modeling",629,84045126,96.6
"6161","anticipate",628,84045754,96.6
"6162","energetic",628,84046382,96.6
"6163","reversed",628,84047010,96.6
"6164","treadmill",628,84047638,96.6
"6165","violin",628,84048266,96.6
"6166","viral",628,84048894,96.6
"6167","convey",627,84049521,96.6
"6168","doctrine",627,84050148,96.61
"6169","faint",627,84050775,96.61
"6170","hawk",627,84051402,96.61
"6171","polling",627,84052029,96.61
"6172","sheen",627,84052656,96.61
"6173","sixteen",627,84053283,96.61
"6174","surroundings",627,84053910,96.61
"6175","turnover",627,84054537,96.61
"6176","renowned",626,84055163,96.61
"6177","warfare",626,84055789,96.61
"6178","analyze",625,84056414,96.61
"6179","assemble",625,84057039,96.61
"6180","grinding",625,84057664,96.61
"6181","potty",625,84058289,96.62
"6182","stain",625,84058914,96.62
"6183","turnpike",625,84059539,96.62
"6184","chilled",624,84060163,96.62
"6185","horrific",624,84060787,96.62
"6186","overweight",624,84061411,96.62
"6187","pounding",624,84062035,96.62
"6188","unwanted",624,84062659,96.62
"6189","abundant",623,84063282,96.62
"6190","frontier",623,84063905,96.62
"6191","hurdle",623,84064528,96.62
"6192","li",623,84065151,96.62
"6193","paced",623,84065774,96.62
"6194","persuade",623,84066397,96.62
"6195","remedy",623,84067020,96.63
"6196","rustic",623,84067643,96.63
"6197","skipping",623,84068266,96.63
"6198","baron",622,84068888,96.63
"6199","reasoning",622,84069510,96.63
"6200","trusting",622,84070132,96.63
"6201","defence",621,84070753,96.63
"6202","ponder",621,84071374,96.63
"6203","propose",621,84071995,96.63
"6204","ringing",621,84072616,96.63
"6205","sock",621,84073237,96.63
"6206","subsequently",621,84073858,96.63
"6207","triggered",621,84074479,96.63
"6208","bingo",620,84075099,96.63
"6209","variation",620,84075719,96.64
"6210","voluntary",620,84076339,96.64
"6211","aggressively",619,84076958,96.64
"6212","caller",619,84077577,96.64
"6213","fatigue",619,84078196,96.64
"6214","rad",619,84078815,96.64
"6215","shortstop",619,84079434,96.64
"6216","somerset",619,84080053,96.64
"6217","structural",619,84080672,96.64
"6218","superman",619,84081291,96.64
"6219","sync",619,84081910,96.64
"6220","thief",619,84082529,96.64
"6221","traumatic",619,84083148,96.64
"6222","diva",618,84083766,96.64
"6223","liner",618,84084384,96.65
"6224","ness",618,84085002,96.65
"6225","poke",618,84085620,96.65
"6226","sail",618,84086238,96.65
"6227","attachment",617,84086855,96.65
"6228","cane",617,84087472,96.65
"6229","feminist",617,84088089,96.65
"6230","fletcher",617,84088706,96.65
"6231","frightening",617,84089323,96.65
"6232","greenhouse",617,84089940,96.65
"6233","persistent",617,84090557,96.65
"6234","prompt",617,84091174,96.65
"6235","sorrow",617,84091791,96.65
"6236","advisor",616,84092407,96.65
"6237","interface",616,84093023,96.65
"6238","overdue",616,84093639,96.66
"6239","plum",616,84094255,96.66
"6240","mantra",615,84094870,96.66
"6241","peggy",615,84095485,96.66
"6242","pleasing",615,84096100,96.66
"6243","stint",615,84096715,96.66
"6244","suspense",615,84097330,96.66
"6245","bumper",614,84097944,96.66
"6246","calculated",614,84098558,96.66
"6247","distinguished",614,84099172,96.66
"6248","documentation",614,84099786,96.66
"6249","humane",614,84100400,96.66
"6250","marina",614,84101014,96.66
"6251","saga",614,84101628,96.66
"6252","stray",614,84102242,96.67
"6253","avid",613,84102855,96.67
"6254","blink",613,84103468,96.67
"6255","embracing",612,84104080,96.67
"6256","fraction",612,84104692,96.67
"6257","kraft",612,84105304,96.67
"6258","competitor",611,84105915,96.67
"6259","paranormal",611,84106526,96.67
"6260","patiently",611,84107137,96.67
"6261","planner",611,84107748,96.67
"6262","unhealthy",611,84108359,96.67
"6263","verify",611,84108970,96.67
"6264","violet",611,84109581,96.67
"6265","bouncing",610,84110191,96.67
"6266","genesis",610,84110801,96.68
"6267","instinct",610,84111411,96.68
"6268","interrupted",610,84112021,96.68
"6269","oval",610,84112631,96.68
"6270","shady",610,84113241,96.68
"6271","vocabulary",610,84113851,96.68
"6272","dragging",609,84114460,96.68
"6273","lookout",609,84115069,96.68
"6274","stubborn",609,84115678,96.68
"6275","understandable",609,84116287,96.68
"6276","bastard",608,84116895,96.68
"6277","embarrassment",608,84117503,96.68
"6278","scam",608,84118111,96.68
"6279","arrow",607,84118718,96.68
"6280","collector",607,84119325,96.69
"6281","font",607,84119932,96.69
"6282","motive",607,84120539,96.69
"6283","aesthetic",606,84121145,96.69
"6284","balancing",606,84121751,96.69
"6285","centennial",606,84122357,96.69
"6286","import",606,84122963,96.69
"6287","palette",606,84123569,96.69
"6288","penguin",606,84124175,96.69
"6289","swan",606,84124781,96.69
"6290","tiffany",606,84125387,96.69
"6291","balcony",605,84125992,96.69
"6292","granny",605,84126597,96.69
"6293","hoodie",605,84127202,96.69
"6294","mister",605,84127807,96.69
"6295","pavilion",605,84128412,96.7
"6296","crane",604,84129016,96.7
"6297","flown",604,84129620,96.7
"6298","imaginary",604,84130224,96.7
"6299","naughty",604,84130828,96.7
"6300","prey",604,84131432,96.7
"6301","terrace",604,84132036,96.7
"6302","attach",603,84132639,96.7
"6303","hangout",603,84133242,96.7
"6304","sexuality",603,84133845,96.7
"6305","strapped",603,84134448,96.7
"6306","alto",602,84135050,96.7
"6307","dipping",602,84135652,96.7
"6308","dove",602,84136254,96.7
"6309","goo",602,84136856,96.71
"6310","magnet",602,84137458,96.71
"6311","reliever",602,84138060,96.71
"6312","basin",601,84138661,96.71
"6313","corrected",601,84139262,96.71
"6314","daring",601,84139863,96.71
"6315","obese",601,84140464,96.71
"6316","raffle",601,84141065,96.71
"6317","smelling",601,84141666,96.71
"6318","weary",601,84142267,96.71
"6319","automotive",600,84142867,96.71
"6320","blueberry",600,84143467,96.71
"6321","dial",600,84144067,96.71
"6322","duration",600,84144667,96.71
"6323","excel",600,84145267,96.71
"6324","harden",600,84145867,96.72
"6325","strained",600,84146467,96.72
"6326","gamble",599,84147066,96.72
"6327","heel",599,84147665,96.72
"6328","prisoner",599,84148264,96.72
"6329","biting",598,84148862,96.72
"6330","eclectic",598,84149460,96.72
"6331","farewell",598,84150058,96.72
"6332","preferably",598,84150656,96.72
"6333","puff",598,84151254,96.72
"6334","transported",598,84151852,96.72
"6335","capped",597,84152449,96.72
"6336","fuller",597,84153046,96.72
"6337","hoop",597,84153643,96.72
"6338","seasoning",597,84154240,96.73
"6339","chapman",596,84154836,96.73
"6340","laboratory",596,84155432,96.73
"6341","simpler",596,84156028,96.73
"6342","bolt",595,84156623,96.73
"6343","credible",595,84157218,96.73
"6344","exceed",595,84157813,96.73
"6345","glowing",595,84158408,96.73
"6346","hostile",595,84159003,96.73
"6347","notorious",595,84159598,96.73
"6348","protagonist",595,84160193,96.73
"6349","challenger",594,84160787,96.73
"6350","dev",594,84161381,96.73
"6351","indigenous",594,84161975,96.73
"6352","peninsula",594,84162569,96.73
"6353","smelled",594,84163163,96.74
"6354","tempting",594,84163757,96.74
"6355","tick",594,84164351,96.74
"6356","upscale",594,84164945,96.74
"6357","bundle",593,84165538,96.74
"6358","dine",593,84166131,96.74
"6359","edged",593,84166724,96.74
"6360","jeep",593,84167317,96.74
"6361","oyster",593,84167910,96.74
"6362","withdrawal",593,84168503,96.74
"6363","battered",592,84169095,96.74
"6364","browsing",592,84169687,96.74
"6365","decorative",592,84170279,96.74
"6366","es",592,84170871,96.74
"6367","magnolia",592,84171463,96.75
"6368","prejudice",592,84172055,96.75
"6369","urgency",592,84172647,96.75
"6370","daunting",591,84173238,96.75
"6371","maxwell",591,84173829,96.75
"6372","boxer",590,84174419,96.75
"6373","gaze",590,84175009,96.75
"6374","lotus",590,84175599,96.75
"6375","morality",590,84176189,96.75
"6376","piles",590,84176779,96.75
"6377","savory",590,84177369,96.75
"6378","trailing",590,84177959,96.75
"6379","flea",589,84178548,96.75
"6380","marking",589,84179137,96.75
"6381","neo",589,84179726,96.75
"6382","humidity",588,84180314,96.76
"6383","beam",587,84180901,96.76
"6384","coupled",587,84181488,96.76
"6385","demographic",587,84182075,96.76
"6386","grading",587,84182662,96.76
"6387","admired",586,84183248,96.76
"6388","alec",586,84183834,96.76
"6389","exempt",586,84184420,96.76
"6390","mae",586,84185006,96.76
"6391","straightforward",586,84185592,96.76
"6392","crushing",585,84186177,96.76
"6393","prophet",585,84186762,96.76
"6394","warped",585,84187347,96.76
"6395","cube",584,84187931,96.76
"6396","hopped",584,84188515,96.76
"6397","jobless",584,84189099,96.77
"6398","moisture",584,84189683,96.77
"6399","prestigious",584,84190267,96.77
"6400","providence",584,84190851,96.77
"6401","sarcasm",584,84191435,96.77
"6402","unpaid",584,84192019,96.77
"6403","considerably",583,84192602,96.77
"6404","forthcoming",583,84193185,96.77
"6405","intake",583,84193768,96.77
"6406","intentional",583,84194351,96.77
"6407","obey",583,84194934,96.77
"6408","outlined",583,84195517,96.77
"6409","shutting",583,84196100,96.77
"6410","spoil",583,84196683,96.77
"6411","dexter",582,84197265,96.77
"6412","dim",582,84197847,96.78
"6413","dolphin",582,84198429,96.78
"6414","forbidden",582,84199011,96.78
"6415","fury",582,84199593,96.78
"6416","relentless",582,84200175,96.78
"6417","unconscious",582,84200757,96.78
"6418","unite",582,84201339,96.78
"6419","clearance",581,84201920,96.78
"6420","dire",581,84202501,96.78
"6421","ping",581,84203082,96.78
"6422","rinse",581,84203663,96.78
"6423","durant",580,84204243,96.78
"6424","goodman",580,84204823,96.78
"6425","recap",580,84205403,96.78
"6426","sparkle",580,84205983,96.78
"6427","vineyard",580,84206563,96.79
"6428","calorie",579,84207142,96.79
"6429","festive",579,84207721,96.79
"6430","hesitate",579,84208300,96.79
"6431","microphone",579,84208879,96.79
"6432","speedy",579,84209458,96.79
"6433","temp",579,84210037,96.79
"6434","thrilling",579,84210616,96.79
"6435","flooded",578,84211194,96.79
"6436","installment",578,84211772,96.79
"6437","nostalgia",578,84212350,96.79
"6438","quo",578,84212928,96.79
"6439","wedge",578,84213506,96.79
"6440","yearly",578,84214084,96.79
"6441","assemblyman",577,84214661,96.79
"6442","martial",577,84215238,96.8
"6443","quartet",577,84215815,96.8
"6444","refrigerate",577,84216392,96.8
"6445","arrogant",576,84216968,96.8
"6446","chancellor",576,84217544,96.8
"6447","flock",576,84218120,96.8
"6448","gearing",576,84218696,96.8
"6449","immense",576,84219272,96.8
"6450","madden",576,84219848,96.8
"6451","namely",576,84220424,96.8
"6452","narrator",576,84221000,96.8
"6453","shutout",576,84221576,96.8
"6454","squirrel",576,84222152,96.8
"6455","wrath",576,84222728,96.8
"6456","certainty",575,84223303,96.8
"6457","motivate",575,84223878,96.81
"6458","spiral",575,84224453,96.81
"6459","troubling",575,84225028,96.81
"6460","uncommon",575,84225603,96.81
"6461","builder",574,84226177,96.81
"6462","comparable",574,84226751,96.81
"6463","scissors",574,84227325,96.81
"6464","affiliate",573,84227898,96.81
"6465","bland",573,84228471,96.81
"6466","breach",573,84229044,96.81
"6467","distressed",573,84229617,96.81
"6468","grim",573,84230190,96.81
"6469","litter",573,84230763,96.81
"6470","unreal",573,84231336,96.81
"6471","vine",573,84231909,96.81
"6472","cola",572,84232481,96.82
"6473","cutter",572,84233053,96.82
"6474","timber",572,84233625,96.82
"6475","verge",572,84234197,96.82
"6476","goofy",571,84234768,96.82
"6477","governance",571,84235339,96.82
"6478","kitten",571,84235910,96.82
"6479","taller",571,84236481,96.82
"6480","braces",570,84237051,96.82
"6481","obstacle",570,84237621,96.82
"6482","shaved",570,84238191,96.82
"6483","shuffle",570,84238761,96.82
"6484","vanity",570,84239331,96.82
"6485","clap",569,84239900,96.82
"6486","custard",569,84240469,96.82
"6487","linen",569,84241038,96.83
"6488","remotely",569,84241607,96.83
"6489","watermelon",569,84242176,96.83
"6490","airing",568,84242744,96.83
"6491","akin",568,84243312,96.83
"6492","bulb",568,84243880,96.83
"6493","cognitive",568,84244448,96.83
"6494","promotional",568,84245016,96.83
"6495","pun",568,84245584,96.83
"6496","slipping",568,84246152,96.83
"6497","apocalypse",567,84246719,96.83
"6498","ashes",567,84247286,96.83
"6499","merchant",567,84247853,96.83
"6500","pancake",567,84248420,96.83
"6501","attic",566,84248986,96.83
"6502","breakthrough",566,84249552,96.83
"6503","crave",566,84250118,96.84
"6504","infringement",566,84250684,96.84
"6505","lust",566,84251250,96.84
"6506","mustache",566,84251816,96.84
"6507","professionally",566,84252382,96.84
"6508","tapping",566,84252948,96.84
"6509","tucker",566,84253514,96.84
"6510","aspiring",565,84254079,96.84
"6511","institutional",565,84254644,96.84
"6512","lethal",565,84255209,96.84
"6513","packet",565,84255774,96.84
"6514","preaching",565,84256339,96.84
"6515","problematic",565,84256904,96.84
"6516","analytics",564,84257468,96.84
"6517","dimensional",564,84258032,96.84
"6518","hater",564,84258596,96.85
"6519","regulate",564,84259160,96.85
"6520","uncovered",564,84259724,96.85
"6521","unfamiliar",564,84260288,96.85
"6522","bittersweet",563,84260851,96.85
"6523","drafting",563,84261414,96.85
"6524","folding",563,84261977,96.85
"6525","hyper",563,84262540,96.85
"6526","landlord",563,84263103,96.85
"6527","paramount",563,84263666,96.85
"6528","waffle",563,84264229,96.85
"6529","whoop",563,84264792,96.85
"6530","confrontation",562,84265354,96.85
"6531","ethic",562,84265916,96.85
"6532","mediocre",562,84266478,96.85
"6533","screenplay",562,84267040,96.85
"6534","timeless",562,84267602,96.86
"6535","banquet",561,84268163,96.86
"6536","nightly",561,84268724,96.86
"6537","regain",561,84269285,96.86
"6538","waiter",561,84269846,96.86
"6539","favorable",560,84270406,96.86
"6540","heroine",560,84270966,96.86
"6541","pod",560,84271526,96.86
"6542","unusually",560,84272086,96.86
"6543","girly",559,84272645,96.86
"6544","gypsy",559,84273204,96.86
"6545","thriving",559,84273763,96.86
"6546","belle",558,84274321,96.86
"6547","hack",558,84274879,96.86
"6548","barley",557,84275436,96.86
"6549","deliberate",557,84275993,96.87
"6550","eggplant",557,84276550,96.87
"6551","enjoyment",557,84277107,96.87
"6552","eventual",557,84277664,96.87
"6553","heavens",557,84278221,96.87
"6554","logged",557,84278778,96.87
"6555","seam",557,84279335,96.87
"6556","stupidity",557,84279892,96.87
"6557","accompany",556,84280448,96.87
"6558","allergic",556,84281004,96.87
"6559","marvelous",556,84281560,96.87
"6560","pavement",556,84282116,96.87
"6561","concentrated",555,84282671,96.87
"6562","sergeant",555,84283226,96.87
"6563","suburb",555,84283781,96.87
"6564","aquarium",554,84284335,96.87
"6565","benedict",554,84284889,96.88
"6566","coated",554,84285443,96.88
"6567","kemp",554,84285997,96.88
"6568","maid",554,84286551,96.88
"6569","playful",554,84287105,96.88
"6570","tolerate",554,84287659,96.88
"6571","usher",554,84288213,96.88
"6572","arbor",553,84288766,96.88
"6573","charger",553,84289319,96.88
"6574","commons",553,84289872,96.88
"6575","fatty",553,84290425,96.88
"6576","informal",553,84290978,96.88
"6577","reactor",553,84291531,96.88
"6578","specialized",553,84292084,96.88
"6579","sweaty",553,84292637,96.88
"6580","threshold",553,84293190,96.89
"6581","warmed",553,84293743,96.89
"6582","assessed",552,84294295,96.89
"6583","backstage",552,84294847,96.89
"6584","crawling",552,84295399,96.89
"6585","gracious",552,84295951,96.89
"6586","polo",552,84296503,96.89
"6587","razor",552,84297055,96.89
"6588","reservoir",552,84297607,96.89
"6589","scorer",552,84298159,96.89
"6590","solidarity",552,84298711,96.89
"6591","giddy",551,84299262,96.89
"6592","jeopardy",551,84299813,96.89
"6593","mattress",551,84300364,96.89
"6594","underwater",551,84300915,96.89
"6595","blanc",550,84301465,96.89
"6596","examining",550,84302015,96.9
"6597","haired",550,84302565,96.9
"6598","mahone",550,84303115,96.9
"6599","mechanism",550,84303665,96.9
"6600","anatomy",549,84304214,96.9
"6601","chevy",549,84304763,96.9
"6602","endeavor",549,84305312,96.9
"6603","ram",549,84305861,96.9
"6604","wired",549,84306410,96.9
"6605","collectively",548,84306958,96.9
"6606","eligibility",548,84307506,96.9
"6607","colony",547,84308053,96.9
"6608","compassionate",547,84308600,96.9
"6609","differ",547,84309147,96.9
"6610","humility",547,84309694,96.9
"6611","inclusion",547,84310241,96.9
"6612","mane",547,84310788,96.91
"6613","miniature",547,84311335,96.91
"6614","seton",547,84311882,96.91
"6615","zucchini",547,84312429,96.91
"6616","asthma",546,84312975,96.91
"6617","construct",546,84313521,96.91
"6618","debit",546,84314067,96.91
"6619","enduring",546,84314613,96.91
"6620","generosity",546,84315159,96.91
"6621","naive",546,84315705,96.91
"6622","noodle",546,84316251,96.91
"6623","pageant",546,84316797,96.91
"6624","sweating",546,84317343,96.91
"6625","backward",545,84317888,96.91
"6626","inherent",545,84318433,96.91
"6627","punching",545,84318978,96.91
"6628","reminiscent",545,84319523,96.92
"6629","scenic",545,84320068,96.92
"6630","spur",545,84320613,96.92
"6631","unanimously",545,84321158,96.92
"6632","cafeteria",544,84321702,96.92
"6633","creeping",544,84322246,96.92
"6634","lambert",544,84322790,96.92
"6635","tagged",544,84323334,96.92
"6636","accustomed",543,84323877,96.92
"6637","amusement",543,84324420,96.92
"6638","bam",543,84324963,96.92
"6639","outfielder",543,84325506,96.92
"6640","yah",543,84326049,96.92
"6641","cherish",542,84326591,96.92
"6642","drying",542,84327133,96.92
"6643","expire",542,84327675,96.92
"6644","flush",542,84328217,96.93
"6645","hearty",542,84328759,96.93
"6646","organizer",542,84329301,96.93
"6647","sane",542,84329843,96.93
"6648","shaken",542,84330385,96.93
"6649","symbolic",542,84330927,96.93
"6650","unpleasant",542,84331469,96.93
"6651","willow",542,84332011,96.93
"6652","analogy",541,84332552,96.93
"6653","chanting",541,84333093,96.93
"6654","flop",541,84333634,96.93
"6655","hectic",541,84334175,96.93
"6656","marco",541,84334716,96.93
"6657","mobility",541,84335257,96.93
"6658","posing",541,84335798,96.93
"6659","yale",541,84336339,96.93
"6660","ample",540,84336879,96.94
"6661","aurora",540,84337419,96.94
"6662","digit",540,84337959,96.94
"6663","fe",540,84338499,96.94
"6664","lieu",540,84339039,96.94
"6665","philosophical",540,84339579,96.94
"6666","poetic",540,84340119,96.94
"6667","technological",540,84340659,96.94
"6668","demi",539,84341198,96.94
"6669","discomfort",539,84341737,96.94
"6670","lucrative",539,84342276,96.94
"6671","pea",539,84342815,96.94
"6672","royalty",539,84343354,96.94
"6673","conquer",538,84343892,96.94
"6674","maturity",538,84344430,96.94
"6675","missile",538,84344968,96.94
"6676","ore",538,84345506,96.95
"6677","tease",538,84346044,96.95
"6678","terrain",538,84346582,96.95
"6679","tossing",538,84347120,96.95
"6680","upbeat",538,84347658,96.95
"6681","contender",537,84348195,96.95
"6682","disposal",537,84348732,96.95
"6683","shrink",537,84349269,96.95
"6684","sideline",537,84349806,96.95
"6685","sympathetic",537,84350343,96.95
"6686","thyme",537,84350880,96.95
"6687","evolve",536,84351416,96.95
"6688","incoming",536,84351952,96.95
"6689","rotten",536,84352488,96.95
"6690","semifinal",536,84353024,96.95
"6691","slash",536,84353560,96.95
"6692","smoky",536,84354096,96.96
"6693","worthless",536,84354632,96.96
"6694","accidental",535,84355167,96.96
"6695","inserted",535,84355702,96.96
"6696","jealousy",535,84356237,96.96
"6697","trey",535,84356772,96.96
"6698","waved",535,84357307,96.96
"6699","cynical",534,84357841,96.96
"6700","equation",534,84358375,96.96
"6701","groom",534,84358909,96.96
"6702","mater",534,84359443,96.96
"6703","mice",534,84359977,96.96
"6704","skiing",534,84360511,96.96
"6705","stitching",534,84361045,96.96
"6706","clad",533,84361578,96.96
"6707","impatient",533,84362111,96.96
"6708","prostitution",533,84362644,96.96
"6709","soaring",533,84363177,96.97
"6710","abusive",532,84363709,96.97
"6711","clearer",532,84364241,96.97
"6712","greedy",532,84364773,96.97
"6713","undefeated",532,84365305,96.97
"6714","blending",531,84365836,96.97
"6715","colon",531,84366367,96.97
"6716","drift",531,84366898,96.97
"6717","oracle",531,84367429,96.97
"6718","psychiatric",531,84367960,96.97
"6719","shrinking",531,84368491,96.97
"6720","spirited",531,84369022,96.97
"6721","waitress",531,84369553,96.97
"6722","battled",530,84370083,96.97
"6723","flashing",530,84370613,96.97
"6724","fuss",530,84371143,96.97
"6725","motel",530,84371673,96.98
"6726","statute",530,84372203,96.98
"6727","tow",530,84372733,96.98
"6728","whispered",530,84373263,96.98
"6729","daytime",529,84373792,96.98
"6730","dorm",529,84374321,96.98
"6731","downright",529,84374850,96.98
"6732","honorable",529,84375379,96.98
"6733","hormone",529,84375908,96.98
"6734","rebellion",529,84376437,96.98
"6735","refined",529,84376966,96.98
"6736","slope",529,84377495,96.98
"6737","unfinished",529,84378024,96.98
"6738","adobe",528,84378552,96.98
"6739","canton",528,84379080,96.98
"6740","emphasize",528,84379608,96.98
"6741","evangelical",528,84380136,96.98
"6742","freed",528,84380664,96.99
"6743","manners",528,84381192,96.99
"6744","minimize",528,84381720,96.99
"6745","supplement",528,84382248,96.99
"6746","wakes",528,84382776,96.99
"6747","anime",527,84383303,96.99
"6748","communicating",527,84383830,96.99
"6749","condemned",527,84384357,96.99
"6750","consult",527,84384884,96.99
"6751","costing",527,84385411,96.99
"6752","imagery",527,84385938,96.99
"6753","joyful",527,84386465,96.99
"6754","loosely",527,84386992,96.99
"6755","sassy",527,84387519,96.99
"6756","sup",527,84388046,96.99
"6757","choke",526,84388572,96.99
"6758","sac",526,84389098,97
"6759","sermon",526,84389624,97
"6760","theology",526,84390150,97
"6761","bribery",525,84390675,97
"6762","lump",525,84391200,97
"6763","obnoxious",525,84391725,97
"6764","omega",525,84392250,97
"6765","oversee",525,84392775,97
"6766","passover",525,84393300,97
"6767","positioned",525,84393825,97
"6768","soaking",525,84394350,97
"6769","softly",525,84394875,97
"6770","spree",525,84395400,97
"6771","suitcase",525,84395925,97
"6772","turnaround",525,84396450,97
"6773","undergo",525,84396975,97
"6774","unsuccessful",525,84397500,97
"6775","agreeing",524,84398024,97.01
"6776","asylum",524,84398548,97.01
"6777","brotherhood",524,84399072,97.01
"6778","carbohydrate",524,84399596,97.01
"6779","controller",524,84400120,97.01
"6780","dwell",524,84400644,97.01
"6781","holt",524,84401168,97.01
"6782","incorrect",524,84401692,97.01
"6783","puree",524,84402216,97.01
"6784","remarkably",524,84402740,97.01
"6785","substantially",524,84403264,97.01
"6786","tortilla",524,84403788,97.01
"6787","unexpectedly",524,84404312,97.01
"6788","badger",523,84404835,97.01
"6789","boycott",523,84405358,97.01
"6790","disappearance",523,84405881,97.01
"6791","dynamics",523,84406404,97.02
"6792","elk",523,84406927,97.02
"6793","fiery",523,84407450,97.02
"6794","genocide",523,84407973,97.02
"6795","looming",523,84408496,97.02
"6796","magnetic",523,84409019,97.02
"6797","secular",523,84409542,97.02
"6798","slid",523,84410065,97.02
"6799","steer",523,84410588,97.02
"6800","vest",523,84411111,97.02
"6801","bikini",522,84411633,97.02
"6802","devotion",522,84412155,97.02
"6803","parchment",522,84412677,97.02
"6804","raging",522,84413199,97.02
"6805","temper",522,84413721,97.02
"6806","turmoil",522,84414243,97.02
"6807","visually",522,84414765,97.02
"6808","alma",521,84415286,97.03
"6809","countryside",521,84415807,97.03
"6810","deceased",521,84416328,97.03
"6811","finalist",521,84416849,97.03
"6812","inadequate",521,84417370,97.03
"6813","injustice",521,84417891,97.03
"6814","ketchup",521,84418412,97.03
"6815","likelihood",521,84418933,97.03
"6816","liter",521,84419454,97.03
"6817","lowering",521,84419975,97.03
"6818","ut",521,84420496,97.03
"6819","excluding",520,84421016,97.03
"6820","independently",520,84421536,97.03
"6821","paperback",520,84422056,97.03
"6822","roc",520,84422576,97.03
"6823","silently",520,84423096,97.03
"6824","gritty",519,84423615,97.03
"6825","illustrate",519,84424134,97.04
"6826","junction",519,84424653,97.04
"6827","pleasantly",519,84425172,97.04
"6828","spontaneous",519,84425691,97.04
"6829","vault",519,84426210,97.04
"6830","bait",518,84426728,97.04
"6831","bamboo",518,84427246,97.04
"6832","complement",518,84427764,97.04
"6833","ge",518,84428282,97.04
"6834","learnt",518,84428800,97.04
"6835","mojo",518,84429318,97.04
"6836","recreational",518,84429836,97.04
"6837","shea",518,84430354,97.04
"6838","thereby",518,84430872,97.04
"6839","vinny",518,84431390,97.04
"6840","jess",517,84431907,97.04
"6841","lastly",517,84432424,97.05
"6842","saddle",517,84432941,97.05
"6843","cheerful",516,84433457,97.05
"6844","coco",516,84433973,97.05
"6845","honeymoon",516,84434489,97.05
"6846","instructed",516,84435005,97.05
"6847","leisure",516,84435521,97.05
"6848","mounting",516,84436037,97.05
"6849","slay",516,84436553,97.05
"6850","sponsorship",516,84437069,97.05
"6851","treaty",516,84437585,97.05
"6852","wary",516,84438101,97.05
"6853","welsh",516,84438617,97.05
"6854","belated",515,84439132,97.05
"6855","descent",515,84439647,97.05
"6856","flee",515,84440162,97.05
"6857","hamstring",515,84440677,97.05
"6858","illustration",515,84441192,97.06
"6859","observing",515,84441707,97.06
"6860","pickle",515,84442222,97.06
"6861","potent",515,84442737,97.06
"6862","brownie",514,84443251,97.06
"6863","conductor",514,84443765,97.06
"6864","frenzy",514,84444279,97.06
"6865","glossy",514,84444793,97.06
"6866","mindless",514,84445307,97.06
"6867","nat",514,84445821,97.06
"6868","overlook",514,84446335,97.06
"6869","stella",514,84446849,97.06
"6870","appetizer",513,84447362,97.06
"6871","autograph",513,84447875,97.06
"6872","carr",513,84448388,97.06
"6873","mineral",513,84448901,97.06
"6874","proximity",513,84449414,97.06
"6875","respectful",513,84449927,97.07
"6876","rightly",513,84450440,97.07
"6877","strategist",513,84450953,97.07
"6878","surgical",513,84451466,97.07
"6879","voiced",513,84451979,97.07
"6880","bury",512,84452491,97.07
"6881","confuse",512,84453003,97.07
"6882","herd",512,84453515,97.07
"6883","incomplete",512,84454027,97.07
"6884","literal",512,84454539,97.07
"6885","pinned",512,84455051,97.07
"6886","plunge",512,84455563,97.07
"6887","saute",512,84456075,97.07
"6888","vain",512,84456587,97.07
"6889","circulation",511,84457098,97.07
"6890","continuously",511,84457609,97.07
"6891","curl",511,84458120,97.07
"6892","developmental",511,84458631,97.08
"6893","edible",511,84459142,97.08
"6894","resemble",511,84459653,97.08
"6895","vow",511,84460164,97.08
"6896","worm",511,84460675,97.08
"6897","billing",510,84461185,97.08
"6898","endorse",510,84461695,97.08
"6899","foremost",510,84462205,97.08
"6900","riverside",510,84462715,97.08
"6901","striped",510,84463225,97.08
"6902","violate",510,84463735,97.08
"6903","coliseum",509,84464244,97.08
"6904","cruelty",509,84464753,97.08
"6905","downturn",509,84465262,97.08
"6906","heartbeat",509,84465771,97.08
"6907","heath",509,84466280,97.08
"6908","piled",509,84466789,97.08
"6909","reel",509,84467298,97.09
"6910","rita",509,84467807,97.09
"6911","sorted",509,84468316,97.09
"6912","trustee",509,84468825,97.09
"6913","butcher",508,84469333,97.09
"6914","contention",508,84469841,97.09
"6915","downside",508,84470349,97.09
"6916","erase",508,84470857,97.09
"6917","geared",508,84471365,97.09
"6918","investigative",508,84471873,97.09
"6919","misdemeanor",508,84472381,97.09
"6920","predecessor",508,84472889,97.09
"6921","refusal",508,84473397,97.09
"6922","roasting",508,84473905,97.09
"6923","stab",508,84474413,97.09
"6924","tipped",508,84474921,97.09
"6925","traveler",508,84475429,97.09
"6926","damp",507,84475936,97.1
"6927","electoral",507,84476443,97.1
"6928","indulge",507,84476950,97.1
"6929","mortal",507,84477457,97.1
"6930","spun",507,84477964,97.1
"6931","unlawful",507,84478471,97.1
"6932","douche",506,84478977,97.1
"6933","giggle",506,84479483,97.1
"6934","jockey",506,84479989,97.1
"6935","observer",506,84480495,97.1
"6936","adventurous",505,84481000,97.1
"6937","commodity",505,84481505,97.1
"6938","fruity",505,84482010,97.1
"6939","mechanics",505,84482515,97.1
"6940","perimeter",505,84483020,97.1
"6941","scarlet",505,84483525,97.1
"6942","calf",504,84484029,97.1
"6943","hamburger",504,84484533,97.1
"6944","mercer",504,84485037,97.11
"6945","bleed",503,84485540,97.11
"6946","dinosaur",503,84486043,97.11
"6947","laurel",503,84486546,97.11
"6948","lieutenant",503,84487049,97.11
"6949","noisy",503,84487552,97.11
"6950","pedal",503,84488055,97.11
"6951","punish",503,84488558,97.11
"6952","starred",503,84489061,97.11
"6953","wang",503,84489564,97.11
"6954","apartheid",502,84490066,97.11
"6955","chesterfield",502,84490568,97.11
"6956","contempt",502,84491070,97.11
"6957","desperation",502,84491572,97.11
"6958","packer",502,84492074,97.11
"6959","sank",502,84492576,97.11
"6960","slump",502,84493078,97.11
"6961","specially",502,84493580,97.12
"6962","brushed",501,84494081,97.12
"6963","collaborate",501,84494582,97.12
"6964","eureka",501,84495083,97.12
"6965","muddy",501,84495584,97.12
"6966","rave",501,84496085,97.12
"6967","shabby",501,84496586,97.12
"6968","wheeler",501,84497087,97.12
"6969","cigar",500,84497587,97.12
"6970","collegiate",500,84498087,97.12
"6971","dread",500,84498587,97.12
"6972","numb",500,84499087,97.12
"6973","shanghai",500,84499587,97.12
"6974","knot",499,84500086,97.12
"6975","privileged",499,84500585,97.12
"6976","surplus",499,84501084,97.12
"6977","blur",498,84501582,97.12
"6978","demise",498,84502080,97.13
"6979","homage",498,84502578,97.13
"6980","panda",498,84503076,97.13
"6981","rejoice",498,84503574,97.13
"6982","ache",497,84504071,97.13
"6983","inclusive",497,84504568,97.13
"6984","inks",497,84505065,97.13
"6985","offender",497,84505562,97.13
"6986","platter",497,84506059,97.13
"6987","prohibition",497,84506556,97.13
"6988","residency",497,84507053,97.13
"6989","uphill",497,84507550,97.13
"6990","explorer",496,84508046,97.13
"6991","gasp",496,84508542,97.13
"6992","plague",496,84509038,97.13
"6993","sarcastic",496,84509534,97.13
"6994","showdown",496,84510030,97.13
"6995","cellar",495,84510525,97.13
"6996","courtyard",495,84511020,97.14
"6997","heartbreaking",495,84511515,97.14
"6998","shaky",495,84512010,97.14
"6999","standpoint",495,84512505,97.14
"7000","supplier",495,84513000,97.14
"7001","vol",495,84513495,97.14
"7002","await",494,84513989,97.14
"7003","blasted",494,84514483,97.14
"7004","forensic",494,84514977,97.14
"7005","forwards",494,84515471,97.14
"7006","supervision",494,84515965,97.14
"7007","cranberry",493,84516458,97.14
"7008","departed",493,84516951,97.14
"7009","downhill",493,84517444,97.14
"7010","hopeless",493,84517937,97.14
"7011","orthodox",493,84518430,97.14
"7012","stereo",493,84518923,97.14
"7013","fearless",492,84519415,97.15
"7014","millionaire",492,84519907,97.15
"7015","mundane",492,84520399,97.15
"7016","plagued",492,84520891,97.15
"7017","tuning",492,84521383,97.15
"7018","utilize",492,84521875,97.15
"7019","barred",491,84522366,97.15
"7020","hatch",491,84522857,97.15
"7021","hayward",491,84523348,97.15
"7022","hiatus",491,84523839,97.15
"7023","imposing",491,84524330,97.15
"7024","mag",491,84524821,97.15
"7025","operational",491,84525312,97.15
"7026","paranoid",491,84525803,97.15
"7027","successor",491,84526294,97.15
"7028","circular",490,84526784,97.15
"7029","detect",490,84527274,97.15
"7030","persona",490,84527764,97.15
"7031","diplomatic",489,84528253,97.16
"7032","earnest",489,84528742,97.16
"7033","hath",489,84529231,97.16
"7034","inmate",489,84529720,97.16
"7035","tally",489,84530209,97.16
"7036","tar",489,84530698,97.16
"7037","theatrical",489,84531187,97.16
"7038","comfortably",488,84531675,97.16
"7039","glamorous",488,84532163,97.16
"7040","huff",488,84532651,97.16
"7041","interestingly",488,84533139,97.16
"7042","internationally",488,84533627,97.16
"7043","mileage",488,84534115,97.16
"7044","rubbing",488,84534603,97.16
"7045","si",488,84535091,97.16
"7046","symposium",488,84535579,97.16
"7047","voyage",488,84536067,97.16
"7048","cheered",487,84536554,97.16
"7049","critically",487,84537041,97.17
"7050","elusive",487,84537528,97.17
"7051","feather",487,84538015,97.17
"7052","meaningless",487,84538502,97.17
"7053","pianist",487,84538989,97.17
"7054","blockbuster",486,84539475,97.17
"7055","console",486,84539961,97.17
"7056","flirting",486,84540447,97.17
"7057","flourish",486,84540933,97.17
"7058","isle",486,84541419,97.17
"7059","longing",486,84541905,97.17
"7060","mesh",486,84542391,97.17
"7061","recycle",486,84542877,97.17
"7062","resistant",486,84543363,97.17
"7063","troop",486,84543849,97.17
"7064","yelp",486,84544335,97.17
"7065","dew",485,84544820,97.17
"7066","handgun",485,84545305,97.17
"7067","hotter",485,84545790,97.18
"7068","hum",485,84546275,97.18
"7069","humorous",485,84546760,97.18
"7070","nutritional",485,84547245,97.18
"7071","pew",485,84547730,97.18
"7072","quilting",485,84548215,97.18
"7073","stalker",485,84548700,97.18
"7074","tangible",485,84549185,97.18
"7075","unused",485,84549670,97.18
"7076","upright",485,84550155,97.18
"7077","boardwalk",484,84550639,97.18
"7078","conditioned",484,84551123,97.18
"7079","consultation",484,84551607,97.18
"7080","crossroads",484,84552091,97.18
"7081","emperor",484,84552575,97.18
"7082","geographic",484,84553059,97.18
"7083","geography",484,84553543,97.18
"7084","granddaughter",484,84554027,97.18
"7085","infield",484,84554511,97.19
"7086","ref",484,84554995,97.19
"7087","thirteen",484,84555479,97.19
"7088","billionaire",483,84555962,97.19
"7089","foursquare",483,84556445,97.19
"7090","gigantic",483,84556928,97.19
"7091","header",483,84557411,97.19
"7092","interpret",483,84557894,97.19
"7093","loft",483,84558377,97.19
"7094","offshore",483,84558860,97.19
"7095","psychic",483,84559343,97.19
"7096","queue",483,84559826,97.19
"7097","soothing",483,84560309,97.19
"7098","tactic",483,84560792,97.19
"7099","unwilling",483,84561275,97.19
"7100","withdraw",483,84561758,97.19
"7101","wonderland",483,84562241,97.19
"7102","bathing",482,84562723,97.19
"7103","branded",482,84563205,97.2
"7104","cursed",482,84563687,97.2
"7105","efficiently",482,84564169,97.2
"7106","gladly",482,84564651,97.2
"7107","napoleon",482,84565133,97.2
"7108","parental",482,84565615,97.2
"7109","sponge",482,84566097,97.2
"7110","stumble",482,84566579,97.2
"7111","toby",482,84567061,97.2
"7112","unpredictable",482,84567543,97.2
"7113","boredom",481,84568024,97.2
"7114","chester",481,84568505,97.2
"7115","fennel",481,84568986,97.2
"7116","seize",481,84569467,97.2
"7117","southwestern",481,84569948,97.2
"7118","bankrupt",480,84570428,97.2
"7119","crochet",480,84570908,97.2
"7120","heroic",480,84571388,97.2
"7121","iceland",480,84571868,97.21
"7122","massacre",480,84572348,97.21
"7123","pi",480,84572828,97.21
"7124","rand",480,84573308,97.21
"7125","avail",479,84573787,97.21
"7126","criticize",479,84574266,97.21
"7127","homeowner",479,84574745,97.21
"7128","leadoff",479,84575224,97.21
"7129","lite",479,84575703,97.21
"7130","righteousness",479,84576182,97.21
"7131","staggering",479,84576661,97.21
"7132","zoning",479,84577140,97.21
"7133","inconsistent",478,84577618,97.21
"7134","manifest",478,84578096,97.21
"7135","mayoral",478,84578574,97.21
"7136","protocol",478,84579052,97.21
"7137","strap",478,84579530,97.21
"7138","powdered",477,84580007,97.21
"7139","reopen",477,84580484,97.22
"7140","subsidiary",477,84580961,97.22
"7141","arctic",476,84581437,97.22
"7142","clint",476,84581913,97.22
"7143","derived",476,84582389,97.22
"7144","frightened",476,84582865,97.22
"7145","hefty",476,84583341,97.22
"7146","impacted",476,84583817,97.22
"7147","insomnia",476,84584293,97.22
"7148","jewel",476,84584769,97.22
"7149","rubbed",476,84585245,97.22
"7150","adversity",475,84585720,97.22
"7151","barking",475,84586195,97.22
"7152","childish",475,84586670,97.22
"7153","commonwealth",475,84587145,97.22
"7154","fiat",475,84587620,97.22
"7155","hugely",475,84588095,97.22
"7156","imminent",475,84588570,97.22
"7157","monk",475,84589045,97.23
"7158","relaxation",475,84589520,97.23
"7159","stunt",475,84589995,97.23
"7160","arcade",474,84590469,97.23
"7161","catchy",474,84590943,97.23
"7162","col",474,84591417,97.23
"7163","downward",474,84591891,97.23
"7164","drone",474,84592365,97.23
"7165","firstly",474,84592839,97.23
"7166","myriad",474,84593313,97.23
"7167","psychologist",474,84593787,97.23
"7168","repay",474,84594261,97.23
"7169","reproductive",474,84594735,97.23
"7170","thrust",474,84595209,97.23
"7171","tumor",474,84595683,97.23
"7172","undocumented",474,84596157,97.23
"7173","armor",473,84596630,97.23
"7174","blazer",473,84597103,97.23
"7175","jasmine",473,84597576,97.23
"7176","stabbing",473,84598049,97.24
"7177","heartfelt",472,84598521,97.24
"7178","induced",472,84598993,97.24
"7179","insightful",472,84599465,97.24
"7180","invent",472,84599937,97.24
"7181","isolation",472,84600409,97.24
"7182","judiciary",472,84600881,97.24
"7183","kettle",472,84601353,97.24
"7184","outgoing",472,84601825,97.24
"7185","sleek",472,84602297,97.24
"7186","synthetic",472,84602769,97.24
"7187","chaotic",471,84603240,97.24
"7188","fashionable",471,84603711,97.24
"7189","issuing",471,84604182,97.24
"7190","kicker",471,84604653,97.24
"7191","migration",471,84605124,97.24
"7192","ark",470,84605594,97.24
"7193","billed",470,84606064,97.24
"7194","brink",470,84606534,97.25
"7195","huntsman",470,84607004,97.25
"7196","kat",470,84607474,97.25
"7197","laker",470,84607944,97.25
"7198","lest",470,84608414,97.25
"7199","phew",470,84608884,97.25
"7200","rouge",470,84609354,97.25
"7201","cement",469,84609823,97.25
"7202","circumstance",469,84610292,97.25
"7203","courageous",469,84610761,97.25
"7204","cracker",469,84611230,97.25
"7205","disagreed",469,84611699,97.25
"7206","fundamentally",469,84612168,97.25
"7207","ideally",469,84612637,97.25
"7208","moose",469,84613106,97.25
"7209","naval",469,84613575,97.25
"7210","needy",469,84614044,97.25
"7211","nostalgic",469,84614513,97.25
"7212","po",469,84614982,97.25
"7213","timed",469,84615451,97.26
"7214","behavioral",468,84615919,97.26
"7215","chatter",468,84616387,97.26
"7216","composite",468,84616855,97.26
"7217","keg",468,84617323,97.26
"7218","noticeable",468,84617791,97.26
"7219","precision",468,84618259,97.26
"7220","secondly",468,84618727,97.26
"7221","snowy",468,84619195,97.26
"7222","stride",468,84619663,97.26
"7223","tights",468,84620131,97.26
"7224","invitational",467,84620598,97.26
"7225","overwhelmingly",467,84621065,97.26
"7226","recruitment",467,84621532,97.26
"7227","salesman",467,84621999,97.26
"7228","structured",467,84622466,97.26
"7229","sturdy",467,84622933,97.26
"7230","swollen",467,84623400,97.26
"7231","thug",467,84623867,97.27
"7232","bead",466,84624333,97.27
"7233","burial",466,84624799,97.27
"7234","hare",466,84625265,97.27
"7235","interference",466,84625731,97.27
"7236","nye",466,84626197,97.27
"7237","revive",466,84626663,97.27
"7238","rowan",466,84627129,97.27
"7239","swirl",466,84627595,97.27
"7240","bagel",465,84628060,97.27
"7241","icy",465,84628525,97.27
"7242","manor",465,84628990,97.27
"7243","messenger",465,84629455,97.27
"7244","spectacle",465,84629920,97.27
"7245","sprawling",465,84630385,97.27
"7246","tractor",465,84630850,97.27
"7247","twine",465,84631315,97.27
"7248","voluntarily",465,84631780,97.27
"7249","altar",464,84632244,97.27
"7250","cask",464,84632708,97.28
"7251","dresser",464,84633172,97.28
"7252","grapefruit",464,84633636,97.28
"7253","hazing",464,84634100,97.28
"7254","ovation",464,84634564,97.28
"7255","overview",464,84635028,97.28
"7256","revision",464,84635492,97.28
"7257","trooper",464,84635956,97.28
"7258","volt",464,84636420,97.28
"7259","attendant",463,84636883,97.28
"7260","automobile",463,84637346,97.28
"7261","barefoot",463,84637809,97.28
"7262","cluster",463,84638272,97.28
"7263","inception",463,84638735,97.28
"7264","merge",463,84639198,97.28
"7265","puppet",463,84639661,97.28
"7266","tentative",463,84640124,97.28
"7267","unconstitutional",463,84640587,97.28
"7268","wallpaper",463,84641050,97.28
"7269","epidemic",462,84641512,97.29
"7270","flyer",462,84641974,97.29
"7271","horribly",462,84642436,97.29
"7272","oasis",462,84642898,97.29
"7273","reliance",462,84643360,97.29
"7274","ripping",462,84643822,97.29
"7275","sherlock",462,84644284,97.29
"7276","tortured",462,84644746,97.29
"7277","ai",461,84645207,97.29
"7278","breeding",461,84645668,97.29
"7279","desirable",461,84646129,97.29
"7280","disciplinary",461,84646590,97.29
"7281","endurance",461,84647051,97.29
"7282","indicator",461,84647512,97.29
"7283","interception",461,84647973,97.29
"7284","mourning",461,84648434,97.29
"7285","nun",461,84648895,97.29
"7286","progression",461,84649356,97.29
"7287","unofficial",461,84649817,97.29
"7288","vent",461,84650278,97.3
"7289","deed",460,84650738,97.3
"7290","economically",460,84651198,97.3
"7291","empathy",460,84651658,97.3
"7292","fearful",460,84652118,97.3
"7293","integral",460,84652578,97.3
"7294","powerhouse",460,84653038,97.3
"7295","punt",460,84653498,97.3
"7296","sovereign",460,84653958,97.3
"7297","acta",459,84654417,97.3
"7298","advancing",459,84654876,97.3
"7299","arent",459,84655335,97.3
"7300","bach",459,84655794,97.3
"7301","banker",459,84656253,97.3
"7302","blooming",459,84656712,97.3
"7303","buzzing",459,84657171,97.3
"7304","clutter",459,84657630,97.3
"7305","collage",459,84658089,97.3
"7306","digs",459,84658548,97.3
"7307","exceptionally",459,84659007,97.31
"7308","irritating",459,84659466,97.31
"7309","marrying",459,84659925,97.31
"7310","notification",459,84660384,97.31
"7311","poisoning",459,84660843,97.31
"7312","pulp",459,84661302,97.31
"7313","relish",459,84661761,97.31
"7314","rodney",459,84662220,97.31
"7315","schneider",459,84662679,97.31
"7316","situated",459,84663138,97.31
"7317","swamp",459,84663597,97.31
"7318","chant",458,84664055,97.31
"7319","concealed",458,84664513,97.31
"7320","distinguish",458,84664971,97.31
"7321","excerpt",458,84665429,97.31
"7322","insanely",458,84665887,97.31
"7323","kaiser",458,84666345,97.31
"7324","quad",458,84666803,97.31
"7325","registry",458,84667261,97.31
"7326","salted",458,84667719,97.32
"7327","snapping",458,84668177,97.32
"7328","staging",458,84668635,97.32
"7329","suspend",458,84669093,97.32
"7330","tenant",458,84669551,97.32
"7331","volatile",458,84670009,97.32
"7332","brake",457,84670466,97.32
"7333","conjunction",457,84670923,97.32
"7334","disregard",457,84671380,97.32
"7335","educator",457,84671837,97.32
"7336","immature",457,84672294,97.32
"7337","nonstop",457,84672751,97.32
"7338","persuaded",457,84673208,97.32
"7339","biscuit",456,84673664,97.32
"7340","brock",456,84674120,97.32
"7341","delegation",456,84674576,97.32
"7342","hanna",456,84675032,97.32
"7343","inter",456,84675488,97.32
"7344","static",456,84675944,97.32
"7345","tempo",456,84676400,97.33
"7346","torch",456,84676856,97.33
"7347","advertise",455,84677311,97.33
"7348","articulate",455,84677766,97.33
"7349","cascade",455,84678221,97.33
"7350","getaway",455,84678676,97.33
"7351","mellow",455,84679131,97.33
"7352","perceive",455,84679586,97.33
"7353","stocking",455,84680041,97.33
"7354","filings",454,84680495,97.33
"7355","generously",454,84680949,97.33
"7356","portal",454,84681403,97.33
"7357","taps",454,84681857,97.33
"7358","transferring",454,84682311,97.33
"7359","unfold",454,84682765,97.33
"7360","barney",453,84683218,97.33
"7361","dictator",453,84683671,97.33
"7362","discourse",453,84684124,97.33
"7363","pharmaceutical",453,84684577,97.33
"7364","vinaigrette",453,84685030,97.34
"7365","vogue",453,84685483,97.34
"7366","woodland",453,84685936,97.34
"7367","amused",452,84686388,97.34
"7368","autistic",452,84686840,97.34
"7369","belonging",452,84687292,97.34
"7370","cartridge",452,84687744,97.34
"7371","drown",452,84688196,97.34
"7372","elf",452,84688648,97.34
"7373","impulse",452,84689100,97.34
"7374","sherry",452,84689552,97.34
"7375","telegraph",452,84690004,97.34
"7376","alphabet",451,84690455,97.34
"7377","awakening",451,84690906,97.34
"7378","calcium",451,84691357,97.34
"7379","demolition",451,84691808,97.34
"7380","enroll",451,84692259,97.34
"7381","hallmark",451,84692710,97.34
"7382","ideological",451,84693161,97.34
"7383","novelist",451,84693612,97.35
"7384","scramble",451,84694063,97.35
"7385","vocalist",451,84694514,97.35
"7386","gardener",450,84694964,97.35
"7387","oath",450,84695414,97.35
"7388","payday",450,84695864,97.35
"7389","slippery",450,84696314,97.35
"7390","snaps",450,84696764,97.35
"7391","textbook",450,84697214,97.35
"7392","bonding",449,84697663,97.35
"7393","clan",449,84698112,97.35
"7394","denim",449,84698561,97.35
"7395","resisting",449,84699010,97.35
"7396","casually",448,84699458,97.35
"7397","defensively",448,84699906,97.35
"7398","emerald",448,84700354,97.35
"7399","globally",448,84700802,97.35
"7400","leash",448,84701250,97.35
"7401","noel",448,84701698,97.35
"7402","receipt",448,84702146,97.36
"7403","roar",448,84702594,97.36
"7404","thigh",448,84703042,97.36
"7405","undermine",448,84703490,97.36
"7406","watchdog",448,84703938,97.36
"7407","coma",447,84704385,97.36
"7408","contraception",447,84704832,97.36
"7409","cranky",447,84705279,97.36
"7410","fertility",447,84705726,97.36
"7411","insecure",447,84706173,97.36
"7412","jurisdiction",447,84706620,97.36
"7413","matrix",447,84707067,97.36
"7414","mosque",447,84707514,97.36
"7415","pedro",447,84707961,97.36
"7416","statistical",447,84708408,97.36
"7417","tackling",447,84708855,97.36
"7418","turquoise",447,84709302,97.36
"7419","unfollowed",447,84709749,97.36
"7420","wrongdoing",447,84710196,97.36
"7421","affidavit",446,84710642,97.36
"7422","assortment",446,84711088,97.37
"7423","contributor",446,84711534,97.37
"7424","coup",446,84711980,97.37
"7425","fossil",446,84712426,97.37
"7426","sensitivity",446,84712872,97.37
"7427","thirst",446,84713318,97.37
"7428","undergoing",446,84713764,97.37
"7429","vaguely",446,84714210,97.37
"7430","banning",445,84714655,97.37
"7431","capability",445,84715100,97.37
"7432","dictate",445,84715545,97.37
"7433","dirk",445,84715990,97.37
"7434","disastrous",445,84716435,97.37
"7435","elegance",445,84716880,97.37
"7436","explicit",445,84717325,97.37
"7437","flair",445,84717770,97.37
"7438","hose",445,84718215,97.37
"7439","lightweight",445,84718660,97.37
"7440","mildly",445,84719105,97.37
"7441","reset",445,84719550,97.38
"7442","restless",445,84719995,97.38
"7443","ridden",445,84720440,97.38
"7444","stein",445,84720885,97.38
"7445","summertime",445,84721330,97.38
"7446","cove",444,84721774,97.38
"7447","listener",444,84722218,97.38
"7448","novelty",444,84722662,97.38
"7449","shampoo",444,84723106,97.38
"7450","uptown",444,84723550,97.38
"7451","anyhow",443,84723993,97.38
"7452","capitalist",443,84724436,97.38
"7453","cite",443,84724879,97.38
"7454","confined",443,84725322,97.38
"7455","cumin",443,84725765,97.38
"7456","diocese",443,84726208,97.38
"7457","hazard",443,84726651,97.38
"7458","hostess",443,84727094,97.38
"7459","scrape",443,84727537,97.38
"7460","shin",443,84727980,97.38
"7461","subjected",443,84728423,97.39
"7462","thinly",443,84728866,97.39
"7463","yuck",443,84729309,97.39
"7464","competent",442,84729751,97.39
"7465","hut",442,84730193,97.39
"7466","impending",442,84730635,97.39
"7467","rash",442,84731077,97.39
"7468","refrain",442,84731519,97.39
"7469","tripping",442,84731961,97.39
"7470","wholly",442,84732403,97.39
"7471","whoops",442,84732845,97.39
"7472","bleak",441,84733286,97.39
"7473","filthy",441,84733727,97.39
"7474","mummy",441,84734168,97.39
"7475","phantom",441,84734609,97.39
"7476","prostate",441,84735050,97.39
"7477","sway",441,84735491,97.39
"7478","wig",441,84735932,97.39
"7479","atheist",440,84736372,97.39
"7480","covenant",440,84736812,97.39
"7481","dividend",440,84737252,97.4
"7482","donkey",440,84737692,97.4
"7483","midday",440,84738132,97.4
"7484","podium",440,84738572,97.4
"7485","portrayal",440,84739012,97.4
"7486","shack",440,84739452,97.4
"7487","chagrin",439,84739891,97.4
"7488","famously",439,84740330,97.4
"7489","freaky",439,84740769,97.4
"7490","legion",439,84741208,97.4
"7491","magically",439,84741647,97.4
"7492","receipts",439,84742086,97.4
"7493","intricate",438,84742524,97.4
"7494","probable",438,84742962,97.4
"7495","safari",438,84743400,97.4
"7496","tara",438,84743838,97.4
"7497","tweeter",438,84744276,97.4
"7498","undergraduate",438,84744714,97.4
"7499","veil",438,84745152,97.4
"7500","browse",437,84745589,97.4
"7501","bypass",437,84746026,97.41
"7502","cleansing",437,84746463,97.41
"7503","density",437,84746900,97.41
"7504","drastic",437,84747337,97.41
"7505","fading",437,84747774,97.41
"7506","improper",437,84748211,97.41
"7507","interfere",437,84748648,97.41
"7508","knowledgeable",437,84749085,97.41
"7509","mistress",437,84749522,97.41
"7510","oneself",437,84749959,97.41
"7511","portman",437,84750396,97.41
"7512","rendition",437,84750833,97.41
"7513","youthful",437,84751270,97.41
"7514","anthology",436,84751706,97.41
"7515","chewy",436,84752142,97.41
"7516","consist",436,84752578,97.41
"7517","evidently",436,84753014,97.41
"7518","fowler",436,84753450,97.41
"7519","fragrance",436,84753886,97.41
"7520","irrational",436,84754322,97.42
"7521","pyramid",436,84754758,97.42
"7522","riches",436,84755194,97.42
"7523","scales",436,84755630,97.42
"7524","sparkly",436,84756066,97.42
"7525","sprinkled",436,84756502,97.42
"7526","swell",436,84756938,97.42
"7527","accountant",435,84757373,97.42
"7528","blizzard",435,84757808,97.42
"7529","dominance",435,84758243,97.42
"7530","neatly",435,84758678,97.42
"7531","patriot",435,84759113,97.42
"7532","scrimmage",435,84759548,97.42
"7533","applicant",434,84759982,97.42
"7534","monopoly",434,84760416,97.42
"7535","painfully",434,84760850,97.42
"7536","pep",434,84761284,97.42
"7537","plotting",434,84761718,97.42
"7538","plumbing",434,84762152,97.42
"7539","responsive",434,84762586,97.42
"7540","slack",434,84763020,97.43
"7541","spiced",434,84763454,97.43
"7542","alison",433,84763887,97.43
"7543","berth",433,84764320,97.43
"7544","brag",433,84764753,97.43
"7545","coca",433,84765186,97.43
"7546","curator",433,84765619,97.43
"7547","deserving",433,84766052,97.43
"7548","grumpy",433,84766485,97.43
"7549","justification",433,84766918,97.43
"7550","paddle",433,84767351,97.43
"7551","tidy",433,84767784,97.43
"7552","truffle",433,84768217,97.43
"7553","attire",432,84768649,97.43
"7554","bouquet",432,84769081,97.43
"7555","fascination",432,84769513,97.43
"7556","gill",432,84769945,97.43
"7557","kosher",432,84770377,97.43
"7558","memorabilia",432,84770809,97.43
"7559","pablo",432,84771241,97.43
"7560","panama",432,84771673,97.43
"7561","restraint",432,84772105,97.44
"7562","scar",432,84772537,97.44
"7563","spiritually",432,84772969,97.44
"7564","acrylic",431,84773400,97.44
"7565","admiration",431,84773831,97.44
"7566","authenticity",431,84774262,97.44
"7567","cauliflower",431,84774693,97.44
"7568","distract",431,84775124,97.44
"7569","exquisite",431,84775555,97.44
"7570","generator",431,84775986,97.44
"7571","integrate",431,84776417,97.44
"7572","parcel",431,84776848,97.44
"7573","possessed",431,84777279,97.44
"7574","shale",431,84777710,97.44
"7575","yorker",431,84778141,97.44
"7576","casserole",430,84778571,97.44
"7577","climax",430,84779001,97.44
"7578","encore",430,84779431,97.44
"7579","jenna",430,84779861,97.44
"7580","laced",430,84780291,97.44
"7581","mortality",430,84780721,97.45
"7582","peculiar",430,84781151,97.45
"7583","precedent",430,84781581,97.45
"7584","quinoa",430,84782011,97.45
"7585","scratching",430,84782441,97.45
"7586","seaside",430,84782871,97.45
"7587","singh",430,84783301,97.45
"7588","swung",430,84783731,97.45
"7589","alum",429,84784160,97.45
"7590","ant",429,84784589,97.45
"7591","bipolar",429,84785018,97.45
"7592","dickens",429,84785447,97.45
"7593","eagerly",429,84785876,97.45
"7594","fragrant",429,84786305,97.45
"7595","logistics",429,84786734,97.45
"7596","prolific",429,84787163,97.45
"7597","shutdown",429,84787592,97.45
"7598","tenth",429,84788021,97.45
"7599","archbishop",428,84788449,97.45
"7600","glamour",428,84788877,97.45
"7601","helpless",428,84789305,97.46
"7602","hugging",428,84789733,97.46
"7603","intimacy",428,84790161,97.46
"7604","ivory",428,84790589,97.46
"7605","lender",428,84791017,97.46
"7606","loneliness",428,84791445,97.46
"7607","nutty",428,84791873,97.46
"7608","outfield",428,84792301,97.46
"7609","peep",428,84792729,97.46
"7610","perseverance",428,84793157,97.46
"7611","recess",428,84793585,97.46
"7612","screened",428,84794013,97.46
"7613","annoy",427,84794440,97.46
"7614","buckeye",427,84794867,97.46
"7615","portray",427,84795294,97.46
"7616","rhyme",427,84795721,97.46
"7617","spirituality",427,84796148,97.46
"7618","activism",426,84796574,97.46
"7619","brilliantly",426,84797000,97.46
"7620","fumble",426,84797426,97.46
"7621","pinnacle",426,84797852,97.47
"7622","prank",426,84798278,97.47
"7623","sinister",426,84798704,97.47
"7624","unlock",426,84799130,97.47
"7625","allowance",425,84799555,97.47
"7626","gag",425,84799980,97.47
"7627","picky",425,84800405,97.47
"7628","precinct",425,84800830,97.47
"7629","sixty",425,84801255,97.47
"7630","understatement",425,84801680,97.47
"7631","yacht",425,84802105,97.47
"7632","beforehand",424,84802529,97.47
"7633","cabernet",424,84802953,97.47
"7634","communion",424,84803377,97.47
"7635","digest",424,84803801,97.47
"7636","jolly",424,84804225,97.47
"7637","outdated",424,84804649,97.47
"7638","pottery",424,84805073,97.47
"7639","sans",424,84805497,97.47
"7640","adrenaline",423,84805920,97.47
"7641","breakout",423,84806343,97.47
"7642","contagious",423,84806766,97.48
"7643","drip",423,84807189,97.48
"7644","durable",423,84807612,97.48
"7645","fatally",423,84808035,97.48
"7646","formidable",423,84808458,97.48
"7647","luxurious",423,84808881,97.48
"7648","maximize",423,84809304,97.48
"7649","relieve",423,84809727,97.48
"7650","suffice",423,84810150,97.48
"7651","arthritis",422,84810572,97.48
"7652","ion",422,84810994,97.48
"7653","irresponsible",422,84811416,97.48
"7654","lousy",422,84811838,97.48
"7655","marsh",422,84812260,97.48
"7656","standardized",422,84812682,97.48
"7657","whimsical",422,84813104,97.48
"7658","chuckle",421,84813525,97.48
"7659","hospice",421,84813946,97.48
"7660","immortal",421,84814367,97.48
"7661","overload",421,84814788,97.48
"7662","preacher",421,84815209,97.49
"7663","schooling",421,84815630,97.49
"7664","sniff",421,84816051,97.49
"7665","splendid",421,84816472,97.49
"7666","cleanse",420,84816892,97.49
"7667","sammy",420,84817312,97.49
"7668","shareholder",420,84817732,97.49
"7669","discretion",419,84818151,97.49
"7670","hesitant",419,84818570,97.49
"7671","nanny",419,84818989,97.49
"7672","offensively",419,84819408,97.49
"7673","strand",419,84819827,97.49
"7674","weekday",419,84820246,97.49
"7675","allan",418,84820664,97.49
"7676","ammunition",418,84821082,97.49
"7677","coroner",418,84821500,97.49
"7678","cushion",418,84821918,97.49
"7679","parliamentary",418,84822336,97.49
"7680","politely",418,84822754,97.49
"7681","sideways",418,84823172,97.49
"7682","stroller",418,84823590,97.49
"7683","underestimate",418,84824008,97.5
"7684","zoom",418,84824426,97.5
"7685","boundary",417,84824843,97.5
"7686","brushing",417,84825260,97.5
"7687","comprehend",417,84825677,97.5
"7688","dos",417,84826094,97.5
"7689","duct",417,84826511,97.5
"7690","gloomy",417,84826928,97.5
"7691","leopard",417,84827345,97.5
"7692","linn",417,84827762,97.5
"7693","logging",417,84828179,97.5
"7694","mick",417,84828596,97.5
"7695","outage",417,84829013,97.5
"7696","rust",417,84829430,97.5
"7697","stylist",417,84829847,97.5
"7698","wainwright",417,84830264,97.5
"7699","assertion",416,84830680,97.5
"7700","astonishing",416,84831096,97.5
"7701","awfully",416,84831512,97.5
"7702","brandy",416,84831928,97.5
"7703","copied",416,84832344,97.5
"7704","disbelief",416,84832760,97.51
"7705","gunshot",416,84833176,97.51
"7706","gurl",416,84833592,97.51
"7707","orchard",416,84834008,97.51
"7708","piercing",416,84834424,97.51
"7709","unchanged",416,84834840,97.51
"7710","arrogance",415,84835255,97.51
"7711","commencement",415,84835670,97.51
"7712","cutler",415,84836085,97.51
"7713","disrespect",415,84836500,97.51
"7714","drawers",415,84836915,97.51
"7715","envision",415,84837330,97.51
"7716","hale",415,84837745,97.51
"7717","pleading",415,84838160,97.51
"7718","rugged",415,84838575,97.51
"7719","smashing",415,84838990,97.51
"7720","trumpet",415,84839405,97.51
"7721","backlash",414,84839819,97.51
"7722","franco",414,84840233,97.51
"7723","humid",414,84840647,97.51
"7724","sag",414,84841061,97.51
"7725","sri",414,84841475,97.52
"7726","volcano",414,84841889,97.52
"7727","brightly",413,84842302,97.52
"7728","characteristic",413,84842715,97.52
"7729","ecstatic",413,84843128,97.52
"7730","pagan",413,84843541,97.52
"7731","shove",413,84843954,97.52
"7732","sneaky",413,84844367,97.52
"7733","arbitration",412,84844779,97.52
"7734","chestnut",412,84845191,97.52
"7735","gravel",412,84845603,97.52
"7736","haze",412,84846015,97.52
"7737","ropes",412,84846427,97.52
"7738","transforming",412,84846839,97.52
"7739","angst",411,84847250,97.52
"7740","autopsy",411,84847661,97.52
"7741","conceded",411,84848072,97.52
"7742","homestead",411,84848483,97.52
"7743","pardon",411,84848894,97.52
"7744","pollen",411,84849305,97.52
"7745","stink",411,84849716,97.52
"7746","wiz",411,84850127,97.53
"7747","acute",410,84850537,97.53
"7748","brilliance",410,84850947,97.53
"7749","contracted",410,84851357,97.53
"7750","humanitarian",410,84851767,97.53
"7751","hush",410,84852177,97.53
"7752","intensely",410,84852587,97.53
"7753","motherhood",410,84852997,97.53
"7754","pong",410,84853407,97.53
"7755","prima",410,84853817,97.53
"7756","remark",410,84854227,97.53
"7757","rubbish",410,84854637,97.53
"7758","scrub",410,84855047,97.53
"7759","unicorn",410,84855457,97.53
"7760","algebra",409,84855866,97.53
"7761","apiece",409,84856275,97.53
"7762","applaud",409,84856684,97.53
"7763","apprentice",409,84857093,97.53
"7764","candidacy",409,84857502,97.53
"7765","contingent",409,84857911,97.53
"7766","deployment",409,84858320,97.53
"7767","fitch",409,84858729,97.54
"7768","homosexuality",409,84859138,97.54
"7769","logos",409,84859547,97.54
"7770","obedience",409,84859956,97.54
"7771","pierced",409,84860365,97.54
"7772","poignant",409,84860774,97.54
"7773","polka",409,84861183,97.54
"7774","sibling",409,84861592,97.54
"7775","skinned",409,84862001,97.54
"7776","spinal",409,84862410,97.54
"7777","stud",409,84862819,97.54
"7778","swagger",409,84863228,97.54
"7779","colder",408,84863636,97.54
"7780","dooley",408,84864044,97.54
"7781","haunt",408,84864452,97.54
"7782","offspring",408,84864860,97.54
"7783","pondering",408,84865268,97.54
"7784","roaring",408,84865676,97.54
"7785","stumbling",408,84866084,97.54
"7786","compost",407,84866491,97.54
"7787","demos",407,84866898,97.54
"7788","herbal",407,84867305,97.54
"7789","iris",407,84867712,97.55
"7790","mayhem",407,84868119,97.55
"7791","mythology",407,84868526,97.55
"7792","outbreak",407,84868933,97.55
"7793","rancho",407,84869340,97.55
"7794","ranged",407,84869747,97.55
"7795","shaving",407,84870154,97.55
"7796","shortfall",407,84870561,97.55
"7797","styling",407,84870968,97.55
"7798","yer",407,84871375,97.55
"7799","abruptly",406,84871781,97.55
"7800","centerpiece",406,84872187,97.55
"7801","coating",406,84872593,97.55
"7802","dripping",406,84872999,97.55
"7803","empower",406,84873405,97.55
"7804","respectable",406,84873811,97.55
"7805","swelling",406,84874217,97.55
"7806","unanimous",406,84874623,97.55
"7807","wis",406,84875029,97.55
"7808","birdie",405,84875434,97.55
"7809","exploit",405,84875839,97.55
"7810","lobbyist",405,84876244,97.56
"7811","organizational",405,84876649,97.56
"7812","sedan",405,84877054,97.56
"7813","stalk",405,84877459,97.56
"7814","bulletin",404,84877863,97.56
"7815","dementia",404,84878267,97.56
"7816","lyric",404,84878671,97.56
"7817","ruler",404,84879075,97.56
"7818","sophia",404,84879479,97.56
"7819","troll",404,84879883,97.56
"7820","upheld",404,84880287,97.56
"7821","apostle",403,84880690,97.56
"7822","disposable",403,84881093,97.56
"7823","dotted",403,84881496,97.56
"7824","hysterical",403,84881899,97.56
"7825","inequality",403,84882302,97.56
"7826","mailbox",403,84882705,97.56
"7827","rigorous",403,84883108,97.56
"7828","twisting",403,84883511,97.56
"7829","waiver",403,84883914,97.56
"7830","adhere",402,84884316,97.56
"7831","commuter",402,84884718,97.56
"7832","constructive",402,84885120,97.57
"7833","facilitate",402,84885522,97.57
"7834","flavorful",402,84885924,97.57
"7835","mocha",402,84886326,97.57
"7836","railway",402,84886728,97.57
"7837","reconsider",402,84887130,97.57
"7838","referral",402,84887532,97.57
"7839","splitting",402,84887934,97.57
"7840","succession",402,84888336,97.57
"7841","circa",401,84888737,97.57
"7842","cling",401,84889138,97.57
"7843","craziness",401,84889539,97.57
"7844","dearly",401,84889940,97.57
"7845","exhaust",401,84890341,97.57
"7846","oppression",401,84890742,97.57
"7847","recurring",401,84891143,97.57
"7848","rocker",401,84891544,97.57
"7849","amidst",400,84891944,97.57
"7850","entree",400,84892344,97.57
"7851","prohibit",400,84892744,97.57
"7852","reap",400,84893144,97.57
"7853","roadside",400,84893544,97.58
"7854","sublime",400,84893944,97.58
"7855","underwent",400,84894344,97.58
"7856","vein",400,84894744,97.58
"7857","almighty",399,84895143,97.58
"7858","chunky",399,84895542,97.58
"7859","eldest",399,84895941,97.58
"7860","grit",399,84896340,97.58
"7861","horizontal",399,84896739,97.58
"7862","provoking",399,84897138,97.58
"7863","resentment",399,84897537,97.58
"7864","stripper",399,84897936,97.58
"7865","whisky",399,84898335,97.58
"7866","corona",398,84898733,97.58
"7867","dill",398,84899131,97.58
"7868","drastically",398,84899529,97.58
"7869","entrepreneurship",398,84899927,97.58
"7870","exploitation",398,84900325,97.58
"7871","forge",398,84900723,97.58
"7872","striving",398,84901121,97.58
"7873","sufficiently",398,84901519,97.58
"7874","accord",397,84901916,97.58
"7875","alarming",397,84902313,97.59
"7876","beacon",397,84902710,97.59
"7877","immensely",397,84903107,97.59
"7878","piper",397,84903504,97.59
"7879","playwright",397,84903901,97.59
"7880","ahem",396,84904297,97.59
"7881","briefing",396,84904693,97.59
"7882","buff",396,84905089,97.59
"7883","cooker",396,84905485,97.59
"7884","dedicate",396,84905881,97.59
"7885","doubling",396,84906277,97.59
"7886","indefinitely",396,84906673,97.59
"7887","maternity",396,84907069,97.59
"7888","rampant",396,84907465,97.59
"7889","scanning",396,84907861,97.59
"7890","seared",396,84908257,97.59
"7891","visibility",396,84908653,97.59
"7892","balsamic",395,84909048,97.59
"7893","compensate",395,84909443,97.59
"7894","definitive",395,84909838,97.59
"7895","disguise",395,84910233,97.59
"7896","footprint",395,84910628,97.59
"7897","injection",395,84911023,97.6
"7898","invasive",395,84911418,97.6
"7899","sentinel",395,84911813,97.6
"7900","uninsured",395,84912208,97.6
"7901","whichever",395,84912603,97.6
"7902","hassle",394,84912997,97.6
"7903","prevail",394,84913391,97.6
"7904","pup",394,84913785,97.6
"7905","ratchet",394,84914179,97.6
"7906","twit",394,84914573,97.6
"7907","yen",394,84914967,97.6
"7908","adequately",393,84915360,97.6
"7909","compass",393,84915753,97.6
"7910","contamination",393,84916146,97.6
"7911","disgust",393,84916539,97.6
"7912","legged",393,84916932,97.6
"7913","mural",393,84917325,97.6
"7914","provocative",393,84917718,97.6
"7915","restrict",393,84918111,97.6
"7916","rethink",393,84918504,97.6
"7917","thunderstorm",393,84918897,97.6
"7918","uprising",393,84919290,97.6
"7919","vastly",393,84919683,97.61
"7920","camper",392,84920075,97.61
"7921","crest",392,84920467,97.61
"7922","delegate",392,84920859,97.61
"7923","disk",392,84921251,97.61
"7924","fraudulent",392,84921643,97.61
"7925","negativity",392,84922035,97.61
"7926","scrambling",392,84922427,97.61
"7927","setback",392,84922819,97.61
"7928","spoiler",392,84923211,97.61
"7929","tomb",392,84923603,97.61
"7930","correspondent",391,84923994,97.61
"7931","discharge",391,84924385,97.61
"7932","exemption",391,84924776,97.61
"7933","explicitly",391,84925167,97.61
"7934","inconvenience",391,84925558,97.61
"7935","jog",391,84925949,97.61
"7936","linger",391,84926340,97.61
"7937","mortar",391,84926731,97.61
"7938","rig",391,84927122,97.61
"7939","broadly",390,84927512,97.61
"7940","catalyst",390,84927902,97.61
"7941","disappearing",390,84928292,97.61
"7942","dizzy",390,84928682,97.62
"7943","flaw",390,84929072,97.62
"7944","plight",390,84929462,97.62
"7945","relevance",390,84929852,97.62
"7946","sentimental",390,84930242,97.62
"7947","alameda",389,84930631,97.62
"7948","dioxide",389,84931020,97.62
"7949","discourage",389,84931409,97.62
"7950","foo",389,84931798,97.62
"7951","induction",389,84932187,97.62
"7952","plaque",389,84932576,97.62
"7953","regulated",389,84932965,97.62
"7954","thereafter",389,84933354,97.62
"7955","brace",388,84933742,97.62
"7956","dumping",388,84934130,97.62
"7957","fugitive",388,84934518,97.62
"7958","hog",388,84934906,97.62
"7959","macaroni",388,84935294,97.62
"7960","misunderstood",388,84935682,97.62
"7961","predator",388,84936070,97.62
"7962","pst",388,84936458,97.62
"7963","secrecy",388,84936846,97.62
"7964","seizure",388,84937234,97.63
"7965","teasing",388,84937622,97.63
"7966","tedious",388,84938010,97.63
"7967","trait",388,84938398,97.63
"7968","unseen",388,84938786,97.63
"7969","contentious",387,84939173,97.63
"7970","cringe",387,84939560,97.63
"7971","exodus",387,84939947,97.63
"7972","focal",387,84940334,97.63
"7973","hypocrisy",387,84940721,97.63
"7974","idle",387,84941108,97.63
"7975","ineffective",387,84941495,97.63
"7976","marinated",387,84941882,97.63
"7977","poppin",387,84942269,97.63
"7978","rag",387,84942656,97.63
"7979","scooter",387,84943043,97.63
"7980","buttermilk",386,84943429,97.63
"7981","cameo",386,84943815,97.63
"7982","cinematic",386,84944201,97.63
"7983","earthy",386,84944587,97.63
"7984","enlightenment",386,84944973,97.63
"7985","gloss",386,84945359,97.63
"7986","hairy",386,84945745,97.64
"7987","lag",386,84946131,97.64
"7988","meadow",386,84946517,97.64
"7989","metallic",386,84946903,97.64
"7990","monte",386,84947289,97.64
"7991","peacefully",386,84947675,97.64
"7992","suing",386,84948061,97.64
"7993","assorted",385,84948446,97.64
"7994","congestion",385,84948831,97.64
"7995","coping",385,84949216,97.64
"7996","fourteen",385,84949601,97.64
"7997","furry",385,84949986,97.64
"7998","imperative",385,84950371,97.64
"7999","intuitive",385,84950756,97.64
"8000","masculine",385,84951141,97.64
"8001","parody",385,84951526,97.64
"8002","subjective",385,84951911,97.64
"8003","ubiquitous",385,84952296,97.64
"8004","consequently",384,84952680,97.64
"8005","crooked",384,84953064,97.64
"8006","deception",384,84953448,97.64
"8007","devote",384,84953832,97.64
"8008","forefront",384,84954216,97.64
"8009","insulting",384,84954600,97.65
"8010","itching",384,84954984,97.65
"8011","mindful",384,84955368,97.65
"8012","morn",384,84955752,97.65
"8013","mousse",384,84956136,97.65
"8014","southeastern",384,84956520,97.65
"8015","timer",384,84956904,97.65
"8016","accuse",383,84957287,97.65
"8017","battlefield",383,84957670,97.65
"8018","doorway",383,84958053,97.65
"8019","gangster",383,84958436,97.65
"8020","havoc",383,84958819,97.65
"8021","intermediate",383,84959202,97.65
"8022","lodging",383,84959585,97.65
"8023","lohan",383,84959968,97.65
"8024","maiden",383,84960351,97.65
"8025","misguided",383,84960734,97.65
"8026","announcer",382,84961116,97.65
"8027","cho",382,84961498,97.65
"8028","dashboard",382,84961880,97.65
"8029","dealership",382,84962262,97.65
"8030","doodle",382,84962644,97.65
"8031","exhaustion",382,84963026,97.65
"8032","luna",382,84963408,97.66
"8033","petroleum",382,84963790,97.66
"8034","poking",382,84964172,97.66
"8035","render",382,84964554,97.66
"8036","rue",382,84964936,97.66
"8037","staircase",382,84965318,97.66
"8038","throwback",382,84965700,97.66
"8039","tilt",382,84966082,97.66
"8040","weaving",382,84966464,97.66
"8041","entitlement",381,84966845,97.66
"8042","frantic",381,84967226,97.66
"8043","greasy",381,84967607,97.66
"8044","hoot",381,84967988,97.66
"8045","refresh",381,84968369,97.66
"8046","restart",381,84968750,97.66
"8047","typo",381,84969131,97.66
"8048","advertisement",380,84969511,97.66
"8049","brow",380,84969891,97.66
"8050","cardiac",380,84970271,97.66
"8051","conn",380,84970651,97.66
"8052","decidedly",380,84971031,97.66
"8053","diameter",380,84971411,97.66
"8054","dietary",380,84971791,97.66
"8055","machinery",380,84972171,97.67
"8056","mechanic",380,84972551,97.67
"8057","methodist",380,84972931,97.67
"8058","moderation",380,84973311,97.67
"8059","technician",380,84973691,97.67
"8060","zac",380,84974071,97.67
"8061","accessibility",379,84974450,97.67
"8062","compatible",379,84974829,97.67
"8063","grieving",379,84975208,97.67
"8064","lavish",379,84975587,97.67
"8065","mascot",379,84975966,97.67
"8066","obsessive",379,84976345,97.67
"8067","radioactive",379,84976724,97.67
"8068","sap",379,84977103,97.67
"8069","southbound",379,84977482,97.67
"8070","ticking",379,84977861,97.67
"8071","beginner",378,84978239,97.67
"8072","leyland",378,84978617,97.67
"8073","loll",378,84978995,97.67
"8074","manipulate",378,84979373,97.67
"8075","victorious",378,84979751,97.67
"8076","waterfall",378,84980129,97.67
"8077","whipping",378,84980507,97.68
"8078","adulthood",377,84980884,97.68
"8079","adverse",377,84981261,97.68
"8080","blazing",377,84981638,97.68
"8081","conception",377,84982015,97.68
"8082","curled",377,84982392,97.68
"8083","impromptu",377,84982769,97.68
"8084","lantern",377,84983146,97.68
"8085","perennial",377,84983523,97.68
"8086","revisit",377,84983900,97.68
"8087","seventeen",377,84984277,97.68
"8088","booming",376,84984653,97.68
"8089","cellular",376,84985029,97.68
"8090","endlessly",376,84985405,97.68
"8091","forgiving",376,84985781,97.68
"8092","gymnastics",376,84986157,97.68
"8093","millennium",376,84986533,97.68
"8094","muster",376,84986909,97.68
"8095","seeming",376,84987285,97.68
"8096","slew",376,84987661,97.68
"8097","soften",376,84988037,97.68
"8098","specify",376,84988413,97.68
"8099","charismatic",375,84988788,97.68
"8100","creed",375,84989163,97.68
"8101","eclipse",375,84989538,97.69
"8102","elaine",375,84989913,97.69
"8103","erotic",375,84990288,97.69
"8104","exaggerated",375,84990663,97.69
"8105","flagship",375,84991038,97.69
"8106","goodyear",375,84991413,97.69
"8107","heap",375,84991788,97.69
"8108","periodically",375,84992163,97.69
"8109","theyre",375,84992538,97.69
"8110","unforgettable",375,84992913,97.69
"8111","willingly",375,84993288,97.69
"8112","appoint",374,84993662,97.69
"8113","brushes",374,84994036,97.69
"8114","fixture",374,84994410,97.69
"8115","mermaid",374,84994784,97.69
"8116","unavailable",374,84995158,97.69
"8117","voodoo",374,84995532,97.69
"8118","width",374,84995906,97.69
"8119","buttery",373,84996279,97.69
"8120","charcoal",373,84996652,97.69
"8121","decay",373,84997025,97.69
"8122","elastic",373,84997398,97.69
"8123","notify",373,84997771,97.69
"8124","ra",373,84998144,97.7
"8125","slashed",373,84998517,97.7
"8126","surfaced",373,84998890,97.7
"8127","variable",373,84999263,97.7
"8128","barton",372,84999635,97.7
"8129","betrayal",372,85000007,97.7
"8130","coop",372,85000379,97.7
"8131","mammoth",372,85000751,97.7
"8132","manipulation",372,85001123,97.7
"8133","pivotal",372,85001495,97.7
"8134","shovel",372,85001867,97.7
"8135","tammy",372,85002239,97.7
"8136","tate",372,85002611,97.7
"8137","ava",371,85002982,97.7
"8138","compilation",371,85003353,97.7
"8139","fluke",371,85003724,97.7
"8140","garner",371,85004095,97.7
"8141","goalkeeper",371,85004466,97.7
"8142","heater",371,85004837,97.7
"8143","incidentally",371,85005208,97.7
"8144","lyrical",371,85005579,97.7
"8145","pix",371,85005950,97.7
"8146","stimulate",371,85006321,97.7
"8147","voucher",371,85006692,97.71
"8148","windshield",371,85007063,97.71
"8149","bumping",370,85007433,97.71
"8150","burner",370,85007803,97.71
"8151","carriage",370,85008173,97.71
"8152","decisive",370,85008543,97.71
"8153","disgusted",370,85008913,97.71
"8154","dubious",370,85009283,97.71
"8155","electorate",370,85009653,97.71
"8156","environmentally",370,85010023,97.71
"8157","halo",370,85010393,97.71
"8158","nagging",370,85010763,97.71
"8159","singular",370,85011133,97.71
"8160","arose",369,85011502,97.71
"8161","becker",369,85011871,97.71
"8162","bending",369,85012240,97.71
"8163","digress",369,85012609,97.71
"8164","flap",369,85012978,97.71
"8165","limb",369,85013347,97.71
"8166","narrowly",369,85013716,97.71
"8167","offend",369,85014085,97.71
"8168","pronounce",369,85014454,97.71
"8169","rebuilt",369,85014823,97.71
"8170","sluggish",369,85015192,97.71
"8171","sunflower",369,85015561,97.72
"8172","unidentified",369,85015930,97.72
"8173","whack",369,85016299,97.72
"8174","bladder",368,85016667,97.72
"8175","crescent",368,85017035,97.72
"8176","crossover",368,85017403,97.72
"8177","glazed",368,85017771,97.72
"8178","govern",368,85018139,97.72
"8179","infectious",368,85018507,97.72
"8180","inherently",368,85018875,97.72
"8181","recorder",368,85019243,97.72
"8182","redesign",368,85019611,97.72
"8183","reflective",368,85019979,97.72
"8184","ruthless",368,85020347,97.72
"8185","satin",368,85020715,97.72
"8186","alt",367,85021082,97.72
"8187","aqua",367,85021449,97.72
"8188","botanical",367,85021816,97.72
"8189","breezy",367,85022183,97.72
"8190","carving",367,85022550,97.72
"8191","colonel",367,85022917,97.72
"8192","conflicting",367,85023284,97.72
"8193","intoxicated",367,85023651,97.72
"8194","manly",367,85024018,97.73
"8195","maternal",367,85024385,97.73
"8196","monumental",367,85024752,97.73
"8197","multitude",367,85025119,97.73
"8198","nominate",367,85025486,97.73
"8199","outward",367,85025853,97.73
"8200","poppy",367,85026220,97.73
"8201","prevalent",367,85026587,97.73
"8202","startling",367,85026954,97.73
"8203","strengthening",367,85027321,97.73
"8204","abu",366,85027687,97.73
"8205","camel",366,85028053,97.73
"8206","exile",366,85028419,97.73
"8207","hazardous",366,85028785,97.73
"8208","influenza",366,85029151,97.73
"8209","intimidation",366,85029517,97.73
"8210","novice",366,85029883,97.73
"8211","photographic",366,85030249,97.73
"8212","retrieve",366,85030615,97.73
"8213","rory",366,85030981,97.73
"8214","scarce",366,85031347,97.73
"8215","subsidy",366,85031713,97.73
"8216","theological",366,85032079,97.73
"8217","woven",366,85032445,97.73
"8218","bassist",365,85032810,97.74
"8219","bluff",365,85033175,97.74
"8220","boast",365,85033540,97.74
"8221","bodied",365,85033905,97.74
"8222","buster",365,85034270,97.74
"8223","comprised",365,85034635,97.74
"8224","consciously",365,85035000,97.74
"8225","crimson",365,85035365,97.74
"8226","enforced",365,85035730,97.74
"8227","incapable",365,85036095,97.74
"8228","lawmaker",365,85036460,97.74
"8229","maze",365,85036825,97.74
"8230","nickel",365,85037190,97.74
"8231","overturn",365,85037555,97.74
"8232","slaying",365,85037920,97.74
"8233","bain",364,85038284,97.74
"8234","dwelling",364,85038648,97.74
"8235","entirety",364,85039012,97.74
"8236","flex",364,85039376,97.74
"8237","iceberg",364,85039740,97.74
"8238","mystical",364,85040104,97.74
"8239","navigation",364,85040468,97.74
"8240","nurture",364,85040832,97.74
"8241","rotating",364,85041196,97.74
"8242","sneaking",364,85041560,97.75
"8243","stale",364,85041924,97.75
"8244","unrealistic",364,85042288,97.75
"8245","allied",363,85042651,97.75
"8246","believable",363,85043014,97.75
"8247","concord",363,85043377,97.75
"8248","harmless",363,85043740,97.75
"8249","liberation",363,85044103,97.75
"8250","northbound",363,85044466,97.75
"8251","perpetual",363,85044829,97.75
"8252","replica",363,85045192,97.75
"8253","aspen",362,85045554,97.75
"8254","bolster",362,85045916,97.75
"8255","ceramic",362,85046278,97.75
"8256","ding",362,85046640,97.75
"8257","footwear",362,85047002,97.75
"8258","inaccurate",362,85047364,97.75
"8259","nana",362,85047726,97.75
"8260","orbit",362,85048088,97.75
"8261","perch",362,85048450,97.75
"8262","plead",362,85048812,97.75
"8263","towering",362,85049174,97.75
"8264","vera",362,85049536,97.75
"8265","assurance",361,85049897,97.75
"8266","choking",361,85050258,97.76
"8267","converting",361,85050619,97.76
"8268","cosmic",361,85050980,97.76
"8269","despise",361,85051341,97.76
"8270","empowerment",361,85051702,97.76
"8271","fig",361,85052063,97.76
"8272","kan",361,85052424,97.76
"8273","keystone",361,85052785,97.76
"8274","livestock",361,85053146,97.76
"8275","lovingly",361,85053507,97.76
"8276","occupational",361,85053868,97.76
"8277","prudential",361,85054229,97.76
"8278","psychiatrist",361,85054590,97.76
"8279","speechless",361,85054951,97.76
"8280","therapeutic",361,85055312,97.76
"8281","abide",360,85055672,97.76
"8282","aerial",360,85056032,97.76
"8283","bluegrass",360,85056392,97.76
"8284","cyrus",360,85056752,97.76
"8285","dismissal",360,85057112,97.76
"8286","domination",360,85057472,97.76
"8287","dugout",360,85057832,97.76
"8288","unlocked",360,85058192,97.76
"8289","unnamed",360,85058552,97.76
"8290","unsafe",360,85058912,97.77
"8291","abound",359,85059271,97.77
"8292","communism",359,85059630,97.77
"8293","evacuation",359,85059989,97.77
"8294","gunman",359,85060348,97.77
"8295","imaginative",359,85060707,97.77
"8296","northeastern",359,85061066,97.77
"8297","outsider",359,85061425,97.77
"8298","patriotic",359,85061784,97.77
"8299","pecan",359,85062143,97.77
"8300","pneumonia",359,85062502,97.77
"8301","saunders",359,85062861,97.77
"8302","siren",359,85063220,97.77
"8303","stainless",359,85063579,97.77
"8304","underdog",359,85063938,97.77
"8305","wreath",359,85064297,97.77
"8306","auntie",358,85064655,97.77
"8307","bunt",358,85065013,97.77
"8308","bureaucracy",358,85065371,97.77
"8309","elevation",358,85065729,97.77
"8310","inventive",358,85066087,97.77
"8311","locking",358,85066445,97.77
"8312","poly",358,85066803,97.77
"8313","rambling",358,85067161,97.77
"8314","rematch",358,85067519,97.78
"8315","remembrance",358,85067877,97.78
"8316","separates",358,85068235,97.78
"8317","atomic",357,85068592,97.78
"8318","blowout",357,85068949,97.78
"8319","governmental",357,85069306,97.78
"8320","intrigue",357,85069663,97.78
"8321","manufacture",357,85070020,97.78
"8322","mole",357,85070377,97.78
"8323","plantation",357,85070734,97.78
"8324","plugged",357,85071091,97.78
"8325","prosperous",357,85071448,97.78
"8326","synopsis",357,85071805,97.78
"8327","visionary",357,85072162,97.78
"8328","agony",356,85072518,97.78
"8329","blueprint",356,85072874,97.78
"8330","cliche",356,85073230,97.78
"8331","disrespectful",356,85073586,97.78
"8332","forged",356,85073942,97.78
"8333","harp",356,85074298,97.78
"8334","pact",356,85074654,97.78
"8335","posture",356,85075010,97.78
"8336","repetitive",356,85075366,97.78
"8337","transcript",356,85075722,97.78
"8338","traps",356,85076078,97.78
"8339","ar",355,85076433,97.79
"8340","bind",355,85076788,97.79
"8341","binder",355,85077143,97.79
"8342","catastrophic",355,85077498,97.79
"8343","crumble",355,85077853,97.79
"8344","dishwasher",355,85078208,97.79
"8345","dixie",355,85078563,97.79
"8346","dreadful",355,85078918,97.79
"8347","flirt",355,85079273,97.79
"8348","gram",355,85079628,97.79
"8349","oblivious",355,85079983,97.79
"8350","prototype",355,85080338,97.79
"8351","referee",355,85080693,97.79
"8352","reg",355,85081048,97.79
"8353","shutter",355,85081403,97.79
"8354","uplifting",355,85081758,97.79
"8355","appreciative",354,85082112,97.79
"8356","blitz",354,85082466,97.79
"8357","flare",354,85082820,97.79
"8358","footing",354,85083174,97.79
"8359","inflammation",354,85083528,97.79
"8360","python",354,85083882,97.79
"8361","retention",354,85084236,97.79
"8362","rewrite",354,85084590,97.79
"8363","rhubarb",354,85084944,97.8
"8364","vigil",354,85085298,97.8
"8365","afternoons",353,85085651,97.8
"8366","depart",353,85086004,97.8
"8367","doubtful",353,85086357,97.8
"8368","eccentric",353,85086710,97.8
"8369","enlisted",353,85087063,97.8
"8370","freight",353,85087416,97.8
"8371","memento",353,85087769,97.8
"8372","militant",353,85088122,97.8
"8373","plank",353,85088475,97.8
"8374","realtor",353,85088828,97.8
"8375","rotary",353,85089181,97.8
"8376","skepticism",353,85089534,97.8
"8377","sphere",353,85089887,97.8
"8378","whirlwind",353,85090240,97.8
"8379","wong",353,85090593,97.8
"8380","brighten",352,85090945,97.8
"8381","cork",352,85091297,97.8
"8382","instructional",352,85091649,97.8
"8383","majestic",352,85092001,97.8
"8384","meek",352,85092353,97.8
"8385","newcomer",352,85092705,97.8
"8386","ordeal",352,85093057,97.8
"8387","oversized",352,85093409,97.8
"8388","unpopular",352,85093761,97.81
"8389","vengeance",352,85094113,97.81
"8390","applicable",351,85094464,97.81
"8391","bathtub",351,85094815,97.81
"8392","censorship",351,85095166,97.81
"8393","coriander",351,85095517,97.81
"8394","leftist",351,85095868,97.81
"8395","maroon",351,85096219,97.81
"8396","phases",351,85096570,97.81
"8397","severance",351,85096921,97.81
"8398","shred",351,85097272,97.81
"8399","unconditional",351,85097623,97.81
"8400","whopping",351,85097974,97.81
"8401","withstand",351,85098325,97.81
"8402","calmly",350,85098675,97.81
"8403","dalton",350,85099025,97.81
"8404","diploma",350,85099375,97.81
"8405","expansive",350,85099725,97.81
"8406","hazel",350,85100075,97.81
"8407","serenity",350,85100425,97.81
"8408","sewage",350,85100775,97.81
"8409","spatula",350,85101125,97.81
"8410","accelerated",349,85101474,97.81
"8411","altitude",349,85101823,97.81
"8412","dangerously",349,85102172,97.81
"8413","decoration",349,85102521,97.82
"8414","fiance",349,85102870,97.82
"8415","godfather",349,85103219,97.82
"8416","injunction",349,85103568,97.82
"8417","intervene",349,85103917,97.82
"8418","invaluable",349,85104266,97.82
"8419","teal",349,85104615,97.82
"8420","aspire",348,85104963,97.82
"8421","bragging",348,85105311,97.82
"8422","capitalize",348,85105659,97.82
"8423","cater",348,85106007,97.82
"8424","chang",348,85106355,97.82
"8425","chopping",348,85106703,97.82
"8426","coffin",348,85107051,97.82
"8427","extensively",348,85107399,97.82
"8428","missionary",348,85107747,97.82
"8429","philosopher",348,85108095,97.82
"8430","projection",348,85108443,97.82
"8431","reinforce",348,85108791,97.82
"8432","spacious",348,85109139,97.82
"8433","suicidal",348,85109487,97.82
"8434","tote",348,85109835,97.82
"8435","viva",348,85110183,97.82
"8436","yawn",348,85110531,97.82
"8437","yee",348,85110879,97.82
"8438","appellate",347,85111226,97.83
"8439","cashier",347,85111573,97.83
"8440","clone",347,85111920,97.83
"8441","correspondence",347,85112267,97.83
"8442","disadvantage",347,85112614,97.83
"8443","draper",347,85112961,97.83
"8444","duet",347,85113308,97.83
"8445","emergence",347,85113655,97.83
"8446","erased",347,85114002,97.83
"8447","err",347,85114349,97.83
"8448","inland",347,85114696,97.83
"8449","intellect",347,85115043,97.83
"8450","manslaughter",347,85115390,97.83
"8451","marshal",347,85115737,97.83
"8452","speculate",347,85116084,97.83
"8453","dub",346,85116430,97.83
"8454","hardship",346,85116776,97.83
"8455","kodak",346,85117122,97.83
"8456","morals",346,85117468,97.83
"8457","procrastination",346,85117814,97.83
"8458","quantum",346,85118160,97.83
"8459","unnoticed",346,85118506,97.83
"8460","wacky",346,85118852,97.83
"8461","bomber",345,85119197,97.83
"8462","bubbly",345,85119542,97.83
"8463","detection",345,85119887,97.84
"8464","froze",345,85120232,97.84
"8465","garment",345,85120577,97.84
"8466","handicap",345,85120922,97.84
"8467","harness",345,85121267,97.84
"8468","measurement",345,85121612,97.84
"8469","obliged",345,85121957,97.84
"8470","operative",345,85122302,97.84
"8471","salvage",345,85122647,97.84
"8472","sho",345,85122992,97.84
"8473","sighting",345,85123337,97.84
"8474","soar",345,85123682,97.84
"8475","solitude",345,85124027,97.84
"8476","spooky",345,85124372,97.84
"8477","aggression",344,85124716,97.84
"8478","baton",344,85125060,97.84
"8479","bowie",344,85125404,97.84
"8480","cee",344,85125748,97.84
"8481","crumb",344,85126092,97.84
"8482","disrupt",344,85126436,97.84
"8483","eighteen",344,85126780,97.84
"8484","fisherman",344,85127124,97.84
"8485","medley",344,85127468,97.84
"8486","nudity",344,85127812,97.84
"8487","profoundly",344,85128156,97.84
"8488","toughness",344,85128500,97.85
"8489","vulnerability",344,85128844,97.85
"8490","condemn",343,85129187,97.85
"8491","consolidation",343,85129530,97.85
"8492","demeanor",343,85129873,97.85
"8493","disclaimer",343,85130216,97.85
"8494","immunity",343,85130559,97.85
"8495","inferior",343,85130902,97.85
"8496","migraine",343,85131245,97.85
"8497","primer",343,85131588,97.85
"8498","relocate",343,85131931,97.85
"8499","rodeo",343,85132274,97.85
"8500","seriousness",343,85132617,97.85
"8501","tailor",343,85132960,97.85
"8502","admirable",342,85133302,97.85
"8503","axe",342,85133644,97.85
"8504","baxter",342,85133986,97.85
"8505","constitute",342,85134328,97.85
"8506","corpse",342,85134670,97.85
"8507","distributor",342,85135012,97.85
"8508","dodger",342,85135354,97.85
"8509","hillside",342,85135696,97.85
"8510","licking",342,85136038,97.85
"8511","restraining",342,85136380,97.85
"8512","ripple",342,85136722,97.85
"8513","scanner",342,85137064,97.85
"8514","tabloid",342,85137406,97.86
"8515","artisan",341,85137747,97.86
"8516","ay",341,85138088,97.86
"8517","coo",341,85138429,97.86
"8518","cupboard",341,85138770,97.86
"8519","framing",341,85139111,97.86
"8520","genetically",341,85139452,97.86
"8521","groin",341,85139793,97.86
"8522","paddy",341,85140134,97.86
"8523","paradigm",341,85140475,97.86
"8524","runaway",341,85140816,97.86
"8525","shameful",341,85141157,97.86
"8526","sol",341,85141498,97.86
"8527","stool",341,85141839,97.86
"8528","washer",341,85142180,97.86
"8529","ak",340,85142520,97.86
"8530","crackdown",340,85142860,97.86
"8531","eerie",340,85143200,97.86
"8532","gorilla",340,85143540,97.86
"8533","heed",340,85143880,97.86
"8534","mute",340,85144220,97.86
"8535","silky",340,85144560,97.86
"8536","snag",340,85144900,97.86
"8537","spurred",340,85145240,97.86
"8538","tat",340,85145580,97.86
"8539","blurb",339,85145919,97.87
"8540","careless",339,85146258,97.87
"8541","discard",339,85146597,97.87
"8542","disconnected",339,85146936,97.87
"8543","farmhouse",339,85147275,97.87
"8544","imply",339,85147614,97.87
"8545","joyous",339,85147953,97.87
"8546","redwood",339,85148292,97.87
"8547","scented",339,85148631,97.87
"8548","silhouette",339,85148970,97.87
"8549","takin",339,85149309,97.87
"8550","tremendously",339,85149648,97.87
"8551","brutally",338,85149986,97.87
"8552","centric",338,85150324,97.87
"8553","fetch",338,85150662,97.87
"8554","foe",338,85151000,97.87
"8555","giggling",338,85151338,97.87
"8556","hogan",338,85151676,97.87
"8557","homelessness",338,85152014,97.87
"8558","karate",338,85152352,97.87
"8559","putt",338,85152690,97.87
"8560","quaint",338,85153028,97.87
"8561","ravioli",338,85153366,97.87
"8562","reside",338,85153704,97.87
"8563","solitary",338,85154042,97.87
"8564","thereof",338,85154380,97.87
"8565","tweak",338,85154718,97.88
"8566","unbelievably",338,85155056,97.88
"8567","calculate",337,85155393,97.88
"8568","chairwoman",337,85155730,97.88
"8569","chord",337,85156067,97.88
"8570","disruption",337,85156404,97.88
"8571","dissolve",337,85156741,97.88
"8572","etiquette",337,85157078,97.88
"8573","metrics",337,85157415,97.88
"8574","peaked",337,85157752,97.88
"8575","prius",337,85158089,97.88
"8576","speedway",337,85158426,97.88
"8577","sunk",337,85158763,97.88
"8578","thinner",337,85159100,97.88
"8579","traction",337,85159437,97.88
"8580","uneven",337,85159774,97.88
"8581","unreasonable",337,85160111,97.88
"8582","warranty",337,85160448,97.88
"8583","wilder",337,85160785,97.88
"8584","aching",336,85161121,97.88
"8585","chore",336,85161457,97.88
"8586","dom",336,85161793,97.88
"8587","gradual",336,85162129,97.88
"8588","mayonnaise",336,85162465,97.88
"8589","psych",336,85162801,97.88
"8590","rigid",336,85163137,97.88
"8591","tighten",336,85163473,97.89
"8592","whine",336,85163809,97.89
"8593","womb",336,85164145,97.89
"8594","cylinder",335,85164480,97.89
"8595","dent",335,85164815,97.89
"8596","disagreement",335,85165150,97.89
"8597","expedition",335,85165485,97.89
"8598","levin",335,85165820,97.89
"8599","manic",335,85166155,97.89
"8600","morally",335,85166490,97.89
"8601","percussion",335,85166825,97.89
"8602","redeem",335,85167160,97.89
"8603","tackled",335,85167495,97.89
"8604","timetable",335,85167830,97.89
"8605","wrestle",335,85168165,97.89
"8606","attribute",334,85168499,97.89
"8607","catalogue",334,85168833,97.89
"8608","entrepreneurial",334,85169167,97.89
"8609","marital",334,85169501,97.89
"8610","miraculous",334,85169835,97.89
"8611","orphan",334,85170169,97.89
"8612","restitution",334,85170503,97.89
"8613","undisclosed",334,85170837,97.89
"8614","unrest",334,85171171,97.89
"8615","ballad",333,85171504,97.89
"8616","beige",333,85171837,97.89
"8617","bred",333,85172170,97.9
"8618","brigade",333,85172503,97.9
"8619","dissertation",333,85172836,97.9
"8620","fresno",333,85173169,97.9
"8621","heavyweight",333,85173502,97.9
"8622","marrow",333,85173835,97.9
"8623","melon",333,85174168,97.9
"8624","ninety",333,85174501,97.9
"8625","nonfiction",333,85174834,97.9
"8626","petite",333,85175167,97.9
"8627","scraping",333,85175500,97.9
"8628","teaser",333,85175833,97.9
"8629","adolescent",332,85176165,97.9
"8630","beau",332,85176497,97.9
"8631","colleen",332,85176829,97.9
"8632","downfall",332,85177161,97.9
"8633","easing",332,85177493,97.9
"8634","hulu",332,85177825,97.9
"8635","pediatric",332,85178157,97.9
"8636","persistence",332,85178489,97.9
"8637","primitive",332,85178821,97.9
"8638","tame",332,85179153,97.9
"8639","unfairly",332,85179485,97.9
"8640","uphold",332,85179817,97.9
"8641","amaze",331,85180148,97.9
"8642","bogus",331,85180479,97.9
"8643","concession",331,85180810,97.91
"8644","crank",331,85181141,97.91
"8645","cubic",331,85181472,97.91
"8646","eastbound",331,85181803,97.91
"8647","flurry",331,85182134,97.91
"8648","flute",331,85182465,97.91
"8649","heartbreak",331,85182796,97.91
"8650","informant",331,85183127,97.91
"8651","ransom",331,85183458,97.91
"8652","socialism",331,85183789,97.91
"8653","tu",331,85184120,97.91
"8654","unanswered",331,85184451,97.91
"8655","unsuccessfully",331,85184782,97.91
"8656","ado",330,85185112,97.91
"8657","blatant",330,85185442,97.91
"8658","citation",330,85185772,97.91
"8659","diminish",330,85186102,97.91
"8660","eater",330,85186432,97.91
"8661","fray",330,85186762,97.91
"8662","hazelwood",330,85187092,97.91
"8663","hen",330,85187422,97.91
"8664","manageable",330,85187752,97.91
"8665","mastery",330,85188082,97.91
"8666","newsroom",330,85188412,97.91
"8667","reluctantly",330,85188742,97.91
"8668","toned",330,85189072,97.91
"8669","unstable",330,85189402,97.92
"8670","upsetting",330,85189732,97.92
"8671","viewpoint",330,85190062,97.92
"8672","zig",330,85190392,97.92
"8673","amnesty",329,85190721,97.92
"8674","athleticism",329,85191050,97.92
"8675","grassy",329,85191379,97.92
"8676","kite",329,85191708,97.92
"8677","playhouse",329,85192037,97.92
"8678","pueblo",329,85192366,97.92
"8679","purity",329,85192695,97.92
"8680","taxation",329,85193024,97.92
"8681","tipping",329,85193353,97.92
"8682","verb",329,85193682,97.92
"8683","advancement",328,85194010,97.92
"8684","align",328,85194338,97.92
"8685","alignment",328,85194666,97.92
"8686","continuity",328,85194994,97.92
"8687","firearm",328,85195322,97.92
"8688","intuition",328,85195650,97.92
"8689","peppermint",328,85195978,97.92
"8690","plaintiff",328,85196306,97.92
"8691","separating",328,85196634,97.92
"8692","sleeper",328,85196962,97.92
"8693","snapshot",328,85197290,97.92
"8694","underage",328,85197618,97.92
"8695","viking",328,85197946,97.92
"8696","acidity",327,85198273,97.93
"8697","bribe",327,85198600,97.93
"8698","detour",327,85198927,97.93
"8699","dynasty",327,85199254,97.93
"8700","falcon",327,85199581,97.93
"8701","fleeting",327,85199908,97.93
"8702","forbid",327,85200235,97.93
"8703","guarded",327,85200562,97.93
"8704","hesitation",327,85200889,97.93
"8705","honorary",327,85201216,97.93
"8706","lava",327,85201543,97.93
"8707","layoff",327,85201870,97.93
"8708","poked",327,85202197,97.93
"8709","recognizable",327,85202524,97.93
"8710","travelled",327,85202851,97.93
"8711","vending",327,85203178,97.93
"8712","backbone",326,85203504,97.93
"8713","barring",326,85203830,97.93
"8714","coarse",326,85204156,97.93
"8715","consolation",326,85204482,97.93
"8716","dusk",326,85204808,97.93
"8717","federally",326,85205134,97.93
"8718","illustrator",326,85205460,97.93
"8719","limp",326,85205786,97.93
"8720","monarch",326,85206112,97.93
"8721","sailor",326,85206438,97.93
"8722","severity",326,85206764,97.94
"8723","sped",326,85207090,97.94
"8724","velocity",326,85207416,97.94
"8725","wack",326,85207742,97.94
"8726","westbound",326,85208068,97.94
"8727","wiser",326,85208394,97.94
"8728","accessory",325,85208719,97.94
"8729","artichoke",325,85209044,97.94
"8730","booster",325,85209369,97.94
"8731","buzzer",325,85209694,97.94
"8732","clinging",325,85210019,97.94
"8733","decker",325,85210344,97.94
"8734","hindsight",325,85210669,97.94
"8735","imperfect",325,85210994,97.94
"8736","infinity",325,85211319,97.94
"8737","morale",325,85211644,97.94
"8738","realism",325,85211969,97.94
"8739","remodel",325,85212294,97.94
"8740","reviewer",325,85212619,97.94
"8741","savor",325,85212944,97.94
"8742","selective",325,85213269,97.94
"8743","tract",325,85213594,97.94
"8744","affiliation",324,85213918,97.94
"8745","ambrose",324,85214242,97.94
"8746","flattering",324,85214566,97.94
"8747","gundy",324,85214890,97.94
"8748","odor",324,85215214,97.94
"8749","reclaim",324,85215538,97.95
"8750","reconstruction",324,85215862,97.95
"8751","rel",324,85216186,97.95
"8752","springtime",324,85216510,97.95
"8753","toothbrush",324,85216834,97.95
"8754","brainer",323,85217157,97.95
"8755","broom",323,85217480,97.95
"8756","geneva",323,85217803,97.95
"8757","graceful",323,85218126,97.95
"8758","guinea",323,85218449,97.95
"8759","hitch",323,85218772,97.95
"8760","incorrectly",323,85219095,97.95
"8761","mascara",323,85219418,97.95
"8762","overlap",323,85219741,97.95
"8763","posh",323,85220064,97.95
"8764","proxy",323,85220387,97.95
"8765","reconciliation",323,85220710,97.95
"8766","roadway",323,85221033,97.95
"8767","sovereignty",323,85221356,97.95
"8768","breaker",322,85221678,97.95
"8769","captive",322,85222000,97.95
"8770","carney",322,85222322,97.95
"8771","cougar",322,85222644,97.95
"8772","merch",322,85222966,97.95
"8773","muscular",322,85223288,97.95
"8774","pigeon",322,85223610,97.95
"8775","psyche",322,85223932,97.95
"8776","unleashed",322,85224254,97.96
"8777","upwards",322,85224576,97.96
"8778","withdrawn",322,85224898,97.96
"8779","asphalt",321,85225219,97.96
"8780","breastfeeding",321,85225540,97.96
"8781","budding",321,85225861,97.96
"8782","contemplate",321,85226182,97.96
"8783","corny",321,85226503,97.96
"8784","dreary",321,85226824,97.96
"8785","ea",321,85227145,97.96
"8786","hovering",321,85227466,97.96
"8787","ignite",321,85227787,97.96
"8788","interrupt",321,85228108,97.96
"8789","misunderstanding",321,85228429,97.96
"8790","orchid",321,85228750,97.96
"8791","plaid",321,85229071,97.96
"8792","tiring",321,85229392,97.96
"8793","uniquely",321,85229713,97.96
"8794","weeping",321,85230034,97.96
"8795","barker",320,85230354,97.96
"8796","bleach",320,85230674,97.96
"8797","catastrophe",320,85230994,97.96
"8798","commanding",320,85231314,97.96
"8799","fulfillment",320,85231634,97.96
"8800","jingle",320,85231954,97.96
"8801","magician",320,85232274,97.96
"8802","mandarin",320,85232594,97.96
"8803","passer",320,85232914,97.97
"8804","phony",320,85233234,97.97
"8805","piggy",320,85233554,97.97
"8806","plausible",320,85233874,97.97
"8807","pomegranate",320,85234194,97.97
"8808","stereotype",320,85234514,97.97
"8809","vigorously",320,85234834,97.97
"8810","yang",320,85235154,97.97
"8811","atmospheric",319,85235473,97.97
"8812","changer",319,85235792,97.97
"8813","chow",319,85236111,97.97
"8814","classmate",319,85236430,97.97
"8815","clergy",319,85236749,97.97
"8816","congratulate",319,85237068,97.97
"8817","contestant",319,85237387,97.97
"8818","fencing",319,85237706,97.97
"8819","metric",319,85238025,97.97
"8820","murdering",319,85238344,97.97
"8821","rendering",319,85238663,97.97
"8822","chemotherapy",318,85238981,97.97
"8823","circling",318,85239299,97.97
"8824","dey",318,85239617,97.97
"8825","disconnect",318,85239935,97.97
"8826","dolly",318,85240253,97.97
"8827","doorstep",318,85240571,97.97
"8828","embroidery",318,85240889,97.97
"8829","evergreen",318,85241207,97.97
"8830","flooring",318,85241525,97.98
"8831","immersion",318,85241843,97.98
"8832","indigo",318,85242161,97.98
"8833","itinerary",318,85242479,97.98
"8834","moratorium",318,85242797,97.98
"8835","nifty",318,85243115,97.98
"8836","retaining",318,85243433,97.98
"8837","reversal",318,85243751,97.98
"8838","rooster",318,85244069,97.98
"8839","runoff",318,85244387,97.98
"8840","sabbath",318,85244705,97.98
"8841","stemming",318,85245023,97.98
"8842","tangy",318,85245341,97.98
"8843","tanner",318,85245659,97.98
"8844","woodward",318,85245977,97.98
"8845","battleship",317,85246294,97.98
"8846","bodily",317,85246611,97.98
"8847","cardigan",317,85246928,97.98
"8848","communal",317,85247245,97.98
"8849","finland",317,85247562,97.98
"8850","nugget",317,85247879,97.98
"8851","playbook",317,85248196,97.98
"8852","proceeding",317,85248513,97.98
"8853","silva",317,85248830,97.98
"8854","trolley",317,85249147,97.98
"8855","archdiocese",316,85249463,97.98
"8856","bustling",316,85249779,97.98
"8857","negotiation",316,85250095,97.98
"8858","outlaw",316,85250411,97.99
"8859","predominantly",316,85250727,97.99
"8860","preventive",316,85251043,97.99
"8861","pristine",316,85251359,97.99
"8862","richness",316,85251675,97.99
"8863","smoker",316,85251991,97.99
"8864","tempered",316,85252307,97.99
"8865","wrestler",316,85252623,97.99
"8866","zebra",316,85252939,97.99
"8867","accelerate",315,85253254,97.99
"8868","acquaintance",315,85253569,97.99
"8869","buffy",315,85253884,97.99
"8870","designation",315,85254199,97.99
"8871","legislator",315,85254514,97.99
"8872","modify",315,85254829,97.99
"8873","resemblance",315,85255144,97.99
"8874","skeleton",315,85255459,97.99
"8875","stormy",315,85255774,97.99
"8876","claw",314,85256088,97.99
"8877","cones",314,85256402,97.99
"8878","duplicate",314,85256716,97.99
"8879","familiarity",314,85257030,97.99
"8880","freeholder",314,85257344,97.99
"8881","gadget",314,85257658,97.99
"8882","laziness",314,85257972,97.99
"8883","mischief",314,85258286,97.99
"8884","rein",314,85258600,97.99
"8885","shrug",314,85258914,98
"8886","snuggle",314,85259228,98
"8887","testosterone",314,85259542,98
"8888","token",314,85259856,98
"8889","undertaking",314,85260170,98
"8890","underwood",314,85260484,98
"8891","watt",314,85260798,98
"8892","allegation",313,85261111,98
"8893","benny",313,85261424,98
"8894","condensed",313,85261737,98
"8895","cosmetic",313,85262050,98
"8896","disguised",313,85262363,98
"8897","disruptive",313,85262676,98
"8898","dreamt",313,85262989,98
"8899","extraordinarily",313,85263302,98
"8900","greenwood",313,85263615,98
"8901","kohl",313,85263928,98
"8902","leasing",313,85264241,98
"8903","longevity",313,85264554,98
"8904","mathematics",313,85264867,98
"8905","nectar",313,85265180,98
"8906","repertoire",313,85265493,98
"8907","sawyer",313,85265806,98
"8908","teller",313,85266119,98
"8909","canine",312,85266431,98
"8910","carve",312,85266743,98
"8911","conveniently",312,85267055,98
"8912","enact",312,85267367,98
"8913","genealogy",312,85267679,98.01
"8914","hideous",312,85267991,98.01
"8915","mantle",312,85268303,98.01
"8916","marinade",312,85268615,98.01
"8917","meta",312,85268927,98.01
"8918","napping",312,85269239,98.01
"8919","occurrence",312,85269551,98.01
"8920","outspoken",312,85269863,98.01
"8921","replicate",312,85270175,98.01
"8922","roaming",312,85270487,98.01
"8923","tug",312,85270799,98.01
"8924","valor",312,85271111,98.01
"8925","wah",312,85271423,98.01
"8926","anchored",311,85271734,98.01
"8927","corresponding",311,85272045,98.01
"8928","fir",311,85272356,98.01
"8929","functionality",311,85272667,98.01
"8930","insulin",311,85272978,98.01
"8931","internally",311,85273289,98.01
"8932","joss",311,85273600,98.01
"8933","lighthouse",311,85273911,98.01
"8934","onward",311,85274222,98.01
"8935","plush",311,85274533,98.01
"8936","poultry",311,85274844,98.01
"8937","rebirth",311,85275155,98.01
"8938","rink",311,85275466,98.01
"8939","roam",311,85275777,98.01
"8940","shameless",311,85276088,98.01
"8941","trousers",311,85276399,98.02
"8942","tutor",311,85276710,98.02
"8943","accordance",310,85277020,98.02
"8944","allure",310,85277330,98.02
"8945","arbitrary",310,85277640,98.02
"8946","awoke",310,85277950,98.02
"8947","baptism",310,85278260,98.02
"8948","breakup",310,85278570,98.02
"8949","cache",310,85278880,98.02
"8950","crate",310,85279190,98.02
"8951","curling",310,85279500,98.02
"8952","elevate",310,85279810,98.02
"8953","feminism",310,85280120,98.02
"8954","floss",310,85280430,98.02
"8955","hue",310,85280740,98.02
"8956","mas",310,85281050,98.02
"8957","repetition",310,85281360,98.02
"8958","sensory",310,85281670,98.02
"8959","shrine",310,85281980,98.02
"8960","solon",310,85282290,98.02
"8961","subcommittee",310,85282600,98.02
"8962","thingy",310,85282910,98.02
"8963","torah",310,85283220,98.02
"8964","apocalyptic",309,85283529,98.02
"8965","brisk",309,85283838,98.02
"8966","dart",309,85284147,98.02
"8967","disgrace",309,85284456,98.02
"8968","drifting",309,85284765,98.02
"8969","munch",309,85285074,98.03
"8970","perk",309,85285383,98.03
"8971","presenter",309,85285692,98.03
"8972","quail",309,85286001,98.03
"8973","someplace",309,85286310,98.03
"8974","spiked",309,85286619,98.03
"8975","sprung",309,85286928,98.03
"8976","undecided",309,85287237,98.03
"8977","astounding",308,85287545,98.03
"8978","chipped",308,85287853,98.03
"8979","conditioner",308,85288161,98.03
"8980","diarrhea",308,85288469,98.03
"8981","exposition",308,85288777,98.03
"8982","influx",308,85289085,98.03
"8983","ova",308,85289393,98.03
"8984","paw",308,85289701,98.03
"8985","rapping",308,85290009,98.03
"8986","seventy",308,85290317,98.03
"8987","subconscious",308,85290625,98.03
"8988","swat",308,85290933,98.03
"8989","tactical",308,85291241,98.03
"8990","versatility",308,85291549,98.03
"8991","weathered",308,85291857,98.03
"8992","banter",307,85292164,98.03
"8993","clam",307,85292471,98.03
"8994","counterpart",307,85292778,98.03
"8995","dyer",307,85293085,98.03
"8996","inflated",307,85293392,98.03
"8997","irresistible",307,85293699,98.03
"8998","majesty",307,85294006,98.04
"8999","mosquito",307,85294313,98.04
"9000","sectional",307,85294620,98.04
"9001","affluent",306,85294926,98.04
"9002","bedding",306,85295232,98.04
"9003","bel",306,85295538,98.04
"9004","brethren",306,85295844,98.04
"9005","directory",306,85296150,98.04
"9006","eyebrow",306,85296456,98.04
"9007","heartbroken",306,85296762,98.04
"9008","insufficient",306,85297068,98.04
"9009","liable",306,85297374,98.04
"9010","libertarian",306,85297680,98.04
"9011","openness",306,85297986,98.04
"9012","ornament",306,85298292,98.04
"9013","reiterated",306,85298598,98.04
"9014","tenor",306,85298904,98.04
"9015","cartel",305,85299209,98.04
"9016","chubby",305,85299514,98.04
"9017","concerto",305,85299819,98.04
"9018","correlation",305,85300124,98.04
"9019","disturbance",305,85300429,98.04
"9020","hamlet",305,85300734,98.04
"9021","hardwood",305,85301039,98.04
"9022","nausea",305,85301344,98.04
"9023","phi",305,85301649,98.04
"9024","probability",305,85301954,98.04
"9025","slider",305,85302259,98.04
"9026","unstoppable",305,85302564,98.05
"9027","untouched",305,85302869,98.05
"9028","vaccination",305,85303174,98.05
"9029","verbally",305,85303479,98.05
"9030","ware",305,85303784,98.05
"9031","wiggle",305,85304089,98.05
"9032","blurry",304,85304393,98.05
"9033","brit",304,85304697,98.05
"9034","bunker",304,85305001,98.05
"9035","carp",304,85305305,98.05
"9036","catfish",304,85305609,98.05
"9037","cheeseburger",304,85305913,98.05
"9038","choreography",304,85306217,98.05
"9039","cramped",304,85306521,98.05
"9040","deluxe",304,85306825,98.05
"9041","directive",304,85307129,98.05
"9042","gubernatorial",304,85307433,98.05
"9043","inheritance",304,85307737,98.05
"9044","octopus",304,85308041,98.05
"9045","opaque",304,85308345,98.05
"9046","overdose",304,85308649,98.05
"9047","pooh",304,85308953,98.05
"9048","prophecy",304,85309257,98.05
"9049","provincial",304,85309561,98.05
"9050","purposely",304,85309865,98.05
"9051","scaled",304,85310169,98.05
"9052","sensational",304,85310473,98.05
"9053","uneasy",304,85310777,98.05
"9054","awkwardly",303,85311080,98.05
"9055","domino",303,85311383,98.06
"9056","drupal",303,85311686,98.06
"9057","funnel",303,85311989,98.06
"9058","insignificant",303,85312292,98.06
"9059","maritime",303,85312595,98.06
"9060","recital",303,85312898,98.06
"9061","trivial",303,85313201,98.06
"9062","bowman",302,85313503,98.06
"9063","coyote",302,85313805,98.06
"9064","cuff",302,85314107,98.06
"9065","detached",302,85314409,98.06
"9066","flint",302,85314711,98.06
"9067","gator",302,85315013,98.06
"9068","geo",302,85315315,98.06
"9069","horrendous",302,85315617,98.06
"9070","insured",302,85315919,98.06
"9071","linear",302,85316221,98.06
"9072","lulu",302,85316523,98.06
"9073","metabolism",302,85316825,98.06
"9074","pastel",302,85317127,98.06
"9075","swore",302,85317429,98.06
"9076","accommodation",301,85317730,98.06
"9077","brat",301,85318031,98.06
"9078","comedic",301,85318332,98.06
"9079","distinctly",301,85318633,98.06
"9080","dividing",301,85318934,98.06
"9081","enlightened",301,85319235,98.06
"9082","gale",301,85319536,98.06
"9083","glaring",301,85319837,98.07
"9084","handwriting",301,85320138,98.07
"9085","heartache",301,85320439,98.07
"9086","heir",301,85320740,98.07
"9087","lacy",301,85321041,98.07
"9088","payoff",301,85321342,98.07
"9089","reassuring",301,85321643,98.07
"9090","shipment",301,85321944,98.07
"9091","smelly",301,85322245,98.07
"9092","unarmed",301,85322546,98.07
"9093","borderline",300,85322846,98.07
"9094","brokerage",300,85323146,98.07
"9095","consortium",300,85323446,98.07
"9096","crises",300,85323746,98.07
"9097","diligence",300,85324046,98.07
"9098","dismal",300,85324346,98.07
"9099","flashy",300,85324646,98.07
"9100","hierarchy",300,85324946,98.07
"9101","manga",300,85325246,98.07
"9102","peeling",300,85325546,98.07
"9103","pinky",300,85325846,98.07
"9104","rectangle",300,85326146,98.07
"9105","slab",300,85326446,98.07
"9106","stricken",300,85326746,98.07
"9107","swam",300,85327046,98.07
"9108","swine",300,85327346,98.07
"9109","appalling",299,85327645,98.07
"9110","dependence",299,85327944,98.07
"9111","foggy",299,85328243,98.07
"9112","graph",299,85328542,98.08
"9113","grits",299,85328841,98.08
"9114","hourly",299,85329140,98.08
"9115","inadvertently",299,85329439,98.08
"9116","rake",299,85329738,98.08
"9117","saloon",299,85330037,98.08
"9118","sly",299,85330336,98.08
"9119","taxed",299,85330635,98.08
"9120","veterinary",299,85330934,98.08
"9121","cajun",298,85331232,98.08
"9122","foliage",298,85331530,98.08
"9123","lighten",298,85331828,98.08
"9124","piping",298,85332126,98.08
"9125","recreate",298,85332424,98.08
"9126","streetcar",298,85332722,98.08
"9127","unintended",298,85333020,98.08
"9128","valve",298,85333318,98.08
"9129","bangkok",297,85333615,98.08
"9130","brutality",297,85333912,98.08
"9131","cancellation",297,85334209,98.08
"9132","chamberlain",297,85334506,98.08
"9133","doughnut",297,85334803,98.08
"9134","dudley",297,85335100,98.08
"9135","existent",297,85335397,98.08
"9136","garland",297,85335694,98.08
"9137","holler",297,85335991,98.08
"9138","masked",297,85336288,98.08
"9139","meaty",297,85336585,98.08
"9140","proclaim",297,85336882,98.08
"9141","restrained",297,85337179,98.08
"9142","scholarly",297,85337476,98.09
"9143","steaming",297,85337773,98.09
"9144","teamwork",297,85338070,98.09
"9145","watered",297,85338367,98.09
"9146","amend",296,85338663,98.09
"9147","autobiography",296,85338959,98.09
"9148","eatery",296,85339255,98.09
"9149","flora",296,85339551,98.09
"9150","glare",296,85339847,98.09
"9151","granger",296,85340143,98.09
"9152","improperly",296,85340439,98.09
"9153","insect",296,85340735,98.09
"9154","mania",296,85341031,98.09
"9155","sax",296,85341327,98.09
"9156","soggy",296,85341623,98.09
"9157","sonny",296,85341919,98.09
"9158","statistic",296,85342215,98.09
"9159","validity",296,85342511,98.09
"9160","whim",296,85342807,98.09
"9161","whispering",296,85343103,98.09
"9162","culprit",295,85343398,98.09
"9163","eighty",295,85343693,98.09
"9164","gripping",295,85343988,98.09
"9165","gunfire",295,85344283,98.09
"9166","jumbo",295,85344578,98.09
"9167","panicked",295,85344873,98.09
"9168","persecution",295,85345168,98.09
"9169","robe",295,85345463,98.09
"9170","shirtless",295,85345758,98.09
"9171","shouldnt",295,85346053,98.1
"9172","skittles",295,85346348,98.1
"9173","souvenir",295,85346643,98.1
"9174","tacky",295,85346938,98.1
"9175","ticked",295,85347233,98.1
"9176","troupe",295,85347528,98.1
"9177","wand",295,85347823,98.1
"9178","crowned",294,85348117,98.1
"9179","culturally",294,85348411,98.1
"9180","faulty",294,85348705,98.1
"9181","intermission",294,85348999,98.1
"9182","mistakenly",294,85349293,98.1
"9183","motivational",294,85349587,98.1
"9184","oppressed",294,85349881,98.1
"9185","rationale",294,85350175,98.1
"9186","relocation",294,85350469,98.1
"9187","spitting",294,85350763,98.1
"9188","summed",294,85351057,98.1
"9189","trimming",294,85351351,98.1
"9190","violently",294,85351645,98.1
"9191","wording",294,85351939,98.1
"9192","buckle",293,85352232,98.1
"9193","conservatism",293,85352525,98.1
"9194","dreamy",293,85352818,98.1
"9195","extravaganza",293,85353111,98.1
"9196","galore",293,85353404,98.1
"9197","golfer",293,85353697,98.1
"9198","halves",293,85353990,98.1
"9199","handbag",293,85354283,98.1
"9200","inventor",293,85354576,98.1
"9201","plentiful",293,85354869,98.11
"9202","pretzel",293,85355162,98.11
"9203","prosecute",293,85355455,98.11
"9204","sal",293,85355748,98.11
"9205","sinful",293,85356041,98.11
"9206","slowdown",293,85356334,98.11
"9207","stoned",293,85356627,98.11
"9208","theoretical",293,85356920,98.11
"9209","tue",293,85357213,98.11
"9210","tumble",293,85357506,98.11
"9211","assert",292,85357798,98.11
"9212","deportation",292,85358090,98.11
"9213","edgy",292,85358382,98.11
"9214","fluff",292,85358674,98.11
"9215","futile",292,85358966,98.11
"9216","multiply",292,85359258,98.11
"9217","nutmeg",292,85359550,98.11
"9218","outcry",292,85359842,98.11
"9219","promoter",292,85360134,98.11
"9220","stigma",292,85360426,98.11
"9221","tory",292,85360718,98.11
"9222","upstate",292,85361010,98.11
"9223","abiding",291,85361301,98.11
"9224","absorbing",291,85361592,98.11
"9225","acne",291,85361883,98.11
"9226","afloat",291,85362174,98.11
"9227","breathed",291,85362465,98.11
"9228","cello",291,85362756,98.11
"9229","deter",291,85363047,98.11
"9230","gingerbread",291,85363338,98.12
"9231","groovy",291,85363629,98.12
"9232","hateful",291,85363920,98.12
"9233","holden",291,85364211,98.12
"9234","itchy",291,85364502,98.12
"9235","mosaic",291,85364793,98.12
"9236","objection",291,85365084,98.12
"9237","parlor",291,85365375,98.12
"9238","policeman",291,85365666,98.12
"9239","posey",291,85365957,98.12
"9240","praising",291,85366248,98.12
"9241","reproduction",291,85366539,98.12
"9242","revise",291,85366830,98.12
"9243","sewn",291,85367121,98.12
"9244","slapping",291,85367412,98.12
"9245","snail",291,85367703,98.12
"9246","spotting",291,85367994,98.12
"9247","stripe",291,85368285,98.12
"9248","subdued",291,85368576,98.12
"9249","taxing",291,85368867,98.12
"9250","universally",291,85369158,98.12
"9251","aam",290,85369448,98.12
"9252","alleviate",290,85369738,98.12
"9253","coherent",290,85370028,98.12
"9254","crusty",290,85370318,98.12
"9255","ecosystem",290,85370608,98.12
"9256","eminent",290,85370898,98.12
"9257","enthusiast",290,85371188,98.12
"9258","exclude",290,85371478,98.12
"9259","forte",290,85371768,98.12
"9260","insecurity",290,85372058,98.13
"9261","lumber",290,85372348,98.13
"9262","mourn",290,85372638,98.13
"9263","ons",290,85372928,98.13
"9264","peg",290,85373218,98.13
"9265","redo",290,85373508,98.13
"9266","rutherford",290,85373798,98.13
"9267","undo",290,85374088,98.13
"9268","allegiance",289,85374377,98.13
"9269","binge",289,85374666,98.13
"9270","bitten",289,85374955,98.13
"9271","broadcaster",289,85375244,98.13
"9272","burlesque",289,85375533,98.13
"9273","debacle",289,85375822,98.13
"9274","divisive",289,85376111,98.13
"9275","dummy",289,85376400,98.13
"9276","fraternity",289,85376689,98.13
"9277","hull",289,85376978,98.13
"9278","knack",289,85377267,98.13
"9279","lama",289,85377556,98.13
"9280","menace",289,85377845,98.13
"9281","myrtle",289,85378134,98.13
"9282","nirvana",289,85378423,98.13
"9283","professionalism",289,85378712,98.13
"9284","rowdy",289,85379001,98.13
"9285","utmost",289,85379290,98.13
"9286","apricot",288,85379578,98.13
"9287","borne",288,85379866,98.13
"9288","clumsy",288,85380154,98.13
"9289","collateral",288,85380442,98.13
"9290","gazing",288,85380730,98.14
"9291","graveyard",288,85381018,98.14
"9292","lofty",288,85381306,98.14
"9293","lore",288,85381594,98.14
"9294","misty",288,85381882,98.14
"9295","ni",288,85382170,98.14
"9296","prudent",288,85382458,98.14
"9297","rampage",288,85382746,98.14
"9298","serene",288,85383034,98.14
"9299","sizable",288,85383322,98.14
"9300","undead",288,85383610,98.14
"9301","unfolding",288,85383898,98.14
"9302","waltz",288,85384186,98.14
"9303","cor",287,85384473,98.14
"9304","councilwoman",287,85384760,98.14
"9305","coward",287,85385047,98.14
"9306","cub",287,85385334,98.14
"9307","maneuver",287,85385621,98.14
"9308","presently",287,85385908,98.14
"9309","retrospect",287,85386195,98.14
"9310","reuse",287,85386482,98.14
"9311","sketchy",287,85386769,98.14
"9312","smuggling",287,85387056,98.14
"9313","sobbing",287,85387343,98.14
"9314","soprano",287,85387630,98.14
"9315","uncover",287,85387917,98.14
"9316","vacancy",287,85388204,98.14
"9317","viola",287,85388491,98.14
"9318","whereabouts",287,85388778,98.14
"9319","airy",286,85389064,98.14
"9320","cayenne",286,85389350,98.14
"9321","conform",286,85389636,98.15
"9322","consolidated",286,85389922,98.15
"9323","endearing",286,85390208,98.15
"9324","entourage",286,85390494,98.15
"9325","fasting",286,85390780,98.15
"9326","fiercely",286,85391066,98.15
"9327","fro",286,85391352,98.15
"9328","gruesome",286,85391638,98.15
"9329","mutually",286,85391924,98.15
"9330","onset",286,85392210,98.15
"9331","sensibility",286,85392496,98.15
"9332","sprout",286,85392782,98.15
"9333","squeezing",286,85393068,98.15
"9334","susceptible",286,85393354,98.15
"9335","caravan",285,85393639,98.15
"9336","dominion",285,85393924,98.15
"9337","drinker",285,85394209,98.15
"9338","hydraulic",285,85394494,98.15
"9339","juggling",285,85394779,98.15
"9340","noteworthy",285,85395064,98.15
"9341","obsolete",285,85395349,98.15
"9342","pow",285,85395634,98.15
"9343","sloan",285,85395919,98.15
"9344","subtly",285,85396204,98.15
"9345","chai",284,85396488,98.15
"9346","defiance",284,85396772,98.15
"9347","feasible",284,85397056,98.15
"9348","hive",284,85397340,98.15
"9349","lad",284,85397624,98.15
"9350","mimic",284,85397908,98.15
"9351","mulch",284,85398192,98.16
"9352","ow",284,85398476,98.16
"9353","revel",284,85398760,98.16
"9354","roundup",284,85399044,98.16
"9355","sacrificing",284,85399328,98.16
"9356","sift",284,85399612,98.16
"9357","speculative",284,85399896,98.16
"9358","unheard",284,85400180,98.16
"9359","wut",284,85400464,98.16
"9360","assign",283,85400747,98.16
"9361","banjo",283,85401030,98.16
"9362","beet",283,85401313,98.16
"9363","blouse",283,85401596,98.16
"9364","browning",283,85401879,98.16
"9365","confederate",283,85402162,98.16
"9366","correctional",283,85402445,98.16
"9367","embark",283,85402728,98.16
"9368","enticing",283,85403011,98.16
"9369","imprint",283,85403294,98.16
"9370","mustang",283,85403577,98.16
"9371","pinpoint",283,85403860,98.16
"9372","riff",283,85404143,98.16
"9373","soho",283,85404426,98.16
"9374","sustaining",283,85404709,98.16
"9375","vigorous",283,85404992,98.16
"9376","vile",283,85405275,98.16
"9377","burbank",282,85405557,98.16
"9378","deb",282,85405839,98.16
"9379","distorted",282,85406121,98.16
"9380","earthly",282,85406403,98.16
"9381","persuasive",282,85406685,98.16
"9382","rapture",282,85406967,98.17
"9383","seminary",282,85407249,98.17
"9384","tack",282,85407531,98.17
"9385","tending",282,85407813,98.17
"9386","transitional",282,85408095,98.17
"9387","unveiling",282,85408377,98.17
"9388","xi",282,85408659,98.17
"9389","clarification",281,85408940,98.17
"9390","cobra",281,85409221,98.17
"9391","curfew",281,85409502,98.17
"9392","falsely",281,85409783,98.17
"9393","gorge",281,85410064,98.17
"9394","greener",281,85410345,98.17
"9395","liaison",281,85410626,98.17
"9396","lodged",281,85410907,98.17
"9397","pervasive",281,85411188,98.17
"9398","soulful",281,85411469,98.17
"9399","spectator",281,85411750,98.17
"9400","unfollowing",281,85412031,98.17
"9401","atlas",280,85412311,98.17
"9402","commemorate",280,85412591,98.17
"9403","deserted",280,85412871,98.17
"9404","din",280,85413151,98.17
"9405","ligament",280,85413431,98.17
"9406","mona",280,85413711,98.17
"9407","overflowing",280,85413991,98.17
"9408","seamless",280,85414271,98.17
"9409","sleepless",280,85414551,98.17
"9410","squat",280,85414831,98.17
"9411","unconventional",280,85415111,98.17
"9412","carte",279,85415390,98.17
"9413","caterpillar",279,85415669,98.18
"9414","craze",279,85415948,98.18
"9415","hanger",279,85416227,98.18
"9416","inspect",279,85416506,98.18
"9417","prosper",279,85416785,98.18
"9418","rattled",279,85417064,98.18
"9419","revolving",279,85417343,98.18
"9420","rotate",279,85417622,98.18
"9421","rover",279,85417901,98.18
"9422","shimmer",279,85418180,98.18
"9423","streep",279,85418459,98.18
"9424","suppress",279,85418738,98.18
"9425","watershed",279,85419017,98.18
"9426","afar",278,85419295,98.18
"9427","avalanche",278,85419573,98.18
"9428","ecstasy",278,85419851,98.18
"9429","evoke",278,85420129,98.18
"9430","garnett",278,85420407,98.18
"9431","invariably",278,85420685,98.18
"9432","menacing",278,85420963,98.18
"9433","panther",278,85421241,98.18
"9434","prod",278,85421519,98.18
"9435","pseudo",278,85421797,98.18
"9436","rot",278,85422075,98.18
"9437","sailed",278,85422353,98.18
"9438","dangling",277,85422630,98.18
"9439","deferred",277,85422907,98.18
"9440","fertile",277,85423184,98.18
"9441","glam",277,85423461,98.18
"9442","humiliation",277,85423738,98.18
"9443","infinitely",277,85424015,98.18
"9444","inherit",277,85424292,98.19
"9445","ka",277,85424569,98.19
"9446","leno",277,85424846,98.19
"9447","missy",277,85425123,98.19
"9448","postage",277,85425400,98.19
"9449","realty",277,85425677,98.19
"9450","regency",277,85425954,98.19
"9451","resonate",277,85426231,98.19
"9452","rhetorical",277,85426508,98.19
"9453","sneeze",277,85426785,98.19
"9454","visitation",277,85427062,98.19
"9455","weep",277,85427339,98.19
"9456","canoe",276,85427615,98.19
"9457","doctorate",276,85427891,98.19
"9458","fiasco",276,85428167,98.19
"9459","hopper",276,85428443,98.19
"9460","hostel",276,85428719,98.19
"9461","huron",276,85428995,98.19
"9462","jagger",276,85429271,98.19
"9463","loosing",276,85429547,98.19
"9464","ominous",276,85429823,98.19
"9465","prestige",276,85430099,98.19
"9466","prominently",276,85430375,98.19
"9467","quart",276,85430651,98.19
"9468","sensor",276,85430927,98.19
"9469","superficial",276,85431203,98.19
"9470","tandem",276,85431479,98.19
"9471","toffee",276,85431755,98.19
"9472","abyss",275,85432030,98.19
"9473","bloc",275,85432305,98.19
"9474","commentator",275,85432580,98.19
"9475","cornerstone",275,85432855,98.19
"9476","disdain",275,85433130,98.2
"9477","dispatcher",275,85433405,98.2
"9478","dusting",275,85433680,98.2
"9479","dynamite",275,85433955,98.2
"9480","friction",275,85434230,98.2
"9481","insistence",275,85434505,98.2
"9482","lapse",275,85434780,98.2
"9483","linden",275,85435055,98.2
"9484","oft",275,85435330,98.2
"9485","plump",275,85435605,98.2
"9486","puffy",275,85435880,98.2
"9487","scoreboard",275,85436155,98.2
"9488","showroom",275,85436430,98.2
"9489","simplify",275,85436705,98.2
"9490","valet",275,85436980,98.2
"9491","zipper",275,85437255,98.2
"9492","bender",274,85437529,98.2
"9493","commuting",274,85437803,98.2
"9494","dearborn",274,85438077,98.2
"9495","dodd",274,85438351,98.2
"9496","hygiene",274,85438625,98.2
"9497","initiate",274,85438899,98.2
"9498","moderately",274,85439173,98.2
"9499","optimal",274,85439447,98.2
"9500","piling",274,85439721,98.2
"9501","resilience",274,85439995,98.2
"9502","slows",274,85440269,98.2
"9503","tribunal",274,85440543,98.2
"9504","tumbled",274,85440817,98.2
"9505","undrafted",274,85441091,98.2
"9506","unsettling",274,85441365,98.2
"9507","wrecking",274,85441639,98.21
"9508","alligator",273,85441912,98.21
"9509","fiddle",273,85442185,98.21
"9510","fracture",273,85442458,98.21
"9511","gud",273,85442731,98.21
"9512","howdy",273,85443004,98.21
"9513","humming",273,85443277,98.21
"9514","incompetent",273,85443550,98.21
"9515","interviewer",273,85443823,98.21
"9516","marquee",273,85444096,98.21
"9517","pau",273,85444369,98.21
"9518","preceding",273,85444642,98.21
"9519","retaliation",273,85444915,98.21
"9520","romero",273,85445188,98.21
"9521","sampler",273,85445461,98.21
"9522","valuation",273,85445734,98.21
"9523","veal",273,85446007,98.21
"9524","wherein",273,85446280,98.21
"9525","admiral",272,85446552,98.21
"9526","ailing",272,85446824,98.21
"9527","alarmed",272,85447096,98.21
"9528","anxiously",272,85447368,98.21
"9529","bard",272,85447640,98.21
"9530","brisket",272,85447912,98.21
"9531","bruise",272,85448184,98.21
"9532","fin",272,85448456,98.21
"9533","flung",272,85448728,98.21
"9534","grille",272,85449000,98.21
"9535","heirloom",272,85449272,98.21
"9536","hula",272,85449544,98.21
"9537","luscious",272,85449816,98.21
"9538","mali",272,85450088,98.21
"9539","melancholy",272,85450360,98.22
"9540","nonpartisan",272,85450632,98.22
"9541","stature",272,85450904,98.22
"9542","attacker",271,85451175,98.22
"9543","attain",271,85451446,98.22
"9544","autonomy",271,85451717,98.22
"9545","celebratory",271,85451988,98.22
"9546","diversion",271,85452259,98.22
"9547","fodder",271,85452530,98.22
"9548","guise",271,85452801,98.22
"9549","manifesto",271,85453072,98.22
"9550","mingle",271,85453343,98.22
"9551","passionately",271,85453614,98.22
"9552","pediatrician",271,85453885,98.22
"9553","prowess",271,85454156,98.22
"9554","racially",271,85454427,98.22
"9555","radically",271,85454698,98.22
"9556","resilient",271,85454969,98.22
"9557","responsibly",271,85455240,98.22
"9558","restrictive",271,85455511,98.22
"9559","rusher",271,85455782,98.22
"9560","scallop",271,85456053,98.22
"9561","succeeding",271,85456324,98.22
"9562","aromatic",270,85456594,98.22
"9563","caption",270,85456864,98.22
"9564","concluding",270,85457134,98.22
"9565","hallelujah",270,85457404,98.22
"9566","helper",270,85457674,98.22
"9567","hemp",270,85457944,98.22
"9568","powerless",270,85458214,98.22
"9569","puzzled",270,85458484,98.22
"9570","boldly",269,85458753,98.22
"9571","cabaret",269,85459022,98.23
"9572","clapping",269,85459291,98.23
"9573","conceal",269,85459560,98.23
"9574","decadent",269,85459829,98.23
"9575","defunct",269,85460098,98.23
"9576","glimmer",269,85460367,98.23
"9577","infusion",269,85460636,98.23
"9578","medalist",269,85460905,98.23
"9579","nay",269,85461174,98.23
"9580","paranoia",269,85461443,98.23
"9581","philanthropy",269,85461712,98.23
"9582","respecting",269,85461981,98.23
"9583","sinus",269,85462250,98.23
"9584","skim",269,85462519,98.23
"9585","sophistication",269,85462788,98.23
"9586","swipe",269,85463057,98.23
"9587","unbearable",269,85463326,98.23
"9588","validation",269,85463595,98.23
"9589","vita",269,85463864,98.23
"9590","worldly",269,85464133,98.23
"9591","archival",268,85464401,98.23
"9592","bigotry",268,85464669,98.23
"9593","bravery",268,85464937,98.23
"9594","carefree",268,85465205,98.23
"9595","cheerleader",268,85465473,98.23
"9596","concede",268,85465741,98.23
"9597","duel",268,85466009,98.23
"9598","geometry",268,85466277,98.23
"9599","gloom",268,85466545,98.23
"9600","heartland",268,85466813,98.23
"9601","negatively",268,85467081,98.23
"9602","raisin",268,85467349,98.23
"9603","seasonally",268,85467617,98.23
"9604","steroid",268,85467885,98.24
"9605","thickness",268,85468153,98.24
"9606","aura",267,85468420,98.24
"9607","bah",267,85468687,98.24
"9608","boating",267,85468954,98.24
"9609","cirque",267,85469221,98.24
"9610","elm",267,85469488,98.24
"9611","factual",267,85469755,98.24
"9612","frantically",267,85470022,98.24
"9613","hex",267,85470289,98.24
"9614","hoppy",267,85470556,98.24
"9615","knowingly",267,85470823,98.24
"9616","login",267,85471090,98.24
"9617","musically",267,85471357,98.24
"9618","piracy",267,85471624,98.24
"9619","pita",267,85471891,98.24
"9620","rubble",267,85472158,98.24
"9621","societal",267,85472425,98.24
"9622","straighten",267,85472692,98.24
"9623","strategically",267,85472959,98.24
"9624","teeny",267,85473226,98.24
"9625","yearning",267,85473493,98.24
"9626","bubbling",266,85473759,98.24
"9627","bumpy",266,85474025,98.24
"9628","coincidentally",266,85474291,98.24
"9629","competitiveness",266,85474557,98.24
"9630","elle",266,85474823,98.24
"9631","fertilizer",266,85475089,98.24
"9632","furnace",266,85475355,98.24
"9633","macro",266,85475621,98.24
"9634","namesake",266,85475887,98.24
"9635","nutritious",266,85476153,98.24
"9636","overcast",266,85476419,98.24
"9637","pesky",266,85476685,98.25
"9638","respiratory",266,85476951,98.25
"9639","whoo",266,85477217,98.25
"9640","balm",265,85477482,98.25
"9641","bloated",265,85477747,98.25
"9642","butternut",265,85478012,98.25
"9643","curd",265,85478277,98.25
"9644","diplomacy",265,85478542,98.25
"9645","disorderly",265,85478807,98.25
"9646","entice",265,85479072,98.25
"9647","fascist",265,85479337,98.25
"9648","indirect",265,85479602,98.25
"9649","lionel",265,85479867,98.25
"9650","murky",265,85480132,98.25
"9651","quot",265,85480397,98.25
"9652","realistically",265,85480662,98.25
"9653","shaft",265,85480927,98.25
"9654","spruce",265,85481192,98.25
"9655","sugary",265,85481457,98.25
"9656","tentatively",265,85481722,98.25
"9657","thermometer",265,85481987,98.25
"9658","turbines",265,85482252,98.25
"9659","vase",265,85482517,98.25
"9660","winehouse",265,85482782,98.25
"9661","barge",264,85483046,98.25
"9662","canopy",264,85483310,98.25
"9663","capsule",264,85483574,98.25
"9664","digestive",264,85483838,98.25
"9665","dover",264,85484102,98.25
"9666","episcopal",264,85484366,98.25
"9667","indirectly",264,85484630,98.25
"9668","limbo",264,85484894,98.25
"9669","lizard",264,85485158,98.26
"9670","manifestation",264,85485422,98.26
"9671","mowing",264,85485686,98.26
"9672","nighttime",264,85485950,98.26
"9673","phenomena",264,85486214,98.26
"9674","plumber",264,85486478,98.26
"9675","practitioner",264,85486742,98.26
"9676","procession",264,85487006,98.26
"9677","sabotage",264,85487270,98.26
"9678","snoop",264,85487534,98.26
"9679","squid",264,85487798,98.26
"9680","stripping",264,85488062,98.26
"9681","tai",264,85488326,98.26
"9682","tapas",264,85488590,98.26
"9683","umpire",264,85488854,98.26
"9684","wynn",264,85489118,98.26
"9685","archer",263,85489381,98.26
"9686","defy",263,85489644,98.26
"9687","drainage",263,85489907,98.26
"9688","feud",263,85490170,98.26
"9689","montage",263,85490433,98.26
"9690","moonlight",263,85490696,98.26
"9691","pip",263,85490959,98.26
"9692","polk",263,85491222,98.26
"9693","raft",263,85491485,98.26
"9694","shedding",263,85491748,98.26
"9695","smoother",263,85492011,98.26
"9696","sur",263,85492274,98.26
"9697","swoon",263,85492537,98.26
"9698","tyranny",263,85492800,98.26
"9699","vomiting",263,85493063,98.26
"9700","zimbabwe",263,85493326,98.26
"9701","activate",262,85493588,98.26
"9702","astronaut",262,85493850,98.27
"9703","cautiously",262,85494112,98.27
"9704","civilized",262,85494374,98.27
"9705","commence",262,85494636,98.27
"9706","confirming",262,85494898,98.27
"9707","delve",262,85495160,98.27
"9708","filet",262,85495422,98.27
"9709","horseback",262,85495684,98.27
"9710","hurtful",262,85495946,98.27
"9711","incarnation",262,85496208,98.27
"9712","meringue",262,85496470,98.27
"9713","overflow",262,85496732,98.27
"9714","pinning",262,85496994,98.27
"9715","plethora",262,85497256,98.27
"9716","porcelain",262,85497518,98.27
"9717","pragmatic",262,85497780,98.27
"9718","reef",262,85498042,98.27
"9719","slain",262,85498304,98.27
"9720","thatcher",262,85498566,98.27
"9721","ville",262,85498828,98.27
"9722","arson",261,85499089,98.27
"9723","bot",261,85499350,98.27
"9724","canning",261,85499611,98.27
"9725","fey",261,85499872,98.27
"9726","grueling",261,85500133,98.27
"9727","jointly",261,85500394,98.27
"9728","mop",261,85500655,98.27
"9729","penchant",261,85500916,98.27
"9730","rounding",261,85501177,98.27
"9731","scarred",261,85501438,98.27
"9732","schooled",261,85501699,98.27
"9733","snuck",261,85501960,98.27
"9734","sparrow",261,85502221,98.27
"9735","stomp",261,85502482,98.27
"9736","trusty",261,85502743,98.28
"9737","verification",261,85503004,98.28
"9738","watery",261,85503265,98.28
"9739","wellington",261,85503526,98.28
"9740","yogi",261,85503787,98.28
"9741","berger",260,85504047,98.28
"9742","cerebral",260,85504307,98.28
"9743","charisma",260,85504567,98.28
"9744","connectivity",260,85504827,98.28
"9745","constellation",260,85505087,98.28
"9746","continuation",260,85505347,98.28
"9747","encyclopedia",260,85505607,98.28
"9748","enthusiastically",260,85505867,98.28
"9749","flaming",260,85506127,98.28
"9750","graciously",260,85506387,98.28
"9751","holistic",260,85506647,98.28
"9752","innate",260,85506907,98.28
"9753","notoriously",260,85507167,98.28
"9754","pepperoni",260,85507427,98.28
"9755","reconnect",260,85507687,98.28
"9756","satire",260,85507947,98.28
"9757","snatched",260,85508207,98.28
"9758","swarm",260,85508467,98.28
"9759","tread",260,85508727,98.28
"9760","trickle",260,85508987,98.28
"9761","withheld",260,85509247,98.28
"9762","yuh",260,85509507,98.28
"9763","alpine",259,85509766,98.28
"9764","anew",259,85510025,98.28
"9765","apron",259,85510284,98.28
"9766","bombed",259,85510543,98.28
"9767","captivating",259,85510802,98.28
"9768","cheery",259,85511061,98.28
"9769","dissent",259,85511320,98.29
"9770","hem",259,85511579,98.29
"9771","lash",259,85511838,98.29
"9772","loosen",259,85512097,98.29
"9773","magistrate",259,85512356,98.29
"9774","pretentious",259,85512615,98.29
"9775","proficient",259,85512874,98.29
"9776","radius",259,85513133,98.29
"9777","redundant",259,85513392,98.29
"9778","revered",259,85513651,98.29
"9779","rowing",259,85513910,98.29
"9780","sacked",259,85514169,98.29
"9781","slaw",259,85514428,98.29
"9782","unauthorized",259,85514687,98.29
"9783","vicinity",259,85514946,98.29
"9784","wrongly",259,85515205,98.29
"9785","adhesive",258,85515463,98.29
"9786","bowed",258,85515721,98.29
"9787","butch",258,85515979,98.29
"9788","ce",258,85516237,98.29
"9789","chap",258,85516495,98.29
"9790","delaying",258,85516753,98.29
"9791","facade",258,85517011,98.29
"9792","fling",258,85517269,98.29
"9793","flowering",258,85517527,98.29
"9794","freshness",258,85517785,98.29
"9795","frosty",258,85518043,98.29
"9796","fuse",258,85518301,98.29
"9797","inflammatory",258,85518559,98.29
"9798","lunar",258,85518817,98.29
"9799","milky",258,85519075,98.29
"9800","miner",258,85519333,98.29
"9801","module",258,85519591,98.29
"9802","mushy",258,85519849,98.29
"9803","overboard",258,85520107,98.3
"9804","pho",258,85520365,98.3
"9805","possessing",258,85520623,98.3
"9806","saffron",258,85520881,98.3
"9807","sitter",258,85521139,98.3
"9808","stump",258,85521397,98.3
"9809","supplemental",258,85521655,98.3
"9810","creatively",257,85521912,98.3
"9811","curved",257,85522169,98.3
"9812","dysfunction",257,85522426,98.3
"9813","flores",257,85522683,98.3
"9814","leisurely",257,85522940,98.3
"9815","makeshift",257,85523197,98.3
"9816","mend",257,85523454,98.3
"9817","nit",257,85523711,98.3
"9818","nudge",257,85523968,98.3
"9819","pretended",257,85524225,98.3
"9820","recruiter",257,85524482,98.3
"9821","redshirt",257,85524739,98.3
"9822","refill",257,85524996,98.3
"9823","solace",257,85525253,98.3
"9824","stoke",257,85525510,98.3
"9825","tenderloin",257,85525767,98.3
"9826","translator",257,85526024,98.3
"9827","unnatural",257,85526281,98.3
"9828","veterinarian",257,85526538,98.3
"9829","bottling",256,85526794,98.3
"9830","chateau",256,85527050,98.3
"9831","contradiction",256,85527306,98.3
"9832","depiction",256,85527562,98.3
"9833","exceeding",256,85527818,98.3
"9834","exclamation",256,85528074,98.3
"9835","expiration",256,85528330,98.3
"9836","grub",256,85528586,98.3
"9837","heady",256,85528842,98.31
"9838","horsepower",256,85529098,98.31
"9839","huddle",256,85529354,98.31
"9840","linky",256,85529610,98.31
"9841","proverbial",256,85529866,98.31
"9842","rumble",256,85530122,98.31
"9843","sincerity",256,85530378,98.31
"9844","unprepared",256,85530634,98.31
"9845","blinded",255,85530889,98.31
"9846","chandelier",255,85531144,98.31
"9847","condemnation",255,85531399,98.31
"9848","excursion",255,85531654,98.31
"9849","giraffe",255,85531909,98.31
"9850","graded",255,85532164,98.31
"9851","hostility",255,85532419,98.31
"9852","indifference",255,85532674,98.31
"9853","legitimately",255,85532929,98.31
"9854","leukemia",255,85533184,98.31
"9855","malik",255,85533439,98.31
"9856","peril",255,85533694,98.31
"9857","relentlessly",255,85533949,98.31
"9858","richly",255,85534204,98.31
"9859","snoring",255,85534459,98.31
"9860","stabilize",255,85534714,98.31
"9861","starch",255,85534969,98.31
"9862","stemmed",255,85535224,98.31
"9863","thinker",255,85535479,98.31
"9864","trustworthy",255,85535734,98.31
"9865","wholesome",255,85535989,98.31
"9866","adamant",254,85536243,98.31
"9867","alternating",254,85536497,98.31
"9868","clement",254,85536751,98.31
"9869","comb",254,85537005,98.31
"9870","conservatory",254,85537259,98.31
"9871","elves",254,85537513,98.32
"9872","fleece",254,85537767,98.32
"9873","fussy",254,85538021,98.32
"9874","housewife",254,85538275,98.32
"9875","hymn",254,85538529,98.32
"9876","insulation",254,85538783,98.32
"9877","manila",254,85539037,98.32
"9878","nationalist",254,85539291,98.32
"9879","pest",254,85539545,98.32
"9880","plaster",254,85539799,98.32
"9881","rounder",254,85540053,98.32
"9882","symptom",254,85540307,98.32
"9883","twentieth",254,85540561,98.32
"9884","whiff",254,85540815,98.32
"9885","arresting",253,85541068,98.32
"9886","crease",253,85541321,98.32
"9887","dormant",253,85541574,98.32
"9888","dwarf",253,85541827,98.32
"9889","effortlessly",253,85542080,98.32
"9890","handler",253,85542333,98.32
"9891","hemisphere",253,85542586,98.32
"9892","implication",253,85542839,98.32
"9893","profitability",253,85543092,98.32
"9894","publicist",253,85543345,98.32
"9895","quieter",253,85543598,98.32
"9896","regiment",253,85543851,98.32
"9897","restriction",253,85544104,98.32
"9898","staffer",253,85544357,98.32
"9899","suede",253,85544610,98.32
"9900","tolerant",253,85544863,98.32
"9901","trajectory",253,85545116,98.32
"9902","turbo",253,85545369,98.32
"9903","unthinkable",253,85545622,98.32
"9904","wan",253,85545875,98.32
"9905","woof",253,85546128,98.33
"9906","abnormal",252,85546380,98.33
"9907","allege",252,85546632,98.33
"9908","bearded",252,85546884,98.33
"9909","bureaucratic",252,85547136,98.33
"9910","detector",252,85547388,98.33
"9911","dismay",252,85547640,98.33
"9912","expressive",252,85547892,98.33
"9913","hastings",252,85548144,98.33
"9914","illuminated",252,85548396,98.33
"9915","indifferent",252,85548648,98.33
"9916","intolerance",252,85548900,98.33
"9917","outset",252,85549152,98.33
"9918","persist",252,85549404,98.33
"9919","pilgrim",252,85549656,98.33
"9920","reread",252,85549908,98.33
"9921","screwing",252,85550160,98.33
"9922","slicing",252,85550412,98.33
"9923","strung",252,85550664,98.33
"9924","walkway",252,85550916,98.33
"9925","warp",252,85551168,98.33
"9926","wrought",252,85551420,98.33
"9927","aesthetics",251,85551671,98.33
"9928","attentive",251,85551922,98.33
"9929","boozer",251,85552173,98.33
"9930","cradle",251,85552424,98.33
"9931","discus",251,85552675,98.33
"9932","evolutionary",251,85552926,98.33
"9933","hazy",251,85553177,98.33
"9934","kung",251,85553428,98.33
"9935","rainfall",251,85553679,98.33
"9936","remorse",251,85553930,98.33
"9937","statistically",251,85554181,98.33
"9938","steward",251,85554432,98.33
"9939","surfer",251,85554683,98.33
"9940","tuxedo",251,85554934,98.34
"9941","vividly",251,85555185,98.34
"9942","yearbook",251,85555436,98.34
"9943","amelia",250,85555686,98.34
"9944","cantor",250,85555936,98.34
"9945","cisco",250,85556186,98.34
"9946","devastation",250,85556436,98.34
"9947","everlasting",250,85556686,98.34
"9948","famine",250,85556936,98.34
"9949","impeccable",250,85557186,98.34
"9950","loathe",250,85557436,98.34
"9951","marquis",250,85557686,98.34
"9952","oriental",250,85557936,98.34
"9953","paprika",250,85558186,98.34
"9954","parted",250,85558436,98.34
"9955","prominence",250,85558686,98.34
"9956","puddle",250,85558936,98.34
"9957","regimen",250,85559186,98.34
"9958","reliant",250,85559436,98.34
"9959","reproduce",250,85559686,98.34
"9960","riveting",250,85559936,98.34
"9961","selfless",250,85560186,98.34
"9962","shucks",250,85560436,98.34
"9963","siege",250,85560686,98.34
"9964","slang",250,85560936,98.34
"9965","snooze",250,85561186,98.34
"9966","sociology",250,85561436,98.34
"9967","unveil",250,85561686,98.34
"9968","visualize",250,85561936,98.34
"9969","clout",249,85562185,98.34
"9970","converse",249,85562434,98.34
"9971","delusional",249,85562683,98.34
"9972","doggy",249,85562932,98.34
"9973","exhilarating",249,85563181,98.34
"9974","jinx",249,85563430,98.35
"9975","nodding",249,85563679,98.35
"9976","racking",249,85563928,98.35
"9977","riddle",249,85564177,98.35
"9978","ryder",249,85564426,98.35
"9979","sla",249,85564675,98.35
"9980","unspecified",249,85564924,98.35
"9981","wooded",249,85565173,98.35
"9982","wreckage",249,85565422,98.35
"9983","affirmation",248,85565670,98.35
"9984","anarchy",248,85565918,98.35
"9985","appraisal",248,85566166,98.35
"9986","camaraderie",248,85566414,98.35
"9987","cassie",248,85566662,98.35
"9988","classification",248,85566910,98.35
"9989","correcting",248,85567158,98.35
"9990","dungeon",248,85567406,98.35
"9991","feisty",248,85567654,98.35
"9992","fondly",248,85567902,98.35
"9993","heartless",248,85568150,98.35
"9994","hector",248,85568398,98.35
"9995","leafy",248,85568646,98.35
"9996","originality",248,85568894,98.35
"9997","regal",248,85569142,98.35
"9998","reliability",248,85569390,98.35
"9999","spaced",248,85569638,98.35
"10000","spanking",248,85569886,98.35
"10001","striker",248,85570134,98.35
"10002","termination",248,85570382,98.35
"10003","undergrad",248,85570630,98.35
"10004","understandably",248,85570878,98.35
"10005","weaken",248,85571126,98.35
"10006","attest",247,85571373,98.35
"10007","carnage",247,85571620,98.35
"10008","chowder",247,85571867,98.35
"10009","convertible",247,85572114,98.35
"10010","cultivate",247,85572361,98.36
"10011","diabetic",247,85572608,98.36
"10012","divert",247,85572855,98.36
"10013","drool",247,85573102,98.36
"10014","exclusion",247,85573349,98.36
"10015","fanatic",247,85573596,98.36
"10016","fermentation",247,85573843,98.36
"10017","flashlight",247,85574090,98.36
"10018","genetics",247,85574337,98.36
"10019","imprisonment",247,85574584,98.36
"10020","incarceration",247,85574831,98.36
"10021","kin",247,85575078,98.36
"10022","lakeside",247,85575325,98.36
"10023","modification",247,85575572,98.36
"10024","monologue",247,85575819,98.36
"10025","narration",247,85576066,98.36
"10026","nutshell",247,85576313,98.36
"10027","occupancy",247,85576560,98.36
"10028","pawn",247,85576807,98.36
"10029","playa",247,85577054,98.36
"10030","refinance",247,85577301,98.36
"10031","ridicule",247,85577548,98.36
"10032","shopper",247,85577795,98.36
"10033","strait",247,85578042,98.36
"10034","systematic",247,85578289,98.36
"10035","candid",246,85578535,98.36
"10036","embarrass",246,85578781,98.36
"10037","firsthand",246,85579027,98.36
"10038","gated",246,85579273,98.36
"10039","gosling",246,85579519,98.36
"10040","guarding",246,85579765,98.36
"10041","hacker",246,85580011,98.36
"10042","handbook",246,85580257,98.36
"10043","larceny",246,85580503,98.36
"10044","mediocrity",246,85580749,98.36
"10045","morocco",246,85580995,98.37
"10046","notwithstanding",246,85581241,98.37
"10047","polled",246,85581487,98.37
"10048","protector",246,85581733,98.37
"10049","racketeering",246,85581979,98.37
"10050","scrapped",246,85582225,98.37
"10051","scrapping",246,85582471,98.37
"10052","scrappy",246,85582717,98.37
"10053","seismic",246,85582963,98.37
"10054","sling",246,85583209,98.37
"10055","splurge",246,85583455,98.37
"10056","submarine",246,85583701,98.37
"10057","ti",246,85583947,98.37
"10058","tinker",246,85584193,98.37
"10059","tumbling",246,85584439,98.37
"10060","unfolded",246,85584685,98.37
"10061","vantage",246,85584931,98.37
"10062","bonfire",245,85585176,98.37
"10063","commercially",245,85585421,98.37
"10064","commonplace",245,85585666,98.37
"10065","counterfeit",245,85585911,98.37
"10066","crock",245,85586156,98.37
"10067","dishonest",245,85586401,98.37
"10068","ecology",245,85586646,98.37
"10069","fret",245,85586891,98.37
"10070","frosted",245,85587136,98.37
"10071","girlie",245,85587381,98.37
"10072","git",245,85587626,98.37
"10073","ko",245,85587871,98.37
"10074","mead",245,85588116,98.37
"10075","methodology",245,85588361,98.37
"10076","moth",245,85588606,98.37
"10077","paradox",245,85588851,98.37
"10078","pasture",245,85589096,98.37
"10079","paving",245,85589341,98.37
"10080","reimbursement",245,85589586,98.38
"10081","sensual",245,85589831,98.38
"10082","stamina",245,85590076,98.38
"10083","synonymous",245,85590321,98.38
"10084","tickle",245,85590566,98.38
"10085","torso",245,85590811,98.38
"10086","vandalism",245,85591056,98.38
"10087","woe",245,85591301,98.38
"10088","blurred",244,85591545,98.38
"10089","complementary",244,85591789,98.38
"10090","crepe",244,85592033,98.38
"10091","experimentation",244,85592277,98.38
"10092","filler",244,85592521,98.38
"10093","imitation",244,85592765,98.38
"10094","infielder",244,85593009,98.38
"10095","irrigation",244,85593253,98.38
"10096","jasper",244,85593497,98.38
"10097","leaping",244,85593741,98.38
"10098","legitimacy",244,85593985,98.38
"10099","midwife",244,85594229,98.38
"10100","oily",244,85594473,98.38
"10101","pebble",244,85594717,98.38
"10102","radiant",244,85594961,98.38
"10103","slayer",244,85595205,98.38
"10104","trashy",244,85595449,98.38
"10105","anguish",243,85595692,98.38
"10106","ariel",243,85595935,98.38
"10107","artistry",243,85596178,98.38
"10108","bedside",243,85596421,98.38
"10109","char",243,85596664,98.38
"10110","churning",243,85596907,98.38
"10111","deliciously",243,85597150,98.38
"10112","detrimental",243,85597393,98.38
"10113","diluted",243,85597636,98.38
"10114","glucose",243,85597879,98.38
"10115","pouch",243,85598122,98.38
"10116","quasi",243,85598365,98.39
"10117","shattering",243,85598608,98.39
"10118","yolk",243,85598851,98.39
"10119","accusation",242,85599093,98.39
"10120","acquainted",242,85599335,98.39
"10121","booklet",242,85599577,98.39
"10122","calves",242,85599819,98.39
"10123","davy",242,85600061,98.39
"10124","finer",242,85600303,98.39
"10125","grounder",242,85600545,98.39
"10126","inexperienced",242,85600787,98.39
"10127","lovable",242,85601029,98.39
"10128","ludicrous",242,85601271,98.39
"10129","rarity",242,85601513,98.39
"10130","rattle",242,85601755,98.39
"10131","ringer",242,85601997,98.39
"10132","robbing",242,85602239,98.39
"10133","spear",242,85602481,98.39
"10134","translucent",242,85602723,98.39
"10135","twinkle",242,85602965,98.39
"10136","undeniable",242,85603207,98.39
"10137","uranium",242,85603449,98.39
"10138","adoptive",241,85603690,98.39
"10139","artery",241,85603931,98.39
"10140","buffer",241,85604172,98.39
"10141","calculation",241,85604413,98.39
"10142","cardiovascular",241,85604654,98.39
"10143","confidently",241,85604895,98.39
"10144","crawfish",241,85605136,98.39
"10145","crippling",241,85605377,98.39
"10146","devoid",241,85605618,98.39
"10147","diligently",241,85605859,98.39
"10148","drumming",241,85606100,98.39
"10149","madame",241,85606341,98.39
"10150","mule",241,85606582,98.39
"10151","murderous",241,85606823,98.39
"10152","ornate",241,85607064,98.4
"10153","plateau",241,85607305,98.4
"10154","readiness",241,85607546,98.4
"10155","reconcile",241,85607787,98.4
"10156","slender",241,85608028,98.4
"10157","sneezing",241,85608269,98.4
"10158","swimmer",241,85608510,98.4
"10159","tarp",241,85608751,98.4
"10160","timid",241,85608992,98.4
"10161","tracker",241,85609233,98.4
"10162","unleash",241,85609474,98.4
"10163","campground",240,85609714,98.4
"10164","contradictory",240,85609954,98.4
"10165","deceptive",240,85610194,98.4
"10166","dreamer",240,85610434,98.4
"10167","endowment",240,85610674,98.4
"10168","fluent",240,85610914,98.4
"10169","frown",240,85611154,98.4
"10170","hilltop",240,85611394,98.4
"10171","hypothesis",240,85611634,98.4
"10172","idiotic",240,85611874,98.4
"10173","punitive",240,85612114,98.4
"10174","roe",240,85612354,98.4
"10175","smug",240,85612594,98.4
"10176","snowfall",240,85612834,98.4
"10177","undone",240,85613074,98.4
"10178","collin",239,85613313,98.4
"10179","crocker",239,85613552,98.4
"10180","disposition",239,85613791,98.4
"10181","feral",239,85614030,98.4
"10182","freeing",239,85614269,98.4
"10183","invade",239,85614508,98.4
"10184","malicious",239,85614747,98.4
"10185","moan",239,85614986,98.4
"10186","nationalism",239,85615225,98.4
"10187","parachute",239,85615464,98.4
"10188","peacock",239,85615703,98.41
"10189","shelly",239,85615942,98.41
"10190","smitten",239,85616181,98.41
"10191","teaming",239,85616420,98.41
"10192","thermal",239,85616659,98.41
"10193","uncanny",239,85616898,98.41
"10194","underworld",239,85617137,98.41
"10195","unlucky",239,85617376,98.41
"10196","usable",239,85617615,98.41
"10197","boneless",238,85617853,98.41
"10198","bret",238,85618091,98.41
"10199","cognac",238,85618329,98.41
"10200","compose",238,85618567,98.41
"10201","cypress",238,85618805,98.41
"10202","deploy",238,85619043,98.41
"10203","distillery",238,85619281,98.41
"10204","frugal",238,85619519,98.41
"10205","immoral",238,85619757,98.41
"10206","lessen",238,85619995,98.41
"10207","override",238,85620233,98.41
"10208","pu",238,85620471,98.41
"10209","solicitor",238,85620709,98.41
"10210","trench",238,85620947,98.41
"10211","ambiguous",237,85621184,98.41
"10212","baguette",237,85621421,98.41
"10213","bookshelf",237,85621658,98.41
"10214","diagnostic",237,85621895,98.41
"10215","meditate",237,85622132,98.41
"10216","motif",237,85622369,98.41
"10217","postpone",237,85622606,98.41
"10218","reckon",237,85622843,98.41
"10219","specialize",237,85623080,98.41
"10220","strewn",237,85623317,98.41
"10221","truthful",237,85623554,98.41
"10222","venerable",237,85623791,98.41
"10223","vibration",237,85624028,98.41
"10224","vitality",237,85624265,98.41
"10225","wondrous",237,85624502,98.42
"10226","alderman",236,85624738,98.42
"10227","apparatus",236,85624974,98.42
"10228","archaeology",236,85625210,98.42
"10229","bale",236,85625446,98.42
"10230","boon",236,85625682,98.42
"10231","bunk",236,85625918,98.42
"10232","comptroller",236,85626154,98.42
"10233","correctness",236,85626390,98.42
"10234","customary",236,85626626,98.42
"10235","digitally",236,85626862,98.42
"10236","discontent",236,85627098,98.42
"10237","disturb",236,85627334,98.42
"10238","handshake",236,85627570,98.42
"10239","jerky",236,85627806,98.42
"10240","knead",236,85628042,98.42
"10241","lackluster",236,85628278,98.42
"10242","outpost",236,85628514,98.42
"10243","pedicure",236,85628750,98.42
"10244","reformed",236,85628986,98.42
"10245","seductive",236,85629222,98.42
"10246","terminate",236,85629458,98.42
"10247","thorn",236,85629694,98.42
"10248","trot",236,85629930,98.42
"10249","unreliable",236,85630166,98.42
"10250","webber",236,85630402,98.42
"10251","winged",236,85630638,98.42
"10252","agility",235,85630873,98.42
"10253","cloak",235,85631108,98.42
"10254","dandy",235,85631343,98.42
"10255","existential",235,85631578,98.42
"10256","fathom",235,85631813,98.42
"10257","fidelity",235,85632048,98.42
"10258","fishy",235,85632283,98.42
"10259","fortress",235,85632518,98.42
"10260","giver",235,85632753,98.42
"10261","headband",235,85632988,98.42
"10262","hypothetical",235,85633223,98.43
"10263","limitless",235,85633458,98.43
"10264","matte",235,85633693,98.43
"10265","melodic",235,85633928,98.43
"10266","nuisance",235,85634163,98.43
"10267","pertaining",235,85634398,98.43
"10268","raping",235,85634633,98.43
"10269","rightfully",235,85634868,98.43
"10270","sanitation",235,85635103,98.43
"10271","screenwriter",235,85635338,98.43
"10272","sellout",235,85635573,98.43
"10273","sewed",235,85635808,98.43
"10274","sorely",235,85636043,98.43
"10275","anchorage",234,85636277,98.43
"10276","bonded",234,85636511,98.43
"10277","brawl",234,85636745,98.43
"10278","conner",234,85636979,98.43
"10279","convict",234,85637213,98.43
"10280","extinction",234,85637447,98.43
"10281","faction",234,85637681,98.43
"10282","fledgling",234,85637915,98.43
"10283","frat",234,85638149,98.43
"10284","instability",234,85638383,98.43
"10285","lightening",234,85638617,98.43
"10286","negligence",234,85638851,98.43
"10287","pillar",234,85639085,98.43
"10288","presumptive",234,85639319,98.43
"10289","qualifier",234,85639553,98.43
"10290","stagnant",234,85639787,98.43
"10291","truthfully",234,85640021,98.43
"10292","turbine",234,85640255,98.43
"10293","backlog",233,85640488,98.43
"10294","compulsive",233,85640721,98.43
"10295","conservancy",233,85640954,98.43
"10296","contentment",233,85641187,98.43
"10297","decreasing",233,85641420,98.43
"10298","introductory",233,85641653,98.43
"10299","levee",233,85641886,98.44
"10300","roi",233,85642119,98.44
"10301","systemic",233,85642352,98.44
"10302","toothpick",233,85642585,98.44
"10303","vigilant",233,85642818,98.44
"10304","benign",232,85643050,98.44
"10305","bloke",232,85643282,98.44
"10306","courier",232,85643514,98.44
"10307","decked",232,85643746,98.44
"10308","faithfully",232,85643978,98.44
"10309","goldfish",232,85644210,98.44
"10310","howl",232,85644442,98.44
"10311","indicative",232,85644674,98.44
"10312","interrogation",232,85644906,98.44
"10313","napkin",232,85645138,98.44
"10314","netted",232,85645370,98.44
"10315","nineteen",232,85645602,98.44
"10316","perfected",232,85645834,98.44
"10317","picturesque",232,85646066,98.44
"10318","plow",232,85646298,98.44
"10319","plugging",232,85646530,98.44
"10320","primal",232,85646762,98.44
"10321","sow",232,85646994,98.44
"10322","terminology",232,85647226,98.44
"10323","tinted",232,85647458,98.44
"10324","visibly",232,85647690,98.44
"10325","adept",231,85647921,98.44
"10326","affinity",231,85648152,98.44
"10327","affirmative",231,85648383,98.44
"10328","agile",231,85648614,98.44
"10329","alcoholism",231,85648845,98.44
"10330","battalion",231,85649076,98.44
"10331","blocker",231,85649307,98.44
"10332","bookmark",231,85649538,98.44
"10333","bulky",231,85649769,98.44
"10334","chimney",231,85650000,98.44
"10335","disparate",231,85650231,98.44
"10336","dribble",231,85650462,98.45
"10337","eddy",231,85650693,98.45
"10338","erratic",231,85650924,98.45
"10339","extremist",231,85651155,98.45
"10340","grinning",231,85651386,98.45
"10341","imaginable",231,85651617,98.45
"10342","infantry",231,85651848,98.45
"10343","iso",231,85652079,98.45
"10344","knockout",231,85652310,98.45
"10345","likable",231,85652541,98.45
"10346","morse",231,85652772,98.45
"10347","mower",231,85653003,98.45
"10348","nu",231,85653234,98.45
"10349","para",231,85653465,98.45
"10350","predicament",231,85653696,98.45
"10351","punter",231,85653927,98.45
"10352","reorganization",231,85654158,98.45
"10353","sharper",231,85654389,98.45
"10354","statutory",231,85654620,98.45
"10355","subdivision",231,85654851,98.45
"10356","swimsuit",231,85655082,98.45
"10357","accumulate",230,85655312,98.45
"10358","analytical",230,85655542,98.45
"10359","aptly",230,85655772,98.45
"10360","bitters",230,85656002,98.45
"10361","ceremonial",230,85656232,98.45
"10362","consolidate",230,85656462,98.45
"10363","corral",230,85656692,98.45
"10364","cosmos",230,85656922,98.45
"10365","diddy",230,85657152,98.45
"10366","elliptical",230,85657382,98.45
"10367","exaggeration",230,85657612,98.45
"10368","lube",230,85657842,98.45
"10369","molasses",230,85658072,98.45
"10370","pizzeria",230,85658302,98.45
"10371","refinery",230,85658532,98.45
"10372","reindeer",230,85658762,98.45
"10373","reluctance",230,85658992,98.45
"10374","scratches",230,85659222,98.46
"10375","sinner",230,85659452,98.46
"10376","slater",230,85659682,98.46
"10377","throttle",230,85659912,98.46
"10378","typewriter",230,85660142,98.46
"10379","appliance",229,85660371,98.46
"10380","birthplace",229,85660600,98.46
"10381","breadth",229,85660829,98.46
"10382","bu",229,85661058,98.46
"10383","conditional",229,85661287,98.46
"10384","futuristic",229,85661516,98.46
"10385","grenade",229,85661745,98.46
"10386","gutter",229,85661974,98.46
"10387","howling",229,85662203,98.46
"10388","illicit",229,85662432,98.46
"10389","inauguration",229,85662661,98.46
"10390","inward",229,85662890,98.46
"10391","lilac",229,85663119,98.46
"10392","moderator",229,85663348,98.46
"10393","nix",229,85663577,98.46
"10394","otto",229,85663806,98.46
"10395","poisonous",229,85664035,98.46
"10396","proprietary",229,85664264,98.46
"10397","skid",229,85664493,98.46
"10398","slumber",229,85664722,98.46
"10399","sniffing",229,85664951,98.46
"10400","staffed",229,85665180,98.46
"10401","storyteller",229,85665409,98.46
"10402","faithfulness",228,85665637,98.46
"10403","flannel",228,85665865,98.46
"10404","hurried",228,85666093,98.46
"10405","malaria",228,85666321,98.46
"10406","rut",228,85666549,98.46
"10407","solemn",228,85666777,98.46
"10408","stationary",228,85667005,98.46
"10409","substantive",228,85667233,98.46
"10410","tout",228,85667461,98.46
"10411","weld",228,85667689,98.46
"10412","academically",227,85667916,98.47
"10413","accredited",227,85668143,98.47
"10414","allocation",227,85668370,98.47
"10415","aspirin",227,85668597,98.47
"10416","audible",227,85668824,98.47
"10417","bulldog",227,85669051,98.47
"10418","clover",227,85669278,98.47
"10419","decency",227,85669505,98.47
"10420","dun",227,85669732,98.47
"10421","enlightening",227,85669959,98.47
"10422","marginal",227,85670186,98.47
"10423","mystic",227,85670413,98.47
"10424","paraphernalia",227,85670640,98.47
"10425","pathway",227,85670867,98.47
"10426","persuasion",227,85671094,98.47
"10427","toaster",227,85671321,98.47
"10428","vulgar",227,85671548,98.47
"10429","weighted",227,85671775,98.47
"10430","workday",227,85672002,98.47
"10431","apache",226,85672228,98.47
"10432","birch",226,85672454,98.47
"10433","blackboard",226,85672680,98.47
"10434","botched",226,85672906,98.47
"10435","calculating",226,85673132,98.47
"10436","calculator",226,85673358,98.47
"10437","chard",226,85673584,98.47
"10438","distraught",226,85673810,98.47
"10439","erosion",226,85674036,98.47
"10440","eviction",226,85674262,98.47
"10441","fad",226,85674488,98.47
"10442","hinder",226,85674714,98.47
"10443","holiness",226,85674940,98.47
"10444","kayak",226,85675166,98.47
"10445","lawful",226,85675392,98.47
"10446","learner",226,85675618,98.47
"10447","onslaught",226,85675844,98.47
"10448","oppressive",226,85676070,98.47
"10449","presume",226,85676296,98.47
"10450","receptionist",226,85676522,98.47
"10451","smear",226,85676748,98.48
"10452","sorority",226,85676974,98.48
"10453","tendon",226,85677200,98.48
"10454","tumultuous",226,85677426,98.48
"10455","unbeaten",226,85677652,98.48
"10456","adjustable",225,85677877,98.48
"10457","blushing",225,85678102,98.48
"10458","buggy",225,85678327,98.48
"10459","hookah",225,85678552,98.48
"10460","improbable",225,85678777,98.48
"10461","misled",225,85679002,98.48
"10462","peed",225,85679227,98.48
"10463","plasma",225,85679452,98.48
"10464","plastics",225,85679677,98.48
"10465","proclamation",225,85679902,98.48
"10466","railing",225,85680127,98.48
"10467","respite",225,85680352,98.48
"10468","rousing",225,85680577,98.48
"10469","secretive",225,85680802,98.48
"10470","trampoline",225,85681027,98.48
"10471","blindly",224,85681251,98.48
"10472","bogey",224,85681475,98.48
"10473","bullock",224,85681699,98.48
"10474","continual",224,85681923,98.48
"10475","cultivated",224,85682147,98.48
"10476","descend",224,85682371,98.48
"10477","emulate",224,85682595,98.48
"10478","extortion",224,85682819,98.48
"10479","foray",224,85683043,98.48
"10480","han",224,85683267,98.48
"10481","healthful",224,85683491,98.48
"10482","hound",224,85683715,98.48
"10483","lotto",224,85683939,98.48
"10484","momentarily",224,85684163,98.48
"10485","mow",224,85684387,98.48
"10486","municipality",224,85684611,98.48
"10487","orderly",224,85684835,98.48
"10488","punctuation",224,85685059,98.48
"10489","renovate",224,85685283,98.49
"10490","runny",224,85685507,98.49
"10491","snob",224,85685731,98.49
"10492","textile",224,85685955,98.49
"10493","triad",224,85686179,98.49
"10494","viability",224,85686403,98.49
"10495","virginity",224,85686627,98.49
"10496","wildcat",224,85686851,98.49
"10497","wishful",224,85687075,98.49
"10498","administer",223,85687298,98.49
"10499","ancestry",223,85687521,98.49
"10500","apprehension",223,85687744,98.49
"10501","balboa",223,85687967,98.49
"10502","barb",223,85688190,98.49
"10503","boiler",223,85688413,98.49
"10504","brochure",223,85688636,98.49
"10505","channeling",223,85688859,98.49
"10506","confidentiality",223,85689082,98.49
"10507","descriptive",223,85689305,98.49
"10508","expenditure",223,85689528,98.49
"10509","fullness",223,85689751,98.49
"10510","garrison",223,85689974,98.49
"10511","insurer",223,85690197,98.49
"10512","mani",223,85690420,98.49
"10513","mirrored",223,85690643,98.49
"10514","moo",223,85690866,98.49
"10515","obscene",223,85691089,98.49
"10516","oceanside",223,85691312,98.49
"10517","perjury",223,85691535,98.49
"10518","siding",223,85691758,98.49
"10519","slashing",223,85691981,98.49
"10520","storied",223,85692204,98.49
"10521","synagogue",223,85692427,98.49
"10522","vegetation",223,85692650,98.49
"10523","volcanic",223,85692873,98.49
"10524","accreditation",222,85693095,98.49
"10525","arraignment",222,85693317,98.49
"10526","bison",222,85693539,98.49
"10527","campfire",222,85693761,98.49
"10528","casket",222,85693983,98.5
"10529","conceive",222,85694205,98.5
"10530","covert",222,85694427,98.5
"10531","enrichment",222,85694649,98.5
"10532","fend",222,85694871,98.5
"10533","flier",222,85695093,98.5
"10534","folly",222,85695315,98.5
"10535","geographical",222,85695537,98.5
"10536","hazelnut",222,85695759,98.5
"10537","horrid",222,85695981,98.5
"10538","kai",222,85696203,98.5
"10539","lagoon",222,85696425,98.5
"10540","liqueur",222,85696647,98.5
"10541","nitrogen",222,85696869,98.5
"10542","obligatory",222,85697091,98.5
"10543","perpetually",222,85697313,98.5
"10544","sunburn",222,85697535,98.5
"10545","unsuspecting",222,85697757,98.5
"10546","violinist",222,85697979,98.5
"10547","antitrust",221,85698200,98.5
"10548","clientele",221,85698421,98.5
"10549","conceptual",221,85698642,98.5
"10550","concoction",221,85698863,98.5
"10551","darts",221,85699084,98.5
"10552","downgrade",221,85699305,98.5
"10553","envious",221,85699526,98.5
"10554","hickory",221,85699747,98.5
"10555","homey",221,85699968,98.5
"10556","intellectually",221,85700189,98.5
"10557","onetime",221,85700410,98.5
"10558","procurement",221,85700631,98.5
"10559","raucous",221,85700852,98.5
"10560","rewind",221,85701073,98.5
"10561","shuffling",221,85701294,98.5
"10562","slacker",221,85701515,98.5
"10563","somber",221,85701736,98.5
"10564","successive",221,85701957,98.5
"10565","symbolism",221,85702178,98.5
"10566","tonic",221,85702399,98.5
"10567","vie",221,85702620,98.5
"10568","volatility",221,85702841,98.51
"10569","waterproof",221,85703062,98.51
"10570","abrupt",220,85703282,98.51
"10571","argentine",220,85703502,98.51
"10572","blindness",220,85703722,98.51
"10573","candied",220,85703942,98.51
"10574","clive",220,85704162,98.51
"10575","das",220,85704382,98.51
"10576","fondness",220,85704602,98.51
"10577","fruitful",220,85704822,98.51
"10578","manually",220,85705042,98.51
"10579","polenta",220,85705262,98.51
"10580","prune",220,85705482,98.51
"10581","psychotic",220,85705702,98.51
"10582","sensed",220,85705922,98.51
"10583","senseless",220,85706142,98.51
"10584","sobriety",220,85706362,98.51
"10585","strife",220,85706582,98.51
"10586","thyroid",220,85706802,98.51
"10587","trance",220,85707022,98.51
"10588","abigail",219,85707241,98.51
"10589","acupuncture",219,85707460,98.51
"10590","altercation",219,85707679,98.51
"10591","anthropology",219,85707898,98.51
"10592","ascension",219,85708117,98.51
"10593","barrage",219,85708336,98.51
"10594","conserve",219,85708555,98.51
"10595","crept",219,85708774,98.51
"10596","faucet",219,85708993,98.51
"10597","fullback",219,85709212,98.51
"10598","howe",219,85709431,98.51
"10599","inject",219,85709650,98.51
"10600","juror",219,85709869,98.51
"10601","loathing",219,85710088,98.51
"10602","mellon",219,85710307,98.51
"10603","monstrous",219,85710526,98.51
"10604","mores",219,85710745,98.51
"10605","mythical",219,85710964,98.51
"10606","nexus",219,85711183,98.51
"10607","overwhelm",219,85711402,98.52
"10608","rosy",219,85711621,98.52
"10609","simplified",219,85711840,98.52
"10610","vying",219,85712059,98.52
"10611","wally",219,85712278,98.52
"10612","whomever",219,85712497,98.52
"10613","abdomen",218,85712715,98.52
"10614","awaken",218,85712933,98.52
"10615","battleground",218,85713151,98.52
"10616","blatantly",218,85713369,98.52
"10617","chirping",218,85713587,98.52
"10618","circled",218,85713805,98.52
"10619","cline",218,85714023,98.52
"10620","dab",218,85714241,98.52
"10621","deity",218,85714459,98.52
"10622","devour",218,85714677,98.52
"10623","extravagant",218,85714895,98.52
"10624","furcal",218,85715113,98.52
"10625","greyhound",218,85715331,98.52
"10626","grizzly",218,85715549,98.52
"10627","ledge",218,85715767,98.52
"10628","medically",218,85715985,98.52
"10629","mistletoe",218,85716203,98.52
"10630","ostensibly",218,85716421,98.52
"10631","parrot",218,85716639,98.52
"10632","patchwork",218,85716857,98.52
"10633","seaweed",218,85717075,98.52
"10634","spec",218,85717293,98.52
"10635","warranted",218,85717511,98.52
"10636","werewolf",218,85717729,98.52
"10637","wrongful",218,85717947,98.52
"10638","abandonment",217,85718164,98.52
"10639","admiring",217,85718381,98.52
"10640","aquatic",217,85718598,98.52
"10641","archery",217,85718815,98.52
"10642","dashing",217,85719032,98.52
"10643","furnished",217,85719249,98.52
"10644","goddard",217,85719466,98.52
"10645","goody",217,85719683,98.52
"10646","indulgence",217,85719900,98.52
"10647","optimist",217,85720117,98.53
"10648","pendant",217,85720334,98.53
"10649","projecting",217,85720551,98.53
"10650","relive",217,85720768,98.53
"10651","resurgence",217,85720985,98.53
"10652","revolt",217,85721202,98.53
"10653","scraped",217,85721419,98.53
"10654","sprinkling",217,85721636,98.53
"10655","tipsy",217,85721853,98.53
"10656","trolling",217,85722070,98.53
"10657","trucking",217,85722287,98.53
"10658","undertake",217,85722504,98.53
"10659","wheeled",217,85722721,98.53
"10660","zeppelin",217,85722938,98.53
"10661","absentee",216,85723154,98.53
"10662","accompaniment",216,85723370,98.53
"10663","antenna",216,85723586,98.53
"10664","authorization",216,85723802,98.53
"10665","bookshop",216,85724018,98.53
"10666","catalina",216,85724234,98.53
"10667","crucified",216,85724450,98.53
"10668","fascism",216,85724666,98.53
"10669","flaky",216,85724882,98.53
"10670","frail",216,85725098,98.53
"10671","generational",216,85725314,98.53
"10672","gummy",216,85725530,98.53
"10673","pastoral",216,85725746,98.53
"10674","posse",216,85725962,98.53
"10675","quits",216,85726178,98.53
"10676","readership",216,85726394,98.53
"10677","saver",216,85726610,98.53
"10678","spawn",216,85726826,98.53
"10679","tantrum",216,85727042,98.53
"10680","erika",215,85727257,98.53
"10681","exhale",215,85727472,98.53
"10682","expletive",215,85727687,98.53
"10683","hypocritical",215,85727902,98.53
"10684","jubilee",215,85728117,98.53
"10685","procedural",215,85728332,98.53
"10686","residue",215,85728547,98.53
"10687","rotting",215,85728762,98.54
"10688","simplistic",215,85728977,98.54
"10689","squared",215,85729192,98.54
"10690","squarely",215,85729407,98.54
"10691","starve",215,85729622,98.54
"10692","stereotypical",215,85729837,98.54
"10693","subpoena",215,85730052,98.54
"10694","swapping",215,85730267,98.54
"10695","tattered",215,85730482,98.54
"10696","unison",215,85730697,98.54
"10697","unsigned",215,85730912,98.54
"10698","wildfire",215,85731127,98.54
"10699","abolish",214,85731341,98.54
"10700","apathy",214,85731555,98.54
"10701","bidder",214,85731769,98.54
"10702","biologist",214,85731983,98.54
"10703","crater",214,85732197,98.54
"10704","cruiser",214,85732411,98.54
"10705","defect",214,85732625,98.54
"10706","disparity",214,85732839,98.54
"10707","excite",214,85733053,98.54
"10708","heinous",214,85733267,98.54
"10709","inactive",214,85733481,98.54
"10710","inconvenient",214,85733695,98.54
"10711","involuntary",214,85733909,98.54
"10712","jarring",214,85734123,98.54
"10713","jug",214,85734337,98.54
"10714","mamma",214,85734551,98.54
"10715","mysteriously",214,85734765,98.54
"10716","penetrate",214,85734979,98.54
"10717","proficiency",214,85735193,98.54
"10718","reassure",214,85735407,98.54
"10719","sheltered",214,85735621,98.54
"10720","shocker",214,85735835,98.54
"10721","slugger",214,85736049,98.54
"10722","snagged",214,85736263,98.54
"10723","tenderness",214,85736477,98.54
"10724","tickled",214,85736691,98.54
"10725","bop",213,85736904,98.54
"10726","brim",213,85737117,98.54
"10727","cohesive",213,85737330,98.54
"10728","dictatorship",213,85737543,98.55
"10729","eloquent",213,85737756,98.55
"10730","enlarge",213,85737969,98.55
"10731","entertainer",213,85738182,98.55
"10732","irregular",213,85738395,98.55
"10733","overseen",213,85738608,98.55
"10734","peeve",213,85738821,98.55
"10735","plucked",213,85739034,98.55
"10736","pulpit",213,85739247,98.55
"10737","turmeric",213,85739460,98.55
"10738","unethical",213,85739673,98.55
"10739","abdominal",212,85739885,98.55
"10740","acclaim",212,85740097,98.55
"10741","ax",212,85740309,98.55
"10742","bode",212,85740521,98.55
"10743","bracing",212,85740733,98.55
"10744","burt",212,85740945,98.55
"10745","chevron",212,85741157,98.55
"10746","cram",212,85741369,98.55
"10747","crusade",212,85741581,98.55
"10748","curt",212,85741793,98.55
"10749","despicable",212,85742005,98.55
"10750","discriminate",212,85742217,98.55
"10751","equestrian",212,85742429,98.55
"10752","exceedingly",212,85742641,98.55
"10753","extinct",212,85742853,98.55
"10754","flanked",212,85743065,98.55
"10755","glover",212,85743277,98.55
"10756","incompetence",212,85743489,98.55
"10757","ineligible",212,85743701,98.55
"10758","irritation",212,85743913,98.55
"10759","maverick",212,85744125,98.55
"10760","metropolis",212,85744337,98.55
"10761","novella",212,85744549,98.55
"10762","partake",212,85744761,98.55
"10763","pooped",212,85744973,98.55
"10764","rebellious",212,85745185,98.55
"10765","rectangular",212,85745397,98.55
"10766","satisfactory",212,85745609,98.55
"10767","shortening",212,85745821,98.55
"10768","snowflake",212,85746033,98.55
"10769","steen",212,85746245,98.56
"10770","suppression",212,85746457,98.56
"10771","tripod",212,85746669,98.56
"10772","unnecessarily",212,85746881,98.56
"10773","vocational",212,85747093,98.56
"10774","assertive",211,85747304,98.56
"10775","authoritarian",211,85747515,98.56
"10776","cheeky",211,85747726,98.56
"10777","coincide",211,85747937,98.56
"10778","deductible",211,85748148,98.56
"10779","distrust",211,85748359,98.56
"10780","emery",211,85748570,98.56
"10781","inhabit",211,85748781,98.56
"10782","interchange",211,85748992,98.56
"10783","invalid",211,85749203,98.56
"10784","jaded",211,85749414,98.56
"10785","madly",211,85749625,98.56
"10786","miserably",211,85749836,98.56
"10787","pilgrimage",211,85750047,98.56
"10788","recharge",211,85750258,98.56
"10789","reverence",211,85750469,98.56
"10790","scalp",211,85750680,98.56
"10791","segregation",211,85750891,98.56
"10792","skewed",211,85751102,98.56
"10793","swayed",211,85751313,98.56
"10794","trembling",211,85751524,98.56
"10795","triumphant",211,85751735,98.56
"10796","calculus",210,85751945,98.56
"10797","cleverly",210,85752155,98.56
"10798","clinch",210,85752365,98.56
"10799","eternally",210,85752575,98.56
"10800","fruition",210,85752785,98.56
"10801","inexplicably",210,85752995,98.56
"10802","jolt",210,85753205,98.56
"10803","knob",210,85753415,98.56
"10804","neurological",210,85753625,98.56
"10805","oblivion",210,85753835,98.56
"10806","ode",210,85754045,98.56
"10807","outpouring",210,85754255,98.56
"10808","plainly",210,85754465,98.56
"10809","pupil",210,85754675,98.56
"10810","puzzling",210,85754885,98.57
"10811","reins",210,85755095,98.57
"10812","scant",210,85755305,98.57
"10813","shalt",210,85755515,98.57
"10814","sobering",210,85755725,98.57
"10815","starved",210,85755935,98.57
"10816","tidal",210,85756145,98.57
"10817","wilt",210,85756355,98.57
"10818","ambient",209,85756564,98.57
"10819","annoyance",209,85756773,98.57
"10820","baroque",209,85756982,98.57
"10821","concur",209,85757191,98.57
"10822","conversely",209,85757400,98.57
"10823","decree",209,85757609,98.57
"10824","deprivation",209,85757818,98.57
"10825","gaping",209,85758027,98.57
"10826","instinctively",209,85758236,98.57
"10827","joker",209,85758445,98.57
"10828","lament",209,85758654,98.57
"10829","malpractice",209,85758863,98.57
"10830","perish",209,85759072,98.57
"10831","ploy",209,85759281,98.57
"10832","plummer",209,85759490,98.57
"10833","procrastinating",209,85759699,98.57
"10834","refine",209,85759908,98.57
"10835","sparse",209,85760117,98.57
"10836","standoff",209,85760326,98.57
"10837","therein",209,85760535,98.57
"10838","accommodating",208,85760743,98.57
"10839","barren",208,85760951,98.57
"10840","carbonation",208,85761159,98.57
"10841","comical",208,85761367,98.57
"10842","cyclist",208,85761575,98.57
"10843","finch",208,85761783,98.57
"10844","flushing",208,85761991,98.57
"10845","frivolous",208,85762199,98.57
"10846","gong",208,85762407,98.57
"10847","inaction",208,85762615,98.57
"10848","otter",208,85762823,98.57
"10849","outburst",208,85763031,98.57
"10850","pertinent",208,85763239,98.57
"10851","rabid",208,85763447,98.57
"10852","solstice",208,85763655,98.58
"10853","stealth",208,85763863,98.58
"10854","teary",208,85764071,98.58
"10855","turbulent",208,85764279,98.58
"10856","unrestricted",208,85764487,98.58
"10857","abduction",207,85764694,98.58
"10858","axis",207,85764901,98.58
"10859","beetle",207,85765108,98.58
"10860","broaden",207,85765315,98.58
"10861","caveat",207,85765522,98.58
"10862","dal",207,85765729,98.58
"10863","differentiate",207,85765936,98.58
"10864","diligent",207,85766143,98.58
"10865","doily",207,85766350,98.58
"10866","ecological",207,85766557,98.58
"10867","emptiness",207,85766764,98.58
"10868","enhancement",207,85766971,98.58
"10869","fetched",207,85767178,98.58
"10870","firefly",207,85767385,98.58
"10871","gratification",207,85767592,98.58
"10872","gratifying",207,85767799,98.58
"10873","grieve",207,85768006,98.58
"10874","gulp",207,85768213,98.58
"10875","handicapped",207,85768420,98.58
"10876","hastily",207,85768627,98.58
"10877","loom",207,85768834,98.58
"10878","miraculously",207,85769041,98.58
"10879","misuse",207,85769248,98.58
"10880","moniker",207,85769455,98.58
"10881","motorist",207,85769662,98.58
"10882","noticeably",207,85769869,98.58
"10883","pruning",207,85770076,98.58
"10884","recount",207,85770283,98.58
"10885","reunite",207,85770490,98.58
"10886","soothe",207,85770697,98.58
"10887","steamy",207,85770904,98.58
"10888","stewardship",207,85771111,98.58
"10889","unruly",207,85771318,98.58
"10890","untrue",207,85771525,98.58
"10891","whereby",207,85771732,98.58
"10892","acceleration",206,85771938,98.58
"10893","baba",206,85772144,98.58
"10894","bilingual",206,85772350,98.59
"10895","brittle",206,85772556,98.59
"10896","chipper",206,85772762,98.59
"10897","compression",206,85772968,98.59
"10898","couscous",206,85773174,98.59
"10899","dashed",206,85773380,98.59
"10900","deathly",206,85773586,98.59
"10901","evacuate",206,85773792,98.59
"10902","fetus",206,85773998,98.59
"10903","forgo",206,85774204,98.59
"10904","kiwi",206,85774410,98.59
"10905","loo",206,85774616,98.59
"10906","obedient",206,85774822,98.59
"10907","patriotism",206,85775028,98.59
"10908","pegged",206,85775234,98.59
"10909","purge",206,85775440,98.59
"10910","refining",206,85775646,98.59
"10911","reputable",206,85775852,98.59
"10912","rhythmic",206,85776058,98.59
"10913","shone",206,85776264,98.59
"10914","sigma",206,85776470,98.59
"10915","silicone",206,85776676,98.59
"10916","snowstorm",206,85776882,98.59
"10917","adjoining",205,85777087,98.59
"10918","ape",205,85777292,98.59
"10919","boomer",205,85777497,98.59
"10920","che",205,85777702,98.59
"10921","contraction",205,85777907,98.59
"10922","cunning",205,85778112,98.59
"10923","gleaming",205,85778317,98.59
"10924","infertility",205,85778522,98.59
"10925","lob",205,85778727,98.59
"10926","magnum",205,85778932,98.59
"10927","mullet",205,85779137,98.59
"10928","observatory",205,85779342,98.59
"10929","projector",205,85779547,98.59
"10930","recite",205,85779752,98.59
"10931","repent",205,85779957,98.59
"10932","shudder",205,85780162,98.59
"10933","similarity",205,85780367,98.59
"10934","slugging",205,85780572,98.59
"10935","sprite",205,85780777,98.59
"10936","surpass",205,85780982,98.6
"10937","unwind",205,85781187,98.6
"10938","vanguard",205,85781392,98.6
"10939","youngster",205,85781597,98.6
"10940","bock",204,85781801,98.6
"10941","breathless",204,85782005,98.6
"10942","cavity",204,85782209,98.6
"10943","choreographer",204,85782413,98.6
"10944","collier",204,85782617,98.6
"10945","davenport",204,85782821,98.6
"10946","effortless",204,85783025,98.6
"10947","epicenter",204,85783229,98.6
"10948","footed",204,85783433,98.6
"10949","gracefully",204,85783637,98.6
"10950","marge",204,85783841,98.6
"10951","mastermind",204,85784045,98.6
"10952","misfortune",204,85784249,98.6
"10953","overthrow",204,85784453,98.6
"10954","recollection",204,85784657,98.6
"10955","shaded",204,85784861,98.6
"10956","sic",204,85785065,98.6
"10957","soc",204,85785269,98.6
"10958","streamline",204,85785473,98.6
"10959","streamlined",204,85785677,98.6
"10960","unravel",204,85785881,98.6
"10961","zinfandel",204,85786085,98.6
"10962","actuality",203,85786288,98.6
"10963","alternately",203,85786491,98.6
"10964","approximate",203,85786694,98.6
"10965","berg",203,85786897,98.6
"10966","chia",203,85787100,98.6
"10967","comprehension",203,85787303,98.6
"10968","configuration",203,85787506,98.6
"10969","coz",203,85787709,98.6
"10970","drugstore",203,85787912,98.6
"10971","economical",203,85788115,98.6
"10972","electro",203,85788318,98.6
"10973","lamented",203,85788521,98.6
"10974","laughable",203,85788724,98.6
"10975","lea",203,85788927,98.6
"10976","mare",203,85789130,98.6
"10977","om",203,85789333,98.6
"10978","provoke",203,85789536,98.6
"10979","realist",203,85789739,98.61
"10980","shredding",203,85789942,98.61
"10981","slacking",203,85790145,98.61
"10982","sundae",203,85790348,98.61
"10983","torment",203,85790551,98.61
"10984","transporting",203,85790754,98.61
"10985","zinc",203,85790957,98.61
"10986","alamo",202,85791159,98.61
"10987","ambience",202,85791361,98.61
"10988","backside",202,85791563,98.61
"10989","blinking",202,85791765,98.61
"10990","casualty",202,85791967,98.61
"10991","clipped",202,85792169,98.61
"10992","clove",202,85792371,98.61
"10993","composure",202,85792573,98.61
"10994","enrich",202,85792775,98.61
"10995","furiously",202,85792977,98.61
"10996","gimmick",202,85793179,98.61
"10997","grinder",202,85793381,98.61
"10998","hoarding",202,85793583,98.61
"10999","hoax",202,85793785,98.61
"11000","illuminating",202,85793987,98.61
"11001","kennel",202,85794189,98.61
"11002","ranting",202,85794391,98.61
"11003","reinvent",202,85794593,98.61
"11004","revamp",202,85794795,98.61
"11005","safeguard",202,85794997,98.61
"11006","shah",202,85795199,98.61
"11007","stepfather",202,85795401,98.61
"11008","suppressed",202,85795603,98.61
"11009","wholeheartedly",202,85795805,98.61
"11010","astronomy",201,85796006,98.61
"11011","confinement",201,85796207,98.61
"11012","imitate",201,85796408,98.61
"11013","landslide",201,85796609,98.61
"11014","logically",201,85796810,98.61
"11015","massively",201,85797011,98.61
"11016","masterful",201,85797212,98.61
"11017","militia",201,85797413,98.61
"11018","muller",201,85797614,98.61
"11019","pumper",201,85797815,98.61
"11020","recoup",201,85798016,98.61
"11021","sighted",201,85798217,98.61
"11022","soleil",201,85798418,98.62
"11023","taft",201,85798619,98.62
"11024","theoretically",201,85798820,98.62
"11025","undermining",201,85799021,98.62
"11026","unjust",201,85799222,98.62
"11027","unsalted",201,85799423,98.62
"11028","audacity",200,85799623,98.62
"11029","colossal",200,85799823,98.62
"11030","deduction",200,85800023,98.62
"11031","diss",200,85800223,98.62
"11032","esoteric",200,85800423,98.62
"11033","extracted",200,85800623,98.62
"11034","feeder",200,85800823,98.62
"11035","finalize",200,85801023,98.62
"11036","fraught",200,85801223,98.62
"11037","godly",200,85801423,98.62
"11038","impasse",200,85801623,98.62
"11039","incubator",200,85801823,98.62
"11040","indulgent",200,85802023,98.62
"11041","knitted",200,85802223,98.62
"11042","limestone",200,85802423,98.62
"11043","obstruction",200,85802623,98.62
"11044","positivity",200,85802823,98.62
"11045","rattling",200,85803023,98.62
"11046","rebate",200,85803223,98.62
"11047","revolve",200,85803423,98.62
"11048","shorten",200,85803623,98.62
"11049","skyscraper",200,85803823,98.62
"11050","stung",200,85804023,98.62
"11051","tarot",200,85804223,98.62
"11052","tracing",200,85804423,98.62
"11053","untold",200,85804623,98.62
"11054","vino",200,85804823,98.62
"11055","wartime",200,85805023,98.62
"11056","wept",200,85805223,98.62
"11057","authorize",199,85805422,98.62
"11058","captivity",199,85805621,98.62
"11059","compile",199,85805820,98.62
"11060","crusted",199,85806019,98.62
"11061","cynicism",199,85806218,98.62
"11062","delusion",199,85806417,98.62
"11063","doable",199,85806616,98.62
"11064","enormously",199,85806815,98.62
"11065","interval",199,85807014,98.62
"11066","leach",199,85807213,98.63
"11067","matinee",199,85807412,98.63
"11068","matta",199,85807611,98.63
"11069","memorize",199,85807810,98.63
"11070","nan",199,85808009,98.63
"11071","norma",199,85808208,98.63
"11072","potluck",199,85808407,98.63
"11073","receptive",199,85808606,98.63
"11074","shamrock",199,85808805,98.63
"11075","stoop",199,85809004,98.63
"11076","superiority",199,85809203,98.63
"11077","telescope",199,85809402,98.63
"11078","tragically",199,85809601,98.63
"11079","troublesome",199,85809800,98.63
"11080","wasabi",199,85809999,98.63
"11081","wrench",199,85810198,98.63
"11082","wrinkle",199,85810397,98.63
"11083","acidic",198,85810595,98.63
"11084","asbestos",198,85810793,98.63
"11085","babbitt",198,85810991,98.63
"11086","delinquent",198,85811189,98.63
"11087","extraction",198,85811387,98.63
"11088","fetal",198,85811585,98.63
"11089","flagstaff",198,85811783,98.63
"11090","footnote",198,85811981,98.63
"11091","hooded",198,85812179,98.63
"11092","imagines",198,85812377,98.63
"11093","immaculate",198,85812575,98.63
"11094","jock",198,85812773,98.63
"11095","mathematical",198,85812971,98.63
"11096","midget",198,85813169,98.63
"11097","noun",198,85813367,98.63
"11098","preparedness",198,85813565,98.63
"11099","prodigy",198,85813763,98.63
"11100","scaling",198,85813961,98.63
"11101","shadowy",198,85814159,98.63
"11102","spence",198,85814357,98.63
"11103","algae",197,85814554,98.63
"11104","alternatively",197,85814751,98.63
"11105","characterization",197,85814948,98.63
"11106","choral",197,85815145,98.63
"11107","contra",197,85815342,98.63
"11108","dentistry",197,85815539,98.63
"11109","dollop",197,85815736,98.64
"11110","emeritus",197,85815933,98.64
"11111","epitome",197,85816130,98.64
"11112","fateful",197,85816327,98.64
"11113","fooling",197,85816524,98.64
"11114","foreseeable",197,85816721,98.64
"11115","hamster",197,85816918,98.64
"11116","incense",197,85817115,98.64
"11117","interfering",197,85817312,98.64
"11118","meteorologist",197,85817509,98.64
"11119","palpable",197,85817706,98.64
"11120","petit",197,85817903,98.64
"11121","protester",197,85818100,98.64
"11122","regulator",197,85818297,98.64
"11123","revolver",197,85818494,98.64
"11124","romp",197,85818691,98.64
"11125","stun",197,85818888,98.64
"11126","unpublished",197,85819085,98.64
"11127","wheeling",197,85819282,98.64
"11128","whooping",197,85819479,98.64
"11129","accumulation",196,85819675,98.64
"11130","adolescence",196,85819871,98.64
"11131","alluring",196,85820067,98.64
"11132","caviar",196,85820263,98.64
"11133","chico",196,85820459,98.64
"11134","cornstarch",196,85820655,98.64
"11135","crazed",196,85820851,98.64
"11136","cubicle",196,85821047,98.64
"11137","defiant",196,85821243,98.64
"11138","devout",196,85821439,98.64
"11139","discouraging",196,85821635,98.64
"11140","ghostly",196,85821831,98.64
"11141","illuminati",196,85822027,98.64
"11142","ingenuity",196,85822223,98.64
"11143","inquire",196,85822419,98.64
"11144","lecturer",196,85822615,98.64
"11145","pistachio",196,85822811,98.64
"11146","plummeted",196,85823007,98.64
"11147","repayment",196,85823203,98.64
"11148","scavenger",196,85823399,98.64
"11149","traverse",196,85823595,98.64
"11150","unattractive",196,85823791,98.64
"11151","uva",196,85823987,98.64
"11152","wiring",196,85824183,98.64
"11153","aback",195,85824378,98.64
"11154","arroyo",195,85824573,98.65
"11155","bazaar",195,85824768,98.65
"11156","beneficiary",195,85824963,98.65
"11157","canary",195,85825158,98.65
"11158","defiantly",195,85825353,98.65
"11159","equip",195,85825548,98.65
"11160","eventful",195,85825743,98.65
"11161","flux",195,85825938,98.65
"11162","footer",195,85826133,98.65
"11163","foreman",195,85826328,98.65
"11164","foresee",195,85826523,98.65
"11165","inefficient",195,85826718,98.65
"11166","labyrinth",195,85826913,98.65
"11167","legalize",195,85827108,98.65
"11168","likeness",195,85827303,98.65
"11169","manicure",195,85827498,98.65
"11170","monastery",195,85827693,98.65
"11171","pasty",195,85827888,98.65
"11172","raving",195,85828083,98.65
"11173","reversing",195,85828278,98.65
"11174","scatter",195,85828473,98.65
"11175","scholastic",195,85828668,98.65
"11176","soreness",195,85828863,98.65
"11177","upstream",195,85829058,98.65
"11178","vail",195,85829253,98.65
"11179","wolverine",195,85829448,98.65
"11180","yuan",195,85829643,98.65
"11181","afterthought",194,85829837,98.65
"11182","astrology",194,85830031,98.65
"11183","beaming",194,85830225,98.65
"11184","blooded",194,85830419,98.65
"11185","bronco",194,85830613,98.65
"11186","carton",194,85830807,98.65
"11187","dagger",194,85831001,98.65
"11188","dum",194,85831195,98.65
"11189","edging",194,85831389,98.65
"11190","emcee",194,85831583,98.65
"11191","mediation",194,85831777,98.65
"11192","religiously",194,85831971,98.65
"11193","respectfully",194,85832165,98.65
"11194","retribution",194,85832359,98.65
"11195","retrospective",194,85832553,98.65
"11196","rife",194,85832747,98.65
"11197","samson",194,85832941,98.65
"11198","stave",194,85833135,98.66
"11199","toro",194,85833329,98.66
"11200","towing",194,85833523,98.66
"11201","unsustainable",194,85833717,98.66
"11202","wasteful",194,85833911,98.66
"11203","whiny",194,85834105,98.66
"11204","wrapper",194,85834299,98.66
"11205","adjective",193,85834492,98.66
"11206","arches",193,85834685,98.66
"11207","candlelight",193,85834878,98.66
"11208","concise",193,85835071,98.66
"11209","conjure",193,85835264,98.66
"11210","descending",193,85835457,98.66
"11211","distilled",193,85835650,98.66
"11212","duff",193,85835843,98.66
"11213","egregious",193,85836036,98.66
"11214","embellishment",193,85836229,98.66
"11215","housework",193,85836422,98.66
"11216","hypocrite",193,85836615,98.66
"11217","kona",193,85836808,98.66
"11218","loot",193,85837001,98.66
"11219","measurable",193,85837194,98.66
"11220","prelude",193,85837387,98.66
"11221","printable",193,85837580,98.66
"11222","profanity",193,85837773,98.66
"11223","unborn",193,85837966,98.66
"11224","waged",193,85838159,98.66
"11225","winger",193,85838352,98.66
"11226","zing",193,85838545,98.66
"11227","bridesmaid",192,85838737,98.66
"11228","catholicism",192,85838929,98.66
"11229","conquest",192,85839121,98.66
"11230","conundrum",192,85839313,98.66
"11231","crayon",192,85839505,98.66
"11232","cuss",192,85839697,98.66
"11233","disciple",192,85839889,98.66
"11234","ethos",192,85840081,98.66
"11235","hives",192,85840273,98.66
"11236","horseshoe",192,85840465,98.66
"11237","hysteria",192,85840657,98.66
"11238","interpreter",192,85840849,98.66
"11239","intolerant",192,85841041,98.66
"11240","lounging",192,85841233,98.66
"11241","nylon",192,85841425,98.66
"11242","overland",192,85841617,98.66
"11243","plated",192,85841809,98.66
"11244","psychologically",192,85842001,98.67
"11245","repentance",192,85842193,98.67
"11246","saxophone",192,85842385,98.67
"11247","silenced",192,85842577,98.67
"11248","sizzling",192,85842769,98.67
"11249","skit",192,85842961,98.67
"11250","slog",192,85843153,98.67
"11251","snapper",192,85843345,98.67
"11252","stimulation",192,85843537,98.67
"11253","submerged",192,85843729,98.67
"11254","tangle",192,85843921,98.67
"11255","tolerable",192,85844113,98.67
"11256","unconditionally",192,85844305,98.67
"11257","whistling",192,85844497,98.67
"11258","absurdity",191,85844688,98.67
"11259","amphitheater",191,85844879,98.67
"11260","amuse",191,85845070,98.67
"11261","buildup",191,85845261,98.67
"11262","buttered",191,85845452,98.67
"11263","childbirth",191,85845643,98.67
"11264","chock",191,85845834,98.67
"11265","detergent",191,85846025,98.67
"11266","discretionary",191,85846216,98.67
"11267","distortion",191,85846407,98.67
"11268","doctoral",191,85846598,98.67
"11269","exemplary",191,85846789,98.67
"11270","flatten",191,85846980,98.67
"11271","indulging",191,85847171,98.67
"11272","legalization",191,85847362,98.67
"11273","lifeless",191,85847553,98.67
"11274","menopause",191,85847744,98.67
"11275","resonance",191,85847935,98.67
"11276","royale",191,85848126,98.67
"11277","shatter",191,85848317,98.67
"11278","squirt",191,85848508,98.67
"11279","stringent",191,85848699,98.67
"11280","territorial",191,85848890,98.67
"11281","turk",191,85849081,98.67
"11282","wud",191,85849272,98.67
"11283","bali",190,85849462,98.67
"11284","bodyguard",190,85849652,98.67
"11285","brunette",190,85849842,98.67
"11286","comma",190,85850032,98.67
"11287","doomsday",190,85850222,98.67
"11288","dorado",190,85850412,98.67
"11289","evocative",190,85850602,98.68
"11290","fated",190,85850792,98.68
"11291","geological",190,85850982,98.68
"11292","mouthed",190,85851172,98.68
"11293","outweigh",190,85851362,98.68
"11294","pitted",190,85851552,98.68
"11295","quota",190,85851742,98.68
"11296","revert",190,85851932,98.68
"11297","rockwood",190,85852122,98.68
"11298","scooped",190,85852312,98.68
"11299","spoonful",190,85852502,98.68
"11300","starvation",190,85852692,98.68
"11301","steely",190,85852882,98.68
"11302","tram",190,85853072,98.68
"11303","treacherous",190,85853262,98.68
"11304","unintentionally",190,85853452,98.68
"11305","uproar",190,85853642,98.68
"11306","whirl",190,85853832,98.68
"11307","affirm",189,85854021,98.68
"11308","airtight",189,85854210,98.68
"11309","caretaker",189,85854399,98.68
"11310","grazing",189,85854588,98.68
"11311","injure",189,85854777,98.68
"11312","jive",189,85854966,98.68
"11313","medicinal",189,85855155,98.68
"11314","nab",189,85855344,98.68
"11315","overt",189,85855533,98.68
"11316","owing",189,85855722,98.68
"11317","pipa",189,85855911,98.68
"11318","programmer",189,85856100,98.68
"11319","shelving",189,85856289,98.68
"11320","shrunk",189,85856478,98.68
"11321","taj",189,85856667,98.68
"11322","unavoidable",189,85856856,98.68
"11323","antibiotic",188,85857044,98.68
"11324","benevolent",188,85857232,98.68
"11325","blissful",188,85857420,98.68
"11326","brightness",188,85857608,98.68
"11327","condominium",188,85857796,98.68
"11328","delectable",188,85857984,98.68
"11329","depict",188,85858172,98.68
"11330","discern",188,85858360,98.68
"11331","eerily",188,85858548,98.68
"11332","ethanol",188,85858736,98.68
"11333","gazette",188,85858924,98.68
"11334","gumbo",188,85859112,98.68
"11335","halibut",188,85859300,98.69
"11336","heyday",188,85859488,98.69
"11337","innovate",188,85859676,98.69
"11338","meticulously",188,85859864,98.69
"11339","ovarian",188,85860052,98.69
"11340","perron",188,85860240,98.69
"11341","piped",188,85860428,98.69
"11342","racer",188,85860616,98.69
"11343","requisite",188,85860804,98.69
"11344","scrabble",188,85860992,98.69
"11345","seamlessly",188,85861180,98.69
"11346","selfishness",188,85861368,98.69
"11347","shockingly",188,85861556,98.69
"11348","spontaneously",188,85861744,98.69
"11349","steadfast",188,85861932,98.69
"11350","unload",188,85862120,98.69
"11351","unspoken",188,85862308,98.69
"11352","waning",188,85862496,98.69
"11353","backfield",187,85862683,98.69
"11354","barbershop",187,85862870,98.69
"11355","bitty",187,85863057,98.69
"11356","boa",187,85863244,98.69
"11357","bray",187,85863431,98.69
"11358","brut",187,85863618,98.69
"11359","burying",187,85863805,98.69
"11360","civility",187,85863992,98.69
"11361","complicate",187,85864179,98.69
"11362","concourse",187,85864366,98.69
"11363","cuddly",187,85864553,98.69
"11364","culver",187,85864740,98.69
"11365","enraged",187,85864927,98.69
"11366","ethereal",187,85865114,98.69
"11367","grudge",187,85865301,98.69
"11368","inhale",187,85865488,98.69
"11369","insensitive",187,85865675,98.69
"11370","liberalism",187,85865862,98.69
"11371","malice",187,85866049,98.69
"11372","moaning",187,85866236,98.69
"11373","periodic",187,85866423,98.69
"11374","phoebe",187,85866610,98.69
"11375","plywood",187,85866797,98.69
"11376","predictably",187,85866984,98.69
"11377","slit",187,85867171,98.69
"11378","stalked",187,85867358,98.69
"11379","wonky",187,85867545,98.69
"11380","archaeological",186,85867731,98.69
"11381","briefs",186,85867917,98.69
"11382","compressed",186,85868103,98.7
"11383","divers",186,85868289,98.7
"11384","dynamo",186,85868475,98.7
"11385","expectancy",186,85868661,98.7
"11386","heron",186,85868847,98.7
"11387","intimately",186,85869033,98.7
"11388","jukebox",186,85869219,98.7
"11389","juniper",186,85869405,98.7
"11390","limitation",186,85869591,98.7
"11391","lukewarm",186,85869777,98.7
"11392","malty",186,85869963,98.7
"11393","misinformation",186,85870149,98.7
"11394","onwards",186,85870335,98.7
"11395","optical",186,85870521,98.7
"11396","prescribe",186,85870707,98.7
"11397","proclaiming",186,85870893,98.7
"11398","stuffy",186,85871079,98.7
"11399","taxable",186,85871265,98.7
"11400","tch",186,85871451,98.7
"11401","transformative",186,85871637,98.7
"11402","vanish",186,85871823,98.7
"11403","withhold",186,85872009,98.7
"11404","acronym",185,85872194,98.7
"11405","arboretum",185,85872379,98.7
"11406","bamboozle",185,85872564,98.7
"11407","blight",185,85872749,98.7
"11408","comet",185,85872934,98.7
"11409","constituency",185,85873119,98.7
"11410","constitutionality",185,85873304,98.7
"11411","containment",185,85873489,98.7
"11412","dependency",185,85873674,98.7
"11413","duly",185,85873859,98.7
"11414","duper",185,85874044,98.7
"11415","formative",185,85874229,98.7
"11416","hurley",185,85874414,98.7
"11417","journalistic",185,85874599,98.7
"11418","lunatic",185,85874784,98.7
"11419","modernist",185,85874969,98.7
"11420","overpowering",185,85875154,98.7
"11421","pedigree",185,85875339,98.7
"11422","perfectionist",185,85875524,98.7
"11423","perplexed",185,85875709,98.7
"11424","pharmacist",185,85875894,98.7
"11425","resale",185,85876079,98.7
"11426","slander",185,85876264,98.7
"11427","subsidize",185,85876449,98.7
"11428","summon",185,85876634,98.7
"11429","tenacious",185,85876819,98.71
"11430","unimaginable",185,85877004,98.71
"11431","acorn",184,85877188,98.71
"11432","ardent",184,85877372,98.71
"11433","aria",184,85877556,98.71
"11434","brulee",184,85877740,98.71
"11435","chime",184,85877924,98.71
"11436","chutney",184,85878108,98.71
"11437","compromising",184,85878292,98.71
"11438","deem",184,85878476,98.71
"11439","fostering",184,85878660,98.71
"11440","gabby",184,85878844,98.71
"11441","hammering",184,85879028,98.71
"11442","harrowing",184,85879212,98.71
"11443","hepatitis",184,85879396,98.71
"11444","housekeeping",184,85879580,98.71
"11445","petrol",184,85879764,98.71
"11446","polluted",184,85879948,98.71
"11447","rift",184,85880132,98.71
"11448","rosario",184,85880316,98.71
"11449","sliver",184,85880500,98.71
"11450","sporadic",184,85880684,98.71
"11451","succulent",184,85880868,98.71
"11452","tester",184,85881052,98.71
"11453","thon",184,85881236,98.71
"11454","bandit",183,85881419,98.71
"11455","bathe",183,85881602,98.71
"11456","bearer",183,85881785,98.71
"11457","bustle",183,85881968,98.71
"11458","cardamom",183,85882151,98.71
"11459","comprise",183,85882334,98.71
"11460","convoluted",183,85882517,98.71
"11461","fanfare",183,85882700,98.71
"11462","fielded",183,85882883,98.71
"11463","foolishness",183,85883066,98.71
"11464","grandeur",183,85883249,98.71
"11465","grasping",183,85883432,98.71
"11466","hone",183,85883615,98.71
"11467","impossibly",183,85883798,98.71
"11468","insure",183,85883981,98.71
"11469","intrepid",183,85884164,98.71
"11470","jagged",183,85884347,98.71
"11471","jazzy",183,85884530,98.71
"11472","libra",183,85884713,98.71
"11473","mayday",183,85884896,98.71
"11474","mirage",183,85885079,98.71
"11475","patel",183,85885262,98.71
"11476","proliferation",183,85885445,98.72
"11477","pungent",183,85885628,98.72
"11478","questionnaire",183,85885811,98.72
"11479","roxy",183,85885994,98.72
"11480","tay",183,85886177,98.72
"11481","venison",183,85886360,98.72
"11482","accordion",182,85886542,98.72
"11483","braid",182,85886724,98.72
"11484","cass",182,85886906,98.72
"11485","cinematography",182,85887088,98.72
"11486","cockpit",182,85887270,98.72
"11487","comparative",182,85887452,98.72
"11488","conspiring",182,85887634,98.72
"11489","cookout",182,85887816,98.72
"11490","distressing",182,85887998,98.72
"11491","durability",182,85888180,98.72
"11492","enchanting",182,85888362,98.72
"11493","foreigner",182,85888544,98.72
"11494","gall",182,85888726,98.72
"11495","germ",182,85888908,98.72
"11496","hydrogen",182,85889090,98.72
"11497","informational",182,85889272,98.72
"11498","invincible",182,85889454,98.72
"11499","pinched",182,85889636,98.72
"11500","potassium",182,85889818,98.72
"11501","procrastinate",182,85890000,98.72
"11502","reasoned",182,85890182,98.72
"11503","skipper",182,85890364,98.72
"11504","spalding",182,85890546,98.72
"11505","spotty",182,85890728,98.72
"11506","statesman",182,85890910,98.72
"11507","swath",182,85891092,98.72
"11508","tempt",182,85891274,98.72
"11509","upheaval",182,85891456,98.72
"11510","vaudeville",182,85891638,98.72
"11511","worrisome",182,85891820,98.72
"11512","aggregate",181,85892001,98.72
"11513","bae",181,85892182,98.72
"11514","butte",181,85892363,98.72
"11515","celestial",181,85892544,98.72
"11516","ceramics",181,85892725,98.72
"11517","competence",181,85892906,98.72
"11518","consignment",181,85893087,98.72
"11519","culmination",181,85893268,98.72
"11520","deficiency",181,85893449,98.72
"11521","enigmatic",181,85893630,98.72
"11522","figuratively",181,85893811,98.72
"11523","fortnight",181,85893992,98.72
"11524","greenery",181,85894173,98.73
"11525","halved",181,85894354,98.73
"11526","hickey",181,85894535,98.73
"11527","inexplicable",181,85894716,98.73
"11528","minnie",181,85894897,98.73
"11529","miscarriage",181,85895078,98.73
"11530","philanthropic",181,85895259,98.73
"11531","supervise",181,85895440,98.73
"11532","surging",181,85895621,98.73
"11533","tae",181,85895802,98.73
"11534","tapestry",181,85895983,98.73
"11535","unprofessional",181,85896164,98.73
"11536","angelic",180,85896344,98.73
"11537","bane",180,85896524,98.73
"11538","conducive",180,85896704,98.73
"11539","contending",180,85896884,98.73
"11540","contingency",180,85897064,98.73
"11541","deterrent",180,85897244,98.73
"11542","discriminatory",180,85897424,98.73
"11543","epilepsy",180,85897604,98.73
"11544","expertly",180,85897784,98.73
"11545","fluorescent",180,85897964,98.73
"11546","glide",180,85898144,98.73
"11547","groundwork",180,85898324,98.73
"11548","khalifa",180,85898504,98.73
"11549","kiosk",180,85898684,98.73
"11550","limelight",180,85898864,98.73
"11551","manure",180,85899044,98.73
"11552","nameless",180,85899224,98.73
"11553","pounder",180,85899404,98.73
"11554","realignment",180,85899584,98.73
"11555","seizing",180,85899764,98.73
"11556","smothered",180,85899944,98.73
"11557","spat",180,85900124,98.73
"11558","subscriber",180,85900304,98.73
"11559","taunting",180,85900484,98.73
"11560","tulip",180,85900664,98.73
"11561","visualization",180,85900844,98.73
"11562","wager",180,85901024,98.73
"11563","wretched",180,85901204,98.73
"11564","alias",179,85901383,98.73
"11565","anonymously",179,85901562,98.73
"11566","ascent",179,85901741,98.73
"11567","cobbler",179,85901920,98.73
"11568","daydream",179,85902099,98.73
"11569","doubting",179,85902278,98.73
"11570","finisher",179,85902457,98.73
"11571","fives",179,85902636,98.73
"11572","grr",179,85902815,98.74
"11573","knuckle",179,85902994,98.74
"11574","lim",179,85903173,98.74
"11575","lowly",179,85903352,98.74
"11576","meticulous",179,85903531,98.74
"11577","organically",179,85903710,98.74
"11578","pessimistic",179,85903889,98.74
"11579","poise",179,85904068,98.74
"11580","router",179,85904247,98.74
"11581","simultaneous",179,85904426,98.74
"11582","socialize",179,85904605,98.74
"11583","solicit",179,85904784,98.74
"11584","stardom",179,85904963,98.74
"11585","thrifty",179,85905142,98.74
"11586","tinged",179,85905321,98.74
"11587","utopia",179,85905500,98.74
"11588","walleye",179,85905679,98.74
"11589","whisking",179,85905858,98.74
"11590","antidote",178,85906036,98.74
"11591","carver",178,85906214,98.74
"11592","cautionary",178,85906392,98.74
"11593","cheetah",178,85906570,98.74
"11594","comparatively",178,85906748,98.74
"11595","creeper",178,85906926,98.74
"11596","curiously",178,85907104,98.74
"11597","discerning",178,85907282,98.74
"11598","disproportionate",178,85907460,98.74
"11599","elemental",178,85907638,98.74
"11600","grossly",178,85907816,98.74
"11601","incarnate",178,85907994,98.74
"11602","interrupting",178,85908172,98.74
"11603","jackman",178,85908350,98.74
"11604","lopsided",178,85908528,98.74
"11605","margarine",178,85908706,98.74
"11606","overdrive",178,85908884,98.74
"11607","paraphrase",178,85909062,98.74
"11608","quintessential",178,85909240,98.74
"11609","sham",178,85909418,98.74
"11610","terminator",178,85909596,98.74
"11611","unfounded",178,85909774,98.74
"11612","unresolved",178,85909952,98.74
"11613","waive",178,85910130,98.74
"11614","warden",178,85910308,98.74
"11615","ambiguity",177,85910485,98.74
"11616","approachable",177,85910662,98.74
"11617","artillery",177,85910839,98.74
"11618","betray",177,85911016,98.74
"11619","cardiologist",177,85911193,98.74
"11620","compliant",177,85911370,98.74
"11621","copious",177,85911547,98.75
"11622","disobedience",177,85911724,98.75
"11623","disservice",177,85911901,98.75
"11624","extremism",177,85912078,98.75
"11625","fandom",177,85912255,98.75
"11626","feathered",177,85912432,98.75
"11627","floppy",177,85912609,98.75
"11628","forceful",177,85912786,98.75
"11629","grainy",177,85912963,98.75
"11630","groan",177,85913140,98.75
"11631","heaps",177,85913317,98.75
"11632","hilarity",177,85913494,98.75
"11633","intently",177,85913671,98.75
"11634","intrusive",177,85913848,98.75
"11635","jokingly",177,85914025,98.75
"11636","kensington",177,85914202,98.75
"11637","laureate",177,85914379,98.75
"11638","loin",177,85914556,98.75
"11639","loophole",177,85914733,98.75
"11640","melanoma",177,85914910,98.75
"11641","multimillion",177,85915087,98.75
"11642","nervously",177,85915264,98.75
"11643","pore",177,85915441,98.75
"11644","prematurely",177,85915618,98.75
"11645","repertory",177,85915795,98.75
"11646","rhapsody",177,85915972,98.75
"11647","seeker",177,85916149,98.75
"11648","shellfish",177,85916326,98.75
"11649","sparking",177,85916503,98.75
"11650","sprain",177,85916680,98.75
"11651","stoppage",177,85916857,98.75
"11652","tireless",177,85917034,98.75
"11653","unincorporated",177,85917211,98.75
"11654","validate",177,85917388,98.75
"11655","wobbly",177,85917565,98.75
"11656","clipper",176,85917741,98.75
"11657","congresswoman",176,85917917,98.75
"11658","criminally",176,85918093,98.75
"11659","diplomat",176,85918269,98.75
"11660","disproportionately",176,85918445,98.75
"11661","dissident",176,85918621,98.75
"11662","downstream",176,85918797,98.75
"11663","duchess",176,85918973,98.75
"11664","forearm",176,85919149,98.75
"11665","glorify",176,85919325,98.75
"11666","grate",176,85919501,98.75
"11667","herring",176,85919677,98.75
"11668","hopelessly",176,85919853,98.75
"11669","humiliating",176,85920029,98.75
"11670","inclination",176,85920205,98.76
"11671","inept",176,85920381,98.76
"11672","latex",176,85920557,98.76
"11673","linguistic",176,85920733,98.76
"11674","philharmonic",176,85920909,98.76
"11675","pitiful",176,85921085,98.76
"11676","romaine",176,85921261,98.76
"11677","setter",176,85921437,98.76
"11678","swisher",176,85921613,98.76
"11679","taker",176,85921789,98.76
"11680","tux",176,85921965,98.76
"11681","unsolicited",176,85922141,98.76
"11682","ventilation",176,85922317,98.76
"11683","wharf",176,85922493,98.76
"11684","bran",175,85922668,98.76
"11685","bucky",175,85922843,98.76
"11686","chiropractor",175,85923018,98.76
"11687","citadel",175,85923193,98.76
"11688","coarsely",175,85923368,98.76
"11689","cuteness",175,85923543,98.76
"11690","demonic",175,85923718,98.76
"11691","devotional",175,85923893,98.76
"11692","enlarged",175,85924068,98.76
"11693","extinguisher",175,85924243,98.76
"11694","ferocious",175,85924418,98.76
"11695","finesse",175,85924593,98.76
"11696","fright",175,85924768,98.76
"11697","fructose",175,85924943,98.76
"11698","heller",175,85925118,98.76
"11699","horde",175,85925293,98.76
"11700","hydrated",175,85925468,98.76
"11701","indefinite",175,85925643,98.76
"11702","induce",175,85925818,98.76
"11703","infancy",175,85925993,98.76
"11704","ingenious",175,85926168,98.76
"11705","julio",175,85926343,98.76
"11706","manifested",175,85926518,98.76
"11707","mockery",175,85926693,98.76
"11708","mulligan",175,85926868,98.76
"11709","peachy",175,85927043,98.76
"11710","precarious",175,85927218,98.76
"11711","predatory",175,85927393,98.76
"11712","rickey",175,85927568,98.76
"11713","scandalous",175,85927743,98.76
"11714","soliciting",175,85927918,98.76
"11715","stinging",175,85928093,98.76
"11716","storming",175,85928268,98.76
"11717","swaying",175,85928443,98.76
"11718","weirdly",175,85928618,98.76
"11719","amazement",174,85928792,98.76
"11720","bungalow",174,85928966,98.77
"11721","camelback",174,85929140,98.77
"11722","cleavage",174,85929314,98.77
"11723","clocked",174,85929488,98.77
"11724","consulate",174,85929662,98.77
"11725","criterion",174,85929836,98.77
"11726","deceive",174,85930010,98.77
"11727","dependable",174,85930184,98.77
"11728","dispose",174,85930358,98.77
"11729","divergent",174,85930532,98.77
"11730","exaggerating",174,85930706,98.77
"11731","expressway",174,85930880,98.77
"11732","glittering",174,85931054,98.77
"11733","lis",174,85931228,98.77
"11734","lupus",174,85931402,98.77
"11735","marcel",174,85931576,98.77
"11736","monsoon",174,85931750,98.77
"11737","pajama",174,85931924,98.77
"11738","pence",174,85932098,98.77
"11739","proponent",174,85932272,98.77
"11740","readable",174,85932446,98.77
"11741","reliably",174,85932620,98.77
"11742","saddled",174,85932794,98.77
"11743","sculptor",174,85932968,98.77
"11744","seniority",174,85933142,98.77
"11745","splendor",174,85933316,98.77
"11746","stencil",174,85933490,98.77
"11747","swoop",174,85933664,98.77
"11748","zeal",174,85933838,98.77
"11749","aba",173,85934011,98.77
"11750","abode",173,85934184,98.77
"11751","angrily",173,85934357,98.77
"11752","artful",173,85934530,98.77
"11753","auxiliary",173,85934703,98.77
"11754","bacterial",173,85934876,98.77
"11755","capping",173,85935049,98.77
"11756","collide",173,85935222,98.77
"11757","cranked",173,85935395,98.77
"11758","decipher",173,85935568,98.77
"11759","derail",173,85935741,98.77
"11760","forfeit",173,85935914,98.77
"11761","gist",173,85936087,98.77
"11762","hover",173,85936260,98.77
"11763","livelihood",173,85936433,98.77
"11764","mao",173,85936606,98.77
"11765","marketer",173,85936779,98.77
"11766","nonexistent",173,85936952,98.77
"11767","preferable",173,85937125,98.77
"11768","prologue",173,85937298,98.77
"11769","solidly",173,85937471,98.77
"11770","spewing",173,85937644,98.78
"11771","systematically",173,85937817,98.78
"11772","terrier",173,85937990,98.78
"11773","torque",173,85938163,98.78
"11774","uniqueness",173,85938336,98.78
"11775","applesauce",172,85938508,98.78
"11776","beaded",172,85938680,98.78
"11777","chatty",172,85938852,98.78
"11778","cosy",172,85939024,98.78
"11779","delightfully",172,85939196,98.78
"11780","demolish",172,85939368,98.78
"11781","dispensary",172,85939540,98.78
"11782","dressage",172,85939712,98.78
"11783","forecasting",172,85939884,98.78
"11784","gobble",172,85940056,98.78
"11785","granulated",172,85940228,98.78
"11786","hillman",172,85940400,98.78
"11787","homesick",172,85940572,98.78
"11788","hunk",172,85940744,98.78
"11789","invoke",172,85940916,98.78
"11790","jeopardize",172,85941088,98.78
"11791","juggle",172,85941260,98.78
"11792","lentil",172,85941432,98.78
"11793","lull",172,85941604,98.78
"11794","muck",172,85941776,98.78
"11795","pendulum",172,85941948,98.78
"11796","pollock",172,85942120,98.78
"11797","propane",172,85942292,98.78
"11798","quickness",172,85942464,98.78
"11799","reimburse",172,85942636,98.78
"11800","resent",172,85942808,98.78
"11801","shimmering",172,85942980,98.78
"11802","spade",172,85943152,98.78
"11803","summons",172,85943324,98.78
"11804","tenacity",172,85943496,98.78
"11805","trombone",172,85943668,98.78
"11806","unpack",172,85943840,98.78
"11807","waxing",172,85944012,98.78
"11808","ante",171,85944183,98.78
"11809","artifact",171,85944354,98.78
"11810","awry",171,85944525,98.78
"11811","brine",171,85944696,98.78
"11812","calmer",171,85944867,98.78
"11813","ching",171,85945038,98.78
"11814","differential",171,85945209,98.78
"11815","divinity",171,85945380,98.78
"11816","exponentially",171,85945551,98.78
"11817","extradition",171,85945722,98.78
"11818","farce",171,85945893,98.78
"11819","glacier",171,85946064,98.78
"11820","gusto",171,85946235,98.78
"11821","inflatable",171,85946406,98.79
"11822","insurgent",171,85946577,98.79
"11823","meteor",171,85946748,98.79
"11824","nasal",171,85946919,98.79
"11825","nicky",171,85947090,98.79
"11826","overrun",171,85947261,98.79
"11827","picket",171,85947432,98.79
"11828","racket",171,85947603,98.79
"11829","rodham",171,85947774,98.79
"11830","ruptured",171,85947945,98.79
"11831","simulation",171,85948116,98.79
"11832","snug",171,85948287,98.79
"11833","sprang",171,85948458,98.79
"11834","walled",171,85948629,98.79
"11835","warmly",171,85948800,98.79
"11836","weirdness",171,85948971,98.79
"11837","atrium",170,85949141,98.79
"11838","awkwardness",170,85949311,98.79
"11839","deliciousness",170,85949481,98.79
"11840","dole",170,85949651,98.79
"11841","eta",170,85949821,98.79
"11842","flake",170,85949991,98.79
"11843","flamenco",170,85950161,98.79
"11844","guan",170,85950331,98.79
"11845","hysterically",170,85950501,98.79
"11846","interruption",170,85950671,98.79
"11847","intrinsic",170,85950841,98.79
"11848","maniac",170,85951011,98.79
"11849","mannered",170,85951181,98.79
"11850","monarchy",170,85951351,98.79
"11851","omelet",170,85951521,98.79
"11852","perverse",170,85951691,98.79
"11853","philanthropist",170,85951861,98.79
"11854","pivot",170,85952031,98.79
"11855","plunging",170,85952201,98.79
"11856","poof",170,85952371,98.79
"11857","presumption",170,85952541,98.79
"11858","quicken",170,85952711,98.79
"11859","rename",170,85952881,98.79
"11860","secluded",170,85953051,98.79
"11861","sickening",170,85953221,98.79
"11862","sieve",170,85953391,98.79
"11863","specs",170,85953561,98.79
"11864","tailed",170,85953731,98.79
"11865","tarmac",170,85953901,98.79
"11866","uniformed",170,85954071,98.79
"11867","vocation",170,85954241,98.79
"11868","adjunct",169,85954410,98.79
"11869","affectionate",169,85954579,98.79
"11870","amar",169,85954748,98.79
"11871","antarctica",169,85954917,98.79
"11872","aperture",169,85955086,98.8
"11873","appease",169,85955255,98.8
"11874","articulated",169,85955424,98.8
"11875","aversion",169,85955593,98.8
"11876","ballerina",169,85955762,98.8
"11877","booted",169,85955931,98.8
"11878","coleslaw",169,85956100,98.8
"11879","constrained",169,85956269,98.8
"11880","deposition",169,85956438,98.8
"11881","drinkable",169,85956607,98.8
"11882","equate",169,85956776,98.8
"11883","faust",169,85956945,98.8
"11884","flank",169,85957114,98.8
"11885","io",169,85957283,98.8
"11886","ire",169,85957452,98.8
"11887","oncology",169,85957621,98.8
"11888","planetary",169,85957790,98.8
"11889","proprietor",169,85957959,98.8
"11890","rapport",169,85958128,98.8
"11891","residual",169,85958297,98.8
"11892","shank",169,85958466,98.8
"11893","soles",169,85958635,98.8
"11894","spaceship",169,85958804,98.8
"11895","superstition",169,85958973,98.8
"11896","taxis",169,85959142,98.8
"11897","unparalleled",169,85959311,98.8
"11898","wha",169,85959480,98.8
"11899","willed",169,85959649,98.8
"11900","aloft",168,85959817,98.8
"11901","bowler",168,85959985,98.8
"11902","chaplain",168,85960153,98.8
"11903","continuum",168,85960321,98.8
"11904","dueling",168,85960489,98.8
"11905","furlough",168,85960657,98.8
"11906","glittery",168,85960825,98.8
"11907","grappling",168,85960993,98.8
"11908","haste",168,85961161,98.8
"11909","inbound",168,85961329,98.8
"11910","inflict",168,85961497,98.8
"11911","insidious",168,85961665,98.8
"11912","kidnap",168,85961833,98.8
"11913","lollipop",168,85962001,98.8
"11914","molding",168,85962169,98.8
"11915","mouthful",168,85962337,98.8
"11916","progressively",168,85962505,98.8
"11917","psychiatry",168,85962673,98.8
"11918","rightful",168,85962841,98.8
"11919","skewer",168,85963009,98.8
"11920","spectacularly",168,85963177,98.8
"11921","sprouting",168,85963345,98.8
"11922","stoner",168,85963513,98.8
"11923","substituted",168,85963681,98.81
"11924","underscore",168,85963849,98.81
"11925","unmarried",168,85964017,98.81
"11926","variant",168,85964185,98.81
"11927","vis",168,85964353,98.81
"11928","wasteland",168,85964521,98.81
"11929","atrocious",167,85964688,98.81
"11930","beanie",167,85964855,98.81
"11931","condescending",167,85965022,98.81
"11932","deliberation",167,85965189,98.81
"11933","downer",167,85965356,98.81
"11934","elated",167,85965523,98.81
"11935","excruciating",167,85965690,98.81
"11936","firehouse",167,85965857,98.81
"11937","firestone",167,85966024,98.81
"11938","flimsy",167,85966191,98.81
"11939","grouped",167,85966358,98.81
"11940","ironman",167,85966525,98.81
"11941","mahogany",167,85966692,98.81
"11942","nineteenth",167,85966859,98.81
"11943","painless",167,85967026,98.81
"11944","paternal",167,85967193,98.81
"11945","petal",167,85967360,98.81
"11946","precaution",167,85967527,98.81
"11947","preoccupied",167,85967694,98.81
"11948","puffed",167,85967861,98.81
"11949","qualification",167,85968028,98.81
"11950","resin",167,85968195,98.81
"11951","saa",167,85968362,98.81
"11952","sheik",167,85968529,98.81
"11953","skinner",167,85968696,98.81
"11954","smirk",167,85968863,98.81
"11955","sprinter",167,85969030,98.81
"11956","stillness",167,85969197,98.81
"11957","succumb",167,85969364,98.81
"11958","surrogate",167,85969531,98.81
"11959","twas",167,85969698,98.81
"11960","uncharted",167,85969865,98.81
"11961","unfunded",167,85970032,98.81
"11962","uninterrupted",167,85970199,98.81
"11963","visceral",167,85970366,98.81
"11964","whatnot",167,85970533,98.81
"11965","annex",166,85970699,98.81
"11966","armored",166,85970865,98.81
"11967","attrition",166,85971031,98.81
"11968","avoidance",166,85971197,98.81
"11969","chaparral",166,85971363,98.81
"11970","conglomerate",166,85971529,98.81
"11971","cumulative",166,85971695,98.81
"11972","dignified",166,85971861,98.81
"11973","dismantle",166,85972027,98.81
"11974","dogged",166,85972193,98.81
"11975","fickle",166,85972359,98.82
"11976","galloway",166,85972525,98.82
"11977","gentry",166,85972691,98.82
"11978","harass",166,85972857,98.82
"11979","inhabited",166,85973023,98.82
"11980","intimidate",166,85973189,98.82
"11981","jargon",166,85973355,98.82
"11982","lingo",166,85973521,98.82
"11983","lithium",166,85973687,98.82
"11984","misconception",166,85973853,98.82
"11985","mite",166,85974019,98.82
"11986","numbing",166,85974185,98.82
"11987","persevere",166,85974351,98.82
"11988","reassured",166,85974517,98.82
"11989","reborn",166,85974683,98.82
"11990","rebuke",166,85974849,98.82
"11991","sauna",166,85975015,98.82
"11992","soloist",166,85975181,98.82
"11993","sterile",166,85975347,98.82
"11994","telecast",166,85975513,98.82
"11995","temperament",166,85975679,98.82
"11996","toad",166,85975845,98.82
"11997","toasty",166,85976011,98.82
"11998","untill",166,85976177,98.82
"11999","whiting",166,85976343,98.82
"12000","yielding",166,85976509,98.82
"12001","yin",166,85976675,98.82
"12002","atheism",165,85976840,98.82
"12003","bowel",165,85977005,98.82
"12004","chopper",165,85977170,98.82
"12005","compartment",165,85977335,98.82
"12006","coolness",165,85977500,98.82
"12007","cowardly",165,85977665,98.82
"12008","dandelion",165,85977830,98.82
"12009","dodgy",165,85977995,98.82
"12010","encampment",165,85978160,98.82
"12011","explanatory",165,85978325,98.82
"12012","finder",165,85978490,98.82
"12013","fizzy",165,85978655,98.82
"12014","illiterate",165,85978820,98.82
"12015","midland",165,85978985,98.82
"12016","mono",165,85979150,98.82
"12017","orthopedic",165,85979315,98.82
"12018","patronage",165,85979480,98.82
"12019","poolside",165,85979645,98.82
"12020","puberty",165,85979810,98.82
"12021","purposefully",165,85979975,98.82
"12022","ragged",165,85980140,98.82
"12023","raider",165,85980305,98.82
"12024","reddish",165,85980470,98.82
"12025","samurai",165,85980635,98.82
"12026","sealing",165,85980800,98.82
"12027","shivering",165,85980965,98.82
"12028","sparky",165,85981130,98.83
"12029","tormented",165,85981295,98.83
"12030","wavy",165,85981460,98.83
"12031","absorption",164,85981624,98.83
"12032","accelerator",164,85981788,98.83
"12033","averted",164,85981952,98.83
"12034","bagged",164,85982116,98.83
"12035","baggy",164,85982280,98.83
"12036","boasting",164,85982444,98.83
"12037","bootleg",164,85982608,98.83
"12038","chained",164,85982772,98.83
"12039","commenter",164,85982936,98.83
"12040","crook",164,85983100,98.83
"12041","deflected",164,85983264,98.83
"12042","diver",164,85983428,98.83
"12043","facilitator",164,85983592,98.83
"12044","fantastical",164,85983756,98.83
"12045","feline",164,85983920,98.83
"12046","frigid",164,85984084,98.83
"12047","hamper",164,85984248,98.83
"12048","ingrained",164,85984412,98.83
"12049","initiation",164,85984576,98.83
"12050","kos",164,85984740,98.83
"12051","leapt",164,85984904,98.83
"12052","memorandum",164,85985068,98.83
"12053","morbid",164,85985232,98.83
"12054","pointy",164,85985396,98.83
"12055","raccoon",164,85985560,98.83
"12056","retina",164,85985724,98.83
"12057","reverend",164,85985888,98.83
"12058","rosary",164,85986052,98.83
"12059","slotted",164,85986216,98.83
"12060","snippet",164,85986380,98.83
"12061","straining",164,85986544,98.83
"12062","thoroughbred",164,85986708,98.83
"12063","tosh",164,85986872,98.83
"12064","transformer",164,85987036,98.83
"12065","treason",164,85987200,98.83
"12066","wicker",164,85987364,98.83
"12067","winnings",164,85987528,98.83
"12068","amarillo",163,85987691,98.83
"12069","avert",163,85987854,98.83
"12070","beater",163,85988017,98.83
"12071","budge",163,85988180,98.83
"12072","deftly",163,85988343,98.83
"12073","dropout",163,85988506,98.83
"12074","filth",163,85988669,98.83
"12075","folklore",163,85988832,98.83
"12076","forestry",163,85988995,98.83
"12077","grounding",163,85989158,98.83
"12078","hurled",163,85989321,98.83
"12079","impairment",163,85989484,98.83
"12080","infuse",163,85989647,98.83
"12081","jab",163,85989810,98.84
"12082","marinate",163,85989973,98.84
"12083","mercantile",163,85990136,98.84
"12084","moonshine",163,85990299,98.84
"12085","nestle",163,85990462,98.84
"12086","outpatient",163,85990625,98.84
"12087","politico",163,85990788,98.84
"12088","repression",163,85990951,98.84
"12089","scone",163,85991114,98.84
"12090","scrumptious",163,85991277,98.84
"12091","serendipity",163,85991440,98.84
"12092","stench",163,85991603,98.84
"12093","temporal",163,85991766,98.84
"12094","trough",163,85991929,98.84
"12095","unassuming",163,85992092,98.84
"12096","undeniably",163,85992255,98.84
"12097","adoration",162,85992417,98.84
"12098","archivist",162,85992579,98.84
"12099","bearable",162,85992741,98.84
"12100","blanco",162,85992903,98.84
"12101","boisterous",162,85993065,98.84
"12102","brunt",162,85993227,98.84
"12103","burlap",162,85993389,98.84
"12104","cabal",162,85993551,98.84
"12105","commend",162,85993713,98.84
"12106","compel",162,85993875,98.84
"12107","compulsory",162,85994037,98.84
"12108","corrupted",162,85994199,98.84
"12109","criss",162,85994361,98.84
"12110","fireman",162,85994523,98.84
"12111","foothill",162,85994685,98.84
"12112","footwork",162,85994847,98.84
"12113","garb",162,85995009,98.84
"12114","healer",162,85995171,98.84
"12115","inky",162,85995333,98.84
"12116","intending",162,85995495,98.84
"12117","lengthwise",162,85995657,98.84
"12118","loma",162,85995819,98.84
"12119","methane",162,85995981,98.84
"12120","mischievous",162,85996143,98.84
"12121","momentous",162,85996305,98.84
"12122","sagging",162,85996467,98.84
"12123","scathing",162,85996629,98.84
"12124","slush",162,85996791,98.84
"12125","thwart",162,85996953,98.84
"12126","tron",162,85997115,98.84
"12127","veiled",162,85997277,98.84
"12128","yucky",162,85997439,98.84
"12129","abundantly",161,85997600,98.84
"12130","ammo",161,85997761,98.84
"12131","blackjack",161,85997922,98.84
"12132","blistering",161,85998083,98.84
"12133","chronically",161,85998244,98.84
"12134","chronological",161,85998405,98.84
"12135","corpus",161,85998566,98.85
"12136","dade",161,85998727,98.85
"12137","detriment",161,85998888,98.85
"12138","diagram",161,85999049,98.85
"12139","embed",161,85999210,98.85
"12140","excitedly",161,85999371,98.85
"12141","fern",161,85999532,98.85
"12142","gentile",161,85999693,98.85
"12143","geographically",161,85999854,98.85
"12144","glistening",161,86000015,98.85
"12145","housekeeper",161,86000176,98.85
"12146","hunch",161,86000337,98.85
"12147","lagging",161,86000498,98.85
"12148","lemony",161,86000659,98.85
"12149","longs",161,86000820,98.85
"12150","meridian",161,86000981,98.85
"12151","miler",161,86001142,98.85
"12152","mina",161,86001303,98.85
"12153","nosed",161,86001464,98.85
"12154","oftentimes",161,86001625,98.85
"12155","pronunciation",161,86001786,98.85
"12156","pug",161,86001947,98.85
"12157","repost",161,86002108,98.85
"12158","schizophrenia",161,86002269,98.85
"12159","secondhand",161,86002430,98.85
"12160","semblance",161,86002591,98.85
"12161","serpent",161,86002752,98.85
"12162","smog",161,86002913,98.85
"12163","supremacy",161,86003074,98.85
"12164","topless",161,86003235,98.85
"12165","trimester",161,86003396,98.85
"12166","vat",161,86003557,98.85
"12167","weakening",161,86003718,98.85
"12168","widen",161,86003879,98.85
"12169","antiquated",160,86004039,98.85
"12170","arduous",160,86004199,98.85
"12171","bedrock",160,86004359,98.85
"12172","bewildered",160,86004519,98.85
"12173","deepening",160,86004679,98.85
"12174","defer",160,86004839,98.85
"12175","designate",160,86004999,98.85
"12176","diagnose",160,86005159,98.85
"12177","diversified",160,86005319,98.85
"12178","downpour",160,86005479,98.85
"12179","endangerment",160,86005639,98.85
"12180","expanse",160,86005799,98.85
"12181","flagrant",160,86005959,98.85
"12182","flax",160,86006119,98.85
"12183","foyer",160,86006279,98.85
"12184","hawking",160,86006439,98.85
"12185","individuality",160,86006599,98.85
"12186","interpretive",160,86006759,98.85
"12187","kiley",160,86006919,98.85
"12188","ling",160,86007079,98.85
"12189","migrate",160,86007239,98.86
"12190","negligent",160,86007399,98.86
"12191","peaking",160,86007559,98.86
"12192","peruse",160,86007719,98.86
"12193","piedmont",160,86007879,98.86
"12194","precursor",160,86008039,98.86
"12195","prog",160,86008199,98.86
"12196","rudd",160,86008359,98.86
"12197","sleigh",160,86008519,98.86
"12198","snowball",160,86008679,98.86
"12199","stairway",160,86008839,98.86
"12200","thump",160,86008999,98.86
"12201","touchy",160,86009159,98.86
"12202","wasp",160,86009319,98.86
"12203","ama",159,86009478,98.86
"12204","apex",159,86009637,98.86
"12205","bottomless",159,86009796,98.86
"12206","bullish",159,86009955,98.86
"12207","calamity",159,86010114,98.86
"12208","coli",159,86010273,98.86
"12209","concierge",159,86010432,98.86
"12210","confluence",159,86010591,98.86
"12211","contradict",159,86010750,98.86
"12212","crackle",159,86010909,98.86
"12213","disposed",159,86011068,98.86
"12214","dogma",159,86011227,98.86
"12215","embattled",159,86011386,98.86
"12216","exuberant",159,86011545,98.86
"12217","fiancee",159,86011704,98.86
"12218","horner",159,86011863,98.86
"12219","imbalance",159,86012022,98.86
"12220","imperialism",159,86012181,98.86
"12221","impetus",159,86012340,98.86
"12222","indispensable",159,86012499,98.86
"12223","liquidity",159,86012658,98.86
"12224","loco",159,86012817,98.86
"12225","mal",159,86012976,98.86
"12226","manipulative",159,86013135,98.86
"12227","maxim",159,86013294,98.86
"12228","nuance",159,86013453,98.86
"12229","oiled",159,86013612,98.86
"12230","piecing",159,86013771,98.86
"12231","populace",159,86013930,98.86
"12232","purposeful",159,86014089,98.86
"12233","repository",159,86014248,98.86
"12234","reprieve",159,86014407,98.86
"12235","restrain",159,86014566,98.86
"12236","revoke",159,86014725,98.86
"12237","rufus",159,86014884,98.86
"12238","samba",159,86015043,98.86
"12239","strenuous",159,86015202,98.86
"12240","suspiciously",159,86015361,98.86
"12241","sweetly",159,86015520,98.86
"12242","tirelessly",159,86015679,98.86
"12243","transcendent",159,86015838,98.86
"12244","unsolved",159,86015997,98.87
"12245","wading",159,86016156,98.87
"12246","afflicted",158,86016314,98.87
"12247","anesthesia",158,86016472,98.87
"12248","anomaly",158,86016630,98.87
"12249","asterisk",158,86016788,98.87
"12250","autonomous",158,86016946,98.87
"12251","bask",158,86017104,98.87
"12252","blinding",158,86017262,98.87
"12253","bordering",158,86017420,98.87
"12254","breakaway",158,86017578,98.87
"12255","contemplation",158,86017736,98.87
"12256","cripple",158,86017894,98.87
"12257","crump",158,86018052,98.87
"12258","disapproval",158,86018210,98.87
"12259","excessively",158,86018368,98.87
"12260","favoring",158,86018526,98.87
"12261","feeble",158,86018684,98.87
"12262","filtering",158,86018842,98.87
"12263","foreground",158,86019000,98.87
"12264","forgettable",158,86019158,98.87
"12265","geology",158,86019316,98.87
"12266","ghee",158,86019474,98.87
"12267","hammock",158,86019632,98.87
"12268","harmonica",158,86019790,98.87
"12269","implicit",158,86019948,98.87
"12270","inquiring",158,86020106,98.87
"12271","jig",158,86020264,98.87
"12272","mush",158,86020422,98.87
"12273","nimble",158,86020580,98.87
"12274","payer",158,86020738,98.87
"12275","pinching",158,86020896,98.87
"12276","quarry",158,86021054,98.87
"12277","quintet",158,86021212,98.87
"12278","quotation",158,86021370,98.87
"12279","sharpen",158,86021528,98.87
"12280","thaw",158,86021686,98.87
"12281","undercut",158,86021844,98.87
"12282","uneventful",158,86022002,98.87
"12283","wry",158,86022160,98.87
"12284","aero",157,86022317,98.87
"12285","artificially",157,86022474,98.87
"12286","atom",157,86022631,98.87
"12287","authoritative",157,86022788,98.87
"12288","bandstand",157,86022945,98.87
"12289","baritone",157,86023102,98.87
"12290","bitterly",157,86023259,98.87
"12291","cacao",157,86023416,98.87
"12292","camouflage",157,86023573,98.87
"12293","clarinet",157,86023730,98.87
"12294","commandment",157,86023887,98.87
"12295","cryptic",157,86024044,98.87
"12296","desolate",157,86024201,98.87
"12297","drab",157,86024358,98.87
"12298","eroded",157,86024515,98.87
"12299","experimented",157,86024672,98.88
"12300","fundamentalist",157,86024829,98.88
"12301","galactic",157,86024986,98.88
"12302","geometric",157,86025143,98.88
"12303","gushing",157,86025300,98.88
"12304","harshly",157,86025457,98.88
"12305","hibernation",157,86025614,98.88
"12306","humbly",157,86025771,98.88
"12307","mahatma",157,86025928,98.88
"12308","muttering",157,86026085,98.88
"12309","orchestral",157,86026242,98.88
"12310","outback",157,86026399,98.88
"12311","pap",157,86026556,98.88
"12312","pediatrics",157,86026713,98.88
"12313","plume",157,86026870,98.88
"12314","priesthood",157,86027027,98.88
"12315","provost",157,86027184,98.88
"12316","quince",157,86027341,98.88
"12317","ramble",157,86027498,98.88
"12318","rucker",157,86027655,98.88
"12319","sanctity",157,86027812,98.88
"12320","sanding",157,86027969,98.88
"12321","searing",157,86028126,98.88
"12322","specter",157,86028283,98.88
"12323","splashed",157,86028440,98.88
"12324","squeaky",157,86028597,98.88
"12325","stony",157,86028754,98.88
"12326","tiered",157,86028911,98.88
"12327","twitch",157,86029068,98.88
"12328","unscathed",157,86029225,98.88
"12329","wort",157,86029382,98.88
"12330","adultery",156,86029538,98.88
"12331","aloe",156,86029694,98.88
"12332","augmented",156,86029850,98.88
"12333","bayou",156,86030006,98.88
"12334","britten",156,86030162,98.88
"12335","bronchitis",156,86030318,98.88
"12336","bruising",156,86030474,98.88
"12337","chartered",156,86030630,98.88
"12338","cleanliness",156,86030786,98.88
"12339","cobalt",156,86030942,98.88
"12340","complacency",156,86031098,98.88
"12341","delicately",156,86031254,98.88
"12342","dilapidated",156,86031410,98.88
"12343","dispense",156,86031566,98.88
"12344","exert",156,86031722,98.88
"12345","gamut",156,86031878,98.88
"12346","gymnasium",156,86032034,98.88
"12347","kangaroo",156,86032190,98.88
"12348","lac",156,86032346,98.88
"12349","lark",156,86032502,98.88
"12350","latitude",156,86032658,98.88
"12351","litany",156,86032814,98.88
"12352","madam",156,86032970,98.88
"12353","melodrama",156,86033126,98.88
"12354","ming",156,86033282,98.89
"12355","mitigate",156,86033438,98.89
"12356","motley",156,86033594,98.89
"12357","nicotine",156,86033750,98.89
"12358","preheated",156,86033906,98.89
"12359","prophetic",156,86034062,98.89
"12360","provisional",156,86034218,98.89
"12361","rhino",156,86034374,98.89
"12362","seminal",156,86034530,98.89
"12363","starry",156,86034686,98.89
"12364","stepmother",156,86034842,98.89
"12365","surcharge",156,86034998,98.89
"12366","syllabus",156,86035154,98.89
"12367","thicken",156,86035310,98.89
"12368","tranquil",156,86035466,98.89
"12369","tun",156,86035622,98.89
"12370","uneducated",156,86035778,98.89
"12371","veritable",156,86035934,98.89
"12372","vigor",156,86036090,98.89
"12373","afterlife",155,86036245,98.89
"12374","allotment",155,86036400,98.89
"12375","clockwork",155,86036555,98.89
"12376","cob",155,86036710,98.89
"12377","commemorative",155,86036865,98.89
"12378","connector",155,86037020,98.89
"12379","curtail",155,86037175,98.89
"12380","embody",155,86037330,98.89
"12381","energizer",155,86037485,98.89
"12382","equitable",155,86037640,98.89
"12383","euphoria",155,86037795,98.89
"12384","fiend",155,86037950,98.89
"12385","heeled",155,86038105,98.89
"12386","ism",155,86038260,98.89
"12387","lateral",155,86038415,98.89
"12388","nauseous",155,86038570,98.89
"12389","pluck",155,86038725,98.89
"12390","pronto",155,86038880,98.89
"12391","propensity",155,86039035,98.89
"12392","revere",155,86039190,98.89
"12393","ripper",155,86039345,98.89
"12394","rouse",155,86039500,98.89
"12395","scheming",155,86039655,98.89
"12396","sepia",155,86039810,98.89
"12397","smartly",155,86039965,98.89
"12398","sprawl",155,86040120,98.89
"12399","stair",155,86040275,98.89
"12400","stately",155,86040430,98.89
"12401","stucco",155,86040585,98.89
"12402","tam",155,86040740,98.89
"12403","tartar",155,86040895,98.89
"12404","unhappiness",155,86041050,98.89
"12405","unrelenting",155,86041205,98.89
"12406","vehemently",155,86041360,98.89
"12407","withdrawing",155,86041515,98.89
"12408","zodiac",155,86041670,98.89
"12409","anarchist",154,86041824,98.89
"12410","bac",154,86041978,98.9
"12411","borrower",154,86042132,98.9
"12412","bunting",154,86042286,98.9
"12413","cohort",154,86042440,98.9
"12414","considerate",154,86042594,98.9
"12415","counterpoint",154,86042748,98.9
"12416","craftsman",154,86042902,98.9
"12417","crosswalk",154,86043056,98.9
"12418","dap",154,86043210,98.9
"12419","deafening",154,86043364,98.9
"12420","equinox",154,86043518,98.9
"12421","estrogen",154,86043672,98.9
"12422","exhaustive",154,86043826,98.9
"12423","mating",154,86043980,98.9
"12424","merciful",154,86044134,98.9
"12425","modesty",154,86044288,98.9
"12426","moot",154,86044442,98.9
"12427","muir",154,86044596,98.9
"12428","nationality",154,86044750,98.9
"12429","netting",154,86044904,98.9
"12430","nickelodeon",154,86045058,98.9
"12431","parable",154,86045212,98.9
"12432","plural",154,86045366,98.9
"12433","precipitation",154,86045520,98.9
"12434","preface",154,86045674,98.9
"12435","preventable",154,86045828,98.9
"12436","radish",154,86045982,98.9
"12437","raiser",154,86046136,98.9
"12438","regeneration",154,86046290,98.9
"12439","rimmed",154,86046444,98.9
"12440","roulette",154,86046598,98.9
"12441","scientifically",154,86046752,98.9
"12442","sect",154,86046906,98.9
"12443","stronghold",154,86047060,98.9
"12444","sultan",154,86047214,98.9
"12445","sweetener",154,86047368,98.9
"12446","swelled",154,86047522,98.9
"12447","thine",154,86047676,98.9
"12448","ticker",154,86047830,98.9
"12449","unforeseen",154,86047984,98.9
"12450","unintentional",154,86048138,98.9
"12451","wiener",154,86048292,98.9
"12452","willful",154,86048446,98.9
"12453","zak",154,86048600,98.9
"12454","acme",153,86048753,98.9
"12455","adage",153,86048906,98.9
"12456","adversary",153,86049059,98.9
"12457","avenger",153,86049212,98.9
"12458","chaser",153,86049365,98.9
"12459","dismayed",153,86049518,98.9
"12460","dispersed",153,86049671,98.9
"12461","goldsmith",153,86049824,98.9
"12462","gory",153,86049977,98.9
"12463","growling",153,86050130,98.9
"12464","hatcher",153,86050283,98.9
"12465","idyllic",153,86050436,98.9
"12466","junta",153,86050589,98.9
"12467","lettering",153,86050742,98.91
"12468","maddening",153,86050895,98.91
"12469","mince",153,86051048,98.91
"12470","mink",153,86051201,98.91
"12471","mutant",153,86051354,98.91
"12472","okra",153,86051507,98.91
"12473","pave",153,86051660,98.91
"12474","perpetrator",153,86051813,98.91
"12475","pinball",153,86051966,98.91
"12476","powerfully",153,86052119,98.91
"12477","pry",153,86052272,98.91
"12478","rascal",153,86052425,98.91
"12479","rove",153,86052578,98.91
"12480","saucer",153,86052731,98.91
"12481","shaman",153,86052884,98.91
"12482","slug",153,86053037,98.91
"12483","snappy",153,86053190,98.91
"12484","thoughtfully",153,86053343,98.91
"12485","tubing",153,86053496,98.91
"12486","ungrateful",153,86053649,98.91
"12487","unplugged",153,86053802,98.91
"12488","unsettled",153,86053955,98.91
"12489","versed",153,86054108,98.91
"12490","virtuous",153,86054261,98.91
"12491","yank",153,86054414,98.91
"12492","adaptive",152,86054566,98.91
"12493","aftertaste",152,86054718,98.91
"12494","blinked",152,86054870,98.91
"12495","blower",152,86055022,98.91
"12496","churn",152,86055174,98.91
"12497","coax",152,86055326,98.91
"12498","condone",152,86055478,98.91
"12499","constituent",152,86055630,98.91
"12500","cotta",152,86055782,98.91
"12501","defective",152,86055934,98.91
"12502","dialysis",152,86056086,98.91
"12503","feasibility",152,86056238,98.91
"12504","fragmented",152,86056390,98.91
"12505","hangar",152,86056542,98.91
"12506","hurst",152,86056694,98.91
"12507","impractical",152,86056846,98.91
"12508","inquirer",152,86056998,98.91
"12509","madeline",152,86057150,98.91
"12510","mignon",152,86057302,98.91
"12511","potted",152,86057454,98.91
"12512","prevalence",152,86057606,98.91
"12513","redding",152,86057758,98.91
"12514","scattering",152,86057910,98.91
"12515","shorthand",152,86058062,98.91
"12516","sketching",152,86058214,98.91
"12517","smeared",152,86058366,98.91
"12518","sommelier",152,86058518,98.91
"12519","spoiling",152,86058670,98.91
"12520","steelhead",152,86058822,98.91
"12521","stinking",152,86058974,98.91
"12522","summarize",152,86059126,98.91
"12523","tot",152,86059278,98.91
"12524","unpacked",152,86059430,98.92
"12525","worded",152,86059582,98.92
"12526","astronomical",151,86059733,98.92
"12527","bravely",151,86059884,98.92
"12528","brimming",151,86060035,98.92
"12529","cavalier",151,86060186,98.92
"12530","condemning",151,86060337,98.92
"12531","coupe",151,86060488,98.92
"12532","disperse",151,86060639,98.92
"12533","evangelist",151,86060790,98.92
"12534","farthest",151,86060941,98.92
"12535","fiscally",151,86061092,98.92
"12536","fishman",151,86061243,98.92
"12537","flatter",151,86061394,98.92
"12538","forcefully",151,86061545,98.92
"12539","hurrah",151,86061696,98.92
"12540","identifiable",151,86061847,98.92
"12541","illuminate",151,86061998,98.92
"12542","immortality",151,86062149,98.92
"12543","infect",151,86062300,98.92
"12544","kern",151,86062451,98.92
"12545","lifeline",151,86062602,98.92
"12546","mightily",151,86062753,98.92
"12547","mockingbird",151,86062904,98.92
"12548","nautical",151,86063055,98.92
"12549","obscurity",151,86063206,98.92
"12550","observant",151,86063357,98.92
"12551","oncoming",151,86063508,98.92
"12552","padding",151,86063659,98.92
"12553","pastime",151,86063810,98.92
"12554","pedestal",151,86063961,98.92
"12555","resounding",151,86064112,98.92
"12556","roomie",151,86064263,98.92
"12557","sagittarius",151,86064414,98.92
"12558","scouring",151,86064565,98.92
"12559","sharpie",151,86064716,98.92
"12560","shingles",151,86064867,98.92
"12561","shiver",151,86065018,98.92
"12562","skunk",151,86065169,98.92
"12563","tic",151,86065320,98.92
"12564","unattended",151,86065471,98.92
"12565","unwelcome",151,86065622,98.92
"12566","unworthy",151,86065773,98.92
"12567","venom",151,86065924,98.92
"12568","arcane",150,86066074,98.92
"12569","armory",150,86066224,98.92
"12570","baller",150,86066374,98.92
"12571","bib",150,86066524,98.92
"12572","blasphemy",150,86066674,98.92
"12573","complacent",150,86066824,98.92
"12574","cora",150,86066974,98.92
"12575","damper",150,86067124,98.92
"12576","easel",150,86067274,98.92
"12577","embodiment",150,86067424,98.92
"12578","eyesight",150,86067574,98.92
"12579","fairway",150,86067724,98.92
"12580","felon",150,86067874,98.92
"12581","frothy",150,86068024,98.92
"12582","goliath",150,86068174,98.93
"12583","grotesque",150,86068324,98.93
"12584","hypnotic",150,86068474,98.93
"12585","idealistic",150,86068624,98.93
"12586","incidence",150,86068774,98.93
"12587","indebted",150,86068924,98.93
"12588","leaky",150,86069074,98.93
"12589","literate",150,86069224,98.93
"12590","masturbation",150,86069374,98.93
"12591","metabolic",150,86069524,98.93
"12592","nam",150,86069674,98.93
"12593","natal",150,86069824,98.93
"12594","ouster",150,86069974,98.93
"12595","peripheral",150,86070124,98.93
"12596","perm",150,86070274,98.93
"12597","promenade",150,86070424,98.93
"12598","smacking",150,86070574,98.93
"12599","specimen",150,86070724,98.93
"12600","symbolize",150,86070874,98.93
"12601","thumping",150,86071024,98.93
"12602","unbiased",150,86071174,98.93
"12603","veneer",150,86071324,98.93
"12604","vertigo",150,86071474,98.93
"12605","aboriginal",149,86071623,98.93
"12606","abstinence",149,86071772,98.93
"12607","alkaline",149,86071921,98.93
"12608","ballistic",149,86072070,98.93
"12609","cashmere",149,86072219,98.93
"12610","contractual",149,86072368,98.93
"12611","daft",149,86072517,98.93
"12612","dazed",149,86072666,98.93
"12613","disconcerting",149,86072815,98.93
"12614","dissatisfaction",149,86072964,98.93
"12615","entail",149,86073113,98.93
"12616","espionage",149,86073262,98.93
"12617","finite",149,86073411,98.93
"12618","fresco",149,86073560,98.93
"12619","grail",149,86073709,98.93
"12620","hilariously",149,86073858,98.93
"12621","imam",149,86074007,98.93
"12622","importer",149,86074156,98.93
"12623","incremental",149,86074305,98.93
"12624","innovator",149,86074454,98.93
"12625","instill",149,86074603,98.93
"12626","lair",149,86074752,98.93
"12627","latch",149,86074901,98.93
"12628","malfunction",149,86075050,98.93
"12629","marbles",149,86075199,98.93
"12630","metaphorical",149,86075348,98.93
"12631","neb",149,86075497,98.93
"12632","ozone",149,86075646,98.93
"12633","palatable",149,86075795,98.93
"12634","patrolman",149,86075944,98.93
"12635","rigging",149,86076093,98.93
"12636","sadistic",149,86076242,98.93
"12637","springer",149,86076391,98.93
"12638","staunch",149,86076540,98.93
"12639","sultry",149,86076689,98.93
"12640","superfluous",149,86076838,98.94
"12641","surgically",149,86076987,98.94
"12642","tao",149,86077136,98.94
"12643","topical",149,86077285,98.94
"12644","torrent",149,86077434,98.94
"12645","trapping",149,86077583,98.94
"12646","unimportant",149,86077732,98.94
"12647","urgently",149,86077881,98.94
"12648","youve",149,86078030,98.94
"12649","za",149,86078179,98.94
"12650","asteroid",148,86078327,98.94
"12651","basilica",148,86078475,98.94
"12652","bourgeois",148,86078623,98.94
"12653","broiler",148,86078771,98.94
"12654","burp",148,86078919,98.94
"12655","companionship",148,86079067,98.94
"12656","creole",148,86079215,98.94
"12657","crocodile",148,86079363,98.94
"12658","dali",148,86079511,98.94
"12659","dehydration",148,86079659,98.94
"12660","delicacy",148,86079807,98.94
"12661","derive",148,86079955,98.94
"12662","destroyer",148,86080103,98.94
"12663","discreet",148,86080251,98.94
"12664","iffy",148,86080399,98.94
"12665","impartial",148,86080547,98.94
"12666","incandescent",148,86080695,98.94
"12667","instruct",148,86080843,98.94
"12668","javelin",148,86080991,98.94
"12669","lineage",148,86081139,98.94
"12670","logistical",148,86081287,98.94
"12671","malkin",148,86081435,98.94
"12672","meager",148,86081583,98.94
"12673","neckline",148,86081731,98.94
"12674","nonsensical",148,86081879,98.94
"12675","observance",148,86082027,98.94
"12676","paralysis",148,86082175,98.94
"12677","peasant",148,86082323,98.94
"12678","portage",148,86082471,98.94
"12679","saxophonist",148,86082619,98.94
"12680","screeching",148,86082767,98.94
"12681","shakers",148,86082915,98.94
"12682","stalling",148,86083063,98.94
"12683","submissive",148,86083211,98.94
"12684","suggestive",148,86083359,98.94
"12685","tempest",148,86083507,98.94
"12686","titanium",148,86083655,98.94
"12687","traitor",148,86083803,98.94
"12688","travesty",148,86083951,98.94
"12689","tween",148,86084099,98.94
"12690","twittering",148,86084247,98.94
"12691","unfit",148,86084395,98.94
"12692","unmistakable",148,86084543,98.94
"12693","velvety",148,86084691,98.94
"12694","watchful",148,86084839,98.94
"12695","algorithm",147,86084986,98.94
"12696","amnesia",147,86085133,98.94
"12697","ashore",147,86085280,98.94
"12698","autobiographical",147,86085427,98.94
"12699","cantaloupe",147,86085574,98.95
"12700","conformity",147,86085721,98.95
"12701","cusp",147,86085868,98.95
"12702","eleventh",147,86086015,98.95
"12703","eradicate",147,86086162,98.95
"12704","fender",147,86086309,98.95
"12705","futility",147,86086456,98.95
"12706","hereby",147,86086603,98.95
"12707","marmalade",147,86086750,98.95
"12708","mesquite",147,86086897,98.95
"12709","metaphysical",147,86087044,98.95
"12710","mitigation",147,86087191,98.95
"12711","molecular",147,86087338,98.95
"12712","occult",147,86087485,98.95
"12713","ox",147,86087632,98.95
"12714","redirect",147,86087779,98.95
"12715","relatable",147,86087926,98.95
"12716","rendezvous",147,86088073,98.95
"12717","restaurateur",147,86088220,98.95
"12718","serge",147,86088367,98.95
"12719","splashing",147,86088514,98.95
"12720","synergy",147,86088661,98.95
"12721","trove",147,86088808,98.95
"12722","warsaw",147,86088955,98.95
"12723","watcher",147,86089102,98.95
"12724","whitehead",147,86089249,98.95
"12725","arbitrator",146,86089395,98.95
"12726","barbed",146,86089541,98.95
"12727","binary",146,86089687,98.95
"12728","competency",146,86089833,98.95
"12729","congested",146,86089979,98.95
"12730","contagion",146,86090125,98.95
"12731","dae",146,86090271,98.95
"12732","defamation",146,86090417,98.95
"12733","devise",146,86090563,98.95
"12734","disheartening",146,86090709,98.95
"12735","disingenuous",146,86090855,98.95
"12736","earring",146,86091001,98.95
"12737","enriching",146,86091147,98.95
"12738","eyewitness",146,86091293,98.95
"12739","fervor",146,86091439,98.95
"12740","flickering",146,86091585,98.95
"12741","flourishing",146,86091731,98.95
"12742","frayed",146,86091877,98.95
"12743","gelatin",146,86092023,98.95
"12744","hairdresser",146,86092169,98.95
"12745","helium",146,86092315,98.95
"12746","hinge",146,86092461,98.95
"12747","hough",146,86092607,98.95
"12748","incomprehensible",146,86092753,98.95
"12749","insulated",146,86092899,98.95
"12750","kindred",146,86093045,98.95
"12751","leek",146,86093191,98.95
"12752","machete",146,86093337,98.95
"12753","methinks",146,86093483,98.95
"12754","notoriety",146,86093629,98.95
"12755","poodle",146,86093775,98.95
"12756","redefine",146,86093921,98.95
"12757","relic",146,86094067,98.95
"12758","resurrect",146,86094213,98.96
"12759","righty",146,86094359,98.96
"12760","roundabout",146,86094505,98.96
"12761","shoddy",146,86094651,98.96
"12762","sled",146,86094797,98.96
"12763","spied",146,86094943,98.96
"12764","strikingly",146,86095089,98.96
"12765","tiara",146,86095235,98.96
"12766","unearned",146,86095381,98.96
"12767","unproductive",146,86095527,98.96
"12768","workable",146,86095673,98.96
"12769","activation",145,86095818,98.96
"12770","bisque",145,86095963,98.96
"12771","bog",145,86096108,98.96
"12772","cadence",145,86096253,98.96
"12773","casing",145,86096398,98.96
"12774","darby",145,86096543,98.96
"12775","deluge",145,86096688,98.96
"12776","enlist",145,86096833,98.96
"12777","favorably",145,86096978,98.96
"12778","felicity",145,86097123,98.96
"12779","gamma",145,86097268,98.96
"12780","gland",145,86097413,98.96
"12781","goon",145,86097558,98.96
"12782","grouping",145,86097703,98.96
"12783","growler",145,86097848,98.96
"12784","hermit",145,86097993,98.96
"12785","janitor",145,86098138,98.96
"12786","layover",145,86098283,98.96
"12787","leprechaun",145,86098428,98.96
"12788","miscellaneous",145,86098573,98.96
"12789","modestly",145,86098718,98.96
"12790","mulberry",145,86098863,98.96
"12791","nutrient",145,86099008,98.96
"12792","payable",145,86099153,98.96
"12793","prickly",145,86099298,98.96
"12794","privy",145,86099443,98.96
"12795","raceway",145,86099588,98.96
"12796","raj",145,86099733,98.96
"12797","relinquish",145,86099878,98.96
"12798","ruffled",145,86100023,98.96
"12799","sandstone",145,86100168,98.96
"12800","scorn",145,86100313,98.96
"12801","scot",145,86100458,98.96
"12802","scrubbed",145,86100603,98.96
"12803","shoppe",145,86100748,98.96
"12804","slimy",145,86100893,98.96
"12805","softness",145,86101038,98.96
"12806","subtlety",145,86101183,98.96
"12807","threaded",145,86101328,98.96
"12808","tweed",145,86101473,98.96
"12809","unlicensed",145,86101618,98.96
"12810","unmarked",145,86101763,98.96
"12811","unspeakable",145,86101908,98.96
"12812","verve",145,86102053,98.96
"12813","vitals",145,86102198,98.96
"12814","wield",145,86102343,98.96
"12815","woefully",145,86102488,98.96
"12816","bogart",144,86102632,98.96
"12817","bookcase",144,86102776,98.96
"12818","celeste",144,86102920,98.97
"12819","coronation",144,86103064,98.97
"12820","crossword",144,86103208,98.97
"12821","cumbersome",144,86103352,98.97
"12822","deceit",144,86103496,98.97
"12823","dismissive",144,86103640,98.97
"12824","dogfish",144,86103784,98.97
"12825","dowd",144,86103928,98.97
"12826","enamored",144,86104072,98.97
"12827","engraved",144,86104216,98.97
"12828","enlighten",144,86104360,98.97
"12829","errand",144,86104504,98.97
"12830","hapless",144,86104648,98.97
"12831","illustrious",144,86104792,98.97
"12832","immerse",144,86104936,98.97
"12833","impart",144,86105080,98.97
"12834","jaguar",144,86105224,98.97
"12835","keel",144,86105368,98.97
"12836","khaki",144,86105512,98.97
"12837","nigh",144,86105656,98.97
"12838","optimum",144,86105800,98.97
"12839","overtake",144,86105944,98.97
"12840","pampered",144,86106088,98.97
"12841","pico",144,86106232,98.97
"12842","pigment",144,86106376,98.97
"12843","pinto",144,86106520,98.97
"12844","platoon",144,86106664,98.97
"12845","pooch",144,86106808,98.97
"12846","randle",144,86106952,98.97
"12847","remission",144,86107096,98.97
"12848","reviving",144,86107240,98.97
"12849","rupture",144,86107384,98.97
"12850","stillman",144,86107528,98.97
"12851","stubbornly",144,86107672,98.97
"12852","tanned",144,86107816,98.97
"12853","unsweetened",144,86107960,98.97
"12854","astray",143,86108103,98.97
"12855","awash",143,86108246,98.97
"12856","bloodshed",143,86108389,98.97
"12857","burgess",143,86108532,98.97
"12858","chiffon",143,86108675,98.97
"12859","constable",143,86108818,98.97
"12860","crowder",143,86108961,98.97
"12861","dah",143,86109104,98.97
"12862","darkly",143,86109247,98.97
"12863","deft",143,86109390,98.97
"12864","deodorant",143,86109533,98.97
"12865","errant",143,86109676,98.97
"12866","fide",143,86109819,98.97
"12867","florist",143,86109962,98.97
"12868","frontal",143,86110105,98.97
"12869","impatience",143,86110248,98.97
"12870","inappropriately",143,86110391,98.97
"12871","lien",143,86110534,98.97
"12872","martyr",143,86110677,98.97
"12873","orthodoxy",143,86110820,98.97
"12874","renegade",143,86110963,98.97
"12875","scorching",143,86111106,98.97
"12876","shawl",143,86111249,98.97
"12877","shoplifting",143,86111392,98.97
"12878","sleazy",143,86111535,98.97
"12879","snark",143,86111678,98.98
"12880","talbot",143,86111821,98.98
"12881","truer",143,86111964,98.98
"12882","tryout",143,86112107,98.98
"12883","undesirable",143,86112250,98.98
"12884","wo",143,86112393,98.98
"12885","armchair",142,86112535,98.98
"12886","birding",142,86112677,98.98
"12887","bowels",142,86112819,98.98
"12888","brazen",142,86112961,98.98
"12889","breather",142,86113103,98.98
"12890","brooding",142,86113245,98.98
"12891","bulge",142,86113387,98.98
"12892","censor",142,86113529,98.98
"12893","cheaply",142,86113671,98.98
"12894","crumpled",142,86113813,98.98
"12895","dada",142,86113955,98.98
"12896","deliverance",142,86114097,98.98
"12897","diem",142,86114239,98.98
"12898","digger",142,86114381,98.98
"12899","dispel",142,86114523,98.98
"12900","embargo",142,86114665,98.98
"12901","energize",142,86114807,98.98
"12902","fabulously",142,86114949,98.98
"12903","forcibly",142,86115091,98.98
"12904","forging",142,86115233,98.98
"12905","grumble",142,86115375,98.98
"12906","hasty",142,86115517,98.98
"12907","hormonal",142,86115659,98.98
"12908","hummingbird",142,86115801,98.98
"12909","inferno",142,86115943,98.98
"12910","isolate",142,86116085,98.98
"12911","jacoby",142,86116227,98.98
"12912","kernel",142,86116369,98.98
"12913","nefarious",142,86116511,98.98
"12914","omission",142,86116653,98.98
"12915","ordinarily",142,86116795,98.98
"12916","personable",142,86116937,98.98
"12917","porridge",142,86117079,98.98
"12918","purgatory",142,86117221,98.98
"12919","thinning",142,86117363,98.98
"12920","unearthed",142,86117505,98.98
"12921","upholstery",142,86117647,98.98
"12922","yearlong",142,86117789,98.98
"12923","advert",141,86117930,98.98
"12924","blissfully",141,86118071,98.98
"12925","champaign",141,86118212,98.98
"12926","collaborator",141,86118353,98.98
"12927","crunching",141,86118494,98.98
"12928","curation",141,86118635,98.98
"12929","derogatory",141,86118776,98.98
"12930","eyeball",141,86118917,98.98
"12931","fondue",141,86119058,98.98
"12932","hardback",141,86119199,98.98
"12933","hearth",141,86119340,98.98
"12934","hilly",141,86119481,98.98
"12935","inverted",141,86119622,98.98
"12936","liberally",141,86119763,98.98
"12937","lumpy",141,86119904,98.98
"12938","migrant",141,86120045,98.98
"12939","outlandish",141,86120186,98.98
"12940","overcrowded",141,86120327,98.99
"12941","playmaker",141,86120468,98.99
"12942","prenatal",141,86120609,98.99
"12943","regroup",141,86120750,98.99
"12944","returner",141,86120891,98.99
"12945","scruffy",141,86121032,98.99
"12946","shading",141,86121173,98.99
"12947","shalom",141,86121314,98.99
"12948","sporty",141,86121455,98.99
"12949","squishy",141,86121596,98.99
"12950","substitution",141,86121737,98.99
"12951","tome",141,86121878,98.99
"12952","tor",141,86122019,98.99
"12953","unexplained",141,86122160,98.99
"12954","artistically",140,86122300,98.99
"12955","baffling",140,86122440,98.99
"12956","barnard",140,86122580,98.99
"12957","belted",140,86122720,98.99
"12958","bethel",140,86122860,98.99
"12959","clipping",140,86123000,98.99
"12960","concerted",140,86123140,98.99
"12961","contraband",140,86123280,98.99
"12962","convincingly",140,86123420,98.99
"12963","cordial",140,86123560,98.99
"12964","corset",140,86123700,98.99
"12965","crumbly",140,86123840,98.99
"12966","deceiving",140,86123980,98.99
"12967","efficacy",140,86124120,98.99
"12968","elective",140,86124260,98.99
"12969","empirical",140,86124400,98.99
"12970","enigma",140,86124540,98.99
"12971","exalted",140,86124680,98.99
"12972","flamboyant",140,86124820,98.99
"12973","forsaken",140,86124960,98.99
"12974","gable",140,86125100,98.99
"12975","garth",140,86125240,98.99
"12976","grinch",140,86125380,98.99
"12977","impulsive",140,86125520,98.99
"12978","incessant",140,86125660,98.99
"12979","invoice",140,86125800,98.99
"12980","kelvin",140,86125940,98.99
"12981","kilt",140,86126080,98.99
"12982","lambeau",140,86126220,98.99
"12983","lever",140,86126360,98.99
"12984","lew",140,86126500,98.99
"12985","licensee",140,86126640,98.99
"12986","lint",140,86126780,98.99
"12987","matted",140,86126920,98.99
"12988","medallion",140,86127060,98.99
"12989","monoxide",140,86127200,98.99
"12990","physique",140,86127340,98.99
"12991","placenta",140,86127480,98.99
"12992","plotted",140,86127620,98.99
"12993","potion",140,86127760,98.99
"12994","salmonella",140,86127900,98.99
"12995","sectarian",140,86128040,98.99
"12996","serrano",140,86128180,98.99
"12997","stampede",140,86128320,98.99
"12998","strut",140,86128460,98.99
"12999","stylus",140,86128600,98.99
"13000","suitably",140,86128740,98.99
"13001","tibet",140,86128880,98.99
"13002","tingling",140,86129020,99
"13003","transcend",140,86129160,99
"13004","twister",140,86129300,99
"13005","unbalanced",140,86129440,99
"13006","unresponsive",140,86129580,99
"13007","unwillingness",140,86129720,99
"13008","usability",140,86129860,99
"13009","vortex",140,86130000,99
"13010","ancestor",139,86130139,99
"13011","antelope",139,86130278,99
"13012","budgetary",139,86130417,99
"13013","carlin",139,86130556,99
"13014","coe",139,86130695,99
"13015","converge",139,86130834,99
"13016","conversational",139,86130973,99
"13017","cremation",139,86131112,99
"13018","crux",139,86131251,99
"13019","degradation",139,86131390,99
"13020","diagonal",139,86131529,99
"13021","fanning",139,86131668,99
"13022","fondant",139,86131807,99
"13023","formulate",139,86131946,99
"13024","gripe",139,86132085,99
"13025","growl",139,86132224,99
"13026","hearst",139,86132363,99
"13027","hillbilly",139,86132502,99
"13028","improvisation",139,86132641,99
"13029","infidelity",139,86132780,99
"13030","josie",139,86132919,99
"13031","mica",139,86133058,99
"13032","muffled",139,86133197,99
"13033","peat",139,86133336,99
"13034","perfecting",139,86133475,99
"13035","redhead",139,86133614,99
"13036","retelling",139,86133753,99
"13037","revitalization",139,86133892,99
"13038","revitalize",139,86134031,99
"13039","satanic",139,86134170,99
"13040","scarcity",139,86134309,99
"13041","sickly",139,86134448,99
"13042","spoof",139,86134587,99
"13043","subversive",139,86134726,99
"13044","swanky",139,86134865,99
"13045","transient",139,86135004,99
"13046","unending",139,86135143,99
"13047","unloaded",139,86135282,99
"13048","unplanned",139,86135421,99
"13049","unwavering",139,86135560,99
"13050","voicing",139,86135699,99
"13051","whitening",139,86135838,99
"13052","woodwork",139,86135977,99
"13053","yearn",139,86136116,99
"13054","advertiser",138,86136254,99
"13055","aggravating",138,86136392,99
"13056","anemic",138,86136530,99
"13057","animosity",138,86136668,99
"13058","balmy",138,86136806,99
"13059","chipping",138,86136944,99
"13060","conceivable",138,86137082,99
"13061","crusader",138,86137220,99
"13062","deepen",138,86137358,99
"13063","dickey",138,86137496,99
"13064","doubly",138,86137634,99
"13065","envoy",138,86137772,99.01
"13066","gladiator",138,86137910,99.01
"13067","godmother",138,86138048,99.01
"13068","grapevine",138,86138186,99.01
"13069","grocer",138,86138324,99.01
"13070","headliner",138,86138462,99.01
"13071","hud",138,86138600,99.01
"13072","improvise",138,86138738,99.01
"13073","intangible",138,86138876,99.01
"13074","jellyfish",138,86139014,99.01
"13075","licorice",138,86139152,99.01
"13076","loch",138,86139290,99.01
"13077","maestro",138,86139428,99.01
"13078","mould",138,86139566,99.01
"13079","od",138,86139704,99.01
"13080","offbeat",138,86139842,99.01
"13081","panoramic",138,86139980,99.01
"13082","rabies",138,86140118,99.01
"13083","rehearse",138,86140256,99.01
"13084","reverb",138,86140394,99.01
"13085","rout",138,86140532,99.01
"13086","satirical",138,86140670,99.01
"13087","securely",138,86140808,99.01
"13088","semis",138,86140946,99.01
"13089","shelled",138,86141084,99.01
"13090","silliness",138,86141222,99.01
"13091","spacing",138,86141360,99.01
"13092","spangled",138,86141498,99.01
"13093","superstitious",138,86141636,99.01
"13094","tater",138,86141774,99.01
"13095","timberland",138,86141912,99.01
"13096","topple",138,86142050,99.01
"13097","uncontrollably",138,86142188,99.01
"13098","untimely",138,86142326,99.01
"13099","valiant",138,86142464,99.01
"13100","wearable",138,86142602,99.01
"13101","alba",137,86142739,99.01
"13102","astute",137,86142876,99.01
"13103","bobbing",137,86143013,99.01
"13104","cheerfully",137,86143150,99.01
"13105","conspicuous",137,86143287,99.01
"13106","correspond",137,86143424,99.01
"13107","crested",137,86143561,99.01
"13108","diffuser",137,86143698,99.01
"13109","disapprove",137,86143835,99.01
"13110","eel",137,86143972,99.01
"13111","escalator",137,86144109,99.01
"13112","etch",137,86144246,99.01
"13113","facet",137,86144383,99.01
"13114","fuji",137,86144520,99.01
"13115","glancing",137,86144657,99.01
"13116","hyperbole",137,86144794,99.01
"13117","immunization",137,86144931,99.01
"13118","intermittent",137,86145068,99.01
"13119","leeway",137,86145205,99.01
"13120","limes",137,86145342,99.01
"13121","limping",137,86145479,99.01
"13122","lullaby",137,86145616,99.01
"13123","mainstay",137,86145753,99.01
"13124","mila",137,86145890,99.01
"13125","molten",137,86146027,99.01
"13126","notched",137,86146164,99.01
"13127","oxymoron",137,86146301,99.01
"13128","paternity",137,86146438,99.02
"13129","perverted",137,86146575,99.02
"13130","prism",137,86146712,99.02
"13131","quaker",137,86146849,99.02
"13132","rebuttal",137,86146986,99.02
"13133","sao",137,86147123,99.02
"13134","sappy",137,86147260,99.02
"13135","saucy",137,86147397,99.02
"13136","sclerosis",137,86147534,99.02
"13137","sirloin",137,86147671,99.02
"13138","sizing",137,86147808,99.02
"13139","sizzle",137,86147945,99.02
"13140","stalemate",137,86148082,99.02
"13141","stingy",137,86148219,99.02
"13142","stow",137,86148356,99.02
"13143","tarragon",137,86148493,99.02
"13144","technologically",137,86148630,99.02
"13145","tenuous",137,86148767,99.02
"13146","ukulele",137,86148904,99.02
"13147","abomination",136,86149040,99.02
"13148","ascend",136,86149176,99.02
"13149","beal",136,86149312,99.02
"13150","blackmail",136,86149448,99.02
"13151","blossomed",136,86149584,99.02
"13152","bounded",136,86149720,99.02
"13153","commotion",136,86149856,99.02
"13154","complexion",136,86149992,99.02
"13155","coronary",136,86150128,99.02
"13156","councilor",136,86150264,99.02
"13157","eraser",136,86150400,99.02
"13158","erroneous",136,86150536,99.02
"13159","flask",136,86150672,99.02
"13160","hippo",136,86150808,99.02
"13161","impede",136,86150944,99.02
"13162","implant",136,86151080,99.02
"13163","intoxicating",136,86151216,99.02
"13164","kneeling",136,86151352,99.02
"13165","luxe",136,86151488,99.02
"13166","managerial",136,86151624,99.02
"13167","multinational",136,86151760,99.02
"13168","normalcy",136,86151896,99.02
"13169","pancreatic",136,86152032,99.02
"13170","patrice",136,86152168,99.02
"13171","reschedule",136,86152304,99.02
"13172","snead",136,86152440,99.02
"13173","surveying",136,86152576,99.02
"13174","topper",136,86152712,99.02
"13175","tutu",136,86152848,99.02
"13176","wobble",136,86152984,99.02
"13177","yew",136,86153120,99.02
"13178","affliction",135,86153255,99.02
"13179","alchemy",135,86153390,99.02
"13180","beak",135,86153525,99.02
"13181","candor",135,86153660,99.02
"13182","caster",135,86153795,99.02
"13183","craftsmanship",135,86153930,99.02
"13184","draught",135,86154065,99.02
"13185","enclosure",135,86154200,99.02
"13186","extinguished",135,86154335,99.02
"13187","exuberance",135,86154470,99.02
"13188","fanciful",135,86154605,99.02
"13189","fillet",135,86154740,99.02
"13190","flowery",135,86154875,99.02
"13191","fraternal",135,86155010,99.02
"13192","gilded",135,86155145,99.03
"13193","grapple",135,86155280,99.03
"13194","horoscope",135,86155415,99.03
"13195","kremlin",135,86155550,99.03
"13196","lymphoma",135,86155685,99.03
"13197","maturing",135,86155820,99.03
"13198","melodramatic",135,86155955,99.03
"13199","omen",135,86156090,99.03
"13200","overgrown",135,86156225,99.03
"13201","particle",135,86156360,99.03
"13202","placebo",135,86156495,99.03
"13203","reckoning",135,86156630,99.03
"13204","refresher",135,86156765,99.03
"13205","repressed",135,86156900,99.03
"13206","retriever",135,86157035,99.03
"13207","sanitary",135,86157170,99.03
"13208","sapphire",135,86157305,99.03
"13209","septic",135,86157440,99.03
"13210","solidify",135,86157575,99.03
"13211","splitter",135,86157710,99.03
"13212","stank",135,86157845,99.03
"13213","sumptuous",135,86157980,99.03
"13214","sustenance",135,86158115,99.03
"13215","thermostat",135,86158250,99.03
"13216","toil",135,86158385,99.03
"13217","traveller",135,86158520,99.03
"13218","turntable",135,86158655,99.03
"13219","voltage",135,86158790,99.03
"13220","waistband",135,86158925,99.03
"13221","welding",135,86159060,99.03
"13222","absinthe",134,86159194,99.03
"13223","anecdote",134,86159328,99.03
"13224","beamed",134,86159462,99.03
"13225","biopsy",134,86159596,99.03
"13226","caste",134,86159730,99.03
"13227","chiefly",134,86159864,99.03
"13228","degrading",134,86159998,99.03
"13229","densely",134,86160132,99.03
"13230","derivative",134,86160266,99.03
"13231","discredit",134,86160400,99.03
"13232","dissatisfied",134,86160534,99.03
"13233","elicit",134,86160668,99.03
"13234","enclave",134,86160802,99.03
"13235","femininity",134,86160936,99.03
"13236","foresight",134,86161070,99.03
"13237","freehold",134,86161204,99.03
"13238","gump",134,86161338,99.03
"13239","harmonious",134,86161472,99.03
"13240","headset",134,86161606,99.03
"13241","hind",134,86161740,99.03
"13242","ides",134,86161874,99.03
"13243","insurgency",134,86162008,99.03
"13244","irreverent",134,86162142,99.03
"13245","juggernaut",134,86162276,99.03
"13246","lonesome",134,86162410,99.03
"13247","lucid",134,86162544,99.03
"13248","microscope",134,86162678,99.03
"13249","mishap",134,86162812,99.03
"13250","nappy",134,86162946,99.03
"13251","nocturnal",134,86163080,99.03
"13252","nominal",134,86163214,99.03
"13253","nutcracker",134,86163348,99.03
"13254","opus",134,86163482,99.03
"13255","parochial",134,86163616,99.03
"13256","rumbling",134,86163750,99.04
"13257","sediment",134,86163884,99.04
"13258","sha",134,86164018,99.04
"13259","skater",134,86164152,99.04
"13260","snare",134,86164286,99.04
"13261","sycamore",134,86164420,99.04
"13262","sylvester",134,86164554,99.04
"13263","undertaker",134,86164688,99.04
"13264","undue",134,86164822,99.04
"13265","wayside",134,86164956,99.04
"13266","afoot",133,86165089,99.04
"13267","ambush",133,86165222,99.04
"13268","amends",133,86165355,99.04
"13269","aspiration",133,86165488,99.04
"13270","bluebird",133,86165621,99.04
"13271","bowing",133,86165754,99.04
"13272","cantina",133,86165887,99.04
"13273","cheater",133,86166020,99.04
"13274","debatable",133,86166153,99.04
"13275","dislocated",133,86166286,99.04
"13276","docket",133,86166419,99.04
"13277","electrician",133,86166552,99.04
"13278","embellish",133,86166685,99.04
"13279","expiring",133,86166818,99.04
"13280","flicker",133,86166951,99.04
"13281","fuzz",133,86167084,99.04
"13282","grandchild",133,86167217,99.04
"13283","grunt",133,86167350,99.04
"13284","hairline",133,86167483,99.04
"13285","hotly",133,86167616,99.04
"13286","incline",133,86167749,99.04
"13287","jed",133,86167882,99.04
"13288","justifying",133,86168015,99.04
"13289","luminous",133,86168148,99.04
"13290","materialize",133,86168281,99.04
"13291","nibble",133,86168414,99.04
"13292","paddling",133,86168547,99.04
"13293","palsy",133,86168680,99.04
"13294","panelist",133,86168813,99.04
"13295","pantheon",133,86168946,99.04
"13296","peddling",133,86169079,99.04
"13297","peres",133,86169212,99.04
"13298","pompous",133,86169345,99.04
"13299","quirk",133,86169478,99.04
"13300","resourceful",133,86169611,99.04
"13301","scarcely",133,86169744,99.04
"13302","spate",133,86169877,99.04
"13303","sponged",133,86170010,99.04
"13304","spotless",133,86170143,99.04
"13305","starship",133,86170276,99.04
"13306","syndicate",133,86170409,99.04
"13307","tut",133,86170542,99.04
"13308","unknowingly",133,86170675,99.04
"13309","unorthodox",133,86170808,99.04
"13310","unwittingly",133,86170941,99.04
"13311","usefulness",133,86171074,99.04
"13312","yardage",133,86171207,99.04
"13313","accidently",132,86171339,99.04
"13314","accomplice",132,86171471,99.04
"13315","anecdotal",132,86171603,99.04
"13316","carcass",132,86171735,99.04
"13317","cartoonist",132,86171867,99.04
"13318","chakra",132,86171999,99.04
"13319","cinematographer",132,86172131,99.04
"13320","conscientious",132,86172263,99.04
"13321","deterioration",132,86172395,99.04
"13322","doubtless",132,86172527,99.05
"13323","emphatically",132,86172659,99.05
"13324","expressly",132,86172791,99.05
"13325","foundational",132,86172923,99.05
"13326","frenzied",132,86173055,99.05
"13327","heartburn",132,86173187,99.05
"13328","hotness",132,86173319,99.05
"13329","incompatible",132,86173451,99.05
"13330","insurmountable",132,86173583,99.05
"13331","intrusion",132,86173715,99.05
"13332","iodine",132,86173847,99.05
"13333","masse",132,86173979,99.05
"13334","morel",132,86174111,99.05
"13335","optimization",132,86174243,99.05
"13336","overture",132,86174375,99.05
"13337","overuse",132,86174507,99.05
"13338","presser",132,86174639,99.05
"13339","punishable",132,86174771,99.05
"13340","redd",132,86174903,99.05
"13341","reflex",132,86175035,99.05
"13342","saliva",132,86175167,99.05
"13343","shelling",132,86175299,99.05
"13344","shrouded",132,86175431,99.05
"13345","sig",132,86175563,99.05
"13346","stoic",132,86175695,99.05
"13347","subconsciously",132,86175827,99.05
"13348","superpower",132,86175959,99.05
"13349","untreated",132,86176091,99.05
"13350","vanishing",132,86176223,99.05
"13351","wad",132,86176355,99.05
"13352","wayward",132,86176487,99.05
"13353","allocate",131,86176618,99.05
"13354","analyses",131,86176749,99.05
"13355","appropriation",131,86176880,99.05
"13356","behemoth",131,86177011,99.05
"13357","boyer",131,86177142,99.05
"13358","burnside",131,86177273,99.05
"13359","caricature",131,86177404,99.05
"13360","cate",131,86177535,99.05
"13361","chiropractic",131,86177666,99.05
"13362","cleanser",131,86177797,99.05
"13363","clouded",131,86177928,99.05
"13364","coil",131,86178059,99.05
"13365","convent",131,86178190,99.05
"13366","convoy",131,86178321,99.05
"13367","corolla",131,86178452,99.05
"13368","discrepancy",131,86178583,99.05
"13369","ducking",131,86178714,99.05
"13370","dutifully",131,86178845,99.05
"13371","evade",131,86178976,99.05
"13372","foundry",131,86179107,99.05
"13373","fronted",131,86179238,99.05
"13374","heroism",131,86179369,99.05
"13375","intercontinental",131,86179500,99.05
"13376","intruder",131,86179631,99.05
"13377","lear",131,86179762,99.05
"13378","lifeguard",131,86179893,99.05
"13379","misread",131,86180024,99.05
"13380","oat",131,86180155,99.05
"13381","opinionated",131,86180286,99.05
"13382","oust",131,86180417,99.05
"13383","petitioner",131,86180548,99.05
"13384","polymer",131,86180679,99.05
"13385","preposterous",131,86180810,99.05
"13386","prognosis",131,86180941,99.05
"13387","recourse",131,86181072,99.05
"13388","sanded",131,86181203,99.06
"13389","sparring",131,86181334,99.06
"13390","strangle",131,86181465,99.06
"13391","sympathize",131,86181596,99.06
"13392","vehicular",131,86181727,99.06
"13393","vineland",131,86181858,99.06
"13394","yawning",131,86181989,99.06
"13395","acreage",130,86182119,99.06
"13396","anise",130,86182249,99.06
"13397","apa",130,86182379,99.06
"13398","averse",130,86182509,99.06
"13399","bateman",130,86182639,99.06
"13400","bios",130,86182769,99.06
"13401","bonanza",130,86182899,99.06
"13402","cleric",130,86183029,99.06
"13403","cohesion",130,86183159,99.06
"13404","dialing",130,86183289,99.06
"13405","diehard",130,86183419,99.06
"13406","displeasure",130,86183549,99.06
"13407","ebony",130,86183679,99.06
"13408","ether",130,86183809,99.06
"13409","genome",130,86183939,99.06
"13410","goldie",130,86184069,99.06
"13411","humankind",130,86184199,99.06
"13412","hypertension",130,86184329,99.06
"13413","lakeland",130,86184459,99.06
"13414","leaner",130,86184589,99.06
"13415","locale",130,86184719,99.06
"13416","magnesium",130,86184849,99.06
"13417","mariner",130,86184979,99.06
"13418","measly",130,86185109,99.06
"13419","patina",130,86185239,99.06
"13420","reassurance",130,86185369,99.06
"13421","rioting",130,86185499,99.06
"13422","schizophrenic",130,86185629,99.06
"13423","seduction",130,86185759,99.06
"13424","sod",130,86185889,99.06
"13425","stationery",130,86186019,99.06
"13426","surly",130,86186149,99.06
"13427","tact",130,86186279,99.06
"13428","thematic",130,86186409,99.06
"13429","thong",130,86186539,99.06
"13430","tranquility",130,86186669,99.06
"13431","tyrone",130,86186799,99.06
"13432","uncontrollable",130,86186929,99.06
"13433","ungodly",130,86187059,99.06
"13434","unsung",130,86187189,99.06
"13435","unwritten",130,86187319,99.06
"13436","wickedness",130,86187449,99.06
"13437","wounding",130,86187579,99.06
"13438","actin",129,86187708,99.06
"13439","affectionately",129,86187837,99.06
"13440","belting",129,86187966,99.06
"13441","butterscotch",129,86188095,99.06
"13442","camilla",129,86188224,99.06
"13443","checkered",129,86188353,99.06
"13444","clung",129,86188482,99.06
"13445","commune",129,86188611,99.06
"13446","cosmopolitan",129,86188740,99.06
"13447","deuce",129,86188869,99.06
"13448","doorbell",129,86188998,99.06
"13449","dosage",129,86189127,99.06
"13450","dumpling",129,86189256,99.06
"13451","ethel",129,86189385,99.06
"13452","fictitious",129,86189514,99.06
"13453","flirty",129,86189643,99.06
"13454","ghastly",129,86189772,99.06
"13455","gif",129,86189901,99.07
"13456","grog",129,86190030,99.07
"13457","gunner",129,86190159,99.07
"13458","juxtaposition",129,86190288,99.07
"13459","mace",129,86190417,99.07
"13460","mamba",129,86190546,99.07
"13461","mislead",129,86190675,99.07
"13462","mismanagement",129,86190804,99.07
"13463","mobilize",129,86190933,99.07
"13464","narrower",129,86191062,99.07
"13465","overpass",129,86191191,99.07
"13466","pallet",129,86191320,99.07
"13467","pant",129,86191449,99.07
"13468","playroom",129,86191578,99.07
"13469","provocation",129,86191707,99.07
"13470","ruffle",129,86191836,99.07
"13471","rummage",129,86191965,99.07
"13472","rung",129,86192094,99.07
"13473","schoolyard",129,86192223,99.07
"13474","thud",129,86192352,99.07
"13475","tidbit",129,86192481,99.07
"13476","unreleased",129,86192610,99.07
"13477","untouchable",129,86192739,99.07
"13478","wristband",129,86192868,99.07
"13479","alrighty",128,86192996,99.07
"13480","audacious",128,86193124,99.07
"13481","backer",128,86193252,99.07
"13482","bandage",128,86193380,99.07
"13483","bleached",128,86193508,99.07
"13484","brioche",128,86193636,99.07
"13485","burglar",128,86193764,99.07
"13486","chopin",128,86193892,99.07
"13487","convergence",128,86194020,99.07
"13488","courteous",128,86194148,99.07
"13489","deflect",128,86194276,99.07
"13490","divulge",128,86194404,99.07
"13491","exploratory",128,86194532,99.07
"13492","fortitude",128,86194660,99.07
"13493","gullible",128,86194788,99.07
"13494","hoard",128,86194916,99.07
"13495","lard",128,86195044,99.07
"13496","manhood",128,86195172,99.07
"13497","marigold",128,86195300,99.07
"13498","measles",128,86195428,99.07
"13499","mutation",128,86195556,99.07
"13500","nervousness",128,86195684,99.07
"13501","oblique",128,86195812,99.07
"13502","overlay",128,86195940,99.07
"13503","peasy",128,86196068,99.07
"13504","peavy",128,86196196,99.07
"13505","pelt",128,86196324,99.07
"13506","personalize",128,86196452,99.07
"13507","physicist",128,86196580,99.07
"13508","polyester",128,86196708,99.07
"13509","preparatory",128,86196836,99.07
"13510","quid",128,86196964,99.07
"13511","rationality",128,86197092,99.07
"13512","rejoin",128,86197220,99.07
"13513","relational",128,86197348,99.07
"13514","ridiculousness",128,86197476,99.07
"13515","rockaway",128,86197604,99.07
"13516","sacrament",128,86197732,99.07
"13517","signify",128,86197860,99.07
"13518","steamboat",128,86197988,99.07
"13519","stifling",128,86198116,99.07
"13520","suffocating",128,86198244,99.07
"13521","tanker",128,86198372,99.07
"13522","totalitarian",128,86198500,99.07
"13523","unplug",128,86198628,99.08
"13524","unraveling",128,86198756,99.08
"13525","acutely",127,86198883,99.08
"13526","anterior",127,86199010,99.08
"13527","beech",127,86199137,99.08
"13528","blackbird",127,86199264,99.08
"13529","blip",127,86199391,99.08
"13530","boar",127,86199518,99.08
"13531","bouncer",127,86199645,99.08
"13532","cavalry",127,86199772,99.08
"13533","classically",127,86199899,99.08
"13534","denomination",127,86200026,99.08
"13535","drawback",127,86200153,99.08
"13536","dredge",127,86200280,99.08
"13537","fingerprint",127,86200407,99.08
"13538","friendliness",127,86200534,99.08
"13539","gasping",127,86200661,99.08
"13540","glassware",127,86200788,99.08
"13541","grandiose",127,86200915,99.08
"13542","grange",127,86201042,99.08
"13543","illogical",127,86201169,99.08
"13544","infestation",127,86201296,99.08
"13545","insistent",127,86201423,99.08
"13546","irritable",127,86201550,99.08
"13547","jot",127,86201677,99.08
"13548","letdown",127,86201804,99.08
"13549","libel",127,86201931,99.08
"13550","lifeboat",127,86202058,99.08
"13551","liquidation",127,86202185,99.08
"13552","locust",127,86202312,99.08
"13553","lupe",127,86202439,99.08
"13554","marginally",127,86202566,99.08
"13555","overblown",127,86202693,99.08
"13556","penetrating",127,86202820,99.08
"13557","piazza",127,86202947,99.08
"13558","prehistoric",127,86203074,99.08
"13559","recapture",127,86203201,99.08
"13560","removable",127,86203328,99.08
"13561","replenish",127,86203455,99.08
"13562","scotia",127,86203582,99.08
"13563","sicilian",127,86203709,99.08
"13564","spurt",127,86203836,99.08
"13565","tint",127,86203963,99.08
"13566","vouch",127,86204090,99.08
"13567","weir",127,86204217,99.08
"13568","wisteria",127,86204344,99.08
"13569","witchcraft",127,86204471,99.08
"13570","worsening",127,86204598,99.08
"13571","wrinkled",127,86204725,99.08
"13572","alienation",126,86204851,99.08
"13573","apnea",126,86204977,99.08
"13574","apprehensive",126,86205103,99.08
"13575","archaic",126,86205229,99.08
"13576","assailant",126,86205355,99.08
"13577","assessor",126,86205481,99.08
"13578","biceps",126,86205607,99.08
"13579","blackness",126,86205733,99.08
"13580","chassis",126,86205859,99.08
"13581","columbine",126,86205985,99.08
"13582","curvy",126,86206111,99.08
"13583","digestion",126,86206237,99.08
"13584","erotica",126,86206363,99.08
"13585","fervent",126,86206489,99.08
"13586","grumbling",126,86206615,99.08
"13587","ignition",126,86206741,99.08
"13588","laird",126,86206867,99.08
"13589","milo",126,86206993,99.08
"13590","ornamental",126,86207119,99.08
"13591","outcast",126,86207245,99.08
"13592","overdone",126,86207371,99.09
"13593","painstakingly",126,86207497,99.09
"13594","pessimist",126,86207623,99.09
"13595","purdy",126,86207749,99.09
"13596","relieving",126,86207875,99.09
"13597","respondent",126,86208001,99.09
"13598","sanction",126,86208127,99.09
"13599","schoolwork",126,86208253,99.09
"13600","scoured",126,86208379,99.09
"13601","scribbled",126,86208505,99.09
"13602","simulator",126,86208631,99.09
"13603","socket",126,86208757,99.09
"13604","stamper",126,86208883,99.09
"13605","symphonic",126,86209009,99.09
"13606","transmit",126,86209135,99.09
"13607","unclaimed",126,86209261,99.09
"13608","unforgiving",126,86209387,99.09
"13609","unmatched",126,86209513,99.09
"13610","vicariously",126,86209639,99.09
"13611","windfall",126,86209765,99.09
"13612","adorn",125,86209890,99.09
"13613","amir",125,86210015,99.09
"13614","amplify",125,86210140,99.09
"13615","anon",125,86210265,99.09
"13616","apologetic",125,86210390,99.09
"13617","bastion",125,86210515,99.09
"13618","beading",125,86210640,99.09
"13619","chit",125,86210765,99.09
"13620","cornered",125,86210890,99.09
"13621","dank",125,86211015,99.09
"13622","deprive",125,86211140,99.09
"13623","escalate",125,86211265,99.09
"13624","escrow",125,86211390,99.09
"13625","evasion",125,86211515,99.09
"13626","flutter",125,86211640,99.09
"13627","grout",125,86211765,99.09
"13628","guerrilla",125,86211890,99.09
"13629","haw",125,86212015,99.09
"13630","heave",125,86212140,99.09
"13631","indignation",125,86212265,99.09
"13632","irrespective",125,86212390,99.09
"13633","jest",125,86212515,99.09
"13634","neurotic",125,86212640,99.09
"13635","obituary",125,86212765,99.09
"13636","objectively",125,86212890,99.09
"13637","objectivity",125,86213015,99.09
"13638","oceanic",125,86213140,99.09
"13639","ostrich",125,86213265,99.09
"13640","petrified",125,86213390,99.09
"13641","physicality",125,86213515,99.09
"13642","ply",125,86213640,99.09
"13643","podge",125,86213765,99.09
"13644","quilted",125,86213890,99.09
"13645","quinton",125,86214015,99.09
"13646","rejoicing",125,86214140,99.09
"13647","shortbread",125,86214265,99.09
"13648","shun",125,86214390,99.09
"13649","sleeved",125,86214515,99.09
"13650","snails",125,86214640,99.09
"13651","springboard",125,86214765,99.09
"13652","tasteful",125,86214890,99.09
"13653","twinkling",125,86215015,99.09
"13654","veep",125,86215140,99.09
"13655","wedged",125,86215265,99.09
"13656","winded",125,86215390,99.09
"13657","abuser",124,86215514,99.09
"13658","achievable",124,86215638,99.09
"13659","agnostic",124,86215762,99.09
"13660","amor",124,86215886,99.09
"13661","arty",124,86216010,99.1
"13662","asperger",124,86216134,99.1
"13663","attainable",124,86216258,99.1
"13664","bountiful",124,86216382,99.1
"13665","brash",124,86216506,99.1
"13666","brewster",124,86216630,99.1
"13667","cabot",124,86216754,99.1
"13668","characterize",124,86216878,99.1
"13669","chimpanzee",124,86217002,99.1
"13670","circumcision",124,86217126,99.1
"13671","closeness",124,86217250,99.1
"13672","clot",124,86217374,99.1
"13673","comforter",124,86217498,99.1
"13674","contraceptive",124,86217622,99.1
"13675","convene",124,86217746,99.1
"13676","cutoff",124,86217870,99.1
"13677","cyclical",124,86217994,99.1
"13678","deficient",124,86218118,99.1
"13679","delirium",124,86218242,99.1
"13680","eulogy",124,86218366,99.1
"13681","fantastically",124,86218490,99.1
"13682","fizz",124,86218614,99.1
"13683","gash",124,86218738,99.1
"13684","gilt",124,86218862,99.1
"13685","horizontally",124,86218986,99.1
"13686","inconsistency",124,86219110,99.1
"13687","inexcusable",124,86219234,99.1
"13688","materialism",124,86219358,99.1
"13689","minding",124,86219482,99.1
"13690","needlessly",124,86219606,99.1
"13691","pasted",124,86219730,99.1
"13692","pastrami",124,86219854,99.1
"13693","perilous",124,86219978,99.1
"13694","protracted",124,86220102,99.1
"13695","quantify",124,86220226,99.1
"13696","quantitative",124,86220350,99.1
"13697","quell",124,86220474,99.1
"13698","rectify",124,86220598,99.1
"13699","remnant",124,86220722,99.1
"13700","rind",124,86220846,99.1
"13701","spatial",124,86220970,99.1
"13702","stalwart",124,86221094,99.1
"13703","subtext",124,86221218,99.1
"13704","sunken",124,86221342,99.1
"13705","surpassing",124,86221466,99.1
"13706","tiff",124,86221590,99.1
"13707","truce",124,86221714,99.1
"13708","tyre",124,86221838,99.1
"13709","unaffected",124,86221962,99.1
"13710","unchecked",124,86222086,99.1
"13711","uniformly",124,86222210,99.1
"13712","uninspired",124,86222334,99.1
"13713","wale",124,86222458,99.1
"13714","aborted",123,86222581,99.1
"13715","alumnus",123,86222704,99.1
"13716","amino",123,86222827,99.1
"13717","asp",123,86222950,99.1
"13718","awesomely",123,86223073,99.1
"13719","behest",123,86223196,99.1
"13720","bobo",123,86223319,99.1
"13721","chattering",123,86223442,99.1
"13722","compulsion",123,86223565,99.1
"13723","cortez",123,86223688,99.1
"13724","cramping",123,86223811,99.1
"13725","empress",123,86223934,99.1
"13726","fang",123,86224057,99.1
"13727","fixer",123,86224180,99.1
"13728","ged",123,86224303,99.1
"13729","gravitate",123,86224426,99.1
"13730","indelible",123,86224549,99.1
"13731","interchangeable",123,86224672,99.11
"13732","looney",123,86224795,99.11
"13733","mantel",123,86224918,99.11
"13734","mediator",123,86225041,99.11
"13735","nary",123,86225164,99.11
"13736","nativity",123,86225287,99.11
"13737","navigator",123,86225410,99.11
"13738","neurologist",123,86225533,99.11
"13739","pacer",123,86225656,99.11
"13740","patchy",123,86225779,99.11
"13741","pounced",123,86225902,99.11
"13742","proportional",123,86226025,99.11
"13743","reactive",123,86226148,99.11
"13744","rit",123,86226271,99.11
"13745","roofing",123,86226394,99.11
"13746","rotisserie",123,86226517,99.11
"13747","ruckus",123,86226640,99.11
"13748","saber",123,86226763,99.11
"13749","sketchbook",123,86226886,99.11
"13750","snort",123,86227009,99.11
"13751","solicited",123,86227132,99.11
"13752","sonata",123,86227255,99.11
"13753","sprinkler",123,86227378,99.11
"13754","steamer",123,86227501,99.11
"13755","suburbia",123,86227624,99.11
"13756","tearful",123,86227747,99.11
"13757","tiresome",123,86227870,99.11
"13758","widowed",123,86227993,99.11
"13759","abbas",122,86228115,99.11
"13760","agreeable",122,86228237,99.11
"13761","ammonia",122,86228359,99.11
"13762","balk",122,86228481,99.11
"13763","bluntly",122,86228603,99.11
"13764","chun",122,86228725,99.11
"13765","clog",122,86228847,99.11
"13766","commando",122,86228969,99.11
"13767","crucifixion",122,86229091,99.11
"13768","cultured",122,86229213,99.11
"13769","dainty",122,86229335,99.11
"13770","daze",122,86229457,99.11
"13771","detachment",122,86229579,99.11
"13772","diagnoses",122,86229701,99.11
"13773","ensue",122,86229823,99.11
"13774","firth",122,86229945,99.11
"13775","forwarding",122,86230067,99.11
"13776","fragment",122,86230189,99.11
"13777","grasshopper",122,86230311,99.11
"13778","habitual",122,86230433,99.11
"13779","introspective",122,86230555,99.11
"13780","knickers",122,86230677,99.11
"13781","mambo",122,86230799,99.11
"13782","mannequin",122,86230921,99.11
"13783","milder",122,86231043,99.11
"13784","nourish",122,86231165,99.11
"13785","otherworldly",122,86231287,99.11
"13786","overalls",122,86231409,99.11
"13787","parity",122,86231531,99.11
"13788","playfully",122,86231653,99.11
"13789","poplar",122,86231775,99.11
"13790","refinement",122,86231897,99.11
"13791","reinforcement",122,86232019,99.11
"13792","reminisce",122,86232141,99.11
"13793","routing",122,86232263,99.11
"13794","sauerkraut",122,86232385,99.11
"13795","scorched",122,86232507,99.11
"13796","searchable",122,86232629,99.11
"13797","shay",122,86232751,99.11
"13798","skillful",122,86232873,99.11
"13799","tamara",122,86232995,99.11
"13800","taster",122,86233117,99.11
"13801","tortoise",122,86233239,99.11
"13802","uninformed",122,86233361,99.12
"13803","unprotected",122,86233483,99.12
"13804","vertically",122,86233605,99.12
"13805","windmill",122,86233727,99.12
"13806","yom",122,86233849,99.12
"13807","zee",122,86233971,99.12
"13808","abstraction",121,86234092,99.12
"13809","amiss",121,86234213,99.12
"13810","banked",121,86234334,99.12
"13811","borg",121,86234455,99.12
"13812","brute",121,86234576,99.12
"13813","chameleon",121,86234697,99.12
"13814","chlorine",121,86234818,99.12
"13815","climactic",121,86234939,99.12
"13816","coy",121,86235060,99.12
"13817","denominator",121,86235181,99.12
"13818","disgraceful",121,86235302,99.12
"13819","dissect",121,86235423,99.12
"13820","duplex",121,86235544,99.12
"13821","enamel",121,86235665,99.12
"13822","encompass",121,86235786,99.12
"13823","exes",121,86235907,99.12
"13824","flan",121,86236028,99.12
"13825","hooper",121,86236149,99.12
"13826","immediacy",121,86236270,99.12
"13827","innocuous",121,86236391,99.12
"13828","inpatient",121,86236512,99.12
"13829","inseparable",121,86236633,99.12
"13830","intolerable",121,86236754,99.12
"13831","lactose",121,86236875,99.12
"13832","llama",121,86236996,99.12
"13833","manger",121,86237117,99.12
"13834","meditating",121,86237238,99.12
"13835","paolo",121,86237359,99.12
"13836","papaya",121,86237480,99.12
"13837","populate",121,86237601,99.12
"13838","populous",121,86237722,99.12
"13839","rah",121,86237843,99.12
"13840","reflux",121,86237964,99.12
"13841","reheat",121,86238085,99.12
"13842","shiner",121,86238206,99.12
"13843","smattering",121,86238327,99.12
"13844","smelt",121,86238448,99.12
"13845","standstill",121,86238569,99.12
"13846","sturgeon",121,86238690,99.12
"13847","supremely",121,86238811,99.12
"13848","taper",121,86238932,99.12
"13849","ump",121,86239053,99.12
"13850","unannounced",121,86239174,99.12
"13851","unfiltered",121,86239295,99.12
"13852","variance",121,86239416,99.12
"13853","wahoo",121,86239537,99.12
"13854","wallow",121,86239658,99.12
"13855","yoke",121,86239779,99.12
"13856","adherence",120,86239899,99.12
"13857","aesthetically",120,86240019,99.12
"13858","ailment",120,86240139,99.12
"13859","angelica",120,86240259,99.12
"13860","appendix",120,86240379,99.12
"13861","assuring",120,86240499,99.12
"13862","beagle",120,86240619,99.12
"13863","blighted",120,86240739,99.12
"13864","cleaver",120,86240859,99.12
"13865","conquering",120,86240979,99.12
"13866","consensual",120,86241099,99.12
"13867","crouch",120,86241219,99.12
"13868","cultivation",120,86241339,99.12
"13869","diminutive",120,86241459,99.12
"13870","ebb",120,86241579,99.12
"13871","eloquently",120,86241699,99.12
"13872","epidural",120,86241819,99.12
"13873","expulsion",120,86241939,99.12
"13874","firepower",120,86242059,99.13
"13875","fished",120,86242179,99.13
"13876","gnome",120,86242299,99.13
"13877","griddle",120,86242419,99.13
"13878","heresy",120,86242539,99.13
"13879","innocently",120,86242659,99.13
"13880","insatiable",120,86242779,99.13
"13881","ladybug",120,86242899,99.13
"13882","lagged",120,86243019,99.13
"13883","lam",120,86243139,99.13
"13884","limousine",120,86243259,99.13
"13885","lowery",120,86243379,99.13
"13886","marketable",120,86243499,99.13
"13887","meditative",120,86243619,99.13
"13888","midweek",120,86243739,99.13
"13889","minimally",120,86243859,99.13
"13890","momentary",120,86243979,99.13
"13891","pamphlet",120,86244099,99.13
"13892","pelvis",120,86244219,99.13
"13893","penang",120,86244339,99.13
"13894","pennant",120,86244459,99.13
"13895","pesticide",120,86244579,99.13
"13896","polio",120,86244699,99.13
"13897","randomness",120,86244819,99.13
"13898","regularity",120,86244939,99.13
"13899","replete",120,86245059,99.13
"13900","retroactive",120,86245179,99.13
"13901","revue",120,86245299,99.13
"13902","sever",120,86245419,99.13
"13903","shan",120,86245539,99.13
"13904","shrank",120,86245659,99.13
"13905","sleet",120,86245779,99.13
"13906","soapy",120,86245899,99.13
"13907","starlight",120,86246019,99.13
"13908","stretcher",120,86246139,99.13
"13909","swatch",120,86246259,99.13
"13910","swerve",120,86246379,99.13
"13911","tepid",120,86246499,99.13
"13912","tongs",120,86246619,99.13
"13913","unbroken",120,86246739,99.13
"13914","unquestionably",120,86246859,99.13
"13915","unwrapped",120,86246979,99.13
"13916","waistline",120,86247099,99.13
"13917","wistful",120,86247219,99.13
"13918","wronged",120,86247339,99.13
"13919","zenith",120,86247459,99.13
"13920","ambivalent",119,86247578,99.13
"13921","ancestral",119,86247697,99.13
"13922","angled",119,86247816,99.13
"13923","artfully",119,86247935,99.13
"13924","bodice",119,86248054,99.13
"13925","chauffeur",119,86248173,99.13
"13926","complication",119,86248292,99.13
"13927","cramp",119,86248411,99.13
"13928","deacon",119,86248530,99.13
"13929","eggnog",119,86248649,99.13
"13930","emancipation",119,86248768,99.13
"13931","figurative",119,86248887,99.13
"13932","fireball",119,86249006,99.13
"13933","humanly",119,86249125,99.13
"13934","hydro",119,86249244,99.13
"13935","kappa",119,86249363,99.13
"13936","knoll",119,86249482,99.13
"13937","leveling",119,86249601,99.13
"13938","metaphorically",119,86249720,99.13
"13939","midseason",119,86249839,99.13
"13940","mover",119,86249958,99.13
"13941","parasite",119,86250077,99.13
"13942","periphery",119,86250196,99.13
"13943","perished",119,86250315,99.13
"13944","proctor",119,86250434,99.13
"13945","reincarnation",119,86250553,99.13
"13946","remedial",119,86250672,99.13
"13947","roosters",119,86250791,99.14
"13948","rotunda",119,86250910,99.14
"13949","salesperson",119,86251029,99.14
"13950","semantic",119,86251148,99.14
"13951","shrub",119,86251267,99.14
"13952","stupidly",119,86251386,99.14
"13953","torturing",119,86251505,99.14
"13954","unconsciously",119,86251624,99.14
"13955","undying",119,86251743,99.14
"13956","vendetta",119,86251862,99.14
"13957","worsen",119,86251981,99.14
"13958","accretive",118,86252099,99.14
"13959","accuser",118,86252217,99.14
"13960","appointee",118,86252335,99.14
"13961","banger",118,86252453,99.14
"13962","bereft",118,86252571,99.14
"13963","bottomed",118,86252689,99.14
"13964","breeder",118,86252807,99.14
"13965","buckled",118,86252925,99.14
"13966","burdensome",118,86253043,99.14
"13967","cayman",118,86253161,99.14
"13968","collie",118,86253279,99.14
"13969","confessional",118,86253397,99.14
"13970","constipation",118,86253515,99.14
"13971","deceptively",118,86253633,99.14
"13972","detract",118,86253751,99.14
"13973","discipleship",118,86253869,99.14
"13974","eponymous",118,86253987,99.14
"13975","estimation",118,86254105,99.14
"13976","exasperated",118,86254223,99.14
"13977","exorbitant",118,86254341,99.14
"13978","fabled",118,86254459,99.14
"13979","ginny",118,86254577,99.14
"13980","gratuitous",118,86254695,99.14
"13981","gush",118,86254813,99.14
"13982","hiss",118,86254931,99.14
"13983","hurling",118,86255049,99.14
"13984","hypnosis",118,86255167,99.14
"13985","intentioned",118,86255285,99.14
"13986","intestinal",118,86255403,99.14
"13987","largo",118,86255521,99.14
"13988","lux",118,86255639,99.14
"13989","merlin",118,86255757,99.14
"13990","midsummer",118,86255875,99.14
"13991","mumble",118,86255993,99.14
"13992","opal",118,86256111,99.14
"13993","outnumber",118,86256229,99.14
"13994","panting",118,86256347,99.14
"13995","perky",118,86256465,99.14
"13996","planter",118,86256583,99.14
"13997","queasy",118,86256701,99.14
"13998","scapegoat",118,86256819,99.14
"13999","scourge",118,86256937,99.14
"14000","shallot",118,86257055,99.14
"14001","sifted",118,86257173,99.14
"14002","sisterhood",118,86257291,99.14
"14003","slasher",118,86257409,99.14
"14004","slur",118,86257527,99.14
"14005","smalls",118,86257645,99.14
"14006","socioeconomic",118,86257763,99.14
"14007","toot",118,86257881,99.14
"14008","tulle",118,86257999,99.14
"14009","unsaid",118,86258117,99.14
"14010","viper",118,86258235,99.14
"14011","zealous",118,86258353,99.14
"14012","adapter",117,86258470,99.14
"14013","boldness",117,86258587,99.14
"14014","bordered",117,86258704,99.14
"14015","bravado",117,86258821,99.14
"14016","caged",117,86258938,99.14
"14017","centrist",117,86259055,99.14
"14018","cervical",117,86259172,99.14
"14019","childlike",117,86259289,99.14
"14020","clerical",117,86259406,99.14
"14021","czar",117,86259523,99.15
"14022","decorator",117,86259640,99.15
"14023","defenseless",117,86259757,99.15
"14024","devious",117,86259874,99.15
"14025","diversify",117,86259991,99.15
"14026","divisional",117,86260108,99.15
"14027","erode",117,86260225,99.15
"14028","fable",117,86260342,99.15
"14029","fallacy",117,86260459,99.15
"14030","fatality",117,86260576,99.15
"14031","fatter",117,86260693,99.15
"14032","fowl",117,86260810,99.15
"14033","frenetic",117,86260927,99.15
"14034","gage",117,86261044,99.15
"14035","galley",117,86261161,99.15
"14036","genitals",117,86261278,99.15
"14037","halting",117,86261395,99.15
"14038","incase",117,86261512,99.15
"14039","inexperience",117,86261629,99.15
"14040","jitters",117,86261746,99.15
"14041","kali",117,86261863,99.15
"14042","kiki",117,86261980,99.15
"14043","kneel",117,86262097,99.15
"14044","legality",117,86262214,99.15
"14045","lug",117,86262331,99.15
"14046","masonic",117,86262448,99.15
"14047","optimize",117,86262565,99.15
"14048","outshot",117,86262682,99.15
"14049","peppery",117,86262799,99.15
"14050","ramping",117,86262916,99.15
"14051","retake",117,86263033,99.15
"14052","shaggy",117,86263150,99.15
"14053","snip",117,86263267,99.15
"14054","spelt",117,86263384,99.15
"14055","stiffness",117,86263501,99.15
"14056","suave",117,86263618,99.15
"14057","surname",117,86263735,99.15
"14058","talkative",117,86263852,99.15
"14059","tamarind",117,86263969,99.15
"14060","thrash",117,86264086,99.15
"14061","turbulence",117,86264203,99.15
"14062","ugliness",117,86264320,99.15
"14063","unholy",117,86264437,99.15
"14064","unremarkable",117,86264554,99.15
"14065","untapped",117,86264671,99.15
"14066","vaulted",117,86264788,99.15
"14067","yellows",117,86264905,99.15
"14068","antioxidant",116,86265021,99.15
"14069","atonement",116,86265137,99.15
"14070","barbaric",116,86265253,99.15
"14071","barlow",116,86265369,99.15
"14072","blustery",116,86265485,99.15
"14073","brood",116,86265601,99.15
"14074","calico",116,86265717,99.15
"14075","caribou",116,86265833,99.15
"14076","categorize",116,86265949,99.15
"14077","cavernous",116,86266065,99.15
"14078","chemist",116,86266181,99.15
"14079","choppy",116,86266297,99.15
"14080","circumvent",116,86266413,99.15
"14081","conduit",116,86266529,99.15
"14082","congenital",116,86266645,99.15
"14083","crass",116,86266761,99.15
"14084","dilute",116,86266877,99.15
"14085","distort",116,86266993,99.15
"14086","dud",116,86267109,99.15
"14087","electromagnetic",116,86267225,99.15
"14088","gauntlet",116,86267341,99.15
"14089","gether",116,86267457,99.15
"14090","gleefully",116,86267573,99.15
"14091","gnarly",116,86267689,99.15
"14092","hopelessness",116,86267805,99.15
"14093","hornet",116,86267921,99.15
"14094","idiocy",116,86268037,99.15
"14095","impassioned",116,86268153,99.16
"14096","impressively",116,86268269,99.16
"14097","inaccessible",116,86268385,99.16
"14098","inconceivable",116,86268501,99.16
"14099","indecent",116,86268617,99.16
"14100","inescapable",116,86268733,99.16
"14101","interlude",116,86268849,99.16
"14102","interplay",116,86268965,99.16
"14103","irritate",116,86269081,99.16
"14104","jell",116,86269197,99.16
"14105","mailer",116,86269313,99.16
"14106","messrs",116,86269429,99.16
"14107","monsieur",116,86269545,99.16
"14108","morphine",116,86269661,99.16
"14109","pent",116,86269777,99.16
"14110","pious",116,86269893,99.16
"14111","professed",116,86270009,99.16
"14112","puma",116,86270125,99.16
"14113","reiterate",116,86270241,99.16
"14114","scooping",116,86270357,99.16
"14115","scrooge",116,86270473,99.16
"14116","singleton",116,86270589,99.16
"14117","slapstick",116,86270705,99.16
"14118","snitch",116,86270821,99.16
"14119","soundly",116,86270937,99.16
"14120","stopper",116,86271053,99.16
"14121","talker",116,86271169,99.16
"14122","uncomfortably",116,86271285,99.16
"14123","unwarranted",116,86271401,99.16
"14124","upkeep",116,86271517,99.16
"14125","upping",116,86271633,99.16
"14126","vacate",116,86271749,99.16
"14127","vas",116,86271865,99.16
"14128","vermouth",116,86271981,99.16
"14129","warcraft",116,86272097,99.16
"14130","writ",116,86272213,99.16
"14131","affable",115,86272328,99.16
"14132","astonishingly",115,86272443,99.16
"14133","barth",115,86272558,99.16
"14134","biographical",115,86272673,99.16
"14135","birthright",115,86272788,99.16
"14136","bonnet",115,86272903,99.16
"14137","boyish",115,86273018,99.16
"14138","cad",115,86273133,99.16
"14139","centipede",115,86273248,99.16
"14140","combing",115,86273363,99.16
"14141","commemoration",115,86273478,99.16
"14142","consummate",115,86273593,99.16
"14143","deepwater",115,86273708,99.16
"14144","dingy",115,86273823,99.16
"14145","disjointed",115,86273938,99.16
"14146","distinguishing",115,86274053,99.16
"14147","elegantly",115,86274168,99.16
"14148","foolishly",115,86274283,99.16
"14149","fruitless",115,86274398,99.16
"14150","furthest",115,86274513,99.16
"14151","gliding",115,86274628,99.16
"14152","knick",115,86274743,99.16
"14153","mandolin",115,86274858,99.16
"14154","menstrual",115,86274973,99.16
"14155","milling",115,86275088,99.16
"14156","mortified",115,86275203,99.16
"14157","node",115,86275318,99.16
"14158","ped",115,86275433,99.16
"14159","permissible",115,86275548,99.16
"14160","pitting",115,86275663,99.16
"14161","purging",115,86275778,99.16
"14162","raking",115,86275893,99.16
"14163","reprise",115,86276008,99.16
"14164","reshape",115,86276123,99.16
"14165","seedy",115,86276238,99.16
"14166","skeet",115,86276353,99.16
"14167","sufficiency",115,86276468,99.16
"14168","uncooked",115,86276583,99.16
"14169","undiscovered",115,86276698,99.16
"14170","unopposed",115,86276813,99.16
"14171","weasel",115,86276928,99.17
"14172","werent",115,86277043,99.17
"14173","absurdly",114,86277157,99.17
"14174","admirably",114,86277271,99.17
"14175","aswell",114,86277385,99.17
"14176","bartending",114,86277499,99.17
"14177","bolivia",114,86277613,99.17
"14178","cathartic",114,86277727,99.17
"14179","chug",114,86277841,99.17
"14180","compatibility",114,86277955,99.17
"14181","corrugated",114,86278069,99.17
"14182","creamery",114,86278183,99.17
"14183","curing",114,86278297,99.17
"14184","damning",114,86278411,99.17
"14185","dazzle",114,86278525,99.17
"14186","disarray",114,86278639,99.17
"14187","discernment",114,86278753,99.17
"14188","endanger",114,86278867,99.17
"14189","equilibrium",114,86278981,99.17
"14190","fibrosis",114,86279095,99.17
"14191","fluttering",114,86279209,99.17
"14192","gab",114,86279323,99.17
"14193","gingham",114,86279437,99.17
"14194","gunning",114,86279551,99.17
"14195","hakeem",114,86279665,99.17
"14196","impunity",114,86279779,99.17
"14197","incur",114,86279893,99.17
"14198","inquisitive",114,86280007,99.17
"14199","instinctive",114,86280121,99.17
"14200","intensify",114,86280235,99.17
"14201","jumble",114,86280349,99.17
"14202","lamenting",114,86280463,99.17
"14203","lexicon",114,86280577,99.17
"14204","mem",114,86280691,99.17
"14205","negotiator",114,86280805,99.17
"14206","organism",114,86280919,99.17
"14207","patriarch",114,86281033,99.17
"14208","pedagogy",114,86281147,99.17
"14209","perpetuate",114,86281261,99.17
"14210","preventative",114,86281375,99.17
"14211","profane",114,86281489,99.17
"14212","profusely",114,86281603,99.17
"14213","prolong",114,86281717,99.17
"14214","reactionary",114,86281831,99.17
"14215","recliner",114,86281945,99.17
"14216","reformation",114,86282059,99.17
"14217","relapse",114,86282173,99.17
"14218","remade",114,86282287,99.17
"14219","rigor",114,86282401,99.17
"14220","ruff",114,86282515,99.17
"14221","scrum",114,86282629,99.17
"14222","shi",114,86282743,99.17
"14223","soured",114,86282857,99.17
"14224","stifle",114,86282971,99.17
"14225","stunningly",114,86283085,99.17
"14226","tasteless",114,86283199,99.17
"14227","uncontrolled",114,86283313,99.17
"14228","willfully",114,86283427,99.17
"14229","ablaze",113,86283540,99.17
"14230","braided",113,86283653,99.17
"14231","burly",113,86283766,99.17
"14232","chute",113,86283879,99.17
"14233","cocoon",113,86283992,99.17
"14234","colonialism",113,86284105,99.17
"14235","corvette",113,86284218,99.17
"14236","crackling",113,86284331,99.17
"14237","denounce",113,86284444,99.17
"14238","enactment",113,86284557,99.17
"14239","enquirer",113,86284670,99.17
"14240","entryway",113,86284783,99.17
"14241","fabrication",113,86284896,99.17
"14242","fay",113,86285009,99.17
"14243","fiddling",113,86285122,99.17
"14244","flavoring",113,86285235,99.17
"14245","forgery",113,86285348,99.17
"14246","fused",113,86285461,99.17
"14247","grandparent",113,86285574,99.18
"14248","ilk",113,86285687,99.18
"14249","imposition",113,86285800,99.18
"14250","intoxication",113,86285913,99.18
"14251","introvert",113,86286026,99.18
"14252","keek",113,86286139,99.18
"14253","keenly",113,86286252,99.18
"14254","locomotive",113,86286365,99.18
"14255","modernity",113,86286478,99.18
"14256","modular",113,86286591,99.18
"14257","nil",113,86286704,99.18
"14258","nothingness",113,86286817,99.18
"14259","obsess",113,86286930,99.18
"14260","occupant",113,86287043,99.18
"14261","oodles",113,86287156,99.18
"14262","pathology",113,86287269,99.18
"14263","phrasing",113,86287382,99.18
"14264","pol",113,86287495,99.18
"14265","pornographic",113,86287608,99.18
"14266","pothole",113,86287721,99.18
"14267","proton",113,86287834,99.18
"14268","reaper",113,86287947,99.18
"14269","recklessly",113,86288060,99.18
"14270","rerun",113,86288173,99.18
"14271","serum",113,86288286,99.18
"14272","skeptic",113,86288399,99.18
"14273","sloth",113,86288512,99.18
"14274","steeler",113,86288625,99.18
"14275","teapot",113,86288738,99.18
"14276","teeming",113,86288851,99.18
"14277","teething",113,86288964,99.18
"14278","tightness",113,86289077,99.18
"14279","toxicology",113,86289190,99.18
"14280","tundra",113,86289303,99.18
"14281","tunic",113,86289416,99.18
"14282","unflattering",113,86289529,99.18
"14283","unmanned",113,86289642,99.18
"14284","vibrate",113,86289755,99.18
"14285","arched",112,86289867,99.18
"14286","beset",112,86289979,99.18
"14287","bulletproof",112,86290091,99.18
"14288","cadre",112,86290203,99.18
"14289","callous",112,86290315,99.18
"14290","cancerous",112,86290427,99.18
"14291","cartilage",112,86290539,99.18
"14292","celiac",112,86290651,99.18
"14293","concurrent",112,86290763,99.18
"14294","cystic",112,86290875,99.18
"14295","decathlon",112,86290987,99.18
"14296","devouring",112,86291099,99.18
"14297","dibs",112,86291211,99.18
"14298","dissolution",112,86291323,99.18
"14299","emphatic",112,86291435,99.18
"14300","enchantment",112,86291547,99.18
"14301","eyre",112,86291659,99.18
"14302","faintly",112,86291771,99.18
"14303","flamingo",112,86291883,99.18
"14304","gaudy",112,86291995,99.18
"14305","goblin",112,86292107,99.18
"14306","golly",112,86292219,99.18
"14307","goof",112,86292331,99.18
"14308","grower",112,86292443,99.18
"14309","guidebook",112,86292555,99.18
"14310","headboard",112,86292667,99.18
"14311","hydration",112,86292779,99.18
"14312","illegitimate",112,86292891,99.18
"14313","impala",112,86293003,99.18
"14314","inkling",112,86293115,99.18
"14315","kelp",112,86293227,99.18
"14316","livid",112,86293339,99.18
"14317","mana",112,86293451,99.18
"14318","meddling",112,86293563,99.18
"14319","moro",112,86293675,99.18
"14320","mott",112,86293787,99.18
"14321","null",112,86293899,99.18
"14322","opportunistic",112,86294011,99.18
"14323","pollard",112,86294123,99.18
"14324","pounce",112,86294235,99.18
"14325","refreshingly",112,86294347,99.19
"14326","regent",112,86294459,99.19
"14327","replicated",112,86294571,99.19
"14328","restful",112,86294683,99.19
"14329","roomy",112,86294795,99.19
"14330","roselle",112,86294907,99.19
"14331","slinging",112,86295019,99.19
"14332","slipper",112,86295131,99.19
"14333","snuff",112,86295243,99.19
"14334","strainer",112,86295355,99.19
"14335","trucker",112,86295467,99.19
"14336","tucking",112,86295579,99.19
"14337","twig",112,86295691,99.19
"14338","unwise",112,86295803,99.19
"14339","alienate",111,86295914,99.19
"14340","cadet",111,86296025,99.19
"14341","creamer",111,86296136,99.19
"14342","custodian",111,86296247,99.19
"14343","demented",111,86296358,99.19
"14344","dialect",111,86296469,99.19
"14345","div",111,86296580,99.19
"14346","emit",111,86296691,99.19
"14347","equine",111,86296802,99.19
"14348","eruption",111,86296913,99.19
"14349","expedite",111,86297024,99.19
"14350","feller",111,86297135,99.19
"14351","fink",111,86297246,99.19
"14352","frilly",111,86297357,99.19
"14353","frolic",111,86297468,99.19
"14354","garnished",111,86297579,99.19
"14355","heft",111,86297690,99.19
"14356","homemaker",111,86297801,99.19
"14357","hoopla",111,86297912,99.19
"14358","inane",111,86298023,99.19
"14359","indecisive",111,86298134,99.19
"14360","inhumane",111,86298245,99.19
"14361","intelligently",111,86298356,99.19
"14362","jaunt",111,86298467,99.19
"14363","juncture",111,86298578,99.19
"14364","lawless",111,86298689,99.19
"14365","modernism",111,86298800,99.19
"14366","mora",111,86298911,99.19
"14367","morgue",111,86299022,99.19
"14368","naturalist",111,86299133,99.19
"14369","nee",111,86299244,99.19
"14370","obi",111,86299355,99.19
"14371","palma",111,86299466,99.19
"14372","profess",111,86299577,99.19
"14373","reprimand",111,86299688,99.19
"14374","rhine",111,86299799,99.19
"14375","roadhouse",111,86299910,99.19
"14376","sash",111,86300021,99.19
"14377","seamstress",111,86300132,99.19
"14378","seduce",111,86300243,99.19
"14379","sneaker",111,86300354,99.19
"14380","speck",111,86300465,99.19
"14381","stag",111,86300576,99.19
"14382","stipend",111,86300687,99.19
"14383","sweeten",111,86300798,99.19
"14384","tilley",111,86300909,99.19
"14385","ting",111,86301020,99.19
"14386","wight",111,86301131,99.19
"14387","zoned",111,86301242,99.19
"14388","barometer",110,86301352,99.19
"14389","bombshell",110,86301462,99.19
"14390","boundless",110,86301572,99.19
"14391","burr",110,86301682,99.19
"14392","bystander",110,86301792,99.19
"14393","channeled",110,86301902,99.19
"14394","clandestine",110,86302012,99.19
"14395","clapped",110,86302122,99.19
"14396","definitively",110,86302232,99.19
"14397","diseased",110,86302342,99.19
"14398","domestically",110,86302452,99.19
"14399","familia",110,86302562,99.19
"14400","goldwater",110,86302672,99.19
"14401","hoof",110,86302782,99.19
"14402","hydrate",110,86302892,99.19
"14403","illumination",110,86303002,99.2
"14404","invigorating",110,86303112,99.2
"14405","milking",110,86303222,99.2
"14406","nag",110,86303332,99.2
"14407","narcissistic",110,86303442,99.2
"14408","oversize",110,86303552,99.2
"14409","overtly",110,86303662,99.2
"14410","pina",110,86303772,99.2
"14411","possum",110,86303882,99.2
"14412","prerequisite",110,86303992,99.2
"14413","pretense",110,86304102,99.2
"14414","quartz",110,86304212,99.2
"14415","reinstate",110,86304322,99.2
"14416","scorpion",110,86304432,99.2
"14417","sifting",110,86304542,99.2
"14418","situational",110,86304652,99.2
"14419","unseat",110,86304762,99.2
"14420","upstart",110,86304872,99.2
"14421","waterway",110,86304982,99.2
"14422","ae",109,86305091,99.2
"14423","aimlessly",109,86305200,99.2
"14424","austere",109,86305309,99.2
"14425","begotten",109,86305418,99.2
"14426","bolden",109,86305527,99.2
"14427","bosch",109,86305636,99.2
"14428","candlestick",109,86305745,99.2
"14429","chemically",109,86305854,99.2
"14430","coffeehouse",109,86305963,99.2
"14431","dizziness",109,86306072,99.2
"14432","entangled",109,86306181,99.2
"14433","extracurricular",109,86306290,99.2
"14434","faceless",109,86306399,99.2
"14435","foothold",109,86306508,99.2
"14436","fryer",109,86306617,99.2
"14437","grammatical",109,86306726,99.2
"14438","gust",109,86306835,99.2
"14439","heartily",109,86306944,99.2
"14440","hedgehog",109,86307053,99.2
"14441","hospitalization",109,86307162,99.2
"14442","irate",109,86307271,99.2
"14443","lighthearted",109,86307380,99.2
"14444","mast",109,86307489,99.2
"14445","motionless",109,86307598,99.2
"14446","omit",109,86307707,99.2
"14447","opulent",109,86307816,99.2
"14448","pained",109,86307925,99.2
"14449","pane",109,86308034,99.2
"14450","pathos",109,86308143,99.2
"14451","pervert",109,86308252,99.2
"14452","playtime",109,86308361,99.2
"14453","pollack",109,86308470,99.2
"14454","prim",109,86308579,99.2
"14455","pugh",109,86308688,99.2
"14456","ravine",109,86308797,99.2
"14457","scion",109,86308906,99.2
"14458","sentient",109,86309015,99.2
"14459","shortcake",109,86309124,99.2
"14460","sill",109,86309233,99.2
"14461","skimming",109,86309342,99.2
"14462","smuggle",109,86309451,99.2
"14463","soulless",109,86309560,99.2
"14464","stiller",109,86309669,99.2
"14465","superbly",109,86309778,99.2
"14466","supple",109,86309887,99.2
"14467","surrey",109,86309996,99.2
"14468","swish",109,86310105,99.2
"14469","taut",109,86310214,99.2
"14470","unbridled",109,86310323,99.2
"14471","undies",109,86310432,99.2
"14472","unseasonably",109,86310541,99.2
"14473","unselfish",109,86310650,99.2
"14474","untitled",109,86310759,99.2
"14475","vernacular",109,86310868,99.2
"14476","voracious",109,86310977,99.2
"14477","worcester",109,86311086,99.2
"14478","abysmal",108,86311194,99.2
"14479","ami",108,86311302,99.2
"14480","boozy",108,86311410,99.2
"14481","bowery",108,86311518,99.2
"14482","clubbing",108,86311626,99.2
"14483","dampen",108,86311734,99.21
"14484","delirious",108,86311842,99.21
"14485","deranged",108,86311950,99.21
"14486","dimmed",108,86312058,99.21
"14487","dyeing",108,86312166,99.21
"14488","eczema",108,86312274,99.21
"14489","guideline",108,86312382,99.21
"14490","hoarder",108,86312490,99.21
"14491","impediment",108,86312598,99.21
"14492","inclement",108,86312706,99.21
"14493","juke",108,86312814,99.21
"14494","knotted",108,86312922,99.21
"14495","liturgy",108,86313030,99.21
"14496","minimalism",108,86313138,99.21
"14497","nourishment",108,86313246,99.21
"14498","nutritionist",108,86313354,99.21
"14499","oakwood",108,86313462,99.21
"14500","octane",108,86313570,99.21
"14501","participatory",108,86313678,99.21
"14502","pelvic",108,86313786,99.21
"14503","plagiarism",108,86313894,99.21
"14504","plummet",108,86314002,99.21
"14505","ponce",108,86314110,99.21
"14506","posterity",108,86314218,99.21
"14507","rediscover",108,86314326,99.21
"14508","roving",108,86314434,99.21
"14509","sabbatical",108,86314542,99.21
"14510","sacrificial",108,86314650,99.21
"14511","sear",108,86314758,99.21
"14512","sender",108,86314866,99.21
"14513","sinker",108,86314974,99.21
"14514","sludge",108,86315082,99.21
"14515","soya",108,86315190,99.21
"14516","spectacles",108,86315298,99.21
"14517","squealing",108,86315406,99.21
"14518","stagecoach",108,86315514,99.21
"14519","stockpile",108,86315622,99.21
"14520","substandard",108,86315730,99.21
"14521","subterranean",108,86315838,99.21
"14522","swank",108,86315946,99.21
"14523","taint",108,86316054,99.21
"14524","thorny",108,86316162,99.21
"14525","treading",108,86316270,99.21
"14526","tugging",108,86316378,99.21
"14527","undoing",108,86316486,99.21
"14528","unproven",108,86316594,99.21
"14529","vibrating",108,86316702,99.21
"14530","wither",108,86316810,99.21
"14531","aft",107,86316917,99.21
"14532","bilateral",107,86317024,99.21
"14533","bogo",107,86317131,99.21
"14534","calabrese",107,86317238,99.21
"14535","circulate",107,86317345,99.21
"14536","comer",107,86317452,99.21
"14537","cuckoo",107,86317559,99.21
"14538","dapper",107,86317666,99.21
"14539","dha",107,86317773,99.21
"14540","eavesdropping",107,86317880,99.21
"14541","flocking",107,86317987,99.21
"14542","haywire",107,86318094,99.21
"14543","headway",107,86318201,99.21
"14544","hippy",107,86318308,99.21
"14545","irreplaceable",107,86318415,99.21
"14546","iteration",107,86318522,99.21
"14547","koala",107,86318629,99.21
"14548","microscopic",107,86318736,99.21
"14549","millennia",107,86318843,99.21
"14550","molecule",107,86318950,99.21
"14551","morph",107,86319057,99.21
"14552","newscast",107,86319164,99.21
"14553","nourishing",107,86319271,99.21
"14554","oblige",107,86319378,99.21
"14555","overdraft",107,86319485,99.21
"14556","placid",107,86319592,99.21
"14557","pleasurable",107,86319699,99.21
"14558","pocketed",107,86319806,99.21
"14559","pollster",107,86319913,99.21
"14560","porous",107,86320020,99.21
"14561","puffing",107,86320127,99.21
"14562","rancher",107,86320234,99.21
"14563","rearrange",107,86320341,99.21
"14564","refocus",107,86320448,99.22
"14565","refute",107,86320555,99.22
"14566","remiss",107,86320662,99.22
"14567","saturation",107,86320769,99.22
"14568","seep",107,86320876,99.22
"14569","seething",107,86320983,99.22
"14570","shaver",107,86321090,99.22
"14571","shear",107,86321197,99.22
"14572","shrewd",107,86321304,99.22
"14573","soiree",107,86321411,99.22
"14574","spire",107,86321518,99.22
"14575","squadron",107,86321625,99.22
"14576","squire",107,86321732,99.22
"14577","sully",107,86321839,99.22
"14578","summery",107,86321946,99.22
"14579","syllable",107,86322053,99.22
"14580","toolbox",107,86322160,99.22
"14581","torrential",107,86322267,99.22
"14582","undeveloped",107,86322374,99.22
"14583","unify",107,86322481,99.22
"14584","unlocking",107,86322588,99.22
"14585","unqualified",107,86322695,99.22
"14586","whirlpool",107,86322802,99.22
"14587","wren",107,86322909,99.22
"14588","yam",107,86323016,99.22
"14589","yoghurt",107,86323123,99.22
"14590","alloy",106,86323229,99.22
"14591","assuredly",106,86323335,99.22
"14592","avenge",106,86323441,99.22
"14593","bennet",106,86323547,99.22
"14594","blister",106,86323653,99.22
"14595","blob",106,86323759,99.22
"14596","cabana",106,86323865,99.22
"14597","checkbook",106,86323971,99.22
"14598","cheque",106,86324077,99.22
"14599","collard",106,86324183,99.22
"14600","combative",106,86324289,99.22
"14601","contraption",106,86324395,99.22
"14602","corporal",106,86324501,99.22
"14603","cottonwood",106,86324607,99.22
"14604","counteract",106,86324713,99.22
"14605","curried",106,86324819,99.22
"14606","dar",106,86324925,99.22
"14607","descendant",106,86325031,99.22
"14608","els",106,86325137,99.22
"14609","esophagus",106,86325243,99.22
"14610","euthanasia",106,86325349,99.22
"14611","familial",106,86325455,99.22
"14612","fetching",106,86325561,99.22
"14613","frighten",106,86325667,99.22
"14614","frock",106,86325773,99.22
"14615","gambler",106,86325879,99.22
"14616","hatchery",106,86325985,99.22
"14617","hegemony",106,86326091,99.22
"14618","incessantly",106,86326197,99.22
"14619","labored",106,86326303,99.22
"14620","livable",106,86326409,99.22
"14621","luster",106,86326515,99.22
"14622","masquerade",106,86326621,99.22
"14623","methodical",106,86326727,99.22
"14624","muzzle",106,86326833,99.22
"14625","overbearing",106,86326939,99.22
"14626","paltry",106,86327045,99.22
"14627","pell",106,86327151,99.22
"14628","postman",106,86327257,99.22
"14629","pseudonym",106,86327363,99.22
"14630","psychopath",106,86327469,99.22
"14631","quench",106,86327575,99.22
"14632","riddance",106,86327681,99.22
"14633","roost",106,86327787,99.22
"14634","shamelessly",106,86327893,99.22
"14635","shielded",106,86327999,99.22
"14636","silvery",106,86328105,99.22
"14637","souffle",106,86328211,99.22
"14638","spontaneity",106,86328317,99.22
"14639","subliminal",106,86328423,99.22
"14640","subordinate",106,86328529,99.22
"14641","sumner",106,86328635,99.22
"14642","thistle",106,86328741,99.22
"14643","trepidation",106,86328847,99.22
"14644","trill",106,86328953,99.22
"14645","twang",106,86329059,99.23
"14646","undetermined",106,86329165,99.23
"14647","unfettered",106,86329271,99.23
"14648","uniting",106,86329377,99.23
"14649","unsecured",106,86329483,99.23
"14650","untested",106,86329589,99.23
"14651","whisperer",106,86329695,99.23
"14652","abject",105,86329800,99.23
"14653","admirer",105,86329905,99.23
"14654","adrift",105,86330010,99.23
"14655","aggressiveness",105,86330115,99.23
"14656","attribution",105,86330220,99.23
"14657","cocked",105,86330325,99.23
"14658","coercion",105,86330430,99.23
"14659","combustion",105,86330535,99.23
"14660","dimly",105,86330640,99.23
"14661","drier",105,86330745,99.23
"14662","earnestly",105,86330850,99.23
"14663","euphemism",105,86330955,99.23
"14664","glean",105,86331060,99.23
"14665","grime",105,86331165,99.23
"14666","handout",105,86331270,99.23
"14667","henceforth",105,86331375,99.23
"14668","incoherent",105,86331480,99.23
"14669","inquisition",105,86331585,99.23
"14670","matzo",105,86331690,99.23
"14671","moly",105,86331795,99.23
"14672","onyx",105,86331900,99.23
"14673","orient",105,86332005,99.23
"14674","pandemic",105,86332110,99.23
"14675","penner",105,86332215,99.23
"14676","precedence",105,86332320,99.23
"14677","prowl",105,86332425,99.23
"14678","quibble",105,86332530,99.23
"14679","roadblock",105,86332635,99.23
"14680","saguaro",105,86332740,99.23
"14681","scratchy",105,86332845,99.23
"14682","skinless",105,86332950,99.23
"14683","southland",105,86333055,99.23
"14684","stateside",105,86333160,99.23
"14685","tabernacle",105,86333265,99.23
"14686","tablecloth",105,86333370,99.23
"14687","touristy",105,86333475,99.23
"14688","unbeatable",105,86333580,99.23
"14689","underside",105,86333685,99.23
"14690","unfriendly",105,86333790,99.23
"14691","upholstered",105,86333895,99.23
"14692","waned",105,86334000,99.23
"14693","wintry",105,86334105,99.23
"14694","baseless",104,86334209,99.23
"14695","belive",104,86334313,99.23
"14696","bocce",104,86334417,99.23
"14697","braced",104,86334521,99.23
"14698","brevity",104,86334625,99.23
"14699","corrective",104,86334729,99.23
"14700","courtship",104,86334833,99.23
"14701","crocheting",104,86334937,99.23
"14702","cutout",104,86335041,99.23
"14703","decried",104,86335145,99.23
"14704","deplorable",104,86335249,99.23
"14705","detain",104,86335353,99.23
"14706","diverting",104,86335457,99.23
"14707","duvet",104,86335561,99.23
"14708","eucalyptus",104,86335665,99.23
"14709","fearsome",104,86335769,99.23
"14710","fouling",104,86335873,99.23
"14711","furor",104,86335977,99.23
"14712","gemma",104,86336081,99.23
"14713","goober",104,86336185,99.23
"14714","grievance",104,86336289,99.23
"14715","harman",104,86336393,99.23
"14716","hitless",104,86336497,99.23
"14717","hob",104,86336601,99.23
"14718","hued",104,86336705,99.23
"14719","indistinguishable",104,86336809,99.23
"14720","individualism",104,86336913,99.23
"14721","introverted",104,86337017,99.23
"14722","jakes",104,86337121,99.23
"14723","joblessness",104,86337225,99.23
"14724","kiln",104,86337329,99.23
"14725","lanky",104,86337433,99.23
"14726","lightness",104,86337537,99.23
"14727","lurk",104,86337641,99.23
"14728","marlin",104,86337745,99.23
"14729","masa",104,86337849,99.24
"14730","medic",104,86337953,99.24
"14731","mending",104,86338057,99.24
"14732","methodically",104,86338161,99.24
"14733","modernization",104,86338265,99.24
"14734","partridge",104,86338369,99.24
"14735","penultimate",104,86338473,99.24
"14736","ramped",104,86338577,99.24
"14737","rhinestone",104,86338681,99.24
"14738","shipyard",104,86338785,99.24
"14739","slung",104,86338889,99.24
"14740","softening",104,86338993,99.24
"14741","squeal",104,86339097,99.24
"14742","taunt",104,86339201,99.24
"14743","transcendental",104,86339305,99.24
"14744","unfulfilled",104,86339409,99.24
"14745","unharmed",104,86339513,99.24
"14746","utopian",104,86339617,99.24
"14747","archaeologist",103,86339720,99.24
"14748","ascertain",103,86339823,99.24
"14749","augment",103,86339926,99.24
"14750","bespoke",103,86340029,99.24
"14751","bestow",103,86340132,99.24
"14752","buttercup",103,86340235,99.24
"14753","carpeting",103,86340338,99.24
"14754","cashew",103,86340441,99.24
"14755","certify",103,86340544,99.24
"14756","cheng",103,86340647,99.24
"14757","conceit",103,86340750,99.24
"14758","conclusive",103,86340853,99.24
"14759","dunne",103,86340956,99.24
"14760","exclusivity",103,86341059,99.24
"14761","gaffe",103,86341162,99.24
"14762","graft",103,86341265,99.24
"14763","hallowed",103,86341368,99.24
"14764","handily",103,86341471,99.24
"14765","hutch",103,86341574,99.24
"14766","inflamed",103,86341677,99.24
"14767","infrequent",103,86341780,99.24
"14768","innuendo",103,86341883,99.24
"14769","interpersonal",103,86341986,99.24
"14770","issuance",103,86342089,99.24
"14771","leed",103,86342192,99.24
"14772","lees",103,86342295,99.24
"14773","lethargic",103,86342398,99.24
"14774","lev",103,86342501,99.24
"14775","magnate",103,86342604,99.24
"14776","mistreatment",103,86342707,99.24
"14777","mountainous",103,86342810,99.24
"14778","mull",103,86342913,99.24
"14779","nondescript",103,86343016,99.24
"14780","nosey",103,86343119,99.24
"14781","nucleus",103,86343222,99.24
"14782","optic",103,86343325,99.24
"14783","originate",103,86343428,99.24
"14784","padre",103,86343531,99.24
"14785","partisanship",103,86343634,99.24
"14786","perishable",103,86343737,99.24
"14787","raptor",103,86343840,99.24
"14788","rodent",103,86343943,99.24
"14789","rotated",103,86344046,99.24
"14790","saline",103,86344149,99.24
"14791","screwdriver",103,86344252,99.24
"14792","scribe",103,86344355,99.24
"14793","scuffle",103,86344458,99.24
"14794","sporadically",103,86344561,99.24
"14795","steeper",103,86344664,99.24
"14796","sundown",103,86344767,99.24
"14797","sweltering",103,86344870,99.24
"14798","throng",103,86344973,99.24
"14799","thundering",103,86345076,99.24
"14800","tilting",103,86345179,99.24
"14801","tinge",103,86345282,99.24
"14802","trellis",103,86345385,99.24
"14803","trite",103,86345488,99.24
"14804","unelected",103,86345591,99.24
"14805","unfathomable",103,86345694,99.24
"14806","unregulated",103,86345797,99.24
"14807","vale",103,86345900,99.24
"14808","vapor",103,86346003,99.24
"14809","veer",103,86346106,99.24
"14810","adaptable",102,86346208,99.24
"14811","aerobic",102,86346310,99.24
"14812","alphabetical",102,86346412,99.24
"14813","babble",102,86346514,99.25
"14814","basque",102,86346616,99.25
"14815","blunder",102,86346718,99.25
"14816","bod",102,86346820,99.25
"14817","bungee",102,86346922,99.25
"14818","burgh",102,86347024,99.25
"14819","cannibal",102,86347126,99.25
"14820","cervix",102,86347228,99.25
"14821","cessation",102,86347330,99.25
"14822","circumstantial",102,86347432,99.25
"14823","congregate",102,86347534,99.25
"14824","cote",102,86347636,99.25
"14825","dearth",102,86347738,99.25
"14826","deduct",102,86347840,99.25
"14827","degeneration",102,86347942,99.25
"14828","deteriorate",102,86348044,99.25
"14829","dharma",102,86348146,99.25
"14830","drivel",102,86348248,99.25
"14831","egalitarian",102,86348350,99.25
"14832","foreboding",102,86348452,99.25
"14833","glut",102,86348554,99.25
"14834","heaving",102,86348656,99.25
"14835","hernia",102,86348758,99.25
"14836","idealism",102,86348860,99.25
"14837","incidental",102,86348962,99.25
"14838","inlet",102,86349064,99.25
"14839","messin",102,86349166,99.25
"14840","nightingale",102,86349268,99.25
"14841","overpower",102,86349370,99.25
"14842","pessimism",102,86349472,99.25
"14843","pheasant",102,86349574,99.25
"14844","plowing",102,86349676,99.25
"14845","quadruple",102,86349778,99.25
"14846","relativity",102,86349880,99.25
"14847","reprehensible",102,86349982,99.25
"14848","serenade",102,86350084,99.25
"14849","shriver",102,86350186,99.25
"14850","soot",102,86350288,99.25
"14851","sportsmanship",102,86350390,99.25
"14852","stewed",102,86350492,99.25
"14853","storybook",102,86350594,99.25
"14854","stub",102,86350696,99.25
"14855","subplot",102,86350798,99.25
"14856","synchronized",102,86350900,99.25
"14857","tanked",102,86351002,99.25
"14858","tomboy",102,86351104,99.25
"14859","tombstone",102,86351206,99.25
"14860","trumpeter",102,86351308,99.25
"14861","tycoon",102,86351410,99.25
"14862","ull",102,86351512,99.25
"14863","vamp",102,86351614,99.25
"14864","vigilante",102,86351716,99.25
"14865","weaponry",102,86351818,99.25
"14866","woodruff",102,86351920,99.25
"14867","wreak",102,86352022,99.25
"14868","zany",102,86352124,99.25
"14869","applique",101,86352225,99.25
"14870","atypical",101,86352326,99.25
"14871","barrow",101,86352427,99.25
"14872","bloodied",101,86352528,99.25
"14873","caddy",101,86352629,99.25
"14874","checkers",101,86352730,99.25
"14875","colander",101,86352831,99.25
"14876","daffodil",101,86352932,99.25
"14877","dilated",101,86353033,99.25
"14878","emporium",101,86353134,99.25
"14879","engrossed",101,86353235,99.25
"14880","erupt",101,86353336,99.25
"14881","excavation",101,86353437,99.25
"14882","fallow",101,86353538,99.25
"14883","fawn",101,86353639,99.25
"14884","ferocity",101,86353740,99.25
"14885","flinch",101,86353841,99.25
"14886","grisly",101,86353942,99.25
"14887","groaning",101,86354043,99.25
"14888","hacienda",101,86354144,99.25
"14889","hoist",101,86354245,99.25
"14890","incredulous",101,86354346,99.25
"14891","indecision",101,86354447,99.25
"14892","kaleidoscope",101,86354548,99.25
"14893","knelt",101,86354649,99.25
"14894","lattice",101,86354750,99.25
"14895","maki",101,86354851,99.25
"14896","merrily",101,86354952,99.25
"14897","mistaking",101,86355053,99.25
"14898","nailing",101,86355154,99.26
"14899","numerical",101,86355255,99.26
"14900","oriole",101,86355356,99.26
"14901","outplayed",101,86355457,99.26
"14902","paragon",101,86355558,99.26
"14903","pax",101,86355659,99.26
"14904","puncture",101,86355760,99.26
"14905","rationalize",101,86355861,99.26
"14906","rattlesnake",101,86355962,99.26
"14907","reformer",101,86356063,99.26
"14908","regrettable",101,86356164,99.26
"14909","serra",101,86356265,99.26
"14910","unkind",101,86356366,99.26
"14911","varietal",101,86356467,99.26
"14912","vector",101,86356568,99.26
"14913","whence",101,86356669,99.26
"14914","abolition",100,86356769,99.26
"14915","acumen",100,86356869,99.26
"14916","ancillary",100,86356969,99.26
"14917","antichrist",100,86357069,99.26
"14918","anvil",100,86357169,99.26
"14919","apathetic",100,86357269,99.26
"14920","bookseller",100,86357369,99.26
"14921","bree",100,86357469,99.26
"14922","brewhouse",100,86357569,99.26
"14923","compote",100,86357669,99.26
"14924","connoisseur",100,86357769,99.26
"14925","corinne",100,86357869,99.26
"14926","darned",100,86357969,99.26
"14927","debauchery",100,86358069,99.26
"14928","dichotomy",100,86358169,99.26
"14929","disable",100,86358269,99.26
"14930","emergent",100,86358369,99.26
"14931","exquisitely",100,86358469,99.26
"14932","fluoride",100,86358569,99.26
"14933","forsake",100,86358669,99.26
"14934","genie",100,86358769,99.26
"14935","granada",100,86358869,99.26
"14936","hellish",100,86358969,99.26
"14937","hookup",100,86359069,99.26
"14938","impersonal",100,86359169,99.26
"14939","innumerable",100,86359269,99.26
"14940","justifiable",100,86359369,99.26
"14941","kilter",100,86359469,99.26
"14942","mein",100,86359569,99.26
"14943","meniscus",100,86359669,99.26
"14944","mistrust",100,86359769,99.26
"14945","neutrality",100,86359869,99.26
"14946","nobility",100,86359969,99.26
"14947","omelette",100,86360069,99.26
"14948","pate",100,86360169,99.26
"14949","patter",100,86360269,99.26
"14950","planking",100,86360369,99.26
"14951","popeye",100,86360469,99.26
"14952","pout",100,86360569,99.26
"14953","prohibitive",100,86360669,99.26
"14954","quarantine",100,86360769,99.26
"14955","reworked",100,86360869,99.26
"14956","scribble",100,86360969,99.26
"14957","skeletal",100,86361069,99.26
"14958","squeak",100,86361169,99.26
"14959","stylistic",100,86361269,99.26
"14960","suitor",100,86361369,99.26
"14961","synthesis",100,86361469,99.26
"14962","tamale",100,86361569,99.26
"14963","thrice",100,86361669,99.26
"14964","totem",100,86361769,99.26
"14965","toying",100,86361869,99.26
"14966","tuberculosis",100,86361969,99.26
"14967","unease",100,86362069,99.26
"14968","uninteresting",100,86362169,99.26
"14969","unread",100,86362269,99.26
"14970","vascular",100,86362369,99.26
"14971","woodrow",100,86362469,99.26
"14972","abatement",99,86362568,99.26
"14973","alder",99,86362667,99.26
"14974","alfonso",99,86362766,99.26
"14975","annoyingly",99,86362865,99.26
"14976","appellation",99,86362964,99.26
"14977","boyhood",99,86363063,99.26
"14978","bucking",99,86363162,99.26
"14979","bushy",99,86363261,99.26
"14980","chariot",99,86363360,99.26
"14981","checker",99,86363459,99.26
"14982","chump",99,86363558,99.26
"14983","daikon",99,86363657,99.26
"14984","detest",99,86363756,99.26
"14985","deviation",99,86363855,99.27
"14986","disinterested",99,86363954,99.27
"14987","fairer",99,86364053,99.27
"14988","faraway",99,86364152,99.27
"14989","flatly",99,86364251,99.27
"14990","fleury",99,86364350,99.27
"14991","foamy",99,86364449,99.27
"14992","funneled",99,86364548,99.27
"14993","gogo",99,86364647,99.27
"14994","handiwork",99,86364746,99.27
"14995","harlequin",99,86364845,99.27
"14996","hiccup",99,86364944,99.27
"14997","keyed",99,86365043,99.27
"14998","kinetic",99,86365142,99.27
"14999","kinship",99,86365241,99.27
"15000","lombard",99,86365340,99.27
"15001","mammal",99,86365439,99.27
"15002","melee",99,86365538,99.27
"15003","mutt",99,86365637,99.27
"15004","pearly",99,86365736,99.27
"15005","plenary",99,86365835,99.27
"15006","ret",99,86365934,99.27
"15007","sandbox",99,86366033,99.27
"15008","scour",99,86366132,99.27
"15009","semantics",99,86366231,99.27
"15010","sensuality",99,86366330,99.27
"15011","simulate",99,86366429,99.27
"15012","sloping",99,86366528,99.27
"15013","slum",99,86366627,99.27
"15014","subtract",99,86366726,99.27
"15015","symmetry",99,86366825,99.27
"15016","syrupy",99,86366924,99.27
"15017","terrestrial",99,86367023,99.27
"15018","thrower",99,86367122,99.27
"15019","thunderous",99,86367221,99.27
"15020","trifle",99,86367320,99.27
"15021","tyrant",99,86367419,99.27
"15022","unaccredited",99,86367518,99.27
"15023","unafraid",99,86367617,99.27
"15024","undisputed",99,86367716,99.27
"15025","vengeful",99,86367815,99.27
"15026","volley",99,86367914,99.27
"15027","adversely",98,86368012,99.27
"15028","aggressor",98,86368110,99.27
"15029","backcourt",98,86368208,99.27
"15030","bevy",98,86368306,99.27
"15031","buckwheat",98,86368404,99.27
"15032","caper",98,86368502,99.27
"15033","chromosome",98,86368600,99.27
"15034","clique",98,86368698,99.27
"15035","communicator",98,86368796,99.27
"15036","correlated",98,86368894,99.27
"15037","democratically",98,86368992,99.27
"15038","deport",98,86369090,99.27
"15039","dermatologist",98,86369188,99.27
"15040","developmentally",98,86369286,99.27
"15041","dogwood",98,86369384,99.27
"15042","dollhouse",98,86369482,99.27
"15043","emblem",98,86369580,99.27
"15044","equalizer",98,86369678,99.27
"15045","evangelism",98,86369776,99.27
"15046","evaporate",98,86369874,99.27
"15047","exaggerate",98,86369972,99.27
"15048","figment",98,86370070,99.27
"15049","foxy",98,86370168,99.27
"15050","gearbox",98,86370266,99.27
"15051","gentleness",98,86370364,99.27
"15052","getter",98,86370462,99.27
"15053","idly",98,86370560,99.27
"15054","imp",98,86370658,99.27
"15055","increment",98,86370756,99.27
"15056","infrared",98,86370854,99.27
"15057","ladle",98,86370952,99.27
"15058","languishing",98,86371050,99.27
"15059","macabre",98,86371148,99.27
"15060","magenta",98,86371246,99.27
"15061","masculinity",98,86371344,99.27
"15062","mindfulness",98,86371442,99.27
"15063","motte",98,86371540,99.27
"15064","nosy",98,86371638,99.27
"15065","onerous",98,86371736,99.27
"15066","percentile",98,86371834,99.27
"15067","pringle",98,86371932,99.27
"15068","rea",98,86372030,99.27
"15069","remediation",98,86372128,99.27
"15070","requiem",98,86372226,99.27
"15071","smyth",98,86372324,99.27
"15072","solvent",98,86372422,99.27
"15073","soma",98,86372520,99.27
"15074","sparingly",98,86372618,99.28
"15075","stead",98,86372716,99.28
"15076","stepson",98,86372814,99.28
"15077","stretchy",98,86372912,99.28
"15078","subtitle",98,86373010,99.28
"15079","sunburned",98,86373108,99.28
"15080","suspenseful",98,86373206,99.28
"15081","swarming",98,86373304,99.28
"15082","tort",98,86373402,99.28
"15083","unabashed",98,86373500,99.28
"15084","unequal",98,86373598,99.28
"15085","unopened",98,86373696,99.28
"15086","unscrupulous",98,86373794,99.28
"15087","wrangler",98,86373892,99.28
"15088","anthropologist",97,86373989,99.28
"15089","ascending",97,86374086,99.28
"15090","astor",97,86374183,99.28
"15091","atta",97,86374280,99.28
"15092","baring",97,86374377,99.28
"15093","beehive",97,86374474,99.28
"15094","bigoted",97,86374571,99.28
"15095","canter",97,86374668,99.28
"15096","charting",97,86374765,99.28
"15097","cleanly",97,86374862,99.28
"15098","clustered",97,86374959,99.28
"15099","covet",97,86375056,99.28
"15100","discriminating",97,86375153,99.28
"15101","dissenting",97,86375250,99.28
"15102","environ",97,86375347,99.28
"15103","externally",97,86375444,99.28
"15104","ey",97,86375541,99.28
"15105","falter",97,86375638,99.28
"15106","fertilize",97,86375735,99.28
"15107","fervently",97,86375832,99.28
"15108","gaggle",97,86375929,99.28
"15109","galvanized",97,86376026,99.28
"15110","gio",97,86376123,99.28
"15111","grating",97,86376220,99.28
"15112","haggard",97,86376317,99.28
"15113","helix",97,86376414,99.28
"15114","holster",97,86376511,99.28
"15115","hurl",97,86376608,99.28
"15116","indescribable",97,86376705,99.28
"15117","indignant",97,86376802,99.28
"15118","internment",97,86376899,99.28
"15119","kilometer",97,86376996,99.28
"15120","laboring",97,86377093,99.28
"15121","markedly",97,86377190,99.28
"15122","mashing",97,86377287,99.28
"15123","mistrial",97,86377384,99.28
"15124","mountaintop",97,86377481,99.28
"15125","muslin",97,86377578,99.28
"15126","orb",97,86377675,99.28
"15127","pamper",97,86377772,99.28
"15128","paring",97,86377869,99.28
"15129","persistently",97,86377966,99.28
"15130","physiological",97,86378063,99.28
"15131","practicality",97,86378160,99.28
"15132","prawn",97,86378257,99.28
"15133","preclude",97,86378354,99.28
"15134","pretext",97,86378451,99.28
"15135","pulmonary",97,86378548,99.28
"15136","remover",97,86378645,99.28
"15137","satchel",97,86378742,99.28
"15138","schwarz",97,86378839,99.28
"15139","scoot",97,86378936,99.28
"15140","shears",97,86379033,99.28
"15141","smudge",97,86379130,99.28
"15142","sorcerer",97,86379227,99.28
"15143","splinter",97,86379324,99.28
"15144","tartan",97,86379421,99.28
"15145","theses",97,86379518,99.28
"15146","ticketing",97,86379615,99.28
"15147","tightrope",97,86379712,99.28
"15148","tripoli",97,86379809,99.28
"15149","twelfth",97,86379906,99.28
"15150","underwriting",97,86380003,99.28
"15151","vigilance",97,86380100,99.28
"15152","wagering",97,86380197,99.28
"15153","wearer",97,86380294,99.28
"15154","aloof",96,86380390,99.28
"15155","axle",96,86380486,99.28
"15156","barbarian",96,86380582,99.28
"15157","beholder",96,86380678,99.28
"15158","blockage",96,86380774,99.28
"15159","bossy",96,86380870,99.28
"15160","capstone",96,86380966,99.28
"15161","caterer",96,86381062,99.28
"15162","chronology",96,86381158,99.28
"15163","clingy",96,86381254,99.28
"15164","constitutionally",96,86381350,99.29
"15165","corrosion",96,86381446,99.29
"15166","crappie",96,86381542,99.29
"15167","cud",96,86381638,99.29
"15168","cursive",96,86381734,99.29
"15169","dispenser",96,86381830,99.29
"15170","dormitory",96,86381926,99.29
"15171","elevating",96,86382022,99.29
"15172","excise",96,86382118,99.29
"15173","expectant",96,86382214,99.29
"15174","expedited",96,86382310,99.29
"15175","fatherhood",96,86382406,99.29
"15176","filibuster",96,86382502,99.29
"15177","flagging",96,86382598,99.29
"15178","forbidding",96,86382694,99.29
"15179","frustrate",96,86382790,99.29
"15180","highlander",96,86382886,99.29
"15181","holographic",96,86382982,99.29
"15182","inertia",96,86383078,99.29
"15183","membrane",96,86383174,99.29
"15184","millennial",96,86383270,99.29
"15185","mongering",96,86383366,99.29
"15186","monsignor",96,86383462,99.29
"15187","neural",96,86383558,99.29
"15188","overshadow",96,86383654,99.29
"15189","painstaking",96,86383750,99.29
"15190","pappy",96,86383846,99.29
"15191","penance",96,86383942,99.29
"15192","perplexing",96,86384038,99.29
"15193","pinkberry",96,86384134,99.29
"15194","pithy",96,86384230,99.29
"15195","plutonium",96,86384326,99.29
"15196","procure",96,86384422,99.29
"15197","relaunch",96,86384518,99.29
"15198","reprint",96,86384614,99.29
"15199","reptile",96,86384710,99.29
"15200","scolding",96,86384806,99.29
"15201","semiconductor",96,86384902,99.29
"15202","shindig",96,86384998,99.29
"15203","skillfully",96,86385094,99.29
"15204","spinner",96,86385190,99.29
"15205","spout",96,86385286,99.29
"15206","steeplechase",96,86385382,99.29
"15207","syntax",96,86385478,99.29
"15208","syringe",96,86385574,99.29
"15209","tabor",96,86385670,99.29
"15210","theta",96,86385766,99.29
"15211","tock",96,86385862,99.29
"15212","triangular",96,86385958,99.29
"15213","unequivocally",96,86386054,99.29
"15214","unimpressed",96,86386150,99.29
"15215","utilization",96,86386246,99.29
"15216","viaduct",96,86386342,99.29
"15217","voyager",96,86386438,99.29
"15218","wail",96,86386534,99.29
"15219","whirling",96,86386630,99.29
"15220","whistler",96,86386726,99.29
"15221","zesty",96,86386822,99.29
"15222","albino",95,86386917,99.29
"15223","befitting",95,86387012,99.29
"15224","bookkeeping",95,86387107,99.29
"15225","bosom",95,86387202,99.29
"15226","branching",95,86387297,99.29
"15227","bugaboo",95,86387392,99.29
"15228","clasp",95,86387487,99.29
"15229","climber",95,86387582,99.29
"15230","compensatory",95,86387677,99.29
"15231","dissuade",95,86387772,99.29
"15232","drape",95,86387867,99.29
"15233","fiddler",95,86387962,99.29
"15234","flattery",95,86388057,99.29
"15235","fumbling",95,86388152,99.29
"15236","handset",95,86388247,99.29
"15237","hertz",95,86388342,99.29
"15238","hooping",95,86388437,99.29
"15239","intuitively",95,86388532,99.29
"15240","levers",95,86388627,99.29
"15241","lynx",95,86388722,99.29
"15242","lyricist",95,86388817,99.29
"15243","madman",95,86388912,99.29
"15244","merle",95,86389007,99.29
"15245","moor",95,86389102,99.29
"15246","negligible",95,86389197,99.29
"15247","nightmarish",95,86389292,99.29
"15248","objectionable",95,86389387,99.29
"15249","oddity",95,86389482,99.29
"15250","ordination",95,86389577,99.29
"15251","outrageously",95,86389672,99.29
"15252","parry",95,86389767,99.29
"15253","patriarchal",95,86389862,99.29
"15254","photogenic",95,86389957,99.3
"15255","physiology",95,86390052,99.3
"15256","potency",95,86390147,99.3
"15257","quack",95,86390242,99.3
"15258","reclusive",95,86390337,99.3
"15259","registrar",95,86390432,99.3
"15260","sander",95,86390527,99.3
"15261","scala",95,86390622,99.3
"15262","schilling",95,86390717,99.3
"15263","senna",95,86390812,99.3
"15264","shamed",95,86390907,99.3
"15265","sizeable",95,86391002,99.3
"15266","sorcery",95,86391097,99.3
"15267","spew",95,86391192,99.3
"15268","substituting",95,86391287,99.3
"15269","synthesizer",95,86391382,99.3
"15270","terminally",95,86391477,99.3
"15271","unsightly",95,86391572,99.3
"15272","walrus",95,86391667,99.3
"15273","annuity",94,86391761,99.3
"15274","antagonist",94,86391855,99.3
"15275","auditory",94,86391949,99.3
"15276","aviator",94,86392043,99.3
"15277","bannister",94,86392137,99.3
"15278","beefy",94,86392231,99.3
"15279","bibliography",94,86392325,99.3
"15280","cabinetry",94,86392419,99.3
"15281","charmer",94,86392513,99.3
"15282","comrade",94,86392607,99.3
"15283","concealer",94,86392701,99.3
"15284","concurrently",94,86392795,99.3
"15285","condiment",94,86392889,99.3
"15286","crain",94,86392983,99.3
"15287","dished",94,86393077,99.3
"15288","distaste",94,86393171,99.3
"15289","embarrassingly",94,86393265,99.3
"15290","environmentalist",94,86393359,99.3
"15291","falsetto",94,86393453,99.3
"15292","faltering",94,86393547,99.3
"15293","fanatical",94,86393641,99.3
"15294","fleshed",94,86393735,99.3
"15295","graze",94,86393829,99.3
"15296","gruff",94,86393923,99.3
"15297","hasten",94,86394017,99.3
"15298","hatchet",94,86394111,99.3
"15299","heartedly",94,86394205,99.3
"15300","impatiently",94,86394299,99.3
"15301","inconsequential",94,86394393,99.3
"15302","intermittently",94,86394487,99.3
"15303","introspection",94,86394581,99.3
"15304","jittery",94,86394675,99.3
"15305","luce",94,86394769,99.3
"15306","melancholia",94,86394863,99.3
"15307","ministerial",94,86394957,99.3
"15308","mountainside",94,86395051,99.3
"15309","muddle",94,86395145,99.3
"15310","muggy",94,86395239,99.3
"15311","navel",94,86395333,99.3
"15312","oxide",94,86395427,99.3
"15313","palisade",94,86395521,99.3
"15314","partition",94,86395615,99.3
"15315","racy",94,86395709,99.3
"15316","ras",94,86395803,99.3
"15317","realest",94,86395897,99.3
"15318","reeve",94,86395991,99.3
"15319","reinvention",94,86396085,99.3
"15320","reputed",94,86396179,99.3
"15321","roanoke",94,86396273,99.3
"15322","sailboat",94,86396367,99.3
"15323","snicker",94,86396461,99.3
"15324","solemnly",94,86396555,99.3
"15325","soph",94,86396649,99.3
"15326","springing",94,86396743,99.3
"15327","stanza",94,86396837,99.3
"15328","statehood",94,86396931,99.3
"15329","strapless",94,86397025,99.3
"15330","tapioca",94,86397119,99.3
"15331","tardy",94,86397213,99.3
"15332","tartness",94,86397307,99.3
"15333","tiled",94,86397401,99.3
"15334","toon",94,86397495,99.3
"15335","trespass",94,86397589,99.3
"15336","upswing",94,86397683,99.3
"15337","virtuoso",94,86397777,99.3
"15338","vulture",94,86397871,99.3
"15339","wag",94,86397965,99.3
"15340","wanderlust",94,86398059,99.3
"15341","advantageous",93,86398152,99.3
"15342","affront",93,86398245,99.3
"15343","arisen",93,86398338,99.3
"15344","bagging",93,86398431,99.3
"15345","bigot",93,86398524,99.3
"15346","biographer",93,86398617,99.3
"15347","bora",93,86398710,99.31
"15348","burg",93,86398803,99.31
"15349","burnout",93,86398896,99.31
"15350","carnal",93,86398989,99.31
"15351","cellist",93,86399082,99.31
"15352","centenary",93,86399175,99.31
"15353","checkup",93,86399268,99.31
"15354","chum",93,86399361,99.31
"15355","commodore",93,86399454,99.31
"15356","competitively",93,86399547,99.31
"15357","conceited",93,86399640,99.31
"15358","crabby",93,86399733,99.31
"15359","cruciate",93,86399826,99.31
"15360","curtailed",93,86399919,99.31
"15361","duality",93,86400012,99.31
"15362","equator",93,86400105,99.31
"15363","everyman",93,86400198,99.31
"15364","evict",93,86400291,99.31
"15365","grandstand",93,86400384,99.31
"15366","hatching",93,86400477,99.31
"15367","herding",93,86400570,99.31
"15368","huckleberry",93,86400663,99.31
"15369","immersive",93,86400756,99.31
"15370","inadvertent",93,86400849,99.31
"15371","inched",93,86400942,99.31
"15372","incomparable",93,86401035,99.31
"15373","inordinate",93,86401128,99.31
"15374","instructive",93,86401221,99.31
"15375","julep",93,86401314,99.31
"15376","kickback",93,86401407,99.31
"15377","lacquer",93,86401500,99.31
"15378","leaguer",93,86401593,99.31
"15379","loopy",93,86401686,99.31
"15380","masonry",93,86401779,99.31
"15381","minuscule",93,86401872,99.31
"15382","ombudsman",93,86401965,99.31
"15383","operatic",93,86402058,99.31
"15384","oxy",93,86402151,99.31
"15385","palmetto",93,86402244,99.31
"15386","panhandle",93,86402337,99.31
"15387","panorama",93,86402430,99.31
"15388","pare",93,86402523,99.31
"15389","pathfinder",93,86402616,99.31
"15390","pia",93,86402709,99.31
"15391","pitman",93,86402802,99.31
"15392","pleaser",93,86402895,99.31
"15393","polluting",93,86402988,99.31
"15394","postwar",93,86403081,99.31
"15395","raspy",93,86403174,99.31
"15396","reorganize",93,86403267,99.31
"15397","secession",93,86403360,99.31
"15398","sexton",93,86403453,99.31
"15399","shush",93,86403546,99.31
"15400","slade",93,86403639,99.31
"15401","sleeveless",93,86403732,99.31
"15402","subset",93,86403825,99.31
"15403","tickling",93,86403918,99.31
"15404","tremble",93,86404011,99.31
"15405","unraveled",93,86404104,99.31
"15406","uplift",93,86404197,99.31
"15407","waller",93,86404290,99.31
"15408","abort",92,86404382,99.31
"15409","allegory",92,86404474,99.31
"15410","angling",92,86404566,99.31
"15411","anorexia",92,86404658,99.31
"15412","banded",92,86404750,99.31
"15413","befriend",92,86404842,99.31
"15414","benefactor",92,86404934,99.31
"15415","boned",92,86405026,99.31
"15416","bookish",92,86405118,99.31
"15417","bridging",92,86405210,99.31
"15418","capitalization",92,86405302,99.31
"15419","chasse",92,86405394,99.31
"15420","citizenry",92,86405486,99.31
"15421","contented",92,86405578,99.31
"15422","corduroy",92,86405670,99.31
"15423","covey",92,86405762,99.31
"15424","cyclone",92,86405854,99.31
"15425","delinquency",92,86405946,99.31
"15426","deviled",92,86406038,99.31
"15427","drunkenness",92,86406130,99.31
"15428","eaves",92,86406222,99.31
"15429","echelon",92,86406314,99.31
"15430","ejection",92,86406406,99.31
"15431","empathize",92,86406498,99.31
"15432","epilogue",92,86406590,99.31
"15433","fretting",92,86406682,99.31
"15434","gestation",92,86406774,99.31
"15435","halter",92,86406866,99.31
"15436","harbinger",92,86406958,99.31
"15437","hasan",92,86407050,99.31
"15438","heiress",92,86407142,99.31
"15439","horned",92,86407234,99.31
"15440","inconsiderate",92,86407326,99.31
"15441","indoctrination",92,86407418,99.32
"15442","inscription",92,86407510,99.32
"15443","iota",92,86407602,99.32
"15444","kebab",92,86407694,99.32
"15445","mains",92,86407786,99.32
"15446","modernize",92,86407878,99.32
"15447","morello",92,86407970,99.32
"15448","murmur",92,86408062,99.32
"15449","negotiable",92,86408154,99.32
"15450","oneness",92,86408246,99.32
"15451","overdo",92,86408338,99.32
"15452","polygamy",92,86408430,99.32
"15453","reassess",92,86408522,99.32
"15454","resolute",92,86408614,99.32
"15455","sade",92,86408706,99.32
"15456","scorned",92,86408798,99.32
"15457","sentimentality",92,86408890,99.32
"15458","shrill",92,86408982,99.32
"15459","soiled",92,86409074,99.32
"15460","tangent",92,86409166,99.32
"15461","turnip",92,86409258,99.32
"15462","uncompromising",92,86409350,99.32
"15463","varnish",92,86409442,99.32
"15464","abrasive",91,86409533,99.32
"15465","aptitude",91,86409624,99.32
"15466","balled",91,86409715,99.32
"15467","broil",91,86409806,99.32
"15468","canteen",91,86409897,99.32
"15469","centrally",91,86409988,99.32
"15470","chaps",91,86410079,99.32
"15471","coda",91,86410170,99.32
"15472","dempster",91,86410261,99.32
"15473","discord",91,86410352,99.32
"15474","duplication",91,86410443,99.32
"15475","eagerness",91,86410534,99.32
"15476","extinguish",91,86410625,99.32
"15477","fittingly",91,86410716,99.32
"15478","gambit",91,86410807,99.32
"15479","glade",91,86410898,99.32
"15480","gul",91,86410989,99.32
"15481","hideaway",91,86411080,99.32
"15482","impressionable",91,86411171,99.32
"15483","incite",91,86411262,99.32
"15484","inevitability",91,86411353,99.32
"15485","intestine",91,86411444,99.32
"15486","millage",91,86411535,99.32
"15487","monochromatic",91,86411626,99.32
"15488","motorcade",91,86411717,99.32
"15489","munitions",91,86411808,99.32
"15490","musty",91,86411899,99.32
"15491","mythological",91,86411990,99.32
"15492","nascent",91,86412081,99.32
"15493","offshoot",91,86412172,99.32
"15494","organist",91,86412263,99.32
"15495","pancreas",91,86412354,99.32
"15496","parfait",91,86412445,99.32
"15497","reconstructed",91,86412536,99.32
"15498","rehabilitate",91,86412627,99.32
"15499","retreating",91,86412718,99.32
"15500","smoothing",91,86412809,99.32
"15501","snore",91,86412900,99.32
"15502","snorkel",91,86412991,99.32
"15503","specification",91,86413082,99.32
"15504","sprig",91,86413173,99.32
"15505","swivel",91,86413264,99.32
"15506","toner",91,86413355,99.32
"15507","torpedo",91,86413446,99.32
"15508","trope",91,86413537,99.32
"15509","tuba",91,86413628,99.32
"15510","typhoon",91,86413719,99.32
"15511","unfavorable",91,86413810,99.32
"15512","wane",91,86413901,99.32
"15513","weighty",91,86413992,99.32
"15514","westward",91,86414083,99.32
"15515","agitation",90,86414173,99.32
"15516","alight",90,86414263,99.32
"15517","amour",90,86414353,99.32
"15518","babbling",90,86414443,99.32
"15519","boomerang",90,86414533,99.32
"15520","braving",90,86414623,99.32
"15521","brig",90,86414713,99.32
"15522","buttoned",90,86414803,99.32
"15523","calmness",90,86414893,99.32
"15524","catwalk",90,86414983,99.32
"15525","causal",90,86415073,99.32
"15526","charade",90,86415163,99.32
"15527","circumference",90,86415253,99.32
"15528","clemency",90,86415343,99.32
"15529","coincidental",90,86415433,99.32
"15530","colonoscopy",90,86415523,99.32
"15531","combed",90,86415613,99.32
"15532","crummy",90,86415703,99.32
"15533","derision",90,86415793,99.32
"15534","diabolical",90,86415883,99.32
"15535","diagonally",90,86415973,99.32
"15536","displacement",90,86416063,99.33
"15537","drowsy",90,86416153,99.33
"15538","dune",90,86416243,99.33
"15539","eighteenth",90,86416333,99.33
"15540","elation",90,86416423,99.33
"15541","faring",90,86416513,99.33
"15542","firmer",90,86416603,99.33
"15543","galloping",90,86416693,99.33
"15544","impersonation",90,86416783,99.33
"15545","intricately",90,86416873,99.33
"15546","ironwood",90,86416963,99.33
"15547","juju",90,86417053,99.33
"15548","jut",90,86417143,99.33
"15549","lenient",90,86417233,99.33
"15550","limeade",90,86417323,99.33
"15551","lout",90,86417413,99.33
"15552","lunacy",90,86417503,99.33
"15553","malaise",90,86417593,99.33
"15554","markup",90,86417683,99.33
"15555","masterfully",90,86417773,99.33
"15556","megawatt",90,86417863,99.33
"15557","mercenary",90,86417953,99.33
"15558","minty",90,86418043,99.33
"15559","mothering",90,86418133,99.33
"15560","newness",90,86418223,99.33
"15561","opium",90,86418313,99.33
"15562","paddock",90,86418403,99.33
"15563","palliative",90,86418493,99.33
"15564","passable",90,86418583,99.33
"15565","probate",90,86418673,99.33
"15566","putter",90,86418763,99.33
"15567","rancid",90,86418853,99.33
"15568","recon",90,86418943,99.33
"15569","regrettably",90,86419033,99.33
"15570","relegation",90,86419123,99.33
"15571","restorative",90,86419213,99.33
"15572","scoff",90,86419303,99.33
"15573","shoemaker",90,86419393,99.33
"15574","shyness",90,86419483,99.33
"15575","silo",90,86419573,99.33
"15576","siva",90,86419663,99.33
"15577","sledding",90,86419753,99.33
"15578","smooch",90,86419843,99.33
"15579","sordid",90,86419933,99.33
"15580","spiky",90,86420023,99.33
"15581","stereotyping",90,86420113,99.33
"15582","strode",90,86420203,99.33
"15583","tiredness",90,86420293,99.33
"15584","tuff",90,86420383,99.33
"15585","unlawfully",90,86420473,99.33
"15586","uppers",90,86420563,99.33
"15587","whey",90,86420653,99.33
"15588","woodside",90,86420743,99.33
"15589","wrongfully",90,86420833,99.33
"15590","yarder",90,86420923,99.33
"15591","adieu",89,86421012,99.33
"15592","aplenty",89,86421101,99.33
"15593","banal",89,86421190,99.33
"15594","bien",89,86421279,99.33
"15595","bobble",89,86421368,99.33
"15596","bub",89,86421457,99.33
"15597","camus",89,86421546,99.33
"15598","caress",89,86421635,99.33
"15599","centering",89,86421724,99.33
"15600","cobblestone",89,86421813,99.33
"15601","coexist",89,86421902,99.33
"15602","deviate",89,86421991,99.33
"15603","discrete",89,86422080,99.33
"15604","dissonance",89,86422169,99.33
"15605","doings",89,86422258,99.33
"15606","dragonfly",89,86422347,99.33
"15607","dryness",89,86422436,99.33
"15608","ephemera",89,86422525,99.33
"15609","ferret",89,86422614,99.33
"15610","financier",89,86422703,99.33
"15611","formulation",89,86422792,99.33
"15612","fraudulently",89,86422881,99.33
"15613","gingerly",89,86422970,99.33
"15614","hatter",89,86423059,99.33
"15615","headless",89,86423148,99.33
"15616","hoarse",89,86423237,99.33
"15617","honeycomb",89,86423326,99.33
"15618","hummel",89,86423415,99.33
"15619","insofar",89,86423504,99.33
"15620","jiffy",89,86423593,99.33
"15621","lacing",89,86423682,99.33
"15622","mau",89,86423771,99.33
"15623","mentorship",89,86423860,99.33
"15624","misunderstand",89,86423949,99.33
"15625","multiplying",89,86424038,99.33
"15626","naught",89,86424127,99.33
"15627","nitty",89,86424216,99.33
"15628","osteoporosis",89,86424305,99.33
"15629","pathologist",89,86424394,99.33
"15630","peregrine",89,86424483,99.33
"15631","pertain",89,86424572,99.33
"15632","purification",89,86424661,99.33
"15633","retaliate",89,86424750,99.33
"15634","rudimentary",89,86424839,99.34
"15635","schiller",89,86424928,99.34
"15636","schoolhouse",89,86425017,99.34
"15637","sculpt",89,86425106,99.34
"15638","senatorial",89,86425195,99.34
"15639","shimmy",89,86425284,99.34
"15640","shipwreck",89,86425373,99.34
"15641","sil",89,86425462,99.34
"15642","sparsely",89,86425551,99.34
"15643","spawning",89,86425640,99.34
"15644","stevia",89,86425729,99.34
"15645","subdue",89,86425818,99.34
"15646","subside",89,86425907,99.34
"15647","superhuman",89,86425996,99.34
"15648","telegram",89,86426085,99.34
"15649","tingle",89,86426174,99.34
"15650","titular",89,86426263,99.34
"15651","togetherness",89,86426352,99.34
"15652","toothless",89,86426441,99.34
"15653","trainee",89,86426530,99.34
"15654","transcription",89,86426619,99.34
"15655","twisty",89,86426708,99.34
"15656","uncharacteristically",89,86426797,99.34
"15657","underprivileged",89,86426886,99.34
"15658","utilitarian",89,86426975,99.34
"15659","wean",89,86427064,99.34
"15660","widower",89,86427153,99.34
"15661","withered",89,86427242,99.34
"15662","zeta",89,86427331,99.34
"15663","zipping",89,86427420,99.34
"15664","afoul",88,86427508,99.34
"15665","alchemist",88,86427596,99.34
"15666","amiable",88,86427684,99.34
"15667","amin",88,86427772,99.34
"15668","amok",88,86427860,99.34
"15669","anthrax",88,86427948,99.34
"15670","apostolic",88,86428036,99.34
"15671","apprenticeship",88,86428124,99.34
"15672","apropos",88,86428212,99.34
"15673","archipelago",88,86428300,99.34
"15674","assimilation",88,86428388,99.34
"15675","backfire",88,86428476,99.34
"15676","barter",88,86428564,99.34
"15677","beholden",88,86428652,99.34
"15678","bela",88,86428740,99.34
"15679","chasm",88,86428828,99.34
"15680","clinically",88,86428916,99.34
"15681","cockroach",88,86429004,99.34
"15682","cowardice",88,86429092,99.34
"15683","cursory",88,86429180,99.34
"15684","decadence",88,86429268,99.34
"15685","discernible",88,86429356,99.34
"15686","disrepair",88,86429444,99.34
"15687","fife",88,86429532,99.34
"15688","grouchy",88,86429620,99.34
"15689","guava",88,86429708,99.34
"15690","het",88,86429796,99.34
"15691","hiker",88,86429884,99.34
"15692","horticulture",88,86429972,99.34
"15693","implicitly",88,86430060,99.34
"15694","inanimate",88,86430148,99.34
"15695","inconclusive",88,86430236,99.34
"15696","insomniac",88,86430324,99.34
"15697","johannes",88,86430412,99.34
"15698","knitter",88,86430500,99.34
"15699","leery",88,86430588,99.34
"15700","lipped",88,86430676,99.34
"15701","materialistic",88,86430764,99.34
"15702","migratory",88,86430852,99.34
"15703","numbness",88,86430940,99.34
"15704","ooze",88,86431028,99.34
"15705","planetarium",88,86431116,99.34
"15706","preferential",88,86431204,99.34
"15707","preside",88,86431292,99.34
"15708","publicize",88,86431380,99.34
"15709","reeled",88,86431468,99.34
"15710","salespeople",88,86431556,99.34
"15711","savoy",88,86431644,99.34
"15712","showy",88,86431732,99.34
"15713","smallish",88,86431820,99.34
"15714","spouting",88,86431908,99.34
"15715","strata",88,86431996,99.34
"15716","tactile",88,86432084,99.34
"15717","tania",88,86432172,99.34
"15718","tolling",88,86432260,99.34
"15719","torta",88,86432348,99.34
"15720","toto",88,86432436,99.34
"15721","twirl",88,86432524,99.34
"15722","undercurrent",88,86432612,99.34
"15723","uninterested",88,86432700,99.34
"15724","woeful",88,86432788,99.34
"15725","allegro",87,86432875,99.34
"15726","animator",87,86432962,99.34
"15727","antithesis",87,86433049,99.34
"15728","assimilate",87,86433136,99.34
"15729","axes",87,86433223,99.34
"15730","bile",87,86433310,99.34
"15731","booger",87,86433397,99.34
"15732","brokenness",87,86433484,99.35
"15733","buss",87,86433571,99.35
"15734","campaigner",87,86433658,99.35
"15735","cardiology",87,86433745,99.35
"15736","chartreuse",87,86433832,99.35
"15737","chirp",87,86433919,99.35
"15738","conceivably",87,86434006,99.35
"15739","contour",87,86434093,99.35
"15740","creaminess",87,86434180,99.35
"15741","decisively",87,86434267,99.35
"15742","degrade",87,86434354,99.35
"15743","discreetly",87,86434441,99.35
"15744","enchilada",87,86434528,99.35
"15745","fantasia",87,86434615,99.35
"15746","firewood",87,86434702,99.35
"15747","firework",87,86434789,99.35
"15748","flaunt",87,86434876,99.35
"15749","freshen",87,86434963,99.35
"15750","galilee",87,86435050,99.35
"15751","gastric",87,86435137,99.35
"15752","godsend",87,86435224,99.35
"15753","gourd",87,86435311,99.35
"15754","gymnast",87,86435398,99.35
"15755","heathen",87,86435485,99.35
"15756","impressionist",87,86435572,99.35
"15757","inhalation",87,86435659,99.35
"15758","lewd",87,86435746,99.35
"15759","licensor",87,86435833,99.35
"15760","malevolent",87,86435920,99.35
"15761","methadone",87,86436007,99.35
"15762","mime",87,86436094,99.35
"15763","monogram",87,86436181,99.35
"15764","nitro",87,86436268,99.35
"15765","pelican",87,86436355,99.35
"15766","penal",87,86436442,99.35
"15767","pox",87,86436529,99.35
"15768","purr",87,86436616,99.35
"15769","querying",87,86436703,99.35
"15770","ravenous",87,86436790,99.35
"15771","reload",87,86436877,99.35
"15772","rodman",87,86436964,99.35
"15773","rogan",87,86437051,99.35
"15774","romantically",87,86437138,99.35
"15775","rudely",87,86437225,99.35
"15776","rustling",87,86437312,99.35
"15777","scaffolding",87,86437399,99.35
"15778","shimmery",87,86437486,99.35
"15779","silverware",87,86437573,99.35
"15780","snatching",87,86437660,99.35
"15781","sonnet",87,86437747,99.35
"15782","spiffy",87,86437834,99.35
"15783","sputtering",87,86437921,99.35
"15784","stratosphere",87,86438008,99.35
"15785","sweety",87,86438095,99.35
"15786","tod",87,86438182,99.35
"15787","trotter",87,86438269,99.35
"15788","tumult",87,86438356,99.35
"15789","ultraviolet",87,86438443,99.35
"15790","undersized",87,86438530,99.35
"15791","unsavory",87,86438617,99.35
"15792","unsold",87,86438704,99.35
"15793","wham",87,86438791,99.35
"15794","yaya",87,86438878,99.35
"15795","abalone",86,86438964,99.35
"15796","abreast",86,86439050,99.35
"15797","afterschool",86,86439136,99.35
"15798","allowable",86,86439222,99.35
"15799","altruistic",86,86439308,99.35
"15800","archangel",86,86439394,99.35
"15801","archetype",86,86439480,99.35
"15802","arsenic",86,86439566,99.35
"15803","atrocity",86,86439652,99.35
"15804","bleacher",86,86439738,99.35
"15805","brooch",86,86439824,99.35
"15806","cannery",86,86439910,99.35
"15807","collusion",86,86439996,99.35
"15808","colorless",86,86440082,99.35
"15809","complicity",86,86440168,99.35
"15810","conspirator",86,86440254,99.35
"15811","craven",86,86440340,99.35
"15812","criminality",86,86440426,99.35
"15813","crossbar",86,86440512,99.35
"15814","curbing",86,86440598,99.35
"15815","deformed",86,86440684,99.35
"15816","degraded",86,86440770,99.35
"15817","dissolving",86,86440856,99.35
"15818","fancied",86,86440942,99.35
"15819","fasten",86,86441028,99.35
"15820","fertilization",86,86441114,99.35
"15821","fingered",86,86441200,99.35
"15822","fishery",86,86441286,99.35
"15823","foaming",86,86441372,99.35
"15824","formality",86,86441458,99.35
"15825","fungi",86,86441544,99.35
"15826","gaby",86,86441630,99.35
"15827","glacial",86,86441716,99.35
"15828","gratefully",86,86441802,99.35
"15829","henna",86,86441888,99.35
"15830","infiltrate",86,86441974,99.35
"15831","infringe",86,86442060,99.35
"15832","insolvency",86,86442146,99.35
"15833","intercollegiate",86,86442232,99.36
"15834","laborer",86,86442318,99.36
"15835","laminated",86,86442404,99.36
"15836","lifesaver",86,86442490,99.36
"15837","milled",86,86442576,99.36
"15838","millionth",86,86442662,99.36
"15839","misfit",86,86442748,99.36
"15840","misstep",86,86442834,99.36
"15841","nepotism",86,86442920,99.36
"15842","obscenity",86,86443006,99.36
"15843","pariah",86,86443092,99.36
"15844","pragmatism",86,86443178,99.36
"15845","prerogative",86,86443264,99.36
"15846","provenance",86,86443350,99.36
"15847","psi",86,86443436,99.36
"15848","rector",86,86443522,99.36
"15849","repressive",86,86443608,99.36
"15850","repulsive",86,86443694,99.36
"15851","russel",86,86443780,99.36
"15852","scarecrow",86,86443866,99.36
"15853","shakedown",86,86443952,99.36
"15854","siesta",86,86444038,99.36
"15855","singler",86,86444124,99.36
"15856","skittish",86,86444210,99.36
"15857","sojourn",86,86444296,99.36
"15858","stunner",86,86444382,99.36
"15859","sweetwater",86,86444468,99.36
"15860","transgression",86,86444554,99.36
"15861","unsatisfied",86,86444640,99.36
"15862","vee",86,86444726,99.36
"15863","wince",86,86444812,99.36
"15864","winking",86,86444898,99.36
"15865","actionable",85,86444983,99.36
"15866","arrowhead",85,86445068,99.36
"15867","azure",85,86445153,99.36
"15868","bushel",85,86445238,99.36
"15869","cartwright",85,86445323,99.36
"15870","cinder",85,86445408,99.36
"15871","cognition",85,86445493,99.36
"15872","conte",85,86445578,99.36
"15873","contemplative",85,86445663,99.36
"15874","cookery",85,86445748,99.36
"15875","credence",85,86445833,99.36
"15876","crunk",85,86445918,99.36
"15877","crypt",85,86446003,99.36
"15878","cushy",85,86446088,99.36
"15879","daylong",85,86446173,99.36
"15880","detonate",85,86446258,99.36
"15881","devotee",85,86446343,99.36
"15882","dietitian",85,86446428,99.36
"15883","directorial",85,86446513,99.36
"15884","discouragement",85,86446598,99.36
"15885","disqualify",85,86446683,99.36
"15886","dissipated",85,86446768,99.36
"15887","driftwood",85,86446853,99.36
"15888","easygoing",85,86446938,99.36
"15889","embankment",85,86447023,99.36
"15890","ephemeral",85,86447108,99.36
"15891","feverish",85,86447193,99.36
"15892","fleshy",85,86447278,99.36
"15893","forties",85,86447363,99.36
"15894","gorgeously",85,86447448,99.36
"15895","greenish",85,86447533,99.36
"15896","groggy",85,86447618,99.36
"15897","grudgingly",85,86447703,99.36
"15898","helplessness",85,86447788,99.36
"15899","incendiary",85,86447873,99.36
"15900","insular",85,86447958,99.36
"15901","jovial",85,86448043,99.36
"15902","koi",85,86448128,99.36
"15903","lan",85,86448213,99.36
"15904","lyrically",85,86448298,99.36
"15905","meatless",85,86448383,99.36
"15906","mercifully",85,86448468,99.36
"15907","merciless",85,86448553,99.36
"15908","metamorphosis",85,86448638,99.36
"15909","monotonous",85,86448723,99.36
"15910","mused",85,86448808,99.36
"15911","nob",85,86448893,99.36
"15912","nog",85,86448978,99.36
"15913","nomad",85,86449063,99.36
"15914","nother",85,86449148,99.36
"15915","onus",85,86449233,99.36
"15916","pitchfork",85,86449318,99.36
"15917","playback",85,86449403,99.36
"15918","plop",85,86449488,99.36
"15919","potting",85,86449573,99.36
"15920","predictive",85,86449658,99.36
"15921","punchy",85,86449743,99.36
"15922","quip",85,86449828,99.36
"15923","rabble",85,86449913,99.36
"15924","radiator",85,86449998,99.36
"15925","redeemer",85,86450083,99.36
"15926","retractable",85,86450168,99.36
"15927","retrograde",85,86450253,99.36
"15928","revolutionize",85,86450338,99.36
"15929","roper",85,86450423,99.36
"15930","sandpaper",85,86450508,99.36
"15931","scrutinize",85,86450593,99.36
"15932","seclusion",85,86450678,99.36
"15933","shoo",85,86450763,99.36
"15934","squish",85,86450848,99.36
"15935","stabilization",85,86450933,99.37
"15936","strapping",85,86451018,99.37
"15937","structurally",85,86451103,99.37
"15938","succinct",85,86451188,99.37
"15939","testimonial",85,86451273,99.37
"15940","thankfulness",85,86451358,99.37
"15941","trickling",85,86451443,99.37
"15942","voluminous",85,86451528,99.37
"15943","wooing",85,86451613,99.37
"15944","wring",85,86451698,99.37
"15945","acton",84,86451782,99.37
"15946","ade",84,86451866,99.37
"15947","airbrush",84,86451950,99.37
"15948","allot",84,86452034,99.37
"15949","ambivalence",84,86452118,99.37
"15950","anemia",84,86452202,99.37
"15951","arming",84,86452286,99.37
"15952","armpit",84,86452370,99.37
"15953","assemblage",84,86452454,99.37
"15954","aural",84,86452538,99.37
"15955","awning",84,86452622,99.37
"15956","balloting",84,86452706,99.37
"15957","barricade",84,86452790,99.37
"15958","bemused",84,86452874,99.37
"15959","bundy",84,86452958,99.37
"15960","cacophony",84,86453042,99.37
"15961","calender",84,86453126,99.37
"15962","cognizant",84,86453210,99.37
"15963","croft",84,86453294,99.37
"15964","dangle",84,86453378,99.37
"15965","debby",84,86453462,99.37
"15966","decrepit",84,86453546,99.37
"15967","depravity",84,86453630,99.37
"15968","druid",84,86453714,99.37
"15969","eminently",84,86453798,99.37
"15970","flammable",84,86453882,99.37
"15971","gait",84,86453966,99.37
"15972","gent",84,86454050,99.37
"15973","gris",84,86454134,99.37
"15974","gunpowder",84,86454218,99.37
"15975","gyro",84,86454302,99.37
"15976","hearse",84,86454386,99.37
"15977","hereafter",84,86454470,99.37
"15978","hokey",84,86454554,99.37
"15979","imperfection",84,86454638,99.37
"15980","impossibility",84,86454722,99.37
"15981","indexing",84,86454806,99.37
"15982","inference",84,86454890,99.37
"15983","intersect",84,86454974,99.37
"15984","laminate",84,86455058,99.37
"15985","linguistics",84,86455142,99.37
"15986","longhorn",84,86455226,99.37
"15987","looping",84,86455310,99.37
"15988","meld",84,86455394,99.37
"15989","mumbling",84,86455478,99.37
"15990","musing",84,86455562,99.37
"15991","natty",84,86455646,99.37
"15992","neuter",84,86455730,99.37
"15993","pacifier",84,86455814,99.37
"15994","pellet",84,86455898,99.37
"15995","pied",84,86455982,99.37
"15996","plough",84,86456066,99.37
"15997","poser",84,86456150,99.37
"15998","predictability",84,86456234,99.37
"15999","pursuant",84,86456318,99.37
"16000","resentful",84,86456402,99.37
"16001","retract",84,86456486,99.37
"16002","ruse",84,86456570,99.37
"16003","salle",84,86456654,99.37
"16004","selectively",84,86456738,99.37
"16005","shavings",84,86456822,99.37
"16006","sicker",84,86456906,99.37
"16007","sienna",84,86456990,99.37
"16008","skylight",84,86457074,99.37
"16009","solicitation",84,86457158,99.37
"16010","songbook",84,86457242,99.37
"16011","spiking",84,86457326,99.37
"16012","stimuli",84,86457410,99.37
"16013","summation",84,86457494,99.37
"16014","tariff",84,86457578,99.37
"16015","thyself",84,86457662,99.37
"16016","tirade",84,86457746,99.37
"16017","toxicity",84,86457830,99.37
"16018","toxin",84,86457914,99.37
"16019","unilaterally",84,86457998,99.37
"16020","unloved",84,86458082,99.37
"16021","waka",84,86458166,99.37
"16022","writhing",84,86458250,99.37
"16023","yesteryear",84,86458334,99.37
"16024","agua",83,86458417,99.37
"16025","alibi",83,86458500,99.37
"16026","annihilation",83,86458583,99.37
"16027","attributable",83,86458666,99.37
"16028","bier",83,86458749,99.37
"16029","blanch",83,86458832,99.37
"16030","brewmaster",83,86458915,99.37
"16031","buoyant",83,86458998,99.37
"16032","cachet",83,86459081,99.37
"16033","capes",83,86459164,99.37
"16034","childless",83,86459247,99.37
"16035","chino",83,86459330,99.37
"16036","collectible",83,86459413,99.37
"16037","comically",83,86459496,99.37
"16038","creditor",83,86459579,99.38
"16039","dabble",83,86459662,99.38
"16040","depress",83,86459745,99.38
"16041","disprove",83,86459828,99.38
"16042","emission",83,86459911,99.38
"16043","exorcist",83,86459994,99.38
"16044","fitter",83,86460077,99.38
"16045","fluctuate",83,86460160,99.38
"16046","furnish",83,86460243,99.38
"16047","gauze",83,86460326,99.38
"16048","gleam",83,86460409,99.38
"16049","glider",83,86460492,99.38
"16050","gluttony",83,86460575,99.38
"16051","gravitational",83,86460658,99.38
"16052","handsomely",83,86460741,99.38
"16053","headmaster",83,86460824,99.38
"16054","heartbreaker",83,86460907,99.38
"16055","imperialist",83,86460990,99.38
"16056","jager",83,86461073,99.38
"16057","kneading",83,86461156,99.38
"16058","liturgical",83,86461239,99.38
"16059","mailman",83,86461322,99.38
"16060","malignant",83,86461405,99.38
"16061","mucus",83,86461488,99.38
"16062","musk",83,86461571,99.38
"16063","mutton",83,86461654,99.38
"16064","narcissism",83,86461737,99.38
"16065","nomadic",83,86461820,99.38
"16066","papal",83,86461903,99.38
"16067","pathological",83,86461986,99.38
"16068","politeness",83,86462069,99.38
"16069","procrastinator",83,86462152,99.38
"16070","proofing",83,86462235,99.38
"16071","putty",83,86462318,99.38
"16072","quarrel",83,86462401,99.38
"16073","reinvestment",83,86462484,99.38
"16074","renown",83,86462567,99.38
"16075","resend",83,86462650,99.38
"16076","selfishly",83,86462733,99.38
"16077","skyward",83,86462816,99.38
"16078","slouch",83,86462899,99.38
"16079","spiciness",83,86462982,99.38
"16080","spoilt",83,86463065,99.38
"16081","squatting",83,86463148,99.38
"16082","squirm",83,86463231,99.38
"16083","torturous",83,86463314,99.38
"16084","toughen",83,86463397,99.38
"16085","trapeze",83,86463480,99.38
"16086","uncomplicated",83,86463563,99.38
"16087","undertook",83,86463646,99.38
"16088","unilateral",83,86463729,99.38
"16089","welterweight",83,86463812,99.38
"16090","whittle",83,86463895,99.38
"16091","wick",83,86463978,99.38
"16092","wid",83,86464061,99.38
"16093","withers",83,86464144,99.38
"16094","yonder",83,86464227,99.38
"16095","aberration",82,86464309,99.38
"16096","adventurer",82,86464391,99.38
"16097","analogous",82,86464473,99.38
"16098","animate",82,86464555,99.38
"16099","astonishment",82,86464637,99.38
"16100","backhand",82,86464719,99.38
"16101","ballast",82,86464801,99.38
"16102","beachy",82,86464883,99.38
"16103","beguiling",82,86464965,99.38
"16104","blockade",82,86465047,99.38
"16105","bonsai",82,86465129,99.38
"16106","botanic",82,86465211,99.38
"16107","caustic",82,86465293,99.38
"16108","cava",82,86465375,99.38
"16109","chaperone",82,86465457,99.38
"16110","chive",82,86465539,99.38
"16111","cloaked",82,86465621,99.38
"16112","clockwise",82,86465703,99.38
"16113","cobble",82,86465785,99.38
"16114","cocker",82,86465867,99.38
"16115","confessing",82,86465949,99.38
"16116","countess",82,86466031,99.38
"16117","curate",82,86466113,99.38
"16118","cynic",82,86466195,99.38
"16119","deference",82,86466277,99.38
"16120","depressive",82,86466359,99.38
"16121","derry",82,86466441,99.38
"16122","destitute",82,86466523,99.38
"16123","dissipate",82,86466605,99.38
"16124","distilling",82,86466687,99.38
"16125","doldrums",82,86466769,99.38
"16126","elixir",82,86466851,99.38
"16127","emboss",82,86466933,99.38
"16128","experiential",82,86467015,99.38
"16129","forlorn",82,86467097,99.38
"16130","franc",82,86467179,99.38
"16131","fronting",82,86467261,99.38
"16132","heighten",82,86467343,99.38
"16133","hindrance",82,86467425,99.38
"16134","horst",82,86467507,99.38
"16135","hulking",82,86467589,99.38
"16136","humiliate",82,86467671,99.38
"16137","hurriedly",82,86467753,99.38
"16138","idiosyncratic",82,86467835,99.38
"16139","immaturity",82,86467917,99.38
"16140","inactivity",82,86467999,99.38
"16141","inwardly",82,86468081,99.38
"16142","joyfully",82,86468163,99.38
"16143","jumpy",82,86468245,99.38
"16144","lai",82,86468327,99.39
"16145","liberate",82,86468409,99.39
"16146","menagerie",82,86468491,99.39
"16147","negate",82,86468573,99.39
"16148","nori",82,86468655,99.39
"16149","nuptials",82,86468737,99.39
"16150","optics",82,86468819,99.39
"16151","pail",82,86468901,99.39
"16152","payed",82,86468983,99.39
"16153","precocious",82,86469065,99.39
"16154","presentable",82,86469147,99.39
"16155","propeller",82,86469229,99.39
"16156","quandary",82,86469311,99.39
"16157","radiate",82,86469393,99.39
"16158","rescind",82,86469475,99.39
"16159","rollicking",82,86469557,99.39
"16160","sculptural",82,86469639,99.39
"16161","shoestring",82,86469721,99.39
"16162","shouldered",82,86469803,99.39
"16163","sighing",82,86469885,99.39
"16164","skimpy",82,86469967,99.39
"16165","skirmish",82,86470049,99.39
"16166","skyrocket",82,86470131,99.39
"16167","sneer",82,86470213,99.39
"16168","sowing",82,86470295,99.39
"16169","sown",82,86470377,99.39
"16170","subbing",82,86470459,99.39
"16171","toed",82,86470541,99.39
"16172","trickery",82,86470623,99.39
"16173","tripe",82,86470705,99.39
"16174","typography",82,86470787,99.39
"16175","underpaid",82,86470869,99.39
"16176","uninvited",82,86470951,99.39
"16177","unsealed",82,86471033,99.39
"16178","urinal",82,86471115,99.39
"16179","vindication",82,86471197,99.39
"16180","wavering",82,86471279,99.39
"16181","wigan",82,86471361,99.39
"16182","womanhood",82,86471443,99.39
"16183","zag",82,86471525,99.39
"16184","abstain",81,86471606,99.39
"16185","advisable",81,86471687,99.39
"16186","antiquity",81,86471768,99.39
"16187","aristocratic",81,86471849,99.39
"16188","auspicious",81,86471930,99.39
"16189","bagpipes",81,86472011,99.39
"16190","beggar",81,86472092,99.39
"16191","benzene",81,86472173,99.39
"16192","besieged",81,86472254,99.39
"16193","bumble",81,86472335,99.39
"16194","bureaucrat",81,86472416,99.39
"16195","bygone",81,86472497,99.39
"16196","calligraphy",81,86472578,99.39
"16197","carded",81,86472659,99.39
"16198","connotation",81,86472740,99.39
"16199","converter",81,86472821,99.39
"16200","copycat",81,86472902,99.39
"16201","cordon",81,86472983,99.39
"16202","cot",81,86473064,99.39
"16203","custodial",81,86473145,99.39
"16204","darken",81,86473226,99.39
"16205","derelict",81,86473307,99.39
"16206","elongated",81,86473388,99.39
"16207","eloquence",81,86473469,99.39
"16208","ender",81,86473550,99.39
"16209","ensign",81,86473631,99.39
"16210","favoritism",81,86473712,99.39
"16211","feverishly",81,86473793,99.39
"16212","froth",81,86473874,99.39
"16213","gallop",81,86473955,99.39
"16214","glassy",81,86474036,99.39
"16215","graphite",81,86474117,99.39
"16216","hairdo",81,86474198,99.39
"16217","immeasurable",81,86474279,99.39
"16218","incurable",81,86474360,99.39
"16219","ironbound",81,86474441,99.39
"16220","kilowatt",81,86474522,99.39
"16221","landau",81,86474603,99.39
"16222","lymph",81,86474684,99.39
"16223","manna",81,86474765,99.39
"16224","marbled",81,86474846,99.39
"16225","matron",81,86474927,99.39
"16226","microcosm",81,86475008,99.39
"16227","outgrow",81,86475089,99.39
"16228","pollan",81,86475170,99.39
"16229","pomp",81,86475251,99.39
"16230","prefecture",81,86475332,99.39
"16231","priestly",81,86475413,99.39
"16232","proto",81,86475494,99.39
"16233","reciprocal",81,86475575,99.39
"16234","reclamation",81,86475656,99.39
"16235","redress",81,86475737,99.39
"16236","repellent",81,86475818,99.39
"16237","retrial",81,86475899,99.39
"16238","ringed",81,86475980,99.39
"16239","rox",81,86476061,99.39
"16240","scarring",81,86476142,99.39
"16241","sedentary",81,86476223,99.39
"16242","sharpness",81,86476304,99.39
"16243","shaven",81,86476385,99.39
"16244","singularity",81,86476466,99.39
"16245","snapback",81,86476547,99.39
"16246","spay",81,86476628,99.39
"16247","springy",81,86476709,99.39
"16248","stagnation",81,86476790,99.39
"16249","staining",81,86476871,99.39
"16250","stallion",81,86476952,99.39
"16251","suspenders",81,86477033,99.4
"16252","testa",81,86477114,99.4
"16253","textual",81,86477195,99.4
"16254","touchstone",81,86477276,99.4
"16255","trickster",81,86477357,99.4
"16256","ultimatum",81,86477438,99.4
"16257","unbeknownst",81,86477519,99.4
"16258","unpretentious",81,86477600,99.4
"16259","urchin",81,86477681,99.4
"16260","urn",81,86477762,99.4
"16261","wafer",81,86477843,99.4
"16262","weatherman",81,86477924,99.4
"16263","witted",81,86478005,99.4
"16264","woolly",81,86478086,99.4
"16265","youd",81,86478167,99.4
"16266","addendum",80,86478247,99.4
"16267","alfalfa",80,86478327,99.4
"16268","allusion",80,86478407,99.4
"16269","amenity",80,86478487,99.4
"16270","angelique",80,86478567,99.4
"16271","arbitrarily",80,86478647,99.4
"16272","biennial",80,86478727,99.4
"16273","branched",80,86478807,99.4
"16274","cameraman",80,86478887,99.4
"16275","canoeing",80,86478967,99.4
"16276","cluck",80,86479047,99.4
"16277","cog",80,86479127,99.4
"16278","coho",80,86479207,99.4
"16279","collagen",80,86479287,99.4
"16280","confidant",80,86479367,99.4
"16281","crutch",80,86479447,99.4
"16282","deceitful",80,86479527,99.4
"16283","enormity",80,86479607,99.4
"16284","enviable",80,86479687,99.4
"16285","erudite",80,86479767,99.4
"16286","esquire",80,86479847,99.4
"16287","forage",80,86479927,99.4
"16288","garish",80,86480007,99.4
"16289","gastrointestinal",80,86480087,99.4
"16290","grotto",80,86480167,99.4
"16291","inflate",80,86480247,99.4
"16292","instrumentation",80,86480327,99.4
"16293","insufferable",80,86480407,99.4
"16294","insulate",80,86480487,99.4
"16295","lather",80,86480567,99.4
"16296","mage",80,86480647,99.4
"16297","martyrdom",80,86480727,99.4
"16298","mechanically",80,86480807,99.4
"16299","monolithic",80,86480887,99.4
"16300","nutter",80,86480967,99.4
"16301","orthodontist",80,86481047,99.4
"16302","pandemonium",80,86481127,99.4
"16303","pilar",80,86481207,99.4
"16304","playable",80,86481287,99.4
"16305","precautionary",80,86481367,99.4
"16306","prejudiced",80,86481447,99.4
"16307","preoccupation",80,86481527,99.4
"16308","prudence",80,86481607,99.4
"16309","quartered",80,86481687,99.4
"16310","quorum",80,86481767,99.4
"16311","reciprocate",80,86481847,99.4
"16312","redundancy",80,86481927,99.4
"16313","reissue",80,86482007,99.4
"16314","rejuvenate",80,86482087,99.4
"16315","rougher",80,86482167,99.4
"16316","rubbery",80,86482247,99.4
"16317","servitude",80,86482327,99.4
"16318","shearing",80,86482407,99.4
"16319","shorthanded",80,86482487,99.4
"16320","snugly",80,86482567,99.4
"16321","soapbox",80,86482647,99.4
"16322","sombrero",80,86482727,99.4
"16323","strident",80,86482807,99.4
"16324","stubbornness",80,86482887,99.4
"16325","succinctly",80,86482967,99.4
"16326","takedown",80,86483047,99.4
"16327","teardrop",80,86483127,99.4
"16328","therese",80,86483207,99.4
"16329","thrall",80,86483287,99.4
"16330","tonal",80,86483367,99.4
"16331","unattainable",80,86483447,99.4
"16332","uninitiated",80,86483527,99.4
"16333","unrecognizable",80,86483607,99.4
"16334","unusable",80,86483687,99.4
"16335","unwell",80,86483767,99.4
"16336","vellum",80,86483847,99.4
"16337","walkable",80,86483927,99.4
"16338","whiplash",80,86484007,99.4
"16339","yule",80,86484087,99.4
"16340","abnormally",79,86484166,99.4
"16341","accentuate",79,86484245,99.4
"16342","acetate",79,86484324,99.4
"16343","afield",79,86484403,99.4
"16344","alway",79,86484482,99.4
"16345","ascot",79,86484561,99.4
"16346","betterment",79,86484640,99.4
"16347","bizarrely",79,86484719,99.4
"16348","blacksmith",79,86484798,99.4
"16349","bobcat",79,86484877,99.4
"16350","bodega",79,86484956,99.4
"16351","brownback",79,86485035,99.4
"16352","capote",79,86485114,99.4
"16353","carelessly",79,86485193,99.4
"16354","causeway",79,86485272,99.4
"16355","chapin",79,86485351,99.4
"16356","deviant",79,86485430,99.4
"16357","directional",79,86485509,99.4
"16358","ethically",79,86485588,99.4
"16359","flak",79,86485667,99.41
"16360","forego",79,86485746,99.41
"16361","forfeiture",79,86485825,99.41
"16362","goatee",79,86485904,99.41
"16363","gopher",79,86485983,99.41
"16364","gravely",79,86486062,99.41
"16365","idiom",79,86486141,99.41
"16366","indestructible",79,86486220,99.41
"16367","infatuation",79,86486299,99.41
"16368","ingest",79,86486378,99.41
"16369","inhuman",79,86486457,99.41
"16370","ist",79,86486536,99.41
"16371","jubilant",79,86486615,99.41
"16372","keepsake",79,86486694,99.41
"16373","kip",79,86486773,99.41
"16374","landline",79,86486852,99.41
"16375","leper",79,86486931,99.41
"16376","morsel",79,86487010,99.41
"16377","mournful",79,86487089,99.41
"16378","multiplex",79,86487168,99.41
"16379","napped",79,86487247,99.41
"16380","nonchalant",79,86487326,99.41
"16381","omnipresent",79,86487405,99.41
"16382","overhang",79,86487484,99.41
"16383","penitentiary",79,86487563,99.41
"16384","philosophically",79,86487642,99.41
"16385","pimping",79,86487721,99.41
"16386","pliable",79,86487800,99.41
"16387","predominant",79,86487879,99.41
"16388","presto",79,86487958,99.41
"16389","principally",79,86488037,99.41
"16390","psychosis",79,86488116,99.41
"16391","pundit",79,86488195,99.41
"16392","rationally",79,86488274,99.41
"16393","reapply",79,86488353,99.41
"16394","refrigeration",79,86488432,99.41
"16395","rook",79,86488511,99.41
"16396","rudeness",79,86488590,99.41
"16397","saggy",79,86488669,99.41
"16398","sandman",79,86488748,99.41
"16399","sarcastically",79,86488827,99.41
"16400","scarface",79,86488906,99.41
"16401","skier",79,86488985,99.41
"16402","snotty",79,86489064,99.41
"16403","socialization",79,86489143,99.41
"16404","sparing",79,86489222,99.41
"16405","strutting",79,86489301,99.41
"16406","tantamount",79,86489380,99.41
"16407","tapered",79,86489459,99.41
"16408","thoughtless",79,86489538,99.41
"16409","thumbnail",79,86489617,99.41
"16410","totality",79,86489696,99.41
"16411","trimmer",79,86489775,99.41
"16412","underfoot",79,86489854,99.41
"16413","unneeded",79,86489933,99.41
"16414","venomous",79,86490012,99.41
"16415","acoustics",78,86490090,99.41
"16416","auctioneer",78,86490168,99.41
"16417","compute",78,86490246,99.41
"16418","congratulatory",78,86490324,99.41
"16419","countenance",78,86490402,99.41
"16420","decorum",78,86490480,99.41
"16421","dejected",78,86490558,99.41
"16422","dobson",78,86490636,99.41
"16423","doughty",78,86490714,99.41
"16424","downtrodden",78,86490792,99.41
"16425","enquiry",78,86490870,99.41
"16426","erectile",78,86490948,99.41
"16427","eyelid",78,86491026,99.41
"16428","fatherless",78,86491104,99.41
"16429","ferment",78,86491182,99.41
"16430","flounder",78,86491260,99.41
"16431","fluency",78,86491338,99.41
"16432","forgetful",78,86491416,99.41
"16433","garter",78,86491494,99.41
"16434","gazebo",78,86491572,99.41
"16435","gleeful",78,86491650,99.41
"16436","grubby",78,86491728,99.41
"16437","hankering",78,86491806,99.41
"16438","hock",78,86491884,99.41
"16439","incognito",78,86491962,99.41
"16440","inextricably",78,86492040,99.41
"16441","inverse",78,86492118,99.41
"16442","irreparable",78,86492196,99.41
"16443","lifesaving",78,86492274,99.41
"16444","locksmith",78,86492352,99.41
"16445","mantua",78,86492430,99.41
"16446","mathematically",78,86492508,99.41
"16447","misogyny",78,86492586,99.41
"16448","mudd",78,86492664,99.41
"16449","neutralize",78,86492742,99.41
"16450","noose",78,86492820,99.41
"16451","omer",78,86492898,99.41
"16452","paintbrush",78,86492976,99.41
"16453","promiscuous",78,86493054,99.41
"16454","punta",78,86493132,99.41
"16455","purveyor",78,86493210,99.41
"16456","qualitative",78,86493288,99.41
"16457","quan",78,86493366,99.41
"16458","quiver",78,86493444,99.41
"16459","quivering",78,86493522,99.41
"16460","redistribution",78,86493600,99.41
"16461","resonant",78,86493678,99.41
"16462","rework",78,86493756,99.41
"16463","rosette",78,86493834,99.41
"16464","sheepishly",78,86493912,99.41
"16465","slinky",78,86493990,99.41
"16466","sociological",78,86494068,99.41
"16467","strangling",78,86494146,99.41
"16468","stutter",78,86494224,99.41
"16469","sullen",78,86494302,99.41
"16470","sundry",78,86494380,99.42
"16471","tait",78,86494458,99.42
"16472","teacup",78,86494536,99.42
"16473","telltale",78,86494614,99.42
"16474","theorist",78,86494692,99.42
"16475","thrashing",78,86494770,99.42
"16476","tutelage",78,86494848,99.42
"16477","tyrannical",78,86494926,99.42
"16478","uniformity",78,86495004,99.42
"16479","vignette",78,86495082,99.42
"16480","welling",78,86495160,99.42
"16481","wholeness",78,86495238,99.42
"16482","achy",77,86495315,99.42
"16483","additive",77,86495392,99.42
"16484","afresh",77,86495469,99.42
"16485","angular",77,86495546,99.42
"16486","aristocracy",77,86495623,99.42
"16487","ballooning",77,86495700,99.42
"16488","banish",77,86495777,99.42
"16489","blemish",77,86495854,99.42
"16490","chippy",77,86495931,99.42
"16491","confederacy",77,86496008,99.42
"16492","dappled",77,86496085,99.42
"16493","decal",77,86496162,99.42
"16494","decoy",77,86496239,99.42
"16495","depreciation",77,86496316,99.42
"16496","environs",77,86496393,99.42
"16497","exacerbate",77,86496470,99.42
"16498","exertion",77,86496547,99.42
"16499","eyesore",77,86496624,99.42
"16500","flack",77,86496701,99.42
"16501","forthright",77,86496778,99.42
"16502","frasier",77,86496855,99.42
"16503","gallant",77,86496932,99.42
"16504","galt",77,86497009,99.42
"16505","granddad",77,86497086,99.42
"16506","gregarious",77,86497163,99.42
"16507","headstone",77,86497240,99.42
"16508","hissing",77,86497317,99.42
"16509","hitherto",77,86497394,99.42
"16510","hollandaise",77,86497471,99.42
"16511","honoree",77,86497548,99.42
"16512","impeccably",77,86497625,99.42
"16513","ineptitude",77,86497702,99.42
"16514","intercept",77,86497779,99.42
"16515","jambalaya",77,86497856,99.42
"16516","lackey",77,86497933,99.42
"16517","mezzanine",77,86498010,99.42
"16518","mobilization",77,86498087,99.42
"16519","muscled",77,86498164,99.42
"16520","nettle",77,86498241,99.42
"16521","neurology",77,86498318,99.42
"16522","obispo",77,86498395,99.42
"16523","orgasmic",77,86498472,99.42
"16524","outsized",77,86498549,99.42
"16525","outwardly",77,86498626,99.42
"16526","penalize",77,86498703,99.42
"16527","pimple",77,86498780,99.42
"16528","popper",77,86498857,99.42
"16529","powdery",77,86498934,99.42
"16530","preconceived",77,86499011,99.42
"16531","rebounder",77,86499088,99.42
"16532","rejuvenation",77,86499165,99.42
"16533","renegotiate",77,86499242,99.42
"16534","revelry",77,86499319,99.42
"16535","shredder",77,86499396,99.42
"16536","sixteenth",77,86499473,99.42
"16537","sociologist",77,86499550,99.42
"16538","soybean",77,86499627,99.42
"16539","speckled",77,86499704,99.42
"16540","spiegel",77,86499781,99.42
"16541","stipulation",77,86499858,99.42
"16542","syringes",77,86499935,99.42
"16543","theologian",77,86500012,99.42
"16544","thoroughfare",77,86500089,99.42
"16545","throwdown",77,86500166,99.42
"16546","tilly",77,86500243,99.42
"16547","transatlantic",77,86500320,99.42
"16548","unapologetic",77,86500397,99.42
"16549","unclean",77,86500474,99.42
"16550","unfocused",77,86500551,99.42
"16551","unhelpful",77,86500628,99.42
"16552","veranda",77,86500705,99.42
"16553","weeded",77,86500782,99.42
"16554","whimper",77,86500859,99.42
"16555","yak",77,86500936,99.42
"16556","airliner",76,86501012,99.42
"16557","amt",76,86501088,99.42
"16558","annals",76,86501164,99.42
"16559","archetypal",76,86501240,99.42
"16560","barrio",76,86501316,99.42
"16561","bellwether",76,86501392,99.42
"16562","bicyclist",76,86501468,99.42
"16563","bower",76,86501544,99.42
"16564","braver",76,86501620,99.42
"16565","cheesecloth",76,86501696,99.42
"16566","christened",76,86501772,99.42
"16567","cig",76,86501848,99.42
"16568","clothesline",76,86501924,99.42
"16569","collared",76,86502000,99.42
"16570","conjecture",76,86502076,99.42
"16571","corky",76,86502152,99.42
"16572","crematory",76,86502228,99.42
"16573","crescendo",76,86502304,99.42
"16574","diffuse",76,86502380,99.42
"16575","dispensation",76,86502456,99.42
"16576","dossman",76,86502532,99.42
"16577","dungy",76,86502608,99.42
"16578","duress",76,86502684,99.42
"16579","emblematic",76,86502760,99.42
"16580","endemic",76,86502836,99.42
"16581","enzyme",76,86502912,99.42
"16582","exacting",76,86502988,99.42
"16583","flatiron",76,86503064,99.43
"16584","geriatric",76,86503140,99.43
"16585","grimy",76,86503216,99.43
"16586","groping",76,86503292,99.43
"16587","haddock",76,86503368,99.43
"16588","harmonic",76,86503444,99.43
"16589","helpfully",76,86503520,99.43
"16590","incongruous",76,86503596,99.43
"16591","instantaneously",76,86503672,99.43
"16592","kang",76,86503748,99.43
"16593","koko",76,86503824,99.43
"16594","kyl",76,86503900,99.43
"16595","landowner",76,86503976,99.43
"16596","lass",76,86504052,99.43
"16597","lat",76,86504128,99.43
"16598","lurid",76,86504204,99.43
"16599","mor",76,86504280,99.43
"16600","motorcyclist",76,86504356,99.43
"16601","mulder",76,86504432,99.43
"16602","mysticism",76,86504508,99.43
"16603","pewter",76,86504584,99.43
"16604","pining",76,86504660,99.43
"16605","plodding",76,86504736,99.43
"16606","primate",76,86504812,99.43
"16607","priory",76,86504888,99.43
"16608","proofread",76,86504964,99.43
"16609","resurgent",76,86505040,99.43
"16610","rheumatoid",76,86505116,99.43
"16611","ripen",76,86505192,99.43
"16612","sandal",76,86505268,99.43
"16613","sensuous",76,86505344,99.43
"16614","skimmed",76,86505420,99.43
"16615","snoopy",76,86505496,99.43
"16616","snorting",76,86505572,99.43
"16617","snubbed",76,86505648,99.43
"16618","speciality",76,86505724,99.43
"16619","squabbling",76,86505800,99.43
"16620","staid",76,86505876,99.43
"16621","stunted",76,86505952,99.43
"16622","taffy",76,86506028,99.43
"16623","tectonic",76,86506104,99.43
"16624","thoughtfulness",76,86506180,99.43
"16625","throwaway",76,86506256,99.43
"16626","thunderbird",76,86506332,99.43
"16627","tidings",76,86506408,99.43
"16628","treatable",76,86506484,99.43
"16629","tribulation",76,86506560,99.43
"16630","tussle",76,86506636,99.43
"16631","unconfirmed",76,86506712,99.43
"16632","unconscionable",76,86506788,99.43
"16633","underpants",76,86506864,99.43
"16634","unduly",76,86506940,99.43
"16635","unfunny",76,86507016,99.43
"16636","unitarian",76,86507092,99.43
"16637","vertebrae",76,86507168,99.43
"16638","weepy",76,86507244,99.43
"16639","withering",76,86507320,99.43
"16640","workman",76,86507396,99.43
"16641","aerodynamic",75,86507471,99.43
"16642","alpaca",75,86507546,99.43
"16643","antarctic",75,86507621,99.43
"16644","attainment",75,86507696,99.43
"16645","authorship",75,86507771,99.43
"16646","baggie",75,86507846,99.43
"16647","baloney",75,86507921,99.43
"16648","beetroot",75,86507996,99.43
"16649","businesswoman",75,86508071,99.43
"16650","candidly",75,86508146,99.43
"16651","caraway",75,86508221,99.43
"16652","categorically",75,86508296,99.43
"16653","clamp",75,86508371,99.43
"16654","commercialization",75,86508446,99.43
"16655","cornucopia",75,86508521,99.43
"16656","craps",75,86508596,99.43
"16657","debtor",75,86508671,99.43
"16658","diapering",75,86508746,99.43
"16659","dissimilar",75,86508821,99.43
"16660","dour",75,86508896,99.43
"16661","elude",75,86508971,99.43
"16662","embezzlement",75,86509046,99.43
"16663","encryption",75,86509121,99.43
"16664","engrossing",75,86509196,99.43
"16665","enthralling",75,86509271,99.43
"16666","evens",75,86509346,99.43
"16667","falsehood",75,86509421,99.43
"16668","fascinate",75,86509496,99.43
"16669","garvey",75,86509571,99.43
"16670","genus",75,86509646,99.43
"16671","gloriously",75,86509721,99.43
"16672","honeysuckle",75,86509796,99.43
"16673","hunky",75,86509871,99.43
"16674","hyperactive",75,86509946,99.43
"16675","indexed",75,86510021,99.43
"16676","infrequently",75,86510096,99.43
"16677","iniquity",75,86510171,99.43
"16678","lapel",75,86510246,99.43
"16679","letterpress",75,86510321,99.43
"16680","loveless",75,86510396,99.43
"16681","nontraditional",75,86510471,99.43
"16682","patently",75,86510546,99.43
"16683","pollination",75,86510621,99.43
"16684","presidio",75,86510696,99.43
"16685","principia",75,86510771,99.43
"16686","prosthetic",75,86510846,99.43
"16687","pseudoephedrine",75,86510921,99.43
"16688","ree",75,86510996,99.43
"16689","renter",75,86511071,99.43
"16690","rephrase",75,86511146,99.43
"16691","salma",75,86511221,99.43
"16692","seaport",75,86511296,99.43
"16693","shrapnel",75,86511371,99.43
"16694","spool",75,86511446,99.43
"16695","squeamish",75,86511521,99.43
"16696","stagger",75,86511596,99.43
"16697","stapled",75,86511671,99.43
"16698","starfish",75,86511746,99.43
"16699","stover",75,86511821,99.44
"16700","telluride",75,86511896,99.44
"16701","temperate",75,86511971,99.44
"16702","tertiary",75,86512046,99.44
"16703","testy",75,86512121,99.44
"16704","triage",75,86512196,99.44
"16705","unbreakable",75,86512271,99.44
"16706","uncalled",75,86512346,99.44
"16707","underbelly",75,86512421,99.44
"16708","undress",75,86512496,99.44
"16709","unmotivated",75,86512571,99.44
"16710","unsupervised",75,86512646,99.44
"16711","vivacious",75,86512721,99.44
"16712","wanton",75,86512796,99.44
"16713","yan",75,86512871,99.44
"16714","abbot",74,86512945,99.44
"16715","acquittal",74,86513019,99.44
"16716","acrobatic",74,86513093,99.44
"16717","ara",74,86513167,99.44
"16718","arid",74,86513241,99.44
"16719","askew",74,86513315,99.44
"16720","beckoning",74,86513389,99.44
"16721","bicentennial",74,86513463,99.44
"16722","blot",74,86513537,99.44
"16723","boro",74,86513611,99.44
"16724","briskly",74,86513685,99.44
"16725","busily",74,86513759,99.44
"16726","butting",74,86513833,99.44
"16727","campo",74,86513907,99.44
"16728","charmingly",74,86513981,99.44
"16729","cinch",74,86514055,99.44
"16730","cleft",74,86514129,99.44
"16731","clump",74,86514203,99.44
"16732","compounding",74,86514277,99.44
"16733","confine",74,86514351,99.44
"16734","conventionally",74,86514425,99.44
"16735","copier",74,86514499,99.44
"16736","credential",74,86514573,99.44
"16737","crore",74,86514647,99.44
"16738","daredevil",74,86514721,99.44
"16739","decently",74,86514795,99.44
"16740","degenerate",74,86514869,99.44
"16741","degenerative",74,86514943,99.44
"16742","desist",74,86515017,99.44
"16743","disintegration",74,86515091,99.44
"16744","divider",74,86515165,99.44
"16745","enforcer",74,86515239,99.44
"16746","fancier",74,86515313,99.44
"16747","flogging",74,86515387,99.44
"16748","fragility",74,86515461,99.44
"16749","garlicky",74,86515535,99.44
"16750","gazelle",74,86515609,99.44
"16751","genealogical",74,86515683,99.44
"16752","gull",74,86515757,99.44
"16753","halal",74,86515831,99.44
"16754","handkerchief",74,86515905,99.44
"16755","helplessly",74,86515979,99.44
"16756","herein",74,86516053,99.44
"16757","homicidal",74,86516127,99.44
"16758","hydroelectric",74,86516201,99.44
"16759","informally",74,86516275,99.44
"16760","interactivity",74,86516349,99.44
"16761","intermediary",74,86516423,99.44
"16762","interwoven",74,86516497,99.44
"16763","irreversible",74,86516571,99.44
"16764","jag",74,86516645,99.44
"16765","latent",74,86516719,99.44
"16766","launcher",74,86516793,99.44
"16767","lazily",74,86516867,99.44
"16768","lei",74,86516941,99.44
"16769","leighton",74,86517015,99.44
"16770","maize",74,86517089,99.44
"16771","mano",74,86517163,99.44
"16772","mathematician",74,86517237,99.44
"16773","mismatch",74,86517311,99.44
"16774","misrepresentation",74,86517385,99.44
"16775","mortuary",74,86517459,99.44
"16776","newsworthy",74,86517533,99.44
"16777","northland",74,86517607,99.44
"16778","osprey",74,86517681,99.44
"16779","parsnip",74,86517755,99.44
"16780","passively",74,86517829,99.44
"16781","perversion",74,86517903,99.44
"16782","placer",74,86517977,99.44
"16783","pliers",74,86518051,99.44
"16784","radiance",74,86518125,99.44
"16785","ravel",74,86518199,99.44
"16786","receivership",74,86518273,99.44
"16787","regression",74,86518347,99.44
"16788","retainer",74,86518421,99.44
"16789","reversible",74,86518495,99.44
"16790","revocation",74,86518569,99.44
"16791","revolting",74,86518643,99.44
"16792","salient",74,86518717,99.44
"16793","schoolteacher",74,86518791,99.44
"16794","screech",74,86518865,99.44
"16795","secretariat",74,86518939,99.44
"16796","serviceable",74,86519013,99.44
"16797","shadowed",74,86519087,99.44
"16798","sickle",74,86519161,99.44
"16799","silken",74,86519235,99.44
"16800","skein",74,86519309,99.44
"16801","snub",74,86519383,99.44
"16802","spook",74,86519457,99.44
"16803","sportsman",74,86519531,99.44
"16804","steed",74,86519605,99.44
"16805","stricker",74,86519679,99.44
"16806","supplementary",74,86519753,99.44
"16807","tailoring",74,86519827,99.44
"16808","tra",74,86519901,99.44
"16809","undulating",74,86519975,99.44
"16810","unjustly",74,86520049,99.44
"16811","unsuitable",74,86520123,99.44
"16812","unwieldy",74,86520197,99.44
"16813","ure",74,86520271,99.44
"16814","veracity",74,86520345,99.44
"16815","vocally",74,86520419,99.44
"16816","wetter",74,86520493,99.45
"16817","windowless",74,86520567,99.45
"16818","withstood",74,86520641,99.45
"16819","yarrow",74,86520715,99.45
"16820","aftershock",73,86520788,99.45
"16821","agape",73,86520861,99.45
"16822","astronomer",73,86520934,99.45
"16823","backstroke",73,86521007,99.45
"16824","bastille",73,86521080,99.45
"16825","basting",73,86521153,99.45
"16826","batten",73,86521226,99.45
"16827","bellow",73,86521299,99.45
"16828","beret",73,86521372,99.45
"16829","briny",73,86521445,99.45
"16830","buoy",73,86521518,99.45
"16831","captivate",73,86521591,99.45
"16832","cellophane",73,86521664,99.45
"16833","chalet",73,86521737,99.45
"16834","conch",73,86521810,99.45
"16835","correlate",73,86521883,99.45
"16836","cortex",73,86521956,99.45
"16837","demonize",73,86522029,99.45
"16838","escapism",73,86522102,99.45
"16839","figaro",73,86522175,99.45
"16840","fisted",73,86522248,99.45
"16841","flawlessly",73,86522321,99.45
"16842","freakish",73,86522394,99.45
"16843","geopolitical",73,86522467,99.45
"16844","gibberish",73,86522540,99.45
"16845","gossiping",73,86522613,99.45
"16846","greening",73,86522686,99.45
"16847","hakim",73,86522759,99.45
"16848","headphone",73,86522832,99.45
"16849","heifer",73,86522905,99.45
"16850","huck",73,86522978,99.45
"16851","invocation",73,86523051,99.45
"16852","jester",73,86523124,99.45
"16853","layman",73,86523197,99.45
"16854","liken",73,86523270,99.45
"16855","liven",73,86523343,99.45
"16856","loiter",73,86523416,99.45
"16857","mallet",73,86523489,99.45
"16858","malnourished",73,86523562,99.45
"16859","maturation",73,86523635,99.45
"16860","milieu",73,86523708,99.45
"16861","multicolored",73,86523781,99.45
"16862","oboe",73,86523854,99.45
"16863","paneling",73,86523927,99.45
"16864","pectoral",73,86524000,99.45
"16865","pictorial",73,86524073,99.45
"16866","pique",73,86524146,99.45
"16867","poncho",73,86524219,99.45
"16868","predictor",73,86524292,99.45
"16869","prodigal",73,86524365,99.45
"16870","psychotherapy",73,86524438,99.45
"16871","refreshment",73,86524511,99.45
"16872","resell",73,86524584,99.45
"16873","slaughterhouse",73,86524657,99.45
"16874","smoothness",73,86524730,99.45
"16875","turnoff",73,86524803,99.45
"16876","uncharacteristic",73,86524876,99.45
"16877","undeserved",73,86524949,99.45
"16878","unjustified",73,86525022,99.45
"16879","vaunted",73,86525095,99.45
"16880","viciously",73,86525168,99.45
"16881","vindictive",73,86525241,99.45
"16882","wod",73,86525314,99.45
"16883","woodpecker",73,86525387,99.45
"16884","wordy",73,86525460,99.45
"16885","acrobat",72,86525532,99.45
"16886","analytic",72,86525604,99.45
"16887","angler",72,86525676,99.45
"16888","belligerent",72,86525748,99.45
"16889","bony",72,86525820,99.45
"16890","brainwashing",72,86525892,99.45
"16891","canister",72,86525964,99.45
"16892","cataclysm",72,86526036,99.45
"16893","cleverness",72,86526108,99.45
"16894","coed",72,86526180,99.45
"16895","collarbone",72,86526252,99.45
"16896","conservatively",72,86526324,99.45
"16897","crucially",72,86526396,99.45
"16898","crucible",72,86526468,99.45
"16899","crucify",72,86526540,99.45
"16900","damask",72,86526612,99.45
"16901","daybreak",72,86526684,99.45
"16902","decry",72,86526756,99.45
"16903","deg",72,86526828,99.45
"16904","eared",72,86526900,99.45
"16905","erroneously",72,86526972,99.45
"16906","euphoric",72,86527044,99.45
"16907","fainting",72,86527116,99.45
"16908","firkin",72,86527188,99.45
"16909","flapper",72,86527260,99.45
"16910","fuming",72,86527332,99.45
"16911","geisha",72,86527404,99.45
"16912","headlong",72,86527476,99.45
"16913","hotbed",72,86527548,99.45
"16914","impervious",72,86527620,99.45
"16915","implode",72,86527692,99.45
"16916","incorporation",72,86527764,99.45
"16917","installer",72,86527836,99.45
"16918","kingpin",72,86527908,99.45
"16919","mastectomy",72,86527980,99.45
"16920","maw",72,86528052,99.45
"16921","mercilessly",72,86528124,99.45
"16922","movable",72,86528196,99.45
"16923","mutter",72,86528268,99.45
"16924","myron",72,86528340,99.45
"16925","nast",72,86528412,99.45
"16926","nastiness",72,86528484,99.45
"16927","nibs",72,86528556,99.45
"16928","northward",72,86528628,99.45
"16929","octave",72,86528700,99.45
"16930","omnibus",72,86528772,99.45
"16931","outrun",72,86528844,99.45
"16932","plex",72,86528916,99.45
"16933","presumptuous",72,86528988,99.45
"16934","pronged",72,86529060,99.45
"16935","prying",72,86529132,99.45
"16936","purify",72,86529204,99.46
"16937","quash",72,86529276,99.46
"16938","quill",72,86529348,99.46
"16939","quilter",72,86529420,99.46
"16940","reappear",72,86529492,99.46
"16941","reconstruct",72,86529564,99.46
"16942","redevelop",72,86529636,99.46
"16943","restlessness",72,86529708,99.46
"16944","retroactively",72,86529780,99.46
"16945","reverie",72,86529852,99.46
"16946","rumpus",72,86529924,99.46
"16947","scrapple",72,86529996,99.46
"16948","sheath",72,86530068,99.46
"16949","shielding",72,86530140,99.46
"16950","simulcast",72,86530212,99.46
"16951","singularly",72,86530284,99.46
"16952","sleuth",72,86530356,99.46
"16953","smothering",72,86530428,99.46
"16954","snaking",72,86530500,99.46
"16955","sociable",72,86530572,99.46
"16956","socialite",72,86530644,99.46
"16957","sonar",72,86530716,99.46
"16958","splatter",72,86530788,99.46
"16959","straddling",72,86530860,99.46
"16960","stringing",72,86530932,99.46
"16961","swig",72,86531004,99.46
"16962","tabby",72,86531076,99.46
"16963","tambourine",72,86531148,99.46
"16964","teachable",72,86531220,99.46
"16965","torrid",72,86531292,99.46
"16966","unoccupied",72,86531364,99.46
"16967","vegetarianism",72,86531436,99.46
"16968","visor",72,86531508,99.46
"16969","vitally",72,86531580,99.46
"16970","washable",72,86531652,99.46
"16971","wer",72,86531724,99.46
"16972","yip",72,86531796,99.46
"16973","alleyway",71,86531867,99.46
"16974","allspice",71,86531938,99.46
"16975","appraiser",71,86532009,99.46
"16976","apprehend",71,86532080,99.46
"16977","belvedere",71,86532151,99.46
"16978","bombardment",71,86532222,99.46
"16979","burrow",71,86532293,99.46
"16980","caloric",71,86532364,99.46
"16981","chipmunk",71,86532435,99.46
"16982","clawed",71,86532506,99.46
"16983","coherence",71,86532577,99.46
"16984","consternation",71,86532648,99.46
"16985","corkage",71,86532719,99.46
"16986","darkroom",71,86532790,99.46
"16987","detach",71,86532861,99.46
"16988","dinky",71,86532932,99.46
"16989","discography",71,86533003,99.46
"16990","disheveled",71,86533074,99.46
"16991","distasteful",71,86533145,99.46
"16992","egotistical",71,86533216,99.46
"16993","embryonic",71,86533287,99.46
"16994","fathered",71,86533358,99.46
"16995","flemish",71,86533429,99.46
"16996","flowered",71,86533500,99.46
"16997","frisky",71,86533571,99.46
"16998","gatekeeper",71,86533642,99.46
"16999","generalized",71,86533713,99.46
"17000","gesso",71,86533784,99.46
"17001","gestational",71,86533855,99.46
"17002","gyn",71,86533926,99.46
"17003","haphazard",71,86533997,99.46
"17004","hedging",71,86534068,99.46
"17005","hick",71,86534139,99.46
"17006","homeopathic",71,86534210,99.46
"17007","humbug",71,86534281,99.46
"17008","industrious",71,86534352,99.46
"17009","inhibit",71,86534423,99.46
"17010","kilo",71,86534494,99.46
"17011","lawfully",71,86534565,99.46
"17012","lengthen",71,86534636,99.46
"17013","multifaceted",71,86534707,99.46
"17014","noxious",71,86534778,99.46
"17015","panache",71,86534849,99.46
"17016","peppy",71,86534920,99.46
"17017","perceptive",71,86534991,99.46
"17018","picker",71,86535062,99.46
"17019","pointedly",71,86535133,99.46
"17020","projectile",71,86535204,99.46
"17021","protege",71,86535275,99.46
"17022","psoriasis",71,86535346,99.46
"17023","quotient",71,86535417,99.46
"17024","recurrence",71,86535488,99.46
"17025","renounce",71,86535559,99.46
"17026","repaying",71,86535630,99.46
"17027","saddleback",71,86535701,99.46
"17028","salaried",71,86535772,99.46
"17029","salvo",71,86535843,99.46
"17030","seeped",71,86535914,99.46
"17031","shad",71,86535985,99.46
"17032","signee",71,86536056,99.46
"17033","siphon",71,86536127,99.46
"17034","skippy",71,86536198,99.46
"17035","spousal",71,86536269,99.46
"17036","squirming",71,86536340,99.46
"17037","steadfastly",71,86536411,99.46
"17038","steeply",71,86536482,99.46
"17039","surrealist",71,86536553,99.46
"17040","taupe",71,86536624,99.46
"17041","teeter",71,86536695,99.46
"17042","tice",71,86536766,99.46
"17043","toiling",71,86536837,99.46
"17044","topography",71,86536908,99.46
"17045","trier",71,86536979,99.46
"17046","unappealing",71,86537050,99.46
"17047","unappreciated",71,86537121,99.46
"17048","verbatim",71,86537192,99.46
"17049","virtuosity",71,86537263,99.46
"17050","volunteerism",71,86537334,99.46
"17051","analogue",70,86537404,99.46
"17052","arching",70,86537474,99.46
"17053","awee",70,86537544,99.46
"17054","axed",70,86537614,99.46
"17055","bal",70,86537684,99.46
"17056","batty",70,86537754,99.46
"17057","bedlam",70,86537824,99.46
"17058","beeswax",70,86537894,99.47
"17059","bewildering",70,86537964,99.47
"17060","blimp",70,86538034,99.47
"17061","canelo",70,86538104,99.47
"17062","carling",70,86538174,99.47
"17063","castor",70,86538244,99.47
"17064","catheter",70,86538314,99.47
"17065","chisel",70,86538384,99.47
"17066","citron",70,86538454,99.47
"17067","cloying",70,86538524,99.47
"17068","coercive",70,86538594,99.47
"17069","commendable",70,86538664,99.47
"17070","conspire",70,86538734,99.47
"17071","cringing",70,86538804,99.47
"17072","crouched",70,86538874,99.47
"17073","darting",70,86538944,99.47
"17074","denominational",70,86539014,99.47
"17075","devilish",70,86539084,99.47
"17076","disillusionment",70,86539154,99.47
"17077","displeased",70,86539224,99.47
"17078","dissecting",70,86539294,99.47
"17079","doctrinal",70,86539364,99.47
"17080","endive",70,86539434,99.47
"17081","evasive",70,86539504,99.47
"17082","faceted",70,86539574,99.47
"17083","fleck",70,86539644,99.47
"17084","flirtation",70,86539714,99.47
"17085","foreclose",70,86539784,99.47
"17086","foreword",70,86539854,99.47
"17087","freakishly",70,86539924,99.47
"17088","frizzy",70,86539994,99.47
"17089","fundamentalism",70,86540064,99.47
"17090","genitalia",70,86540134,99.47
"17091","halve",70,86540204,99.47
"17092","humanist",70,86540274,99.47
"17093","hunker",70,86540344,99.47
"17094","impenetrable",70,86540414,99.47
"17095","indiscriminate",70,86540484,99.47
"17096","integrative",70,86540554,99.47
"17097","iridescent",70,86540624,99.47
"17098","jamboree",70,86540694,99.47
"17099","jaunty",70,86540764,99.47
"17100","kerosene",70,86540834,99.47
"17101","layaway",70,86540904,99.47
"17102","lordy",70,86540974,99.47
"17103","mausoleum",70,86541044,99.47
"17104","metaphysics",70,86541114,99.47
"17105","mettle",70,86541184,99.47
"17106","midwifery",70,86541254,99.47
"17107","monotony",70,86541324,99.47
"17108","multiplication",70,86541394,99.47
"17109","musicianship",70,86541464,99.47
"17110","ontology",70,86541534,99.47
"17111","pang",70,86541604,99.47
"17112","pasting",70,86541674,99.47
"17113","patella",70,86541744,99.47
"17114","postponement",70,86541814,99.47
"17115","redistribute",70,86541884,99.47
"17116","reproach",70,86541954,99.47
"17117","rickety",70,86542024,99.47
"17118","rote",70,86542094,99.47
"17119","ruskin",70,86542164,99.47
"17120","sardonic",70,86542234,99.47
"17121","scowl",70,86542304,99.47
"17122","sedate",70,86542374,99.47
"17123","seine",70,86542444,99.47
"17124","shire",70,86542514,99.47
"17125","shortsighted",70,86542584,99.47
"17126","shriek",70,86542654,99.47
"17127","slop",70,86542724,99.47
"17128","spilt",70,86542794,99.47
"17129","streaked",70,86542864,99.47
"17130","stunk",70,86542934,99.47
"17131","subculture",70,86543004,99.47
"17132","sweeper",70,86543074,99.47
"17133","tal",70,86543144,99.47
"17134","textural",70,86543214,99.47
"17135","thesaurus",70,86543284,99.47
"17136","troubadour",70,86543354,99.47
"17137","unbelief",70,86543424,99.47
"17138","unprovoked",70,86543494,99.47
"17139","upshot",70,86543564,99.47
"17140","waterman",70,86543634,99.47
"17141","wiggly",70,86543704,99.47
"17142","aggregation",69,86543773,99.47
"17143","airway",69,86543842,99.47
"17144","aneurysm",69,86543911,99.47
"17145","barman",69,86543980,99.47
"17146","bipartisanship",69,86544049,99.47
"17147","bovine",69,86544118,99.47
"17148","catharsis",69,86544187,99.47
"17149","chastity",69,86544256,99.47
"17150","congregational",69,86544325,99.47
"17151","cyst",69,86544394,99.47
"17152","delicatessen",69,86544463,99.47
"17153","displace",69,86544532,99.47
"17154","drifter",69,86544601,99.47
"17155","elaborately",69,86544670,99.47
"17156","expel",69,86544739,99.47
"17157","exporter",69,86544808,99.47
"17158","eyelash",69,86544877,99.47
"17159","fiduciary",69,86544946,99.47
"17160","frighteningly",69,86545015,99.47
"17161","gander",69,86545084,99.47
"17162","genteel",69,86545153,99.47
"17163","godhead",69,86545222,99.47
"17164","hemlock",69,86545291,99.47
"17165","holm",69,86545360,99.47
"17166","homily",69,86545429,99.47
"17167","immorality",69,86545498,99.47
"17168","impeachment",69,86545567,99.47
"17169","interminable",69,86545636,99.47
"17170","intuit",69,86545705,99.47
"17171","jawed",69,86545774,99.47
"17172","lawlessness",69,86545843,99.47
"17173","lethargy",69,86545912,99.47
"17174","lifeblood",69,86545981,99.47
"17175","loathsome",69,86546050,99.47
"17176","lobo",69,86546119,99.47
"17177","magnificence",69,86546188,99.47
"17178","meander",69,86546257,99.47
"17179","memorably",69,86546326,99.47
"17180","meningitis",69,86546395,99.47
"17181","modicum",69,86546464,99.47
"17182","moldy",69,86546533,99.47
"17183","monetize",69,86546602,99.48
"17184","monstrosity",69,86546671,99.48
"17185","nea",69,86546740,99.48
"17186","necked",69,86546809,99.48
"17187","olden",69,86546878,99.48
"17188","overpopulation",69,86546947,99.48
"17189","pager",69,86547016,99.48
"17190","painkiller",69,86547085,99.48
"17191","parlance",69,86547154,99.48
"17192","penning",69,86547223,99.48
"17193","peony",69,86547292,99.48
"17194","petticoat",69,86547361,99.48
"17195","prescient",69,86547430,99.48
"17196","primrose",69,86547499,99.48
"17197","recast",69,86547568,99.48
"17198","recidivism",69,86547637,99.48
"17199","reconnaissance",69,86547706,99.48
"17200","retrieval",69,86547775,99.48
"17201","risp",69,86547844,99.48
"17202","rotator",69,86547913,99.48
"17203","schoolboy",69,86547982,99.48
"17204","scurry",69,86548051,99.48
"17205","shadowing",69,86548120,99.48
"17206","shroud",69,86548189,99.48
"17207","smarty",69,86548258,99.48
"17208","spotter",69,86548327,99.48
"17209","starchy",69,86548396,99.48
"17210","stepdaughter",69,86548465,99.48
"17211","suffocate",69,86548534,99.48
"17212","sunburnt",69,86548603,99.48
"17213","swipes",69,86548672,99.48
"17214","thirdly",69,86548741,99.48
"17215","thirteenth",69,86548810,99.48
"17216","traditionalist",69,86548879,99.48
"17217","triceps",69,86548948,99.48
"17218","tripel",69,86549017,99.48
"17219","ug",69,86549086,99.48
"17220","ulterior",69,86549155,99.48
"17221","unabashedly",69,86549224,99.48
"17222","uncut",69,86549293,99.48
"17223","undefined",69,86549362,99.48
"17224","undisturbed",69,86549431,99.48
"17225","unearth",69,86549500,99.48
"17226","unfaithful",69,86549569,99.48
"17227","unwashed",69,86549638,99.48
"17228","waugh",69,86549707,99.48
"17229","wily",69,86549776,99.48
"17230","abounding",68,86549844,99.48
"17231","aghast",68,86549912,99.48
"17232","albatross",68,86549980,99.48
"17233","arithmetic",68,86550048,99.48
"17234","ashy",68,86550116,99.48
"17235","azalea",68,86550184,99.48
"17236","beeline",68,86550252,99.48
"17237","begrudgingly",68,86550320,99.48
"17238","birdman",68,86550388,99.48
"17239","biter",68,86550456,99.48
"17240","blameless",68,86550524,99.48
"17241","bombastic",68,86550592,99.48
"17242","brightening",68,86550660,99.48
"17243","campana",68,86550728,99.48
"17244","chaka",68,86550796,99.48
"17245","chalky",68,86550864,99.48
"17246","cit",68,86550932,99.48
"17247","cleve",68,86551000,99.48
"17248","compressor",68,86551068,99.48
"17249","confounding",68,86551136,99.48
"17250","crimp",68,86551204,99.48
"17251","currant",68,86551272,99.48
"17252","curricula",68,86551340,99.48
"17253","dogmatic",68,86551408,99.48
"17254","entrant",68,86551476,99.48
"17255","epidemiology",68,86551544,99.48
"17256","ere",68,86551612,99.48
"17257","excruciatingly",68,86551680,99.48
"17258","exponential",68,86551748,99.48
"17259","formulaic",68,86551816,99.48
"17260","grunting",68,86551884,99.48
"17261","guna",68,86551952,99.48
"17262","hawker",68,86552020,99.48
"17263","hunks",68,86552088,99.48
"17264","ich",68,86552156,99.48
"17265","inhaler",68,86552224,99.48
"17266","jeweler",68,86552292,99.48
"17267","kimono",68,86552360,99.48
"17268","lapping",68,86552428,99.48
"17269","larvae",68,86552496,99.48
"17270","lobe",68,86552564,99.48
"17271","longitudinal",68,86552632,99.48
"17272","malnutrition",68,86552700,99.48
"17273","megaphone",68,86552768,99.48
"17274","middleman",68,86552836,99.48
"17275","mistook",68,86552904,99.48
"17276","neonatal",68,86552972,99.48
"17277","notary",68,86553040,99.48
"17278","obstruct",68,86553108,99.48
"17279","orally",68,86553176,99.48
"17280","outbound",68,86553244,99.48
"17281","pagoda",68,86553312,99.48
"17282","peppercorn",68,86553380,99.48
"17283","piety",68,86553448,99.48
"17284","porgy",68,86553516,99.48
"17285","preorder",68,86553584,99.48
"17286","pricks",68,86553652,99.48
"17287","prodigious",68,86553720,99.48
"17288","propriety",68,86553788,99.48
"17289","quicksand",68,86553856,99.48
"17290","rainstorm",68,86553924,99.48
"17291","rambunctious",68,86553992,99.48
"17292","refueling",68,86554060,99.48
"17293","repurchase",68,86554128,99.48
"17294","roughing",68,86554196,99.48
"17295","rubric",68,86554264,99.48
"17296","ruddy",68,86554332,99.48
"17297","sawdust",68,86554400,99.48
"17298","searchlight",68,86554468,99.48
"17299","sensibly",68,86554536,99.48
"17300","shifty",68,86554604,99.48
"17301","sidenote",68,86554672,99.48
"17302","snarl",68,86554740,99.48
"17303","suction",68,86554808,99.48
"17304","swirly",68,86554876,99.48
"17305","symbolically",68,86554944,99.48
"17306","syndication",68,86555012,99.48
"17307","unchallenged",68,86555080,99.48
"17308","undivided",68,86555148,99.48
"17309","unforgivable",68,86555216,99.48
"17310","unquestioned",68,86555284,99.49
"17311","unsubstantiated",68,86555352,99.49
"17312","ventilator",68,86555420,99.49
"17313","vixen",68,86555488,99.49
"17314","warbler",68,86555556,99.49
"17315","wawa",68,86555624,99.49
"17316","wizardry",68,86555692,99.49
"17317","workmanship",68,86555760,99.49
"17318","zigzag",68,86555828,99.49
"17319","alarmingly",67,86555895,99.49
"17320","amenable",67,86555962,99.49
"17321","anchovy",67,86556029,99.49
"17322","badlands",67,86556096,99.49
"17323","bashful",67,86556163,99.49
"17324","beastly",67,86556230,99.49
"17325","beery",67,86556297,99.49
"17326","bereavement",67,86556364,99.49
"17327","blanketed",67,86556431,99.49
"17328","blindfolded",67,86556498,99.49
"17329","boudoir",67,86556565,99.49
"17330","bristled",67,86556632,99.49
"17331","caddie",67,86556699,99.49
"17332","catnip",67,86556766,99.49
"17333","cavern",67,86556833,99.49
"17334","compress",67,86556900,99.49
"17335","curmudgeon",67,86556967,99.49
"17336","cursor",67,86557034,99.49
"17337","dalles",67,86557101,99.49
"17338","damsel",67,86557168,99.49
"17339","defraud",67,86557235,99.49
"17340","diagnostics",67,86557302,99.49
"17341","distillation",67,86557369,99.49
"17342","ditty",67,86557436,99.49
"17343","dory",67,86557503,99.49
"17344","downbeat",67,86557570,99.49
"17345","drudgery",67,86557637,99.49
"17346","dwindle",67,86557704,99.49
"17347","embryo",67,86557771,99.49
"17348","emulsion",67,86557838,99.49
"17349","finality",67,86557905,99.49
"17350","footy",67,86557972,99.49
"17351","geothermal",67,86558039,99.49
"17352","giro",67,86558106,99.49
"17353","gondola",67,86558173,99.49
"17354","gout",67,86558240,99.49
"17355","grouse",67,86558307,99.49
"17356","gynecologist",67,86558374,99.49
"17357","hodgepodge",67,86558441,99.49
"17358","iguana",67,86558508,99.49
"17359","illusory",67,86558575,99.49
"17360","impotent",67,86558642,99.49
"17361","indices",67,86558709,99.49
"17362","infamy",67,86558776,99.49
"17363","instantaneous",67,86558843,99.49
"17364","invert",67,86558910,99.49
"17365","involuntarily",67,86558977,99.49
"17366","irresponsibility",67,86559044,99.49
"17367","karmic",67,86559111,99.49
"17368","kiel",67,86559178,99.49
"17369","lapsed",67,86559245,99.49
"17370","leviathan",67,86559312,99.49
"17371","loath",67,86559379,99.49
"17372","marguerite",67,86559446,99.49
"17373","maris",67,86559513,99.49
"17374","metra",67,86559580,99.49
"17375","mib",67,86559647,99.49
"17376","momo",67,86559714,99.49
"17377","mot",67,86559781,99.49
"17378","notation",67,86559848,99.49
"17379","overreach",67,86559915,99.49
"17380","palladium",67,86559982,99.49
"17381","pickings",67,86560049,99.49
"17382","placate",67,86560116,99.49
"17383","playmate",67,86560183,99.49
"17384","pocketbook",67,86560250,99.49
"17385","preamble",67,86560317,99.49
"17386","purist",67,86560384,99.49
"17387","ragtime",67,86560451,99.49
"17388","raja",67,86560518,99.49
"17389","ramshackle",67,86560585,99.49
"17390","ratification",67,86560652,99.49
"17391","redemptive",67,86560719,99.49
"17392","reinstatement",67,86560786,99.49
"17393","restock",67,86560853,99.49
"17394","resultant",67,86560920,99.49
"17395","sable",67,86560987,99.49
"17396","schoolgirl",67,86561054,99.49
"17397","scissor",67,86561121,99.49
"17398","snobby",67,86561188,99.49
"17399","splashy",67,86561255,99.49
"17400","stapler",67,86561322,99.49
"17401","starcraft",67,86561389,99.49
"17402","substation",67,86561456,99.49
"17403","taro",67,86561523,99.49
"17404","tatting",67,86561590,99.49
"17405","tenderly",67,86561657,99.49
"17406","thickly",67,86561724,99.49
"17407","tiller",67,86561791,99.49
"17408","torchwood",67,86561858,99.49
"17409","transmitter",67,86561925,99.49
"17410","undetected",67,86561992,99.49
"17411","unregistered",67,86562059,99.49
"17412","vicar",67,86562126,99.49
"17413","waisted",67,86562193,99.49
"17414","watchable",67,86562260,99.49
"17415","whiteness",67,86562327,99.49
"17416","wordplay",67,86562394,99.49
"17417","yardstick",67,86562461,99.49
"17418","yeasty",67,86562528,99.49
"17419","zippy",67,86562595,99.49
"17420","alimony",66,86562661,99.49
"17421","amass",66,86562727,99.49
"17422","antagonism",66,86562793,99.49
"17423","barnyard",66,86562859,99.49
"17424","biologically",66,86562925,99.49
"17425","blindfold",66,86562991,99.49
"17426","blunderbuss",66,86563057,99.49
"17427","boatload",66,86563123,99.49
"17428","boxy",66,86563189,99.49
"17429","brotherly",66,86563255,99.49
"17430","bruin",66,86563321,99.49
"17431","calypso",66,86563387,99.49
"17432","caseworker",66,86563453,99.49
"17433","chalice",66,86563519,99.49
"17434","challah",66,86563585,99.49
"17435","comatose",66,86563651,99.49
"17436","crystalline",66,86563717,99.49
"17437","dawning",66,86563783,99.49
"17438","deadlock",66,86563849,99.49
"17439","demonstrator",66,86563915,99.49
"17440","discontinue",66,86563981,99.5
"17441","doghouse",66,86564047,99.5
"17442","doubletree",66,86564113,99.5
"17443","drawl",66,86564179,99.5
"17444","ember",66,86564245,99.5
"17445","enterprising",66,86564311,99.5
"17446","envied",66,86564377,99.5
"17447","ewe",66,86564443,99.5
"17448","expendable",66,86564509,99.5
"17449","faerie",66,86564575,99.5
"17450","feist",66,86564641,99.5
"17451","fester",66,86564707,99.5
"17452","flabby",66,86564773,99.5
"17453","flay",66,86564839,99.5
"17454","glaucoma",66,86564905,99.5
"17455","glazing",66,86564971,99.5
"17456","glossed",66,86565037,99.5
"17457","gnawing",66,86565103,99.5
"17458","grist",66,86565169,99.5
"17459","guesthouse",66,86565235,99.5
"17460","habitually",66,86565301,99.5
"17461","hag",66,86565367,99.5
"17462","hereditary",66,86565433,99.5
"17463","hierarchical",66,86565499,99.5
"17464","hospitable",66,86565565,99.5
"17465","hourglass",66,86565631,99.5
"17466","hydrant",66,86565697,99.5
"17467","incision",66,86565763,99.5
"17468","inferiority",66,86565829,99.5
"17469","intercession",66,86565895,99.5
"17470","intrinsically",66,86565961,99.5
"17471","irrelevance",66,86566027,99.5
"17472","judo",66,86566093,99.5
"17473","kashi",66,86566159,99.5
"17474","kiva",66,86566225,99.5
"17475","legislate",66,86566291,99.5
"17476","liber",66,86566357,99.5
"17477","magpie",66,86566423,99.5
"17478","maniacal",66,86566489,99.5
"17479","maraschino",66,86566555,99.5
"17480","morbidly",66,86566621,99.5
"17481","naturalistic",66,86566687,99.5
"17482","noggin",66,86566753,99.5
"17483","nozzle",66,86566819,99.5
"17484","occidental",66,86566885,99.5
"17485","ointment",66,86566951,99.5
"17486","paradoxically",66,86567017,99.5
"17487","parson",66,86567083,99.5
"17488","patronizing",66,86567149,99.5
"17489","pentecostal",66,86567215,99.5
"17490","perceiving",66,86567281,99.5
"17491","precede",66,86567347,99.5
"17492","premiership",66,86567413,99.5
"17493","prospectus",66,86567479,99.5
"17494","punctured",66,86567545,99.5
"17495","radiology",66,86567611,99.5
"17496","redness",66,86567677,99.5
"17497","retold",66,86567743,99.5
"17498","rustle",66,86567809,99.5
"17499","scrawny",66,86567875,99.5
"17500","sherbet",66,86567941,99.5
"17501","sire",66,86568007,99.5
"17502","smother",66,86568073,99.5
"17503","sphinx",66,86568139,99.5
"17504","spiteful",66,86568205,99.5
"17505","squinting",66,86568271,99.5
"17506","sterilization",66,86568337,99.5
"17507","storify",66,86568403,99.5
"17508","subtraction",66,86568469,99.5
"17509","tau",66,86568535,99.5
"17510","transcendence",66,86568601,99.5
"17511","treble",66,86568667,99.5
"17512","unequivocal",66,86568733,99.5
"17513","unrequited",66,86568799,99.5
"17514","variously",66,86568865,99.5
"17515","vitriol",66,86568931,99.5
"17516","vowel",66,86568997,99.5
"17517","wedded",66,86569063,99.5
"17518","wiseman",66,86569129,99.5
"17519","wistfully",66,86569195,99.5
"17520","abbreviation",65,86569260,99.5
"17521","abhorrent",65,86569325,99.5
"17522","ably",65,86569390,99.5
"17523","abuzz",65,86569455,99.5
"17524","accosted",65,86569520,99.5
"17525","altho",65,86569585,99.5
"17526","aluminium",65,86569650,99.5
"17527","amicable",65,86569715,99.5
"17528","apparition",65,86569780,99.5
"17529","arbiter",65,86569845,99.5
"17530","astral",65,86569910,99.5
"17531","attractiveness",65,86569975,99.5
"17532","baa",65,86570040,99.5
"17533","badminton",65,86570105,99.5
"17534","ballplayer",65,86570170,99.5
"17535","belittle",65,86570235,99.5
"17536","bouillon",65,86570300,99.5
"17537","breakneck",65,86570365,99.5
"17538","bucked",65,86570430,99.5
"17539","censure",65,86570495,99.5
"17540","chiller",65,86570560,99.5
"17541","chimera",65,86570625,99.5
"17542","confection",65,86570690,99.5
"17543","corrosive",65,86570755,99.5
"17544","crony",65,86570820,99.5
"17545","daggers",65,86570885,99.5
"17546","departmental",65,86570950,99.5
"17547","digested",65,86571015,99.5
"17548","disintegrate",65,86571080,99.5
"17549","docent",65,86571145,99.5
"17550","dosa",65,86571210,99.5
"17551","dubs",65,86571275,99.5
"17552","emu",65,86571340,99.5
"17553","escalade",65,86571405,99.5
"17554","fireside",65,86571470,99.5
"17555","flaxseed",65,86571535,99.5
"17556","fruitcake",65,86571600,99.5
"17557","furnishing",65,86571665,99.5
"17558","goa",65,86571730,99.5
"17559","grater",65,86571795,99.5
"17560","heartening",65,86571860,99.5
"17561","heretofore",65,86571925,99.5
"17562","ideologically",65,86571990,99.5
"17563","implausible",65,86572055,99.5
"17564","infiltration",65,86572120,99.5
"17565","intravenous",65,86572185,99.5
"17566","intrude",65,86572250,99.5
"17567","invisibility",65,86572315,99.5
"17568","koa",65,86572380,99.5
"17569","laine",65,86572445,99.5
"17570","lavishly",65,86572510,99.5
"17571","manatee",65,86572575,99.5
"17572","mitten",65,86572640,99.5
"17573","mort",65,86572705,99.51
"17574","motorway",65,86572770,99.51
"17575","neurosurgeon",65,86572835,99.51
"17576","nipping",65,86572900,99.51
"17577","panacea",65,86572965,99.51
"17578","pander",65,86573030,99.51
"17579","parentheses",65,86573095,99.51
"17580","patisserie",65,86573160,99.51
"17581","poring",65,86573225,99.51
"17582","porta",65,86573290,99.51
"17583","possessive",65,86573355,99.51
"17584","posthumous",65,86573420,99.51
"17585","pouting",65,86573485,99.51
"17586","quotable",65,86573550,99.51
"17587","ration",65,86573615,99.51
"17588","rekindle",65,86573680,99.51
"17589","retrain",65,86573745,99.51
"17590","rosewood",65,86573810,99.51
"17591","ruthlessly",65,86573875,99.51
"17592","sab",65,86573940,99.51
"17593","scold",65,86574005,99.51
"17594","screener",65,86574070,99.51
"17595","scriptural",65,86574135,99.51
"17596","serpentine",65,86574200,99.51
"17597","serrated",65,86574265,99.51
"17598","seventeenth",65,86574330,99.51
"17599","soupy",65,86574395,99.51
"17600","stonewall",65,86574460,99.51
"17601","superlative",65,86574525,99.51
"17602","tableau",65,86574590,99.51
"17603","tarnish",65,86574655,99.51
"17604","tawny",65,86574720,99.51
"17605","terse",65,86574785,99.51
"17606","thicket",65,86574850,99.51
"17607","townspeople",65,86574915,99.51
"17608","trinket",65,86574980,99.51
"17609","tye",65,86575045,99.51
"17610","unfairness",65,86575110,99.51
"17611","unseemly",65,86575175,99.51
"17612","whopper",65,86575240,99.51
"17613","workbook",65,86575305,99.51
"17614","yaw",65,86575370,99.51
"17615","yore",65,86575435,99.51
"17616","zephyr",65,86575500,99.51
"17617","ageless",64,86575564,99.51
"17618","aggravation",64,86575628,99.51
"17619","airship",64,86575692,99.51
"17620","allergen",64,86575756,99.51
"17621","antisocial",64,86575820,99.51
"17622","anyplace",64,86575884,99.51
"17623","apportionment",64,86575948,99.51
"17624","backhanded",64,86576012,99.51
"17625","beanbag",64,86576076,99.51
"17626","bodywork",64,86576140,99.51
"17627","bongo",64,86576204,99.51
"17628","brill",64,86576268,99.51
"17629","bucolic",64,86576332,99.51
"17630","canonical",64,86576396,99.51
"17631","chomp",64,86576460,99.51
"17632","claimant",64,86576524,99.51
"17633","clamor",64,86576588,99.51
"17634","clarion",64,86576652,99.51
"17635","clothe",64,86576716,99.51
"17636","compensating",64,86576780,99.51
"17637","curricular",64,86576844,99.51
"17638","deadpan",64,86576908,99.51
"17639","desolation",64,86576972,99.51
"17640","dodo",64,86577036,99.51
"17641","doer",64,86577100,99.51
"17642","drunkenly",64,86577164,99.51
"17643","dung",64,86577228,99.51
"17644","dyslexia",64,86577292,99.51
"17645","earshot",64,86577356,99.51
"17646","edifice",64,86577420,99.51
"17647","ell",64,86577484,99.51
"17648","enslavement",64,86577548,99.51
"17649","episodic",64,86577612,99.51
"17650","eschew",64,86577676,99.51
"17651","eugenics",64,86577740,99.51
"17652","folksy",64,86577804,99.51
"17653","foregone",64,86577868,99.51
"17654","freer",64,86577932,99.51
"17655","fungal",64,86577996,99.51
"17656","gallows",64,86578060,99.51
"17657","gnostic",64,86578124,99.51
"17658","goblet",64,86578188,99.51
"17659","governess",64,86578252,99.51
"17660","guardrail",64,86578316,99.51
"17661","infraction",64,86578380,99.51
"17662","insolvent",64,86578444,99.51
"17663","isolating",64,86578508,99.51
"17664","laney",64,86578572,99.51
"17665","loveliness",64,86578636,99.51
"17666","lusty",64,86578700,99.51
"17667","mackerel",64,86578764,99.51
"17668","magnify",64,86578828,99.51
"17669","matchbox",64,86578892,99.51
"17670","melange",64,86578956,99.51
"17671","melton",64,86579020,99.51
"17672","meteorite",64,86579084,99.51
"17673","middleweight",64,86579148,99.51
"17674","millimeter",64,86579212,99.51
"17675","milner",64,86579276,99.51
"17676","moodle",64,86579340,99.51
"17677","narrate",64,86579404,99.51
"17678","octagon",64,86579468,99.51
"17679","omniscient",64,86579532,99.51
"17680","outlying",64,86579596,99.51
"17681","parasitic",64,86579660,99.51
"17682","patriarchy",64,86579724,99.51
"17683","penciled",64,86579788,99.51
"17684","photovoltaic",64,86579852,99.51
"17685","plating",64,86579916,99.51
"17686","pontoon",64,86579980,99.51
"17687","popularly",64,86580044,99.51
"17688","profiting",64,86580108,99.51
"17689","pungle",64,86580172,99.51
"17690","quitter",64,86580236,99.51
"17691","reaffirm",64,86580300,99.51
"17692","romanticism",64,86580364,99.51
"17693","savored",64,86580428,99.51
"17694","scantily",64,86580492,99.51
"17695","sera",64,86580556,99.51
"17696","shard",64,86580620,99.51
"17697","shilling",64,86580684,99.51
"17698","sine",64,86580748,99.51
"17699","sinkhole",64,86580812,99.51
"17700","somers",64,86580876,99.51
"17701","starlet",64,86580940,99.51
"17702","stubble",64,86581004,99.51
"17703","stuffer",64,86581068,99.51
"17704","stuttering",64,86581132,99.51
"17705","surfacing",64,86581196,99.51
"17706","swami",64,86581260,99.51
"17707","tether",64,86581324,99.51
"17708","thankless",64,86581388,99.52
"17709","tricycle",64,86581452,99.52
"17710","tumbler",64,86581516,99.52
"17711","turban",64,86581580,99.52
"17712","tusk",64,86581644,99.52
"17713","twinge",64,86581708,99.52
"17714","unreported",64,86581772,99.52
"17715","unsinkable",64,86581836,99.52
"17716","untied",64,86581900,99.52
"17717","verily",64,86581964,99.52
"17718","vibrancy",64,86582028,99.52
"17719","wallflower",64,86582092,99.52
"17720","wispy",64,86582156,99.52
"17721","yanking",64,86582220,99.52
"17722","yucca",64,86582284,99.52
"17723","belcher",63,86582347,99.52
"17724","boardman",63,86582410,99.52
"17725","brownstone",63,86582473,99.52
"17726","carpal",63,86582536,99.52
"17727","cataclysmic",63,86582599,99.52
"17728","coasting",63,86582662,99.52
"17729","colonization",63,86582725,99.52
"17730","commensurate",63,86582788,99.52
"17731","committeeman",63,86582851,99.52
"17732","coolly",63,86582914,99.52
"17733","creationism",63,86582977,99.52
"17734","cruelly",63,86583040,99.52
"17735","crusher",63,86583103,99.52
"17736","cull",63,86583166,99.52
"17737","curatorial",63,86583229,99.52
"17738","diatribe",63,86583292,99.52
"17739","differentiation",63,86583355,99.52
"17740","dint",63,86583418,99.52
"17741","docile",63,86583481,99.52
"17742","dossier",63,86583544,99.52
"17743","downstate",63,86583607,99.52
"17744","dredging",63,86583670,99.52
"17745","dwelt",63,86583733,99.52
"17746","edict",63,86583796,99.52
"17747","entropy",63,86583859,99.52
"17748","estuary",63,86583922,99.52
"17749","factually",63,86583985,99.52
"17750","filtration",63,86584048,99.52
"17751","girth",63,86584111,99.52
"17752","glossary",63,86584174,99.52
"17753","goldilocks",63,86584237,99.52
"17754","gridiron",63,86584300,99.52
"17755","guillotine",63,86584363,99.52
"17756","hardening",63,86584426,99.52
"17757","herniated",63,86584489,99.52
"17758","ibis",63,86584552,99.52
"17759","infer",63,86584615,99.52
"17760","judicious",63,86584678,99.52
"17761","justifiably",63,86584741,99.52
"17762","litmus",63,86584804,99.52
"17763","lunge",63,86584867,99.52
"17764","magnificently",63,86584930,99.52
"17765","matriarch",63,86584993,99.52
"17766","mavis",63,86585056,99.52
"17767","militarily",63,86585119,99.52
"17768","mobster",63,86585182,99.52
"17769","moors",63,86585245,99.52
"17770","narcissist",63,86585308,99.52
"17771","overzealous",63,86585371,99.52
"17772","pall",63,86585434,99.52
"17773","pestle",63,86585497,99.52
"17774","piecemeal",63,86585560,99.52
"17775","plucky",63,86585623,99.52
"17776","poach",63,86585686,99.52
"17777","postscript",63,86585749,99.52
"17778","precariously",63,86585812,99.52
"17779","prefect",63,86585875,99.52
"17780","procreation",63,86585938,99.52
"17781","regress",63,86586001,99.52
"17782","regressive",63,86586064,99.52
"17783","resurface",63,86586127,99.52
"17784","ripening",63,86586190,99.52
"17785","rippling",63,86586253,99.52
"17786","sant",63,86586316,99.52
"17787","scintillating",63,86586379,99.52
"17788","shortness",63,86586442,99.52
"17789","sith",63,86586505,99.52
"17790","sizer",63,86586568,99.52
"17791","smithereens",63,86586631,99.52
"17792","sportswear",63,86586694,99.52
"17793","stent",63,86586757,99.52
"17794","sternly",63,86586820,99.52
"17795","stubby",63,86586883,99.52
"17796","supernova",63,86586946,99.52
"17797","swordfish",63,86587009,99.52
"17798","treachery",63,86587072,99.52
"17799","ulster",63,86587135,99.52
"17800","umbilical",63,86587198,99.52
"17801","unchanging",63,86587261,99.52
"17802","unconcerned",63,86587324,99.52
"17803","undaunted",63,86587387,99.52
"17804","undersea",63,86587450,99.52
"17805","unedited",63,86587513,99.52
"17806","unfilled",63,86587576,99.52
"17807","unofficially",63,86587639,99.52
"17808","untamed",63,86587702,99.52
"17809","vial",63,86587765,99.52
"17810","villainous",63,86587828,99.52
"17811","wedlock",63,86587891,99.52
"17812","wholesaler",63,86587954,99.52
"17813","accession",62,86588016,99.52
"17814","ako",62,86588078,99.52
"17815","alliteration",62,86588140,99.52
"17816","almanac",62,86588202,99.52
"17817","anathema",62,86588264,99.52
"17818","annexation",62,86588326,99.52
"17819","antennae",62,86588388,99.52
"17820","aplomb",62,86588450,99.52
"17821","ascendancy",62,86588512,99.52
"17822","axiom",62,86588574,99.52
"17823","bothersome",62,86588636,99.52
"17824","breasted",62,86588698,99.52
"17825","bulimia",62,86588760,99.52
"17826","bur",62,86588822,99.52
"17827","cholera",62,86588884,99.52
"17828","coaxing",62,86588946,99.52
"17829","copped",62,86589008,99.52
"17830","cutlery",62,86589070,99.52
"17831","defray",62,86589132,99.52
"17832","deservedly",62,86589194,99.52
"17833","dictatorial",62,86589256,99.52
"17834","disinterest",62,86589318,99.52
"17835","dissemination",62,86589380,99.52
"17836","dod",62,86589442,99.52
"17837","doorknob",62,86589504,99.52
"17838","enclose",62,86589566,99.52
"17839","ethnically",62,86589628,99.52
"17840","expedient",62,86589690,99.52
"17841","fawning",62,86589752,99.52
"17842","fei",62,86589814,99.52
"17843","fez",62,86589876,99.52
"17844","flaunting",62,86589938,99.52
"17845","froggy",62,86590000,99.52
"17846","fulham",62,86590062,99.52
"17847","funnily",62,86590124,99.53
"17848","godliness",62,86590186,99.53
"17849","grievous",62,86590248,99.53
"17850","hansel",62,86590310,99.53
"17851","highness",62,86590372,99.53
"17852","horticultural",62,86590434,99.53
"17853","idolatry",62,86590496,99.53
"17854","infallible",62,86590558,99.53
"17855","infighting",62,86590620,99.53
"17856","inflexible",62,86590682,99.53
"17857","interment",62,86590744,99.53
"17858","intractable",62,86590806,99.53
"17859","invalidate",62,86590868,99.53
"17860","justly",62,86590930,99.53
"17861","jutting",62,86590992,99.53
"17862","kirsch",62,86591054,99.53
"17863","laborious",62,86591116,99.53
"17864","lambda",62,86591178,99.53
"17865","lauder",62,86591240,99.53
"17866","linoleum",62,86591302,99.53
"17867","luger",62,86591364,99.53
"17868","mercurial",62,86591426,99.53
"17869","mildew",62,86591488,99.53
"17870","moat",62,86591550,99.53
"17871","mollie",62,86591612,99.53
"17872","monotone",62,86591674,99.53
"17873","mothership",62,86591736,99.53
"17874","mouthing",62,86591798,99.53
"17875","mouthpiece",62,86591860,99.53
"17876","newlywed",62,86591922,99.53
"17877","ogle",62,86591984,99.53
"17878","orbital",62,86592046,99.53
"17879","pantomime",62,86592108,99.53
"17880","paulie",62,86592170,99.53
"17881","peeved",62,86592232,99.53
"17882","penniless",62,86592294,99.53
"17883","phonics",62,86592356,99.53
"17884","pimlico",62,86592418,99.53
"17885","piney",62,86592480,99.53
"17886","platypus",62,86592542,99.53
"17887","polarization",62,86592604,99.53
"17888","pram",62,86592666,99.53
"17889","prankster",62,86592728,99.53
"17890","pullback",62,86592790,99.53
"17891","rationalization",62,86592852,99.53
"17892","readability",62,86592914,99.53
"17893","resiliency",62,86592976,99.53
"17894","rudder",62,86593038,99.53
"17895","sabina",62,86593100,99.53
"17896","salacious",62,86593162,99.53
"17897","sanctification",62,86593224,99.53
"17898","schnitzel",62,86593286,99.53
"17899","scribbling",62,86593348,99.53
"17900","sealer",62,86593410,99.53
"17901","semolina",62,86593472,99.53
"17902","sike",62,86593534,99.53
"17903","skied",62,86593596,99.53
"17904","slushy",62,86593658,99.53
"17905","stakeholder",62,86593720,99.53
"17906","strangeness",62,86593782,99.53
"17907","stupor",62,86593844,99.53
"17908","surfboard",62,86593906,99.53
"17909","surmise",62,86593968,99.53
"17910","teak",62,86594030,99.53
"17911","tele",62,86594092,99.53
"17912","terminus",62,86594154,99.53
"17913","treatise",62,86594216,99.53
"17914","unforced",62,86594278,99.53
"17915","unsatisfying",62,86594340,99.53
"17916","valedictorian",62,86594402,99.53
"17917","verdant",62,86594464,99.53
"17918","waterfowl",62,86594526,99.53
"17919","aerialist",61,86594587,99.53
"17920","agora",61,86594648,99.53
"17921","ahoy",61,86594709,99.53
"17922","alf",61,86594770,99.53
"17923","anachronistic",61,86594831,99.53
"17924","antivirus",61,86594892,99.53
"17925","arranger",61,86594953,99.53
"17926","assuage",61,86595014,99.53
"17927","astrological",61,86595075,99.53
"17928","backstop",61,86595136,99.53
"17929","bas",61,86595197,99.53
"17930","benn",61,86595258,99.53
"17931","birk",61,86595319,99.53
"17932","bloodthirsty",61,86595380,99.53
"17933","brainy",61,86595441,99.53
"17934","caressing",61,86595502,99.53
"17935","cede",61,86595563,99.53
"17936","chivalry",61,86595624,99.53
"17937","civics",61,86595685,99.53
"17938","clink",61,86595746,99.53
"17939","complainant",61,86595807,99.53
"17940","conclusively",61,86595868,99.53
"17941","corrupting",61,86595929,99.53
"17942","coupling",61,86595990,99.53
"17943","culminate",61,86596051,99.53
"17944","daemon",61,86596112,99.53
"17945","dag",61,86596173,99.53
"17946","defuse",61,86596234,99.53
"17947","despairing",61,86596295,99.53
"17948","digitize",61,86596356,99.53
"17949","disturbingly",61,86596417,99.53
"17950","diversification",61,86596478,99.53
"17951","doorman",61,86596539,99.53
"17952","doting",61,86596600,99.53
"17953","duffel",61,86596661,99.53
"17954","dweller",61,86596722,99.53
"17955","energetically",61,86596783,99.53
"17956","exasperation",61,86596844,99.53
"17957","exhilaration",61,86596905,99.53
"17958","farrow",61,86596966,99.53
"17959","fob",61,86597027,99.53
"17960","formaldehyde",61,86597088,99.53
"17961","friar",61,86597149,99.53
"17962","gaunt",61,86597210,99.53
"17963","geologist",61,86597271,99.53
"17964","gradient",61,86597332,99.53
"17965","griping",61,86597393,99.53
"17966","grouper",61,86597454,99.53
"17967","hist",61,86597515,99.53
"17968","homeward",61,86597576,99.53
"17969","hubbub",61,86597637,99.53
"17970","impotence",61,86597698,99.53
"17971","incisive",61,86597759,99.53
"17972","incontinence",61,86597820,99.53
"17973","inert",61,86597881,99.53
"17974","inquest",61,86597942,99.53
"17975","jetty",61,86598003,99.53
"17976","laudable",61,86598064,99.53
"17977","leech",61,86598125,99.53
"17978","linchpin",61,86598186,99.53
"17979","malleable",61,86598247,99.53
"17980","mezzo",61,86598308,99.53
"17981","millet",61,86598369,99.53
"17982","moisten",61,86598430,99.53
"17983","moronic",61,86598491,99.53
"17984","mutiny",61,86598552,99.53
"17985","nightfall",61,86598613,99.53
"17986","outlast",61,86598674,99.53
"17987","panty",61,86598735,99.53
"17988","parse",61,86598796,99.54
"17989","personalization",61,86598857,99.54
"17990","photocopy",61,86598918,99.54
"17991","postmaster",61,86598979,99.54
"17992","productively",61,86599040,99.54
"17993","purring",61,86599101,99.54
"17994","renal",61,86599162,99.54
"17995","responsiveness",61,86599223,99.54
"17996","rhea",61,86599284,99.54
"17997","ringleader",61,86599345,99.54
"17998","sari",61,86599406,99.54
"17999","seater",61,86599467,99.54
"18000","sensationalism",61,86599528,99.54
"18001","showman",61,86599589,99.54
"18002","skew",61,86599650,99.54
"18003","slob",61,86599711,99.54
"18004","sorrowful",61,86599772,99.54
"18005","specificity",61,86599833,99.54
"18006","squander",61,86599894,99.54
"18007","staunchly",61,86599955,99.54
"18008","suds",61,86600016,99.54
"18009","synonym",61,86600077,99.54
"18010","tabled",61,86600138,99.54
"18011","tew",61,86600199,99.54
"18012","tinsel",61,86600260,99.54
"18013","tonk",61,86600321,99.54
"18014","tremor",61,86600382,99.54
"18015","unintelligible",61,86600443,99.54
"18016","unscientific",61,86600504,99.54
"18017","unwitting",61,86600565,99.54
"18018","vermilion",61,86600626,99.54
"18019","whet",61,86600687,99.54
"18020","woodworking",61,86600748,99.54
"18021","wove",61,86600809,99.54
"18022","abed",60,86600869,99.54
"18023","abridged",60,86600929,99.54
"18024","acrobatics",60,86600989,99.54
"18025","aerosol",60,86601049,99.54
"18026","aggrieved",60,86601109,99.54
"18027","aldermanic",60,86601169,99.54
"18028","anabolic",60,86601229,99.54
"18029","armada",60,86601289,99.54
"18030","bagger",60,86601349,99.54
"18031","baroness",60,86601409,99.54
"18032","bey",60,86601469,99.54
"18033","billiards",60,86601529,99.54
"18034","bloop",60,86601589,99.54
"18035","bord",60,86601649,99.54
"18036","bronzed",60,86601709,99.54
"18037","bronzer",60,86601769,99.54
"18038","centurion",60,86601829,99.54
"18039","climatic",60,86601889,99.54
"18040","commonality",60,86601949,99.54
"18041","configure",60,86602009,99.54
"18042","consul",60,86602069,99.54
"18043","copa",60,86602129,99.54
"18044","crisper",60,86602189,99.54
"18045","crispness",60,86602249,99.54
"18046","crosswise",60,86602309,99.54
"18047","cushioned",60,86602369,99.54
"18048","deflate",60,86602429,99.54
"18049","demotion",60,86602489,99.54
"18050","demure",60,86602549,99.54
"18051","desi",60,86602609,99.54
"18052","disobedient",60,86602669,99.54
"18053","dumbledore",60,86602729,99.54
"18054","fallback",60,86602789,99.54
"18055","firebrand",60,86602849,99.54
"18056","floundering",60,86602909,99.54
"18057","fluently",60,86602969,99.54
"18058","forested",60,86603029,99.54
"18059","garnet",60,86603089,99.54
"18060","grieved",60,86603149,99.54
"18061","hammy",60,86603209,99.54
"18062","haphazardly",60,86603269,99.54
"18063","hearsay",60,86603329,99.54
"18064","hither",60,86603389,99.54
"18065","homely",60,86603449,99.54
"18066","jailhouse",60,86603509,99.54
"18067","journeyman",60,86603569,99.54
"18068","lancet",60,86603629,99.54
"18069","loyalist",60,86603689,99.54
"18070","misspelling",60,86603749,99.54
"18071","mutilation",60,86603809,99.54
"18072","nutritionally",60,86603869,99.54
"18073","outperform",60,86603929,99.54
"18074","pergola",60,86603989,99.54
"18075","phosphorus",60,86604049,99.54
"18076","piloting",60,86604109,99.54
"18077","piston",60,86604169,99.54
"18078","playfulness",60,86604229,99.54
"18079","portability",60,86604289,99.54
"18080","posterior",60,86604349,99.54
"18081","propagate",60,86604409,99.54
"18082","propulsion",60,86604469,99.54
"18083","puny",60,86604529,99.54
"18084","purview",60,86604589,99.54
"18085","raincoat",60,86604649,99.54
"18086","regatta",60,86604709,99.54
"18087","rehash",60,86604769,99.54
"18088","reverent",60,86604829,99.54
"18089","roomful",60,86604889,99.54
"18090","sardine",60,86604949,99.54
"18091","sequin",60,86605009,99.54
"18092","sheepish",60,86605069,99.54
"18093","shied",60,86605129,99.54
"18094","shih",60,86605189,99.54
"18095","shoring",60,86605249,99.54
"18096","snide",60,86605309,99.54
"18097","sop",60,86605369,99.54
"18098","squint",60,86605429,99.54
"18099","stringy",60,86605489,99.54
"18100","stupendous",60,86605549,99.54
"18101","subjectivity",60,86605609,99.54
"18102","superficially",60,86605669,99.54
"18103","symbiotic",60,86605729,99.54
"18104","tannin",60,86605789,99.54
"18105","temperance",60,86605849,99.54
"18106","tetanus",60,86605909,99.54
"18107","tikka",60,86605969,99.54
"18108","unaffiliated",60,86606029,99.54
"18109","unbearably",60,86606089,99.54
"18110","unencumbered",60,86606149,99.54
"18111","unreasonably",60,86606209,99.54
"18112","unsatisfactory",60,86606269,99.54
"18113","walkout",60,86606329,99.54
"18114","weaved",60,86606389,99.54
"18115","wickedly",60,86606449,99.54
"18116","wy",60,86606509,99.54
"18117","yap",60,86606569,99.54
"18118","adorably",59,86606628,99.54
"18119","agar",59,86606687,99.54
"18120","aggravate",59,86606746,99.54
"18121","altruism",59,86606805,99.54
"18122","ame",59,86606864,99.54
"18123","anarchism",59,86606923,99.54
"18124","aquifer",59,86606982,99.54
"18125","authentically",59,86607041,99.54
"18126","beautify",59,86607100,99.54
"18127","bellied",59,86607159,99.54
"18128","blithely",59,86607218,99.54
"18129","bombardier",59,86607277,99.54
"18130","bourgeoisie",59,86607336,99.54
"18131","carman",59,86607395,99.54
"18132","carnivore",59,86607454,99.54
"18133","caving",59,86607513,99.55
"18134","chee",59,86607572,99.55
"18135","coll",59,86607631,99.55
"18136","congestive",59,86607690,99.55
"18137","conifer",59,86607749,99.55
"18138","consenting",59,86607808,99.55
"18139","crone",59,86607867,99.55
"18140","dabbling",59,86607926,99.55
"18141","disseminate",59,86607985,99.55
"18142","dopey",59,86608044,99.55
"18143","drizzly",59,86608103,99.55
"18144","enabler",59,86608162,99.55
"18145","enforceable",59,86608221,99.55
"18146","enlargement",59,86608280,99.55
"18147","erecting",59,86608339,99.55
"18148","expend",59,86608398,99.55
"18149","fenugreek",59,86608457,99.55
"18150","fixation",59,86608516,99.55
"18151","fluidity",59,86608575,99.55
"18152","frightful",59,86608634,99.55
"18153","goer",59,86608693,99.55
"18154","granddaddy",59,86608752,99.55
"18155","gratified",59,86608811,99.55
"18156","grindstone",59,86608870,99.55
"18157","gusty",59,86608929,99.55
"18158","haggis",59,86608988,99.55
"18159","honeydew",59,86609047,99.55
"18160","hubble",59,86609106,99.55
"18161","husk",59,86609165,99.55
"18162","incubus",59,86609224,99.55
"18163","indict",59,86609283,99.55
"18164","inimitable",59,86609342,99.55
"18165","intercom",59,86609401,99.55
"18166","leaflet",59,86609460,99.55
"18167","lyricism",59,86609519,99.55
"18168","maimed",59,86609578,99.55
"18169","marvelously",59,86609637,99.55
"18170","misnomer",59,86609696,99.55
"18171","mossy",59,86609755,99.55
"18172","mou",59,86609814,99.55
"18173","mythos",59,86609873,99.55
"18174","nonfat",59,86609932,99.55
"18175","obnoxiously",59,86609991,99.55
"18176","odious",59,86610050,99.55
"18177","overestimate",59,86610109,99.55
"18178","pastiche",59,86610168,99.55
"18179","peroxide",59,86610227,99.55
"18180","petrie",59,86610286,99.55
"18181","pippin",59,86610345,99.55
"18182","pollute",59,86610404,99.55
"18183","polytechnic",59,86610463,99.55
"18184","preachy",59,86610522,99.55
"18185","punto",59,86610581,99.55
"18186","questioner",59,86610640,99.55
"18187","ratify",59,86610699,99.55
"18188","recede",59,86610758,99.55
"18189","recoil",59,86610817,99.55
"18190","rectified",59,86610876,99.55
"18191","recurrent",59,86610935,99.55
"18192","regionally",59,86610994,99.55
"18193","retraction",59,86611053,99.55
"18194","rinsing",59,86611112,99.55
"18195","schism",59,86611171,99.55
"18196","skidded",59,86611230,99.55
"18197","slurp",59,86611289,99.55
"18198","spaniel",59,86611348,99.55
"18199","spellbinder",59,86611407,99.55
"18200","spleen",59,86611466,99.55
"18201","splint",59,86611525,99.55
"18202","starkly",59,86611584,99.55
"18203","stoker",59,86611643,99.55
"18204","supervisory",59,86611702,99.55
"18205","terrine",59,86611761,99.55
"18206","throated",59,86611820,99.55
"18207","tigger",59,86611879,99.55
"18208","trouser",59,86611938,99.55
"18209","twofold",59,86611997,99.55
"18210","unassisted",59,86612056,99.55
"18211","uncaring",59,86612115,99.55
"18212","uneasiness",59,86612174,99.55
"18213","unification",59,86612233,99.55
"18214","uninspiring",59,86612292,99.55
"18215","unwrap",59,86612351,99.55
"18216","unyielding",59,86612410,99.55
"18217","vapid",59,86612469,99.55
"18218","vermin",59,86612528,99.55
"18219","vernal",59,86612587,99.55
"18220","wherewithal",59,86612646,99.55
"18221","wile",59,86612705,99.55
"18222","abominable",58,86612763,99.55
"18223","adrenal",58,86612821,99.55
"18224","anesthesiologist",58,86612879,99.55
"18225","anesthetic",58,86612937,99.55
"18226","aqueduct",58,86612995,99.55
"18227","aristocrat",58,86613053,99.55
"18228","atelier",58,86613111,99.55
"18229","avian",58,86613169,99.55
"18230","backboard",58,86613227,99.55
"18231","bluster",58,86613285,99.55
"18232","bobbin",58,86613343,99.55
"18233","boho",58,86613401,99.55
"18234","bookkeeper",58,86613459,99.55
"18235","bose",58,86613517,99.55
"18236","bottleneck",58,86613575,99.55
"18237","cannibalism",58,86613633,99.55
"18238","carpentry",58,86613691,99.55
"18239","causation",58,86613749,99.55
"18240","characteristically",58,86613807,99.55
"18241","chiseled",58,86613865,99.55
"18242","citric",58,86613923,99.55
"18243","cityscape",58,86613981,99.55
"18244","collaboratively",58,86614039,99.55
"18245","congratulation",58,86614097,99.55
"18246","conqueror",58,86614155,99.55
"18247","conspicuously",58,86614213,99.55
"18248","convocation",58,86614271,99.55
"18249","cordy",58,86614329,99.55
"18250","corgi",58,86614387,99.55
"18251","courageously",58,86614445,99.55
"18252","cubby",58,86614503,99.55
"18253","dandruff",58,86614561,99.55
"18254","darkening",58,86614619,99.55
"18255","dastardly",58,86614677,99.55
"18256","deadwood",58,86614735,99.55
"18257","deciduous",58,86614793,99.55
"18258","dieter",58,86614851,99.55
"18259","disparaging",58,86614909,99.55
"18260","dissected",58,86614967,99.55
"18261","earner",58,86615025,99.55
"18262","elbowed",58,86615083,99.55
"18263","etching",58,86615141,99.55
"18264","extermination",58,86615199,99.55
"18265","familiarize",58,86615257,99.55
"18266","felted",58,86615315,99.55
"18267","flattening",58,86615373,99.55
"18268","flexed",58,86615431,99.55
"18269","floater",58,86615489,99.55
"18270","forked",58,86615547,99.55
"18271","godless",58,86615605,99.55
"18272","goff",58,86615663,99.55
"18273","hauntingly",58,86615721,99.55
"18274","holdup",58,86615779,99.55
"18275","homogenous",58,86615837,99.55
"18276","hooligan",58,86615895,99.55
"18277","hoy",58,86615953,99.55
"18278","humanely",58,86616011,99.55
"18279","impair",58,86616069,99.55
"18280","improvisational",58,86616127,99.55
"18281","inadequacy",58,86616185,99.56
"18282","infante",58,86616243,99.56
"18283","inversion",58,86616301,99.56
"18284","jute",58,86616359,99.56
"18285","kabuki",58,86616417,99.56
"18286","leniency",58,86616475,99.56
"18287","loon",58,86616533,99.56
"18288","lurch",58,86616591,99.56
"18289","milepost",58,86616649,99.56
"18290","monolith",58,86616707,99.56
"18291","motoring",58,86616765,99.56
"18292","multiplicity",58,86616823,99.56
"18293","natch",58,86616881,99.56
"18294","normative",58,86616939,99.56
"18295","onside",58,86616997,99.56
"18296","outdo",58,86617055,99.56
"18297","paladin",58,86617113,99.56
"18298","panning",58,86617171,99.56
"18299","paradoxical",58,86617229,99.56
"18300","patronize",58,86617287,99.56
"18301","peddle",58,86617345,99.56
"18302","pertussis",58,86617403,99.56
"18303","plunder",58,86617461,99.56
"18304","potpourri",58,86617519,99.56
"18305","priestess",58,86617577,99.56
"18306","quadrant",58,86617635,99.56
"18307","quixotic",58,86617693,99.56
"18308","realness",58,86617751,99.56
"18309","reconciling",58,86617809,99.56
"18310","reconstructive",58,86617867,99.56
"18311","repel",58,86617925,99.56
"18312","responder",58,86617983,99.56
"18313","sacking",58,86618041,99.56
"18314","sate",58,86618099,99.56
"18315","selflessness",58,86618157,99.56
"18316","sequestered",58,86618215,99.56
"18317","shingle",58,86618273,99.56
"18318","shinning",58,86618331,99.56
"18319","smokehouse",58,86618389,99.56
"18320","smorgasbord",58,86618447,99.56
"18321","sontag",58,86618505,99.56
"18322","stockpot",58,86618563,99.56
"18323","sulphur",58,86618621,99.56
"18324","swab",58,86618679,99.56
"18325","swooning",58,86618737,99.56
"18326","syncretism",58,86618795,99.56
"18327","tenfold",58,86618853,99.56
"18328","thermos",58,86618911,99.56
"18329","thrusting",58,86618969,99.56
"18330","tivoli",58,86619027,99.56
"18331","toenail",58,86619085,99.56
"18332","unaffordable",58,86619143,99.56
"18333","undisciplined",58,86619201,99.56
"18334","unimpressive",58,86619259,99.56
"18335","unmet",58,86619317,99.56
"18336","unrestrained",58,86619375,99.56
"18337","untenable",58,86619433,99.56
"18338","waxman",58,86619491,99.56
"18339","weightless",58,86619549,99.56
"18340","wheelbarrow",58,86619607,99.56
"18341","wordless",58,86619665,99.56
"18342","afterglow",57,86619722,99.56
"18343","aga",57,86619779,99.56
"18344","ascribe",57,86619836,99.56
"18345","bedbug",57,86619893,99.56
"18346","bellarmine",57,86619950,99.56
"18347","blankly",57,86620007,99.56
"18348","blistered",57,86620064,99.56
"18349","bloodline",57,86620121,99.56
"18350","bonaventure",57,86620178,99.56
"18351","bourn",57,86620235,99.56
"18352","brownish",57,86620292,99.56
"18353","christening",57,86620349,99.56
"18354","clicker",57,86620406,99.56
"18355","compulsively",57,86620463,99.56
"18356","condor",57,86620520,99.56
"18357","confiscate",57,86620577,99.56
"18358","connectedness",57,86620634,99.56
"18359","contextual",57,86620691,99.56
"18360","cowbell",57,86620748,99.56
"18361","crouching",57,86620805,99.56
"18362","deadbeat",57,86620862,99.56
"18363","depraved",57,86620919,99.56
"18364","disengaged",57,86620976,99.56
"18365","divinely",57,86621033,99.56
"18366","doze",57,86621090,99.56
"18367","exemplify",57,86621147,99.56
"18368","extraneous",57,86621204,99.56
"18369","firmness",57,86621261,99.56
"18370","fop",57,86621318,99.56
"18371","foregoing",57,86621375,99.56
"18372","fortify",57,86621432,99.56
"18373","germanic",57,86621489,99.56
"18374","gimp",57,86621546,99.56
"18375","gulch",57,86621603,99.56
"18376","handball",57,86621660,99.56
"18377","humpty",57,86621717,99.56
"18378","hypothermia",57,86621774,99.56
"18379","ide",57,86621831,99.56
"18380","impropriety",57,86621888,99.56
"18381","indigent",57,86621945,99.56
"18382","insertion",57,86622002,99.56
"18383","instigator",57,86622059,99.56
"18384","linkage",57,86622116,99.56
"18385","meteorological",57,86622173,99.56
"18386","millstone",57,86622230,99.56
"18387","monogamous",57,86622287,99.56
"18388","newsprint",57,86622344,99.56
"18389","nonhuman",57,86622401,99.56
"18390","ogre",57,86622458,99.56
"18391","orchestrate",57,86622515,99.56
"18392","paco",57,86622572,99.56
"18393","peplum",57,86622629,99.56
"18394","plankton",57,86622686,99.56
"18395","pokey",57,86622743,99.56
"18396","posthumously",57,86622800,99.56
"18397","progeny",57,86622857,99.56
"18398","psychics",57,86622914,99.56
"18399","punctuate",57,86622971,99.56
"18400","punky",57,86623028,99.56
"18401","recluse",57,86623085,99.56
"18402","redolent",57,86623142,99.56
"18403","reinvest",57,86623199,99.56
"18404","repugnant",57,86623256,99.56
"18405","retort",57,86623313,99.56
"18406","ribbing",57,86623370,99.56
"18407","sartorial",57,86623427,99.56
"18408","savour",57,86623484,99.56
"18409","scrolled",57,86623541,99.56
"18410","sideburns",57,86623598,99.56
"18411","simplification",57,86623655,99.56
"18412","slather",57,86623712,99.56
"18413","slurry",57,86623769,99.56
"18414","smallpox",57,86623826,99.56
"18415","smidge",57,86623883,99.56
"18416","soluble",57,86623940,99.56
"18417","songbird",57,86623997,99.56
"18418","subvert",57,86624054,99.56
"18419","sunroom",57,86624111,99.56
"18420","tattooing",57,86624168,99.56
"18421","technicality",57,86624225,99.56
"18422","tendinitis",57,86624282,99.56
"18423","tenet",57,86624339,99.56
"18424","transporter",57,86624396,99.56
"18425","traversing",57,86624453,99.56
"18426","twinning",57,86624510,99.56
"18427","unadulterated",57,86624567,99.56
"18428","unbecoming",57,86624624,99.56
"18429","understudy",57,86624681,99.56
"18430","wanderer",57,86624738,99.56
"18431","weeps",57,86624795,99.56
"18432","whoosh",57,86624852,99.56
"18433","wiper",57,86624909,99.57
"18434","woozy",57,86624966,99.57
"18435","yerba",57,86625023,99.57
"18436","yow",57,86625080,99.57
"18437","admonition",56,86625136,99.57
"18438","affective",56,86625192,99.57
"18439","apologist",56,86625248,99.57
"18440","architecturally",56,86625304,99.57
"18441","athletically",56,86625360,99.57
"18442","authentication",56,86625416,99.57
"18443","blanca",56,86625472,99.57
"18444","briar",56,86625528,99.57
"18445","brimstone",56,86625584,99.57
"18446","cadaver",56,86625640,99.57
"18447","cardin",56,86625696,99.57
"18448","catapult",56,86625752,99.57
"18449","cay",56,86625808,99.57
"18450","chronologically",56,86625864,99.57
"18451","chrysalis",56,86625920,99.57
"18452","compendium",56,86625976,99.57
"18453","confide",56,86626032,99.57
"18454","cotter",56,86626088,99.57
"18455","crandall",56,86626144,99.57
"18456","cutthroat",56,86626200,99.57
"18457","deflection",56,86626256,99.57
"18458","depository",56,86626312,99.57
"18459","dexterity",56,86626368,99.57
"18460","dishonor",56,86626424,99.57
"18461","dissection",56,86626480,99.57
"18462","droopy",56,86626536,99.57
"18463","endocrine",56,86626592,99.57
"18464","ennui",56,86626648,99.57
"18465","erasure",56,86626704,99.57
"18466","exorcism",56,86626760,99.57
"18467","faze",56,86626816,99.57
"18468","feathery",56,86626872,99.57
"18469","flossing",56,86626928,99.57
"18470","frailty",56,86626984,99.57
"18471","frosh",56,86627040,99.57
"18472","gecko",56,86627096,99.57
"18473","gelding",56,86627152,99.57
"18474","genial",56,86627208,99.57
"18475","genocidal",56,86627264,99.57
"18476","grosgrain",56,86627320,99.57
"18477","hackney",56,86627376,99.57
"18478","hemorrhage",56,86627432,99.57
"18479","henny",56,86627488,99.57
"18480","herbicide",56,86627544,99.57
"18481","hilt",56,86627600,99.57
"18482","homespun",56,86627656,99.57
"18483","implosion",56,86627712,99.57
"18484","impresario",56,86627768,99.57
"18485","inasmuch",56,86627824,99.57
"18486","indisputable",56,86627880,99.57
"18487","inefficiency",56,86627936,99.57
"18488","kingwood",56,86627992,99.57
"18489","lina",56,86628048,99.57
"18490","lish",56,86628104,99.57
"18491","longingly",56,86628160,99.57
"18492","lumbering",56,86628216,99.57
"18493","lunged",56,86628272,99.57
"18494","magnetism",56,86628328,99.57
"18495","melancholic",56,86628384,99.57
"18496","mirth",56,86628440,99.57
"18497","morgen",56,86628496,99.57
"18498","mozambique",56,86628552,99.57
"18499","myopic",56,86628608,99.57
"18500","nonunion",56,86628664,99.57
"18501","nostril",56,86628720,99.57
"18502","obliterate",56,86628776,99.57
"18503","obstetrics",56,86628832,99.57
"18504","omnipotent",56,86628888,99.57
"18505","orangutan",56,86628944,99.57
"18506","ornery",56,86629000,99.57
"18507","overhear",56,86629056,99.57
"18508","parasol",56,86629112,99.57
"18509","patentee",56,86629168,99.57
"18510","pedometer",56,86629224,99.57
"18511","perfumed",56,86629280,99.57
"18512","polos",56,86629336,99.57
"18513","primordial",56,86629392,99.57
"18514","proofreading",56,86629448,99.57
"18515","pucker",56,86629504,99.57
"18516","raggedy",56,86629560,99.57
"18517","rainer",56,86629616,99.57
"18518","rattles",56,86629672,99.57
"18519","reassignment",56,86629728,99.57
"18520","recitation",56,86629784,99.57
"18521","recognizance",56,86629840,99.57
"18522","ridding",56,86629896,99.57
"18523","rigorously",56,86629952,99.57
"18524","riparian",56,86630008,99.57
"18525","rosebud",56,86630064,99.57
"18526","shapely",56,86630120,99.57
"18527","shifter",56,86630176,99.57
"18528","snobbery",56,86630232,99.57
"18529","solvency",56,86630288,99.57
"18530","steadman",56,86630344,99.57
"18531","stereotyped",56,86630400,99.57
"18532","stickler",56,86630456,99.57
"18533","stilted",56,86630512,99.57
"18534","straightaway",56,86630568,99.57
"18535","strudel",56,86630624,99.57
"18536","summarily",56,86630680,99.57
"18537","symmetrical",56,86630736,99.57
"18538","synod",56,86630792,99.57
"18539","tacit",56,86630848,99.57
"18540","tawdry",56,86630904,99.57
"18541","theatrics",56,86630960,99.57
"18542","trestle",56,86631016,99.57
"18543","troublemaker",56,86631072,99.57
"18544","trumpeting",56,86631128,99.57
"18545","tubby",56,86631184,99.57
"18546","twill",56,86631240,99.57
"18547","ubiquity",56,86631296,99.57
"18548","unorganized",56,86631352,99.57
"18549","untrained",56,86631408,99.57
"18550","wether",56,86631464,99.57
"18551","weve",56,86631520,99.57
"18552","whee",56,86631576,99.57
"18553","wheelhouse",56,86631632,99.57
"18554","whippet",56,86631688,99.57
"18555","wonderment",56,86631744,99.57
"18556","absolution",55,86631799,99.57
"18557","analyse",55,86631854,99.57
"18558","antagonistic",55,86631909,99.57
"18559","armadillo",55,86631964,99.57
"18560","arousal",55,86632019,99.57
"18561","arterial",55,86632074,99.57
"18562","articulation",55,86632129,99.57
"18563","auspices",55,86632184,99.57
"18564","autopilot",55,86632239,99.57
"18565","aviary",55,86632294,99.57
"18566","banda",55,86632349,99.57
"18567","beaux",55,86632404,99.57
"18568","begrudge",55,86632459,99.57
"18569","blanked",55,86632514,99.57
"18570","catty",55,86632569,99.57
"18571","chao",55,86632624,99.57
"18572","chromium",55,86632679,99.57
"18573","cloudless",55,86632734,99.57
"18574","cockiness",55,86632789,99.57
"18575","concertmaster",55,86632844,99.57
"18576","cornea",55,86632899,99.57
"18577","deterrence",55,86632954,99.57
"18578","diocesan",55,86633009,99.57
"18579","disagreeable",55,86633064,99.57
"18580","disarming",55,86633119,99.57
"18581","drat",55,86633174,99.57
"18582","dropper",55,86633229,99.57
"18583","duckling",55,86633284,99.57
"18584","ecumenical",55,86633339,99.57
"18585","encyclopedic",55,86633394,99.57
"18586","epitaph",55,86633449,99.57
"18587","esplanade",55,86633504,99.57
"18588","feudal",55,86633559,99.57
"18589","glazer",55,86633614,99.58
"18590","grimace",55,86633669,99.58
"18591","grizzled",55,86633724,99.58
"18592","grooving",55,86633779,99.58
"18593","grundy",55,86633834,99.58
"18594","gypsum",55,86633889,99.58
"18595","hanky",55,86633944,99.58
"18596","happenstance",55,86633999,99.58
"18597","heartthrob",55,86634054,99.58
"18598","heaviness",55,86634109,99.58
"18599","hypnotherapy",55,86634164,99.58
"18600","immaterial",55,86634219,99.58
"18601","indefensible",55,86634274,99.58
"18602","interscholastic",55,86634329,99.58
"18603","irrationally",55,86634384,99.58
"18604","italics",55,86634439,99.58
"18605","languish",55,86634494,99.58
"18606","lithe",55,86634549,99.58
"18607","mang",55,86634604,99.58
"18608","medicate",55,86634659,99.58
"18609","mohr",55,86634714,99.58
"18610","monochrome",55,86634769,99.58
"18611","moulin",55,86634824,99.58
"18612","mussel",55,86634879,99.58
"18613","napalm",55,86634934,99.58
"18614","nominally",55,86634989,99.58
"18615","ominously",55,86635044,99.58
"18616","opportunist",55,86635099,99.58
"18617","oxtail",55,86635154,99.58
"18618","percussionist",55,86635209,99.58
"18619","perfectionism",55,86635264,99.58
"18620","persimmon",55,86635319,99.58
"18621","piccadilly",55,86635374,99.58
"18622","plied",55,86635429,99.58
"18623","polarity",55,86635484,99.58
"18624","pollinate",55,86635539,99.58
"18625","porto",55,86635594,99.58
"18626","precipice",55,86635649,99.58
"18627","predisposed",55,86635704,99.58
"18628","predominately",55,86635759,99.58
"18629","priming",55,86635814,99.58
"18630","rapt",55,86635869,99.58
"18631","refurbishment",55,86635924,99.58
"18632","ringside",55,86635979,99.58
"18633","saintly",55,86636034,99.58
"18634","salamander",55,86636089,99.58
"18635","sequential",55,86636144,99.58
"18636","shandy",55,86636199,99.58
"18637","showmanship",55,86636254,99.58
"18638","sleight",55,86636309,99.58
"18639","sorghum",55,86636364,99.58
"18640","spurrier",55,86636419,99.58
"18641","stasis",55,86636474,99.58
"18642","streaky",55,86636529,99.58
"18643","submerge",55,86636584,99.58
"18644","subversion",55,86636639,99.58
"18645","suffrage",55,86636694,99.58
"18646","teensy",55,86636749,99.58
"18647","templar",55,86636804,99.58
"18648","theyll",55,86636859,99.58
"18649","thunderbolt",55,86636914,99.58
"18650","toothache",55,86636969,99.58
"18651","toothed",55,86637024,99.58
"18652","underline",55,86637079,99.58
"18653","undeserving",55,86637134,99.58
"18654","undressed",55,86637189,99.58
"18655","unkempt",55,86637244,99.58
"18656","unrated",55,86637299,99.58
"18657","unsympathetic",55,86637354,99.58
"18658","vasectomy",55,86637409,99.58
"18659","wallop",55,86637464,99.58
"18660","waver",55,86637519,99.58
"18661","whaling",55,86637574,99.58
"18662","widener",55,86637629,99.58
"18663","wingman",55,86637684,99.58
"18664","adopter",54,86637738,99.58
"18665","allergist",54,86637792,99.58
"18666","amble",54,86637846,99.58
"18667","backwoods",54,86637900,99.58
"18668","barreled",54,86637954,99.58
"18669","barret",54,86638008,99.58
"18670","bearish",54,86638062,99.58
"18671","bhakti",54,86638116,99.58
"18672","bleary",54,86638170,99.58
"18673","bracken",54,86638224,99.58
"18674","buckling",54,86638278,99.58
"18675","bulldozer",54,86638332,99.58
"18676","canny",54,86638386,99.58
"18677","capricious",54,86638440,99.58
"18678","clatter",54,86638494,99.58
"18679","cupped",54,86638548,99.58
"18680","deathbed",54,86638602,99.58
"18681","devalue",54,86638656,99.58
"18682","dictation",54,86638710,99.58
"18683","diction",54,86638764,99.58
"18684","dilly",54,86638818,99.58
"18685","dotting",54,86638872,99.58
"18686","doughy",54,86638926,99.58
"18687","droll",54,86638980,99.58
"18688","earthiness",54,86639034,99.58
"18689","effervescent",54,86639088,99.58
"18690","elasticity",54,86639142,99.58
"18691","electron",54,86639196,99.58
"18692","epoch",54,86639250,99.58
"18693","exclaim",54,86639304,99.58
"18694","exhibitor",54,86639358,99.58
"18695","expressionist",54,86639412,99.58
"18696","extrovert",54,86639466,99.58
"18697","facsimile",54,86639520,99.58
"18698","fanaticism",54,86639574,99.58
"18699","flirtatious",54,86639628,99.58
"18700","footballer",54,86639682,99.58
"18701","gamely",54,86639736,99.58
"18702","garret",54,86639790,99.58
"18703","glint",54,86639844,99.58
"18704","graphically",54,86639898,99.58
"18705","hibernate",54,86639952,99.58
"18706","honeybee",54,86640006,99.58
"18707","immobile",54,86640060,99.58
"18708","implore",54,86640114,99.58
"18709","infidel",54,86640168,99.58
"18710","infirmary",54,86640222,99.58
"18711","interviewee",54,86640276,99.58
"18712","jogger",54,86640330,99.58
"18713","jurisprudence",54,86640384,99.58
"18714","lampoon",54,86640438,99.58
"18715","lettered",54,86640492,99.58
"18716","madhouse",54,86640546,99.58
"18717","magi",54,86640600,99.58
"18718","manifold",54,86640654,99.58
"18719","marmite",54,86640708,99.58
"18720","mauve",54,86640762,99.58
"18721","menthol",54,86640816,99.58
"18722","meteoric",54,86640870,99.58
"18723","mindlessly",54,86640924,99.58
"18724","misogynist",54,86640978,99.58
"18725","misogynistic",54,86641032,99.58
"18726","mote",54,86641086,99.58
"18727","nautilus",54,86641140,99.58
"18728","needham",54,86641194,99.58
"18729","neglectful",54,86641248,99.58
"18730","nightcap",54,86641302,99.58
"18731","noll",54,86641356,99.58
"18732","parr",54,86641410,99.58
"18733","peeler",54,86641464,99.58
"18734","personification",54,86641518,99.58
"18735","poignancy",54,86641572,99.58
"18736","polygraph",54,86641626,99.58
"18737","practicable",54,86641680,99.58
"18738","prater",54,86641734,99.58
"18739","prideful",54,86641788,99.58
"18740","prowling",54,86641842,99.58
"18741","purl",54,86641896,99.58
"18742","radicalism",54,86641950,99.58
"18743","rayon",54,86642004,99.58
"18744","recuperate",54,86642058,99.58
"18745","refuel",54,86642112,99.58
"18746","resolutely",54,86642166,99.58
"18747","retorted",54,86642220,99.58
"18748","revelatory",54,86642274,99.59
"18749","sanctified",54,86642328,99.59
"18750","sawed",54,86642382,99.59
"18751","seashore",54,86642436,99.59
"18752","sniping",54,86642490,99.59
"18753","spectral",54,86642544,99.59
"18754","spigot",54,86642598,99.59
"18755","stealthy",54,86642652,99.59
"18756","stinger",54,86642706,99.59
"18757","strategize",54,86642760,99.59
"18758","subservient",54,86642814,99.59
"18759","supa",54,86642868,99.59
"18760","swindle",54,86642922,99.59
"18761","tearfully",54,86642976,99.59
"18762","tithe",54,86643030,99.59
"18763","tomahawk",54,86643084,99.59
"18764","tormenting",54,86643138,99.59
"18765","transfusion",54,86643192,99.59
"18766","transocean",54,86643246,99.59
"18767","truckload",54,86643300,99.59
"18768","unscheduled",54,86643354,99.59
"18769","unsteady",54,86643408,99.59
"18770","unwatchable",54,86643462,99.59
"18771","upstanding",54,86643516,99.59
"18772","verbena",54,86643570,99.59
"18773","visage",54,86643624,99.59
"18774","voluptuous",54,86643678,99.59
"18775","warlock",54,86643732,99.59
"18776","watermark",54,86643786,99.59
"18777","wherefore",54,86643840,99.59
"18778","whimpering",54,86643894,99.59
"18779","wim",54,86643948,99.59
"18780","wold",54,86644002,99.59
"18781","wrangle",54,86644056,99.59
"18782","alteration",53,86644109,99.59
"18783","amphibious",53,86644162,99.59
"18784","annotate",53,86644215,99.59
"18785","apostrophe",53,86644268,99.59
"18786","appropriateness",53,86644321,99.59
"18787","atone",53,86644374,99.59
"18788","baste",53,86644427,99.59
"18789","bathrobe",53,86644480,99.59
"18790","beckon",53,86644533,99.59
"18791","bespectacled",53,86644586,99.59
"18792","birdhouse",53,86644639,99.59
"18793","boarder",53,86644692,99.59
"18794","boondocks",53,86644745,99.59
"18795","brassy",53,86644798,99.59
"18796","breathlessly",53,86644851,99.59
"18797","bugle",53,86644904,99.59
"18798","busyness",53,86644957,99.59
"18799","butchering",53,86645010,99.59
"18800","chucking",53,86645063,99.59
"18801","coiled",53,86645116,99.59
"18802","corroborate",53,86645169,99.59
"18803","craggy",53,86645222,99.59
"18804","cynically",53,86645275,99.59
"18805","decking",53,86645328,99.59
"18806","decode",53,86645381,99.59
"18807","defrost",53,86645434,99.59
"18808","directorate",53,86645487,99.59
"18809","disarm",53,86645540,99.59
"18810","earful",53,86645593,99.59
"18811","emotive",53,86645646,99.59
"18812","engraving",53,86645699,99.59
"18813","environmentalism",53,86645752,99.59
"18814","expatriate",53,86645805,99.59
"18815","felonious",53,86645858,99.59
"18816","felting",53,86645911,99.59
"18817","ferociously",53,86645964,99.59
"18818","fess",53,86646017,99.59
"18819","flatware",53,86646070,99.59
"18820","fortuitous",53,86646123,99.59
"18821","fragmentation",53,86646176,99.59
"18822","fretted",53,86646229,99.59
"18823","functionally",53,86646282,99.59
"18824","gabi",53,86646335,99.59
"18825","gastronomy",53,86646388,99.59
"18826","gibbon",53,86646441,99.59
"18827","giggly",53,86646494,99.59
"18828","gloat",53,86646547,99.59
"18829","googly",53,86646600,99.59
"18830","grownup",53,86646653,99.59
"18831","hobbling",53,86646706,99.59
"18832","hoisting",53,86646759,99.59
"18833","honorably",53,86646812,99.59
"18834","hooky",53,86646865,99.59
"18835","hypothetically",53,86646918,99.59
"18836","indigestion",53,86646971,99.59
"18837","kugel",53,86647024,99.59
"18838","landlady",53,86647077,99.59
"18839","lightroom",53,86647130,99.59
"18840","macular",53,86647183,99.59
"18841","manhole",53,86647236,99.59
"18842","middling",53,86647289,99.59
"18843","morin",53,86647342,99.59
"18844","nationalization",53,86647395,99.59
"18845","necessitate",53,86647448,99.59
"18846","nippy",53,86647501,99.59
"18847","nonviolence",53,86647554,99.59
"18848","oblong",53,86647607,99.59
"18849","opportune",53,86647660,99.59
"18850","opulence",53,86647713,99.59
"18851","orc",53,86647766,99.59
"18852","pah",53,86647819,99.59
"18853","paler",53,86647872,99.59
"18854","parka",53,86647925,99.59
"18855","pathetically",53,86647978,99.59
"18856","percussive",53,86648031,99.59
"18857","perforated",53,86648084,99.59
"18858","perpetuity",53,86648137,99.59
"18859","plumage",53,86648190,99.59
"18860","plumb",53,86648243,99.59
"18861","poi",53,86648296,99.59
"18862","poppa",53,86648349,99.59
"18863","primacy",53,86648402,99.59
"18864","pyrotechnics",53,86648455,99.59
"18865","recline",53,86648508,99.59
"18866","redeye",53,86648561,99.59
"18867","relishing",53,86648614,99.59
"18868","saltiness",53,86648667,99.59
"18869","sambal",53,86648720,99.59
"18870","sawing",53,86648773,99.59
"18871","scalding",53,86648826,99.59
"18872","slag",53,86648879,99.59
"18873","sledge",53,86648932,99.59
"18874","smokiness",53,86648985,99.59
"18875","snafu",53,86649038,99.59
"18876","spooning",53,86649091,99.59
"18877","steeple",53,86649144,99.59
"18878","swampy",53,86649197,99.59
"18879","temperamental",53,86649250,99.59
"18880","thickening",53,86649303,99.59
"18881","toga",53,86649356,99.59
"18882","toiled",53,86649409,99.59
"18883","transnational",53,86649462,99.59
"18884","trapper",53,86649515,99.59
"18885","trudge",53,86649568,99.59
"18886","twee",53,86649621,99.59
"18887","unabated",53,86649674,99.59
"18888","unblock",53,86649727,99.59
"18889","underlining",53,86649780,99.59
"18890","undeterred",53,86649833,99.59
"18891","ungreased",53,86649886,99.59
"18892","unrepentant",53,86649939,99.59
"18893","valiantly",53,86649992,99.59
"18894","virulent",53,86650045,99.59
"18895","wobbling",53,86650098,99.59
"18896","wot",53,86650151,99.59
"18897","acrimony",52,86650203,99.59
"18898","antibacterial",52,86650255,99.59
"18899","argent",52,86650307,99.59
"18900","argo",52,86650359,99.59
"18901","argumentative",52,86650411,99.59
"18902","asinine",52,86650463,99.59
"18903","backtrack",52,86650515,99.59
"18904","basalt",52,86650567,99.59
"18905","bibi",52,86650619,99.59
"18906","biff",52,86650671,99.59
"18907","boathouse",52,86650723,99.59
"18908","boba",52,86650775,99.59
"18909","bounding",52,86650827,99.59
"18910","bristle",52,86650879,99.59
"18911","busby",52,86650931,99.59
"18912","calibre",52,86650983,99.6
"18913","campion",52,86651035,99.6
"18914","catechism",52,86651087,99.6
"18915","corollary",52,86651139,99.6
"18916","creaky",52,86651191,99.6
"18917","croquet",52,86651243,99.6
"18918","cruces",52,86651295,99.6
"18919","culpable",52,86651347,99.6
"18920","dachshund",52,86651399,99.6
"18921","discharging",52,86651451,99.6
"18922","dowdy",52,86651503,99.6
"18923","drudge",52,86651555,99.6
"18924","enmity",52,86651607,99.6
"18925","excepting",52,86651659,99.6
"18926","fecal",52,86651711,99.6
"18927","fingernail",52,86651763,99.6
"18928","frugality",52,86651815,99.6
"18929","glib",52,86651867,99.6
"18930","headstrong",52,86651919,99.6
"18931","hosed",52,86651971,99.6
"18932","lunchroom",52,86652023,99.6
"18933","marcella",52,86652075,99.6
"18934","matador",52,86652127,99.6
"18935","menopausal",52,86652179,99.6
"18936","messer",52,86652231,99.6
"18937","minutiae",52,86652283,99.6
"18938","misbehavior",52,86652335,99.6
"18939","multilingual",52,86652387,99.6
"18940","muscat",52,86652439,99.6
"18941","navigational",52,86652491,99.6
"18942","needlework",52,86652543,99.6
"18943","noma",52,86652595,99.6
"18944","nonchalantly",52,86652647,99.6
"18945","nudist",52,86652699,99.6
"18946","ophthalmologist",52,86652751,99.6
"18947","opiate",52,86652803,99.6
"18948","oppress",52,86652855,99.6
"18949","ora",52,86652907,99.6
"18950","originator",52,86652959,99.6
"18951","osmosis",52,86653011,99.6
"18952","overseer",52,86653063,99.6
"18953","paganism",52,86653115,99.6
"18954","panicky",52,86653167,99.6
"18955","perspiration",52,86653219,99.6
"18956","poss",52,86653271,99.6
"18957","proportionate",52,86653323,99.6
"18958","prototypical",52,86653375,99.6
"18959","psychopathic",52,86653427,99.6
"18960","purchaser",52,86653479,99.6
"18961","quagmire",52,86653531,99.6
"18962","rampart",52,86653583,99.6
"18963","redraw",52,86653635,99.6
"18964","revisionist",52,86653687,99.6
"18965","rickshaw",52,86653739,99.6
"18966","riva",52,86653791,99.6
"18967","saki",52,86653843,99.6
"18968","salaam",52,86653895,99.6
"18969","savagely",52,86653947,99.6
"18970","scrivener",52,86653999,99.6
"18971","senile",52,86654051,99.6
"18972","slingshot",52,86654103,99.6
"18973","sma",52,86654155,99.6
"18974","snout",52,86654207,99.6
"18975","snowmobile",52,86654259,99.6
"18976","solitaire",52,86654311,99.6
"18977","solver",52,86654363,99.6
"18978","southward",52,86654415,99.6
"18979","spiel",52,86654467,99.6
"18980","stopgap",52,86654519,99.6
"18981","straddle",52,86654571,99.6
"18982","subsistence",52,86654623,99.6
"18983","substantiate",52,86654675,99.6
"18984","suiting",52,86654727,99.6
"18985","swoosh",52,86654779,99.6
"18986","terrorize",52,86654831,99.6
"18987","toddy",52,86654883,99.6
"18988","tongued",52,86654935,99.6
"18989","troika",52,86654987,99.6
"18990","truancy",52,86655039,99.6
"18991","truncated",52,86655091,99.6
"18992","tumbleweed",52,86655143,99.6
"18993","uncontested",52,86655195,99.6
"18994","unconvinced",52,86655247,99.6
"18995","undertone",52,86655299,99.6
"18996","unnerved",52,86655351,99.6
"18997","unobtrusive",52,86655403,99.6
"18998","unprofitable",52,86655455,99.6
"18999","unrivaled",52,86655507,99.6
"19000","vermicelli",52,86655559,99.6
"19001","welder",52,86655611,99.6
"19002","wirelessly",52,86655663,99.6
"19003","wrest",52,86655715,99.6
"19004","wye",52,86655767,99.6
"19005","abhor",51,86655818,99.6
"19006","airfield",51,86655869,99.6
"19007","alertness",51,86655920,99.6
"19008","alphabetically",51,86655971,99.6
"19009","amity",51,86656022,99.6
"19010","amplifier",51,86656073,99.6
"19011","anatomical",51,86656124,99.6
"19012","antiseptic",51,86656175,99.6
"19013","antler",51,86656226,99.6
"19014","atrophy",51,86656277,99.6
"19015","auld",51,86656328,99.6
"19016","banding",51,86656379,99.6
"19017","bertram",51,86656430,99.6
"19018","blackwater",51,86656481,99.6
"19019","boondoggle",51,86656532,99.6
"19020","borscht",51,86656583,99.6
"19021","brigadier",51,86656634,99.6
"19022","canty",51,86656685,99.6
"19023","chaise",51,86656736,99.6
"19024","chaste",51,86656787,99.6
"19025","coker",51,86656838,99.6
"19026","computational",51,86656889,99.6
"19027","connective",51,86656940,99.6
"19028","conservator",51,86656991,99.6
"19029","contorted",51,86657042,99.6
"19030","cranny",51,86657093,99.6
"19031","crisply",51,86657144,99.6
"19032","cussed",51,86657195,99.6
"19033","despondent",51,86657246,99.6
"19034","disaffected",51,86657297,99.6
"19035","disown",51,86657348,99.6
"19036","dozed",51,86657399,99.6
"19037","dregs",51,86657450,99.6
"19038","dusky",51,86657501,99.6
"19039","dutiful",51,86657552,99.6
"19040","eastward",51,86657603,99.6
"19041","emigration",51,86657654,99.6
"19042","entrapment",51,86657705,99.6
"19043","extort",51,86657756,99.6
"19044","exude",51,86657807,99.6
"19045","falconer",51,86657858,99.6
"19046","felling",51,86657909,99.6
"19047","gavel",51,86657960,99.6
"19048","grammatically",51,86658011,99.6
"19049","graphical",51,86658062,99.6
"19050","gurgling",51,86658113,99.6
"19051","hark",51,86658164,99.6
"19052","headlight",51,86658215,99.6
"19053","humanoid",51,86658266,99.6
"19054","hurdler",51,86658317,99.6
"19055","idealist",51,86658368,99.6
"19056","impersonator",51,86658419,99.6
"19057","inductee",51,86658470,99.6
"19058","industrialist",51,86658521,99.6
"19059","inscrutable",51,86658572,99.6
"19060","lancer",51,86658623,99.6
"19061","larkspur",51,86658674,99.6
"19062","librarianship",51,86658725,99.6
"19063","lisp",51,86658776,99.6
"19064","loony",51,86658827,99.6
"19065","lumbar",51,86658878,99.6
"19066","malady",51,86658929,99.6
"19067","marzipan",51,86658980,99.6
"19068","matchmaker",51,86659031,99.6
"19069","meanness",51,86659082,99.6
"19070","mille",51,86659133,99.6
"19071","nitrate",51,86659184,99.6
"19072","nullify",51,86659235,99.6
"19073","ostentatious",51,86659286,99.6
"19074","outhouse",51,86659337,99.6
"19075","outwards",51,86659388,99.6
"19076","parading",51,86659439,99.6
"19077","pillowcase",51,86659490,99.6
"19078","piranha",51,86659541,99.6
"19079","pittance",51,86659592,99.6
"19080","plying",51,86659643,99.6
"19081","proportioned",51,86659694,99.61
"19082","psychoanalysis",51,86659745,99.61
"19083","quintessentially",51,86659796,99.61
"19084","ream",51,86659847,99.61
"19085","reciprocity",51,86659898,99.61
"19086","recklessness",51,86659949,99.61
"19087","sagamore",51,86660000,99.61
"19088","scallion",51,86660051,99.61
"19089","seaboard",51,86660102,99.61
"19090","sedation",51,86660153,99.61
"19091","seedless",51,86660204,99.61
"19092","seersucker",51,86660255,99.61
"19093","settler",51,86660306,99.61
"19094","shellac",51,86660357,99.61
"19095","shrew",51,86660408,99.61
"19096","southernmost",51,86660459,99.61
"19097","spar",51,86660510,99.61
"19098","squabble",51,86660561,99.61
"19099","stiletto",51,86660612,99.61
"19100","surreptitiously",51,86660663,99.61
"19101","tackler",51,86660714,99.61
"19102","throb",51,86660765,99.61
"19103","tomatillo",51,86660816,99.61
"19104","torii",51,86660867,99.61
"19105","transferable",51,86660918,99.61
"19106","trident",51,86660969,99.61
"19107","tufted",51,86661020,99.61
"19108","ulcer",51,86661071,99.61
"19109","unceremoniously",51,86661122,99.61
"19110","undemocratic",51,86661173,99.61
"19111","underclass",51,86661224,99.61
"19112","underweight",51,86661275,99.61
"19113","unfailing",51,86661326,99.61
"19114","unmistakably",51,86661377,99.61
"19115","unskilled",51,86661428,99.61
"19116","weariness",51,86661479,99.61
"19117","wigwam",51,86661530,99.61
"19118","wishbone",51,86661581,99.61
"19119","adulation",50,86661631,99.61
"19120","aimless",50,86661681,99.61
"19121","alcove",50,86661731,99.61
"19122","aliso",50,86661781,99.61
"19123","amputation",50,86661831,99.61
"19124","aquaculture",50,86661881,99.61
"19125","arthritic",50,86661931,99.61
"19126","artifice",50,86661981,99.61
"19127","augmentation",50,86662031,99.61
"19128","autocratic",50,86662081,99.61
"19129","awd",50,86662131,99.61
"19130","baptize",50,86662181,99.61
"19131","belatedly",50,86662231,99.61
"19132","benevolence",50,86662281,99.61
"19133","bianco",50,86662331,99.61
"19134","blowfish",50,86662381,99.61
"19135","carmine",50,86662431,99.61
"19136","carnivorous",50,86662481,99.61
"19137","carotene",50,86662531,99.61
"19138","classed",50,86662581,99.61
"19139","clench",50,86662631,99.61
"19140","clough",50,86662681,99.61
"19141","coalesce",50,86662731,99.61
"19142","commissary",50,86662781,99.61
"19143","contrite",50,86662831,99.61
"19144","cooing",50,86662881,99.61
"19145","cosmetology",50,86662931,99.61
"19146","coursing",50,86662981,99.61
"19147","crossbow",50,86663031,99.61
"19148","crucifix",50,86663081,99.61
"19149","crystallized",50,86663131,99.61
"19150","cyanide",50,86663181,99.61
"19151","denote",50,86663231,99.61
"19152","dere",50,86663281,99.61
"19153","dermatitis",50,86663331,99.61
"19154","devastate",50,86663381,99.61
"19155","dilution",50,86663431,99.61
"19156","disobey",50,86663481,99.61
"19157","disqualification",50,86663531,99.61
"19158","distill",50,86663581,99.61
"19159","dreamland",50,86663631,99.61
"19160","drumstick",50,86663681,99.61
"19161","drunkard",50,86663731,99.61
"19162","enslave",50,86663781,99.61
"19163","exploitative",50,86663831,99.61
"19164","federalist",50,86663881,99.61
"19165","floaty",50,86663931,99.61
"19166","footpath",50,86663981,99.61
"19167","forecaster",50,86664031,99.61
"19168","frappe",50,86664081,99.61
"19169","frowning",50,86664131,99.61
"19170","gar",50,86664181,99.61
"19171","glaringly",50,86664231,99.61
"19172","glassman",50,86664281,99.61
"19173","glutton",50,86664331,99.61
"19174","gnat",50,86664381,99.61
"19175","gnaw",50,86664431,99.61
"19176","grappa",50,86664481,99.61
"19177","hallucination",50,86664531,99.61
"19178","harrow",50,86664581,99.61
"19179","heretic",50,86664631,99.61
"19180","houseboat",50,86664681,99.61
"19181","hyperactivity",50,86664731,99.61
"19182","ineffectual",50,86664781,99.61
"19183","kamala",50,86664831,99.61
"19184","legible",50,86664881,99.61
"19185","malfeasance",50,86664931,99.61
"19186","masher",50,86664981,99.61
"19187","masseuse",50,86665031,99.61
"19188","maximus",50,86665081,99.61
"19189","meaningfully",50,86665131,99.61
"19190","miro",50,86665181,99.61
"19191","misspell",50,86665231,99.61
"19192","motherly",50,86665281,99.61
"19193","naa",50,86665331,99.61
"19194","neutron",50,86665381,99.61
"19195","newish",50,86665431,99.61
"19196","normality",50,86665481,99.61
"19197","overstate",50,86665531,99.61
"19198","peacemaker",50,86665581,99.61
"19199","pedophilia",50,86665631,99.61
"19200","permeate",50,86665681,99.61
"19201","petulant",50,86665731,99.61
"19202","piccolo",50,86665781,99.61
"19203","porcupine",50,86665831,99.61
"19204","pouty",50,86665881,99.61
"19205","preponderance",50,86665931,99.61
"19206","quark",50,86665981,99.61
"19207","ramekin",50,86666031,99.61
"19208","reachable",50,86666081,99.61
"19209","reassessment",50,86666131,99.61
"19210","reptilian",50,86666181,99.61
"19211","resize",50,86666231,99.61
"19212","savant",50,86666281,99.61
"19213","scalpel",50,86666331,99.61
"19214","scorch",50,86666381,99.61
"19215","sharpener",50,86666431,99.61
"19216","skimp",50,86666481,99.61
"19217","skirted",50,86666531,99.61
"19218","slough",50,86666581,99.61
"19219","slyly",50,86666631,99.61
"19220","smirking",50,86666681,99.61
"19221","snooty",50,86666731,99.61
"19222","spina",50,86666781,99.61
"19223","strenuously",50,86666831,99.61
"19224","sufferer",50,86666881,99.61
"19225","sutra",50,86666931,99.61
"19226","swaggering",50,86666981,99.61
"19227","tardiness",50,86667031,99.61
"19228","taxonomy",50,86667081,99.61
"19229","thence",50,86667131,99.61
"19230","tourette",50,86667181,99.61
"19231","truthfulness",50,86667231,99.61
"19232","tryst",50,86667281,99.61
"19233","uncommonly",50,86667331,99.61
"19234","underwrite",50,86667381,99.61
"19235","unevenly",50,86667431,99.61
"19236","utensil",50,86667481,99.61
"19237","vacuous",50,86667531,99.61
"19238","wadi",50,86667581,99.61
"19239","whereupon",50,86667631,99.61
"19240","wiry",50,86667681,99.61
"19241","alumna",49,86667730,99.61
"19242","appendage",49,86667779,99.61
"19243","archway",49,86667828,99.61
"19244","astonish",49,86667877,99.61
"19245","bari",49,86667926,99.61
"19246","barrister",49,86667975,99.61
"19247","beekeeping",49,86668024,99.61
"19248","bellows",49,86668073,99.61
"19249","blackwood",49,86668122,99.61
"19250","blasphemous",49,86668171,99.61
"19251","bleaching",49,86668220,99.61
"19252","bloating",49,86668269,99.61
"19253","bloomer",49,86668318,99.61
"19254","blowback",49,86668367,99.62
"19255","cacti",49,86668416,99.62
"19256","cadmium",49,86668465,99.62
"19257","capsicum",49,86668514,99.62
"19258","castellano",49,86668563,99.62
"19259","centaur",49,86668612,99.62
"19260","cesspool",49,86668661,99.62
"19261","chapped",49,86668710,99.62
"19262","coldness",49,86668759,99.62
"19263","completeness",49,86668808,99.62
"19264","consecrated",49,86668857,99.62
"19265","continuance",49,86668906,99.62
"19266","converging",49,86668955,99.62
"19267","crisped",49,86669004,99.62
"19268","deforestation",49,86669053,99.62
"19269","detectable",49,86669102,99.62
"19270","detritus",49,86669151,99.62
"19271","domineering",49,86669200,99.62
"19272","dorn",49,86669249,99.62
"19273","downy",49,86669298,99.62
"19274","dram",49,86669347,99.62
"19275","drapery",49,86669396,99.62
"19276","dubbing",49,86669445,99.62
"19277","entrust",49,86669494,99.62
"19278","epistle",49,86669543,99.62
"19279","extraterrestrial",49,86669592,99.62
"19280","fabricate",49,86669641,99.62
"19281","fearfully",49,86669690,99.62
"19282","firecracker",49,86669739,99.62
"19283","forbade",49,86669788,99.62
"19284","forester",49,86669837,99.62
"19285","foretold",49,86669886,99.62
"19286","fruitiness",49,86669935,99.62
"19287","geologic",49,86669984,99.62
"19288","ger",49,86670033,99.62
"19289","girlish",49,86670082,99.62
"19290","gloating",49,86670131,99.62
"19291","halcyon",49,86670180,99.62
"19292","heroically",49,86670229,99.62
"19293","immeasurably",49,86670278,99.62
"19294","imprison",49,86670327,99.62
"19295","inexorably",49,86670376,99.62
"19296","infernal",49,86670425,99.62
"19297","innately",49,86670474,99.62
"19298","intelligentsia",49,86670523,99.62
"19299","irrefutable",49,86670572,99.62
"19300","irritability",49,86670621,99.62
"19301","islander",49,86670670,99.62
"19302","juggler",49,86670719,99.62
"19303","jurist",49,86670768,99.62
"19304","kath",49,86670817,99.62
"19305","keener",49,86670866,99.62
"19306","languid",49,86670915,99.62
"19307","leathery",49,86670964,99.62
"19308","livery",49,86671013,99.62
"19309","lye",49,86671062,99.62
"19310","manta",49,86671111,99.62
"19311","meaner",49,86671160,99.62
"19312","mentalist",49,86671209,99.62
"19313","midwinter",49,86671258,99.62
"19314","minion",49,86671307,99.62
"19315","misdirection",49,86671356,99.62
"19316","mohair",49,86671405,99.62
"19317","moribund",49,86671454,99.62
"19318","motherland",49,86671503,99.62
"19319","ontological",49,86671552,99.62
"19320","outed",49,86671601,99.62
"19321","outsize",49,86671650,99.62
"19322","paddled",49,86671699,99.62
"19323","pendragon",49,86671748,99.62
"19324","pensive",49,86671797,99.62
"19325","permanence",49,86671846,99.62
"19326","polis",49,86671895,99.62
"19327","politic",49,86671944,99.62
"19328","precipitous",49,86671993,99.62
"19329","probationary",49,86672042,99.62
"19330","quicksilver",49,86672091,99.62
"19331","radioactivity",49,86672140,99.62
"19332","ragout",49,86672189,99.62
"19333","rani",49,86672238,99.62
"19334","rasp",49,86672287,99.62
"19335","reek",49,86672336,99.62
"19336","referential",49,86672385,99.62
"19337","reina",49,86672434,99.62
"19338","reinvigorate",49,86672483,99.62
"19339","resourcefulness",49,86672532,99.62
"19340","riverbank",49,86672581,99.62
"19341","salve",49,86672630,99.62
"19342","sameness",49,86672679,99.62
"19343","schema",49,86672728,99.62
"19344","seaman",49,86672777,99.62
"19345","sewerage",49,86672826,99.62
"19346","slattery",49,86672875,99.62
"19347","sleepiness",49,86672924,99.62
"19348","slogging",49,86672973,99.62
"19349","snee",49,86673022,99.62
"19350","snowshoe",49,86673071,99.62
"19351","soldan",49,86673120,99.62
"19352","specialization",49,86673169,99.62
"19353","speedster",49,86673218,99.62
"19354","spiraled",49,86673267,99.62
"19355","splendidly",49,86673316,99.62
"19356","sponging",49,86673365,99.62
"19357","squatter",49,86673414,99.62
"19358","startlingly",49,86673463,99.62
"19359","stillborn",49,86673512,99.62
"19360","stimulant",49,86673561,99.62
"19361","stoning",49,86673610,99.62
"19362","strangulation",49,86673659,99.62
"19363","sumatra",49,86673708,99.62
"19364","synch",49,86673757,99.62
"19365","taffeta",49,86673806,99.62
"19366","thistledown",49,86673855,99.62
"19367","tong",49,86673904,99.62
"19368","trample",49,86673953,99.62
"19369","transactional",49,86674002,99.62
"19370","twa",49,86674051,99.62
"19371","uncorked",49,86674100,99.62
"19372","unflinching",49,86674149,99.62
"19373","unworkable",49,86674198,99.62
"19374","upland",49,86674247,99.62
"19375","uplifted",49,86674296,99.62
"19376","utterance",49,86674345,99.62
"19377","vastness",49,86674394,99.62
"19378","viscous",49,86674443,99.62
"19379","weakly",49,86674492,99.62
"19380","wintertime",49,86674541,99.62
"19381","woodsy",49,86674590,99.62
"19382","accrue",48,86674638,99.62
"19383","aday",48,86674686,99.62
"19384","adjournment",48,86674734,99.62
"19385","amadou",48,86674782,99.62
"19386","amorphous",48,86674830,99.62
"19387","anguished",48,86674878,99.62
"19388","archdiocesan",48,86674926,99.62
"19389","bonny",48,86674974,99.62
"19390","bumblebee",48,86675022,99.62
"19391","capitan",48,86675070,99.62
"19392","carelessness",48,86675118,99.62
"19393","catchup",48,86675166,99.62
"19394","celibacy",48,86675214,99.62
"19395","cockney",48,86675262,99.62
"19396","cofounder",48,86675310,99.62
"19397","condensation",48,86675358,99.62
"19398","consequential",48,86675406,99.62
"19399","constraint",48,86675454,99.62
"19400","contaminate",48,86675502,99.62
"19401","cored",48,86675550,99.62
"19402","cortisone",48,86675598,99.62
"19403","dais",48,86675646,99.62
"19404","dasher",48,86675694,99.62
"19405","decimal",48,86675742,99.62
"19406","decomposition",48,86675790,99.62
"19407","destabilize",48,86675838,99.62
"19408","disappointingly",48,86675886,99.62
"19409","disliking",48,86675934,99.62
"19410","dreamlike",48,86675982,99.62
"19411","drumbeat",48,86676030,99.62
"19412","erratically",48,86676078,99.62
"19413","fallible",48,86676126,99.62
"19414","filly",48,86676174,99.62
"19415","fiver",48,86676222,99.62
"19416","foolproof",48,86676270,99.62
"19417","forgetfulness",48,86676318,99.62
"19418","fra",48,86676366,99.62
"19419","glum",48,86676414,99.62
"19420","hermitage",48,86676462,99.62
"19421","hewn",48,86676510,99.62
"19422","hornish",48,86676558,99.62
"19423","housewares",48,86676606,99.62
"19424","imposter",48,86676654,99.62
"19425","inflame",48,86676702,99.62
"19426","inflection",48,86676750,99.62
"19427","insignia",48,86676798,99.62
"19428","internalize",48,86676846,99.62
"19429","irritant",48,86676894,99.62
"19430","janitorial",48,86676942,99.62
"19431","jayhawk",48,86676990,99.62
"19432","jettison",48,86677038,99.62
"19433","jurisdictional",48,86677086,99.63
"19434","locator",48,86677134,99.63
"19435","lora",48,86677182,99.63
"19436","mantis",48,86677230,99.63
"19437","mountaineer",48,86677278,99.63
"19438","nightgown",48,86677326,99.63
"19439","nonverbal",48,86677374,99.63
"19440","nth",48,86677422,99.63
"19441","overlord",48,86677470,99.63
"19442","overwrought",48,86677518,99.63
"19443","oxen",48,86677566,99.63
"19444","parlay",48,86677614,99.63
"19445","pedagogical",48,86677662,99.63
"19446","peri",48,86677710,99.63
"19447","periodical",48,86677758,99.63
"19448","permissive",48,86677806,99.63
"19449","pernicious",48,86677854,99.63
"19450","perpendicular",48,86677902,99.63
"19451","perturbed",48,86677950,99.63
"19452","pimento",48,86677998,99.63
"19453","pirouette",48,86678046,99.63
"19454","plurality",48,86678094,99.63
"19455","pocketing",48,86678142,99.63
"19456","presuming",48,86678190,99.63
"19457","primeval",48,86678238,99.63
"19458","publican",48,86678286,99.63
"19459","quin",48,86678334,99.63
"19460","reb",48,86678382,99.63
"19461","reinstall",48,86678430,99.63
"19462","relativism",48,86678478,99.63
"19463","relearn",48,86678526,99.63
"19464","remit",48,86678574,99.63
"19465","repairman",48,86678622,99.63
"19466","repurpose",48,86678670,99.63
"19467","reticent",48,86678718,99.63
"19468","riser",48,86678766,99.63
"19469","roundhouse",48,86678814,99.63
"19470","scraper",48,86678862,99.63
"19471","shamefully",48,86678910,99.63
"19472","slacked",48,86678958,99.63
"19473","slicker",48,86679006,99.63
"19474","sniffle",48,86679054,99.63
"19475","southerner",48,86679102,99.63
"19476","spineless",48,86679150,99.63
"19477","spinster",48,86679198,99.63
"19478","sprightly",48,86679246,99.63
"19479","squinted",48,86679294,99.63
"19480","staccato",48,86679342,99.63
"19481","suckling",48,86679390,99.63
"19482","suffocation",48,86679438,99.63
"19483","talkie",48,86679486,99.63
"19484","tastefully",48,86679534,99.63
"19485","testone",48,86679582,99.63
"19486","trappist",48,86679630,99.63
"19487","travelogue",48,86679678,99.63
"19488","tricking",48,86679726,99.63
"19489","trod",48,86679774,99.63
"19490","tweezers",48,86679822,99.63
"19491","unfriend",48,86679870,99.63
"19492","unrecognized",48,86679918,99.63
"19493","unsupported",48,86679966,99.63
"19494","vexed",48,86680014,99.63
"19495","washy",48,86680062,99.63
"19496","webby",48,86680110,99.63
"19497","whitewash",48,86680158,99.63
"19498","willey",48,86680206,99.63
"19499","alfresco",47,86680253,99.63
"19500","alms",47,86680300,99.63
"19501","amniotic",47,86680347,99.63
"19502","anachronism",47,86680394,99.63
"19503","antibody",47,86680441,99.63
"19504","asymmetrical",47,86680488,99.63
"19505","autumnal",47,86680535,99.63
"19506","avoidable",47,86680582,99.63
"19507","baccalaureate",47,86680629,99.63
"19508","bade",47,86680676,99.63
"19509","bassinet",47,86680723,99.63
"19510","bebop",47,86680770,99.63
"19511","befall",47,86680817,99.63
"19512","bemoan",47,86680864,99.63
"19513","bough",47,86680911,99.63
"19514","braiding",47,86680958,99.63
"19515","breadwinner",47,86681005,99.63
"19516","breech",47,86681052,99.63
"19517","burnie",47,86681099,99.63
"19518","buzzard",47,86681146,99.63
"19519","cassia",47,86681193,99.63
"19520","celibate",47,86681240,99.63
"19521","corkscrew",47,86681287,99.63
"19522","coto",47,86681334,99.63
"19523","creak",47,86681381,99.63
"19524","crum",47,86681428,99.63
"19525","culling",47,86681475,99.63
"19526","dermatology",47,86681522,99.63
"19527","didactic",47,86681569,99.63
"19528","dimmer",47,86681616,99.63
"19529","dowager",47,86681663,99.63
"19530","drenching",47,86681710,99.63
"19531","dressy",47,86681757,99.63
"19532","dupe",47,86681804,99.63
"19533","earthen",47,86681851,99.63
"19534","easement",47,86681898,99.63
"19535","epidemiological",47,86681945,99.63
"19536","epithet",47,86681992,99.63
"19537","eros",47,86682039,99.63
"19538","eventuality",47,86682086,99.63
"19539","exclaiming",47,86682133,99.63
"19540","fashionably",47,86682180,99.63
"19541","feckless",47,86682227,99.63
"19542","fermenter",47,86682274,99.63
"19543","fingering",47,86682321,99.63
"19544","firebird",47,86682368,99.63
"19545","flipper",47,86682415,99.63
"19546","flit",47,86682462,99.63
"19547","forerunner",47,86682509,99.63
"19548","fourteenth",47,86682556,99.63
"19549","frizz",47,86682603,99.63
"19550","gad",47,86682650,99.63
"19551","gawk",47,86682697,99.63
"19552","generalize",47,86682744,99.63
"19553","guardianship",47,86682791,99.63
"19554","harshness",47,86682838,99.63
"19555","haughty",47,86682885,99.63
"19556","hawthorn",47,86682932,99.63
"19557","holdout",47,86682979,99.63
"19558","humanism",47,86683026,99.63
"19559","imprecise",47,86683073,99.63
"19560","inalienable",47,86683120,99.63
"19561","industrialization",47,86683167,99.63
"19562","inoperable",47,86683214,99.63
"19563","insurrection",47,86683261,99.63
"19564","invader",47,86683308,99.63
"19565","jaeger",47,86683355,99.63
"19566","jiggle",47,86683402,99.63
"19567","laryngitis",47,86683449,99.63
"19568","lata",47,86683496,99.63
"19569","leakage",47,86683543,99.63
"19570","leapfrog",47,86683590,99.63
"19571","looper",47,86683637,99.63
"19572","lox",47,86683684,99.63
"19573","mayorship",47,86683731,99.63
"19574","meddle",47,86683778,99.63
"19575","memorization",47,86683825,99.63
"19576","mezcal",47,86683872,99.63
"19577","mog",47,86683919,99.63
"19578","monastic",47,86683966,99.63
"19579","moping",47,86684013,99.63
"19580","muffy",47,86684060,99.63
"19581","multimillionaire",47,86684107,99.63
"19582","murmuring",47,86684154,99.63
"19583","naively",47,86684201,99.63
"19584","neverland",47,86684248,99.63
"19585","offing",47,86684295,99.63
"19586","oratory",47,86684342,99.63
"19587","outlier",47,86684389,99.63
"19588","overcook",47,86684436,99.63
"19589","pacemaker",47,86684483,99.63
"19590","pageantry",47,86684530,99.63
"19591","paramilitary",47,86684577,99.63
"19592","pardo",47,86684624,99.63
"19593","pashmina",47,86684671,99.63
"19594","prancing",47,86684718,99.63
"19595","precipitated",47,86684765,99.63
"19596","predisposition",47,86684812,99.63
"19597","pudgy",47,86684859,99.63
"19598","rebrand",47,86684906,99.63
"19599","receptor",47,86684953,99.63
"19600","recuse",47,86685000,99.63
"19601","regenerate",47,86685047,99.63
"19602","repaint",47,86685094,99.63
"19603","replication",47,86685141,99.63
"19604","resuscitate",47,86685188,99.63
"19605","retracted",47,86685235,99.63
"19606","ringmaster",47,86685282,99.63
"19607","roundly",47,86685329,99.63
"19608","sabine",47,86685376,99.63
"19609","schnapps",47,86685423,99.63
"19610","semiautomatic",47,86685470,99.63
"19611","shanty",47,86685517,99.63
"19612","shrunken",47,86685564,99.63
"19613","sina",47,86685611,99.63
"19614","skyway",47,86685658,99.63
"19615","slugged",47,86685705,99.63
"19616","solder",47,86685752,99.63
"19617","spongy",47,86685799,99.64
"19618","stork",47,86685846,99.64
"19619","studious",47,86685893,99.64
"19620","stylistically",47,86685940,99.64
"19621","subspecies",47,86685987,99.64
"19622","supplant",47,86686034,99.64
"19623","swashbuckling",47,86686081,99.64
"19624","sweated",47,86686128,99.64
"19625","tedium",47,86686175,99.64
"19626","tesseract",47,86686222,99.64
"19627","thusly",47,86686269,99.64
"19628","transplantation",47,86686316,99.64
"19629","tripling",47,86686363,99.64
"19630","trodden",47,86686410,99.64
"19631","umpteenth",47,86686457,99.64
"19632","unexplored",47,86686504,99.64
"19633","unheralded",47,86686551,99.64
"19634","unknowing",47,86686598,99.64
"19635","unoriginal",47,86686645,99.64
"19636","unsurprising",47,86686692,99.64
"19637","untie",47,86686739,99.64
"19638","vehement",47,86686786,99.64
"19639","verifiable",47,86686833,99.64
"19640","victimization",47,86686880,99.64
"19641","watchman",47,86686927,99.64
"19642","wetting",47,86686974,99.64
"19643","wincing",47,86687021,99.64
"19644","winnable",47,86687068,99.64
"19645","woodbine",47,86687115,99.64
"19646","wrinkly",47,86687162,99.64
"19647","zorro",47,86687209,99.64
"19648","absorbent",46,86687255,99.64
"19649","achiever",46,86687301,99.64
"19650","admittance",46,86687347,99.64
"19651","airman",46,86687393,99.64
"19652","allay",46,86687439,99.64
"19653","aly",46,86687485,99.64
"19654","amalgam",46,86687531,99.64
"19655","amalgamation",46,86687577,99.64
"19656","arouse",46,86687623,99.64
"19657","awl",46,86687669,99.64
"19658","backwater",46,86687715,99.64
"19659","bewilderment",46,86687761,99.64
"19660","bolivar",46,86687807,99.64
"19661","botany",46,86687853,99.64
"19662","brant",46,86687899,99.64
"19663","breakage",46,86687945,99.64
"19664","catalytic",46,86687991,99.64
"19665","cataract",46,86688037,99.64
"19666","causality",46,86688083,99.64
"19667","centimeter",46,86688129,99.64
"19668","chinchilla",46,86688175,99.64
"19669","chloride",46,86688221,99.64
"19670","chucky",46,86688267,99.64
"19671","clack",46,86688313,99.64
"19672","claret",46,86688359,99.64
"19673","cloverleaf",46,86688405,99.64
"19674","colossus",46,86688451,99.64
"19675","communicative",46,86688497,99.64
"19676","comprehensively",46,86688543,99.64
"19677","concoct",46,86688589,99.64
"19678","confectioner",46,86688635,99.64
"19679","crazily",46,86688681,99.64
"19680","dally",46,86688727,99.64
"19681","delighting",46,86688773,99.64
"19682","depletion",46,86688819,99.64
"19683","dimple",46,86688865,99.64
"19684","dinnertime",46,86688911,99.64
"19685","disband",46,86688957,99.64
"19686","diverge",46,86689003,99.64
"19687","durst",46,86689049,99.64
"19688","earmark",46,86689095,99.64
"19689","eavesdrop",46,86689141,99.64
"19690","eradication",46,86689187,99.64
"19691","essayist",46,86689233,99.64
"19692","etymology",46,86689279,99.64
"19693","evidentiary",46,86689325,99.64
"19694","evocation",46,86689371,99.64
"19695","excitable",46,86689417,99.64
"19696","fizzle",46,86689463,99.64
"19697","flaring",46,86689509,99.64
"19698","generalization",46,86689555,99.64
"19699","godson",46,86689601,99.64
"19700","gouge",46,86689647,99.64
"19701","grafted",46,86689693,99.64
"19702","gumption",46,86689739,99.64
"19703","gutless",46,86689785,99.64
"19704","hairless",46,86689831,99.64
"19705","handcuff",46,86689877,99.64
"19706","hardness",46,86689923,99.64
"19707","haystack",46,86689969,99.64
"19708","headfirst",46,86690015,99.64
"19709","hopscotch",46,86690061,99.64
"19710","housewarming",46,86690107,99.64
"19711","hyacinth",46,86690153,99.64
"19712","imbibe",46,86690199,99.64
"19713","implicate",46,86690245,99.64
"19714","indiscriminately",46,86690291,99.64
"19715","inexorable",46,86690337,99.64
"19716","injurious",46,86690383,99.64
"19717","innermost",46,86690429,99.64
"19718","insincere",46,86690475,99.64
"19719","insinuating",46,86690521,99.64
"19720","intelligible",46,86690567,99.64
"19721","irreconcilable",46,86690613,99.64
"19722","irrevocable",46,86690659,99.64
"19723","jing",46,86690705,99.64
"19724","jotting",46,86690751,99.64
"19725","kindergartner",46,86690797,99.64
"19726","knell",46,86690843,99.64
"19727","listless",46,86690889,99.64
"19728","lolly",46,86690935,99.64
"19729","lustful",46,86690981,99.64
"19730","maud",46,86691027,99.64
"19731","merriment",46,86691073,99.64
"19732","microfilm",46,86691119,99.64
"19733","monogrammed",46,86691165,99.64
"19734","optometrist",46,86691211,99.64
"19735","overcoat",46,86691257,99.64
"19736","oxbow",46,86691303,99.64
"19737","pacifist",46,86691349,99.64
"19738","palatial",46,86691395,99.64
"19739","pinkie",46,86691441,99.64
"19740","pinkish",46,86691487,99.64
"19741","plantain",46,86691533,99.64
"19742","prayerful",46,86691579,99.64
"19743","prophesy",46,86691625,99.64
"19744","prude",46,86691671,99.64
"19745","puppeteer",46,86691717,99.64
"19746","rancor",46,86691763,99.64
"19747","reauthorization",46,86691809,99.64
"19748","reddy",46,86691855,99.64
"19749","reductive",46,86691901,99.64
"19750","reflexive",46,86691947,99.64
"19751","resplendent",46,86691993,99.64
"19752","retrace",46,86692039,99.64
"19753","revulsion",46,86692085,99.64
"19754","ripeness",46,86692131,99.64
"19755","royally",46,86692177,99.64
"19756","russet",46,86692223,99.64
"19757","samaria",46,86692269,99.64
"19758","scape",46,86692315,99.64
"19759","screwball",46,86692361,99.64
"19760","sextet",46,86692407,99.64
"19761","shrinkage",46,86692453,99.64
"19762","shuler",46,86692499,99.64
"19763","skirting",46,86692545,99.64
"19764","smudged",46,86692591,99.64
"19765","spearhead",46,86692637,99.64
"19766","spellbound",46,86692683,99.64
"19767","spiller",46,86692729,99.64
"19768","stethoscope",46,86692775,99.64
"19769","straightener",46,86692821,99.64
"19770","subterfuge",46,86692867,99.64
"19771","swain",46,86692913,99.64
"19772","swill",46,86692959,99.64
"19773","swimmingly",46,86693005,99.64
"19774","telepathic",46,86693051,99.64
"19775","terroristic",46,86693097,99.64
"19776","thematically",46,86693143,99.64
"19777","tingly",46,86693189,99.64
"19778","toggle",46,86693235,99.64
"19779","totalitarianism",46,86693281,99.64
"19780","tropic",46,86693327,99.64
"19781","truism",46,86693373,99.64
"19782","tubular",46,86693419,99.64
"19783","twitterer",46,86693465,99.64
"19784","unadorned",46,86693511,99.64
"19785","unconvincing",46,86693557,99.64
"19786","underpinning",46,86693603,99.64
"19787","unschooled",46,86693649,99.64
"19788","untrustworthy",46,86693695,99.64
"19789","urethra",46,86693741,99.64
"19790","urologist",46,86693787,99.64
"19791","vagabond",46,86693833,99.64
"19792","waxy",46,86693879,99.64
"19793","wellman",46,86693925,99.64
"19794","wilk",46,86693971,99.64
"19795","worthiness",46,86694017,99.64
"19796","xenophobia",46,86694063,99.64
"19797","absenteeism",45,86694108,99.64
"19798","acker",45,86694153,99.64
"19799","adaptability",45,86694198,99.64
"19800","aerodynamics",45,86694243,99.64
"19801","aground",45,86694288,99.64
"19802","alarmist",45,86694333,99.64
"19803","amateurish",45,86694378,99.64
"19804","amethyst",45,86694423,99.64
"19805","amoeba",45,86694468,99.65
"19806","amorous",45,86694513,99.65
"19807","ani",45,86694558,99.65
"19808","avowed",45,86694603,99.65
"19809","berate",45,86694648,99.65
"19810","berserk",45,86694693,99.65
"19811","bigg",45,86694738,99.65
"19812","blaster",45,86694783,99.65
"19813","blinks",45,86694828,99.65
"19814","bloodshot",45,86694873,99.65
"19815","bludgeoned",45,86694918,99.65
"19816","boden",45,86694963,99.65
"19817","botanist",45,86695008,99.65
"19818","broo",45,86695053,99.65
"19819","bumming",45,86695098,99.65
"19820","calumet",45,86695143,99.65
"19821","canvass",45,86695188,99.65
"19822","cardmaking",45,86695233,99.65
"19823","cased",45,86695278,99.65
"19824","catamaran",45,86695323,99.65
"19825","cherub",45,86695368,99.65
"19826","circumspect",45,86695413,99.65
"19827","clearinghouse",45,86695458,99.65
"19828","clem",45,86695503,99.65
"19829","climatologist",45,86695548,99.65
"19830","condescension",45,86695593,99.65
"19831","conga",45,86695638,99.65
"19832","crowing",45,86695683,99.65
"19833","dauntless",45,86695728,99.65
"19834","deduce",45,86695773,99.65
"19835","defection",45,86695818,99.65
"19836","democratization",45,86695863,99.65
"19837","desirability",45,86695908,99.65
"19838","digression",45,86695953,99.65
"19839","disciplinarian",45,86695998,99.65
"19840","drawstring",45,86696043,99.65
"19841","duplicity",45,86696088,99.65
"19842","eject",45,86696133,99.65
"19843","eminence",45,86696178,99.65
"19844","encephalopathy",45,86696223,99.65
"19845","expound",45,86696268,99.65
"19846","eyelet",45,86696313,99.65
"19847","eyewear",45,86696358,99.65
"19848","facetious",45,86696403,99.65
"19849","flanking",45,86696448,99.65
"19850","foal",45,86696493,99.65
"19851","folio",45,86696538,99.65
"19852","freestanding",45,86696583,99.65
"19853","freighter",45,86696628,99.65
"19854","furlong",45,86696673,99.65
"19855","gauging",45,86696718,99.65
"19856","gelatinous",45,86696763,99.65
"19857","gnarled",45,86696808,99.65
"19858","goggle",45,86696853,99.65
"19859","goldstone",45,86696898,99.65
"19860","gratuity",45,86696943,99.65
"19861","gully",45,86696988,99.65
"19862","gunk",45,86697033,99.65
"19863","habitable",45,86697078,99.65
"19864","harmonize",45,86697123,99.65
"19865","harpoon",45,86697168,99.65
"19866","heretical",45,86697213,99.65
"19867","hosanna",45,86697258,99.65
"19868","humanistic",45,86697303,99.65
"19869","hundredth",45,86697348,99.65
"19870","improbably",45,86697393,99.65
"19871","indomitable",45,86697438,99.65
"19872","itinerant",45,86697483,99.65
"19873","jibe",45,86697528,99.65
"19874","kilogram",45,86697573,99.65
"19875","kinsman",45,86697618,99.65
"19876","knockoff",45,86697663,99.65
"19877","lackadaisical",45,86697708,99.65
"19878","lactic",45,86697753,99.65
"19879","landfall",45,86697798,99.65
"19880","leggy",45,86697843,99.65
"19881","lorry",45,86697888,99.65
"19882","mir",45,86697933,99.65
"19883","mirza",45,86697978,99.65
"19884","misappropriation",45,86698023,99.65
"19885","misshapen",45,86698068,99.65
"19886","muffler",45,86698113,99.65
"19887","nevermore",45,86698158,99.65
"19888","newsstand",45,86698203,99.65
"19889","nitrous",45,86698248,99.65
"19890","onshore",45,86698293,99.65
"19891","outerwear",45,86698338,99.65
"19892","overrule",45,86698383,99.65
"19893","papyrus",45,86698428,99.65
"19894","patten",45,86698473,99.65
"19895","penicillin",45,86698518,99.65
"19896","pickwick",45,86698563,99.65
"19897","pillowy",45,86698608,99.65
"19898","playmaking",45,86698653,99.65
"19899","porky",45,86698698,99.65
"19900","pronouncement",45,86698743,99.65
"19901","psalmist",45,86698788,99.65
"19902","purport",45,86698833,99.65
"19903","reconsideration",45,86698878,99.65
"19904","reframe",45,86698923,99.65
"19905","regalia",45,86698968,99.65
"19906","remorseful",45,86699013,99.65
"19907","reunification",45,86699058,99.65
"19908","reverberate",45,86699103,99.65
"19909","rhythmically",45,86699148,99.65
"19910","sabino",45,86699193,99.65
"19911","salina",45,86699238,99.65
"19912","sedative",45,86699283,99.65
"19913","seducing",45,86699328,99.65
"19914","shipbuilding",45,86699373,99.65
"19915","smit",45,86699418,99.65
"19916","snowshoeing",45,86699463,99.65
"19917","sodden",45,86699508,99.65
"19918","specks",45,86699553,99.65
"19919","spender",45,86699598,99.65
"19920","spindle",45,86699643,99.65
"19921","spooner",45,86699688,99.65
"19922","spud",45,86699733,99.65
"19923","squalor",45,86699778,99.65
"19924","squawk",45,86699823,99.65
"19925","squawking",45,86699868,99.65
"19926","stagnate",45,86699913,99.65
"19927","stepsister",45,86699958,99.65
"19928","stinker",45,86700003,99.65
"19929","stocky",45,86700048,99.65
"19930","sugared",45,86700093,99.65
"19931","swinger",45,86700138,99.65
"19932","tabling",45,86700183,99.65
"19933","theorem",45,86700228,99.65
"19934","therapeutics",45,86700273,99.65
"19935","thole",45,86700318,99.65
"19936","thumbed",45,86700363,99.65
"19937","tippy",45,86700408,99.65
"19938","topsoil",45,86700453,99.65
"19939","tortuous",45,86700498,99.65
"19940","transcribe",45,86700543,99.65
"19941","truss",45,86700588,99.65
"19942","tubman",45,86700633,99.65
"19943","tupelo",45,86700678,99.65
"19944","twitchy",45,86700723,99.65
"19945","uke",45,86700768,99.65
"19946","unaccounted",45,86700813,99.65
"19947","unexplainable",45,86700858,99.65
"19948","unguarded",45,86700903,99.65
"19949","unleavened",45,86700948,99.65
"19950","unpalatable",45,86700993,99.65
"19951","unreadable",45,86701038,99.65
"19952","unwinding",45,86701083,99.65
"19953","vise",45,86701128,99.65
"19954","votive",45,86701173,99.65
"19955","whitefish",45,86701218,99.65
"19956","wicket",45,86701263,99.65
"19957","workbench",45,86701308,99.65
"19958","accolade",44,86701352,99.65
"19959","aegis",44,86701396,99.65
"19960","affluence",44,86701440,99.65
"19961","alumnae",44,86701484,99.65
"19962","androgynous",44,86701528,99.65
"19963","anomalous",44,86701572,99.65
"19964","anthropological",44,86701616,99.65
"19965","bagpipe",44,86701660,99.65
"19966","basal",44,86701704,99.65
"19967","beryl",44,86701748,99.65
"19968","beseech",44,86701792,99.65
"19969","biochemistry",44,86701836,99.65
"19970","bom",44,86701880,99.65
"19971","bowyer",44,86701924,99.65
"19972","bozo",44,86701968,99.65
"19973","brocade",44,86702012,99.65
"19974","brokenhearted",44,86702056,99.65
"19975","clary",44,86702100,99.65
"19976","codex",44,86702144,99.65
"19977","condense",44,86702188,99.65
"19978","congenial",44,86702232,99.65
"19979","conjoined",44,86702276,99.65
"19980","consol",44,86702320,99.65
"19981","convivial",44,86702364,99.65
"19982","coolant",44,86702408,99.65
"19983","cordoba",44,86702452,99.65
"19984","cornfield",44,86702496,99.65
"19985","corrie",44,86702540,99.65
"19986","crybaby",44,86702584,99.65
"19987","defensible",44,86702628,99.65
"19988","demarcation",44,86702672,99.65
"19989","deplete",44,86702716,99.65
"19990","discoloration",44,86702760,99.65
"19991","downcast",44,86702804,99.65
"19992","drubbing",44,86702848,99.65
"19993","duster",44,86702892,99.65
"19994","epically",44,86702936,99.65
"19995","epidemiologist",44,86702980,99.65
"19996","etude",44,86703024,99.65
"19997","evaporation",44,86703068,99.65
"19998","excellently",44,86703112,99.65
"19999","expediency",44,86703156,99.65
"20000","extravagance",44,86703200,99.66
"20001","extricate",44,86703244,99.66
"20002","farcical",44,86703288,99.66
"20003","fingerling",44,86703332,99.66
"20004","forcible",44,86703376,99.66
"20005","forehand",44,86703420,99.66
"20006","gilly",44,86703464,99.66
"20007","glorification",44,86703508,99.66
"20008","hesitating",44,86703552,99.66
"20009","hitchhiker",44,86703596,99.66
"20010","honeyed",44,86703640,99.66
"20011","horseman",44,86703684,99.66
"20012","housemate",44,86703728,99.66
"20013","humidifier",44,86703772,99.66
"20014","imploring",44,86703816,99.66
"20015","inadmissible",44,86703860,99.66
"20016","incitement",44,86703904,99.66
"20017","inedible",44,86703948,99.66
"20018","issuer",44,86703992,99.66
"20019","jammy",44,86704036,99.66
"20020","kibble",44,86704080,99.66
"20021","landlocked",44,86704124,99.66
"20022","lassie",44,86704168,99.66
"20023","laud",44,86704212,99.66
"20024","laughingly",44,86704256,99.66
"20025","leafed",44,86704300,99.66
"20026","lifter",44,86704344,99.66
"20027","liquidate",44,86704388,99.66
"20028","lubricant",44,86704432,99.66
"20029","lys",44,86704476,99.66
"20030","maim",44,86704520,99.66
"20031","menial",44,86704564,99.66
"20032","mensa",44,86704608,99.66
"20033","moonrise",44,86704652,99.66
"20034","nadir",44,86704696,99.66
"20035","nakedness",44,86704740,99.66
"20036","nationalistic",44,86704784,99.66
"20037","nether",44,86704828,99.66
"20038","noisily",44,86704872,99.66
"20039","obsolescence",44,86704916,99.66
"20040","oclock",44,86704960,99.66
"20041","omnivore",44,86705004,99.66
"20042","outsmart",44,86705048,99.66
"20043","papacy",44,86705092,99.66
"20044","persecute",44,86705136,99.66
"20045","pisco",44,86705180,99.66
"20046","placard",44,86705224,99.66
"20047","plies",44,86705268,99.66
"20048","plunk",44,86705312,99.66
"20049","ponderous",44,86705356,99.66
"20050","preservative",44,86705400,99.66
"20051","preset",44,86705444,99.66
"20052","pygmy",44,86705488,99.66
"20053","resuscitation",44,86705532,99.66
"20054","retool",44,86705576,99.66
"20055","rigidly",44,86705620,99.66
"20056","riotous",44,86705664,99.66
"20057","singed",44,86705708,99.66
"20058","spurious",44,86705752,99.66
"20059","squalid",44,86705796,99.66
"20060","stewardess",44,86705840,99.66
"20061","stodgy",44,86705884,99.66
"20062","stormwind",44,86705928,99.66
"20063","stranding",44,86705972,99.66
"20064","suitability",44,86706016,99.66
"20065","surveyor",44,86706060,99.66
"20066","tacking",44,86706104,99.66
"20067","tamp",44,86706148,99.66
"20068","tapering",44,86706192,99.66
"20069","thro",44,86706236,99.66
"20070","unanticipated",44,86706280,99.66
"20071","unbound",44,86706324,99.66
"20072","unconsciousness",44,86706368,99.66
"20073","unmanageable",44,86706412,99.66
"20074","untangle",44,86706456,99.66
"20075","uproot",44,86706500,99.66
"20076","uterine",44,86706544,99.66
"20077","verbiage",44,86706588,99.66
"20078","verity",44,86706632,99.66
"20079","vicarious",44,86706676,99.66
"20080","vintner",44,86706720,99.66
"20081","waft",44,86706764,99.66
"20082","watchtower",44,86706808,99.66
"20083","whiteside",44,86706852,99.66
"20084","zander",44,86706896,99.66
"20085","admissible",43,86706939,99.66
"20086","amusingly",43,86706982,99.66
"20087","anticlimactic",43,86707025,99.66
"20088","arguable",43,86707068,99.66
"20089","asunder",43,86707111,99.66
"20090","automaton",43,86707154,99.66
"20091","bally",43,86707197,99.66
"20092","bemoaning",43,86707240,99.66
"20093","berkowitz",43,86707283,99.66
"20094","besotted",43,86707326,99.66
"20095","biennium",43,86707369,99.66
"20096","biosphere",43,86707412,99.66
"20097","bis",43,86707455,99.66
"20098","bookie",43,86707498,99.66
"20099","bootstrap",43,86707541,99.66
"20100","broach",43,86707584,99.66
"20101","brogan",43,86707627,99.66
"20102","cassis",43,86707670,99.66
"20103","celluloid",43,86707713,99.66
"20104","cheep",43,86707756,99.66
"20105","chicory",43,86707799,99.66
"20106","christen",43,86707842,99.66
"20107","clincher",43,86707885,99.66
"20108","clumsily",43,86707928,99.66
"20109","colic",43,86707971,99.66
"20110","confederation",43,86708014,99.66
"20111","confounded",43,86708057,99.66
"20112","contractually",43,86708100,99.66
"20113","contrition",43,86708143,99.66
"20114","convection",43,86708186,99.66
"20115","countryman",43,86708229,99.66
"20116","croc",43,86708272,99.66
"20117","croydon",43,86708315,99.66
"20118","culpa",43,86708358,99.66
"20119","debunk",43,86708401,99.66
"20120","decayed",43,86708444,99.66
"20121","decibel",43,86708487,99.66
"20122","demonstrably",43,86708530,99.66
"20123","digestible",43,86708573,99.66
"20124","dinnerware",43,86708616,99.66
"20125","dislocation",43,86708659,99.66
"20126","douse",43,86708702,99.66
"20127","drinkability",43,86708745,99.66
"20128","drooping",43,86708788,99.66
"20129","dunst",43,86708831,99.66
"20130","ecclesiastical",43,86708874,99.66
"20131","effeminate",43,86708917,99.66
"20132","effigy",43,86708960,99.66
"20133","embroider",43,86709003,99.66
"20134","exterminator",43,86709046,99.66
"20135","fishtail",43,86709089,99.66
"20136","fistful",43,86709132,99.66
"20137","fixable",43,86709175,99.66
"20138","flitting",43,86709218,99.66
"20139","galvanize",43,86709261,99.66
"20140","ghoulish",43,86709304,99.66
"20141","healthily",43,86709347,99.66
"20142","heckler",43,86709390,99.66
"20143","helmed",43,86709433,99.66
"20144","herbaceous",43,86709476,99.66
"20145","homesickness",43,86709519,99.66
"20146","humanize",43,86709562,99.66
"20147","immovable",43,86709605,99.66
"20148","incubation",43,86709648,99.66
"20149","indemnity",43,86709691,99.66
"20150","inflected",43,86709734,99.66
"20151","inhumanity",43,86709777,99.66
"20152","insensitivity",43,86709820,99.66
"20153","insipid",43,86709863,99.66
"20154","intergovernmental",43,86709906,99.66
"20155","inventiveness",43,86709949,99.66
"20156","jealously",43,86709992,99.66
"20157","julienne",43,86710035,99.66
"20158","labrum",43,86710078,99.66
"20159","letterhead",43,86710121,99.66
"20160","levity",43,86710164,99.66
"20161","lichen",43,86710207,99.66
"20162","locality",43,86710250,99.66
"20163","lodgings",43,86710293,99.66
"20164","lop",43,86710336,99.66
"20165","lovesick",43,86710379,99.66
"20166","lumberjack",43,86710422,99.66
"20167","maam",43,86710465,99.66
"20168","mediate",43,86710508,99.66
"20169","milt",43,86710551,99.66
"20170","misted",43,86710594,99.66
"20171","mitty",43,86710637,99.66
"20172","monorail",43,86710680,99.66
"20173","musicality",43,86710723,99.66
"20174","neti",43,86710766,99.66
"20175","noncommittal",43,86710809,99.66
"20176","outflow",43,86710852,99.66
"20177","pallone",43,86710895,99.66
"20178","passivity",43,86710938,99.66
"20179","pentathlon",43,86710981,99.66
"20180","perennially",43,86711024,99.66
"20181","perfunctory",43,86711067,99.66
"20182","photon",43,86711110,99.66
"20183","pino",43,86711153,99.66
"20184","plaintive",43,86711196,99.66
"20185","profusion",43,86711239,99.66
"20186","rabbinical",43,86711282,99.66
"20187","rach",43,86711325,99.66
"20188","radon",43,86711368,99.66
"20189","rawhide",43,86711411,99.66
"20190","reedy",43,86711454,99.66
"20191","repress",43,86711497,99.66
"20192","retaliatory",43,86711540,99.66
"20193","revocable",43,86711583,99.66
"20194","sandalwood",43,86711626,99.66
"20195","scaly",43,86711669,99.66
"20196","selflessly",43,86711712,99.66
"20197","semifinalist",43,86711755,99.66
"20198","shelve",43,86711798,99.66
"20199","shopkeeper",43,86711841,99.66
"20200","shuttering",43,86711884,99.67
"20201","smelter",43,86711927,99.67
"20202","smokeless",43,86711970,99.67
"20203","smugly",43,86712013,99.67
"20204","stipulate",43,86712056,99.67
"20205","strop",43,86712099,99.67
"20206","stylishly",43,86712142,99.67
"20207","symptomatic",43,86712185,99.67
"20208","tarantula",43,86712228,99.67
"20209","televise",43,86712271,99.67
"20210","tellingly",43,86712314,99.67
"20211","thoo",43,86712357,99.67
"20212","thwarting",43,86712400,99.67
"20213","tink",43,86712443,99.67
"20214","transistor",43,86712486,99.67
"20215","triumphantly",43,86712529,99.67
"20216","turret",43,86712572,99.67
"20217","unambiguous",43,86712615,99.67
"20218","universalist",43,86712658,99.67
"20219","unmitigated",43,86712701,99.67
"20220","unmoved",43,86712744,99.67
"20221","unpunished",43,86712787,99.67
"20222","uptake",43,86712830,99.67
"20223","urbane",43,86712873,99.67
"20224","urination",43,86712916,99.67
"20225","vert",43,86712959,99.67
"20226","wart",43,86713002,99.67
"20227","whither",43,86713045,99.67
"20228","woolen",43,86713088,99.67
"20229","yapping",43,86713131,99.67
"20230","yellowtail",43,86713174,99.67
"20231","yor",43,86713217,99.67
"20232","aardvark",42,86713259,99.67
"20233","achingly",42,86713301,99.67
"20234","adverb",42,86713343,99.67
"20235","agarwal",42,86713385,99.67
"20236","applicator",42,86713427,99.67
"20237","assent",42,86713469,99.67
"20238","azteca",42,86713511,99.67
"20239","berm",42,86713553,99.67
"20240","bittering",42,86713595,99.67
"20241","blackface",42,86713637,99.67
"20242","blackie",42,86713679,99.67
"20243","blacking",42,86713721,99.67
"20244","bolting",42,86713763,99.67
"20245","bramble",42,86713805,99.67
"20246","brawn",42,86713847,99.67
"20247","breathy",42,86713889,99.67
"20248","bulbous",42,86713931,99.67
"20249","caprice",42,86713973,99.67
"20250","carat",42,86714015,99.67
"20251","circuitous",42,86714057,99.67
"20252","clarendon",42,86714099,99.67
"20253","claustrophobia",42,86714141,99.67
"20254","cogent",42,86714183,99.67
"20255","colloquium",42,86714225,99.67
"20256","combustible",42,86714267,99.67
"20257","commendation",42,86714309,99.67
"20258","comprehensible",42,86714351,99.67
"20259","consequent",42,86714393,99.67
"20260","costuming",42,86714435,99.67
"20261","craftiness",42,86714477,99.67
"20262","credulity",42,86714519,99.67
"20263","cymbal",42,86714561,99.67
"20264","decimate",42,86714603,99.67
"20265","deflation",42,86714645,99.67
"20266","demean",42,86714687,99.67
"20267","diffusion",42,86714729,99.67
"20268","dipper",42,86714771,99.67
"20269","distiller",42,86714813,99.67
"20270","encapsulate",42,86714855,99.67
"20271","endearment",42,86714897,99.67
"20272","excusing",42,86714939,99.67
"20273","facile",42,86714981,99.67
"20274","facilitation",42,86715023,99.67
"20275","faithless",42,86715065,99.67
"20276","feign",42,86715107,99.67
"20277","freehand",42,86715149,99.67
"20278","frothing",42,86715191,99.67
"20279","gonorrhea",42,86715233,99.67
"20280","gooding",42,86715275,99.67
"20281","gossamer",42,86715317,99.67
"20282","granular",42,86715359,99.67
"20283","gynecology",42,86715401,99.67
"20284","hangman",42,86715443,99.67
"20285","heatproof",42,86715485,99.67
"20286","hep",42,86715527,99.67
"20287","hetero",42,86715569,99.67
"20288","homeopathy",42,86715611,99.67
"20289","hopi",42,86715653,99.67
"20290","humpback",42,86715695,99.67
"20291","impeding",42,86715737,99.67
"20292","impulsively",42,86715779,99.67
"20293","inclusiveness",42,86715821,99.67
"20294","inhospitable",42,86715863,99.67
"20295","injectable",42,86715905,99.67
"20296","insecticide",42,86715947,99.67
"20297","interject",42,86715989,99.67
"20298","keyhole",42,86716031,99.67
"20299","kish",42,86716073,99.67
"20300","lamping",42,86716115,99.67
"20301","lasher",42,86716157,99.67
"20302","libretto",42,86716199,99.67
"20303","lovelock",42,86716241,99.67
"20304","magma",42,86716283,99.67
"20305","marquise",42,86716325,99.67
"20306","massa",42,86716367,99.67
"20307","matchy",42,86716409,99.67
"20308","mew",42,86716451,99.67
"20309","minny",42,86716493,99.67
"20310","mire",42,86716535,99.67
"20311","misbehave",42,86716577,99.67
"20312","missive",42,86716619,99.67
"20313","morgenstern",42,86716661,99.67
"20314","mottled",42,86716703,99.67
"20315","netter",42,86716745,99.67
"20316","ona",42,86716787,99.67
"20317","orchestration",42,86716829,99.67
"20318","ortho",42,86716871,99.67
"20319","overpay",42,86716913,99.67
"20320","overstock",42,86716955,99.67
"20321","oxidation",42,86716997,99.67
"20322","parishioner",42,86717039,99.67
"20323","pigmentation",42,86717081,99.67
"20324","pinhead",42,86717123,99.67
"20325","plantar",42,86717165,99.67
"20326","plexus",42,86717207,99.67
"20327","plunger",42,86717249,99.67
"20328","polemic",42,86717291,99.67
"20329","poltergeist",42,86717333,99.67
"20330","portly",42,86717375,99.67
"20331","pusher",42,86717417,99.67
"20332","rapturous",42,86717459,99.67
"20333","ravishing",42,86717501,99.67
"20334","reconvene",42,86717543,99.67
"20335","redden",42,86717585,99.67
"20336","refurbish",42,86717627,99.67
"20337","repose",42,86717669,99.67
"20338","richt",42,86717711,99.67
"20339","roadster",42,86717753,99.67
"20340","rollback",42,86717795,99.67
"20341","roping",42,86717837,99.67
"20342","rotational",42,86717879,99.67
"20343","septa",42,86717921,99.67
"20344","signer",42,86717963,99.67
"20345","sime",42,86718005,99.67
"20346","slive",42,86718047,99.67
"20347","smidgen",42,86718089,99.67
"20348","snape",42,86718131,99.67
"20349","someway",42,86718173,99.67
"20350","sourness",42,86718215,99.67
"20351","spasm",42,86718257,99.67
"20352","sperling",42,86718299,99.67
"20353","stephane",42,86718341,99.67
"20354","sunbeam",42,86718383,99.67
"20355","supercharged",42,86718425,99.67
"20356","superwoman",42,86718467,99.67
"20357","surety",42,86718509,99.67
"20358","surmised",42,86718551,99.67
"20359","svelte",42,86718593,99.67
"20360","telepathy",42,86718635,99.67
"20361","temblor",42,86718677,99.67
"20362","terrifically",42,86718719,99.67
"20363","tinnitus",42,86718761,99.67
"20364","tiptoe",42,86718803,99.67
"20365","truffled",42,86718845,99.67
"20366","tuner",42,86718887,99.67
"20367","tush",42,86718929,99.67
"20368","unnaturally",42,86718971,99.67
"20369","unprocessed",42,86719013,99.67
"20370","unreachable",42,86719055,99.67
"20371","urbanism",42,86719097,99.67
"20372","urology",42,86719139,99.67
"20373","voided",42,86719181,99.67
"20374","voyeurism",42,86719223,99.67
"20375","vulgarity",42,86719265,99.67
"20376","weathering",42,86719307,99.67
"20377","whizzing",42,86719349,99.67
"20378","windup",42,86719391,99.67
"20379","wolfram",42,86719433,99.67
"20380","worsted",42,86719475,99.67
"20381","yellowish",42,86719517,99.67
"20382","yest",42,86719559,99.67
"20383","zed",42,86719601,99.67
"20384","zoology",42,86719643,99.67
"20385","abnormality",41,86719684,99.67
"20386","acquiescence",41,86719725,99.67
"20387","alfa",41,86719766,99.67
"20388","allegiant",41,86719807,99.67
"20389","antiwar",41,86719848,99.67
"20390","aphrodisiac",41,86719889,99.67
"20391","approximation",41,86719930,99.67
"20392","asper",41,86719971,99.67
"20393","banshee",41,86720012,99.67
"20394","barra",41,86720053,99.67
"20395","bazooka",41,86720094,99.67
"20396","beamer",41,86720135,99.67
"20397","beekeeper",41,86720176,99.67
"20398","belie",41,86720217,99.67
"20399","bloomers",41,86720258,99.67
"20400","brainless",41,86720299,99.67
"20401","bunted",41,86720340,99.67
"20402","businesslike",41,86720381,99.67
"20403","cade",41,86720422,99.67
"20404","carbo",41,86720463,99.67
"20405","carina",41,86720504,99.67
"20406","chaff",41,86720545,99.67
"20407","chieftain",41,86720586,99.68
"20408","circulator",41,86720627,99.68
"20409","coerce",41,86720668,99.68
"20410","colloquial",41,86720709,99.68
"20411","conciliatory",41,86720750,99.68
"20412","couched",41,86720791,99.68
"20413","crevice",41,86720832,99.68
"20414","crinkle",41,86720873,99.68
"20415","crooning",41,86720914,99.68
"20416","cylindrical",41,86720955,99.68
"20417","demonstrable",41,86720996,99.68
"20418","desecration",41,86721037,99.68
"20419","dewy",41,86721078,99.68
"20420","dislodge",41,86721119,99.68
"20421","disordered",41,86721160,99.68
"20422","distinguishable",41,86721201,99.68
"20423","driest",41,86721242,99.68
"20424","effusive",41,86721283,99.68
"20425","eggshell",41,86721324,99.68
"20426","eggy",41,86721365,99.68
"20427","eme",41,86721406,99.68
"20428","endeared",41,86721447,99.68
"20429","escarole",41,86721488,99.68
"20430","explosiveness",41,86721529,99.68
"20431","forethought",41,86721570,99.68
"20432","fornication",41,86721611,99.68
"20433","fracas",41,86721652,99.68
"20434","fringed",41,86721693,99.68
"20435","frumpy",41,86721734,99.68
"20436","gastronomic",41,86721775,99.68
"20437","governorship",41,86721816,99.68
"20438","hackman",41,86721857,99.68
"20439","hain",41,86721898,99.68
"20440","havel",41,86721939,99.68
"20441","higdon",41,86721980,99.68
"20442","hight",41,86722021,99.68
"20443","hooch",41,86722062,99.68
"20444","hoppers",41,86722103,99.68
"20445","horrifically",41,86722144,99.68
"20446","hysterectomy",41,86722185,99.68
"20447","hysterics",41,86722226,99.68
"20448","iceman",41,86722267,99.68
"20449","importation",41,86722308,99.68
"20450","incalculable",41,86722349,99.68
"20451","incredulously",41,86722390,99.68
"20452","indeterminate",41,86722431,99.68
"20453","indignity",41,86722472,99.68
"20454","inequity",41,86722513,99.68
"20455","infantile",41,86722554,99.68
"20456","interrogate",41,86722595,99.68
"20457","irrepressible",41,86722636,99.68
"20458","irrevocably",41,86722677,99.68
"20459","jubilation",41,86722718,99.68
"20460","kerner",41,86722759,99.68
"20461","lamprey",41,86722800,99.68
"20462","lanyard",41,86722841,99.68
"20463","leaven",41,86722882,99.68
"20464","liana",41,86722923,99.68
"20465","longish",41,86722964,99.68
"20466","lymphatic",41,86723005,99.68
"20467","manganese",41,86723046,99.68
"20468","marathoner",41,86723087,99.68
"20469","marconi",41,86723128,99.68
"20470","materialist",41,86723169,99.68
"20471","materially",41,86723210,99.68
"20472","meekly",41,86723251,99.68
"20473","minstrel",41,86723292,99.68
"20474","mishmash",41,86723333,99.68
"20475","monogamy",41,86723374,99.68
"20476","moralism",41,86723415,99.68
"20477","morass",41,86723456,99.68
"20478","nebulous",41,86723497,99.68
"20479","nectarine",41,86723538,99.68
"20480","neophyte",41,86723579,99.68
"20481","observable",41,86723620,99.68
"20482","olivet",41,86723661,99.68
"20483","oppressor",41,86723702,99.68
"20484","outlive",41,86723743,99.68
"20485","perchance",41,86723784,99.68
"20486","phenomenally",41,86723825,99.68
"20487","piglet",41,86723866,99.68
"20488","platten",41,86723907,99.68
"20489","pon",41,86723948,99.68
"20490","porterhouse",41,86723989,99.68
"20491","prayerfully",41,86724030,99.68
"20492","pried",41,86724071,99.68
"20493","pudge",41,86724112,99.68
"20494","raff",41,86724153,99.68
"20495","ratty",41,86724194,99.68
"20496","razorback",41,86724235,99.68
"20497","reintroduce",41,86724276,99.68
"20498","relevancy",41,86724317,99.68
"20499","remuneration",41,86724358,99.68
"20500","replaceable",41,86724399,99.68
"20501","replenishment",41,86724440,99.68
"20502","reportage",41,86724481,99.68
"20503","representational",41,86724522,99.68
"20504","retouching",41,86724563,99.68
"20505","roughness",41,86724604,99.68
"20506","rupee",41,86724645,99.68
"20507","sacrilege",41,86724686,99.68
"20508","sar",41,86724727,99.68
"20509","scrawl",41,86724768,99.68
"20510","seedling",41,86724809,99.68
"20511","sext",41,86724850,99.68
"20512","shebang",41,86724891,99.68
"20513","shrubbery",41,86724932,99.68
"20514","shuffleboard",41,86724973,99.68
"20515","sipe",41,86725014,99.68
"20516","sitar",41,86725055,99.68
"20517","slumbering",41,86725096,99.68
"20518","snell",41,86725137,99.68
"20519","sorrel",41,86725178,99.68
"20520","starling",41,86725219,99.68
"20521","steerage",41,86725260,99.68
"20522","sunburst",41,86725301,99.68
"20523","sunlit",41,86725342,99.68
"20524","syllabi",41,86725383,99.68
"20525","tamer",41,86725424,99.68
"20526","taxidermy",41,86725465,99.68
"20527","tekken",41,86725506,99.68
"20528","thereabouts",41,86725547,99.68
"20529","threadbare",41,86725588,99.68
"20530","tinned",41,86725629,99.68
"20531","titillating",41,86725670,99.68
"20532","toothy",41,86725711,99.68
"20533","treacle",41,86725752,99.68
"20534","uncluttered",41,86725793,99.68
"20535","uninjured",41,86725834,99.68
"20536","unleaded",41,86725875,99.68
"20537","unschool",41,86725916,99.68
"20538","untoward",41,86725957,99.68
"20539","upend",41,86725998,99.68
"20540","uppity",41,86726039,99.68
"20541","vane",41,86726080,99.68
"20542","warship",41,86726121,99.68
"20543","waterlogged",41,86726162,99.68
"20544","waterproofing",41,86726203,99.68
"20545","wetness",41,86726244,99.68
"20546","winsome",41,86726285,99.68
"20547","wriggle",41,86726326,99.68
"20548","ach",40,86726366,99.68
"20549","adornment",40,86726406,99.68
"20550","aeronautics",40,86726446,99.68
"20551","ambulatory",40,86726486,99.68
"20552","anoint",40,86726526,99.68
"20553","authoritarianism",40,86726566,99.68
"20554","baal",40,86726606,99.68
"20555","ballistics",40,86726646,99.68
"20556","barracuda",40,86726686,99.68
"20557","basset",40,86726726,99.68
"20558","beautification",40,86726766,99.68
"20559","bedridden",40,86726806,99.68
"20560","bolero",40,86726846,99.68
"20561","brandywine",40,86726886,99.68
"20562","brawny",40,86726926,99.68
"20563","broomstick",40,86726966,99.68
"20564","burka",40,86727006,99.68
"20565","capitulation",40,86727046,99.68
"20566","capper",40,86727086,99.68
"20567","carafe",40,86727126,99.68
"20568","carcinoma",40,86727166,99.68
"20569","carrick",40,86727206,99.68
"20570","centaurus",40,86727246,99.68
"20571","changeable",40,86727286,99.68
"20572","chevalier",40,86727326,99.68
"20573","concentric",40,86727366,99.68
"20574","contiguous",40,86727406,99.68
"20575","counterattack",40,86727446,99.68
"20576","counterbalance",40,86727486,99.68
"20577","cower",40,86727526,99.68
"20578","crackled",40,86727566,99.68
"20579","creepiness",40,86727606,99.68
"20580","crooner",40,86727646,99.68
"20581","culpability",40,86727686,99.68
"20582","daffy",40,86727726,99.68
"20583","diaphragm",40,86727766,99.68
"20584","diorama",40,86727806,99.68
"20585","distinctively",40,86727846,99.68
"20586","doss",40,86727886,99.68
"20587","doty",40,86727926,99.68
"20588","drawdown",40,86727966,99.68
"20589","drippy",40,86728006,99.68
"20590","elegy",40,86728046,99.68
"20591","ess",40,86728086,99.68
"20592","excelsior",40,86728126,99.68
"20593","expressionism",40,86728166,99.68
"20594","fae",40,86728206,99.68
"20595","farmstead",40,86728246,99.68
"20596","featherweight",40,86728286,99.68
"20597","fieldwork",40,86728326,99.68
"20598","figurehead",40,86728366,99.68
"20599","figurine",40,86728406,99.68
"20600","forefinger",40,86728446,99.68
"20601","freedman",40,86728486,99.68
"20602","ginseng",40,86728526,99.68
"20603","grassland",40,86728566,99.68
"20604","gravelly",40,86728606,99.68
"20605","gravestone",40,86728646,99.68
"20606","grifter",40,86728686,99.68
"20607","haymarket",40,86728726,99.68
"20608","heparin",40,86728766,99.68
"20609","hing",40,86728806,99.68
"20610","hugger",40,86728846,99.68
"20611","illustrative",40,86728886,99.68
"20612","immaculately",40,86728926,99.68
"20613","impartiality",40,86728966,99.68
"20614","impressionistic",40,86729006,99.68
"20615","indebtedness",40,86729046,99.68
"20616","influencer",40,86729086,99.68
"20617","innkeeper",40,86729126,99.68
"20618","instigate",40,86729166,99.68
"20619","interagency",40,86729206,99.68
"20620","intercepting",40,86729246,99.68
"20621","interstellar",40,86729286,99.69
"20622","irresistibly",40,86729326,99.69
"20623","kaput",40,86729366,99.69
"20624","kisser",40,86729406,99.69
"20625","laughably",40,86729446,99.69
"20626","launder",40,86729486,99.69
"20627","leeches",40,86729526,99.69
"20628","legitimize",40,86729566,99.69
"20629","leotard",40,86729606,99.69
"20630","ley",40,86729646,99.69
"20631","lifelike",40,86729686,99.69
"20632","likability",40,86729726,99.69
"20633","lockup",40,86729766,99.69
"20634","madcap",40,86729806,99.69
"20635","matting",40,86729846,99.69
"20636","merman",40,86729886,99.69
"20637","microbial",40,86729926,99.69
"20638","midyear",40,86729966,99.69
"20639","mortally",40,86730006,99.69
"20640","mullets",40,86730046,99.69
"20641","multidimensional",40,86730086,99.69
"20642","multiverse",40,86730126,99.69
"20643","naturalism",40,86730166,99.69
"20644","nihilism",40,86730206,99.69
"20645","obtuse",40,86730246,99.69
"20646","opacity",40,86730286,99.69
"20647","optimistically",40,86730326,99.69
"20648","overlaid",40,86730366,99.69
"20649","overreaching",40,86730406,99.69
"20650","oversold",40,86730446,99.69
"20651","patchouli",40,86730486,99.69
"20652","persevering",40,86730526,99.69
"20653","pitter",40,86730566,99.69
"20654","platelet",40,86730606,99.69
"20655","preform",40,86730646,99.69
"20656","prejudicial",40,86730686,99.69
"20657","primavera",40,86730726,99.69
"20658","racecourse",40,86730766,99.69
"20659","rager",40,86730806,99.69
"20660","reappearance",40,86730846,99.69
"20661","rebut",40,86730886,99.69
"20662","reflector",40,86730926,99.69
"20663","reis",40,86730966,99.69
"20664","ria",40,86731006,99.69
"20665","roofer",40,86731046,99.69
"20666","sachet",40,86731086,99.69
"20667","saic",40,86731126,99.69
"20668","salivate",40,86731166,99.69
"20669","scab",40,86731206,99.69
"20670","seer",40,86731246,99.69
"20671","selah",40,86731286,99.69
"20672","septum",40,86731326,99.69
"20673","shearer",40,86731366,99.69
"20674","shyly",40,86731406,99.69
"20675","sinuous",40,86731446,99.69
"20676","sloped",40,86731486,99.69
"20677","smugness",40,86731526,99.69
"20678","sneering",40,86731566,99.69
"20679","sori",40,86731606,99.69
"20680","spherical",40,86731646,99.69
"20681","spica",40,86731686,99.69
"20682","spiro",40,86731726,99.69
"20683","spitfire",40,86731766,99.69
"20684","sprayer",40,86731806,99.69
"20685","squeaking",40,86731846,99.69
"20686","stealer",40,86731886,99.69
"20687","surrealism",40,86731926,99.69
"20688","swishing",40,86731966,99.69
"20689","tapper",40,86732006,99.69
"20690","taproom",40,86732046,99.69
"20691","tarsus",40,86732086,99.69
"20692","terrarium",40,86732126,99.69
"20693","theologically",40,86732166,99.69
"20694","travail",40,86732206,99.69
"20695","traversed",40,86732246,99.69
"20696","unaccountable",40,86732286,99.69
"20697","unbeliever",40,86732326,99.69
"20698","unbleached",40,86732366,99.69
"20699","uncensored",40,86732406,99.69
"20700","uninhabitable",40,86732446,99.69
"20701","uninhabited",40,86732486,99.69
"20702","unranked",40,86732526,99.69
"20703","unsanitary",40,86732566,99.69
"20704","verbose",40,86732606,99.69
"20705","vestige",40,86732646,99.69
"20706","vibrato",40,86732686,99.69
"20707","waterside",40,86732726,99.69
"20708","wench",40,86732766,99.69
"20709","whacking",40,86732806,99.69
"20710","winkle",40,86732846,99.69
"20711","wisp",40,86732886,99.69
"20712","workroom",40,86732926,99.69
"20713","wormhole",40,86732966,99.69
"20714","yellowing",40,86733006,99.69
"20715","abolitionist",39,86733045,99.69
"20716","acerbic",39,86733084,99.69
"20717","acuity",39,86733123,99.69
"20718","agrarian",39,86733162,99.69
"20719","alabaster",39,86733201,99.69
"20720","amply",39,86733240,99.69
"20721","angostura",39,86733279,99.69
"20722","animus",39,86733318,99.69
"20723","annihilate",39,86733357,99.69
"20724","antipathy",39,86733396,99.69
"20725","arjun",39,86733435,99.69
"20726","armoire",39,86733474,99.69
"20727","astringent",39,86733513,99.69
"20728","audibly",39,86733552,99.69
"20729","avenging",39,86733591,99.69
"20730","badness",39,86733630,99.69
"20731","benching",39,86733669,99.69
"20732","birdy",39,86733708,99.69
"20733","bludgeon",39,86733747,99.69
"20734","bobbed",39,86733786,99.69
"20735","bodybuilder",39,86733825,99.69
"20736","boggy",39,86733864,99.69
"20737","boxcar",39,86733903,99.69
"20738","brainwash",39,86733942,99.69
"20739","broadside",39,86733981,99.69
"20740","callow",39,86734020,99.69
"20741","cleat",39,86734059,99.69
"20742","cloistered",39,86734098,99.69
"20743","cohesiveness",39,86734137,99.69
"20744","concealment",39,86734176,99.69
"20745","crabbing",39,86734215,99.69
"20746","cradling",39,86734254,99.69
"20747","crawley",39,86734293,99.69
"20748","crudely",39,86734332,99.69
"20749","deactivate",39,86734371,99.69
"20750","decomposed",39,86734410,99.69
"20751","deliriously",39,86734449,99.69
"20752","dern",39,86734488,99.69
"20753","devonshire",39,86734527,99.69
"20754","dinghy",39,86734566,99.69
"20755","disarmed",39,86734605,99.69
"20756","disinfectant",39,86734644,99.69
"20757","divest",39,86734683,99.69
"20758","earnestness",39,86734722,99.69
"20759","ecologically",39,86734761,99.69
"20760","electable",39,86734800,99.69
"20761","encroachment",39,86734839,99.69
"20762","endocrinologist",39,86734878,99.69
"20763","entomologist",39,86734917,99.69
"20764","exterminate",39,86734956,99.69
"20765","falsification",39,86734995,99.69
"20766","fearlessly",39,86735034,99.69
"20767","fearlessness",39,86735073,99.69
"20768","finery",39,86735112,99.69
"20769","flippant",39,86735151,99.69
"20770","forbearance",39,86735190,99.69
"20771","frisk",39,86735229,99.69
"20772","girdle",39,86735268,99.69
"20773","graff",39,86735307,99.69
"20774","greedily",39,86735346,99.69
"20775","guile",39,86735385,99.69
"20776","hallucinatory",39,86735424,99.69
"20777","harpist",39,86735463,99.69
"20778","headgear",39,86735502,99.69
"20779","highball",39,86735541,99.69
"20780","hiro",39,86735580,99.69
"20781","hoedown",39,86735619,99.69
"20782","hurler",39,86735658,99.69
"20783","illiteracy",39,86735697,99.69
"20784","indentured",39,86735736,99.69
"20785","indistinct",39,86735775,99.69
"20786","infertile",39,86735814,99.69
"20787","inflationary",39,86735853,99.69
"20788","instrumentalist",39,86735892,99.69
"20789","interleague",39,86735931,99.69
"20790","intruding",39,86735970,99.69
"20791","jami",39,86736009,99.69
"20792","kamikaze",39,86736048,99.69
"20793","lain",39,86736087,99.69
"20794","lapped",39,86736126,99.69
"20795","lawman",39,86736165,99.69
"20796","laxative",39,86736204,99.69
"20797","leprosy",39,86736243,99.69
"20798","lister",39,86736282,99.69
"20799","manipulator",39,86736321,99.69
"20800","masjid",39,86736360,99.69
"20801","masterwork",39,86736399,99.69
"20802","maudlin",39,86736438,99.69
"20803","menacingly",39,86736477,99.69
"20804","meshed",39,86736516,99.69
"20805","modulation",39,86736555,99.69
"20806","naivety",39,86736594,99.69
"20807","nihilistic",39,86736633,99.69
"20808","nosebleed",39,86736672,99.69
"20809","numero",39,86736711,99.69
"20810","nuptial",39,86736750,99.69
"20811","obsidian",39,86736789,99.69
"20812","offhand",39,86736828,99.69
"20813","outbid",39,86736867,99.69
"20814","outlay",39,86736906,99.69
"20815","palomino",39,86736945,99.69
"20816","paucity",39,86736984,99.69
"20817","perceptual",39,86737023,99.69
"20818","pereira",39,86737062,99.69
"20819","pestilence",39,86737101,99.69
"20820","piquant",39,86737140,99.69
"20821","playwriting",39,86737179,99.69
"20822","pluralism",39,86737218,99.69
"20823","poco",39,86737257,99.69
"20824","portraiture",39,86737296,99.69
"20825","profitably",39,86737335,99.69
"20826","promulgate",39,86737374,99.69
"20827","puncher",39,86737413,99.69
"20828","qua",39,86737452,99.69
"20829","quadriceps",39,86737491,99.69
"20830","ragtag",39,86737530,99.69
"20831","receptacle",39,86737569,99.69
"20832","regenerative",39,86737608,99.69
"20833","reprisal",39,86737647,99.69
"20834","retell",39,86737686,99.69
"20835","risque",39,86737725,99.69
"20836","sapa",39,86737764,99.69
"20837","savanna",39,86737803,99.69
"20838","schooner",39,86737842,99.69
"20839","seesaw",39,86737881,99.69
"20840","sevenfold",39,86737920,99.69
"20841","shill",39,86737959,99.69
"20842","showboat",39,86737998,99.7
"20843","slipknot",39,86738037,99.7
"20844","smuggler",39,86738076,99.7
"20845","soe",39,86738115,99.7
"20846","softener",39,86738154,99.7
"20847","spindly",39,86738193,99.7
"20848","spry",39,86738232,99.7
"20849","squaring",39,86738271,99.7
"20850","squatted",39,86738310,99.7
"20851","squirting",39,86738349,99.7
"20852","subcontractor",39,86738388,99.7
"20853","sware",39,86738427,99.7
"20854","swooned",39,86738466,99.7
"20855","toi",39,86738505,99.7
"20856","topiary",39,86738544,99.7
"20857","tributary",39,86738583,99.7
"20858","trig",39,86738622,99.7
"20859","trine",39,86738661,99.7
"20860","unconnected",39,86738700,99.7
"20861","uninhibited",39,86738739,99.7
"20862","unspoiled",39,86738778,99.7
"20863","unstuck",39,86738817,99.7
"20864","unvarnished",39,86738856,99.7
"20865","upriver",39,86738895,99.7
"20866","usurp",39,86738934,99.7
"20867","vaccinate",39,86738973,99.7
"20868","vela",39,86739012,99.7
"20869","vespers",39,86739051,99.7
"20870","viewable",39,86739090,99.7
"20871","vim",39,86739129,99.7
"20872","wattage",39,86739168,99.7
"20873","willies",39,86739207,99.7
"20874","yuletide",39,86739246,99.7
"20875","adoptee",38,86739284,99.7
"20876","afore",38,86739322,99.7
"20877","anthropomorphic",38,86739360,99.7
"20878","antithetical",38,86739398,99.7
"20879","apothecary",38,86739436,99.7
"20880","arsonist",38,86739474,99.7
"20881","astrologer",38,86739512,99.7
"20882","attired",38,86739550,99.7
"20883","backstretch",38,86739588,99.7
"20884","bap",38,86739626,99.7
"20885","batsman",38,86739664,99.7
"20886","beady",38,86739702,99.7
"20887","bicarbonate",38,86739740,99.7
"20888","billiard",38,86739778,99.7
"20889","blindingly",38,86739816,99.7
"20890","botch",38,86739854,99.7
"20891","bouche",38,86739892,99.7
"20892","chairmanship",38,86739930,99.7
"20893","cholla",38,86739968,99.7
"20894","choosy",38,86740006,99.7
"20895","cipher",38,86740044,99.7
"20896","coldly",38,86740082,99.7
"20897","commandant",38,86740120,99.7
"20898","compacted",38,86740158,99.7
"20899","conceptually",38,86740196,99.7
"20900","conditionally",38,86740234,99.7
"20901","consoling",38,86740272,99.7
"20902","contentedly",38,86740310,99.7
"20903","corah",38,86740348,99.7
"20904","cornel",38,86740386,99.7
"20905","corning",38,86740424,99.7
"20906","cowherd",38,86740462,99.7
"20907","cowl",38,86740500,99.7
"20908","crisscross",38,86740538,99.7
"20909","cutlet",38,86740576,99.7
"20910","denigrate",38,86740614,99.7
"20911","dereliction",38,86740652,99.7
"20912","deride",38,86740690,99.7
"20913","diffused",38,86740728,99.7
"20914","disconnection",38,86740766,99.7
"20915","disguising",38,86740804,99.7
"20916","disloyal",38,86740842,99.7
"20917","drumline",38,86740880,99.7
"20918","ebullient",38,86740918,99.7
"20919","emotionless",38,86740956,99.7
"20920","equaling",38,86740994,99.7
"20921","equalization",38,86741032,99.7
"20922","especial",38,86741070,99.7
"20923","ethnography",38,86741108,99.7
"20924","evert",38,86741146,99.7
"20925","eying",38,86741184,99.7
"20926","farina",38,86741222,99.7
"20927","fib",38,86741260,99.7
"20928","frontage",38,86741298,99.7
"20929","ganga",38,86741336,99.7
"20930","gat",38,86741374,99.7
"20931","gentlemanly",38,86741412,99.7
"20932","geyser",38,86741450,99.7
"20933","ghoul",38,86741488,99.7
"20934","glace",38,86741526,99.7
"20935","gluttonous",38,86741564,99.7
"20936","glycerin",38,86741602,99.7
"20937","godlike",38,86741640,99.7
"20938","goulash",38,86741678,99.7
"20939","hackneyed",38,86741716,99.7
"20940","hasta",38,86741754,99.7
"20941","hesitantly",38,86741792,99.7
"20942","hexagon",38,86741830,99.7
"20943","humorist",38,86741868,99.7
"20944","idleness",38,86741906,99.7
"20945","infamously",38,86741944,99.7
"20946","infringer",38,86741982,99.7
"20947","inlaid",38,86742020,99.7
"20948","inwards",38,86742058,99.7
"20949","jabbed",38,86742096,99.7
"20950","jawbone",38,86742134,99.7
"20951","jiggly",38,86742172,99.7
"20952","kefir",38,86742210,99.7
"20953","labyrinthine",38,86742248,99.7
"20954","leaden",38,86742286,99.7
"20955","lifer",38,86742324,99.7
"20956","lingual",38,86742362,99.7
"20957","linguist",38,86742400,99.7
"20958","locket",38,86742438,99.7
"20959","loy",38,86742476,99.7
"20960","mallard",38,86742514,99.7
"20961","meng",38,86742552,99.7
"20962","menstruation",38,86742590,99.7
"20963","moralistic",38,86742628,99.7
"20964","multiplier",38,86742666,99.7
"20965","newfangled",38,86742704,99.7
"20966","oar",38,86742742,99.7
"20967","oolong",38,86742780,99.7
"20968","orator",38,86742818,99.7
"20969","ordinator",38,86742856,99.7
"20970","ordnance",38,86742894,99.7
"20971","ourself",38,86742932,99.7
"20972","outmoded",38,86742970,99.7
"20973","patentability",38,86743008,99.7
"20974","pathogen",38,86743046,99.7
"20975","pawnee",38,86743084,99.7
"20976","perfecto",38,86743122,99.7
"20977","perilously",38,86743160,99.7
"20978","petted",38,86743198,99.7
"20979","pith",38,86743236,99.7
"20980","postgraduate",38,86743274,99.7
"20981","prance",38,86743312,99.7
"20982","preparer",38,86743350,99.7
"20983","pretension",38,86743388,99.7
"20984","proliferate",38,86743426,99.7
"20985","propagandist",38,86743464,99.7
"20986","pus",38,86743502,99.7
"20987","quirkiness",38,86743540,99.7
"20988","radiated",38,86743578,99.7
"20989","ramrod",38,86743616,99.7
"20990","realign",38,86743654,99.7
"20991","rectal",38,86743692,99.7
"20992","redux",38,86743730,99.7
"20993","relent",38,86743768,99.7
"20994","repatriation",38,86743806,99.7
"20995","rescuer",38,86743844,99.7
"20996","rockfish",38,86743882,99.7
"20997","roebuck",38,86743920,99.7
"20998","rohan",38,86743958,99.7
"20999","saddling",38,86743996,99.7
"21000","sanguine",38,86744034,99.7
"21001","scads",38,86744072,99.7
"21002","scruff",38,86744110,99.7
"21003","scrupulous",38,86744148,99.7
"21004","secularism",38,86744186,99.7
"21005","selenium",38,86744224,99.7
"21006","sence",38,86744262,99.7
"21007","shallows",38,86744300,99.7
"21008","shipper",38,86744338,99.7
"21009","skee",38,86744376,99.7
"21010","sparred",38,86744414,99.7
"21011","splat",38,86744452,99.7
"21012","squelch",38,86744490,99.7
"21013","standardization",38,86744528,99.7
"21014","starboard",38,86744566,99.7
"21015","stopover",38,86744604,99.7
"21016","sumac",38,86744642,99.7
"21017","tarpon",38,86744680,99.7
"21018","terp",38,86744718,99.7
"21019","terrifyingly",38,86744756,99.7
"21020","theatrically",38,86744794,99.7
"21021","thieving",38,86744832,99.7
"21022","thrush",38,86744870,99.7
"21023","tine",38,86744908,99.7
"21024","tinkling",38,86744946,99.7
"21025","transcending",38,86744984,99.7
"21026","trifling",38,86745022,99.7
"21027","unaccompanied",38,86745060,99.7
"21028","uncollected",38,86745098,99.7
"21029","undeclared",38,86745136,99.7
"21030","undercutting",38,86745174,99.7
"21031","unenforceable",38,86745212,99.7
"21032","unfavorably",38,86745250,99.7
"21033","universality",38,86745288,99.7
"21034","unknowable",38,86745326,99.7
"21035","unobstructed",38,86745364,99.7
"21036","unturned",38,86745402,99.7
"21037","vitriolic",38,86745440,99.7
"21038","vociferous",38,86745478,99.7
"21039","voiceless",38,86745516,99.7
"21040","wacker",38,86745554,99.7
"21041","woodchuck",38,86745592,99.7
"21042","woolsey",38,86745630,99.7
"21043","yon",38,86745668,99.7
"21044","acapulco",37,86745705,99.7
"21045","adjourn",37,86745742,99.7
"21046","albacore",37,86745779,99.7
"21047","arn",37,86745816,99.7
"21048","assiduously",37,86745853,99.7
"21049","ast",37,86745890,99.7
"21050","beaker",37,86745927,99.7
"21051","bettering",37,86745964,99.7
"21052","bibb",37,86746001,99.7
"21053","biodynamic",37,86746038,99.7
"21054","blather",37,86746075,99.7
"21055","bookworm",37,86746112,99.7
"21056","brookside",37,86746149,99.7
"21057","bullhorn",37,86746186,99.7
"21058","cantankerous",37,86746223,99.7
"21059","chitty",37,86746260,99.7
"21060","clarinetist",37,86746297,99.7
"21061","colitis",37,86746334,99.7
"21062","colloidal",37,86746371,99.7
"21063","columbo",37,86746408,99.7
"21064","combatant",37,86746445,99.7
"21065","commercialism",37,86746482,99.7
"21066","contemptuous",37,86746519,99.7
"21067","cosmology",37,86746556,99.7
"21068","covent",37,86746593,99.7
"21069","crackly",37,86746630,99.7
"21070","danner",37,86746667,99.7
"21071","defensiveness",37,86746704,99.71
"21072","devastatingly",37,86746741,99.71
"21073","dicing",37,86746778,99.71
"21074","dingo",37,86746815,99.71
"21075","disparage",37,86746852,99.71
"21076","disreputable",37,86746889,99.71
"21077","divination",37,86746926,99.71
"21078","drago",37,86746963,99.71
"21079","dreadfully",37,86747000,99.71
"21080","droop",37,86747037,99.71
"21081","dustbin",37,86747074,99.71
"21082","dynamism",37,86747111,99.71
"21083","emmet",37,86747148,99.71
"21084","engender",37,86747185,99.71
"21085","evanescence",37,86747222,99.71
"21086","fibrous",37,86747259,99.71
"21087","fidgeting",37,86747296,99.71
"21088","filigree",37,86747333,99.71
"21089","flail",37,86747370,99.71
"21090","fletch",37,86747407,99.71
"21091","fractional",37,86747444,99.71
"21092","freewheeling",37,86747481,99.71
"21093","frist",37,86747518,99.71
"21094","futurist",37,86747555,99.71
"21095","gant",37,86747592,99.71
"21096","gatherer",37,86747629,99.71
"21097","gibby",37,86747666,99.71
"21098","glutinous",37,86747703,99.71
"21099","guernsey",37,86747740,99.71
"21100","guesswork",37,86747777,99.71
"21101","habitation",37,86747814,99.71
"21102","harlot",37,86747851,99.71
"21103","harvester",37,86747888,99.71
"21104","heckle",37,86747925,99.71
"21105","homogeneous",37,86747962,99.71
"21106","hyperbolic",37,86747999,99.71
"21107","illusionist",37,86748036,99.71
"21108","immanent",37,86748073,99.71
"21109","impeach",37,86748110,99.71
"21110","inexhaustible",37,86748147,99.71
"21111","informer",37,86748184,99.71
"21112","inset",37,86748221,99.71
"21113","inversely",37,86748258,99.71
"21114","jackhammer",37,86748295,99.71
"21115","jaggery",37,86748332,99.71
"21116","lansdowne",37,86748369,99.71
"21117","lectern",37,86748406,99.71
"21118","lioness",37,86748443,99.71
"21119","litigator",37,86748480,99.71
"21120","loa",37,86748517,99.71
"21121","loader",37,86748554,99.71
"21122","locus",37,86748591,99.71
"21123","malarkey",37,86748628,99.71
"21124","maniacally",37,86748665,99.71
"21125","mastodon",37,86748702,99.71
"21126","midafternoon",37,86748739,99.71
"21127","misplace",37,86748776,99.71
"21128","misrepresent",37,86748813,99.71
"21129","nib",37,86748850,99.71
"21130","normalize",37,86748887,99.71
"21131","nuttiness",37,86748924,99.71
"21132","obstinate",37,86748961,99.71
"21133","offal",37,86748998,99.71
"21134","orangey",37,86749035,99.71
"21135","osteoarthritis",37,86749072,99.71
"21136","palatine",37,86749109,99.71
"21137","palfrey",37,86749146,99.71
"21138","pineal",37,86749183,99.71
"21139","pneumatic",37,86749220,99.71
"21140","pompano",37,86749257,99.71
"21141","portia",37,86749294,99.71
"21142","praline",37,86749331,99.71
"21143","prefix",37,86749368,99.71
"21144","prentice",37,86749405,99.71
"21145","propagation",37,86749442,99.71
"21146","radiologist",37,86749479,99.71
"21147","refinish",37,86749516,99.71
"21148","resettlement",37,86749553,99.71
"21149","retardation",37,86749590,99.71
"21150","rhinoceros",37,86749627,99.71
"21151","ricochet",37,86749664,99.71
"21152","roque",37,86749701,99.71
"21153","ruffin",37,86749738,99.71
"21154","scratcher",37,86749775,99.71
"21155","scrubby",37,86749812,99.71
"21156","scuffed",37,86749849,99.71
"21157","seductively",37,86749886,99.71
"21158","serviceman",37,86749923,99.71
"21159","shrift",37,86749960,99.71
"21160","sinfully",37,86749997,99.71
"21161","snickering",37,86750034,99.71
"21162","songstress",37,86750071,99.71
"21163","speer",37,86750108,99.71
"21164","standardize",37,86750145,99.71
"21165","stanhope",37,86750182,99.71
"21166","stepchild",37,86750219,99.71
"21167","storehouse",37,86750256,99.71
"21168","superimposed",37,86750293,99.71
"21169","synchronous",37,86750330,99.71
"21170","talisman",37,86750367,99.71
"21171","telethon",37,86750404,99.71
"21172","terrify",37,86750441,99.71
"21173","tete",37,86750478,99.71
"21174","theocracy",37,86750515,99.71
"21175","thrasher",37,86750552,99.71
"21176","tipple",37,86750589,99.71
"21177","tizzy",37,86750626,99.71
"21178","tsar",37,86750663,99.71
"21179","tugboat",37,86750700,99.71
"21180","unappetizing",37,86750737,99.71
"21181","unhindered",37,86750774,99.71
"21182","unlikeable",37,86750811,99.71
"21183","unsound",37,86750848,99.71
"21184","updo",37,86750885,99.71
"21185","vag",37,86750922,99.71
"21186","vagueness",37,86750959,99.71
"21187","venal",37,86750996,99.71
"21188","vive",37,86751033,99.71
"21189","volition",37,86751070,99.71
"21190","ween",37,86751107,99.71
"21191","wrung",37,86751144,99.71
"21192","adoptable",36,86751180,99.71
"21193","agitate",36,86751216,99.71
"21194","allegorical",36,86751252,99.71
"21195","amini",36,86751288,99.71
"21196","apocryphal",36,86751324,99.71
"21197","aright",36,86751360,99.71
"21198","awa",36,86751396,99.71
"21199","baldy",36,86751432,99.71
"21200","bated",36,86751468,99.71
"21201","beadle",36,86751504,99.71
"21202","belton",36,86751540,99.71
"21203","blarney",36,86751576,99.71
"21204","bogeyman",36,86751612,99.71
"21205","bolo",36,86751648,99.71
"21206","bombast",36,86751684,99.71
"21207","buttress",36,86751720,99.71
"21208","cairn",36,86751756,99.71
"21209","cardona",36,86751792,99.71
"21210","carrion",36,86751828,99.71
"21211","cesium",36,86751864,99.71
"21212","cheerio",36,86751900,99.71
"21213","cirrus",36,86751936,99.71
"21214","clergyman",36,86751972,99.71
"21215","coelho",36,86752008,99.71
"21216","condolence",36,86752044,99.71
"21217","covertly",36,86752080,99.71
"21218","creekside",36,86752116,99.71
"21219","demigod",36,86752152,99.71
"21220","demonstrative",36,86752188,99.71
"21221","derisively",36,86752224,99.71
"21222","devaluation",36,86752260,99.71
"21223","discordant",36,86752296,99.71
"21224","dismembered",36,86752332,99.71
"21225","divergence",36,86752368,99.71
"21226","divvy",36,86752404,99.71
"21227","doucet",36,86752440,99.71
"21228","earthling",36,86752476,99.71
"21229","enliven",36,86752512,99.71
"21230","entanglement",36,86752548,99.71
"21231","esophageal",36,86752584,99.71
"21232","evangelicalism",36,86752620,99.71
"21233","fidgety",36,86752656,99.71
"21234","flopper",36,86752692,99.71
"21235","fluidly",36,86752728,99.71
"21236","folie",36,86752764,99.71
"21237","fondling",36,86752800,99.71
"21238","forestall",36,86752836,99.71
"21239","forgivable",36,86752872,99.71
"21240","freshener",36,86752908,99.71
"21241","frieze",36,86752944,99.71
"21242","fume",36,86752980,99.71
"21243","gassy",36,86753016,99.71
"21244","geranium",36,86753052,99.71
"21245","gladness",36,86753088,99.71
"21246","griff",36,86753124,99.71
"21247","gunter",36,86753160,99.71
"21248","habeas",36,86753196,99.71
"21249","hafiz",36,86753232,99.71
"21250","hinterland",36,86753268,99.71
"21251","hobble",36,86753304,99.71
"21252","homebound",36,86753340,99.71
"21253","hounding",36,86753376,99.71
"21254","hurr",36,86753412,99.71
"21255","hyphen",36,86753448,99.71
"21256","idolize",36,86753484,99.71
"21257","individualistic",36,86753520,99.71
"21258","inopportune",36,86753556,99.71
"21259","intercultural",36,86753592,99.71
"21260","intramural",36,86753628,99.71
"21261","journeying",36,86753664,99.71
"21262","kingfisher",36,86753700,99.71
"21263","kraken",36,86753736,99.71
"21264","lactation",36,86753772,99.71
"21265","lander",36,86753808,99.71
"21266","lavatory",36,86753844,99.71
"21267","lindo",36,86753880,99.71
"21268","loaner",36,86753916,99.71
"21269","maharaja",36,86753952,99.71
"21270","mailbag",36,86753988,99.71
"21271","masque",36,86754024,99.71
"21272","matey",36,86754060,99.71
"21273","memorialize",36,86754096,99.71
"21274","midmorning",36,86754132,99.71
"21275","mouthwash",36,86754168,99.71
"21276","mumps",36,86754204,99.71
"21277","naivete",36,86754240,99.71
"21278","nasi",36,86754276,99.71
"21279","nave",36,86754312,99.71
"21280","nonduality",36,86754348,99.71
"21281","nous",36,86754384,99.71
"21282","obit",36,86754420,99.71
"21283","objectification",36,86754456,99.71
"21284","obstetrician",36,86754492,99.71
"21285","overabundance",36,86754528,99.71
"21286","overheat",36,86754564,99.71
"21287","paralyze",36,86754600,99.71
"21288","pectin",36,86754636,99.71
"21289","pedantic",36,86754672,99.71
"21290","peddler",36,86754708,99.71
"21291","peerless",36,86754744,99.71
"21292","permeable",36,86754780,99.71
"21293","pester",36,86754816,99.71
"21294","pharisee",36,86754852,99.71
"21295","photosynthesis",36,86754888,99.71
"21296","pituitary",36,86754924,99.71
"21297","policed",36,86754960,99.71
"21298","politicize",36,86754996,99.71
"21299","praiseworthy",36,86755032,99.71
"21300","procreate",36,86755068,99.71
"21301","proletariat",36,86755104,99.71
"21302","proportionally",36,86755140,99.71
"21303","pubescent",36,86755176,99.71
"21304","puffin",36,86755212,99.71
"21305","pulpy",36,86755248,99.71
"21306","punctual",36,86755284,99.71
"21307","punisher",36,86755320,99.71
"21308","puppetry",36,86755356,99.71
"21309","pushover",36,86755392,99.72
"21310","putback",36,86755428,99.72
"21311","ratepayer",36,86755464,99.72
"21312","replant",36,86755500,99.72
"21313","rigidity",36,86755536,99.72
"21314","ruck",36,86755572,99.72
"21315","rucksack",36,86755608,99.72
"21316","ruthlessness",36,86755644,99.72
"21317","satisfactorily",36,86755680,99.72
"21318","savagery",36,86755716,99.72
"21319","screed",36,86755752,99.72
"21320","scuttle",36,86755788,99.72
"21321","showpiece",36,86755824,99.72
"21322","simile",36,86755860,99.72
"21323","smarmy",36,86755896,99.72
"21324","soaker",36,86755932,99.72
"21325","sojourner",36,86755968,99.72
"21326","startle",36,86756004,99.72
"21327","statuette",36,86756040,99.72
"21328","suet",36,86756076,99.72
"21329","supersonic",36,86756112,99.72
"21330","supplication",36,86756148,99.72
"21331","sylvan",36,86756184,99.72
"21332","taphouse",36,86756220,99.72
"21333","tassel",36,86756256,99.72
"21334","tec",36,86756292,99.72
"21335","temerity",36,86756328,99.72
"21336","theist",36,86756364,99.72
"21337","thimble",36,86756400,99.72
"21338","tincture",36,86756436,99.72
"21339","transvaal",36,86756472,99.72
"21340","travertine",36,86756508,99.72
"21341","triton",36,86756544,99.72
"21342","tum",36,86756580,99.72
"21343","tutti",36,86756616,99.72
"21344","unapproved",36,86756652,99.72
"21345","unashamed",36,86756688,99.72
"21346","unashamedly",36,86756724,99.72
"21347","uncouth",36,86756760,99.72
"21348","underhanded",36,86756796,99.72
"21349","unearthly",36,86756832,99.72
"21350","unexciting",36,86756868,99.72
"21351","unfailingly",36,86756904,99.72
"21352","unlearn",36,86756940,99.72
"21353","unpleasantly",36,86756976,99.72
"21354","unplugging",36,86757012,99.72
"21355","unwrapping",36,86757048,99.72
"21356","urbanization",36,86757084,99.72
"21357","uta",36,86757120,99.72
"21358","variegated",36,86757156,99.72
"21359","warping",36,86757192,99.72
"21360","weedy",36,86757228,99.72
"21361","weighting",36,86757264,99.72
"21362","wellspring",36,86757300,99.72
"21363","wildness",36,86757336,99.72
"21364","womanly",36,86757372,99.72
"21365","wryly",36,86757408,99.72
"21366","yammer",36,86757444,99.72
"21367","zealot",36,86757480,99.72
"21368","absolve",35,86757515,99.72
"21369","ajar",35,86757550,99.72
"21370","aliyah",35,86757585,99.72
"21371","ancora",35,86757620,99.72
"21372","animating",35,86757655,99.72
"21373","assertiveness",35,86757690,99.72
"21374","astrophysics",35,86757725,99.72
"21375","baboon",35,86757760,99.72
"21376","bambino",35,86757795,99.72
"21377","bangle",35,86757830,99.72
"21378","barroom",35,86757865,99.72
"21379","bassoon",35,86757900,99.72
"21380","beached",35,86757935,99.72
"21381","belch",35,86757970,99.72
"21382","bighorn",35,86758005,99.72
"21383","bloodless",35,86758040,99.72
"21384","bluish",35,86758075,99.72
"21385","bonehead",35,86758110,99.72
"21386","borealis",35,86758145,99.72
"21387","breathable",35,86758180,99.72
"21388","bridle",35,86758215,99.72
"21389","brimmed",35,86758250,99.72
"21390","buckhorn",35,86758285,99.72
"21391","bulger",35,86758320,99.72
"21392","bulkhead",35,86758355,99.72
"21393","bylaw",35,86758390,99.72
"21394","cackle",35,86758425,99.72
"21395","caramelize",35,86758460,99.72
"21396","carbonate",35,86758495,99.72
"21397","carport",35,86758530,99.72
"21398","catheterization",35,86758565,99.72
"21399","choate",35,86758600,99.72
"21400","clang",35,86758635,99.72
"21401","cliffside",35,86758670,99.72
"21402","coauthor",35,86758705,99.72
"21403","codeine",35,86758740,99.72
"21404","cognitively",35,86758775,99.72
"21405","colter",35,86758810,99.72
"21406","comeuppance",35,86758845,99.72
"21407","confining",35,86758880,99.72
"21408","constructively",35,86758915,99.72
"21409","craw",35,86758950,99.72
"21410","creosote",35,86758985,99.72
"21411","crick",35,86759020,99.72
"21412","cropper",35,86759055,99.72
"21413","crowbar",35,86759090,99.72
"21414","cumulus",35,86759125,99.72
"21415","curie",35,86759160,99.72
"21416","cutlass",35,86759195,99.72
"21417","dayspring",35,86759230,99.72
"21418","decanter",35,86759265,99.72
"21419","decompress",35,86759300,99.72
"21420","defamatory",35,86759335,99.72
"21421","deglaze",35,86759370,99.72
"21422","detoxification",35,86759405,99.72
"21423","dissonant",35,86759440,99.72
"21424","divisiveness",35,86759475,99.72
"21425","dovetail",35,86759510,99.72
"21426","dumbbell",35,86759545,99.72
"21427","electrically",35,86759580,99.72
"21428","endear",35,86759615,99.72
"21429","engulf",35,86759650,99.72
"21430","equivalency",35,86759685,99.72
"21431","ester",35,86759720,99.72
"21432","eucharistic",35,86759755,99.72
"21433","exasperating",35,86759790,99.72
"21434","fangled",35,86759825,99.72
"21435","femur",35,86759860,99.72
"21436","fingertip",35,86759895,99.72
"21437","foolhardy",35,86759930,99.72
"21438","forger",35,86759965,99.72
"21439","fortification",35,86760000,99.72
"21440","friended",35,86760035,99.72
"21441","fritter",35,86760070,99.72
"21442","frostbite",35,86760105,99.72
"21443","funder",35,86760140,99.72
"21444","garibaldi",35,86760175,99.72
"21445","garten",35,86760210,99.72
"21446","gauzy",35,86760245,99.72
"21447","goldin",35,86760280,99.72
"21448","goner",35,86760315,99.72
"21449","gooseberry",35,86760350,99.72
"21450","graciousness",35,86760385,99.72
"21451","greenbrier",35,86760420,99.72
"21452","gussie",35,86760455,99.72
"21453","haggle",35,86760490,99.72
"21454","hallman",35,86760525,99.72
"21455","hamza",35,86760560,99.72
"21456","handstand",35,86760595,99.72
"21457","headdress",35,86760630,99.72
"21458","hew",35,86760665,99.72
"21459","hypotheses",35,86760700,99.72
"21460","imaginatively",35,86760735,99.72
"21461","imbecile",35,86760770,99.72
"21462","impetuous",35,86760805,99.72
"21463","impish",35,86760840,99.72
"21464","impressionism",35,86760875,99.72
"21465","inaccurately",35,86760910,99.72
"21466","inbred",35,86760945,99.72
"21467","inoffensive",35,86760980,99.72
"21468","instinctual",35,86761015,99.72
"21469","interdependence",35,86761050,99.72
"21470","intersectional",35,86761085,99.72
"21471","invigorate",35,86761120,99.72
"21472","irreparably",35,86761155,99.72
"21473","jugular",35,86761190,99.72
"21474","knotty",35,86761225,99.72
"21475","laceration",35,86761260,99.72
"21476","lasso",35,86761295,99.72
"21477","lino",35,86761330,99.72
"21478","lutein",35,86761365,99.72
"21479","maddeningly",35,86761400,99.72
"21480","magisterial",35,86761435,99.72
"21481","malevolence",35,86761470,99.72
"21482","matchmaking",35,86761505,99.72
"21483","matrimony",35,86761540,99.72
"21484","maul",35,86761575,99.72
"21485","medial",35,86761610,99.72
"21486","minnow",35,86761645,99.72
"21487","mise",35,86761680,99.72
"21488","moneyed",35,86761715,99.72
"21489","morose",35,86761750,99.72
"21490","muffet",35,86761785,99.72
"21491","musky",35,86761820,99.72
"21492","naturalization",35,86761855,99.72
"21493","neighborly",35,86761890,99.72
"21494","nickle",35,86761925,99.72
"21495","obfuscation",35,86761960,99.72
"21496","obtainable",35,86761995,99.72
"21497","octogenarian",35,86762030,99.72
"21498","oligarchy",35,86762065,99.72
"21499","ovary",35,86762100,99.72
"21500","overconfident",35,86762135,99.72
"21501","overstatement",35,86762170,99.72
"21502","paled",35,86762205,99.72
"21503","paschal",35,86762240,99.72
"21504","pasha",35,86762275,99.72
"21505","pasteur",35,86762310,99.72
"21506","pert",35,86762345,99.72
"21507","perusal",35,86762380,99.72
"21508","phalanx",35,86762415,99.72
"21509","phosphate",35,86762450,99.72
"21510","pont",35,86762485,99.72
"21511","potbelly",35,86762520,99.72
"21512","powerlessness",35,86762555,99.72
"21513","precheck",35,86762590,99.72
"21514","predation",35,86762625,99.72
"21515","premarital",35,86762660,99.72
"21516","progesterone",35,86762695,99.72
"21517","prosaic",35,86762730,99.72
"21518","provisionally",35,86762765,99.72
"21519","pulley",35,86762800,99.72
"21520","redeemable",35,86762835,99.72
"21521","rediscovery",35,86762870,99.72
"21522","reformist",35,86762905,99.72
"21523","regretful",35,86762940,99.72
"21524","resumption",35,86762975,99.72
"21525","reticence",35,86763010,99.72
"21526","rhetorically",35,86763045,99.72
"21527","rhododendron",35,86763080,99.72
"21528","roan",35,86763115,99.72
"21529","rowed",35,86763150,99.72
"21530","rubella",35,86763185,99.72
"21531","rummy",35,86763220,99.72
"21532","rune",35,86763255,99.72
"21533","saccharine",35,86763290,99.72
"21534","scraggly",35,86763325,99.72
"21535","scrounge",35,86763360,99.72
"21536","shareable",35,86763395,99.72
"21537","shuck",35,86763430,99.72
"21538","skeeter",35,86763465,99.72
"21539","slaving",35,86763500,99.72
"21540","slobber",35,86763535,99.72
"21541","slouching",35,86763570,99.72
"21542","soliloquy",35,86763605,99.72
"21543","spearmint",35,86763640,99.72
"21544","speedily",35,86763675,99.72
"21545","spicer",35,86763710,99.72
"21546","splutter",35,86763745,99.72
"21547","squiggly",35,86763780,99.72
"21548","stifler",35,86763815,99.72
"21549","stonework",35,86763850,99.72
"21550","stroud",35,86763885,99.72
"21551","subjugation",35,86763920,99.72
"21552","supposing",35,86763955,99.72
"21553","swaggie",35,86763990,99.72
"21554","sweatshop",35,86764025,99.72
"21555","tableware",35,86764060,99.72
"21556","tamper",35,86764095,99.73
"21557","tarred",35,86764130,99.73
"21558","techy",35,86764165,99.73
"21559","termite",35,86764200,99.73
"21560","testicular",35,86764235,99.73
"21561","therefor",35,86764270,99.73
"21562","thievery",35,86764305,99.73
"21563","ticklish",35,86764340,99.73
"21564","tomcat",35,86764375,99.73
"21565","tranquillity",35,86764410,99.73
"21566","trawl",35,86764445,99.73
"21567","triptych",35,86764480,99.73
"21568","trustworthiness",35,86764515,99.73
"21569","tung",35,86764550,99.73
"21570","ultraconservative",35,86764585,99.73
"21571","unawares",35,86764620,99.73
"21572","undid",35,86764655,99.73
"21573","unimaginative",35,86764690,99.73
"21574","unquestionable",35,86764725,99.73
"21575","unrefined",35,86764760,99.73
"21576","unsophisticated",35,86764795,99.73
"21577","untainted",35,86764830,99.73
"21578","upsurge",35,86764865,99.73
"21579","variability",35,86764900,99.73
"21580","vesper",35,86764935,99.73
"21581","voyeur",35,86764970,99.73
"21582","waken",35,86765005,99.73
"21583","whittling",35,86765040,99.73
"21584","woodfish",35,86765075,99.73
"21585","woodman",35,86765110,99.73
"21586","yellowfin",35,86765145,99.73
"21587","abacus",34,86765179,99.73
"21588","abut",34,86765213,99.73
"21589","acclimate",34,86765247,99.73
"21590","actuary",34,86765281,99.73
"21591","aeroplane",34,86765315,99.73
"21592","agate",34,86765349,99.73
"21593","amaranth",34,86765383,99.73
"21594","ambrosia",34,86765417,99.73
"21595","annotation",34,86765451,99.73
"21596","antiviral",34,86765485,99.73
"21597","appeasement",34,86765519,99.73
"21598","astoundingly",34,86765553,99.73
"21599","authorial",34,86765587,99.73
"21600","avidly",34,86765621,99.73
"21601","bacterium",34,86765655,99.73
"21602","bafta",34,86765689,99.73
"21603","banyan",34,86765723,99.73
"21604","biracial",34,86765757,99.73
"21605","bloat",34,86765791,99.73
"21606","booting",34,86765825,99.73
"21607","boucher",34,86765859,99.73
"21608","bowker",34,86765893,99.73
"21609","bridegroom",34,86765927,99.73
"21610","bullion",34,86765961,99.73
"21611","casbah",34,86765995,99.73
"21612","castaway",34,86766029,99.73
"21613","cavalcade",34,86766063,99.73
"21614","clank",34,86766097,99.73
"21615","clouding",34,86766131,99.73
"21616","collectivism",34,86766165,99.73
"21617","consecration",34,86766199,99.73
"21618","courtly",34,86766233,99.73
"21619","coyly",34,86766267,99.73
"21620","cupping",34,86766301,99.73
"21621","deferential",34,86766335,99.73
"21622","defiled",34,86766369,99.73
"21623","deseret",34,86766403,99.73
"21624","directness",34,86766437,99.73
"21625","disenchantment",34,86766471,99.73
"21626","doggedly",34,86766505,99.73
"21627","domesticity",34,86766539,99.73
"21628","dotty",34,86766573,99.73
"21629","dowry",34,86766607,99.73
"21630","dryly",34,86766641,99.73
"21631","duplicative",34,86766675,99.73
"21632","eardrum",34,86766709,99.73
"21633","eke",34,86766743,99.73
"21634","envisage",34,86766777,99.73
"21635","epileptic",34,86766811,99.73
"21636","equalize",34,86766845,99.73
"21637","equatorial",34,86766879,99.73
"21638","espouse",34,86766913,99.73
"21639","evermore",34,86766947,99.73
"21640","extant",34,86766981,99.73
"21641","fabulousness",34,86767015,99.73
"21642","fadeaway",34,86767049,99.73
"21643","faker",34,86767083,99.73
"21644","fen",34,86767117,99.73
"21645","fining",34,86767151,99.73
"21646","flagpole",34,86767185,99.73
"21647","fugue",34,86767219,99.73
"21648","fuselage",34,86767253,99.73
"21649","gauche",34,86767287,99.73
"21650","gratis",34,86767321,99.73
"21651","hairbrush",34,86767355,99.73
"21652","hairpin",34,86767389,99.73
"21653","harpsichord",34,86767423,99.73
"21654","hedonistic",34,86767457,99.73
"21655","helio",34,86767491,99.73
"21656","hemoglobin",34,86767525,99.73
"21657","herringbone",34,86767559,99.73
"21658","hippodrome",34,86767593,99.73
"21659","homestretch",34,86767627,99.73
"21660","howler",34,86767661,99.73
"21661","ibid",34,86767695,99.73
"21662","illusive",34,86767729,99.73
"21663","imu",34,86767763,99.73
"21664","inaccuracy",34,86767797,99.73
"21665","indecency",34,86767831,99.73
"21666","inglorious",34,86767865,99.73
"21667","inker",34,86767899,99.73
"21668","insemination",34,86767933,99.73
"21669","intonation",34,86767967,99.73
"21670","jabbing",34,86768001,99.73
"21671","joshi",34,86768035,99.73
"21672","judiciously",34,86768069,99.73
"21673","kindling",34,86768103,99.73
"21674","kino",34,86768137,99.73
"21675","ladylike",34,86768171,99.73
"21676","leer",34,86768205,99.73
"21677","liang",34,86768239,99.73
"21678","linwood",34,86768273,99.73
"21679","loca",34,86768307,99.73
"21680","macaroon",34,86768341,99.73
"21681","manliness",34,86768375,99.73
"21682","merited",34,86768409,99.73
"21683","microbiology",34,86768443,99.73
"21684","moline",34,86768477,99.73
"21685","mustachioed",34,86768511,99.73
"21686","nub",34,86768545,99.73
"21687","observational",34,86768579,99.73
"21688","opportunism",34,86768613,99.73
"21689","orpheum",34,86768647,99.73
"21690","otherness",34,86768681,99.73
"21691","outgrowth",34,86768715,99.73
"21692","outspent",34,86768749,99.73
"21693","overlong",34,86768783,99.73
"21694","overwork",34,86768817,99.73
"21695","papered",34,86768851,99.73
"21696","parenthesis",34,86768885,99.73
"21697","pejorative",34,86768919,99.73
"21698","periwinkle",34,86768953,99.73
"21699","pollutant",34,86768987,99.73
"21700","practicum",34,86769021,99.73
"21701","prescriptive",34,86769055,99.73
"21702","presidente",34,86769089,99.73
"21703","pricked",34,86769123,99.73
"21704","promiscuity",34,86769157,99.73
"21705","prosthetics",34,86769191,99.73
"21706","pubes",34,86769225,99.73
"21707","quay",34,86769259,99.73
"21708","quietness",34,86769293,99.73
"21709","quotidian",34,86769327,99.73
"21710","regale",34,86769361,99.73
"21711","reseller",34,86769395,99.73
"21712","respectability",34,86769429,99.73
"21713","romanticize",34,86769463,99.73
"21714","rowboat",34,86769497,99.73
"21715","saddening",34,86769531,99.73
"21716","sai",34,86769565,99.73
"21717","sainthood",34,86769599,99.73
"21718","sanger",34,86769633,99.73
"21719","sapling",34,86769667,99.73
"21720","scalable",34,86769701,99.73
"21721","scarily",34,86769735,99.73
"21722","shapeless",34,86769769,99.73
"21723","silt",34,86769803,99.73
"21724","singlehandedly",34,86769837,99.73
"21725","slipshod",34,86769871,99.73
"21726","slither",34,86769905,99.73
"21727","snook",34,86769939,99.73
"21728","sockeye",34,86769973,99.73
"21729","soldering",34,86770007,99.73
"21730","solemnity",34,86770041,99.73
"21731","sombre",34,86770075,99.73
"21732","soundness",34,86770109,99.73
"21733","sparkler",34,86770143,99.73
"21734","spellbinding",34,86770177,99.73
"21735","spillway",34,86770211,99.73
"21736","spitz",34,86770245,99.73
"21737","sputter",34,86770279,99.73
"21738","squirmy",34,86770313,99.73
"21739","strove",34,86770347,99.73
"21740","subgroup",34,86770381,99.73
"21741","sulk",34,86770415,99.73
"21742","supposition",34,86770449,99.73
"21743","synchronization",34,86770483,99.73
"21744","tallow",34,86770517,99.73
"21745","talon",34,86770551,99.73
"21746","tannic",34,86770585,99.73
"21747","tentacle",34,86770619,99.73
"21748","tid",34,86770653,99.73
"21749","topaz",34,86770687,99.73
"21750","unattached",34,86770721,99.73
"21751","undergrowth",34,86770755,99.73
"21752","undetectable",34,86770789,99.73
"21753","undiagnosed",34,86770823,99.73
"21754","violator",34,86770857,99.73
"21755","warily",34,86770891,99.73
"21756","westland",34,86770925,99.73
"21757","whisker",34,86770959,99.73
"21758","abate",33,86770992,99.73
"21759","abstention",33,86771025,99.73
"21760","airstrip",33,86771058,99.73
"21761","alexia",33,86771091,99.73
"21762","alleluia",33,86771124,99.73
"21763","ammonium",33,86771157,99.73
"21764","amoral",33,86771190,99.73
"21765","anima",33,86771223,99.73
"21766","answerable",33,86771256,99.73
"21767","aorta",33,86771289,99.73
"21768","appellant",33,86771322,99.73
"21769","arbutus",33,86771355,99.73
"21770","armistice",33,86771388,99.73
"21771","asthmatic",33,86771421,99.73
"21772","attentiveness",33,86771454,99.73
"21773","banister",33,86771487,99.73
"21774","bantam",33,86771520,99.73
"21775","batt",33,86771553,99.73
"21776","bick",33,86771586,99.73
"21777","bicker",33,86771619,99.73
"21778","bizz",33,86771652,99.73
"21779","blurt",33,86771685,99.73
"21780","bookmobile",33,86771718,99.73
"21781","bordello",33,86771751,99.73
"21782","braise",33,86771784,99.73
"21783","brazenly",33,86771817,99.73
"21784","breck",33,86771850,99.73
"21785","brogue",33,86771883,99.73
"21786","butchery",33,86771916,99.73
"21787","cakewalk",33,86771949,99.73
"21788","categorization",33,86771982,99.73
"21789","chastise",33,86772015,99.73
"21790","chien",33,86772048,99.73
"21791","cleave",33,86772081,99.73
"21792","clubbed",33,86772114,99.73
"21793","colonize",33,86772147,99.73
"21794","competently",33,86772180,99.73
"21795","confiscation",33,86772213,99.73
"21796","conversationalist",33,86772246,99.73
"21797","decompose",33,86772279,99.73
"21798","deliverer",33,86772312,99.73
"21799","demographer",33,86772345,99.73
"21800","detachable",33,86772378,99.73
"21801","diamondback",33,86772411,99.73
"21802","disgustingly",33,86772444,99.73
"21803","dob",33,86772477,99.73
"21804","dormer",33,86772510,99.73
"21805","eccentricity",33,86772543,99.73
"21806","edification",33,86772576,99.73
"21807","edifying",33,86772609,99.73
"21808","elaboration",33,86772642,99.73
"21809","emigrate",33,86772675,99.73
"21810","empathic",33,86772708,99.73
"21811","empt",33,86772741,99.73
"21812","exhortation",33,86772774,99.74
"21813","fingerprinting",33,86772807,99.74
"21814","fitful",33,86772840,99.74
"21815","flamed",33,86772873,99.74
"21816","florescent",33,86772906,99.74
"21817","florin",33,86772939,99.74
"21818","fluted",33,86772972,99.74
"21819","fraying",33,86773005,99.74
"21820","fulcrum",33,86773038,99.74
"21821","gan",33,86773071,99.74
"21822","gaslight",33,86773104,99.74
"21823","geneticist",33,86773137,99.74
"21824","goddaughter",33,86773170,99.74
"21825","goldeneye",33,86773203,99.74
"21826","gratify",33,86773236,99.74
"21827","grayish",33,86773269,99.74
"21828","greeter",33,86773302,99.74
"21829","gremlin",33,86773335,99.74
"21830","haver",33,86773368,99.74
"21831","hove",33,86773401,99.74
"21832","hyena",33,86773434,99.74
"21833","iconography",33,86773467,99.74
"21834","igloo",33,86773500,99.74
"21835","immunology",33,86773533,99.74
"21836","impersonate",33,86773566,99.74
"21837","impolite",33,86773599,99.74
"21838","impound",33,86773632,99.74
"21839","impure",33,86773665,99.74
"21840","incestuous",33,86773698,99.74
"21841","incredulity",33,86773731,99.74
"21842","ineffable",33,86773764,99.74
"21843","inequitable",33,86773797,99.74
"21844","ingestion",33,86773830,99.74
"21845","inhabitant",33,86773863,99.74
"21846","intensively",33,86773896,99.74
"21847","ironclad",33,86773929,99.74
"21848","jama",33,86773962,99.74
"21849","kibosh",33,86773995,99.74
"21850","kneecap",33,86774028,99.74
"21851","larder",33,86774061,99.74
"21852","layne",33,86774094,99.74
"21853","libertarianism",33,86774127,99.74
"21854","limber",33,86774160,99.74
"21855","localization",33,86774193,99.74
"21856","malign",33,86774226,99.74
"21857","maltreatment",33,86774259,99.74
"21858","mangrove",33,86774292,99.74
"21859","marcello",33,86774325,99.74
"21860","marksman",33,86774358,99.74
"21861","midrange",33,86774391,99.74
"21862","miser",33,86774424,99.74
"21863","misinterpret",33,86774457,99.74
"21864","missal",33,86774490,99.74
"21865","mistreat",33,86774523,99.74
"21866","monetization",33,86774556,99.74
"21867","mouthy",33,86774589,99.74
"21868","myst",33,86774622,99.74
"21869","naturopathic",33,86774655,99.74
"21870","nebula",33,86774688,99.74
"21871","necking",33,86774721,99.74
"21872","newscaster",33,86774754,99.74
"21873","oaky",33,86774787,99.74
"21874","obstructive",33,86774820,99.74
"21875","officiate",33,86774853,99.74
"21876","ohm",33,86774886,99.74
"21877","olfactory",33,86774919,99.74
"21878","outscore",33,86774952,99.74
"21879","outshine",33,86774985,99.74
"21880","overshadowing",33,86775018,99.74
"21881","overthink",33,86775051,99.74
"21882","papillon",33,86775084,99.74
"21883","passageway",33,86775117,99.74
"21884","peacetime",33,86775150,99.74
"21885","perrier",33,86775183,99.74
"21886","persecuting",33,86775216,99.74
"21887","picayune",33,86775249,99.74
"21888","pillage",33,86775282,99.74
"21889","pinhole",33,86775315,99.74
"21890","pleasingly",33,86775348,99.74
"21891","pored",33,86775381,99.74
"21892","processional",33,86775414,99.74
"21893","profiteering",33,86775447,99.74
"21894","proportionately",33,86775480,99.74
"21895","putrid",33,86775513,99.74
"21896","quantifiable",33,86775546,99.74
"21897","radial",33,86775579,99.74
"21898","rectory",33,86775612,99.74
"21899","recur",33,86775645,99.74
"21900","reiter",33,86775678,99.74
"21901","relaxer",33,86775711,99.74
"21902","reroute",33,86775744,99.74
"21903","righteously",33,86775777,99.74
"21904","rocher",33,86775810,99.74
"21905","rosier",33,86775843,99.74
"21906","sanitize",33,86775876,99.74
"21907","shirk",33,86775909,99.74
"21908","shod",33,86775942,99.74
"21909","shunt",33,86775975,99.74
"21910","sixer",33,86776008,99.74
"21911","slandering",33,86776041,99.74
"21912","slicer",33,86776074,99.74
"21913","slighted",33,86776107,99.74
"21914","slinger",33,86776140,99.74
"21915","smock",33,86776173,99.74
"21916","snipe",33,86776206,99.74
"21917","snood",33,86776239,99.74
"21918","sooth",33,86776272,99.74
"21919","soundboard",33,86776305,99.74
"21920","stammering",33,86776338,99.74
"21921","stooge",33,86776371,99.74
"21922","stringed",33,86776404,99.74
"21923","strom",33,86776437,99.74
"21924","subcontinent",33,86776470,99.74
"21925","sublimely",33,86776503,99.74
"21926","suffused",33,86776536,99.74
"21927","superstructure",33,86776569,99.74
"21928","telfer",33,86776602,99.74
"21929","tera",33,86776635,99.74
"21930","thoroughness",33,86776668,99.74
"21931","timbre",33,86776701,99.74
"21932","tooling",33,86776734,99.74
"21933","transcontinental",33,86776767,99.74
"21934","transfiguration",33,86776800,99.74
"21935","trombonist",33,86776833,99.74
"21936","umbrage",33,86776866,99.74
"21937","unacceptably",33,86776899,99.74
"21938","unassailable",33,86776932,99.74
"21939","unchained",33,86776965,99.74
"21940","unctuous",33,86776998,99.74
"21941","underwriter",33,86777031,99.74
"21942","unexpired",33,86777064,99.74
"21943","unlovable",33,86777097,99.74
"21944","unroll",33,86777130,99.74
"21945","unshakable",33,86777163,99.74
"21946","unsurpassed",33,86777196,99.74
"21947","unwed",33,86777229,99.74
"21948","unwisely",33,86777262,99.74
"21949","vang",33,86777295,99.74
"21950","vegetative",33,86777328,99.74
"21951","veuve",33,86777361,99.74
"21952","washcloth",33,86777394,99.74
"21953","westerly",33,86777427,99.74
"21954","whelp",33,86777460,99.74
"21955","whiner",33,86777493,99.74
"21956","wrenched",33,86777526,99.74
"21957","wretch",33,86777559,99.74
"21958","xylophone",33,86777592,99.74
"21959","yas",33,86777625,99.74
"21960","yearling",33,86777658,99.74
"21961","yurt",33,86777691,99.74
"21962","accompanist",32,86777723,99.74
"21963","acrimonious",32,86777755,99.74
"21964","adjudication",32,86777787,99.74
"21965","affix",32,86777819,99.74
"21966","airhead",32,86777851,99.74
"21967","ait",32,86777883,99.74
"21968","albus",32,86777915,99.74
"21969","amma",32,86777947,99.74
"21970","amputee",32,86777979,99.74
"21971","armrest",32,86778011,99.74
"21972","ashen",32,86778043,99.74
"21973","aster",32,86778075,99.74
"21974","asymmetry",32,86778107,99.74
"21975","babby",32,86778139,99.74
"21976","bareback",32,86778171,99.74
"21977","bayonet",32,86778203,99.74
"21978","beanstalk",32,86778235,99.74
"21979","bendy",32,86778267,99.74
"21980","bilbo",32,86778299,99.74
"21981","birder",32,86778331,99.74
"21982","boastful",32,86778363,99.74
"21983","bonk",32,86778395,99.74
"21984","borax",32,86778427,99.74
"21985","brin",32,86778459,99.74
"21986","buffoon",32,86778491,99.74
"21987","burnish",32,86778523,99.74
"21988","carcinogenic",32,86778555,99.74
"21989","carnation",32,86778587,99.74
"21990","ceilinged",32,86778619,99.74
"21991","chatterbox",32,86778651,99.74
"21992","chivalrous",32,86778683,99.74
"21993","cladding",32,86778715,99.74
"21994","clanking",32,86778747,99.74
"21995","clift",32,86778779,99.74
"21996","coefficient",32,86778811,99.74
"21997","colorfully",32,86778843,99.74
"21998","combust",32,86778875,99.74
"21999","commiserate",32,86778907,99.74
"22000","conflagration",32,86778939,99.74
"22001","constancy",32,86778971,99.74
"22002","costar",32,86779003,99.74
"22003","cuddy",32,86779035,99.74
"22004","curable",32,86779067,99.74
"22005","currier",32,86779099,99.74
"22006","dengue",32,86779131,99.74
"22007","denouement",32,86779163,99.74
"22008","derailment",32,86779195,99.74
"22009","disbursement",32,86779227,99.74
"22010","disengage",32,86779259,99.74
"22011","dogfight",32,86779291,99.74
"22012","drafty",32,86779323,99.74
"22013","durian",32,86779355,99.74
"22014","earpiece",32,86779387,99.74
"22015","effervescence",32,86779419,99.74
"22016","endearingly",32,86779451,99.74
"22017","exaltation",32,86779483,99.74
"22018","excavator",32,86779515,99.74
"22019","exemplar",32,86779547,99.74
"22020","expeditiously",32,86779579,99.74
"22021","fastidious",32,86779611,99.74
"22022","feigned",32,86779643,99.74
"22023","flotsam",32,86779675,99.74
"22024","foreshadow",32,86779707,99.74
"22025","frivolity",32,86779739,99.74
"22026","fusible",32,86779771,99.74
"22027","gainer",32,86779803,99.74
"22028","gangland",32,86779835,99.74
"22029","germinate",32,86779867,99.74
"22030","glimmering",32,86779899,99.74
"22031","goran",32,86779931,99.74
"22032","greeny",32,86779963,99.74
"22033","grimacing",32,86779995,99.74
"22034","grope",32,86780027,99.74
"22035","halogen",32,86780059,99.74
"22036","hamate",32,86780091,99.74
"22037","handicapper",32,86780123,99.74
"22038","hauler",32,86780155,99.74
"22039","heterosexuality",32,86780187,99.74
"22040","holdover",32,86780219,99.74
"22041","holey",32,86780251,99.74
"22042","hotspur",32,86780283,99.74
"22043","ideation",32,86780315,99.74
"22044","imago",32,86780347,99.74
"22045","immutable",32,86780379,99.74
"22046","inbuilt",32,86780411,99.74
"22047","intercede",32,86780443,99.74
"22048","intriguingly",32,86780475,99.74
"22049","jicama",32,86780507,99.74
"22050","jinks",32,86780539,99.74
"22051","jojoba",32,86780571,99.74
"22052","kola",32,86780603,99.74
"22053","lascivious",32,86780635,99.74
"22054","latency",32,86780667,99.74
"22055","lemming",32,86780699,99.74
"22056","lemur",32,86780731,99.74
"22057","licensure",32,86780763,99.74
"22058","luminary",32,86780795,99.74
"22059","lyra",32,86780827,99.74
"22060","macron",32,86780859,99.74
"22061","magneto",32,86780891,99.74
"22062","mandala",32,86780923,99.74
"22063","marler",32,86780955,99.74
"22064","masochism",32,86780987,99.74
"22065","meagre",32,86781019,99.74
"22066","melodious",32,86781051,99.74
"22067","methodological",32,86781083,99.74
"22068","mim",32,86781115,99.74
"22069","mnemonic",32,86781147,99.74
"22070","modal",32,86781179,99.74
"22071","nae",32,86781211,99.74
"22072","naturopath",32,86781243,99.74
"22073","neurosis",32,86781275,99.74
"22074","obscenely",32,86781307,99.74
"22075","outpace",32,86781339,99.74
"22076","palindrome",32,86781371,99.74
"22077","pape",32,86781403,99.74
"22078","particulate",32,86781435,99.74
"22079","phallic",32,86781467,99.74
"22080","pigskin",32,86781499,99.75
"22081","pistole",32,86781531,99.75
"22082","poetics",32,86781563,99.75
"22083","portend",32,86781595,99.75
"22084","posit",32,86781627,99.75
"22085","pragmatist",32,86781659,99.75
"22086","predawn",32,86781691,99.75
"22087","predilection",32,86781723,99.75
"22088","predraft",32,86781755,99.75
"22089","prohibitively",32,86781787,99.75
"22090","reappointment",32,86781819,99.75
"22091","receivables",32,86781851,99.75
"22092","reflexively",32,86781883,99.75
"22093","reflexology",32,86781915,99.75
"22094","repute",32,86781947,99.75
"22095","ricker",32,86781979,99.75
"22096","ritualistic",32,86782011,99.75
"22097","roaster",32,86782043,99.75
"22098","roughshod",32,86782075,99.75
"22099","ruinous",32,86782107,99.75
"22100","rutabaga",32,86782139,99.75
"22101","sassafras",32,86782171,99.75
"22102","satisfyingly",32,86782203,99.75
"22103","sawmill",32,86782235,99.75
"22104","scalar",32,86782267,99.75
"22105","scrapper",32,86782299,99.75
"22106","secede",32,86782331,99.75
"22107","shakti",32,86782363,99.75
"22108","sher",32,86782395,99.75
"22109","smite",32,86782427,99.75
"22110","sorrento",32,86782459,99.75
"22111","spanky",32,86782491,99.75
"22112","spastic",32,86782523,99.75
"22113","spittle",32,86782555,99.75
"22114","staggeringly",32,86782587,99.75
"22115","starched",32,86782619,99.75
"22116","statist",32,86782651,99.75
"22117","subsection",32,86782683,99.75
"22118","supersede",32,86782715,99.75
"22119","susceptibility",32,86782747,99.75
"22120","sympathizing",32,86782779,99.75
"22121","taxicab",32,86782811,99.75
"22122","technologist",32,86782843,99.75
"22123","theorize",32,86782875,99.75
"22124","tog",32,86782907,99.75
"22125","transitory",32,86782939,99.75
"22126","translational",32,86782971,99.75
"22127","transpire",32,86783003,99.75
"22128","trike",32,86783035,99.75
"22129","umpteen",32,86783067,99.75
"22130","unanimity",32,86783099,99.75
"22131","unenviable",32,86783131,99.75
"22132","unhappily",32,86783163,99.75
"22133","unhurt",32,86783195,99.75
"22134","unscramble",32,86783227,99.75
"22135","unthinking",32,86783259,99.75
"22136","vagrant",32,86783291,99.75
"22137","vestibule",32,86783323,99.75
"22138","vibrantly",32,86783355,99.75
"22139","vociferously",32,86783387,99.75
"22140","warding",32,86783419,99.75
"22141","webbed",32,86783451,99.75
"22142","wheeze",32,86783483,99.75
"22143","whinge",32,86783515,99.75
"22144","whirled",32,86783547,99.75
"22145","witter",32,86783579,99.75
"22146","worrier",32,86783611,99.75
"22147","yeo",32,86783643,99.75
"22148","accursed",31,86783674,99.75
"22149","aflame",31,86783705,99.75
"22150","agee",31,86783736,99.75
"22151","aggregator",31,86783767,99.75
"22152","alehouse",31,86783798,99.75
"22153","allude",31,86783829,99.75
"22154","alternator",31,86783860,99.75
"22155","amani",31,86783891,99.75
"22156","amicably",31,86783922,99.75
"22157","amygdala",31,86783953,99.75
"22158","anglaise",31,86783984,99.75
"22159","appeasing",31,86784015,99.75
"22160","asexual",31,86784046,99.75
"22161","astound",31,86784077,99.75
"22162","astrophysicist",31,86784108,99.75
"22163","attractively",31,86784139,99.75
"22164","banco",31,86784170,99.75
"22165","batik",31,86784201,99.75
"22166","beheld",31,86784232,99.75
"22167","benediction",31,86784263,99.75
"22168","berne",31,86784294,99.75
"22169","betrothed",31,86784325,99.75
"22170","biddy",31,86784356,99.75
"22171","blandness",31,86784387,99.75
"22172","bloodhound",31,86784418,99.75
"22173","blooper",31,86784449,99.75
"22174","blowhard",31,86784480,99.75
"22175","bobsled",31,86784511,99.75
"22176","bodhi",31,86784542,99.75
"22177","bombard",31,86784573,99.75
"22178","bossing",31,86784604,99.75
"22179","brawling",31,86784635,99.75
"22180","bridged",31,86784666,99.75
"22181","bruiser",31,86784697,99.75
"22182","burl",31,86784728,99.75
"22183","caped",31,86784759,99.75
"22184","catan",31,86784790,99.75
"22185","catatonic",31,86784821,99.75
"22186","cavendish",31,86784852,99.75
"22187","celeriac",31,86784883,99.75
"22188","centrality",31,86784914,99.75
"22189","chafe",31,86784945,99.75
"22190","chieftainship",31,86784976,99.75
"22191","choker",31,86785007,99.75
"22192","cine",31,86785038,99.75
"22193","cinque",31,86785069,99.75
"22194","cirrhosis",31,86785100,99.75
"22195","clustering",31,86785131,99.75
"22196","colonialist",31,86785162,99.75
"22197","conflate",31,86785193,99.75
"22198","confound",31,86785224,99.75
"22199","conservationist",31,86785255,99.75
"22200","conveyance",31,86785286,99.75
"22201","coterie",31,86785317,99.75
"22202","crawler",31,86785348,99.75
"22203","credibly",31,86785379,99.75
"22204","daw",31,86785410,99.75
"22205","dependability",31,86785441,99.75
"22206","depressingly",31,86785472,99.75
"22207","devolve",31,86785503,99.75
"22208","dirge",31,86785534,99.75
"22209","disarmament",31,86785565,99.75
"22210","disembark",31,86785596,99.75
"22211","disinfect",31,86785627,99.75
"22212","dispersal",31,86785658,99.75
"22213","disrepute",31,86785689,99.75
"22214","doon",31,86785720,99.75
"22215","dualism",31,86785751,99.75
"22216","emulation",31,86785782,99.75
"22217","endow",31,86785813,99.75
"22218","exfoliate",31,86785844,99.75
"22219","extrapolate",31,86785875,99.75
"22220","faery",31,86785906,99.75
"22221","fandango",31,86785937,99.75
"22222","faultless",31,86785968,99.75
"22223","fifteenth",31,86785999,99.75
"22224","fleshing",31,86786030,99.75
"22225","flighty",31,86786061,99.75
"22226","footbridge",31,86786092,99.75
"22227","forevermore",31,86786123,99.75
"22228","fortnightly",31,86786154,99.75
"22229","fractious",31,86786185,99.75
"22230","fruiting",31,86786216,99.75
"22231","gasser",31,86786247,99.75
"22232","genomic",31,86786278,99.75
"22233","getup",31,86786309,99.75
"22234","gobi",31,86786340,99.75
"22235","gorgeousness",31,86786371,99.75
"22236","grouch",31,86786402,99.75
"22237","grudging",31,86786433,99.75
"22238","grump",31,86786464,99.75
"22239","guaranty",31,86786495,99.75
"22240","gushy",31,86786526,99.75
"22241","guttural",31,86786557,99.75
"22242","hesitancy",31,86786588,99.75
"22243","hideously",31,86786619,99.75
"22244","horrendously",31,86786650,99.75
"22245","huddling",31,86786681,99.75
"22246","huggable",31,86786712,99.75
"22247","humorously",31,86786743,99.75
"22248","husker",31,86786774,99.75
"22249","hydraulics",31,86786805,99.75
"22250","hygienic",31,86786836,99.75
"22251","hygienist",31,86786867,99.75
"22252","hypodermic",31,86786898,99.75
"22253","icebreaker",31,86786929,99.75
"22254","illegible",31,86786960,99.75
"22255","imbue",31,86786991,99.75
"22256","impassable",31,86787022,99.75
"22257","imperfectly",31,86787053,99.75
"22258","impermissible",31,86787084,99.75
"22259","inattentive",31,86787115,99.75
"22260","inaudible",31,86787146,99.75
"22261","incinerator",31,86787177,99.75
"22262","inconspicuous",31,86787208,99.75
"22263","indiscretion",31,86787239,99.75
"22264","induct",31,86787270,99.75
"22265","insufficiently",31,86787301,99.75
"22266","irk",31,86787332,99.75
"22267","irreverence",31,86787363,99.75
"22268","iwa",31,86787394,99.75
"22269","joyously",31,86787425,99.75
"22270","kala",31,86787456,99.75
"22271","kea",31,86787487,99.75
"22272","kell",31,86787518,99.75
"22273","kwan",31,86787549,99.75
"22274","lateness",31,86787580,99.75
"22275","latrobe",31,86787611,99.75
"22276","libation",31,86787642,99.75
"22277","litigate",31,86787673,99.75
"22278","livability",31,86787704,99.75
"22279","longhand",31,86787735,99.75
"22280","maliciously",31,86787766,99.75
"22281","marjoram",31,86787797,99.75
"22282","mealy",31,86787828,99.75
"22283","melanin",31,86787859,99.75
"22284","messiness",31,86787890,99.75
"22285","midge",31,86787921,99.75
"22286","moonlighting",31,86787952,99.75
"22287","moonlit",31,86787983,99.75
"22288","muffed",31,86788014,99.75
"22289","mufti",31,86788045,99.75
"22290","myeloma",31,86788076,99.75
"22291","neuroses",31,86788107,99.75
"22292","newmarket",31,86788138,99.75
"22293","niacin",31,86788169,99.75
"22294","nondenominational",31,86788200,99.75
"22295","obediently",31,86788231,99.75
"22296","obliging",31,86788262,99.75
"22297","ocotillo",31,86788293,99.75
"22298","officiant",31,86788324,99.75
"22299","ope",31,86788355,99.75
"22300","ort",31,86788386,99.75
"22301","oxytocin",31,86788417,99.75
"22302","pali",31,86788448,99.75
"22303","peculiarly",31,86788479,99.75
"22304","perpetrate",31,86788510,99.75
"22305","plat",31,86788541,99.75
"22306","polity",31,86788572,99.75
"22307","portico",31,86788603,99.75
"22308","powwow",31,86788634,99.75
"22309","pranked",31,86788665,99.75
"22310","precipitously",31,86788696,99.75
"22311","preposition",31,86788727,99.75
"22312","proviso",31,86788758,99.75
"22313","pursed",31,86788789,99.75
"22314","putative",31,86788820,99.75
"22315","ravage",31,86788851,99.75
"22316","recuperation",31,86788882,99.75
"22317","redecorate",31,86788913,99.75
"22318","regionalism",31,86788944,99.75
"22319","reignite",31,86788975,99.75
"22320","religiosity",31,86789006,99.75
"22321","reversion",31,86789037,99.75
"22322","rincon",31,86789068,99.75
"22323","robustness",31,86789099,99.75
"22324","romping",31,86789130,99.75
"22325","rower",31,86789161,99.75
"22326","sapping",31,86789192,99.75
"22327","saturate",31,86789223,99.75
"22328","scaffold",31,86789254,99.75
"22329","scavenging",31,86789285,99.75
"22330","schematic",31,86789316,99.75
"22331","sconce",31,86789347,99.75
"22332","screamer",31,86789378,99.75
"22333","seasick",31,86789409,99.75
"22334","ser",31,86789440,99.75
"22335","sheard",31,86789471,99.75
"22336","skinning",31,86789502,99.75
"22337","somersault",31,86789533,99.75
"22338","sonship",31,86789564,99.75
"22339","sophomoric",31,86789595,99.75
"22340","sorceress",31,86789626,99.75
"22341","southpaw",31,86789657,99.75
"22342","sternum",31,86789688,99.75
"22343","stilt",31,86789719,99.75
"22344","stine",31,86789750,99.75
"22345","stubb",31,86789781,99.75
"22346","suffix",31,86789812,99.75
"22347","sunspot",31,86789843,99.75
"22348","tantalizingly",31,86789874,99.75
"22349","tempestuous",31,86789905,99.75
"22350","tipster",31,86789936,99.75
"22351","tomfoolery",31,86789967,99.75
"22352","tranquilizer",31,86789998,99.75
"22353","triplet",31,86790029,99.75
"22354","underlie",31,86790060,99.75
"22355","undersecretary",31,86790091,99.75
"22356","unicycle",31,86790122,99.75
"22357","unseated",31,86790153,99.75
"22358","unspent",31,86790184,99.76
"22359","viciousness",31,86790215,99.76
"22360","vidya",31,86790246,99.76
"22361","wainscoting",31,86790277,99.76
"22362","wenzel",31,86790308,99.76
"22363","wordsmith",31,86790339,99.76
"22364","youse",31,86790370,99.76
"22365","acquiesce",30,86790400,99.76
"22366","actuarial",30,86790430,99.76
"22367","adulterous",30,86790460,99.76
"22368","amyloid",30,86790490,99.76
"22369","anodyne",30,86790520,99.76
"22370","appallingly",30,86790550,99.76
"22371","aquavit",30,86790580,99.76
"22372","ascendant",30,86790610,99.76
"22373","astutely",30,86790640,99.76
"22374","atchison",30,86790670,99.76
"22375","backless",30,86790700,99.76
"22376","bayard",30,86790730,99.76
"22377","beatable",30,86790760,99.76
"22378","bibliographic",30,86790790,99.76
"22379","blacker",30,86790820,99.76
"22380","blinker",30,86790850,99.76
"22381","blubber",30,86790880,99.76
"22382","bravura",30,86790910,99.76
"22383","breakwater",30,86790940,99.76
"22384","brickyard",30,86790970,99.76
"22385","broiling",30,86791000,99.76
"22386","browner",30,86791030,99.76
"22387","brutish",30,86791060,99.76
"22388","bulwark",30,86791090,99.76
"22389","busied",30,86791120,99.76
"22390","cagey",30,86791150,99.76
"22391","carer",30,86791180,99.76
"22392","carfax",30,86791210,99.76
"22393","categorical",30,86791240,99.76
"22394","cern",30,86791270,99.76
"22395","changeling",30,86791300,99.76
"22396","checkmate",30,86791330,99.76
"22397","childbearing",30,86791360,99.76
"22398","choreograph",30,86791390,99.76
"22399","churchyard",30,86791420,99.76
"22400","clamshell",30,86791450,99.76
"22401","clapboard",30,86791480,99.76
"22402","comedienne",30,86791510,99.76
"22403","concave",30,86791540,99.76
"22404","concisely",30,86791570,99.76
"22405","confab",30,86791600,99.76
"22406","congruent",30,86791630,99.76
"22407","coveting",30,86791660,99.76
"22408","crayfish",30,86791690,99.76
"22409","dictum",30,86791720,99.76
"22410","diphtheria",30,86791750,99.76
"22411","diplomatically",30,86791780,99.76
"22412","dispassionate",30,86791810,99.76
"22413","diuretic",30,86791840,99.76
"22414","doohickey",30,86791870,99.76
"22415","dote",30,86791900,99.76
"22416","duckie",30,86791930,99.76
"22417","dulcet",30,86791960,99.76
"22418","ecologist",30,86791990,99.76
"22419","endoscopy",30,86792020,99.76
"22420","entitle",30,86792050,99.76
"22421","epinephrine",30,86792080,99.76
"22422","escapist",30,86792110,99.76
"22423","exalt",30,86792140,99.76
"22424","executor",30,86792170,99.76
"22425","exhort",30,86792200,99.76
"22426","extremity",30,86792230,99.76
"22427","fain",30,86792260,99.76
"22428","falsify",30,86792290,99.76
"22429","feigning",30,86792320,99.76
"22430","flexor",30,86792350,99.76
"22431","flyball",30,86792380,99.76
"22432","forthwith",30,86792410,99.76
"22433","fudgy",30,86792440,99.76
"22434","furtive",30,86792470,99.76
"22435","gaff",30,86792500,99.76
"22436","galling",30,86792530,99.76
"22437","gare",30,86792560,99.76
"22438","gargle",30,86792590,99.76
"22439","gomer",30,86792620,99.76
"22440","goodly",30,86792650,99.76
"22441","gor",30,86792680,99.76
"22442","grandly",30,86792710,99.76
"22443","graveside",30,86792740,99.76
"22444","guarantor",30,86792770,99.76
"22445","gumby",30,86792800,99.76
"22446","harmoniously",30,86792830,99.76
"22447","herder",30,86792860,99.76
"22448","hidalgo",30,86792890,99.76
"22449","hodder",30,86792920,99.76
"22450","hogwash",30,86792950,99.76
"22451","homemaking",30,86792980,99.76
"22452","houseful",30,86793010,99.76
"22453","humus",30,86793040,99.76
"22454","hypnotize",30,86793070,99.76
"22455","ikat",30,86793100,99.76
"22456","imperious",30,86793130,99.76
"22457","inconsolable",30,86793160,99.76
"22458","indelibly",30,86793190,99.76
"22459","inordinately",30,86793220,99.76
"22460","insignificance",30,86793250,99.76
"22461","intelligencer",30,86793280,99.76
"22462","intentionality",30,86793310,99.76
"22463","interchangeably",30,86793340,99.76
"22464","intertwine",30,86793370,99.76
"22465","irksome",30,86793400,99.76
"22466","irregularity",30,86793430,99.76
"22467","izzard",30,86793460,99.76
"22468","jammer",30,86793490,99.76
"22469","jehu",30,86793520,99.76
"22470","kazoo",30,86793550,99.76
"22471","keck",30,86793580,99.76
"22472","keno",30,86793610,99.76
"22473","keratin",30,86793640,99.76
"22474","kiddy",30,86793670,99.76
"22475","killeen",30,86793700,99.76
"22476","lacerated",30,86793730,99.76
"22477","laconic",30,86793760,99.76
"22478","laurelwood",30,86793790,99.76
"22479","lawmaking",30,86793820,99.76
"22480","leeward",30,86793850,99.76
"22481","lustrous",30,86793880,99.76
"22482","luxuriously",30,86793910,99.76
"22483","machinist",30,86793940,99.76
"22484","maggot",30,86793970,99.76
"22485","mako",30,86794000,99.76
"22486","manifestly",30,86794030,99.76
"22487","masochistic",30,86794060,99.76
"22488","mauling",30,86794090,99.76
"22489","maxima",30,86794120,99.76
"22490","mealtime",30,86794150,99.76
"22491","micron",30,86794180,99.76
"22492","militancy",30,86794210,99.76
"22493","monocle",30,86794240,99.76
"22494","mosey",30,86794270,99.76
"22495","multilateral",30,86794300,99.76
"22496","nationhood",30,86794330,99.76
"22497","needful",30,86794360,99.76
"22498","nimbly",30,86794390,99.76
"22499","nomenclature",30,86794420,99.76
"22500","nonfarm",30,86794450,99.76
"22501","notching",30,86794480,99.76
"22502","nought",30,86794510,99.76
"22503","ocarina",30,86794540,99.76
"22504","ornamentation",30,86794570,99.76
"22505","orthodontic",30,86794600,99.76
"22506","orthopedist",30,86794630,99.76
"22507","outlander",30,86794660,99.76
"22508","paean",30,86794690,99.76
"22509","pandan",30,86794720,99.76
"22510","paraffin",30,86794750,99.76
"22511","parkin",30,86794780,99.76
"22512","parliamentarian",30,86794810,99.76
"22513","pelting",30,86794840,99.76
"22514","perpetuation",30,86794870,99.76
"22515","phonetic",30,86794900,99.76
"22516","piet",30,86794930,99.76
"22517","pled",30,86794960,99.76
"22518","poignantly",30,86794990,99.76
"22519","pontiff",30,86795020,99.76
"22520","potash",30,86795050,99.76
"22521","preventer",30,86795080,99.76
"22522","pronoun",30,86795110,99.76
"22523","prospector",30,86795140,99.76
"22524","prowler",30,86795170,99.76
"22525","psychotherapist",30,86795200,99.76
"22526","pullen",30,86795230,99.76
"22527","punctuality",30,86795260,99.76
"22528","purer",30,86795290,99.76
"22529","purplish",30,86795320,99.76
"22530","pylon",30,86795350,99.76
"22531","quant",30,86795380,99.76
"22532","quoth",30,86795410,99.76
"22533","rasa",30,86795440,99.76
"22534","rebar",30,86795470,99.76
"22535","redirection",30,86795500,99.76
"22536","regretfully",30,86795530,99.76
"22537","reintroduction",30,86795560,99.76
"22538","repudiate",30,86795590,99.76
"22539","reservist",30,86795620,99.76
"22540","reutter",30,86795650,99.76
"22541","salter",30,86795680,99.76
"22542","salvaging",30,86795710,99.76
"22543","sanctum",30,86795740,99.76
"22544","scram",30,86795770,99.76
"22545","scrunch",30,86795800,99.76
"22546","seamer",30,86795830,99.76
"22547","segmented",30,86795860,99.76
"22548","silica",30,86795890,99.76
"22549","sion",30,86795920,99.76
"22550","sniffer",30,86795950,99.76
"22551","sola",30,86795980,99.76
"22552","soler",30,86796010,99.76
"22553","steamship",30,86796040,99.76
"22554","stiffen",30,86796070,99.76
"22555","stockbroker",30,86796100,99.76
"22556","stooping",30,86796130,99.76
"22557","sugarplum",30,86796160,99.76
"22558","sump",30,86796190,99.76
"22559","supplementation",30,86796220,99.76
"22560","swaggy",30,86796250,99.76
"22561","tactfully",30,86796280,99.76
"22562","tash",30,86796310,99.76
"22563","tattle",30,86796340,99.76
"22564","teahouse",30,86796370,99.76
"22565","thuggish",30,86796400,99.76
"22566","tiburon",30,86796430,99.76
"22567","timeliness",30,86796460,99.76
"22568","timor",30,86796490,99.76
"22569","towered",30,86796520,99.76
"22570","traceable",30,86796550,99.76
"22571","transverse",30,86796580,99.76
"22572","twiddling",30,86796610,99.76
"22573","twiggy",30,86796640,99.76
"22574","unblemished",30,86796670,99.76
"22575","uncommitted",30,86796700,99.76
"22576","unionist",30,86796730,99.76
"22577","unlikable",30,86796760,99.76
"22578","unlit",30,86796790,99.76
"22579","unpaved",30,86796820,99.76
"22580","unpeeled",30,86796850,99.76
"22581","unsaturated",30,86796880,99.76
"22582","virginal",30,86796910,99.76
"22583","washboard",30,86796940,99.76
"22584","waterline",30,86796970,99.76
"22585","workmanlike",30,86797000,99.76
"22586","aberrant",29,86797029,99.76
"22587","accusatory",29,86797058,99.76
"22588","acquit",29,86797087,99.76
"22589","actualization",29,86797116,99.76
"22590","adagio",29,86797145,99.76
"22591","adeptness",29,86797174,99.76
"22592","adjutant",29,86797203,99.76
"22593","adventitious",29,86797232,99.76
"22594","aglow",29,86797261,99.76
"22595","agonize",29,86797290,99.76
"22596","albee",29,86797319,99.76
"22597","animalistic",29,86797348,99.76
"22598","antiquing",29,86797377,99.76
"22599","askance",29,86797406,99.76
"22600","augh",29,86797435,99.76
"22601","backfill",29,86797464,99.76
"22602","bailiff",29,86797493,99.76
"22603","bandanna",29,86797522,99.76
"22604","baptismal",29,86797551,99.76
"22605","barmaid",29,86797580,99.76
"22606","bauble",29,86797609,99.76
"22607","bedspread",29,86797638,99.76
"22608","beek",29,86797667,99.76
"22609","blackthorn",29,86797696,99.76
"22610","blick",29,86797725,99.76
"22611","bluegill",29,86797754,99.76
"22612","boatwright",29,86797783,99.76
"22613","boll",29,86797812,99.76
"22614","brod",29,86797841,99.76
"22615","bubby",29,86797870,99.76
"22616","burnet",29,86797899,99.76
"22617","buzzy",29,86797928,99.76
"22618","byee",29,86797957,99.76
"22619","caboose",29,86797986,99.76
"22620","canard",29,86798015,99.76
"22621","capacitor",29,86798044,99.76
"22622","carbonite",29,86798073,99.76
"22623","ceaseless",29,86798102,99.76
"22624","checkerboard",29,86798131,99.76
"22625","cheerfulness",29,86798160,99.76
"22626","chlorophyll",29,86798189,99.76
"22627","chopstick",29,86798218,99.76
"22628","clammy",29,86798247,99.76
"22629","clapper",29,86798276,99.76
"22630","coexistence",29,86798305,99.76
"22631","collegial",29,86798334,99.76
"22632","committal",29,86798363,99.76
"22633","communicable",29,86798392,99.76
"22634","compatriot",29,86798421,99.76
"22635","computation",29,86798450,99.76
"22636","conformist",29,86798479,99.76
"22637","constabulary",29,86798508,99.76
"22638","contrivance",29,86798537,99.76
"22639","coppery",29,86798566,99.76
"22640","criminology",29,86798595,99.76
"22641","croon",29,86798624,99.76
"22642","crosse",29,86798653,99.76
"22643","curacao",29,86798682,99.76
"22644","curio",29,86798711,99.76
"22645","curvature",29,86798740,99.76
"22646","damme",29,86798769,99.76
"22647","darkish",29,86798798,99.76
"22648","debonair",29,86798827,99.76
"22649","dehydrator",29,86798856,99.76
"22650","deplore",29,86798885,99.77
"22651","deplored",29,86798914,99.77
"22652","depressant",29,86798943,99.77
"22653","detestable",29,86798972,99.77
"22654","devolution",29,86799001,99.77
"22655","dingle",29,86799030,99.77
"22656","disbelieve",29,86799059,99.77
"22657","disenfranchise",29,86799088,99.77
"22658","disorganization",29,86799117,99.77
"22659","dissension",29,86799146,99.77
"22660","divestment",29,86799175,99.77
"22661","divorcee",29,86799204,99.77
"22662","drow",29,86799233,99.77
"22663","duller",29,86799262,99.77
"22664","earworm",29,86799291,99.77
"22665","electrics",29,86799320,99.77
"22666","emphysema",29,86799349,99.77
"22667","entrails",29,86799378,99.77
"22668","envelop",29,86799407,99.77
"22669","epistemological",29,86799436,99.77
"22670","epistemology",29,86799465,99.77
"22671","ersatz",29,86799494,99.77
"22672","escapee",29,86799523,99.77
"22673","expectantly",29,86799552,99.77
"22674","extol",29,86799581,99.77
"22675","extravagantly",29,86799610,99.77
"22676","feathering",29,86799639,99.77
"22677","ficelle",29,86799668,99.77
"22678","flavorless",29,86799697,99.77
"22679","flog",29,86799726,99.77
"22680","flotilla",29,86799755,99.77
"22681","flub",29,86799784,99.77
"22682","frazer",29,86799813,99.77
"22683","generative",29,86799842,99.77
"22684","glasser",29,86799871,99.77
"22685","glisten",29,86799900,99.77
"22686","gluck",29,86799929,99.77
"22687","grampa",29,86799958,99.77
"22688","grenadine",29,86799987,99.77
"22689","gulping",29,86800016,99.77
"22690","hap",29,86800045,99.77
"22691","hazen",29,86800074,99.77
"22692","headlock",29,86800103,99.77
"22693","hellhole",29,86800132,99.77
"22694","henchman",29,86800161,99.77
"22695","homebody",29,86800190,99.77
"22696","hypo",29,86800219,99.77
"22697","identically",29,86800248,99.77
"22698","identifier",29,86800277,99.77
"22699","ideologue",29,86800306,99.77
"22700","imperil",29,86800335,99.77
"22701","incontrovertible",29,86800364,99.77
"22702","ineffectiveness",29,86800393,99.77
"22703","insubordination",29,86800422,99.77
"22704","insufficiency",29,86800451,99.77
"22705","irrationality",29,86800480,99.77
"22706","irrigate",29,86800509,99.77
"22707","juba",29,86800538,99.77
"22708","kahuna",29,86800567,99.77
"22709","kaki",29,86800596,99.77
"22710","keita",29,86800625,99.77
"22711","kneed",29,86800654,99.77
"22712","kob",29,86800683,99.77
"22713","kohlrabi",29,86800712,99.77
"22714","lamentable",29,86800741,99.77
"22715","leftism",29,86800770,99.77
"22716","leger",29,86800799,99.77
"22717","linder",29,86800828,99.77
"22718","litigious",29,86800857,99.77
"22719","lugged",29,86800886,99.77
"22720","malo",29,86800915,99.77
"22721","mardy",29,86800944,99.77
"22722","marginalize",29,86800973,99.77
"22723","martel",29,86801002,99.77
"22724","masha",29,86801031,99.77
"22725","masochist",29,86801060,99.77
"22726","millisecond",29,86801089,99.77
"22727","misinterpretation",29,86801118,99.77
"22728","mongoose",29,86801147,99.77
"22729","mooning",29,86801176,99.77
"22730","mooring",29,86801205,99.77
"22731","moorish",29,86801234,99.77
"22732","motherless",29,86801263,99.77
"22733","muchly",29,86801292,99.77
"22734","myrrh",29,86801321,99.77
"22735","narcolepsy",29,86801350,99.77
"22736","niceness",29,86801379,99.77
"22737","nonalcoholic",29,86801408,99.77
"22738","northernmost",29,86801437,99.77
"22739","officeholder",29,86801466,99.77
"22740","oka",29,86801495,99.77
"22741","ornately",29,86801524,99.77
"22742","outwit",29,86801553,99.77
"22743","parallax",29,86801582,99.77
"22744","paternalistic",29,86801611,99.77
"22745","pensioner",29,86801640,99.77
"22746","pitfall",29,86801669,99.77
"22747","pledger",29,86801698,99.77
"22748","plundering",29,86801727,99.77
"22749","pombo",29,86801756,99.77
"22750","pontificate",29,86801785,99.77
"22751","popularize",29,86801814,99.77
"22752","postdoctoral",29,86801843,99.77
"22753","precondition",29,86801872,99.77
"22754","preserver",29,86801901,99.77
"22755","protestantism",29,86801930,99.77
"22756","prudently",29,86801959,99.77
"22757","quintin",29,86801988,99.77
"22758","raglan",29,86802017,99.77
"22759","ramada",29,86802046,99.77
"22760","rapacious",29,86802075,99.77
"22761","rapier",29,86802104,99.77
"22762","raze",29,86802133,99.77
"22763","remand",29,86802162,99.77
"22764","repulsion",29,86802191,99.77
"22765","restive",29,86802220,99.77
"22766","ridgeway",29,86802249,99.77
"22767","sacrilegious",29,86802278,99.77
"22768","saltine",29,86802307,99.77
"22769","sanctimonious",29,86802336,99.77
"22770","scarfed",29,86802365,99.77
"22771","scavenge",29,86802394,99.77
"22772","scepter",29,86802423,99.77
"22773","seidel",29,86802452,99.77
"22774","sentry",29,86802481,99.77
"22775","sharpshooter",29,86802510,99.77
"22776","shiv",29,86802539,99.77
"22777","shoeless",29,86802568,99.77
"22778","shorn",29,86802597,99.77
"22779","shure",29,86802626,99.77
"22780","sisterly",29,86802655,99.77
"22781","slanderous",29,86802684,99.77
"22782","sleeker",29,86802713,99.77
"22783","slithering",29,86802742,99.77
"22784","sloppiness",29,86802771,99.77
"22785","soco",29,86802800,99.77
"22786","solidity",29,86802829,99.77
"22787","stammer",29,86802858,99.77
"22788","stubbed",29,86802887,99.77
"22789","subduction",29,86802916,99.77
"22790","subjection",29,86802945,99.77
"22791","subsist",29,86802974,99.77
"22792","superfine",29,86803003,99.77
"22793","sympathetically",29,86803032,99.77
"22794","syncretistic",29,86803061,99.77
"22795","tableaux",29,86803090,99.77
"22796","tactically",29,86803119,99.77
"22797","tangential",29,86803148,99.77
"22798","tasker",29,86803177,99.77
"22799","tenement",29,86803206,99.77
"22800","thermodynamics",29,86803235,99.77
"22801","timepiece",29,86803264,99.77
"22802","tinny",29,86803293,99.77
"22803","titania",29,86803322,99.77
"22804","titling",29,86803351,99.77
"22805","transparently",29,86803380,99.77
"22806","turnabout",29,86803409,99.77
"22807","tweedy",29,86803438,99.77
"22808","typhoid",29,86803467,99.77
"22809","umber",29,86803496,99.77
"22810","unacknowledged",29,86803525,99.77
"22811","uncounted",29,86803554,99.77
"22812","underbrush",29,86803583,99.77
"22813","unfurl",29,86803612,99.77
"22814","unmentioned",29,86803641,99.77
"22815","unpainted",29,86803670,99.77
"22816","unplayable",29,86803699,99.77
"22817","unpleasantness",29,86803728,99.77
"22818","unsaved",29,86803757,99.77
"22819","unspectacular",29,86803786,99.77
"22820","untidy",29,86803815,99.77
"22821","untruthful",29,86803844,99.77
"22822","vanquish",29,86803873,99.77
"22823","vesuvius",29,86803902,99.77
"22824","voraciously",29,86803931,99.77
"22825","wain",29,86803960,99.77
"22826","wandy",29,86803989,99.77
"22827","webbing",29,86804018,99.77
"22828","winder",29,86804047,99.77
"22829","windscreen",29,86804076,99.77
"22830","wips",29,86804105,99.77
"22831","witching",29,86804134,99.77
"22832","zink",29,86804163,99.77
"22833","abbreviate",28,86804191,99.77
"22834","acrid",28,86804219,99.77
"22835","adroit",28,86804247,99.77
"22836","adventuresome",28,86804275,99.77
"22837","afire",28,86804303,99.77
"22838","agonizingly",28,86804331,99.77
"22839","ahu",28,86804359,99.77
"22840","alchemical",28,86804387,99.77
"22841","amman",28,86804415,99.77
"22842","anaconda",28,86804443,99.77
"22843","anaerobic",28,86804471,99.77
"22844","anarchic",28,86804499,99.77
"22845","anil",28,86804527,99.77
"22846","anticipatory",28,86804555,99.77
"22847","apologetics",28,86804583,99.77
"22848","apostasy",28,86804611,99.77
"22849","appendectomy",28,86804639,99.77
"22850","appraise",28,86804667,99.77
"22851","aquamarine",28,86804695,99.77
"22852","ascetic",28,86804723,99.77
"22853","asphyxiation",28,86804751,99.77
"22854","bakehouse",28,86804779,99.77
"22855","barbary",28,86804807,99.77
"22856","barolo",28,86804835,99.77
"22857","barrack",28,86804863,99.77
"22858","basso",28,86804891,99.77
"22859","bawl",28,86804919,99.77
"22860","beget",28,86804947,99.77
"22861","bellflower",28,86804975,99.77
"22862","bes",28,86805003,99.77
"22863","bevel",28,86805031,99.77
"22864","biding",28,86805059,99.77
"22865","birdland",28,86805087,99.77
"22866","birthmark",28,86805115,99.77
"22867","bluey",28,86805143,99.77
"22868","bookbinding",28,86805171,99.77
"22869","bookselling",28,86805199,99.77
"22870","buffed",28,86805227,99.77
"22871","bung",28,86805255,99.77
"22872","candlewick",28,86805283,99.77
"22873","canner",28,86805311,99.77
"22874","cantilevered",28,86805339,99.77
"22875","carotid",28,86805367,99.77
"22876","celebrant",28,86805395,99.77
"22877","chabot",28,86805423,99.77
"22878","chapbook",28,86805451,99.77
"22879","chloroform",28,86805479,99.77
"22880","chrysanthemum",28,86805507,99.77
"22881","circulatory",28,86805535,99.77
"22882","coder",28,86805563,99.77
"22883","compiler",28,86805591,99.77
"22884","conscientiously",28,86805619,99.77
"22885","consonant",28,86805647,99.77
"22886","constrain",28,86805675,99.77
"22887","constrict",28,86805703,99.77
"22888","consular",28,86805731,99.77
"22889","cupola",28,86805759,99.77
"22890","dawdle",28,86805787,99.77
"22891","dearie",28,86805815,99.77
"22892","debater",28,86805843,99.77
"22893","debrief",28,86805871,99.77
"22894","decider",28,86805899,99.77
"22895","demography",28,86805927,99.77
"22896","detoxify",28,86805955,99.77
"22897","dialectic",28,86805983,99.77
"22898","diametrically",28,86806011,99.77
"22899","dismount",28,86806039,99.77
"22900","doggone",28,86806067,99.77
"22901","dormancy",28,86806095,99.77
"22902","dowel",28,86806123,99.77
"22903","dramatics",28,86806151,99.77
"22904","dynamically",28,86806179,99.77
"22905","easterly",28,86806207,99.77
"22906","ecole",28,86806235,99.77
"22907","edger",28,86806263,99.77
"22908","electroshock",28,86806291,99.77
"22909","elope",28,86806319,99.77
"22910","encode",28,86806347,99.77
"22911","enlistment",28,86806375,99.77
"22912","enshrine",28,86806403,99.77
"22913","eon",28,86806431,99.77
"22914","excavate",28,86806459,99.77
"22915","existentialism",28,86806487,99.77
"22916","extradite",28,86806515,99.77
"22917","federalism",28,86806543,99.77
"22918","flouting",28,86806571,99.77
"22919","fogged",28,86806599,99.77
"22920","frack",28,86806627,99.77
"22921","frankincense",28,86806655,99.77
"22922","frig",28,86806683,99.77
"22923","gainful",28,86806711,99.77
"22924","gape",28,86806739,99.77
"22925","gaseous",28,86806767,99.77
"22926","gassing",28,86806795,99.77
"22927","gethsemane",28,86806823,99.77
"22928","glossing",28,86806851,99.77
"22929","gnu",28,86806879,99.77
"22930","grimly",28,86806907,99.77
"22931","gruel",28,86806935,99.77
"22932","hammerhead",28,86806963,99.77
"22933","hammersmith",28,86806991,99.77
"22934","harborside",28,86807019,99.77
"22935","hocus",28,86807047,99.77
"22936","houser",28,86807075,99.77
"22937","hunchback",28,86807103,99.77
"22938","huntress",28,86807131,99.77
"22939","icebox",28,86807159,99.77
"22940","implacable",28,86807187,99.77
"22941","impostor",28,86807215,99.77
"22942","inattention",28,86807243,99.77
"22943","incursion",28,86807271,99.77
"22944","indentation",28,86807299,99.77
"22945","indisputably",28,86807327,99.77
"22946","inerrancy",28,86807355,99.77
"22947","infirm",28,86807383,99.77
"22948","inflow",28,86807411,99.77
"22949","insulating",28,86807439,99.77
"22950","interventionist",28,86807467,99.77
"22951","invalidity",28,86807495,99.77
"22952","invective",28,86807523,99.77
"22953","invulnerable",28,86807551,99.77
"22954","irresponsibly",28,86807579,99.78
"22955","jerker",28,86807607,99.78
"22956","kismet",28,86807635,99.78
"22957","knockdown",28,86807663,99.78
"22958","knuckled",28,86807691,99.78
"22959","kudzu",28,86807719,99.78
"22960","labia",28,86807747,99.78
"22961","levitate",28,86807775,99.78
"22962","littoral",28,86807803,99.78
"22963","logger",28,86807831,99.78
"22964","lovelorn",28,86807859,99.78
"22965","marketability",28,86807887,99.78
"22966","miscue",28,86807915,99.78
"22967","misfire",28,86807943,99.78
"22968","mitochondrial",28,86807971,99.78
"22969","morbidity",28,86807999,99.78
"22970","mullah",28,86808027,99.78
"22971","mung",28,86808055,99.78
"22972","nar",28,86808083,99.78
"22973","negation",28,86808111,99.78
"22974","nimbus",28,86808139,99.78
"22975","nobleman",28,86808167,99.78
"22976","obliquely",28,86808195,99.78
"22977","occupier",28,86808223,99.78
"22978","oceanography",28,86808251,99.78
"22979","omniscience",28,86808279,99.78
"22980","ose",28,86808307,99.78
"22981","outcrop",28,86808335,99.78
"22982","padlock",28,86808363,99.78
"22983","paleontologist",28,86808391,99.78
"22984","parameter",28,86808419,99.78
"22985","parentage",28,86808447,99.78
"22986","paver",28,86808475,99.78
"22987","pitying",28,86808503,99.78
"22988","preen",28,86808531,99.78
"22989","professorial",28,86808559,99.78
"22990","programmatic",28,86808587,99.78
"22991","propulsive",28,86808615,99.78
"22992","puritanical",28,86808643,99.78
"22993","puzzlement",28,86808671,99.78
"22994","rattan",28,86808699,99.78
"22995","raya",28,86808727,99.78
"22996","reassemble",28,86808755,99.78
"22997","rebroadcast",28,86808783,99.78
"22998","recalcitrant",28,86808811,99.78
"22999","recept",28,86808839,99.78
"23000","redfish",28,86808867,99.78
"23001","renunciation",28,86808895,99.78
"23002","resubmit",28,86808923,99.78
"23003","retinal",28,86808951,99.78
"23004","reverently",28,86808979,99.78
"23005","ritzy",28,86809007,99.78
"23006","ruminating",28,86809035,99.78
"23007","satiate",28,86809063,99.78
"23008","scowling",28,86809091,99.78
"23009","sensationalist",28,86809119,99.78
"23010","sensitively",28,86809147,99.78
"23011","separatist",28,86809175,99.78
"23012","serger",28,86809203,99.78
"23013","sheathed",28,86809231,99.78
"23014","shoelace",28,86809259,99.78
"23015","shogun",28,86809287,99.78
"23016","shortcoming",28,86809315,99.78
"23017","simpleton",28,86809343,99.78
"23018","sinless",28,86809371,99.78
"23019","sleepwalking",28,86809399,99.78
"23020","specious",28,86809427,99.78
"23021","squab",28,86809455,99.78
"23022","squall",28,86809483,99.78
"23023","stander",28,86809511,99.78
"23024","stargazing",28,86809539,99.78
"23025","stemware",28,86809567,99.78
"23026","streaker",28,86809595,99.78
"23027","surah",28,86809623,99.78
"23028","survivalist",28,86809651,99.78
"23029","swordplay",28,86809679,99.78
"23030","synapses",28,86809707,99.78
"23031","synchronize",28,86809735,99.78
"23032","tacitly",28,86809763,99.78
"23033","telephoto",28,86809791,99.78
"23034","tented",28,86809819,99.78
"23035","tittle",28,86809847,99.78
"23036","tou",28,86809875,99.78
"23037","triumvirate",28,86809903,99.78
"23038","tyke",28,86809931,99.78
"23039","typographic",28,86809959,99.78
"23040","unaided",28,86809987,99.78
"23041","unbelieving",28,86810015,99.78
"23042","uncritical",28,86810043,99.78
"23043","undamaged",28,86810071,99.78
"23044","unforgiveness",28,86810099,99.78
"23045","unfussy",28,86810127,99.78
"23046","unionize",28,86810155,99.78
"23047","unpolished",28,86810183,99.78
"23048","unquenchable",28,86810211,99.78
"23049","unspeakably",28,86810239,99.78
"23050","unverified",28,86810267,99.78
"23051","ust",28,86810295,99.78
"23052","vainly",28,86810323,99.78
"23053","viceroy",28,86810351,99.78
"23054","villar",28,86810379,99.78
"23055","viscosity",28,86810407,99.78
"23056","weet",28,86810435,99.78
"23057","welt",28,86810463,99.78
"23058","whacky",28,86810491,99.78
"23059","whoopee",28,86810519,99.78
"23060","wilding",28,86810547,99.78
"23061","woodshed",28,86810575,99.78
"23062","wrecker",28,86810603,99.78
"23063","zo",28,86810631,99.78
"23064","abdication",27,86810658,99.78
"23065","acropolis",27,86810685,99.78
"23066","adequacy",27,86810712,99.78
"23067","admiringly",27,86810739,99.78
"23068","ampersand",27,86810766,99.78
"23069","amulet",27,86810793,99.78
"23070","ananda",27,86810820,99.78
"23071","anda",27,86810847,99.78
"23072","angina",27,86810874,99.78
"23073","annunciation",27,86810901,99.78
"23074","appendicitis",27,86810928,99.78
"23075","aquilino",27,86810955,99.78
"23076","arborist",27,86810982,99.78
"23077","arcing",27,86811009,99.78
"23078","assistive",27,86811036,99.78
"23079","attentively",27,86811063,99.78
"23080","auger",27,86811090,99.78
"23081","backhander",27,86811117,99.78
"23082","baht",27,86811144,99.78
"23083","baldness",27,86811171,99.78
"23084","banquette",27,86811198,99.78
"23085","banzai",27,86811225,99.78
"23086","barbarism",27,86811252,99.78
"23087","bemusement",27,86811279,99.78
"23088","bilge",27,86811306,99.78
"23089","binocular",27,86811333,99.78
"23090","blas",27,86811360,99.78
"23091","blotter",27,86811387,99.78
"23092","blubbering",27,86811414,99.78
"23093","bumbo",27,86811441,99.78
"23094","buxom",27,86811468,99.78
"23095","calibration",27,86811495,99.78
"23096","cantata",27,86811522,99.78
"23097","capably",27,86811549,99.78
"23098","cartman",27,86811576,99.78
"23099","ceaselessly",27,86811603,99.78
"23100","centauri",27,86811630,99.78
"23101","centralize",27,86811657,99.78
"23102","centrifuge",27,86811684,99.78
"23103","chancery",27,86811711,99.78
"23104","chitchat",27,86811738,99.78
"23105","cistern",27,86811765,99.78
"23106","clinician",27,86811792,99.78
"23107","clinking",27,86811819,99.78
"23108","compositional",27,86811846,99.78
"23109","constricted",27,86811873,99.78
"23110","contort",27,86811900,99.78
"23111","coppin",27,86811927,99.78
"23112","corsage",27,86811954,99.78
"23113","corse",27,86811981,99.78
"23114","croak",27,86812008,99.78
"23115","cubist",27,86812035,99.78
"23116","curvaceous",27,86812062,99.78
"23117","decapitation",27,86812089,99.78
"23118","degas",27,86812116,99.78
"23119","delineate",27,86812143,99.78
"23120","deluding",27,86812170,99.78
"23121","demagoguery",27,86812197,99.78
"23122","deprecation",27,86812224,99.78
"23123","determinedly",27,86812251,99.78
"23124","dilation",27,86812278,99.78
"23125","dilettante",27,86812305,99.78
"23126","downwind",27,86812332,99.78
"23127","dullness",27,86812359,99.78
"23128","ecclesia",27,86812386,99.78
"23129","eclecticism",27,86812413,99.78
"23130","encaustic",27,86812440,99.78
"23131","enhancer",27,86812467,99.78
"23132","enlarging",27,86812494,99.78
"23133","enquire",27,86812521,99.78
"23134","escapade",27,86812548,99.78
"23135","evangelistic",27,86812575,99.78
"23136","exclusionary",27,86812602,99.78
"23137","exfoliation",27,86812629,99.78
"23138","exhalation",27,86812656,99.78
"23139","expeditionary",27,86812683,99.78
"23140","extractive",27,86812710,99.78
"23141","faints",27,86812737,99.78
"23142","fatalistic",27,86812764,99.78
"23143","fibula",27,86812791,99.78
"23144","fico",27,86812818,99.78
"23145","filament",27,86812845,99.78
"23146","flagstone",27,86812872,99.78
"23147","floodwater",27,86812899,99.78
"23148","flywheel",27,86812926,99.78
"23149","folky",27,86812953,99.78
"23150","frap",27,86812980,99.78
"23151","freckle",27,86813007,99.78
"23152","freemason",27,86813034,99.78
"23153","galleon",27,86813061,99.78
"23154","gasket",27,86813088,99.78
"23155","gatehouse",27,86813115,99.78
"23156","gau",27,86813142,99.78
"23157","geopolitics",27,86813169,99.78
"23158","germination",27,86813196,99.78
"23159","gigot",27,86813223,99.78
"23160","gimlet",27,86813250,99.78
"23161","grabber",27,86813277,99.78
"23162","groomer",27,86813304,99.78
"23163","hacky",27,86813331,99.78
"23164","hailstorm",27,86813358,99.78
"23165","hubba",27,86813385,99.78
"23166","huffy",27,86813412,99.78
"23167","humorless",27,86813439,99.78
"23168","humped",27,86813466,99.78
"23169","iconoclastic",27,86813493,99.78
"23170","ignominious",27,86813520,99.78
"23171","incrimination",27,86813547,99.78
"23172","inflexibility",27,86813574,99.78
"23173","inquisitor",27,86813601,99.78
"23174","internist",27,86813628,99.78
"23175","intricacy",27,86813655,99.78
"23176","itemize",27,86813682,99.78
"23177","jangle",27,86813709,99.78
"23178","kaka",27,86813736,99.78
"23179","ked",27,86813763,99.78
"23180","keeled",27,86813790,99.78
"23181","kissy",27,86813817,99.78
"23182","kreis",27,86813844,99.78
"23183","levitation",27,86813871,99.78
"23184","limehouse",27,86813898,99.78
"23185","lotter",27,86813925,99.78
"23186","lucerne",27,86813952,99.78
"23187","lune",27,86813979,99.78
"23188","lushly",27,86814006,99.78
"23189","lyceum",27,86814033,99.78
"23190","macadam",27,86814060,99.78
"23191","madder",27,86814087,99.78
"23192","maha",27,86814114,99.78
"23193","mala",27,86814141,99.78
"23194","mammy",27,86814168,99.78
"23195","matrimonial",27,86814195,99.78
"23196","maundy",27,86814222,99.78
"23197","meritorious",27,86814249,99.78
"23198","metallurgical",27,86814276,99.78
"23199","midstream",27,86814303,99.78
"23200","milkman",27,86814330,99.78
"23201","minster",27,86814357,99.78
"23202","misperception",27,86814384,99.78
"23203","mucky",27,86814411,99.78
"23204","nape",27,86814438,99.78
"23205","neolithic",27,86814465,99.78
"23206","nonchalance",27,86814492,99.78
"23207","noontime",27,86814519,99.78
"23208","ophthalmology",27,86814546,99.78
"23209","opine",27,86814573,99.78
"23210","oppositional",27,86814600,99.78
"23211","overeat",27,86814627,99.78
"23212","ovulation",27,86814654,99.78
"23213","painterly",27,86814681,99.78
"23214","papaw",27,86814708,99.78
"23215","parapet",27,86814735,99.78
"23216","patentable",27,86814762,99.78
"23217","patrician",27,86814789,99.78
"23218","persisting",27,86814816,99.78
"23219","personage",27,86814843,99.78
"23220","petrochemical",27,86814870,99.78
"23221","peyote",27,86814897,99.78
"23222","phobic",27,86814924,99.78
"23223","phonograph",27,86814951,99.78
"23224","pica",27,86814978,99.78
"23225","piercer",27,86815005,99.78
"23226","polystyrene",27,86815032,99.78
"23227","pone",27,86815059,99.78
"23228","predicate",27,86815086,99.78
"23229","preformed",27,86815113,99.78
"23230","premonition",27,86815140,99.78
"23231","preshow",27,86815167,99.78
"23232","prissy",27,86815194,99.78
"23233","proclivity",27,86815221,99.78
"23234","psychosocial",27,86815248,99.78
"23235","purebred",27,86815275,99.78
"23236","pyrex",27,86815302,99.78
"23237","rabbinic",27,86815329,99.78
"23238","raffia",27,86815356,99.78
"23239","rath",27,86815383,99.78
"23240","reactivate",27,86815410,99.78
"23241","recalibrate",27,86815437,99.78
"23242","recessionary",27,86815464,99.78
"23243","redheaded",27,86815491,99.78
"23244","redskin",27,86815518,99.78
"23245","relegate",27,86815545,99.78
"23246","ripa",27,86815572,99.78
"23247","roid",27,86815599,99.78
"23248","rotor",27,86815626,99.78
"23249","ruination",27,86815653,99.78
"23250","runt",27,86815680,99.78
"23251","samadhi",27,86815707,99.78
"23252","saskatoon",27,86815734,99.78
"23253","schiavone",27,86815761,99.78
"23254","schimmel",27,86815788,99.78
"23255","scoliosis",27,86815815,99.78
"23256","scurvy",27,86815842,99.78
"23257","sealant",27,86815869,99.78
"23258","searcher",27,86815896,99.78
"23259","seely",27,86815923,99.78
"23260","seethe",27,86815950,99.78
"23261","separateness",27,86815977,99.78
"23262","shafted",27,86816004,99.78
"23263","shamanic",27,86816031,99.78
"23264","sheaf",27,86816058,99.78
"23265","shee",27,86816085,99.78
"23266","shellacking",27,86816112,99.78
"23267","shouldering",27,86816139,99.78
"23268","shrewdly",27,86816166,99.78
"23269","skidding",27,86816193,99.78
"23270","sleeplessness",27,86816220,99.78
"23271","smallmouth",27,86816247,99.78
"23272","smush",27,86816274,99.79
"23273","sorter",27,86816301,99.79
"23274","splayed",27,86816328,99.79
"23275","statistician",27,86816355,99.79
"23276","stealthily",27,86816382,99.79
"23277","stoping",27,86816409,99.79
"23278","subliminally",27,86816436,99.79
"23279","sundial",27,86816463,99.79
"23280","surrealistic",27,86816490,99.79
"23281","surreptitious",27,86816517,99.79
"23282","surrogacy",27,86816544,99.79
"23283","swaddling",27,86816571,99.79
"23284","swifter",27,86816598,99.79
"23285","taciturn",27,86816625,99.79
"23286","talentless",27,86816652,99.79
"23287","tallis",27,86816679,99.79
"23288","tammie",27,86816706,99.79
"23289","tangentially",27,86816733,99.79
"23290","tangling",27,86816760,99.79
"23291","taskmaster",27,86816787,99.79
"23292","teatime",27,86816814,99.79
"23293","thar",27,86816841,99.79
"23294","theatricals",27,86816868,99.79
"23295","thuggery",27,86816895,99.79
"23296","timidity",27,86816922,99.79
"23297","tonga",27,86816949,99.79
"23298","topcoat",27,86816976,99.79
"23299","tungsten",27,86817003,99.79
"23300","unbuttoned",27,86817030,99.79
"23301","uncivilized",27,86817057,99.79
"23302","uncredited",27,86817084,99.79
"23303","unfeeling",27,86817111,99.79
"23304","unfulfilling",27,86817138,99.79
"23305","unglamorous",27,86817165,99.79
"23306","unintelligent",27,86817192,99.79
"23307","untroubled",27,86817219,99.79
"23308","vermeil",27,86817246,99.79
"23309","vex",27,86817273,99.79
"23310","vibrational",27,86817300,99.79
"23311","wagoner",27,86817327,99.79
"23312","washroom",27,86817354,99.79
"23313","welk",27,86817381,99.79
"23314","winch",27,86817408,99.79
"23315","wintering",27,86817435,99.79
"23316","woodhouse",27,86817462,99.79
"23317","adjuster",26,86817488,99.79
"23318","admonish",26,86817514,99.79
"23319","agricole",26,86817540,99.79
"23320","airlift",26,86817566,99.79
"23321","amplification",26,86817592,99.79
"23322","aortic",26,86817618,99.79
"23323","awfulness",26,86817644,99.79
"23324","begat",26,86817670,99.79
"23325","bequest",26,86817696,99.79
"23326","bergamot",26,86817722,99.79
"23327","biannual",26,86817748,99.79
"23328","biweekly",26,86817774,99.79
"23329","blanking",26,86817800,99.79
"23330","blitzkrieg",26,86817826,99.79
"23331","blockhead",26,86817852,99.79
"23332","blusher",26,86817878,99.79
"23333","boatman",26,86817904,99.79
"23334","bottlenose",26,86817930,99.79
"23335","burry",26,86817956,99.79
"23336","cajole",26,86817982,99.79
"23337","cakey",26,86818008,99.79
"23338","capitalistic",26,86818034,99.79
"23339","carob",26,86818060,99.79
"23340","chenille",26,86818086,99.79
"23341","chub",26,86818112,99.79
"23342","coining",26,86818138,99.79
"23343","consecutively",26,86818164,99.79
"23344","contemptible",26,86818190,99.79
"23345","coot",26,86818216,99.79
"23346","courant",26,86818242,99.79
"23347","cree",26,86818268,99.79
"23348","crestfallen",26,86818294,99.79
"23349","curmudgeonly",26,86818320,99.79
"23350","cuticle",26,86818346,99.79
"23351","defile",26,86818372,99.79
"23352","dervish",26,86818398,99.79
"23353","descript",26,86818424,99.79
"23354","detainer",26,86818450,99.79
"23355","deterministic",26,86818476,99.79
"23356","devilishly",26,86818502,99.79
"23357","disastrously",26,86818528,99.79
"23358","discolored",26,86818554,99.79
"23359","discontented",26,86818580,99.79
"23360","discretely",26,86818606,99.79
"23361","disinfection",26,86818632,99.79
"23362","diverging",26,86818658,99.79
"23363","dragnet",26,86818684,99.79
"23364","dystrophy",26,86818710,99.79
"23365","egging",26,86818736,99.79
"23366","employable",26,86818762,99.79
"23367","engrained",26,86818788,99.79
"23368","epidermis",26,86818814,99.79
"23369","epitomize",26,86818840,99.79
"23370","ethnographic",26,86818866,99.79
"23371","fatalism",26,86818892,99.79
"23372","fatherly",26,86818918,99.79
"23373","feria",26,86818944,99.79
"23374","fiefdom",26,86818970,99.79
"23375","filo",26,86818996,99.79
"23376","fireproof",26,86819022,99.79
"23377","firmament",26,86819048,99.79
"23378","fission",26,86819074,99.79
"23379","flagrantly",26,86819100,99.79
"23380","flam",26,86819126,99.79
"23381","flutist",26,86819152,99.79
"23382","folles",26,86819178,99.79
"23383","formless",26,86819204,99.79
"23384","galena",26,86819230,99.79
"23385","gambia",26,86819256,99.79
"23386","genealogist",26,86819282,99.79
"23387","gird",26,86819308,99.79
"23388","goad",26,86819334,99.79
"23389","grayling",26,86819360,99.79
"23390","gristle",26,86819386,99.79
"23391","gutta",26,86819412,99.79
"23392","healthfully",26,86819438,99.79
"23393","herbalist",26,86819464,99.79
"23394","hippopotamus",26,86819490,99.79
"23395","hod",26,86819516,99.79
"23396","hominy",26,86819542,99.79
"23397","horning",26,86819568,99.79
"23398","hosiery",26,86819594,99.79
"23399","hullabaloo",26,86819620,99.79
"23400","husbandry",26,86819646,99.79
"23401","hydrocarbon",26,86819672,99.79
"23402","hymnal",26,86819698,99.79
"23403","immemorial",26,86819724,99.79
"23404","inborn",26,86819750,99.79
"23405","incarcerate",26,86819776,99.79
"23406","indefatigable",26,86819802,99.79
"23407","inexpensively",26,86819828,99.79
"23408","interdependent",26,86819854,99.79
"23409","invitee",26,86819880,99.79
"23410","ionosphere",26,86819906,99.79
"23411","jitney",26,86819932,99.79
"23412","junket",26,86819958,99.79
"23413","lackland",26,86819984,99.79
"23414","laity",26,86820010,99.79
"23415","lak",26,86820036,99.79
"23416","largemouth",26,86820062,99.79
"23417","leachman",26,86820088,99.79
"23418","leavening",26,86820114,99.79
"23419","lier",26,86820140,99.79
"23420","lill",26,86820166,99.79
"23421","lilt",26,86820192,99.79
"23422","loudness",26,86820218,99.79
"23423","ludo",26,86820244,99.79
"23424","lusk",26,86820270,99.79
"23425","milla",26,86820296,99.79
"23426","milliliter",26,86820322,99.79
"23427","motorboat",26,86820348,99.79
"23428","moulded",26,86820374,99.79
"23429","mousetrap",26,86820400,99.79
"23430","mouton",26,86820426,99.79
"23431","muffle",26,86820452,99.79
"23432","neediness",26,86820478,99.79
"23433","neve",26,86820504,99.79
"23434","nobly",26,86820530,99.79
"23435","nullification",26,86820556,99.79
"23436","oaf",26,86820582,99.79
"23437","obelisk",26,86820608,99.79
"23438","oe",26,86820634,99.79
"23439","opossum",26,86820660,99.79
"23440","ordain",26,86820686,99.79
"23441","oscillating",26,86820712,99.79
"23442","ostensible",26,86820738,99.79
"23443","overactive",26,86820764,99.79
"23444","oversimplification",26,86820790,99.79
"23445","oversupply",26,86820816,99.79
"23446","pacify",26,86820842,99.79
"23447","parolee",26,86820868,99.79
"23448","parter",26,86820894,99.79
"23449","perigee",26,86820920,99.79
"23450","perle",26,86820946,99.79
"23451","perversely",26,86820972,99.79
"23452","peso",26,86820998,99.79
"23453","pharmacology",26,86821024,99.79
"23454","phosphorous",26,86821050,99.79
"23455","plausibility",26,86821076,99.79
"23456","plod",26,86821102,99.79
"23457","podiatrist",26,86821128,99.79
"23458","pointlessly",26,86821154,99.79
"23459","polygamist",26,86821180,99.79
"23460","possessor",26,86821206,99.79
"23461","pouncing",26,86821232,99.79
"23462","praxis",26,86821258,99.79
"23463","predominate",26,86821284,99.79
"23464","prefab",26,86821310,99.79
"23465","prelim",26,86821336,99.79
"23466","pressman",26,86821362,99.79
"23467","proscenium",26,86821388,99.79
"23468","protectionism",26,86821414,99.79
"23469","protestor",26,86821440,99.79
"23470","quadrangle",26,86821466,99.79
"23471","quieting",26,86821492,99.79
"23472","quivered",26,86821518,99.79
"23473","radicalization",26,86821544,99.79
"23474","raptured",26,86821570,99.79
"23475","rayed",26,86821596,99.79
"23476","reimagine",26,86821622,99.79
"23477","reparation",26,86821648,99.79
"23478","reposition",26,86821674,99.79
"23479","roker",26,86821700,99.79
"23480","sadism",26,86821726,99.79
"23481","sago",26,86821752,99.79
"23482","sark",26,86821778,99.79
"23483","sayid",26,86821804,99.79
"23484","scuttling",26,86821830,99.79
"23485","sepsis",26,86821856,99.79
"23486","sequester",26,86821882,99.79
"23487","shim",26,86821908,99.79
"23488","shrinky",26,86821934,99.79
"23489","sie",26,86821960,99.79
"23490","skelter",26,86821986,99.79
"23491","slotting",26,86822012,99.79
"23492","snipping",26,86822038,99.79
"23493","snooker",26,86822064,99.79
"23494","sora",26,86822090,99.79
"23495","spectra",26,86822116,99.79
"23496","stateless",26,86822142,99.79
"23497","statesmanship",26,86822168,99.79
"23498","steadying",26,86822194,99.79
"23499","stiffly",26,86822220,99.79
"23500","stingray",26,86822246,99.79
"23501","substrate",26,86822272,99.79
"23502","sud",26,86822298,99.79
"23503","superficiality",26,86822324,99.79
"23504","swa",26,86822350,99.79
"23505","swarthy",26,86822376,99.79
"23506","symbiosis",26,86822402,99.79
"23507","syne",26,86822428,99.79
"23508","temptress",26,86822454,99.79
"23509","thereto",26,86822480,99.79
"23510","thickener",26,86822506,99.79
"23511","thousandth",26,86822532,99.79
"23512","timelessness",26,86822558,99.79
"23513","timidly",26,86822584,99.79
"23514","tobe",26,86822610,99.79
"23515","tought",26,86822636,99.79
"23516","tovar",26,86822662,99.79
"23517","trenchant",26,86822688,99.79
"23518","trillium",26,86822714,99.79
"23519","tryptophan",26,86822740,99.79
"23520","tuneful",26,86822766,99.79
"23521","unaccustomed",26,86822792,99.79
"23522","unaltered",26,86822818,99.79
"23523","unambiguously",26,86822844,99.79
"23524","unbounded",26,86822870,99.79
"23525","uncannily",26,86822896,99.79
"23526","undignified",26,86822922,99.79
"23527","unpopularity",26,86822948,99.79
"23528","unshaven",26,86822974,99.79
"23529","upstage",26,86823000,99.79
"23530","upturn",26,86823026,99.79
"23531","usury",26,86823052,99.79
"23532","varicella",26,86823078,99.79
"23533","vassal",26,86823104,99.79
"23534","ventriloquist",26,86823130,99.79
"23535","villager",26,86823156,99.79
"23536","whitish",26,86823182,99.79
"23537","whodunit",26,86823208,99.79
"23538","windward",26,86823234,99.79
"23539","witchy",26,86823260,99.79
"23540","workhouse",26,86823286,99.79
"23541","yakin",26,86823312,99.79
"23542","abouts",25,86823337,99.79
"23543","adaptor",25,86823362,99.79
"23544","aer",25,86823387,99.79
"23545","allgood",25,86823412,99.79
"23546","amphibian",25,86823437,99.79
"23547","annulment",25,86823462,99.79
"23548","anode",25,86823487,99.79
"23549","arses",25,86823512,99.79
"23550","artiste",25,86823537,99.79
"23551","baffle",25,86823562,99.79
"23552","balky",25,86823587,99.79
"23553","barangay",25,86823612,99.79
"23554","barfly",25,86823637,99.79
"23555","beautician",25,86823662,99.79
"23556","bekah",25,86823687,99.79
"23557","betters",25,86823712,99.79
"23558","bewitching",25,86823737,99.79
"23559","blowup",25,86823762,99.79
"23560","bolling",25,86823787,99.79
"23561","boorish",25,86823812,99.79
"23562","brickwork",25,86823837,99.79
"23563","brigantine",25,86823862,99.79
"23564","buccaneer",25,86823887,99.79
"23565","bungling",25,86823912,99.79
"23566","canto",25,86823937,99.79
"23567","captor",25,86823962,99.79
"23568","carburetor",25,86823987,99.79
"23569","casein",25,86824012,99.79
"23570","cation",25,86824037,99.79
"23571","cheerily",25,86824062,99.79
"23572","chickadee",25,86824087,99.79
"23573","civilly",25,86824112,99.79
"23574","clumsiness",25,86824137,99.79
"23575","coachable",25,86824162,99.79
"23576","codify",25,86824187,99.79
"23577","commode",25,86824212,99.79
"23578","compasses",25,86824237,99.79
"23579","concurring",25,86824262,99.79
"23580","confectionery",25,86824287,99.79
"23581","conflated",25,86824312,99.79
"23582","copperhead",25,86824337,99.79
"23583","copping",25,86824362,99.79
"23584","cordially",25,86824387,99.79
"23585","corked",25,86824412,99.79
"23586","countersuit",25,86824437,99.79
"23587","cozier",25,86824462,99.79
"23588","cress",25,86824487,99.79
"23589","cretin",25,86824512,99.79
"23590","crockery",25,86824537,99.79
"23591","crocus",25,86824562,99.79
"23592","cunningly",25,86824587,99.79
"23593","curative",25,86824612,99.79
"23594","dao",25,86824637,99.79
"23595","declarative",25,86824662,99.79
"23596","defector",25,86824687,99.79
"23597","deliberative",25,86824712,99.79
"23598","descendent",25,86824737,99.79
"23599","despot",25,86824762,99.79
"23600","dewan",25,86824787,99.79
"23601","didst",25,86824812,99.79
"23602","dietetic",25,86824837,99.79
"23603","dishonorable",25,86824862,99.79
"23604","disorientation",25,86824887,99.79
"23605","dissipation",25,86824912,99.79
"23606","dita",25,86824937,99.79
"23607","dor",25,86824962,99.79
"23608","dorp",25,86824987,99.8
"23609","dramatization",25,86825012,99.8
"23610","earache",25,86825037,99.8
"23611","easterling",25,86825062,99.8
"23612","edelweiss",25,86825087,99.8
"23613","electrolyte",25,86825112,99.8
"23614","emissary",25,86825137,99.8
"23615","entertainingly",25,86825162,99.8
"23616","entrancing",25,86825187,99.8
"23617","equitably",25,86825212,99.8
"23618","exchequer",25,86825237,99.8
"23619","exegesis",25,86825262,99.8
"23620","exhaustively",25,86825287,99.8
"23621","fack",25,86825312,99.8
"23622","fascia",25,86825337,99.8
"23623","filmic",25,86825362,99.8
"23624","fluctuation",25,86825387,99.8
"23625","fot",25,86825412,99.8
"23626","freckled",25,86825437,99.8
"23627","furore",25,86825462,99.8
"23628","furrow",25,86825487,99.8
"23629","furtherance",25,86825512,99.8
"23630","gammon",25,86825537,99.8
"23631","gaol",25,86825562,99.8
"23632","gastroenterologist",25,86825587,99.8
"23633","greenback",25,86825612,99.8
"23634","grittiness",25,86825637,99.8
"23635","guffaw",25,86825662,99.8
"23636","gunplay",25,86825687,99.8
"23637","hallow",25,86825712,99.8
"23638","helpfulness",25,86825737,99.8
"23639","hematology",25,86825762,99.8
"23640","heterogeneous",25,86825787,99.8
"23641","humph",25,86825812,99.8
"23642","hypochondriac",25,86825837,99.8
"23643","ibex",25,86825862,99.8
"23644","ignorantly",25,86825887,99.8
"23645","infinitesimal",25,86825912,99.8
"23646","inhibition",25,86825937,99.8
"23647","inhibitor",25,86825962,99.8
"23648","interlocutor",25,86825987,99.8
"23649","intransigent",25,86826012,99.8
"23650","jailer",25,86826037,99.8
"23651","jaundice",25,86826062,99.8
"23652","jokester",25,86826087,99.8
"23653","keeler",25,86826112,99.8
"23654","keeling",25,86826137,99.8
"23655","kennelly",25,86826162,99.8
"23656","knocker",25,86826187,99.8
"23657","lathe",25,86826212,99.8
"23658","laughingstock",25,86826237,99.8
"23659","lazar",25,86826262,99.8
"23660","legalese",25,86826287,99.8
"23661","loafing",25,86826312,99.8
"23662","localism",25,86826337,99.8
"23663","lough",25,86826362,99.8
"23664","loyally",25,86826387,99.8
"23665","ludicrously",25,86826412,99.8
"23666","lum",25,86826437,99.8
"23667","lute",25,86826462,99.8
"23668","madwoman",25,86826487,99.8
"23669","mangle",25,86826512,99.8
"23670","mangosteen",25,86826537,99.8
"23671","maro",25,86826562,99.8
"23672","meteorology",25,86826587,99.8
"23673","mig",25,86826612,99.8
"23674","militarization",25,86826637,99.8
"23675","miscalculation",25,86826662,99.8
"23676","miscast",25,86826687,99.8
"23677","misprint",25,86826712,99.8
"23678","mome",25,86826737,99.8
"23679","monetarily",25,86826762,99.8
"23680","monumentally",25,86826787,99.8
"23681","mooch",25,86826812,99.8
"23682","mun",25,86826837,99.8
"23683","muss",25,86826862,99.8
"23684","nearness",25,86826887,99.8
"23685","neath",25,86826912,99.8
"23686","neuron",25,86826937,99.8
"23687","nisei",25,86826962,99.8
"23688","noncommercial",25,86826987,99.8
"23689","nougat",25,86827012,99.8
"23690","numeral",25,86827037,99.8
"23691","oceanographer",25,86827062,99.8
"23692","osteopathic",25,86827087,99.8
"23693","outboard",25,86827112,99.8
"23694","parenthetical",25,86827137,99.8
"23695","patterning",25,86827162,99.8
"23696","pauper",25,86827187,99.8
"23697","peacefulness",25,86827212,99.8
"23698","peewee",25,86827237,99.8
"23699","perceptible",25,86827262,99.8
"23700","phu",25,86827287,99.8
"23701","pickering",25,86827312,99.8
"23702","pigeonhole",25,86827337,99.8
"23703","pinking",25,86827362,99.8
"23704","plausibly",25,86827387,99.8
"23705","polyethylene",25,86827412,99.8
"23706","porthole",25,86827437,99.8
"23707","primus",25,86827462,99.8
"23708","profligate",25,86827487,99.8
"23709","pumice",25,86827512,99.8
"23710","pur",25,86827537,99.8
"23711","quizzical",25,86827562,99.8
"23712","radian",25,86827587,99.8
"23713","rangy",25,86827612,99.8
"23714","rawness",25,86827637,99.8
"23715","reassert",25,86827662,99.8
"23716","reck",25,86827687,99.8
"23717","reinsurance",25,86827712,99.8
"23718","reorder",25,86827737,99.8
"23719","respiration",25,86827762,99.8
"23720","respirator",25,86827787,99.8
"23721","retardant",25,86827812,99.8
"23722","retook",25,86827837,99.8
"23723","retry",25,86827862,99.8
"23724","riffle",25,86827887,99.8
"23725","rile",25,86827912,99.8
"23726","ritually",25,86827937,99.8
"23727","robbin",25,86827962,99.8
"23728","rococo",25,86827987,99.8
"23729","rotund",25,86828012,99.8
"23730","rusk",25,86828037,99.8
"23731","sabra",25,86828062,99.8
"23732","sacramental",25,86828087,99.8
"23733","safekeeping",25,86828112,99.8
"23734","salivary",25,86828137,99.8
"23735","sambar",25,86828162,99.8
"23736","sandstorm",25,86828187,99.8
"23737","scamper",25,86828212,99.8
"23738","schemer",25,86828237,99.8
"23739","scummy",25,86828262,99.8
"23740","seafaring",25,86828287,99.8
"23741","seepage",25,86828312,99.8
"23742","shanna",25,86828337,99.8
"23743","sheeting",25,86828362,99.8
"23744","shoal",25,86828387,99.8
"23745","signatory",25,86828412,99.8
"23746","signpost",25,86828437,99.8
"23747","singlet",25,86828462,99.8
"23748","smacker",25,86828487,99.8
"23749","smarting",25,86828512,99.8
"23750","smokestack",25,86828537,99.8
"23751","snifter",25,86828562,99.8
"23752","snobbish",25,86828587,99.8
"23753","sphincter",25,86828612,99.8
"23754","spink",25,86828637,99.8
"23755","splice",25,86828662,99.8
"23756","stenosis",25,86828687,99.8
"23757","sterilize",25,86828712,99.8
"23758","stoneware",25,86828737,99.8
"23759","tambo",25,86828762,99.8
"23760","teel",25,86828787,99.8
"23761","telecommunication",25,86828812,99.8
"23762","telford",25,86828837,99.8
"23763","thereon",25,86828862,99.8
"23764","tidewater",25,86828887,99.8
"23765","tonkin",25,86828912,99.8
"23766","tourniquet",25,86828937,99.8
"23767","traipse",25,86828962,99.8
"23768","tulare",25,86828987,99.8
"23769","typographical",25,86829012,99.8
"23770","typology",25,86829037,99.8
"23771","umph",25,86829062,99.8
"23772","uncompensated",25,86829087,99.8
"23773","uncompetitive",25,86829112,99.8
"23774","undertow",25,86829137,99.8
"23775","unfashionable",25,86829162,99.8
"23776","unidentifiable",25,86829187,99.8
"23777","unimpeded",25,86829212,99.8
"23778","unjustifiable",25,86829237,99.8
"23779","unmolested",25,86829262,99.8
"23780","unwound",25,86829287,99.8
"23781","upcountry",25,86829312,99.8
"23782","uproarious",25,86829337,99.8
"23783","upwardly",25,86829362,99.8
"23784","verbalize",25,86829387,99.8
"23785","vilify",25,86829412,99.8
"23786","vinegary",25,86829437,99.8
"23787","violist",25,86829462,99.8
"23788","virtuosic",25,86829487,99.8
"23789","wallaby",25,86829512,99.8
"23790","warbling",25,86829537,99.8
"23791","wariness",25,86829562,99.8
"23792","westerner",25,86829587,99.8
"23793","whipper",25,86829612,99.8
"23794","womanizer",25,86829637,99.8
"23795","wordle",25,86829662,99.8
"23796","workbox",25,86829687,99.8
"23797","xylitol",25,86829712,99.8
"23798","yappy",25,86829737,99.8
"23799","yar",25,86829762,99.8
"23800","abscess",24,86829786,99.8
"23801","acquaint",24,86829810,99.8
"23802","advisement",24,86829834,99.8
"23803","ambler",24,86829858,99.8
"23804","anagram",24,86829882,99.8
"23805","antecedent",24,86829906,99.8
"23806","antigen",24,86829930,99.8
"23807","antiquarian",24,86829954,99.8
"23808","apologetically",24,86829978,99.8
"23809","arcana",24,86830002,99.8
"23810","ardor",24,86830026,99.8
"23811","athenaeum",24,86830050,99.8
"23812","baku",24,86830074,99.8
"23813","balder",24,86830098,99.8
"23814","barium",24,86830122,99.8
"23815","bedded",24,86830146,99.8
"23816","beefeater",24,86830170,99.8
"23817","beluga",24,86830194,99.8
"23818","biometric",24,86830218,99.8
"23819","bizet",24,86830242,99.8
"23820","blatter",24,86830266,99.8
"23821","blowtorch",24,86830290,99.8
"23822","bogle",24,86830314,99.8
"23823","borer",24,86830338,99.8
"23824","boxwood",24,86830362,99.8
"23825","bream",24,86830386,99.8
"23826","bringer",24,86830410,99.8
"23827","brusque",24,86830434,99.8
"23828","buckskin",24,86830458,99.8
"23829","buffing",24,86830482,99.8
"23830","bulked",24,86830506,99.8
"23831","cag",24,86830530,99.8
"23832","calamitous",24,86830554,99.8
"23833","capitulate",24,86830578,99.8
"23834","carboy",24,86830602,99.8
"23835","carcinogen",24,86830626,99.8
"23836","cerulean",24,86830650,99.8
"23837","charlatan",24,86830674,99.8
"23838","chaya",24,86830698,99.8
"23839","chiro",24,86830722,99.8
"23840","chromatic",24,86830746,99.8
"23841","clairvoyant",24,86830770,99.8
"23842","clamber",24,86830794,99.8
"23843","cloyingly",24,86830818,99.8
"23844","collapsible",24,86830842,99.8
"23845","conceptualize",24,86830866,99.8
"23846","concurrence",24,86830890,99.8
"23847","consummation",24,86830914,99.8
"23848","crankiness",24,86830938,99.8
"23849","cur",24,86830962,99.8
"23850","cush",24,86830986,99.8
"23851","customarily",24,86831010,99.8
"23852","cutback",24,86831034,99.8
"23853","cyan",24,86831058,99.8
"23854","dampness",24,86831082,99.8
"23855","dander",24,86831106,99.8
"23856","danton",24,86831130,99.8
"23857","deafness",24,86831154,99.8
"23858","decisiveness",24,86831178,99.8
"23859","deferment",24,86831202,99.8
"23860","dehydrate",24,86831226,99.8
"23861","delft",24,86831250,99.8
"23862","denizen",24,86831274,99.8
"23863","derisive",24,86831298,99.8
"23864","desertion",24,86831322,99.8
"23865","desultory",24,86831346,99.8
"23866","determinant",24,86831370,99.8
"23867","determinism",24,86831394,99.8
"23868","disharmony",24,86831418,99.8
"23869","disloyalty",24,86831442,99.8
"23870","domicile",24,86831466,99.8
"23871","doted",24,86831490,99.8
"23872","dreamily",24,86831514,99.8
"23873","earthworm",24,86831538,99.8
"23874","edginess",24,86831562,99.8
"23875","elysia",24,86831586,99.8
"23876","emote",24,86831610,99.8
"23877","enrage",24,86831634,99.8
"23878","epsilon",24,86831658,99.8
"23879","erg",24,86831682,99.8
"23880","espy",24,86831706,99.8
"23881","evangelize",24,86831730,99.8
"23882","expeditious",24,86831754,99.8
"23883","fatten",24,86831778,99.8
"23884","fatuous",24,86831802,99.8
"23885","fealty",24,86831826,99.8
"23886","feck",24,86831850,99.8
"23887","fidget",24,86831874,99.8
"23888","fitfully",24,86831898,99.8
"23889","fixate",24,86831922,99.8
"23890","florid",24,86831946,99.8
"23891","flume",24,86831970,99.8
"23892","follicle",24,86831994,99.8
"23893","fora",24,86832018,99.8
"23894","formalist",24,86832042,99.8
"23895","frankness",24,86832066,99.8
"23896","freemasonry",24,86832090,99.8
"23897","gena",24,86832114,99.8
"23898","gilding",24,86832138,99.8
"23899","gingersnap",24,86832162,99.8
"23900","gingery",24,86832186,99.8
"23901","gleek",24,86832210,99.8
"23902","golem",24,86832234,99.8
"23903","gove",24,86832258,99.8
"23904","gra",24,86832282,99.8
"23905","grained",24,86832306,99.8
"23906","gratefulness",24,86832330,99.8
"23907","grosser",24,86832354,99.8
"23908","grotesquely",24,86832378,99.8
"23909","guff",24,86832402,99.8
"23910","gunny",24,86832426,99.8
"23911","gynecological",24,86832450,99.8
"23912","halfback",24,86832474,99.8
"23913","helmeted",24,86832498,99.8
"23914","herby",24,86832522,99.8
"23915","homogeneity",24,86832546,99.8
"23916","hooped",24,86832570,99.8
"23917","hora",24,86832594,99.8
"23918","humdrum",24,86832618,99.8
"23919","icicle",24,86832642,99.8
"23920","inadequately",24,86832666,99.8
"23921","incapacity",24,86832690,99.8
"23922","incumbency",24,86832714,99.8
"23923","infill",24,86832738,99.8
"23924","insinuate",24,86832762,99.8
"23925","interdiction",24,86832786,99.8
"23926","internationalist",24,86832810,99.8
"23927","invisibly",24,86832834,99.8
"23928","ionic",24,86832858,99.8
"23929","irreducible",24,86832882,99.8
"23930","irregardless",24,86832906,99.8
"23931","isotope",24,86832930,99.8
"23932","iva",24,86832954,99.8
"23933","jabber",24,86832978,99.8
"23934","jigger",24,86833002,99.8
"23935","jostle",24,86833026,99.8
"23936","kidder",24,86833050,99.8
"23937","laboriously",24,86833074,99.8
"23938","lech",24,86833098,99.8
"23939","levant",24,86833122,99.8
"23940","libertine",24,86833146,99.8
"23941","likin",24,86833170,99.8
"23942","lode",24,86833194,99.8
"23943","lodger",24,86833218,99.8
"23944","loggia",24,86833242,99.8
"23945","lumping",24,86833266,99.8
"23946","lycopene",24,86833290,99.8
"23947","maltiness",24,86833314,99.8
"23948","marque",24,86833338,99.8
"23949","maru",24,86833362,99.8
"23950","matchbook",24,86833386,99.8
"23951","matchless",24,86833410,99.8
"23952","metallics",24,86833434,99.8
"23953","metaphoric",24,86833458,99.8
"23954","metronome",24,86833482,99.8
"23955","milliner",24,86833506,99.8
"23956","millman",24,86833530,99.8
"23957","monopolize",24,86833554,99.8
"23958","movingly",24,86833578,99.8
"23959","muggles",24,86833602,99.8
"23960","musket",24,86833626,99.8
"23961","nace",24,86833650,99.8
"23962","neigh",24,86833674,99.81
"23963","nester",24,86833698,99.81
"23964","newsman",24,86833722,99.81
"23965","nonsmoking",24,86833746,99.81
"23966","nubile",24,86833770,99.81
"23967","obstetric",24,86833794,99.81
"23968","odometer",24,86833818,99.81
"23969","oleander",24,86833842,99.81
"23970","ology",24,86833866,99.81
"23971","oratorio",24,86833890,99.81
"23972","orifice",24,86833914,99.81
"23973","orthopedics",24,86833938,99.81
"23974","outermost",24,86833962,99.81
"23975","outstrip",24,86833986,99.81
"23976","overmix",24,86834010,99.81
"23977","partook",24,86834034,99.81
"23978","peal",24,86834058,99.81
"23979","periodontal",24,86834082,99.81
"23980","peripatetic",24,86834106,99.81
"23981","pir",24,86834130,99.81
"23982","pitchman",24,86834154,99.81
"23983","pitifully",24,86834178,99.81
"23984","ported",24,86834202,99.81
"23985","postulate",24,86834226,99.81
"23986","potable",24,86834250,99.81
"23987","pothead",24,86834274,99.81
"23988","poy",24,86834298,99.81
"23989","pretender",24,86834322,99.81
"23990","prolapse",24,86834346,99.81
"23991","pugnacious",24,86834370,99.81
"23992","pummel",24,86834394,99.81
"23993","rambler",24,86834418,99.81
"23994","rana",24,86834442,99.81
"23995","rationalist",24,86834466,99.81
"23996","ravin",24,86834490,99.81
"23997","readjust",24,86834514,99.81
"23998","reappraisal",24,86834538,99.81
"23999","reassuringly",24,86834562,99.81
"24000","refillable",24,86834586,99.81
"24001","remarry",24,86834610,99.81
"24002","repartee",24,86834634,99.81
"24003","repellant",24,86834658,99.81
"24004","repudiation",24,86834682,99.81
"24005","restate",24,86834706,99.81
"24006","retest",24,86834730,99.81
"24007","rightness",24,86834754,99.81
"24008","rishi",24,86834778,99.81
"24009","romancing",24,86834802,99.81
"24010","salomon",24,86834826,99.81
"24011","salutary",24,86834850,99.81
"24012","sandless",24,86834874,99.81
"24013","sciatica",24,86834898,99.81
"24014","scoundrel",24,86834922,99.81
"24015","scuff",24,86834946,99.81
"24016","scythe",24,86834970,99.81
"24017","secrete",24,86834994,99.81
"24018","separatism",24,86835018,99.81
"24019","sequitur",24,86835042,99.81
"24020","sess",24,86835066,99.81
"24021","shrivel",24,86835090,99.81
"24022","shutoff",24,86835114,99.81
"24023","sidecar",24,86835138,99.81
"24024","skylark",24,86835162,99.81
"24025","slaved",24,86835186,99.81
"24026","slouchy",24,86835210,99.81
"24027","snicket",24,86835234,99.81
"24028","spader",24,86835258,99.81
"24029","spann",24,86835282,99.81
"24030","speedometer",24,86835306,99.81
"24031","spicing",24,86835330,99.81
"24032","sterility",24,86835354,99.81
"24033","stickiness",24,86835378,99.81
"24034","stitcher",24,86835402,99.81
"24035","stocker",24,86835426,99.81
"24036","stoically",24,86835450,99.81
"24037","strived",24,86835474,99.81
"24038","strummer",24,86835498,99.81
"24039","studiously",24,86835522,99.81
"24040","sty",24,86835546,99.81
"24041","subatomic",24,86835570,99.81
"24042","surfeit",24,86835594,99.81
"24043","tabulated",24,86835618,99.81
"24044","tattling",24,86835642,99.81
"24045","tenancy",24,86835666,99.81
"24046","testable",24,86835690,99.81
"24047","theatricality",24,86835714,99.81
"24048","theocratic",24,86835738,99.81
"24049","thinness",24,86835762,99.81
"24050","thumper",24,86835786,99.81
"24051","toddle",24,86835810,99.81
"24052","towpath",24,86835834,99.81
"24053","transference",24,86835858,99.81
"24054","tunneling",24,86835882,99.81
"24055","twosome",24,86835906,99.81
"24056","udder",24,86835930,99.81
"24057","ulnar",24,86835954,99.81
"24058","uncertainly",24,86835978,99.81
"24059","ungovernable",24,86836002,99.81
"24060","uninvolved",24,86836026,99.81
"24061","unravelling",24,86836050,99.81
"24062","unscented",24,86836074,99.81
"24063","untethered",24,86836098,99.81
"24064","unwillingly",24,86836122,99.81
"24065","uppercut",24,86836146,99.81
"24066","usurping",24,86836170,99.81
"24067","vina",24,86836194,99.81
"24068","viscerally",24,86836218,99.81
"24069","washout",24,86836242,99.81
"24070","whetstone",24,86836266,99.81
"24071","whig",24,86836290,99.81
"24072","yat",24,86836314,99.81
"24073","abnegation",23,86836337,99.81
"24074","accountancy",23,86836360,99.81
"24075","acoustically",23,86836383,99.81
"24076","adaption",23,86836406,99.81
"24077","admonishment",23,86836429,99.81
"24078","afghani",23,86836452,99.81
"24079","afterhours",23,86836475,99.81
"24080","ambit",23,86836498,99.81
"24081","amidon",23,86836521,99.81
"24082","amortization",23,86836544,99.81
"24083","antigovernment",23,86836567,99.81
"24084","antihero",23,86836590,99.81
"24085","argumentation",23,86836613,99.81
"24086","artefact",23,86836636,99.81
"24087","autobahn",23,86836659,99.81
"24088","bantamweight",23,86836682,99.81
"24089","barefooted",23,86836705,99.81
"24090","beano",23,86836728,99.81
"24091","behoove",23,86836751,99.81
"24092","behooves",23,86836774,99.81
"24093","believability",23,86836797,99.81
"24094","biochemical",23,86836820,99.81
"24095","birdseed",23,86836843,99.81
"24096","blare",23,86836866,99.81
"24097","blessedly",23,86836889,99.81
"24098","blo",23,86836912,99.81
"24099","boater",23,86836935,99.81
"24100","breeches",23,86836958,99.81
"24101","brough",23,86836981,99.81
"24102","bubonic",23,86837004,99.81
"24103","buttonhole",23,86837027,99.81
"24104","cabling",23,86837050,99.81
"24105","caliphate",23,86837073,99.81
"24106","calisthenics",23,86837096,99.81
"24107","caryl",23,86837119,99.81
"24108","catlin",23,86837142,99.81
"24109","centralization",23,86837165,99.81
"24110","centrifugal",23,86837188,99.81
"24111","chichi",23,86837211,99.81
"24112","chummy",23,86837234,99.81
"24113","churlish",23,86837257,99.81
"24114","coherently",23,86837280,99.81
"24115","commandeer",23,86837303,99.81
"24116","commoner",23,86837326,99.81
"24117","comparably",23,86837349,99.81
"24118","consort",23,86837372,99.81
"24119","constraining",23,86837395,99.81
"24120","consumable",23,86837418,99.81
"24121","corporeal",23,86837441,99.81
"24122","cricketer",23,86837464,99.81
"24123","crier",23,86837487,99.81
"24124","crossroad",23,86837510,99.81
"24125","crotchety",23,86837533,99.81
"24126","crouse",23,86837556,99.81
"24127","deceleration",23,86837579,99.81
"24128","deforest",23,86837602,99.81
"24129","deleterious",23,86837625,99.81
"24130","denunciation",23,86837648,99.81
"24131","desperado",23,86837671,99.81
"24132","despotic",23,86837694,99.81
"24133","dingus",23,86837717,99.81
"24134","disbelieving",23,86837740,99.81
"24135","distrustful",23,86837763,99.81
"24136","dockside",23,86837786,99.81
"24137","domestication",23,86837809,99.81
"24138","doodlebug",23,86837832,99.81
"24139","drabble",23,86837855,99.81
"24140","drench",23,86837878,99.81
"24141","duchesse",23,86837901,99.81
"24142","dysplasia",23,86837924,99.81
"24143","educationally",23,86837947,99.81
"24144","efficacious",23,86837970,99.81
"24145","egotism",23,86837993,99.81
"24146","emanate",23,86838016,99.81
"24147","engagingly",23,86838039,99.81
"24148","entomology",23,86838062,99.81
"24149","enumerate",23,86838085,99.81
"24150","equalizing",23,86838108,99.81
"24151","equanimity",23,86838131,99.81
"24152","etheric",23,86838154,99.81
"24153","euchre",23,86838177,99.81
"24154","existentialist",23,86838200,99.81
"24155","expressionless",23,86838223,99.81
"24156","eyeglass",23,86838246,99.81
"24157","fairground",23,86838269,99.81
"24158","fetid",23,86838292,99.81
"24159","fingerless",23,86838315,99.81
"24160","fishbone",23,86838338,99.81
"24161","flaccid",23,86838361,99.81
"24162","fleshly",23,86838384,99.81
"24163","flout",23,86838407,99.81
"24164","flunk",23,86838430,99.81
"24165","foolery",23,86838453,99.81
"24166","fortifying",23,86838476,99.81
"24167","gainfully",23,86838499,99.81
"24168","gangly",23,86838522,99.81
"24169","gaz",23,86838545,99.81
"24170","generalist",23,86838568,99.81
"24171","germane",23,86838591,99.81
"24172","giddiness",23,86838614,99.81
"24173","gigolo",23,86838637,99.81
"24174","glug",23,86838660,99.81
"24175","gorged",23,86838683,99.81
"24176","gossipy",23,86838706,99.81
"24177","gusher",23,86838729,99.81
"24178","guzzle",23,86838752,99.81
"24179","harmonization",23,86838775,99.81
"24180","harr",23,86838798,99.81
"24181","harrier",23,86838821,99.81
"24182","headroom",23,86838844,99.81
"24183","herbivore",23,86838867,99.81
"24184","hern",23,86838890,99.81
"24185","hexagonal",23,86838913,99.81
"24186","holing",23,86838936,99.81
"24187","hooey",23,86838959,99.81
"24188","horsemanship",23,86838982,99.81
"24189","hothouse",23,86839005,99.81
"24190","hydroponic",23,86839028,99.81
"24191","iambic",23,86839051,99.81
"24192","illy",23,86839074,99.81
"24193","immensity",23,86839097,99.81
"24194","imperceptible",23,86839120,99.81
"24195","impertinent",23,86839143,99.81
"24196","implantation",23,86839166,99.81
"24197","imprudent",23,86839189,99.81
"24198","incongruity",23,86839212,99.81
"24199","ingratiate",23,86839235,99.81
"24200","interrelated",23,86839258,99.81
"24201","introversion",23,86839281,99.81
"24202","inundation",23,86839304,99.81
"24203","inveterate",23,86839327,99.81
"24204","ironstone",23,86839350,99.81
"24205","ironwork",23,86839373,99.81
"24206","jud",23,86839396,99.81
"24207","kinesiology",23,86839419,99.81
"24208","kitchenette",23,86839442,99.81
"24209","knighthood",23,86839465,99.81
"24210","knotweed",23,86839488,99.81
"24211","kula",23,86839511,99.81
"24212","laich",23,86839534,99.81
"24213","laterally",23,86839557,99.81
"24214","laurin",23,86839580,99.81
"24215","legalism",23,86839603,99.81
"24216","lightheaded",23,86839626,99.81
"24217","linguistically",23,86839649,99.81
"24218","lisle",23,86839672,99.81
"24219","lod",23,86839695,99.81
"24220","longitude",23,86839718,99.81
"24221","loofah",23,86839741,99.81
"24222","lordship",23,86839764,99.81
"24223","lucidity",23,86839787,99.81
"24224","luminosity",23,86839810,99.81
"24225","lupine",23,86839833,99.81
"24226","mange",23,86839856,99.81
"24227","manse",23,86839879,99.81
"24228","manzanita",23,86839902,99.81
"24229","marimba",23,86839925,99.81
"24230","materiality",23,86839948,99.81
"24231","mediating",23,86839971,99.81
"24232","merk",23,86839994,99.81
"24233","mete",23,86840017,99.81
"24234","methyl",23,86840040,99.81
"24235","mimicry",23,86840063,99.81
"24236","mindfully",23,86840086,99.81
"24237","minibus",23,86840109,99.81
"24238","misanthropic",23,86840132,99.81
"24239","monotheism",23,86840155,99.81
"24240","musculature",23,86840178,99.81
"24241","naturist",23,86840201,99.81
"24242","nightshade",23,86840224,99.81
"24243","nonpublic",23,86840247,99.81
"24244","nowt",23,86840270,99.81
"24245","numerology",23,86840293,99.81
"24246","obe",23,86840316,99.81
"24247","odorless",23,86840339,99.81
"24248","oliva",23,86840362,99.81
"24249","overage",23,86840385,99.81
"24250","overdramatic",23,86840408,99.81
"24251","overspend",23,86840431,99.81
"24252","pais",23,86840454,99.81
"24253","papery",23,86840477,99.81
"24254","passe",23,86840500,99.81
"24255","peekaboo",23,86840523,99.81
"24256","penmanship",23,86840546,99.81
"24257","percolate",23,86840569,99.81
"24258","pettiness",23,86840592,99.81
"24259","phlegm",23,86840615,99.81
"24260","photocopier",23,86840638,99.81
"24261","picot",23,86840661,99.81
"24262","playbill",23,86840684,99.81
"24263","pleat",23,86840707,99.81
"24264","predate",23,86840730,99.81
"24265","predestination",23,86840753,99.81
"24266","pretentiousness",23,86840776,99.81
"24267","princely",23,86840799,99.81
"24268","prine",23,86840822,99.81
"24269","privet",23,86840845,99.81
"24270","prong",23,86840868,99.81
"24271","proselytize",23,86840891,99.81
"24272","proximate",23,86840914,99.81
"24273","pterodactyl",23,86840937,99.81
"24274","publishable",23,86840960,99.81
"24275","purifier",23,86840983,99.81
"24276","quaff",23,86841006,99.81
"24277","quint",23,86841029,99.81
"24278","rebeck",23,86841052,99.81
"24279","recommit",23,86841075,99.81
"24280","reconnection",23,86841098,99.81
"24281","recumbent",23,86841121,99.81
"24282","redefinition",23,86841144,99.81
"24283","refracted",23,86841167,99.81
"24284","regurgitate",23,86841190,99.81
"24285","rend",23,86841213,99.81
"24286","repelling",23,86841236,99.81
"24287","repetitious",23,86841259,99.81
"24288","republicanism",23,86841282,99.81
"24289","resoundingly",23,86841305,99.81
"24290","rho",23,86841328,99.81
"24291","roading",23,86841351,99.81
"24292","romper",23,86841374,99.81
"24293","rubbers",23,86841397,99.81
"24294","rutter",23,86841420,99.81
"24295","sadr",23,86841443,99.81
"24296","samara",23,86841466,99.81
"24297","schochet",23,86841489,99.81
"24298","scorpene",23,86841512,99.81
"24299","seducer",23,86841535,99.81
"24300","semicolon",23,86841558,99.81
"24301","settee",23,86841581,99.81
"24302","sideboard",23,86841604,99.81
"24303","sixpence",23,86841627,99.81
"24304","skeptically",23,86841650,99.81
"24305","skewl",23,86841673,99.81
"24306","skulking",23,86841696,99.81
"24307","skully",23,86841719,99.81
"24308","slinking",23,86841742,99.81
"24309","slippage",23,86841765,99.81
"24310","sook",23,86841788,99.81
"24311","sounder",23,86841811,99.81
"24312","spidery",23,86841834,99.81
"24313","squeezy",23,86841857,99.81
"24314","stabler",23,86841880,99.81
"24315","stateroom",23,86841903,99.81
"24316","stearyl",23,86841926,99.81
"24317","stiffening",23,86841949,99.81
"24318","stirrup",23,86841972,99.81
"24319","strum",23,86841995,99.81
"24320","sunshiny",23,86842018,99.81
"24321","sweetish",23,86842041,99.81
"24322","syncopated",23,86842064,99.81
"24323","synopses",23,86842087,99.81
"24324","tabla",23,86842110,99.81
"24325","talc",23,86842133,99.81
"24326","tamarack",23,86842156,99.81
"24327","tana",23,86842179,99.81
"24328","throttling",23,86842202,99.81
"24329","tiffy",23,86842225,99.81
"24330","titillation",23,86842248,99.81
"24331","toke",23,86842271,99.81
"24332","toothsome",23,86842294,99.81
"24333","townsfolk",23,86842317,99.81
"24334","transience",23,86842340,99.81
"24335","treasonous",23,86842363,99.81
"24336","twangy",23,86842386,99.82
"24337","twinkly",23,86842409,99.82
"24338","unalienable",23,86842432,99.82
"24339","unanswerable",23,86842455,99.82
"24340","unblocked",23,86842478,99.82
"24341","uncheck",23,86842501,99.82
"24342","unclassified",23,86842524,99.82
"24343","underpass",23,86842547,99.82
"24344","undersheriff",23,86842570,99.82
"24345","undershirt",23,86842593,99.82
"24346","understate",23,86842616,99.82
"24347","unemployable",23,86842639,99.82
"24348","unmade",23,86842662,99.82
"24349","unmasked",23,86842685,99.82
"24350","unmoving",23,86842708,99.82
"24351","unpatriotic",23,86842731,99.82
"24352","unremitting",23,86842754,99.82
"24353","unrighteousness",23,86842777,99.82
"24354","unsee",23,86842800,99.82
"24355","unsportsmanlike",23,86842823,99.82
"24356","unsubscribing",23,86842846,99.82
"24357","untraceable",23,86842869,99.82
"24358","veined",23,86842892,99.82
"24359","veneration",23,86842915,99.82
"24360","virility",23,86842938,99.82
"24361","wantonly",23,86842961,99.82
"24362","wearily",23,86842984,99.82
"24363","whereof",23,86843007,99.82
"24364","wizened",23,86843030,99.82
"24365","wonderfulness",23,86843053,99.82
"24366","worryingly",23,86843076,99.82
"24367","wrongness",23,86843099,99.82
"24368","wyss",23,86843122,99.82
"24369","zoological",23,86843145,99.82
"24370","abduct",22,86843167,99.82
"24371","absently",22,86843189,99.82
"24372","abutting",22,86843211,99.82
"24373","acetic",22,86843233,99.82
"24374","acidification",22,86843255,99.82
"24375","adherent",22,86843277,99.82
"24376","aeronautical",22,86843299,99.82
"24377","afflict",22,86843321,99.82
"24378","alban",22,86843343,99.82
"24379","alliterative",22,86843365,99.82
"24380","ameliorate",22,86843387,99.82
"24381","amoroso",22,86843409,99.82
"24382","ansar",22,86843431,99.82
"24383","antagonize",22,86843453,99.82
"24384","aphasia",22,86843475,99.82
"24385","apostate",22,86843497,99.82
"24386","apostleship",22,86843519,99.82
"24387","applicability",22,86843541,99.82
"24388","appreciable",22,86843563,99.82
"24389","appreciably",22,86843585,99.82
"24390","argosy",22,86843607,99.82
"24391","arrogantly",22,86843629,99.82
"24392","astride",22,86843651,99.82
"24393","atheistic",22,86843673,99.82
"24394","aught",22,86843695,99.82
"24395","ballyhoo",22,86843717,99.82
"24396","basilisk",22,86843739,99.82
"24397","beefsteak",22,86843761,99.82
"24398","behaviorist",22,86843783,99.82
"24399","bellicose",22,86843805,99.82
"24400","bellman",22,86843827,99.82
"24401","bene",22,86843849,99.82
"24402","bestowing",22,86843871,99.82
"24403","bibliophile",22,86843893,99.82
"24404","bijou",22,86843915,99.82
"24405","billionth",22,86843937,99.82
"24406","biomechanics",22,86843959,99.82
"24407","blacken",22,86843981,99.82
"24408","bleating",22,86844003,99.82
"24409","blighty",22,86844025,99.82
"24410","blocky",22,86844047,99.82
"24411","bluestem",22,86844069,99.82
"24412","boggle",22,86844091,99.82
"24413","bolar",22,86844113,99.82
"24414","bossed",22,86844135,99.82
"24415","bouffant",22,86844157,99.82
"24416","breezeway",22,86844179,99.82
"24417","brooder",22,86844201,99.82
"24418","broody",22,86844223,99.82
"24419","bullfrog",22,86844245,99.82
"24420","burdon",22,86844267,99.82
"24421","burro",22,86844289,99.82
"24422","cabby",22,86844311,99.82
"24423","caddis",22,86844333,99.82
"24424","cajoling",22,86844355,99.82
"24425","candlelit",22,86844377,99.82
"24426","caw",22,86844399,99.82
"24427","certifiably",22,86844421,99.82
"24428","channelled",22,86844443,99.82
"24429","chessboard",22,86844465,99.82
"24430","chirpy",22,86844487,99.82
"24431","chromosomal",22,86844509,99.82
"24432","circumscribed",22,86844531,99.82
"24433","citrine",22,86844553,99.82
"24434","codfish",22,86844575,99.82
"24435","cohabitation",22,86844597,99.82
"24436","colcannon",22,86844619,99.82
"24437","compartmentalize",22,86844641,99.82
"24438","concessionaire",22,86844663,99.82
"24439","conical",22,86844685,99.82
"24440","consign",22,86844707,99.82
"24441","conspiratorial",22,86844729,99.82
"24442","conversant",22,86844751,99.82
"24443","copulation",22,86844773,99.82
"24444","costumer",22,86844795,99.82
"24445","crackpot",22,86844817,99.82
"24446","crape",22,86844839,99.82
"24447","cully",22,86844861,99.82
"24448","cutch",22,86844883,99.82
"24449","daresay",22,86844905,99.82
"24450","debutante",22,86844927,99.82
"24451","deceiver",22,86844949,99.82
"24452","defamed",22,86844971,99.82
"24453","deferral",22,86844993,99.82
"24454","dermal",22,86845015,99.82
"24455","despondency",22,86845037,99.82
"24456","dicky",22,86845059,99.82
"24457","dietician",22,86845081,99.82
"24458","disaffection",22,86845103,99.82
"24459","discursive",22,86845125,99.82
"24460","dishwashing",22,86845147,99.82
"24461","dispersion",22,86845169,99.82
"24462","dispirited",22,86845191,99.82
"24463","disquieting",22,86845213,99.82
"24464","dumpy",22,86845235,99.82
"24465","eggless",22,86845257,99.82
"24466","electrification",22,86845279,99.82
"24467","encircle",22,86845301,99.82
"24468","erudition",22,86845323,99.82
"24469","ethylene",22,86845345,99.82
"24470","etymological",22,86845367,99.82
"24471","eunuch",22,86845389,99.82
"24472","excusable",22,86845411,99.82
"24473","exonerate",22,86845433,99.82
"24474","extractor",22,86845455,99.82
"24475","fetter",22,86845477,99.82
"24476","feu",22,86845499,99.82
"24477","fils",22,86845521,99.82
"24478","firelight",22,86845543,99.82
"24479","fishmonger",22,86845565,99.82
"24480","fleer",22,86845587,99.82
"24481","flexion",22,86845609,99.82
"24482","floodway",22,86845631,99.82
"24483","fogle",22,86845653,99.82
"24484","fountainhead",22,86845675,99.82
"24485","freewill",22,86845697,99.82
"24486","furtively",22,86845719,99.82
"24487","gallic",22,86845741,99.82
"24488","gangrene",22,86845763,99.82
"24489","gault",22,86845785,99.82
"24490","geographer",22,86845807,99.82
"24491","girlhood",22,86845829,99.82
"24492","glyph",22,86845851,99.82
"24493","gnosis",22,86845873,99.82
"24494","goofiness",22,86845895,99.82
"24495","gratuitously",22,86845917,99.82
"24496","grievously",22,86845939,99.82
"24497","grosso",22,86845961,99.82
"24498","gumshoe",22,86845983,99.82
"24499","gymnastic",22,86846005,99.82
"24500","highwayman",22,86846027,99.82
"24501","hiller",22,86846049,99.82
"24502","hobgoblin",22,86846071,99.82
"24503","horseplay",22,86846093,99.82
"24504","humdinger",22,86846115,99.82
"24505","hynde",22,86846137,99.82
"24506","iba",22,86846159,99.82
"24507","immigrate",22,86846181,99.82
"24508","impartially",22,86846203,99.82
"24509","impregnate",22,86846225,99.82
"24510","impurity",22,86846247,99.82
"24511","inauspicious",22,86846269,99.82
"24512","inauthentic",22,86846291,99.82
"24513","incantation",22,86846313,99.82
"24514","inferential",22,86846335,99.82
"24515","insoluble",22,86846357,99.82
"24516","interlock",22,86846379,99.82
"24517","irreducibly",22,86846401,99.82
"24518","isthmus",22,86846423,99.82
"24519","jacko",22,86846445,99.82
"24520","jasey",22,86846467,99.82
"24521","jitterbug",22,86846489,99.82
"24522","jointed",22,86846511,99.82
"24523","jolting",22,86846533,99.82
"24524","joyless",22,86846555,99.82
"24525","junker",22,86846577,99.82
"24526","kaleidoscopic",22,86846599,99.82
"24527","kapp",22,86846621,99.82
"24528","kestrel",22,86846643,99.82
"24529","keyless",22,86846665,99.82
"24530","kindergartener",22,86846687,99.82
"24531","lache",22,86846709,99.82
"24532","lacto",22,86846731,99.82
"24533","lacuna",22,86846753,99.82
"24534","lamppost",22,86846775,99.82
"24535","laugher",22,86846797,99.82
"24536","laver",22,86846819,99.82
"24537","leafless",22,86846841,99.82
"24538","leaved",22,86846863,99.82
"24539","lecithin",22,86846885,99.82
"24540","lede",22,86846907,99.82
"24541","legalistic",22,86846929,99.82
"24542","legless",22,86846951,99.82
"24543","leu",22,86846973,99.82
"24544","liveliness",22,86846995,99.82
"24545","looker",22,86847017,99.82
"24546","loreal",22,86847039,99.82
"24547","luncheonette",22,86847061,99.82
"24548","lyre",22,86847083,99.82
"24549","macao",22,86847105,99.82
"24550","markdown",22,86847127,99.82
"24551","masseur",22,86847149,99.82
"24552","mathes",22,86847171,99.82
"24553","meekness",22,86847193,99.82
"24554","meltingly",22,86847215,99.82
"24555","metabolize",22,86847237,99.82
"24556","mien",22,86847259,99.82
"24557","missional",22,86847281,99.82
"24558","mitochondria",22,86847303,99.82
"24559","monkfish",22,86847325,99.82
"24560","mope",22,86847347,99.82
"24561","mucous",22,86847369,99.82
"24562","naik",22,86847391,99.82
"24563","necktie",22,86847413,99.82
"24564","nervy",22,86847435,99.82
"24565","nitric",22,86847457,99.82
"24566","nome",22,86847479,99.82
"24567","nonperishable",22,86847501,99.82
"24568","nosing",22,86847523,99.82
"24569","oer",22,86847545,99.82
"24570","orison",22,86847567,99.82
"24571","outrigger",22,86847589,99.82
"24572","outstandingly",22,86847611,99.82
"24573","overconfidence",22,86847633,99.82
"24574","overgrowth",22,86847655,99.82
"24575","painlessly",22,86847677,99.82
"24576","palimpsest",22,86847699,99.82
"24577","palmyra",22,86847721,99.82
"24578","parakeet",22,86847743,99.82
"24579","paramour",22,86847765,99.82
"24580","paraplegic",22,86847787,99.82
"24581","pawing",22,86847809,99.82
"24582","pecked",22,86847831,99.82
"24583","pekin",22,86847853,99.82
"24584","philosophic",22,86847875,99.82
"24585","piff",22,86847897,99.82
"24586","pik",22,86847919,99.82
"24587","pika",22,86847941,99.82
"24588","pilfering",22,86847963,99.82
"24589","pincushion",22,86847985,99.82
"24590","pinker",22,86848007,99.82
"24591","pitchy",22,86848029,99.82
"24592","plutocracy",22,86848051,99.82
"24593","polygamous",22,86848073,99.82
"24594","polyphonic",22,86848095,99.82
"24595","positional",22,86848117,99.82
"24596","poulter",22,86848139,99.82
"24597","preconference",22,86848161,99.82
"24598","prematurity",22,86848183,99.82
"24599","prepayment",22,86848205,99.82
"24600","profiler",22,86848227,99.82
"24601","profundity",22,86848249,99.82
"24602","profuse",22,86848271,99.82
"24603","promissory",22,86848293,99.82
"24604","pronger",22,86848315,99.82
"24605","prostrate",22,86848337,99.82
"24606","protectorate",22,86848359,99.82
"24607","prow",22,86848381,99.82
"24608","pyro",22,86848403,99.82
"24609","quaking",22,86848425,99.82
"24610","raindrop",22,86848447,99.82
"24611","reasonableness",22,86848469,99.82
"24612","regurgitation",22,86848491,99.82
"24613","reit",22,86848513,99.82
"24614","remarriage",22,86848535,99.82
"24615","reminiscence",22,86848557,99.82
"24616","remoteness",22,86848579,99.82
"24617","renegotiation",22,86848601,99.82
"24618","repin",22,86848623,99.82
"24619","reputedly",22,86848645,99.82
"24620","reshuffle",22,86848667,99.82
"24621","revaluation",22,86848689,99.82
"24622","riddler",22,86848711,99.82
"24623","rifleman",22,86848733,99.82
"24624","riven",22,86848755,99.82
"24625","rotella",22,86848777,99.82
"24626","ruefully",22,86848799,99.82
"24627","sacrosanct",22,86848821,99.82
"24628","sadist",22,86848843,99.82
"24629","sado",22,86848865,99.82
"24630","sagebrush",22,86848887,99.82
"24631","saleswoman",22,86848909,99.82
"24632","salinity",22,86848931,99.82
"24633","salvageable",22,86848953,99.82
"24634","sanctify",22,86848975,99.82
"24635","sarcoma",22,86848997,99.82
"24636","sarcophagus",22,86849019,99.82
"24637","sarong",22,86849041,99.82
"24638","sashing",22,86849063,99.82
"24639","satirist",22,86849085,99.82
"24640","savin",22,86849107,99.82
"24641","scabies",22,86849129,99.82
"24642","scad",22,86849151,99.82
"24643","sceptic",22,86849173,99.82
"24644","scherzo",22,86849195,99.82
"24645","scrounging",22,86849217,99.82
"24646","sedition",22,86849239,99.82
"24647","serenely",22,86849261,99.82
"24648","shakeout",22,86849283,99.82
"24649","shallowness",22,86849305,99.82
"24650","sharer",22,86849327,99.82
"24651","sider",22,86849349,99.82
"24652","skiff",22,86849371,99.82
"24653","slink",22,86849393,99.82
"24654","smoot",22,86849415,99.82
"24655","sneezy",22,86849437,99.82
"24656","snippy",22,86849459,99.82
"24657","sodding",22,86849481,99.82
"24658","sower",22,86849503,99.82
"24659","spangler",22,86849525,99.82
"24660","spearing",22,86849547,99.82
"24661","speeder",22,86849569,99.82
"24662","staggers",22,86849591,99.82
"24663","statuary",22,86849613,99.82
"24664","statuesque",22,86849635,99.82
"24665","storeroom",22,86849657,99.82
"24666","stratospheric",22,86849679,99.82
"24667","strick",22,86849701,99.82
"24668","subordination",22,86849723,99.82
"24669","sunglass",22,86849745,99.82
"24670","swiper",22,86849767,99.82
"24671","sympathizer",22,86849789,99.82
"24672","tailing",22,86849811,99.82
"24673","tarry",22,86849833,99.82
"24674","teamer",22,86849855,99.82
"24675","thacker",22,86849877,99.82
"24676","tibia",22,86849899,99.82
"24677","tiffin",22,86849921,99.82
"24678","tiling",22,86849943,99.82
"24679","timon",22,86849965,99.82
"24680","tomography",22,86849987,99.82
"24681","toupee",22,86850009,99.82
"24682","tracheotomy",22,86850031,99.82
"24683","transgressive",22,86850053,99.82
"24684","trigonometry",22,86850075,99.82
"24685","tritium",22,86850097,99.82
"24686","trowel",22,86850119,99.82
"24687","typist",22,86850141,99.82
"24688","unabridged",22,86850163,99.82
"24689","unaddressed",22,86850185,99.82
"24690","unbeknown",22,86850207,99.82
"24691","underemployment",22,86850229,99.82
"24692","uneaten",22,86850251,99.82
"24693","unexamined",22,86850273,99.82
"24694","ungrounded",22,86850295,99.82
"24695","unquote",22,86850317,99.82
"24696","unripe",22,86850339,99.82
"24697","unshakeable",22,86850361,99.82
"24698","unsubscribed",22,86850383,99.82
"24699","untried",22,86850405,99.82
"24700","usefully",22,86850427,99.82
"24701","varnished",22,86850449,99.82
"24702","vaulting",22,86850471,99.82
"24703","vertebra",22,86850493,99.82
"24704","victimhood",22,86850515,99.82
"24705","villainy",22,86850537,99.82
"24706","vindicate",22,86850559,99.82
"24707","viscount",22,86850581,99.82
"24708","waster",22,86850603,99.82
"24709","watertight",22,86850625,99.82
"24710","waylaid",22,86850647,99.82
"24711","weakling",22,86850669,99.82
"24712","whir",22,86850691,99.82
"24713","wordlessly",22,86850713,99.82
"24714","workaday",22,86850735,99.82
"24715","wraith",22,86850757,99.82
"24716","writhed",22,86850779,99.82
"24717","yoy",22,86850801,99.82
"24718","zain",22,86850823,99.82
"24719","abjection",21,86850844,99.82
"24720","abracadabra",21,86850865,99.82
"24721","abrasion",21,86850886,99.82
"24722","accelerant",21,86850907,99.82
"24723","affectation",21,86850928,99.82
"24724","agitator",21,86850949,99.82
"24725","alternation",21,86850970,99.82
"24726","althea",21,86850991,99.82
"24727","anthropogenic",21,86851012,99.82
"24728","apace",21,86851033,99.82
"24729","aphorism",21,86851054,99.82
"24730","approvingly",21,86851075,99.83
"24731","atoll",21,86851096,99.83
"24732","atria",21,86851117,99.83
"24733","atrial",21,86851138,99.83
"24734","attenuation",21,86851159,99.83
"24735","attractor",21,86851180,99.83
"24736","authenticate",21,86851201,99.83
"24737","avarice",21,86851222,99.83
"24738","barbarous",21,86851243,99.83
"24739","baru",21,86851264,99.83
"24740","bate",21,86851285,99.83
"24741","beadwork",21,86851306,99.83
"24742","bedazzle",21,86851327,99.83
"24743","ber",21,86851348,99.83
"24744","bide",21,86851369,99.83
"24745","birthstone",21,86851390,99.83
"24746","bistate",21,86851411,99.83
"24747","blandly",21,86851432,99.83
"24748","blanketing",21,86851453,99.83
"24749","bloodletting",21,86851474,99.83
"24750","bluebell",21,86851495,99.83
"24751","bodacious",21,86851516,99.83
"24752","bor",21,86851537,99.83
"24753","breakable",21,86851558,99.83
"24754","bronzing",21,86851579,99.83
"24755","buhl",21,86851600,99.83
"24756","bulimic",21,86851621,99.83
"24757","buoyancy",21,86851642,99.83
"24758","busywork",21,86851663,99.83
"24759","cacophonous",21,86851684,99.83
"24760","calibrate",21,86851705,99.83
"24761","camara",21,86851726,99.83
"24762","candiru",21,86851747,99.83
"24763","cannibalize",21,86851768,99.83
"24764","catechist",21,86851789,99.83
"24765","caza",21,86851810,99.83
"24766","chauvinist",21,86851831,99.83
"24767","cherishing",21,86851852,99.83
"24768","classwork",21,86851873,99.83
"24769","closter",21,86851894,99.83
"24770","clothier",21,86851915,99.83
"24771","clubby",21,86851936,99.83
"24772","cochineal",21,86851957,99.83
"24773","cocking",21,86851978,99.83
"24774","coffeecake",21,86851999,99.83
"24775","coincidently",21,86852020,99.83
"24776","colima",21,86852041,99.83
"24777","committeewoman",21,86852062,99.83
"24778","compellingly",21,86852083,99.83
"24779","complainer",21,86852104,99.83
"24780","conductive",21,86852125,99.83
"24781","contributory",21,86852146,99.83
"24782","cooter",21,86852167,99.83
"24783","coronal",21,86852188,99.83
"24784","cortina",21,86852209,99.83
"24785","cranium",21,86852230,99.83
"24786","crumple",21,86852251,99.83
"24787","cutaway",21,86852272,99.83
"24788","deformity",21,86852293,99.83
"24789","delicioso",21,86852314,99.83
"24790","delphine",21,86852335,99.83
"24791","dene",21,86852356,99.83
"24792","derangement",21,86852377,99.83
"24793","derivation",21,86852398,99.83
"24794","desirous",21,86852419,99.83
"24795","dilate",21,86852440,99.83
"24796","disallow",21,86852461,99.83
"24797","disassemble",21,86852482,99.83
"24798","discoverer",21,86852503,99.83
"24799","dishcloth",21,86852524,99.83
"24800","disquiet",21,86852545,99.83
"24801","distemper",21,86852566,99.83
"24802","distinctiveness",21,86852587,99.83
"24803","dit",21,86852608,99.83
"24804","dobby",21,86852629,99.83
"24805","dysentery",21,86852650,99.83
"24806","ecstatically",21,86852671,99.83
"24807","effete",21,86852692,99.83
"24808","effluent",21,86852713,99.83
"24809","egalitarianism",21,86852734,99.83
"24810","embolden",21,86852755,99.83
"24811","emmer",21,86852776,99.83
"24812","envying",21,86852797,99.83
"24813","episcopalian",21,86852818,99.83
"24814","eroticism",21,86852839,99.83
"24815","estimable",21,86852860,99.83
"24816","estrangement",21,86852881,99.83
"24817","exoneration",21,86852902,99.83
"24818","expiry",21,86852923,99.83
"24819","fanhouse",21,86852944,99.83
"24820","fathead",21,86852965,99.83
"24821","feint",21,86852986,99.83
"24822","fiendish",21,86853007,99.83
"24823","fiendishly",21,86853028,99.83
"24824","flannels",21,86853049,99.83
"24825","flightless",21,86853070,99.83
"24826","flinching",21,86853091,99.83
"24827","flotation",21,86853112,99.83
"24828","forfeits",21,86853133,99.83
"24829","fosse",21,86853154,99.83
"24830","gaffer",21,86853175,99.83
"24831","ganja",21,86853196,99.83
"24832","gargoyle",21,86853217,99.83
"24833","gluey",21,86853238,99.83
"24834","glycol",21,86853259,99.83
"24835","gobbler",21,86853280,99.83
"24836","gravitation",21,86853301,99.83
"24837","greaseproof",21,86853322,99.83
"24838","greaves",21,86853343,99.83
"24839","grubs",21,86853364,99.83
"24840","gunnery",21,86853385,99.83
"24841","handedness",21,86853406,99.83
"24842","hawkish",21,86853427,99.83
"24843","heartbreakingly",21,86853448,99.83
"24844","hippocampus",21,86853469,99.83
"24845","hobbyist",21,86853490,99.83
"24846","holistically",21,86853511,99.83
"24847","hoodlum",21,86853532,99.83
"24848","horsing",21,86853553,99.83
"24849","housel",21,86853574,99.83
"24850","hungrily",21,86853595,99.83
"24851","hyphenated",21,86853616,99.83
"24852","ignoble",21,86853637,99.83
"24853","ignominy",21,86853658,99.83
"24854","illegality",21,86853679,99.83
"24855","illiberal",21,86853700,99.83
"24856","inconsistently",21,86853721,99.83
"24857","indent",21,86853742,99.83
"24858","indignantly",21,86853763,99.83
"24859","inexpressible",21,86853784,99.83
"24860","infuriate",21,86853805,99.83
"24861","interstitial",21,86853826,99.83
"24862","iridium",21,86853847,99.83
"24863","irradiated",21,86853868,99.83
"24864","iterate",21,86853889,99.83
"24865","jann",21,86853910,99.83
"24866","jetted",21,86853931,99.83
"24867","jingling",21,86853952,99.83
"24868","joiner",21,86853973,99.83
"24869","judgeship",21,86853994,99.83
"24870","jujitsu",21,86854015,99.83
"24871","kettler",21,86854036,99.83
"24872","khar",21,86854057,99.83
"24873","kitchener",21,86854078,99.83
"24874","kitchenware",21,86854099,99.83
"24875","knitwear",21,86854120,99.83
"24876","kroner",21,86854141,99.83
"24877","krypton",21,86854162,99.83
"24878","leaded",21,86854183,99.83
"24879","liminal",21,86854204,99.83
"24880","linesman",21,86854225,99.83
"24881","lira",21,86854246,99.83
"24882","loam",21,86854267,99.83
"24883","locomotion",21,86854288,99.83
"24884","loris",21,86854309,99.83
"24885","lubrication",21,86854330,99.83
"24886","lumen",21,86854351,99.83
"24887","lushness",21,86854372,99.83
"24888","macaw",21,86854393,99.83
"24889","majestically",21,86854414,99.83
"24890","mammalian",21,86854435,99.83
"24891","marquess",21,86854456,99.83
"24892","marshy",21,86854477,99.83
"24893","matchstick",21,86854498,99.83
"24894","matriarchal",21,86854519,99.83
"24895","mechanistic",21,86854540,99.83
"24896","meerkat",21,86854561,99.83
"24897","megalomaniac",21,86854582,99.83
"24898","mele",21,86854603,99.83
"24899","meningococcal",21,86854624,99.83
"24900","microbiologist",21,86854645,99.83
"24901","midriff",21,86854666,99.83
"24902","militaristic",21,86854687,99.83
"24903","milkweed",21,86854708,99.83
"24904","minuet",21,86854729,99.83
"24905","miserly",21,86854750,99.83
"24906","monger",21,86854771,99.83
"24907","moonwalking",21,86854792,99.83
"24908","moraine",21,86854813,99.83
"24909","morphology",21,86854834,99.83
"24910","muskie",21,86854855,99.83
"24911","neem",21,86854876,99.83
"24912","netball",21,86854897,99.83
"24913","neurosurgery",21,86854918,99.83
"24914","noncompetitive",21,86854939,99.83
"24915","nonstarter",21,86854960,99.83
"24916","normalization",21,86854981,99.83
"24917","nummi",21,86855002,99.83
"24918","obviousness",21,86855023,99.83
"24919","ocular",21,86855044,99.83
"24920","oddness",21,86855065,99.83
"24921","onlooker",21,86855086,99.83
"24922","orang",21,86855107,99.83
"24923","origination",21,86855128,99.83
"24924","outdoorsman",21,86855149,99.83
"24925","overbought",21,86855170,99.83
"24926","overripe",21,86855191,99.83
"24927","pallid",21,86855212,99.83
"24928","pampas",21,86855233,99.83
"24929","peart",21,86855254,99.83
"24930","peephole",21,86855275,99.83
"24931","periscope",21,86855296,99.83
"24932","perjured",21,86855317,99.83
"24933","personify",21,86855338,99.83
"24934","persuasively",21,86855359,99.83
"24935","pervading",21,86855380,99.83
"24936","poetically",21,86855401,99.83
"24937","pointlessness",21,86855422,99.83
"24938","polemics",21,86855443,99.83
"24939","pomme",21,86855464,99.83
"24940","posole",21,86855485,99.83
"24941","prana",21,86855506,99.83
"24942","prefrontal",21,86855527,99.83
"24943","prepubescent",21,86855548,99.83
"24944","prettiness",21,86855569,99.83
"24945","prickle",21,86855590,99.83
"24946","pseudonymous",21,86855611,99.83
"24947","pumpernickel",21,86855632,99.83
"24948","pyrrhic",21,86855653,99.83
"24949","recompense",21,86855674,99.83
"24950","recoverable",21,86855695,99.83
"24951","reducer",21,86855716,99.83
"24952","reim",21,86855737,99.83
"24953","renege",21,86855758,99.83
"24954","repack",21,86855779,99.83
"24955","repave",21,86855800,99.83
"24956","repped",21,86855821,99.83
"24957","resinous",21,86855842,99.83
"24958","restlessly",21,86855863,99.83
"24959","rewire",21,86855884,99.83
"24960","rima",21,86855905,99.83
"24961","riper",21,86855926,99.83
"24962","rivet",21,86855947,99.83
"24963","rog",21,86855968,99.83
"24964","rouser",21,86855989,99.83
"24965","sacredness",21,86856010,99.83
"24966","saltier",21,86856031,99.83
"24967","scalper",21,86856052,99.83
"24968","schreiner",21,86856073,99.83
"24969","scorcher",21,86856094,99.83
"24970","scrambler",21,86856115,99.83
"24971","scrip",21,86856136,99.83
"24972","scrubber",21,86856157,99.83
"24973","sectarianism",21,86856178,99.83
"24974","segregate",21,86856199,99.83
"24975","selector",21,86856220,99.83
"24976","serif",21,86856241,99.83
"24977","shambling",21,86856262,99.83
"24978","shanny",21,86856283,99.83
"24979","sheepshead",21,86856304,99.83
"24980","shingled",21,86856325,99.83
"24981","shipboard",21,86856346,99.83
"24982","shoehorn",21,86856367,99.83
"24983","sicken",21,86856388,99.83
"24984","sipper",21,86856409,99.83
"24985","sitch",21,86856430,99.83
"24986","slavish",21,86856451,99.83
"24987","slippy",21,86856472,99.83
"24988","socialistic",21,86856493,99.83
"24989","sog",21,86856514,99.83
"24990","sot",21,86856535,99.83
"24991","southerly",21,86856556,99.83
"24992","spiderweb",21,86856577,99.83
"24993","sprocket",21,86856598,99.83
"24994","stabilizer",21,86856619,99.83
"24995","standish",21,86856640,99.83
"24996","stater",21,86856661,99.83
"24997","steadfastness",21,86856682,99.83
"24998","stoicism",21,86856703,99.83
"24999","stratus",21,86856724,99.83
"25000","streamer",21,86856745,99.83
"25001","stymie",21,86856766,99.83
"25002","subjugate",21,86856787,99.83
"25003","supercool",21,86856808,99.83
"25004","superhighway",21,86856829,99.83
"25005","swum",21,86856850,99.83
"25006","taa",21,86856871,99.83
"25007","tactful",21,86856892,99.83
"25008","tapa",21,86856913,99.83
"25009","tars",21,86856934,99.83
"25010","tautology",21,86856955,99.83
"25011","tedder",21,86856976,99.83
"25012","teevee",21,86856997,99.83
"25013","telepathically",21,86857018,99.83
"25014","terron",21,86857039,99.83
"25015","theism",21,86857060,99.83
"25016","thew",21,86857081,99.83
"25017","thither",21,86857102,99.83
"25018","threefold",21,86857123,99.83
"25019","throaty",21,86857144,99.83
"25020","thwack",21,86857165,99.83
"25021","tole",21,86857186,99.83
"25022","tonality",21,86857207,99.83
"25023","toucan",21,86857228,99.83
"25024","toymaker",21,86857249,99.83
"25025","tremulous",21,86857270,99.83
"25026","trivium",21,86857291,99.83
"25027","truant",21,86857312,99.83
"25028","tule",21,86857333,99.83
"25029","twitty",21,86857354,99.83
"25030","typecast",21,86857375,99.83
"25031","unavoidably",21,86857396,99.83
"25032","unceasing",21,86857417,99.83
"25033","underclassman",21,86857438,99.83
"25034","understory",21,86857459,99.83
"25035","undistinguished",21,86857480,99.83
"25036","undoubted",21,86857501,99.83
"25037","unforgiven",21,86857522,99.83
"25038","unhurried",21,86857543,99.83
"25039","unimaginably",21,86857564,99.83
"25040","unionization",21,86857585,99.83
"25041","unnerve",21,86857606,99.83
"25042","unpasteurized",21,86857627,99.83
"25043","unprompted",21,86857648,99.83
"25044","unreached",21,86857669,99.83
"25045","unrealized",21,86857690,99.83
"25046","untraditional",21,86857711,99.83
"25047","unvaccinated",21,86857732,99.83
"25048","unwary",21,86857753,99.83
"25049","uppermost",21,86857774,99.83
"25050","uprights",21,86857795,99.83
"25051","venereal",21,86857816,99.83
"25052","verisimilitude",21,86857837,99.83
"25053","voiding",21,86857858,99.83
"25054","wakefulness",21,86857879,99.83
"25055","wantage",21,86857900,99.83
"25056","weightlessness",21,86857921,99.83
"25057","welter",21,86857942,99.83
"25058","wert",21,86857963,99.83
"25059","whitten",21,86857984,99.83
"25060","willfulness",21,86858005,99.83
"25061","willowy",21,86858026,99.83
"25062","windbreaker",21,86858047,99.83
"25063","windstorm",21,86858068,99.83
"25064","worshipful",21,86858089,99.83
"25065","wrister",21,86858110,99.83
"25066","yoi",21,86858131,99.83
"25067","absorber",20,86858151,99.83
"25068","adder",20,86858171,99.83
"25069","administratively",20,86858191,99.83
"25070","admixture",20,86858211,99.83
"25071","adroitly",20,86858231,99.83
"25072","aeration",20,86858251,99.83
"25073","ager",20,86858271,99.83
"25074","aire",20,86858291,99.83
"25075","allice",20,86858311,99.83
"25076","aloofness",20,86858331,99.83
"25077","ambling",20,86858351,99.83
"25078","amiably",20,86858371,99.83
"25079","amphetamine",20,86858391,99.83
"25080","analyzer",20,86858411,99.83
"25081","apologia",20,86858431,99.83
"25082","apotheosis",20,86858451,99.83
"25083","asta",20,86858471,99.83
"25084","asymmetric",20,86858491,99.83
"25085","backbreaking",20,86858511,99.83
"25086","balaclava",20,86858531,99.83
"25087","banality",20,86858551,99.83
"25088","banc",20,86858571,99.83
"25089","banishment",20,86858591,99.83
"25090","bara",20,86858611,99.83
"25091","baseboard",20,86858631,99.83
"25092","bezel",20,86858651,99.83
"25093","birdbath",20,86858671,99.83
"25094","bladed",20,86858691,99.83
"25095","blase",20,86858711,99.83
"25096","blinkered",20,86858731,99.83
"25097","blinky",20,86858751,99.83
"25098","bluefish",20,86858771,99.83
"25099","bottoming",20,86858791,99.83
"25100","butterball",20,86858811,99.83
"25101","butterfingers",20,86858831,99.83
"25102","buttock",20,86858851,99.83
"25103","callousness",20,86858871,99.83
"25104","carper",20,86858891,99.83
"25105","catchment",20,86858911,99.83
"25106","cattleman",20,86858931,99.83
"25107","chauvinism",20,86858951,99.83
"25108","chervil",20,86858971,99.83
"25109","chide",20,86858991,99.83
"25110","chronicler",20,86859011,99.83
"25111","clothespin",20,86859031,99.83
"25112","cobbling",20,86859051,99.83
"25113","coddle",20,86859071,99.83
"25114","colloquially",20,86859091,99.83
"25115","condescend",20,86859111,99.83
"25116","conjugal",20,86859131,99.83
"25117","constrictor",20,86859151,99.83
"25118","contortionist",20,86859171,99.83
"25119","contravention",20,86859191,99.83
"25120","couplet",20,86859211,99.83
"25121","covenantal",20,86859231,99.83
"25122","coziness",20,86859251,99.83
"25123","craftwork",20,86859271,99.83
"25124","crawly",20,86859291,99.83
"25125","crea",20,86859311,99.83
"25126","creat",20,86859331,99.83
"25127","creationist",20,86859351,99.83
"25128","crewman",20,86859371,99.83
"25129","crinkly",20,86859391,99.83
"25130","cripes",20,86859411,99.83
"25131","cro",20,86859431,99.83
"25132","cruse",20,86859451,99.83
"25133","cryptically",20,86859471,99.83
"25134","cultus",20,86859491,99.83
"25135","damping",20,86859511,99.83
"25136","dauphin",20,86859531,99.83
"25137","debilitated",20,86859551,99.83
"25138","decentralization",20,86859571,99.83
"25139","degeneracy",20,86859591,99.83
"25140","deign",20,86859611,99.83
"25141","devoutly",20,86859631,99.83
"25142","diastolic",20,86859651,99.83
"25143","dignitary",20,86859671,99.83
"25144","dispassionately",20,86859691,99.83
"25145","dorsal",20,86859711,99.83
"25146","draftee",20,86859731,99.83
"25147","duffer",20,86859751,99.83
"25148","dully",20,86859771,99.83
"25149","dwelled",20,86859791,99.84
"25150","eastland",20,86859811,99.84
"25151","effectual",20,86859831,99.84
"25152","egregiously",20,86859851,99.84
"25153","elucidate",20,86859871,99.84
"25154","emphases",20,86859891,99.84
"25155","emporia",20,86859911,99.84
"25156","endorser",20,86859931,99.84
"25157","enticement",20,86859951,99.84
"25158","evaluative",20,86859971,99.84
"25159","excitingly",20,86859991,99.84
"25160","exculpatory",20,86860011,99.84
"25161","exerciser",20,86860031,99.84
"25162","exorcise",20,86860051,99.84
"25163","expansively",20,86860071,99.84
"25164","fakery",20,86860091,99.84
"25165","fallacious",20,86860111,99.84
"25166","fie",20,86860131,99.84
"25167","fierceness",20,86860151,99.84
"25168","fisheye",20,86860171,99.84
"25169","fissure",20,86860191,99.84
"25170","flagellation",20,86860211,99.84
"25171","fleeced",20,86860231,99.84
"25172","flinty",20,86860251,99.84
"25173","foist",20,86860271,99.84
"25174","folkloric",20,86860291,99.84
"25175","formalism",20,86860311,99.84
"25176","fortuitously",20,86860331,99.84
"25177","gallantly",20,86860351,99.84
"25178","genet",20,86860371,99.84
"25179","gens",20,86860391,99.84
"25180","gerbil",20,86860411,99.84
"25181","ging",20,86860431,99.84
"25182","ginkgo",20,86860451,99.84
"25183","girder",20,86860471,99.84
"25184","glucosamine",20,86860491,99.84
"25185","gos",20,86860511,99.84
"25186","grumpiness",20,86860531,99.84
"25187","haberdashery",20,86860551,99.84
"25188","haft",20,86860571,99.84
"25189","harmlessly",20,86860591,99.84
"25190","harmonics",20,86860611,99.84
"25191","headmistress",20,86860631,99.84
"25192","heavenward",20,86860651,99.84
"25193","hireling",20,86860671,99.84
"25194","hovel",20,86860691,99.84
"25195","humbleness",20,86860711,99.84
"25196","humidor",20,86860731,99.84
"25197","hyperventilate",20,86860751,99.84
"25198","hypnotism",20,86860771,99.84
"25199","immobility",20,86860791,99.84
"25200","immodest",20,86860811,99.84
"25201","imperceptibly",20,86860831,99.84
"25202","impregnable",20,86860851,99.84
"25203","inchoate",20,86860871,99.84
"25204","incorrigible",20,86860891,99.84
"25205","indecipherable",20,86860911,99.84
"25206","indefinable",20,86860931,99.84
"25207","infra",20,86860951,99.84
"25208","insubstantial",20,86860971,99.84
"25209","interloper",20,86860991,99.84
"25210","internationalism",20,86861011,99.84
"25211","internecine",20,86861031,99.84
"25212","intravenously",20,86861051,99.84
"25213","inundate",20,86861071,99.84
"25214","irreversibly",20,86861091,99.84
"25215","irritatingly",20,86861111,99.84
"25216","jangly",20,86861131,99.84
"25217","jib",20,86861151,99.84
"25218","karamu",20,86861171,99.84
"25219","kinch",20,86861191,99.84
"25220","kipper",20,86861211,99.84
"25221","kirkman",20,86861231,99.84
"25222","knotting",20,86861251,99.84
"25223","lalo",20,86861271,99.84
"25224","lameness",20,86861291,99.84
"25225","larynx",20,86861311,99.84
"25226","laxness",20,86861331,99.84
"25227","librettist",20,86861351,99.84
"25228","liege",20,86861371,99.84
"25229","limpid",20,86861391,99.84
"25230","localize",20,86861411,99.84
"25231","loquacious",20,86861431,99.84
"25232","luminescent",20,86861451,99.84
"25233","madrona",20,86861471,99.84
"25234","mantelpiece",20,86861491,99.84
"25235","mastiff",20,86861511,99.84
"25236","milch",20,86861531,99.84
"25237","minot",20,86861551,99.84
"25238","minuteman",20,86861571,99.84
"25239","minx",20,86861591,99.84
"25240","misadventure",20,86861611,99.84
"25241","miscreant",20,86861631,99.84
"25242","modifier",20,86861651,99.84
"25243","mongrel",20,86861671,99.84
"25244","moonstone",20,86861691,99.84
"25245","mungo",20,86861711,99.84
"25246","nak",20,86861731,99.84
"25247","nationalize",20,86861751,99.84
"25248","necromancer",20,86861771,99.84
"25249","neuropathy",20,86861791,99.84
"25250","nihilist",20,86861811,99.84
"25251","nim",20,86861831,99.84
"25252","noa",20,86861851,99.84
"25253","nongovernmental",20,86861871,99.84
"25254","nonresident",20,86861891,99.84
"25255","obliteration",20,86861911,99.84
"25256","obstructionist",20,86861931,99.84
"25257","oscilloscope",20,86861951,99.84
"25258","outfitter",20,86861971,99.84
"25259","outgrowing",20,86861991,99.84
"25260","outhit",20,86862011,99.84
"25261","overshot",20,86862031,99.84
"25262","pannier",20,86862051,99.84
"25263","paperweight",20,86862071,99.84
"25264","parallelism",20,86862091,99.84
"25265","paratrooper",20,86862111,99.84
"25266","pari",20,86862131,99.84
"25267","patrimony",20,86862151,99.84
"25268","perversity",20,86862171,99.84
"25269","phenomenology",20,86862191,99.84
"25270","picador",20,86862211,99.84
"25271","pict",20,86862231,99.84
"25272","pined",20,86862251,99.84
"25273","pinochle",20,86862271,99.84
"25274","playpen",20,86862291,99.84
"25275","pliant",20,86862311,99.84
"25276","plover",20,86862331,99.84
"25277","plummy",20,86862351,99.84
"25278","prat",20,86862371,99.84
"25279","precipitate",20,86862391,99.84
"25280","preservationist",20,86862411,99.84
"25281","pricking",20,86862431,99.84
"25282","prosthesis",20,86862451,99.84
"25283","protectionist",20,86862471,99.84
"25284","provocatively",20,86862491,99.84
"25285","psychoanalyst",20,86862511,99.84
"25286","puja",20,86862531,99.84
"25287","qualitatively",20,86862551,99.84
"25288","rab",20,86862571,99.84
"25289","raconteur",20,86862591,99.84
"25290","readmission",20,86862611,99.84
"25291","recessive",20,86862631,99.84
"25292","recheck",20,86862651,99.84
"25293","reclassify",20,86862671,99.84
"25294","redbud",20,86862691,99.84
"25295","redouble",20,86862711,99.84
"25296","repast",20,86862731,99.84
"25297","repentant",20,86862751,99.84
"25298","repulse",20,86862771,99.84
"25299","retrenchment",20,86862791,99.84
"25300","retrospectively",20,86862811,99.84
"25301","reverential",20,86862831,99.84
"25302","rightist",20,86862851,99.84
"25303","rolley",20,86862871,99.84
"25304","ronde",20,86862891,99.84
"25305","rosella",20,86862911,99.84
"25306","rueful",20,86862931,99.84
"25307","sahib",20,86862951,99.84
"25308","salting",20,86862971,99.84
"25309","salutation",20,86862991,99.84
"25310","sandbag",20,86863011,99.84
"25311","sandpiper",20,86863031,99.84
"25312","sapient",20,86863051,99.84
"25313","sasa",20,86863071,99.84
"25314","saunter",20,86863091,99.84
"25315","scoffing",20,86863111,99.84
"25316","scornful",20,86863131,99.84
"25317","seditious",20,86863151,99.84
"25318","segmentation",20,86863171,99.84
"25319","servile",20,86863191,99.84
"25320","shish",20,86863211,99.84
"25321","sinew",20,86863231,99.84
"25322","singly",20,86863251,99.84
"25323","skinker",20,86863271,99.84
"25324","slavishly",20,86863291,99.84
"25325","slumming",20,86863311,99.84
"25326","snapdragon",20,86863331,99.84
"25327","snubbing",20,86863351,99.84
"25328","souper",20,86863371,99.84
"25329","souring",20,86863391,99.84
"25330","southard",20,86863411,99.84
"25331","spaciousness",20,86863431,99.84
"25332","spillage",20,86863451,99.84
"25333","squeegee",20,86863471,99.84
"25334","steadier",20,86863491,99.84
"25335","steeling",20,86863511,99.84
"25336","stepbrother",20,86863531,99.84
"25337","stockman",20,86863551,99.84
"25338","stowaway",20,86863571,99.84
"25339","suborbital",20,86863591,99.84
"25340","succotash",20,86863611,99.84
"25341","sulky",20,86863631,99.84
"25342","sunland",20,86863651,99.84
"25343","sunless",20,86863671,99.84
"25344","sunn",20,86863691,99.84
"25345","switchboard",20,86863711,99.84
"25346","swizzle",20,86863731,99.84
"25347","swordsman",20,86863751,99.84
"25348","swot",20,86863771,99.84
"25349","systolic",20,86863791,99.84
"25350","tabard",20,86863811,99.84
"25351","tadpole",20,86863831,99.84
"25352","tailpipe",20,86863851,99.84
"25353","tankard",20,86863871,99.84
"25354","tantric",20,86863891,99.84
"25355","tarn",20,86863911,99.84
"25356","tatty",20,86863931,99.84
"25357","tenner",20,86863951,99.84
"25358","thoracic",20,86863971,99.84
"25359","thoughtlessly",20,86863991,99.84
"25360","thrillingly",20,86864011,99.84
"25361","tinder",20,86864031,99.84
"25362","tithing",20,86864051,99.84
"25363","toho",20,86864071,99.84
"25364","toity",20,86864091,99.84
"25365","topmost",20,86864111,99.84
"25366","tora",20,86864131,99.84
"25367","touchback",20,86864151,99.84
"25368","tozer",20,86864171,99.84
"25369","tracer",20,86864191,99.84
"25370","trackside",20,86864211,99.84
"25371","traditionalism",20,86864231,99.84
"25372","tress",20,86864251,99.84
"25373","trice",20,86864271,99.84
"25374","trog",20,86864291,99.84
"25375","turco",20,86864311,99.84
"25376","turkle",20,86864331,99.84
"25377","turncoat",20,86864351,99.84
"25378","ultrasonic",20,86864371,99.84
"25379","unburdened",20,86864391,99.84
"25380","unconstrained",20,86864411,99.84
"25381","undiluted",20,86864431,99.84
"25382","unglued",20,86864451,99.84
"25383","uninviting",20,86864471,99.84
"25384","unpredictably",20,86864491,99.84
"25385","unsurprised",20,86864511,99.84
"25386","untangling",20,86864531,99.84
"25387","unwatched",20,86864551,99.84
"25388","uptrend",20,86864571,99.84
"25389","vaulter",20,86864591,99.84
"25390","verite",20,86864611,99.84
"25391","vilification",20,86864631,99.84
"25392","virile",20,86864651,99.84
"25393","vocalize",20,86864671,99.84
"25394","warrantless",20,86864691,99.84
"25395","wearisome",20,86864711,99.84
"25396","wellmaker",20,86864731,99.84
"25397","westernmost",20,86864751,99.84
"25398","whiten",20,86864771,99.84
"25399","wombat",20,86864791,99.84
"25400","wondrously",20,86864811,99.84
"25401","wormwood",20,86864831,99.84
"25402","wyle",20,86864851,99.84
"25403","yachting",20,86864871,99.84
"25404","yeoman",20,86864891,99.84
"25405","zoologist",20,86864911,99.84
"25406","zoster",20,86864931,99.84
"25407","abductor",19,86864950,99.84
"25408","absconded",19,86864969,99.84
"25409","accede",19,86864988,99.84
"25410","acetone",19,86865007,99.84
"25411","actualize",19,86865026,99.84
"25412","acupressure",19,86865045,99.84
"25413","adorableness",19,86865064,99.84
"25414","aeon",19,86865083,99.84
"25415","aerate",19,86865102,99.84
"25416","aflutter",19,86865121,99.84
"25417","aftercare",19,86865140,99.84
"25418","agnosticism",19,86865159,99.84
"25419","agog",19,86865178,99.84
"25420","ake",19,86865197,99.84
"25421","allergenic",19,86865216,99.84
"25422","ankh",19,86865235,99.84
"25423","anther",19,86865254,99.84
"25424","antic",19,86865273,99.84
"25425","apoplectic",19,86865292,99.84
"25426","ardently",19,86865311,99.84
"25427","assail",19,86865330,99.84
"25428","assertively",19,86865349,99.84
"25429","baccarat",19,86865368,99.84
"25430","balsam",19,86865387,99.84
"25431","barbican",19,86865406,99.84
"25432","barnacle",19,86865425,99.84
"25433","betwixt",19,86865444,99.84
"25434","bice",19,86865463,99.84
"25435","biotin",19,86865482,99.84
"25436","bisexuality",19,86865501,99.84
"25437","blabber",19,86865520,99.84
"25438","blest",19,86865539,99.84
"25439","blithe",19,86865558,99.84
"25440","blotting",19,86865577,99.84
"25441","boilermaker",19,86865596,99.84
"25442","boof",19,86865615,99.84
"25443","bootlegger",19,86865634,99.84
"25444","bouillabaisse",19,86865653,99.84
"25445","bowlful",19,86865672,99.84
"25446","brawler",19,86865691,99.84
"25447","bunkhouse",19,86865710,99.84
"25448","burd",19,86865729,99.84
"25449","byway",19,86865748,99.84
"25450","cannibalistic",19,86865767,99.84
"25451","certifiable",19,86865786,99.84
"25452","chambray",19,86865805,99.84
"25453","cheesiness",19,86865824,99.84
"25454","cherubim",19,86865843,99.84
"25455","chillingly",19,86865862,99.84
"25456","chola",19,86865881,99.84
"25457","clerestory",19,86865900,99.84
"25458","coinage",19,86865919,99.84
"25459","colorist",19,86865938,99.84
"25460","conciliation",19,86865957,99.84
"25461","conclave",19,86865976,99.84
"25462","conflation",19,86865995,99.84
"25463","confusingly",19,86866014,99.84
"25464","conservatorium",19,86866033,99.84
"25465","contemporaneous",19,86866052,99.84
"25466","controllable",19,86866071,99.84
"25467","convalescent",19,86866090,99.84
"25468","corder",19,86866109,99.84
"25469","corker",19,86866128,99.84
"25470","cornflower",19,86866147,99.84
"25471","cosmological",19,86866166,99.84
"25472","cowhide",19,86866185,99.84
"25473","crag",19,86866204,99.84
"25474","crasher",19,86866223,99.84
"25475","creatine",19,86866242,99.84
"25476","crematorium",19,86866261,99.84
"25477","cribbage",19,86866280,99.84
"25478","crunchiness",19,86866299,99.84
"25479","cubism",19,86866318,99.84
"25480","dabber",19,86866337,99.84
"25481","debauched",19,86866356,99.84
"25482","decedent",19,86866375,99.84
"25483","declaratory",19,86866394,99.84
"25484","defacing",19,86866413,99.84
"25485","deliveryman",19,86866432,99.84
"25486","denture",19,86866451,99.84
"25487","detonator",19,86866470,99.84
"25488","diaphanous",19,86866489,99.84
"25489","directionless",19,86866508,99.84
"25490","disavow",19,86866527,99.84
"25491","disengagement",19,86866546,99.84
"25492","dispossession",19,86866565,99.84
"25493","dissociative",19,86866584,99.84
"25494","doest",19,86866603,99.84
"25495","dolt",19,86866622,99.84
"25496","dramatist",19,86866641,99.84
"25497","elderberry",19,86866660,99.84
"25498","electrify",19,86866679,99.84
"25499","electrocution",19,86866698,99.84
"25500","ellipses",19,86866717,99.84
"25501","embolism",19,86866736,99.84
"25502","enchant",19,86866755,99.84
"25503","enrollee",19,86866774,99.84
"25504","equivalence",19,86866793,99.84
"25505","erring",19,86866812,99.84
"25506","evaporative",19,86866831,99.84
"25507","evilness",19,86866850,99.84
"25508","eviscerate",19,86866869,99.84
"25509","examinership",19,86866888,99.84
"25510","experimentally",19,86866907,99.84
"25511","extenuating",19,86866926,99.84
"25512","fainter",19,86866945,99.84
"25513","fanged",19,86866964,99.84
"25514","farfetched",19,86866983,99.84
"25515","farmyard",19,86867002,99.84
"25516","fastening",19,86867021,99.84
"25517","feebly",19,86867040,99.84
"25518","fetishism",19,86867059,99.84
"25519","fibrillation",19,86867078,99.84
"25520","fiftieth",19,86867097,99.84
"25521","filippo",19,86867116,99.84
"25522","flapjack",19,86867135,99.84
"25523","flue",19,86867154,99.84
"25524","foldable",19,86867173,99.84
"25525","foment",19,86867192,99.84
"25526","fou",19,86867211,99.84
"25527","foy",19,86867230,99.84
"25528","fragmentary",19,86867249,99.84
"25529","gadfly",19,86867268,99.84
"25530","gam",19,86867287,99.84
"25531","gantlet",19,86867306,99.84
"25532","gaskins",19,86867325,99.84
"25533","gayness",19,86867344,99.84
"25534","generically",19,86867363,99.84
"25535","geometrical",19,86867382,99.84
"25536","girling",19,86867401,99.84
"25537","gladden",19,86867420,99.84
"25538","gleaning",19,86867439,99.84
"25539","glutathione",19,86867458,99.84
"25540","goldenrod",19,86867477,99.84
"25541","goldfinch",19,86867496,99.84
"25542","gourmand",19,86867515,99.84
"25543","graceless",19,86867534,99.84
"25544","grafting",19,86867553,99.84
"25545","groff",19,86867572,99.84
"25546","groundless",19,86867591,99.84
"25547","groveling",19,86867610,99.84
"25548","grue",19,86867629,99.84
"25549","guiltily",19,86867648,99.84
"25550","hacksaw",19,86867667,99.84
"25551","hance",19,86867686,99.84
"25552","hatted",19,86867705,99.84
"25553","hedonism",19,86867724,99.84
"25554","hermetic",19,86867743,99.84
"25555","highfalutin",19,86867762,99.84
"25556","hoary",19,86867781,99.84
"25557","hollyhock",19,86867800,99.84
"25558","homoerotic",19,86867819,99.84
"25559","hoon",19,86867838,99.84
"25560","hopefulness",19,86867857,99.84
"25561","housebound",19,86867876,99.84
"25562","huss",19,86867895,99.84
"25563","hypnotist",19,86867914,99.84
"25564","hypothesize",19,86867933,99.84
"25565","imprimatur",19,86867952,99.84
"25566","incipient",19,86867971,99.84
"25567","incompatibility",19,86867990,99.84
"25568","incomprehension",19,86868009,99.84
"25569","indolent",19,86868028,99.84
"25570","inductive",19,86868047,99.84
"25571","ineligibility",19,86868066,99.84
"25572","infanticide",19,86868085,99.84
"25573","inglenook",19,86868104,99.84
"25574","inorganic",19,86868123,99.84
"25575","insistently",19,86868142,99.84
"25576","inured",19,86868161,99.84
"25577","ischemia",19,86868180,99.84
"25578","islet",19,86868199,99.84
"25579","jabbering",19,86868218,99.84
"25580","jackal",19,86868237,99.84
"25581","jacobus",19,86868256,99.84
"25582","jellied",19,86868275,99.84
"25583","juiciness",19,86868294,99.84
"25584","kersey",19,86868313,99.84
"25585","kinesthetic",19,86868332,99.84
"25586","kombu",19,86868351,99.84
"25587","lamentation",19,86868370,99.84
"25588","latching",19,86868389,99.84
"25589","leal",19,86868408,99.84
"25590","leant",19,86868427,99.84
"25591","lector",19,86868446,99.84
"25592","legislatively",19,86868465,99.84
"25593","liberator",19,86868484,99.85
"25594","lich",19,86868503,99.85
"25595","liquidy",19,86868522,99.85
"25596","literati",19,86868541,99.85
"25597","lobotomy",19,86868560,99.85
"25598","luff",19,86868579,99.85
"25599","madrigal",19,86868598,99.85
"25600","magnanimous",19,86868617,99.85
"25601","malignancy",19,86868636,99.85
"25602","marauder",19,86868655,99.85
"25603","melamine",19,86868674,99.85
"25604","miasma",19,86868693,99.85
"25605","milligram",19,86868712,99.85
"25606","minish",19,86868731,99.85
"25607","moistness",19,86868750,99.85
"25608","monotheistic",19,86868769,99.85
"25609","moonless",19,86868788,99.85
"25610","mult",19,86868807,99.85
"25611","myopia",19,86868826,99.85
"25612","naturalness",19,86868845,99.85
"25613","nonpayment",19,86868864,99.85
"25614","numerically",19,86868883,99.85
"25615","oban",19,86868902,99.85
"25616","oda",19,86868921,99.85
"25617","omnipresence",19,86868940,99.85
"25618","onrushing",19,86868959,99.85
"25619","organogold",19,86868978,99.85
"25620","outstate",19,86868997,99.85
"25621","overstay",19,86869016,99.85
"25622","overstep",19,86869035,99.85
"25623","paleolithic",19,86869054,99.85
"25624","paleontology",19,86869073,99.85
"25625","paralytic",19,86869092,99.85
"25626","pasteurization",19,86869111,99.85
"25627","pawpaw",19,86869130,99.85
"25628","peaty",19,86869149,99.85
"25629","peloton",19,86869168,99.85
"25630","performative",19,86869187,99.85
"25631","pervade",19,86869206,99.85
"25632","petre",19,86869225,99.85
"25633","phallus",19,86869244,99.85
"25634","phantasm",19,86869263,99.85
"25635","pigging",19,86869282,99.85
"25636","plastering",19,86869301,99.85
"25637","plumping",19,86869320,99.85
"25638","polytheistic",19,86869339,99.85
"25639","pompey",19,86869358,99.85
"25640","popover",19,86869377,99.85
"25641","porcine",19,86869396,99.85
"25642","portentous",19,86869415,99.85
"25643","postnatal",19,86869434,99.85
"25644","premeditation",19,86869453,99.85
"25645","preternaturally",19,86869472,99.85
"25646","provident",19,86869491,99.85
"25647","puerile",19,86869510,99.85
"25648","pyre",19,86869529,99.85
"25649","quintuple",19,86869548,99.85
"25650","racoon",19,86869567,99.85
"25651","radiological",19,86869586,99.85
"25652","radium",19,86869605,99.85
"25653","rancorous",19,86869624,99.85
"25654","rebalance",19,86869643,99.85
"25655","reciprocation",19,86869662,99.85
"25656","redact",19,86869681,99.85
"25657","redbird",19,86869700,99.85
"25658","rehearing",19,86869719,99.85
"25659","rehydrate",19,86869738,99.85
"25660","repatriate",19,86869757,99.85
"25661","repopulate",19,86869776,99.85
"25662","retinue",19,86869795,99.85
"25663","retread",19,86869814,99.85
"25664","returnable",19,86869833,99.85
"25665","ricer",19,86869852,99.85
"25666","ridged",19,86869871,99.85
"25667","rifling",19,86869890,99.85
"25668","roomed",19,86869909,99.85
"25669","ruffian",19,86869928,99.85
"25670","sackcloth",19,86869947,99.85
"25671","salesmanship",19,86869966,99.85
"25672","sayer",19,86869985,99.85
"25673","schmaltz",19,86870004,99.85
"25674","scooper",19,86870023,99.85
"25675","scurrilous",19,86870042,99.85
"25676","seaplane",19,86870061,99.85
"25677","sequestration",19,86870080,99.85
"25678","sexless",19,86870099,99.85
"25679","shadowbox",19,86870118,99.85
"25680","shaper",19,86870137,99.85
"25681","sheng",19,86870156,99.85
"25682","shoeshine",19,86870175,99.85
"25683","shoplifter",19,86870194,99.85
"25684","sidetrack",19,86870213,99.85
"25685","simplex",19,86870232,99.85
"25686","simulacrum",19,86870251,99.85
"25687","skoo",19,86870270,99.85
"25688","slainte",19,86870289,99.85
"25689","sleepily",19,86870308,99.85
"25690","sloppily",19,86870327,99.85
"25691","smallness",19,86870346,99.85
"25692","smote",19,86870365,99.85
"25693","sociopolitical",19,86870384,99.85
"25694","soonish",19,86870403,99.85
"25695","sopping",19,86870422,99.85
"25696","sou",19,86870441,99.85
"25697","speakership",19,86870460,99.85
"25698","stagecraft",19,86870479,99.85
"25699","statism",19,86870498,99.85
"25700","steppe",19,86870517,99.85
"25701","stigmata",19,86870536,99.85
"25702","stippling",19,86870555,99.85
"25703","straightforwardly",19,86870574,99.85
"25704","striper",19,86870593,99.85
"25705","stull",19,86870612,99.85
"25706","subservience",19,86870631,99.85
"25707","subtropical",19,86870650,99.85
"25708","suckle",19,86870669,99.85
"25709","sudsy",19,86870688,99.85
"25710","supersize",19,86870707,99.85
"25711","surtax",19,86870726,99.85
"25712","synesthesia",19,86870745,99.85
"25713","synthesize",19,86870764,99.85
"25714","tantalize",19,86870783,99.85
"25715","tawa",19,86870802,99.85
"25716","taxpaying",19,86870821,99.85
"25717","terrazzo",19,86870840,99.85
"25718","thallium",19,86870859,99.85
"25719","thrombosis",19,86870878,99.85
"25720","throughput",19,86870897,99.85
"25721","thumbprint",19,86870916,99.85
"25722","tonsil",19,86870935,99.85
"25723","topographical",19,86870954,99.85
"25724","totter",19,86870973,99.85
"25725","tourn",19,86870992,99.85
"25726","transom",19,86871011,99.85
"25727","triumphal",19,86871030,99.85
"25728","triumphing",19,86871049,99.85
"25729","unblinking",19,86871068,99.85
"25730","uncapped",19,86871087,99.85
"25731","unchangeable",19,86871106,99.85
"25732","undated",19,86871125,99.85
"25733","undermanned",19,86871144,99.85
"25734","ungainly",19,86871163,99.85
"25735","unlisted",19,86871182,99.85
"25736","unmentionables",19,86871201,99.85
"25737","unrecorded",19,86871220,99.85
"25738","unreservedly",19,86871239,99.85
"25739","unruffled",19,86871258,99.85
"25740","untruth",19,86871277,99.85
"25741","usurpation",19,86871296,99.85
"25742","varicose",19,86871315,99.85
"25743","vehemence",19,86871334,99.85
"25744","ventricular",19,86871353,99.85
"25745","verbosity",19,86871372,99.85
"25746","vint",19,86871391,99.85
"25747","wayman",19,86871410,99.85
"25748","whaler",19,86871429,99.85
"25749","whimsically",19,86871448,99.85
"25750","wined",19,86871467,99.85
"25751","winnowing",19,86871486,99.85
"25752","wonna",19,86871505,99.85
"25753","woodcock",19,86871524,99.85
"25754","woodworker",19,86871543,99.85
"25755","woon",19,86871562,99.85
"25756","zealously",19,86871581,99.85
"25757","abdicate",18,86871599,99.85
"25758","abstracted",18,86871617,99.85
"25759","abstruse",18,86871635,99.85
"25760","academe",18,86871653,99.85
"25761","acceptability",18,86871671,99.85
"25762","acolyte",18,86871689,99.85
"25763","acquirer",18,86871707,99.85
"25764","adjudicate",18,86871725,99.85
"25765","afflicting",18,86871743,99.85
"25766","affronted",18,86871761,99.85
"25767","alacrity",18,86871779,99.85
"25768","algebraic",18,86871797,99.85
"25769","anamnesis",18,86871815,99.85
"25770","anamorphic",18,86871833,99.85
"25771","annular",18,86871851,99.85
"25772","anxiousness",18,86871869,99.85
"25773","archduke",18,86871887,99.85
"25774","argon",18,86871905,99.85
"25775","artesian",18,86871923,99.85
"25776","asana",18,86871941,99.85
"25777","ashraf",18,86871959,99.85
"25778","assay",18,86871977,99.85
"25779","astronomically",18,86871995,99.85
"25780","asynchronous",18,86872013,99.85
"25781","atherosclerosis",18,86872031,99.85
"25782","axial",18,86872049,99.85
"25783","bagpiper",18,86872067,99.85
"25784","bandy",18,86872085,99.85
"25785","bataan",18,86872103,99.85
"25786","bathhouse",18,86872121,99.85
"25787","batiste",18,86872139,99.85
"25788","beatification",18,86872157,99.85
"25789","becket",18,86872175,99.85
"25790","beholding",18,86872193,99.85
"25791","belay",18,86872211,99.85
"25792","belligerence",18,86872229,99.85
"25793","beseeching",18,86872247,99.85
"25794","betrayer",18,86872265,99.85
"25795","bidet",18,86872283,99.85
"25796","bigamy",18,86872301,99.85
"25797","billable",18,86872319,99.85
"25798","bitumen",18,86872337,99.85
"25799","blackish",18,86872355,99.85
"25800","blanching",18,86872373,99.85
"25801","bloodstone",18,86872391,99.85
"25802","bluebeard",18,86872409,99.85
"25803","bogie",18,86872427,99.85
"25804","boller",18,86872445,99.85
"25805","boma",18,86872463,99.85
"25806","bondsman",18,86872481,99.85
"25807","boneshaker",18,86872499,99.85
"25808","bonito",18,86872517,99.85
"25809","boreal",18,86872535,99.85
"25810","breastplate",18,86872553,99.85
"25811","bromide",18,86872571,99.85
"25812","bulling",18,86872589,99.85
"25813","cadenza",18,86872607,99.85
"25814","camisole",18,86872625,99.85
"25815","carder",18,86872643,99.85
"25816","carlie",18,86872661,99.85
"25817","carousing",18,86872679,99.85
"25818","celadon",18,86872697,99.85
"25819","cellulose",18,86872715,99.85
"25820","cess",18,86872733,99.85
"25821","chanterelle",18,86872751,99.85
"25822","chapeau",18,86872769,99.85
"25823","chaplaincy",18,86872787,99.85
"25824","charitably",18,86872805,99.85
"25825","chattel",18,86872823,99.85
"25826","chicky",18,86872841,99.85
"25827","cicerone",18,86872859,99.85
"25828","clef",18,86872877,99.85
"25829","cloaking",18,86872895,99.85
"25830","clobber",18,86872913,99.85
"25831","clownish",18,86872931,99.85
"25832","cockeyed",18,86872949,99.85
"25833","collectable",18,86872967,99.85
"25834","confectionary",18,86872985,99.85
"25835","confidentially",18,86873003,99.85
"25836","conformation",18,86873021,99.85
"25837","construe",18,86873039,99.85
"25838","controversially",18,86873057,99.85
"25839","cormorant",18,86873075,99.85
"25840","cornet",18,86873093,99.85
"25841","counterweight",18,86873111,99.85
"25842","covetousness",18,86873129,99.85
"25843","cranial",18,86873147,99.85
"25844","creativeness",18,86873165,99.85
"25845","creditable",18,86873183,99.85
"25846","crinoline",18,86873201,99.85
"25847","crystallize",18,86873219,99.85
"25848","culvert",18,86873237,99.85
"25849","cumulatively",18,86873255,99.85
"25850","curler",18,86873273,99.85
"25851","dari",18,86873291,99.85
"25852","deadening",18,86873309,99.85
"25853","deadman",18,86873327,99.85
"25854","decant",18,86873345,99.85
"25855","deductive",18,86873363,99.85
"25856","deletion",18,86873381,99.85
"25857","delude",18,86873399,99.85
"25858","demagogue",18,86873417,99.85
"25859","depopulation",18,86873435,99.85
"25860","depose",18,86873453,99.85
"25861","despotism",18,86873471,99.85
"25862","dialectical",18,86873489,99.85
"25863","dialer",18,86873507,99.85
"25864","disenfranchisement",18,86873525,99.85
"25865","dissenter",18,86873543,99.85
"25866","doby",18,86873561,99.85
"25867","drachma",18,86873579,99.85
"25868","dray",18,86873597,99.85
"25869","dribbler",18,86873615,99.85
"25870","ean",18,86873633,99.85
"25871","egger",18,86873651,99.85
"25872","elfin",18,86873669,99.85
"25873","elkhorn",18,86873687,99.85
"25874","ellipsis",18,86873705,99.85
"25875","emir",18,86873723,99.85
"25876","encephalitis",18,86873741,99.85
"25877","excellency",18,86873759,99.85
"25878","execrable",18,86873777,99.85
"25879","expository",18,86873795,99.85
"25880","extender",18,86873813,99.85
"25881","extrinsic",18,86873831,99.85
"25882","exultation",18,86873849,99.85
"25883","factional",18,86873867,99.85
"25884","fage",18,86873885,99.85
"25885","fairyland",18,86873903,99.85
"25886","faraday",18,86873921,99.85
"25887","fascinator",18,86873939,99.85
"25888","fescue",18,86873957,99.85
"25889","festivity",18,86873975,99.85
"25890","feudalism",18,86873993,99.85
"25891","fillable",18,86874011,99.85
"25892","flagellum",18,86874029,99.85
"25893","flathead",18,86874047,99.85
"25894","fluttery",18,86874065,99.85
"25895","foiling",18,86874083,99.85
"25896","footfall",18,86874101,99.85
"25897","forewarning",18,86874119,99.85
"25898","futurism",18,86874137,99.85
"25899","geophysical",18,86874155,99.85
"25900","gladiatorial",18,86874173,99.85
"25901","grandiosity",18,86874191,99.85
"25902","grift",18,86874209,99.85
"25903","gros",18,86874227,99.85
"25904","grossness",18,86874245,99.85
"25905","guano",18,86874263,99.85
"25906","gullibility",18,86874281,99.85
"25907","guppy",18,86874299,99.85
"25908","gusset",18,86874317,99.85
"25909","hala",18,86874335,99.85
"25910","hamel",18,86874353,99.85
"25911","handprint",18,86874371,99.85
"25912","hao",18,86874389,99.85
"25913","harmonium",18,86874407,99.85
"25914","hawked",18,86874425,99.85
"25915","headpiece",18,86874443,99.85
"25916","hearken",18,86874461,99.85
"25917","hedgerow",18,86874479,99.85
"25918","heedless",18,86874497,99.85
"25919","hegemonic",18,86874515,99.85
"25920","herewith",18,86874533,99.85
"25921","hexavalent",18,86874551,99.85
"25922","hoi",18,86874569,99.85
"25923","hoodwink",18,86874587,99.85
"25924","housemaid",18,86874605,99.85
"25925","hoyle",18,86874623,99.85
"25926","hunh",18,86874641,99.85
"25927","idiomatic",18,86874659,99.85
"25928","immolation",18,86874677,99.85
"25929","improbability",18,86874695,99.85
"25930","incompletion",18,86874713,99.85
"25931","incontinent",18,86874731,99.85
"25932","indivisible",18,86874749,99.85
"25933","infantryman",18,86874767,99.85
"25934","infest",18,86874785,99.85
"25935","informality",18,86874803,99.85
"25936","ingrown",18,86874821,99.85
"25937","inheritor",18,86874839,99.85
"25938","insinuation",18,86874857,99.85
"25939","insolence",18,86874875,99.85
"25940","insolent",18,86874893,99.85
"25941","institutionally",18,86874911,99.85
"25942","integer",18,86874929,99.85
"25943","intellectualism",18,86874947,99.85
"25944","intemperate",18,86874965,99.85
"25945","interlaced",18,86874983,99.85
"25946","interlink",18,86875001,99.85
"25947","intertwining",18,86875019,99.85
"25948","inverter",18,86875037,99.85
"25949","ironside",18,86875055,99.85
"25950","isolationist",18,86875073,99.85
"25951","jeering",18,86875091,99.85
"25952","jerkin",18,86875109,99.85
"25953","jessamine",18,86875127,99.85
"25954","jowl",18,86875145,99.85
"25955","kalon",18,86875163,99.85
"25956","kayaker",18,86875181,99.85
"25957","kenner",18,86875199,99.85
"25958","kivu",18,86875217,99.85
"25959","knightly",18,86875235,99.85
"25960","kronor",18,86875253,99.85
"25961","lanolin",18,86875271,99.85
"25962","larva",18,86875289,99.85
"25963","legume",18,86875307,99.85
"25964","lesion",18,86875325,99.85
"25965","lewdness",18,86875343,99.85
"25966","longshore",18,86875361,99.85
"25967","lossless",18,86875379,99.85
"25968","lucent",18,86875397,99.85
"25969","luge",18,86875415,99.85
"25970","lurker",18,86875433,99.85
"25971","manto",18,86875451,99.85
"25972","masthead",18,86875469,99.85
"25973","matronly",18,86875487,99.85
"25974","minutely",18,86875505,99.85
"25975","miseducation",18,86875523,99.85
"25976","misjudge",18,86875541,99.85
"25977","mitra",18,86875559,99.85
"25978","moksha",18,86875577,99.85
"25979","molar",18,86875595,99.85
"25980","mone",18,86875613,99.85
"25981","mong",18,86875631,99.85
"25982","monoculture",18,86875649,99.85
"25983","moodiness",18,86875667,99.85
"25984","mooing",18,86875685,99.85
"25985","motored",18,86875703,99.85
"25986","mudding",18,86875721,99.85
"25987","multicourse",18,86875739,99.85
"25988","mutate",18,86875757,99.85
"25989","narcoleptic",18,86875775,99.85
"25990","negligently",18,86875793,99.85
"25991","newsboy",18,86875811,99.85
"25992","nonconformist",18,86875829,99.85
"25993","nontoxic",18,86875847,99.85
"25994","occultist",18,86875865,99.85
"25995","och",18,86875883,99.85
"25996","octopi",18,86875901,99.85
"25997","odeon",18,86875919,99.85
"25998","olam",18,86875937,99.85
"25999","oliphant",18,86875955,99.85
"26000","omnipotence",18,86875973,99.85
"26001","opprobrium",18,86875991,99.85
"26002","optometry",18,86876009,99.85
"26003","orf",18,86876027,99.85
"26004","orthodontics",18,86876045,99.85
"26005","outland",18,86876063,99.85
"26006","overhand",18,86876081,99.85
"26007","pacification",18,86876099,99.85
"26008","pacifism",18,86876117,99.85
"26009","paloverde",18,86876135,99.85
"26010","panoply",18,86876153,99.85
"26011","parabola",18,86876171,99.85
"26012","partitioned",18,86876189,99.85
"26013","pedicab",18,86876207,99.85
"26014","peele",18,86876225,99.85
"26015","pegging",18,86876243,99.85
"26016","persnickety",18,86876261,99.85
"26017","physiotherapy",18,86876279,99.85
"26018","pinion",18,86876297,99.85
"26019","pish",18,86876315,99.85
"26020","piso",18,86876333,99.85
"26021","plait",18,86876351,99.85
"26022","planar",18,86876369,99.85
"26023","plaything",18,86876387,99.85
"26024","plumed",18,86876405,99.85
"26025","pluralistic",18,86876423,99.85
"26026","polyphony",18,86876441,99.85
"26027","pontifical",18,86876459,99.85
"26028","pranking",18,86876477,99.85
"26029","precancerous",18,86876495,99.85
"26030","proffer",18,86876513,99.85
"26031","projectionist",18,86876531,99.85
"26032","prompter",18,86876549,99.85
"26033","pronation",18,86876567,99.85
"26034","proofreader",18,86876585,99.85
"26035","protrude",18,86876603,99.85
"26036","provable",18,86876621,99.85
"26037","prurient",18,86876639,99.85
"26038","psychically",18,86876657,99.85
"26039","rabidly",18,86876675,99.85
"26040","rattler",18,86876693,99.85
"26041","receivable",18,86876711,99.85
"26042","recognizably",18,86876729,99.85
"26043","repeatable",18,86876747,99.85
"26044","reprimanding",18,86876765,99.85
"26045","restorer",18,86876783,99.85
"26046","riata",18,86876801,99.85
"26047","roadless",18,86876819,99.85
"26048","rufous",18,86876837,99.85
"26049","runaround",18,86876855,99.85
"26050","sain",18,86876873,99.85
"26051","saker",18,86876891,99.85
"26052","saurel",18,86876909,99.85
"26053","sauternes",18,86876927,99.85
"26054","scarry",18,86876945,99.85
"26055","schnauzer",18,86876963,99.85
"26056","scofflaw",18,86876981,99.85
"26057","screwy",18,86876999,99.85
"26058","secretion",18,86877017,99.85
"26059","seductress",18,86877035,99.85
"26060","sequentially",18,86877053,99.85
"26061","sharps",18,86877071,99.85
"26062","sheepskin",18,86877089,99.85
"26063","shipman",18,86877107,99.85
"26064","shoji",18,86877125,99.85
"26065","signifier",18,86877143,99.85
"26066","silencer",18,86877161,99.85
"26067","silesia",18,86877179,99.86
"26068","simulacra",18,86877197,99.86
"26069","slickly",18,86877215,99.86
"26070","slithers",18,86877233,99.86
"26071","slitting",18,86877251,99.86
"26072","sloe",18,86877269,99.86
"26073","slovenly",18,86877287,99.86
"26074","smiler",18,86877305,99.86
"26075","smutty",18,86877323,99.86
"26076","softy",18,86877341,99.86
"26077","soundproof",18,86877359,99.86
"26078","sparge",18,86877377,99.86
"26079","spaying",18,86877395,99.86
"26080","spearman",18,86877413,99.86
"26081","specialness",18,86877431,99.86
"26082","speller",18,86877449,99.86
"26083","spiritualism",18,86877467,99.86
"26084","squiggle",18,86877485,99.86
"26085","stipe",18,86877503,99.86
"26086","striated",18,86877521,99.86
"26087","suddenness",18,86877539,99.86
"26088","supernaturally",18,86877557,99.86
"26089","swale",18,86877575,99.86
"26090","swatter",18,86877593,99.86
"26091","switchback",18,86877611,99.86
"26092","synergistic",18,86877629,99.86
"26093","tabu",18,86877647,99.86
"26094","tagger",18,86877665,99.86
"26095","takings",18,86877683,99.86
"26096","tarr",18,86877701,99.86
"26097","teff",18,86877719,99.86
"26098","telegenic",18,86877737,99.86
"26099","tenaciously",18,86877755,99.86
"26100","tepee",18,86877773,99.86
"26101","thatch",18,86877791,99.86
"26102","thermo",18,86877809,99.86
"26103","tinting",18,86877827,99.86
"26104","tipper",18,86877845,99.86
"26105","toleration",18,86877863,99.86
"26106","tollbooth",18,86877881,99.86
"26107","toluene",18,86877899,99.86
"26108","toque",18,86877917,99.86
"26109","torchlight",18,86877935,99.86
"26110","tormentor",18,86877953,99.86
"26111","torturer",18,86877971,99.86
"26112","tramway",18,86877989,99.86
"26113","transmute",18,86878007,99.86
"26114","trapezoid",18,86878025,99.86
"26115","tui",18,86878043,99.86
"26116","turnkey",18,86878061,99.86
"26117","turnstile",18,86878079,99.86
"26118","turpentine",18,86878097,99.86
"26119","turpitude",18,86878115,99.86
"26120","tweedle",18,86878133,99.86
"26121","typify",18,86878151,99.86
"26122","unca",18,86878169,99.86
"26123","unconstitutionally",18,86878187,99.86
"26124","undergarment",18,86878205,99.86
"26125","underpin",18,86878223,99.86
"26126","unerring",18,86878241,99.86
"26127","unlivable",18,86878259,99.86
"26128","unmold",18,86878277,99.86
"26129","unprincipled",18,86878295,99.86
"26130","unquestioning",18,86878313,99.86
"26131","unravelled",18,86878331,99.86
"26132","unselfishness",18,86878349,99.86
"26133","unsparing",18,86878367,99.86
"26134","unstated",18,86878385,99.86
"26135","untying",18,86878403,99.86
"26136","unworthiness",18,86878421,99.86
"26137","upsides",18,86878439,99.86
"26138","vegetal",18,86878457,99.86
"26139","venter",18,86878475,99.86
"26140","vestal",18,86878493,99.86
"26141","victimize",18,86878511,99.86
"26142","viticulture",18,86878529,99.86
"26143","wackiness",18,86878547,99.86
"26144","waistcoat",18,86878565,99.86
"26145","walling",18,86878583,99.86
"26146","wearying",18,86878601,99.86
"26147","wend",18,86878619,99.86
"26148","wheezy",18,86878637,99.86
"26149","witless",18,86878655,99.86
"26150","woodware",18,86878673,99.86
"26151","wristlet",18,86878691,99.86
"26152","wrongheaded",18,86878709,99.86
"26153","wroth",18,86878727,99.86
"26154","youngish",18,86878745,99.86
"26155","aes",17,86878762,99.86
"26156","aggrandizement",17,86878779,99.86
"26157","airpark",17,86878796,99.86
"26158","alb",17,86878813,99.86
"26159","ambidextrous",17,86878830,99.86
"26160","amontillado",17,86878847,99.86
"26161","amyotrophic",17,86878864,99.86
"26162","antifreeze",17,86878881,99.86
"26163","appealingly",17,86878898,99.86
"26164","appraising",17,86878915,99.86
"26165","archon",17,86878932,99.86
"26166","armament",17,86878949,99.86
"26167","arnica",17,86878966,99.86
"26168","ascii",17,86878983,99.86
"26169","astrodome",17,86879000,99.86
"26170","attune",17,86879017,99.86
"26171","aurelia",17,86879034,99.86
"26172","babied",17,86879051,99.86
"26173","babyish",17,86879068,99.86
"26174","backslide",17,86879085,99.86
"26175","backspace",17,86879102,99.86
"26176","baka",17,86879119,99.86
"26177","banga",17,86879136,99.86
"26178","beechwood",17,86879153,99.86
"26179","behaviorism",17,86879170,99.86
"26180","bended",17,86879187,99.86
"26181","benet",17,86879204,99.86
"26182","benighted",17,86879221,99.86
"26183","beryllium",17,86879238,99.86
"26184","bighead",17,86879255,99.86
"26185","binh",17,86879272,99.86
"26186","bipedal",17,86879289,99.86
"26187","blessedness",17,86879306,99.86
"26188","bookmaking",17,86879323,99.86
"26189","bridger",17,86879340,99.86
"26190","broadsheet",17,86879357,99.86
"26191","bronchial",17,86879374,99.86
"26192","buckaroo",17,86879391,99.86
"26193","buckshot",17,86879408,99.86
"26194","buddle",17,86879425,99.86
"26195","bulldoze",17,86879442,99.86
"26196","bumbershoot",17,86879459,99.86
"26197","bumpkin",17,86879476,99.86
"26198","bungle",17,86879493,99.86
"26199","bunton",17,86879510,99.86
"26200","busker",17,86879527,99.86
"26201","carberry",17,86879544,99.86
"26202","carping",17,86879561,99.86
"26203","casement",17,86879578,99.86
"26204","catastrophically",17,86879595,99.86
"26205","catchall",17,86879612,99.86
"26206","cento",17,86879629,99.86
"26207","cerebellum",17,86879646,99.86
"26208","certitude",17,86879663,99.86
"26209","channelling",17,86879680,99.86
"26210","chicanery",17,86879697,99.86
"26211","chickweed",17,86879714,99.86
"26212","chol",17,86879731,99.86
"26213","chortle",17,86879748,99.86
"26214","cloister",17,86879765,99.86
"26215","cluff",17,86879782,99.86
"26216","clunk",17,86879799,99.86
"26217","cobweb",17,86879816,99.86
"26218","collectivist",17,86879833,99.86
"26219","comal",17,86879850,99.86
"26220","comely",17,86879867,99.86
"26221","commutation",17,86879884,99.86
"26222","comport",17,86879901,99.86
"26223","conal",17,86879918,99.86
"26224","condenser",17,86879935,99.86
"26225","conglomeration",17,86879952,99.86
"26226","connote",17,86879969,99.86
"26227","conservatorship",17,86879986,99.86
"26228","contaminant",17,86880003,99.86
"26229","contrive",17,86880020,99.86
"26230","contusion",17,86880037,99.86
"26231","copiously",17,86880054,99.86
"26232","cording",17,86880071,99.86
"26233","correspondingly",17,86880088,99.86
"26234","cotillion",17,86880105,99.86
"26235","cottontail",17,86880122,99.86
"26236","counterclockwise",17,86880139,99.86
"26237","counteroffer",17,86880156,99.86
"26238","countrified",17,86880173,99.86
"26239","coursed",17,86880190,99.86
"26240","croup",17,86880207,99.86
"26241","crustacean",17,86880224,99.86
"26242","curdle",17,86880241,99.86
"26243","cyclic",17,86880258,99.86
"26244","dalliance",17,86880275,99.86
"26245","dallying",17,86880292,99.86
"26246","dawdling",17,86880309,99.86
"26247","decompression",17,86880326,99.86
"26248","decontamination",17,86880343,99.86
"26249","demote",17,86880360,99.86
"26250","designee",17,86880377,99.86
"26251","detonation",17,86880394,99.86
"26252","dhoni",17,86880411,99.86
"26253","dibble",17,86880428,99.86
"26254","differentiator",17,86880445,99.86
"26255","disarmingly",17,86880462,99.86
"26256","discounter",17,86880479,99.86
"26257","displeasing",17,86880496,99.86
"26258","disuse",17,86880513,99.86
"26259","doit",17,86880530,99.86
"26260","dook",17,86880547,99.86
"26261","doria",17,86880564,99.86
"26262","downswing",17,86880581,99.86
"26263","dramatize",17,86880598,99.86
"26264","dreadnought",17,86880615,99.86
"26265","dually",17,86880632,99.86
"26266","dunce",17,86880649,99.86
"26267","duopoly",17,86880666,99.86
"26268","dura",17,86880683,99.86
"26269","egad",17,86880700,99.86
"26270","elegiac",17,86880717,99.86
"26271","ellipse",17,86880734,99.86
"26272","emptor",17,86880751,99.86
"26273","enjoyably",17,86880768,99.86
"26274","estimator",17,86880785,99.86
"26275","eurythmics",17,86880802,99.86
"26276","eyeful",17,86880819,99.86
"26277","fallibility",17,86880836,99.86
"26278","fatherland",17,86880853,99.86
"26279","faulting",17,86880870,99.86
"26280","flautist",17,86880887,99.86
"26281","flix",17,86880904,99.86
"26282","foghorn",17,86880921,99.86
"26283","footstool",17,86880938,99.86
"26284","forlornly",17,86880955,99.86
"26285","friendless",17,86880972,99.86
"26286","frightfully",17,86880989,99.86
"26287","frill",17,86881006,99.86
"26288","frond",17,86881023,99.86
"26289","gantry",17,86881040,99.86
"26290","garnishment",17,86881057,99.86
"26291","giftedness",17,86881074,99.86
"26292","gish",17,86881091,99.86
"26293","glowering",17,86881108,99.86
"26294","gramophone",17,86881125,99.86
"26295","gravedigger",17,86881142,99.86
"26296","gree",17,86881159,99.86
"26297","guana",17,86881176,99.86
"26298","guildhall",17,86881193,99.86
"26299","guileless",17,86881210,99.86
"26300","haine",17,86881227,99.86
"26301","hairdressing",17,86881244,99.86
"26302","halfling",17,86881261,99.86
"26303","hallucinate",17,86881278,99.86
"26304","handwork",17,86881295,99.86
"26305","hanif",17,86881312,99.86
"26306","hashish",17,86881329,99.86
"26307","hatmaker",17,86881346,99.86
"26308","heartsick",17,86881363,99.86
"26309","hermeneutics",17,86881380,99.86
"26310","hogshead",17,86881397,99.86
"26311","honorarium",17,86881414,99.86
"26312","hoofs",17,86881431,99.86
"26313","hypersensitive",17,86881448,99.86
"26314","hypoglycemia",17,86881465,99.86
"26315","icehouse",17,86881482,99.86
"26316","idolatrous",17,86881499,99.86
"26317","ignoramus",17,86881516,99.86
"26318","imminently",17,86881533,99.86
"26319","incivility",17,86881550,99.86
"26320","individualist",17,86881567,99.86
"26321","individuation",17,86881584,99.86
"26322","inestimable",17,86881601,99.86
"26323","ingeniously",17,86881618,99.86
"26324","inoculate",17,86881635,99.86
"26325","interplanetary",17,86881652,99.86
"26326","irascible",17,86881669,99.86
"26327","irregularly",17,86881686,99.86
"26328","kana",17,86881703,99.86
"26329","knobby",17,86881720,99.86
"26330","koda",17,86881737,99.86
"26331","kor",17,86881754,99.86
"26332","laggard",17,86881771,99.86
"26333","laze",17,86881788,99.86
"26334","lek",17,86881805,99.86
"26335","libelous",17,86881822,99.86
"26336","lidded",17,86881839,99.86
"26337","lightman",17,86881856,99.86
"26338","limbic",17,86881873,99.86
"26339","linsey",17,86881890,99.86
"26340","liss",17,86881907,99.86
"26341","lope",17,86881924,99.86
"26342","louse",17,86881941,99.86
"26343","luxuriant",17,86881958,99.86
"26344","maint",17,86881975,99.86
"26345","mangling",17,86881992,99.86
"26346","marionette",17,86882009,99.86
"26347","marksmanship",17,86882026,99.86
"26348","marsupial",17,86882043,99.86
"26349","marten",17,86882060,99.86
"26350","meddlesome",17,86882077,99.86
"26351","mell",17,86882094,99.86
"26352","mellifluous",17,86882111,99.86
"26353","metastatic",17,86882128,99.86
"26354","midrash",17,86882145,99.86
"26355","mikado",17,86882162,99.86
"26356","militarism",17,86882179,99.86
"26357","milken",17,86882196,99.86
"26358","millwork",17,86882213,99.86
"26359","minter",17,86882230,99.86
"26360","minutia",17,86882247,99.86
"26361","mirepoix",17,86882264,99.86
"26362","misbegotten",17,86882281,99.86
"26363","mistry",17,86882298,99.86
"26364","modena",17,86882315,99.86
"26365","moray",17,86882332,99.86
"26366","mousy",17,86882349,99.86
"26367","moyo",17,86882366,99.86
"26368","murk",17,86882383,99.86
"26369","mustached",17,86882400,99.86
"26370","mutable",17,86882417,99.86
"26371","naga",17,86882434,99.86
"26372","narwhal",17,86882451,99.86
"26373","nei",17,86882468,99.86
"26374","nestling",17,86882485,99.86
"26375","neurodegenerative",17,86882502,99.86
"26376","nightie",17,86882519,99.86
"26377","nitwit",17,86882536,99.86
"26378","novelette",17,86882553,99.86
"26379","nucleotide",17,86882570,99.86
"26380","nunnery",17,86882587,99.86
"26381","nutritive",17,86882604,99.86
"26382","oases",17,86882621,99.86
"26383","obfuscate",17,86882638,99.86
"26384","obliviousness",17,86882655,99.86
"26385","onomatopoeia",17,86882672,99.86
"26386","ordinate",17,86882689,99.86
"26387","ornithologist",17,86882706,99.86
"26388","outspend",17,86882723,99.86
"26389","outwork",17,86882740,99.86
"26390","overexposure",17,86882757,99.86
"26391","overindulge",17,86882774,99.86
"26392","overruling",17,86882791,99.86
"26393","oxidative",17,86882808,99.86
"26394","pallor",17,86882825,99.86
"26395","palpably",17,86882842,99.86
"26396","panchayat",17,86882859,99.86
"26397","panto",17,86882876,99.86
"26398","pata",17,86882893,99.86
"26399","peavey",17,86882910,99.86
"26400","pelagic",17,86882927,99.86
"26401","peninsular",17,86882944,99.86
"26402","penitent",17,86882961,99.86
"26403","pentagram",17,86882978,99.86
"26404","peptide",17,86882995,99.86
"26405","pervasiveness",17,86883012,99.86
"26406","peterman",17,86883029,99.86
"26407","phonetically",17,86883046,99.86
"26408","piddling",17,86883063,99.86
"26409","plasticity",17,86883080,99.86
"26410","plotter",17,86883097,99.86
"26411","poacher",17,86883114,99.86
"26412","pock",17,86883131,99.86
"26413","pollinator",17,86883148,99.86
"26414","polluter",17,86883165,99.86
"26415","postcolonial",17,86883182,99.86
"26416","predominance",17,86883199,99.86
"26417","presbytery",17,86883216,99.86
"26418","promulgation",17,86883233,99.86
"26419","prudish",17,86883250,99.86
"26420","psychopathy",17,86883267,99.86
"26421","pua",17,86883284,99.86
"26422","purslane",17,86883301,99.86
"26423","quayside",17,86883318,99.86
"26424","quizzically",17,86883335,99.86
"26425","racialism",17,86883352,99.86
"26426","reappoint",17,86883369,99.86
"26427","reauthorize",17,86883386,99.86
"26428","reawakening",17,86883403,99.86
"26429","recasting",17,86883420,99.86
"26430","reeder",17,86883437,99.86
"26431","refrigerating",17,86883454,99.86
"26432","refutation",17,86883471,99.86
"26433","regimental",17,86883488,99.86
"26434","reh",17,86883505,99.86
"26435","repackage",17,86883522,99.86
"26436","resp",17,86883539,99.86
"26437","retentive",17,86883556,99.86
"26438","retype",17,86883573,99.86
"26439","roundness",17,86883590,99.86
"26440","royalist",17,86883607,99.86
"26441","ruminate",17,86883624,99.86
"26442","runkeeper",17,86883641,99.86
"26443","sadden",17,86883658,99.86
"26444","safflower",17,86883675,99.86
"26445","saltworks",17,86883692,99.86
"26446","satiety",17,86883709,99.86
"26447","sauntering",17,86883726,99.86
"26448","scalded",17,86883743,99.86
"26449","schoolmate",17,86883760,99.86
"26450","seasonality",17,86883777,99.86
"26451","seismically",17,86883794,99.86
"26452","seismologist",17,86883811,99.86
"26453","serfdom",17,86883828,99.86
"26454","shapeshifter",17,86883845,99.86
"26455","shirl",17,86883862,99.86
"26456","shored",17,86883879,99.86
"26457","sinfonia",17,86883896,99.86
"26458","singe",17,86883913,99.86
"26459","singsong",17,86883930,99.86
"26460","sinusitis",17,86883947,99.86
"26461","sithe",17,86883964,99.86
"26462","skintight",17,86883981,99.86
"26463","slanting",17,86883998,99.86
"26464","slapdash",17,86884015,99.86
"26465","sluggishness",17,86884032,99.86
"26466","snatcher",17,86884049,99.86
"26467","sny",17,86884066,99.86
"26468","sonorous",17,86884083,99.86
"26469","spiny",17,86884100,99.86
"26470","splotchy",17,86884117,99.86
"26471","sprit",17,86884134,99.86
"26472","spurn",17,86884151,99.86
"26473","sten",17,86884168,99.86
"26474","stile",17,86884185,99.86
"26475","storer",17,86884202,99.86
"26476","straightedge",17,86884219,99.86
"26477","stratification",17,86884236,99.86
"26478","styrene",17,86884253,99.86
"26479","subcutaneous",17,86884270,99.86
"26480","subjectively",17,86884287,99.86
"26481","subsiding",17,86884304,99.86
"26482","suburbanite",17,86884321,99.86
"26483","survivable",17,86884338,99.86
"26484","swathe",17,86884355,99.86
"26485","swinney",17,86884372,99.86
"26486","synapse",17,86884389,99.86
"26487","tattletale",17,86884406,99.86
"26488","taxidermist",17,86884423,99.86
"26489","taxman",17,86884440,99.86
"26490","technica",17,86884457,99.86
"26491","teem",17,86884474,99.86
"26492","telephonic",17,86884491,99.86
"26493","tenable",17,86884508,99.86
"26494","tern",17,86884525,99.86
"26495","thane",17,86884542,99.86
"26496","tig",17,86884559,99.86
"26497","timpani",17,86884576,99.86
"26498","tite",17,86884593,99.86
"26499","titter",17,86884610,99.86
"26500","toady",17,86884627,99.86
"26501","tol",17,86884644,99.86
"26502","touchingly",17,86884661,99.86
"26503","towner",17,86884678,99.86
"26504","treader",17,86884695,99.86
"26505","tuft",17,86884712,99.86
"26506","tula",17,86884729,99.86
"26507","twixt",17,86884746,99.86
"26508","typesetting",17,86884763,99.86
"26509","ultima",17,86884780,99.86
"26510","unchristian",17,86884797,99.86
"26511","uncompleted",17,86884814,99.86
"26512","unconquerable",17,86884831,99.86
"26513","uncreative",17,86884848,99.86
"26514","uncritically",17,86884865,99.86
"26515","uncrowded",17,86884882,99.86
"26516","undervalue",17,86884899,99.86
"26517","unelectable",17,86884916,99.86
"26518","unenlightened",17,86884933,99.86
"26519","unequaled",17,86884950,99.86
"26520","unequally",17,86884967,99.86
"26521","unexploded",17,86884984,99.86
"26522","unfamiliarity",17,86885001,99.86
"26523","unflavored",17,86885018,99.86
"26524","uninstalled",17,86885035,99.86
"26525","unlabeled",17,86885052,99.86
"26526","unmask",17,86885069,99.86
"26527","unmounted",17,86885086,99.86
"26528","unprintable",17,86885103,99.86
"26529","unquestioningly",17,86885120,99.86
"26530","unrighteous",17,86885137,99.86
"26531","unseasonable",17,86885154,99.86
"26532","unseasoned",17,86885171,99.86
"26533","unsentimental",17,86885188,99.86
"26534","unswerving",17,86885205,99.86
"26535","unwholesome",17,86885222,99.86
"26536","urea",17,86885239,99.86
"26537","vervet",17,86885256,99.86
"26538","vibratory",17,86885273,99.86
"26539","violette",17,86885290,99.86
"26540","waddling",17,86885307,99.86
"26541","watchout",17,86885324,99.86
"26542","weeny",17,86885341,99.86
"26543","whitetail",17,86885358,99.86
"26544","whitlow",17,86885375,99.86
"26545","wholehearted",17,86885392,99.86
"26546","wintergreen",17,86885409,99.86
"26547","wresting",17,86885426,99.86
"26548","wringer",17,86885443,99.86
"26549","yobi",17,86885460,99.86
"26550","abhorrence",16,86885476,99.86
"26551","abortive",16,86885492,99.86
"26552","abstractly",16,86885508,99.86
"26553","admiralty",16,86885524,99.86
"26554","adulterer",16,86885540,99.86
"26555","aerie",16,86885556,99.86
"26556","aho",16,86885572,99.86
"26557","alo",16,86885588,99.86
"26558","aloneness",16,86885604,99.86
"26559","amputate",16,86885620,99.86
"26560","anagrams",16,86885636,99.86
"26561","anaphylactic",16,86885652,99.86
"26562","androgyny",16,86885668,99.86
"26563","aniseed",16,86885684,99.86
"26564","apogee",16,86885700,99.86
"26565","archenemy",16,86885716,99.86
"26566","artlessly",16,86885732,99.86
"26567","ase",16,86885748,99.86
"26568","audiology",16,86885764,99.86
"26569","avocation",16,86885780,99.86
"26570","axiomatic",16,86885796,99.86
"26571","bacchanal",16,86885812,99.86
"26572","bailee",16,86885828,99.86
"26573","bailiwick",16,86885844,99.86
"26574","balderdash",16,86885860,99.86
"26575","barranca",16,86885876,99.87
"26576","becher",16,86885892,99.87
"26577","behead",16,86885908,99.87
"26578","belfry",16,86885924,99.87
"26579","beneficent",16,86885940,99.87
"26580","beng",16,86885956,99.87
"26581","beno",16,86885972,99.87
"26582","bequeath",16,86885988,99.87
"26583","beveled",16,86886004,99.87
"26584","bigwig",16,86886020,99.87
"26585","bimonthly",16,86886036,99.87
"26586","blab",16,86886052,99.87
"26587","blaspheme",16,86886068,99.87
"26588","blotchy",16,86886084,99.87
"26589","bluer",16,86886100,99.87
"26590","bluntness",16,86886116,99.87
"26591","bobber",16,86886132,99.87
"26592","bonbon",16,86886148,99.87
"26593","bouldering",16,86886164,99.87
"26594","breadbasket",16,86886180,99.87
"26595","bricklayer",16,86886196,99.87
"26596","brinjal",16,86886212,99.87
"26597","buffoonery",16,86886228,99.87
"26598","burdock",16,86886244,99.87
"26599","canker",16,86886260,99.87
"26600","capacious",16,86886276,99.87
"26601","cartography",16,86886292,99.87
"26602","castration",16,86886308,99.87
"26603","chancel",16,86886324,99.87
"26604","chasuble",16,86886340,99.87
"26605","cheapen",16,86886356,99.87
"26606","chiding",16,86886372,99.87
"26607","choreographic",16,86886388,99.87
"26608","cicada",16,86886404,99.87
"26609","clambake",16,86886420,99.87
"26610","clasping",16,86886436,99.87
"26611","classicist",16,86886452,99.87
"26612","classism",16,86886468,99.87
"26613","clinger",16,86886484,99.87
"26614","coble",16,86886500,99.87
"26615","cockfighting",16,86886516,99.87
"26616","coif",16,86886532,99.87
"26617","coloration",16,86886548,99.87
"26618","comradeship",16,86886564,99.87
"26619","congeal",16,86886580,99.87
"26620","conger",16,86886596,99.87
"26621","conquistador",16,86886612,99.87
"26622","conscription",16,86886628,99.87
"26623","coronet",16,86886644,99.87
"26624","corporately",16,86886660,99.87
"26625","corpulent",16,86886676,99.87
"26626","corsair",16,86886692,99.87
"26627","courtesan",16,86886708,99.87
"26628","craver",16,86886724,99.87
"26629","crispiness",16,86886740,99.87
"26630","cryogen",16,86886756,99.87
"26631","cultish",16,86886772,99.87
"26632","curtly",16,86886788,99.87
"26633","cutty",16,86886804,99.87
"26634","decapitate",16,86886820,99.87
"26635","decennial",16,86886836,99.87
"26636","degustation",16,86886852,99.87
"26637","denier",16,86886868,99.87
"26638","dewberry",16,86886884,99.87
"26639","dignify",16,86886900,99.87
"26640","disdainful",16,86886916,99.87
"26641","disfigurement",16,86886932,99.87
"26642","dishwater",16,86886948,99.87
"26643","disillusion",16,86886964,99.87
"26644","dissociation",16,86886980,99.87
"26645","dissolute",16,86886996,99.87
"26646","doughboy",16,86887012,99.87
"26647","dubiously",16,86887028,99.87
"26648","durn",16,86887044,99.87
"26649","egocentric",16,86887060,99.87
"26650","egret",16,86887076,99.87
"26651","emigrant",16,86887092,99.87
"26652","emptier",16,86887108,99.87
"26653","encrypt",16,86887124,99.87
"26654","endometrial",16,86887140,99.87
"26655","enumeration",16,86887156,99.87
"26656","eschatology",16,86887172,99.87
"26657","exhibitionist",16,86887188,99.87
"26658","exportation",16,86887204,99.87
"26659","expropriation",16,86887220,99.87
"26660","featureless",16,86887236,99.87
"26661","ferreting",16,86887252,99.87
"26662","fiddlehead",16,86887268,99.87
"26663","finkel",16,86887284,99.87
"26664","firewater",16,86887300,99.87
"26665","fistula",16,86887316,99.87
"26666","flatness",16,86887332,99.87
"26667","flory",16,86887348,99.87
"26668","floury",16,86887364,99.87
"26669","flyweight",16,86887380,99.87
"26670","foots",16,86887396,99.87
"26671","forewoman",16,86887412,99.87
"26672","frith",16,86887428,99.87
"26673","fussiness",16,86887444,99.87
"26674","gamecock",16,86887460,99.87
"26675","gatemaker",16,86887476,99.87
"26676","gawky",16,86887492,99.87
"26677","gelly",16,86887508,99.87
"26678","geodesic",16,86887524,99.87
"26679","giddily",16,86887540,99.87
"26680","girding",16,86887556,99.87
"26681","gol",16,86887572,99.87
"26682","grovel",16,86887588,99.87
"26683","guardsman",16,86887604,99.87
"26684","guidepost",16,86887620,99.87
"26685","gumdrop",16,86887636,99.87
"26686","hade",16,86887652,99.87
"26687","halfhearted",16,86887668,99.87
"26688","hatting",16,86887684,99.87
"26689","headcheese",16,86887700,99.87
"26690","hei",16,86887716,99.87
"26691","hondo",16,86887732,99.87
"26692","hornblower",16,86887748,99.87
"26693","horticulturist",16,86887764,99.87
"26694","hotch",16,86887780,99.87
"26695","imitator",16,86887796,99.87
"26696","imperium",16,86887812,99.87
"26697","inarticulate",16,86887828,99.87
"26698","incoherently",16,86887844,99.87
"26699","inconveniently",16,86887860,99.87
"26700","indifferently",16,86887876,99.87
"26701","indoctrinate",16,86887892,99.87
"26702","infliction",16,86887908,99.87
"26703","injector",16,86887924,99.87
"26704","insincerity",16,86887940,99.87
"26705","interconnection",16,86887956,99.87
"26706","interweaving",16,86887972,99.87
"26707","invincibility",16,86887988,99.87
"26708","inwood",16,86888004,99.87
"26709","ironworker",16,86888020,99.87
"26710","jeer",16,86888036,99.87
"26711","junt",16,86888052,99.87
"26712","juxtapose",16,86888068,99.87
"26713","karo",16,86888084,99.87
"26714","kith",16,86888100,99.87
"26715","koff",16,86888116,99.87
"26716","ladybird",16,86888132,99.87
"26717","lamplight",16,86888148,99.87
"26718","lapsing",16,86888164,99.87
"26719","lar",16,86888180,99.87
"26720","larch",16,86888196,99.87
"26721","latrine",16,86888212,99.87
"26722","legging",16,86888228,99.87
"26723","lief",16,86888244,99.87
"26724","limbed",16,86888260,99.87
"26725","limmer",16,86888276,99.87
"26726","lionheart",16,86888292,99.87
"26727","lithograph",16,86888308,99.87
"26728","loafer",16,86888324,99.87
"26729","longshoreman",16,86888340,99.87
"26730","lustily",16,86888356,99.87
"26731","magnification",16,86888372,99.87
"26732","malvasia",16,86888388,99.87
"26733","manes",16,86888404,99.87
"26734","mangy",16,86888420,99.87
"26735","marblehead",16,86888436,99.87
"26736","menage",16,86888452,99.87
"26737","metamorphoses",16,86888468,99.87
"26738","mincemeat",16,86888484,99.87
"26739","mincing",16,86888500,99.87
"26740","misanthrope",16,86888516,99.87
"26741","mitral",16,86888532,99.87
"26742","moccasin",16,86888548,99.87
"26743","monteith",16,86888564,99.87
"26744","mortification",16,86888580,99.87
"26745","mortifying",16,86888596,99.87
"26746","mugger",16,86888612,99.87
"26747","muskrat",16,86888628,99.87
"26748","mutuality",16,86888644,99.87
"26749","naughtiness",16,86888660,99.87
"26750","necrophilia",16,86888676,99.87
"26751","nephrologist",16,86888692,99.87
"26752","neuromuscular",16,86888708,99.87
"26753","newsreel",16,86888724,99.87
"26754","nondiscrimination",16,86888740,99.87
"26755","nonlinear",16,86888756,99.87
"26756","numbingly",16,86888772,99.87
"26757","objector",16,86888788,99.87
"26758","obligingly",16,86888804,99.87
"26759","ock",16,86888820,99.87
"26760","octagonal",16,86888836,99.87
"26761","oligarch",16,86888852,99.87
"26762","omnivorous",16,86888868,99.87
"26763","operetta",16,86888884,99.87
"26764","ophthalmic",16,86888900,99.87
"26765","orlean",16,86888916,99.87
"26766","ossuary",16,86888932,99.87
"26767","outbuilding",16,86888948,99.87
"26768","outplay",16,86888964,99.87
"26769","overindulgence",16,86888980,99.87
"26770","paleness",16,86888996,99.87
"26771","pally",16,86889012,99.87
"26772","parsonage",16,86889028,99.87
"26773","particularity",16,86889044,99.87
"26774","paternalism",16,86889060,99.87
"26775","patois",16,86889076,99.87
"26776","peaceable",16,86889092,99.87
"26777","peasantry",16,86889108,99.87
"26778","penman",16,86889124,99.87
"26779","picaresque",16,86889140,99.87
"26780","plectrum",16,86889156,99.87
"26781","podesta",16,86889172,99.87
"26782","policewoman",16,86889188,99.87
"26783","policyholder",16,86889204,99.87
"26784","pomelo",16,86889220,99.87
"26785","portent",16,86889236,99.87
"26786","portmanteau",16,86889252,99.87
"26787","poundstone",16,86889268,99.87
"26788","precept",16,86889284,99.87
"26789","prehistory",16,86889300,99.87
"26790","preternatural",16,86889316,99.87
"26791","prettily",16,86889332,99.87
"26792","priss",16,86889348,99.87
"26793","privation",16,86889364,99.87
"26794","probity",16,86889380,99.87
"26795","prognostication",16,86889396,99.87
"26796","progressivism",16,86889412,99.87
"26797","proportionality",16,86889428,99.87
"26798","quadratic",16,86889444,99.87
"26799","quarreling",16,86889460,99.87
"26800","racketeer",16,86889476,99.87
"26801","raga",16,86889492,99.87
"26802","raku",16,86889508,99.87
"26803","rami",16,86889524,99.87
"26804","rapidity",16,86889540,99.87
"26805","razz",16,86889556,99.87
"26806","reaffirmation",16,86889572,99.87
"26807","reapportionment",16,86889588,99.87
"26808","reattach",16,86889604,99.87
"26809","reawaken",16,86889620,99.87
"26810","rebook",16,86889636,99.87
"26811","recant",16,86889652,99.87
"26812","reconstitute",16,86889668,99.87
"26813","reconstructionist",16,86889684,99.87
"26814","recrimination",16,86889700,99.87
"26815","rectitude",16,86889716,99.87
"26816","recursive",16,86889732,99.87
"26817","redder",16,86889748,99.87
"26818","rededication",16,86889764,99.87
"26819","redeploy",16,86889780,99.87
"26820","rehabilitative",16,86889796,99.87
"26821","reinterpret",16,86889812,99.87
"26822","reinterpretation",16,86889828,99.87
"26823","relapsing",16,86889844,99.87
"26824","relatedness",16,86889860,99.87
"26825","republish",16,86889876,99.87
"26826","requisition",16,86889892,99.87
"26827","revivalist",16,86889908,99.87
"26828","rhizome",16,86889924,99.87
"26829","rimmer",16,86889940,99.87
"26830","rimrock",16,86889956,99.87
"26831","rosin",16,86889972,99.87
"26832","roto",16,86889988,99.87
"26833","rumination",16,86890004,99.87
"26834","saddler",16,86890020,99.87
"26835","sadomasochism",16,86890036,99.87
"26836","sainted",16,86890052,99.87
"26837","sanatorium",16,86890068,99.87
"26838","saturnalia",16,86890084,99.87
"26839","saya",16,86890100,99.87
"26840","scamp",16,86890116,99.87
"26841","schnabel",16,86890132,99.87
"26842","schoolroom",16,86890148,99.87
"26843","schweizer",16,86890164,99.87
"26844","screechy",16,86890180,99.87
"26845","scrimshaw",16,86890196,99.87
"26846","scuse",16,86890212,99.87
"26847","secretarial",16,86890228,99.87
"26848","secularist",16,86890244,99.87
"26849","senselessly",16,86890260,99.87
"26850","septuagint",16,86890276,99.87
"26851","shamelessness",16,86890292,99.87
"26852","shinny",16,86890308,99.87
"26853","shor",16,86890324,99.87
"26854","shortener",16,86890340,99.87
"26855","shucking",16,86890356,99.87
"26856","sickeningly",16,86890372,99.87
"26857","sloop",16,86890388,99.87
"26858","slunk",16,86890404,99.87
"26859","snakeskin",16,86890420,99.87
"26860","snowbank",16,86890436,99.87
"26861","snowbird",16,86890452,99.87
"26862","snowless",16,86890468,99.87
"26863","soberly",16,86890484,99.87
"26864","somatic",16,86890500,99.87
"26865","souther",16,86890516,99.87
"26866","spendthrift",16,86890532,99.87
"26867","spiritualist",16,86890548,99.87
"26868","spongiform",16,86890564,99.87
"26869","spore",16,86890580,99.87
"26870","springbok",16,86890596,99.87
"26871","springlike",16,86890612,99.87
"26872","squamous",16,86890628,99.87
"26873","squinty",16,86890644,99.87
"26874","stager",16,86890660,99.87
"26875","standoffish",16,86890676,99.87
"26876","starshine",16,86890692,99.87
"26877","steadiness",16,86890708,99.87
"26878","stoma",16,86890724,99.87
"26879","streetside",16,86890740,99.87
"26880","stumpy",16,86890756,99.87
"26881","stupefied",16,86890772,99.87
"26882","succubus",16,86890788,99.87
"26883","sucrose",16,86890804,99.87
"26884","supe",16,86890820,99.87
"26885","swaddle",16,86890836,99.87
"26886","swart",16,86890852,99.87
"26887","telekinesis",16,86890868,99.87
"26888","thudding",16,86890884,99.87
"26889","thunderstruck",16,86890900,99.87
"26890","ticky",16,86890916,99.87
"26891","titi",16,86890932,99.87
"26892","toadstool",16,86890948,99.87
"26893","toboggan",16,86890964,99.87
"26894","togs",16,86890980,99.87
"26895","topically",16,86890996,99.87
"26896","tossup",16,86891012,99.87
"26897","tottering",16,86891028,99.87
"26898","transmuting",16,86891044,99.87
"26899","tribalism",16,86891060,99.87
"26900","tripple",16,86891076,99.87
"26901","trisomy",16,86891092,99.87
"26902","trundle",16,86891108,99.87
"26903","tuan",16,86891124,99.87
"26904","tuber",16,86891140,99.87
"26905","tureen",16,86891156,99.87
"26906","udo",16,86891172,99.87
"26907","ume",16,86891188,99.87
"26908","unachievable",16,86891204,99.87
"26909","unconditioned",16,86891220,99.87
"26910","underdone",16,86891236,99.87
"26911","underdressed",16,86891252,99.87
"26912","underhill",16,86891268,99.87
"26913","undifferentiated",16,86891284,99.87
"26914","undrinkable",16,86891300,99.87
"26915","unexceptional",16,86891316,99.87
"26916","unhooked",16,86891332,99.87
"26917","unindicted",16,86891348,99.87
"26918","unitary",16,86891364,99.87
"26919","universalism",16,86891380,99.87
"26920","unlined",16,86891396,99.87
"26921","unnoticeable",16,86891412,99.87
"26922","unperturbed",16,86891428,99.87
"26923","unpolluted",16,86891444,99.87
"26924","unreality",16,86891460,99.87
"26925","unrelentingly",16,86891476,99.87
"26926","unremarked",16,86891492,99.87
"26927","unsanctioned",16,86891508,99.87
"26928","unscrew",16,86891524,99.87
"26929","unsettle",16,86891540,99.87
"26930","untaxed",16,86891556,99.87
"26931","utilitarianism",16,86891572,99.87
"26932","vampirism",16,86891588,99.87
"26933","vasa",16,86891604,99.87
"26934","velo",16,86891620,99.87
"26935","velodrome",16,86891636,99.87
"26936","venerate",16,86891652,99.87
"26937","vitiligo",16,86891668,99.87
"26938","vole",16,86891684,99.87
"26939","waisting",16,86891700,99.87
"26940","warlike",16,86891716,99.87
"26941","wastage",16,86891732,99.87
"26942","watchmaker",16,86891748,99.87
"26943","wicking",16,86891764,99.87
"26944","wiggy",16,86891780,99.87
"26945","willer",16,86891796,99.87
"26946","windpipe",16,86891812,99.87
"26947","wormy",16,86891828,99.87
"26948","worshiper",16,86891844,99.87
"26949","yn",16,86891860,99.87
"26950","zapatero",16,86891876,99.87
"26951","zar",16,86891892,99.87
"26952","abrogation",15,86891907,99.87
"26953","abstinent",15,86891922,99.87
"26954","acidosis",15,86891937,99.87
"26955","adoringly",15,86891952,99.87
"26956","agen",15,86891967,99.87
"26957","agreeably",15,86891982,99.87
"26958","aguinaldo",15,86891997,99.87
"26959","alaihi",15,86892012,99.87
"26960","ambiguously",15,86892027,99.87
"26961","amplitude",15,86892042,99.87
"26962","analytically",15,86892057,99.87
"26963","anatomically",15,86892072,99.87
"26964","anesthesiology",15,86892087,99.87
"26965","angioplasty",15,86892102,99.87
"26966","apperceive",15,86892117,99.87
"26967","appreciatively",15,86892132,99.87
"26968","aquarian",15,86892147,99.87
"26969","armagnac",15,86892162,99.87
"26970","armful",15,86892177,99.87
"26971","asceticism",15,86892192,99.87
"26972","ashman",15,86892207,99.87
"26973","aspirant",15,86892222,99.87
"26974","atrophied",15,86892237,99.87
"26975","attenuate",15,86892252,99.87
"26976","awn",15,86892267,99.87
"26977","babu",15,86892282,99.87
"26978","backfiring",15,86892297,99.87
"26979","bagman",15,86892312,99.87
"26980","balsamo",15,86892327,99.87
"26981","begonia",15,86892342,99.87
"26982","bichir",15,86892357,99.87
"26983","bight",15,86892372,99.87
"26984","bigness",15,86892387,99.87
"26985","bine",15,86892402,99.87
"26986","blanky",15,86892417,99.87
"26987","bloodsucking",15,86892432,99.87
"26988","blundering",15,86892447,99.87
"26989","blustering",15,86892462,99.87
"26990","bondholder",15,86892477,99.87
"26991","bonhomie",15,86892492,99.87
"26992","boohoo",15,86892507,99.87
"26993","boosterism",15,86892522,99.87
"26994","botanically",15,86892537,99.87
"26995","bott",15,86892552,99.87
"26996","brey",15,86892567,99.87
"26997","broma",15,86892582,99.87
"26998","brutalist",15,86892597,99.87
"26999","bunko",15,86892612,99.87
"27000","cabdriver",15,86892627,99.87
"27001","caldron",15,86892642,99.87
"27002","cancan",15,86892657,99.87
"27003","candler",15,86892672,99.87
"27004","cappy",15,86892687,99.87
"27005","captaincy",15,86892702,99.87
"27006","carpetbagger",15,86892717,99.87
"27007","casson",15,86892732,99.87
"27008","causally",15,86892747,99.87
"27009","cella",15,86892762,99.87
"27010","centrum",15,86892777,99.87
"27011","cham",15,86892792,99.87
"27012","changeless",15,86892807,99.87
"27013","chastisement",15,86892822,99.87
"27014","cheapness",15,86892837,99.87
"27015","cheesemonger",15,86892852,99.87
"27016","chid",15,86892867,99.87
"27017","chroma",15,86892882,99.87
"27018","cinematographic",15,86892897,99.87
"27019","clavicle",15,86892912,99.87
"27020","claymore",15,86892927,99.87
"27021","clod",15,86892942,99.87
"27022","cloture",15,86892957,99.87
"27023","cloven",15,86892972,99.87
"27024","cockatoo",15,86892987,99.87
"27025","collate",15,86893002,99.87
"27026","collectivization",15,86893017,99.87
"27027","collegiality",15,86893032,99.87
"27028","colonic",15,86893047,99.87
"27029","commercialize",15,86893062,99.87
"27030","communique",15,86893077,99.87
"27031","compunction",15,86893092,99.87
"27032","concretely",15,86893107,99.87
"27033","constructivism",15,86893122,99.87
"27034","consultative",15,86893137,99.87
"27035","contemptuously",15,86893152,99.87
"27036","convergent",15,86893167,99.87
"27037","cooperage",15,86893182,99.87
"27038","corkboard",15,86893197,99.87
"27039","corneal",15,86893212,99.87
"27040","counterclaim",15,86893227,99.87
"27041","coveralls",15,86893242,99.87
"27042","craftily",15,86893257,99.87
"27043","cremate",15,86893272,99.87
"27044","crossbones",15,86893287,99.87
"27045","crumpet",15,86893302,99.87
"27046","crusta",15,86893317,99.87
"27047","crutcher",15,86893332,99.87
"27048","cummin",15,86893347,99.87
"27049","daimen",15,86893362,99.87
"27050","decadently",15,86893377,99.87
"27051","decamp",15,86893392,99.87
"27052","declarer",15,86893407,99.87
"27053","defeatist",15,86893422,99.87
"27054","definable",15,86893437,99.87
"27055","demerit",15,86893452,99.87
"27056","demographically",15,86893467,99.87
"27057","dethrone",15,86893482,99.87
"27058","dexterous",15,86893497,99.87
"27059","dietetics",15,86893512,99.87
"27060","difficile",15,86893527,99.87
"27061","digester",15,86893542,99.87
"27062","dimmest",15,86893557,99.87
"27063","discoverable",15,86893572,99.87
"27064","disunity",15,86893587,99.87
"27065","donee",15,86893602,99.87
"27066","doorstop",15,86893617,99.87
"27067","doper",15,86893632,99.87
"27068","dovetailed",15,86893647,99.87
"27069","driller",15,86893662,99.87
"27070","drivable",15,86893677,99.87
"27071","dross",15,86893692,99.87
"27072","drowsiness",15,86893707,99.87
"27073","dunker",15,86893722,99.87
"27074","earthenware",15,86893737,99.87
"27075","ebon",15,86893752,99.87
"27076","egress",15,86893767,99.87
"27077","elance",15,86893782,99.87
"27078","eldritch",15,86893797,99.87
"27079","electrocardiogram",15,86893812,99.87
"27080","elusiveness",15,86893827,99.87
"27081","encroach",15,86893842,99.87
"27082","epigraph",15,86893857,99.87
"27083","equitation",15,86893872,99.87
"27084","esotericism",15,86893887,99.87
"27085","ethane",15,86893902,99.87
"27086","euphemistically",15,86893917,99.87
"27087","evangelion",15,86893932,99.87
"27088","evolutionist",15,86893947,99.87
"27089","excision",15,86893962,99.87
"27090","excretion",15,86893977,99.87
"27091","exoticism",15,86893992,99.87
"27092","expensively",15,86894007,99.87
"27093","explainable",15,86894022,99.87
"27094","explosively",15,86894037,99.87
"27095","extrajudicial",15,86894052,99.87
"27096","extricated",15,86894067,99.87
"27097","faille",15,86894082,99.87
"27098","faro",15,86894097,99.87
"27099","fascinatingly",15,86894112,99.87
"27100","fatness",15,86894127,99.87
"27101","ferial",15,86894142,99.87
"27102","fibroid",15,86894157,99.87
"27103","figgy",15,86894172,99.87
"27104","filbert",15,86894187,99.87
"27105","filer",15,86894202,99.87
"27106","filmy",15,86894217,99.87
"27107","firebug",15,86894232,99.87
"27108","flanker",15,86894247,99.87
"27109","foci",15,86894262,99.87
"27110","fogo",15,86894277,99.87
"27111","foodstuff",15,86894292,99.87
"27112","formalize",15,86894307,99.87
"27113","formulae",15,86894322,99.87
"27114","fount",15,86894337,99.87
"27115","fretless",15,86894352,99.87
"27116","frugally",15,86894367,99.87
"27117","futilely",15,86894382,99.87
"27118","gaily",15,86894397,99.87
"27119","gasconade",15,86894412,99.87
"27120","gasification",15,86894427,99.87
"27121","gast",15,86894442,99.87
"27122","gell",15,86894457,99.87
"27123","gentility",15,86894472,99.87
"27124","girt",15,86894487,99.87
"27125","glassine",15,86894502,99.87
"27126","glazen",15,86894517,99.87
"27127","gobbledygook",15,86894532,99.87
"27128","goldy",15,86894547,99.87
"27129","groats",15,86894562,99.87
"27130","guar",15,86894577,99.88
"27131","guiltless",15,86894592,99.88
"27132","gullet",15,86894607,99.88
"27133","gummed",15,86894622,99.88
"27134","gunsmith",15,86894637,99.88
"27135","gurt",15,86894652,99.88
"27136","halitosis",15,86894667,99.88
"27137","handicraft",15,86894682,99.88
"27138","harrower",15,86894697,99.88
"27139","hassel",15,86894712,99.88
"27140","headwear",15,86894727,99.88
"27141","heartedness",15,86894742,99.88
"27142","hectare",15,86894757,99.88
"27143","hipped",15,86894772,99.88
"27144","histamine",15,86894787,99.88
"27145","histrionic",15,86894802,99.88
"27146","householder",15,86894817,99.88
"27147","hydroponics",15,86894832,99.88
"27148","hydrotherapy",15,86894847,99.88
"27149","hydroxide",15,86894862,99.88
"27150","iconoclasm",15,86894877,99.88
"27151","impale",15,86894892,99.88
"27152","impassible",15,86894907,99.88
"27153","impassively",15,86894922,99.88
"27154","imperishable",15,86894937,99.88
"27155","impermanence",15,86894952,99.88
"27156","impermeable",15,86894967,99.88
"27157","incineration",15,86894982,99.88
"27158","incommunicado",15,86894997,99.88
"27159","ingenue",15,86895012,99.88
"27160","initiatory",15,86895027,99.88
"27161","inoperative",15,86895042,99.88
"27162","insouciance",15,86895057,99.88
"27163","instigation",15,86895072,99.88
"27164","intermarriage",15,86895087,99.88
"27165","intermezzo",15,86895102,99.88
"27166","iodide",15,86895117,99.88
"27167","ischemic",15,86895132,99.88
"27168","isolationism",15,86895147,99.88
"27169","jacketed",15,86895162,99.88
"27170","jarl",15,86895177,99.88
"27171","joist",15,86895192,99.88
"27172","joust",15,86895207,99.88
"27173","khalsa",15,86895222,99.88
"27174","kop",15,86895237,99.88
"27175","kuan",15,86895252,99.88
"27176","lask",15,86895267,99.88
"27177","laster",15,86895282,99.88
"27178","lath",15,86895297,99.88
"27179","laxity",15,86895312,99.88
"27180","liberalization",15,86895327,99.88
"27181","lile",15,86895342,99.88
"27182","lipper",15,86895357,99.88
"27183","liquidator",15,86895372,99.88
"27184","lithia",15,86895387,99.88
"27185","lockbox",15,86895402,99.88
"27186","logie",15,86895417,99.88
"27187","loosestrife",15,86895432,99.88
"27188","lowland",15,86895447,99.88
"27189","lumpkin",15,86895462,99.88
"27190","madding",15,86895477,99.88
"27191","maduro",15,86895492,99.88
"27192","marbling",15,86895507,99.88
"27193","marginalia",15,86895522,99.88
"27194","markman",15,86895537,99.88
"27195","maximal",15,86895552,99.88
"27196","mayoralty",15,86895567,99.88
"27197","maza",15,86895582,99.88
"27198","medaled",15,86895597,99.88
"27199","megalomania",15,86895612,99.88
"27200","menzie",15,86895627,99.88
"27201","meritless",15,86895642,99.88
"27202","microclimate",15,86895657,99.88
"27203","mids",15,86895672,99.88
"27204","milady",15,86895687,99.88
"27205","mimesis",15,86895702,99.88
"27206","misapplication",15,86895717,99.88
"27207","mischievously",15,86895732,99.88
"27208","molehill",15,86895747,99.88
"27209","monograph",15,86895762,99.88
"27210","monopolistic",15,86895777,99.88
"27211","monstrously",15,86895792,99.88
"27212","moorland",15,86895807,99.88
"27213","moorman",15,86895822,99.88
"27214","mordant",15,86895837,99.88
"27215","multimodal",15,86895852,99.88
"27216","muscling",15,86895867,99.88
"27217","nailer",15,86895882,99.88
"27218","napper",15,86895897,99.88
"27219","natter",15,86895912,99.88
"27220","neatness",15,86895927,99.88
"27221","needled",15,86895942,99.88
"27222","neoprene",15,86895957,99.88
"27223","nidal",15,86895972,99.88
"27224","nighthawk",15,86895987,99.88
"27225","nipper",15,86896002,99.88
"27226","nocturne",15,86896017,99.88
"27227","nodule",15,86896032,99.88
"27228","nonessential",15,86896047,99.88
"27229","nonexistence",15,86896062,99.88
"27230","nonreactive",15,86896077,99.88
"27231","northerly",15,86896092,99.88
"27232","northwards",15,86896107,99.88
"27233","nullity",15,86896122,99.88
"27234","odum",15,86896137,99.88
"27235","officious",15,86896152,99.88
"27236","oration",15,86896167,99.88
"27237","ornithology",15,86896182,99.88
"27238","otherworld",15,86896197,99.88
"27239","outman",15,86896212,99.88
"27240","overcrowd",15,86896227,99.88
"27241","paik",15,86896242,99.88
"27242","pantheism",15,86896257,99.88
"27243","partiality",15,86896272,99.88
"27244","pater",15,86896287,99.88
"27245","pentameter",15,86896302,99.88
"27246","perdition",15,86896317,99.88
"27247","perishing",15,86896332,99.88
"27248","persecutor",15,86896347,99.88
"27249","pharmacological",15,86896362,99.88
"27250","pidgin",15,86896377,99.88
"27251","pigtail",15,86896392,99.88
"27252","pitiless",15,86896407,99.88
"27253","polarizer",15,86896422,99.88
"27254","polemical",15,86896437,99.88
"27255","pollux",15,86896452,99.88
"27256","poplin",15,86896467,99.88
"27257","precut",15,86896482,99.88
"27258","promontory",15,86896497,99.88
"27259","psychosomatic",15,86896512,99.88
"27260","puckery",15,86896527,99.88
"27261","puka",15,86896542,99.88
"27262","pul",15,86896557,99.88
"27263","punditry",15,86896572,99.88
"27264","quencher",15,86896587,99.88
"27265","quinine",15,86896602,99.88
"27266","railroading",15,86896617,99.88
"27267","reacquaint",15,86896632,99.88
"27268","reamer",15,86896647,99.88
"27269","rebid",15,86896662,99.88
"27270","recalibration",15,86896677,99.88
"27271","reductionist",15,86896692,99.88
"27272","registrant",15,86896707,99.88
"27273","regrowth",15,86896722,99.88
"27274","regula",15,86896737,99.88
"27275","reiteration",15,86896752,99.88
"27276","rejoinder",15,86896767,99.88
"27277","replacer",15,86896782,99.88
"27278","repossession",15,86896797,99.88
"27279","reprobate",15,86896812,99.88
"27280","resound",15,86896827,99.88
"27281","rhe",15,86896842,99.88
"27282","rheumatic",15,86896857,99.88
"27283","ribald",15,86896872,99.88
"27284","rightward",15,86896887,99.88
"27285","ringless",15,86896902,99.88
"27286","rive",15,86896917,99.88
"27287","riveter",15,86896932,99.88
"27288","roble",15,86896947,99.88
"27289","rocketeer",15,86896962,99.88
"27290","rota",15,86896977,99.88
"27291","rowen",15,86896992,99.88
"27292","rudderless",15,86897007,99.88
"27293","ruffly",15,86897022,99.88
"27294","rukh",15,86897037,99.88
"27295","runkle",15,86897052,99.88
"27296","sabe",15,86897067,99.88
"27297","salsify",15,86897082,99.88
"27298","sancho",15,86897097,99.88
"27299","satiric",15,86897112,99.88
"27300","scald",15,86897127,99.88
"27301","schoolbook",15,86897142,99.88
"27302","scoutmaster",15,86897157,99.88
"27303","scrupulously",15,86897172,99.88
"27304","scuttlebutt",15,86897187,99.88
"27305","seacoast",15,86897202,99.88
"27306","seascape",15,86897217,99.88
"27307","selva",15,86897232,99.88
"27308","seminarian",15,86897247,99.88
"27309","senility",15,86897262,99.88
"27310","sensationalize",15,86897277,99.88
"27311","sesquicentennial",15,86897292,99.88
"27312","shadrach",15,86897307,99.88
"27313","shamanism",15,86897322,99.88
"27314","sharry",15,86897337,99.88
"27315","shies",15,86897352,99.88
"27316","shortchange",15,86897367,99.88
"27317","shortsightedness",15,86897382,99.88
"27318","sidearm",15,86897397,99.88
"27319","sigil",15,86897412,99.88
"27320","sind",15,86897427,99.88
"27321","sinewy",15,86897442,99.88
"27322","sinfulness",15,86897457,99.88
"27323","skimmer",15,86897472,99.88
"27324","slake",15,86897487,99.88
"27325","slat",15,86897502,99.88
"27326","sleepwalk",15,86897517,99.88
"27327","slopping",15,86897532,99.88
"27328","sluice",15,86897547,99.88
"27329","soapstone",15,86897562,99.88
"27330","soiling",15,86897577,99.88
"27331","somberly",15,86897592,99.88
"27332","sophistry",15,86897607,99.88
"27333","southerland",15,86897622,99.88
"27334","southwards",15,86897637,99.88
"27335","spatter",15,86897652,99.88
"27336","springwood",15,86897667,99.88
"27337","sprong",15,86897682,99.88
"27338","squeaker",15,86897697,99.88
"27339","squelching",15,86897712,99.88
"27340","stade",15,86897727,99.88
"27341","stimulator",15,86897742,99.88
"27342","stirrer",15,86897757,99.88
"27343","stitchery",15,86897772,99.88
"27344","stockholder",15,86897787,99.88
"27345","stollen",15,86897802,99.88
"27346","stovepipe",15,86897817,99.88
"27347","strangler",15,86897832,99.88
"27348","strangles",15,86897847,99.88
"27349","stratagem",15,86897862,99.88
"27350","stratum",15,86897877,99.88
"27351","sturdiness",15,86897892,99.88
"27352","successively",15,86897907,99.88
"27353","supranational",15,86897922,99.88
"27354","survivability",15,86897937,99.88
"27355","survivorship",15,86897952,99.88
"27356","sustainer",15,86897967,99.88
"27357","suz",15,86897982,99.88
"27358","sweetening",15,86897997,99.88
"27359","swindler",15,86898012,99.88
"27360","taconite",15,86898027,99.88
"27361","talky",15,86898042,99.88
"27362","tamping",15,86898057,99.88
"27363","tangibly",15,86898072,99.88
"27364","tarpaulin",15,86898087,99.88
"27365","tearoom",15,86898102,99.88
"27366","teasingly",15,86898117,99.88
"27367","temporality",15,86898132,99.88
"27368","terrapin",15,86898147,99.88
"27369","thorp",15,86898162,99.88
"27370","tien",15,86898177,99.88
"27371","tiptoeing",15,86898192,99.88
"27372","topo",15,86898207,99.88
"27373","tox",15,86898222,99.88
"27374","trawler",15,86898237,99.88
"27375","trespasser",15,86898252,99.88
"27376","tribble",15,86898267,99.88
"27377","tripper",15,86898282,99.88
"27378","trompe",15,86898297,99.88
"27379","truculent",15,86898312,99.88
"27380","tubal",15,86898327,99.88
"27381","tufa",15,86898342,99.88
"27382","turgid",15,86898357,99.88
"27383","twaddle",15,86898372,99.88
"27384","twerp",15,86898387,99.88
"27385","tyrannosaur",15,86898402,99.88
"27386","unbutton",15,86898417,99.88
"27387","unchurched",15,86898432,99.88
"27388","unclog",15,86898447,99.88
"27389","uncontroversial",15,86898462,99.88
"27390","uncorrected",15,86898477,99.88
"27391","undernourished",15,86898492,99.88
"27392","unenthusiastic",15,86898507,99.88
"27393","unexpressed",15,86898522,99.88
"27394","unfeasible",15,86898537,99.88
"27395","unheated",15,86898552,99.88
"27396","unhook",15,86898567,99.88
"27397","unobtainable",15,86898582,99.88
"27398","unobtrusively",15,86898597,99.88
"27399","unpardonable",15,86898612,99.88
"27400","unpronounceable",15,86898627,99.88
"27401","unready",15,86898642,99.88
"27402","unremembered",15,86898657,99.88
"27403","unromantic",15,86898672,99.88
"27404","unselfishly",15,86898687,99.88
"27405","unsullied",15,86898702,99.88
"27406","urinalysis",15,86898717,99.88
"27407","vaporize",15,86898732,99.88
"27408","verso",15,86898747,99.88
"27409","vividness",15,86898762,99.88
"27410","waif",15,86898777,99.88
"27411","wali",15,86898792,99.88
"27412","wast",15,86898807,99.88
"27413","weekender",15,86898822,99.88
"27414","whan",15,86898837,99.88
"27415","whinny",15,86898852,99.88
"27416","wielder",15,86898867,99.88
"27417","witchery",15,86898882,99.88
"27418","wittily",15,86898897,99.88
"27419","womankind",15,86898912,99.88
"27420","wonga",15,86898927,99.88
"27421","worthlessness",15,86898942,99.88
"27422","wristed",15,86898957,99.88
"27423","xenon",15,86898972,99.88
"27424","yeller",15,86898987,99.88
"27425","yester",15,86899002,99.88
"27426","youthfulness",15,86899017,99.88
"27427","yus",15,86899032,99.88
"27428","zarzuela",15,86899047,99.88
"27429","absentmindedly",14,86899061,99.88
"27430","accretion",14,86899075,99.88
"27431","actioner",14,86899089,99.88
"27432","adjoin",14,86899103,99.88
"27433","ady",14,86899117,99.88
"27434","airframe",14,86899131,99.88
"27435","airless",14,86899145,99.88
"27436","aldine",14,86899159,99.88
"27437","algal",14,86899173,99.88
"27438","altimeter",14,86899187,99.88
"27439","anaphylaxis",14,86899201,99.88
"27440","anarchistic",14,86899215,99.88
"27441","anteater",14,86899229,99.88
"27442","antes",14,86899243,99.88
"27443","antipodean",14,86899257,99.88
"27444","arable",14,86899271,99.88
"27445","arad",14,86899285,99.88
"27446","arcadian",14,86899299,99.88
"27447","arista",14,86899313,99.88
"27448","ary",14,86899327,99.88
"27449","aspic",14,86899341,99.88
"27450","atmospherics",14,86899355,99.88
"27451","atonal",14,86899369,99.88
"27452","attache",14,86899383,99.88
"27453","authoritatively",14,86899397,99.88
"27454","bafflement",14,86899411,99.88
"27455","barnstorming",14,86899425,99.88
"27456","bastardize",14,86899439,99.88
"27457","beardy",14,86899453,99.88
"27458","beefin",14,86899467,99.88
"27459","befuddle",14,86899481,99.88
"27460","belladonna",14,86899495,99.88
"27461","bendable",14,86899509,99.88
"27462","benefic",14,86899523,99.88
"27463","betel",14,86899537,99.88
"27464","bilious",14,86899551,99.88
"27465","binational",14,86899565,99.88
"27466","binning",14,86899579,99.88
"27467","biometrics",14,86899593,99.88
"27468","blackheads",14,86899607,99.88
"27469","bleakness",14,86899621,99.88
"27470","blepharitis",14,86899635,99.88
"27471","bloodroot",14,86899649,99.88
"27472","bluebonnet",14,86899663,99.88
"27473","boneheaded",14,86899677,99.88
"27474","brae",14,86899691,99.88
"27475","brandish",14,86899705,99.88
"27476","brayer",14,86899719,99.88
"27477","brazier",14,86899733,99.88
"27478","bridgeway",14,86899747,99.88
"27479","buller",14,86899761,99.88
"27480","bullwhip",14,86899775,99.88
"27481","bustled",14,86899789,99.88
"27482","calais",14,86899803,99.88
"27483","camber",14,86899817,99.88
"27484","canasta",14,86899831,99.88
"27485","capsize",14,86899845,99.88
"27486","carless",14,86899859,99.88
"27487","carload",14,86899873,99.88
"27488","carnality",14,86899887,99.88
"27489","cashel",14,86899901,99.88
"27490","castrate",14,86899915,99.88
"27491","centigrade",14,86899929,99.88
"27492","chambering",14,86899943,99.88
"27493","chappy",14,86899957,99.88
"27494","cheekbone",14,86899971,99.88
"27495","cheekily",14,86899985,99.88
"27496","chesser",14,86899999,99.88
"27497","chickasaw",14,86900013,99.88
"27498","chockablock",14,86900027,99.88
"27499","chophouse",14,86900041,99.88
"27500","cicely",14,86900055,99.88
"27501","cloche",14,86900069,99.88
"27502","clop",14,86900083,99.88
"27503","cloudiness",14,86900097,99.88
"27504","collegian",14,86900111,99.88
"27505","colonist",14,86900125,99.88
"27506","commiseration",14,86900139,99.88
"27507","compassionately",14,86900153,99.88
"27508","concertina",14,86900167,99.88
"27509","concomitant",14,86900181,99.88
"27510","concubine",14,86900195,99.88
"27511","conductivity",14,86900209,99.88
"27512","confiding",14,86900223,99.88
"27513","conjunctivitis",14,86900237,99.88
"27514","consecrate",14,86900251,99.88
"27515","constitutionalism",14,86900265,99.88
"27516","convex",14,86900279,99.88
"27517","conviviality",14,86900293,99.88
"27518","cornice",14,86900307,99.88
"27519","corrode",14,86900321,99.88
"27520","counterintelligence",14,86900335,99.88
"27521","crackerjack",14,86900349,99.88
"27522","cratered",14,86900363,99.88
"27523","creche",14,86900377,99.88
"27524","cricketing",14,86900391,99.88
"27525","cruciferous",14,86900405,99.88
"27526","cryptography",14,86900419,99.88
"27527","curtsy",14,86900433,99.88
"27528","cuttlefish",14,86900447,99.88
"27529","cybernetic",14,86900461,99.88
"27530","daimon",14,86900475,99.88
"27531","dater",14,86900489,99.88
"27532","daud",14,86900503,99.88
"27533","deaconess",14,86900517,99.88
"27534","deader",14,86900531,99.88
"27535","defame",14,86900545,99.88
"27536","demitasse",14,86900559,99.88
"27537","denigration",14,86900573,99.88
"27538","depreciate",14,86900587,99.88
"27539","dichotomous",14,86900601,99.88
"27540","dimensionality",14,86900615,99.88
"27541","diode",14,86900629,99.88
"27542","dirigible",14,86900643,99.88
"27543","disconcertingly",14,86900657,99.88
"27544","discontentment",14,86900671,99.88
"27545","disincorporation",14,86900685,99.88
"27546","disruptor",14,86900699,99.88
"27547","distractingly",14,86900713,99.88
"27548","dither",14,86900727,99.88
"27549","diversionary",14,86900741,99.88
"27550","divining",14,86900755,99.88
"27551","dollface",14,86900769,99.88
"27552","dooms",14,86900783,99.88
"27553","doubter",14,86900797,99.88
"27554","dressmaker",14,86900811,99.88
"27555","driverless",14,86900825,99.88
"27556","droppingly",14,86900839,99.88
"27557","dubb",14,86900853,99.88
"27558","dumper",14,86900867,99.88
"27559","dup",14,86900881,99.88
"27560","ecliptic",14,86900895,99.88
"27561","ectopic",14,86900909,99.88
"27562","egomaniac",14,86900923,99.88
"27563","eking",14,86900937,99.88
"27564","emanation",14,86900951,99.88
"27565","emulator",14,86900965,99.88
"27566","enlivening",14,86900979,99.88
"27567","enrolment",14,86900993,99.88
"27568","enthuse",14,86901007,99.88
"27569","enunciation",14,86901021,99.88
"27570","erotically",14,86901035,99.88
"27571","errata",14,86901049,99.88
"27572","escarpment",14,86901063,99.88
"27573","evilly",14,86901077,99.88
"27574","expansionist",14,86901091,99.88
"27575","exultant",14,86901105,99.88
"27576","eyrie",14,86901119,99.88
"27577","fabricator",14,86901133,99.88
"27578","fader",14,86901147,99.88
"27579","farthing",14,86901161,99.88
"27580","fatiguing",14,86901175,99.88
"27581","feasibly",14,86901189,99.88
"27582","flamboyance",14,86901203,99.88
"27583","fleetingly",14,86901217,99.88
"27584","florent",14,86901231,99.88
"27585","flyway",14,86901245,99.88
"27586","frictionless",14,86901259,99.88
"27587","frisking",14,86901273,99.88
"27588","fruitlessly",14,86901287,99.88
"27589","frump",14,86901301,99.88
"27590","gaiety",14,86901315,99.88
"27591","ganging",14,86901329,99.88
"27592","germy",14,86901343,99.88
"27593","gest",14,86901357,99.88
"27594","gherkin",14,86901371,99.88
"27595","glasshouse",14,86901385,99.88
"27596","glowingly",14,86901399,99.88
"27597","goalkeeping",14,86901413,99.88
"27598","gog",14,86901427,99.88
"27599","granary",14,86901441,99.88
"27600","grandmotherly",14,86901455,99.88
"27601","grebe",14,86901469,99.88
"27602","greyness",14,86901483,99.88
"27603","groomsman",14,86901497,99.88
"27604","growly",14,86901511,99.88
"27605","gulden",14,86901525,99.88
"27606","hagiography",14,86901539,99.88
"27607","hairband",14,86901553,99.88
"27608","handmaid",14,86901567,99.88
"27609","hardiness",14,86901581,99.88
"27610","havers",14,86901595,99.88
"27611","haymaker",14,86901609,99.88
"27612","hedonist",14,86901623,99.88
"27613","hemophilia",14,86901637,99.88
"27614","heraldic",14,86901651,99.88
"27615","hermetically",14,86901665,99.88
"27616","hexagram",14,86901679,99.88
"27617","historiography",14,86901693,99.88
"27618","hitchhike",14,86901707,99.88
"27619","hoar",14,86901721,99.88
"27620","holstered",14,86901735,99.88
"27621","hoodoo",14,86901749,99.88
"27622","horrify",14,86901763,99.88
"27623","houseman",14,86901777,99.88
"27624","huckster",14,86901791,99.88
"27625","hurtle",14,86901805,99.88
"27626","hydrology",14,86901819,99.88
"27627","hyperthyroidism",14,86901833,99.88
"27628","ife",14,86901847,99.88
"27629","immunize",14,86901861,99.88
"27630","impassive",14,86901875,99.88
"27631","impoverishment",14,86901889,99.88
"27632","improviser",14,86901903,99.88
"27633","impulsivity",14,86901917,99.88
"27634","inanity",14,86901931,99.88
"27635","incoherence",14,86901945,99.88
"27636","incongruously",14,86901959,99.88
"27637","incriminate",14,86901973,99.88
"27638","industrialism",14,86901987,99.88
"27639","inexact",14,86902001,99.88
"27640","initiator",14,86902015,99.88
"27641","injunctive",14,86902029,99.88
"27642","insole",14,86902043,99.88
"27643","instrumentally",14,86902057,99.88
"27644","interceptor",14,86902071,99.88
"27645","interlibrary",14,86902085,99.88
"27646","interregnum",14,86902099,99.88
"27647","intimation",14,86902113,99.88
"27648","intown",14,86902127,99.88
"27649","invalidation",14,86902141,99.88
"27650","invidious",14,86902155,99.88
"27651","islay",14,86902169,99.88
"27652","jardiniere",14,86902183,99.88
"27653","jingoistic",14,86902197,99.88
"27654","jinn",14,86902211,99.88
"27655","kep",14,86902225,99.88
"27656","kerrie",14,86902239,99.88
"27657","knave",14,86902253,99.88
"27658","knickerbockers",14,86902267,99.88
"27659","krausen",14,86902281,99.88
"27660","lariat",14,86902295,99.88
"27661","lawyerly",14,86902309,99.88
"27662","lazuli",14,86902323,99.88
"27663","lenard",14,86902337,99.88
"27664","lessee",14,86902351,99.88
"27665","loamy",14,86902365,99.88
"27666","loge",14,86902379,99.88
"27667","logistic",14,86902393,99.88
"27668","longbow",14,86902407,99.88
"27669","looseness",14,86902421,99.88
"27670","lostness",14,86902435,99.88
"27671","macaque",14,86902449,99.88
"27672","maguey",14,86902463,99.88
"27673","malnourishment",14,86902477,99.88
"27674","mammary",14,86902491,99.88
"27675","mandrel",14,86902505,99.88
"27676","maness",14,86902519,99.88
"27677","mangal",14,86902533,99.88
"27678","manhandle",14,86902547,99.88
"27679","manicurist",14,86902561,99.88
"27680","manilla",14,86902575,99.88
"27681","mannish",14,86902589,99.88
"27682","marabou",14,86902603,99.88
"27683","marmot",14,86902617,99.88
"27684","matrices",14,86902631,99.88
"27685","measurably",14,86902645,99.88
"27686","mela",14,86902659,99.88
"27687","minder",14,86902673,99.88
"27688","miscellany",14,86902687,99.88
"27689","molder",14,86902701,99.88
"27690","momenta",14,86902715,99.88
"27691","moonbeam",14,86902729,99.88
"27692","mothered",14,86902743,99.88
"27693","mourner",14,86902757,99.88
"27694","multistory",14,86902771,99.88
"27695","murkiness",14,86902785,99.88
"27696","mutilate",14,86902799,99.88
"27697","nach",14,86902813,99.88
"27698","narratively",14,86902827,99.88
"27699","neutrino",14,86902841,99.88
"27700","noddy",14,86902855,99.88
"27701","noncompliance",14,86902869,99.88
"27702","nonmilitary",14,86902883,99.88
"27703","novelistic",14,86902897,99.88
"27704","novena",14,86902911,99.88
"27705","nurturer",14,86902925,99.88
"27706","nuzzle",14,86902939,99.88
"27707","oaken",14,86902953,99.88
"27708","obligate",14,86902967,99.88
"27709","obliviously",14,86902981,99.88
"27710","obstinacy",14,86902995,99.88
"27711","occultism",14,86903009,99.88
"27712","oilman",14,86903023,99.88
"27713","olio",14,86903037,99.88
"27714","oozy",14,86903051,99.88
"27715","opposable",14,86903065,99.88
"27716","orangewood",14,86903079,99.88
"27717","orchestrator",14,86903093,99.88
"27718","ostracism",14,86903107,99.88
"27719","overcharge",14,86903121,99.88
"27720","overpayment",14,86903135,99.88
"27721","pachyderm",14,86903149,99.88
"27722","pancreatitis",14,86903163,99.88
"27723","papering",14,86903177,99.88
"27724","parietal",14,86903191,99.88
"27725","participle",14,86903205,99.88
"27726","pascual",14,86903219,99.88
"27727","peaceably",14,86903233,99.88
"27728","peacemaking",14,86903247,99.88
"27729","penna",14,86903261,99.88
"27730","pepperidge",14,86903275,99.89
"27731","pes",14,86903289,99.89
"27732","petard",14,86903303,99.89
"27733","petter",14,86903317,99.89
"27734","phantasy",14,86903331,99.89
"27735","philanderer",14,86903345,99.89
"27736","physiologically",14,86903359,99.89
"27737","pickpocket",14,86903373,99.89
"27738","pillbox",14,86903387,99.89
"27739","pinole",14,86903401,99.89
"27740","pinon",14,86903415,99.89
"27741","pipped",14,86903429,99.89
"27742","plateful",14,86903443,99.89
"27743","platitude",14,86903457,99.89
"27744","pocketful",14,86903471,99.89
"27745","poetical",14,86903485,99.89
"27746","polymath",14,86903499,99.89
"27747","polyp",14,86903513,99.89
"27748","polytheism",14,86903527,99.89
"27749","pomposity",14,86903541,99.89
"27750","pragmatically",14,86903555,99.89
"27751","preciousness",14,86903569,99.89
"27752","premenstrual",14,86903583,99.89
"27753","prepay",14,86903597,99.89
"27754","prewar",14,86903611,99.89
"27755","professorship",14,86903625,99.89
"27756","prolifically",14,86903639,99.89
"27757","propellant",14,86903653,99.89
"27758","protectiveness",14,86903667,99.89
"27759","puffer",14,86903681,99.89
"27760","puffiness",14,86903695,99.89
"27761","puzzler",14,86903709,99.89
"27762","quilling",14,86903723,99.89
"27763","rais",14,86903737,99.89
"27764","rationalism",14,86903751,99.89
"27765","reallocate",14,86903765,99.89
"27766","redbone",14,86903779,99.89
"27767","redoubtable",14,86903793,99.89
"27768","refectory",14,86903807,99.89
"27769","reif",14,86903821,99.89
"27770","reintegration",14,86903835,99.89
"27771","relativist",14,86903849,99.89
"27772","reparative",14,86903863,99.89
"27773","repeater",14,86903877,99.89
"27774","repp",14,86903891,99.89
"27775","rewound",14,86903905,99.89
"27776","riboflavin",14,86903919,99.89
"27777","riposte",14,86903933,99.89
"27778","riverhead",14,86903947,99.89
"27779","rix",14,86903961,99.89
"27780","roil",14,86903975,99.89
"27781","rood",14,86903989,99.89
"27782","roughhousing",14,86904003,99.89
"27783","roundtree",14,86904017,99.89
"27784","ruggedly",14,86904031,99.89
"27785","sah",14,86904045,99.89
"27786","sallow",14,86904059,99.89
"27787","sambo",14,86904073,99.89
"27788","sashay",14,86904087,99.89
"27789","satiny",14,86904101,99.89
"27790","saut",14,86904115,99.89
"27791","sawn",14,86904129,99.89
"27792","scalping",14,86904143,99.89
"27793","scharf",14,86904157,99.89
"27794","schizoid",14,86904171,99.89
"27795","scrim",14,86904185,99.89
"27796","scull",14,86904199,99.89
"27797","sculpin",14,86904213,99.89
"27798","sculptured",14,86904227,99.89
"27799","seaway",14,86904241,99.89
"27800","sedately",14,86904255,99.89
"27801","semipro",14,86904269,99.89
"27802","seventieth",14,86904283,99.89
"27803","shaikh",14,86904297,99.89
"27804","shanker",14,86904311,99.89
"27805","sherif",14,86904325,99.89
"27806","shiftless",14,86904339,99.89
"27807","shoop",14,86904353,99.89
"27808","sifter",14,86904367,99.89
"27809","siller",14,86904381,99.89
"27810","silverback",14,86904395,99.89
"27811","silverleaf",14,86904409,99.89
"27812","sima",14,86904423,99.89
"27813","simian",14,86904437,99.89
"27814","singleness",14,86904451,99.89
"27815","skivvies",14,86904465,99.89
"27816","skoal",14,86904479,99.89
"27817","skulk",14,86904493,99.89
"27818","sleeting",14,86904507,99.89
"27819","sluggishly",14,86904521,99.89
"27820","solicitous",14,86904535,99.89
"27821","solipsism",14,86904549,99.89
"27822","solvable",14,86904563,99.89
"27823","soppy",14,86904577,99.89
"27824","spangle",14,86904591,99.89
"27825","spatially",14,86904605,99.89
"27826","speedboat",14,86904619,99.89
"27827","spreader",14,86904633,99.89
"27828","stanch",14,86904647,99.89
"27829","standardbred",14,86904661,99.89
"27830","starlit",14,86904675,99.89
"27831","steelworker",14,86904689,99.89
"27832","steelyard",14,86904703,99.89
"27833","stepper",14,86904717,99.89
"27834","steppingstone",14,86904731,99.89
"27835","strack",14,86904745,99.89
"27836","strew",14,86904759,99.89
"27837","stripling",14,86904773,99.89
"27838","stylebook",14,86904787,99.89
"27839","stylistics",14,86904801,99.89
"27840","sublet",14,86904815,99.89
"27841","submersible",14,86904829,99.89
"27842","succor",14,86904843,99.89
"27843","suchlike",14,86904857,99.89
"27844","suckage",14,86904871,99.89
"27845","summerwood",14,86904885,99.89
"27846","sumpter",14,86904899,99.89
"27847","sunup",14,86904913,99.89
"27848","sunway",14,86904927,99.89
"27849","supertramp",14,86904941,99.89
"27850","surmount",14,86904955,99.89
"27851","swang",14,86904969,99.89
"27852","synecdoche",14,86904983,99.89
"27853","tabulation",14,86904997,99.89
"27854","tailings",14,86905011,99.89
"27855","tali",14,86905025,99.89
"27856","tangelo",14,86905039,99.89
"27857","teleological",14,86905053,99.89
"27858","temporally",14,86905067,99.89
"27859","tempter",14,86905081,99.89
"27860","tensile",14,86905095,99.89
"27861","testes",14,86905109,99.89
"27862","theodicy",14,86905123,99.89
"27863","theosophy",14,86905137,99.89
"27864","therefrom",14,86905151,99.89
"27865","thermonuclear",14,86905165,99.89
"27866","thirsting",14,86905179,99.89
"27867","threadless",14,86905193,99.89
"27868","thresh",14,86905207,99.89
"27869","tinderbox",14,86905221,99.89
"27870","tolan",14,86905235,99.89
"27871","topflight",14,86905249,99.89
"27872","topology",14,86905263,99.89
"27873","topside",14,86905277,99.89
"27874","torsion",14,86905291,99.89
"27875","transbay",14,86905305,99.89
"27876","treacly",14,86905319,99.89
"27877","treetop",14,86905333,99.89
"27878","trilling",14,86905347,99.89
"27879","trinitarian",14,86905361,99.89
"27880","ultramarine",14,86905375,99.89
"27881","uncivil",14,86905389,99.89
"27882","uncork",14,86905403,99.89
"27883","undeliverable",14,86905417,99.89
"27884","undercarriage",14,86905431,99.89
"27885","undesired",14,86905445,99.89
"27886","uneasily",14,86905459,99.89
"27887","unflagging",14,86905473,99.89
"27888","unflinchingly",14,86905487,99.89
"27889","unfree",14,86905501,99.89
"27890","unfriended",14,86905515,99.89
"27891","unladylike",14,86905529,99.89
"27892","unlearning",14,86905543,99.89
"27893","unluckily",14,86905557,99.89
"27894","unmasking",14,86905571,99.89
"27895","unmerited",14,86905585,99.89
"27896","unmoored",14,86905599,99.89
"27897","unrolled",14,86905613,99.89
"27898","unscrewed",14,86905627,99.89
"27899","unsolvable",14,86905641,99.89
"27900","unsuited",14,86905655,99.89
"27901","uric",14,86905669,99.89
"27902","uttermost",14,86905683,99.89
"27903","vamped",14,86905697,99.89
"27904","vaudevillian",14,86905711,99.89
"27905","venous",14,86905725,99.89
"27906","verruca",14,86905739,99.89
"27907","vespertine",14,86905753,99.89
"27908","vesting",14,86905767,99.89
"27909","vigilantism",14,86905781,99.89
"27910","vill",14,86905795,99.89
"27911","viscera",14,86905809,99.89
"27912","vivacity",14,86905823,99.89
"27913","vulgate",14,86905837,99.89
"27914","warble",14,86905851,99.89
"27915","wastebasket",14,86905865,99.89
"27916","watchword",14,86905879,99.89
"27917","weatherly",14,86905893,99.89
"27918","weft",14,86905907,99.89
"27919","whirly",14,86905921,99.89
"27920","whispery",14,86905935,99.89
"27921","whup",14,86905949,99.89
"27922","wifely",14,86905963,99.89
"27923","winnow",14,86905977,99.89
"27924","wird",14,86905991,99.89
"27925","withe",14,86906005,99.89
"27926","woodyard",14,86906019,99.89
"27927","wrack",14,86906033,99.89
"27928","writhe",14,86906047,99.89
"27929","xenia",14,86906061,99.89
"27930","yokel",14,86906075,99.89
"27931","yook",14,86906089,99.89
"27932","zagged",14,86906103,99.89
"27933","zayat",14,86906117,99.89
"27934","absolutist",13,86906130,99.89
"27935","acclamation",13,86906143,99.89
"27936","acoustical",13,86906156,99.89
"27937","adipose",13,86906169,99.89
"27938","agglomeration",13,86906182,99.89
"27939","agha",13,86906195,99.89
"27940","agnus",13,86906208,99.89
"27941","aku",13,86906221,99.89
"27942","alcazar",13,86906234,99.89
"27943","alembic",13,86906247,99.89
"27944","allopathic",13,86906260,99.89
"27945","alopecia",13,86906273,99.89
"27946","alp",13,86906286,99.89
"27947","amblyopia",13,86906299,99.89
"27948","amli",13,86906312,99.89
"27949","amrita",13,86906325,99.89
"27950","anam",13,86906338,99.89
"27951","anesthetist",13,86906351,99.89
"27952","angeline",13,86906364,99.89
"27953","animatedly",13,86906377,99.89
"27954","annul",13,86906390,99.89
"27955","antenatal",13,86906403,99.89
"27956","anthill",13,86906416,99.89
"27957","aping",13,86906429,99.89
"27958","apostolate",13,86906442,99.89
"27959","append",13,86906455,99.89
"27960","appendices",13,86906468,99.89
"27961","articulately",13,86906481,99.89
"27962","asphyxia",13,86906494,99.89
"27963","associative",13,86906507,99.89
"27964","astringency",13,86906520,99.89
"27965","aurum",13,86906533,99.89
"27966","avaricious",13,86906546,99.89
"27967","baleful",13,86906559,99.89
"27968","baloo",13,86906572,99.89
"27969","bani",13,86906585,99.89
"27970","bankable",13,86906598,99.89
"27971","barger",13,86906611,99.89
"27972","barilla",13,86906624,99.89
"27973","basta",13,86906637,99.89
"27974","beanbags",13,86906650,99.89
"27975","bedchamber",13,86906663,99.89
"27976","beguile",13,86906676,99.89
"27977","behn",13,86906689,99.89
"27978","bellboy",13,86906702,99.89
"27979","benjy",13,86906715,99.89
"27980","billowy",13,86906728,99.89
"27981","biologic",13,86906741,99.89
"27982","bitingly",13,86906754,99.89
"27983","blankness",13,86906767,99.89
"27984","bleat",13,86906780,99.89
"27985","blowhole",13,86906793,99.89
"27986","bola",13,86906806,99.89
"27987","bookmaker",13,86906819,99.89
"27988","boric",13,86906832,99.89
"27989","braker",13,86906845,99.89
"27990","breastbone",13,86906858,99.89
"27991","bronc",13,86906871,99.89
"27992","brunet",13,86906884,99.89
"27993","bucko",13,86906897,99.89
"27994","busybody",13,86906910,99.89
"27995","butane",13,86906923,99.89
"27996","cabinetmaker",13,86906936,99.89
"27997","calipers",13,86906949,99.89
"27998","caliph",13,86906962,99.89
"27999","callously",13,86906975,99.89
"28000","candlebox",13,86906988,99.89
"28001","canonization",13,86907001,99.89
"28002","capacitive",13,86907014,99.89
"28003","cappie",13,86907027,99.89
"28004","capsaicin",13,86907040,99.89
"28005","carbine",13,86907053,99.89
"28006","carrel",13,86907066,99.89
"28007","carty",13,86907079,99.89
"28008","catchable",13,86907092,99.89
"28009","causey",13,86907105,99.89
"28010","cellaring",13,86907118,99.89
"28011","centenarian",13,86907131,99.89
"28012","ceremoniously",13,86907144,99.89
"28013","certiorari",13,86907157,99.89
"28014","chambermaid",13,86907170,99.89
"28015","chateaux",13,86907183,99.89
"28016","chicane",13,86907196,99.89
"28017","churchy",13,86907209,99.89
"28018","claptrap",13,86907222,99.89
"28019","clumpy",13,86907235,99.89
"28020","cochlear",13,86907248,99.89
"28021","cocksure",13,86907261,99.89
"28022","coffer",13,86907274,99.89
"28023","cognizance",13,86907287,99.89
"28024","collodion",13,86907300,99.89
"28025","comfrey",13,86907313,99.89
"28026","compactor",13,86907326,99.89
"28027","companionable",13,86907339,99.89
"28028","concordance",13,86907352,99.89
"28029","conning",13,86907365,99.89
"28030","consomme",13,86907378,99.89
"28031","convulsive",13,86907391,99.89
"28032","corban",13,86907404,99.89
"28033","cosmetologist",13,86907417,99.89
"28034","coster",13,86907430,99.89
"28035","covetous",13,86907443,99.89
"28036","cran",13,86907456,99.89
"28037","credulous",13,86907469,99.89
"28038","creeky",13,86907482,99.89
"28039","cribbing",13,86907495,99.89
"28040","criminologist",13,86907508,99.89
"28041","crimping",13,86907521,99.89
"28042","crumpling",13,86907534,99.89
"28043","cuesta",13,86907547,99.89
"28044","curcumin",13,86907560,99.89
"28045","dace",13,86907573,99.89
"28046","deathless",13,86907586,99.89
"28047","demy",13,86907599,99.89
"28048","destine",13,86907612,99.89
"28049","destitution",13,86907625,99.89
"28050","destructiveness",13,86907638,99.89
"28051","dian",13,86907651,99.89
"28052","diptych",13,86907664,99.89
"28053","dismemberment",13,86907677,99.89
"28054","disparagingly",13,86907690,99.89
"28055","dispensable",13,86907703,99.89
"28056","disproven",13,86907716,99.89
"28057","divestiture",13,86907729,99.89
"28058","dobbin",13,86907742,99.89
"28059","dop",13,86907755,99.89
"28060","doubtlessly",13,86907768,99.89
"28061","dower",13,86907781,99.89
"28062","drawbridge",13,86907794,99.89
"28063","dustpan",13,86907807,99.89
"28064","dutra",13,86907820,99.89
"28065","ecclesiology",13,86907833,99.89
"28066","economize",13,86907846,99.89
"28067","eduction",13,86907859,99.89
"28068","elt",13,86907872,99.89
"28069","empiricism",13,86907885,99.89
"28070","emption",13,86907898,99.89
"28071","enablement",13,86907911,99.89
"28072","encourager",13,86907924,99.89
"28073","endocrinology",13,86907937,99.89
"28074","engraver",13,86907950,99.89
"28075","enshrinement",13,86907963,99.89
"28076","epha",13,86907976,99.89
"28077","ermine",13,86907989,99.89
"28078","esca",13,86908002,99.89
"28079","excommunication",13,86908015,99.89
"28080","exhumation",13,86908028,99.89
"28081","experimenter",13,86908041,99.89
"28082","exponent",13,86908054,99.89
"28083","extern",13,86908067,99.89
"28084","faff",13,86908080,99.89
"28085","fanatically",13,86908093,99.89
"28086","fanon",13,86908106,99.89
"28087","fantastico",13,86908119,99.89
"28088","farrier",13,86908132,99.89
"28089","faun",13,86908145,99.89
"28090","feaster",13,86908158,99.89
"28091","fencer",13,86908171,99.89
"28092","ferrier",13,86908184,99.89
"28093","fet",13,86908197,99.89
"28094","fictive",13,86908210,99.89
"28095","filial",13,86908223,99.89
"28096","finagle",13,86908236,99.89
"28097","fivefold",13,86908249,99.89
"28098","flambeau",13,86908262,99.89
"28099","flowerpot",13,86908275,99.89
"28100","forager",13,86908288,99.89
"28101","fourfold",13,86908301,99.89
"28102","frater",13,86908314,99.89
"28103","frigate",13,86908327,99.89
"28104","fringing",13,86908340,99.89
"28105","fruited",13,86908353,99.89
"28106","funkiness",13,86908366,99.89
"28107","gamin",13,86908379,99.89
"28108","garnets",13,86908392,99.89
"28109","gashes",13,86908405,99.89
"28110","gata",13,86908418,99.89
"28111","generality",13,86908431,99.89
"28112","genii",13,86908444,99.89
"28113","geophysicist",13,86908457,99.89
"28114","geriatrics",13,86908470,99.89
"28115","glady",13,86908483,99.89
"28116","glandular",13,86908496,99.89
"28117","glibly",13,86908509,99.89
"28118","glycogen",13,86908522,99.89
"28119","gorse",13,86908535,99.89
"28120","grantee",13,86908548,99.89
"28121","grippy",13,86908561,99.89
"28122","hake",13,86908574,99.89
"28123","halse",13,86908587,99.89
"28124","handrail",13,86908600,99.89
"28125","harling",13,86908613,99.89
"28126","hartshorn",13,86908626,99.89
"28127","hau",13,86908639,99.89
"28128","headland",13,86908652,99.89
"28129","headrest",13,86908665,99.89
"28130","headship",13,86908678,99.89
"28131","heatstroke",13,86908691,99.89
"28132","hematoma",13,86908704,99.89
"28133","heraldry",13,86908717,99.89
"28134","hermaphrodite",13,86908730,99.89
"28135","hin",13,86908743,99.89
"28136","hirsute",13,86908756,99.89
"28137","historicity",13,86908769,99.89
"28138","hogged",13,86908782,99.89
"28139","hornswoggle",13,86908795,99.89
"28140","horsehair",13,86908808,99.89
"28141","hothead",13,86908821,99.89
"28142","housebroken",13,86908834,99.89
"28143","humanness",13,86908847,99.89
"28144","humbler",13,86908860,99.89
"28145","hurted",13,86908873,99.89
"28146","hyphenation",13,86908886,99.89
"28147","hypothyroidism",13,86908899,99.89
"28148","iconoclast",13,86908912,99.89
"28149","illogic",13,86908925,99.89
"28150","illusionary",13,86908938,99.89
"28151","immanence",13,86908951,99.89
"28152","impaler",13,86908964,99.89
"28153","impinge",13,86908977,99.89
"28154","impoundment",13,86908990,99.89
"28155","inadvisable",13,86909003,99.89
"28156","incompetency",13,86909016,99.89
"28157","incompleteness",13,86909029,99.89
"28158","incorruptible",13,86909042,99.89
"28159","indecisiveness",13,86909055,99.89
"28160","indescribably",13,86909068,99.89
"28161","inducement",13,86909081,99.89
"28162","indulgently",13,86909094,99.89
"28163","inebriation",13,86909107,99.89
"28164","inescapably",13,86909120,99.89
"28165","inexcusably",13,86909133,99.89
"28166","infallibility",13,86909146,99.89
"28167","infirmity",13,86909159,99.89
"28168","ingratiating",13,86909172,99.89
"28169","ingress",13,86909185,99.89
"28170","inlay",13,86909198,99.89
"28171","inoculation",13,86909211,99.89
"28172","institutionalize",13,86909224,99.89
"28173","insularity",13,86909237,99.89
"28174","intensification",13,86909250,99.89
"28175","interpretative",13,86909263,99.89
"28176","interrogator",13,86909276,99.89
"28177","intersperse",13,86909289,99.89
"28178","interventional",13,86909302,99.89
"28179","izard",13,86909315,99.89
"28180","jawbreaker",13,86909328,99.89
"28181","jetsam",13,86909341,99.89
"28182","jobbing",13,86909354,99.89
"28183","junking",13,86909367,99.89
"28184","keach",13,86909380,99.89
"28185","kerchief",13,86909393,99.89
"28186","kindhearted",13,86909406,99.89
"28187","kingfish",13,86909419,99.89
"28188","kingmaker",13,86909432,99.89
"28189","kingship",13,86909445,99.89
"28190","kirn",13,86909458,99.89
"28191","kissable",13,86909471,99.89
"28192","knobbly",13,86909484,99.89
"28193","labral",13,86909497,99.89
"28194","lagniappe",13,86909510,99.89
"28195","lammy",13,86909523,99.89
"28196","languorous",13,86909536,99.89
"28197","lave",13,86909549,99.89
"28198","leaderless",13,86909562,99.89
"28199","lectionary",13,86909575,99.89
"28200","lingua",13,86909588,99.89
"28201","linseed",13,86909601,99.89
"28202","lippy",13,86909614,99.89
"28203","lockjaw",13,86909627,99.89
"28204","longboat",13,86909640,99.89
"28205","mackintosh",13,86909653,99.89
"28206","malcontent",13,86909666,99.89
"28207","malformation",13,86909679,99.89
"28208","mandrake",13,86909692,99.89
"28209","maneuverability",13,86909705,99.89
"28210","massager",13,86909718,99.89
"28211","matric",13,86909731,99.89
"28212","merryman",13,86909744,99.89
"28213","metalwork",13,86909757,99.89
"28214","metamorphose",13,86909770,99.89
"28215","minaret",13,86909783,99.89
"28216","minima",13,86909796,99.89
"28217","misanthropy",13,86909809,99.89
"28218","misleadingly",13,86909822,99.89
"28219","misstatement",13,86909835,99.89
"28220","mohel",13,86909848,99.89
"28221","moleskin",13,86909861,99.89
"28222","moralist",13,86909874,99.89
"28223","moreish",13,86909887,99.89
"28224","mortician",13,86909900,99.89
"28225","mystically",13,86909913,99.89
"28226","naturopathy",13,86909926,99.89
"28227","navigable",13,86909939,99.89
"28228","neuralgia",13,86909952,99.89
"28229","noisome",13,86909965,99.89
"28230","nonnative",13,86909978,99.89
"28231","nonsurgical",13,86909991,99.89
"28232","northerner",13,86910004,99.89
"28233","nostalgically",13,86910017,99.89
"28234","nutting",13,86910030,99.89
"28235","nymphomaniac",13,86910043,99.89
"28236","octet",13,86910056,99.89
"28237","operable",13,86910069,99.89
"28238","orientalist",13,86910082,99.89
"28239","orris",13,86910095,99.89
"28240","oscillation",13,86910108,99.89
"28241","ostentatiously",13,86910121,99.89
"28242","outspokenness",13,86910134,99.89
"28243","overemphasis",13,86910147,99.89
"28244","oversell",13,86910160,99.89
"28245","overweening",13,86910173,99.89
"28246","panelling",13,86910186,99.89
"28247","panhandler",13,86910199,99.89
"28248","panopticon",13,86910212,99.89
"28249","parquet",13,86910225,99.89
"28250","paster",13,86910238,99.89
"28251","patellar",13,86910251,99.89
"28252","pawnshop",13,86910264,99.89
"28253","pebbly",13,86910277,99.89
"28254","peculiarity",13,86910290,99.89
"28255","perplexity",13,86910303,99.89
"28256","pesa",13,86910316,99.89
"28257","peto",13,86910329,99.89
"28258","phraseology",13,86910342,99.89
"28259","physiologist",13,86910355,99.89
"28260","pickler",13,86910368,99.89
"28261","pinafore",13,86910381,99.89
"28262","pitiable",13,86910394,99.89
"28263","platformer",13,86910407,99.89
"28264","plebs",13,86910420,99.89
"28265","podiatry",13,86910433,99.89
"28266","poh",13,86910446,99.89
"28267","polyglot",13,86910459,99.89
"28268","pompadour",13,86910472,99.89
"28269","precession",13,86910485,99.89
"28270","predicative",13,86910498,99.89
"28271","prelate",13,86910511,99.89
"28272","probationer",13,86910524,99.89
"28273","profligacy",13,86910537,99.89
"28274","proletarian",13,86910550,99.89
"28275","protean",13,86910563,99.89
"28276","pshaw",13,86910576,99.89
"28277","psychoanalytic",13,86910589,99.89
"28278","purposeless",13,86910602,99.89
"28279","pushcart",13,86910615,99.89
"28280","pyr",13,86910628,99.89
"28281","quackery",13,86910641,99.89
"28282","quietude",13,86910654,99.89
"28283","rafter",13,86910667,99.89
"28284","ranty",13,86910680,99.89
"28285","rasping",13,86910693,99.89
"28286","rearrangement",13,86910706,99.89
"28287","rebus",13,86910719,99.89
"28288","recalculate",13,86910732,99.89
"28289","rededicate",13,86910745,99.89
"28290","refashion",13,86910758,99.89
"28291","referenda",13,86910771,99.89
"28292","reflectively",13,86910784,99.89
"28293","reforestation",13,86910797,99.89
"28294","refraction",13,86910810,99.89
"28295","relationally",13,86910823,99.89
"28296","relight",13,86910836,99.89
"28297","remittance",13,86910849,99.89
"28298","reorient",13,86910862,99.89
"28299","repetitively",13,86910875,99.89
"28300","repot",13,86910888,99.89
"28301","rheumatism",13,86910901,99.89
"28302","roky",13,86910914,99.89
"28303","roofless",13,86910927,99.89
"28304","ruffling",13,86910940,99.89
"28305","rumbly",13,86910953,99.89
"28306","sanitarium",13,86910966,99.89
"28307","satanist",13,86910979,99.89
"28308","sault",13,86910992,99.89
"28309","savarin",13,86911005,99.89
"28310","scanty",13,86911018,99.89
"28311","scree",13,86911031,99.89
"28312","seaworthy",13,86911044,99.89
"28313","secessionist",13,86911057,99.89
"28314","seel",13,86911070,99.89
"28315","selectivity",13,86911083,99.89
"28316","semaphore",13,86911096,99.89
"28317","semicircle",13,86911109,99.89
"28318","serf",13,86911122,99.89
"28319","servo",13,86911135,99.89
"28320","shackle",13,86911148,99.89
"28321","shanked",13,86911161,99.89
"28322","sharky",13,86911174,99.89
"28323","shearwater",13,86911187,99.89
"28324","showboating",13,86911200,99.89
"28325","shug",13,86911213,99.89
"28326","shuttlecock",13,86911226,99.89
"28327","sidhe",13,86911239,99.89
"28328","signet",13,86911252,99.89
"28329","silkwood",13,86911265,99.89
"28330","simp",13,86911278,99.89
"28331","skilling",13,86911291,99.89
"28332","skunky",13,86911304,99.89
"28333","slosh",13,86911317,99.89
"28334","smartness",13,86911330,99.89
"28335","snakehead",13,86911343,99.89
"28336","snoozer",13,86911356,99.89
"28337","snowplow",13,86911369,99.89
"28338","snowsuit",13,86911382,99.89
"28339","sobriquet",13,86911395,99.89
"28340","sockless",13,86911408,99.89
"28341","soldiering",13,86911421,99.89
"28342","spall",13,86911434,99.89
"28343","spectrometer",13,86911447,99.89
"28344","speculator",13,86911460,99.89
"28345","spex",13,86911473,99.89
"28346","spinnaker",13,86911486,99.89
"28347","splicing",13,86911499,99.89
"28348","spyglass",13,86911512,99.89
"28349","stang",13,86911525,99.89
"28350","stapling",13,86911538,99.89
"28351","starkness",13,86911551,99.89
"28352","stearic",13,86911564,99.89
"28353","stereoscopic",13,86911577,99.89
"28354","stolid",13,86911590,99.89
"28355","strawman",13,86911603,99.89
"28356","streetwise",13,86911616,99.89
"28357","strider",13,86911629,99.89
"28358","stupa",13,86911642,99.89
"28359","subcontracted",13,86911655,99.89
"28360","subdivide",13,86911668,99.89
"28361","subsidence",13,86911681,99.89
"28362","subsurface",13,86911694,99.89
"28363","suid",13,86911707,99.89
"28364","sulfuric",13,86911720,99.89
"28365","sultana",13,86911733,99.89
"28366","summerland",13,86911746,99.89
"28367","susi",13,86911759,99.89
"28368","suture",13,86911772,99.89
"28369","swiftness",13,86911785,99.89
"28370","swifty",13,86911798,99.89
"28371","swiveled",13,86911811,99.89
"28372","sycophantic",13,86911824,99.89
"28373","tactless",13,86911837,99.89
"28374","tanger",13,86911850,99.89
"28375","tantalum",13,86911863,99.89
"28376","tartlet",13,86911876,99.89
"28377","teet",13,86911889,99.89
"28378","teetotaler",13,86911902,99.89
"28379","tetralogy",13,86911915,99.89
"28380","thissen",13,86911928,99.89
"28381","tigress",13,86911941,99.89
"28382","timekeeper",13,86911954,99.89
"28383","tinkerer",13,86911967,99.89
"28384","titian",13,86911980,99.9
"28385","toa",13,86911993,99.9
"28386","toiletry",13,86912006,99.9
"28387","tonnage",13,86912019,99.9
"28388","triglyceride",13,86912032,99.9
"28389","trilateral",13,86912045,99.9
"28390","turnbuckle",13,86912058,99.9
"28391","turndown",13,86912071,99.9
"28392","turnup",13,86912084,99.9
"28393","twirly",13,86912097,99.9
"28394","ulu",13,86912110,99.9
"28395","unalterable",13,86912123,99.9
"28396","unasked",13,86912136,99.9
"28397","unaudited",13,86912149,99.9
"28398","unbaked",13,86912162,99.9
"28399","unbending",13,86912175,99.9
"28400","unbidden",13,86912188,99.9
"28401","unbowed",13,86912201,99.9
"28402","unbuilt",13,86912214,99.9
"28403","unburned",13,86912227,99.9
"28404","uncharitable",13,86912240,99.9
"28405","uncompromised",13,86912253,99.9
"28406","underfed",13,86912266,99.9
"28407","underhand",13,86912279,99.9
"28408","underling",13,86912292,99.9
"28409","undoubtably",13,86912305,99.9
"28410","unemotional",13,86912318,99.9
"28411","unfruitful",13,86912331,99.9
"28412","unkindness",13,86912344,99.9
"28413","unlovely",13,86912357,99.9
"28414","unloving",13,86912370,99.9
"28415","unmemorable",13,86912383,99.9
"28416","unmentionable",13,86912396,99.9
"28417","unpick",13,86912409,99.9
"28418","unreconstructed",13,86912422,99.9
"28419","unreliability",13,86912435,99.9
"28420","unrepresented",13,86912448,99.9
"28421","unseeded",13,86912461,99.9
"28422","unsubtle",13,86912474,99.9
"28423","untucked",13,86912487,99.9
"28424","urological",13,86912500,99.9
"28425","vacillate",13,86912513,99.9
"28426","valance",13,86912526,99.9
"28427","valence",13,86912539,99.9
"28428","vanishingly",13,86912552,99.9
"28429","victoriously",13,86912565,99.9
"28430","villainess",13,86912578,99.9
"28431","volleying",13,86912591,99.9
"28432","vortices",13,86912604,99.9
"28433","wailer",13,86912617,99.9
"28434","warf",13,86912630,99.9
"28435","weatherhead",13,86912643,99.9
"28436","weatherproof",13,86912656,99.9
"28437","weta",13,86912669,99.9
"28438","wherewith",13,86912682,99.9
"28439","whitener",13,86912695,99.9
"28440","wildebeest",13,86912708,99.9
"28441","windless",13,86912721,99.9
"28442","winkelman",13,86912734,99.9
"28443","wrathful",13,86912747,99.9
"28444","yad",13,86912760,99.9
"28445","zira",13,86912773,99.9
"28446","abele",12,86912785,99.9
"28447","abet",12,86912797,99.9
"28448","absolutism",12,86912809,99.9
"28449","acclimation",12,86912821,99.9
"28450","affirmatively",12,86912833,99.9
"28451","agger",12,86912845,99.9
"28452","ahimsa",12,86912857,99.9
"28453","ail",12,86912869,99.9
"28454","allele",12,86912881,99.9
"28455","alleviation",12,86912893,99.9
"28456","ambo",12,86912905,99.9
"28457","anally",12,86912917,99.9
"28458","angelico",12,86912929,99.9
"28459","anorak",12,86912941,99.9
"28460","anticlimax",12,86912953,99.9
"28461","antipodes",12,86912965,99.9
"28462","apiary",12,86912977,99.9
"28463","apportion",12,86912989,99.9
"28464","archdeacon",12,86913001,99.9
"28465","archetypical",12,86913013,99.9
"28466","arend",12,86913025,99.9
"28467","arles",12,86913037,99.9
"28468","armature",12,86913049,99.9
"28469","arpeggio",12,86913061,99.9
"28470","arriba",12,86913073,99.9
"28471","ascendance",12,86913085,99.9
"28472","autonomously",12,86913097,99.9
"28473","avo",12,86913109,99.9
"28474","backache",12,86913121,99.9
"28475","bafaro",12,86913133,99.9
"28476","baiter",12,86913145,99.9
"28477","bajan",12,86913157,99.9
"28478","bannock",12,86913169,99.9
"28479","baobab",12,86913181,99.9
"28480","barile",12,86913193,99.9
"28481","barmy",12,86913205,99.9
"28482","barometric",12,86913217,99.9
"28483","barramundi",12,86913229,99.9
"28484","bassoonist",12,86913241,99.9
"28485","beachcomber",12,86913253,99.9
"28486","beachhead",12,86913265,99.9
"28487","beauteous",12,86913277,99.9
"28488","begone",12,86913289,99.9
"28489","berri",12,86913301,99.9
"28490","berserker",12,86913313,99.9
"28491","besmirch",12,86913325,99.9
"28492","bessemer",12,86913337,99.9
"28493","bhang",12,86913349,99.9
"28494","bink",12,86913361,99.9
"28495","biotics",12,86913373,99.9
"28496","biplane",12,86913385,99.9
"28497","birchwood",12,86913397,99.9
"28498","bluestocking",12,86913409,99.9
"28499","bluestone",12,86913421,99.9
"28500","bonefish",12,86913433,99.9
"28501","boor",12,86913445,99.9
"28502","boxty",12,86913457,99.9
"28503","brabant",12,86913469,99.9
"28504","brachial",12,86913481,99.9
"28505","brushwork",12,86913493,99.9
"28506","brushy",12,86913505,99.9
"28507","brusquely",12,86913517,99.9
"28508","buckler",12,86913529,99.9
"28509","bullfighting",12,86913541,99.9
"28510","bund",12,86913553,99.9
"28511","butty",12,86913565,99.9
"28512","cachexia",12,86913577,99.9
"28513","caduceus",12,86913589,99.9
"28514","campanile",12,86913601,99.9
"28515","cancelation",12,86913613,99.9
"28516","cand",12,86913625,99.9
"28517","candela",12,86913637,99.9
"28518","canticle",12,86913649,99.9
"28519","capel",12,86913661,99.9
"28520","carbonic",12,86913673,99.9
"28521","carding",12,86913685,99.9
"28522","careen",12,86913697,99.9
"28523","carillon",12,86913709,99.9
"28524","carpel",12,86913721,99.9
"28525","carrow",12,86913733,99.9
"28526","castigate",12,86913745,99.9
"28527","catacomb",12,86913757,99.9
"28528","catoctin",12,86913769,99.9
"28529","cattail",12,86913781,99.9
"28530","celt",12,86913793,99.9
"28531","chambered",12,86913805,99.9
"28532","chanticleer",12,86913817,99.9
"28533","churchman",12,86913829,99.9
"28534","claro",12,86913841,99.9
"28535","cleavers",12,86913853,99.9
"28536","clerkship",12,86913865,99.9
"28537","cohere",12,86913877,99.9
"28538","cohosh",12,86913889,99.9
"28539","congee",12,86913901,99.9
"28540","congeniality",12,86913913,99.9
"28541","congenitally",12,86913925,99.9
"28542","congressionally",12,86913937,99.9
"28543","constitutive",12,86913949,99.9
"28544","convalescence",12,86913961,99.9
"28545","convulse",12,86913973,99.9
"28546","copse",12,86913985,99.9
"28547","copter",12,86913997,99.9
"28548","corruptible",12,86914009,99.9
"28549","courtier",12,86914021,99.9
"28550","crassness",12,86914033,99.9
"28551","credenza",12,86914045,99.9
"28552","cresting",12,86914057,99.9
"28553","cretaceous",12,86914069,99.9
"28554","crouton",12,86914081,99.9
"28555","croy",12,86914093,99.9
"28556","crustless",12,86914105,99.9
"28557","cryogenic",12,86914117,99.9
"28558","cuke",12,86914129,99.9
"28559","cultivar",12,86914141,99.9
"28560","dangler",12,86914153,99.9
"28561","daric",12,86914165,99.9
"28562","daringly",12,86914177,99.9
"28563","dauber",12,86914189,99.9
"28564","daydreamer",12,86914201,99.9
"28565","dazzlingly",12,86914213,99.9
"28566","decimation",12,86914225,99.9
"28567","deerwood",12,86914237,99.9
"28568","dehumanize",12,86914249,99.9
"28569","delectably",12,86914261,99.9
"28570","delectation",12,86914273,99.9
"28571","demoralize",12,86914285,99.9
"28572","dermis",12,86914297,99.9
"28573","destress",12,86914309,99.9
"28574","deva",12,86914321,99.9
"28575","deviously",12,86914333,99.9
"28576","dewdrop",12,86914345,99.9
"28577","diminution",12,86914357,99.9
"28578","dinero",12,86914369,99.9
"28579","dismember",12,86914381,99.9
"28580","dispositive",12,86914393,99.9
"28581","distractedly",12,86914405,99.9
"28582","doctrinaire",12,86914417,99.9
"28583","doorframe",12,86914429,99.9
"28584","droplet",12,86914441,99.9
"28585","duma",12,86914453,99.9
"28586","dysphoria",12,86914465,99.9
"28587","ebullience",12,86914477,99.9
"28588","eclair",12,86914489,99.9
"28589","edema",12,86914501,99.9
"28590","edify",12,86914513,99.9
"28591","editorially",12,86914525,99.9
"28592","eft",12,86914537,99.9
"28593","egghead",12,86914549,99.9
"28594","egoism",12,86914561,99.9
"28595","emirate",12,86914573,99.9
"28596","emitter",12,86914585,99.9
"28597","employability",12,86914597,99.9
"28598","encase",12,86914609,99.9
"28599","enfold",12,86914621,99.9
"28600","entrench",12,86914633,99.9
"28601","entwine",12,86914645,99.9
"28602","enunciate",12,86914657,99.9
"28603","ephedrine",12,86914669,99.9
"28604","equivocal",12,86914681,99.9
"28605","estadio",12,86914693,99.9
"28606","estoppel",12,86914705,99.9
"28607","ethyl",12,86914717,99.9
"28608","euphemistic",12,86914729,99.9
"28609","eventide",12,86914741,99.9
"28610","exoskeleton",12,86914753,99.9
"28611","expansionism",12,86914765,99.9
"28612","explication",12,86914777,99.9
"28613","expositional",12,86914789,99.9
"28614","expressionistic",12,86914801,99.9
"28615","extrapolation",12,86914813,99.9
"28616","facetiously",12,86914825,99.9
"28617","falutin",12,86914837,99.9
"28618","fantasist",12,86914849,99.9
"28619","fastener",12,86914861,99.9
"28620","floppers",12,86914873,99.9
"28621","footstep",12,86914885,99.9
"28622","forefather",12,86914897,99.9
"28623","freewheel",12,86914909,99.9
"28624","frizzle",12,86914921,99.9
"28625","fulsome",12,86914933,99.9
"28626","functionary",12,86914945,99.9
"28627","fungicide",12,86914957,99.9
"28628","funnyman",12,86914969,99.9
"28629","furred",12,86914981,99.9
"28630","gallantry",12,86914993,99.9
"28631","gamy",12,86915005,99.9
"28632","garrulous",12,86915017,99.9
"28633","gayatri",12,86915029,99.9
"28634","genderless",12,86915041,99.9
"28635","giblet",12,86915053,99.9
"28636","giblets",12,86915065,99.9
"28637","gid",12,86915077,99.9
"28638","gild",12,86915089,99.9
"28639","glazier",12,86915101,99.9
"28640","glockenspiel",12,86915113,99.9
"28641","gnash",12,86915125,99.9
"28642","goel",12,86915137,99.9
"28643","greenroom",12,86915149,99.9
"28644","guesting",12,86915161,99.9
"28645","gutty",12,86915173,99.9
"28646","gyle",12,86915185,99.9
"28647","haltingly",12,86915197,99.9
"28648","handspring",12,86915209,99.9
"28649","hankie",12,86915221,99.9
"28650","hardheaded",12,86915233,99.9
"28651","harmer",12,86915245,99.9
"28652","hathi",12,86915257,99.9
"28653","haugh",12,86915269,99.9
"28654","healthiness",12,86915281,99.9
"28655","hearer",12,86915293,99.9
"28656","heavies",12,86915305,99.9
"28657","hellcat",12,86915317,99.9
"28658","hematologist",12,86915329,99.9
"28659","heredity",12,86915341,99.9
"28660","hillock",12,86915353,99.9
"28661","hokum",12,86915365,99.9
"28662","holl",12,86915377,99.9
"28663","hooliganism",12,86915389,99.9
"28664","hoppity",12,86915401,99.9
"28665","horseless",12,86915413,99.9
"28666","hotelier",12,86915425,99.9
"28667","housecoat",12,86915437,99.9
"28668","hypochlorite",12,86915449,99.9
"28669","hypocritically",12,86915461,99.9
"28670","impugn",12,86915473,99.9
"28671","inapplicable",12,86915485,99.9
"28672","inappropriateness",12,86915497,99.9
"28673","incubate",12,86915509,99.9
"28674","inculcate",12,86915521,99.9
"28675","indubitably",12,86915533,99.9
"28676","industrially",12,86915545,99.9
"28677","inelegant",12,86915557,99.9
"28678","infuriatingly",12,86915569,99.9
"28679","ingle",12,86915581,99.9
"28680","inimical",12,86915593,99.9
"28681","innocuously",12,86915605,99.9
"28682","insomuch",12,86915617,99.9
"28683","integrator",12,86915629,99.9
"28684","interjection",12,86915641,99.9
"28685","intermountain",12,86915653,99.9
"28686","internationalization",12,86915665,99.9
"28687","interreligious",12,86915677,99.9
"28688","interrogatory",12,86915689,99.9
"28689","intersession",12,86915701,99.9
"28690","intersex",12,86915713,99.9
"28691","interweave",12,86915725,99.9
"28692","iterative",12,86915737,99.9
"28693","jamb",12,86915749,99.9
"28694","jarringly",12,86915761,99.9
"28695","jingoism",12,86915773,99.9
"28696","jocular",12,86915785,99.9
"28697","juniata",12,86915797,99.9
"28698","kail",12,86915809,99.9
"28699","khatri",12,86915821,99.9
"28700","knowable",12,86915833,99.9
"28701","knowledgeably",12,86915845,99.9
"28702","knut",12,86915857,99.9
"28703","kokoon",12,86915869,99.9
"28704","koller",12,86915881,99.9
"28705","kore",12,86915893,99.9
"28706","kori",12,86915905,99.9
"28707","koto",12,86915917,99.9
"28708","laddie",12,86915929,99.9
"28709","lamination",12,86915941,99.9
"28710","landless",12,86915953,99.9
"28711","languidly",12,86915965,99.9
"28712","latterly",12,86915977,99.9
"28713","legato",12,86915989,99.9
"28714","legibility",12,86916001,99.9
"28715","lexical",12,86916013,99.9
"28716","limpet",12,86916025,99.9
"28717","literalist",12,86916037,99.9
"28718","litho",12,86916049,99.9
"28719","livre",12,86916061,99.9
"28720","logarithmic",12,86916073,99.9
"28721","logbook",12,86916085,99.9
"28722","longue",12,86916097,99.9
"28723","losel",12,86916109,99.9
"28724","loup",12,86916121,99.9
"28725","luckie",12,86916133,99.9
"28726","luxuriate",12,86916145,99.9
"28727","magister",12,86916157,99.9
"28728","magnetically",12,86916169,99.9
"28729","mammon",12,86916181,99.9
"28730","manas",12,86916193,99.9
"28731","mandragora",12,86916205,99.9
"28732","marly",12,86916217,99.9
"28733","marshland",12,86916229,99.9
"28734","mastic",12,86916241,99.9
"28735","matalan",12,86916253,99.9
"28736","megaton",12,86916265,99.9
"28737","mesmerize",12,86916277,99.9
"28738","millinery",12,86916289,99.9
"28739","minette",12,86916301,99.9
"28740","mistral",12,86916313,99.9
"28741","monarchist",12,86916325,99.9
"28742","mown",12,86916337,99.9
"28743","muddler",12,86916349,99.9
"28744","multicolor",12,86916361,99.9
"28745","musicologist",12,86916373,99.9
"28746","mustafina",12,86916385,99.9
"28747","mutch",12,86916397,99.9
"28748","mycelium",12,86916409,99.9
"28749","nakedly",12,86916421,99.9
"28750","nativist",12,86916433,99.9
"28751","naysayer",12,86916445,99.9
"28752","necrosis",12,86916457,99.9
"28753","needling",12,86916469,99.9
"28754","nemeses",12,86916481,99.9
"28755","nincompoop",12,86916493,99.9
"28756","nippers",12,86916505,99.9
"28757","nizam",12,86916517,99.9
"28758","noisette",12,86916529,99.9
"28759","nonbeliever",12,86916541,99.9
"28760","nonconformity",12,86916553,99.9
"28761","nonperforming",12,86916565,99.9
"28762","nonwhite",12,86916577,99.9
"28763","noy",12,86916589,99.9
"28764","obtrusive",12,86916601,99.9
"28765","ocelot",12,86916613,99.9
"28766","oilcloth",12,86916625,99.9
"28767","oligarchic",12,86916637,99.9
"28768","omicron",12,86916649,99.9
"28769","orgeat",12,86916661,99.9
"28770","overanalyze",12,86916673,99.9
"28771","overeager",12,86916685,99.9
"28772","oxidant",12,86916697,99.9
"28773","oxygenation",12,86916709,99.9
"28774","palladia",12,86916721,99.9
"28775","palmed",12,86916733,99.9
"28776","parabolic",12,86916745,99.9
"28777","paulin",12,86916757,99.9
"28778","paunch",12,86916769,99.9
"28779","paunchy",12,86916781,99.9
"28780","peen",12,86916793,99.9
"28781","pega",12,86916805,99.9
"28782","percolator",12,86916817,99.9
"28783","perforce",12,86916829,99.9
"28784","peridot",12,86916841,99.9
"28785","periodicity",12,86916853,99.9
"28786","peripherally",12,86916865,99.9
"28787","permafrost",12,86916877,99.9
"28788","permutation",12,86916889,99.9
"28789","perryman",12,86916901,99.9
"28790","perse",12,86916913,99.9
"28791","pfund",12,86916925,99.9
"28792","phlebotomist",12,86916937,99.9
"28793","pierrot",12,86916949,99.9
"28794","placemaking",12,86916961,99.9
"28795","plagiarize",12,86916973,99.9
"28796","plainer",12,86916985,99.9
"28797","plinth",12,86916997,99.9
"28798","plutocrat",12,86917009,99.9
"28799","pneumococcal",12,86917021,99.9
"28800","poppet",12,86917033,99.9
"28801","pornographer",12,86917045,99.9
"28802","porpoise",12,86917057,99.9
"28803","positivism",12,86917069,99.9
"28804","postmark",12,86917081,99.9
"28805","poultice",12,86917093,99.9
"28806","poundage",12,86917105,99.9
"28807","pratfall",12,86917117,99.9
"28808","preliminarily",12,86917129,99.9
"28809","privateer",12,86917141,99.9
"28810","profiteer",12,86917153,99.9
"28811","progenitor",12,86917165,99.9
"28812","promisingly",12,86917177,99.9
"28813","promptness",12,86917189,99.9
"28814","psalter",12,86917201,99.9
"28815","puritanism",12,86917213,99.9
"28816","pyrotechnic",12,86917225,99.9
"28817","quahog",12,86917237,99.9
"28818","quatre",12,86917249,99.9
"28819","quenelle",12,86917261,99.9
"28820","quieten",12,86917273,99.9
"28821","radiotherapy",12,86917285,99.9
"28822","rakish",12,86917297,99.9
"28823","raver",12,86917309,99.9
"28824","ravish",12,86917321,99.9
"28825","reactivity",12,86917333,99.9
"28826","reapplication",12,86917345,99.9
"28827","rebuff",12,86917357,99.9
"28828","recapitalize",12,86917369,99.9
"28829","recordable",12,86917381,99.9
"28830","reddening",12,86917393,99.9
"28831","redistributive",12,86917405,99.9
"28832","relaxant",12,86917417,99.9
"28833","resettle",12,86917429,99.9
"28834","resupply",12,86917441,99.9
"28835","rewarm",12,86917453,99.9
"28836","ringle",12,86917465,99.9
"28837","risible",12,86917477,99.9
"28838","rocketry",12,86917489,99.9
"28839","roguish",12,86917501,99.9
"28840","rollerskating",12,86917513,99.9
"28841","rosebush",12,86917525,99.9
"28842","roulade",12,86917537,99.9
"28843","sabbat",12,86917549,99.9
"28844","sabbatic",12,86917561,99.9
"28845","saccharin",12,86917573,99.9
"28846","salable",12,86917585,99.9
"28847","scabby",12,86917597,99.9
"28848","scatological",12,86917609,99.9
"28849","scatterbrained",12,86917621,99.9
"28850","sciatic",12,86917633,99.9
"28851","scribbler",12,86917645,99.9
"28852","sedum",12,86917657,99.9
"28853","seemly",12,86917669,99.9
"28854","sensually",12,86917681,99.9
"28855","serialization",12,86917693,99.9
"28856","sharecropper",12,86917705,99.9
"28857","shearling",12,86917717,99.9
"28858","shinbone",12,86917729,99.9
"28859","sib",12,86917741,99.9
"28860","silvered",12,86917753,99.9
"28861","sisal",12,86917765,99.9
"28862","sisel",12,86917777,99.9
"28863","skelly",12,86917789,99.9
"28864","slighty",12,86917801,99.9
"28865","slothful",12,86917813,99.9
"28866","smarten",12,86917825,99.9
"28867","smolder",12,86917837,99.9
"28868","sniffly",12,86917849,99.9
"28869","snowbound",12,86917861,99.9
"28870","soh",12,86917873,99.9
"28871","solarium",12,86917885,99.9
"28872","soothsayer",12,86917897,99.9
"28873","sory",12,86917909,99.9
"28874","soulfully",12,86917921,99.9
"28875","spanner",12,86917933,99.9
"28876","spiffed",12,86917945,99.9
"28877","spline",12,86917957,99.9
"28878","stabile",12,86917969,99.9
"28879","stam",12,86917981,99.9
"28880","stelling",12,86917993,99.9
"28881","stillbirth",12,86918005,99.9
"28882","stogie",12,86918017,99.9
"28883","suboptimal",12,86918029,99.9
"28884","substantively",12,86918041,99.9
"28885","sucre",12,86918053,99.9
"28886","summative",12,86918065,99.9
"28887","summoner",12,86918077,99.9
"28888","sundries",12,86918089,99.9
"28889","sunfish",12,86918101,99.9
"28890","swashbuckler",12,86918113,99.9
"28891","synchro",12,86918125,99.9
"28892","syndic",12,86918137,99.9
"28893","tactician",12,86918149,99.9
"28894","taiga",12,86918161,99.9
"28895","tapeworm",12,86918173,99.9
"28896","tapir",12,86918185,99.9
"28897","tassie",12,86918197,99.9
"28898","taxonomic",12,86918209,99.9
"28899","teaspoonful",12,86918221,99.9
"28900","technocrat",12,86918233,99.9
"28901","technocratic",12,86918245,99.9
"28902","tectonics",12,86918257,99.9
"28903","tejon",12,86918269,99.9
"28904","telemetry",12,86918281,99.9
"28905","telescopic",12,86918293,99.9
"28906","teng",12,86918305,99.9
"28907","tez",12,86918317,99.9
"28908","thinkable",12,86918329,99.9
"28909","tightwad",12,86918341,99.9
"28910","timbo",12,86918353,99.9
"28911","toco",12,86918365,99.9
"28912","toru",12,86918377,99.9
"28913","totemic",12,86918389,99.9
"28914","trachea",12,86918401,99.9
"28915","trainable",12,86918413,99.9
"28916","transmutation",12,86918425,99.9
"28917","treeless",12,86918437,99.9
"28918","tripartite",12,86918449,99.9
"28919","trivialize",12,86918461,99.9
"28920","trundling",12,86918473,99.9
"28921","trussed",12,86918485,99.9
"28922","tuts",12,86918497,99.9
"28923","typescript",12,86918509,99.9
"28924","unaccountably",12,86918521,99.9
"28925","uncleanness",12,86918533,99.9
"28926","unclothed",12,86918545,99.9
"28927","uncompromisingly",12,86918557,99.9
"28928","uncontained",12,86918569,99.9
"28929","uncreated",12,86918581,99.9
"28930","uncultured",12,86918593,99.9
"28931","undefinable",12,86918605,99.9
"28932","underbody",12,86918617,99.9
"28933","underestimation",12,86918629,99.9
"28934","unethically",12,86918641,99.9
"28935","unevenness",12,86918653,99.9
"28936","unformed",12,86918665,99.9
"28937","unhealthful",12,86918677,99.9
"28938","unheeded",12,86918689,99.9
"28939","unlevel",12,86918701,99.9
"28940","unmovable",12,86918713,99.9
"28941","unreformed",12,86918725,99.9
"28942","unshaken",12,86918737,99.9
"28943","unsupportable",12,86918749,99.9
"28944","unsuspected",12,86918761,99.9
"28945","untalented",12,86918773,99.9
"28946","upwind",12,86918785,99.9
"28947","ural",12,86918797,99.9
"28948","uselessness",12,86918809,99.9
"28949","vainglorious",12,86918821,99.9
"28950","valerian",12,86918833,99.9
"28951","vaporizer",12,86918845,99.9
"28952","ventricle",12,86918857,99.9
"28953","vertex",12,86918869,99.9
"28954","vestibular",12,86918881,99.9
"28955","vestigial",12,86918893,99.9
"28956","vinous",12,86918905,99.9
"28957","virology",12,86918917,99.9
"28958","viticultural",12,86918929,99.9
"28959","vog",12,86918941,99.9
"28960","walkover",12,86918953,99.9
"28961","warmongering",12,86918965,99.9
"28962","wasel",12,86918977,99.9
"28963","wearied",12,86918989,99.9
"28964","wetted",12,86919001,99.9
"28965","wey",12,86919013,99.9
"28966","whata",12,86919025,99.9
"28967","whiles",12,86919037,99.9
"28968","whippersnapper",12,86919049,99.9
"28969","whist",12,86919061,99.9
"28970","wholesomeness",12,86919073,99.9
"28971","windbag",12,86919085,99.9
"28972","windle",12,86919097,99.9
"28973","winglet",12,86919109,99.9
"28974","withal",12,86919121,99.9
"28975","wobbler",12,86919133,99.9
"28976","wolfhound",12,86919145,99.9
"28977","womenfolk",12,86919157,99.9
"28978","woodcut",12,86919169,99.9
"28979","worser",12,86919181,99.9
"28980","zealotry",12,86919193,99.9
"28981","zowie",12,86919205,99.9
"28982","abb",11,86919216,99.9
"28983","abbasi",11,86919227,99.9
"28984","abbess",11,86919238,99.9
"28985","abeyance",11,86919249,99.9
"28986","ablation",11,86919260,99.9
"28987","aboveground",11,86919271,99.9
"28988","ackman",11,86919282,99.9
"28989","ahsan",11,86919293,99.9
"28990","akimbo",11,86919304,99.9
"28991","alewife",11,86919315,99.9
"28992","allusive",11,86919326,99.9
"28993","aloma",11,86919337,99.9
"28994","ambitiously",11,86919348,99.9
"28995","amuck",11,86919359,99.9
"28996","amylase",11,86919370,99.9
"28997","andante",11,86919381,99.9
"28998","animist",11,86919392,99.9
"28999","antacid",11,86919403,99.9
"29000","antiphon",11,86919414,99.9
"29001","arachnid",11,86919425,99.9
"29002","arrowroot",11,86919436,99.9
"29003","ashame",11,86919447,99.9
"29004","assiduous",11,86919458,99.9
"29005","assistantship",11,86919469,99.9
"29006","astigmatism",11,86919480,99.9
"29007","asymptomatic",11,86919491,99.9
"29008","audiologist",11,86919502,99.9
"29009","aum",11,86919513,99.9
"29010","aureus",11,86919524,99.9
"29011","autodidact",11,86919535,99.9
"29012","avast",11,86919546,99.9
"29013","baar",11,86919557,99.9
"29014","babyhood",11,86919568,99.9
"29015","backgammon",11,86919579,99.9
"29016","backspin",11,86919590,99.9
"29017","bakeshop",11,86919601,99.9
"29018","baler",11,86919612,99.9
"29019","balladry",11,86919623,99.9
"29020","balsa",11,86919634,99.9
"29021","barbwire",11,86919645,99.9
"29022","beaked",11,86919656,99.9
"29023","beanery",11,86919667,99.9
"29024","belabor",11,86919678,99.9
"29025","beni",11,86919689,99.9
"29026","betrothal",11,86919700,99.9
"29027","bifurcated",11,86919711,99.9
"29028","bilingualism",11,86919722,99.9
"29029","bilk",11,86919733,99.9
"29030","biotic",11,86919744,99.9
"29031","blackening",11,86919755,99.9
"29032","bloodstained",11,86919766,99.9
"29033","bogue",11,86919777,99.9
"29034","bolter",11,86919788,99.9
"29035","boondock",11,86919799,99.9
"29036","bootlegging",11,86919810,99.9
"29037","boozed",11,86919821,99.9
"29038","boron",11,86919832,99.9
"29039","bracketing",11,86919843,99.9
"29040","brackish",11,86919854,99.9
"29041","brandied",11,86919865,99.9
"29042","brashness",11,86919876,99.9
"29043","brassiere",11,86919887,99.9
"29044","breadmaker",11,86919898,99.9
"29045","bromine",11,86919909,99.9
"29046","bronchiectasis",11,86919920,99.9
"29047","bubbler",11,86919931,99.9
"29048","buildable",11,86919942,99.9
"29049","bulleted",11,86919953,99.9
"29050","bunce",11,86919964,99.9
"29051","bunter",11,86919975,99.9
"29052","burnishing",11,86919986,99.9
"29053","bushwhacking",11,86919997,99.9
"29054","cabochon",11,86920008,99.9
"29055","cabriolet",11,86920019,99.9
"29056","cakebread",11,86920030,99.9
"29057","calamine",11,86920041,99.9
"29058","caliper",11,86920052,99.9
"29059","calligrapher",11,86920063,99.9
"29060","calve",11,86920074,99.9
"29061","camomile",11,86920085,99.9
"29062","caplin",11,86920096,99.9
"29063","carbide",11,86920107,99.9
"29064","careerist",11,86920118,99.9
"29065","carom",11,86920129,99.9
"29066","carvel",11,86920140,99.9
"29067","cascabel",11,86920151,99.9
"29068","catatonia",11,86920162,99.9
"29069","catsup",11,86920173,99.9
"29070","celebrator",11,86920184,99.9
"29071","celesta",11,86920195,99.9
"29072","censorious",11,86920206,99.9
"29073","chamois",11,86920217,99.9
"29074","chanson",11,86920228,99.9
"29075","chay",11,86920239,99.9
"29076","chayote",11,86920250,99.9
"29077","cherryblossom",11,86920261,99.9
"29078","cheval",11,86920272,99.9
"29079","chiffonade",11,86920283,99.9
"29080","chil",11,86920294,99.9
"29081","childishly",11,86920305,99.9
"29082","childishness",11,86920316,99.9
"29083","chinks",11,86920327,99.9
"29084","churchgoer",11,86920338,99.9
"29085","circumnavigate",11,86920349,99.9
"29086","clairvoyance",11,86920360,99.9
"29087","clandestinely",11,86920371,99.9
"29088","coastside",11,86920382,99.9
"29089","cockerel",11,86920393,99.9
"29090","collegiately",11,86920404,99.9
"29091","colley",11,86920415,99.9
"29092","colliery",11,86920426,99.9
"29093","colonnade",11,86920437,99.9
"29094","colossi",11,86920448,99.9
"29095","comedown",11,86920459,99.9
"29096","commentate",11,86920470,99.9
"29097","communally",11,86920481,99.9
"29098","concussive",11,86920492,99.9
"29099","conduction",11,86920503,99.9
"29100","coned",11,86920514,99.9
"29101","connex",11,86920525,99.9
"29102","consonance",11,86920536,99.9
"29103","constitutionalist",11,86920547,99.9
"29104","constriction",11,86920558,99.9
"29105","constructor",11,86920569,99.9
"29106","contrapuntal",11,86920580,99.9
"29107","copyrightable",11,86920591,99.9
"29108","corded",11,86920602,99.9
"29109","corroboration",11,86920613,99.9
"29110","counterargument",11,86920624,99.9
"29111","counterproposal",11,86920635,99.9
"29112","cowling",11,86920646,99.9
"29113","creel",11,86920657,99.9
"29114","crestline",11,86920668,99.9
"29115","croquette",11,86920679,99.91
"29116","crudeness",11,86920690,99.91
"29117","cudgel",11,86920701,99.91
"29118","curlicue",11,86920712,99.91
"29119","dazzler",11,86920723,99.91
"29120","deadhead",11,86920734,99.91
"29121","deciliter",11,86920745,99.91
"29122","decompressing",11,86920756,99.91
"29123","deface",11,86920767,99.91
"29124","deflationary",11,86920778,99.91
"29125","deformation",11,86920789,99.91
"29126","dehumidifier",11,86920800,99.91
"29127","deification",11,86920811,99.91
"29128","democratize",11,86920822,99.91
"29129","detractor",11,86920833,99.91
"29130","diarist",11,86920844,99.91
"29131","dimensionally",11,86920855,99.91
"29132","dinette",11,86920866,99.91
"29133","directorship",11,86920877,99.91
"29134","disabuse",11,86920888,99.91
"29135","disapprovingly",11,86920899,99.91
"29136","disfavor",11,86920910,99.91
"29137","dismally",11,86920921,99.91
"29138","disquieted",11,86920932,99.91
"29139","distaff",11,86920943,99.91
"29140","distressingly",11,86920954,99.91
"29141","dockyard",11,86920965,99.91
"29142","doff",11,86920976,99.91
"29143","dogmatics",11,86920987,99.91
"29144","dogtooth",11,86920998,99.91
"29145","doke",11,86921009,99.91
"29146","domine",11,86921020,99.91
"29147","downline",11,86921031,99.91
"29148","downwardly",11,86921042,99.91
"29149","drafter",11,86921053,99.91
"29150","drainpipe",11,86921064,99.91
"29151","draughts",11,86921075,99.91
"29152","dreariness",11,86921086,99.91
"29153","dressmaking",11,86921097,99.91
"29154","duces",11,86921108,99.91
"29155","dudgeon",11,86921119,99.91
"29156","dulcimer",11,86921130,99.91
"29157","earphone",11,86921141,99.91
"29158","eclampsia",11,86921152,99.91
"29159","ecru",11,86921163,99.91
"29160","edgewise",11,86921174,99.91
"29161","egoistic",11,86921185,99.91
"29162","egomaniacal",11,86921196,99.91
"29163","elastin",11,86921207,99.91
"29164","electorally",11,86921218,99.91
"29165","electromagnetism",11,86921229,99.91
"29166","emotionalism",11,86921240,99.91
"29167","emotionality",11,86921251,99.91
"29168","enjoin",11,86921262,99.91
"29169","enrol",11,86921273,99.91
"29170","ensnare",11,86921284,99.91
"29171","entangle",11,86921295,99.91
"29172","entranceway",11,86921306,99.91
"29173","epistemic",11,86921317,99.91
"29174","epistolary",11,86921328,99.91
"29175","epochal",11,86921339,99.91
"29176","equivocation",11,86921350,99.91
"29177","erasable",11,86921361,99.91
"29178","erogenous",11,86921372,99.91
"29179","evangelization",11,86921383,99.91
"29180","evenhanded",11,86921394,99.91
"29181","evisceration",11,86921405,99.91
"29182","exactitude",11,86921416,99.91
"29183","exigent",11,86921427,99.91
"29184","externals",11,86921438,99.91
"29185","fager",11,86921449,99.91
"29186","fairing",11,86921460,99.91
"29187","ferme",11,86921471,99.91
"29188","findable",11,86921482,99.91
"29189","fip",11,86921493,99.91
"29190","fitty",11,86921504,99.91
"29191","flamboyantly",11,86921515,99.91
"29192","fledge",11,86921526,99.91
"29193","floozy",11,86921537,99.91
"29194","flophouse",11,86921548,99.91
"29195","floreal",11,86921559,99.91
"29196","fluffiness",11,86921570,99.91
"29197","fluoridation",11,86921581,99.91
"29198","flyaway",11,86921592,99.91
"29199","flypaper",11,86921603,99.91
"29200","fohat",11,86921614,99.91
"29201","fondu",11,86921625,99.91
"29202","footings",11,86921636,99.91
"29203","forecastle",11,86921647,99.91
"29204","foretaste",11,86921658,99.91
"29205","foretell",11,86921669,99.91
"29206","fortescue",11,86921680,99.91
"29207","foxhole",11,86921691,99.91
"29208","fraid",11,86921702,99.91
"29209","frayn",11,86921713,99.91
"29210","freestone",11,86921724,99.91
"29211","frenetically",11,86921735,99.91
"29212","frit",11,86921746,99.91
"29213","frivolously",11,86921757,99.91
"29214","frontotemporal",11,86921768,99.91
"29215","frowny",11,86921779,99.91
"29216","fud",11,86921790,99.91
"29217","funerary",11,86921801,99.91
"29218","funereal",11,86921812,99.91
"29219","gardened",11,86921823,99.91
"29220","garishly",11,86921834,99.91
"29221","gaskin",11,86921845,99.91
"29222","genera",11,86921856,99.91
"29223","generale",11,86921867,99.91
"29224","gentlemens",11,86921878,99.91
"29225","genuineness",11,86921889,99.91
"29226","geocentric",11,86921900,99.91
"29227","gestural",11,86921911,99.91
"29228","ginning",11,86921922,99.91
"29229","glamorize",11,86921933,99.91
"29230","glop",11,86921944,99.91
"29231","gobo",11,86921955,99.91
"29232","goring",11,86921966,99.91
"29233","gradation",11,86921977,99.91
"29234","graffito",11,86921988,99.91
"29235","grimness",11,86921999,99.91
"29236","gyrate",11,86922010,99.91
"29237","gyre",11,86922021,99.91
"29238","hadden",11,86922032,99.91
"29239","handshaking",11,86922043,99.91
"29240","headstand",11,86922054,99.91
"29241","heddle",11,86922065,99.91
"29242","hellion",11,86922076,99.91
"29243","hematite",11,86922087,99.91
"29244","heterogeneity",11,86922098,99.91
"29245","hidebound",11,86922109,99.91
"29246","hilariousness",11,86922120,99.91
"29247","hitcher",11,86922131,99.91
"29248","hiver",11,86922142,99.91
"29249","hogmanay",11,86922153,99.91
"29250","housebreaking",11,86922164,99.91
"29251","hoven",11,86922175,99.91
"29252","humanitarianism",11,86922186,99.91
"29253","humerus",11,86922197,99.91
"29254","huse",11,86922208,99.91
"29255","hyaluronic",11,86922219,99.91
"29256","hydrochloric",11,86922230,99.91
"29257","hydrologist",11,86922241,99.91
"29258","hypersensitivity",11,86922252,99.91
"29259","idealization",11,86922263,99.91
"29260","illicitly",11,86922274,99.91
"29261","imbroglio",11,86922285,99.91
"29262","immortalize",11,86922296,99.91
"29263","imperialistic",11,86922307,99.91
"29264","impoverish",11,86922318,99.91
"29265","incinerate",11,86922329,99.91
"29266","indictable",11,86922340,99.91
"29267","industriousness",11,86922351,99.91
"29268","ineptness",11,86922362,99.91
"29269","inessential",11,86922373,99.91
"29270","inextricable",11,86922384,99.91
"29271","infinitive",11,86922395,99.91
"29272","inlaw",11,86922406,99.91
"29273","inmost",11,86922417,99.91
"29274","instate",11,86922428,99.91
"29275","intercity",11,86922439,99.91
"29276","interrelationship",11,86922450,99.91
"29277","interurban",11,86922461,99.91
"29278","interwar",11,86922472,99.91
"29279","intraparty",11,86922483,99.91
"29280","invariable",11,86922494,99.91
"29281","invertebrate",11,86922505,99.91
"29282","irretrievably",11,86922516,99.91
"29283","isometric",11,86922527,99.91
"29284","jank",11,86922538,99.91
"29285","jara",11,86922549,99.91
"29286","jerez",11,86922560,99.91
"29287","jobber",11,86922571,99.91
"29288","justo",11,86922582,99.91
"29289","ketch",11,86922593,99.91
"29290","ketosis",11,86922604,99.91
"29291","khat",11,86922615,99.91
"29292","kidlet",11,86922626,99.91
"29293","kier",11,86922637,99.91
"29294","kingly",11,86922648,99.91
"29295","knuckling",11,86922659,99.91
"29296","kon",11,86922670,99.91
"29297","konstantin",11,86922681,99.91
"29298","kookaburra",11,86922692,99.91
"29299","korin",11,86922703,99.91
"29300","lambaste",11,86922714,99.91
"29301","larboard",11,86922725,99.91
"29302","lardy",11,86922736,99.91
"29303","largeness",11,86922747,99.91
"29304","latticework",11,86922758,99.91
"29305","laudanum",11,86922769,99.91
"29306","leavy",11,86922780,99.91
"29307","lecherous",11,86922791,99.91
"29308","leman",11,86922802,99.91
"29309","lethality",11,86922813,99.91
"29310","levo",11,86922824,99.91
"29311","lockable",11,86922835,99.91
"29312","lof",11,86922846,99.91
"29313","loggerhead",11,86922857,99.91
"29314","lopping",11,86922868,99.91
"29315","lubricate",11,86922879,99.91
"29316","lyssa",11,86922890,99.91
"29317","maleness",11,86922901,99.91
"29318","malformed",11,86922912,99.91
"29319","mallow",11,86922923,99.91
"29320","malting",11,86922934,99.91
"29321","marl",11,86922945,99.91
"29322","masturbatory",11,86922956,99.91
"29323","maximally",11,86922967,99.91
"29324","mechanization",11,86922978,99.91
"29325","meddler",11,86922989,99.91
"29326","memoirist",11,86923000,99.91
"29327","mendacious",11,86923011,99.91
"29328","mendacity",11,86923022,99.91
"29329","mends",11,86923033,99.91
"29330","mesmeric",11,86923044,99.91
"29331","meso",11,86923055,99.91
"29332","miche",11,86923066,99.91
"29333","minimization",11,86923077,99.91
"29334","misalignment",11,86923088,99.91
"29335","miscarry",11,86923099,99.91
"29336","misdeed",11,86923110,99.91
"29337","misjudgment",11,86923121,99.91
"29338","miter",11,86923132,99.91
"29339","modality",11,86923143,99.91
"29340","mononucleosis",11,86923154,99.91
"29341","monosodium",11,86923165,99.91
"29342","moocher",11,86923176,99.91
"29343","mooned",11,86923187,99.91
"29344","mudslinging",11,86923198,99.91
"29345","muggins",11,86923209,99.91
"29346","mulligatawny",11,86923220,99.91
"29347","municipally",11,86923231,99.91
"29348","mushed",11,86923242,99.91
"29349","musicology",11,86923253,99.91
"29350","mutely",11,86923264,99.91
"29351","myalgic",11,86923275,99.91
"29352","myelin",11,86923286,99.91
"29353","myocardial",11,86923297,99.91
"29354","narrowness",11,86923308,99.91
"29355","natively",11,86923319,99.91
"29356","neer",11,86923330,99.91
"29357","neologism",11,86923341,99.91
"29358","nep",11,86923352,99.91
"29359","newspaperman",11,86923363,99.91
"29360","newsy",11,86923374,99.91
"29361","nonresidential",11,86923385,99.91
"29362","novelization",11,86923396,99.91
"29363","nubia",11,86923407,99.91
"29364","objectify",11,86923418,99.91
"29365","obstetrical",11,86923429,99.91
"29366","oculus",11,86923440,99.91
"29367","oldish",11,86923451,99.91
"29368","opposer",11,86923462,99.91
"29369","optician",11,86923473,99.91
"29370","optionally",11,86923484,99.91
"29371","oracular",11,86923495,99.91
"29372","oratorical",11,86923506,99.91
"29373","orchestre",11,86923517,99.91
"29374","orderliness",11,86923528,99.91
"29375","ordinariness",11,86923539,99.91
"29376","ostracize",11,86923550,99.91
"29377","outwith",11,86923561,99.91
"29378","overcompensate",11,86923572,99.91
"29379","overshoot",11,86923583,99.91
"29380","oversleep",11,86923594,99.91
"29381","overtone",11,86923605,99.91
"29382","overvalue",11,86923616,99.91
"29383","ovum",11,86923627,99.91
"29384","paisa",11,86923638,99.91
"29385","paling",11,86923649,99.91
"29386","paly",11,86923660,99.91
"29387","paned",11,86923671,99.91
"29388","pansexual",11,86923682,99.91
"29389","parasitical",11,86923693,99.91
"29390","parser",11,86923704,99.91
"29391","pash",11,86923715,99.91
"29392","pathologic",11,86923726,99.91
"29393","pathologically",11,86923737,99.91
"29394","patristic",11,86923748,99.91
"29395","patroness",11,86923759,99.91
"29396","peerage",11,86923770,99.91
"29397","pejoratively",11,86923781,99.91
"29398","peller",11,86923792,99.91
"29399","penni",11,86923803,99.91
"29400","pentacle",11,86923814,99.91
"29401","pentatonic",11,86923825,99.91
"29402","penumbra",11,86923836,99.91
"29403","penury",11,86923847,99.91
"29404","peon",11,86923858,99.91
"29405","perking",11,86923869,99.91
"29406","perty",11,86923880,99.91
"29407","physiotherapist",11,86923891,99.91
"29408","pinder",11,86923902,99.91
"29409","pipi",11,86923913,99.91
"29410","pizzicato",11,86923924,99.91
"29411","pleasantness",11,86923935,99.91
"29412","plumper",11,86923946,99.91
"29413","pogrom",11,86923957,99.91
"29414","popery",11,86923968,99.91
"29415","poppycock",11,86923979,99.91
"29416","potboiler",11,86923990,99.91
"29417","potpie",11,86924001,99.91
"29418","pottinger",11,86924012,99.91
"29419","poundcake",11,86924023,99.91
"29420","prabhu",11,86924034,99.91
"29421","prattle",11,86924045,99.91
"29422","precast",11,86924056,99.91
"29423","preconception",11,86924067,99.91
"29424","premix",11,86924078,99.91
"29425","premodern",11,86924089,99.91
"29426","preoccupy",11,86924100,99.91
"29427","prescience",11,86924111,99.91
"29428","primitivism",11,86924122,99.91
"29429","prismatic",11,86924133,99.91
"29430","prophetess",11,86924144,99.91
"29431","propitiation",11,86924155,99.91
"29432","pruner",11,86924166,99.91
"29433","puckish",11,86924177,99.91
"29434","puddled",11,86924188,99.91
"29435","pungency",11,86924199,99.91
"29436","punnet",11,86924210,99.91
"29437","purser",11,86924221,99.91
"29438","pyjama",11,86924232,99.91
"29439","qualm",11,86924243,99.91
"29440","quantitatively",11,86924254,99.91
"29441","questionably",11,86924265,99.91
"29442","quintessence",11,86924276,99.91
"29443","quinto",11,86924287,99.91
"29444","racialist",11,86924298,99.91
"29445","radii",11,86924309,99.91
"29446","rance",11,86924320,99.91
"29447","reacher",11,86924331,99.91
"29448","reanimation",11,86924342,99.91
"29449","recessional",11,86924353,99.91
"29450","rectilinear",11,86924364,99.91
"29451","redaction",11,86924375,99.91
"29452","reem",11,86924386,99.91
"29453","referrer",11,86924397,99.91
"29454","refit",11,86924408,99.91
"29455","refractory",11,86924419,99.91
"29456","regionalization",11,86924430,99.91
"29457","regrow",11,86924441,99.91
"29458","rehear",11,86924452,99.91
"29459","relabel",11,86924463,99.91
"29460","relentlessness",11,86924474,99.91
"29461","reliquary",11,86924485,99.91
"29462","remap",11,86924496,99.91
"29463","repairable",11,86924507,99.91
"29464","repercussion",11,86924518,99.91
"29465","repossess",11,86924529,99.91
"29466","rescission",11,86924540,99.91
"29467","reseed",11,86924551,99.91
"29468","respectably",11,86924562,99.91
"29469","respecter",11,86924573,99.91
"29470","reve",11,86924584,99.91
"29471","revisionism",11,86924595,99.91
"29472","reword",11,86924606,99.91
"29473","rhema",11,86924617,99.91
"29474","rie",11,86924628,99.91
"29475","riffraff",11,86924639,99.91
"29476","rill",11,86924650,99.91
"29477","riverine",11,86924661,99.91
"29478","rondeau",11,86924672,99.91
"29479","rone",11,86924683,99.91
"29480","rootless",11,86924694,99.91
"29481","rosser",11,86924705,99.91
"29482","rulership",11,86924716,99.91
"29483","sagely",11,86924727,99.91
"29484","salta",11,86924738,99.91
"29485","sanctimony",11,86924749,99.91
"29486","sangha",11,86924760,99.91
"29487","scarab",11,86924771,99.91
"29488","scourging",11,86924782,99.91
"29489","scrimp",11,86924793,99.91
"29490","scud",11,86924804,99.91
"29491","seamy",11,86924815,99.91
"29492","seasonable",11,86924826,99.91
"29493","selly",11,86924837,99.91
"29494","selvage",11,86924848,99.91
"29495","semiannual",11,86924859,99.91
"29496","semicircular",11,86924870,99.91
"29497","sensationalistic",11,86924881,99.91
"29498","sensationally",11,86924892,99.91
"29499","sensorial",11,86924903,99.91
"29500","seraphim",11,86924914,99.91
"29501","serially",11,86924925,99.91
"29502","serous",11,86924936,99.91
"29503","serta",11,86924947,99.91
"29504","shabbily",11,86924958,99.91
"29505","shakily",11,86924969,99.91
"29506","sharpshooting",11,86924980,99.91
"29507","shaul",11,86924991,99.91
"29508","shingler",11,86925002,99.91
"29509","shivery",11,86925013,99.91
"29510","shott",11,86925024,99.91
"29511","shrove",11,86925035,99.91
"29512","shul",11,86925046,99.91
"29513","sidelong",11,86925057,99.91
"29514","signification",11,86925068,99.91
"29515","silex",11,86925079,99.91
"29516","silverfish",11,86925090,99.91
"29517","skrimshander",11,86925101,99.91
"29518","sleepwalker",11,86925112,99.91
"29519","slickness",11,86925123,99.91
"29520","smasher",11,86925134,99.91
"29521","smilingly",11,86925145,99.91
"29522","smily",11,86925156,99.91
"29523","smithy",11,86925167,99.91
"29524","smudgy",11,86925178,99.91
"29525","sniveling",11,86925189,99.91
"29526","snuffing",11,86925200,99.91
"29527","sofar",11,86925211,99.91
"29528","solipsistic",11,86925222,99.91
"29529","soundless",11,86925233,99.91
"29530","soursop",11,86925244,99.91
"29531","spacer",11,86925255,99.91
"29532","spasmodic",11,86925266,99.91
"29533","spirt",11,86925277,99.91
"29534","spitefully",11,86925288,99.91
"29535","spoilage",11,86925299,99.91
"29536","sputum",11,86925310,99.91
"29537","stabber",11,86925321,99.91
"29538","starcher",11,86925332,99.91
"29539","stargazer",11,86925343,99.91
"29540","staving",11,86925354,99.91
"29541","stenographer",11,86925365,99.91
"29542","stinginess",11,86925376,99.91
"29543","stippled",11,86925387,99.91
"29544","straightup",11,86925398,99.91
"29545","strayer",11,86925409,99.91
"29546","stright",11,86925420,99.91
"29547","strontium",11,86925431,99.91
"29548","strychnine",11,86925442,99.91
"29549","subcontract",11,86925453,99.91
"29550","sublease",11,86925464,99.91
"29551","subsidization",11,86925475,99.91
"29552","suggestively",11,86925486,99.91
"29553","sulphurous",11,86925497,99.91
"29554","supercilious",11,86925508,99.91
"29555","surmounted",11,86925519,99.91
"29556","sweeny",11,86925530,99.91
"29557","swindling",11,86925541,99.91
"29558","syncopation",11,86925552,99.91
"29559","tabula",11,86925563,99.91
"29560","tangi",11,86925574,99.91
"29561","tansy",11,86925585,99.91
"29562","tavola",11,86925596,99.91
"29563","telekinetic",11,86925607,99.91
"29564","tenderize",11,86925618,99.91
"29565","tensely",11,86925629,99.91
"29566","ternary",11,86925640,99.91
"29567","thakur",11,86925651,99.91
"29568","thaler",11,86925662,99.91
"29569","theistic",11,86925673,99.91
"29570","therewith",11,86925684,99.91
"29571","thirtieth",11,86925695,99.91
"29572","thrum",11,86925706,99.91
"29573","thunderhead",11,86925717,99.91
"29574","tickler",11,86925728,99.91
"29575","tidily",11,86925739,99.91
"29576","tonally",11,86925750,99.91
"29577","tonsillitis",11,86925761,99.91
"29578","tornadic",11,86925772,99.91
"29579","torpor",11,86925783,99.91
"29580","touchable",11,86925794,99.91
"29581","touchline",11,86925805,99.91
"29582","trackable",11,86925816,99.91
"29583","transceiver",11,86925827,99.91
"29584","transgress",11,86925838,99.91
"29585","transgressing",11,86925849,99.91
"29586","transliteration",11,86925860,99.91
"29587","traumatize",11,86925871,99.91
"29588","treacher",11,86925882,99.91
"29589","triangulation",11,86925893,99.91
"29590","triune",11,86925904,99.91
"29591","truelove",11,86925915,99.91
"29592","tua",11,86925926,99.91
"29593","typeset",11,86925937,99.91
"29594","typesetter",11,86925948,99.91
"29595","tzolkin",11,86925959,99.91
"29596","unamused",11,86925970,99.91
"29597","unavailability",11,86925981,99.91
"29598","uncommunicative",11,86925992,99.91
"29599","unconsidered",11,86926003,99.91
"29600","underland",11,86926014,99.91
"29601","undiminished",11,86926025,99.91
"29602","unfathomably",11,86926036,99.91
"29603","unframed",11,86926047,99.91
"29604","unfrozen",11,86926058,99.91
"29605","ungaro",11,86926069,99.91
"29606","unhelpfully",11,86926080,99.91
"29607","unhittable",11,86926091,99.91
"29608","unimagined",11,86926102,99.91
"29609","unmanly",11,86926113,99.91
"29610","unrehearsed",11,86926124,99.91
"29611","unreserved",11,86926135,99.91
"29612","unsearchable",11,86926146,99.91
"29613","unsubsidized",11,86926157,99.91
"29614","unworn",11,86926168,99.91
"29615","uprise",11,86926179,99.91
"29616","uproariously",11,86926190,99.91
"29617","ura",11,86926201,99.91
"29618","vacillating",11,86926212,99.91
"29619","valent",11,86926223,99.91
"29620","vali",11,86926234,99.91
"29621","validly",11,86926245,99.91
"29622","vend",11,86926256,99.91
"29623","ventilating",11,86926267,99.91
"29624","vertebrate",11,86926278,99.91
"29625","viator",11,86926289,99.91
"29626","visionless",11,86926300,99.91
"29627","voile",11,86926311,99.91
"29628","voluble",11,86926322,99.91
"29629","wampus",11,86926333,99.91
"29630","wap",11,86926344,99.91
"29631","wapping",11,86926355,99.91
"29632","warmish",11,86926366,99.91
"29633","wassail",11,86926377,99.91
"29634","wattle",11,86926388,99.91
"29635","waw",11,86926399,99.91
"29636","wayfarer",11,86926410,99.91
"29637","weald",11,86926421,99.91
"29638","wellhead",11,86926432,99.91
"29639","welly",11,86926443,99.91
"29640","whap",11,86926454,99.91
"29641","whomsoever",11,86926465,99.91
"29642","whorish",11,86926476,99.91
"29643","wickless",11,86926487,99.91
"29644","wigged",11,86926498,99.91
"29645","wingless",11,86926509,99.91
"29646","winningly",11,86926520,99.91
"29647","wistfulness",11,86926531,99.91
"29648","woebegone",11,86926542,99.91
"29649","workingman",11,86926553,99.91
"29650","worldliness",11,86926564,99.91
"29651","wounder",11,86926575,99.91
"29652","wretchedness",11,86926586,99.91
"29653","zither",11,86926597,99.91
"29654","abysmally",10,86926607,99.91
"29655","accordionist",10,86926617,99.91
"29656","activator",10,86926627,99.91
"29657","addle",10,86926637,99.91
"29658","advisedly",10,86926647,99.91
"29659","aforesaid",10,86926657,99.91
"29660","agoraphobia",10,86926667,99.91
"29661","albumen",10,86926677,99.91
"29662","alkalinity",10,86926687,99.91
"29663","aln",10,86926697,99.91
"29664","altarpiece",10,86926707,99.91
"29665","amalgamate",10,86926717,99.91
"29666","analgesic",10,86926727,99.91
"29667","anatomic",10,86926737,99.91
"29668","anemone",10,86926747,99.91
"29669","ansa",10,86926757,99.91
"29670","anthracite",10,86926767,99.91
"29671","antimony",10,86926777,99.91
"29672","applejack",10,86926787,99.91
"29673","appreciator",10,86926797,99.91
"29674","approachability",10,86926807,99.91
"29675","apraxia",10,86926817,99.91
"29676","arabesque",10,86926827,99.91
"29677","arbitrariness",10,86926837,99.91
"29678","arbitrate",10,86926847,99.91
"29679","archly",10,86926857,99.91
"29680","arginine",10,86926867,99.91
"29681","armless",10,86926877,99.91
"29682","armload",10,86926887,99.91
"29683","arni",10,86926897,99.91
"29684","astronautics",10,86926907,99.91
"29685","astuteness",10,86926917,99.91
"29686","atlee",10,86926927,99.91
"29687","atmos",10,86926937,99.91
"29688","atopic",10,86926947,99.91
"29689","attunement",10,86926957,99.91
"29690","audaciously",10,86926967,99.91
"29691","aurore",10,86926977,99.91
"29692","aver",10,86926987,99.91
"29693","babushka",10,86926997,99.91
"29694","bachelorhood",10,86927007,99.91
"29695","backwardness",10,86927017,99.91
"29696","bakula",10,86927027,99.91
"29697","balletic",10,86927037,99.91
"29698","balustrade",10,86927047,99.91
"29699","bande",10,86927057,99.91
"29700","barbarity",10,86927067,99.91
"29701","barberry",10,86927077,99.91
"29702","barehanded",10,86927087,99.91
"29703","barleycorn",10,86927097,99.91
"29704","barrowman",10,86927107,99.91
"29705","battler",10,86927117,99.91
"29706","bedevil",10,86927127,99.91
"29707","beeman",10,86927137,99.91
"29708","belling",10,86927147,99.91
"29709","belying",10,86927157,99.91
"29710","besan",10,86927167,99.91
"29711","betide",10,86927177,99.91
"29712","betis",10,86927187,99.91
"29713","biggish",10,86927197,99.91
"29714","billet",10,86927207,99.91
"29715","bint",10,86927217,99.91
"29716","biodynamics",10,86927227,99.91
"29717","biogen",10,86927237,99.91
"29718","bioluminescence",10,86927247,99.91
"29719","biome",10,86927257,99.91
"29720","bismuth",10,86927267,99.91
"29721","bleck",10,86927277,99.91
"29722","blinder",10,86927287,99.91
"29723","bloodsucker",10,86927297,99.91
"29724","bottler",10,86927307,99.91
"29725","bougie",10,86927317,99.91
"29726","breezily",10,86927327,99.91
"29727","brier",10,86927337,99.91
"29728","bristlecone",10,86927347,99.91
"29729","brith",10,86927357,99.91
"29730","bullishness",10,86927367,99.91
"29731","bunion",10,86927377,99.91
"29732","burglarize",10,86927387,99.91
"29733","bushland",10,86927397,99.91
"29734","cannula",10,86927407,99.91
"29735","capon",10,86927417,99.91
"29736","capriciously",10,86927427,99.91
"29737","cardholder",10,86927437,99.91
"29738","cardiopulmonary",10,86927447,99.91
"29739","cardmaker",10,86927457,99.91
"29740","carriageway",10,86927467,99.91
"29741","carsick",10,86927477,99.91
"29742","cassino",10,86927487,99.91
"29743","catbird",10,86927497,99.91
"29744","cathode",10,86927507,99.91
"29745","catlike",10,86927517,99.91
"29746","causative",10,86927527,99.91
"29747","cavort",10,86927537,99.91
"29748","celestine",10,86927547,99.91
"29749","cenotaph",10,86927557,99.91
"29750","chaotically",10,86927567,99.91
"29751","charmless",10,86927577,99.91
"29752","cheeriness",10,86927587,99.91
"29753","chela",10,86927597,99.91
"29754","cherubic",10,86927607,99.91
"29755","chesty",10,86927617,99.91
"29756","chiaroscuro",10,86927627,99.91
"29757","chintz",10,86927637,99.91
"29758","chronal",10,86927647,99.91
"29759","cinnabar",10,86927657,99.91
"29760","citable",10,86927667,99.91
"29761","citified",10,86927677,99.91
"29762","citronella",10,86927687,99.91
"29763","clammed",10,86927697,99.91
"29764","clicky",10,86927707,99.91
"29765","climatology",10,86927717,99.91
"29766","clime",10,86927727,99.91
"29767","cloudburst",10,86927737,99.91
"29768","coagulation",10,86927747,99.91
"29769","coarseness",10,86927757,99.91
"29770","codefendant",10,86927767,99.91
"29771","codger",10,86927777,99.91
"29772","coincident",10,86927787,99.91
"29773","coir",10,86927797,99.91
"29774","coital",10,86927807,99.91
"29775","coking",10,86927817,99.91
"29776","colicky",10,86927827,99.91
"29777","collude",10,86927837,99.91
"29778","coloratura",10,86927847,99.91
"29779","colostomy",10,86927857,99.91
"29780","columnar",10,86927867,99.91
"29781","concha",10,86927877,99.91
"29782","cond",10,86927887,99.91
"29783","connexion",10,86927897,99.91
"29784","contentedness",10,86927907,99.91
"29785","contextually",10,86927917,99.91
"29786","contortion",10,86927927,99.91
"29787","conveyer",10,86927937,99.91
"29788","cootie",10,86927947,99.91
"29789","copilot",10,86927957,99.91
"29790","coppice",10,86927967,99.91
"29791","coquette",10,86927977,99.91
"29792","correctable",10,86927987,99.91
"29793","counteracting",10,86927997,99.91
"29794","coved",10,86928007,99.91
"29795","coxswain",10,86928017,99.91
"29796","creasy",10,86928027,99.91
"29797","crewel",10,86928037,99.91
"29798","cropland",10,86928047,99.91
"29799","curtailment",10,86928057,99.91
"29800","cutely",10,86928067,99.91
"29801","cyclamen",10,86928077,99.91
"29802","dagga",10,86928087,99.91
"29803","daintily",10,86928097,99.91
"29804","darkskin",10,86928107,99.91
"29805","deary",10,86928117,99.91
"29806","deathtrap",10,86928127,99.91
"29807","debase",10,86928137,99.91
"29808","decontaminate",10,86928147,99.91
"29809","decoratively",10,86928157,99.91
"29810","decrepitude",10,86928167,99.91
"29811","deftness",10,86928177,99.91
"29812","dejection",10,86928187,99.91
"29813","deliverable",10,86928197,99.91
"29814","demagogic",10,86928207,99.91
"29815","deportment",10,86928217,99.91
"29816","desecrate",10,86928227,99.91
"29817","desensitization",10,86928237,99.91
"29818","determinative",10,86928247,99.91
"29819","devastator",10,86928257,99.91
"29820","diastasis",10,86928267,99.91
"29821","dingbat",10,86928277,99.91
"29822","disassociate",10,86928287,99.91
"29823","discontinuity",10,86928297,99.91
"29824","discourteous",10,86928307,99.91
"29825","disentangle",10,86928317,99.91
"29826","divan",10,86928327,99.91
"29827","divisible",10,86928337,99.91
"29828","dixit",10,86928347,99.91
"29829","dominical",10,86928357,99.91
"29830","doubler",10,86928367,99.91
"29831","dozer",10,86928377,99.91
"29832","dreamless",10,86928387,99.91
"29833","droit",10,86928397,99.91
"29834","dubby",10,86928407,99.91
"29835","eatable",10,86928417,99.91
"29836","effrontery",10,86928427,99.91
"29837","elongate",10,86928437,99.91
"29838","elongation",10,86928447,99.91
"29839","emancipator",10,86928457,99.91
"29840","emollient",10,86928467,99.91
"29841","enactor",10,86928477,99.91
"29842","encephalomyelitis",10,86928487,99.91
"29843","engrave",10,86928497,99.91
"29844","entangling",10,86928507,99.91
"29845","entrap",10,86928517,99.91
"29846","enviously",10,86928527,99.91
"29847","epicure",10,86928537,99.91
"29848","eschatological",10,86928547,99.91
"29849","ethnocentrism",10,86928557,99.91
"29850","exactness",10,86928567,99.91
"29851","excrete",10,86928577,99.91
"29852","exegetical",10,86928587,99.91
"29853","exhume",10,86928597,99.91
"29854","existentially",10,86928607,99.91
"29855","expander",10,86928617,99.91
"29856","expedience",10,86928627,99.91
"29857","exploitive",10,86928637,99.91
"29858","extensible",10,86928647,99.91
"29859","eyeless",10,86928657,99.91
"29860","eyestrain",10,86928667,99.91
"29861","factionalism",10,86928677,99.91
"29862","fant",10,86928687,99.91
"29863","farish",10,86928697,99.91
"29864","fecundity",10,86928707,99.91
"29865","fermentable",10,86928717,99.91
"29866","festively",10,86928727,99.91
"29867","fickleness",10,86928737,99.91
"29868","firebox",10,86928747,99.91
"29869","fitters",10,86928757,99.91
"29870","flakiness",10,86928767,99.91
"29871","flavin",10,86928777,99.91
"29872","flounce",10,86928787,99.91
"29873","fluffer",10,86928797,99.91
"29874","folklorist",10,86928807,99.91
"29875","foreknowledge",10,86928817,99.91
"29876","forthrightness",10,86928827,99.91
"29877","fortieth",10,86928837,99.91
"29878","fortis",10,86928847,99.91
"29879","freezable",10,86928857,99.91
"29880","fretful",10,86928867,99.91
"29881","fum",10,86928877,99.91
"29882","funniness",10,86928887,99.91
"29883","gabardine",10,86928897,99.91
"29884","gaminess",10,86928907,99.91
"29885","gangplank",10,86928917,99.91
"29886","gangway",10,86928927,99.91
"29887","gastroenteritis",10,86928937,99.91
"29888","gastroenterology",10,86928947,99.91
"29889","gating",10,86928957,99.91
"29890","gaw",10,86928967,99.91
"29891","geat",10,86928977,99.91
"29892","geomagnetic",10,86928987,99.91
"29893","gerontology",10,86928997,99.91
"29894","geta",10,86929007,99.91
"29895","gipper",10,86929017,99.91
"29896","gizzard",10,86929027,99.91
"29897","glamorously",10,86929037,99.91
"29898","glassful",10,86929047,99.91
"29899","glassworks",10,86929057,99.91
"29900","glycolic",10,86929067,99.91
"29901","grassed",10,86929077,99.91
"29902","grazer",10,86929087,99.91
"29903","greengrocer",10,86929097,99.91
"29904","grenadier",10,86929107,99.91
"29905","grommet",10,86929117,99.91
"29906","gur",10,86929127,99.91
"29907","gurgle",10,86929137,99.91
"29908","gurry",10,86929147,99.91
"29909","guzzler",10,86929157,99.91
"29910","gynecologic",10,86929167,99.91
"29911","haemorrhage",10,86929177,99.91
"29912","halfheartedly",10,86929187,99.91
"29913","handcart",10,86929197,99.91
"29914","handsomeness",10,86929207,99.91
"29915","hanker",10,86929217,99.91
"29916","happing",10,86929227,99.91
"29917","haptic",10,86929237,99.91
"29918","haya",10,86929247,99.91
"29919","heald",10,86929257,99.91
"29920","hearthstone",10,86929267,99.91
"29921","heeler",10,86929277,99.91
"29922","hie",10,86929287,99.91
"29923","hippogriff",10,86929297,99.91
"29924","homeostasis",10,86929307,99.91
"29925","homogenization",10,86929317,99.91
"29926","hooter",10,86929327,99.91
"29927","hotheaded",10,86929337,99.91
"29928","hypersonic",10,86929347,99.91
"29929","hyperspace",10,86929357,99.91
"29930","hypertrophic",10,86929367,99.91
"29931","hypochondria",10,86929377,99.92
"29932","hypoglycemic",10,86929387,99.92
"29933","idiopathic",10,86929397,99.92
"29934","ilia",10,86929407,99.92
"29935","impious",10,86929417,99.92
"29936","inarguable",10,86929427,99.92
"29937","inaugurate",10,86929437,99.92
"29938","inauthenticity",10,86929447,99.92
"29939","incapacitate",10,86929457,99.92
"29940","incapacitation",10,86929467,99.92
"29941","inconsiderable",10,86929477,99.92
"29942","indenture",10,86929487,99.92
"29943","ineffectively",10,86929497,99.92
"29944","inerrant",10,86929507,99.92
"29945","inflaming",10,86929517,99.92
"29946","inquisitiveness",10,86929527,99.92
"29947","inscribe",10,86929537,99.92
"29948","insidiously",10,86929547,99.92
"29949","institutionalization",10,86929557,99.92
"29950","intellectualization",10,86929567,99.92
"29951","intercounty",10,86929577,99.92
"29952","interdict",10,86929587,99.92
"29953","interminably",10,86929597,99.92
"29954","internalization",10,86929607,99.92
"29955","intolerably",10,86929617,99.92
"29956","intracoastal",10,86929627,99.92
"29957","investigatory",10,86929637,99.92
"29958","inviolable",10,86929647,99.92
"29959","ironworks",10,86929657,99.92
"29960","irrepressibly",10,86929667,99.92
"29961","itchiness",10,86929677,99.92
"29962","javelina",10,86929687,99.92
"29963","jerm",10,86929697,99.92
"29964","jitter",10,86929707,99.92
"29965","kalashnikov",10,86929717,99.92
"29966","kame",10,86929727,99.92
"29967","kapur",10,86929737,99.92
"29968","karch",10,86929747,99.92
"29969","karou",10,86929757,99.92
"29970","kasher",10,86929767,99.92
"29971","kava",10,86929777,99.92
"29972","kayo",10,86929787,99.92
"29973","kil",10,86929797,99.92
"29974","kiri",10,86929807,99.92
"29975","kitcat",10,86929817,99.92
"29976","kitchenman",10,86929827,99.92
"29977","kora",10,86929837,99.92
"29978","korova",10,86929847,99.92
"29979","kowtow",10,86929857,99.92
"29980","kraal",10,86929867,99.92
"29981","kukui",10,86929877,99.92
"29982","lampstand",10,86929887,99.92
"29983","largess",10,86929897,99.92
"29984","largish",10,86929907,99.92
"29985","larval",10,86929917,99.92
"29986","lassitude",10,86929927,99.92
"29987","latecomer",10,86929937,99.92
"29988","lavishing",10,86929947,99.92
"29989","lawbreaking",10,86929957,99.92
"29990","lawgiver",10,86929967,99.92
"29991","leapfrogging",10,86929977,99.92
"29992","leet",10,86929987,99.92
"29993","lehr",10,86929997,99.92
"29994","leprous",10,86930007,99.92
"29995","lessor",10,86930017,99.92
"29996","lethally",10,86930027,99.92
"29997","leveler",10,86930037,99.92
"29998","lightheadedness",10,86930047,99.92
"29999","liker",10,86930057,99.92
"30000","linoleic",10,86930067,99.92
"30001","lintel",10,86930077,99.92
"30002","lionize",10,86930087,99.92
"30003","liquefy",10,86930097,99.92
"30004","litigant",10,86930107,99.92
"30005","loci",10,86930117,99.92
"30006","lofting",10,86930127,99.92
"30007","longhair",10,86930137,99.92
"30008","lording",10,86930147,99.92
"30009","lounger",10,86930157,99.92
"30010","loverly",10,86930167,99.92
"30011","lozenge",10,86930177,99.92
"30012","lucidly",10,86930187,99.92
"30013","luckless",10,86930197,99.92
"30014","lucre",10,86930207,99.92
"30015","lunt",10,86930217,99.92
"30016","maintainable",10,86930227,99.92
"30017","maladjusted",10,86930237,99.92
"30018","maleficent",10,86930247,99.92
"30019","maney",10,86930257,99.92
"30020","mannerism",10,86930267,99.92
"30021","mannie",10,86930277,99.92
"30022","maranatha",10,86930287,99.92
"30023","marketeer",10,86930297,99.92
"30024","marseilles",10,86930307,99.92
"30025","materiel",10,86930317,99.92
"30026","matriculation",10,86930327,99.92
"30027","matzos",10,86930337,99.92
"30028","mawkish",10,86930347,99.92
"30029","meaninglessness",10,86930357,99.92
"30030","meetinghouse",10,86930367,99.92
"30031","melismatics",10,86930377,99.92
"30032","melodically",10,86930387,99.92
"30033","merchandiser",10,86930397,99.92
"30034","merkin",10,86930407,99.92
"30035","mesopotamia",10,86930417,99.92
"30036","mestizo",10,86930427,99.92
"30037","mignonette",10,86930437,99.92
"30038","mikie",10,86930447,99.92
"30039","millefiori",10,86930457,99.92
"30040","miscegenation",10,86930467,99.92
"30041","misquote",10,86930477,99.92
"30042","mitre",10,86930487,99.92
"30043","mola",10,86930497,99.92
"30044","mollusk",10,86930507,99.92
"30045","monolingual",10,86930517,99.92
"30046","montane",10,86930527,99.92
"30047","moonscape",10,86930537,99.92
"30048","moony",10,86930547,99.92
"30049","mosser",10,86930557,99.92
"30050","mournfully",10,86930567,99.92
"30051","mousey",10,86930577,99.92
"30052","moyle",10,86930587,99.92
"30053","muscovy",10,86930597,99.92
"30054","muth",10,86930607,99.92
"30055","mutinous",10,86930617,99.92
"30056","mystify",10,86930627,99.92
"30057","nasally",10,86930637,99.92
"30058","necropolis",10,86930647,99.92
"30059","nematode",10,86930657,99.92
"30060","neuronal",10,86930667,99.92
"30061","neurotoxin",10,86930677,99.92
"30062","noblewoman",10,86930687,99.92
"30063","nocturn",10,86930697,99.92
"30064","noncriminal",10,86930707,99.92
"30065","nondisclosure",10,86930717,99.92
"30066","nones",10,86930727,99.92
"30067","nonreligious",10,86930737,99.92
"30068","nonspecific",10,86930747,99.92
"30069","nonvintage",10,86930757,99.92
"30070","numberless",10,86930767,99.92
"30071","oatcake",10,86930777,99.92
"30072","obsequious",10,86930787,99.92
"30073","obstructionism",10,86930797,99.92
"30074","obverse",10,86930807,99.92
"30075","officialdom",10,86930817,99.92
"30076","opportunistically",10,86930827,99.92
"30077","oppressively",10,86930837,99.92
"30078","outflank",10,86930847,99.92
"30079","overfed",10,86930857,99.92
"30080","oversensitive",10,86930867,99.92
"30081","oversimplify",10,86930877,99.92
"30082","papoose",10,86930887,99.92
"30083","paternoster",10,86930897,99.92
"30084","pato",10,86930907,99.92
"30085","payee",10,86930917,99.92
"30086","pearled",10,86930927,99.92
"30087","pendle",10,86930937,99.92
"30088","pendulous",10,86930947,99.92
"30089","penfold",10,86930957,99.92
"30090","pentecostalism",10,86930967,99.92
"30091","perdu",10,86930977,99.92
"30092","perineum",10,86930987,99.92
"30093","permanency",10,86930997,99.92
"30094","persuasiveness",10,86931007,99.92
"30095","pervious",10,86931017,99.92
"30096","philander",10,86931027,99.92
"30097","phytoplankton",10,86931037,99.92
"30098","pickerel",10,86931047,99.92
"30099","pimpernel",10,86931057,99.92
"30100","pinche",10,86931067,99.92
"30101","pinkeye",10,86931077,99.92
"30102","pinscher",10,86931087,99.92
"30103","pipkin",10,86931097,99.92
"30104","pist",10,86931107,99.92
"30105","platen",10,86931117,99.92
"30106","pleasance",10,86931127,99.92
"30107","pleasuring",10,86931137,99.92
"30108","plebiscite",10,86931147,99.92
"30109","pocky",10,86931157,99.92
"30110","pomade",10,86931167,99.92
"30111","postural",10,86931177,99.92
"30112","posy",10,86931187,99.92
"30113","potentiality",10,86931197,99.92
"30114","pouf",10,86931207,99.92
"30115","prejudge",10,86931217,99.92
"30116","prepositional",10,86931227,99.92
"30117","preposterously",10,86931237,99.92
"30118","preregistration",10,86931247,99.92
"30119","presumptively",10,86931257,99.92
"30120","principality",10,86931267,99.92
"30121","progestin",10,86931277,99.92
"30122","prophylactic",10,86931287,99.92
"30123","protractor",10,86931297,99.92
"30124","psychosexual",10,86931307,99.92
"30125","puddy",10,86931317,99.92
"30126","pugilist",10,86931327,99.92
"30127","purry",10,86931337,99.92
"30128","quarrelsome",10,86931347,99.92
"30129","quarried",10,86931357,99.92
"30130","quickstep",10,86931367,99.92
"30131","quiles",10,86931377,99.92
"30132","quisling",10,86931387,99.92
"30133","rabat",10,86931397,99.92
"30134","ragging",10,86931407,99.92
"30135","rane",10,86931417,99.92
"30136","rapeseed",10,86931427,99.92
"30137","rappel",10,86931437,99.92
"30138","reactivation",10,86931447,99.92
"30139","readjustment",10,86931457,99.92
"30140","recapitalization",10,86931467,99.92
"30141","recce",10,86931477,99.92
"30142","redbreast",10,86931487,99.92
"30143","redoubt",10,86931497,99.92
"30144","refiner",10,86931507,99.92
"30145","refracting",10,86931517,99.92
"30146","refractive",10,86931527,99.92
"30147","reincarnate",10,86931537,99.92
"30148","reintegrate",10,86931547,99.92
"30149","relativistic",10,86931557,99.92
"30150","relenting",10,86931567,99.92
"30151","remodeler",10,86931577,99.92
"30152","remorseless",10,86931587,99.92
"30153","reorientation",10,86931597,99.92
"30154","reproof",10,86931607,99.92
"30155","reprove",10,86931617,99.92
"30156","retch",10,86931627,99.92
"30157","revengeful",10,86931637,99.92
"30158","reviewable",10,86931647,99.92
"30159","revote",10,86931657,99.92
"30160","rhapsodic",10,86931667,99.92
"30161","rhymer",10,86931677,99.92
"30162","rial",10,86931687,99.92
"30163","rigmarole",10,86931697,99.92
"30164","rime",10,86931707,99.92
"30165","roadbed",10,86931717,99.92
"30166","rober",10,86931727,99.92
"30167","robustly",10,86931737,99.92
"30168","roughy",10,86931747,99.92
"30169","roustabout",10,86931757,99.92
"30170","saboteur",10,86931767,99.92
"30171","saco",10,86931777,99.92
"30172","sacra",10,86931787,99.92
"30173","sacrificially",10,86931797,99.92
"30174","sagacity",10,86931807,99.92
"30175","sailfish",10,86931817,99.92
"30176","saleslady",10,86931827,99.92
"30177","salutatorian",10,86931837,99.92
"30178","samarra",10,86931847,99.92
"30179","sanely",10,86931857,99.92
"30180","santon",10,86931867,99.92
"30181","sateen",10,86931877,99.92
"30182","satirize",10,86931887,99.92
"30183","satyr",10,86931897,99.92
"30184","scandalously",10,86931907,99.92
"30185","scapular",10,86931917,99.92
"30186","scathingly",10,86931927,99.92
"30187","scornfully",10,86931937,99.92
"30188","scupper",10,86931947,99.92
"30189","sealable",10,86931957,99.92
"30190","seamed",10,86931967,99.92
"30191","seaward",10,86931977,99.92
"30192","segregationist",10,86931987,99.92
"30193","seigniorage",10,86931997,99.92
"30194","sensa",10,86932007,99.92
"30195","sentience",10,86932017,99.92
"30196","separable",10,86932027,99.92
"30197","shahi",10,86932037,99.92
"30198","shantytown",10,86932047,99.92
"30199","sharpish",10,86932057,99.92
"30200","shearman",10,86932067,99.92
"30201","sheldrake",10,86932077,99.92
"30202","shirky",10,86932087,99.92
"30203","shirring",10,86932097,99.92
"30204","shotty",10,86932107,99.92
"30205","sidewinder",10,86932117,99.92
"30206","sidling",10,86932127,99.92
"30207","skittishness",10,86932137,99.92
"30208","skittle",10,86932147,99.92
"30209","sloper",10,86932157,99.92
"30210","smallholder",10,86932167,99.92
"30211","solicitude",10,86932177,99.92
"30212","songy",10,86932187,99.92
"30213","soundproofing",10,86932197,99.92
"30214","sov",10,86932207,99.92
"30215","spasticity",10,86932217,99.92
"30216","spearfish",10,86932227,99.92
"30217","specie",10,86932237,99.92
"30218","splay",10,86932247,99.92
"30219","squashy",10,86932257,99.92
"30220","squib",10,86932267,99.92
"30221","stallman",10,86932277,99.92
"30222","staphylococcus",10,86932287,99.92
"30223","starless",10,86932297,99.92
"30224","statutorily",10,86932307,99.92
"30225","steelmaker",10,86932317,99.92
"30226","steganography",10,86932327,99.92
"30227","stigmatization",10,86932337,99.92
"30228","stith",10,86932347,99.92
"30229","stomper",10,86932357,99.92
"30230","stonecutter",10,86932367,99.92
"30231","stong",10,86932377,99.92
"30232","stour",10,86932387,99.92
"30233","straggler",10,86932397,99.92
"30234","straggly",10,86932407,99.92
"30235","stratified",10,86932417,99.92
"30236","streamside",10,86932427,99.92
"30237","stretchable",10,86932437,99.92
"30238","stridently",10,86932447,99.92
"30239","stripy",10,86932457,99.92
"30240","structuralism",10,86932467,99.92
"30241","stuggy",10,86932477,99.92
"30242","stupendously",10,86932487,99.92
"30243","subduing",10,86932497,99.92
"30244","subjunctive",10,86932507,99.92
"30245","sublimation",10,86932517,99.92
"30246","submissiveness",10,86932527,99.92
"30247","sugarless",10,86932537,99.92
"30248","suppost",10,86932547,99.92
"30249","sustainment",10,86932557,99.92
"30250","sweatbox",10,86932567,99.92
"30251","sweetbread",10,86932577,99.92
"30252","swink",10,86932587,99.92
"30253","sycophant",10,86932597,99.92
"30254","symbology",10,86932607,99.92
"30255","systemically",10,86932617,99.92
"30256","taha",10,86932627,99.92
"30257","tala",10,86932637,99.92
"30258","talus",10,86932647,99.92
"30259","tanka",10,86932657,99.92
"30260","tastiness",10,86932667,99.92
"30261","tattooist",10,86932677,99.92
"30262","teamster",10,86932687,99.92
"30263","telephony",10,86932697,99.92
"30264","temptingly",10,86932707,99.92
"30265","termini",10,86932717,99.92
"30266","tersely",10,86932727,99.92
"30267","tetra",10,86932737,99.92
"30268","texturally",10,86932747,99.92
"30269","theirselves",10,86932757,99.92
"30270","thresher",10,86932767,99.92
"30271","tilth",10,86932777,99.92
"30272","timbered",10,86932787,99.92
"30273","tobacconist",10,86932797,99.92
"30274","tolerably",10,86932807,99.92
"30275","tombola",10,86932817,99.92
"30276","tonner",10,86932827,99.92
"30277","topia",10,86932837,99.92
"30278","torchon",10,86932847,99.92
"30279","totora",10,86932857,99.92
"30280","totty",10,86932867,99.92
"30281","tradable",10,86932877,99.92
"30282","tradespeople",10,86932887,99.92
"30283","tragicomedy",10,86932897,99.92
"30284","trailside",10,86932907,99.92
"30285","traitorous",10,86932917,99.92
"30286","trin",10,86932927,99.92
"30287","triplicate",10,86932937,99.92
"30288","trolly",10,86932947,99.92
"30289","trousseau",10,86932957,99.92
"30290","tufting",10,86932967,99.92
"30291","tuille",10,86932977,99.92
"30292","turbot",10,86932987,99.92
"30293","twiddle",10,86932997,99.92
"30294","twinkles",10,86933007,99.92
"30295","unadjusted",10,86933017,99.92
"30296","unappreciative",10,86933027,99.92
"30297","unblurred",10,86933037,99.92
"30298","unchartered",10,86933047,99.92
"30299","uncircumcised",10,86933057,99.92
"30300","undecorated",10,86933067,99.92
"30301","undefiled",10,86933077,99.92
"30302","undine",10,86933087,99.92
"30303","unexposed",10,86933097,99.92
"30304","unfaithfulness",10,86933107,99.92
"30305","unfermented",10,86933117,99.92
"30306","unimpeachable",10,86933127,99.92
"30307","unjustifiably",10,86933137,99.92
"30308","unkindly",10,86933147,99.92
"30309","unliked",10,86933157,99.92
"30310","unlockable",10,86933167,99.92
"30311","unmediated",10,86933177,99.92
"30312","unmissable",10,86933187,99.92
"30313","unmolded",10,86933197,99.92
"30314","unnumbered",10,86933207,99.92
"30315","unpopulated",10,86933217,99.92
"30316","unprofessionalism",10,86933227,99.92
"30317","unraced",10,86933237,99.92
"30318","unredacted",10,86933247,99.92
"30319","unredeemed",10,86933257,99.92
"30320","unrepaired",10,86933267,99.92
"30321","unreturned",10,86933277,99.92
"30322","unrolling",10,86933287,99.92
"30323","untangled",10,86933297,99.92
"30324","untarnished",10,86933307,99.92
"30325","untended",10,86933317,99.92
"30326","upholsterer",10,86933327,99.92
"30327","upslope",10,86933337,99.92
"30328","vall",10,86933347,99.92
"30329","valueless",10,86933357,99.92
"30330","vampiric",10,86933367,99.92
"30331","vara",10,86933377,99.92
"30332","velveteen",10,86933387,99.92
"30333","vender",10,86933397,99.92
"30334","ventriloquism",10,86933407,99.92
"30335","vertices",10,86933417,99.92
"30336","vertiginous",10,86933427,99.92
"30337","vetiver",10,86933437,99.92
"30338","vexatious",10,86933447,99.92
"30339","vigilantly",10,86933457,99.92
"30340","vindictiveness",10,86933467,99.92
"30341","vives",10,86933477,99.92
"30342","volcanism",10,86933487,99.92
"30343","vorpal",10,86933497,99.92
"30344","wadding",10,86933507,99.92
"30345","wallah",10,86933517,99.92
"30346","waterless",10,86933527,99.92
"30347","westwards",10,86933537,99.92
"30348","westy",10,86933547,99.92
"30349","wheedle",10,86933557,99.92
"30350","whited",10,86933567,99.92
"30351","whizzer",10,86933577,99.92
"30352","windlass",10,86933587,99.92
"30353","wineglass",10,86933597,99.92
"30354","winterize",10,86933607,99.92
"30355","witney",10,86933617,99.92
"30356","wolfish",10,86933627,99.92
"30357","woolman",10,86933637,99.92
"30358","wormed",10,86933647,99.92
"30359","wretchedly",10,86933657,99.92
"30360","xylene",10,86933667,99.92
"30361","yawl",10,86933677,99.92
"30362","yday",10,86933687,99.92
"30363","yees",10,86933697,99.92
"30364","yelper",10,86933707,99.92
"30365","ym",10,86933717,99.92
"30366","yodel",10,86933727,99.92
"30367","zabaglione",10,86933737,99.92
"30368","zirconia",10,86933747,99.92
"30369","abashed",9,86933756,99.92
"30370","abattoir",9,86933765,99.92
"30371","abolishment",9,86933774,99.92
"30372","aboveboard",9,86933783,99.92
"30373","abrogate",9,86933792,99.92
"30374","accredit",9,86933801,99.92
"30375","accustom",9,86933810,99.92
"30376","acrostic",9,86933819,99.92
"30377","addressee",9,86933828,99.92
"30378","adjoined",9,86933837,99.92
"30379","adulteration",9,86933846,99.92
"30380","ahmadi",9,86933855,99.92
"30381","airedale",9,86933864,99.92
"30382","alarmism",9,86933873,99.92
"30383","alderwoman",9,86933882,99.92
"30384","aleph",9,86933891,99.92
"30385","alexanders",9,86933900,99.92
"30386","algorithmic",9,86933909,99.92
"30387","allover",9,86933918,99.92
"30388","anaesthesia",9,86933927,99.92
"30389","androgen",9,86933936,99.92
"30390","aneurism",9,86933945,99.92
"30391","annulus",9,86933954,99.92
"30392","aplastic",9,86933963,99.92
"30393","apposite",9,86933972,99.92
"30394","aqueous",9,86933981,99.92
"30395","arca",9,86933990,99.92
"30396","archy",9,86933999,99.92
"30397","armhole",9,86934008,99.92
"30398","arrestee",9,86934017,99.92
"30399","arrhythmia",9,86934026,99.92
"30400","artificiality",9,86934035,99.92
"30401","artless",9,86934044,99.92
"30402","ascorbic",9,86934053,99.92
"30403","atocha",9,86934062,99.92
"30404","attainability",9,86934071,99.92
"30405","autocracy",9,86934080,99.92
"30406","autocrat",9,86934089,99.92
"30407","averil",9,86934098,99.92
"30408","avuncular",9,86934107,99.92
"30409","azide",9,86934116,99.92
"30410","backbencher",9,86934125,99.92
"30411","backpedal",9,86934134,99.92
"30412","bailie",9,86934143,99.92
"30413","baldly",9,86934152,99.92
"30414","balter",9,86934161,99.92
"30415","bangalow",9,86934170,99.92
"30416","barbe",9,86934179,99.92
"30417","barkey",9,86934188,99.92
"30418","barrenness",9,86934197,99.92
"30419","barrette",9,86934206,99.92
"30420","bastardization",9,86934215,99.92
"30421","bateau",9,86934224,99.92
"30422","batwing",9,86934233,99.92
"30423","beatific",9,86934242,99.92
"30424","beatitude",9,86934251,99.92
"30425","bedclothes",9,86934260,99.92
"30426","bedpan",9,86934269,99.92
"30427","bellhop",9,86934278,99.92
"30428","benignly",9,86934287,99.92
"30429","berthed",9,86934296,99.92
"30430","besetting",9,86934305,99.92
"30431","bespeak",9,86934314,99.92
"30432","bester",9,86934323,99.92
"30433","bicameral",9,86934332,99.92
"30434","bijoux",9,86934341,99.92
"30435","billabong",9,86934350,99.92
"30436","biller",9,86934359,99.92
"30437","biochemist",9,86934368,99.92
"30438","biomechanical",9,86934377,99.92
"30439","bivouac",9,86934386,99.92
"30440","blacksmithing",9,86934395,99.92
"30441","blazon",9,86934404,99.92
"30442","blisteringly",9,86934413,99.92
"30443","blithering",9,86934422,99.92
"30444","bodhisattva",9,86934431,99.92
"30445","borderless",9,86934440,99.92
"30446","boyishly",9,86934449,99.92
"30447","brack",9,86934458,99.92
"30448","brei",9,86934467,99.92
"30449","bricking",9,86934476,99.92
"30450","broadleaf",9,86934485,99.92
"30451","buckthorn",9,86934494,99.92
"30452","buda",9,86934503,99.92
"30453","bullfight",9,86934512,99.92
"30454","bullfighter",9,86934521,99.92
"30455","bullhead",9,86934530,99.92
"30456","bullheaded",9,86934539,99.92
"30457","bungy",9,86934548,99.92
"30458","butterfish",9,86934557,99.92
"30459","campagna",9,86934566,99.92
"30460","capriccio",9,86934575,99.92
"30461","carapace",9,86934584,99.92
"30462","carls",9,86934593,99.92
"30463","carnivalesque",9,86934602,99.92
"30464","cartographer",9,86934611,99.92
"30465","cashbox",9,86934620,99.92
"30466","catalyze",9,86934629,99.92
"30467","caul",9,86934638,99.92
"30468","celerity",9,86934647,99.92
"30469","cellulitis",9,86934656,99.92
"30470","cere",9,86934665,99.92
"30471","chaffing",9,86934674,99.92
"30472","chancy",9,86934683,99.92
"30473","charioteer",9,86934692,99.92
"30474","chauvinistic",9,86934701,99.92
"30475","cheekiness",9,86934710,99.92
"30476","cheyney",9,86934719,99.92
"30477","chignon",9,86934728,99.92
"30478","chine",9,86934737,99.92
"30479","choline",9,86934746,99.92
"30480","chronograph",9,86934755,99.92
"30481","chukar",9,86934764,99.92
"30482","cinematically",9,86934773,99.92
"30483","cingulate",9,86934782,99.92
"30484","circumnavigation",9,86934791,99.92
"30485","circumvention",9,86934800,99.92
"30486","civet",9,86934809,99.92
"30487","clonal",9,86934818,99.92
"30488","codpiece",9,86934827,99.92
"30489","coldhearted",9,86934836,99.92
"30490","collation",9,86934845,99.92
"30491","commendably",9,86934854,99.92
"30492","compaction",9,86934863,99.92
"30493","confessor",9,86934872,99.92
"30494","connaught",9,86934881,99.92
"30495","consignor",9,86934890,99.92
"30496","conspiratorially",9,86934899,99.92
"30497","coquille",9,86934908,99.92
"30498","corbeau",9,86934917,99.92
"30499","coring",9,86934926,99.92
"30500","corking",9,86934935,99.92
"30501","corpsman",9,86934944,99.92
"30502","cortege",9,86934953,99.92
"30503","cottony",9,86934962,99.92
"30504","coulomb",9,86934971,99.92
"30505","counterrevolution",9,86934980,99.92
"30506","courteously",9,86934989,99.92
"30507","coverlet",9,86934998,99.92
"30508","cozily",9,86935007,99.92
"30509","crapy",9,86935016,99.92
"30510","crevasse",9,86935025,99.92
"30511","crocheter",9,86935034,99.92
"30512","crosser",9,86935043,99.92
"30513","croute",9,86935052,99.92
"30514","crushingly",9,86935061,99.92
"30515","cryogenics",9,86935070,99.92
"30516","cubit",9,86935079,99.92
"30517","cummerbund",9,86935088,99.92
"30518","curr",9,86935097,99.92
"30519","czarist",9,86935106,99.92
"30520","dabbler",9,86935115,99.92
"30521","daguerreotype",9,86935124,99.92
"30522","darning",9,86935133,99.92
"30523","dartboard",9,86935142,99.92
"30524","daube",9,86935151,99.92
"30525","deckle",9,86935160,99.92
"30526","decoction",9,86935169,99.92
"30527","deform",9,86935178,99.92
"30528","dehumanization",9,86935187,99.92
"30529","dejectedly",9,86935196,99.92
"30530","delineation",9,86935205,99.92
"30531","demiurge",9,86935214,99.92
"30532","denarius",9,86935223,99.92
"30533","dependably",9,86935232,99.92
"30534","dermatological",9,86935241,99.92
"30535","derringer",9,86935250,99.92
"30536","detainment",9,86935259,99.92
"30537","determinate",9,86935268,99.92
"30538","developable",9,86935277,99.92
"30539","discoverability",9,86935286,99.92
"30540","disjunction",9,86935295,99.92
"30541","disproportional",9,86935304,99.92
"30542","disrobe",9,86935313,99.92
"30543","downhearted",9,86935322,99.92
"30544","draftsman",9,86935331,99.92
"30545","dragoon",9,86935340,99.92
"30546","drang",9,86935349,99.92
"30547","drome",9,86935358,99.92
"30548","druggy",9,86935367,99.92
"30549","duchy",9,86935376,99.92
"30550","dumbness",9,86935385,99.92
"30551","dunder",9,86935394,99.92
"30552","dyad",9,86935403,99.92
"30553","easiness",9,86935412,99.92
"30554","ejector",9,86935421,99.92
"30555","elector",9,86935430,99.92
"30556","electromagnetics",9,86935439,99.92
"30557","elopement",9,86935448,99.92
"30558","elvish",9,86935457,99.92
"30559","embalmer",9,86935466,99.92
"30560","encapsulation",9,86935475,99.92
"30561","encouragingly",9,86935484,99.92
"30562","endogenous",9,86935493,99.92
"30563","enthrall",9,86935502,99.92
"30564","entombment",9,86935511,99.92
"30565","epicly",9,86935520,99.92
"30566","equidistant",9,86935529,99.92
"30567","estrin",9,86935538,99.92
"30568","evidential",9,86935547,99.92
"30569","evocatively",9,86935556,99.92
"30570","exclusiveness",9,86935565,99.92
"30571","explicate",9,86935574,99.92
"30572","expressiveness",9,86935583,99.92
"30573","extemporaneous",9,86935592,99.92
"30574","externality",9,86935601,99.92
"30575","extrication",9,86935610,99.92
"30576","exult",9,86935619,99.92
"30577","falsifiable",9,86935628,99.92
"30578","fash",9,86935637,99.92
"30579","felicitous",9,86935646,99.92
"30580","femoral",9,86935655,99.92
"30581","fennec",9,86935664,99.92
"30582","ferryman",9,86935673,99.92
"30583","fetishistic",9,86935682,99.92
"30584","filmgoer",9,86935691,99.92
"30585","firebreak",9,86935700,99.92
"30586","fixative",9,86935709,99.92
"30587","flattop",9,86935718,99.92
"30588","flippantly",9,86935727,99.92
"30589","flossy",9,86935736,99.92
"30590","fluky",9,86935745,99.92
"30591","forbear",9,86935754,99.92
"30592","fourthly",9,86935763,99.92
"30593","foxglove",9,86935772,99.92
"30594","fractionally",9,86935781,99.92
"30595","framer",9,86935790,99.92
"30596","fraudulence",9,86935799,99.92
"30597","freeborn",9,86935808,99.92
"30598","freet",9,86935817,99.92
"30599","frenched",9,86935826,99.92
"30600","fungible",9,86935835,99.92
"30601","funicular",9,86935844,99.92
"30602","futurity",9,86935853,99.92
"30603","gainst",9,86935862,99.92
"30604","gambol",9,86935871,99.92
"30605","gaoler",9,86935880,99.92
"30606","gasworks",9,86935889,99.92
"30607","gauss",9,86935898,99.92
"30608","gentlewoman",9,86935907,99.92
"30609","geologically",9,86935916,99.92
"30610","geophysics",9,86935925,99.92
"30611","gey",9,86935934,99.92
"30612","ghosty",9,86935943,99.92
"30613","gilder",9,86935952,99.92
"30614","gillie",9,86935961,99.92
"30615","glumly",9,86935970,99.92
"30616","gluteus",9,86935979,99.92
"30617","glycerine",9,86935988,99.92
"30618","godhood",9,86935997,99.92
"30619","goodwife",9,86936006,99.92
"30620","gracefulness",9,86936015,99.92
"30621","grandness",9,86936024,99.92
"30622","greenhorn",9,86936033,99.92
"30623","greenness",9,86936042,99.92
"30624","greige",9,86936051,99.92
"30625","griffon",9,86936060,99.92
"30626","gristmill",9,86936069,99.92
"30627","groot",9,86936078,99.92
"30628","grosbeak",9,86936087,99.92
"30629","gruffly",9,86936096,99.92
"30630","guardedly",9,86936105,99.92
"30631","hak",9,86936114,99.92
"30632","hammam",9,86936123,99.92
"30633","handsaw",9,86936132,99.92
"30634","hangnail",9,86936141,99.92
"30635","hardtack",9,86936150,99.92
"30636","haricot",9,86936159,99.92
"30637","hayloft",9,86936168,99.92
"30638","heliport",9,86936177,99.92
"30639","helpmate",9,86936186,99.92
"30640","hempen",9,86936195,99.92
"30641","hesitance",9,86936204,99.92
"30642","heuristic",9,86936213,99.92
"30643","historicism",9,86936222,99.92
"30644","hoarseness",9,86936231,99.92
"30645","hollowness",9,86936240,99.92
"30646","homekeeping",9,86936249,99.92
"30647","homeopath",9,86936258,99.92
"30648","honeypot",9,86936267,99.92
"30649","hoofed",9,86936276,99.92
"30650","hornbeam",9,86936285,99.92
"30651","husked",9,86936294,99.92
"30652","hydraulically",9,86936303,99.92
"30653","hydrocephalus",9,86936312,99.92
"30654","hydrometer",9,86936321,99.92
"30655","hypertensive",9,86936330,99.92
"30656","hyperthermia",9,86936339,99.92
"30657","hyssop",9,86936348,99.92
"30658","idler",9,86936357,99.92
"30659","illiquid",9,86936366,99.92
"30660","imbed",9,86936375,99.92
"30661","immobilize",9,86936384,99.92
"30662","implausibly",9,86936393,99.92
"30663","imprecision",9,86936402,99.92
"30664","improvidence",9,86936411,99.92
"30665","impulsiveness",9,86936420,99.92
"30666","incomparably",9,86936429,99.92
"30667","inconspicuously",9,86936438,99.92
"30668","indeedy",9,86936447,99.92
"30669","indemnification",9,86936456,99.92
"30670","indolence",9,86936465,99.92
"30671","industriously",9,86936474,99.92
"30672","ingratitude",9,86936483,99.92
"30673","inshore",9,86936492,99.92
"30674","insubordinate",9,86936501,99.92
"30675","intaglio",9,86936510,99.92
"30676","internals",9,86936519,99.92
"30677","interventionism",9,86936528,99.92
"30678","investigational",9,86936537,99.92
"30679","iridescence",9,86936546,99.92
"30680","irradiation",9,86936555,99.92
"30681","irredeemable",9,86936564,99.92
"30682","irrefutably",9,86936573,99.92
"30683","jacker",9,86936582,99.92
"30684","jetton",9,86936591,99.92
"30685","jingled",9,86936600,99.92
"30686","jure",9,86936609,99.92
"30687","kanga",9,86936618,99.92
"30688","karri",9,86936627,99.92
"30689","kasa",9,86936636,99.92
"30690","kasbah",9,86936645,99.92
"30691","katha",9,86936654,99.92
"30692","keta",9,86936663,99.92
"30693","ketty",9,86936672,99.92
"30694","khatib",9,86936681,99.92
"30695","lacework",9,86936690,99.92
"30696","lactase",9,86936699,99.92
"30697","laddish",9,86936708,99.92
"30698","lamely",9,86936717,99.92
"30699","lamentably",9,86936726,99.92
"30700","laudatory",9,86936735,99.92
"30701","layette",9,86936744,99.92
"30702","leftward",9,86936753,99.92
"30703","legitimation",9,86936762,99.92
"30704","licentious",9,86936771,99.92
"30705","linearity",9,86936780,99.92
"30706","litchi",9,86936789,99.92
"30707","litz",9,86936798,99.92
"30708","loutish",9,86936807,99.92
"30709","lovage",9,86936816,99.92
"30710","lugubrious",9,86936825,99.92
"30711","lumberyard",9,86936834,99.92
"30712","lunn",9,86936843,99.92
"30713","lusciously",9,86936852,99.92
"30714","macula",9,86936861,99.92
"30715","magnanimity",9,86936870,99.92
"30716","malanga",9,86936879,99.92
"30717","malarial",9,86936888,99.92
"30718","mandamus",9,86936897,99.92
"30719","maned",9,86936906,99.92
"30720","marceline",9,86936915,99.92
"30721","marron",9,86936924,99.92
"30722","maslin",9,86936933,99.92
"30723","mauler",9,86936942,99.92
"30724","maun",9,86936951,99.92
"30725","maxillofacial",9,86936960,99.92
"30726","maximization",9,86936969,99.92
"30727","melamed",9,86936978,99.92
"30728","menhaden",9,86936987,99.92
"30729","metalworking",9,86936996,99.92
"30730","metis",9,86937005,99.92
"30731","metrical",9,86937014,99.92
"30732","minar",9,86937023,99.92
"30733","minstrelsy",9,86937032,99.92
"30734","misinform",9,86937041,99.92
"30735","misrule",9,86937050,99.92
"30736","modulate",9,86937059,99.92
"30737","modulator",9,86937068,99.92
"30738","moko",9,86937077,99.92
"30739","mollify",9,86937086,99.92
"30740","monosyllabic",9,86937095,99.92
"30741","monotonic",9,86937104,99.92
"30742","moonraker",9,86937113,99.92
"30743","mopane",9,86937122,99.92
"30744","mouser",9,86937131,99.92
"30745","moy",9,86937140,99.92
"30746","mutability",9,86937149,99.92
"30747","natatorium",9,86937158,99.92
"30748","nauseatingly",9,86937167,99.92
"30749","nearsighted",9,86937176,99.92
"30750","nebulizer",9,86937185,99.92
"30751","negligee",9,86937194,99.92
"30752","neighborliness",9,86937203,99.92
"30753","nigori",9,86937212,99.92
"30754","ninny",9,86937221,99.92
"30755","nondefense",9,86937230,99.92
"30756","nonfatal",9,86937239,99.92
"30757","nonfood",9,86937248,99.92
"30758","nonpareil",9,86937257,99.92
"30759","nonproductive",9,86937266,99.92
"30760","noonday",9,86937275,99.92
"30761","nostrum",9,86937284,99.92
"30762","notional",9,86937293,99.92
"30763","nougatine",9,86937302,99.92
"30764","noway",9,86937311,99.92
"30765","numbly",9,86937320,99.92
"30766","oast",9,86937329,99.92
"30767","obdurate",9,86937338,99.92
"30768","oblate",9,86937347,99.92
"30769","obstinately",9,86937356,99.92
"30770","occupationally",9,86937365,99.92
"30771","oceanographic",9,86937374,99.92
"30772","oilseed",9,86937383,99.92
"30773","ondine",9,86937392,99.92
"30774","organizationally",9,86937401,99.92
"30775","osmin",9,86937410,99.92
"30776","ossified",9,86937419,99.92
"30777","outwrite",9,86937428,99.92
"30778","overbake",9,86937437,99.92
"30779","overbite",9,86937446,99.92
"30780","overcapacity",9,86937455,99.92
"30781","overcomer",9,86937464,99.92
"30782","overdriven",9,86937473,99.92
"30783","overfill",9,86937482,99.92
"30784","overplay",9,86937491,99.92
"30785","overproduction",9,86937500,99.92
"30786","overrate",9,86937509,99.92
"30787","overregulation",9,86937518,99.92
"30788","oversea",9,86937527,99.92
"30789","overwinter",9,86937536,99.92
"30790","ovulate",9,86937545,99.92
"30791","paca",9,86937554,99.92
"30792","palestra",9,86937563,99.92
"30793","panela",9,86937572,99.92
"30794","pantaloons",9,86937581,99.92
"30795","pantheistic",9,86937590,99.92
"30796","pantie",9,86937599,99.92
"30797","participative",9,86937608,99.92
"30798","passback",9,86937617,99.92
"30799","paty",9,86937626,99.92
"30800","pawnbroker",9,86937635,99.92
"30801","peacoat",9,86937644,99.92
"30802","peckish",9,86937653,99.92
"30803","penciling",9,86937662,99.92
"30804","pencilled",9,86937671,99.92
"30805","pentobarbital",9,86937680,99.92
"30806","perfectness",9,86937689,99.92
"30807","perforation",9,86937698,99.92
"30808","perineal",9,86937707,99.92
"30809","perplex",9,86937716,99.92
"30810","perspire",9,86937725,99.92
"30811","pervasively",9,86937734,99.92
"30812","petersham",9,86937743,99.92
"30813","petulance",9,86937752,99.92
"30814","phenomenological",9,86937761,99.92
"30815","phonology",9,86937770,99.92
"30816","photographically",9,86937779,99.92
"30817","physic",9,86937788,99.92
"30818","pilfer",9,86937797,99.92
"30819","pincher",9,86937806,99.92
"30820","piquancy",9,86937815,99.92
"30821","polarize",9,86937824,99.92
"30822","polygon",9,86937833,99.92
"30823","polymorphism",9,86937842,99.92
"30824","pomfret",9,86937851,99.92
"30825","pompa",9,86937860,99.92
"30826","pompously",9,86937869,99.92
"30827","porker",9,86937878,99.92
"30828","possessiveness",9,86937887,99.92
"30829","postmistress",9,86937896,99.92
"30830","potbellied",9,86937905,99.92
"30831","pourer",9,86937914,99.92
"30832","pragmatics",9,86937923,99.92
"30833","presentational",9,86937932,99.92
"30834","pressroom",9,86937941,99.92
"30835","procreative",9,86937950,99.92
"30836","professionalization",9,86937959,99.92
"30837","proficiently",9,86937968,99.92
"30838","prognosticator",9,86937977,99.92
"30839","pronghorn",9,86937986,99.92
"30840","prorate",9,86937995,99.92
"30841","prosody",9,86938004,99.92
"30842","providential",9,86938013,99.92
"30843","proximal",9,86938022,99.92
"30844","pseudepigraphal",9,86938031,99.92
"30845","psychoanalyze",9,86938040,99.92
"30846","puller",9,86938049,99.92
"30847","purchasable",9,86938058,99.92
"30848","pursuer",9,86938067,99.92
"30849","pyrite",9,86938076,99.93
"30850","pyromaniac",9,86938085,99.93
"30851","quaintly",9,86938094,99.93
"30852","quantification",9,86938103,99.93
"30853","quarreled",9,86938112,99.93
"30854","quavering",9,86938121,99.93
"30855","queerness",9,86938130,99.93
"30856","questioningly",9,86938139,99.93
"30857","ragweed",9,86938148,99.93
"30858","raiment",9,86938157,99.93
"30859","ranchero",9,86938166,99.93
"30860","rankle",9,86938175,99.93
"30861","ransack",9,86938184,99.93
"30862","rasped",9,86938193,99.93
"30863","ratable",9,86938202,99.93
"30864","ravening",9,86938211,99.93
"30865","reallocation",9,86938220,99.93
"30866","reasoner",9,86938229,99.93
"30867","reassign",9,86938238,99.93
"30868","rebuy",9,86938247,99.93
"30869","recapitulation",9,86938256,99.93
"30870","receptivity",9,86938265,99.93
"30871","recursion",9,86938274,99.93
"30872","rede",9,86938283,99.93
"30873","redlegs",9,86938292,99.93
"30874","redraft",9,86938301,99.93
"30875","reductionism",9,86938310,99.93
"30876","reformulate",9,86938319,99.93
"30877","refractor",9,86938328,99.93
"30878","regally",9,86938337,99.93
"30879","reinvestigation",9,86938346,99.93
"30880","remount",9,86938355,99.93
"30881","renominate",9,86938364,99.93
"30882","repetitiveness",9,86938373,99.93
"30883","reroll",9,86938382,99.93
"30884","reseda",9,86938391,99.93
"30885","restatement",9,86938400,99.93
"30886","reticule",9,86938409,99.93
"30887","retinol",9,86938418,99.93
"30888","reupholster",9,86938427,99.93
"30889","reveille",9,86938436,99.93
"30890","revenant",9,86938445,99.93
"30891","revile",9,86938454,99.93
"30892","rewarder",9,86938463,99.93
"30893","ribose",9,86938472,99.93
"30894","righter",9,86938481,99.93
"30895","rogation",9,86938490,99.93
"30896","rookery",9,86938499,99.93
"30897","rosehill",9,86938508,99.93
"30898","rostrum",9,86938517,99.93
"30899","rottenness",9,86938526,99.93
"30900","roust",9,86938535,99.93
"30901","rowdiness",9,86938544,99.93
"30902","rubdown",9,86938553,99.93
"30903","sacrum",9,86938562,99.93
"30904","saddlebag",9,86938571,99.93
"30905","salat",9,86938580,99.93
"30906","salubrious",9,86938589,99.93
"30907","samsara",9,86938598,99.93
"30908","sanga",9,86938607,99.93
"30909","scannable",9,86938616,99.93
"30910","schoolmaster",9,86938625,99.93
"30911","schuh",9,86938634,99.93
"30912","scorebook",9,86938643,99.93
"30913","scrimped",9,86938652,99.93
"30914","scrollwork",9,86938661,99.93
"30915","seasickness",9,86938670,99.93
"30916","secondarily",9,86938679,99.93
"30917","secreto",9,86938688,99.93
"30918","seg",9,86938697,99.93
"30919","semiprecious",9,86938706,99.93
"30920","senselessness",9,86938715,99.93
"30921","sensical",9,86938724,99.93
"30922","seraphina",9,86938733,99.93
"30923","shader",9,86938742,99.93
"30924","shagged",9,86938751,99.93
"30925","shininess",9,86938760,99.93
"30926","shirting",9,86938769,99.93
"30927","shouter",9,86938778,99.93
"30928","shree",9,86938787,99.93
"30929","sidi",9,86938796,99.93
"30930","sieger",9,86938805,99.93
"30931","sinfonietta",9,86938814,99.93
"30932","situate",9,86938823,99.93
"30933","skeered",9,86938832,99.93
"30934","skulduggery",9,86938841,99.93
"30935","slagging",9,86938850,99.93
"30936","slatted",9,86938859,99.93
"30937","sleepyhead",9,86938868,99.93
"30938","sludgy",9,86938877,99.93
"30939","smiting",9,86938886,99.93
"30940","snaky",9,86938895,99.93
"30941","snarly",9,86938904,99.93
"30942","snookered",9,86938913,99.93
"30943","snoot",9,86938922,99.93
"30944","snuffling",9,86938931,99.93
"30945","sociability",9,86938940,99.93
"30946","soli",9,86938949,99.93
"30947","somnolent",9,86938958,99.93
"30948","songfest",9,86938967,99.93
"30949","sonority",9,86938976,99.93
"30950","soso",9,86938985,99.93
"30951","sots",9,86938994,99.93
"30952","sparhawk",9,86939003,99.93
"30953","spindrift",9,86939012,99.93
"30954","spinney",9,86939021,99.93
"30955","spookily",9,86939030,99.93
"30956","spoonflower",9,86939039,99.93
"30957","sprue",9,86939048,99.93
"30958","stacker",9,86939057,99.93
"30959","starlite",9,86939066,99.93
"30960","stemless",9,86939075,99.93
"30961","steno",9,86939084,99.93
"30962","stereophonic",9,86939093,99.93
"30963","stewpot",9,86939102,99.93
"30964","stewy",9,86939111,99.93
"30965","stowing",9,86939120,99.93
"30966","straggling",9,86939129,99.93
"30967","straightway",9,86939138,99.93
"30968","strang",9,86939147,99.93
"30969","streck",9,86939156,99.93
"30970","stroup",9,86939165,99.93
"30971","stuffiness",9,86939174,99.93
"30972","sublimity",9,86939183,99.93
"30973","subtotal",9,86939192,99.93
"30974","succulence",9,86939201,99.93
"30975","suff",9,86939210,99.93
"30976","suffragette",9,86939219,99.93
"30977","sukiyaki",9,86939228,99.93
"30978","sulla",9,86939237,99.93
"30979","sullenly",9,86939246,99.93
"30980","sulphuric",9,86939255,99.93
"30981","sunshade",9,86939264,99.93
"30982","supercharger",9,86939273,99.93
"30983","supine",9,86939282,99.93
"30984","supping",9,86939291,99.93
"30985","suppressor",9,86939300,99.93
"30986","suspender",9,86939309,99.93
"30987","swoony",9,86939318,99.93
"30988","sye",9,86939327,99.93
"30989","syntagma",9,86939336,99.93
"30990","tackiness",9,86939345,99.93
"30991","talcum",9,86939354,99.93
"30992","tamburello",9,86939363,99.93
"30993","tanager",9,86939372,99.93
"30994","tapia",9,86939381,99.93
"30995","tari",9,86939390,99.93
"30996","tarsier",9,86939399,99.93
"30997","tass",9,86939408,99.93
"30998","taw",9,86939417,99.93
"30999","tediously",9,86939426,99.93
"31000","teems",9,86939435,99.93
"31001","teetotal",9,86939444,99.93
"31002","telemark",9,86939453,99.93
"31003","tempera",9,86939462,99.93
"31004","tenuously",9,86939471,99.93
"31005","textually",9,86939480,99.93
"31006","thaumaturgy",9,86939489,99.93
"31007","thorium",9,86939498,99.93
"31008","thow",9,86939507,99.93
"31009","throu",9,86939516,99.93
"31010","thunderclap",9,86939525,99.93
"31011","tiresomely",9,86939534,99.93
"31012","tooken",9,86939543,99.93
"31013","toral",9,86939552,99.93
"31014","toreador",9,86939561,99.93
"31015","touristic",9,86939570,99.93
"31016","towery",9,86939579,99.93
"31017","towhee",9,86939588,99.93
"31018","toyland",9,86939597,99.93
"31019","tradesman",9,86939606,99.93
"31020","transitive",9,86939615,99.93
"31021","transportable",9,86939624,99.93
"31022","tranter",9,86939633,99.93
"31023","trekker",9,86939642,99.93
"31024","tremolo",9,86939651,99.93
"31025","tribesman",9,86939660,99.93
"31026","tricorn",9,86939669,99.93
"31027","trilingual",9,86939678,99.93
"31028","trow",9,86939687,99.93
"31029","tuberous",9,86939696,99.93
"31030","turney",9,86939705,99.93
"31031","typica",9,86939714,99.93
"31032","ubi",9,86939723,99.93
"31033","ula",9,86939732,99.93
"31034","umlaut",9,86939741,99.93
"31035","unapproachable",9,86939750,99.93
"31036","unbalance",9,86939759,99.93
"31037","unbirthday",9,86939768,99.93
"31038","unbridgeable",9,86939777,99.93
"31039","unbuckle",9,86939786,99.93
"31040","uncultivated",9,86939795,99.93
"31041","underarm",9,86939804,99.93
"31042","undervaluation",9,86939813,99.93
"31043","undervaluing",9,86939822,99.93
"31044","unfoldment",9,86939831,99.93
"31045","ungracious",9,86939840,99.93
"31046","unhealed",9,86939849,99.93
"31047","unhealthily",9,86939858,99.93
"31048","unhinge",9,86939867,99.93
"31049","unhygienic",9,86939876,99.93
"31050","uninsurable",9,86939885,99.93
"31051","uniter",9,86939894,99.93
"31052","unkept",9,86939903,99.93
"31053","unlearned",9,86939912,99.93
"31054","unmanifest",9,86939921,99.93
"31055","unmedicated",9,86939930,99.93
"31056","unmerciful",9,86939939,99.93
"31057","unobserved",9,86939948,99.93
"31058","unpretty",9,86939957,99.93
"31059","unpromising",9,86939966,99.93
"31060","unrepresentative",9,86939975,99.93
"31061","unseal",9,86939984,99.93
"31062","unshared",9,86939993,99.93
"31063","unspecific",9,86940002,99.93
"31064","unthinkably",9,86940011,99.93
"31065","untrammeled",9,86940020,99.93
"31066","unworldly",9,86940029,99.93
"31067","upmost",9,86940038,99.93
"31068","urethral",9,86940047,99.93
"31069","uselessly",9,86940056,99.93
"31070","usurious",9,86940065,99.93
"31071","vandalize",9,86940074,99.93
"31072","veining",9,86940083,99.93
"31073","veta",9,86940092,99.93
"31074","vichyssoise",9,86940101,99.93
"31075","violative",9,86940110,99.93
"31076","virtuously",9,86940119,99.93
"31077","viscose",9,86940128,99.93
"31078","wakeful",9,86940137,99.93
"31079","waker",9,86940146,99.93
"31080","wallpapering",9,86940155,99.93
"31081","wanly",9,86940164,99.93
"31082","warehoused",9,86940173,99.93
"31083","washin",9,86940182,99.93
"31084","wayback",9,86940191,99.93
"31085","wayfaring",9,86940200,99.93
"31086","weal",9,86940209,99.93
"31087","wheatland",9,86940218,99.93
"31088","wheely",9,86940227,99.93
"31089","wheen",9,86940236,99.93
"31090","whiffle",9,86940245,99.93
"31091","widowhood",9,86940254,99.93
"31092","windowpane",9,86940263,99.93
"31093","wintered",9,86940272,99.93
"31094","wir",9,86940281,99.93
"31095","wisher",9,86940290,99.93
"31096","wite",9,86940299,99.93
"31097","wooding",9,86940308,99.93
"31098","worthily",9,86940317,99.93
"31099","wro",9,86940326,99.93
"31100","yapp",9,86940335,99.93
"31101","yellowy",9,86940344,99.93
"31102","zygote",9,86940353,99.93
"31103","abased",8,86940361,99.93
"31104","abscessed",8,86940369,99.93
"31105","abstemious",8,86940377,99.93
"31106","accrual",8,86940385,99.93
"31107","acquisitive",8,86940393,99.93
"31108","adays",8,86940401,99.93
"31109","aesthete",8,86940409,99.93
"31110","aftereffect",8,86940417,99.93
"31111","afterwork",8,86940425,99.93
"31112","agami",8,86940433,99.93
"31113","agaric",8,86940441,99.93
"31114","agnate",8,86940449,99.93
"31115","aisling",8,86940457,99.93
"31116","alertly",8,86940465,99.93
"31117","alienable",8,86940473,99.93
"31118","aliveness",8,86940481,99.93
"31119","alkali",8,86940489,99.93
"31120","alluvial",8,86940497,99.93
"31121","almondy",8,86940505,99.93
"31122","ambrosial",8,86940513,99.93
"31123","amniocentesis",8,86940521,99.93
"31124","animism",8,86940529,99.93
"31125","anthropocentric",8,86940537,99.93
"31126","anthropomorphism",8,86940545,99.93
"31127","anticancer",8,86940553,99.93
"31128","anticoagulant",8,86940561,99.93
"31129","antihistamine",8,86940569,99.93
"31130","antonym",8,86940577,99.93
"31131","apse",8,86940585,99.93
"31132","aquiline",8,86940593,99.93
"31133","arboreal",8,86940601,99.93
"31134","argot",8,86940609,99.93
"31135","arienzo",8,86940617,99.93
"31136","ascendency",8,86940625,99.93
"31137","asocial",8,86940633,99.93
"31138","attitudinal",8,86940641,99.93
"31139","attributive",8,86940649,99.93
"31140","atypically",8,86940657,99.93
"31141","augur",8,86940665,99.93
"31142","aurally",8,86940673,99.93
"31143","autonomic",8,86940681,99.93
"31144","bacillus",8,86940689,99.93
"31145","backflow",8,86940697,99.93
"31146","backwash",8,86940705,99.93
"31147","bagful",8,86940713,99.93
"31148","bakelite",8,86940721,99.93
"31149","ballade",8,86940729,99.93
"31150","balladeer",8,86940737,99.93
"31151","ballista",8,86940745,99.93
"31152","barer",8,86940753,99.93
"31153","baric",8,86940761,99.93
"31154","basketry",8,86940769,99.93
"31155","baster",8,86940777,99.93
"31156","bauxite",8,86940785,99.93
"31157","begum",8,86940793,99.93
"31158","beingness",8,86940801,99.93
"31159","belter",8,86940809,99.93
"31160","benne",8,86940817,99.93
"31161","berrier",8,86940825,99.93
"31162","berrigan",8,86940833,99.93
"31163","bewitch",8,86940841,99.93
"31164","bicycler",8,86940849,99.93
"31165","binaural",8,86940857,99.93
"31166","bino",8,86940865,99.93
"31167","biograph",8,86940873,99.93
"31168","bioluminescent",8,86940881,99.93
"31169","birdlike",8,86940889,99.93
"31170","bismillah",8,86940897,99.93
"31171","bladesmith",8,86940905,99.93
"31172","blart",8,86940913,99.93
"31173","blazingly",8,86940921,99.93
"31174","blighter",8,86940929,99.93
"31175","bloodcurdling",8,86940937,99.93
"31176","bloomy",8,86940945,99.93
"31177","blotto",8,86940953,99.93
"31178","blueness",8,86940961,99.93
"31179","boojum",8,86940969,99.93
"31180","bookman",8,86940977,99.93
"31181","boose",8,86940985,99.93
"31182","borage",8,86940993,99.93
"31183","bort",8,86941001,99.93
"31184","bountifully",8,86941009,99.93
"31185","bourdon",8,86941017,99.93
"31186","bourg",8,86941025,99.93
"31187","boutonniere",8,86941033,99.93
"31188","brach",8,86941041,99.93
"31189","braggart",8,86941049,99.93
"31190","brandling",8,86941057,99.93
"31191","breathlessness",8,86941065,99.93
"31192","bucketful",8,86941073,99.93
"31193","buffoonish",8,86941081,99.93
"31194","bugler",8,86941089,99.93
"31195","bullfinch",8,86941097,99.93
"31196","bursa",8,86941105,99.93
"31197","byword",8,86941113,99.93
"31198","caftan",8,86941121,99.93
"31199","calander",8,86941129,99.93
"31200","calcified",8,86941137,99.93
"31201","camphor",8,86941145,99.93
"31202","capering",8,86941153,99.93
"31203","captivation",8,86941161,99.93
"31204","caracter",8,86941169,99.93
"31205","cardo",8,86941177,99.93
"31206","caries",8,86941185,99.93
"31207","carouse",8,86941193,99.93
"31208","carrizo",8,86941201,99.93
"31209","casework",8,86941209,99.93
"31210","cassady",8,86941217,99.93
"31211","casse",8,86941225,99.93
"31212","castoff",8,86941233,99.93
"31213","casualness",8,86941241,99.93
"31214","catcall",8,86941249,99.93
"31215","cattiness",8,86941257,99.93
"31216","cauda",8,86941265,99.93
"31217","celled",8,86941273,99.93
"31218","cep",8,86941281,99.93
"31219","ceremonious",8,86941289,99.93
"31220","cerise",8,86941297,99.93
"31221","cetacean",8,86941305,99.93
"31222","chal",8,86941313,99.93
"31223","channeler",8,86941321,99.93
"31224","chantry",8,86941329,99.93
"31225","chawan",8,86941337,99.93
"31226","chelation",8,86941345,99.93
"31227","chemise",8,86941353,99.93
"31228","chigger",8,86941361,99.93
"31229","childlessness",8,86941369,99.93
"31230","chitra",8,86941377,99.93
"31231","chromogenic",8,86941385,99.93
"31232","circumcise",8,86941393,99.93
"31233","circumspectly",8,86941401,99.93
"31234","citrate",8,86941409,99.93
"31235","citrin",8,86941417,99.93
"31236","civilizational",8,86941425,99.93
"31237","clave",8,86941433,99.93
"31238","cleaving",8,86941441,99.93
"31239","clubber",8,86941449,99.93
"31240","cockup",8,86941457,99.93
"31241","codices",8,86941465,99.93
"31242","cogently",8,86941473,99.93
"31243","coherency",8,86941481,99.93
"31244","coiling",8,86941489,99.93
"31245","colossally",8,86941497,99.93
"31246","columned",8,86941505,99.93
"31247","combinator",8,86941513,99.93
"31248","commingle",8,86941521,99.93
"31249","commodious",8,86941529,99.93
"31250","communicant",8,86941537,99.93
"31251","compactly",8,86941545,99.93
"31252","conceptualism",8,86941553,99.93
"31253","conceptualization",8,86941561,99.93
"31254","concision",8,86941569,99.93
"31255","coneflower",8,86941577,99.93
"31256","confirmatory",8,86941585,99.93
"31257","confiteor",8,86941593,99.93
"31258","conflux",8,86941601,99.93
"31259","conformable",8,86941609,99.93
"31260","congruence",8,86941617,99.93
"31261","conk",8,86941625,99.93
"31262","conniption",8,86941633,99.93
"31263","connivance",8,86941641,99.93
"31264","conscript",8,86941649,99.93
"31265","consensually",8,86941657,99.93
"31266","consistory",8,86941665,99.93
"31267","consolidator",8,86941673,99.93
"31268","constructivist",8,86941681,99.93
"31269","contestation",8,86941689,99.93
"31270","contravene",8,86941697,99.93
"31271","conventionality",8,86941705,99.93
"31272","cooky",8,86941713,99.93
"31273","copacetic",8,86941721,99.93
"31274","coram",8,86941729,99.93
"31275","cornwallis",8,86941737,99.93
"31276","corruptly",8,86941745,99.93
"31277","cosmologist",8,86941753,99.93
"31278","cottagers",8,86941761,99.93
"31279","coul",8,86941769,99.93
"31280","coupler",8,86941777,99.93
"31281","crampy",8,86941785,99.93
"31282","cravat",8,86941793,99.93
"31283","creatinine",8,86941801,99.93
"31284","crimper",8,86941809,99.93
"31285","croaky",8,86941817,99.93
"31286","crosscut",8,86941825,99.93
"31287","crudity",8,86941833,99.93
"31288","crus",8,86941841,99.93
"31289","cuffin",8,86941849,99.93
"31290","cupidity",8,86941857,99.93
"31291","curvilinear",8,86941865,99.93
"31292","cwm",8,86941873,99.93
"31293","cybernetics",8,86941881,99.93
"31294","dags",8,86941889,99.93
"31295","damnable",8,86941897,99.93
"31296","dampener",8,86941905,99.93
"31297","dankness",8,86941913,99.93
"31298","darer",8,86941921,99.93
"31299","deaden",8,86941929,99.93
"31300","debasement",8,86941937,99.93
"31301","debilitation",8,86941945,99.93
"31302","deceivingly",8,86941953,99.93
"31303","declassify",8,86941961,99.93
"31304","decommission",8,86941969,99.93
"31305","decorous",8,86941977,99.93
"31306","deemer",8,86941985,99.93
"31307","deepness",8,86941993,99.93
"31308","defeater",8,86942001,99.93
"31309","defecation",8,86942009,99.93
"31310","defilement",8,86942017,99.93
"31311","deicide",8,86942025,99.93
"31312","demoralization",8,86942033,99.93
"31313","deontology",8,86942041,99.93
"31314","deray",8,86942049,99.93
"31315","describable",8,86942057,99.93
"31316","deserter",8,86942065,99.93
"31317","despoil",8,86942073,99.93
"31318","diabolically",8,86942081,99.93
"31319","diatonic",8,86942089,99.93
"31320","dimorphic",8,86942097,99.93
"31321","disburse",8,86942105,99.93
"31322","discontinuation",8,86942113,99.93
"31323","discontinuous",8,86942121,99.93
"31324","discriminative",8,86942129,99.93
"31325","discussant",8,86942137,99.93
"31326","disdainfully",8,86942145,99.93
"31327","disgruntlement",8,86942153,99.93
"31328","dislocate",8,86942161,99.93
"31329","displease",8,86942169,99.93
"31330","distal",8,86942177,99.93
"31331","distantly",8,86942185,99.93
"31332","distillate",8,86942193,99.93
"31333","doge",8,86942201,99.93
"31334","doggedness",8,86942209,99.93
"31335","dominantly",8,86942217,99.93
"31336","donjon",8,86942225,99.93
"31337","dool",8,86942233,99.93
"31338","dorje",8,86942241,99.93
"31339","downslope",8,86942249,99.93
"31340","downspout",8,86942257,99.93
"31341","downtrend",8,86942265,99.93
"31342","doxology",8,86942273,99.93
"31343","dozy",8,86942281,99.93
"31344","drona",8,86942289,99.93
"31345","dualist",8,86942297,99.93
"31346","dukedom",8,86942305,99.93
"31347","dumba",8,86942313,99.93
"31348","dyspeptic",8,86942321,99.93
"31349","earthwork",8,86942329,99.93
"31350","earwax",8,86942337,99.93
"31351","earwig",8,86942345,99.93
"31352","ecclesial",8,86942353,99.93
"31353","econometric",8,86942361,99.93
"31354","effectually",8,86942369,99.93
"31355","eightfold",8,86942377,99.93
"31356","einkorn",8,86942385,99.93
"31357","elapse",8,86942393,99.93
"31358","elocution",8,86942401,99.93
"31359","embalm",8,86942409,99.93
"31360","embryology",8,86942417,99.93
"31361","empyrean",8,86942425,99.93
"31362","emulsify",8,86942433,99.93
"31363","encina",8,86942441,99.93
"31364","encyclical",8,86942449,99.93
"31365","endothelial",8,86942457,99.93
"31366","enduringly",8,86942465,99.93
"31367","enlight",8,86942473,99.93
"31368","ennobling",8,86942481,99.93
"31369","entente",8,86942489,99.93
"31370","erector",8,86942497,99.93
"31371","estradiol",8,86942505,99.93
"31372","ethicist",8,86942513,99.93
"31373","etna",8,86942521,99.93
"31374","evangel",8,86942529,99.93
"31375","evince",8,86942537,99.93
"31376","evolvement",8,86942545,99.93
"31377","excommunicate",8,86942553,99.93
"31378","executable",8,86942561,99.93
"31379","exorbitantly",8,86942569,99.93
"31380","expectedly",8,86942577,99.93
"31381","experientially",8,86942585,99.93
"31382","expunge",8,86942593,99.93
"31383","extroversion",8,86942601,99.93
"31384","exudate",8,86942609,99.93
"31385","fabulosity",8,86942617,99.93
"31386","faceplate",8,86942625,99.93
"31387","falseness",8,86942633,99.93
"31388","familiarly",8,86942641,99.93
"31389","fantail",8,86942649,99.93
"31390","fatherlessness",8,86942657,99.93
"31391","fecund",8,86942665,99.93
"31392","feebleness",8,86942673,99.93
"31393","fels",8,86942681,99.93
"31394","felter",8,86942689,99.93
"31395","fetishist",8,86942697,99.93
"31396","feuille",8,86942705,99.93
"31397","fibber",8,86942713,99.93
"31398","fictionally",8,86942721,99.93
"31399","finny",8,86942729,99.93
"31400","fixity",8,86942737,99.93
"31401","flagger",8,86942745,99.93
"31402","flashiness",8,86942753,99.93
"31403","flaxen",8,86942761,99.93
"31404","flite",8,86942769,99.93
"31405","flogger",8,86942777,99.93
"31406","fluor",8,86942785,99.93
"31407","fod",8,86942793,99.93
"31408","footnoted",8,86942801,99.93
"31409","forceps",8,86942809,99.93
"31410","foreignness",8,86942817,99.93
"31411","forkful",8,86942825,99.93
"31412","formulary",8,86942833,99.93
"31413","forthrightly",8,86942841,99.93
"31414","foundling",8,86942849,99.93
"31415","frangible",8,86942857,99.93
"31416","frangipani",8,86942865,99.93
"31417","fricassee",8,86942873,99.93
"31418","frogged",8,86942881,99.93
"31419","fucus",8,86942889,99.93
"31420","fugu",8,86942897,99.93
"31421","fulling",8,86942905,99.93
"31422","fusillade",8,86942913,99.93
"31423","fuzziness",8,86942921,99.93
"31424","gaiter",8,86942929,99.93
"31425","gally",8,86942937,99.93
"31426","gambang",8,86942945,99.93
"31427","gamekeeper",8,86942953,99.93
"31428","gammy",8,86942961,99.93
"31429","gangrenous",8,86942969,99.93
"31430","gara",8,86942977,99.93
"31431","gardy",8,86942985,99.93
"31432","gashouse",8,86942993,99.93
"31433","gasper",8,86943001,99.93
"31434","gastronomical",8,86943009,99.93
"31435","gavotte",8,86943017,99.93
"31436","genuflect",8,86943025,99.93
"31437","geoduck",8,86943033,99.93
"31438","geometrically",8,86943041,99.93
"31439","germinal",8,86943049,99.93
"31440","gib",8,86943057,99.93
"31441","gim",8,86943065,99.93
"31442","glebe",8,86943073,99.93
"31443","globular",8,86943081,99.93
"31444","gnar",8,86943089,99.93
"31445","goi",8,86943097,99.93
"31446","goiter",8,86943105,99.93
"31447","golder",8,86943113,99.93
"31448","goldhammer",8,86943121,99.93
"31449","granularity",8,86943129,99.93
"31450","greasiness",8,86943137,99.93
"31451","greenside",8,86943145,99.93
"31452","grumpily",8,86943153,99.93
"31453","guss",8,86943161,99.93
"31454","guyer",8,86943169,99.93
"31455","habituation",8,86943177,99.93
"31456","haboob",8,86943185,99.93
"31457","handclap",8,86943193,99.93
"31458","handmaiden",8,86943201,99.93
"31459","harangue",8,86943209,99.93
"31460","haughtiness",8,86943217,99.93
"31461","heathy",8,86943225,99.93
"31462","hedger",8,86943233,99.93
"31463","heedlessly",8,86943241,99.93
"31464","heehaw",8,86943249,99.93
"31465","heiau",8,86943257,99.93
"31466","hideousness",8,86943265,99.93
"31467","hipple",8,86943273,99.93
"31468","hippocampi",8,86943281,99.93
"31469","hobnob",8,86943289,99.93
"31470","hocker",8,86943297,99.93
"31471","hollin",8,86943305,99.93
"31472","homophone",8,86943313,99.93
"31473","homy",8,86943321,99.93
"31474","hotbox",8,86943329,99.93
"31475","humanization",8,86943337,99.93
"31476","humpy",8,86943345,99.93
"31477","hydrological",8,86943353,99.93
"31478","hypomania",8,86943361,99.93
"31479","hypothalamus",8,86943369,99.93
"31480","icily",8,86943377,99.93
"31481","idalia",8,86943385,99.93
"31482","idiosyncrasy",8,86943393,99.93
"31483","imi",8,86943401,99.93
"31484","immodesty",8,86943409,99.93
"31485","immolate",8,86943417,99.93
"31486","impermanent",8,86943425,99.93
"31487","impingement",8,86943433,99.93
"31488","incognita",8,86943441,99.93
"31489","inconceivably",8,86943449,99.93
"31490","incontestable",8,86943457,99.93
"31491","indigestible",8,86943465,99.93
"31492","indiscreet",8,86943473,99.93
"31493","indisposed",8,86943481,99.93
"31494","inefficiently",8,86943489,99.93
"31495","inelegantly",8,86943497,99.93
"31496","ineluctable",8,86943505,99.93
"31497","ingrate",8,86943513,99.93
"31498","inkwell",8,86943521,99.93
"31499","insatiably",8,86943529,99.93
"31500","inseam",8,86943537,99.93
"31501","insouciant",8,86943545,99.93
"31502","instep",8,86943553,99.93
"31503","interbank",8,86943561,99.93
"31504","intercessor",8,86943569,99.93
"31505","intercessory",8,86943577,99.93
"31506","interiority",8,86943585,99.93
"31507","intermix",8,86943593,99.93
"31508","intone",8,86943601,99.93
"31509","ironical",8,86943609,99.93
"31510","irrelevancy",8,86943617,99.93
"31511","jalopy",8,86943625,99.93
"31512","jennet",8,86943633,99.93
"31513","jesting",8,86943641,99.93
"31514","jocularity",8,86943649,99.93
"31515","jujube",8,86943657,99.93
"31516","kafta",8,86943665,99.93
"31517","kapa",8,86943673,99.93
"31518","katun",8,86943681,99.93
"31519","khair",8,86943689,99.93
"31520","killdeer",8,86943697,99.93
"31521","kinetics",8,86943705,99.93
"31522","kinglet",8,86943713,99.93
"31523","kittle",8,86943721,99.93
"31524","knapsack",8,86943729,99.93
"31525","knockabout",8,86943737,99.93
"31526","kobi",8,86943745,99.93
"31527","kobold",8,86943753,99.93
"31528","kusa",8,86943761,99.93
"31529","lactobacillus",8,86943769,99.93
"31530","lambskin",8,86943777,99.93
"31531","lances",8,86943785,99.93
"31532","laneway",8,86943793,99.93
"31533","laur",8,86943801,99.93
"31534","leck",8,86943809,99.93
"31535","lectureship",8,86943817,99.93
"31536","levelheaded",8,86943825,99.93
"31537","licentiousness",8,86943833,99.93
"31538","lichi",8,86943841,99.93
"31539","lifelessly",8,86943849,99.93
"31540","lightheartedly",8,86943857,99.93
"31541","limply",8,86943865,99.93
"31542","lipoprotein",8,86943873,99.93
"31543","liquefaction",8,86943881,99.93
"31544","literalism",8,86943889,99.93
"31545","loganberry",8,86943897,99.93
"31546","loke",8,86943905,99.93
"31547","longan",8,86943913,99.93
"31548","lorimer",8,86943921,99.93
"31549","lousewort",8,86943929,99.93
"31550","luminescence",8,86943937,99.93
"31551","lusciousness",8,86943945,99.93
"31552","lyonnaise",8,86943953,99.93
"31553","macrame",8,86943961,99.93
"31554","magnetics",8,86943969,99.93
"31555","mainsail",8,86943977,99.93
"31556","maire",8,86943985,99.93
"31557","majolica",8,86943993,99.93
"31558","majorette",8,86944001,99.93
"31559","malleability",8,86944009,99.93
"31560","maneuverable",8,86944017,99.93
"31561","manfully",8,86944025,99.93
"31562","mannerly",8,86944033,99.93
"31563","mantilla",8,86944041,99.93
"31564","manuka",8,86944049,99.93
"31565","massif",8,86944057,99.93
"31566","masterly",8,86944065,99.93
"31567","mastitis",8,86944073,99.93
"31568","matin",8,86944081,99.93
"31569","matriculate",8,86944089,99.93
"31570","matti",8,86944097,99.93
"31571","mealer",8,86944105,99.93
"31572","meed",8,86944113,99.93
"31573","meese",8,86944121,99.93
"31574","megalopolis",8,86944129,99.93
"31575","memoranda",8,86944137,99.93
"31576","mero",8,86944145,99.93
"31577","metronomic",8,86944153,99.93
"31578","microscopy",8,86944161,99.93
"31579","midden",8,86944169,99.93
"31580","miff",8,86944177,99.93
"31581","mildness",8,86944185,99.93
"31582","milkmaid",8,86944193,99.93
"31583","ministerium",8,86944201,99.93
"31584","mino",8,86944209,99.93
"31585","miny",8,86944217,99.93
"31586","misclassification",8,86944225,99.93
"31587","misconstrue",8,86944233,99.93
"31588","mismanage",8,86944241,99.93
"31589","modeler",8,86944249,99.93
"31590","modifiable",8,86944257,99.93
"31591","modulus",8,86944265,99.93
"31592","mollifying",8,86944273,99.93
"31593","mopsy",8,86944281,99.93
"31594","multitudinous",8,86944289,99.93
"31595","murderess",8,86944297,99.93
"31596","mystification",8,86944305,99.93
"31597","naam",8,86944313,99.93
"31598","nain",8,86944321,99.93
"31599","namer",8,86944329,99.93
"31600","nandi",8,86944337,99.93
"31601","nasturtium",8,86944345,99.93
"31602","nattily",8,86944353,99.93
"31603","navigant",8,86944361,99.93
"31604","nazir",8,86944369,99.93
"31605","nebulae",8,86944377,99.93
"31606","necker",8,86944385,99.93
"31607","necropsy",8,86944393,99.93
"31608","nibbler",8,86944401,99.93
"31609","nicking",8,86944409,99.93
"31610","noblesse",8,86944417,99.93
"31611","noneconomic",8,86944425,99.93
"31612","nonentity",8,86944433,99.93
"31613","nonfederal",8,86944441,99.93
"31614","nonsmoker",8,86944449,99.93
"31615","nonvoting",8,86944457,99.93
"31616","nosocomial",8,86944465,99.93
"31617","nutcrackers",8,86944473,99.93
"31618","nutria",8,86944481,99.93
"31619","nutted",8,86944489,99.93
"31620","objectivism",8,86944497,99.93
"31621","obnoxiousness",8,86944505,99.93
"31622","occipital",8,86944513,99.93
"31623","ocher",8,86944521,99.93
"31624","offhanded",8,86944529,99.93
"31625","offhandedly",8,86944537,99.93
"31626","ofttimes",8,86944545,99.93
"31627","oiler",8,86944553,99.93
"31628","olein",8,86944561,99.93
"31629","onanism",8,86944569,99.93
"31630","opalescent",8,86944577,99.93
"31631","operatively",8,86944585,99.93
"31632","ordinal",8,86944593,99.93
"31633","orientalism",8,86944601,99.93
"31634","orignal",8,86944609,99.93
"31635","osteosarcoma",8,86944617,99.93
"31636","ough",8,86944625,99.93
"31637","outrageousness",8,86944633,99.93
"31638","outraging",8,86944641,99.93
"31639","outsell",8,86944649,99.93
"31640","outsole",8,86944657,99.93
"31641","overbeat",8,86944665,99.93
"31642","overbuilt",8,86944673,99.93
"31643","overburden",8,86944681,99.93
"31644","overby",8,86944689,99.93
"31645","overconsumption",8,86944697,99.93
"31646","overextend",8,86944705,99.93
"31647","overman",8,86944713,99.93
"31648","overtop",8,86944721,99.93
"31649","owd",8,86944729,99.93
"31650","oxidize",8,86944737,99.93
"31651","paar",8,86944745,99.93
"31652","pabulum",8,86944753,99.93
"31653","paddler",8,86944761,99.93
"31654","pakeha",8,86944769,99.93
"31655","palet",8,86944777,99.93
"31656","pallbearer",8,86944785,99.93
"31657","panfish",8,86944793,99.93
"31658","panner",8,86944801,99.93
"31659","parachutist",8,86944809,99.93
"31660","paraclete",8,86944817,99.93
"31661","paradigmatic",8,86944825,99.93
"31662","parallelogram",8,86944833,99.93
"31663","pardoning",8,86944841,99.93
"31664","parotid",8,86944849,99.93
"31665","parsec",8,86944857,99.93
"31666","partite",8,86944865,99.93
"31667","passionless",8,86944873,99.93
"31668","patria",8,86944881,99.93
"31669","pawl",8,86944889,99.93
"31670","peaberry",8,86944897,99.93
"31671","pecuniary",8,86944905,99.93
"31672","pedregal",8,86944913,99.93
"31673","pegboard",8,86944921,99.93
"31674","penetrative",8,86944929,99.93
"31675","pensively",8,86944937,99.93
"31676","peonage",8,86944945,99.93
"31677","pepino",8,86944953,99.93
"31678","perfecter",8,86944961,99.93
"31679","perfidy",8,86944969,99.93
"31680","perkin",8,86944977,99.93
"31681","permeability",8,86944985,99.93
"31682","persuadable",8,86944993,99.93
"31683","petulantly",8,86945001,99.93
"31684","phalanges",8,86945009,99.93
"31685","phenylalanine",8,86945017,99.93
"31686","philologist",8,86945025,99.93
"31687","philomath",8,86945033,99.93
"31688","philosophize",8,86945041,99.93
"31689","photosensitivity",8,86945049,99.93
"31690","phthalate",8,86945057,99.93
"31691","phylactery",8,86945065,99.93
"31692","piddle",8,86945073,99.93
"31693","piercingly",8,86945081,99.93
"31694","pili",8,86945089,99.93
"31695","pimenton",8,86945097,99.93
"31696","pimply",8,86945105,99.93
"31697","pinner",8,86945113,99.93
"31698","pixilated",8,86945121,99.93
"31699","placidly",8,86945129,99.93
"31700","plage",8,86945137,99.93
"31701","plaintively",8,86945145,99.93
"31702","plak",8,86945153,99.93
"31703","planeta",8,86945161,99.93
"31704","plasticine",8,86945169,99.93
"31705","playability",8,86945177,99.93
"31706","plebeian",8,86945185,99.93
"31707","plenitude",8,86945193,99.93
"31708","poetess",8,86945201,99.93
"31709","pointman",8,86945209,99.93
"31710","polygyny",8,86945217,99.93
"31711","polypeptide",8,86945225,99.93
"31712","polyrhythmic",8,86945233,99.93
"31713","polytheist",8,86945241,99.93
"31714","polytypic",8,86945249,99.93
"31715","pontification",8,86945257,99.93
"31716","poot",8,86945265,99.93
"31717","popish",8,86945273,99.93
"31718","poseur",8,86945281,99.93
"31719","posteriors",8,86945289,99.93
"31720","potently",8,86945297,99.93
"31721","prandial",8,86945305,99.93
"31722","preceptor",8,86945313,99.93
"31723","preces",8,86945321,99.93
"31724","preciously",8,86945329,99.93
"31725","predication",8,86945337,99.93
"31726","prekindergarten",8,86945345,99.93
"31727","prerelease",8,86945353,99.93
"31728","presciently",8,86945361,99.93
"31729","primero",8,86945369,99.93
"31730","primly",8,86945377,99.93
"31731","procurator",8,86945385,99.93
"31732","prohibitionist",8,86945393,99.93
"31733","propagandistic",8,86945401,99.93
"31734","prophetically",8,86945409,99.93
"31735","propylene",8,86945417,99.93
"31736","provincialism",8,86945425,99.93
"31737","psychodrama",8,86945433,99.93
"31738","puce",8,86945441,99.93
"31739","puggle",8,86945449,99.93
"31740","pullet",8,86945457,99.93
"31741","pulsation",8,86945465,99.93
"31742","puna",8,86945473,99.93
"31743","pursuance",8,86945481,99.93
"31744","putatively",8,86945489,99.93
"31745","pyridoxine",8,86945497,99.93
"31746","quadrillion",8,86945505,99.93
"31747","quagga",8,86945513,99.93
"31748","quarrying",8,86945521,99.93
"31749","quercetin",8,86945529,99.93
"31750","quilled",8,86945537,99.93
"31751","quire",8,86945545,99.93
"31752","quod",8,86945553,99.93
"31753","raad",8,86945561,99.93
"31754","rada",8,86945569,99.93
"31755","radiantly",8,86945577,99.93
"31756","radicalize",8,86945585,99.93
"31757","radioman",8,86945593,99.93
"31758","rapscallion",8,86945601,99.93
"31759","rata",8,86945609,99.93
"31760","rathskeller",8,86945617,99.93
"31761","ravenously",8,86945625,99.93
"31762","ravishingly",8,86945633,99.93
"31763","recitative",8,86945641,99.93
"31764","reconfirm",8,86945649,99.93
"31765","recurve",8,86945657,99.93
"31766","recut",8,86945665,99.93
"31767","redistrict",8,86945673,99.93
"31768","referent",8,86945681,99.93
"31769","reimbursable",8,86945689,99.93
"31770","reinstallation",8,86945697,99.93
"31771","rennet",8,86945705,99.93
"31772","reoccupation",8,86945713,99.93
"31773","reoccurrence",8,86945721,99.93
"31774","reproducible",8,86945729,99.93
"31775","repugnance",8,86945737,99.93
"31776","reshoot",8,86945745,99.93
"31777","retoucher",8,86945753,99.93
"31778","retributive",8,86945761,99.93
"31779","reutilization",8,86945769,99.93
"31780","revealingly",8,86945777,99.93
"31781","rhapsodomancy",8,86945785,99.93
"31782","rhodium",8,86945793,99.93
"31783","rhodopsin",8,86945801,99.93
"31784","rillette",8,86945809,99.93
"31785","rioter",8,86945817,99.93
"31786","rooty",8,86945825,99.93
"31787","rostra",8,86945833,99.93
"31788","rother",8,86945841,99.93
"31789","roughage",8,86945849,99.93
"31790","roundy",8,86945857,99.93
"31791","rudge",8,86945865,99.93
"31792","ruggedness",8,86945873,99.93
"31793","rupiah",8,86945881,99.93
"31794","salvy",8,86945889,99.93
"31795","sansei",8,86945897,99.93
"31796","sargasso",8,86945905,99.93
"31797","sarrazin",8,86945913,99.93
"31798","scapula",8,86945921,99.93
"31799","schwa",8,86945929,99.93
"31800","screamingly",8,86945937,99.93
"31801","scudder",8,86945945,99.93
"31802","scullery",8,86945953,99.93
"31803","seafarer",8,86945961,99.93
"31804","seagoing",8,86945969,99.93
"31805","sedimentary",8,86945977,99.93
"31806","selectman",8,86945985,99.93
"31807","selvedge",8,86945993,99.93
"31808","seme",8,86946001,99.93
"31809","semiofficial",8,86946009,99.93
"31810","senescent",8,86946017,99.93
"31811","separator",8,86946025,99.93
"31812","sett",8,86946033,99.93
"31813","severally",8,86946041,99.93
"31814","sextant",8,86946049,99.93
"31815","shadowland",8,86946057,99.93
"31816","shalwar",8,86946065,99.93
"31817","shama",8,86946073,99.93
"31818","shammy",8,86946081,99.93
"31819","sharable",8,86946089,99.93
"31820","shatteringly",8,86946097,99.93
"31821","sheathing",8,86946105,99.93
"31822","shekel",8,86946113,99.93
"31823","sheppey",8,86946121,99.93
"31824","shibboleth",8,86946129,99.93
"31825","shipbuilder",8,86946137,99.93
"31826","shrouding",8,86946145,99.93
"31827","sibilant",8,86946153,99.93
"31828","significator",8,86946161,99.93
"31829","silage",8,86946169,99.93
"31830","silkiness",8,86946177,99.93
"31831","sirocco",8,86946185,99.93
"31832","sisi",8,86946193,99.93
"31833","skeen",8,86946201,99.93
"31834","skirmishing",8,86946209,99.93
"31835","skullcap",8,86946217,99.93
"31836","slighter",8,86946225,99.93
"31837","slipperiness",8,86946233,99.93
"31838","sloka",8,86946241,99.93
"31839","slopped",8,86946249,99.93
"31840","smalling",8,86946257,99.93
"31841","smocking",8,86946265,99.93
"31842","smore",8,86946273,99.93
"31843","snappily",8,86946281,99.93
"31844","snorer",8,86946289,99.93
"31845","snowcap",8,86946297,99.93
"31846","snowdrift",8,86946305,99.93
"31847","soffit",8,86946313,99.93
"31848","soka",8,86946321,99.93
"31849","solenoid",8,86946329,99.93
"31850","soother",8,86946337,99.93
"31851","sophisticate",8,86946345,99.93
"31852","soporific",8,86946353,99.93
"31853","souled",8,86946361,99.93
"31854","spang",8,86946369,99.93
"31855","spectrometry",8,86946377,99.93
"31856","spiffing",8,86946385,99.93
"31857","spiritedness",8,86946393,99.93
"31858","spirithood",8,86946401,99.93
"31859","spittoon",8,86946409,99.93
"31860","splotch",8,86946417,99.93
"31861","springle",8,86946425,99.93
"31862","squeezer",8,86946433,99.93
"31863","stadia",8,86946441,99.93
"31864","stadion",8,86946449,99.93
"31865","stagehand",8,86946457,99.93
"31866","staleness",8,86946465,99.93
"31867","statecraft",8,86946473,99.93
"31868","steepness",8,86946481,99.93
"31869","stigmatize",8,86946489,99.93
"31870","stimulative",8,86946497,99.93
"31871","stoical",8,86946505,99.93
"31872","stoled",8,86946513,99.93
"31873","strafe",8,86946521,99.93
"31874","streptococcus",8,86946529,99.93
"31875","strickler",8,86946537,99.93
"31876","strictness",8,86946545,99.93
"31877","stringently",8,86946553,99.93
"31878","striven",8,86946561,99.93
"31879","styler",8,86946569,99.93
"31880","stylishness",8,86946577,99.93
"31881","subhuman",8,86946585,99.93
"31882","submariner",8,86946593,99.93
"31883","subregion",8,86946601,99.93
"31884","substantiation",8,86946609,99.93
"31885","substitutionary",8,86946617,99.93
"31886","subsystem",8,86946625,99.93
"31887","sunder",8,86946633,99.93
"31888","supercharge",8,86946641,99.93
"31889","superego",8,86946649,99.93
"31890","supervisorial",8,86946657,99.93
"31891","suppertime",8,86946665,99.93
"31892","suppository",8,86946673,99.93
"31893","suppressive",8,86946681,99.93
"31894","surliness",8,86946689,99.93
"31895","suspensive",8,86946697,99.93
"31896","swallowtail",8,86946705,99.93
"31897","swelter",8,86946713,99.93
"31898","swishy",8,86946721,99.93
"31899","symmetrically",8,86946729,99.93
"31900","syncretic",8,86946737,99.93
"31901","tablespoonful",8,86946745,99.93
"31902","taillight",8,86946753,99.93
"31903","tallboy",8,86946761,99.93
"31904","tannery",8,86946769,99.93
"31905","tatler",8,86946777,99.94
"31906","tatu",8,86946785,99.94
"31907","teakettle",8,86946793,99.94
"31908","teamaker",8,86946801,99.94
"31909","temperamentally",8,86946809,99.94
"31910","tendril",8,86946817,99.94
"31911","themis",8,86946825,99.94
"31912","thereupon",8,86946833,99.94
"31913","thermally",8,86946841,99.94
"31914","thermoplastic",8,86946849,99.94
"31915","thir",8,86946857,99.94
"31916","thorax",8,86946865,99.94
"31917","tiao",8,86946873,99.94
"31918","tilde",8,86946881,99.94
"31919","tingler",8,86946889,99.94
"31920","titmouse",8,86946897,99.94
"31921","toastmaster",8,86946905,99.94
"31922","toman",8,86946913,99.94
"31923","tonguing",8,86946921,99.94
"31924","tope",8,86946929,99.94
"31925","toph",8,86946937,99.94
"31926","topnotch",8,86946945,99.94
"31927","topographic",8,86946953,99.94
"31928","torus",8,86946961,99.94
"31929","towboat",8,86946969,99.94
"31930","toweling",8,86946977,99.94
"31931","toxicologist",8,86946985,99.94
"31932","toxoplasmosis",8,86946993,99.94
"31933","tranquilize",8,86947001,99.94
"31934","transact",8,86947009,99.94
"31935","translucence",8,86947017,99.94
"31936","transuranic",8,86947025,99.94
"31937","transvestism",8,86947033,99.94
"31938","treadle",8,86947041,99.94
"31939","trichloroethylene",8,86947049,99.94
"31940","trigeminal",8,86947057,99.94
"31941","triology",8,86947065,99.94
"31942","troglodyte",8,86947073,99.94
"31943","trollop",8,86947081,99.94
"31944","trouper",8,86947089,99.94
"31945","truncate",8,86947097,99.94
"31946","trusteeship",8,86947105,99.94
"31947","tst",8,86947113,99.94
"31948","tuppence",8,86947121,99.94
"31949","turbid",8,86947129,99.94
"31950","turbofan",8,86947137,99.94
"31951","tute",8,86947145,99.94
"31952","tympani",8,86947153,99.94
"31953","udell",8,86947161,99.94
"31954","unattributed",8,86947169,99.94
"31955","uncaged",8,86947177,99.94
"31956","unceasingly",8,86947185,99.94
"31957","uncertified",8,86947193,99.94
"31958","unclench",8,86947201,99.94
"31959","unclogged",8,86947209,99.94
"31960","uncomfy",8,86947217,99.94
"31961","uncomprehending",8,86947225,99.94
"31962","uncompressed",8,86947233,99.94
"31963","unconsecrated",8,86947241,99.94
"31964","uncountable",8,86947249,99.94
"31965","undercroft",8,86947257,99.94
"31966","undereducated",8,86947265,99.94
"31967","undeservedly",8,86947273,99.94
"31968","undesignated",8,86947281,99.94
"31969","undigested",8,86947289,99.94
"31970","undiscussed",8,86947297,99.94
"31971","undisguised",8,86947305,99.94
"31972","undrained",8,86947313,99.94
"31973","undulate",8,86947321,99.94
"31974","uneconomic",8,86947329,99.94
"31975","unengaged",8,86947337,99.94
"31976","unenjoyable",8,86947345,99.94
"31977","unfaltering",8,86947353,99.94
"31978","unfastened",8,86947361,99.94
"31979","unfixable",8,86947369,99.94
"31980","unforeseeable",8,86947377,99.94
"31981","unfound",8,86947385,99.94
"31982","unglue",8,86947393,99.94
"31983","ungodliness",8,86947401,99.94
"31984","unimproved",8,86947409,99.94
"31985","uninfected",8,86947417,99.94
"31986","unknow",8,86947425,99.94
"31987","unmonitored",8,86947433,99.94
"31988","unpersuasive",8,86947441,99.94
"31989","unplaced",8,86947449,99.94
"31990","unproduced",8,86947457,99.94
"31991","unquiet",8,86947465,99.94
"31992","unreconciled",8,86947473,99.94
"31993","unscored",8,86947481,99.94
"31994","unseeing",8,86947489,99.94
"31995","unsmiling",8,86947497,99.94
"31996","unstinting",8,86947505,99.94
"31997","updraft",8,86947513,99.94
"31998","upholster",8,86947521,99.94
"31999","upline",8,86947529,99.94
"32000","urbanite",8,86947537,99.94
"32001","vainglory",8,86947545,99.94
"32002","valse",8,86947553,99.94
"32003","velum",8,86947561,99.94
"32004","ventilate",8,86947569,99.94
"32005","verdigris",8,86947577,99.94
"32006","vier",8,86947585,99.94
"32007","vila",8,86947593,99.94
"32008","vindicator",8,86947601,99.94
"32009","virago",8,86947609,99.94
"32010","vireo",8,86947617,99.94
"32011","vizier",8,86947625,99.94
"32012","voicer",8,86947633,99.94
"32013","waggle",8,86947641,99.94
"32014","waggling",8,86947649,99.94
"32015","wangle",8,86947657,99.94
"32016","wayfare",8,86947665,99.94
"32017","weevil",8,86947673,99.94
"32018","westing",8,86947681,99.94
"32019","whitestone",8,86947689,99.94
"32020","widdle",8,86947697,99.94
"32021","willet",8,86947705,99.94
"32022","windbreak",8,86947713,99.94
"32023","winer",8,86947721,99.94
"32024","wisecrack",8,86947729,99.94
"32025","wittering",8,86947737,99.94
"32026","woodshop",8,86947745,99.94
"32027","woodsman",8,86947753,99.94
"32028","wouldst",8,86947761,99.94
"32029","wun",8,86947769,99.94
"32030","wur",8,86947777,99.94
"32031","yawp",8,86947785,99.94
"32032","zanella",8,86947793,99.94
"32033","abasement",7,86947800,99.94
"32034","abjuration",7,86947807,99.94
"32035","abominably",7,86947814,99.94
"32036","abridge",7,86947821,99.94
"32037","abutment",7,86947828,99.94
"32038","acca",7,86947835,99.94
"32039","accelerometer",7,86947842,99.94
"32040","acceptably",7,86947849,99.94
"32041","actuarially",7,86947856,99.94
"32042","adat",7,86947863,99.94
"32043","adhesion",7,86947870,99.94
"32044","adjudicator",7,86947877,99.94
"32045","adman",7,86947884,99.94
"32046","admissibility",7,86947891,99.94
"32047","afterbirth",7,86947898,99.94
"32048","afterworld",7,86947905,99.94
"32049","agitprop",7,86947912,99.94
"32050","aimlessness",7,86947919,99.94
"32051","airdrop",7,86947926,99.94
"32052","airily",7,86947933,99.94
"32053","airmail",7,86947940,99.94
"32054","airworthiness",7,86947947,99.94
"32055","akov",7,86947954,99.94
"32056","albedo",7,86947961,99.94
"32057","allegorically",7,86947968,99.94
"32058","alphabetic",7,86947975,99.94
"32059","alphabetize",7,86947982,99.94
"32060","amateurism",7,86947989,99.94
"32061","ambar",7,86947996,99.94
"32062","ambassadorial",7,86948003,99.94
"32063","ambergris",7,86948010,99.94
"32064","amoebic",7,86948017,99.94
"32065","anan",7,86948024,99.94
"32066","anhinga",7,86948031,99.94
"32067","anker",7,86948038,99.94
"32068","anklet",7,86948045,99.94
"32069","anthropomorphize",7,86948052,99.94
"32070","aphotic",7,86948059,99.94
"32071","apprehensively",7,86948066,99.94
"32072","arborvitae",7,86948073,99.94
"32073","archdruid",7,86948080,99.94
"32074","arras",7,86948087,99.94
"32075","arrowed",7,86948094,99.94
"32076","arusha",7,86948101,99.94
"32077","aspartic",7,86948108,99.94
"32078","assembler",7,86948115,99.94
"32079","assignee",7,86948122,99.94
"32080","atman",7,86948129,99.94
"32081","atramentous",7,86948136,99.94
"32082","attestation",7,86948143,99.94
"32083","atwitter",7,86948150,99.94
"32084","audiophile",7,86948157,99.94
"32085","autosomal",7,86948164,99.94
"32086","backen",7,86948171,99.94
"32087","bacony",7,86948178,99.94
"32088","bacteriological",7,86948185,99.94
"32089","bandersnatch",7,86948192,99.94
"32090","banditry",7,86948199,99.94
"32091","bannerman",7,86948206,99.94
"32092","bardo",7,86948213,99.94
"32093","barky",7,86948220,99.94
"32094","barony",7,86948227,99.94
"32095","baze",7,86948234,99.94
"32096","bedazzling",7,86948241,99.94
"32097","bedpost",7,86948248,99.94
"32098","bedroll",7,86948255,99.94
"32099","befuddlement",7,86948262,99.94
"32100","beleave",7,86948269,99.94
"32101","bergy",7,86948276,99.94
"32102","beshear",7,86948283,99.94
"32103","beslow",7,86948290,99.94
"32104","bewail",7,86948297,99.94
"32105","bhat",7,86948304,99.94
"32106","bhut",7,86948311,99.94
"32107","bicone",7,86948318,99.94
"32108","bigamist",7,86948325,99.94
"32109","billfold",7,86948332,99.94
"32110","bion",7,86948339,99.94
"32111","bisson",7,86948346,99.94
"32112","blackhead",7,86948353,99.94
"32113","blackly",7,86948360,99.94
"32114","blading",7,86948367,99.94
"32115","blasphemer",7,86948374,99.94
"32116","bleeder",7,86948381,99.94
"32117","blighting",7,86948388,99.94
"32118","blobby",7,86948395,99.94
"32119","blubbery",7,86948402,99.94
"32120","bollard",7,86948409,99.94
"32121","bonderman",7,86948416,99.94
"32122","boringly",7,86948423,99.94
"32123","boscage",7,86948430,99.94
"32124","botulinum",7,86948437,99.94
"32125","botulism",7,86948444,99.94
"32126","boule",7,86948451,99.94
"32127","bourse",7,86948458,99.94
"32128","boysenberry",7,86948465,99.94
"32129","brazenness",7,86948472,99.94
"32130","brimful",7,86948479,99.94
"32131","brookie",7,86948486,99.94
"32132","brothy",7,86948493,99.94
"32133","browed",7,86948500,99.94
"32134","brumby",7,86948507,99.94
"32135","brutalism",7,86948514,99.94
"32136","brutalization",7,86948521,99.94
"32137","bugbear",7,86948528,99.94
"32138","bumpiness",7,86948535,99.94
"32139","buri",7,86948542,99.94
"32140","butterfat",7,86948549,99.94
"32141","cabalist",7,86948556,99.94
"32142","cabezon",7,86948563,99.94
"32143","caboodle",7,86948570,99.94
"32144","cack",7,86948577,99.94
"32145","cailleach",7,86948584,99.94
"32146","calabaza",7,86948591,99.94
"32147","calli",7,86948598,99.94
"32148","callus",7,86948605,99.94
"32149","calorific",7,86948612,99.94
"32150","canape",7,86948619,99.94
"32151","cantilever",7,86948626,99.94
"32152","capuchin",7,86948633,99.94
"32153","carambola",7,86948640,99.94
"32154","caramelization",7,86948647,99.94
"32155","carbonaceous",7,86948654,99.94
"32156","caretaking",7,86948661,99.94
"32157","cartographic",7,86948668,99.94
"32158","casebook",7,86948675,99.94
"32159","casha",7,86948682,99.94
"32160","catena",7,86948689,99.94
"32161","causeless",7,86948696,99.94
"32162","cavalierly",7,86948703,99.94
"32163","centripetal",7,86948710,99.94
"32164","ceremonially",7,86948717,99.94
"32165","chalone",7,86948724,99.94
"32166","chancellorship",7,86948731,99.94
"32167","chaperon",7,86948738,99.94
"32168","chaplet",7,86948745,99.94
"32169","charas",7,86948752,99.94
"32170","charnel",7,86948759,99.94
"32171","chatwood",7,86948766,99.94
"32172","chauffer",7,86948773,99.94
"32173","chaw",7,86948780,99.94
"32174","chorionic",7,86948787,99.94
"32175","chowk",7,86948794,99.94
"32176","chuff",7,86948801,99.94
"32177","chut",7,86948808,99.94
"32178","circularity",7,86948815,99.94
"32179","clamming",7,86948822,99.94
"32180","clamorous",7,86948829,99.94
"32181","clarin",7,86948836,99.94
"32182","classicism",7,86948843,99.94
"32183","cleanness",7,86948850,99.94
"32184","cliffy",7,86948857,99.94
"32185","coadjutor",7,86948864,99.94
"32186","coagulate",7,86948871,99.94
"32187","cochlea",7,86948878,99.94
"32188","coeliac",7,86948885,99.94
"32189","coiffure",7,86948892,99.94
"32190","comber",7,86948899,99.94
"32191","comity",7,86948906,99.94
"32192","committer",7,86948913,99.94
"32193","comradery",7,86948920,99.94
"32194","concessionary",7,86948927,99.94
"32195","congregant",7,86948934,99.94
"32196","conjugate",7,86948941,99.94
"32197","consubstantial",7,86948948,99.94
"32198","consumptive",7,86948955,99.94
"32199","contralto",7,86948962,99.94
"32200","convective",7,86948969,99.94
"32201","convener",7,86948976,99.94
"32202","convulsion",7,86948983,99.94
"32203","coonskin",7,86948990,99.94
"32204","cordillera",7,86948997,99.94
"32205","cornhusker",7,86949004,99.94
"32206","corroding",7,86949011,99.94
"32207","corsetry",7,86949018,99.94
"32208","cortical",7,86949025,99.94
"32209","coruscant",7,86949032,99.94
"32210","cosiness",7,86949039,99.94
"32211","cosmopolis",7,86949046,99.94
"32212","cosmopolitanism",7,86949053,99.94
"32213","countertenor",7,86949060,99.94
"32214","couper",7,86949067,99.94
"32215","cowbird",7,86949074,99.94
"32216","crabbed",7,86949081,99.94
"32217","crake",7,86949088,99.94
"32218","creditability",7,86949095,99.94
"32219","cressy",7,86949102,99.94
"32220","crile",7,86949109,99.94
"32221","crookedness",7,86949116,99.94
"32222","crossway",7,86949123,99.94
"32223","crotchet",7,86949130,99.94
"32224","cubbyhole",7,86949137,99.94
"32225","cultist",7,86949144,99.94
"32226","cupbearer",7,86949151,99.94
"32227","cysteine",7,86949158,99.94
"32228","cystitis",7,86949165,99.94
"32229","dairying",7,86949172,99.94
"32230","darkling",7,86949179,99.94
"32231","darr",7,86949186,99.94
"32232","datum",7,86949193,99.94
"32233","daunt",7,86949200,99.94
"32234","deadness",7,86949207,99.94
"32235","deafeningly",7,86949214,99.94
"32236","debord",7,86949221,99.94
"32237","debutant",7,86949228,99.94
"32238","deerstalker",7,86949235,99.94
"32239","defacement",7,86949242,99.94
"32240","defoliation",7,86949249,99.94
"32241","dele",7,86949256,99.94
"32242","delftware",7,86949263,99.94
"32243","deliberateness",7,86949270,99.94
"32244","delightedly",7,86949277,99.94
"32245","dement",7,86949284,99.94
"32246","depersonalization",7,86949291,99.94
"32247","deplane",7,86949298,99.94
"32248","deprecate",7,86949305,99.94
"32249","depressor",7,86949312,99.94
"32250","descriptively",7,86949319,99.94
"32251","descriptiveness",7,86949326,99.94
"32252","desensitize",7,86949333,99.94
"32253","determinist",7,86949340,99.94
"32254","diadem",7,86949347,99.94
"32255","dib",7,86949354,99.94
"32256","dich",7,86949361,99.94
"32257","dicker",7,86949368,99.94
"32258","differentially",7,86949375,99.94
"32259","diffident",7,86949382,99.94
"32260","digestibility",7,86949389,99.94
"32261","digitizer",7,86949396,99.94
"32262","dilli",7,86949403,99.94
"32263","dinkum",7,86949410,99.94
"32264","directionally",7,86949417,99.94
"32265","disassociation",7,86949424,99.94
"32266","disbarment",7,86949431,99.94
"32267","disclaim",7,86949438,99.94
"32268","discomforting",7,86949445,99.94
"32269","disconcerted",7,86949452,99.94
"32270","disher",7,86949459,99.94
"32271","dishrag",7,86949466,99.94
"32272","disingenuously",7,86949473,99.94
"32273","dispensational",7,86949480,99.94
"32274","disrespectfully",7,86949487,99.94
"32275","distributive",7,86949494,99.94
"32276","diurnal",7,86949501,99.94
"32277","diverticulitis",7,86949508,99.94
"32278","doddering",7,86949515,99.94
"32279","dolorous",7,86949522,99.94
"32280","domesticate",7,86949529,99.94
"32281","dominator",7,86949536,99.94
"32282","doornail",7,86949543,99.94
"32283","dorsolateral",7,86949550,99.94
"32284","dotterel",7,86949557,99.94
"32285","doublet",7,86949564,99.94
"32286","dramaturge",7,86949571,99.94
"32287","dreamworld",7,86949578,99.94
"32288","dromedary",7,86949585,99.94
"32289","dropsy",7,86949592,99.94
"32290","dryad",7,86949599,99.94
"32291","dullard",7,86949606,99.94
"32292","dumbly",7,86949613,99.94
"32293","earplug",7,86949620,99.94
"32294","eccentrically",7,86949627,99.94
"32295","egomania",7,86949634,99.94
"32296","elate",7,86949641,99.94
"32297","electrocute",7,86949648,99.94
"32298","electrolysis",7,86949655,99.94
"32299","elucidation",7,86949662,99.94
"32300","emancipate",7,86949669,99.94
"32301","embarkation",7,86949676,99.94
"32302","enchantress",7,86949683,99.94
"32303","encinal",7,86949690,99.94
"32304","ens",7,86949697,99.94
"32305","entreaty",7,86949704,99.94
"32306","entrenchment",7,86949711,99.94
"32307","episiotomy",7,86949718,99.94
"32308","ethereally",7,86949725,99.94
"32309","ethnocentric",7,86949732,99.94
"32310","ethnographer",7,86949739,99.94
"32311","evensong",7,86949746,99.94
"32312","exhibitionism",7,86949753,99.94
"32313","exogenous",7,86949760,99.94
"32314","expansiveness",7,86949767,99.94
"32315","experimentalism",7,86949774,99.94
"32316","explainer",7,86949781,99.94
"32317","expressively",7,86949788,99.94
"32318","extinguishment",7,86949795,99.94
"32319","extortionate",7,86949802,99.94
"32320","extortionist",7,86949809,99.94
"32321","extrasensory",7,86949816,99.94
"32322","facer",7,86949823,99.94
"32323","falconry",7,86949830,99.94
"32324","familiarization",7,86949837,99.94
"32325","felty",7,86949844,99.94
"32326","femicide",7,86949851,99.94
"32327","fervid",7,86949858,99.94
"32328","fetishize",7,86949865,99.94
"32329","filemaker",7,86949872,99.94
"32330","finis",7,86949879,99.94
"32331","fissile",7,86949886,99.94
"32332","flamer",7,86949893,99.94
"32333","flatfoot",7,86949900,99.94
"32334","flatting",7,86949907,99.94
"32335","flaxman",7,86949914,99.94
"32336","floret",7,86949921,99.94
"32337","fluorescence",7,86949928,99.94
"32338","flyleaf",7,86949935,99.94
"32339","fogey",7,86949942,99.94
"32340","fogless",7,86949949,99.94
"32341","fons",7,86949956,99.94
"32342","fontanel",7,86949963,99.94
"32343","foppish",7,86949970,99.94
"32344","forecourt",7,86949977,99.94
"32345","formic",7,86949984,99.94
"32346","formidably",7,86949991,99.94
"32347","fourteener",7,86949998,99.94
"32348","frameless",7,86950005,99.94
"32349","frase",7,86950012,99.94
"32350","frederik",7,86950019,99.94
"32351","froufrou",7,86950026,99.94
"32352","funt",7,86950033,99.94
"32353","furiosity",7,86950040,99.94
"32354","gali",7,86950047,99.94
"32355","gebbie",7,86950054,99.94
"32356","gelder",7,86950061,99.94
"32357","genizah",7,86950068,99.94
"32358","geode",7,86950075,99.94
"32359","gerund",7,86950082,99.94
"32360","gestate",7,86950089,99.94
"32361","ghazi",7,86950096,99.94
"32362","ghostland",7,86950103,99.94
"32363","giller",7,86950110,99.94
"32364","gingivitis",7,86950117,99.94
"32365","ginned",7,86950124,99.94
"32366","glacially",7,86950131,99.94
"32367","glasswork",7,86950138,99.94
"32368","glibness",7,86950145,99.94
"32369","glor",7,86950152,99.94
"32370","glossiness",7,86950159,99.94
"32371","glottal",7,86950166,99.94
"32372","glower",7,86950173,99.94
"32373","goggled",7,86950180,99.94
"32374","gondolier",7,86950187,99.94
"32375","goofily",7,86950194,99.94
"32376","gossard",7,86950201,99.94
"32377","grackle",7,86950208,99.94
"32378","grandfatherly",7,86950215,99.94
"32379","grat",7,86950222,99.94
"32380","grayness",7,86950229,99.94
"32381","greaser",7,86950236,99.94
"32382","greediness",7,86950243,99.94
"32383","groper",7,86950250,99.94
"32384","growed",7,86950257,99.94
"32385","gue",7,86950264,99.94
"32386","gula",7,86950271,99.94
"32387","gustatory",7,86950278,99.94
"32388","guttering",7,86950285,99.94
"32389","haab",7,86950292,99.94
"32390","hackin",7,86950299,99.94
"32391","haircutting",7,86950306,99.94
"32392","hami",7,86950313,99.94
"32393","handfasting",7,86950320,99.94
"32394","hardener",7,86950327,99.94
"32395","harebrained",7,86950334,99.94
"32396","harridan",7,86950341,99.94
"32397","hatchling",7,86950348,99.94
"32398","hatefully",7,86950355,99.94
"32399","haunch",7,86950362,99.94
"32400","havelock",7,86950369,99.94
"32401","hayseed",7,86950376,99.94
"32402","headquarter",7,86950383,99.94
"32403","heartlessness",7,86950390,99.94
"32404","heatedly",7,86950397,99.94
"32405","heliotrope",7,86950404,99.94
"32406","hellhound",7,86950411,99.94
"32407","hemorrhagic",7,86950418,99.94
"32408","herbarium",7,86950425,99.94
"32409","hereinafter",7,86950432,99.94
"32410","hereunder",7,86950439,99.94
"32411","hexane",7,86950446,99.94
"32412","hic",7,86950453,99.94
"32413","highboy",7,86950460,99.94
"32414","hinderance",7,86950467,99.94
"32415","homesteader",7,86950474,99.94
"32416","honorific",7,86950481,99.94
"32417","hookworm",7,86950488,99.94
"32418","hoople",7,86950495,99.94
"32419","horsetail",7,86950502,99.94
"32420","hotchpotch",7,86950509,99.94
"32421","hunkers",7,86950516,99.94
"32422","hurly",7,86950523,99.94
"32423","hybridity",7,86950530,99.94
"32424","hybridization",7,86950537,99.94
"32425","hydrographic",7,86950544,99.94
"32426","hyson",7,86950551,99.94
"32427","idealize",7,86950558,99.94
"32428","idiotically",7,86950565,99.94
"32429","illegitimacy",7,86950572,99.94
"32430","illuminator",7,86950579,99.94
"32431","imitative",7,86950586,99.94
"32432","immunological",7,86950593,99.94
"32433","immunologist",7,86950600,99.94
"32434","impasto",7,86950607,99.94
"32435","impel",7,86950614,99.94
"32436","impiety",7,86950621,99.94
"32437","impolitic",7,86950628,99.94
"32438","impracticable",7,86950635,99.94
"32439","impudence",7,86950642,99.94
"32440","impudent",7,86950649,99.94
"32441","inarguably",7,86950656,99.94
"32442","inboard",7,86950663,99.94
"32443","incidently",7,86950670,99.94
"32444","incomprehensibly",7,86950677,99.94
"32445","inde",7,86950684,99.94
"32446","indented",7,86950691,99.94
"32447","ineptly",7,86950698,99.94
"32448","ineradicable",7,86950705,99.94
"32449","infectiously",7,86950712,99.94
"32450","inflect",7,86950719,99.94
"32451","inguinal",7,86950726,99.94
"32452","inhumanely",7,86950733,99.94
"32453","inhumanly",7,86950740,99.94
"32454","inimitably",7,86950747,99.94
"32455","initialize",7,86950754,99.94
"32456","insufferably",7,86950761,99.94
"32457","insulator",7,86950768,99.94
"32458","insurgence",7,86950775,99.94
"32459","interconnect",7,86950782,99.94
"32460","interdependency",7,86950789,99.94
"32461","intertribal",7,86950796,99.94
"32462","intimidator",7,86950803,99.94
"32463","intoxicant",7,86950810,99.94
"32464","intransitive",7,86950817,99.94
"32465","intrastate",7,86950824,99.94
"32466","invulnerability",7,86950831,99.94
"32467","ionospheric",7,86950838,99.94
"32468","irredeemably",7,86950845,99.94
"32469","isosceles",7,86950852,99.94
"32470","jackknife",7,86950859,99.94
"32471","jailbird",7,86950866,99.94
"32472","jalousie",7,86950873,99.94
"32473","japonica",7,86950880,99.94
"32474","jauntily",7,86950887,99.94
"32475","jete",7,86950894,99.94
"32476","jinny",7,86950901,99.94
"32477","johnnycake",7,86950908,99.94
"32478","joinery",7,86950915,99.94
"32479","jovially",7,86950922,99.94
"32480","jowly",7,86950929,99.94
"32481","jubilantly",7,86950936,99.94
"32482","juridical",7,86950943,99.94
"32483","juring",7,86950950,99.94
"32484","kachin",7,86950957,99.94
"32485","kaolin",7,86950964,99.94
"32486","karst",7,86950971,99.94
"32487","karwar",7,86950978,99.94
"32488","keb",7,86950985,99.94
"32489","keelhaul",7,86950992,99.94
"32490","kelty",7,86950999,99.94
"32491","ket",7,86951006,99.94
"32492","kewpie",7,86951013,99.94
"32493","kilim",7,86951020,99.94
"32494","killas",7,86951027,99.94
"32495","knower",7,86951034,99.94
"32496","knuckler",7,86951041,99.94
"32497","kopi",7,86951048,99.94
"32498","kuchen",7,86951055,99.94
"32499","kudu",7,86951062,99.94
"32500","kurgan",7,86951069,99.94
"32501","lade",7,86951076,99.94
"32502","lalang",7,86951083,99.94
"32503","lambie",7,86951090,99.94
"32504","lamia",7,86951097,99.94
"32505","lammas",7,86951104,99.94
"32506","latchkey",7,86951111,99.94
"32507","leath",7,86951118,99.94
"32508","leaver",7,86951125,99.94
"32509","legionnaire",7,86951132,99.94
"32510","lehrman",7,86951139,99.94
"32511","lengthways",7,86951146,99.94
"32512","ligature",7,86951153,99.94
"32513","liman",7,86951160,99.94
"32514","limiter",7,86951167,99.94
"32515","linearly",7,86951174,99.94
"32516","lingonberry",7,86951181,99.94
"32517","linotype",7,86951188,99.94
"32518","listlessly",7,86951195,99.94
"32519","lithography",7,86951202,99.94
"32520","locanda",7,86951209,99.94
"32521","lodgepole",7,86951216,99.94
"32522","loincloth",7,86951223,99.94
"32523","longe",7,86951230,99.94
"32524","loro",7,86951237,99.94
"32525","lowder",7,86951244,99.94
"32526","lowy",7,86951251,99.94
"32527","lue",7,86951258,99.94
"32528","lupulin",7,86951265,99.94
"32529","lymphoblastic",7,86951272,99.94
"32530","machi",7,86951279,99.94
"32531","macrocosm",7,86951286,99.94
"32532","magnanimously",7,86951293,99.94
"32533","magnifico",7,86951300,99.94
"32534","mainspring",7,86951307,99.94
"32535","malachite",7,86951314,99.94
"32536","maltodextrin",7,86951321,99.94
"32537","mansard",7,86951328,99.94
"32538","manservant",7,86951335,99.94
"32539","manus",7,86951342,99.94
"32540","manzanillo",7,86951349,99.94
"32541","maqui",7,86951356,99.94
"32542","maraca",7,86951363,99.94
"32543","marengo",7,86951370,99.94
"32544","marriageable",7,86951377,99.94
"32545","mashal",7,86951384,99.94
"32546","matriarchy",7,86951391,99.94
"32547","matsu",7,86951398,99.94
"32548","matsuri",7,86951405,99.94
"32549","meconium",7,86951412,99.94
"32550","medievalist",7,86951419,99.94
"32551","menfolk",7,86951426,99.94
"32552","merl",7,86951433,99.94
"32553","mescaline",7,86951440,99.94
"32554","meson",7,86951447,99.94
"32555","metallurgist",7,86951454,99.94
"32556","metallurgy",7,86951461,99.94
"32557","metaphysically",7,86951468,99.94
"32558","metastasize",7,86951475,99.94
"32559","metatarsal",7,86951482,99.94
"32560","metropole",7,86951489,99.94
"32561","microbe",7,86951496,99.94
"32562","microscopically",7,86951503,99.94
"32563","midshipman",7,86951510,99.94
"32564","miffy",7,86951517,99.94
"32565","militantly",7,86951524,99.94
"32566","milker",7,86951531,99.94
"32567","mindlessness",7,86951538,99.94
"32568","minge",7,86951545,99.94
"32569","mirador",7,86951552,99.94
"32570","misdirect",7,86951559,99.94
"32571","mistrustful",7,86951566,99.94
"32572","modish",7,86951573,99.94
"32573","mogadore",7,86951580,99.94
"32574","moire",7,86951587,99.94
"32575","molybdenum",7,86951594,99.94
"32576","monarchical",7,86951601,99.94
"32577","moneylender",7,86951608,99.94
"32578","mortise",7,86951615,99.94
"32579","motility",7,86951622,99.94
"32580","muchness",7,86951629,99.94
"32581","muezzin",7,86951636,99.94
"32582","multistage",7,86951643,99.94
"32583","mummification",7,86951650,99.94
"32584","muralist",7,86951657,99.94
"32585","murine",7,86951664,99.94
"32586","mysteriousness",7,86951671,99.94
"32587","naif",7,86951678,99.94
"32588","neddy",7,86951685,99.94
"32589","neuroblastoma",7,86951692,99.94
"32590","neuropsychiatric",7,86951699,99.94
"32591","nevus",7,86951706,99.94
"32592","nightwear",7,86951713,99.94
"32593","nimbleness",7,86951720,99.94
"32594","nitroglycerin",7,86951727,99.94
"32595","noisemaker",7,86951734,99.94
"32596","nominative",7,86951741,99.94
"32597","nominator",7,86951748,99.94
"32598","nonce",7,86951755,99.94
"32599","noncombat",7,86951762,99.94
"32600","nonfunctional",7,86951769,99.94
"32601","nonmember",7,86951776,99.94
"32602","nonnegotiable",7,86951783,99.94
"32603","nonpolitical",7,86951790,99.94
"32604","nonrevenue",7,86951797,99.94
"32605","norther",7,86951804,99.94
"32606","noser",7,86951811,99.94
"32607","nubbly",7,86951818,99.94
"32608","nubby",7,86951825,99.94
"32609","nudism",7,86951832,99.94
"32610","numinous",7,86951839,99.94
"32611","oafish",7,86951846,99.94
"32612","oblation",7,86951853,99.94
"32613","oboist",7,86951860,99.94
"32614","oddments",7,86951867,99.94
"32615","offensiveness",7,86951874,99.94
"32616","oii",7,86951881,99.94
"32617","okapi",7,86951888,99.94
"32618","okee",7,86951895,99.94
"32619","oki",7,86951902,99.94
"32620","oniony",7,86951909,99.94
"32621","ontologically",7,86951916,99.94
"32622","operant",7,86951923,99.94
"32623","optically",7,86951930,99.94
"32624","orate",7,86951937,99.94
"32625","orna",7,86951944,99.94
"32626","orthodontia",7,86951951,99.94
"32627","orthogonal",7,86951958,99.94
"32628","osier",7,86951965,99.94
"32629","otolaryngologist",7,86951972,99.94
"32630","otolaryngology",7,86951979,99.94
"32631","oubliette",7,86951986,99.94
"32632","outmaneuver",7,86951993,99.94
"32633","outre",7,86952000,99.94
"32634","overambitious",7,86952007,99.94
"32635","pagination",7,86952014,99.94
"32636","palmar",7,86952021,99.94
"32637","pannel",7,86952028,99.94
"32638","panter",7,86952035,99.94
"32639","paperboard",7,86952042,99.94
"32640","papermaking",7,86952049,99.94
"32641","papillote",7,86952056,99.94
"32642","paroxysm",7,86952063,99.94
"32643","parsimonious",7,86952070,99.94
"32644","partitioning",7,86952077,99.94
"32645","passout",7,86952084,99.94
"32646","paten",7,86952091,99.94
"32647","pathogenic",7,86952098,99.94
"32648","peafowl",7,86952105,99.94
"32649","peaker",7,86952112,99.94
"32650","peeper",7,86952119,99.94
"32651","peiser",7,86952126,99.94
"32652","pelargonium",7,86952133,99.94
"32653","pendent",7,86952140,99.94
"32654","penetrator",7,86952147,99.94
"32655","penitence",7,86952154,99.94
"32656","penitential",7,86952161,99.94
"32657","peppin",7,86952168,99.94
"32658","perfidious",7,86952175,99.94
"32659","perfumery",7,86952182,99.94
"32660","perlite",7,86952189,99.94
"32661","permissiveness",7,86952196,99.94
"32662","pern",7,86952203,99.94
"32663","persico",7,86952210,99.94
"32664","phantasmagoria",7,86952217,99.94
"32665","phenotype",7,86952224,99.94
"32666","phonemic",7,86952231,99.94
"32667","phosphorescent",7,86952238,99.94
"32668","pianissimo",7,86952245,99.94
"32669","piebald",7,86952252,99.94
"32670","piecrust",7,86952259,99.94
"32671","piggish",7,86952266,99.94
"32672","pigsty",7,86952273,99.94
"32673","pilcher",7,86952280,99.94
"32674","pilger",7,86952287,99.94
"32675","piratical",7,86952294,99.94
"32676","pitchout",7,86952301,99.94
"32677","piteous",7,86952308,99.94
"32678","pithily",7,86952315,99.94
"32679","plagiarist",7,86952322,99.94
"32680","planer",7,86952329,99.94
"32681","poha",7,86952336,99.94
"32682","pointillism",7,86952343,99.94
"32683","polloi",7,86952350,99.94
"32684","polygonal",7,86952357,99.94
"32685","polygynous",7,86952364,99.94
"32686","polythene",7,86952371,99.94
"32687","polyvinyl",7,86952378,99.94
"32688","pompon",7,86952385,99.94
"32689","poorhouse",7,86952392,99.94
"32690","popple",7,86952399,99.94
"32691","prancer",7,86952406,99.94
"32692","predispose",7,86952413,99.94
"32693","prenuptial",7,86952420,99.94
"32694","preregister",7,86952427,99.94
"32695","presage",7,86952434,99.94
"32696","presentment",7,86952441,99.94
"32697","presupposition",7,86952448,99.94
"32698","prickled",7,86952455,99.94
"32699","prickling",7,86952462,99.94
"32700","priggish",7,86952469,99.94
"32701","problematically",7,86952476,99.94
"32702","proctologist",7,86952483,99.94
"32703","propitious",7,86952490,99.94
"32704","proprietorship",7,86952497,99.94
"32705","proprioception",7,86952504,99.94
"32706","prosaically",7,86952511,99.94
"32707","protease",7,86952518,99.94
"32708","proverbially",7,86952525,99.94
"32709","pseudepigrapha",7,86952532,99.94
"32710","psoriatic",7,86952539,99.94
"32711","psychologic",7,86952546,99.94
"32712","publicness",7,86952553,99.94
"32713","puffery",7,86952560,99.94
"32714","punctum",7,86952567,99.94
"32715","pupa",7,86952574,99.94
"32716","puppyhood",7,86952581,99.94
"32717","pyke",7,86952588,99.94
"32718","pyroclastic",7,86952595,99.94
"32719","quadrennial",7,86952602,99.94
"32720","quartile",7,86952609,99.94
"32721","quarto",7,86952616,99.94
"32722","quartzite",7,86952623,99.94
"32723","quatrefoil",7,86952630,99.94
"32724","quetzal",7,86952637,99.94
"32725","quiff",7,86952644,99.94
"32726","quintus",7,86952651,99.94
"32727","quis",7,86952658,99.94
"32728","radix",7,86952665,99.94
"32729","railroader",7,86952672,99.94
"32730","rancheria",7,86952679,99.94
"32731","rapturously",7,86952686,99.94
"32732","rascally",7,86952693,99.94
"32733","rasher",7,86952700,99.94
"32734","rebelliousness",7,86952707,99.94
"32735","reburial",7,86952714,99.94
"32736","recapitulate",7,86952721,99.94
"32737","recto",7,86952728,99.94
"32738","redeveloper",7,86952735,99.94
"32739","reflectivity",7,86952742,99.94
"32740","reformatory",7,86952749,99.94
"32741","reformulation",7,86952756,99.94
"32742","refract",7,86952763,99.94
"32743","refractometer",7,86952770,99.94
"32744","regia",7,86952777,99.94
"32745","reimpose",7,86952784,99.94
"32746","relais",7,86952791,99.94
"32747","relator",7,86952798,99.94
"32748","relinquishment",7,86952805,99.94
"32749","remarque",7,86952812,99.94
"32750","renomination",7,86952819,99.94
"32751","reportable",7,86952826,99.94
"32752","requital",7,86952833,99.94
"32753","resiny",7,86952840,99.94
"32754","resistor",7,86952847,99.94
"32755","retin",7,86952854,99.94
"32756","retrench",7,86952861,99.94
"32757","revelator",7,86952868,99.94
"32758","reverberation",7,86952875,99.94
"32759","revivalism",7,86952882,99.94
"32760","reviver",7,86952889,99.94
"32761","rhesus",7,86952896,99.94
"32762","rhinoplasty",7,86952903,99.94
"32763","rhyolite",7,86952910,99.94
"32764","riband",7,86952917,99.94
"32765","riderless",7,86952924,99.94
"32766","rightmost",7,86952931,99.94
"32767","rigsby",7,86952938,99.94
"32768","rimer",7,86952945,99.94
"32769","rizzle",7,86952952,99.94
"32770","robinet",7,86952959,99.94
"32771","rockish",7,86952966,99.94
"32772","rockman",7,86952973,99.94
"32773","rootedness",7,86952980,99.94
"32774","rootstock",7,86952987,99.94
"32775","rootworm",7,86952994,99.94
"32776","rosarian",7,86953001,99.94
"32777","roun",7,86953008,99.94
"32778","ruach",7,86953015,99.94
"32779","rubberneck",7,86953022,99.94
"32780","ruble",7,86953029,99.94
"32781","ruche",7,86953036,99.94
"32782","ruffed",7,86953043,99.94
"32783","ruing",7,86953050,99.94
"32784","ruminative",7,86953057,99.94
"32785","rundle",7,86953064,99.94
"32786","sabot",7,86953071,99.94
"32787","sagacious",7,86953078,99.94
"32788","sailer",7,86953085,99.94
"32789","salicylic",7,86953092,99.94
"32790","salp",7,86953099,99.94
"32791","sarra",7,86953106,99.94
"32792","sarsaparilla",7,86953113,99.94
"32793","scaremongering",7,86953120,99.94
"32794","scarp",7,86953127,99.94
"32795","scatterbrain",7,86953134,99.94
"32796","scenting",7,86953141,99.94
"32797","schist",7,86953148,99.94
"32798","scrat",7,86953155,99.94
"32799","scribing",7,86953162,99.94
"32800","scrobble",7,86953169,99.94
"32801","scrunge",7,86953176,99.94
"32802","seamanship",7,86953183,99.94
"32803","sebum",7,86953190,99.94
"32804","secularization",7,86953197,99.94
"32805","sedge",7,86953204,99.94
"32806","seismological",7,86953211,99.94
"32807","selfsame",7,86953218,99.94
"32808","sellable",7,86953225,99.94
"32809","semantically",7,86953232,99.94
"32810","semitrailer",7,86953239,99.94
"32811","senescence",7,86953246,99.94
"32812","sensate",7,86953253,99.94
"32813","seppuku",7,86953260,99.94
"32814","septal",7,86953267,99.94
"32815","septuagenarian",7,86953274,99.94
"32816","sepulcher",7,86953281,99.94
"32817","sequencer",7,86953288,99.94
"32818","sexualization",7,86953295,99.94
"32819","shallowly",7,86953302,99.94
"32820","shamble",7,86953309,99.94
"32821","shastri",7,86953316,99.94
"32822","shatterproof",7,86953323,99.94
"32823","sheepfold",7,86953330,99.94
"32824","shepherdess",7,86953337,99.94
"32825","shool",7,86953344,99.94
"32826","shrubby",7,86953351,99.94
"32827","sidle",7,86953358,99.94
"32828","sightless",7,86953365,99.94
"32829","silkie",7,86953372,99.94
"32830","silversmith",7,86953379,99.94
"32831","silverwood",7,86953386,99.94
"32832","simmon",7,86953393,99.94
"32833","siskin",7,86953400,99.94
"32834","skedaddle",7,86953407,99.94
"32835","skitter",7,86953414,99.94
"32836","skout",7,86953421,99.94
"32837","skywards",7,86953428,99.94
"32838","slanderer",7,86953435,99.94
"32839","slatter",7,86953442,99.94
"32840","slicking",7,86953449,99.94
"32841","slighting",7,86953456,99.94
"32842","snakebite",7,86953463,99.94
"32843","snog",7,86953470,99.94
"32844","soapless",7,86953477,99.94
"32845","soothingly",7,86953484,99.94
"32846","sortie",7,86953491,99.94
"32847","soulfulness",7,86953498,99.94
"32848","sousaphone",7,86953505,99.94
"32849","souter",7,86953512,99.94
"32850","sparling",7,86953519,99.94
"32851","spart",7,86953526,99.94
"32852","spattering",7,86953533,99.94
"32853","spital",7,86953540,99.94
"32854","spitball",7,86953547,99.94
"32855","spong",7,86953554,99.94
"32856","squeamishness",7,86953561,99.94
"32857","staker",7,86953568,99.94
"32858","stayer",7,86953575,99.94
"32859","stepparent",7,86953582,99.94
"32860","stet",7,86953589,99.94
"32861","stockyard",7,86953596,99.94
"32862","strabismus",7,86953603,99.94
"32863","straightforwardness",7,86953610,99.94
"32864","strongbox",7,86953617,99.94
"32865","stuber",7,86953624,99.94
"32866","stude",7,86953631,99.94
"32867","stunty",7,86953638,99.94
"32868","subacute",7,86953645,99.94
"32869","subcategory",7,86953652,99.94
"32870","suber",7,86953659,99.94
"32871","substructure",7,86953666,99.94
"32872","suji",7,86953673,99.94
"32873","sumption",7,86953680,99.94
"32874","superpowered",7,86953687,99.94
"32875","superstate",7,86953694,99.94
"32876","suppleness",7,86953701,99.94
"32877","supplicating",7,86953708,99.94
"32878","sures",7,86953715,99.94
"32879","suttle",7,86953722,99.94
"32880","synaptic",7,86953729,99.94
"32881","synchronistic",7,86953736,99.94
"32882","synoptic",7,86953743,99.94
"32883","synthetically",7,86953750,99.94
"32884","tabulate",7,86953757,99.94
"32885","tachometer",7,86953764,99.94
"32886","tamas",7,86953771,99.94
"32887","tambor",7,86953778,99.94
"32888","tarantella",7,86953785,99.94
"32889","tartly",7,86953792,99.94
"32890","taupo",7,86953799,99.94
"32891","taurine",7,86953806,99.94
"32892","teju",7,86953813,99.94
"32893","telegraphic",7,86953820,99.94
"32894","teleology",7,86953827,99.94
"32895","teletype",7,86953834,99.94
"32896","tenderhearted",7,86953841,99.94
"32897","tetherball",7,86953848,99.94
"32898","theosophical",7,86953855,99.94
"32899","therapeutically",7,86953862,99.94
"32900","thereunto",7,86953869,99.94
"32901","threateningly",7,86953876,99.94
"32902","ticktock",7,86953883,99.94
"32903","tidiness",7,86953890,99.94
"32904","tiler",7,86953897,99.94
"32905","timbale",7,86953904,99.94
"32906","timberman",7,86953911,99.94
"32907","timeworn",7,86953918,99.94
"32908","timorous",7,86953925,99.94
"32909","timpanist",7,86953932,99.94
"32910","tippet",7,86953939,99.94
"32911","toastiness",7,86953946,99.94
"32912","tody",7,86953953,99.94
"32913","toit",7,86953960,99.94
"32914","toller",7,86953967,99.94
"32915","tomboyish",7,86953974,99.94
"32916","tonsillectomy",7,86953981,99.94
"32917","topman",7,86953988,99.94
"32918","topsail",7,86953995,99.94
"32919","tousle",7,86954002,99.94
"32920","trammel",7,86954009,99.94
"32921","trank",7,86954016,99.94
"32922","tranquilizing",7,86954023,99.94
"32923","transgressor",7,86954030,99.94
"32924","treater",7,86954037,99.94
"32925","treed",7,86954044,99.94
"32926","trefoil",7,86954051,99.94
"32927","trialist",7,86954058,99.94
"32928","triennial",7,86954065,99.94
"32929","triggerfish",7,86954072,99.94
"32930","trishna",7,86954079,99.94
"32931","tristate",7,86954086,99.94
"32932","truthiness",7,86954093,99.94
"32933","tubbing",7,86954100,99.94
"32934","tumulus",7,86954107,99.94
"32935","tweeze",7,86954114,99.94
"32936","tweezer",7,86954121,99.94
"32937","typer",7,86954128,99.94
"32938","typological",7,86954135,99.94
"32939","unaccomplished",7,86954142,99.94
"32940","unalloyed",7,86954149,99.94
"32941","unawakened",7,86954156,99.94
"32942","unboxed",7,86954163,99.94
"32943","unburied",7,86954170,99.94
"32944","uncelebrated",7,86954177,99.94
"32945","unceremonious",7,86954184,99.94
"32946","unchain",7,86954191,99.94
"32947","uncharged",7,86954198,99.94
"32948","unchaste",7,86954205,99.94
"32949","uncircumcision",7,86954212,99.94
"32950","uncoiled",7,86954219,99.94
"32951","uncomfortableness",7,86954226,99.94
"32952","unconquered",7,86954233,99.94
"32953","unconstitutionality",7,86954240,99.94
"32954","uncontainable",7,86954247,99.94
"32955","uncontaminated",7,86954254,99.94
"32956","unconverted",7,86954261,99.94
"32957","uncorking",7,86954268,99.94
"32958","uncorrupted",7,86954275,99.94
"32959","uncross",7,86954282,99.94
"32960","undercoat",7,86954289,99.94
"32961","underlay",7,86954296,99.94
"32962","underplay",7,86954303,99.94
"32963","underrepresentation",7,86954310,99.94
"32964","undersell",7,86954317,99.94
"32965","understeer",7,86954324,99.94
"32966","uneconomical",7,86954331,99.94
"32967","unendurable",7,86954338,99.94
"32968","unengaging",7,86954345,99.94
"32969","unexcited",7,86954352,99.94
"32970","unexpectedness",7,86954359,99.94
"32971","unfed",7,86954366,99.94
"32972","unfenced",7,86954373,99.94
"32973","unforgettably",7,86954380,99.94
"32974","unforgivably",7,86954387,99.94
"32975","ungraded",7,86954394,99.94
"32976","unguardable",7,86954401,99.94
"32977","unionism",7,86954408,99.94
"32978","unlikelihood",7,86954415,99.94
"32979","unmanaged",7,86954422,99.94
"32980","unmercifully",7,86954429,99.94
"32981","unmindful",7,86954436,99.94
"32982","unobjectionable",7,86954443,99.94
"32983","unpermitted",7,86954450,99.94
"32984","unplowed",7,86954457,99.94
"32985","unprovable",7,86954464,99.94
"32986","unreasoning",7,86954471,99.94
"32987","unrecoverable",7,86954478,99.94
"32988","unrefrigerated",7,86954485,99.94
"32989","unrushed",7,86954492,99.94
"32990","unscrewing",7,86954499,99.94
"32991","unsecure",7,86954506,99.94
"32992","unsent",7,86954513,99.94
"32993","unserved",7,86954520,99.94
"32994","unshackled",7,86954527,99.94
"32995","unsheathed",7,86954534,99.94
"32996","unsociable",7,86954541,99.94
"32997","unsocial",7,86954548,99.94
"32998","unspiritual",7,86954555,99.94
"32999","unsteadily",7,86954562,99.94
"33000","unsuitability",7,86954569,99.94
"33001","unthinkingly",7,86954576,99.94
"33002","untrimmed",7,86954583,99.94
"33003","unwelcomed",7,86954590,99.94
"33004","unwinnable",7,86954597,99.94
"33005","upfield",7,86954604,99.94
"33006","upliftment",7,86954611,99.94
"33007","uprightly",7,86954618,99.94
"33008","uprightness",7,86954625,99.94
"33009","urbanity",7,86954632,99.94
"33010","ush",7,86954639,99.94
"33011","usurper",7,86954646,99.94
"33012","utopianism",7,86954653,99.94
"33013","vacantly",7,86954660,99.94
"33014","vacationer",7,86954667,99.94
"33015","veiling",7,86954674,99.94
"33016","vibraphone",7,86954681,99.94
"33017","victuals",7,86954688,99.94
"33018","villanelle",7,86954695,99.94
"33019","virologist",7,86954702,99.94
"33020","virulently",7,86954709,99.94
"33021","visite",7,86954716,99.94
"33022","wallboard",7,86954723,99.94
"33023","walloping",7,86954730,99.94
"33024","wark",7,86954737,99.94
"33025","warmonger",7,86954744,99.94
"33026","wastrel",7,86954751,99.94
"33027","waterer",7,86954758,99.94
"33028","wateringly",7,86954765,99.94
"33029","weatherboard",7,86954772,99.94
"33030","wecht",7,86954779,99.94
"33031","whare",7,86954786,99.94
"33032","wheaty",7,86954793,99.94
"33033","wheelwright",7,86954800,99.94
"33034","whinberry",7,86954807,99.94
"33035","whiskered",7,86954814,99.94
"33036","whitely",7,86954821,99.94
"33037","whithersoever",7,86954828,99.94
"33038","wienie",7,86954835,99.94
"33039","wittiness",7,86954842,99.94
"33040","wizardly",7,86954849,99.94
"33041","woodcutter",7,86954856,99.94
"33042","woosh",7,86954863,99.94
"33043","worktable",7,86954870,99.94
"33044","worky",7,86954877,99.94
"33045","wriggly",7,86954884,99.94
"33046","writter",7,86954891,99.94
"33047","xenophobe",7,86954898,99.94
"33048","xylem",7,86954905,99.94
"33049","yachtsman",7,86954912,99.94
"33050","zaman",7,86954919,99.94
"33051","zigzagged",7,86954926,99.94
"33052","zirconium",7,86954933,99.94
"33053","abjectly",6,86954939,99.94
"33054","abscond",6,86954945,99.94
"33055","abusively",6,86954951,99.94
"33056","aby",6,86954957,99.94
"33057","abyssal",6,86954963,99.94
"33058","acanthus",6,86954969,99.94
"33059","acculturation",6,86954975,99.94
"33060","acetylene",6,86954981,99.94
"33061","acquiescent",6,86954987,99.94
"33062","actuator",6,86954993,99.94
"33063","adamantine",6,86954999,99.94
"33064","adenocarcinoma",6,86955005,99.94
"33065","advantageously",6,86955011,99.94
"33066","affability",6,86955017,99.94
"33067","afterburner",6,86955023,99.94
"33068","agonist",6,86955029,99.94
"33069","agronomy",6,86955035,99.94
"33070","albumin",6,86955041,99.94
"33071","alem",6,86955047,99.94
"33072","alienor",6,86955053,99.94
"33073","alimentary",6,86955059,99.94
"33074","alit",6,86955065,99.94
"33075","altiplano",6,86955071,99.94
"33076","ameen",6,86955077,99.94
"33077","amine",6,86955083,99.94
"33078","amperage",6,86955089,99.94
"33079","analogical",6,86955095,99.94
"33080","angiography",6,86955101,99.94
"33081","anjan",6,86955107,99.94
"33082","annotator",6,86955113,99.94
"33083","anole",6,86955119,99.94
"33084","antediluvian",6,86955125,99.94
"33085","anticapitalist",6,86955131,99.94
"33086","aphid",6,86955137,99.94
"33087","apoplexy",6,86955143,99.94
"33088","appall",6,86955149,99.94
"33089","appeaser",6,86955155,99.94
"33090","aquaria",6,86955161,99.94
"33091","archduchess",6,86955167,99.94
"33092","architectonic",6,86955173,99.94
"33093","armer",6,86955179,99.94
"33094","arris",6,86955185,99.94
"33095","artha",6,86955191,99.94
"33096","asexuality",6,86955197,99.94
"33097","asker",6,86955203,99.94
"33098","aspartate",6,86955209,99.94
"33099","assuredness",6,86955215,99.94
"33100","astrophysical",6,86955221,99.94
"33101","atrociously",6,86955227,99.94
"33102","attar",6,86955233,99.94
"33103","attentional",6,86955239,99.94
"33104","aureole",6,86955245,99.94
"33105","auric",6,86955251,99.94
"33106","autoharp",6,86955257,99.94
"33107","aweigh",6,86955263,99.94
"33108","axman",6,86955269,99.94
"33109","ayah",6,86955275,99.94
"33110","azimuth",6,86955281,99.94
"33111","bafflingly",6,86955287,99.94
"33112","bagasse",6,86955293,99.94
"33113","bagatelle",6,86955299,99.94
"33114","bahar",6,86955305,99.94
"33115","balut",6,86955311,99.94
"33116","bandar",6,86955317,99.94
"33117","bandicoot",6,86955323,99.94
"33118","barkeeper",6,86955329,99.94
"33119","barm",6,86955335,99.94
"33120","barnstormer",6,86955341,99.94
"33121","barse",6,86955347,99.94
"33122","bashfully",6,86955353,99.94
"33123","basswood",6,86955359,99.94
"33124","bating",6,86955365,99.94
"33125","batterer",6,86955371,99.94
"33126","baud",6,86955377,99.94
"33127","baun",6,86955383,99.94
"33128","baya",6,86955389,99.94
"33129","bayberry",6,86955395,99.94
"33130","bayoneted",6,86955401,99.94
"33131","beader",6,86955407,99.94
"33132","beany",6,86955413,99.94
"33133","beata",6,86955419,99.94
"33134","beautifulness",6,86955425,99.94
"33135","bedwell",6,86955431,99.94
"33136","befit",6,86955437,99.94
"33137","beggarly",6,86955443,99.94
"33138","belligerently",6,86955449,99.94
"33139","bellwood",6,86955455,99.94
"33140","beneficially",6,86955461,99.94
"33141","bensel",6,86955467,99.94
"33142","bentwood",6,86955473,99.94
"33143","benzo",6,86955479,99.95
"33144","bespoken",6,86955485,99.95
"33145","bewilder",6,86955491,99.95
"33146","bibliographical",6,86955497,99.95
"33147","bifocal",6,86955503,99.95
"33148","bifurcation",6,86955509,99.95
"33149","biga",6,86955515,99.95
"33150","billon",6,86955521,99.95
"33151","bioscope",6,86955527,99.95
"33152","bisect",6,86955533,99.95
"33153","biwa",6,86955539,99.95
"33154","blackmailer",6,86955545,99.95
"33155","blackstrap",6,86955551,99.95
"33156","blain",6,86955557,99.95
"33157","bleakly",6,86955563,99.95
"33158","bloodstock",6,86955569,99.95
"33159","boardinghouse",6,86955575,99.95
"33160","bocca",6,86955581,99.95
"33161","boding",6,86955587,99.95
"33162","boke",6,86955593,99.95
"33163","bolly",6,86955599,99.95
"33164","bookplate",6,86955605,99.95
"33165","booky",6,86955611,99.95
"33166","boomlet",6,86955617,99.95
"33167","boorishness",6,86955623,99.95
"33168","botheration",6,86955629,99.95
"33169","braider",6,86955635,99.95
"33170","breth",6,86955641,99.95
"33171","brickle",6,86955647,99.95
"33172","broadness",6,86955653,99.95
"33173","broadsword",6,86955659,99.95
"33174","brucia",6,86955665,99.95
"33175","brushwood",6,86955671,99.95
"33176","brutalize",6,86955677,99.95
"33177","bucca",6,86955683,99.95
"33178","bucketing",6,86955689,99.95
"33179","bult",6,86955695,99.95
"33180","bungler",6,86955701,99.95
"33181","buoyantly",6,86955707,99.95
"33182","bursar",6,86955713,99.95
"33183","bushveld",6,86955719,99.95
"33184","busman",6,86955725,99.95
"33185","buttle",6,86955731,99.95
"33186","caber",6,86955737,99.95
"33187","cabled",6,86955743,99.95
"33188","cacique",6,86955749,99.95
"33189","cackler",6,86955755,99.95
"33190","calfskin",6,86955761,99.95
"33191","canna",6,86955767,99.95
"33192","cannily",6,86955773,99.95
"33193","caprylic",6,86955779,99.95
"33194","cardiogram",6,86955785,99.95
"33195","cardon",6,86955791,99.95
"33196","cardoon",6,86955797,99.95
"33197","careering",6,86955803,99.95
"33198","carnally",6,86955809,99.95
"33199","carolus",6,86955815,99.95
"33200","carotenoid",6,86955821,99.95
"33201","carrousel",6,86955827,99.95
"33202","caterwauling",6,86955833,99.95
"33203","cedarwood",6,86955839,99.95
"33204","ceilidh",6,86955845,99.95
"33205","cephalopod",6,86955851,99.95
"33206","chack",6,86955857,99.95
"33207","challis",6,86955863,99.95
"33208","characterful",6,86955869,99.95
"33209","charette",6,86955875,99.95
"33210","cheerless",6,86955881,99.95
"33211","chinny",6,86955887,99.95
"33212","chitin",6,86955893,99.95
"33213","choirmaster",6,86955899,99.95
"33214","chondrite",6,86955905,99.95
"33215","chorister",6,86955911,99.95
"33216","churchgoing",6,86955917,99.95
"33217","cingular",6,86955923,99.95
"33218","civically",6,86955929,99.95
"33219","civilize",6,86955935,99.95
"33220","clayman",6,86955941,99.95
"33221","cleanout",6,86955947,99.95
"33222","cloakroom",6,86955953,99.95
"33223","clubroom",6,86955959,99.95
"33224","coater",6,86955965,99.95
"33225","coati",6,86955971,99.95
"33226","coatless",6,86955977,99.95
"33227","cobia",6,86955983,99.95
"33228","coburg",6,86955989,99.95
"33229","cobwebby",6,86955995,99.95
"33230","codification",6,86956001,99.95
"33231","collocation",6,86956007,99.95
"33232","collum",6,86956013,99.95
"33233","colly",6,86956019,99.95
"33234","colorant",6,86956025,99.95
"33235","columbarium",6,86956031,99.95
"33236","compactness",6,86956037,99.95
"33237","conciseness",6,86956043,99.95
"33238","concreteness",6,86956049,99.95
"33239","conehead",6,86956055,99.95
"33240","conformance",6,86956061,99.95
"33241","conjugation",6,86956067,99.95
"33242","conjunct",6,86956073,99.95
"33243","connive",6,86956079,99.95
"33244","constrictive",6,86956085,99.95
"33245","constructionist",6,86956091,99.95
"33246","contagiously",6,86956097,99.95
"33247","continence",6,86956103,99.95
"33248","contrarily",6,86956109,99.95
"33249","contrariness",6,86956115,99.95
"33250","conveyancing",6,86956121,99.95
"33251","cookhouse",6,86956127,99.95
"33252","copperas",6,86956133,99.95
"33253","coquettish",6,86956139,99.95
"33254","cordite",6,86956145,99.95
"33255","corncob",6,86956151,99.95
"33256","correlative",6,86956157,99.95
"33257","cosmist",6,86956163,99.95
"33258","cosmogony",6,86956169,99.95
"33259","cotman",6,86956175,99.95
"33260","couching",6,86956181,99.95
"33261","coulee",6,86956187,99.95
"33262","courtin",6,86956193,99.95
"33263","cowlicks",6,86956199,99.95
"33264","crabber",6,86956205,99.95
"33265","crawdad",6,86956211,99.95
"33266","creaturely",6,86956217,99.95
"33267","crisping",6,86956223,99.95
"33268","criterium",6,86956229,99.95
"33269","crocket",6,86956235,99.95
"33270","crosshatch",6,86956241,99.95
"33271","crosspoint",6,86956247,99.95
"33272","cubical",6,86956253,99.95
"33273","cumbre",6,86956259,99.95
"33274","cuneiform",6,86956265,99.95
"33275","cutted",6,86956271,99.95
"33276","cyclopedia",6,86956277,99.95
"33277","dado",6,86956283,99.95
"33278","dain",6,86956289,99.95
"33279","dak",6,86956295,99.95
"33280","damped",6,86956301,99.95
"33281","dangerousness",6,86956307,99.95
"33282","daub",6,86956313,99.95
"33283","dauntingly",6,86956319,99.95
"33284","daven",6,86956325,99.95
"33285","deceitfulness",6,86956331,99.95
"33286","decimator",6,86956337,99.95
"33287","decomposer",6,86956343,99.95
"33288","deerskin",6,86956349,99.95
"33289","defeatism",6,86956355,99.95
"33290","defiling",6,86956361,99.95
"33291","definer",6,86956367,99.95
"33292","deify",6,86956373,99.95
"33293","dekle",6,86956379,99.95
"33294","deltoid",6,86956385,99.95
"33295","demilitarization",6,86956391,99.95
"33296","demonstratively",6,86956397,99.95
"33297","demurely",6,86956403,99.95
"33298","dendrochronology",6,86956409,99.95
"33299","deplorably",6,86956415,99.95
"33300","deportable",6,86956421,99.95
"33301","depredation",6,86956427,99.95
"33302","derisory",6,86956433,99.95
"33303","derm",6,86956439,99.95
"33304","dernier",6,86956445,99.95
"33305","derogatorily",6,86956451,99.95
"33306","despond",6,86956457,99.95
"33307","despondently",6,86956463,99.95
"33308","determiner",6,86956469,99.95
"33309","devata",6,86956475,99.95
"33310","deviousness",6,86956481,99.95
"33311","dextrose",6,86956487,99.95
"33312","diacritical",6,86956493,99.95
"33313","diametric",6,86956499,99.95
"33314","diatomaceous",6,86956505,99.95
"33315","dicer",6,86956511,99.95
"33316","didacticism",6,86956517,99.95
"33317","diffidence",6,86956523,99.95
"33318","dimps",6,86956529,99.95
"33319","diploid",6,86956535,99.95
"33320","dipole",6,86956541,99.95
"33321","disassembly",6,86956547,99.95
"33322","disbelievingly",6,86956553,99.95
"33323","disconsolate",6,86956559,99.95
"33324","disempower",6,86956565,99.95
"33325","disgorge",6,86956571,99.95
"33326","disgorgement",6,86956577,99.95
"33327","disgracefully",6,86956583,99.95
"33328","disgustedly",6,86956589,99.95
"33329","dishonestly",6,86956595,99.95
"33330","disodium",6,86956601,99.95
"33331","disorient",6,86956607,99.95
"33332","disparagement",6,86956613,99.95
"33333","disproportionally",6,86956619,99.95
"33334","distain",6,86956625,99.95
"33335","distractible",6,86956631,99.95
"33336","docility",6,86956637,99.95
"33337","dogberry",6,86956643,99.95
"33338","doggerel",6,86956649,99.95
"33339","doleful",6,86956655,99.95
"33340","dolman",6,86956661,99.95
"33341","domer",6,86956667,99.95
"33342","doored",6,86956673,99.95
"33343","dormouse",6,86956679,99.95
"33344","douce",6,86956685,99.95
"33345","downdraft",6,86956691,99.95
"33346","dratted",6,86956697,99.95
"33347","drawling",6,86956703,99.95
"33348","dryish",6,86956709,99.95
"33349","dualistic",6,86956715,99.95
"33350","dunlin",6,86956721,99.95
"33351","dyce",6,86956727,99.95
"33352","dysphoric",6,86956733,99.95
"33353","eaglet",6,86956739,99.95
"33354","earing",6,86956745,99.95
"33355","eave",6,86956751,99.95
"33356","eclectically",6,86956757,99.95
"33357","ectoplasm",6,86956763,99.95
"33358","editorialize",6,86956769,99.95
"33359","editorship",6,86956775,99.95
"33360","educative",6,86956781,99.95
"33361","eer",6,86956787,99.95
"33362","effacement",6,86956793,99.95
"33363","effusively",6,86956799,99.95
"33364","eker",6,86956805,99.95
"33365","eld",6,86956811,99.95
"33366","elephantine",6,86956817,99.95
"33367","eliminator",6,86956823,99.95
"33368","emasculation",6,86956829,99.95
"33369","empiricist",6,86956835,99.95
"33370","encamp",6,86956841,99.95
"33371","endocarditis",6,86956847,99.95
"33372","endosperm",6,86956853,99.95
"33373","endura",6,86956859,99.95
"33374","ennoble",6,86956865,99.95
"33375","enticingly",6,86956871,99.95
"33376","ephod",6,86956877,99.95
"33377","epidermolysis",6,86956883,99.95
"33378","epigram",6,86956889,99.95
"33379","episcopacy",6,86956895,99.95
"33380","epithelial",6,86956901,99.95
"33381","equivocate",6,86956907,99.95
"33382","espino",6,86956913,99.95
"33383","estado",6,86956919,99.95
"33384","etymologically",6,86956925,99.95
"33385","evasiveness",6,86956931,99.95
"33386","everlastingly",6,86956937,99.95
"33387","exacerbation",6,86956943,99.95
"33388","excoriation",6,86956949,99.95
"33389","exoteric",6,86956955,99.95
"33390","exotically",6,86956961,99.95
"33391","exploitable",6,86956967,99.95
"33392","expropriate",6,86956973,99.95
"33393","externalize",6,86956979,99.95
"33394","extrusion",6,86956985,99.95
"33395","exuberantly",6,86956991,99.95
"33396","factorization",6,86956997,99.95
"33397","faddish",6,86957003,99.95
"33398","fainthearted",6,86957009,99.95
"33399","fass",6,86957015,99.95
"33400","fattiness",6,86957021,99.95
"33401","feal",6,86957027,99.95
"33402","feeler",6,86957033,99.95
"33403","feis",6,86957039,99.95
"33404","fervency",6,86957045,99.95
"33405","fid",6,86957051,99.95
"33406","figural",6,86957057,99.95
"33407","figuration",6,86957063,99.95
"33408","filch",6,86957069,99.95
"33409","filmstrip",6,86957075,99.95
"33410","fireboat",6,86957081,99.95
"33411","firebrick",6,86957087,99.95
"33412","fireless",6,86957093,99.95
"33413","firestopping",6,86957099,99.95
"33414","fishwife",6,86957105,99.95
"33415","flammability",6,86957111,99.95
"33416","flatland",6,86957117,99.95
"33417","flawlessness",6,86957123,99.95
"33418","fleecy",6,86957129,99.95
"33419","flexibly",6,86957135,99.95
"33420","floe",6,86957141,99.95
"33421","floodgate",6,86957147,99.95
"33422","floriculture",6,86957153,99.95
"33423","flunky",6,86957159,99.95
"33424","flycatcher",6,86957165,99.95
"33425","flytrap",6,86957171,99.95
"33426","fogginess",6,86957177,99.95
"33427","foody",6,86957183,99.95
"33428","footless",6,86957189,99.95
"33429","footrest",6,86957195,99.95
"33430","forenoon",6,86957201,99.95
"33431","fortissimo",6,86957207,99.95
"33432","fossa",6,86957213,99.95
"33433","fouler",6,86957219,99.95
"33434","frae",6,86957225,99.95
"33435","fraiser",6,86957231,99.95
"33436","franchiser",6,86957237,99.95
"33437","frankfurter",6,86957243,99.95
"33438","fratricidal",6,86957249,99.95
"33439","fratricide",6,86957255,99.95
"33440","frette",6,86957261,99.95
"33441","fretwork",6,86957267,99.95
"33442","frogging",6,86957273,99.95
"33443","frontiersman",6,86957279,99.95
"33444","fuerte",6,86957285,99.95
"33445","furrier",6,86957291,99.95
"33446","fusty",6,86957297,99.95
"33447","fut",6,86957303,99.95
"33448","galled",6,86957309,99.95
"33449","gallivant",6,86957315,99.95
"33450","gambier",6,86957321,99.95
"33451","gaper",6,86957327,99.95
"33452","garishness",6,86957333,99.95
"33453","garum",6,86957339,99.95
"33454","gastritis",6,86957345,99.95
"33455","gaus",6,86957351,99.95
"33456","gean",6,86957357,99.95
"33457","geld",6,86957363,99.95
"33458","gelt",6,86957369,99.95
"33459","geriatrician",6,86957375,99.95
"33460","geste",6,86957381,99.95
"33461","gibe",6,86957387,99.95
"33462","giftware",6,86957393,99.95
"33463","girliness",6,86957399,99.95
"33464","glasslike",6,86957405,99.95
"33465","gleaner",6,86957411,99.95
"33466","glioma",6,86957417,99.95
"33467","gloomily",6,86957423,99.95
"33468","glore",6,86957429,99.95
"33469","goanna",6,86957435,99.95
"33470","gonadotropin",6,86957441,99.95
"33471","gonne",6,86957447,99.95
"33472","goonie",6,86957453,99.95
"33473","gotch",6,86957459,99.95
"33474","grama",6,86957465,99.95
"33475","grammarian",6,86957471,99.95
"33476","grandiloquent",6,86957477,99.95
"33477","grassiness",6,86957483,99.95
"33478","graven",6,86957489,99.95
"33479","graver",6,86957495,99.95
"33480","gravitationally",6,86957501,99.95
"33481","greaseless",6,86957507,99.95
"33482","greenstone",6,86957513,99.95
"33483","griller",6,86957519,99.95
"33484","gristly",6,86957525,99.95
"33485","grogginess",6,86957531,99.95
"33486","grubbed",6,86957537,99.95
"33487","grumbly",6,86957543,99.95
"33488","guarana",6,86957549,99.95
"33489","gullion",6,86957555,99.95
"33490","gutt",6,86957561,99.95
"33491","gynecomastia",6,86957567,99.95
"33492","gyroscope",6,86957573,99.95
"33493","haberdasher",6,86957579,99.95
"33494","haily",6,86957585,99.95
"33495","hame",6,86957591,99.95
"33496","hansa",6,86957597,99.95
"33497","haole",6,86957603,99.95
"33498","hardanger",6,86957609,99.95
"33499","harmonia",6,86957615,99.95
"33500","harmonically",6,86957621,99.95
"33501","hatefulness",6,86957627,99.95
"33502","hause",6,86957633,99.95
"33503","hayfield",6,86957639,99.95
"33504","headman",6,86957645,99.95
"33505","healthfulness",6,86957651,99.95
"33506","heartiness",6,86957657,99.95
"33507","heartwood",6,86957663,99.95
"33508","hedonic",6,86957669,99.95
"33509","hele",6,86957675,99.95
"33510","helly",6,86957681,99.95
"33511","hemera",6,86957687,99.95
"33512","hepatic",6,86957693,99.95
"33513","hepper",6,86957699,99.95
"33514","herbalism",6,86957705,99.95
"33515","hereof",6,86957711,99.95
"33516","heriot",6,86957717,99.95
"33517","hermeneutic",6,86957723,99.95
"33518","herne",6,86957729,99.95
"33519","hieroglyphic",6,86957735,99.95
"33520","highroad",6,86957741,99.95
"33521","historiographical",6,86957747,99.95
"33522","holdall",6,86957753,99.95
"33523","homesite",6,86957759,99.95
"33524","homunculus",6,86957765,99.95
"33525","hoose",6,86957771,99.95
"33526","howbeit",6,86957777,99.95
"33527","howitzer",6,86957783,99.95
"33528","hup",6,86957789,99.95
"33529","hurty",6,86957795,99.95
"33530","husbandman",6,86957801,99.95
"33531","hydroxy",6,86957807,99.95
"33532","hyperplasia",6,86957813,99.95
"33533","hypnagogic",6,86957819,99.95
"33534","hypotenuse",6,86957825,99.95
"33535","iconographic",6,86957831,99.95
"33536","illegitimately",6,86957837,99.95
"33537","imbecilic",6,86957843,99.95
"33538","immorally",6,86957849,99.95
"33539","impaction",6,86957855,99.95
"33540","impedance",6,86957861,99.95
"33541","imperiously",6,86957867,99.95
"33542","impertinence",6,86957873,99.95
"33543","impishly",6,86957879,99.95
"33544","implausibility",6,86957885,99.95
"33545","impotency",6,86957891,99.95
"33546","impracticality",6,86957897,99.95
"33547","impregnation",6,86957903,99.95
"33548","impy",6,86957909,99.95
"33549","incandescence",6,86957915,99.95
"33550","incompetently",6,86957921,99.95
"33551","incompletely",6,86957927,99.95
"33552","inconstant",6,86957933,99.95
"33553","indaba",6,86957939,99.95
"33554","indecently",6,86957945,99.95
"33555","indecorous",6,86957951,99.95
"33556","indeterminacy",6,86957957,99.95
"33557","indic",6,86957963,99.95
"33558","indiscernible",6,86957969,99.95
"33559","individualization",6,86957975,99.95
"33560","individualize",6,86957981,99.95
"33561","ineffably",6,86957987,99.95
"33562","ineffectually",6,86957993,99.95
"33563","infinitesimally",6,86957999,99.95
"33564","ingleside",6,86958005,99.95
"33565","inness",6,86958011,99.95
"33566","insecticidal",6,86958017,99.95
"33567","inseparably",6,86958023,99.95
"33568","instrumentality",6,86958029,99.95
"33569","insupportable",6,86958035,99.95
"33570","intellectualize",6,86958041,99.95
"33571","intercooler",6,86958047,99.95
"33572","interdenominational",6,86958053,99.95
"33573","interdistrict",6,86958059,99.95
"33574","interestingness",6,86958065,99.95
"33575","interlocal",6,86958071,99.95
"33576","intermingle",6,86958077,99.95
"33577","internality",6,86958083,99.95
"33578","interphone",6,86958089,99.95
"33579","interpolation",6,86958095,99.95
"33580","interrogative",6,86958101,99.95
"33581","intoxicate",6,86958107,99.95
"33582","inventively",6,86958113,99.95
"33583","investable",6,86958119,99.95
"33584","inviolate",6,86958125,99.95
"33585","irenic",6,86958131,99.95
"33586","irrecoverable",6,86958137,99.95
"33587","isopropyl",6,86958143,99.95
"33588","isotonic",6,86958149,99.95
"33589","italicize",6,86958155,99.95
"33590","jambo",6,86958161,99.95
"33591","jass",6,86958167,99.95
"33592","jinja",6,86958173,99.95
"33593","jongleur",6,86958179,99.95
"33594","journalistically",6,86958185,99.95
"33595","joyfulness",6,86958191,99.95
"33596","judicially",6,86958197,99.95
"33597","kalian",6,86958203,99.95
"33598","kenosis",6,86958209,99.95
"33599","kex",6,86958215,99.95
"33600","kiang",6,86958221,99.95
"33601","kibitz",6,86958227,99.95
"33602","kiddush",6,86958233,99.95
"33603","kildee",6,86958239,99.95
"33604","kina",6,86958245,99.95
"33605","kindler",6,86958251,99.95
"33606","koinonia",6,86958257,99.95
"33607","kozo",6,86958263,99.95
"33608","kyte",6,86958269,99.95
"33609","lacunae",6,86958275,99.95
"33610","ladleful",6,86958281,99.95
"33611","ladyship",6,86958287,99.95
"33612","lagan",6,86958293,99.95
"33613","landlubber",6,86958299,99.95
"33614","lank",6,86958305,99.95
"33615","lari",6,86958311,99.95
"33616","lated",6,86958317,99.95
"33617","lathen",6,86958323,99.95
"33618","leaker",6,86958329,99.95
"33619","leanness",6,86958335,99.95
"33620","leaper",6,86958341,99.95
"33621","legerdemain",6,86958347,99.95
"33622","leghorn",6,86958353,99.95
"33623","lene",6,86958359,99.95
"33624","lento",6,86958365,99.95
"33625","letch",6,86958371,99.95
"33626","lexicographer",6,86958377,99.95
"33627","liberalize",6,86958383,99.95
"33628","lifework",6,86958389,99.95
"33629","lignite",6,86958395,99.95
"33630","lineal",6,86958401,99.95
"33631","linnet",6,86958407,99.95
"33632","linolenic",6,86958413,99.95
"33633","lipase",6,86958419,99.95
"33634","lithographic",6,86958425,99.95
"33635","litten",6,86958431,99.95
"33636","liverwurst",6,86958437,99.95
"33637","lockman",6,86958443,99.95
"33638","locum",6,86958449,99.95
"33639","logy",6,86958455,99.95
"33640","looter",6,86958461,99.95
"33641","loquat",6,86958467,99.95
"33642","loran",6,86958473,99.95
"33643","lorica",6,86958479,99.95
"33644","lovebird",6,86958485,99.95
"33645","loveman",6,86958491,99.95
"33646","lowliness",6,86958497,99.95
"33647","ludden",6,86958503,99.95
"33648","luminance",6,86958509,99.95
"33649","lungfish",6,86958515,99.95
"33650","lysine",6,86958521,99.95
"33651","macerate",6,86958527,99.95
"33652","maco",6,86958533,99.95
"33653","macrobiotic",6,86958539,99.95
"33654","mado",6,86958545,99.95
"33655","magnetize",6,86958551,99.95
"33656","maharani",6,86958557,99.95
"33657","malic",6,86958563,99.95
"33658","malodorous",6,86958569,99.95
"33659","manakin",6,86958575,99.95
"33660","maquis",6,86958581,99.95
"33661","marcher",6,86958587,99.95
"33662","martyrology",6,86958593,99.95
"33663","masonite",6,86958599,99.95
"33664","materialization",6,86958605,99.95
"33665","mathematic",6,86958611,99.95
"33666","matricide",6,86958617,99.95
"33667","mattock",6,86958623,99.95
"33668","maturely",6,86958629,99.95
"33669","maugh",6,86958635,99.95
"33670","mazer",6,86958641,99.95
"33671","medicinally",6,86958647,99.95
"33672","mediumistic",6,86958653,99.95
"33673","mediumship",6,86958659,99.95
"33674","megalithic",6,86958665,99.95
"33675","melena",6,86958671,99.95
"33676","mercantilism",6,86958677,99.95
"33677","merganser",6,86958683,99.95
"33678","mesenchymal",6,86958689,99.95
"33679","messe",6,86958695,99.95
"33680","mester",6,86958701,99.95
"33681","metamorphic",6,86958707,99.95
"33682","methodism",6,86958713,99.95
"33683","mian",6,86958719,99.95
"33684","millhouse",6,86958725,99.95
"33685","minyan",6,86958731,99.95
"33686","mirk",6,86958737,99.95
"33687","mirthless",6,86958743,99.95
"33688","misapprehension",6,86958749,99.95
"33689","misguiding",6,86958755,99.95
"33690","mispronounce",6,86958761,99.95
"33691","mispronunciation",6,86958767,99.95
"33692","mocker",6,86958773,99.95
"33693","moggy",6,86958779,99.95
"33694","moho",6,86958785,99.95
"33695","moldable",6,86958791,99.95
"33696","molt",6,86958797,99.95
"33697","monasticism",6,86958803,99.95
"33698","moneybags",6,86958809,99.95
"33699","monologist",6,86958815,99.95
"33700","monomaniacal",6,86958821,99.95
"33701","monopolist",6,86958827,99.95
"33702","monotheist",6,86958833,99.95
"33703","morg",6,86958839,99.95
"33704","morphological",6,86958845,99.95
"33705","motet",6,86958851,99.95
"33706","mousing",6,86958857,99.95
"33707","mullein",6,86958863,99.95
"33708","multicore",6,86958869,99.95
"33709","multihued",6,86958875,99.95
"33710","murrelet",6,86958881,99.95
"33711","musketeer",6,86958887,99.95
"33712","muzzy",6,86958893,99.95
"33713","myasthenia",6,86958899,99.95
"33714","myelogenous",6,86958905,99.95
"33715","myristic",6,86958911,99.95
"33716","nailhead",6,86958917,99.95
"33717","nard",6,86958923,99.95
"33718","negus",6,86958929,99.95
"33719","nese",6,86958935,99.95
"33720","netsuke",6,86958941,99.95
"33721","neuropsychological",6,86958947,99.95
"33722","neuropsychologist",6,86958953,99.95
"33723","neutrally",6,86958959,99.95
"33724","nickey",6,86958965,99.95
"33725","nieve",6,86958971,99.95
"33726","nock",6,86958977,99.95
"33727","noetic",6,86958983,99.95
"33728","noiseless",6,86958989,99.95
"33729","noncontroversial",6,86958995,99.95
"33730","nonexecutive",6,86959001,99.95
"33731","nonliving",6,86959007,99.95
"33732","nonmedical",6,86959013,99.95
"33733","nonmetallic",6,86959019,99.95
"33734","nonperformance",6,86959025,99.95
"33735","nonprofessional",6,86959031,99.95
"33736","nonrenewable",6,86959037,99.95
"33737","notability",6,86959043,99.95
"33738","notionally",6,86959049,99.95
"33739","nul",6,86959055,99.95
"33740","nuthatch",6,86959061,99.95
"33741","oaty",6,86959067,99.95
"33742","objectivist",6,86959073,99.95
"33743","obsessional",6,86959079,99.95
"33744","obstreperous",6,86959085,99.95
"33745","obviate",6,86959091,99.95
"33746","oho",6,86959097,99.95
"33747","oiliness",6,86959103,99.95
"33748","oleic",6,86959109,99.95
"33749","olm",6,86959115,99.95
"33750","oloroso",6,86959121,99.95
"33751","oocyte",6,86959127,99.95
"33752","oppressiveness",6,86959133,99.95
"33753","ornithological",6,86959139,99.95
"33754","oscillator",6,86959145,99.95
"33755","osmotic",6,86959151,99.95
"33756","osteopath",6,86959157,99.95
"33757","otherworldliness",6,86959163,99.95
"33758","ouf",6,86959169,99.95
"33759","outfall",6,86959175,99.95
"33760","outshoot",6,86959181,99.95
"33761","outspokenly",6,86959187,99.95
"33762","outwater",6,86959193,99.95
"33763","overbook",6,86959199,99.95
"33764","overfull",6,86959205,99.95
"33765","overground",6,86959211,99.95
"33766","overhung",6,86959217,99.95
"33767","overlocker",6,86959223,99.95
"33768","overpoweringly",6,86959229,99.95
"33769","overrunning",6,86959235,99.95
"33770","overwater",6,86959241,99.95
"33771","oxblood",6,86959247,99.95
"33772","oxidizing",6,86959253,99.95
"33773","pairwise",6,86959259,99.95
"33774","palaver",6,86959265,99.95
"33775","palmitate",6,86959271,99.95
"33776","palmo",6,86959277,99.95
"33777","pantagraph",6,86959283,99.95
"33778","parapsychology",6,86959289,99.95
"33779","pardner",6,86959295,99.95
"33780","pargo",6,86959301,99.95
"33781","parochialism",6,86959307,99.95
"33782","partaker",6,86959313,99.95
"33783","pasi",6,86959319,99.95
"33784","pavane",6,86959325,99.95
"33785","peccary",6,86959331,99.95
"33786","pech",6,86959337,99.95
"33787","pedagogue",6,86959343,99.95
"33788","pedant",6,86959349,99.95
"33789","pedantry",6,86959355,99.95
"33790","pellucid",6,86959361,99.95
"33791","pendency",6,86959367,99.95
"33792","penknife",6,86959373,99.95
"33793","perceptibly",6,86959379,99.95
"33794","perfumer",6,86959385,99.95
"33795","perkiness",6,86959391,99.95
"33796","pharmacologist",6,86959397,99.95
"33797","phenology",6,86959403,99.95
"33798","phoneme",6,86959409,99.95
"33799","phono",6,86959415,99.95
"33800","phosphide",6,86959421,99.95
"33801","pickaway",6,86959427,99.95
"33802","pigpen",6,86959433,99.95
"33803","pilm",6,86959439,99.95
"33804","pilon",6,86959445,99.95
"33805","pimiento",6,86959451,99.95
"33806","pinang",6,86959457,99.95
"33807","pincer",6,86959463,99.95
"33808","pincers",6,86959469,99.95
"33809","pinfall",6,86959475,99.95
"33810","pinked",6,86959481,99.95
"33811","pinkness",6,86959487,99.95
"33812","pinny",6,86959493,99.95
"33813","pinyon",6,86959499,99.95
"33814","plaited",6,86959505,99.95
"33815","plangent",6,86959511,99.95
"33816","playfield",6,86959517,99.95
"33817","pleasurably",6,86959523,99.95
"33818","plebe",6,86959529,99.95
"33819","plenteous",6,86959535,99.95
"33820","pneumothorax",6,86959541,99.95
"33821","pocketknife",6,86959547,99.95
"33822","poisonwood",6,86959553,99.95
"33823","polycyclic",6,86959559,99.95
"33824","polycystic",6,86959565,99.95
"33825","pommel",6,86959571,99.95
"33826","ponton",6,86959577,99.95
"33827","popularization",6,86959583,99.95
"33828","portraitist",6,86959589,99.95
"33829","positivist",6,86959595,99.95
"33830","postbox",6,86959601,99.95
"33831","powerboat",6,86959607,99.95
"33832","precariousness",6,86959613,99.95
"33833","precis",6,86959619,99.95
"33834","precociously",6,86959625,99.95
"33835","preindustrial",6,86959631,99.95
"33836","prettify",6,86959637,99.95
"33837","preverbal",6,86959643,99.95
"33838","primp",6,86959649,99.95
"33839","probative",6,86959655,99.95
"33840","problematical",6,86959661,99.95
"33841","profoundness",6,86959667,99.95
"33842","promiscuously",6,86959673,99.95
"33843","propolis",6,86959679,99.95
"33844","proposer",6,86959685,99.95
"33845","proscribe",6,86959691,99.95
"33846","prosecutable",6,86959697,99.95
"33847","prostration",6,86959703,99.95
"33848","protectively",6,86959709,99.95
"33849","protestation",6,86959715,99.95
"33850","providentially",6,86959721,99.95
"33851","pryer",6,86959727,99.95
"33852","psychoanalytical",6,86959733,99.95
"33853","pudsey",6,86959739,99.95
"33854","pudu",6,86959745,99.95
"33855","pugilistic",6,86959751,99.95
"33856","pulverize",6,86959757,99.95
"33857","punctually",6,86959763,99.95
"33858","purposive",6,86959769,99.95
"33859","purusha",6,86959775,99.95
"33860","purvey",6,86959781,99.95
"33861","pyramidal",6,86959787,99.95
"33862","pyxis",6,86959793,99.95
"33863","quaintness",6,86959799,99.95
"33864","quartering",6,86959805,99.95
"33865","quatrain",6,86959811,99.95
"33866","quaver",6,86959817,99.95
"33867","quiescence",6,86959823,99.95
"33868","quietus",6,86959829,99.95
"33869","radiography",6,86959835,99.95
"33870","ragamuffin",6,86959841,99.95
"33871","rageful",6,86959847,99.95
"33872","rajah",6,86959853,99.95
"33873","raki",6,86959859,99.95
"33874","ramification",6,86959865,99.95
"33875","rampantly",6,86959871,99.95
"33876","rashly",6,86959877,99.95
"33877","raster",6,86959883,99.95
"33878","rater",6,86959889,99.95
"33879","rattail",6,86959895,99.95
"33880","razorbill",6,86959901,99.95
"33881","recertify",6,86959907,99.95
"33882","reckling",6,86959913,99.95
"33883","recommendable",6,86959919,99.95
"33884","recommender",6,86959925,99.95
"33885","redfin",6,86959931,99.95
"33886","redoubling",6,86959937,99.95
"33887","reducible",6,86959943,99.95
"33888","reflexivity",6,86959949,99.95
"33889","rehang",6,86959955,99.95
"33890","reify",6,86959961,99.95
"33891","reinsert",6,86959967,99.95
"33892","religionist",6,86959973,99.95
"33893","reman",6,86959979,99.95
"33894","remede",6,86959985,99.95
"33895","remold",6,86959991,99.95
"33896","remunerative",6,86959997,99.95
"33897","rentable",6,86960003,99.95
"33898","repayable",6,86960009,99.95
"33899","reportorial",6,86960015,99.95
"33900","requester",6,86960021,99.95
"33901","resection",6,86960027,99.95
"33902","resonator",6,86960033,99.95
"33903","rethread",6,86960039,99.95
"33904","reticulated",6,86960045,99.95
"33905","retouch",6,86960051,99.95
"33906","retracement",6,86960057,99.95
"33907","retrogressive",6,86960063,99.95
"33908","retrospection",6,86960069,99.95
"33909","revaccination",6,86960075,99.95
"33910","rhetorician",6,86960081,99.95
"33911","ribble",6,86960087,99.95
"33912","rickets",6,86960093,99.95
"33913","ridder",6,86960099,99.95
"33914","riddling",6,86960105,99.95
"33915","riden",6,86960111,99.95
"33916","rimless",6,86960117,99.95
"33917","ringworm",6,86960123,99.95
"33918","rinker",6,86960129,99.95
"33919","riskiness",6,86960135,99.95
"33920","rodge",6,86960141,99.95
"33921","romanza",6,86960147,99.95
"33922","roon",6,86960153,99.95
"33923","rooter",6,86960159,99.95
"33924","rootlessness",6,86960165,99.95
"33925","roquet",6,86960171,99.95
"33926","roseate",6,86960177,99.95
"33927","roughhouse",6,86960183,99.95
"33928","roundtop",6,86960189,99.95
"33929","routh",6,86960195,99.95
"33930","ruddock",6,86960201,99.95
"33931","rugosa",6,86960207,99.95
"33932","ruminant",6,86960213,99.95
"33933","rusticity",6,86960219,99.95
"33934","sabzi",6,86960225,99.95
"33935","sachem",6,86960231,99.95
"33936","sadistically",6,86960237,99.95
"33937","salvific",6,86960243,99.95
"33938","samovar",6,86960249,99.95
"33939","sardonically",6,86960255,99.95
"33940","satiation",6,86960261,99.95
"33941","saur",6,86960267,99.95
"33942","savoriness",6,86960273,99.95
"33943","scabrous",6,86960279,99.95
"33944","scaup",6,86960285,99.95
"33945","schola",6,86960291,99.95
"33946","schoolcraft",6,86960297,99.95
"33947","schoolmistress",6,86960303,99.95
"33948","scimitar",6,86960309,99.95
"33949","sclerotic",6,86960315,99.95
"33950","scopa",6,86960321,99.95
"33951","scopolamine",6,86960327,99.95
"33952","scorekeeper",6,86960333,99.95
"33953","scoter",6,86960339,99.95
"33954","scouse",6,86960345,99.95
"33955","scrounger",6,86960351,99.95
"33956","scrunchy",6,86960357,99.95
"33957","seaming",6,86960363,99.95
"33958","seance",6,86960369,99.95
"33959","sectoral",6,86960375,99.95
"33960","seediness",6,86960381,99.95
"33961","seismology",6,86960387,99.95
"33962","sella",6,86960393,99.95
"33963","semiautonomous",6,86960399,99.95
"33964","sentimentalist",6,86960405,99.95
"33965","septet",6,86960411,99.95
"33966","septicemia",6,86960417,99.95
"33967","serging",6,86960423,99.95
"33968","sey",6,86960429,99.95
"33969","shafting",6,86960435,99.95
"33970","shakiness",6,86960441,99.95
"33971","shamanistic",6,86960447,99.95
"33972","sheeted",6,86960453,99.95
"33973","shipmate",6,86960459,99.95
"33974","shipshape",6,86960465,99.95
"33975","shipwright",6,86960471,99.95
"33976","shoeing",6,86960477,99.95
"33977","shortish",6,86960483,99.95
"33978","shrewdness",6,86960489,99.95
"33979","shrike",6,86960495,99.95
"33980","shunting",6,86960501,99.95
"33981","siddur",6,86960507,99.95
"33982","sightly",6,86960513,99.95
"33983","sigmoidoscopy",6,86960519,99.95
"33984","signboard",6,86960525,99.95
"33985","silty",6,86960531,99.95
"33986","simultaneity",6,86960537,99.95
"33987","singable",6,86960543,99.95
"33988","sippio",6,86960549,99.95
"33989","sirree",6,86960555,99.95
"33990","sist",6,86960561,99.95
"33991","sixfold",6,86960567,99.95
"33992","sixtieth",6,86960573,99.95
"33993","skerry",6,86960579,99.95
"33994","skink",6,86960585,99.95
"33995","skippered",6,86960591,99.95
"33996","skywriting",6,86960597,99.95
"33997","slacken",6,86960603,99.95
"33998","slee",6,86960609,99.95
"33999","sleekly",6,86960615,99.95
"34000","slithery",6,86960621,99.95
"34001","slobbery",6,86960627,99.95
"34002","slops",6,86960633,99.95
"34003","slumberland",6,86960639,99.95
"34004","slyness",6,86960645,99.95
"34005","smoochy",6,86960651,99.95
"34006","snackman",6,86960657,99.95
"34007","snappish",6,86960663,99.95
"34008","snuffy",6,86960669,99.95
"34009","sociocultural",6,86960675,99.95
"34010","softwood",6,86960681,99.95
"34011","solarize",6,86960687,99.95
"34012","solute",6,86960693,99.95
"34013","sorrowfully",6,86960699,99.95
"34014","sosh",6,86960705,99.95
"34015","spad",6,86960711,99.95
"34016","spectroscopy",6,86960717,99.95
"34017","spermatogenesis",6,86960723,99.95
"34018","spiriting",6,86960729,99.95
"34019","spiritus",6,86960735,99.95
"34020","splintery",6,86960741,99.95
"34021","sporran",6,86960747,99.95
"34022","squeezable",6,86960753,99.95
"34023","squidgy",6,86960759,99.95
"34024","staab",6,86960765,99.95
"34025","stane",6,86960771,99.95
"34026","steelworks",6,86960777,99.95
"34027","steeplechaser",6,86960783,99.95
"34028","stepwise",6,86960789,99.95
"34029","sterk",6,86960795,99.95
"34030","stickball",6,86960801,99.95
"34031","sticked",6,86960807,99.95
"34032","stillage",6,86960813,99.95
"34033","stilling",6,86960819,99.95
"34034","stockade",6,86960825,99.95
"34035","storable",6,86960831,99.95
"34036","stoup",6,86960837,99.95
"34037","stoutly",6,86960843,99.95
"34038","stretchiness",6,86960849,99.95
"34039","stroker",6,86960855,99.95
"34040","stroot",6,86960861,99.95
"34041","stumper",6,86960867,99.95
"34042","subaltern",6,86960873,99.95
"34043","subclass",6,86960879,99.95
"34044","subhead",6,86960885,99.95
"34045","submersion",6,86960891,99.95
"34046","subsonic",6,86960897,99.95
"34047","subtype",6,86960903,99.95
"34048","sundowner",6,86960909,99.95
"34049","sunt",6,86960915,99.95
"34050","supramental",6,86960921,99.95
"34051","sura",6,86960927,99.95
"34052","surfactant",6,86960933,99.95
"34053","surma",6,86960939,99.95
"34054","swearer",6,86960945,99.95
"34055","sweatband",6,86960951,99.95
"34056","swingle",6,86960957,99.95
"34057","syllabic",6,86960963,99.95
"34058","syndicator",6,86960969,99.95
"34059","syntactic",6,86960975,99.95
"34060","tablemate",6,86960981,99.95
"34061","tabulator",6,86960987,99.95
"34062","tallet",6,86960993,99.95
"34063","tane",6,86960999,99.95
"34064","tankful",6,86961005,99.95
"34065","tare",6,86961011,99.95
"34066","tatter",6,86961017,99.95
"34067","tattva",6,86961023,99.95
"34068","tav",6,86961029,99.95
"34069","taver",6,86961035,99.95
"34070","teardown",6,86961041,99.95
"34071","teer",6,86961047,99.95
"34072","televisual",6,86961053,99.95
"34073","telluric",6,86961059,99.95
"34074","tench",6,86961065,99.95
"34075","tendentious",6,86961071,99.95
"34076","teratology",6,86961077,99.95
"34077","termer",6,86961083,99.95
"34078","territorially",6,86961089,99.95
"34079","tertius",6,86961095,99.95
"34080","tetchy",6,86961101,99.95
"34081","thaught",6,86961107,99.95
"34082","theatergoer",6,86961113,99.95
"34083","thingness",6,86961119,99.95
"34084","thoroughgoing",6,86961125,99.95
"34085","threader",6,86961131,99.95
"34086","threepenny",6,86961137,99.95
"34087","threescore",6,86961143,99.95
"34088","thruster",6,86961149,99.95
"34089","thumbtack",6,86961155,99.95
"34090","thundery",6,86961161,99.95
"34091","tib",6,86961167,99.95
"34092","tift",6,86961173,99.95
"34093","timesaver",6,86961179,99.95
"34094","tippler",6,86961185,99.95
"34095","tiredly",6,86961191,99.95
"34096","tirr",6,86961197,99.95
"34097","tittering",6,86961203,99.95
"34098","toilette",6,86961209,99.95
"34099","toodle",6,86961215,99.95
"34100","toom",6,86961221,99.95
"34101","topknot",6,86961227,99.95
"34102","topline",6,86961233,99.95
"34103","torchbearer",6,86961239,99.95
"34104","torpid",6,86961245,99.95
"34105","torqued",6,86961251,99.95
"34106","toyon",6,86961257,99.95
"34107","trampler",6,86961263,99.95
"34108","transcendently",6,86961269,99.95
"34109","transmigration",6,86961275,99.95
"34110","transmissible",6,86961281,99.95
"34111","transpose",6,86961287,99.95
"34112","transubstantiation",6,86961293,99.95
"34113","treacherously",6,86961299,99.95
"34114","triclinium",6,86961305,99.95
"34115","tricolor",6,86961311,99.95
"34116","trifolium",6,86961317,99.95
"34117","trilby",6,86961323,99.95
"34118","trilobite",6,86961329,99.95
"34119","triskelion",6,86961335,99.95
"34120","tromp",6,86961341,99.95
"34121","trover",6,86961347,99.95
"34122","tulsi",6,86961353,99.95
"34123","tuneless",6,86961359,99.95
"34124","tur",6,86961365,99.95
"34125","turreted",6,86961371,99.95
"34126","turtledove",6,86961377,99.95
"34127","tutee",6,86961383,99.95
"34128","tweaker",6,86961389,99.95
"34129","twigged",6,86961395,99.95
"34130","twiglet",6,86961401,99.95
"34131","twinned",6,86961407,99.95
"34132","twittery",6,86961413,99.95
"34133","tyrosine",6,86961419,99.95
"34134","ule",6,86961425,99.95
"34135","ulema",6,86961431,99.95
"34136","ulla",6,86961437,99.95
"34137","ultimo",6,86961443,99.95
"34138","unacquainted",6,86961449,99.95
"34139","unadventurous",6,86961455,99.95
"34140","unaged",6,86961461,99.95
"34141","unassimilable",6,86961467,99.95
"34142","unbind",6,86961473,99.95
"34143","unbinding",6,86961479,99.95
"34144","unbrushed",6,86961485,99.95
"34145","unbudgeted",6,86961491,99.95
"34146","unbuttered",6,86961497,99.95
"34147","uncatchable",6,86961503,99.95
"34148","unchallenging",6,86961509,99.95
"34149","unclassifiable",6,86961515,99.95
"34150","uncoloured",6,86961521,99.95
"34151","uncomplaining",6,86961527,99.95
"34152","unconfident",6,86961533,99.95
"34153","unconvincingly",6,86961539,99.95
"34154","uncorroborated",6,86961545,99.95
"34155","undateable",6,86961551,99.95
"34156","undecipherable",6,86961557,99.95
"34157","undefended",6,86961563,99.95
"34158","undelivered",6,86961569,99.95
"34159","undemonstrative",6,86961575,99.95
"34160","undergird",6,86961581,99.95
"34161","underpainting",6,86961587,99.95
"34162","underrate",6,86961593,99.95
"34163","underselling",6,86961599,99.95
"34164","undulated",6,86961605,99.95
"34165","undyed",6,86961611,99.95
"34166","uneventfully",6,86961617,99.95
"34167","unexcused",6,86961623,99.95
"34168","unfeigned",6,86961629,99.95
"34169","unfreeze",6,86961635,99.95
"34170","unfriending",6,86961641,99.95
"34171","unfurnished",6,86961647,99.95
"34172","unglazed",6,86961653,99.95
"34173","unguided",6,86961659,99.95
"34174","unhampered",6,86961665,99.95
"34175","unhesitatingly",6,86961671,99.95
"34176","unhitched",6,86961677,99.95
"34177","unifier",6,86961683,99.95
"34178","unimpaired",6,86961689,99.95
"34179","unimposing",6,86961695,99.95
"34180","uninked",6,86961701,99.95
"34181","unlatch",6,86961707,99.95
"34182","unmixed",6,86961713,99.95
"34183","unmodified",6,86961719,99.95
"34184","unobservant",6,86961725,99.95
"34185","unposed",6,86961731,99.95
"34186","unprecedentedly",6,86961737,99.95
"34187","unprepossessing",6,86961743,99.95
"34188","unregenerate",6,86961749,99.95
"34189","unremittingly",6,86961755,99.95
"34190","unrepeatable",6,86961761,99.95
"34191","unresolvable",6,86961767,99.95
"34192","unresponsiveness",6,86961773,99.95
"34193","unrewarded",6,86961779,99.95
"34194","unsayable",6,86961785,99.95
"34195","unshackle",6,86961791,99.95
"34196","unshaved",6,86961797,99.95
"34197","unsorted",6,86961803,99.95
"34198","unstressed",6,86961809,99.95
"34199","untranslated",6,86961815,99.95
"34200","untreatable",6,86961821,99.95
"34201","untrusting",6,86961827,99.95
"34202","unutterably",6,86961833,99.95
"34203","unverifiable",6,86961839,99.95
"34204","unwired",6,86961845,99.95
"34205","upclose",6,86961851,99.95
"34206","usurer",6,86961857,99.95
"34207","uteri",6,86961863,99.95
"34208","vagas",6,86961869,99.95
"34209","valedictory",6,86961875,99.95
"34210","valuer",6,86961881,99.95
"34211","vanillin",6,86961887,99.95
"34212","vaporous",6,86961893,99.95
"34213","veen",6,86961899,99.95
"34214","venality",6,86961905,99.95
"34215","venator",6,86961911,99.95
"34216","verifiably",6,86961917,99.95
"34217","verminous",6,86961923,99.95
"34218","vicarage",6,86961929,99.95
"34219","viol",6,86961935,99.95
"34220","visualizer",6,86961941,99.95
"34221","vitreous",6,86961947,99.95
"34222","vocalization",6,86961953,99.95
"34223","volution",6,86961959,99.95
"34224","vota",6,86961965,99.95
"34225","vouge",6,86961971,99.95
"34226","wahine",6,86961977,99.95
"34227","walkaway",6,86961983,99.95
"34228","wapiti",6,86961989,99.95
"34229","warbled",6,86961995,99.95
"34230","warder",6,86962001,99.95
"34231","warty",6,86962007,99.95
"34232","washtub",6,86962013,99.95
"34233","waspish",6,86962019,99.95
"34234","wath",6,86962025,99.95
"34235","weaselly",6,86962031,99.95
"34236","wedging",6,86962037,99.95
"34237","weel",6,86962043,99.95
"34238","weeper",6,86962049,99.95
"34239","wem",6,86962055,99.95
"34240","whorl",6,86962061,99.95
"34241","withy",6,86962067,99.95
"34242","wob",6,86962073,99.95
"34243","wolter",6,86962079,99.95
"34244","woodpile",6,86962085,99.95
"34245","workpiece",6,86962091,99.95
"34246","worming",6,86962097,99.95
"34247","worriedly",6,86962103,99.95
"34248","woy",6,86962109,99.95
"34249","wreathed",6,86962115,99.95
"34250","wrenchingly",6,86962121,99.95
"34251","wrongdoer",6,86962127,99.95
"34252","wunna",6,86962133,99.95
"34253","wyn",6,86962139,99.95
"34254","yuca",6,86962145,99.95
"34255","zat",6,86962151,99.95
"34256","zein",6,86962157,99.95
"34257","zer",6,86962163,99.95
"34258","ziggurat",6,86962169,99.95
"34259","zillah",6,86962175,99.95
"34260","zoll",6,86962181,99.95
"34261","zounds",6,86962187,99.95
"34262","abjure",5,86962192,99.95
"34263","aborigine",5,86962197,99.95
"34264","abortionist",5,86962202,99.95
"34265","abruptness",5,86962207,99.95
"34266","absoluteness",5,86962212,99.95
"34267","absorbable",5,86962217,99.95
"34268","absorbency",5,86962222,99.95
"34269","abstainer",5,86962227,99.95
"34270","accost",5,86962232,99.95
"34271","accouchement",5,86962237,99.95
"34272","accumulator",5,86962242,99.95
"34273","accusingly",5,86962247,99.95
"34274","acetaldehyde",5,86962252,99.95
"34275","achar",5,86962257,99.95
"34276","acidly",5,86962262,99.95
"34277","adda",5,86962267,99.95
"34278","adenosine",5,86962272,99.95
"34279","adjectival",5,86962277,99.95
"34280","adjuvant",5,86962282,99.95
"34281","administrate",5,86962287,99.95
"34282","advisability",5,86962292,99.95
"34283","advisee",5,86962297,99.95
"34284","aerobatic",5,86962302,99.95
"34285","aerobically",5,86962307,99.95
"34286","aestheticism",5,86962312,99.95
"34287","agon",5,86962317,99.95
"34288","agriculturalist",5,86962322,99.95
"34289","agronomist",5,86962327,99.95
"34290","ahluwalia",5,86962332,99.95
"34291","aider",5,86962337,99.95
"34292","aion",5,86962342,99.95
"34293","alani",5,86962347,99.95
"34294","aldehyde",5,86962352,99.95
"34295","allegretto",5,86962357,99.95
"34296","aller",5,86962362,99.95
"34297","alpenglow",5,86962367,99.95
"34298","amaranthine",5,86962372,99.95
"34299","ambassadorship",5,86962377,99.95
"34300","ament",5,86962382,99.95
"34301","amiability",5,86962387,99.95
"34302","ampere",5,86962392,99.95
"34303","amphora",5,86962397,99.95
"34304","amylin",5,86962402,99.95
"34305","anaemia",5,86962407,99.95
"34306","anaemic",5,86962412,99.95
"34307","animistic",5,86962417,99.95
"34308","annuitant",5,86962422,99.95
"34309","anta",5,86962427,99.95
"34310","antechamber",5,86962432,99.95
"34311","anteroom",5,86962437,99.95
"34312","anthropologically",5,86962442,99.95
"34313","antiaircraft",5,86962447,99.95
"34314","antiphonal",5,86962452,99.95
"34315","antitax",5,86962457,99.95
"34316","apiarist",5,86962462,99.95
"34317","approbation",5,86962467,99.95
"34318","aquascutum",5,86962472,99.95
"34319","arachidonic",5,86962477,99.95
"34320","arciform",5,86962482,99.95
"34321","arete",5,86962487,99.95
"34322","arithmetical",5,86962492,99.95
"34323","aromatically",5,86962497,99.95
"34324","ascendent",5,86962502,99.95
"34325","assented",5,86962507,99.95
"34326","assonance",5,86962512,99.95
"34327","astragalus",5,86962517,99.95
"34328","astrologically",5,86962522,99.95
"34329","atavism",5,86962527,99.95
"34330","athirst",5,86962532,99.95
"34331","atomizer",5,86962537,99.95
"34332","attachable",5,86962542,99.95
"34333","aurelian",5,86962547,99.95
"34334","auspiciously",5,86962552,99.95
"34335","authenticator",5,86962557,99.95
"34336","automata",5,86962562,99.95
"34337","aversive",5,86962567,99.95
"34338","avocet",5,86962572,99.95
"34339","avow",5,86962577,99.95
"34340","avowedly",5,86962582,99.95
"34341","axion",5,86962587,99.95
"34342","bacca",5,86962592,99.95
"34343","backslapping",5,86962597,99.95
"34344","backstitch",5,86962602,99.95
"34345","backstrap",5,86962607,99.95
"34346","baktun",5,86962612,99.95
"34347","balalaika",5,86962617,99.95
"34348","bandeau",5,86962622,99.95
"34349","bareheaded",5,86962627,99.95
"34350","baretta",5,86962632,99.95
"34351","baronet",5,86962637,99.95
"34352","bastide",5,86962642,99.95
"34353","battlement",5,86962647,99.95
"34354","batz",5,86962652,99.95
"34355","beachcombing",5,86962657,99.95
"34356","beaky",5,86962662,99.95
"34357","beamish",5,86962667,99.95
"34358","beardless",5,86962672,99.95
"34359","bearskin",5,86962677,99.95
"34360","bedeck",5,86962682,99.95
"34361","bedmaking",5,86962687,99.95
"34362","beldam",5,86962692,99.95
"34363","belga",5,86962697,99.95
"34364","bellyache",5,86962702,99.95
"34365","bena",5,86962707,99.95
"34366","bencher",5,86962712,99.95
"34367","benzine",5,86962717,99.95
"34368","benzoin",5,86962722,99.95
"34369","benzoyl",5,86962727,99.95
"34370","beribboned",5,86962732,99.95
"34371","berried",5,86962737,99.95
"34372","bettor",5,86962742,99.95
"34373","bewigged",5,86962747,99.95
"34374","bhandari",5,86962752,99.95
"34375","biggin",5,86962757,99.95
"34376","bilby",5,86962762,99.95
"34377","billow",5,86962767,99.95
"34378","bingle",5,86962772,99.95
"34379","biostatistics",5,86962777,99.95
"34380","bitt",5,86962782,99.95
"34381","bittern",5,86962787,99.95
"34382","bituminous",5,86962792,99.95
"34383","bivalve",5,86962797,99.95
"34384","bizarreness",5,86962802,99.95
"34385","blackball",5,86962807,99.95
"34386","blanda",5,86962812,99.95
"34387","blay",5,86962817,99.95
"34388","bloodstain",5,86962822,99.95
"34389","blotch",5,86962827,99.95
"34390","bluffer",5,86962832,99.95
"34391","bodiless",5,86962837,99.95
"34392","bombproof",5,86962842,99.95
"34393","bookbinder",5,86962847,99.95
"34394","booklover",5,86962852,99.95
"34395","bookwork",5,86962857,99.95
"34396","booziness",5,86962862,99.95
"34397","borzoi",5,86962867,99.95
"34398","bosher",5,86962872,99.95
"34399","bounder",5,86962877,99.95
"34400","boundlessness",5,86962882,99.95
"34401","bowlegged",5,86962887,99.95
"34402","bowwow",5,86962892,99.95
"34403","bracingly",5,86962897,99.95
"34404","brakeman",5,86962902,99.95
"34405","brambly",5,86962907,99.95
"34406","brattle",5,86962912,99.95
"34407","brawner",5,86962917,99.95
"34408","breadboard",5,86962922,99.95
"34409","breadbox",5,86962927,99.95
"34410","breadfruit",5,86962932,99.95
"34411","breadmaking",5,86962937,99.95
"34412","bridgehead",5,86962942,99.95
"34413","bridled",5,86962947,99.95
"34414","brigand",5,86962952,99.95
"34415","bristly",5,86962957,99.95
"34416","brittlebush",5,86962962,99.95
"34417","broadcloth",5,86962967,99.95
"34418","brochette",5,86962972,99.95
"34419","bronzy",5,86962977,99.95
"34420","brooked",5,86962982,99.95
"34421","brot",5,86962987,99.95
"34422","browbeat",5,86962992,99.95
"34423","brownout",5,86962997,99.95
"34424","buddhi",5,86963002,99.95
"34425","bulgy",5,86963007,99.95
"34426","bumptious",5,86963012,99.95
"34427","bunnell",5,86963017,99.95
"34428","burgher",5,86963022,99.95
"34429","burgoyne",5,86963027,99.95
"34430","bursary",5,86963032,99.95
"34431","bursitis",5,86963037,99.95
"34432","byplay",5,86963042,99.95
"34433","cadette",5,86963047,99.95
"34434","callipygian",5,86963052,99.95
"34435","calumny",5,86963057,99.95
"34436","camporee",5,86963062,99.95
"34437","camshaft",5,86963067,99.95
"34438","candelabra",5,86963072,99.95
"34439","candidness",5,86963077,99.95
"34440","canid",5,86963082,99.95
"34441","canoodle",5,86963087,99.95
"34442","canted",5,86963092,99.95
"34443","cantus",5,86963097,99.95
"34444","capful",5,86963102,99.95
"34445","capillary",5,86963107,99.95
"34446","capsulitis",5,86963112,99.95
"34447","caramba",5,86963117,99.95
"34448","carborundum",5,86963122,99.95
"34449","carceral",5,86963127,99.95
"34450","caricaturist",5,86963132,99.95
"34451","carnauba",5,86963137,99.95
"34452","carnelian",5,86963142,99.95
"34453","carven",5,86963147,99.95
"34454","casal",5,86963152,99.95
"34455","casco",5,86963157,99.95
"34456","cassock",5,86963162,99.95
"34457","catarrh",5,86963167,99.95
"34458","catechesis",5,86963172,99.95
"34459","caustically",5,86963177,99.95
"34460","censer",5,86963182,99.95
"34461","cephalon",5,86963187,99.95
"34462","chaffinch",5,86963192,99.95
"34463","changeability",5,86963197,99.95
"34464","chargeable",5,86963202,99.95
"34465","chary",5,86963207,99.95
"34466","cherimoya",5,86963212,99.95
"34467","chicness",5,86963217,99.95
"34468","chimeric",5,86963222,99.95
"34469","chromite",5,86963227,99.95
"34470","chubbiness",5,86963232,99.95
"34471","chucker",5,86963237,99.95
"34472","chyle",5,86963242,99.95
"34473","clackety",5,86963247,99.95
"34474","clarifier",5,86963252,99.95
"34475","claver",5,86963257,99.95
"34476","clearness",5,86963262,99.95
"34477","clemence",5,86963267,99.95
"34478","cliental",5,86963272,99.95
"34479","clinker",5,86963277,99.95
"34480","clockmaker",5,86963282,99.95
"34481","clothbound",5,86963287,99.95
"34482","clotheshorse",5,86963292,99.95
"34483","clow",5,86963297,99.95
"34484","coachman",5,86963302,99.95
"34485","coattail",5,86963307,99.95
"34486","cockle",5,86963312,99.95
"34487","cocotte",5,86963317,99.95
"34488","coenzyme",5,86963322,99.95
"34489","cofferdam",5,86963327,99.95
"34490","cogitate",5,86963332,99.95
"34491","cognate",5,86963337,99.95
"34492","cohesively",5,86963342,99.95
"34493","coifed",5,86963347,99.95
"34494","collarless",5,86963352,99.95
"34495","colling",5,86963357,99.95
"34496","colorize",5,86963362,99.95
"34497","colorman",5,86963367,99.95
"34498","commerciality",5,86963372,99.95
"34499","commissariat",5,86963377,99.95
"34500","commonweal",5,86963382,99.95
"34501","communitarian",5,86963387,99.95
"34502","compensable",5,86963392,99.95
"34503","complacently",5,86963397,99.95
"34504","complexly",5,86963402,99.95
"34505","comportment",5,86963407,99.95
"34506","concretize",5,86963412,99.95
"34507","concupiscence",5,86963417,99.95
"34508","concurrency",5,86963422,99.95
"34509","condescendingly",5,86963427,99.95
"34510","confabulation",5,86963432,99.95
"34511","confraternity",5,86963437,99.95
"34512","coniferous",5,86963442,99.95
"34513","conjectural",5,86963447,99.95
"34514","conjointly",5,86963452,99.95
"34515","conjurer",5,86963457,99.95
"34516","consanguineous",5,86963462,99.95
"34517","consummately",5,86963467,99.95
"34518","contrasty",5,86963472,99.95
"34519","conurbation",5,86963477,99.95
"34520","conventicle",5,86963482,99.95
"34521","coquina",5,86963487,99.95
"34522","cornelian",5,86963492,99.95
"34523","corpora",5,86963497,99.95
"34524","corrector",5,86963502,99.95
"34525","corrente",5,86963507,99.95
"34526","cosmically",5,86963512,99.95
"34527","cottonmouth",5,86963517,99.95
"34528","counterman",5,86963522,99.95
"34529","counterpunch",5,86963527,99.95
"34530","covetable",5,86963532,99.95
"34531","creasing",5,86963537,99.95
"34532","creem",5,86963542,99.95
"34533","crepuscular",5,86963547,99.95
"34534","criminalist",5,86963552,99.95
"34535","crista",5,86963557,99.95
"34536","cronk",5,86963562,99.95
"34537","crookneck",5,86963567,99.95
"34538","crosscurrent",5,86963572,99.95
"34539","crowl",5,86963577,99.95
"34540","crumby",5,86963582,99.95
"34541","crumpler",5,86963587,99.95
"34542","crystallization",5,86963592,99.95
"34543","cubital",5,86963597,99.95
"34544","culinarily",5,86963602,99.95
"34545","culottes",5,86963607,99.95
"34546","cultivator",5,86963612,99.95
"34547","cupful",5,86963617,99.95
"34548","cupholder",5,86963622,99.95
"34549","cutaneous",5,86963627,99.95
"34550","cutcher",5,86963632,99.95
"34551","cutover",5,86963637,99.95
"34552","cuttle",5,86963642,99.95
"34553","dabba",5,86963647,99.95
"34554","dapple",5,86963652,99.95
"34555","dargah",5,86963657,99.95
"34556","darger",5,86963662,99.95
"34557","dateless",5,86963667,99.95
"34558","daunter",5,86963672,99.95
"34559","dawny",5,86963677,99.95
"34560","deadfall",5,86963682,99.95
"34561","deafen",5,86963687,99.95
"34562","decease",5,86963692,99.95
"34563","decelerate",5,86963697,99.95
"34564","decentralize",5,86963702,99.95
"34565","declination",5,86963707,99.95
"34566","decontrol",5,86963712,99.95
"34567","defectively",5,86963717,99.95
"34568","deism",5,86963722,99.95
"34569","deist",5,86963727,99.95
"34570","demarcate",5,86963732,99.95
"34571","demark",5,86963737,99.95
"34572","demimonde",5,86963742,99.95
"34573","dendritic",5,86963747,99.95
"34574","depositary",5,86963752,99.95
"34575","depravation",5,86963757,99.95
"34576","depuration",5,86963762,99.95
"34577","deputize",5,86963767,99.95
"34578","desiccation",5,86963772,99.95
"34579","despitefully",5,86963777,99.95
"34580","destructively",5,86963782,99.95
"34581","destructor",5,86963787,99.95
"34582","detailer",5,86963792,99.95
"34583","devonport",5,86963797,99.95
"34584","devourer",5,86963802,99.95
"34585","dextrous",5,86963807,99.95
"34586","diabolic",5,86963812,99.95
"34587","diachronic",5,86963817,99.95
"34588","dianetics",5,86963822,99.95
"34589","dicta",5,86963827,99.95
"34590","didactics",5,86963832,99.95
"34591","digitalis",5,86963837,99.95
"34592","digressive",5,86963842,99.95
"34593","dilapidation",5,86963847,99.95
"34594","dilatory",5,86963852,99.95
"34595","diminishment",5,86963857,99.95
"34596","dinar",5,86963862,99.95
"34597","diplomate",5,86963867,99.95
"34598","dirtiness",5,86963872,99.95
"34599","disadvantageous",5,86963877,99.95
"34600","discouragingly",5,86963882,99.95
"34601","disjoint",5,86963887,99.95
"34602","dispersant",5,86963892,99.95
"34603","disquisition",5,86963897,99.95
"34604","disrupter",5,86963902,99.95
"34605","dissociate",5,86963907,99.95
"34606","diwata",5,86963912,99.95
"34607","dizzily",5,86963917,99.95
"34608","dodman",5,86963922,99.95
"34609","doggish",5,86963927,99.95
"34610","dogmatically",5,86963932,99.95
"34611","dolefully",5,86963937,99.95
"34612","dolomite",5,86963942,99.95
"34613","doodler",5,86963947,99.95
"34614","dotage",5,86963952,99.95
"34615","doubloon",5,86963957,99.95
"34616","dragger",5,86963962,99.95
"34617","draggy",5,86963967,99.95
"34618","drainer",5,86963972,99.95
"34619","dramaturgy",5,86963977,99.95
"34620","dropcloth",5,86963982,99.95
"34621","drowsily",5,86963987,99.95
"34622","druidry",5,86963992,99.95
"34623","druse",5,86963997,99.95
"34624","ductless",5,86964002,99.95
"34625","duelist",5,86964007,99.95
"34626","dugong",5,86964012,99.95
"34627","dunal",5,86964017,99.95
"34628","dunny",5,86964022,99.95
"34629","dunstable",5,86964027,99.95
"34630","durbar",5,86964032,99.95
"34631","duro",5,86964037,99.95
"34632","dyker",5,86964042,99.95
"34633","dynamiting",5,86964047,99.95
"34634","dyspepsia",5,86964052,99.95
"34635","earless",5,86964057,99.95
"34636","ecad",5,86964062,99.95
"34637","ectodermal",5,86964067,99.95
"34638","eczematous",5,86964072,99.95
"34639","edibility",5,86964077,99.95
"34640","eeriness",5,86964082,99.95
"34641","effectuate",5,86964087,99.95
"34642","egotist",5,86964092,99.95
"34643","egotistic",5,86964097,99.95
"34644","eidolon",5,86964102,99.95
"34645","electroacoustic",5,86964107,99.95
"34646","electrochemical",5,86964112,99.95
"34647","emaciation",5,86964117,99.95
"34648","emasculate",5,86964122,99.95
"34649","embezzler",5,86964127,99.95
"34650","embraceable",5,86964132,99.95
"34651","embracement",5,86964137,99.95
"34652","enchanter",5,86964142,99.95
"34653","encirclement",5,86964147,99.95
"34654","encumbrance",5,86964152,99.95
"34655","endlessness",5,86964157,99.95
"34656","endurable",5,86964162,99.95
"34657","energist",5,86964167,99.95
"34658","enforceability",5,86964172,99.95
"34659","eniac",5,86964177,99.96
"34660","ense",5,86964182,99.96
"34661","entreat",5,86964187,99.96
"34662","epee",5,86964192,99.96
"34663","epidermal",5,86964197,99.96
"34664","equalling",5,86964202,99.96
"34665","ergon",5,86964207,99.96
"34666","eruptive",5,86964212,99.96
"34667","escapement",5,86964217,99.96
"34668","escolar",5,86964222,99.96
"34669","esoterica",5,86964227,99.96
"34670","espalier",5,86964232,99.96
"34671","essentialism",5,86964237,99.96
"34672","essentialist",5,86964242,99.96
"34673","ethnological",5,86964247,99.96
"34674","etiology",5,86964252,99.96
"34675","euge",5,86964257,99.96
"34676","eulalia",5,86964262,99.96
"34677","eulogia",5,86964267,99.96
"34678","eulogize",5,86964272,99.96
"34679","euphonium",5,86964277,99.96
"34680","evacuee",5,86964282,99.96
"34681","evenness",5,86964287,99.96
"34682","exciter",5,86964292,99.96
"34683","exemplarism",5,86964297,99.96
"34684","exhaustingly",5,86964302,99.96
"34685","expectable",5,86964307,99.96
"34686","expiation",5,86964312,99.96
"34687","explorative",5,86964317,99.96
"34688","extravert",5,86964322,99.96
"34689","eyepiece",5,86964327,99.96
"34690","eyewash",5,86964332,99.96
"34691","factorial",5,86964337,99.96
"34692","factuality",5,86964342,99.96
"34693","farrago",5,86964347,99.96
"34694","farsighted",5,86964352,99.96
"34695","fastidiously",5,86964357,99.96
"34696","fatefully",5,86964362,99.96
"34697","faultlessly",5,86964367,99.96
"34698","fazenda",5,86964372,99.96
"34699","fearsomely",5,86964377,99.96
"34700","featherbed",5,86964382,99.96
"34701","fecklessness",5,86964387,99.96
"34702","feldspar",5,86964392,99.96
"34703","feminization",5,86964397,99.96
"34704","fermentor",5,86964402,99.96
"34705","ferric",5,86964407,99.96
"34706","festal",5,86964412,99.96
"34707","festiveness",5,86964417,99.96
"34708","festoon",5,86964422,99.96
"34709","feticide",5,86964427,99.96
"34710","fetishization",5,86964432,99.96
"34711","fifo",5,86964437,99.96
"34712","fike",5,86964442,99.96
"34713","filleting",5,86964447,99.96
"34714","fineness",5,86964452,99.96
"34715","finial",5,86964457,99.96
"34716","fishback",5,86964462,99.96
"34717","fishhook",5,86964467,99.96
"34718","fixedly",5,86964472,99.96
"34719","flameless",5,86964477,99.96
"34720","flanger",5,86964482,99.96
"34721","flatulent",5,86964487,99.96
"34722","floatable",5,86964492,99.96
"34723","flurried",5,86964497,99.96
"34724","flusher",5,86964502,99.96
"34725","fluster",5,86964507,99.96
"34726","follicular",5,86964512,99.96
"34727","forbiddingly",5,86964517,99.96
"34728","forefoot",5,86964522,99.96
"34729","foreshore",5,86964527,99.96
"34730","forewarn",5,86964532,99.96
"34731","forsooth",5,86964537,99.96
"34732","fortuneteller",5,86964542,99.96
"34733","foulness",5,86964547,99.96
"34734","fourpence",5,86964552,99.96
"34735","foxtail",5,86964557,99.96
"34736","frabjous",5,86964562,99.96
"34737","freehanded",5,86964567,99.96
"34738","frilled",5,86964572,99.96
"34739","frippery",5,86964577,99.96
"34740","fruitive",5,86964582,99.96
"34741","fumigation",5,86964587,99.96
"34742","functionalism",5,86964592,99.96
"34743","funest",5,86964597,99.96
"34744","furring",5,86964602,99.96
"34745","fuzzball",5,86964607,99.96
"34746","gabbard",5,86964612,99.96
"34747","gabber",5,86964617,99.96
"34748","gabble",5,86964622,99.96
"34749","gade",5,86964627,99.96
"34750","gainsay",5,86964632,99.96
"34751","galoot",5,86964637,99.96
"34752","galvanic",5,86964642,99.96
"34753","gamba",5,86964647,99.96
"34754","ganger",5,86964652,99.96
"34755","garance",5,86964657,99.96
"34756","gastrectomy",5,86964662,99.96
"34757","gastroesophageal",5,86964667,99.96
"34758","gaudily",5,86964672,99.96
"34759","gearshift",5,86964677,99.96
"34760","gemlike",5,86964682,99.96
"34761","gendarme",5,86964687,99.96
"34762","genin",5,86964692,99.96
"34763","genotype",5,86964697,99.96
"34764","geophagy",5,86964702,99.96
"34765","gerrymander",5,86964707,99.96
"34766","giantess",5,86964712,99.96
"34767","gibber",5,86964717,99.96
"34768","gibbet",5,86964722,99.96
"34769","gie",5,86964727,99.96
"34770","gip",5,86964732,99.96
"34771","glans",5,86964737,99.96
"34772","glorying",5,86964742,99.96
"34773","glosser",5,86964747,99.96
"34774","glub",5,86964752,99.96
"34775","gnocchetti",5,86964757,99.96
"34776","gnomon",5,86964762,99.96
"34777","goateed",5,86964767,99.96
"34778","godwit",5,86964772,99.96
"34779","goldish",5,86964777,99.96
"34780","gora",5,86964782,99.96
"34781","grainer",5,86964787,99.96
"34782","gramme",5,86964792,99.96
"34783","grandnephew",5,86964797,99.96
"34784","grandsire",5,86964802,99.96
"34785","grano",5,86964807,99.96
"34786","grassing",5,86964812,99.96
"34787","gratifyingly",5,86964817,99.96
"34788","grice",5,86964822,99.96
"34789","groggily",5,86964827,99.96
"34790","grosz",5,86964832,99.96
"34791","groundedness",5,86964837,99.96
"34792","gruesomely",5,86964842,99.96
"34793","grunion",5,86964847,99.96
"34794","guardhouse",5,86964852,99.96
"34795","guesser",5,86964857,99.96
"34796","guidon",5,86964862,99.96
"34797","guilder",5,86964867,99.96
"34798","gumming",5,86964872,99.96
"34799","gunboat",5,86964877,99.96
"34800","gunflint",5,86964882,99.96
"34801","gurgly",5,86964887,99.96
"34802","habitus",5,86964892,99.96
"34803","hackery",5,86964897,99.96
"34804","hagia",5,86964902,99.96
"34805","hailer",5,86964907,99.96
"34806","halberd",5,86964912,99.96
"34807","halfpenny",5,86964917,99.96
"34808","handhold",5,86964922,99.96
"34809","hangul",5,86964927,99.96
"34810","hanse",5,86964932,99.96
"34811","harasser",5,86964937,99.96
"34812","harn",5,86964942,99.96
"34813","harpsichordist",5,86964947,99.96
"34814","hauteur",5,86964952,99.96
"34815","haziness",5,86964957,99.96
"34816","hearting",5,86964962,99.96
"34817","heartlessly",5,86964967,99.96
"34818","heer",5,86964972,99.96
"34819","heezy",5,86964977,99.96
"34820","heii",5,86964982,99.96
"34821","heliocentric",5,86964987,99.96
"34822","hellebore",5,86964992,99.96
"34823","helpmeet",5,86964997,99.96
"34824","hepcat",5,86965002,99.96
"34825","hereto",5,86965007,99.96
"34826","heritability",5,86965012,99.96
"34827","hermeneutical",5,86965017,99.96
"34828","heterodox",5,86965022,99.96
"34829","hia",5,86965027,99.96
"34830","hiatal",5,86965032,99.96
"34831","hiddenness",5,86965037,99.96
"34832","hircine",5,86965042,99.96
"34833","hittable",5,86965047,99.96
"34834","hocky",5,86965052,99.96
"34835","hogger",5,86965057,99.96
"34836","hoggy",5,86965062,99.96
"34837","holeman",5,86965067,99.96
"34838","homeyness",5,86965072,99.96
"34839","hominess",5,86965077,99.96
"34840","homogenic",5,86965082,99.96
"34841","honeycombed",5,86965087,99.96
"34842","hoodless",5,86965092,99.96
"34843","hornbill",5,86965097,99.96
"34844","hornpipe",5,86965102,99.96
"34845","horribleness",5,86965107,99.96
"34846","hubristic",5,86965112,99.96
"34847","huia",5,86965117,99.96
"34848","humic",5,86965122,99.96
"34849","hushing",5,86965127,99.96
"34850","huso",5,86965132,99.96
"34851","hydrophone",5,86965137,99.96
"34852","hydroplane",5,86965142,99.96
"34853","hydrostatic",5,86965147,99.96
"34854","hyperextension",5,86965152,99.96
"34855","hyperkinetic",5,86965157,99.96
"34856","hyperventilation",5,86965162,99.96
"34857","hyphenate",5,86965167,99.96
"34858","hypothyroid",5,86965172,99.96
"34859","hysteric",5,86965177,99.96
"34860","igneous",5,86965182,99.96
"34861","illumine",5,86965187,99.96
"34862","implacably",5,86965192,99.96
"34863","improvisatory",5,86965197,99.96
"34864","imputation",5,86965202,99.96
"34865","inaccessibility",5,86965207,99.96
"34866","inattentiveness",5,86965212,99.96
"34867","inaudibly",5,86965217,99.96
"34868","incapability",5,86965222,99.96
"34869","incisively",5,86965227,99.96
"34870","incongruent",5,86965232,99.96
"34871","inconsolably",5,86965237,99.96
"34872","incorporeal",5,86965242,99.96
"34873","incorrectness",5,86965247,99.96
"34874","incurious",5,86965252,99.96
"34875","indelicate",5,86965257,99.96
"34876","indeterminable",5,86965262,99.96
"34877","indiscipline",5,86965267,99.96
"34878","indite",5,86965272,99.96
"34879","inelastic",5,86965277,99.96
"34880","inertance",5,86965282,99.96
"34881","inexactitude",5,86965287,99.96
"34882","inexpert",5,86965292,99.96
"34883","inexpertly",5,86965297,99.96
"34884","infarction",5,86965302,99.96
"34885","infeasible",5,86965307,99.96
"34886","inflammable",5,86965312,99.96
"34887","informatively",5,86965317,99.96
"34888","inhabitable",5,86965322,99.96
"34889","iniquitous",5,86965327,99.96
"34890","inquisitively",5,86965332,99.96
"34891","insensible",5,86965337,99.96
"34892","interactionist",5,86965342,99.96
"34893","interbreed",5,86965347,99.96
"34894","intermediation",5,86965352,99.96
"34895","interparliamentary",5,86965357,99.96
"34896","intil",5,86965362,99.96
"34897","intoxicatingly",5,86965367,99.96
"34898","introspect",5,86965372,99.96
"34899","intrusiveness",5,86965377,99.96
"34900","investiture",5,86965382,99.96
"34901","ipecac",5,86965387,99.96
"34902","irradiate",5,86965392,99.96
"34903","irremediable",5,86965397,99.96
"34904","irreverently",5,86965402,99.96
"34905","issei",5,86965407,99.96
"34906","jadeite",5,86965412,99.96
"34907","jaggedly",5,86965417,99.96
"34908","jauntiness",5,86965422,99.96
"34909","jaywalk",5,86965427,99.96
"34910","jibber",5,86965432,99.96
"34911","jina",5,86965437,99.96
"34912","jingly",5,86965442,99.96
"34913","jollity",5,86965447,99.96
"34914","juristic",5,86965452,99.96
"34915","kampong",5,86965457,99.96
"34916","keto",5,86965462,99.96
"34917","kiku",5,86965467,99.96
"34918","kittenish",5,86965472,99.96
"34919","kleptomaniac",5,86965477,99.96
"34920","klip",5,86965482,99.96
"34921","knickknack",5,86965487,99.96
"34922","kral",5,86965492,99.96
"34923","kras",5,86965497,99.96
"34924","kreutzer",5,86965502,99.96
"34925","krone",5,86965507,99.96
"34926","kulkarni",5,86965512,99.96
"34927","labial",5,86965517,99.96
"34928","labrusca",5,86965522,99.96
"34929","lader",5,86965527,99.96
"34930","lairy",5,86965532,99.96
"34931","lambent",5,86965537,99.96
"34932","laminitis",5,86965542,99.96
"34933","lamplighter",5,86965547,99.96
"34934","lanced",5,86965552,99.96
"34935","landsman",5,86965557,99.96
"34936","languorously",5,86965562,99.96
"34937","lanson",5,86965567,99.96
"34938","lasciviousness",5,86965572,99.96
"34939","lavishness",5,86965577,99.96
"34940","leadin",5,86965582,99.96
"34941","leasehold",5,86965587,99.96
"34942","leaseholder",5,86965592,99.96
"34943","leat",5,86965597,99.96
"34944","lechery",5,86965602,99.96
"34945","leep",5,86965607,99.96
"34946","legate",5,86965612,99.96
"34947","legionary",5,86965617,99.96
"34948","lendable",5,86965622,99.96
"34949","lenticular",5,86965627,99.96
"34950","leonine",5,86965632,99.96
"34951","liberality",5,86965637,99.96
"34952","libidinous",5,86965642,99.96
"34953","lifo",5,86965647,99.96
"34954","ligation",5,86965652,99.96
"34955","limpin",5,86965657,99.96
"34956","linea",5,86965662,99.96
"34957","liniment",5,86965667,99.96
"34958","linker",5,86965672,99.96
"34959","lipa",5,86965677,99.96
"34960","listlessness",5,86965682,99.96
"34961","lith",5,86965687,99.96
"34962","littleneck",5,86965692,99.96
"34963","livered",5,86965697,99.96
"34964","livingness",5,86965702,99.96
"34965","llano",5,86965707,99.96
"34966","lochan",5,86965712,99.96
"34967","loftily",5,86965717,99.96
"34968","logician",5,86965722,99.96
"34969","longfin",5,86965727,99.96
"34970","longleaf",5,86965732,99.96
"34971","longlegs",5,86965737,99.96
"34972","loper",5,86965742,99.96
"34973","lordly",5,86965747,99.96
"34974","lorn",5,86965752,99.96
"34975","lovably",5,86965757,99.96
"34976","lucet",5,86965762,99.96
"34977","mahar",5,86965767,99.96
"34978","maidservant",5,86965772,99.96
"34979","mailable",5,86965777,99.96
"34980","malefactor",5,86965782,99.96
"34981","malm",5,86965787,99.96
"34982","maltster",5,86965792,99.96
"34983","mand",5,86965797,99.96
"34984","mangi",5,86965802,99.96
"34985","manship",5,86965807,99.96
"34986","manzanilla",5,86965812,99.96
"34987","mapo",5,86965817,99.96
"34988","martinet",5,86965822,99.96
"34989","mashy",5,86965827,99.96
"34990","masterman",5,86965832,99.96
"34991","masturbator",5,86965837,99.96
"34992","matins",5,86965842,99.96
"34993","matrilineal",5,86965847,99.96
"34994","mayhap",5,86965852,99.96
"34995","melano",5,86965857,99.96
"34996","melodica",5,86965862,99.96
"34997","melodramatically",5,86965867,99.96
"34998","melter",5,86965872,99.96
"34999","memorialization",5,86965877,99.96
"35000","mender",5,86965882,99.96
"35001","menses",5,86965887,99.96
"35002","mentary",5,86965892,99.96
"35003","meretricious",5,86965897,99.96
"35004","mescal",5,86965902,99.96
"35005","mesilla",5,86965907,99.96
"35006","messily",5,86965912,99.96
"35007","metaphysician",5,86965917,99.96
"35008","methionine",5,86965922,99.96
"35009","meticulousness",5,86965927,99.96
"35010","mickle",5,86965932,99.96
"35011","mightiness",5,86965937,99.96
"35012","militate",5,86965942,99.96
"35013","mima",5,86965947,99.96
"35014","minikin",5,86965952,99.96
"35015","mirthful",5,86965957,99.96
"35016","miry",5,86965962,99.96
"35017","mischaracterize",5,86965967,99.96
"35018","misfeasance",5,86965972,99.96
"35019","misjudgement",5,86965977,99.96
"35020","misplay",5,86965982,99.96
"35021","mistflower",5,86965987,99.96
"35022","mistranslation",5,86965992,99.96
"35023","mistrusting",5,86965997,99.96
"35024","moble",5,86966002,99.96
"35025","modernistic",5,86966007,99.96
"35026","mogo",5,86966012,99.96
"35027","molle",5,86966017,99.96
"35028","monistic",5,86966022,99.96
"35029","monkish",5,86966027,99.96
"35030","monocular",5,86966032,99.96
"35031","monologuist",5,86966037,99.96
"35032","monopolization",5,86966042,99.96
"35033","moonlighted",5,86966047,99.96
"35034","moosewood",5,86966052,99.96
"35035","morphosis",5,86966057,99.96
"35036","mortarboard",5,86966062,99.96
"35037","mortify",5,86966067,99.96
"35038","mouflon",5,86966072,99.96
"35039","mountable",5,86966077,99.96
"35040","muckle",5,86966082,99.96
"35041","mudhole",5,86966087,99.96
"35042","mulla",5,86966092,99.96
"35043","multidirectional",5,86966097,99.96
"35044","multifarious",5,86966102,99.96
"35045","multipolar",5,86966107,99.96
"35046","munificent",5,86966112,99.96
"35047","muscovado",5,86966117,99.96
"35048","myeloid",5,86966122,99.96
"35049","myoelectric",5,86966127,99.96
"35050","mythologist",5,86966132,99.96
"35051","nabs",5,86966137,99.96
"35052","nagger",5,86966142,99.96
"35053","naggy",5,86966147,99.96
"35054","nais",5,86966152,99.96
"35055","naish",5,86966157,99.96
"35056","naphthalene",5,86966162,99.96
"35057","naturalize",5,86966167,99.96
"35058","neckwear",5,86966172,99.96
"35059","necromancy",5,86966177,99.96
"35060","needlecase",5,86966182,99.96
"35061","needleman",5,86966187,99.96
"35062","neet",5,86966192,99.96
"35063","negatory",5,86966197,99.96
"35064","negligibly",5,86966202,99.96
"35065","nema",5,86966207,99.96
"35066","nephrology",5,86966212,99.96
"35067","neurochemistry",5,86966217,99.96
"35068","neuroma",5,86966222,99.96
"35069","nevel",5,86966227,99.96
"35070","newel",5,86966232,99.96
"35071","newsreader",5,86966237,99.96
"35072","nicolo",5,86966242,99.96
"35073","nid",5,86966247,99.96
"35074","niello",5,86966252,99.96
"35075","nightdress",5,86966257,99.96
"35076","nightshirt",5,86966262,99.96
"35077","nishiki",5,86966267,99.96
"35078","niter",5,86966272,99.96
"35079","nodder",5,86966277,99.96
"35080","nogada",5,86966282,99.96
"35081","nolle",5,86966287,99.96
"35082","nolo",5,86966292,99.96
"35083","nonagenarian",5,86966297,99.96
"35084","noncommissioned",5,86966302,99.96
"35085","nonconforming",5,86966307,99.96
"35086","noncontact",5,86966312,99.96
"35087","nonfamily",5,86966317,99.96
"35088","nonfinancial",5,86966322,99.96
"35089","nonjudicial",5,86966327,99.96
"35090","nonlife",5,86966332,99.96
"35091","nonmusical",5,86966337,99.96
"35092","nonpaying",5,86966342,99.96
"35093","nonscientific",5,86966347,99.96
"35094","nonsexual",5,86966352,99.96
"35095","nopal",5,86966357,99.96
"35096","norie",5,86966362,99.96
"35097","notarize",5,86966367,99.96
"35098","nuclei",5,86966372,99.96
"35099","numerator",5,86966377,99.96
"35100","obbligato",5,86966382,99.96
"35101","obeisance",5,86966387,99.96
"35102","obscurely",5,86966392,99.96
"35103","obsequiously",5,86966397,99.96
"35104","odorous",5,86966402,99.96
"35105","oenologist",5,86966407,99.96
"35106","oes",5,86966412,99.96
"35107","oleaginous",5,86966417,99.96
"35108","olena",5,86966422,99.96
"35109","oligopoly",5,86966427,99.96
"35110","onomatopoeic",5,86966432,99.96
"35111","opaqueness",5,86966437,99.96
"35112","orality",5,86966442,99.96
"35113","organdy",5,86966447,99.96
"35114","oscillate",5,86966452,99.96
"35115","osteopathy",5,86966457,99.96
"35116","outfront",5,86966462,99.96
"35117","outlandishly",5,86966467,99.96
"35118","overdevelopment",5,86966472,99.96
"35119","overdraw",5,86966477,99.96
"35120","overdubbed",5,86966482,99.96
"35121","overenthusiastic",5,86966487,99.96
"35122","overreliance",5,86966492,99.96
"35123","oversaturate",5,86966497,99.96
"35124","overstimulation",5,86966502,99.96
"35125","overwrite",5,86966507,99.96
"35126","owling",5,86966512,99.96
"35127","oxer",5,86966517,99.96
"35128","oxyacetylene",5,86966522,99.96
"35129","paleography",5,86966527,99.96
"35130","pallette",5,86966532,99.96
"35131","palmitic",5,86966537,99.96
"35132","pamphleteer",5,86966542,99.96
"35133","pank",5,86966547,99.96
"35134","papilloma",5,86966552,99.96
"35135","papist",5,86966557,99.96
"35136","papyri",5,86966562,99.96
"35137","paralyses",5,86966567,99.96
"35138","param",5,86966572,99.96
"35139","paranoiac",5,86966577,99.96
"35140","parasitism",5,86966582,99.96
"35141","parboil",5,86966587,99.96
"35142","parenthetically",5,86966592,99.96
"35143","parentless",5,86966597,99.96
"35144","parklike",5,86966602,99.96
"35145","particularist",5,86966607,99.96
"35146","passiveness",5,86966612,99.96
"35147","pastorate",5,86966617,99.96
"35148","patentably",5,86966622,99.96
"35149","pathogenesis",5,86966627,99.96
"35150","patriarchate",5,86966632,99.96
"35151","patroller",5,86966637,99.96
"35152","paymaster",5,86966642,99.96
"35153","pebbled",5,86966647,99.96
"35154","peery",5,86966652,99.96
"35155","pelage",5,86966657,99.96
"35156","pembina",5,86966662,99.96
"35157","pennyroyal",5,86966667,99.96
"35158","pensionable",5,86966672,99.96
"35159","penta",5,86966677,99.96
"35160","pentangle",5,86966682,99.96
"35161","pepperwood",5,86966687,99.96
"35162","peptic",5,86966692,99.96
"35163","percolation",5,86966697,99.96
"35164","peroration",5,86966702,99.96
"35165","persistency",5,86966707,99.96
"35166","perspicacious",5,86966712,99.96
"35167","perspicacity",5,86966717,99.96
"35168","persuader",5,86966722,99.96
"35169","petrel",5,86966727,99.96
"35170","pharisaical",5,86966732,99.96
"35171","pharmacologically",5,86966737,99.96
"35172","phonetics",5,86966742,99.96
"35173","phonic",5,86966747,99.96
"35174","phosphine",5,86966752,99.96
"35175","phosphorylation",5,86966757,99.96
"35176","photometer",5,86966762,99.96
"35177","photomontage",5,86966767,99.96
"35178","phrenology",5,86966772,99.96
"35179","physicalness",5,86966777,99.96
"35180","piezo",5,86966782,99.96
"35181","piffle",5,86966787,99.96
"35182","pileated",5,86966792,99.96
"35183","pillory",5,86966797,99.96
"35184","piperine",5,86966802,99.96
"35185","pipework",5,86966807,99.96
"35186","pipit",5,86966812,99.96
"35187","pirogue",5,86966817,99.96
"35188","placental",5,86966822,99.96
"35189","placket",5,86966827,99.96
"35190","plainness",5,86966832,99.96
"35191","planta",5,86966837,99.96
"35192","platted",5,86966842,99.96
"35193","pleurisy",5,86966847,99.96
"35194","plication",5,86966852,99.96
"35195","plotless",5,86966857,99.96
"35196","plowman",5,86966862,99.96
"35197","plumer",5,86966867,99.96
"35198","pluralist",5,86966872,99.96
"35199","pluralization",5,86966877,99.96
"35200","plushy",5,86966882,99.96
"35201","poesy",5,86966887,99.96
"35202","poky",5,86966892,99.96
"35203","pome",5,86966897,99.96
"35204","ponderously",5,86966902,99.96
"35205","poppel",5,86966907,99.96
"35206","porosity",5,86966912,99.96
"35207","portcullis",5,86966917,99.96
"35208","postelection",5,86966922,99.96
"35209","postfix",5,86966927,99.96
"35210","potate",5,86966932,99.96
"35211","poulard",5,86966937,99.96
"35212","powdering",5,86966942,99.96
"35213","prakriti",5,86966947,99.96
"35214","preadolescent",5,86966952,99.96
"35215","preapproval",5,86966957,99.96
"35216","preclinical",5,86966962,99.96
"35217","predevelopment",5,86966967,99.96
"35218","predicable",5,86966972,99.96
"35219","prefigure",5,86966977,99.96
"35220","prefixed",5,86966982,99.96
"35221","presuppose",5,86966987,99.96
"35222","pretentiously",5,86966992,99.96
"35223","pretreat",5,86966997,99.96
"35224","priapism",5,86967002,99.96
"35225","prig",5,86967007,99.96
"35226","principalship",5,86967012,99.96
"35227","prion",5,86967017,99.96
"35228","probabilistic",5,86967022,99.96
"35229","proboscis",5,86967027,99.96
"35230","prodigiously",5,86967032,99.96
"35231","profanely",5,86967037,99.96
"35232","professionalize",5,86967042,99.96
"35233","progressivity",5,86967047,99.96
"35234","pronate",5,86967052,99.96
"35235","pronator",5,86967057,99.96
"35236","propagandize",5,86967062,99.96
"35237","prophylaxis",5,86967067,99.96
"35238","propitiatory",5,86967072,99.96
"35239","proprietress",5,86967077,99.96
"35240","protamine",5,86967082,99.96
"35241","protea",5,86967087,99.96
"35242","prothonotary",5,86967092,99.96
"35243","protuberance",5,86967097,99.96
"35244","provisor",5,86967102,99.96
"35245","provitamin",5,86967107,99.96
"35246","psychomotor",5,86967112,99.96
"35247","psyllium",5,86967117,99.96
"35248","punchless",5,86967122,99.96
"35249","pungently",5,86967127,99.96
"35250","pureness",5,86967132,99.96
"35251","purply",5,86967137,99.96
"35252","pursley",5,86967142,99.96
"35253","quadrille",5,86967147,99.96
"35254","quanta",5,86967152,99.96
"35255","quarterman",5,86967157,99.96
"35256","queasiness",5,86967162,99.96
"35257","queenly",5,86967167,99.96
"35258","querulous",5,86967172,99.96
"35259","rambutan",5,86967177,99.96
"35260","rammy",5,86967182,99.96
"35261","rasen",5,86967187,99.96
"35262","rationalistic",5,86967192,99.96
"35263","ratline",5,86967197,99.96
"35264","reaal",5,86967202,99.96
"35265","reanimate",5,86967207,99.96
"35266","rearward",5,86967212,99.96
"35267","rearwards",5,86967217,99.96
"35268","reassembly",5,86967222,99.96
"35269","rebloom",5,86967227,99.96
"35270","recalcitrance",5,86967232,99.96
"35271","recco",5,86967237,99.96
"35272","recherche",5,86967242,99.96
"35273","recirculation",5,86967247,99.96
"35274","recoat",5,86967252,99.96
"35275","recode",5,86967257,99.96
"35276","recognizer",5,86967262,99.96
"35277","recollected",5,86967267,99.96
"35278","recombine",5,86967272,99.96
"35279","recuperative",5,86967277,99.96
"35280","redcoat",5,86967282,99.96
"35281","refold",5,86967287,99.96
"35282","refrigerant",5,86967292,99.96
"35283","regenerator",5,86967297,99.96
"35284","regnant",5,86967302,99.96
"35285","reinforcer",5,86967307,99.96
"35286","reinvestigate",5,86967312,99.96
"35287","repairer",5,86967317,99.96
"35288","republication",5,86967322,99.96
"35289","reshare",5,86967327,99.96
"35290","resister",5,86967332,99.96
"35291","restyle",5,86967337,99.96
"35292","retune",5,86967342,99.96
"35293","rhapsodize",5,86967347,99.96
"35294","rhombus",5,86967352,99.96
"35295","ricin",5,86967357,99.96
"35296","rickrack",5,86967362,99.96
"35297","rideau",5,86967367,99.96
"35298","ringneck",5,86967372,99.96
"35299","riotously",5,86967377,99.96
"35300","rippon",5,86967382,99.96
"35301","riprap",5,86967387,99.96
"35302","risser",5,86967392,99.96
"35303","rivered",5,86967397,99.96
"35304","rockslide",5,86967402,99.96
"35305","rodenticide",5,86967407,99.96
"35306","roentgen",5,86967412,99.96
"35307","ronco",5,86967417,99.96
"35308","roosted",5,86967422,99.96
"35309","ropy",5,86967427,99.96
"35310","rorty",5,86967432,99.96
"35311","rotter",5,86967437,99.96
"35312","rousting",5,86967442,99.96
"35313","ruching",5,86967447,99.96
"35314","ruiner",5,86967452,99.96
"35315","runic",5,86967457,99.96
"35316","rupa",5,86967462,99.96
"35317","ruru",5,86967467,99.96
"35318","rushen",5,86967472,99.96
"35319","sacral",5,86967477,99.96
"35320","salar",5,86967482,99.96
"35321","saluki",5,86967487,99.96
"35322","sandbank",5,86967492,99.96
"35323","sanderling",5,86967497,99.96
"35324","sapper",5,86967502,99.96
"35325","sarking",5,86967507,99.96
"35326","sartain",5,86967512,99.96
"35327","sartorially",5,86967517,99.96
"35328","sartorius",5,86967522,99.96
"35329","saturnine",5,86967527,99.96
"35330","sawbuck",5,86967532,99.96
"35331","sawfish",5,86967537,99.96
"35332","scabbard",5,86967542,99.96
"35333","scalloper",5,86967547,99.96
"35334","scantly",5,86967552,99.96
"35335","scathe",5,86967557,99.96
"35336","scena",5,86967562,99.96
"35337","schoolish",5,86967567,99.96
"35338","schoon",5,86967572,99.96
"35339","scientism",5,86967577,99.96
"35340","scoggin",5,86967582,99.96
"35341","scoria",5,86967587,99.96
"35342","scrabbled",5,86967592,99.96
"35343","scriptorium",5,86967597,99.96
"35344","scroggy",5,86967602,99.96
"35345","sealskin",5,86967607,99.96
"35346","seasonably",5,86967612,99.96
"35347","sebaceous",5,86967617,99.96
"35348","secretin",5,86967622,99.96
"35349","selectable",5,86967627,99.96
"35350","sellar",5,86967632,99.96
"35351","semimonthly",5,86967637,99.96
"35352","sensitiveness",5,86967642,99.96
"35353","sensorium",5,86967647,99.96
"35354","sensuously",5,86967652,99.96
"35355","sentencer",5,86967657,99.96
"35356","sentimentalism",5,86967662,99.96
"35357","seps",5,86967667,99.96
"35358","seraph",5,86967672,99.96
"35359","sermonize",5,86967677,99.96
"35360","serviceberry",5,86967682,99.96
"35361","sexologist",5,86967687,99.96
"35362","sexualize",5,86967692,99.96
"35363","shahin",5,86967697,99.96
"35364","shamefaced",5,86967702,99.96
"35365","shamir",5,86967707,99.96
"35366","shampooer",5,86967712,99.96
"35367","sheerness",5,86967717,99.96
"35368","sherifi",5,86967722,99.96
"35369","sheth",5,86967727,99.96
"35370","shikari",5,86967732,99.96
"35371","shoddily",5,86967737,99.96
"35372","shoemaking",5,86967742,99.96
"35373","shola",5,86967747,99.96
"35374","shood",5,86967752,99.96
"35375","shoptalk",5,86967757,99.96
"35376","shou",5,86967762,99.96
"35377","showery",5,86967767,99.96
"35378","shrimper",5,86967772,99.96
"35379","sibyl",5,86967777,99.96
"35380","sickbed",5,86967782,99.96
"35381","sickler",5,86967787,99.96
"35382","sidesaddle",5,86967792,99.96
"35383","sife",5,86967797,99.96
"35384","signable",5,86967802,99.96
"35385","silkworm",5,86967807,99.96
"35386","sinisterly",5,86967812,99.96
"35387","sirene",5,86967817,99.96
"35388","siss",5,86967822,99.96
"35389","skel",5,86967827,99.96
"35390","skell",5,86967832,99.96
"35391","skemp",5,86967837,99.96
"35392","skene",5,86967842,99.96
"35393","sketcher",5,86967847,99.96
"35394","skiver",5,86967852,99.96
"35395","skiving",5,86967857,99.96
"35396","slackness",5,86967862,99.96
"35397","slating",5,86967867,99.96
"35398","slavering",5,86967872,99.96
"35399","sleety",5,86967877,99.96
"35400","slipway",5,86967882,99.96
"35401","slitted",5,86967887,99.96
"35402","slone",5,86967892,99.96
"35403","slothfulness",5,86967897,99.96
"35404","smirky",5,86967902,99.96
"35405","snaggletooth",5,86967907,99.96
"35406","sneakiness",5,86967912,99.96
"35407","sneeringly",5,86967917,99.96
"35408","sniffy",5,86967922,99.96
"35409","snipper",5,86967927,99.96
"35410","snively",5,86967932,99.96
"35411","snowdrop",5,86967937,99.96
"35412","snuffles",5,86967942,99.96
"35413","sociality",5,86967947,99.96
"35414","sociologically",5,86967952,99.96
"35415","soever",5,86967957,99.96
"35416","softish",5,86967962,99.96
"35417","sok",5,86967967,99.96
"35418","solemnization",5,86967972,99.96
"35419","soleus",5,86967977,99.96
"35420","songster",5,86967982,99.96
"35421","souchong",5,86967987,99.96
"35422","sough",5,86967992,99.96
"35423","spasmed",5,86967997,99.96
"35424","spastically",5,86968002,99.96
"35425","spatiality",5,86968007,99.96
"35426","specky",5,86968012,99.96
"35427","spermatozoa",5,86968017,99.96
"35428","spiker",5,86968022,99.96
"35429","spindler",5,86968027,99.96
"35430","spirally",5,86968032,99.96
"35431","spirograph",5,86968037,99.96
"35432","splender",5,86968042,99.96
"35433","splendiferous",5,86968047,99.96
"35434","spoonbill",5,86968052,99.96
"35435","spotlessly",5,86968057,99.96
"35436","squarish",5,86968062,99.96
"35437","squiffy",5,86968067,99.96
"35438","squirter",5,86968072,99.96
"35439","squirty",5,86968077,99.96
"35440","stagy",5,86968082,99.96
"35441","stainer",5,86968087,99.96
"35442","stalactite",5,86968092,99.96
"35443","staller",5,86968097,99.96
"35444","stamen",5,86968102,99.96
"35445","stanchion",5,86968107,99.96
"35446","starfruit",5,86968112,99.96
"35447","stateswoman",5,86968117,99.96
"35448","steading",5,86968122,99.96
"35449","steelmaking",5,86968127,99.96
"35450","steenbock",5,86968132,99.96
"35451","stemple",5,86968137,99.96
"35452","stentorian",5,86968142,99.96
"35453","stillhouse",5,86968147,99.96
"35454","stim",5,86968152,99.96
"35455","stingaree",5,86968157,99.96
"35456","stingless",5,86968162,99.96
"35457","stoa",5,86968167,99.96
"35458","stonemason",5,86968172,99.96
"35459","stonewood",5,86968177,99.96
"35460","storekeeper",5,86968182,99.96
"35461","stosh",5,86968187,99.96
"35462","stra",5,86968192,99.96
"35463","strake",5,86968197,99.96
"35464","streetwalker",5,86968202,99.96
"35465","stricture",5,86968207,99.96
"35466","stridency",5,86968212,99.96
"35467","strumpet",5,86968217,99.96
"35468","struth",5,86968222,99.96
"35469","stuller",5,86968227,99.96
"35470","sturdily",5,86968232,99.96
"35471","subcultural",5,86968237,99.96
"35472","subdividing",5,86968242,99.96
"35473","submitter",5,86968247,99.96
"35474","subsume",5,86968252,99.96
"35475","suffuse",5,86968257,99.96
"35476","suggestible",5,86968262,99.96
"35477","sulfurous",5,86968267,99.96
"35478","sulphate",5,86968272,99.96
"35479","sumptuously",5,86968277,99.96
"35480","sunbird",5,86968282,99.96
"35481","sungha",5,86968287,99.96
"35482","superheroic",5,86968292,99.96
"35483","supposably",5,86968297,99.96
"35484","surat",5,86968302,99.96
"35485","surette",5,86968307,99.96
"35486","surgent",5,86968312,99.96
"35487","surplice",5,86968317,99.96
"35488","suspiciousness",5,86968322,99.96
"35489","suttin",5,86968327,99.96
"35490","suzerain",5,86968332,99.96
"35491","swamper",5,86968337,99.96
"35492","swanner",5,86968342,99.96
"35493","sweatiness",5,86968347,99.96
"35494","swick",5,86968352,99.96
"35495","swimmable",5,86968357,99.96
"35496","swingy",5,86968362,99.96
"35497","swooningly",5,86968367,99.96
"35498","syllogism",5,86968372,99.96
"35499","sylva",5,86968377,99.96
"35500","symbiotically",5,86968382,99.96
"35501","symmetric",5,86968387,99.96
"35502","synchrony",5,86968392,99.96
"35503","synergetic",5,86968397,99.96
"35504","synergism",5,86968402,99.96
"35505","synergize",5,86968407,99.96
"35506","syntactical",5,86968412,99.96
"35507","syzygy",5,86968417,99.96
"35508","taberna",5,86968422,99.96
"35509","taggy",5,86968427,99.96
"35510","tain",5,86968432,99.96
"35511","taipan",5,86968437,99.96
"35512","tallish",5,86968442,99.96
"35513","tallit",5,86968447,99.96
"35514","tangie",5,86968452,99.96
"35515","taproot",5,86968457,99.96
"35516","tastelessness",5,86968462,99.96
"35517","tautness",5,86968467,99.96
"35518","tawkin",5,86968472,99.96
"35519","taxon",5,86968477,99.96
"35520","taxonomist",5,86968482,99.96
"35521","teaware",5,86968487,99.96
"35522","technics",5,86968492,99.96
"35523","teicher",5,86968497,99.96
"35524","telectroscope",5,86968502,99.96
"35525","telegraphy",5,86968507,99.96
"35526","tempi",5,86968512,99.96
"35527","tentativeness",5,86968517,99.96
"35528","territoriality",5,86968522,99.96
"35529","testis",5,86968527,99.96
"35530","theobromine",5,86968532,99.96
"35531","theogony",5,86968537,99.96
"35532","therm",5,86968542,99.96
"35533","thermodynamic",5,86968547,99.96
"35534","thiamin",5,86968552,99.96
"35535","thickset",5,86968557,99.96
"35536","thingamabob",5,86968562,99.96
"35537","thinnish",5,86968567,99.96
"35538","thornless",5,86968572,99.96
"35539","thunderball",5,86968577,99.96
"35540","thundercloud",5,86968582,99.96
"35541","thyroiditis",5,86968587,99.96
"35542","tilbury",5,86968592,99.96
"35543","tinta",5,86968597,99.96
"35544","tireman",5,86968602,99.96
"35545","tisane",5,86968607,99.96
"35546","titlist",5,86968612,99.96
"35547","titration",5,86968617,99.96
"35548","toccata",5,86968622,99.96
"35549","toolman",5,86968627,99.96
"35550","toosh",5,86968632,99.96
"35551","topicality",5,86968637,99.96
"35552","torc",5,86968642,99.96
"35553","townscape",5,86968647,99.96
"35554","toxicological",5,86968652,99.96
"35555","tracery",5,86968657,99.96
"35556","tracheal",5,86968662,99.96
"35557","trackless",5,86968667,99.96
"35558","trackway",5,86968672,99.96
"35559","tragical",5,86968677,99.96
"35560","tragus",5,86968682,99.96
"35561","transferability",5,86968687,99.96
"35562","transpersonal",5,86968692,99.96
"35563","transposition",5,86968697,99.96
"35564","trapezoidal",5,86968702,99.96
"35565","trebly",5,86968707,99.96
"35566","triangulate",5,86968712,99.96
"35567","triduum",5,86968717,99.96
"35568","trifold",5,86968722,99.96
"35569","trivet",5,86968727,99.96
"35570","triviality",5,86968732,99.96
"35571","trowing",5,86968737,99.96
"35572","trunked",5,86968742,99.96
"35573","tubercular",5,86968747,99.96
"35574","tumbly",5,86968752,99.96
"35575","turbidity",5,86968757,99.96
"35576","tusker",5,86968762,99.96
"35577","tweedledee",5,86968767,99.96
"35578","twistable",5,86968772,99.96
"35579","tyg",5,86968777,99.96
"35580","tyrannize",5,86968782,99.96
"35581","ulcerative",5,86968787,99.96
"35582","ululate",5,86968792,99.96
"35583","unadvertised",5,86968797,99.96
"35584","unambitious",5,86968802,99.96
"35585","unbranded",5,86968807,99.96
"35586","unburden",5,86968812,99.96
"35587","unchallengeable",5,86968817,99.96
"35588","unco",5,86968822,99.96
"35589","uncollectible",5,86968827,99.96
"35590","uncolored",5,86968832,99.96
"35591","unconcealed",5,86968837,99.96
"35592","uncondemned",5,86968842,99.96
"35593","unconfined",5,86968847,99.96
"35594","unconscionably",5,86968852,99.96
"35595","uncropped",5,86968857,99.96
"35596","underbed",5,86968862,99.96
"35597","underbite",5,86968867,99.96
"35598","undergirding",5,86968872,99.96
"35599","underprice",5,86968877,99.96
"35600","underqualified",5,86968882,99.96
"35601","undershot",5,86968887,99.96
"35602","underskirt",5,86968892,99.96
"35603","undescribed",5,86968897,99.96
"35604","undimmed",5,86968902,99.96
"35605","undissolved",5,86968907,99.96
"35606","undistinguishable",5,86968912,99.96
"35607","undramatic",5,86968917,99.96
"35608","unembarrassed",5,86968922,99.96
"35609","unequipped",5,86968927,99.96
"35610","unescorted",5,86968932,99.96
"35611","unfitting",5,86968937,99.96
"35612","unfixed",5,86968942,99.96
"35613","unflushed",5,86968947,99.96
"35614","unfriendliness",5,86968952,99.96
"35615","unfrosted",5,86968957,99.96
"35616","unguaranteed",5,86968962,99.96
"35617","unhidden",5,86968967,99.96
"35618","unimaginatively",5,86968972,99.96
"35619","universalize",5,86968977,99.96
"35620","unmapped",5,86968982,99.96
"35621","unmarketable",5,86968987,99.96
"35622","unmeasured",5,86968992,99.96
"35623","unnamable",5,86968997,99.96
"35624","unnameable",5,86969002,99.96
"35625","unordered",5,86969007,99.96
"35626","unphased",5,86969012,99.96
"35627","unpicked",5,86969017,99.96
"35628","unpossible",5,86969022,99.96
"35629","unpredicted",5,86969027,99.96
"35630","unprofessionally",5,86969032,99.96
"35631","unreason",5,86969037,99.96
"35632","unreflective",5,86969042,99.96
"35633","unrelieved",5,86969047,99.96
"35634","unrequested",5,86969052,99.96
"35635","unretired",5,86969057,99.96
"35636","unrevealed",5,86969062,99.96
"35637","unruliness",5,86969067,99.96
"35638","unself",5,86969072,99.96
"35639","unserious",5,86969077,99.96
"35640","unsmoked",5,86969082,99.96
"35641","unsought",5,86969087,99.96
"35642","unstaged",5,86969092,99.96
"35643","unstudied",5,86969097,99.96
"35644","unswervingly",5,86969102,99.96
"35645","unvisited",5,86969107,99.96
"35646","upchuck",5,86969112,99.96
"35647","upsilon",5,86969117,99.96
"35648","upsweep",5,86969122,99.96
"35649","urd",5,86969127,99.96
"35650","ursine",5,86969132,99.96
"35651","uzan",5,86969137,99.96
"35652","vacationist",5,86969142,99.96
"35653","valise",5,86969147,99.96
"35654","valorization",5,86969152,99.96
"35655","vare",5,86969157,99.96
"35656","veiny",5,86969162,99.96
"35657","veldt",5,86969167,99.96
"35658","verger",5,86969172,99.96
"35659","vestry",5,86969177,99.96
"35660","vesture",5,86969182,99.96
"35661","vetch",5,86969187,99.96
"35662","vexation",5,86969192,99.96
"35663","vibrance",5,86969197,99.96
"35664","victrola",5,86969202,99.96
"35665","vigneron",5,86969207,99.96
"35666","vindictively",5,86969212,99.96
"35667","viridian",5,86969217,99.96
"35668","virtuality",5,86969222,99.96
"35669","virulence",5,86969227,99.96
"35670","visioned",5,86969232,99.96
"35671","vison",5,86969237,99.96
"35672","vitalist",5,86969242,99.96
"35673","vitrification",5,86969247,99.96
"35674","vituperative",5,86969252,99.96
"35675","vivaciousness",5,86969257,99.96
"35676","vivisection",5,86969262,99.96
"35677","voe",5,86969267,99.96
"35678","volcanically",5,86969272,99.96
"35679","wabe",5,86969277,99.96
"35680","wae",5,86969282,99.96
"35681","waer",5,86969287,99.96
"35682","warabi",5,86969292,99.96
"35683","warmhearted",5,86969297,99.96
"35684","warmness",5,86969302,99.96
"35685","warplane",5,86969307,99.96
"35686","wastefully",5,86969312,99.96
"35687","wastefulness",5,86969317,99.96
"35688","watchfulness",5,86969322,99.96
"35689","wester",5,86969327,99.96
"35690","whang",5,86969332,99.96
"35691","wheedling",5,86969337,99.96
"35692","wheresoever",5,86969342,99.96
"35693","wherry",5,86969347,99.96
"35694","whimsey",5,86969352,99.96
"35695","whitecap",5,86969357,99.96
"35696","widdershins",5,86969362,99.96
"35697","wimple",5,86969367,99.96
"35698","windjammer",5,86969372,99.96
"35699","windproof",5,86969377,99.96
"35700","winegrowing",5,86969382,99.96
"35701","winterberry",5,86969387,99.96
"35702","wiseacre",5,86969392,99.96
"35703","wishfully",5,86969397,99.96
"35704","witting",5,86969402,99.96
"35705","wittingly",5,86969407,99.96
"35706","wodge",5,86969412,99.96
"35707","wolfberry",5,86969417,99.96
"35708","woodiness",5,86969422,99.96
"35709","woodworm",5,86969427,99.96
"35710","woolgathering",5,86969432,99.96
"35711","workability",5,86969437,99.96
"35712","wormer",5,86969442,99.96
"35713","worrywart",5,86969447,99.96
"35714","wouldest",5,86969452,99.96
"35715","wyne",5,86969457,99.96
"35716","yair",5,86969462,99.96
"35717","yapped",5,86969467,99.96
"35718","yarr",5,86969472,99.96
"35719","yeard",5,86969477,99.96
"35720","yellowthroat",5,86969482,99.96
"35721","yelm",5,86969487,99.96
"35722","yesternight",5,86969492,99.96
"35723","yoking",5,86969497,99.96
"35724","youl",5,86969502,99.96
"35725","zel",5,86969507,99.96
"35726","zeugma",5,86969512,99.96
"35727","zircon",5,86969517,99.96
"35728","zloty",5,86969522,99.96
"35729","zoetrope",5,86969527,99.96
"35730","zymurgy",5,86969532,99.96
"35731","abeyant",4,86969536,99.96
"35732","abler",4,86969540,99.96
"35733","abolitionism",4,86969544,99.96
"35734","accentuation",4,86969548,99.96
"35735","acception",4,86969552,99.96
"35736","acclimatize",4,86969556,99.96
"35737","accusative",4,86969560,99.96
"35738","achill",4,86969564,99.96
"35739","adaptively",4,86969568,99.96
"35740","adcraft",4,86969572,99.96
"35741","addenda",4,86969576,99.96
"35742","adduce",4,86969580,99.96
"35743","adductor",4,86969584,99.96
"35744","adenine",4,86969588,99.96
"35745","adjacency",4,86969592,99.96
"35746","adroitness",4,86969596,99.96
"35747","adulatory",4,86969600,99.96
"35748","adulteress",4,86969604,99.96
"35749","advocator",4,86969608,99.96
"35750","aerobatics",4,86969612,99.96
"35751","aerodrome",4,86969616,99.96
"35752","aerogel",4,86969620,99.96
"35753","aesthetician",4,86969624,99.96
"35754","affiance",4,86969628,99.96
"35755","afforestation",4,86969632,99.96
"35756","afterimage",4,86969636,99.96
"35757","agama",4,86969640,99.96
"35758","agouti",4,86969644,99.96
"35759","agriculturally",4,86969648,99.96
"35760","agriculturist",4,86969652,99.96
"35761","ahura",4,86969656,99.96
"35762","aileron",4,86969660,99.96
"35763","airdock",4,86969664,99.96
"35764","alack",4,86969668,99.96
"35765","alco",4,86969672,99.96
"35766","alen",4,86969676,99.96
"35767","algin",4,86969680,99.96
"35768","alginate",4,86969684,99.96
"35769","allantoin",4,86969688,99.96
"35770","almon",4,86969692,99.96
"35771","alula",4,86969696,99.96
"35772","amanuensis",4,86969700,99.96
"35773","amateurishly",4,86969704,99.96
"35774","americium",4,86969708,99.96
"35775","amla",4,86969712,99.96
"35776","amper",4,86969716,99.96
"35777","ananas",4,86969720,99.96
"35778","ancon",4,86969724,99.96
"35779","anemometer",4,86969728,99.96
"35780","anesthetize",4,86969732,99.96
"35781","aneurin",4,86969736,99.96
"35782","anhydrite",4,86969740,99.96
"35783","aniline",4,86969744,99.96
"35784","animality",4,86969748,99.96
"35785","anis",4,86969752,99.96
"35786","annatto",4,86969756,99.96
"35787","annoyingness",4,86969760,99.96
"35788","annunciate",4,86969764,99.96
"35789","anointment",4,86969768,99.96
"35790","anthologize",4,86969772,99.96
"35791","anthropic",4,86969776,99.96
"35792","antidrug",4,86969780,99.96
"35793","antidumping",4,86969784,99.96
"35794","antitoxin",4,86969788,99.96
"35795","antlered",4,86969792,99.96
"35796","antlerless",4,86969796,99.96
"35797","aporia",4,86969800,99.96
"35798","appassionata",4,86969804,99.96
"35799","appositive",4,86969808,99.96
"35800","appraisement",4,86969812,99.96
"35801","aquatint",4,86969816,99.96
"35802","areal",4,86969820,99.96
"35803","aridity",4,86969824,99.96
"35804","armorer",4,86969828,99.96
"35805","arrah",4,86969832,99.96
"35806","artcraft",4,86969836,99.96
"35807","arteriovenous",4,86969840,99.96
"35808","arthrogryposis",4,86969844,99.96
"35809","articular",4,86969848,99.96
"35810","aru",4,86969852,99.96
"35811","arx",4,86969856,99.96
"35812","ashur",4,86969860,99.96
"35813","asperity",4,86969864,99.96
"35814","aspersion",4,86969868,99.96
"35815","assis",4,86969872,99.96
"35816","astrophotography",4,86969876,99.96
"35817","asymptotic",4,86969880,99.96
"35818","atavistic",4,86969884,99.96
"35819","atef",4,86969888,99.96
"35820","athar",4,86969892,99.96
"35821","athwart",4,86969896,99.96
"35822","atma",4,86969900,99.96
"35823","atomics",4,86969904,99.96
"35824","atonality",4,86969908,99.96
"35825","attacher",4,86969912,99.96
"35826","attensity",4,86969916,99.96
"35827","aube",4,86969920,99.96
"35828","auricular",4,86969924,99.96
"35829","auroral",4,86969928,99.96
"35830","austerely",4,86969932,99.96
"35831","autarch",4,86969936,99.96
"35832","authoress",4,86969940,99.96
"35833","authorizer",4,86969944,99.96
"35834","autist",4,86969948,99.96
"35835","autobus",4,86969952,99.96
"35836","autocar",4,86969956,99.96
"35837","autoclave",4,86969960,99.96
"35838","autodidactic",4,86969964,99.96
"35839","automaticity",4,86969968,99.96
"35840","automatism",4,86969972,99.96
"35841","aval",4,86969976,99.96
"35842","aventurine",4,86969980,99.96
"35843","avital",4,86969984,99.96
"35844","avulsion",4,86969988,99.96
"35845","bacchanalian",4,86969992,99.96
"35846","bacchic",4,86969996,99.96
"35847","backbreaker",4,86970000,99.96
"35848","backfilling",4,86970004,99.96
"35849","backheel",4,86970008,99.96
"35850","backslider",4,86970012,99.96
"35851","backswing",4,86970016,99.96
"35852","bairn",4,86970020,99.96
"35853","balancer",4,86970024,99.96
"35854","balefully",4,86970028,99.96
"35855","banchi",4,86970032,99.96
"35856","bando",4,86970036,99.96
"35857","bandoleer",4,86970040,99.96
"35858","banns",4,86970044,99.96
"35859","barbet",4,86970048,99.96
"35860","bareness",4,86970052,99.96
"35861","barnstorm",4,86970056,99.96
"35862","barny",4,86970060,99.96
"35863","barragan",4,86970064,99.96
"35864","barras",4,86970068,99.96
"35865","basketful",4,86970072,99.96
"35866","bathetic",4,86970076,99.96
"35867","bathos",4,86970080,99.96
"35868","battening",4,86970084,99.96
"35869","baul",4,86970088,99.96
"35870","baw",4,86970092,99.96
"35871","baywood",4,86970096,99.96
"35872","beastliness",4,86970100,99.96
"35873","belled",4,86970104,99.96
"35874","bellicosity",4,86970108,99.96
"35875","bellying",4,86970112,99.96
"35876","beneficence",4,86970116,99.96
"35877","bentonite",4,86970120,99.96
"35878","benward",4,86970124,99.96
"35879","berley",4,86970128,99.96
"35880","besiege",4,86970132,99.96
"35881","betweenness",4,86970136,99.96
"35882","bever",4,86970140,99.96
"35883","bewitchment",4,86970144,99.96
"35884","bhava",4,86970148,99.96
"35885","bicameralism",4,86970152,99.96
"35886","bicentenary",4,86970156,99.96
"35887","bigamous",4,86970160,99.96
"35888","bigeye",4,86970164,99.96
"35889","bigmouth",4,86970168,99.96
"35890","bilaterally",4,86970172,99.96
"35891","bilimbi",4,86970176,99.96
"35892","billingsgate",4,86970180,99.96
"35893","bindery",4,86970184,99.96
"35894","bindle",4,86970188,99.96
"35895","bingy",4,86970192,99.96
"35896","biped",4,86970196,99.96
"35897","birn",4,86970200,99.96
"35898","birr",4,86970204,99.96
"35899","bitterroot",4,86970208,99.96
"35900","blackfoot",4,86970212,99.96
"35901","blackwork",4,86970216,99.96
"35902","bleared",4,86970220,99.96
"35903","blee",4,86970224,99.96
"35904","blizz",4,86970228,99.96
"35905","bloodily",4,86970232,99.96
"35906","blub",4,86970236,99.96
"35907","bluecoat",4,86970240,99.96
"35908","blunk",4,86970244,99.96
"35909","blunks",4,86970248,99.96
"35910","blunter",4,86970252,99.96
"35911","boastfully",4,86970256,99.96
"35912","boatswain",4,86970260,99.96
"35913","bogard",4,86970264,99.96
"35914","bole",4,86970268,99.96
"35915","bombo",4,86970272,99.96
"35916","bookland",4,86970276,99.96
"35917","bookless",4,86970280,99.96
"35918","bookstand",4,86970284,99.96
"35919","bootmaker",4,86970288,99.96
"35920","borderland",4,86970292,99.96
"35921","boringness",4,86970296,99.96
"35922","borsch",4,86970300,99.96
"35923","bortz",4,86970304,99.96
"35924","bosporus",4,86970308,99.96
"35925","bossiness",4,86970312,99.96
"35926","bota",4,86970316,99.96
"35927","bote",4,86970320,99.96
"35928","bothy",4,86970324,99.96
"35929","bounteous",4,86970328,99.96
"35930","bowdlerize",4,86970332,99.96
"35931","bowerbird",4,86970336,99.96
"35932","boyishness",4,86970340,99.96
"35933","brachycephalic",4,86970344,99.96
"35934","brazer",4,86970348,99.96
"35935","brede",4,86970352,99.96
"35936","breviary",4,86970356,99.96
"35937","bridgeman",4,86970360,99.96
"35938","brittleness",4,86970364,99.96
"35939","brocaded",4,86970368,99.96
"35940","brolly",4,86970372,99.96
"35941","brome",4,86970376,99.96
"35942","bronchiolitis",4,86970380,99.96
"35943","brugh",4,86970384,99.96
"35944","bryony",4,86970388,99.96
"35945","buckboard",4,86970392,99.96
"35946","bulla",4,86970396,99.96
"35947","bulter",4,86970400,99.96
"35948","bundler",4,86970404,99.96
"35949","bunkum",4,86970408,99.96
"35950","bunty",4,86970412,99.96
"35951","burble",4,86970416,99.96
"35952","burny",4,86970420,99.96
"35953","buro",4,86970424,99.96
"35954","busk",4,86970428,99.96
"35955","busying",4,86970432,99.96
"35956","buttonholer",4,86970436,99.96
"35957","butyl",4,86970440,99.96
"35958","cadge",4,86970444,99.96
"35959","caird",4,86970448,99.96
"35960","calabash",4,86970452,99.96
"35961","calcification",4,86970456,99.96
"35962","calcite",4,86970460,99.96
"35963","calculable",4,86970464,99.96
"35964","calking",4,86970468,99.96
"35965","calligraphic",4,86970472,99.96
"35966","cambium",4,86970476,99.96
"35967","camillus",4,86970480,99.96
"35968","candelabrum",4,86970484,99.96
"35969","candidature",4,86970488,99.96
"35970","candys",4,86970492,99.96
"35971","caner",4,86970496,99.96
"35972","canicule",4,86970500,99.96
"35973","cannibalization",4,86970504,99.96
"35974","cantabile",4,86970508,99.96
"35975","cany",4,86970512,99.96
"35976","capriole",4,86970516,99.96
"35977","capybara",4,86970520,99.96
"35978","carabao",4,86970524,99.96
"35979","carcanet",4,86970528,99.96
"35980","cardcase",4,86970532,99.96
"35981","caret",4,86970536,99.96
"35982","cartload",4,86970540,99.96
"35983","carval",4,86970544,99.96
"35984","caseinate",4,86970548,99.96
"35985","catalpa",4,86970552,99.96
"35986","catamount",4,86970556,99.96
"35987","catenary",4,86970560,99.96
"35988","catkin",4,86970564,99.96
"35989","cauterize",4,86970568,99.96
"35990","cavelike",4,86970572,99.96
"35991","cellulase",4,86970576,99.96
"35992","cellulosic",4,86970580,99.96
"35993","centrale",4,86970584,99.96
"35994","ceral",4,86970588,99.96
"35995","cerci",4,86970592,99.96
"35996","cerebrospinal",4,86970596,99.96
"35997","cest",4,86970600,99.96
"35998","cestrum",4,86970604,99.96
"35999","cetyl",4,86970608,99.96
"36000","chalkiness",4,86970612,99.96
"36001","challengingly",4,86970616,99.96
"36002","chancellery",4,86970620,99.96
"36003","chare",4,86970624,99.96
"36004","charism",4,86970628,99.96
"36005","chatelaine",4,86970632,99.96
"36006","checkoff",4,86970636,99.96
"36007","chemotherapeutic",4,86970640,99.96
"36008","chena",4,86970644,99.96
"36009","cherishable",4,86970648,99.96
"36010","chert",4,86970652,99.96
"36011","chessman",4,86970656,99.96
"36012","chewer",4,86970660,99.96
"36013","chicle",4,86970664,99.96
"36014","chikara",4,86970668,99.96
"36015","chinaware",4,86970672,99.96
"36016","chinned",4,86970676,99.96
"36017","chloral",4,86970680,99.96
"36018","choirboy",4,86970684,99.96
"36019","cholecystectomy",4,86970688,99.96
"36020","cholecystitis",4,86970692,99.96
"36021","chooser",4,86970696,99.96
"36022","chorion",4,86970700,99.96
"36023","chronical",4,86970704,99.96
"36024","chthonic",4,86970708,99.96
"36025","churchmanship",4,86970712,99.96
"36026","cicala",4,86970716,99.96
"36027","circlet",4,86970720,99.96
"36028","clat",4,86970724,99.96
"36029","clavier",4,86970728,99.96
"36030","clerking",4,86970732,99.96
"36031","clevis",4,86970736,99.96
"36032","climacus",4,86970740,99.96
"36033","clipse",4,86970744,99.96
"36034","cliquish",4,86970748,99.96
"36035","cloudlike",4,86970752,99.96
"36036","clubman",4,86970756,99.96
"36037","cluttery",4,86970760,99.96
"36038","coalescence",4,86970764,99.96
"36039","coarctation",4,86970768,99.96
"36040","coaxial",4,86970772,99.96
"36041","cobnut",4,86970776,99.96
"36042","coeducational",4,86970780,99.96
"36043","coelacanth",4,86970784,99.96
"36044","coextensive",4,86970788,99.96
"36045","cofactor",4,86970792,99.96
"36046","cognisance",4,86970796,99.96
"36047","cohabit",4,86970800,99.96
"36048","coinsurance",4,86970804,99.96
"36049","colchicine",4,86970808,99.96
"36050","collectivity",4,86970812,99.96
"36051","collegium",4,86970816,99.96
"36052","colline",4,86970820,99.96
"36053","colloquialism",4,86970824,99.96
"36054","colloquy",4,86970828,99.96
"36055","colmar",4,86970832,99.96
"36056","colonizer",4,86970836,99.96
"36057","colorable",4,86970840,99.96
"36058","colorization",4,86970844,99.96
"36059","combativeness",4,86970848,99.96
"36060","comingle",4,86970852,99.96
"36061","communistic",4,86970856,99.96
"36062","companionably",4,86970860,99.96
"36063","compellent",4,86970864,99.96
"36064","compromiser",4,86970868,99.96
"36065","compulsorily",4,86970872,99.96
"36066","computable",4,86970876,99.96
"36067","comradely",4,86970880,99.96
"36068","concatenation",4,86970884,99.96
"36069","concentrator",4,86970888,99.96
"36070","conciliate",4,86970892,99.96
"36071","condemnable",4,86970896,99.96
"36072","coner",4,86970900,99.96
"36073","confirmable",4,86970904,99.96
"36074","confiture",4,86970908,99.96
"36075","conjoin",4,86970912,99.96
"36076","conjugated",4,86970916,99.96
"36077","conscionable",4,86970920,99.96
"36078","consequentially",4,86970924,99.96
"36079","conservatoire",4,86970928,99.96
"36080","contentiousness",4,86970932,99.96
"36081","contradistinction",4,86970936,99.96
"36082","contrariwise",4,86970940,99.96
"36083","contretemps",4,86970944,99.96
"36084","coolish",4,86970948,99.96
"36085","coolth",4,86970952,99.96
"36086","copart",4,86970956,99.96
"36087","copen",4,86970960,99.96
"36088","copperplate",4,86970964,99.96
"36089","coppiced",4,86970968,99.96
"36090","copybook",4,86970972,99.96
"36091","copyrighter",4,86970976,99.96
"36092","cordiality",4,86970980,99.96
"36093","corer",4,86970984,99.96
"36094","corm",4,86970988,99.96
"36095","corregidor",4,86970992,99.96
"36096","cosh",4,86970996,99.96
"36097","cosily",4,86971000,99.96
"36098","cosine",4,86971004,99.96
"36099","cosmetically",4,86971008,99.96
"36100","cottonseed",4,86971012,99.96
"36101","countable",4,86971016,99.96
"36102","counterfeiter",4,86971020,99.96
"36103","counterforce",4,86971024,99.96
"36104","countermeasure",4,86971028,99.96
"36105","counterterror",4,86971032,99.96
"36106","countertransference",4,86971036,99.96
"36107","countrywoman",4,86971040,99.96
"36108","covariance",4,86971044,99.96
"36109","covenanted",4,86971048,99.96
"36110","cowardliness",4,86971052,99.96
"36111","craniotomy",4,86971056,99.96
"36112","crankshaft",4,86971060,99.96
"36113","crassly",4,86971064,99.96
"36114","creatable",4,86971068,99.96
"36115","creational",4,86971072,99.96
"36116","creedal",4,86971076,99.96
"36117","croaker",4,86971080,99.96
"36118","crossbreed",4,86971084,99.96
"36119","crosscutting",4,86971088,99.96
"36120","crozer",4,86971092,99.96
"36121","cruce",4,86971096,99.96
"36122","cruelness",4,86971100,99.96
"36123","crushable",4,86971104,99.96
"36124","cruzeiro",4,86971108,99.96
"36125","cryptographic",4,86971112,99.96
"36126","cryptology",4,86971116,99.96
"36127","culebra",4,86971120,99.96
"36128","curlew",4,86971124,99.96
"36129","curragh",4,86971128,99.96
"36130","cushiony",4,86971132,99.96
"36131","cynosure",4,86971136,99.96
"36132","dairyman",4,86971140,99.96
"36133","dandyism",4,86971144,99.96
"36134","daroo",4,86971148,99.96
"36135","daubing",4,86971152,99.96
"36136","dauphine",4,86971156,99.96
"36137","dawdler",4,86971160,99.96
"36138","dawdy",4,86971164,99.96
"36139","dawkin",4,86971168,99.96
"36140","daystar",4,86971172,99.96
"36141","deactivation",4,86971176,99.96
"36142","deathwatch",4,86971180,99.96
"36143","debaser",4,86971184,99.96
"36144","declamatory",4,86971188,99.96
"36145","decliner",4,86971192,99.96
"36146","decrement",4,86971196,99.96
"36147","dedicatee",4,86971200,99.96
"36148","deduplication",4,86971204,99.96
"36149","definiteness",4,86971208,99.96
"36150","definitional",4,86971212,99.96
"36151","deflower",4,86971216,99.96
"36152","degradable",4,86971220,99.96
"36153","deicer",4,86971224,99.96
"36154","deindustrialization",4,86971228,99.96
"36155","delenda",4,86971232,99.96
"36156","delf",4,86971236,99.96
"36157","delicateness",4,86971240,99.96
"36158","delusory",4,86971244,99.96
"36159","deme",4,86971248,99.96
"36160","demobilize",4,86971252,99.96
"36161","demoness",4,86971256,99.96
"36162","demotic",4,86971260,99.96
"36163","dendrite",4,86971264,99.96
"36164","denotation",4,86971268,99.96
"36165","dentin",4,86971272,99.96
"36166","depositor",4,86971276,99.96
"36167","deric",4,86971280,99.96
"36168","descale",4,86971284,99.96
"36169","desiccant",4,86971288,99.96
"36170","designedly",4,86971292,99.96
"36171","desireless",4,86971296,99.96
"36172","despiser",4,86971300,99.96
"36173","destructible",4,86971304,99.96
"36174","deuterocanonical",4,86971308,99.96
"36175","deviancy",4,86971312,99.96
"36176","devotedly",4,86971316,99.96
"36177","dhyana",4,86971320,99.96
"36178","diaphragmatic",4,86971324,99.96
"36179","diaristic",4,86971328,99.96
"36180","didymus",4,86971332,99.96
"36181","dieback",4,86971336,99.96
"36182","dielectric",4,86971340,99.96
"36183","difficultly",4,86971344,99.96
"36184","diffraction",4,86971348,99.96
"36185","dimness",4,86971352,99.96
"36186","dimorphism",4,86971356,99.96
"36187","diplomatist",4,86971360,99.96
"36188","directrix",4,86971364,99.96
"36189","discolor",4,86971368,99.96
"36190","disequilibrium",4,86971372,99.96
"36191","disincorporate",4,86971376,99.96
"36192","disinterment",4,86971380,99.96
"36193","disjuncture",4,86971384,99.96
"36194","dismayingly",4,86971388,99.96
"36195","disproportion",4,86971392,99.96
"36196","disputable",4,86971396,99.96
"36197","disruptively",4,86971400,99.96
"36198","dissidence",4,86971404,99.96
"36199","dissimulation",4,86971408,99.96
"36200","dissipative",4,86971412,99.96
"36201","distastefully",4,86971416,99.96
"36202","distractibility",4,86971420,99.96
"36203","distributable",4,86971424,99.96
"36204","distributer",4,86971428,99.96
"36205","disunion",4,86971432,99.96
"36206","divulgation",4,86971436,99.96
"36207","doddery",4,86971440,99.96
"36208","doddle",4,86971444,99.96
"36209","dogcatcher",4,86971448,99.96
"36210","dogmatism",4,86971452,99.96
"36211","dominus",4,86971456,99.96
"36212","dopa",4,86971460,99.96
"36213","doubtfully",4,86971464,99.96
"36214","dovecot",4,86971468,99.96
"36215","draff",4,86971472,99.96
"36216","drear",4,86971476,99.96
"36217","dreiling",4,86971480,99.96
"36218","druidic",4,86971484,99.96
"36219","ducal",4,86971488,99.96
"36220","duckweed",4,86971492,99.96
"36221","duit",4,86971496,99.96
"36222","dunt",4,86971500,99.96
"36223","durational",4,86971504,99.96
"36224","dwarfism",4,86971508,99.96
"36225","dyne",4,86971512,99.96
"36226","earsplitting",4,86971516,99.96
"36227","easterner",4,86971520,99.96
"36228","easternmost",4,86971524,99.96
"36229","edh",4,86971528,99.96
"36230","effectivity",4,86971532,99.96
"36231","effulgence",4,86971536,99.96
"36232","eggler",4,86971540,99.96
"36233","egoist",4,86971544,99.96
"36234","elastica",4,86971548,99.96
"36235","electrodynamics",4,86971552,99.96
"36236","electrolytic",4,86971556,99.96
"36237","electromagnet",4,86971560,99.96
"36238","electromagnetically",4,86971564,99.96
"36239","electromechanical",4,86971568,99.96
"36240","eleemosynary",4,86971572,99.96
"36241","elephantiasis",4,86971576,99.96
"36242","elfish",4,86971580,99.96
"36243","elide",4,86971584,99.96
"36244","elusively",4,86971588,99.96
"36245","emancipatory",4,86971592,99.96
"36246","embezzle",4,86971596,99.96
"36247","embouchure",4,86971600,99.96
"36248","embroiderer",4,86971604,99.96
"36249","emeraude",4,86971608,99.96
"36250","emesis",4,86971612,99.96
"36251","enchantingly",4,86971616,99.96
"36252","endodontist",4,86971620,99.96
"36253","endopelvic",4,86971624,99.96
"36254","endoscopic",4,86971628,99.96
"36255","engorgement",4,86971632,99.96
"36256","engross",4,86971636,99.96
"36257","enigmatically",4,86971640,99.96
"36258","ensnaring",4,86971644,99.96
"36259","enteritidis",4,86971648,99.96
"36260","entrail",4,86971652,99.96
"36261","entrain",4,86971656,99.96
"36262","entreating",4,86971660,99.96
"36263","enuresis",4,86971664,99.96
"36264","enviably",4,86971668,99.96
"36265","enzymatic",4,86971672,99.96
"36266","eparchy",4,86971676,99.96
"36267","ephemerality",4,86971680,99.96
"36268","epigenetic",4,86971684,99.96
"36269","epiglottis",4,86971688,99.96
"36270","episodically",4,86971692,99.96
"36271","equable",4,86971696,99.96
"36272","equivalently",4,86971700,99.96
"36273","eral",4,86971704,99.96
"36274","ergometer",4,86971708,99.96
"36275","erosive",4,86971712,99.96
"36276","erythritol",4,86971716,99.96
"36277","esophagitis",4,86971720,99.96
"36278","essentiality",4,86971724,99.96
"36279","ethnology",4,86971728,99.96
"36280","eugenicist",4,86971732,99.96
"36281","euphony",4,86971736,99.96
"36282","evanescent",4,86971740,99.96
"36283","evaporator",4,86971744,99.96
"36284","exacter",4,86971748,99.96
"36285","exarch",4,86971752,99.96
"36286","excelente",4,86971756,99.96
"36287","excitability",4,86971760,99.96
"36288","excursionist",4,86971764,99.96
"36289","execration",4,86971768,99.96
"36290","exegete",4,86971772,99.96
"36291","exilic",4,86971776,99.96
"36292","explanatorily",4,86971780,99.96
"36293","explicable",4,86971784,99.96
"36294","expressivity",4,86971788,99.96
"36295","expungement",4,86971792,99.96
"36296","expurge",4,86971796,99.96
"36297","extemporaneously",4,86971800,99.96
"36298","extensibility",4,86971804,99.96
"36299","extirpation",4,86971808,99.96
"36300","extoll",4,86971812,99.96
"36301","extraditable",4,86971816,99.96
"36302","extraterritorial",4,86971820,99.96
"36303","eyeline",4,86971824,99.96
"36304","eyeshade",4,86971828,99.96
"36305","eyeshot",4,86971832,99.96
"36306","fabricant",4,86971836,99.96
"36307","faceman",4,86971840,99.96
"36308","facially",4,86971844,99.96
"36309","factious",4,86971848,99.96
"36310","factotum",4,86971852,99.96
"36311","faithlessness",4,86971856,99.96
"36312","faller",4,86971860,99.96
"36313","fancifully",4,86971864,99.96
"36314","fand",4,86971868,99.96
"36315","fatalist",4,86971872,99.96
"36316","fearer",4,86971876,99.96
"36317","featherless",4,86971880,99.96
"36318","feculent",4,86971884,99.96
"36319","federator",4,86971888,99.96
"36320","ferrous",4,86971892,99.96
"36321","ferryboat",4,86971896,99.96
"36322","fetcher",4,86971900,99.96
"36323","fetchingly",4,86971904,99.96
"36324","fettle",4,86971908,99.96
"36325","fiberboard",4,86971912,99.96
"36326","fifer",4,86971916,99.96
"36327","fifthly",4,86971920,99.96
"36328","filamentous",4,86971924,99.96
"36329","fillip",4,86971928,99.96
"36330","filthiness",4,86971932,99.96
"36331","findability",4,86971936,99.96
"36332","finned",4,86971940,99.96
"36333","fireplug",4,86971944,99.96
"36334","fisc",4,86971948,99.96
"36335","fishable",4,86971952,99.96
"36336","fitly",4,86971956,99.96
"36337","flagon",4,86971960,99.96
"36338","flatteringly",4,86971964,99.96
"36339","flayer",4,86971968,99.96
"36340","fleche",4,86971972,99.96
"36341","flesher",4,86971976,99.96
"36342","flirter",4,86971980,99.96
"36343","flitter",4,86971984,99.96
"36344","floatation",4,86971988,99.96
"36345","floridly",4,86971992,99.96
"36346","flosser",4,86971996,99.96
"36347","flouncing",4,86972000,99.96
"36348","flowerless",4,86972004,99.96
"36349","fluey",4,86972008,99.96
"36350","foible",4,86972012,99.96
"36351","foliar",4,86972016,99.96
"36352","followable",4,86972020,99.96
"36353","footboard",4,86972024,99.96
"36354","footman",4,86972028,99.96
"36355","forbearing",4,86972032,99.96
"36356","foreleg",4,86972036,99.96
"36357","forensically",4,86972040,99.96
"36358","forfend",4,86972044,99.96
"36359","formlessness",4,86972048,99.96
"36360","fortin",4,86972052,99.96
"36361","forwarder",4,86972056,99.96
"36362","forwardness",4,86972060,99.96
"36363","fossilize",4,86972064,99.96
"36364","foun",4,86972068,99.96
"36365","foxhound",4,86972072,99.96
"36366","fraise",4,86972076,99.96
"36367","franticly",4,86972080,99.96
"36368","fraternize",4,86972084,99.96
"36369","freemasonic",4,86972088,99.96
"36370","frenulum",4,86972092,99.96
"36371","frequenter",4,86972096,99.96
"36372","friable",4,86972100,99.96
"36373","friand",4,86972104,99.96
"36374","frigidity",4,86972108,99.96
"36375","frim",4,86972112,99.96
"36376","fringy",4,86972116,99.96
"36377","frivolousness",4,86972120,99.96
"36378","frugivorous",4,86972124,99.96
"36379","fulgor",4,86972128,99.96
"36380","fulminate",4,86972132,99.96
"36381","fulminating",4,86972136,99.96
"36382","fumigate",4,86972140,99.96
"36383","functionalist",4,86972144,99.96
"36384","fundament",4,86972148,99.96
"36385","furphy",4,86972152,99.96
"36386","gadabout",4,86972156,99.96
"36387","gaine",4,86972160,99.96
"36388","galera",4,86972164,99.96
"36389","gallium",4,86972168,99.96
"36390","gallstone",4,86972172,99.96
"36391","galvanization",4,86972176,99.96
"36392","gangling",4,86972180,99.96
"36393","gangsterism",4,86972184,99.96
"36394","gannet",4,86972188,99.96
"36395","gansey",4,86972192,99.96
"36396","gapes",4,86972196,99.96
"36397","gappy",4,86972200,99.96
"36398","garad",4,86972204,99.96
"36399","garble",4,86972208,99.96
"36400","gardeny",4,86972212,99.96
"36401","gasman",4,86972216,99.96
"36402","gastronome",4,86972220,99.96
"36403","gazer",4,86972224,99.96
"36404","gein",4,86972228,99.96
"36405","generalissimo",4,86972232,99.96
"36406","genitive",4,86972236,99.96
"36407","genitourinary",4,86972240,99.96
"36408","genoese",4,86972244,99.96
"36409","gentian",4,86972248,99.96
"36410","gentlefolk",4,86972252,99.96
"36411","geochemical",4,86972256,99.96
"36412","geographics",4,86972260,99.96
"36413","gerbe",4,86972264,99.96
"36414","germanium",4,86972268,99.96
"36415","ghat",4,86972272,99.96
"36416","ghostlike",4,86972276,99.96
"36417","ghostwrite",4,86972280,99.96
"36418","gibbous",4,86972284,99.96
"36419","gilling",4,86972288,99.96
"36420","gimble",4,86972292,99.96
"36421","giornata",4,86972296,99.96
"36422","girlishly",4,86972300,99.96
"36423","gisler",4,86972304,99.96
"36424","gladiolus",4,86972308,99.96
"36425","glissade",4,86972312,99.96
"36426","gloominess",4,86972316,99.96
"36427","gloriousness",4,86972320,99.96
"36428","gnarl",4,86972324,99.96
"36429","gnomic",4,86972328,99.96
"36430","goalless",4,86972332,99.96
"36431","goatherd",4,86972336,99.96
"36432","goby",4,86972340,99.96
"36433","godlessness",4,86972344,99.96
"36434","godown",4,86972348,99.96
"36435","gonad",4,86972352,99.96
"36436","gonadal",4,86972356,99.96
"36437","goshawk",4,86972360,99.96
"36438","gouty",4,86972364,99.96
"36439","governmentally",4,86972368,99.96
"36440","gowan",4,86972372,99.96
"36441","graininess",4,86972376,99.96
"36442","grandee",4,86972380,99.96
"36443","grantor",4,86972384,99.96
"36444","grazier",4,86972388,99.96
"36445","greatcoat",4,86972392,99.96
"36446","gribble",4,86972396,99.96
"36447","grig",4,86972400,99.96
"36448","grindingly",4,86972404,99.96
"36449","grizzle",4,86972408,99.96
"36450","grotesqueness",4,86972412,99.96
"36451","gruffness",4,86972416,99.96
"36452","gugu",4,86972420,99.96
"36453","guileful",4,86972424,99.96
"36454","gurdwara",4,86972428,99.96
"36455","gurly",4,86972432,99.96
"36456","gymkhana",4,86972436,99.96
"36457","gyrus",4,86972440,99.96
"36458","habanera",4,86972444,99.96
"36459","habilitation",4,86972448,99.96
"36460","hackberry",4,86972452,99.96
"36461","haddie",4,86972456,99.96
"36462","hagiographic",4,86972460,99.96
"36463","haikai",4,86972464,99.96
"36464","haikal",4,86972468,99.96
"36465","hailstone",4,86972472,99.96
"36466","hairbreadth",4,86972476,99.96
"36467","hairsplitting",4,86972480,99.96
"36468","hakam",4,86972484,99.96
"36469","halite",4,86972488,99.96
"36470","hals",4,86972492,99.96
"36471","hammerman",4,86972496,99.96
"36472","handbill",4,86972500,99.96
"36473","handcraft",4,86972504,99.96
"36474","handless",4,86972508,99.96
"36475","haplessly",4,86972512,99.96
"36476","harish",4,86972516,99.96
"36477","harmfully",4,86972520,99.96
"36478","hatless",4,86972524,99.96
"36479","hatty",4,86972528,99.96
"36480","haughtily",4,86972532,99.96
"36481","haulage",4,86972536,99.96
"36482","haversack",4,86972540,99.96
"36483","hazily",4,86972544,99.96
"36484","headachy",4,86972548,99.96
"36485","heathenism",4,86972552,99.96
"36486","heathered",4,86972556,99.96
"36487","hegemon",4,86972560,99.96
"36488","heigh",4,86972564,99.96
"36489","heinousness",4,86972568,99.96
"36490","helder",4,86972572,99.96
"36491","helicon",4,86972576,99.96
"36492","hellishly",4,86972580,99.96
"36493","helmsman",4,86972584,99.96
"36494","hematocrit",4,86972588,99.96
"36495","hemihydrate",4,86972592,99.96
"36496","hemolysis",4,86972596,99.96
"36497","hemolytic",4,86972600,99.96
"36498","herdsman",4,86972604,99.96
"36499","herma",4,86972608,99.96
"36500","hermeticism",4,86972612,99.96
"36501","herpetological",4,86972616,99.96
"36502","heterocyclic",4,86972620,99.96
"36503","heterogenous",4,86972624,99.96
"36504","hider",4,86972628,99.96
"36505","hierarch",4,86972632,99.96
"36506","hierarchically",4,86972636,99.96
"36507","hightop",4,86972640,99.96
"36508","hillsman",4,86972644,99.96
"36509","hipping",4,86972648,99.96
"36510","hirsutism",4,86972652,99.96
"36511","histogram",4,86972656,99.96
"36512","hoarsely",4,86972660,99.96
"36513","hoaxer",4,86972664,99.96
"36514","hogweed",4,86972668,99.96
"36515","homelike",4,86972672,99.96
"36516","homeostatic",4,86972676,99.96
"36517","hominid",4,86972680,99.96
"36518","homonym",4,86972684,99.96
"36519","honoraria",4,86972688,99.96
"36520","hopoff",4,86972692,99.96
"36521","horniness",4,86972696,99.96
"36522","horsefly",4,86972700,99.96
"36523","horsy",4,86972704,99.96
"36524","hoti",4,86972708,99.96
"36525","houseless",4,86972712,99.96
"36526","huckle",4,86972716,99.96
"36527","huggle",4,86972720,99.96
"36528","humaneness",4,86972724,99.96
"36529","humiliatingly",4,86972728,99.96
"36530","huzza",4,86972732,99.96
"36531","hybridize",4,86972736,99.96
"36532","hydrofoil",4,86972740,99.96
"36533","hydrogenation",4,86972744,99.96
"36534","hydrothermal",4,86972748,99.96
"36535","hypercritical",4,86972752,99.96
"36536","hyperglycemia",4,86972756,99.96
"36537","hypericum",4,86972760,99.96
"36538","hypertrophy",4,86972764,99.96
"36539","hypervigilant",4,86972768,99.96
"36540","hypnotically",4,86972772,99.96
"36541","hyrax",4,86972776,99.96
"36542","iao",4,86972780,99.96
"36543","ichthyologist",4,86972784,99.96
"36544","ignorable",4,86972788,99.96
"36545","ilex",4,86972792,99.96
"36546","illogically",4,86972796,99.96
"36547","illuminist",4,86972800,99.96
"36548","imager",4,86972804,99.96
"36549","imber",4,86972808,99.96
"36550","immaturely",4,86972812,99.96
"36551","imminence",4,86972816,99.96
"36552","immoderate",4,86972820,99.96
"36553","immodestly",4,86972824,99.96
"36554","impalpable",4,86972828,99.96
"36555","impeachable",4,86972832,99.96
"36556","impecunious",4,86972836,99.96
"36557","impenetrability",4,86972840,99.96
"36558","impenetrably",4,86972844,99.96
"36559","imperturbable",4,86972848,99.96
"36560","impolitely",4,86972852,99.96
"36561","imponderable",4,86972856,99.96
"36562","improver",4,86972860,99.96
"36563","improvident",4,86972864,99.96
"36564","impute",4,86972868,99.96
"36565","incandescently",4,86972872,99.96
"36566","incantatory",4,86972876,99.96
"36567","incarnational",4,86972880,99.97
"36568","inchworm",4,86972884,99.97
"36569","incisiveness",4,86972888,99.97
"36570","incisor",4,86972892,99.97
"36571","incontestably",4,86972896,99.97
"36572","inculcation",4,86972900,99.97
"36573","incurably",4,86972904,99.97
"36574","indemnization",4,86972908,99.97
"36575","indigency",4,86972912,99.97
"36576","indri",4,86972916,99.97
"36577","ineffectuality",4,86972920,99.97
"36578","inertial",4,86972924,99.97
"36579","infallibly",4,86972928,99.97
"36580","infarct",4,86972932,99.97
"36581","inferentially",4,86972936,99.97
"36582","infilling",4,86972940,99.97
"36583","ingenuous",4,86972944,99.97
"36584","inhabitation",4,86972948,99.97
"36585","inhalant",4,86972952,99.97
"36586","inhospitality",4,86972956,99.97
"36587","inimitability",4,86972960,99.97
"36588","inscrutability",4,86972964,99.97
"36589","insecurely",4,86972968,99.97
"36590","insensate",4,86972972,99.97
"36591","insensibility",4,86972976,99.97
"36592","insuperable",4,86972980,99.97
"36593","insurmountably",4,86972984,99.97
"36594","intarsia",4,86972988,99.97
"36595","integrally",4,86972992,99.97
"36596","intelligibility",4,86972996,99.97
"36597","intercalary",4,86973000,99.97
"36598","interdepartmental",4,86973004,99.97
"36599","interline",4,86973008,99.97
"36600","interlinear",4,86973012,99.97
"36601","intermarry",4,86973016,99.97
"36602","intermixture",4,86973020,99.97
"36603","interoffice",4,86973024,99.97
"36604","interpolate",4,86973028,99.97
"36605","interprofessional",4,86973032,99.97
"36606","interrelation",4,86973036,99.97
"36607","interspace",4,86973040,99.97
"36608","intracranial",4,86973044,99.97
"36609","intractability",4,86973048,99.97
"36610","intranasal",4,86973052,99.97
"36611","intraperitoneal",4,86973056,99.97
"36612","intuitiveness",4,86973060,99.97
"36613","inveigle",4,86973064,99.97
"36614","invitingly",4,86973068,99.97
"36615","ionization",4,86973072,99.97
"36616","irian",4,86973076,99.97
"36617","irreproachable",4,86973080,99.97
"36618","jadedness",4,86973084,99.97
"36619","jagir",4,86973088,99.97
"36620","jalouse",4,86973092,99.97
"36621","jape",4,86973096,99.97
"36622","jeery",4,86973100,99.97
"36623","jeremiad",4,86973104,99.97
"36624","jerkiness",4,86973108,99.97
"36625","jetter",4,86973112,99.97
"36626","jiva",4,86973116,99.97
"36627","jocko",4,86973120,99.97
"36628","jocularly",4,86973124,99.97
"36629","jointer",4,86973128,99.97
"36630","jours",4,86973132,99.97
"36631","joviality",4,86973136,99.97
"36632","jungly",4,86973140,99.97
"36633","justness",4,86973144,99.97
"36634","juvenal",4,86973148,99.97
"36635","kaha",4,86973152,99.97
"36636","kanten",4,86973156,99.97
"36637","kapok",4,86973160,99.97
"36638","katakana",4,86973164,99.97
"36639","katalyst",4,86973168,99.97
"36640","kauri",4,86973172,99.97
"36641","kawika",4,86973176,99.97
"36642","kazi",4,86973180,99.97
"36643","keenness",4,86973184,99.97
"36644","keet",4,86973188,99.97
"36645","kenning",4,86973192,99.97
"36646","kerplunk",4,86973196,99.97
"36647","khamsin",4,86973200,99.97
"36648","kickshaw",4,86973204,99.97
"36649","kingbird",4,86973208,99.97
"36650","kleptomania",4,86973212,99.97
"36651","kou",4,86973216,99.97
"36652","krona",4,86973220,99.97
"36653","kuba",4,86973224,99.97
"36654","kummel",4,86973228,99.97
"36655","kyat",4,86973232,99.97
"36656","labdanum",4,86973236,99.97
"36657","labella",4,86973240,99.97
"36658","lability",4,86973244,99.97
"36659","lall",4,86973248,99.97
"36660","lambkin",4,86973252,99.97
"36661","landholding",4,86973256,99.97
"36662","landman",4,86973260,99.97
"36663","laparoscopy",4,86973264,99.97
"36664","lapidary",4,86973268,99.97
"36665","lasa",4,86973272,99.97
"36666","latah",4,86973276,99.97
"36667","lauric",4,86973280,99.97
"36668","lawbreaker",4,86973284,99.97
"36669","lawfulness",4,86973288,99.97
"36670","leamer",4,86973292,99.97
"36671","lecher",4,86973296,99.97
"36672","legation",4,86973300,99.97
"36673","legibly",4,86973304,99.97
"36674","legitimization",4,86973308,99.97
"36675","lemurian",4,86973312,99.97
"36676","lensed",4,86973316,99.97
"36677","letterer",4,86973320,99.97
"36678","letup",4,86973324,99.97
"36679","likeliness",4,86973328,99.97
"36680","limbeck",4,86973332,99.97
"36681","liming",4,86973336,99.97
"36682","linework",4,86973340,99.97
"36683","linge",4,86973344,99.97
"36684","linkable",4,86973348,99.97
"36685","lithesome",4,86973352,99.97
"36686","liwan",4,86973356,99.97
"36687","lobed",4,86973360,99.97
"36688","localist",4,86973364,99.97
"36689","locative",4,86973368,99.97
"36690","lodestar",4,86973372,99.97
"36691","loggin",4,86973376,99.97
"36692","longa",4,86973380,99.97
"36693","lota",4,86973384,99.97
"36694","loupe",4,86973388,99.97
"36695","lugger",4,86973392,99.97
"36696","lumpiness",4,86973396,99.97
"36697","luridly",4,86973400,99.97
"36698","lusher",4,86973404,99.97
"36699","lustration",4,86973408,99.97
"36700","lutrin",4,86973412,99.97
"36701","macer",4,86973416,99.97
"36702","mackle",4,86973420,99.97
"36703","macroscopic",4,86973424,99.97
"36704","madrasah",4,86973428,99.97
"36705","mahout",4,86973432,99.97
"36706","maintainer",4,86973436,99.97
"36707","maltose",4,86973440,99.97
"36708","manche",4,86973444,99.97
"36709","mangler",4,86973448,99.97
"36710","mankin",4,86973452,99.97
"36711","mannering",4,86973456,99.97
"36712","manscape",4,86973460,99.97
"36713","mapper",4,86973464,99.97
"36714","marechal",4,86973468,99.97
"36715","marka",4,86973472,99.97
"36716","marli",4,86973476,99.97
"36717","marquetry",4,86973480,99.97
"36718","massy",4,86973484,99.97
"36719","matai",4,86973488,99.97
"36720","maunder",4,86973492,99.97
"36721","meagerly",4,86973496,99.97
"36722","mealies",4,86973500,99.97
"36723","meanly",4,86973504,99.97
"36724","meatiness",4,86973508,99.97
"36725","medico",4,86973512,99.97
"36726","medulla",4,86973516,99.97
"36727","melodiously",4,86973520,99.97
"36728","mendicant",4,86973524,99.97
"36729","mense",4,86973528,99.97
"36730","mephitis",4,86973532,99.97
"36731","mercantilist",4,86973536,99.97
"36732","metate",4,86973540,99.97
"36733","methought",4,86973544,99.97
"36734","methylene",4,86973548,99.97
"36735","metonym",4,86973552,99.97
"36736","mias",4,86973556,99.97
"36737","microcosmic",4,86973560,99.97
"36738","mignonne",4,86973564,99.97
"36739","milkiness",4,86973568,99.97
"36740","millenary",4,86973572,99.97
"36741","mineralize",4,86973576,99.97
"36742","minerval",4,86973580,99.97
"36743","mischaracterization",4,86973584,99.97
"36744","misstate",4,86973588,99.97
"36745","mixolydian",4,86973592,99.97
"36746","mizzy",4,86973596,99.97
"36747","moff",4,86973600,99.97
"36748","moisty",4,86973604,99.97
"36749","moke",4,86973608,99.97
"36750","molter",4,86973612,99.97
"36751","monad",4,86973616,99.97
"36752","monadic",4,86973620,99.97
"36753","monadnock",4,86973624,99.97
"36754","monism",4,86973628,99.97
"36755","monocultural",4,86973632,99.97
"36756","monogamist",4,86973636,99.97
"36757","monopole",4,86973640,99.97
"36758","monotype",4,86973644,99.97
"36759","monozygotic",4,86973648,99.97
"36760","montilla",4,86973652,99.97
"36761","moodily",4,86973656,99.97
"36762","mool",4,86973660,99.97
"36763","moonset",4,86973664,99.97
"36764","moonshining",4,86973668,99.97
"36765","moonwalker",4,86973672,99.97
"36766","moosa",4,86973676,99.97
"36767","moratoria",4,86973680,99.97
"36768","morosely",4,86973684,99.97
"36769","morphew",4,86973688,99.97
"36770","motorcar",4,86973692,99.97
"36771","moxa",4,86973696,99.97
"36772","mudra",4,86973700,99.97
"36773","mugg",4,86973704,99.97
"36774","mulish",4,86973708,99.97
"36775","mulk",4,86973712,99.97
"36776","multifactorial",4,86973716,99.97
"36777","mummery",4,86973720,99.97
"36778","munshi",4,86973724,99.97
"36779","muscularity",4,86973728,99.97
"36780","mushiness",4,86973732,99.97
"36781","mussy",4,86973736,99.97
"36782","mustiness",4,86973740,99.97
"36783","mutational",4,86973744,99.97
"36784","mycorrhizal",4,86973748,99.97
"36785","myopically",4,86973752,99.97
"36786","myositis",4,86973756,99.97
"36787","myristate",4,86973760,99.97
"36788","mythically",4,86973764,99.97
"36789","mythmaking",4,86973768,99.97
"36790","myxedema",4,86973772,99.97
"36791","myxomatosis",4,86973776,99.97
"36792","nagual",4,86973780,99.97
"36793","nant",4,86973784,99.97
"36794","nastily",4,86973788,99.97
"36795","nativism",4,86973792,99.97
"36796","naturalizer",4,86973796,99.97
"36797","naughtily",4,86973800,99.97
"36798","nawt",4,86973804,99.97
"36799","neaten",4,86973808,99.97
"36800","nebel",4,86973812,99.97
"36801","neckerchief",4,86973816,99.97
"36802","needlebook",4,86973820,99.97
"36803","needlefish",4,86973824,99.97
"36804","nef",4,86973828,99.97
"36805","neodymium",4,86973832,99.97
"36806","neonate",4,86973836,99.97
"36807","neorealism",4,86973840,99.97
"36808","nepenthe",4,86973844,99.97
"36809","nerving",4,86973848,99.97
"36810","nettlesome",4,86973852,99.97
"36811","neurasthenic",4,86973856,99.97
"36812","neurofibromatosis",4,86973860,99.97
"36813","neurone",4,86973864,99.97
"36814","neuropsychology",4,86973868,99.97
"36815","neurotically",4,86973872,99.97
"36816","neurotrophic",4,86973876,99.97
"36817","neurovascular",4,86973880,99.97
"36818","ngai",4,86973884,99.97
"36819","nicety",4,86973888,99.97
"36820","nicker",4,86973892,99.97
"36821","nightmarishly",4,86973896,99.97
"36822","nightshine",4,86973900,99.97
"36823","ninetieth",4,86973904,99.97
"36824","nitch",4,86973908,99.97
"36825","nitrile",4,86973912,99.97
"36826","nobleness",4,86973916,99.97
"36827","nobs",4,86973920,99.97
"36828","nohow",4,86973924,99.97
"36829","noiselessly",4,86973928,99.97
"36830","noncombatant",4,86973932,99.97
"36831","nonet",4,86973936,99.97
"36832","nonfictional",4,86973940,99.97
"36833","nongreasy",4,86973944,99.97
"36834","nonhazardous",4,86973948,99.97
"36835","nonmanufacturing",4,86973952,99.97
"36836","nonparticipating",4,86973956,99.97
"36837","nonpeak",4,86973960,99.97
"36838","nonstress",4,86973964,99.97
"36839","nonteaching",4,86973968,99.97
"36840","nonworking",4,86973972,99.97
"36841","norlander",4,86973976,99.97
"36842","northeaster",4,86973980,99.97
"36843","northeastward",4,86973984,99.97
"36844","northwesterly",4,86973988,99.97
"36845","noumenal",4,86973992,99.97
"36846","novitiate",4,86973996,99.97
"36847","nowaday",4,86974000,99.97
"36848","nuncio",4,86974004,99.97
"36849","nurseryman",4,86974008,99.97
"36850","nutritiously",4,86974012,99.97
"36851","occident",4,86974016,99.97
"36852","odalisque",4,86974020,99.97
"36853","odium",4,86974024,99.97
"36854","odoriferous",4,86974028,99.97
"36855","oenology",4,86974032,99.97
"36856","offcut",4,86974036,99.97
"36857","offertory",4,86974040,99.97
"36858","oftenness",4,86974044,99.97
"36859","olla",4,86974048,99.97
"36860","openheartedly",4,86974052,99.97
"36861","operationalist",4,86974056,99.97
"36862","opinionate",4,86974060,99.97
"36863","orangery",4,86974064,99.97
"36864","orbitofrontal",4,86974068,99.97
"36865","orgiastic",4,86974072,99.97
"36866","orientate",4,86974076,99.97
"36867","orphange",4,86974080,99.97
"36868","oscitate",4,86974084,99.97
"36869","osse",4,86974088,99.97
"36870","osteogenesis",4,86974092,99.97
"36871","outdrink",4,86974096,99.97
"36872","outpour",4,86974100,99.97
"36873","outrank",4,86974104,99.97
"36874","outsweep",4,86974108,99.97
"36875","overabundant",4,86974112,99.97
"36876","overact",4,86974116,99.97
"36877","overanxious",4,86974120,99.97
"36878","overbuy",4,86974124,99.97
"36879","overcautious",4,86974128,99.97
"36880","overdress",4,86974132,99.97
"36881","overeducated",4,86974136,99.97
"36882","overemphasize",4,86974140,99.97
"36883","overexcitement",4,86974144,99.97
"36884","overexertion",4,86974148,99.97
"36885","overfeed",4,86974152,99.97
"36886","overlock",4,86974156,99.97
"36887","overmuch",4,86974160,99.97
"36888","oversoul",4,86974164,99.97
"36889","overstuff",4,86974168,99.97
"36890","overtax",4,86974172,99.97
"36891","overthought",4,86974176,99.97
"36892","ovipositor",4,86974180,99.97
"36893","ower",4,86974184,99.97
"36894","owlish",4,86974188,99.97
"36895","owly",4,86974192,99.97
"36896","paal",4,86974196,99.97
"36897","packman",4,86974200,99.97
"36898","paganistic",4,86974204,99.97
"36899","paining",4,86974208,99.97
"36900","paintable",4,86974212,99.97
"36901","palatability",4,86974216,99.97
"36902","palindromic",4,86974220,99.97
"36903","palled",4,86974224,99.97
"36904","palpate",4,86974228,99.97
"36905","panderer",4,86974232,99.97
"36906","pangolin",4,86974236,99.97
"36907","pansophy",4,86974240,99.97
"36908","pantheonic",4,86974244,99.97
"36909","papillary",4,86974248,99.97
"36910","paquet",4,86974252,99.97
"36911","paradisical",4,86974256,99.97
"36912","parang",4,86974260,99.97
"36913","parasympathetic",4,86974264,99.97
"36914","parathyroid",4,86974268,99.97
"36915","parcheesi",4,86974272,99.97
"36916","parentally",4,86974276,99.97
"36917","parle",4,86974280,99.97
"36918","parnas",4,86974284,99.97
"36919","parousia",4,86974288,99.97
"36920","parsimony",4,86974292,99.97
"36921","passably",4,86974296,99.97
"36922","pavan",4,86974300,99.97
"36923","peaky",4,86974304,99.97
"36924","peccadillo",4,86974308,99.97
"36925","pedagogic",4,86974312,99.97
"36926","pederast",4,86974316,99.97
"36927","pedicurist",4,86974320,99.97
"36928","pedlar",4,86974324,99.97
"36929","pedophilic",4,86974328,99.97
"36930","peignoir",4,86974332,99.97
"36931","peine",4,86974336,99.97
"36932","perceptiveness",4,86974340,99.97
"36933","perchlorate",4,86974344,99.97
"36934","peremptory",4,86974348,99.97
"36935","perfector",4,86974352,99.97
"36936","perfunctorily",4,86974356,99.97
"36937","pericarditis",4,86974360,99.97
"36938","pericope",4,86974364,99.97
"36939","peritonitis",4,86974368,99.97
"36940","permuter",4,86974372,99.97
"36941","personalty",4,86974376,99.97
"36942","perturb",4,86974380,99.97
"36943","perturbing",4,86974384,99.97
"36944","pestilent",4,86974388,99.97
"36945","phaeton",4,86974392,99.97
"36946","phage",4,86974396,99.97
"36947","phenolic",4,86974400,99.97
"36948","philatelist",4,86974404,99.97
"36949","philology",4,86974408,99.97
"36950","phlegmatic",4,86974412,99.97
"36951","phlegmy",4,86974416,99.97
"36952","phon",4,86974420,99.97
"36953","phonographic",4,86974424,99.97
"36954","photochemical",4,86974428,99.97
"36955","photosynthetic",4,86974432,99.97
"36956","phrasal",4,86974436,99.97
"36957","phylogeny",4,86974440,99.97
"36958","physiognomy",4,86974444,99.97
"36959","pianistic",4,86974448,99.97
"36960","pice",4,86974452,99.97
"36961","pickleman",4,86974456,99.97
"36962","pilapil",4,86974460,99.97
"36963","pilothouse",4,86974464,99.97
"36964","piner",4,86974468,99.97
"36965","pingue",4,86974472,99.97
"36966","pinnock",4,86974476,99.97
"36967","pinta",4,86974480,99.97
"36968","piously",4,86974484,99.97
"36969","pipette",4,86974488,99.97
"36970","piquet",4,86974492,99.97
"36971","plasmodium",4,86974496,99.97
"36972","plasterboard",4,86974500,99.97
"36973","playwork",4,86974504,99.97
"36974","pleater",4,86974508,99.97
"36975","plenum",4,86974512,99.97
"36976","plesiosaur",4,86974516,99.97
"36977","plier",4,86974520,99.97
"36978","plumcot",4,86974524,99.97
"36979","plumier",4,86974528,99.97
"36980","plumps",4,86974532,99.97
"36981","pneuma",4,86974536,99.97
"36982","pointillist",4,86974540,99.97
"36983","pokeweed",4,86974544,99.97
"36984","polestar",4,86974548,99.97
"36985","polonaise",4,86974552,99.97
"36986","polyandrous",4,86974556,99.97
"36987","polycentric",4,86974560,99.97
"36988","polychromatic",4,86974564,99.97
"36989","polymeric",4,86974568,99.97
"36990","polyphenol",4,86974572,99.97
"36991","polysyllabic",4,86974576,99.97
"36992","pomace",4,86974580,99.97
"36993","pooka",4,86974584,99.97
"36994","porkpie",4,86974588,99.97
"36995","portside",4,86974592,99.97
"36996","porus",4,86974596,99.97
"36997","positiveness",4,86974600,99.97
"36998","positron",4,86974604,99.97
"36999","posterize",4,86974608,99.97
"37000","posthaste",4,86974612,99.97
"37001","postoperative",4,86974616,99.97
"37002","potentiate",4,86974620,99.97
"37003","pouched",4,86974624,99.97
"37004","poxy",4,86974628,99.97
"37005","praiser",4,86974632,99.97
"37006","prefectural",4,86974636,99.97
"37007","preferentially",4,86974640,99.97
"37008","prefigurative",4,86974644,99.97
"37009","premortal",4,86974648,99.97
"37010","preparator",4,86974652,99.97
"37011","pressel",4,86974656,99.97
"37012","pressible",4,86974660,99.97
"37013","preventively",4,86974664,99.97
"37014","prier",4,86974668,99.97
"37015","princeling",4,86974672,99.97
"37016","problematize",4,86974676,99.97
"37017","processual",4,86974680,99.97
"37018","progeria",4,86974684,99.97
"37019","prohibitionism",4,86974688,99.97
"37020","prolix",4,86974692,99.97
"37021","promisee",4,86974696,99.97
"37022","promotor",4,86974700,99.97
"37023","propertied",4,86974704,99.97
"37024","propitiate",4,86974708,99.97
"37025","propositional",4,86974712,99.97
"37026","proprioceptive",4,86974716,99.97
"37027","protectant",4,86974720,99.97
"37028","protoplasm",4,86974724,99.97
"37029","protrusion",4,86974728,99.97
"37030","prunella",4,86974732,99.97
"37031","psychical",4,86974736,99.97
"37032","psychographic",4,86974740,99.97
"37033","psychometric",4,86974744,99.97
"37034","psyllid",4,86974748,99.97
"37035","pterosaur",4,86974752,99.97
"37036","puan",4,86974756,99.97
"37037","pubertal",4,86974760,99.97
"37038","puffball",4,86974764,99.97
"37039","puker",4,86974768,99.97
"37040","pulchritude",4,86974772,99.97
"37041","purgative",4,86974776,99.97
"37042","pushpin",4,86974780,99.97
"37043","quadra",4,86974784,99.97
"37044","quadrilogy",4,86974788,99.97
"37045","quaffer",4,86974792,99.97
"37046","quantic",4,86974796,99.97
"37047","quarterstaff",4,86974800,99.97
"37048","quaternary",4,86974804,99.97
"37049","quean",4,86974808,99.97
"37050","queasily",4,86974812,99.97
"37051","queendom",4,86974816,99.97
"37052","queensberry",4,86974820,99.97
"37053","quintal",4,86974824,99.97
"37054","quintillion",4,86974828,99.97
"37055","quippy",4,86974832,99.97
"37056","rabbinate",4,86974836,99.97
"37057","racialization",4,86974840,99.97
"37058","radiocarbon",4,86974844,99.97
"37059","radiologic",4,86974848,99.97
"37060","ragingly",4,86974852,99.97
"37061","raisiny",4,86974856,99.97
"37062","ramage",4,86974860,99.97
"37063","rame",4,86974864,99.97
"37064","rammer",4,86974868,99.97
"37065","rappe",4,86974872,99.97
"37066","raucously",4,86974876,99.97
"37067","razer",4,86974880,99.97
"37068","realizable",4,86974884,99.97
"37069","rearm",4,86974888,99.97
"37070","reattachment",4,86974892,99.97
"37071","reaver",4,86974896,99.97
"37072","reback",4,86974900,99.97
"37073","receptiveness",4,86974904,99.97
"37074","recharter",4,86974908,99.97
"37075","recidivist",4,86974912,99.97
"37076","recirculate",4,86974916,99.97
"37077","reckoner",4,86974920,99.97
"37078","reclassification",4,86974924,99.97
"37079","reclusion",4,86974928,99.97
"37080","recombination",4,86974932,99.97
"37081","rectally",4,86974936,99.97
"37082","rection",4,86974940,99.97
"37083","rectus",4,86974944,99.97
"37084","redwing",4,86974948,99.97
"37085","reen",4,86974952,99.97
"37086","reface",4,86974956,99.97
"37087","refection",4,86974960,99.97
"37088","regicide",4,86974964,99.97
"37089","regimentation",4,86974968,99.97
"37090","regularization",4,86974972,99.97
"37091","regulus",4,86974976,99.97
"37092","reinette",4,86974980,99.97
"37093","reknit",4,86974984,99.97
"37094","relevantly",4,86974988,99.97
"37095","relist",4,86974992,99.97
"37096","renne",4,86974996,99.97
"37097","reoccur",4,86975000,99.97
"37098","reoffend",4,86975004,99.97
"37099","repace",4,86975008,99.97
"37100","reprehensibly",4,86975012,99.97
"37101","reprice",4,86975016,99.97
"37102","reproachful",4,86975020,99.97
"37103","reprobation",4,86975024,99.97
"37104","reproducibility",4,86975028,99.97
"37105","reseal",4,86975032,99.97
"37106","resew",4,86975036,99.97
"37107","resistible",4,86975040,99.97
"37108","resolvable",4,86975044,99.97
"37109","resolver",4,86975048,99.97
"37110","restfully",4,86975052,99.97
"37111","restfulness",4,86975056,99.97
"37112","restitch",4,86975060,99.97
"37113","reteach",4,86975064,99.97
"37114","retie",4,86975068,99.97
"37115","retrievable",4,86975072,99.97
"37116","revalue",4,86975076,99.97
"37117","reviling",4,86975080,99.97
"37118","rewash",4,86975084,99.97
"37119","rhabdomyosarcoma",4,86975088,99.97
"37120","rheumy",4,86975092,99.97
"37121","rhomboid",4,86975096,99.97
"37122","rhumba",4,86975100,99.97
"37123","ribbony",4,86975104,99.97
"37124","rideable",4,86975108,99.97
"37125","ringy",4,86975112,99.97
"37126","rist",4,86975116,99.97
"37127","ritualism",4,86975120,99.97
"37128","rivage",4,86975124,99.97
"37129","roadmaster",4,86975128,99.97
"37130","rockabye",4,86975132,99.97
"37131","rockery",4,86975136,99.97
"37132","rockfall",4,86975140,99.97
"37133","rockrose",4,86975144,99.97
"37134","roguery",4,86975148,99.97
"37135","roka",4,86975152,99.97
"37136","romantical",4,86975156,99.97
"37137","rond",4,86975160,99.97
"37138","rooker",4,86975164,99.97
"37139","ropewalk",4,86975168,99.97
"37140","rotenone",4,86975172,99.97
"37141","rouleau",4,86975176,99.97
"37142","roundelay",4,86975180,99.97
"37143","routinization",4,86975184,99.97
"37144","rubato",4,86975188,99.97
"37145","rubbernecker",4,86975192,99.97
"37146","ruga",4,86975196,99.97
"37147","ruinously",4,86975200,99.97
"37148","rutty",4,86975204,99.97
"37149","sabertooth",4,86975208,99.97
"37150","sablefish",4,86975212,99.97
"37151","sacker",4,86975216,99.97
"37152","sackman",4,86975220,99.97
"37153","sacristy",4,86975224,99.97
"37154","safelight",4,86975228,99.97
"37155","saintliness",4,86975232,99.97
"37156","salaciousness",4,86975236,99.97
"37157","salamo",4,86975240,99.97
"37158","salivation",4,86975244,99.97
"37159","salix",4,86975248,99.97
"37160","sancta",4,86975252,99.97
"37161","sandaled",4,86975256,99.97
"37162","sandan",4,86975260,99.97
"37163","sanguinary",4,86975264,99.97
"37164","sapan",4,86975268,99.97
"37165","sapphic",4,86975272,99.97
"37166","saraf",4,86975276,99.97
"37167","sauterne",4,86975280,99.97
"37168","sawhorse",4,86975284,99.97
"37169","scabbed",4,86975288,99.97
"37170","scaphoid",4,86975292,99.97
"37171","scenary",4,86975296,99.97
"37172","scheffel",4,86975300,99.97
"37173","schelling",4,86975304,99.97
"37174","schematically",4,86975308,99.97
"37175","schismatic",4,86975312,99.97
"37176","scho",4,86975316,99.97
"37177","schoolbag",4,86975320,99.97
"37178","schwabacher",4,86975324,99.97
"37179","scleroderma",4,86975328,99.97
"37180","scorekeeping",4,86975332,99.97
"37181","scratchboard",4,86975336,99.97
"37182","scratchiness",4,86975340,99.97
"37183","screamy",4,86975344,99.97
"37184","scribal",4,86975348,99.97
"37185","scriven",4,86975352,99.97
"37186","sculler",4,86975356,99.97
"37187","scup",4,86975360,99.97
"37188","seagirt",4,86975364,99.97
"37189","secretively",4,86975368,99.97
"37190","seismicity",4,86975372,99.97
"37191","seismograph",4,86975376,99.97
"37192","selenite",4,86975380,99.97
"37193","selfhood",4,86975384,99.97
"37194","semiconscious",4,86975388,99.97
"37195","sepulchral",4,86975392,99.97
"37196","seraglio",4,86975396,99.97
"37197","serai",4,86975400,99.97
"37198","sere",4,86975404,99.97
"37199","serenata",4,86975408,99.97
"37200","serio",4,86975412,99.97
"37201","sexagenarian",4,86975416,99.97
"37202","sextile",4,86975420,99.97
"37203","sexto",4,86975424,99.97
"37204","sextuple",4,86975428,99.97
"37205","shabbiness",4,86975432,99.97
"37206","shadowboxing",4,86975436,99.97
"37207","shahzada",4,86975440,99.97
"37208","sharn",4,86975444,99.97
"37209","sharpy",4,86975448,99.97
"37210","shawny",4,86975452,99.97
"37211","sheva",4,86975456,99.97
"37212","shiel",4,86975460,99.97
"37213","shier",4,86975464,99.97
"37214","shiftiness",4,86975468,99.97
"37215","shillelagh",4,86975472,99.97
"37216","shipway",4,86975476,99.97
"37217","shirttail",4,86975480,99.97
"37218","shirty",4,86975484,99.97
"37219","shole",4,86975488,99.97
"37220","shopworn",4,86975492,99.97
"37221","shotted",4,86975496,99.97
"37222","shover",4,86975500,99.97
"37223","shrilly",4,86975504,99.97
"37224","shrimpy",4,86975508,99.97
"37225","shucker",4,86975512,99.97
"37226","shuff",4,86975516,99.97
"37227","shyster",4,86975520,99.97
"37228","sibilance",4,86975524,99.97
"37229","sidedness",4,86975528,99.97
"37230","signally",4,86975532,99.97
"37231","silicate",4,86975536,99.97
"37232","silvertip",4,86975540,99.97
"37233","silviculture",4,86975544,99.97
"37234","similitude",4,86975548,99.97
"37235","simkin",4,86975552,99.97
"37236","simony",4,86975556,99.97
"37237","simpleness",4,86975560,99.97
"37238","sinter",4,86975564,99.97
"37239","sitten",4,86975568,99.97
"37240","skat",4,86975572,99.97
"37241","sketchily",4,86975576,99.97
"37242","skimpily",4,86975580,99.97
"37243","skinflint",4,86975584,99.97
"37244","skinful",4,86975588,99.97
"37245","slaking",4,86975592,99.97
"37246","slane",4,86975596,99.97
"37247","slangy",4,86975600,99.97
"37248","slaphappy",4,86975604,99.97
"37249","slaver",4,86975608,99.97
"37250","sleekness",4,86975612,99.97
"37251","sliceable",4,86975616,99.97
"37252","slided",4,86975620,99.97
"37253","slobby",4,86975624,99.97
"37254","slummy",4,86975628,99.97
"37255","smackingly",4,86975632,99.97
"37256","smashingly",4,86975636,99.97
"37257","smeary",4,86975640,99.97
"37258","smeller",4,86975644,99.97
"37259","smither",4,86975648,99.97
"37260","smithing",4,86975652,99.97
"37261","sniffily",4,86975656,99.97
"37262","snivel",4,86975660,99.97
"37263","snock",4,86975664,99.97
"37264","snootiness",4,86975668,99.97
"37265","snoozy",4,86975672,99.97
"37266","sogginess",4,86975676,99.97
"37267","soja",4,86975680,99.97
"37268","solea",4,86975684,99.97
"37269","solstitial",4,86975688,99.97
"37270","somberness",4,86975692,99.97
"37271","somewheres",4,86975696,99.97
"37272","somnambulist",4,86975700,99.97
"37273","somnolence",4,86975704,99.97
"37274","songcraft",4,86975708,99.97
"37275","sophy",4,86975712,99.97
"37276","sortable",4,86975716,99.97
"37277","sostenuto",4,86975720,99.97
"37278","soteriology",4,86975724,99.97
"37279","soundlessly",4,86975728,99.97
"37280","sovietization",4,86975732,99.97
"37281","spacy",4,86975736,99.97
"37282","spak",4,86975740,99.97
"37283","spanker",4,86975744,99.97
"37284","sparger",4,86975748,99.97
"37285","speckle",4,86975752,99.97
"37286","speckling",4,86975756,99.97
"37287","spectatorship",4,86975760,99.97
"37288","speechlessness",4,86975764,99.97
"37289","spelunker",4,86975768,99.97
"37290","spicewood",4,86975772,99.97
"37291","spieler",4,86975776,99.97
"37292","spiff",4,86975780,99.97
"37293","spindling",4,86975784,99.97
"37294","spoliation",4,86975788,99.97
"37295","spondylitis",4,86975792,99.97
"37296","spookiness",4,86975796,99.97
"37297","spoonmaker",4,86975800,99.97
"37298","sportive",4,86975804,99.97
"37299","sportsmanlike",4,86975808,99.97
"37300","squam",4,86975812,99.97
"37301","squelchy",4,86975816,99.97
"37302","stagnancy",4,86975820,99.97
"37303","stampman",4,86975824,99.97
"37304","stanze",4,86975828,99.97
"37305","starchiness",4,86975832,99.97
"37306","stargaze",4,86975836,99.97
"37307","staw",4,86975840,99.97
"37308","stearate",4,86975844,99.97
"37309","steepled",4,86975848,99.97
"37310","steepletop",4,86975852,99.97
"37311","steersman",4,86975856,99.97
"37312","stell",4,86975860,99.97
"37313","stenograph",4,86975864,99.97
"37314","stenographic",4,86975868,99.97
"37315","stepladder",4,86975872,99.97
"37316","sterin",4,86975876,99.97
"37317","sterol",4,86975880,99.97
"37318","stich",4,86975884,99.97
"37319","stickle",4,86975888,99.97
"37320","stickpin",4,86975892,99.97
"37321","stickwork",4,86975896,99.97
"37322","stilly",4,86975900,99.97
"37323","stinkbug",4,86975904,99.97
"37324","stochastic",4,86975908,99.97
"37325","stodge",4,86975912,99.97
"37326","stoneman",4,86975916,99.97
"37327","stoneyard",4,86975920,99.97
"37328","stopa",4,86975924,99.97
"37329","storminess",4,86975928,99.97
"37330","straggle",4,86975932,99.97
"37331","straightness",4,86975936,99.97
"37332","straiten",4,86975940,99.97
"37333","strass",4,86975944,99.97
"37334","strenth",4,86975948,99.97
"37335","stresser",4,86975952,99.97
"37336","struggler",4,86975956,99.97
"37337","studding",4,86975960,99.97
"37338","stylization",4,86975964,99.97
"37339","suavity",4,86975968,99.97
"37340","subdistrict",4,86975972,99.97
"37341","subdural",4,86975976,99.97
"37342","subfloor",4,86975980,99.97
"37343","sublingual",4,86975984,99.97
"37344","submersed",4,86975988,99.97
"37345","subsoil",4,86975992,99.97
"37346","substratum",4,86975996,99.97
"37347","sudd",4,86976000,99.97
"37348","sufferance",4,86976004,99.97
"37349","sugarhouse",4,86976008,99.97
"37350","sulkily",4,86976012,99.97
"37351","sullenness",4,86976016,99.97
"37352","sultanate",4,86976020,99.97
"37353","summarization",4,86976024,99.97
"37354","summering",4,86976028,99.97
"37355","summerlike",4,86976032,99.97
"37356","sumptuousness",4,86976036,99.97
"37357","sunniness",4,86976040,99.97
"37358","sunsetting",4,86976044,99.97
"37359","superabundant",4,86976048,99.97
"37360","superannuation",4,86976052,99.97
"37361","superiorly",4,86976056,99.97
"37362","supernature",4,86976060,99.97
"37363","supersensitive",4,86976064,99.97
"37364","supersensuous",4,86976068,99.97
"37365","supervenient",4,86976072,99.97
"37366","supperless",4,86976076,99.97
"37367","supplicant",4,86976080,99.97
"37368","surcease",4,86976084,99.97
"37369","suspensory",4,86976088,99.97
"37370","susu",4,86976092,99.97
"37371","swampland",4,86976096,99.97
"37372","sward",4,86976100,99.97
"37373","sweepstake",4,86976104,99.97
"37374","sweetshop",4,86976108,99.97
"37375","swiller",4,86976112,99.97
"37376","switcher",4,86976116,99.97
"37377","switchgear",4,86976120,99.97
"37378","symbolical",4,86976124,99.97
"37379","symbolist",4,86976128,99.97
"37380","symposia",4,86976132,99.97
"37381","symptomatically",4,86976136,99.97
"37382","synchronistically",4,86976140,99.97
"37383","syncytial",4,86976144,99.97
"37384","syndicalism",4,86976148,99.97
"37385","syzygium",4,86976152,99.97
"37386","tabid",4,86976156,99.97
"37387","tactility",4,86976160,99.97
"37388","tailpiece",4,86976164,99.97
"37389","talismanic",4,86976168,99.97
"37390","tamarin",4,86976172,99.97
"37391","tanga",4,86976176,99.97
"37392","tanglefoot",4,86976180,99.97
"37393","tangram",4,86976184,99.97
"37394","tangs",4,86976188,99.97
"37395","tannaim",4,86976192,99.97
"37396","tarin",4,86976196,99.97
"37397","tarnation",4,86976200,99.97
"37398","tarrying",4,86976204,99.97
"37399","tasset",4,86976208,99.97
"37400","tautly",4,86976212,99.97
"37401","tawdriness",4,86976216,99.97
"37402","teaberry",4,86976220,99.97
"37403","technic",4,86976224,99.97
"37404","telestial",4,86976228,99.97
"37405","tenseness",4,86976232,99.97
"37406","tentacled",4,86976236,99.97
"37407","tention",4,86976240,99.97
"37408","terracing",4,86976244,99.97
"37409","terzo",4,86976248,99.97
"37410","tetrad",4,86976252,99.97
"37411","tetraploid",4,86976256,99.97
"37412","thalamus",4,86976260,99.97
"37413","thatching",4,86976264,99.97
"37414","thatn",4,86976268,99.97
"37415","theb",4,86976272,99.97
"37416","thenceforth",4,86976276,99.97
"37417","theoretic",4,86976280,99.97
"37418","thermography",4,86976284,99.97
"37419","thiamine",4,86976288,99.97
"37420","thighbone",4,86976292,99.97
"37421","thornbush",4,86976296,99.97
"37422","thoughtlessness",4,86976300,99.97
"37423","thunderously",4,86976304,99.97
"37424","thurl",4,86976308,99.97
"37425","thurm",4,86976312,99.97
"37426","thwacking",4,86976316,99.97
"37427","thylacine",4,86976320,99.97
"37428","tibial",4,86976324,99.97
"37429","tiding",4,86976328,99.97
"37430","tigerwood",4,86976332,99.97
"37431","tilefish",4,86976336,99.97
"37432","timecard",4,86976340,99.97
"37433","timeous",4,86976344,99.97
"37434","tined",4,86976348,99.97
"37435","tode",4,86976352,99.97
"37436","toft",4,86976356,99.97
"37437","toilsome",4,86976360,99.97
"37438","tollgate",4,86976364,99.97
"37439","topological",4,86976368,99.97
"37440","toppy",4,86976372,99.97
"37441","torero",4,86976376,99.97
"37442","torsional",4,86976380,99.97
"37443","tortious",4,86976384,99.97
"37444","torturously",4,86976388,99.97
"37445","towhead",4,86976392,99.97
"37446","toyshop",4,86976396,99.97
"37447","traceability",4,86976400,99.97
"37448","tractable",4,86976404,99.97
"37449","tractate",4,86976408,99.97
"37450","tragedian",4,86976412,99.97
"37451","tragicomic",4,86976416,99.97
"37452","transducer",4,86976420,99.97
"37453","transfix",4,86976424,99.97
"37454","transindividual",4,86976428,99.97
"37455","translatable",4,86976432,99.97
"37456","transpacific",4,86976436,99.97
"37457","trapunto",4,86976440,99.97
"37458","trashiness",4,86976444,99.97
"37459","trebuchet",4,86976448,99.97
"37460","tressed",4,86976452,99.97
"37461","tricuspid",4,86976456,99.97
"37462","tricyclic",4,86976460,99.97
"37463","trigon",4,86976464,99.97
"37464","tritone",4,86976468,99.97
"37465","troller",4,86976472,99.97
"37466","troposphere",4,86976476,99.97
"37467","troublemaking",4,86976480,99.97
"37468","troublingly",4,86976484,99.97
"37469","trounce",4,86976488,99.97
"37470","trub",4,86976492,99.97
"37471","trumper",4,86976496,99.97
"37472","trun",4,86976500,99.97
"37473","truncheon",4,86976504,99.97
"37474","trussing",4,86976508,99.97
"37475","trustful",4,86976512,99.97
"37476","tsarevitch",4,86976516,99.97
"37477","tsubo",4,86976520,99.97
"37478","tufty",4,86976524,99.97
"37479","tugger",4,86976528,99.97
"37480","turfed",4,86976532,99.97
"37481","turkeyfoot",4,86976536,99.97
"37482","tussock",4,86976540,99.97
"37483","tweedledum",4,86976544,99.97
"37484","twigger",4,86976548,99.97
"37485","twilit",4,86976552,99.97
"37486","twitcher",4,86976556,99.97
"37487","twopence",4,86976560,99.97
"37488","tympanic",4,86976564,99.97
"37489","typewrite",4,86976568,99.97
"37490","tyt",4,86976572,99.97
"37491","ubiquitously",4,86976576,99.97
"37492","ullage",4,86976580,99.97
"37493","ulna",4,86976584,99.97
"37494","ultranationalist",4,86976588,99.97
"37495","umbra",4,86976592,99.97
"37496","unaccepted",4,86976596,99.97
"37497","unaccountability",4,86976600,99.97
"37498","unaligned",4,86976604,99.97
"37499","unanchored",4,86976608,99.97
"37500","unassembled",4,86976612,99.97
"37501","unassigned",4,86976616,99.97
"37502","unblinkingly",4,86976620,99.97
"37503","unbothered",4,86976624,99.97
"37504","unbox",4,86976628,99.97
"37505","uncalculated",4,86976632,99.97
"37506","uncategorized",4,86976636,99.97
"37507","uncharitably",4,86976640,99.97
"37508","uncirculated",4,86976644,99.97
"37509","unclouded",4,86976648,99.97
"37510","unclutch",4,86976652,99.97
"37511","unclutter",4,86976656,99.97
"37512","unconfidence",4,86976660,99.97
"37513","unconservative",4,86976664,99.97
"37514","unconventionally",4,86976668,99.97
"37515","uncreate",4,86976672,99.97
"37516","uncrossed",4,86976676,99.97
"37517","uncustomary",4,86976680,99.97
"37518","undefeatable",4,86976684,99.97
"37519","undependable",4,86976688,99.97
"37520","underfloor",4,86976692,99.97
"37521","underlet",4,86976696,99.97
"37522","undertrained",4,86976700,99.97
"37523","undirected",4,86976704,99.97
"37524","undiscerning",4,86976708,99.97
"37525","undismayed",4,86976712,99.97
"37526","undisputable",4,86976716,99.97
"37527","undistilled",4,86976720,99.97
"37528","undistorted",4,86976724,99.97
"37529","undistracted",4,86976728,99.97
"37530","undreamed",4,86976732,99.97
"37531","undulation",4,86976736,99.97
"37532","unedifying",4,86976740,99.97
"37533","unenforced",4,86976744,99.97
"37534","unerringly",4,86976748,99.97
"37535","unexperienced",4,86976752,99.97
"37536","unfaithfully",4,86976756,99.97
"37537","unfitness",4,86976760,99.97
"37538","unfroze",4,86976764,99.97
"37539","ungoverned",4,86976768,99.97
"37540","ungraspable",4,86976772,99.97
"37541","unhandled",4,86976776,99.97
"37542","unicameral",4,86976780,99.97
"37543","uninflected",4,86976784,99.97
"37544","unintimidated",4,86976788,99.97
"37545","unkillable",4,86976792,99.97
"37546","unknowability",4,86976796,99.97
"37547","unknowledgeable",4,86976800,99.97
"37548","unlaced",4,86976804,99.97
"37549","unlinked",4,86976808,99.97
"37550","unlooked",4,86976812,99.97
"37551","unmagical",4,86976816,99.97
"37552","unmake",4,86976820,99.97
"37553","unmeasurable",4,86976824,99.97
"37554","unneighborly",4,86976828,99.97
"37555","unparallel",4,86976832,99.97
"37556","unpatentable",4,86976836,99.97
"37557","unpledged",4,86976840,99.97
"37558","unposted",4,86976844,99.97
"37559","unpretentiously",4,86976848,99.97
"37560","unpriced",4,86976852,99.97
"37561","unprinted",4,86976856,99.97
"37562","unquantified",4,86976860,99.97
"37563","unreasonableness",4,86976864,99.97
"37564","unreasoned",4,86976868,99.97
"37565","unreceptive",4,86976872,99.97
"37566","unregular",4,86976876,99.97
"37567","unrenewed",4,86976880,99.97
"37568","unrepentantly",4,86976884,99.97
"37569","unretouched",4,86976888,99.97
"37570","unrewarding",4,86976892,99.97
"37571","unripened",4,86976896,99.97
"37572","unscrambling",4,86976900,99.97
"37573","unscrupulously",4,86976904,99.97
"37574","unshed",4,86976908,99.97
"37575","unsheltered",4,86976912,99.97
"37576","unshorn",4,86976916,99.97
"37577","unshowy",4,86976920,99.97
"37578","unsilent",4,86976924,99.97
"37579","unsporting",4,86976928,99.97
"37580","unspun",4,86976932,99.97
"37581","unstopped",4,86976936,99.97
"37582","unstuffed",4,86976940,99.97
"37583","unsurpassable",4,86976944,99.97
"37584","unsuspended",4,86976948,99.97
"37585","untaught",4,86976952,99.97
"37586","unthank",4,86976956,99.97
"37587","unthought",4,86976960,99.97
"37588","unthreatened",4,86976964,99.97
"37589","unthreatening",4,86976968,99.97
"37590","untiring",4,86976972,99.97
"37591","untoasted",4,86976976,99.97
"37592","untruthfully",4,86976980,99.97
"37593","untruthfulness",4,86976984,99.97
"37594","unutterable",4,86976988,99.97
"37595","unvarying",4,86976992,99.97
"37596","unvested",4,86976996,99.97
"37597","unwaveringly",4,86977000,99.97
"37598","unwearable",4,86977004,99.97
"37599","unwellness",4,86977008,99.97
"37600","upbraiding",4,86977012,99.97
"37601","urbanist",4,86977016,99.97
"37602","uremic",4,86977020,99.97
"37603","uvic",4,86977024,99.97
"37604","valediction",4,86977028,99.97
"37605","vamoose",4,86977032,99.97
"37606","vanille",4,86977036,99.97
"37607","vanner",4,86977040,99.97
"37608","vapidity",4,86977044,99.97
"37609","vaporization",4,86977048,99.97
"37610","vardy",4,86977052,99.97
"37611","vari",4,86977056,99.97
"37612","vegetate",4,86977060,99.97
"37613","veldman",4,86977064,99.97
"37614","venial",4,86977068,99.97
"37615","verdelho",4,86977072,99.97
"37616","verdun",4,86977076,99.97
"37617","veri",4,86977080,99.97
"37618","vernier",4,86977084,99.97
"37619","vertebral",4,86977088,99.97
"37620","vestment",4,86977092,99.97
"37621","viand",4,86977096,99.97
"37622","vielle",4,86977100,99.97
"37623","vierling",4,86977104,99.97
"37624","violoncello",4,86977108,99.97
"37625","visita",4,86977112,99.97
"37626","visto",4,86977116,99.97
"37627","visuality",4,86977120,99.97
"37628","vitiate",4,86977124,99.97
"37629","voluntarism",4,86977128,99.97
"37630","voluntaryism",4,86977132,99.97
"37631","waar",4,86977136,99.97
"37632","wader",4,86977140,99.97
"37633","waffly",4,86977144,99.97
"37634","wainscot",4,86977148,99.97
"37635","watchmaking",4,86977152,99.97
"37636","wavey",4,86977156,99.97
"37637","waxen",4,86977160,99.97
"37638","waxwing",4,86977164,99.97
"37639","weaponless",4,86977168,99.97
"37640","wearability",4,86977172,99.97
"37641","weedless",4,86977176,99.97
"37642","welted",4,86977180,99.97
"37643","wende",4,86977184,99.97
"37644","wheaten",4,86977188,99.97
"37645","whippy",4,86977192,99.97
"37646","whisp",4,86977196,99.97
"37647","wholesomely",4,86977200,99.97
"37648","wickiup",4,86977204,99.97
"37649","wigging",4,86977208,99.97
"37650","wineskin",4,86977212,99.97
"37651","wingy",4,86977216,99.97
"37652","wintle",4,86977220,99.97
"37653","wisse",4,86977224,99.97
"37654","woad",4,86977228,99.97
"37655","womanish",4,86977232,99.97
"37656","womble",4,86977236,99.97
"37657","wondrousness",4,86977240,99.97
"37658","wonted",4,86977244,99.97
"37659","woodenly",4,86977248,99.97
"37660","wops",4,86977252,99.97
"37661","writable",4,86977256,99.97
"37662","wup",4,86977260,99.97
"37663","xeric",4,86977264,99.97
"37664","yardarm",4,86977268,99.97
"37665","yez",4,86977272,99.97
"37666","yond",4,86977276,99.97
"37667","youngling",4,86977280,99.97
"37668","yowl",4,86977284,99.97
"37669","yowler",4,86977288,99.97
"37670","zambo",4,86977292,99.97
"37671","zant",4,86977296,99.97
"37672","zante",4,86977300,99.97
"37673","zombi",4,86977304,99.97
"37674","zonal",4,86977308,99.97
"37675","zoophilia",4,86977312,99.97
"37676","zoozoo",4,86977316,99.97
"37677","abaft",3,86977319,99.97
"37678","abandoner",3,86977322,99.97
"37679","abas",3,86977325,99.97
"37680","abecedarian",3,86977328,99.97
"37681","aberrate",3,86977331,99.97
"37682","aberrational",3,86977334,99.97
"37683","ablative",3,86977337,99.97
"37684","ablest",3,86977340,99.97
"37685","ablution",3,86977343,99.97
"37686","abreact",3,86977346,99.97
"37687","abruption",3,86977349,99.97
"37688","abstractionism",3,86977352,99.97
"37689","academician",3,86977355,99.97
"37690","acceptation",3,86977358,99.97
"37691","accessibly",3,86977361,99.97
"37692","accomplishable",3,86977364,99.97
"37693","accordant",3,86977367,99.97
"37694","achor",3,86977370,99.97
"37695","acoma",3,86977373,99.97
"37696","acrobatically",3,86977376,99.97
"37697","adad",3,86977379,99.97
"37698","addax",3,86977382,99.97
"37699","addlepated",3,86977385,99.97
"37700","adenoid",3,86977388,99.97
"37701","adjudge",3,86977391,99.97
"37702","adorability",3,86977394,99.97
"37703","adorer",3,86977397,99.97
"37704","adrenalize",3,86977400,99.97
"37705","adumbrate",3,86977403,99.97
"37706","adumbration",3,86977406,99.97
"37707","adventurously",3,86977409,99.97
"37708","adventurousness",3,86977412,99.97
"37709","adverbial",3,86977415,99.97
"37710","adz",3,86977418,99.97
"37711","aerator",3,86977421,99.97
"37712","afeared",3,86977424,99.97
"37713","affectingly",3,86977427,99.97
"37714","affectively",3,86977430,99.97
"37715","aforethought",3,86977433,99.97
"37716","aguacate",3,86977436,99.97
"37717","ague",3,86977439,99.97
"37718","aircrew",3,86977442,99.97
"37719","airiness",3,86977445,99.97
"37720","airsickness",3,86977448,99.97
"37721","airworthy",3,86977451,99.97
"37722","aitch",3,86977454,99.97
"37723","akala",3,86977457,99.97
"37724","alacha",3,86977460,99.97
"37725","alantic",3,86977463,99.97
"37726","alchemic",3,86977466,99.97
"37727","aleatory",3,86977469,99.97
"37728","alkaloid",3,86977472,99.97
"37729","alliterate",3,86977475,99.97
"37730","alluringly",3,86977478,99.97
"37731","alternatingly",3,86977481,99.97
"37732","altin",3,86977484,99.97
"37733","altitudinal",3,86977487,99.97
"37734","altruist",3,86977490,99.97
"37735","alvar",3,86977493,99.97
"37736","amala",3,86977496,99.97
"37737","amnestic",3,86977499,99.97
"37738","amorality",3,86977502,99.97
"37739","amorously",3,86977505,99.97
"37740","amyloidosis",3,86977508,99.97
"37741","anachronistically",3,86977511,99.97
"37742","analgesia",3,86977514,99.97
"37743","analogously",3,86977517,99.97
"37744","anaphoric",3,86977520,99.97
"37745","anatomist",3,86977523,99.97
"37746","anes",3,86977526,99.97
"37747","angelfish",3,86977529,99.97
"37748","anhydrous",3,86977532,99.97
"37749","anisette",3,86977535,99.97
"37750","answerer",3,86977538,99.97
"37751","anthocyanin",3,86977541,99.97
"37752","anthropoid",3,86977544,99.97
"37753","anthropophagy",3,86977547,99.97
"37754","anticlockwise",3,86977550,99.97
"37755","antidemocratic",3,86977553,99.97
"37756","antislavery",3,86977556,99.97
"37757","antismoking",3,86977559,99.97
"37758","antitheses",3,86977562,99.97
"37759","antiunion",3,86977565,99.97
"37760","apathetically",3,86977568,99.97
"37761","apio",3,86977571,99.97
"37762","apocalyptically",3,86977574,99.97
"37763","apocryphally",3,86977577,99.97
"37764","appetitive",3,86977580,99.97
"37765","apprise",3,86977583,99.97
"37766","approver",3,86977586,99.97
"37767","archae",3,86977589,99.97
"37768","archaeologically",3,86977592,99.97
"37769","arche",3,86977595,99.97
"37770","archipelagic",3,86977598,99.97
"37771","aril",3,86977601,99.97
"37772","armiger",3,86977604,99.97
"37773","armscye",3,86977607,99.97
"37774","arpeggiated",3,86977610,99.97
"37775","arrack",3,86977613,99.97
"37776","arrestingly",3,86977616,99.97
"37777","arrhythmic",3,86977619,99.97
"37778","arrogate",3,86977622,99.97
"37779","arsenide",3,86977625,99.97
"37780","arteritis",3,86977628,99.97
"37781","arthropod",3,86977631,99.97
"37782","articulable",3,86977634,99.97
"37783","artificer",3,86977637,99.97
"37784","artilleryman",3,86977640,99.97
"37785","artisanship",3,86977643,99.97
"37786","asafetida",3,86977646,99.97
"37787","asbestosis",3,86977649,99.97
"37788","ashamedly",3,86977652,99.97
"37789","ashlar",3,86977655,99.97
"37790","aspirate",3,86977658,99.97
"37791","asse",3,86977661,99.97
"37792","assenting",3,86977664,99.97
"37793","asseveration",3,86977667,99.97
"37794","assignable",3,86977670,99.97
"37795","assimilationist",3,86977673,99.97
"37796","assize",3,86977676,99.97
"37797","assumedly",3,86977679,99.97
"37798","astilbe",3,86977682,99.97
"37799","astir",3,86977685,99.97
"37800","astrakhan",3,86977688,99.97
"37801","astringently",3,86977691,99.97
"37802","astroid",3,86977694,99.97
"37803","astronomic",3,86977697,99.97
"37804","atlatl",3,86977700,99.97
"37805","atmospherically",3,86977703,99.97
"37806","atomically",3,86977706,99.97
"37807","atomization",3,86977709,99.97
"37808","atropine",3,86977712,99.97
"37809","attainder",3,86977715,99.97
"37810","attender",3,86977718,99.97
"37811","attenuator",3,86977721,99.97
"37812","attractant",3,86977724,99.97
"37813","augmentative",3,86977727,99.97
"37814","aune",3,86977730,99.97
"37815","autobiographically",3,86977733,99.97
"37816","autoimmunity",3,86977736,99.97
"37817","autologous",3,86977739,99.97
"37818","automat",3,86977742,99.97
"37819","avera",3,86977745,99.97
"37820","avocate",3,86977748,99.97
"37821","avoider",3,86977751,99.97
"37822","awapuhi",3,86977754,99.97
"37823","awing",3,86977757,99.97
"37824","axillary",3,86977760,99.97
"37825","axon",3,86977763,99.97
"37826","ayin",3,86977766,99.97
"37827","backdown",3,86977769,99.97
"37828","badgeless",3,86977772,99.97
"37829","badinage",3,86977775,99.97
"37830","baga",3,86977778,99.97
"37831","bahay",3,86977781,99.97
"37832","bailor",3,86977784,99.97
"37833","bakal",3,86977787,99.97
"37834","baleen",3,86977790,99.97
"37835","balloonist",3,86977793,99.97
"37836","banca",3,86977796,99.97
"37837","bandhu",3,86977799,99.97
"37838","bankside",3,86977802,99.97
"37839","banty",3,86977805,99.97
"37840","barabara",3,86977808,99.97
"37841","barbone",3,86977811,99.97
"37842","barbudo",3,86977814,99.97
"37843","baris",3,86977817,99.97
"37844","baronetcy",3,86977820,99.97
"37845","baronial",3,86977823,99.97
"37846","bashfulness",3,86977826,99.97
"37847","basketmaker",3,86977829,99.97
"37848","bateaux",3,86977832,99.97
"37849","batta",3,86977835,99.97
"37850","battel",3,86977838,99.97
"37851","bawdyhouse",3,86977841,99.97
"37852","beamy",3,86977844,99.97
"37853","bedframe",3,86977847,99.97
"37854","bedsore",3,86977850,99.97
"37855","beechnut",3,86977853,99.97
"37856","beest",3,86977856,99.97
"37857","befoul",3,86977859,99.97
"37858","bego",3,86977862,99.97
"37859","beguine",3,86977865,99.97
"37860","beira",3,86977868,99.97
"37861","beknown",3,86977871,99.97
"37862","beleaguer",3,86977874,99.97
"37863","bellyful",3,86977877,99.97
"37864","bemuse",3,86977880,99.97
"37865","benchwork",3,86977883,99.97
"37866","benevolently",3,86977886,99.97
"37867","benj",3,86977889,99.97
"37868","besieging",3,86977892,99.97
"37869","bestink",3,86977895,99.97
"37870","bestowal",3,86977898,99.97
"37871","bestrode",3,86977901,99.97
"37872","betaine",3,86977904,99.97
"37873","betterer",3,86977907,99.97
"37874","bewitchingly",3,86977910,99.97
"37875","bewray",3,86977913,99.97
"37876","biaxial",3,86977916,99.97
"37877","bibliomancy",3,86977919,99.97
"37878","bibliotheca",3,86977922,99.97
"37879","bighearted",3,86977925,99.97
"37880","biliary",3,86977928,99.97
"37881","bilirubin",3,86977931,99.97
"37882","billa",3,86977934,99.97
"37883","biltong",3,86977937,99.97
"37884","biographic",3,86977940,99.97
"37885","biometry",3,86977943,99.97
"37886","bipod",3,86977946,99.97
"37887","bipolarity",3,86977949,99.97
"37888","birchbark",3,86977952,99.97
"37889","birdstone",3,86977955,99.97
"37890","biretta",3,86977958,99.97
"37891","biti",3,86977961,99.97
"37892","blacktail",3,86977964,99.97
"37893","blacky",3,86977967,99.97
"37894","blad",3,86977970,99.97
"37895","blancmange",3,86977973,99.97
"37896","blenny",3,86977976,99.97
"37897","blepharospasm",3,86977979,99.97
"37898","blondeness",3,86977982,99.97
"37899","bloodthirst",3,86977985,99.97
"37900","blotched",3,86977988,99.97
"37901","blowfly",3,86977991,99.97
"37902","blowgun",3,86977994,99.97
"37903","blowoff",3,86977997,99.97
"37904","blowy",3,86978000,99.97
"37905","bojo",3,86978003,99.97
"37906","bolus",3,86978006,99.97
"37907","bondswoman",3,86978009,99.97
"37908","bookable",3,86978012,99.97
"37909","borosilicate",3,86978015,99.97
"37910","borracha",3,86978018,99.97
"37911","boud",3,86978021,99.97
"37912","boughten",3,86978024,99.97
"37913","bowfin",3,86978027,99.97
"37914","boxman",3,86978030,99.97
"37915","boyar",3,86978033,99.97
"37916","brainpan",3,86978036,99.97
"37917","braveness",3,86978039,99.97
"37918","breve",3,86978042,99.97
"37919","brevet",3,86978045,99.97
"37920","brewis",3,86978048,99.97
"37921","briber",3,86978051,99.97
"37922","bricklaying",3,86978054,99.97
"37923","brightener",3,86978057,99.97
"37924","briolette",3,86978060,99.97
"37925","broking",3,86978063,99.97
"37926","bromelin",3,86978066,99.97
"37927","bronchoscopy",3,86978069,99.97
"37928","broodingly",3,86978072,99.97
"37929","browny",3,86978075,99.97
"37930","brucellosis",3,86978078,99.97
"37931","brushless",3,86978081,99.97
"37932","buba",3,86978084,99.97
"37933","bubo",3,86978087,99.97
"37934","buhr",3,86978090,99.97
"37935","buisson",3,86978093,99.97
"37936","bulker",3,86978096,99.97
"37937","bullit",3,86978099,99.97
"37938","bulrush",3,86978102,99.97
"37939","bumbler",3,86978105,99.97
"37940","bunchy",3,86978108,99.97
"37941","burgoo",3,86978111,99.97
"37942","burian",3,86978114,99.97
"37943","burnable",3,86978117,99.97
"37944","burse",3,86978120,99.97
"37945","bushed",3,86978123,99.97
"37946","bushwhacker",3,86978126,99.97
"37947","busine",3,86978129,99.97
"37948","busser",3,86978132,99.97
"37949","butterhead",3,86978135,99.97
"37950","buttonwood",3,86978138,99.97
"37951","caam",3,86978141,99.97
"37952","caban",3,86978144,99.97
"37953","cabriole",3,86978147,99.97
"37954","cadaverous",3,86978150,99.97
"37955","cadi",3,86978153,99.97
"37956","caesura",3,86978156,99.97
"37957","caiman",3,86978159,99.97
"37958","calculatedly",3,86978162,99.97
"37959","calendrical",3,86978165,99.97
"37960","calix",3,86978168,99.97
"37961","calyx",3,86978171,99.97
"37962","camerlingo",3,86978174,99.97
"37963","candelilla",3,86978177,99.97
"37964","candytuft",3,86978180,99.97
"37965","canella",3,86978183,99.97
"37966","canoeist",3,86978186,99.97
"37967","canonize",3,86978189,99.97
"37968","canthus",3,86978192,99.97
"37969","cantrip",3,86978195,99.97
"37970","capacitance",3,86978198,99.97
"37971","capitate",3,86978201,99.97
"37972","capitation",3,86978204,99.97
"37973","capulet",3,86978207,99.97
"37974","caracal",3,86978210,99.97
"37975","caracol",3,86978213,99.97
"37976","carbuncle",3,86978216,99.97
"37977","cardia",3,86978219,99.97
"37978","careworn",3,86978222,99.97
"37979","carful",3,86978225,99.97
"37980","cark",3,86978228,99.97
"37981","carolin",3,86978231,99.97
"37982","carone",3,86978234,99.97
"37983","carrottop",3,86978237,99.97
"37984","cartage",3,86978240,99.97
"37985","cartomancy",3,86978243,99.97
"37986","casaba",3,86978246,99.97
"37987","castanet",3,86978249,99.97
"37988","castoreum",3,86978252,99.97
"37989","catalase",3,86978255,99.97
"37990","catchiness",3,86978258,99.97
"37991","catchweight",3,86978261,99.97
"37992","catchword",3,86978264,99.97
"37993","catechetical",3,86978267,99.97
"37994","catgut",3,86978270,99.97
"37995","cathedra",3,86978273,99.97
"37996","catholicity",3,86978276,99.97
"37997","catling",3,86978279,99.97
"37998","catmint",3,86978282,99.97
"37999","cattery",3,86978285,99.97
"38000","catting",3,86978288,99.97
"38001","cattleya",3,86978291,99.97
"38002","cavil",3,86978294,99.97
"38003","cavy",3,86978297,99.97
"38004","cecils",3,86978300,99.97
"38005","ceder",3,86978303,99.97
"38006","ceil",3,86978306,99.97
"38007","celandine",3,86978309,99.97
"38008","cellarman",3,86978312,99.97
"38009","cenobite",3,86978315,99.97
"38010","centavo",3,86978318,99.97
"38011","ceramist",3,86978321,99.97
"38012","cerebella",3,86978324,99.97
"38013","cerebellar",3,86978327,99.97
"38014","cerris",3,86978330,99.97
"38015","chaa",3,86978333,99.97
"38016","chalcedony",3,86978336,99.97
"38017","chalker",3,86978339,99.97
"38018","chalumeau",3,86978342,99.97
"38019","chancer",3,86978345,99.97
"38020","chandi",3,86978348,99.97
"38021","chanter",3,86978351,99.97
"38022","chaparro",3,86978354,99.97
"38023","chappie",3,86978357,99.97
"38024","chappin",3,86978360,99.97
"38025","chapping",3,86978363,99.97
"38026","chapt",3,86978366,99.97
"38027","characterless",3,86978369,99.97
"38028","charlatanry",3,86978372,99.97
"38029","charry",3,86978375,99.97
"38030","charterhouse",3,86978378,99.97
"38031","chasten",3,86978381,99.97
"38032","chattery",3,86978384,99.97
"38033","cheapish",3,86978387,99.97
"38034","checkable",3,86978390,99.97
"38035","chessmen",3,86978393,99.97
"38036","chetty",3,86978396,99.97
"38037","childe",3,86978399,99.97
"38038","chiliastic",3,86978402,99.97
"38039","chitter",3,86978405,99.97
"38040","chivalric",3,86978408,99.97
"38041","chlorate",3,86978411,99.97
"38042","chlorite",3,86978414,99.97
"38043","chlorogenic",3,86978417,99.97
"38044","chokeberry",3,86978420,99.97
"38045","choli",3,86978423,99.97
"38046","chordal",3,86978426,99.97
"38047","chott",3,86978429,99.97
"38048","chunga",3,86978432,99.97
"38049","churlishness",3,86978435,99.97
"38050","cilia",3,86978438,99.97
"38051","cinquefoil",3,86978441,99.97
"38052","cion",3,86978444,99.97
"38053","circuital",3,86978447,99.97
"38054","cirrhotic",3,86978450,99.97
"38055","cist",3,86978453,99.97
"38056","cisterna",3,86978456,99.97
"38057","claimer",3,86978459,99.97
"38058","clairsentience",3,86978462,99.97
"38059","clairsentient",3,86978465,99.97
"38060","clangor",3,86978468,99.97
"38061","classifiable",3,86978471,99.97
"38062","clew",3,86978474,99.97
"38063","climatically",3,86978477,99.97
"38064","climatological",3,86978480,99.97
"38065","clitoridectomy",3,86978483,99.97
"38066","clootie",3,86978486,99.97
"38067","closemouthed",3,86978489,99.97
"38068","cloudland",3,86978492,99.97
"38069","clunch",3,86978495,99.97
"38070","coagulant",3,86978498,99.97
"38071","cobby",3,86978501,99.97
"38072","cobourg",3,86978504,99.97
"38073","cocco",3,86978507,99.97
"38074","coccyx",3,86978510,99.97
"38075","cockade",3,86978513,99.97
"38076","cockloft",3,86978516,99.97
"38077","coconspirator",3,86978519,99.97
"38078","codling",3,86978522,99.97
"38079","coff",3,86978525,99.97
"38080","coffeetime",3,86978528,99.97
"38081","cogger",3,86978531,99.97
"38082","collaterally",3,86978534,99.97
"38083","collectibility",3,86978537,99.97
"38084","collet",3,86978540,99.97
"38085","collop",3,86978543,99.97
"38086","colonoscope",3,86978546,99.97
"38087","colophon",3,86978549,99.97
"38088","colorfast",3,86978552,99.97
"38089","colostrum",3,86978555,99.97
"38090","combatively",3,86978558,99.97
"38091","combinatorial",3,86978561,99.97
"38092","cometary",3,86978564,99.97
"38093","comfortingly",3,86978567,99.97
"38094","comfortless",3,86978570,99.97
"38095","comitatus",3,86978573,99.97
"38096","commandingly",3,86978576,99.97
"38097","commissar",3,86978579,99.97
"38098","comparability",3,86978582,99.97
"38099","complaisant",3,86978585,99.97
"38100","complected",3,86978588,99.97
"38101","completer",3,86978591,99.97
"38102","compo",3,86978594,99.97
"38103","comprehensibility",3,86978597,99.97
"38104","compressible",3,86978600,99.97
"38105","compressive",3,86978603,99.97
"38106","compter",3,86978606,99.97
"38107","conatus",3,86978609,99.97
"38108","conceitedness",3,86978612,99.97
"38109","conceiver",3,86978615,99.97
"38110","conceptualist",3,86978618,99.97
"38111","conche",3,86978621,99.97
"38112","conciliar",3,86978624,99.97
"38113","conciliator",3,86978627,99.97
"38114","concomitantly",3,86978630,99.97
"38115","concuss",3,86978633,99.97
"38116","conditionality",3,86978636,99.97
"38117","confiscatory",3,86978639,99.97
"38118","confusedly",3,86978642,99.97
"38119","conics",3,86978645,99.97
"38120","conjuror",3,86978648,99.97
"38121","conkers",3,86978651,99.97
"38122","connoisseurship",3,86978654,99.97
"38123","consanguinity",3,86978657,99.97
"38124","considerately",3,86978660,99.97
"38125","consoler",3,86978663,99.97
"38126","conspecific",3,86978666,99.97
"38127","constitutionalize",3,86978669,99.97
"38128","containable",3,86978672,99.97
"38129","contemplatively",3,86978675,99.97
"38130","contently",3,86978678,99.97
"38131","controversialist",3,86978681,99.97
"38132","conversative",3,86978684,99.97
"38133","convolution",3,86978687,99.97
"38134","cooee",3,86978690,99.97
"38135","coppicing",3,86978693,99.97
"38136","copulatory",3,86978696,99.97
"38137","copyist",3,86978699,99.97
"38138","coquettishness",3,86978702,99.97
"38139","corbeil",3,86978705,99.97
"38140","corella",3,86978708,99.97
"38141","cornu",3,86978711,99.97
"38142","coronate",3,86978714,99.97
"38143","correlational",3,86978717,99.97
"38144","corruptive",3,86978720,99.97
"38145","corruptor",3,86978723,99.97
"38146","cosigner",3,86978726,99.97
"38147","cosmogonic",3,86978729,99.97
"38148","cosmosphere",3,86978732,99.97
"38149","costochondral",3,86978735,99.97
"38150","cotte",3,86978738,99.97
"38151","coumarin",3,86978741,99.97
"38152","counterflow",3,86978744,99.97
"38153","counterpane",3,86978747,99.97
"38154","counterpointed",3,86978750,99.97
"38155","counterstrike",3,86978753,99.97
"38156","cowlick",3,86978756,99.97
"38157","cowman",3,86978759,99.97
"38158","cowpox",3,86978762,99.97
"38159","crannog",3,86978765,99.97
"38160","crappin",3,86978768,99.97
"38161","creagh",3,86978771,99.97
"38162","creditably",3,86978774,99.97
"38163","crig",3,86978777,99.97
"38164","criminological",3,86978780,99.97
"38165","crippler",3,86978783,99.97
"38166","criticality",3,86978786,99.97
"38167","crofter",3,86978789,99.97
"38168","crossly",3,86978792,99.97
"38169","crossways",3,86978795,99.97
"38170","crotched",3,86978798,99.97
"38171","croucher",3,86978801,99.97
"38172","croupy",3,86978804,99.97
"38173","crusie",3,86978807,99.97
"38174","crustiness",3,86978810,99.97
"38175","cryptographer",3,86978813,99.97
"38176","cuadra",3,86978816,99.97
"38177","cuckold",3,86978819,99.97
"38178","cuddlesome",3,86978822,99.97
"38179","cuirass",3,86978825,99.97
"38180","culler",3,86978828,99.97
"38181","culotte",3,86978831,99.97
"38182","cultic",3,86978834,99.97
"38183","cusser",3,86978837,99.97
"38184","cuttler",3,86978840,99.97
"38185","cycad",3,86978843,99.97
"38186","cycler",3,86978846,99.97
"38187","cyclonic",3,86978849,99.97
"38188","cyclopes",3,86978852,99.97
"38189","cygnet",3,86978855,99.97
"38190","cytosine",3,86978858,99.97
"38191","czardas",3,86978861,99.97
"38192","czarevitch",3,86978864,99.97
"38193","czarina",3,86978867,99.97
"38194","dagoba",3,86978870,99.97
"38195","damagingly",3,86978873,99.97
"38196","daman",3,86978876,99.97
"38197","damascene",3,86978879,99.97
"38198","damie",3,86978882,99.97
"38199","damson",3,86978885,99.97
"38200","dand",3,86978888,99.97
"38201","darklings",3,86978891,99.97
"38202","darst",3,86978894,99.97
"38203","darter",3,86978897,99.97
"38204","dastard",3,86978900,99.97
"38205","dauw",3,86978903,99.97
"38206","dayman",3,86978906,99.97
"38207","deadeye",3,86978909,99.97
"38208","deathblow",3,86978912,99.97
"38209","debar",3,86978915,99.97
"38210","debarment",3,86978918,99.97
"38211","debauch",3,86978921,99.97
"38212","debilitate",3,86978924,99.97
"38213","debility",3,86978927,99.97
"38214","decadal",3,86978930,99.97
"38215","decisional",3,86978933,99.97
"38216","declivity",3,86978936,99.97
"38217","decolletage",3,86978939,99.97
"38218","decreasingly",3,86978942,99.97
"38219","dedo",3,86978945,99.97
"38220","deedy",3,86978948,99.97
"38221","defeasible",3,86978951,99.97
"38222","defendable",3,86978954,99.97
"38223","defensor",3,86978957,99.97
"38224","defoliate",3,86978960,99.97
"38225","defrock",3,86978963,99.97
"38226","defroster",3,86978966,99.97
"38227","degrease",3,86978969,99.97
"38228","degreaser",3,86978972,99.97
"38229","dehumidify",3,86978975,99.97
"38230","deictic",3,86978978,99.97
"38231","delaine",3,86978981,99.97
"38232","delusive",3,86978984,99.97
"38233","dementedly",3,86978987,99.97
"38234","demoiselle",3,86978990,99.97
"38235","demonology",3,86978993,99.97
"38236","denominationalism",3,86978996,99.97
"38237","denseness",3,86978999,99.97
"38238","deontological",3,86979002,99.97
"38239","depersonalize",3,86979005,99.97
"38240","depilation",3,86979008,99.97
"38241","deponent",3,86979011,99.97
"38242","deprecatory",3,86979014,99.97
"38243","depute",3,86979017,99.97
"38244","derailer",3,86979020,99.97
"38245","derange",3,86979023,99.97
"38246","deregister",3,86979026,99.97
"38247","derma",3,86979029,99.97
"38248","desiderata",3,86979032,99.97
"38249","desmon",3,86979035,99.97
"38250","desolately",3,86979038,99.97
"38251","dess",3,86979041,99.97
"38252","determinable",3,86979044,99.97
"38253","detrimentally",3,86979047,99.97
"38254","devilry",3,86979050,99.97
"38255","dhobi",3,86979053,99.97
"38256","dhow",3,86979056,99.97
"38257","diacetyl",3,86979059,99.97
"38258","diagnosable",3,86979062,99.97
"38259","diagnostician",3,86979065,99.97
"38260","dialectics",3,86979068,99.97
"38261","dialogic",3,86979071,99.97
"38262","diaster",3,86979074,99.97
"38263","dibromide",3,86979077,99.97
"38264","dichotomization",3,86979080,99.97
"38265","diggings",3,86979083,99.97
"38266","dimply",3,86979086,99.97
"38267","dingdong",3,86979089,99.97
"38268","dinge",3,86979092,99.97
"38269","dipsomaniac",3,86979095,99.97
"38270","direly",3,86979098,99.97
"38271","dirndl",3,86979101,99.97
"38272","disablement",3,86979104,99.97
"38273","disallowance",3,86979107,99.97
"38274","disapprobation",3,86979110,99.97
"38275","disbar",3,86979113,99.97
"38276","discardable",3,86979116,99.97
"38277","dischargeable",3,86979119,99.97
"38278","discomfiture",3,86979122,99.97
"38279","disconnectedness",3,86979125,99.97
"38280","disconsolation",3,86979128,99.97
"38281","discreteness",3,86979131,99.97
"38282","disembowel",3,86979134,99.97
"38283","disembowelment",3,86979137,99.97
"38284","disgustingness",3,86979140,99.97
"38285","dishabille",3,86979143,99.97
"38286","disinclination",3,86979146,99.97
"38287","disingenuousness",3,86979149,99.97
"38288","disintegrative",3,86979152,99.97
"38289","disintegrator",3,86979155,99.97
"38290","disposability",3,86979158,99.97
"38291","dispossess",3,86979161,99.97
"38292","disquietude",3,86979164,99.97
"38293","dissemble",3,86979167,99.97
"38294","distinctness",3,86979170,99.97
"38295","divinatory",3,86979173,99.97
"38296","diviner",3,86979176,99.97
"38297","divisor",3,86979179,99.97
"38298","divot",3,86979182,99.97
"38299","dobbing",3,86979185,99.97
"38300","doctrinally",3,86979188,99.97
"38301","dogie",3,86979191,99.97
"38302","dogless",3,86979194,99.97
"38303","dogmatist",3,86979197,99.97
"38304","dola",3,86979200,99.97
"38305","doli",3,86979203,99.97
"38306","dollish",3,86979206,99.97
"38307","dollmaking",3,86979209,99.97
"38308","dolor",3,86979212,99.97
"38309","doltish",3,86979215,99.97
"38310","dominionism",3,86979218,99.97
"38311","donator",3,86979221,99.97
"38312","donga",3,86979224,99.97
"38313","doob",3,86979227,99.97
"38314","doodad",3,86979230,99.97
"38315","doorjamb",3,86979233,99.97
"38316","doorkeeper",3,86979236,99.97
"38317","doorless",3,86979239,99.97
"38318","doorpost",3,86979242,99.97
"38319","doree",3,86979245,99.97
"38320","dormition",3,86979248,99.97
"38321","dout",3,86979251,99.97
"38322","dovish",3,86979254,99.97
"38323","downstroke",3,86979257,99.97
"38324","dowser",3,86979260,99.97
"38325","doxy",3,86979263,99.97
"38326","draftsmanship",3,86979266,99.97
"38327","dragline",3,86979269,99.97
"38328","draughtsman",3,86979272,99.97
"38329","dredger",3,86979275,99.97
"38330","dripper",3,86979278,99.97
"38331","dropsical",3,86979281,99.97
"38332","druggist",3,86979284,99.97
"38333","drupe",3,86979287,99.97
"38334","dubba",3,86979290,99.97
"38335","ductility",3,86979293,99.97
"38336","duddies",3,86979296,99.97
"38337","dumdum",3,86979299,99.97
"38338","dunderheaded",3,86979302,99.97
"38339","dunner",3,86979305,99.97
"38340","duodenum",3,86979308,99.97
"38341","durance",3,86979311,99.97
"38342","dustiness",3,86979314,99.97
"38343","dustproof",3,86979317,99.97
"38344","duteous",3,86979320,99.97
"38345","dux",3,86979323,99.97
"38346","dwarfish",3,86979326,99.97
"38347","dyadic",3,86979329,99.97
"38348","dynamical",3,86979332,99.97
"38349","earldom",3,86979335,99.97
"38350","earthward",3,86979338,99.97
"38351","earthwards",3,86979341,99.97
"38352","easer",3,86979344,99.97
"38353","ecclesiastic",3,86979347,99.97
"38354","educable",3,86979350,99.97
"38355","efface",3,86979353,99.97
"38356","effector",3,86979356,99.97
"38357","efflorescence",3,86979359,99.97
"38358","effortful",3,86979362,99.97
"38359","egocentrism",3,86979365,99.97
"38360","eimer",3,86979368,99.97
"38361","elain",3,86979371,99.97
"38362","eland",3,86979374,99.97
"38363","eldin",3,86979377,99.97
"38364","electret",3,86979380,99.97
"38365","electrode",3,86979383,99.97
"38366","electrophoresis",3,86979386,99.97
"38367","elicitation",3,86979389,99.97
"38368","elision",3,86979392,99.97
"38369","ellipsoid",3,86979395,99.97
"38370","elliptically",3,86979398,99.97
"38371","embitter",3,86979401,99.97
"38372","embosser",3,86979404,99.97
"38373","embrocation",3,86979407,99.97
"38374","embryologist",3,86979410,99.97
"38375","emendation",3,86979413,99.97
"38376","emptily",3,86979416,99.97
"38377","enameling",3,86979419,99.97
"38378","encasement",3,86979422,99.97
"38379","encumber",3,86979425,99.97
"38380","endorsee",3,86979428,99.97
"38381","endothermic",3,86979431,99.97
"38382","enfilade",3,86979434,99.97
"38383","enfranchisement",3,86979437,99.97
"38384","engraft",3,86979440,99.97
"38385","engram",3,86979443,99.97
"38386","enlace",3,86979446,99.97
"38387","enrapture",3,86979449,99.97
"38388","ensconce",3,86979452,99.97
"38389","enshroud",3,86979455,99.97
"38390","enslaver",3,86979458,99.97
"38391","entablature",3,86979461,99.97
"38392","enterable",3,86979464,99.97
"38393","enteral",3,86979467,99.97
"38394","enthrone",3,86979470,99.97
"38395","enthronement",3,86979473,99.97
"38396","ephebe",3,86979476,99.97
"38397","epigrammatic",3,86979479,99.97
"38398","epistrophe",3,86979482,99.97
"38399","equinoctial",3,86979485,99.97
"38400","equivocally",3,86979488,99.97
"38401","erne",3,86979491,99.97
"38402","erythronium",3,86979494,99.97
"38403","esparto",3,86979497,99.97
"38404","espousal",3,86979500,99.97
"38405","essed",3,86979503,99.97
"38406","estrange",3,86979506,99.97
"38407","estuarine",3,86979509,99.97
"38408","etcher",3,86979512,99.97
"38409","ethicality",3,86979515,99.97
"38410","ethnical",3,86979518,99.97
"38411","eudaimonia",3,86979521,99.97
"38412","evangelicism",3,86979524,99.97
"38413","evangelium",3,86979527,99.97
"38414","eventuate",3,86979530,99.97
"38415","exasperate",3,86979533,99.97
"38416","exchangeable",3,86979536,99.97
"38417","exchanger",3,86979539,99.97
"38418","exclamatory",3,86979542,99.97
"38419","excretes",3,86979545,99.97
"38420","exculpate",3,86979548,99.97
"38421","executrix",3,86979551,99.97
"38422","exon",3,86979554,99.97
"38423","expansionary",3,86979557,99.97
"38424","expectoration",3,86979560,99.97
"38425","expediently",3,86979563,99.97
"38426","experimentalist",3,86979566,99.97
"38427","expiratory",3,86979569,99.97
"38428","explicative",3,86979572,99.97
"38429","exploder",3,86979575,99.97
"38430","exploiter",3,86979578,99.97
"38431","exportable",3,86979581,99.97
"38432","extirpate",3,86979584,99.97
"38433","extraversion",3,86979587,99.97
"38434","eyeblink",3,86979590,99.97
"38435","faden",3,86979593,99.97
"38436","fadge",3,86979596,99.97
"38437","faintness",3,86979599,99.97
"38438","fakir",3,86979602,99.97
"38439","farcically",3,86979605,99.97
"38440","farolito",3,86979608,99.97
"38441","farrand",3,86979611,99.97
"38442","fasces",3,86979614,99.97
"38443","fathomable",3,86979617,99.97
"38444","fathomless",3,86979620,99.97
"38445","fatuously",3,86979623,99.97
"38446","fatuousness",3,86979626,99.97
"38447","feculence",3,86979629,99.97
"38448","feloniously",3,86979632,99.97
"38449","fermentative",3,86979635,99.97
"38450","ferny",3,86979638,99.97
"38451","ferociousness",3,86979641,99.97
"38452","ferri",3,86979644,99.97
"38453","ferrum",3,86979647,99.97
"38454","festuca",3,86979650,99.97
"38455","fidalgo",3,86979653,99.97
"38456","filariasis",3,86979656,99.97
"38457","filmdom",3,86979659,99.97
"38458","filmland",3,86979662,99.97
"38459","finback",3,86979665,99.97
"38460","fingersmith",3,86979668,99.97
"38461","finitude",3,86979671,99.97
"38462","finner",3,86979674,99.97
"38463","fiord",3,86979677,99.97
"38464","fireable",3,86979680,99.97
"38465","firebolt",3,86979683,99.97
"38466","fireproofing",3,86979686,99.97
"38467","fireweed",3,86979689,99.97
"38468","fishpond",3,86979692,99.97
"38469","flagellate",3,86979695,99.97
"38470","flameproof",3,86979698,99.97
"38471","flattish",3,86979701,99.97
"38472","flatwoods",3,86979704,99.97
"38473","fleabane",3,86979707,99.97
"38474","flecker",3,86979710,99.97
"38475","fleshless",3,86979713,99.97
"38476","flighted",3,86979716,99.97
"38477","flimflam",3,86979719,99.97
"38478","flintlock",3,86979722,99.97
"38479","flirtatiously",3,86979725,99.97
"38480","flitch",3,86979728,99.97
"38481","flivver",3,86979731,99.97
"38482","flot",3,86979734,99.97
"38483","fluellen",3,86979737,99.97
"38484","fluoridate",3,86979740,99.97
"38485","fluorine",3,86979743,99.97
"38486","fluorosis",3,86979746,99.97
"38487","flyboy",3,86979749,99.97
"38488","flyness",3,86979752,99.97
"38489","foolscap",3,86979755,99.97
"38490","footlights",3,86979758,99.97
"38491","footling",3,86979761,99.97
"38492","foramen",3,86979764,99.97
"38493","forby",3,86979767,99.97
"38494","forcefulness",3,86979770,99.97
"38495","fording",3,86979773,99.97
"38496","foreland",3,86979776,99.97
"38497","foreshortening",3,86979779,99.97
"38498","foresty",3,86979782,99.97
"38499","forgiver",3,86979785,99.97
"38500","forint",3,86979788,99.97
"38501","forme",3,86979791,99.97
"38502","forsworn",3,86979794,99.97
"38503","forwardly",3,86979797,99.97
"38504","foughty",3,86979800,99.97
"38505","fourscore",3,86979803,99.97
"38506","fouth",3,86979806,99.97
"38507","fractionation",3,86979809,99.97
"38508","francisca",3,86979812,99.97
"38509","frangipane",3,86979815,99.97
"38510","freakily",3,86979818,99.97
"38511","freakiness",3,86979821,99.97
"38512","freethinker",3,86979824,99.97
"38513","freethinking",3,86979827,99.97
"38514","frequence",3,86979830,99.97
"38515","fresnel",3,86979833,99.97
"38516","fretfulness",3,86979836,99.97
"38517","frett",3,86979839,99.97
"38518","friarhood",3,86979842,99.97
"38519","frizzing",3,86979845,99.97
"38520","frot",3,86979848,99.97
"38521","frother",3,86979851,99.97
"38522","froward",3,86979854,99.97
"38523","fructify",3,86979857,99.97
"38524","fulk",3,86979860,99.97
"38525","fumet",3,86979863,99.97
"38526","fumigant",3,86979866,99.97
"38527","fungo",3,86979869,99.97
"38528","fusilier",3,86979872,99.97
"38529","fust",3,86979875,99.97
"38530","fuzzily",3,86979878,99.97
"38531","gadwall",3,86979881,99.97
"38532","galey",3,86979884,99.97
"38533","galler",3,86979887,99.97
"38534","gambrel",3,86979890,99.97
"38535","gamete",3,86979893,99.97
"38536","gane",3,86979896,99.97
"38537","gantries",3,86979899,99.97
"38538","ganza",3,86979902,99.97
"38539","gasbag",3,86979905,99.97
"38540","gaslighting",3,86979908,99.97
"38541","gastronomically",3,86979911,99.97
"38542","gastroscopy",3,86979914,99.97
"38543","gaun",3,86979917,99.97
"38544","gazi",3,86979920,99.97
"38545","gazzetta",3,86979923,99.97
"38546","geet",3,86979926,99.97
"38547","geison",3,86979929,99.97
"38548","genially",3,86979932,99.97
"38549","genic",3,86979935,99.97
"38550","genuflection",3,86979938,99.97
"38551","geochemist",3,86979941,99.97
"38552","geochemistry",3,86979944,99.97
"38553","geopolitically",3,86979947,99.97
"38554","germicidal",3,86979950,99.97
"38555","gers",3,86979953,99.97
"38556","gestion",3,86979956,99.97
"38557","ghastliness",3,86979959,99.97
"38558","ghetti",3,86979962,99.97
"38559","ghoulishness",3,86979965,99.97
"38560","giardia",3,86979968,99.97
"38561","gigantism",3,86979971,99.97
"38562","giggler",3,86979974,99.97
"38563","gimped",3,86979977,99.97
"38564","gingerness",3,86979980,99.97
"38565","gladioli",3,86979983,99.97
"38566","gladius",3,86979986,99.97
"38567","glancingly",3,86979989,99.97
"38568","glassless",3,86979992,99.97
"38569","glassmaking",3,86979995,99.97
"38570","glaucous",3,86979998,99.97
"38571","glenohumeral",3,86980001,99.97
"38572","gliadin",3,86980004,99.97
"38573","glial",3,86980007,99.97
"38574","gloaming",3,86980010,99.97
"38575","gloatingly",3,86980013,99.97
"38576","globule",3,86980016,99.97
"38577","globulin",3,86980019,99.97
"38578","glom",3,86980022,99.97
"38579","glomerular",3,86980025,99.97
"38580","gluer",3,86980028,99.97
"38581","glutamine",3,86980031,99.97
"38582","gluteal",3,86980034,99.97
"38583","glutting",3,86980037,99.97
"38584","glycerol",3,86980040,99.97
"38585","goatsbeard",3,86980043,99.97
"38586","goatskin",3,86980046,99.97
"38587","gobber",3,86980049,99.97
"38588","godchild",3,86980052,99.97
"38589","gola",3,86980055,99.97
"38590","goldcup",3,86980058,99.97
"38591","goldenseal",3,86980061,99.97
"38592","googol",3,86980064,99.97
"38593","googolplex",3,86980067,99.97
"38594","gool",3,86980070,99.97
"38595","goosefoot",3,86980073,99.97
"38596","gooseneck",3,86980076,99.97
"38597","gosport",3,86980079,99.97
"38598","governable",3,86980082,99.97
"38599","graining",3,86980085,99.97
"38600","gramp",3,86980088,99.97
"38601","granadilla",3,86980091,99.97
"38602","grandiosely",3,86980094,99.97
"38603","grandniece",3,86980097,99.97
"38604","granulation",3,86980100,99.97
"38605","grasser",3,86980103,99.97
"38606","graupel",3,86980106,99.97
"38607","gravure",3,86980109,99.97
"38608","graybeard",3,86980112,99.97
"38609","greeney",3,86980115,99.97
"38610","greenfinch",3,86980118,99.97
"38611","greenly",3,86980121,99.97
"38612","gregal",3,86980124,99.97
"38613","grego",3,86980127,99.97
"38614","grinderman",3,86980130,99.97
"38615","grittily",3,86980133,99.97
"38616","groaner",3,86980136,99.97
"38617","groat",3,86980139,99.97
"38618","groover",3,86980142,99.97
"38619","grooviness",3,86980145,99.97
"38620","grot",3,86980148,99.97
"38621","groundwood",3,86980151,99.97
"38622","groupwise",3,86980154,99.97
"38623","grubstake",3,86980157,99.97
"38624","gruntled",3,86980160,99.97
"38625","guanine",3,86980163,99.97
"38626","gude",3,86980166,99.97
"38627","guignol",3,86980169,99.97
"38628","guilelessly",3,86980172,99.97
"38629","guipure",3,86980175,99.97
"38630","guising",3,86980178,99.97
"38631","gurr",3,86980181,99.97
"38632","guttate",3,86980184,99.97
"38633","habitability",3,86980187,99.97
"38634","habituate",3,86980190,99.97
"38635","habitue",3,86980193,99.97
"38636","haemoglobin",3,86980196,99.97
"38637","haire",3,86980199,99.97
"38638","hairiness",3,86980202,99.97
"38639","haku",3,86980205,99.97
"38640","halbert",3,86980208,99.97
"38641","halide",3,86980211,99.97
"38642","handclasp",3,86980214,99.97
"38643","handwrite",3,86980217,99.97
"38644","hangdog",3,86980220,99.97
"38645","hansom",3,86980223,99.97
"38646","haplessness",3,86980226,99.97
"38647","harbi",3,86980229,99.97
"38648","hastiness",3,86980232,99.97
"38649","hatbox",3,86980235,99.97
"38650","hatchetman",3,86980238,99.97
"38651","hatt",3,86980241,99.97
"38652","haycock",3,86980244,99.97
"38653","headiness",3,86980247,99.97
"38654","headnote",3,86980250,99.97
"38655","heathenry",3,86980253,99.97
"38656","hecticness",3,86980256,99.97
"38657","heinously",3,86980259,99.97
"38658","heliostat",3,86980262,99.97
"38659","heme",3,86980265,99.97
"38660","hemmer",3,86980268,99.97
"38661","hemorrhoid",3,86980271,99.97
"38662","heritable",3,86980274,99.97
"38663","hermaphroditic",3,86980277,99.97
"38664","herniate",3,86980280,99.97
"38665","herniation",3,86980283,99.97
"38666","herpetology",3,86980286,99.97
"38667","hesperidin",3,86980289,99.97
"38668","hest",3,86980292,99.97
"38669","heteronomy",3,86980295,99.97
"38670","heterotopia",3,86980298,99.97
"38671","heugh",3,86980301,99.97
"38672","hidradenitis",3,86980304,99.97
"38673","hieroglyph",3,86980307,99.97
"38674","highborn",3,86980310,99.97
"38675","highjack",3,86980313,99.97
"38676","hinny",3,86980316,99.97
"38677","hinter",3,86980319,99.97
"38678","hipbone",3,86980322,99.97
"38679","hiragana",3,86980325,99.97
"38680","hirer",3,86980328,99.97
"38681","histological",3,86980331,99.97
"38682","histology",3,86980334,99.97
"38683","histopathological",3,86980337,99.97
"38684","hoarfrost",3,86980340,99.97
"38685","hobbyhorse",3,86980343,99.97
"38686","hoggin",3,86980346,99.97
"38687","hollo",3,86980349,99.97
"38688","holograph",3,86980352,99.97
"38689","homeopathically",3,86980355,99.97
"38690","homology",3,86980358,99.97
"38691","honker",3,86980361,99.97
"38692","hoosegow",3,86980364,99.97
"38693","hopple",3,86980367,99.97
"38694","hopyard",3,86980370,99.97
"38695","horizonless",3,86980373,99.97
"38696","hornbook",3,86980376,99.97
"38697","horridly",3,86980379,99.97
"38698","horsewoman",3,86980382,99.97
"38699","hostler",3,86980385,99.97
"38700","houseboating",3,86980388,99.97
"38701","housefly",3,86980391,99.97
"38702","huffily",3,86980394,99.97
"38703","hugeness",3,86980397,99.97
"38704","humanlike",3,86980400,99.97
"38705","humidification",3,86980403,99.97
"38706","humpbacked",3,86980406,99.97
"38707","hundredfold",3,86980409,99.97
"38708","hurds",3,86980412,99.97
"38709","husting",3,86980415,99.97
"38710","hydrator",3,86980418,99.97
"38711","hydride",3,86980421,99.97
"38712","hydrophobic",3,86980424,99.97
"38713","hymnbook",3,86980427,99.97
"38714","hyp",3,86980430,99.97
"38715","hyperflexion",3,86980433,99.97
"38716","hyperfocal",3,86980436,99.97
"38717","hyperthyroid",3,86980439,99.97
"38718","hypomanic",3,86980442,99.97
"38719","hypoplastic",3,86980445,99.97
"38720","hypothermic",3,86980448,99.97
"38721","hypotonia",3,86980451,99.97
"38722","icefall",3,86980454,99.97
"38723","iciness",3,86980457,99.97
"38724","idealistically",3,86980460,99.97
"38725","idempotent",3,86980463,99.97
"38726","idiosyncratically",3,86980466,99.97
"38727","idolater",3,86980469,99.97
"38728","ignitor",3,86980472,99.97
"38729","ignominiously",3,86980475,99.97
"38730","ihi",3,86980478,99.97
"38731","illimitable",3,86980481,99.97
"38732","illiquidity",3,86980484,99.97
"38733","imaginarily",3,86980487,99.97
"38734","imbecility",3,86980490,99.97
"38735","immobilization",3,86980493,99.97
"38736","imperially",3,86980496,99.97
"38737","impermeability",3,86980499,99.97
"38738","imposture",3,86980502,99.97
"38739","impotently",3,86980505,99.97
"38740","impresa",3,86980508,99.97
"38741","impressiveness",3,86980511,99.97
"38742","improvidently",3,86980514,99.97
"38743","imprudence",3,86980517,99.97
"38744","impulsion",3,86980520,99.97
"38745","inapt",3,86980523,99.97
"38746","inarticulately",3,86980526,99.97
"38747","inbreed",3,86980529,99.97
"38748","incautious",3,86980532,99.97
"38749","incestuously",3,86980535,99.97
"38750","inciter",3,86980538,99.97
"38751","inclosure",3,86980541,99.97
"38752","incomprehensibility",3,86980544,99.97
"38753","inconsiderately",3,86980547,99.97
"38754","incorrupt",3,86980550,99.97
"38755","incorruptibility",3,86980553,99.97
"38756","incorruption",3,86980556,99.97
"38757","incubi",3,86980559,99.97
"38758","inculpatory",3,86980562,99.97
"38759","indecisively",3,86980565,99.97
"38760","indefensibly",3,86980568,99.97
"38761","indefiniteness",3,86980571,99.97
"38762","indemnify",3,86980574,99.97
"38763","indexer",3,86980577,99.97
"38764","indicia",3,86980580,99.97
"38765","indigence",3,86980583,99.97
"38766","indigenist",3,86980586,99.97
"38767","indigenously",3,86980589,99.97
"38768","inducer",3,86980592,99.97
"38769","inductance",3,86980595,99.97
"38770","industrialize",3,86980598,99.97
"38771","indwell",3,86980601,99.97
"38772","inexpressibly",3,86980604,99.97
"38773","inexpressive",3,86980607,99.97
"38774","inextinguishable",3,86980610,99.97
"38775","infantilism",3,86980613,99.97
"38776","infectiousness",3,86980616,99.97
"38777","inflexibly",3,86980619,99.97
"38778","inflorescence",3,86980622,99.97
"38779","infrequency",3,86980625,99.97
"38780","ingeniousness",3,86980628,99.97
"38781","ingot",3,86980631,99.97
"38782","inhere",3,86980634,99.97
"38783","inkpot",3,86980637,99.97
"38784","inkshed",3,86980640,99.97
"38785","inlander",3,86980643,99.97
"38786","inositol",3,86980646,99.97
"38787","inquisitorial",3,86980649,99.97
"38788","inroad",3,86980652,99.97
"38789","insanitary",3,86980655,99.97
"38790","insatiability",3,86980658,99.97
"38791","insensibly",3,86980661,99.97
"38792","insidiousness",3,86980664,99.97
"38793","insincerely",3,86980667,99.97
"38794","inspirer",3,86980670,99.97
"38795","instatement",3,86980673,99.97
"38796","insula",3,86980676,99.97
"38797","insultingly",3,86980679,99.97
"38798","insurrectionary",3,86980682,99.97
"38799","intensifier",3,86980685,99.97
"38800","interactional",3,86980688,99.97
"38801","interdental",3,86980691,99.97
"38802","intergrowth",3,86980694,99.97
"38803","internee",3,86980697,99.97
"38804","interpenetration",3,86980700,99.97
"38805","interpose",3,86980703,99.97
"38806","interposition",3,86980706,99.97
"38807","interpretively",3,86980709,99.97
"38808","interruptible",3,86980712,99.97
"38809","interschool",3,86980715,99.97
"38810","intersexuality",3,86980718,99.97
"38811","intertidal",3,86980721,99.97
"38812","intractably",3,86980724,99.97
"38813","introit",3,86980727,99.97
"38814","inulin",3,86980730,99.97
"38815","inure",3,86980733,99.97
"38816","invigoratingly",3,86980736,99.97
"38817","invitatory",3,86980739,99.97
"38818","inviter",3,86980742,99.97
"38819","ionizer",3,86980745,99.97
"38820","irok",3,86980748,99.97
"38821","ironsides",3,86980751,99.97
"38822","irreproducible",3,86980754,99.97
"38823","irresistibility",3,86980757,99.97
"38824","irresolvable",3,86980760,99.97
"38825","irretrievable",3,86980763,99.97
"38826","isothiocyanates",3,86980766,99.97
"38827","iyo",3,86980769,99.97
"38828","jacinth",3,86980772,99.97
"38829","jackassery",3,86980775,99.97
"38830","jati",3,86980778,99.97
"38831","jelutong",3,86980781,99.97
"38832","jerseyed",3,86980784,99.97
"38833","jiff",3,86980787,99.97
"38834","jiggers",3,86980790,99.97
"38835","jirga",3,86980793,99.97
"38836","jocund",3,86980796,99.97
"38837","jodhpurs",3,86980799,99.97
"38838","jonquil",3,86980802,99.97
"38839","jow",3,86980805,99.97
"38840","jubilance",3,86980808,99.97
"38841","jugger",3,86980811,99.97
"38842","jupe",3,86980814,99.97
"38843","jurisprudential",3,86980817,99.97
"38844","justen",3,86980820,99.97
"38845","kaffiyeh",3,86980823,99.97
"38846","karsha",3,86980826,99.97
"38847","kashima",3,86980829,99.97
"38848","kehillah",3,86980832,99.97
"38849","keloid",3,86980835,99.97
"38850","kemple",3,86980838,99.97
"38851","kend",3,86980841,99.97
"38852","keynoter",3,86980844,99.97
"38853","khedive",3,86980847,99.97
"38854","kibitzer",3,86980850,99.97
"38855","killick",3,86980853,99.97
"38856","kilovolt",3,86980856,99.97
"38857","kimberlin",3,86980859,99.97
"38858","kinematics",3,86980862,99.97
"38859","kinesis",3,86980865,99.97
"38860","kinkiness",3,86980868,99.97
"38861","kinsfolk",3,86980871,99.97
"38862","kippy",3,86980874,99.97
"38863","kist",3,86980877,99.97
"38864","kittles",3,86980880,99.97
"38865","klaxon",3,86980883,99.97
"38866","klop",3,86980886,99.97
"38867","knicker",3,86980889,99.97
"38868","knoller",3,86980892,99.97
"38869","knop",3,86980895,99.97
"38870","knothole",3,86980898,99.97
"38871","knotwork",3,86980901,99.97
"38872","koel",3,86980904,99.97
"38873","koine",3,86980907,99.97
"38874","kolo",3,86980910,99.97
"38875","koppen",3,86980913,99.97
"38876","krakowiak",3,86980916,99.97
"38877","kroon",3,86980919,99.97
"38878","labarum",3,86980922,99.97
"38879","labile",3,86980925,99.97
"38880","lacerate",3,86980928,99.97
"38881","lacker",3,86980931,99.97
"38882","ladyfinger",3,86980934,99.97
"38883","laicization",3,86980937,99.97
"38884","lamby",3,86980940,99.97
"38885","lamin",3,86980943,99.97
"38886","landowning",3,86980946,99.97
"38887","landside",3,86980949,99.97
"38888","landward",3,86980952,99.97
"38889","languor",3,86980955,99.97
"38890","lant",3,86980958,99.97
"38891","larcenous",3,86980961,99.97
"38892","lardon",3,86980964,99.97
"38893","laryngeal",3,86980967,99.97
"38894","laryngoscope",3,86980970,99.97
"38895","latticed",3,86980973,99.97
"38896","laudably",3,86980976,99.97
"38897","laun",3,86980979,99.97
"38898","launderer",3,86980982,99.97
"38899","leatherneck",3,86980985,99.97
"38900","leftish",3,86980988,99.97
"38901","legendry",3,86980991,99.97
"38902","legger",3,86980994,99.97
"38903","leisured",3,86980997,99.97
"38904","lenience",3,86981000,99.97
"38905","lenth",3,86981003,99.97
"38906","leptospirosis",3,86981006,99.97
"38907","lete",3,86981009,99.97
"38908","lethargically",3,86981012,99.97
"38909","leuk",3,86981015,99.97
"38910","liberatory",3,86981018,99.97
"38911","libretti",3,86981021,99.97
"38912","lickspittle",3,86981024,99.97
"38913","lidless",3,86981027,99.97
"38914","lieve",3,86981030,99.97
"38915","lightless",3,86981033,99.97
"38916","ligne",3,86981036,99.97
"38917","limbless",3,86981039,99.97
"38918","limitlessly",3,86981042,99.97
"38919","limpy",3,86981045,99.97
"38920","linie",3,86981048,99.97
"38921","linin",3,86981051,99.97
"38922","linty",3,86981054,99.97
"38923","lire",3,86981057,99.97
"38924","lisk",3,86981060,99.97
"38925","litheness",3,86981063,99.97
"38926","lithographer",3,86981066,99.97
"38927","litigiousness",3,86981069,99.97
"38928","littleness",3,86981072,99.97
"38929","liturgist",3,86981075,99.97
"38930","lobber",3,86981078,99.97
"38931","lobular",3,86981081,99.97
"38932","locational",3,86981084,99.97
"38933","logrolling",3,86981087,99.97
"38934","loller",3,86981090,99.97
"38935","longtail",3,86981093,99.97
"38936","longways",3,86981096,99.97
"38937","looby",3,86981099,99.97
"38938","loomer",3,86981102,99.97
"38939","lopsidedly",3,86981105,99.97
"38940","lopsidedness",3,86981108,99.97
"38941","loquaciously",3,86981111,99.97
"38942","lote",3,86981114,99.97
"38943","loudmouthed",3,86981117,99.97
"38944","loulu",3,86981120,99.97
"38945","louvered",3,86981123,99.97
"38946","lovesickness",3,86981126,99.97
"38947","lowboy",3,86981129,99.97
"38948","lucida",3,86981132,99.97
"38949","ludicrousness",3,86981135,99.97
"38950","luminaire",3,86981138,99.97
"38951","luminal",3,86981141,99.97
"38952","lummox",3,86981144,99.97
"38953","lunette",3,86981147,99.97
"38954","lungful",3,86981150,99.97
"38955","lunula",3,86981153,99.97
"38956","lura",3,86981156,99.97
"38957","luridness",3,86981159,99.97
"38958","lycanthrope",3,86981162,99.97
"38959","lynnhaven",3,86981165,99.97
"38960","macrobiotics",3,86981168,99.97
"38961","macronutrient",3,86981171,99.97
"38962","magicked",3,86981174,99.97
"38963","magnesite",3,86981177,99.97
"38964","magnetite",3,86981180,99.97
"38965","magnifier",3,86981183,99.97
"38966","maidenhair",3,86981186,99.97
"38967","maisonette",3,86981189,99.97
"38968","majo",3,86981192,99.97
"38969","maladjustment",3,86981195,99.97
"38970","maladministration",3,86981198,99.97
"38971","maladroit",3,86981201,99.97
"38972","malaprop",3,86981204,99.97
"38973","malapropism",3,86981207,99.97
"38974","maleficence",3,86981210,99.97
"38975","malinger",3,86981213,99.97
"38976","malmsey",3,86981216,99.97
"38977","malthouse",3,86981219,99.97
"38978","mandola",3,86981222,99.97
"38979","mandolinist",3,86981225,99.97
"38980","mantled",3,86981228,99.97
"38981","manyfold",3,86981231,99.97
"38982","manzana",3,86981234,99.97
"38983","maraud",3,86981237,99.97
"38984","marginality",3,86981240,99.97
"38985","mariola",3,86981243,99.97
"38986","marrier",3,86981246,99.97
"38987","massiveness",3,86981249,99.97
"38988","masted",3,86981252,99.97
"38989","masticate",3,86981255,99.97
"38990","mastication",3,86981258,99.97
"38991","masu",3,86981261,99.97
"38992","matcher",3,86981264,99.97
"38993","maty",3,86981267,99.97
"38994","mauvette",3,86981270,99.97
"38995","mazy",3,86981273,99.97
"38996","meaninglessly",3,86981276,99.97
"38997","measureless",3,86981279,99.97
"38998","medio",3,86981282,99.97
"38999","medlar",3,86981285,99.97
"39000","megacolon",3,86981288,99.97
"39001","melanic",3,86981291,99.97
"39002","melasma",3,86981294,99.97
"39003","melisma",3,86981297,99.97
"39004","melismatic",3,86981300,99.97
"39005","melodia",3,86981303,99.97
"39006","melos",3,86981306,99.97
"39007","memoria",3,86981309,99.97
"39008","meniscal",3,86981312,99.97
"39009","menstruate",3,86981315,99.97
"39010","metabolite",3,86981318,99.97
"39011","metalworks",3,86981321,99.97
"39012","metastasis",3,86981324,99.97
"39013","meteorologically",3,86981327,99.97
"39014","meticulosity",3,86981330,99.97
"39015","metonymic",3,86981333,99.97
"39016","meuse",3,86981336,99.97
"39017","micellar",3,86981339,99.97
"39018","microsecond",3,86981342,99.97
"39019","midevening",3,86981345,99.97
"39020","midsentence",3,86981348,99.97
"39021","midship",3,86981351,99.97
"39022","militiaman",3,86981354,99.97
"39023","milksop",3,86981357,99.97
"39024","millpond",3,86981360,99.97
"39025","millworker",3,86981363,99.97
"39026","mineralization",3,86981366,99.97
"39027","mineralogist",3,86981369,99.97
"39028","minim",3,86981372,99.97
"39029","misalliance",3,86981375,99.97
"39030","misanthropist",3,86981378,99.97
"39031","miscommunicate",3,86981381,99.97
"39032","misfortunate",3,86981384,99.97
"39033","misguide",3,86981387,99.97
"39034","misidentification",3,86981390,99.97
"39035","misky",3,86981393,99.97
"39036","misperceive",3,86981396,99.97
"39037","misremember",3,86981399,99.97
"39038","mistle",3,86981402,99.97
"39039","mitered",3,86981405,99.97
"39040","mitosis",3,86981408,99.97
"39041","mnemonics",3,86981411,99.97
"39042","moderato",3,86981414,99.97
"39043","moha",3,86981417,99.97
"39044","mohur",3,86981420,99.97
"39045","moistly",3,86981423,99.97
"39046","moldavite",3,86981426,99.97
"39047","moler",3,86981429,99.97
"39048","monarchism",3,86981432,99.97
"39049","moneyless",3,86981435,99.97
"39050","monkshood",3,86981438,99.97
"39051","monny",3,86981441,99.97
"39052","monomaniac",3,86981444,99.97
"39053","monophonic",3,86981447,99.97
"39054","monotonously",3,86981450,99.97
"39055","monsoonal",3,86981453,99.97
"39056","montjoy",3,86981456,99.97
"39057","monton",3,86981459,99.97
"39058","monumentality",3,86981462,99.97
"39059","moper",3,86981465,99.97
"39060","moppet",3,86981468,99.97
"39061","moppy",3,86981471,99.97
"39062","moralize",3,86981474,99.97
"39063","moralizer",3,86981477,99.97
"39064","mordantly",3,86981480,99.97
"39065","morganatic",3,86981483,99.97
"39066","motmot",3,86981486,99.97
"39067","mottling",3,86981489,99.97
"39068","moul",3,86981492,99.97
"39069","mousehole",3,86981495,99.97
"39070","muang",3,86981498,99.97
"39071","muga",3,86981501,99.97
"39072","mugginess",3,86981504,99.97
"39073","mugwort",3,86981507,99.97
"39074","muid",3,86981510,99.97
"39075","mukti",3,86981513,99.97
"39076","multifocal",3,86981516,99.97
"39077","multimodality",3,86981519,99.97
"39078","multisyllabic",3,86981522,99.97
"39079","mummer",3,86981525,99.97
"39080","mummify",3,86981528,99.97
"39081","mundanely",3,86981531,99.97
"39082","munition",3,86981534,99.97
"39083","murderously",3,86981537,99.97
"39084","mure",3,86981540,99.97
"39085","murmuration",3,86981543,99.97
"39086","murrey",3,86981546,99.97
"39087","musar",3,86981549,99.97
"39088","muscadine",3,86981552,99.97
"39089","muscly",3,86981555,99.97
"39090","muscovite",3,86981558,99.97
"39091","musette",3,86981561,99.97
"39092","musher",3,86981564,99.97
"39093","mushroomy",3,86981567,99.97
"39094","musicianly",3,86981570,99.97
"39095","muskmelon",3,86981573,99.97
"39096","mustachio",3,86981576,99.97
"39097","mutualistic",3,86981579,99.98
"39098","mycelia",3,86981582,99.98
"39099","mycological",3,86981585,99.98
"39100","myelitis",3,86981588,99.98
"39101","myoclonus",3,86981591,99.98
"39102","myrcene",3,86981594,99.98
"39103","mystifyingly",3,86981597,99.98
"39104","mythologically",3,86981600,99.98
"39105","mythologize",3,86981603,99.98
"39106","nacre",3,86981606,99.98
"39107","naiad",3,86981609,99.98
"39108","nako",3,86981612,99.98
"39109","nane",3,86981615,99.98
"39110","narcosis",3,86981618,99.98
"39111","nark",3,86981621,99.98
"39112","narky",3,86981624,99.98
"39113","narthex",3,86981627,99.98
"39114","nasopharyngeal",3,86981630,99.98
"39115","naturism",3,86981633,99.98
"39116","navicular",3,86981636,99.98
"39117","nawab",3,86981639,99.98
"39118","nearish",3,86981642,99.98
"39119","nearsightedness",3,86981645,99.98
"39120","neckar",3,86981648,99.98
"39121","necromantic",3,86981651,99.98
"39122","needler",3,86981654,99.98
"39123","neese",3,86981657,99.98
"39124","neoclassic",3,86981660,99.98
"39125","neoclassicism",3,86981663,99.98
"39126","neopagan",3,86981666,99.98
"39127","nephritis",3,86981669,99.98
"39128","nesh",3,86981672,99.98
"39129","nestler",3,86981675,99.98
"39130","nesty",3,86981678,99.98
"39131","neth",3,86981681,99.98
"39132","netty",3,86981684,99.98
"39133","neurophysiology",3,86981687,99.98
"39134","neuroticism",3,86981690,99.98
"39135","neurotoxic",3,86981693,99.98
"39136","neutralizer",3,86981696,99.98
"39137","niggly",3,86981699,99.98
"39138","nightwalker",3,86981702,99.98
"39139","ninebark",3,86981705,99.98
"39140","nipa",3,86981708,99.98
"39141","nisse",3,86981711,99.98
"39142","nito",3,86981714,99.98
"39143","nitrite",3,86981717,99.98
"39144","nodal",3,86981720,99.98
"39145","nonaggressive",3,86981723,99.98
"39146","nonagon",3,86981726,99.98
"39147","nonagricultural",3,86981729,99.98
"39148","nonautomotive",3,86981732,99.98
"39149","nonbeing",3,86981735,99.98
"39150","nonblack",3,86981738,99.98
"39151","noncitizen",3,86981741,99.98
"39152","nonconsecutive",3,86981744,99.98
"39153","nonesuch",3,86981747,99.98
"39154","nonexclusive",3,86981750,99.98
"39155","nonfamous",3,86981753,99.98
"39156","nonlicensed",3,86981756,99.98
"39157","nonorganic",3,86981759,99.98
"39158","nonpaid",3,86981762,99.98
"39159","nonparty",3,86981765,99.98
"39160","nonphysical",3,86981768,99.98
"39161","nonporous",3,86981771,99.98
"39162","nonrational",3,86981774,99.98
"39163","nonsectarian",3,86981777,99.98
"39164","nonstandard",3,86981780,99.98
"39165","nontaxable",3,86981783,99.98
"39166","nooning",3,86981786,99.98
"39167","norland",3,86981789,99.98
"39168","norwest",3,86981792,99.98
"39169","noticer",3,86981795,99.98
"39170","notitia",3,86981798,99.98
"39171","noumenon",3,86981801,99.98
"39172","novation",3,86981804,99.98
"39173","numen",3,86981807,99.98
"39174","numeration",3,86981810,99.98
"39175","nutriment",3,86981813,99.98
"39176","nyctalopia",3,86981816,99.98
"39177","nystagmus",3,86981819,99.98
"39178","obloquy",3,86981822,99.98
"39179","obol",3,86981825,99.98
"39180","obscurantist",3,86981828,99.98
"39181","obsequiousness",3,86981831,99.98
"39182","oenological",3,86981834,99.98
"39183","oesophagus",3,86981837,99.98
"39184","oestradiol",3,86981840,99.98
"39185","offish",3,86981843,99.98
"39186","ofter",3,86981846,99.98
"39187","ohia",3,86981849,99.98
"39188","oldness",3,86981852,99.98
"39189","oldster",3,86981855,99.98
"39190","oleo",3,86981858,99.98
"39191","olivewood",3,86981861,99.98
"39192","onanistic",3,86981864,99.98
"39193","onza",3,86981867,99.98
"39194","oogenesis",3,86981870,99.98
"39195","opah",3,86981873,99.98
"39196","opprobrious",3,86981876,99.98
"39197","optime",3,86981879,99.98
"39198","orage",3,86981882,99.98
"39199","orangeleaf",3,86981885,99.98
"39200","orbed",3,86981888,99.98
"39201","orchestrion",3,86981891,99.98
"39202","oriel",3,86981894,99.98
"39203","originalist",3,86981897,99.98
"39204","orrery",3,86981900,99.98
"39205","orthotic",3,86981903,99.98
"39206","ortolan",3,86981906,99.98
"39207","ory",3,86981909,99.98
"39208","ostracization",3,86981912,99.98
"39209","outclass",3,86981915,99.98
"39210","outen",3,86981918,99.98
"39211","outfight",3,86981921,99.98
"39212","outgo",3,86981924,99.98
"39213","outkick",3,86981927,99.98
"39214","outmost",3,86981930,99.98
"39215","outness",3,86981933,99.98
"39216","outsing",3,86981936,99.98
"39217","outspeed",3,86981939,99.98
"39218","outvote",3,86981942,99.98
"39219","outwrestle",3,86981945,99.98
"39220","ouzel",3,86981948,99.98
"39221","ovate",3,86981951,99.98
"39222","overbearingly",3,86981954,99.98
"39223","overbuild",3,86981957,99.98
"39224","overcompensation",3,86981960,99.98
"39225","overdrapery",3,86981963,99.98
"39226","overexert",3,86981966,99.98
"39227","overindulgent",3,86981969,99.98
"39228","overlain",3,86981972,99.98
"39229","overlying",3,86981975,99.98
"39230","overpopulate",3,86981978,99.98
"39231","overprice",3,86981981,99.98
"39232","overpromise",3,86981984,99.98
"39233","overspread",3,86981987,99.98
"39234","overtrain",3,86981990,99.98
"39235","overtreatment",3,86981993,99.98
"39236","overwash",3,86981996,99.98
"39237","overwound",3,86981999,99.98
"39238","overzealously",3,86982002,99.98
"39239","ovoid",3,86982005,99.98
"39240","oxalic",3,86982008,99.98
"39241","oxidase",3,86982011,99.98
"39242","oxidizer",3,86982014,99.98
"39243","oxman",3,86982017,99.98
"39244","oxygenate",3,86982020,99.98
"39245","oystering",3,86982023,99.98
"39246","pacifistic",3,86982026,99.98
"39247","packable",3,86982029,99.98
"39248","paintbox",3,86982032,99.98
"39249","paleface",3,86982035,99.98
"39250","paleoanthropologist",3,86982038,99.98
"39251","palindromist",3,86982041,99.98
"39252","palli",3,86982044,99.98
"39253","palpitation",3,86982047,99.98
"39254","pandy",3,86982050,99.98
"39255","pantaloon",3,86982053,99.98
"39256","panton",3,86982056,99.98
"39257","papermaker",3,86982059,99.98
"39258","papeterie",3,86982062,99.98
"39259","paralipsis",3,86982065,99.98
"39260","paralyzation",3,86982068,99.98
"39261","parametric",3,86982071,99.98
"39262","parasitology",3,86982074,99.98
"39263","parceling",3,86982077,99.98
"39264","parch",3,86982080,99.98
"39265","parching",3,86982083,99.98
"39266","parella",3,86982086,99.98
"39267","parenteral",3,86982089,99.98
"39268","parilla",3,86982092,99.98
"39269","parky",3,86982095,99.98
"39270","parley",3,86982098,99.98
"39271","parodic",3,86982101,99.98
"39272","parol",3,86982104,99.98
"39273","parrotlet",3,86982107,99.98
"39274","participator",3,86982110,99.98
"39275","passant",3,86982113,99.98
"39276","passbook",3,86982116,99.98
"39277","passional",3,86982119,99.98
"39278","passo",3,86982122,99.98
"39279","pasteurizer",3,86982125,99.98
"39280","pastorale",3,86982128,99.98
"39281","pastoralist",3,86982131,99.98
"39282","patchiness",3,86982134,99.98
"39283","patronization",3,86982137,99.98
"39284","peacocky",3,86982140,99.98
"39285","pecht",3,86982143,99.98
"39286","peevish",3,86982146,99.98
"39287","peevishly",3,86982149,99.98
"39288","pelagian",3,86982152,99.98
"39289","pelf",3,86982155,99.98
"39290","pellagra",3,86982158,99.98
"39291","pelorus",3,86982161,99.98
"39292","penciller",3,86982164,99.98
"39293","pend",3,86982167,99.98
"39294","penetratingly",3,86982170,99.98
"39295","pennyworth",3,86982173,99.98
"39296","pentathlete",3,86982176,99.98
"39297","penurious",3,86982179,99.98
"39298","peplos",3,86982182,99.98
"39299","pepsis",3,86982185,99.98
"39300","perceivable",3,86982188,99.98
"39301","perceiver",3,86982191,99.98
"39302","percutaneous",3,86982194,99.98
"39303","peregrina",3,86982197,99.98
"39304","pericardium",3,86982200,99.98
"39305","perine",3,86982203,99.98
"39306","peritoneal",3,86982206,99.98
"39307","permissioned",3,86982209,99.98
"39308","pernickety",3,86982212,99.98
"39309","peroxidation",3,86982215,99.98
"39310","perpetration",3,86982218,99.98
"39311","perplexingly",3,86982221,99.98
"39312","perquisite",3,86982224,99.98
"39313","pertinently",3,86982227,99.98
"39314","perturbation",3,86982230,99.98
"39315","pestilential",3,86982233,99.98
"39316","petaled",3,86982236,99.98
"39317","petalled",3,86982239,99.98
"39318","petiole",3,86982242,99.98
"39319","petrolatum",3,86982245,99.98
"39320","phalarope",3,86982248,99.98
"39321","phantasmatic",3,86982251,99.98
"39322","pharos",3,86982254,99.98
"39323","pharynx",3,86982257,99.98
"39324","phenol",3,86982260,99.98
"39325","phenotypic",3,86982263,99.98
"39326","philately",3,86982266,99.98
"39327","philological",3,86982269,99.98
"39328","phit",3,86982272,99.98
"39329","phiz",3,86982275,99.98
"39330","phonological",3,86982278,99.98
"39331","phoria",3,86982281,99.98
"39332","phos",3,86982284,99.98
"39333","phospho",3,86982287,99.98
"39334","phosphor",3,86982290,99.98
"39335","phosphorescence",3,86982293,99.98
"39336","phosphoric",3,86982296,99.98
"39337","phot",3,86982299,99.98
"39338","photoelectric",3,86982302,99.98
"39339","photofinishing",3,86982305,99.98
"39340","photogram",3,86982308,99.98
"39341","phototherapy",3,86982311,99.98
"39342","phrenological",3,86982314,99.98
"39343","phrontistery",3,86982317,99.98
"39344","phyla",3,86982320,99.98
"39345","piaffe",3,86982323,99.98
"39346","pianola",3,86982326,99.98
"39347","picaro",3,86982329,99.98
"39348","pickax",3,86982332,99.98
"39349","picturedrome",3,86982335,99.98
"39350","pictureless",3,86982338,99.98
"39351","pien",3,86982341,99.98
"39352","piezoelectric",3,86982344,99.98
"39353","piggle",3,86982347,99.98
"39354","pillared",3,86982350,99.98
"39355","pillion",3,86982353,99.98
"39356","pinniped",3,86982356,99.98
"39357","pinprick",3,86982359,99.98
"39358","pintado",3,86982362,99.98
"39359","pintail",3,86982365,99.98
"39360","piny",3,86982368,99.98
"39361","pippy",3,86982371,99.98
"39362","piquantly",3,86982374,99.98
"39363","piscine",3,86982377,99.98
"39364","pitanga",3,86982380,99.98
"39365","pitaya",3,86982383,99.98
"39366","placidity",3,86982386,99.98
"39367","plaiting",3,86982389,99.98
"39368","planker",3,86982392,99.98
"39369","plater",3,86982395,99.98
"39370","platitudinous",3,86982398,99.98
"39371","plaudit",3,86982401,99.98
"39372","pleadingly",3,86982404,99.98
"39373","pleny",3,86982407,99.98
"39374","pleroma",3,86982410,99.98
"39375","pliability",3,86982413,99.98
"39376","plodder",3,86982416,99.98
"39377","plowable",3,86982419,99.98
"39378","pluff",3,86982422,99.98
"39379","plugger",3,86982425,99.98
"39380","plumpy",3,86982428,99.98
"39381","plutocratic",3,86982431,99.98
"39382","pneumatics",3,86982434,99.98
"39383","poche",3,86982437,99.98
"39384","pocketless",3,86982440,99.98
"39385","polder",3,86982443,99.98
"39386","polearm",3,86982446,99.98
"39387","polecat",3,86982449,99.98
"39388","poliomyelitis",3,86982452,99.98
"39389","polisher",3,86982455,99.98
"39390","politesse",3,86982458,99.98
"39391","polonium",3,86982461,99.98
"39392","polt",3,86982464,99.98
"39393","polyandry",3,86982467,99.98
"39394","polydactyl",3,86982470,99.98
"39395","polygram",3,86982473,99.98
"39396","polymathic",3,86982476,99.98
"39397","polymerization",3,86982479,99.98
"39398","pondok",3,86982482,99.98
"39399","poney",3,86982485,99.98
"39400","ponto",3,86982488,99.98
"39401","poolroom",3,86982491,99.98
"39402","poorness",3,86982494,99.98
"39403","popgun",3,86982497,99.98
"39404","popularizer",3,86982500,99.98
"39405","porr",3,86982503,99.98
"39406","portamento",3,86982506,99.98
"39407","portentously",3,86982509,99.98
"39408","possessively",3,86982512,99.98
"39409","postimpressionist",3,86982515,99.98
"39410","postnasal",3,86982518,99.98
"39411","pottle",3,86982521,99.98
"39412","pouchy",3,86982524,99.98
"39413","pratique",3,86982527,99.98
"39414","prattling",3,86982530,99.98
"39415","precedential",3,86982533,99.98
"39416","preclusion",3,86982536,99.98
"39417","preconcert",3,86982539,99.98
"39418","precook",3,86982542,99.98
"39419","predestinate",3,86982545,99.98
"39420","predestine",3,86982548,99.98
"39421","predetermination",3,86982551,99.98
"39422","prenatally",3,86982554,99.98
"39423","preprint",3,86982557,99.98
"39424","presaging",3,86982560,99.98
"39425","presbyter",3,86982563,99.98
"39426","prescriber",3,86982566,99.98
"39427","presidence",3,86982569,99.98
"39428","pressurize",3,86982572,99.98
"39429","prest",3,86982575,99.98
"39430","presumable",3,86982578,99.98
"39431","prevaricate",3,86982581,99.98
"39432","prevarication",3,86982584,99.98
"39433","prewash",3,86982587,99.98
"39434","priding",3,86982590,99.98
"39435","priestliness",3,86982593,99.98
"39436","primitivist",3,86982596,99.98
"39437","primordially",3,86982599,99.98
"39438","primula",3,86982602,99.98
"39439","princesse",3,86982605,99.98
"39440","printery",3,86982608,99.98
"39441","prioress",3,86982611,99.98
"39442","productiveness",3,86982614,99.98
"39443","programmatically",3,86982617,99.98
"39444","progressiveness",3,86982620,99.98
"39445","prolactin",3,86982623,99.98
"39446","prolepsis",3,86982626,99.98
"39447","prolongation",3,86982629,99.98
"39448","promotable",3,86982632,99.98
"39449","proneness",3,86982635,99.98
"39450","propagator",3,86982638,99.98
"39451","proscription",3,86982641,99.98
"39452","proscriptive",3,86982644,99.98
"39453","prosodic",3,86982647,99.98
"39454","prosopography",3,86982650,99.98
"39455","prospectively",3,86982653,99.98
"39456","prostatectomy",3,86982656,99.98
"39457","prosy",3,86982659,99.98
"39458","protegee",3,86982662,99.98
"39459","protract",3,86982665,99.98
"39460","provably",3,86982668,99.98
"39461","prurience",3,86982671,99.98
"39462","pseudonymity",3,86982674,99.98
"39463","psychobiology",3,86982677,99.98
"39464","psychogenic",3,86982680,99.98
"39465","psychopathia",3,86982683,99.98
"39466","psychophysiology",3,86982686,99.98
"39467","pubescence",3,86982689,99.98
"39468","pubis",3,86982692,99.98
"39469","puddling",3,86982695,99.98
"39470","puli",3,86982698,99.98
"39471","pulque",3,86982701,99.98
"39472","pulsate",3,86982704,99.98
"39473","punchable",3,86982707,99.98
"39474","punctilious",3,86982710,99.98
"39475","punkie",3,86982713,99.98
"39476","puppetmaster",3,86982716,99.98
"39477","purana",3,86982719,99.98
"39478","purgatorial",3,86982722,99.98
"39479","purism",3,86982725,99.98
"39480","purposively",3,86982728,99.98
"39481","purposiveness",3,86982731,99.98
"39482","purpura",3,86982734,99.98
"39483","pussyfooting",3,86982737,99.98
"39484","pustular",3,86982740,99.98
"39485","putrefaction",3,86982743,99.98
"39486","puzzlingly",3,86982746,99.98
"39487","quadruped",3,86982749,99.98
"39488","quadruplex",3,86982752,99.98
"39489","quale",3,86982755,99.98
"39490","quantifier",3,86982758,99.98
"39491","quantitive",3,86982761,99.98
"39492","quantization",3,86982764,99.98
"39493","quare",3,86982767,99.98
"39494","quaters",3,86982770,99.98
"39495","queenship",3,86982773,99.98
"39496","queery",3,86982776,99.98
"39497","queller",3,86982779,99.98
"39498","questor",3,86982782,99.98
"39499","quiapo",3,86982785,99.98
"39500","quicklime",3,86982788,99.98
"39501","quiescent",3,86982791,99.98
"39502","quinquennial",3,86982794,99.98
"39503","quipster",3,86982797,99.98
"39504","radioactively",3,86982800,99.98
"39505","radiographic",3,86982803,99.98
"39506","radiometric",3,86982806,99.98
"39507","raffish",3,86982809,99.98
"39508","rageous",3,86982812,99.98
"39509","raglin",3,86982815,99.98
"39510","rainproof",3,86982818,99.98
"39511","raker",3,86982821,99.98
"39512","rakishly",3,86982824,99.98
"39513","rampager",3,86982827,99.98
"39514","rann",3,86982830,99.98
"39515","ranter",3,86982833,99.98
"39516","raptly",3,86982836,99.98
"39517","rarebit",3,86982839,99.98
"39518","rathe",3,86982842,99.98
"39519","ratti",3,86982845,99.98
"39520","ravelin",3,86982848,99.98
"39521","ravishment",3,86982851,99.98
"39522","reanalyze",3,86982854,99.98
"39523","reappropriation",3,86982857,99.98
"39524","rebase",3,86982860,99.98
"39525","rebelliously",3,86982863,99.98
"39526","reboard",3,86982866,99.98
"39527","rebutter",3,86982869,99.98
"39528","recalculation",3,86982872,99.98
"39529","recitalist",3,86982875,99.98
"39530","recommitment",3,86982878,99.98
"39531","recondite",3,86982881,99.98
"39532","reconnoiter",3,86982884,99.98
"39533","reconquest",3,86982887,99.98
"39534","recordation",3,86982890,99.98
"39535","recoupment",3,86982893,99.98
"39536","recruitable",3,86982896,99.98
"39537","rectification",3,86982899,99.98
"39538","redeployment",3,86982902,99.98
"39539","redshank",3,86982905,99.98
"39540","redtail",3,86982908,99.98
"39541","reductionistic",3,86982911,99.98
"39542","redundantly",3,86982914,99.98
"39543","reeded",3,86982917,99.98
"39544","reet",3,86982920,99.98
"39545","refight",3,86982923,99.98
"39546","reflation",3,86982926,99.98
"39547","reforest",3,86982929,99.98
"39548","refreeze",3,86982932,99.98
"39549","reft",3,86982935,99.98
"39550","regionalist",3,86982938,99.98
"39551","registrable",3,86982941,99.98
"39552","rehouse",3,86982944,99.98
"39553","rehydration",3,86982947,99.98
"39554","reimagination",3,86982950,99.98
"39555","reinflate",3,86982953,99.98
"39556","reinsman",3,86982956,99.98
"39557","reinstitute",3,86982959,99.98
"39558","reiver",3,86982962,99.98
"39559","releaser",3,86982965,99.98
"39560","relection",3,86982968,99.98
"39561","relisten",3,86982971,99.98
"39562","remittitur",3,86982974,99.98
"39563","remora",3,86982977,99.98
"39564","remorsefully",3,86982980,99.98
"39565","remorselessly",3,86982983,99.98
"39566","renderer",3,86982986,99.98
"39567","renegotiations",3,86982989,99.98
"39568","renovator",3,86982992,99.98
"39569","repeatability",3,86982995,99.98
"39570","reprocess",3,86982998,99.98
"39571","repulsively",3,86983001,99.98
"39572","rescan",3,86983004,99.98
"39573","resect",3,86983007,99.98
"39574","resentence",3,86983010,99.98
"39575","resentfully",3,86983013,99.98
"39576","reservable",3,86983016,99.98
"39577","resistive",3,86983019,99.98
"39578","resourcefully",3,86983022,99.98
"39579","responsively",3,86983025,99.98
"39580","restauration",3,86983028,99.98
"39581","restrictionist",3,86983031,99.98
"39582","restring",3,86983034,99.98
"39583","retransmission",3,86983037,99.98
"39584","reunify",3,86983040,99.98
"39585","revealer",3,86983043,99.98
"39586","reveler",3,86983046,99.98
"39587","reverentially",3,86983049,99.98
"39588","revers",3,86983052,99.98
"39589","revie",3,86983055,99.98
"39590","rewriter",3,86983058,99.98
"39591","rhein",3,86983061,99.98
"39592","rhythmical",3,86983064,99.98
"39593","ribe",3,86983067,99.98
"39594","ricrac",3,86983070,99.98
"39595","rigamarole",3,86983073,99.98
"39596","righto",3,86983076,99.98
"39597","rigidness",3,86983079,99.98
"39598","rine",3,86983082,99.98
"39599","rinka",3,86983085,99.98
"39600","ripcord",3,86983088,99.98
"39601","riskless",3,86983091,99.98
"39602","rivulet",3,86983094,99.98
"39603","roader",3,86983097,99.98
"39604","roadworthy",3,86983100,99.98
"39605","robing",3,86983103,99.98
"39606","rockaby",3,86983106,99.98
"39607","rodd",3,86983109,99.98
"39608","roit",3,86983112,99.98
"39609","roquette",3,86983115,99.98
"39610","rosily",3,86983118,99.98
"39611","rotgut",3,86983121,99.98
"39612","roud",3,86983124,99.98
"39613","rouille",3,86983127,99.98
"39614","roundedness",3,86983130,99.98
"39615","roundhead",3,86983133,99.98
"39616","roundish",3,86983136,99.98
"39617","rousingly",3,86983139,99.98
"39618","rucky",3,86983142,99.98
"39619","ruffler",3,86983145,99.98
"39620","rumple",3,86983148,99.98
"39621","runover",3,86983151,99.98
"39622","rustiness",3,86983154,99.98
"39623","ruther",3,86983157,99.98
"39624","ryme",3,86983160,99.98
"39625","sacaton",3,86983163,99.98
"39626","sacroiliac",3,86983166,99.98
"39627","sadhu",3,86983169,99.98
"39628","saecula",3,86983172,99.98
"39629","saft",3,86983175,99.98
"39630","saleroom",3,86983178,99.98
"39631","salience",3,86983181,99.98
"39632","saliently",3,86983184,99.98
"39633","salination",3,86983187,99.98
"39634","saltpeter",3,86983190,99.98
"39635","saman",3,86983193,99.98
"39636","sampan",3,86983196,99.98
"39637","samsonite",3,86983199,99.98
"39638","sanctifier",3,86983202,99.98
"39639","sapience",3,86983205,99.98
"39640","sapo",3,86983208,99.98
"39641","sapodilla",3,86983211,99.98
"39642","saraband",3,86983214,99.98
"39643","sarcophagi",3,86983217,99.98
"39644","sare",3,86983220,99.98
"39645","sarkar",3,86983223,99.98
"39646","sarraf",3,86983226,99.98
"39647","sartor",3,86983229,99.98
"39648","saucebox",3,86983232,99.98
"39649","saucerful",3,86983235,99.98
"39650","sauger",3,86983238,99.98
"39651","saum",3,86983241,99.98
"39652","sauve",3,86983244,99.98
"39653","savable",3,86983247,99.98
"39654","sawney",3,86983250,99.98
"39655","scalloping",3,86983253,99.98
"39656","scandia",3,86983256,99.98
"39657","scansion",3,86983259,99.98
"39658","scarify",3,86983262,99.98
"39659","scatology",3,86983265,99.98
"39660","scattergood",3,86983268,99.98
"39661","scentless",3,86983271,99.98
"39662","schappe",3,86983274,99.98
"39663","schlieren",3,86983277,99.98
"39664","scintilla",3,86983280,99.98
"39665","scissoring",3,86983283,99.98
"39666","scoon",3,86983286,99.98
"39667","scow",3,86983289,99.98
"39668","scran",3,86983292,99.98
"39669","scrappiness",3,86983295,99.98
"39670","scratchless",3,86983298,99.98
"39671","screeny",3,86983301,99.98
"39672","scrod",3,86983304,99.98
"39673","scrubland",3,86983307,99.98
"39674","scrumptiously",3,86983310,99.98
"39675","sculptress",3,86983313,99.98
"39676","sculpturing",3,86983316,99.98
"39677","scut",3,86983319,99.98
"39678","seadog",3,86983322,99.98
"39679","seasonless",3,86983325,99.98
"39680","seck",3,86983328,99.98
"39681","secularize",3,86983331,99.98
"39682","secundus",3,86983334,99.98
"39683","sedimentation",3,86983337,99.98
"39684","seductiveness",3,86983340,99.98
"39685","seeder",3,86983343,99.98
"39686","seldomly",3,86983346,99.98
"39687","selectee",3,86983349,99.98
"39688","semiotic",3,86983352,99.98
"39689","semipalmated",3,86983355,99.98
"39690","semirural",3,86983358,99.98
"39691","sensitize",3,86983361,99.98
"39692","sensualist",3,86983364,99.98
"39693","sentimentally",3,86983367,99.98
"39694","sequelae",3,86983370,99.98
"39695","sequent",3,86983373,99.98
"39696","seraphic",3,86983376,99.98
"39697","serialize",3,86983379,99.98
"39698","serval",3,86983382,99.98
"39699","sesma",3,86983385,99.98
"39700","sestina",3,86983388,99.98
"39701","sgraffito",3,86983391,99.98
"39702","shab",3,86983394,99.98
"39703","shackling",3,86983397,99.98
"39704","shafter",3,86983400,99.98
"39705","shaitan",3,86983403,99.98
"39706","shamba",3,86983406,99.98
"39707","shamefacedly",3,86983409,99.98
"39708","sharkskin",3,86983412,99.98
"39709","sheerly",3,86983415,99.98
"39710","sheller",3,86983418,99.98
"39711","shide",3,86983421,99.98
"39712","shinner",3,86983424,99.98
"39713","shipbreaking",3,86983427,99.98
"39714","shireman",3,86983430,99.98
"39715","shirtmaker",3,86983433,99.98
"39716","shirtwaist",3,86983436,99.98
"39717","shockable",3,86983439,99.98
"39718","shockproof",3,86983442,99.98
"39719","shoer",3,86983445,99.98
"39720","shoofly",3,86983448,99.98
"39721","shootist",3,86983451,99.98
"39722","shortsightedly",3,86983454,99.98
"39723","shotmaker",3,86983457,99.98
"39724","shovelful",3,86983460,99.98
"39725","sideway",3,86983463,99.98
"39726","sidewise",3,86983466,99.98
"39727","siever",3,86983469,99.98
"39728","sigla",3,86983472,99.98
"39729","signum",3,86983475,99.98
"39730","silkily",3,86983478,99.98
"39731","silting",3,86983481,99.98
"39732","silverspot",3,86983484,99.98
"39733","singlehood",3,86983487,99.98
"39734","sirdar",3,86983490,99.98
"39735","sirian",3,86983493,99.98
"39736","sirrah",3,86983496,99.98
"39737","sitio",3,86983499,99.98
"39738","sitosterol",3,86983502,99.98
"39739","skal",3,86983505,99.98
"39740","skep",3,86983508,99.98
"39741","skookum",3,86983511,99.98
"39742","skulled",3,86983514,99.98
"39743","skyscraping",3,86983517,99.98
"39744","sleaziness",3,86983520,99.98
"39745","sledging",3,86983523,99.98
"39746","sleighing",3,86983526,99.98
"39747","slimer",3,86983529,99.98
"39748","slimness",3,86983532,99.98
"39749","slipcase",3,86983535,99.98
"39750","slobbers",3,86983538,99.98
"39751","slowpoke",3,86983541,99.98
"39752","slue",3,86983544,99.98
"39753","sluggard",3,86983547,99.98
"39754","sluiceway",3,86983550,99.98
"39755","slusher",3,86983553,99.98
"39756","smally",3,86983556,99.98
"39757","smee",3,86983559,99.98
"39758","smew",3,86983562,99.98
"39759","smolt",3,86983565,99.98
"39760","snaffle",3,86983568,99.98
"39761","snakelike",3,86983571,99.98
"39762","snickey",3,86983574,99.98
"39763","snobbishly",3,86983577,99.98
"39764","snobbishness",3,86983580,99.98
"39765","snowberry",3,86983583,99.98
"39766","snowscape",3,86983586,99.98
"39767","snuffle",3,86983589,99.98
"39768","sobby",3,86983592,99.98
"39769","sodalite",3,86983595,99.98
"39770","sody",3,86983598,99.98
"39771","softner",3,86983601,99.98
"39772","soke",3,86983604,99.98
"39773","solent",3,86983607,99.98
"39774","solum",3,86983610,99.98
"39775","somatically",3,86983613,99.98
"39776","somma",3,86983616,99.98
"39777","somnambulant",3,86983619,99.98
"39778","sonatina",3,86983622,99.98
"39779","sonsy",3,86983625,99.98
"39780","sool",3,86983628,99.98
"39781","soothsaying",3,86983631,99.98
"39782","sordino",3,86983634,99.98
"39783","soree",3,86983637,99.98
"39784","sorrowing",3,86983640,99.98
"39785","soteriological",3,86983643,99.98
"39786","sotol",3,86983646,99.98
"39787","soubise",3,86983649,99.98
"39788","sourish",3,86983652,99.98
"39789","sourly",3,86983655,99.98
"39790","souse",3,86983658,99.98
"39791","southron",3,86983661,99.98
"39792","southwesterly",3,86983664,99.98
"39793","souverain",3,86983667,99.98
"39794","spaded",3,86983670,99.98
"39795","spadework",3,86983673,99.98
"39796","spadone",3,86983676,99.98
"39797","spangly",3,86983679,99.98
"39798","spareness",3,86983682,99.98
"39799","sparsity",3,86983685,99.98
"39800","spartacist",3,86983688,99.98
"39801","speakable",3,86983691,99.98
"39802","specialism",3,86983694,99.98
"39803","specked",3,86983697,99.98
"39804","spectatorial",3,86983700,99.98
"39805","spectroscope",3,86983703,99.98
"39806","speculatively",3,86983706,99.98
"39807","speechify",3,86983709,99.98
"39808","speechmaker",3,86983712,99.98
"39809","speediness",3,86983715,99.98
"39810","speedwell",3,86983718,99.98
"39811","speleological",3,86983721,99.98
"39812","spermaceti",3,86983724,99.98
"39813","sphygmomanometer",3,86983727,99.98
"39814","spicebush",3,86983730,99.98
"39815","spiration",3,86983733,99.98
"39816","spirea",3,86983736,99.98
"39817","splasher",3,86983739,99.98
"39818","splendidness",3,86983742,99.98
"39819","splodge",3,86983745,99.98
"39820","splosh",3,86983748,99.98
"39821","spoilsport",3,86983751,99.98
"39822","spreaded",3,86983754,99.98
"39823","squalene",3,86983757,99.98
"39824","squandermania",3,86983760,99.98
"39825","squatty",3,86983763,99.98
"39826","squawker",3,86983766,99.98
"39827","squawky",3,86983769,99.98
"39828","squidge",3,86983772,99.98
"39829","stably",3,86983775,99.98
"39830","stalky",3,86983778,99.98
"39831","stalwartly",3,86983781,99.98
"39832","standee",3,86983784,99.98
"39833","starbright",3,86983787,99.98
"39834","starlike",3,86983790,99.98
"39835","starn",3,86983793,99.98
"39836","starveling",3,86983796,99.98
"39837","stateliness",3,86983799,99.98
"39838","statics",3,86983802,99.98
"39839","stationmaster",3,86983805,99.98
"39840","steeplechasing",3,86983808,99.98
"39841","steg",3,86983811,99.98
"39842","stephanotis",3,86983814,99.98
"39843","stereoscope",3,86983817,99.98
"39844","steri",3,86983820,99.98
"39845","stickum",3,86983823,99.98
"39846","stimulatory",3,86983826,99.98
"39847","stinge",3,86983829,99.98
"39848","stingo",3,86983832,99.98
"39849","stipple",3,86983835,99.98
"39850","stitchwort",3,86983838,99.98
"39851","stoat",3,86983841,99.98
"39852","stockcar",3,86983844,99.98
"39853","stod",3,86983847,99.98
"39854","stolidly",3,86983850,99.98
"39855","stonily",3,86983853,99.98
"39856","stormer",3,86983856,99.98
"39857","strad",3,86983859,99.98
"39858","straddler",3,86983862,99.98
"39859","strangeling",3,86983865,99.98
"39860","stratigraphic",3,86983868,99.98
"39861","streamliner",3,86983871,99.98
"39862","stree",3,86983874,99.98
"39863","streptococci",3,86983877,99.98
"39864","streptomycin",3,86983880,99.98
"39865","strey",3,86983883,99.98
"39866","strome",3,86983886,99.98
"39867","strophe",3,86983889,99.98
"39868","stubbled",3,86983892,99.98
"39869","stubbly",3,86983895,99.98
"39870","studder",3,86983898,99.98
"39871","stupefaction",3,86983901,99.98
"39872","stupidness",3,86983904,99.98
"39873","stutterer",3,86983907,99.98
"39874","subarachnoid",3,86983910,99.98
"39875","subchapter",3,86983913,99.98
"39876","subconsciousness",3,86983916,99.98
"39877","subjectivism",3,86983919,99.98
"39878","subletter",3,86983922,99.98
"39879","sublicensee",3,86983925,99.98
"39880","sublimate",3,86983928,99.98
"39881","submergence",3,86983931,99.98
"39882","submerse",3,86983934,99.98
"39883","submissively",3,86983937,99.98
"39884","subrogation",3,86983940,99.98
"39885","subspace",3,86983943,99.98
"39886","subtractive",3,86983946,99.98
"39887","subtropics",3,86983949,99.98
"39888","subunit",3,86983952,99.98
"39889","suburbanization",3,86983955,99.98
"39890","subverse",3,86983958,99.98
"39891","successional",3,86983961,99.98
"39892","succulently",3,86983964,99.98
"39893","sufferable",3,86983967,99.98
"39894","suffragan",3,86983970,99.98
"39895","sugarbush",3,86983973,99.98
"39896","suggestiveness",3,86983976,99.98
"39897","sull",3,86983979,99.98
"39898","sulphide",3,86983982,99.98
"39899","sunstone",3,86983985,99.98
"39900","superbrain",3,86983988,99.98
"39901","superconsciousness",3,86983991,99.98
"39902","superfluid",3,86983994,99.98
"39903","superfluity",3,86983997,99.98
"39904","superimpose",3,86984000,99.98
"39905","superimposition",3,86984003,99.98
"39906","superintend",3,86984006,99.98
"39907","superintendency",3,86984009,99.98
"39908","superlatively",3,86984012,99.98
"39909","supernal",3,86984015,99.98
"39910","supernumerary",3,86984018,99.98
"39911","superoxide",3,86984021,99.98
"39912","superposition",3,86984024,99.98
"39913","supersecret",3,86984027,99.98
"39914","supplicate",3,86984030,99.98
"39915","sureness",3,86984033,99.98
"39916","surmountable",3,86984036,99.98
"39917","surpassingly",3,86984039,99.98
"39918","surrealistically",3,86984042,99.98
"39919","survivalism",3,86984045,99.98
"39920","suspicionless",3,86984048,99.98
"39921","swagman",3,86984051,99.98
"39922","swanking",3,86984054,99.98
"39923","swanny",3,86984057,99.98
"39924","swashbuckle",3,86984060,99.98
"39925","sweeting",3,86984063,99.98
"39926","swimmy",3,86984066,99.98
"39927","sycophancy",3,86984069,99.98
"39928","sylph",3,86984072,99.98
"39929","symbiote",3,86984075,99.98
"39930","synchronously",3,86984078,99.98
"39931","syncope",3,86984081,99.98
"39932","synonymously",3,86984084,99.98
"39933","syntactically",3,86984087,99.98
"39934","sypher",3,86984090,99.98
"39935","syrinx",3,86984093,99.98
"39936","tableland",3,86984096,99.98
"39937","tach",3,86984099,99.98
"39938","tachibana",3,86984102,99.98
"39939","tade",3,86984105,99.98
"39940","taggle",3,86984108,99.98
"39941","tailer",3,86984111,99.98
"39942","tailless",3,86984114,99.98
"39943","talwar",3,86984117,99.98
"39944","tamarisk",3,86984120,99.98
"39945","tamis",3,86984123,99.98
"39946","tangibility",3,86984126,99.98
"39947","tanjong",3,86984129,99.98
"39948","tankless",3,86984132,99.98
"39949","tanti",3,86984135,99.98
"39950","tappa",3,86984138,99.98
"39951","tappen",3,86984141,99.98
"39952","tapu",3,86984144,99.98
"39953","tarbet",3,86984147,99.98
"39954","tardily",3,86984150,99.98
"39955","tarea",3,86984153,99.98
"39956","taum",3,86984156,99.98
"39957","tauntingly",3,86984159,99.98
"39958","tauranga",3,86984162,99.98
"39959","taurean",3,86984165,99.98
"39960","tautological",3,86984168,99.98
"39961","taws",3,86984171,99.98
"39962","tayer",3,86984174,99.98
"39963","teacake",3,86984177,99.98
"39964","teaism",3,86984180,99.98
"39965","teather",3,86984183,99.98
"39966","teck",3,86984186,99.98
"39967","teg",3,86984189,99.98
"39968","telecaster",3,86984192,99.98
"39969","tempora",3,86984195,99.98
"39970","temporizing",3,86984198,99.98
"39971","tenaciousness",3,86984201,99.98
"39972","tenon",3,86984204,99.98
"39973","tentation",3,86984207,99.98
"39974","tentlike",3,86984210,99.98
"39975","tercer",3,86984213,99.98
"39976","terribleness",3,86984216,99.98
"39977","terrorizer",3,86984219,99.98
"39978","terseness",3,86984222,99.98
"39979","testily",3,86984225,99.98
"39980","tetrameter",3,86984228,99.98
"39981","textuality",3,86984231,99.98
"39982","thana",3,86984234,99.98
"39983","thanatology",3,86984237,99.98
"39984","theatergoing",3,86984240,99.98
"39985","theatric",3,86984243,99.98
"39986","thecla",3,86984246,99.98
"39987","thenceforward",3,86984249,99.98
"39988","theocentric",3,86984252,99.98
"39989","theophile",3,86984255,99.98
"39990","theorization",3,86984258,99.98
"39991","thereat",3,86984261,99.98
"39992","theretofore",3,86984264,99.98
"39993","thermae",3,86984267,99.98
"39994","thermic",3,86984270,99.98
"39995","thermogenesis",3,86984273,99.98
"39996","thermogenic",3,86984276,99.98
"39997","thermoregulation",3,86984279,99.98
"39998","theurgy",3,86984282,99.98
"39999","thiasi",3,86984285,99.98
"40000","thieve",3,86984288,99.98
"40001","thill",3,86984291,99.98
"40002","threadfin",3,86984294,99.98
"40003","thrip",3,86984297,99.98
"40004","thrips",3,86984300,99.98
"40005","throe",3,86984303,99.98
"40006","thrombocytopenia",3,86984306,99.98
"40007","thumbkin",3,86984309,99.98
"40008","thunderer",3,86984312,99.98
"40009","thurrock",3,86984315,99.98
"40010","thymine",3,86984318,99.98
"40011","thymus",3,86984321,99.98
"40012","ticketless",3,86984324,99.98
"40013","tightfisted",3,86984327,99.98
"40014","tillerman",3,86984330,99.98
"40015","tiltable",3,86984333,99.98
"40016","timbering",3,86984336,99.98
"40017","timesaving",3,86984339,99.98
"40018","tinhorn",3,86984342,99.98
"40019","tipe",3,86984345,99.98
"40020","titre",3,86984348,99.98
"40021","toadfish",3,86984351,99.98
"40022","toff",3,86984354,99.98
"40023","toggery",3,86984357,99.98
"40024","tokay",3,86984360,99.98
"40025","tolerantly",3,86984363,99.98
"40026","tolly",3,86984366,99.98
"40027","tonsured",3,86984369,99.98
"40028","toolmaker",3,86984372,99.98
"40029","tooter",3,86984375,99.98
"40030","topi",3,86984378,99.98
"40031","torcher",3,86984381,99.98
"40032","toter",3,86984384,99.98
"40033","totting",3,86984387,99.98
"40034","tourer",3,86984390,99.98
"40035","toxoid",3,86984393,99.98
"40036","toylike",3,86984396,99.98
"40037","trabant",3,86984399,99.98
"40038","tractarian",3,86984402,99.98
"40039","trancelike",3,86984405,99.98
"40040","transcendentalism",3,86984408,99.98
"40041","transcendentalist",3,86984411,99.98
"40042","transcendentally",3,86984414,99.98
"40043","transduction",3,86984417,99.98
"40044","transfigure",3,86984420,99.98
"40045","transformable",3,86984423,99.98
"40046","transhuman",3,86984426,99.98
"40047","transitionary",3,86984429,99.98
"40048","translater",3,86984432,99.98
"40049","transliterate",3,86984435,99.98
"40050","translucency",3,86984438,99.98
"40051","transpiration",3,86984441,99.98
"40052","transversal",3,86984444,99.98
"40053","traversal",3,86984447,99.98
"40054","trembler",3,86984450,99.98
"40055","trenched",3,86984453,99.98
"40056","trepanning",3,86984456,99.98
"40057","tribespeople",3,86984459,99.98
"40058","trichinosis",3,86984462,99.98
"40059","tricksy",3,86984465,99.98
"40060","tricolored",3,86984468,99.98
"40061","tricot",3,86984471,99.98
"40062","trillo",3,86984474,99.98
"40063","trinkle",3,86984477,99.98
"40064","triolet",3,86984480,99.98
"40065","trone",3,86984483,99.98
"40066","trophyless",3,86984486,99.98
"40067","truckster",3,86984489,99.98
"40068","trueness",3,86984492,99.98
"40069","truff",3,86984495,99.98
"40070","trull",3,86984498,99.98
"40071","trullo",3,86984501,99.98
"40072","truthless",3,86984504,99.98
"40073","truthtelling",3,86984507,99.98
"40074","tsetse",3,86984510,99.98
"40075","tubeless",3,86984513,99.98
"40076","tucky",3,86984516,99.98
"40077","tuffet",3,86984519,99.98
"40078","tulchin",3,86984522,99.98
"40079","tumtum",3,86984525,99.98
"40080","tunable",3,86984528,99.98
"40081","tunneled",3,86984531,99.98
"40082","tunny",3,86984534,99.98
"40083","tuque",3,86984537,99.98
"40084","turken",3,86984540,99.98
"40085","turtlehead",3,86984543,99.98
"40086","tuskar",3,86984546,99.98
"40087","tussocky",3,86984549,99.98
"40088","tutela",3,86984552,99.98
"40089","tweest",3,86984555,99.98
"40090","twirler",3,86984558,99.98
"40091","tyro",3,86984561,99.98
"40092","tyrosinase",3,86984564,99.98
"40093","udasi",3,86984567,99.98
"40094","ultramodern",3,86984570,99.98
"40095","ultraviolent",3,86984573,99.98
"40096","umu",3,86984576,99.98
"40097","unaccented",3,86984579,99.98
"40098","unaccessible",3,86984582,99.98
"40099","unadoptable",3,86984585,99.98
"40100","unaired",3,86984588,99.98
"40101","unamiable",3,86984591,99.98
"40102","unarguable",3,86984594,99.98
"40103","unarticulated",3,86984597,99.98
"40104","unassumingly",3,86984600,99.98
"40105","unattractively",3,86984603,99.98
"40106","unawareness",3,86984606,99.98
"40107","unbacked",3,86984609,99.98
"40108","unbathed",3,86984612,99.98
"40109","unbefitting",3,86984615,99.98
"40110","unbilled",3,86984618,99.98
"40111","unblended",3,86984621,99.98
"40112","unbranched",3,86984624,99.98
"40113","unbreachable",3,86984627,99.98
"40114","unbundle",3,86984630,99.98
"40115","unburnt",3,86984633,99.98
"40116","uncarbonated",3,86984636,99.98
"40117","uncarved",3,86984639,99.98
"40118","unchaperoned",3,86984642,99.98
"40119","unchosen",3,86984645,99.98
"40120","uncleaned",3,86984648,99.98
"40121","uncleared",3,86984651,99.98
"40122","unclick",3,86984654,99.98
"40123","unclipped",3,86984657,99.98
"40124","unclose",3,86984660,99.98
"40125","uncoated",3,86984663,99.98
"40126","uncoil",3,86984666,99.98
"40127","uncomfort",3,86984669,99.98
"40128","uncommercial",3,86984672,99.98
"40129","uncompelling",3,86984675,99.98
"40130","unconditionality",3,86984678,99.98
"40131","uncongested",3,86984681,99.98
"40132","unconstructive",3,86984684,99.98
"40133","unction",3,86984687,99.98
"40134","unctuousness",3,86984690,99.98
"40135","uncuffed",3,86984693,99.98
"40136","uncurl",3,86984696,99.98
"40137","undemocratically",3,86984699,99.98
"40138","underclothing",3,86984702,99.98
"40139","undercoated",3,86984705,99.98
"40140","underdevelopment",3,86984708,99.98
"40141","underdrain",3,86984711,99.98
"40142","undereye",3,86984714,99.98
"40143","undermentioned",3,86984717,99.98
"40144","undernutrition",3,86984720,99.98
"40145","underripe",3,86984723,99.98
"40146","understander",3,86984726,99.98
"40147","undoable",3,86984729,99.98
"40148","undock",3,86984732,99.98
"40149","undried",3,86984735,99.98
"40150","undyingly",3,86984738,99.98
"40151","unembellished",3,86984741,99.98
"40152","unevolved",3,86984744,99.98
"40153","unfashionably",3,86984747,99.98
"40154","unfavorite",3,86984750,99.98
"40155","unfeasibly",3,86984753,99.98
"40156","unfeminine",3,86984756,99.98
"40157","unfertilized",3,86984759,99.98
"40158","unfiled",3,86984762,99.98
"40159","unflatteringly",3,86984765,99.98
"40160","unfruitfulness",3,86984768,99.98
"40161","unfulfillment",3,86984771,99.98
"40162","ungentlemanly",3,86984774,99.98
"40163","ungraceful",3,86984777,99.98
"40164","ungrammatical",3,86984780,99.98
"40165","ungratefully",3,86984783,99.98
"40166","unguent",3,86984786,99.98
"40167","unhulled",3,86984789,99.98
"40168","unhurriedly",3,86984792,99.98
"40169","unicyclist",3,86984795,99.98
"40170","uniformitarianism",3,86984798,99.98
"40171","uninspected",3,86984801,99.98
"40172","uninstructed",3,86984804,99.98
"40173","uninsulated",3,86984807,99.98
"40174","unintelligibly",3,86984810,99.98
"40175","unintuitive",3,86984813,99.98
"40176","uninventive",3,86984816,99.98
"40177","uninvestigated",3,86984819,99.98
"40178","unissued",3,86984822,99.98
"40179","unitemized",3,86984825,99.98
"40180","unknotted",3,86984828,99.98
"40181","unladen",3,86984831,99.98
"40182","unlamented",3,86984834,99.98
"40183","unland",3,86984837,99.98
"40184","unlink",3,86984840,99.98
"40185","unlist",3,86984843,99.98
"40186","unloose",3,86984846,99.98
"40187","unmalted",3,86984849,99.98
"40188","unmarred",3,86984852,99.98
"40189","unmatchable",3,86984855,99.98
"40190","unmatted",3,86984858,99.98
"40191","unmuffled",3,86984861,99.98
"40192","unmusical",3,86984864,99.98
"40193","unnoted",3,86984867,99.98
"40194","unobservable",3,86984870,99.98
"40195","unoffended",3,86984873,99.98
"40196","unordinary",3,86984876,99.98
"40197","unoriginality",3,86984879,99.98
"40198","unostentatious",3,86984882,99.98
"40199","unpadded",3,86984885,99.98
"40200","unpatrolled",3,86984888,99.98
"40201","unpinned",3,86984891,99.98
"40202","unplanted",3,86984894,99.98
"40203","unplayed",3,86984897,99.98
"40204","unpleased",3,86984900,99.98
"40205","unpreparedness",3,86984903,99.98
"40206","unpreserved",3,86984906,99.98
"40207","unpresidential",3,86984909,99.98
"40208","unproductively",3,86984912,99.98
"40209","unproved",3,86984915,99.98
"40210","unpruned",3,86984918,99.98
"40211","unpublic",3,86984921,99.98
"40212","unpublishable",3,86984924,99.98
"40213","unpunctual",3,86984927,99.98
"40214","unpunctuated",3,86984930,99.98
"40215","unrattled",3,86984933,99.98
"40216","unrecovered",3,86984936,99.98
"40217","unrein",3,86984939,99.98
"40218","unresistable",3,86984942,99.98
"40219","unresisting",3,86984945,99.98
"40220","unrestful",3,86984948,99.98
"40221","unring",3,86984951,99.98
"40222","unroasted",3,86984954,99.98
"40223","unscratched",3,86984957,99.98
"40224","unscreened",3,86984960,99.98
"40225","unscriptural",3,86984963,99.98
"40226","unscrupulousness",3,86984966,99.98
"40227","unsettledness",3,86984969,99.98
"40228","unsewn",3,86984972,99.98
"40229","unsharp",3,86984975,99.98
"40230","unshielded",3,86984978,99.98
"40231","unshoveled",3,86984981,99.98
"40232","unsliced",3,86984984,99.98
"40233","unsnapped",3,86984987,99.98
"40234","unsponsored",3,86984990,99.98
"40235","unsprung",3,86984993,99.98
"40236","unsteadiness",3,86984996,99.98
"40237","unstick",3,86984999,99.98
"40238","unstitched",3,86985002,99.98
"40239","unstrap",3,86985005,99.98
"40240","unstrung",3,86985008,99.98
"40241","unsuccess",3,86985011,99.98
"40242","unswayed",3,86985014,99.98
"40243","unsworn",3,86985017,99.98
"40244","unteachable",3,86985020,99.98
"40245","untether",3,86985023,99.98
"40246","unthankful",3,86985026,99.98
"40247","unthaw",3,86985029,99.98
"40248","untidiness",3,86985032,99.98
"40249","untimed",3,86985035,99.98
"40250","untracked",3,86985038,99.98
"40251","untradeable",3,86985041,99.98
"40252","untraveled",3,86985044,99.98
"40253","untrodden",3,86985047,99.98
"40254","untrusted",3,86985050,99.98
"40255","untutored",3,86985053,99.98
"40256","untypical",3,86985056,99.98
"40257","untypically",3,86985059,99.98
"40258","unvented",3,86985062,99.98
"40259","unwrinkled",3,86985065,99.98
"40260","unwrite",3,86985068,99.98
"40261","upo",3,86985071,99.98
"40262","upstair",3,86985074,99.98
"40263","upthrust",3,86985077,99.98
"40264","uran",3,86985080,99.98
"40265","urbanize",3,86985083,99.98
"40266","urethane",3,86985086,99.98
"40267","usar",3,86985089,99.98
"40268","uvula",3,86985092,99.98
"40269","vacillation",3,86985095,99.98
"40270","vacuity",3,86985098,99.98
"40271","vagabondage",3,86985101,99.98
"40272","vagrancy",3,86985104,99.98
"40273","vagus",3,86985107,99.98
"40274","vajra",3,86985110,99.98
"40275","valgus",3,86985113,99.98
"40276","vanquisher",3,86985116,99.98
"40277","variegation",3,86985119,99.98
"40278","varietally",3,86985122,99.98
"40279","varnishing",3,86985125,99.98
"40280","varus",3,86985128,99.98
"40281","vengefully",3,86985131,99.98
"40282","venner",3,86985134,99.98
"40283","ventral",3,86985137,99.98
"40284","venturesome",3,86985140,99.98
"40285","verbomania",3,86985143,99.98
"40286","verdancy",3,86985146,99.98
"40287","verdure",3,86985149,99.98
"40288","veritably",3,86985152,99.98
"40289","vermorel",3,86985155,99.98
"40290","victorine",3,86985158,99.98
"40291","vicuna",3,86985161,99.98
"40292","vileness",3,86985164,99.98
"40293","vimana",3,86985167,99.98
"40294","vinifera",3,86985170,99.98
"40295","violaceous",3,86985173,99.98
"40296","virga",3,86985176,99.98
"40297","viscid",3,86985179,99.98
"40298","viscountess",3,86985182,99.98
"40299","viticulturist",3,86985185,99.98
"40300","vocalise",3,86985188,99.98
"40301","voidable",3,86985191,99.98
"40302","volcanology",3,86985194,99.98
"40303","volitional",3,86985197,99.98
"40304","vulgus",3,86985200,99.98
"40305","vulnerably",3,86985203,99.98
"40306","waddy",3,86985206,99.98
"40307","waff",3,86985209,99.98
"40308","waggish",3,86985212,99.98
"40309","wakeel",3,86985215,99.98
"40310","waling",3,86985218,99.98
"40311","wallman",3,86985221,99.98
"40312","wanner",3,86985224,99.98
"40313","waratah",3,86985227,99.98
"40314","warbly",3,86985230,99.98
"40315","warded",3,86985233,99.98
"40316","wardroom",3,86985236,99.98
"40317","warman",3,86985239,99.98
"40318","warmouth",3,86985242,99.98
"40319","warrioress",3,86985245,99.98
"40320","washday",3,86985248,99.98
"40321","wastepaper",3,86985251,99.98
"40322","waterboard",3,86985254,99.98
"40323","wateriness",3,86985257,99.98
"40324","waterlogging",3,86985260,99.98
"40325","waxwork",3,86985263,99.98
"40326","wealthily",3,86985266,99.98
"40327","weatherworn",3,86985269,99.98
"40328","weeder",3,86985272,99.98
"40329","weening",3,86985275,99.98
"40330","wels",3,86985278,99.98
"40331","wenny",3,86985281,99.98
"40332","westernize",3,86985284,99.98
"40333","wheelman",3,86985287,99.98
"40334","whelk",3,86985290,99.98
"40335","whereon",3,86985293,99.98
"40336","whinger",3,86985296,99.98
"40337","whininess",3,86985299,99.98
"40338","whipsaw",3,86985302,99.98
"40339","whipstitch",3,86985305,99.98
"40340","whirley",3,86985308,99.98
"40341","whish",3,86985311,99.98
"40342","whitewood",3,86985314,99.98
"40343","whoredom",3,86985317,99.98
"40344","wice",3,86985320,99.98
"40345","widthwise",3,86985323,99.98
"40346","wifehood",3,86985326,99.98
"40347","wiggler",3,86985329,99.98
"40348","wildfowl",3,86985332,99.98
"40349","windage",3,86985335,99.98
"40350","winegrower",3,86985338,99.98
"40351","winkel",3,86985341,99.98
"40352","wirework",3,86985344,99.98
"40353","witched",3,86985347,99.98
"40354","wive",3,86985350,99.98
"40355","wobbliness",3,86985353,99.98
"40356","womanliness",3,86985356,99.98
"40357","woofer",3,86985359,99.98
"40358","woom",3,86985362,99.98
"40359","woozle",3,86985365,99.98
"40360","worktime",3,86985368,99.98
"40361","workwise",3,86985371,99.98
"40362","worldy",3,86985374,99.98
"40363","wormlike",3,86985377,99.98
"40364","worthiest",3,86985380,99.98
"40365","wowser",3,86985383,99.98
"40366","wrasse",3,86985386,99.98
"40367","wronger",3,86985389,99.98
"40368","wust",3,86985392,99.98
"40369","xanthine",3,86985395,99.98
"40370","yalb",3,86985398,99.98
"40371","yaupon",3,86985401,99.98
"40372","yawner",3,86985404,99.98
"40373","yeastiness",3,86985407,99.98
"40374","yellowness",3,86985410,99.98
"40375","yodeler",3,86985413,99.98
"40376","yoe",3,86985416,99.98
"40377","yohimbe",3,86985419,99.98
"40378","yolky",3,86985422,99.98
"40379","youngun",3,86985425,99.98
"40380","zamindar",3,86985428,99.98
"40381","zanze",3,86985431,99.98
"40382","zax",3,86985434,99.98
"40383","zehner",3,86985437,99.98
"40384","zestfully",3,86985440,99.98
"40385","zooplankton",3,86985443,99.98
"40386","aal",2,86985445,99.98
"40387","abatis",2,86985447,99.98
"40388","abhorrently",2,86985449,99.98
"40389","abortifacient",2,86985451,99.98
"40390","abrade",2,86985453,99.98
"40391","abrasax",2,86985455,99.98
"40392","abraxas",2,86985457,99.98
"40393","absconder",2,86985459,99.98
"40394","absorptive",2,86985461,99.98
"40395","abstractionist",2,86985463,99.98
"40396","abstractness",2,86985465,99.98
"40397","acana",2,86985467,99.98
"40398","accommodative",2,86985469,99.98
"40399","accrete",2,86985471,99.98
"40400","accumulative",2,86985473,99.98
"40401","acetyl",2,86985475,99.98
"40402","acetylcholine",2,86985477,99.98
"40403","acidifier",2,86985479,99.98
"40404","acidify",2,86985481,99.98
"40405","acle",2,86985483,99.98
"40406","acquisitiveness",2,86985485,99.98
"40407","acryl",2,86985487,99.98
"40408","adagietto",2,86985489,99.98
"40409","adamine",2,86985491,99.98
"40410","adit",2,86985493,99.98
"40411","adjudicative",2,86985495,99.98
"40412","adjunctive",2,86985497,99.98
"40413","admi",2,86985499,99.98
"40414","administratorship",2,86985501,99.98
"40415","adolescently",2,86985503,99.98
"40416","adsorption",2,86985505,99.98
"40417","adulate",2,86985507,99.98
"40418","adultness",2,86985509,99.98
"40419","adventuress",2,86985511,99.98
"40420","advertently",2,86985513,99.98
"40421","adze",2,86985515,99.98
"40422","aerification",2,86985517,99.98
"40423","aerify",2,86985519,99.98
"40424","aerodyne",2,86985521,99.98
"40425","aerofoil",2,86985523,99.98
"40426","aeronaut",2,86985525,99.98
"40427","aeronautic",2,86985527,99.98
"40428","affectionally",2,86985529,99.98
"40429","affixation",2,86985531,99.98
"40430","affray",2,86985533,99.98
"40431","affright",2,86985535,99.98
"40432","affy",2,86985537,99.98
"40433","aftergood",2,86985539,99.98
"40434","agateware",2,86985541,99.98
"40435","agenesis",2,86985543,99.98
"40436","aggrandize",2,86985545,99.98
"40437","agilely",2,86985547,99.98
"40438","agley",2,86985549,99.98
"40439","agnostically",2,86985551,99.98
"40440","agreeableness",2,86985553,99.98
"40441","ahum",2,86985555,99.98
"40442","aircraftsman",2,86985557,99.98
"40443","airfreight",2,86985559,99.98
"40444","airmanship",2,86985561,99.98
"40445","akey",2,86985563,99.98
"40446","alanine",2,86985565,99.98
"40447","alannah",2,86985567,99.98
"40448","alate",2,86985569,99.98
"40449","albinism",2,86985571,99.98
"40450","alcalde",2,86985573,99.98
"40451","alchemically",2,86985575,99.98
"40452","alcoholically",2,86985577,99.98
"40453","alee",2,86985579,99.98
"40454","alef",2,86985581,99.98
"40455","alexandrite",2,86985583,99.98
"40456","alienage",2,86985585,99.98
"40457","alienist",2,86985587,99.98
"40458","alizarin",2,86985589,99.98
"40459","alkalize",2,86985591,99.98
"40460","alkermes",2,86985593,99.98
"40461","alky",2,86985595,99.98
"40462","allegorize",2,86985597,99.98
"40463","allemande",2,86985599,99.98
"40464","allocator",2,86985601,99.98
"40465","allower",2,86985603,99.98
"40466","allusiveness",2,86985605,99.98
"40467","alluvium",2,86985607,99.98
"40468","almsgiving",2,86985609,99.98
"40469","alpenhorn",2,86985611,99.98
"40470","alterable",2,86985613,99.98
"40471","alterative",2,86985615,99.98
"40472","altercate",2,86985617,99.98
"40473","altrices",2,86985619,99.98
"40474","altruistically",2,86985621,99.98
"40475","alure",2,86985623,99.98
"40476","alveoli",2,86985625,99.98
"40477","alvine",2,86985627,99.98
"40478","amarin",2,86985629,99.98
"40479","amateurishness",2,86985631,99.98
"40480","amatory",2,86985633,99.98
"40481","ambitionless",2,86985635,99.98
"40482","ambitiousness",2,86985637,99.98
"40483","ambivert",2,86985639,99.98
"40484","ambulant",2,86985641,99.98
"40485","ambulate",2,86985643,99.98
"40486","amelioration",2,86985645,99.98
"40487","amendable",2,86985647,99.98
"40488","amice",2,86985649,99.98
"40489","amide",2,86985651,99.98
"40490","amidships",2,86985653,99.98
"40491","amil",2,86985655,99.98
"40492","ammophilous",2,86985657,99.98
"40493","amnesic",2,86985659,99.98
"40494","amnion",2,86985661,99.98
"40495","amoeboid",2,86985663,99.98
"40496","amortize",2,86985665,99.98
"40497","amphipod",2,86985667,99.98
"40498","anabasis",2,86985669,99.98
"40499","anadromous",2,86985671,99.98
"40500","analects",2,86985673,99.98
"40501","analogic",2,86985675,99.98
"40502","analogize",2,86985677,99.98
"40503","analysable",2,86985679,99.98
"40504","analyzation",2,86985681,99.98
"40505","anaphora",2,86985683,99.98
"40506","anarchical",2,86985685,99.98
"40507","anchorite",2,86985687,99.98
"40508","anchorless",2,86985689,99.98
"40509","androgenic",2,86985691,99.98
"40510","androgenous",2,86985693,99.98
"40511","anencephaly",2,86985695,99.98
"40512","anethole",2,86985697,99.98
"40513","aneuploidy",2,86985699,99.98
"40514","angioma",2,86985701,99.98
"40515","anglicize",2,86985703,99.98
"40516","ango",2,86985705,99.98
"40517","angstrom",2,86985707,99.98
"40518","angularity",2,86985709,99.98
"40519","animalic",2,86985711,99.98
"40520","animalier",2,86985713,99.98
"40521","animalization",2,86985715,99.98
"40522","anisotropic",2,86985717,99.98
"40523","anither",2,86985719,99.98
"40524","annealer",2,86985721,99.98
"40525","anomalously",2,86985723,99.98
"40526","ansate",2,86985725,99.98
"40527","antal",2,86985727,99.98
"40528","anthropocentrism",2,86985729,99.98
"40529","anticlerical",2,86985731,99.98
"40530","anticommunist",2,86985733,99.98
"40531","anticyclone",2,86985735,99.98
"40532","antigenic",2,86985737,99.98
"40533","antimalarial",2,86985739,99.98
"40534","antipodal",2,86985741,99.98
"40535","antipoverty",2,86985743,99.98
"40536","antiscientific",2,86985745,99.98
"40537","antitank",2,86985747,99.98
"40538","aphoristic",2,86985749,99.98
"40539","aphrodisia",2,86985751,99.98
"40540","apian",2,86985753,99.98
"40541","apish",2,86985755,99.98
"40542","appassionato",2,86985757,99.98
"40543","appellee",2,86985759,99.98
"40544","apperception",2,86985761,99.98
"40545","applecart",2,86985763,99.98
"40546","applicative",2,86985765,99.98
"40547","appropriative",2,86985767,99.98
"40548","appulse",2,86985769,99.98
"40549","appurtenant",2,86985771,99.98
"40550","apsidal",2,86985773,99.98
"40551","aptness",2,86985775,99.98
"40552","aquage",2,86985777,99.98
"40553","araba",2,86985779,99.98
"40554","arabin",2,86985781,99.98
"40555","arcanum",2,86985783,99.98
"40556","archimandrite",2,86985785,99.98
"40557","archpriest",2,86985787,99.98
"40558","ardella",2,86985789,99.98
"40559","argumentator",2,86985791,99.98
"40560","arhythmic",2,86985793,99.98
"40561","arna",2,86985795,99.98
"40562","aroid",2,86985797,99.98
"40563","arrant",2,86985799,99.98
"40564","arrestor",2,86985801,99.98
"40565","arrowwood",2,86985803,99.98
"40566","artfulness",2,86985805,99.98
"40567","artificialism",2,86985807,99.98
"40568","artlessness",2,86985809,99.98
"40569","artware",2,86985811,99.98
"40570","arvel",2,86985813,99.98
"40571","ascetically",2,86985815,99.98
"40572","ascription",2,86985817,99.98
"40573","aseptic",2,86985819,99.98
"40574","asexually",2,86985821,99.98
"40575","ashiness",2,86985823,99.98
"40576","aspace",2,86985825,99.98
"40577","aspergillum",2,86985827,99.98
"40578","asphodel",2,86985829,99.98
"40579","asphyxiate",2,86985831,99.98
"40580","assagai",2,86985833,99.98
"40581","assai",2,86985835,99.98
"40582","assaulter",2,86985837,99.98
"40583","assaying",2,86985839,99.98
"40584","assessable",2,86985841,99.98
"40585","assignor",2,86985843,99.98
"40586","assise",2,86985845,99.98
"40587","associatively",2,86985847,99.98
"40588","assonant",2,86985849,99.98
"40589","assumptive",2,86985851,99.98
"40590","assurant",2,86985853,99.98
"40591","astern",2,86985855,99.98
"40592","astigmatic",2,86985857,99.98
"40593","astrolabe",2,86985859,99.98
"40594","asymptote",2,86985861,99.98
"40595","asyndeton",2,86985863,99.98
"40596","ates",2,86985865,99.98
"40597","athenee",2,86985867,99.98
"40598","atheological",2,86985869,99.98
"40599","atip",2,86985871,99.98
"40600","atle",2,86985873,99.98
"40601","atomism",2,86985875,99.98
"40602","atomistic",2,86985877,99.98
"40603","atresia",2,86985879,99.98
"40604","atrioventricular",2,86985881,99.98
"40605","atrociousness",2,86985883,99.98
"40606","atrophic",2,86985885,99.98
"40607","atune",2,86985887,99.98
"40608","audibility",2,86985889,99.98
"40609","auditorily",2,86985891,99.98
"40610","auge",2,86985893,99.98
"40611","augury",2,86985895,99.98
"40612","auh",2,86985897,99.98
"40613","auk",2,86985899,99.98
"40614","aureolin",2,86985901,99.98
"40615","auricle",2,86985903,99.98
"40616","aurorae",2,86985905,99.98
"40617","austral",2,86985907,99.98
"40618","autoerotic",2,86985909,99.98
"40619","autolysis",2,86985911,99.98
"40620","autoscopic",2,86985913,99.98
"40621","averagely",2,86985915,99.98
"40622","averseness",2,86985917,99.98
"40623","aviate",2,86985919,99.98
"40624","avowal",2,86985921,99.98
"40625","awhirl",2,86985923,99.98
"40626","awninged",2,86985925,99.98
"40627","axially",2,86985927,99.98
"40628","ayu",2,86985929,99.98
"40629","babylike",2,86985931,99.98
"40630","backbite",2,86985933,99.98
"40631","backchat",2,86985935,99.98
"40632","backplate",2,86985937,99.98
"40633","backwood",2,86985939,99.98
"40634","bacula",2,86985941,99.98
"40635","baculi",2,86985943,99.98
"40636","badland",2,86985945,99.98
"40637","bago",2,86985947,99.98
"40638","bahut",2,86985949,99.98
"40639","baken",2,86985951,99.98
"40640","baksheesh",2,86985953,99.98
"40641","balata",2,86985955,99.98
"40642","baldpate",2,86985957,99.98
"40643","ballistically",2,86985959,99.98
"40644","balu",2,86985961,99.98
"40645","bamboozler",2,86985963,99.98
"40646","bandbox",2,86985965,99.98
"40647","bandi",2,86985967,99.98
"40648","baneful",2,86985969,99.98
"40649","banjoist",2,86985971,99.98
"40650","banky",2,86985973,99.98
"40651","barad",2,86985975,99.98
"40652","barbiturate",2,86985977,99.98
"40653","barefaced",2,86985979,99.98
"40654","barelegged",2,86985981,99.98
"40655","bargainer",2,86985983,99.98
"40656","baselessly",2,86985985,99.98
"40657","baseness",2,86985987,99.98
"40658","basenji",2,86985989,99.98
"40659","basketmaking",2,86985991,99.98
"40660","bassie",2,86985993,99.98
"40661","batata",2,86985995,99.98
"40662","batfish",2,86985997,99.98
"40663","battledore",2,86985999,99.98
"40664","bawd",2,86986001,99.98
"40665","bawdiness",2,86986003,99.98
"40666","bayed",2,86986005,99.98
"40667","beachman",2,86986007,99.98
"40668","beanfield",2,86986009,99.98
"40669","beardie",2,86986011,99.98
"40670","bearding",2,86986013,99.98
"40671","beatify",2,86986015,99.98
"40672","beatus",2,86986017,99.98
"40673","beauti",2,86986019,99.98
"40674","beautifier",2,86986021,99.98
"40675","bedmate",2,86986023,99.98
"40676","bedstead",2,86986025,99.98
"40677","beefiness",2,86986027,99.98
"40678","beerhouse",2,86986029,99.98
"40679","beermaker",2,86986031,99.98
"40680","beermaking",2,86986033,99.98
"40681","begay",2,86986035,99.98
"40682","beguilingly",2,86986037,99.98
"40683","behen",2,86986039,99.98
"40684","belee",2,86986041,99.98
"40685","believingly",2,86986043,99.98
"40686","belittlement",2,86986045,99.98
"40687","bellhouse",2,86986047,99.98
"40688","beltine",2,86986049,99.98
"40689","bemusedly",2,86986051,99.98
"40690","benami",2,86986053,99.98
"40691","benben",2,86986055,99.98
"40692","benignity",2,86986057,99.98
"40693","benison",2,86986059,99.98
"40694","benumbed",2,86986061,99.98
"40695","benzoate",2,86986063,99.98
"40696","benzoic",2,86986065,99.98
"40697","berain",2,86986067,99.98
"40698","bereave",2,86986069,99.98
"40699","berend",2,86986071,99.98
"40700","berthing",2,86986073,99.98
"40701","besa",2,86986075,99.98
"40702","bespin",2,86986077,99.98
"40703","bestiary",2,86986079,99.98
"40704","bestill",2,86986081,99.98
"40705","bestower",2,86986083,99.98
"40706","bestride",2,86986085,99.98
"40707","bethink",2,86986087,99.98
"40708","betimes",2,86986089,99.98
"40709","betony",2,86986091,99.98
"40710","betted",2,86986093,99.98
"40711","betterness",2,86986095,99.98
"40712","bevelled",2,86986097,99.98
"40713","bewilderingly",2,86986099,99.98
"40714","bhoy",2,86986101,99.98
"40715","biasness",2,86986103,99.98
"40716","bibliographer",2,86986105,99.98
"40717","bicolor",2,86986107,99.98
"40718","biddable",2,86986109,99.98
"40719","bifold",2,86986111,99.98
"40720","bilberry",2,86986113,99.98
"40721","bilic",2,86986115,99.98
"40722","billeting",2,86986117,99.98
"40723","billman",2,86986119,99.98
"40724","bilocation",2,86986121,99.98
"40725","bindingness",2,86986123,99.98
"40726","biocycle",2,86986125,99.98
"40727","biogenesis",2,86986127,99.98
"40728","biophysical",2,86986129,99.98
"40729","biophysics",2,86986131,99.98
"40730","biopsychology",2,86986133,99.98
"40731","biosocial",2,86986135,99.98
"40732","bipedality",2,86986137,99.98
"40733","birching",2,86986139,99.98
"40734","birdcatcher",2,86986141,99.98
"40735","birdwoman",2,86986143,99.98
"40736","biri",2,86986145,99.98
"40737","birkie",2,86986147,99.98
"40738","bitewing",2,86986149,99.98
"40739","bitless",2,86986151,99.98
"40740","bitterish",2,86986153,99.98
"40741","bitume",2,86986155,99.98
"40742","bitwise",2,86986157,99.98
"40743","bivariate",2,86986159,99.98
"40744","blackfin",2,86986161,99.98
"40745","blackfish",2,86986163,99.98
"40746","blae",2,86986165,99.98
"40747","blamelessly",2,86986167,99.98
"40748","blameworthy",2,86986169,99.98
"40749","blan",2,86986171,99.98
"40750","blancher",2,86986173,99.98
"40751","blastomycosis",2,86986175,99.98
"40752","blasty",2,86986177,99.98
"40753","blat",2,86986179,99.98
"40754","blatancy",2,86986181,99.98
"40755","bleachable",2,86986183,99.98
"40756","bleacherman",2,86986185,99.98
"40757","blissfulness",2,86986187,99.98
"40758","blistery",2,86986189,99.98
"40759","blitheness",2,86986191,99.98
"40760","bloodiness",2,86986193,99.98
"40761","blout",2,86986195,99.98
"40762","blucher",2,86986197,99.98
"40763","bluebook",2,86986199,99.98
"40764","bluenose",2,86986201,99.98
"40765","bluing",2,86986203,99.98
"40766","blushful",2,86986205,99.98
"40767","blushy",2,86986207,99.98
"40768","boaster",2,86986209,99.98
"40769","boatbuilding",2,86986211,99.98
"40770","bodach",2,86986213,99.98
"40771","boder",2,86986215,99.98
"40772","boga",2,86986217,99.98
"40773","boisterously",2,86986219,99.98
"40774","boloney",2,86986221,99.98
"40775","bombastically",2,86986223,99.98
"40776","bonang",2,86986225,99.98
"40777","bonce",2,86986227,99.98
"40778","bonder",2,86986229,99.98
"40779","bondless",2,86986231,99.98
"40780","bondwoman",2,86986233,99.98
"40781","bonebreaker",2,86986235,99.98
"40782","bonnethead",2,86986237,99.98
"40783","bood",2,86986239,99.98
"40784","bookishness",2,86986241,99.98
"40785","bookrack",2,86986243,99.98
"40786","bookroom",2,86986245,99.98
"40787","bool",2,86986247,99.98
"40788","boomy",2,86986249,99.98
"40789","bootee",2,86986251,99.98
"40790","bootjack",2,86986253,99.98
"40791","borean",2,86986255,99.98
"40792","borning",2,86986257,99.98
"40793","bosomed",2,86986259,99.98
"40794","bosun",2,86986261,99.98
"40795","botherer",2,86986263,99.98
"40796","bouge",2,86986265,99.98
"40797","bourgeoise",2,86986267,99.98
"40798","bouse",2,86986269,99.98
"40799","bowhead",2,86986271,99.98
"40800","bowline",2,86986273,99.98
"40801","bowsprit",2,86986275,99.98
"40802","boxful",2,86986277,99.98
"40803","bracero",2,86986279,99.98
"40804","brachiosaur",2,86986281,99.98
"40805","bract",2,86986283,99.98
"40806","bradycardia",2,86986285,99.98
"40807","braehead",2,86986287,99.98
"40808","bragger",2,86986289,99.98
"40809","brakeless",2,86986291,99.98
"40810","brambling",2,86986293,99.98
"40811","brander",2,86986295,99.98
"40812","brandreth",2,86986297,99.98
"40813","branner",2,86986299,99.98
"40814","branny",2,86986301,99.98
"40815","brassard",2,86986303,99.98
"40816","brasse",2,86986305,99.98
"40817","braze",2,86986307,99.98
"40818","breadless",2,86986309,99.98
"40819","breeched",2,86986311,99.98
"40820","breeziness",2,86986313,99.98
"40821","brickbat",2,86986315,99.98
"40822","bricky",2,86986317,99.98
"40823","bridgework",2,86986319,99.98
"40824","bridling",2,86986321,99.98
"40825","brightwork",2,86986323,99.98
"40826","brilliancy",2,86986325,99.98
"40827","brills",2,86986327,99.98
"40828","briming",2,86986329,99.98
"40829","brimmer",2,86986331,99.98
"40830","bromeliad",2,86986333,99.98
"40831","bronchi",2,86986335,99.98
"40832","brooklet",2,86986337,99.98
"40833","broon",2,86986339,99.98
"40834","brose",2,86986341,99.98
"40835","browman",2,86986343,99.98
"40836","brownness",2,86986345,99.98
"40837","bual",2,86986347,99.98
"40838","buckie",2,86986349,99.98
"40839","budder",2,86986351,99.98
"40840","bufflehead",2,86986353,99.98
"40841","bughouse",2,86986355,99.98
"40842","bulkiness",2,86986357,99.98
"40843","bullethead",2,86986359,99.98
"40844","bullishly",2,86986361,99.98
"40845","bullnose",2,86986363,99.98
"40846","buna",2,86986365,99.98
"40847","buncher",2,86986367,99.98
"40848","buran",2,86986369,99.98
"40849","burgee",2,86986371,99.98
"40850","burglarious",2,86986373,99.98
"40851","burgle",2,86986375,99.98
"40852","burring",2,86986377,99.98
"40853","busher",2,86986379,99.98
"40854","bushi",2,86986381,99.98
"40855","bushmaster",2,86986383,99.98
"40856","bustard",2,86986385,99.98
"40857","butterbur",2,86986387,99.98
"40858","butteriness",2,86986389,99.98
"40859","buttinsky",2,86986391,99.98
"40860","cabala",2,86986393,99.98
"40861","cabdriving",2,86986395,99.98
"40862","cabinetmaking",2,86986397,99.98
"40863","cadastral",2,86986399,99.98
"40864","caddish",2,86986401,99.98
"40865","cadetship",2,86986403,99.98
"40866","cagily",2,86986405,99.98
"40867","cahoot",2,86986407,99.98
"40868","caid",2,86986409,99.98
"40869","cairngorm",2,86986411,99.98
"40870","caisson",2,86986413,99.98
"40871","calaba",2,86986415,99.98
"40872","calamansi",2,86986417,99.98
"40873","calascione",2,86986419,99.98
"40874","calculative",2,86986421,99.98
"40875","calculous",2,86986423,99.98
"40876","calk",2,86986425,99.98
"40877","callosum",2,86986427,99.98
"40878","calmy",2,86986429,99.98
"40879","calomel",2,86986431,99.98
"40880","calorimeter",2,86986433,99.98
"40881","calved",2,86986435,99.98
"40882","calver",2,86986437,99.98
"40883","campanini",2,86986439,99.98
"40884","canaille",2,86986441,99.98
"40885","canalside",2,86986443,99.98
"40886","cancered",2,86986445,99.98
"40887","candlewood",2,86986447,99.98
"40888","canebrake",2,86986449,99.98
"40889","cankerworm",2,86986451,99.98
"40890","canniness",2,86986453,99.98
"40891","canonic",2,86986455,99.98
"40892","canopic",2,86986457,99.98
"40893","cantankerously",2,86986459,99.98
"40894","cantankerousness",2,86986461,99.98
"40895","canting",2,86986463,99.98
"40896","cantonment",2,86986465,99.98
"40897","cantoris",2,86986467,99.98
"40898","capelin",2,86986469,99.98
"40899","capless",2,86986471,99.98
"40900","capricci",2,86986473,99.98
"40901","capriciousness",2,86986475,99.98
"40902","caprylate",2,86986477,99.98
"40903","capstan",2,86986479,99.98
"40904","caracole",2,86986481,99.98
"40905","caravanserai",2,86986483,99.98
"40906","carbamide",2,86986485,99.98
"40907","carbolic",2,86986487,99.98
"40908","carcinoid",2,86986489,99.98
"40909","cardioid",2,86986491,99.98
"40910","carefulness",2,86986493,99.98
"40911","carious",2,86986495,99.98
"40912","carnifex",2,86986497,99.98
"40913","carpetbag",2,86986499,99.98
"40914","carrack",2,86986501,99.98
"40915","carriageable",2,86986503,99.98
"40916","caryatid",2,86986505,99.98
"40917","casemaking",2,86986507,99.98
"40918","cassowary",2,86986509,99.98
"40919","castelet",2,86986511,99.98
"40920","castigation",2,86986513,99.98
"40921","catabolism",2,86986515,99.98
"40922","cataclysmically",2,86986517,99.98
"40923","catamite",2,86986519,99.98
"40924","catchpenny",2,86986521,99.98
"40925","catechin",2,86986523,99.98
"40926","catechumenate",2,86986525,99.98
"40927","categoric",2,86986527,99.98
"40928","cathexis",2,86986529,99.98
"40929","caudal",2,86986531,99.98
"40930","caudle",2,86986533,99.98
"40931","cauld",2,86986535,99.98
"40932","causer",2,86986537,99.98
"40933","causse",2,86986539,99.98
"40934","cavalryman",2,86986541,99.98
"40935","cedre",2,86986543,99.98
"40936","cedula",2,86986545,99.98
"40937","celestially",2,86986547,99.98
"40938","celestina",2,86986549,99.98
"40939","cementation",2,86986551,99.98
"40940","cental",2,86986553,99.98
"40941","centime",2,86986555,99.98
"40942","centralism",2,86986557,99.98
"40943","centry",2,86986559,99.98
"40944","cepa",2,86986561,99.98
"40945","cephalic",2,86986563,99.98
"40946","cerebra",2,86986565,99.98
"40947","cerebrally",2,86986567,99.98
"40948","ceresin",2,86986569,99.98
"40949","cerium",2,86986571,99.98
"40950","cero",2,86986573,99.98
"40951","certifier",2,86986575,99.98
"40952","cession",2,86986577,99.98
"40953","ceti",2,86986579,99.98
"40954","cetin",2,86986581,99.98
"40955","chalmer",2,86986583,99.98
"40956","chamfer",2,86986585,99.98
"40957","changa",2,86986587,99.98
"40958","changeful",2,86986589,99.98
"40959","channer",2,86986591,99.98
"40960","chapeaux",2,86986593,99.98
"40961","chaped",2,86986595,99.98
"40962","charac",2,86986597,99.98
"40963","chargeless",2,86986599,99.98
"40964","charlatanism",2,86986601,99.98
"40965","chastely",2,86986603,99.98
"40966","cheeseboard",2,86986605,99.98
"40967","cheeser",2,86986607,99.98
"40968","chelidon",2,86986609,99.98
"40969","chello",2,86986611,99.98
"40970","chicot",2,86986613,99.98
"40971","chiefest",2,86986615,99.98
"40972","chih",2,86986617,99.98
"40973","chiliasm",2,86986619,99.98
"40974","chilliness",2,86986621,99.98
"40975","chimaera",2,86986623,99.98
"40976","chimerical",2,86986625,99.98
"40977","chinless",2,86986627,99.98
"40978","chinquapin",2,86986629,99.98
"40979","chirpily",2,86986631,99.98
"40980","chlor",2,86986633,99.98
"40981","chlorinate",2,86986635,99.98
"40982","chloroquine",2,86986637,99.98
"40983","chlorosis",2,86986639,99.98
"40984","chondroitin",2,86986641,99.98
"40985","chouse",2,86986643,99.98
"40986","chrism",2,86986645,99.98
"40987","chromatically",2,86986647,99.98
"40988","chromatograph",2,86986649,99.98
"40989","chromatography",2,86986651,99.98
"40990","chronometer",2,86986653,99.98
"40991","chronotropic",2,86986655,99.98
"40992","chuckies",2,86986657,99.98
"40993","chummily",2,86986659,99.98
"40994","chumpy",2,86986661,99.98
"40995","churchianity",2,86986663,99.98
"40996","churching",2,86986665,99.98
"40997","churchly",2,86986667,99.98
"40998","churl",2,86986669,99.98
"40999","cigarillo",2,86986671,99.98
"41000","cilice",2,86986673,99.98
"41001","circumferential",2,86986675,99.98
"41002","circumscribe",2,86986677,99.98
"41003","circumspection",2,86986679,99.98
"41004","circumstantially",2,86986681,99.98
"41005","circusy",2,86986683,99.98
"41006","cismontane",2,86986685,99.98
"41007","clairaudience",2,86986687,99.98
"41008","clamberer",2,86986689,99.98
"41009","clamer",2,86986691,99.98
"41010","clannishness",2,86986693,99.98
"41011","clapperclaw",2,86986695,99.98
"41012","claque",2,86986697,99.98
"41013","clasper",2,86986699,99.98
"41014","classificatory",2,86986701,99.98
"41015","claudication",2,86986703,99.98
"41016","clayey",2,86986705,99.98
"41017","clearheaded",2,86986707,99.98
"41018","clearheadedness",2,86986709,99.98
"41019","clee",2,86986711,99.98
"41020","cleek",2,86986713,99.98
"41021","clep",2,86986715,99.98
"41022","clerihew",2,86986717,99.98
"41023","climactically",2,86986719,99.98
"41024","cloddish",2,86986721,99.98
"41025","clogger",2,86986723,99.98
"41026","clonus",2,86986725,99.98
"41027","closable",2,86986727,99.98
"41028","clouted",2,86986729,99.98
"41029","cloy",2,86986731,99.98
"41030","clubfoot",2,86986733,99.98
"41031","clubland",2,86986735,99.98
"41032","coachability",2,86986737,99.98
"41033","cockatrice",2,86986739,99.98
"41034","cockchafer",2,86986741,99.98
"41035","cockily",2,86986743,99.98
"41036","codding",2,86986745,99.98
"41037","codicil",2,86986747,99.98
"41038","codman",2,86986749,99.98
"41039","codo",2,86986751,99.98
"41040","coenobium",2,86986753,99.98
"41041","cogitation",2,86986755,99.98
"41042","cognize",2,86986757,99.98
"41043","coldish",2,86986759,99.98
"41044","colectomy",2,86986761,99.98
"41045","coliform",2,86986763,99.98
"41046","collaborationist",2,86986765,99.98
"41047","collator",2,86986767,99.98
"41048","colloque",2,86986769,99.98
"41049","colloquia",2,86986771,99.98
"41050","collusive",2,86986773,99.98
"41051","colombier",2,86986775,99.98
"41052","colonnaded",2,86986777,99.98
"41053","coloss",2,86986779,99.98
"41054","coltish",2,86986781,99.98
"41055","coly",2,86986783,99.98
"41056","commensurately",2,86986785,99.98
"41057","commonness",2,86986787,99.98
"41058","commutual",2,86986789,99.98
"41059","compacter",2,86986791,99.98
"41060","companionate",2,86986793,99.98
"41061","companionway",2,86986795,99.98
"41062","compellable",2,86986797,99.98
"41063","compendious",2,86986799,99.98
"41064","complexification",2,86986801,99.98
"41065","comprachico",2,86986803,99.98
"41066","comprehensiveness",2,86986805,99.98
"41067","compulsed",2,86986807,99.98
"41068","concavity",2,86986809,99.98
"41069","concertgoer",2,86986811,99.98
"41070","concordantly",2,86986813,99.98
"41071","condole",2,86986815,99.98
"41072","conduce",2,86986817,99.98
"41073","conductorless",2,86986819,99.98
"41074","confabulate",2,86986821,99.98
"41075","conferment",2,86986823,99.98
"41076","conferral",2,86986825,99.98
"41077","confoundingly",2,86986827,99.98
"41078","congruous",2,86986829,99.98
"41079","conine",2,86986831,99.98
"41080","conjunctive",2,86986833,99.98
"41081","conniver",2,86986835,99.98
"41082","connubial",2,86986837,99.98
"41083","conscienceless",2,86986839,99.98
"41084","conscientiousness",2,86986841,99.98
"41085","conservativeness",2,86986843,99.98
"41086","conserver",2,86986845,99.98
"41087","consolatory",2,86986847,99.98
"41088","constitutively",2,86986849,99.98
"41089","consulter",2,86986851,99.98
"41090","contemporanean",2,86986853,99.98
"41091","contemporaneity",2,86986855,99.98
"41092","contemporarily",2,86986857,99.98
"41093","contestable",2,86986859,99.98
"41094","contiguity",2,86986861,99.98
"41095","contrabass",2,86986863,99.98
"41096","contradictive",2,86986865,99.98
"41097","contradictorily",2,86986867,99.98
"41098","contrastingly",2,86986869,99.98
"41099","controvert",2,86986871,99.98
"41100","convalesce",2,86986873,99.98
"41101","conversationally",2,86986875,99.98
"41102","convincer",2,86986877,99.98
"41103","convolute",2,86986879,99.98
"41104","convulsant",2,86986881,99.98
"41105","copal",2,86986883,99.98
"41106","copis",2,86986885,99.98
"41107","copple",2,86986887,99.98
"41108","copra",2,86986889,99.98
"41109","coproducer",2,86986891,99.98
"41110","coprophagia",2,86986893,99.98
"41111","coprophilic",2,86986895,99.98
"41112","copula",2,86986897,99.98
"41113","coquettishly",2,86986899,99.98
"41114","corbel",2,86986901,99.98
"41115","cordage",2,86986903,99.98
"41116","cordwood",2,86986905,99.98
"41117","corespondent",2,86986907,99.98
"41118","cornual",2,86986909,99.98
"41119","cornucopian",2,86986911,99.98
"41120","corpulence",2,86986913,99.98
"41121","corrosiveness",2,86986915,99.98
"41122","corrupter",2,86986917,99.98
"41123","cosmical",2,86986919,99.98
"41124","cosmism",2,86986921,99.98
"41125","coss",2,86986923,99.98
"41126","costal",2,86986925,99.98
"41127","costliness",2,86986927,99.98
"41128","cottagey",2,86986929,99.98
"41129","cotyledon",2,86986931,99.98
"41130","coue",2,86986933,99.98
"41131","counselee",2,86986935,99.98
"41132","counteractive",2,86986937,99.98
"41133","counterblast",2,86986939,99.98
"41134","counterfoil",2,86986941,99.98
"41135","counteroffensive",2,86986943,99.98
"41136","counterreaction",2,86986945,99.98
"41137","counterrevolutionary",2,86986947,99.98
"41138","courter",2,86986949,99.98
"41139","cowcatcher",2,86986951,99.98
"41140","cowfish",2,86986953,99.98
"41141","cowgate",2,86986955,99.98
"41142","cowled",2,86986957,99.98
"41143","cowpea",2,86986959,99.98
"41144","cowshed",2,86986961,99.98
"41145","cowslip",2,86986963,99.98
"41146","coxcomb",2,86986965,99.98
"41147","coyness",2,86986967,99.98
"41148","cracky",2,86986969,99.98
"41149","crammer",2,86986971,99.98
"41150","craniofacial",2,86986973,99.98
"41151","crankily",2,86986975,99.98
"41152","cravenly",2,86986977,99.98
"41153","creaseless",2,86986979,99.98
"41154","creationary",2,86986981,99.98
"41155","creatrix",2,86986983,99.98
"41156","creedmore",2,86986985,99.98
"41157","creen",2,86986987,99.98
"41158","cremaster",2,86986989,99.98
"41159","cremator",2,86986991,99.98
"41160","cresson",2,86986993,99.98
"41161","cretinous",2,86986995,99.98
"41162","crickey",2,86986997,99.98
"41163","criminogenic",2,86986999,99.98
"41164","cringingly",2,86987001,99.98
"41165","crocodilian",2,86987003,99.98
"41166","croisette",2,86987005,99.98
"41167","croodle",2,86987007,99.98
"41168","crookedly",2,86987009,99.98
"41169","crosa",2,86987011,99.98
"41170","crosier",2,86987013,99.98
"41171","crossbill",2,86987015,99.98
"41172","crossbred",2,86987017,99.98
"41173","crossline",2,86987019,99.98
"41174","cruciform",2,86987021,99.98
"41175","crumply",2,86987023,99.98
"41176","crunchingly",2,86987025,99.98
"41177","cubdom",2,86987027,99.98
"41178","cubmaster",2,86987029,99.98
"41179","cuck",2,86987031,99.98
"41180","cucurbit",2,86987033,99.98
"41181","culmen",2,86987035,99.98
"41182","cultism",2,86987037,99.98
"41183","cultivatable",2,86987039,99.98
"41184","culverhouse",2,86987041,99.98
"41185","cumber",2,86987043,99.98
"41186","cumbersomely",2,86987045,99.98
"41187","cumulation",2,86987047,99.98
"41188","cuppy",2,86987049,99.98
"41189","curability",2,86987051,99.98
"41190","curial",2,86987053,99.98
"41191","curlingly",2,86987055,99.98
"41192","currach",2,86987057,99.98
"41193","cursorily",2,86987059,99.98
"41194","curst",2,86987061,99.98
"41195","curtesy",2,86987063,99.98
"41196","cutwork",2,86987065,99.98
"41197","cyberneticist",2,86987067,99.98
"41198","cyclically",2,86987069,99.98
"41199","cyma",2,86987071,99.98
"41200","cyp",2,86987073,99.98
"41201","cypres",2,86987075,99.98
"41202","cystoscopy",2,86987077,99.98
"41203","cytogenetics",2,86987079,99.98
"41204","cytology",2,86987081,99.98
"41205","daftness",2,86987083,99.98
"41206","daggy",2,86987085,99.98
"41207","dailiness",2,86987087,99.98
"41208","daintiness",2,86987089,99.98
"41209","dama",2,86987091,99.98
"41210","damager",2,86987093,99.98
"41211","damier",2,86987095,99.98
"41212","damnably",2,86987097,99.98
"41213","damningly",2,86987099,99.98
"41214","damselfish",2,86987101,99.98
"41215","dapperness",2,86987103,99.98
"41216","darksome",2,86987105,99.98
"41217","darnel",2,86987107,99.98
"41218","dashingly",2,86987109,99.98
"41219","dauntlessly",2,86987111,99.98
"41220","daybook",2,86987113,99.98
"41221","dayroom",2,86987115,99.98
"41222","daytimes",2,86987117,99.98
"41223","deaner",2,86987119,99.98
"41224","deanery",2,86987121,99.98
"41225","deanship",2,86987123,99.98
"41226","deathday",2,86987125,99.98
"41227","debenture",2,86987127,99.98
"41228","decagon",2,86987129,99.98
"41229","decani",2,86987131,99.98
"41230","deceitfully",2,86987133,99.98
"41231","decima",2,86987135,99.98
"41232","decipherable",2,86987137,99.98
"41233","decipherer",2,86987139,99.98
"41234","decorously",2,86987141,99.98
"41235","decrescendo",2,86987143,99.98
"41236","dedicatory",2,86987145,99.98
"41237","deerhound",2,86987147,99.98
"41238","defenestration",2,86987149,99.98
"41239","defensibility",2,86987151,99.98
"41240","deferentially",2,86987153,99.98
"41241","defiler",2,86987155,99.98
"41242","deflector",2,86987157,99.98
"41243","defloration",2,86987159,99.98
"41244","deforce",2,86987161,99.98
"41245","deformable",2,86987163,99.98
"41246","dehydrogenase",2,86987165,99.98
"41247","dehydrogenation",2,86987167,99.98
"41248","delightsome",2,86987169,99.98
"41249","delimit",2,86987171,99.98
"41250","delimiter",2,86987173,99.98
"41251","delint",2,86987175,99.98
"41252","delver",2,86987177,99.98
"41253","demagnetizer",2,86987179,99.98
"41254","demander",2,86987181,99.98
"41255","demarkation",2,86987183,99.98
"41256","demijohn",2,86987185,99.98
"41257","demob",2,86987187,99.98
"41258","demobilization",2,86987189,99.98
"41259","demoniacal",2,86987191,99.98
"41260","demurring",2,86987193,99.98
"41261","denervation",2,86987195,99.98
"41262","denominate",2,86987197,99.98
"41263","dentil",2,86987199,99.98
"41264","dentition",2,86987201,99.98
"41265","deodorize",2,86987203,99.98
"41266","deodorizer",2,86987205,99.98
"41267","depigmentation",2,86987207,99.98
"41268","deputation",2,86987209,99.98
"41269","derivable",2,86987211,99.98
"41270","derogative",2,86987213,99.98
"41271","descendance",2,86987215,99.98
"41272","desertlike",2,86987217,99.98
"41273","deservingly",2,86987219,99.98
"41274","despicably",2,86987221,99.98
"41275","dessa",2,86987223,99.98
"41276","destroyable",2,86987225,99.98
"41277","detectible",2,86987227,99.98
"41278","detent",2,86987229,99.98
"41279","detestation",2,86987231,99.98
"41280","dethronement",2,86987233,99.98
"41281","detraction",2,86987235,99.98
"41282","deuced",2,86987237,99.98
"41283","devilfish",2,86987239,99.98
"41284","deviltry",2,86987241,99.98
"41285","dhai",2,86987243,99.98
"41286","dhak",2,86987245,99.98
"41287","dhanush",2,86987247,99.98
"41288","dharmsala",2,86987249,99.98
"41289","dharna",2,86987251,99.98
"41290","dhoti",2,86987253,99.98
"41291","diaconate",2,86987255,99.98
"41292","diaeresis",2,86987257,99.98
"41293","diagnostically",2,86987259,99.98
"41294","diagrammatic",2,86987261,99.98
"41295","dialectically",2,86987263,99.98
"41296","dialin",2,86987265,99.98
"41297","diarrheal",2,86987267,99.98
"41298","diathermy",2,86987269,99.98
"41299","dibbuk",2,86987271,99.98
"41300","diceman",2,86987273,99.98
"41301","didactically",2,86987275,99.98
"41302","didna",2,86987277,99.98
"41303","diethylstilbestrol",2,86987279,99.98
"41304","diffidently",2,86987281,99.98
"41305","digitalism",2,86987283,99.98
"41306","digitalize",2,86987285,99.98
"41307","dihedral",2,86987287,99.98
"41308","dihydrate",2,86987289,99.98
"41309","dillier",2,86987291,99.98
"41310","dillweed",2,86987293,99.98
"41311","dimensionless",2,86987295,99.98
"41312","dimer",2,86987297,99.98
"41313","diminuendo",2,86987299,99.98
"41314","diminutively",2,86987301,99.98
"41315","dimity",2,86987303,99.98
"41316","dinitrophenol",2,86987305,99.98
"41317","diol",2,86987307,99.98
"41318","diphthong",2,86987309,99.98
"41319","diplopia",2,86987311,99.98
"41320","directer",2,86987313,99.98
"41321","direness",2,86987315,99.98
"41322","dirl",2,86987317,99.98
"41323","disaffiliate",2,86987319,99.98
"41324","disaggregate",2,86987321,99.98
"41325","disappointedly",2,86987323,99.98
"41326","disavowal",2,86987325,99.98
"41327","discerner",2,86987327,99.98
"41328","discernibly",2,86987329,99.98
"41329","disconcert",2,86987331,99.98
"41330","disconsolately",2,86987333,99.98
"41331","discordance",2,86987335,99.98
"41332","discreditable",2,86987337,99.98
"41333","discrepant",2,86987339,99.98
"41334","discriminant",2,86987341,99.98
"41335","discursively",2,86987343,99.98
"41336","disembarkation",2,86987345,99.98
"41337","disestablishment",2,86987347,99.98
"41338","dishearten",2,86987349,99.98
"41339","disinherit",2,86987351,99.98
"41340","disinterestedly",2,86987353,99.98
"41341","disjunctive",2,86987355,99.98
"41342","dismissable",2,86987357,99.98
"41343","disparately",2,86987359,99.98
"41344","displayable",2,86987361,99.98
"41345","disposer",2,86987363,99.98
"41346","disproportionality",2,86987365,99.98
"41347","disrespecter",2,86987367,99.98
"41348","dissembler",2,86987369,99.98
"41349","disserve",2,86987371,99.98
"41350","dissimilarity",2,86987373,99.98
"41351","dissimulate",2,86987375,99.98
"41352","dissuasive",2,86987377,99.98
"41353","distend",2,86987379,99.98
"41354","distention",2,86987381,99.98
"41355","ditcher",2,86987383,99.98
"41356","diuresis",2,86987385,99.98
"41357","diversely",2,86987387,99.98
"41358","diverter",2,86987389,99.98
"41359","dobber",2,86987391,99.98
"41360","dobra",2,86987393,99.98
"41361","docilely",2,86987395,99.98
"41362","doddy",2,86987397,99.98
"41363","dodecahedron",2,86987399,99.98
"41364","doeskin",2,86987401,99.98
"41365","dogface",2,86987403,99.98
"41366","doglike",2,86987405,99.98
"41367","doina",2,86987407,99.98
"41368","dolina",2,86987409,99.98
"41369","dollmaker",2,86987411,99.98
"41370","domiciliation",2,86987413,99.98
"41371","donkeyman",2,86987415,99.98
"41372","doomstead",2,86987417,99.98
"41373","doryphorus",2,86987419,99.98
"41374","dosimeter",2,86987421,99.98
"41375","dotter",2,86987423,99.98
"41376","dought",2,86987425,99.98
"41377","doup",2,86987427,99.98
"41378","dourly",2,86987429,99.98
"41379","downland",2,86987431,99.98
"41380","downstage",2,86987433,99.98
"41381","dowse",2,86987435,99.98
"41382","doxa",2,86987437,99.98
"41383","drabness",2,86987439,99.98
"41384","dragoness",2,86987441,99.98
"41385","dragonhead",2,86987443,99.98
"41386","drawler",2,86987445,99.98
"41387","dree",2,86987447,99.98
"41388","drest",2,86987449,99.98
"41389","driftless",2,86987451,99.98
"41390","drogue",2,86987453,99.98
"41391","drollness",2,86987455,99.98
"41392","drolly",2,86987457,99.98
"41393","drophead",2,86987459,99.98
"41394","droppy",2,86987461,99.98
"41395","drover",2,86987463,99.98
"41396","drowner",2,86987465,99.98
"41397","dubiousness",2,86987467,99.98
"41398","ducted",2,86987469,99.98
"41399","duello",2,86987471,99.98
"41400","duer",2,86987473,99.98
"41401","dulse",2,86987475,99.98
"41402","dult",2,86987477,99.98
"41403","dunderhead",2,86987479,99.98
"41404","dungaree",2,86987481,99.98
"41405","dupable",2,86987483,99.98
"41406","duplicator",2,86987485,99.98
"41407","durably",2,86987487,99.98
"41408","dure",2,86987489,99.98
"41409","dustcloth",2,86987491,99.98
"41410","dustily",2,86987493,99.98
"41411","dustless",2,86987495,99.98
"41412","dustman",2,86987497,99.98
"41413","dutifulness",2,86987499,99.98
"41414","dvaita",2,86987501,99.98
"41415","dysmenorrhea",2,86987503,99.98
"41416","dysphagia",2,86987505,99.98
"41417","earhole",2,86987507,99.98
"41418","earliness",2,86987509,99.98
"41419","earthborn",2,86987511,99.98
"41420","earthshock",2,86987513,99.98
"41421","earthstar",2,86987515,99.98
"41422","easeful",2,86987517,99.98
"41423","ebullition",2,86987519,99.98
"41424","echidna",2,86987521,99.98
"41425","eclat",2,86987523,99.98
"41426","econometer",2,86987525,99.98
"41427","edgeless",2,86987527,99.98
"41428","effeminacy",2,86987529,99.98
"41429","effluvia",2,86987531,99.98
"41430","effluvium",2,86987533,99.98
"41431","effusion",2,86987535,99.98
"41432","eidetic",2,86987537,99.98
"41433","eisegesis",2,86987539,99.98
"41434","eisteddfod",2,86987541,99.98
"41435","ejaculator",2,86987543,99.98
"41436","ejaculatory",2,86987545,99.98
"41437","ekka",2,86987547,99.98
"41438","elaborateness",2,86987549,99.98
"41439","elb",2,86987551,99.98
"41440","elderhood",2,86987553,99.98
"41441","eldership",2,86987555,99.98
"41442","electrohydraulic",2,86987557,99.98
"41443","electrologist",2,86987559,99.98
"41444","electromotive",2,86987561,99.98
"41445","electrophysiology",2,86987563,99.98
"41446","electrosurgical",2,86987565,99.98
"41447","elementalist",2,86987567,99.98
"41448","elementally",2,86987569,99.98
"41449","elmy",2,86987571,99.98
"41450","elsewise",2,86987573,99.98
"41451","embarras",2,86987575,99.98
"41452","emblazon",2,86987577,99.98
"41453","embrittlement",2,86987579,99.98
"41454","embroil",2,86987581,99.98
"41455","emersion",2,86987583,99.98
"41456","empathically",2,86987585,99.98
"41457","empiric",2,86987587,99.98
"41458","emplacement",2,86987589,99.98
"41459","empyreumatic",2,86987591,99.98
"41460","enage",2,86987593,99.98
"41461","enamelware",2,86987595,99.98
"41462","enantiomer",2,86987597,99.98
"41463","encenter",2,86987599,99.98
"41464","encomium",2,86987601,99.98
"41465","endeavorer",2,86987603,99.98
"41466","endocardium",2,86987605,99.98
"41467","endoplasmic",2,86987607,99.98
"41468","endoscope",2,86987609,99.98
"41469","endothelium",2,86987611,99.98
"41470","endothermal",2,86987613,99.98
"41471","enfranchise",2,86987615,99.98
"41472","engorge",2,86987617,99.98
"41473","enharmonic",2,86987619,99.98
"41474","enhypostasis",2,86987621,99.98
"41475","enjoyer",2,86987623,99.98
"41476","enmesh",2,86987625,99.98
"41477","enmeshment",2,86987627,99.98
"41478","enrapt",2,86987629,99.98
"41479","enrobe",2,86987631,99.98
"41480","ental",2,86987633,99.98
"41481","enteric",2,86987635,99.98
"41482","enterocolitis",2,86987637,99.98
"41483","enteropathy",2,86987639,99.98
"41484","enthalpy",2,86987641,99.98
"41485","enticer",2,86987643,99.98
"41486","entomb",2,86987645,99.98
"41487","entomological",2,86987647,99.98
"41488","entremets",2,86987649,99.98
"41489","enumerator",2,86987651,99.98
"41490","eosinophilic",2,86987653,99.98
"41491","epicyclic",2,86987655,99.98
"41492","epigraphy",2,86987657,99.98
"41493","epiphenomenal",2,86987659,99.98
"41494","epizootic",2,86987661,99.98
"41495","eponym",2,86987663,99.98
"41496","equestrienne",2,86987665,99.98
"41497","equilateral",2,86987667,99.98
"41498","equiped",2,86987669,99.98
"41499","erd",2,86987671,99.98
"41500","eremite",2,86987673,99.98
"41501","ergosterol",2,86987675,99.98
"41502","errantly",2,86987677,99.98
"41503","errorless",2,86987679,99.98
"41504","erth",2,86987681,99.98
"41505","escapable",2,86987683,99.98
"41506","esculent",2,86987685,99.98
"41507","estival",2,86987687,99.98
"41508","ethnobotanical",2,86987689,99.98
"41509","ethnologist",2,86987691,99.98
"41510","ethology",2,86987693,99.98
"41511","eucalypt",2,86987695,99.98
"41512","eugenic",2,86987697,99.98
"41513","euphonious",2,86987699,99.98
"41514","eutrophic",2,86987701,99.98
"41515","evenhandedly",2,86987703,99.98
"41516","everydayness",2,86987705,99.98
"41517","evidentially",2,86987707,99.98
"41518","evolutional",2,86987709,99.98
"41519","exasperatedly",2,86987711,99.98
"41520","excitation",2,86987713,99.98
"41521","exclave",2,86987715,99.98
"41522","excluder",2,86987717,99.98
"41523","exclusivist",2,86987719,99.98
"41524","excoriate",2,86987721,99.98
"41525","excreta",2,86987723,99.98
"41526","excretory",2,86987725,99.98
"41527","excursus",2,86987727,99.98
"41528","executively",2,86987729,99.98
"41529","exegeses",2,86987731,99.98
"41530","exeunt",2,86987733,99.98
"41531","exfiltration",2,86987735,99.98
"41532","exhaustible",2,86987737,99.98
"41533","exigence",2,86987739,99.98
"41534","exogamy",2,86987741,99.98
"41535","expatriation",2,86987743,99.98
"41536","expeller",2,86987745,99.98
"41537","expiate",2,86987747,99.98
"41538","exposer",2,86987749,99.98
"41539","expositor",2,86987751,99.98
"41540","expostulation",2,86987753,99.98
"41541","expressionlessly",2,86987755,99.98
"41542","expulsive",2,86987757,99.98
"41543","exquisiteness",2,86987759,99.98
"41544","extemporize",2,86987761,99.98
"41545","extensiveness",2,86987763,99.98
"41546","extensor",2,86987765,99.98
"41547","exteriority",2,86987767,99.98
"41548","externalism",2,86987769,99.98
"41549","externalization",2,86987771,99.98
"41550","extrait",2,86987773,99.98
"41551","extrasolar",2,86987775,99.98
"41552","extraterritoriality",2,86987777,99.98
"41553","extrinsically",2,86987779,99.98
"41554","extrude",2,86987781,99.98
"41555","extruder",2,86987783,99.98
"41556","extruding",2,86987785,99.98
"41557","exultantly",2,86987787,99.98
"41558","eyebright",2,86987789,99.98
"41559","eyer",2,86987791,99.98
"41560","eyot",2,86987793,99.98
"41561","fabella",2,86987795,99.98
"41562","fabulist",2,86987797,99.98
"41563","facecloth",2,86987799,99.98
"41564","facilitative",2,86987801,99.98
"41565","faddy",2,86987803,99.98
"41566","fagger",2,86987805,99.98
"41567","fally",2,86987807,99.98
"41568","famousness",2,86987809,99.98
"41569","fanciable",2,86987811,99.98
"41570","fancify",2,86987813,99.98
"41571","fanner",2,86987815,99.98
"41572","fantasticly",2,86987817,99.98
"41573","farer",2,86987819,99.98
"41574","farmy",2,86987821,99.98
"41575","farsightedness",2,86987823,99.98
"41576","fatiha",2,86987825,99.98
"41577","fawningly",2,86987827,99.98
"41578","fawny",2,86987829,99.98
"41579","fearfulness",2,86987831,99.98
"41580","febrile",2,86987833,99.98
"41581","fellah",2,86987835,99.98
"41582","felly",2,86987837,99.98
"41583","feltmaking",2,86987839,99.98
"41584","femaleness",2,86987841,99.98
"41585","feminity",2,86987843,99.98
"41586","feminize",2,86987845,99.98
"41587","fenceless",2,86987847,99.98
"41588","fenestration",2,86987849,99.98
"41589","fennig",2,86987851,99.98
"41590","fent",2,86987853,99.98
"41591","fernleaf",2,86987855,99.98
"41592","ferruginous",2,86987857,99.98
"41593","feudalist",2,86987859,99.98
"41594","feverfew",2,86987861,99.98
"41595","feverishness",2,86987863,99.98
"41596","fiar",2,86987865,99.98
"41597","fibrocartilaginous",2,86987867,99.98
"41598","fictionalize",2,86987869,99.98
"41599","fictionary",2,86987871,99.98
"41600","fictioneer",2,86987873,99.98
"41601","fictious",2,86987875,99.98
"41602","fideism",2,86987877,99.98
"41603","fideist",2,86987879,99.98
"41604","filander",2,86987881,99.98
"41605","filar",2,86987883,99.98
"41606","filmgoing",2,86987885,99.98
"41607","finical",2,86987887,99.98
"41608","finitely",2,86987889,99.98
"41609","finiteness",2,86987891,99.98
"41610","firedog",2,86987893,99.98
"41611","firedrake",2,86987895,99.98
"41612","firman",2,86987897,99.98
"41613","fisherfolk",2,86987899,99.98
"41614","fishhouse",2,86987901,99.98
"41615","fissionable",2,86987903,99.98
"41616","fitcher",2,86987905,99.98
"41617","fitment",2,86987907,99.98
"41618","fivesome",2,86987909,99.98
"41619","flabbiness",2,86987911,99.98
"41620","flagstick",2,86987913,99.98
"41621","flamingly",2,86987915,99.98
"41622","flannelette",2,86987917,99.98
"41623","flannelly",2,86987919,99.98
"41624","flashover",2,86987921,99.98
"41625","flatman",2,86987923,99.98
"41626","flattie",2,86987925,99.98
"41627","flatwork",2,86987927,99.98
"41628","flavorsome",2,86987929,99.98
"41629","fleetingness",2,86987931,99.98
"41630","flickery",2,86987933,99.98
"41631","flippancy",2,86987935,99.98
"41632","floatplane",2,86987937,99.98
"41633","floodlight",2,86987939,99.98
"41634","floppiness",2,86987941,99.98
"41635","flowage",2,86987943,99.98
"41636","fluidic",2,86987945,99.98
"41637","flummox",2,86987947,99.98
"41638","fluoroscopic",2,86987949,99.98
"41639","flushy",2,86987951,99.98
"41640","fluting",2,86987953,99.98
"41641","foamily",2,86987955,99.98
"41642","fogy",2,86987957,99.98
"41643","follis",2,86987959,99.98
"41644","followership",2,86987961,99.98
"41645","foodless",2,86987963,99.98
"41646","footgear",2,86987965,99.98
"41647","footlight",2,86987967,99.98
"41648","footsore",2,86987969,99.98
"41649","footway",2,86987971,99.98
"41650","forasmuch",2,86987973,99.98
"41651","forcemeat",2,86987975,99.98
"41652","forebrain",2,86987977,99.98
"41653","forelimb",2,86987979,99.98
"41654","foremark",2,86987981,99.98
"41655","forestal",2,86987983,99.98
"41656","forestation",2,86987985,99.98
"41657","forgetter",2,86987987,99.98
"41658","formable",2,86987989,99.98
"41659","formalization",2,86987991,99.98
"41660","formule",2,86987993,99.98
"41661","formy",2,86987995,99.98
"41662","fornicator",2,86987997,99.98
"41663","fortifier",2,86987999,99.98
"41664","fortunetelling",2,86988001,99.98
"41665","fotch",2,86988003,99.98
"41666","fougasse",2,86988005,99.98
"41667","foulmouthed",2,86988007,99.98
"41668","foundationally",2,86988009,99.98
"41669","fourre",2,86988011,99.98
"41670","fow",2,86988013,99.98
"41671","foxiness",2,86988015,99.98
"41672","foxwood",2,86988017,99.98
"41673","frab",2,86988019,99.98
"41674","fractiousness",2,86988021,99.98
"41675","fragrantly",2,86988023,99.98
"41676","frasco",2,86988025,99.98
"41677","frass",2,86988027,99.98
"41678","fraternally",2,86988029,99.98
"41679","fraternization",2,86988031,99.98
"41680","fraze",2,86988033,99.98
"41681","frazzling",2,86988035,99.98
"41682","freakishness",2,86988037,99.98
"41683","freeness",2,86988039,99.98
"41684","frenching",2,86988041,99.98
"41685","frenum",2,86988043,99.98
"41686","friary",2,86988045,99.98
"41687","fribbler",2,86988047,99.98
"41688","frictional",2,86988049,99.98
"41689","frier",2,86988051,99.98
"41690","frigidly",2,86988053,99.98
"41691","frijolito",2,86988055,99.98
"41692","frisket",2,86988057,99.98
"41693","frogman",2,86988059,99.98
"41694","frolicsome",2,86988061,99.98
"41695","frontbencher",2,86988063,99.98
"41696","fronter",2,86988065,99.98
"41697","frow",2,86988067,99.98
"41698","fruitarian",2,86988069,99.98
"41699","fruitfully",2,86988071,99.98
"41700","fueler",2,86988073,99.98
"41701","fugal",2,86988075,99.98
"41702","fungibility",2,86988077,99.98
"41703","funker",2,86988079,99.98
"41704","furbish",2,86988081,99.98
"41705","fusc",2,86988083,99.98
"41706","fusionist",2,86988085,99.98
"41707","fuze",2,86988087,99.98
"41708","gaberlunzie",2,86988089,99.98
"41709","gadding",2,86988091,99.98
"41710","gadge",2,86988093,99.98
"41711","galant",2,86988095,99.98
"41712","galatea",2,86988097,99.98
"41713","galea",2,86988099,99.98
"41714","gallimaufry",2,86988101,99.98
"41715","gallinule",2,86988103,99.98
"41716","galop",2,86988105,99.98
"41717","ganglia",2,86988107,99.98
"41718","gardenlike",2,86988109,99.98
"41719","garderobe",2,86988111,99.98
"41720","gargoyley",2,86988113,99.98
"41721","garrote",2,86988115,99.98
"41722","gaslit",2,86988117,99.98
"41723","gaster",2,86988119,99.98
"41724","gastrocnemius",2,86988121,99.98
"41725","gatepost",2,86988123,99.98
"41726","gater",2,86988125,99.98
"41727","gaub",2,86988127,99.98
"41728","gaudiness",2,86988129,99.98
"41729","gaunty",2,86988131,99.98
"41730","gayish",2,86988133,99.98
"41731","gazetteer",2,86988135,99.98
"41732","geck",2,86988137,99.98
"41733","gegg",2,86988139,99.98
"41734","genealogically",2,86988141,99.98
"41735","generall",2,86988143,99.98
"41736","generalship",2,86988145,99.98
"41737","geniality",2,86988147,99.98
"41738","genistein",2,86988149,99.98
"41739","genos",2,86988151,99.98
"41740","geodetic",2,86988153,99.98
"41741","geronto",2,86988155,99.98
"41742","gerontocracy",2,86988157,99.98
"41743","gettable",2,86988159,99.98
"41744","geum",2,86988161,99.98
"41745","ghettoization",2,86988163,99.98
"41746","ghettoize",2,86988165,99.98
"41747","gien",2,86988167,99.98
"41748","giftie",2,86988169,99.98
"41749","gigantically",2,86988171,99.98
"41750","gilden",2,86988173,99.98
"41751","gilia",2,86988175,99.98
"41752","gilled",2,86988177,99.98
"41753","gimcrack",2,86988179,99.98
"41754","gimcrackery",2,86988181,99.98
"41755","gingerroot",2,86988183,99.98
"41756","girlishness",2,86988185,99.98
"41757","gith",2,86988187,99.98
"41758","givenness",2,86988189,99.98
"41759","gizz",2,86988191,99.98
"41760","glaciologist",2,86988193,99.98
"41761","glanders",2,86988195,99.98
"41762","glia",2,86988197,99.98
"41763","glink",2,86988199,99.98
"41764","glissando",2,86988201,99.98
"41765","gloam",2,86988203,99.98
"41766","globularity",2,86988205,99.98
"41767","glomerulonephritis",2,86988207,99.98
"41768","glumness",2,86988209,99.98
"41769","glutenous",2,86988211,99.98
"41770","glyceryl",2,86988213,99.98
"41771","glycine",2,86988215,99.98
"41772","gnatcatcher",2,86988217,99.98
"41773","gnomish",2,86988219,99.98
"41774","gode",2,86988221,99.98
"41775","godet",2,86988223,99.98
"41776","godling",2,86988225,99.98
"41777","goldspink",2,86988227,99.98
"41778","goneness",2,86988229,99.98
"41779","gorger",2,86988231,99.98
"41780","gorlin",2,86988233,99.98
"41781","gormandize",2,86988235,99.98
"41782","gracile",2,86988237,99.98
"41783","gracilis",2,86988239,99.98
"41784","gradualism",2,86988241,99.98
"41785","granatum",2,86988243,99.98
"41786","granitic",2,86988245,99.98
"41787","grapenuts",2,86988247,99.98
"41788","graphy",2,86988249,99.98
"41789","grappler",2,86988251,99.98
"41790","grassless",2,86988253,99.98
"41791","grasslike",2,86988255,99.98
"41792","gravid",2,86988257,99.98
"41793","grayback",2,86988259,99.98
"41794","greatish",2,86988261,99.98
"41795","greenable",2,86988263,99.98
"41796","greengage",2,86988265,99.98
"41797","greenheart",2,86988267,99.98
"41798","greensand",2,86988269,99.98
"41799","greenstuff",2,86988271,99.98
"41800","greensward",2,86988273,99.98
"41801","gregariously",2,86988275,99.98
"41802","gregariousness",2,86988277,99.98
"41803","griddlecake",2,86988279,99.98
"41804","grillwork",2,86988281,99.98
"41805","griminess",2,86988283,99.98
"41806","grindle",2,86988285,99.98
"41807","griper",2,86988287,99.98
"41808","grippe",2,86988289,99.98
"41809","gripper",2,86988291,99.98
"41810","grossen",2,86988293,99.98
"41811","grotesquerie",2,86988295,99.98
"41812","groundling",2,86988297,99.98
"41813","groundnut",2,86988299,99.98
"41814","grubbery",2,86988301,99.98
"41815","grubbiness",2,86988303,99.98
"41816","gruesomeness",2,86988305,99.98
"41817","grummet",2,86988307,99.98
"41818","grunter",2,86988309,99.98
"41819","guanabana",2,86988311,99.98
"41820","guardedness",2,86988313,99.98
"41821","guffy",2,86988315,99.98
"41822","gunnel",2,86988317,99.98
"41823","gunnies",2,86988319,99.98
"41824","gunrunner",2,86988321,99.98
"41825","gunsmithing",2,86988323,99.98
"41826","guruship",2,86988325,99.98
"41827","gustily",2,86988327,99.98
"41828","gutterman",2,86988329,99.98
"41829","gutti",2,86988331,99.98
"41830","guze",2,86988333,99.98
"41831","habited",2,86988335,99.98
"41832","hache",2,86988337,99.98
"41833","hackamore",2,86988339,99.98
"41834","hadj",2,86988341,99.98
"41835","haemorrhagic",2,86988343,99.98
"41836","hagfish",2,86988345,99.98
"41837","haggler",2,86988347,99.98
"41838","hairdress",2,86988349,99.98
"41839","haje",2,86988351,99.98
"41840","halling",2,86988353,99.98
"41841","halutz",2,86988355,99.98
"41842","hamadryad",2,86988357,99.98
"41843","hamble",2,86988359,99.98
"41844","hamsa",2,86988361,99.98
"41845","hanbury",2,86988363,99.98
"41846","handiness",2,86988365,99.98
"41847","hangable",2,86988367,99.98
"41848","haploid",2,86988369,99.98
"41849","haply",2,86988371,99.98
"41850","haptics",2,86988373,99.98
"41851","hardhearted",2,86988375,99.98
"41852","hardtail",2,86988377,99.98
"41853","harl",2,86988379,99.98
"41854","harmlessness",2,86988381,99.98
"41855","harmonial",2,86988383,99.98
"41856","harrowingly",2,86988385,99.98
"41857","haruspex",2,86988387,99.98
"41858","hasenpfeffer",2,86988389,99.98
"41859","hatchel",2,86988391,99.98
"41860","hatful",2,86988393,99.98
"41861","haught",2,86988395,99.98
"41862","hazzan",2,86988397,99.98
"41863","headshake",2,86988399,99.98
"41864","headwall",2,86988401,99.98
"41865","hearten",2,86988403,99.98
"41866","heartful",2,86988405,99.98
"41867","heartstring",2,86988407,99.98
"41868","heaver",2,86988409,99.98
"41869","hebephrenic",2,86988411,99.98
"41870","hectically",2,86988413,99.98
"41871","heder",2,86988415,99.98
"41872","hedonically",2,86988417,99.98
"41873","hemangioma",2,86988419,99.98
"41874","hematological",2,86988421,99.98
"41875","hematuria",2,86988423,99.98
"41876","hemiplegia",2,86988425,99.98
"41877","hemispherical",2,86988427,99.98
"41878","hemoglobinuria",2,86988429,99.98
"41879","hemostatic",2,86988431,99.98
"41880","herbage",2,86988433,99.98
"41881","herbicidal",2,86988435,99.98
"41882","hereon",2,86988437,99.98
"41883","hereunto",2,86988439,99.98
"41884","herodian",2,86988441,99.98
"41885","hesitatingly",2,86988443,99.98
"41886","heterodoxy",2,86988445,99.98
"41887","heterozygous",2,86988447,99.98
"41888","heuristically",2,86988449,99.98
"41889","hewer",2,86988451,99.98
"41890","hexapod",2,86988453,99.98
"41891","hibernal",2,86988455,99.98
"41892","hibernator",2,86988457,99.98
"41893","hierarchal",2,86988459,99.98
"41894","hierophant",2,86988461,99.98
"41895","highflying",2,86988463,99.98
"41896","highhanded",2,86988465,99.98
"41897","hinch",2,86988467,99.98
"41898","hinderer",2,86988469,99.98
"41899","hindquarter",2,86988471,99.98
"41900","hingle",2,86988473,99.98
"41901","hinney",2,86988475,99.98
"41902","hinoki",2,86988477,99.98
"41903","hiper",2,86988479,99.98
"41904","hippopotami",2,86988481,99.98
"41905","hisser",2,86988483,99.98
"41906","histoplasmosis",2,86988485,99.98
"41907","historial",2,86988487,99.98
"41908","historicize",2,86988489,99.98
"41909","hizz",2,86988491,99.98
"41910","hobnailed",2,86988493,99.98
"41911","hogfish",2,86988495,99.98
"41912","hoggish",2,86988497,99.98
"41913","hoin",2,86988499,99.98
"41914","holdback",2,86988501,99.98
"41915","holdfast",2,86988503,99.98
"41916","holily",2,86988505,99.98
"41917","holism",2,86988507,99.98
"41918","homiletical",2,86988509,99.98
"41919","homogenize",2,86988511,99.98
"41920","homogeny",2,86988513,99.98
"41921","homologation",2,86988515,99.98
"41922","homonymous",2,86988517,99.98
"41923","honeyberry",2,86988519,99.98
"41924","hoofer",2,86988521,99.98
"41925","hookless",2,86988523,99.98
"41926","hoopoe",2,86988525,99.98
"41927","hoper",2,86988527,99.98
"41928","hornist",2,86988529,99.98
"41929","horsehead",2,86988531,99.98
"41930","horsewood",2,86988533,99.98
"41931","hortatory",2,86988535,99.98
"41932","horticulturally",2,86988537,99.98
"41933","hospitably",2,86988539,99.98
"41934","hospitalize",2,86988541,99.98
"41935","houseboy",2,86988543,99.98
"41936","housebuilding",2,86988545,99.98
"41937","housefather",2,86988547,99.98
"41938","housetop",2,86988549,99.98
"41939","housewive",2,86988551,99.98
"41940","hoverer",2,86988553,99.98
"41941","howdah",2,86988555,99.98
"41942","hubbly",2,86988557,99.98
"41943","hulky",2,86988559,99.98
"41944","humectant",2,86988561,99.98
"41945","humidify",2,86988563,99.98
"41946","humoresque",2,86988565,99.98
"41947","hunchbacked",2,86988567,99.98
"41948","hunchy",2,86988569,99.98
"41949","hussar",2,86988571,99.98
"41950","hutcher",2,86988573,99.98
"41951","huzz",2,86988575,99.98
"41952","hybridizer",2,86988577,99.98
"41953","hydrazide",2,86988579,99.98
"41954","hydrodynamic",2,86988581,99.98
"41955","hydrogel",2,86988583,99.98
"41956","hydrogeology",2,86988585,99.98
"41957","hydrops",2,86988587,99.98
"41958","hydroquinone",2,86988589,99.98
"41959","hydrosol",2,86988591,99.98
"41960","hymnody",2,86988593,99.98
"41961","hyoid",2,86988595,99.98
"41962","hyperbola",2,86988597,99.98
"41963","hyperboloid",2,86988599,99.98
"41964","hypercholesterolemia",2,86988601,99.98
"41965","hypercube",2,86988603,99.98
"41966","hyperpigmentation",2,86988605,99.98
"41967","hypertonic",2,86988607,99.98
"41968","hypothalamic",2,86988609,99.98
"41969","hypotonic",2,86988611,99.98
"41970","icecap",2,86988613,99.98
"41971","ichthus",2,86988615,99.98
"41972","ideate",2,86988617,99.98
"41973","idic",2,86988619,99.98
"41974","idolization",2,86988621,99.98
"41975","igniter",2,86988623,99.98
"41976","ignobly",2,86988625,99.98
"41977","ileostomy",2,86988627,99.98
"41978","iliac",2,86988629,99.98
"41979","iliotibial",2,86988631,99.98
"41980","ilka",2,86988633,99.98
"41981","illegalize",2,86988635,99.98
"41982","illuminous",2,86988637,99.98
"41983","imaginal",2,86988639,99.98
"41984","imbiber",2,86988641,99.98
"41985","imbrication",2,86988643,99.98
"41986","imitable",2,86988645,99.98
"41987","immoderation",2,86988647,99.98
"41988","immutability",2,86988649,99.98
"41989","impanel",2,86988651,99.98
"41990","impenitence",2,86988653,99.98
"41991","imperator",2,86988655,99.98
"41992","imperiousness",2,86988657,99.98
"41993","impersonable",2,86988659,99.98
"41994","impersonally",2,86988661,99.98
"41995","imperviousness",2,86988663,99.98
"41996","impetuousness",2,86988665,99.98
"41997","impi",2,86988667,99.98
"41998","implead",2,86988669,99.98
"41999","impliedly",2,86988671,99.98
"42000","impoliteness",2,86988673,99.98
"42001","imposable",2,86988675,99.98
"42002","imprecisely",2,86988677,99.98
"42003","impregnability",2,86988679,99.98
"42004","impregnator",2,86988681,99.98
"42005","imprinter",2,86988683,99.98
"42006","improvable",2,86988685,99.98
"42007","improvisor",2,86988687,99.98
"42008","impudently",2,86988689,99.98
"42009","imputable",2,86988691,99.98
"42010","inactivate",2,86988693,99.98
"42011","inactivation",2,86988695,99.98
"42012","inanely",2,86988697,99.98
"42013","inarticulateness",2,86988699,99.98
"42014","inauspiciously",2,86988701,99.98
"42015","incalculably",2,86988703,99.98
"42016","incog",2,86988705,99.98
"42017","incoherency",2,86988707,99.98
"42018","incommensurable",2,86988709,99.98
"42019","inconclusively",2,86988711,99.98
"42020","incongruence",2,86988713,99.98
"42021","inconsequentially",2,86988715,99.98
"42022","inconsiderateness",2,86988717,99.98
"42023","inconsideration",2,86988719,99.98
"42024","incontrovertibly",2,86988721,99.98
"42025","incorrigibly",2,86988723,99.98
"42026","incunable",2,86988725,99.98
"42027","incurability",2,86988727,99.98
"42028","indefatigably",2,86988729,99.98
"42029","indefeasible",2,86988731,99.98
"42030","indefectibility",2,86988733,99.98
"42031","indefinably",2,86988735,99.98
"42032","indention",2,86988737,99.98
"42033","indigeneity",2,86988739,99.98
"42034","indirection",2,86988741,99.98
"42035","indispensably",2,86988743,99.98
"42036","indissoluble",2,86988745,99.98
"42037","indium",2,86988747,99.98
"42038","indole",2,86988749,99.98
"42039","indorse",2,86988751,99.98
"42040","inebriate",2,86988753,99.98
"42041","inefficacious",2,86988755,99.98
"42042","inefficacy",2,86988757,99.98
"42043","inelegance",2,86988759,99.98
"42044","inexistent",2,86988761,99.98
"42045","inexpedient",2,86988763,99.98
"42046","inexpressibles",2,86988765,99.98
"42047","infective",2,86988767,99.98
"42048","influentially",2,86988769,99.98
"42049","infortunately",2,86988771,99.98
"42050","infuser",2,86988773,99.98
"42051","ingrain",2,86988775,99.98
"42052","inhalator",2,86988777,99.98
"42053","inharmony",2,86988779,99.98
"42054","inheritable",2,86988781,99.98
"42055","injudicious",2,86988783,99.98
"42056","injunct",2,86988785,99.98
"42057","inkberry",2,86988787,99.98
"42058","inkle",2,86988789,99.98
"42059","inkosi",2,86988791,99.98
"42060","inkwood",2,86988793,99.98
"42061","inly",2,86988795,99.98
"42062","inoculant",2,86988797,99.98
"42063","inoffensiveness",2,86988799,99.98
"42064","insectarium",2,86988801,99.98
"42065","inseparability",2,86988803,99.98
"42066","insinuendo",2,86988805,99.98
"42067","insipidity",2,86988807,99.98
"42068","inspirationally",2,86988809,99.98
"42069","instantaneity",2,86988811,99.98
"42070","instillation",2,86988813,99.98
"42071","institutionalism",2,86988815,99.98
"42072","instructer",2,86988817,99.98
"42073","instructively",2,86988819,99.98
"42074","insubstantiality",2,86988821,99.98
"42075","intellection",2,86988823,99.98
"42076","intellectuality",2,86988825,99.98
"42077","intemperance",2,86988827,99.98
"42078","intendant",2,86988829,99.98
"42079","interchangeability",2,86988831,99.98
"42080","interclub",2,86988833,99.98
"42081","intercoastal",2,86988835,99.98
"42082","intercommunity",2,86988837,99.98
"42083","intercostal",2,86988839,99.98
"42084","interferential",2,86988841,99.98
"42085","interferer",2,86988843,99.98
"42086","interglacial",2,86988845,99.98
"42087","interisland",2,86988847,99.98
"42088","interlake",2,86988849,99.98
"42089","interlocutory",2,86988851,99.98
"42090","intermat",2,86988853,99.98
"42091","intermitted",2,86988855,99.98
"42092","internationalize",2,86988857,99.98
"42093","interparty",2,86988859,99.98
"42094","interposing",2,86988861,99.98
"42095","interpretable",2,86988863,99.98
"42096","interpretational",2,86988865,99.98
"42097","interrelatedness",2,86988867,99.98
"42098","interrogatively",2,86988869,99.98
"42099","intersubjective",2,86988871,99.98
"42100","intertie",2,86988873,99.98
"42101","interwove",2,86988875,99.98
"42102","intracellular",2,86988877,99.98
"42103","intradermal",2,86988879,99.98
"42104","intramuscular",2,86988881,99.98
"42105","intramuscularly",2,86988883,99.98
"42106","intraocular",2,86988885,99.98
"42107","intraspinal",2,86988887,99.98
"42108","introgression",2,86988889,99.98
"42109","introvertive",2,86988891,99.98
"42110","intrusively",2,86988893,99.98
"42111","intrust",2,86988895,99.98
"42112","inveigh",2,86988897,99.98
"42113","inversed",2,86988899,99.98
"42114","invigilator",2,86988901,99.98
"42115","invigoration",2,86988903,99.98
"42116","invigorator",2,86988905,99.98
"42117","invoker",2,86988907,99.98
"42118","involution",2,86988909,99.98
"42119","inwardness",2,86988911,99.98
"42120","iolite",2,86988913,99.98
"42121","iridescently",2,86988915,99.98
"42122","ironweed",2,86988917,99.98
"42123","irreligion",2,86988919,99.98
"42124","irreproachably",2,86988921,99.98
"42125","irrigator",2,86988923,99.98
"42126","irritably",2,86988925,99.98
"42127","irruption",2,86988927,99.98
"42128","isba",2,86988929,99.98
"42129","isinglass",2,86988931,99.98
"42130","islandy",2,86988933,99.98
"42131","ismy",2,86988935,99.98
"42132","isobutyraldehyde",2,86988937,99.98
"42133","isoflavone",2,86988939,99.98
"42134","isophenomenal",2,86988941,99.98
"42135","iter",2,86988943,99.98
"42136","itinerancy",2,86988945,99.98
"42137","ivied",2,86988947,99.98
"42138","jacare",2,86988949,99.98
"42139","jackanapes",2,86988951,99.98
"42140","jackdaw",2,86988953,99.98
"42141","jaggy",2,86988955,99.98
"42142","japery",2,86988957,99.98
"42143","jato",2,86988959,99.98
"42144","jaywalker",2,86988961,99.98
"42145","jewely",2,86988963,99.98
"42146","jingo",2,86988965,99.98
"42147","jingoist",2,86988967,99.98
"42148","jink",2,86988969,99.98
"42149","joggle",2,86988971,99.98
"42150","joinder",2,86988973,99.98
"42151","jointing",2,86988975,99.98
"42152","jollier",2,86988977,99.98
"42153","joom",2,86988979,99.98
"42154","jotter",2,86988981,99.98
"42155","joylessly",2,86988983,99.98
"42156","joylessness",2,86988985,99.98
"42157","joyousness",2,86988987,99.98
"42158","jube",2,86988989,99.98
"42159","jubilate",2,86988991,99.98
"42160","judger",2,86988993,99.98
"42161","jumbly",2,86988995,99.98
"42162","jumpiness",2,86988997,99.98
"42163","junto",2,86988999,99.98
"42164","justiciable",2,86989001,99.98
"42165","justiciary",2,86989003,99.98
"42166","justificatory",2,86989005,99.98
"42167","juvia",2,86989007,99.98
"42168","jynx",2,86989009,99.98
"42169","kahu",2,86989011,99.98
"42170","kakar",2,86989013,99.98
"42171","kalo",2,86989015,99.98
"42172","kanae",2,86989017,99.98
"42173","kans",2,86989019,99.98
"42174","kantele",2,86989021,99.98
"42175","karela",2,86989023,99.98
"42176","karyotype",2,86989025,99.98
"42177","katatonia",2,86989027,99.98
"42178","keena",2,86989029,99.98
"42179","kef",2,86989031,99.98
"42180","kegler",2,86989033,99.98
"42181","kella",2,86989035,99.98
"42182","kelpie",2,86989037,99.98
"42183","kempt",2,86989039,99.98
"42184","kenoticism",2,86989041,99.98
"42185","kepi",2,86989043,99.98
"42186","keralite",2,86989045,99.98
"42187","keratoconus",2,86989047,99.98
"42188","kerseymere",2,86989049,99.98
"42189","ketogenic",2,86989051,99.98
"42190","ketone",2,86989053,99.98
"42191","khanate",2,86989055,99.98
"42192","khet",2,86989057,99.98
"42193","khir",2,86989059,99.98
"42194","khoja",2,86989061,99.98
"42195","kiddish",2,86989063,99.98
"42196","kidhood",2,86989065,99.98
"42197","killifish",2,86989067,99.98
"42198","killingly",2,86989069,99.98
"42199","kinah",2,86989071,99.98
"42200","kinase",2,86989073,99.98
"42201","kindliness",2,86989075,99.98
"42202","kinetically",2,86989077,99.98
"42203","kinnikinnick",2,86989079,99.98
"42204","kitab",2,86989081,99.98
"42205","knab",2,86989083,99.98
"42206","knape",2,86989085,99.98
"42207","knavery",2,86989087,99.98
"42208","kneeler",2,86989089,99.98
"42209","knowingness",2,86989091,99.98
"42210","koku",2,86989093,99.98
"42211","kokum",2,86989095,99.98
"42212","kolinsky",2,86989097,99.98
"42213","komondor",2,86989099,99.98
"42214","kooka",2,86989101,99.98
"42215","koruna",2,86989103,99.98
"42216","kra",2,86989105,99.98
"42217","krome",2,86989107,99.98
"42218","krosa",2,86989109,99.98
"42219","kukri",2,86989111,99.98
"42220","kulak",2,86989113,99.98
"42221","kulm",2,86989115,99.98
"42222","kupper",2,86989117,99.98
"42223","kurus",2,86989119,99.98
"42224","kyack",2,86989121,99.98
"42225","labba",2,86989123,99.98
"42226","labeler",2,86989125,99.98
"42227","labis",2,86989127,99.98
"42228","labradorite",2,86989129,99.98
"42229","labyrinthian",2,86989131,99.98
"42230","lacemaking",2,86989133,99.98
"42231","lacer",2,86989135,99.98
"42232","lachrymose",2,86989137,99.98
"42233","lactalbumin",2,86989139,99.98
"42234","lactobacilli",2,86989141,99.98
"42235","laddered",2,86989143,99.98
"42236","laddering",2,86989145,99.98
"42237","lading",2,86989147,99.98
"42238","laet",2,86989149,99.98
"42239","laggin",2,86989151,99.98
"42240","lamba",2,86989153,99.98
"42241","lameduck",2,86989155,99.98
"42242","laminar",2,86989157,99.98
"42243","laminectomy",2,86989159,99.98
"42244","lamplit",2,86989161,99.98
"42245","lankiness",2,86989163,99.98
"42246","lanner",2,86989165,99.98
"42247","lapper",2,86989167,99.98
"42248","lapwing",2,86989169,99.98
"42249","larick",2,86989171,99.98
"42250","larky",2,86989173,99.98
"42251","laryngectomy",2,86989175,99.98
"42252","lasciviously",2,86989177,99.98
"42253","lastingly",2,86989179,99.98
"42254","lateen",2,86989181,99.98
"42255","laterite",2,86989183,99.98
"42256","lathing",2,86989185,99.98
"42257","lauryl",2,86989187,99.98
"42258","lavage",2,86989189,99.98
"42259","lawing",2,86989191,99.98
"42260","laywoman",2,86989193,99.98
"42261","lazybones",2,86989195,99.98
"42262","leadout",2,86989197,99.98
"42263","learnable",2,86989199,99.98
"42264","leatherback",2,86989201,99.98
"42265","leatherwood",2,86989203,99.98
"42266","leeringly",2,86989205,99.98
"42267","leftmost",2,86989207,99.98
"42268","leftwards",2,86989209,99.98
"42269","legator",2,86989211,99.98
"42270","legman",2,86989213,99.98
"42271","leishmaniasis",2,86989215,99.98
"42272","lemma",2,86989217,99.98
"42273","lench",2,86989219,99.98
"42274","lengthily",2,86989221,99.98
"42275","leniently",2,86989223,99.98
"42276","lenis",2,86989225,99.98
"42277","lepidopterist",2,86989227,99.98
"42278","letten",2,86989229,99.98
"42279","leucine",2,86989231,99.98
"42280","levier",2,86989233,99.98
"42281","libate",2,86989235,99.98
"42282","libbra",2,86989237,99.98
"42283","libertinage",2,86989239,99.98
"42284","libidinal",2,86989241,99.98
"42285","lierre",2,86989243,99.98
"42286","ligamentous",2,86989245,99.98
"42287","lightish",2,86989247,99.98
"42288","lightkeeper",2,86989249,99.98
"42289","lightship",2,86989251,99.98
"42290","lignin",2,86989253,99.98
"42291","limbal",2,86989255,99.98
"42292","limewater",2,86989257,99.98
"42293","limonene",2,86989259,99.98
"42294","limonium",2,86989261,99.98
"42295","limper",2,86989263,99.98
"42296","linch",2,86989265,99.98
"42297","lindane",2,86989267,99.98
"42298","lineaged",2,86989269,99.98
"42299","lineament",2,86989271,99.98
"42300","linguistical",2,86989273,99.98
"42301","lintern",2,86989275,99.98
"42302","lionization",2,86989277,99.98
"42303","lipless",2,86989279,99.98
"42304","lipodystrophy",2,86989281,99.98
"42305","lipoma",2,86989283,99.98
"42306","lipping",2,86989285,99.98
"42307","liquidize",2,86989287,99.98
"42308","liquidizer",2,86989289,99.98
"42309","liquorish",2,86989291,99.98
"42310","literalness",2,86989293,99.98
"42311","litterer",2,86989295,99.98
"42312","livelong",2,86989297,99.98
"42313","lividity",2,86989299,99.98
"42314","loach",2,86989301,99.98
"42315","lobectomy",2,86989303,99.98
"42316","locomote",2,86989305,99.98
"42317","locution",2,86989307,99.98
"42318","loess",2,86989309,99.98
"42319","loka",2,86989311,99.98
"42320","lollop",2,86989313,99.98
"42321","longitudinally",2,86989315,99.98
"42322","longway",2,86989317,99.98
"42323","lood",2,86989319,99.98
"42324","lopper",2,86989321,99.98
"42325","lored",2,86989323,99.98
"42326","lorgnette",2,86989325,99.98
"42327","lors",2,86989327,99.98
"42328","louden",2,86989329,99.98
"42329","loutishness",2,86989331,99.98
"42330","lovability",2,86989333,99.98
"42331","lovelessness",2,86989335,99.98
"42332","lowish",2,86989337,99.98
"42333","lowlander",2,86989339,99.98
"42334","lowth",2,86989341,99.98
"42335","lubber",2,86989343,99.98
"42336","lucken",2,86989345,99.98
"42337","lukewarmness",2,86989347,99.98
"42338","lumbago",2,86989349,99.98
"42339","luminate",2,86989351,99.98
"42340","luminously",2,86989353,99.98
"42341","lumpish",2,86989355,99.98
"42342","lunate",2,86989357,99.98
"42343","lunger",2,86989359,99.98
"42344","lungi",2,86989361,99.98
"42345","lunkhead",2,86989363,99.98
"42346","lustfully",2,86989365,99.98
"42347","lut",2,86989367,99.98
"42348","luthier",2,86989369,99.98
"42349","luxuriantly",2,86989371,99.98
"42350","lymphedema",2,86989373,99.98
"42351","lymphocytic",2,86989375,99.98
"42352","lyse",2,86989377,99.98
"42353","maceration",2,86989379,99.98
"42354","machicolation",2,86989381,99.98
"42355","machin",2,86989383,99.98
"42356","macrocosmic",2,86989385,99.98
"42357","maenad",2,86989387,99.98
"42358","maestri",2,86989389,99.98
"42359","maggoty",2,86989391,99.98
"42360","maidenhead",2,86989393,99.98
"42361","maimon",2,86989395,99.98
"42362","malacia",2,86989397,99.98
"42363","malar",2,86989399,99.98
"42364","maleate",2,86989401,99.98
"42365","malocclusion",2,86989403,99.98
"42366","manageability",2,86989405,99.98
"42367","manal",2,86989407,99.98
"42368","mandatorily",2,86989409,99.98
"42369","mandible",2,86989411,99.98
"42370","mandrill",2,86989413,99.98
"42371","manei",2,86989415,99.98
"42372","manent",2,86989417,99.98
"42373","manikin",2,86989419,99.98
"42374","manipulable",2,86989421,99.98
"42375","manlike",2,86989423,99.98
"42376","manometer",2,86989425,99.98
"42377","manso",2,86989427,99.98
"42378","manteau",2,86989429,99.98
"42379","mantrap",2,86989431,99.98
"42380","mappy",2,86989433,99.98
"42381","marbly",2,86989435,99.98
"42382","marcasite",2,86989437,99.98
"42383","marchetto",2,86989439,99.98
"42384","maremma",2,86989441,99.98
"42385","marm",2,86989443,99.98
"42386","marmorated",2,86989445,99.98
"42387","marmoset",2,86989447,99.98
"42388","marree",2,86989449,99.98
"42389","marrowfat",2,86989451,99.98
"42390","mashie",2,86989453,99.98
"42391","masser",2,86989455,99.98
"42392","masty",2,86989457,99.98
"42393","matara",2,86989459,99.98
"42394","matboard",2,86989461,99.98
"42395","matchlessly",2,86989463,99.98
"42396","mateship",2,86989465,99.98
"42397","matrimonially",2,86989467,99.98
"42398","maturate",2,86989469,99.98
"42399","maturer",2,86989471,99.98
"42400","mavrodaphne",2,86989473,99.98
"42401","maxilla",2,86989475,99.98
"42402","maximizer",2,86989477,99.98
"42403","meader",2,86989479,99.98
"42404","meadowland",2,86989481,99.98
"42405","meadowsweet",2,86989483,99.98
"42406","mease",2,86989485,99.98
"42407","medicament",2,86989487,99.98
"42408","meditator",2,86989489,99.98
"42409","meece",2,86989491,99.98
"42410","melder",2,86989493,99.98
"42411","mellophone",2,86989495,99.98
"42412","mellowness",2,86989497,99.98
"42413","membranous",2,86989499,99.98
"42414","memorizer",2,86989501,99.98
"42415","menthane",2,86989503,99.98
"42416","mentholated",2,86989505,99.98
"42417","mentionable",2,86989507,99.98
"42418","meny",2,86989509,99.98
"42419","mercilessness",2,86989511,99.98
"42420","mercuric",2,86989513,99.98
"42421","mercurous",2,86989515,99.98
"42422","meristem",2,86989517,99.98
"42423","merrow",2,86989519,99.98
"42424","merrymaking",2,86989521,99.98
"42425","merrymeeting",2,86989523,99.98
"42426","mesdames",2,86989525,99.98
"42427","mesmerist",2,86989527,99.98
"42428","mesosaur",2,86989529,99.98
"42429","messieurs",2,86989531,99.98
"42430","mestiza",2,86989533,99.98
"42431","metalworker",2,86989535,99.98
"42432","metaphysic",2,86989537,99.98
"42433","meteorically",2,86989539,99.98
"42434","methylation",2,86989541,99.98
"42435","metier",2,86989543,99.98
"42436","metropolite",2,86989545,99.98
"42437","mezuzah",2,86989547,99.98
"42438","microanalysis",2,86989549,99.98
"42439","microbiological",2,86989551,99.98
"42440","microevolution",2,86989553,99.98
"42441","microflora",2,86989555,99.98
"42442","micronutrient",2,86989557,99.98
"42443","mildewy",2,86989559,99.98
"42444","milfoil",2,86989561,99.98
"42445","miliary",2,86989563,99.98
"42446","militarize",2,86989565,99.98
"42447","millwright",2,86989567,99.98
"42448","mimeo",2,86989569,99.98
"42449","mimeograph",2,86989571,99.98
"42450","mimetic",2,86989573,99.98
"42451","mincer",2,86989575,99.98
"42452","mineralogy",2,86989577,99.98
"42453","minimizer",2,86989579,99.98
"42454","minimus",2,86989581,99.98
"42455","ministership",2,86989583,99.98
"42456","miniver",2,86989585,99.98
"42457","misandry",2,86989587,99.98
"42458","misapply",2,86989589,99.98
"42459","misattribution",2,86989591,99.98
"42460","miscalculate",2,86989593,99.98
"42461","mischance",2,86989595,99.98
"42462","miscibility",2,86989597,99.98
"42463","misclassify",2,86989599,99.98
"42464","misguidedly",2,86989601,99.98
"42465","misidentify",2,86989603,99.98
"42466","misimpression",2,86989605,99.98
"42467","mislabel",2,86989607,99.98
"42468","misquotation",2,86989609,99.98
"42469","misrepresentative",2,86989611,99.98
"42470","missable",2,86989613,99.98
"42471","misspend",2,86989615,99.98
"42472","mistily",2,86989617,99.98
"42473","mitis",2,86989619,99.98
"42474","mittened",2,86989621,99.98
"42475","mixy",2,86989623,99.98
"42476","mobocracy",2,86989625,99.98
"42477","moil",2,86989627,99.98
"42478","moise",2,86989629,99.98
"42479","mokihana",2,86989631,99.98
"42480","molecularly",2,86989633,99.98
"42481","mollycoddling",2,86989635,99.98
"42482","momently",2,86989637,99.98
"42483","momentousness",2,86989639,99.98
"42484","monas",2,86989641,99.98
"42485","monazite",2,86989643,99.98
"42486","monitory",2,86989645,99.98
"42487","monkeypod",2,86989647,99.98
"42488","monoamine",2,86989649,99.98
"42489","monofilament",2,86989651,99.98
"42490","monorchid",2,86989653,99.98
"42491","monstrance",2,86989655,99.98
"42492","moonglow",2,86989657,99.98
"42493","moonshiner",2,86989659,99.98
"42494","moonwort",2,86989661,99.98
"42495","moop",2,86989663,99.98
"42496","moosey",2,86989665,99.98
"42497","morong",2,86989667,99.98
"42498","morphogenic",2,86989669,99.98
"42499","mortgagee",2,86989671,99.98
"42500","mossberry",2,86989673,99.98
"42501","mossed",2,86989675,99.98
"42502","motionlessly",2,86989677,99.98
"42503","motiveless",2,86989679,99.98
"42504","motorman",2,86989681,99.98
"42505","mouche",2,86989683,99.98
"42506","moule",2,86989685,99.98
"42507","mouly",2,86989687,99.98
"42508","moviedom",2,86989689,99.98
"42509","mucin",2,86989691,99.98
"42510","mucker",2,86989693,99.98
"42511","muckraker",2,86989695,99.98
"42512","mucosa",2,86989697,99.98
"42513","muddiness",2,86989699,99.98
"42514","mudslinger",2,86989701,99.98
"42515","mukluk",2,86989703,99.98
"42516","muktar",2,86989705,99.98
"42517","mulaprakriti",2,86989707,99.98
"42518","muleta",2,86989709,99.98
"42519","mulga",2,86989711,99.98
"42520","multiphase",2,86989713,99.98
"42521","multivalent",2,86989715,99.98
"42522","mundaneness",2,86989717,99.98
"42523","mundanity",2,86989719,99.98
"42524","mura",2,86989721,99.98
"42525","muraled",2,86989723,99.98
"42526","murga",2,86989725,99.98
"42527","murrain",2,86989727,99.98
"42528","muscatel",2,86989729,99.98
"42529","muscularly",2,86989731,99.98
"42530","musicale",2,86989733,99.98
"42531","musicalization",2,86989735,99.98
"42532","musicological",2,86989737,99.98
"42533","musingly",2,86989739,99.98
"42534","muskellunge",2,86989741,99.98
"42535","mutagenic",2,86989743,99.98
"42536","mutedly",2,86989745,99.98
"42537","muteness",2,86989747,99.98
"42538","mux",2,86989749,99.98
"42539","muzzler",2,86989751,99.98
"42540","mycologist",2,86989753,99.98
"42541","mycology",2,86989755,99.98
"42542","myoclonic",2,86989757,99.98
"42543","myoglobin",2,86989759,99.98
"42544","myopathy",2,86989761,99.98
"42545","myotonic",2,86989763,99.98
"42546","myrosinase",2,86989765,99.98
"42547","mystagogy",2,86989767,99.98
"42548","mythopoeic",2,86989769,99.98
"42549","nabob",2,86989771,99.98
"42550","naily",2,86989773,99.98
"42551","nake",2,86989775,99.98
"42552","namaqua",2,86989777,99.98
"42553","nanga",2,86989779,99.98
"42554","napless",2,86989781,99.98
"42555","narcism",2,86989783,99.98
"42556","nardine",2,86989785,99.98
"42557","nares",2,86989787,99.98
"42558","narghile",2,86989789,99.98
"42559","naringenin",2,86989791,99.98
"42560","narr",2,86989793,99.98
"42561","nates",2,86989795,99.98
"42562","nationless",2,86989797,99.98
"42563","natterjack",2,86989799,99.98
"42564","nauseate",2,86989801,99.98
"42565","nauseously",2,86989803,99.98
"42566","nautic",2,86989805,99.98
"42567","navvy",2,86989807,99.98
"42568","nazim",2,86989809,99.98
"42569","nebby",2,86989811,99.98
"42570","neckless",2,86989813,99.98
"42571","necrotic",2,86989815,99.98
"42572","needlewoman",2,86989817,99.98
"42573","needly",2,86989819,99.98
"42574","nefariously",2,86989821,99.98
"42575","nefariousness",2,86989823,99.98
"42576","negativeness",2,86989825,99.98
"42577","negativism",2,86989827,99.98
"42578","negativistic",2,86989829,99.98
"42579","negatron",2,86989831,99.98
"42580","neighbored",2,86989833,99.98
"42581","neopaganism",2,86989835,99.98
"42582","nephrite",2,86989837,99.98
"42583","nepotist",2,86989839,99.98
"42584","nerveless",2,86989841,99.98
"42585","nestful",2,86989843,99.98
"42586","nethermost",2,86989845,99.98
"42587","neurogenesis",2,86989847,99.98
"42588","neuropathic",2,86989849,99.98
"42589","neurosurgical",2,86989851,99.98
"42590","neutralization",2,86989853,99.98
"42591","newspaperwoman",2,86989855,99.98
"42592","niblick",2,86989857,99.98
"42593","nidus",2,86989859,99.98
"42594","nife",2,86989861,99.98
"42595","niggerish",2,86989863,99.98
"42596","nightman",2,86989865,99.98
"42597","nimmer",2,86989867,99.98
"42598","nimshi",2,86989869,99.98
"42599","ninefold",2,86989871,99.98
"42600","niton",2,86989873,99.98
"42601","nitride",2,86989875,99.98
"42602","nixie",2,86989877,99.98
"42603","noddle",2,86989879,99.98
"42604","nogal",2,86989881,99.98
"42605","nomadically",2,86989883,99.98
"42606","nomos",2,86989885,99.98
"42607","nonacademic",2,86989887,99.98
"42608","nonaggression",2,86989889,99.98
"42609","nonattachment",2,86989891,99.98
"42610","noncertified",2,86989893,99.98
"42611","nonchemical",2,86989895,99.98
"42612","noncombustible",2,86989897,99.98
"42613","nonconventional",2,86989899,99.98
"42614","noncritical",2,86989901,99.98
"42615","nondiscriminatory",2,86989903,99.98
"42616","nonimmigrant",2,86989905,99.98
"42617","noninjury",2,86989907,99.98
"42618","nonintellectual",2,86989909,99.98
"42619","nonintervention",2,86989911,99.98
"42620","noninterventionist",2,86989913,99.98
"42621","nonionizing",2,86989915,99.98
"42622","nonlocal",2,86989917,99.98
"42623","nonmarital",2,86989919,99.98
"42624","nonpermanent",2,86989921,99.98
"42625","nonproprietary",2,86989923,99.98
"42626","nonprosecution",2,86989925,99.98
"42627","nonreligion",2,86989927,99.98
"42628","nonrenewal",2,86989929,99.98
"42629","nonrepresentational",2,86989931,99.98
"42630","nonrestrictive",2,86989933,99.98
"42631","nonselective",2,86989935,99.98
"42632","nonsensically",2,86989937,99.98
"42633","nonserious",2,86989939,99.98
"42634","nonskid",2,86989941,99.98
"42635","nonsporting",2,86989943,99.98
"42636","nonstructural",2,86989945,99.98
"42637","nonuse",2,86989947,99.98
"42638","nonvisual",2,86989949,99.98
"42639","nonvolatile",2,86989951,99.98
"42640","nonvoluntary",2,86989953,99.98
"42641","nonwestern",2,86989955,99.98
"42642","nonya",2,86989957,99.98
"42643","nooky",2,86989959,99.98
"42644","northlight",2,86989961,99.98
"42645","norward",2,86989963,99.98
"42646","noseless",2,86989965,99.98
"42647","nosepiece",2,86989967,99.98
"42648","notarial",2,86989969,99.98
"42649","nowy",2,86989971,99.98
"42650","nubble",2,86989973,99.98
"42651","nuclide",2,86989975,99.98
"42652","nuggety",2,86989977,99.98
"42653","numberous",2,86989979,99.98
"42654","numismatic",2,86989981,99.98
"42655","numskull",2,86989983,99.98
"42656","nursemaid",2,86989985,99.98
"42657","nurser",2,86989987,99.98
"42658","nursling",2,86989989,99.98
"42659","nymphomania",2,86989991,99.98
"42660","nymphomaniacal",2,86989993,99.98
"42661","oarsman",2,86989995,99.98
"42662","oblateness",2,86989997,99.98
"42663","obligatorily",2,86989999,99.98
"42664","obligor",2,86990001,99.98
"42665","obliquity",2,86990003,99.98
"42666","obsolescent",2,86990005,99.98
"42667","occlusal",2,86990007,99.98
"42668","occlusive",2,86990009,99.98
"42669","ocracy",2,86990011,99.98
"42670","octahedron",2,86990013,99.98
"42671","octant",2,86990015,99.98
"42672","octaploid",2,86990017,99.98
"42673","octavo",2,86990019,99.98
"42674","octuplet",2,86990021,99.98
"42675","octyl",2,86990023,99.98
"42676","oculary",2,86990025,99.98
"42677","odeum",2,86990027,99.98
"42678","odic",2,86990029,99.98
"42679","ogee",2,86990031,99.98
"42680","ogler",2,86990033,99.98
"42681","oilcan",2,86990035,99.98
"42682","oleana",2,86990037,99.98
"42683","olfaction",2,86990039,99.98
"42684","ominousness",2,86990041,99.98
"42685","omnium",2,86990043,99.98
"42686","omphalos",2,86990045,99.98
"42687","onager",2,86990047,99.98
"42688","oneanother",2,86990049,99.98
"42689","oneiric",2,86990051,99.98
"42690","oner",2,86990053,99.98
"42691","onionlike",2,86990055,99.98
"42692","onrush",2,86990057,99.98
"42693","ontogenesis",2,86990059,99.98
"42694","ontologist",2,86990061,99.98
"42695","openhearted",2,86990063,99.98
"42696","operatically",2,86990065,99.98
"42697","opportunely",2,86990067,99.98
"42698","opposit",2,86990069,99.98
"42699","oppositely",2,86990071,99.98
"42700","optionality",2,86990073,99.98
"42701","opulently",2,86990075,99.98
"42702","orach",2,86990077,99.98
"42703","orangeade",2,86990079,99.98
"42704","oranger",2,86990081,99.98
"42705","orbicularis",2,86990083,99.98
"42706","orchardist",2,86990085,99.98
"42707","orchester",2,86990087,99.98
"42708","orchestrally",2,86990089,99.98
"42709","ordure",2,86990091,99.98
"42710","organelle",2,86990093,99.98
"42711","organismic",2,86990095,99.98
"42712","organon",2,86990097,99.98
"42713","orneriness",2,86990099,99.98
"42714","oropharyngeal",2,86990101,99.98
"42715","oropharynx",2,86990103,99.98
"42716","orthopod",2,86990105,99.98
"42717","orthopraxy",2,86990107,99.98
"42718","oscillatory",2,86990109,99.98
"42719","ossification",2,86990111,99.98
"42720","ossify",2,86990113,99.98
"42721","ostentation",2,86990115,99.98
"42722","osteonecrosis",2,86990117,99.98
"42723","ostracod",2,86990119,99.98
"42724","otolith",2,86990121,99.98
"42725","ottinger",2,86990123,99.98
"42726","outbox",2,86990125,99.98
"42727","outbreeding",2,86990127,99.98
"42728","outcaste",2,86990129,99.98
"42729","outdraw",2,86990131,99.98
"42730","outflanking",2,86990133,99.98
"42731","outguess",2,86990135,99.98
"42732","outpitch",2,86990137,99.98
"42733","outshout",2,86990139,99.98
"42734","outskirt",2,86990141,99.98
"42735","outthink",2,86990143,99.98
"42736","outwear",2,86990145,99.98
"42737","outworn",2,86990147,99.98
"42738","overactivity",2,86990149,99.98
"42739","overbanked",2,86990151,99.98
"42740","overbid",2,86990153,99.98
"42741","overcard",2,86990155,99.98
"42742","overextension",2,86990157,99.98
"42743","overgenerous",2,86990159,99.98
"42744","overgrow",2,86990161,99.98
"42745","overhanded",2,86990163,99.98
"42746","overlander",2,86990165,99.98
"42747","overlarge",2,86990167,99.98
"42748","overmastering",2,86990169,99.98
"42749","overproof",2,86990171,99.98
"42750","overrepresentation",2,86990173,99.98
"42751","oversalt",2,86990175,99.98
"42752","overseed",2,86990177,99.98
"42753","overskirt",2,86990179,99.98
"42754","overspill",2,86990181,99.98
"42755","overstand",2,86990183,99.98
"42756","oversweet",2,86990185,99.98
"42757","overwatch",2,86990187,99.98
"42758","overworn",2,86990189,99.98
"42759","ovine",2,86990191,99.98
"42760","ovist",2,86990193,99.98
"42761","ownerless",2,86990195,99.98
"42762","oxalate",2,86990197,99.98
"42763","oxychloride",2,86990199,99.98
"42764","pachymeter",2,86990201,99.98
"42765","pacificism",2,86990203,99.98
"42766","padge",2,86990205,99.98
"42767","padmasana",2,86990207,99.98
"42768","paeon",2,86990209,99.98
"42769","pahlavi",2,86990211,99.98
"42770","paho",2,86990213,99.98
"42771","paillette",2,86990215,99.98
"42772","painfulness",2,86990217,99.98
"42773","paintless",2,86990219,99.98
"42774","pajamaed",2,86990221,99.98
"42775","palanquin",2,86990223,99.98
"42776","palas",2,86990225,99.98
"42777","palazzi",2,86990227,99.98
"42778","palely",2,86990229,99.98
"42779","paleontological",2,86990231,99.98
"42780","palleting",2,86990233,99.98
"42781","palmitoleic",2,86990235,99.98
"42782","palpitate",2,86990237,99.98
"42783","panax",2,86990239,99.98
"42784","pandiculation",2,86990241,99.98
"42785","panegyric",2,86990243,99.98
"42786","panentheism",2,86990245,99.98
"42787","panfil",2,86990247,99.98
"42788","panful",2,86990249,99.98
"42789","panglima",2,86990251,99.98
"42790","pannage",2,86990253,99.98
"42791","pannikin",2,86990255,99.98
"42792","panoptic",2,86990257,99.98
"42793","pantalon",2,86990259,99.98
"42794","pantograph",2,86990261,99.98
"42795","pantywaist",2,86990263,99.98
"42796","paon",2,86990265,99.98
"42797","paradigmatically",2,86990267,99.98
"42798","parallelization",2,86990269,99.98
"42799","paramo",2,86990271,99.98
"42800","parasitically",2,86990273,99.98
"42801","paratroop",2,86990275,99.98
"42802","parcher",2,86990277,99.98
"42803","pard",2,86990279,99.99
"42804","pardesi",2,86990281,99.99
"42805","pardonable",2,86990283,99.99
"42806","parel",2,86990285,99.99
"42807","paresis",2,86990287,99.99
"42808","parlous",2,86990289,99.99
"42809","parochially",2,86990291,99.99
"42810","paroxysmal",2,86990293,99.99
"42811","parquetry",2,86990295,99.99
"42812","parsimoniously",2,86990297,99.99
"42813","parthenogenesis",2,86990299,99.99
"42814","particularize",2,86990301,99.99
"42815","parturient",2,86990303,99.99
"42816","passkey",2,86990305,99.99
"42817","pasteurize",2,86990307,99.99
"42818","pastiness",2,86990309,99.99
"42819","pastoralism",2,86990311,99.99
"42820","patas",2,86990313,99.99
"42821","patcher",2,86990315,99.99
"42822","paternalist",2,86990317,99.99
"42823","pathed",2,86990319,99.99
"42824","patheticness",2,86990321,99.99
"42825","pathless",2,86990323,99.99
"42826","patrilineal",2,86990325,99.99
"42827","patriotically",2,86990327,99.99
"42828","patronizingly",2,86990329,99.99
"42829","patta",2,86990331,99.99
"42830","pattened",2,86990333,99.99
"42831","pattypan",2,86990335,99.99
"42832","pauperism",2,86990337,99.99
"42833","pauperization",2,86990339,99.99
"42834","pawky",2,86990341,99.99
"42835","peacockish",2,86990343,99.99
"42836","pearling",2,86990345,99.99
"42837","pearlstone",2,86990347,99.99
"42838","pectoralis",2,86990349,99.99
"42839","pedagogically",2,86990351,99.99
"42840","pedaler",2,86990353,99.99
"42841","pederasty",2,86990355,99.99
"42842","pediment",2,86990357,99.99
"42843","peduncle",2,86990359,99.99
"42844","pekoe",2,86990361,99.99
"42845","pellitory",2,86990363,99.99
"42846","pelon",2,86990365,99.99
"42847","pelota",2,86990367,99.99
"42848","pelta",2,86990369,99.99
"42849","pelter",2,86990371,99.99
"42850","pemmican",2,86990373,99.99
"42851","penality",2,86990375,99.99
"42852","penitently",2,86990377,99.99
"42853","pentimento",2,86990379,99.99
"42854","peoplehood",2,86990381,99.99
"42855","pepo",2,86990383,99.99
"42856","pepperiness",2,86990385,99.99
"42857","peppiness",2,86990387,99.99
"42858","pepsin",2,86990389,99.99
"42859","percale",2,86990391,99.99
"42860","percept",2,86990393,99.99
"42861","perceptively",2,86990395,99.99
"42862","perchloroethylene",2,86990397,99.99
"42863","percuss",2,86990399,99.99
"42864","percussively",2,86990401,99.99
"42865","percutaneously",2,86990403,99.99
"42866","peregrination",2,86990405,99.99
"42867","peremptorily",2,86990407,99.99
"42868","perfectibility",2,86990409,99.99
"42869","perfectible",2,86990411,99.99
"42870","perfectionistic",2,86990413,99.99
"42871","perfervid",2,86990415,99.99
"42872","perfusion",2,86990417,99.99
"42873","periodontist",2,86990419,99.99
"42874","peristaltic",2,86990421,99.99
"42875","peristyle",2,86990423,99.99
"42876","perjure",2,86990425,99.99
"42877","perjurer",2,86990427,99.99
"42878","perpendicularly",2,86990429,99.99
"42879","persiflage",2,86990431,99.99
"42880","personalistic",2,86990433,99.99
"42881","pertinacious",2,86990435,99.99
"42882","pertinence",2,86990437,99.99
"42883","pervertedness",2,86990439,99.99
"42884","pestiferous",2,86990441,99.99
"42885","petrify",2,86990443,99.99
"42886","petroglyph",2,86990445,99.99
"42887","petronella",2,86990447,99.99
"42888","pettitoes",2,86990449,99.99
"42889","petuntse",2,86990451,99.99
"42890","phalange",2,86990453,99.99
"42891","phantasia",2,86990455,99.99
"42892","phantasmagoric",2,86990457,99.99
"42893","phantasmal",2,86990459,99.99
"42894","pharmaceutics",2,86990461,99.99
"42895","pharmacopeia",2,86990463,99.99
"42896","pharmacopoeia",2,86990465,99.99
"42897","pharmacotherapy",2,86990467,99.99
"42898","phasic",2,86990469,99.99
"42899","phasis",2,86990471,99.99
"42900","phenobarbital",2,86990473,99.99
"42901","phenomenality",2,86990475,99.99
"42902","phial",2,86990477,99.99
"42903","philanthropically",2,86990479,99.99
"42904","philtrum",2,86990481,99.99
"42905","phizog",2,86990483,99.99
"42906","phlebotomy",2,86990485,99.99
"42907","phloem",2,86990487,99.99
"42908","phocine",2,86990489,99.99
"42909","phoo",2,86990491,99.99
"42910","phorid",2,86990493,99.99
"42911","phosphatase",2,86990495,99.99
"42912","phossy",2,86990497,99.99
"42913","photoalbum",2,86990499,99.99
"42914","photographable",2,86990501,99.99
"42915","photogravure",2,86990503,99.99
"42916","photoplay",2,86990505,99.99
"42917","photosensitive",2,86990507,99.99
"42918","phrasemaker",2,86990509,99.99
"42919","phylum",2,86990511,99.99
"42920","picaroon",2,86990513,99.99
"42921","piccalilli",2,86990515,99.99
"42922","pichi",2,86990517,99.99
"42923","pickleweed",2,86990519,99.99
"42924","picnicker",2,86990521,99.99
"42925","pictogram",2,86990523,99.99
"42926","pictograph",2,86990525,99.99
"42927","picturesqueness",2,86990527,99.99
"42928","piddler",2,86990529,99.99
"42929","piecer",2,86990531,99.99
"42930","pielet",2,86990533,99.99
"42931","pietism",2,86990535,99.99
"42932","pigface",2,86990537,99.99
"42933","piggishness",2,86990539,99.99
"42934","pigheaded",2,86990541,99.99
"42935","pigheadedness",2,86990543,99.99
"42936","pigman",2,86990545,99.99
"42937","pigweed",2,86990547,99.99
"42938","pikle",2,86990549,99.99
"42939","pilau",2,86990551,99.99
"42940","pilferage",2,86990553,99.99
"42941","pillager",2,86990555,99.99
"42942","pillas",2,86990557,99.99
"42943","pilotless",2,86990559,99.99
"42944","pilus",2,86990561,99.99
"42945","pinacoteca",2,86990563,99.99
"42946","pinax",2,86990565,99.99
"42947","pinchbeck",2,86990567,99.99
"42948","pinetum",2,86990569,99.99
"42949","pinioned",2,86990571,99.99
"42950","pirnie",2,86990573,99.99
"42951","pisay",2,86990575,99.99
"42952","pistache",2,86990577,99.99
"42953","pistil",2,86990579,99.99
"42954","pitchable",2,86990581,99.99
"42955","pitchiness",2,86990583,99.99
"42956","pithiness",2,86990585,99.99
"42957","pityingly",2,86990587,99.99
"42958","pivotally",2,86990589,99.99
"42959","pize",2,86990591,99.99
"42960","plaidy",2,86990593,99.99
"42961","plaint",2,86990595,99.99
"42962","plaintiveness",2,86990597,99.99
"42963","planchette",2,86990599,99.99
"42964","plash",2,86990601,99.99
"42965","plass",2,86990603,99.99
"42966","plasterer",2,86990605,99.99
"42967","plasterwork",2,86990607,99.99
"42968","plasticizer",2,86990609,99.99
"42969","platano",2,86990611,99.99
"42970","playbox",2,86990613,99.99
"42971","playlet",2,86990615,99.99
"42972","playwrighting",2,86990617,99.99
"42973","pleader",2,86990619,99.99
"42974","pleasantry",2,86990621,99.99
"42975","plenipotentiary",2,86990623,99.99
"42976","plentifully",2,86990625,99.99
"42977","plethysmograph",2,86990627,99.99
"42978","pleural",2,86990629,99.99
"42979","plim",2,86990631,99.99
"42980","ploddingly",2,86990633,99.99
"42981","plowshare",2,86990635,99.99
"42982","pluggable",2,86990637,99.99
"42983","plumaged",2,86990639,99.99
"42984","plumpish",2,86990641,99.99
"42985","pluralize",2,86990643,99.99
"42986","plurally",2,86990645,99.99
"42987","pluripotent",2,86990647,99.99
"42988","plutonian",2,86990649,99.99
"42989","plutonomy",2,86990651,99.99
"42990","pob",2,86990653,99.99
"42991","pobs",2,86990655,99.99
"42992","podgy",2,86990657,99.99
"42993","podlike",2,86990659,99.99
"42994","pokeberry",2,86990661,99.99
"42995","polemicist",2,86990663,99.99
"42996","pollywog",2,86990665,99.99
"42997","polska",2,86990667,99.99
"42998","polverine",2,86990669,99.99
"42999","polyantha",2,86990671,99.99
"43000","polycrystalline",2,86990673,99.99
"43001","polycythemia",2,86990675,99.99
"43002","polyglycerol",2,86990677,99.99
"43003","poncelet",2,86990679,99.99
"43004","ponderance",2,86990681,99.99
"43005","pondside",2,86990683,99.99
"43006","ponent",2,86990685,99.99
"43007","pontes",2,86990687,99.99
"43008","poppable",2,86990689,99.99
"43009","porbeagle",2,86990691,99.99
"43010","porphyria",2,86990693,99.99
"43011","porphyry",2,86990695,99.99
"43012","porridgelike",2,86990697,99.99
"43013","portentousness",2,86990699,99.99
"43014","porteous",2,86990701,99.99
"43015","portlet",2,86990703,99.99
"43016","portrayer",2,86990705,99.99
"43017","portress",2,86990707,99.99
"43018","porty",2,86990709,99.99
"43019","postclassic",2,86990711,99.99
"43020","postdoctorate",2,86990713,99.99
"43021","postmortal",2,86990715,99.99
"43022","postprandial",2,86990717,99.99
"43023","postulation",2,86990719,99.99
"43024","potch",2,86990721,99.99
"43025","potful",2,86990723,99.99
"43026","potlatch",2,86990725,99.99
"43027","potong",2,86990727,99.99
"43028","potoo",2,86990729,99.99
"43029","pott",2,86990731,99.99
"43030","pottage",2,86990733,99.99
"43031","powerfulness",2,86990735,99.99
"43032","praecox",2,86990737,99.99
"43033","praetor",2,86990739,99.99
"43034","praetorian",2,86990741,99.99
"43035","praisable",2,86990743,99.99
"43036","prankish",2,86990745,99.99
"43037","prate",2,86990747,99.99
"43038","prating",2,86990749,99.99
"43039","prayerless",2,86990751,99.99
"43040","preachiness",2,86990753,99.99
"43041","preapprove",2,86990755,99.99
"43042","precent",2,86990757,99.99
"43043","preception",2,86990759,99.99
"43044","precocity",2,86990761,99.99
"43045","precognition",2,86990763,99.99
"43046","preconditioned",2,86990765,99.99
"43047","precursory",2,86990767,99.99
"43048","predetermine",2,86990769,99.99
"43049","prefectly",2,86990771,99.99
"43050","prefiguration",2,86990773,99.99
"43051","preflight",2,86990775,99.99
"43052","prehistorical",2,86990777,99.99
"43053","prehuman",2,86990779,99.99
"43054","prejudgment",2,86990781,99.99
"43055","prelaunch",2,86990783,99.99
"43056","prelease",2,86990785,99.99
"43057","premake",2,86990787,99.99
"43058","prematch",2,86990789,99.99
"43059","premiss",2,86990791,99.99
"43060","prender",2,86990793,99.99
"43061","prendre",2,86990795,99.99
"43062","preponderant",2,86990797,99.99
"43063","preprofessional",2,86990799,99.99
"43064","prequalify",2,86990801,99.99
"43065","preremove",2,86990803,99.99
"43066","preselect",2,86990805,99.99
"43067","presentist",2,86990807,99.99
"43068","presidencia",2,86990809,99.99
"43069","presidium",2,86990811,99.99
"43070","pression",2,86990813,99.99
"43071","prestidigitation",2,86990815,99.99
"43072","prestigiously",2,86990817,99.99
"43073","pretibial",2,86990819,99.99
"43074","pretreatment",2,86990821,99.99
"43075","prevalently",2,86990823,99.99
"43076","prevaricator",2,86990825,99.99
"43077","prevenient",2,86990827,99.99
"43078","prewrap",2,86990829,99.99
"43079","prexy",2,86990831,99.99
"43080","pricer",2,86990833,99.99
"43081","prickliness",2,86990835,99.99
"43082","primitively",2,86990837,99.99
"43083","primogeniture",2,86990839,99.99
"43084","priorly",2,86990841,99.99
"43085","prisonlike",2,86990843,99.99
"43086","privative",2,86990845,99.99
"43087","proa",2,86990847,99.99
"43088","probasketball",2,86990849,99.99
"43089","proctology",2,86990851,99.99
"43090","procurable",2,86990853,99.99
"43091","procurer",2,86990855,99.99
"43092","professoriate",2,86990857,99.99
"43093","profiter",2,86990859,99.99
"43094","profligately",2,86990861,99.99
"43095","prognostic",2,86990863,99.99
"43096","prognosticate",2,86990865,99.99
"43097","proleptic",2,86990867,99.99
"43098","pronouncedly",2,86990869,99.99
"43099","prophethood",2,86990871,99.99
"43100","propinquity",2,86990873,99.99
"43101","propound",2,86990875,99.99
"43102","proprietorial",2,86990877,99.99
"43103","proration",2,86990879,99.99
"43104","proselytizer",2,86990881,99.99
"43105","prosperously",2,86990883,99.99
"43106","prostatic",2,86990885,99.99
"43107","prostatitis",2,86990887,99.99
"43108","prosternum",2,86990889,99.99
"43109","prothesis",2,86990891,99.99
"43110","protopappas",2,86990893,99.99
"43111","protozoan",2,86990895,99.99
"43112","protuberant",2,86990897,99.99
"43113","prover",2,86990899,99.99
"43114","provincially",2,86990901,99.99
"43115","proximately",2,86990903,99.99
"43116","prudery",2,86990905,99.99
"43117","prudishness",2,86990907,99.99
"43118","pruritus",2,86990909,99.99
"43119","psalmody",2,86990911,99.99
"43120","pseudoscientific",2,86990913,99.99
"43121","psha",2,86990915,99.99
"43122","psychoanalytically",2,86990917,99.99
"43123","psychobiological",2,86990919,99.99
"43124","psychodynamic",2,86990921,99.99
"43125","psychometry",2,86990923,99.99
"43126","psychoses",2,86990925,99.99
"43127","psychotherapeutic",2,86990927,99.99
"43128","psylla",2,86990929,99.99
"43129","ptomaine",2,86990931,99.99
"43130","pudder",2,86990933,99.99
"43131","pueblito",2,86990935,99.99
"43132","puerility",2,86990937,99.99
"43133","puffbird",2,86990939,99.99
"43134","puggi",2,86990941,99.99
"43135","puggy",2,86990943,99.99
"43136","puku",2,86990945,99.99
"43137","pulchritudinous",2,86990947,99.99
"43138","puler",2,86990949,99.99
"43139","pulldown",2,86990951,99.99
"43140","punctate",2,86990953,99.99
"43141","punctuational",2,86990955,99.99
"43142","punctuative",2,86990957,99.99
"43143","puntal",2,86990959,99.99
"43144","purdah",2,86990961,99.99
"43145","pusillanimous",2,86990963,99.99
"43146","pustule",2,86990965,99.99
"43147","putterer",2,86990967,99.99
"43148","pyrethrin",2,86990969,99.99
"43149","pyrolysis",2,86990971,99.99
"43150","pyrolytic",2,86990973,99.99
"43151","pyromancy",2,86990975,99.99
"43152","pyromania",2,86990977,99.99
"43153","pyrophosphate",2,86990979,99.99
"43154","pyrotechnician",2,86990981,99.99
"43155","pyruvate",2,86990983,99.99
"43156","quadratus",2,86990985,99.99
"43157","quadricentennial",2,86990987,99.99
"43158","quadriga",2,86990989,99.99
"43159","quadruplet",2,86990991,99.99
"43160","quadruply",2,86990993,99.99
"43161","quadrupole",2,86990995,99.99
"43162","quaky",2,86990997,99.99
"43163","quantifiably",2,86990999,99.99
"43164","quatuor",2,86991001,99.99
"43165","queening",2,86991003,99.99
"43166","queerly",2,86991005,99.99
"43167","quei",2,86991007,99.99
"43168","quidnunc",2,86991009,99.99
"43169","quietism",2,86991011,99.99
"43170","quiller",2,86991013,99.99
"43171","quintain",2,86991015,99.99
"43172","quiveringly",2,86991017,99.99
"43173","quoin",2,86991019,99.99
"43174","quoniam",2,86991021,99.99
"43175","quotability",2,86991023,99.99
"43176","rachitism",2,86991025,99.99
"43177","radiancy",2,86991027,99.99
"43178","radiative",2,86991029,99.99
"43179","radicality",2,86991031,99.99
"43180","radiogram",2,86991033,99.99
"43181","radiometer",2,86991035,99.99
"43182","radome",2,86991037,99.99
"43183","raffe",2,86991039,99.99
"43184","raggedly",2,86991041,99.99
"43185","raggle",2,86991043,99.99
"43186","ragwort",2,86991045,99.99
"43187","railbird",2,86991047,99.99
"43188","rainlessness",2,86991049,99.99
"43189","rakehell",2,86991051,99.99
"43190","ramson",2,86991053,99.99
"43191","rancidification",2,86991055,99.99
"43192","randomization",2,86991057,99.99
"43193","randomize",2,86991059,99.99
"43194","rapacity",2,86991061,99.99
"43195","rascality",2,86991063,99.99
"43196","rashing",2,86991065,99.99
"43197","ratafia",2,86991067,99.99
"43198","ratcher",2,86991069,99.99
"43199","rathole",2,86991071,99.99
"43200","ratiocination",2,86991073,99.99
"43201","rattly",2,86991075,99.99
"43202","raveling",2,86991077,99.99
"43203","ravelly",2,86991079,99.99
"43204","ravigote",2,86991081,99.99
"43205","ravisher",2,86991083,99.99
"43206","rawboned",2,86991085,99.99
"43207","reabsorb",2,86991087,99.99
"43208","reacquaintance",2,86991089,99.99
"43209","reactively",2,86991091,99.99
"43210","readd",2,86991093,99.99
"43211","readopt",2,86991095,99.99
"43212","reagent",2,86991097,99.99
"43213","reak",2,86991099,99.99
"43214","reappropriate",2,86991101,99.99
"43215","rearrest",2,86991103,99.99
"43216","reassertion",2,86991105,99.99
"43217","reassume",2,86991107,99.99
"43218","reasy",2,86991109,99.99
"43219","reattempt",2,86991111,99.99
"43220","rebia",2,86991113,99.99
"43221","rebind",2,86991115,99.99
"43222","reboil",2,86991117,99.99
"43223","rebuilder",2,86991119,99.99
"43224","rebuttable",2,86991121,99.99
"43225","recantation",2,86991123,99.99
"43226","reccy",2,86991125,99.99
"43227","recency",2,86991127,99.99
"43228","rechallenge",2,86991129,99.99
"43229","reciprocally",2,86991131,99.99
"43230","recolonize",2,86991133,99.99
"43231","recolor",2,86991135,99.99
"43232","recommence",2,86991137,99.99
"43233","reconfirmation",2,86991139,99.99
"43234","reconnoitre",2,86991141,99.99
"43235","recontact",2,86991143,99.99
"43236","recool",2,86991145,99.99
"43237","recross",2,86991147,99.99
"43238","rectifier",2,86991149,99.99
"43239","recurrently",2,86991151,99.99
"43240","redactional",2,86991153,99.99
"43241","redback",2,86991155,99.99
"43242","redecoration",2,86991157,99.99
"43243","redemptively",2,86991159,99.99
"43244","redleg",2,86991161,99.99
"43245","redound",2,86991163,99.99
"43246","redpoll",2,86991165,99.99
"43247","redstart",2,86991167,99.99
"43248","redstreak",2,86991169,99.99
"43249","reducibility",2,86991171,99.99
"43250","reedbird",2,86991173,99.99
"43251","reeding",2,86991175,99.99
"43252","reedmaking",2,86991177,99.99
"43253","referentially",2,86991179,99.99
"43254","refind",2,86991181,99.99
"43255","reflectance",2,86991183,99.99
"43256","reflectiveness",2,86991185,99.99
"43257","refound",2,86991187,99.99
"43258","refutable",2,86991189,99.99
"43259","regalian",2,86991191,99.99
"43260","regionalize",2,86991193,99.99
"43261","reglementary",2,86991195,99.99
"43262","regreen",2,86991197,99.99
"43263","regroupment",2,86991199,99.99
"43264","regularize",2,86991201,99.99
"43265","reharm",2,86991203,99.99
"43266","reification",2,86991205,99.99
"43267","reinfection",2,86991207,99.99
"43268","reinjure",2,86991209,99.99
"43269","reinspect",2,86991211,99.99
"43270","reinstitution",2,86991213,99.99
"43271","reinterment",2,86991215,99.99
"43272","reinvigoration",2,86991217,99.99
"43273","rejecter",2,86991219,99.99
"43274","relapser",2,86991221,99.99
"43275","religiousness",2,86991223,99.99
"43276","reline",2,86991225,99.99
"43277","relink",2,86991227,99.99
"43278","relook",2,86991229,99.99
"43279","remanent",2,86991231,99.99
"43280","remanufacture",2,86991233,99.99
"43281","remelt",2,86991235,99.99
"43282","rememberable",2,86991237,99.99
"43283","rememberer",2,86991239,99.99
"43284","remonstrance",2,86991241,99.99
"43285","remonstrating",2,86991243,99.99
"43286","remonstration",2,86991245,99.99
"43287","remontant",2,86991247,99.99
"43288","renascence",2,86991249,99.99
"43289","renin",2,86991251,99.99
"43290","rennin",2,86991253,99.99
"43291","renouncement",2,86991255,99.99
"43292","reoccupy",2,86991257,99.99
"43293","repartition",2,86991259,99.99
"43294","repealer",2,86991261,99.99
"43295","repine",2,86991263,99.99
"43296","replan",2,86991265,99.99
"43297","repoint",2,86991267,99.99
"43298","reposed",2,86991269,99.99
"43299","reproachfully",2,86991271,99.99
"43300","reproductively",2,86991273,99.99
"43301","reproposal",2,86991275,99.99
"43302","repugnancy",2,86991277,99.99
"43303","repulsiveness",2,86991279,99.99
"43304","reputability",2,86991281,99.99
"43305","reraise",2,86991283,99.99
"43306","reredos",2,86991285,99.99
"43307","rescript",2,86991287,99.99
"43308","reselect",2,86991289,99.99
"43309","resemblant",2,86991291,99.99
"43310","reservationist",2,86991293,99.99
"43311","residuum",2,86991295,99.99
"43312","resignedly",2,86991297,99.99
"43313","resistless",2,86991299,99.99
"43314","resoluteness",2,86991301,99.99
"43315","resonantly",2,86991303,99.99
"43316","respectfulness",2,86991305,99.99
"43317","resplendently",2,86991307,99.99
"43318","responde",2,86991309,99.99
"43319","responsorial",2,86991311,99.99
"43320","responsory",2,86991313,99.99
"43321","resprout",2,86991315,99.99
"43322","restaff",2,86991317,99.99
"43323","restorationist",2,86991319,99.99
"43324","resubmission",2,86991321,99.99
"43325","resubscribe",2,86991323,99.99
"43326","resurge",2,86991325,99.99
"43327","retaliative",2,86991327,99.99
"43328","retarding",2,86991329,99.99
"43329","retaste",2,86991331,99.99
"43330","reticle",2,86991333,99.99
"43331","reticulation",2,86991335,99.99
"43332","retinoid",2,86991337,99.99
"43333","retour",2,86991339,99.99
"43334","retractor",2,86991341,99.99
"43335","retransmit",2,86991343,99.99
"43336","retting",2,86991345,99.99
"43337","revegetation",2,86991347,99.99
"43338","revengefulness",2,86991349,99.99
"43339","reversable",2,86991351,99.99
"43340","reverso",2,86991353,99.99
"43341","revery",2,86991355,99.99
"43342","reviewish",2,86991357,99.99
"43343","reviser",2,86991359,99.99
"43344","revisitation",2,86991361,99.99
"43345","revisor",2,86991363,99.99
"43346","rewrap",2,86991365,99.99
"43347","rhinitis",2,86991367,99.99
"43348","rhizomatous",2,86991369,99.99
"43349","rhomb",2,86991371,99.99
"43350","rhymester",2,86991373,99.99
"43351","rhythmics",2,86991375,99.99
"43352","ribaldry",2,86991377,99.99
"43353","ribbonlike",2,86991379,99.99
"43354","ribby",2,86991381,99.99
"43355","riblet",2,86991383,99.99
"43356","ribonucleic",2,86991385,99.99
"43357","rickle",2,86991387,99.99
"43358","ricksha",2,86991389,99.99
"43359","riddel",2,86991391,99.99
"43360","ridging",2,86991393,99.99
"43361","rigorousness",2,86991395,99.99
"43362","ringlet",2,86991397,99.99
"43363","ringtail",2,86991399,99.99
"43364","ripsaw",2,86991401,99.99
"43365","riskily",2,86991403,99.99
"43366","risper",2,86991405,99.99
"43367","rivethead",2,86991407,99.99
"43368","roadhead",2,86991409,99.99
"43369","roarer",2,86991411,99.99
"43370","rocklike",2,86991413,99.99
"43371","rodding",2,86991415,99.99
"43372","romanticist",2,86991417,99.99
"43373","roomer",2,86991419,99.99
"43374","roosa",2,86991421,99.99
"43375","rosal",2,86991423,99.99
"43376","rosel",2,86991425,99.99
"43377","roseless",2,86991427,99.99
"43378","roseola",2,86991429,99.99
"43379","roter",2,86991431,99.99
"43380","rotorcraft",2,86991433,99.99
"43381","rotundity",2,86991435,99.99
"43382","roughen",2,86991437,99.99
"43383","rowdily",2,86991439,99.99
"43384","rozum",2,86991441,99.99
"43385","rubbishing",2,86991443,99.99
"43386","rubbishy",2,86991445,99.99
"43387","ruckle",2,86991447,99.99
"43388","rud",2,86991449,99.99
"43389","ruddied",2,86991451,99.99
"43390","ruggy",2,86991453,99.99
"43391","rull",2,86991455,99.99
"43392","rumbler",2,86991457,99.99
"43393","rumen",2,86991459,99.99
"43394","rumney",2,86991461,99.99
"43395","runabout",2,86991463,99.99
"43396","runback",2,86991465,99.99
"43397","runout",2,86991467,99.99
"43398","rupie",2,86991469,99.99
"43399","rurally",2,86991471,99.99
"43400","rushy",2,86991473,99.99
"43401","rustically",2,86991475,99.99
"43402","rutilated",2,86991477,99.99
"43403","ryal",2,86991479,99.99
"43404","rynd",2,86991481,99.99
"43405","saccharide",2,86991483,99.99
"43406","sacramentalist",2,86991485,99.99
"43407","sacramentary",2,86991487,99.99
"43408","sacramentum",2,86991489,99.99
"43409","sacristan",2,86991491,99.99
"43410","saddlery",2,86991493,99.99
"43411","saiga",2,86991495,99.99
"43412","sailcloth",2,86991497,99.99
"43413","sailmaker",2,86991499,99.99
"43414","saim",2,86991501,99.99
"43415","sallee",2,86991503,99.99
"43416","salmagundi",2,86991505,99.99
"43417","salpa",2,86991507,99.99
"43418","saltbush",2,86991509,99.99
"43419","saltish",2,86991511,99.99
"43420","saltman",2,86991513,99.99
"43421","saltus",2,86991515,99.99
"43422","saltwort",2,86991517,99.99
"43423","samhita",2,86991519,99.99
"43424","samphire",2,86991521,99.99
"43425","sanctimoniousness",2,86991523,99.99
"43426","sanctionable",2,86991525,99.99
"43427","saponification",2,86991527,99.99
"43428","saponin",2,86991529,99.99
"43429","sapote",2,86991531,99.99
"43430","sard",2,86991533,99.99
"43431","sargassum",2,86991535,99.99
"43432","sarna",2,86991537,99.99
"43433","sarod",2,86991539,99.99
"43434","saron",2,86991541,99.99
"43435","sart",2,86991543,99.99
"43436","satanically",2,86991545,99.99
"43437","satine",2,86991547,99.99
"43438","sauceless",2,86991549,99.99
"43439","saumon",2,86991551,99.99
"43440","sauropod",2,86991553,99.99
"43441","saxifrage",2,86991555,99.99
"43442","scaler",2,86991557,99.99
"43443","scambling",2,86991559,99.99
"43444","scandalization",2,86991561,99.99
"43445","scap",2,86991563,99.99
"43446","scapegrace",2,86991565,99.99
"43447","scatch",2,86991567,99.99
"43448","scatterbrains",2,86991569,99.99
"43449","scatty",2,86991571,99.99
"43450","scenically",2,86991573,99.99
"43451","scenography",2,86991575,99.99
"43452","sceptered",2,86991577,99.99
"43453","schanz",2,86991579,99.99
"43454","schelly",2,86991581,99.99
"43455","schemata",2,86991583,99.99
"43456","schlemiel",2,86991585,99.99
"43457","schnapper",2,86991587,99.99
"43458","scholium",2,86991589,99.99
"43459","scientistic",2,86991591,99.99
"43460","scintillation",2,86991593,99.99
"43461","scler",2,86991595,99.99
"43462","scobby",2,86991597,99.99
"43463","scoriaceous",2,86991599,99.99
"43464","scorner",2,86991601,99.99
"43465","scouter",2,86991603,99.99
"43466","scovel",2,86991605,99.99
"43467","scramasax",2,86991607,99.99
"43468","scrawly",2,86991609,99.99
"43469","screenless",2,86991611,99.99
"43470","scribbly",2,86991613,99.99
"43471","scritch",2,86991615,99.99
"43472","scrofulous",2,86991617,99.99
"43473","scrolly",2,86991619,99.99
"43474","scrotal",2,86991621,99.99
"43475","scrumptiousness",2,86991623,99.99
"43476","scruple",2,86991625,99.99
"43477","scrupulousness",2,86991627,99.99
"43478","scumble",2,86991629,99.99
"43479","scute",2,86991631,99.99
"43480","seaberry",2,86991633,99.99
"43481","seah",2,86991635,99.99
"43482","seamlessness",2,86991637,99.99
"43483","seclude",2,86991639,99.99
"43484","secondment",2,86991641,99.99
"43485","secos",2,86991643,99.99
"43486","secre",2,86991645,99.99
"43487","secretiveness",2,86991647,99.99
"43488","sectary",2,86991649,99.99
"43489","sedentariness",2,86991651,99.99
"43490","sedulous",2,86991653,99.99
"43491","seeable",2,86991655,99.99
"43492","sego",2,86991657,99.99
"43493","seigneur",2,86991659,99.99
"43494","seignior",2,86991661,99.99
"43495","seit",2,86991663,99.99
"43496","seizer",2,86991665,99.99
"43497","sele",2,86991667,99.99
"43498","semiarid",2,86991669,99.99
"43499","semiliterate",2,86991671,99.99
"43500","semiprivate",2,86991673,99.99
"43501","semiprofessional",2,86991675,99.99
"43502","semiregular",2,86991677,99.99
"43503","semisoft",2,86991679,99.99
"43504","semisolid",2,86991681,99.99
"43505","sensitization",2,86991683,99.99
"43506","sensualize",2,86991685,99.99
"43507","sensuousness",2,86991687,99.99
"43508","sepic",2,86991689,99.99
"43509","septillion",2,86991691,99.99
"43510","septime",2,86991693,99.99
"43511","sequestrate",2,86991695,99.99
"43512","serape",2,86991697,99.99
"43513","seraphine",2,86991699,99.99
"43514","sericulture",2,86991701,99.99
"43515","serjeant",2,86991703,99.99
"43516","sermo",2,86991705,99.99
"43517","sermonic",2,86991707,99.99
"43518","serow",2,86991709,99.99
"43519","serried",2,86991711,99.99
"43520","serry",2,86991713,99.99
"43521","servery",2,86991715,99.99
"43522","serviceability",2,86991717,99.99
"43523","sestet",2,86991719,99.99
"43524","sesti",2,86991721,99.99
"43525","seta",2,86991723,99.99
"43526","shafty",2,86991725,99.99
"43527","shallal",2,86991727,99.99
"43528","shallop",2,86991729,99.99
"43529","shant",2,86991731,99.99
"43530","shap",2,86991733,99.99
"43531","shapen",2,86991735,99.99
"43532","shaps",2,86991737,99.99
"43533","shearwaters",2,86991739,99.99
"43534","sheathe",2,86991741,99.99
"43535","shebeen",2,86991743,99.99
"43536","sheely",2,86991745,99.99
"43537","sheeny",2,86991747,99.99
"43538","sheepherder",2,86991749,99.99
"43539","sheepherding",2,86991751,99.99
"43540","sheepy",2,86991753,99.99
"43541","sheering",2,86991755,99.99
"43542","shela",2,86991757,99.99
"43543","shenanigan",2,86991759,99.99
"43544","shieling",2,86991761,99.99
"43545","shiest",2,86991763,99.99
"43546","shingling",2,86991765,99.99
"43547","shingly",2,86991767,99.99
"43548","shipload",2,86991769,99.99
"43549","shippable",2,86991771,99.99
"43550","shive",2,86991773,99.99
"43551","shiveringly",2,86991775,99.99
"43552","shoddiness",2,86991777,99.99
"43553","shoeman",2,86991779,99.99
"43554","shoesmith",2,86991781,99.99
"43555","shootable",2,86991783,99.99
"43556","shopgirl",2,86991785,99.99
"43557","shopwoman",2,86991787,99.99
"43558","shoreland",2,86991789,99.99
"43559","shoreside",2,86991791,99.99
"43560","showup",2,86991793,99.99
"43561","shrieky",2,86991795,99.99
"43562","shrimplike",2,86991797,99.99
"43563","shrinker",2,86991799,99.99
"43564","shrive",2,86991801,99.99
"43565","shroff",2,86991803,99.99
"43566","shunner",2,86991805,99.99
"43567","shyer",2,86991807,99.99
"43568","sibship",2,86991809,99.99
"43569","sicca",2,86991811,99.99
"43570","sice",2,86991813,99.99
"43571","sickish",2,86991815,99.99
"43572","sickliness",2,86991817,99.99
"43573","sickling",2,86991819,99.99
"43574","sicular",2,86991821,99.99
"43575","sidehill",2,86991823,99.99
"43576","sideling",2,86991825,99.99
"43577","sidesplitting",2,86991827,99.99
"43578","siering",2,86991829,99.99
"43579","silicosis",2,86991831,99.99
"43580","siltation",2,86991833,99.99
"43581","silvan",2,86991835,99.99
"43582","silverbush",2,86991837,99.99
"43583","silverish",2,86991839,99.99
"43584","silverskin",2,86991841,99.99
"43585","simnel",2,86991843,99.99
"43586","simular",2,86991845,99.99
"43587","singspiel",2,86991847,99.99
"43588","sinh",2,86991849,99.99
"43589","sinlessness",2,86991851,99.99
"43590","sinusoidal",2,86991853,99.99
"43591","sircar",2,86991855,99.99
"43592","siver",2,86991857,99.99
"43593","siwash",2,86991859,99.99
"43594","sizar",2,86991861,99.99
"43595","skag",2,86991863,99.99
"43596","skillfulness",2,86991865,99.99
"43597","skinniness",2,86991867,99.99
"43598","skirl",2,86991869,99.99
"43599","skive",2,86991871,99.99
"43600","skua",2,86991873,99.99
"43601","skywriter",2,86991875,99.99
"43602","slanderously",2,86991877,99.99
"43603","slanguage",2,86991879,99.99
"43604","slattern",2,86991881,99.99
"43605","slaveholder",2,86991883,99.99
"43606","slavey",2,86991885,99.99
"43607","sledded",2,86991887,99.99
"43608","slirt",2,86991889,99.99
"43609","slithy",2,86991891,99.99
"43610","slivovitz",2,86991893,99.99
"43611","slogger",2,86991895,99.99
"43612","sloven",2,86991897,99.99
"43613","slub",2,86991899,99.99
"43614","sluggy",2,86991901,99.99
"43615","sluttish",2,86991903,99.99
"43616","smalltime",2,86991905,99.99
"43617","smarm",2,86991907,99.99
"43618","smashup",2,86991909,99.99
"43619","smeeth",2,86991911,99.99
"43620","smegma",2,86991913,99.99
"43621","smoothen",2,86991915,99.99
"43622","smudger",2,86991917,99.99
"43623","sneery",2,86991919,99.99
"43624","sneezer",2,86991921,99.99
"43625","snick",2,86991923,99.99
"43626","snig",2,86991925,99.99
"43627","snippiness",2,86991927,99.99
"43628","snitcher",2,86991929,99.99
"43629","snork",2,86991931,99.99
"43630","snorty",2,86991933,99.99
"43631","snouted",2,86991935,99.99
"43632","snowbell",2,86991937,99.99
"43633","snowshoer",2,86991939,99.99
"43634","snuggery",2,86991941,99.99
"43635","soam",2,86991943,99.99
"43636","soaper",2,86991945,99.99
"43637","soapmaking",2,86991947,99.99
"43638","soaringly",2,86991949,99.99
"43639","socialness",2,86991951,99.99
"43640","sociobiological",2,86991953,99.99
"43641","socker",2,86991955,99.99
"43642","sodality",2,86991957,99.99
"43643","sodded",2,86991959,99.99
"43644","solanum",2,86991961,99.99
"43645","solarization",2,86991963,99.99
"43646","soldado",2,86991965,99.99
"43647","soldierly",2,86991967,99.99
"43648","soldiery",2,86991969,99.99
"43649","solemnify",2,86991971,99.99
"43650","solicitously",2,86991973,99.99
"43651","solidago",2,86991975,99.99
"43652","someways",2,86991977,99.99
"43653","somnambulism",2,86991979,99.99
"43654","somnus",2,86991981,99.99
"43655","sond",2,86991983,99.99
"43656","soonly",2,86991985,99.99
"43657","soss",2,86991987,99.99
"43658","sotted",2,86991989,99.99
"43659","sottish",2,86991991,99.99
"43660","soubrette",2,86991993,99.99
"43661","soulish",2,86991995,99.99
"43662","soullessness",2,86991997,99.99
"43663","sourwood",2,86991999,99.99
"43664","southeasterly",2,86992001,99.99
"43665","southernness",2,86992003,99.99
"43666","southernwood",2,86992005,99.99
"43667","sovietism",2,86992007,99.99
"43668","spack",2,86992009,99.99
"43669","spadefoot",2,86992011,99.99
"43670","spademan",2,86992013,99.99
"43671","spadix",2,86992015,99.99
"43672","spalt",2,86992017,99.99
"43673","sparerib",2,86992019,99.99
"43674","spathe",2,86992021,99.99
"43675","spatialization",2,86992023,99.99
"43676","spatiotemporal",2,86992025,99.99
"43677","spatting",2,86992027,99.99
"43678","spectacled",2,86992029,99.99
"43679","specular",2,86992031,99.99
"43680","speculum",2,86992033,99.99
"43681","speechmaking",2,86992035,99.99
"43682","spellwork",2,86992037,99.99
"43683","speltz",2,86992039,99.99
"43684","spermatozoon",2,86992041,99.99
"43685","spewy",2,86992043,99.99
"43686","sphagnum",2,86992045,99.99
"43687","spicery",2,86992047,99.99
"43688","spidered",2,86992049,99.99
"43689","spikenard",2,86992051,99.99
"43690","spilly",2,86992053,99.99
"43691","spindled",2,86992055,99.99
"43692","spinet",2,86992057,99.99
"43693","spired",2,86992059,99.99
"43694","spiritedly",2,86992061,99.99
"43695","spiritism",2,86992063,99.99
"43696","spiritless",2,86992065,99.99
"43697","spirituous",2,86992067,99.99
"43698","spitten",2,86992069,99.99
"43699","splendiferously",2,86992071,99.99
"43700","splitfinger",2,86992073,99.99
"43701","spondylosis",2,86992075,99.99
"43702","sponger",2,86992077,99.99
"43703","spoony",2,86992079,99.99
"43704","spor",2,86992081,99.99
"43705","sportswoman",2,86992083,99.99
"43706","spottily",2,86992085,99.99
"43707","sprat",2,86992087,99.99
"43708","sprent",2,86992089,99.99
"43709","springless",2,86992091,99.99
"43710","springlet",2,86992093,99.99
"43711","springtail",2,86992095,99.99
"43712","spunkiness",2,86992097,99.99
"43713","spurge",2,86992099,99.99
"43714","spurling",2,86992101,99.99
"43715","spyer",2,86992103,99.99
"43716","squama",2,86992105,99.99
"43717","squealer",2,86992107,99.99
"43718","squelcher",2,86992109,99.99
"43719","sruti",2,86992111,99.99
"43720","ssu",2,86992113,99.99
"43721","stableboy",2,86992115,99.99
"43722","stagewise",2,86992117,99.99
"43723","staginess",2,86992119,99.99
"43724","stagnantly",2,86992121,99.99
"43725","stainable",2,86992123,99.99
"43726","stairstep",2,86992125,99.99
"43727","staith",2,86992127,99.99
"43728","standage",2,86992129,99.99
"43729","standpipe",2,86992131,99.99
"43730","stap",2,86992133,99.99
"43731","starty",2,86992135,99.99
"43732","stary",2,86992137,99.99
"43733","stases",2,86992139,99.99
"43734","statesmanlike",2,86992141,99.99
"43735","statically",2,86992143,99.99
"43736","stationer",2,86992145,99.99
"43737","stator",2,86992147,99.99
"43738","stealy",2,86992149,99.99
"43739","stearone",2,86992151,99.99
"43740","steeliness",2,86992153,99.99
"43741","steever",2,86992155,99.99
"43742","stenography",2,86992157,99.99
"43743","stercobilin",2,86992159,99.99
"43744","stereotactic",2,86992161,99.99
"43745","stero",2,86992163,99.99
"43746","stevedoring",2,86992165,99.99
"43747","sticklike",2,86992167,99.99
"43748","stiflingly",2,86992169,99.99
"43749","stigmatic",2,86992171,99.99
"43750","stockhouse",2,86992173,99.99
"43751","stockinger",2,86992175,99.99
"43752","stoep",2,86992177,99.99
"43753","stoff",2,86992179,99.99
"43754","stomacher",2,86992181,99.99
"43755","stooper",2,86992183,99.99
"43756","stoppable",2,86992185,99.99
"43757","storge",2,86992187,99.99
"43758","storywise",2,86992189,99.99
"43759","stotter",2,86992191,99.99
"43760","stouty",2,86992193,99.99
"43761","stowage",2,86992195,99.99
"43762","strag",2,86992197,99.99
"43763","stram",2,86992199,99.99
"43764","straphanger",2,86992201,99.99
"43765","strapwork",2,86992203,99.99
"43766","strategical",2,86992205,99.99
"43767","strategics",2,86992207,99.99
"43768","strati",2,86992209,99.99
"43769","strave",2,86992211,99.99
"43770","strawflower",2,86992213,99.99
"43771","stre",2,86992215,99.99
"43772","stressless",2,86992217,99.99
"43773","stretto",2,86992219,99.99
"43774","striate",2,86992221,99.99
"43775","striation",2,86992223,99.99
"43776","striatum",2,86992225,99.99
"43777","stridor",2,86992227,99.99
"43778","stridulation",2,86992229,99.99
"43779","striver",2,86992231,99.99
"43780","stroboscopic",2,86992233,99.99
"43781","strontia",2,86992235,99.99
"43782","strophic",2,86992237,99.99
"43783","stroy",2,86992239,99.99
"43784","structuralist",2,86992241,99.99
"43785","struvite",2,86992243,99.99
"43786","stuccowork",2,86992245,99.99
"43787","studentship",2,86992247,99.99
"43788","studium",2,86992249,99.99
"43789","stumblingly",2,86992251,99.99
"43790","stunter",2,86992253,99.99
"43791","stuporous",2,86992255,99.99
"43792","subalpine",2,86992257,99.99
"43793","subarctic",2,86992259,99.99
"43794","subclinical",2,86992261,99.99
"43795","subcontinental",2,86992263,99.99
"43796","subdeacon",2,86992265,99.99
"43797","subfamily",2,86992267,99.99
"43798","subfusc",2,86992269,99.99
"43799","subheading",2,86992271,99.99
"43800","sublethal",2,86992273,99.99
"43801","sublicense",2,86992275,99.99
"43802","subluxation",2,86992277,99.99
"43803","submetering",2,86992279,99.99
"43804","submittal",2,86992281,99.99
"43805","subordinating",2,86992283,99.99
"43806","subscribership",2,86992285,99.99
"43807","subsea",2,86992287,99.99
"43808","subsistent",2,86992289,99.99
"43809","subvention",2,86992291,99.99
"43810","suckhole",2,86992293,99.99
"43811","sudarium",2,86992295,99.99
"43812","suer",2,86992297,99.99
"43813","suffocatingly",2,86992299,99.99
"43814","suffragist",2,86992301,99.99
"43815","suicidally",2,86992303,99.99
"43816","sulfa",2,86992305,99.99
"43817","sulfhydryl",2,86992307,99.99
"43818","sulfury",2,86992309,99.99
"43819","sulkiness",2,86992311,99.99
"43820","summerish",2,86992313,99.99
"43821","summertree",2,86992315,99.99
"43822","sunbonnet",2,86992317,99.99
"43823","sune",2,86992319,99.99
"43824","sunnily",2,86992321,99.99
"43825","sunray",2,86992323,99.99
"43826","sunstroke",2,86992325,99.99
"43827","sunward",2,86992327,99.99
"43828","superabundantly",2,86992329,99.99
"43829","supercilium",2,86992331,99.99
"43830","superclass",2,86992333,99.99
"43831","superconductive",2,86992335,99.99
"43832","superconductivity",2,86992337,99.99
"43833","superconductor",2,86992339,99.99
"43834","supercritical",2,86992341,99.99
"43835","superexcited",2,86992343,99.99
"43836","superfantastic",2,86992345,99.99
"43837","superfluously",2,86992347,99.99
"43838","superfriendly",2,86992349,99.99
"43839","supergiant",2,86992351,99.99
"43840","superintendence",2,86992353,99.99
"43841","superscript",2,86992355,99.99
"43842","superscription",2,86992357,99.99
"43843","supersmart",2,86992359,99.99
"43844","superstitiously",2,86992361,99.99
"43845","superwealthy",2,86992363,99.99
"43846","supination",2,86992365,99.99
"43847","suppling",2,86992367,99.99
"43848","supportable",2,86992369,99.99
"43849","supraorbital",2,86992371,99.99
"43850","surcingle",2,86992373,99.99
"43851","surfy",2,86992375,99.99
"43852","surviver",2,86992377,99.99
"43853","susurration",2,86992379,99.99
"43854","susurrus",2,86992381,99.99
"43855","sutor",2,86992383,99.99
"43856","suzerainty",2,86992385,99.99
"43857","swaddler",2,86992387,99.99
"43858","swapper",2,86992389,99.99
"43859","swaraj",2,86992391,99.99
"43860","swash",2,86992393,99.99
"43861","swayer",2,86992395,99.99
"43862","sweatproof",2,86992397,99.99
"43863","swedge",2,86992399,99.99
"43864","sweepingly",2,86992401,99.99
"43865","sweepings",2,86992403,99.99
"43866","sweepy",2,86992405,99.99
"43867","sweer",2,86992407,99.99
"43868","sweetling",2,86992409,99.99
"43869","sweetmeat",2,86992411,99.99
"43870","sweetwood",2,86992413,99.99
"43871","swelteringly",2,86992415,99.99
"43872","swingeing",2,86992417,99.99
"43873","swire",2,86992419,99.99
"43874","switchyard",2,86992421,99.99
"43875","swom",2,86992423,99.99
"43876","swordsmanship",2,86992425,99.99
"43877","swordswoman",2,86992427,99.99
"43878","sycophantically",2,86992429,99.99
"43879","syllabary",2,86992431,99.99
"43880","symphonia",2,86992433,99.99
"43881","symphonist",2,86992435,99.99
"43882","synagogal",2,86992437,99.99
"43883","synastry",2,86992439,99.99
"43884","synchronism",2,86992441,99.99
"43885","synchrotron",2,86992443,99.99
"43886","synergistically",2,86992445,99.99
"43887","synesthetic",2,86992447,99.99
"43888","synopsize",2,86992449,99.99
"43889","synoptical",2,86992451,99.99
"43890","syphilitic",2,86992453,99.99
"43891","syre",2,86992455,99.99
"43892","systematics",2,86992457,99.99
"43893","systematize",2,86992459,99.99
"43894","systemize",2,86992461,99.99
"43895","tableful",2,86992463,99.99
"43896","taboot",2,86992465,99.99
"43897","tache",2,86992467,99.99
"43898","taciturnity",2,86992469,99.99
"43899","tactfulness",2,86992471,99.99
"43900","tactlessly",2,86992473,99.99
"43901","taintor",2,86992475,99.99
"43902","talahib",2,86992477,99.99
"43903","talao",2,86992479,99.99
"43904","talion",2,86992481,99.99
"43905","tallyho",2,86992483,99.99
"43906","taloned",2,86992485,99.99
"43907","tamely",2,86992487,99.99
"43908","tanach",2,86992489,99.99
"43909","tangency",2,86992491,99.99
"43910","tanh",2,86992493,99.99
"43911","tantrik",2,86992495,99.99
"43912","tanworks",2,86992497,99.99
"43913","tanyard",2,86992499,99.99
"43914","tapis",2,86992501,99.99
"43915","tapster",2,86992503,99.99
"43916","tarboy",2,86992505,99.99
"43917","tardive",2,86992507,99.99
"43918","tartle",2,86992509,99.99
"43919","tartrazine",2,86992511,99.99
"43920","tatou",2,86992513,99.99
"43921","tattler",2,86992515,99.99
"43922","tave",2,86992517,99.99
"43923","taverner",2,86992519,99.99
"43924","tawse",2,86992521,99.99
"43925","taxonomically",2,86992523,99.99
"43926","teachery",2,86992525,99.99
"43927","teagle",2,86992527,99.99
"43928","tean",2,86992529,99.99
"43929","teap",2,86992531,99.99
"43930","teashop",2,86992533,99.99
"43931","techiness",2,86992535,99.99
"43932","technologic",2,86992537,99.99
"43933","tediousness",2,86992539,99.99
"43934","teethe",2,86992541,99.99
"43935","tehsil",2,86992543,99.99
"43936","telangiectasia",2,86992545,99.99
"43937","telegraphist",2,86992547,99.99
"43938","telephonically",2,86992549,99.99
"43939","tembe",2,86992551,99.99
"43940","temin",2,86992553,99.99
"43941","templarism",2,86992555,99.99
"43942","templed",2,86992557,99.99
"43943","temporale",2,86992559,99.99
"43944","temporomandibular",2,86992561,99.99
"43945","tenace",2,86992563,99.99
"43946","tendential",2,86992565,99.99
"43947","tenderer",2,86992567,99.99
"43948","tenpin",2,86992569,99.99
"43949","tensor",2,86992571,99.99
"43950","teosinte",2,86992573,99.99
"43951","tepidness",2,86992575,99.99
"43952","teratogenic",2,86992577,99.99
"43953","tercel",2,86992579,99.99
"43954","tercentenary",2,86992581,99.99
"43955","terminological",2,86992583,99.99
"43956","terrorization",2,86992585,99.99
"43957","tessellation",2,86992587,99.99
"43958","testamentum",2,86992589,99.99
"43959","thanklessly",2,86992591,99.99
"43960","thave",2,86992593,99.99
"43961","theat",2,86992595,99.99
"43962","thegither",2,86992597,99.99
"43963","thegn",2,86992599,99.99
"43964","theophany",2,86992601,99.99
"43965","theoretician",2,86992603,99.99
"43966","theosophic",2,86992605,99.99
"43967","theosophist",2,86992607,99.99
"43968","thereunder",2,86992609,99.99
"43969","thermite",2,86992611,99.99
"43970","thermocline",2,86992613,99.99
"43971","thetic",2,86992615,99.99
"43972","thighed",2,86992617,99.99
"43973","thight",2,86992619,99.99
"43974","thirtyish",2,86992621,99.99
"43975","thorned",2,86992623,99.99
"43976","thousandfold",2,86992625,99.99
"43977","threadlike",2,86992627,99.99
"43978","threepence",2,86992629,99.99
"43979","threnody",2,86992631,99.99
"43980","thring",2,86992633,99.99
"43981","thriver",2,86992635,99.99
"43982","throating",2,86992637,99.99
"43983","thrombus",2,86992639,99.99
"43984","thuddingly",2,86992641,99.99
"43985","thujone",2,86992643,99.99
"43986","thyroglobulin",2,86992645,99.99
"43987","tickly",2,86992647,99.99
"43988","tidally",2,86992649,99.99
"43989","tiddy",2,86992651,99.99
"43990","tided",2,86992653,99.99
"43991","tidemark",2,86992655,99.99
"43992","tieback",2,86992657,99.99
"43993","tightener",2,86992659,99.99
"43994","tightwire",2,86992661,99.99
"43995","tilework",2,86992663,99.99
"43996","tillable",2,86992665,99.99
"43997","tillage",2,86992667,99.99
"43998","tilty",2,86992669,99.99
"43999","timelessly",2,86992671,99.99
"44000","timidness",2,86992673,99.99
"44001","tinkly",2,86992675,99.99
"44002","tinselly",2,86992677,99.99
"44003","tippee",2,86992679,99.99
"44004","tiptop",2,86992681,99.99
"44005","titbit",2,86992683,99.99
"44006","titer",2,86992685,99.99
"44007","tither",2,86992687,99.99
"44008","titleholder",2,86992689,99.99
"44009","tji",2,86992691,99.99
"44010","tmesis",2,86992693,99.99
"44011","tobira",2,86992695,99.99
"44012","tocome",2,86992697,99.99
"44013","toeless",2,86992699,99.99
"44014","toiler",2,86992701,99.99
"44015","toileted",2,86992703,99.99
"44016","tollhouse",2,86992705,99.99
"44017","tolu",2,86992707,99.99
"44018","tomblike",2,86992709,99.99
"44019","tonalist",2,86992711,99.99
"44020","tonalite",2,86992713,99.99
"44021","toneless",2,86992715,99.99
"44022","tonneau",2,86992717,99.99
"44023","tonsure",2,86992719,99.99
"44024","tontine",2,86992721,99.99
"44025","toop",2,86992723,99.99
"44026","toper",2,86992725,99.99
"44027","topographer",2,86992727,99.99
"44028","topographically",2,86992729,99.99
"44029","tored",2,86992731,99.99
"44030","torques",2,86992733,99.99
"44031","torticollis",2,86992735,99.99
"44032","tortuously",2,86992737,99.99
"44033","tost",2,86992739,99.99
"44034","toucher",2,86992741,99.99
"44035","touchless",2,86992743,99.99
"44036","touchwood",2,86992745,99.99
"44037","toughly",2,86992747,99.99
"44038","touter",2,86992749,99.99
"44039","towheaded",2,86992751,99.99
"44040","townish",2,86992753,99.99
"44041","townland",2,86992755,99.99
"44042","townsman",2,86992757,99.99
"44043","toxicant",2,86992759,99.99
"44044","trackman",2,86992761,99.99
"44045","trackwork",2,86992763,99.99
"44046","tradecraft",2,86992765,99.99
"44047","trafficway",2,86992767,99.99
"44048","trag",2,86992769,99.99
"44049","tragacanth",2,86992771,99.99
"44050","tragi",2,86992773,99.99
"44051","trainload",2,86992775,99.99
"44052","trainmaster",2,86992777,99.99
"44053","trame",2,86992779,99.99
"44054","tranquilly",2,86992781,99.99
"44055","transatlanticism",2,86992783,99.99
"44056","transborder",2,86992785,99.99
"44057","transcriptional",2,86992787,99.99
"44058","transept",2,86992789,99.99
"44059","transferential",2,86992791,99.99
"44060","translocation",2,86992793,99.99
"44061","transmissibility",2,86992795,99.99
"44062","transmittal",2,86992797,99.99
"44063","transmittance",2,86992799,99.99
"44064","transmogrification",2,86992801,99.99
"44065","transmogrify",2,86992803,99.99
"44066","transportability",2,86992805,99.99
"44067","transportational",2,86992807,99.99
"44068","transshipment",2,86992809,99.99
"44069","transvestitism",2,86992811,99.99
"44070","trapezium",2,86992813,99.99
"44071","trapezius",2,86992815,99.99
"44072","traumatically",2,86992817,99.99
"44073","traversable",2,86992819,99.99
"44074","treasonable",2,86992821,99.99
"44075","treebeard",2,86992823,99.99
"44076","trellised",2,86992825,99.99
"44077","trembly",2,86992827,99.99
"44078","trenchantly",2,86992829,99.99
"44079","trencherman",2,86992831,99.99
"44080","trews",2,86992833,99.99
"44081","tribally",2,86992835,99.99
"44082","trichomoniasis",2,86992837,99.99
"44083","triethanolamine",2,86992839,99.99
"44084","trillionth",2,86992841,99.99
"44085","trist",2,86992843,99.99
"44086","tristeza",2,86992845,99.99
"44087","triteness",2,86992847,99.99
"44088","triticum",2,86992849,99.99
"44089","trode",2,86992851,99.99
"44090","trogs",2,86992853,99.99
"44091","troopship",2,86992855,99.99
"44092","tropically",2,86992857,99.99
"44093","troth",2,86992859,99.99
"44094","troubler",2,86992861,99.99
"44095","trousered",2,86992863,99.99
"44096","trouserless",2,86992865,99.99
"44097","truckle",2,86992867,99.99
"44098","trustable",2,86992869,99.99
"44099","tryp",2,86992871,99.99
"44100","trysting",2,86992873,99.99
"44101","tuberose",2,86992875,99.99
"44102","tumbrel",2,86992877,99.99
"44103","tummel",2,86992879,99.99
"44104","tunnelly",2,86992881,99.99
"44105","tunner",2,86992883,99.99
"44106","turbaned",2,86992885,99.99
"44107","turfing",2,86992887,99.99
"44108","turnagain",2,86992889,99.99
"44109","turnstone",2,86992891,99.99
"44110","turp",2,86992893,99.99
"44111","tusked",2,86992895,99.99
"44112","tway",2,86992897,99.99
"44113","tweeny",2,86992899,99.99
"44114","twizzle",2,86992901,99.99
"44115","twoness",2,86992903,99.99
"44116","twopenny",2,86992905,99.99
"44117","tyee",2,86992907,99.99
"44118","typographer",2,86992909,99.99
"44119","tyrannically",2,86992911,99.99
"44120","uglify",2,86992913,99.99
"44121","ulceration",2,86992915,99.99
"44122","ulua",2,86992917,99.99
"44123","umpty",2,86992919,99.99
"44124","unactive",2,86992921,99.99
"44125","unadaptable",2,86992923,99.99
"44126","unalterably",2,86992925,99.99
"44127","unamusing",2,86992927,99.99
"44128","unapparent",2,86992929,99.99
"44129","unappealed",2,86992931,99.99
"44130","unapplied",2,86992933,99.99
"44131","unarguably",2,86992935,99.99
"44132","unarrested",2,86992937,99.99
"44133","unary",2,86992939,99.99
"44134","unassailably",2,86992941,99.99
"44135","unavailing",2,86992943,99.99
"44136","unawkward",2,86992945,99.99
"44137","unbalancing",2,86992947,99.99
"44138","unbanked",2,86992949,99.99
"44139","unbaptized",2,86992951,99.99
"44140","unbeautiful",2,86992953,99.99
"44141","unbeholden",2,86992955,99.99
"44142","unbelonging",2,86992957,99.99
"44143","unbendable",2,86992959,99.99
"44144","unbias",2,86992961,99.99
"44145","unblessed",2,86992963,99.99
"44146","unblushing",2,86992965,99.99
"44147","unboring",2,86992967,99.99
"44148","unbreaking",2,86992969,99.99
"44149","unbreathable",2,86992971,99.99
"44150","unburial",2,86992973,99.99
"44151","uncalculating",2,86992975,99.99
"44152","uncapitalized",2,86992977,99.99
"44153","uncaptioned",2,86992979,99.99
"44154","uncased",2,86992981,99.99
"44155","uncaught",2,86992983,99.99
"44156","uncaused",2,86992985,99.99
"44157","uncheered",2,86992987,99.99
"44158","uncleanliness",2,86992989,99.99
"44159","unclimbable",2,86992991,99.99
"44160","unclip",2,86992993,99.99
"44161","uncoerced",2,86992995,99.99
"44162","uncombed",2,86992997,99.99
"44163","uncompassionate",2,86992999,99.99
"44164","unconcern",2,86993001,99.99
"44165","uncongenial",2,86993003,99.99
"44166","unconsoled",2,86993005,99.99
"44167","unconsolidated",2,86993007,99.99
"44168","unconsumed",2,86993009,99.99
"44169","unconsummated",2,86993011,99.99
"44170","uncrowned",2,86993013,99.99
"44171","uncursed",2,86993015,99.99
"44172","uncynical",2,86993017,99.99
"44173","underback",2,86993019,99.99
"44174","underclothes",2,86993021,99.99
"44175","underlap",2,86993023,99.99
"44176","undermount",2,86993025,99.99
"44177","underpay",2,86993027,99.99
"44178","undersize",2,86993029,99.99
"44179","understairs",2,86993031,99.99
"44180","understandability",2,86993033,99.99
"44181","understandingly",2,86993035,99.99
"44182","undersupply",2,86993037,99.99
"44183","undertaxed",2,86993039,99.99
"44184","underweighted",2,86993041,99.99
"44185","undescended",2,86993043,99.99
"44186","undesirably",2,86993045,99.99
"44187","undiplomatic",2,86993047,99.99
"44188","undramatically",2,86993049,99.99
"44189","undreamt",2,86993051,99.99
"44190","undrowned",2,86993053,99.99
"44191","undrunk",2,86993055,99.99
"44192","undy",2,86993057,99.99
"44193","uneatable",2,86993059,99.99
"44194","unemploy",2,86993061,99.99
"44195","unendangered",2,86993063,99.99
"44196","unended",2,86993065,99.99
"44197","unenergetic",2,86993067,99.99
"44198","unenthusiastically",2,86993069,99.99
"44199","unexaggerated",2,86993071,99.99
"44200","unexcavated",2,86993073,99.99
"44201","unexceeded",2,86993075,99.99
"44202","unexceptable",2,86993077,99.99
"44203","unexceptionable",2,86993079,99.99
"44204","unexcusable",2,86993081,99.99
"44205","unexercised",2,86993083,99.99
"44206","unexplainably",2,86993085,99.99
"44207","unexploited",2,86993087,99.99
"44208","unextinguished",2,86993089,99.99
"44209","unfabulous",2,86993091,99.99
"44210","unfaded",2,86993093,99.99
"44211","unfading",2,86993095,99.99
"44212","unfallen",2,86993097,99.99
"44213","unfasten",2,86993099,99.99
"44214","unfeelingly",2,86993101,99.99
"44215","unfired",2,86993103,99.99
"44216","unfitted",2,86993105,99.99
"44217","unflustered",2,86993107,99.99
"44218","unforgotten",2,86993109,99.99
"44219","unformulated",2,86993111,99.99
"44220","unfortified",2,86993113,99.99
"44221","unfrocked",2,86993115,99.99
"44222","unfunctional",2,86993117,99.99
"44223","unfunniness",2,86993119,99.99
"44224","ungallant",2,86993121,99.99
"44225","ungarnished",2,86993123,99.99
"44226","ungenerous",2,86993125,99.99
"44227","ungloved",2,86993127,99.99
"44228","ungracefully",2,86993129,99.99
"44229","ungraciously",2,86993131,99.99
"44230","ungratefulness",2,86993133,99.99
"44231","ungroundedness",2,86993135,99.99
"44232","unguessable",2,86993137,99.99
"44233","unharnessed",2,86993139,99.99
"44234","unhate",2,86993141,99.99
"44235","unhealth",2,86993143,99.99
"44236","unhealthiness",2,86993145,99.99
"44237","unhearing",2,86993147,99.99
"44238","unhedged",2,86993149,99.99
"44239","unhistorical",2,86993151,99.99
"44240","unhitch",2,86993153,99.99
"44241","unhoarding",2,86993155,99.99
"44242","unholiness",2,86993157,99.99
"44243","unhooded",2,86993159,99.99
"44244","unhusked",2,86993161,99.99
"44245","unicellular",2,86993163,99.99
"44246","unidirectional",2,86993165,99.99
"44247","unilateralism",2,86993167,99.99
"44248","unimportance",2,86993169,99.99
"44249","uninfluenced",2,86993171,99.99
"44250","unintegrated",2,86993173,99.99
"44251","unintellectual",2,86993175,99.99
"44252","unintelligibility",2,86993177,99.99
"44253","unintrusive",2,86993179,99.99
"44254","unioned",2,86993181,99.99
"44255","uniphase",2,86993183,99.99
"44256","unipolar",2,86993185,99.99
"44257","uniquity",2,86993187,99.99
"44258","unitedly",2,86993189,99.99
"44259","unitive",2,86993191,99.99
"44260","unjailed",2,86993193,99.99
"44261","unjustice",2,86993195,99.99
"44262","unknot",2,86993197,99.99
"44263","unlace",2,86993199,99.99
"44264","unlawfulness",2,86993201,99.99
"44265","unleased",2,86993203,99.99
"44266","unleveled",2,86993205,99.99
"44267","unlighted",2,86993207,99.99
"44268","unlikeliness",2,86993209,99.99
"44269","unlimber",2,86993211,99.99
"44270","unliterary",2,86993213,99.99
"44271","unmaintained",2,86993215,99.99
"44272","unmanicured",2,86993217,99.99
"44273","unmannered",2,86993219,99.99
"44274","unmastered",2,86993221,99.99
"44275","unmeaning",2,86993223,99.99
"44276","unmendable",2,86993225,99.99
"44277","unmowed",2,86993227,99.99
"44278","unnaturalness",2,86993229,99.99
"44279","unnoticeably",2,86993231,99.99
"44280","unobscured",2,86993233,99.99
"44281","unobvious",2,86993235,99.99
"44282","unoffensive",2,86993237,99.99
"44283","unoffered",2,86993239,99.99
"44284","unoriginally",2,86993241,99.99
"44285","unorthodoxy",2,86993243,99.99
"44286","unpassable",2,86993245,99.99
"44287","unpatched",2,86993247,99.99
"44288","unpatented",2,86993249,99.99
"44289","unpathed",2,86993251,99.99
"44290","unpayable",2,86993253,99.99
"44291","unpeaceful",2,86993255,99.99
"44292","unpeel",2,86993257,99.99
"44293","unperceived",2,86993259,99.99
"44294","unperceptive",2,86993261,99.99
"44295","unpersuaded",2,86993263,99.99
"44296","unpictured",2,86993265,99.99
"44297","unpile",2,86993267,99.99
"44298","unpitted",2,86993269,99.99
"44299","unplayful",2,86993271,99.99
"44300","unpleasing",2,86993273,99.99
"44301","unpoetic",2,86993275,99.99
"44302","unpoliced",2,86993277,99.99
"44303","unpractical",2,86993279,99.99
"44304","unpracticed",2,86993281,99.99
"44305","unprejudiced",2,86993283,99.99
"44306","unpretentiousness",2,86993285,99.99
"44307","unpreventable",2,86993287,99.99
"44308","unprivileged",2,86993289,99.99
"44309","unproductivity",2,86993291,99.99
"44310","unpurchased",2,86993293,99.99
"44311","unquenched",2,86993295,99.99
"44312","unreadability",2,86993297,99.99
"44313","unrealizable",2,86993299,99.99
"44314","unredeemable",2,86993301,99.99
"44315","unreduced",2,86993303,99.99
"44316","unreformable",2,86993305,99.99
"44317","unrepeated",2,86993307,99.99
"44318","unreplaced",2,86993309,99.99
"44319","unrested",2,86993311,99.99
"44320","unreviewed",2,86993313,99.99
"44321","unrightable",2,86993315,99.99
"44322","unrinsed",2,86993317,99.99
"44323","unromanticized",2,86993319,99.99
"44324","unrounded",2,86993321,99.99
"44325","unruled",2,86993323,99.99
"44326","unsafely",2,86993325,99.99
"44327","unsalable",2,86993327,99.99
"44328","unsalaried",2,86993329,99.99
"44329","unsay",2,86993331,99.99
"44330","unscared",2,86993333,99.99
"44331","unscientifically",2,86993335,99.99
"44332","unseeingly",2,86993337,99.99
"44333","unsensitive",2,86993339,99.99
"44334","unseparated",2,86993341,99.99
"44335","unsetting",2,86993343,99.99
"44336","unsettlement",2,86993345,99.99
"44337","unshackling",2,86993347,99.99
"44338","unshakably",2,86993349,99.99
"44339","unsick",2,86993351,99.99
"44340","unsightliness",2,86993353,99.99
"44341","unsinkability",2,86993355,99.99
"44342","unslated",2,86993357,99.99
"44343","unsocialized",2,86993359,99.99
"44344","unsolid",2,86993361,99.99
"44345","unsoundness",2,86993363,99.99
"44346","unspecialized",2,86993365,99.99
"44347","unsprayed",2,86993367,99.99
"44348","unstained",2,86993369,99.99
"44349","unstamped",2,86993371,99.99
"44350","unstarted",2,86993373,99.99
"44351","unstoned",2,86993375,99.99
"44352","unstrained",2,86993377,99.99
"44353","unstrapped",2,86993379,99.99
"44354","unstretched",2,86993381,99.99
"44355","unsubstantial",2,86993383,99.99
"44356","unsubtly",2,86993385,99.99
"44357","unsunny",2,86993387,99.99
"44358","unsuppressed",2,86993389,99.99
"44359","unsuspectingly",2,86993391,99.99
"44360","unswaddled",2,86993393,99.99
"44361","unsweet",2,86993395,99.99
"44362","untamable",2,86993397,99.99
"44363","untanned",2,86993399,99.99
"44364","untap",2,86993401,99.99
"44365","untasted",2,86993403,99.99
"44366","untempered",2,86993405,99.99
"44367","unterrified",2,86993407,99.99
"44368","untestable",2,86993409,99.99
"44369","unthink",2,86993411,99.99
"44370","untile",2,86993413,99.99
"44371","untilled",2,86993415,99.99
"44372","untimeliness",2,86993417,99.99
"44373","untouch",2,86993419,99.99
"44374","untouchability",2,86993421,99.99
"44375","untranslatable",2,86993423,99.99
"44376","untrustworthiness",2,86993425,99.99
"44377","untuck",2,86993427,99.99
"44378","untwisted",2,86993429,99.99
"44379","untwisting",2,86993431,99.99
"44380","unuttered",2,86993433,99.99
"44381","unvaried",2,86993435,99.99
"44382","unviable",2,86993437,99.99
"44383","unvoted",2,86993439,99.99
"44384","unwasted",2,86993441,99.99
"44385","unweaving",2,86993443,99.99
"44386","unwomanly",2,86993445,99.99
"44387","unworried",2,86993447,99.99
"44388","unworthily",2,86993449,99.99
"44389","unwounded",2,86993451,99.99
"44390","unwoven",2,86993453,99.99
"44391","unyoked",2,86993455,99.99
"44392","upholder",2,86993457,99.99
"44393","upstander",2,86993459,99.99
"44394","upsteam",2,86993461,99.99
"44395","uptowner",2,86993463,99.99
"44396","urticaria",2,86993465,99.99
"44397","urus",2,86993467,99.99
"44398","usance",2,86993469,99.99
"44399","usee",2,86993471,99.99
"44400","usque",2,86993473,99.99
"44401","usufruct",2,86993475,99.99
"44402","vallum",2,86993477,99.99
"44403","valorize",2,86993479,99.99
"44404","valorous",2,86993481,99.99
"44405","valved",2,86993483,99.99
"44406","vaned",2,86993485,99.99
"44407","vapidly",2,86993487,99.99
"44408","variform",2,86993489,99.99
"44409","vasculitis",2,86993491,99.99
"44410","vasodilation",2,86993493,99.99
"44411","vasodilator",2,86993495,99.99
"44412","vasu",2,86993497,99.99
"44413","vau",2,86993499,99.99
"44414","velocipede",2,86993501,99.99
"44415","vendee",2,86993503,99.99
"44416","venerator",2,86993505,99.99
"44417","ventless",2,86993507,99.99
"44418","veracious",2,86993509,99.99
"44419","versation",2,86993511,99.99
"44420","versicolor",2,86993513,99.99
"44421","verticality",2,86993515,99.99
"44422","vesicle",2,86993517,99.99
"44423","vestibulum",2,86993519,99.99
"44424","vibrissae",2,86993521,99.99
"44425","vicissitude",2,86993523,99.99
"44426","victimizer",2,86993525,99.99
"44427","villagey",2,86993527,99.99
"44428","vincible",2,86993529,99.99
"44429","viniferous",2,86993531,99.99
"44430","vinology",2,86993533,99.99
"44431","virtuosi",2,86993535,99.99
"44432","vitaphone",2,86993537,99.99
"44433","vixenish",2,86993539,99.99
"44434","vocalion",2,86993541,99.99
"44435","vocalism",2,86993543,99.99
"44436","vocality",2,86993545,99.99
"44437","vocate",2,86993547,99.99
"44438","vocationally",2,86993549,99.99
"44439","voet",2,86993551,99.99
"44440","voguish",2,86993553,99.99
"44441","volant",2,86993555,99.99
"44442","volubly",2,86993557,99.99
"44443","volumed",2,86993559,99.99
"44444","voluntaryist",2,86993561,99.99
"44445","voluptuously",2,86993563,99.99
"44446","voluptuousness",2,86993565,99.99
"44447","volute",2,86993567,99.99
"44448","voracity",2,86993569,99.99
"44449","vulpine",2,86993571,99.99
"44450","wacken",2,86993573,99.99
"44451","waggishly",2,86993575,99.99
"44452","wagwag",2,86993577,99.99
"44453","wakening",2,86993579,99.99
"44454","waky",2,86993581,99.99
"44455","walloon",2,86993583,99.99
"44456","wallwork",2,86993585,99.99
"44457","wamp",2,86993587,99.99
"44458","wampum",2,86993589,99.99
"44459","wantonness",2,86993591,99.99
"44460","wanty",2,86993593,99.99
"44461","warrantee",2,86993595,99.99
"44462","washbasin",2,86993597,99.99
"44463","washrag",2,86993599,99.99
"44464","waspy",2,86993601,99.99
"44465","waterscape",2,86993603,99.99
"44466","wavery",2,86993605,99.99
"44467","wavicle",2,86993607,99.99
"44468","waxer",2,86993609,99.99
"44469","waypost",2,86993611,99.99
"44470","wayzgoose",2,86993613,99.99
"44471","weathercock",2,86993615,99.99
"44472","weatherproofing",2,86993617,99.99
"44473","weightiness",2,86993619,99.99
"44474","weightlessly",2,86993621,99.99
"44475","wellborn",2,86993623,99.99
"44476","wellstead",2,86993625,99.99
"44477","weste",2,86993627,99.99
"44478","westernization",2,86993629,99.99
"44479","whalebone",2,86993631,99.99
"44480","whar",2,86993633,99.99
"44481","wheatless",2,86993635,99.99
"44482","wheelspin",2,86993637,99.99
"44483","whelm",2,86993639,99.99
"44484","wherefrom",2,86993641,99.99
"44485","wherethrough",2,86993643,99.99
"44486","whereunto",2,86993645,99.99
"44487","whick",2,86993647,99.99
"44488","whimbrel",2,86993649,99.99
"44489","whirligig",2,86993651,99.99
"44490","whitethorn",2,86993653,99.99
"44491","whitethroat",2,86993655,99.99
"44492","whitewasher",2,86993657,99.99
"44493","whits",2,86993659,99.99
"44494","wholeheartedness",2,86993661,99.99
"44495","whoremaster",2,86993663,99.99
"44496","whoremonger",2,86993665,99.99
"44497","whorled",2,86993667,99.99
"44498","wicketkeeper",2,86993669,99.99
"44499","wideness",2,86993671,99.99
"44500","wifedom",2,86993673,99.99
"44501","wifie",2,86993675,99.99
"44502","wigmaking",2,86993677,99.99
"44503","wildcatter",2,86993679,99.99
"44504","wildling",2,86993681,99.99
"44505","wiliness",2,86993683,99.99
"44506","wilkin",2,86993685,99.99
"44507","willmaker",2,86993687,99.99
"44508","wincingly",2,86993689,99.99
"44509","windling",2,86993691,99.99
"44510","winker",2,86993693,99.99
"44511","winna",2,86993695,99.99
"44512","winsomely",2,86993697,99.99
"44513","winsomeness",2,86993699,99.99
"44514","winterization",2,86993701,99.99
"44515","wintertide",2,86993703,99.99
"44516","wirehair",2,86993705,99.99
"44517","wirl",2,86993707,99.99
"44518","wisecracker",2,86993709,99.99
"44519","wisenheimer",2,86993711,99.99
"44520","wiss",2,86993713,99.99
"44521","wist",2,86993715,99.99
"44522","witheringly",2,86993717,99.99
"44523","witloof",2,86993719,99.99
"44524","witticism",2,86993721,99.99
"44525","wolfen",2,86993723,99.99
"44526","wolfsbane",2,86993725,99.99
"44527","womanist",2,86993727,99.99
"44528","wonderer",2,86993729,99.99
"44529","wonderingly",2,86993731,99.99
"44530","wone",2,86993733,99.99
"44531","woodcutting",2,86993735,99.99
"44532","woofed",2,86993737,99.99
"44533","wordcraft",2,86993739,99.99
"44534","worder",2,86993741,99.99
"44535","wordily",2,86993743,99.99
"44536","workless",2,86993745,99.99
"44537","workstand",2,86993747,99.99
"44538","wormling",2,86993749,99.99
"44539","wrester",2,86993751,99.99
"44540","wryness",2,86993753,99.99
"44541","wudu",2,86993755,99.99
"44542","wuzzy",2,86993757,99.99
"44543","wyde",2,86993759,99.99
"44544","wyke",2,86993761,99.99
"44545","xenium",2,86993763,99.99
"44546","xenophile",2,86993765,99.99
"44547","xerography",2,86993767,99.99
"44548","yaba",2,86993769,99.99
"44549","yampa",2,86993771,99.99
"44550","yapa",2,86993773,99.99
"44551","yapper",2,86993775,99.99
"44552","yardmaster",2,86993777,99.99
"44553","yare",2,86993779,99.99
"44554","yarm",2,86993781,99.99
"44555","yate",2,86993783,99.99
"44556","yawny",2,86993785,99.99
"44557","yean",2,86993787,99.99
"44558","yellowhammer",2,86993789,99.99
"44559","yeni",2,86993791,99.99
"44560","yeso",2,86993793,99.99
"44561","yesty",2,86993795,99.99
"44562","yieldy",2,86993797,99.99
"44563","yis",2,86993799,99.99
"44564","yolked",2,86993801,99.99
"44565","yot",2,86993803,99.99
"44566","yote",2,86993805,99.99
"44567","youngness",2,86993807,99.99
"44568","youthfully",2,86993809,99.99
"44569","yowie",2,86993811,99.99
"44570","zad",2,86993813,99.99
"44571","zareba",2,86993815,99.99
"44572","zebrawood",2,86993817,99.99
"44573","zenick",2,86993819,99.99
"44574","zodiacal",2,86993821,99.99
"44575","zoon",2,86993823,99.99
"44576","zoonosis",2,86993825,99.99
"44577","zucchetto",2,86993827,99.99
"44578","abase",1,86993828,99.99
"44579","abashedly",1,86993829,99.99
"44580","abashment",1,86993830,99.99
"44581","abbacy",1,86993831,99.99
"44582","abdal",1,86993832,99.99
"44583","abeam",1,86993833,99.99
"44584","aberrance",1,86993834,99.99
"44585","abettor",1,86993835,99.99
"44586","abhorring",1,86993836,99.99
"44587","abidi",1,86993837,99.99
"44588","abidingness",1,86993838,99.99
"44589","abiotic",1,86993839,99.99
"44590","abir",1,86993840,99.99
"44591","ablate",1,86993841,99.99
"44592","abloom",1,86993842,99.99
"44593","ablow",1,86993843,99.99
"44594","abominate",1,86993844,99.99
"44595","aboon",1,86993845,99.99
"44596","abord",1,86993846,99.99
"44597","abrash",1,86993847,99.99
"44598","abridgment",1,86993848,99.99
"44599","abrim",1,86993849,99.99
"44600","absinthine",1,86993850,99.99
"44601","absolver",1,86993851,99.99
"44602","abstemiously",1,86993852,99.99
"44603","abstentious",1,86993853,99.99
"44604","abstractedly",1,86993854,99.99
"44605","academian",1,86993855,99.99
"44606","academicals",1,86993856,99.99
"44607","academize",1,86993857,99.99
"44608","acara",1,86993858,99.99
"44609","accelerando",1,86993859,99.99
"44610","accentor",1,86993860,99.99
"44611","accepter",1,86993861,99.99
"44612","acceptor",1,86993862,99.99
"44613","accessioner",1,86993863,99.99
"44614","acclimatization",1,86993864,99.99
"44615","accretionary",1,86993865,99.99
"44616","acculturate",1,86993866,99.99
"44617","accumulable",1,86993867,99.99
"44618","accusable",1,86993868,99.99
"44619","acerbity",1,86993869,99.99
"44620","acerose",1,86993870,99.99
"44621","acholic",1,86993871,99.99
"44622","achromatic",1,86993872,99.99
"44623","acicular",1,86993873,99.99
"44624","aciculate",1,86993874,99.99
"44625","acidulate",1,86993875,99.99
"44626","acinic",1,86993876,99.99
"44627","acknow",1,86993877,99.99
"44628","acone",1,86993878,99.99
"44629","aconite",1,86993879,99.99
"44630","acousmatic",1,86993880,99.99
"44631","acoustician",1,86993881,99.99
"44632","acquaintanceship",1,86993882,99.99
"44633","acquirable",1,86993883,99.99
"44634","acquisitively",1,86993884,99.99
"44635","acracy",1,86993885,99.99
"44636","acridity",1,86993886,99.99
"44637","acridly",1,86993887,99.99
"44638","acroamatic",1,86993888,99.99
"44639","acrolein",1,86993889,99.99
"44640","acromegaly",1,86993890,99.99
"44641","acromioclavicular",1,86993891,99.99
"44642","acromion",1,86993892,99.99
"44643","acronymic",1,86993893,99.99
"44644","acronymous",1,86993894,99.99
"44645","acrophobia",1,86993895,99.99
"44646","acrosome",1,86993896,99.99
"44647","acrylonitrile",1,86993897,99.99
"44648","activin",1,86993898,99.99
"44649","actu",1,86993899,99.99
"44650","actualist",1,86993900,99.99
"44651","actuation",1,86993901,99.99
"44652","adamite",1,86993902,99.99
"44653","adaptative",1,86993903,99.99
"44654","adduction",1,86993904,99.99
"44655","adenoidal",1,86993905,99.99
"44656","adenoma",1,86993906,99.99
"44657","adharma",1,86993907,99.99
"44658","adhesiveness",1,86993908,99.99
"44659","adieux",1,86993909,99.99
"44660","adiposity",1,86993910,99.99
"44661","adjacently",1,86993911,99.99
"44662","admeasurement",1,86993912,99.99
"44663","administrational",1,86993913,99.99
"44664","admirability",1,86993914,99.99
"44665","admonisher",1,86993915,99.99
"44666","admonitory",1,86993916,99.99
"44667","adnexal",1,86993917,99.99
"44668","adoptability",1,86993918,99.99
"44669","adoptionism",1,86993919,99.99
"44670","adream",1,86993920,99.99
"44671","adrenin",1,86993921,99.99
"44672","adrenocorticotropic",1,86993922,99.99
"44673","adrop",1,86993923,99.99
"44674","adsorb",1,86993924,99.99
"44675","adulator",1,86993925,99.99
"44676","adulterant",1,86993926,99.99
"44677","adust",1,86993927,99.99
"44678","advancer",1,86993928,99.99
"44679","advection",1,86993929,99.99
"44680","advertence",1,86993930,99.99
"44681","advertent",1,86993931,99.99
"44682","advowson",1,86993932,99.99
"44683","aeolipile",1,86993933,99.99
"44684","aerodynamicist",1,86993934,99.99
"44685","aerographics",1,86993935,99.99
"44686","aerolite",1,86993936,99.99
"44687","aerological",1,86993937,99.99
"44688","aeromarine",1,86993938,99.99
"44689","aestheticize",1,86993939,99.99
"44690","afeard",1,86993940,99.99
"44691","affa",1,86993941,99.99
"44692","affably",1,86993942,99.99
"44693","affectedly",1,86993943,99.99
"44694","affectivity",1,86993944,99.99
"44695","affiant",1,86993945,99.99
"44696","affine",1,86993946,99.99
"44697","affirmance",1,86993947,99.99
"44698","affirmatory",1,86993948,99.99
"44699","affrighted",1,86993949,99.99
"44700","affronting",1,86993950,99.99
"44701","afikomen",1,86993951,99.99
"44702","aflush",1,86993952,99.99
"44703","aforehand",1,86993953,99.99
"44704","aforetime",1,86993954,99.99
"44705","afterplay",1,86993955,99.99
"44706","agalloch",1,86993956,99.99
"44707","agelessness",1,86993957,99.99
"44708","agentive",1,86993958,99.99
"44709","agglutinate",1,86993959,99.99
"44710","aggravatingly",1,86993960,99.99
"44711","aggravator",1,86993961,99.99
"44712","aggregately",1,86993962,99.99
"44713","aggress",1,86993963,99.99
"44714","aghastness",1,86993964,99.99
"44715","agileness",1,86993965,99.99
"44716","agitative",1,86993966,99.99
"44717","aglitter",1,86993967,99.99
"44718","agnel",1,86993968,99.99
"44719","agone",1,86993969,99.99
"44720","agonistic",1,86993970,99.99
"44721","agrammatism",1,86993971,99.99
"44722","agraphic",1,86993972,99.99
"44723","agrarianism",1,86993973,99.99
"44724","agy",1,86993974,99.99
"44725","ahuehuete",1,86993975,99.99
"44726","aidant",1,86993976,99.99
"44727","aiguille",1,86993977,99.99
"44728","aimer",1,86993978,99.99
"44729","airan",1,86993979,99.99
"44730","aircraftman",1,86993980,99.99
"44731","airdrome",1,86993981,99.99
"44732","airfoil",1,86993982,99.99
"44733","airsick",1,86993983,99.99
"44734","airt",1,86993984,99.99
"44735","aisled",1,86993985,99.99
"44736","akamatsu",1,86993986,99.99
"44737","akaroa",1,86993987,99.99
"44738","akasa",1,86993988,99.99
"44739","akeley",1,86993989,99.99
"44740","akia",1,86993990,99.99
"44741","aknee",1,86993991,99.99
"44742","alar",1,86993992,99.99
"44743","alarum",1,86993993,99.99
"44744","alary",1,86993994,99.99
"44745","albe",1,86993995,99.99
"44746","alburn",1,86993996,99.99
"44747","alcaide",1,86993997,99.99
"44748","alcine",1,86993998,99.99
"44749","alcyon",1,86993999,99.99
"44750","aldehydic",1,86994000,99.99
"44751","alfonsin",1,86994001,99.99
"44752","alga",1,86994002,99.99
"44753","alguazil",1,86994003,99.99
"44754","alif",1,86994004,99.99
"44755","aliment",1,86994005,99.99
"44756","alimentation",1,86994006,99.99
"44757","alimentum",1,86994007,99.99
"44758","alin",1,86994008,99.99
"44759","aliphatic",1,86994009,99.99
"44760","alish",1,86994010,99.99
"44761","alite",1,86994011,99.99
"44762","alk",1,86994012,99.99
"44763","alkanet",1,86994013,99.99
"44764","alkyl",1,86994014,99.99
"44765","alkylamine",1,86994015,99.99
"44766","allegator",1,86994016,99.99
"44767","allelic",1,86994017,99.99
"44768","allemand",1,86994018,99.99
"44769","allene",1,86994019,99.99
"44770","allocution",1,86994020,99.99
"44771","allopathy",1,86994021,99.99
"44772","allotrope",1,86994022,99.99
"44773","alluvion",1,86994023,99.99
"44774","almandine",1,86994024,99.99
"44775","almirah",1,86994025,99.99
"44776","almshouse",1,86994026,99.99
"44777","alow",1,86994027,99.99
"44778","altared",1,86994028,99.99
"44779","alterant",1,86994029,99.99
"44780","alterity",1,86994030,99.99
"44781","altern",1,86994031,99.99
"44782","aluminous",1,86994032,99.99
"44783","amain",1,86994033,99.99
"44784","amalaka",1,86994034,99.99
"44785","amang",1,86994035,99.99
"44786","amapa",1,86994036,99.99
"44787","amargoso",1,86994037,99.99
"44788","amassment",1,86994038,99.99
"44789","amative",1,86994039,99.99
"44790","amazonite",1,86994040,99.99
"44791","amba",1,86994041,99.99
"44792","ambassadress",1,86994042,99.99
"44793","ambery",1,86994043,99.99
"44794","ambidexterity",1,86994044,99.99
"44795","ambidextrously",1,86994045,99.99
"44796","ambon",1,86994046,99.99
"44797","ambos",1,86994047,99.99
"44798","ambrosiac",1,86994048,99.99
"44799","ambry",1,86994049,99.99
"44800","ambulation",1,86994050,99.99
"44801","ambulator",1,86994051,99.99
"44802","ambuscade",1,86994052,99.99
"44803","ambusher",1,86994053,99.99
"44804","amendatory",1,86994054,99.99
"44805","amenorrhea",1,86994055,99.99
"44806","amentum",1,86994056,99.99
"44807","amethystine",1,86994057,99.99
"44808","ametria",1,86994058,99.99
"44809","amicability",1,86994059,99.99
"44810","amidol",1,86994060,99.99
"44811","amissibility",1,86994061,99.99
"44812","amissible",1,86994062,99.99
"44813","amlong",1,86994063,99.99
"44814","ammer",1,86994064,99.99
"44815","ammonite",1,86994065,99.99
"44816","amole",1,86994066,99.99
"44817","amoralist",1,86994067,99.99
"44818","amorphously",1,86994068,99.99
"44819","amorphousness",1,86994069,99.99
"44820","amra",1,86994070,99.99
"44821","amuser",1,86994071,99.99
"44822","amusia",1,86994072,99.99
"44823","amyl",1,86994073,99.99
"44824","anabo",1,86994074,99.99
"44825","anabolism",1,86994075,99.99
"44826","anaerobically",1,86994076,99.99
"44827","anaglyphic",1,86994077,99.99
"44828","anagnorisis",1,86994078,99.99
"44829","anagogic",1,86994079,99.99
"44830","analogically",1,86994080,99.99
"44831","analphabetic",1,86994081,99.99
"44832","analyser",1,86994082,99.99
"44833","analyzable",1,86994083,99.99
"44834","anama",1,86994084,99.99
"44835","ananym",1,86994085,99.99
"44836","anaplastic",1,86994086,99.99
"44837","anaqua",1,86994087,99.99
"44838","anarchically",1,86994088,99.99
"44839","anastasis",1,86994089,99.99
"44840","anathematic",1,86994090,99.99
"44841","anatine",1,86994091,99.99
"44842","anay",1,86994092,99.99
"44843","ancestrally",1,86994093,99.99
"44844","anchoretic",1,86994094,99.99
"44845","anciently",1,86994095,99.99
"44846","ancientness",1,86994096,99.99
"44847","andantino",1,86994097,99.99
"44848","androgyne",1,86994098,99.99
"44849","androl",1,86994099,99.99
"44850","anear",1,86994100,99.99
"44851","anecdota",1,86994101,99.99
"44852","anecdotage",1,86994102,99.99
"44853","anecdotic",1,86994103,99.99
"44854","anent",1,86994104,99.99
"44855","anergy",1,86994105,99.99
"44856","anfractuous",1,86994106,99.99
"44857","angelical",1,86994107,99.99
"44858","angelology",1,86994108,99.99
"44859","angiogenesis",1,86994109,99.99
"44860","angriness",1,86994110,99.99
"44861","animalculous",1,86994111,99.99
"44862","animalian",1,86994112,99.99
"44863","animalism",1,86994113,99.99
"44864","animally",1,86994114,99.99
"44865","anisometropia",1,86994115,99.99
"44866","anisotropy",1,86994116,99.99
"44867","annal",1,86994117,99.99
"44868","annalist",1,86994118,99.99
"44869","annelid",1,86994119,99.99
"44870","annet",1,86994120,99.99
"44871","annexure",1,86994121,99.99
"44872","annihilationism",1,86994122,99.99
"44873","annihilative",1,86994123,99.99
"44874","annotative",1,86994124,99.99
"44875","annoyer",1,86994125,99.99
"44876","annoyment",1,86994126,99.99
"44877","annualize",1,86994127,99.99
"44878","annulation",1,86994128,99.99
"44879","anointer",1,86994129,99.99
"44880","anomalist",1,86994130,99.99
"44881","anoncillo",1,86994131,99.99
"44882","anonym",1,86994132,99.99
"44883","anonyma",1,86994133,99.99
"44884","anosmia",1,86994134,99.99
"44885","anosmic",1,86994135,99.99
"44886","anoxic",1,86994136,99.99
"44887","ansu",1,86994137,99.99
"44888","answerability",1,86994138,99.99
"44889","antecedence",1,86994139,99.99
"44890","antecedently",1,86994140,99.99
"44891","anterograde",1,86994141,99.99
"44892","anthesis",1,86994142,99.99
"44893","anthologist",1,86994143,99.99
"44894","anthracnose",1,86994144,99.99
"44895","anthropogony",1,86994145,99.99
"44896","anthroposophy",1,86994146,99.99
"44897","antibank",1,86994147,99.99
"44898","antidiabetic",1,86994148,99.99
"44899","antifoaming",1,86994149,99.99
"44900","antiglare",1,86994150,99.99
"44901","antigraft",1,86994151,99.99
"44902","antiheroic",1,86994152,99.99
"44903","antihunting",1,86994153,99.99
"44904","antimacassar",1,86994154,99.99
"44905","antimerger",1,86994155,99.99
"44906","antimilitary",1,86994156,99.99
"44907","antimonial",1,86994157,99.99
"44908","antinomian",1,86994158,99.99
"44909","antipathetic",1,86994159,99.99
"44910","antipathize",1,86994160,99.99
"44911","antiphase",1,86994161,99.99
"44912","antiphonally",1,86994162,99.99
"44913","antiphony",1,86994163,99.99
"44914","antiplatelet",1,86994164,99.99
"44915","antipolo",1,86994165,99.99
"44916","antipope",1,86994166,99.99
"44917","antiqua",1,86994167,99.99
"44918","antiquarianism",1,86994168,99.99
"44919","antiquate",1,86994169,99.99
"44920","antiquer",1,86994170,99.99
"44921","antireligious",1,86994171,99.99
"44922","antiscorbutic",1,86994172,99.99
"44923","antiserum",1,86994173,99.99
"44924","antisiphon",1,86994174,99.99
"44925","antiskid",1,86994175,99.99
"44926","antispasmodic",1,86994176,99.99
"44927","antispastic",1,86994177,99.99
"44928","antisubmarine",1,86994178,99.99
"44929","antitheism",1,86994179,99.99
"44930","antitheistic",1,86994180,99.99
"44931","antithetically",1,86994181,99.99
"44932","antitobacco",1,86994182,99.99
"44933","antitrade",1,86994183,99.99
"44934","antitype",1,86994184,99.99
"44935","antivenin",1,86994185,99.99
"44936","antonymous",1,86994186,99.99
"44937","antral",1,86994187,99.99
"44938","anywhy",1,86994188,99.99
"44939","anywise",1,86994189,99.99
"44940","aonach",1,86994190,99.99
"44941","apatite",1,86994191,99.99
"44942","apelike",1,86994192,99.99
"44943","apepsia",1,86994193,99.99
"44944","aper",1,86994194,99.99
"44945","apery",1,86994195,99.99
"44946","aphasic",1,86994196,99.99
"44947","apheresis",1,86994197,99.99
"44948","aphorist",1,86994198,99.99
"44949","apical",1,86994199,99.99
"44950","apii",1,86994200,99.99
"44951","apiphobia",1,86994201,99.99
"44952","apocalyptical",1,86994202,99.99
"44953","apocalypticism",1,86994203,99.99
"44954","apodyterium",1,86994204,99.99
"44955","apologetical",1,86994205,99.99
"44956","apophatic",1,86994206,99.99
"44957","apostil",1,86994207,99.99
"44958","apostolically",1,86994208,99.99
"44959","apothegm",1,86994209,99.99
"44960","apparence",1,86994210,99.99
"44961","apparitional",1,86994211,99.99
"44962","appealable",1,86994212,99.99
"44963","appeasable",1,86994213,99.99
"44964","apperceptive",1,86994214,99.99
"44965","appleblossom",1,86994215,99.99
"44966","applier",1,86994216,99.99
"44967","appoggiatura",1,86994217,99.99
"44968","appointive",1,86994218,99.99
"44969","appose",1,86994219,99.99
"44970","appraisingly",1,86994220,99.99
"44971","apprehensiveness",1,86994221,99.99
"44972","apprend",1,86994222,99.99
"44973","apprize",1,86994223,99.99
"44974","approacher",1,86994224,99.99
"44975","appropriator",1,86994225,99.99
"44976","apriori",1,86994226,99.99
"44977","apriority",1,86994227,99.99
"44978","aquatically",1,86994228,99.99
"44979","arabit",1,86994229,99.99
"44980","arachnoid",1,86994230,99.99
"44981","arado",1,86994231,99.99
"44982","arain",1,86994232,99.99
"44983","arango",1,86994233,99.99
"44984","arba",1,86994234,99.99
"44985","arbitral",1,86994235,99.99
"44986","arboricultural",1,86994236,99.99
"44987","arboriculture",1,86994237,99.99
"44988","arbutin",1,86994238,99.99
"44989","archaeologic",1,86994239,99.99
"44990","archaically",1,86994240,99.99
"44991","archaism",1,86994241,99.99
"44992","archangelic",1,86994242,99.99
"44993","archducal",1,86994243,99.99
"44994","archduchy",1,86994244,99.99
"44995","archetypically",1,86994245,99.99
"44996","archfoe",1,86994246,99.99
"44997","archvillain",1,86994247,99.99
"44998","arcuate",1,86994248,99.99
"44999","ardoise",1,86994249,99.99
"45000","aread",1,86994250,99.99
"45001","argentum",1,86994251,99.99
"45002","arguer",1,86994252,99.99
"45003","argumentativeness",1,86994253,99.99
"45004","aridly",1,86994254,99.99
"45005","aridness",1,86994255,99.99
"45006","arist",1,86994256,99.99
"45007","arithmomania",1,86994257,99.99
"45008","armet",1,86994258,99.99
"45009","armillary",1,86994259,99.99
"45010","armonica",1,86994260,99.99
"45011","armorial",1,86994261,99.99
"45012","arouser",1,86994262,99.99
"45013","arpeggiation",1,86994263,99.99
"45014","arpent",1,86994264,99.99
"45015","arraign",1,86994265,99.99
"45016","arrantly",1,86994266,99.99
"45017","arriere",1,86994267,99.99
"45018","arrogancy",1,86994268,99.99
"45019","arrogantness",1,86994269,99.99
"45020","arrogation",1,86994270,99.99
"45021","arrowleaf",1,86994271,99.99
"45022","artal",1,86994272,99.99
"45023","artel",1,86994273,99.99
"45024","articled",1,86994274,99.99
"45025","articulant",1,86994275,99.99
"45026","artiness",1,86994276,99.99
"45027","artiodactyl",1,86994277,99.99
"45028","artistical",1,86994278,99.99
"45029","artlike",1,86994279,99.99
"45030","arupa",1,86994280,99.99
"45031","ascendence",1,86994281,99.99
"45032","ascertainment",1,86994282,99.99
"45033","asdic",1,86994283,99.99
"45034","aseismic",1,86994284,99.99
"45035","aseptically",1,86994285,99.99
"45036","ashpit",1,86994286,99.99
"45037","ashrafi",1,86994287,99.99
"45038","askar",1,86994288,99.99
"45039","aslop",1,86994289,99.99
"45040","asok",1,86994290,99.99
"45041","asop",1,86994291,99.99
"45042","aspergillosis",1,86994292,99.99
"45043","aspergillus",1,86994293,99.99
"45044","aspirator",1,86994294,99.99
"45045","asquint",1,86994295,99.99
"45046","assailment",1,86994296,99.99
"45047","assertable",1,86994297,99.99
"45048","assi",1,86994298,99.99
"45049","assiduity",1,86994299,99.99
"45050","assignation",1,86994300,99.99
"45051","assimilator",1,86994301,99.99
"45052","assizes",1,86994302,99.99
"45053","associational",1,86994303,99.99
"45054","associationism",1,86994304,99.99
"45055","assortative",1,86994305,99.99
"45056","assortive",1,86994306,99.99
"45057","assuasive",1,86994307,99.99
"45058","assumable",1,86994308,99.99
"45059","assumer",1,86994309,99.99
"45060","assumpsit",1,86994310,99.99
"45061","assuringly",1,86994311,99.99
"45062","asterioid",1,86994312,99.99
"45063","asterism",1,86994313,99.99
"45064","asthenic",1,86994314,99.99
"45065","astonied",1,86994315,99.99
"45066","astraddle",1,86994316,99.99
"45067","astrain",1,86994317,99.99
"45068","astrally",1,86994318,99.99
"45069","astrometry",1,86994319,99.99
"45070","astronomics",1,86994320,99.99
"45071","aswim",1,86994321,99.99
"45072","aswirl",1,86994322,99.99
"45073","aswoon",1,86994323,99.99
"45074","ataman",1,86994324,99.99
"45075","atap",1,86994325,99.99
"45076","ataraxia",1,86994326,99.99
"45077","atavist",1,86994327,99.99
"45078","ataxia",1,86994328,99.99
"45079","atemporal",1,86994329,99.99
"45080","atheistical",1,86994330,99.99
"45081","athematic",1,86994331,99.99
"45082","athing",1,86994332,99.99
"45083","atilt",1,86994333,99.99
"45084","atis",1,86994334,99.99
"45085","atmo",1,86994335,99.99
"45086","atmosphereless",1,86994336,99.99
"45087","atony",1,86994337,99.99
"45088","atopy",1,86994338,99.99
"45089","atrip",1,86994339,99.99
"45090","atropia",1,86994340,99.99
"45091","atry",1,86994341,99.99
"45092","attask",1,86994342,99.99
"45093","attent",1,86994343,99.99
"45094","attercop",1,86994344,99.99
"45095","attractable",1,86994345,99.99
"45096","attrite",1,86994346,99.99
"45097","auca",1,86994347,99.99
"45098","aucuba",1,86994348,99.99
"45099","audaciousness",1,86994349,99.99
"45100","audient",1,86994350,99.99
"45101","audiogenic",1,86994351,99.99
"45102","auditoria",1,86994352,99.99
"45103","auditorially",1,86994353,99.99
"45104","augen",1,86994354,99.99
"45105","aulos",1,86994355,99.99
"45106","aurantium",1,86994356,99.99
"45107","aureola",1,86994357,99.99
"45108","aurite",1,86994358,99.99
"45109","aurochs",1,86994359,99.99
"45110","aurorean",1,86994360,99.99
"45111","auscultation",1,86994361,99.99
"45112","auspice",1,86994362,99.99
"45113","auspiciousness",1,86994363,99.99
"45114","austenite",1,86994364,99.99
"45115","australite",1,86994365,99.99
"45116","australopithecine",1,86994366,99.99
"45117","autarchic",1,86994367,99.99
"45118","autarkist",1,86994368,99.99
"45119","autarky",1,86994369,99.99
"45120","authorly",1,86994370,99.99
"45121","autoasphyxiation",1,86994371,99.99
"45122","autobiographic",1,86994372,99.99
"45123","autocall",1,86994373,99.99
"45124","autocephalous",1,86994374,99.99
"45125","autocephaly",1,86994375,99.99
"45126","autochemical",1,86994376,99.99
"45127","autochrome",1,86994377,99.99
"45128","autochthonous",1,86994378,99.99
"45129","autocratically",1,86994379,99.99
"45130","autodrome",1,86994380,99.99
"45131","autoeroticism",1,86994381,99.99
"45132","autogenic",1,86994382,99.99
"45133","autogram",1,86994383,99.99
"45134","autoignition",1,86994384,99.99
"45135","automatical",1,86994385,99.99
"45136","automatous",1,86994386,99.99
"45137","automobilist",1,86994387,99.99
"45138","autonomist",1,86994388,99.99
"45139","autonym",1,86994389,99.99
"45140","autophagy",1,86994390,99.99
"45141","autoportrait",1,86994391,99.99
"45142","autosensitization",1,86994392,99.99
"45143","autrefois",1,86994393,99.99
"45144","avascular",1,86994394,99.99
"45145","avaunt",1,86994395,99.99
"45146","avens",1,86994396,99.99
"45147","aviatrix",1,86994397,99.99
"45148","aviculturist",1,86994398,99.99
"45149","aviso",1,86994399,99.99
"45150","awakener",1,86994400,99.99
"45151","awalt",1,86994401,99.99
"45152","aweary",1,86994402,99.99
"45153","awfu",1,86994403,99.99
"45154","awide",1,86994404,99.99
"45155","axiology",1,86994405,99.99
"45156","axolotl",1,86994406,99.99
"45157","axonal",1,86994407,99.99
"45158","axonometric",1,86994408,99.99
"45159","azeotrope",1,86994409,99.99
"45160","azimuthal",1,86994410,99.99
"45161","azine",1,86994411,99.99
"45162","azo",1,86994412,99.99
"45163","azon",1,86994413,99.99
"45164","babassu",1,86994414,99.99
"45165","babaylan",1,86994415,99.99
"45166","babbler",1,86994416,99.99
"45167","babouche",1,86994417,99.99
"45168","babydom",1,86994418,99.99
"45169","babyishly",1,86994419,99.99
"45170","bacalao",1,86994420,99.99
"45171","baccara",1,86994421,99.99
"45172","bacchantes",1,86994422,99.99
"45173","bachel",1,86994423,99.99
"45174","bacillary",1,86994424,99.99
"45175","bacilli",1,86994425,99.99
"45176","backbiter",1,86994426,99.99
"45177","backboned",1,86994427,99.99
"45178","backhandedly",1,86994428,99.99
"45179","backlands",1,86994429,99.99
"45180","backlashing",1,86994430,99.99
"45181","backpiece",1,86994431,99.99
"45182","backwardly",1,86994432,99.99
"45183","backwoodsy",1,86994433,99.99
"45184","bacteriologist",1,86994434,99.99
"45185","badan",1,86994435,99.99
"45186","baddish",1,86994436,99.99
"45187","badgeringly",1,86994437,99.99
"45188","badian",1,86994438,99.99
"45189","baff",1,86994439,99.99
"45190","baffler",1,86994440,99.99
"45191","baghouse",1,86994441,99.99
"45192","bahan",1,86994442,99.99
"45193","bailable",1,86994443,99.99
"45194","bailer",1,86994444,99.99
"45195","baize",1,86994445,99.99
"45196","bajada",1,86994446,99.99
"45197","bakepan",1,86994447,99.99
"45198","balai",1,86994448,99.99
"45199","balandra",1,86994449,99.99
"45200","balbriggan",1,86994450,99.99
"45201","baldric",1,86994451,99.99
"45202","balefire",1,86994452,99.99
"45203","balita",1,86994453,99.99
"45204","balker",1,86994454,99.99
"45205","balladic",1,86994455,99.99
"45206","ballam",1,86994456,99.99
"45207","balloter",1,86994457,99.99
"45208","ballow",1,86994458,99.99
"45209","balneology",1,86994459,99.99
"45210","balsamroot",1,86994460,99.99
"45211","balustraded",1,86994461,99.99
"45212","bambini",1,86994462,99.99
"45213","banaba",1,86994463,99.99
"45214","banditti",1,86994464,99.99
"45215","bandmaster",1,86994465,99.99
"45216","bandster",1,86994466,99.99
"45217","bangled",1,86994467,99.99
"45218","banian",1,86994468,99.99
"45219","banig",1,86994469,99.99
"45220","banisher",1,86994470,99.99
"45221","baniya",1,86994471,99.99
"45222","bankbook",1,86994472,99.99
"45223","bankman",1,86994473,99.99
"45224","bannered",1,86994474,99.99
"45225","banteng",1,86994475,99.99
"45226","banterer",1,86994476,99.99
"45227","baptistery",1,86994477,99.99
"45228","baptizer",1,86994478,99.99
"45229","barathea",1,86994479,99.99
"45230","barbarously",1,86994480,99.99
"45231","barbotine",1,86994481,99.99
"45232","barcarole",1,86994482,99.99
"45233","barcella",1,86994483,99.99
"45234","bardic",1,86994484,99.99
"45235","bardish",1,86994485,99.99
"45236","bardy",1,86994486,99.99
"45237","barebone",1,86994487,99.99
"45238","barff",1,86994488,99.99
"45239","bargeman",1,86994489,99.99
"45240","bargh",1,86994490,99.99
"45241","barid",1,86994491,99.99
"45242","barie",1,86994492,99.99
"45243","barish",1,86994493,99.99
"45244","barit",1,86994494,99.99
"45245","barite",1,86994495,99.99
"45246","barken",1,86994496,99.99
"45247","barnful",1,86994497,99.99
"45248","barrelage",1,86994498,99.99
"45249","barytes",1,86994499,99.99
"45250","basale",1,86994500,99.99
"45251","bashaw",1,86994501,99.99
"45252","basilic",1,86994502,99.99
"45253","basketballer",1,86994503,99.99
"45254","bassan",1,86994504,99.99
"45255","bastardy",1,86994505,99.99
"45256","basten",1,86994506,99.99
"45257","baston",1,86994507,99.99
"45258","batara",1,86994508,99.99
"45259","batcher",1,86994509,99.99
"45260","batement",1,86994510,99.99
"45261","bater",1,86994511,99.99
"45262","bathysphere",1,86994512,99.99
"45263","batlike",1,86994513,99.99
"45264","battalia",1,86994514,99.99
"45265","batterman",1,86994515,99.99
"45266","battlewagon",1,86994516,99.99
"45267","bauch",1,86994517,99.99
"45268","bauta",1,86994518,99.99
"45269","bawarchi",1,86994519,99.99
"45270","bawdry",1,86994520,99.99
"45271","bawley",1,86994521,99.99
"45272","bayhead",1,86994522,99.99
"45273","bazoo",1,86994523,99.99
"45274","beachmaster",1,86994524,99.99
"45275","beadlike",1,86994525,99.99
"45276","beamingly",1,86994526,99.99
"45277","bearably",1,86994527,99.99
"45278","bearberry",1,86994528,99.99
"45279","beardtongue",1,86994529,99.99
"45280","bearfoot",1,86994530,99.99
"45281","bearishness",1,86994531,99.99
"45282","beastlike",1,86994532,99.99
"45283","beath",1,86994533,99.99
"45284","beatifically",1,86994534,99.99
"45285","bebrave",1,86994535,99.99
"45286","becloud",1,86994536,99.99
"45287","becomingness",1,86994537,99.99
"45288","beday",1,86994538,99.99
"45289","bedazzlement",1,86994539,99.99
"45290","bedcover",1,86994540,99.99
"45291","bedene",1,86994541,99.99
"45292","bedfellow",1,86994542,99.99
"45293","bedizen",1,86994543,99.99
"45294","bedragglement",1,86994544,99.99
"45295","bedrail",1,86994545,99.99
"45296","bedrug",1,86994546,99.99
"45297","bedstand",1,86994547,99.99
"45298","bedstraw",1,86994548,99.99
"45299","beerily",1,86994549,99.99
"45300","beeriness",1,86994550,99.99
"45301","beeth",1,86994551,99.99
"45302","beetled",1,86994552,99.99
"45303","beeware",1,86994553,99.99
"45304","befriender",1,86994554,99.99
"45305","beggarman",1,86994555,99.99
"45306","beggary",1,86994556,99.99
"45307","begoggled",1,86994557,99.99
"45308","beguilement",1,86994558,99.99
"45309","beguiler",1,86994559,99.99
"45310","behatted",1,86994560,99.99
"45311","behavioristic",1,86994561,99.99
"45312","behinder",1,86994562,99.99
"45313","bejan",1,86994563,99.99
"45314","bejewel",1,86994564,99.99
"45315","belate",1,86994565,99.99
"45316","beld",1,86994566,99.99
"45317","belligerency",1,86994567,99.99
"45318","bely",1,86994568,99.99
"45319","bemad",1,86994569,99.99
"45320","bemix",1,86994570,99.99
"45321","benchland",1,86994571,99.99
"45322","benda",1,86994572,99.99
"45323","bendingly",1,86994573,99.99
"45324","benedicite",1,86994574,99.99
"45325","benefactress",1,86994575,99.99
"45326","benefice",1,86994576,99.99
"45327","beneficently",1,86994577,99.99
"45328","bengaline",1,86994578,99.99
"45329","benightedness",1,86994579,99.99
"45330","benignantly",1,86994580,99.99
"45331","benshea",1,86994581,99.99
"45332","benumb",1,86994582,99.99
"45333","benzophenone",1,86994583,99.99
"45334","benzoquinone",1,86994584,99.99
"45335","benzyl",1,86994585,99.99
"45336","bequeathment",1,86994586,99.99
"45337","berakoth",1,86994587,99.99
"45338","berat",1,86994588,99.99
"45339","berberry",1,86994589,99.99
"45340","bere",1,86994590,99.99
"45341","beriberi",1,86994591,99.99
"45342","berith",1,86994592,99.99
"45343","berkelium",1,86994593,99.99
"45344","berline",1,86994594,99.99
"45345","berrendo",1,86994595,99.99
"45346","berrylike",1,86994596,99.99
"45347","berylline",1,86994597,99.99
"45348","beseechingly",1,86994598,99.99
"45349","beseem",1,86994599,99.99
"45350","besmear",1,86994600,99.99
"45351","besought",1,86994601,99.99
"45352","bespell",1,86994602,99.99
"45353","bestir",1,86994603,99.99
"45354","bestrew",1,86994604,99.99
"45355","bethabara",1,86994605,99.99
"45356","bethought",1,86994606,99.99
"45357","betoken",1,86994607,99.99
"45358","betrail",1,86994608,99.99
"45359","betroth",1,86994609,99.99
"45360","betso",1,86994610,99.99
"45361","betulin",1,86994611,99.99
"45362","betulinic",1,86994612,99.99
"45363","bevatron",1,86994613,99.99
"45364","bewailing",1,86994614,99.99
"45365","beweep",1,86994615,99.99
"45366","bewig",1,86994616,99.99
"45367","bezique",1,86994617,99.99
"45368","bhagavata",1,86994618,99.99
"45369","bhakta",1,86994619,99.99
"45370","bhara",1,86994620,99.99
"45371","bharal",1,86994621,99.99
"45372","bibionid",1,86994622,99.99
"45373","bibliology",1,86994623,99.99
"45374","bibliomania",1,86994624,99.99
"45375","bibliophilic",1,86994625,99.99
"45376","bibulous",1,86994626,99.99
"45377","biconvex",1,86994627,99.99
"45378","bicorn",1,86994628,99.99
"45379","bicuspid",1,86994629,99.99
"45380","bidar",1,86994630,99.99
"45381","bidirectional",1,86994631,99.99
"45382","biennia",1,86994632,99.99
"45383","bifilar",1,86994633,99.99
"45384","bifurcate",1,86994634,99.99
"45385","bilaterality",1,86994635,99.99
"45386","billeter",1,86994636,99.99
"45387","billfish",1,86994637,99.99
"45388","billian",1,86994638,99.99
"45389","billycock",1,86994639,99.99
"45390","bilo",1,86994640,99.99
"45391","bimaculated",1,86994641,99.99
"45392","bimodal",1,86994642,99.99
"45393","binal",1,86994643,99.99
"45394","bindweed",1,86994644,99.99
"45395","bingey",1,86994645,99.99
"45396","binomial",1,86994646,99.99
"45397","biochemically",1,86994647,99.99
"45398","biogenetics",1,86994648,99.99
"45399","biomagnetic",1,86994649,99.99
"45400","biosynthesis",1,86994650,99.99
"45401","biota",1,86994651,99.99
"45402","biotope",1,86994652,99.99
"45403","bipartite",1,86994653,99.99
"45404","biphenyl",1,86994654,99.99
"45405","birchen",1,86994655,99.99
"45406","birdless",1,86994656,99.99
"45407","birken",1,86994657,99.99
"45408","birthwort",1,86994658,99.99
"45409","biscuiting",1,86994659,99.99
"45410","bishopric",1,86994660,99.99
"45411","bisulphate",1,86994661,99.99
"45412","bitartrate",1,86994662,99.99
"45413","bitterwood",1,86994663,99.99
"45414","blackacre",1,86994664,99.99
"45415","blackbirding",1,86994665,99.99
"45416","blackguard",1,86994666,99.99
"45417","blackheart",1,86994667,99.99
"45418","blackhearted",1,86994668,99.99
"45419","blackpoll",1,86994669,99.99
"45420","bladderpod",1,86994670,99.99
"45421","bladebone",1,86994671,99.99
"45422","blaeberry",1,86994672,99.99
"45423","blamelessness",1,86994673,99.99
"45424","blandishment",1,86994674,99.99
"45425","blanketless",1,86994675,99.99
"45426","blankety",1,86994676,99.99
"45427","blasphemously",1,86994677,99.99
"45428","blastoma",1,86994678,99.99
"45429","blate",1,86994679,99.99
"45430","blatherskite",1,86994680,99.99
"45431","bleariness",1,86994681,99.99
"45432","bleaty",1,86994682,99.99
"45433","bleeze",1,86994683,99.99
"45434","bleezy",1,86994684,99.99
"45435","blellum",1,86994685,99.99
"45436","blent",1,86994686,99.99
"45437","blesbok",1,86994687,99.99
"45438","blesser",1,86994688,99.99
"45439","blet",1,86994689,99.99
"45440","blithesome",1,86994690,99.99
"45441","blizzardy",1,86994691,99.99
"45442","blobbed",1,86994692,99.99
"45443","blockheaded",1,86994693,99.99
"45444","blockhouse",1,86994694,99.99
"45445","bloodlessness",1,86994695,99.99
"45446","bloodletter",1,86994696,99.99
"45447","bloodmobile",1,86994697,99.99
"45448","bloodthirstiness",1,86994698,99.99
"45449","bloodwood",1,86994699,99.99
"45450","bloodwort",1,86994700,99.99
"45451","blooey",1,86994701,99.99
"45452","blooping",1,86994702,99.99
"45453","blore",1,86994703,99.99
"45454","blossomy",1,86994704,99.99
"45455","blotty",1,86994705,99.99
"45456","bloused",1,86994706,99.99
"45457","blowen",1,86994707,99.99
"45458","blowzy",1,86994708,99.99
"45459","blubberer",1,86994709,99.99
"45460","blueback",1,86994710,99.99
"45461","bluebottle",1,86994711,99.99
"45462","bluecap",1,86994712,99.99
"45463","blueing",1,86994713,99.99
"45464","bluely",1,86994714,99.99
"45465","bluetongue",1,86994715,99.99
"45466","blunderer",1,86994716,99.99
"45467","blunderful",1,86994717,99.99
"45468","blushingly",1,86994718,99.99
"45469","blusterous",1,86994719,99.99
"45470","boardy",1,86994720,99.99
"45471","boastfulness",1,86994721,99.99
"45472","boatful",1,86994722,99.99
"45473","bobolink",1,86994723,99.99
"45474","bobtail",1,86994724,99.99
"45475","bocardo",1,86994725,99.99
"45476","bocher",1,86994726,99.99
"45477","bocking",1,86994727,99.99
"45478","bodge",1,86994728,99.99
"45479","bodkin",1,86994729,99.99
"45480","bodle",1,86994730,99.99
"45481","bogginess",1,86994731,99.99
"45482","bogy",1,86994732,99.99
"45483","boilerhouse",1,86994733,99.99
"45484","boilerless",1,86994734,99.99
"45485","boilover",1,86994735,99.99
"45486","boily",1,86994736,99.99
"45487","boisterousness",1,86994737,99.99
"45488","bokom",1,86994738,99.99
"45489","bolis",1,86994739,99.99
"45490","bolled",1,86994740,99.99
"45491","bolson",1,86994741,99.99
"45492","bolthole",1,86994742,99.99
"45493","bombarde",1,86994743,99.99
"45494","bombsight",1,86994744,99.99
"45495","bondman",1,86994745,99.99
"45496","bonesetter",1,86994746,99.99
"45497","bonification",1,86994747,99.99
"45498","bonspiel",1,86994748,99.99
"45499","bontebok",1,86994749,99.99
"45500","boodle",1,86994750,99.99
"45501","bookery",1,86994751,99.99
"45502","bookful",1,86994752,99.99
"45503","bookiness",1,86994753,99.99
"45504","bookism",1,86994754,99.99
"45505","bookpress",1,86994755,99.99
"45506","booly",1,86994756,99.99
"45507","boomslang",1,86994757,99.99
"45508","bootless",1,86994758,99.99
"45509","borak",1,86994759,99.99
"45510","boral",1,86994760,99.99
"45511","borate",1,86994761,99.99
"45512","bordel",1,86994762,99.99
"45513","bordure",1,86994763,99.99
"45514","borecole",1,86994764,99.99
"45515","borish",1,86994765,99.99
"45516","borsht",1,86994766,99.99
"45517","bosker",1,86994767,99.99
"45518","bosomy",1,86994768,99.99
"45519","bosset",1,86994769,99.99
"45520","bossism",1,86994770,99.99
"45521","bouchal",1,86994771,99.99
"45522","bouldery",1,86994772,99.99
"45523","boulter",1,86994773,99.99
"45524","boun",1,86994774,99.99
"45525","boundedness",1,86994775,99.99
"45526","bounden",1,86994776,99.99
"45527","boundlessly",1,86994777,99.99
"45528","bounteousness",1,86994778,99.99
"45529","boxboard",1,86994779,99.99
"45530","boxkeeper",1,86994780,99.99
"45531","boxthorn",1,86994781,99.99
"45532","boxwallah",1,86994782,99.99
"45533","boycotter",1,86994783,99.99
"45534","boyology",1,86994784,99.99
"45535","boza",1,86994785,99.99
"45536","braceleted",1,86994786,99.99
"45537","brachiate",1,86994787,99.99
"45538","brachycardia",1,86994788,99.99
"45539","brachygraphy",1,86994789,99.99
"45540","bradmaker",1,86994790,99.99
"45541","bradykinesia",1,86994791,99.99
"45542","brail",1,86994792,99.99
"45543","braininess",1,86994793,99.99
"45544","brainlessly",1,86994794,99.99
"45545","brainsick",1,86994795,99.99
"45546","brainwork",1,86994796,99.99
"45547","brancher",1,86994797,99.99
"45548","branchless",1,86994798,99.99
"45549","brasque",1,86994799,99.99
"45550","brassie",1,86994800,99.99
"45551","brassware",1,86994801,99.99
"45552","brassworks",1,86994802,99.99
"45553","brattish",1,86994803,99.99
"45554","braw",1,86994804,99.99
"45555","braza",1,86994805,99.99
"45556","breacher",1,86994806,99.99
"45557","breadwinning",1,86994807,99.99
"45558","breakwind",1,86994808,99.99
"45559","breastwork",1,86994809,99.99
"45560","breathiness",1,86994810,99.99
"45561","breba",1,86994811,99.99
"45562","breccia",1,86994812,99.99
"45563","brecken",1,86994813,99.99
"45564","breek",1,86994814,99.99
"45565","breezeless",1,86994815,99.99
"45566","bridally",1,86994816,99.99
"45567","bridebed",1,86994817,99.99
"45568","bridehood",1,86994818,99.99
"45569","bridewell",1,86994819,99.99
"45570","brilliantine",1,86994820,99.99
"45571","brilliantness",1,86994821,99.99
"45572","brininess",1,86994822,99.99
"45573","briskness",1,86994823,99.99
"45574","brisque",1,86994824,99.99
"45575","brither",1,86994825,99.99
"45576","broadacre",1,86994826,99.99
"45577","broadhead",1,86994827,99.99
"45578","broadish",1,86994828,99.99
"45579","broadtail",1,86994829,99.99
"45580","brob",1,86994830,99.99
"45581","brocard",1,86994831,99.99
"45582","broch",1,86994832,99.99
"45583","broche",1,86994833,99.99
"45584","brodequin",1,86994834,99.99
"45585","brog",1,86994835,99.99
"45586","brokenly",1,86994836,99.99
"45587","bronchodilator",1,86994837,99.99
"45588","bronchopneumonia",1,86994838,99.99
"45589","bronk",1,86994839,99.99
"45590","brougham",1,86994840,99.99
"45591","bruit",1,86994841,99.99
"45592","bruke",1,86994842,99.99
"45593","brushable",1,86994843,99.99
"45594","brusqueness",1,86994844,99.99
"45595","bruting",1,86994845,99.99
"45596","brutishly",1,86994846,99.99
"45597","brutishness",1,86994847,99.99
"45598","buchite",1,86994848,99.99
"45599","buchu",1,86994849,99.99
"45600","buckbrush",1,86994850,99.99
"45601","bucker",1,86994851,99.99
"45602","buckram",1,86994852,99.99
"45603","budgerigar",1,86994853,99.99
"45604","budgeter",1,86994854,99.99
"45605","budworm",1,86994855,99.99
"45606","bugbite",1,86994856,99.99
"45607","bugloss",1,86994857,99.99
"45608","bugre",1,86994858,99.99
"45609","buist",1,86994859,99.99
"45610","bulbar",1,86994860,99.99
"45611","bulblet",1,86994861,99.99
"45612","bulbul",1,86994862,99.99
"45613","bulkily",1,86994863,99.99
"45614","bullheadedly",1,86994864,99.99
"45615","bullheadedness",1,86994865,99.99
"45616","bullous",1,86994866,99.99
"45617","bullydom",1,86994867,99.99
"45618","bullyism",1,86994868,99.99
"45619","bumpily",1,86994869,99.99
"45620","bumpkinish",1,86994870,99.99
"45621","bumptiousness",1,86994871,99.99
"45622","bungo",1,86994872,99.99
"45623","bunkie",1,86994873,99.99
"45624","buntline",1,86994874,99.99
"45625","bunyip",1,86994875,99.99
"45626","buoyance",1,86994876,99.99
"45627","burbly",1,86994877,99.99
"45628","burbot",1,86994878,99.99
"45629","bure",1,86994879,99.99
"45630","bureaucratically",1,86994880,99.99
"45631","bureaucratization",1,86994881,99.99
"45632","bureaux",1,86994882,99.99
"45633","burgeon",1,86994883,99.99
"45634","burgomaster",1,86994884,99.99
"45635","burin",1,86994885,99.99
"45636","buriti",1,86994886,99.99
"45637","burled",1,86994887,99.99
"45638","burnisher",1,86994888,99.99
"45639","burnoose",1,86994889,99.99
"45640","burred",1,86994890,99.99
"45641","burrower",1,86994891,99.99
"45642","burster",1,86994892,99.99
"45643","bushbuck",1,86994893,99.99
"45644","bushcraft",1,86994894,99.99
"45645","bushelful",1,86994895,99.99
"45646","bushing",1,86994896,99.99
"45647","bushranger",1,86994897,99.99
"45648","bushwhack",1,86994898,99.99
"45649","bushwood",1,86994899,99.99
"45650","buskin",1,86994900,99.99
"45651","butanol",1,86994901,99.99
"45652","butterless",1,86994902,99.99
"45653","butterlike",1,86994903,99.99
"45654","buttermaker",1,86994904,99.99
"45655","buttonbush",1,86994905,99.99
"45656","buttonhook",1,86994906,99.99
"45657","butyrolactone",1,86994907,99.99
"45658","buyable",1,86994908,99.99
"45659","buzzies",1,86994909,99.99
"45660","buzzle",1,86994910,99.99
"45661","byre",1,86994911,99.99
"45662","bywoner",1,86994912,99.99
"45663","caba",1,86994913,99.99
"45664","cabaletta",1,86994914,99.99
"45665","cabalistic",1,86994915,99.99
"45666","cabas",1,86994916,99.99
"45667","cableway",1,86994917,99.99
"45668","cacoon",1,86994918,99.99
"45669","cacophonic",1,86994919,99.99
"45670","cadaverously",1,86994920,99.99
"45671","cadent",1,86994921,99.99
"45672","cageless",1,86994922,99.99
"45673","cager",1,86994923,99.99
"45674","cajolement",1,86994924,99.99
"45675","cajoler",1,86994925,99.99
"45676","cakemaker",1,86994926,99.99
"45677","caky",1,86994927,99.99
"45678","calaboose",1,86994928,99.99
"45679","calamint",1,86994929,99.99
"45680","calamitously",1,86994930,99.99
"45681","calamus",1,86994931,99.99
"45682","calcareous",1,86994932,99.99
"45683","calcify",1,86994933,99.99
"45684","calcination",1,86994934,99.99
"45685","calcine",1,86994935,99.99
"45686","calculatory",1,86994936,99.99
"45687","calculi",1,86994937,99.99
"45688","calkin",1,86994938,99.99
"45689","calliper",1,86994939,99.99
"45690","callo",1,86994940,99.99
"45691","callowness",1,86994941,99.99
"45692","calmative",1,86994942,99.99
"45693","calor",1,86994943,99.99
"45694","calorimetry",1,86994944,99.99
"45695","caloris",1,86994945,99.99
"45696","calp",1,86994946,99.99
"45697","calumniation",1,86994947,99.99
"45698","calumnious",1,86994948,99.99
"45699","calvaria",1,86994949,99.99
"45700","calyces",1,86994950,99.99
"45701","cameral",1,86994951,99.99
"45702","camise",1,86994952,99.99
"45703","campane",1,86994953,99.99
"45704","campanero",1,86994954,99.99
"45705","campanologist",1,86994955,99.99
"45706","canalboat",1,86994956,99.99
"45707","canaster",1,86994957,99.99
"45708","candlelighted",1,86994958,99.99
"45709","candlemaker",1,86994959,99.99
"45710","candlenut",1,86994960,99.99
"45711","candlestand",1,86994961,99.99
"45712","candymaker",1,86994962,99.99
"45713","cannet",1,86994963,99.99
"45714","canorous",1,86994964,99.99
"45715","cantar",1,86994965,99.99
"45716","cantharidin",1,86994966,99.99
"45717","cantillation",1,86994967,99.99
"45718","cantonal",1,86994968,99.99
"45719","caoutchouc",1,86994969,99.99
"45720","capaciously",1,86994970,99.99
"45721","capacitate",1,86994971,99.99
"45722","caparison",1,86994972,99.99
"45723","capeline",1,86994973,99.99
"45724","capias",1,86994974,99.99
"45725","capitalistically",1,86994975,99.99
"45726","capitally",1,86994976,99.99
"45727","capitated",1,86994977,99.99
"45728","capric",1,86994978,99.99
"45729","caprine",1,86994979,99.99
"45730","caproate",1,86994980,99.99
"45731","capryl",1,86994981,99.99
"45732","caprylyl",1,86994982,99.99
"45733","capsular",1,86994983,99.99
"45734","capsulation",1,86994984,99.99
"45735","captivatingly",1,86994985,99.99
"45736","carabin",1,86994986,99.99
"45737","caract",1,86994987,99.99
"45738","caravel",1,86994988,99.99
"45739","carbinol",1,86994989,99.99
"45740","carbonator",1,86994990,99.99
"45741","carboniferous",1,86994991,99.99
"45742","carbonless",1,86994992,99.99
"45743","carbonyl",1,86994993,99.99
"45744","carboxyhemoglobin",1,86994994,99.99
"45745","cardial",1,86994995,99.99
"45746","cardioplegia",1,86994996,99.99
"45747","cardiorespiratory",1,86994997,99.99
"45748","cardroom",1,86994998,99.99
"45749","carest",1,86994999,99.99
"45750","carga",1,86995000,99.99
"45751","carhop",1,86995001,99.99
"45752","carking",1,86995002,99.99
"45753","carlings",1,86995003,99.99
"45754","carminic",1,86995004,99.99
"45755","carnic",1,86995005,99.99
"45756","carnosine",1,86995006,99.99
"45757","caroler",1,86995007,99.99
"45758","carousal",1,86995008,99.99
"45759","carpetless",1,86995009,99.99
"45760","carpingly",1,86995010,99.99
"45761","carrageen",1,86995011,99.99
"45762","carroty",1,86995012,99.99
"45763","carse",1,86995013,99.99
"45764","cartilaginous",1,86995014,99.99
"45765","cartograph",1,86995015,99.99
"45766","cartographically",1,86995016,99.99
"45767","caryophyllene",1,86995017,99.99
"45768","cascara",1,86995018,99.99
"45769","cascarilla",1,86995019,99.99
"45770","caseful",1,86995020,99.99
"45771","caseless",1,86995021,99.99
"45772","casemaker",1,86995022,99.99
"45773","caseous",1,86995023,99.99
"45774","cashable",1,86995024,99.99
"45775","cashaw",1,86995025,99.99
"45776","casking",1,86995026,99.99
"45777","cassation",1,86995027,99.99
"45778","cassina",1,86995028,99.99
"45779","cassolette",1,86995029,99.99
"45780","cassonade",1,86995030,99.99
"45781","castellan",1,86995031,99.99
"45782","castellar",1,86995032,99.99
"45783","castlelike",1,86995033,99.99
"45784","casuality",1,86995034,99.99
"45785","catabolic",1,86995035,99.99
"45786","catachresis",1,86995036,99.99
"45787","catafalque",1,86995037,99.99
"45788","cataleptic",1,86995038,99.99
"45789","cataloguer",1,86995039,99.99
"45790","catalysis",1,86995040,99.99
"45791","catalytically",1,86995041,99.99
"45792","cataria",1,86995042,99.99
"45793","catastrophist",1,86995043,99.99
"45794","catchcry",1,86995044,99.99
"45795","catchfly",1,86995045,99.99
"45796","caterwaul",1,86995046,99.99
"45797","catheterize",1,86995047,99.99
"45798","cathole",1,86995048,99.99
"45799","catholicalness",1,86995049,99.99
"45800","cationic",1,86995050,99.99
"45801","cattish",1,86995051,99.99
"45802","caudate",1,86995052,99.99
"45803","caulis",1,86995053,99.99
"45804","cauterization",1,86995054,99.99
"45805","cautery",1,86995055,99.99
"45806","cautiousness",1,86995056,99.99
"45807","cavalla",1,86995057,99.99
"45808","cavatina",1,86995058,99.99
"45809","cavernoma",1,86995059,99.99
"45810","cavernulous",1,86995060,99.99
"45811","cavesson",1,86995061,99.99
"45812","cavitation",1,86995062,99.99
"45813","cavus",1,86995063,99.99
"45814","cebid",1,86995064,99.99
"45815","cedarn",1,86995065,99.99
"45816","celloist",1,86995066,99.99
"45817","cellularity",1,86995067,99.99
"45818","cembalo",1,86995068,99.99
"45819","censorable",1,86995069,99.99
"45820","censorial",1,86995070,99.99
"45821","centage",1,86995071,99.99
"45822","centerboard",1,86995072,99.99
"45823","centralist",1,86995073,99.99
"45824","centralizer",1,86995074,99.99
"45825","centricity",1,86995075,99.99
"45826","centrifugation",1,86995076,99.99
"45827","cephalocaudal",1,86995077,99.99
"45828","cephalopodan",1,86995078,99.99
"45829","ceps",1,86995079,99.99
"45830","cerebration",1,86995080,99.99
"45831","cerement",1,86995081,99.99
"45832","ceremoniousness",1,86995082,99.99
"45833","cerillo",1,86995083,99.99
"45834","certy",1,86995084,99.99
"45835","ceruse",1,86995085,99.99
"45836","cervine",1,86995086,99.99
"45837","cesspit",1,86995087,99.99
"45838","cetology",1,86995088,99.99
"45839","chachalaca",1,86995089,99.99
"45840","chafer",1,86995090,99.99
"45841","chaffer",1,86995091,99.99
"45842","chaffy",1,86995092,99.99
"45843","chalana",1,86995093,99.99
"45844","challengeable",1,86995094,99.99
"45845","chalta",1,86995095,99.99
"45846","chamal",1,86995096,99.99
"45847","champignon",1,86995097,99.99
"45848","champy",1,86995098,99.99
"45849","chanche",1,86995099,99.99
"45850","chanchito",1,86995100,99.99
"45851","chandoo",1,86995101,99.99
"45852","chandu",1,86995102,99.99
"45853","changeably",1,86995103,99.99
"45854","channelization",1,86995104,99.99
"45855","channelize",1,86995105,99.99
"45856","chantable",1,86995106,99.99
"45857","chantey",1,86995107,99.99
"45858","chantress",1,86995108,99.99
"45859","chaotical",1,86995109,99.99
"45860","chape",1,86995110,99.99
"45861","charabanc",1,86995111,99.99
"45862","characterological",1,86995112,99.99
"45863","charer",1,86995113,99.99
"45864","charet",1,86995114,99.99
"45865","charka",1,86995115,99.99
"45866","charmlessly",1,86995116,99.99
"45867","charthouse",1,86995117,99.99
"45868","chartist",1,86995118,99.99
"45869","charwoman",1,86995119,99.99
"45870","chasable",1,86995120,99.99
"45871","chaseable",1,86995121,99.99
"45872","chasseur",1,86995122,99.99
"45873","chatoyancy",1,86995123,99.99
"45874","chatoyant",1,86995124,99.99
"45875","chatta",1,86995125,99.99
"45876","chatterer",1,86995126,99.99
"45877","chatteringly",1,86995127,99.99
"45878","chattily",1,86995128,99.99
"45879","chattiness",1,86995129,99.99
"45880","chaus",1,86995130,99.99
"45881","chauth",1,86995131,99.99
"45882","chauvinistically",1,86995132,99.99
"45883","chawl",1,86995133,99.99
"45884","cheaping",1,86995134,99.99
"45885","cheatee",1,86995135,99.99
"45886","checkerberry",1,86995136,99.99
"45887","checky",1,86995137,99.99
"45888","cheder",1,86995138,99.99
"45889","cheerlessness",1,86995139,99.99
"45890","cheerly",1,86995140,99.99
"45891","cheesecurd",1,86995141,99.99
"45892","cheesery",1,86995142,99.99
"45893","chelate",1,86995143,99.99
"45894","chelonian",1,86995144,99.99
"45895","chemisette",1,86995145,99.99
"45896","cherem",1,86995146,99.99
"45897","cherisher",1,86995147,99.99
"45898","cheroot",1,86995148,99.99
"45899","cherried",1,86995149,99.99
"45900","chestiness",1,86995150,99.99
"45901","cheve",1,86995151,99.99
"45902","chevin",1,86995152,99.99
"45903","chiasmus",1,86995153,99.99
"45904","chiastic",1,86995154,99.99
"45905","chickabiddy",1,86995155,99.99
"45906","chider",1,86995156,99.99
"45907","chiefdom",1,86995157,99.99
"45908","chieftainess",1,86995158,99.99
"45909","childlikeness",1,86995159,99.99
"45910","chiliast",1,86995160,99.99
"45911","chillness",1,86995161,99.99
"45912","chillum",1,86995162,99.99
"45913","chinaberry",1,86995163,99.99
"45914","chinar",1,86995164,99.99
"45915","chinch",1,86995165,99.99
"45916","chincha",1,86995166,99.99
"45917","chinking",1,86995167,99.99
"45918","chinotti",1,86995168,99.99
"45919","chiropodist",1,86995169,99.99
"45920","chirpiness",1,86995170,99.99
"45921","chirrup",1,86995171,99.99
"45922","chirrupy",1,86995172,99.99
"45923","chital",1,86995173,99.99
"45924","chitinous",1,86995174,99.99
"45925","chiton",1,86995175,99.99
"45926","chitosan",1,86995176,99.99
"45927","chivalrously",1,86995177,99.99
"45928","chlordane",1,86995178,99.99
"45929","chloric",1,86995179,99.99
"45930","chlorination",1,86995180,99.99
"45931","choca",1,86995181,99.99
"45932","choga",1,86995182,99.99
"45933","choicelessness",1,86995183,99.99
"45934","choicely",1,86995184,99.99
"45935","chokecherry",1,86995185,99.99
"45936","choleric",1,86995186,99.99
"45937","cholesteatoma",1,86995187,99.99
"45938","cholesterin",1,86995188,99.99
"45939","chondroma",1,86995189,99.99
"45940","chondromalacia",1,86995190,99.99
"45941","choppered",1,86995191,99.99
"45942","chorine",1,86995192,99.99
"45943","chorography",1,86995193,99.99
"45944","choroid",1,86995194,99.99
"45945","chorological",1,86995195,99.99
"45946","chorten",1,86995196,99.99
"45947","choruslike",1,86995197,99.99
"45948","choup",1,86995198,99.99
"45949","chowchow",1,86995199,99.99
"45950","chowderhead",1,86995200,99.99
"45951","chrismation",1,86995201,99.99
"45952","chrismon",1,86995202,99.99
"45953","chromate",1,86995203,99.99
"45954","chromaticism",1,86995204,99.99
"45955","chromatics",1,86995205,99.99
"45956","chromo",1,86995206,99.99
"45957","chronicity",1,86995207,99.99
"45958","chronographically",1,86995208,99.99
"45959","chronologic",1,86995209,99.99
"45960","chronomancy",1,86995210,99.99
"45961","chronomantic",1,86995211,99.99
"45962","chronometric",1,86995212,99.99
"45963","chronometry",1,86995213,99.99
"45964","chrysography",1,86995214,99.99
"45965","chthonian",1,86995215,99.99
"45966","chubbed",1,86995216,99.99
"45967","chuckleheaded",1,86995217,99.99
"45968","chuckwalla",1,86995218,99.99
"45969","chugger",1,86995219,99.99
"45970","chunkiness",1,86995220,99.99
"45971","churchward",1,86995221,99.99
"45972","churchwarden",1,86995222,99.99
"45973","chypre",1,86995223,99.99
"45974","chytrid",1,86995224,99.99
"45975","ciborium",1,86995225,99.99
"45976","cichlid",1,86995226,99.99
"45977","cigala",1,86995227,99.99
"45978","cincher",1,86995228,99.99
"45979","cinefilm",1,86995229,99.99
"45980","cinematical",1,86995230,99.99
"45981","cinematographically",1,86995231,99.99
"45982","cinerator",1,86995232,99.99
"45983","cingle",1,86995233,99.99
"45984","cinnamal",1,86995234,99.99
"45985","cinquain",1,86995235,99.99
"45986","cinquecento",1,86995236,99.99
"45987","circuitously",1,86995237,99.99
"45988","circuitousness",1,86995238,99.99
"45989","circumambulation",1,86995239,99.99
"45990","circumambulatory",1,86995240,99.99
"45991","circumferentially",1,86995241,99.99
"45992","circumflex",1,86995242,99.99
"45993","circumgyrate",1,86995243,99.99
"45994","circumlocution",1,86995244,99.99
"45995","circumpolar",1,86995245,99.99
"45996","circumscription",1,86995246,99.99
"45997","cisalpine",1,86995247,99.99
"45998","cise",1,86995248,99.99
"45999","citer",1,86995249,99.99
"46000","cither",1,86995250,99.99
"46001","citied",1,86995251,99.99
"46002","citral",1,86995252,99.99
"46003","citronellal",1,86995253,99.99
"46004","citronelle",1,86995254,99.99
"46005","cittern",1,86995255,99.99
"46006","clachan",1,86995256,99.99
"46007","cladoptosis",1,86995257,99.99
"46008","clag",1,86995258,99.99
"46009","claggy",1,86995259,99.99
"46010","clairaudient",1,86995260,99.99
"46011","clairvoyancy",1,86995261,99.99
"46012","clairvoyantly",1,86995262,99.99
"46013","clame",1,86995263,99.99
"46014","clamorer",1,86995264,99.99
"46015","clamper",1,86995265,99.99
"46016","clandestinity",1,86995266,99.99
"46017","clannishly",1,86995267,99.99
"46018","clart",1,86995268,99.99
"46019","classicize",1,86995269,99.99
"46020","classifier",1,86995270,99.99
"46021","classis",1,86995271,99.99
"46022","clatch",1,86995272,99.99
"46023","clattery",1,86995273,99.99
"46024","clavel",1,86995274,99.99
"46025","clavichord",1,86995275,99.99
"46026","claviger",1,86995276,99.99
"46027","clawless",1,86995277,99.99
"46028","cleam",1,86995278,99.99
"46029","cleanable",1,86995279,99.99
"46030","cleanish",1,86995280,99.99
"46031","cled",1,86995281,99.99
"46032","clergywoman",1,86995282,99.99
"46033","clericalism",1,86995283,99.99
"46034","clima",1,86995284,99.99
"46035","climacteric",1,86995285,99.99
"46036","climatologically",1,86995286,99.99
"46037","climbable",1,86995287,99.99
"46038","clinal",1,86995288,99.99
"46039","cliquishness",1,86995289,99.99
"46040","clite",1,86995290,99.99
"46041","clitellum",1,86995291,99.99
"46042","clitter",1,86995292,99.99
"46043","clocker",1,86995293,99.99
"46044","clockmaking",1,86995294,99.99
"46045","clodhopping",1,86995295,99.99
"46046","clonic",1,86995296,99.99
"46047","clownishness",1,86995297,99.99
"46048","clubbish",1,86995298,99.99
"46049","coachwhip",1,86995299,99.99
"46050","coachy",1,86995300,99.99
"46051","coaction",1,86995301,99.99
"46052","coagula",1,86995302,99.99
"46053","coagulum",1,86995303,99.99
"46054","coalitional",1,86995304,99.99
"46055","coatimundi",1,86995305,99.99
"46056","cobber",1,86995306,99.99
"46057","cobbly",1,86995307,99.99
"46058","coccidia",1,86995308,99.99
"46059","coccygeal",1,86995309,99.99
"46060","cockalorum",1,86995310,99.99
"46061","cockcrow",1,86995311,99.99
"46062","cockleshell",1,86995312,99.99
"46063","cockling",1,86995313,99.99
"46064","cockspur",1,86995314,99.99
"46065","cocreate",1,86995315,99.99
"46066","cocreator",1,86995316,99.99
"46067","codder",1,86995317,99.99
"46068","codirector",1,86995318,99.99
"46069","coeducation",1,86995319,99.99
"46070","coercively",1,86995320,99.99
"46071","coeternal",1,86995321,99.99
"46072","coffeepot",1,86995322,99.99
"46073","coffret",1,86995323,99.99
"46074","coft",1,86995324,99.99
"46075","coggie",1,86995325,99.99
"46076","cogitative",1,86995326,99.99
"46077","coign",1,86995327,99.99
"46078","coiner",1,86995328,99.99
"46079","coinventor",1,86995329,99.99
"46080","coleur",1,86995330,99.99
"46081","colibri",1,86995331,99.99
"46082","collagenous",1,86995332,99.99
"46083","collectedly",1,86995333,99.99
"46084","collectedness",1,86995334,99.99
"46085","collectiveness",1,86995335,99.99
"46086","collectivistic",1,86995336,99.99
"46087","collectorship",1,86995337,99.99
"46088","colligative",1,86995338,99.99
"46089","collimation",1,86995339,99.99
"46090","collinearity",1,86995340,99.99
"46091","collisional",1,86995341,99.99
"46092","collocate",1,86995342,99.99
"46093","collywobbles",1,86995343,99.99
"46094","coloboma",1,86995344,99.99
"46095","colorer",1,86995345,99.99
"46096","colorfulness",1,86995346,99.99
"46097","colorimetrically",1,86995347,99.99
"46098","colorimetry",1,86995348,99.99
"46099","coloristic",1,86995349,99.99
"46100","colorlessness",1,86995350,99.99
"46101","colposcopy",1,86995351,99.99
"46102","coltsfoot",1,86995352,99.99
"46103","columbite",1,86995353,99.99
"46104","columnal",1,86995354,99.99
"46105","colza",1,86995355,99.99
"46106","combativity",1,86995356,99.99
"46107","combinatory",1,86995357,99.99
"46108","combustibility",1,86995358,99.99
"46109","combustor",1,86995359,99.99
"46110","comfit",1,86995360,99.99
"46111","commandership",1,86995361,99.99
"46112","commemorator",1,86995362,99.99
"46113","commendatory",1,86995363,99.99
"46114","commensalism",1,86995364,99.99
"46115","commensality",1,86995365,99.99
"46116","committable",1,86995366,99.99
"46117","commix",1,86995367,99.99
"46118","commixture",1,86995368,99.99
"46119","commonsensical",1,86995369,99.99
"46120","communalism",1,86995370,99.99
"46121","communalist",1,86995371,99.99
"46122","communicatively",1,86995372,99.99
"46123","communicativeness",1,86995373,99.99
"46124","communicatory",1,86995374,99.99
"46125","commutable",1,86995375,99.99
"46126","comparator",1,86995376,99.99
"46127","compart",1,86995377,99.99
"46128","compartmentalization",1,86995378,99.99
"46129","compassing",1,86995379,99.99
"46130","compassless",1,86995380,99.99
"46131","compatibly",1,86995381,99.99
"46132","compeer",1,86995382,99.99
"46133","compensator",1,86995383,99.99
"46134","complacence",1,86995384,99.99
"46135","complaisance",1,86995385,99.99
"46136","completement",1,86995386,99.99
"46137","completive",1,86995387,99.99
"46138","complexify",1,86995388,99.99
"46139","complicitous",1,86995389,99.99
"46140","complot",1,86995390,99.99
"46141","compos",1,86995391,99.99
"46142","compositionally",1,86995392,99.99
"46143","compoundable",1,86995393,99.99
"46144","compounder",1,86995394,99.99
"46145","comprehendible",1,86995395,99.99
"46146","compulsiveness",1,86995396,99.99
"46147","computability",1,86995397,99.99
"46148","concatenate",1,86995398,99.99
"46149","concealable",1,86995399,99.99
"46150","conceivability",1,86995400,99.99
"46151","concelebrate",1,86995401,99.99
"46152","conceptus",1,86995402,99.99
"46153","concernment",1,86995403,99.99
"46154","concessional",1,86995404,99.99
"46155","concessioner",1,86995405,99.99
"46156","conchal",1,86995406,99.99
"46157","conchiolin",1,86995407,99.99
"46158","conchoidal",1,86995408,99.99
"46159","conciliatingly",1,86995409,99.99
"46160","concluder",1,86995410,99.99
"46161","conclusiveness",1,86995411,99.99
"46162","conclusory",1,86995412,99.99
"46163","concolor",1,86995413,99.99
"46164","concrescence",1,86995414,99.99
"46165","concreter",1,86995415,99.99
"46166","concubinage",1,86995416,99.99
"46167","concurso",1,86995417,99.99
"46168","condemnatory",1,86995418,99.99
"46169","condensate",1,86995419,99.99
"46170","condite",1,86995420,99.99
"46171","condonation",1,86995421,99.99
"46172","conferee",1,86995422,99.99
"46173","confessable",1,86995423,99.99
"46174","confessedly",1,86995424,99.99
"46175","confider",1,86995425,99.99
"46176","confirmative",1,86995426,99.99
"46177","confliction",1,86995427,99.99
"46178","conflictive",1,86995428,99.99
"46179","confluent",1,86995429,99.99
"46180","confusable",1,86995430,99.99
"46181","congest",1,86995431,99.99
"46182","congregationalism",1,86995432,99.99
"46183","congruency",1,86995433,99.99
"46184","congruity",1,86995434,99.99
"46185","congruously",1,86995435,99.99
"46186","conic",1,86995436,99.99
"46187","conjoint",1,86995437,99.99
"46188","conjunctiva",1,86995438,99.99
"46189","conjunctival",1,86995439,99.99
"46190","conjuration",1,86995440,99.99
"46191","conker",1,86995441,99.99
"46192","connation",1,86995442,99.99
"46193","connaturally",1,86995443,99.99
"46194","connectable",1,86995444,99.99
"46195","connotative",1,86995445,99.99
"46196","conoid",1,86995446,99.99
"46197","consecrator",1,86995447,99.99
"46198","consentingly",1,86995448,99.99
"46199","conservational",1,86995449,99.99
"46200","conservatorio",1,86995450,99.99
"46201","consignee",1,86995451,99.99
"46202","consigner",1,86995452,99.99
"46203","consilience",1,86995453,99.99
"46204","consistence",1,86995454,99.99
"46205","consolidative",1,86995455,99.99
"46206","consonantal",1,86995456,99.99
"46207","consonantly",1,86995457,99.99
"46208","consortial",1,86995458,99.99
"46209","conspicuousness",1,86995459,99.99
"46210","conspiratory",1,86995460,99.99
"46211","consternate",1,86995461,99.99
"46212","constructionism",1,86995462,99.99
"46213","constructure",1,86995463,99.99
"46214","consumpt",1,86995464,99.99
"46215","contactor",1,86995465,99.99
"46216","contactually",1,86995466,99.99
"46217","contagiousness",1,86995467,99.99
"46218","contect",1,86995468,99.99
"46219","contemn",1,86995469,99.99
"46220","contemporaneousness",1,86995470,99.99
"46221","contemporize",1,86995471,99.99
"46222","contemptibly",1,86995472,99.99
"46223","contentiously",1,86995473,99.99
"46224","contexture",1,86995474,99.99
"46225","contiguously",1,86995475,99.99
"46226","continentally",1,86995476,99.99
"46227","contingently",1,86995477,99.99
"46228","continuer",1,86995478,99.99
"46229","conto",1,86995479,99.99
"46230","contraflow",1,86995480,99.99
"46231","contrail",1,86995481,99.99
"46232","contraposition",1,86995482,99.99
"46233","contrastive",1,86995483,99.99
"46234","contributive",1,86995484,99.99
"46235","contributorship",1,86995485,99.99
"46236","contumacious",1,86995486,99.99
"46237","contumely",1,86995487,99.99
"46238","convectively",1,86995488,99.99
"46239","convector",1,86995489,99.99
"46240","conventionalism",1,86995490,99.99
"46241","conventionalization",1,86995491,99.99
"46242","conventual",1,86995492,99.99
"46243","converser",1,86995493,99.99
"46244","conversive",1,86995494,99.99
"46245","convertibility",1,86995495,99.99
"46246","convertor",1,86995496,99.99
"46247","convexity",1,86995497,99.99
"46248","convulsiveness",1,86995498,99.99
"46249","cooingly",1,86995499,99.99
"46250","cookable",1,86995500,99.99
"46251","cookshop",1,86995501,99.99
"46252","coolheaded",1,86995502,99.99
"46253","coolheadedness",1,86995503,99.99
"46254","coorie",1,86995504,99.99
"46255","coper",1,86995505,99.99
"46256","copita",1,86995506,99.99
"46257","coplanar",1,86995507,99.99
"46258","copolymer",1,86995508,99.99
"46259","coppersmith",1,86995509,99.99
"46260","coppy",1,86995510,99.99
"46261","copresent",1,86995511,99.99
"46262","coprolite",1,86995512,99.99
"46263","coque",1,86995513,99.99
"46264","coquito",1,86995514,99.99
"46265","coraled",1,86995515,99.99
"46266","corbicula",1,86995516,99.99
"46267","corbie",1,86995517,99.99
"46268","coreless",1,86995518,99.99
"46269","corke",1,86995519,99.99
"46270","corkiness",1,86995520,99.99
"46271","corkish",1,86995521,99.99
"46272","cornerer",1,86995522,99.99
"46273","corneum",1,86995523,99.99
"46274","cornhusking",1,86995524,99.99
"46275","cornstalk",1,86995525,99.99
"46276","cornute",1,86995526,99.99
"46277","coronad",1,86995527,99.99
"46278","corporality",1,86995528,99.99
"46279","corporeality",1,86995529,99.99
"46280","correlatively",1,86995530,99.99
"46281","corroborative",1,86995531,99.99
"46282","corruptibility",1,86995532,99.99
"46283","corruptness",1,86995533,99.99
"46284","corseting",1,86995534,99.99
"46285","corta",1,86995535,99.99
"46286","cortices",1,86995536,99.99
"46287","corundum",1,86995537,99.99
"46288","coruscate",1,86995538,99.99
"46289","corver",1,86995539,99.99
"46290","corvina",1,86995540,99.99
"46291","cosmogenic",1,86995541,99.99
"46292","cosmopolitism",1,86995542,99.99
"46293","cossette",1,86995543,99.99
"46294","costermonger",1,86995544,99.99
"46295","costless",1,86995545,99.99
"46296","costumery",1,86995546,99.99
"46297","cotenancy",1,86995547,99.99
"46298","coterminous",1,86995548,99.99
"46299","coth",1,86995549,99.99
"46300","cottontop",1,86995550,99.99
"46301","couchy",1,86995551,99.99
"46302","cougher",1,86995552,99.99
"46303","couldron",1,86995553,99.99
"46304","coumarinic",1,86995554,99.99
"46305","councilmanic",1,86995555,99.99
"46306","counterespionage",1,86995556,99.99
"46307","counterfeitness",1,86995557,99.99
"46308","counterfire",1,86995558,99.99
"46309","countermand",1,86995559,99.99
"46310","countermine",1,86995560,99.99
"46311","counternarrative",1,86995561,99.99
"46312","counterpose",1,86995562,99.99
"46313","counterpressure",1,86995563,99.99
"46314","counterprotest",1,86995564,99.99
"46315","countersink",1,86995565,99.99
"46316","countryfolk",1,86995566,99.99
"46317","couped",1,86995567,99.99
"46318","coupee",1,86995568,99.99
"46319","couponless",1,86995569,99.99
"46320","courser",1,86995570,99.99
"46321","courtliness",1,86995571,99.99
"46322","courtman",1,86995572,99.99
"46323","cousinly",1,86995573,99.99
"46324","cousinship",1,86995574,99.99
"46325","couter",1,86995575,99.99
"46326","covalent",1,86995576,99.99
"46327","covenanter",1,86995577,99.99
"46328","covenanting",1,86995578,99.99
"46329","coverer",1,86995579,99.99
"46330","covin",1,86995580,99.99
"46331","cowpuncher",1,86995581,99.99
"46332","coxy",1,86995582,99.99
"46333","coyishness",1,86995583,99.99
"46334","cozen",1,86995584,99.99
"46335","crabman",1,86995585,99.99
"46336","crabwise",1,86995586,99.99
"46337","crabwood",1,86995587,99.99
"46338","cracksman",1,86995588,99.99
"46339","craftswoman",1,86995589,99.99
"46340","craggily",1,86995590,99.99
"46341","crambe",1,86995591,99.99
"46342","craner",1,86995592,99.99
"46343","craneway",1,86995593,99.99
"46344","craney",1,86995594,99.99
"46345","crania",1,86995595,99.99
"46346","craniectomy",1,86995596,99.99
"46347","craniosacral",1,86995597,99.99
"46348","crankcase",1,86995598,99.99
"46349","crankle",1,86995599,99.99
"46350","crapple",1,86995600,99.99
"46351","cratch",1,86995601,99.99
"46352","creakily",1,86995602,99.99
"46353","creakiness",1,86995603,99.99
"46354","creamily",1,86995604,99.99
"46355","creamlike",1,86995605,99.99
"46356","creatural",1,86995606,99.99
"46357","creatureliness",1,86995607,99.99
"46358","credibleness",1,86995608,99.99
"46359","credulously",1,86995609,99.99
"46360","creeker",1,86995610,99.99
"46361","creepie",1,86995611,99.99
"46362","creese",1,86995612,99.99
"46363","creeshie",1,86995613,99.99
"46364","cremorne",1,86995614,99.99
"46365","crenelated",1,86995615,99.99
"46366","crepuscule",1,86995616,99.99
"46367","crestless",1,86995617,99.99
"46368","cretinism",1,86995618,99.99
"46369","cretonne",1,86995619,99.99
"46370","crewelwork",1,86995620,99.99
"46371","crewless",1,86995621,99.99
"46372","cribble",1,86995622,99.99
"46373","crimpy",1,86995623,99.99
"46374","crine",1,86995624,99.99
"46375","cringer",1,86995625,99.99
"46376","crink",1,86995626,99.99
"46377","crinkleroot",1,86995627,99.99
"46378","criosphinx",1,86995628,99.99
"46379","critch",1,86995629,99.99
"46380","criticizer",1,86995630,99.99
"46381","croche",1,86995631,99.99
"46382","croci",1,86995632,99.99
"46383","crome",1,86995633,99.99
"46384","croppie",1,86995634,99.99
"46385","crossbowman",1,86995635,99.99
"46386","crossness",1,86995636,99.99
"46387","crosspiece",1,86995637,99.99
"46388","crossrail",1,86995638,99.99
"46389","crotchetiness",1,86995639,99.99
"46390","crotin",1,86995640,99.99
"46391","croupier",1,86995641,99.99
"46392","crowberry",1,86995642,99.99
"46393","crower",1,86995643,99.99
"46394","crownless",1,86995644,99.99
"46395","croyden",1,86995645,99.99
"46396","croze",1,86995646,99.99
"46397","crucifier",1,86995647,99.99
"46398","cruck",1,86995648,99.99
"46399","cruet",1,86995649,99.99
"46400","cruety",1,86995650,99.99
"46401","cruller",1,86995651,99.99
"46402","crumbliness",1,86995652,99.99
"46403","crummiest",1,86995653,99.99
"46404","crummock",1,86995654,99.99
"46405","crunt",1,86995655,99.99
"46406","crustade",1,86995656,99.99
"46407","crustal",1,86995657,99.99
"46408","crutched",1,86995658,99.99
"46409","crutching",1,86995659,99.99
"46410","cruth",1,86995660,99.99
"46411","cryptogram",1,86995661,99.99
"46412","cryptologist",1,86995662,99.99
"46413","cuarenta",1,86995663,99.99
"46414","cuboid",1,86995664,99.99
"46415","cueca",1,86995665,99.99
"46416","cuirassed",1,86995666,99.99
"46417","culla",1,86995667,99.99
"46418","cullis",1,86995668,99.99
"46419","culturist",1,86995669,99.99
"46420","cumbrous",1,86995670,99.99
"46421","cumulous",1,86995671,99.99
"46422","cunningness",1,86995672,99.99
"46423","cupidon",1,86995673,99.99
"46424","cupronickel",1,86995674,99.99
"46425","cuprum",1,86995675,99.99
"46426","curiousness",1,86995676,99.99
"46427","curium",1,86995677,99.99
"46428","curliness",1,86995678,99.99
"46429","curricle",1,86995679,99.99
"46430","curser",1,86995680,99.99
"46431","curtaining",1,86995681,99.99
"46432","curtilage",1,86995682,99.99
"46433","curtness",1,86995683,99.99
"46434","curvacious",1,86995684,99.99
"46435","curver",1,86995685,99.99
"46436","cusso",1,86995686,99.99
"46437","custodianship",1,86995687,99.99
"46438","cutin",1,86995688,99.99
"46439","cutis",1,86995689,99.99
"46440","cutpurse",1,86995690,99.99
"46441","cuttingly",1,86995691,99.99
"46442","cutup",1,86995692,99.99
"46443","cutweed",1,86995693,99.99
"46444","cutworm",1,86995694,99.99
"46445","cuvette",1,86995695,99.99
"46446","cyanosis",1,86995696,99.99
"46447","cyanotype",1,86995697,99.99
"46448","cyclization",1,86995698,99.99
"46449","cyclohexene",1,86995699,99.99
"46450","cycloid",1,86995700,99.99
"46451","cyclopean",1,86995701,99.99
"46452","cyclorama",1,86995702,99.99
"46453","cyclothymia",1,86995703,99.99
"46454","cyclotron",1,86995704,99.99
"46455","cyclus",1,86995705,99.99
"46456","cymotrichous",1,86995706,99.99
"46457","cynism",1,86995707,99.99
"46458","cystectomy",1,86995708,99.99
"46459","cysticercosis",1,86995709,99.99
"46460","cystine",1,86995710,99.99
"46461","cystoscope",1,86995711,99.99
"46462","cystotomy",1,86995712,99.99
"46463","cytogenetic",1,86995713,99.99
"46464","cytogenetically",1,86995714,99.99
"46465","daalder",1,86995715,99.99
"46466","dacoit",1,86995716,99.99
"46467","daddle",1,86995717,99.99
"46468","daemonic",1,86995718,99.99
"46469","daggle",1,86995719,99.99
"46470","daler",1,86995720,99.99
"46471","dalesman",1,86995721,99.99
"46472","daleswoman",1,86995722,99.99
"46473","dalk",1,86995723,99.99
"46474","dalle",1,86995724,99.99
"46475","dalmatic",1,86995725,99.99
"46476","dalt",1,86995726,99.99
"46477","damiana",1,86995727,99.99
"46478","dampish",1,86995728,99.99
"46479","damply",1,86995729,99.99
"46480","danaide",1,86995730,99.99
"46481","danda",1,86995731,99.99
"46482","dandification",1,86995732,99.99
"46483","dandyish",1,86995733,99.99
"46484","danglin",1,86995734,99.99
"46485","danglingly",1,86995735,99.99
"46486","danio",1,86995736,99.99
"46487","dapperly",1,86995737,99.99
"46488","darat",1,86995738,99.99
"46489","daredevilry",1,86995739,99.99
"46490","dariole",1,86995740,99.99
"46491","darkle",1,86995741,99.99
"46492","dasheen",1,86995742,99.99
"46493","dastur",1,86995743,99.99
"46494","dation",1,86995744,99.99
"46495","dative",1,86995745,99.99
"46496","daughterhood",1,86995746,99.99
"46497","daunton",1,86995747,99.99
"46498","davit",1,86995748,99.99
"46499","dawsonite",1,86995749,99.99
"46500","dayal",1,86995750,99.99
"46501","daydreamy",1,86995751,99.99
"46502","daymare",1,86995752,99.99
"46503","daymark",1,86995753,99.99
"46504","dazedly",1,86995754,99.99
"46505","deadlight",1,86995755,99.99
"46506","deafly",1,86995756,99.99
"46507","deathlessness",1,86995757,99.99
"46508","deathy",1,86995758,99.99
"46509","debark",1,86995759,99.99
"46510","debarkation",1,86995760,99.99
"46511","debauchee",1,86995761,99.99
"46512","debride",1,86995762,99.99
"46513","debunker",1,86995763,99.99
"46514","debus",1,86995764,99.99
"46515","decadency",1,86995765,99.99
"46516","decaffeinate",1,86995766,99.99
"46517","decalcification",1,86995767,99.99
"46518","decane",1,86995768,99.99
"46519","decap",1,86995769,99.99
"46520","decapitator",1,86995770,99.99
"46521","decarbonize",1,86995771,99.99
"46522","decarbonized",1,86995772,99.99
"46523","decate",1,86995773,99.99
"46524","decator",1,86995774,99.99
"46525","decelerator",1,86995775,99.99
"46526","decennia",1,86995776,99.99
"46527","decentralist",1,86995777,99.99
"46528","decentre",1,86995778,99.99
"46529","deceptiveness",1,86995779,99.99
"46530","dechlorination",1,86995780,99.99
"46531","decidua",1,86995781,99.99
"46532","declaim",1,86995782,99.99
"46533","declarant",1,86995783,99.99
"46534","declension",1,86995784,99.99
"46535","decoct",1,86995785,99.99
"46536","decohere",1,86995786,99.99
"46537","decoherence",1,86995787,99.99
"46538","deconcentrate",1,86995788,99.99
"46539","deconsecrate",1,86995789,99.99
"46540","dedition",1,86995790,99.99
"46541","deducible",1,86995791,99.99
"46542","deductively",1,86995792,99.99
"46543","deerberry",1,86995793,99.99
"46544","defalcation",1,86995794,99.99
"46545","defamer",1,86995795,99.99
"46546","defaulter",1,86995796,99.99
"46547","defecant",1,86995797,99.99
"46548","defenselessness",1,86995798,99.99
"46549","deferrable",1,86995799,99.99
"46550","defier",1,86995800,99.99
"46551","deflationist",1,86995801,99.99
"46552","deflator",1,86995802,99.99
"46553","deflex",1,86995803,99.99
"46554","defoliated",1,86995804,99.99
"46555","defrayal",1,86995805,99.99
"46556","degreeless",1,86995806,99.99
"46557","dehiscence",1,86995807,99.99
"46558","dehistoricize",1,86995808,99.99
"46559","dehumidification",1,86995809,99.99
"46560","deific",1,86995810,99.99
"46561","deject",1,86995811,99.99
"46562","dejeuner",1,86995812,99.99
"46563","deknight",1,86995813,99.99
"46564","delaminate",1,86995814,99.99
"46565","delectability",1,86995815,99.99
"46566","delegacy",1,86995816,99.99
"46567","delegator",1,86995817,99.99
"46568","deleteriously",1,86995818,99.99
"46569","deligated",1,86995819,99.99
"46570","delightsomeness",1,86995820,99.99
"46571","delimitation",1,86995821,99.99
"46572","delineator",1,86995822,99.99
"46573","delinquence",1,86995823,99.99
"46574","deliquescence",1,86995824,99.99
"46575","deliriousness",1,86995825,99.99
"46576","demagnetize",1,86995826,99.99
"46577","demagogical",1,86995827,99.99
"46578","demagogy",1,86995828,99.99
"46579","demandable",1,86995829,99.99
"46580","demidog",1,86995830,99.99
"46581","demihuman",1,86995831,99.99
"46582","demilitarize",1,86995832,99.99
"46583","demilune",1,86995833,99.99
"46584","demineralization",1,86995834,99.99
"46585","demission",1,86995835,99.99
"46586","demit",1,86995836,99.99
"46587","democratical",1,86995837,99.99
"46588","democratism",1,86995838,99.99
"46589","demodulator",1,86995839,99.99
"46590","demographical",1,86995840,99.99
"46591","demolisher",1,86995841,99.99
"46592","demoniac",1,86995842,99.99
"46593","demonologist",1,86995843,99.99
"46594","demountable",1,86995844,99.99
"46595","demulcent",1,86995845,99.99
"46596","demurrage",1,86995846,99.99
"46597","denary",1,86995847,99.99
"46598","denaturalization",1,86995848,99.99
"46599","denaturation",1,86995849,99.99
"46600","denature",1,86995850,99.99
"46601","dendric",1,86995851,99.99
"46602","dendrochronologist",1,86995852,99.99
"46603","deniable",1,86995853,99.99
"46604","denitrification",1,86995854,99.99
"46605","dennet",1,86995855,99.99
"46606","denotative",1,86995856,99.99
"46607","denouncement",1,86995857,99.99
"46608","densify",1,86995858,99.99
"46609","densimetrically",1,86995859,99.99
"46610","dentelle",1,86995860,99.99
"46611","dentical",1,86995861,99.99
"46612","denunciatory",1,86995862,99.99
"46613","depa",1,86995863,99.99
"46614","depaint",1,86995864,99.99
"46615","departmentalism",1,86995865,99.99
"46616","depass",1,86995866,99.99
"46617","dependently",1,86995867,99.99
"46618","depeter",1,86995868,99.99
"46619","depicter",1,86995869,99.99
"46620","depictive",1,86995870,99.99
"46621","depilator",1,86995871,99.99
"46622","depilatory",1,86995872,99.99
"46623","deplume",1,86995873,99.99
"46624","depolarization",1,86995874,99.99
"46625","deportee",1,86995875,99.99
"46626","deporter",1,86995876,99.99
"46627","depositional",1,86995877,99.99
"46628","deprave",1,86995878,99.99
"46629","deprecative",1,86995879,99.99
"46630","deprecator",1,86995880,99.99
"46631","depreciative",1,86995881,99.99
"46632","depthless",1,86995882,99.99
"46633","deputyship",1,86995883,99.99
"46634","deracinate",1,86995884,99.99
"46635","derate",1,86995885,99.99
"46636","derisiveness",1,86995886,99.99
"46637","derivational",1,86995887,99.99
"46638","dermestid",1,86995888,99.99
"46639","derogate",1,86995889,99.99
"46640","derogation",1,86995890,99.99
"46641","desacralization",1,86995891,99.99
"46642","descant",1,86995892,99.99
"46643","descender",1,86995893,99.99
"46644","describer",1,86995894,99.99
"46645","descry",1,86995895,99.99
"46646","deseed",1,86995896,99.99
"46647","deservedness",1,86995897,99.99
"46648","deservingness",1,86995898,99.99
"46649","desideratum",1,86995899,99.99
"46650","desilver",1,86995900,99.99
"46651","desirably",1,86995901,99.99
"46652","desklike",1,86995902,99.99
"46653","desman",1,86995903,99.99
"46654","desolateness",1,86995904,99.99
"46655","despairingly",1,86995905,99.99
"46656","despiteful",1,86995906,99.99
"46657","despoilment",1,86995907,99.99
"46658","despoliation",1,86995908,99.99
"46659","despondence",1,86995909,99.99
"46660","desquamation",1,86995910,99.99
"46661","desuetude",1,86995911,99.99
"46662","desultorily",1,86995912,99.99
"46663","desultoriness",1,86995913,99.99
"46664","detectability",1,86995914,99.99
"46665","detectably",1,86995915,99.99
"46666","determent",1,86995916,99.99
"46667","determinator",1,86995917,99.99
"46668","detestability",1,86995918,99.99
"46669","detestably",1,86995919,99.99
"46670","detester",1,86995920,99.99
"46671","detoxicant",1,86995921,99.99
"46672","detune",1,86995922,99.99
"46673","deul",1,86995923,99.99
"46674","devall",1,86995924,99.99
"46675","devaluate",1,86995925,99.99
"46676","deviationism",1,86995926,99.99
"46677","deviatory",1,86995927,99.99
"46678","deviling",1,86995928,99.99
"46679","devilishness",1,86995929,99.99
"46680","devitrification",1,86995930,99.99
"46681","devoir",1,86995931,99.99
"46682","devolutionary",1,86995932,99.99
"46683","devotionally",1,86995933,99.99
"46684","devoutness",1,86995934,99.99
"46685","dewiness",1,86995935,99.99
"46686","dewlap",1,86995936,99.99
"46687","dextro",1,86995937,99.99
"46688","dextrocardia",1,86995938,99.99
"46689","dextrously",1,86995939,99.99
"46690","dharana",1,86995940,99.99
"46691","diablerie",1,86995941,99.99
"46692","diabolism",1,86995942,99.99
"46693","diacritic",1,86995943,99.99
"46694","dialectal",1,86995944,99.99
"46695","dialectician",1,86995945,99.99
"46696","diametrical",1,86995946,99.99
"46697","diammonium",1,86995947,99.99
"46698","diamondize",1,86995948,99.99
"46699","diaphoretic",1,86995949,99.99
"46700","diapsid",1,86995950,99.99
"46701","diarize",1,86995951,99.99
"46702","diathesis",1,86995952,99.99
"46703","diatom",1,86995953,99.99
"46704","diaulos",1,86995954,99.99
"46705","dibber",1,86995955,99.99
"46706","dicastery",1,86995956,99.99
"46707","dichotic",1,86995957,99.99
"46708","dichotomic",1,86995958,99.99
"46709","dichotomize",1,86995959,99.99
"46710","dichroic",1,86995960,99.99
"46711","dictatorially",1,86995961,99.99
"46712","diddler",1,86995962,99.99
"46713","didie",1,86995963,99.99
"46714","dier",1,86995964,99.99
"46715","differentness",1,86995965,99.99
"46716","diffract",1,86995966,99.99
"46717","diffusive",1,86995967,99.99
"46718","diffusor",1,86995968,99.99
"46719","digitalization",1,86995969,99.99
"46720","digitus",1,86995970,99.99
"46721","diglot",1,86995971,99.99
"46722","dihydrogen",1,86995972,99.99
"46723","dilettantism",1,86995973,99.99
"46724","dilling",1,86995974,99.99
"46725","dillydally",1,86995975,99.99
"46726","dilutive",1,86995976,99.99
"46727","dimensioned",1,86995977,99.99
"46728","dingily",1,86995978,99.99
"46729","dingly",1,86995979,99.99
"46730","dinic",1,86995980,99.99
"46731","dinitrotoluene",1,86995981,99.99
"46732","dinnerless",1,86995982,99.99
"46733","dinoflagellate",1,86995983,99.99
"46734","dioecious",1,86995984,99.99
"46735","dioxane",1,86995985,99.99
"46736","diphenyl",1,86995986,99.99
"46737","diplegia",1,86995987,99.99
"46738","diplomatize",1,86995988,99.99
"46739","dipsomania",1,86995989,99.99
"46740","dipteral",1,86995990,99.99
"46741","dird",1,86995991,99.99
"46742","directorially",1,86995992,99.99
"46743","directress",1,86995993,99.99
"46744","dirgelike",1,86995994,99.99
"46745","disaccord",1,86995995,99.99
"46746","disaggregation",1,86995996,99.99
"46747","disagreeably",1,86995997,99.99
"46748","disappointer",1,86995998,99.99
"46749","disbandment",1,86995999,99.99
"46750","disbeliever",1,86996000,99.99
"46751","discarnate",1,86996001,99.99
"46752","discerningly",1,86996002,99.99
"46753","discharger",1,86996003,99.99
"46754","discloser",1,86996004,99.99
"46755","discomfit",1,86996005,99.99
"46756","discomfortingly",1,86996006,99.99
"46757","disconcertedly",1,86996007,99.99
"46758","disconcertment",1,86996008,99.99
"46759","discontentedness",1,86996009,99.99
"46760","discontinuance",1,86996010,99.99
"46761","discourager",1,86996011,99.99
"46762","discourteously",1,86996012,99.99
"46763","discourtesy",1,86996013,99.99
"46764","discreetness",1,86996014,99.99
"46765","discriminately",1,86996015,99.99
"46766","discussable",1,86996016,99.99
"46767","discussible",1,86996017,99.99
"46768","discussive",1,86996018,99.99
"46769","disembarkment",1,86996019,99.99
"46770","disembodiment",1,86996020,99.99
"46771","disenchant",1,86996021,99.99
"46772","disencumber",1,86996022,99.99
"46773","disfellowship",1,86996023,99.99
"46774","disfigure",1,86996024,99.99
"46775","disgruntle",1,86996025,99.99
"46776","dishevelment",1,86996026,99.99
"46777","dishpan",1,86996027,99.99
"46778","disinfector",1,86996028,99.99
"46779","disingenuity",1,86996029,99.99
"46780","disinheritance",1,86996030,99.99
"46781","disintegrous",1,86996031,99.99
"46782","disinter",1,86996032,99.99
"46783","disjoin",1,86996033,99.99
"46784","disjointedly",1,86996034,99.99
"46785","disjunct",1,86996035,99.99
"46786","dislikable",1,86996036,99.99
"46787","dislocatedness",1,86996037,99.99
"46788","dislodgement",1,86996038,99.99
"46789","dismantlement",1,86996039,99.99
"46790","dismissible",1,86996040,99.99
"46791","disobliging",1,86996041,99.99
"46792","disorderliness",1,86996042,99.99
"46793","disorganizer",1,86996043,99.99
"46794","dispensatory",1,86996044,99.99
"46795","dispersive",1,86996045,99.99
"46796","dispiritedness",1,86996046,99.99
"46797","dispiritingly",1,86996047,99.99
"46798","disport",1,86996048,99.99
"46799","disproof",1,86996049,99.99
"46800","disputatious",1,86996050,99.99
"46801","disputatiousness",1,86996051,99.99
"46802","disputer",1,86996052,99.99
"46803","disquietly",1,86996053,99.99
"46804","disruptiveness",1,86996054,99.99
"46805","dissertate",1,86996055,99.99
"46806","dissertator",1,86996056,99.99
"46807","dissolutionist",1,86996057,99.99
"46808","dissolvable",1,86996058,99.99
"46809","dissuasion",1,86996059,99.99
"46810","distorter",1,86996060,99.99
"46811","distortional",1,86996061,99.99
"46812","distortive",1,86996062,99.99
"46813","distracter",1,86996063,99.99
"46814","distrait",1,86996064,99.99
"46815","distressful",1,86996065,99.99
"46816","distrustfully",1,86996066,99.99
"46817","disturber",1,86996067,99.99
"46818","disulphide",1,86996068,99.99
"46819","ditchbank",1,86996069,99.99
"46820","dite",1,86996070,99.99
"46821","divagation",1,86996071,99.99
"46822","diversional",1,86996072,99.99
"46823","diverticular",1,86996073,99.99
"46824","diverticulosis",1,86996074,99.99
"46825","diverticulum",1,86996075,99.99
"46826","divinization",1,86996076,99.99
"46827","divisionist",1,86996077,99.99
"46828","divorcer",1,86996078,99.99
"46829","divus",1,86996079,99.99
"46830","dockage",1,86996080,99.99
"46831","docker",1,86996081,99.99
"46832","dockhead",1,86996082,99.99
"46833","dockland",1,86996083,99.99
"46834","dockmaster",1,86996084,99.99
"46835","doctorally",1,86996085,99.99
"46836","doctorial",1,86996086,99.99
"46837","doctrinary",1,86996087,99.99
"46838","doddered",1,86996088,99.99
"46839","doggishness",1,86996089,99.99
"46840","doggoned",1,86996090,99.99
"46841","doghood",1,86996091,99.99
"46842","dogmatical",1,86996092,99.99
"46843","dogmatization",1,86996093,99.99
"46844","dogy",1,86996094,99.99
"46845","doldrum",1,86996095,99.99
"46846","dolefulness",1,86996096,99.99
"46847","dolent",1,86996097,99.99
"46848","dolerite",1,86996098,99.99
"46849","dolmen",1,86996099,99.99
"46850","domesday",1,86996100,99.99
"46851","domiciliary",1,86996101,99.99
"46852","dominionist",1,86996102,99.99
"46853","dominium",1,86996103,99.99
"46854","domy",1,86996104,99.99
"46855","donax",1,86996105,99.99
"46856","doney",1,86996106,99.99
"46857","donnish",1,86996107,99.99
"46858","dooly",1,86996108,99.99
"46859","doorplate",1,86996109,99.99
"46860","dopper",1,86996110,99.99
"46861","dormered",1,86996111,99.99
"46862","dorty",1,86996112,99.99
"46863","dottily",1,86996113,99.99
"46864","doubleganger",1,86996114,99.99
"46865","doublets",1,86996115,99.99
"46866","doubtably",1,86996116,99.99
"46867","doubtfulness",1,86996117,99.99
"46868","doubtingly",1,86996118,99.99
"46869","dovelike",1,86996119,99.99
"46870","dowdyism",1,86996120,99.99
"46871","dowery",1,86996121,99.99
"46872","downdale",1,86996122,99.99
"46873","downpouring",1,86996123,99.99
"46874","downrightly",1,86996124,99.99
"46875","doxastic",1,86996125,99.99
"46876","dozily",1,86996126,99.99
"46877","draconic",1,86996127,99.99
"46878","dracunculus",1,86996128,99.99
"46879","draftiness",1,86996129,99.99
"46880","draftswoman",1,86996130,99.99
"46881","dragonfish",1,86996131,99.99
"46882","draintile",1,86996132,99.99
"46883","draisine",1,86996133,99.99
"46884","dramaturgical",1,86996134,99.99
"46885","drapetomania",1,86996135,99.99
"46886","drawbore",1,86996136,99.99
"46887","drawee",1,86996137,99.99
"46888","dreader",1,86996138,99.99
"46889","dreadfulness",1,86996139,99.99
"46890","dreadly",1,86996140,99.99
"46891","dreaminess",1,86996141,99.99
"46892","dreamish",1,86996142,99.99
"46893","dreamlessness",1,86996143,99.99
"46894","drearily",1,86996144,99.99
"46895","dressiness",1,86996145,99.99
"46896","drifty",1,86996146,99.99
"46897","drollery",1,86996147,99.99
"46898","dromos",1,86996148,99.99
"46899","drongo",1,86996149,99.99
"46900","drony",1,86996150,99.99
"46901","dropt",1,86996151,99.99
"46902","drosky",1,86996152,99.99
"46903","droughty",1,86996153,99.99
"46904","drub",1,86996154,99.99
"46905","drugless",1,86996155,99.99
"46906","druidical",1,86996156,99.99
"46907","druidism",1,86996157,99.99
"46908","drumfire",1,86996158,99.99
"46909","drumhead",1,86996159,99.99
"46910","drumheads",1,86996160,99.99
"46911","drumlike",1,86996161,99.99
"46912","drumlin",1,86996162,99.99
"46913","drummy",1,86996163,99.99
"46914","drung",1,86996164,99.99
"46915","drusy",1,86996165,99.99
"46916","dryas",1,86996166,99.99
"46917","dualistically",1,86996167,99.99
"46918","dualogue",1,86996168,99.99
"46919","dubber",1,86996169,99.99
"46920","ducat",1,86996170,99.99
"46921","ducato",1,86996171,99.99
"46922","duckbill",1,86996172,99.99
"46923","ducker",1,86996173,99.99
"46924","duckhouse",1,86996174,99.99
"46925","ductile",1,86996175,99.99
"46926","dudman",1,86996176,99.99
"46927","dueler",1,86996177,99.99
"46928","dugal",1,86996178,99.99
"46929","duiker",1,86996179,99.99
"46930","dulia",1,86996180,99.99
"46931","dullish",1,86996181,99.99
"46932","dumpage",1,86996182,99.99
"46933","dunghill",1,86996183,99.99
"46934","dunnage",1,86996184,99.99
"46935","dunnock",1,86996185,99.99
"46936","duodenal",1,86996186,99.99
"46937","duodene",1,86996187,99.99
"46938","duotone",1,86996188,99.99
"46939","dupery",1,86996189,99.99
"46940","duplicable",1,86996190,99.99
"46941","duppy",1,86996191,99.99
"46942","durrin",1,86996192,99.99
"46943","durry",1,86996193,99.99
"46944","dustee",1,86996194,99.99
"46945","dyeable",1,86996195,99.99
"46946","dyestuff",1,86996196,99.99
"46947","dynamis",1,86996197,99.99
"46948","dynamiter",1,86996198,99.99
"46949","dysgraphia",1,86996199,99.99
"46950","dyspeptically",1,86996200,99.99
"46951","dyspnea",1,86996201,99.99
"46952","dystocia",1,86996202,99.99
"46953","dystrophic",1,86996203,99.99
"46954","dysuria",1,86996204,99.99
"46955","earthed",1,86996205,99.99
"46956","earthless",1,86996206,99.99
"46957","earthlike",1,86996207,99.99
"46958","earthshine",1,86996208,99.99
"46959","earwitness",1,86996209,99.99
"46960","ebonite",1,86996210,99.99
"46961","ebulliently",1,86996211,99.99
"46962","ebulliometer",1,86996212,99.99
"46963","ecclesiastics",1,86996213,99.99
"46964","ecclesiological",1,86996214,99.99
"46965","echoer",1,86996215,99.99
"46966","echolalia",1,86996216,99.99
"46967","echolalic",1,86996217,99.99
"46968","eclamptic",1,86996218,99.99
"46969","ecologic",1,86996219,99.99
"46970","econometrician",1,86996220,99.99
"46971","econometrics",1,86996221,99.99
"46972","economism",1,86996222,99.99
"46973","economizer",1,86996223,99.99
"46974","ecotone",1,86996224,99.99
"46975","ecstasis",1,86996225,99.99
"46976","ectopia",1,86996226,99.99
"46977","ecumenically",1,86996227,99.99
"46978","edgeways",1,86996228,99.99
"46979","edifier",1,86996229,99.99
"46980","editress",1,86996230,99.99
"46981","educationalist",1,86996231,99.99
"46982","educationist",1,86996232,99.99
"46983","eelgrass",1,86996233,99.99
"46984","effectuation",1,86996234,99.99
"46985","effendi",1,86996235,99.99
"46986","efferent",1,86996236,99.99
"46987","effeteness",1,86996237,99.99
"46988","effluence",1,86996238,99.99
"46989","effulgent",1,86996239,99.99
"46990","effuse",1,86996240,99.99
"46991","effusiveness",1,86996241,99.99
"46992","eftsoons",1,86996242,99.99
"46993","eggcup",1,86996243,99.99
"46994","egoistical",1,86996244,99.99
"46995","egol",1,86996245,99.99
"46996","egregiousness",1,86996246,99.99
"46997","eider",1,86996247,99.99
"46998","eightieth",1,86996248,99.99
"46999","eisegetical",1,86996249,99.99
"47000","elastically",1,86996250,99.99
"47001","elasticizer",1,86996251,99.99
"47002","elastomer",1,86996252,99.99
"47003","elastomeric",1,86996253,99.99
"47004","elbowroom",1,86996254,99.99
"47005","elbowy",1,86996255,99.99
"47006","elding",1,86996256,99.99
"47007","electively",1,86996257,99.99
"47008","electorial",1,86996258,99.99
"47009","electricalness",1,86996259,99.99
"47010","electrocardiograph",1,86996260,99.99
"47011","electrochemistry",1,86996261,99.99
"47012","electroculture",1,86996262,99.99
"47013","electroencephalogram",1,86996263,99.99
"47014","electrology",1,86996264,99.99
"47015","electroluminescent",1,86996265,99.99
"47016","electroplating",1,86996266,99.99
"47017","electrostatic",1,86996267,99.99
"47018","electrostatically",1,86996268,99.99
"47019","electrotherapy",1,86996269,99.99
"47020","elenctic",1,86996270,99.99
"47021","elfland",1,86996271,99.99
"47022","eliminative",1,86996272,99.99
"47023","elkwood",1,86996273,99.99
"47024","ellipsoidal",1,86996274,99.99
"47025","elliptic",1,86996275,99.99
"47026","eloge",1,86996276,99.99
"47027","elseways",1,86996277,99.99
"47028","elsewheres",1,86996278,99.99
"47029","elvan",1,86996279,99.99
"47030","elver",1,86996280,99.99
"47031","emanative",1,86996281,99.99
"47032","emancipationist",1,86996282,99.99
"47033","embar",1,86996283,99.99
"47034","embellisher",1,86996284,99.99
"47035","embitterment",1,86996285,99.99
"47036","emblaze",1,86996286,99.99
"47037","emblematically",1,86996287,99.99
"47038","embracer",1,86996288,99.99
"47039","embryological",1,86996289,99.99
"47040","emergently",1,86996290,99.99
"47041","emigree",1,86996291,99.99
"47042","emmenagogic",1,86996292,99.99
"47043","emmenagogue",1,86996293,99.99
"47044","emotionalize",1,86996294,99.99
"47045","emperorship",1,86996295,99.99
"47046","empery",1,86996296,99.99
"47047","empyreal",1,86996297,99.99
"47048","emulative",1,86996298,99.99
"47049","emulsifier",1,86996299,99.99
"47050","enam",1,86996300,99.99
"47051","enamor",1,86996301,99.99
"47052","enchain",1,86996302,99.99
"47053","encrust",1,86996303,99.99
"47054","encyclopediast",1,86996304,99.99
"47055","encyclopedically",1,86996305,99.99
"47056","endocrinological",1,86996306,99.99
"47057","endodontic",1,86996307,99.99
"47058","endometrium",1,86996308,99.99
"47059","endomorph",1,86996309,99.99
"47060","endomysium",1,86996310,99.99
"47061","endore",1,86996311,99.99
"47062","endorsingly",1,86996312,99.99
"47063","endue",1,86996313,99.99
"47064","enduringness",1,86996314,99.99
"47065","endwise",1,86996315,99.99
"47066","energetics",1,86996316,99.99
"47067","enervate",1,86996317,99.99
"47068","enervation",1,86996318,99.99
"47069","eneuch",1,86996319,99.99
"47070","enfeeblement",1,86996320,99.99
"47071","enflesh",1,86996321,99.99
"47072","enforcible",1,86996322,99.99
"47073","engagedly",1,86996323,99.99
"47074","engager",1,86996324,99.99
"47075","engineless",1,86996325,99.99
"47076","engineman",1,86996326,99.99
"47077","enginery",1,86996327,99.99
"47078","englad",1,86996328,99.99
"47079","engrossment",1,86996329,99.99
"47080","engulfment",1,86996330,99.99
"47081","enigmatical",1,86996331,99.99
"47082","enigmatology",1,86996332,99.99
"47083","enjambment",1,86996333,99.99
"47084","enkindle",1,86996334,99.99
"47085","enlargeable",1,86996335,99.99
"47086","enmass",1,86996336,99.99
"47087","enneagon",1,86996337,99.99
"47088","enol",1,86996338,99.99
"47089","enormousness",1,86996339,99.99
"47090","enrober",1,86996340,99.99
"47091","ensanguine",1,86996341,99.99
"47092","ensnarer",1,86996342,99.99
"47093","entelechy",1,86996343,99.99
"47094","enteritis",1,86996344,99.99
"47095","enterology",1,86996345,99.99
"47096","enterpriser",1,86996346,99.99
"47097","enthral",1,86996347,99.99
"47098","enthrallment",1,86996348,99.99
"47099","entireness",1,86996349,99.99
"47100","entrainment",1,86996350,99.99
"47101","entrancement",1,86996351,99.99
"47102","entrancingly",1,86996352,99.99
"47103","entrustment",1,86996353,99.99
"47104","entwinement",1,86996354,99.99
"47105","enucleation",1,86996355,99.99
"47106","enumerable",1,86996356,99.99
"47107","enveloper",1,86996357,99.99
"47108","envelopment",1,86996358,99.99
"47109","enwrap",1,86996359,99.99
"47110","enwrought",1,86996360,99.99
"47111","enzootic",1,86996361,99.99
"47112","epaulet",1,86996362,99.99
"47113","ephemerally",1,86996363,99.99
"47114","epicene",1,86996364,99.99
"47115","epicentral",1,86996365,99.99
"47116","epicentrum",1,86996366,99.99
"47117","epiclesis",1,86996367,99.99
"47118","epididymis",1,86996368,99.99
"47119","epididymitis",1,86996369,99.99
"47120","epididymovasostomy",1,86996370,99.99
"47121","epigastric",1,86996371,99.99
"47122","epigene",1,86996372,99.99
"47123","epigone",1,86996373,99.99
"47124","epigraphic",1,86996374,99.99
"47125","epilate",1,86996375,99.99
"47126","epilation",1,86996376,99.99
"47127","epiphenomenalism",1,86996377,99.99
"47128","epiphenomenon",1,86996378,99.99
"47129","epiphora",1,86996379,99.99
"47130","episcleritis",1,86996380,99.99
"47131","episcopate",1,86996381,99.99
"47132","epistaxis",1,86996382,99.99
"47133","epistemologist",1,86996383,99.99
"47134","epithalamion",1,86996384,99.99
"47135","epithelium",1,86996385,99.99
"47136","epizeuxis",1,86996386,99.99
"47137","epos",1,86996387,99.99
"47138","equalist",1,86996388,99.99
"47139","equalitarian",1,86996389,99.99
"47140","equalitarianism",1,86996390,99.99
"47141","equational",1,86996391,99.99
"47142","equid",1,86996392,99.99
"47143","equilibria",1,86996393,99.99
"47144","equimolar",1,86996394,99.99
"47145","equipper",1,86996395,99.99
"47146","equites",1,86996396,99.99
"47147","equivocator",1,86996397,99.99
"47148","equivoque",1,86996398,99.99
"47149","erade",1,86996399,99.99
"47150","eradicator",1,86996400,99.99
"47151","erbium",1,86996401,99.99
"47152","erectness",1,86996402,99.99
"47153","eremitic",1,86996403,99.99
"47154","erewhile",1,86996404,99.99
"47155","ergot",1,86996405,99.99
"47156","erotical",1,86996406,99.99
"47157","errancy",1,86996407,99.99
"47158","erraticness",1,86996408,99.99
"47159","erratum",1,86996409,99.99
"47160","erroneousness",1,86996410,99.99
"47161","erysipelas",1,86996411,99.99
"47162","erythematous",1,86996412,99.99
"47163","erythrocyte",1,86996413,99.99
"47164","erythromelalgia",1,86996414,99.99
"47165","eschalot",1,86996415,99.99
"47166","escheat",1,86996416,99.99
"47167","eschewal",1,86996417,99.99
"47168","escoba",1,86996418,99.99
"47169","escutcheon",1,86996419,99.99
"47170","esoterical",1,86996420,99.99
"47171","esoterically",1,86996421,99.99
"47172","esoterism",1,86996422,99.99
"47173","esotrope",1,86996423,99.99
"47174","esperance",1,86996424,99.99
"47175","espinal",1,86996425,99.99
"47176","essayer",1,86996426,99.99
"47177","essayistic",1,86996427,99.99
"47178","essentia",1,86996428,99.99
"47179","essentialize",1,86996429,99.99
"47180","estacade",1,86996430,99.99
"47181","estop",1,86996431,99.99
"47182","estovers",1,86996432,99.99
"47183","estrade",1,86996433,99.99
"47184","estre",1,86996434,99.99
"47185","estriol",1,86996435,99.99
"47186","estrogenic",1,86996436,99.99
"47187","estrous",1,86996437,99.99
"47188","eternalize",1,86996438,99.99
"47189","ethnobotanist",1,86996439,99.99
"47190","ethnobotany",1,86996440,99.99
"47191","ethnographical",1,86996441,99.99
"47192","etymologicon",1,86996442,99.99
"47193","etymologist",1,86996443,99.99
"47194","eulachon",1,86996444,99.99
"47195","euonym",1,86996445,99.99
"47196","euphemize",1,86996446,99.99
"47197","eurobin",1,86996447,99.99
"47198","evader",1,86996448,99.99
"47199","evanesce",1,86996449,99.99
"47200","evangeliary",1,86996450,99.99
"47201","evangelizer",1,86996451,99.99
"47202","evanishment",1,86996452,99.99
"47203","evasively",1,86996453,99.99
"47204","eventfulness",1,86996454,99.99
"47205","eventime",1,86996455,99.99
"47206","eventless",1,86996456,99.99
"47207","everbearing",1,86996457,99.99
"47208","everglade",1,86996458,99.99
"47209","everliving",1,86996459,99.99
"47210","everylike",1,86996460,99.99
"47211","evictor",1,86996461,99.99
"47212","evildoer",1,86996462,99.99
"47213","evoe",1,86996463,99.99
"47214","evolutionism",1,86996464,99.99
"47215","evolver",1,86996465,99.99
"47216","ewer",1,86996466,99.99
"47217","exactingly",1,86996467,99.99
"47218","exaction",1,86996468,99.99
"47219","exaggeratedly",1,86996469,99.99
"47220","exaggerative",1,86996470,99.99
"47221","exaggerator",1,86996471,99.99
"47222","examinee",1,86996472,99.99
"47223","exanimate",1,86996473,99.99
"47224","exasperatingly",1,86996474,99.99
"47225","excentric",1,86996475,99.99
"47226","exceptionality",1,86996476,99.99
"47227","excitedness",1,86996477,99.99
"47228","excludable",1,86996478,99.99
"47229","exclusionist",1,86996479,99.99
"47230","excremental",1,86996480,99.99
"47231","exculpable",1,86996481,99.99
"47232","exculpation",1,86996482,99.99
"47233","excuss",1,86996483,99.99
"47234","executional",1,86996484,99.99
"47235","executionist",1,86996485,99.99
"47236","executory",1,86996486,99.99
"47237","exegetically",1,86996487,99.99
"47238","exhaustedly",1,86996488,99.99
"47239","exhaustless",1,86996489,99.99
"47240","exhibitionistic",1,86996490,99.99
"47241","exhilarate",1,86996491,99.99
"47242","exhilaratingly",1,86996492,99.99
"47243","exhortative",1,86996493,99.99
"47244","exhorter",1,86996494,99.99
"47245","exigency",1,86996495,99.99
"47246","exigible",1,86996496,99.99
"47247","exiguity",1,86996497,99.99
"47248","exilarch",1,86996498,99.99
"47249","exite",1,86996499,99.99
"47250","exitus",1,86996500,99.99
"47251","exothermal",1,86996501,99.99
"47252","exothermic",1,86996502,99.99
"47253","exoticness",1,86996503,99.99
"47254","expatiate",1,86996504,99.99
"47255","expectance",1,86996505,99.99
"47256","expectorant",1,86996506,99.99
"47257","expectorate",1,86996507,99.99
"47258","expediate",1,86996508,99.99
"47259","expediter",1,86996509,99.99
"47260","expellant",1,86996510,99.99
"47261","expendability",1,86996511,99.99
"47262","explicitness",1,86996512,99.99
"47263","explorable",1,86996513,99.99
"47264","exponentiation",1,86996514,99.99
"47265","exposit",1,86996515,99.99
"47266","expositionary",1,86996516,99.99
"47267","expostulating",1,86996517,99.99
"47268","expressible",1,86996518,99.99
"47269","expressivism",1,86996519,99.99
"47270","expurgation",1,86996520,99.99
"47271","exsanguination",1,86996521,99.99
"47272","extempore",1,86996522,99.99
"47273","extendible",1,86996523,99.99
"47274","extensional",1,86996524,99.99
"47275","extenuate",1,86996525,99.99
"47276","extenuation",1,86996526,99.99
"47277","extenuative",1,86996527,99.99
"47278","exteriorly",1,86996528,99.99
"47279","externalist",1,86996529,99.99
"47280","extorter",1,86996530,99.99
"47281","extortive",1,86996531,99.99
"47282","extracanonical",1,86996532,99.99
"47283","extractable",1,86996533,99.99
"47284","extradural",1,86996534,99.99
"47285","extramural",1,86996535,99.99
"47286","extramusical",1,86996536,99.99
"47287","extraordinariness",1,86996537,99.99
"47288","extrapleural",1,86996538,99.99
"47289","extratropical",1,86996539,99.99
"47290","extrauterine",1,86996540,99.99
"47291","extremeness",1,86996541,99.99
"47292","exudative",1,86996542,99.99
"47293","exultet",1,86996543,99.99
"47294","eyah",1,86996544,99.99
"47295","eyebolt",1,86996545,99.99
"47296","eyelight",1,86996546,99.99
"47297","eyen",1,86996547,99.99
"47298","eyesalve",1,86996548,99.99
"47299","eyeservice",1,86996549,99.99
"47300","eyestalk",1,86996550,99.99
"47301","fableland",1,86996551,99.99
"47302","facetiae",1,86996552,99.99
"47303","facetiousness",1,86996553,99.99
"47304","facia",1,86996554,99.99
"47305","factitious",1,86996555,99.99
"47306","factrix",1,86996556,99.99
"47307","factualness",1,86996557,99.99
"47308","factum",1,86996558,99.99
"47309","facture",1,86996559,99.99
"47310","faddle",1,86996560,99.99
"47311","fadedness",1,86996561,99.99
"47312","faience",1,86996562,99.99
"47313","faintheartedness",1,86996563,99.99
"47314","fainty",1,86996564,99.99
"47315","fairtime",1,86996565,99.99
"47316","fairwater",1,86996566,99.99
"47317","fairydom",1,86996567,99.99
"47318","faithlessly",1,86996568,99.99
"47319","fakement",1,86996569,99.99
"47320","falchion",1,86996570,99.99
"47321","falciparum",1,86996571,99.99
"47322","fallaway",1,86996572,99.99
"47323","fallibly",1,86996573,99.99
"47324","falltime",1,86996574,99.99
"47325","falsehearted",1,86996575,99.99
"47326","fameless",1,86996576,99.99
"47327","famish",1,86996577,99.99
"47328","fana",1,86996578,99.99
"47329","fancywork",1,86996579,99.99
"47330","fandangle",1,86996580,99.99
"47331","fangless",1,86996581,99.99
"47332","fangy",1,86996582,99.99
"47333","fantasie",1,86996583,99.99
"47334","fantast",1,86996584,99.99
"47335","farad",1,86996585,99.99
"47336","fardel",1,86996586,99.99
"47337","farfel",1,86996587,99.99
"47338","farmhousey",1,86996588,99.99
"47339","farmsteading",1,86996589,99.99
"47340","farse",1,86996590,99.99
"47341","farseeing",1,86996591,99.99
"47342","fascicle",1,86996592,99.99
"47343","fascinatedly",1,86996593,99.99
"47344","fashionability",1,86996594,99.99
"47345","fastness",1,86996595,99.99
"47346","fatalistically",1,86996596,99.99
"47347","fatless",1,86996597,99.99
"47348","fatsia",1,86996598,99.99
"47349","fatuity",1,86996599,99.99
"47350","fatwood",1,86996600,99.99
"47351","faulter",1,86996601,99.99
"47352","faunal",1,86996602,99.99
"47353","fause",1,86996603,99.99
"47354","fearsomeness",1,86996604,99.99
"47355","featherbrained",1,86996605,99.99
"47356","feathertop",1,86996606,99.99
"47357","febrifuge",1,86996607,99.99
"47358","fecklessly",1,86996608,99.99
"47359","federalization",1,86996609,99.99
"47360","federalize",1,86996610,99.99
"47361","feedstuff",1,86996611,99.99
"47362","feelable",1,86996612,99.99
"47363","feelingly",1,86996613,99.99
"47364","feetless",1,86996614,99.99
"47365","feil",1,86996615,99.99
"47366","felinely",1,86996616,99.99
"47367","fellen",1,86996617,99.99
"47368","feltmaker",1,86996618,99.99
"47369","felucca",1,86996619,99.99
"47370","feminie",1,86996620,99.99
"47371","feminin",1,86996621,99.99
"47372","feminineness",1,86996622,99.99
"47373","fendy",1,86996623,99.99
"47374","fenland",1,86996624,99.99
"47375","fermentability",1,86996625,99.99
"47376","fernlike",1,86996626,99.99
"47377","ferreter",1,86996627,99.99
"47378","ferrety",1,86996628,99.99
"47379","ferricyanide",1,86996629,99.99
"47380","ferroconcrete",1,86996630,99.99
"47381","ferromagnetic",1,86996631,99.99
"47382","ferrule",1,86996632,99.99
"47383","ferryhouse",1,86996633,99.99
"47384","ferule",1,86996634,99.99
"47385","fetlock",1,86996635,99.99
"47386","feudality",1,86996636,99.99
"47387","feudalization",1,86996637,99.99
"47388","fewness",1,86996638,99.99
"47389","fiacre",1,86996639,99.99
"47390","fibrocartilage",1,86996640,99.99
"47391","fibrocystic",1,86996641,99.99
"47392","fibrosarcoma",1,86996642,99.99
"47393","fibster",1,86996643,99.99
"47394","fictionization",1,86996644,99.99
"47395","fictitiously",1,86996645,99.99
"47396","fiddleback",1,86996646,99.99
"47397","fiddledeedee",1,86996647,99.99
"47398","fiducia",1,86996648,99.99
"47399","fiducial",1,86996649,99.99
"47400","fiducially",1,86996650,99.99
"47401","fieldman",1,86996651,99.99
"47402","fieldy",1,86996652,99.99
"47403","fiendishness",1,86996653,99.99
"47404","fieriness",1,86996654,99.99
"47405","figwort",1,86996655,99.99
"47406","filarial",1,86996656,99.99
"47407","filching",1,86996657,99.99
"47408","filibusterer",1,86996658,99.99
"47409","filicide",1,86996659,99.99
"47410","filminess",1,86996660,99.99
"47411","filterable",1,86996661,99.99
"47412","filtrate",1,86996662,99.99
"47413","finespun",1,86996663,99.99
"47414","fingerlike",1,86996664,99.99
"47415","finishable",1,86996665,99.99
"47416","finity",1,86996666,99.99
"47417","fireback",1,86996667,99.99
"47418","fireboy",1,86996668,99.99
"47419","fireburn",1,86996669,99.99
"47420","firecrest",1,86996670,99.99
"47421","firefall",1,86996671,99.99
"47422","firelit",1,86996672,99.99
"47423","firelock",1,86996673,99.99
"47424","firesafe",1,86996674,99.99
"47425","firetrap",1,86996675,99.99
"47426","firring",1,86996676,99.99
"47427","fishbed",1,86996677,99.99
"47428","fisherboy",1,86996678,99.99
"47429","fishergirl",1,86996679,99.99
"47430","fisherwoman",1,86996680,99.99
"47431","fishful",1,86996681,99.99
"47432","fishiness",1,86996682,99.99
"47433","fishless",1,86996683,99.99
"47434","fishmouth",1,86996684,99.99
"47435","fishwoman",1,86996685,99.99
"47436","fistic",1,86996686,99.99
"47437","fisty",1,86996687,99.99
"47438","fitfulness",1,86996688,99.99
"47439","fitten",1,86996689,99.99
"47440","fizgig",1,86996690,99.99
"47441","flabbergast",1,86996691,99.99
"47442","flaccidity",1,86996692,99.99
"47443","flagman",1,86996693,99.99
"47444","flamant",1,86996694,99.99
"47445","flamb",1,86996695,99.99
"47446","flamboyancy",1,86996696,99.99
"47447","flanneled",1,86996697,99.99
"47448","flapdragon",1,86996698,99.99
"47449","flapperdom",1,86996699,99.99
"47450","flashily",1,86996700,99.99
"47451","flashly",1,86996701,99.99
"47452","flatbottom",1,86996702,99.99
"47453","flatcar",1,86996703,99.99
"47454","flated",1,86996704,99.99
"47455","flatfish",1,86996705,99.99
"47456","flattener",1,86996706,99.99
"47457","flatterer",1,86996707,99.99
"47458","flatus",1,86996708,99.99
"47459","flavedo",1,86996709,99.99
"47460","flaxy",1,86996710,99.99
"47461","fleay",1,86996711,99.99
"47462","flechette",1,86996712,99.99
"47463","flecky",1,86996713,99.99
"47464","flection",1,86996714,99.99
"47465","fleering",1,86996715,99.99
"47466","flense",1,86996716,99.99
"47467","fleshiness",1,86996717,99.99
"47468","fleuret",1,86996718,99.99
"47469","flibbertigibbet",1,86996719,99.99
"47470","flickertail",1,86996720,99.99
"47471","flicky",1,86996721,99.99
"47472","flighter",1,86996722,99.99
"47473","flightful",1,86996723,99.99
"47474","flightiness",1,86996724,99.99
"47475","flighting",1,86996725,99.99
"47476","flimflammery",1,86996726,99.99
"47477","flimsiness",1,86996727,99.99
"47478","flinger",1,86996728,99.99
"47479","flintily",1,86996729,99.99
"47480","flintwork",1,86996730,99.99
"47481","flirtatiousness",1,86996731,99.99
"47482","flittingly",1,86996732,99.99
"47483","floatability",1,86996733,99.99
"47484","flobby",1,86996734,99.99
"47485","floc",1,86996735,99.99
"47486","flocculant",1,86996736,99.99
"47487","flocculate",1,86996737,99.99
"47488","flocculation",1,86996738,99.99
"47489","flocker",1,86996739,99.99
"47490","flong",1,86996740,99.99
"47491","floorless",1,86996741,99.99
"47492","florescence",1,86996742,99.99
"47493","floressence",1,86996743,99.99
"47494","florilegium",1,86996744,99.99
"47495","floristry",1,86996745,99.99
"47496","flounderingly",1,86996746,99.99
"47497","flourishy",1,86996747,99.99
"47498","fluer",1,86996748,99.99
"47499","fluidness",1,86996749,99.99
"47500","fluking",1,86996750,99.99
"47501","flummer",1,86996751,99.99
"47502","flump",1,86996752,99.99
"47503","fluoresce",1,86996753,99.99
"47504","fluorite",1,86996754,99.99
"47505","flutelike",1,86996755,99.99
"47506","flutemouth",1,86996756,99.99
"47507","fluter",1,86996757,99.99
"47508","fluxion",1,86996758,99.99
"47509","flyable",1,86996759,99.99
"47510","flyblown",1,86996760,99.99
"47511","foamer",1,86996761,99.99
"47512","focally",1,86996762,99.99
"47513","focuser",1,86996763,99.99
"47514","foder",1,86996764,99.99
"47515","foeman",1,86996765,99.99
"47516","fogger",1,86996766,99.99
"47517","foliaged",1,86996767,99.99
"47518","foliate",1,86996768,99.99
"47519","folkloristic",1,86996769,99.99
"47520","folksiness",1,86996770,99.99
"47521","fomenter",1,86996771,99.99
"47522","fontal",1,86996772,99.99
"47523","foolhardily",1,86996773,99.99
"47524","footplate",1,86996774,99.99
"47525","footstalk",1,86996775,99.99
"47526","foppery",1,86996776,99.99
"47527","forbit",1,86996777,99.99
"47528","forborne",1,86996778,99.99
"47529","forcer",1,86996779,99.99
"47530","forche",1,86996780,99.99
"47531","fordo",1,86996781,99.99
"47532","fordy",1,86996782,99.99
"47533","forebay",1,86996783,99.99
"47534","forebear",1,86996784,99.99
"47535","foregate",1,86996785,99.99
"47536","foreheaded",1,86996786,99.99
"47537","foreknow",1,86996787,99.99
"47538","forelock",1,86996788,99.99
"47539","forename",1,86996789,99.99
"47540","foreparents",1,86996790,99.99
"47541","forepaw",1,86996791,99.99
"47542","forepeak",1,86996792,99.99
"47543","forequarter",1,86996793,99.99
"47544","foresaid",1,86996794,99.99
"47545","foreseer",1,86996795,99.99
"47546","foreshank",1,86996796,99.99
"47547","foreshock",1,86996797,99.99
"47548","foresighted",1,86996798,99.99
"47549","forestay",1,86996799,99.99
"47550","foretopman",1,86996800,99.99
"47551","foreview",1,86996801,99.99
"47552","forfar",1,86996802,99.99
"47553","forgivably",1,86996803,99.99
"47554","forgivingly",1,86996804,99.99
"47555","forgottenness",1,86996805,99.99
"47556","forky",1,86996806,99.99
"47557","forlornness",1,86996807,99.99
"47558","formate",1,86996808,99.99
"47559","formel",1,86996809,99.99
"47560","formidability",1,86996810,99.99
"47561","formular",1,86996811,99.99
"47562","formulator",1,86996812,99.99
"47563","forsakenness",1,86996813,99.99
"47564","fortuity",1,86996814,99.99
"47565","fortuneless",1,86996815,99.99
"47566","forwent",1,86996816,99.99
"47567","fossilization",1,86996817,99.99
"47568","fosterer",1,86996818,99.99
"47569","fother",1,86996819,99.99
"47570","fouette",1,86996820,99.99
"47571","foundationed",1,86996821,99.99
"47572","foundership",1,86996822,99.99
"47573","fourche",1,86996823,99.99
"47574","fourchette",1,86996824,99.99
"47575","fovea",1,86996825,99.99
"47576","foveal",1,86996826,99.99
"47577","fowling",1,86996827,99.99
"47578","foxing",1,86996828,99.99
"47579","fractionate",1,86996829,99.99
"47580","fractionating",1,86996830,99.99
"47581","fragmental",1,86996831,99.99
"47582","fragrancy",1,86996832,99.99
"47583","frailejon",1,86996833,99.99
"47584","francisc",1,86996834,99.99
"47585","franker",1,86996835,99.99
"47586","franking",1,86996836,99.99
"47587","frapping",1,86996837,99.99
"47588","fratcher",1,86996838,99.99
"47589","fratchy",1,86996839,99.99
"47590","frazzle",1,86996840,99.99
"47591","freck",1,86996841,99.99
"47592","freckling",1,86996842,99.99
"47593","freckly",1,86996843,99.99
"47594","freewoman",1,86996844,99.99
"47595","freir",1,86996845,99.99
"47596","fremd",1,86996846,99.99
"47597","frenchify",1,86996847,99.99
"47598","freshet",1,86996848,99.99
"47599","frib",1,86996849,99.99
"47600","friendlessness",1,86996850,99.99
"47601","frigidarium",1,86996851,99.99
"47602","frigidness",1,86996852,99.99
"47603","frillery",1,86996853,99.99
"47604","fringeless",1,86996854,99.99
"47605","frison",1,86996855,99.99
"47606","fritillary",1,86996856,99.99
"47607","frivol",1,86996857,99.99
"47608","frixion",1,86996858,99.99
"47609","friz",1,86996859,99.99
"47610","frizziness",1,86996860,99.99
"47611","frocking",1,86996861,99.99
"47612","frogginess",1,86996862,99.99
"47613","froggish",1,86996863,99.99
"47614","frogleg",1,86996864,99.99
"47615","froster",1,86996865,99.99
"47616","frostproof",1,86996866,99.99
"47617","frothily",1,86996867,99.99
"47618","frothiness",1,86996868,99.99
"47619","frough",1,86996869,99.99
"47620","frowsty",1,86996870,99.99
"47621","frowzily",1,86996871,99.99
"47622","frowzy",1,86996872,99.99
"47623","fructuous",1,86996873,99.99
"47624","frugalism",1,86996874,99.99
"47625","fruitarianism",1,86996875,99.99
"47626","fruiter",1,86996876,99.99
"47627","fruitwood",1,86996877,99.99
"47628","fub",1,86996878,99.99
"47629","fubsy",1,86996879,99.99
"47630","fuci",1,86996880,99.99
"47631","fuddle",1,86996881,99.99
"47632","fuff",1,86996882,99.99
"47633","fugleman",1,86996883,99.99
"47634","fulgurant",1,86996884,99.99
"47635","fulgurating",1,86996885,99.99
"47636","fulsomely",1,86996886,99.99
"47637","fumarole",1,86996887,99.99
"47638","fumingly",1,86996888,99.99
"47639","funambulism",1,86996889,99.99
"47640","funambulist",1,86996890,99.99
"47641","functionless",1,86996891,99.99
"47642","fundal",1,86996892,99.99
"47643","fundamentality",1,86996893,99.99
"47644","fundholder",1,86996894,99.99
"47645","fundus",1,86996895,99.99
"47646","fungicidal",1,86996896,99.99
"47647","furioso",1,86996897,99.99
"47648","furl",1,86996898,99.99
"47649","furner",1,86996899,99.99
"47650","furriness",1,86996900,99.99
"47651","furthermost",1,86996901,99.99
"47652","furtiveness",1,86996902,99.99
"47653","fusionism",1,86996903,99.99
"47654","fussily",1,86996904,99.99
"47655","fustiness",1,86996905,99.99
"47656","fute",1,86996906,99.99
"47657","futileness",1,86996907,99.99
"47658","fyke",1,86996908,99.99
"47659","gabelle",1,86996909,99.99
"47660","gabion",1,86996910,99.99
"47661","gaddi",1,86996911,99.99
"47662","gadling",1,86996912,99.99
"47663","gadman",1,86996913,99.99
"47664","gagee",1,86996914,99.99
"47665","gager",1,86996915,99.99
"47666","gagger",1,86996916,99.99
"47667","gair",1,86996917,99.99
"47668","gaited",1,86996918,99.99
"47669","gaiting",1,86996919,99.99
"47670","galactagogue",1,86996920,99.99
"47671","galanga",1,86996921,99.99
"47672","galantine",1,86996922,99.99
"47673","galaxian",1,86996923,99.99
"47674","galbanum",1,86996924,99.99
"47675","galla",1,86996925,99.99
"47676","gallinaceous",1,86996926,99.99
"47677","gallingly",1,86996927,99.99
"47678","galloon",1,86996928,99.99
"47679","galloper",1,86996929,99.99
"47680","galumph",1,86996930,99.99
"47681","galvanism",1,86996931,99.99
"47682","gameball",1,86996932,99.99
"47683","gamelike",1,86996933,99.99
"47684","gametocyte",1,86996934,99.99
"47685","gammer",1,86996935,99.99
"47686","gange",1,86996936,99.99
"47687","ganglion",1,86996937,99.99
"47688","ganglionic",1,86996938,99.99
"47689","garbel",1,86996939,99.99
"47690","garbure",1,86996940,99.99
"47691","garce",1,86996941,99.99
"47692","garn",1,86996942,99.99
"47693","garnishee",1,86996943,99.99
"47694","garrulousness",1,86996944,99.99
"47695","garston",1,86996945,99.99
"47696","gasify",1,86996946,99.99
"47697","gasking",1,86996947,99.99
"47698","gasometer",1,86996948,99.99
"47699","gaspereau",1,86996949,99.99
"47700","gastrin",1,86996950,99.99
"47701","gastronomist",1,86996951,99.99
"47702","gastropod",1,86996952,99.99
"47703","gastrostomy",1,86996953,99.99
"47704","gateless",1,86996954,99.99
"47705","gateman",1,86996955,99.99
"47706","gatter",1,86996956,99.99
"47707","gaucherie",1,86996957,99.99
"47708","gaufre",1,86996958,99.99
"47709","gauger",1,86996959,99.99
"47710","gauntleted",1,86996960,99.99
"47711","gaur",1,86996961,99.99
"47712","gauzily",1,86996962,99.99
"47713","gawn",1,86996963,99.99
"47714","gaywings",1,86996964,99.99
"47715","gearman",1,86996965,99.99
"47716","geason",1,86996966,99.99
"47717","geest",1,86996967,99.99
"47718","geira",1,86996968,99.99
"47719","gelada",1,86996969,99.99
"47720","gelatinously",1,86996970,99.99
"47721","gelid",1,86996971,99.99
"47722","gematria",1,86996972,99.99
"47723","gemmy",1,86996973,99.99
"47724","generalizable",1,86996974,99.99
"47725","generalness",1,86996975,99.99
"47726","genetical",1,86996976,99.99
"47727","genip",1,86996977,99.99
"47728","genotypic",1,86996978,99.99
"47729","genteelness",1,86996979,99.99
"47730","gentes",1,86996980,99.99
"47731","gentlemanlike",1,86996981,99.99
"47732","gentlemanliness",1,86996982,99.99
"47733","genty",1,86996983,99.99
"47734","genu",1,86996984,99.99
"47735","genuflex",1,86996985,99.99
"47736","geochronology",1,86996986,99.99
"47737","geodesy",1,86996987,99.99
"47738","geodynamics",1,86996988,99.99
"47739","geoid",1,86996989,99.99
"47740","geosphere",1,86996990,99.99
"47741","geostrategic",1,86996991,99.99
"47742","geostrategy",1,86996992,99.99
"47743","geothermic",1,86996993,99.99
"47744","geranial",1,86996994,99.99
"47745","germanization",1,86996995,99.99
"47746","germfree",1,86996996,99.99
"47747","germicide",1,86996997,99.99
"47748","gerontocratic",1,86996998,99.99
"47749","gesticulator",1,86996999,99.99
"47750","gez",1,86997000,99.99
"47751","ghafir",1,86997001,99.99
"47752","ghostliness",1,86997002,99.99
"47753","giantism",1,86997003,99.99
"47754","giardiasis",1,86997004,99.99
"47755","gibus",1,86997005,99.99
"47756","giffgaff",1,86997006,99.99
"47757","giftless",1,86997007,99.99
"47758","gigantical",1,86997008,99.99
"47759","giganticness",1,86997009,99.99
"47760","gigger",1,86997010,99.99
"47761","gigster",1,86997011,99.99
"47762","gilliver",1,86997012,99.99
"47763","gilo",1,86997013,99.99
"47764","gilthead",1,86997014,99.99
"47765","gimbaled",1,86997015,99.99
"47766","gimping",1,86997016,99.99
"47767","gingerade",1,86997017,99.99
"47768","ginner",1,86997018,99.99
"47769","ginnery",1,86997019,99.99
"47770","girandole",1,86997020,99.99
"47771","girasole",1,86997021,99.99
"47772","girba",1,86997022,99.99
"47773","girdling",1,86997023,99.99
"47774","girr",1,86997024,99.99
"47775","girsh",1,86997025,99.99
"47776","giustina",1,86997026,99.99
"47777","glabella",1,86997027,99.99
"47778","glabellar",1,86997028,99.99
"47779","glaciology",1,86997029,99.99
"47780","gladiola",1,86997030,99.99
"47781","gladsome",1,86997031,99.99
"47782","glaive",1,86997032,99.99
"47783","glassie",1,86997033,99.99
"47784","glassiness",1,86997034,99.99
"47785","glassmaker",1,86997035,99.99
"47786","glassophone",1,86997036,99.99
"47787","glazy",1,86997037,99.99
"47788","gleed",1,86997038,99.99
"47789","gleefulness",1,86997039,99.99
"47790","gleesome",1,86997040,99.99
"47791","glisteningly",1,86997041,99.99
"47792","glitteringly",1,86997042,99.99
"47793","gloater",1,86997043,99.99
"47794","globed",1,86997044,99.99
"47795","globin",1,86997045,99.99
"47796","glooming",1,86997046,99.99
"47797","gloppen",1,86997047,99.99
"47798","glossolalia",1,86997048,99.99
"47799","gloveless",1,86997049,99.99
"47800","gloving",1,86997050,99.99
"47801","gloze",1,86997051,99.99
"47802","glucosidase",1,86997052,99.99
"47803","glucuronic",1,86997053,99.99
"47804","gluepot",1,86997054,99.99
"47805","glutamic",1,86997055,99.99
"47806","gluttonously",1,86997056,99.99
"47807","glycolysis",1,86997057,99.99
"47808","glyphic",1,86997058,99.99
"47809","gnarliness",1,86997059,99.99
"47810","gnatty",1,86997060,99.99
"47811","gneiss",1,86997061,99.99
"47812","gnostical",1,86997062,99.99
"47813","goalmouth",1,86997063,99.99
"47814","goatish",1,86997064,99.99
"47815","goave",1,86997065,99.99
"47816","gobbet",1,86997066,99.99
"47817","gobby",1,86997067,99.99
"47818","goblinish",1,86997068,99.99
"47819","goffer",1,86997069,99.99
"47820","goldenwing",1,86997070,99.99
"47821","goldsmithing",1,86997071,99.99
"47822","goldwork",1,86997072,99.99
"47823","goliard",1,86997073,99.99
"47824","gombay",1,86997074,99.99
"47825","gonal",1,86997075,99.99
"47826","gonesome",1,86997076,99.99
"47827","goodhearted",1,86997077,99.99
"47828","goodish",1,86997078,99.99
"47829","goodliness",1,86997079,99.99
"47830","goosy",1,86997080,99.99
"47831","goral",1,86997081,99.99
"47832","gorce",1,86997082,99.99
"47833","gorra",1,86997083,99.99
"47834","gorry",1,86997084,99.99
"47835","gospellike",1,86997085,99.99
"47836","gote",1,86997086,99.99
"47837","goutweed",1,86997087,99.99
"47838","gozzard",1,86997088,99.99
"47839","graben",1,86997089,99.99
"47840","gracelessly",1,86997090,99.99
"47841","gradational",1,86997091,99.99
"47842","gradin",1,86997092,99.99
"47843","grafter",1,86997093,99.99
"47844","grainery",1,86997094,99.99
"47845","graisse",1,86997095,99.99
"47846","gralloch",1,86997096,99.99
"47847","grame",1,86997097,99.99
"47848","grammarless",1,86997098,99.99
"47849","grandaunt",1,86997099,99.99
"47850","grandiloquence",1,86997100,99.99
"47851","grandmotherhood",1,86997101,99.99
"47852","grandstander",1,86997102,99.99
"47853","grane",1,86997103,99.99
"47854","granule",1,86997104,99.99
"47855","granuloma",1,86997105,99.99
"47856","grapelike",1,86997106,99.99
"47857","graping",1,86997107,99.99
"47858","graspable",1,86997108,99.99
"47859","gratten",1,86997109,99.99
"47860","gratuitousness",1,86997110,99.99
"47861","graveclothes",1,86997111,99.99
"47862","graveness",1,86997112,99.99
"47863","graving",1,86997113,99.99
"47864","greathead",1,86997114,99.99
"47865","greave",1,86997115,99.99
"47866","greengrocery",1,86997116,99.99
"47867","greenhead",1,86997117,99.99
"47868","greensauce",1,86997118,99.99
"47869","greenwing",1,86997119,99.99
"47870","grein",1,86997120,99.99
"47871","griever",1,86997121,99.99
"47872","grihastha",1,86997122,99.99
"47873","grillade",1,86997123,99.99
"47874","grinningly",1,86997124,99.99
"47875","grippingly",1,86997125,99.99
"47876","gritstone",1,86997126,99.99
"47877","groop",1,86997127,99.99
"47878","groose",1,86997128,99.99
"47879","grossart",1,86997129,99.99
"47880","grottesco",1,86997130,99.99
"47881","grottolike",1,86997131,99.99
"47882","grouchiness",1,86997132,99.99
"47883","groundsel",1,86997133,99.99
"47884","groundsman",1,86997134,99.99
"47885","grouser",1,86997135,99.99
"47886","grouts",1,86997136,99.99
"47887","growingly",1,86997137,99.99
"47888","grubber",1,86997138,99.99
"47889","grubworm",1,86997139,99.99
"47890","grum",1,86997140,99.99
"47891","grumbler",1,86997141,99.99
"47892","grumblingly",1,86997142,99.99
"47893","grun",1,86997143,99.99
"47894","grush",1,86997144,99.99
"47895","gruss",1,86997145,99.99
"47896","guanaco",1,86997146,99.99
"47897","guanay",1,86997147,99.99
"47898","guarani",1,86997148,99.99
"47899","guardable",1,86997149,99.99
"47900","guayaba",1,86997150,99.99
"47901","gudok",1,86997151,99.99
"47902","guessable",1,86997152,99.99
"47903","guglia",1,86997153,99.99
"47904","guhr",1,86997154,99.99
"47905","guider",1,86997155,99.99
"47906","guideway",1,86997156,99.99
"47907","guilelessness",1,86997157,99.99
"47908","guillemot",1,86997158,99.99
"47909","guiltlessly",1,86997159,99.99
"47910","guiltlessness",1,86997160,99.99
"47911","guily",1,86997161,99.99
"47912","gulaman",1,86997162,99.99
"47913","gular",1,86997163,99.99
"47914","gules",1,86997164,99.99
"47915","gulfside",1,86997165,99.99
"47916","gullish",1,86997166,99.99
"47917","gulpy",1,86997167,99.99
"47918","gumless",1,86997168,99.99
"47919","gunless",1,86997169,99.99
"47920","gunlock",1,86997170,99.99
"47921","gunshop",1,86997171,99.99
"47922","gunster",1,86997172,99.99
"47923","gup",1,86997173,99.99
"47924","gushingly",1,86997174,99.99
"47925","guttersnipe",1,86997175,99.99
"47926","guttery",1,86997176,99.99
"47927","guz",1,86997177,99.99
"47928","gwine",1,86997178,99.99
"47929","gynic",1,86997179,99.99
"47930","gyps",1,86997180,99.99
"47931","gyration",1,86997181,99.99
"47932","gyrometer",1,86997182,99.99
"47933","gyroplane",1,86997183,99.99
"47934","habiliment",1,86997184,99.99
"47935","habilitator",1,86997185,99.99
"47936","habitant",1,86997186,99.99
"47937","habitate",1,86997187,99.99
"47938","habitualize",1,86997188,99.99
"47939","habitude",1,86997189,99.99
"47940","habu",1,86997190,99.99
"47941","hackleback",1,86997191,99.99
"47942","hackmatack",1,86997192,99.99
"47943","hading",1,86997193,99.99
"47944","hadji",1,86997194,99.99
"47945","hadrosaur",1,86997195,99.99
"47946","haecceity",1,86997196,99.99
"47947","haemorrhoid",1,86997197,99.99
"47948","haff",1,86997198,99.99
"47949","hafnium",1,86997199,99.99
"47950","haggada",1,86997200,99.99
"47951","hagger",1,86997201,99.99
"47952","hagi",1,86997202,99.99
"47953","hagiographical",1,86997203,99.99
"47954","hagiology",1,86997204,99.99
"47955","haircloth",1,86997205,99.99
"47956","hairlessness",1,86997206,99.99
"47957","hairsplitter",1,86997207,99.99
"47958","hako",1,86997208,99.99
"47959","hallel",1,86997209,99.99
"47960","hallex",1,86997210,99.99
"47961","hallucinator",1,86997211,99.99
"47962","halophyte",1,86997212,99.99
"47963","hammerkop",1,86997213,99.99
"47964","hammertoe",1,86997214,99.99
"47965","handcar",1,86997215,99.99
"47966","handwear",1,86997216,99.99
"47967","handwrist",1,86997217,99.99
"47968","hange",1,86997218,99.99
"47969","hangingly",1,86997219,99.99
"47970","hangle",1,86997220,99.99
"47971","hant",1,86997221,99.99
"47972","haphazardness",1,86997222,99.99
"47973","haplotype",1,86997223,99.99
"47974","harborage",1,86997224,99.99
"47975","hardheadedly",1,86997225,99.99
"47976","hardheartedly",1,86997226,99.99
"47977","hardish",1,86997227,99.99
"47978","hardpan",1,86997228,99.99
"47979","harmattan",1,86997229,99.99
"47980","harmoniousness",1,86997230,99.99
"47981","harmonist",1,86997231,99.99
"47982","harmonizer",1,86997232,99.99
"47983","hartal",1,86997233,99.99
"47984","haruspicy",1,86997234,99.99
"47985","hasher",1,86997235,99.99
"47986","hatchway",1,86997236,99.99
"47987","hateable",1,86997237,99.99
"47988","hatpin",1,86997238,99.99
"47989","hatrack",1,86997239,99.99
"47990","hatstand",1,86997240,99.99
"47991","haunter",1,86997241,99.99
"47992","hausen",1,86997242,99.99
"47993","hausse",1,86997243,99.99
"47994","havingness",1,86997244,99.99
"47995","hawky",1,86997245,99.99
"47996","haymaking",1,86997246,99.99
"47997","hazardously",1,86997247,99.99
"47998","hazle",1,86997248,99.99
"47999","headful",1,86997249,99.99
"48000","headlessness",1,86997250,99.99
"48001","headlike",1,86997251,99.99
"48002","headmasterly",1,86997252,99.99
"48003","headsman",1,86997253,99.99
"48004","headwaiter",1,86997254,99.99
"48005","healingly",1,86997255,99.99
"48006","heartly",1,86997256,99.99
"48007","heathendom",1,86997257,99.99
"48008","heathery",1,86997258,99.99
"48009","heatless",1,86997259,99.99
"48010","heaume",1,86997260,99.99
"48011","heavenliness",1,86997261,99.99
"48012","heavenwards",1,86997262,99.99
"48013","heavyhearted",1,86997263,99.99
"48014","hech",1,86997264,99.99
"48015","hedgy",1,86997265,99.99
"48016","hedonistically",1,86997266,99.99
"48017","heedful",1,86997267,99.99
"48018","heedlessness",1,86997268,99.99
"48019","heldentenor",1,86997269,99.99
"48020","helical",1,86997270,99.99
"48021","helices",1,86997271,99.99
"48022","heliocentricism",1,86997272,99.99
"48023","heliograph",1,86997273,99.99
"48024","heliographic",1,86997274,99.99
"48025","hellbender",1,86997275,99.99
"48026","hellbox",1,86997276,99.99
"48027","hellishness",1,86997277,99.99
"48028","hellness",1,86997278,99.99
"48029","helmetlike",1,86997279,99.99
"48030","helminth",1,86997280,99.99
"48031","helminthic",1,86997281,99.99
"48032","helmsmanship",1,86997282,99.99
"48033","hematopoiesis",1,86997283,99.99
"48034","hemianopsia",1,86997284,99.99
"48035","hemicycle",1,86997285,99.99
"48036","hemiparesis",1,86997286,99.99
"48037","hemispheral",1,86997287,99.99
"48038","hemispherically",1,86997288,99.99
"48039","hemodynamics",1,86997289,99.99
"48040","hemophiliac",1,86997290,99.99
"48041","hemophobia",1,86997291,99.99
"48042","hemopoietic",1,86997292,99.99
"48043","hemorrhoidal",1,86997293,99.99
"48044","hemorrhoidectomy",1,86997294,99.99
"48045","hemosiderosis",1,86997295,99.99
"48046","hempseed",1,86997296,99.99
"48047","hempy",1,86997297,99.99
"48048","henbane",1,86997298,99.99
"48049","henceforward",1,86997299,99.99
"48050","hencoop",1,86997300,99.99
"48051","hend",1,86997301,99.99
"48052","hennery",1,86997302,99.99
"48053","hepatology",1,86997303,99.99
"48054","hepatoma",1,86997304,99.99
"48055","heppen",1,86997305,99.99
"48056","heptagon",1,86997306,99.99
"48057","heptane",1,86997307,99.99
"48058","herbaria",1,86997308,99.99
"48059","herbivorous",1,86997309,99.99
"48060","heretically",1,86997310,99.99
"48061","hereward",1,86997311,99.99
"48062","herl",1,86997312,99.99
"48063","herling",1,86997313,99.99
"48064","hermitic",1,86997314,99.99
"48065","hermitry",1,86997315,99.99
"48066","heroization",1,86997316,99.99
"48067","herpetic",1,86997317,99.99
"48068","herpetologist",1,86997318,99.99
"48069","herse",1,86997319,99.99
"48070","heterochromia",1,86997320,99.99
"48071","heterodyne",1,86997321,99.99
"48072","heterologous",1,86997322,99.99
"48073","heterotopic",1,86997323,99.99
"48074","hetman",1,86997324,99.99
"48075","hexa",1,86997325,99.99
"48076","hexagonally",1,86997326,99.99
"48077","hexahedron",1,86997327,99.99
"48078","hexerei",1,86997328,99.99
"48079","hexyl",1,86997329,99.99
"48080","hexylene",1,86997330,99.99
"48081","hiddenly",1,86997331,99.99
"48082","hided",1,86997332,99.99
"48083","hieder",1,86997333,99.99
"48084","hield",1,86997334,99.99
"48085","hierarchic",1,86997335,99.99
"48086","hieros",1,86997336,99.99
"48087","hillberry",1,86997337,99.99
"48088","hillocky",1,86997338,99.99
"48089","hindbrain",1,86997339,99.99
"48090","hindcast",1,86997340,99.99
"48091","hintingly",1,86997341,99.99
"48092","hipe",1,86997342,99.99
"48093","hipless",1,86997343,99.99
"48094","hippish",1,86997344,99.99
"48095","hippology",1,86997345,99.99
"48096","hippuric",1,86997346,99.99
"48097","hish",1,86997347,99.99
"48098","histidine",1,86997348,99.99
"48099","histologist",1,86997349,99.99
"48100","histopathology",1,86997350,99.99
"48101","historics",1,86997351,99.99
"48102","historiographic",1,86997352,99.99
"48103","historious",1,86997353,99.99
"48104","histrionically",1,86997354,99.99
"48105","hoatzin",1,86997355,99.99
"48106","hobbly",1,86997356,99.99
"48107","hobnail",1,86997357,99.99
"48108","hodden",1,86997358,99.99
"48109","hoddle",1,86997359,99.99
"48110","hoddy",1,86997360,99.99
"48111","hodmandod",1,86997361,99.99
"48112","hoer",1,86997362,99.99
"48113","hoga",1,86997363,99.99
"48114","hogback",1,86997364,99.99
"48115","hogpen",1,86997365,99.99
"48116","hoick",1,86997366,99.99
"48117","hoise",1,86997367,99.99
"48118","hoit",1,86997368,99.99
"48119","holdable",1,86997369,99.99
"48120","holidaymaker",1,86997370,99.99
"48121","hollowly",1,86997371,99.99
"48122","holocaustic",1,86997372,99.99
"48123","holophrase",1,86997373,99.99
"48124","holyday",1,86997374,99.99
"48125","holystone",1,86997375,99.99
"48126","homebred",1,86997376,99.99
"48127","homelander",1,86997377,99.99
"48128","homiletic",1,86997378,99.99
"48129","homiletically",1,86997379,99.99
"48130","homiletics",1,86997380,99.99
"48131","homoeopathy",1,86997381,99.99
"48132","homogene",1,86997382,99.99
"48133","homogeneously",1,86997383,99.99
"48134","homoplasmic",1,86997384,99.99
"48135","homozygote",1,86997385,99.99
"48136","homozygous",1,86997386,99.99
"48137","honeyedly",1,86997387,99.99
"48138","honeymooner",1,86997388,99.99
"48139","honorarily",1,86997389,99.99
"48140","honorless",1,86997390,99.99
"48141","hooly",1,86997391,99.99
"48142","hooven",1,86997392,99.99
"48143","hopbush",1,86997393,99.99
"48144","hoplite",1,86997394,99.99
"48145","hopvine",1,86997395,99.99
"48146","horary",1,86997396,99.99
"48147","horehound",1,86997397,99.99
"48148","horizontalism",1,86997398,99.99
"48149","horizontically",1,86997399,99.99
"48150","hornito",1,86997400,99.99
"48151","horntail",1,86997401,99.99
"48152","hornworm",1,86997402,99.99
"48153","horological",1,86997403,99.99
"48154","horologist",1,86997404,99.99
"48155","horology",1,86997405,99.99
"48156","horsebreaker",1,86997406,99.99
"48157","horsecar",1,86997407,99.99
"48158","horseflesh",1,86997408,99.99
"48159","horsehide",1,86997409,99.99
"48160","horsekeeper",1,86997410,99.99
"48161","horsemint",1,86997411,99.99
"48162","horseshoer",1,86997412,99.99
"48163","horsewhip",1,86997413,99.99
"48164","hory",1,86997414,99.99
"48165","hospodar",1,86997415,99.99
"48166","hostelry",1,86997416,99.99
"48167","hotfoot",1,86997417,99.99
"48168","hottish",1,86997418,99.99
"48169","housecarl",1,86997419,99.99
"48170","householding",1,86997420,99.99
"48171","houselessness",1,86997421,99.99
"48172","housemistress",1,86997422,99.99
"48173","housemother",1,86997423,99.99
"48174","houseowner",1,86997424,99.99
"48175","housewear",1,86997425,99.99
"48176","housewifery",1,86997426,99.99
"48177","housewright",1,86997427,99.99
"48178","housty",1,86997428,99.99
"48179","housy",1,86997429,99.99
"48180","howdie",1,86997430,99.99
"48181","howel",1,86997431,99.99
"48182","howlet",1,86997432,99.99
"48183","howlingly",1,86997433,99.99
"48184","howlite",1,86997434,99.99
"48185","howsomever",1,86997435,99.99
"48186","hox",1,86997436,99.99
"48187","hoyden",1,86997437,99.99
"48188","hubb",1,86997438,99.99
"48189","huddler",1,86997439,99.99
"48190","huipil",1,86997440,99.99
"48191","humanhood",1,86997441,99.99
"48192","humbo",1,86997442,99.99
"48193","humbugger",1,86997443,99.99
"48194","humification",1,86997444,99.99
"48195","hummie",1,86997445,99.99
"48196","hummocky",1,86997446,99.99
"48197","humoral",1,86997447,99.99
"48198","humoristic",1,86997448,99.99
"48199","humorlessness",1,86997449,99.99
"48200","humous",1,86997450,99.99
"48201","hundredweight",1,86997451,99.99
"48202","hurdies",1,86997452,99.99
"48203","hure",1,86997453,99.99
"48204","hurlock",1,86997454,99.99
"48205","hurtable",1,86997455,99.99
"48206","hurter",1,86997456,99.99
"48207","hurtfully",1,86997457,99.99
"48208","husbandly",1,86997458,99.99
"48209","hushedly",1,86997459,99.99
"48210","hushel",1,86997460,99.99
"48211","huskily",1,86997461,99.99
"48212","huskiness",1,86997462,99.99
"48213","hyaena",1,86997463,99.99
"48214","hydrazine",1,86997464,99.99
"48215","hydrocephalic",1,86997465,99.99
"48216","hydrochloride",1,86997466,99.99
"48217","hydroelectricity",1,86997467,99.99
"48218","hydrographer",1,86997468,99.99
"48219","hydrokinetic",1,86997469,99.99
"48220","hydrokinetics",1,86997470,99.99
"48221","hydrolysis",1,86997471,99.99
"48222","hydrolyze",1,86997472,99.99
"48223","hydrometeorological",1,86997473,99.99
"48224","hydrometeorology",1,86997474,99.99
"48225","hydronephrosis",1,86997475,99.99
"48226","hydronium",1,86997476,99.99
"48227","hydrophobia",1,86997477,99.99
"48228","hydroscopic",1,86997478,99.99
"48229","hydrosphere",1,86997479,99.99
"48230","hydrostatics",1,86997480,99.99
"48231","hydrotherapeutic",1,86997481,99.99
"48232","hydrotropic",1,86997482,99.99
"48233","hygienically",1,86997483,99.99
"48234","hygienics",1,86997484,99.99
"48235","hygrometer",1,86997485,99.99
"48236","hymeneal",1,86997486,99.99
"48237","hyperbaton",1,86997487,99.99
"48238","hyperbolically",1,86997488,99.99
"48239","hypercomplex",1,86997489,99.99
"48240","hypercorrection",1,86997490,99.99
"48241","hyperemia",1,86997491,99.99
"48242","hyperesthesia",1,86997492,99.99
"48243","hyperglycemic",1,86997493,99.99
"48244","hypernormal",1,86997494,99.99
"48245","hyperopia",1,86997495,99.99
"48246","hyperpnea",1,86997496,99.99
"48247","hypersalivation",1,86997497,99.99
"48248","hypersecretion",1,86997498,99.99
"48249","hypersomnia",1,86997499,99.99
"48250","hyperthermic",1,86997500,99.99
"48251","hypoactive",1,86997501,99.99
"48252","hypoactivity",1,86997502,99.99
"48253","hypocalcemia",1,86997503,99.99
"48254","hypochlorous",1,86997504,99.99
"48255","hypocrisis",1,86997505,99.99
"48256","hypocrital",1,86997506,99.99
"48257","hypocycloid",1,86997507,99.99
"48258","hypoglossal",1,86997508,99.99
"48259","hypopituitarism",1,86997509,99.99
"48260","hypospadias",1,86997510,99.99
"48261","hypospray",1,86997511,99.99
"48262","hypostasis",1,86997512,99.99
"48263","hypostatic",1,86997513,99.99
"48264","hypotension",1,86997514,99.99
"48265","hypothecate",1,86997515,99.99
"48266","hypothecation",1,86997516,99.99
"48267","hypothetic",1,86997517,99.99
"48268","hysteresis",1,86997518,99.99
"48269","iamb",1,86997519,99.99
"48270","iceblink",1,86997520,99.99
"48271","icebound",1,86997521,99.99
"48272","iceless",1,86997522,99.99
"48273","icequake",1,86997523,99.99
"48274","ichneumon",1,86997524,99.99
"48275","ichneumonid",1,86997525,99.99
"48276","ichor",1,86997526,99.99
"48277","ichthyology",1,86997527,99.99
"48278","ichthyophobia",1,86997528,99.99
"48279","iconoclastically",1,86997529,99.99
"48280","iconographical",1,86997530,99.99
"48281","iconology",1,86997531,99.99
"48282","icterine",1,86997532,99.99
"48283","ideational",1,86997533,99.99
"48284","identic",1,86997534,99.99
"48285","ideologist",1,86997535,99.99
"48286","ideomotor",1,86997536,99.99
"48287","idiomatically",1,86997537,99.99
"48288","idleman",1,86997538,99.99
"48289","idola",1,86997539,99.99
"48290","idolistic",1,86997540,99.99
"48291","idyl",1,86997541,99.99
"48292","ignatia",1,86997542,99.99
"48293","iiwi",1,86997543,99.99
"48294","ijma",1,86997544,99.99
"48295","ileum",1,86997545,99.99
"48296","ilima",1,86997546,99.99
"48297","illation",1,86997547,99.99
"48298","illative",1,86997548,99.99
"48299","illess",1,86997549,99.99
"48300","illiberalism",1,86997550,99.99
"48301","illimitably",1,86997551,99.99
"48302","illium",1,86997552,99.99
"48303","illuminance",1,86997553,99.99
"48304","illuminatingly",1,86997554,99.99
"48305","illuminative",1,86997555,99.99
"48306","illuminato",1,86997556,99.99
"48307","illusional",1,86997557,99.99
"48308","illusionism",1,86997558,99.99
"48309","illusionistic",1,86997559,99.99
"48310","imageless",1,86997560,99.99
"48311","imaginational",1,86997561,99.99
"48312","imaginator",1,86997562,99.99
"48313","imagism",1,86997563,99.99
"48314","imagist",1,86997564,99.99
"48315","imagistic",1,86997565,99.99
"48316","immanently",1,86997566,99.99
"48317","immaterialist",1,86997567,99.99
"48318","immatriculation",1,86997568,99.99
"48319","immediateness",1,86997569,99.99
"48320","immenseness",1,86997570,99.99
"48321","immi",1,86997571,99.99
"48322","imminency",1,86997572,99.99
"48323","immoderately",1,86997573,99.99
"48324","immoralist",1,86997574,99.99
"48325","immortally",1,86997575,99.99
"48326","immovably",1,86997576,99.99
"48327","immunochemistry",1,86997577,99.99
"48328","immunologic",1,86997578,99.99
"48329","immunologically",1,86997579,99.99
"48330","immunotoxin",1,86997580,99.99
"48331","immutably",1,86997581,99.99
"48332","impalement",1,86997582,99.99
"48333","impartation",1,86997583,99.99
"48334","impassably",1,86997584,99.99
"48335","impassion",1,86997585,99.99
"48336","impassionate",1,86997586,99.99
"48337","impassionedly",1,86997587,99.99
"48338","impassivity",1,86997588,99.99
"48339","impeccability",1,86997589,99.99
"48340","impecuniously",1,86997590,99.99
"48341","impedimenta",1,86997591,99.99
"48342","impeller",1,86997592,99.99
"48343","impendent",1,86997593,99.99
"48344","impenitent",1,86997594,99.99
"48345","imperfectness",1,86997595,99.99
"48346","imperforate",1,86997596,99.99
"48347","imperia",1,86997597,99.99
"48348","impersonalization",1,86997598,99.99
"48349","impersonalize",1,86997599,99.99
"48350","impersonize",1,86997600,99.99
"48351","impertinently",1,86997601,99.99
"48352","imperturbability",1,86997602,99.99
"48353","imperturbably",1,86997603,99.99
"48354","imperviously",1,86997604,99.99
"48355","impetratory",1,86997605,99.99
"48356","impetuosity",1,86997606,99.99
"48357","impiously",1,86997607,99.99
"48358","impiousness",1,86997608,99.99
"48359","implacability",1,86997609,99.99
"48360","imploringly",1,86997610,99.99
"48361","imposer",1,86997611,99.99
"48362","imposingly",1,86997612,99.99
"48363","imposturous",1,86997613,99.99
"48364","impracticability",1,86997614,99.99
"48365","imprecate",1,86997615,99.99
"48366","imprecation",1,86997616,99.99
"48367","imprescriptible",1,86997617,99.99
"48368","impressionability",1,86997618,99.99
"48369","impressionistically",1,86997619,99.99
"48370","impressment",1,86997620,99.99
"48371","imprime",1,86997621,99.99
"48372","improvisatorial",1,86997622,99.99
"48373","improvision",1,86997623,99.99
"48374","inaccessibly",1,86997624,99.99
"48375","inadequateness",1,86997625,99.99
"48376","inadmissibility",1,86997626,99.99
"48377","inalterably",1,86997627,99.99
"48378","inamorata",1,86997628,99.99
"48379","inapposite",1,86997629,99.99
"48380","inaptly",1,86997630,99.99
"48381","inaptness",1,86997631,99.99
"48382","inartistic",1,86997632,99.99
"48383","inaudibility",1,86997633,99.99
"48384","inbe",1,86997634,99.99
"48385","inbread",1,86997635,99.99
"48386","incarnationist",1,86997636,99.99
"48387","incarnative",1,86997637,99.99
"48388","incertitude",1,86997638,99.99
"48389","incessancy",1,86997639,99.99
"48390","incestuousness",1,86997640,99.99
"48391","incide",1,86997641,99.99
"48392","incise",1,86997642,99.99
"48393","incitive",1,86997643,99.99
"48394","incluse",1,86997644,99.99
"48395","incognizant",1,86997645,99.99
"48396","incomer",1,86997646,99.99
"48397","incommensurate",1,86997647,99.99
"48398","incommunicable",1,86997648,99.99
"48399","incommunicative",1,86997649,99.99
"48400","incompossible",1,86997650,99.99
"48401","incomprehensibleness",1,86997651,99.99
"48402","incompressible",1,86997652,99.99
"48403","inconducive",1,86997653,99.99
"48404","inconnu",1,86997654,99.99
"48405","inconsequence",1,86997655,99.99
"48406","inconsequentiality",1,86997656,99.99
"48407","incontinency",1,86997657,99.99
"48408","incorporative",1,86997658,99.99
"48409","incorporeality",1,86997659,99.99
"48410","incrementation",1,86997660,99.99
"48411","incurrence",1,86997661,99.99
"48412","incus",1,86997662,99.99
"48413","indan",1,86997663,99.99
"48414","indebtment",1,86997664,99.99
"48415","indecorously",1,86997665,99.99
"48416","indefatigability",1,86997666,99.99
"48417","indefensibility",1,86997667,99.99
"48418","indelicately",1,86997668,99.99
"48419","independency",1,86997669,99.99
"48420","indeterminately",1,86997670,99.99
"48421","indicatively",1,86997671,99.99
"48422","indicium",1,86997672,99.99
"48423","indictive",1,86997673,99.99
"48424","indictor",1,86997674,99.99
"48425","indigena",1,86997675,99.99
"48426","indigested",1,86997676,99.99
"48427","indigestibly",1,86997677,99.99
"48428","indignance",1,86997678,99.99
"48429","indiscreetly",1,86997679,99.99
"48430","indiscriminatory",1,86997680,99.99
"48431","indispensability",1,86997681,99.99
"48432","indissociable",1,86997682,99.99
"48433","indissolubility",1,86997683,99.99
"48434","indistinction",1,86997684,99.99
"48435","indistinctly",1,86997685,99.99
"48436","indistinguishably",1,86997686,99.99
"48437","indivisibly",1,86997687,99.99
"48438","indoctrinator",1,86997688,99.99
"48439","indolently",1,86997689,99.99
"48440","indoles",1,86997690,99.99
"48441","indomitability",1,86997691,99.99
"48442","indrawn",1,86997692,99.99
"48443","indubitable",1,86997693,99.99
"48444","inductively",1,86997694,99.99
"48445","inductor",1,86997695,99.99
"48446","indult",1,86997696,99.99
"48447","indumentum",1,86997697,99.99
"48448","ineliminable",1,86997698,99.99
"48449","ineloquent",1,86997699,99.99
"48450","ineloquently",1,86997700,99.99
"48451","ineluctability",1,86997701,99.99
"48452","ineluctably",1,86997702,99.99
"48453","ineradicably",1,86997703,99.99
"48454","inertly",1,86997704,99.99
"48455","inexactly",1,86997705,99.99
"48456","inexactness",1,86997706,99.99
"48457","inexhaustibility",1,86997707,99.99
"48458","inexhaustibly",1,86997708,99.99
"48459","inexorability",1,86997709,99.99
"48460","inexpensiveness",1,86997710,99.99
"48461","inexplicables",1,86997711,99.99
"48462","infanta",1,86997712,99.99
"48463","infanthood",1,86997713,99.99
"48464","infanticidal",1,86997714,99.99
"48465","infeasibility",1,86997715,99.99
"48466","infectivity",1,86997716,99.99
"48467","infectuous",1,86997717,99.99
"48468","infecund",1,86997718,99.99
"48469","infelicitous",1,86997719,99.99
"48470","infelicitously",1,86997720,99.99
"48471","inferentialism",1,86997721,99.99
"48472","inferentialist",1,86997722,99.99
"48473","infernally",1,86997723,99.99
"48474","infighter",1,86997724,99.99
"48475","infiniteness",1,86997725,99.99
"48476","infirmarian",1,86997726,99.99
"48477","infix",1,86997727,99.99
"48478","inflationism",1,86997728,99.99
"48479","inflective",1,86997729,99.99
"48480","inflexibleness",1,86997730,99.99
"48481","influenceable",1,86997731,99.99
"48482","infructuous",1,86997732,99.99
"48483","infundibulum",1,86997733,99.99
"48484","ingathering",1,86997734,99.99
"48485","ingloriously",1,86997735,99.99
"48486","ingoing",1,86997736,99.99
"48487","ingrateful",1,86997737,99.99
"48488","ingratiatingly",1,86997738,99.99
"48489","inharmonious",1,86997739,99.99
"48490","inheritage",1,86997740,99.99
"48491","inhibitive",1,86997741,99.99
"48492","inhospitably",1,86997742,99.99
"48493","inhumation",1,86997743,99.99
"48494","inhume",1,86997744,99.99
"48495","inimicable",1,86997745,99.99
"48496","initis",1,86997746,99.99
"48497","injuriously",1,86997747,99.99
"48498","inken",1,86997748,99.99
"48499","inkless",1,86997749,99.99
"48500","inkslinger",1,86997750,99.99
"48501","inkstand",1,86997751,99.99
"48502","inleague",1,86997752,99.99
"48503","innatism",1,86997753,99.99
"48504","innerly",1,86997754,99.99
"48505","innocuousness",1,86997755,99.99
"48506","innoxious",1,86997756,99.99
"48507","innumerably",1,86997757,99.99
"48508","innyard",1,86997758,99.99
"48509","inofficially",1,86997759,99.99
"48510","inordinary",1,86997760,99.99
"48511","inorganization",1,86997761,99.99
"48512","inquisitional",1,86997762,99.99
"48513","inro",1,86997763,99.99
"48514","inrush",1,86997764,99.99
"48515","insaneness",1,86997765,99.99
"48516","inscrutably",1,86997766,99.99
"48517","insectile",1,86997767,99.99
"48518","insection",1,86997768,99.99
"48519","insectivore",1,86997769,99.99
"48520","insectology",1,86997770,99.99
"48521","inseminate",1,86997771,99.99
"48522","insense",1,86997772,99.99
"48523","insentient",1,86997773,99.99
"48524","inseparate",1,86997774,99.99
"48525","insipidly",1,86997775,99.99
"48526","insipidness",1,86997776,99.99
"48527","insolation",1,86997777,99.99
"48528","insolency",1,86997778,99.99
"48529","insolently",1,86997779,99.99
"48530","insolubly",1,86997780,99.99
"48531","insolvability",1,86997781,99.99
"48532","insouciantly",1,86997782,99.99
"48533","inspan",1,86997783,99.99
"48534","inspectable",1,86997784,99.99
"48535","inspectional",1,86997785,99.99
"48536","inspectorate",1,86997786,99.99
"48537","inspiringly",1,86997787,99.99
"48538","inspirit",1,86997788,99.99
"48539","inspoken",1,86997789,99.99
"48540","instantaneousness",1,86997790,99.99
"48541","instanter",1,86997791,99.99
"48542","instrumentalism",1,86997792,99.99
"48543","instrumentalize",1,86997793,99.99
"48544","instrumentist",1,86997794,99.99
"48545","insufferableness",1,86997795,99.99
"48546","insufflate",1,86997796,99.99
"48547","insultation",1,86997797,99.99
"48548","insuperably",1,86997798,99.99
"48549","insupportably",1,86997799,99.99
"48550","insurability",1,86997800,99.99
"48551","insurable",1,86997801,99.99
"48552","insurrect",1,86997802,99.99
"48553","intangibility",1,86997803,99.99
"48554","intangibly",1,86997804,99.99
"48555","intellectualist",1,86997805,99.99
"48556","intelligenced",1,86997806,99.99
"48557","intelligibly",1,86997807,99.99
"48558","intendance",1,86997808,99.99
"48559","intension",1,86997809,99.99
"48560","intentness",1,86997810,99.99
"48561","interactionism",1,86997811,99.99
"48562","interborough",1,86997812,99.99
"48563","intercalate",1,86997813,99.99
"48564","intercalation",1,86997814,99.99
"48565","intercolonial",1,86997815,99.99
"48566","intercommunicate",1,86997816,99.99
"48567","intercommunication",1,86997817,99.99
"48568","intercommunion",1,86997818,99.99
"48569","intercompany",1,86997819,99.99
"48570","intercrural",1,86997820,99.99
"48571","interdependently",1,86997821,99.99
"48572","interestedly",1,86997822,99.99
"48573","interestedness",1,86997823,99.99
"48574","interferometry",1,86997824,99.99
"48575","interlace",1,86997825,99.99
"48576","interlining",1,86997826,99.99
"48577","interlocution",1,86997827,99.99
"48578","interlope",1,86997828,99.99
"48579","intermittingly",1,86997829,99.99
"48580","intermontane",1,86997830,99.99
"48581","intermural",1,86997831,99.99
"48582","internation",1,86997832,99.99
"48583","internationality",1,86997833,99.99
"48584","internodal",1,86997834,99.99
"48585","interpellation",1,86997835,99.99
"48586","interpenetrate",1,86997836,99.99
"48587","interpolative",1,86997837,99.99
"48588","interpolator",1,86997838,99.99
"48589","interrelate",1,86997839,99.99
"48590","interrupter",1,86997840,99.99
"48591","interset",1,86997841,99.99
"48592","intersociety",1,86997842,99.99
"48593","interspecific",1,86997843,99.99
"48594","interstice",1,86997844,99.99
"48595","intertrochanteric",1,86997845,99.99
"48596","intertropical",1,86997846,99.99
"48597","intervale",1,86997847,99.99
"48598","intervallic",1,86997848,99.99
"48599","intervener",1,86997849,99.99
"48600","intervertebral",1,86997850,99.99
"48601","interzone",1,86997851,99.99
"48602","intima",1,86997852,99.99
"48603","intinction",1,86997853,99.99
"48604","intracerebral",1,86997854,99.99
"48605","intracity",1,86997855,99.99
"48606","intranational",1,86997856,99.99
"48607","intransient",1,86997857,99.99
"48608","intransigently",1,86997858,99.99
"48609","intraosseous",1,86997859,99.99
"48610","intraspecific",1,86997860,99.99
"48611","intravaginal",1,86997861,99.99
"48612","intravascular",1,86997862,99.99
"48613","intrepidity",1,86997863,99.99
"48614","intrepidness",1,86997864,99.99
"48615","intrication",1,86997865,99.99
"48616","intrinsical",1,86997866,99.99
"48617","introducer",1,86997867,99.99
"48618","introitus",1,86997868,99.99
"48619","introspectiveness",1,86997869,99.99
"48620","intubate",1,86997870,99.99
"48621","intubation",1,86997871,99.99
"48622","intuitional",1,86997872,99.99
"48623","intuitionism",1,86997873,99.99
"48624","intuitionist",1,86997874,99.99
"48625","inurement",1,86997875,99.99
"48626","invariance",1,86997876,99.99
"48627","invariant",1,86997877,99.99
"48628","invectiveness",1,86997878,99.99
"48629","inventer",1,86997879,99.99
"48630","investible",1,86997880,99.99
"48631","investigatorial",1,86997881,99.99
"48632","inveterately",1,86997882,99.99
"48633","inviolability",1,86997883,99.99
"48634","invitable",1,86997884,99.99
"48635","involver",1,86997885,99.99
"48636","iodite",1,86997886,99.99
"48637","iodo",1,86997887,99.99
"48638","ionone",1,86997888,99.99
"48639","ipecacuanha",1,86997889,99.99
"48640","irately",1,86997890,99.99
"48641","iritis",1,86997891,99.99
"48642","ironer",1,86997892,99.99
"48643","ironworking",1,86997893,99.99
"48644","irrebuttable",1,86997894,99.99
"48645","irrecognizable",1,86997895,99.99
"48646","irreconcilability",1,86997896,99.99
"48647","irreducibility",1,86997897,99.99
"48648","irrelevantly",1,86997898,99.99
"48649","irremediably",1,86997899,99.99
"48650","irreplaceably",1,86997900,99.99
"48651","irreprehensible",1,86997901,99.99
"48652","irresolute",1,86997902,99.99
"48653","irresolution",1,86997903,99.99
"48654","irresponsive",1,86997904,99.99
"48655","irretrievability",1,86997905,99.99
"48656","irreversibility",1,86997906,99.99
"48657","irriguous",1,86997907,99.99
"48658","irruptive",1,86997908,99.99
"48659","isagogics",1,86997909,99.99
"48660","isethionate",1,86997910,99.99
"48661","islandish",1,86997911,99.99
"48662","isobar",1,86997912,99.99
"48663","isocyanate",1,86997913,99.99
"48664","isogram",1,86997914,99.99
"48665","isolative",1,86997915,99.99
"48666","isomeric",1,86997916,99.99
"48667","isomorphic",1,86997917,99.99
"48668","isomorphism",1,86997918,99.99
"48669","isoperimetric",1,86997919,99.99
"48670","isostatic",1,86997920,99.99
"48671","isthmian",1,86997921,99.99
"48672","itemization",1,86997922,99.99
"48673","iterable",1,86997923,99.99
"48674","ivywood",1,86997924,99.99
"48675","jabiru",1,86997925,99.99
"48676","jaboticaba",1,86997926,99.99
"48677","jackaroo",1,86997927,99.99
"48678","jacketless",1,86997928,99.99
"48679","jackety",1,86997929,99.99
"48680","jaggedness",1,86997930,99.99
"48681","jagla",1,86997931,99.99
"48682","jagong",1,86997932,99.99
"48683","jako",1,86997933,99.99
"48684","jalap",1,86997934,99.99
"48685","jamlike",1,86997935,99.99
"48686","japing",1,86997936,99.99
"48687","jarful",1,86997937,99.99
"48688","jarrah",1,86997938,99.99
"48689","jaun",1,86997939,99.99
"48690","jayhawker",1,86997940,99.99
"48691","jazzer",1,86997941,99.99
"48692","jealousness",1,86997942,99.99
"48693","jejune",1,86997943,99.99
"48694","jellylike",1,86997944,99.99
"48695","jemmy",1,86997945,99.99
"48696","jenkin",1,86997946,99.99
"48697","jennier",1,86997947,99.99
"48698","jerkily",1,86997948,99.99
"48699","jerkish",1,86997949,99.99
"48700","jerl",1,86997950,99.99
"48701","jessed",1,86997951,99.99
"48702","jewellike",1,86997952,99.99
"48703","jewfish",1,86997953,99.99
"48704","jheel",1,86997954,99.99
"48705","jhow",1,86997955,99.99
"48706","jilt",1,86997956,99.99
"48707","jingler",1,86997957,99.99
"48708","jinni",1,86997958,99.99
"48709","jipper",1,86997959,99.99
"48710","jobbery",1,86997960,99.99
"48711","jobble",1,86997961,99.99
"48712","jobholder",1,86997962,99.99
"48713","jobo",1,86997963,99.99
"48714","jocker",1,86997964,99.99
"48715","jockeyship",1,86997965,99.99
"48716","jocose",1,86997966,99.99
"48717","jointless",1,86997967,99.99
"48718","jointure",1,86997968,99.99
"48719","joky",1,86997969,99.99
"48720","jollification",1,86997970,99.99
"48721","jolliness",1,86997971,99.99
"48722","joltingly",1,86997972,99.99
"48723","joule",1,86997973,99.99
"48724","jounce",1,86997974,99.99
"48725","journalese",1,86997975,99.99
"48726","journeywoman",1,86997976,99.99
"48727","jowler",1,86997977,99.99
"48728","juck",1,86997978,99.99
"48729","judiciousness",1,86997979,99.99
"48730","jumbler",1,86997980,99.99
"48731","jumby",1,86997981,99.99
"48732","jumma",1,86997982,99.99
"48733","jungli",1,86997983,99.99
"48734","jural",1,86997984,99.99
"48735","juridically",1,86997985,99.99
"48736","jurisprudent",1,86997986,99.99
"48737","jurisprudentially",1,86997987,99.99
"48738","justiciability",1,86997988,99.99
"48739","justiciar",1,86997989,99.99
"48740","justifiability",1,86997990,99.99
"48741","juvenate",1,86997991,99.99
"48742","juxtapositional",1,86997992,99.99
"48743","kago",1,86997993,99.99
"48744","kaid",1,86997994,99.99
"48745","kaiserdom",1,86997995,99.99
"48746","kalends",1,86997996,99.99
"48747","kalong",1,86997997,99.99
"48748","kamas",1,86997998,99.99
"48749","kamias",1,86997999,99.99
"48750","kanoon",1,86998000,99.99
"48751","kartel",1,86998001,99.99
"48752","kathal",1,86998002,99.99
"48753","katharsis",1,86998003,99.99
"48754","katydid",1,86998004,99.99
"48755","keawe",1,86998005,99.99
"48756","kedgeree",1,86998006,99.99
"48757","keech",1,86998007,99.99
"48758","keelboat",1,86998008,99.99
"48759","keened",1,86998009,99.99
"48760","keest",1,86998010,99.99
"48761","keeve",1,86998011,99.99
"48762","kelk",1,86998012,99.99
"48763","kelpware",1,86998013,99.99
"48764","kempster",1,86998014,99.99
"48765","kenotic",1,86998015,99.99
"48766","keratitis",1,86998016,99.99
"48767","keratoplasty",1,86998017,99.99
"48768","kermis",1,86998018,99.99
"48769","ketal",1,86998019,99.99
"48770","keup",1,86998020,99.99
"48771","khanda",1,86998021,99.99
"48772","khanjar",1,86998022,99.99
"48773","khass",1,86998023,99.99
"48774","khedivate",1,86998024,99.99
"48775","khula",1,86998025,99.99
"48776","khutbah",1,86998026,99.99
"48777","kibbler",1,86998027,99.99
"48778","kibe",1,86998028,99.99
"48779","kickout",1,86998029,99.99
"48780","kidling",1,86998030,99.99
"48781","kidskin",1,86998031,99.99
"48782","killy",1,86998032,99.99
"48783","kiloton",1,86998033,99.99
"48784","kiltie",1,86998034,99.99
"48785","kindheartedness",1,86998035,99.99
"48786","kinematic",1,86998036,99.99
"48787","kingbolt",1,86998037,99.99
"48788","kingcraft",1,86998038,99.99
"48789","kinglike",1,86998039,99.99
"48790","kingmaking",1,86998040,99.99
"48791","kingsman",1,86998041,99.99
"48792","kirking",1,86998042,99.99
"48793","kishon",1,86998043,99.99
"48794","kitcheny",1,86998044,99.99
"48795","kittendom",1,86998045,99.99
"48796","kittiwake",1,86998046,99.99
"48797","klippe",1,86998047,99.99
"48798","klops",1,86998048,99.99
"48799","knacker",1,86998049,99.99
"48800","knar",1,86998050,99.99
"48801","knavish",1,86998051,99.99
"48802","kneadable",1,86998052,99.99
"48803","kneader",1,86998053,99.99
"48804","knickered",1,86998054,99.99
"48805","knifelike",1,86998055,99.99
"48806","knobbed",1,86998056,99.99
"48807","knobble",1,86998057,99.99
"48808","knowe",1,86998058,99.99
"48809","knurled",1,86998059,99.99
"48810","kolach",1,86998060,99.99
"48811","kolkhoz",1,86998061,99.99
"48812","kookery",1,86998062,99.99
"48813","kopeck",1,86998063,99.99
"48814","koppa",1,86998064,99.99
"48815","kosong",1,86998065,99.99
"48816","kowhai",1,86998066,99.99
"48817","krait",1,86998067,99.99
"48818","krems",1,86998068,99.99
"48819","kubba",1,86998069,99.99
"48820","kunai",1,86998070,99.99
"48821","kunk",1,86998071,99.99
"48822","kunzite",1,86998072,99.99
"48823","kurtosis",1,86998073,99.99
"48824","kusha",1,86998074,99.99
"48825","kuvasz",1,86998075,99.99
"48826","kvass",1,86998076,99.99
"48827","kyphoscoliosis",1,86998077,99.99
"48828","kyphosis",1,86998078,99.99
"48829","labeller",1,86998079,99.99
"48830","labellum",1,86998080,99.99
"48831","laborous",1,86998081,99.99
"48832","labra",1,86998082,99.99
"48833","labret",1,86998083,99.99
"48834","lacca",1,86998084,99.99
"48835","laceless",1,86998085,99.99
"48836","laches",1,86998086,99.99
"48837","lachrymatory",1,86998087,99.99
"48838","lachsa",1,86998088,99.99
"48839","lackadaisically",1,86998089,99.99
"48840","laconicum",1,86998090,99.99
"48841","lactam",1,86998091,99.99
"48842","lactucarium",1,86998092,99.99
"48843","ladyfish",1,86998093,99.99
"48844","ladylove",1,86998094,99.99
"48845","lagen",1,86998095,99.99
"48846","laggardly",1,86998096,99.99
"48847","lagger",1,86998097,99.99
"48848","lamber",1,86998098,99.99
"48849","lamentingly",1,86998099,99.99
"48850","lamina",1,86998100,99.99
"48851","lampion",1,86998101,99.99
"48852","lanas",1,86998102,99.99
"48853","lancelike",1,86998103,99.99
"48854","lancewood",1,86998104,99.99
"48855","lancha",1,86998105,99.99
"48856","landgrave",1,86998106,99.99
"48857","landlessness",1,86998107,99.99
"48858","landlubbing",1,86998108,99.99
"48859","landownership",1,86998109,99.99
"48860","landslip",1,86998110,99.99
"48861","langi",1,86998111,99.99
"48862","lanket",1,86998112,99.99
"48863","lanternist",1,86998113,99.99
"48864","lanthanum",1,86998114,99.99
"48865","lanugo",1,86998115,99.99
"48866","lanum",1,86998116,99.99
"48867","laparotomy",1,86998117,99.99
"48868","larcenist",1,86998118,99.99
"48869","larghetto",1,86998119,99.99
"48870","larin",1,86998120,99.99
"48871","larking",1,86998121,99.99
"48872","larrikin",1,86998122,99.99
"48873","lastingness",1,86998123,99.99
"48874","latchet",1,86998124,99.99
"48875","laten",1,86998125,99.99
"48876","laterality",1,86998126,99.99
"48877","lateralize",1,86998127,99.99
"48878","lathhouse",1,86998128,99.99
"48879","latigo",1,86998129,99.99
"48880","lation",1,86998130,99.99
"48881","latish",1,86998131,99.99
"48882","latitudinal",1,86998132,99.99
"48883","latitudinarian",1,86998133,99.99
"48884","latron",1,86998134,99.99
"48885","lattermost",1,86998135,99.99
"48886","latus",1,86998136,99.99
"48887","laudability",1,86998137,99.99
"48888","laudator",1,86998138,99.99
"48889","launce",1,86998139,99.99
"48890","laund",1,86998140,99.99
"48891","laurate",1,86998141,99.99
"48892","lavable",1,86998142,99.99
"48893","lavatorial",1,86998143,99.99
"48894","lawk",1,86998144,99.99
"48895","lawlessly",1,86998145,99.99
"48896","lawned",1,86998146,99.99
"48897","lawyerlike",1,86998147,99.99
"48898","laxly",1,86998148,99.99
"48899","layback",1,86998149,99.99
"48900","lazaret",1,86998150,99.99
"48901","leadwood",1,86998151,99.99
"48902","leady",1,86998152,99.99
"48903","leakless",1,86998153,99.99
"48904","leakproof",1,86998154,99.99
"48905","leanly",1,86998155,99.99
"48906","leasable",1,86998156,99.99
"48907","leaser",1,86998157,99.99
"48908","leastways",1,86998158,99.99
"48909","leathercraft",1,86998159,99.99
"48910","leathering",1,86998160,99.99
"48911","leatherlike",1,86998161,99.99
"48912","leathern",1,86998162,99.99
"48913","leatherware",1,86998163,99.99
"48914","leatherwork",1,86998164,99.99
"48915","leatherworking",1,86998165,99.99
"48916","leban",1,86998166,99.99
"48917","lebensraum",1,86998167,99.99
"48918","lechuguilla",1,86998168,99.99
"48919","lecker",1,86998169,99.99
"48920","lection",1,86998170,99.99
"48921","lectual",1,86998171,99.99
"48922","ledging",1,86998172,99.99
"48923","legalist",1,86998173,99.99
"48924","legalistically",1,86998174,99.99
"48925","legenda",1,86998175,99.99
"48926","leges",1,86998176,99.99
"48927","legginess",1,86998177,99.99
"48928","legist",1,86998178,99.99
"48929","lehua",1,86998179,99.99
"48930","lemniscate",1,86998180,99.99
"48931","lemures",1,86998181,99.99
"48932","lengthiness",1,86998182,99.99
"48933","lentisk",1,86998183,99.99
"48934","lepidopterous",1,86998184,99.99
"48935","leptomeningeal",1,86998185,99.99
"48936","lepton",1,86998186,99.99
"48937","lessness",1,86998187,99.99
"48938","letterless",1,86998188,99.99
"48939","letterspace",1,86998189,99.99
"48940","leucism",1,86998190,99.99
"48941","leucopenia",1,86998191,99.99
"48942","levance",1,86998192,99.99
"48943","levelheadedness",1,86998193,99.99
"48944","levirate",1,86998194,99.99
"48945","levitational",1,86998195,99.99
"48946","lewdly",1,86998196,99.99
"48947","lewisite",1,86998197,99.99
"48948","lexia",1,86998198,99.99
"48949","lexicographic",1,86998199,99.99
"48950","lexicographically",1,86998200,99.99
"48951","lexicography",1,86998201,99.99
"48952","liard",1,86998202,99.99
"48953","libber",1,86998203,99.99
"48954","liberalist",1,86998204,99.99
"48955","liberalistic",1,86998205,99.99
"48956","liberalness",1,86998206,99.99
"48957","liberationist",1,86998207,99.99
"48958","libertinism",1,86998208,99.99
"48959","libral",1,86998209,99.99
"48960","licenser",1,86998210,99.99
"48961","licentiously",1,86998211,99.99
"48962","lichened",1,86998212,99.99
"48963","licit",1,86998213,99.99
"48964","lickerish",1,86998214,99.99
"48965","lifelessness",1,86998215,99.99
"48966","lifelikeness",1,86998216,99.99
"48967","liftable",1,86998217,99.99
"48968","lightener",1,86998218,99.99
"48969","lightheartedness",1,86998219,99.99
"48970","lightwood",1,86998220,99.99
"48971","ligure",1,86998221,99.99
"48972","lilied",1,86998222,99.99
"48973","limbus",1,86998223,99.99
"48974","limelike",1,86998224,99.99
"48975","limequat",1,86998225,99.99
"48976","limitive",1,86998226,99.99
"48977","limn",1,86998227,99.99
"48978","limpidly",1,86998228,99.99
"48979","limpness",1,86998229,99.99
"48980","limu",1,86998230,99.99
"48981","linage",1,86998231,99.99
"48982","linalool",1,86998232,99.99
"48983","lineation",1,86998233,99.99
"48984","lingerer",1,86998234,99.99
"48985","linkman",1,86998235,99.99
"48986","linter",1,86998236,99.99
"48987","lippen",1,86998237,99.99
"48988","liquorless",1,86998238,99.99
"48989","lisper",1,86998239,99.99
"48990","lispingly",1,86998240,99.99
"48991","lissom",1,86998241,99.99
"48992","lissome",1,86998242,99.99
"48993","listable",1,86998243,99.99
"48994","litas",1,86998244,99.99
"48995","literality",1,86998245,99.99
"48996","literation",1,86998246,99.99
"48997","lithely",1,86998247,99.99
"48998","lithic",1,86998248,99.99
"48999","lithologic",1,86998249,99.99
"49000","lithology",1,86998250,99.99
"49001","lithy",1,86998251,99.99
"49002","litigiously",1,86998252,99.99
"49003","litterateur",1,86998253,99.99
"49004","littermate",1,86998254,99.99
"49005","liturgiologist",1,86998255,99.99
"49006","livableness",1,86998256,99.99
"49007","liveness",1,86998257,99.99
"49008","liverwort",1,86998258,99.99
"49009","lividly",1,86998259,99.99
"49010","lividness",1,86998260,99.99
"49011","loadage",1,86998261,99.99
"49012","loathsomeness",1,86998262,99.99
"49013","loblolly",1,86998263,99.99
"49014","lobstering",1,86998264,99.99
"49015","localness",1,86998265,99.99
"49016","lockerman",1,86998266,99.99
"49017","lockless",1,86998267,99.99
"49018","locksmithing",1,86998268,99.99
"49019","locomobile",1,86998269,99.99
"49020","locustlike",1,86998270,99.99
"49021","lodestone",1,86998271,99.99
"49022","logia",1,86998272,99.99
"49023","logwood",1,86998273,99.99
"49024","loiterer",1,86998274,99.99
"49025","lomita",1,86998275,99.99
"49026","longbeard",1,86998276,99.99
"49027","longshanks",1,86998277,99.99
"49028","longspur",1,86998278,99.99
"49029","longwise",1,86998279,99.99
"49030","loof",1,86998280,99.99
"49031","loquacity",1,86998281,99.99
"49032","lory",1,86998282,99.99
"49033","losh",1,86998283,99.99
"49034","louk",1,86998284,99.99
"49035","lounder",1,86998285,99.99
"49036","lour",1,86998286,99.99
"49037","loveful",1,86998287,99.99
"49038","lovesome",1,86998288,99.99
"49039","lowa",1,86998289,99.99
"49040","lown",1,86998290,99.99
"49041","lozengy",1,86998291,99.99
"49042","lubberly",1,86998292,99.99
"49043","lubricator",1,86998293,99.99
"49044","lubricious",1,86998294,99.99
"49045","lucern",1,86998295,99.99
"49046","lufberry",1,86998296,99.99
"49047","lugubriously",1,86998297,99.99
"49048","lumberman",1,86998298,99.99
"49049","lumine",1,86998299,99.99
"49050","luminesce",1,86998300,99.99
"49051","luminiferous",1,86998301,99.99
"49052","luminist",1,86998302,99.99
"49053","luminousness",1,86998303,99.99
"49054","lunatically",1,86998304,99.99
"49055","luncher",1,86998305,99.99
"49056","lunes",1,86998306,99.99
"49057","lungis",1,86998307,99.99
"49058","lurcher",1,86998308,99.99
"49059","lurry",1,86998309,99.99
"49060","lushy",1,86998310,99.99
"49061","lustfulness",1,86998311,99.99
"49062","lustiness",1,86998312,99.99
"49063","luter",1,86998313,99.99
"49064","luxuriance",1,86998314,99.99
"49065","luxuriousness",1,86998315,99.99
"49066","lycanthropic",1,86998316,99.99
"49067","lycanthropy",1,86998317,99.99
"49068","lyingly",1,86998318,99.99
"49069","lymphadenitis",1,86998319,99.99
"49070","lymphocyte",1,86998320,99.99
"49071","lymphoid",1,86998321,99.99
"49072","lymphosarcoma",1,86998322,99.99
"49073","lymphotoxin",1,86998323,99.99
"49074","lyrist",1,86998324,99.99
"49075","lysozyme",1,86998325,99.99
"49076","macan",1,86998326,99.99
"49077","macana",1,86998327,99.99
"49078","macaronic",1,86998328,99.99
"49079","macco",1,86998329,99.99
"49080","macedoine",1,86998330,99.99
"49081","machar",1,86998331,99.99
"49082","machination",1,86998332,99.99
"49083","machinelike",1,86998333,99.99
"49084","macrocephaly",1,86998334,99.99
"49085","macrophage",1,86998335,99.99
"49086","macrophotography",1,86998336,99.99
"49087","macrostructure",1,86998337,99.99
"49088","maculate",1,86998338,99.99
"49089","madstone",1,86998339,99.99
"49090","maffick",1,86998340,99.99
"49091","magas",1,86998341,99.99
"49092","magaziner",1,86998342,99.99
"49093","magicking",1,86998343,99.99
"49094","magistery",1,86998344,99.99
"49095","magistracy",1,86998345,99.99
"49096","magistral",1,86998346,99.99
"49097","magmatic",1,86998347,99.99
"49098","magnanimousness",1,86998348,99.99
"49099","magnes",1,86998349,99.99
"49100","magnesia",1,86998350,99.99
"49101","magneta",1,86998351,99.99
"49102","magniloquence",1,86998352,99.99
"49103","magot",1,86998353,99.99
"49104","magsman",1,86998354,99.99
"49105","mahoe",1,86998355,99.99
"49106","maidan",1,86998356,99.99
"49107","maidenly",1,86998357,99.99
"49108","mainlander",1,86998358,99.99
"49109","maintop",1,86998359,99.99
"49110","majestical",1,86998360,99.99
"49111","majuscule",1,86998361,99.99
"49112","makeweight",1,86998362,99.99
"49113","makhzan",1,86998363,99.99
"49114","makimono",1,86998364,99.99
"49115","malacologist",1,86998365,99.99
"49116","malalignment",1,86998366,99.99
"49117","malapert",1,86998367,99.99
"49118","malate",1,86998368,99.99
"49119","maldigestion",1,86998369,99.99
"49120","maldistribution",1,86998370,99.99
"49121","malediction",1,86998371,99.99
"49122","malevolency",1,86998372,99.99
"49123","malignantly",1,86998373,99.99
"49124","malleus",1,86998374,99.99
"49125","malodor",1,86998375,99.99
"49126","maltase",1,86998376,99.99
"49127","maltman",1,86998377,99.99
"49128","maltreat",1,86998378,99.99
"49129","mammula",1,86998379,99.99
"49130","mamo",1,86998380,99.99
"49131","manageress",1,86998381,99.99
"49132","managerially",1,86998382,99.99
"49133","managership",1,86998383,99.99
"49134","mandatary",1,86998384,99.99
"49135","mandelic",1,86998385,99.99
"49136","manege",1,86998386,99.99
"49137","manful",1,86998387,99.99
"49138","mangue",1,86998388,99.99
"49139","manioc",1,86998389,99.99
"49140","manism",1,86998390,99.99
"49141","manist",1,86998391,99.99
"49142","manito",1,86998392,99.99
"49143","mank",1,86998393,99.99
"49144","manless",1,86998394,99.99
"49145","mannerable",1,86998395,99.99
"49146","manorial",1,86998396,99.99
"49147","manque",1,86998397,99.99
"49148","mantic",1,86998398,99.99
"49149","manufacturable",1,86998399,99.99
"49150","manumission",1,86998400,99.99
"49151","manway",1,86998401,99.99
"49152","manzil",1,86998402,99.99
"49153","maquette",1,86998403,99.99
"49154","marantic",1,86998404,99.99
"49155","marasca",1,86998405,99.99
"49156","marconigram",1,86998406,99.99
"49157","margarite",1,86998407,99.99
"49158","margrave",1,86998408,99.99
"49159","margraviate",1,86998409,99.99
"49160","maritally",1,86998410,99.99
"49161","marled",1,86998411,99.99
"49162","marshman",1,86998412,99.99
"49163","martingale",1,86998413,99.99
"49164","martyrologium",1,86998414,99.99
"49165","mashallah",1,86998415,99.99
"49166","mashman",1,86998416,99.99
"49167","masquerader",1,86998417,99.99
"49168","massless",1,86998418,99.99
"49169","mastaba",1,86998419,99.99
"49170","masterless",1,86998420,99.99
"49171","masterwort",1,86998421,99.99
"49172","mastoid",1,86998422,99.99
"49173","mastoiditis",1,86998423,99.99
"49174","matagouri",1,86998424,99.99
"49175","matanza",1,86998425,99.99
"49176","matchlock",1,86998426,99.99
"49177","maternally",1,86998427,99.99
"49178","matra",1,86998428,99.99
"49179","matriculant",1,86998429,99.99
"49180","maund",1,86998430,99.99
"49181","mawkishness",1,86998431,99.99
"49182","maycock",1,86998432,99.99
"49183","mayoress",1,86998433,99.99
"49184","mazed",1,86998434,99.99
"49185","mazuma",1,86998435,99.99
"49186","meadowed",1,86998436,99.99
"49187","meadowy",1,86998437,99.99
"49188","mealiness",1,86998438,99.99
"49189","meaned",1,86998439,99.99
"49190","measle",1,86998440,99.99
"49191","measurability",1,86998441,99.99
"49192","measurer",1,86998442,99.99
"49193","meathook",1,86998443,99.99
"49194","meatman",1,86998444,99.99
"49195","mechanize",1,86998445,99.99
"49196","mediacy",1,86998446,99.99
"49197","medially",1,86998447,99.99
"49198","mediative",1,86998448,99.99
"49199","mediatory",1,86998449,99.99
"49200","medicator",1,86998450,99.99
"49201","medicolegal",1,86998451,99.99
"49202","medievalism",1,86998452,99.99
"49203","medievally",1,86998453,99.99
"49204","meditatively",1,86998454,99.99
"49205","meditativeness",1,86998455,99.99
"49206","mediumism",1,86998456,99.99
"49207","medius",1,86998457,99.99
"49208","meeken",1,86998458,99.99
"49209","meerschaum",1,86998459,99.99
"49210","meeter",1,86998460,99.99
"49211","megalith",1,86998461,99.99
"49212","megalomaniacal",1,86998462,99.99
"49213","megatherm",1,86998463,99.99
"49214","megohm",1,86998464,99.99
"49215","mehari",1,86998465,99.99
"49216","melampodium",1,86998466,99.99
"49217","melancholically",1,86998467,99.99
"49218","melanistic",1,86998468,99.99
"49219","meline",1,86998469,99.99
"49220","meliponine",1,86998470,99.99
"49221","mellisonant",1,86998471,99.99
"49222","mellowly",1,86998472,99.99
"49223","melodion",1,86998473,99.99
"49224","meltable",1,86998474,99.99
"49225","melters",1,86998475,99.99
"49226","membered",1,86998476,99.99
"49227","memorability",1,86998477,99.99
"49228","mendaciously",1,86998478,99.99
"49229","mendicancy",1,86998479,99.99
"49230","meninges",1,86998480,99.99
"49231","meningoencephalitis",1,86998481,99.99
"49232","mentalism",1,86998482,99.99
"49233","mentation",1,86998483,99.99
"49234","menthone",1,86998484,99.99
"49235","mephitic",1,86998485,99.99
"49236","merbaby",1,86998486,99.99
"49237","merchantable",1,86998487,99.99
"49238","merestone",1,86998488,99.99
"49239","meretrix",1,86998489,99.99
"49240","merfolk",1,86998490,99.99
"49241","mergence",1,86998491,99.99
"49242","meriter",1,86998492,99.99
"49243","merpeople",1,86998493,99.99
"49244","mese",1,86998494,99.99
"49245","mesic",1,86998495,99.99
"49246","mesmerically",1,86998496,99.99
"49247","mesmerism",1,86998497,99.99
"49248","mesopic",1,86998498,99.99
"49249","messman",1,86998499,99.99
"49250","metalanguage",1,86998500,99.99
"49251","metalcraft",1,86998501,99.99
"49252","metalliferous",1,86998502,99.99
"49253","metalloid",1,86998503,99.99
"49254","metamorphous",1,86998504,99.99
"49255","metaphenomenal",1,86998505,99.99
"49256","metaphysicist",1,86998506,99.99
"49257","metastable",1,86998507,99.99
"49258","metatarsophalangeal",1,86998508,99.99
"49259","methanal",1,86998509,99.99
"49260","methodic",1,86998510,99.99
"49261","methodologically",1,86998511,99.99
"49262","methylamine",1,86998512,99.99
"49263","metonymy",1,86998513,99.99
"49264","metrically",1,86998514,99.99
"49265","metrology",1,86998515,99.99
"49266","metronomically",1,86998516,99.99
"49267","mettlesome",1,86998517,99.99
"49268","metze",1,86998518,99.99
"49269","mewl",1,86998519,99.99
"49270","miaow",1,86998520,99.99
"49271","miasmic",1,86998521,99.99
"49272","microbicide",1,86998522,99.99
"49273","microcephaly",1,86998523,99.99
"49274","microcopy",1,86998524,99.99
"49275","microcosmos",1,86998525,99.99
"49276","microcrystalline",1,86998526,99.99
"49277","microdose",1,86998527,99.99
"49278","microfauna",1,86998528,99.99
"49279","microglia",1,86998529,99.99
"49280","micrography",1,86998530,99.99
"49281","microlite",1,86998531,99.99
"49282","microlith",1,86998532,99.99
"49283","micrometer",1,86998533,99.99
"49284","micronucleus",1,86998534,99.99
"49285","micropathological",1,86998535,99.99
"49286","microphotography",1,86998536,99.99
"49287","micropore",1,86998537,99.99
"49288","microscopist",1,86998538,99.99
"49289","microsporic",1,86998539,99.99
"49290","microstructure",1,86998540,99.99
"49291","middler",1,86998541,99.99
"49292","middy",1,86998542,99.99
"49293","mide",1,86998543,99.99
"49294","midiron",1,86998544,99.99
"49295","midmonth",1,86998545,99.99
"49296","militarist",1,86998546,99.99
"49297","militaristically",1,86998547,99.99
"49298","milkfish",1,86998548,99.99
"49299","milkhouse",1,86998549,99.99
"49300","milkwort",1,86998550,99.99
"49301","millenarian",1,86998551,99.99
"49302","millenarianism",1,86998552,99.99
"49303","millennialist",1,86998553,99.99
"49304","millsite",1,86998554,99.99
"49305","millstream",1,86998555,99.99
"49306","millward",1,86998556,99.99
"49307","mimine",1,86998557,99.99
"49308","mineralogical",1,86998558,99.99
"49309","mingler",1,86998559,99.99
"49310","ministrant",1,86998560,99.99
"49311","minium",1,86998561,99.99
"49312","minning",1,86998562,99.99
"49313","mintage",1,86998563,99.99
"49314","minuteness",1,86998564,99.99
"49315","mirliton",1,86998565,99.99
"49316","mirthfully",1,86998566,99.99
"49317","mirthlessly",1,86998567,99.99
"49318","misappropriate",1,86998568,99.99
"49319","miscellanea",1,86998569,99.99
"49320","mischievousness",1,86998570,99.99
"49321","misconfiguration",1,86998571,99.99
"49322","miscount",1,86998572,99.99
"49323","miscreation",1,86998573,99.99
"49324","miscredited",1,86998574,99.99
"49325","miscut",1,86998575,99.99
"49326","miserableness",1,86998576,99.99
"49327","misestimate",1,86998577,99.99
"49328","misfield",1,86998578,99.99
"49329","misgiving",1,86998579,99.99
"49330","mishandle",1,86998580,99.99
"49331","mishappen",1,86998581,99.99
"49332","mislay",1,86998582,99.99
"49333","mismeasure",1,86998583,99.99
"49334","misogynism",1,86998584,99.99
"49335","misogynous",1,86998585,99.99
"49336","misparse",1,86998586,99.99
"49337","misprision",1,86998587,99.99
"49338","misshape",1,86998588,99.99
"49339","missioner",1,86998589,99.99
"49340","misspeak",1,86998590,99.99
"49341","mistakingly",1,86998591,99.99
"49342","mistell",1,86998592,99.99
"49343","mistic",1,86998593,99.99
"49344","mistiness",1,86998594,99.99
"49345","mitigator",1,86998595,99.99
"49346","mitsumata",1,86998596,99.99
"49347","mity",1,86998597,99.99
"49348","mixable",1,86998598,99.99
"49349","mizzen",1,86998599,99.99
"49350","mizzenmast",1,86998600,99.99
"49351","mizzle",1,86998601,99.99
"49352","mnemonist",1,86998602,99.99
"49353","mobby",1,86998603,99.99
"49354","modalism",1,86998604,99.99
"49355","modalist",1,86998605,99.99
"49356","modeller",1,86998606,99.99
"49357","moderner",1,86998607,99.99
"49358","modernish",1,86998608,99.99
"49359","modernly",1,86998609,99.99
"49360","modishly",1,86998610,99.99
"49361","modishness",1,86998611,99.99
"49362","modiste",1,86998612,99.99
"49363","mofussil",1,86998613,99.99
"49364","mogador",1,86998614,99.99
"49365","moiety",1,86998615,99.99
"49366","moit",1,86998616,99.99
"49367","mojarra",1,86998617,99.99
"49368","moki",1,86998618,99.99
"49369","molland",1,86998619,99.99
"49370","mollycoddler",1,86998620,99.99
"49371","molossus",1,86998621,99.99
"49372","monadology",1,86998622,99.99
"49373","monarchal",1,86998623,99.99
"49374","monastically",1,86998624,99.99
"49375","monatomic",1,86998625,99.99
"49376","monergism",1,86998626,99.99
"49377","moneywise",1,86998627,99.99
"49378","moneywort",1,86998628,99.99
"49379","mongery",1,86998629,99.99
"49380","mongrelization",1,86998630,99.99
"49381","monition",1,86998631,99.99
"49382","monkeyface",1,86998632,99.99
"49383","monkeyish",1,86998633,99.99
"49384","monkly",1,86998634,99.99
"49385","monocalcium",1,86998635,99.99
"49386","monocarpic",1,86998636,99.99
"49387","monochord",1,86998637,99.99
"49388","monochromatically",1,86998638,99.99
"49389","monochromic",1,86998639,99.99
"49390","monochromous",1,86998640,99.99
"49391","monocled",1,86998641,99.99
"49392","monocyte",1,86998642,99.99
"49393","monocytic",1,86998643,99.99
"49394","monodic",1,86998644,99.99
"49395","monogamously",1,86998645,99.99
"49396","monogenic",1,86998646,99.99
"49397","mononitrate",1,86998647,99.99
"49398","mononuclear",1,86998648,99.99
"49399","monoplane",1,86998649,99.99
"49400","monopolar",1,86998650,99.99
"49401","monoscope",1,86998651,99.99
"49402","monotonically",1,86998652,99.99
"49403","monotreme",1,86998653,99.99
"49404","monotypic",1,86998654,99.99
"49405","monovalent",1,86998655,99.99
"49406","monseigneur",1,86998656,99.99
"49407","monstrousness",1,86998657,99.99
"49408","montant",1,86998658,99.99
"49409","montgolfier",1,86998659,99.99
"49410","monture",1,86998660,99.99
"49411","mools",1,86998661,99.99
"49412","mooner",1,86998662,99.99
"49413","moonfaced",1,86998663,99.99
"49414","moonfish",1,86998664,99.99
"49415","moonflower",1,86998665,99.99
"49416","moonish",1,86998666,99.99
"49417","moonlike",1,86998667,99.99
"49418","moonman",1,86998668,99.99
"49419","moonseed",1,86998669,99.99
"49420","moonshiny",1,86998670,99.99
"49421","moost",1,86998671,99.99
"49422","mooting",1,86998672,99.99
"49423","mophead",1,86998673,99.99
"49424","mopish",1,86998674,99.99
"49425","mopla",1,86998675,99.99
"49426","mopper",1,86998676,99.99
"49427","moralization",1,86998677,99.99
"49428","mordent",1,86998678,99.99
"49429","morella",1,86998679,99.99
"49430","morepork",1,86998680,99.99
"49431","morne",1,86998681,99.99
"49432","moronism",1,86998682,99.99
"49433","morosity",1,86998683,99.99
"49434","morphic",1,86998684,99.99
"49435","morphogenetic",1,86998685,99.99
"49436","morphologically",1,86998686,99.99
"49437","morsal",1,86998687,99.99
"49438","mortarless",1,86998688,99.99
"49439","mortifyingly",1,86998689,99.99
"49440","mortmain",1,86998690,99.99
"49441","morula",1,86998691,99.99
"49442","morule",1,86998692,99.99
"49443","mosaicism",1,86998693,99.99
"49444","mosaicist",1,86998694,99.99
"49445","mossback",1,86998695,99.99
"49446","moste",1,86998696,99.99
"49447","moted",1,86998697,99.99
"49448","mothery",1,86998698,99.99
"49449","mothlike",1,86998699,99.99
"49450","motile",1,86998700,99.99
"49451","motional",1,86998701,99.99
"49452","motoneuron",1,86998702,99.99
"49453","motorable",1,86998703,99.99
"49454","motoric",1,86998704,99.99
"49455","motorless",1,86998705,99.99
"49456","mountainy",1,86998706,99.99
"49457","mountebank",1,86998707,99.99
"49458","mournfulness",1,86998708,99.99
"49459","mousily",1,86998709,99.99
"49460","moutan",1,86998710,99.99
"49461","moveless",1,86998711,99.99
"49462","mowie",1,86998712,99.99
"49463","moyen",1,86998713,99.99
"49464","mucilaginous",1,86998714,99.99
"49465","mucket",1,86998715,99.99
"49466","mudbank",1,86998716,99.99
"49467","muddily",1,86998717,99.99
"49468","mudguard",1,86998718,99.99
"49469","mudsill",1,86998719,99.99
"49470","mudskipper",1,86998720,99.99
"49471","mudstone",1,86998721,99.99
"49472","muhammadi",1,86998722,99.99
"49473","mulcher",1,86998723,99.99
"49474","mulefoot",1,86998724,99.99
"49475","muleteer",1,86998725,99.99
"49476","muley",1,86998726,99.99
"49477","muliebrity",1,86998727,99.99
"49478","mulishness",1,86998728,99.99
"49479","mulita",1,86998729,99.99
"49480","mulley",1,86998730,99.99
"49481","mullion",1,86998731,99.99
"49482","multibranched",1,86998732,99.99
"49483","multicellular",1,86998733,99.99
"49484","multicylinder",1,86998734,99.99
"49485","multiform",1,86998735,99.99
"49486","multilaterally",1,86998736,99.99
"49487","multilocation",1,86998737,99.99
"49488","multimotored",1,86998738,99.99
"49489","multipara",1,86998739,99.99
"49490","multiplane",1,86998740,99.99
"49491","multiplicative",1,86998741,99.99
"49492","multiramified",1,86998742,99.99
"49493","multistoried",1,86998743,99.99
"49494","multithreaded",1,86998744,99.99
"49495","multivocal",1,86998745,99.99
"49496","mummichog",1,86998746,99.99
"49497","mummied",1,86998747,99.99
"49498","mump",1,86998748,99.99
"49499","munga",1,86998749,99.99
"49500","munificence",1,86998750,99.99
"49501","muniment",1,86998751,99.99
"49502","munity",1,86998752,99.99
"49503","muntjac",1,86998753,99.99
"49504","murderousness",1,86998754,99.99
"49505","muriatic",1,86998755,99.99
"49506","murmurer",1,86998756,99.99
"49507","murmurous",1,86998757,99.99
"49508","murre",1,86998758,99.99
"49509","murshid",1,86998759,99.99
"49510","musang",1,86998760,99.99
"49511","muser",1,86998761,99.99
"49512","musha",1,86998762,99.99
"49513","mushily",1,86998763,99.99
"49514","mushroomlike",1,86998764,99.99
"49515","musico",1,86998765,99.99
"49516","muskeg",1,86998766,99.99
"49517","muskiness",1,86998767,99.99
"49518","mustelid",1,86998768,99.99
"49519","mutineer",1,86998769,99.99
"49520","mutism",1,86998770,99.99
"49521","mutualism",1,86998771,99.99
"49522","mutualist",1,86998772,99.99
"49523","mutualization",1,86998773,99.99
"49524","myectomy",1,86998774,99.99
"49525","myelinated",1,86998775,99.99
"49526","myelination",1,86998776,99.99
"49527","myelocytic",1,86998777,99.99
"49528","mygale",1,86998778,99.99
"49529","myiasis",1,86998779,99.99
"49530","myna",1,86998780,99.99
"49531","myocarditis",1,86998781,99.99
"49532","myology",1,86998782,99.99
"49533","myoma",1,86998783,99.99
"49534","myomectomy",1,86998784,99.99
"49535","myrtal",1,86998785,99.99
"49536","mysophobia",1,86998786,99.99
"49537","mysticality",1,86998787,99.99
"49538","mythomaniac",1,86998788,99.99
"49539","mythopoesis",1,86998789,99.99
"49540","mythopoet",1,86998790,99.99
"49541","nacarat",1,86998791,99.99
"49542","nacelle",1,86998792,99.99
"49543","nacreous",1,86998793,99.99
"49544","naething",1,86998794,99.99
"49545","nagara",1,86998795,99.99
"49546","naggingly",1,86998796,99.99
"49547","naggle",1,86998797,99.99
"49548","nailbrush",1,86998798,99.99
"49549","nailshop",1,86998799,99.99
"49550","nairy",1,86998800,99.99
"49551","naissant",1,86998801,99.99
"49552","namaz",1,86998802,99.99
"49553","nameable",1,86998803,99.99
"49554","namelessly",1,86998804,99.99
"49555","napery",1,86998805,99.99
"49556","nappe",1,86998806,99.99
"49557","narcissi",1,86998807,99.99
"49558","naric",1,86998808,99.99
"49559","narra",1,86998809,99.99
"49560","narratable",1,86998810,99.99
"49561","nasalization",1,86998811,99.99
"49562","natality",1,86998812,99.99
"49563","nathe",1,86998813,99.99
"49564","nativeness",1,86998814,99.99
"49565","nativistic",1,86998815,99.99
"49566","nattered",1,86998816,99.99
"49567","nauseousness",1,86998817,99.99
"49568","nautically",1,86998818,99.99
"49569","navigability",1,86998819,99.99
"49570","naysay",1,86998820,99.99
"49571","naze",1,86998821,99.99
"49572","nearabouts",1,86998822,99.99
"49573","nebular",1,86998823,99.99
"49574","nebulousness",1,86998824,99.99
"49575","neckband",1,86998825,99.99
"49576","neckful",1,86998826,99.99
"49577","necklaced",1,86998827,99.99
"49578","necklet",1,86998828,99.99
"49579","necrology",1,86998829,99.99
"49580","necrophile",1,86998830,99.99
"49581","necrotize",1,86998831,99.99
"49582","nectarivorous",1,86998832,99.99
"49583","needfully",1,86998833,99.99
"49584","needlelike",1,86998834,99.99
"49585","neeld",1,86998835,99.99
"49586","neep",1,86998836,99.99
"49587","negator",1,86998837,99.99
"49588","neglective",1,86998838,99.99
"49589","negligibility",1,86998839,99.99
"49590","nekton",1,86998840,99.99
"49591","nenuphar",1,86998841,99.99
"49592","neological",1,86998842,99.99
"49593","neologize",1,86998843,99.99
"49594","neology",1,86998844,99.99
"49595","neophobic",1,86998845,99.99
"49596","neoteric",1,86998846,99.99
"49597","nephele",1,86998847,99.99
"49598","nepotic",1,86998848,99.99
"49599","nerver",1,86998849,99.99
"49600","nettling",1,86998850,99.99
"49601","neuralgic",1,86998851,99.99
"49602","neurasthenia",1,86998852,99.99
"49603","neurite",1,86998853,99.99
"49604","neuritis",1,86998854,99.99
"49605","neuroanatomy",1,86998855,99.99
"49606","neuromotor",1,86998856,99.99
"49607","neuromyelitis",1,86998857,99.99
"49608","neuropathologist",1,86998858,99.99
"49609","neuropathology",1,86998859,99.99
"49610","neuropsychiatrist",1,86998860,99.99
"49611","neurotherapeutics",1,86998861,99.99
"49612","neutralist",1,86998862,99.99
"49613","nevo",1,86998863,99.99
"49614","newsworthiness",1,86998864,99.99
"49615","newtonite",1,86998865,99.99
"49616","niata",1,86998866,99.99
"49617","nibong",1,86998867,99.99
"49618","niceish",1,86998868,99.99
"49619","nicotinamide",1,86998869,99.99
"49620","nictitate",1,86998870,99.99
"49621","nide",1,86998871,99.99
"49622","nightcaps",1,86998872,99.99
"49623","nighted",1,86998873,99.99
"49624","nilgai",1,86998874,99.99
"49625","nimb",1,86998875,99.99
"49626","nimbosity",1,86998876,99.99
"49627","nincompoopery",1,86998877,99.99
"49628","ninepins",1,86998878,99.99
"49629","ninnyhammer",1,86998879,99.99
"49630","ninon",1,86998880,99.99
"49631","ninut",1,86998881,99.99
"49632","nither",1,86998882,99.99
"49633","nithing",1,86998883,99.99
"49634","nitrocellulose",1,86998884,99.99
"49635","nival",1,86998885,99.99
"49636","nobbut",1,86998886,99.99
"49637","nobby",1,86998887,99.99
"49638","nobley",1,86998888,99.99
"49639","nocent",1,86998889,99.99
"49640","noctilucent",1,86998890,99.99
"49641","nodular",1,86998891,99.99
"49642","nogging",1,86998892,99.99
"49643","noiselessness",1,86998893,99.99
"49644","noisemaking",1,86998894,99.99
"49645","noisiness",1,86998895,99.99
"49646","nomenclator",1,86998896,99.99
"49647","nomenclatural",1,86998897,99.99
"49648","nomic",1,86998898,99.99
"49649","nomina",1,86998899,99.99
"49650","nonacceptance",1,86998900,99.99
"49651","nonactionable",1,86998901,99.99
"49652","nonadventurous",1,86998902,99.99
"49653","nonathletic",1,86998903,99.99
"49654","nonattainment",1,86998904,99.99
"49655","nonbacterial",1,86998905,99.99
"49656","nonbelieving",1,86998906,99.99
"49657","nonblocking",1,86998907,99.99
"49658","nonblooming",1,86998908,99.99
"49659","nonbreakable",1,86998909,99.99
"49660","nonbusiness",1,86998910,99.99
"49661","noncanonical",1,86998911,99.99
"49662","noncapital",1,86998912,99.99
"49663","nonclassical",1,86998913,99.99
"49664","nonclinical",1,86998914,99.99
"49665","noncoercive",1,86998915,99.99
"49666","noncommunication",1,86998916,99.99
"49667","noncommunist",1,86998917,99.99
"49668","noncon",1,86998918,99.99
"49669","nonconsenting",1,86998919,99.99
"49670","noncontiguous",1,86998920,99.99
"49671","nonconvertible",1,86998921,99.99
"49672","noncreative",1,86998922,99.99
"49673","noncurrent",1,86998923,99.99
"49674","nondancer",1,86998924,99.99
"49675","nondangerous",1,86998925,99.99
"49676","nondemocratic",1,86998926,99.99
"49677","nondenial",1,86998927,99.99
"49678","nondevelopment",1,86998928,99.99
"49679","nondiscretionary",1,86998929,99.99
"49680","nondomestic",1,86998930,99.99
"49681","nonedible",1,86998931,99.99
"49682","nonelection",1,86998932,99.99
"49683","nonelimination",1,86998933,99.99
"49684","nonemotional",1,86998934,99.99
"49685","nonendorsement",1,86998935,99.99
"49686","nonenforcement",1,86998936,99.99
"49687","nonengagement",1,86998937,99.99
"49688","nonepileptic",1,86998938,99.99
"49689","nonexempt",1,86998939,99.99
"49690","nonexpansion",1,86998940,99.99
"49691","nonexpert",1,86998941,99.99
"49692","nonfigurative",1,86998942,99.99
"49693","nonfiscal",1,86998943,99.99
"49694","nongravity",1,86998944,99.99
"49695","nonhereditary",1,86998945,99.99
"49696","nonhumorous",1,86998946,99.99
"49697","nonimpact",1,86998947,99.99
"49698","nonindictable",1,86998948,99.99
"49699","nonindustrial",1,86998949,99.99
"49700","noninfectious",1,86998950,99.99
"49701","noninterference",1,86998951,99.99
"49702","nonjury",1,86998952,99.99
"49703","nonmarine",1,86998953,99.99
"49704","nonmaternal",1,86998954,99.99
"49705","nonmetal",1,86998955,99.99
"49706","nonmystical",1,86998956,99.99
"49707","nonobjective",1,86998957,99.99
"49708","nonobligatory",1,86998958,99.99
"49709","nonobstructive",1,86998959,99.99
"49710","nonoffender",1,86998960,99.99
"49711","nonoperating",1,86998961,99.99
"49712","nonoptional",1,86998962,99.99
"49713","nonparental",1,86998963,99.99
"49714","nonparticipation",1,86998964,99.99
"49715","nonpartisanship",1,86998965,99.99
"49716","nonperformer",1,86998966,99.99
"49717","nonplastic",1,86998967,99.99
"49718","nonplus",1,86998968,99.99
"49719","nonpregnant",1,86998969,99.99
"49720","nonpremium",1,86998970,99.99
"49721","nonrecourse",1,86998971,99.99
"49722","nonredemption",1,86998972,99.99
"49723","nonrefillable",1,86998973,99.99
"49724","nonregistered",1,86998974,99.99
"49725","nonrelative",1,86998975,99.99
"49726","nonresistance",1,86998976,99.99
"49727","nonsacred",1,86998977,99.99
"49728","nonsale",1,86998978,100
"49729","nonseasonal",1,86998979,100
"49730","nonsecretory",1,86998980,100
"49731","nonsensicalness",1,86998981,100
"49732","nonslip",1,86998982,100
"49733","nonsocial",1,86998983,100
"49734","nonspeaking",1,86998984,100
"49735","nonspecialist",1,86998985,100
"49736","nonstudent",1,86998986,100
"49737","nonsubscription",1,86998987,100
"49738","nonsupport",1,86998988,100
"49739","nonsymphonic",1,86998989,100
"49740","nontax",1,86998990,100
"49741","nonteacher",1,86998991,100
"49742","nontechnical",1,86998992,100
"49743","nontheistic",1,86998993,100
"49744","nontheological",1,86998994,100
"49745","nontherapeutic",1,86998995,100
"49746","nonthinking",1,86998996,100
"49747","nontourist",1,86998997,100
"49748","nontropical",1,86998998,100
"49749","nonuniversal",1,86998999,100
"49750","nonvenomous",1,86999000,100
"49751","nonviable",1,86999001,100
"49752","nonvocal",1,86999002,100
"49753","nonzero",1,86999003,100
"49754","noop",1,86999004,100
"49755","normalness",1,86999005,100
"49756","normatively",1,86999006,100
"49757","northing",1,86999007,100
"49758","northwester",1,86999008,100
"49759","northwestward",1,86999009,100
"49760","noseband",1,86999010,100
"49761","nosebone",1,86999011,100
"49762","nosegay",1,86999012,100
"49763","nostic",1,86999013,100
"49764","notan",1,86999014,100
"49765","notational",1,86999015,100
"49766","notchy",1,86999016,100
"49767","notelet",1,86999017,100
"49768","noter",1,86999018,100
"49769","nothingism",1,86999019,100
"49770","notifiable",1,86999020,100
"49771","notifier",1,86999021,100
"49772","nourisher",1,86999022,100
"49773","nowanights",1,86999023,100
"49774","noways",1,86999024,100
"49775","nowhereness",1,86999025,100
"49776","noyau",1,86999026,100
"49777","nubbin",1,86999027,100
"49778","nuchal",1,86999028,100
"49779","nuclease",1,86999029,100
"49780","nucleation",1,86999030,100
"49781","nugatory",1,86999031,100
"49782","nullable",1,86999032,100
"49783","numerable",1,86999033,100
"49784","numerosity",1,86999034,100
"49785","numerously",1,86999035,100
"49786","numismatics",1,86999036,100
"49787","numismatist",1,86999037,100
"49788","nursegirl",1,86999038,100
"49789","nutation",1,86999039,100
"49790","nutlet",1,86999040,100
"49791","nuttery",1,86999041,100
"49792","nyanza",1,86999042,100
"49793","oafishly",1,86999043,100
"49794","oam",1,86999044,100
"49795","oared",1,86999045,100
"49796","obeisant",1,86999046,100
"49797","objectionably",1,86999047,100
"49798","objectional",1,86999048,100
"49799","obligee",1,86999049,100
"49800","obligement",1,86999050,100
"49801","obliqueness",1,86999051,100
"49802","obmutescence",1,86999052,100
"49803","obscuration",1,86999053,100
"49804","obscurer",1,86999054,100
"49805","obsessor",1,86999055,100
"49806","obstetrically",1,86999056,100
"49807","obstinance",1,86999057,100
"49808","obtainment",1,86999058,100
"49809","obtrude",1,86999059,100
"49810","obturator",1,86999060,100
"49811","obtusely",1,86999061,100
"49812","obtuseness",1,86999062,100
"49813","occiput",1,86999063,100
"49814","occlude",1,86999064,100
"49815","occlusion",1,86999065,100
"49816","occultation",1,86999066,100
"49817","occupiable",1,86999067,100
"49818","ocelli",1,86999068,100
"49819","ochro",1,86999069,100
"49820","ocote",1,86999070,100
"49821","octopodes",1,86999071,100
"49822","octoroon",1,86999072,100
"49823","octuple",1,86999073,100
"49824","oculist",1,86999074,100
"49825","odel",1,86999075,100
"49826","odored",1,86999076,100
"49827","oestrus",1,86999077,100
"49828","offerable",1,86999078,100
"49829","offeree",1,86999079,100
"49830","offhandedness",1,86999080,100
"49831","officership",1,86999081,100
"49832","officiality",1,86999082,100
"49833","officialize",1,86999083,100
"49834","officiator",1,86999084,100
"49835","officiousness",1,86999085,100
"49836","offsider",1,86999086,100
"49837","ogreish",1,86999087,100
"49838","ogress",1,86999088,100
"49839","ohmage",1,86999089,100
"49840","oilily",1,86999090,100
"49841","oisin",1,86999091,100
"49842","olease",1,86999092,100
"49843","olefin",1,86999093,100
"49844","olfactive",1,86999094,100
"49845","olfactorily",1,86999095,100
"49846","oligarchical",1,86999096,100
"49847","oligopolistic",1,86999097,100
"49848","olivine",1,86999098,100
"49849","ologist",1,86999099,100
"49850","olpe",1,86999100,100
"49851","omnibenevolent",1,86999101,100
"49852","omnicompetence",1,86999102,100
"49853","omnific",1,86999103,100
"49854","omnipresently",1,86999104,100
"49855","onanist",1,86999105,100
"49856","onchocerciasis",1,86999106,100
"49857","oneiromancy",1,86999107,100
"49858","onionskin",1,86999108,100
"49859","onlay",1,86999109,100
"49860","onomastic",1,86999110,100
"49861","onomatopoetically",1,86999111,100
"49862","ontogeny",1,86999112,100
"49863","ontography",1,86999113,100
"49864","onychomycosis",1,86999114,100
"49865","oolite",1,86999115,100
"49866","oology",1,86999116,100
"49867","ooziness",1,86999117,100
"49868","opacify",1,86999118,100
"49869","opalescence",1,86999119,100
"49870","opaline",1,86999120,100
"49871","openable",1,86999121,100
"49872","opencast",1,86999122,100
"49873","openheartedness",1,86999123,100
"49874","openwork",1,86999124,100
"49875","ophidian",1,86999125,100
"49876","ophthalmological",1,86999126,100
"49877","optative",1,86999127,100
"49878","opticon",1,86999128,100
"49879","orangebird",1,86999129,100
"49880","orangeman",1,86999130,100
"49881","oratorial",1,86999131,100
"49882","orchesis",1,86999132,100
"49883","orderedness",1,86999133,100
"49884","orderless",1,86999134,100
"49885","ordinally",1,86999135,100
"49886","oread",1,86999136,100
"49887","organoleptic",1,86999137,100
"49888","organometallic",1,86999138,100
"49889","organum",1,86999139,100
"49890","orlet",1,86999140,100
"49891","orlo",1,86999141,100
"49892","ormer",1,86999142,100
"49893","ornamentally",1,86999143,100
"49894","ornithologically",1,86999144,100
"49895","orogeny",1,86999145,100
"49896","oronoco",1,86999146,100
"49897","orotund",1,86999147,100
"49898","orphanhood",1,86999148,100
"49899","orsel",1,86999149,100
"49900","orthographic",1,86999150,100
"49901","orthography",1,86999151,100
"49902","orthopedically",1,86999152,100
"49903","orthophonic",1,86999153,100
"49904","orthopraxis",1,86999154,100
"49905","orthopteran",1,86999155,100
"49906","orthorhombic",1,86999156,100
"49907","oscular",1,86999157,100
"49908","osculate",1,86999158,100
"49909","osculation",1,86999159,100
"49910","oside",1,86999160,100
"49911","osmeterium",1,86999161,100
"49912","osmic",1,86999162,100
"49913","ostentatiousness",1,86999163,100
"49914","osteochondritis",1,86999164,100
"49915","osteological",1,86999165,100
"49916","osteology",1,86999166,100
"49917","osteolysis",1,86999167,100
"49918","osteomyelitis",1,86999168,100
"49919","otherwhere",1,86999169,100
"49920","otiose",1,86999170,100
"49921","otoplasty",1,86999171,100
"49922","ounds",1,86999172,100
"49923","outclimb",1,86999173,100
"49924","outcoming",1,86999174,100
"49925","outdazzle",1,86999175,100
"49926","outdistance",1,86999176,100
"49927","outdraft",1,86999177,100
"49928","outdrive",1,86999178,100
"49929","outeat",1,86999179,100
"49930","outflux",1,86999180,100
"49931","outgain",1,86999181,100
"49932","outgas",1,86999182,100
"49933","outgoingness",1,86999183,100
"49934","outgone",1,86999184,100
"49935","outgun",1,86999185,100
"49936","outish",1,86999186,100
"49937","outjest",1,86999187,100
"49938","outlash",1,86999188,100
"49939","outliner",1,86999189,100
"49940","outpass",1,86999190,100
"49941","outpoint",1,86999191,100
"49942","outpoll",1,86999192,100
"49943","outproduce",1,86999193,100
"49944","outride",1,86999194,100
"49945","outsight",1,86999195,100
"49946","outspread",1,86999196,100
"49947","outstart",1,86999197,100
"49948","outstay",1,86999198,100
"49949","outsting",1,86999199,100
"49950","outstretch",1,86999200,100
"49951","outswing",1,86999201,100
"49952","outwait",1,86999202,100
"49953","outwalk",1,86999203,100
"49954","outwent",1,86999204,100
"49955","outwood",1,86999205,100
"49956","ovariohysterectomy",1,86999206,100
"49957","ovenbird",1,86999207,100
"49958","overaction",1,86999208,100
"49959","overarch",1,86999209,100
"49960","overarm",1,86999210,100
"49961","overawe",1,86999211,100
"49962","overbeating",1,86999212,100
"49963","overberg",1,86999213,100
"49964","overblowing",1,86999214,100
"49965","overbred",1,86999215,100
"49966","overbrown",1,86999216,100
"49967","overcasting",1,86999217,100
"49968","overcoating",1,86999218,100
"49969","overcompensatory",1,86999219,100
"49970","overcompetitive",1,86999220,100
"49971","overconcentration",1,86999221,100
"49972","overconscious",1,86999222,100
"49973","overcorrect",1,86999223,100
"49974","overcorrection",1,86999224,100
"49975","overcritical",1,86999225,100
"49976","overcup",1,86999226,100
"49977","overdemand",1,86999227,100
"49978","overdetermined",1,86999228,100
"49979","overdye",1,86999229,100
"49980","overeasy",1,86999230,100
"49981","overeaten",1,86999231,100
"49982","overemotional",1,86999232,100
"49983","overemphatic",1,86999233,100
"49984","overexpansion",1,86999234,100
"49985","overexuberant",1,86999235,100
"49986","overfamiliar",1,86999236,100
"49987","overfold",1,86999237,100
"49988","overkeen",1,86999238,100
"49989","overlearn",1,86999239,100
"49990","overlie",1,86999240,100
"49991","overlight",1,86999241,100
"49992","overline",1,86999242,100
"49993","overling",1,86999243,100
"49994","overloud",1,86999244,100
"49995","overmatch",1,86999245,100
"49996","overmodulation",1,86999246,100
"49997","overpolish",1,86999247,100
"49998","overpopulous",1,86999248,100
"49999","overpour",1,86999249,100
"50000","overpressure",1,86999250,100
"50001","overproduce",1,86999251,100
"50002","overproductive",1,86999252,100
"50003","overprotect",1,86999253,100
"50004","overread",1,86999254,100
"50005","overripeness",1,86999255,100
"50006","overruff",1,86999256,100
"50007","oversad",1,86999257,100
"50008","oversaturation",1,86999258,100
"50009","overscore",1,86999259,100
"50010","overseasoned",1,86999260,100
"50011","oversimplicity",1,86999261,100
"50012","overslide",1,86999262,100
"50013","overspeculative",1,86999263,100
"50014","overspeed",1,86999264,100
"50015","overstride",1,86999265,100
"50016","overstrike",1,86999266,100
"50017","oversufficient",1,86999267,100
"50018","overswing",1,86999268,100
"50019","overtalk",1,86999269,100
"50020","overtalkative",1,86999270,100
"50021","overtaxation",1,86999271,100
"50022","overtrade",1,86999272,100
"50023","overvaluation",1,86999273,100
"50024","overwatcher",1,86999274,100
"50025","overweeningly",1,86999275,100
"50026","overwise",1,86999276,100
"50027","overworld",1,86999277,100
"50028","overwrap",1,86999278,100
"50029","oviparous",1,86999279,100
"50030","owler",1,86999280,100
"50031","owlery",1,86999281,100
"50032","owlet",1,86999282,100
"50033","owser",1,86999283,100
"50034","oxane",1,86999284,100
"50035","oxcart",1,86999285,100
"50036","oxland",1,86999286,100
"50037","oxpecker",1,86999287,100
"50038","oxter",1,86999288,100
"50039","oxymethylene",1,86999289,100
"50040","ozokerite",1,86999290,100
"50041","ozonic",1,86999291,100
"50042","pacaya",1,86999292,100
"50043","pacifically",1,86999293,100
"50044","packthread",1,86999294,100
"50045","padder",1,86999295,100
"50046","padella",1,86999296,100
"50047","paga",1,86999297,100
"50048","paganize",1,86999298,100
"50049","pagina",1,86999299,100
"50050","paginate",1,86999300,100
"50051","paha",1,86999301,100
"50052","pahi",1,86999302,100
"50053","pailful",1,86999303,100
"50054","painlessness",1,86999304,100
"50055","painty",1,86999305,100
"50056","pairer",1,86999306,100
"50057","palaeography",1,86999307,100
"50058","palaeolithic",1,86999308,100
"50059","palatably",1,86999309,100
"50060","palatal",1,86999310,100
"50061","palatialness",1,86999311,100
"50062","palaverous",1,86999312,100
"50063","palay",1,86999313,100
"50064","paleoanthropology",1,86999314,100
"50065","paleobotanist",1,86999315,100
"50066","paleographer",1,86999316,100
"50067","paleographic",1,86999317,100
"50068","pallidity",1,86999318,100
"50069","palmate",1,86999319,100
"50070","palmful",1,86999320,100
"50071","palmistry",1,86999321,100
"50072","palmwood",1,86999322,100
"50073","palmy",1,86999323,100
"50074","palolo",1,86999324,100
"50075","palombino",1,86999325,100
"50076","palp",1,86999326,100
"50077","palpal",1,86999327,100
"50078","palpation",1,86999328,100
"50079","palpi",1,86999329,100
"50080","palsied",1,86999330,100
"50081","palter",1,86999331,100
"50082","paludal",1,86999332,100
"50083","panade",1,86999333,100
"50084","pand",1,86999334,100
"50085","pandal",1,86999335,100
"50086","pandemia",1,86999336,100
"50087","paneless",1,86999337,100
"50088","panicled",1,86999338,100
"50089","pankration",1,86999339,100
"50090","panne",1,86999340,100
"50091","panpsychism",1,86999341,100
"50092","panpsychist",1,86999342,100
"50093","panspermia",1,86999343,100
"50094","pantheist",1,86999344,100
"50095","pantomimist",1,86999345,100
"50096","pantothenic",1,86999346,100
"50097","papain",1,86999347,100
"50098","papalist",1,86999348,100
"50099","paperbark",1,86999349,100
"50100","papilledema",1,86999350,100
"50101","pappi",1,86999351,100
"50102","parabiosis",1,86999352,100
"50103","paradisiac",1,86999353,100
"50104","paradisiacal",1,86999354,100
"50105","paraform",1,86999355,100
"50106","parah",1,86999356,100
"50107","paraiba",1,86999357,100
"50108","parallelize",1,86999358,100
"50109","paralogia",1,86999359,100
"50110","paralogical",1,86999360,100
"50111","paralytically",1,86999361,100
"50112","paralyzer",1,86999362,100
"50113","paralyzingly",1,86999363,100
"50114","paramountcy",1,86999364,100
"50115","paraphilia",1,86999365,100
"50116","paraplegia",1,86999366,100
"50117","parapraxis",1,86999367,100
"50118","parasceve",1,86999368,100
"50119","parashah",1,86999369,100
"50120","parasitize",1,86999370,100
"50121","parasitologist",1,86999371,100
"50122","parastyle",1,86999372,100
"50123","parcelling",1,86999373,100
"50124","parchy",1,86999374,100
"50125","paren",1,86999375,100
"50126","parer",1,86999376,100
"50127","pariahism",1,86999377,100
"50128","parian",1,86999378,100
"50129","parliamentarianism",1,86999379,100
"50130","parliamentarism",1,86999380,100
"50131","parling",1,86999381,100
"50132","parly",1,86999382,100
"50133","parmak",1,86999383,100
"50134","parodical",1,86999384,100
"50135","parodist",1,86999385,100
"50136","parricide",1,86999386,100
"50137","parroty",1,86999387,100
"50138","parsable",1,86999388,100
"50139","parterre",1,86999389,100
"50140","parthenogenetically",1,86999390,100
"50141","participial",1,86999391,100
"50142","particularism",1,86999392,100
"50143","partitionist",1,86999393,100
"50144","parturiency",1,86999394,100
"50145","parturition",1,86999395,100
"50146","partyless",1,86999396,100
"50147","pasan",1,86999397,100
"50148","pasang",1,86999398,100
"50149","passee",1,86999399,100
"50150","passementerie",1,86999400,100
"50151","passen",1,86999401,100
"50152","passingly",1,86999402,100
"50153","passionateness",1,86999403,100
"50154","passionist",1,86999404,100
"50155","passivism",1,86999405,100
"50156","passman",1,86999406,100
"50157","passway",1,86999407,100
"50158","pasteboard",1,86999408,100
"50159","pastedown",1,86999409,100
"50160","pastorally",1,86999410,100
"50161","pastorium",1,86999411,100
"50162","patchworky",1,86999412,100
"50163","patellofemoral",1,86999413,100
"50164","paterfamilias",1,86999414,100
"50165","pathfinding",1,86999415,100
"50166","pathic",1,86999416,100
"50167","patinate",1,86999417,100
"50168","patined",1,86999418,100
"50169","patola",1,86999419,100
"50170","patricide",1,86999420,100
"50171","patrimonial",1,86999421,100
"50172","patristics",1,86999422,100
"50173","patronym",1,86999423,100
"50174","patroon",1,86999424,100
"50175","pattee",1,86999425,100
"50176","patternmaking",1,86999426,100
"50177","patulous",1,86999427,100
"50178","paup",1,86999428,100
"50179","pavis",1,86999429,100
"50180","pavonine",1,86999430,100
"50181","pawnage",1,86999431,100
"50182","payor",1,86999432,100
"50183","peacod",1,86999433,100
"50184","peage",1,86999434,100
"50185","peahen",1,86999435,100
"50186","pean",1,86999436,100
"50187","pearler",1,86999437,100
"50188","pearmain",1,86999438,100
"50189","peashooter",1,86999439,100
"50190","pebrine",1,86999440,100
"50191","peccability",1,86999441,100
"50192","pectate",1,86999442,100
"50193","peda",1,86999443,100
"50194","pedder",1,86999444,100
"50195","pedestrianism",1,86999445,100
"50196","pedicel",1,86999446,100
"50197","pedimented",1,86999447,100
"50198","pedrero",1,86999448,100
"50199","pedunculate",1,86999449,100
"50200","peerie",1,86999450,100
"50201","peglike",1,86999451,100
"50202","pegman",1,86999452,100
"50203","pegmatite",1,86999453,100
"50204","pekan",1,86999454,100
"50205","pelletierine",1,86999455,100
"50206","pelmet",1,86999456,100
"50207","peltry",1,86999457,100
"50208","pelu",1,86999458,100
"50209","pelvimetry",1,86999459,100
"50210","pencilling",1,86999460,100
"50211","penda",1,86999461,100
"50212","penetrable",1,86999462,100
"50213","penetrativeness",1,86999463,100
"50214","penial",1,86999464,100
"50215","penistone",1,86999465,100
"50216","penitentially",1,86999466,100
"50217","pennet",1,86999467,100
"50218","pennycress",1,86999468,100
"50219","pennywort",1,86999469,100
"50220","penology",1,86999470,100
"50221","pensionless",1,86999471,100
"50222","pentadactyl",1,86999472,100
"50223","pentapolis",1,86999473,100
"50224","pentyl",1,86999474,100
"50225","peopleless",1,86999475,100
"50226","peppergrass",1,86999476,100
"50227","pepperweed",1,86999477,100
"50228","perambulate",1,86999478,100
"50229","perceivably",1,86999479,100
"50230","perceptibility",1,86999480,100
"50231","perchloric",1,86999481,100
"50232","percontation",1,86999482,100
"50233","perdurability",1,86999483,100
"50234","peregrin",1,86999484,100
"50235","perfective",1,86999485,100
"50236","perfidiousness",1,86999486,100
"50237","perforate",1,86999487,100
"50238","perfumy",1,86999488,100
"50239","pericardial",1,86999489,100
"50240","pericarp",1,86999490,100
"50241","perihelion",1,86999491,100
"50242","perihepatic",1,86999492,100
"50243","perimetry",1,86999493,100
"50244","periodize",1,86999494,100
"50245","periodontology",1,86999495,100
"50246","periosteum",1,86999496,100
"50247","peripherial",1,86999497,100
"50248","periphrasis",1,86999498,100
"50249","periphrastic",1,86999499,100
"50250","peristalsis",1,86999500,100
"50251","peristylium",1,86999501,100
"50252","peritoneum",1,86999502,100
"50253","perlustration",1,86999503,100
"50254","permeant",1,86999504,100
"50255","permeation",1,86999505,100
"50256","permissibility",1,86999506,100
"50257","permissibly",1,86999507,100
"50258","permissively",1,86999508,100
"50259","perpendicularity",1,86999509,100
"50260","perpera",1,86999510,100
"50261","perplexedly",1,86999511,100
"50262","perseverant",1,86999512,100
"50263","persis",1,86999513,100
"50264","personalist",1,86999514,100
"50265","perspectively",1,86999515,100
"50266","perspicaciously",1,86999516,100
"50267","perspirant",1,86999517,100
"50268","peruser",1,86999518,100
"50269","perverseness",1,86999519,100
"50270","pervertedly",1,86999520,100
"50271","pervigilium",1,86999521,100
"50272","perviously",1,86999522,100
"50273","peskily",1,86999523,100
"50274","pessary",1,86999524,100
"50275","peste",1,86999525,100
"50276","pesthole",1,86999526,100
"50277","pesthouse",1,86999527,100
"50278","petitgrain",1,86999528,100
"50279","petitionary",1,86999529,100
"50280","petrous",1,86999530,100
"50281","petticoated",1,86999531,100
"50282","pettifogging",1,86999532,100
"50283","pettish",1,86999533,100
"50284","pewee",1,86999534,100
"50285","pfennig",1,86999535,100
"50286","phagocytosis",1,86999536,100
"50287","phalangist",1,86999537,100
"50288","phantasma",1,86999538,100
"50289","phantasmic",1,86999539,100
"50290","pharmaceutically",1,86999540,100
"50291","pharyngeal",1,86999541,100
"50292","pharyngitis",1,86999542,100
"50293","phasma",1,86999543,100
"50294","phenomenalist",1,86999544,100
"50295","phenomenologically",1,86999545,100
"50296","pheon",1,86999546,100
"50297","philanthrope",1,86999547,100
"50298","philanthropism",1,86999548,100
"50299","philematology",1,86999549,100
"50300","philippus",1,86999550,100
"50301","philomel",1,86999551,100
"50302","phlebology",1,86999552,100
"50303","phoca",1,86999553,100
"50304","phonation",1,86999554,100
"50305","phonogram",1,86999555,100
"50306","phonography",1,86999556,100
"50307","phonologically",1,86999557,100
"50308","photocatalytic",1,86999558,100
"50309","photogenically",1,86999559,100
"50310","photogrammetry",1,86999560,100
"50311","photometric",1,86999561,100
"50312","photometry",1,86999562,100
"50313","photomicroscope",1,86999563,100
"50314","photophobic",1,86999564,100
"50315","photopic",1,86999565,100
"50316","photoreceptor",1,86999566,100
"50317","photostat",1,86999567,100
"50318","photosynthesize",1,86999568,100
"50319","phototropism",1,86999569,100
"50320","phratry",1,86999570,100
"50321","phronesis",1,86999571,100
"50322","phthisis",1,86999572,100
"50323","phut",1,86999573,100
"50324","phycocyanin",1,86999574,100
"50325","phycologist",1,86999575,100
"50326","phyletic",1,86999576,100
"50327","phylogenetic",1,86999577,100
"50328","physicalist",1,86999578,100
"50329","physiognomic",1,86999579,100
"50330","physiognomist",1,86999580,100
"50331","phytic",1,86999581,100
"50332","phytochemical",1,86999582,100
"50333","pian",1,86999583,100
"50334","pianism",1,86999584,100
"50335","pianoforte",1,86999585,100
"50336","piccoloist",1,86999586,100
"50337","piceous",1,86999587,100
"50338","picketer",1,86999588,100
"50339","picknick",1,86999589,100
"50340","pictorially",1,86999590,100
"50341","piddock",1,86999591,100
"50342","piecework",1,86999592,100
"50343","pieman",1,86999593,100
"50344","pietistic",1,86999594,100
"50345","pigfish",1,86999595,100
"50346","piggery",1,86999596,100
"50347","piggin",1,86999597,100
"50348","pigmentary",1,86999598,100
"50349","piki",1,86999599,100
"50350","pilchard",1,86999600,100
"50351","piler",1,86999601,100
"50352","pilferer",1,86999602,100
"50353","pilin",1,86999603,100
"50354","pilled",1,86999604,100
"50355","pillowing",1,86999605,100
"50356","piloerection",1,86999606,100
"50357","pilonidal",1,86999607,100
"50358","pilotage",1,86999608,100
"50359","pilous",1,86999609,100
"50360","pimpish",1,86999610,100
"50361","pimpled",1,86999611,100
"50362","pinacle",1,86999612,100
"50363","pinchgut",1,86999613,100
"50364","pindling",1,86999614,100
"50365","pinene",1,86999615,100
"50366","pinhook",1,86999616,100
"50367","pinic",1,86999617,100
"50368","pinkly",1,86999618,100
"50369","pinna",1,86999619,100
"50370","pinnate",1,86999620,100
"50371","pintle",1,86999621,100
"50372","pintura",1,86999622,100
"50373","pinworm",1,86999623,100
"50374","piousness",1,86999624,100
"50375","pipefish",1,86999625,100
"50376","pipestone",1,86999626,100
"50377","piratess",1,86999627,100
"50378","pisang",1,86999628,100
"50379","piscator",1,86999629,100
"50380","piscatorial",1,86999630,100
"50381","piscina",1,86999631,100
"50382","pisky",1,86999632,100
"50383","pistle",1,86999633,100
"50384","pitarah",1,86999634,100
"50385","pitchblende",1,86999635,100
"50386","piteously",1,86999636,100
"50387","pithless",1,86999637,100
"50388","pitiably",1,86999638,100
"50389","pitilessly",1,86999639,100
"50390","pitilessness",1,86999640,100
"50391","pizzle",1,86999641,100
"50392","placation",1,86999642,100
"50393","placatory",1,86999643,100
"50394","placeable",1,86999644,100
"50395","placet",1,86999645,100
"50396","plack",1,86999646,100
"50397","plaga",1,86999647,100
"50398","plagal",1,86999648,100
"50399","plagiarizer",1,86999649,100
"50400","plagiocephaly",1,86999650,100
"50401","plaice",1,86999651,100
"50402","plainsman",1,86999652,100
"50403","planation",1,86999653,100
"50404","planetlike",1,86999654,100
"50405","planetoid",1,86999655,100
"50406","planful",1,86999656,100
"50407","plang",1,86999657,100
"50408","plangency",1,86999658,100
"50409","plangently",1,86999659,100
"50410","planimetric",1,86999660,100
"50411","planisphere",1,86999661,100
"50412","plantable",1,86999662,100
"50413","plantage",1,86999663,100
"50414","plantlike",1,86999664,100
"50415","plantsman",1,86999665,100
"50416","planxty",1,86999666,100
"50417","plashy",1,86999667,100
"50418","plasm",1,86999668,100
"50419","plasmapheresis",1,86999669,100
"50420","plasmatic",1,86999670,100
"50421","plasson",1,86999671,100
"50422","plasticization",1,86999672,100
"50423","plastid",1,86999673,100
"50424","plateresque",1,86999674,100
"50425","platformish",1,86999675,100
"50426","platformless",1,86999676,100
"50427","platinate",1,86999677,100
"50428","platting",1,86999678,100
"50429","playlike",1,86999679,100
"50430","playscript",1,86999680,100
"50431","playwriter",1,86999681,100
"50432","pleb",1,86999682,100
"50433","plentifulness",1,86999683,100
"50434","pleonasm",1,86999684,100
"50435","pleonastic",1,86999685,100
"50436","plerosis",1,86999686,100
"50437","plew",1,86999687,100
"50438","pliancy",1,86999688,100
"50439","plica",1,86999689,100
"50440","plighted",1,86999690,100
"50441","plock",1,86999691,100
"50442","plook",1,86999692,100
"50443","plosion",1,86999693,100
"50444","plotty",1,86999694,100
"50445","plowboy",1,86999695,100
"50446","ployment",1,86999696,100
"50447","plucker",1,86999697,100
"50448","pluggy",1,86999698,100
"50449","plughole",1,86999699,100
"50450","pluma",1,86999700,100
"50451","plumbago",1,86999701,100
"50452","plumbeous",1,86999702,100
"50453","plumpness",1,86999703,100
"50454","pluperfect",1,86999704,100
"50455","pluvious",1,86999705,100
"50456","pneumatophore",1,86999706,100
"50457","pneumococcus",1,86999707,100
"50458","poachable",1,86999708,100
"50459","poblacion",1,86999709,100
"50460","pochard",1,86999710,100
"50461","pochette",1,86999711,100
"50462","pockmark",1,86999712,100
"50463","poddy",1,86999713,100
"50464","poesie",1,86999714,100
"50465","poetling",1,86999715,100
"50466","pogonotrophy",1,86999716,100
"50467","poignance",1,86999717,100
"50468","pointedness",1,86999718,100
"50469","pointment",1,86999719,100
"50470","pointsman",1,86999720,100
"50471","pokeroot",1,86999721,100
"50472","pokiness",1,86999722,100
"50473","polarly",1,86999723,100
"50474","polemically",1,86999724,100
"50475","poler",1,86999725,100
"50476","poley",1,86999726,100
"50477","policemanship",1,86999727,100
"50478","poltroon",1,86999728,100
"50479","polyamide",1,86999729,100
"50480","polychrome",1,86999730,100
"50481","polyclinic",1,86999731,100
"50482","polyhedral",1,86999732,100
"50483","polyhistor",1,86999733,100
"50484","polymorph",1,86999734,100
"50485","polymorphic",1,86999735,100
"50486","polyneuropathy",1,86999736,100
"50487","polynomial",1,86999737,100
"50488","polynomic",1,86999738,100
"50489","polypharmacy",1,86999739,100
"50490","polyphase",1,86999740,100
"50491","polyphonia",1,86999741,100
"50492","polypody",1,86999742,100
"50493","polypore",1,86999743,100
"50494","polyptych",1,86999744,100
"50495","polysemous",1,86999745,100
"50496","polysyllabically",1,86999746,100
"50497","polytechnical",1,86999747,100
"50498","polytechnics",1,86999748,100
"50499","pomarine",1,86999749,100
"50500","pomato",1,86999750,100
"50501","pompion",1,86999751,100
"50502","ponceau",1,86999752,100
"50503","ponderosity",1,86999753,100
"50504","ponderousness",1,86999754,100
"50505","pondus",1,86999755,100
"50506","poniard",1,86999756,100
"50507","ponticello",1,86999757,100
"50508","pontifex",1,86999758,100
"50509","pontificalibus",1,86999759,100
"50510","pontin",1,86999760,100
"50511","pontooning",1,86999761,100
"50512","pooder",1,86999762,100
"50513","pook",1,86999763,100
"50514","popal",1,86999764,100
"50515","popely",1,86999765,100
"50516","popinjay",1,86999766,100
"50517","popliteal",1,86999767,100
"50518","popularism",1,86999768,100
"50519","porched",1,86999769,100
"50520","porchlike",1,86999770,100
"50521","porousness",1,86999771,100
"50522","porret",1,86999772,100
"50523","portaled",1,86999773,100
"50524","porterage",1,86999774,100
"50525","porthouse",1,86999775,100
"50526","porticoed",1,86999776,100
"50527","portliness",1,86999777,100
"50528","positioner",1,86999778,100
"50529","positivistic",1,86999779,100
"50530","positum",1,86999780,100
"50531","possessory",1,86999781,100
"50532","possibilist",1,86999782,100
"50533","postable",1,86999783,100
"50534","postclassical",1,86999784,100
"50535","postdate",1,86999785,100
"50536","postface",1,86999786,100
"50537","posthumus",1,86999787,100
"50538","postimpressionism",1,86999788,100
"50539","postlude",1,86999789,100
"50540","postmillennial",1,86999790,100
"50541","postocular",1,86999791,100
"50542","postpaid",1,86999792,100
"50543","postsynaptic",1,86999793,100
"50544","posttraumatic",1,86999794,100
"50545","postulancy",1,86999795,100
"50546","postwoman",1,86999796,100
"50547","potdar",1,86999797,100
"50548","potentate",1,86999798,100
"50549","potentiometer",1,86999799,100
"50550","potestas",1,86999800,100
"50551","pother",1,86999801,100
"50552","pouter",1,86999802,100
"50553","powerlessly",1,86999803,100
"50554","practic",1,86999804,100
"50555","practicability",1,86999805,100
"50556","practicalism",1,86999806,100
"50557","practicalize",1,86999807,100
"50558","practicalness",1,86999808,100
"50559","praeludium",1,86999809,100
"50560","prajna",1,86999810,100
"50561","pranky",1,86999811,100
"50562","praya",1,86999812,100
"50563","prayerfulness",1,86999813,100
"50564","prayerlessness",1,86999814,100
"50565","preachable",1,86999815,100
"50566","preapplication",1,86999816,100
"50567","prearrange",1,86999817,100
"50568","prebake",1,86999818,100
"50569","preboil",1,86999819,100
"50570","preborn",1,86999820,100
"50571","precalculation",1,86999821,100
"50572","precedency",1,86999822,100
"50573","precedented",1,86999823,100
"50574","precentor",1,86999824,100
"50575","precess",1,86999825,100
"50576","precipitative",1,86999826,100
"50577","preciseness",1,86999827,100
"50578","precisionism",1,86999828,100
"50579","preclassic",1,86999829,100
"50580","precociousness",1,86999830,100
"50581","preconceptional",1,86999831,100
"50582","preconscious",1,86999832,100
"50583","preconstruction",1,86999833,100
"50584","precontact",1,86999834,100
"50585","precreation",1,86999835,100
"50586","predatoriness",1,86999836,100
"50587","predestiny",1,86999837,100
"50588","predeterminant",1,86999838,100
"50589","predeterminism",1,86999839,100
"50590","predictively",1,86999840,100
"50591","predictory",1,86999841,100
"50592","prefabricate",1,86999842,100
"50593","prefabrication",1,86999843,100
"50594","prefatory",1,86999844,100
"50595","preferability",1,86999845,100
"50596","prefilter",1,86999846,100
"50597","prehensile",1,86999847,100
"50598","prehensive",1,86999848,100
"50599","prejudicially",1,86999849,100
"50600","prelatical",1,86999850,100
"50601","prelinguistic",1,86999851,100
"50602","prelitigation",1,86999852,100
"50603","premaking",1,86999853,100
"50604","premedical",1,86999854,100
"50605","premiant",1,86999855,100
"50606","premolar",1,86999856,100
"50607","premonitory",1,86999857,100
"50608","prenotice",1,86999858,100
"50609","preoperative",1,86999859,100
"50610","preplan",1,86999860,100
"50611","preponderantly",1,86999861,100
"50612","preponderating",1,86999862,100
"50613","prepossessing",1,86999863,100
"50614","preprandial",1,86999864,100
"50615","prepurchase",1,86999865,100
"50616","prequalification",1,86999866,100
"50617","prerevolutionary",1,86999867,100
"50618","presbycusis",1,86999868,100
"50619","presbyopia",1,86999869,100
"50620","presbyteral",1,86999870,100
"50621","presbyterium",1,86999871,100
"50622","prescientific",1,86999872,100
"50623","prescored",1,86999873,100
"50624","prescript",1,86999874,100
"50625","presell",1,86999875,100
"50626","presensation",1,86999876,100
"50627","presentability",1,86999877,100
"50628","presentative",1,86999878,100
"50629","presentness",1,86999879,100
"50630","presentor",1,86999880,100
"50631","presider",1,86999881,100
"50632","pressboard",1,86999882,100
"50633","pressingly",1,86999883,100
"50634","pressureless",1,86999884,100
"50635","presumedly",1,86999885,100
"50636","presumptious",1,86999886,100
"50637","presumptuously",1,86999887,100
"50638","presumptuousness",1,86999888,100
"50639","pretest",1,86999889,100
"50640","pretournament",1,86999890,100
"50641","prettification",1,86999891,100
"50642","prettyface",1,86999892,100
"50643","preventability",1,86999893,100
"50644","prevision",1,86999894,100
"50645","pricket",1,86999895,100
"50646","prickish",1,86999896,100
"50647","priestlike",1,86999897,100
"50648","priestling",1,86999898,100
"50649","priggishness",1,86999899,100
"50650","primar",1,86999900,100
"50651","primatial",1,86999901,100
"50652","primness",1,86999902,100
"50653","primordialism",1,86999903,100
"50654","primy",1,86999904,100
"50655","princeps",1,86999905,100
"50656","printworks",1,86999906,100
"50657","prissiness",1,86999907,100
"50658","pristane",1,86999908,100
"50659","pritch",1,86999909,100
"50660","prithee",1,86999910,100
"50661","privatively",1,86999911,100
"50662","privily",1,86999912,100
"50663","privity",1,86999913,100
"50664","prizetaker",1,86999914,100
"50665","probabl",1,86999915,100
"50666","probational",1,86999916,100
"50667","problemist",1,86999917,100
"50668","procaine",1,86999918,100
"50669","proclaimer",1,86999919,100
"50670","procrastinatory",1,86999920,100
"50671","proctological",1,86999921,100
"50672","procuratorate",1,86999922,100
"50673","productid",1,86999923,100
"50674","proem",1,86999924,100
"50675","profanation",1,86999925,100
"50676","professedly",1,86999926,100
"50677","profitless",1,86999927,100
"50678","profuseness",1,86999928,100
"50679","progenitive",1,86999929,100
"50680","progger",1,86999930,100
"50681","progressivist",1,86999931,100
"50682","prohibitory",1,86999932,100
"50683","projectable",1,86999933,100
"50684","projective",1,86999934,100
"50685","projectively",1,86999935,100
"50686","projectivity",1,86999936,100
"50687","prolegomena",1,86999937,100
"50688","proletary",1,86999938,100
"50689","proliferative",1,86999939,100
"50690","prolificacy",1,86999940,100
"50691","proline",1,86999941,100
"50692","prolixity",1,86999942,100
"50693","promachos",1,86999943,100
"50694","pronounceable",1,86999944,100
"50695","pronouncer",1,86999945,100
"50696","proo",1,86999946,100
"50697","proofer",1,86999947,100
"50698","propagandic",1,86999948,100
"50699","propension",1,86999949,100
"50700","properness",1,86999950,100
"50701","prophase",1,86999951,100
"50702","prophetical",1,86999952,100
"50703","propionate",1,86999953,100
"50704","propionyl",1,86999954,100
"50705","propless",1,86999955,100
"50706","propone",1,86999956,100
"50707","propper",1,86999957,100
"50708","proprietory",1,86999958,100
"50709","propylaeum",1,86999959,100
"50710","prorogation",1,86999960,100
"50711","prosaicness",1,86999961,100
"50712","prosector",1,86999962,100
"50713","proselytization",1,86999963,100
"50714","proseminar",1,86999964,100
"50715","prosimian",1,86999965,100
"50716","proslavery",1,86999966,100
"50717","proso",1,86999967,100
"50718","prosopopoeia",1,86999968,100
"50719","prosport",1,86999969,100
"50720","pross",1,86999970,100
"50721","prosthodontist",1,86999971,100
"50722","prostyle",1,86999972,100
"50723","prote",1,86999973,100
"50724","prothalamion",1,86999974,100
"50725","protist",1,86999975,100
"50726","protodeacon",1,86999976,100
"50727","prototypic",1,86999977,100
"50728","protozoic",1,86999978,100
"50729","proudness",1,86999979,100
"50730","provability",1,86999980,100
"50731","provinciality",1,86999981,100
"50732","provisionary",1,86999982,100
"50733","provocativeness",1,86999983,100
"50734","provoker",1,86999984,100
"50735","provokingly",1,86999985,100
"50736","prowar",1,86999986,100
"50737","proximo",1,86999987,100
"50738","pruritic",1,86999988,100
"50739","psalterion",1,86999989,100
"50740","psaltery",1,86999990,100
"50741","pseudoanemia",1,86999991,100
"50742","pseudomorphosis",1,86999992,100
"50743","pseudonymously",1,86999993,100
"50744","pseudoreligious",1,86999994,100
"50745","pseudoscorpion",1,86999995,100
"50746","psiloi",1,86999996,100
"50747","psithurism",1,86999997,100
"50748","psoas",1,86999998,100
"50749","psychalgia",1,86999999,100
"50750","psychasthenia",1,87000000,100
"50751","psychiatrically",1,87000001,100
"50752","psychism",1,87000002,100
"50753","psychodynamics",1,87000003,100
"50754","psychoeducational",1,87000004,100
"50755","psychography",1,87000005,100
"50756","psychokinesis",1,87000006,100
"50757","psychokinetic",1,87000007,100
"50758","psychometer",1,87000008,100
"50759","psychometrically",1,87000009,100
"50760","psychometrician",1,87000010,100
"50761","psychometrics",1,87000011,100
"50762","psychomorphism",1,87000012,100
"50763","psychopomp",1,87000013,100
"50764","psychopompos",1,87000014,100
"50765","psychosexuality",1,87000015,100
"50766","psychotherapeutics",1,87000016,100
"50767","psychrometer",1,87000017,100
"50768","ptarmigan",1,87000018,100
"50769","pterygium",1,87000019,100
"50770","ptosis",1,87000020,100
"50771","pubococcygeal",1,87000021,100
"50772","puddinglike",1,87000022,100
"50773","puddingy",1,87000023,100
"50774","puddler",1,87000024,100
"50775","puddly",1,87000025,100
"50776","pudenda",1,87000026,100
"50777","pudginess",1,87000027,100
"50778","puerperant",1,87000028,100
"50779","puerperium",1,87000029,100
"50780","pugging",1,87000030,100
"50781","pugilism",1,87000031,100
"50782","pugmill",1,87000032,100
"50783","pugnacity",1,87000033,100
"50784","puky",1,87000034,100
"50785","pule",1,87000035,100
"50786","puling",1,87000036,100
"50787","pulk",1,87000037,100
"50788","pulmonic",1,87000038,100
"50789","pulseless",1,87000039,100
"50790","pulverization",1,87000040,100
"50791","pulverizer",1,87000041,100
"50792","pumplike",1,87000042,100
"50793","punct",1,87000043,100
"50794","punctiliously",1,87000044,100
"50795","punctuator",1,87000045,100
"50796","pung",1,87000046,100
"50797","pungi",1,87000047,100
"50798","pupal",1,87000048,100
"50799","pupate",1,87000049,100
"50800","pupilage",1,87000050,100
"50801","puppylike",1,87000051,100
"50802","purehearted",1,87000052,100
"50803","purfled",1,87000053,100
"50804","purine",1,87000054,100
"50805","puristic",1,87000055,100
"50806","purler",1,87000056,100
"50807","purloin",1,87000057,100
"50808","purposedly",1,87000058,100
"50809","purposefulness",1,87000059,100
"50810","purposelessness",1,87000060,100
"50811","purseful",1,87000061,100
"50812","purulence",1,87000062,100
"50813","purushartha",1,87000063,100
"50814","pusillanimity",1,87000064,100
"50815","pussyfoot",1,87000065,100
"50816","pustuled",1,87000066,100
"50817","puttylike",1,87000067,100
"50818","puzzledly",1,87000068,100
"50819","pyknic",1,87000069,100
"50820","pyloric",1,87000070,100
"50821","pyramidally",1,87000071,100
"50822","pyramides",1,87000072,100
"50823","pyrethrum",1,87000073,100
"50824","pyriform",1,87000074,100
"50825","pyrites",1,87000075,100
"50826","pyrochemical",1,87000076,100
"50827","pyromancer",1,87000077,100
"50828","pyrotechnical",1,87000078,100
"50829","pyroxene",1,87000079,100
"50830","pythoness",1,87000080,100
"50831","quacksalver",1,87000081,100
"50832","quacky",1,87000082,100
"50833","quadrangular",1,87000083,100
"50834","quadrate",1,87000084,100
"50835","quadratics",1,87000085,100
"50836","quadrature",1,87000086,100
"50837","quadrennium",1,87000087,100
"50838","quadrilateral",1,87000088,100
"50839","quadrilingual",1,87000089,100
"50840","quadriplegia",1,87000090,100
"50841","quadrivium",1,87000091,100
"50842","quadroon",1,87000092,100
"50843","quaintance",1,87000093,100
"50844","quantitate",1,87000094,100
"50845","quantize",1,87000095,100
"50846","quar",1,87000096,100
"50847","quarrier",1,87000097,100
"50848","quartermaster",1,87000098,100
"50849","quartette",1,87000099,100
"50850","quartetto",1,87000100,100
"50851","quat",1,87000101,100
"50852","quaternionic",1,87000102,100
"50853","quave",1,87000103,100
"50854","quavery",1,87000104,100
"50855","quelch",1,87000105,100
"50856","quemado",1,87000106,100
"50857","quenchable",1,87000107,100
"50858","quercitin",1,87000108,100
"50859","querent",1,87000109,100
"50860","querier",1,87000110,100
"50861","quern",1,87000111,100
"50862","questionableness",1,87000112,100
"50863","questionless",1,87000113,100
"50864","quib",1,87000114,100
"50865","quibbler",1,87000115,100
"50866","quickset",1,87000116,100
"50867","quiddler",1,87000117,100
"50868","quiesce",1,87000118,100
"50869","quina",1,87000119,100
"50870","quinquepartite",1,87000120,100
"50871","quinsy",1,87000121,100
"50872","quintile",1,87000122,100
"50873","quipu",1,87000123,100
"50874","quira",1,87000124,100
"50875","quitted",1,87000125,100
"50876","quivery",1,87000126,100
"50877","quizzer",1,87000127,100
"50878","quizzicalness",1,87000128,100
"50879","quondam",1,87000129,100
"50880","quotably",1,87000130,100
"50881","quotee",1,87000131,100
"50882","quoter",1,87000132,100
"50883","rabbity",1,87000133,100
"50884","rabidity",1,87000134,100
"50885","raceme",1,87000135,100
"50886","racemic",1,87000136,100
"50887","rachis",1,87000137,100
"50888","racily",1,87000138,100
"50889","raciness",1,87000139,100
"50890","racker",1,87000140,100
"50891","rackett",1,87000141,100
"50892","rackety",1,87000142,100
"50893","radarscope",1,87000143,100
"50894","radially",1,87000144,100
"50895","radiculitis",1,87000145,100
"50896","radiograph",1,87000146,100
"50897","radiographer",1,87000147,100
"50898","radioisotope",1,87000148,100
"50899","radiolarian",1,87000149,100
"50900","radionics",1,87000150,100
"50901","radiophone",1,87000151,100
"50902","radiosurgery",1,87000152,100
"50903","raffery",1,87000153,100
"50904","raffinose",1,87000154,100
"50905","raggedness",1,87000155,100
"50906","ragger",1,87000156,100
"50907","ragpicker",1,87000157,100
"50908","railer",1,87000158,100
"50909","railhead",1,87000159,100
"50910","raillery",1,87000160,100
"50911","railless",1,87000161,100
"50912","raininess",1,87000162,100
"50913","rainless",1,87000163,100
"50914","rainlight",1,87000164,100
"50915","rakan",1,87000165,100
"50916","rallentando",1,87000166,100
"50917","ramal",1,87000167,100
"50918","ramie",1,87000168,100
"50919","ramified",1,87000169,100
"50920","ramify",1,87000170,100
"50921","rammel",1,87000171,100
"50922","ramshackled",1,87000172,100
"50923","rancidity",1,87000173,100
"50924","rancidness",1,87000174,100
"50925","randomish",1,87000175,100
"50926","rangey",1,87000176,100
"50927","rankly",1,87000177,100
"50928","ranstead",1,87000178,100
"50929","rapaciously",1,87000179,100
"50930","rapaciousness",1,87000180,100
"50931","rase",1,87000181,100
"50932","rashness",1,87000182,100
"50933","rassle",1,87000183,100
"50934","ratcatcher",1,87000184,100
"50935","ratchety",1,87000185,100
"50936","ratepaying",1,87000186,100
"50937","ratite",1,87000187,100
"50938","ratlike",1,87000188,100
"50939","ratter",1,87000189,100
"50940","rattlebush",1,87000190,100
"50941","rattleweed",1,87000191,100
"50942","rattlingly",1,87000192,100
"50943","ratton",1,87000193,100
"50944","rauli",1,87000194,100
"50945","raun",1,87000195,100
"50946","ravener",1,87000196,100
"50947","ravenousness",1,87000197,100
"50948","rawhead",1,87000198,100
"50949","razoo",1,87000199,100
"50950","razorman",1,87000200,100
"50951","reactional",1,87000201,100
"50952","reactiveness",1,87000202,100
"50953","readably",1,87000203,100
"50954","readaptation",1,87000204,100
"50955","readdress",1,87000205,100
"50956","readmit",1,87000206,100
"50957","reanalysis",1,87000207,100
"50958","reannounce",1,87000208,100
"50959","reapportion",1,87000209,100
"50960","reappraise",1,87000210,100
"50961","reapproach",1,87000211,100
"50962","rearmament",1,87000212,100
"50963","rearmost",1,87000213,100
"50964","rearrangeable",1,87000214,100
"50965","reascend",1,87000215,100
"50966","reasonless",1,87000216,100
"50967","reassimilation",1,87000217,100
"50968","reattribution",1,87000218,100
"50969","rebarbative",1,87000219,100
"50970","rebear",1,87000220,100
"50971","rebec",1,87000221,100
"50972","rebill",1,87000222,100
"50973","reblend",1,87000223,100
"50974","rebore",1,87000224,100
"50975","rebundle",1,87000225,100
"50976","rebury",1,87000226,100
"50977","recapper",1,87000227,100
"50978","receival",1,87000228,100
"50979","rechristen",1,87000229,100
"50980","recision",1,87000230,100
"50981","recission",1,87000231,100
"50982","recitable",1,87000232,100
"50983","reclaimable",1,87000233,100
"50984","reclaimer",1,87000234,100
"50985","reclothing",1,87000235,100
"50986","reclusiveness",1,87000236,100
"50987","recognizability",1,87000237,100
"50988","recolonization",1,87000238,100
"50989","recommand",1,87000239,100
"50990","recommission",1,87000240,100
"50991","recompilation",1,87000241,100
"50992","recompile",1,87000242,100
"50993","recompression",1,87000243,100
"50994","reconceive",1,87000244,100
"50995","reconciliatory",1,87000245,100
"50996","recondition",1,87000246,100
"50997","reconquer",1,87000247,100
"50998","reconsecrate",1,87000248,100
"50999","reconsecration",1,87000249,100
"51000","reconsent",1,87000250,100
"51001","reconsolidate",1,87000251,100
"51002","reconsolidation",1,87000252,100
"51003","reconstructor",1,87000253,100
"51004","reconviction",1,87000254,100
"51005","recopy",1,87000255,100
"51006","recordedly",1,87000256,100
"51007","recordist",1,87000257,100
"51008","recordless",1,87000258,100
"51009","recork",1,87000259,100
"51010","recoupable",1,87000260,100
"51011","recrease",1,87000261,100
"51012","recrudescence",1,87000262,100
"51013","rect",1,87000263,100
"51014","recusant",1,87000264,100
"51015","redactor",1,87000265,100
"51016","redan",1,87000266,100
"51017","reddishness",1,87000267,100
"51018","redeclaration",1,87000268,100
"51019","redeliver",1,87000269,100
"51020","redelivery",1,87000270,100
"51021","redemptor",1,87000271,100
"51022","redesignate",1,87000272,100
"51023","redesignation",1,87000273,100
"51024","redetermination",1,87000274,100
"51025","redingote",1,87000275,100
"51026","rediscount",1,87000276,100
"51027","redisplay",1,87000277,100
"51028","redistributor",1,87000278,100
"51029","redolence",1,87000279,100
"51030","redoubler",1,87000280,100
"51031","redressal",1,87000281,100
"51032","redtop",1,87000282,100
"51033","reducibly",1,87000283,100
"51034","reduct",1,87000284,100
"51035","reductase",1,87000285,100
"51036","reductional",1,87000286,100
"51037","reductor",1,87000287,100
"51038","redware",1,87000288,100
"51039","reedbuck",1,87000289,100
"51040","reedman",1,87000290,100
"51041","reeker",1,87000291,100
"51042","reeky",1,87000292,100
"51043","refasten",1,87000293,100
"51044","referment",1,87000294,100
"51045","refigure",1,87000295,100
"51046","refilm",1,87000296,100
"51047","refinable",1,87000297,100
"51048","refinedly",1,87000298,100
"51049","refire",1,87000299,100
"51050","refix",1,87000300,100
"51051","reflate",1,87000301,100
"51052","reflectional",1,87000302,100
"51053","reflexologist",1,87000303,100
"51054","reflow",1,87000304,100
"51055","reforge",1,87000305,100
"51056","reformism",1,87000306,100
"51057","refractometry",1,87000307,100
"51058","refreshen",1,87000308,100
"51059","refulgently",1,87000309,100
"51060","regalement",1,87000310,100
"51061","regality",1,87000311,100
"51062","regarder",1,87000312,100
"51063","regather",1,87000313,100
"51064","regental",1,87000314,100
"51065","regicidal",1,87000315,100
"51066","regift",1,87000316,100
"51067","regin",1,87000317,100
"51068","registrate",1,87000318,100
"51069","reglaze",1,87000319,100
"51070","regle",1,87000320,100
"51071","regrade",1,87000321,100
"51072","regrate",1,87000322,100
"51073","regressivity",1,87000323,100
"51074","regressor",1,87000324,100
"51075","regrind",1,87000325,100
"51076","regrip",1,87000326,100
"51077","rehair",1,87000327,100
"51078","rehaul",1,87000328,100
"51079","reheal",1,87000329,100
"51080","rehung",1,87000330,100
"51081","reichsmark",1,87000331,100
"51082","reidentification",1,87000332,100
"51083","reimposition",1,87000333,100
"51084","reincorporate",1,87000334,100
"51085","reinfect",1,87000335,100
"51086","reinsertion",1,87000336,100
"51087","reinspection",1,87000337,100
"51088","reinsurer",1,87000338,100
"51089","reinvert",1,87000339,100
"51090","reiterative",1,87000340,100
"51091","rejective",1,87000341,100
"51092","rejector",1,87000342,100
"51093","rejoicingly",1,87000343,100
"51094","rejuvenative",1,87000344,100
"51095","rejuvenator",1,87000345,100
"51096","relace",1,87000346,100
"51097","relatability",1,87000347,100
"51098","relationality",1,87000348,100
"51099","releasable",1,87000349,100
"51100","releasee",1,87000350,100
"51101","relicense",1,87000351,100
"51102","relict",1,87000352,100
"51103","religionism",1,87000353,100
"51104","reloan",1,87000354,100
"51105","relock",1,87000355,100
"51106","relost",1,87000356,100
"51107","remail",1,87000357,100
"51108","remanence",1,87000358,100
"51109","remeasurement",1,87000359,100
"51110","remeet",1,87000360,100
"51111","remerge",1,87000361,100
"51112","remiges",1,87000362,100
"51113","reminiscently",1,87000363,100
"51114","remint",1,87000364,100
"51115","remise",1,87000365,100
"51116","remissible",1,87000366,100
"51117","remodification",1,87000367,100
"51118","remonstrate",1,87000368,100
"51119","remonstrative",1,87000369,100
"51120","remorselessness",1,87000370,100
"51121","remould",1,87000371,100
"51122","remunerate",1,87000372,100
"51123","renascent",1,87000373,100
"51124","reneg",1,87000374,100
"51125","reneger",1,87000375,100
"51126","renormalize",1,87000376,100
"51127","renotify",1,87000377,100
"51128","rentee",1,87000378,100
"51129","rentless",1,87000379,100
"51130","renunciate",1,87000380,100
"51131","reoffense",1,87000381,100
"51132","reoperation",1,87000382,100
"51133","reparable",1,87000383,100
"51134","repark",1,87000384,100
"51135","repass",1,87000385,100
"51136","repasser",1,87000386,100
"51137","repeller",1,87000387,100
"51138","repetitional",1,87000388,100
"51139","repetitiousness",1,87000389,100
"51140","repipe",1,87000390,100
"51141","replaster",1,87000391,100
"51142","replate",1,87000392,100
"51143","replead",1,87000393,100
"51144","repletion",1,87000394,100
"51145","replot",1,87000395,100
"51146","reposal",1,87000396,100
"51147","reprehensibility",1,87000397,100
"51148","reprehensive",1,87000398,100
"51149","representatively",1,87000399,100
"51150","representativeness",1,87000400,100
"51151","representer",1,87000401,100
"51152","repressible",1,87000402,100
"51153","reproportion",1,87000403,100
"51154","reprosecution",1,87000404,100
"51155","repump",1,87000405,100
"51156","requalification",1,87000406,100
"51157","requin",1,87000407,100
"51158","requite",1,87000408,100
"51159","requiz",1,87000409,100
"51160","requote",1,87000410,100
"51161","rerack",1,87000411,100
"51162","rereader",1,87000412,100
"51163","reregister",1,87000413,100
"51164","rerent",1,87000414,100
"51165","reroof",1,87000415,100
"51166","resample",1,87000416,100
"51167","resay",1,87000417,100
"51168","rescuable",1,87000418,100
"51169","researchist",1,87000419,100
"51170","reselection",1,87000420,100
"51171","reservedly",1,87000421,100
"51172","reservedness",1,87000422,100
"51173","reshelve",1,87000423,100
"51174","residental",1,87000424,100
"51175","residentially",1,87000425,100
"51176","residentiary",1,87000426,100
"51177","resile",1,87000427,100
"51178","resistable",1,87000428,100
"51179","resistivity",1,87000429,100
"51180","reskin",1,87000430,100
"51181","resole",1,87000431,100
"51182","resorption",1,87000432,100
"51183","resplendence",1,87000433,100
"51184","resplice",1,87000434,100
"51185","resplit",1,87000435,100
"51186","respray",1,87000436,100
"51187","restharrow",1,87000437,100
"51188","resthouse",1,87000438,100
"51189","restitute",1,87000439,100
"51190","restiveness",1,87000440,100
"51191","restorable",1,87000441,100
"51192","restoral",1,87000442,100
"51193","restrictively",1,87000443,100
"51194","restrictiveness",1,87000444,100
"51195","restrip",1,87000445,100
"51196","restudy",1,87000446,100
"51197","resty",1,87000447,100
"51198","resue",1,87000448,100
"51199","resultantly",1,87000449,100
"51200","resultingly",1,87000450,100
"51201","resumptive",1,87000451,100
"51202","resurgency",1,87000452,100
"51203","resurrectionist",1,87000453,100
"51204","resurrector",1,87000454,100
"51205","resurvey",1,87000455,100
"51206","resuscitative",1,87000456,100
"51207","retag",1,87000457,100
"51208","retardent",1,87000458,100
"51209","retarder",1,87000459,100
"51210","retent",1,87000460,100
"51211","retentivity",1,87000461,100
"51212","retiarius",1,87000462,100
"51213","reticular",1,87000463,100
"51214","retiral",1,87000464,100
"51215","retrack",1,87000465,100
"51216","retractability",1,87000466,100
"51217","retributory",1,87000467,100
"51218","retroactivity",1,87000468,100
"51219","retrocession",1,87000469,100
"51220","retrogress",1,87000470,100
"51221","retrojection",1,87000471,100
"51222","retroreflective",1,87000472,100
"51223","retter",1,87000473,100
"51224","returnability",1,87000474,100
"51225","retwist",1,87000475,100
"51226","retying",1,87000476,100
"51227","reutilize",1,87000477,100
"51228","revaccinate",1,87000478,100
"51229","reveil",1,87000479,100
"51230","revelational",1,87000480,100
"51231","revenger",1,87000481,100
"51232","revenuer",1,87000482,100
"51233","reversely",1,87000483,100
"51234","reversi",1,87000484,100
"51235","reversibility",1,87000485,100
"51236","revertible",1,87000486,100
"51237","reviler",1,87000487,100
"51238","revindication",1,87000488,100
"51239","revisable",1,87000489,100
"51240","revisal",1,87000490,100
"51241","revisionary",1,87000491,100
"51242","revitalizer",1,87000492,100
"51243","revokable",1,87000493,100
"51244","revoltingly",1,87000494,100
"51245","revolute",1,87000495,100
"51246","revolutionist",1,87000496,100
"51247","revolvable",1,87000497,100
"51248","rewake",1,87000498,100
"51249","rewardable",1,87000499,100
"51250","rewardingly",1,87000500,100
"51251","rewax",1,87000501,100
"51252","rewear",1,87000502,100
"51253","reweave",1,87000503,100
"51254","rewelcome",1,87000504,100
"51255","reweld",1,87000505,100
"51256","rewhiten",1,87000506,100
"51257","rewoven",1,87000507,100
"51258","rhabdomysarcoma",1,87000508,100
"51259","rhapsode",1,87000509,100
"51260","rhapsodically",1,87000510,100
"51261","rhapsodie",1,87000511,100
"51262","rhapsodist",1,87000512,100
"51263","rhetor",1,87000513,100
"51264","rhinophyma",1,87000514,100
"51265","rhinoscopy",1,87000515,100
"51266","rhizomatic",1,87000516,100
"51267","rhodamine",1,87000517,100
"51268","rhymewise",1,87000518,100
"51269","rhythmless",1,87000519,100
"51270","rhyton",1,87000520,100
"51271","riant",1,87000521,100
"51272","ridiculosity",1,87000522,100
"51273","rier",1,87000523,100
"51274","rifter",1,87000524,100
"51275","rightwards",1,87000525,100
"51276","rikk",1,87000526,100
"51277","riksha",1,87000527,100
"51278","rindless",1,87000528,100
"51279","ringbone",1,87000529,100
"51280","ringingly",1,87000530,100
"51281","ringlike",1,87000531,100
"51282","ringtoss",1,87000532,100
"51283","rinser",1,87000533,100
"51284","riotocracy",1,87000534,100
"51285","ripgut",1,87000535,100
"51286","ripply",1,87000536,100
"51287","ripsnorting",1,87000537,100
"51288","ritualist",1,87000538,100
"51289","rivalrous",1,87000539,100
"51290","rivel",1,87000540,100
"51291","riverlike",1,87000541,100
"51292","riverman",1,87000542,100
"51293","riverway",1,87000543,100
"51294","rivery",1,87000544,100
"51295","riyal",1,87000545,100
"51296","roadcraft",1,87000546,100
"51297","roadman",1,87000547,100
"51298","roamer",1,87000548,100
"51299","roaringly",1,87000549,100
"51300","robalo",1,87000550,100
"51301","robur",1,87000551,100
"51302","rockety",1,87000552,100
"51303","rockling",1,87000553,100
"51304","rodential",1,87000554,100
"51305","roguishly",1,87000555,100
"51306","roister",1,87000556,100
"51307","rollick",1,87000557,100
"51308","rollickingly",1,87000558,100
"51309","rollingly",1,87000559,100
"51310","romal",1,87000560,100
"51311","romanticness",1,87000561,100
"51312","rompy",1,87000562,100
"51313","rondelet",1,87000563,100
"51314","rondelle",1,87000564,100
"51315","rondino",1,87000565,100
"51316","rooftree",1,87000566,100
"51317","rool",1,87000567,100
"51318","roominess",1,87000568,100
"51319","roothold",1,87000569,100
"51320","rootlet",1,87000570,100
"51321","rootling",1,87000571,100
"51322","ropemaker",1,87000572,100
"51323","rosebay",1,87000573,100
"51324","roseroot",1,87000574,100
"51325","roset",1,87000575,100
"51326","rosillo",1,87000576,100
"51327","rosland",1,87000577,100
"51328","rotatable",1,87000578,100
"51329","rotatory",1,87000579,100
"51330","roue",1,87000580,100
"51331","rougeau",1,87000581,100
"51332","roughhewn",1,87000582,100
"51333","roughings",1,87000583,100
"51334","roughrider",1,87000584,100
"51335","roundel",1,87000585,100
"51336","roundsman",1,87000586,100
"51337","routinary",1,87000587,100
"51338","rowdyism",1,87000588,100
"51339","rowel",1,87000589,100
"51340","rowy",1,87000590,100
"51341","royalism",1,87000591,100
"51342","royt",1,87000592,100
"51343","rubied",1,87000593,100
"51344","rubythroat",1,87000594,100
"51345","ruddiness",1,87000595,100
"51346","rudimentarily",1,87000596,100
"51347","ruefulness",1,87000597,100
"51348","ruffer",1,87000598,100
"51349","rugose",1,87000599,100
"51350","rumbo",1,87000600,100
"51351","rumply",1,87000601,100
"51352","runnable",1,87000602,100
"51353","runty",1,87000603,100
"51354","ruption",1,87000604,100
"51355","rupturewort",1,87000605,100
"51356","ruralist",1,87000606,100
"51357","rurality",1,87000607,100
"51358","ruralness",1,87000608,100
"51359","rusky",1,87000609,100
"51360","rusticate",1,87000610,100
"51361","rusticism",1,87000611,100
"51362","rustler",1,87000612,100
"51363","rutch",1,87000613,100
"51364","rutin",1,87000614,100
"51365","ryen",1,87000615,100
"51366","sabdariffa",1,87000616,100
"51367","sabella",1,87000617,100
"51368","sabered",1,87000618,100
"51369","saccharification",1,87000619,100
"51370","saccos",1,87000620,100
"51371","sackage",1,87000621,100
"51372","sackful",1,87000622,100
"51373","sacramentalism",1,87000623,100
"51374","sacramentally",1,87000624,100
"51375","sacrificer",1,87000625,100
"51376","sacrilegiously",1,87000626,100
"51377","sacro",1,87000627,100
"51378","saddeningly",1,87000628,100
"51379","saddlecloth",1,87000629,100
"51380","safeness",1,87000630,100
"51381","sagaciously",1,87000631,100
"51382","sagger",1,87000632,100
"51383","saging",1,87000633,100
"51384","sahh",1,87000634,100
"51385","sailorman",1,87000635,100
"51386","saintlike",1,87000636,100
"51387","sair",1,87000637,100
"51388","saj",1,87000638,100
"51389","sajou",1,87000639,100
"51390","salability",1,87000640,100
"51391","salamandrine",1,87000641,100
"51392","salesclerk",1,87000642,100
"51393","salesroom",1,87000643,100
"51394","salic",1,87000644,100
"51395","salicin",1,87000645,100
"51396","sallet",1,87000646,100
"51397","sallier",1,87000647,100
"51398","salmonid",1,87000648,100
"51399","saloonkeeper",1,87000649,100
"51400","salopian",1,87000650,100
"51401","salthouse",1,87000651,100
"51402","saltimbanco",1,87000652,100
"51403","saltless",1,87000653,100
"51404","saltly",1,87000654,100
"51405","saltness",1,87000655,100
"51406","salubrity",1,87000656,100
"51407","samaj",1,87000657,100
"51408","samen",1,87000658,100
"51409","samh",1,87000659,100
"51410","sammel",1,87000660,100
"51411","samp",1,87000661,100
"51412","sampaloc",1,87000662,100
"51413","sanct",1,87000663,100
"51414","sanctimoniously",1,87000664,100
"51415","sanctuaried",1,87000665,100
"51416","sandblast",1,87000666,100
"51417","sandhi",1,87000667,100
"51418","sandlapper",1,87000668,100
"51419","sandlike",1,87000669,100
"51420","sandwood",1,87000670,100
"51421","sangaree",1,87000671,100
"51422","sanguinity",1,87000672,100
"51423","sannyasi",1,87000673,100
"51424","sapin",1,87000674,100
"51425","sapless",1,87000675,100
"51426","sapota",1,87000676,100
"51427","saprostomous",1,87000677,100
"51428","sapsucker",1,87000678,100
"51429","sarcoid",1,87000679,100
"51430","sardius",1,87000680,100
"51431","sardonyx",1,87000681,100
"51432","saros",1,87000682,100
"51433","sarwan",1,87000683,100
"51434","sasan",1,87000684,100
"51435","sasanqua",1,87000685,100
"51436","satined",1,87000686,100
"51437","satirically",1,87000687,100
"51438","satisfier",1,87000688,100
"51439","sattva",1,87000689,100
"51440","saturnalian",1,87000690,100
"51441","saturnian",1,87000691,100
"51442","sauceboat",1,87000692,100
"51443","saucily",1,87000693,100
"51444","saurischian",1,87000694,100
"51445","saury",1,87000695,100
"51446","sausagelike",1,87000696,100
"51447","savola",1,87000697,100
"51448","savorous",1,87000698,100
"51449","savoyed",1,87000699,100
"51450","sawbones",1,87000700,100
"51451","sawer",1,87000701,100
"51452","sawfly",1,87000702,100
"51453","sawt",1,87000703,100
"51454","scabbery",1,87000704,100
"51455","scabious",1,87000705,100
"51456","scalawag",1,87000706,100
"51457","scalelike",1,87000707,100
"51458","scalene",1,87000708,100
"51459","scall",1,87000709,100
"51460","scamander",1,87000710,100
"51461","scampish",1,87000711,100
"51462","scandalize",1,87000712,100
"51463","scandent",1,87000713,100
"51464","scanties",1,87000714,100
"51465","scantle",1,87000715,100
"51466","scapel",1,87000716,100
"51467","scarabaeid",1,87000717,100
"51468","scaremonger",1,87000718,100
"51469","scarflike",1,87000719,100
"51470","scarification",1,87000720,100
"51471","scart",1,87000721,100
"51472","scarved",1,87000722,100
"51473","scavel",1,87000723,100
"51474","scenter",1,87000724,100
"51475","scherzando",1,87000725,100
"51476","scherzi",1,87000726,100
"51477","schiffli",1,87000727,100
"51478","schizanthus",1,87000728,100
"51479","schloop",1,87000729,100
"51480","scholastically",1,87000730,100
"51481","scholasticism",1,87000731,100
"51482","schone",1,87000732,100
"51483","schoolgirlish",1,87000733,100
"51484","schule",1,87000734,100
"51485","schuss",1,87000735,100
"51486","sciamachy",1,87000736,100
"51487","scienced",1,87000737,100
"51488","scintillant",1,87000738,100
"51489","scissura",1,87000739,100
"51490","sclera",1,87000740,100
"51491","scoffer",1,87000741,100
"51492","scorchingly",1,87000742,100
"51493","scotching",1,87000743,100
"51494","scotchman",1,87000744,100
"51495","scoup",1,87000745,100
"51496","scourer",1,87000746,100
"51497","scove",1,87000747,100
"51498","scrapable",1,87000748,100
"51499","scrapeage",1,87000749,100
"51500","scrapman",1,87000750,100
"51501","scrappage",1,87000751,100
"51502","scrappily",1,87000752,100
"51503","scrappingly",1,87000753,100
"51504","scrapy",1,87000754,100
"51505","scray",1,87000755,100
"51506","screecher",1,87000756,100
"51507","screechingly",1,87000757,100
"51508","screwhead",1,87000758,100
"51509","screwiness",1,87000759,100
"51510","scriber",1,87000760,100
"51511","scription",1,87000761,100
"51512","scripturally",1,87000762,100
"51513","scrive",1,87000763,100
"51514","scrivello",1,87000764,100
"51515","scrivening",1,87000765,100
"51516","scriver",1,87000766,100
"51517","scrow",1,87000767,100
"51518","scrubbable",1,87000768,100
"51519","scrummage",1,87000769,100
"51520","scrump",1,87000770,100
"51521","scrumple",1,87000771,100
"51522","scrutinization",1,87000772,100
"51523","scrutinizingly",1,87000773,100
"51524","scry",1,87000774,100
"51525","scryer",1,87000775,100
"51526","scuddy",1,87000776,100
"51527","scudo",1,87000777,100
"51528","scullion",1,87000778,100
"51529","sculpturally",1,87000779,100
"51530","sculpturer",1,87000780,100
"51531","scumbling",1,87000781,100
"51532","scummer",1,87000782,100
"51533","scurf",1,87000783,100
"51534","scurrilously",1,87000784,100
"51535","scutter",1,87000785,100
"51536","scutum",1,87000786,100
"51537","seacraft",1,87000787,100
"51538","seak",1,87000788,100
"51539","seamrog",1,87000789,100
"51540","searer",1,87000790,100
"51541","seatwork",1,87000791,100
"51542","seave",1,87000792,100
"51543","seavy",1,87000793,100
"51544","seaweedy",1,87000794,100
"51545","seaworthiness",1,87000795,100
"51546","seborrheic",1,87000796,100
"51547","secant",1,87000797,100
"51548","secern",1,87000798,100
"51549","secluding",1,87000799,100
"51550","seconder",1,87000800,100
"51551","secretory",1,87000801,100
"51552","secretum",1,87000802,100
"51553","secularly",1,87000803,100
"51554","securement",1,87000804,100
"51555","sederunt",1,87000805,100
"51556","sedilia",1,87000806,100
"51557","seditionist",1,87000807,100
"51558","sedulously",1,87000808,100
"51559","seedbed",1,87000809,100
"51560","seedlet",1,87000810,100
"51561","seedtime",1,87000811,100
"51562","seeress",1,87000812,100
"51563","seethingly",1,87000813,100
"51564","segmental",1,87000814,100
"51565","segol",1,87000815,100
"51566","segregative",1,87000816,100
"51567","seismographic",1,87000817,100
"51568","seismography",1,87000818,100
"51569","seismologic",1,87000819,100
"51570","selectiveness",1,87000820,100
"51571","selenate",1,87000821,100
"51572","selenic",1,87000822,100
"51573","selenide",1,87000823,100
"51574","semble",1,87000824,100
"51575","semestral",1,87000825,100
"51576","semiaquatic",1,87000826,100
"51577","semicentennial",1,87000827,100
"51578","semicomic",1,87000828,100
"51579","semidesert",1,87000829,100
"51580","semidetached",1,87000830,100
"51581","semidigested",1,87000831,100
"51582","semidomesticated",1,87000832,100
"51583","semidramatic",1,87000833,100
"51584","semidry",1,87000834,100
"51585","semiliquid",1,87000835,100
"51586","seminude",1,87000836,100
"51587","semipermanent",1,87000837,100
"51588","semirare",1,87000838,100
"51589","semireligious",1,87000839,100
"51590","semiretirement",1,87000840,100
"51591","semiskilled",1,87000841,100
"51592","semispherical",1,87000842,100
"51593","semistate",1,87000843,100
"51594","semiterrestrial",1,87000844,100
"51595","semitranslucent",1,87000845,100
"51596","semitrimmed",1,87000846,100
"51597","semitropic",1,87000847,100
"51598","semiurban",1,87000848,100
"51599","semivoluntary",1,87000849,100
"51600","sensable",1,87000850,100
"51601","sensibilia",1,87000851,100
"51602","senso",1,87000852,100
"51603","sensorimotor",1,87000853,100
"51604","sensualization",1,87000854,100
"51605","sententious",1,87000855,100
"51606","separativeness",1,87000856,100
"51607","sepoy",1,87000857,100
"51608","seral",1,87000858,100
"51609","sercial",1,87000859,100
"51610","seriality",1,87000860,100
"51611","seriatim",1,87000861,100
"51612","serigraphy",1,87000862,100
"51613","serine",1,87000863,100
"51614","seriocomic",1,87000864,100
"51615","serment",1,87000865,100
"51616","serodiagnosis",1,87000866,100
"51617","seron",1,87000867,100
"51618","serpentarium",1,87000868,100
"51619","serpentinely",1,87000869,100
"51620","serrana",1,87000870,100
"51621","serviceably",1,87000871,100
"51622","servient",1,87000872,100
"51623","serviette",1,87000873,100
"51624","servility",1,87000874,100
"51625","servitor",1,87000875,100
"51626","servomotor",1,87000876,100
"51627","sesamoid",1,87000877,100
"51628","sesquipedalian",1,87000878,100
"51629","sesquiquadrate",1,87000879,100
"51630","sessile",1,87000880,100
"51631","settlor",1,87000881,100
"51632","sevenpence",1,87000882,100
"51633","sewable",1,87000883,100
"51634","sewered",1,87000884,100
"51635","sextillion",1,87000885,100
"51636","shacky",1,87000886,100
"51637","shadeless",1,87000887,100
"51638","shadily",1,87000888,100
"51639","shadiness",1,87000889,100
"51640","shadoof",1,87000890,100
"51641","shadowless",1,87000891,100
"51642","shagbark",1,87000892,100
"51643","shagreen",1,87000893,100
"51644","shakable",1,87000894,100
"51645","shakerag",1,87000895,100
"51646","shakingly",1,87000896,100
"51647","shako",1,87000897,100
"51648","shallon",1,87000898,100
"51649","shamer",1,87000899,100
"51650","shapeliness",1,87000900,100
"51651","sharded",1,87000901,100
"51652","sharkish",1,87000902,100
"51653","shastra",1,87000903,100
"51654","shavee",1,87000904,100
"51655","sheathlike",1,87000905,100
"51656","shedder",1,87000906,100
"51657","shedlike",1,87000907,100
"51658","sheephead",1,87000908,100
"51659","sheepishness",1,87000909,100
"51660","sheepnose",1,87000910,100
"51661","sheepshearing",1,87000911,100
"51662","sheeter",1,87000912,100
"51663","sheikdom",1,87000913,100
"51664","shelduck",1,87000914,100
"51665","shelflist",1,87000915,100
"51666","shellback",1,87000916,100
"51667","shellfire",1,87000917,100
"51668","shellflower",1,87000918,100
"51669","shellum",1,87000919,100
"51670","shelty",1,87000920,100
"51671","shelver",1,87000921,100
"51672","shepherdly",1,87000922,100
"51673","shieldless",1,87000923,100
"51674","shiftlessness",1,87000924,100
"51675","shikara",1,87000925,100
"51676","shiko",1,87000926,100
"51677","shikra",1,87000927,100
"51678","shindle",1,87000928,100
"51679","shiningly",1,87000929,100
"51680","shiplap",1,87000930,100
"51681","shipless",1,87000931,100
"51682","shipmaster",1,87000932,100
"51683","shipowner",1,87000933,100
"51684","shirr",1,87000934,100
"51685","shirtlessness",1,87000935,100
"51686","shirtmaking",1,87000936,100
"51687","shita",1,87000937,100
"51688","shoat",1,87000938,100
"51689","shogunate",1,87000939,100
"51690","shoor",1,87000940,100
"51691","shoq",1,87000941,100
"51692","shoreman",1,87000942,100
"51693","shoreward",1,87000943,100
"51694","shorthander",1,87000944,100
"51695","showable",1,87000945,100
"51696","showboater",1,87000946,100
"51697","showerproof",1,87000947,100
"51698","showily",1,87000948,100
"51699","showiness",1,87000949,100
"51700","shrewish",1,87000950,100
"51701","shrewishness",1,87000951,100
"51702","shriekingly",1,87000952,100
"51703","shrilling",1,87000953,100
"51704","shrillness",1,87000954,100
"51705","shrinkable",1,87000955,100
"51706","shrubland",1,87000956,100
"51707","shuba",1,87000957,100
"51708","shudderingly",1,87000958,100
"51709","shuffler",1,87000959,100
"51710","shusher",1,87000960,100
"51711","sibylla",1,87000961,100
"51712","siciliana",1,87000962,100
"51713","sickener",1,87000963,100
"51714","sickled",1,87000964,100
"51715","sicklied",1,87000965,100
"51716","sideslip",1,87000966,100
"51717","sideswipe",1,87000967,100
"51718","sideward",1,87000968,100
"51719","sievelike",1,87000969,100
"51720","sifaka",1,87000970,100
"51721","sightful",1,87000971,100
"51722","sigmoid",1,87000972,100
"51723","signalman",1,87000973,100
"51724","significatory",1,87000974,100
"51725","signless",1,87000975,100
"51726","siliqua",1,87000976,100
"51727","silvering",1,87000977,100
"51728","silverside",1,87000978,100
"51729","silversides",1,87000979,100
"51730","silvertop",1,87000980,100
"51731","silverwork",1,87000981,100
"51732","silyl",1,87000982,100
"51733","simmeringly",1,87000983,100
"51734","simoom",1,87000984,100
"51735","simper",1,87000985,100
"51736","simplehearted",1,87000986,100
"51737","simplist",1,87000987,100
"51738","simsim",1,87000988,100
"51739","simson",1,87000989,100
"51740","sinecure",1,87000990,100
"51741","sinewed",1,87000991,100
"51742","singability",1,87000992,100
"51743","singeing",1,87000993,100
"51744","singsongy",1,87000994,100
"51745","singultus",1,87000995,100
"51746","sinkable",1,87000996,100
"51747","sinlessly",1,87000997,100
"51748","sinnet",1,87000998,100
"51749","sinuated",1,87000999,100
"51750","sinuosity",1,87001000,100
"51751","sinuously",1,87001001,100
"51752","siping",1,87001002,100
"51753","sirenian",1,87001003,100
"51754","sirenlike",1,87001004,100
"51755","siris",1,87001005,100
"51756","sirki",1,87001006,100
"51757","sissoo",1,87001007,100
"51758","sistern",1,87001008,100
"51759","sistle",1,87001009,100
"51760","skart",1,87001010,100
"51761","skateable",1,87001011,100
"51762","skean",1,87001012,100
"51763","skedge",1,87001013,100
"51764","skeel",1,87001014,100
"51765","skeery",1,87001015,100
"51766","skeezix",1,87001016,100
"51767","skellum",1,87001017,100
"51768","sketchiness",1,87001018,100
"51769","skeuomorph",1,87001019,100
"51770","skeuomorphic",1,87001020,100
"51771","skewbald",1,87001021,100
"51772","skidder",1,87001022,100
"51773","skiddoo",1,87001023,100
"51774","skijoring",1,87001024,100
"51775","skil",1,87001025,100
"51776","skimpiness",1,87001026,100
"51777","skinlike",1,87001027,100
"51778","skite",1,87001028,100
"51779","skittishly",1,87001029,100
"51780","skun",1,87001030,100
"51781","skyful",1,87001031,100
"51782","skyless",1,87001032,100
"51783","skyphoi",1,87001033,100
"51784","skywrite",1,87001034,100
"51785","slabbed",1,87001035,100
"51786","slabby",1,87001036,100
"51787","slackly",1,87001037,100
"51788","slad",1,87001038,100
"51789","slait",1,87001039,100
"51790","slantwise",1,87001040,100
"51791","slapjack",1,87001041,100
"51792","slapsticky",1,87001042,100
"51793","slashy",1,87001043,100
"51794","slatting",1,87001044,100
"51795","slaty",1,87001045,100
"51796","slaughterer",1,87001046,100
"51797","slaveholding",1,87001047,100
"51798","sleave",1,87001048,100
"51799","sledlike",1,87001049,100
"51800","sleekit",1,87001050,100
"51801","sleeplessly",1,87001051,100
"51802","sleeplike",1,87001052,100
"51803","sleepward",1,87001053,100
"51804","sleer",1,87001054,100
"51805","sleevelessness",1,87001055,100
"51806","slenderize",1,87001056,100
"51807","slewing",1,87001057,100
"51808","slickery",1,87001058,100
"51809","slidden",1,87001059,100
"51810","slightness",1,87001060,100
"51811","sliminess",1,87001061,100
"51812","slippered",1,87001062,100
"51813","slish",1,87001063,100
"51814","slite",1,87001064,100
"51815","slobberer",1,87001065,100
"51816","sloppage",1,87001066,100
"51817","sloshy",1,87001067,100
"51818","slothfully",1,87001068,100
"51819","slotter",1,87001069,100
"51820","slovenliness",1,87001070,100
"51821","slowish",1,87001071,100
"51822","sloyd",1,87001072,100
"51823","sludged",1,87001073,100
"51824","slugabed",1,87001074,100
"51825","sluicing",1,87001075,100
"51826","slutter",1,87001076,100
"51827","sluttishness",1,87001077,100
"51828","slype",1,87001078,100
"51829","smatter",1,87001079,100
"51830","smitch",1,87001080,100
"51831","smithery",1,87001081,100
"51832","smithsonite",1,87001082,100
"51833","smokeable",1,87001083,100
"51834","smokery",1,87001084,100
"51835","smook",1,87001085,100
"51836","smout",1,87001086,100
"51837","smriti",1,87001087,100
"51838","smudgeproof",1,87001088,100
"51839","snaggy",1,87001089,100
"51840","snaith",1,87001090,100
"51841","snakefish",1,87001091,100
"51842","snakemouth",1,87001092,100
"51843","snaker",1,87001093,100
"51844","snaper",1,87001094,100
"51845","snarlingly",1,87001095,100
"51846","snaw",1,87001096,100
"51847","sned",1,87001097,100
"51848","sneerer",1,87001098,100
"51849","sneezeless",1,87001099,100
"51850","snew",1,87001100,100
"51851","snibble",1,87001101,100
"51852","snideness",1,87001102,100
"51853","sniggle",1,87001103,100
"51854","snivy",1,87001104,100
"51855","snocker",1,87001105,100
"51856","snoreless",1,87001106,100
"51857","snottily",1,87001107,100
"51858","snowflight",1,87001108,100
"51859","snowiness",1,87001109,100
"51860","snowish",1,87001110,100
"51861","snowland",1,87001111,100
"51862","snozzle",1,87001112,100
"51863","snuffbox",1,87001113,100
"51864","snugger",1,87001114,100
"51865","snugness",1,87001115,100
"51866","soakage",1,87001116,100
"51867","soaken",1,87001117,100
"51868","soakingly",1,87001118,100
"51869","soapberry",1,87001119,100
"51870","soaplike",1,87001120,100
"51871","soapmaker",1,87001121,100
"51872","soapsuds",1,87001122,100
"51873","sobber",1,87001123,100
"51874","sobbingly",1,87001124,100
"51875","soberness",1,87001125,100
"51876","sociably",1,87001126,100
"51877","socializer",1,87001127,100
"51878","societally",1,87001128,100
"51879","sociologic",1,87001129,100
"51880","sociotechnical",1,87001130,100
"51881","socky",1,87001131,100
"51882","sodic",1,87001132,100
"51883","sodoku",1,87001133,100
"51884","soilless",1,87001134,100
"51885","solander",1,87001135,100
"51886","solanine",1,87001136,100
"51887","soleless",1,87001137,100
"51888","solemnize",1,87001138,100
"51889","solfeggio",1,87001139,100
"51890","solidaristic",1,87001140,100
"51891","solidary",1,87001141,100
"51892","solidification",1,87001142,100
"51893","solidish",1,87001143,100
"51894","solipsist",1,87001144,100
"51895","solitarily",1,87001145,100
"51896","solubility",1,87001146,100
"51897","solutionist",1,87001147,100
"51898","solvation",1,87001148,100
"51899","sombreroed",1,87001149,100
"51900","somethingness",1,87001150,100
"51901","somewhither",1,87001151,100
"51902","somnambulance",1,87001152,100
"51903","somnambulistic",1,87001153,100
"51904","somniferous",1,87001154,100
"51905","songless",1,87001155,100
"51906","songlike",1,87001156,100
"51907","sooky",1,87001157,100
"51908","sophistic",1,87001158,100
"51909","sophistically",1,87001159,100
"51910","soppiness",1,87001160,100
"51911","sorage",1,87001161,100
"51912","sorb",1,87001162,100
"51913","sorbate",1,87001163,100
"51914","sorbitol",1,87001164,100
"51915","sorda",1,87001165,100
"51916","sorrily",1,87001166,100
"51917","sortiment",1,87001167,100
"51918","sorty",1,87001168,100
"51919","soud",1,87001169,100
"51920","souple",1,87001170,100
"51921","sourer",1,87001171,100
"51922","sousaphonist",1,87001172,100
"51923","soutane",1,87001173,100
"51924","southeaster",1,87001174,100
"51925","southeasternmost",1,87001175,100
"51926","southeastwards",1,87001176,100
"51927","southernly",1,87001177,100
"51928","southwardly",1,87001178,100
"51929","southwester",1,87001179,100
"51930","southwestward",1,87001180,100
"51931","sovran",1,87001181,100
"51932","sowan",1,87001182,100
"51933","sowel",1,87001183,100
"51934","sowle",1,87001184,100
"51935","spaceless",1,87001185,100
"51936","spaciness",1,87001186,100
"51937","spadiceous",1,87001187,100
"51938","spading",1,87001188,100
"51939","spae",1,87001189,100
"51940","spaller",1,87001190,100
"51941","spalling",1,87001191,100
"51942","spandy",1,87001192,100
"51943","sparer",1,87001193,100
"51944","sparkiness",1,87001194,100
"51945","sparklet",1,87001195,100
"51946","sparkliness",1,87001196,100
"51947","sparrer",1,87001197,100
"51948","spasmic",1,87001198,100
"51949","spasmodically",1,87001199,100
"51950","spatchcock",1,87001200,100
"51951","spatialize",1,87001201,100
"51952","spave",1,87001202,100
"51953","spavin",1,87001203,100
"51954","spavined",1,87001204,100
"51955","speal",1,87001205,100
"51956","spean",1,87001206,100
"51957","specialistic",1,87001207,100
"51958","speciation",1,87001208,100
"51959","specifist",1,87001209,100
"51960","speciousness",1,87001210,100
"51961","spectrally",1,87001211,100
"51962","spectrographically",1,87001212,100
"51963","spectrophotometer",1,87001213,100
"51964","speechcraft",1,87001214,100
"51965","speechlessly",1,87001215,100
"51966","speen",1,87001216,100
"51967","speiss",1,87001217,100
"51968","spellbind",1,87001218,100
"51969","spendable",1,87001219,100
"51970","sperate",1,87001220,100
"51971","spermatogenic",1,87001221,100
"51972","spheric",1,87001222,100
"51973","spherically",1,87001223,100
"51974","sphinxlike",1,87001224,100
"51975","spical",1,87001225,100
"51976","spiceberry",1,87001226,100
"51977","spiceless",1,87001227,100
"51978","spicily",1,87001228,100
"51979","spicket",1,87001229,100
"51980","spiderlike",1,87001230,100
"51981","spier",1,87001231,100
"51982","spiffiness",1,87001232,100
"51983","spikiness",1,87001233,100
"51984","spined",1,87001234,100
"51985","spinelessly",1,87001235,100
"51986","spinelessness",1,87001236,100
"51987","spinetail",1,87001237,100
"51988","spinningly",1,87001238,100
"51989","spinsterhood",1,87001239,100
"51990","spinsterish",1,87001240,100
"51991","spinsterly",1,87001241,100
"51992","spiring",1,87001242,100
"51993","spiritist",1,87001243,100
"51994","spiritous",1,87001244,100
"51995","spiritualize",1,87001245,100
"51996","spiry",1,87001246,100
"51997","spitefulness",1,87001247,100
"51998","splendorous",1,87001248,100
"51999","splenic",1,87001249,100
"52000","spliceable",1,87001250,100
"52001","splurt",1,87001251,100
"52002","spode",1,87001252,100
"52003","spoilable",1,87001253,100
"52004","spondee",1,87001254,100
"52005","spondylolisthesis",1,87001255,100
"52006","spongecake",1,87001256,100
"52007","spongelike",1,87001257,100
"52008","spoofer",1,87001258,100
"52009","spoonerism",1,87001259,100
"52010","spoor",1,87001260,100
"52011","sporange",1,87001261,100
"52012","sporangia",1,87001262,100
"52013","sporangium",1,87001263,100
"52014","sportable",1,87001264,100
"52015","sportiness",1,87001265,100
"52016","sportingly",1,87001266,100
"52017","spotlighter",1,87001267,100
"52018","spottiness",1,87001268,100
"52019","spouty",1,87001269,100
"52020","spraddle",1,87001270,100
"52021","spready",1,87001271,100
"52022","sprier",1,87001272,100
"52023","spriest",1,87001273,100
"52024","sprigged",1,87001274,100
"52025","sprightliness",1,87001275,100
"52026","springe",1,87001276,100
"52027","springful",1,87001277,100
"52028","springiness",1,87001278,100
"52029","springtide",1,87001279,100
"52030","sproat",1,87001280,100
"52031","spume",1,87001281,100
"52032","spunkily",1,87001282,100
"52033","spuriously",1,87001283,100
"52034","spurrer",1,87001284,100
"52035","sput",1,87001285,100
"52036","squaremouth",1,87001286,100
"52037","squarer",1,87001287,100
"52038","squark",1,87001288,100
"52039","squasher",1,87001289,100
"52040","squawfish",1,87001290,100
"52041","squawroot",1,87001291,100
"52042","squibber",1,87001292,100
"52043","squilla",1,87001293,100
"52044","squinch",1,87001294,100
"52045","squinter",1,87001295,100
"52046","squitter",1,87001296,100
"52047","stabling",1,87001297,100
"52048","stacher",1,87001298,100
"52049","stachys",1,87001299,100
"52050","staghorn",1,87001300,100
"52051","stairhead",1,87001301,100
"52052","stairlike",1,87001302,100
"52053","stalagmite",1,87001303,100
"52054","stampeder",1,87001304,100
"52055","standoffishness",1,87001305,100
"52056","stannous",1,87001306,100
"52057","staphylococcal",1,87001307,100
"52058","staphylococci",1,87001308,100
"52059","starchily",1,87001309,100
"52060","staree",1,87001310,100
"52061","starlights",1,87001311,100
"52062","startingly",1,87001312,100
"52063","startish",1,87001313,100
"52064","starver",1,87001314,100
"52065","starvy",1,87001315,100
"52066","statued",1,87001316,100
"52067","staver",1,87001317,100
"52068","stawn",1,87001318,100
"52069","staysail",1,87001319,100
"52070","stealthiness",1,87001320,100
"52071","steamboating",1,87001321,100
"52072","steaminess",1,87001322,100
"52073","stearin",1,87001323,100
"52074","steatopygia",1,87001324,100
"52075","steek",1,87001325,100
"52076","steenbok",1,87001326,100
"52077","steepen",1,87001327,100
"52078","steerable",1,87001328,100
"52079","steerer",1,87001329,100
"52080","stela",1,87001330,100
"52081","stelae",1,87001331,100
"52082","stemmy",1,87001332,100
"52083","stenciler",1,87001333,100
"52084","stenotic",1,87001334,100
"52085","stenton",1,87001335,100
"52086","stephanos",1,87001336,100
"52087","stepniece",1,87001337,100
"52088","steppeland",1,87001338,100
"52089","stereognostic",1,87001339,100
"52090","stereograph",1,87001340,100
"52091","stereographer",1,87001341,100
"52092","stereopsis",1,87001342,100
"52093","stereopticon",1,87001343,100
"52094","stereoscopically",1,87001344,100
"52095","stereotaxis",1,87001345,100
"52096","stereotypic",1,87001346,100
"52097","sterilely",1,87001347,100
"52098","sternal",1,87001348,100
"52099","sternness",1,87001349,100
"52100","sternoclavicular",1,87001350,100
"52101","sternutation",1,87001351,100
"52102","sterve",1,87001352,100
"52103","stewartry",1,87001353,100
"52104","stewpan",1,87001354,100
"52105","stickily",1,87001355,100
"52106","stickit",1,87001356,100
"52107","stickly",1,87001357,100
"52108","stiffener",1,87001358,100
"52109","stigmatist",1,87001359,100
"52110","stillroom",1,87001360,100
"52111","stime",1,87001361,100
"52112","stingily",1,87001362,100
"52113","stinkhorn",1,87001363,100
"52114","stinkpot",1,87001364,100
"52115","stinkweed",1,87001365,100
"52116","stinted",1,87001366,100
"52117","stion",1,87001367,100
"52118","stiped",1,87001368,100
"52119","stipes",1,87001369,100
"52120","stippen",1,87001370,100
"52121","stippler",1,87001371,100
"52122","stite",1,87001372,100
"52123","stob",1,87001373,100
"52124","stockinet",1,87001374,100
"52125","stocktaking",1,87001375,100
"52126","stodginess",1,87001376,100
"52127","stoechas",1,87001377,100
"52128","stof",1,87001378,100
"52129","stog",1,87001379,100
"52130","stoichiometry",1,87001380,100
"52131","stokehold",1,87001381,100
"52132","stolidity",1,87001382,100
"52133","stomaching",1,87001383,100
"52134","stomatitis",1,87001384,100
"52135","stonefish",1,87001385,100
"52136","stonelike",1,87001386,100
"52137","stonemasonry",1,87001387,100
"52138","stook",1,87001388,100
"52139","stope",1,87001389,100
"52140","stormbird",1,87001390,100
"52141","stormbound",1,87001391,100
"52142","storymaker",1,87001392,100
"52143","stovewood",1,87001393,100
"52144","straddleback",1,87001394,100
"52145","straightforwards",1,87001395,100
"52146","straightly",1,87001396,100
"52147","straint",1,87001397,100
"52148","strangerhood",1,87001398,100
"52149","stranglingly",1,87001399,100
"52150","strategian",1,87001400,100
"52151","strath",1,87001401,100
"52152","strathspey",1,87001402,100
"52153","stratify",1,87001403,100
"52154","stratigraphy",1,87001404,100
"52155","strawlike",1,87001405,100
"52156","streakiness",1,87001406,100
"52157","streamling",1,87001407,100
"52158","streamy",1,87001408,100
"52159","streek",1,87001409,100
"52160","streetwalking",1,87001410,100
"52161","streng",1,87001411,100
"52162","strenuousness",1,87001412,100
"52163","strepsipteran",1,87001413,100
"52164","streptococcal",1,87001414,100
"52165","stressfully",1,87001415,100
"52166","stridden",1,87001416,100
"52167","stridulate",1,87001417,100
"52168","strikebreaking",1,87001418,100
"52169","stringency",1,87001419,100
"52170","stringiness",1,87001420,100
"52171","stringless",1,87001421,100
"52172","stript",1,87001422,100
"52173","strix",1,87001423,100
"52174","stroboscopy",1,87001424,100
"52175","stromata",1,87001425,100
"52176","strombolian",1,87001426,100
"52177","stronghand",1,87001427,100
"52178","stroth",1,87001428,100
"52179","strow",1,87001429,100
"52180","structurely",1,87001430,100
"52181","strue",1,87001431,100
"52182","strutter",1,87001432,100
"52183","studenthood",1,87001433,100
"52184","studiedly",1,87001434,100
"52185","studier",1,87001435,100
"52186","studiousness",1,87001436,100
"52187","stuiver",1,87001437,100
"52188","stumbler",1,87001438,100
"52189","stumbly",1,87001439,100
"52190","stummer",1,87001440,100
"52191","stumpage",1,87001441,100
"52192","stuntness",1,87001442,100
"52193","stupidhead",1,87001443,100
"52194","sturt",1,87001444,100
"52195","stut",1,87001445,100
"52196","stutteringly",1,87001446,100
"52197","stylo",1,87001447,100
"52198","styphnate",1,87001448,100
"52199","styptic",1,87001449,100
"52200","suasion",1,87001450,100
"52201","subagent",1,87001451,100
"52202","subbasement",1,87001452,100
"52203","subchief",1,87001453,100
"52204","subchorionic",1,87001454,100
"52205","subcircuit",1,87001455,100
"52206","subcity",1,87001456,100
"52207","subconscience",1,87001457,100
"52208","subcreative",1,87001458,100
"52209","subdermal",1,87001459,100
"52210","subdial",1,87001460,100
"52211","subeditor",1,87001461,100
"52212","subflooring",1,87001462,100
"52213","subframe",1,87001463,100
"52214","subglacial",1,87001464,100
"52215","subjacent",1,87001465,100
"52216","subjectless",1,87001466,100
"52217","submaximal",1,87001467,100
"52218","submergible",1,87001468,100
"52219","submicroscopic",1,87001469,100
"52220","subofficer",1,87001470,100
"52221","suborder",1,87001471,100
"52222","subornation",1,87001472,100
"52223","subparagraph",1,87001473,100
"52224","subpopulation",1,87001474,100
"52225","subpostmaster",1,87001475,100
"52226","subrogate",1,87001476,100
"52227","subsequentially",1,87001477,100
"52228","subserve",1,87001478,100
"52229","subsovereign",1,87001479,100
"52230","substanceless",1,87001480,100
"52231","substantialism",1,87001481,100
"52232","substantiality",1,87001482,100
"52233","substitutable",1,87001483,100
"52234","subsumption",1,87001484,100
"52235","subtend",1,87001485,100
"52236","subtleness",1,87001486,100
"52237","subtreasury",1,87001487,100
"52238","subtribe",1,87001488,100
"52239","subtrochanteric",1,87001489,100
"52240","subverter",1,87001490,100
"52241","subzone",1,87001491,100
"52242","succenturiate",1,87001492,100
"52243","succin",1,87001493,100
"52244","succinate",1,87001494,100
"52245","succinctness",1,87001495,100
"52246","succuss",1,87001496,100
"52247","suchness",1,87001497,100
"52248","suckable",1,87001498,100
"52249","suckerlike",1,87001499,100
"52250","suffusion",1,87001500,100
"52251","sugariness",1,87001501,100
"52252","sugarsweet",1,87001502,100
"52253","sugent",1,87001503,100
"52254","suggestibility",1,87001504,100
"52255","sugh",1,87001505,100
"52256","sugi",1,87001506,100
"52257","sulcus",1,87001507,100
"52258","suld",1,87001508,100
"52259","sulfamic",1,87001509,100
"52260","sulphonate",1,87001510,100
"52261","sulphury",1,87001511,100
"52262","sultriness",1,87001512,100
"52263","summarizer",1,87001513,100
"52264","summerize",1,87001514,100
"52265","sunbow",1,87001515,100
"52266","sundari",1,87001516,100
"52267","sundew",1,87001517,100
"52268","sundog",1,87001518,100
"52269","sundra",1,87001519,100
"52270","sundrops",1,87001520,100
"52271","sunglow",1,87001521,100
"52272","sunscald",1,87001522,100
"52273","sunwise",1,87001523,100
"52274","superabound",1,87001524,100
"52275","superabundance",1,87001525,100
"52276","superbness",1,87001526,100
"52277","superciliously",1,87001527,100
"52278","superciliousness",1,87001528,100
"52279","supercycle",1,87001529,100
"52280","supererogatory",1,87001530,100
"52281","superfat",1,87001531,100
"52282","superfit",1,87001532,100
"52283","supergun",1,87001533,100
"52284","superintense",1,87001534,100
"52285","superlunary",1,87001535,100
"52286","supermarine",1,87001536,100
"52287","supermental",1,87001537,100
"52288","supernaturalism",1,87001538,100
"52289","superordinate",1,87001539,100
"52290","superphosphate",1,87001540,100
"52291","supersaturation",1,87001541,100
"52292","supersedence",1,87001542,100
"52293","superserious",1,87001543,100
"52294","supersession",1,87001544,100
"52295","superspiritual",1,87001545,100
"52296","supersweet",1,87001546,100
"52297","supertonic",1,87001547,100
"52298","superultrafrostified",1,87001548,100
"52299","supinate",1,87001549,100
"52300","supinator",1,87001550,100
"52301","supinely",1,87001551,100
"52302","suppliance",1,87001552,100
"52303","supplicatory",1,87001553,100
"52304","supplice",1,87001554,100
"52305","suppositional",1,87001555,100
"52306","suppositious",1,87001556,100
"52307","suppurate",1,87001557,100
"52308","supramundane",1,87001558,100
"52309","supranuclear",1,87001559,100
"52310","surd",1,87001560,100
"52311","surfacer",1,87001561,100
"52312","surfacy",1,87001562,100
"52313","surgeonfish",1,87001563,100
"52314","surpliced",1,87001564,100
"52315","surprisement",1,87001565,100
"52316","surreptitiousness",1,87001566,100
"52317","surtout",1,87001567,100
"52318","suspire",1,87001568,100
"52319","suum",1,87001569,100
"52320","swack",1,87001570,100
"52321","swanker",1,87001571,100
"52322","swanlike",1,87001572,100
"52323","swashing",1,87001573,100
"52324","swathy",1,87001574,100
"52325","sweetleaf",1,87001575,100
"52326","sweller",1,87001576,100
"52327","swelly",1,87001577,100
"52328","swep",1,87001578,100
"52329","swineherd",1,87001579,100
"52330","swinery",1,87001580,100
"52331","swiney",1,87001581,100
"52332","switchy",1,87001582,100
"52333","swith",1,87001583,100
"52334","swither",1,87001584,100
"52335","swivet",1,87001585,100
"52336","swiz",1,87001586,100
"52337","swording",1,87001587,100
"52338","swordlike",1,87001588,100
"52339","swordstick",1,87001589,100
"52340","swosh",1,87001590,100
"52341","swure",1,87001591,100
"52342","syllabication",1,87001592,100
"52343","syllabled",1,87001593,100
"52344","syllogistically",1,87001594,100
"52345","symbolics",1,87001595,100
"52346","symbolization",1,87001596,100
"52347","symbological",1,87001597,100
"52348","symbologist",1,87001598,100
"52349","symphysis",1,87001599,100
"52350","symposiarch",1,87001600,100
"52351","symposion",1,87001601,100
"52352","symptomless",1,87001602,100
"52353","synchromesh",1,87001603,100
"52354","synchronic",1,87001604,100
"52355","synchronically",1,87001605,100
"52356","synchronizer",1,87001606,100
"52357","syncopal",1,87001607,100
"52358","syncopate",1,87001608,100
"52359","syncretist",1,87001609,100
"52360","syndicalist",1,87001610,100
"52361","synectic",1,87001611,100
"52362","synodical",1,87001612,100
"52363","synonymity",1,87001613,100
"52364","synovial",1,87001614,100
"52365","synthesist",1,87001615,100
"52366","syringa",1,87001616,100
"52367","systemizable",1,87001617,100
"52368","taar",1,87001618,100
"52369","tablature",1,87001619,100
"52370","tabler",1,87001620,100
"52371","tablinum",1,87001621,100
"52372","taboret",1,87001622,100
"52373","tabular",1,87001623,100
"52374","tabularium",1,87001624,100
"52375","tabule",1,87001625,100
"52376","tachycardia",1,87001626,100
"52377","tachymetric",1,87001627,100
"52378","tachypnea",1,87001628,100
"52379","tacker",1,87001629,100
"52380","tactor",1,87001630,100
"52381","tagboard",1,87001631,100
"52382","taille",1,87001632,100
"52383","takingly",1,87001633,100
"52384","takt",1,87001634,100
"52385","talar",1,87001635,100
"52386","talaria",1,87001636,100
"52387","talebearer",1,87001637,100
"52388","taled",1,87001638,100
"52389","taler",1,87001639,100
"52390","talipot",1,87001640,100
"52391","talisay",1,87001641,100
"52392","talkable",1,87001642,100
"52393","talkativeness",1,87001643,100
"52394","talkworthy",1,87001644,100
"52395","tallness",1,87001645,100
"52396","tallwood",1,87001646,100
"52397","tamable",1,87001647,100
"52398","tamandua",1,87001648,100
"52399","tamanu",1,87001649,100
"52400","tamboo",1,87001650,100
"52401","tambookie",1,87001651,100
"52402","tambour",1,87001652,100
"52403","tanak",1,87001653,100
"52404","tanbark",1,87001654,100
"52405","tandan",1,87001655,100
"52406","tandle",1,87001656,100
"52407","tanier",1,87001657,100
"52408","tankah",1,87001658,100
"52409","tantalite",1,87001659,100
"52410","tantrism",1,87001660,100
"52411","tantum",1,87001661,100
"52412","tanzy",1,87001662,100
"52413","tapeless",1,87001663,100
"52414","tapism",1,87001664,100
"52415","tappable",1,87001665,100
"52416","tardigrade",1,87001666,100
"52417","targer",1,87001667,100
"52418","targetlike",1,87001668,100
"52419","tarie",1,87001669,100
"52420","tarlike",1,87001670,100
"52421","tarocco",1,87001671,100
"52422","tarradiddle",1,87001672,100
"52423","tarras",1,87001673,100
"52424","tarsi",1,87001674,100
"52425","tartareous",1,87001675,100
"52426","tartaric",1,87001676,100
"52427","tasse",1,87001677,100
"52428","tastelessly",1,87001678,100
"52429","tasten",1,87001679,100
"52430","tastily",1,87001680,100
"52431","tatie",1,87001681,100
"52432","tattooage",1,87001682,100
"52433","tattooer",1,87001683,100
"52434","taun",1,87001684,100
"52435","taurian",1,87001685,100
"52436","taurobolium",1,87001686,100
"52437","tautologous",1,87001687,100
"52438","tawdrily",1,87001688,100
"52439","tawn",1,87001689,100
"52440","taxer",1,87001690,100
"52441","taximeter",1,87001691,100
"52442","tayra",1,87001692,100
"52443","tchai",1,87001693,100
"52444","tck",1,87001694,100
"52445","teaboy",1,87001695,100
"52446","teachability",1,87001696,100
"52447","teachably",1,87001697,100
"52448","teacherly",1,87001698,100
"52449","teakwood",1,87001699,100
"52450","teamless",1,87001700,100
"52451","teasel",1,87001701,100
"52452","teasy",1,87001702,100
"52453","teated",1,87001703,100
"52454","teaze",1,87001704,100
"52455","teca",1,87001705,100
"52456","technocracy",1,87001706,100
"52457","tecnology",1,87001707,100
"52458","tecon",1,87001708,100
"52459","teemingness",1,87001709,100
"52460","teest",1,87001710,100
"52461","teeterboard",1,87001711,100
"52462","teethbrush",1,87001712,100
"52463","teethless",1,87001713,100
"52464","teethy",1,87001714,100
"52465","tegmental",1,87001715,100
"52466","tekiah",1,87001716,100
"52467","tektite",1,87001717,100
"52468","telang",1,87001718,100
"52469","telegnosis",1,87001719,100
"52470","telegrapher",1,87001720,100
"52471","telemetric",1,87001721,100
"52472","teleologically",1,87001722,100
"52473","telephonist",1,87001723,100
"52474","telescopically",1,87001724,100
"52475","telesis",1,87001725,100
"52476","teman",1,87001726,100
"52477","temenos",1,87001727,100
"52478","temperateness",1,87001728,100
"52479","templet",1,87001729,100
"52480","temporariness",1,87001730,100
"52481","temporoparietal",1,87001731,100
"52482","temse",1,87001732,100
"52483","temulency",1,87001733,100
"52484","tenability",1,87001734,100
"52485","tenantry",1,87001735,100
"52486","tendent",1,87001736,100
"52487","tendentiously",1,87001737,100
"52488","tenderheart",1,87001738,100
"52489","tenebrious",1,87001739,100
"52490","tenebrous",1,87001740,100
"52491","teneral",1,87001741,100
"52492","tengu",1,87001742,100
"52493","tenne",1,87001743,100
"52494","tenorist",1,87001744,100
"52495","tenpenny",1,87001745,100
"52496","tensive",1,87001746,100
"52497","tentacular",1,87001747,100
"52498","tenurial",1,87001748,100
"52499","tepidarium",1,87001749,100
"52500","terakihi",1,87001750,100
"52501","terek",1,87001751,100
"52502","terminable",1,87001752,100
"52503","termine",1,87001753,100
"52504","terminer",1,87001754,100
"52505","termino",1,87001755,100
"52506","termly",1,87001756,100
"52507","termtime",1,87001757,100
"52508","ternion",1,87001758,100
"52509","terrane",1,87001759,100
"52510","terrificly",1,87001760,100
"52511","terrifier",1,87001761,100
"52512","territorialism",1,87001762,100
"52513","tertia",1,87001763,100
"52514","tessellated",1,87001764,100
"52515","testamentary",1,87001765,100
"52516","testator",1,87001766,100
"52517","testee",1,87001767,100
"52518","testifier",1,87001768,100
"52519","testiness",1,87001769,100
"52520","teston",1,87001770,100
"52521","testudo",1,87001771,100
"52522","tetch",1,87001772,100
"52523","tetrachloroethylene",1,87001773,100
"52524","tetragon",1,87001774,100
"52525","tetragonal",1,87001775,100
"52526","tetrahedral",1,87001776,100
"52527","tetrahedron",1,87001777,100
"52528","tetraplegia",1,87001778,100
"52529","tetrarch",1,87001779,100
"52530","teuk",1,87001780,100
"52531","thack",1,87001781,100
"52532","thalasso",1,87001782,100
"52533","thalassophobia",1,87001783,100
"52534","thalassotherapy",1,87001784,100
"52535","thankee",1,87001785,100
"52536","thanklessness",1,87001786,100
"52537","tharm",1,87001787,100
"52538","thatchy",1,87001788,100
"52539","thaumatology",1,87001789,100
"52540","thaumaturgic",1,87001790,100
"52541","theave",1,87001791,100
"52542","thecae",1,87001792,100
"52543","thecal",1,87001793,100
"52544","theek",1,87001794,100
"52545","thema",1,87001795,100
"52546","themeless",1,87001796,100
"52547","thenadays",1,87001797,100
"52548","theologize",1,87001798,100
"52549","theophoric",1,87001799,100
"52550","theorbo",1,87001800,100
"52551","therapeutical",1,87001801,100
"52552","therebetween",1,87001802,100
"52553","therianthropic",1,87001803,100
"52554","thermochemistry",1,87001804,100
"52555","thermoelectric",1,87001805,100
"52556","thermogram",1,87001806,100
"52557","thermotherapy",1,87001807,100
"52558","thermotype",1,87001808,100
"52559","thersitical",1,87001809,100
"52560","thesauri",1,87001810,100
"52561","thewed",1,87001811,100
"52562","thickish",1,87001812,100
"52563","thig",1,87001813,100
"52564","thiller",1,87001814,100
"52565","thimbleberry",1,87001815,100
"52566","thimbleful",1,87001816,100
"52567","thio",1,87001817,100
"52568","thirteener",1,87001818,100
"52569","thistled",1,87001819,100
"52570","thistly",1,87001820,100
"52571","thixotropic",1,87001821,100
"52572","thone",1,87001822,100
"52573","thoracostomy",1,87001823,100
"52574","thoracotomy",1,87001824,100
"52575","thoro",1,87001825,100
"52576","thoughtlet",1,87001826,100
"52577","thrawn",1,87001827,100
"52578","thready",1,87001828,100
"52579","thriftiness",1,87001829,100
"52580","thriven",1,87001830,100
"52581","throbbingly",1,87001831,100
"52582","thrombin",1,87001832,100
"52583","thrombotic",1,87001833,100
"52584","throneless",1,87001834,100
"52585","throve",1,87001835,100
"52586","throwout",1,87001836,100
"52587","throwster",1,87001837,100
"52588","thuggee",1,87001838,100
"52589","thumber",1,87001839,100
"52590","thumbless",1,87001840,100
"52591","thumpingly",1,87001841,100
"52592","thundercrack",1,87001842,100
"52593","thunderstick",1,87001843,100
"52594","thung",1,87001844,100
"52595","thusness",1,87001845,100
"52596","thwaite",1,87001846,100
"52597","thwartedly",1,87001847,100
"52598","thyine",1,87001848,100
"52599","thymol",1,87001849,100
"52600","thymoquinone",1,87001850,100
"52601","thyroxine",1,87001851,100
"52602","tiarella",1,87001852,100
"52603","tical",1,87001853,100
"52604","tickey",1,87001854,100
"52605","tickseed",1,87001855,100
"52606","tideland",1,87001856,100
"52607","tideway",1,87001857,100
"52608","tidingless",1,87001858,100
"52609","tidytips",1,87001859,100
"52610","tigella",1,87001860,100
"52611","tigernut",1,87001861,100
"52612","tigrine",1,87001862,100
"52613","tileworks",1,87001863,100
"52614","timar",1,87001864,100
"52615","timberwood",1,87001865,100
"52616","timorously",1,87001866,100
"52617","timpano",1,87001867,100
"52618","tinct",1,87001868,100
"52619","tind",1,87001869,100
"52620","tindal",1,87001870,100
"52621","tinea",1,87001871,100
"52622","tinger",1,87001872,100
"52623","tinhouse",1,87001873,100
"52624","tinkler",1,87001874,100
"52625","tinman",1,87001875,100
"52626","tinning",1,87001876,100
"52627","tinsmith",1,87001877,100
"52628","tinter",1,87001878,100
"52629","tintinnabulation",1,87001879,100
"52630","tinwoman",1,87001880,100
"52631","tiple",1,87001881,100
"52632","tipsily",1,87001882,100
"52633","tiremaker",1,87001883,100
"52634","tirer",1,87001884,100
"52635","tissued",1,87001885,100
"52636","titanate",1,87001886,100
"52637","titilate",1,87001887,100
"52638","titman",1,87001888,100
"52639","titulus",1,87001889,100
"52640","toadflax",1,87001890,100
"52641","toadyism",1,87001891,100
"52642","tocology",1,87001892,100
"52643","tocopherol",1,87001893,100
"52644","toffy",1,87001894,100
"52645","toggler",1,87001895,100
"52646","toher",1,87001896,100
"52647","tolbooth",1,87001897,100
"52648","tolerableness",1,87001898,100
"52649","tolltaker",1,87001899,100
"52650","tomalley",1,87001900,100
"52651","tonation",1,87001901,100
"52652","tonsor",1,87001902,100
"52653","tonus",1,87001903,100
"52654","toothing",1,87001904,100
"52655","toothwort",1,87001905,100
"52656","tootle",1,87001906,100
"52657","tootsy",1,87001907,100
"52658","topee",1,87001908,100
"52659","topographics",1,87001909,100
"52660","topologist",1,87001910,100
"52661","toppler",1,87001911,100
"52662","toran",1,87001912,100
"52663","torchweed",1,87001913,100
"52664","tormenta",1,87001914,100
"52665","toroid",1,87001915,100
"52666","torpedolike",1,87001916,100
"52667","tortiously",1,87001917,100
"52668","toshy",1,87001918,100
"52669","toston",1,87001919,100
"52670","totemism",1,87001920,100
"52671","totemistic",1,87001921,100
"52672","tother",1,87001922,100
"52673","toucanet",1,87001923,100
"52674","toug",1,87001924,100
"52675","toupeed",1,87001925,100
"52676","touristry",1,87001926,100
"52677","tourmaline",1,87001927,100
"52678","tournant",1,87001928,100
"52679","tourte",1,87001929,100
"52680","touse",1,87001930,100
"52681","towai",1,87001931,100
"52682","towardness",1,87001932,100
"52683","towelette",1,87001933,100
"52684","toweringly",1,87001934,100
"52685","townfolk",1,87001935,100
"52686","townlet",1,87001936,100
"52687","towny",1,87001937,100
"52688","towrope",1,87001938,100
"52689","toxaphene",1,87001939,100
"52690","toxicosis",1,87001940,100
"52691","toxophilite",1,87001941,100
"52692","toyer",1,87001942,100
"52693","toytown",1,87001943,100
"52694","trabecular",1,87001944,100
"52695","tradesperson",1,87001945,100
"52696","tradeswoman",1,87001946,100
"52697","traduce",1,87001947,100
"52698","traducement",1,87001948,100
"52699","traducing",1,87001949,100
"52700","traduction",1,87001950,100
"52701","trafficless",1,87001951,100
"52702","tragedienne",1,87001952,100
"52703","tragicalness",1,87001953,100
"52704","tragicly",1,87001954,100
"52705","trainman",1,87001955,100
"52706","trainy",1,87001956,100
"52707","traitorously",1,87001957,100
"52708","trama",1,87001958,100
"52709","tramcar",1,87001959,100
"52710","tramline",1,87001960,100
"52711","trammeled",1,87001961,100
"52712","tramontane",1,87001962,100
"52713","transcriber",1,87001963,100
"52714","transect",1,87001964,100
"52715","transfinite",1,87001965,100
"52716","transformance",1,87001966,100
"52717","transformist",1,87001967,100
"52718","transiency",1,87001968,100
"52719","transiently",1,87001969,100
"52720","transitionally",1,87001970,100
"52721","translatory",1,87001971,100
"52722","translocate",1,87001972,100
"52723","translucently",1,87001973,100
"52724","transmedian",1,87001974,100
"52725","transmittable",1,87001975,100
"52726","transmuter",1,87001976,100
"52727","transnormal",1,87001977,100
"52728","transoceanic",1,87001978,100
"52729","transomed",1,87001979,100
"52730","transparence",1,87001980,100
"52731","transplantable",1,87001981,100
"52732","transpontine",1,87001982,100
"52733","transportative",1,87001983,100
"52734","transreal",1,87001984,100
"52735","transubstantial",1,87001985,100
"52736","transubstantiate",1,87001986,100
"52737","trant",1,87001987,100
"52738","traverser",1,87001988,100
"52739","trayful",1,87001989,100
"52740","treatee",1,87001990,100
"52741","tremblingly",1,87001991,100
"52742","tremolite",1,87001992,100
"52743","trencher",1,87001993,100
"52744","trepid",1,87001994,100
"52745","trest",1,87001995,100
"52746","triable",1,87001996,100
"52747","triannual",1,87001997,100
"52748","triarchy",1,87001998,100
"52749","triaxial",1,87001999,100
"52750","tribadism",1,87002000,100
"52751","tribalist",1,87002001,100
"52752","tribasic",1,87002002,100
"52753","triborough",1,87002003,100
"52754","tricentennial",1,87002004,100
"52755","trichotomy",1,87002005,100
"52756","trichromatic",1,87002006,100
"52757","tricker",1,87002007,100
"52758","trickiness",1,87002008,100
"52759","tricolon",1,87002009,100
"52760","tridimensional",1,87002010,100
"52761","triennially",1,87002011,100
"52762","trifid",1,87002012,100
"52763","trifler",1,87002013,100
"52764","trigone",1,87002014,100
"52765","trigonelline",1,87002015,100
"52766","trigram",1,87002016,100
"52767","trilemma",1,87002017,100
"52768","trillionaire",1,87002018,100
"52769","trimeter",1,87002019,100
"52770","trindle",1,87002020,100
"52771","tringle",1,87002021,100
"52772","triplane",1,87002022,100
"52773","triplication",1,87002023,100
"52774","triply",1,87002024,100
"52775","tripos",1,87002025,100
"52776","trippler",1,87002026,100
"52777","tripy",1,87002027,100
"52778","trisected",1,87002028,100
"52779","triskele",1,87002029,100
"52780","trisodium",1,87002030,100
"52781","triterpene",1,87002031,100
"52782","trivalent",1,87002032,100
"52783","trivially",1,87002033,100
"52784","trocar",1,87002034,100
"52785","trochanteric",1,87002035,100
"52786","troche",1,87002036,100
"52787","troglodytic",1,87002037,100
"52788","trogon",1,87002038,100
"52789","trollops",1,87002039,100
"52790","trona",1,87002040,100
"52791","trophic",1,87002041,100
"52792","trophozoite",1,87002042,100
"52793","tropopause",1,87002043,100
"52794","trotline",1,87002044,100
"52795","trottoir",1,87002045,100
"52796","troublous",1,87002046,100
"52797","trouter",1,87002047,100
"52798","truckful",1,87002048,100
"52799","trueborn",1,87002049,100
"52800","trumpery",1,87002050,100
"52801","trumpety",1,87002051,100
"52802","trumph",1,87002052,100
"52803","trumpless",1,87002053,100
"52804","truncal",1,87002054,100
"52805","truncation",1,87002055,100
"52806","trunkful",1,87002056,100
"52807","trunking",1,87002057,100
"52808","trunkless",1,87002058,100
"52809","truster",1,87002059,100
"52810","trustfulness",1,87002060,100
"52811","trustingly",1,87002061,100
"52812","trustman",1,87002062,100
"52813","tryma",1,87002063,100
"52814","trypanosoma",1,87002064,100
"52815","tryptic",1,87002065,100
"52816","tuath",1,87002066,100
"52817","tuberculate",1,87002067,100
"52818","tuberculous",1,87002068,100
"52819","tubig",1,87002069,100
"52820","tucuman",1,87002070,100
"52821","tuffing",1,87002071,100
"52822","tughra",1,87002072,100
"52823","tugless",1,87002073,100
"52824","tuke",1,87002074,100
"52825","tulasi",1,87002075,100
"52826","tumblebug",1,87002076,100
"52827","tumescent",1,87002077,100
"52828","tumuli",1,87002078,100
"52829","tumultuousness",1,87002079,100
"52830","tunefully",1,87002080,100
"52831","tunefulness",1,87002081,100
"52832","tunicle",1,87002082,100
"52833","tup",1,87002083,100
"52834","turbary",1,87002084,100
"52835","turfy",1,87002085,100
"52836","turlough",1,87002086,100
"52837","turnback",1,87002087,100
"52838","turnhall",1,87002088,100
"52839","turps",1,87002089,100
"52840","tusche",1,87002090,100
"52841","tusser",1,87002091,100
"52842","tutelary",1,87002092,100
"52843","tuth",1,87002093,100
"52844","twant",1,87002094,100
"52845","tweaky",1,87002095,100
"52846","tweeded",1,87002096,100
"52847","twelvemonth",1,87002097,100
"52848","twick",1,87002098,100
"52849","twiddler",1,87002099,100
"52850","twilled",1,87002100,100
"52851","twiller",1,87002101,100
"52852","twilling",1,87002102,100
"52853","twilly",1,87002103,100
"52854","twinberry",1,87002104,100
"52855","twinness",1,87002105,100
"52856","twinship",1,87002106,100
"52857","twiny",1,87002107,100
"52858","twistedly",1,87002108,100
"52859","twitchiness",1,87002109,100
"52860","twitchingly",1,87002110,100
"52861","twitten",1,87002111,100
"52862","twitteringly",1,87002112,100
"52863","twitterly",1,87002113,100
"52864","tympanum",1,87002114,100
"52865","typewriting",1,87002115,100
"52866","typhus",1,87002116,100
"52867","typic",1,87002117,100
"52868","typicality",1,87002118,100
"52869","typicalness",1,87002119,100
"52870","typologically",1,87002120,100
"52871","tyrannous",1,87002121,100
"52872","ubiquitousness",1,87002122,100
"52873","uddered",1,87002123,100
"52874","udderless",1,87002124,100
"52875","ultimata",1,87002125,100
"52876","ultrafiltrate",1,87002126,100
"52877","ultraliberal",1,87002127,100
"52878","ultramontane",1,87002128,100
"52879","ultraorthodox",1,87002129,100
"52880","ultraproud",1,87002130,100
"52881","ultrawealthy",1,87002131,100
"52882","ululation",1,87002132,100
"52883","umbo",1,87002133,100
"52884","umbrageous",1,87002134,100
"52885","umbral",1,87002135,100
"52886","umbrellaed",1,87002136,100
"52887","umiak",1,87002137,100
"52888","unabetted",1,87002138,100
"52889","unacademic",1,87002139,100
"52890","unacceptability",1,87002140,100
"52891","unacceptance",1,87002141,100
"52892","unaccommodating",1,87002142,100
"52893","unachieved",1,87002143,100
"52894","unacted",1,87002144,100
"52895","unactivated",1,87002145,100
"52896","unadmirable",1,87002146,100
"52897","unadopted",1,87002147,100
"52898","unadvisedly",1,87002148,100
"52899","unaffectedly",1,87002149,100
"52900","unaffectedness",1,87002150,100
"52901","unaffirmed",1,87002151,100
"52902","unafflicted",1,87002152,100
"52903","unaimed",1,87002153,100
"52904","unalienated",1,87002154,100
"52905","unalike",1,87002155,100
"52906","unalive",1,87002156,100
"52907","unalleviated",1,87002157,100
"52908","unallowable",1,87002158,100
"52909","unamusement",1,87002159,100
"52910","unanalyzable",1,87002160,100
"52911","unanalyzed",1,87002161,100
"52912","unanimated",1,87002162,100
"52913","unappeasable",1,87002163,100
"52914","unappeased",1,87002164,100
"52915","unappointed",1,87002165,100
"52916","unappreciating",1,87002166,100
"52917","unapproachableness",1,87002167,100
"52918","unarmorial",1,87002168,100
"52919","unartful",1,87002169,100
"52920","unartfully",1,87002170,100
"52921","unartistic",1,87002171,100
"52922","unassailed",1,87002172,100
"52923","unassessed",1,87002173,100
"52924","unattainably",1,87002174,100
"52925","unattained",1,87002175,100
"52926","unattempted",1,87002176,100
"52927","unattentive",1,87002177,100
"52928","unaugmented",1,87002178,100
"52929","unauthentic",1,87002179,100
"52930","unbagged",1,87002180,100
"52931","unbandaged",1,87002181,100
"52932","unbanished",1,87002182,100
"52933","unbarrable",1,87002183,100
"52934","unbarred",1,87002184,100
"52935","unbearableness",1,87002185,100
"52936","unbearing",1,87002186,100
"52937","unbecome",1,87002187,100
"52938","unbecomingly",1,87002188,100
"52939","unbeginning",1,87002189,100
"52940","unbegotten",1,87002190,100
"52941","unbehoving",1,87002191,100
"52942","unbelievability",1,87002192,100
"52943","unbelieved",1,87002193,100
"52944","unbelievingly",1,87002194,100
"52945","unbend",1,87002195,100
"52946","unbesmirched",1,87002196,100
"52947","unbiasedly",1,87002197,100
"52948","unbid",1,87002198,100
"52949","unbit",1,87002199,100
"52950","unbloodied",1,87002200,100
"52951","unbloody",1,87002201,100
"52952","unboarded",1,87002202,100
"52953","unboiled",1,87002203,100
"52954","unbolt",1,87002204,100
"52955","unbolted",1,87002205,100
"52956","unbooked",1,87002206,100
"52957","unbookish",1,87002207,100
"52958","unbowing",1,87002208,100
"52959","unbrave",1,87002209,100
"52960","unbreathing",1,87002210,100
"52961","unbrewed",1,87002211,100
"52962","unbrined",1,87002212,100
"52963","unbroke",1,87002213,100
"52964","unbrokenly",1,87002214,100
"52965","unbudgeable",1,87002215,100
"52966","unbuild",1,87002216,100
"52967","unbuilded",1,87002217,100
"52968","unbundled",1,87002218,100
"52969","unburn",1,87002219,100
"52970","unbury",1,87002220,100
"52971","unbusiness",1,87002221,100
"52972","unbusy",1,87002222,100
"52973","uncage",1,87002223,100
"52974","uncalculable",1,87002224,100
"52975","uncancellable",1,87002225,100
"52976","uncaned",1,87002226,100
"52977","uncanniness",1,87002227,100
"52978","uncanonical",1,87002228,100
"52979","uncap",1,87002229,100
"52980","uncapable",1,87002230,100
"52981","uncaptured",1,87002231,100
"52982","uncarpeted",1,87002232,100
"52983","uncast",1,87002233,100
"52984","uncatalogued",1,87002234,100
"52985","uncatholic",1,87002235,100
"52986","unceded",1,87002236,100
"52987","uncessantly",1,87002237,100
"52988","unchangeably",1,87002238,100
"52989","uncharmed",1,87002239,100
"52990","unchewable",1,87002240,100
"52991","unchewed",1,87002241,100
"52992","unchipped",1,87002242,100
"52993","unchurch",1,87002243,100
"52994","unclad",1,87002244,100
"52995","unclasp",1,87002245,100
"52996","unclassical",1,87002246,100
"52997","uncloak",1,87002247,100
"52998","uncloaked",1,87002248,100
"52999","unclosed",1,87002249,100
"53000","uncocked",1,87002250,100
"53001","uncoffined",1,87002251,100
"53002","uncomforted",1,87002252,100
"53003","uncomforting",1,87002253,100
"53004","uncommented",1,87002254,100
"53005","uncomparable",1,87002255,100
"53006","uncomplainingly",1,87002256,100
"53007","uncomplimentary",1,87002257,100
"53008","uncomposed",1,87002258,100
"53009","unconceivable",1,87002259,100
"53010","unconcernedly",1,87002260,100
"53011","uncondescending",1,87002261,100
"53012","unconfessed",1,87002262,100
"53013","unconsenting",1,87002263,100
"53014","unconsiderate",1,87002264,100
"53015","unconstant",1,87002265,100
"53016","unconstructed",1,87002266,100
"53017","unconsulted",1,87002267,100
"53018","uncontentious",1,87002268,100
"53019","uncontrived",1,87002269,100
"53020","uncontrol",1,87002270,100
"53021","uncontroverted",1,87002271,100
"53022","unconvicted",1,87002272,100
"53023","unconvince",1,87002273,100
"53024","uncopied",1,87002274,100
"53025","uncorrectable",1,87002275,100
"53026","uncostumed",1,87002276,100
"53027","uncounseled",1,87002277,100
"53028","uncouple",1,87002278,100
"53029","uncoupled",1,87002279,100
"53030","uncourageous",1,87002280,100
"53031","uncouthness",1,87002281,100
"53032","uncoveted",1,87002282,100
"53033","uncowed",1,87002283,100
"53034","uncracked",1,87002284,100
"53035","uncrafty",1,87002285,100
"53036","uncredentialed",1,87002286,100
"53037","uncrook",1,87002287,100
"53038","uncrossable",1,87002288,100
"53039","uncrowning",1,87002289,100
"53040","uncrumple",1,87002290,100
"53041","unctious",1,87002291,100
"53042","unctiousness",1,87002292,100
"53043","unctuously",1,87002293,100
"53044","uncurable",1,87002294,100
"53045","uncured",1,87002295,100
"53046","uncurious",1,87002296,100
"53047","uncurling",1,87002297,100
"53048","uncurse",1,87002298,100
"53049","uncurtained",1,87002299,100
"53050","uncuttable",1,87002300,100
"53051","undammed",1,87002301,100
"53052","undatable",1,87002302,100
"53053","unde",1,87002303,100
"53054","undecisive",1,87002304,100
"53055","undecked",1,87002305,100
"53056","undefendable",1,87002306,100
"53057","undeluded",1,87002307,100
"53058","undenied",1,87002308,100
"53059","undepraved",1,87002309,100
"53060","underbake",1,87002310,100
"53061","underbeaten",1,87002311,100
"53062","underbid",1,87002312,100
"53063","underbridge",1,87002313,100
"53064","undercapitalization",1,87002314,100
"53065","undercliff",1,87002315,100
"53066","undercoating",1,87002316,100
"53067","undercolor",1,87002317,100
"53068","undercook",1,87002318,100
"53069","underdoing",1,87002319,100
"53070","underdown",1,87002320,100
"53071","underdrawers",1,87002321,100
"53072","underdrawn",1,87002322,100
"53073","underdress",1,87002323,100
"53074","underfire",1,87002324,100
"53075","undergear",1,87002325,100
"53076","undergeneral",1,87002326,100
"53077","underglaze",1,87002327,100
"53078","undergoer",1,87002328,100
"53079","undergrade",1,87002329,100
"53080","underhandedly",1,87002330,100
"53081","underhorse",1,87002331,100
"53082","underlaid",1,87002332,100
"53083","underlain",1,87002333,100
"53084","underlayer",1,87002334,100
"53085","underlaying",1,87002335,100
"53086","underlife",1,87002336,100
"53087","underly",1,87002337,100
"53088","underman",1,87002338,100
"53089","undernourishment",1,87002339,100
"53090","underofficer",1,87002340,100
"53091","underpayment",1,87002341,100
"53092","underread",1,87002342,100
"53093","underserve",1,87002343,100
"53094","undershepherd",1,87002344,100
"53095","undershoot",1,87002345,100
"53096","underslip",1,87002346,100
"53097","undersound",1,87002347,100
"53098","undertrick",1,87002348,100
"53099","underwing",1,87002349,100
"53100","undescribable",1,87002350,100
"53101","undescriptive",1,87002351,100
"53102","undesigned",1,87002352,100
"53103","undesirability",1,87002353,100
"53104","undesirous",1,87002354,100
"53105","undestroyed",1,87002355,100
"53106","undevelopable",1,87002356,100
"53107","undeviated",1,87002357,100
"53108","undiscernible",1,87002358,100
"53109","undisconnected",1,87002359,100
"53110","undiscouraged",1,87002360,100
"53111","undiscriminating",1,87002361,100
"53112","undiscussable",1,87002362,100
"53113","undisputably",1,87002363,100
"53114","undisputedly",1,87002364,100
"53115","undiverse",1,87002365,100
"53116","undoctored",1,87002366,100
"53117","undogmatic",1,87002367,100
"53118","undomestic",1,87002368,100
"53119","undosed",1,87002369,100
"53120","undoubtful",1,87002370,100
"53121","undoubting",1,87002371,100
"53122","undrenched",1,87002372,100
"53123","undull",1,87002373,100
"53124","uneclectic",1,87002374,100
"53125","unedible",1,87002375,100
"53126","uneditable",1,87002376,100
"53127","uneffective",1,87002377,100
"53128","unejaculated",1,87002378,100
"53129","unelect",1,87002379,100
"53130","uneligible",1,87002380,100
"53131","unembalmed",1,87002381,100
"53132","unembarrassedly",1,87002382,100
"53133","unembittered",1,87002383,100
"53134","unemotionally",1,87002384,100
"53135","unempowered",1,87002385,100
"53136","unencountered",1,87002386,100
"53137","unendorsed",1,87002387,100
"53138","unendurability",1,87002388,100
"53139","unenlightening",1,87002389,100
"53140","unenrolled",1,87002390,100
"53141","unensouled",1,87002391,100
"53142","unentailed",1,87002392,100
"53143","unentangled",1,87002393,100
"53144","unequality",1,87002394,100
"53145","unescapable",1,87002395,100
"53146","unescaped",1,87002396,100
"53147","unessential",1,87002397,100
"53148","unestranged",1,87002398,100
"53149","uneventfulness",1,87002399,100
"53150","unexampled",1,87002400,100
"53151","unexecuted",1,87002401,100
"53152","unexotic",1,87002402,100
"53153","unexpectable",1,87002403,100
"53154","unexpecting",1,87002404,100
"53155","unexpendable",1,87002405,100
"53156","unexpended",1,87002406,100
"53157","unexpensive",1,87002407,100
"53158","unexperience",1,87002408,100
"53159","unexpert",1,87002409,100
"53160","unexpressable",1,87002410,100
"53161","unexpressive",1,87002411,100
"53162","unextended",1,87002412,100
"53163","unfact",1,87002413,100
"53164","unfactual",1,87002414,100
"53165","unfalsifiable",1,87002415,100
"53166","unfancy",1,87002416,100
"53167","unfashion",1,87002417,100
"53168","unfashionableness",1,87002418,100
"53169","unfatherly",1,87002419,100
"53170","unfeminist",1,87002420,100
"53171","unfermentable",1,87002421,100
"53172","unfetter",1,87002422,100
"53173","unfillable",1,87002423,100
"53174","unfilling",1,87002424,100
"53175","unfilm",1,87002425,100
"53176","unfilmed",1,87002426,100
"53177","unfishable",1,87002427,100
"53178","unfix",1,87002428,100
"53179","unflaggingly",1,87002429,100
"53180","unflecked",1,87002430,100
"53181","unfloured",1,87002431,100
"53182","unflown",1,87002432,100
"53183","unforeign",1,87002433,100
"53184","unforgetful",1,87002434,100
"53185","unforgivingly",1,87002435,100
"53186","unfreedom",1,87002436,100
"53187","unfried",1,87002437,100
"53188","unfussed",1,87002438,100
"53189","ungagged",1,87002439,100
"53190","ungarbled",1,87002440,100
"53191","ungathered",1,87002441,100
"53192","ungenteel",1,87002442,100
"53193","ungentleman",1,87002443,100
"53194","ungently",1,87002444,100
"53195","ungettable",1,87002445,100
"53196","ungifted",1,87002446,100
"53197","ungiven",1,87002447,100
"53198","unglimpsed",1,87002448,100
"53199","unglossed",1,87002449,100
"53200","ungrafted",1,87002450,100
"53201","ungrammatically",1,87002451,100
"53202","ungrouped",1,87002452,100
"53203","ungrudgingly",1,87002453,100
"53204","unguardedly",1,87002454,100
"53205","ungulate",1,87002455,100
"53206","unhacked",1,87002456,100
"53207","unhand",1,87002457,100
"53208","unharmful",1,87002458,100
"53209","unharmonized",1,87002459,100
"53210","unhatched",1,87002460,100
"53211","unhaunted",1,87002461,100
"53212","unhelped",1,87002462,100
"53213","unhelpfulness",1,87002463,100
"53214","unhemmed",1,87002464,100
"53215","unheroic",1,87002465,100
"53216","unhesitant",1,87002466,100
"53217","unhide",1,87002467,100
"53218","unhistoric",1,87002468,100
"53219","unhoned",1,87002469,100
"53220","unhonored",1,87002470,100
"53221","unhopeful",1,87002471,100
"53222","unhostile",1,87002472,100
"53223","unhugged",1,87002473,100
"53224","unhuman",1,87002474,100
"53225","unhung",1,87002475,100
"53226","unhusbanded",1,87002476,100
"53227","unhygienically",1,87002477,100
"53228","unhysterical",1,87002478,100
"53229","uniat",1,87002479,100
"53230","unice",1,87002480,100
"53231","unicolor",1,87002481,100
"53232","unideal",1,87002482,100
"53233","unie",1,87002483,100
"53234","uniflow",1,87002484,100
"53235","unifocal",1,87002485,100
"53236","uniformitarian",1,87002486,100
"53237","unilingual",1,87002487,100
"53238","unilluminated",1,87002488,100
"53239","unillusioned",1,87002489,100
"53240","unillustrated",1,87002490,100
"53241","unimplicated",1,87002491,100
"53242","unimportantly",1,87002492,100
"53243","unincorporate",1,87002493,100
"53244","unindexed",1,87002494,100
"53245","unindictable",1,87002495,100
"53246","uninflated",1,87002496,100
"53247","uninhabitableness",1,87002497,100
"53248","uninnocent",1,87002498,100
"53249","unintelligence",1,87002499,100
"53250","uninterruptedly",1,87002500,100
"53251","uninterviewed",1,87002501,100
"53252","uninvite",1,87002502,100
"53253","unio",1,87002503,100
"53254","unironed",1,87002504,100
"53255","unirradiated",1,87002505,100
"53256","unirrigated",1,87002506,100
"53257","unitize",1,87002507,100
"53258","universitary",1,87002508,100
"53259","unjaded",1,87002509,100
"53260","unjudged",1,87002510,100
"53261","unkemptness",1,87002511,100
"53262","unkeyed",1,87002512,100
"53263","unkilled",1,87002513,100
"53264","unkissed",1,87002514,100
"53265","unlade",1,87002515,100
"53266","unlaid",1,87002516,100
"53267","unlarge",1,87002517,100
"53268","unlaunched",1,87002518,100
"53269","unlaw",1,87002519,100
"53270","unlicked",1,87002520,100
"53271","unlight",1,87002521,100
"53272","unlikeness",1,87002522,100
"53273","unlive",1,87002523,100
"53274","unliveable",1,87002524,100
"53275","unliving",1,87002525,100
"53276","unloader",1,87002526,100
"53277","unlocker",1,87002527,100
"53278","unlook",1,87002528,100
"53279","unloosing",1,87002529,100
"53280","unlost",1,87002530,100
"53281","unloveable",1,87002531,100
"53282","unlovingly",1,87002532,100
"53283","unloyal",1,87002533,100
"53284","unloyalty",1,87002534,100
"53285","unlubricated",1,87002535,100
"53286","unluckiness",1,87002536,100
"53287","unlucrative",1,87002537,100
"53288","unlyrical",1,87002538,100
"53289","unmaimed",1,87002539,100
"53290","unman",1,87002540,100
"53291","unmanageably",1,87002541,100
"53292","unmannerly",1,87002542,100
"53293","unmappable",1,87002543,100
"53294","unmarvelous",1,87002544,100
"53295","unmasculine",1,87002545,100
"53296","unmaterialistic",1,87002546,100
"53297","unmatured",1,87002547,100
"53298","unmelodic",1,87002548,100
"53299","unmelodious",1,87002549,100
"53300","unmelted",1,87002550,100
"53301","unmetered",1,87002551,100
"53302","unminced",1,87002552,100
"53303","unmined",1,87002553,100
"53304","unmissed",1,87002554,100
"53305","unmistakingly",1,87002555,100
"53306","unmoaned",1,87002556,100
"53307","unmoor",1,87002557,100
"53308","unmown",1,87002558,100
"53309","unmussed",1,87002559,100
"53310","unmysterious",1,87002560,100
"53311","unnarrated",1,87002561,100
"53312","unnavigable",1,87002562,100
"53313","unnoble",1,87002563,100
"53314","unnormal",1,87002564,100
"53315","unnutritious",1,87002565,100
"53316","unobjectionably",1,87002566,100
"53317","unobscure",1,87002567,100
"53318","unoiled",1,87002568,100
"53319","unopen",1,87002569,100
"53320","unopenable",1,87002570,100
"53321","unorphaned",1,87002571,100
"53322","unpaired",1,87002572,100
"53323","unparking",1,87002573,100
"53324","unparsimonious",1,87002574,100
"53325","unparticular",1,87002575,100
"53326","unpartnered",1,87002576,100
"53327","unpasted",1,87002577,100
"53328","unpathetic",1,87002578,100
"53329","unpecked",1,87002579,100
"53330","unpejorative",1,87002580,100
"53331","unpent",1,87002581,100
"53332","unpeopled",1,87002582,100
"53333","unperforated",1,87002583,100
"53334","unpersonable",1,87002584,100
"53335","unphotographed",1,87002585,100
"53336","unpickable",1,87002586,100
"53337","unpiece",1,87002587,100
"53338","unpin",1,87002588,100
"53339","unpitched",1,87002589,100
"53340","unpleated",1,87002590,100
"53341","unploughed",1,87002591,100
"53342","unplucked",1,87002592,100
"53343","unplumbed",1,87002593,100
"53344","unpossessed",1,87002594,100
"53345","unpraised",1,87002595,100
"53346","unprecious",1,87002596,100
"53347","unpremeditated",1,87002597,100
"53348","unpreoccupied",1,87002598,100
"53349","unprepossessingly",1,87002599,100
"53350","unprescribed",1,87002600,100
"53351","unpresentability",1,87002601,100
"53352","unpresentable",1,87002602,100
"53353","unpressed",1,87002603,100
"53354","unprimed",1,87002604,100
"53355","unproblematic",1,87002605,100
"53356","unproductiveness",1,87002606,100
"53357","unprofessed",1,87002607,100
"53358","unprofound",1,87002608,100
"53359","unprophesied",1,87002609,100
"53360","unpropitious",1,87002610,100
"53361","unprosecuted",1,87002611,100
"53362","unprovokedly",1,87002612,100
"53363","unpunched",1,87002613,100
"53364","unpunctuality",1,87002614,100
"53365","unpurposed",1,87002615,100
"53366","unpursued",1,87002616,100
"53367","unqualifiedly",1,87002617,100
"53368","unquietly",1,87002618,100
"53369","unquilted",1,87002619,100
"53370","unquoted",1,87002620,100
"53371","unraked",1,87002621,100
"53372","unraped",1,87002622,100
"53373","unratified",1,87002623,100
"53374","unravellable",1,87002624,100
"53375","unreadiness",1,87002625,100
"53376","unreally",1,87002626,100
"53377","unrealness",1,87002627,100
"53378","unrebutted",1,87002628,100
"53379","unrecallable",1,87002629,100
"53380","unrectified",1,87002630,100
"53381","unreel",1,87002631,100
"53382","unreeling",1,87002632,100
"53383","unregal",1,87002633,100
"53384","unregrettable",1,87002634,100
"53385","unregretted",1,87002635,100
"53386","unreleasable",1,87002636,100
"53387","unrememberable",1,87002637,100
"53388","unremorsefully",1,87002638,100
"53389","unrenovated",1,87002639,100
"53390","unrepairable",1,87002640,100
"53391","unrepented",1,87002641,100
"53392","unreplying",1,87002642,100
"53393","unreproved",1,87002643,100
"53394","unreproving",1,87002644,100
"53395","unrequired",1,87002645,100
"53396","unresistibly",1,87002646,100
"53397","unrespected",1,87002647,100
"53398","unrestored",1,87002648,100
"53399","unrestrictedly",1,87002649,100
"53400","unretiring",1,87002650,100
"53401","unreturnable",1,87002651,100
"53402","unrevealing",1,87002652,100
"53403","unrevealingly",1,87002653,100
"53404","unreviewable",1,87002654,100
"53405","unrhymed",1,87002655,100
"53406","unribbed",1,87002656,100
"53407","unride",1,87002657,100
"53408","unringed",1,87002658,100
"53409","unripped",1,87002659,100
"53410","unrisen",1,87002660,100
"53411","unriveting",1,87002661,100
"53412","unroadworthy",1,87002662,100
"53413","unrobe",1,87002663,100
"53414","unroofed",1,87002664,100
"53415","unrooted",1,87002665,100
"53416","unsad",1,87002666,100
"53417","unsaddled",1,87002667,100
"53418","unsampled",1,87002668,100
"53419","unsanctified",1,87002669,100
"53420","unsated",1,87002670,100
"53421","unsatiable",1,87002671,100
"53422","unscalable",1,87002672,100
"53423","unscaled",1,87002673,100
"53424","unscanned",1,87002674,100
"53425","unscarred",1,87002675,100
"53426","unscooped",1,87002676,100
"53427","unscrubbed",1,87002677,100
"53428","unsealing",1,87002678,100
"53429","unsearchably",1,87002679,100
"53430","unsearched",1,87002680,100
"53431","unseduced",1,87002681,100
"53432","unseeable",1,87002682,100
"53433","unseeming",1,87002683,100
"53434","unselected",1,87002684,100
"53435","unseriousness",1,87002685,100
"53436","unserviceable",1,87002686,100
"53437","unset",1,87002687,100
"53438","unshaded",1,87002688,100
"53439","unshadowed",1,87002689,100
"53440","unshaking",1,87002690,100
"53441","unshamefully",1,87002691,100
"53442","unshaped",1,87002692,100
"53443","unshapely",1,87002693,100
"53444","unsharpen",1,87002694,100
"53445","unsheathe",1,87002695,100
"53446","unshelled",1,87002696,100
"53447","unshockable",1,87002697,100
"53448","unshod",1,87002698,100
"53449","unshot",1,87002699,100
"53450","unshown",1,87002700,100
"53451","unshrink",1,87002701,100
"53452","unshrouded",1,87002702,100
"53453","unsifted",1,87002703,100
"53454","unsignable",1,87002704,100
"53455","unsignificant",1,87002705,100
"53456","unsilenceable",1,87002706,100
"53457","unsimilar",1,87002707,100
"53458","unsimulated",1,87002708,100
"53459","unsingle",1,87002709,100
"53460","unsinning",1,87002710,100
"53461","unskewered",1,87002711,100
"53462","unskillfully",1,87002712,100
"53463","unskinned",1,87002713,100
"53464","unslaked",1,87002714,100
"53465","unsleeping",1,87002715,100
"53466","unslung",1,87002716,100
"53467","unslurred",1,87002717,100
"53468","unsmoky",1,87002718,100
"53469","unsmooth",1,87002719,100
"53470","unsmoothed",1,87002720,100
"53471","unsmote",1,87002721,100
"53472","unsnagged",1,87002722,100
"53473","unsnap",1,87002723,100
"53474","unsociability",1,87002724,100
"53475","unsolicitous",1,87002725,100
"53476","unsordid",1,87002726,100
"53477","unsparingly",1,87002727,100
"53478","unspayed",1,87002728,100
"53479","unspellable",1,87002729,100
"53480","unspiced",1,87002730,100
"53481","unspotted",1,87002731,100
"53482","unspring",1,87002732,100
"53483","unsquare",1,87002733,100
"53484","unstably",1,87002734,100
"53485","unstaffed",1,87002735,100
"53486","unstaled",1,87002736,100
"53487","unstalled",1,87002737,100
"53488","unstationary",1,87002738,100
"53489","unsteadied",1,87002739,100
"53490","unstemmed",1,87002740,100
"53491","unsterilized",1,87002741,100
"53492","unstern",1,87002742,100
"53493","unsticking",1,87002743,100
"53494","unstill",1,87002744,100
"53495","unstimulating",1,87002745,100
"53496","unstirred",1,87002746,100
"53497","unstop",1,87002747,100
"53498","unstoppered",1,87002748,100
"53499","unstringing",1,87002749,100
"53500","unstupid",1,87002750,100
"53501","unstyled",1,87002751,100
"53502","unsubdued",1,87002752,100
"53503","unsubmissive",1,87002753,100
"53504","unsubmitted",1,87002754,100
"53505","unsubstantially",1,87002755,100
"53506","unsucked",1,87002756,100
"53507","unsugared",1,87002757,100
"53508","unsugary",1,87002758,100
"53509","unsuitableness",1,87002759,100
"53510","unsurmountable",1,87002760,100
"53511","unsurrendered",1,87002761,100
"53512","unsurveyed",1,87002762,100
"53513","unsuspectedly",1,87002763,100
"53514","unsustained",1,87002764,100
"53515","unswaying",1,87002765,100
"53516","unsweetness",1,87002766,100
"53517","unsymbolical",1,87002767,100
"53518","unsystematic",1,87002768,100
"53519","untagged",1,87002769,100
"53520","untalked",1,87002770,100
"53521","untamely",1,87002771,100
"53522","untampered",1,87002772,100
"53523","untarnishable",1,87002773,100
"53524","untaste",1,87002774,100
"53525","untaxing",1,87002775,100
"53526","unteach",1,87002776,100
"53527","untearable",1,87002777,100
"53528","untellable",1,87002778,100
"53529","untenanted",1,87002779,100
"53530","unterminated",1,87002780,100
"53531","untethering",1,87002781,100
"53532","unthanked",1,87002782,100
"53533","unthankfulness",1,87002783,100
"53534","unthawing",1,87002784,100
"53535","unthinned",1,87002785,100
"53536","unthoughtful",1,87002786,100
"53537","unthread",1,87002787,100
"53538","unthrifty",1,87002788,100
"53539","untin",1,87002789,100
"53540","untiringly",1,87002790,100
"53541","untolerable",1,87002791,100
"53542","untoned",1,87002792,100
"53543","untorn",1,87002793,100
"53544","untortured",1,87002794,100
"53545","untouristed",1,87002795,100
"53546","untraced",1,87002796,100
"53547","untrainable",1,87002797,100
"53548","untranscribed",1,87002798,100
"53549","untranslatability",1,87002799,100
"53550","untransparent",1,87002800,100
"53551","untreed",1,87002801,100
"53552","untrespassed",1,87002802,100
"53553","untrumpeted",1,87002803,100
"53554","untrustworthily",1,87002804,100
"53555","untucking",1,87002805,100
"53556","untuned",1,87002806,100
"53557","untwist",1,87002807,100
"53558","unusably",1,87002808,100
"53559","unvalidated",1,87002809,100
"53560","unvalued",1,87002810,100
"53561","unvanquished",1,87002811,100
"53562","unvaryingly",1,87002812,100
"53563","unventilated",1,87002813,100
"53564","unversed",1,87002814,100
"53565","unvicariously",1,87002815,100
"53566","unviewable",1,87002816,100
"53567","unviolated",1,87002817,100
"53568","unvirtuous",1,87002818,100
"53569","unvoiced",1,87002819,100
"53570","unwaking",1,87002820,100
"53571","unwalkable",1,87002821,100
"53572","unwalked",1,87002822,100
"53573","unwalled",1,87002823,100
"53574","unware",1,87002824,100
"53575","unwarrantable",1,87002825,100
"53576","unwarrantably",1,87002826,100
"53577","unwatching",1,87002827,100
"53578","unwatered",1,87002828,100
"53579","unwavered",1,87002829,100
"53580","unwaxed",1,87002830,100
"53581","unwedded",1,87002831,100
"53582","unweight",1,87002832,100
"53583","unweighted",1,87002833,100
"53584","unwet",1,87002834,100
"53585","unwifelike",1,87002835,100
"53586","unwilled",1,87002836,100
"53587","unwitnessed",1,87002837,100
"53588","unwitty",1,87002838,100
"53589","unwon",1,87002839,100
"53590","unwonted",1,87002840,100
"53591","unwontedly",1,87002841,100
"53592","unwooded",1,87002842,100
"53593","unwordable",1,87002843,100
"53594","unworked",1,87002844,100
"53595","unwrecked",1,87002845,100
"53596","unwrinkle",1,87002846,100
"53597","unyieldingly",1,87002847,100
"53598","upas",1,87002848,100
"53599","upbraid",1,87002849,100
"53600","upheave",1,87002850,100
"53601","upher",1,87002851,100
"53602","uplander",1,87002852,100
"53603","uplook",1,87002853,100
"53604","upness",1,87002854,100
"53605","uprisen",1,87002855,100
"53606","uprooter",1,87002856,100
"53607","uprose",1,87002857,100
"53608","upstand",1,87002858,100
"53609","uptorn",1,87002859,100
"53610","uptrack",1,87002860,100
"53611","upwith",1,87002861,100
"53612","urachal",1,87002862,100
"53613","uranometria",1,87002863,100
"53614","ureter",1,87002864,100
"53615","urethrostomy",1,87002865,100
"53616","urial",1,87002866,100
"53617","uriniferous",1,87002867,100
"53618","urman",1,87002868,100
"53619","urogenital",1,87002869,100
"53620","urologic",1,87002870,100
"53621","urosepsis",1,87002871,100
"53622","urtica",1,87002872,100
"53623","urticant",1,87002873,100
"53624","urticarial",1,87002874,100
"53625","urubu",1,87002875,100
"53626","ushabti",1,87002876,100
"53627","usnic",1,87002877,100
"53628","usquebaugh",1,87002878,100
"53629","utai",1,87002879,100
"53630","utile",1,87002880,100
"53631","utopist",1,87002881,100
"53632","utterable",1,87002882,100
"53633","utterer",1,87002883,100
"53634","uveitis",1,87002884,100
"53635","uxorious",1,87002885,100
"53636","vacationless",1,87002886,100
"53637","vache",1,87002887,100
"53638","vacuously",1,87002888,100
"53639","vacuousness",1,87002889,100
"53640","vaginismus",1,87002890,100
"53641","vaginoplasty",1,87002891,100
"53642","vaguish",1,87002892,100
"53643","vajrasana",1,87002893,100
"53644","vakil",1,87002894,100
"53645","valeta",1,87002895,100
"53646","valeur",1,87002896,100
"53647","valhall",1,87002897,100
"53648","valiance",1,87002898,100
"53649","valine",1,87002899,100
"53650","vallar",1,87002900,100
"53651","valorously",1,87002901,100
"53652","valuably",1,87002902,100
"53653","valuate",1,87002903,100
"53654","valvular",1,87002904,100
"53655","vanadium",1,87002905,100
"53656","vaporously",1,87002906,100
"53657","vapory",1,87002907,100
"53658","varan",1,87002908,100
"53659","variableness",1,87002909,100
"53660","variably",1,87002910,100
"53661","varices",1,87002911,100
"53662","variorum",1,87002912,100
"53663","varlet",1,87002913,100
"53664","varna",1,87002914,100
"53665","varsha",1,87002915,100
"53666","varyingly",1,87002916,100
"53667","vascularity",1,87002917,100
"53668","vasculature",1,87002918,100
"53669","vassalage",1,87002919,100
"53670","vatic",1,87002920,100
"53671","vaulty",1,87002921,100
"53672","vedette",1,87002922,100
"53673","veery",1,87002923,100
"53674","vegetational",1,87002924,100
"53675","vegetatively",1,87002925,100
"53676","vehicularly",1,87002926,100
"53677","vei",1,87002927,100
"53678","veiner",1,87002928,100
"53679","velamentous",1,87002929,100
"53680","velar",1,87002930,100
"53681","velic",1,87002931,100
"53682","vell",1,87002932,100
"53683","vellon",1,87002933,100
"53684","velours",1,87002934,100
"53685","velveted",1,87002935,100
"53686","venerably",1,87002936,100
"53687","venery",1,87002937,100
"53688","venezolano",1,87002938,100
"53689","venomously",1,87002939,100
"53690","ventriloquial",1,87002940,100
"53691","ventrolateral",1,87002941,100
"53692","venturous",1,87002942,100
"53693","veraciously",1,87002943,100
"53694","verbalization",1,87002944,100
"53695","verbalizer",1,87002945,100
"53696","verberate",1,87002946,100
"53697","verbigeration",1,87002947,100
"53698","verbosely",1,87002948,100
"53699","verboseness",1,87002949,100
"53700","verby",1,87002950,100
"53701","verd",1,87002951,100
"53702","verdantly",1,87002952,100
"53703","verdin",1,87002953,100
"53704","verdurous",1,87002954,100
"53705","veridicous",1,87002955,100
"53706","verisimilar",1,87002956,100
"53707","verjuice",1,87002957,100
"53708","vermiculite",1,87002958,100
"53709","vermiform",1,87002959,100
"53710","verminicide",1,87002960,100
"53711","vernalization",1,87002961,100
"53712","verre",1,87002962,100
"53713","versicle",1,87002963,100
"53714","vervain",1,87002964,100
"53715","vesicular",1,87002965,100
"53716","vesiculation",1,87002966,100
"53717","vesperian",1,87002967,100
"53718","vespiform",1,87002968,100
"53719","vester",1,87002969,100
"53720","vext",1,87002970,100
"53721","viatical",1,87002971,100
"53722","viaticum",1,87002972,100
"53723","vibex",1,87002973,100
"53724","vibronic",1,87002974,100
"53725","vicariate",1,87002975,100
"53726","vicegerent",1,87002976,100
"53727","vicinage",1,87002977,100
"53728","vicinal",1,87002978,100
"53729","victrix",1,87002979,100
"53730","victual",1,87002980,100
"53731","victualing",1,87002981,100
"53732","videogenic",1,87002982,100
"53733","vidette",1,87002983,100
"53734","viertel",1,87002984,100
"53735","viewless",1,87002985,100
"53736","viga",1,87002986,100
"53737","vigia",1,87002987,100
"53738","vilipend",1,87002988,100
"53739","vility",1,87002989,100
"53740","villanous",1,87002990,100
"53741","viminal",1,87002991,100
"53742","vinaigrier",1,87002992,100
"53743","vinal",1,87002993,100
"53744","vinegarette",1,87002994,100
"53745","vinegrower",1,87002995,100
"53746","viner",1,87002996,100
"53747","vinery",1,87002997,100
"53748","vinicultural",1,87002998,100
"53749","viniculture",1,87002999,100
"53750","vinification",1,87003000,100
"53751","vinosity",1,87003001,100
"53752","vinta",1,87003002,100
"53753","vintaging",1,87003003,100
"53754","violinmaking",1,87003004,100
"53755","virgilia",1,87003005,100
"53756","virginally",1,87003006,100
"53757","viridescent",1,87003007,100
"53758","virl",1,87003008,100
"53759","virtu",1,87003009,100
"53760","virtualize",1,87003010,100
"53761","virtuose",1,87003011,100
"53762","virtuousness",1,87003012,100
"53763","virulency",1,87003013,100
"53764","visiter",1,87003014,100
"53765","visualist",1,87003015,100
"53766","vitalism",1,87003016,100
"53767","vitalizer",1,87003017,100
"53768","vitalness",1,87003018,100
"53769","vitascope",1,87003019,100
"53770","vitiated",1,87003020,100
"53771","vitrine",1,87003021,100
"53772","vituperate",1,87003022,100
"53773","vivaciously",1,87003023,100
"53774","vivarium",1,87003024,100
"53775","viver",1,87003025,100
"53776","vivification",1,87003026,100
"53777","vivify",1,87003027,100
"53778","vivisect",1,87003028,100
"53779","vivisector",1,87003029,100
"53780","vlei",1,87003030,100
"53781","vocabularian",1,87003031,100
"53782","vociferousness",1,87003032,100
"53783","volar",1,87003033,100
"53784","volcan",1,87003034,100
"53785","voltaic",1,87003035,100
"53786","volubility",1,87003036,100
"53787","volumetric",1,87003037,100
"53788","volumetrically",1,87003038,100
"53789","voluntariness",1,87003039,100
"53790","voluntarist",1,87003040,100
"53791","voluptas",1,87003041,100
"53792","voluptuary",1,87003042,100
"53793","vomica",1,87003043,100
"53794","vomitory",1,87003044,100
"53795","vomitus",1,87003045,100
"53796","vorticism",1,87003046,100
"53797","vorticist",1,87003047,100
"53798","votable",1,87003048,100
"53799","votary",1,87003049,100
"53800","voteless",1,87003050,100
"53801","vulcanize",1,87003051,100
"53802","vulcanology",1,87003052,100
"53803","vulgare",1,87003053,100
"53804","vuln",1,87003054,100
"53805","vulnerary",1,87003055,100
"53806","vulvar",1,87003056,100
"53807","vulvovaginitis",1,87003057,100
"53808","vum",1,87003058,100
"53809","waag",1,87003059,100
"53810","wabble",1,87003060,100
"53811","wabeno",1,87003061,100
"53812","wadeable",1,87003062,100
"53813","wafty",1,87003063,100
"53814","waggly",1,87003064,100
"53815","waggy",1,87003065,100
"53816","wagtail",1,87003066,100
"53817","wainer",1,87003067,100
"53818","wainman",1,87003068,100
"53819","waise",1,87003069,100
"53820","waistcoated",1,87003070,100
"53821","waister",1,87003071,100
"53822","waketime",1,87003072,100
"53823","wakiki",1,87003073,100
"53824","waldhorn",1,87003074,100
"53825","wallaroo",1,87003075,100
"53826","walletful",1,87003076,100
"53827","walloper",1,87003077,100
"53828","waltzer",1,87003078,100
"53829","wandery",1,87003079,100
"53830","wantful",1,87003080,100
"53831","warch",1,87003081,100
"53832","wardman",1,87003082,100
"53833","warehouser",1,87003083,100
"53834","warnt",1,87003084,100
"53835","warpage",1,87003085,100
"53836","warper",1,87003086,100
"53837","warran",1,87003087,100
"53838","warrener",1,87003088,100
"53839","warted",1,87003089,100
"53840","warth",1,87003090,100
"53841","washbowl",1,87003091,100
"53842","washerwoman",1,87003092,100
"53843","washpot",1,87003093,100
"53844","washstand",1,87003094,100
"53845","watchfully",1,87003095,100
"53846","waterhead",1,87003096,100
"53847","waterlike",1,87003097,100
"53848","watermaster",1,87003098,100
"53849","waterproofer",1,87003099,100
"53850","waterskin",1,87003100,100
"53851","watersmeet",1,87003101,100
"53852","waterspout",1,87003102,100
"53853","waterwood",1,87003103,100
"53854","waul",1,87003104,100
"53855","wavelet",1,87003105,100
"53856","wavelike",1,87003106,100
"53857","wawah",1,87003107,100
"53858","waxlike",1,87003108,100
"53859","wayang",1,87003109,100
"53860","waybill",1,87003110,100
"53861","waylay",1,87003111,100
"53862","waywardly",1,87003112,100
"53863","waywardness",1,87003113,100
"53864","weakhearted",1,87003114,100
"53865","wealthiness",1,87003115,100
"53866","weam",1,87003116,100
"53867","weanling",1,87003117,100
"53868","weaponed",1,87003118,100
"53869","wearier",1,87003119,100
"53870","wearish",1,87003120,100
"53871","weatherproofed",1,87003121,100
"53872","weathery",1,87003122,100
"53873","webfoot",1,87003123,100
"53874","wedgy",1,87003124,100
"53875","weeble",1,87003125,100
"53876","weedling",1,87003126,100
"53877","weeze",1,87003127,100
"53878","weighin",1,87003128,100
"53879","weirdish",1,87003129,100
"53880","weka",1,87003130,100
"53881","welcomely",1,87003131,100
"53882","wene",1,87003132,100
"53883","westering",1,87003133,100
"53884","wetly",1,87003134,100
"53885","wettish",1,87003135,100
"53886","whaleback",1,87003136,100
"53887","whaleboat",1,87003137,100
"53888","wharfside",1,87003138,100
"53889","wheal",1,87003139,100
"53890","wheatear",1,87003140,100
"53891","wheedler",1,87003141,100
"53892","wheer",1,87003142,100
"53893","whensoever",1,87003143,100
"53894","whereafter",1,87003144,100
"53895","whereto",1,87003145,100
"53896","whichway",1,87003146,100
"53897","whiffenpoof",1,87003147,100
"53898","whiffer",1,87003148,100
"53899","whiffy",1,87003149,100
"53900","whift",1,87003150,100
"53901","whill",1,87003151,100
"53902","whilly",1,87003152,100
"53903","whinchat",1,87003153,100
"53904","whinstone",1,87003154,100
"53905","whipcord",1,87003155,100
"53906","whipcrack",1,87003156,100
"53907","whippletree",1,87003157,100
"53908","whippoorwill",1,87003158,100
"53909","whipworm",1,87003159,100
"53910","whirry",1,87003160,100
"53911","whisterpoop",1,87003161,100
"53912","whitebait",1,87003162,100
"53913","whitebark",1,87003163,100
"53914","whitebird",1,87003164,100
"53915","whiteface",1,87003165,100
"53916","whiteheart",1,87003166,100
"53917","whitetip",1,87003167,100
"53918","whitewall",1,87003168,100
"53919","whiteware",1,87003169,100
"53920","whitter",1,87003170,100
"53921","whittler",1,87003171,100
"53922","whoof",1,87003172,100
"53923","whosever",1,87003173,100
"53924","whud",1,87003174,100
"53925","whun",1,87003175,100
"53926","wicken",1,87003176,100
"53927","wicketkeeping",1,87003177,100
"53928","wicky",1,87003178,100
"53929","widder",1,87003179,100
"53930","widthways",1,87003180,100
"53931","wieldy",1,87003181,100
"53932","wifeless",1,87003182,100
"53933","wiggen",1,87003183,100
"53934","wiglet",1,87003184,100
"53935","wildcatting",1,87003185,100
"53936","wildering",1,87003186,100
"53937","wildish",1,87003187,100
"53938","wilgers",1,87003188,100
"53939","willock",1,87003189,100
"53940","windhover",1,87003190,100
"53941","windigo",1,87003191,100
"53942","windiness",1,87003192,100
"53943","windrow",1,87003193,100
"53944","windway",1,87003194,100
"53945","winebibber",1,87003195,100
"53946","winelike",1,87003196,100
"53947","winglike",1,87003197,100
"53948","wingspread",1,87003198,100
"53949","winnower",1,87003199,100
"53950","winrow",1,87003200,100
"53951","wint",1,87003201,100
"53952","winterbourne",1,87003202,100
"53953","winterer",1,87003203,100
"53954","winterkill",1,87003204,100
"53955","wirelessness",1,87003205,100
"53956","wirily",1,87003206,100
"53957","wisen",1,87003207,100
"53958","wiseness",1,87003208,100
"53959","wisha",1,87003209,100
"53960","wistaria",1,87003210,100
"53961","withholder",1,87003211,100
"53962","withindoors",1,87003212,100
"53963","withouten",1,87003213,100
"53964","witlessness",1,87003214,100
"53965","witnesser",1,87003215,100
"53966","wizen",1,87003216,100
"53967","woesome",1,87003217,100
"53968","wolfer",1,87003218,100
"53969","wolfishly",1,87003219,100
"53970","wolflike",1,87003220,100
"53971","womanize",1,87003221,100
"53972","womanless",1,87003222,100
"53973","womanwise",1,87003223,100
"53974","wombed",1,87003224,100
"53975","womenfolks",1,87003225,100
"53976","womenkind",1,87003226,100
"53977","wonner",1,87003227,100
"53978","woodchat",1,87003228,100
"53979","woodcraft",1,87003229,100
"53980","woodenhead",1,87003230,100
"53981","woodhorse",1,87003231,100
"53982","woodrick",1,87003232,100
"53983","woodstone",1,87003233,100
"53984","woodwose",1,87003234,100
"53985","woofy",1,87003235,100
"53986","woolpack",1,87003236,100
"53987","woomer",1,87003237,100
"53988","wordage",1,87003238,100
"53989","wordiness",1,87003239,100
"53990","wordish",1,87003240,100
"53991","workbasket",1,87003241,100
"53992","workship",1,87003242,100
"53993","worldish",1,87003243,100
"53994","worldmaking",1,87003244,100
"53995","worrisomely",1,87003245,100
"53996","worshipable",1,87003246,100
"53997","wote",1,87003247,100
"53998","wots",1,87003248,100
"53999","woundwort",1,87003249,100
"54000","wowt",1,87003250,100
"54001","wraithlike",1,87003251,100
"54002","wran",1,87003252,100
"54003","wrastle",1,87003253,100
"54004","wrencher",1,87003254,100
"54005","wrenlike",1,87003255,100
"54006","wrinkleless",1,87003256,100
"54007","wristlock",1,87003257,100
"54008","wronghead",1,87003258,100
"54009","wrongheadedness",1,87003259,100
"54010","wrymouth",1,87003260,100
"54011","wryneck",1,87003261,100
"54012","wull",1,87003262,100
"54013","wummel",1,87003263,100
"54014","wynd",1,87003264,100
"54015","xanthic",1,87003265,100
"54016","xanthocyanopsy",1,87003266,100
"54017","xanthous",1,87003267,100
"54018","xebec",1,87003268,100
"54019","xenial",1,87003269,100
"54020","xenogenesis",1,87003270,100
"54021","xenolith",1,87003271,100
"54022","xenomania",1,87003272,100
"54023","xenomorphic",1,87003273,100
"54024","xerostomia",1,87003274,100
"54025","xoanon",1,87003275,100
"54026","xylograph",1,87003276,100
"54027","xyloid",1,87003277,100
"54028","yabby",1,87003278,100
"54029","yachtswoman",1,87003279,100
"54030","yade",1,87003280,100
"54031","yaffle",1,87003281,100
"54032","yagi",1,87003282,100
"54033","yaje",1,87003283,100
"54034","yakka",1,87003284,100
"54035","yali",1,87003285,100
"54036","yalla",1,87003286,100
"54037","yamen",1,87003287,100
"54038","yamp",1,87003288,100
"54039","yanky",1,87003289,100
"54040","yaourti",1,87003290,100
"54041","yappiness",1,87003291,100
"54042","yarak",1,87003292,100
"54043","yardman",1,87003293,100
"54044","yarl",1,87003294,100
"54045","yarraman",1,87003295,100
"54046","yeat",1,87003296,100
"54047","yede",1,87003297,100
"54048","yeld",1,87003298,100
"54049","yellowbelly",1,87003299,100
"54050","yellowbird",1,87003300,100
"54051","yerd",1,87003301,100
"54052","yere",1,87003302,100
"54053","yeth",1,87003303,100
"54054","yill",1,87003304,100
"54055","yohimbine",1,87003305,100
"54056","yojana",1,87003306,100
"54057","yok",1,87003307,100
"54058","yoop",1,87003308,100
"54059","youp",1,87003309,100
"54060","youthen",1,87003310,100
"54061","youze",1,87003311,100
"54062","yttrium",1,87003312,100
"54063","zarf",1,87003313,100
"54064","zati",1,87003314,100
"54065","zealousness",1,87003315,100
"54066","zebu",1,87003316,100
"54067","zestful",1,87003317,100
"54068","zestfulness",1,87003318,100
"54069","ziara",1,87003319,100
"54070","ziarat",1,87003320,100
"54071","zigzaggy",1,87003321,100
"54072","zizz",1,87003322,100
"54073","zoa",1,87003323,100
"54074","zoolatry",1,87003324,100
"54075","zuza",1,87003325,100
"54076","zygodactyl",1,87003326,100
"54077","zygodactylous",1,87003327,100
"54078","zygomatic",1,87003328,100
