"","value","count","cumsum","pct"
"1","of the",499,499,0.68
"2","in the",425,924,1.27
"3","it s",229,1153,1.58
"4","to the",226,1379,1.89
"5","i m",202,1581,2.17
"6","on the",200,1781,2.44
"7","and the",194,1975,2.71
"8","to be",194,2169,2.97
"9","and i",187,2356,3.23
"10","for the",160,2516,3.45
"11","don t",155,2671,3.66
"12","with the",138,2809,3.85
"13","i have",132,2941,4.03
"14","the of",132,3073,4.21
"15","i am",131,3204,4.39
"16","in a",131,3335,4.57
"17","i was",128,3463,4.75
"18","it was",126,3589,4.92
"19","it is",122,3711,5.09
"20","that i",122,3833,5.26
"21","from the",121,3954,5.42
"22","at the",119,4073,5.59
"23","is a",112,4185,5.74
"24","but i",110,4295,5.89
"25","of a",105,4400,6.03
"26","that the",105,4505,6.18
"27","with a",98,4603,6.31
"28","if you",92,4695,6.44
"29","one of",89,4784,6.56
"30","i had",87,4871,6.68
"31","the and",83,4954,6.79
"32","this is",80,5034,6.9
"33","by the",79,5113,7.01
"34","for a",78,5191,7.12
"35","have a",77,5268,7.22
"36","so i",75,5343,7.33
"37","a lot",73,5416,7.43
"38","and a",73,5489,7.53
"39","can t",73,5562,7.63
"40","when i",73,5635,7.73
"41","as a",72,5707,7.83
"42","will be",72,5779,7.92
"43","going to",71,5850,8.02
"44","to get",71,5921,8.12
"45","have to",70,5991,8.22
"46","i can",70,6061,8.31
"47","a few",69,6130,8.41
"48","is the",68,6198,8.5
"49","you can",68,6266,8.59
"50","of my",67,6333,8.68
"51","want to",65,6398,8.77
"52","a little",64,6462,8.86
"53","was a",63,6525,8.95
"54","have been",61,6586,9.03
"55","i don",60,6646,9.11
"56","that s",60,6706,9.2
"57","the world",60,6766,9.28
"58","and it",59,6825,9.36
"59","as i",59,6884,9.44
"60","in my",59,6943,9.52
"61","out of",59,7002,9.6
"62","i t",58,7060,9.68
"63","that is",58,7118,9.76
"64","i think",57,7175,9.84
"65","there is",57,7232,9.92
"66","what i",56,7288,9.99
"67","you are",56,7344,10.07
"68","the same",55,7399,10.15
"69","to do",55,7454,10.22
"70","the first",53,7507,10.29
"71","to make",52,7559,10.37
"72","all the",51,7610,10.44
"73","need to",51,7661,10.51
"74","of and",51,7712,10.58
"75","on a",51,7763,10.65
"76","to have",51,7814,10.72
"77","be a",50,7864,10.78
"78","i would",50,7914,10.85
"79","into the",50,7964,10.92
"80","to a",49,8013,10.99
"81","we are",49,8062,11.06
"82","as the",48,8110,11.12
"83","but it",48,8158,11.19
"84","i know",48,8206,11.25
"85","they are",48,8254,11.32
"86","had a",47,8301,11.38
"87","s a",47,8348,11.45
"88","you re",47,8395,11.51
"89","lot of",46,8441,11.58
"90","to see",46,8487,11.64
"91","and then",45,8532,11.7
"92","can be",45,8577,11.76
"93","he s",45,8622,11.82
"94","would be",45,8667,11.89
"95","i d",44,8711,11.95
"96","i will",44,8755,12.01
"97","about the",42,8797,12.06
"98","all of",42,8839,12.12
"99","and we",42,8881,12.18
"100","i just",42,8923,12.24
"101","in this",42,8965,12.29
"102","is not",42,9007,12.35
"103","was the",42,9049,12.41
"104","and to",41,9090,12.47
"105","it t",41,9131,12.52
"106","over the",41,9172,12.58
"107","that was",41,9213,12.63
"108","the way",41,9254,12.69
"109","we have",41,9295,12.75
"110","a bit",40,9335,12.8
"111","as well",40,9375,12.86
"112","on my",40,9415,12.91
"113","part of",40,9455,12.97
"114","there are",40,9495,13.02
"115","he was",39,9534,13.07
"116","in and",39,9573,13.13
"117","is that",39,9612,13.18
"118","of this",39,9651,13.23
"119","that it",39,9690,13.29
"120","up to",39,9729,13.34
"121","i got",38,9767,13.39
"122","t have",38,9805,13.45
"123","that you",38,9843,13.5
"124","there s",38,9881,13.55
"125","and that",37,9918,13.6
"126","at least",37,9955,13.65
"127","for me",37,9992,13.7
"128","the new",37,10029,13.75
"129","a good",36,10065,13.8
"130","a new",36,10101,13.85
"131","i to",36,10137,13.9
"132","if i",36,10173,13.95
"133","she was",36,10209,14
"134","the best",36,10245,14.05
"135","a great",35,10280,14.1
"136","more than",35,10315,14.15
"137","s the",35,10350,14.19
"138","that he",35,10385,14.24
"139","the i",35,10420,14.29
"140","to me",35,10455,14.34
"141","trying to",35,10490,14.39
"142","able to",34,10524,14.43
"143","and in",34,10558,14.48
"144","had to",34,10592,14.52
"145","i really",34,10626,14.57
"146","of it",34,10660,14.62
"147","because i",33,10693,14.66
"148","i did",33,10726,14.71
"149","it to",33,10759,14.75
"150","like a",33,10792,14.8
"151","of course",33,10825,14.84
"152","the to",33,10858,14.89
"153","they were",33,10891,14.93
"154","when the",33,10924,14.98
"155","you have",33,10957,15.03
"156","i love",32,10989,15.07
"157","that they",32,11021,15.11
"158","the are",32,11053,15.16
"159","the in",32,11085,15.2
"160","the other",32,11117,15.24
"161","to go",32,11149,15.29
"162","of our",31,11180,15.33
"163","that we",31,11211,15.37
"164","the end",31,11242,15.42
"165","the time",31,11273,15.46
"166","you know",31,11304,15.5
"167","and and",30,11334,15.54
"168","as it",30,11364,15.58
"169","have the",30,11394,15.62
"170","how to",30,11424,15.67
"171","it i",30,11454,15.71
"172","it in",30,11484,15.75
"173","know that",30,11514,15.79
"174","me to",30,11544,15.83
"175","the most",30,11574,15.87
"176","and they",29,11603,15.91
"177","is to",29,11632,15.95
"178","it and",29,11661,15.99
"179","me and",29,11690,16.03
"180","of your",29,11719,16.07
"181","she s",29,11748,16.11
"182","to know",29,11777,16.15
"183","to say",29,11806,16.19
"184","and his",28,11834,16.23
"185","as we",28,11862,16.27
"186","be the",28,11890,16.3
"187","i could",28,11918,16.34
"188","i want",28,11946,16.38
"189","t know",28,11974,16.42
"190","those who",28,12002,16.46
"191","we were",28,12030,16.5
"192","which is",28,12058,16.54
"193","with my",28,12086,16.57
"194","a very",27,12113,16.61
"195","but the",27,12140,16.65
"196","i been",27,12167,16.68
"197","if it",27,12194,16.72
"198","like to",27,12221,16.76
"199","m not",27,12248,16.8
"200","of them",27,12275,16.83
"201","out the",27,12302,16.87
"202","so much",27,12329,16.91
"203","the last",27,12356,16.94
"204","to take",27,12383,16.98
"205","we can",27,12410,17.02
"206","would have",27,12437,17.05
"207","a couple",26,12463,17.09
"208","and my",26,12489,17.13
"209","my and",26,12515,17.16
"210","of that",26,12541,17.2
"211","such a",26,12567,17.23
"212","through the",26,12593,17.27
"213","time i",26,12619,17.3
"214","to my",26,12645,17.34
"215","by a",25,12670,17.37
"216","just a",25,12695,17.41
"217","not to",25,12720,17.44
"218","the day",25,12745,17.48
"219","the past",25,12770,17.51
"220","the right",25,12795,17.55
"221","they have",25,12820,17.58
"222","we re",25,12845,17.61
"223","and he",24,12869,17.65
"224","and you",24,12893,17.68
"225","at a",24,12917,17.71
"226","do not",24,12941,17.75
"227","end of",24,12965,17.78
"228","for you",24,12989,17.81
"229","i used",24,13013,17.84
"230","it the",24,13037,17.88
"231","it would",24,13061,17.91
"232","s not",24,13085,17.94
"233","time to",24,13109,17.98
"234","try to",24,13133,18.01
"235","up and",24,13157,18.04
"236","up the",24,13181,18.08
"237","and as",23,13204,18.11
"238","and so",23,13227,18.14
"239","are a",23,13250,18.17
"240","back to",23,13273,18.2
"241","because it",23,13296,18.23
"242","decided to",23,13319,18.26
"243","did not",23,13342,18.3
"244","haven t",23,13365,18.33
"245","i do",23,13388,18.36
"246","i made",23,13411,18.39
"247","i the",23,13434,18.42
"248","in our",23,13457,18.45
"249","me i",23,13480,18.49
"250","not a",23,13503,18.52
"251","of you",23,13526,18.55
"252","s and",23,13549,18.58
"253","say that",23,13572,18.61
"254","should be",23,13595,18.64
"255","some of",23,13618,18.67
"256","the the",23,13641,18.71
"257","they re",23,13664,18.74
"258","this year",23,13687,18.77
"259","to keep",23,13710,18.8
"260","to work",23,13733,18.83
"261","when we",23,13756,18.86
"262","when you",23,13779,18.9
"263","because of",22,13801,18.93
"264","but we",22,13823,18.96
"265","from a",22,13845,18.99
"266","i feel",22,13867,19.02
"267","is in",22,13889,19.05
"268","it a",22,13911,19.08
"269","the next",22,13933,19.11
"270","the only",22,13955,19.14
"271","there was",22,13977,19.17
"272","to and",22,13999,19.2
"273","to find",22,14021,19.23
"274","way to",22,14043,19.26
"275","about it",21,14064,19.29
"276","and how",21,14085,19.31
"277","and of",21,14106,19.34
"278","around the",21,14127,19.37
"279","do i",21,14148,19.4
"280","i thought",21,14169,19.43
"281","in his",21,14190,19.46
"282","most of",21,14211,19.49
"283","of all",21,14232,19.52
"284","of his",21,14253,19.55
"285","of their",21,14274,19.57
"286","on and",21,14295,19.6
"287","she is",21,14316,19.63
"288","so that",21,14337,19.66
"289","t be",21,14358,19.69
"290","the for",21,14379,19.72
"291","they can",21,14400,19.75
"292","to read",21,14421,19.78
"293","you don",21,14442,19.8
"294","a day",20,14462,19.83
"295","after the",20,14482,19.86
"296","and is",20,14502,19.89
"297","for this",20,14522,19.91
"298","i also",20,14542,19.94
"299","i get",20,14562,19.97
"300","if they",20,14582,20
"301","is what",20,14602,20.02
"302","kind of",20,14622,20.05
"303","let s",20,14642,20.08
"304","like the",20,14662,20.11
"305","look at",20,14682,20.13
"306","many of",20,14702,20.16
"307","my life",20,14722,20.19
"308","now i",20,14742,20.22
"309","of in",20,14762,20.24
"310","see the",20,14782,20.27
"311","t want",20,14802,20.3
"312","the rest",20,14822,20.33
"313","then i",20,14842,20.35
"314","this time",20,14862,20.38
"315","this was",20,14882,20.41
"316","was in",20,14902,20.44
"317","went to",20,14922,20.46
"318","what the",20,14942,20.49
"319","with me",20,14962,20.52
"320","year old",20,14982,20.54
"321","and if",19,15001,20.57
"322","and with",19,15020,20.6
"323","are the",19,15039,20.62
"324","day i",19,15058,20.65
"325","here s",19,15077,20.68
"326","i decided",19,15096,20.7
"327","i went",19,15115,20.73
"328","if the",19,15134,20.75
"329","it will",19,15153,20.78
"330","of i",19,15172,20.81
"331","that a",19,15191,20.83
"332","the book",19,15210,20.86
"333","the one",19,15229,20.88
"334","the s",19,15248,20.91
"335","the that",19,15267,20.94
"336","to your",19,15286,20.96
"337","too much",19,15305,20.99
"338","up with",19,15324,21.01
"339","we had",19,15343,21.04
"340","what is",19,15362,21.07
"341","which i",19,15381,21.09
"342","while i",19,15400,21.12
"343","according to",18,15418,21.14
"344","and what",18,15436,21.17
"345","are not",18,15454,21.19
"346","as much",18,15472,21.22
"347","couple of",18,15490,21.24
"348","do it",18,15508,21.27
"349","do you",18,15526,21.29
"350","even if",18,15544,21.32
"351","for and",18,15562,21.34
"352","for my",18,15580,21.37
"353","get to",18,15598,21.39
"354","i still",18,15616,21.41
"355","is it",18,15634,21.44
"356","lots of",18,15652,21.46
"357","make the",18,15670,21.49
"358","my first",18,15688,21.51
"359","new york",18,15706,21.54
"360","of us",18,15724,21.56
"361","off the",18,15742,21.59
"362","on it",18,15760,21.61
"363","on this",18,15778,21.64
"364","or the",18,15796,21.66
"365","so we",18,15814,21.69
"366","t really",18,15832,21.71
"367","the country",18,15850,21.74
"368","the were",18,15868,21.76
"369","this one",18,15886,21.78
"370","time and",18,15904,21.81
"371","to this",18,15922,21.83
"372","to you",18,15940,21.86
"373","was not",18,15958,21.88
"374","and she",17,15975,21.91
"375","and there",17,15992,21.93
"376","come to",17,16009,21.95
"377","could be",17,16026,21.98
"378","get a",17,16043,22
"379","had been",17,16060,22.02
"380","he is",17,16077,22.05
"381","i never",17,16094,22.07
"382","i said",17,16111,22.09
"383","in her",17,16128,22.12
"384","in their",17,16145,22.14
"385","like i",17,16162,22.16
"386","like this",17,16179,22.19
"387","me that",17,16196,22.21
"388","my heart",17,16213,22.23
"389","of an",17,16230,22.26
"390","of me",17,16247,22.28
"391","of these",17,16264,22.3
"392","of what",17,16281,22.33
"393","t get",17,16298,22.35
"394","take a",17,16315,22.37
"395","thank you",17,16332,22.4
"396","that there",17,16349,22.42
"397","that to",17,16366,22.44
"398","the city",17,16383,22.47
"399","the company",17,16400,22.49
"400","the house",17,16417,22.51
"401","the whole",17,16434,22.54
"402","there were",17,16451,22.56
"403","to her",17,16468,22.58
"404","tried to",17,16485,22.61
"405","u s",17,16502,22.63
"406","us to",17,16519,22.65
"407","we will",17,16536,22.68
"408","well as",17,16553,22.7
"409","who are",17,16570,22.72
"410","a long",16,16586,22.74
"411","a more",16,16602,22.77
"412","about a",16,16618,22.79
"413","all that",16,16634,22.81
"414","along with",16,16650,22.83
"415","and have",16,16666,22.85
"416","and her",16,16682,22.88
"417","as you",16,16698,22.9
"418","based on",16,16714,22.92
"419","been a",16,16730,22.94
"420","bit of",16,16746,22.96
"421","feel like",16,16762,22.99
"422","for it",16,16778,23.01
"423","front of",16,16794,23.03
"424","had the",16,16810,23.05
"425","he said",16,16826,23.07
"426","i like",16,16842,23.1
"427","i need",16,16858,23.12
"428","i say",16,16874,23.14
"429","is just",16,16890,23.16
"430","is one",16,16906,23.18
"431","is so",16,16922,23.21
"432","it all",16,16938,23.23
"433","like it",16,16954,23.25
"434","my own",16,16970,23.27
"435","not only",16,16986,23.29
"436","so many",16,17002,23.32
"437","sort of",16,17018,23.34
"438","the is",16,17034,23.36
"439","the man",16,17050,23.38
"440","the on",16,17066,23.4
"441","this week",16,17082,23.42
"442","to give",16,17098,23.45
"443","to help",16,17114,23.47
"444","was to",16,17130,23.49
"445","well i",16,17146,23.51
"446","while the",16,17162,23.53
"447","with and",16,17178,23.56
"448","with some",16,17194,23.58
"449","you and",16,17210,23.6
"450","you will",16,17226,23.62
"451","you would",16,17242,23.64
"452","and for",15,17257,23.66
"453","down the",15,17272,23.69
"454","during the",15,17287,23.71
"455","each other",15,17302,23.73
"456","get the",15,17317,23.75
"457","going on",15,17332,23.77
"458","got a",15,17347,23.79
"459","he to",15,17362,23.81
"460","how i",15,17377,23.83
"461","i always",15,17392,23.85
"462","i guess",15,17407,23.87
"463","i hope",15,17422,23.89
"464","i saw",15,17437,23.91
"465","in your",15,17452,23.93
"466","is an",15,17467,23.95
"467","last week",15,17482,23.97
"468","like that",15,17497,23.99
"469","not the",15,17512,24.01
"470","of s",15,17527,24.03
"471","or a",15,17542,24.06
"472","people who",15,17557,24.08
"473","right now",15,17572,24.1
"474","tell you",15,17587,24.12
"475","that this",15,17602,24.14
"476","the door",15,17617,24.16
"477","the more",15,17632,24.18
"478","their and",15,17647,24.2
"479","them to",15,17662,24.22
"480","think it",15,17677,24.24
"481","this morning",15,17692,24.26
"482","those of",15,17707,24.28
"483","to our",15,17722,24.3
"484","to tell",15,17737,24.32
"485","to that",15,17752,24.34
"486","what you",15,17767,24.36
"487","when he",15,17782,24.38
"488","why i",15,17797,24.41
"489","will have",15,17812,24.43
"490","with her",15,17827,24.45
"491","with his",15,17842,24.47
"492","with this",15,17857,24.49
"493","you to",15,17872,24.51
"494","you want",15,17887,24.53
"495","a huge",14,17901,24.55
"496","a small",14,17915,24.57
"497","a week",14,17929,24.59
"498","about this",14,17943,24.61
"499","all over",14,17957,24.62
"500","also a",14,17971,24.64
"501","and even",14,17985,24.66
"502","and s",14,17999,24.68
"503","and this",14,18013,24.7
"504","as if",14,18027,24.72
"505","before i",14,18041,24.74
"506","but that",14,18055,24.76
"507","do this",14,18069,24.78
"508","due to",14,18083,24.8
"509","for your",14,18097,24.82
"510","got to",14,18111,24.84
"511","he had",14,18125,24.85
"512","i find",14,18139,24.87
"513","i knew",14,18153,24.89
"514","is and",14,18167,24.91
"515","it for",14,18181,24.93
"516","know what",14,18195,24.95
"517","made a",14,18209,24.97
"518","me a",14,18223,24.99
"519","might be",14,18237,25.01
"520","not be",14,18251,25.03
"521","now and",14,18265,25.05
"522","number of",14,18279,25.07
"523","quite a",14,18293,25.09
"524","s been",14,18307,25.1
"525","t like",14,18321,25.12
"526","the th",14,18335,25.14
"527","them and",14,18349,25.16
"528","think i",14,18363,25.18
"529","to come",14,18377,25.2
"530","to i",14,18391,25.22
"531","to start",14,18405,25.24
"532","to their",14,18419,25.26
"533","used to",14,18433,25.28
"534","we do",14,18447,25.3
"535","we don",14,18461,25.32
"536","you do",14,18475,25.33
"537","a big",13,18488,25.35
"538","a man",13,18501,25.37
"539","a part",13,18514,25.39
"540","a way",13,18527,25.41
"541","all i",13,18540,25.42
"542","and are",13,18553,25.44
"543","and had",13,18566,25.46
"544","and not",13,18579,25.48
"545","and on",13,18592,25.5
"546","and was",13,18605,25.51
"547","at all",13,18618,25.53
"548","be in",13,18631,25.55
"549","believe that",13,18644,25.57
"550","but they",13,18657,25.58
"551","but you",13,18670,25.6
"552","find a",13,18683,25.62
"553","have you",13,18696,25.64
"554","here is",13,18709,25.66
"555","high school",13,18722,25.67
"556","how the",13,18735,25.69
"557","i be",13,18748,25.71
"558","i found",13,18761,25.73
"559","in all",13,18774,25.74
"560","in of",13,18787,25.76
"561","in order",13,18800,25.78
"562","it it",13,18813,25.8
"563","it like",13,18826,25.82
"564","know i",13,18839,25.83
"565","know the",13,18852,25.85
"566","make sure",13,18865,25.87
"567","me the",13,18878,25.89
"568","more of",13,18891,25.91
"569","must be",13,18904,25.92
"570","my i",13,18917,25.94
"571","no one",13,18930,25.96
"572","not just",13,18943,25.98
"573","of is",13,18956,25.99
"574","of those",13,18969,26.01
"575","on your",13,18982,26.03
"576","other people",13,18995,26.05
"577","t even",13,19008,26.07
"578","t think",13,19021,26.08
"579","that my",13,19034,26.1
"580","that will",13,19047,26.12
"581","the at",13,19060,26.14
"582","the back",13,19073,26.15
"583","the film",13,19086,26.17
"584","the government",13,19099,26.19
"585","the ground",13,19112,26.21
"586","the lord",13,19125,26.23
"587","the people",13,19138,26.24
"588","the second",13,19151,26.26
"589","the story",13,19164,26.28
"590","the very",13,19177,26.3
"591","the we",13,19190,26.32
"592","this book",13,19203,26.33
"593","to him",13,19216,26.35
"594","to it",13,19229,26.37
"595","to look",13,19242,26.39
"596","to share",13,19255,26.4
"597","to show",13,19268,26.42
"598","today i",13,19281,26.44
"599","under the",13,19294,26.46
"600","up a",13,19307,26.48
"601","up on",13,19320,26.49
"602","we all",13,19333,26.51
"603","we got",13,19346,26.53
"604","what he",13,19359,26.55
"605","where the",13,19372,26.57
"606","with an",13,19385,26.58
"607","you i",13,19398,26.6
"608","a full",12,19410,26.62
"609","am not",12,19422,26.63
"610","and its",12,19434,26.65
"611","and more",12,19446,26.67
"612","and some",12,19458,26.68
"613","and were",12,19470,26.7
"614","and when",12,19482,26.72
"615","are going",12,19494,26.73
"616","are you",12,19506,26.75
"617","as he",12,19518,26.77
"618","as they",12,19530,26.78
"619","be able",12,19542,26.8
"620","be by",12,19554,26.81
"621","being a",12,19566,26.83
"622","by and",12,19578,26.85
"623","does not",12,19590,26.86
"624","every day",12,19602,26.88
"625","few of",12,19614,26.9
"626","for all",12,19626,26.91
"627","for her",12,19638,26.93
"628","for i",12,19650,26.95
"629","for some",12,19662,26.96
"630","from and",12,19674,26.98
"631","from my",12,19686,27
"632","he t",12,19698,27.01
"633","i a",12,19710,27.03
"634","i haven",12,19722,27.04
"635","in that",12,19734,27.06
"636","in to",12,19746,27.08
"637","in with",12,19758,27.09
"638","instead of",12,19770,27.11
"639","is no",12,19782,27.13
"640","is now",12,19794,27.14
"641","is still",12,19806,27.16
"642","it can",12,19818,27.18
"643","m a",12,19830,27.19
"644","much as",12,19842,27.21
"645","no longer",12,19854,27.23
"646","of life",12,19866,27.24
"647","or so",12,19878,27.26
"648","out and",12,19890,27.28
"649","out to",12,19902,27.29
"650","over to",12,19914,27.31
"651","rest of",12,19926,27.32
"652","s just",12,19938,27.34
"653","s what",12,19950,27.36
"654","since i",12,19962,27.37
"655","so it",12,19974,27.39
"656","something that",12,19986,27.41
"657","such as",12,19998,27.42
"658","than a",12,20010,27.44
"659","that and",12,20022,27.46
"660","that are",12,20034,27.47
"661","that t",12,20046,27.49
"662","that would",12,20058,27.51
"663","the but",12,20070,27.52
"664","the family",12,20082,27.54
"665","the kitchen",12,20094,27.56
"666","the name",12,20106,27.57
"667","the year",12,20118,27.59
"668","their own",12,20130,27.6
"669","them i",12,20142,27.62
"670","think about",12,20154,27.64
"671","to an",12,20166,27.65
"672","to live",12,20178,27.67
"673","to play",12,20190,27.69
"674","up i",12,20202,27.7
"675","was going",12,20214,27.72
"676","was so",12,20226,27.74
"677","we would",12,20238,27.75
"678","what s",12,20250,27.77
"679","when it",12,20262,27.79
"680","who is",12,20274,27.8
"681","with you",12,20286,27.82
"682","won t",12,20298,27.83
"683","work and",12,20310,27.85
"684","you were",12,20322,27.87
"685","a nice",11,20333,27.88
"686","a place",11,20344,27.9
"687","a time",11,20355,27.91
"688","a while",11,20366,27.93
"689","ability to",11,20377,27.94
"690","about how",11,20388,27.96
"691","about what",11,20399,27.97
"692","after all",11,20410,27.99
"693","against the",11,20421,28
"694","and get",11,20432,28.02
"695","and one",11,20443,28.03
"696","and other",11,20454,28.05
"697","and our",11,20465,28.06
"698","and t",11,20476,28.08
"699","and your",11,20487,28.09
"700","any of",11,20498,28.11
"701","are in",11,20509,28.12
"702","at home",11,20520,28.14
"703","at this",11,20531,28.15
"704","away from",11,20542,28.17
"705","back and",11,20553,28.18
"706","between the",11,20564,28.2
"707","but not",11,20575,28.21
"708","did i",11,20586,28.23
"709","fact that",11,20597,28.24
"710","food and",11,20608,28.26
"711","for about",11,20619,28.28
"712","get it",11,20630,28.29
"713","have an",11,20641,28.31
"714","have it",11,20652,28.32
"715","he the",11,20663,28.34
"716","her and",11,20674,28.35
"717","his own",11,20685,28.37
"718","how many",11,20696,28.38
"719","how much",11,20707,28.4
"720","i mean",11,20718,28.41
"721","i my",11,20729,28.43
"722","i put",11,20740,28.44
"723","i tried",11,20751,28.46
"724","if we",11,20762,28.47
"725","in fact",11,20773,28.49
"726","in front",11,20784,28.5
"727","in in",11,20795,28.52
"728","in one",11,20806,28.53
"729","in which",11,20817,28.55
"730","into a",11,20828,28.56
"731","is going",11,20839,28.58
"732","is i",11,20850,28.59
"733","just the",11,20861,28.61
"734","last night",11,20872,28.62
"735","m going",11,20883,28.64
"736","make a",11,20894,28.65
"737","may not",11,20905,28.67
"738","needs to",11,20916,28.68
"739","not have",11,20927,28.7
"740","not sure",11,20938,28.71
"741","now the",11,20949,28.73
"742","on that",11,20960,28.74
"743","on their",11,20971,28.76
"744","on top",11,20982,28.77
"745","opportunity to",11,20993,28.79
"746","or two",11,21004,28.8
"747","order to",11,21015,28.82
"748","s day",11,21026,28.83
"749","said the",11,21037,28.85
"750","she t",11,21048,28.86
"751","talking about",11,21059,28.88
"752","than the",11,21070,28.89
"753","that she",11,21081,28.91
"754","the fact",11,21092,28.92
"755","the left",11,21103,28.94
"756","the night",11,21114,28.95
"757","the team",11,21125,28.97
"758","the top",11,21136,28.98
"759","think that",11,21147,29
"760","time in",11,21158,29.01
"761","to create",11,21169,29.03
"762","to put",11,21180,29.04
"763","to think",11,21191,29.06
"764","to try",11,21202,29.07
"765","took the",11,21213,29.09
"766","up for",11,21224,29.1
"767","way of",11,21235,29.12
"768","we know",11,21246,29.13
"769","what they",11,21257,29.15
"770","what we",11,21268,29.17
"771","where i",11,21279,29.18
"772","with it",11,21290,29.2
"773","with no",11,21301,29.21
"774","would like",11,21312,29.23
"775","you see",11,21323,29.24
"776","a real",10,21333,29.25
"777","after a",10,21343,29.27
"778","again i",10,21353,29.28
"779","all in",10,21363,29.3
"780","and all",10,21373,29.31
"781","and will",10,21383,29.32
"782","are to",10,21393,29.34
"783","as an",10,21403,29.35
"784","at my",10,21413,29.36
"785","before the",10,21423,29.38
"786","but he",10,21433,29.39
"787","close to",10,21443,29.4
"788","day and",10,21453,29.42
"789","even more",10,21463,29.43
"790","every time",10,21473,29.45
"791","feel the",10,21483,29.46
"792","first time",10,21493,29.47
"793","for us",10,21503,29.49
"794","forward to",10,21513,29.5
"795","get my",10,21523,29.51
"796","go to",10,21533,29.53
"797","good and",10,21543,29.54
"798","have no",10,21553,29.56
"799","he did",10,21563,29.57
"800","here in",10,21573,29.58
"801","him and",10,21583,29.6
"802","him to",10,21593,29.61
"803","his and",10,21603,29.62
"804","home and",10,21613,29.64
"805","i felt",10,21623,29.65
"806","in but",10,21633,29.67
"807","in i",10,21643,29.68
"808","in it",10,21653,29.69
"809","into my",10,21663,29.71
"810","it me",10,21673,29.72
"811","it off",10,21683,29.73
"812","it out",10,21693,29.75
"813","it that",10,21703,29.76
"814","less than",10,21713,29.78
"815","life and",10,21723,29.79
"816","little bit",10,21733,29.8
"817","live in",10,21743,29.82
"818","make it",10,21753,29.83
"819","may be",10,21763,29.84
"820","may have",10,21773,29.86
"821","me in",10,21783,29.87
"822","my for",10,21793,29.88
"823","my husband",10,21803,29.9
"824","now that",10,21813,29.91
"825","of her",10,21823,29.93
"826","of to",10,21833,29.94
"827","of which",10,21843,29.95
"828","on his",10,21853,29.97
"829","one day",10,21863,29.98
"830","only the",10,21873,29.99
"831","our and",10,21883,30.01
"832","s all",10,21893,30.02
"833","s going",10,21903,30.04
"834","s it",10,21913,30.05
"835","said i",10,21923,30.06
"836","she to",10,21933,30.08
"837","she would",10,21943,30.09
"838","so far",10,21953,30.1
"839","so the",10,21963,30.12
"840","starting to",10,21973,30.13
"841","supposed to",10,21983,30.15
"842","t been",10,21993,30.16
"843","t do",10,22003,30.17
"844","that were",10,22013,30.19
"845","the big",10,22023,30.2
"846","the doctor",10,22033,30.21
"847","the following",10,22043,30.23
"848","the front",10,22053,30.24
"849","the good",10,22063,30.26
"850","the have",10,22073,30.27
"851","the it",10,22083,30.28
"852","the morning",10,22093,30.3
"853","the paper",10,22103,30.31
"854","the place",10,22113,30.32
"855","the point",10,22123,30.34
"856","the so",10,22133,30.35
"857","the u",10,22143,30.36
"858","the united",10,22153,30.38
"859","the water",10,22163,30.39
"860","the with",10,22173,30.41
"861","the woman",10,22183,30.42
"862","them in",10,22193,30.43
"863","these are",10,22203,30.45
"864","this and",10,22213,30.46
"865","though i",10,22223,30.47
"866","time for",10,22233,30.49
"867","time with",10,22243,30.5
"868","to his",10,22253,30.52
"869","to run",10,22263,30.53
"870","to stay",10,22273,30.54
"871","to stop",10,22283,30.56
"872","to use",10,22293,30.57
"873","top of",10,22303,30.58
"874","use the",10,22313,30.6
"875","was an",10,22323,30.61
"876","was on",10,22333,30.63
"877","were all",10,22343,30.64
"878","where they",10,22353,30.65
"879","which the",10,22363,30.67
"880","with our",10,22373,30.68
"881","with that",10,22383,30.69
"882","with them",10,22393,30.71
"883","with your",10,22403,30.72
"884","working on",10,22413,30.74
"885","you a",10,22423,30.75
"886","you all",10,22433,30.76
"887","you get",10,22443,30.78
"888","your own",10,22453,30.79
"889","a bad",9,22462,30.8
"890","a large",9,22471,30.81
"891","a look",9,22480,30.83
"892","a lovely",9,22489,30.84
"893","a of",9,22498,30.85
"894","a really",9,22507,30.86
"895","a whole",9,22516,30.88
"896","about my",9,22525,30.89
"897","about to",9,22534,30.9
"898","across the",9,22543,30.91
"899","along the",9,22552,30.93
"900","and just",9,22561,30.94
"901","and no",9,22570,30.95
"902","and their",9,22579,30.96
"903","are still",9,22588,30.98
"904","as she",9,22597,30.99
"905","as soon",9,22606,31
"906","as this",9,22615,31.01
"907","at in",9,22624,31.02
"908","back in",9,22633,31.04
"909","back on",9,22642,31.05
"910","be so",9,22651,31.06
"911","be with",9,22660,31.07
"912","because the",9,22669,31.09
"913","because we",9,22678,31.1
"914","before you",9,22687,31.11
"915","bunch of",9,22696,31.12
"916","but in",9,22705,31.14
"917","can you",9,22714,31.15
"918","chance to",9,22723,31.16
"919","continue to",9,22732,31.17
"920","could have",9,22741,31.18
"921","d be",9,22750,31.2
"922","do with",9,22759,31.21
"923","enough to",9,22768,31.22
"924","for more",9,22777,31.23
"925","for those",9,22786,31.25
"926","got the",9,22795,31.26
"927","have had",9,22804,31.27
"928","have never",9,22813,31.28
"929","how it",9,22822,31.3
"930","how we",9,22831,31.31
"931","i figured",9,22840,31.32
"932","i go",9,22849,31.33
"933","i in",9,22858,31.35
"934","i might",9,22867,31.36
"935","i told",9,22876,31.37
"936","in an",9,22885,31.38
"937","is all",9,22894,31.39
"938","is always",9,22903,31.41
"939","is as",9,22912,31.42
"940","is how",9,22921,31.43
"941","is my",9,22930,31.44
"942","is on",9,22939,31.46
"943","it comes",9,22948,31.47
"944","it may",9,22957,31.48
"945","it on",9,22966,31.49
"946","just about",9,22975,31.51
"947","last year",9,22984,31.52
"948","let me",9,22993,31.53
"949","like you",9,23002,31.54
"950","list of",9,23011,31.56
"951","looking for",9,23020,31.57
"952","made me",9,23029,31.58
"953","made the",9,23038,31.59
"954","many times",9,23047,31.6
"955","more and",9,23056,31.62
"956","my son",9,23065,31.63
"957","no matter",9,23074,31.64
"958","no more",9,23083,31.65
"959","of from",9,23092,31.67
"960","of people",9,23101,31.68
"961","of time",9,23110,31.69
"962","off to",9,23119,31.7
"963","one to",9,23128,31.72
"964","only a",9,23137,31.73
"965","onto the",9,23146,31.74
"966","out for",9,23155,31.75
"967","out i",9,23164,31.77
"968","out in",9,23173,31.78
"969","out there",9,23182,31.79
"970","out with",9,23191,31.8
"971","put on",9,23200,31.81
"972","rather than",9,23209,31.83
"973","read the",9,23218,31.84
"974","real estate",9,23227,31.85
"975","relationship with",9,23236,31.86
"976","right to",9,23245,31.88
"977","s i",9,23254,31.89
"978","s to",9,23263,31.9
"979","said to",9,23272,31.91
"980","say i",9,23281,31.93
"981","she had",9,23290,31.94
"982","since it",9,23299,31.95
"983","so if",9,23308,31.96
"984","soon as",9,23317,31.97
"985","that have",9,23326,31.99
"986","that if",9,23335,32
"987","that in",9,23344,32.01
"988","the band",9,23353,32.02
"989","the car",9,23362,32.04
"990","the game",9,23371,32.05
"991","the movie",9,23380,32.06
"992","the need",9,23389,32.07
"993","the room",9,23398,32.09
"994","the sun",9,23407,32.1
"995","the word",9,23416,32.11
"996","the wrong",9,23425,32.12
"997","they will",9,23434,32.14
"998","thought i",9,23443,32.15
"999","time of",9,23452,32.16
"1000","to all",9,23461,32.17
"1001","to become",9,23470,32.18
"1002","to check",9,23479,32.2
"1003","to meet",9,23488,32.21
"1004","to sit",9,23497,32.22
"1005","until the",9,23506,32.23
"1006","up in",9,23515,32.25
"1007","waiting for",9,23524,32.26
"1008","was also",9,23533,32.27
"1009","was by",9,23542,32.28
"1010","was my",9,23551,32.3
"1011","we need",9,23560,32.31
"1012","we t",9,23569,32.32
"1013","we went",9,23578,32.33
"1014","what are",9,23587,32.35
"1015","what was",9,23596,32.36
"1016","when they",9,23605,32.37
"1017","who had",9,23614,32.38
"1018","who the",9,23623,32.39
"1019","who was",9,23632,32.41
"1020","will also",9,23641,32.42
"1021","with all",9,23650,32.43
"1022","with him",9,23659,32.44
"1023","work with",9,23668,32.46
"1024","year and",9,23677,32.47
"1025","yes i",9,23686,32.48
"1026","you d",9,23695,32.49
"1027","you need",9,23704,32.51
"1028","you the",9,23713,32.52
"1029","a bunch",8,23721,32.53
"1030","a car",8,23729,32.54
"1031","a different",8,23737,32.55
"1032","a half",8,23745,32.56
"1033","a local",8,23753,32.57
"1034","a month",8,23761,32.58
"1035","a short",8,23769,32.59
"1036","a single",8,23777,32.61
"1037","a year",8,23785,32.62
"1038","about and",8,23793,32.63
"1039","add the",8,23801,32.64
"1040","all and",8,23809,32.65
"1041","all this",8,23817,32.66
"1042","also have",8,23825,32.67
"1043","also to",8,23833,32.68
"1044","am the",8,23841,32.69
"1045","and by",8,23849,32.7
"1046","and every",8,23857,32.72
"1047","and found",8,23865,32.73
"1048","and said",8,23873,32.74
"1049","and where",8,23881,32.75
"1050","are and",8,23889,32.76
"1051","are of",8,23897,32.77
"1052","are very",8,23905,32.78
"1053","as in",8,23913,32.79
"1054","at me",8,23921,32.8
"1055","be for",8,23929,32.81
"1056","be more",8,23937,32.83
"1057","be no",8,23945,32.84
"1058","be to",8,23953,32.85
"1059","been to",8,23961,32.86
"1060","between and",8,23969,32.87
"1061","but for",8,23977,32.88
"1062","but this",8,23985,32.89
"1063","call it",8,23993,32.9
"1064","came to",8,24001,32.91
"1065","can do",8,24009,32.92
"1066","can see",8,24017,32.93
"1067","d like",8,24025,32.95
"1068","designed to",8,24033,32.96
"1069","did a",8,24041,32.97
"1070","down and",8,24049,32.98
"1071","few days",8,24057,32.99
"1072","for an",8,24065,33
"1073","for each",8,24073,33.01
"1074","for that",8,24081,33.02
"1075","for to",8,24089,33.03
"1076","full of",8,24097,33.04
"1077","had it",8,24105,33.06
"1078","half of",8,24113,33.07
"1079","have and",8,24121,33.08
"1080","have seen",8,24129,33.09
"1081","hope you",8,24137,33.1
"1082","i believe",8,24145,33.11
"1083","i make",8,24153,33.12
"1084","i read",8,24161,33.13
"1085","i should",8,24169,33.14
"1086","if he",8,24177,33.15
"1087","in its",8,24185,33.17
"1088","in many",8,24193,33.18
"1089","in on",8,24201,33.19
"1090","in other",8,24209,33.2
"1091","is about",8,24217,33.21
"1092","is at",8,24225,33.22
"1093","is being",8,24233,33.23
"1094","is for",8,24241,33.24
"1095","is of",8,24249,33.25
"1096","is something",8,24257,33.26
"1097","it as",8,24265,33.27
"1098","it at",8,24273,33.29
"1099","it because",8,24281,33.3
"1100","it up",8,24289,33.31
"1101","it when",8,24297,33.32
"1102","it with",8,24305,33.33
"1103","just t",8,24313,33.34
"1104","just to",8,24321,33.35
"1105","keep it",8,24329,33.36
"1106","like and",8,24337,33.37
"1107","looking at",8,24345,33.38
"1108","love and",8,24353,33.4
"1109","love it",8,24361,33.41
"1110","love the",8,24369,33.42
"1111","man who",8,24377,33.43
"1112","more about",8,24385,33.44
"1113","my best",8,24393,33.45
"1114","my favorite",8,24401,33.46
"1115","my to",8,24409,33.47
"1116","of being",8,24417,33.48
"1117","of some",8,24425,33.49
"1118","on i",8,24433,33.51
"1119","on what",8,24441,33.52
"1120","or not",8,24449,33.53
"1121","other than",8,24457,33.54
"1122","place in",8,24465,33.55
"1123","s one",8,24473,33.56
"1124","s why",8,24481,33.57
"1125","shall be",8,24489,33.58
"1126","she a",8,24497,33.59
"1127","she could",8,24505,33.6
"1128","should have",8,24513,33.61
"1129","some time",8,24521,33.63
"1130","sure to",8,24529,33.64
"1131","t feel",8,24537,33.65
"1132","t mean",8,24545,33.66
"1133","t need",8,24553,33.67
"1134","t say",8,24561,33.68
"1135","than i",8,24569,33.69
"1136","that had",8,24577,33.7
"1137","the air",8,24585,33.71
"1138","the bottom",8,24593,33.72
"1139","the campaign",8,24601,33.74
"1140","the center",8,24609,33.75
"1141","the future",8,24617,33.76
"1142","the great",8,24625,33.77
"1143","the idea",8,24633,33.78
"1144","the law",8,24641,33.79
"1145","the little",8,24649,33.8
"1146","the main",8,24657,33.81
"1147","the moment",8,24665,33.82
"1148","the music",8,24673,33.83
"1149","the result",8,24681,33.85
"1150","the she",8,24689,33.86
"1151","the show",8,24697,33.87
"1152","them for",8,24705,33.88
"1153","they t",8,24713,33.89
"1154","thing i",8,24721,33.9
"1155","think the",8,24729,33.91
"1156","this in",8,24737,33.92
"1157","three days",8,24745,33.93
"1158","time the",8,24753,33.94
"1159","to avoid",8,24761,33.95
"1160","to eat",8,24769,33.97
"1161","to feel",8,24777,33.98
"1162","to not",8,24785,33.99
"1163","to remember",8,24793,34
"1164","to them",8,24801,34.01
"1165","to understand",8,24809,34.02
"1166","to us",8,24817,34.03
"1167","to watch",8,24825,34.04
"1168","told me",8,24833,34.05
"1169","two of",8,24841,34.06
"1170","version of",8,24849,34.08
"1171","was and",8,24857,34.09
"1172","was at",8,24865,34.1
"1173","was very",8,24873,34.11
"1174","way and",8,24881,34.12
"1175","we could",8,24889,34.13
"1176","we did",8,24897,34.14
"1177","we see",8,24905,34.15
"1178","well and",8,24913,34.16
"1179","were a",8,24921,34.17
"1180","were the",8,24929,34.19
"1181","what it",8,24937,34.2
"1182","which to",8,24945,34.21
"1183","which we",8,24953,34.22
"1184","who i",8,24961,34.23
"1185","will not",8,24969,34.24
"1186","with their",8,24977,34.25
"1187","with us",8,24985,34.26
"1188","within a",8,24993,34.27
"1189","work on",8,25001,34.28
"1190","world s",8,25009,34.3
"1191","you ask",8,25017,34.31
"1192","you could",8,25025,34.32
"1193","you in",8,25033,34.33
"1194","you t",8,25041,34.34
"1195","you think",8,25049,34.35
"1196","a certain",7,25056,34.36
"1197","a chance",7,25063,34.37
"1198","a child",7,25070,34.38
"1199","a common",7,25077,34.39
"1200","a person",7,25084,34.4
"1201","a special",7,25091,34.41
"1202","a woman",7,25098,34.42
"1203","a wonderful",7,25105,34.43
"1204","addition to",7,25112,34.44
"1205","after that",7,25119,34.45
"1206","all day",7,25126,34.46
"1207","am going",7,25133,34.47
"1208","amount of",7,25140,34.47
"1209","and an",7,25147,34.48
"1210","and at",7,25154,34.49
"1211","and feel",7,25161,34.5
"1212","and let",7,25168,34.51
"1213","and make",7,25175,34.52
"1214","and now",7,25182,34.53
"1215","and over",7,25189,34.54
"1216","and work",7,25196,34.55
"1217","are all",7,25203,34.56
"1218","are just",7,25210,34.57
"1219","are some",7,25217,34.58
"1220","around and",7,25224,34.59
"1221","as one",7,25231,34.6
"1222","as to",7,25238,34.61
"1223","at any",7,25245,34.62
"1224","at one",7,25252,34.63
"1225","aware of",7,25259,34.64
"1226","away and",7,25266,34.65
"1227","because you",7,25273,34.66
"1228","become a",7,25280,34.67
"1229","been so",7,25287,34.68
"1230","being in",7,25294,34.69
"1231","believe in",7,25301,34.7
"1232","both and",7,25308,34.71
"1233","but a",7,25315,34.71
"1234","but at",7,25322,34.72
"1235","but if",7,25329,34.73
"1236","but then",7,25336,34.74
"1237","can also",7,25343,34.75
"1238","can have",7,25350,34.76
"1239","can take",7,25357,34.77
"1240","check out",7,25364,34.78
"1241","cool and",7,25371,34.79
"1242","cost of",7,25378,34.8
"1243","cup of",7,25385,34.81
"1244","day of",7,25392,34.82
"1245","do that",7,25399,34.83
"1246","do to",7,25406,34.84
"1247","easy to",7,25413,34.85
"1248","even the",7,25420,34.86
"1249","even though",7,25427,34.87
"1250","excited about",7,25434,34.88
"1251","father s",7,25441,34.89
"1252","find that",7,25448,34.9
"1253","for him",7,25455,34.91
"1254","for his",7,25462,34.92
"1255","for in",7,25469,34.93
"1256","from her",7,25476,34.94
"1257","from one",7,25483,34.95
"1258","gave me",7,25490,34.95
"1259","give you",7,25497,34.96
"1260","go out",7,25504,34.97
"1261","he could",7,25511,34.98
"1262","he d",7,25518,34.99
"1263","he that",7,25525,35
"1264","her husband",7,25532,35.01
"1265","her own",7,25539,35.02
"1266","her the",7,25546,35.03
"1267","her to",7,25553,35.04
"1268","here i",7,25560,35.05
"1269","here on",7,25567,35.06
"1270","i kept",7,25574,35.07
"1271","i may",7,25581,35.08
"1272","i remember",7,25588,35.09
"1273","i took",7,25595,35.1
"1274","in bed",7,25602,35.11
"1275","in s",7,25609,35.12
"1276","in turn",7,25616,35.13
"1277","inside the",7,25623,35.14
"1278","into our",7,25630,35.15
"1279","involved in",7,25637,35.16
"1280","is by",7,25644,35.17
"1281","is right",7,25651,35.18
"1282","is very",7,25658,35.19
"1283","is with",7,25665,35.19
"1284","it also",7,25672,35.2
"1285","it did",7,25679,35.21
"1286","it just",7,25686,35.22
"1287","it more",7,25693,35.23
"1288","it you",7,25700,35.24
"1289","know how",7,25707,35.25
"1290","know if",7,25714,35.26
"1291","know why",7,25721,35.27
"1292","lack of",7,25728,35.28
"1293","listen to",7,25735,35.29
"1294","listening to",7,25742,35.3
"1295","long time",7,25749,35.31
"1296","look like",7,25756,35.32
"1297","love to",7,25763,35.33
"1298","m the",7,25770,35.34
"1299","made it",7,25777,35.35
"1300","making the",7,25784,35.36
"1301","matter how",7,25791,35.37
"1302","me as",7,25798,35.38
"1303","me but",7,25805,35.39
"1304","my house",7,25812,35.4
"1305","my mind",7,25819,35.41
"1306","my wife",7,25826,35.42
"1307","new and",7,25833,35.43
"1308","not so",7,25840,35.43
"1309","now we",7,25847,35.44
"1310","of but",7,25854,35.45
"1311","of he",7,25861,35.46
"1312","of its",7,25868,35.47
"1313","of water",7,25875,35.48
"1314","on earth",7,25882,35.49
"1315","on to",7,25889,35.5
"1316","one and",7,25896,35.51
"1317","one for",7,25903,35.52
"1318","one that",7,25910,35.53
"1319","or even",7,25917,35.54
"1320","our own",7,25924,35.55
"1321","out that",7,25931,35.56
"1322","over and",7,25938,35.57
"1323","people are",7,25945,35.58
"1324","piece of",7,25952,35.59
"1325","place the",7,25959,35.6
"1326","process of",7,25966,35.61
"1327","re not",7,25973,35.62
"1328","s also",7,25980,35.63
"1329","s for",7,25987,35.64
"1330","s in",7,25994,35.65
"1331","said that",7,26001,35.66
"1332","say it",7,26008,35.67
"1333","say the",7,26015,35.67
"1334","saying that",7,26022,35.68
"1335","see them",7,26029,35.69
"1336","seem to",7,26036,35.7
"1337","should not",7,26043,35.71
"1338","since the",7,26050,35.72
"1339","so he",7,26057,35.73
"1340","so long",7,26064,35.74
"1341","so they",7,26071,35.75
"1342","so what",7,26078,35.76
"1343","social media",7,26085,35.77
"1344","some are",7,26092,35.78
"1345","start to",7,26099,35.79
"1346","t the",7,26106,35.8
"1347","that all",7,26113,35.81
"1348","that day",7,26120,35.82
"1349","that that",7,26127,35.83
"1350","the a",7,26134,35.84
"1351","the ability",7,26141,35.85
"1352","the bar",7,26148,35.86
"1353","the boat",7,26155,35.87
"1354","the cost",7,26162,35.88
"1355","the dark",7,26169,35.89
"1356","the days",7,26176,35.9
"1357","the entire",7,26183,35.9
"1358","the face",7,26190,35.91
"1359","the finish",7,26197,35.92
"1360","the heart",7,26204,35.93
"1361","the love",7,26211,35.94
"1362","the middle",7,26218,35.95
"1363","the nation",7,26225,35.96
"1364","the number",7,26232,35.97
"1365","the old",7,26239,35.98
"1366","the opportunity",7,26246,35.99
"1367","the or",7,26253,36
"1368","the original",7,26260,36.01
"1369","the oven",7,26267,36.02
"1370","the problem",7,26274,36.03
"1371","the process",7,26281,36.04
"1372","the school",7,26288,36.05
"1373","the sky",7,26295,36.06
"1374","the state",7,26302,36.07
"1375","the two",7,26309,36.08
"1376","the us",7,26316,36.09
"1377","the who",7,26323,36.1
"1378","there and",7,26330,36.11
"1379","there i",7,26337,36.12
"1380","these people",7,26344,36.13
"1381","they don",7,26351,36.14
"1382","they would",7,26358,36.14
"1383","think of",7,26365,36.15
"1384","think you",7,26372,36.16
"1385","this point",7,26379,36.17
"1386","throughout the",7,26386,36.18
"1387","to add",7,26393,36.19
"1388","to bring",7,26400,36.2
"1389","to change",7,26407,36.21
"1390","to describe",7,26414,36.22
"1391","to hear",7,26421,36.23
"1392","to mention",7,26428,36.24
"1393","to one",7,26435,36.25
"1394","to pay",7,26442,36.26
"1395","to talk",7,26449,36.27
"1396","to those",7,26456,36.28
"1397","to write",7,26463,36.29
"1398","today s",7,26470,36.3
"1399","true self",7,26477,36.31
"1400","use of",7,26484,36.32
"1401","very good",7,26491,36.33
"1402","wait for",7,26498,36.34
"1403","wanting to",7,26505,36.35
"1404","was one",7,26512,36.36
"1405","was that",7,26519,36.37
"1406","way i",7,26526,36.38
"1407","we should",7,26533,36.38
"1408","we the",7,26540,36.39
"1409","week and",7,26547,36.4
"1410","week the",7,26554,36.41
"1411","were to",7,26561,36.42
"1412","what to",7,26568,36.43
"1413","where we",7,26575,36.44
"1414","where you",7,26582,36.45
"1415","who in",7,26589,36.46
"1416","will never",7,26596,36.47
"1417","with of",7,26603,36.48
"1418","with so",7,26610,36.49
"1419","with to",7,26617,36.5
"1420","work for",7,26624,36.51
"1421","you got",7,26631,36.52
"1422","you just",7,26638,36.53
"1423","you that",7,26645,36.54
"1424","you who",7,26652,36.55
"1425","your and",7,26659,36.56
"1426","a and",6,26665,36.57
"1427","a in",6,26671,36.57
"1428","a problem",6,26677,36.58
"1429","a quick",6,26683,36.59
"1430","a sense",6,26689,36.6
"1431","a word",6,26695,36.61
"1432","a young",6,26701,36.62
"1433","added a",6,26707,36.62
"1434","after i",6,26713,36.63
"1435","all is",6,26719,36.64
"1436","all my",6,26725,36.65
"1437","all those",6,26731,36.66
"1438","also the",6,26737,36.66
"1439","am a",6,26743,36.67
"1440","am and",6,26749,36.68
"1441","among the",6,26755,36.69
"1442","an hour",6,26761,36.7
"1443","and about",6,26767,36.71
"1444","and from",6,26773,36.71
"1445","and love",6,26779,36.72
"1446","and made",6,26785,36.73
"1447","and many",6,26791,36.74
"1448","and me",6,26797,36.75
"1449","and most",6,26803,36.76
"1450","and put",6,26809,36.76
"1451","and still",6,26815,36.77
"1452","and those",6,26821,36.78
"1453","and went",6,26827,36.79
"1454","any other",6,26833,36.8
"1455","anyone who",6,26839,36.8
"1456","are also",6,26845,36.81
"1457","are at",6,26851,36.82
"1458","are being",6,26857,36.83
"1459","as and",6,26863,36.84
"1460","as for",6,26869,36.85
"1461","as s",6,26875,36.85
"1462","at it",6,26881,36.86
"1463","at that",6,26887,36.87
"1464","back from",6,26893,36.88
"1465","be an",6,26899,36.89
"1466","be on",6,26905,36.9
"1467","be seen",6,26911,36.9
"1468","been and",6,26917,36.91
"1469","been the",6,26923,36.92
"1470","before and",6,26929,36.93
"1471","bit more",6,26935,36.94
"1472","book of",6,26941,36.94
"1473","but also",6,26947,36.95
"1474","but she",6,26953,36.96
"1475","but there",6,26959,36.97
"1476","but to",6,26965,36.98
"1477","but what",6,26971,36.99
"1478","but when",6,26977,36.99
"1479","by an",6,26983,37
"1480","by it",6,26989,37.01
"1481","by my",6,26995,37.02
"1482","can get",6,27001,37.03
"1483","can i",6,27007,37.03
"1484","can make",6,27013,37.04
"1485","care about",6,27019,37.05
"1486","case of",6,27025,37.06
"1487","come up",6,27031,37.07
"1488","comes to",6,27037,37.08
"1489","coming to",6,27043,37.08
"1490","day in",6,27049,37.09
"1491","day the",6,27055,37.1
"1492","days i",6,27061,37.11
"1493","decision to",6,27067,37.12
"1494","did he",6,27073,37.13
"1495","do so",6,27079,37.13
"1496","doing the",6,27085,37.14
"1497","down to",6,27091,37.15
"1498","eat the",6,27097,37.16
"1499","even when",6,27103,37.17
"1500","every other",6,27109,37.17
"1501","every single",6,27115,37.18
"1502","filled with",6,27121,37.19
"1503","for at",6,27127,37.2
"1504","for being",6,27133,37.21
"1505","for dinner",6,27139,37.22
"1506","for example",6,27145,37.22
"1507","for he",6,27151,37.23
"1508","for now",6,27157,37.24
"1509","for one",6,27163,37.25
"1510","for s",6,27169,37.26
"1511","for them",6,27175,37.27
"1512","for today",6,27181,37.27
"1513","four of",6,27187,37.28
"1514","free to",6,27193,37.29
"1515","from his",6,27199,37.3
"1516","from i",6,27205,37.31
"1517","from our",6,27211,37.31
"1518","from this",6,27217,37.32
"1519","fun i",6,27223,37.33
"1520","get out",6,27229,37.34
"1521","give up",6,27235,37.35
"1522","go and",6,27241,37.36
"1523","good i",6,27247,37.36
"1524","hand and",6,27253,37.37
"1525","hard and",6,27259,37.38
"1526","hard to",6,27265,37.39
"1527","have any",6,27271,37.4
"1528","have not",6,27277,37.41
"1529","have some",6,27283,37.41
"1530","have their",6,27289,37.42
"1531","he and",6,27295,37.43
"1532","he can",6,27301,37.44
"1533","he it",6,27307,37.45
"1534","her father",6,27313,37.45
"1535","her new",6,27319,37.46
"1536","him he",6,27325,37.47
"1537","his face",6,27331,37.48
"1538","his head",6,27337,37.49
"1539","his mother",6,27343,37.5
"1540","his true",6,27349,37.5
"1541","hope to",6,27355,37.51
"1542","how about",6,27361,37.52
"1543","how they",6,27367,37.53
"1544","how you",6,27373,37.54
"1545","i and",6,27379,37.55
"1546","i finally",6,27385,37.55
"1547","i gave",6,27391,37.56
"1548","i give",6,27397,37.57
"1549","i spent",6,27403,37.58
"1550","i tell",6,27409,37.59
"1551","i try",6,27415,37.59
"1552","i wonder",6,27421,37.6
"1553","i write",6,27427,37.61
"1554","ice cream",6,27433,37.62
"1555","in addition",6,27439,37.63
"1556","in any",6,27445,37.64
"1557","in between",6,27451,37.64
"1558","in love",6,27457,37.65
"1559","in time",6,27463,37.66
"1560","is because",6,27469,37.67
"1561","is good",6,27475,37.68
"1562","is only",6,27481,37.68
"1563","is really",6,27487,37.69
"1564","it again",6,27493,37.7
"1565","it but",6,27499,37.71
"1566","it had",6,27505,37.72
"1567","it so",6,27511,37.73
"1568","it we",6,27517,37.73
"1569","just as",6,27523,37.74
"1570","knew i",6,27529,37.75
"1571","know it",6,27535,37.76
"1572","life i",6,27541,37.77
"1573","likely to",6,27547,37.78
"1574","living in",6,27553,37.78
"1575","m really",6,27559,37.79
"1576","make your",6,27565,37.8
"1577","many in",6,27571,37.81
"1578","maybe i",6,27577,37.82
"1579","me it",6,27583,37.82
"1580","me think",6,27589,37.83
"1581","me this",6,27595,37.84
"1582","mean i",6,27601,37.85
"1583","middle of",6,27607,37.86
"1584","mix of",6,27613,37.87
"1585","more to",6,27619,37.87
"1586","much like",6,27625,37.88
"1587","much more",6,27631,37.89
"1588","my day",6,27637,37.9
"1589","my new",6,27643,37.91
"1590","my way",6,27649,37.92
"1591","my work",6,27655,37.92
"1592","myself and",6,27661,37.93
"1593","myself i",6,27667,37.94
"1594","name of",6,27673,37.95
"1595","next time",6,27679,37.96
"1596","none of",6,27685,37.96
"1597","not an",6,27691,37.97
"1598","not enough",6,27697,37.98
"1599","not for",6,27703,37.99
"1600","not like",6,27709,38
"1601","of as",6,27715,38.01
"1602","of not",6,27721,38.01
"1603","of of",6,27727,38.02
"1604","of one",6,27733,38.03
"1605","of with",6,27739,38.04
"1606","of work",6,27745,38.05
"1607","oh and",6,27751,38.06
"1608","on her",6,27757,38.06
"1609","on in",6,27763,38.07
"1610","on our",6,27769,38.08
"1611","on s",6,27775,38.09
"1612","once again",6,27781,38.1
"1613","one another",6,27787,38.1
"1614","one more",6,27793,38.11
"1615","one the",6,27799,38.12
"1616","only one",6,27805,38.13
"1617","or more",6,27811,38.14
"1618","past few",6,27817,38.15
"1619","pick up",6,27823,38.15
"1620","place to",6,27829,38.16
"1621","place where",6,27835,38.17
"1622","pretty much",6,27841,38.18
"1623","prime minister",6,27847,38.19
"1624","put the",6,27853,38.2
"1625","re going",6,27859,38.2
"1626","really do",6,27865,38.21
"1627","really good",6,27871,38.22
"1628","really like",6,27877,38.23
"1629","really need",6,27883,38.24
"1630","responsible for",6,27889,38.24
"1631","result of",6,27895,38.25
"1632","right i",6,27901,38.26
"1633","run a",6,27907,38.27
"1634","s like",6,27913,38.28
"1635","s still",6,27919,38.29
"1636","said in",6,27925,38.29
"1637","said it",6,27931,38.3
"1638","same way",6,27937,38.31
"1639","see i",6,27943,38.32
"1640","see if",6,27949,38.33
"1641","see what",6,27955,38.33
"1642","sense of",6,27961,38.34
"1643","series of",6,27967,38.35
"1644","she it",6,27973,38.36
"1645","she said",6,27979,38.37
"1646","sitting on",6,27985,38.38
"1647","so to",6,27991,38.38
"1648","so you",6,27997,38.39
"1649","some more",6,28003,38.4
"1650","someone who",6,28009,38.41
"1651","something i",6,28015,38.42
"1652","something to",6,28021,38.43
"1653","state of",6,28027,38.43
"1654","still have",6,28033,38.44
"1655","stop the",6,28039,38.45
"1656","t it",6,28045,38.46
"1657","t read",6,28051,38.47
"1658","t see",6,28057,38.47
"1659","t you",6,28063,38.48
"1660","taking the",6,28069,38.49
"1661","talk about",6,28075,38.5
"1662","talk to",6,28081,38.51
"1663","talking to",6,28087,38.52
"1664","th century",6,28093,38.52
"1665","than me",6,28099,38.53
"1666","that been",6,28105,38.54
"1667","that but",6,28111,38.55
"1668","that can",6,28117,38.56
"1669","that for",6,28123,38.57
"1670","that his",6,28129,38.57
"1671","that no",6,28135,38.58
"1672","that time",6,28141,38.59
"1673","the biggest",6,28147,38.6
"1674","the chicken",6,28153,38.61
"1675","the code",6,28159,38.61
"1676","the corner",6,28165,38.62
"1677","the dog",6,28171,38.63
"1678","the from",6,28177,38.64
"1679","the kind",6,28183,38.65
"1680","the king",6,28189,38.66
"1681","the late",6,28195,38.66
"1682","the light",6,28201,38.67
"1683","the local",6,28207,38.68
"1684","the media",6,28213,38.69
"1685","the real",6,28219,38.7
"1686","the report",6,28225,38.71
"1687","the road",6,28231,38.71
"1688","the short",6,28237,38.72
"1689","the small",6,28243,38.73
"1690","the third",6,28249,38.74
"1691","the three",6,28255,38.75
"1692","the truth",6,28261,38.75
"1693","the voice",6,28267,38.76
"1694","the week",6,28273,38.77
"1695","the white",6,28279,38.78
"1696","the will",6,28285,38.79
"1697","them all",6,28291,38.8
"1698","them out",6,28297,38.8
"1699","then the",6,28303,38.81
"1700","then we",6,28309,38.82
"1701","there but",6,28315,38.83
"1702","there will",6,28321,38.84
"1703","there you",6,28327,38.85
"1704","they also",6,28333,38.85
"1705","they get",6,28339,38.86
"1706","they should",6,28345,38.87
"1707","they want",6,28351,38.88
"1708","this i",6,28357,38.89
"1709","this month",6,28363,38.89
"1710","this post",6,28369,38.9
"1711","this way",6,28375,38.91
"1712","those are",6,28381,38.92
"1713","thought about",6,28387,38.93
"1714","three of",6,28393,38.94
"1715","time it",6,28399,38.94
"1716","to anyone",6,28405,38.95
"1717","to bed",6,28411,38.96
"1718","to believe",6,28417,38.97
"1719","to buy",6,28423,38.98
"1720","to face",6,28429,38.98
"1721","to for",6,28435,38.99
"1722","to in",6,28441,39
"1723","to leave",6,28447,39.01
"1724","to offer",6,28453,39.02
"1725","to or",6,28459,39.03
"1726","to post",6,28465,39.03
"1727","to some",6,28471,39.04
"1728","to spend",6,28477,39.05
"1729","to throw",6,28483,39.06
"1730","to wait",6,28489,39.07
"1731","to win",6,28495,39.08
"1732","to with",6,28501,39.08
"1733","today the",6,28507,39.09
"1734","too i",6,28513,39.1
"1735","type of",6,28519,39.11
"1736","up it",6,28525,39.12
"1737","up some",6,28531,39.12
"1738","us and",6,28537,39.13
"1739","very much",6,28543,39.14
"1740","was able",6,28549,39.15
"1741","was done",6,28555,39.16
"1742","was this",6,28561,39.17
"1743","water and",6,28567,39.17
"1744","way that",6,28573,39.18
"1745","way the",6,28579,39.19
"1746","we get",6,28585,39.2
"1747","week i",6,28591,39.21
"1748","well in",6,28597,39.22
"1749","went on",6,28603,39.22
"1750","were on",6,28609,39.23
"1751","were so",6,28615,39.24
"1752","what a",6,28621,39.25
"1753","when a",6,28627,39.26
"1754","when she",6,28633,39.26
"1755","which can",6,28639,39.27
"1756","which in",6,28645,39.28
"1757","who a",6,28651,39.29
"1758","who have",6,28657,39.3
"1759","who t",6,28663,39.31
"1760","who to",6,28669,39.31
"1761","who were",6,28675,39.32
"1762","will do",6,28681,39.33
"1763","will go",6,28687,39.34
"1764","will make",6,28693,39.35
"1765","willing to",6,28699,39.36
"1766","with each",6,28705,39.36
"1767","with how",6,28711,39.37
"1768","with in",6,28717,39.38
"1769","with people",6,28723,39.39
"1770","without a",6,28729,39.4
"1771","without the",6,28735,39.4
"1772","work i",6,28741,39.41
"1773","world is",6,28747,39.42
"1774","world we",6,28753,39.43
"1775","would make",6,28759,39.44
"1776","year i",6,28765,39.45
"1777","you ever",6,28771,39.45
"1778","you go",6,28777,39.46
"1779","you like",6,28783,39.47
"1780","you might",6,28789,39.48
"1781","your to",6,28795,39.49
"1782","a beautiful",5,28800,39.49
"1783","a beer",5,28805,39.5
"1784","a decent",5,28810,39.51
"1785","a girl",5,28815,39.51
"1786","a mix",5,28820,39.52
"1787","a perfect",5,28825,39.53
"1788","a piece",5,28830,39.53
"1789","a question",5,28835,39.54
"1790","a result",5,28840,39.55
"1791","a s",5,28845,39.56
"1792","a simple",5,28850,39.56
"1793","a strong",5,28855,39.57
"1794","a white",5,28860,39.58
"1795","about as",5,28865,39.58
"1796","about or",5,28870,39.59
"1797","about their",5,28875,39.6
"1798","absolutely love",5,28880,39.6
"1799","age of",5,28885,39.61
"1800","ago and",5,28890,39.62
"1801","all by",5,28895,39.62
"1802","all have",5,28900,39.63
"1803","all these",5,28905,39.64
"1804","all to",5,28910,39.64
"1805","all you",5,28915,39.65
"1806","always been",5,28920,39.66
"1807","always the",5,28925,39.67
"1808","am i",5,28930,39.67
"1809","an amazing",5,28935,39.68
"1810","an extra",5,28940,39.69
"1811","an interesting",5,28945,39.69
"1812","and did",5,28950,39.7
"1813","and everything",5,28955,39.71
"1814","and give",5,28960,39.71
"1815","and only",5,28965,39.72
"1816","and or",5,28970,39.73
"1817","and see",5,28975,39.73
"1818","and try",5,28980,39.74
"1819","and two",5,28985,39.75
"1820","and which",5,28990,39.75
"1821","and who",5,28995,39.76
"1822","any time",5,29000,39.77
"1823","as fast",5,29005,39.77
"1824","as of",5,29010,39.78
"1825","as our",5,29015,39.79
"1826","at for",5,29020,39.8
"1827","at her",5,29025,39.8
"1828","available to",5,29030,39.81
"1829","baby and",5,29035,39.82
"1830","be done",5,29040,39.82
"1831","be it",5,29045,39.83
"1832","be my",5,29050,39.84
"1833","be prepared",5,29055,39.84
"1834","be used",5,29060,39.85
"1835","because that",5,29065,39.86
"1836","because they",5,29070,39.86
"1837","before he",5,29075,39.87
"1838","behind the",5,29080,39.88
"1839","book is",5,29085,39.88
"1840","brand new",5,29090,39.89
"1841","but all",5,29095,39.9
"1842","but as",5,29100,39.91
"1843","but my",5,29105,39.91
"1844","but now",5,29110,39.92
"1845","by their",5,29115,39.93
"1846","by this",5,29120,39.93
"1847","can say",5,29125,39.94
"1848","card i",5,29130,39.95
"1849","city and",5,29135,39.95
"1850","clean up",5,29140,39.96
"1851","come from",5,29145,39.97
"1852","coming from",5,29150,39.97
"1853","coming out",5,29155,39.98
"1854","could do",5,29160,39.99
"1855","could see",5,29165,39.99
"1856","country s",5,29170,40
"1857","daughter and",5,29175,40.01
"1858","day to",5,29180,40.01
"1859","days and",5,29185,40.02
"1860","days that",5,29190,40.03
"1861","deal with",5,29195,40.04
"1862","depending on",5,29200,40.04
"1863","did you",5,29205,40.05
"1864","different i",5,29210,40.06
"1865","do the",5,29215,40.06
"1866","does the",5,29220,40.07
"1867","during this",5,29225,40.08
"1868","ended up",5,29230,40.08
"1869","enjoy it",5,29235,40.09
"1870","especially in",5,29240,40.1
"1871","everything in",5,29245,40.1
"1872","experience and",5,29250,40.11
"1873","face of",5,29255,40.12
"1874","family and",5,29260,40.12
"1875","fast as",5,29265,40.13
"1876","feel free",5,29270,40.14
"1877","figure out",5,29275,40.15
"1878","find it",5,29280,40.15
"1879","find out",5,29285,40.16
"1880","find the",5,29290,40.17
"1881","first and",5,29295,40.17
"1882","for as",5,29300,40.18
"1883","for so",5,29305,40.19
"1884","for their",5,29310,40.19
"1885","forced to",5,29315,40.2
"1886","found a",5,29320,40.21
"1887","from an",5,29325,40.21
"1888","from that",5,29330,40.22
"1889","from to",5,29335,40.23
"1890","fruit and",5,29340,40.23
"1891","fun for",5,29345,40.24
"1892","fun to",5,29350,40.25
"1893","gave the",5,29355,40.25
"1894","get back",5,29360,40.26
"1895","get in",5,29365,40.27
"1896","get there",5,29370,40.28
"1897","get up",5,29375,40.28
"1898","go into",5,29380,40.29
"1899","goes on",5,29385,40.3
"1900","good for",5,29390,40.3
"1901","good to",5,29395,40.31
"1902","great deal",5,29400,40.32
"1903","group of",5,29405,40.32
"1904","had an",5,29410,40.33
"1905","happy with",5,29415,40.34
"1906","have said",5,29420,40.34
"1907","have this",5,29425,40.35
"1908","he a",5,29430,40.36
"1909","he just",5,29435,40.36
"1910","he or",5,29440,40.37
"1911","he will",5,29445,40.38
"1912","heart and",5,29450,40.39
"1913","her a",5,29455,40.39
"1914","here and",5,29460,40.4
"1915","here are",5,29465,40.41
"1916","him a",5,29470,40.41
"1917","him in",5,29475,40.42
"1918","his father",5,29480,40.43
"1919","his son",5,29485,40.43
"1920","hit the",5,29490,40.44
"1921","home to",5,29495,40.45
"1922","how can",5,29500,40.45
"1923","how did",5,29505,40.46
"1924","however i",5,29510,40.47
"1925","i ate",5,29515,40.47
"1926","i bought",5,29520,40.48
"1927","i came",5,29525,40.49
"1928","i chose",5,29530,40.49
"1929","i cut",5,29535,40.5
"1930","i finished",5,29540,40.51
"1931","i first",5,29545,40.52
"1932","i for",5,29550,40.52
"1933","i it",5,29555,40.53
"1934","i keep",5,29560,40.54
"1935","i now",5,29565,40.54
"1936","i only",5,29570,40.55
"1937","i see",5,29575,40.56
"1938","i suppose",5,29580,40.56
"1939","i then",5,29585,40.57
"1940","i this",5,29590,40.58
"1941","i usually",5,29595,40.58
"1942","i won",5,29600,40.59
"1943","if a",5,29605,40.6
"1944","if that",5,29610,40.6
"1945","if there",5,29615,40.61
"1946","in for",5,29620,40.62
"1947","in is",5,29625,40.63
"1948","in last",5,29630,40.63
"1949","in mind",5,29635,40.64
"1950","in particular",5,29640,40.65
"1951","in person",5,29645,40.65
"1952","in place",5,29650,40.66
"1953","in south",5,29655,40.67
"1954","in today",5,29660,40.67
"1955","in we",5,29665,40.68
"1956","interested in",5,29670,40.69
"1957","into his",5,29675,40.69
"1958","is actually",5,29680,40.7
"1959","is also",5,29685,40.71
"1960","is from",5,29690,40.71
"1961","is more",5,29695,40.72
"1962","is our",5,29700,40.73
"1963","is simply",5,29705,40.73
"1964","is there",5,29710,40.74
"1965","it almost",5,29715,40.75
"1966","it be",5,29720,40.76
"1967","it been",5,29725,40.76
"1968","it could",5,29730,40.77
"1969","it my",5,29735,40.78
"1970","it one",5,29740,40.78
"1971","it there",5,29745,40.79
"1972","it turned",5,29750,40.8
"1973","it were",5,29755,40.8
"1974","it works",5,29760,40.81
"1975","just another",5,29765,40.82
"1976","just because",5,29770,40.82
"1977","just in",5,29775,40.83
"1978","just like",5,29780,40.84
"1979","just not",5,29785,40.84
"1980","just one",5,29790,40.85
"1981","keep the",5,29795,40.86
"1982","knew that",5,29800,40.87
"1983","know they",5,29805,40.87
"1984","know this",5,29810,40.88
"1985","later i",5,29815,40.89
"1986","layer of",5,29820,40.89
"1987","least i",5,29825,40.9
"1988","left the",5,29830,40.91
"1989","let my",5,29835,40.91
"1990","level of",5,29840,40.92
"1991","life is",5,29845,40.93
"1992","like they",5,29850,40.93
"1993","loss of",5,29855,40.94
"1994","love of",5,29860,40.95
"1995","love you",5,29865,40.95
"1996","m pretty",5,29870,40.96
"1997","m still",5,29875,40.97
"1998","m with",5,29880,40.97
"1999","made this",5,29885,40.98
"2000","make up",5,29890,40.99
"2001","man s",5,29895,41
"2002","many and",5,29900,41
"2003","maybe they",5,29905,41.01
"2004","me on",5,29910,41.02
"2005","me so",5,29915,41.02
"2006","might have",5,29920,41.03
"2007","money on",5,29925,41.04
"2008","more i",5,29930,41.04
"2009","morning and",5,29935,41.05
"2010","most famous",5,29940,41.06
"2011","much fun",5,29945,41.06
"2012","much of",5,29950,41.07
"2013","my bed",5,29955,41.08
"2014","my body",5,29960,41.08
"2015","my daughter",5,29965,41.09
"2016","my family",5,29970,41.1
"2017","my head",5,29975,41.11
"2018","need a",5,29980,41.11
"2019","need of",5,29985,41.12
"2020","never been",5,29990,41.13
"2021","new year",5,29995,41.13
"2022","nice to",5,30000,41.14
"2023","not all",5,30005,41.15
"2024","not always",5,30010,41.15
"2025","not as",5,30015,41.16
"2026","not even",5,30020,41.17
"2027","not going",5,30025,41.17
"2028","not know",5,30030,41.18
"2029","not one",5,30035,41.19
"2030","not really",5,30040,41.19
"2031","not that",5,30045,41.2
"2032","now a",5,30050,41.21
"2033","now for",5,30055,41.21
"2034","now it",5,30060,41.22
"2035","of any",5,30065,41.23
"2036","of bed",5,30070,41.24
"2037","of by",5,30075,41.24
"2038","of for",5,30080,41.25
"2039","of good",5,30085,41.26
"2040","of mine",5,30090,41.26
"2041","of money",5,30095,41.27
"2042","of other",5,30100,41.28
"2043","of social",5,30105,41.28
"2044","of where",5,30110,41.29
"2045","of who",5,30115,41.3
"2046","off in",5,30120,41.3
"2047","often as",5,30125,41.31
"2048","oil and",5,30130,41.32
"2049","on for",5,30135,41.32
"2050","on me",5,30140,41.33
"2051","on these",5,30145,41.34
"2052","once i",5,30150,41.34
"2053","once you",5,30155,41.35
"2054","one at",5,30160,41.36
"2055","one or",5,30165,41.37
"2056","one point",5,30170,41.37
"2057","one s",5,30175,41.38
"2058","only be",5,30180,41.39
"2059","or any",5,30185,41.39
"2060","or as",5,30190,41.4
"2061","or at",5,30195,41.41
"2062","or i",5,30200,41.41
"2063","or she",5,30205,41.42
"2064","or to",5,30210,41.43
"2065","other the",5,30215,41.43
"2066","our are",5,30220,41.44
"2067","out a",5,30225,41.45
"2068","out on",5,30230,41.45
"2069","plenty of",5,30235,41.46
"2070","point in",5,30240,41.47
"2071","post i",5,30245,41.48
"2072","prefer to",5,30250,41.48
"2073","prior to",5,30255,41.49
"2074","put my",5,30260,41.5
"2075","put together",5,30265,41.5
"2076","question is",5,30270,41.51
"2077","re a",5,30275,41.52
"2078","ready to",5,30280,41.52
"2079","really to",5,30285,41.53
"2080","reason i",5,30290,41.54
"2081","room with",5,30295,41.54
"2082","running the",5,30300,41.55
"2083","s house",5,30305,41.56
"2084","s no",5,30310,41.56
"2085","s on",5,30315,41.57
"2086","s so",5,30320,41.58
"2087","saw the",5,30325,41.58
"2088","second time",5,30330,41.59
"2089","seen in",5,30335,41.6
"2090","self and",5,30340,41.61
"2091","she did",5,30345,41.61
"2092","she that",5,30350,41.62
"2093","side of",5,30355,41.63
"2094","so why",5,30360,41.63
"2095","social work",5,30365,41.64
"2096","some people",5,30370,41.65
"2097","some reason",5,30375,41.65
"2098","some sort",5,30380,41.66
"2099","some that",5,30385,41.67
"2100","somewhere in",5,30390,41.67
"2101","spending time",5,30395,41.68
"2102","state and",5,30400,41.69
"2103","still a",5,30405,41.69
"2104","sure i",5,30410,41.7
"2105","sure that",5,30415,41.71
"2106","sure you",5,30420,41.72
"2107","t all",5,30425,41.72
"2108","t in",5,30430,41.73
"2109","t much",5,30435,41.74
"2110","t wait",5,30440,41.74
"2111","take it",5,30445,41.75
"2112","take over",5,30450,41.76
"2113","taken to",5,30455,41.76
"2114","team and",5,30460,41.77
"2115","that as",5,30465,41.78
"2116","that good",5,30470,41.78
"2117","that just",5,30475,41.79
"2118","that place",5,30480,41.8
"2119","that what",5,30485,41.8
"2120","that your",5,30490,41.81
"2121","the as",5,30495,41.82
"2122","the author",5,30500,41.82
"2123","the bike",5,30505,41.83
"2124","the body",5,30510,41.84
"2125","the cake",5,30515,41.85
"2126","the can",5,30520,41.85
"2127","the card",5,30525,41.86
"2128","the case",5,30530,41.87
"2129","the floor",5,30535,41.87
"2130","the food",5,30540,41.88
"2131","the full",5,30545,41.89
"2132","the green",5,30550,41.89
"2133","the he",5,30555,41.9
"2134","the hospital",5,30560,41.91
"2135","the inside",5,30565,41.91
"2136","the issue",5,30570,41.92
"2137","the life",5,30575,41.93
"2138","the like",5,30580,41.93
"2139","the part",5,30585,41.94
"2140","the party",5,30590,41.95
"2141","the perfect",5,30595,41.96
"2142","the person",5,30600,41.96
"2143","the prime",5,30605,41.97
"2144","the reason",5,30610,41.98
"2145","the red",5,30615,41.98
"2146","the series",5,30620,41.99
"2147","the south",5,30625,42
"2148","the spirit",5,30630,42
"2149","the spring",5,30635,42.01
"2150","the start",5,30640,42.02
"2151","the surface",5,30645,42.02
"2152","the table",5,30650,42.03
"2153","the they",5,30655,42.04
"2154","the this",5,30660,42.04
"2155","the trip",5,30665,42.05
"2156","the university",5,30670,42.06
"2157","the up",5,30675,42.06
"2158","the video",5,30680,42.07
"2159","the weather",5,30685,42.08
"2160","the weekend",5,30690,42.09
"2161","the wind",5,30695,42.09
"2162","these days",5,30700,42.1
"2163","they could",5,30705,42.11
"2164","they say",5,30710,42.11
"2165","think they",5,30715,42.12
"2166","this for",5,30720,42.13
"2167","this stuff",5,30725,42.13
"2168","this t",5,30730,42.14
"2169","this the",5,30735,42.15
"2170","this to",5,30740,42.15
"2171","this will",5,30745,42.16
"2172","though is",5,30750,42.17
"2173","through and",5,30755,42.17
"2174","time you",5,30760,42.18
"2175","to achieve",5,30765,42.19
"2176","to admit",5,30770,42.2
"2177","to clean",5,30775,42.2
"2178","to everyone",5,30780,42.21
"2179","to follow",5,30785,42.22
"2180","to is",5,30790,42.22
"2181","to let",5,30795,42.23
"2182","to love",5,30800,42.24
"2183","to many",5,30805,42.24
"2184","to move",5,30810,42.25
"2185","to order",5,30815,42.26
"2186","to purchase",5,30820,42.26
"2187","to s",5,30825,42.27
"2188","to school",5,30830,42.28
"2189","to support",5,30835,42.28
"2190","to turn",5,30840,42.29
"2191","to visit",5,30845,42.3
"2192","to walk",5,30850,42.3
"2193","today and",5,30855,42.31
"2194","too and",5,30860,42.32
"2195","trip to",5,30865,42.33
"2196","turned out",5,30870,42.33
"2197","until i",5,30875,42.34
"2198","up my",5,30880,42.35
"2199","upon the",5,30885,42.35
"2200","us a",5,30890,42.36
"2201","use a",5,30895,42.37
"2202","used a",5,30900,42.37
"2203","various and",5,30905,42.38
"2204","want the",5,30910,42.39
"2205","was about",5,30915,42.39
"2206","was born",5,30920,42.4
"2207","was how",5,30925,42.41
"2208","was i",5,30930,42.41
"2209","was just",5,30935,42.42
"2210","was like",5,30940,42.43
"2211","was no",5,30945,42.44
"2212","was still",5,30950,42.44
"2213","was taken",5,30955,42.45
"2214","was with",5,30960,42.46
"2215","we want",5,30965,42.46
"2216","well it",5,30970,42.47
"2217","well the",5,30975,42.48
"2218","well you",5,30980,42.48
"2219","were not",5,30985,42.49
"2220","were there",5,30990,42.5
"2221","what she",5,30995,42.5
"2222","where he",5,31000,42.51
"2223","where is",5,31005,42.52
"2224","where it",5,31010,42.52
"2225","where she",5,31015,42.53
"2226","who will",5,31020,42.54
"2227","why is",5,31025,42.54
"2228","why would",5,31030,42.55
"2229","will see",5,31035,42.56
"2230","within the",5,31040,42.57
"2231","woman is",5,31045,42.57
"2232","wonder what",5,31050,42.58
"2233","work to",5,31055,42.59
"2234","world cup",5,31060,42.59
"2235","world of",5,31065,42.6
"2236","would go",5,31070,42.61
"2237","would i",5,31075,42.61
"2238","wrong and",5,31080,42.62
"2239","year s",5,31085,42.63
"2240","yet i",5,31090,42.63
"2241","you about",5,31095,42.64
"2242","you be",5,31100,42.65
"2243","you feel",5,31105,42.65
"2244","you for",5,31110,42.66
"2245","you haven",5,31115,42.67
"2246","you should",5,31120,42.68
"2247","your home",5,31125,42.68
"2248","your life",5,31130,42.69
"2249","a better",4,31134,42.69
"2250","a book",4,31138,42.7
"2251","a business",4,31142,42.71
"2252","a but",4,31146,42.71
"2253","a card",4,31150,42.72
"2254","a change",4,31154,42.72
"2255","a complete",4,31158,42.73
"2256","a cup",4,31162,42.73
"2257","a dog",4,31166,42.74
"2258","a for",4,31170,42.74
"2259","a former",4,31174,42.75
"2260","a free",4,31178,42.75
"2261","a fun",4,31182,42.76
"2262","a hill",4,31186,42.77
"2263","a i",4,31190,42.77
"2264","a life",4,31194,42.78
"2265","a major",4,31198,42.78
"2266","a matter",4,31202,42.79
"2267","a mess",4,31206,42.79
"2268","a minute",4,31210,42.8
"2269","a mother",4,31214,42.8
"2270","a number",4,31218,42.81
"2271","a photo",4,31222,42.82
"2272","a project",4,31226,42.82
"2273","a range",4,31230,42.83
"2274","a show",4,31234,42.83
"2275","a song",4,31238,42.84
"2276","a to",4,31242,42.84
"2277","a well",4,31246,42.85
"2278","a world",4,31250,42.85
"2279","a you",4,31254,42.86
"2280","about her",4,31258,42.86
"2281","about i",4,31262,42.87
"2282","about these",4,31266,42.88
"2283","add some",4,31270,42.88
"2284","again and",4,31274,42.89
"2285","again the",4,31278,42.89
"2286","ago i",4,31282,42.9
"2287","ahead of",4,31286,42.9
"2288","all about",4,31290,42.91
"2289","all are",4,31294,42.91
"2290","all too",4,31298,42.92
"2291","almost as",4,31302,42.92
"2292","already a",4,31306,42.93
"2293","also been",4,31310,42.94
"2294","although i",4,31314,42.94
"2295","always a",4,31318,42.95
"2296","am so",4,31322,42.95
"2297","an anti",4,31326,42.96
"2298","an entire",4,31330,42.96
"2299","an old",4,31334,42.97
"2300","and around",4,31338,42.97
"2301","and beautiful",4,31342,42.98
"2302","and before",4,31346,42.99
"2303","and but",4,31350,42.99
"2304","and came",4,31354,43
"2305","and can",4,31358,43
"2306","and cut",4,31362,43.01
"2307","and do",4,31366,43.01
"2308","and don",4,31370,43.02
"2309","and energy",4,31374,43.02
"2310","and fall",4,31378,43.03
"2311","and family",4,31382,43.03
"2312","and finally",4,31386,43.04
"2313","and find",4,31390,43.05
"2314","and half",4,31394,43.05
"2315","and kept",4,31398,43.06
"2316","and knew",4,31402,43.06
"2317","and last",4,31406,43.07
"2318","and lots",4,31410,43.07
"2319","and making",4,31414,43.08
"2320","and money",4,31418,43.08
"2321","and never",4,31422,43.09
"2322","and out",4,31426,43.09
"2323","and real",4,31430,43.1
"2324","and stir",4,31434,43.11
"2325","and support",4,31438,43.11
"2326","and well",4,31442,43.12
"2327","and would",4,31446,43.12
"2328","anyone else",4,31450,43.13
"2329","anything to",4,31454,43.13
"2330","are an",4,31458,43.14
"2331","are more",4,31462,43.14
"2332","are on",4,31466,43.15
"2333","are so",4,31470,43.16
"2334","around for",4,31474,43.16
"2335","around in",4,31478,43.17
"2336","as its",4,31482,43.17
"2337","ask for",4,31486,43.18
"2338","ask me",4,31490,43.18
"2339","at am",4,31494,43.19
"2340","at first",4,31498,43.19
"2341","at his",4,31502,43.2
"2342","at last",4,31506,43.2
"2343","at night",4,31510,43.21
"2344","at us",4,31514,43.22
"2345","available for",4,31518,43.22
"2346","away to",4,31522,43.23
"2347","away with",4,31526,43.23
"2348","back i",4,31530,43.24
"2349","back of",4,31534,43.24
"2350","back onto",4,31538,43.25
"2351","bad and",4,31542,43.25
"2352","baking sheet",4,31546,43.26
"2353","be and",4,31550,43.26
"2354","be as",4,31554,43.27
"2355","be back",4,31558,43.28
"2356","be found",4,31562,43.28
"2357","be getting",4,31566,43.29
"2358","be made",4,31570,43.29
"2359","be really",4,31574,43.3
"2360","be sure",4,31578,43.3
"2361","be taken",4,31582,43.31
"2362","be what",4,31586,43.31
"2363","bed and",4,31590,43.32
"2364","been by",4,31594,43.33
"2365","been in",4,31598,43.33
"2366","before but",4,31602,43.34
"2367","before she",4,31606,43.34
"2368","before we",4,31610,43.35
"2369","begin with",4,31614,43.35
"2370","beginning to",4,31618,43.36
"2371","being able",4,31622,43.36
"2372","belief in",4,31626,43.37
"2373","believe me",4,31630,43.37
"2374","best but",4,31634,43.38
"2375","best friend",4,31638,43.39
"2376","best to",4,31642,43.39
"2377","better than",4,31646,43.4
"2378","between two",4,31650,43.4
"2379","book and",4,31654,43.41
"2380","book it",4,31658,43.41
"2381","born of",4,31662,43.42
"2382","both of",4,31666,43.42
"2383","broken and",4,31670,43.43
"2384","business and",4,31674,43.43
"2385","but after",4,31678,43.44
"2386","but don",4,31682,43.45
"2387","but how",4,31686,43.45
"2388","but like",4,31690,43.46
"2389","but only",4,31694,43.46
"2390","but t",4,31698,43.47
"2391","by all",4,31702,43.47
"2392","by as",4,31706,43.48
"2393","by his",4,31710,43.48
"2394","by myself",4,31714,43.49
"2395","by our",4,31718,43.5
"2396","by s",4,31722,43.5
"2397","came from",4,31726,43.51
"2398","came up",4,31730,43.51
"2399","can find",4,31734,43.52
"2400","can never",4,31738,43.52
"2401","can only",4,31742,43.53
"2402","can we",4,31746,43.53
"2403","car and",4,31750,43.54
"2404","care of",4,31754,43.54
"2405","catch up",4,31758,43.55
"2406","center of",4,31762,43.56
"2407","change the",4,31766,43.56
"2408","check it",4,31770,43.57
"2409","cheese and",4,31774,43.57
"2410","choose to",4,31778,43.58
"2411","code of",4,31782,43.58
"2412","college i",4,31786,43.59
"2413","comes from",4,31790,43.59
"2414","comment on",4,31794,43.6
"2415","company and",4,31798,43.6
"2416","concept of",4,31802,43.61
"2417","corner and",4,31806,43.62
"2418","could not",4,31810,43.62
"2419","could only",4,31814,43.63
"2420","country the",4,31818,43.63
"2421","course i",4,31822,43.64
"2422","cream and",4,31826,43.64
"2423","day after",4,31830,43.65
"2424","day for",4,31834,43.65
"2425","day it",4,31838,43.66
"2426","day we",4,31842,43.67
"2427","day when",4,31846,43.67
"2428","day will",4,31850,43.68
"2429","deal of",4,31854,43.68
"2430","decided that",4,31858,43.69
"2431","did have",4,31862,43.69
"2432","did the",4,31866,43.7
"2433","do a",4,31870,43.7
"2434","do for",4,31874,43.71
"2435","doctor and",4,31878,43.71
"2436","does anyone",4,31882,43.72
"2437","dog and",4,31886,43.73
"2438","done it",4,31890,43.73
"2439","door and",4,31894,43.74
"2440","end i",4,31898,43.74
"2441","end up",4,31902,43.75
"2442","enough in",4,31906,43.75
"2443","especially when",4,31910,43.76
"2444","even better",4,31914,43.76
"2445","even with",4,31918,43.77
"2446","everyone and",4,31922,43.77
"2447","everyone else",4,31926,43.78
"2448","example of",4,31930,43.79
"2449","family i",4,31934,43.79
"2450","family of",4,31938,43.8
"2451","far more",4,31942,43.8
"2452","fast and",4,31946,43.81
"2453","few ago",4,31950,43.81
"2454","few i",4,31954,43.82
"2455","few people",4,31958,43.82
"2456","few the",4,31962,43.83
"2457","find myself",4,31966,43.84
"2458","find yourself",4,31970,43.84
"2459","first the",4,31974,43.85
"2460","first thing",4,31978,43.85
"2461","for free",4,31982,43.86
"2462","for its",4,31986,43.86
"2463","for most",4,31990,43.87
"2464","for myself",4,31994,43.87
"2465","for not",4,31998,43.88
"2466","for or",4,32002,43.88
"2467","for she",4,32006,43.89
"2468","found in",4,32010,43.9
"2469","from their",4,32014,43.9
"2470","from these",4,32018,43.91
"2471","from which",4,32022,43.91
"2472","get some",4,32026,43.92
"2473","get you",4,32030,43.92
"2474","getting a",4,32034,43.93
"2475","getting the",4,32038,43.93
"2476","getting to",4,32042,43.94
"2477","give me",4,32046,43.94
"2478","give the",4,32050,43.95
"2479","give to",4,32054,43.96
"2480","give us",4,32058,43.96
"2481","given the",4,32062,43.97
"2482","go back",4,32066,43.97
"2483","go on",4,32070,43.98
"2484","go through",4,32074,43.98
"2485","good at",4,32078,43.99
"2486","good idea",4,32082,43.99
"2487","good morning",4,32086,44
"2488","good thing",4,32090,44.01
"2489","government the",4,32094,44.01
"2490","great and",4,32098,44.02
"2491","great to",4,32102,44.02
"2492","green and",4,32106,44.03
"2493","had done",4,32110,44.03
"2494","had enough",4,32114,44.04
"2495","had just",4,32118,44.04
"2496","had my",4,32122,44.05
"2497","had no",4,32126,44.05
"2498","half the",4,32130,44.06
"2499","happy to",4,32134,44.07
"2500","hard work",4,32138,44.07
"2501","have always",4,32142,44.08
"2502","have come",4,32146,44.08
"2503","have for",4,32150,44.09
"2504","have left",4,32154,44.09
"2505","have of",4,32158,44.1
"2506","have one",4,32162,44.1
"2507","have really",4,32166,44.11
"2508","have something",4,32170,44.12
"2509","have that",4,32174,44.12
"2510","have we",4,32178,44.13
"2511","he been",4,32182,44.13
"2512","he he",4,32186,44.14
"2513","he his",4,32190,44.14
"2514","he told",4,32194,44.15
"2515","head and",4,32198,44.15
"2516","her from",4,32202,44.16
"2517","her hair",4,32206,44.16
"2518","her life",4,32210,44.17
"2519","her with",4,32214,44.18
"2520","here for",4,32218,44.18
"2521","here it",4,32222,44.19
"2522","here to",4,32226,44.19
"2523","here we",4,32230,44.2
"2524","high and",4,32234,44.2
"2525","him but",4,32238,44.21
"2526","him i",4,32242,44.21
"2527","him that",4,32246,44.22
"2528","him what",4,32250,44.22
"2529","his in",4,32254,44.23
"2530","his way",4,32258,44.24
"2531","hit and",4,32262,44.24
"2532","home from",4,32266,44.25
"2533","home i",4,32270,44.25
"2534","home my",4,32274,44.26
"2535","hope your",4,32278,44.26
"2536","house and",4,32282,44.27
"2537","house i",4,32286,44.27
"2538","house was",4,32290,44.28
"2539","how do",4,32294,44.29
"2540","human being",4,32298,44.29
"2541","i actually",4,32302,44.3
"2542","i added",4,32306,44.3
"2543","i already",4,32310,44.31
"2544","i cannot",4,32314,44.31
"2545","i drove",4,32318,44.32
"2546","i learned",4,32322,44.32
"2547","i let",4,32326,44.33
"2548","i live",4,32330,44.33
"2549","i look",4,32334,44.34
"2550","i must",4,32338,44.35
"2551","i no",4,32342,44.35
"2552","i not",4,32346,44.36
"2553","i on",4,32350,44.36
"2554","i sat",4,32354,44.37
"2555","i take",4,32358,44.37
"2556","i too",4,32362,44.38
"2557","i turned",4,32366,44.38
"2558","i wear",4,32370,44.39
"2559","i were",4,32374,44.39
"2560","i wish",4,32378,44.4
"2561","i work",4,32382,44.41
"2562","i wrote",4,32386,44.41
"2563","idea of",4,32390,44.42
"2564","if one",4,32394,44.42
"2565","if this",4,32398,44.43
"2566","if your",4,32402,44.43
"2567","important that",4,32406,44.44
"2568","in as",4,32410,44.44
"2569","in college",4,32414,44.45
"2570","in every",4,32418,44.46
"2571","in here",4,32422,44.46
"2572","in line",4,32426,44.47
"2573","in me",4,32430,44.47
"2574","in new",4,32434,44.48
"2575","in no",4,32438,44.48
"2576","in or",4,32442,44.49
"2577","in there",4,32446,44.49
"2578","in they",4,32450,44.5
"2579","in what",4,32454,44.5
"2580","into it",4,32458,44.51
"2581","into that",4,32462,44.52
"2582","is available",4,32466,44.52
"2583","is finally",4,32470,44.53
"2584","is if",4,32474,44.53
"2585","is looking",4,32478,44.54
"2586","is pretty",4,32482,44.54
"2587","is s",4,32486,44.55
"2588","is sometimes",4,32490,44.55
"2589","is too",4,32494,44.56
"2590","is truly",4,32498,44.56
"2591","is trying",4,32502,44.57
"2592","is where",4,32506,44.58
"2593","is why",4,32510,44.58
"2594","it an",4,32514,44.59
"2595","it cool",4,32518,44.59
"2596","it if",4,32522,44.6
"2597","it now",4,32526,44.6
"2598","it or",4,32530,44.61
"2599","it simply",4,32534,44.61
"2600","it still",4,32538,44.62
"2601","it too",4,32542,44.63
"2602","it took",4,32546,44.63
"2603","just can",4,32550,44.64
"2604","just for",4,32554,44.64
"2605","know he",4,32558,44.65
"2606","know is",4,32562,44.65
"2607","know more",4,32566,44.66
"2608","let go",4,32570,44.66
"2609","let the",4,32574,44.67
"2610","life in",4,32578,44.67
"2611","light up",4,32582,44.68
"2612","like her",4,32586,44.69
"2613","like me",4,32590,44.69
"2614","like my",4,32594,44.7
"2615","link to",4,32598,44.7
"2616","little more",4,32602,44.71
"2617","live with",4,32606,44.71
"2618","long and",4,32610,44.72
"2619","long term",4,32614,44.72
"2620","looking forward",4,32618,44.73
"2621","lot more",4,32622,44.73
"2622","love love",4,32626,44.74
"2623","love my",4,32630,44.75
"2624","love with",4,32634,44.75
"2625","m getting",4,32638,44.76
"2626","m in",4,32642,44.76
"2627","m on",4,32646,44.77
"2628","m sure",4,32650,44.77
"2629","m working",4,32654,44.78
"2630","made sure",4,32658,44.78
"2631","make for",4,32662,44.79
"2632","making sure",4,32666,44.8
"2633","male and",4,32670,44.8
"2634","man in",4,32674,44.81
"2635","many are",4,32678,44.81
"2636","many people",4,32682,44.82
"2637","matter of",4,32686,44.82
"2638","may or",4,32690,44.83
"2639","me about",4,32694,44.83
"2640","me an",4,32698,44.84
"2641","me for",4,32702,44.84
"2642","me if",4,32706,44.85
"2643","me not",4,32710,44.86
"2644","me up",4,32714,44.86
"2645","me when",4,32718,44.87
"2646","mean that",4,32722,44.87
"2647","mean to",4,32726,44.88
"2648","might not",4,32730,44.88
"2649","month and",4,32734,44.89
"2650","more in",4,32738,44.89
"2651","morning i",4,32742,44.9
"2652","most likely",4,32746,44.9
"2653","mother s",4,32750,44.91
"2654","much for",4,32754,44.92
"2655","much she",4,32758,44.92
"2656","much to",4,32762,44.93
"2657","music and",4,32766,44.93
"2658","my about",4,32770,44.94
"2659","my are",4,32774,44.94
"2660","my dad",4,32778,44.95
"2661","my face",4,32782,44.95
"2662","my father",4,32786,44.96
"2663","my friend",4,32790,44.97
"2664","my image",4,32794,44.97
"2665","my in",4,32798,44.98
"2666","my job",4,32802,44.98
"2667","my kitchen",4,32806,44.99
"2668","my last",4,32810,44.99
"2669","my love",4,32814,45
"2670","my was",4,32818,45
"2671","my year",4,32822,45.01
"2672","myself to",4,32826,45.01
"2673","new to",4,32830,45.02
"2674","next day",4,32834,45.03
"2675","next week",4,32838,45.03
"2676","no i",4,32842,45.04
"2677","no idea",4,32846,45.04
"2678","not because",4,32850,45.05
"2679","not but",4,32854,45.05
"2680","not in",4,32858,45.06
"2681","not too",4,32862,45.06
"2682","not want",4,32866,45.07
"2683","not yet",4,32870,45.07
"2684","now but",4,32874,45.08
"2685","now in",4,32878,45.09
"2686","now you",4,32882,45.09
"2687","of about",4,32886,45.1
"2688","of anything",4,32890,45.1
"2689","of are",4,32894,45.11
"2690","of food",4,32898,45.11
"2691","of four",4,32902,45.12
"2692","of him",4,32906,45.12
"2693","of like",4,32910,45.13
"2694","of more",4,32914,45.14
"2695","of on",4,32918,45.14
"2696","of self",4,32922,45.15
"2697","of so",4,32926,45.15
"2698","of space",4,32930,45.16
"2699","of such",4,32934,45.16
"2700","of we",4,32938,45.17
"2701","of were",4,32942,45.17
"2702","off a",4,32946,45.18
"2703","off your",4,32950,45.18
"2704","offer the",4,32954,45.19
"2705","old daughter",4,32958,45.2
"2706","on all",4,32962,45.2
"2707","on as",4,32966,45.21
"2708","on how",4,32970,45.21
"2709","on over",4,32974,45.22
"2710","on some",4,32978,45.22
"2711","on them",4,32982,45.23
"2712","on you",4,32986,45.23
"2713","once it",4,32990,45.24
"2714","once the",4,32994,45.24
"2715","one i",4,32998,45.25
"2716","one in",4,33002,45.26
"2717","one is",4,33006,45.26
"2718","one thing",4,33010,45.27
"2719","one way",4,33014,45.27
"2720","one who",4,33018,45.28
"2721","only i",4,33022,45.28
"2722","or and",4,33026,45.29
"2723","or may",4,33030,45.29
"2724","or on",4,33034,45.3
"2725","or rather",4,33038,45.31
"2726","or that",4,33042,45.31
"2727","other and",4,33046,45.32
"2728","other hand",4,33050,45.32
"2729","other i",4,33054,45.33
"2730","other we",4,33058,45.33
"2731","our i",4,33062,45.34
"2732","our to",4,33066,45.34
"2733","out how",4,33070,45.35
"2734","out so",4,33074,45.35
"2735","out what",4,33078,45.36
"2736","over a",4,33082,45.37
"2737","over i",4,33086,45.37
"2738","own and",4,33090,45.38
"2739","paper i",4,33094,45.38
"2740","passion fruit",4,33098,45.39
"2741","people in",4,33102,45.39
"2742","people of",4,33106,45.4
"2743","people the",4,33110,45.4
"2744","people to",4,33114,45.41
"2745","people were",4,33118,45.42
"2746","people will",4,33122,45.42
"2747","place of",4,33126,45.43
"2748","point of",4,33130,45.43
"2749","point where",4,33134,45.44
"2750","possibility of",4,33138,45.44
"2751","prepared to",4,33142,45.45
"2752","presence of",4,33146,45.45
"2753","pretty cool",4,33150,45.46
"2754","price of",4,33154,45.46
"2755","produce a",4,33158,45.47
"2756","production of",4,33162,45.48
"2757","project i",4,33166,45.48
"2758","put a",4,33170,45.49
"2759","put it",4,33174,45.49
"2760","raised in",4,33178,45.5
"2761","range of",4,33182,45.5
"2762","re all",4,33186,45.51
"2763","read a",4,33190,45.51
"2764","read this",4,33194,45.52
"2765","reading in",4,33198,45.52
"2766","ready for",4,33202,45.53
"2767","really a",4,33206,45.54
"2768","really care",4,33210,45.54
"2769","really feel",4,33214,45.55
"2770","really is",4,33218,45.55
"2771","really t",4,33222,45.56
"2772","remove the",4,33226,45.56
"2773","return to",4,33230,45.57
"2774","returned to",4,33234,45.57
"2775","rid of",4,33238,45.58
"2776","right and",4,33242,45.59
"2777","right in",4,33246,45.59
"2778","role in",4,33250,45.6
"2779","roll out",4,33254,45.6
"2780","room for",4,33258,45.61
"2781","s an",4,33262,45.61
"2782","s but",4,33266,45.62
"2783","s here",4,33270,45.62
"2784","s me",4,33274,45.63
"2785","s new",4,33278,45.63
"2786","s nothing",4,33282,45.64
"2787","s pretty",4,33286,45.65
"2788","s room",4,33290,45.65
"2789","s true",4,33294,45.66
"2790","s work",4,33298,45.66
"2791","same time",4,33302,45.67
"2792","saw this",4,33306,45.67
"2793","say and",4,33310,45.68
"2794","say they",4,33314,45.68
"2795","say to",4,33318,45.69
"2796","saying i",4,33322,45.69
"2797","search for",4,33326,45.7
"2798","see a",4,33330,45.71
"2799","see her",4,33334,45.71
"2800","see how",4,33338,45.72
"2801","see your",4,33342,45.72
"2802","set in",4,33346,45.73
"2803","she and",4,33350,45.73
"2804","she can",4,33354,45.74
"2805","she the",4,33358,45.74
"2806","sit down",4,33362,45.75
"2807","size of",4,33366,45.76
"2808","so how",4,33370,45.76
"2809","so my",4,33374,45.77
"2810","so this",4,33378,45.77
"2811","so well",4,33382,45.78
"2812","so when",4,33386,45.78
"2813","some for",4,33390,45.79
"2814","some great",4,33394,45.79
"2815","something like",4,33398,45.8
"2816","something new",4,33402,45.8
"2817","something you",4,33406,45.81
"2818","son of",4,33410,45.82
"2819","spoke to",4,33414,45.82
"2820","stay in",4,33418,45.83
"2821","still be",4,33422,45.83
"2822","still in",4,33426,45.84
"2823","still the",4,33430,45.84
"2824","story is",4,33434,45.85
"2825","story of",4,33438,45.85
"2826","sure if",4,33442,45.86
"2827","sure the",4,33446,45.86
"2828","sure what",4,33450,45.87
"2829","sweet and",4,33454,45.88
"2830","system is",4,33458,45.88
"2831","t a",4,33462,45.89
"2832","t drink",4,33466,45.89
"2833","t find",4,33470,45.9
"2834","t give",4,33474,45.9
"2835","t go",4,33478,45.91
"2836","t make",4,33482,45.91
"2837","t matter",4,33486,45.92
"2838","t seem",4,33490,45.93
"2839","t that",4,33494,45.93
"2840","t there",4,33498,45.94
"2841","take care",4,33502,45.94
"2842","take the",4,33506,45.95
"2843","tell us",4,33510,45.95
"2844","tend to",4,33514,45.96
"2845","than it",4,33518,45.96
"2846","than what",4,33522,45.97
"2847","that an",4,33526,45.97
"2848","that at",4,33530,45.98
"2849","that could",4,33534,45.99
"2850","that like",4,33538,45.99
"2851","that most",4,33542,46
"2852","that much",4,33546,46
"2853","that on",4,33550,46.01
"2854","that one",4,33554,46.01
"2855","that only",4,33558,46.02
"2856","that people",4,33562,46.02
"2857","that person",4,33566,46.03
"2858","the above",4,33570,46.03
"2859","the average",4,33574,46.04
"2860","the baby",4,33578,46.05
"2861","the baking",4,33582,46.05
"2862","the beautiful",4,33586,46.06
"2863","the beauty",4,33590,46.06
"2864","the bill",4,33594,46.07
"2865","the brother",4,33598,46.07
"2866","the camera",4,33602,46.08
"2867","the challenge",4,33606,46.08
"2868","the chocolate",4,33610,46.09
"2869","the cover",4,33614,46.1
"2870","the current",4,33618,46.1
"2871","the director",4,33622,46.11
"2872","the distance",4,33626,46.11
"2873","the driver",4,33630,46.12
"2874","the earth",4,33634,46.12
"2875","the economy",4,33638,46.13
"2876","the entry",4,33642,46.13
"2877","the evening",4,33646,46.14
"2878","the experience",4,33650,46.14
"2879","the father",4,33654,46.15
"2880","the few",4,33658,46.16
"2881","the fun",4,33662,46.16
"2882","the glass",4,33666,46.17
"2883","the group",4,33670,46.17
"2884","the had",4,33674,46.18
"2885","the head",4,33678,46.18
"2886","the high",4,33682,46.19
"2887","the holy",4,33686,46.19
"2888","the hour",4,33690,46.2
"2889","the if",4,33694,46.2
"2890","the island",4,33698,46.21
"2891","the land",4,33702,46.22
"2892","the long",4,33706,46.22
"2893","the many",4,33710,46.23
"2894","the men",4,33714,46.23
"2895","the message",4,33718,46.24
"2896","the mind",4,33722,46.24
"2897","the moon",4,33726,46.25
"2898","the museum",4,33730,46.25
"2899","the my",4,33734,46.26
"2900","the nature",4,33738,46.27
"2901","the news",4,33742,46.27
"2902","the not",4,33746,46.28
"2903","the office",4,33750,46.28
"2904","the owner",4,33754,46.29
"2905","the photo",4,33758,46.29
"2906","the plot",4,33762,46.3
"2907","the poor",4,33766,46.3
"2908","the popular",4,33770,46.31
"2909","the possibility",4,33774,46.31
"2910","the presence",4,33778,46.32
"2911","the price",4,33782,46.33
"2912","the public",4,33786,46.33
"2913","the recent",4,33790,46.34
"2914","the recipe",4,33794,46.34
"2915","the season",4,33798,46.35
"2916","the service",4,33802,46.35
"2917","the side",4,33806,46.36
"2918","the size",4,33810,46.36
"2919","the song",4,33814,46.37
"2920","the sugar",4,33818,46.37
"2921","the then",4,33822,46.38
"2922","the title",4,33826,46.39
"2923","the universe",4,33830,46.39
"2924","the until",4,33834,46.4
"2925","the use",4,33838,46.4
"2926","the usual",4,33842,46.41
"2927","the various",4,33846,46.41
"2928","the web",4,33850,46.42
"2929","the when",4,33854,46.42
"2930","the work",4,33858,46.43
"2931","their as",4,33862,46.44
"2932","their first",4,33866,46.44
"2933","their in",4,33870,46.45
"2934","them a",4,33874,46.45
"2935","them from",4,33878,46.46
"2936","them so",4,33882,46.46
"2937","them the",4,33886,46.47
"2938","then again",4,33890,46.47
"2939","then my",4,33894,46.48
"2940","then she",4,33898,46.48
"2941","then there",4,33902,46.49
"2942","then you",4,33906,46.5
"2943","there to",4,33910,46.5
"2944","there would",4,33914,46.51
"2945","these were",4,33918,46.51
"2946","they had",4,33922,46.52
"2947","they make",4,33926,46.52
"2948","they may",4,33930,46.53
"2949","they need",4,33934,46.53
"2950","they really",4,33938,46.54
"2951","thing is",4,33942,46.54
"2952","thing to",4,33946,46.55
"2953","think she",4,33950,46.56
"2954","thinking about",4,33954,46.56
"2955","thinking in",4,33958,46.57
"2956","this a",4,33962,46.57
"2957","this could",4,33966,46.58
"2958","this country",4,33970,46.58
"2959","this it",4,33974,46.59
"2960","this novel",4,33978,46.59
"2961","this past",4,33982,46.6
"2962","this that",4,33986,46.61
"2963","this with",4,33990,46.61
"2964","this world",4,33994,46.62
"2965","this would",4,33998,46.62
"2966","those in",4,34002,46.63
"2967","those that",4,34006,46.63
"2968","those were",4,34010,46.64
"2969","though he",4,34014,46.64
"2970","though it",4,34018,46.65
"2971","though she",4,34022,46.65
"2972","through a",4,34026,46.66
"2973","through it",4,34030,46.67
"2974","through my",4,34034,46.67
"2975","time but",4,34038,46.68
"2976","time that",4,34042,46.68
"2977","time we",4,34046,46.69
"2978","time when",4,34050,46.69
"2979","times and",4,34054,46.7
"2980","times that",4,34058,46.7
"2981","tired of",4,34062,46.71
"2982","to about",4,34066,46.72
"2983","to another",4,34070,46.72
"2984","to any",4,34074,46.73
"2985","to as",4,34078,46.73
"2986","to ask",4,34082,46.74
"2987","to attend",4,34086,46.74
"2988","to bake",4,34090,46.75
"2989","to before",4,34094,46.75
"2990","to begin",4,34098,46.76
"2991","to being",4,34102,46.76
"2992","to but",4,34106,46.77
"2993","to catch",4,34110,46.78
"2994","to day",4,34114,46.78
"2995","to ensure",4,34118,46.79
"2996","to escape",4,34122,46.79
"2997","to even",4,34126,46.8
"2998","to file",4,34130,46.8
"2999","to hide",4,34134,46.81
"3000","to imagine",4,34138,46.81
"3001","to improve",4,34142,46.82
"3002","to just",4,34146,46.82
"3003","to listen",4,34150,46.83
"3004","to myself",4,34154,46.84
"3005","to pick",4,34158,46.84
"3006","to produce",4,34162,46.85
"3007","to save",4,34166,46.85
"3008","to send",4,34170,46.86
"3009","to something",4,34174,46.86
"3010","to stand",4,34178,46.87
"3011","to these",4,34182,46.87
"3012","to to",4,34186,46.88
"3013","to what",4,34190,46.89
"3014","today it",4,34194,46.89
"3015","told us",4,34198,46.9
"3016","too bad",4,34202,46.9
"3017","too late",4,34206,46.91
"3018","took a",4,34210,46.91
"3019","took me",4,34214,46.92
"3020","toward the",4,34218,46.92
"3021","truly is",4,34222,46.93
"3022","turned to",4,34226,46.93
"3023","understand that",4,34230,46.94
"3024","understand the",4,34234,46.95
"3025","until then",4,34238,46.95
"3026","up as",4,34242,46.96
"3027","up into",4,34246,46.96
"3028","us about",4,34250,46.97
"3029","us all",4,34254,46.97
"3030","us from",4,34258,46.98
"3031","us i",4,34262,46.98
"3032","us in",4,34266,46.99
"3033","us on",4,34270,46.99
"3034","us that",4,34274,47
"3035","use it",4,34278,47.01
"3036","used my",4,34282,47.01
"3037","very excited",4,34286,47.02
"3038","very hard",4,34290,47.02
"3039","want you",4,34294,47.03
"3040","was all",4,34298,47.03
"3041","was already",4,34302,47.04
"3042","was always",4,34306,47.04
"3043","was for",4,34310,47.05
"3044","was he",4,34314,47.06
"3045","was it",4,34318,47.06
"3046","was looking",4,34322,47.07
"3047","was never",4,34326,47.07
"3048","was pretty",4,34330,47.08
"3049","was really",4,34334,47.08
"3050","was sitting",4,34338,47.09
"3051","way up",4,34342,47.09
"3052","way we",4,34346,47.1
"3053","we already",4,34350,47.1
"3054","we arrive",4,34354,47.11
"3055","we ask",4,34358,47.12
"3056","we hope",4,34362,47.12
"3057","we love",4,34366,47.13
"3058","we made",4,34370,47.13
"3059","we may",4,34374,47.14
"3060","we never",4,34378,47.14
"3061","we shall",4,34382,47.15
"3062","week or",4,34386,47.15
"3063","well for",4,34390,47.16
"3064","well that",4,34394,47.16
"3065","went for",4,34398,47.17
"3066","were about",4,34402,47.18
"3067","were most",4,34406,47.18
"3068","what about",4,34410,47.19
"3069","what and",4,34414,47.19
"3070","what do",4,34418,47.2
"3071","what does",4,34422,47.2
"3072","what exactly",4,34426,47.21
"3073","what kind",4,34430,47.21
"3074","what our",4,34434,47.22
"3075","what would",4,34438,47.23
"3076","whether she",4,34442,47.23
"3077","which are",4,34446,47.24
"3078","which he",4,34450,47.24
"3079","which was",4,34454,47.25
"3080","while and",4,34458,47.25
"3081","who s",4,34462,47.26
"3082","who would",4,34466,47.26
"3083","why it",4,34470,47.27
"3084","why not",4,34474,47.27
"3085","will always",4,34478,47.28
"3086","will give",4,34482,47.29
"3087","will happen",4,34486,47.29
"3088","will help",4,34490,47.3
"3089","will only",4,34494,47.3
"3090","with its",4,34498,47.31
"3091","with one",4,34502,47.31
"3092","with or",4,34506,47.32
"3093","with s",4,34510,47.32
"3094","with who",4,34514,47.33
"3095","woke up",4,34518,47.33
"3096","work in",4,34522,47.34
"3097","work it",4,34526,47.35
"3098","works for",4,34530,47.35
"3099","world i",4,34534,47.36
"3100","world the",4,34538,47.36
"3101","would get",4,34542,47.37
"3102","would need",4,34546,47.37
"3103","would not",4,34550,47.38
"3104","would say",4,34554,47.38
"3105","write the",4,34558,47.39
"3106","written by",4,34562,47.4
"3107","yes he",4,34566,47.4
"3108","york city",4,34570,47.41
"3109","you had",4,34574,47.41
"3110","you love",4,34578,47.42
"3111","you say",4,34582,47.42
"3112","you so",4,34586,47.43
"3113","you start",4,34590,47.43
"3114","you try",4,34594,47.44
"3115","you what",4,34598,47.44
"3116","your favorite",4,34602,47.45
"3117","a bag",3,34605,47.45
"3118","a baking",3,34608,47.46
"3119","a break",3,34611,47.46
"3120","a bright",3,34614,47.47
"3121","a cake",3,34617,47.47
"3122","a challenge",3,34620,47.47
"3123","a character",3,34623,47.48
"3124","a class",3,34626,47.48
"3125","a clear",3,34629,47.49
"3126","a company",3,34632,47.49
"3127","a conversation",3,34635,47.5
"3128","a country",3,34638,47.5
"3129","a cute",3,34641,47.5
"3130","a daughter",3,34644,47.51
"3131","a direct",3,34647,47.51
"3132","a door",3,34650,47.52
"3133","a double",3,34653,47.52
"3134","a dream",3,34656,47.52
"3135","a fabulous",3,34659,47.53
"3136","a friend",3,34662,47.53
"3137","a game",3,34665,47.54
"3138","a gift",3,34668,47.54
"3139","a group",3,34671,47.54
"3140","a happy",3,34674,47.55
"3141","a holiday",3,34677,47.55
"3142","a home",3,34680,47.56
"3143","a inch",3,34683,47.56
"3144","a joke",3,34686,47.57
"3145","a layer",3,34689,47.57
"3146","a list",3,34692,47.57
"3147","a love",3,34695,47.58
"3148","a low",3,34698,47.58
"3149","a m",3,34701,47.59
"3150","a movie",3,34704,47.59
"3151","a much",3,34707,47.59
"3152","a must",3,34710,47.6
"3153","a nation",3,34713,47.6
"3154","a natural",3,34716,47.61
"3155","a novel",3,34719,47.61
"3156","a one",3,34722,47.61
"3157","a physical",3,34725,47.62
"3158","a plan",3,34728,47.62
"3159","a point",3,34731,47.63
"3160","a pretty",3,34734,47.63
"3161","a random",3,34737,47.64
"3162","a recent",3,34740,47.64
"3163","a religious",3,34743,47.64
"3164","a right",3,34746,47.65
"3165","a rock",3,34749,47.65
"3166","a second",3,34752,47.66
"3167","a series",3,34755,47.66
"3168","a situation",3,34758,47.66
"3169","a social",3,34761,47.67
"3170","a son",3,34764,47.67
"3171","a sort",3,34767,47.68
"3172","a square",3,34770,47.68
"3173","a story",3,34773,47.68
"3174","a t",3,34776,47.69
"3175","a that",3,34779,47.69
"3176","a thousand",3,34782,47.7
"3177","a trip",3,34785,47.7
"3178","a true",3,34788,47.71
"3179","a wide",3,34791,47.71
"3180","a writer",3,34794,47.71
"3181","about an",3,34797,47.72
"3182","about being",3,34800,47.72
"3183","about in",3,34803,47.73
"3184","about is",3,34806,47.73
"3185","about me",3,34809,47.73
"3186","about our",3,34812,47.74
"3187","about that",3,34815,47.74
"3188","about them",3,34818,47.75
"3189","above i",3,34821,47.75
"3190","access to",3,34824,47.75
"3191","action and",3,34827,47.76
"3192","add to",3,34830,47.76
"3193","added to",3,34833,47.77
"3194","admit it",3,34836,47.77
"3195","after being",3,34839,47.78
"3196","after he",3,34842,47.78
"3197","after my",3,34845,47.78
"3198","again this",3,34848,47.79
"3199","again we",3,34851,47.79
"3200","against a",3,34854,47.8
"3201","age i",3,34857,47.8
"3202","all at",3,34860,47.8
"3203","all for",3,34863,47.81
"3204","all its",3,34866,47.81
"3205","all other",3,34869,47.82
"3206","all round",3,34872,47.82
"3207","all three",3,34875,47.82
"3208","all with",3,34878,47.83
"3209","allow to",3,34881,47.83
"3210","allow us",3,34884,47.84
"3211","alone and",3,34887,47.84
"3212","already but",3,34890,47.84
"3213","already know",3,34893,47.85
"3214","also be",3,34896,47.85
"3215","always have",3,34899,47.86
"3216","am also",3,34902,47.86
"3217","am just",3,34905,47.87
"3218","am now",3,34908,47.87
"3219","am very",3,34911,47.87
"3220","an end",3,34914,47.88
"3221","an ex",3,34917,47.88
"3222","an older",3,34920,47.89
"3223","and after",3,34923,47.89
"3224","and again",3,34926,47.89
"3225","and also",3,34929,47.9
"3226","and always",3,34932,47.9
"3227","and another",3,34935,47.91
"3228","and apparently",3,34938,47.91
"3229","and back",3,34941,47.91
"3230","and bad",3,34944,47.92
"3231","and bake",3,34947,47.92
"3232","and be",3,34950,47.93
"3233","and because",3,34953,47.93
"3234","and blood",3,34956,47.94
"3235","and business",3,34959,47.94
"3236","and coming",3,34962,47.94
"3237","and could",3,34965,47.95
"3238","and cream",3,34968,47.95
"3239","and dad",3,34971,47.96
"3240","and decided",3,34974,47.96
"3241","and drop",3,34977,47.96
"3242","and eat",3,34980,47.97
"3243","and enjoy",3,34983,47.97
"3244","and everyone",3,34986,47.98
"3245","and four",3,34989,47.98
"3246","and fun",3,34992,47.98
"3247","and further",3,34995,47.99
"3248","and gave",3,34998,47.99
"3249","and good",3,35001,48
"3250","and got",3,35004,48
"3251","and hard",3,35007,48.01
"3252","and here",3,35010,48.01
"3253","and hide",3,35013,48.01
"3254","and indeed",3,35016,48.02
"3255","and into",3,35019,48.02
"3256","and left",3,35022,48.03
"3257","and like",3,35025,48.03
"3258","and maybe",3,35028,48.03
"3259","and move",3,35031,48.04
"3260","and new",3,35034,48.04
"3261","and often",3,35037,48.05
"3262","and people",3,35040,48.05
"3263","and place",3,35043,48.05
"3264","and play",3,35046,48.06
"3265","and really",3,35049,48.06
"3266","and run",3,35052,48.07
"3267","and sat",3,35055,48.07
"3268","and say",3,35058,48.08
"3269","and simple",3,35061,48.08
"3270","and sometimes",3,35064,48.08
"3271","and soon",3,35067,48.09
"3272","and them",3,35070,48.09
"3273","and therefore",3,35073,48.1
"3274","and though",3,35076,48.1
"3275","and took",3,35079,48.1
"3276","and up",3,35082,48.11
"3277","and us",3,35085,48.11
"3278","and use",3,35088,48.12
"3279","and very",3,35091,48.12
"3280","and while",3,35094,48.12
"3281","and white",3,35097,48.13
"3282","and write",3,35100,48.13
"3283","and yet",3,35103,48.14
"3284","anything and",3,35106,48.14
"3285","anything that",3,35109,48.15
"3286","anyway we",3,35112,48.15
"3287","apart from",3,35115,48.15
"3288","apartment in",3,35118,48.16
"3289","apparently the",3,35121,48.16
"3290","appear to",3,35124,48.17
"3291","appearance of",3,35127,48.17
"3292","approach to",3,35130,48.17
"3293","are always",3,35133,48.18
"3294","are correct",3,35136,48.18
"3295","are many",3,35139,48.19
"3296","are now",3,35142,48.19
"3297","are one",3,35145,48.19
"3298","are out",3,35148,48.2
"3299","are their",3,35151,48.2
"3300","are we",3,35154,48.21
"3301","are with",3,35157,48.21
"3302","area of",3,35160,48.22
"3303","around as",3,35163,48.22
"3304","around me",3,35166,48.22
"3305","around you",3,35169,48.23
"3306","article and",3,35172,48.23
"3307","as as",3,35175,48.24
"3308","as far",3,35178,48.24
"3309","as many",3,35181,48.24
"3310","as my",3,35184,48.25
"3311","as often",3,35187,48.25
"3312","as or",3,35190,48.26
"3313","as part",3,35193,48.26
"3314","as something",3,35196,48.26
"3315","as though",3,35199,48.27
"3316","as when",3,35202,48.27
"3317","as with",3,35205,48.28
"3318","as your",3,35208,48.28
"3319","at ha",3,35211,48.29
"3320","at him",3,35214,48.29
"3321","at its",3,35217,48.29
"3322","at park",3,35220,48.3
"3323","at their",3,35223,48.3
"3324","at which",3,35226,48.31
"3325","at work",3,35229,48.31
"3326","at you",3,35232,48.31
"3327","at your",3,35235,48.32
"3328","attempt to",3,35238,48.32
"3329","attention to",3,35241,48.33
"3330","attitude of",3,35244,48.33
"3331","away one",3,35247,48.33
"3332","away the",3,35250,48.34
"3333","back at",3,35253,48.34
"3334","back into",3,35256,48.35
"3335","back up",3,35259,48.35
"3336","bag of",3,35262,48.36
"3337","bake for",3,35265,48.36
"3338","bank of",3,35268,48.36
"3339","battle with",3,35271,48.37
"3340","be about",3,35274,48.37
"3341","be added",3,35277,48.38
"3342","be but",3,35280,48.38
"3343","be here",3,35283,48.38
"3344","be much",3,35286,48.39
"3345","be raised",3,35289,48.39
"3346","be revealed",3,35292,48.4
"3347","be some",3,35295,48.4
"3348","be that",3,35298,48.4
"3349","be very",3,35301,48.41
"3350","beat in",3,35304,48.41
"3351","because he",3,35307,48.42
"3352","been able",3,35310,48.42
"3353","been an",3,35313,48.43
"3354","been busy",3,35316,48.43
"3355","been for",3,35319,48.43
"3356","been told",3,35322,48.44
"3357","been trying",3,35325,48.44
"3358","been very",3,35328,48.45
"3359","beer i",3,35331,48.45
"3360","beer in",3,35334,48.45
"3361","before a",3,35337,48.46
"3362","before it",3,35340,48.46
"3363","before serving",3,35343,48.47
"3364","before this",3,35346,48.47
"3365","being by",3,35349,48.47
"3366","being for",3,35352,48.48
"3367","being i",3,35355,48.48
"3368","being so",3,35358,48.49
"3369","ben s",3,35361,48.49
"3370","best thing",3,35364,48.49
"3371","best way",3,35367,48.5
"3372","between a",3,35370,48.5
"3373","between an",3,35373,48.51
"3374","bit and",3,35376,48.51
"3375","blend of",3,35379,48.52
"3376","body i",3,35382,48.52
"3377","book as",3,35385,48.52
"3378","book the",3,35388,48.53
"3379","born and",3,35391,48.53
"3380","both were",3,35394,48.54
"3381","bottom of",3,35397,48.54
"3382","bought a",3,35400,48.54
"3383","break and",3,35403,48.55
"3384","brewing company",3,35406,48.55
"3385","brought home",3,35409,48.56
"3386","brought it",3,35412,48.56
"3387","built in",3,35415,48.56
"3388","but because",3,35418,48.57
"3389","but is",3,35421,48.57
"3390","but just",3,35424,48.58
"3391","but left",3,35427,48.58
"3392","but none",3,35430,48.59
"3393","but so",3,35433,48.59
"3394","but still",3,35436,48.59
"3395","but with",3,35439,48.6
"3396","by in",3,35442,48.6
"3397","by other",3,35445,48.61
"3398","by some",3,35448,48.61
"3399","c a",3,35451,48.61
"3400","came across",3,35454,48.62
"3401","came out",3,35457,48.62
"3402","can cause",3,35460,48.63
"3403","can easily",3,35463,48.63
"3404","can not",3,35466,48.63
"3405","can provide",3,35469,48.64
"3406","can really",3,35472,48.64
"3407","can tell",3,35475,48.65
"3408","can use",3,35478,48.65
"3409","card to",3,35481,48.66
"3410","caught up",3,35484,48.66
"3411","cause a",3,35487,48.66
"3412","certainly not",3,35490,48.67
"3413","change for",3,35493,48.67
"3414","child to",3,35496,48.68
"3415","chocolate with",3,35499,48.68
"3416","chose to",3,35502,48.68
"3417","city council",3,35505,48.69
"3418","claim to",3,35508,48.69
"3419","clean and",3,35511,48.7
"3420","click here",3,35514,48.7
"3421","closed the",3,35517,48.7
"3422","coffee and",3,35520,48.71
"3423","college and",3,35523,48.71
"3424","come i",3,35526,48.72
"3425","come in",3,35529,48.72
"3426","comes out",3,35532,48.73
"3427","comic book",3,35535,48.73
"3428","coming up",3,35538,48.73
"3429","community and",3,35541,48.74
"3430","company may",3,35544,48.74
"3431","connected to",3,35547,48.75
"3432","continued to",3,35550,48.75
"3433","control of",3,35553,48.75
"3434","country and",3,35556,48.76
"3435","country is",3,35559,48.76
"3436","country where",3,35562,48.77
"3437","course and",3,35565,48.77
"3438","course but",3,35568,48.77
"3439","course there",3,35571,48.78
"3440","cover the",3,35574,48.78
"3441","craft beer",3,35577,48.79
"3442","create an",3,35580,48.79
"3443","create and",3,35583,48.8
"3444","culture in",3,35586,48.8
"3445","cut my",3,35589,48.8
"3446","d been",3,35592,48.81
"3447","d get",3,35595,48.81
"3448","d make",3,35598,48.82
"3449","d probably",3,35601,48.82
"3450","d written",3,35604,48.82
"3451","dark grey",3,35607,48.83
"3452","data protection",3,35610,48.83
"3453","day but",3,35613,48.84
"3454","day is",3,35616,48.84
"3455","day long",3,35619,48.84
"3456","days ago",3,35622,48.85
"3457","days later",3,35625,48.85
"3458","days my",3,35628,48.86
"3459","deal or",3,35631,48.86
"3460","dealing with",3,35634,48.87
"3461","despite the",3,35637,48.87
"3462","did and",3,35640,48.87
"3463","did it",3,35643,48.88
"3464","different and",3,35646,48.88
"3465","different from",3,35649,48.89
"3466","different of",3,35652,48.89
"3467","distance from",3,35655,48.89
"3468","do believe",3,35658,48.9
"3469","do but",3,35661,48.9
"3470","do love",3,35664,48.91
"3471","do some",3,35667,48.91
"3472","do something",3,35670,48.91
"3473","do they",3,35673,48.92
"3474","does a",3,35676,48.92
"3475","does in",3,35679,48.93
"3476","does this",3,35682,48.93
"3477","doing so",3,35685,48.94
"3478","doing something",3,35688,48.94
"3479","doing this",3,35691,48.94
"3480","done i",3,35694,48.95
"3481","done with",3,35697,48.95
"3482","door to",3,35700,48.96
"3483","doubt that",3,35703,48.96
"3484","down a",3,35706,48.96
"3485","down at",3,35709,48.97
"3486","down from",3,35712,48.97
"3487","down in",3,35715,48.98
"3488","down with",3,35718,48.98
"3489","each and",3,35721,48.98
"3490","each of",3,35724,48.99
"3491","each year",3,35727,48.99
"3492","earth i",3,35730,49
"3493","earth the",3,35733,49
"3494","east and",3,35736,49.01
"3495","eat it",3,35739,49.01
"3496","edge of",3,35742,49.01
"3497","effort to",3,35745,49.02
"3498","else i",3,35748,49.02
"3499","else to",3,35751,49.03
"3500","else you",3,35754,49.03
"3501","end and",3,35757,49.03
"3502","enjoying a",3,35760,49.04
"3503","enough for",3,35763,49.04
"3504","ensure that",3,35766,49.05
"3505","entry level",3,35769,49.05
"3506","even as",3,35772,49.05
"3507","even my",3,35775,49.06
"3508","even worse",3,35778,49.06
"3509","ever seen",3,35781,49.07
"3510","ever since",3,35784,49.07
"3511","everyone in",3,35787,49.08
"3512","everyone who",3,35790,49.08
"3513","everyone with",3,35793,49.08
"3514","everything that",3,35796,49.09
"3515","experience of",3,35799,49.09
"3516","experience with",3,35802,49.1
"3517","faced with",3,35805,49.1
"3518","fact i",3,35808,49.1
"3519","fantastic i",3,35811,49.11
"3520","father and",3,35814,49.11
"3521","featured in",3,35817,49.12
"3522","feel as",3,35820,49.12
"3523","feel so",3,35823,49.12
"3524","feel that",3,35826,49.13
"3525","fell in",3,35829,49.13
"3526","felt like",3,35832,49.14
"3527","few and",3,35835,49.14
"3528","few as",3,35838,49.14
"3529","field of",3,35841,49.15
"3530","figured i",3,35844,49.15
"3531","film and",3,35847,49.16
"3532","film is",3,35850,49.16
"3533","film we",3,35853,49.17
"3534","finish line",3,35856,49.17
"3535","finished my",3,35859,49.17
"3536","first one",3,35862,49.18
"3537","first saw",3,35865,49.18
"3538","first we",3,35868,49.19
"3539","first woman",3,35871,49.19
"3540","five of",3,35874,49.19
"3541","five or",3,35877,49.2
"3542","floor and",3,35880,49.2
"3543","follow the",3,35883,49.21
"3544","following the",3,35886,49.21
"3545","food from",3,35889,49.21
"3546","foot and",3,35892,49.22
"3547","foot down",3,35895,49.22
"3548","for almost",3,35898,49.23
"3549","for another",3,35901,49.23
"3550","for both",3,35904,49.24
"3551","for by",3,35907,49.24
"3552","for days",3,35910,49.24
"3553","for doing",3,35913,49.25
"3554","for everyone",3,35916,49.25
"3555","for first",3,35919,49.26
"3556","for five",3,35922,49.26
"3557","for for",3,35925,49.26
"3558","for instance",3,35928,49.27
"3559","for making",3,35931,49.27
"3560","for many",3,35934,49.28
"3561","for nothing",3,35937,49.28
"3562","for of",3,35940,49.28
"3563","for other",3,35943,49.29
"3564","for our",3,35946,49.29
"3565","for people",3,35949,49.3
"3566","for several",3,35952,49.3
"3567","for these",3,35955,49.31
"3568","for thinking",3,35958,49.31
"3569","for three",3,35961,49.31
"3570","for two",3,35964,49.32
"3571","for what",3,35967,49.32
"3572","for with",3,35970,49.33
"3573","for within",3,35973,49.33
"3574","for yourself",3,35976,49.33
"3575","form in",3,35979,49.34
"3576","found myself",3,35982,49.34
"3577","found out",3,35985,49.35
"3578","foundation for",3,35988,49.35
"3579","four and",3,35991,49.35
"3580","free and",3,35994,49.36
"3581","freedom and",3,35997,49.36
"3582","from it",3,36000,49.37
"3583","from or",3,36003,49.37
"3584","from s",3,36006,49.38
"3585","from there",3,36009,49.38
"3586","fun and",3,36012,49.38
"3587","fun as",3,36015,49.39
"3588","fun it",3,36018,49.39
"3589","game and",3,36021,49.4
"3590","game i",3,36024,49.4
"3591","gave her",3,36027,49.4
"3592","get me",3,36030,49.41
"3593","get over",3,36033,49.41
"3594","get those",3,36036,49.42
"3595","get your",3,36039,49.42
"3596","getting back",3,36042,49.42
"3597","gift card",3,36045,49.43
"3598","girl that",3,36048,49.43
"3599","go home",3,36051,49.44
"3600","go i",3,36054,49.44
"3601","go in",3,36057,49.45
"3602","go with",3,36060,49.45
"3603","goes off",3,36063,49.45
"3604","goes to",3,36066,49.46
"3605","going with",3,36069,49.46
"3606","gone to",3,36072,49.47
"3607","good if",3,36075,49.47
"3608","good luck",3,36078,49.47
"3609","good news",3,36081,49.48
"3610","good way",3,36084,49.48
"3611","got her",3,36087,49.49
"3612","got in",3,36090,49.49
"3613","got out",3,36093,49.49
"3614","got some",3,36096,49.5
"3615","government to",3,36099,49.5
"3616","grace of",3,36102,49.51
"3617","great but",3,36105,49.51
"3618","great in",3,36108,49.52
"3619","greater than",3,36111,49.52
"3620","green for",3,36114,49.52
"3621","grocery store",3,36117,49.53
"3622","group the",3,36120,49.53
"3623","grow up",3,36123,49.54
"3624","guess i",3,36126,49.54
"3625","had in",3,36129,49.54
"3626","had quite",3,36132,49.55
"3627","had so",3,36135,49.55
"3628","had such",3,36138,49.56
"3629","had with",3,36141,49.56
"3630","half a",3,36144,49.56
"3631","half way",3,36147,49.57
"3632","happening in",3,36150,49.57
"3633","have actually",3,36153,49.58
"3634","have all",3,36156,49.58
"3635","have also",3,36159,49.59
"3636","have done",3,36162,49.59
"3637","have ever",3,36165,49.59
"3638","have everything",3,36168,49.6
"3639","have gotten",3,36171,49.6
"3640","have i",3,36174,49.61
"3641","have learned",3,36177,49.61
"3642","have made",3,36180,49.61
"3643","have more",3,36183,49.62
"3644","have similar",3,36186,49.62
"3645","have spent",3,36189,49.63
"3646","have two",3,36192,49.63
"3647","have your",3,36195,49.63
"3648","he at",3,36198,49.64
"3649","he does",3,36201,49.64
"3650","he gave",3,36204,49.65
"3651","he her",3,36207,49.65
"3652","he my",3,36210,49.66
"3653","he needs",3,36213,49.66
"3654","he never",3,36216,49.66
"3655","he saw",3,36219,49.67
"3656","he she",3,36222,49.67
"3657","he thinking",3,36225,49.68
"3658","he took",3,36228,49.68
"3659","head with",3,36231,49.68
"3660","health and",3,36234,49.69
"3661","hear the",3,36237,49.69
"3662","heart i",3,36240,49.7
"3663","heart is",3,36243,49.7
"3664","heart of",3,36246,49.7
"3665","hearts of",3,36249,49.71
"3666","help but",3,36252,49.71
"3667","help me",3,36255,49.72
"3668","help them",3,36258,49.72
"3669","help you",3,36261,49.73
"3670","her all",3,36264,49.73
"3671","her as",3,36267,49.73
"3672","her birthday",3,36270,49.74
"3673","her family",3,36273,49.74
"3674","her for",3,36276,49.75
"3675","her head",3,36279,49.75
"3676","her heart",3,36282,49.75
"3677","her house",3,36285,49.76
"3678","her room",3,36288,49.76
"3679","her she",3,36291,49.77
"3680","her son",3,36294,49.77
"3681","here the",3,36297,49.77
"3682","hill on",3,36300,49.78
"3683","him it",3,36303,49.78
"3684","him the",3,36306,49.79
"3685","his bed",3,36309,49.79
"3686","his car",3,36312,49.79
"3687","his dad",3,36315,49.8
"3688","his family",3,36318,49.8
"3689","his first",3,36321,49.81
"3690","his hand",3,36324,49.81
"3691","his that",3,36327,49.82
"3692","his to",3,36330,49.82
"3693","history the",3,36333,49.82
"3694","hold of",3,36336,49.83
"3695","holy spirit",3,36339,49.83
"3696","home for",3,36342,49.84
"3697","honor of",3,36345,49.84
"3698","hope that",3,36348,49.84
"3699","house he",3,36351,49.85
"3700","house is",3,36354,49.85
"3701","house of",3,36357,49.86
"3702","house to",3,36360,49.86
"3703","how big",3,36363,49.86
"3704","how does",3,36366,49.87
"3705","how hard",3,36369,49.87
"3706","how my",3,36372,49.88
"3707","how this",3,36375,49.88
"3708","how well",3,36378,49.89
"3709","however it",3,36381,49.89
"3710","however the",3,36384,49.89
"3711","hurt and",3,36387,49.9
"3712","husband s",3,36390,49.9
"3713","i admit",3,36393,49.91
"3714","i at",3,36396,49.91
"3715","i come",3,36399,49.91
"3716","i discovered",3,36402,49.92
"3717","i doubt",3,36405,49.92
"3718","i e",3,36408,49.93
"3719","i enjoy",3,36411,49.93
"3720","i ever",3,36414,49.93
"3721","i hate",3,36417,49.94
"3722","i him",3,36420,49.94
"3723","i hit",3,36423,49.95
"3724","i left",3,36426,49.95
"3725","i miss",3,36429,49.96
"3726","i picked",3,36432,49.96
"3727","i received",3,36435,49.96
"3728","i recently",3,36438,49.97
"3729","i s",3,36441,49.97
"3730","i seen",3,36444,49.98
"3731","i stand",3,36447,49.98
"3732","i stopped",3,36450,49.98
"3733","i sure",3,36453,49.99
"3734","i tend",3,36456,49.99
"3735","i use",3,36459,50
"3736","i very",3,36462,50
"3737","i walk",3,36465,50
"3738","idea to",3,36468,50.01
"3739","if anyone",3,36471,50.01
"3740","if she",3,36474,50.02
"3741","if to",3,36477,50.02
"3742","image of",3,36480,50.03
"3743","important to",3,36483,50.03
"3744","in are",3,36486,50.03
"3745","in been",3,36489,50.04
"3746","in case",3,36492,50.04
"3747","in detail",3,36495,50.05
"3748","in each",3,36498,50.05
"3749","in he",3,36501,50.05
"3750","in high",3,36504,50.06
"3751","in him",3,36507,50.06
"3752","in history",3,36510,50.07
"3753","in june",3,36513,50.07
"3754","in just",3,36516,50.07
"3755","in l",3,36519,50.08
"3756","in law",3,36522,50.08
"3757","in marketing",3,36525,50.09
"3758","in nature",3,36528,50.09
"3759","in over",3,36531,50.1
"3760","in reading",3,36534,50.1
"3761","in return",3,36537,50.1
"3762","in school",3,36540,50.11
"3763","in so",3,36543,50.11
"3764","in some",3,36546,50.12
"3765","in such",3,36549,50.12
"3766","in these",3,36552,50.12
"3767","in very",3,36555,50.13
"3768","in was",3,36558,50.13
"3769","in water",3,36561,50.14
"3770","in you",3,36564,50.14
"3771","inside of",3,36567,50.14
"3772","interest in",3,36570,50.15
"3773","interesting about",3,36573,50.15
"3774","into account",3,36576,50.16
"3775","into this",3,36579,50.16
"3776","is another",3,36582,50.17
"3777","is between",3,36585,50.17
"3778","is currently",3,36588,50.17
"3779","is designed",3,36591,50.18
"3780","is done",3,36594,50.18
"3781","is full",3,36597,50.19
"3782","is getting",3,36600,50.19
"3783","is her",3,36603,50.19
"3784","is important",3,36606,50.2
"3785","is known",3,36609,50.2
"3786","is limited",3,36612,50.21
"3787","is moving",3,36615,50.21
"3788","is much",3,36618,50.21
"3789","is necessary",3,36621,50.22
"3790","is provided",3,36624,50.22
"3791","is some",3,36627,50.23
"3792","is true",3,36630,50.23
"3793","is when",3,36633,50.24
"3794","is your",3,36636,50.24
"3795","it being",3,36639,50.24
"3796","it by",3,36642,50.25
"3797","it goes",3,36645,50.25
"3798","it he",3,36648,50.26
"3799","it into",3,36651,50.26
"3800","it its",3,36654,50.26
"3801","it made",3,36657,50.27
"3802","it might",3,36660,50.27
"3803","it needs",3,36663,50.28
"3804","it not",3,36666,50.28
"3805","it over",3,36669,50.28
"3806","it right",3,36672,50.29
"3807","it shall",3,36675,50.29
"3808","it she",3,36678,50.3
"3809","it should",3,36681,50.3
"3810","it today",3,36684,50.31
"3811","it turns",3,36687,50.31
"3812","it worked",3,36690,50.31
"3813","it yes",3,36693,50.32
"3814","its and",3,36696,50.32
"3815","its just",3,36699,50.33
"3816","itself as",3,36702,50.33
"3817","j crew",3,36705,50.33
"3818","join in",3,36708,50.34
"3819","join us",3,36711,50.34
"3820","just be",3,36714,50.35
"3821","just don",3,36717,50.35
"3822","just love",3,36720,50.35
"3823","just me",3,36723,50.36
"3824","just need",3,36726,50.36
"3825","just right",3,36729,50.37
"3826","just say",3,36732,50.37
"3827","just that",3,36735,50.38
"3828","just this",3,36738,50.38
"3829","just what",3,36741,50.38
"3830","keep them",3,36744,50.39
"3831","kept a",3,36747,50.39
"3832","key to",3,36750,50.4
"3833","king of",3,36753,50.4
"3834","king s",3,36756,50.4
"3835","kit is",3,36759,50.41
"3836","kitchen i",3,36762,50.41
"3837","knew those",3,36765,50.42
"3838","know at",3,36768,50.42
"3839","know everything",3,36771,50.42
"3840","know from",3,36774,50.43
"3841","know my",3,36777,50.43
"3842","know when",3,36780,50.44
"3843","know where",3,36783,50.44
"3844","know will",3,36786,50.44
"3845","know you",3,36789,50.45
"3846","knowing that",3,36792,50.45
"3847","knowing the",3,36795,50.46
"3848","knowledge of",3,36798,50.46
"3849","known as",3,36801,50.47
"3850","late to",3,36804,50.47
"3851","league of",3,36807,50.47
"3852","learn how",3,36810,50.48
"3853","learning to",3,36813,50.48
"3854","least one",3,36816,50.49
"3855","leave me",3,36819,50.49
"3856","leaving me",3,36822,50.49
"3857","led by",3,36825,50.5
"3858","left to",3,36828,50.5
"3859","let alone",3,36831,50.51
"3860","let it",3,36834,50.51
"3861","let them",3,36837,50.51
"3862","let you",3,36840,50.52
"3863","life so",3,36843,50.52
"3864","life that",3,36846,50.53
"3865","light of",3,36849,50.53
"3866","light the",3,36852,50.54
"3867","like as",3,36855,50.54
"3868","like at",3,36858,50.54
"3869","like he",3,36861,50.55
"3870","like in",3,36864,50.55
"3871","like most",3,36867,50.56
"3872","like or",3,36870,50.56
"3873","like someone",3,36873,50.56
"3874","like water",3,36876,50.57
"3875","like we",3,36879,50.57
"3876","local and",3,36882,50.58
"3877","long before",3,36885,50.58
"3878","look for",3,36888,50.58
"3879","look forward",3,36891,50.59
"3880","looking around",3,36894,50.59
"3881","looking to",3,36897,50.6
"3882","lord and",3,36900,50.6
"3883","lost the",3,36903,50.61
"3884","lot going",3,36906,50.61
"3885","love her",3,36909,50.61
"3886","love spending",3,36912,50.62
"3887","love that",3,36915,50.62
"3888","love their",3,36918,50.63
"3889","love those",3,36921,50.63
"3890","loving it",3,36924,50.63
"3891","m just",3,36927,50.64
"3892","m making",3,36930,50.64
"3893","m sorry",3,36933,50.65
"3894","m that",3,36936,50.65
"3895","made but",3,36939,50.65
"3896","made by",3,36942,50.66
"3897","made out",3,36945,50.66
"3898","made some",3,36948,50.67
"3899","made that",3,36951,50.67
"3900","make an",3,36954,50.68
"3901","make me",3,36957,50.68
"3902","make our",3,36960,50.68
"3903","make them",3,36963,50.69
"3904","make this",3,36966,50.69
"3905","making and",3,36969,50.7
"3906","man and",3,36972,50.7
"3907","man i",3,36975,50.7
"3908","man made",3,36978,50.71
"3909","man to",3,36981,50.71
"3910","manage to",3,36984,50.72
"3911","many i",3,36987,50.72
"3912","many other",3,36990,50.72
"3913","marketing is",3,36993,50.73
"3914","matter what",3,36996,50.73
"3915","may it",3,36999,50.74
"3916","maybe a",3,37002,50.74
"3917","maybe that",3,37005,50.75
"3918","me feel",3,37008,50.75
"3919","me here",3,37011,50.75
"3920","me is",3,37014,50.76
"3921","me my",3,37017,50.76
"3922","me of",3,37020,50.77
"3923","me off",3,37023,50.77
"3924","me was",3,37026,50.77
"3925","me with",3,37029,50.78
"3926","me your",3,37032,50.78
"3927","meant to",3,37035,50.79
"3928","meanwhile i",3,37038,50.79
"3929","mention the",3,37041,50.79
"3930","method to",3,37044,50.8
"3931","mind i",3,37047,50.8
"3932","mind s",3,37050,50.81
"3933","mind was",3,37053,50.81
"3934","miss him",3,37056,50.82
"3935","miss it",3,37059,50.82
"3936","mix together",3,37062,50.82
"3937","money to",3,37065,50.83
"3938","month i",3,37068,50.83
"3939","month the",3,37071,50.84
"3940","month we",3,37074,50.84
"3941","moon in",3,37077,50.84
"3942","more from",3,37080,50.85
"3943","more is",3,37083,50.85
"3944","more like",3,37086,50.86
"3945","more likely",3,37089,50.86
"3946","more the",3,37092,50.86
"3947","more they",3,37095,50.87
"3948","more you",3,37098,50.87
"3949","morning he",3,37101,50.88
"3950","most i",3,37104,50.88
"3951","most important",3,37107,50.89
"3952","much and",3,37110,50.89
"3953","much easier",3,37113,50.89
"3954","much i",3,37116,50.9
"3955","much less",3,37119,50.9
"3956","much time",3,37122,50.91
"3957","must have",3,37125,50.91
"3958","my agent",3,37128,50.91
"3959","my attention",3,37131,50.92
"3960","my bike",3,37134,50.92
"3961","my but",3,37137,50.93
"3962","my by",3,37140,50.93
"3963","my child",3,37143,50.93
"3964","my days",3,37146,50.94
"3965","my experience",3,37149,50.94
"3966","my foot",3,37152,50.95
"3967","my hand",3,37155,50.95
"3968","my have",3,37158,50.96
"3969","my journal",3,37161,50.96
"3970","my journey",3,37164,50.96
"3971","my man",3,37167,50.97
"3972","my office",3,37170,50.97
"3973","my old",3,37173,50.98
"3974","my other",3,37176,50.98
"3975","my project",3,37179,50.98
"3976","my second",3,37182,50.99
"3977","my sister",3,37185,50.99
"3978","my so",3,37188,51
"3979","my sweet",3,37191,51
"3980","my t",3,37194,51
"3981","my that",3,37197,51.01
"3982","my time",3,37200,51.01
"3983","my week",3,37203,51.02
"3984","my weight",3,37206,51.02
"3985","my world",3,37209,51.03
"3986","myself on",3,37212,51.03
"3987","myself that",3,37215,51.03
"3988","n y",3,37218,51.04
"3989","name for",3,37221,51.04
"3990","name on",3,37224,51.05
"3991","name was",3,37227,51.05
"3992","nature i",3,37230,51.05
"3993","need more",3,37233,51.06
"3994","needs of",3,37236,51.06
"3995","never be",3,37239,51.07
"3996","never forget",3,37242,51.07
"3997","never of",3,37245,51.07
"3998","never that",3,37248,51.08
"3999","never the",3,37251,51.08
"4000","never to",3,37254,51.09
"4001","new house",3,37257,51.09
"4002","new i",3,37260,51.09
"4003","new life",3,37263,51.1
"4004","next few",3,37266,51.1
"4005","next to",3,37269,51.11
"4006","night and",3,37272,51.11
"4007","night in",3,37275,51.12
"4008","night we",3,37278,51.12
"4009","no no",3,37281,51.12
"4010","no or",3,37284,51.13
"4011","no reason",3,37287,51.13
"4012","no way",3,37290,51.14
"4013","no wonder",3,37293,51.14
"4014","nose and",3,37296,51.14
"4015","not by",3,37299,51.15
"4016","not exactly",3,37302,51.15
"4017","not getting",3,37305,51.16
"4018","not i",3,37308,51.16
"4019","not let",3,37311,51.16
"4020","not lie",3,37314,51.17
"4021","not my",3,37317,51.17
"4022","not on",3,37320,51.18
"4023","not wanting",3,37323,51.18
"4024","not well",3,37326,51.19
"4025","note the",3,37329,51.19
"4026","nothing else",3,37332,51.19
"4027","nothing to",3,37335,51.2
"4028","now all",3,37338,51.2
"4029","now how",3,37341,51.21
"4030","now she",3,37344,51.21
"4031","now there",3,37347,51.21
"4032","now this",3,37350,51.22
"4033","of at",3,37353,51.22
"4034","of beer",3,37356,51.23
"4035","of before",3,37359,51.23
"4036","of both",3,37362,51.23
"4037","of different",3,37365,51.24
"4038","of down",3,37368,51.24
"4039","of every",3,37371,51.25
"4040","of family",3,37374,51.25
"4041","of fun",3,37377,51.26
"4042","of great",3,37380,51.26
"4043","of history",3,37383,51.26
"4044","of how",3,37386,51.27
"4045","of human",3,37389,51.27
"4046","of into",3,37392,51.28
"4047","of love",3,37395,51.28
"4048","of many",3,37398,51.28
"4049","of new",3,37401,51.29
"4050","of now",3,37404,51.29
"4051","of oil",3,37407,51.3
"4052","of power",3,37410,51.3
"4053","of public",3,37413,51.3
"4054","of reality",3,37416,51.31
"4055","of research",3,37419,51.31
"4056","of state",3,37422,51.32
"4057","of summer",3,37425,51.32
"4058","of tea",3,37428,51.33
"4059","of they",3,37431,51.33
"4060","of town",3,37434,51.33
"4061","of traditional",3,37437,51.34
"4062","of turning",3,37440,51.34
"4063","of two",3,37443,51.35
"4064","of white",3,37446,51.35
"4065","of year",3,37449,51.35
"4066","off and",3,37452,51.36
"4067","off for",3,37455,51.36
"4068","off i",3,37458,51.37
"4069","off my",3,37461,51.37
"4070","off of",3,37464,51.37
"4071","off on",3,37467,51.38
"4072","often on",3,37470,51.38
"4073","on but",3,37473,51.39
"4074","on by",3,37476,51.39
"4075","on its",3,37479,51.4
"4076","on may",3,37482,51.4
"4077","on one",3,37485,51.4
"4078","on she",3,37488,51.41
"4079","once a",3,37491,51.41
"4080","once and",3,37494,51.42
"4081","one hand",3,37497,51.42
"4082","one man",3,37500,51.42
"4083","one month",3,37503,51.43
"4084","one so",3,37506,51.43
"4085","only been",3,37509,51.44
"4086","only in",3,37512,51.44
"4087","only on",3,37515,51.44
"4088","only to",3,37518,51.45
"4089","open and",3,37521,51.45
"4090","opinion of",3,37524,51.46
"4091","or an",3,37527,51.46
"4092","or have",3,37530,51.47
"4093","or it",3,37533,51.47
"4094","or less",3,37536,51.47
"4095","or maybe",3,37539,51.48
"4096","or something",3,37542,51.48
"4097","or too",3,37545,51.49
"4098","or until",3,37548,51.49
"4099","or what",3,37551,51.49
"4100","or you",3,37554,51.5
"4101","other are",3,37557,51.5
"4102","other to",3,37560,51.51
"4103","our country",3,37563,51.51
"4104","our family",3,37566,51.51
"4105","our friend",3,37569,51.52
"4106","our in",3,37572,51.52
"4107","our the",3,37575,51.53
"4108","our will",3,37578,51.53
"4109","our yard",3,37581,51.54
"4110","ourselves and",3,37584,51.54
"4111","out about",3,37587,51.54
"4112","out all",3,37590,51.55
"4113","out from",3,37593,51.55
"4114","out my",3,37596,51.56
"4115","out some",3,37599,51.56
"4116","outside the",3,37602,51.56
"4117","oven to",3,37605,51.57
"4118","over it",3,37608,51.57
"4119","owner of",3,37611,51.58
"4120","pan and",3,37614,51.58
"4121","paper from",3,37617,51.58
"4122","park and",3,37620,51.59
"4123","part in",3,37623,51.59
"4124","part time",3,37626,51.6
"4125","past and",3,37629,51.6
"4126","past the",3,37632,51.61
"4127","past week",3,37635,51.61
"4128","pay for",3,37638,51.61
"4129","people and",3,37641,51.62
"4130","people from",3,37644,51.62
"4131","people if",3,37647,51.63
"4132","people on",3,37650,51.63
"4133","people s",3,37653,51.63
"4134","person and",3,37656,51.64
"4135","person i",3,37659,51.64
"4136","person in",3,37662,51.65
"4137","person that",3,37665,51.65
"4138","person we",3,37668,51.65
"4139","personal and",3,37671,51.66
"4140","picked up",3,37674,51.66
"4141","picture of",3,37677,51.67
"4142","place i",3,37680,51.67
"4143","place it",3,37683,51.68
"4144","plan to",3,37686,51.68
"4145","play it",3,37689,51.68
"4146","please don",3,37692,51.69
"4147","point and",3,37695,51.69
"4148","point to",3,37698,51.7
"4149","pointed out",3,37701,51.7
"4150","post that",3,37704,51.7
"4151","post your",3,37707,51.71
"4152","prepared for",3,37710,51.71
"4153","present and",3,37713,51.72
"4154","pretty good",3,37716,51.72
"4155","pro life",3,37719,51.72
"4156","probably have",3,37722,51.73
"4157","problem with",3,37725,51.73
"4158","product i",3,37728,51.74
"4159","product of",3,37731,51.74
"4160","provide a",3,37734,51.74
"4161","pull the",3,37737,51.75
"4162","purchase a",3,37740,51.75
"4163","purpose and",3,37743,51.76
"4164","put away",3,37746,51.76
"4165","put into",3,37749,51.77
"4166","put them",3,37752,51.77
"4167","re and",3,37755,51.77
"4168","re but",3,37758,51.78
"4169","re looking",3,37761,51.78
"4170","re the",3,37764,51.79
"4171","read it",3,37767,51.79
"4172","reading and",3,37770,51.79
"4173","reading this",3,37773,51.8
"4174","ready i",3,37776,51.8
"4175","real life",3,37779,51.81
"4176","realize that",3,37782,51.81
"4177","really know",3,37785,51.81
"4178","really really",3,37788,51.82
"4179","really this",3,37791,51.82
"4180","really want",3,37794,51.83
"4181","reason for",3,37797,51.83
"4182","recipe for",3,37800,51.84
"4183","remember that",3,37803,51.84
"4184","remember the",3,37806,51.84
"4185","remember what",3,37809,51.85
"4186","report that",3,37812,51.85
"4187","responsibility for",3,37815,51.86
"4188","result is",3,37818,51.86
"4189","ribbon and",3,37821,51.86
"4190","rich and",3,37824,51.87
"4191","right from",3,37827,51.87
"4192","right here",3,37830,51.88
"4193","right the",3,37833,51.88
"4194","right time",3,37836,51.88
"4195","right we",3,37839,51.89
"4196","right with",3,37842,51.89
"4197","right you",3,37845,51.9
"4198","road to",3,37848,51.9
"4199","rock and",3,37851,51.91
"4200","rock paper",3,37854,51.91
"4201","room i",3,37857,51.91
"4202","room or",3,37860,51.92
"4203","run for",3,37863,51.92
"4204","run i",3,37866,51.93
"4205","run the",3,37869,51.93
"4206","running but",3,37872,51.93
"4207","s actually",3,37875,51.94
"4208","s as",3,37878,51.94
"4209","s by",3,37881,51.95
"4210","s daughter",3,37884,51.95
"4211","s dog",3,37887,51.95
"4212","s even",3,37890,51.96
"4213","s good",3,37893,51.96
"4214","s have",3,37896,51.97
"4215","s heart",3,37899,51.97
"4216","s how",3,37902,51.98
"4217","s important",3,37905,51.98
"4218","s is",3,37908,51.98
"4219","s life",3,37911,51.99
"4220","s more",3,37914,51.99
"4221","s most",3,37917,52
"4222","s my",3,37920,52
"4223","s own",3,37923,52
"4224","s s",3,37926,52.01
"4225","s something",3,37929,52.01
"4226","s starting",3,37932,52.02
"4227","s summer",3,37935,52.02
"4228","s t",3,37938,52.02
"4229","s that",3,37941,52.03
"4230","s third",3,37944,52.03
"4231","s this",3,37947,52.04
"4232","s too",3,37950,52.04
"4233","s top",3,37953,52.05
"4234","s was",3,37956,52.05
"4235","s which",3,37959,52.05
"4236","s worth",3,37962,52.06
"4237","sad and",3,37965,52.06
"4238","said he",3,37968,52.07
"4239","said you",3,37971,52.07
"4240","salad and",3,37974,52.07
"4241","same i",3,37977,52.08
"4242","sat down",3,37980,52.08
"4243","sauce and",3,37983,52.09
"4244","saw a",3,37986,52.09
"4245","say this",3,37989,52.09
"4246","say we",3,37992,52.1
"4247","saying a",3,37995,52.1
"4248","saying is",3,37998,52.11
"4249","school a",3,38001,52.11
"4250","school and",3,38004,52.12
"4251","school in",3,38007,52.12
"4252","school or",3,38010,52.12
"4253","searching for",3,38013,52.13
"4254","secret i",3,38016,52.13
"4255","see for",3,38019,52.14
"4256","see in",3,38022,52.14
"4257","see it",3,38025,52.14
"4258","see that",3,38028,52.15
"4259","see this",3,38031,52.15
"4260","seeing that",3,38034,52.16
"4261","seen as",3,38037,52.16
"4262","seen it",3,38040,52.16
"4263","seen some",3,38043,52.17
"4264","send you",3,38046,52.17
"4265","sent me",3,38049,52.18
"4266","set for",3,38052,52.18
"4267","share a",3,38055,52.19
"4268","share the",3,38058,52.19
"4269","share this",3,38061,52.19
"4270","she does",3,38064,52.2
"4271","she got",3,38067,52.2
"4272","she her",3,38070,52.21
"4273","she i",3,38073,52.21
"4274","she in",3,38076,52.21
"4275","she on",3,38079,52.22
"4276","she she",3,38082,52.22
"4277","she should",3,38085,52.23
"4278","she tried",3,38088,52.23
"4279","short and",3,38091,52.23
"4280","short term",3,38094,52.24
"4281","show up",3,38097,52.24
"4282","similar to",3,38100,52.25
"4283","simply t",3,38103,52.25
"4284","sit and",3,38106,52.26
"4285","small and",3,38109,52.26
"4286","small business",3,38112,52.26
"4287","small town",3,38115,52.27
"4288","smith s",3,38118,52.27
"4289","so a",3,38121,52.28
"4290","so and",3,38124,52.28
"4291","so bad",3,38127,52.28
"4292","so excited",3,38130,52.29
"4293","so have",3,38133,52.29
"4294","so important",3,38136,52.3
"4295","so is",3,38139,52.3
"4296","so let",3,38142,52.3
"4297","so now",3,38145,52.31
"4298","so of",3,38148,52.31
"4299","so our",3,38151,52.32
"4300","so there",3,38154,52.32
"4301","so today",3,38157,52.33
"4302","so with",3,38160,52.33
"4303","some and",3,38163,52.33
"4304","some good",3,38166,52.34
"4305","some in",3,38169,52.34
"4306","some nice",3,38172,52.35
"4307","somehow the",3,38175,52.35
"4308","someone was",3,38178,52.35
"4309","something and",3,38181,52.36
"4310","something as",3,38184,52.36
"4311","son and",3,38187,52.37
"4312","son s",3,38190,52.37
"4313","soon the",3,38193,52.37
"4314","soon to",3,38196,52.38
"4315","sound and",3,38199,52.38
"4316","south and",3,38202,52.39
"4317","spend the",3,38205,52.39
"4318","spirit of",3,38208,52.39
"4319","spread the",3,38211,52.4
"4320","square and",3,38214,52.4
"4321","stamp set",3,38217,52.41
"4322","start of",3,38220,52.41
"4323","stay on",3,38223,52.42
"4324","stick to",3,38226,52.42
"4325","stick with",3,38229,52.42
"4326","still do",3,38232,52.43
"4327","still here",3,38235,52.43
"4328","street i",3,38238,52.44
"4329","struggle to",3,38241,52.44
"4330","struggle with",3,38244,52.44
"4331","stuff that",3,38247,52.45
"4332","summer and",3,38250,52.45
"4333","support from",3,38253,52.46
"4334","support you",3,38256,52.46
"4335","sure it",3,38259,52.46
"4336","system that",3,38262,52.47
"4337","t afford",3,38265,52.47
"4338","t going",3,38268,52.48
"4339","t happen",3,38271,52.48
"4340","t help",3,38274,52.49
"4341","t i",3,38277,52.49
"4342","t mind",3,38280,52.49
"4343","t remember",3,38283,52.5
"4344","t stop",3,38286,52.5
"4345","t sure",3,38289,52.51
"4346","t they",3,38292,52.51
"4347","t too",3,38295,52.51
"4348","t worry",3,38298,52.52
"4349","taken from",3,38301,52.52
"4350","taken with",3,38304,52.53
"4351","taking a",3,38307,52.53
"4352","talk but",3,38310,52.53
"4353","team leader",3,38313,52.54
"4354","than any",3,38316,52.54
"4355","than anything",3,38319,52.55
"4356","than half",3,38322,52.55
"4357","than in",3,38325,52.56
"4358","than that",3,38328,52.56
"4359","than your",3,38331,52.56
"4360","thanks for",3,38334,52.57
"4361","that any",3,38337,52.57
"4362","that because",3,38340,52.58
"4363","that come",3,38343,52.58
"4364","that from",3,38346,52.58
"4365","that goes",3,38349,52.59
"4366","that maybe",3,38352,52.59
"4367","that now",3,38355,52.6
"4368","that of",3,38358,52.6
"4369","that once",3,38361,52.6
"4370","that or",3,38364,52.61
"4371","that our",3,38367,52.61
"4372","that question",3,38370,52.62
"4373","that since",3,38373,52.62
"4374","that some",3,38376,52.63
"4375","that their",3,38379,52.63
"4376","that us",3,38382,52.63
"4377","that which",3,38385,52.64
"4378","the actual",3,38388,52.64
"4379","the addition",3,38391,52.65
"4380","the afternoon",3,38394,52.65
"4381","the age",3,38397,52.65
"4382","the airport",3,38400,52.66
"4383","the album",3,38403,52.66
"4384","the also",3,38406,52.67
"4385","the amount",3,38409,52.67
"4386","the anti",3,38412,52.67
"4387","the area",3,38415,52.68
"4388","the background",3,38418,52.68
"4389","the bad",3,38421,52.69
"4390","the basic",3,38424,52.69
"4391","the bed",3,38427,52.7
"4392","the beer",3,38430,52.7
"4393","the beginning",3,38433,52.7
"4394","the benefit",3,38436,52.71
"4395","the better",3,38439,52.71
"4396","the blood",3,38442,52.72
"4397","the border",3,38445,52.72
"4398","the business",3,38448,52.72
"4399","the by",3,38451,52.73
"4400","the chance",3,38454,52.73
"4401","the child",3,38457,52.74
"4402","the collection",3,38460,52.74
"4403","the common",3,38463,52.74
"4404","the communication",3,38466,52.75
"4405","the community",3,38469,52.75
"4406","the concept",3,38472,52.76
"4407","the connection",3,38475,52.76
"4408","the conversation",3,38478,52.77
"4409","the cool",3,38481,52.77
"4410","the cross",3,38484,52.77
"4411","the daily",3,38487,52.78
"4412","the darkness",3,38490,52.78
"4413","the difference",3,38493,52.79
"4414","the dish",3,38496,52.79
"4415","the dust",3,38499,52.79
"4416","the east",3,38502,52.8
"4417","the effort",3,38505,52.8
"4418","the event",3,38508,52.81
"4419","the far",3,38511,52.81
"4420","the field",3,38514,52.81
"4421","the final",3,38517,52.82
"4422","the foreign",3,38520,52.82
"4423","the foundation",3,38523,52.83
"4424","the fourth",3,38526,52.83
"4425","the free",3,38529,52.84
"4426","the g",3,38532,52.84
"4427","the general",3,38535,52.84
"4428","the global",3,38538,52.85
"4429","the glory",3,38541,52.85
"4430","the goal",3,38544,52.86
"4431","the guy",3,38547,52.86
"4432","the help",3,38550,52.86
"4433","the highest",3,38553,52.87
"4434","the home",3,38556,52.87
"4435","the international",3,38559,52.88
"4436","the job",3,38562,52.88
"4437","the lady",3,38565,52.88
"4438","the language",3,38568,52.89
"4439","the large",3,38571,52.89
"4440","the latest",3,38574,52.9
"4441","the least",3,38577,52.9
"4442","the leaves",3,38580,52.91
"4443","the library",3,38583,52.91
"4444","the line",3,38586,52.91
"4445","the list",3,38589,52.92
"4446","the lower",3,38592,52.92
"4447","the making",3,38595,52.93
"4448","the mission",3,38598,52.93
"4449","the money",3,38601,52.93
"4450","the month",3,38604,52.94
"4451","the move",3,38607,52.94
"4452","the north",3,38610,52.95
"4453","the oil",3,38613,52.95
"4454","the opening",3,38616,52.95
"4455","the out",3,38619,52.96
"4456","the outside",3,38622,52.96
"4457","the passion",3,38625,52.97
"4458","the patient",3,38628,52.97
"4459","the pie",3,38631,52.98
"4460","the planet",3,38634,52.98
"4461","the post",3,38637,52.98
"4462","the power",3,38640,52.99
"4463","the present",3,38643,52.99
"4464","the pressure",3,38646,53
"4465","the primary",3,38649,53
"4466","the product",3,38652,53
"4467","the publisher",3,38655,53.01
"4468","the quality",3,38658,53.01
"4469","the rain",3,38661,53.02
"4470","the reader",3,38664,53.02
"4471","the reality",3,38667,53.02
"4472","the really",3,38670,53.03
"4473","the relationship",3,38673,53.03
"4474","the rich",3,38676,53.04
"4475","the river",3,38679,53.04
"4476","the sauce",3,38682,53.04
"4477","the scene",3,38685,53.05
"4478","the ship",3,38688,53.05
"4479","the shot",3,38691,53.06
"4480","the silence",3,38694,53.06
"4481","the son",3,38697,53.07
"4482","the soul",3,38700,53.07
"4483","the sound",3,38703,53.07
"4484","the st",3,38706,53.08
"4485","the store",3,38709,53.08
"4486","the street",3,38712,53.09
"4487","the streets",3,38715,53.09
"4488","the stuff",3,38718,53.09
"4489","the subject",3,38721,53.1
"4490","the support",3,38724,53.1
"4491","the term",3,38727,53.11
"4492","the there",3,38730,53.11
"4493","the thing",3,38733,53.11
"4494","the thought",3,38736,53.12
"4495","the times",3,38739,53.12
"4496","the traditional",3,38742,53.13
"4497","the un",3,38745,53.13
"4498","the value",3,38748,53.14
"4499","the village",3,38751,53.14
"4500","the war",3,38754,53.14
"4501","the was",3,38757,53.15
"4502","the wedding",3,38760,53.15
"4503","the went",3,38763,53.16
"4504","the which",3,38766,53.16
"4505","the wife",3,38769,53.16
"4506","the wonderful",3,38772,53.17
"4507","the x",3,38775,53.17
"4508","the you",3,38778,53.18
"4509","the young",3,38781,53.18
"4510","their for",3,38784,53.18
"4511","their of",3,38787,53.19
"4512","their way",3,38790,53.19
"4513","their were",3,38793,53.2
"4514","them down",3,38796,53.2
"4515","them is",3,38799,53.21
"4516","them it",3,38802,53.21
"4517","them on",3,38805,53.21
"4518","them that",3,38808,53.22
"4519","them they",3,38811,53.22
"4520","them up",3,38814,53.23
"4521","them with",3,38817,53.23
"4522","themselves but",3,38820,53.23
"4523","then a",3,38823,53.24
"4524","then got",3,38826,53.24
"4525","then he",3,38829,53.25
"4526","then in",3,38832,53.25
"4527","then it",3,38835,53.25
"4528","then just",3,38838,53.26
"4529","then to",3,38841,53.26
"4530","there in",3,38844,53.27
"4531","there t",3,38847,53.27
"4532","there with",3,38850,53.28
"4533","these and",3,38853,53.28
"4534","these but",3,38856,53.28
"4535","these had",3,38859,53.29
"4536","these i",3,38862,53.29
"4537","these two",3,38865,53.3
"4538","these will",3,38868,53.3
"4539","they all",3,38871,53.3
"4540","they come",3,38874,53.31
"4541","they d",3,38877,53.31
"4542","they do",3,38880,53.32
"4543","they just",3,38883,53.32
"4544","they know",3,38886,53.32
"4545","they start",3,38889,53.33
"4546","they think",3,38892,53.33
"4547","think he",3,38895,53.34
"4548","think we",3,38898,53.34
"4549","thinking i",3,38901,53.35
"4550","thinking of",3,38904,53.35
"4551","third person",3,38907,53.35
"4552","this all",3,38910,53.36
"4553","this article",3,38913,53.36
"4554","this as",3,38916,53.37
"4555","this because",3,38919,53.37
"4556","this case",3,38922,53.37
"4557","this little",3,38925,53.38
"4558","this man",3,38928,53.38
"4559","this method",3,38931,53.39
"4560","this particular",3,38934,53.39
"4561","this picture",3,38937,53.39
"4562","this question",3,38940,53.4
"4563","this really",3,38943,53.4
"4564","this set",3,38946,53.41
"4565","this simple",3,38949,53.41
"4566","this story",3,38952,53.42
"4567","this we",3,38955,53.42
"4568","this weekend",3,38958,53.42
"4569","those and",3,38961,53.43
"4570","those days",3,38964,53.43
"4571","those with",3,38967,53.44
"4572","though a",3,38970,53.44
"4573","though and",3,38973,53.44
"4574","though the",3,38976,53.45
"4575","thought it",3,38979,53.45
"4576","thought that",3,38982,53.46
"4577","thought the",3,38985,53.46
"4578","thought to",3,38988,53.46
"4579","three and",3,38991,53.47
"4580","three in",3,38994,53.47
"4581","through this",3,38997,53.48
"4582","through which",3,39000,53.48
"4583","time on",3,39003,53.49
"4584","time there",3,39006,53.49
"4585","times a",3,39009,53.49
"4586","times have",3,39012,53.5
"4587","to answer",3,39015,53.5
"4588","to break",3,39018,53.51
"4589","to call",3,39021,53.51
"4590","to carry",3,39024,53.51
"4591","to choose",3,39027,53.52
"4592","to continue",3,39030,53.52
"4593","to enter",3,39033,53.53
"4594","to feed",3,39036,53.53
"4595","to figure",3,39039,53.53
"4596","to finish",3,39042,53.54
"4597","to fully",3,39045,53.54
"4598","to herself",3,39048,53.55
"4599","to how",3,39051,53.55
"4600","to judge",3,39054,53.56
"4601","to learn",3,39057,53.56
"4602","to like",3,39060,53.56
"4603","to lose",3,39063,53.57
"4604","to manage",3,39066,53.57
"4605","to mind",3,39069,53.58
"4606","to on",3,39072,53.58
"4607","to open",3,39075,53.58
"4608","to ourselves",3,39078,53.59
"4609","to pass",3,39081,53.59
"4610","to practice",3,39084,53.6
"4611","to prevent",3,39087,53.6
"4612","to protect",3,39090,53.6
"4613","to prove",3,39093,53.61
"4614","to provide",3,39096,53.61
"4615","to re",3,39099,53.62
"4616","to reach",3,39102,53.62
"4617","to really",3,39105,53.63
"4618","to receive",3,39108,53.63
"4619","to remove",3,39111,53.63
"4620","to rest",3,39114,53.64
"4621","to seek",3,39117,53.64
"4622","to sell",3,39120,53.65
"4623","to serve",3,39123,53.65
"4624","to set",3,39126,53.65
"4625","to she",3,39129,53.66
"4626","to survive",3,39132,53.66
"4627","to test",3,39135,53.67
"4628","to thank",3,39138,53.67
"4629","to we",3,39141,53.67
"4630","to which",3,39144,53.68
"4631","to worry",3,39147,53.68
"4632","today in",3,39150,53.69
"4633","today we",3,39153,53.69
"4634","together a",3,39156,53.69
"4635","together and",3,39159,53.7
"4636","together but",3,39162,53.7
"4637","together by",3,39165,53.71
"4638","together with",3,39168,53.71
"4639","told by",3,39171,53.72
"4640","told him",3,39174,53.72
"4641","told the",3,39177,53.72
"4642","told them",3,39180,53.73
"4643","too busy",3,39183,53.73
"4644","too close",3,39186,53.74
"4645","too nice",3,39189,53.74
"4646","too the",3,39192,53.74
"4647","top and",3,39195,53.75
"4648","touch of",3,39198,53.75
"4649","towards the",3,39201,53.76
"4650","try and",3,39204,53.76
"4651","try not",3,39207,53.76
"4652","turn it",3,39210,53.77
"4653","turn out",3,39213,53.77
"4654","turn to",3,39216,53.78
"4655","turned around",3,39219,53.78
"4656","turned into",3,39222,53.79
"4657","two and",3,39225,53.79
"4658","two before",3,39228,53.79
"4659","two days",3,39231,53.8
"4660","two from",3,39234,53.8
"4661","two i",3,39237,53.81
"4662","unable to",3,39240,53.81
"4663","unfortunately the",3,39243,53.81
"4664","until he",3,39246,53.82
"4665","until it",3,39249,53.82
"4666","until now",3,39252,53.83
"4667","until you",3,39255,53.83
"4668","up an",3,39258,53.83
"4669","up at",3,39261,53.84
"4670","up but",3,39264,53.84
"4671","up from",3,39267,53.85
"4672","up is",3,39270,53.85
"4673","up of",3,39273,53.86
"4674","up that",3,39276,53.86
"4675","up this",3,39279,53.86
"4676","us as",3,39282,53.87
"4677","us but",3,39285,53.87
"4678","us for",3,39288,53.88
"4679","us he",3,39291,53.88
"4680","us it",3,39294,53.88
"4681","us the",3,39297,53.89
"4682","use my",3,39300,53.89
"4683","use to",3,39303,53.9
"4684","used for",3,39306,53.9
"4685","used it",3,39309,53.9
"4686","used the",3,39312,53.91
"4687","used them",3,39315,53.91
"4688","very difficult",3,39318,53.92
"4689","very few",3,39321,53.92
"4690","very first",3,39324,53.93
"4691","very important",3,39327,53.93
"4692","very nice",3,39330,53.93
"4693","very very",3,39333,53.94
"4694","visit the",3,39336,53.94
"4695","wait to",3,39339,53.95
"4696","want my",3,39342,53.95
"4697","was afraid",3,39345,53.95
"4698","was almost",3,39348,53.96
"4699","was clear",3,39351,53.96
"4700","was even",3,39354,53.97
"4701","was from",3,39357,53.97
"4702","was happy",3,39360,53.97
"4703","was made",3,39363,53.98
"4704","was nice",3,39366,53.98
"4705","was now",3,39369,53.99
"4706","was only",3,39372,53.99
"4707","was open",3,39375,54
"4708","was originally",3,39378,54
"4709","was quite",3,39381,54
"4710","was supposed",3,39384,54.01
"4711","was thinking",3,39387,54.01
"4712","was too",3,39390,54.02
"4713","was up",3,39393,54.02
"4714","was when",3,39396,54.02
"4715","watch and",3,39399,54.03
"4716","watching the",3,39402,54.03
"4717","water i",3,39405,54.04
"4718","water or",3,39408,54.04
"4719","water to",3,39411,54.04
"4720","way as",3,39414,54.05
"4721","way for",3,39417,54.05
"4722","way home",3,39420,54.06
"4723","way if",3,39423,54.06
"4724","way in",3,39426,54.07
"4725","way into",3,39429,54.07
"4726","way it",3,39432,54.07
"4727","way my",3,39435,54.08
"4728","way too",3,39438,54.08
"4729","way you",3,39441,54.09
"4730","ways i",3,39444,54.09
"4731","we at",3,39447,54.09
"4732","we become",3,39450,54.1
"4733","we believe",3,39453,54.1
"4734","we both",3,39456,54.11
"4735","we cannot",3,39459,54.11
"4736","we each",3,39462,54.11
"4737","we go",3,39465,54.12
"4738","we in",3,39468,54.12
"4739","we learned",3,39471,54.13
"4740","we like",3,39474,54.13
"4741","we to",3,39477,54.14
"4742","we took",3,39480,54.14
"4743","we use",3,39483,54.14
"4744","week for",3,39486,54.15
"4745","week in",3,39489,54.15
"4746","week of",3,39492,54.16
"4747","week so",3,39495,54.16
"4748","weekend i",3,39498,54.16
"4749","weight loss",3,39501,54.17
"4750","well done",3,39504,54.17
"4751","well on",3,39507,54.18
"4752","well to",3,39510,54.18
"4753","well with",3,39513,54.18
"4754","went with",3,39516,54.19
"4755","were an",3,39519,54.19
"4756","were at",3,39522,54.2
"4757","were born",3,39525,54.2
"4758","were busy",3,39528,54.21
"4759","were but",3,39531,54.21
"4760","were by",3,39534,54.21
"4761","were in",3,39537,54.22
"4762","were my",3,39540,54.22
"4763","were no",3,39543,54.23
"4764","were still",3,39546,54.23
"4765","were taken",3,39549,54.23
"4766","were with",3,39552,54.24
"4767","what did",3,39555,54.24
"4768","what sort",3,39558,54.25
"4769","what t",3,39561,54.25
"4770","what this",3,39564,54.25
"4771","what will",3,39567,54.26
"4772","when all",3,39570,54.26
"4773","when was",3,39573,54.27
"4774","where and",3,39576,54.27
"4775","where are",3,39579,54.28
"4776","which as",3,39582,54.28
"4777","which have",3,39585,54.28
"4778","which like",3,39588,54.29
"4779","which me",3,39591,54.29
"4780","which would",3,39594,54.3
"4781","which you",3,39597,54.3
"4782","while back",3,39600,54.3
"4783","while in",3,39603,54.31
"4784","while it",3,39606,54.31
"4785","while she",3,39609,54.32
"4786","while they",3,39612,54.32
"4787","who all",3,39615,54.32
"4788","who can",3,39618,54.33
"4789","who do",3,39621,54.33
"4790","who knew",3,39624,54.34
"4791","who ran",3,39627,54.34
"4792","whole menu",3,39630,54.34
"4793","why did",3,39633,54.35
"4794","why don",3,39636,54.35
"4795","why t",3,39639,54.36
"4796","wife and",3,39642,54.36
"4797","will love",3,39645,54.37
"4798","will need",3,39648,54.37
"4799","will remember",3,39651,54.37
"4800","will say",3,39654,54.38
"4801","window and",3,39657,54.38
"4802","winter is",3,39660,54.39
"4803","winter s",3,39663,54.39
"4804","with at",3,39666,54.39
"4805","with by",3,39669,54.4
"4806","with either",3,39672,54.4
"4807","with food",3,39675,54.41
"4808","with for",3,39678,54.41
"4809","with good",3,39681,54.41
"4810","with not",3,39684,54.42
"4811","with these",3,39687,54.42
"4812","with three",3,39690,54.43
"4813","with what",3,39693,54.43
"4814","with which",3,39696,54.44
"4815","woman as",3,39699,54.44
"4816","woman in",3,39702,54.44
"4817","won that",3,39705,54.45
"4818","wonder how",3,39708,54.45
"4819","wonder if",3,39711,54.46
"4820","wonderful the",3,39714,54.46
"4821","wonderful to",3,39717,54.46
"4822","word is",3,39720,54.47
"4823","word that",3,39723,54.47
"4824","work at",3,39726,54.48
"4825","work is",3,39729,54.48
"4826","work my",3,39732,54.48
"4827","work so",3,39735,54.49
"4828","working in",3,39738,54.49
"4829","world and",3,39741,54.5
"4830","world was",3,39744,54.5
"4831","worry about",3,39747,54.51
"4832","worth it",3,39750,54.51
"4833","worth the",3,39753,54.51
"4834","would just",3,39756,54.52
"4835","would probably",3,39759,54.52
"4836","would stop",3,39762,54.53
"4837","would you",3,39765,54.53
"4838","write a",3,39768,54.53
"4839","writing in",3,39771,54.54
"4840","x and",3,39774,54.54
"4841","year before",3,39777,54.55
"4842","year in",3,39780,54.55
"4843","year it",3,39783,54.55
"4844","yellow and",3,39786,54.56
"4845","yesterday i",3,39789,54.56
"4846","yet and",3,39792,54.57
"4847","yet to",3,39795,54.57
"4848","york times",3,39798,54.58
"4849","you also",3,39801,54.58
"4850","you as",3,39804,54.58
"4851","you believe",3,39807,54.59
"4852","you come",3,39810,54.59
"4853","you find",3,39813,54.6
"4854","you if",3,39816,54.6
"4855","you it",3,39819,54.6
"4856","you make",3,39822,54.61
"4857","you must",3,39825,54.61
"4858","you never",3,39828,54.62
"4859","you not",3,39831,54.62
"4860","you one",3,39834,54.62
"4861","you or",3,39837,54.63
"4862","you out",3,39840,54.63
"4863","you really",3,39843,54.64
"4864","you seen",3,39846,54.64
"4865","you something",3,39849,54.65
"4866","you talk",3,39852,54.65
"4867","your address",3,39855,54.65
"4868","your first",3,39858,54.66
"4869","your head",3,39861,54.66
"4870","your mind",3,39864,54.67
"4871","your this",3,39867,54.67
"4872","your way",3,39870,54.67
"4873","your weekend",3,39873,54.68
"4874","your wife",3,39876,54.68
"4875","a a",2,39878,54.69
"4876","a band",2,39880,54.69
"4877","a bear",2,39882,54.69
"4878","a bike",2,39884,54.69
"4879","a blend",2,39886,54.7
"4880","a career",2,39888,54.7
"4881","a celebration",2,39890,54.7
"4882","a century",2,39892,54.7
"4883","a classic",2,39894,54.71
"4884","a comfortable",2,39896,54.71
"4885","a constant",2,39898,54.71
"4886","a corner",2,39900,54.72
"4887","a cross",2,39902,54.72
"4888","a dark",2,39904,54.72
"4889","a deep",2,39906,54.72
"4890","a diet",2,39908,54.73
"4891","a difficult",2,39910,54.73
"4892","a drama",2,39912,54.73
"4893","a dress",2,39914,54.73
"4894","a family",2,39916,54.74
"4895","a far",2,39918,54.74
"4896","a feature",2,39920,54.74
"4897","a feeling",2,39922,54.75
"4898","a female",2,39924,54.75
"4899","a festival",2,39926,54.75
"4900","a fine",2,39928,54.75
"4901","a food",2,39930,54.76
"4902","a foot",2,39932,54.76
"4903","a four",2,39934,54.76
"4904","a friendly",2,39936,54.76
"4905","a funny",2,39938,54.77
"4906","a future",2,39940,54.77
"4907","a generation",2,39942,54.77
"4908","a giveaway",2,39944,54.78
"4909","a global",2,39946,54.78
"4910","a government",2,39948,54.78
"4911","a grown",2,39950,54.78
"4912","a hard",2,39952,54.79
"4913","a hold",2,39954,54.79
"4914","a hot",2,39956,54.79
"4915","a hour",2,39958,54.79
"4916","a house",2,39960,54.8
"4917","a job",2,39962,54.8
"4918","a key",2,39964,54.8
"4919","a kind",2,39966,54.81
"4920","a let",2,39968,54.81
"4921","a light",2,39970,54.81
"4922","a limited",2,39972,54.81
"4923","a link",2,39974,54.82
"4924","a lower",2,39976,54.82
"4925","a male",2,39978,54.82
"4926","a medical",2,39980,54.82
"4927","a mental",2,39982,54.83
"4928","a message",2,39984,54.83
"4929","a method",2,39986,54.83
"4930","a mixture",2,39988,54.84
"4931","a music",2,39990,54.84
"4932","a national",2,39992,54.84
"4933","a non",2,39994,54.84
"4934","a pan",2,39996,54.85
"4935","a parent",2,39998,54.85
"4936","a personal",2,40000,54.85
"4937","a picture",2,40002,54.86
"4938","a plant",2,40004,54.86
"4939","a pool",2,40006,54.86
"4940","a post",2,40008,54.86
"4941","a powerful",2,40010,54.87
"4942","a president",2,40012,54.87
"4943","a price",2,40014,54.87
"4944","a process",2,40016,54.87
"4945","a product",2,40018,54.88
"4946","a professor",2,40020,54.88
"4947","a promise",2,40022,54.88
"4948","a quality",2,40024,54.89
"4949","a quiet",2,40026,54.89
"4950","a rare",2,40028,54.89
"4951","a reason",2,40030,54.89
"4952","a red",2,40032,54.9
"4953","a regular",2,40034,54.9
"4954","a relationship",2,40036,54.9
"4955","a restaurant",2,40038,54.9
"4956","a return",2,40040,54.91
"4957","a ring",2,40042,54.91
"4958","a salad",2,40044,54.91
"4959","a school",2,40046,54.92
"4960","a self",2,40048,54.92
"4961","a senior",2,40050,54.92
"4962","a shop",2,40052,54.92
"4963","a similar",2,40054,54.93
"4964","a smile",2,40056,54.93
"4965","a so",2,40058,54.93
"4966","a solution",2,40060,54.93
"4967","a sound",2,40062,54.94
"4968","a stand",2,40064,54.94
"4969","a standard",2,40066,54.94
"4970","a star",2,40068,54.95
"4971","a state",2,40070,54.95
"4972","a statement",2,40072,54.95
"4973","a struggle",2,40074,54.95
"4974","a suffering",2,40076,54.96
"4975","a sweet",2,40078,54.96
"4976","a system",2,40080,54.96
"4977","a teacher",2,40082,54.96
"4978","a thin",2,40084,54.97
"4979","a third",2,40086,54.97
"4980","a thought",2,40088,54.97
"4981","a top",2,40090,54.98
"4982","a totally",2,40092,54.98
"4983","a training",2,40094,54.98
"4984","a treat",2,40096,54.98
"4985","a two",2,40098,54.99
"4986","a typical",2,40100,54.99
"4987","a video",2,40102,54.99
"4988","a village",2,40104,54.99
"4989","a vintage",2,40106,55
"4990","a voice",2,40108,55
"4991","a waiting",2,40110,55
"4992","a walk",2,40112,55.01
"4993","a which",2,40114,55.01
"4994","a wife",2,40116,55.01
"4995","a win",2,40118,55.01
"4996","about all",2,40120,55.02
"4997","about any",2,40122,55.02
"4998","about but",2,40124,55.02
"4999","about everything",2,40126,55.03
"5000","about four",2,40128,55.03
"5001","about half",2,40130,55.03
"5002","about here",2,40132,55.03
"5003","about his",2,40134,55.04
"5004","about of",2,40136,55.04
"5005","about one",2,40138,55.04
"5006","about other",2,40140,55.04
"5007","about people",2,40142,55.05
"5008","about personal",2,40144,55.05
"5009","about round",2,40146,55.05
"5010","about saying",2,40148,55.06
"5011","about some",2,40150,55.06
"5012","about such",2,40152,55.06
"5013","about those",2,40154,55.06
"5014","about two",2,40156,55.07
"5015","about whether",2,40158,55.07
"5016","about you",2,40160,55.07
"5017","above the",2,40162,55.07
"5018","accepted in",2,40164,55.08
"5019","accepted to",2,40166,55.08
"5020","across my",2,40168,55.08
"5021","across some",2,40170,55.09
"5022","act and",2,40172,55.09
"5023","act of",2,40174,55.09
"5024","actually got",2,40176,55.09
"5025","actually i",2,40178,55.1
"5026","actually it",2,40180,55.1
"5027","actually quite",2,40182,55.1
"5028","add a",2,40184,55.1
"5029","added some",2,40186,55.11
"5030","addition of",2,40188,55.11
"5031","address and",2,40190,55.11
"5032","address to",2,40192,55.12
"5033","admit that",2,40194,55.12
"5034","advertising and",2,40196,55.12
"5035","afraid of",2,40198,55.12
"5036","afraid to",2,40200,55.13
"5037","after about",2,40202,55.13
"5038","after and",2,40204,55.13
"5039","after another",2,40206,55.13
"5040","after him",2,40208,55.14
"5041","after his",2,40210,55.14
"5042","after it",2,40212,55.14
"5043","after our",2,40214,55.15
"5044","after school",2,40216,55.15
"5045","after so",2,40218,55.15
"5046","after we",2,40220,55.15
"5047","after what",2,40222,55.16
"5048","after which",2,40224,55.16
"5049","after you",2,40226,55.16
"5050","again but",2,40228,55.17
"5051","again for",2,40230,55.17
"5052","again she",2,40232,55.17
"5053","again so",2,40234,55.17
"5054","against my",2,40236,55.18
"5055","against our",2,40238,55.18
"5056","against those",2,40240,55.18
"5057","ago but",2,40242,55.18
"5058","agree with",2,40244,55.19
"5059","aid to",2,40246,55.19
"5060","air and",2,40248,55.19
"5061","airport and",2,40250,55.2
"5062","alcohol and",2,40252,55.2
"5063","all a",2,40254,55.2
"5064","all come",2,40256,55.2
"5065","all feel",2,40258,55.21
"5066","all good",2,40260,55.21
"5067","all it",2,40262,55.21
"5068","all may",2,40264,55.21
"5069","all new",2,40266,55.22
"5070","all on",2,40268,55.22
"5071","all right",2,40270,55.22
"5072","all seen",2,40272,55.23
"5073","all time",2,40274,55.23
"5074","all up",2,40276,55.23
"5075","all year",2,40278,55.23
"5076","all your",2,40280,55.24
"5077","almost a",2,40282,55.24
"5078","almost all",2,40284,55.24
"5079","almost always",2,40286,55.24
"5080","almost daily",2,40288,55.25
"5081","almost every",2,40290,55.25
"5082","almost no",2,40292,55.25
"5083","along and",2,40294,55.26
"5084","along it",2,40296,55.26
"5085","already had",2,40298,55.26
"5086","already have",2,40300,55.26
"5087","already i",2,40302,55.27
"5088","already is",2,40304,55.27
"5089","also come",2,40306,55.27
"5090","also for",2,40308,55.27
"5091","also i",2,40310,55.28
"5092","also know",2,40312,55.28
"5093","also me",2,40314,55.28
"5094","also mention",2,40316,55.29
"5095","also on",2,40318,55.29
"5096","also see",2,40320,55.29
"5097","also that",2,40322,55.29
"5098","also used",2,40324,55.3
"5099","although he",2,40326,55.3
"5100","although it",2,40328,55.3
"5101","although the",2,40330,55.3
"5102","always how",2,40332,55.31
"5103","always me",2,40334,55.31
"5104","always take",2,40336,55.31
"5105","always there",2,40338,55.32
"5106","am at",2,40340,55.32
"5107","am of",2,40342,55.32
"5108","am still",2,40344,55.32
"5109","am that",2,40346,55.33
"5110","am told",2,40348,55.33
"5111","am trying",2,40350,55.33
"5112","am with",2,40352,55.34
"5113","an adventure",2,40354,55.34
"5114","an airport",2,40356,55.34
"5115","an almost",2,40358,55.34
"5116","an alternative",2,40360,55.35
"5117","an ancient",2,40362,55.35
"5118","an angel",2,40364,55.35
"5119","an apartment",2,40366,55.35
"5120","an appropriate",2,40368,55.36
"5121","an area",2,40370,55.36
"5122","an awesome",2,40372,55.36
"5123","an e",2,40374,55.37
"5124","an early",2,40376,55.37
"5125","an easy",2,40378,55.37
"5126","an education",2,40380,55.37
"5127","an empty",2,40382,55.38
"5128","an ending",2,40384,55.38
"5129","an equally",2,40386,55.38
"5130","an excellent",2,40388,55.38
"5131","an inch",2,40390,55.39
"5132","an interview",2,40392,55.39
"5133","an issue",2,40394,55.39
"5134","an open",2,40396,55.4
"5135","an opinion",2,40398,55.4
"5136","an opportunity",2,40400,55.4
"5137","an post",2,40402,55.4
"5138","an unknown",2,40404,55.41
"5139","and absolutely",2,40406,55.41
"5140","and add",2,40408,55.41
"5141","and allow",2,40410,55.41
"5142","and although",2,40412,55.42
"5143","and anger",2,40414,55.42
"5144","and applied",2,40416,55.42
"5145","and available",2,40418,55.43
"5146","and become",2,40420,55.43
"5147","and been",2,40422,55.43
"5148","and being",2,40424,55.43
"5149","and better",2,40426,55.44
"5150","and between",2,40428,55.44
"5151","and bring",2,40430,55.44
"5152","and buy",2,40432,55.44
"5153","and c",2,40434,55.45
"5154","and carry",2,40436,55.45
"5155","and caught",2,40438,55.45
"5156","and chips",2,40440,55.46
"5157","and chocolate",2,40442,55.46
"5158","and cold",2,40444,55.46
"5159","and contemporary",2,40446,55.46
"5160","and control",2,40448,55.47
"5161","and create",2,40450,55.47
"5162","and delicious",2,40452,55.47
"5163","and discovered",2,40454,55.47
"5164","and done",2,40456,55.48
"5165","and down",2,40458,55.48
"5166","and dress",2,40460,55.48
"5167","and drink",2,40462,55.49
"5168","and drive",2,40464,55.49
"5169","and each",2,40466,55.49
"5170","and early",2,40468,55.49
"5171","and especially",2,40470,55.5
"5172","and exciting",2,40472,55.5
"5173","and face",2,40474,55.5
"5174","and fellow",2,40476,55.51
"5175","and female",2,40478,55.51
"5176","and fighting",2,40480,55.51
"5177","and financial",2,40482,55.51
"5178","and finding",2,40484,55.52
"5179","and flying",2,40486,55.52
"5180","and food",2,40488,55.52
"5181","and forced",2,40490,55.52
"5182","and given",2,40492,55.53
"5183","and giving",2,40494,55.53
"5184","and going",2,40496,55.53
"5185","and green",2,40498,55.54
"5186","and healthy",2,40500,55.54
"5187","and helpful",2,40502,55.54
"5188","and him",2,40504,55.54
"5189","and history",2,40506,55.55
"5190","and hurt",2,40508,55.55
"5191","and instead",2,40510,55.55
"5192","and j",2,40512,55.55
"5193","and know",2,40514,55.56
"5194","and later",2,40516,55.56
"5195","and lead",2,40518,55.56
"5196","and life",2,40520,55.57
"5197","and listening",2,40522,55.57
"5198","and little",2,40524,55.57
"5199","and live",2,40526,55.57
"5200","and look",2,40528,55.58
"5201","and loss",2,40530,55.58
"5202","and loving",2,40532,55.58
"5203","and low",2,40534,55.58
"5204","and lunch",2,40536,55.59
"5205","and may",2,40538,55.59
"5206","and music",2,40540,55.59
"5207","and must",2,40542,55.6
"5208","and myself",2,40544,55.6
"5209","and national",2,40546,55.6
"5210","and nose",2,40548,55.6
"5211","and offer",2,40550,55.61
"5212","and once",2,40552,55.61
"5213","and orange",2,40554,55.61
"5214","and possibly",2,40556,55.61
"5215","and powerful",2,40558,55.62
"5216","and present",2,40560,55.62
"5217","and probably",2,40562,55.62
"5218","and quickly",2,40564,55.63
"5219","and ran",2,40566,55.63
"5220","and raw",2,40568,55.63
"5221","and re",2,40570,55.63
"5222","and read",2,40572,55.64
"5223","and ready",2,40574,55.64
"5224","and realize",2,40576,55.64
"5225","and received",2,40578,55.64
"5226","and record",2,40580,55.65
"5227","and red",2,40582,55.65
"5228","and respect",2,40584,55.65
"5229","and salt",2,40586,55.66
"5230","and saving",2,40588,55.66
"5231","and school",2,40590,55.66
"5232","and sea",2,40592,55.66
"5233","and self",2,40594,55.67
"5234","and shall",2,40596,55.67
"5235","and should",2,40598,55.67
"5236","and silence",2,40600,55.68
"5237","and since",2,40602,55.68
"5238","and sleep",2,40604,55.68
"5239","and smart",2,40606,55.68
"5240","and smell",2,40608,55.69
"5241","and social",2,40610,55.69
"5242","and spread",2,40612,55.69
"5243","and step",2,40614,55.69
"5244","and stop",2,40616,55.7
"5245","and stopped",2,40618,55.7
"5246","and stopping",2,40620,55.7
"5247","and stress",2,40622,55.71
"5248","and such",2,40624,55.71
"5249","and suddenly",2,40626,55.71
"5250","and take",2,40628,55.71
"5251","and talk",2,40630,55.72
"5252","and than",2,40632,55.72
"5253","and these",2,40634,55.72
"5254","and think",2,40636,55.72
"5255","and thinking",2,40638,55.73
"5256","and tired",2,40640,55.73
"5257","and today",2,40642,55.73
"5258","and too",2,40644,55.74
"5259","and turning",2,40646,55.74
"5260","and used",2,40648,55.74
"5261","and want",2,40650,55.74
"5262","and watching",2,40652,55.75
"5263","and wearing",2,40654,55.75
"5264","and why",2,40656,55.75
"5265","and without",2,40658,55.75
"5266","and working",2,40660,55.76
"5267","and writing",2,40662,55.76
"5268","and year",2,40664,55.76
"5269","and yes",2,40666,55.77
"5270","another and",2,40668,55.77
"5271","another for",2,40670,55.77
"5272","another i",2,40672,55.77
"5273","another that",2,40674,55.78
"5274","another with",2,40676,55.78
"5275","any case",2,40678,55.78
"5276","any given",2,40680,55.78
"5277","any more",2,40682,55.79
"5278","any one",2,40684,55.79
"5279","any way",2,40686,55.79
"5280","anyone could",2,40688,55.8
"5281","anyone ever",2,40690,55.8
"5282","anyone other",2,40692,55.8
"5283","anyone to",2,40694,55.8
"5284","anyone with",2,40696,55.81
"5285","anything but",2,40698,55.81
"5286","anything else",2,40700,55.81
"5287","anything i",2,40702,55.82
"5288","anything in",2,40704,55.82
"5289","anything is",2,40706,55.82
"5290","anything like",2,40708,55.82
"5291","anything with",2,40710,55.83
"5292","anyway here",2,40712,55.83
"5293","anyway i",2,40714,55.83
"5294","anyway to",2,40716,55.83
"5295","apparently it",2,40718,55.84
"5296","apparently they",2,40720,55.84
"5297","approach the",2,40722,55.84
"5298","are able",2,40724,55.85
"5299","are about",2,40726,55.85
"5300","are based",2,40728,55.85
"5301","are better",2,40730,55.85
"5302","are both",2,40732,55.86
"5303","are coming",2,40734,55.86
"5304","are doing",2,40736,55.86
"5305","are easily",2,40738,55.86
"5306","are for",2,40740,55.87
"5307","are four",2,40742,55.87
"5308","are from",2,40744,55.87
"5309","are gone",2,40746,55.88
"5310","are good",2,40748,55.88
"5311","are great",2,40750,55.88
"5312","are his",2,40752,55.88
"5313","are i",2,40754,55.89
"5314","are interested",2,40756,55.89
"5315","are it",2,40758,55.89
"5316","are like",2,40760,55.89
"5317","are looking",2,40762,55.9
"5318","are most",2,40764,55.9
"5319","are no",2,40766,55.9
"5320","are often",2,40768,55.91
"5321","are only",2,40770,55.91
"5322","are other",2,40772,55.91
"5323","are part",2,40774,55.91
"5324","are paying",2,40776,55.92
"5325","are running",2,40778,55.92
"5326","are such",2,40780,55.92
"5327","are those",2,40782,55.92
"5328","are three",2,40784,55.93
"5329","are upset",2,40786,55.93
"5330","are wonderful",2,40788,55.93
"5331","are your",2,40790,55.94
"5332","area and",2,40792,55.94
"5333","area where",2,40794,55.94
"5334","area with",2,40796,55.94
"5335","around a",2,40798,55.95
"5336","around at",2,40800,55.95
"5337","around each",2,40802,55.95
"5338","around him",2,40804,55.95
"5339","around i",2,40806,55.96
"5340","around midnight",2,40808,55.96
"5341","around my",2,40810,55.96
"5342","around on",2,40812,55.97
"5343","around to",2,40814,55.97
"5344","around we",2,40816,55.97
"5345","around with",2,40818,55.97
"5346","arrive at",2,40820,55.98
"5347","art form",2,40822,55.98
"5348","art from",2,40824,55.98
"5349","article of",2,40826,55.99
"5350","article on",2,40828,55.99
"5351","artist with",2,40830,55.99
"5352","as always",2,40832,55.99
"5353","as are",2,40834,56
"5354","as bad",2,40836,56
"5355","as being",2,40838,56
"5356","as but",2,40840,56
"5357","as do",2,40842,56.01
"5358","as his",2,40844,56.01
"5359","as is",2,40846,56.01
"5360","as long",2,40848,56.02
"5361","as possible",2,40850,56.02
"5362","as that",2,40852,56.02
"5363","as their",2,40854,56.02
"5364","ask a",2,40856,56.03
"5365","ask her",2,40858,56.03
"5366","associated with",2,40860,56.03
"5367","at an",2,40862,56.03
"5368","at and",2,40864,56.04
"5369","at being",2,40866,56.04
"5370","at best",2,40868,56.04
"5371","at different",2,40870,56.05
"5372","at each",2,40872,56.05
"5373","at how",2,40874,56.05
"5374","at i",2,40876,56.05
"5375","at long",2,40878,56.06
"5376","at on",2,40880,56.06
"5377","at some",2,40882,56.06
"5378","at them",2,40884,56.06
"5379","at they",2,40886,56.07
"5380","at those",2,40888,56.07
"5381","at times",2,40890,56.07
"5382","at university",2,40892,56.08
"5383","at various",2,40894,56.08
"5384","at was",2,40896,56.08
"5385","author is",2,40898,56.08
"5386","authority to",2,40900,56.09
"5387","available and",2,40902,56.09
"5388","available at",2,40904,56.09
"5389","available from",2,40906,56.09
"5390","available in",2,40908,56.1
"5391","away he",2,40910,56.1
"5392","away in",2,40912,56.1
"5393","away this",2,40914,56.11
"5394","b c",2,40916,56.11
"5395","back a",2,40918,56.11
"5396","back but",2,40920,56.11
"5397","back home",2,40922,56.12
"5398","back if",2,40924,56.12
"5399","back over",2,40926,56.12
"5400","back the",2,40928,56.12
"5401","back through",2,40930,56.13
"5402","back we",2,40932,56.13
"5403","back with",2,40934,56.13
"5404","bad as",2,40936,56.14
"5405","bad at",2,40938,56.14
"5406","bad but",2,40940,56.14
"5407","bad for",2,40942,56.14
"5408","bad i",2,40944,56.15
"5409","bad of",2,40946,56.15
"5410","baking blend",2,40948,56.15
"5411","balance and",2,40950,56.16
"5412","band but",2,40952,56.16
"5413","band of",2,40954,56.16
"5414","be afraid",2,40956,56.16
"5415","be all",2,40958,56.17
"5416","be available",2,40960,56.17
"5417","be because",2,40962,56.17
"5418","be better",2,40964,56.17
"5419","be broken",2,40966,56.18
"5420","be change",2,40968,56.18
"5421","be checked",2,40970,56.18
"5422","be considered",2,40972,56.19
"5423","be doing",2,40974,56.19
"5424","be down",2,40976,56.19
"5425","be either",2,40978,56.19
"5426","be enough",2,40980,56.2
"5427","be featured",2,40982,56.2
"5428","be giving",2,40984,56.2
"5429","be going",2,40986,56.2
"5430","be his",2,40988,56.21
"5431","be i",2,40990,56.21
"5432","be interested",2,40992,56.21
"5433","be many",2,40994,56.22
"5434","be married",2,40996,56.22
"5435","be or",2,40998,56.22
"5436","be our",2,41000,56.22
"5437","be over",2,41002,56.23
"5438","be saved",2,41004,56.23
"5439","be something",2,41006,56.23
"5440","be than",2,41008,56.23
"5441","be there",2,41010,56.24
"5442","be they",2,41012,56.24
"5443","be this",2,41014,56.24
"5444","be through",2,41016,56.25
"5445","be trying",2,41018,56.25
"5446","be understood",2,41020,56.25
"5447","be up",2,41022,56.25
"5448","be worth",2,41024,56.26
"5449","be you",2,41026,56.26
"5450","beautiful and",2,41028,56.26
"5451","beautiful in",2,41030,56.26
"5452","beauty of",2,41032,56.27
"5453","beauty the",2,41034,56.27
"5454","because after",2,41036,56.27
"5455","because she",2,41038,56.28
"5456","because there",2,41040,56.28
"5457","because this",2,41042,56.28
"5458","because to",2,41044,56.28
"5459","because where",2,41046,56.29
"5460","become an",2,41048,56.29
"5461","becomes the",2,41050,56.29
"5462","becoming a",2,41052,56.29
"5463","bed at",2,41054,56.3
"5464","bed early",2,41056,56.3
"5465","bed in",2,41058,56.3
"5466","bed stand",2,41060,56.31
"5467","been applied",2,41062,56.31
"5468","been as",2,41064,56.31
"5469","been considering",2,41066,56.31
"5470","been featured",2,41068,56.32
"5471","been feeling",2,41070,56.32
"5472","been given",2,41072,56.32
"5473","been going",2,41074,56.33
"5474","been here",2,41076,56.33
"5475","been i",2,41078,56.33
"5476","been it",2,41080,56.33
"5477","been known",2,41082,56.34
"5478","been location",2,41084,56.34
"5479","been missing",2,41086,56.34
"5480","been on",2,41088,56.34
"5481","been one",2,41090,56.35
"5482","been out",2,41092,56.35
"5483","been pretty",2,41094,56.35
"5484","been quite",2,41096,56.36
"5485","been really",2,41098,56.36
"5486","been that",2,41100,56.36
"5487","been thinking",2,41102,56.36
"5488","been this",2,41104,56.37
"5489","been thrown",2,41106,56.37
"5490","been up",2,41108,56.37
"5491","been used",2,41110,56.37
"5492","been waiting",2,41112,56.38
"5493","been when",2,41114,56.38
"5494","beer a",2,41116,56.38
"5495","beer with",2,41118,56.39
"5496","before heading",2,41120,56.39
"5497","before him",2,41122,56.39
"5498","before so",2,41124,56.39
"5499","before taking",2,41126,56.4
"5500","before to",2,41128,56.4
"5501","begin to",2,41130,56.4
"5502","being almost",2,41132,56.4
"5503","being and",2,41134,56.41
"5504","being on",2,41136,56.41
"5505","being one",2,41138,56.41
"5506","being saved",2,41140,56.42
"5507","being the",2,41142,56.42
"5508","being there",2,41144,56.42
"5509","being to",2,41146,56.42
"5510","believe i",2,41148,56.43
"5511","believe it",2,41150,56.43
"5512","below are",2,41152,56.43
"5513","below the",2,41154,56.43
"5514","benefit from",2,41156,56.44
"5515","benefit of",2,41158,56.44
"5516","best of",2,41160,56.44
"5517","best option",2,41162,56.45
"5518","better about",2,41164,56.45
"5519","better i",2,41166,56.45
"5520","better now",2,41168,56.45
"5521","better off",2,41170,56.46
"5522","better part",2,41172,56.46
"5523","better to",2,41174,56.46
"5524","between s",2,41176,56.47
"5525","between those",2,41178,56.47
"5526","beyond the",2,41180,56.47
"5527","big and",2,41182,56.47
"5528","big apple",2,41184,56.48
"5529","big business",2,41186,56.48
"5530","big deal",2,41188,56.48
"5531","big p",2,41190,56.48
"5532","big surprise",2,41192,56.49
"5533","bike and",2,41194,56.49
"5534","birth plan",2,41196,56.49
"5535","birth you",2,41198,56.5
"5536","birthday hop",2,41200,56.5
"5537","birthday to",2,41202,56.5
"5538","bit concerned",2,41204,56.5
"5539","bit i",2,41206,56.51
"5540","bit though",2,41208,56.51
"5541","blessed in",2,41210,56.51
"5542","blue and",2,41212,56.51
"5543","blue dress",2,41214,56.52
"5544","boat for",2,41216,56.52
"5545","body is",2,41218,56.52
"5546","body was",2,41220,56.53
"5547","book he",2,41222,56.53
"5548","book in",2,41224,56.53
"5549","book to",2,41226,56.53
"5550","border where",2,41228,56.54
"5551","born there",2,41230,56.54
"5552","born to",2,41232,56.54
"5553","both because",2,41234,56.54
"5554","both been",2,41236,56.55
"5555","both the",2,41238,56.55
"5556","bottle of",2,41240,56.55
"5557","boy and",2,41242,56.56
"5558","bread and",2,41244,56.56
"5559","brewing in",2,41246,56.56
"5560","bright and",2,41248,56.56
"5561","bring a",2,41250,56.57
"5562","bring about",2,41252,56.57
"5563","bring myself",2,41254,56.57
"5564","broke the",2,41256,56.57
"5565","brother is",2,41258,56.58
"5566","brother machine",2,41260,56.58
"5567","brother who",2,41262,56.58
"5568","brought her",2,41264,56.59
"5569","build along",2,41266,56.59
"5570","build up",2,41268,56.59
"5571","building of",2,41270,56.59
"5572","built by",2,41272,56.6
"5573","built on",2,41274,56.6
"5574","business owner",2,41276,56.6
"5575","busy but",2,41278,56.6
"5576","busy with",2,41280,56.61
"5577","but any",2,41282,56.61
"5578","but are",2,41284,56.61
"5579","but both",2,41286,56.62
"5580","but do",2,41288,56.62
"5581","but fun",2,41290,56.62
"5582","but have",2,41292,56.62
"5583","but here",2,41294,56.63
"5584","but hey",2,41296,56.63
"5585","but his",2,41298,56.63
"5586","but instead",2,41300,56.64
"5587","but its",2,41302,56.64
"5588","but more",2,41304,56.64
"5589","but no",2,41306,56.64
"5590","but nothing",2,41308,56.65
"5591","but on",2,41310,56.65
"5592","but people",2,41312,56.65
"5593","but rather",2,41314,56.65
"5594","but sadly",2,41316,56.66
"5595","but said",2,41318,56.66
"5596","but somehow",2,41320,56.66
"5597","but sometimes",2,41322,56.67
"5598","but why",2,41324,56.67
"5599","but will",2,41326,56.67
"5600","but would",2,41328,56.67
"5601","but your",2,41330,56.68
"5602","buy the",2,41332,56.68
"5603","by both",2,41334,56.68
"5604","by evil",2,41336,56.68
"5605","by for",2,41338,56.69
"5606","by force",2,41340,56.69
"5607","by general",2,41342,56.69
"5608","by i",2,41344,56.7
"5609","by its",2,41346,56.7
"5610","by martin",2,41348,56.7
"5611","by on",2,41350,56.7
"5612","by p",2,41352,56.71
"5613","by re",2,41354,56.71
"5614","by saying",2,41356,56.71
"5615","by so",2,41358,56.71
"5616","by that",2,41360,56.72
"5617","by which",2,41362,56.72
"5618","by you",2,41364,56.72
"5619","c and",2,41366,56.73
"5620","c d",2,41368,56.73
"5621","c g",2,41370,56.73
"5622","c in",2,41372,56.73
"5623","cake instead",2,41374,56.74
"5624","cake is",2,41376,56.74
"5625","call him",2,41378,56.74
"5626","call me",2,41380,56.74
"5627","came a",2,41382,56.75
"5628","came and",2,41384,56.75
"5629","came back",2,41386,56.75
"5630","came in",2,41388,56.76
"5631","camera and",2,41390,56.76
"5632","campaign as",2,41392,56.76
"5633","campaign to",2,41394,56.76
"5634","can a",2,41396,56.77
"5635","can actually",2,41398,56.77
"5636","can all",2,41400,56.77
"5637","can already",2,41402,56.77
"5638","can and",2,41404,56.78
"5639","can apply",2,41406,56.78
"5640","can even",2,41408,56.78
"5641","can experience",2,41410,56.79
"5642","can figure",2,41412,56.79
"5643","can give",2,41414,56.79
"5644","can hear",2,41416,56.79
"5645","can help",2,41418,56.8
"5646","can imagine",2,41420,56.8
"5647","can in",2,41422,56.8
"5648","can put",2,41424,56.81
"5649","can still",2,41426,56.81
"5650","can work",2,41428,56.81
"5651","candy and",2,41430,56.81
"5652","capital city",2,41432,56.82
"5653","car during",2,41434,56.82
"5654","car i",2,41436,56.82
"5655","car t",2,41438,56.82
"5656","car to",2,41440,56.83
"5657","care insurance",2,41442,56.83
"5658","carried away",2,41444,56.83
"5659","carry around",2,41446,56.84
"5660","carry on",2,41448,56.84
"5661","case i",2,41450,56.84
"5662","cash value",2,41452,56.84
"5663","cat to",2,41454,56.85
"5664","cause of",2,41456,56.85
"5665","celebration of",2,41458,56.85
"5666","certain that",2,41460,56.85
"5667","certain there",2,41462,56.86
"5668","challenge i",2,41464,56.86
"5669","challenge is",2,41466,56.86
"5670","challenge to",2,41468,56.87
"5671","challenge you",2,41470,56.87
"5672","change but",2,41472,56.87
"5673","change i",2,41474,56.87
"5674","change in",2,41476,56.88
"5675","change you",2,41478,56.88
"5676","character i",2,41480,56.88
"5677","character with",2,41482,56.88
"5678","charge of",2,41484,56.89
"5679","chicken and",2,41486,56.89
"5680","chicken in",2,41488,56.89
"5681","child and",2,41490,56.9
"5682","child is",2,41492,56.9
"5683","child like",2,41494,56.9
"5684","chocolate ice",2,41496,56.9
"5685","choice by",2,41498,56.91
"5686","choose from",2,41500,56.91
"5687","choose your",2,41502,56.91
"5688","chose a",2,41504,56.91
"5689","chose the",2,41506,56.92
"5690","city might",2,41508,56.92
"5691","city of",2,41510,56.92
"5692","city where",2,41512,56.93
"5693","clean all",2,41514,56.93
"5694","cleaning the",2,41516,56.93
"5695","click to",2,41518,56.93
"5696","close i",2,41520,56.94
"5697","closer to",2,41522,56.94
"5698","clothes are",2,41524,56.94
"5699","clothing and",2,41526,56.94
"5700","collection in",2,41528,56.95
"5701","collection of",2,41530,56.95
"5702","college riding",2,41532,56.95
"5703","combination of",2,41534,56.96
"5704","combined with",2,41536,56.96
"5705","come a",2,41538,56.96
"5706","come across",2,41540,56.96
"5707","come into",2,41542,56.97
"5708","come on",2,41544,56.97
"5709","come out",2,41546,56.97
"5710","come over",2,41548,56.98
"5711","come with",2,41550,56.98
"5712","comes after",2,41552,56.98
"5713","comes into",2,41554,56.98
"5714","comes on",2,41556,56.99
"5715","comfortable walking",2,41558,56.99
"5716","coming back",2,41560,56.99
"5717","coming down",2,41562,56.99
"5718","common good",2,41564,57
"5719","company but",2,41566,57
"5720","company the",2,41568,57
"5721","company with",2,41570,57.01
"5722","complete lack",2,41572,57.01
"5723","completely and",2,41574,57.01
"5724","computer and",2,41576,57.01
"5725","concerned about",2,41578,57.02
"5726","confidence the",2,41580,57.02
"5727","connected with",2,41582,57.02
"5728","connection between",2,41584,57.02
"5729","considered so",2,41586,57.03
"5730","contact with",2,41588,57.03
"5731","content is",2,41590,57.03
"5732","content with",2,41592,57.04
"5733","control and",2,41594,57.04
"5734","control just",2,41596,57.04
"5735","conversation or",2,41598,57.04
"5736","cool but",2,41600,57.05
"5737","cool down",2,41602,57.05
"5738","cool for",2,41604,57.05
"5739","cool to",2,41606,57.05
"5740","corner of",2,41608,57.06
"5741","correct that",2,41610,57.06
"5742","could also",2,41612,57.06
"5743","could i",2,41614,57.07
"5744","could just",2,41616,57.07
"5745","could keep",2,41618,57.07
"5746","could make",2,41620,57.07
"5747","could so",2,41622,57.08
"5748","could spend",2,41624,57.08
"5749","could they",2,41626,57.08
"5750","could to",2,41628,57.08
"5751","could use",2,41630,57.09
"5752","could you",2,41632,57.09
"5753","council the",2,41634,57.09
"5754","count to",2,41636,57.1
"5755","country from",2,41638,57.1
"5756","country i",2,41640,57.1
"5757","country to",2,41642,57.1
"5758","country was",2,41644,57.11
"5759","course my",2,41646,57.11
"5760","covered in",2,41648,57.11
"5761","crazy about",2,41650,57.12
"5762","crazy for",2,41652,57.12
"5763","crazy that",2,41654,57.12
"5764","cream is",2,41656,57.12
"5765","create a",2,41658,57.13
"5766","create one",2,41660,57.13
"5767","create their",2,41662,57.13
"5768","crew and",2,41664,57.13
"5769","cup a",2,41666,57.14
"5770","cup and",2,41668,57.14
"5771","currently in",2,41670,57.14
"5772","customer service",2,41672,57.15
"5773","cut back",2,41674,57.15
"5774","cut into",2,41676,57.15
"5775","cut out",2,41678,57.15
"5776","cut them",2,41680,57.16
"5777","cute i",2,41682,57.16
"5778","cute little",2,41684,57.16
"5779","d c",2,41686,57.16
"5780","d have",2,41688,57.17
"5781","d i",2,41690,57.17
"5782","d is",2,41692,57.17
"5783","d made",2,41694,57.18
"5784","d never",2,41696,57.18
"5785","d rather",2,41698,57.18
"5786","dad is",2,41700,57.18
"5787","dad t",2,41702,57.19
"5788","daily basis",2,41704,57.19
"5789","dance dance",2,41706,57.19
"5790","daughter a",2,41708,57.19
"5791","daughter of",2,41710,57.2
"5792","daughter who",2,41712,57.2
"5793","day a",2,41714,57.2
"5794","day as",2,41716,57.21
"5795","day at",2,41718,57.21
"5796","day each",2,41720,57.21
"5797","day every",2,41722,57.21
"5798","day four",2,41724,57.22
"5799","day other",2,41726,57.22
"5800","day s",2,41728,57.22
"5801","day so",2,41730,57.22
"5802","day this",2,41732,57.23
"5803","day with",2,41734,57.23
"5804","days are",2,41736,57.23
"5805","days from",2,41738,57.24
"5806","days have",2,41740,57.24
"5807","days in",2,41742,57.24
"5808","days of",2,41744,57.24
"5809","days to",2,41746,57.25
"5810","days until",2,41748,57.25
"5811","days where",2,41750,57.25
"5812","days with",2,41752,57.25
"5813","decide to",2,41754,57.26
"5814","decided we",2,41756,57.26
"5815","decision i",2,41758,57.26
"5816","delicious and",2,41760,57.27
"5817","demand that",2,41762,57.27
"5818","department of",2,41764,57.27
"5819","describe the",2,41766,57.27
"5820","designed by",2,41768,57.28
"5821","desk to",2,41770,57.28
"5822","despite my",2,41772,57.28
"5823","detail the",2,41774,57.29
"5824","determined to",2,41776,57.29
"5825","did because",2,41778,57.29
"5826","did get",2,41780,57.29
"5827","did go",2,41782,57.3
"5828","did like",2,41784,57.3
"5829","did my",2,41786,57.3
"5830","did that",2,41788,57.3
"5831","did they",2,41790,57.31
"5832","difference between",2,41792,57.31
"5833","difference is",2,41794,57.31
"5834","different before",2,41796,57.32
"5835","different but",2,41798,57.32
"5836","different he",2,41800,57.32
"5837","difficult for",2,41802,57.32
"5838","difficult time",2,41804,57.33
"5839","dinner and",2,41806,57.33
"5840","dinner at",2,41808,57.33
"5841","dinner that",2,41810,57.33
"5842","dinner the",2,41812,57.34
"5843","directly from",2,41814,57.34
"5844","directly i",2,41816,57.34
"5845","discovered that",2,41818,57.35
"5846","dish and",2,41820,57.35
"5847","display in",2,41822,57.35
"5848","do and",2,41824,57.35
"5849","do anything",2,41826,57.36
"5850","do as",2,41828,57.36
"5851","do be",2,41830,57.36
"5852","do is",2,41832,57.36
"5853","do no",2,41834,57.37
"5854","do or",2,41836,57.37
"5855","do them",2,41838,57.37
"5856","do well",2,41840,57.38
"5857","do what",2,41842,57.38
"5858","doctor who",2,41844,57.38
"5859","does he",2,41846,57.38
"5860","does it",2,41848,57.39
"5861","dog for",2,41850,57.39
"5862","dog is",2,41852,57.39
"5863","doing and",2,41854,57.39
"5864","doing there",2,41856,57.4
"5865","done and",2,41858,57.4
"5866","done but",2,41860,57.4
"5867","done in",2,41862,57.41
"5868","done on",2,41864,57.41
"5869","done that",2,41866,57.41
"5870","done to",2,41868,57.41
"5871","door company",2,41870,57.42
"5872","door the",2,41872,57.42
"5873","down i",2,41874,57.42
"5874","down my",2,41876,57.42
"5875","down you",2,41878,57.43
"5876","drama of",2,41880,57.43
"5877","draw the",2,41882,57.43
"5878","drawing and",2,41884,57.44
"5879","dream of",2,41886,57.44
"5880","dress that",2,41888,57.44
"5881","dress to",2,41890,57.44
"5882","dress up",2,41892,57.45
"5883","drink a",2,41894,57.45
"5884","drink and",2,41896,57.45
"5885","driver s",2,41898,57.46
"5886","driving and",2,41900,57.46
"5887","drop by",2,41902,57.46
"5888","drop in",2,41904,57.46
"5889","drove up",2,41906,57.47
"5890","e g",2,41908,57.47
"5891","each one",2,41910,57.47
"5892","each time",2,41912,57.47
"5893","each week",2,41914,57.48
"5894","early may",2,41916,57.48
"5895","early morning",2,41918,57.48
"5896","earth s",2,41920,57.49
"5897","easier to",2,41922,57.49
"5898","easily i",2,41924,57.49
"5899","eat before",2,41926,57.49
"5900","eat for",2,41928,57.5
"5901","eating and",2,41930,57.5
"5902","economy and",2,41932,57.5
"5903","edition of",2,41934,57.5
"5904","education or",2,41936,57.51
"5905","effects and",2,41938,57.51
"5906","either i",2,41940,57.51
"5907","either instead",2,41942,57.52
"5908","either of",2,41944,57.52
"5909","either way",2,41946,57.52
"5910","else in",2,41948,57.52
"5911","empty and",2,41950,57.53
"5912","end the",2,41952,57.53
"5913","end to",2,41954,57.53
"5914","end with",2,41956,57.53
"5915","enjoy a",2,41958,57.54
"5916","enjoy this",2,41960,57.54
"5917","enough and",2,41962,57.54
"5918","enough i",2,41964,57.55
"5919","enough of",2,41966,57.55
"5920","enough that",2,41968,57.55
"5921","enough water",2,41970,57.55
"5922","ensure they",2,41972,57.56
"5923","environment i",2,41974,57.56
"5924","especially those",2,41976,57.56
"5925","even come",2,41978,57.56
"5926","even know",2,41980,57.57
"5927","even made",2,41982,57.57
"5928","even now",2,41984,57.57
"5929","even on",2,41986,57.58
"5930","even to",2,41988,57.58
"5931","even today",2,41990,57.58
"5932","eventually ended",2,41992,57.58
"5933","eventually the",2,41994,57.59
"5934","ever find",2,41996,57.59
"5935","ever was",2,41998,57.59
"5936","every night",2,42000,57.59
"5937","every now",2,42002,57.6
"5938","every one",2,42004,57.6
"5939","everyone around",2,42006,57.6
"5940","everyone is",2,42008,57.61
"5941","everyone just",2,42010,57.61
"5942","everything and",2,42012,57.61
"5943","everything but",2,42014,57.61
"5944","everything to",2,42016,57.62
"5945","everything we",2,42018,57.62
"5946","evidence to",2,42020,57.62
"5947","exactly is",2,42022,57.63
"5948","exactly what",2,42024,57.63
"5949","example i",2,42026,57.63
"5950","except for",2,42028,57.63
"5951","excited and",2,42030,57.64
"5952","excited to",2,42032,57.64
"5953","expect to",2,42034,57.64
"5954","experience been",2,42036,57.64
"5955","experience for",2,42038,57.65
"5956","experience so",2,42040,57.65
"5957","experience that",2,42042,57.65
"5958","eye i",2,42044,57.66
"5959","eye on",2,42046,57.66
"5960","f word",2,42048,57.66
"5961","face and",2,42050,57.66
"5962","face it",2,42052,57.67
"5963","face the",2,42054,57.67
"5964","faced the",2,42056,57.67
"5965","fall into",2,42058,57.67
"5966","fall leaves",2,42060,57.68
"5967","familiar to",2,42062,57.68
"5968","family room",2,42064,57.68
"5969","family s",2,42066,57.69
"5970","family to",2,42068,57.69
"5971","fan of",2,42070,57.69
"5972","far as",2,42072,57.69
"5973","far it",2,42074,57.7
"5974","fashion i",2,42076,57.7
"5975","fast forward",2,42078,57.7
"5976","faster than",2,42080,57.7
"5977","father but",2,42082,57.71
"5978","favorite of",2,42084,57.71
"5979","feed on",2,42086,57.71
"5980","feel and",2,42088,57.72
"5981","feel bad",2,42090,57.72
"5982","feel good",2,42092,57.72
"5983","feel great",2,42094,57.72
"5984","feel it",2,42096,57.73
"5985","feel more",2,42098,57.73
"5986","feeling and",2,42100,57.73
"5987","feeling her",2,42102,57.73
"5988","feeling i",2,42104,57.74
"5989","feeling like",2,42106,57.74
"5990","feeling my",2,42108,57.74
"5991","feeling of",2,42110,57.75
"5992","feeling when",2,42112,57.75
"5993","fell at",2,42114,57.75
"5994","felt i",2,42116,57.75
"5995","few back",2,42118,57.76
"5996","few more",2,42120,57.76
"5997","few my",2,42122,57.76
"5998","few other",2,42124,57.77
"5999","few this",2,42126,57.77
"6000","few times",2,42128,57.77
"6001","few we",2,42130,57.77
"6002","figured it",2,42132,57.78
"6003","fill in",2,42134,57.78
"6004","film itself",2,42136,57.78
"6005","film with",2,42138,57.78
"6006","finally got",2,42140,57.79
"6007","finally made",2,42142,57.79
"6008","financial information",2,42144,57.79
"6009","find any",2,42146,57.8
"6010","find ways",2,42148,57.8
"6011","finding out",2,42150,57.8
"6012","finish my",2,42152,57.8
"6013","finish the",2,42154,57.81
"6014","finished the",2,42156,57.81
"6015","firm in",2,42158,57.81
"6016","first book",2,42160,57.81
"6017","first day",2,42162,57.82
"6018","first i",2,42164,57.82
"6019","first if",2,42166,57.82
"6020","first it",2,42168,57.83
"6021","first let",2,42170,57.83
"6022","first novel",2,42172,57.83
"6023","first of",2,42174,57.83
"6024","first person",2,42176,57.84
"6025","first picture",2,42178,57.84
"6026","first post",2,42180,57.84
"6027","first that",2,42182,57.84
"6028","fish and",2,42184,57.85
"6029","five and",2,42186,57.85
"6030","five the",2,42188,57.85
"6031","flavor and",2,42190,57.86
"6032","floor in",2,42192,57.86
"6033","focus on",2,42194,57.86
"6034","food production",2,42196,57.86
"6035","food shopping",2,42198,57.87
"6036","food so",2,42200,57.87
"6037","food then",2,42202,57.87
"6038","food was",2,42204,57.87
"6039","food we",2,42206,57.88
"6040","foot to",2,42208,57.88
"6041","for any",2,42210,57.88
"6042","for before",2,42212,57.89
"6043","for coffee",2,42214,57.89
"6044","for even",2,42216,57.89
"6045","for four",2,42218,57.89
"6046","for from",2,42220,57.9
"6047","for fun",2,42222,57.9
"6048","for future",2,42224,57.9
"6049","for good",2,42226,57.9
"6050","for himself",2,42228,57.91
"6051","for if",2,42230,57.91
"6052","for just",2,42232,57.91
"6053","for life",2,42234,57.92
"6054","for little",2,42236,57.92
"6055","for money",2,42238,57.92
"6056","for new",2,42240,57.92
"6057","for on",2,42242,57.93
"6058","for once",2,42244,57.93
"6059","for ourselves",2,42246,57.93
"6060","for quite",2,42248,57.94
"6061","for school",2,42250,57.94
"6062","for speaking",2,42252,57.94
"6063","for support",2,42254,57.94
"6064","for sure",2,42256,57.95
"6065","for taking",2,42258,57.95
"6066","for themselves",2,42260,57.95
"6067","for there",2,42262,57.95
"6068","for up",2,42264,57.96
"6069","for we",2,42266,57.96
"6070","for who",2,42268,57.96
"6071","for whose",2,42270,57.97
"6072","for work",2,42272,57.97
"6073","force and",2,42274,57.97
"6074","force that",2,42276,57.97
"6075","foreign policy",2,42278,57.98
"6076","forever and",2,42280,57.98
"6077","forever grateful",2,42282,57.98
"6078","forget our",2,42284,57.98
"6079","forget to",2,42286,57.99
"6080","form for",2,42288,57.99
"6081","found and",2,42290,57.99
"6082","found most",2,42292,58
"6083","found on",2,42294,58
"6084","found the",2,42296,58
"6085","found within",2,42298,58
"6086","four was",2,42300,58.01
"6087","four who",2,42302,58.01
"6088","frank s",2,42304,58.01
"6089","free but",2,42306,58.01
"6090","free for",2,42308,58.02
"6091","friend a",2,42310,58.02
"6092","friend and",2,42312,58.02
"6093","friend of",2,42314,58.03
"6094","friend was",2,42316,58.03
"6095","friendly with",2,42318,58.03
"6096","from all",2,42320,58.03
"6097","from another",2,42322,58.04
"6098","from around",2,42324,58.04
"6099","from being",2,42326,58.04
"6100","from creative",2,42328,58.04
"6101","from dark",2,42330,58.05
"6102","from growing",2,42332,58.05
"6103","from here",2,42334,58.05
"6104","from high",2,42336,58.06
"6105","from him",2,42338,58.06
"6106","from now",2,42340,58.06
"6107","from old",2,42342,58.06
"6108","from other",2,42344,58.07
"6109","from time",2,42346,58.07
"6110","from today",2,42348,58.07
"6111","from within",2,42350,58.07
"6112","from work",2,42352,58.08
"6113","front to",2,42354,58.08
"6114","fruit juice",2,42356,58.08
"6115","full moon",2,42358,58.09
"6116","fun of",2,42360,58.09
"6117","fun weekend",2,42362,58.09
"6118","further the",2,42364,58.09
"6119","future husband",2,42366,58.1
"6120","future is",2,42368,58.1
"6121","game show",2,42370,58.1
"6122","game the",2,42372,58.11
"6123","gave my",2,42374,58.11
"6124","get and",2,42376,58.11
"6125","get another",2,42378,58.11
"6126","get by",2,42380,58.12
"6127","get done",2,42382,58.12
"6128","get for",2,42384,58.12
"6129","get from",2,42386,58.12
"6130","get home",2,42388,58.13
"6131","get into",2,42390,58.13
"6132","get lost",2,42392,58.13
"6133","get on",2,42394,58.14
"6134","get that",2,42396,58.14
"6135","get their",2,42398,58.14
"6136","get them",2,42400,58.14
"6137","get they",2,42402,58.15
"6138","get us",2,42404,58.15
"6139","getting it",2,42406,58.15
"6140","getting rid",2,42408,58.15
"6141","getting something",2,42410,58.16
"6142","gift for",2,42412,58.16
"6143","girl in",2,42414,58.16
"6144","girl who",2,42416,58.17
"6145","girl with",2,42418,58.17
"6146","give away",2,42420,58.17
"6147","give it",2,42422,58.17
"6148","give them",2,42424,58.18
"6149","given a",2,42426,58.18
"6150","given that",2,42428,58.18
"6151","giving away",2,42430,58.18
"6152","giving it",2,42432,58.19
"6153","giving the",2,42434,58.19
"6154","glad that",2,42436,58.19
"6155","glass and",2,42438,58.2
"6156","glass to",2,42440,58.2
"6157","glory of",2,42442,58.2
"6158","go at",2,42444,58.2
"6159","go but",2,42446,58.21
"6160","go check",2,42448,58.21
"6161","go for",2,42450,58.21
"6162","go see",2,42452,58.21
"6163","go up",2,42454,58.22
"6164","go wrong",2,42456,58.22
"6165","go you",2,42458,58.22
"6166","goes along",2,42460,58.23
"6167","goes into",2,42462,58.23
"6168","going back",2,42464,58.23
"6169","good about",2,42466,58.23
"6170","good all",2,42468,58.24
"6171","good because",2,42470,58.24
"6172","good day",2,42472,58.24
"6173","good he",2,42474,58.24
"6174","good in",2,42476,58.25
"6175","good men",2,42478,58.25
"6176","good my",2,42480,58.25
"6177","good society",2,42482,58.26
"6178","good time",2,42484,58.26
"6179","good week",2,42486,58.26
"6180","good with",2,42488,58.26
"6181","got home",2,42490,58.27
"6182","got it",2,42492,58.27
"6183","got my",2,42494,58.27
"6184","got off",2,42496,58.28
"6185","got there",2,42498,58.28
"6186","gotten to",2,42500,58.28
"6187","government and",2,42502,58.28
"6188","government in",2,42504,58.29
"6189","government is",2,42506,58.29
"6190","government s",2,42508,58.29
"6191","grand national",2,42510,58.29
"6192","grandmother s",2,42512,58.3
"6193","grateful for",2,42514,58.3
"6194","great many",2,42516,58.3
"6195","great pleasure",2,42518,58.31
"6196","great thing",2,42520,58.31
"6197","great time",2,42522,58.31
"6198","great way",2,42524,58.31
"6199","ground and",2,42526,58.32
"6200","ground pepper",2,42528,58.32
"6201","ground that",2,42530,58.32
"6202","group to",2,42532,58.32
"6203","grown up",2,42534,58.33
"6204","guess but",2,42536,58.33
"6205","guess what",2,42538,58.33
"6206","guest house",2,42540,58.34
"6207","guy i",2,42542,58.34
"6208","ha ha",2,42544,58.34
"6209","had already",2,42546,58.34
"6210","had decided",2,42548,58.35
"6211","had five",2,42550,58.35
"6212","had found",2,42552,58.35
"6213","had from",2,42554,58.35
"6214","had good",2,42556,58.36
"6215","had her",2,42558,58.36
"6216","had i",2,42560,58.36
"6217","had long",2,42562,58.37
"6218","had never",2,42564,58.37
"6219","had on",2,42566,58.37
"6220","had one",2,42568,58.37
"6221","had some",2,42570,58.38
"6222","had taken",2,42572,58.38
"6223","had that",2,42574,58.38
"6224","half an",2,42576,58.38
"6225","half to",2,42578,58.39
"6226","hand in",2,42580,58.39
"6227","hand she",2,42582,58.39
"6228","hand with",2,42584,58.4
"6229","hand you",2,42586,58.4
"6230","handle it",2,42588,58.4
"6231","happening it",2,42590,58.4
"6232","happy and",2,42592,58.41
"6233","happy for",2,42594,58.41
"6234","happy or",2,42596,58.41
"6235","hard i",2,42598,58.42
"6236","hard they",2,42600,58.42
"6237","hate relationship",2,42602,58.42
"6238","have another",2,42604,58.42
"6239","have anything",2,42606,58.43
"6240","have as",2,42608,58.43
"6241","have become",2,42610,58.43
"6242","have brought",2,42612,58.43
"6243","have decided",2,42614,58.44
"6244","have found",2,42616,58.44
"6245","have his",2,42618,58.44
"6246","have just",2,42620,58.45
"6247","have little",2,42622,58.45
"6248","have lived",2,42624,58.45
"6249","have much",2,42626,58.45
"6250","have now",2,42628,58.46
"6251","have or",2,42630,58.46
"6252","have our",2,42632,58.46
"6253","have recently",2,42634,58.46
"6254","have so",2,42636,58.47
"6255","have them",2,42638,58.47
"6256","have time",2,42640,58.47
"6257","have with",2,42642,58.48
"6258","have worked",2,42644,58.48
"6259","he after",2,42646,58.48
"6260","he also",2,42648,58.48
"6261","he as",2,42650,58.49
"6262","he came",2,42652,58.49
"6263","he cannot",2,42654,58.49
"6264","he certainly",2,42656,58.49
"6265","he continued",2,42658,58.5
"6266","he ever",2,42660,58.5
"6267","he for",2,42662,58.5
"6268","he from",2,42664,58.51
"6269","he got",2,42666,58.51
"6270","he leaves",2,42668,58.51
"6271","he me",2,42670,58.51
"6272","he more",2,42672,58.52
"6273","he must",2,42674,58.52
"6274","he of",2,42676,58.52
"6275","he on",2,42678,58.52
"6276","he put",2,42680,58.53
"6277","he still",2,42682,58.53
"6278","he then",2,42684,58.53
"6279","he tried",2,42686,58.54
"6280","he up",2,42688,58.54
"6281","he us",2,42690,58.54
"6282","he went",2,42692,58.54
"6283","he would",2,42694,58.55
"6284","he wrote",2,42696,58.55
"6285","he you",2,42698,58.55
"6286","head as",2,42700,58.55
"6287","head in",2,42702,58.56
"6288","head no",2,42704,58.56
"6289","head of",2,42706,58.56
"6290","health care",2,42708,58.57
"6291","healthy i",2,42710,58.57
"6292","hear it",2,42712,58.57
"6293","hear me",2,42714,58.57
"6294","heart was",2,42716,58.58
"6295","heart with",2,42718,58.58
"6296","hearts and",2,42720,58.58
"6297","heat add",2,42722,58.59
"6298","heavy make",2,42724,58.59
"6299","help i",2,42726,58.59
"6300","help of",2,42728,58.59
"6301","help out",2,42730,58.6
"6302","help the",2,42732,58.6
"6303","help with",2,42734,58.6
"6304","helping me",2,42736,58.6
"6305","helping them",2,42738,58.61
"6306","her daughter",2,42740,58.61
"6307","her eye",2,42742,58.61
"6308","her friend",2,42744,58.62
"6309","her her",2,42746,58.62
"6310","her i",2,42748,58.62
"6311","her if",2,42750,58.62
"6312","her is",2,42752,58.63
"6313","her mother",2,42754,58.63
"6314","her other",2,42756,58.63
"6315","her out",2,42758,58.63
"6316","her reading",2,42760,58.64
"6317","her really",2,42762,58.64
"6318","her sister",2,42764,58.64
"6319","her so",2,42766,58.65
"6320","her there",2,42768,58.65
"6321","her voice",2,42770,58.65
"6322","her was",2,42772,58.65
"6323","her we",2,42774,58.66
"6324","her when",2,42776,58.66
"6325","her yes",2,42778,58.66
"6326","here a",2,42780,58.66
"6327","here as",2,42782,58.67
"6328","here at",2,42784,58.67
"6329","here but",2,42786,58.67
"6330","here that",2,42788,58.68
"6331","here then",2,42790,58.68
"6332","hero and",2,42792,58.68
"6333","herself in",2,42794,58.68
"6334","herself that",2,42796,58.69
"6335","hide my",2,42798,58.69
"6336","high end",2,42800,58.69
"6337","him at",2,42802,58.69
"6338","him from",2,42804,58.7
"6339","him his",2,42806,58.7
"6340","him is",2,42808,58.7
"6341","him later",2,42810,58.71
"6342","him or",2,42812,58.71
"6343","him out",2,42814,58.71
"6344","him t",2,42816,58.71
"6345","him this",2,42818,58.72
"6346","him too",2,42820,58.72
"6347","him up",2,42822,58.72
"6348","him was",2,42824,58.72
"6349","him we",2,42826,58.73
"6350","him when",2,42828,58.73
"6351","himself as",2,42830,58.73
"6352","his best",2,42832,58.74
"6353","his book",2,42834,58.74
"6354","his but",2,42836,58.74
"6355","his eye",2,42838,58.74
"6356","his ground",2,42840,58.75
"6357","his heart",2,42842,58.75
"6358","his home",2,42844,58.75
"6359","his is",2,42846,58.76
"6360","his job",2,42848,58.76
"6361","his left",2,42850,58.76
"6362","his major",2,42852,58.76
"6363","his most",2,42854,58.77
"6364","his reaction",2,42856,58.77
"6365","his spiritual",2,42858,58.77
"6366","hold to",2,42860,58.77
"6367","hold up",2,42862,58.78
"6368","holy and",2,42864,58.78
"6369","home a",2,42866,58.78
"6370","home by",2,42868,58.79
"6371","home in",2,42870,58.79
"6372","home of",2,42872,58.79
"6373","home on",2,42874,58.79
"6374","home should",2,42876,58.8
"6375","home that",2,42878,58.8
"6376","home the",2,42880,58.8
"6377","home this",2,42882,58.8
"6378","home with",2,42884,58.81
"6379","home you",2,42886,58.81
"6380","honest and",2,42888,58.81
"6381","honest i",2,42890,58.82
"6382","honest with",2,42892,58.82
"6383","honestly i",2,42894,58.82
"6384","honey i",2,42896,58.82
"6385","honor and",2,42898,58.83
"6386","honor i",2,42900,58.83
"6387","honor the",2,42902,58.83
"6388","hope and",2,42904,58.83
"6389","hope for",2,42906,58.84
"6390","hope i",2,42908,58.84
"6391","hope we",2,42910,58.84
"6392","hospital staff",2,42912,58.85
"6393","hot and",2,42914,58.85
"6394","hot sauce",2,42916,58.85
"6395","hour and",2,42918,58.85
"6396","house a",2,42920,58.86
"6397","house it",2,42922,58.86
"6398","how are",2,42924,58.86
"6399","how fun",2,42926,58.86
"6400","how good",2,42928,58.87
"6401","how have",2,42930,58.87
"6402","how he",2,42932,58.87
"6403","how important",2,42934,58.88
"6404","how often",2,42936,58.88
"6405","how our",2,42938,58.88
"6406","how she",2,42940,58.88
"6407","how tall",2,42942,58.89
"6408","however a",2,42944,58.89
"6409","however they",2,42946,58.89
"6410","human this",2,42948,58.89
"6411","hurt so",2,42950,58.9
"6412","husband and",2,42952,58.9
"6413","husband in",2,42954,58.9
"6414","husband t",2,42956,58.91
"6415","husband that",2,42958,58.91
"6416","i about",2,42960,58.91
"6417","i absolutely",2,42962,58.91
"6418","i all",2,42964,58.92
"6419","i almost",2,42966,58.92
"6420","i brought",2,42968,58.92
"6421","i but",2,42970,58.93
"6422","i certainly",2,42972,58.93
"6423","i choose",2,42974,58.93
"6424","i continue",2,42976,58.93
"6425","i definitely",2,42978,58.94
"6426","i eat",2,42980,58.94
"6427","i eventually",2,42982,58.94
"6428","i finish",2,42984,58.94
"6429","i hear",2,42986,58.95
"6430","i into",2,42988,58.95
"6431","i leave",2,42990,58.95
"6432","i looking",2,42992,58.96
"6433","i lost",2,42994,58.96
"6434","i mention",2,42996,58.96
"6435","i met",2,42998,58.96
"6436","i more",2,43000,58.97
"6437","i often",2,43002,58.97
"6438","i open",2,43004,58.97
"6439","i place",2,43006,58.97
"6440","i plan",2,43008,58.98
"6441","i post",2,43010,58.98
"6442","i posted",2,43012,58.98
"6443","i posting",2,43014,58.99
"6444","i pray",2,43016,58.99
"6445","i prefer",2,43018,58.99
"6446","i quickly",2,43020,58.99
"6447","i ran",2,43022,59
"6448","i reach",2,43024,59
"6449","i send",2,43026,59
"6450","i set",2,43028,59
"6451","i suspect",2,43030,59.01
"6452","i that",2,43032,59.01
"6453","i understand",2,43034,59.01
"6454","i watched",2,43036,59.02
"6455","i woke",2,43038,59.02
"6456","i yet",2,43040,59.02
"6457","i you",2,43042,59.02
"6458","idea in",2,43044,59.03
"6459","idea is",2,43046,59.03
"6460","idea why",2,43048,59.03
"6461","if anything",2,43050,59.03
"6462","if not",2,43052,59.04
"6463","if possible",2,43054,59.04
"6464","if someone",2,43056,59.04
"6465","if these",2,43058,59.05
"6466","ignore the",2,43060,59.05
"6467","image and",2,43062,59.05
"6468","imagine how",2,43064,59.05
"6469","imagine s",2,43066,59.06
"6470","immediately and",2,43068,59.06
"6471","important and",2,43070,59.06
"6472","important but",2,43072,59.07
"6473","important for",2,43074,59.07
"6474","important in",2,43076,59.07
"6475","important you",2,43078,59.07
"6476","in about",2,43080,59.08
"6477","in action",2,43082,59.08
"6478","in after",2,43084,59.08
"6479","in against",2,43086,59.08
"6480","in at",2,43088,59.09
"6481","in being",2,43090,59.09
"6482","in better",2,43092,59.09
"6483","in by",2,43094,59.1
"6484","in charge",2,43096,59.1
"6485","in control",2,43098,59.1
"6486","in d",2,43100,59.1
"6487","in darkness",2,43102,59.11
"6488","in depth",2,43104,59.11
"6489","in different",2,43106,59.11
"6490","in doing",2,43108,59.11
"6491","in during",2,43110,59.12
"6492","in early",2,43112,59.12
"6493","in either",2,43114,59.12
"6494","in evidence",2,43116,59.13
"6495","in finding",2,43118,59.13
"6496","in half",2,43120,59.13
"6497","in hand",2,43122,59.13
"6498","in honor",2,43124,59.14
"6499","in labor",2,43126,59.14
"6500","in learning",2,43128,59.14
"6501","in life",2,43130,59.14
"6502","in march",2,43132,59.15
"6503","in may",2,43134,59.15
"6504","in name",2,43136,59.15
"6505","in nearly",2,43138,59.16
"6506","in not",2,43140,59.16
"6507","in now",2,43142,59.16
"6508","in part",2,43144,59.16
"6509","in practice",2,43146,59.17
"6510","in public",2,43148,59.17
"6511","in question",2,43150,59.17
"6512","in she",2,43152,59.17
"6513","in small",2,43154,59.18
"6514","in social",2,43156,59.18
"6515","in them",2,43158,59.18
"6516","in those",2,43160,59.19
"6517","in three",2,43162,59.19
"6518","in times",2,43164,59.19
"6519","in too",2,43166,59.19
"6520","in total",2,43168,59.2
"6521","in town",2,43170,59.2
"6522","in true",2,43172,59.2
"6523","in ways",2,43174,59.2
"6524","in well",2,43176,59.21
"6525","in when",2,43178,59.21
"6526","in working",2,43180,59.21
"6527","in yet",2,43182,59.22
"6528","included the",2,43184,59.22
"6529","indeed be",2,43186,59.22
"6530","information in",2,43188,59.22
"6531","information to",2,43190,59.23
"6532","inside a",2,43192,59.23
"6533","inside to",2,43194,59.23
"6534","inspired me",2,43196,59.24
"6535","instead he",2,43198,59.24
"6536","instead i",2,43200,59.24
"6537","instead the",2,43202,59.24
"6538","insurance company",2,43204,59.25
"6539","interest of",2,43206,59.25
"6540","interview and",2,43208,59.25
"6541","interview in",2,43210,59.25
"6542","interview with",2,43212,59.26
"6543","into an",2,43214,59.26
"6544","into and",2,43216,59.26
"6545","into play",2,43218,59.27
"6546","into something",2,43220,59.27
"6547","is able",2,43222,59.27
"6548","is already",2,43224,59.27
"6549","is any",2,43226,59.28
"6550","is based",2,43228,59.28
"6551","is beautiful",2,43230,59.28
"6552","is before",2,43232,59.28
"6553","is clear",2,43234,59.29
"6554","is coming",2,43236,59.29
"6555","is considered",2,43238,59.29
"6556","is definitely",2,43240,59.3
"6557","is different",2,43242,59.3
"6558","is doing",2,43244,59.3
"6559","is driven",2,43246,59.3
"6560","is essential",2,43248,59.31
"6561","is even",2,43250,59.31
"6562","is extremely",2,43252,59.31
"6563","is fast",2,43254,59.31
"6564","is fine",2,43256,59.32
"6565","is fun",2,43258,59.32
"6566","is golden",2,43260,59.32
"6567","is great",2,43262,59.33
"6568","is greater",2,43264,59.33
"6569","is happening",2,43266,59.33
"6570","is hard",2,43268,59.33
"6571","is he",2,43270,59.34
"6572","is helping",2,43272,59.34
"6573","is highly",2,43274,59.34
"6574","is his",2,43276,59.34
"6575","is impossible",2,43278,59.35
"6576","is inside",2,43280,59.35
"6577","is interested",2,43282,59.35
"6578","is like",2,43284,59.36
"6579","is likely",2,43286,59.36
"6580","is me",2,43288,59.36
"6581","is meant",2,43290,59.36
"6582","is most",2,43292,59.37
"6583","is mostly",2,43294,59.37
"6584","is neither",2,43296,59.37
"6585","is old",2,43298,59.37
"6586","is out",2,43300,59.38
"6587","is over",2,43302,59.38
"6588","is quite",2,43304,59.38
"6589","is ready",2,43306,59.39
"6590","is somewhere",2,43308,59.39
"6591","is such",2,43310,59.39
"6592","is supposed",2,43312,59.39
"6593","is taking",2,43314,59.4
"6594","is than",2,43316,59.4
"6595","is their",2,43318,59.4
"6596","is then",2,43320,59.41
"6597","is this",2,43322,59.41
"6598","is up",2,43324,59.41
"6599","is watching",2,43326,59.41
"6600","is well",2,43328,59.42
"6601","is worth",2,43330,59.42
"6602","is you",2,43332,59.42
"6603","issue is",2,43334,59.42
"6604","issue that",2,43336,59.43
"6605","issue to",2,43338,59.43
"6606","it actually",2,43340,59.43
"6607","it along",2,43342,59.44
"6608","it already",2,43344,59.44
"6609","it always",2,43346,59.44
"6610","it apparently",2,43348,59.44
"6611","it around",2,43350,59.45
"6612","it away",2,43352,59.45
"6613","it back",2,43354,59.45
"6614","it become",2,43356,59.45
"6615","it came",2,43358,59.46
"6616","it d",2,43360,59.46
"6617","it does",2,43362,59.46
"6618","it enough",2,43364,59.47
"6619","it even",2,43366,59.47
"6620","it ever",2,43368,59.47
"6621","it felt",2,43370,59.47
"6622","it first",2,43372,59.48
"6623","it from",2,43374,59.48
"6624","it good",2,43376,59.48
"6625","it her",2,43378,59.48
"6626","it how",2,43380,59.49
"6627","it inspired",2,43382,59.49
"6628","it life",2,43384,59.49
"6629","it never",2,43386,59.5
"6630","it onto",2,43388,59.5
"6631","it possible",2,43390,59.5
"6632","it really",2,43392,59.5
"6633","it several",2,43394,59.51
"6634","it since",2,43396,59.51
"6635","it something",2,43398,59.51
"6636","it them",2,43400,59.51
"6637","it they",2,43402,59.52
"6638","it three",2,43404,59.52
"6639","it through",2,43406,59.52
"6640","it together",2,43408,59.53
"6641","it truly",2,43410,59.53
"6642","it used",2,43412,59.53
"6643","it well",2,43414,59.53
"6644","it what",2,43416,59.54
"6645","it within",2,43418,59.54
"6646","it yet",2,43420,59.54
"6647","its almost",2,43422,59.54
"6648","its head",2,43424,59.55
"6649","its own",2,43426,59.55
"6650","its way",2,43428,59.55
"6651","itself and",2,43430,59.56
"6652","itself but",2,43432,59.56
"6653","itself is",2,43434,59.56
"6654","itself was",2,43436,59.56
"6655","j for",2,43438,59.57
"6656","j j",2,43440,59.57
"6657","job and",2,43442,59.57
"6658","job i",2,43444,59.58
"6659","job of",2,43446,59.58
"6660","job would",2,43448,59.58
"6661","joe o",2,43450,59.58
"6662","journal and",2,43452,59.59
"6663","journal i",2,43454,59.59
"6664","journey and",2,43456,59.59
"6665","journey of",2,43458,59.59
"6666","journey through",2,43460,59.6
"6667","juice i",2,43462,59.6
"6668","juice or",2,43464,59.6
"6669","just after",2,43466,59.61
"6670","just around",2,43468,59.61
"6671","just been",2,43470,59.61
"6672","just before",2,43472,59.61
"6673","just came",2,43474,59.62
"6674","just did",2,43476,59.62
"6675","just enough",2,43478,59.62
"6676","just fine",2,43480,59.62
"6677","just gave",2,43482,59.63
"6678","just get",2,43484,59.63
"6679","just giving",2,43486,59.63
"6680","just him",2,43488,59.64
"6681","just how",2,43490,59.64
"6682","just i",2,43492,59.64
"6683","just into",2,43494,59.64
"6684","just it",2,43496,59.65
"6685","just know",2,43498,59.65
"6686","just look",2,43500,59.65
"6687","just make",2,43502,59.65
"6688","just my",2,43504,59.66
"6689","just so",2,43506,59.66
"6690","just something",2,43508,59.66
"6691","just told",2,43510,59.67
"6692","just too",2,43512,59.67
"6693","just took",2,43514,59.67
"6694","just want",2,43516,59.67
"6695","justice that",2,43518,59.68
"6696","keep a",2,43520,59.68
"6697","keep coming",2,43522,59.68
"6698","keep her",2,43524,59.68
"6699","keep his",2,43526,59.69
"6700","keep moving",2,43528,59.69
"6701","kept getting",2,43530,59.69
"6702","kept in",2,43532,59.7
"6703","kept the",2,43534,59.7
"6704","kept trying",2,43536,59.7
"6705","kick the",2,43538,59.7
"6706","kind that",2,43540,59.71
"6707","king and",2,43542,59.71
"6708","kitchen clean",2,43544,59.71
"6709","kitchen it",2,43546,59.72
"6710","knew and",2,43548,59.72
"6711","knew his",2,43550,59.72
"6712","knew it",2,43552,59.72
"6713","knew the",2,43554,59.73
"6714","know a",2,43556,59.73
"6715","know in",2,43558,59.73
"6716","know of",2,43560,59.73
"6717","know there",2,43562,59.74
"6718","know who",2,43564,59.74
"6719","know yet",2,43566,59.74
"6720","know your",2,43568,59.75
"6721","knowledge and",2,43570,59.75
"6722","knowledge is",2,43572,59.75
"6723","known for",2,43574,59.75
"6724","l and",2,43576,59.76
"6725","la y",2,43578,59.76
"6726","labour are",2,43580,59.76
"6727","lady he",2,43582,59.76
"6728","lady in",2,43584,59.77
"6729","lady who",2,43586,59.77
"6730","land of",2,43588,59.77
"6731","large bowl",2,43590,59.78
"6732","large of",2,43592,59.78
"6733","large to",2,43594,59.78
"6734","last book",2,43596,59.78
"6735","last but",2,43598,59.79
"6736","last month",2,43600,59.79
"6737","last or",2,43602,59.79
"6738","last summer",2,43604,59.79
"6739","last time",2,43606,59.8
"6740","last two",2,43608,59.8
"6741","last weekend",2,43610,59.8
"6742","late last",2,43612,59.81
"6743","late s",2,43614,59.81
"6744","lately i",2,43616,59.81
"6745","later an",2,43618,59.81
"6746","later as",2,43620,59.82
"6747","later but",2,43622,59.82
"6748","later he",2,43624,59.82
"6749","later on",2,43626,59.82
"6750","later she",2,43628,59.83
"6751","later than",2,43630,59.83
"6752","later that",2,43632,59.83
"6753","later we",2,43634,59.84
"6754","laugh and",2,43636,59.84
"6755","laughing at",2,43638,59.84
"6756","law for",2,43640,59.84
"6757","law to",2,43642,59.85
"6758","lead to",2,43644,59.85
"6759","learn a",2,43646,59.85
"6760","learned a",2,43648,59.85
"6761","learned about",2,43650,59.86
"6762","learned how",2,43652,59.86
"6763","learning from",2,43654,59.86
"6764","learning i",2,43656,59.87
"6765","learning that",2,43658,59.87
"6766","least he",2,43660,59.87
"6767","least six",2,43662,59.87
"6768","least the",2,43664,59.88
"6769","least they",2,43666,59.88
"6770","leave it",2,43668,59.88
"6771","leave the",2,43670,59.89
"6772","leave to",2,43672,59.89
"6773","leave you",2,43674,59.89
"6774","leaves or",2,43676,59.89
"6775","leaving my",2,43678,59.9
"6776","leaving the",2,43680,59.9
"6777","led to",2,43682,59.9
"6778","left after",2,43684,59.9
"6779","left arm",2,43686,59.91
"6780","left i",2,43688,59.91
"6781","left it",2,43690,59.91
"6782","left of",2,43692,59.92
"6783","left that",2,43694,59.92
"6784","left with",2,43696,59.92
"6785","left you",2,43698,59.92
"6786","leg is",2,43700,59.93
"6787","less of",2,43702,59.93
"6788","let us",2,43704,59.93
"6789","level and",2,43706,59.93
"6790","level we",2,43708,59.94
"6791","library and",2,43710,59.94
"6792","library for",2,43712,59.94
"6793","lie and",2,43714,59.95
"6794","lie in",2,43716,59.95
"6795","life all",2,43718,59.95
"6796","life by",2,43720,59.95
"6797","life had",2,43722,59.96
"6798","life he",2,43724,59.96
"6799","life if",2,43726,59.96
"6800","life insurance",2,43728,59.96
"6801","life it",2,43730,59.97
"6802","life not",2,43732,59.97
"6803","life of",2,43734,59.97
"6804","life on",2,43736,59.98
"6805","life s",2,43738,59.98
"6806","life the",2,43740,59.98
"6807","life there",2,43742,59.98
"6808","life to",2,43744,59.99
"6809","light and",2,43746,59.99
"6810","light in",2,43748,59.99
"6811","light is",2,43750,59.99
"6812","light that",2,43752,60
"6813","like an",2,43754,60
"6814","like every",2,43756,60
"6815","like how",2,43758,60.01
"6816","like other",2,43760,60.01
"6817","like our",2,43762,60.01
"6818","like she",2,43764,60.01
"6819","like so",2,43766,60.02
"6820","like when",2,43768,60.02
"6821","like with",2,43770,60.02
"6822","limited by",2,43772,60.02
"6823","limited in",2,43774,60.03
"6824","limited to",2,43776,60.03
"6825","line a",2,43778,60.03
"6826","line and",2,43780,60.04
"6827","line at",2,43782,60.04
"6828","line i",2,43784,60.04
"6829","line the",2,43786,60.04
"6830","links to",2,43788,60.05
"6831","literally i",2,43790,60.05
"6832","little and",2,43792,60.05
"6833","little boy",2,43794,60.06
"6834","little brother",2,43796,60.06
"6835","little faster",2,43798,60.06
"6836","little from",2,43800,60.06
"6837","little left",2,43802,60.07
"6838","little like",2,43804,60.07
"6839","little my",2,43806,60.07
"6840","little on",2,43808,60.07
"6841","little the",2,43810,60.08
"6842","little too",2,43812,60.08
"6843","little town",2,43814,60.08
"6844","little while",2,43816,60.09
"6845","live by",2,43818,60.09
"6846","live i",2,43820,60.09
"6847","live on",2,43822,60.09
"6848","live the",2,43824,60.1
"6849","lived in",2,43826,60.1
"6850","lived on",2,43828,60.1
"6851","living as",2,43830,60.1
"6852","living room",2,43832,60.11
"6853","local that",2,43834,60.11
"6854","location location",2,43836,60.11
"6855","location of",2,43838,60.12
"6856","long ago",2,43840,60.12
"6857","long but",2,43842,60.12
"6858","long forgotten",2,43844,60.12
"6859","long i",2,43846,60.13
"6860","long this",2,43848,60.13
"6861","long way",2,43850,60.13
"6862","longer have",2,43852,60.13
"6863","longer the",2,43854,60.14
"6864","look and",2,43856,60.14
"6865","look around",2,43858,60.14
"6866","look i",2,43860,60.15
"6867","look on",2,43862,60.15
"6868","look pretty",2,43864,60.15
"6869","look to",2,43866,60.15
"6870","looking after",2,43868,60.16
"6871","looking back",2,43870,60.16
"6872","loose and",2,43872,60.16
"6873","loss challenge",2,43874,60.16
"6874","loss to",2,43876,60.17
"6875","lost and",2,43878,60.17
"6876","lost in",2,43880,60.17
"6877","lost its",2,43882,60.18
"6878","lot about",2,43884,60.18
"6879","lot and",2,43886,60.18
"6880","lot less",2,43888,60.18
"6881","lot to",2,43890,60.19
"6882","love could",2,43892,60.19
"6883","love for",2,43894,60.19
"6884","love hate",2,43896,60.2
"6885","love how",2,43898,60.2
"6886","love in",2,43900,60.2
"6887","love life",2,43902,60.2
"6888","love struck",2,43904,60.21
"6889","love this",2,43906,60.21
"6890","love while",2,43908,60.21
"6891","loving father",2,43910,60.21
"6892","low and",2,43912,60.22
"6893","lower in",2,43914,60.22
"6894","lucky enough",2,43916,60.22
"6895","m all",2,43918,60.23
"6896","m also",2,43920,60.23
"6897","m always",2,43922,60.23
"6898","m certain",2,43924,60.23
"6899","m fairly",2,43926,60.24
"6900","m feeling",2,43928,60.24
"6901","m happy",2,43930,60.24
"6902","m no",2,43932,60.24
"6903","m rarely",2,43934,60.25
"6904","m so",2,43936,60.25
"6905","m starting",2,43938,60.25
"6906","m talking",2,43940,60.26
"6907","m tired",2,43942,60.26
"6908","m to",2,43944,60.26
"6909","m too",2,43946,60.26
"6910","m usually",2,43948,60.27
"6911","m writing",2,43950,60.27
"6912","made an",2,43952,60.27
"6913","made in",2,43954,60.27
"6914","made last",2,43956,60.28
"6915","made to",2,43958,60.28
"6916","made up",2,43960,60.28
"6917","made with",2,43962,60.29
"6918","magazine s",2,43964,60.29
"6919","main memory",2,43966,60.29
"6920","main of",2,43968,60.29
"6921","make as",2,43970,60.3
"6922","make her",2,43972,60.3
"6923","make him",2,43974,60.3
"6924","make life",2,43976,60.3
"6925","make some",2,43978,60.31
"6926","make to",2,43980,60.31
"6927","make what",2,43982,60.31
"6928","make you",2,43984,60.32
"6929","making his",2,43986,60.32
"6930","making it",2,43988,60.32
"6931","making of",2,43990,60.32
"6932","making that",2,43992,60.33
"6933","making them",2,43994,60.33
"6934","man down",2,43996,60.33
"6935","man with",2,43998,60.33
"6936","manage the",2,44000,60.34
"6937","management in",2,44002,60.34
"6938","many days",2,44004,60.34
"6939","many that",2,44006,60.35
"6940","many the",2,44008,60.35
"6941","many to",2,44010,60.35
"6942","many ways",2,44012,60.35
"6943","many were",2,44014,60.36
"6944","marketing from",2,44016,60.36
"6945","married to",2,44018,60.36
"6946","mary i",2,44020,60.37
"6947","mass produced",2,44022,60.37
"6948","master and",2,44024,60.37
"6949","material in",2,44026,60.37
"6950","may and",2,44028,60.38
"6951","may seem",2,44030,60.38
"6952","may th",2,44032,60.38
"6953","maybe it",2,44034,60.38
"6954","maybe one",2,44036,60.39
"6955","maybe the",2,44038,60.39
"6956","maybe you",2,44040,60.39
"6957","me again",2,44042,60.4
"6958","me also",2,44044,60.4
"6959","me around",2,44046,60.4
"6960","me because",2,44048,60.4
"6961","me before",2,44050,60.41
"6962","me being",2,44052,60.41
"6963","me by",2,44054,60.41
"6964","me crazy",2,44056,60.41
"6965","me eating",2,44058,60.42
"6966","me happy",2,44060,60.42
"6967","me he",2,44062,60.42
"6968","me how",2,44064,60.43
"6969","me hungry",2,44066,60.43
"6970","me into",2,44068,60.43
"6971","me laugh",2,44070,60.43
"6972","me more",2,44072,60.44
"6973","me oh",2,44074,60.44
"6974","me say",2,44076,60.44
"6975","me see",2,44078,60.44
"6976","me something",2,44080,60.45
"6977","me there",2,44082,60.45
"6978","me they",2,44084,60.45
"6979","me though",2,44086,60.46
"6980","me while",2,44088,60.46
"6981","me who",2,44090,60.46
"6982","me will",2,44092,60.46
"6983","meal was",2,44094,60.47
"6984","mean a",2,44096,60.47
"6985","meaning of",2,44098,60.47
"6986","meant that",2,44100,60.47
"6987","meat and",2,44102,60.48
"6988","media and",2,44104,60.48
"6989","media that",2,44106,60.48
"6990","meet the",2,44108,60.49
"6991","memory access",2,44110,60.49
"6992","men in",2,44112,60.49
"6993","men of",2,44114,60.49
"6994","men to",2,44116,60.5
"6995","men will",2,44118,60.5
"6996","mention that",2,44120,60.5
"6997","menu is",2,44122,60.5
"6998","merely a",2,44124,60.51
"6999","merely the",2,44126,60.51
"7000","mess the",2,44128,60.51
"7001","message is",2,44130,60.52
"7002","message it",2,44132,60.52
"7003","message on",2,44134,60.52
"7004","met with",2,44136,60.52
"7005","mid s",2,44138,60.53
"7006","might change",2,44140,60.53
"7007","military the",2,44142,60.53
"7008","milk and",2,44144,60.54
"7009","million of",2,44146,60.54
"7010","mind and",2,44148,60.54
"7011","mine so",2,44150,60.54
"7012","miss you",2,44152,60.55
"7013","missing the",2,44154,60.55
"7014","mix well",2,44156,60.55
"7015","mixed with",2,44158,60.55
"7016","mixture of",2,44160,60.56
"7017","moment this",2,44162,60.56
"7018","moment we",2,44164,60.56
"7019","money and",2,44166,60.57
"7020","money by",2,44168,60.57
"7021","money that",2,44170,60.57
"7022","month so",2,44172,60.57
"7023","month to",2,44174,60.58
"7024","more a",2,44176,60.58
"7025","more before",2,44178,60.58
"7026","more comfortable",2,44180,60.58
"7027","more could",2,44182,60.59
"7028","more difficult",2,44184,60.59
"7029","more fun",2,44186,60.59
"7030","more important",2,44188,60.6
"7031","more no",2,44190,60.6
"7032","more often",2,44192,60.6
"7033","more or",2,44194,60.6
"7034","more so",2,44196,60.61
"7035","more then",2,44198,60.61
"7036","more time",2,44200,60.61
"7037","more up",2,44202,60.61
"7038","more water",2,44204,60.62
"7039","more work",2,44206,60.62
"7040","morning before",2,44208,60.62
"7041","morning but",2,44210,60.63
"7042","morning the",2,44212,60.63
"7043","most amazing",2,44214,60.63
"7044","most challenge",2,44216,60.63
"7045","most days",2,44218,60.64
"7046","most part",2,44220,60.64
"7047","most people",2,44222,60.64
"7048","most precious",2,44224,60.64
"7049","most recent",2,44226,60.65
"7050","most recently",2,44228,60.65
"7051","most we",2,44230,60.65
"7052","most who",2,44232,60.66
"7053","mother a",2,44234,60.66
"7054","mother in",2,44236,60.66
"7055","mother who",2,44238,60.66
"7056","mountain to",2,44240,60.67
"7057","mouth and",2,44242,60.67
"7058","move and",2,44244,60.67
"7059","move forward",2,44246,60.67
"7060","move on",2,44248,60.68
"7061","move to",2,44250,60.68
"7062","moving forward",2,44252,60.68
"7063","much about",2,44254,60.69
"7064","much better",2,44256,60.69
"7065","much but",2,44258,60.69
"7066","much detail",2,44260,60.69
"7067","much energy",2,44262,60.7
"7068","much every",2,44264,60.7
"7069","much it",2,44266,60.7
"7070","much on",2,44268,60.71
"7071","much the",2,44270,60.71
"7072","much with",2,44272,60.71
"7073","music he",2,44274,60.71
"7074","music i",2,44276,60.72
"7075","music the",2,44278,60.72
"7076","must do",2,44280,60.72
"7077","must go",2,44282,60.72
"7078","must say",2,44284,60.73
"7079","must you",2,44286,60.73
"7080","my again",2,44288,60.73
"7081","my apartment",2,44290,60.74
"7082","my at",2,44292,60.74
"7083","my baby",2,44294,60.74
"7084","my back",2,44296,60.74
"7085","my base",2,44298,60.75
"7086","my before",2,44300,60.75
"7087","my book",2,44302,60.75
"7088","my breath",2,44304,60.75
"7089","my brother",2,44306,60.76
"7090","my came",2,44308,60.76
"7091","my camera",2,44310,60.76
"7092","my car",2,44312,60.77
"7093","my card",2,44314,60.77
"7094","my cat",2,44316,60.77
"7095","my chest",2,44318,60.77
"7096","my daily",2,44320,60.78
"7097","my done",2,44322,60.78
"7098","my final",2,44324,60.78
"7099","my grandmother",2,44326,60.78
"7100","my horse",2,44328,60.79
"7101","my hubby",2,44330,60.79
"7102","my light",2,44332,60.79
"7103","my little",2,44334,60.8
"7104","my lunch",2,44336,60.8
"7105","my meal",2,44338,60.8
"7106","my mother",2,44340,60.8
"7107","my name",2,44342,60.81
"7108","my novel",2,44344,60.81
"7109","my on",2,44346,60.81
"7110","my one",2,44348,60.81
"7111","my opinion",2,44350,60.82
"7112","my photo",2,44352,60.82
"7113","my picture",2,44354,60.82
"7114","my progress",2,44356,60.83
"7115","my relationship",2,44358,60.83
"7116","my ring",2,44360,60.83
"7117","my s",2,44362,60.83
"7118","my secret",2,44364,60.84
"7119","my situation",2,44366,60.84
"7120","my skin",2,44368,60.84
"7121","my spend",2,44370,60.85
"7122","my stuff",2,44372,60.85
"7123","my take",2,44374,60.85
"7124","my th",2,44376,60.85
"7125","my this",2,44378,60.86
"7126","my two",2,44380,60.86
"7127","my very",2,44382,60.86
"7128","my well",2,44384,60.86
"7129","my were",2,44386,60.87
"7130","myself for",2,44388,60.87
"7131","myself into",2,44390,60.87
"7132","name a",2,44392,60.88
"7133","name and",2,44394,60.88
"7134","nation and",2,44396,60.88
"7135","nation s",2,44398,60.88
"7136","nation that",2,44400,60.89
"7137","national security",2,44402,60.89
"7138","nature of",2,44404,60.89
"7139","nature so",2,44406,60.89
"7140","necessary to",2,44408,60.9
"7141","need bay",2,44410,60.9
"7142","need help",2,44412,60.9
"7143","need is",2,44414,60.91
"7144","need some",2,44416,60.91
"7145","need your",2,44418,60.91
"7146","needs no",2,44420,60.91
"7147","nervous and",2,44422,60.92
"7148","never did",2,44424,60.92
"7149","never get",2,44426,60.92
"7150","never had",2,44428,60.92
"7151","never out",2,44430,60.93
"7152","never really",2,44432,60.93
"7153","never thought",2,44434,60.93
"7154","never want",2,44436,60.94
"7155","new age",2,44438,60.94
"7156","new apartment",2,44440,60.94
"7157","new between",2,44442,60.94
"7158","new book",2,44444,60.95
"7159","new computer",2,44446,60.95
"7160","new government",2,44448,60.95
"7161","new in",2,44450,60.95
"7162","new journey",2,44452,60.96
"7163","new place",2,44454,60.96
"7164","new series",2,44456,60.96
"7165","new summer",2,44458,60.97
"7166","new will",2,44460,60.97
"7167","news and",2,44462,60.97
"7168","news editor",2,44464,60.97
"7169","news is",2,44466,60.98
"7170","next and",2,44468,60.98
"7171","next year",2,44470,60.98
"7172","night after",2,44472,60.98
"7173","night at",2,44474,60.99
"7174","night before",2,44476,60.99
"7175","night by",2,44478,60.99
"7176","night i",2,44480,61
"7177","night of",2,44482,61
"7178","night sky",2,44484,61
"7179","night the",2,44486,61
"7180","no different",2,44488,61.01
"7181","no further",2,44490,61.01
"7182","no heart",2,44492,61.01
"7183","no hope",2,44494,61.02
"7184","no in",2,44496,61.02
"7185","no it",2,44498,61.02
"7186","no less",2,44500,61.02
"7187","no right",2,44502,61.03
"7188","no surprise",2,44504,61.03
"7189","no that",2,44506,61.03
"7190","no the",2,44508,61.03
"7191","no to",2,44510,61.04
"7192","no use",2,44512,61.04
"7193","no with",2,44514,61.04
"7194","non with",2,44516,61.05
"7195","none that",2,44518,61.05
"7196","nor the",2,44520,61.05
"7197","north and",2,44522,61.05
"7198","not about",2,44524,61.06
"7199","not add",2,44526,61.06
"7200","not agree",2,44528,61.06
"7201","not alone",2,44530,61.06
"7202","not any",2,44532,61.07
"7203","not being",2,44534,61.07
"7204","not come",2,44536,61.07
"7205","not content",2,44538,61.08
"7206","not covered",2,44540,61.08
"7207","not do",2,44542,61.08
"7208","not everyone",2,44544,61.08
"7209","not find",2,44546,61.09
"7210","not good",2,44548,61.09
"7211","not he",2,44550,61.09
"7212","not holding",2,44552,61.09
"7213","not least",2,44554,61.1
"7214","not live",2,44556,61.1
"7215","not lived",2,44558,61.1
"7216","not look",2,44560,61.11
"7217","not much",2,44562,61.11
"7218","not over",2,44564,61.11
"7219","not particularly",2,44566,61.11
"7220","not perfect",2,44568,61.12
"7221","not quite",2,44570,61.12
"7222","not saying",2,44572,61.12
"7223","not see",2,44574,61.12
"7224","not such",2,44576,61.13
"7225","not tell",2,44578,61.13
"7226","not what",2,44580,61.13
"7227","not when",2,44582,61.14
"7228","noted that",2,44584,61.14
"7229","nothing but",2,44586,61.14
"7230","nothing i",2,44588,61.14
"7231","nothing more",2,44590,61.15
"7232","nothing of",2,44592,61.15
"7233","nothing was",2,44594,61.15
"7234","notice of",2,44596,61.15
"7235","notice that",2,44598,61.16
"7236","notice when",2,44600,61.16
"7237","novel well",2,44602,61.16
"7238","now as",2,44604,61.17
"7239","now become",2,44606,61.17
"7240","now if",2,44608,61.17
"7241","now is",2,44610,61.17
"7242","now know",2,44612,61.18
"7243","now so",2,44614,61.18
"7244","now t",2,44616,61.18
"7245","now to",2,44618,61.19
"7246","now with",2,44620,61.19
"7247","number about",2,44622,61.19
"7248","number is",2,44624,61.19
"7249","obvious that",2,44626,61.2
"7250","ocean and",2,44628,61.2
"7251","of according",2,44630,61.2
"7252","of against",2,44632,61.2
"7253","of another",2,44634,61.21
"7254","of art",2,44636,61.21
"7255","of balance",2,44638,61.21
"7256","of because",2,44640,61.22
"7257","of big",2,44642,61.22
"7258","of coffee",2,44644,61.22
"7259","of common",2,44646,61.22
"7260","of communication",2,44648,61.23
"7261","of control",2,44650,61.23
"7262","of days",2,44652,61.23
"7263","of do",2,44654,61.23
"7264","of doing",2,44656,61.24
"7265","of earth",2,44658,61.24
"7266","of eating",2,44660,61.24
"7267","of education",2,44662,61.25
"7268","of even",2,44664,61.25
"7269","of everything",2,44666,61.25
"7270","of evil",2,44668,61.25
"7271","of fresh",2,44670,61.26
"7272","of fruit",2,44672,61.26
"7273","of grand",2,44674,61.26
"7274","of grey",2,44676,61.26
"7275","of hard",2,44678,61.27
"7276","of hearts",2,44680,61.27
"7277","of honor",2,44682,61.27
"7278","of horror",2,44684,61.28
"7279","of humanity",2,44686,61.28
"7280","of hurt",2,44688,61.28
"7281","of if",2,44690,61.28
"7282","of journey",2,44692,61.29
"7283","of joy",2,44694,61.29
"7284","of justice",2,44696,61.29
"7285","of late",2,44698,61.29
"7286","of law",2,44700,61.3
"7287","of little",2,44702,61.3
"7288","of lost",2,44704,61.3
"7289","of made",2,44706,61.31
"7290","of magic",2,44708,61.31
"7291","of making",2,44710,61.31
"7292","of may",2,44712,61.31
"7293","of men",2,44714,61.32
"7294","of moral",2,44716,61.32
"7295","of o",2,44718,61.32
"7296","of paper",2,44720,61.32
"7297","of place",2,44722,61.33
"7298","of popular",2,44724,61.33
"7299","of ray",2,44726,61.33
"7300","of shall",2,44728,61.34
"7301","of she",2,44730,61.34
"7302","of society",2,44732,61.34
"7303","of stuff",2,44734,61.34
"7304","of style",2,44736,61.35
"7305","of talent",2,44738,61.35
"7306","of themselves",2,44740,61.35
"7307","of think",2,44742,61.36
"7308","of times",2,44744,61.36
"7309","of u",2,44746,61.36
"7310","of vintage",2,44748,61.36
"7311","of war",2,44750,61.37
"7312","of whatever",2,44752,61.37
"7313","of when",2,44754,61.37
"7314","of whom",2,44756,61.37
"7315","of will",2,44758,61.38
"7316","of working",2,44760,61.38
"7317","of writing",2,44762,61.38
"7318","of young",2,44764,61.39
"7319","off but",2,44766,61.39
"7320","off her",2,44768,61.39
"7321","off it",2,44770,61.39
"7322","off let",2,44772,61.4
"7323","off their",2,44774,61.4
"7324","off with",2,44776,61.4
"7325","offer a",2,44778,61.4
"7326","offer up",2,44780,61.41
"7327","office the",2,44782,61.41
"7328","official i",2,44784,61.41
"7329","often i",2,44786,61.42
"7330","often people",2,44788,61.42
"7331","oh but",2,44790,61.42
"7332","oh he",2,44792,61.42
"7333","oh how",2,44794,61.43
"7334","oh i",2,44796,61.43
"7335","oh well",2,44798,61.43
"7336","oil in",2,44800,61.43
"7337","old and",2,44802,61.44
"7338","old beer",2,44804,61.44
"7339","old i",2,44806,61.44
"7340","old lady",2,44808,61.45
"7341","old man",2,44810,61.45
"7342","old son",2,44812,61.45
"7343","old world",2,44814,61.45
"7344","older sister",2,44816,61.46
"7345","on an",2,44818,61.46
"7346","on another",2,44820,61.46
"7347","on any",2,44822,61.46
"7348","on at",2,44824,61.47
"7349","on day",2,44826,61.47
"7350","on display",2,44828,61.47
"7351","on each",2,44830,61.48
"7352","on from",2,44832,61.48
"7353","on him",2,44834,61.48
"7354","on is",2,44836,61.48
"7355","on last",2,44838,61.49
"7356","on line",2,44840,61.49
"7357","on more",2,44842,61.49
"7358","on night",2,44844,61.5
"7359","on not",2,44846,61.5
"7360","on notice",2,44848,61.5
"7361","on or",2,44850,61.5
"7362","on paper",2,44852,61.51
"7363","on stage",2,44854,61.51
"7364","on th",2,44856,61.51
"7365","on then",2,44858,61.51
"7366","on there",2,44860,61.52
"7367","on they",2,44862,61.52
"7368","on those",2,44864,61.52
"7369","on today",2,44866,61.53
"7370","on us",2,44868,61.53
"7371","on we",2,44870,61.53
"7372","on which",2,44872,61.53
"7373","on with",2,44874,61.54
"7374","once that",2,44876,61.54
"7375","one a",2,44878,61.54
"7376","one can",2,44880,61.54
"7377","one else",2,44882,61.55
"7378","one ever",2,44884,61.55
"7379","one her",2,44886,61.55
"7380","one it",2,44888,61.56
"7381","one my",2,44890,61.56
"7382","one person",2,44892,61.56
"7383","one small",2,44894,61.56
"7384","one this",2,44896,61.57
"7385","one time",2,44898,61.57
"7386","one wedding",2,44900,61.57
"7387","one will",2,44902,61.57
"7388","one wonder",2,44904,61.58
"7389","one year",2,44906,61.58
"7390","only after",2,44908,61.58
"7391","only at",2,44910,61.59
"7392","only by",2,44912,61.59
"7393","only can",2,44914,61.59
"7394","only do",2,44916,61.59
"7395","only dream",2,44918,61.6
"7396","only thing",2,44920,61.6
"7397","only those",2,44922,61.6
"7398","only use",2,44924,61.6
"7399","onto our",2,44926,61.61
"7400","open letter",2,44928,61.61
"7401","open the",2,44930,61.61
"7402","open we",2,44932,61.62
"7403","opening it",2,44934,61.62
"7404","opening of",2,44936,61.62
"7405","or been",2,44938,61.62
"7406","or both",2,44940,61.63
"7407","or else",2,44942,61.63
"7408","or financial",2,44944,61.63
"7409","or give",2,44946,61.63
"7410","or group",2,44948,61.64
"7411","or he",2,44950,61.64
"7412","or is",2,44952,61.64
"7413","or no",2,44954,61.65
"7414","or of",2,44956,61.65
"7415","or should",2,44958,61.65
"7416","or six",2,44960,61.65
"7417","or three",2,44962,61.66
"7418","or we",2,44964,61.66
"7419","or whatever",2,44966,61.66
"7420","or wind",2,44968,61.67
"7421","or without",2,44970,61.67
"7422","orange i",2,44972,61.67
"7423","ordered a",2,44974,61.67
"7424","original that",2,44976,61.68
"7425","other across",2,44978,61.68
"7426","other all",2,44980,61.68
"7427","other day",2,44982,61.68
"7428","other during",2,44984,61.69
"7429","other for",2,44986,61.69
"7430","other have",2,44988,61.69
"7431","other he",2,44990,61.7
"7432","other in",2,44992,61.7
"7433","other of",2,44994,61.7
"7434","other side",2,44996,61.7
"7435","other that",2,44998,61.71
"7436","other they",2,45000,61.71
"7437","other was",2,45002,61.71
"7438","other way",2,45004,61.71
"7439","our amazing",2,45006,61.72
"7440","our as",2,45008,61.72
"7441","our birthday",2,45010,61.72
"7442","our first",2,45012,61.73
"7443","our for",2,45014,61.73
"7444","our hearts",2,45016,61.73
"7445","our hero",2,45018,61.73
"7446","our home",2,45020,61.74
"7447","our is",2,45022,61.74
"7448","our kitchen",2,45024,61.74
"7449","our life",2,45026,61.74
"7450","our new",2,45028,61.75
"7451","our on",2,45030,61.75
"7452","our politics",2,45032,61.75
"7453","our top",2,45034,61.76
"7454","our when",2,45036,61.76
"7455","our which",2,45038,61.76
"7456","ourselves as",2,45040,61.76
"7457","ourselves to",2,45042,61.77
"7458","out an",2,45044,61.77
"7459","out as",2,45046,61.77
"7460","out at",2,45048,61.77
"7461","out but",2,45050,61.78
"7462","out doing",2,45052,61.78
"7463","out into",2,45054,61.78
"7464","out it",2,45056,61.79
"7465","out later",2,45058,61.79
"7466","out loud",2,45060,61.79
"7467","out their",2,45062,61.79
"7468","out too",2,45064,61.8
"7469","out was",2,45066,61.8
"7470","outside of",2,45068,61.8
"7471","over again",2,45070,61.8
"7472","over at",2,45072,61.81
"7473","over by",2,45074,61.81
"7474","over million",2,45076,61.81
"7475","over no",2,45078,61.82
"7476","over now",2,45080,61.82
"7477","over them",2,45082,61.82
"7478","over there",2,45084,61.82
"7479","over we",2,45086,61.83
"7480","overall the",2,45088,61.83
"7481","own experience",2,45090,61.83
"7482","p and",2,45092,61.84
"7483","p m",2,45094,61.84
"7484","p s",2,45096,61.84
"7485","page for",2,45098,61.84
"7486","paper and",2,45100,61.85
"7487","paper it",2,45102,61.85
"7488","paper that",2,45104,61.85
"7489","park corner",2,45106,61.85
"7490","park south",2,45108,61.86
"7491","part really",2,45110,61.86
"7492","participate in",2,45112,61.86
"7493","particular the",2,45114,61.87
"7494","particularly with",2,45116,61.87
"7495","pass through",2,45118,61.87
"7496","past year",2,45120,61.87
"7497","path i",2,45122,61.88
"7498","path of",2,45124,61.88
"7499","patient and",2,45126,61.88
"7500","pay off",2,45128,61.88
"7501","people a",2,45130,61.89
"7502","people all",2,45132,61.89
"7503","people as",2,45134,61.89
"7504","people but",2,45136,61.9
"7505","people get",2,45138,61.9
"7506","people have",2,45140,61.9
"7507","people i",2,45142,61.9
"7508","people not",2,45144,61.91
"7509","people that",2,45146,61.91
"7510","people want",2,45148,61.91
"7511","people with",2,45150,61.91
"7512","pepper to",2,45152,61.92
"7513","per person",2,45154,61.92
"7514","per week",2,45156,61.92
"7515","perfect summer",2,45158,61.93
"7516","perfectly in",2,45160,61.93
"7517","perfectly with",2,45162,61.93
"7518","perhaps it",2,45164,61.93
"7519","person everything",2,45166,61.94
"7520","person is",2,45168,61.94
"7521","person s",2,45170,61.94
"7522","person the",2,45172,61.94
"7523","phone to",2,45174,61.95
"7524","picked me",2,45176,61.95
"7525","picture i",2,45178,61.95
"7526","picture is",2,45180,61.96
"7527","pink and",2,45182,61.96
"7528","place but",2,45184,61.96
"7529","place for",2,45186,61.96
"7530","place now",2,45188,61.97
"7531","place that",2,45190,61.97
"7532","place was",2,45192,61.97
"7533","place with",2,45194,61.97
"7534","plan that",2,45196,61.98
"7535","play a",2,45198,61.98
"7536","play and",2,45200,61.98
"7537","play on",2,45202,61.99
"7538","play with",2,45204,61.99
"7539","player in",2,45206,61.99
"7540","please please",2,45208,61.99
"7541","plus i",2,45210,62
"7542","point a",2,45212,62
"7543","point i",2,45214,62
"7544","point is",2,45216,62.01
"7545","point that",2,45218,62.01
"7546","police for",2,45220,62.01
"7547","police force",2,45222,62.01
"7548","pool and",2,45224,62.02
"7549","poor little",2,45226,62.02
"7550","pop art",2,45228,62.02
"7551","popular music",2,45230,62.02
"7552","position i",2,45232,62.03
"7553","possible i",2,45234,62.03
"7554","possible in",2,45236,62.03
"7555","possible to",2,45238,62.04
"7556","possibly could",2,45240,62.04
"7557","post is",2,45242,62.04
"7558","post on",2,45244,62.04
"7559","post or",2,45246,62.05
"7560","posted by",2,45248,62.05
"7561","power and",2,45250,62.05
"7562","pray that",2,45252,62.05
"7563","president to",2,45254,62.06
"7564","pretty awesome",2,45256,62.06
"7565","pretty happy",2,45258,62.06
"7566","pretty straight",2,45260,62.07
"7567","pretty sure",2,45262,62.07
"7568","probably be",2,45264,62.07
"7569","probably but",2,45266,62.07
"7570","probably t",2,45268,62.08
"7571","problem but",2,45270,62.08
"7572","problem here",2,45272,62.08
"7573","product is",2,45274,62.08
"7574","professor of",2,45276,62.09
"7575","project this",2,45278,62.09
"7576","provide for",2,45280,62.09
"7577","pull up",2,45282,62.1
"7578","purpose for",2,45284,62.1
"7579","push to",2,45286,62.1
"7580","put in",2,45288,62.1
"7581","put out",2,45290,62.11
"7582","quality and",2,45292,62.11
"7583","quality of",2,45294,62.11
"7584","question in",2,45296,62.11
"7585","question to",2,45298,62.12
"7586","quick and",2,45300,62.12
"7587","race is",2,45302,62.12
"7588","ran away",2,45304,62.13
"7589","ran out",2,45306,62.13
"7590","ran over",2,45308,62.13
"7591","ran to",2,45310,62.13
"7592","rather like",2,45312,62.14
"7593","rather the",2,45314,62.14
"7594","raw and",2,45316,62.14
"7595","re enjoying",2,45318,62.15
"7596","re getting",2,45320,62.15
"7597","re in",2,45322,62.15
"7598","re learn",2,45324,62.15
"7599","re right",2,45326,62.16
"7600","re still",2,45328,62.16
"7601","re supposed",2,45330,62.16
"7602","re talking",2,45332,62.16
"7603","re telling",2,45334,62.17
"7604","re to",2,45336,62.17
"7605","read and",2,45338,62.17
"7606","read anything",2,45340,62.18
"7607","read every",2,45342,62.18
"7608","read more",2,45344,62.18
"7609","read on",2,45346,62.18
"7610","read them",2,45348,62.19
"7611","read what",2,45350,62.19
"7612","real and",2,45352,62.19
"7613","real he",2,45354,62.19
"7614","real question",2,45356,62.2
"7615","reality is",2,45358,62.2
"7616","really all",2,45360,62.2
"7617","really be",2,45362,62.21
"7618","really believe",2,45364,62.21
"7619","really busy",2,45366,62.21
"7620","really can",2,45368,62.21
"7621","really change",2,45370,62.22
"7622","really enjoy",2,45372,62.22
"7623","really excited",2,45374,62.22
"7624","really expensive",2,45376,62.22
"7625","really have",2,45378,62.23
"7626","really his",2,45380,62.23
"7627","really hope",2,45382,62.23
"7628","really late",2,45384,62.24
"7629","really look",2,45386,62.24
"7630","really mean",2,45388,62.24
"7631","really not",2,45390,62.24
"7632","really put",2,45392,62.25
"7633","really soon",2,45394,62.25
"7634","really sure",2,45396,62.25
"7635","really the",2,45398,62.25
"7636","really well",2,45400,62.26
"7637","reason that",2,45402,62.26
"7638","reason you",2,45404,62.26
"7639","received a",2,45406,62.27
"7640","received an",2,45408,62.27
"7641","recent cover",2,45410,62.27
"7642","recent of",2,45412,62.27
"7643","recently that",2,45414,62.28
"7644","recipe i",2,45416,62.28
"7645","recommend a",2,45418,62.28
"7646","reference to",2,45420,62.28
"7647","regarding this",2,45422,62.29
"7648","related to",2,45424,62.29
"7649","relationship i",2,45426,62.29
"7650","relationship of",2,45428,62.3
"7651","release of",2,45430,62.3
"7652","relief goods",2,45432,62.3
"7653","remain as",2,45434,62.3
"7654","remain in",2,45436,62.31
"7655","remember how",2,45438,62.31
"7656","remember you",2,45440,62.31
"7657","respect for",2,45442,62.32
"7658","response was",2,45444,62.32
"7659","responsibility of",2,45446,62.32
"7660","rest that",2,45448,62.32
"7661","rest with",2,45450,62.33
"7662","restaurant that",2,45452,62.33
"7663","return for",2,45454,62.33
"7664","returned from",2,45456,62.33
"7665","ride away",2,45458,62.34
"7666","riding in",2,45460,62.34
"7667","right around",2,45462,62.34
"7668","right at",2,45464,62.35
"7669","right before",2,45466,62.35
"7670","right for",2,45468,62.35
"7671","right if",2,45470,62.35
"7672","right on",2,45472,62.36
"7673","right side",2,45474,62.36
"7674","right there",2,45476,62.36
"7675","ring in",2,45478,62.36
"7676","rise to",2,45480,62.37
"7677","river and",2,45482,62.37
"7678","rock band",2,45484,62.37
"7679","room a",2,45486,62.38
"7680","room this",2,45488,62.38
"7681","round trip",2,45490,62.38
"7682","run and",2,45492,62.38
"7683","run out",2,45494,62.39
"7684","running and",2,45496,62.39
"7685","s ability",2,45498,62.39
"7686","s about",2,45500,62.39
"7687","s absolutely",2,45502,62.4
"7688","s already",2,45504,62.4
"7689","s are",2,45506,62.4
"7690","s attention",2,45508,62.41
"7691","s baby",2,45510,62.41
"7692","s because",2,45512,62.41
"7693","s being",2,45514,62.41
"7694","s building",2,45516,62.42
"7695","s capital",2,45518,62.42
"7696","s certainly",2,45520,62.42
"7697","s coming",2,45522,62.42
"7698","s decision",2,45524,62.43
"7699","s definitely",2,45526,62.43
"7700","s do",2,45528,62.43
"7701","s done",2,45530,62.44
"7702","s easy",2,45532,62.44
"7703","s edge",2,45534,62.44
"7704","s end",2,45536,62.44
"7705","s energy",2,45538,62.45
"7706","s eye",2,45540,62.45
"7707","s face",2,45542,62.45
"7708","s favorite",2,45544,62.45
"7709","s first",2,45546,62.46
"7710","s forced",2,45548,62.46
"7711","s go",2,45550,62.46
"7712","s got",2,45552,62.47
"7713","s government",2,45554,62.47
"7714","s grand",2,45556,62.47
"7715","s half",2,45558,62.47
"7716","s happening",2,45560,62.48
"7717","s hard",2,45562,62.48
"7718","s he",2,45564,62.48
"7719","s if",2,45566,62.49
"7720","s learning",2,45568,62.49
"7721","s lesson",2,45570,62.49
"7722","s little",2,45572,62.49
"7723","s mother",2,45574,62.5
"7724","s mouth",2,45576,62.5
"7725","s name",2,45578,62.5
"7726","s of",2,45580,62.5
"7727","s office",2,45582,62.51
"7728","s official",2,45584,62.51
"7729","s only",2,45586,62.51
"7730","s page",2,45588,62.52
"7731","s part",2,45590,62.52
"7732","s reach",2,45592,62.52
"7733","s really",2,45594,62.52
"7734","s recent",2,45596,62.53
"7735","s response",2,45598,62.53
"7736","s right",2,45600,62.53
"7737","s sake",2,45602,62.53
"7738","s school",2,45604,62.54
"7739","s seat",2,45606,62.54
"7740","s see",2,45608,62.54
"7741","s she",2,45610,62.55
"7742","s side",2,45612,62.55
"7743","s taken",2,45614,62.55
"7744","s time",2,45616,62.55
"7745","s up",2,45618,62.56
"7746","s very",2,45620,62.56
"7747","s vision",2,45622,62.56
"7748","s way",2,45624,62.56
"7749","s wedding",2,45626,62.57
"7750","s with",2,45628,62.57
"7751","sad for",2,45630,62.57
"7752","sad you",2,45632,62.58
"7753","said no",2,45634,62.58
"7754","said s",2,45636,62.58
"7755","said she",2,45638,62.58
"7756","said they",2,45640,62.59
"7757","said this",2,45642,62.59
"7758","said we",2,45644,62.59
"7759","salad to",2,45646,62.59
"7760","salt and",2,45648,62.6
"7761","same as",2,45650,62.6
"7762","same number",2,45652,62.6
"7763","same that",2,45654,62.61
"7764","sat at",2,45656,62.61
"7765","sat in",2,45658,62.61
"7766","sauce i",2,45660,62.61
"7767","save the",2,45662,62.62
"7768","saved on",2,45664,62.62
"7769","saving the",2,45666,62.62
"7770","saw her",2,45668,62.62
"7771","saw him",2,45670,62.63
"7772","saw me",2,45672,62.63
"7773","say a",2,45674,62.63
"7774","say but",2,45676,62.64
"7775","say t",2,45678,62.64
"7776","say there",2,45680,62.64
"7777","say yes",2,45682,62.64
"7778","school but",2,45684,62.65
"7779","school for",2,45686,62.65
"7780","school i",2,45688,62.65
"7781","school it",2,45690,62.66
"7782","school on",2,45692,62.66
"7783","school s",2,45694,62.66
"7784","science to",2,45696,62.66
"7785","search and",2,45698,62.67
"7786","season the",2,45700,62.67
"7787","seat with",2,45702,62.67
"7788","second that",2,45704,62.67
"7789","second the",2,45706,62.68
"7790","second when",2,45708,62.68
"7791","section of",2,45710,62.68
"7792","see all",2,45712,62.69
"7793","see and",2,45714,62.69
"7794","see any",2,45716,62.69
"7795","see back",2,45718,62.69
"7796","see him",2,45720,62.7
"7797","see his",2,45722,62.7
"7798","see is",2,45724,62.7
"7799","see more",2,45726,62.7
"7800","seeing the",2,45728,62.71
"7801","seem like",2,45730,62.71
"7802","seen her",2,45732,62.71
"7803","seen one",2,45734,62.72
"7804","seen the",2,45736,62.72
"7805","seen them",2,45738,62.72
"7806","selection of",2,45740,62.72
"7807","self doubt",2,45742,62.73
"7808","self is",2,45744,62.73
"7809","self responsibility",2,45746,62.73
"7810","self worth",2,45748,62.73
"7811","send it",2,45750,62.74
"7812","sense that",2,45752,62.74
"7813","sent out",2,45754,62.74
"7814","sent to",2,45756,62.75
"7815","seriously i",2,45758,62.75
"7816","serve as",2,45760,62.75
"7817","serve the",2,45762,62.75
"7818","serve you",2,45764,62.76
"7819","service desk",2,45766,62.76
"7820","set of",2,45768,62.76
"7821","set off",2,45770,62.76
"7822","set the",2,45772,62.77
"7823","set up",2,45774,62.77
"7824","setting up",2,45776,62.77
"7825","several of",2,45778,62.78
"7826","several times",2,45780,62.78
"7827","several with",2,45782,62.78
"7828","shall live",2,45784,62.78
"7829","shape as",2,45786,62.79
"7830","shape it",2,45788,62.79
"7831","share my",2,45790,62.79
"7832","share of",2,45792,62.8
"7833","share their",2,45794,62.8
"7834","share with",2,45796,62.8
"7835","sharp and",2,45798,62.8
"7836","she about",2,45800,62.81
"7837","she also",2,45802,62.81
"7838","she been",2,45804,62.81
"7839","she came",2,45806,62.81
"7840","she continued",2,45808,62.82
"7841","she d",2,45810,62.82
"7842","she from",2,45812,62.82
"7843","she him",2,45814,62.83
"7844","she just",2,45816,62.83
"7845","she this",2,45818,62.83
"7846","she told",2,45820,62.83
"7847","she were",2,45822,62.84
"7848","she will",2,45824,62.84
"7849","shirt with",2,45826,62.84
"7850","shop and",2,45828,62.84
"7851","shop at",2,45830,62.85
"7852","shop with",2,45832,62.85
"7853","short distance",2,45834,62.85
"7854","short time",2,45836,62.86
"7855","should all",2,45838,62.86
"7856","should go",2,45840,62.86
"7857","should really",2,45842,62.86
"7858","should we",2,45844,62.87
"7859","should you",2,45846,62.87
"7860","show but",2,45848,62.87
"7861","show off",2,45850,62.87
"7862","show s",2,45852,62.88
"7863","show that",2,45854,62.88
"7864","show the",2,45856,62.88
"7865","show you",2,45858,62.89
"7866","shown to",2,45860,62.89
"7867","shut down",2,45862,62.89
"7868","shut them",2,45864,62.89
"7869","shut up",2,45866,62.9
"7870","side and",2,45868,62.9
"7871","side but",2,45870,62.9
"7872","side up",2,45872,62.9
"7873","sign that",2,45874,62.91
"7874","sign up",2,45876,62.91
"7875","simple and",2,45878,62.91
"7876","simple but",2,45880,62.92
"7877","simply a",2,45882,62.92
"7878","simply beautiful",2,45884,62.92
"7879","simply do",2,45886,62.92
"7880","simply to",2,45888,62.93
"7881","since and",2,45890,62.93
"7882","since that",2,45892,62.93
"7883","since they",2,45894,62.93
"7884","single day",2,45896,62.94
"7885","single one",2,45898,62.94
"7886","single word",2,45900,62.94
"7887","sister and",2,45902,62.95
"7888","sit in",2,45904,62.95
"7889","sit on",2,45906,62.95
"7890","site a",2,45908,62.95
"7891","sitting in",2,45910,62.96
"7892","sitting with",2,45912,62.96
"7893","situation that",2,45914,62.96
"7894","skin and",2,45916,62.97
"7895","sky she",2,45918,62.97
"7896","small amount",2,45920,62.97
"7897","small bag",2,45922,62.97
"7898","smile and",2,45924,62.98
"7899","smooth and",2,45926,62.98
"7900","smooth surface",2,45928,62.98
"7901","so after",2,45930,62.98
"7902","so ago",2,45932,62.99
"7903","so at",2,45934,62.99
"7904","so busy",2,45936,62.99
"7905","so by",2,45938,63
"7906","so close",2,45940,63
"7907","so cute",2,45942,63
"7908","so good",2,45944,63
"7909","so happy",2,45946,63.01
"7910","so in",2,45948,63.01
"7911","so like",2,45950,63.01
"7912","so maybe",2,45952,63.01
"7913","so nice",2,45954,63.02
"7914","so on",2,45956,63.02
"7915","so she",2,45958,63.02
"7916","social security",2,45960,63.03
"7917","society and",2,45962,63.03
"7918","society where",2,45964,63.03
"7919","sold for",2,45966,63.03
"7920","solid and",2,45968,63.04
"7921","some about",2,45970,63.04
"7922","some days",2,45972,63.04
"7923","some fun",2,45974,63.04
"7924","some need",2,45976,63.05
"7925","some new",2,45978,63.05
"7926","some old",2,45980,63.05
"7927","some other",2,45982,63.06
"7928","some point",2,45984,63.06
"7929","some so",2,45986,63.06
"7930","some to",2,45988,63.06
"7931","some ways",2,45990,63.07
"7932","some work",2,45992,63.07
"7933","somehow i",2,45994,63.07
"7934","someone in",2,45996,63.07
"7935","someone is",2,45998,63.08
"7936","someone s",2,46000,63.08
"7937","someone to",2,46002,63.08
"7938","someone you",2,46004,63.09
"7939","something about",2,46006,63.09
"7940","something for",2,46008,63.09
"7941","something more",2,46010,63.09
"7942","something of",2,46012,63.1
"7943","something or",2,46014,63.1
"7944","something we",2,46016,63.1
"7945","sometimes i",2,46018,63.1
"7946","sometimes it",2,46020,63.11
"7947","sometimes the",2,46022,63.11
"7948","somewhat by",2,46024,63.11
"7949","somewhere between",2,46026,63.12
"7950","son a",2,46028,63.12
"7951","song for",2,46030,63.12
"7952","song like",2,46032,63.12
"7953","song was",2,46034,63.13
"7954","soon after",2,46036,63.13
"7955","soon and",2,46038,63.13
"7956","soon be",2,46040,63.14
"7957","soon i",2,46042,63.14
"7958","soon we",2,46044,63.14
"7959","sorry but",2,46046,63.14
"7960","sort out",2,46048,63.15
"7961","sound i",2,46050,63.15
"7962","sound of",2,46052,63.15
"7963","source of",2,46054,63.15
"7964","south who",2,46056,63.16
"7965","speak for",2,46058,63.16
"7966","speak of",2,46060,63.16
"7967","speaking the",2,46062,63.17
"7968","special character",2,46064,63.17
"7969","spend a",2,46066,63.17
"7970","spend any",2,46068,63.17
"7971","spend some",2,46070,63.18
"7972","spend time",2,46072,63.18
"7973","spent a",2,46074,63.18
"7974","spent the",2,46076,63.18
"7975","st s",2,46078,63.19
"7976","stand by",2,46080,63.19
"7977","stand in",2,46082,63.19
"7978","stand on",2,46084,63.2
"7979","standing in",2,46086,63.2
"7980","standing there",2,46088,63.2
"7981","start i",2,46090,63.2
"7982","start off",2,46092,63.21
"7983","start out",2,46094,63.21
"7984","start with",2,46096,63.21
"7985","starting with",2,46098,63.21
"7986","state while",2,46100,63.22
"7987","stayed at",2,46102,63.22
"7988","step up",2,46104,63.22
"7989","stick a",2,46106,63.23
"7990","still alive",2,46108,63.23
"7991","still had",2,46110,63.23
"7992","still haven",2,46112,63.23
"7993","still quite",2,46114,63.24
"7994","still that",2,46116,63.24
"7995","still there",2,46118,63.24
"7996","still to",2,46120,63.24
"7997","still want",2,46122,63.25
"7998","still weird",2,46124,63.25
"7999","stir in",2,46126,63.25
"8000","stock of",2,46128,63.26
"8001","stone and",2,46130,63.26
"8002","stone s",2,46132,63.26
"8003","stone the",2,46134,63.26
"8004","stop and",2,46136,63.27
"8005","stop feeling",2,46138,63.27
"8006","stopped at",2,46140,63.27
"8007","stopped it",2,46142,63.27
"8008","store and",2,46144,63.28
"8009","store for",2,46146,63.28
"8010","store it",2,46148,63.28
"8011","story and",2,46150,63.29
"8012","story from",2,46152,63.29
"8013","story in",2,46154,63.29
"8014","story the",2,46156,63.29
"8015","story we",2,46158,63.3
"8016","strategy and",2,46160,63.3
"8017","street and",2,46162,63.3
"8018","streets with",2,46164,63.31
"8019","strong and",2,46166,63.31
"8020","structure of",2,46168,63.31
"8021","struggling to",2,46170,63.31
"8022","stuck in",2,46172,63.32
"8023","study in",2,46174,63.32
"8024","study of",2,46176,63.32
"8025","stuff is",2,46178,63.32
"8026","style in",2,46180,63.33
"8027","subject of",2,46182,63.33
"8028","success in",2,46184,63.33
"8029","success of",2,46186,63.34
"8030","success with",2,46188,63.34
"8031","successful and",2,46190,63.34
"8032","such is",2,46192,63.34
"8033","such that",2,46194,63.35
"8034","suddenly i",2,46196,63.35
"8035","suddenly the",2,46198,63.35
"8036","suffering from",2,46200,63.35
"8037","sugar and",2,46202,63.36
"8038","suggest that",2,46204,63.36
"8039","summer in",2,46206,63.36
"8040","summer my",2,46208,63.37
"8041","support a",2,46210,63.37
"8042","support and",2,46212,63.37
"8043","support for",2,46214,63.37
"8044","support group",2,46216,63.38
"8045","support or",2,46218,63.38
"8046","support the",2,46220,63.38
"8047","suppose that",2,46222,63.38
"8048","sure how",2,46224,63.39
"8049","sure of",2,46226,63.39
"8050","sure they",2,46228,63.39
"8051","sure why",2,46230,63.4
"8052","surface and",2,46232,63.4
"8053","surface this",2,46234,63.4
"8054","surprise since",2,46236,63.4
"8055","surprise to",2,46238,63.41
"8056","sweet mother",2,46240,63.41
"8057","system and",2,46242,63.41
"8058","system to",2,46244,63.41
"8059","t add",2,46246,63.42
"8060","t and",2,46248,63.42
"8061","t believe",2,46250,63.42
"8062","t blame",2,46252,63.43
"8063","t bring",2,46254,63.43
"8064","t but",2,46256,63.43
"8065","t buy",2,46258,63.43
"8066","t care",2,46260,63.44
"8067","t come",2,46262,63.44
"8068","t enough",2,46264,63.44
"8069","t exist",2,46266,63.45
"8070","t expect",2,46268,63.45
"8071","t finish",2,46270,63.45
"8072","t force",2,46272,63.45
"8073","t forget",2,46274,63.46
"8074","t gotten",2,46276,63.46
"8075","t he",2,46278,63.46
"8076","t hear",2,46280,63.46
"8077","t just",2,46282,63.47
"8078","t let",2,46284,63.47
"8079","t look",2,46286,63.47
"8080","t miss",2,46288,63.48
"8081","t move",2,46290,63.48
"8082","t not",2,46292,63.48
"8083","t one",2,46294,63.48
"8084","t or",2,46296,63.49
"8085","t recommend",2,46298,63.49
"8086","t stay",2,46300,63.49
"8087","t take",2,46302,63.49
"8088","t tell",2,46304,63.5
"8089","t this",2,46306,63.5
"8090","t try",2,46308,63.5
"8091","t understand",2,46310,63.51
"8092","t until",2,46312,63.51
"8093","t what",2,46314,63.51
"8094","t win",2,46316,63.51
"8095","t work",2,46318,63.52
"8096","table and",2,46320,63.52
"8097","take an",2,46322,63.52
"8098","take away",2,46324,63.52
"8099","take me",2,46326,63.53
"8100","take their",2,46328,63.53
"8101","take them",2,46330,63.53
"8102","take what",2,46332,63.54
"8103","taken a",2,46334,63.54
"8104","taken by",2,46336,63.54
"8105","taken place",2,46338,63.54
"8106","taken the",2,46340,63.55
"8107","taking his",2,46342,63.55
"8108","talent and",2,46344,63.55
"8109","talk and",2,46346,63.55
"8110","target the",2,46348,63.56
"8111","target weight",2,46350,63.56
"8112","team it",2,46352,63.56
"8113","teeth and",2,46354,63.57
"8114","tell he",2,46356,63.57
"8115","tell her",2,46358,63.57
"8116","tell me",2,46360,63.57
"8117","tell that",2,46362,63.58
"8118","telling us",2,46364,63.58
"8119","ten before",2,46366,63.58
"8120","test the",2,46368,63.58
"8121","th is",2,46370,63.59
"8122","than an",2,46372,63.59
"8123","than and",2,46374,63.59
"8124","than anyone",2,46376,63.6
"8125","than but",2,46378,63.6
"8126","than most",2,46380,63.6
"8127","than one",2,46382,63.6
"8128","than ten",2,46384,63.61
"8129","thanks so",2,46386,63.61
"8130","thanks to",2,46388,63.61
"8131","that after",2,46390,63.62
"8132","that article",2,46392,63.62
"8133","that bad",2,46394,63.62
"8134","that battle",2,46396,63.62
"8135","that big",2,46398,63.63
"8136","that book",2,46400,63.63
"8137","that bridge",2,46402,63.63
"8138","that brown",2,46404,63.63
"8139","that c",2,46406,63.64
"8140","that date",2,46408,63.64
"8141","that decision",2,46410,63.64
"8142","that does",2,46412,63.65
"8143","that each",2,46414,63.65
"8144","that even",2,46416,63.65
"8145","that every",2,46418,63.65
"8146","that got",2,46420,63.66
"8147","that happy",2,46422,63.66
"8148","that her",2,46424,63.66
"8149","that its",2,46426,63.66
"8150","that itself",2,46428,63.67
"8151","that kept",2,46430,63.67
"8152","that led",2,46432,63.67
"8153","that little",2,46434,63.68
"8154","that make",2,46436,63.68
"8155","that many",2,46438,63.68
"8156","that may",2,46440,63.68
"8157","that me",2,46442,63.69
"8158","that might",2,46444,63.69
"8159","that moment",2,46446,63.69
"8160","that must",2,46448,63.69
"8161","that often",2,46450,63.7
"8162","that please",2,46452,63.7
"8163","that point",2,46454,63.7
"8164","that really",2,46456,63.71
"8165","that should",2,46458,63.71
"8166","that so",2,46460,63.71
"8167","that somehow",2,46462,63.71
"8168","that special",2,46464,63.72
"8169","that statement",2,46466,63.72
"8170","that still",2,46468,63.72
"8171","that those",2,46470,63.72
"8172","that through",2,46472,63.73
"8173","that title",2,46474,63.73
"8174","that until",2,46476,63.73
"8175","that very",2,46478,63.74
"8176","that video",2,46480,63.74
"8177","that walking",2,46482,63.74
"8178","that way",2,46484,63.74
"8179","that went",2,46486,63.75
"8180","that white",2,46488,63.75
"8181","that with",2,46490,63.75
"8182","that without",2,46492,63.75
"8183","that word",2,46494,63.76
"8184","the act",2,46496,63.76
"8185","the add",2,46498,63.76
"8186","the administration",2,46500,63.77
"8187","the advice",2,46502,63.77
"8188","the all",2,46504,63.77
"8189","the along",2,46506,63.77
"8190","the ancient",2,46508,63.78
"8191","the appearance",2,46510,63.78
"8192","the army",2,46512,63.78
"8193","the artist",2,46514,63.79
"8194","the association",2,46516,63.79
"8195","the available",2,46518,63.79
"8196","the award",2,46520,63.79
"8197","the ball",2,46522,63.8
"8198","the bathroom",2,46524,63.8
"8199","the beach",2,46526,63.8
"8200","the been",2,46528,63.8
"8201","the behavior",2,46530,63.81
"8202","the belief",2,46532,63.81
"8203","the below",2,46534,63.81
"8204","the between",2,46536,63.82
"8205","the board",2,46538,63.82
"8206","the bottle",2,46540,63.82
"8207","the bridge",2,46542,63.82
"8208","the brief",2,46544,63.83
"8209","the bright",2,46546,63.83
"8210","the broken",2,46548,63.83
"8211","the brought",2,46550,63.83
"8212","the build",2,46552,63.84
"8213","the building",2,46554,63.84
"8214","the camp",2,46556,63.84
"8215","the candy",2,46558,63.85
"8216","the cause",2,46560,63.85
"8217","the cell",2,46562,63.85
"8218","the central",2,46564,63.85
"8219","the civil",2,46566,63.86
"8220","the clear",2,46568,63.86
"8221","the club",2,46570,63.86
"8222","the colors",2,46572,63.86
"8223","the constant",2,46574,63.87
"8224","the contemporary",2,46576,63.87
"8225","the content",2,46578,63.87
"8226","the continued",2,46580,63.88
"8227","the council",2,46582,63.88
"8228","the counter",2,46584,63.88
"8229","the county",2,46586,63.88
"8230","the course",2,46588,63.89
"8231","the crowd",2,46590,63.89
"8232","the culture",2,46592,63.89
"8233","the customer",2,46594,63.89
"8234","the cut",2,46596,63.9
"8235","the data",2,46598,63.9
"8236","the deal",2,46600,63.9
"8237","the demand",2,46602,63.91
"8238","the department",2,46604,63.91
"8239","the dough",2,46606,63.91
"8240","the drama",2,46608,63.91
"8241","the draw",2,46610,63.92
"8242","the dress",2,46612,63.92
"8243","the drive",2,46614,63.92
"8244","the during",2,46616,63.92
"8245","the economic",2,46618,63.93
"8246","the edge",2,46620,63.93
"8247","the environment",2,46622,63.93
"8248","the established",2,46624,63.94
"8249","the exact",2,46626,63.94
"8250","the eye",2,46628,63.94
"8251","the f",2,46630,63.94
"8252","the fall",2,46632,63.95
"8253","the farm",2,46634,63.95
"8254","the festival",2,46636,63.95
"8255","the fighting",2,46638,63.96
"8256","the finished",2,46640,63.96
"8257","the firm",2,46642,63.96
"8258","the fish",2,46644,63.96
"8259","the flat",2,46646,63.97
"8260","the flour",2,46648,63.97
"8261","the flying",2,46650,63.97
"8262","the former",2,46652,63.97
"8263","the freedom",2,46654,63.98
"8264","the garden",2,46656,63.98
"8265","the gift",2,46658,63.98
"8266","the girl",2,46660,63.99
"8267","the going",2,46662,63.99
"8268","the grace",2,46664,63.99
"8269","the grade",2,46666,63.99
"8270","the grocery",2,46668,64
"8271","the growth",2,46670,64
"8272","the guest",2,46672,64
"8273","the hall",2,46674,64
"8274","the hard",2,46676,64.01
"8275","the hat",2,46678,64.01
"8276","the hearts",2,46680,64.01
"8277","the here",2,46682,64.02
"8278","the hey",2,46684,64.02
"8279","the hill",2,46686,64.02
"8280","the however",2,46688,64.02
"8281","the human",2,46690,64.03
"8282","the ideal",2,46692,64.03
"8283","the image",2,46694,64.03
"8284","the individual",2,46696,64.03
"8285","the initial",2,46698,64.04
"8286","the interest",2,46700,64.04
"8287","the interview",2,46702,64.04
"8288","the iron",2,46704,64.05
"8289","the key",2,46706,64.05
"8290","the kick",2,46708,64.05
"8291","the league",2,46710,64.05
"8292","the led",2,46712,64.06
"8293","the less",2,46714,64.06
"8294","the level",2,46716,64.06
"8295","the live",2,46718,64.06
"8296","the longer",2,46720,64.07
"8297","the look",2,46722,64.07
"8298","the lost",2,46724,64.07
"8299","the loving",2,46726,64.08
"8300","the magazine",2,46728,64.08
"8301","the majority",2,46730,64.08
"8302","the march",2,46732,64.08
"8303","the market",2,46734,64.09
"8304","the marriage",2,46736,64.09
"8305","the meal",2,46738,64.09
"8306","the mean",2,46740,64.1
"8307","the menu",2,46742,64.1
"8308","the mid",2,46744,64.1
"8309","the milk",2,46746,64.1
"8310","the moral",2,46748,64.11
"8311","the mountain",2,46750,64.11
"8312","the movement",2,46752,64.11
"8313","the national",2,46754,64.11
"8314","the natural",2,46756,64.12
"8315","the needs",2,46758,64.12
"8316","the novel",2,46760,64.12
"8317","the now",2,46762,64.13
"8318","the nurse",2,46764,64.13
"8319","the officer",2,46766,64.13
"8320","the open",2,46768,64.13
"8321","the opinion",2,46770,64.14
"8322","the opposite",2,46772,64.14
"8323","the orange",2,46774,64.14
"8324","the order",2,46776,64.14
"8325","the organization",2,46778,64.15
"8326","the overall",2,46780,64.15
"8327","the page",2,46782,64.15
"8328","the pan",2,46784,64.16
"8329","the park",2,46786,64.16
"8330","the patent",2,46788,64.16
"8331","the pattern",2,46790,64.16
"8332","the peace",2,46792,64.17
"8333","the pen",2,46794,64.17
"8334","the phone",2,46796,64.17
"8335","the picture",2,46798,64.17
"8336","the pink",2,46800,64.18
"8337","the plan",2,46802,64.18
"8338","the plant",2,46804,64.18
"8339","the police",2,46806,64.19
"8340","the political",2,46808,64.19
"8341","the positive",2,46810,64.19
"8342","the pregnancy",2,46812,64.19
"8343","the press",2,46814,64.2
"8344","the production",2,46816,64.2
"8345","the program",2,46818,64.2
"8346","the project",2,46820,64.2
"8347","the proper",2,46822,64.21
"8348","the pub",2,46824,64.21
"8349","the question",2,46826,64.21
"8350","the race",2,46828,64.22
"8351","the region",2,46830,64.22
"8352","the responsibility",2,46832,64.22
"8353","the ribbon",2,46834,64.22
"8354","the rock",2,46836,64.23
"8355","the run",2,46838,64.23
"8356","the sand",2,46840,64.23
"8357","the seat",2,46842,64.23
"8358","the set",2,46844,64.24
"8359","the silent",2,46846,64.24
"8360","the simple",2,46848,64.24
"8361","the site",2,46850,64.25
"8362","the smaller",2,46852,64.25
"8363","the smith",2,46854,64.25
"8364","the smoke",2,46856,64.25
"8365","the social",2,46858,64.26
"8366","the southern",2,46860,64.26
"8367","the spot",2,46862,64.26
"8368","the square",2,46864,64.27
"8369","the stage",2,46866,64.27
"8370","the star",2,46868,64.27
"8371","the statement",2,46870,64.27
"8372","the stone",2,46872,64.28
"8373","the strength",2,46874,64.28
"8374","the strong",2,46876,64.28
"8375","the system",2,46878,64.28
"8376","the t",2,46880,64.29
"8377","the text",2,46882,64.29
"8378","the their",2,46884,64.29
"8379","the themselves",2,46886,64.3
"8380","the today",2,46888,64.3
"8381","the train",2,46890,64.3
"8382","the true",2,46892,64.3
"8383","the trying",2,46894,64.31
"8384","the type",2,46896,64.31
"8385","the ultimate",2,46898,64.31
"8386","the v",2,46900,64.31
"8387","the vast",2,46902,64.32
"8388","the version",2,46904,64.32
"8389","the wall",2,46906,64.32
"8390","the weight",2,46908,64.33
"8391","the west",2,46910,64.33
"8392","the wet",2,46912,64.33
"8393","the while",2,46914,64.33
"8394","the winter",2,46916,64.34
"8395","the wisdom",2,46918,64.34
"8396","the worse",2,46920,64.34
"8397","the worst",2,46922,64.34
"8398","the would",2,46924,64.35
"8399","their best",2,46926,64.35
"8400","their child",2,46928,64.35
"8401","their company",2,46930,64.36
"8402","their emotional",2,46932,64.36
"8403","their it",2,46934,64.36
"8404","their job",2,46936,64.36
"8405","their land",2,46938,64.37
"8406","their most",2,46940,64.37
"8407","their or",2,46942,64.37
"8408","their relationship",2,46944,64.37
"8409","their second",2,46946,64.38
"8410","their so",2,46948,64.38
"8411","their work",2,46950,64.38
"8412","them again",2,46952,64.39
"8413","them around",2,46954,64.39
"8414","them as",2,46956,64.39
"8415","them before",2,46958,64.39
"8416","them go",2,46960,64.4
"8417","them he",2,46962,64.4
"8418","them if",2,46964,64.4
"8419","them into",2,46966,64.4
"8420","them just",2,46968,64.41
"8421","them like",2,46970,64.41
"8422","them over",2,46972,64.41
"8423","them right",2,46974,64.42
"8424","them through",2,46976,64.42
"8425","them was",2,46978,64.42
"8426","them what",2,46980,64.42
"8427","theme is",2,46982,64.43
"8428","themselves and",2,46984,64.43
"8429","then after",2,46986,64.43
"8430","then and",2,46988,64.44
"8431","then as",2,46990,64.44
"8432","then had",2,46992,64.44
"8433","then is",2,46994,64.44
"8434","then they",2,46996,64.45
"8435","then yeah",2,46998,64.45
"8436","there a",2,47000,64.45
"8437","there came",2,47002,64.45
"8438","there ever",2,47004,64.46
"8439","there for",2,47006,64.46
"8440","there may",2,47008,64.46
"8441","there must",2,47010,64.47
"8442","there on",2,47012,64.47
"8443","there or",2,47014,64.47
"8444","there should",2,47016,64.47
"8445","there some",2,47018,64.48
"8446","there while",2,47020,64.48
"8447","there who",2,47022,64.48
"8448","these a",2,47024,64.48
"8449","these from",2,47026,64.49
"8450","these of",2,47028,64.49
"8451","these once",2,47030,64.49
"8452","they and",2,47032,64.5
"8453","they be",2,47034,64.5
"8454","they believe",2,47036,64.5
"8455","they both",2,47038,64.5
"8456","they cook",2,47040,64.51
"8457","they enjoy",2,47042,64.51
"8458","they go",2,47044,64.51
"8459","they it",2,47046,64.51
"8460","they kept",2,47048,64.52
"8461","they knew",2,47050,64.52
"8462","they like",2,47052,64.52
"8463","they look",2,47054,64.53
"8464","they made",2,47056,64.53
"8465","they me",2,47058,64.53
"8466","they never",2,47060,64.53
"8467","they single",2,47062,64.54
"8468","they still",2,47064,64.54
"8469","they teach",2,47066,64.54
"8470","they tell",2,47068,64.54
"8471","they to",2,47070,64.55
"8472","they you",2,47072,64.55
"8473","thing for",2,47074,64.55
"8474","thing it",2,47076,64.56
"8475","thing that",2,47078,64.56
"8476","think but",2,47080,64.56
"8477","think maybe",2,47082,64.56
"8478","think my",2,47084,64.57
"8479","think there",2,47086,64.57
"8480","think this",2,47088,64.57
"8481","thinking that",2,47090,64.57
"8482","third book",2,47092,64.58
"8483","third floor",2,47094,64.58
"8484","this afternoon",2,47096,64.58
"8485","this apparently",2,47098,64.59
"8486","this at",2,47100,64.59
"8487","this beautiful",2,47102,64.59
"8488","this been",2,47104,64.59
"8489","this but",2,47106,64.6
"8490","this company",2,47108,64.6
"8491","this do",2,47110,64.6
"8492","this fact",2,47112,64.61
"8493","this film",2,47114,64.61
"8494","this girl",2,47116,64.61
"8495","this goes",2,47118,64.61
"8496","this guy",2,47120,64.62
"8497","this have",2,47122,64.62
"8498","this he",2,47124,64.62
"8499","this idea",2,47126,64.62
"8500","this issue",2,47128,64.63
"8501","this list",2,47130,64.63
"8502","this me",2,47132,64.63
"8503","this might",2,47134,64.64
"8504","this more",2,47136,64.64
"8505","this movie",2,47138,64.64
"8506","this much",2,47140,64.64
"8507","this on",2,47142,64.65
"8508","this or",2,47144,64.65
"8509","this project",2,47146,64.65
"8510","this recipe",2,47148,64.65
"8511","this ribbon",2,47150,64.66
"8512","this season",2,47152,64.66
"8513","this series",2,47154,64.66
"8514","this shall",2,47156,64.67
"8515","this should",2,47158,64.67
"8516","this since",2,47160,64.67
"8517","this special",2,47162,64.67
"8518","this state",2,47164,64.68
"8519","this summer",2,47166,64.68
"8520","this there",2,47168,64.68
"8521","this very",2,47170,64.68
"8522","this wine",2,47172,64.69
"8523","this wonderful",2,47174,64.69
"8524","this work",2,47176,64.69
"8525","this you",2,47178,64.7
"8526","those as",2,47180,64.7
"8527","those at",2,47182,64.7
"8528","those for",2,47184,64.7
"8529","those i",2,47186,64.71
"8530","those old",2,47188,64.71
"8531","those wonderful",2,47190,64.71
"8532","those you",2,47192,64.71
"8533","though its",2,47194,64.72
"8534","though not",2,47196,64.72
"8535","thought a",2,47198,64.72
"8536","thought of",2,47200,64.73
"8537","thought t",2,47202,64.73
"8538","thought was",2,47204,64.73
"8539","three or",2,47206,64.73
"8540","three to",2,47208,64.74
"8541","through her",2,47210,64.74
"8542","through i",2,47212,64.74
"8543","through to",2,47214,64.75
"8544","through your",2,47216,64.75
"8545","throw out",2,47218,64.75
"8546","thrown out",2,47220,64.75
"8547","till the",2,47222,64.76
"8548","time after",2,47224,64.76
"8549","time away",2,47226,64.76
"8550","time coming",2,47228,64.76
"8551","time had",2,47230,64.77
"8552","time he",2,47232,64.77
"8553","time more",2,47234,64.77
"8554","time no",2,47236,64.78
"8555","time s",2,47238,64.78
"8556","time she",2,47240,64.78
"8557","time so",2,47242,64.78
"8558","time they",2,47244,64.79
"8559","time this",2,47246,64.79
"8560","time was",2,47248,64.79
"8561","times before",2,47250,64.79
"8562","times but",2,47252,64.8
"8563","times for",2,47254,64.8
"8564","times of",2,47256,64.8
"8565","times over",2,47258,64.81
"8566","times we",2,47260,64.81
"8567","times which",2,47262,64.81
"8568","tiny of",2,47264,64.81
"8569","tip of",2,47266,64.82
"8570","title of",2,47268,64.82
"8571","to act",2,47270,64.82
"8572","to actually",2,47272,64.82
"8573","to address",2,47274,64.83
"8574","to after",2,47276,64.83
"8575","to appeal",2,47278,64.83
"8576","to appreciate",2,47280,64.84
"8577","to at",2,47282,64.84
"8578","to bag",2,47284,64.84
"8579","to best",2,47286,64.84
"8580","to care",2,47288,64.85
"8581","to claim",2,47290,64.85
"8582","to close",2,47292,64.85
"8583","to cry",2,47294,64.85
"8584","to cut",2,47296,64.86
"8585","to d",2,47298,64.86
"8586","to dance",2,47300,64.86
"8587","to deal",2,47302,64.87
"8588","to distance",2,47304,64.87
"8589","to drink",2,47306,64.87
"8590","to drive",2,47308,64.87
"8591","to each",2,47310,64.88
"8592","to earn",2,47312,64.88
"8593","to encourage",2,47314,64.88
"8594","to end",2,47316,64.88
"8595","to every",2,47318,64.89
"8596","to f",2,47320,64.89
"8597","to fall",2,47322,64.89
"8598","to fill",2,47324,64.9
"8599","to fit",2,47326,64.9
"8600","to fly",2,47328,64.9
"8601","to grab",2,47330,64.9
"8602","to grow",2,47332,64.91
"8603","to happen",2,47334,64.91
"8604","to he",2,47336,64.91
"8605","to hold",2,47338,64.92
"8606","to honor",2,47340,64.92
"8607","to its",2,47342,64.92
"8608","to join",2,47344,64.92
"8609","to lay",2,47346,64.93
"8610","to life",2,47348,64.93
"8611","to light",2,47350,64.93
"8612","to m",2,47352,64.93
"8613","to maintain",2,47354,64.94
"8614","to making",2,47356,64.94
"8615","to mark",2,47358,64.94
"8616","to miss",2,47360,64.95
"8617","to mix",2,47362,64.95
"8618","to name",2,47364,64.95
"8619","to new",2,47366,64.95
"8620","to non",2,47368,64.96
"8621","to north",2,47370,64.96
"8622","to of",2,47372,64.96
"8623","to once",2,47374,64.96
"8624","to other",2,47376,64.97
"8625","to own",2,47378,64.97
"8626","to pan",2,47380,64.97
"8627","to park",2,47382,64.98
"8628","to people",2,47384,64.98
"8629","to pray",2,47386,64.98
"8630","to present",2,47388,64.98
"8631","to prison",2,47390,64.99
"8632","to pull",2,47392,64.99
"8633","to push",2,47394,64.99
"8634","to quote",2,47396,64.99
"8635","to realize",2,47398,65
"8636","to roll",2,47400,65
"8637","to running",2,47402,65
"8638","to sign",2,47404,65.01
"8639","to sleep",2,47406,65.01
"8640","to speed",2,47408,65.01
"8641","to spread",2,47410,65.01
"8642","to spring",2,47412,65.02
"8643","to step",2,47414,65.02
"8644","to stick",2,47416,65.02
"8645","to struggle",2,47418,65.02
"8646","to study",2,47420,65.03
"8647","to suggest",2,47422,65.03
"8648","to task",2,47424,65.03
"8649","to taste",2,47426,65.04
"8650","to time",2,47428,65.04
"8651","to treat",2,47430,65.04
"8652","to wear",2,47432,65.04
"8653","to western",2,47434,65.05
"8654","to where",2,47436,65.05
"8655","to wonder",2,47438,65.05
"8656","to working",2,47440,65.05
"8657","to worship",2,47442,65.06
"8658","today for",2,47444,65.06
"8659","today is",2,47446,65.06
"8660","today most",2,47448,65.07
"8661","today what",2,47450,65.07
"8662","today will",2,47452,65.07
"8663","together for",2,47454,65.07
"8664","together in",2,47456,65.08
"8665","together to",2,47458,65.08
"8666","tomorrow but",2,47460,65.08
"8667","tomorrow i",2,47462,65.09
"8668","tomorrow we",2,47464,65.09
"8669","too but",2,47466,65.09
"8670","too can",2,47468,65.09
"8671","too crazy",2,47470,65.1
"8672","too hot",2,47472,65.1
"8673","too many",2,47474,65.1
"8674","too often",2,47476,65.1
"8675","too so",2,47478,65.11
"8676","too soft",2,47480,65.11
"8677","too well",2,47482,65.11
"8678","took my",2,47484,65.12
"8679","took off",2,47486,65.12
"8680","took over",2,47488,65.12
"8681","took to",2,47490,65.12
"8682","took us",2,47492,65.13
"8683","top by",2,47494,65.13
"8684","top layer",2,47496,65.13
"8685","total of",2,47498,65.13
"8686","tough to",2,47500,65.14
"8687","tour of",2,47502,65.14
"8688","tour the",2,47504,65.14
"8689","towards his",2,47506,65.15
"8690","towards my",2,47508,65.15
"8691","town was",2,47510,65.15
"8692","traditional sense",2,47512,65.15
"8693","training for",2,47514,65.16
"8694","treat he",2,47516,65.16
"8695","treatment of",2,47518,65.16
"8696","tried a",2,47520,65.16
"8697","tried it",2,47522,65.17
"8698","tried something",2,47524,65.17
"8699","trip that",2,47526,65.17
"8700","true i",2,47528,65.18
"8701","true identity",2,47530,65.18
"8702","true to",2,47532,65.18
"8703","true what",2,47534,65.18
"8704","truly an",2,47536,65.19
"8705","truly and",2,47538,65.19
"8706","truth and",2,47540,65.19
"8707","truth he",2,47542,65.19
"8708","truth of",2,47544,65.2
"8709","try a",2,47546,65.2
"8710","try it",2,47548,65.2
"8711","try something",2,47550,65.21
"8712","turn into",2,47552,65.21
"8713","turn on",2,47554,65.21
"8714","turn the",2,47556,65.21
"8715","turn will",2,47558,65.22
"8716","turned and",2,47560,65.22
"8717","turning on",2,47562,65.22
"8718","turning point",2,47564,65.22
"8719","turns into",2,47566,65.23
"8720","turns out",2,47568,65.23
"8721","turns to",2,47570,65.23
"8722","two around",2,47572,65.24
"8723","two at",2,47574,65.24
"8724","two different",2,47576,65.24
"8725","two in",2,47578,65.24
"8726","two my",2,47580,65.25
"8727","two nights",2,47582,65.25
"8728","two one",2,47584,65.25
"8729","two or",2,47586,65.26
"8730","two the",2,47588,65.26
"8731","two to",2,47590,65.26
"8732","under a",2,47592,65.26
"8733","under for",2,47594,65.27
"8734","under i",2,47596,65.27
"8735","under my",2,47598,65.27
"8736","understand and",2,47600,65.27
"8737","understand how",2,47602,65.28
"8738","understand what",2,47604,65.28
"8739","understanding of",2,47606,65.28
"8740","unless it",2,47608,65.29
"8741","unless you",2,47610,65.29
"8742","until add",2,47612,65.29
"8743","until she",2,47614,65.29
"8744","until they",2,47616,65.3
"8745","up about",2,47618,65.3
"8746","up after",2,47620,65.3
"8747","up before",2,47622,65.3
"8748","up being",2,47624,65.31
"8749","up feeling",2,47626,65.31
"8750","up front",2,47628,65.31
"8751","up really",2,47630,65.32
"8752","up their",2,47632,65.32
"8753","up there",2,47634,65.32
"8754","up they",2,47636,65.32
"8755","up too",2,47638,65.33
"8756","up we",2,47640,65.33
"8757","up what",2,47642,65.33
"8758","up when",2,47644,65.33
"8759","up without",2,47646,65.34
"8760","us billion",2,47648,65.34
"8761","us can",2,47650,65.34
"8762","us down",2,47652,65.35
"8763","us everything",2,47654,65.35
"8764","us know",2,47656,65.35
"8765","us much",2,47658,65.35
"8766","us so",2,47660,65.36
"8767","us we",2,47662,65.36
"8768","us who",2,47664,65.36
"8769","us with",2,47666,65.36
"8770","us your",2,47668,65.37
"8771","use all",2,47670,65.37
"8772","use and",2,47672,65.37
"8773","use in",2,47674,65.38
"8774","used and",2,47676,65.38
"8775","used as",2,47678,65.38
"8776","used in",2,47680,65.38
"8777","usually a",2,47682,65.39
"8778","usually just",2,47684,65.39
"8779","v e",2,47686,65.39
"8780","v shape",2,47688,65.4
"8781","value for",2,47690,65.4
"8782","value of",2,47692,65.4
"8783","very bad",2,47694,65.4
"8784","very close",2,47696,65.41
"8785","very different",2,47698,65.41
"8786","very expensive",2,47700,65.41
"8787","very happy",2,47702,65.41
"8788","very little",2,47704,65.42
"8789","very long",2,47706,65.42
"8790","very rare",2,47708,65.42
"8791","very soon",2,47710,65.43
"8792","very well",2,47712,65.43
"8793","video camera",2,47714,65.43
"8794","video i",2,47716,65.43
"8795","view a",2,47718,65.44
"8796","view is",2,47720,65.44
"8797","view of",2,47722,65.44
"8798","vintage and",2,47724,65.44
"8799","voice in",2,47726,65.45
"8800","voice of",2,47728,65.45
"8801","voice was",2,47730,65.45
"8802","wait i",2,47732,65.46
"8803","wait till",2,47734,65.46
"8804","wait until",2,47736,65.46
"8805","wait wait",2,47738,65.46
"8806","wait what",2,47740,65.47
"8807","waiting to",2,47742,65.47
"8808","walk away",2,47744,65.47
"8809","walk the",2,47746,65.47
"8810","walk through",2,47748,65.48
"8811","walking back",2,47750,65.48
"8812","wall street",2,47752,65.48
"8813","want and",2,47754,65.49
"8814","want more",2,47756,65.49
"8815","war in",2,47758,65.49
"8816","war on",2,47760,65.49
"8817","was another",2,47762,65.5
"8818","was as",2,47764,65.5
"8819","was back",2,47766,65.5
"8820","was based",2,47768,65.5
"8821","was because",2,47770,65.51
"8822","was beginning",2,47772,65.51
"8823","was broken",2,47774,65.51
"8824","was built",2,47776,65.52
"8825","was fantastic",2,47778,65.52
"8826","was getting",2,47780,65.52
"8827","was good",2,47782,65.52
"8828","was hard",2,47784,65.53
"8829","was her",2,47786,65.53
"8830","was here",2,47788,65.53
"8831","was long",2,47790,65.53
"8832","was off",2,47792,65.54
"8833","was our",2,47794,65.54
"8834","was over",2,47796,65.54
"8835","was possible",2,47798,65.55
"8836","was probably",2,47800,65.55
"8837","was recently",2,47802,65.55
"8838","was right",2,47804,65.55
"8839","was saying",2,47806,65.56
"8840","was she",2,47808,65.56
"8841","was short",2,47810,65.56
"8842","was struggling",2,47812,65.57
"8843","was stuck",2,47814,65.57
"8844","was them",2,47816,65.57
"8845","was then",2,47818,65.57
"8846","was told",2,47820,65.58
"8847","was trying",2,47822,65.58
"8848","was walking",2,47824,65.58
"8849","was worried",2,47826,65.58
"8850","was yesterday",2,47828,65.59
"8851","waste time",2,47830,65.59
"8852","watching and",2,47832,65.59
"8853","watching your",2,47834,65.6
"8854","water as",2,47836,65.6
"8855","water if",2,47838,65.6
"8856","water into",2,47840,65.6
"8857","water so",2,47842,65.61
"8858","way around",2,47844,65.61
"8859","way but",2,47846,65.61
"8860","way forward",2,47848,65.61
"8861","way he",2,47850,65.62
"8862","way or",2,47852,65.62
"8863","way over",2,47854,65.62
"8864","way run",2,47856,65.63
"8865","way than",2,47858,65.63
"8866","way through",2,47860,65.63
"8867","way when",2,47862,65.63
"8868","ways and",2,47864,65.64
"8869","ways in",2,47866,65.64
"8870","ways to",2,47868,65.64
"8871","we a",2,47870,65.64
"8872","we also",2,47872,65.65
"8873","we and",2,47874,65.65
"8874","we back",2,47876,65.65
"8875","we covered",2,47878,65.66
"8876","we d",2,47880,65.66
"8877","we feel",2,47882,65.66
"8878","we finally",2,47884,65.66
"8879","we found",2,47886,65.67
"8880","we from",2,47888,65.67
"8881","we haven",2,47890,65.67
"8882","we into",2,47892,65.67
"8883","we it",2,47894,65.68
"8884","we keep",2,47896,65.68
"8885","we kept",2,47898,65.68
"8886","we live",2,47900,65.69
"8887","we look",2,47902,65.69
"8888","we meet",2,47904,65.69
"8889","we only",2,47906,65.69
"8890","we ordered",2,47908,65.7
"8891","we pray",2,47910,65.7
"8892","we put",2,47912,65.7
"8893","we really",2,47914,65.7
"8894","we roll",2,47916,65.71
"8895","we say",2,47918,65.71
"8896","we set",2,47920,65.71
"8897","we several",2,47922,65.72
"8898","we spend",2,47924,65.72
"8899","we that",2,47926,65.72
"8900","we used",2,47928,65.72
"8901","wearing a",2,47930,65.73
"8902","web site",2,47932,65.73
"8903","week ahead",2,47934,65.73
"8904","week is",2,47936,65.74
"8905","week off",2,47938,65.74
"8906","week s",2,47940,65.74
"8907","week to",2,47942,65.74
"8908","week with",2,47944,65.75
"8909","weekend was",2,47946,65.75
"8910","welcome to",2,47948,65.75
"8911","well being",2,47950,65.75
"8912","well is",2,47952,65.76
"8913","well now",2,47954,65.76
"8914","well they",2,47956,65.76
"8915","well we",2,47958,65.77
"8916","well what",2,47960,65.77
"8917","went and",2,47962,65.77
"8918","went back",2,47964,65.77
"8919","were after",2,47966,65.78
"8920","were already",2,47968,65.78
"8921","were also",2,47970,65.78
"8922","were always",2,47972,65.78
"8923","were better",2,47974,65.79
"8924","were clean",2,47976,65.79
"8925","were considered",2,47978,65.79
"8926","were doing",2,47980,65.8
"8927","were from",2,47982,65.8
"8928","were how",2,47984,65.8
"8929","were i",2,47986,65.8
"8930","were inside",2,47988,65.81
"8931","were making",2,47990,65.81
"8932","were many",2,47992,65.81
"8933","were of",2,47994,65.81
"8934","were once",2,47996,65.82
"8935","were only",2,47998,65.82
"8936","were out",2,48000,65.82
"8937","were seen",2,48002,65.83
"8938","were that",2,48004,65.83
"8939","were they",2,48006,65.83
"8940","were three",2,48008,65.83
"8941","were up",2,48010,65.84
"8942","were very",2,48012,65.84
"8943","western and",2,48014,65.84
"8944","wet bag",2,48016,65.84
"8945","what can",2,48018,65.85
"8946","what else",2,48020,65.85
"8947","what made",2,48022,65.85
"8948","what now",2,48024,65.86
"8949","what really",2,48026,65.86
"8950","what works",2,48028,65.86
"8951","what your",2,48030,65.86
"8952","whatever that",2,48032,65.87
"8953","when came",2,48034,65.87
"8954","when me",2,48036,65.87
"8955","when my",2,48038,65.87
"8956","when one",2,48040,65.88
"8957","when people",2,48042,65.88
"8958","when reading",2,48044,65.88
"8959","when were",2,48046,65.89
"8960","when will",2,48048,65.89
"8961","where do",2,48050,65.89
"8962","where else",2,48052,65.89
"8963","where in",2,48054,65.9
"8964","where my",2,48056,65.9
"8965","where those",2,48058,65.9
"8966","where were",2,48060,65.91
"8967","whether or",2,48062,65.91
"8968","whether the",2,48064,65.91
"8969","whether we",2,48066,65.91
"8970","which again",2,48068,65.92
"8971","which also",2,48070,65.92
"8972","which an",2,48072,65.92
"8973","which everyone",2,48074,65.92
"8974","which it",2,48076,65.93
"8975","which t",2,48078,65.93
"8976","while a",2,48080,65.93
"8977","while ago",2,48082,65.94
"8978","while also",2,48084,65.94
"8979","while at",2,48086,65.94
"8980","while enjoying",2,48088,65.94
"8981","while he",2,48090,65.95
"8982","while some",2,48092,65.95
"8983","while there",2,48094,65.95
"8984","while to",2,48096,65.95
"8985","while we",2,48098,65.96
"8986","while you",2,48100,65.96
"8987","white and",2,48102,65.96
"8988","white guy",2,48104,65.97
"8989","white will",2,48106,65.97
"8990","who am",2,48108,65.97
"8991","who and",2,48110,65.97
"8992","who been",2,48112,65.98
"8993","who believe",2,48114,65.98
"8994","who clearly",2,48116,65.98
"8995","who don",2,48118,65.98
"8996","who for",2,48120,65.99
"8997","who got",2,48122,65.99
"8998","who his",2,48124,65.99
"8999","who last",2,48126,66
"9000","who must",2,48128,66
"9001","who never",2,48130,66
"9002","who of",2,48132,66
"9003","who read",2,48134,66.01
"9004","who took",2,48136,66.01
"9005","who try",2,48138,66.01
"9006","who works",2,48140,66.01
"9007","who you",2,48142,66.02
"9008","whole world",2,48144,66.02
"9009","why are",2,48146,66.02
"9010","why on",2,48148,66.03
"9011","why the",2,48150,66.03
"9012","will add",2,48152,66.03
"9013","will allow",2,48154,66.03
"9014","will continue",2,48156,66.04
"9015","will follow",2,48158,66.04
"9016","will get",2,48160,66.04
"9017","will in",2,48162,66.05
"9018","will indeed",2,48164,66.05
"9019","will know",2,48166,66.05
"9020","will probably",2,48168,66.05
"9021","will put",2,48170,66.06
"9022","will remain",2,48172,66.06
"9023","will run",2,48174,66.06
"9024","will soon",2,48176,66.06
"9025","will start",2,48178,66.07
"9026","will support",2,48180,66.07
"9027","will take",2,48182,66.07
"9028","will you",2,48184,66.08
"9029","win the",2,48186,66.08
"9030","winner of",2,48188,66.08
"9031","wisdom of",2,48190,66.08
"9032","wish to",2,48192,66.09
"9033","with al",2,48194,66.09
"9034","with another",2,48196,66.09
"9035","with any",2,48198,66.09
"9036","with both",2,48200,66.1
"9037","with but",2,48202,66.1
"9038","with dinner",2,48204,66.1
"9039","with every",2,48206,66.11
"9040","with few",2,48208,66.11
"9041","with great",2,48210,66.11
"9042","with i",2,48212,66.11
"9043","with like",2,48214,66.12
"9044","with little",2,48216,66.12
"9045","with local",2,48218,66.12
"9046","with long",2,48220,66.12
"9047","with making",2,48222,66.13
"9048","with many",2,48224,66.13
"9049","with money",2,48226,66.13
"9050","with more",2,48228,66.14
"9051","with old",2,48230,66.14
"9052","with only",2,48232,66.14
"9053","with open",2,48234,66.14
"9054","with other",2,48236,66.15
"9055","with selling",2,48238,66.15
"9056","with someone",2,48240,66.15
"9057","with something",2,48242,66.15
"9058","with whom",2,48244,66.16
"9059","with will",2,48246,66.16
"9060","with y",2,48248,66.16
"9061","within or",2,48250,66.17
"9062","without being",2,48252,66.17
"9063","without further",2,48254,66.17
"9064","without her",2,48256,66.17
"9065","without knowing",2,48258,66.18
"9066","without me",2,48260,66.18
"9067","without proof",2,48262,66.18
"9068","without saying",2,48264,66.18
"9069","without to",2,48266,66.19
"9070","woman must",2,48268,66.19
"9071","woman she",2,48270,66.19
"9072","woman to",2,48272,66.2
"9073","woman who",2,48274,66.2
"9074","won this",2,48276,66.2
"9075","wonder we",2,48278,66.2
"9076","wonderful and",2,48280,66.21
"9077","wonderful colors",2,48282,66.21
"9078","word i",2,48284,66.21
"9079","word it",2,48286,66.22
"9080","work a",2,48288,66.22
"9081","work as",2,48290,66.22
"9082","work day",2,48292,66.22
"9083","work force",2,48294,66.23
"9084","work of",2,48296,66.23
"9085","work that",2,48298,66.23
"9086","work together",2,48300,66.23
"9087","working for",2,48302,66.24
"9088","working i",2,48304,66.24
"9089","working people",2,48306,66.24
"9090","working with",2,48308,66.25
"9091","world class",2,48310,66.25
"9092","world in",2,48312,66.25
"9093","world lost",2,48314,66.25
"9094","world really",2,48316,66.26
"9095","world so",2,48318,66.26
"9096","world they",2,48320,66.26
"9097","world to",2,48322,66.26
"9098","world when",2,48324,66.27
"9099","worried because",2,48326,66.27
"9100","worse for",2,48328,66.27
"9101","worse than",2,48330,66.28
"9102","worth that",2,48332,66.28
"9103","would absolutely",2,48334,66.28
"9104","would definitely",2,48336,66.28
"9105","would expect",2,48338,66.29
"9106","would leave",2,48340,66.29
"9107","would let",2,48342,66.29
"9108","would love",2,48344,66.29
"9109","would mean",2,48346,66.3
"9110","would never",2,48348,66.3
"9111","would really",2,48350,66.3
"9112","would show",2,48352,66.31
"9113","would still",2,48354,66.31
"9114","would the",2,48356,66.31
"9115","would we",2,48358,66.31
"9116","wrapped in",2,48360,66.32
"9117","write and",2,48362,66.32
"9118","write them",2,48364,66.32
"9119","write what",2,48366,66.32
"9120","writer for",2,48368,66.33
"9121","writing and",2,48370,66.33
"9122","writing from",2,48372,66.33
"9123","writing i",2,48374,66.34
"9124","writing the",2,48376,66.34
"9125","wrote for",2,48378,66.34
"9126","y all",2,48380,66.34
"9127","yard and",2,48382,66.35
"9128","yeah i",2,48384,66.35
"9129","year ago",2,48386,66.35
"9130","year but",2,48388,66.35
"9131","year is",2,48390,66.36
"9132","year one",2,48392,66.36
"9133","year or",2,48394,66.36
"9134","year that",2,48396,66.37
"9135","year the",2,48398,66.37
"9136","year there",2,48400,66.37
"9137","year we",2,48402,66.37
"9138","yes but",2,48404,66.38
"9139","yes that",2,48406,66.38
"9140","yes the",2,48408,66.38
"9141","yesterday afternoon",2,48410,66.39
"9142","yet another",2,48412,66.39
"9143","yet but",2,48414,66.39
"9144","yet it",2,48416,66.39
"9145","yet some",2,48418,66.4
"9146","yet the",2,48420,66.4
"9147","yet this",2,48422,66.4
"9148","york n",2,48424,66.4
"9149","you after",2,48426,66.41
"9150","you allow",2,48428,66.41
"9151","you already",2,48430,66.41
"9152","you an",2,48432,66.42
"9153","you at",2,48434,66.42
"9154","you brought",2,48436,66.42
"9155","you but",2,48438,66.42
"9156","you comment",2,48440,66.43
"9157","you control",2,48442,66.43
"9158","you did",2,48444,66.43
"9159","you drink",2,48446,66.43
"9160","you enjoy",2,48448,66.44
"9161","you even",2,48450,66.44
"9162","you from",2,48452,66.44
"9163","you he",2,48454,66.45
"9164","you here",2,48456,66.45
"9165","you how",2,48458,66.45
"9166","you living",2,48460,66.45
"9167","you made",2,48462,66.46
"9168","you may",2,48464,66.46
"9169","you most",2,48466,66.46
"9170","you my",2,48468,66.46
"9171","you notice",2,48470,66.47
"9172","you now",2,48472,66.47
"9173","you on",2,48474,66.47
"9174","you read",2,48476,66.48
"9175","you remember",2,48478,66.48
"9176","you run",2,48480,66.48
"9177","you s",2,48482,66.48
"9178","you shall",2,48484,66.49
"9179","you simply",2,48486,66.49
"9180","you sit",2,48488,66.49
"9181","you some",2,48490,66.49
"9182","you then",2,48492,66.5
"9183","you through",2,48494,66.5
"9184","you understand",2,48496,66.5
"9185","you which",2,48498,66.51
"9186","you won",2,48500,66.51
"9187","you write",2,48502,66.51
"9188","young and",2,48504,66.51
"9189","young people",2,48506,66.52
"9190","your a",2,48508,66.52
"9191","your baby",2,48510,66.52
"9192","your body",2,48512,66.52
"9193","your book",2,48514,66.53
"9194","your child",2,48516,66.53
"9195","your computer",2,48518,66.53
"9196","your copy",2,48520,66.54
"9197","your daily",2,48522,66.54
"9198","your day",2,48524,66.54
"9199","your do",2,48526,66.54
"9200","your dress",2,48528,66.55
"9201","your face",2,48530,66.55
"9202","your fellow",2,48532,66.55
"9203","your final",2,48534,66.56
"9204","your have",2,48536,66.56
"9205","your i",2,48538,66.56
"9206","your in",2,48540,66.56
"9207","your little",2,48542,66.57
"9208","your mouth",2,48544,66.57
"9209","your name",2,48546,66.57
"9210","your or",2,48548,66.57
"9211","your project",2,48550,66.58
"9212","your relationship",2,48552,66.58
"9213","your social",2,48554,66.58
"9214","your support",2,48556,66.59
"9215","your time",2,48558,66.59
"9216","your will",2,48560,66.59
"9217","your with",2,48562,66.59
"9218","yours and",2,48564,66.6
"9219","yourself and",2,48566,66.6
"9220","yourself in",2,48568,66.6
"9221","a about",1,48569,66.6
"9222","a after",1,48570,66.6
"9223","a again",1,48571,66.61
"9224","a air",1,48572,66.61
"9225","a all",1,48573,66.61
"9226","a amongst",1,48574,66.61
"9227","a an",1,48575,66.61
"9228","a area",1,48576,66.61
"9229","a as",1,48577,66.61
"9230","a at",1,48578,66.62
"9231","a baby",1,48579,66.62
"9232","a baked",1,48580,66.62
"9233","a ball",1,48581,66.62
"9234","a bar",1,48582,66.62
"9235","a base",1,48583,66.62
"9236","a beach",1,48584,66.62
"9237","a beat",1,48585,66.63
"9238","a because",1,48586,66.63
"9239","a bed",1,48587,66.63
"9240","a below",1,48588,66.63
"9241","a billion",1,48589,66.63
"9242","a birthday",1,48590,66.63
"9243","a bite",1,48591,66.63
"9244","a block",1,48592,66.63
"9245","a blood",1,48593,66.64
"9246","a blue",1,48594,66.64
"9247","a board",1,48595,66.64
"9248","a boat",1,48596,66.64
"9249","a boss",1,48597,66.64
"9250","a boy",1,48598,66.64
"9251","a breakfast",1,48599,66.64
"9252","a breath",1,48600,66.65
"9253","a brief",1,48601,66.65
"9254","a broken",1,48602,66.65
"9255","a budget",1,48603,66.65
"9256","a building",1,48604,66.65
"9257","a bus",1,48605,66.65
"9258","a busy",1,48606,66.65
"9259","a by",1,48607,66.66
"9260","a c",1,48608,66.66
"9261","a call",1,48609,66.66
"9262","a calm",1,48610,66.66
"9263","a can",1,48611,66.66
"9264","a careful",1,48612,66.66
"9265","a cat",1,48613,66.66
"9266","a catch",1,48614,66.66
"9267","a cause",1,48615,66.67
"9268","a center",1,48616,66.67
"9269","a central",1,48617,66.67
"9270","a charge",1,48618,66.67
"9271","a chicken",1,48619,66.67
"9272","a choice",1,48620,66.67
"9273","a civil",1,48621,66.67
"9274","a clearly",1,48622,66.68
"9275","a close",1,48623,66.68
"9276","a coffee",1,48624,66.68
"9277","a cold",1,48625,66.68
"9278","a college",1,48626,66.68
"9279","a combination",1,48627,66.68
"9280","a comment",1,48628,66.68
"9281","a commercial",1,48629,66.69
"9282","a community",1,48630,66.69
"9283","a competition",1,48631,66.69
"9284","a completely",1,48632,66.69
"9285","a condition",1,48633,66.69
"9286","a conference",1,48634,66.69
"9287","a construction",1,48635,66.69
"9288","a cool",1,48636,66.7
"9289","a copy",1,48637,66.7
"9290","a corporate",1,48638,66.7
"9291","a course",1,48639,66.7
"9292","a court",1,48640,66.7
"9293","a critical",1,48641,66.7
"9294","a customer",1,48642,66.7
"9295","a dad",1,48643,66.7
"9296","a daily",1,48644,66.71
"9297","a dear",1,48645,66.71
"9298","a decade",1,48646,66.71
"9299","a decision",1,48647,66.71
"9300","a designer",1,48648,66.71
"9301","a despite",1,48649,66.71
"9302","a did",1,48650,66.71
"9303","a digital",1,48651,66.72
"9304","a dinner",1,48652,66.72
"9305","a distance",1,48653,66.72
"9306","a divine",1,48654,66.72
"9307","a does",1,48655,66.72
"9308","a dollar",1,48656,66.72
"9309","a doubt",1,48657,66.72
"9310","a drink",1,48658,66.73
"9311","a drive",1,48659,66.73
"9312","a drop",1,48660,66.73
"9313","a duty",1,48661,66.73
"9314","a egg",1,48662,66.73
"9315","a evening",1,48663,66.73
"9316","a event",1,48664,66.73
"9317","a every",1,48665,66.73
"9318","a evil",1,48666,66.74
"9319","a eye",1,48667,66.74
"9320","a face",1,48668,66.74
"9321","a fair",1,48669,66.74
"9322","a fantastic",1,48670,66.74
"9323","a father",1,48671,66.74
"9324","a favorite",1,48672,66.74
"9325","a feel",1,48673,66.75
"9326","a figure",1,48674,66.75
"9327","a filling",1,48675,66.75
"9328","a film",1,48676,66.75
"9329","a first",1,48677,66.75
"9330","a fish",1,48678,66.75
"9331","a fit",1,48679,66.75
"9332","a flat",1,48680,66.76
"9333","a flight",1,48681,66.76
"9334","a foreign",1,48682,66.76
"9335","a forward",1,48683,66.76
"9336","a fresh",1,48684,66.76
"9337","a further",1,48685,66.76
"9338","a general",1,48686,66.76
"9339","a genre",1,48687,66.76
"9340","a given",1,48688,66.77
"9341","a goal",1,48689,66.77
"9342","a golden",1,48690,66.77
"9343","a grand",1,48691,66.77
"9344","a greater",1,48692,66.77
"9345","a green",1,48693,66.77
"9346","a grocery",1,48694,66.77
"9347","a guest",1,48695,66.78
"9348","a guide",1,48696,66.78
"9349","a hand",1,48697,66.78
"9350","a handle",1,48698,66.78
"9351","a hat",1,48699,66.78
"9352","a head",1,48700,66.78
"9353","a heart",1,48701,66.78
"9354","a heat",1,48702,66.79
"9355","a hello",1,48703,66.79
"9356","a help",1,48704,66.79
"9357","a helping",1,48705,66.79
"9358","a hero",1,48706,66.79
"9359","a high",1,48707,66.79
"9360","a higher",1,48708,66.79
"9361","a history",1,48709,66.8
"9362","a horrible",1,48710,66.8
"9363","a horse",1,48711,66.8
"9364","a hotel",1,48712,66.8
"9365","a human",1,48713,66.8
"9366","a hundred",1,48714,66.8
"9367","a if",1,48715,66.8
"9368","a interest",1,48716,66.8
"9369","a it",1,48717,66.81
"9370","a journal",1,48718,66.81
"9371","a journey",1,48719,66.81
"9372","a joy",1,48720,66.81
"9373","a k",1,48721,66.81
"9374","a kick",1,48722,66.81
"9375","a l",1,48723,66.81
"9376","a la",1,48724,66.82
"9377","a labour",1,48725,66.82
"9378","a lady",1,48726,66.82
"9379","a last",1,48727,66.82
"9380","a late",1,48728,66.82
"9381","a later",1,48729,66.82
"9382","a laugh",1,48730,66.82
"9383","a leader",1,48731,66.83
"9384","a learning",1,48732,66.83
"9385","a left",1,48733,66.83
"9386","a level",1,48734,66.83
"9387","a library",1,48735,66.83
"9388","a like",1,48736,66.83
"9389","a likely",1,48737,66.83
"9390","a line",1,48738,66.83
"9391","a literary",1,48739,66.84
"9392","a living",1,48740,66.84
"9393","a loss",1,48741,66.84
"9394","a lost",1,48742,66.84
"9395","a loud",1,48743,66.84
"9396","a loving",1,48744,66.84
"9397","a lunch",1,48745,66.84
"9398","a manner",1,48746,66.85
"9399","a map",1,48747,66.85
"9400","a market",1,48748,66.85
"9401","a massive",1,48749,66.85
"9402","a match",1,48750,66.85
"9403","a meal",1,48751,66.85
"9404","a meat",1,48752,66.85
"9405","a medium",1,48753,66.86
"9406","a meeting",1,48754,66.86
"9407","a member",1,48755,66.86
"9408","a mention",1,48756,66.86
"9409","a menu",1,48757,66.86
"9410","a mid",1,48758,66.86
"9411","a mile",1,48759,66.86
"9412","a million",1,48760,66.87
"9413","a mirror",1,48761,66.87
"9414","a mission",1,48762,66.87
"9415","a modern",1,48763,66.87
"9416","a moral",1,48764,66.87
"9417","a morning",1,48765,66.87
"9418","a mouth",1,48766,66.87
"9419","a move",1,48767,66.87
"9420","a moving",1,48768,66.88
"9421","a my",1,48769,66.88
"9422","a mystery",1,48770,66.88
"9423","a name",1,48771,66.88
"9424","a nearly",1,48772,66.88
"9425","a need",1,48773,66.88
"9426","a nervous",1,48774,66.88
"9427","a night",1,48775,66.89
"9428","a nose",1,48776,66.89
"9429","a now",1,48777,66.89
"9430","a off",1,48778,66.89
"9431","a oh",1,48779,66.89
"9432","a on",1,48780,66.89
"9433","a onion",1,48781,66.89
"9434","a opening",1,48782,66.9
"9435","a or",1,48783,66.9
"9436","a our",1,48784,66.9
"9437","a out",1,48785,66.9
"9438","a over",1,48786,66.9
"9439","a pack",1,48787,66.9
"9440","a package",1,48788,66.9
"9441","a park",1,48789,66.9
"9442","a particular",1,48790,66.91
"9443","a passion",1,48791,66.91
"9444","a patient",1,48792,66.91
"9445","a peace",1,48793,66.91
"9446","a perfectly",1,48794,66.91
"9447","a personally",1,48795,66.91
"9448","a perspective",1,48796,66.91
"9449","a pink",1,48797,66.92
"9450","a plastic",1,48798,66.92
"9451","a plate",1,48799,66.92
"9452","a player",1,48800,66.92
"9453","a plus",1,48801,66.92
"9454","a pocket",1,48802,66.92
"9455","a poem",1,48803,66.92
"9456","a police",1,48804,66.93
"9457","a policy",1,48805,66.93
"9458","a possibility",1,48806,66.93
"9459","a possibly",1,48807,66.93
"9460","a practice",1,48808,66.93
"9461","a prayer",1,48809,66.93
"9462","a pregnant",1,48810,66.93
"9463","a previous",1,48811,66.93
"9464","a print",1,48812,66.94
"9465","a professional",1,48813,66.94
"9466","a proper",1,48814,66.94
"9467","a punch",1,48815,66.94
"9468","a purchase",1,48816,66.94
"9469","a purple",1,48817,66.94
"9470","a race",1,48818,66.94
"9471","a raised",1,48819,66.95
"9472","a rather",1,48820,66.95
"9473","a re",1,48821,66.95
"9474","a reader",1,48822,66.95
"9475","a recipe",1,48823,66.95
"9476","a record",1,48824,66.95
"9477","a reference",1,48825,66.95
"9478","a region",1,48826,66.96
"9479","a relatively",1,48827,66.96
"9480","a responsibility",1,48828,66.96
"9481","a rest",1,48829,66.96
"9482","a rich",1,48830,66.96
"9483","a ridiculous",1,48831,66.96
"9484","a road",1,48832,66.96
"9485","a role",1,48833,66.97
"9486","a roll",1,48834,66.97
"9487","a room",1,48835,66.97
"9488","a rough",1,48836,66.97
"9489","a routine",1,48837,66.97
"9490","a row",1,48838,66.97
"9491","a royal",1,48839,66.97
"9492","a rule",1,48840,66.97
"9493","a run",1,48841,66.98
"9494","a rush",1,48842,66.98
"9495","a sad",1,48843,66.98
"9496","a safe",1,48844,66.98
"9497","a scale",1,48845,66.98
"9498","a scene",1,48846,66.98
"9499","a sea",1,48847,66.98
"9500","a search",1,48848,66.99
"9501","a secret",1,48849,66.99
"9502","a seeing",1,48850,66.99
"9503","a seek",1,48851,66.99
"9504","a sentence",1,48852,66.99
"9505","a separate",1,48853,66.99
"9506","a serious",1,48854,66.99
"9507","a session",1,48855,67
"9508","a set",1,48856,67
"9509","a shall",1,48857,67
"9510","a sharp",1,48858,67
"9511","a she",1,48859,67
"9512","a shot",1,48860,67
"9513","a shower",1,48861,67
"9514","a shut",1,48862,67
"9515","a side",1,48863,67.01
"9516","a sign",1,48864,67.01
"9517","a silly",1,48865,67.01
"9518","a six",1,48866,67.01
"9519","a smart",1,48867,67.01
"9520","a smooth",1,48868,67.01
"9521","a society",1,48869,67.01
"9522","a something",1,48870,67.02
"9523","a somewhat",1,48871,67.02
"9524","a source",1,48872,67.02
"9525","a spiritual",1,48873,67.02
"9526","a split",1,48874,67.02
"9527","a spring",1,48875,67.02
"9528","a stage",1,48876,67.02
"9529","a step",1,48877,67.03
"9530","a store",1,48878,67.03
"9531","a straight",1,48879,67.03
"9532","a strange",1,48880,67.03
"9533","a street",1,48881,67.03
"9534","a student",1,48882,67.03
"9535","a studio",1,48883,67.03
"9536","a study",1,48884,67.04
"9537","a subject",1,48885,67.04
"9538","a successful",1,48886,67.04
"9539","a suit",1,48887,67.04
"9540","a summer",1,48888,67.04
"9541","a super",1,48889,67.04
"9542","a take",1,48890,67.04
"9543","a talent",1,48891,67.04
"9544","a target",1,48892,67.05
"9545","a terrible",1,48893,67.05
"9546","a text",1,48894,67.05
"9547","a the",1,48895,67.05
"9548","a theory",1,48896,67.05
"9549","a there",1,48897,67.05
"9550","a thing",1,48898,67.05
"9551","a this",1,48899,67.06
"9552","a threat",1,48900,67.06
"9553","a tiny",1,48901,67.06
"9554","a tip",1,48902,67.06
"9555","a title",1,48903,67.06
"9556","a total",1,48904,67.06
"9557","a touch",1,48905,67.06
"9558","a tough",1,48906,67.07
"9559","a town",1,48907,67.07
"9560","a tradition",1,48908,67.07
"9561","a traditional",1,48909,67.07
"9562","a train",1,48910,67.07
"9563","a tree",1,48911,67.07
"9564","a truck",1,48912,67.07
"9565","a try",1,48913,67.07
"9566","a turning",1,48914,67.08
"9567","a u",1,48915,67.08
"9568","a un",1,48916,67.08
"9569","a union",1,48917,67.08
"9570","a until",1,48918,67.08
"9571","a v",1,48919,67.08
"9572","a van",1,48920,67.08
"9573","a version",1,48921,67.09
"9574","a wall",1,48922,67.09
"9575","a war",1,48923,67.09
"9576","a warm",1,48924,67.09
"9577","a was",1,48925,67.09
"9578","a waste",1,48926,67.09
"9579","a water",1,48927,67.09
"9580","a we",1,48928,67.1
"9581","a wealth",1,48929,67.1
"9582","a weekend",1,48930,67.1
"9583","a weekly",1,48931,67.1
"9584","a welcome",1,48932,67.1
"9585","a wet",1,48933,67.1
"9586","a wild",1,48934,67.1
"9587","a window",1,48935,67.11
"9588","a with",1,48936,67.11
"9589","a wonder",1,48937,67.11
"9590","a wood",1,48938,67.11
"9591","a work",1,48939,67.11
"9592","a worse",1,48940,67.11
"9593","a written",1,48941,67.11
"9594","a yellow",1,48942,67.11
"9595","a yet",1,48943,67.12
"9596","a younger",1,48944,67.12
"9597","ability i",1,48945,67.12
"9598","able find",1,48946,67.12
"9599","about about",1,48947,67.12
"9600","about ago",1,48948,67.12
"9601","about anything",1,48949,67.12
"9602","about at",1,48950,67.13
"9603","about because",1,48951,67.13
"9604","about becoming",1,48952,67.13
"9605","about boss",1,48953,67.13
"9606","about by",1,48954,67.13
"9607","about calling",1,48955,67.13
"9608","about congress",1,48956,67.13
"9609","about cool",1,48957,67.14
"9610","about cup",1,48958,67.14
"9611","about different",1,48959,67.14
"9612","about done",1,48960,67.14
"9613","about eating",1,48961,67.14
"9614","about even",1,48962,67.14
"9615","about finding",1,48963,67.14
"9616","about first",1,48964,67.14
"9617","about food",1,48965,67.15
"9618","about football",1,48966,67.15
"9619","about getting",1,48967,67.15
"9620","about good",1,48968,67.15
"9621","about great",1,48969,67.15
"9622","about had",1,48970,67.15
"9623","about him",1,48971,67.15
"9624","about himself",1,48972,67.16
"9625","about hour",1,48973,67.16
"9626","about into",1,48974,67.16
"9627","about island",1,48975,67.16
"9628","about life",1,48976,67.16
"9629","about long",1,48977,67.16
"9630","about looking",1,48978,67.16
"9631","about making",1,48979,67.17
"9632","about massive",1,48980,67.17
"9633","about moral",1,48981,67.17
"9634","about most",1,48982,67.17
"9635","about new",1,48983,67.17
"9636","about no",1,48984,67.17
"9637","about old",1,48985,67.17
"9638","about on",1,48986,67.17
"9639","about per",1,48987,67.18
"9640","about political",1,48988,67.18
"9641","about previous",1,48989,67.18
"9642","about reading",1,48990,67.18
"9643","about religion",1,48991,67.18
"9644","about running",1,48992,67.18
"9645","about s",1,48993,67.18
"9646","about self",1,48994,67.19
"9647","about shape",1,48995,67.19
"9648","about shopping",1,48996,67.19
"9649","about since",1,48997,67.19
"9650","about so",1,48998,67.19
"9651","about someone",1,48999,67.19
"9652","about street",1,49000,67.19
"9653","about support",1,49001,67.2
"9654","about there",1,49002,67.2
"9655","about three",1,49003,67.2
"9656","about trying",1,49004,67.2
"9657","about waiting",1,49005,67.2
"9658","about well",1,49006,67.2
"9659","about were",1,49007,67.2
"9660","about whatever",1,49008,67.21
"9661","about when",1,49009,67.21
"9662","about where",1,49010,67.21
"9663","about ya",1,49011,67.21
"9664","about yourself",1,49012,67.21
"9665","above again",1,49013,67.21
"9666","above are",1,49014,67.21
"9667","above from",1,49015,67.21
"9668","above in",1,49016,67.22
"9669","above it",1,49017,67.22
"9670","above may",1,49018,67.22
"9671","above photo",1,49019,67.22
"9672","above so",1,49020,67.22
"9673","above that",1,49021,67.22
"9674","above their",1,49022,67.22
"9675","above what",1,49023,67.23
"9676","above would",1,49024,67.23
"9677","above you",1,49025,67.23
"9678","absolutely beautiful",1,49026,67.23
"9679","absolutely brilliant",1,49027,67.23
"9680","absolutely most",1,49028,67.23
"9681","absolutely nothing",1,49029,67.23
"9682","absolutely recommend",1,49030,67.24
"9683","absolutely right",1,49031,67.24
"9684","absolutely sure",1,49032,67.24
"9685","accept a",1,49033,67.24
"9686","accept for",1,49034,67.24
"9687","accept it",1,49035,67.24
"9688","accept someone",1,49036,67.24
"9689","accept the",1,49037,67.24
"9690","accept you",1,49038,67.25
"9691","accepted the",1,49039,67.25
"9692","accepted your",1,49040,67.25
"9693","access but",1,49041,67.25
"9694","access for",1,49042,67.25
"9695","access is",1,49043,67.25
"9696","access when",1,49044,67.25
"9697","accident and",1,49045,67.26
"9698","accident that",1,49046,67.26
"9699","accident why",1,49047,67.26
"9700","account about",1,49048,67.26
"9701","account by",1,49049,67.26
"9702","account dream",1,49050,67.26
"9703","account i",1,49051,67.26
"9704","account man",1,49052,67.27
"9705","account their",1,49053,67.27
"9706","achieve a",1,49054,67.27
"9707","achieve in",1,49055,67.27
"9708","achieve something",1,49056,67.27
"9709","achieve the",1,49057,67.27
"9710","achieve to",1,49058,67.27
"9711","across a",1,49059,67.28
"9712","across an",1,49060,67.28
"9713","across and",1,49061,67.28
"9714","across at",1,49062,67.28
"9715","across country",1,49063,67.28
"9716","across cultural",1,49064,67.28
"9717","across her",1,49065,67.28
"9718","across its",1,49066,67.28
"9719","across marketing",1,49067,67.29
"9720","across not",1,49068,67.29
"9721","across our",1,49069,67.29
"9722","across these",1,49070,67.29
"9723","across this",1,49071,67.29
"9724","act anyway",1,49072,67.29
"9725","act as",1,49073,67.29
"9726","act in",1,49074,67.3
"9727","act silly",1,49075,67.3
"9728","act to",1,49076,67.3
"9729","act until",1,49077,67.3
"9730","acting he",1,49078,67.3
"9731","acting her",1,49079,67.3
"9732","acting is",1,49080,67.3
"9733","acting like",1,49081,67.31
"9734","acting this",1,49082,67.31
"9735","action all",1,49083,67.31
"9736","action are",1,49084,67.31
"9737","action he",1,49085,67.31
"9738","action i",1,49086,67.31
"9739","action in",1,49087,67.31
"9740","action just",1,49088,67.31
"9741","action vision",1,49089,67.32
"9742","action with",1,49090,67.32
"9743","active here",1,49091,67.32
"9744","active there",1,49092,67.32
"9745","activity should",1,49093,67.32
"9746","activity that",1,49094,67.32
"9747","actual battle",1,49095,67.32
"9748","actual cleaning",1,49096,67.33
"9749","actual even",1,49097,67.33
"9750","actual full",1,49098,67.33
"9751","actual hard",1,49099,67.33
"9752","actual production",1,49100,67.33
"9753","actual true",1,49101,67.33
"9754","actual value",1,49102,67.33
"9755","actually about",1,49103,67.34
"9756","actually after",1,49104,67.34
"9757","actually cut",1,49105,67.34
"9758","actually face",1,49106,67.34
"9759","actually finish",1,49107,67.34
"9760","actually happening",1,49108,67.34
"9761","actually have",1,49109,67.34
"9762","actually hold",1,49110,67.35
"9763","actually its",1,49111,67.35
"9764","actually made",1,49112,67.35
"9765","actually me",1,49113,67.35
"9766","actually more",1,49114,67.35
"9767","actually my",1,49115,67.35
"9768","actually on",1,49116,67.35
"9769","actually over",1,49117,67.35
"9770","actually real",1,49118,67.36
"9771","actually right",1,49119,67.36
"9772","actually saw",1,49120,67.36
"9773","actually serve",1,49121,67.36
"9774","actually sitting",1,49122,67.36
"9775","actually some",1,49123,67.36
"9776","actually t",1,49124,67.36
"9777","actually than",1,49125,67.37
"9778","actually the",1,49126,67.37
"9779","actually this",1,49127,67.37
"9780","actually to",1,49128,67.37
"9781","actually very",1,49129,67.37
"9782","actually was",1,49130,67.37
"9783","actually were",1,49131,67.37
"9784","actually when",1,49132,67.38
"9785","ad a",1,49133,67.38
"9786","ad are",1,49134,67.38
"9787","ad need",1,49135,67.38
"9788","ad or",1,49136,67.38
"9789","ad with",1,49137,67.38
"9790","add an",1,49138,67.38
"9791","add and",1,49139,67.38
"9792","add anything",1,49140,67.39
"9793","add at",1,49141,67.39
"9794","add cup",1,49142,67.39
"9795","add depth",1,49143,67.39
"9796","add flour",1,49144,67.39
"9797","add i",1,49145,67.39
"9798","add in",1,49146,67.39
"9799","add juice",1,49147,67.4
"9800","add oil",1,49148,67.4
"9801","add on",1,49149,67.4
"9802","add one",1,49150,67.4
"9803","add onion",1,49151,67.4
"9804","add or",1,49152,67.4
"9805","add salt",1,49153,67.4
"9806","added and",1,49154,67.41
"9807","added benefit",1,49155,67.41
"9808","added for",1,49156,67.41
"9809","added making",1,49157,67.41
"9810","added nice",1,49158,67.41
"9811","added now",1,49159,67.41
"9812","added red",1,49160,67.41
"9813","added there",1,49161,67.41
"9814","added up",1,49162,67.42
"9815","addition it",1,49163,67.42
"9816","addition was",1,49164,67.42
"9817","additional chance",1,49165,67.42
"9818","additional my",1,49166,67.42
"9819","additional of",1,49167,67.42
"9820","additional perspective",1,49168,67.42
"9821","address directly",1,49169,67.43
"9822","address it",1,49170,67.43
"9823","address one",1,49171,67.43
"9824","administration have",1,49172,67.43
"9825","administration him",1,49173,67.43
"9826","administration is",1,49174,67.43
"9827","administration it",1,49175,67.43
"9828","administration two",1,49176,67.44
"9829","administration with",1,49177,67.44
"9830","admit made",1,49178,67.44
"9831","admit most",1,49179,67.44
"9832","admit this",1,49180,67.44
"9833","admit wanting",1,49181,67.44
"9834","advantage and",1,49182,67.44
"9835","advantage of",1,49183,67.45
"9836","adventure on",1,49184,67.45
"9837","adventure that",1,49185,67.45
"9838","advertising by",1,49186,67.45
"9839","advertising or",1,49187,67.45
"9840","advertising roll",1,49188,67.45
"9841","advertising you",1,49189,67.45
"9842","advice and",1,49190,67.45
"9843","advice i",1,49191,67.46
"9844","advice mid",1,49192,67.46
"9845","advice on",1,49193,67.46
"9846","advice you",1,49194,67.46
"9847","afford any",1,49195,67.46
"9848","afford millions",1,49196,67.46
"9849","afford the",1,49197,67.46
"9850","afford to",1,49198,67.47
"9851","afraid because",1,49199,67.47
"9852","afraid it",1,49200,67.47
"9853","afraid that",1,49201,67.47
"9854","after an",1,49202,67.47
"9855","after beer",1,49203,67.47
"9856","after college",1,49204,67.47
"9857","after dark",1,49205,67.48
"9858","after days",1,49206,67.48
"9859","after dinner",1,49207,67.48
"9860","after door",1,49208,67.48
"9861","after each",1,49209,67.48
"9862","after everyone",1,49210,67.48
"9863","after exciting",1,49211,67.48
"9864","after finding",1,49212,67.48
"9865","after for",1,49213,67.49
"9866","after hearing",1,49214,67.49
"9867","after her",1,49215,67.49
"9868","after herself",1,49216,67.49
"9869","after in",1,49217,67.49
"9870","after left",1,49218,67.49
"9871","after losing",1,49219,67.49
"9872","after lunch",1,49220,67.5
"9873","after making",1,49221,67.5
"9874","after no",1,49222,67.5
"9875","after of",1,49223,67.5
"9876","after paying",1,49224,67.5
"9877","after problem",1,49225,67.5
"9878","after reading",1,49226,67.5
"9879","after review",1,49227,67.51
"9880","after running",1,49228,67.51
"9881","after s",1,49229,67.51
"9882","after seeing",1,49230,67.51
"9883","after several",1,49231,67.51
"9884","after spending",1,49232,67.51
"9885","after st",1,49233,67.51
"9886","after state",1,49234,67.52
"9887","after studio",1,49235,67.52
"9888","after them",1,49236,67.52
"9889","after they",1,49237,67.52
"9890","after this",1,49238,67.52
"9891","after those",1,49239,67.52
"9892","after to",1,49240,67.52
"9893","after two",1,49241,67.52
"9894","after us",1,49242,67.53
"9895","after visiting",1,49243,67.53
"9896","after walking",1,49244,67.53
"9897","after work",1,49245,67.53
"9898","after working",1,49246,67.53
"9899","afternoon and",1,49247,67.53
"9900","afternoon as",1,49248,67.53
"9901","afternoon at",1,49249,67.54
"9902","afternoon going",1,49250,67.54
"9903","afternoon he",1,49251,67.54
"9904","afternoon i",1,49252,67.54
"9905","afternoon ideal",1,49253,67.54
"9906","afternoon my",1,49254,67.54
"9907","afternoon not",1,49255,67.54
"9908","afternoon was",1,49256,67.55
"9909","again about",1,49257,67.55
"9910","again ad",1,49258,67.55
"9911","again after",1,49259,67.55
"9912","again al",1,49260,67.55
"9913","again because",1,49261,67.55
"9914","again been",1,49262,67.55
"9915","again busy",1,49263,67.55
"9916","again especially",1,49264,67.56
"9917","again her",1,49265,67.56
"9918","again here",1,49266,67.56
"9919","again his",1,49267,67.56
"9920","again inside",1,49268,67.56
"9921","again later",1,49269,67.56
"9922","again m",1,49270,67.56
"9923","again many",1,49271,67.57
"9924","again next",1,49272,67.57
"9925","again no",1,49273,67.57
"9926","again now",1,49274,67.57
"9927","again of",1,49275,67.57
"9928","again on",1,49276,67.57
"9929","again or",1,49277,67.57
"9930","again probably",1,49278,67.58
"9931","again s",1,49279,67.58
"9932","again still",1,49280,67.58
"9933","again take",1,49281,67.58
"9934","again tea",1,49282,67.58
"9935","again that",1,49283,67.58
"9936","again told",1,49284,67.58
"9937","again tomorrow",1,49285,67.58
"9938","again was",1,49286,67.59
"9939","again while",1,49287,67.59
"9940","again would",1,49288,67.59
"9941","against all",1,49289,67.59
"9942","against an",1,49290,67.59
"9943","against anything",1,49291,67.59
"9944","against film",1,49292,67.59
"9945","against her",1,49293,67.6
"9946","against him",1,49294,67.6
"9947","against his",1,49295,67.6
"9948","against hope",1,49296,67.6
"9949","against in",1,49297,67.6
"9950","against of",1,49298,67.6
"9951","against one",1,49299,67.6
"9952","against or",1,49300,67.61
"9953","against white",1,49301,67.61
"9954","against your",1,49302,67.61
"9955","age being",1,49303,67.61
"9956","age eight",1,49304,67.61
"9957","age finally",1,49305,67.61
"9958","age is",1,49306,67.61
"9959","age than",1,49307,67.62
"9960","age the",1,49308,67.62
"9961","age you",1,49309,67.62
"9962","agency for",1,49310,67.62
"9963","agency in",1,49311,67.62
"9964","agency it",1,49312,67.62
"9965","agency responsible",1,49313,67.62
"9966","agency task",1,49314,67.62
"9967","agent i",1,49315,67.63
"9968","agent in",1,49316,67.63
"9969","agent one",1,49317,67.63
"9970","agent or",1,49318,67.63
"9971","agent said",1,49319,67.63
"9972","agent they",1,49320,67.63
"9973","ago a",1,49321,67.63
"9974","ago about",1,49322,67.64
"9975","ago by",1,49323,67.64
"9976","ago it",1,49324,67.64
"9977","ago my",1,49325,67.64
"9978","ago reader",1,49326,67.64
"9979","ago s",1,49327,67.64
"9980","ago so",1,49328,67.64
"9981","ago thank",1,49329,67.65
"9982","ago the",1,49330,67.65
"9983","ago today",1,49331,67.65
"9984","ago two",1,49332,67.65
"9985","ago was",1,49333,67.65
"9986","ago which",1,49334,67.65
"9987","ago worked",1,49335,67.65
"9988","agree to",1,49336,67.65
"9989","agreed to",1,49337,67.66
"9990","agreed with",1,49338,67.66
"9991","agreement become",1,49339,67.66
"9992","agreement was",1,49340,67.66
"9993","ah how",1,49341,67.66
"9994","ahead happy",1,49342,67.66
"9995","ahead is",1,49343,67.66
"9996","ahead to",1,49344,67.67
"9997","aid and",1,49345,67.67
"9998","aid i",1,49346,67.67
"9999","aid me",1,49347,67.67
"10000","aid which",1,49348,67.67
"10001","air available",1,49349,67.67
"10002","air because",1,49350,67.67
"10003","air by",1,49351,67.68
"10004","air even",1,49352,67.68
"10005","air following",1,49353,67.68
"10006","air force",1,49354,67.68
"10007","air in",1,49355,67.68
"10008","air is",1,49356,67.68
"10009","air on",1,49357,67.68
"10010","air punch",1,49358,67.69
"10011","air television",1,49359,67.69
"10012","airport after",1,49360,67.69
"10013","airport everyone",1,49361,67.69
"10014","airport if",1,49362,67.69
"10015","airport will",1,49363,67.69
"10016","al challenge",1,49364,67.69
"10017","al green",1,49365,67.69
"10018","al leaves",1,49366,67.7
"10019","al on",1,49367,67.7
"10020","al or",1,49368,67.7
"10021","album an",1,49369,67.7
"10022","album and",1,49370,67.7
"10023","album for",1,49371,67.7
"10024","album he",1,49372,67.7
"10025","album in",1,49373,67.71
"10026","album is",1,49374,67.71
"10027","album last",1,49375,67.71
"10028","album s",1,49376,67.71
"10029","album the",1,49377,67.71
"10030","alcohol daily",1,49378,67.71
"10031","alcohol in",1,49379,67.71
"10032","alcohol more",1,49380,67.72
"10033","ale lost",1,49381,67.72
"10034","ale that",1,49382,67.72
"10035","alive and",1,49383,67.72
"10036","alive by",1,49384,67.72
"10037","alive how",1,49385,67.72
"10038","alive list",1,49386,67.72
"10039","alive they",1,49387,67.72
"10040","alive yes",1,49388,67.73
"10041","all able",1,49389,67.73
"10042","all across",1,49390,67.73
"10043","all added",1,49391,67.73
"10044","all along",1,49392,67.73
"10045","all around",1,49393,67.73
"10046","all as",1,49394,67.73
"10047","all away",1,49395,67.74
"10048","all b",1,49396,67.74
"10049","all back",1,49397,67.74
"10050","all bad",1,49398,67.74
"10051","all be",1,49399,67.74
"10052","all before",1,49400,67.74
"10053","all but",1,49401,67.74
"10054","all cheese",1,49402,67.75
"10055","all combined",1,49403,67.75
"10056","all dogs",1,49404,67.75
"10057","all done",1,49405,67.75
"10058","all dressed",1,49406,67.75
"10059","all each",1,49407,67.75
"10060","all else",1,49408,67.75
"10061","all excellent",1,49409,67.76
"10062","all exist",1,49410,67.76
"10063","all experience",1,49411,67.76
"10064","all five",1,49412,67.76
"10065","all follow",1,49413,67.76
"10066","all four",1,49414,67.76
"10067","all go",1,49415,67.76
"10068","all gone",1,49416,67.76
"10069","all had",1,49417,67.77
"10070","all hand",1,49418,67.77
"10071","all headed",1,49419,67.77
"10072","all her",1,49420,67.77
"10073","all high",1,49421,67.77
"10074","all how",1,49422,67.77
"10075","all if",1,49423,67.77
"10076","all important",1,49424,67.78
"10077","all just",1,49425,67.78
"10078","all know",1,49426,67.78
"10079","all knowing",1,49427,67.78
"10080","all learned",1,49428,67.78
"10081","all live",1,49429,67.78
"10082","all lived",1,49430,67.78
"10083","all m",1,49431,67.79
"10084","all magic",1,49432,67.79
"10085","all make",1,49433,67.79
"10086","all morning",1,49434,67.79
"10087","all must",1,49435,67.79
"10088","all natural",1,49436,67.79
"10089","all net",1,49437,67.79
"10090","all night",1,49438,67.79
"10091","all now",1,49439,67.8
"10092","all off",1,49440,67.8
"10093","all one",1,49441,67.8
"10094","all our",1,49442,67.8
"10095","all parent",1,49443,67.8
"10096","all people",1,49444,67.8
"10097","all powerful",1,49445,67.8
"10098","all ready",1,49446,67.81
"10099","all several",1,49447,67.81
"10100","all share",1,49448,67.81
"10101","all she",1,49449,67.81
"10102","all sitting",1,49450,67.81
"10103","all slowly",1,49451,67.81
"10104","all spend",1,49452,67.81
"10105","all stay",1,49453,67.82
"10106","all still",1,49454,67.82
"10107","all talking",1,49455,67.82
"10108","all thanks",1,49456,67.82
"10109","all their",1,49457,67.82
"10110","all them",1,49458,67.82
"10111","all then",1,49459,67.82
"10112","all tight",1,49460,67.82
"10113","all times",1,49461,67.83
"10114","all together",1,49462,67.83
"10115","all two",1,49463,67.83
"10116","all under",1,49464,67.83
"10117","all understand",1,49465,67.83
"10118","all very",1,49466,67.83
"10119","all want",1,49467,67.83
"10120","all was",1,49468,67.84
"10121","all way",1,49469,67.84
"10122","all we",1,49470,67.84
"10123","all well",1,49471,67.84
"10124","all were",1,49472,67.84
"10125","all when",1,49473,67.84
"10126","all where",1,49474,67.84
"10127","all who",1,49475,67.85
"10128","all will",1,49476,67.85
"10129","all without",1,49477,67.85
"10130","all woman",1,49478,67.85
"10131","all wonder",1,49479,67.85
"10132","all worth",1,49480,67.85
"10133","all wrapped",1,49481,67.85
"10134","allow a",1,49482,67.86
"10135","allow easier",1,49483,67.86
"10136","allow up",1,49484,67.86
"10137","allow where",1,49485,67.86
"10138","allow your",1,49486,67.86
"10139","almost ago",1,49487,67.86
"10140","almost and",1,49488,67.86
"10141","almost complete",1,49489,67.86
"10142","almost everyday",1,49490,67.87
"10143","almost everyone",1,49491,67.87
"10144","almost from",1,49492,67.87
"10145","almost fully",1,49493,67.87
"10146","almost immediately",1,49494,67.87
"10147","almost left",1,49495,67.87
"10148","almost me",1,49496,67.87
"10149","almost nothing",1,49497,67.88
"10150","almost perfectly",1,49498,67.88
"10151","almost political",1,49499,67.88
"10152","almost seven",1,49500,67.88
"10153","almost sure",1,49501,67.88
"10154","almost t",1,49502,67.88
"10155","almost the",1,49503,67.88
"10156","almost twice",1,49504,67.89
"10157","almost two",1,49505,67.89
"10158","almost winter",1,49506,67.89
"10159","almost with",1,49507,67.89
"10160","alone according",1,49508,67.89
"10161","alone after",1,49509,67.89
"10162","alone chapter",1,49510,67.89
"10163","alone fully",1,49511,67.89
"10164","alone in",1,49512,67.9
"10165","alone it",1,49513,67.9
"10166","alone my",1,49514,67.9
"10167","alone or",1,49515,67.9
"10168","alone speak",1,49516,67.9
"10169","alone there",1,49517,67.9
"10170","alone they",1,49518,67.9
"10171","alone will",1,49519,67.91
"10172","alone with",1,49520,67.91
"10173","along a",1,49521,67.91
"10174","along besides",1,49522,67.91
"10175","along if",1,49523,67.91
"10176","along its",1,49524,67.91
"10177","along just",1,49525,67.91
"10178","along she",1,49526,67.92
"10179","along side",1,49527,67.92
"10180","along slow",1,49528,67.92
"10181","along take",1,49529,67.92
"10182","along we",1,49530,67.92
"10183","already all",1,49531,67.92
"10184","already and",1,49532,67.92
"10185","already be",1,49533,67.93
"10186","already been",1,49534,67.93
"10187","already gotten",1,49535,67.93
"10188","already here",1,49536,67.93
"10189","already large",1,49537,67.93
"10190","already made",1,49538,67.93
"10191","already my",1,49539,67.93
"10192","already only",1,49540,67.93
"10193","already our",1,49541,67.94
"10194","already quite",1,49542,67.94
"10195","already see",1,49543,67.94
"10196","already seen",1,49544,67.94
"10197","already so",1,49545,67.94
"10198","already some",1,49546,67.94
"10199","already sort",1,49547,67.94
"10200","already starting",1,49548,67.95
"10201","already the",1,49549,67.95
"10202","already then",1,49550,67.95
"10203","already to",1,49551,67.95
"10204","already under",1,49552,67.95
"10205","already us",1,49553,67.95
"10206","already well",1,49554,67.95
"10207","already with",1,49555,67.96
"10208","also added",1,49556,67.96
"10209","also an",1,49557,67.96
"10210","also and",1,49558,67.96
"10211","also because",1,49559,67.96
"10212","also before",1,49560,67.96
"10213","also believe",1,49561,67.96
"10214","also born",1,49562,67.96
"10215","also bought",1,49563,67.97
"10216","also brought",1,49564,67.97
"10217","also can",1,49565,67.97
"10218","also cause",1,49566,67.97
"10219","also comedy",1,49567,67.97
"10220","also contact",1,49568,67.97
"10221","also did",1,49569,67.97
"10222","also do",1,49570,67.98
"10223","also does",1,49571,67.98
"10224","also eat",1,49572,67.98
"10225","also everyday",1,49573,67.98
"10226","also featured",1,49574,67.98
"10227","also feeling",1,49575,67.98
"10228","also fit",1,49576,67.98
"10229","also found",1,49577,67.99
"10230","also gas",1,49578,67.99
"10231","also get",1,49579,67.99
"10232","also give",1,49580,67.99
"10233","also goes",1,49581,67.99
"10234","also going",1,49582,67.99
"10235","also great",1,49583,67.99
"10236","also how",1,49584,68
"10237","also in",1,49585,68
"10238","also include",1,49586,68
"10239","also increase",1,49587,68
"10240","also it",1,49588,68
"10241","also listen",1,49589,68
"10242","also love",1,49590,68
"10243","also made",1,49591,68
"10244","also might",1,49592,68.01
"10245","also miss",1,49593,68.01
"10246","also need",1,49594,68.01
"10247","also nervous",1,49595,68.01
"10248","also numerous",1,49596,68.01
"10249","also offer",1,49597,68.01
"10250","also one",1,49598,68.01
"10251","also only",1,49599,68.02
"10252","also ordered",1,49600,68.02
"10253","also paper",1,49601,68.02
"10254","also particularly",1,49602,68.02
"10255","also people",1,49603,68.02
"10256","also remember",1,49604,68.02
"10257","also responsible",1,49605,68.02
"10258","also saw",1,49606,68.03
"10259","also short",1,49607,68.03
"10260","also since",1,49608,68.03
"10261","also super",1,49609,68.03
"10262","also think",1,49610,68.03
"10263","also thought",1,49611,68.03
"10264","also took",1,49612,68.03
"10265","also various",1,49613,68.03
"10266","also very",1,49614,68.04
"10267","also want",1,49615,68.04
"10268","also warning",1,49616,68.04
"10269","also wearing",1,49617,68.04
"10270","also were",1,49618,68.04
"10271","also where",1,49619,68.04
"10272","also wonderful",1,49620,68.04
"10273","also worked",1,49621,68.05
"10274","also worried",1,49622,68.05
"10275","also worship",1,49623,68.05
"10276","alternative argument",1,49624,68.05
"10277","alternative as",1,49625,68.05
"10278","alternative self",1,49626,68.05
"10279","alternative to",1,49627,68.05
"10280","although a",1,49628,68.06
"10281","although as",1,49629,68.06
"10282","although drinking",1,49630,68.06
"10283","although its",1,49631,68.06
"10284","although maybe",1,49632,68.06
"10285","although my",1,49633,68.06
"10286","although of",1,49634,68.06
"10287","although our",1,49635,68.06
"10288","although reading",1,49636,68.07
"10289","although successful",1,49637,68.07
"10290","although there",1,49638,68.07
"10291","although we",1,49639,68.07
"10292","although when",1,49640,68.07
"10293","although yesterday",1,49641,68.07
"10294","always an",1,49642,68.07
"10295","always ask",1,49643,68.08
"10296","always assume",1,49644,68.08
"10297","always at",1,49645,68.08
"10298","always be",1,49646,68.08
"10299","always becoming",1,49647,68.08
"10300","always better",1,49648,68.08
"10301","always bring",1,49649,68.08
"10302","always clean",1,49650,68.09
"10303","always comes",1,49651,68.09
"10304","always d",1,49652,68.09
"10305","always everything",1,49653,68.09
"10306","always feel",1,49654,68.09
"10307","always feeling",1,49655,68.09
"10308","always first",1,49656,68.09
"10309","always give",1,49657,68.1
"10310","always go",1,49658,68.1
"10311","always good",1,49659,68.1
"10312","always grab",1,49660,68.1
"10313","always grateful",1,49661,68.1
"10314","always great",1,49662,68.1
"10315","always him",1,49663,68.1
"10316","always hope",1,49664,68.1
"10317","always i",1,49665,68.11
"10318","always incredibly",1,49666,68.11
"10319","always is",1,49667,68.11
"10320","always know",1,49668,68.11
"10321","always large",1,49669,68.11
"10322","always like",1,49670,68.11
"10323","always model",1,49671,68.11
"10324","always on",1,49672,68.12
"10325","always one",1,49673,68.12
"10326","always over",1,49674,68.12
"10327","always really",1,49675,68.12
"10328","always remember",1,49676,68.12
"10329","always running",1,49677,68.12
"10330","always say",1,49678,68.12
"10331","always seek",1,49679,68.13
"10332","always send",1,49680,68.13
"10333","always so",1,49681,68.13
"10334","always successful",1,49682,68.13
"10335","always tell",1,49683,68.13
"10336","always to",1,49684,68.13
"10337","always together",1,49685,68.13
"10338","always try",1,49686,68.13
"10339","always turn",1,49687,68.14
"10340","always visiting",1,49688,68.14
"10341","always wake",1,49689,68.14
"10342","always warm",1,49690,68.14
"10343","always when",1,49691,68.14
"10344","always will",1,49692,68.14
"10345","always with",1,49693,68.14
"10346","always work",1,49694,68.15
"10347","am always",1,49695,68.15
"10348","am an",1,49696,68.15
"10349","am as",1,49697,68.15
"10350","am aware",1,49698,68.15
"10351","am becoming",1,49699,68.15
"10352","am beginning",1,49700,68.15
"10353","am behind",1,49701,68.16
"10354","am better",1,49702,68.16
"10355","am but",1,49703,68.16
"10356","am coming",1,49704,68.16
"10357","am concerned",1,49705,68.16
"10358","am connected",1,49706,68.16
"10359","am currently",1,49707,68.16
"10360","am doing",1,49708,68.17
"10361","am ever",1,49709,68.17
"10362","am extremely",1,49710,68.17
"10363","am for",1,49711,68.17
"10364","am forever",1,49712,68.17
"10365","am from",1,49713,68.17
"10366","am glad",1,49714,68.17
"10367","am guilty",1,49715,68.17
"10368","am happy",1,49716,68.18
"10369","am here",1,49717,68.18
"10370","am higher",1,49718,68.18
"10371","am honest",1,49719,68.18
"10372","am ice",1,49720,68.18
"10373","am in",1,49721,68.18
"10374","am inspired",1,49722,68.18
"10375","am j",1,49723,68.19
"10376","am live",1,49724,68.19
"10377","am love",1,49725,68.19
"10378","am loving",1,49726,68.19
"10379","am lucky",1,49727,68.19
"10380","am most",1,49728,68.19
"10381","am moving",1,49729,68.19
"10382","am my",1,49730,68.2
"10383","am no",1,49731,68.2
"10384","am positive",1,49732,68.2
"10385","am pregnant",1,49733,68.2
"10386","am quite",1,49734,68.2
"10387","am ready",1,49735,68.2
"10388","am really",1,49736,68.2
"10389","am right",1,49737,68.2
"10390","am sad",1,49738,68.21
"10391","am saying",1,49739,68.21
"10392","am sorry",1,49740,68.21
"10393","am sure",1,49741,68.21
"10394","am talking",1,49742,68.21
"10395","am thankful",1,49743,68.21
"10396","am thinking",1,49744,68.21
"10397","am this",1,49745,68.22
"10398","am tired",1,49746,68.22
"10399","am totally",1,49747,68.22
"10400","am walking",1,49748,68.22
"10401","am way",1,49749,68.22
"10402","am we",1,49750,68.22
"10403","am who",1,49751,68.22
"10404","am writing",1,49752,68.23
"10405","am you",1,49753,68.23
"10406","amazing a",1,49754,68.23
"10407","amazing and",1,49755,68.23
"10408","amazing away",1,49756,68.23
"10409","amazing bunch",1,49757,68.23
"10410","amazing customer",1,49758,68.23
"10411","amazing deal",1,49759,68.23
"10412","amazing food",1,49760,68.24
"10413","amazing going",1,49761,68.24
"10414","amazing i",1,49762,68.24
"10415","amazing jack",1,49763,68.24
"10416","amazing master",1,49764,68.24
"10417","amazing of",1,49765,68.24
"10418","amazing so",1,49766,68.24
"10419","amazing the",1,49767,68.25
"10420","amazing their",1,49768,68.25
"10421","amazing while",1,49769,68.25
"10422","amazing with",1,49770,68.25
"10423","amazing year",1,49771,68.25
"10424","among egg",1,49772,68.25
"10425","among for",1,49773,68.25
"10426","among many",1,49774,68.26
"10427","among other",1,49775,68.26
"10428","among these",1,49776,68.26
"10429","among this",1,49777,68.26
"10430","amongst each",1,49778,68.26
"10431","amongst other",1,49779,68.26
"10432","amongst the",1,49780,68.26
"10433","amount about",1,49781,68.27
"10434","amount she",1,49782,68.27
"10435","an a",1,49783,68.27
"10436","an absolutely",1,49784,68.27
"10437","an actual",1,49785,68.27
"10438","an ad",1,49786,68.27
"10439","an addition",1,49787,68.27
"10440","an additional",1,49788,68.27
"10441","an after",1,49789,68.28
"10442","an agent",1,49790,68.28
"10443","an album",1,49791,68.28
"10444","an and",1,49792,68.28
"10445","an animal",1,49793,68.28
"10446","an application",1,49794,68.28
"10447","an arms",1,49795,68.28
"10448","an army",1,49796,68.29
"10449","an art",1,49797,68.29
"10450","an article",1,49798,68.29
"10451","an associated",1,49799,68.29
"10452","an association",1,49800,68.29
"10453","an author",1,49801,68.29
"10454","an bag",1,49802,68.29
"10455","an company",1,49803,68.3
"10456","an easier",1,49804,68.3
"10457","an easter",1,49805,68.3
"10458","an edition",1,49806,68.3
"10459","an effective",1,49807,68.3
"10460","an effort",1,49808,68.3
"10461","an egg",1,49809,68.3
"10462","an emergency",1,49810,68.3
"10463","an enjoying",1,49811,68.31
"10464","an entry",1,49812,68.31
"10465","an episode",1,49813,68.31
"10466","an essential",1,49814,68.31
"10467","an experienced",1,49815,68.31
"10468","an extremely",1,49816,68.31
"10469","an eye",1,49817,68.31
"10470","an fan",1,49818,68.32
"10471","an film",1,49819,68.32
"10472","an ice",1,49820,68.32
"10473","an idea",1,49821,68.32
"10474","an image",1,49822,68.32
"10475","an important",1,49823,68.32
"10476","an in",1,49824,68.32
"10477","an incredible",1,49825,68.33
"10478","an independent",1,49826,68.33
"10479","an industry",1,49827,68.33
"10480","an initial",1,49828,68.33
"10481","an inspiration",1,49829,68.33
"10482","an insurance",1,49830,68.33
"10483","an intense",1,49831,68.33
"10484","an into",1,49832,68.34
"10485","an is",1,49833,68.34
"10486","an item",1,49834,68.34
"10487","an little",1,49835,68.34
"10488","an name",1,49836,68.34
"10489","an obvious",1,49837,68.34
"10490","an odd",1,49838,68.34
"10491","an officer",1,49839,68.34
"10492","an oil",1,49840,68.35
"10493","an onion",1,49841,68.35
"10494","an only",1,49842,68.35
"10495","an or",1,49843,68.35
"10496","an orange",1,49844,68.35
"10497","an organic",1,49845,68.35
"10498","an organized",1,49846,68.35
"10499","an out",1,49847,68.36
"10500","an outfit",1,49848,68.36
"10501","an oven",1,49849,68.36
"10502","an per",1,49850,68.36
"10503","an position",1,49851,68.36
"10504","an pride",1,49852,68.36
"10505","an r",1,49853,68.36
"10506","an saying",1,49854,68.37
"10507","an section",1,49855,68.37
"10508","an situation",1,49856,68.37
"10509","an this",1,49857,68.37
"10510","an understanding",1,49858,68.37
"10511","an year",1,49859,68.37
"10512","an yesterday",1,49860,68.37
"10513","analysis a",1,49861,68.37
"10514","analysis for",1,49862,68.38
"10515","analysis of",1,49863,68.38
"10516","ancient brewery",1,49864,68.38
"10517","ancient times",1,49865,68.38
"10518","ancient voice",1,49866,68.38
"10519","and ability",1,49867,68.38
"10520","and able",1,49868,68.38
"10521","and accept",1,49869,68.39
"10522","and access",1,49870,68.39
"10523","and act",1,49871,68.39
"10524","and action",1,49872,68.39
"10525","and additional",1,49873,68.39
"10526","and against",1,49874,68.39
"10527","and ahead",1,49875,68.39
"10528","and airport",1,49876,68.4
"10529","and alive",1,49877,68.4
"10530","and almost",1,49878,68.4
"10531","and along",1,49879,68.4
"10532","and already",1,49880,68.4
"10533","and am",1,49881,68.4
"10534","and among",1,49882,68.4
"10535","and any",1,49883,68.41
"10536","and anyone",1,49884,68.41
"10537","and anything",1,49885,68.41
"10538","and appreciate",1,49886,68.41
"10539","and approach",1,49887,68.41
"10540","and art",1,49888,68.41
"10541","and article",1,49889,68.41
"10542","and artist",1,49890,68.41
"10543","and ask",1,49891,68.42
"10544","and attached",1,49892,68.42
"10545","and attempt",1,49893,68.42
"10546","and awareness",1,49894,68.42
"10547","and away",1,49895,68.42
"10548","and b",1,49896,68.42
"10549","and baby",1,49897,68.42
"10550","and based",1,49898,68.43
"10551","and bay",1,49899,68.43
"10552","and beach",1,49900,68.43
"10553","and becomes",1,49901,68.43
"10554","and becoming",1,49902,68.43
"10555","and begin",1,49903,68.43
"10556","and believe",1,49904,68.43
"10557","and best",1,49905,68.44
"10558","and beyond",1,49906,68.44
"10559","and big",1,49907,68.44
"10560","and bill",1,49908,68.44
"10561","and birth",1,49909,68.44
"10562","and blend",1,49910,68.44
"10563","and book",1,49911,68.44
"10564","and boring",1,49912,68.44
"10565","and both",1,49913,68.45
"10566","and bottom",1,49914,68.45
"10567","and bought",1,49915,68.45
"10568","and bright",1,49916,68.45
"10569","and brought",1,49917,68.45
"10570","and build",1,49918,68.45
"10571","and building",1,49919,68.45
"10572","and built",1,49920,68.46
"10573","and button",1,49921,68.46
"10574","and cake",1,49922,68.46
"10575","and call",1,49923,68.46
"10576","and camera",1,49924,68.46
"10577","and card",1,49925,68.46
"10578","and carried",1,49926,68.46
"10579","and certainly",1,49927,68.47
"10580","and chance",1,49928,68.47
"10581","and change",1,49929,68.47
"10582","and check",1,49930,68.47
"10583","and checked",1,49931,68.47
"10584","and cheese",1,49932,68.47
"10585","and choice",1,49933,68.47
"10586","and chose",1,49934,68.47
"10587","and claim",1,49935,68.48
"10588","and class",1,49936,68.48
"10589","and clean",1,49937,68.48
"10590","and cleaning",1,49938,68.48
"10591","and close",1,49939,68.48
"10592","and closed",1,49940,68.48
"10593","and clothes",1,49941,68.48
"10594","and combine",1,49942,68.49
"10595","and come",1,49943,68.49
"10596","and company",1,49944,68.49
"10597","and completely",1,49945,68.49
"10598","and conference",1,49946,68.49
"10599","and confused",1,49947,68.49
"10600","and constant",1,49948,68.49
"10601","and continue",1,49949,68.5
"10602","and continued",1,49950,68.5
"10603","and corn",1,49951,68.5
"10604","and cost",1,49952,68.5
"10605","and court",1,49953,68.5
"10606","and cover",1,49954,68.5
"10607","and craft",1,49955,68.5
"10608","and creative",1,49956,68.51
"10609","and critical",1,49957,68.51
"10610","and curious",1,49958,68.51
"10611","and current",1,49959,68.51
"10612","and cute",1,49960,68.51
"10613","and cutting",1,49961,68.51
"10614","and dance",1,49962,68.51
"10615","and dark",1,49963,68.51
"10616","and data",1,49964,68.52
"10617","and daughter",1,49965,68.52
"10618","and days",1,49966,68.52
"10619","and dear",1,49967,68.52
"10620","and decent",1,49968,68.52
"10621","and deep",1,49969,68.52
"10622","and deeply",1,49970,68.52
"10623","and despite",1,49971,68.53
"10624","and direct",1,49972,68.53
"10625","and discover",1,49973,68.53
"10626","and divine",1,49974,68.53
"10627","and does",1,49975,68.53
"10628","and doing",1,49976,68.53
"10629","and double",1,49977,68.53
"10630","and drinking",1,49978,68.54
"10631","and drove",1,49979,68.54
"10632","and due",1,49980,68.54
"10633","and during",1,49981,68.54
"10634","and dust",1,49982,68.54
"10635","and easy",1,49983,68.54
"10636","and eating",1,49984,68.54
"10637","and economic",1,49985,68.54
"10638","and entertainment",1,49986,68.55
"10639","and equally",1,49987,68.55
"10640","and established",1,49988,68.55
"10641","and eventually",1,49989,68.55
"10642","and except",1,49990,68.55
"10643","and exercise",1,49991,68.55
"10644","and existence",1,49992,68.55
"10645","and experience",1,49993,68.56
"10646","and express",1,49994,68.56
"10647","and extreme",1,49995,68.56
"10648","and faced",1,49996,68.56
"10649","and facing",1,49997,68.56
"10650","and fair",1,49998,68.56
"10651","and fashion",1,49999,68.56
"10652","and faster",1,50000,68.57
"10653","and favorite",1,50001,68.57
"10654","and feeling",1,50002,68.57
"10655","and felt",1,50003,68.57
"10656","and few",1,50004,68.57
"10657","and figure",1,50005,68.57
"10658","and filled",1,50006,68.57
"10659","and final",1,50007,68.58
"10660","and fit",1,50008,68.58
"10661","and flavor",1,50009,68.58
"10662","and follow",1,50010,68.58
"10663","and football",1,50011,68.58
"10664","and former",1,50012,68.58
"10665","and forth",1,50013,68.58
"10666","and free",1,50014,68.58
"10667","and fresh",1,50015,68.59
"10668","and fruit",1,50016,68.59
"10669","and future",1,50017,68.59
"10670","and garlic",1,50018,68.59
"10671","and gas",1,50019,68.59
"10672","and getting",1,50020,68.59
"10673","and girl",1,50021,68.59
"10674","and gold",1,50022,68.6
"10675","and gone",1,50023,68.6
"10676","and grace",1,50024,68.6
"10677","and grade",1,50025,68.6
"10678","and grateful",1,50026,68.6
"10679","and growing",1,50027,68.6
"10680","and hand",1,50028,68.6
"10681","and hanging",1,50029,68.61
"10682","and happy",1,50030,68.61
"10683","and head",1,50031,68.61
"10684","and headed",1,50032,68.61
"10685","and health",1,50033,68.61
"10686","and heat",1,50034,68.61
"10687","and helping",1,50035,68.61
"10688","and high",1,50036,68.61
"10689","and highly",1,50037,68.62
"10690","and himself",1,50038,68.62
"10691","and hit",1,50039,68.62
"10692","and hold",1,50040,68.62
"10693","and holding",1,50041,68.62
"10694","and home",1,50042,68.62
"10695","and hope",1,50043,68.62
"10696","and horror",1,50044,68.63
"10697","and horse",1,50045,68.63
"10698","and hot",1,50046,68.63
"10699","and however",1,50047,68.63
"10700","and hungry",1,50048,68.63
"10701","and immediately",1,50049,68.63
"10702","and importance",1,50050,68.63
"10703","and inch",1,50051,68.64
"10704","and influence",1,50052,68.64
"10705","and inside",1,50053,68.64
"10706","and inspired",1,50054,68.64
"10707","and intense",1,50055,68.64
"10708","and joe",1,50056,68.64
"10709","and joy",1,50057,68.64
"10710","and juice",1,50058,68.65
"10711","and justice",1,50059,68.65
"10712","and k",1,50060,68.65
"10713","and keep",1,50061,68.65
"10714","and keeping",1,50062,68.65
"10715","and key",1,50063,68.65
"10716","and kind",1,50064,68.65
"10717","and knowing",1,50065,68.65
"10718","and land",1,50066,68.66
"10719","and large",1,50067,68.66
"10720","and laughing",1,50068,68.66
"10721","and learn",1,50069,68.66
"10722","and leave",1,50070,68.66
"10723","and leaving",1,50071,68.66
"10724","and led",1,50072,68.66
"10725","and less",1,50073,68.67
"10726","and light",1,50074,68.67
"10727","and limited",1,50075,68.67
"10728","and listen",1,50076,68.67
"10729","and loose",1,50077,68.67
"10730","and lord",1,50078,68.67
"10731","and m",1,50079,68.67
"10732","and magazine",1,50080,68.68
"10733","and magic",1,50081,68.68
"10734","and maintain",1,50082,68.68
"10735","and male",1,50083,68.68
"10736","and martin",1,50084,68.68
"10737","and mary",1,50085,68.68
"10738","and massive",1,50086,68.68
"10739","and mean",1,50087,68.68
"10740","and meaning",1,50088,68.69
"10741","and meat",1,50089,68.69
"10742","and men",1,50090,68.69
"10743","and middle",1,50091,68.69
"10744","and might",1,50092,68.69
"10745","and mike",1,50093,68.69
"10746","and million",1,50094,68.69
"10747","and miss",1,50095,68.7
"10748","and mix",1,50096,68.7
"10749","and movement",1,50097,68.7
"10750","and movie",1,50098,68.7
"10751","and natural",1,50099,68.7
"10752","and naturally",1,50100,68.7
"10753","and news",1,50101,68.7
"10754","and next",1,50102,68.71
"10755","and nice",1,50103,68.71
"10756","and night",1,50104,68.71
"10757","and non",1,50105,68.71
"10758","and off",1,50106,68.71
"10759","and official",1,50107,68.71
"10760","and oh",1,50108,68.71
"10761","and old",1,50109,68.71
"10762","and open",1,50110,68.72
"10763","and opening",1,50111,68.72
"10764","and order",1,50112,68.72
"10765","and organization",1,50113,68.72
"10766","and owner",1,50114,68.72
"10767","and pace",1,50115,68.72
"10768","and pain",1,50116,68.72
"10769","and part",1,50117,68.73
"10770","and particularly",1,50118,68.73
"10771","and passion",1,50119,68.73
"10772","and path",1,50120,68.73
"10773","and pay",1,50121,68.73
"10774","and paying",1,50122,68.73
"10775","and personal",1,50123,68.73
"10776","and peter",1,50124,68.74
"10777","and pick",1,50125,68.74
"10778","and picked",1,50126,68.74
"10779","and please",1,50127,68.74
"10780","and policy",1,50128,68.74
"10781","and political",1,50129,68.74
"10782","and position",1,50130,68.74
"10783","and posting",1,50131,68.75
"10784","and pour",1,50132,68.75
"10785","and power",1,50133,68.75
"10786","and prefer",1,50134,68.75
"10787","and press",1,50135,68.75
"10788","and pride",1,50136,68.75
"10789","and prime",1,50137,68.75
"10790","and print",1,50138,68.75
"10791","and process",1,50139,68.76
"10792","and professor",1,50140,68.76
"10793","and progress",1,50141,68.76
"10794","and proper",1,50142,68.76
"10795","and purpose",1,50143,68.76
"10796","and push",1,50144,68.76
"10797","and quite",1,50145,68.76
"10798","and r",1,50146,68.77
"10799","and race",1,50147,68.77
"10800","and radio",1,50148,68.77
"10801","and raised",1,50149,68.77
"10802","and random",1,50150,68.77
"10803","and ray",1,50151,68.77
"10804","and relief",1,50152,68.77
"10805","and religious",1,50153,68.78
"10806","and remain",1,50154,68.78
"10807","and remember",1,50155,68.78
"10808","and rest",1,50156,68.78
"10809","and return",1,50157,68.78
"10810","and ring",1,50158,68.78
"10811","and rock",1,50159,68.78
"10812","and roll",1,50160,68.78
"10813","and rule",1,50161,68.79
"10814","and running",1,50162,68.79
"10815","and sam",1,50163,68.79
"10816","and save",1,50164,68.79
"10817","and saw",1,50165,68.79
"10818","and season",1,50166,68.79
"10819","and seem",1,50167,68.79
"10820","and sell",1,50168,68.8
"10821","and sent",1,50169,68.8
"10822","and seriously",1,50170,68.8
"10823","and serve",1,50171,68.8
"10824","and set",1,50172,68.8
"10825","and shape",1,50173,68.8
"10826","and share",1,50174,68.8
"10827","and shoulder",1,50175,68.81
"10828","and sing",1,50176,68.81
"10829","and sit",1,50177,68.81
"10830","and sleeping",1,50178,68.81
"10831","and slightly",1,50179,68.81
"10832","and small",1,50180,68.81
"10833","and smooth",1,50181,68.81
"10834","and society",1,50182,68.82
"10835","and somehow",1,50183,68.82
"10836","and someone",1,50184,68.82
"10837","and somewhere",1,50185,68.82
"10838","and soul",1,50186,68.82
"10839","and spending",1,50187,68.82
"10840","and spent",1,50188,68.82
"10841","and split",1,50189,68.82
"10842","and stand",1,50190,68.83
"10843","and start",1,50191,68.83
"10844","and station",1,50192,68.83
"10845","and stay",1,50193,68.83
"10846","and stick",1,50194,68.83
"10847","and straight",1,50195,68.83
"10848","and streets",1,50196,68.83
"10849","and strong",1,50197,68.84
"10850","and struck",1,50198,68.84
"10851","and stuck",1,50199,68.84
"10852","and study",1,50200,68.84
"10853","and stuff",1,50201,68.84
"10854","and style",1,50202,68.84
"10855","and sun",1,50203,68.84
"10856","and sure",1,50204,68.85
"10857","and tag",1,50205,68.85
"10858","and taking",1,50206,68.85
"10859","and taste",1,50207,68.85
"10860","and taught",1,50208,68.85
"10861","and tea",1,50209,68.85
"10862","and teaching",1,50210,68.85
"10863","and technique",1,50211,68.85
"10864","and telling",1,50212,68.86
"10865","and thank",1,50213,68.86
"10866","and themselves",1,50214,68.86
"10867","and thick",1,50215,68.86
"10868","and third",1,50216,68.86
"10869","and thought",1,50217,68.86
"10870","and three",1,50218,68.86
"10871","and threw",1,50219,68.87
"10872","and throughout",1,50220,68.87
"10873","and thrown",1,50221,68.87
"10874","and thus",1,50222,68.87
"10875","and times",1,50223,68.87
"10876","and told",1,50224,68.87
"10877","and top",1,50225,68.87
"10878","and totally",1,50226,68.88
"10879","and touch",1,50227,68.88
"10880","and toward",1,50228,68.88
"10881","and training",1,50229,68.88
"10882","and travel",1,50230,68.88
"10883","and treatment",1,50231,68.88
"10884","and tried",1,50232,68.88
"10885","and true",1,50233,68.88
"10886","and trying",1,50234,68.89
"10887","and turn",1,50235,68.89
"10888","and turned",1,50236,68.89
"10889","and turns",1,50237,68.89
"10890","and twitter",1,50238,68.89
"10891","and ultimately",1,50239,68.89
"10892","and understand",1,50240,68.89
"10893","and understanding",1,50241,68.9
"10894","and unfortunately",1,50242,68.9
"10895","and university",1,50243,68.9
"10896","and unlike",1,50244,68.9
"10897","and until",1,50245,68.9
"10898","and vanilla",1,50246,68.9
"10899","and w",1,50247,68.9
"10900","and wait",1,50248,68.91
"10901","and waiting",1,50249,68.91
"10902","and walk",1,50250,68.91
"10903","and walking",1,50251,68.91
"10904","and warm",1,50252,68.91
"10905","and wash",1,50253,68.91
"10906","and watch",1,50254,68.91
"10907","and watched",1,50255,68.92
"10908","and wave",1,50256,68.92
"10909","and way",1,50257,68.92
"10910","and wear",1,50258,68.92
"10911","and wedding",1,50259,68.92
"10912","and whatever",1,50260,68.92
"10913","and wife",1,50261,68.92
"10914","and willing",1,50262,68.92
"10915","and wise",1,50263,68.93
"10916","and wish",1,50264,68.93
"10917","and won",1,50265,68.93
"10918","and wood",1,50266,68.93
"10919","and worked",1,50267,68.93
"10920","and world",1,50268,68.93
"10921","and worry",1,50269,68.93
"10922","and wrong",1,50270,68.94
"10923","and wrote",1,50271,68.94
"10924","and yellow",1,50272,68.94
"10925","and yesterday",1,50273,68.94
"10926","angel by",1,50274,68.94
"10927","angel of",1,50275,68.94
"10928","angel right",1,50276,68.94
"10929","anger always",1,50277,68.95
"10930","anger and",1,50278,68.95
"10931","anger had",1,50279,68.95
"10932","anger is",1,50280,68.95
"10933","anger no",1,50281,68.95
"10934","anger or",1,50282,68.95
"10935","anger that",1,50283,68.95
"10936","anger what",1,50284,68.95
"10937","animal have",1,50285,68.96
"10938","animal inside",1,50286,68.96
"10939","animal is",1,50287,68.96
"10940","animal on",1,50288,68.96
"10941","animal she",1,50289,68.96
"10942","animal you",1,50290,68.96
"10943","anniversary hand",1,50291,68.96
"10944","anniversary i",1,50292,68.97
"10945","anniversary of",1,50293,68.97
"10946","annual benefit",1,50294,68.97
"10947","annual fallen",1,50295,68.97
"10948","another again",1,50296,68.97
"10949","another as",1,50297,68.97
"10950","another band",1,50298,68.97
"10951","another beauty",1,50299,68.98
"10952","another between",1,50300,68.98
"10953","another big",1,50301,68.98
"10954","another company",1,50302,68.98
"10955","another cup",1,50303,68.98
"10956","another cut",1,50304,68.98
"10957","another department",1,50305,68.98
"10958","another example",1,50306,68.99
"10959","another fantastic",1,50307,68.99
"10960","another feeling",1,50308,68.99
"10961","another five",1,50309,68.99
"10962","another gift",1,50310,68.99
"10963","another girl",1,50311,68.99
"10964","another go",1,50312,68.99
"10965","another great",1,50313,68.99
"10966","another hop",1,50314,69
"10967","another hour",1,50315,69
"10968","another level",1,50316,69
"10969","another location",1,50317,69
"10970","another month",1,50318,69
"10971","another of",1,50319,69
"10972","another off",1,50320,69
"10973","another one",1,50321,69.01
"10974","another opportunity",1,50322,69.01
"10975","another or",1,50323,69.01
"10976","another parent",1,50324,69.01
"10977","another perfect",1,50325,69.01
"10978","another planet",1,50326,69.01
"10979","another power",1,50327,69.01
"10980","another push",1,50328,69.02
"10981","another question",1,50329,69.02
"10982","another route",1,50330,69.02
"10983","another short",1,50331,69.02
"10984","another simple",1,50332,69.02
"10985","another soft",1,50333,69.02
"10986","another some",1,50334,69.02
"10987","another study",1,50335,69.02
"10988","another teacher",1,50336,69.03
"10989","another text",1,50337,69.03
"10990","another the",1,50338,69.03
"10991","another three",1,50339,69.03
"10992","another urban",1,50340,69.03
"10993","another way",1,50341,69.03
"10994","another week",1,50342,69.03
"10995","another who",1,50343,69.04
"10996","another without",1,50344,69.04
"10997","another work",1,50345,69.04
"10998","another you",1,50346,69.04
"10999","answer becomes",1,50347,69.04
"11000","answer everything",1,50348,69.04
"11001","answer some",1,50349,69.04
"11002","answer that",1,50350,69.05
"11003","answer this",1,50351,69.05
"11004","answer well",1,50352,69.05
"11005","answer why",1,50353,69.05
"11006","answer your",1,50354,69.05
"11007","anti group",1,50355,69.05
"11008","anti pro",1,50356,69.05
"11009","anti social",1,50357,69.06
"11010","anti star",1,50358,69.06
"11011","anti writer",1,50359,69.06
"11012","any about",1,50360,69.06
"11013","any actual",1,50361,69.06
"11014","any additional",1,50362,69.06
"11015","any advice",1,50363,69.06
"11016","any as",1,50364,69.06
"11017","any better",1,50365,69.07
"11018","any big",1,50366,69.07
"11019","any book",1,50367,69.07
"11020","any brain",1,50368,69.07
"11021","any business",1,50369,69.07
"11022","any by",1,50370,69.07
"11023","any cause",1,50371,69.07
"11024","any chance",1,50372,69.08
"11025","any early",1,50373,69.08
"11026","any high",1,50374,69.08
"11027","any in",1,50375,69.08
"11028","any kind",1,50376,69.08
"11029","any light",1,50377,69.08
"11030","any longer",1,50378,69.08
"11031","any love",1,50379,69.09
"11032","any mail",1,50380,69.09
"11033","any moment",1,50381,69.09
"11034","any money",1,50382,69.09
"11035","any museum",1,50383,69.09
"11036","any my",1,50384,69.09
"11037","any nation",1,50385,69.09
"11038","any negative",1,50386,69.09
"11039","any nurse",1,50387,69.1
"11040","any occasion",1,50388,69.1
"11041","any order",1,50389,69.1
"11042","any particular",1,50390,69.1
"11043","any photo",1,50391,69.1
"11044","any problem",1,50392,69.1
"11045","any really",1,50393,69.1
"11046","any reason",1,50394,69.11
"11047","any restaurant",1,50395,69.11
"11048","any short",1,50396,69.11
"11049","any situation",1,50397,69.11
"11050","any size",1,50398,69.11
"11051","any so",1,50399,69.11
"11052","any style",1,50400,69.11
"11053","any support",1,50401,69.12
"11054","any than",1,50402,69.12
"11055","any that",1,50403,69.12
"11056","any to",1,50404,69.12
"11057","any we",1,50405,69.12
"11058","any what",1,50406,69.12
"11059","any worse",1,50407,69.12
"11060","any you",1,50408,69.12
"11061","anyone about",1,50409,69.13
"11062","anyone and",1,50410,69.13
"11063","anyone at",1,50411,69.13
"11064","anyone can",1,50412,69.13
"11065","anyone care",1,50413,69.13
"11066","anyone have",1,50414,69.13
"11067","anyone i",1,50415,69.13
"11068","anyone in",1,50416,69.14
"11069","anyone not",1,50417,69.14
"11070","anyone out",1,50418,69.14
"11071","anyone rather",1,50419,69.14
"11072","anyone rolling",1,50420,69.14
"11073","anyone so",1,50421,69.14
"11074","anyone that",1,50422,69.14
"11075","anyone think",1,50423,69.15
"11076","anyone will",1,50424,69.15
"11077","anything a",1,50425,69.15
"11078","anything as",1,50426,69.15
"11079","anything because",1,50427,69.15
"11080","anything before",1,50428,69.15
"11081","anything big",1,50429,69.15
"11082","anything by",1,50430,69.16
"11083","anything for",1,50431,69.16
"11084","anything good",1,50432,69.16
"11085","anything here",1,50433,69.16
"11086","anything new",1,50434,69.16
"11087","anything not",1,50435,69.16
"11088","anything on",1,50436,69.16
"11089","anything once",1,50437,69.16
"11090","anything the",1,50438,69.17
"11091","anything too",1,50439,69.17
"11092","anything true",1,50440,69.17
"11093","anything up",1,50441,69.17
"11094","anything we",1,50442,69.17
"11095","anything yet",1,50443,69.17
"11096","anything you",1,50444,69.17
"11097","anyway and",1,50445,69.18
"11098","anyway d",1,50446,69.18
"11099","anyway many",1,50447,69.18
"11100","anyway me",1,50448,69.18
"11101","anyway night",1,50449,69.18
"11102","anyway s",1,50450,69.18
"11103","anyway that",1,50451,69.18
"11104","anyway there",1,50452,69.19
"11105","anyway well",1,50453,69.19
"11106","anywhere as",1,50454,69.19
"11107","anywhere between",1,50455,69.19
"11108","anywhere from",1,50456,69.19
"11109","anywhere soon",1,50457,69.19
"11110","apart almost",1,50458,69.19
"11111","apart and",1,50459,69.19
"11112","apart but",1,50460,69.2
"11113","apart meet",1,50461,69.2
"11114","apartment and",1,50462,69.2
"11115","apartment by",1,50463,69.2
"11116","apartment his",1,50464,69.2
"11117","apartment i",1,50465,69.2
"11118","apartment of",1,50466,69.2
"11119","apartment prepare",1,50467,69.21
"11120","apartment search",1,50468,69.21
"11121","apartment then",1,50469,69.21
"11122","apparently a",1,50470,69.21
"11123","apparently as",1,50471,69.21
"11124","apparently no",1,50472,69.21
"11125","apparently this",1,50473,69.21
"11126","apparently those",1,50474,69.22
"11127","apparently where",1,50475,69.22
"11128","apparently your",1,50476,69.22
"11129","appeal against",1,50477,69.22
"11130","appeal data",1,50478,69.22
"11131","appeal it",1,50479,69.22
"11132","appeal its",1,50480,69.22
"11133","appeal to",1,50481,69.23
"11134","appear more",1,50482,69.23
"11135","appearance all",1,50483,69.23
"11136","appearance and",1,50484,69.23
"11137","appearance for",1,50485,69.23
"11138","appearance with",1,50486,69.23
"11139","apple because",1,50487,69.23
"11140","apple have",1,50488,69.23
"11141","apple into",1,50489,69.24
"11142","apple on",1,50490,69.24
"11143","application for",1,50491,69.24
"11144","application form",1,50492,69.24
"11145","application is",1,50493,69.24
"11146","application was",1,50494,69.24
"11147","applied already",1,50495,69.24
"11148","applied at",1,50496,69.25
"11149","applied eight",1,50497,69.25
"11150","applied really",1,50498,69.25
"11151","applied this",1,50499,69.25
"11152","applied to",1,50500,69.25
"11153","apply for",1,50501,69.25
"11154","apply is",1,50502,69.25
"11155","apply to",1,50503,69.26
"11156","appointment and",1,50504,69.26
"11157","appointment because",1,50505,69.26
"11158","appreciate in",1,50506,69.26
"11159","appreciate more",1,50507,69.26
"11160","appreciate the",1,50508,69.26
"11161","appreciate who",1,50509,69.26
"11162","approach as",1,50510,69.26
"11163","approach today",1,50511,69.27
"11164","appropriate behavior",1,50512,69.27
"11165","appropriate description",1,50513,69.27
"11166","appropriate for",1,50514,69.27
"11167","appropriate since",1,50515,69.27
"11168","appropriate times",1,50516,69.27
"11169","are absolutely",1,50517,69.27
"11170","are acting",1,50518,69.28
"11171","are al",1,50519,69.28
"11172","are alone",1,50520,69.28
"11173","are already",1,50521,69.28
"11174","are another",1,50522,69.28
"11175","are appropriate",1,50523,69.28
"11176","are as",1,50524,69.28
"11177","are available",1,50525,69.29
"11178","are aware",1,50526,69.29
"11179","are becoming",1,50527,69.29
"11180","are beginning",1,50528,69.29
"11181","are beyond",1,50529,69.29
"11182","are big",1,50530,69.29
"11183","are born",1,50531,69.29
"11184","are but",1,50532,69.3
"11185","are by",1,50533,69.3
"11186","are close",1,50534,69.3
"11187","are constantly",1,50535,69.3
"11188","are convinced",1,50536,69.3
"11189","are currently",1,50537,69.3
"11190","are dealing",1,50538,69.3
"11191","are debt",1,50539,69.3
"11192","are delicious",1,50540,69.31
"11193","are different",1,50541,69.31
"11194","are directly",1,50542,69.31
"11195","are down",1,50543,69.31
"11196","are easy",1,50544,69.31
"11197","are eating",1,50545,69.31
"11198","are effective",1,50546,69.31
"11199","are enjoying",1,50547,69.32
"11200","are equal",1,50548,69.32
"11201","are essential",1,50549,69.32
"11202","are even",1,50550,69.32
"11203","are ever",1,50551,69.32
"11204","are facing",1,50552,69.32
"11205","are familiar",1,50553,69.32
"11206","are federal",1,50554,69.33
"11207","are feeling",1,50555,69.33
"11208","are few",1,50556,69.33
"11209","are finding",1,50557,69.33
"11210","are flat",1,50558,69.33
"11211","are fun",1,50559,69.33
"11212","are given",1,50560,69.33
"11213","are greater",1,50561,69.33
"11214","are hanging",1,50562,69.34
"11215","are high",1,50563,69.34
"11216","are holding",1,50564,69.34
"11217","are home",1,50565,69.34
"11218","are if",1,50566,69.34
"11219","are incredible",1,50567,69.34
"11220","are independent",1,50568,69.34
"11221","are intended",1,50569,69.35
"11222","are into",1,50570,69.35
"11223","are involved",1,50571,69.35
"11224","are know",1,50572,69.35
"11225","are links",1,50573,69.35
"11226","are lovely",1,50574,69.35
"11227","are lucky",1,50575,69.35
"11228","are made",1,50576,69.36
"11229","are making",1,50577,69.36
"11230","are meet",1,50578,69.36
"11231","are mostly",1,50579,69.36
"11232","are much",1,50580,69.36
"11233","are my",1,50581,69.36
"11234","are new",1,50582,69.36
"11235","are open",1,50583,69.36
"11236","are or",1,50584,69.37
"11237","are our",1,50585,69.37
"11238","are particularly",1,50586,69.37
"11239","are passing",1,50587,69.37
"11240","are people",1,50588,69.37
"11241","are per",1,50589,69.37
"11242","are plenty",1,50590,69.37
"11243","are prepared",1,50591,69.38
"11244","are pretty",1,50592,69.38
"11245","are raw",1,50593,69.38
"11246","are ready",1,50594,69.38
"11247","are real",1,50595,69.38
"11248","are really",1,50596,69.38
"11249","are regularly",1,50597,69.38
"11250","are right",1,50598,69.39
"11251","are s",1,50599,69.39
"11252","are sad",1,50600,69.39
"11253","are safe",1,50601,69.39
"11254","are said",1,50602,69.39
"11255","are saving",1,50603,69.39
"11256","are saying",1,50604,69.39
"11257","are service",1,50605,69.4
"11258","are set",1,50606,69.4
"11259","are several",1,50607,69.4
"11260","are sharp",1,50608,69.4
"11261","are simply",1,50609,69.4
"11262","are slow",1,50610,69.4
"11263","are smaller",1,50611,69.4
"11264","are smart",1,50612,69.4
"11265","are soft",1,50613,69.41
"11266","are sometimes",1,50614,69.41
"11267","are somewhat",1,50615,69.41
"11268","are soon",1,50616,69.41
"11269","are speaking",1,50617,69.41
"11270","are special",1,50618,69.41
"11271","are spending",1,50619,69.41
"11272","are struggling",1,50620,69.42
"11273","are suffering",1,50621,69.42
"11274","are super",1,50622,69.42
"11275","are sure",1,50623,69.42
"11276","are taken",1,50624,69.42
"11277","are taking",1,50625,69.42
"11278","are talking",1,50626,69.42
"11279","are than",1,50627,69.43
"11280","are there",1,50628,69.43
"11281","are they",1,50629,69.43
"11282","are think",1,50630,69.43
"11283","are thinking",1,50631,69.43
"11284","are times",1,50632,69.43
"11285","are training",1,50633,69.43
"11286","are trying",1,50634,69.43
"11287","are two",1,50635,69.44
"11288","are u",1,50636,69.44
"11289","are under",1,50637,69.44
"11290","are us",1,50638,69.44
"11291","are usually",1,50639,69.44
"11292","are waiting",1,50640,69.44
"11293","are walking",1,50641,69.44
"11294","are watching",1,50642,69.45
"11295","are well",1,50643,69.45
"11296","are what",1,50644,69.45
"11297","are will",1,50645,69.45
"11298","are willing",1,50646,69.45
"11299","are yes",1,50647,69.45
"11300","area but",1,50648,69.45
"11301","area contact",1,50649,69.46
"11302","area i",1,50650,69.46
"11303","area the",1,50651,69.46
"11304","area were",1,50652,69.46
"11305","argument let",1,50653,69.46
"11306","argument was",1,50654,69.46
"11307","arm and",1,50655,69.46
"11308","arm is",1,50656,69.47
"11309","arm of",1,50657,69.47
"11310","arm or",1,50658,69.47
"11311","arm should",1,50659,69.47
"11312","arms across",1,50660,69.47
"11313","arms i",1,50661,69.47
"11314","arms length",1,50662,69.47
"11315","arms of",1,50663,69.47
"11316","arms to",1,50664,69.48
"11317","army and",1,50665,69.48
"11318","army of",1,50666,69.48
"11319","army s",1,50667,69.48
"11320","army there",1,50668,69.48
"11321","around all",1,50669,69.48
"11322","around am",1,50670,69.48
"11323","around anything",1,50671,69.49
"11324","around because",1,50672,69.49
"11325","around beer",1,50673,69.49
"11326","around before",1,50674,69.49
"11327","around but",1,50675,69.49
"11328","around ground",1,50676,69.49
"11329","around have",1,50677,69.49
"11330","around he",1,50678,69.5
"11331","around her",1,50679,69.5
"11332","around herself",1,50680,69.5
"11333","around it",1,50681,69.5
"11334","around like",1,50682,69.5
"11335","around low",1,50683,69.5
"11336","around mine",1,50684,69.5
"11337","around mostly",1,50685,69.5
"11338","around much",1,50686,69.51
"11339","around new",1,50687,69.51
"11340","around no",1,50688,69.51
"11341","around our",1,50689,69.51
"11342","around s",1,50690,69.51
"11343","around standing",1,50691,69.51
"11344","around this",1,50692,69.51
"11345","around us",1,50693,69.52
"11346","around week",1,50694,69.52
"11347","arrive home",1,50695,69.52
"11348","arrive i",1,50696,69.52
"11349","arrive on",1,50697,69.52
"11350","art a",1,50698,69.52
"11351","art as",1,50699,69.52
"11352","art designed",1,50700,69.53
"11353","art first",1,50701,69.53
"11354","art is",1,50702,69.53
"11355","art recently",1,50703,69.53
"11356","art religion",1,50704,69.53
"11357","art some",1,50705,69.53
"11358","art the",1,50706,69.53
"11359","art through",1,50707,69.53
"11360","article about",1,50708,69.54
"11361","article at",1,50709,69.54
"11362","article by",1,50710,69.54
"11363","article c",1,50711,69.54
"11364","article does",1,50712,69.54
"11365","article f",1,50713,69.54
"11366","article from",1,50714,69.54
"11367","article made",1,50715,69.55
"11368","article should",1,50716,69.55
"11369","article talk",1,50717,69.55
"11370","article that",1,50718,69.55
"11371","artist as",1,50719,69.55
"11372","artist bake",1,50720,69.55
"11373","artist community",1,50721,69.55
"11374","artist in",1,50722,69.56
"11375","as anything",1,50723,69.56
"11376","as army",1,50724,69.56
"11377","as beautiful",1,50725,69.56
"11378","as big",1,50726,69.56
"11379","as boss",1,50727,69.56
"11380","as brother",1,50728,69.56
"11381","as by",1,50729,69.57
"11382","as can",1,50730,69.57
"11383","as carefully",1,50731,69.57
"11384","as close",1,50732,69.57
"11385","as crazy",1,50733,69.57
"11386","as despite",1,50734,69.57
"11387","as does",1,50735,69.57
"11388","as each",1,50736,69.57
"11389","as either",1,50737,69.58
"11390","as ever",1,50738,69.58
"11391","as experienced",1,50739,69.58
"11392","as food",1,50740,69.58
"11393","as funny",1,50741,69.58
"11394","as general",1,50742,69.58
"11395","as go",1,50743,69.58
"11396","as good",1,50744,69.59
"11397","as grown",1,50745,69.59
"11398","as her",1,50746,69.59
"11399","as here",1,50747,69.59
"11400","as him",1,50748,69.59
"11401","as how",1,50749,69.59
"11402","as hubby",1,50750,69.59
"11403","as ill",1,50751,69.6
"11404","as inspiration",1,50752,69.6
"11405","as job",1,50753,69.6
"11406","as jump",1,50754,69.6
"11407","as king",1,50755,69.6
"11408","as large",1,50756,69.6
"11409","as legal",1,50757,69.6
"11410","as life",1,50758,69.6
"11411","as looking",1,50759,69.61
"11412","as loss",1,50760,69.61
"11413","as military",1,50761,69.61
"11414","as more",1,50762,69.61
"11415","as moving",1,50763,69.61
"11416","as music",1,50764,69.61
"11417","as natural",1,50765,69.61
"11418","as necessary",1,50766,69.62
"11419","as news",1,50767,69.62
"11420","as no",1,50768,69.62
"11421","as not",1,50769,69.62
"11422","as on",1,50770,69.62
"11423","as other",1,50771,69.62
"11424","as out",1,50772,69.62
"11425","as people",1,50773,69.63
"11426","as popular",1,50774,69.63
"11427","as private",1,50775,69.63
"11428","as property",1,50776,69.63
"11429","as regularly",1,50777,69.63
"11430","as see",1,50778,69.63
"11431","as silence",1,50779,69.63
"11432","as simple",1,50780,69.64
"11433","as small",1,50781,69.64
"11434","as smooth",1,50782,69.64
"11435","as some",1,50783,69.64
"11436","as taking",1,50784,69.64
"11437","as th",1,50785,69.64
"11438","as there",1,50786,69.64
"11439","as these",1,50787,69.64
"11440","as thin",1,50788,69.65
"11441","as those",1,50789,69.65
"11442","as usually",1,50790,69.65
"11443","as water",1,50791,69.65
"11444","as wet",1,50792,69.65
"11445","as while",1,50793,69.65
"11446","as wild",1,50794,69.65
"11447","as yet",1,50795,69.66
"11448","aside i",1,50796,69.66
"11449","aside the",1,50797,69.66
"11450","aside there",1,50798,69.66
"11451","ask and",1,50799,69.66
"11452","ask any",1,50800,69.66
"11453","ask him",1,50801,69.66
"11454","ask if",1,50802,69.67
"11455","ask in",1,50803,69.67
"11456","ask it",1,50804,69.67
"11457","ask no",1,50805,69.67
"11458","ask she",1,50806,69.67
"11459","ask so",1,50807,69.67
"11460","ask someone",1,50808,69.67
"11461","ask that",1,50809,69.67
"11462","ask trying",1,50810,69.68
"11463","ask well",1,50811,69.68
"11464","ask you",1,50812,69.68
"11465","ask yourself",1,50813,69.68
"11466","asleep but",1,50814,69.68
"11467","asleep by",1,50815,69.68
"11468","asleep on",1,50816,69.68
"11469","asleep was",1,50817,69.69
"11470","asleep with",1,50818,69.69
"11471","aspect will",1,50819,69.69
"11472","associated either",1,50820,69.69
"11473","associated force",1,50821,69.69
"11474","association agreement",1,50822,69.69
"11475","association between",1,50823,69.69
"11476","association is",1,50824,69.7
"11477","association of",1,50825,69.7
"11478","association that",1,50826,69.7
"11479","association to",1,50827,69.7
"11480","assume the",1,50828,69.7
"11481","at again",1,50829,69.7
"11482","at age",1,50830,69.7
"11483","at almost",1,50831,69.71
"11484","at along",1,50832,69.71
"11485","at appropriate",1,50833,69.71
"11486","at beautiful",1,50834,69.71
"11487","at beer",1,50835,69.71
"11488","at below",1,50836,69.71
"11489","at certain",1,50837,69.71
"11490","at court",1,50838,69.71
"11491","at defense",1,50839,69.72
"11492","at don",1,50840,69.72
"11493","at every",1,50841,69.72
"11494","at five",1,50842,69.72
"11495","at hall",1,50843,69.72
"11496","at hand",1,50844,69.72
"11497","at high",1,50845,69.72
"11498","at highest",1,50846,69.73
"11499","at if",1,50847,69.73
"11500","at just",1,50848,69.73
"11501","at length",1,50849,69.73
"11502","at life",1,50850,69.73
"11503","at light",1,50851,69.73
"11504","at midnight",1,50852,69.73
"11505","at mile",1,50853,69.74
"11506","at minute",1,50854,69.74
"11507","at most",1,50855,69.74
"11508","at novel",1,50856,69.74
"11509","at of",1,50857,69.74
"11510","at old",1,50858,69.74
"11511","at once",1,50859,69.74
"11512","at or",1,50860,69.74
"11513","at p",1,50861,69.75
"11514","at paying",1,50862,69.75
"11515","at people",1,50863,69.75
"11516","at police",1,50864,69.75
"11517","at pretty",1,50865,69.75
"11518","at quickly",1,50866,69.75
"11519","at r",1,50867,69.75
"11520","at s",1,50868,69.76
"11521","at san",1,50869,69.76
"11522","at school",1,50870,69.76
"11523","at second",1,50871,69.76
"11524","at self",1,50872,69.76
"11525","at square",1,50873,69.76
"11526","at street",1,50874,69.76
"11527","at talk",1,50875,69.77
"11528","at television",1,50876,69.77
"11529","at there",1,50877,69.77
"11530","at think",1,50878,69.77
"11531","at three",1,50879,69.77
"11532","at two",1,50880,69.77
"11533","at union",1,50881,69.77
"11534","at we",1,50882,69.77
"11535","at when",1,50883,69.78
"11536","at winning",1,50884,69.78
"11537","at world",1,50885,69.78
"11538","at year",1,50886,69.78
"11539","at young",1,50887,69.78
"11540","ate at",1,50888,69.78
"11541","ate if",1,50889,69.78
"11542","ate it",1,50890,69.79
"11543","ate so",1,50891,69.79
"11544","ate some",1,50892,69.79
"11545","ate them",1,50893,69.79
"11546","ate up",1,50894,69.79
"11547","ate while",1,50895,69.79
"11548","ate you",1,50896,69.79
"11549","attached it",1,50897,69.8
"11550","attached to",1,50898,69.8
"11551","attempt at",1,50899,69.8
"11552","attempt so",1,50900,69.8
"11553","attend he",1,50901,69.8
"11554","attend in",1,50902,69.8
"11555","attend is",1,50903,69.8
"11556","attend our",1,50904,69.81
"11557","attend school",1,50905,69.81
"11558","attend the",1,50906,69.81
"11559","attention and",1,50907,69.81
"11560","attention as",1,50908,69.81
"11561","attention away",1,50909,69.81
"11562","attention be",1,50910,69.81
"11563","attention can",1,50911,69.81
"11564","attention i",1,50912,69.82
"11565","attention it",1,50913,69.82
"11566","attention since",1,50914,69.82
"11567","attention that",1,50915,69.82
"11568","attitude to",1,50916,69.82
"11569","attitude toward",1,50917,69.82
"11570","audience of",1,50918,69.82
"11571","audience that",1,50919,69.83
"11572","audience too",1,50920,69.83
"11573","august august",1,50921,69.83
"11574","august not",1,50922,69.83
"11575","august slightly",1,50923,69.83
"11576","author by",1,50924,69.83
"11577","author d",1,50925,69.83
"11578","author if",1,50926,69.84
"11579","author m",1,50927,69.84
"11580","author of",1,50928,69.84
"11581","author smith",1,50929,69.84
"11582","author that",1,50930,69.84
"11583","authority and",1,50931,69.84
"11584","authority but",1,50932,69.84
"11585","authority s",1,50933,69.84
"11586","authority that",1,50934,69.85
"11587","available can",1,50935,69.85
"11588","available free",1,50936,69.85
"11589","available on",1,50937,69.85
"11590","average a",1,50938,69.85
"11591","average are",1,50939,69.85
"11592","average human",1,50940,69.85
"11593","average joe",1,50941,69.86
"11594","average the",1,50942,69.86
"11595","average white",1,50943,69.86
"11596","avoid against",1,50944,69.86
"11597","avoid and",1,50945,69.86
"11598","avoid another",1,50946,69.86
"11599","avoid it",1,50947,69.86
"11600","avoid the",1,50948,69.87
"11601","avoid this",1,50949,69.87
"11602","award she",1,50950,69.87
"11603","award when",1,50951,69.87
"11604","aware that",1,50952,69.87
"11605","awareness to",1,50953,69.87
"11606","away a",1,50954,69.87
"11607","away afraid",1,50955,69.88
"11608","away against",1,50956,69.88
"11609","away as",1,50957,69.88
"11610","away both",1,50958,69.88
"11611","away but",1,50959,69.88
"11612","away can",1,50960,69.88
"11613","away everything",1,50961,69.88
"11614","away go",1,50962,69.88
"11615","away into",1,50963,69.89
"11616","away last",1,50964,69.89
"11617","away leaving",1,50965,69.89
"11618","away let",1,50966,69.89
"11619","away national",1,50967,69.89
"11620","away our",1,50968,69.89
"11621","away perform",1,50969,69.89
"11622","away ready",1,50970,69.9
"11623","away shown",1,50971,69.9
"11624","away so",1,50972,69.9
"11625","away t",1,50973,69.9
"11626","away take",1,50974,69.9
"11627","away thank",1,50975,69.9
"11628","away that",1,50976,69.9
"11629","away we",1,50977,69.91
"11630","away when",1,50978,69.91
"11631","away while",1,50979,69.91
"11632","away your",1,50980,69.91
"11633","awesome deal",1,50981,69.91
"11634","awesome dear",1,50982,69.91
"11635","awesome however",1,50983,69.91
"11636","awesome i",1,50984,69.91
"11637","awesome my",1,50985,69.92
"11638","awesome san",1,50986,69.92
"11639","awesome she",1,50987,69.92
"11640","awesome time",1,50988,69.92
"11641","awesome with",1,50989,69.92
"11642","b a",1,50990,69.92
"11643","b b",1,50991,69.92
"11644","b is",1,50992,69.93
"11645","b it",1,50993,69.93
"11646","b on",1,50994,69.93
"11647","b supposed",1,50995,69.93
"11648","b the",1,50996,69.93
"11649","b where",1,50997,69.93
"11650","baby after",1,50998,69.93
"11651","baby as",1,50999,69.94
"11652","baby blue",1,51000,69.94
"11653","baby can",1,51001,69.94
"11654","baby card",1,51002,69.94
"11655","baby check",1,51003,69.94
"11656","baby don",1,51004,69.94
"11657","baby for",1,51005,69.94
"11658","baby got",1,51006,69.95
"11659","baby head",1,51007,69.95
"11660","baby i",1,51008,69.95
"11661","baby is",1,51009,69.95
"11662","baby quilt",1,51010,69.95
"11663","baby room",1,51011,69.95
"11664","baby talking",1,51012,69.95
"11665","baby to",1,51013,69.95
"11666","baby visit",1,51014,69.96
"11667","baby well",1,51015,69.96
"11668","baby yes",1,51016,69.96
"11669","back actually",1,51017,69.96
"11670","back again",1,51018,69.96
"11671","back also",1,51019,69.96
"11672","back are",1,51020,69.96
"11673","back away",1,51021,69.97
"11674","back craft",1,51022,69.97
"11675","back got",1,51023,69.97
"11676","back is",1,51024,69.97
"11677","back leaving",1,51025,69.97
"11678","back now",1,51026,69.97
"11679","back out",1,51027,69.97
"11680","back part",1,51028,69.98
"11681","back reference",1,51029,69.98
"11682","back since",1,51030,69.98
"11683","back soon",1,51031,69.98
"11684","back t",1,51032,69.98
"11685","back their",1,51033,69.98
"11686","back there",1,51034,69.98
"11687","back this",1,51035,69.98
"11688","back though",1,51036,69.99
"11689","back today",1,51037,69.99
"11690","back when",1,51038,69.99
"11691","back yard",1,51039,69.99
"11692","background a",1,51040,69.99
"11693","background as",1,51041,69.99
"11694","background i",1,51042,69.99
"11695","background like",1,51043,70
"11696","background on",1,51044,70
"11697","background or",1,51045,70
"11698","background which",1,51046,70
"11699","bad about",1,51047,70
"11700","bad after",1,51048,70
"11701","bad behind",1,51049,70
"11702","bad cold",1,51050,70.01
"11703","bad credit",1,51051,70.01
"11704","bad drive",1,51052,70.01
"11705","bad enough",1,51053,70.01
"11706","bad how",1,51054,70.01
"11707","bad idea",1,51055,70.01
"11708","bad in",1,51056,70.01
"11709","bad it",1,51057,70.01
"11710","bad light",1,51058,70.02
"11711","bad maybe",1,51059,70.02
"11712","bad no",1,51060,70.02
"11713","bad not",1,51061,70.02
"11714","bad shape",1,51062,70.02
"11715","bad situation",1,51063,70.02
"11716","bad that",1,51064,70.02
"11717","bad the",1,51065,70.03
"11718","bad thing",1,51066,70.03
"11719","bad traffic",1,51067,70.03
"11720","bad we",1,51068,70.03
"11721","bad which",1,51069,70.03
"11722","bag a",1,51070,70.03
"11723","bag already",1,51071,70.03
"11724","bag and",1,51072,70.04
"11725","bag in",1,51073,70.04
"11726","bag it",1,51074,70.04
"11727","bag our",1,51075,70.04
"11728","bag pull",1,51076,70.04
"11729","bag the",1,51077,70.04
"11730","bag today",1,51078,70.04
"11731","bag whenever",1,51079,70.05
"11732","bag which",1,51080,70.05
"11733","bag with",1,51081,70.05
"11734","bake at",1,51082,70.05
"11735","bake but",1,51083,70.05
"11736","bake even",1,51084,70.05
"11737","bake i",1,51085,70.05
"11738","bake is",1,51086,70.05
"11739","bake the",1,51087,70.06
"11740","bake until",1,51088,70.06
"11741","bake without",1,51089,70.06
"11742","baking and",1,51090,70.06
"11743","baking company",1,51091,70.06
"11744","baking maybe",1,51092,70.06
"11745","baking on",1,51093,70.06
"11746","baking paper",1,51094,70.07
"11747","balance between",1,51095,70.07
"11748","balance can",1,51096,70.07
"11749","balance coming",1,51097,70.07
"11750","balance of",1,51098,70.07
"11751","balance throughout",1,51099,70.07
"11752","balance whether",1,51100,70.07
"11753","ball and",1,51101,70.08
"11754","ball broke",1,51102,70.08
"11755","ball by",1,51103,70.08
"11756","ball inside",1,51104,70.08
"11757","ball of",1,51105,70.08
"11758","ball rolling",1,51106,70.08
"11759","ball tried",1,51107,70.08
"11760","band and",1,51108,70.08
"11761","band at",1,51109,70.09
"11762","band check",1,51110,70.09
"11763","band from",1,51111,70.09
"11764","band goes",1,51112,70.09
"11765","band i",1,51113,70.09
"11766","band in",1,51114,70.09
"11767","band live",1,51115,70.09
"11768","band s",1,51116,70.1
"11769","band that",1,51117,70.1
"11770","band the",1,51118,70.1
"11771","band who",1,51119,70.1
"11772","band worked",1,51120,70.1
"11773","band you",1,51121,70.1
"11774","bank he",1,51122,70.1
"11775","bank is",1,51123,70.11
"11776","bank s",1,51124,70.11
"11777","bar but",1,51125,70.11
"11778","bar ground",1,51126,70.11
"11779","bar hanging",1,51127,70.11
"11780","bar i",1,51128,70.11
"11781","bar in",1,51129,70.11
"11782","bar is",1,51130,70.12
"11783","bar only",1,51131,70.12
"11784","bar space",1,51132,70.12
"11785","bar was",1,51133,70.12
"11786","bar work",1,51134,70.12
"11787","barely got",1,51135,70.12
"11788","barely run",1,51136,70.12
"11789","barely see",1,51137,70.12
"11790","base and",1,51138,70.13
"11791","base as",1,51139,70.13
"11792","base in",1,51140,70.13
"11793","base our",1,51141,70.13
"11794","base to",1,51142,70.13
"11795","base under",1,51143,70.13
"11796","based critical",1,51144,70.13
"11797","based not",1,51145,70.14
"11798","based only",1,51146,70.14
"11799","based sauce",1,51147,70.14
"11800","based upon",1,51148,70.14
"11801","based what",1,51149,70.14
"11802","basic and",1,51150,70.14
"11803","basic belief",1,51151,70.14
"11804","basic for",1,51152,70.15
"11805","basic i",1,51153,70.15
"11806","basic that",1,51154,70.15
"11807","basically just",1,51155,70.15
"11808","basically on",1,51156,70.15
"11809","basis and",1,51157,70.15
"11810","basis it",1,51158,70.15
"11811","basis provide",1,51159,70.15
"11812","basis that",1,51160,70.16
"11813","basis they",1,51161,70.16
"11814","bathroom super",1,51162,70.16
"11815","bathroom that",1,51163,70.16
"11816","bathroom to",1,51164,70.16
"11817","battle and",1,51165,70.16
"11818","battle in",1,51166,70.16
"11819","battle of",1,51167,70.17
"11820","battle that",1,51168,70.17
"11821","battle to",1,51169,70.17
"11822","battle yesterday",1,51170,70.17
"11823","bay prison",1,51171,70.17
"11824","bay s",1,51172,70.17
"11825","bay the",1,51173,70.17
"11826","bay with",1,51174,70.18
"11827","be absolutely",1,51175,70.18
"11828","be accepted",1,51176,70.18
"11829","be after",1,51177,70.18
"11830","be any",1,51178,70.18
"11831","be anywhere",1,51179,70.18
"11832","be applied",1,51180,70.18
"11833","be appropriate",1,51181,70.18
"11834","be around",1,51182,70.19
"11835","be at",1,51183,70.19
"11836","be bad",1,51184,70.19
"11837","be based",1,51185,70.19
"11838","be blessed",1,51186,70.19
"11839","be born",1,51187,70.19
"11840","be busy",1,51188,70.19
"11841","be calling",1,51189,70.2
"11842","be careful",1,51190,70.2
"11843","be chocolate",1,51191,70.2
"11844","be comfortable",1,51192,70.2
"11845","be completely",1,51193,70.2
"11846","be computer",1,51194,70.2
"11847","be cool",1,51195,70.2
"11848","be covered",1,51196,70.21
"11849","be description",1,51197,70.21
"11850","be designed",1,51198,70.21
"11851","be different",1,51199,70.21
"11852","be driving",1,51200,70.21
"11853","be early",1,51201,70.21
"11854","be enjoying",1,51202,70.21
"11855","be especially",1,51203,70.22
"11856","be even",1,51204,70.22
"11857","be ex",1,51205,70.22
"11858","be exact",1,51206,70.22
"11859","be executive",1,51207,70.22
"11860","be facing",1,51208,70.22
"11861","be fair",1,51209,70.22
"11862","be felt",1,51210,70.22
"11863","be finally",1,51211,70.23
"11864","be fine",1,51212,70.23
"11865","be food",1,51213,70.23
"11866","be forever",1,51214,70.23
"11867","be forgotten",1,51215,70.23
"11868","be from",1,51216,70.23
"11869","be full",1,51217,70.23
"11870","be fun",1,51218,70.24
"11871","be girl",1,51219,70.24
"11872","be given",1,51220,70.24
"11873","be gone",1,51221,70.24
"11874","be happy",1,51222,70.24
"11875","be heading",1,51223,70.24
"11876","be healthy",1,51224,70.24
"11877","be helpful",1,51225,70.25
"11878","be hit",1,51226,70.25
"11879","be home",1,51227,70.25
"11880","be honest",1,51228,70.25
"11881","be if",1,51229,70.25
"11882","be independent",1,51230,70.25
"11883","be interesting",1,51231,70.25
"11884","be is",1,51232,70.25
"11885","be just",1,51233,70.26
"11886","be keeping",1,51234,70.26
"11887","be large",1,51235,70.26
"11888","be left",1,51236,70.26
"11889","be like",1,51237,70.26
"11890","be little",1,51238,70.26
"11891","be living",1,51239,70.26
"11892","be long",1,51240,70.27
"11893","be look",1,51241,70.27
"11894","be looking",1,51242,70.27
"11895","be lucky",1,51243,70.27
"11896","be making",1,51244,70.27
"11897","be marketing",1,51245,70.27
"11898","be me",1,51246,70.27
"11899","be method",1,51247,70.28
"11900","be mirror",1,51248,70.28
"11901","be obvious",1,51249,70.28
"11902","be occasionally",1,51250,70.28
"11903","be one",1,51251,70.28
"11904","be only",1,51252,70.28
"11905","be order",1,51253,70.28
"11906","be out",1,51254,70.29
"11907","be part",1,51255,70.29
"11908","be perfect",1,51256,70.29
"11909","be possible",1,51257,70.29
"11910","be posting",1,51258,70.29
"11911","be pregnant",1,51259,70.29
"11912","be president",1,51260,70.29
"11913","be pretty",1,51261,70.29
"11914","be provided",1,51262,70.3
"11915","be put",1,51263,70.3
"11916","be quiet",1,51264,70.3
"11917","be quite",1,51265,70.3
"11918","be ready",1,51266,70.3
"11919","be relatively",1,51267,70.3
"11920","be rich",1,51268,70.3
"11921","be romantic",1,51269,70.31
"11922","be running",1,51270,70.31
"11923","be serving",1,51271,70.31
"11924","be setting",1,51272,70.31
"11925","be sitting",1,51273,70.31
"11926","be speaking",1,51274,70.31
"11927","be specific",1,51275,70.31
"11928","be spending",1,51276,70.32
"11929","be strong",1,51277,70.32
"11930","be successful",1,51278,70.32
"11931","be taught",1,51279,70.32
"11932","be th",1,51280,70.32
"11933","be thankful",1,51281,70.32
"11934","be their",1,51282,70.32
"11935","be these",1,51283,70.32
"11936","be thin",1,51284,70.33
"11937","be thinking",1,51285,70.33
"11938","be those",1,51286,70.33
"11939","be thrown",1,51287,70.33
"11940","be totally",1,51288,70.33
"11941","be two",1,51289,70.33
"11942","be u",1,51290,70.33
"11943","be understanding",1,51291,70.34
"11944","be useful",1,51292,70.34
"11945","be visiting",1,51293,70.34
"11946","be waiting",1,51294,70.34
"11947","be watching",1,51295,70.34
"11948","be water",1,51296,70.34
"11949","be we",1,51297,70.34
"11950","be wearing",1,51298,70.35
"11951","be well",1,51299,70.35
"11952","be when",1,51300,70.35
"11953","be wide",1,51301,70.35
"11954","be willing",1,51302,70.35
"11955","be wise",1,51303,70.35
"11956","be wonderful",1,51304,70.35
"11957","be would",1,51305,70.36
"11958","be wow",1,51306,70.36
"11959","be writing",1,51307,70.36
"11960","be your",1,51308,70.36
"11961","be yours",1,51309,70.36
"11962","beach and",1,51310,70.36
"11963","beach glass",1,51311,70.36
"11964","beach holiday",1,51312,70.36
"11965","beach i",1,51313,70.37
"11966","beach is",1,51314,70.37
"11967","bear for",1,51315,70.37
"11968","bear his",1,51316,70.37
"11969","bear into",1,51317,70.37
"11970","bear other",1,51318,70.37
"11971","bear the",1,51319,70.37
"11972","bear were",1,51320,70.38
"11973","beat and",1,51321,70.38
"11974","beat butter",1,51322,70.38
"11975","beat me",1,51323,70.38
"11976","beat once",1,51324,70.38
"11977","beat the",1,51325,70.38
"11978","beat we",1,51326,70.38
"11979","beautiful amazing",1,51327,70.39
"11980","beautiful as",1,51328,70.39
"11981","beautiful because",1,51329,70.39
"11982","beautiful by",1,51330,70.39
"11983","beautiful child",1,51331,70.39
"11984","beautiful cover",1,51332,70.39
"11985","beautiful creation",1,51333,70.39
"11986","beautiful designed",1,51334,70.39
"11987","beautiful every",1,51335,70.4
"11988","beautiful i",1,51336,70.4
"11989","beautiful image",1,51337,70.4
"11990","beautiful it",1,51338,70.4
"11991","beautiful of",1,51339,70.4
"11992","beautiful old",1,51340,70.4
"11993","beautiful really",1,51341,70.4
"11994","beautiful ring",1,51342,70.41
"11995","beautiful should",1,51343,70.41
"11996","beautiful so",1,51344,70.41
"11997","beautiful song",1,51345,70.41
"11998","beautiful the",1,51346,70.41
"11999","beautiful time",1,51347,70.41
"12000","beautiful woman",1,51348,70.41
"12001","beauty above",1,51349,70.42
"12002","beauty contest",1,51350,70.42
"12003","beauty from",1,51351,70.42
"12004","beauty in",1,51352,70.42
"12005","beauty is",1,51353,70.42
"12006","because a",1,51354,70.42
"12007","because all",1,51355,70.42
"12008","because almost",1,51356,70.42
"12009","because although",1,51357,70.43
"12010","because and",1,51358,70.43
"12011","because even",1,51359,70.43
"12012","because getting",1,51360,70.43
"12013","because hard",1,51361,70.43
"12014","because his",1,51362,70.43
"12015","because is",1,51363,70.43
"12016","because life",1,51364,70.44
"12017","because many",1,51365,70.44
"12018","because my",1,51366,70.44
"12019","because new",1,51367,70.44
"12020","because obviously",1,51368,70.44
"12021","because on",1,51369,70.44
"12022","because paint",1,51370,70.44
"12023","because sleep",1,51371,70.45
"12024","because some",1,51372,70.45
"12025","because watching",1,51373,70.45
"12026","because what",1,51374,70.45
"12027","because who",1,51375,70.45
"12028","because with",1,51376,70.45
"12029","because your",1,51377,70.45
"12030","become article",1,51378,70.46
"12031","become aware",1,51379,70.46
"12032","become beautiful",1,51380,70.46
"12033","become come",1,51381,70.46
"12034","become familiar",1,51382,70.46
"12035","become full",1,51383,70.46
"12036","become highly",1,51384,70.46
"12037","become how",1,51385,70.46
"12038","become ill",1,51386,70.47
"12039","become more",1,51387,70.47
"12040","become on",1,51388,70.47
"12041","become paying",1,51389,70.47
"12042","become since",1,51390,70.47
"12043","become social",1,51391,70.47
"12044","become the",1,51392,70.47
"12045","become we",1,51393,70.48
"12046","becomes a",1,51394,70.48
"12047","becomes an",1,51395,70.48
"12048","becomes new",1,51396,70.48
"12049","becomes no",1,51397,70.48
"12050","becoming is",1,51398,70.48
"12051","becoming not",1,51399,70.48
"12052","becoming quite",1,51400,70.49
"12053","becoming the",1,51401,70.49
"12054","bed a",1,51402,70.49
"12055","bed also",1,51403,70.49
"12056","bed always",1,51404,70.49
"12057","bed around",1,51405,70.49
"12058","bed as",1,51406,70.49
"12059","bed by",1,51407,70.49
"12060","bed down",1,51408,70.5
"12061","bed drawing",1,51409,70.5
"12062","bed first",1,51410,70.5
"12063","bed for",1,51411,70.5
"12064","bed i",1,51412,70.5
"12065","bed if",1,51413,70.5
"12066","bed more",1,51414,70.5
"12067","bed of",1,51415,70.51
"12068","bed several",1,51416,70.51
"12069","bed to",1,51417,70.51
"12070","bed until",1,51418,70.51
"12071","bed was",1,51419,70.51
"12072","bed we",1,51420,70.51
"12073","bed when",1,51421,70.51
"12074","bed would",1,51422,70.52
"12075","bedroom closet",1,51423,70.52
"12076","bedroom this",1,51424,70.52
"12077","been after",1,51425,70.52
"12078","been all",1,51426,70.52
"12079","been almost",1,51427,70.52
"12080","been around",1,51428,70.52
"12081","been away",1,51429,70.53
"12082","been awesome",1,51430,70.53
"12083","been back",1,51431,70.53
"12084","been because",1,51432,70.53
"12085","been built",1,51433,70.53
"12086","been but",1,51434,70.53
"12087","been caught",1,51435,70.53
"12088","been directly",1,51436,70.53
"12089","been discovered",1,51437,70.54
"12090","been doing",1,51438,70.54
"12091","been done",1,51439,70.54
"12092","been drawn",1,51440,70.54
"12093","been faced",1,51441,70.54
"12094","been familiar",1,51442,70.54
"12095","been following",1,51443,70.54
"12096","been forced",1,51444,70.55
"12097","been from",1,51445,70.55
"12098","been getting",1,51446,70.55
"12099","been giving",1,51447,70.55
"12100","been good",1,51448,70.55
"12101","been he",1,51449,70.55
"12102","been his",1,51450,70.55
"12103","been hit",1,51451,70.56
"12104","been hurt",1,51452,70.56
"12105","been inspired",1,51453,70.56
"12106","been intended",1,51454,70.56
"12107","been into",1,51455,70.56
"12108","been just",1,51456,70.56
"12109","been keeping",1,51457,70.56
"12110","been learned",1,51458,70.56
"12111","been learning",1,51459,70.57
"12112","been live",1,51460,70.57
"12113","been living",1,51461,70.57
"12114","been long",1,51462,70.57
"12115","been made",1,51463,70.57
"12116","been making",1,51464,70.57
"12117","been me",1,51465,70.57
"12118","been now",1,51466,70.58
"12119","been of",1,51467,70.58
"12120","been off",1,51468,70.58
"12121","been only",1,51469,70.58
"12122","been or",1,51470,70.58
"12123","been paying",1,51471,70.58
"12124","been please",1,51472,70.58
"12125","been present",1,51473,70.59
"12126","been put",1,51474,70.59
"12127","been raised",1,51475,70.59
"12128","been rather",1,51476,70.59
"12129","been reading",1,51477,70.59
"12130","been saving",1,51478,70.59
"12131","been saying",1,51479,70.59
"12132","been seeing",1,51480,70.6
"12133","been shown",1,51481,70.6
"12134","been starting",1,51482,70.6
"12135","been such",1,51483,70.6
"12136","been suddenly",1,51484,70.6
"12137","been taking",1,51485,70.6
"12138","been telling",1,51486,70.6
"12139","been there",1,51487,70.6
"12140","been three",1,51488,70.61
"12141","been through",1,51489,70.61
"12142","been together",1,51490,70.61
"12143","been totally",1,51491,70.61
"12144","been training",1,51492,70.61
"12145","been visiting",1,51493,70.61
"12146","been we",1,51494,70.61
"12147","been while",1,51495,70.62
"12148","been with",1,51496,70.62
"12149","been without",1,51497,70.62
"12150","been won",1,51498,70.62
"12151","been wondering",1,51499,70.62
"12152","been working",1,51500,70.62
"12153","been writing",1,51501,70.62
"12154","beer also",1,51502,70.63
"12155","beer and",1,51503,70.63
"12156","beer been",1,51504,70.63
"12157","beer community",1,51505,70.63
"12158","beer have",1,51506,70.63
"12159","beer last",1,51507,70.63
"12160","beer love",1,51508,70.63
"12161","beer movement",1,51509,70.63
"12162","beer on",1,51510,70.64
"12163","beer or",1,51511,70.64
"12164","beer post",1,51512,70.64
"12165","beer related",1,51513,70.64
"12166","beer review",1,51514,70.64
"12167","beer thank",1,51515,70.64
"12168","beer that",1,51516,70.64
"12169","beer theme",1,51517,70.65
"12170","beer though",1,51518,70.65
"12171","beer to",1,51519,70.65
"12172","beer was",1,51520,70.65
"12173","beer will",1,51521,70.65
"12174","beer writer",1,51522,70.65
"12175","before age",1,51523,70.65
"12176","before although",1,51524,70.66
"12177","before anyone",1,51525,70.66
"12178","before average",1,51526,70.66
"12179","before breakfast",1,51527,70.66
"12180","before days",1,51528,70.66
"12181","before dinner",1,51529,70.66
"12182","before eventually",1,51530,70.66
"12183","before finally",1,51531,70.66
"12184","before flying",1,51532,70.67
"12185","before following",1,51533,70.67
"12186","before going",1,51534,70.67
"12187","before her",1,51535,70.67
"12188","before his",1,51536,70.67
"12189","before in",1,51537,70.67
"12190","before is",1,51538,70.67
"12191","before its",1,51539,70.68
"12192","before join",1,51540,70.68
"12193","before know",1,51541,70.68
"12194","before last",1,51542,70.68
"12195","before leaving",1,51543,70.68
"12196","before left",1,51544,70.68
"12197","before making",1,51545,70.68
"12198","before my",1,51546,70.69
"12199","before on",1,51547,70.69
"12200","before passing",1,51548,70.69
"12201","before posting",1,51549,70.69
"12202","before school",1,51550,70.69
"12203","before since",1,51551,70.69
"12204","before that",1,51552,70.69
"12205","before there",1,51553,70.7
"12206","before they",1,51554,70.7
"12207","before time",1,51555,70.7
"12208","before us",1,51556,70.7
"12209","before was",1,51557,70.7
"12210","before when",1,51558,70.7
"12211","begin so",1,51559,70.7
"12212","beginning and",1,51560,70.7
"12213","beginning art",1,51561,70.71
"12214","beginning my",1,51562,70.71
"12215","beginning of",1,51563,70.71
"12216","beginning we",1,51564,70.71
"12217","behavior c",1,51565,70.71
"12218","behavior in",1,51566,70.71
"12219","behavior so",1,51567,70.71
"12220","behavior we",1,51568,70.72
"12221","behind and",1,51569,70.72
"12222","behind as",1,51570,70.72
"12223","behind both",1,51571,70.72
"12224","behind due",1,51572,70.72
"12225","behind her",1,51573,70.72
"12226","behind honestly",1,51574,70.72
"12227","behind i",1,51575,70.73
"12228","behind pro",1,51576,70.73
"12229","behind require",1,51577,70.73
"12230","behind there",1,51578,70.73
"12231","behind these",1,51579,70.73
"12232","behind those",1,51580,70.73
"12233","behind you",1,51581,70.73
"12234","behind your",1,51582,70.73
"12235","being allow",1,51583,70.74
"12236","being already",1,51584,70.74
"12237","being anyway",1,51585,70.74
"12238","being at",1,51586,70.74
"12239","being because",1,51587,70.74
"12240","being different",1,51588,70.74
"12241","being done",1,51589,70.74
"12242","being due",1,51590,70.75
"12243","being fabric",1,51591,70.75
"12244","being female",1,51592,70.75
"12245","being first",1,51593,70.75
"12246","being honest",1,51594,70.75
"12247","being if",1,51595,70.75
"12248","being instead",1,51596,70.75
"12249","being is",1,51597,70.76
"12250","being made",1,51598,70.76
"12251","being more",1,51599,70.76
"12252","being of",1,51600,70.76
"12253","being off",1,51601,70.76
"12254","being out",1,51602,70.76
"12255","being part",1,51603,70.76
"12256","being posted",1,51604,70.77
"12257","being run",1,51605,70.77
"12258","being sad",1,51606,70.77
"12259","being said",1,51607,70.77
"12260","being silly",1,51608,70.77
"12261","being slightly",1,51609,70.77
"12262","being social",1,51610,70.77
"12263","being some",1,51611,70.77
"12264","being taken",1,51612,70.78
"12265","being that",1,51613,70.78
"12266","being this",1,51614,70.78
"12267","being too",1,51615,70.78
"12268","being unable",1,51616,70.78
"12269","being under",1,51617,70.78
"12270","being used",1,51618,70.78
"12271","being useful",1,51619,70.79
"12272","being we",1,51620,70.79
"12273","being who",1,51621,70.79
"12274","being winter",1,51622,70.79
"12275","being with",1,51623,70.79
"12276","being without",1,51624,70.79
"12277","belief or",1,51625,70.79
"12278","belief perform",1,51626,70.8
"12279","belief respect",1,51627,70.8
"12280","belief system",1,51628,70.8
"12281","belief that",1,51629,70.8
"12282","believe a",1,51630,70.8
"12283","believe and",1,51631,70.8
"12284","believe anything",1,51632,70.8
"12285","believe enough",1,51633,70.8
"12286","believe heaven",1,51634,70.81
"12287","believe more",1,51635,70.81
"12288","believe no",1,51636,70.81
"12289","believe or",1,51637,70.81
"12290","believe rock",1,51638,70.81
"12291","believe s",1,51639,70.81
"12292","believe she",1,51640,70.81
"12293","believe so",1,51641,70.82
"12294","believe the",1,51642,70.82
"12295","believe this",1,51643,70.82
"12296","believe us",1,51644,70.82
"12297","believe you",1,51645,70.82
"12298","below article",1,51646,70.82
"12299","below as",1,51647,70.82
"12300","below him",1,51648,70.83
"12301","below o",1,51649,70.83
"12302","below taking",1,51650,70.83
"12303","below to",1,51651,70.83
"12304","below we",1,51652,70.83
"12305","below you",1,51653,70.83
"12306","benefit and",1,51654,70.83
"12307","benefit living",1,51655,70.83
"12308","benefit research",1,51656,70.84
"12309","besides i",1,51657,70.84
"12310","besides it",1,51658,70.84
"12311","besides s",1,51659,70.84
"12312","besides she",1,51660,70.84
"12313","besides taking",1,51661,70.84
"12314","best and",1,51662,70.84
"12315","best beer",1,51663,70.85
"12316","best by",1,51664,70.85
"12317","best case",1,51665,70.85
"12318","best choice",1,51666,70.85
"12319","best defense",1,51667,70.85
"12320","best do",1,51668,70.85
"12321","best flavor",1,51669,70.85
"12322","best follow",1,51670,70.86
"12323","best game",1,51671,70.86
"12324","best handle",1,51672,70.86
"12325","best if",1,51673,70.86
"12326","best in",1,51674,70.86
"12327","best moment",1,51675,70.86
"12328","best onion",1,51676,70.86
"12329","best over",1,51677,70.87
"12330","best possible",1,51678,70.87
"12331","best relationship",1,51679,70.87
"12332","best she",1,51680,70.87
"12333","best show",1,51681,70.87
"12334","best showing",1,51682,70.87
"12335","best some",1,51683,70.87
"12336","best story",1,51684,70.87
"12337","best the",1,51685,70.88
"12338","best this",1,51686,70.88
"12339","best time",1,51687,70.88
"12340","best treatment",1,51688,70.88
"12341","best why",1,51689,70.88
"12342","best yet",1,51690,70.88
"12343","better and",1,51691,70.88
"12344","better by",1,51692,70.89
"12345","better days",1,51693,70.89
"12346","better flavor",1,51694,70.89
"12347","better freedom",1,51695,70.89
"12348","better gift",1,51696,70.89
"12349","better her",1,51697,70.89
"12350","better house",1,51698,70.89
"12351","better idea",1,51699,70.9
"12352","better in",1,51700,70.9
"12353","better it",1,51701,70.9
"12354","better many",1,51702,70.9
"12355","better name",1,51703,70.9
"12356","better on",1,51704,70.9
"12357","better reason",1,51705,70.9
"12358","better remove",1,51706,70.9
"12359","better review",1,51707,70.91
"12360","better shape",1,51708,70.91
"12361","better take",1,51709,70.91
"12362","better the",1,51710,70.91
"12363","better this",1,51711,70.91
"12364","better understand",1,51712,70.91
"12365","better watch",1,51713,70.91
"12366","better what",1,51714,70.92
"12367","better while",1,51715,70.92
"12368","between any",1,51716,70.92
"12369","between at",1,51717,70.92
"12370","between different",1,51718,70.92
"12371","between drop",1,51719,70.92
"12372","between each",1,51720,70.92
"12373","between from",1,51721,70.93
"12374","between grey",1,51722,70.93
"12375","between her",1,51723,70.93
"12376","between i",1,51724,70.93
"12377","between may",1,51725,70.93
"12378","between my",1,51726,70.93
"12379","between new",1,51727,70.93
"12380","between one",1,51728,70.94
"12381","between selling",1,51729,70.94
"12382","between taking",1,51730,70.94
"12383","between them",1,51731,70.94
"12384","between these",1,51732,70.94
"12385","between to",1,51733,70.94
"12386","between us",1,51734,70.94
"12387","between you",1,51735,70.94
"12388","beyond are",1,51736,70.95
"12389","beyond for",1,51737,70.95
"12390","beyond his",1,51738,70.95
"12391","beyond imagination",1,51739,70.95
"12392","beyond man",1,51740,70.95
"12393","beyond my",1,51741,70.95
"12394","beyond our",1,51742,70.95
"12395","beyond that",1,51743,70.96
"12396","beyond this",1,51744,70.96
"12397","beyond when",1,51745,70.96
"12398","beyond your",1,51746,70.96
"12399","big an",1,51747,70.96
"12400","big around",1,51748,70.96
"12401","big baby",1,51749,70.96
"12402","big birthday",1,51750,70.97
"12403","big blue",1,51751,70.97
"12404","big break",1,51752,70.97
"12405","big brother",1,51753,70.97
"12406","big city",1,51754,70.97
"12407","big dance",1,51755,70.97
"12408","big decision",1,51756,70.97
"12409","big ear",1,51757,70.97
"12410","big emergency",1,51758,70.98
"12411","big example",1,51759,70.98
"12412","big heavy",1,51760,70.98
"12413","big honey",1,51761,70.98
"12414","big i",1,51762,70.98
"12415","big man",1,51763,70.98
"12416","big mouth",1,51764,70.98
"12417","big must",1,51765,70.99
"12418","big my",1,51766,70.99
"12419","big part",1,51767,70.99
"12420","big party",1,51768,70.99
"12421","big personal",1,51769,70.99
"12422","big picture",1,51770,70.99
"12423","big pub",1,51771,70.99
"12424","big reason",1,51772,71
"12425","big shot",1,51773,71
"12426","big show",1,51774,71
"12427","big song",1,51775,71
"12428","big the",1,51776,71
"12429","big then",1,51777,71
"12430","big time",1,51778,71
"12431","big to",1,51779,71.01
"12432","biggest and",1,51780,71.01
"12433","biggest are",1,51781,71.01
"12434","biggest economy",1,51782,71.01
"12435","biggest financial",1,51783,71.01
"12436","biggest mistake",1,51784,71.01
"12437","biggest oil",1,51785,71.01
"12438","biggest shopping",1,51786,71.01
"12439","biggest so",1,51787,71.02
"12440","biggest to",1,51788,71.02
"12441","bike but",1,51789,71.02
"12442","bike by",1,51790,71.02
"12443","bike it",1,51791,71.02
"12444","bike once",1,51792,71.02
"12445","bike riding",1,51793,71.02
"12446","bike to",1,51794,71.03
"12447","bike today",1,51795,71.03
"12448","bike was",1,51796,71.03
"12449","bike with",1,51797,71.03
"12450","bill came",1,51798,71.03
"12451","bill does",1,51799,71.03
"12452","bill he",1,51800,71.03
"12453","bill in",1,51801,71.04
"12454","bill more",1,51802,71.04
"12455","bill o",1,51803,71.04
"12456","bill pass",1,51804,71.04
"12457","bill s",1,51805,71.04
"12458","billion and",1,51806,71.04
"12459","billion besides",1,51807,71.04
"12460","billion dollar",1,51808,71.04
"12461","billion this",1,51809,71.05
"12462","bird will",1,51810,71.05
"12463","bird yellow",1,51811,71.05
"12464","birth ball",1,51812,71.05
"12465","birth name",1,51813,71.05
"12466","birth of",1,51814,71.05
"12467","birth position",1,51815,71.05
"12468","birth team",1,51816,71.06
"12469","birth twice",1,51817,71.06
"12470","birthday after",1,51818,71.06
"12471","birthday and",1,51819,71.06
"12472","birthday card",1,51820,71.06
"12473","birthday gift",1,51821,71.06
"12474","birthday he",1,51822,71.06
"12475","birthday i",1,51823,71.07
"12476","birthday is",1,51824,71.07
"12477","birthday made",1,51825,71.07
"12478","birthday need",1,51826,71.07
"12479","birthday so",1,51827,71.07
"12480","bit a",1,51828,71.07
"12481","bit about",1,51829,71.07
"12482","bit as",1,51830,71.07
"12483","bit but",1,51831,71.08
"12484","bit carried",1,51832,71.08
"12485","bit emotional",1,51833,71.08
"12486","bit it",1,51834,71.08
"12487","bit later",1,51835,71.08
"12488","bit like",1,51836,71.08
"12489","bit lost",1,51837,71.08
"12490","bit one",1,51838,71.09
"12491","bit over",1,51839,71.09
"12492","bit really",1,51840,71.09
"12493","bit ridiculous",1,51841,71.09
"12494","bit some",1,51842,71.09
"12495","bit strange",1,51843,71.09
"12496","bit to",1,51844,71.09
"12497","bit was",1,51845,71.1
"12498","bit with",1,51846,71.1
"12499","bit without",1,51847,71.1
"12500","bit worse",1,51848,71.1
"12501","bite and",1,51849,71.1
"12502","bite down",1,51850,71.1
"12503","bitter stuff",1,51851,71.1
"12504","bitter sweet",1,51852,71.11
"12505","blame going",1,51853,71.11
"12506","blame it",1,51854,71.11
"12507","blame my",1,51855,71.11
"12508","blame the",1,51856,71.11
"12509","blame those",1,51857,71.11
"12510","blend a",1,51858,71.11
"12511","blend her",1,51859,71.11
"12512","blend so",1,51860,71.12
"12513","blend there",1,51861,71.12
"12514","blend until",1,51862,71.12
"12515","blessed beyond",1,51863,71.12
"12516","blessed i",1,51864,71.12
"12517","block i",1,51865,71.12
"12518","block in",1,51866,71.12
"12519","block later",1,51867,71.13
"12520","block of",1,51868,71.13
"12521","block that",1,51869,71.13
"12522","blood from",1,51870,71.13
"12523","blood his",1,51871,71.13
"12524","blood however",1,51872,71.13
"12525","blood is",1,51873,71.13
"12526","blood out",1,51874,71.14
"12527","blood pressure",1,51875,71.14
"12528","blood sure",1,51876,71.14
"12529","blood that",1,51877,71.14
"12530","blood were",1,51878,71.14
"12531","blue green",1,51879,71.14
"12532","blue i",1,51880,71.14
"12533","blue ink",1,51881,71.14
"12534","blue on",1,51882,71.15
"12535","blue stage",1,51883,71.15
"12536","blue with",1,51884,71.15
"12537","board of",1,51885,71.15
"12538","board they",1,51886,71.15
"12539","board to",1,51887,71.15
"12540","board with",1,51888,71.15
"12541","boat and",1,51889,71.16
"12542","boat i",1,51890,71.16
"12543","boat is",1,51891,71.16
"12544","boat of",1,51892,71.16
"12545","boat only",1,51893,71.16
"12546","boat so",1,51894,71.16
"12547","boat then",1,51895,71.16
"12548","boat time",1,51896,71.17
"12549","boat where",1,51897,71.17
"12550","boat which",1,51898,71.17
"12551","bob easter",1,51899,71.17
"12552","bob saying",1,51900,71.17
"12553","body and",1,51901,71.17
"12554","body before",1,51902,71.17
"12555","body by",1,51903,71.18
"12556","body c",1,51904,71.18
"12557","body did",1,51905,71.18
"12558","body done",1,51906,71.18
"12559","body for",1,51907,71.18
"12560","body of",1,51908,71.18
"12561","body painting",1,51909,71.18
"12562","body t",1,51910,71.18
"12563","body the",1,51911,71.19
"12564","body you",1,51912,71.19
"12565","book a",1,51913,71.19
"12566","book about",1,51914,71.19
"12567","book all",1,51915,71.19
"12568","book also",1,51916,71.19
"12569","book are",1,51917,71.19
"12570","book because",1,51918,71.2
"12571","book but",1,51919,71.2
"12572","book by",1,51920,71.2
"12573","book did",1,51921,71.2
"12574","book family",1,51922,71.2
"12575","book feel",1,51923,71.2
"12576","book first",1,51924,71.2
"12577","book floor",1,51925,71.21
"12578","book for",1,51926,71.21
"12579","book here",1,51927,71.21
"12580","book hit",1,51928,71.21
"12581","book i",1,51929,71.21
"12582","book lady",1,51930,71.21
"12583","book leaving",1,51931,71.21
"12584","book light",1,51932,71.21
"12585","book me",1,51933,71.22
"12586","book much",1,51934,71.22
"12587","book my",1,51935,71.22
"12588","book or",1,51936,71.22
"12589","book out",1,51937,71.22
"12590","book paper",1,51938,71.22
"12591","book s",1,51939,71.22
"12592","book series",1,51940,71.23
"12593","book should",1,51941,71.23
"12594","book t",1,51942,71.23
"12595","book that",1,51943,71.23
"12596","book there",1,51944,71.23
"12597","book together",1,51945,71.23
"12598","book we",1,51946,71.23
"12599","book what",1,51947,71.24
"12600","book which",1,51948,71.24
"12601","book you",1,51949,71.24
"12602","border in",1,51950,71.24
"12603","boring but",1,51951,71.24
"12604","born back",1,51952,71.24
"12605","born by",1,51953,71.24
"12606","born did",1,51954,71.25
"12607","born in",1,51955,71.25
"12608","born late",1,51956,71.25
"12609","born my",1,51957,71.25
"12610","born on",1,51958,71.25
"12611","boss an",1,51959,71.25
"12612","boss mike",1,51960,71.25
"12613","boss my",1,51961,71.25
"12614","both added",1,51962,71.26
"12615","both chief",1,51963,71.26
"12616","both end",1,51964,71.26
"12617","both everyone",1,51965,71.26
"12618","both for",1,51966,71.26
"12619","both have",1,51967,71.26
"12620","both her",1,51968,71.26
"12621","both here",1,51969,71.27
"12622","both his",1,51970,71.27
"12623","both it",1,51971,71.27
"12624","both knowledge",1,51972,71.27
"12625","both loose",1,51973,71.27
"12626","both love",1,51974,71.27
"12627","both male",1,51975,71.27
"12628","both me",1,51976,71.28
"12629","both my",1,51977,71.28
"12630","both myself",1,51978,71.28
"12631","both offer",1,51979,71.28
"12632","both sides",1,51980,71.28
"12633","both to",1,51981,71.28
"12634","both took",1,51982,71.28
"12635","both top",1,51983,71.28
"12636","both up",1,51984,71.29
"12637","both ways",1,51985,71.29
"12638","bottle i",1,51986,71.29
"12639","bottle is",1,51987,71.29
"12640","bottle to",1,51988,71.29
"12641","bottom also",1,51989,71.29
"12642","bottom boat",1,51990,71.29
"12643","bottom bought",1,51991,71.3
"12644","bottom few",1,51992,71.3
"12645","bottom it",1,51993,71.3
"12646","bottom layer",1,51994,71.3
"12647","bottom on",1,51995,71.3
"12648","bottom section",1,51996,71.3
"12649","bottom to",1,51997,71.3
"12650","bought all",1,51998,71.31
"12651","bought and",1,51999,71.31
"12652","bought for",1,52000,71.31
"12653","bought i",1,52001,71.31
"12654","bought me",1,52002,71.31
"12655","bought new",1,52003,71.31
"12656","bought once",1,52004,71.31
"12657","bought some",1,52005,71.31
"12658","bought that",1,52006,71.32
"12659","bought the",1,52007,71.32
"12660","bought them",1,52008,71.32
"12661","bowl beat",1,52009,71.32
"12662","bowl easily",1,52010,71.32
"12663","bowl mix",1,52011,71.32
"12664","bowl until",1,52012,71.32
"12665","bowl we",1,52013,71.33
"12666","boy about",1,52014,71.33
"12667","boy came",1,52015,71.33
"12668","boy for",1,52016,71.33
"12669","boy of",1,52017,71.33
"12670","boy out",1,52018,71.33
"12671","boy said",1,52019,71.33
"12672","boy so",1,52020,71.34
"12673","boy thing",1,52021,71.34
"12674","boy who",1,52022,71.34
"12675","boy whose",1,52023,71.34
"12676","brain are",1,52024,71.34
"12677","brain as",1,52025,71.34
"12678","brain in",1,52026,71.34
"12679","brain knew",1,52027,71.35
"12680","brain on",1,52028,71.35
"12681","brain to",1,52029,71.35
"12682","brand i",1,52030,71.35
"12683","brand is",1,52031,71.35
"12684","bread before",1,52032,71.35
"12685","bread cheese",1,52033,71.35
"12686","bread for",1,52034,71.35
"12687","bread i",1,52035,71.36
"12688","bread in",1,52036,71.36
"12689","break for",1,52037,71.36
"12690","break from",1,52038,71.36
"12691","break in",1,52039,71.36
"12692","break into",1,52040,71.36
"12693","break it",1,52041,71.36
"12694","break itself",1,52042,71.37
"12695","break their",1,52043,71.37
"12696","break this",1,52044,71.37
"12697","break to",1,52045,71.37
"12698","break up",1,52046,71.37
"12699","break we",1,52047,71.37
"12700","breakfast all",1,52048,71.37
"12701","breakfast for",1,52049,71.38
"12702","breakfast if",1,52050,71.38
"12703","breakfast in",1,52051,71.38
"12704","breakfast ready",1,52052,71.38
"12705","breakfast was",1,52053,71.38
"12706","breaking into",1,52054,71.38
"12707","breaking out",1,52055,71.38
"12708","breaking them",1,52056,71.38
"12709","breath and",1,52057,71.39
"12710","breath at",1,52058,71.39
"12711","breath different",1,52059,71.39
"12712","breath for",1,52060,71.39
"12713","breath here",1,52061,71.39
"12714","breath in",1,52062,71.39
"12715","breath movement",1,52063,71.39
"12716","breath of",1,52064,71.4
"12717","brewery in",1,52065,71.4
"12718","brewery is",1,52066,71.4
"12719","brewing more",1,52067,71.4
"12720","bridge between",1,52068,71.4
"12721","bridge i",1,52069,71.4
"12722","bridge is",1,52070,71.4
"12723","bridge the",1,52071,71.41
"12724","bridge we",1,52072,71.41
"12725","bridge with",1,52073,71.41
"12726","brief appearance",1,52074,71.41
"12727","brief official",1,52075,71.41
"12728","bright blue",1,52076,71.41
"12729","bright future",1,52077,71.41
"12730","bright in",1,52078,71.42
"12731","bright light",1,52079,71.42
"12732","bright red",1,52080,71.42
"12733","brilliant material",1,52081,71.42
"12734","brilliant mum",1,52082,71.42
"12735","brilliant the",1,52083,71.42
"12736","bring all",1,52084,71.42
"12737","bring back",1,52085,71.42
"12738","bring home",1,52086,71.43
"12739","bring i",1,52087,71.43
"12740","bring in",1,52088,71.43
"12741","bring into",1,52089,71.43
"12742","bring me",1,52090,71.43
"12743","bring out",1,52091,71.43
"12744","bring some",1,52092,71.43
"12745","bring the",1,52093,71.44
"12746","bring to",1,52094,71.44
"12747","bring with",1,52095,71.44
"12748","broke ground",1,52096,71.44
"12749","broke his",1,52097,71.44
"12750","broke into",1,52098,71.44
"12751","broke that",1,52099,71.44
"12752","broke up",1,52100,71.45
"12753","broken being",1,52101,71.45
"12754","broken by",1,52102,71.45
"12755","broken computer",1,52103,71.45
"12756","broken down",1,52104,71.45
"12757","broken glass",1,52105,71.45
"12758","broken government",1,52106,71.45
"12759","broken i",1,52107,71.45
"12760","broken like",1,52108,71.46
"12761","broken only",1,52109,71.46
"12762","broken tried",1,52110,71.46
"12763","broken video",1,52111,71.46
"12764","brother and",1,52112,71.46
"12765","brother her",1,52113,71.46
"12766","brother in",1,52114,71.46
"12767","brother into",1,52115,71.47
"12768","brother it",1,52116,71.47
"12769","brother just",1,52117,71.47
"12770","brother sister",1,52118,71.47
"12771","brother will",1,52119,71.47
"12772","brother would",1,52120,71.47
"12773","brought about",1,52121,71.47
"12774","brought an",1,52122,71.48
"12775","brought and",1,52123,71.48
"12776","brought around",1,52124,71.48
"12777","brought here",1,52125,71.48
"12778","brought into",1,52126,71.48
"12779","brought my",1,52127,71.48
"12780","brought so",1,52128,71.48
"12781","brought this",1,52129,71.48
"12782","brought together",1,52130,71.49
"12783","brought with",1,52131,71.49
"12784","brown as",1,52132,71.49
"12785","brown if",1,52133,71.49
"12786","brown like",1,52134,71.49
"12787","brown on",1,52135,71.49
"12788","brown overall",1,52136,71.49
"12789","brown stone",1,52137,71.5
"12790","brown sugar",1,52138,71.5
"12791","brown this",1,52139,71.5
"12792","brown world",1,52140,71.5
"12793","brush against",1,52141,71.5
"12794","brush and",1,52142,71.5
"12795","brush it",1,52143,71.5
"12796","brush the",1,52144,71.51
"12797","budget and",1,52145,71.51
"12798","budget back",1,52146,71.51
"12799","budget day",1,52147,71.51
"12800","budget friendly",1,52148,71.51
"12801","budget price",1,52149,71.51
"12802","budget seriously",1,52150,71.51
"12803","budget to",1,52151,71.52
"12804","build a",1,52152,71.52
"12805","build strength",1,52153,71.52
"12806","build the",1,52154,71.52
"12807","building and",1,52155,71.52
"12808","building as",1,52156,71.52
"12809","building he",1,52157,71.52
"12810","building out",1,52158,71.52
"12811","building some",1,52159,71.53
"12812","building that",1,52160,71.53
"12813","building there",1,52161,71.53
"12814","building up",1,52162,71.53
"12815","built and",1,52163,71.53
"12816","built during",1,52164,71.53
"12817","built for",1,52165,71.53
"12818","built free",1,52166,71.54
"12819","built is",1,52167,71.54
"12820","bunch what",1,52168,71.54
"12821","burning guitar",1,52169,71.54
"12822","bus but",1,52170,71.54
"12823","bus start",1,52171,71.54
"12824","bus tour",1,52172,71.54
"12825","bus when",1,52173,71.55
"12826","bush s",1,52174,71.55
"12827","business across",1,52175,71.55
"12828","business arms",1,52176,71.55
"12829","business charge",1,52177,71.55
"12830","business coach",1,52178,71.55
"12831","business data",1,52179,71.55
"12832","business degree",1,52180,71.55
"12833","business development",1,52181,71.56
"12834","business foundation",1,52182,71.56
"12835","business idea",1,52183,71.56
"12836","business insurance",1,52184,71.56
"12837","business is",1,52185,71.56
"12838","business management",1,52186,71.56
"12839","business method",1,52187,71.56
"12840","business model",1,52188,71.57
"12841","business only",1,52189,71.57
"12842","business plan",1,52190,71.57
"12843","business s",1,52191,71.57
"12844","business specifically",1,52192,71.57
"12845","business there",1,52193,71.57
"12846","business with",1,52194,71.57
"12847","busy dancing",1,52195,71.58
"12848","busy day",1,52196,71.58
"12849","busy days",1,52197,71.58
"12850","busy helping",1,52198,71.58
"12851","busy in",1,52199,71.58
"12852","busy on",1,52200,71.58
"12853","busy posting",1,52201,71.58
"12854","busy schedule",1,52202,71.59
"12855","busy she",1,52203,71.59
"12856","busy to",1,52204,71.59
"12857","busy together",1,52205,71.59
"12858","busy well",1,52206,71.59
"12859","but actually",1,52207,71.59
"12860","but already",1,52208,71.59
"12861","but an",1,52209,71.59
"12862","but baby",1,52210,71.6
"12863","but being",1,52211,71.6
"12864","but by",1,52212,71.6
"12865","but can",1,52213,71.6
"12866","but certainly",1,52214,71.6
"12867","but character",1,52215,71.6
"12868","but clear",1,52216,71.6
"12869","but come",1,52217,71.61
"12870","but could",1,52218,71.61
"12871","but deep",1,52219,71.61
"12872","but early",1,52220,71.61
"12873","but eventually",1,52221,71.61
"12874","but everything",1,52222,71.61
"12875","but far",1,52223,71.61
"12876","but finally",1,52224,71.62
"12877","but found",1,52225,71.62
"12878","but guess",1,52226,71.62
"12879","but ha",1,52227,71.62
"12880","but haven",1,52228,71.62
"12881","but her",1,52229,71.62
"12882","but him",1,52230,71.62
"12883","but hope",1,52231,71.62
"12884","but inside",1,52232,71.63
"12885","but join",1,52233,71.63
"12886","but know",1,52234,71.63
"12887","but last",1,52235,71.63
"12888","but lots",1,52236,71.63
"12889","but love",1,52237,71.63
"12890","but make",1,52238,71.63
"12891","but many",1,52239,71.64
"12892","but maybe",1,52240,71.64
"12893","but meanwhile",1,52241,71.64
"12894","but mostly",1,52242,71.64
"12895","but native",1,52243,71.64
"12896","but news",1,52244,71.64
"12897","but one",1,52245,71.64
"12898","but over",1,52246,71.65
"12899","but overall",1,52247,71.65
"12900","but please",1,52248,71.65
"12901","but probably",1,52249,71.65
"12902","but recently",1,52250,71.65
"12903","but remain",1,52251,71.65
"12904","but saved",1,52252,71.65
"12905","but simple",1,52253,71.66
"12906","but sit",1,52254,71.66
"12907","but social",1,52255,71.66
"12908","but some",1,52256,71.66
"12909","but something",1,52257,71.66
"12910","but stayed",1,52258,71.66
"12911","but such",1,52259,71.66
"12912","but talk",1,52260,71.66
"12913","but these",1,52261,71.67
"12914","but think",1,52262,71.67
"12915","but through",1,52263,71.67
"12916","but totally",1,52264,71.67
"12917","but unfortunately",1,52265,71.67
"12918","but wait",1,52266,71.67
"12919","but want",1,52267,71.67
"12920","but was",1,52268,71.68
"12921","but well",1,52269,71.68
"12922","but were",1,52270,71.68
"12923","but whether",1,52271,71.68
"12924","but while",1,52272,71.68
"12925","but who",1,52273,71.68
"12926","but without",1,52274,71.68
"12927","but wrong",1,52275,71.69
"12928","but yeah",1,52276,71.69
"12929","but yet",1,52277,71.69
"12930","butter a",1,52278,71.69
"12931","butter and",1,52279,71.69
"12932","butter chicken",1,52280,71.69
"12933","butter for",1,52281,71.69
"12934","butter we",1,52282,71.69
"12935","button so",1,52283,71.7
"12936","button to",1,52284,71.7
"12937","button up",1,52285,71.7
"12938","buy a",1,52286,71.7
"12939","buy in",1,52287,71.7
"12940","buy it",1,52288,71.7
"12941","buy n",1,52289,71.7
"12942","buy new",1,52290,71.71
"12943","buy or",1,52291,71.71
"12944","buy some",1,52292,71.71
"12945","buy stuff",1,52293,71.71
"12946","buy them",1,52294,71.71
"12947","buy this",1,52295,71.71
"12948","buy to",1,52296,71.71
"12949","buy use",1,52297,71.72
"12950","buy without",1,52298,71.72
"12951","by about",1,52299,71.72
"12952","by according",1,52300,71.72
"12953","by action",1,52301,71.72
"12954","by advertising",1,52302,71.72
"12955","by after",1,52303,71.72
"12956","by another",1,52304,71.72
"12957","by any",1,52305,71.73
"12958","by anyone",1,52306,71.73
"12959","by are",1,52307,71.73
"12960","by artist",1,52308,71.73
"12961","by at",1,52309,71.73
"12962","by boss",1,52310,71.73
"12963","by broken",1,52311,71.73
"12964","by but",1,52312,71.74
"12965","by c",1,52313,71.74
"12966","by calling",1,52314,71.74
"12967","by cat",1,52315,71.74
"12968","by classic",1,52316,71.74
"12969","by cool",1,52317,71.74
"12970","by customer",1,52318,71.74
"12971","by designer",1,52319,71.75
"12972","by different",1,52320,71.75
"12973","by everyone",1,52321,71.75
"12974","by far",1,52322,71.75
"12975","by father",1,52323,71.75
"12976","by favorite",1,52324,71.75
"12977","by fellow",1,52325,71.75
"12978","by finally",1,52326,71.76
"12979","by following",1,52327,71.76
"12980","by four",1,52328,71.76
"12981","by frequently",1,52329,71.76
"12982","by getting",1,52330,71.76
"12983","by going",1,52331,71.76
"12984","by golden",1,52332,71.76
"12985","by guest",1,52333,71.76
"12986","by had",1,52334,71.77
"12987","by he",1,52335,71.77
"12988","by her",1,52336,71.77
"12989","by how",1,52337,71.77
"12990","by if",1,52338,71.77
"12991","by is",1,52339,71.77
"12992","by just",1,52340,71.77
"12993","by k",1,52341,71.78
"12994","by knowledge",1,52342,71.78
"12995","by last",1,52343,71.78
"12996","by learning",1,52344,71.78
"12997","by listening",1,52345,71.78
"12998","by local",1,52346,71.78
"12999","by long",1,52347,71.78
"13000","by look",1,52348,71.79
"13001","by love",1,52349,71.79
"13002","by loving",1,52350,71.79
"13003","by mail",1,52351,71.79
"13004","by me",1,52352,71.79
"13005","by mike",1,52353,71.79
"13006","by mistake",1,52354,71.79
"13007","by mix",1,52355,71.79
"13008","by month",1,52356,71.8
"13009","by more",1,52357,71.8
"13010","by name",1,52358,71.8
"13011","by night",1,52359,71.8
"13012","by nor",1,52360,71.8
"13013","by not",1,52361,71.8
"13014","by nothing",1,52362,71.8
"13015","by now",1,52363,71.81
"13016","by of",1,52364,71.81
"13017","by one",1,52365,71.81
"13018","by paying",1,52366,71.81
"13019","by people",1,52367,71.81
"13020","by peter",1,52368,71.81
"13021","by phone",1,52369,71.81
"13022","by pink",1,52370,71.82
"13023","by point",1,52371,71.82
"13024","by president",1,52372,71.82
"13025","by production",1,52373,71.82
"13026","by public",1,52374,71.82
"13027","by quality",1,52375,71.82
"13028","by r",1,52376,71.82
"13029","by setting",1,52377,71.83
"13030","by several",1,52378,71.83
"13031","by she",1,52379,71.83
"13032","by side",1,52380,71.83
"13033","by simple",1,52381,71.83
"13034","by small",1,52382,71.83
"13035","by smith",1,52383,71.83
"13036","by something",1,52384,71.83
"13037","by special",1,52385,71.84
"13038","by starting",1,52386,71.84
"13039","by stay",1,52387,71.84
"13040","by storm",1,52388,71.84
"13041","by surprise",1,52389,71.84
"13042","by team",1,52390,71.84
"13043","by themselves",1,52391,71.84
"13044","by then",1,52392,71.85
"13045","by those",1,52393,71.85
"13046","by to",1,52394,71.85
"13047","by too",1,52395,71.85
"13048","by trying",1,52396,71.85
"13049","by two",1,52397,71.85
"13050","by type",1,52398,71.85
"13051","by unless",1,52399,71.86
"13052","by up",1,52400,71.86
"13053","by use",1,52401,71.86
"13054","by what",1,52402,71.86
"13055","by who",1,52403,71.86
"13056","by whose",1,52404,71.86
"13057","by winter",1,52405,71.86
"13058","by with",1,52406,71.86
"13059","by without",1,52407,71.87
"13060","by your",1,52408,71.87
"13061","c by",1,52409,71.87
"13062","c chicken",1,52410,71.87
"13063","c for",1,52411,71.87
"13064","c her",1,52412,71.87
"13065","c i",1,52413,71.87
"13066","c nothing",1,52414,71.88
"13067","c that",1,52415,71.88
"13068","c the",1,52416,71.88
"13069","c to",1,52417,71.88
"13070","c who",1,52418,71.88
"13071","c will",1,52419,71.88
"13072","c with",1,52420,71.88
"13073","cake and",1,52421,71.89
"13074","cake at",1,52422,71.89
"13075","cake but",1,52423,71.89
"13076","cake caught",1,52424,71.89
"13077","cake for",1,52425,71.89
"13078","cake in",1,52426,71.89
"13079","cake it",1,52427,71.89
"13080","cake mary",1,52428,71.9
"13081","cake my",1,52429,71.9
"13082","cake she",1,52430,71.9
"13083","cake that",1,52431,71.9
"13084","cake together",1,52432,71.9
"13085","cake version",1,52433,71.9
"13086","cake we",1,52434,71.9
"13087","cake which",1,52435,71.9
"13088","cake with",1,52436,71.91
"13089","call before",1,52437,71.91
"13090","call for",1,52438,71.91
"13091","call if",1,52439,71.91
"13092","call of",1,52440,71.91
"13093","call or",1,52441,71.91
"13094","call sugar",1,52442,71.91
"13095","call the",1,52443,71.92
"13096","call them",1,52444,71.92
"13097","call upon",1,52445,71.92
"13098","call your",1,52446,71.92
"13099","calling himself",1,52447,71.92
"13100","calling it",1,52448,71.92
"13101","calling me",1,52449,71.92
"13102","calling myself",1,52450,71.93
"13103","calling on",1,52451,71.93
"13104","calling out",1,52452,71.93
"13105","calling the",1,52453,71.93
"13106","calling their",1,52454,71.93
"13107","calling us",1,52455,71.93
"13108","calling you",1,52456,71.93
"13109","calm and",1,52457,71.93
"13110","calm i",1,52458,71.94
"13111","calm president",1,52459,71.94
"13112","calm respect",1,52460,71.94
"13113","came about",1,52461,71.94
"13114","came after",1,52462,71.94
"13115","came carried",1,52463,71.94
"13116","came here",1,52464,71.94
"13117","came home",1,52465,71.95
"13118","came not",1,52466,71.95
"13119","came over",1,52467,71.95
"13120","came some",1,52468,71.95
"13121","came that",1,52469,71.95
"13122","came the",1,52470,71.95
"13123","came through",1,52471,71.95
"13124","came with",1,52472,71.96
"13125","camera a",1,52473,71.96
"13126","camera but",1,52474,71.96
"13127","camera decided",1,52475,71.96
"13128","camera it",1,52476,71.96
"13129","camera itself",1,52477,71.96
"13130","camera movement",1,52478,71.96
"13131","camera oh",1,52479,71.96
"13132","camera s",1,52480,71.97
"13133","camp and",1,52481,71.97
"13134","camp grew",1,52482,71.97
"13135","camp when",1,52483,71.97
"13136","camp which",1,52484,71.97
"13137","campaign and",1,52485,71.97
"13138","campaign for",1,52486,71.97
"13139","campaign had",1,52487,71.98
"13140","campaign is",1,52488,71.98
"13141","campaign it",1,52489,71.98
"13142","campaign may",1,52490,71.98
"13143","campaign s",1,52491,71.98
"13144","campaign when",1,52492,71.98
"13145","can about",1,52493,71.98
"13146","can achieve",1,52494,71.99
"13147","can afford",1,52495,71.99
"13148","can always",1,52496,71.99
"13149","can answer",1,52497,71.99
"13150","can appear",1,52498,71.99
"13151","can approach",1,52499,71.99
"13152","can ask",1,52500,71.99
"13153","can beat",1,52501,72
"13154","can become",1,52502,72
"13155","can benefit",1,52503,72
"13156","can bring",1,52504,72
"13157","can call",1,52505,72
"13158","can catch",1,52506,72
"13159","can challenge",1,52507,72
"13160","can check",1,52508,72
"13161","can choose",1,52509,72.01
"13162","can click",1,52510,72.01
"13163","can count",1,52511,72.01
"13164","can create",1,52512,72.01
"13165","can eat",1,52513,72.01
"13166","can end",1,52514,72.01
"13167","can enjoy",1,52515,72.01
"13168","can ensure",1,52516,72.02
"13169","can expect",1,52517,72.02
"13170","can explain",1,52518,72.02
"13171","can feel",1,52519,72.02
"13172","can focus",1,52520,72.02
"13173","can generally",1,52521,72.02
"13174","can grow",1,52522,72.02
"13175","can he",1,52523,72.03
"13176","can hold",1,52524,72.03
"13177","can honestly",1,52525,72.03
"13178","can hurt",1,52526,72.03
"13179","can increase",1,52527,72.03
"13180","can it",1,52528,72.03
"13181","can join",1,52529,72.03
"13182","can just",1,52530,72.03
"13183","can let",1,52531,72.04
"13184","can literally",1,52532,72.04
"13185","can often",1,52533,72.04
"13186","can or",1,52534,72.04
"13187","can participate",1,52535,72.04
"13188","can pick",1,52536,72.04
"13189","can play",1,52537,72.04
"13190","can probably",1,52538,72.05
"13191","can pull",1,52539,72.05
"13192","can re",1,52540,72.05
"13193","can remember",1,52541,72.05
"13194","can remove",1,52542,72.05
"13195","can ring",1,52543,72.05
"13196","can rise",1,52544,72.05
"13197","can roll",1,52545,72.06
"13198","can run",1,52546,72.06
"13199","can serve",1,52547,72.06
"13200","can set",1,52548,72.06
"13201","can simply",1,52549,72.06
"13202","can someone",1,52550,72.06
"13203","can sort",1,52551,72.06
"13204","can start",1,52552,72.07
"13205","can stick",1,52553,72.07
"13206","can strong",1,52554,72.07
"13207","can support",1,52555,72.07
"13208","can talk",1,52556,72.07
"13209","can themselves",1,52557,72.07
"13210","can throw",1,52558,72.07
"13211","can touch",1,52559,72.07
"13212","can watch",1,52560,72.08
"13213","can when",1,52561,72.08
"13214","can while",1,52562,72.08
"13215","can write",1,52563,72.08
"13216","canada and",1,52564,72.08
"13217","canada th",1,52565,72.08
"13218","canada we",1,52566,72.08
"13219","candy basic",1,52567,72.09
"13220","candy picture",1,52568,72.09
"13221","candy to",1,52569,72.09
"13222","candy world",1,52570,72.09
"13223","cannot always",1,52571,72.09
"13224","cannot and",1,52572,72.09
"13225","cannot catch",1,52573,72.09
"13226","cannot help",1,52574,72.1
"13227","cannot pass",1,52575,72.1
"13228","cannot quite",1,52576,72.1
"13229","cannot school",1,52577,72.1
"13230","cannot see",1,52578,72.1
"13231","cannot smell",1,52579,72.1
"13232","cannot wait",1,52580,72.1
"13233","cannot yet",1,52581,72.1
"13234","capable of",1,52582,72.11
"13235","capital before",1,52583,72.11
"13236","capital dark",1,52584,72.11
"13237","captain only",1,52585,72.11
"13238","captain you",1,52586,72.11
"13239","car at",1,52587,72.11
"13240","car brought",1,52588,72.11
"13241","car but",1,52589,72.12
"13242","car came",1,52590,72.12
"13243","car cleaning",1,52591,72.12
"13244","car could",1,52592,72.12
"13245","car do",1,52593,72.12
"13246","car in",1,52594,72.12
"13247","car instead",1,52595,72.12
"13248","car insurance",1,52596,72.13
"13249","car most",1,52597,72.13
"13250","car now",1,52598,72.13
"13251","car on",1,52599,72.13
"13252","car shadow",1,52600,72.13
"13253","car via",1,52601,72.13
"13254","car when",1,52602,72.13
"13255","car with",1,52603,72.13
"13256","card almost",1,52604,72.14
"13257","card and",1,52605,72.14
"13258","card done",1,52606,72.14
"13259","card featured",1,52607,72.14
"13260","card for",1,52608,72.14
"13261","card from",1,52609,72.14
"13262","card giveaway",1,52610,72.14
"13263","card in",1,52611,72.15
"13264","card is",1,52612,72.15
"13265","card just",1,52613,72.15
"13266","card number",1,52614,72.15
"13267","card sat",1,52615,72.15
"13268","card she",1,52616,72.15
"13269","card simply",1,52617,72.15
"13270","card then",1,52618,72.16
"13271","card they",1,52619,72.16
"13272","card was",1,52620,72.16
"13273","card when",1,52621,72.16
"13274","card you",1,52622,72.16
"13275","care and",1,52623,72.16
"13276","care but",1,52624,72.16
"13277","care central",1,52625,72.17
"13278","care for",1,52626,72.17
"13279","care save",1,52627,72.17
"13280","care system",1,52628,72.17
"13281","care ten",1,52629,72.17
"13282","care this",1,52630,72.17
"13283","care to",1,52631,72.17
"13284","care too",1,52632,72.17
"13285","care within",1,52633,72.18
"13286","career business",1,52634,72.18
"13287","career financial",1,52635,72.18
"13288","career he",1,52636,72.18
"13289","career i",1,52637,72.18
"13290","career life",1,52638,72.18
"13291","career total",1,52639,72.18
"13292","careful however",1,52640,72.19
"13293","careful study",1,52641,72.19
"13294","careful to",1,52642,72.19
"13295","careful you",1,52643,72.19
"13296","carefully as",1,52644,72.19
"13297","carefully i",1,52645,72.19
"13298","carried out",1,52646,72.19
"13299","carried them",1,52647,72.2
"13300","carried us",1,52648,72.2
"13301","carry her",1,52649,72.2
"13302","carry it",1,52650,72.2
"13303","carry mixed",1,52651,72.2
"13304","carry the",1,52652,72.2
"13305","carrying around",1,52653,72.2
"13306","case and",1,52654,72.2
"13307","case but",1,52655,72.21
"13308","case definitely",1,52656,72.21
"13309","case for",1,52657,72.21
"13310","case he",1,52658,72.21
"13311","case here",1,52659,72.21
"13312","case it",1,52660,72.21
"13313","case quickly",1,52661,72.21
"13314","case sometimes",1,52662,72.22
"13315","case was",1,52663,72.22
"13316","case what",1,52664,72.22
"13317","case you",1,52665,72.22
"13318","case your",1,52666,72.22
"13319","cash and",1,52667,72.22
"13320","cash please",1,52668,72.22
"13321","cash transfer",1,52669,72.23
"13322","cast away",1,52670,72.23
"13323","cast good",1,52671,72.23
"13324","cast off",1,52672,72.23
"13325","cast she",1,52673,72.23
"13326","cast will",1,52674,72.23
"13327","cat among",1,52675,72.23
"13328","cat butter",1,52676,72.24
"13329","cat come",1,52677,72.24
"13330","cat on",1,52678,72.24
"13331","cat storm",1,52679,72.24
"13332","catch a",1,52680,72.24
"13333","catch in",1,52681,72.24
"13334","catch more",1,52682,72.24
"13335","catch without",1,52683,72.24
"13336","caught all",1,52684,72.25
"13337","caught my",1,52685,72.25
"13338","caught myself",1,52686,72.25
"13339","caught off",1,52687,72.25
"13340","caught the",1,52688,72.25
"13341","cause eye",1,52689,72.25
"13342","cause he",1,52690,72.25
"13343","cause i",1,52691,72.26
"13344","cause if",1,52692,72.26
"13345","cause it",1,52693,72.26
"13346","cause since",1,52694,72.26
"13347","cause that",1,52695,72.26
"13348","celebrate a",1,52696,72.26
"13349","celebrate the",1,52697,72.26
"13350","celebrate them",1,52698,72.27
"13351","cell a",1,52699,72.27
"13352","cell phone",1,52700,72.27
"13353","cell while",1,52701,72.27
"13354","center and",1,52702,72.27
"13355","center could",1,52703,72.27
"13356","center i",1,52704,72.27
"13357","center is",1,52705,72.27
"13358","center my",1,52706,72.28
"13359","center on",1,52707,72.28
"13360","center stage",1,52708,72.28
"13361","center that",1,52709,72.28
"13362","center you",1,52710,72.28
"13363","central a",1,52711,72.28
"13364","central role",1,52712,72.28
"13365","central suddenly",1,52713,72.29
"13366","central time",1,52714,72.29
"13367","century and",1,52715,72.29
"13368","century for",1,52716,72.29
"13369","century however",1,52717,72.29
"13370","century what",1,52718,72.29
"13371","century when",1,52719,72.29
"13372","century with",1,52720,72.3
"13373","century writer",1,52721,72.3
"13374","certain content",1,52722,72.3
"13375","certain flavor",1,52723,72.3
"13376","certain i",1,52724,72.3
"13377","certain race",1,52725,72.3
"13378","certain should",1,52726,72.3
"13379","certain throughout",1,52727,72.31
"13380","certainly a",1,52728,72.31
"13381","certainly are",1,52729,72.31
"13382","certainly been",1,52730,72.31
"13383","certainly feel",1,52731,72.31
"13384","certainly fun",1,52732,72.31
"13385","certainly have",1,52733,72.31
"13386","certainly himself",1,52734,72.31
"13387","certainly how",1,52735,72.32
"13388","certainly it",1,52736,72.32
"13389","certainly nothing",1,52737,72.32
"13390","certainly purchase",1,52738,72.32
"13391","certainly taught",1,52739,72.32
"13392","chain we",1,52740,72.32
"13393","chair clearly",1,52741,72.32
"13394","chair in",1,52742,72.33
"13395","chair no",1,52743,72.33
"13396","challenge again",1,52744,72.33
"13397","challenge and",1,52745,72.33
"13398","challenge by",1,52746,72.33
"13399","challenge each",1,52747,72.33
"13400","challenge finally",1,52748,72.33
"13401","challenge for",1,52749,72.34
"13402","challenge here",1,52750,72.34
"13403","challenge on",1,52751,72.34
"13404","challenge since",1,52752,72.34
"13405","challenge the",1,52753,72.34
"13406","challenge those",1,52754,72.34
"13407","challenge winner",1,52755,72.34
"13408","challenge yet",1,52756,72.34
"13409","chance his",1,52757,72.35
"13410","chance i",1,52758,72.35
"13411","chance just",1,52759,72.35
"13412","chance s",1,52760,72.35
"13413","chance so",1,52761,72.35
"13414","chance that",1,52762,72.35
"13415","chance this",1,52763,72.35
"13416","chance we",1,52764,72.36
"13417","chance welcome",1,52765,72.36
"13418","change after",1,52766,72.36
"13419","change anything",1,52767,72.36
"13420","change colors",1,52768,72.36
"13421","change he",1,52769,72.36
"13422","change if",1,52770,72.36
"13423","change more",1,52771,72.37
"13424","change my",1,52772,72.37
"13425","change or",1,52773,72.37
"13426","change quickly",1,52774,72.37
"13427","change short",1,52775,72.37
"13428","change sometimes",1,52776,72.37
"13429","change until",1,52777,72.37
"13430","change we",1,52778,72.37
"13431","change when",1,52779,72.38
"13432","chapter in",1,52780,72.38
"13433","chapter we",1,52781,72.38
"13434","chapter with",1,52782,72.38
"13435","character and",1,52783,72.38
"13436","character but",1,52784,72.38
"13437","character design",1,52785,72.38
"13438","character in",1,52786,72.39
"13439","character is",1,52787,72.39
"13440","character most",1,52788,72.39
"13441","character of",1,52789,72.39
"13442","character or",1,52790,72.39
"13443","character that",1,52791,72.39
"13444","character this",1,52792,72.39
"13445","character you",1,52793,72.4
"13446","charge a",1,52794,72.4
"13447","charge anywhere",1,52795,72.4
"13448","charge but",1,52796,72.4
"13449","charge for",1,52797,72.4
"13450","charge more",1,52798,72.4
"13451","charge that",1,52799,72.4
"13452","charge to",1,52800,72.41
"13453","charge us",1,52801,72.41
"13454","cheap car",1,52802,72.41
"13455","cheap exercise",1,52803,72.41
"13456","cheap route",1,52804,72.41
"13457","check a",1,52805,72.41
"13458","check back",1,52806,72.41
"13459","check because",1,52807,72.41
"13460","check behind",1,52808,72.42
"13461","check his",1,52809,72.42
"13462","check one",1,52810,72.42
"13463","check or",1,52811,72.42
"13464","check prior",1,52812,72.42
"13465","check the",1,52813,72.42
"13466","check your",1,52814,72.42
"13467","checked each",1,52815,72.43
"13468","checked i",1,52816,72.43
"13469","checked in",1,52817,72.43
"13470","checked it",1,52818,72.43
"13471","checked she",1,52819,72.43
"13472","cheese are",1,52820,72.43
"13473","cheese before",1,52821,72.43
"13474","cheese below",1,52822,72.44
"13475","cheese garlic",1,52823,72.44
"13476","cheese rich",1,52824,72.44
"13477","cheese think",1,52825,72.44
"13478","cheese together",1,52826,72.44
"13479","chest and",1,52827,72.44
"13480","chest is",1,52828,72.44
"13481","chest starting",1,52829,72.44
"13482","chest to",1,52830,72.45
"13483","chest with",1,52831,72.45
"13484","chicken after",1,52832,72.45
"13485","chicken but",1,52833,72.45
"13486","chicken by",1,52834,72.45
"13487","chicken chicken",1,52835,72.45
"13488","chicken i",1,52836,72.45
"13489","chicken if",1,52837,72.46
"13490","chicken is",1,52838,72.46
"13491","chicken j",1,52839,72.46
"13492","chicken were",1,52840,72.46
"13493","chicken which",1,52841,72.46
"13494","chief of",1,52842,72.46
"13495","child at",1,52843,72.46
"13496","child de",1,52844,72.47
"13497","child don",1,52845,72.47
"13498","child lately",1,52846,72.47
"13499","child of",1,52847,72.47
"13500","child one",1,52848,72.47
"13501","child that",1,52849,72.47
"13502","child then",1,52850,72.47
"13503","child under",1,52851,72.48
"13504","child was",1,52852,72.48
"13505","child who",1,52853,72.48
"13506","child with",1,52854,72.48
"13507","child worry",1,52855,72.48
"13508","childhood home",1,52856,72.48
"13509","childhood with",1,52857,72.48
"13510","china and",1,52858,72.48
"13511","china from",1,52859,72.49
"13512","chips add",1,52860,72.49
"13513","chips and",1,52861,72.49
"13514","chips get",1,52862,72.49
"13515","chocolate and",1,52863,72.49
"13516","chocolate at",1,52864,72.49
"13517","chocolate chips",1,52865,72.49
"13518","chocolate i",1,52866,72.5
"13519","chocolate in",1,52867,72.5
"13520","chocolate or",1,52868,72.5
"13521","chocolate perfectly",1,52869,72.5
"13522","choice as",1,52870,72.5
"13523","choice at",1,52871,72.5
"13524","choice but",1,52872,72.5
"13525","choice for",1,52873,72.51
"13526","choice however",1,52874,72.51
"13527","choice in",1,52875,72.51
"13528","choice it",1,52876,72.51
"13529","choice of",1,52877,72.51
"13530","choice to",1,52878,72.51
"13531","choose between",1,52879,72.51
"13532","choose form",1,52880,72.51
"13533","choose not",1,52881,72.52
"13534","chopped and",1,52882,72.52
"13535","chopped it",1,52883,72.52
"13536","chose for",1,52884,72.52
"13537","chose one",1,52885,72.52
"13538","chose your",1,52886,72.52
"13539","chosen former",1,52887,72.52
"13540","chosen so",1,52888,72.53
"13541","chosen the",1,52889,72.53
"13542","circle and",1,52890,72.53
"13543","circle as",1,52891,72.53
"13544","circle i",1,52892,72.53
"13545","circle member",1,52893,72.53
"13546","circle punch",1,52894,72.53
"13547","city a",1,52895,72.54
"13548","city after",1,52896,72.54
"13549","city all",1,52897,72.54
"13550","city authority",1,52898,72.54
"13551","city building",1,52899,72.54
"13552","city city",1,52900,72.54
"13553","city especially",1,52901,72.54
"13554","city every",1,52902,72.55
"13555","city i",1,52903,72.55
"13556","city it",1,52904,72.55
"13557","city s",1,52905,72.55
"13558","city so",1,52906,72.55
"13559","city the",1,52907,72.55
"13560","city there",1,52908,72.55
"13561","city we",1,52909,72.55
"13562","city would",1,52910,72.56
"13563","city yesterday",1,52911,72.56
"13564","civil claim",1,52912,72.56
"13565","civil safe",1,52913,72.56
"13566","civil war",1,52914,72.56
"13567","claim a",1,52915,72.56
"13568","claim and",1,52916,72.56
"13569","claim do",1,52917,72.57
"13570","claim my",1,52918,72.57
"13571","claim over",1,52919,72.57
"13572","claim that",1,52920,72.57
"13573","claim the",1,52921,72.57
"13574","claim we",1,52922,72.57
"13575","class and",1,52923,72.57
"13576","class at",1,52924,72.58
"13577","class full",1,52925,72.58
"13578","class i",1,52926,72.58
"13579","class or",1,52927,72.58
"13580","class s",1,52928,72.58
"13581","class their",1,52929,72.58
"13582","class they",1,52930,72.58
"13583","class tonight",1,52931,72.58
"13584","class two",1,52932,72.59
"13585","class we",1,52933,72.59
"13586","class which",1,52934,72.59
"13587","class why",1,52935,72.59
"13588","class with",1,52936,72.59
"13589","classes is",1,52937,72.59
"13590","classic combined",1,52938,72.59
"13591","classic thus",1,52939,72.6
"13592","classic v",1,52940,72.6
"13593","classic weather",1,52941,72.6
"13594","clean after",1,52942,72.6
"13595","clean i",1,52943,72.6
"13596","clean my",1,52944,72.6
"13597","clean no",1,52945,72.6
"13598","clean not",1,52946,72.61
"13599","clean one",1,52947,72.61
"13600","clean she",1,52948,72.61
"13601","clean the",1,52949,72.61
"13602","cleaning have",1,52950,72.61
"13603","cleaning posted",1,52951,72.61
"13604","cleaning so",1,52952,72.61
"13605","cleaning wood",1,52953,72.61
"13606","clear and",1,52954,72.62
"13607","clear context",1,52955,72.62
"13608","clear he",1,52956,72.62
"13609","clear here",1,52957,72.62
"13610","clear it",1,52958,72.62
"13611","clear law",1,52959,72.62
"13612","clear level",1,52960,72.62
"13613","clear sign",1,52961,72.63
"13614","clear that",1,52962,72.63
"13615","clear though",1,52963,72.63
"13616","clear up",1,52964,72.63
"13617","clear water",1,52965,72.63
"13618","clearly are",1,52966,72.63
"13619","clearly by",1,52967,72.63
"13620","clearly did",1,52968,72.64
"13621","clearly in",1,52969,72.64
"13622","clearly is",1,52970,72.64
"13623","clearly lack",1,52971,72.64
"13624","clearly much",1,52972,72.64
"13625","clearly needs",1,52973,72.64
"13626","clearly on",1,52974,72.64
"13627","clearly quite",1,52975,72.65
"13628","clearly that",1,52976,72.65
"13629","clearly this",1,52977,72.65
"13630","clearly was",1,52978,72.65
"13631","clearly we",1,52979,72.65
"13632","clock by",1,52980,72.65
"13633","clock face",1,52981,72.65
"13634","clock of",1,52982,72.65
"13635","clock to",1,52983,72.66
"13636","close as",1,52984,72.66
"13637","close at",1,52985,72.66
"13638","close company",1,52986,72.66
"13639","close my",1,52987,72.66
"13640","close or",1,52988,72.66
"13641","close the",1,52989,72.66
"13642","close this",1,52990,72.67
"13643","close together",1,52991,72.67
"13644","close up",1,52992,72.67
"13645","close us",1,52993,72.67
"13646","close we",1,52994,72.67
"13647","close with",1,52995,72.67
"13648","closed down",1,52996,72.67
"13649","closed for",1,52997,72.68
"13650","closed in",1,52998,72.68
"13651","closed meant",1,52999,72.68
"13652","closed she",1,53000,72.68
"13653","closed this",1,53001,72.68
"13654","closet how",1,53002,72.68
"13655","closet in",1,53003,72.68
"13656","closet you",1,53004,72.68
"13657","clothes and",1,53005,72.69
"13658","clothes by",1,53006,72.69
"13659","clothes gave",1,53007,72.69
"13660","clothes i",1,53008,72.69
"13661","clothes it",1,53009,72.69
"13662","clothes must",1,53010,72.69
"13663","clothes out",1,53011,72.69
"13664","clothing for",1,53012,72.7
"13665","clothing pink",1,53013,72.7
"13666","club are",1,53014,72.7
"13667","club every",1,53015,72.7
"13668","club last",1,53016,72.7
"13669","club over",1,53017,72.7
"13670","club was",1,53018,72.7
"13671","coach i",1,53019,72.71
"13672","coach of",1,53020,72.71
"13673","coast are",1,53021,72.71
"13674","coast young",1,53022,72.71
"13675","coat white",1,53023,72.71
"13676","code as",1,53024,72.71
"13677","code but",1,53025,72.71
"13678","code in",1,53026,72.72
"13679","code is",1,53027,72.72
"13680","code the",1,53028,72.72
"13681","code to",1,53029,72.72
"13682","coffee but",1,53030,72.72
"13683","coffee came",1,53031,72.72
"13684","coffee from",1,53032,72.72
"13685","coffee he",1,53033,72.72
"13686","coffee i",1,53034,72.73
"13687","coffee other",1,53035,72.73
"13688","coffee so",1,53036,72.73
"13689","coffee the",1,53037,72.73
"13690","coffee to",1,53038,72.73
"13691","cold air",1,53039,72.73
"13692","cold and",1,53040,72.73
"13693","cold days",1,53041,72.74
"13694","cold i",1,53042,72.74
"13695","cold ice",1,53043,72.74
"13696","cold in",1,53044,72.74
"13697","cold it",1,53045,72.74
"13698","cold master",1,53046,72.74
"13699","cold war",1,53047,72.74
"13700","cold winter",1,53048,72.75
"13701","collection at",1,53049,72.75
"13702","collection when",1,53050,72.75
"13703","college on",1,53051,72.75
"13704","college there",1,53052,72.75
"13705","colors and",1,53053,72.75
"13706","colors in",1,53054,72.75
"13707","colors it",1,53055,72.75
"13708","colors of",1,53056,72.76
"13709","colors were",1,53057,72.76
"13710","combination in",1,53058,72.76
"13711","combination so",1,53059,72.76
"13712","combine flour",1,53060,72.76
"13713","combine the",1,53061,72.76
"13714","combine to",1,53062,72.76
"13715","combined and",1,53063,72.77
"13716","combined both",1,53064,72.77
"13717","combined but",1,53065,72.77
"13718","combined fruit",1,53066,72.77
"13719","come along",1,53067,72.77
"13720","come around",1,53068,72.77
"13721","come as",1,53069,72.77
"13722","come back",1,53070,72.78
"13723","come clean",1,53071,72.78
"13724","come down",1,53072,72.78
"13725","come for",1,53073,72.78
"13726","come join",1,53074,72.78
"13727","come my",1,53075,72.78
"13728","come naturally",1,53076,72.78
"13729","come next",1,53077,72.78
"13730","come this",1,53078,72.79
"13731","come together",1,53079,72.79
"13732","come yet",1,53080,72.79
"13733","come your",1,53081,72.79
"13734","comedy in",1,53082,72.79
"13735","comedy personally",1,53083,72.79
"13736","comedy that",1,53084,72.79
"13737","comedy without",1,53085,72.8
"13738","comes another",1,53086,72.8
"13739","comes back",1,53087,72.8
"13740","comes off",1,53088,72.8
"13741","comes tomorrow",1,53089,72.8
"13742","comes with",1,53090,72.8
"13743","comfort food",1,53091,72.8
"13744","comfort i",1,53092,72.81
"13745","comfort in",1,53093,72.81
"13746","comfort one",1,53094,72.81
"13747","comfort we",1,53095,72.81
"13748","comfort what",1,53096,72.81
"13749","comfort zone",1,53097,72.81
"13750","comfortable and",1,53098,72.81
"13751","comfortable in",1,53099,72.82
"13752","comfortable with",1,53100,72.82
"13753","comic totally",1,53101,72.82
"13754","coming a",1,53102,72.82
"13755","coming along",1,53103,72.82
"13756","coming due",1,53104,72.82
"13757","coming i",1,53105,72.82
"13758","coming san",1,53106,72.82
"13759","coming so",1,53107,72.83
"13760","coming soon",1,53108,72.83
"13761","comment to",1,53109,72.83
"13762","comment with",1,53110,72.83
"13763","commercial appeal",1,53111,72.83
"13764","commercial i",1,53112,72.83
"13765","commercial or",1,53113,72.83
"13766","commercial real",1,53114,72.84
"13767","commercial what",1,53115,72.84
"13768","committee my",1,53116,72.84
"13769","common available",1,53117,72.84
"13770","common core",1,53118,72.84
"13771","common interest",1,53119,72.84
"13772","common it",1,53120,72.84
"13773","common man",1,53121,72.85
"13774","common name",1,53122,72.85
"13775","common of",1,53123,72.85
"13776","common outside",1,53124,72.85
"13777","common prayer",1,53125,72.85
"13778","common purpose",1,53126,72.85
"13779","common sense",1,53127,72.85
"13780","common the",1,53128,72.85
"13781","common threat",1,53129,72.86
"13782","common wisdom",1,53130,72.86
"13783","common with",1,53131,72.86
"13784","communication and",1,53132,72.86
"13785","communication between",1,53133,72.86
"13786","communication if",1,53134,72.86
"13787","communication is",1,53135,72.86
"13788","communication it",1,53136,72.87
"13789","communication so",1,53137,72.87
"13790","communication very",1,53138,72.87
"13791","community i",1,53139,72.87
"13792","community lead",1,53140,72.87
"13793","community nearly",1,53141,72.87
"13794","community of",1,53142,72.87
"13795","community organization",1,53143,72.88
"13796","community s",1,53144,72.88
"13797","community sent",1,53145,72.88
"13798","community so",1,53146,72.88
"13799","community still",1,53147,72.88
"13800","community the",1,53148,72.88
"13801","community think",1,53149,72.88
"13802","community we",1,53150,72.89
"13803","company after",1,53151,72.89
"13804","company are",1,53152,72.89
"13805","company as",1,53153,72.89
"13806","company ask",1,53154,72.89
"13807","company available",1,53155,72.89
"13808","company car",1,53156,72.89
"13809","company for",1,53157,72.89
"13810","company from",1,53158,72.9
"13811","company in",1,53159,72.9
"13812","company lots",1,53160,72.9
"13813","company much",1,53161,72.9
"13814","company or",1,53162,72.9
"13815","company particularly",1,53163,72.9
"13816","company pizza",1,53164,72.9
"13817","company s",1,53165,72.91
"13818","company secret",1,53166,72.91
"13819","company storm",1,53167,72.91
"13820","company that",1,53168,72.91
"13821","company their",1,53169,72.91
"13822","company they",1,53170,72.91
"13823","company unfortunately",1,53171,72.91
"13824","company when",1,53172,72.92
"13825","company which",1,53173,72.92
"13826","company who",1,53174,72.92
"13827","company will",1,53175,72.92
"13828","competition and",1,53176,72.92
"13829","competition driven",1,53177,72.92
"13830","competition got",1,53178,72.92
"13831","competition that",1,53179,72.92
"13832","complete and",1,53180,72.93
"13833","complete by",1,53181,72.93
"13834","complete rolling",1,53182,72.93
"13835","complete series",1,53183,72.93
"13836","complete supply",1,53184,72.93
"13837","complete that",1,53185,72.93
"13838","complete unknown",1,53186,72.93
"13839","complete with",1,53187,72.94
"13840","completely different",1,53188,72.94
"13841","completely for",1,53189,72.94
"13842","completely in",1,53190,72.94
"13843","completely lose",1,53191,72.94
"13844","completely present",1,53192,72.94
"13845","completely re",1,53193,72.94
"13846","complex is",1,53194,72.95
"13847","complex the",1,53195,72.95
"13848","computer off",1,53196,72.95
"13849","computer question",1,53197,72.95
"13850","computer time",1,53198,72.95
"13851","computer to",1,53199,72.95
"13852","computer which",1,53200,72.95
"13853","computer with",1,53201,72.96
"13854","concern for",1,53202,72.96
"13855","concern in",1,53203,72.96
"13856","concern this",1,53204,72.96
"13857","concerned for",1,53205,72.96
"13858","concerned i",1,53206,72.96
"13859","concerned if",1,53207,72.96
"13860","concerned it",1,53208,72.96
"13861","concerned with",1,53209,72.97
"13862","concerned within",1,53210,72.97
"13863","concert at",1,53211,72.97
"13864","concert both",1,53212,72.97
"13865","concert on",1,53213,72.97
"13866","condition of",1,53214,72.97
"13867","condition to",1,53215,72.97
"13868","conference of",1,53216,72.98
"13869","conference on",1,53217,72.98
"13870","conference which",1,53218,72.98
"13871","conference with",1,53219,72.98
"13872","confidence and",1,53220,72.98
"13873","confidence i",1,53221,72.98
"13874","confidence in",1,53222,72.98
"13875","confidence of",1,53223,72.99
"13876","confused broke",1,53224,72.99
"13877","confused one",1,53225,72.99
"13878","confused smile",1,53226,72.99
"13879","congress after",1,53227,72.99
"13880","congress give",1,53228,72.99
"13881","congress to",1,53229,72.99
"13882","congress who",1,53230,72.99
"13883","connected i",1,53231,73
"13884","connection back",1,53232,73
"13885","connection here",1,53233,73
"13886","connection this",1,53234,73
"13887","connection you",1,53235,73
"13888","consider a",1,53236,73
"13889","consider one",1,53237,73
"13890","consider to",1,53238,73.01
"13891","consider why",1,53239,73.01
"13892","considered a",1,53240,73.01
"13893","considered dog",1,53241,73.01
"13894","considered in",1,53242,73.01
"13895","considered on",1,53243,73.01
"13896","considered she",1,53244,73.01
"13897","considered to",1,53245,73.02
"13898","considered too",1,53246,73.02
"13899","considering a",1,53247,73.02
"13900","considering all",1,53248,73.02
"13901","considering i",1,53249,73.02
"13902","considering it",1,53250,73.02
"13903","considering this",1,53251,73.02
"13904","considering what",1,53252,73.02
"13905","constant everyone",1,53253,73.03
"13906","constant movement",1,53254,73.03
"13907","constant need",1,53255,73.03
"13908","constant state",1,53256,73.03
"13909","constantly have",1,53257,73.03
"13910","constantly to",1,53258,73.03
"13911","constantly up",1,53259,73.03
"13912","construction of",1,53260,73.04
"13913","construction paper",1,53261,73.04
"13914","construction zone",1,53262,73.04
"13915","contact as",1,53263,73.04
"13916","contact by",1,53264,73.04
"13917","contact her",1,53265,73.04
"13918","contact you",1,53266,73.04
"13919","contemporary japan",1,53267,73.05
"13920","contemporary like",1,53268,73.05
"13921","contemporary music",1,53269,73.05
"13922","contemporary sometimes",1,53270,73.05
"13923","content and",1,53271,73.05
"13924","content of",1,53272,73.05
"13925","content that",1,53273,73.05
"13926","content will",1,53274,73.06
"13927","contest there",1,53275,73.06
"13928","context and",1,53276,73.06
"13929","context of",1,53277,73.06
"13930","context to",1,53278,73.06
"13931","continue and",1,53279,73.06
"13932","continue until",1,53280,73.06
"13933","continue without",1,53281,73.06
"13934","continued as",1,53282,73.07
"13935","continued how",1,53283,73.07
"13936","continued i",1,53284,73.07
"13937","continued talking",1,53285,73.07
"13938","continued walking",1,53286,73.07
"13939","contract is",1,53287,73.07
"13940","control a",1,53288,73.07
"13941","control as",1,53289,73.08
"13942","control back",1,53290,73.08
"13943","control by",1,53291,73.08
"13944","control i",1,53292,73.08
"13945","control journal",1,53293,73.08
"13946","control many",1,53294,73.08
"13947","control our",1,53295,73.08
"13948","control over",1,53296,73.09
"13949","control that",1,53297,73.09
"13950","control though",1,53298,73.09
"13951","conversation about",1,53299,73.09
"13952","conversation like",1,53300,73.09
"13953","conversation revealed",1,53301,73.09
"13954","conversation she",1,53302,73.09
"13955","conversation that",1,53303,73.09
"13956","conversation turned",1,53304,73.1
"13957","convinced his",1,53305,73.1
"13958","convinced of",1,53306,73.1
"13959","convinced that",1,53307,73.1
"13960","cook a",1,53308,73.1
"13961","cook in",1,53309,73.1
"13962","cook or",1,53310,73.1
"13963","cook together",1,53311,73.11
"13964","cooking a",1,53312,73.11
"13965","cooking and",1,53313,73.11
"13966","cooking but",1,53314,73.11
"13967","cooking in",1,53315,73.11
"13968","cooking is",1,53316,73.11
"13969","cooking looking",1,53317,73.11
"13970","cooking the",1,53318,73.12
"13971","cool blue",1,53319,73.12
"13972","cool c",1,53320,73.12
"13973","cool camera",1,53321,73.12
"13974","cool completely",1,53322,73.12
"13975","cool dark",1,53323,73.12
"13976","cool enough",1,53324,73.12
"13977","cool giant",1,53325,73.13
"13978","cool guy",1,53326,73.13
"13979","cool house",1,53327,73.13
"13980","cool i",1,53328,73.13
"13981","cool it",1,53329,73.13
"13982","cool news",1,53330,73.13
"13983","cool or",1,53331,73.13
"13984","cool out",1,53332,73.13
"13985","copy free",1,53333,73.14
"13986","copy of",1,53334,73.14
"13987","copy on",1,53335,73.14
"13988","copy today",1,53336,73.14
"13989","core and",1,53337,73.14
"13990","core because",1,53338,73.14
"13991","core the",1,53339,73.14
"13992","corn even",1,53340,73.15
"13993","corn on",1,53341,73.15
"13994","corner a",1,53342,73.15
"13995","corner are",1,53343,73.15
"13996","corner from",1,53344,73.15
"13997","corner in",1,53345,73.15
"13998","corner media",1,53346,73.15
"13999","corporate challenge",1,53347,73.16
"14000","corporate data",1,53348,73.16
"14001","corporate job",1,53349,73.16
"14002","correct brain",1,53350,73.16
"14003","correct everybody",1,53351,73.16
"14004","correct in",1,53352,73.16
"14005","correct since",1,53353,73.16
"14006","correct term",1,53354,73.16
"14007","cost and",1,53355,73.17
"14008","cost effective",1,53356,73.17
"14009","cost however",1,53357,73.17
"14010","cost me",1,53358,73.17
"14011","cost million",1,53359,73.17
"14012","cost per",1,53360,73.17
"14013","cost provided",1,53361,73.17
"14014","cost service",1,53362,73.18
"14015","cost so",1,53363,73.18
"14016","cost the",1,53364,73.18
"14017","could a",1,53365,73.18
"14018","could and",1,53366,73.18
"14019","could appear",1,53367,73.18
"14020","could barely",1,53368,73.18
"14021","could call",1,53369,73.19
"14022","could chose",1,53370,73.19
"14023","could continue",1,53371,73.19
"14024","could deal",1,53372,73.19
"14025","could definitely",1,53373,73.19
"14026","could eat",1,53374,73.19
"14027","could enjoy",1,53375,73.19
"14028","could even",1,53376,73.2
"14029","could expect",1,53377,73.2
"14030","could find",1,53378,73.2
"14031","could finish",1,53379,73.2
"14032","could get",1,53380,73.2
"14033","could go",1,53381,73.2
"14034","could gone",1,53382,73.2
"14035","could grow",1,53383,73.2
"14036","could hardly",1,53384,73.21
"14037","could include",1,53385,73.21
"14038","could lead",1,53386,73.21
"14039","could literally",1,53387,73.21
"14040","could manage",1,53388,73.21
"14041","could perhaps",1,53389,73.21
"14042","could play",1,53390,73.21
"14043","could possibly",1,53391,73.22
"14044","could quickly",1,53392,73.22
"14045","could reach",1,53393,73.22
"14046","could remember",1,53394,73.22
"14047","could return",1,53395,73.22
"14048","could ride",1,53396,73.22
"14049","could run",1,53397,73.22
"14050","could save",1,53398,73.23
"14051","could take",1,53399,73.23
"14052","could taken",1,53400,73.23
"14053","could tell",1,53401,73.23
"14054","could this",1,53402,73.23
"14055","could throw",1,53403,73.23
"14056","could unfortunately",1,53404,73.23
"14057","could watch",1,53405,73.23
"14058","could with",1,53406,73.24
"14059","council and",1,53407,73.24
"14060","council at",1,53408,73.24
"14061","council of",1,53409,73.24
"14062","council or",1,53410,73.24
"14063","council should",1,53411,73.24
"14064","council to",1,53412,73.24
"14065","count all",1,53413,73.25
"14066","count far",1,53414,73.25
"14067","count on",1,53415,73.25
"14068","counter culture",1,53416,73.25
"14069","counter in",1,53417,73.25
"14070","country as",1,53418,73.25
"14071","country faster",1,53419,73.25
"14072","country living",1,53420,73.26
"14073","country my",1,53421,73.26
"14074","country of",1,53422,73.26
"14075","country or",1,53423,73.26
"14076","country report",1,53424,73.26
"14077","country that",1,53425,73.26
"14078","country these",1,53426,73.26
"14079","country though",1,53427,73.26
"14080","country we",1,53428,73.27
"14081","country when",1,53429,73.27
"14082","county council",1,53430,73.27
"14083","county for",1,53431,73.27
"14084","county island",1,53432,73.27
"14085","county night",1,53433,73.27
"14086","county s",1,53434,73.27
"14087","county which",1,53435,73.28
"14088","couple among",1,53436,73.28
"14089","couple as",1,53437,73.28
"14090","couple at",1,53438,73.28
"14091","couple before",1,53439,73.28
"14092","couple but",1,53440,73.28
"14093","couple hundred",1,53441,73.28
"14094","couple i",1,53442,73.29
"14095","couple in",1,53443,73.29
"14096","couple more",1,53444,73.29
"14097","couple we",1,53445,73.29
"14098","couple well",1,53446,73.29
"14099","couple while",1,53447,73.29
"14100","course as",1,53448,73.29
"14101","course for",1,53449,73.3
"14102","course had",1,53450,73.3
"14103","course he",1,53451,73.3
"14104","course here",1,53452,73.3
"14105","course if",1,53453,73.3
"14106","course in",1,53454,73.3
"14107","course it",1,53455,73.3
"14108","course main",1,53456,73.3
"14109","course much",1,53457,73.31
"14110","course not",1,53458,73.31
"14111","course plenty",1,53459,73.31
"14112","course remember",1,53460,73.31
"14113","course so",1,53461,73.31
"14114","course some",1,53462,73.31
"14115","course someone",1,53463,73.31
"14116","course the",1,53464,73.32
"14117","course these",1,53465,73.32
"14118","course they",1,53466,73.32
"14119","course very",1,53467,73.32
"14120","course we",1,53468,73.32
"14121","course with",1,53469,73.32
"14122","course you",1,53470,73.32
"14123","court an",1,53471,73.33
"14124","court battle",1,53472,73.33
"14125","court for",1,53473,73.33
"14126","court house",1,53474,73.33
"14127","court so",1,53475,73.33
"14128","court that",1,53476,73.33
"14129","court to",1,53477,73.33
"14130","court trial",1,53478,73.33
"14131","cover a",1,53479,73.34
"14132","cover all",1,53480,73.34
"14133","cover another",1,53481,73.34
"14134","cover book",1,53482,73.34
"14135","cover for",1,53483,73.34
"14136","cover here",1,53484,73.34
"14137","cover i",1,53485,73.34
"14138","cover is",1,53486,73.35
"14139","cover just",1,53487,73.35
"14140","cover league",1,53488,73.35
"14141","cover my",1,53489,73.35
"14142","cover of",1,53490,73.35
"14143","cover up",1,53491,73.35
"14144","cover with",1,53492,73.35
"14145","covered and",1,53493,73.36
"14146","covered by",1,53494,73.36
"14147","covered first",1,53495,73.36
"14148","covered here",1,53496,73.36
"14149","covered how",1,53497,73.36
"14150","covered pretty",1,53498,73.36
"14151","covered to",1,53499,73.36
"14152","craft brewery",1,53500,73.37
"14153","craft paint",1,53501,73.37
"14154","craft space",1,53502,73.37
"14155","craft there",1,53503,73.37
"14156","craft these",1,53504,73.37
"14157","crazy brain",1,53505,73.37
"14158","crazy but",1,53506,73.37
"14159","crazy challenge",1,53507,73.37
"14160","crazy it",1,53508,73.38
"14161","crazy man",1,53509,73.38
"14162","crazy now",1,53510,73.38
"14163","crazy somewhere",1,53511,73.38
"14164","crazy still",1,53512,73.38
"14165","cream cheese",1,53513,73.38
"14166","cream for",1,53514,73.38
"14167","cream i",1,53515,73.39
"14168","cream just",1,53516,73.39
"14169","cream of",1,53517,73.39
"14170","cream on",1,53518,73.39
"14171","cream posted",1,53519,73.39
"14172","cream set",1,53520,73.39
"14173","cream that",1,53521,73.39
"14174","cream the",1,53522,73.4
"14175","cream this",1,53523,73.4
"14176","cream though",1,53524,73.4
"14177","cream would",1,53525,73.4
"14178","create deep",1,53526,73.4
"14179","create four",1,53527,73.4
"14180","create the",1,53528,73.4
"14181","create usually",1,53529,73.4
"14182","creation if",1,53530,73.41
"14183","creation man",1,53531,73.41
"14184","creation program",1,53532,73.41
"14185","creation will",1,53533,73.41
"14186","creative advertising",1,53534,73.41
"14187","creative and",1,53535,73.41
"14188","creative at",1,53536,73.41
"14189","creative hope",1,53537,73.42
"14190","creative in",1,53538,73.42
"14191","creative the",1,53539,73.42
"14192","creative time",1,53540,73.42
"14193","creative to",1,53541,73.42
"14194","creative with",1,53542,73.42
"14195","credit card",1,53543,73.42
"14196","credit in",1,53544,73.43
"14197","credit report",1,53545,73.43
"14198","credit state",1,53546,73.43
"14199","credit the",1,53547,73.43
"14200","crew on",1,53548,73.43
"14201","crew then",1,53549,73.43
"14202","crew thought",1,53550,73.43
"14203","crisis cup",1,53551,73.43
"14204","crisis s",1,53552,73.44
"14205","crisis the",1,53553,73.44
"14206","critical and",1,53554,73.44
"14207","critical moment",1,53555,73.44
"14208","critical thinking",1,53556,73.44
"14209","cross herself",1,53557,73.44
"14210","cross if",1,53558,73.44
"14211","cross my",1,53559,73.45
"14212","cross the",1,53560,73.45
"14213","cross was",1,53561,73.45
"14214","cross where",1,53562,73.45
"14215","crowd and",1,53563,73.45
"14216","crowd pan",1,53564,73.45
"14217","crowd turn",1,53565,73.45
"14218","crowd with",1,53566,73.46
"14219","cry at",1,53567,73.46
"14220","cry but",1,53568,73.46
"14221","cry of",1,53569,73.46
"14222","cry or",1,53570,73.46
"14223","cry where",1,53571,73.46
"14224","crying and",1,53572,73.46
"14225","crying with",1,53573,73.47
"14226","cultural is",1,53574,73.47
"14227","culture food",1,53575,73.47
"14228","culture st",1,53576,73.47
"14229","culture there",1,53577,73.47
"14230","culture we",1,53578,73.47
"14231","cup final",1,53579,73.47
"14232","cup half",1,53580,73.47
"14233","cup in",1,53581,73.48
"14234","cup milk",1,53582,73.48
"14235","cup raw",1,53583,73.48
"14236","cup sugar",1,53584,73.48
"14237","cup talk",1,53585,73.48
"14238","cup which",1,53586,73.48
"14239","curious about",1,53587,73.48
"14240","current at",1,53588,73.49
"14241","current continued",1,53589,73.49
"14242","current include",1,53590,73.49
"14243","current of",1,53591,73.49
"14244","current position",1,53592,73.49
"14245","current shop",1,53593,73.49
"14246","current system",1,53594,73.49
"14247","current that",1,53595,73.5
"14248","currently a",1,53596,73.5
"14249","currently and",1,53597,73.5
"14250","currently at",1,53598,73.5
"14251","currently doing",1,53599,73.5
"14252","currently for",1,53600,73.5
"14253","currently fourth",1,53601,73.5
"14254","currently only",1,53602,73.5
"14255","currently share",1,53603,73.51
"14256","currently state",1,53604,73.51
"14257","currently together",1,53605,73.51
"14258","customer and",1,53606,73.51
"14259","customer herself",1,53607,73.51
"14260","customer i",1,53608,73.51
"14261","customer my",1,53609,73.51
"14262","cut a",1,53610,73.52
"14263","cut and",1,53611,73.52
"14264","cut as",1,53612,73.52
"14265","cut from",1,53613,73.52
"14266","cut him",1,53614,73.52
"14267","cut machine",1,53615,73.52
"14268","cut right",1,53616,73.52
"14269","cut some",1,53617,73.53
"14270","cut the",1,53618,73.53
"14271","cut through",1,53619,73.53
"14272","cut two",1,53620,73.53
"14273","cut warm",1,53621,73.53
"14274","cut was",1,53622,73.53
"14275","cut which",1,53623,73.53
"14276","cute card",1,53624,73.54
"14277","cute drinking",1,53625,73.54
"14278","cute of",1,53626,73.54
"14279","cute older",1,53627,73.54
"14280","cute the",1,53628,73.54
"14281","cute their",1,53629,73.54
"14282","cute to",1,53630,73.54
"14283","cute with",1,53631,73.54
"14284","cutting his",1,53632,73.55
"14285","cutting i",1,53633,73.55
"14286","cutting which",1,53634,73.55
"14287","d a",1,53635,73.55
"14288","d actually",1,53636,73.55
"14289","d all",1,53637,73.55
"14290","d allow",1,53638,73.55
"14291","d already",1,53639,73.56
"14292","d and",1,53640,73.56
"14293","d ask",1,53641,73.56
"14294","d d",1,53642,73.56
"14295","d definitely",1,53643,73.56
"14296","d do",1,53644,73.56
"14297","d enjoy",1,53645,73.56
"14298","d ever",1,53646,73.57
"14299","d find",1,53647,73.57
"14300","d go",1,53648,73.57
"14301","d his",1,53649,73.57
"14302","d if",1,53650,73.57
"14303","d just",1,53651,73.57
"14304","d let",1,53652,73.57
"14305","d open",1,53653,73.57
"14306","d path",1,53654,73.58
"14307","d r",1,53655,73.58
"14308","d really",1,53656,73.58
"14309","d say",1,53657,73.58
"14310","d send",1,53658,73.58
"14311","d spirit",1,53659,73.58
"14312","d start",1,53660,73.58
"14313","d strength",1,53661,73.59
"14314","d such",1,53662,73.59
"14315","d taken",1,53663,73.59
"14316","d that",1,53664,73.59
"14317","d the",1,53665,73.59
"14318","d think",1,53666,73.59
"14319","d victory",1,53667,73.59
"14320","d want",1,53668,73.6
"14321","d wear",1,53669,73.6
"14322","d web",1,53670,73.6
"14323","d when",1,53671,73.6
"14324","d which",1,53672,73.6
"14325","d worry",1,53673,73.6
"14326","d your",1,53674,73.6
"14327","dad and",1,53675,73.61
"14328","dad but",1,53676,73.61
"14329","dad for",1,53677,73.61
"14330","dad have",1,53678,73.61
"14331","dad just",1,53679,73.61
"14332","dad like",1,53680,73.61
"14333","dad s",1,53681,73.61
"14334","dad to",1,53682,73.61
"14335","daddy and",1,53683,73.62
"14336","daddy s",1,53684,73.62
"14337","daddy the",1,53685,73.62
"14338","daily five",1,53686,73.62
"14339","daily for",1,53687,73.62
"14340","daily journey",1,53688,73.62
"14341","daily rate",1,53689,73.62
"14342","daily routine",1,53690,73.63
"14343","daily star",1,53691,73.63
"14344","daily struggle",1,53692,73.63
"14345","daily the",1,53693,73.63
"14346","daily while",1,53694,73.63
"14347","damage control",1,53695,73.63
"14348","damage to",1,53696,73.63
"14349","dance and",1,53697,73.64
"14350","dance but",1,53698,73.64
"14351","dance floor",1,53699,73.64
"14352","dance of",1,53700,73.64
"14353","dance partner",1,53701,73.64
"14354","dance to",1,53702,73.64
"14355","dancing across",1,53703,73.64
"14356","dancing or",1,53704,73.64
"14357","dancing several",1,53705,73.65
"14358","dancing that",1,53706,73.65
"14359","danger in",1,53707,73.65
"14360","dangerous among",1,53708,73.65
"14361","dangerous and",1,53709,73.65
"14362","dangerous place",1,53710,73.65
"14363","dangerous the",1,53711,73.65
"14364","dark as",1,53712,73.66
"14365","dark blue",1,53713,73.66
"14366","dark brown",1,53714,73.66
"14367","dark but",1,53715,73.66
"14368","dark chocolate",1,53716,73.66
"14369","dark magic",1,53717,73.66
"14370","dark no",1,53718,73.66
"14371","dark of",1,53719,73.67
"14372","dark oh",1,53720,73.67
"14373","dark romance",1,53721,73.67
"14374","dark skin",1,53722,73.67
"14375","dark sky",1,53723,73.67
"14376","dark stick",1,53724,73.67
"14377","dark to",1,53725,73.67
"14378","dark we",1,53726,73.67
"14379","dark while",1,53727,73.68
"14380","dark with",1,53728,73.68
"14381","dark within",1,53729,73.68
"14382","darkness and",1,53730,73.68
"14383","darkness as",1,53731,73.68
"14384","darkness become",1,53732,73.68
"14385","darkness below",1,53733,73.68
"14386","darkness it",1,53734,73.69
"14387","darkness mouth",1,53735,73.69
"14388","data plan",1,53736,73.69
"14389","data take",1,53737,73.69
"14390","data that",1,53738,73.69
"14391","data the",1,53739,73.69
"14392","data was",1,53740,73.69
"14393","date but",1,53741,73.7
"14394","date either",1,53742,73.7
"14395","date it",1,53743,73.7
"14396","date the",1,53744,73.7
"14397","date this",1,53745,73.7
"14398","date will",1,53746,73.7
"14399","daughter as",1,53747,73.7
"14400","daughter eat",1,53748,73.71
"14401","daughter from",1,53749,73.71
"14402","daughter her",1,53750,73.71
"14403","daughter is",1,53751,73.71
"14404","daughter pretty",1,53752,73.71
"14405","daughter s",1,53753,73.71
"14406","daughter so",1,53754,73.71
"14407","daughter t",1,53755,73.71
"14408","daughter the",1,53756,73.72
"14409","daughter to",1,53757,73.72
"14410","daughter was",1,53758,73.72
"14411","daughter will",1,53759,73.72
"14412","day according",1,53760,73.72
"14413","day any",1,53761,73.72
"14414","day apparently",1,53762,73.72
"14415","day are",1,53763,73.73
"14416","day been",1,53764,73.73
"14417","day before",1,53765,73.73
"14418","day breakfast",1,53766,73.73
"14419","day by",1,53767,73.73
"14420","day depending",1,53768,73.73
"14421","day did",1,53769,73.73
"14422","day from",1,53770,73.74
"14423","day go",1,53771,73.74
"14424","day have",1,53772,73.74
"14425","day hospital",1,53773,73.74
"14426","day if",1,53774,73.74
"14427","day into",1,53775,73.74
"14428","day last",1,53776,73.74
"14429","day late",1,53777,73.74
"14430","day learning",1,53778,73.75
"14431","day might",1,53779,73.75
"14432","day moment",1,53780,73.75
"14433","day mommy",1,53781,73.75
"14434","day off",1,53782,73.75
"14435","day on",1,53783,73.75
"14436","day one",1,53784,73.75
"14437","day out",1,53785,73.76
"14438","day rather",1,53786,73.76
"14439","day right",1,53787,73.76
"14440","day sent",1,53788,73.76
"14441","day she",1,53789,73.76
"14442","day should",1,53790,73.76
"14443","day spent",1,53791,73.76
"14444","day that",1,53792,73.77
"14445","day travel",1,53793,73.77
"14446","day try",1,53794,73.77
"14447","day unlike",1,53795,73.77
"14448","day upon",1,53796,73.77
"14449","day wait",1,53797,73.77
"14450","day weekend",1,53798,73.77
"14451","day well",1,53799,73.78
"14452","day which",1,53800,73.78
"14453","day while",1,53801,73.78
"14454","day yesterday",1,53802,73.78
"14455","day you",1,53803,73.78
"14456","days a",1,53804,73.78
"14457","days about",1,53805,73.78
"14458","days after",1,53806,73.78
"14459","days before",1,53807,73.79
"14460","days but",1,53808,73.79
"14461","days doing",1,53809,73.79
"14462","days garden",1,53810,73.79
"14463","days here",1,53811,73.79
"14464","days it",1,53812,73.79
"14465","days long",1,53813,73.79
"14466","days now",1,53814,73.8
"14467","days old",1,53815,73.8
"14468","days or",1,53816,73.8
"14469","days per",1,53817,73.8
"14470","days regarding",1,53818,73.8
"14471","days sitting",1,53819,73.8
"14472","days sometimes",1,53820,73.8
"14473","days the",1,53821,73.81
"14474","days there",1,53822,73.81
"14475","days turn",1,53823,73.81
"14476","days when",1,53824,73.81
"14477","days which",1,53825,73.81
"14478","days yet",1,53826,73.81
"14479","days you",1,53827,73.81
"14480","de a",1,53828,73.81
"14481","de and",1,53829,73.82
"14482","de grace",1,53830,73.82
"14483","de it",1,53831,73.82
"14484","de la",1,53832,73.82
"14485","de number",1,53833,73.82
"14486","de s",1,53834,73.82
"14487","de son",1,53835,73.82
"14488","de to",1,53836,73.83
"14489","de while",1,53837,73.83
"14490","deal a",1,53838,73.83
"14491","deal but",1,53839,73.83
"14492","deal even",1,53840,73.83
"14493","deal for",1,53841,73.83
"14494","deal if",1,53842,73.83
"14495","deal in",1,53843,73.84
"14496","deal like",1,53844,73.84
"14497","deal on",1,53845,73.84
"14498","deal put",1,53846,73.84
"14499","deal the",1,53847,73.84
"14500","deal today",1,53848,73.84
"14501","dealing i",1,53849,73.84
"14502","dear dad",1,53850,73.85
"14503","dear friend",1,53851,73.85
"14504","dear lord",1,53852,73.85
"14505","dear sister",1,53853,73.85
"14506","dear to",1,53854,73.85
"14507","debate face",1,53855,73.85
"14508","debt and",1,53856,73.85
"14509","debt free",1,53857,73.85
"14510","debt from",1,53858,73.86
"14511","debt here",1,53859,73.86
"14512","debt or",1,53860,73.86
"14513","debt with",1,53861,73.86
"14514","decade i",1,53862,73.86
"14515","decent bottle",1,53863,73.86
"14516","decent flight",1,53864,73.86
"14517","decent foot",1,53865,73.87
"14518","decent job",1,53866,73.87
"14519","decent number",1,53867,73.87
"14520","decent performance",1,53868,73.87
"14521","decent session",1,53869,73.87
"14522","decent time",1,53870,73.87
"14523","decide she",1,53871,73.87
"14524","decide their",1,53872,73.88
"14525","decide what",1,53873,73.88
"14526","decide when",1,53874,73.88
"14527","decided for",1,53875,73.88
"14528","decided i",1,53876,73.88
"14529","decided on",1,53877,73.88
"14530","decided she",1,53878,73.88
"14531","decision in",1,53879,73.88
"14532","decision this",1,53880,73.89
"14533","decision was",1,53881,73.89
"14534","decision when",1,53882,73.89
"14535","deep and",1,53883,73.89
"14536","deep cleaning",1,53884,73.89
"14537","deep down",1,53885,73.89
"14538","deep emotional",1,53886,73.89
"14539","deep father",1,53887,73.9
"14540","deep into",1,53888,73.9
"14541","deep long",1,53889,73.9
"14542","deep north",1,53890,73.9
"14543","deep within",1,53891,73.9
"14544","defense and",1,53892,73.9
"14545","defense my",1,53893,73.9
"14546","defense of",1,53894,73.91
"14547","defense system",1,53895,73.91
"14548","definitely a",1,53896,73.91
"14549","definitely against",1,53897,73.91
"14550","definitely cannot",1,53898,73.91
"14551","definitely dream",1,53899,73.91
"14552","definitely inspired",1,53900,73.91
"14553","definitely like",1,53901,73.91
"14554","definitely make",1,53902,73.92
"14555","definitely no",1,53903,73.92
"14556","definitely not",1,53904,73.92
"14557","definitely over",1,53905,73.92
"14558","definitely recommend",1,53906,73.92
"14559","definitely time",1,53907,73.92
"14560","definitely use",1,53908,73.92
"14561","definitely want",1,53909,73.93
"14562","definitely worth",1,53910,73.93
"14563","degree i",1,53911,73.93
"14564","degree oven",1,53912,73.93
"14565","delicious enough",1,53913,73.93
"14566","delicious now",1,53914,73.93
"14567","delicious presence",1,53915,73.93
"14568","delicious that",1,53916,73.94
"14569","demand for",1,53917,73.94
"14570","demand more",1,53918,73.94
"14571","demand of",1,53919,73.94
"14572","department had",1,53920,73.94
"14573","department let",1,53921,73.94
"14574","department today",1,53922,73.94
"14575","depth and",1,53923,73.95
"14576","depth at",1,53924,73.95
"14577","depth knowledge",1,53925,73.95
"14578","depth of",1,53926,73.95
"14579","describe comedy",1,53927,73.95
"14580","describe her",1,53928,73.95
"14581","describe it",1,53929,73.95
"14582","describe myself",1,53930,73.95
"14583","describe their",1,53931,73.96
"14584","description and",1,53932,73.96
"14585","description as",1,53933,73.96
"14586","description of",1,53934,73.96
"14587","description there",1,53935,73.96
"14588","design and",1,53936,73.96
"14589","design for",1,53937,73.96
"14590","design here",1,53938,73.97
"14591","design in",1,53939,73.97
"14592","design that",1,53940,73.97
"14593","design with",1,53941,73.97
"14594","designed and",1,53942,73.97
"14595","designed for",1,53943,73.97
"14596","designed some",1,53944,73.97
"14597","designed the",1,53945,73.98
"14598","designed with",1,53946,73.98
"14599","designer in",1,53947,73.98
"14600","designer s",1,53948,73.98
"14601","designer that",1,53949,73.98
"14602","desk her",1,53950,73.98
"14603","desk i",1,53951,73.98
"14604","desk we",1,53952,73.98
"14605","despite a",1,53953,73.99
"14606","despite all",1,53954,73.99
"14607","despite being",1,53955,73.99
"14608","despite going",1,53956,73.99
"14609","despite her",1,53957,73.99
"14610","detail but",1,53958,73.99
"14611","detail for",1,53959,73.99
"14612","detail like",1,53960,74
"14613","detail tomorrow",1,53961,74
"14614","detail without",1,53962,74
"14615","develop a",1,53963,74
"14616","develop don",1,53964,74
"14617","development as",1,53965,74
"14618","development at",1,53966,74
"14619","development combined",1,53967,74.01
"14620","development community",1,53968,74.01
"14621","development first",1,53969,74.01
"14622","development in",1,53970,74.01
"14623","development of",1,53971,74.01
"14624","development program",1,53972,74.01
"14625","development which",1,53973,74.01
"14626","did actually",1,53974,74.02
"14627","did anything",1,53975,74.02
"14628","did battle",1,53976,74.02
"14629","did become",1,53977,74.02
"14630","did before",1,53978,74.02
"14631","did but",1,53979,74.02
"14632","did carry",1,53980,74.02
"14633","did come",1,53981,74.02
"14634","did every",1,53982,74.03
"14635","did find",1,53983,74.03
"14636","did forget",1,53984,74.03
"14637","did happen",1,53985,74.03
"14638","did how",1,53986,74.03
"14639","did learn",1,53987,74.03
"14640","did never",1,53988,74.03
"14641","did no",1,53989,74.04
"14642","did on",1,53990,74.04
"14643","did once",1,53991,74.04
"14644","did ride",1,53992,74.04
"14645","did so",1,53993,74.04
"14646","did some",1,53994,74.04
"14647","did spend",1,53995,74.04
"14648","did taste",1,53996,74.05
"14649","did this",1,53997,74.05
"14650","did those",1,53998,74.05
"14651","did three",1,53999,74.05
"14652","did to",1,54000,74.05
"14653","did too",1,54001,74.05
"14654","did want",1,54002,74.05
"14655","did we",1,54003,74.05
"14656","did when",1,54004,74.06
"14657","did yesterday",1,54005,74.06
"14658","diet and",1,54006,74.06
"14659","diet food",1,54007,74.06
"14660","diet she",1,54008,74.06
"14661","diet this",1,54009,74.06
"14662","diet to",1,54010,74.06
"14663","difference does",1,54011,74.07
"14664","difference how",1,54012,74.07
"14665","difference in",1,54013,74.07
"14666","difference which",1,54014,74.07
"14667","different all",1,54015,74.07
"14668","different blood",1,54016,74.07
"14669","different cast",1,54017,74.07
"14670","different clothing",1,54018,74.08
"14671","different country",1,54019,74.08
"14672","different dress",1,54020,74.08
"14673","different especially",1,54021,74.08
"14674","different for",1,54022,74.08
"14675","different have",1,54023,74.08
"14676","different here",1,54024,74.08
"14677","different light",1,54025,74.08
"14678","different like",1,54026,74.09
"14679","different once",1,54027,74.09
"14680","different one",1,54028,74.09
"14681","different opening",1,54029,74.09
"14682","different or",1,54030,74.09
"14683","different path",1,54031,74.09
"14684","different people",1,54032,74.09
"14685","different same",1,54033,74.1
"14686","different than",1,54034,74.1
"14687","different that",1,54035,74.1
"14688","different thing",1,54036,74.1
"14689","different to",1,54037,74.1
"14690","different together",1,54038,74.1
"14691","different topic",1,54039,74.1
"14692","different via",1,54040,74.11
"14693","different way",1,54041,74.11
"14694","different ways",1,54042,74.11
"14695","different when",1,54043,74.11
"14696","difficult can",1,54044,74.11
"14697","difficult or",1,54045,74.11
"14698","difficult part",1,54046,74.11
"14699","difficult professional",1,54047,74.12
"14700","difficult the",1,54048,74.12
"14701","difficult to",1,54049,74.12
"14702","digital ad",1,54050,74.12
"14703","digital camera",1,54051,74.12
"14704","digital social",1,54052,74.12
"14705","digital stamp",1,54053,74.12
"14706","digital to",1,54054,74.12
"14707","dinner although",1,54055,74.13
"14708","dinner because",1,54056,74.13
"14709","dinner experience",1,54057,74.13
"14710","dinner i",1,54058,74.13
"14711","dinner is",1,54059,74.13
"14712","dinner let",1,54060,74.13
"14713","dinner on",1,54061,74.13
"14714","dinner pro",1,54062,74.14
"14715","dinner we",1,54063,74.14
"14716","dinner where",1,54064,74.14
"14717","dinner with",1,54065,74.14
"14718","direct action",1,54066,74.14
"14719","direct for",1,54067,74.14
"14720","direct job",1,54068,74.14
"14721","direct link",1,54069,74.15
"14722","direct relationship",1,54070,74.15
"14723","direct route",1,54071,74.15
"14724","direct to",1,54072,74.15
"14725","direction and",1,54073,74.15
"14726","direction away",1,54074,74.15
"14727","direction is",1,54075,74.15
"14728","direction never",1,54076,74.15
"14729","direction one",1,54077,74.16
"14730","direction the",1,54078,74.16
"14731","directly in",1,54079,74.16
"14732","directly or",1,54080,74.16
"14733","directly towards",1,54081,74.16
"14734","directly with",1,54082,74.16
"14735","director a",1,54083,74.16
"14736","director in",1,54084,74.17
"14737","director mark",1,54085,74.17
"14738","director of",1,54086,74.17
"14739","director s",1,54087,74.17
"14740","disappointed that",1,54088,74.17
"14741","discover a",1,54089,74.17
"14742","discover how",1,54090,74.17
"14743","discover that",1,54091,74.18
"14744","discover who",1,54092,74.18
"14745","discovered how",1,54093,74.18
"14746","discovered is",1,54094,74.18
"14747","discovered it",1,54095,74.18
"14748","discovered the",1,54096,74.18
"14749","discovered they",1,54097,74.18
"14750","discuss the",1,54098,74.19
"14751","discussion and",1,54099,74.19
"14752","discussion ignore",1,54100,74.19
"14753","discussion of",1,54101,74.19
"14754","discussion on",1,54102,74.19
"14755","dish many",1,54103,74.19
"14756","dish super",1,54104,74.19
"14757","dish they",1,54105,74.19
"14758","dish with",1,54106,74.2
"14759","display case",1,54107,74.2
"14760","display here",1,54108,74.2
"14761","display that",1,54109,74.2
"14762","distance away",1,54110,74.2
"14763","distance for",1,54111,74.2
"14764","distance goal",1,54112,74.2
"14765","distance her",1,54113,74.21
"14766","distance himself",1,54114,74.21
"14767","distance his",1,54115,74.21
"14768","distance how",1,54116,74.21
"14769","distance over",1,54117,74.21
"14770","distance running",1,54118,74.21
"14771","distance they",1,54119,74.21
"14772","distance to",1,54120,74.22
"14773","district force",1,54121,74.22
"14774","district my",1,54122,74.22
"14775","district real",1,54123,74.22
"14776","divine evidence",1,54124,74.22
"14777","divine power",1,54125,74.22
"14778","divine truth",1,54126,74.22
"14779","divine will",1,54127,74.22
"14780","do about",1,54128,74.23
"14781","do all",1,54129,74.23
"14782","do along",1,54130,74.23
"14783","do although",1,54131,74.23
"14784","do any",1,54132,74.23
"14785","do b",1,54133,74.23
"14786","do because",1,54134,74.23
"14787","do business",1,54135,74.24
"14788","do by",1,54136,74.24
"14789","do damage",1,54137,74.24
"14790","do enjoy",1,54138,74.24
"14791","do enough",1,54139,74.24
"14792","do every",1,54140,74.24
"14793","do everything",1,54141,74.24
"14794","do feel",1,54142,74.25
"14795","do get",1,54143,74.25
"14796","do go",1,54144,74.25
"14797","do good",1,54145,74.25
"14798","do have",1,54146,74.25
"14799","do him",1,54147,74.25
"14800","do how",1,54148,74.25
"14801","do if",1,54149,74.26
"14802","do in",1,54150,74.26
"14803","do just",1,54151,74.26
"14804","do justice",1,54152,74.26
"14805","do kitchen",1,54153,74.26
"14806","do know",1,54154,74.26
"14807","do like",1,54155,74.26
"14808","do many",1,54156,74.26
"14809","do me",1,54157,74.27
"14810","do miss",1,54158,74.27
"14811","do much",1,54159,74.27
"14812","do my",1,54160,74.27
"14813","do next",1,54161,74.27
"14814","do nothing",1,54162,74.27
"14815","do other",1,54163,74.27
"14816","do our",1,54164,74.28
"14817","do people",1,54165,74.28
"14818","do play",1,54166,74.28
"14819","do prefer",1,54167,74.28
"14820","do pretty",1,54168,74.28
"14821","do quite",1,54169,74.28
"14822","do read",1,54170,74.28
"14823","do rush",1,54171,74.29
"14824","do super",1,54172,74.29
"14825","do their",1,54173,74.29
"14826","do these",1,54174,74.29
"14827","do think",1,54175,74.29
"14828","do tomorrow",1,54176,74.29
"14829","do very",1,54177,74.29
"14830","do vintage",1,54178,74.29
"14831","do whatever",1,54179,74.3
"14832","do when",1,54180,74.3
"14833","do without",1,54181,74.3
"14834","doctor doing",1,54182,74.3
"14835","doctor in",1,54183,74.3
"14836","doctor is",1,54184,74.3
"14837","doctor it",1,54185,74.3
"14838","doctor s",1,54186,74.31
"14839","doctor t",1,54187,74.31
"14840","doctor then",1,54188,74.31
"14841","doctor won",1,54189,74.31
"14842","does absolutely",1,54190,74.31
"14843","does get",1,54191,74.31
"14844","does indeed",1,54192,74.31
"14845","does just",1,54193,74.32
"14846","does less",1,54194,74.32
"14847","does nothing",1,54195,74.32
"14848","does on",1,54196,74.32
"14849","does or",1,54197,74.32
"14850","does s",1,54198,74.32
"14851","does star",1,54199,74.32
"14852","does that",1,54200,74.32
"14853","does why",1,54201,74.33
"14854","dog another",1,54202,74.33
"14855","dog as",1,54203,74.33
"14856","dog at",1,54204,74.33
"14857","dog down",1,54205,74.33
"14858","dog fighting",1,54206,74.33
"14859","dog good",1,54207,74.33
"14860","dog had",1,54208,74.34
"14861","dog once",1,54209,74.34
"14862","dog rock",1,54210,74.34
"14863","dog to",1,54211,74.34
"14864","dog was",1,54212,74.34
"14865","dogs and",1,54213,74.34
"14866","dogs are",1,54214,74.34
"14867","dogs the",1,54215,74.35
"14868","doing a",1,54216,74.35
"14869","doing back",1,54217,74.35
"14870","doing detail",1,54218,74.35
"14871","doing good",1,54219,74.35
"14872","doing here",1,54220,74.35
"14873","doing in",1,54221,74.35
"14874","doing is",1,54222,74.36
"14875","doing it",1,54223,74.36
"14876","doing more",1,54224,74.36
"14877","doing no",1,54225,74.36
"14878","doing right",1,54226,74.36
"14879","doing some",1,54227,74.36
"14880","doing that",1,54228,74.36
"14881","doing though",1,54229,74.36
"14882","doing too",1,54230,74.37
"14883","doing well",1,54231,74.37
"14884","doing what",1,54232,74.37
"14885","doing work",1,54233,74.37
"14886","dollar or",1,54234,74.37
"14887","don in",1,54235,74.37
"14888","don were",1,54236,74.37
"14889","done at",1,54237,74.38
"14890","done because",1,54238,74.38
"14891","done everyone",1,54239,74.38
"14892","done growth",1,54240,74.38
"14893","done he",1,54241,74.38
"14894","done however",1,54242,74.38
"14895","done is",1,54243,74.38
"14896","done league",1,54244,74.39
"14897","done let",1,54245,74.39
"14898","done my",1,54246,74.39
"14899","done one",1,54247,74.39
"14900","done p",1,54248,74.39
"14901","done really",1,54249,74.39
"14902","done right",1,54250,74.39
"14903","done she",1,54251,74.39
"14904","done so",1,54252,74.4
"14905","done talking",1,54253,74.4
"14906","done thanks",1,54254,74.4
"14907","done the",1,54255,74.4
"14908","done their",1,54256,74.4
"14909","done them",1,54257,74.4
"14910","done this",1,54258,74.4
"14911","done those",1,54259,74.41
"14912","done though",1,54260,74.41
"14913","done very",1,54261,74.41
"14914","done we",1,54262,74.41
"14915","done what",1,54263,74.41
"14916","door after",1,54264,74.41
"14917","door another",1,54265,74.41
"14918","door he",1,54266,74.42
"14919","door in",1,54267,74.42
"14920","door is",1,54268,74.42
"14921","door it",1,54269,74.42
"14922","door maybe",1,54270,74.42
"14923","door on",1,54271,74.42
"14924","door running",1,54272,74.42
"14925","door so",1,54273,74.43
"14926","door that",1,54274,74.43
"14927","door then",1,54275,74.43
"14928","door towards",1,54276,74.43
"14929","door were",1,54277,74.43
"14930","door with",1,54278,74.43
"14931","double just",1,54279,74.43
"14932","double soon",1,54280,74.43
"14933","double with",1,54281,74.44
"14934","doubt against",1,54282,74.44
"14935","doubt do",1,54283,74.44
"14936","doubt his",1,54284,74.44
"14937","doubt i",1,54285,74.44
"14938","doubt if",1,54286,74.44
"14939","doubt in",1,54287,74.44
"14940","doubt my",1,54288,74.45
"14941","doubt they",1,54289,74.45
"14942","dough between",1,54290,74.45
"14943","dough can",1,54291,74.45
"14944","dough for",1,54292,74.45
"14945","dough i",1,54293,74.45
"14946","dough that",1,54294,74.45
"14947","dough too",1,54295,74.46
"14948","down again",1,54296,74.46
"14949","down among",1,54297,74.46
"14950","down an",1,54298,74.46
"14951","down area",1,54299,74.46
"14952","down but",1,54300,74.46
"14953","down by",1,54301,74.46
"14954","down discussion",1,54302,74.46
"14955","down every",1,54303,74.47
"14956","down for",1,54304,74.47
"14957","down hard",1,54305,74.47
"14958","down her",1,54306,74.47
"14959","down here",1,54307,74.47
"14960","down if",1,54308,74.47
"14961","down into",1,54309,74.47
"14962","down it",1,54310,74.48
"14963","down market",1,54311,74.48
"14964","down meat",1,54312,74.48
"14965","down naturally",1,54313,74.48
"14966","down next",1,54314,74.48
"14967","down on",1,54315,74.48
"14968","down onto",1,54316,74.48
"14969","down or",1,54317,74.49
"14970","down over",1,54318,74.49
"14971","down so",1,54319,74.49
"14972","down something",1,54320,74.49
"14973","down then",1,54321,74.49
"14974","down they",1,54322,74.49
"14975","down those",1,54323,74.49
"14976","down until",1,54324,74.5
"14977","down walk",1,54325,74.5
"14978","down yes",1,54326,74.5
"14979","draft he",1,54327,74.5
"14980","drama because",1,54328,74.5
"14981","drama i",1,54329,74.5
"14982","drama if",1,54330,74.5
"14983","drama like",1,54331,74.5
"14984","draw all",1,54332,74.51
"14985","draw at",1,54333,74.51
"14986","draw something",1,54334,74.51
"14987","draw with",1,54335,74.51
"14988","drawing oh",1,54336,74.51
"14989","drawing to",1,54337,74.51
"14990","drawn word",1,54338,74.51
"14991","dream about",1,54339,74.52
"14992","dream act",1,54340,74.52
"14993","dream long",1,54341,74.52
"14994","dream my",1,54342,74.52
"14995","dream once",1,54343,74.52
"14996","dream time",1,54344,74.52
"14997","dream usually",1,54345,74.52
"14998","dress a",1,54346,74.53
"14999","dress before",1,54347,74.53
"15000","dress bottom",1,54348,74.53
"15001","dress do",1,54349,74.53
"15002","dress dress",1,54350,74.53
"15003","dress girl",1,54351,74.53
"15004","dress he",1,54352,74.53
"15005","dress like",1,54353,74.53
"15006","dress she",1,54354,74.54
"15007","dressed as",1,54355,74.54
"15008","dressed but",1,54356,74.54
"15009","dressed for",1,54357,74.54
"15010","dressed it",1,54358,74.54
"15011","dressed man",1,54359,74.54
"15012","dressed then",1,54360,74.54
"15013","dressed up",1,54361,74.55
"15014","drink an",1,54362,74.55
"15015","drink on",1,54363,74.55
"15016","drink or",1,54364,74.55
"15017","drink the",1,54365,74.55
"15018","drink what",1,54366,74.55
"15019","drink when",1,54367,74.55
"15020","drink while",1,54368,74.56
"15021","drink wine",1,54369,74.56
"15022","drinking a",1,54370,74.56
"15023","drinking alcohol",1,54371,74.56
"15024","drinking beer",1,54372,74.56
"15025","drinking have",1,54373,74.56
"15026","drinking i",1,54374,74.56
"15027","drinking in",1,54375,74.56
"15028","drinking to",1,54376,74.57
"15029","drinking too",1,54377,74.57
"15030","drinking water",1,54378,74.57
"15031","drive about",1,54379,74.57
"15032","drive alone",1,54380,74.57
"15033","drive although",1,54381,74.57
"15034","drive area",1,54382,74.57
"15035","drive around",1,54383,74.58
"15036","drive back",1,54384,74.58
"15037","drive exactly",1,54385,74.58
"15038","drive i",1,54386,74.58
"15039","drive much",1,54387,74.58
"15040","drive my",1,54388,74.58
"15041","drive on",1,54389,74.58
"15042","drive over",1,54390,74.59
"15043","drive so",1,54391,74.59
"15044","drive than",1,54392,74.59
"15045","drive the",1,54393,74.59
"15046","drive up",1,54394,74.59
"15047","drive which",1,54395,74.59
"15048","driven by",1,54396,74.59
"15049","driven down",1,54397,74.6
"15050","driven to",1,54398,74.6
"15051","driver and",1,54399,74.6
"15052","driver who",1,54400,74.6
"15053","driving back",1,54401,74.6
"15054","driving long",1,54402,74.6
"15055","driving me",1,54403,74.6
"15056","driving seat",1,54404,74.6
"15057","driving the",1,54405,74.61
"15058","driving toward",1,54406,74.61
"15059","drop and",1,54407,74.61
"15060","drop complete",1,54408,74.61
"15061","drop my",1,54409,74.61
"15062","drop of",1,54410,74.61
"15063","drop off",1,54411,74.61
"15064","drop out",1,54412,74.62
"15065","drop the",1,54413,74.62
"15066","drop they",1,54414,74.62
"15067","drove and",1,54415,74.62
"15068","drove her",1,54416,74.62
"15069","drove in",1,54417,74.62
"15070","drove off",1,54418,74.62
"15071","drove over",1,54419,74.63
"15072","drove so",1,54420,74.63
"15073","drove to",1,54421,74.63
"15074","dry and",1,54422,74.63
"15075","dry enough",1,54423,74.63
"15076","dry mine",1,54424,74.63
"15077","dry skin",1,54425,74.63
"15078","dry wall",1,54426,74.63
"15079","due customer",1,54427,74.64
"15080","due out",1,54428,74.64
"15081","due spend",1,54429,74.64
"15082","during both",1,54430,74.64
"15083","during class",1,54431,74.64
"15084","during during",1,54432,74.64
"15085","during each",1,54433,74.64
"15086","during festival",1,54434,74.65
"15087","during most",1,54435,74.65
"15088","during my",1,54436,74.65
"15089","during normal",1,54437,74.65
"15090","during our",1,54438,74.65
"15091","during quiet",1,54439,74.65
"15092","during s",1,54440,74.65
"15093","during their",1,54441,74.66
"15094","during your",1,54442,74.66
"15095","dust before",1,54443,74.66
"15096","dust but",1,54444,74.66
"15097","dust of",1,54445,74.66
"15098","dust on",1,54446,74.66
"15099","duty tonight",1,54447,74.66
"15100","dying fast",1,54448,74.67
"15101","dying s",1,54449,74.67
"15102","dying the",1,54450,74.67
"15103","dying which",1,54451,74.67
"15104","dying word",1,54452,74.67
"15105","e and",1,54453,74.67
"15106","e book",1,54454,74.67
"15107","e event",1,54455,74.67
"15108","e lee",1,54456,74.68
"15109","e mail",1,54457,74.68
"15110","e people",1,54458,74.68
"15111","e r",1,54459,74.68
"15112","each addition",1,54460,74.68
"15113","each boat",1,54461,74.68
"15114","each book",1,54462,74.68
"15115","each bottle",1,54463,74.69
"15116","each chapter",1,54464,74.69
"15117","each day",1,54465,74.69
"15118","each different",1,54466,74.69
"15119","each direction",1,54467,74.69
"15120","each district",1,54468,74.69
"15121","each dog",1,54469,74.69
"15122","each family",1,54470,74.7
"15123","each game",1,54471,74.7
"15124","each had",1,54472,74.7
"15125","each hand",1,54473,74.7
"15126","each have",1,54474,74.7
"15127","each human",1,54475,74.7
"15128","each is",1,54476,74.7
"15129","each moment",1,54477,74.7
"15130","each month",1,54478,74.71
"15131","each morning",1,54479,74.71
"15132","each pack",1,54480,74.71
"15133","each place",1,54481,74.71
"15134","each room",1,54482,74.71
"15135","each season",1,54483,74.71
"15136","each side",1,54484,74.71
"15137","each store",1,54485,74.72
"15138","each task",1,54486,74.72
"15139","each to",1,54487,74.72
"15140","each total",1,54488,74.72
"15141","each was",1,54489,74.72
"15142","each which",1,54490,74.72
"15143","ear joke",1,54491,74.72
"15144","ear was",1,54492,74.73
"15145","early and",1,54493,74.73
"15146","early at",1,54494,74.73
"15147","early but",1,54495,74.73
"15148","early by",1,54496,74.73
"15149","early enough",1,54497,74.73
"15150","early from",1,54498,74.73
"15151","early in",1,54499,74.73
"15152","early knowing",1,54500,74.74
"15153","early march",1,54501,74.74
"15154","early s",1,54502,74.74
"15155","early so",1,54503,74.74
"15156","early spiritual",1,54504,74.74
"15157","early they",1,54505,74.74
"15158","early this",1,54506,74.74
"15159","early warning",1,54507,74.75
"15160","earn advertising",1,54508,74.75
"15161","earn money",1,54509,74.75
"15162","earth after",1,54510,74.75
"15163","earth and",1,54511,74.75
"15164","earth it",1,54512,74.75
"15165","earth or",1,54513,74.75
"15166","earth to",1,54514,74.76
"15167","earth we",1,54515,74.76
"15168","earth week",1,54516,74.76
"15169","earth would",1,54517,74.76
"15170","easier access",1,54518,74.76
"15171","easier but",1,54519,74.76
"15172","easier for",1,54520,74.76
"15173","easier i",1,54521,74.77
"15174","easier in",1,54522,74.77
"15175","easier on",1,54523,74.77
"15176","easier one",1,54524,74.77
"15177","easier than",1,54525,74.77
"15178","easier time",1,54526,74.77
"15179","easily by",1,54527,74.77
"15180","easily could",1,54528,74.77
"15181","easily during",1,54529,74.78
"15182","easily find",1,54530,74.78
"15183","easily start",1,54531,74.78
"15184","easily stop",1,54532,74.78
"15185","easily think",1,54533,74.78
"15186","east coast",1,54534,74.78
"15187","east politics",1,54535,74.78
"15188","east the",1,54536,74.79
"15189","easter egg",1,54537,74.79
"15190","easter it",1,54538,74.79
"15191","easter new",1,54539,74.79
"15192","easter so",1,54540,74.79
"15193","easter without",1,54541,74.79
"15194","easy and",1,54542,74.79
"15195","easy chair",1,54543,74.8
"15196","easy five",1,54544,74.8
"15197","easy if",1,54545,74.8
"15198","easy it",1,54546,74.8
"15199","easy not",1,54547,74.8
"15200","easy task",1,54548,74.8
"15201","easy thing",1,54549,74.8
"15202","eat an",1,54550,74.8
"15203","eat at",1,54551,74.81
"15204","eat despite",1,54552,74.81
"15205","eat from",1,54553,74.81
"15206","eat is",1,54554,74.81
"15207","eat music",1,54555,74.81
"15208","eat my",1,54556,74.81
"15209","eat or",1,54557,74.81
"15210","eat they",1,54558,74.82
"15211","eat those",1,54559,74.82
"15212","eat way",1,54560,74.82
"15213","eat well",1,54561,74.82
"15214","eat what",1,54562,74.82
"15215","eating down",1,54563,74.82
"15216","eating evil",1,54564,74.82
"15217","eating her",1,54565,74.83
"15218","eating how",1,54566,74.83
"15219","eating is",1,54567,74.83
"15220","eating it",1,54568,74.83
"15221","eating right",1,54569,74.83
"15222","eating salad",1,54570,74.83
"15223","eating this",1,54571,74.83
"15224","economic crisis",1,54572,74.84
"15225","economic development",1,54573,74.84
"15226","economic like",1,54574,74.84
"15227","economic of",1,54575,74.84
"15228","economic system",1,54576,74.84
"15229","economic times",1,54577,74.84
"15230","economy city",1,54578,74.84
"15231","economy direct",1,54579,74.84
"15232","economy is",1,54580,74.85
"15233","economy out",1,54581,74.85
"15234","economy over",1,54582,74.85
"15235","economy through",1,54583,74.85
"15236","economy while",1,54584,74.85
"15237","edge between",1,54585,74.85
"15238","edge boy",1,54586,74.85
"15239","edge looking",1,54587,74.86
"15240","edition guitar",1,54588,74.86
"15241","edition southern",1,54589,74.86
"15242","editor he",1,54590,74.86
"15243","editor there",1,54591,74.86
"15244","editor turned",1,54592,74.86
"15245","education class",1,54593,74.86
"15246","education even",1,54594,74.87
"15247","education here",1,54595,74.87
"15248","education never",1,54596,74.87
"15249","education specifically",1,54597,74.87
"15250","education they",1,54598,74.87
"15251","education to",1,54599,74.87
"15252","education where",1,54600,74.87
"15253","effect are",1,54601,74.87
"15254","effect i",1,54602,74.88
"15255","effect like",1,54603,74.88
"15256","effect on",1,54604,74.88
"15257","effect other",1,54605,74.88
"15258","effect was",1,54606,74.88
"15259","effective and",1,54607,74.88
"15260","effective free",1,54608,74.88
"15261","effective in",1,54609,74.89
"15262","effective when",1,54610,74.89
"15263","effects are",1,54611,74.89
"15264","effort involved",1,54612,74.89
"15265","effort t",1,54613,74.89
"15266","effort that",1,54614,74.89
"15267","egg and",1,54615,74.89
"15268","egg cup",1,54616,74.9
"15269","egg for",1,54617,74.9
"15270","egg moon",1,54618,74.9
"15271","egg paper",1,54619,74.9
"15272","eight and",1,54620,74.9
"15273","eight or",1,54621,74.9
"15274","eight times",1,54622,74.9
"15275","eight to",1,54623,74.91
"15276","either a",1,54624,74.91
"15277","either after",1,54625,74.91
"15278","either an",1,54626,74.91
"15279","either because",1,54627,74.91
"15280","either but",1,54628,74.91
"15281","either by",1,54629,74.91
"15282","either case",1,54630,74.91
"15283","either congress",1,54631,74.92
"15284","either direction",1,54632,74.92
"15285","either down",1,54633,74.92
"15286","either expensive",1,54634,74.92
"15287","either hand",1,54635,74.92
"15288","either here",1,54636,74.92
"15289","either in",1,54637,74.92
"15290","either incredibly",1,54638,74.93
"15291","either late",1,54639,74.93
"15292","either on",1,54640,74.93
"15293","either or",1,54641,74.93
"15294","either site",1,54642,74.93
"15295","either that",1,54643,74.93
"15296","either the",1,54644,74.93
"15297","either without",1,54645,74.94
"15298","either would",1,54646,74.94
"15299","either your",1,54647,74.94
"15300","election strategy",1,54648,74.94
"15301","else and",1,54649,74.94
"15302","else can",1,54650,74.94
"15303","else do",1,54651,74.94
"15304","else four",1,54652,74.94
"15305","else it",1,54653,74.95
"15306","else run",1,54654,74.95
"15307","else she",1,54655,74.95
"15308","else that",1,54656,74.95
"15309","else the",1,54657,74.95
"15310","else they",1,54658,74.95
"15311","else think",1,54659,74.95
"15312","else this",1,54660,74.96
"15313","else today",1,54661,74.96
"15314","else with",1,54662,74.96
"15315","emergency and",1,54663,74.96
"15316","emergency they",1,54664,74.96
"15317","emergency well",1,54665,74.96
"15318","emotional and",1,54666,74.96
"15319","emotional i",1,54667,74.97
"15320","emotional investment",1,54668,74.97
"15321","emotional life",1,54669,74.97
"15322","emotional side",1,54670,74.97
"15323","emotional that",1,54671,74.97
"15324","emotional then",1,54672,74.97
"15325","emotional these",1,54673,74.97
"15326","emotional well",1,54674,74.97
"15327","empty paper",1,54675,74.98
"15328","encourage large",1,54676,74.98
"15329","encourage their",1,54677,74.98
"15330","encourage to",1,54678,74.98
"15331","encourage you",1,54679,74.98
"15332","end although",1,54680,74.98
"15333","end because",1,54681,74.98
"15334","end c",1,54682,74.99
"15335","end can",1,54683,74.99
"15336","end comes",1,54684,74.99
"15337","end dinner",1,54685,74.99
"15338","end every",1,54686,74.99
"15339","end his",1,54687,74.99
"15340","end in",1,54688,74.99
"15341","end is",1,54689,75
"15342","end just",1,54690,75
"15343","end or",1,54691,75
"15344","end result",1,54692,75
"15345","end she",1,54693,75
"15346","end that",1,54694,75
"15347","end there",1,54695,75
"15348","end this",1,54696,75.01
"15349","ended his",1,54697,75.01
"15350","ended in",1,54698,75.01
"15351","ended the",1,54699,75.01
"15352","ended this",1,54700,75.01
"15353","ended until",1,54701,75.01
"15354","ended was",1,54702,75.01
"15355","ending of",1,54703,75.01
"15356","ending that",1,54704,75.02
"15357","ending they",1,54705,75.02
"15358","energy and",1,54706,75.02
"15359","energy as",1,54707,75.02
"15360","energy behind",1,54708,75.02
"15361","energy but",1,54709,75.02
"15362","energy g",1,54710,75.02
"15363","energy keeping",1,54711,75.03
"15364","energy link",1,54712,75.03
"15365","energy probably",1,54713,75.03
"15366","energy to",1,54714,75.03
"15367","energy when",1,54715,75.03
"15368","enjoy and",1,54716,75.03
"15369","enjoy anything",1,54717,75.03
"15370","enjoy dealing",1,54718,75.04
"15371","enjoy drinking",1,54719,75.04
"15372","enjoy make",1,54720,75.04
"15373","enjoy making",1,54721,75.04
"15374","enjoy now",1,54722,75.04
"15375","enjoy our",1,54723,75.04
"15376","enjoy two",1,54724,75.04
"15377","enjoy well",1,54725,75.04
"15378","enjoy with",1,54726,75.05
"15379","enjoy woman",1,54727,75.05
"15380","enjoying are",1,54728,75.05
"15381","enjoying it",1,54729,75.05
"15382","enjoying our",1,54730,75.05
"15383","enjoying that",1,54731,75.05
"15384","enjoying the",1,54732,75.05
"15385","enjoying themselves",1,54733,75.06
"15386","enjoying your",1,54734,75.06
"15387","enjoying yourself",1,54735,75.06
"15388","enough are",1,54736,75.06
"15389","enough as",1,54737,75.06
"15390","enough blood",1,54738,75.06
"15391","enough by",1,54739,75.06
"15392","enough different",1,54740,75.07
"15393","enough had",1,54741,75.07
"15394","enough how",1,54742,75.07
"15395","enough it",1,54743,75.07
"15396","enough mood",1,54744,75.07
"15397","enough much",1,54745,75.07
"15398","enough now",1,54746,75.07
"15399","enough or",1,54747,75.08
"15400","enough recently",1,54748,75.08
"15401","enough said",1,54749,75.08
"15402","enough second",1,54750,75.08
"15403","enough they",1,54751,75.08
"15404","enough those",1,54752,75.08
"15405","enough time",1,54753,75.08
"15406","enough we",1,54754,75.08
"15407","enough you",1,54755,75.09
"15408","enter as",1,54756,75.09
"15409","enter into",1,54757,75.09
"15410","enter miss",1,54758,75.09
"15411","enter more",1,54759,75.09
"15412","enter our",1,54760,75.09
"15413","enter rather",1,54761,75.09
"15414","enter so",1,54762,75.1
"15415","enter the",1,54763,75.1
"15416","entertainment i",1,54764,75.1
"15417","entertainment in",1,54765,75.1
"15418","entertainment now",1,54766,75.1
"15419","entertainment the",1,54767,75.1
"15420","entire bowl",1,54768,75.1
"15421","entire episode",1,54769,75.11
"15422","entire first",1,54770,75.11
"15423","entire forest",1,54771,75.11
"15424","entire house",1,54772,75.11
"15425","entire island",1,54773,75.11
"15426","entire nation",1,54774,75.11
"15427","entire purchase",1,54775,75.11
"15428","entire trip",1,54776,75.11
"15429","entire world",1,54777,75.12
"15430","entirely different",1,54778,75.12
"15431","entirely up",1,54779,75.12
"15432","entry draft",1,54780,75.12
"15433","entry into",1,54781,75.12
"15434","environment and",1,54782,75.12
"15435","environment that",1,54783,75.12
"15436","environment we",1,54784,75.13
"15437","episode and",1,54785,75.13
"15438","episode in",1,54786,75.13
"15439","episode is",1,54787,75.13
"15440","episode of",1,54788,75.13
"15441","equal keep",1,54789,75.13
"15442","equal to",1,54790,75.13
"15443","equal what",1,54791,75.14
"15444","equally good",1,54792,75.14
"15445","equipment for",1,54793,75.14
"15446","equipment of",1,54794,75.14
"15447","equipment such",1,54795,75.14
"15448","era outside",1,54796,75.14
"15449","era this",1,54797,75.14
"15450","escape and",1,54798,75.15
"15451","escape i",1,54799,75.15
"15452","escape my",1,54800,75.15
"15453","escape or",1,54801,75.15
"15454","escape self",1,54802,75.15
"15455","especially after",1,54803,75.15
"15456","especially as",1,54804,75.15
"15457","especially because",1,54805,75.15
"15458","especially between",1,54806,75.16
"15459","especially great",1,54807,75.16
"15460","especially me",1,54808,75.16
"15461","especially on",1,54809,75.16
"15462","especially our",1,54810,75.16
"15463","especially so",1,54811,75.16
"15464","especially the",1,54812,75.16
"15465","especially where",1,54813,75.17
"15466","especially who",1,54814,75.17
"15467","especially with",1,54815,75.17
"15468","essential medium",1,54816,75.17
"15469","essential that",1,54817,75.17
"15470","essential to",1,54818,75.17
"15471","essential we",1,54819,75.17
"15472","established before",1,54820,75.18
"15473","established but",1,54821,75.18
"15474","established everyone",1,54822,75.18
"15475","established in",1,54823,75.18
"15476","established prior",1,54824,75.18
"15477","established put",1,54825,75.18
"15478","estate and",1,54826,75.18
"15479","estate but",1,54827,75.18
"15480","estate can",1,54828,75.19
"15481","estate deal",1,54829,75.19
"15482","estate for",1,54830,75.19
"15483","estate good",1,54831,75.19
"15484","estate work",1,54832,75.19
"15485","estate would",1,54833,75.19
"15486","even add",1,54834,75.19
"15487","even after",1,54835,75.2
"15488","even am",1,54836,75.2
"15489","even and",1,54837,75.2
"15490","even ask",1,54838,75.2
"15491","even at",1,54839,75.2
"15492","even be",1,54840,75.2
"15493","even blame",1,54841,75.2
"15494","even but",1,54842,75.21
"15495","even buy",1,54843,75.21
"15496","even counter",1,54844,75.21
"15497","even create",1,54845,75.21
"15498","even crying",1,54846,75.21
"15499","even deal",1,54847,75.21
"15500","even done",1,54848,75.21
"15501","even exist",1,54849,75.21
"15502","even feel",1,54850,75.22
"15503","even for",1,54851,75.22
"15504","even gave",1,54852,75.22
"15505","even getting",1,54853,75.22
"15506","even goes",1,54854,75.22
"15507","even gotten",1,54855,75.22
"15508","even have",1,54856,75.22
"15509","even hear",1,54857,75.23
"15510","even high",1,54858,75.23
"15511","even imagine",1,54859,75.23
"15512","even in",1,54860,75.23
"15513","even is",1,54861,75.23
"15514","even join",1,54862,75.23
"15515","even later",1,54863,75.23
"15516","even less",1,54864,75.24
"15517","even like",1,54865,75.24
"15518","even longer",1,54866,75.24
"15519","even lower",1,54867,75.24
"15520","even notice",1,54868,75.24
"15521","even people",1,54869,75.24
"15522","even pull",1,54870,75.24
"15523","even raised",1,54871,75.25
"15524","even read",1,54872,75.25
"15525","even remember",1,54873,75.25
"15526","even see",1,54874,75.25
"15527","even speak",1,54875,75.25
"15528","even spend",1,54876,75.25
"15529","even spring",1,54877,75.25
"15530","even that",1,54878,75.25
"15531","even then",1,54879,75.26
"15532","even thought",1,54880,75.26
"15533","even two",1,54881,75.26
"15534","even use",1,54882,75.26
"15535","even while",1,54883,75.26
"15536","even without",1,54884,75.26
"15537","evening all",1,54885,75.26
"15538","evening and",1,54886,75.27
"15539","evening at",1,54887,75.27
"15540","evening ended",1,54888,75.27
"15541","evening free",1,54889,75.27
"15542","evening from",1,54890,75.27
"15543","evening i",1,54891,75.27
"15544","evening in",1,54892,75.27
"15545","evening meal",1,54893,75.28
"15546","evening was",1,54894,75.28
"15547","evening we",1,54895,75.28
"15548","evening with",1,54896,75.28
"15549","event again",1,54897,75.28
"15550","event all",1,54898,75.28
"15551","event are",1,54899,75.28
"15552","event featured",1,54900,75.28
"15553","event from",1,54901,75.29
"15554","event so",1,54902,75.29
"15555","event that",1,54903,75.29
"15556","event the",1,54904,75.29
"15557","event those",1,54905,75.29
"15558","event was",1,54906,75.29
"15559","event where",1,54907,75.29
"15560","eventually becoming",1,54908,75.3
"15561","eventually everyone",1,54909,75.3
"15562","eventually had",1,54910,75.3
"15563","eventually it",1,54911,75.3
"15564","eventually used",1,54912,75.3
"15565","ever a",1,54913,75.3
"15566","ever again",1,54914,75.3
"15567","ever at",1,54915,75.31
"15568","ever be",1,54916,75.31
"15569","ever believe",1,54917,75.31
"15570","ever brought",1,54918,75.31
"15571","ever comic",1,54919,75.31
"15572","ever debate",1,54920,75.31
"15573","ever feeling",1,54921,75.31
"15574","ever got",1,54922,75.32
"15575","ever have",1,54923,75.32
"15576","ever i",1,54924,75.32
"15577","ever if",1,54925,75.32
"15578","ever in",1,54926,75.32
"15579","ever it",1,54927,75.32
"15580","ever lived",1,54928,75.32
"15581","ever of",1,54929,75.32
"15582","ever on",1,54930,75.33
"15583","ever people",1,54931,75.33
"15584","ever plan",1,54932,75.33
"15585","ever put",1,54933,75.33
"15586","ever return",1,54934,75.33
"15587","ever said",1,54935,75.33
"15588","ever saw",1,54936,75.33
"15589","ever so",1,54937,75.34
"15590","ever taste",1,54938,75.34
"15591","ever thankful",1,54939,75.34
"15592","ever the",1,54940,75.34
"15593","ever thought",1,54941,75.34
"15594","ever to",1,54942,75.34
"15595","ever we",1,54943,75.34
"15596","ever why",1,54944,75.35
"15597","ever wonder",1,54945,75.35
"15598","ever written",1,54946,75.35
"15599","ever you",1,54947,75.35
"15600","every and",1,54948,75.35
"15601","every animal",1,54949,75.35
"15602","every baby",1,54950,75.35
"15603","every chance",1,54951,75.35
"15604","every character",1,54952,75.36
"15605","every city",1,54953,75.36
"15606","every common",1,54954,75.36
"15607","every country",1,54955,75.36
"15608","every couple",1,54956,75.36
"15609","every door",1,54957,75.36
"15610","every evening",1,54958,75.36
"15611","every evil",1,54959,75.37
"15612","every flight",1,54960,75.37
"15613","every floor",1,54961,75.37
"15614","every little",1,54962,75.37
"15615","every member",1,54963,75.37
"15616","every minute",1,54964,75.37
"15617","every month",1,54965,75.37
"15618","every post",1,54966,75.38
"15619","every second",1,54967,75.38
"15620","every sentence",1,54968,75.38
"15621","every six",1,54969,75.38
"15622","every the",1,54970,75.38
"15623","every thought",1,54971,75.38
"15624","every three",1,54972,75.38
"15625","every title",1,54973,75.38
"15626","every topic",1,54974,75.39
"15627","every trip",1,54975,75.39
"15628","every turn",1,54976,75.39
"15629","every two",1,54977,75.39
"15630","every vintage",1,54978,75.39
"15631","every way",1,54979,75.39
"15632","every year",1,54980,75.39
"15633","everybody around",1,54981,75.4
"15634","everybody at",1,54982,75.4
"15635","everybody that",1,54983,75.4
"15636","everybody will",1,54984,75.4
"15637","everyday as",1,54985,75.4
"15638","everyday baking",1,54986,75.4
"15639","everyday i",1,54987,75.4
"15640","everyday life",1,54988,75.41
"15641","everyday such",1,54989,75.41
"15642","everyone a",1,54990,75.41
"15643","everyone but",1,54991,75.41
"15644","everyone can",1,54992,75.41
"15645","everyone could",1,54993,75.41
"15646","everyone did",1,54994,75.41
"15647","everyone gave",1,54995,75.42
"15648","everyone got",1,54996,75.42
"15649","everyone knew",1,54997,75.42
"15650","everyone lots",1,54998,75.42
"15651","everyone mike",1,54999,75.42
"15652","everyone one",1,55000,75.42
"15653","everyone out",1,55001,75.42
"15654","everyone s",1,55002,75.42
"15655","everyone seeing",1,55003,75.43
"15656","everyone such",1,55004,75.43
"15657","everyone their",1,55005,75.43
"15658","everyone to",1,55006,75.43
"15659","everyone was",1,55007,75.43
"15660","everyone well",1,55008,75.43
"15661","everyone you",1,55009,75.43
"15662","everything all",1,55010,75.44
"15663","everything as",1,55011,75.44
"15664","everything behind",1,55012,75.44
"15665","everything cannot",1,55013,75.44
"15666","everything carried",1,55014,75.44
"15667","everything do",1,55015,75.44
"15668","everything easier",1,55016,75.44
"15669","everything else",1,55017,75.45
"15670","everything everywhere",1,55018,75.45
"15671","everything from",1,55019,75.45
"15672","everything got",1,55020,75.45
"15673","everything i",1,55021,75.45
"15674","everything is",1,55022,75.45
"15675","everything literally",1,55023,75.45
"15676","everything look",1,55024,75.45
"15677","everything must",1,55025,75.46
"15678","everything needs",1,55026,75.46
"15679","everything she",1,55027,75.46
"15680","everything so",1,55028,75.46
"15681","everything the",1,55029,75.46
"15682","everything was",1,55030,75.46
"15683","everything what",1,55031,75.46
"15684","everything with",1,55032,75.47
"15685","everything working",1,55033,75.47
"15686","everything yes",1,55034,75.47
"15687","everything you",1,55035,75.47
"15688","everywhere always",1,55036,75.47
"15689","evidence about",1,55037,75.47
"15690","evidence of",1,55038,75.47
"15691","evidence thanks",1,55039,75.48
"15692","evidence that",1,55040,75.48
"15693","evidence the",1,55041,75.48
"15694","evidence this",1,55042,75.48
"15695","evidence today",1,55043,75.48
"15696","evil added",1,55044,75.48
"15697","evil i",1,55045,75.48
"15698","evil if",1,55046,75.49
"15699","evil lady",1,55047,75.49
"15700","evil men",1,55048,75.49
"15701","evil to",1,55049,75.49
"15702","evil work",1,55050,75.49
"15703","ex husband",1,55051,75.49
"15704","ex south",1,55052,75.49
"15705","ex teacher",1,55053,75.49
"15706","ex was",1,55054,75.5
"15707","exact it",1,55055,75.5
"15708","exact out",1,55056,75.5
"15709","exactly could",1,55057,75.5
"15710","exactly does",1,55058,75.5
"15711","exactly half",1,55059,75.5
"15712","exactly high",1,55060,75.5
"15713","exactly i",1,55061,75.51
"15714","exactly more",1,55062,75.51
"15715","exactly one",1,55063,75.51
"15716","exactly safe",1,55064,75.51
"15717","exactly same",1,55065,75.51
"15718","exactly the",1,55066,75.51
"15719","exactly when",1,55067,75.51
"15720","exactly yet",1,55068,75.52
"15721","exactly you",1,55069,75.52
"15722","example as",1,55070,75.52
"15723","example for",1,55071,75.52
"15724","example her",1,55072,75.52
"15725","example just",1,55073,75.52
"15726","example to",1,55074,75.52
"15727","example you",1,55075,75.52
"15728","excellent but",1,55076,75.53
"15729","excellent example",1,55077,75.53
"15730","excellent i",1,55078,75.53
"15731","excellent read",1,55079,75.53
"15732","except a",1,55080,75.53
"15733","except in",1,55081,75.53
"15734","except no",1,55082,75.53
"15735","except on",1,55083,75.54
"15736","except that",1,55084,75.54
"15737","except the",1,55085,75.54
"15738","except where",1,55086,75.54
"15739","exchange it",1,55087,75.54
"15740","exchange student",1,55088,75.54
"15741","excited i",1,55089,75.54
"15742","excited it",1,55090,75.55
"15743","excited my",1,55091,75.55
"15744","exciting even",1,55092,75.55
"15745","exciting for",1,55093,75.55
"15746","exciting step",1,55094,75.55
"15747","exciting stuff",1,55095,75.55
"15748","exciting until",1,55096,75.55
"15749","executive partner",1,55097,75.56
"15750","exercise comes",1,55098,75.56
"15751","exercise equipment",1,55099,75.56
"15752","exercise in",1,55100,75.56
"15753","exercise lie",1,55101,75.56
"15754","exercise to",1,55102,75.56
"15755","exercise use",1,55103,75.56
"15756","exercise while",1,55104,75.56
"15757","exercise you",1,55105,75.57
"15758","exist and",1,55106,75.57
"15759","exist before",1,55107,75.57
"15760","exist however",1,55108,75.57
"15761","exist in",1,55109,75.57
"15762","exist like",1,55110,75.57
"15763","exist my",1,55111,75.57
"15764","exist until",1,55112,75.58
"15765","exist we",1,55113,75.58
"15766","existence the",1,55114,75.58
"15767","existence with",1,55115,75.58
"15768","expect him",1,55116,75.58
"15769","expect me",1,55117,75.58
"15770","expect nothing",1,55118,75.58
"15771","expect now",1,55119,75.59
"15772","expect the",1,55120,75.59
"15773","expect their",1,55121,75.59
"15774","expensive giving",1,55122,75.59
"15775","expensive high",1,55123,75.59
"15776","expensive or",1,55124,75.59
"15777","expensive out",1,55125,75.59
"15778","expensive so",1,55126,75.59
"15779","expensive than",1,55127,75.6
"15780","expensive the",1,55128,75.6
"15781","experience as",1,55129,75.6
"15782","experience by",1,55130,75.6
"15783","experience count",1,55131,75.6
"15784","experience if",1,55132,75.6
"15785","experience in",1,55133,75.6
"15786","experience my",1,55134,75.61
"15787","experience or",1,55135,75.61
"15788","experience otherwise",1,55136,75.61
"15789","experience our",1,55137,75.61
"15790","experience over",1,55138,75.61
"15791","experience slightly",1,55139,75.61
"15792","experience the",1,55140,75.61
"15793","experience to",1,55141,75.62
"15794","experience victory",1,55142,75.62
"15795","experience was",1,55143,75.62
"15796","experience we",1,55144,75.62
"15797","experience when",1,55145,75.62
"15798","experienced music",1,55146,75.62
"15799","experienced of",1,55147,75.62
"15800","experienced over",1,55148,75.62
"15801","experienced together",1,55149,75.63
"15802","experienced writing",1,55150,75.63
"15803","explain if",1,55151,75.63
"15804","explain in",1,55152,75.63
"15805","explain like",1,55153,75.63
"15806","explain the",1,55154,75.63
"15807","explain to",1,55155,75.63
"15808","explore the",1,55156,75.64
"15809","express her",1,55157,75.64
"15810","express my",1,55158,75.64
"15811","express said",1,55159,75.64
"15812","express their",1,55160,75.64
"15813","expression and",1,55161,75.64
"15814","expression body",1,55162,75.64
"15815","extra layer",1,55163,75.65
"15816","extra on",1,55164,75.65
"15817","extra second",1,55165,75.65
"15818","extra special",1,55166,75.65
"15819","extra with",1,55167,75.65
"15820","extreme at",1,55168,75.65
"15821","extreme challenge",1,55169,75.65
"15822","extreme he",1,55170,75.66
"15823","extremely talented",1,55171,75.66
"15824","extremely to",1,55172,75.66
"15825","eye a",1,55173,75.66
"15826","eye deep",1,55174,75.66
"15827","eye growing",1,55175,75.66
"15828","eye of",1,55176,75.66
"15829","eye she",1,55177,75.66
"15830","eye so",1,55178,75.67
"15831","eye the",1,55179,75.67
"15832","eye to",1,55180,75.67
"15833","eye was",1,55181,75.67
"15834","f and",1,55182,75.67
"15835","f butter",1,55183,75.67
"15836","f c",1,55184,75.67
"15837","f g",1,55185,75.68
"15838","f is",1,55186,75.68
"15839","f t",1,55187,75.68
"15840","fabric and",1,55188,75.68
"15841","fabric is",1,55189,75.68
"15842","fabric on",1,55190,75.68
"15843","fabric which",1,55191,75.68
"15844","fabric y",1,55192,75.69
"15845","fabulous and",1,55193,75.69
"15846","fabulous day",1,55194,75.69
"15847","fabulous part",1,55195,75.69
"15848","fabulous restaurant",1,55196,75.69
"15849","fabulous selection",1,55197,75.69
"15850","face but",1,55198,75.69
"15851","face by",1,55199,75.69
"15852","face food",1,55200,75.7
"15853","face from",1,55201,75.7
"15854","face her",1,55202,75.7
"15855","face him",1,55203,75.7
"15856","face his",1,55204,75.7
"15857","face hit",1,55205,75.7
"15858","face i",1,55206,75.7
"15859","face in",1,55207,75.71
"15860","face is",1,55208,75.71
"15861","face life",1,55209,75.71
"15862","face many",1,55210,75.71
"15863","face off",1,55211,75.71
"15864","face on",1,55212,75.71
"15865","face plant",1,55213,75.71
"15866","face she",1,55214,75.72
"15867","face showing",1,55215,75.72
"15868","face they",1,55216,75.72
"15869","face this",1,55217,75.72
"15870","face to",1,55218,75.72
"15871","face until",1,55219,75.72
"15872","face up",1,55220,75.72
"15873","face wanting",1,55221,75.73
"15874","face was",1,55222,75.73
"15875","face well",1,55223,75.73
"15876","face with",1,55224,75.73
"15877","faced by",1,55225,75.73
"15878","facing for",1,55226,75.73
"15879","facing is",1,55227,75.73
"15880","fact another",1,55228,75.73
"15881","fact can",1,55229,75.74
"15882","fact drinking",1,55230,75.74
"15883","fact even",1,55231,75.74
"15884","fact from",1,55232,75.74
"15885","fact got",1,55233,75.74
"15886","fact is",1,55234,75.74
"15887","fact it",1,55235,75.74
"15888","fact lord",1,55236,75.75
"15889","fact n",1,55237,75.75
"15890","fact stay",1,55238,75.75
"15891","fact the",1,55239,75.75
"15892","fact they",1,55240,75.75
"15893","fail and",1,55241,75.75
"15894","fail she",1,55242,75.75
"15895","fail to",1,55243,75.76
"15896","fair enough",1,55244,75.76
"15897","fair for",1,55245,75.76
"15898","fair guess",1,55246,75.76
"15899","fair share",1,55247,75.76
"15900","fair some",1,55248,75.76
"15901","fair to",1,55249,75.76
"15902","fair warning",1,55250,75.76
"15903","fairly and",1,55251,75.77
"15904","fairly early",1,55252,75.77
"15905","fairly good",1,55253,75.77
"15906","fairly heavy",1,55254,75.77
"15907","fairly seeing",1,55255,75.77
"15908","fairly sure",1,55256,75.77
"15909","fall feeling",1,55257,75.77
"15910","fall i",1,55258,75.78
"15911","fall in",1,55259,75.78
"15912","fall is",1,55260,75.78
"15913","fall on",1,55261,75.78
"15914","fall over",1,55262,75.78
"15915","fall the",1,55263,75.78
"15916","fall which",1,55264,75.78
"15917","fallen for",1,55265,75.79
"15918","fallen into",1,55266,75.79
"15919","fallen off",1,55267,75.79
"15920","fallen on",1,55268,75.79
"15921","falling price",1,55269,75.79
"15922","false information",1,55270,75.79
"15923","false self",1,55271,75.79
"15924","familiar as",1,55272,75.8
"15925","familiar in",1,55273,75.8
"15926","familiar pattern",1,55274,75.8
"15927","familiar the",1,55275,75.8
"15928","familiar with",1,55276,75.8
"15929","family about",1,55277,75.8
"15930","family across",1,55278,75.8
"15931","family are",1,55279,75.8
"15932","family been",1,55280,75.81
"15933","family came",1,55281,75.81
"15934","family do",1,55282,75.81
"15935","family drove",1,55283,75.81
"15936","family except",1,55284,75.81
"15937","family exercise",1,55285,75.81
"15938","family first",1,55286,75.81
"15939","family fish",1,55287,75.82
"15940","family go",1,55288,75.82
"15941","family history",1,55289,75.82
"15942","family ill",1,55290,75.82
"15943","family into",1,55291,75.82
"15944","family is",1,55292,75.82
"15945","family it",1,55293,75.82
"15946","family later",1,55294,75.83
"15947","family let",1,55295,75.83
"15948","family radio",1,55296,75.83
"15949","family recently",1,55297,75.83
"15950","family research",1,55298,75.83
"15951","family so",1,55299,75.83
"15952","family the",1,55300,75.83
"15953","family very",1,55301,75.83
"15954","family was",1,55302,75.84
"15955","family were",1,55303,75.84
"15956","family where",1,55304,75.84
"15957","family will",1,55305,75.84
"15958","family you",1,55306,75.84
"15959","famous character",1,55307,75.84
"15960","famous dark",1,55308,75.84
"15961","famous for",1,55309,75.85
"15962","famous in",1,55310,75.85
"15963","famous last",1,55311,75.85
"15964","famous star",1,55312,75.85
"15965","fan club",1,55313,75.85
"15966","fan he",1,55314,75.85
"15967","fan i",1,55315,75.85
"15968","fan that",1,55316,75.86
"15969","fancy free",1,55317,75.86
"15970","fancy one",1,55318,75.86
"15971","fancy pants",1,55319,75.86
"15972","fancy son",1,55320,75.86
"15973","fantastic but",1,55321,75.86
"15974","fantastic do",1,55322,75.86
"15975","fantastic when",1,55323,75.86
"15976","fantastic you",1,55324,75.87
"15977","fantasy and",1,55325,75.87
"15978","fantasy because",1,55326,75.87
"15979","fantasy is",1,55327,75.87
"15980","fantasy the",1,55328,75.87
"15981","far and",1,55329,75.87
"15982","far away",1,55330,75.87
"15983","far better",1,55331,75.88
"15984","far but",1,55332,75.88
"15985","far distance",1,55333,75.88
"15986","far east",1,55334,75.88
"15987","far far",1,55335,75.88
"15988","far from",1,55336,75.88
"15989","far her",1,55337,75.88
"15990","far i",1,55338,75.89
"15991","far less",1,55339,75.89
"15992","far off",1,55340,75.89
"15993","far page",1,55341,75.89
"15994","far right",1,55342,75.89
"15995","far the",1,55343,75.89
"15996","far too",1,55344,75.89
"15997","far was",1,55345,75.9
"15998","far we",1,55346,75.9
"15999","far with",1,55347,75.9
"16000","far you",1,55348,75.9
"16001","farm and",1,55349,75.9
"16002","farm can",1,55350,75.9
"16003","farm on",1,55351,75.9
"16004","farm them",1,55352,75.9
"16005","farm to",1,55353,75.91
"16006","farm with",1,55354,75.91
"16007","fashion on",1,55355,75.91
"16008","fashion t",1,55356,75.91
"16009","fashion with",1,55357,75.91
"16010","fast enough",1,55358,75.91
"16011","fast into",1,55359,75.91
"16012","fast this",1,55360,75.92
"16013","fast waiting",1,55361,75.92
"16014","fast with",1,55362,75.92
"16015","faster and",1,55363,75.92
"16016","faster as",1,55364,75.92
"16017","faster oh",1,55365,75.92
"16018","faster so",1,55366,75.92
"16019","faster that",1,55367,75.93
"16020","father a",1,55368,75.93
"16021","father as",1,55369,75.93
"16022","father from",1,55370,75.93
"16023","father he",1,55371,75.93
"16024","father i",1,55372,75.93
"16025","father in",1,55373,75.93
"16026","father is",1,55374,75.93
"16027","father made",1,55375,75.94
"16028","father mother",1,55376,75.94
"16029","father never",1,55377,75.94
"16030","father out",1,55378,75.94
"16031","father please",1,55379,75.94
"16032","father the",1,55380,75.94
"16033","father there",1,55381,75.94
"16034","father they",1,55382,75.95
"16035","fault of",1,55383,75.95
"16036","fault that",1,55384,75.95
"16037","favorite as",1,55385,75.95
"16038","favorite at",1,55386,75.95
"16039","favorite author",1,55387,75.95
"16040","favorite book",1,55388,75.95
"16041","favorite commercial",1,55389,75.96
"16042","favorite dance",1,55390,75.96
"16043","favorite is",1,55391,75.96
"16044","favorite meal",1,55392,75.96
"16045","favorite part",1,55393,75.96
"16046","favorite picture",1,55394,75.96
"16047","favorite quote",1,55395,75.96
"16048","favorite song",1,55396,75.97
"16049","favorite sweet",1,55397,75.97
"16050","favorite table",1,55398,75.97
"16051","favorite the",1,55399,75.97
"16052","feature come",1,55400,75.97
"16053","feature it",1,55401,75.97
"16054","feature like",1,55402,75.97
"16055","feature rich",1,55403,75.97
"16056","feature will",1,55404,75.98
"16057","featured a",1,55405,75.98
"16058","featured here",1,55406,75.98
"16059","featured on",1,55407,75.98
"16060","featured singing",1,55408,75.98
"16061","featured within",1,55409,75.98
"16062","federal for",1,55410,75.98
"16063","federal student",1,55411,75.99
"16064","federal the",1,55412,75.99
"16065","federal were",1,55413,75.99
"16066","feed the",1,55414,75.99
"16067","feed under",1,55415,75.99
"16068","feel about",1,55416,75.99
"16069","feel accepted",1,55417,75.99
"16070","feel alone",1,55418,76
"16071","feel better",1,55419,76
"16072","feel confused",1,55420,76
"16073","feel could",1,55421,76
"16074","feel creative",1,55422,76
"16075","feel fairly",1,55423,76
"16076","feel for",1,55424,76
"16077","feel her",1,55425,76
"16078","feel how",1,55426,76.01
"16079","feel hurt",1,55427,76.01
"16080","feel in",1,55428,76.01
"16081","feel just",1,55429,76.01
"16082","feel less",1,55430,76.01
"16083","feel most",1,55431,76.01
"16084","feel my",1,55432,76.01
"16085","feel natural",1,55433,76.02
"16086","feel or",1,55434,76.02
"16087","feel sad",1,55435,76.02
"16088","feel she",1,55436,76.02
"16089","feel sleep",1,55437,76.02
"16090","feel this",1,55438,76.02
"16091","feel well",1,55439,76.02
"16092","feel what",1,55440,76.03
"16093","feel when",1,55441,76.03
"16094","feel which",1,55442,76.03
"16095","feeling a",1,55443,76.03
"16096","feeling among",1,55444,76.03
"16097","feeling down",1,55445,76.03
"16098","feeling good",1,55446,76.03
"16099","feeling hungry",1,55447,76.03
"16100","feeling in",1,55448,76.04
"16101","feeling is",1,55449,76.04
"16102","feeling it",1,55450,76.04
"16103","feeling much",1,55451,76.04
"16104","feeling pretty",1,55452,76.04
"16105","feeling slightly",1,55453,76.04
"16106","feeling somewhat",1,55454,76.04
"16107","feeling too",1,55455,76.05
"16108","feeling worse",1,55456,76.05
"16109","fell apart",1,55457,76.05
"16110","fell asleep",1,55458,76.05
"16111","fell down",1,55459,76.05
"16112","fell to",1,55460,76.05
"16113","fellow are",1,55461,76.05
"16114","fellow don",1,55462,76.06
"16115","fellow man",1,55463,76.06
"16116","fellow they",1,55464,76.06
"16117","fellow those",1,55465,76.06
"16118","fellow to",1,55466,76.06
"16119","fellow too",1,55467,76.06
"16120","fellow willing",1,55468,76.06
"16121","felt a",1,55469,76.07
"16122","felt important",1,55470,76.07
"16123","felt it",1,55471,76.07
"16124","felt right",1,55472,76.07
"16125","felt s",1,55473,76.07
"16126","felt she",1,55474,76.07
"16127","felt so",1,55475,76.07
"16128","felt sure",1,55476,76.07
"16129","felt that",1,55477,76.08
"16130","felt the",1,55478,76.08
"16131","felt unlike",1,55479,76.08
"16132","felt was",1,55480,76.08
"16133","female and",1,55481,76.08
"16134","female no",1,55482,76.08
"16135","female perspective",1,55483,76.08
"16136","female that",1,55484,76.09
"16137","female the",1,55485,76.09
"16138","festival i",1,55486,76.09
"16139","festival it",1,55487,76.09
"16140","festival of",1,55488,76.09
"16141","festival onto",1,55489,76.09
"16142","festival s",1,55490,76.09
"16143","festival the",1,55491,76.1
"16144","festival will",1,55492,76.1
"16145","few after",1,55493,76.1
"16146","few along",1,55494,76.1
"16147","few before",1,55495,76.1
"16148","few closed",1,55496,76.1
"16149","few cool",1,55497,76.1
"16150","few either",1,55498,76.1
"16151","few for",1,55499,76.11
"16152","few from",1,55500,76.11
"16153","few hard",1,55501,76.11
"16154","few he",1,55502,76.11
"16155","few interesting",1,55503,76.11
"16156","few it",1,55504,76.11
"16157","few june",1,55505,76.11
"16158","few later",1,55506,76.12
"16159","few learning",1,55507,76.12
"16160","few less",1,55508,76.12
"16161","few longer",1,55509,76.12
"16162","few made",1,55510,76.12
"16163","few need",1,55511,76.12
"16164","few oil",1,55512,76.12
"16165","few outside",1,55513,76.13
"16166","few pocket",1,55514,76.13
"16167","few side",1,55515,76.13
"16168","few small",1,55516,76.13
"16169","few soft",1,55517,76.13
"16170","few therefore",1,55518,76.13
"16171","few to",1,55519,76.13
"16172","few too",1,55520,76.14
"16173","few where",1,55521,76.14
"16174","few which",1,55522,76.14
"16175","few who",1,55523,76.14
"16176","few with",1,55524,76.14
"16177","few wow",1,55525,76.14
"16178","fiction and",1,55526,76.14
"16179","fiction at",1,55527,76.14
"16180","fiction for",1,55528,76.15
"16181","fiction in",1,55529,76.15
"16182","fiction on",1,55530,76.15
"16183","field and",1,55531,76.15
"16184","field based",1,55532,76.15
"16185","field five",1,55533,76.15
"16186","field i",1,55534,76.15
"16187","field overall",1,55535,76.16
"16188","field the",1,55536,76.16
"16189","fighting a",1,55537,76.16
"16190","fighting action",1,55538,76.16
"16191","fighting and",1,55539,76.16
"16192","fighting as",1,55540,76.16
"16193","fighting for",1,55541,76.16
"16194","fighting one",1,55542,76.17
"16195","fighting our",1,55543,76.17
"16196","fighting so",1,55544,76.17
"16197","fighting was",1,55545,76.17
"16198","fighting with",1,55546,76.17
"16199","figure had",1,55547,76.17
"16200","figure on",1,55548,76.17
"16201","figure right",1,55549,76.17
"16202","figure walking",1,55550,76.18
"16203","figure what",1,55551,76.18
"16204","figure who",1,55552,76.18
"16205","figured he",1,55553,76.18
"16206","figured out",1,55554,76.18
"16207","figured that",1,55555,76.18
"16208","figured the",1,55556,76.18
"16209","file after",1,55557,76.19
"16210","file i",1,55558,76.19
"16211","file instead",1,55559,76.19
"16212","file it",1,55560,76.19
"16213","file them",1,55561,76.19
"16214","file your",1,55562,76.19
"16215","fill my",1,55563,76.19
"16216","fill of",1,55564,76.2
"16217","fill pan",1,55565,76.2
"16218","fill the",1,55566,76.2
"16219","fill these",1,55567,76.2
"16220","filling her",1,55568,76.2
"16221","filling in",1,55569,76.2
"16222","filling out",1,55570,76.2
"16223","filling the",1,55571,76.21
"16224","film a",1,55572,76.21
"16225","film as",1,55573,76.21
"16226","film be",1,55574,76.21
"16227","film but",1,55575,76.21
"16228","film complete",1,55576,76.21
"16229","film for",1,55577,76.21
"16230","film had",1,55578,76.21
"16231","film left",1,55579,76.22
"16232","film off",1,55580,76.22
"16233","film some",1,55581,76.22
"16234","film t",1,55582,76.22
"16235","film that",1,55583,76.22
"16236","film there",1,55584,76.22
"16237","film this",1,55585,76.22
"16238","final about",1,55586,76.23
"16239","final after",1,55587,76.23
"16240","final cost",1,55588,76.23
"16241","final from",1,55589,76.23
"16242","final hour",1,55590,76.23
"16243","final say",1,55591,76.23
"16244","final she",1,55592,76.23
"16245","final slow",1,55593,76.24
"16246","final under",1,55594,76.24
"16247","finally a",1,55595,76.24
"16248","finally at",1,55596,76.24
"16249","finally bank",1,55597,76.24
"16250","finally been",1,55598,76.24
"16251","finally decided",1,55599,76.24
"16252","finally finished",1,55600,76.24
"16253","finally free",1,55601,76.25
"16254","finally getting",1,55602,76.25
"16255","finally had",1,55603,76.25
"16256","finally her",1,55604,76.25
"16257","finally here",1,55605,76.25
"16258","finally i",1,55606,76.25
"16259","finally leaves",1,55607,76.25
"16260","finally looking",1,55608,76.26
"16261","finally mine",1,55609,76.26
"16262","finally moving",1,55610,76.26
"16263","finally over",1,55611,76.26
"16264","finally saw",1,55612,76.26
"16265","finally she",1,55613,76.26
"16266","finally showing",1,55614,76.26
"16267","finally the",1,55615,76.27
"16268","finally there",1,55616,76.27
"16269","finally was",1,55617,76.27
"16270","finally went",1,55618,76.27
"16271","finally worked",1,55619,76.27
"16272","financial aid",1,55620,76.27
"16273","financial and",1,55621,76.27
"16274","financial are",1,55622,76.27
"16275","financial freedom",1,55623,76.28
"16276","financial home",1,55624,76.28
"16277","financial i",1,55625,76.28
"16278","financial in",1,55626,76.28
"16279","financial protection",1,55627,76.28
"16280","financial security",1,55628,76.28
"16281","find and",1,55629,76.28
"16282","find another",1,55630,76.29
"16283","find anything",1,55631,76.29
"16284","find at",1,55632,76.29
"16285","find by",1,55633,76.29
"16286","find enough",1,55634,76.29
"16287","find for",1,55635,76.29
"16288","find freedom",1,55636,76.29
"16289","find here",1,55637,76.3
"16290","find himself",1,55638,76.3
"16291","find i",1,55639,76.3
"16292","find in",1,55640,76.3
"16293","find its",1,55641,76.3
"16294","find joy",1,55642,76.3
"16295","find my",1,55643,76.3
"16296","find neighborhood",1,55644,76.31
"16297","find nothing",1,55645,76.31
"16298","find something",1,55646,76.31
"16299","find their",1,55647,76.31
"16300","find them",1,55648,76.31
"16301","find to",1,55649,76.31
"16302","find very",1,55650,76.31
"16303","find well",1,55651,76.31
"16304","find you",1,55652,76.32
"16305","finding information",1,55653,76.32
"16306","finding it",1,55654,76.32
"16307","finding me",1,55655,76.32
"16308","finding new",1,55656,76.32
"16309","finding success",1,55657,76.32
"16310","finding that",1,55658,76.32
"16311","finding the",1,55659,76.33
"16312","fine and",1,55660,76.33
"16313","fine as",1,55661,76.33
"16314","fine career",1,55662,76.33
"16315","fine he",1,55663,76.33
"16316","fine here",1,55664,76.33
"16317","fine no",1,55665,76.33
"16318","fine piece",1,55666,76.34
"16319","fine since",1,55667,76.34
"16320","fine there",1,55668,76.34
"16321","fine when",1,55669,76.34
"16322","finger around",1,55670,76.34
"16323","finger in",1,55671,76.34
"16324","finger to",1,55672,76.34
"16325","finger within",1,55673,76.34
"16326","finish a",1,55674,76.35
"16327","finish all",1,55675,76.35
"16328","finish and",1,55676,76.35
"16329","finish anything",1,55677,76.35
"16330","finish between",1,55678,76.35
"16331","finish it",1,55679,76.35
"16332","finish of",1,55680,76.35
"16333","finish something",1,55681,76.36
"16334","finish up",1,55682,76.36
"16335","finish was",1,55683,76.36
"16336","finish your",1,55684,76.36
"16337","finished a",1,55685,76.36
"16338","finished and",1,55686,76.36
"16339","finished in",1,55687,76.36
"16340","finished mix",1,55688,76.37
"16341","finished much",1,55689,76.37
"16342","finished mum",1,55690,76.37
"16343","finished set",1,55691,76.37
"16344","finished strong",1,55692,76.37
"16345","finished watching",1,55693,76.37
"16346","finished with",1,55694,76.37
"16347","firm after",1,55695,76.38
"16348","firm is",1,55696,76.38
"16349","first anniversary",1,55697,76.38
"16350","first appointment",1,55698,76.38
"16351","first attempt",1,55699,76.38
"16352","first b",1,55700,76.38
"16353","first born",1,55701,76.38
"16354","first but",1,55702,76.38
"16355","first by",1,55703,76.39
"16356","first came",1,55704,76.39
"16357","first child",1,55705,76.39
"16358","first choose",1,55706,76.39
"16359","first class",1,55707,76.39
"16360","first couple",1,55708,76.39
"16361","first daughter",1,55709,76.39
"16362","first during",1,55710,76.4
"16363","first ever",1,55711,76.4
"16364","first experience",1,55712,76.4
"16365","first few",1,55713,76.4
"16366","first giveaway",1,55714,76.4
"16367","first grew",1,55715,76.4
"16368","first guest",1,55716,76.4
"16369","first he",1,55717,76.41
"16370","first in",1,55718,76.41
"16371","first international",1,55719,76.41
"16372","first into",1,55720,76.41
"16373","first involved",1,55721,76.41
"16374","first is",1,55722,76.41
"16375","first k",1,55723,76.41
"16376","first list",1,55724,76.41
"16377","first match",1,55725,76.42
"16378","first middle",1,55726,76.42
"16379","first mistake",1,55727,76.42
"16380","first month",1,55728,76.42
"16381","first off",1,55729,76.42
"16382","first out",1,55730,76.42
"16383","first part",1,55731,76.42
"16384","first photo",1,55732,76.43
"16385","first place",1,55733,76.43
"16386","first proper",1,55734,76.43
"16387","first ran",1,55735,76.43
"16388","first said",1,55736,76.43
"16389","first sale",1,55737,76.43
"16390","first show",1,55738,76.43
"16391","first slowly",1,55739,76.44
"16392","first step",1,55740,76.44
"16393","first still",1,55741,76.44
"16394","first store",1,55742,76.44
"16395","first test",1,55743,76.44
"16396","first this",1,55744,76.44
"16397","first to",1,55745,76.44
"16398","first trade",1,55746,76.45
"16399","first two",1,55747,76.45
"16400","first up",1,55748,76.45
"16401","first use",1,55749,76.45
"16402","first voice",1,55750,76.45
"16403","first was",1,55751,76.45
"16404","first wave",1,55752,76.45
"16405","first week",1,55753,76.45
"16406","first well",1,55754,76.46
"16407","first were",1,55755,76.46
"16408","first with",1,55756,76.46
"16409","fish head",1,55757,76.46
"16410","fish moon",1,55758,76.46
"16411","fish some",1,55759,76.46
"16412","fish therefore",1,55760,76.46
"16413","fish though",1,55761,76.47
"16414","fish thrown",1,55762,76.47
"16415","fish was",1,55763,76.47
"16416","fit for",1,55764,76.47
"16417","fit into",1,55765,76.47
"16418","fit just",1,55766,76.47
"16419","fit me",1,55767,76.47
"16420","fit of",1,55768,76.48
"16421","fit on",1,55769,76.48
"16422","fit the",1,55770,76.48
"16423","fit to",1,55771,76.48
"16424","fit unlike",1,55772,76.48
"16425","fit we",1,55773,76.48
"16426","five after",1,55774,76.48
"16427","five ago",1,55775,76.48
"16428","five from",1,55776,76.49
"16429","five gorgeous",1,55777,76.49
"16430","five high",1,55778,76.49
"16431","five little",1,55779,76.49
"16432","five more",1,55780,76.49
"16433","five my",1,55781,76.49
"16434","five times",1,55782,76.49
"16435","five where",1,55783,76.5
"16436","five which",1,55784,76.5
"16437","five year",1,55785,76.5
"16438","fix it",1,55786,76.5
"16439","flat after",1,55787,76.5
"16440","flat does",1,55788,76.5
"16441","flat that",1,55789,76.5
"16442","flat with",1,55790,76.51
"16443","flavor because",1,55791,76.51
"16444","flavor corn",1,55792,76.51
"16445","flavor of",1,55793,76.51
"16446","flavor on",1,55794,76.51
"16447","flavor to",1,55795,76.51
"16448","flesh and",1,55796,76.51
"16449","flesh as",1,55797,76.51
"16450","flesh now",1,55798,76.52
"16451","flight i",1,55799,76.52
"16452","flight out",1,55800,76.52
"16453","flight times",1,55801,76.52
"16454","flight to",1,55802,76.52
"16455","flight until",1,55803,76.52
"16456","flight were",1,55804,76.52
"16457","floor a",1,55805,76.53
"16458","floor all",1,55806,76.53
"16459","floor apartment",1,55807,76.53
"16460","floor finally",1,55808,76.53
"16461","floor it",1,55809,76.53
"16462","floor than",1,55810,76.53
"16463","floor the",1,55811,76.53
"16464","floor university",1,55812,76.54
"16465","floor until",1,55813,76.54
"16466","floor us",1,55814,76.54
"16467","floor we",1,55815,76.54
"16468","flour and",1,55816,76.54
"16469","flour baking",1,55817,76.54
"16470","flour in",1,55818,76.54
"16471","flour mixture",1,55819,76.55
"16472","flour pepper",1,55820,76.55
"16473","flour to",1,55821,76.55
"16474","flow my",1,55822,76.55
"16475","flow through",1,55823,76.55
"16476","fly a",1,55824,76.55
"16477","fly always",1,55825,76.55
"16478","fly made",1,55826,76.55
"16479","fly towards",1,55827,76.56
"16480","flying home",1,55828,76.56
"16481","focus always",1,55829,76.56
"16482","focus i",1,55830,76.56
"16483","follow a",1,55831,76.56
"16484","follow along",1,55832,76.56
"16485","follow and",1,55833,76.56
"16486","follow for",1,55834,76.57
"16487","follow him",1,55835,76.57
"16488","follow my",1,55836,76.57
"16489","follow on",1,55837,76.57
"16490","follow suit",1,55838,76.57
"16491","follow their",1,55839,76.57
"16492","follow this",1,55840,76.57
"16493","follow through",1,55841,76.58
"16494","follow to",1,55842,76.58
"16495","follow too",1,55843,76.58
"16496","following a",1,55844,76.58
"16497","following and",1,55845,76.58
"16498","following based",1,55846,76.58
"16499","following day",1,55847,76.58
"16500","following exercise",1,55848,76.58
"16501","following he",1,55849,76.59
"16502","following is",1,55850,76.59
"16503","following recipe",1,55851,76.59
"16504","following this",1,55852,76.59
"16505","following time",1,55853,76.59
"16506","following to",1,55854,76.59
"16507","following year",1,55855,76.59
"16508","food a",1,55856,76.6
"16509","food another",1,55857,76.6
"16510","food away",1,55858,76.6
"16511","food been",1,55859,76.6
"16512","food her",1,55860,76.6
"16513","food how",1,55861,76.6
"16514","food i",1,55862,76.6
"16515","food it",1,55863,76.61
"16516","food like",1,55864,76.61
"16517","food of",1,55865,76.61
"16518","food off",1,55866,76.61
"16519","food one",1,55867,76.61
"16520","food or",1,55868,76.61
"16521","food outside",1,55869,76.61
"16522","food right",1,55870,76.62
"16523","food show",1,55871,76.62
"16524","food stand",1,55872,76.62
"16525","food the",1,55873,76.62
"16526","food what",1,55874,76.62
"16527","food you",1,55875,76.62
"16528","foot house",1,55876,76.62
"16529","foot in",1,55877,76.62
"16530","foot talking",1,55878,76.63
"16531","football could",1,55879,76.63
"16532","football manager",1,55880,76.63
"16533","football this",1,55881,76.63
"16534","for air",1,55882,76.63
"16535","for along",1,55883,76.63
"16536","for anyone",1,55884,76.63
"16537","for article",1,55885,76.64
"16538","for background",1,55886,76.64
"16539","for becomes",1,55887,76.64
"16540","for bed",1,55888,76.64
"16541","for brown",1,55889,76.64
"16542","for change",1,55890,76.64
"16543","for college",1,55891,76.64
"16544","for comfort",1,55892,76.65
"16545","for communication",1,55893,76.65
"16546","for could",1,55894,76.65
"16547","for customer",1,55895,76.65
"16548","for dangerous",1,55896,76.65
"16549","for day",1,55897,76.65
"16550","for debt",1,55898,76.65
"16551","for deep",1,55899,76.65
"16552","for discussion",1,55900,76.66
"16553","for do",1,55901,76.66
"16554","for don",1,55902,76.66
"16555","for down",1,55903,76.66
"16556","for economic",1,55904,76.66
"16557","for education",1,55905,76.66
"16558","for entertainment",1,55906,76.66
"16559","for entry",1,55907,76.67
"16560","for everybody",1,55908,76.67
"16561","for everything",1,55909,76.67
"16562","for evil",1,55910,76.67
"16563","for expression",1,55911,76.67
"16564","for father",1,55912,76.67
"16565","for federal",1,55913,76.67
"16566","for film",1,55914,76.68
"16567","for getting",1,55915,76.68
"16568","for giving",1,55916,76.68
"16569","for going",1,55917,76.68
"16570","for goodness",1,55918,76.68
"16571","for goods",1,55919,76.68
"16572","for ground",1,55920,76.68
"16573","for half",1,55921,76.68
"16574","for herself",1,55922,76.69
"16575","for holding",1,55923,76.69
"16576","for honor",1,55924,76.69
"16577","for hot",1,55925,76.69
"16578","for inspiration",1,55926,76.69
"16579","for interesting",1,55927,76.69
"16580","for international",1,55928,76.69
"16581","for is",1,55929,76.7
"16582","for itself",1,55930,76.7
"16583","for june",1,55931,76.7
"16584","for knowledge",1,55932,76.7
"16585","for known",1,55933,76.7
"16586","for labour",1,55934,76.7
"16587","for large",1,55935,76.7
"16588","for later",1,55936,76.71
"16589","for let",1,55937,76.71
"16590","for list",1,55938,76.71
"16591","for long",1,55939,76.71
"16592","for luckily",1,55940,76.71
"16593","for lunch",1,55941,76.71
"16594","for m",1,55942,76.71
"16595","for mail",1,55943,76.72
"16596","for market",1,55944,76.72
"16597","for meal",1,55945,76.72
"16598","for meaning",1,55946,76.72
"16599","for miss",1,55947,76.72
"16600","for much",1,55948,76.72
"16601","for mum",1,55949,76.72
"16602","for never",1,55950,76.72
"16603","for normal",1,55951,76.73
"16604","for off",1,55952,76.73
"16605","for ordinary",1,55953,76.73
"16606","for out",1,55954,76.73
"16607","for paper",1,55955,76.73
"16608","for peace",1,55956,76.73
"16609","for per",1,55957,76.73
"16610","for peter",1,55958,76.74
"16611","for place",1,55959,76.74
"16612","for plastic",1,55960,76.74
"16613","for plenty",1,55961,76.74
"16614","for politics",1,55962,76.74
"16615","for poor",1,55963,76.74
"16616","for possible",1,55964,76.74
"16617","for providing",1,55965,76.75
"16618","for purchase",1,55966,76.75
"16619","for raised",1,55967,76.75
"16620","for reading",1,55968,76.75
"16621","for riding",1,55969,76.75
"16622","for running",1,55970,76.75
"16623","for safe",1,55971,76.75
"16624","for sale",1,55972,76.75
"16625","for say",1,55973,76.76
"16626","for sending",1,55974,76.76
"16627","for singing",1,55975,76.76
"16628","for sitting",1,55976,76.76
"16629","for six",1,55977,76.76
"16630","for small",1,55978,76.76
"16631","for smith",1,55979,76.76
"16632","for social",1,55980,76.77
"16633","for something",1,55981,76.77
"16634","for source",1,55982,76.77
"16635","for stage",1,55983,76.77
"16636","for stopping",1,55984,76.77
"16637","for story",1,55985,76.77
"16638","for such",1,55986,76.77
"16639","for teaching",1,55987,76.78
"16640","for ten",1,55988,76.78
"16641","for th",1,55989,76.78
"16642","for though",1,55990,76.78
"16643","for through",1,55991,76.78
"16644","for time",1,55992,76.78
"16645","for too",1,55993,76.78
"16646","for until",1,55994,76.79
"16647","for use",1,55995,76.79
"16648","for visiting",1,55996,76.79
"16649","for warm",1,55997,76.79
"16650","for was",1,55998,76.79
"16651","for well",1,55999,76.79
"16652","for whatever",1,56000,76.79
"16653","for when",1,56001,76.79
"16654","for which",1,56002,76.8
"16655","for while",1,56003,76.8
"16656","for word",1,56004,76.8
"16657","for working",1,56005,76.8
"16658","force after",1,56006,76.8
"16659","force can",1,56007,76.8
"16660","force cost",1,56008,76.8
"16661","force for",1,56009,76.81
"16662","force frank",1,56010,76.81
"16663","force it",1,56011,76.81
"16664","force no",1,56012,76.81
"16665","force someone",1,56013,76.81
"16666","force to",1,56014,76.81
"16667","force when",1,56015,76.81
"16668","force will",1,56016,76.82
"16669","force would",1,56017,76.82
"16670","forced down",1,56018,76.82
"16671","forced him",1,56019,76.82
"16672","forced into",1,56020,76.82
"16673","forced laugh",1,56021,76.82
"16674","forced upon",1,56022,76.82
"16675","foreign aid",1,56023,76.82
"16676","foreign country",1,56024,76.83
"16677","foreign minister",1,56025,76.83
"16678","foreign people",1,56026,76.83
"16679","foreign that",1,56027,76.83
"16680","forest in",1,56028,76.83
"16681","forever because",1,56029,76.83
"16682","forever once",1,56030,76.83
"16683","forever so",1,56031,76.84
"16684","forever yes",1,56032,76.84
"16685","forget about",1,56033,76.84
"16686","forget from",1,56034,76.84
"16687","forget her",1,56035,76.84
"16688","forget if",1,56036,76.84
"16689","forget where",1,56037,76.84
"16690","forget you",1,56038,76.85
"16691","forgotten and",1,56039,76.85
"16692","forgotten day",1,56040,76.85
"16693","forgotten his",1,56041,76.85
"16694","forgotten no",1,56042,76.85
"16695","forgotten to",1,56043,76.85
"16696","form a",1,56044,76.85
"16697","form of",1,56045,76.86
"16698","form or",1,56046,76.86
"16699","form so",1,56047,76.86
"16700","form the",1,56048,76.86
"16701","former and",1,56049,76.86
"16702","former dog",1,56050,76.86
"16703","former is",1,56051,76.86
"16704","former mother",1,56052,76.86
"16705","former performance",1,56053,76.87
"16706","former president",1,56054,76.87
"16707","former pub",1,56055,76.87
"16708","former student",1,56056,76.87
"16709","forth and",1,56057,76.87
"16710","forward as",1,56058,76.87
"16711","forward don",1,56059,76.87
"16712","forward for",1,56060,76.88
"16713","forward his",1,56061,76.88
"16714","forward i",1,56062,76.88
"16715","forward in",1,56063,76.88
"16716","forward into",1,56064,76.88
"16717","forward is",1,56065,76.88
"16718","forward my",1,56066,76.88
"16719","forward on",1,56067,76.89
"16720","forward she",1,56068,76.89
"16721","forward since",1,56069,76.89
"16722","forward today",1,56070,76.89
"16723","found after",1,56071,76.89
"16724","found himself",1,56072,76.89
"16725","found i",1,56073,76.89
"16726","found if",1,56074,76.89
"16727","found it",1,56075,76.9
"16728","found just",1,56076,76.9
"16729","found my",1,56077,76.9
"16730","found of",1,56078,76.9
"16731","found s",1,56079,76.9
"16732","found she",1,56080,76.9
"16733","found some",1,56081,76.9
"16734","found surprise",1,56082,76.91
"16735","found that",1,56083,76.91
"16736","found themselves",1,56084,76.91
"16737","found these",1,56085,76.91
"16738","found this",1,56086,76.91
"16739","found those",1,56087,76.91
"16740","found three",1,56088,76.91
"16741","found try",1,56089,76.92
"16742","found us",1,56090,76.92
"16743","found was",1,56091,76.92
"16744","found what",1,56092,76.92
"16745","foundation a",1,56093,76.92
"16746","foundation with",1,56094,76.92
"16747","four ago",1,56095,76.92
"16748","four also",1,56096,76.92
"16749","four day",1,56097,76.93
"16750","four important",1,56098,76.93
"16751","four in",1,56099,76.93
"16752","four is",1,56100,76.93
"16753","four one",1,56101,76.93
"16754","four other",1,56102,76.93
"16755","four part",1,56103,76.93
"16756","four separate",1,56104,76.94
"16757","four times",1,56105,76.94
"16758","four we",1,56106,76.94
"16759","fourth before",1,56107,76.94
"16760","fourth edition",1,56108,76.94
"16761","fourth level",1,56109,76.94
"16762","frame but",1,56110,76.94
"16763","frame i",1,56111,76.95
"16764","frame with",1,56112,76.95
"16765","frank and",1,56113,76.95
"16766","frank to",1,56114,76.95
"16767","free agent",1,56115,76.95
"16768","free all",1,56116,76.95
"16769","free application",1,56117,76.95
"16770","free at",1,56118,76.96
"16771","free beer",1,56119,76.96
"16772","free brown",1,56120,76.96
"16773","free even",1,56121,76.96
"16774","free from",1,56122,76.96
"16775","free fun",1,56123,76.96
"16776","free her",1,56124,76.96
"16777","free ice",1,56125,76.96
"16778","free male",1,56126,76.97
"16779","free market",1,56127,76.97
"16780","free now",1,56128,76.97
"16781","free of",1,56129,76.97
"16782","free speech",1,56130,76.97
"16783","free standing",1,56131,76.97
"16784","free ticket",1,56132,76.97
"16785","free time",1,56133,76.98
"16786","free turkey",1,56134,76.98
"16787","free with",1,56135,76.98
"16788","free yet",1,56136,76.98
"16789","freedom for",1,56137,76.98
"16790","freedom how",1,56138,76.98
"16791","freedom song",1,56139,76.98
"16792","frequently my",1,56140,76.99
"16793","frequently the",1,56141,76.99
"16794","fresh air",1,56142,76.99
"16795","fresh an",1,56143,76.99
"16796","fresh and",1,56144,76.99
"16797","fresh covered",1,56145,76.99
"16798","fresh fresh",1,56146,76.99
"16799","fresh green",1,56147,76.99
"16800","fresh interested",1,56148,77
"16801","fresh it",1,56149,77
"16802","fresh snow",1,56150,77
"16803","friend alive",1,56151,77
"16804","friend all",1,56152,77
"16805","friend at",1,56153,77
"16806","friend doing",1,56154,77
"16807","friend i",1,56155,77.01
"16808","friend if",1,56156,77.01
"16809","friend is",1,56157,77.01
"16810","friend like",1,56158,77.01
"16811","friend s",1,56159,77.01
"16812","friend some",1,56160,77.01
"16813","friend t",1,56161,77.01
"16814","friend then",1,56162,77.02
"16815","friend this",1,56163,77.02
"16816","friend to",1,56164,77.02
"16817","friend will",1,56165,77.02
"16818","friend yard",1,56166,77.02
"16819","friend you",1,56167,77.02
"16820","friendly and",1,56168,77.02
"16821","friendly attitude",1,56169,77.03
"16822","friendly face",1,56170,77.03
"16823","friendly no",1,56171,77.03
"16824","from about",1,56172,77.03
"16825","from above",1,56173,77.03
"16826","from also",1,56174,77.03
"16827","from at",1,56175,77.03
"16828","from author",1,56176,77.03
"16829","from b",1,56177,77.04
"16830","from ben",1,56178,77.04
"16831","from beyond",1,56179,77.04
"16832","from bob",1,56180,77.04
"16833","from but",1,56181,77.04
"16834","from can",1,56182,77.04
"16835","from carrying",1,56183,77.04
"16836","from cheap",1,56184,77.05
"16837","from cooking",1,56185,77.05
"16838","from de",1,56186,77.05
"16839","from decision",1,56187,77.05
"16840","from different",1,56188,77.05
"16841","from do",1,56189,77.05
"16842","from draw",1,56190,77.05
"16843","from drinking",1,56191,77.06
"16844","from due",1,56192,77.06
"16845","from eating",1,56193,77.06
"16846","from established",1,56194,77.06
"16847","from every",1,56195,77.06
"16848","from family",1,56196,77.06
"16849","from fan",1,56197,77.06
"16850","from file",1,56198,77.06
"16851","from five",1,56199,77.07
"16852","from fresh",1,56200,77.07
"16853","from getting",1,56201,77.07
"16854","from group",1,56202,77.07
"16855","from have",1,56203,77.07
"16856","from hey",1,56204,77.07
"16857","from home",1,56205,77.07
"16858","from if",1,56206,77.08
"16859","from in",1,56207,77.08
"16860","from its",1,56208,77.08
"16861","from itself",1,56209,77.08
"16862","from just",1,56210,77.08
"16863","from keeping",1,56211,77.08
"16864","from la",1,56212,77.08
"16865","from last",1,56213,77.09
"16866","from lee",1,56214,77.09
"16867","from let",1,56215,77.09
"16868","from living",1,56216,77.09
"16869","from maybe",1,56217,77.09
"16870","from me",1,56218,77.09
"16871","from men",1,56219,77.09
"16872","from merely",1,56220,77.1
"16873","from new",1,56221,77.1
"16874","from night",1,56222,77.1
"16875","from not",1,56223,77.1
"16876","from of",1,56224,77.1
"16877","from oh",1,56225,77.1
"16878","from on",1,56226,77.1
"16879","from organic",1,56227,77.1
"16880","from original",1,56228,77.11
"16881","from otherwise",1,56229,77.11
"16882","from out",1,56230,77.11
"16883","from outside",1,56231,77.11
"16884","from oven",1,56232,77.11
"16885","from people",1,56233,77.11
"16886","from point",1,56234,77.11
"16887","from poor",1,56235,77.12
"16888","from post",1,56236,77.12
"16889","from recipe",1,56237,77.12
"16890","from running",1,56238,77.12
"16891","from science",1,56239,77.12
"16892","from seeing",1,56240,77.12
"16893","from several",1,56241,77.12
"16894","from shopping",1,56242,77.13
"16895","from so",1,56243,77.13
"16896","from some",1,56244,77.13
"16897","from someone",1,56245,77.13
"16898","from spring",1,56246,77.13
"16899","from stomach",1,56247,77.13
"16900","from teacher",1,56248,77.13
"16901","from ten",1,56249,77.13
"16902","from they",1,56250,77.14
"16903","from those",1,56251,77.14
"16904","from through",1,56252,77.14
"16905","from together",1,56253,77.14
"16906","from too",1,56254,77.14
"16907","from two",1,56255,77.14
"16908","from university",1,56256,77.14
"16909","from up",1,56257,77.15
"16910","from us",1,56258,77.15
"16911","from we",1,56259,77.15
"16912","from web",1,56260,77.15
"16913","from west",1,56261,77.15
"16914","from what",1,56262,77.15
"16915","from when",1,56263,77.15
"16916","from where",1,56264,77.16
"16917","from who",1,56265,77.16
"16918","from your",1,56266,77.16
"16919","front cover",1,56267,77.16
"16920","front door",1,56268,77.16
"16921","front for",1,56269,77.16
"16922","front i",1,56270,77.16
"16923","front much",1,56271,77.16
"16924","front so",1,56272,77.17
"16925","front the",1,56273,77.17
"16926","front wing",1,56274,77.17
"16927","front with",1,56275,77.17
"16928","fruit bread",1,56276,77.17
"16929","fruit can",1,56277,77.17
"16930","fruit cream",1,56278,77.17
"16931","fruit flavor",1,56279,77.18
"16932","fruit for",1,56280,77.18
"16933","fruit i",1,56281,77.18
"16934","fruit we",1,56282,77.18
"16935","full body",1,56283,77.18
"16936","full cast",1,56284,77.18
"16937","full control",1,56285,77.18
"16938","full hour",1,56286,77.19
"16939","full in",1,56287,77.19
"16940","full is",1,56288,77.19
"16941","full it",1,56289,77.19
"16942","full military",1,56290,77.19
"16943","full name",1,56291,77.19
"16944","full nine",1,56292,77.19
"16945","full price",1,56293,77.2
"16946","full pure",1,56294,77.2
"16947","full report",1,56295,77.2
"16948","full team",1,56296,77.2
"16949","full time",1,56297,77.2
"16950","full up",1,56298,77.2
"16951","full use",1,56299,77.2
"16952","full year",1,56300,77.2
"16953","fully and",1,56301,77.21
"16954","fully believe",1,56302,77.21
"16955","fully but",1,56303,77.21
"16956","fully e",1,56304,77.21
"16957","fully enjoy",1,56305,77.21
"16958","fully grown",1,56306,77.21
"16959","fully in",1,56307,77.21
"16960","fully realize",1,56308,77.22
"16961","fully self",1,56309,77.22
"16962","fully set",1,56310,77.22
"16963","fun according",1,56311,77.22
"16964","fun after",1,56312,77.22
"16965","fun between",1,56313,77.22
"16966","fun but",1,56314,77.22
"16967","fun dancing",1,56315,77.23
"16968","fun day",1,56316,77.23
"16969","fun exercise",1,56317,77.23
"16970","fun fair",1,56318,77.23
"16971","fun free",1,56319,77.23
"16972","fun fun",1,56320,77.23
"16973","fun hop",1,56321,77.23
"16974","fun if",1,56322,77.23
"16975","fun in",1,56323,77.24
"16976","fun loving",1,56324,77.24
"16977","fun naturally",1,56325,77.24
"16978","fun not",1,56326,77.24
"16979","fun opportunity",1,56327,77.24
"16980","fun part",1,56328,77.24
"16981","fun set",1,56329,77.24
"16982","fun there",1,56330,77.25
"16983","fun these",1,56331,77.25
"16984","fun until",1,56332,77.25
"16985","fun you",1,56333,77.25
"16986","function and",1,56334,77.25
"16987","function as",1,56335,77.25
"16988","function human",1,56336,77.25
"16989","function properly",1,56337,77.26
"16990","function we",1,56338,77.26
"16991","funny and",1,56339,77.26
"16992","funny as",1,56340,77.26
"16993","funny especially",1,56341,77.26
"16994","funny even",1,56342,77.26
"16995","funny game",1,56343,77.26
"16996","funny i",1,56344,77.27
"16997","funny one",1,56345,77.27
"16998","funny the",1,56346,77.27
"16999","funny then",1,56347,77.27
"17000","funny thing",1,56348,77.27
"17001","further a",1,56349,77.27
"17002","further and",1,56350,77.27
"17003","further are",1,56351,77.27
"17004","further have",1,56352,77.28
"17005","further i",1,56353,77.28
"17006","further information",1,56354,77.28
"17007","further it",1,56355,77.28
"17008","further on",1,56356,77.28
"17009","further point",1,56357,77.28
"17010","further than",1,56358,77.28
"17011","further that",1,56359,77.29
"17012","further to",1,56360,77.29
"17013","future and",1,56361,77.29
"17014","future c",1,56362,77.29
"17015","future credit",1,56363,77.29
"17016","future for",1,56364,77.29
"17017","future he",1,56365,77.29
"17018","future i",1,56366,77.3
"17019","future in",1,56367,77.3
"17020","future it",1,56368,77.3
"17021","future now",1,56369,77.3
"17022","future often",1,56370,77.3
"17023","future regardless",1,56371,77.3
"17024","future success",1,56372,77.3
"17025","future the",1,56373,77.3
"17026","future they",1,56374,77.31
"17027","future use",1,56375,77.31
"17028","future where",1,56376,77.31
"17029","future you",1,56377,77.31
"17030","g at",1,56378,77.31
"17031","g c",1,56379,77.31
"17032","g g",1,56380,77.31
"17033","g h",1,56381,77.32
"17034","g i",1,56382,77.32
"17035","g l",1,56383,77.32
"17036","g learning",1,56384,77.32
"17037","g me",1,56385,77.32
"17038","g men",1,56386,77.32
"17039","g new",1,56387,77.32
"17040","g of",1,56388,77.33
"17041","g to",1,56389,77.33
"17042","gain additional",1,56390,77.33
"17043","gain we",1,56391,77.33
"17044","gallery wall",1,56392,77.33
"17045","game again",1,56393,77.33
"17046","game become",1,56394,77.33
"17047","game being",1,56395,77.33
"17048","game but",1,56396,77.34
"17049","game considering",1,56397,77.34
"17050","game in",1,56398,77.34
"17051","game it",1,56399,77.34
"17052","game of",1,56400,77.34
"17053","game quite",1,56401,77.34
"17054","game so",1,56402,77.34
"17055","game to",1,56403,77.35
"17056","game when",1,56404,77.35
"17057","game where",1,56405,77.35
"17058","game with",1,56406,77.35
"17059","game would",1,56407,77.35
"17060","garden again",1,56408,77.35
"17061","garden is",1,56409,77.35
"17062","garden of",1,56410,77.36
"17063","garden to",1,56411,77.36
"17064","garlic in",1,56412,77.36
"17065","garlic lemon",1,56413,77.36
"17066","garlic powder",1,56414,77.36
"17067","gas did",1,56415,77.36
"17068","gas in",1,56416,77.36
"17069","gave himself",1,56417,77.37
"17070","gave i",1,56418,77.37
"17071","gave it",1,56419,77.37
"17072","gave over",1,56420,77.37
"17073","gave them",1,56421,77.37
"17074","gave to",1,56422,77.37
"17075","gave your",1,56423,77.37
"17076","general and",1,56424,77.37
"17077","general as",1,56425,77.38
"17078","general e",1,56426,77.38
"17079","general learning",1,56427,77.38
"17080","general medical",1,56428,77.38
"17081","general public",1,56429,77.38
"17082","general writing",1,56430,77.38
"17083","generally been",1,56431,77.38
"17084","generally can",1,56432,77.39
"17085","generally find",1,56433,77.39
"17086","generally get",1,56434,77.39
"17087","generally keeping",1,56435,77.39
"17088","generation of",1,56436,77.39
"17089","genre it",1,56437,77.39
"17090","gently then",1,56438,77.39
"17091","get above",1,56439,77.4
"17092","get ahead",1,56440,77.4
"17093","get along",1,56441,77.4
"17094","get at",1,56442,77.4
"17095","get away",1,56443,77.4
"17096","get because",1,56444,77.4
"17097","get behind",1,56445,77.4
"17098","get creative",1,56446,77.4
"17099","get enough",1,56447,77.41
"17100","get even",1,56448,77.41
"17101","get excited",1,56449,77.41
"17102","get her",1,56450,77.41
"17103","get him",1,56451,77.41
"17104","get i",1,56452,77.41
"17105","get information",1,56453,77.41
"17106","get made",1,56454,77.42
"17107","get more",1,56455,77.42
"17108","get of",1,56456,77.42
"17109","get off",1,56457,77.42
"17110","get our",1,56458,77.42
"17111","get p",1,56459,77.42
"17112","get pleasure",1,56460,77.42
"17113","get popular",1,56461,77.43
"17114","get positive",1,56462,77.43
"17115","get pure",1,56463,77.43
"17116","get ready",1,56464,77.43
"17117","get rid",1,56465,77.43
"17118","get s",1,56466,77.43
"17119","get this",1,56467,77.43
"17120","get through",1,56468,77.44
"17121","get told",1,56469,77.44
"17122","get used",1,56470,77.44
"17123","get very",1,56471,77.44
"17124","get what",1,56472,77.44
"17125","get when",1,56473,77.44
"17126","get with",1,56474,77.44
"17127","getting all",1,56475,77.44
"17128","getting better",1,56476,77.45
"17129","getting breakfast",1,56477,77.45
"17130","getting close",1,56478,77.45
"17131","getting enough",1,56479,77.45
"17132","getting every",1,56480,77.45
"17133","getting heart",1,56481,77.45
"17134","getting hungry",1,56482,77.45
"17135","getting into",1,56483,77.46
"17136","getting just",1,56484,77.46
"17137","getting more",1,56485,77.46
"17138","getting my",1,56486,77.46
"17139","getting of",1,56487,77.46
"17140","getting off",1,56488,77.46
"17141","getting our",1,56489,77.46
"17142","getting out",1,56490,77.47
"17143","getting special",1,56491,77.47
"17144","getting support",1,56492,77.47
"17145","getting them",1,56493,77.47
"17146","getting way",1,56494,77.47
"17147","getting where",1,56495,77.47
"17148","giant main",1,56496,77.47
"17149","gift could",1,56497,77.47
"17150","gift goal",1,56498,77.48
"17151","gift is",1,56499,77.48
"17152","gift of",1,56500,77.48
"17153","gift shop",1,56501,77.48
"17154","gift that",1,56502,77.48
"17155","gift to",1,56503,77.48
"17156","gift yet",1,56504,77.48
"17157","girl again",1,56505,77.49
"17158","girl all",1,56506,77.49
"17159","girl but",1,56507,77.49
"17160","girl for",1,56508,77.49
"17161","girl just",1,56509,77.49
"17162","girl love",1,56510,77.49
"17163","girl the",1,56511,77.49
"17164","girl then",1,56512,77.5
"17165","girl this",1,56513,77.5
"17166","girl we",1,56514,77.5
"17167","girl week",1,56515,77.5
"17168","girl would",1,56516,77.5
"17169","give a",1,56517,77.5
"17170","give at",1,56518,77.5
"17171","give back",1,56519,77.51
"17172","give context",1,56520,77.51
"17173","give her",1,56521,77.51
"17174","give him",1,56522,77.51
"17175","give in",1,56523,77.51
"17176","give my",1,56524,77.51
"17177","give ourselves",1,56525,77.51
"17178","give restaurant",1,56526,77.51
"17179","give rise",1,56527,77.52
"17180","give that",1,56528,77.52
"17181","give these",1,56529,77.52
"17182","give we",1,56530,77.52
"17183","giveaway from",1,56531,77.52
"17184","giveaway hop",1,56532,77.52
"17185","giveaway i",1,56533,77.52
"17186","giveaway to",1,56534,77.53
"17187","given and",1,56535,77.53
"17188","given as",1,56536,77.53
"17189","given authority",1,56537,77.53
"17190","given but",1,56538,77.53
"17191","given by",1,56539,77.53
"17192","given i",1,56540,77.53
"17193","given it",1,56541,77.54
"17194","given just",1,56542,77.54
"17195","given my",1,56543,77.54
"17196","given point",1,56544,77.54
"17197","given s",1,56545,77.54
"17198","given situation",1,56546,77.54
"17199","given time",1,56547,77.54
"17200","given to",1,56548,77.54
"17201","given up",1,56549,77.55
"17202","giving a",1,56550,77.55
"17203","giving but",1,56551,77.55
"17204","giving me",1,56552,77.55
"17205","giving my",1,56553,77.55
"17206","giving people",1,56554,77.55
"17207","giving them",1,56555,77.55
"17208","giving this",1,56556,77.56
"17209","giving us",1,56557,77.56
"17210","giving weekend",1,56558,77.56
"17211","giving you",1,56559,77.56
"17212","glad she",1,56560,77.56
"17213","glad someone",1,56561,77.56
"17214","glad they",1,56562,77.56
"17215","glad to",1,56563,77.57
"17216","glass a",1,56564,77.57
"17217","glass bottom",1,56565,77.57
"17218","glass from",1,56566,77.57
"17219","glass i",1,56567,77.57
"17220","glass in",1,56568,77.57
"17221","glass light",1,56569,77.57
"17222","glass one",1,56570,77.57
"17223","glass window",1,56571,77.58
"17224","global campaign",1,56572,77.58
"17225","global community",1,56573,77.58
"17226","global economy",1,56574,77.58
"17227","global many",1,56575,77.58
"17228","global politics",1,56576,77.58
"17229","global there",1,56577,77.58
"17230","glory and",1,56578,77.59
"17231","glory during",1,56579,77.59
"17232","glory she",1,56580,77.59
"17233","go about",1,56581,77.59
"17234","go all",1,56582,77.59
"17235","go anyway",1,56583,77.59
"17236","go as",1,56584,77.59
"17237","go away",1,56585,77.6
"17238","go beyond",1,56586,77.6
"17239","go down",1,56587,77.6
"17240","go even",1,56588,77.6
"17241","go forth",1,56589,77.6
"17242","go from",1,56590,77.6
"17243","go get",1,56591,77.6
"17244","go her",1,56592,77.61
"17245","go here",1,56593,77.61
"17246","go host",1,56594,77.61
"17247","go if",1,56595,77.61
"17248","go just",1,56596,77.61
"17249","go last",1,56597,77.61
"17250","go leaving",1,56598,77.61
"17251","go no",1,56599,77.61
"17252","go of",1,56600,77.62
"17253","go outside",1,56601,77.62
"17254","go over",1,56602,77.62
"17255","go say",1,56603,77.62
"17256","go sell",1,56604,77.62
"17257","go so",1,56605,77.62
"17258","go straight",1,56606,77.62
"17259","go take",1,56607,77.63
"17260","go talk",1,56608,77.63
"17261","go the",1,56609,77.63
"17262","go there",1,56610,77.63
"17263","go though",1,56611,77.63
"17264","go together",1,56612,77.63
"17265","go unfortunately",1,56613,77.63
"17266","go walk",1,56614,77.64
"17267","go way",1,56615,77.64
"17268","go we",1,56616,77.64
"17269","go where",1,56617,77.64
"17270","goal anyway",1,56618,77.64
"17271","goal for",1,56619,77.64
"17272","goal now",1,56620,77.64
"17273","goal of",1,56621,77.64
"17274","goal that",1,56622,77.65
"17275","goal the",1,56623,77.65
"17276","goal to",1,56624,77.65
"17277","goes a",1,56625,77.65
"17278","goes across",1,56626,77.65
"17279","goes again",1,56627,77.65
"17280","goes against",1,56628,77.65
"17281","goes are",1,56629,77.66
"17282","goes by",1,56630,77.66
"17283","goes for",1,56631,77.66
"17284","goes like",1,56632,77.66
"17285","goes the",1,56633,77.66
"17286","goes their",1,56634,77.66
"17287","goes with",1,56635,77.66
"17288","goes without",1,56636,77.67
"17289","going after",1,56637,77.67
"17290","going against",1,56638,77.67
"17291","going all",1,56639,77.67
"17292","going along",1,56640,77.67
"17293","going and",1,56641,77.67
"17294","going anywhere",1,56642,77.67
"17295","going away",1,56643,77.68
"17296","going but",1,56644,77.68
"17297","going faster",1,56645,77.68
"17298","going for",1,56646,77.68
"17299","going full",1,56647,77.68
"17300","going in",1,56648,77.68
"17301","going into",1,56649,77.68
"17302","going is",1,56650,77.68
"17303","going out",1,56651,77.69
"17304","going over",1,56652,77.69
"17305","going the",1,56653,77.69
"17306","going through",1,56654,77.69
"17307","gold and",1,56655,77.69
"17308","gold from",1,56656,77.69
"17309","gold j",1,56657,77.69
"17310","gold the",1,56658,77.7
"17311","gold to",1,56659,77.7
"17312","gold when",1,56660,77.7
"17313","golden add",1,56661,77.7
"17314","golden afternoon",1,56662,77.7
"17315","golden brown",1,56663,77.7
"17316","golden circle",1,56664,77.7
"17317","golden is",1,56665,77.71
"17318","golden on",1,56666,77.71
"17319","golden remove",1,56667,77.71
"17320","gone bad",1,56668,77.71
"17321","gone before",1,56669,77.71
"17322","gone but",1,56670,77.71
"17323","gone don",1,56671,77.71
"17324","gone from",1,56672,77.71
"17325","gone oh",1,56673,77.72
"17326","gone on",1,56674,77.72
"17327","gone the",1,56675,77.72
"17328","good a",1,56676,77.72
"17329","good authority",1,56677,77.72
"17330","good boy",1,56678,77.72
"17331","good brother",1,56679,77.72
"17332","good by",1,56680,77.73
"17333","good care",1,56681,77.73
"17334","good common",1,56682,77.73
"17335","good deal",1,56683,77.73
"17336","good does",1,56684,77.73
"17337","good drive",1,56685,77.73
"17338","good enough",1,56686,77.73
"17339","good evening",1,56687,77.74
"17340","good eye",1,56688,77.74
"17341","good friend",1,56689,77.74
"17342","good healthy",1,56690,77.74
"17343","good is",1,56691,77.74
"17344","good it",1,56692,77.74
"17345","good job",1,56693,77.74
"17346","good just",1,56694,77.75
"17347","good kind",1,56695,77.75
"17348","good knowledge",1,56696,77.75
"17349","good last",1,56697,77.75
"17350","good let",1,56698,77.75
"17351","good little",1,56699,77.75
"17352","good long",1,56700,77.75
"17353","good meanwhile",1,56701,77.75
"17354","good mind",1,56702,77.76
"17355","good money",1,56703,77.76
"17356","good move",1,56704,77.76
"17357","good much",1,56705,77.76
"17358","good music",1,56706,77.76
"17359","good now",1,56707,77.76
"17360","good of",1,56708,77.76
"17361","good old",1,56709,77.77
"17362","good on",1,56710,77.77
"17363","good or",1,56711,77.77
"17364","good over",1,56712,77.77
"17365","good pace",1,56713,77.77
"17366","good pizza",1,56714,77.77
"17367","good read",1,56715,77.77
"17368","good really",1,56716,77.78
"17369","good relationship",1,56717,77.78
"17370","good right",1,56718,77.78
"17371","good room",1,56719,77.78
"17372","good s",1,56720,77.78
"17373","good since",1,56721,77.78
"17374","good so",1,56722,77.78
"17375","good solid",1,56723,77.78
"17376","good story",1,56724,77.79
"17377","good these",1,56725,77.79
"17378","good this",1,56726,77.79
"17379","good too",1,56727,77.79
"17380","good turned",1,56728,77.79
"17381","good two",1,56729,77.79
"17382","good under",1,56730,77.79
"17383","good we",1,56731,77.8
"17384","good what",1,56732,77.8
"17385","good yet",1,56733,77.8
"17386","good you",1,56734,77.8
"17387","goodness all",1,56735,77.8
"17388","goodness and",1,56736,77.8
"17389","goodness oh",1,56737,77.8
"17390","goodness price",1,56738,77.81
"17391","goodness sake",1,56739,77.81
"17392","goodness the",1,56740,77.81
"17393","goods drop",1,56741,77.81
"17394","goods or",1,56742,77.81
"17395","gorgeous back",1,56743,77.81
"17396","gorgeous made",1,56744,77.81
"17397","gorgeous season",1,56745,77.81
"17398","gorgeous what",1,56746,77.82
"17399","gospel and",1,56747,77.82
"17400","gospel your",1,56748,77.82
"17401","got accepted",1,56749,77.82
"17402","got all",1,56750,77.82
"17403","got an",1,56751,77.82
"17404","got and",1,56752,77.82
"17405","got any",1,56753,77.83
"17406","got around",1,56754,77.83
"17407","got back",1,56755,77.83
"17408","got brewing",1,56756,77.83
"17409","got cake",1,56757,77.83
"17410","got danger",1,56758,77.83
"17411","got deep",1,56759,77.83
"17412","got down",1,56760,77.84
"17413","got dressed",1,56761,77.84
"17414","got information",1,56762,77.84
"17415","got into",1,56763,77.84
"17416","got lots",1,56764,77.84
"17417","got me",1,56765,77.84
"17418","got more",1,56766,77.84
"17419","got now",1,56767,77.85
"17420","got older",1,56768,77.85
"17421","got on",1,56769,77.85
"17422","got one",1,56770,77.85
"17423","got over",1,56771,77.85
"17424","got ran",1,56772,77.85
"17425","got rather",1,56773,77.85
"17426","got reading",1,56774,77.85
"17427","got real",1,56775,77.86
"17428","got really",1,56776,77.86
"17429","got rid",1,56777,77.86
"17430","got so",1,56778,77.86
"17431","got that",1,56779,77.86
"17432","got their",1,56780,77.86
"17433","got these",1,56781,77.86
"17434","got this",1,56782,77.87
"17435","got through",1,56783,77.87
"17436","got tired",1,56784,77.87
"17437","got told",1,56785,77.87
"17438","got up",1,56786,77.87
"17439","got wet",1,56787,77.87
"17440","got wind",1,56788,77.87
"17441","got your",1,56789,77.88
"17442","gotten a",1,56790,77.88
"17443","gotten any",1,56791,77.88
"17444","gotten i",1,56792,77.88
"17445","gotten into",1,56793,77.88
"17446","gotten there",1,56794,77.88
"17447","gotten this",1,56795,77.88
"17448","gotten worse",1,56796,77.88
"17449","government agency",1,56797,77.89
"17450","government army",1,56798,77.89
"17451","government does",1,56799,77.89
"17452","government it",1,56800,77.89
"17453","government led",1,56801,77.89
"17454","government morning",1,56802,77.89
"17455","government position",1,56803,77.89
"17456","government rather",1,56804,77.9
"17457","government remain",1,56805,77.9
"17458","government shut",1,56806,77.9
"17459","government that",1,56807,77.9
"17460","government was",1,56808,77.9
"17461","government we",1,56809,77.9
"17462","grab a",1,56810,77.9
"17463","grab my",1,56811,77.91
"17464","grab your",1,56812,77.91
"17465","grace each",1,56813,77.91
"17466","grace i",1,56814,77.91
"17467","grace place",1,56815,77.91
"17468","grace to",1,56816,77.91
"17469","grace we",1,56817,77.91
"17470","grade and",1,56818,77.92
"17471","grade battle",1,56819,77.92
"17472","grade of",1,56820,77.92
"17473","grade school",1,56821,77.92
"17474","grade three",1,56822,77.92
"17475","grand and",1,56823,77.92
"17476","grand before",1,56824,77.92
"17477","grand design",1,56825,77.92
"17478","grand that",1,56826,77.93
"17479","grand total",1,56827,77.93
"17480","grass moon",1,56828,77.93
"17481","grateful and",1,56829,77.93
"17482","grateful if",1,56830,77.93
"17483","grateful man",1,56831,77.93
"17484","grateful to",1,56832,77.93
"17485","great a",1,56833,77.94
"17486","great among",1,56834,77.94
"17487","great at",1,56835,77.94
"17488","great beer",1,56836,77.94
"17489","great book",1,56837,77.94
"17490","great cast",1,56838,77.94
"17491","great cause",1,56839,77.94
"17492","great choice",1,56840,77.95
"17493","great city",1,56841,77.95
"17494","great coffee",1,56842,77.95
"17495","great community",1,56843,77.95
"17496","great cover",1,56844,77.95
"17497","great discussion",1,56845,77.95
"17498","great doubt",1,56846,77.95
"17499","great example",1,56847,77.95
"17500","great experience",1,56848,77.96
"17501","great film",1,56849,77.96
"17502","great food",1,56850,77.96
"17503","great he",1,56851,77.96
"17504","great i",1,56852,77.96
"17505","great idea",1,56853,77.96
"17506","great nation",1,56854,77.96
"17507","great ocean",1,56855,77.97
"17508","great place",1,56856,77.97
"17509","great pro",1,56857,77.97
"17510","great product",1,56858,77.97
"17511","great quality",1,56859,77.97
"17512","great s",1,56860,77.97
"17513","great spot",1,56861,77.97
"17514","great start",1,56862,77.98
"17515","great story",1,56863,77.98
"17516","great success",1,56864,77.98
"17517","great surprise",1,56865,77.98
"17518","great tale",1,56866,77.98
"17519","great that",1,56867,77.98
"17520","great thought",1,56868,77.98
"17521","great trip",1,56869,77.98
"17522","great valley",1,56870,77.99
"17523","great value",1,56871,77.99
"17524","great wall",1,56872,77.99
"17525","great weekend",1,56873,77.99
"17526","great white",1,56874,77.99
"17527","great with",1,56875,77.99
"17528","greater comfort",1,56876,77.99
"17529","greater distance",1,56877,78
"17530","greater part",1,56878,78
"17531","green leaves",1,56879,78
"17532","green light",1,56880,78
"17533","green men",1,56881,78
"17534","green paper",1,56882,78
"17535","green s",1,56883,78
"17536","green was",1,56884,78.01
"17537","green you",1,56885,78.01
"17538","grew grew",1,56886,78.01
"17539","grew it",1,56887,78.01
"17540","grew to",1,56888,78.01
"17541","grey and",1,56889,78.01
"17542","grey from",1,56890,78.01
"17543","grey in",1,56891,78.02
"17544","grey it",1,56892,78.02
"17545","grey to",1,56893,78.02
"17546","grey top",1,56894,78.02
"17547","grey with",1,56895,78.02
"17548","ground because",1,56896,78.02
"17549","ground by",1,56897,78.02
"17550","ground floor",1,56898,78.02
"17551","ground for",1,56899,78.03
"17552","ground how",1,56900,78.03
"17553","ground i",1,56901,78.03
"17554","ground in",1,56902,78.03
"17555","ground level",1,56903,78.03
"17556","ground like",1,56904,78.03
"17557","ground my",1,56905,78.03
"17558","ground note",1,56906,78.04
"17559","ground on",1,56907,78.04
"17560","ground running",1,56908,78.04
"17561","ground this",1,56909,78.04
"17562","ground to",1,56910,78.04
"17563","ground us",1,56911,78.04
"17564","ground where",1,56912,78.04
"17565","ground while",1,56913,78.05
"17566","ground would",1,56914,78.05
"17567","group at",1,56915,78.05
"17568","group from",1,56916,78.05
"17569","group full",1,56917,78.05
"17570","group looking",1,56918,78.05
"17571","group made",1,56919,78.05
"17572","group she",1,56920,78.05
"17573","group so",1,56921,78.06
"17574","group that",1,56922,78.06
"17575","group which",1,56923,78.06
"17576","group would",1,56924,78.06
"17577","grow and",1,56925,78.06
"17578","grow in",1,56926,78.06
"17579","grow less",1,56927,78.06
"17580","grow there",1,56928,78.07
"17581","growing by",1,56929,78.07
"17582","growing food",1,56930,78.07
"17583","growing her",1,56931,78.07
"17584","growing i",1,56932,78.07
"17585","growing the",1,56933,78.07
"17586","growing under",1,56934,78.07
"17587","growing up",1,56935,78.08
"17588","growing we",1,56936,78.08
"17589","grown and",1,56937,78.08
"17590","grown it",1,56938,78.08
"17591","grown man",1,56939,78.08
"17592","grown within",1,56940,78.08
"17593","growth in",1,56941,78.08
"17594","growth of",1,56942,78.09
"17595","guess although",1,56943,78.09
"17596","guess he",1,56944,78.09
"17597","guess how",1,56945,78.09
"17598","guess income",1,56946,78.09
"17599","guess is",1,56947,78.09
"17600","guess its",1,56948,78.09
"17601","guess not",1,56949,78.09
"17602","guess once",1,56950,78.1
"17603","guess that",1,56951,78.1
"17604","guess they",1,56952,78.1
"17605","guess those",1,56953,78.1
"17606","guess to",1,56954,78.1
"17607","guess we",1,56955,78.1
"17608","guess with",1,56956,78.1
"17609","guest artist",1,56957,78.11
"17610","guest design",1,56958,78.11
"17611","guest designer",1,56959,78.11
"17612","guest of",1,56960,78.11
"17613","guest post",1,56961,78.11
"17614","guide here",1,56962,78.11
"17615","guide on",1,56963,78.11
"17616","guide s",1,56964,78.12
"17617","guide that",1,56965,78.12
"17618","guide you",1,56966,78.12
"17619","guilty of",1,56967,78.12
"17620","guilty this",1,56968,78.12
"17621","guitar every",1,56969,78.12
"17622","guitar off",1,56970,78.12
"17623","guitar with",1,56971,78.12
"17624","guy and",1,56972,78.13
"17625","guy he",1,56973,78.13
"17626","guy her",1,56974,78.13
"17627","guy jack",1,56975,78.13
"17628","guy made",1,56976,78.13
"17629","guy maybe",1,56977,78.13
"17630","guy probably",1,56978,78.13
"17631","guy said",1,56979,78.14
"17632","guy stood",1,56980,78.14
"17633","guy tried",1,56981,78.14
"17634","guy way",1,56982,78.14
"17635","guy when",1,56983,78.14
"17636","guy who",1,56984,78.14
"17637","guy would",1,56985,78.14
"17638","h and",1,56986,78.15
"17639","h hi",1,56987,78.15
"17640","h my",1,56988,78.15
"17641","h produce",1,56989,78.15
"17642","h s",1,56990,78.15
"17643","h such",1,56991,78.15
"17644","ha a",1,56992,78.15
"17645","ha is",1,56993,78.16
"17646","ha now",1,56994,78.16
"17647","ha s",1,56995,78.16
"17648","ha them",1,56996,78.16
"17649","ha up",1,56997,78.16
"17650","ha went",1,56998,78.16
"17651","ha where",1,56999,78.16
"17652","ha who",1,57000,78.16
"17653","ha wondering",1,57001,78.17
"17654","had always",1,57002,78.17
"17655","had and",1,57003,78.17
"17656","had another",1,57004,78.17
"17657","had any",1,57005,78.17
"17658","had appointment",1,57006,78.17
"17659","had at",1,57007,78.17
"17660","had better",1,57008,78.18
"17661","had caught",1,57009,78.18
"17662","had chosen",1,57010,78.18
"17663","had could",1,57011,78.18
"17664","had cut",1,57012,78.18
"17665","had either",1,57013,78.18
"17666","had ended",1,57014,78.18
"17667","had everyone",1,57015,78.19
"17668","had experienced",1,57016,78.19
"17669","had faced",1,57017,78.19
"17670","had finally",1,57018,78.19
"17671","had fun",1,57019,78.19
"17672","had generally",1,57020,78.19
"17673","had got",1,57021,78.19
"17674","had great",1,57022,78.19
"17675","had had",1,57023,78.2
"17676","had him",1,57024,78.2
"17677","had his",1,57025,78.2
"17678","had however",1,57026,78.2
"17679","had huge",1,57027,78.2
"17680","had known",1,57028,78.2
"17681","had left",1,57029,78.2
"17682","had lost",1,57030,78.21
"17683","had lunch",1,57031,78.21
"17684","had lying",1,57032,78.21
"17685","had me",1,57033,78.21
"17686","had money",1,57034,78.21
"17687","had much",1,57035,78.21
"17688","had noted",1,57036,78.21
"17689","had nothing",1,57037,78.22
"17690","had numerous",1,57038,78.22
"17691","had of",1,57039,78.22
"17692","had only",1,57040,78.22
"17693","had or",1,57041,78.22
"17694","had originally",1,57042,78.22
"17695","had over",1,57043,78.22
"17696","had pointed",1,57044,78.22
"17697","had previously",1,57045,78.23
"17698","had problem",1,57046,78.23
"17699","had produced",1,57047,78.23
"17700","had read",1,57048,78.23
"17701","had run",1,57049,78.23
"17702","had school",1,57050,78.23
"17703","had sent",1,57051,78.23
"17704","had set",1,57052,78.24
"17705","had spread",1,57053,78.24
"17706","had taught",1,57054,78.24
"17707","had their",1,57055,78.24
"17708","had they",1,57056,78.24
"17709","had this",1,57057,78.24
"17710","had those",1,57058,78.24
"17711","had time",1,57059,78.25
"17712","had us",1,57060,78.25
"17713","had very",1,57061,78.25
"17714","had was",1,57062,78.25
"17715","had water",1,57063,78.25
"17716","had white",1,57064,78.25
"17717","had yet",1,57065,78.25
"17718","hair even",1,57066,78.26
"17719","hair naturally",1,57067,78.26
"17720","hair seriously",1,57068,78.26
"17721","hair when",1,57069,78.26
"17722","hair with",1,57070,78.26
"17723","half ago",1,57071,78.26
"17724","half and",1,57072,78.26
"17725","half hour",1,57073,78.26
"17726","half i",1,57074,78.27
"17727","half its",1,57075,78.27
"17728","half quote",1,57076,78.27
"17729","hall nature",1,57077,78.27
"17730","hall she",1,57078,78.27
"17731","hall was",1,57079,78.27
"17732","hall when",1,57080,78.27
"17733","hand are",1,57081,78.28
"17734","hand back",1,57082,78.28
"17735","hand given",1,57083,78.28
"17736","hand he",1,57084,78.28
"17737","hand i",1,57085,78.28
"17738","hand it",1,57086,78.28
"17739","hand my",1,57087,78.28
"17740","hand of",1,57088,78.29
"17741","hand or",1,57089,78.29
"17742","hand such",1,57090,78.29
"17743","hand through",1,57091,78.29
"17744","hand turned",1,57092,78.29
"17745","hand woke",1,57093,78.29
"17746","hand written",1,57094,78.29
"17747","handed a",1,57095,78.29
"17748","handle of",1,57096,78.3
"17749","handle them",1,57097,78.3
"17750","hanging by",1,57098,78.3
"17751","hanging from",1,57099,78.3
"17752","hanging out",1,57100,78.3
"17753","happen either",1,57101,78.3
"17754","happen flight",1,57102,78.3
"17755","happen is",1,57103,78.31
"17756","happen on",1,57104,78.31
"17757","happen or",1,57105,78.31
"17758","happen saving",1,57106,78.31
"17759","happen some",1,57107,78.31
"17760","happen soon",1,57108,78.31
"17761","happen that",1,57109,78.31
"17762","happen the",1,57110,78.32
"17763","happen where",1,57111,78.32
"17764","happening again",1,57112,78.32
"17765","happening now",1,57113,78.32
"17766","happening right",1,57114,78.32
"17767","happening thank",1,57115,78.32
"17768","happening to",1,57116,78.32
"17769","happiness as",1,57117,78.33
"17770","happiness project",1,57118,78.33
"17771","happiness well",1,57119,78.33
"17772","happy about",1,57120,78.33
"17773","happy almost",1,57121,78.33
"17774","happy birthday",1,57122,78.33
"17775","happy chance",1,57123,78.33
"17776","happy easter",1,57124,78.33
"17777","happy even",1,57125,78.34
"17778","happy i",1,57126,78.34
"17779","happy if",1,57127,78.34
"17780","happy in",1,57128,78.34
"17781","happy just",1,57129,78.34
"17782","happy music",1,57130,78.34
"17783","happy new",1,57131,78.34
"17784","happy one",1,57132,78.35
"17785","happy person",1,57133,78.35
"17786","happy place",1,57134,78.35
"17787","happy really",1,57135,78.35
"17788","happy the",1,57136,78.35
"17789","happy you",1,57137,78.35
"17790","hard balance",1,57138,78.35
"17791","hard but",1,57139,78.36
"17792","hard core",1,57140,78.36
"17793","hard edge",1,57141,78.36
"17794","hard enough",1,57142,78.36
"17795","hard hard",1,57143,78.36
"17796","hard is",1,57144,78.36
"17797","hard learned",1,57145,78.36
"17798","hard line",1,57146,78.36
"17799","hard or",1,57147,78.37
"17800","hard out",1,57148,78.37
"17801","hard r",1,57149,78.37
"17802","hard time",1,57150,78.37
"17803","hard way",1,57151,78.37
"17804","hard working",1,57152,78.37
"17805","hat these",1,57153,78.37
"17806","hat to",1,57154,78.38
"17807","hate are",1,57155,78.38
"17808","hate my",1,57156,78.38
"17809","hate the",1,57157,78.38
"17810","hate those",1,57158,78.38
"17811","hate to",1,57159,78.38
"17812","have about",1,57160,78.38
"17813","have access",1,57161,78.39
"17814","have already",1,57162,78.39
"17815","have animal",1,57163,78.39
"17816","have anyone",1,57164,78.39
"17817","have at",1,57165,78.39
"17818","have based",1,57166,78.39
"17819","have because",1,57167,78.39
"17820","have belief",1,57168,78.4
"17821","have blood",1,57169,78.4
"17822","have broke",1,57170,78.4
"17823","have business",1,57171,78.4
"17824","have but",1,57172,78.4
"17825","have caught",1,57173,78.4
"17826","have chocolate",1,57174,78.4
"17827","have chosen",1,57175,78.4
"17828","have coming",1,57176,78.41
"17829","have continued",1,57177,78.41
"17830","have days",1,57178,78.41
"17831","have definitely",1,57179,78.41
"17832","have doing",1,57180,78.41
"17833","have enough",1,57181,78.41
"17834","have enter",1,57182,78.41
"17835","have every",1,57183,78.42
"17836","have experience",1,57184,78.42
"17837","have experienced",1,57185,78.42
"17838","have fallen",1,57186,78.42
"17839","have finally",1,57187,78.42
"17840","have finished",1,57188,78.42
"17841","have fit",1,57189,78.42
"17842","have from",1,57190,78.43
"17843","have full",1,57191,78.43
"17844","have fun",1,57192,78.43
"17845","have given",1,57193,78.43
"17846","have gone",1,57194,78.43
"17847","have got",1,57195,78.43
"17848","have great",1,57196,78.43
"17849","have growing",1,57197,78.43
"17850","have grown",1,57198,78.44
"17851","have have",1,57199,78.44
"17852","have healthy",1,57200,78.44
"17853","have high",1,57201,78.44
"17854","have hot",1,57202,78.44
"17855","have in",1,57203,78.44
"17856","have like",1,57204,78.44
"17857","have limited",1,57205,78.45
"17858","have list",1,57206,78.45
"17859","have literally",1,57207,78.45
"17860","have lost",1,57208,78.45
"17861","have lots",1,57209,78.45
"17862","have me",1,57210,78.45
"17863","have mixed",1,57211,78.45
"17864","have most",1,57212,78.46
"17865","have my",1,57213,78.46
"17866","have nearly",1,57214,78.46
"17867","have nice",1,57215,78.46
"17868","have nothing",1,57216,78.46
"17869","have off",1,57217,78.46
"17870","have on",1,57218,78.46
"17871","have once",1,57219,78.46
"17872","have only",1,57220,78.47
"17873","have ordered",1,57221,78.47
"17874","have otherwise",1,57222,78.47
"17875","have over",1,57223,78.47
"17876","have past",1,57224,78.47
"17877","have people",1,57225,78.47
"17878","have place",1,57226,78.47
"17879","have plain",1,57227,78.48
"17880","have put",1,57228,78.48
"17881","have read",1,57229,78.48
"17882","have right",1,57230,78.48
"17883","have run",1,57231,78.48
"17884","have say",1,57232,78.48
"17885","have school",1,57233,78.48
"17886","have self",1,57234,78.49
"17887","have seven",1,57235,78.49
"17888","have shown",1,57236,78.49
"17889","have shut",1,57237,78.49
"17890","have st",1,57238,78.49
"17891","have strength",1,57239,78.49
"17892","have strong",1,57240,78.49
"17893","have such",1,57241,78.5
"17894","have taken",1,57242,78.5
"17895","have talent",1,57243,78.5
"17896","have there",1,57244,78.5
"17897","have these",1,57245,78.5
"17898","have they",1,57246,78.5
"17899","have those",1,57247,78.5
"17900","have three",1,57248,78.5
"17901","have through",1,57249,78.51
"17902","have thrown",1,57250,78.51
"17903","have too",1,57251,78.51
"17904","have trouble",1,57252,78.51
"17905","have up",1,57253,78.51
"17906","have upon",1,57254,78.51
"17907","have what",1,57255,78.51
"17908","have when",1,57256,78.52
"17909","have worn",1,57257,78.52
"17910","have yet",1,57258,78.52
"17911","haven in",1,57259,78.52
"17912","he added",1,57260,78.52
"17913","he already",1,57261,78.52
"17914","he always",1,57262,78.52
"17915","he an",1,57263,78.53
"17916","he applied",1,57264,78.53
"17917","he ate",1,57265,78.53
"17918","he back",1,57266,78.53
"17919","he be",1,57267,78.53
"17920","he bill",1,57268,78.53
"17921","he bought",1,57269,78.53
"17922","he break",1,57270,78.53
"17923","he brought",1,57271,78.54
"17924","he but",1,57272,78.54
"17925","he chose",1,57273,78.54
"17926","he closed",1,57274,78.54
"17927","he completely",1,57275,78.54
"17928","he concerned",1,57276,78.54
"17929","he considered",1,57277,78.54
"17930","he dark",1,57278,78.55
"17931","he don",1,57279,78.55
"17932","he down",1,57280,78.55
"17933","he dressed",1,57281,78.55
"17934","he even",1,57282,78.55
"17935","he face",1,57283,78.55
"17936","he fell",1,57284,78.55
"17937","he finished",1,57285,78.56
"17938","he found",1,57286,78.56
"17939","he get",1,57287,78.56
"17940","he go",1,57288,78.56
"17941","he goes",1,57289,78.56
"17942","he headed",1,57290,78.56
"17943","he home",1,57291,78.56
"17944","he i",1,57292,78.57
"17945","he in",1,57293,78.57
"17946","he into",1,57294,78.57
"17947","he kept",1,57295,78.57
"17948","he live",1,57296,78.57
"17949","he made",1,57297,78.57
"17950","he mass",1,57298,78.57
"17951","he may",1,57299,78.57
"17952","he most",1,57300,78.58
"17953","he no",1,57301,78.58
"17954","he none",1,57302,78.58
"17955","he now",1,57303,78.58
"17956","he one",1,57304,78.58
"17957","he only",1,57305,78.58
"17958","he our",1,57306,78.58
"17959","he out",1,57307,78.59
"17960","he path",1,57308,78.59
"17961","he posted",1,57309,78.59
"17962","he ran",1,57310,78.59
"17963","he really",1,57311,78.59
"17964","he seek",1,57312,78.59
"17965","he seen",1,57313,78.59
"17966","he should",1,57314,78.6
"17967","he some",1,57315,78.6
"17968","he soon",1,57316,78.6
"17969","he sort",1,57317,78.6
"17970","he spending",1,57318,78.6
"17971","he spoke",1,57319,78.6
"17972","he stood",1,57320,78.6
"17973","he stopped",1,57321,78.6
"17974","he take",1,57322,78.61
"17975","he taught",1,57323,78.61
"17976","he tell",1,57324,78.61
"17977","he this",1,57325,78.61
"17978","he thought",1,57326,78.61
"17979","he together",1,57327,78.61
"17980","he too",1,57328,78.61
"17981","he town",1,57329,78.62
"17982","he truly",1,57330,78.62
"17983","he turned",1,57331,78.62
"17984","he used",1,57332,78.62
"17985","he wait",1,57333,78.62
"17986","he we",1,57334,78.62
"17987","he were",1,57335,78.62
"17988","he when",1,57336,78.63
"17989","he with",1,57337,78.63
"17990","he woke",1,57338,78.63
"17991","he won",1,57339,78.63
"17992","he wore",1,57340,78.63
"17993","he write",1,57341,78.63
"17994","he written",1,57342,78.63
"17995","head away",1,57343,78.63
"17996","head back",1,57344,78.64
"17997","head behind",1,57345,78.64
"17998","head but",1,57346,78.64
"17999","head dog",1,57347,78.64
"18000","head down",1,57348,78.64
"18001","head each",1,57349,78.64
"18002","head first",1,57350,78.64
"18003","head for",1,57351,78.65
"18004","head i",1,57352,78.65
"18005","head into",1,57353,78.65
"18006","head it",1,57354,78.65
"18007","head its",1,57355,78.65
"18008","head let",1,57356,78.65
"18009","head on",1,57357,78.65
"18010","head that",1,57358,78.66
"18011","head to",1,57359,78.66
"18012","head when",1,57360,78.66
"18013","headed back",1,57361,78.66
"18014","headed down",1,57362,78.66
"18015","headed had",1,57363,78.66
"18016","headed on",1,57364,78.66
"18017","headed to",1,57365,78.67
"18018","heading and",1,57366,78.67
"18019","heading directly",1,57367,78.67
"18020","heading for",1,57368,78.67
"18021","heading the",1,57369,78.67
"18022","heading to",1,57370,78.67
"18023","heading up",1,57371,78.67
"18024","healing i",1,57372,78.67
"18025","healing there",1,57373,78.68
"18026","healing we",1,57374,78.68
"18027","health as",1,57375,78.68
"18028","health let",1,57376,78.68
"18029","health many",1,57377,78.68
"18030","health of",1,57378,78.68
"18031","health organization",1,57379,78.68
"18032","health she",1,57380,78.69
"18033","healthy as",1,57381,78.69
"18034","healthy food",1,57382,78.69
"18035","hear a",1,57383,78.69
"18036","hear as",1,57384,78.69
"18037","hear from",1,57385,78.69
"18038","hear i",1,57386,78.69
"18039","hear is",1,57387,78.7
"18040","hear out",1,57388,78.7
"18041","hear people",1,57389,78.7
"18042","hear some",1,57390,78.7
"18043","hear th",1,57391,78.7
"18044","hear that",1,57392,78.7
"18045","hear they",1,57393,78.7
"18046","hear when",1,57394,78.7
"18047","hear within",1,57395,78.71
"18048","hear your",1,57396,78.71
"18049","hearing about",1,57397,78.71
"18050","hearing it",1,57398,78.71
"18051","heart about",1,57399,78.71
"18052","heart at",1,57400,78.71
"18053","heart because",1,57401,78.71
"18054","heart but",1,57402,78.72
"18055","heart card",1,57403,78.72
"18056","heart cost",1,57404,78.72
"18057","heart don",1,57405,78.72
"18058","heart full",1,57406,78.72
"18059","heart green",1,57407,78.72
"18060","heart her",1,57408,78.72
"18061","heart his",1,57409,78.73
"18062","heart instead",1,57410,78.73
"18063","heart make",1,57411,78.73
"18064","heart may",1,57412,78.73
"18065","heart my",1,57413,78.73
"18066","heart no",1,57414,78.73
"18067","heart on",1,57415,78.73
"18068","heart out",1,57416,78.74
"18069","heart over",1,57417,78.74
"18070","heart rose",1,57418,78.74
"18071","heart should",1,57419,78.74
"18072","heart the",1,57420,78.74
"18073","heart these",1,57421,78.74
"18074","heart this",1,57422,78.74
"18075","heart to",1,57423,78.74
"18076","heart when",1,57424,78.75
"18077","heart who",1,57425,78.75
"18078","hearts but",1,57426,78.75
"18079","hearts i",1,57427,78.75
"18080","hearts out",1,57428,78.75
"18081","hearts until",1,57429,78.75
"18082","heat in",1,57430,78.75
"18083","heat to",1,57431,78.76
"18084","heat treat",1,57432,78.76
"18085","heat until",1,57433,78.76
"18086","heat up",1,57434,78.76
"18087","heat wave",1,57435,78.76
"18088","heaven and",1,57436,78.76
"18089","heaven even",1,57437,78.76
"18090","heaven is",1,57438,78.77
"18091","heaven that",1,57439,78.77
"18092","heaven the",1,57440,78.77
"18093","heavy a",1,57441,78.77
"18094","heavy and",1,57442,78.77
"18095","heavy body",1,57443,78.77
"18096","heavy wet",1,57444,78.77
"18097","hello sentiment",1,57445,78.77
"18098","hello with",1,57446,78.78
"18099","help are",1,57447,78.78
"18100","help as",1,57448,78.78
"18101","help class",1,57449,78.78
"18102","help each",1,57450,78.78
"18103","help express",1,57451,78.78
"18104","help feeling",1,57452,78.78
"18105","help him",1,57453,78.79
"18106","help in",1,57454,78.79
"18107","help move",1,57455,78.79
"18108","help organization",1,57456,78.79
"18109","help other",1,57457,78.79
"18110","help people",1,57458,78.79
"18111","help produce",1,57459,78.79
"18112","help there",1,57460,78.8
"18113","help these",1,57461,78.8
"18114","help us",1,57462,78.8
"18115","helpful of",1,57463,78.8
"18116","helpful so",1,57464,78.8
"18117","helpful to",1,57465,78.8
"18118","helping hand",1,57466,78.8
"18119","helping my",1,57467,78.81
"18120","helping setting",1,57468,78.81
"18121","her again",1,57469,78.81
"18122","her age",1,57470,78.81
"18123","her amazing",1,57471,78.81
"18124","her are",1,57472,78.81
"18125","her arms",1,57473,78.81
"18126","her around",1,57474,78.81
"18127","her article",1,57475,78.82
"18128","her away",1,57476,78.82
"18129","her baby",1,57477,78.82
"18130","her back",1,57478,78.82
"18131","her birth",1,57479,78.82
"18132","her body",1,57480,78.82
"18133","her breath",1,57481,78.82
"18134","her brother",1,57482,78.83
"18135","her but",1,57483,78.83
"18136","her candy",1,57484,78.83
"18137","her chance",1,57485,78.83
"18138","her chest",1,57486,78.83
"18139","her choice",1,57487,78.83
"18140","her coffee",1,57488,78.83
"18141","her come",1,57489,78.84
"18142","her distance",1,57490,78.84
"18143","her dress",1,57491,78.84
"18144","her dressed",1,57492,78.84
"18145","her during",1,57493,78.84
"18146","her ever",1,57494,78.84
"18147","her fault",1,57495,78.84
"18148","her favorite",1,57496,78.84
"18149","her fiction",1,57497,78.85
"18150","her finger",1,57498,78.85
"18151","her food",1,57499,78.85
"18152","her forward",1,57500,78.85
"18153","her getting",1,57501,78.85
"18154","her good",1,57502,78.85
"18155","her hand",1,57503,78.85
"18156","her happy",1,57504,78.86
"18157","her he",1,57505,78.86
"18158","her here",1,57506,78.86
"18159","her home",1,57507,78.86
"18160","her honest",1,57508,78.86
"18161","her how",1,57509,78.86
"18162","her however",1,57510,78.86
"18163","her hubby",1,57511,78.87
"18164","her in",1,57512,78.87
"18165","her into",1,57513,78.87
"18166","her it",1,57514,78.87
"18167","her j",1,57515,78.87
"18168","her june",1,57516,78.87
"18169","her kick",1,57517,78.87
"18170","her last",1,57518,78.87
"18171","her learning",1,57519,78.88
"18172","her let",1,57520,78.88
"18173","her like",1,57521,78.88
"18174","her line",1,57522,78.88
"18175","her list",1,57523,78.88
"18176","her money",1,57524,78.88
"18177","her moving",1,57525,78.88
"18178","her name",1,57526,78.89
"18179","her neck",1,57527,78.89
"18180","her newspaper",1,57528,78.89
"18181","her non",1,57529,78.89
"18182","her number",1,57530,78.89
"18183","her of",1,57531,78.89
"18184","her on",1,57532,78.89
"18185","her perfectly",1,57533,78.9
"18186","her picture",1,57534,78.9
"18187","her present",1,57535,78.9
"18188","her pretty",1,57536,78.9
"18189","her report",1,57537,78.9
"18190","her request",1,57538,78.9
"18191","her royal",1,57539,78.9
"18192","her schedule",1,57540,78.91
"18193","her second",1,57541,78.91
"18194","her sense",1,57542,78.91
"18195","her shirt",1,57543,78.91
"18196","her should",1,57544,78.91
"18197","her show",1,57545,78.91
"18198","her small",1,57546,78.91
"18199","her some",1,57547,78.91
"18200","her somewhere",1,57548,78.92
"18201","her soon",1,57549,78.92
"18202","her step",1,57550,78.92
"18203","her still",1,57551,78.92
"18204","her stomach",1,57552,78.92
"18205","her style",1,57553,78.92
"18206","her success",1,57554,78.92
"18207","her sweet",1,57555,78.93
"18208","her talk",1,57556,78.93
"18209","her teeth",1,57557,78.93
"18210","her that",1,57558,78.93
"18211","her third",1,57559,78.93
"18212","her this",1,57560,78.93
"18213","her though",1,57561,78.93
"18214","her till",1,57562,78.94
"18215","her today",1,57563,78.94
"18216","her too",1,57564,78.94
"18217","her true",1,57565,78.94
"18218","her two",1,57566,78.94
"18219","her vision",1,57567,78.94
"18220","her way",1,57568,78.94
"18221","her were",1,57569,78.94
"18222","her which",1,57570,78.95
"18223","her while",1,57571,78.95
"18224","her who",1,57572,78.95
"18225","her will",1,57573,78.95
"18226","her won",1,57574,78.95
"18227","her work",1,57575,78.95
"18228","her writing",1,57576,78.95
"18229","her year",1,57577,78.96
"18230","her youth",1,57578,78.96
"18231","here all",1,57579,78.96
"18232","here attention",1,57580,78.96
"18233","here below",1,57581,78.96
"18234","here between",1,57582,78.96
"18235","here by",1,57583,78.96
"18236","here comes",1,57584,78.97
"18237","here director",1,57585,78.97
"18238","here even",1,57586,78.97
"18239","here eventually",1,57587,78.97
"18240","here feel",1,57588,78.97
"18241","here have",1,57589,78.97
"18242","here light",1,57590,78.97
"18243","here my",1,57591,78.98
"18244","here no",1,57592,78.98
"18245","here out",1,57593,78.98
"18246","here rather",1,57594,78.98
"18247","here really",1,57595,78.98
"18248","here recently",1,57596,78.98
"18249","here she",1,57597,78.98
"18250","here since",1,57598,78.98
"18251","here so",1,57599,78.99
"18252","here target",1,57600,78.99
"18253","here this",1,57601,78.99
"18254","here time",1,57602,78.99
"18255","here tomorrow",1,57603,78.99
"18256","here up",1,57604,78.99
"18257","here was",1,57605,78.99
"18258","here when",1,57606,79
"18259","here which",1,57607,79
"18260","here with",1,57608,79
"18261","here ya",1,57609,79
"18262","hero a",1,57610,79
"18263","hero could",1,57611,79
"18264","hero out",1,57612,79
"18265","hero s",1,57613,79.01
"18266","hero the",1,57614,79.01
"18267","hero would",1,57615,79.01
"18268","herself and",1,57616,79.01
"18269","herself i",1,57617,79.01
"18270","herself neither",1,57618,79.01
"18271","herself what",1,57619,79.01
"18272","herself whether",1,57620,79.01
"18273","hey he",1,57621,79.02
"18274","hey old",1,57622,79.02
"18275","hey pull",1,57623,79.02
"18276","hey there",1,57624,79.02
"18277","hey what",1,57625,79.02
"18278","hey you",1,57626,79.02
"18279","hi a",1,57627,79.02
"18280","hi is",1,57628,79.03
"18281","hi yes",1,57629,79.03
"18282","hidden in",1,57630,79.03
"18283","hide a",1,57631,79.03
"18284","hide so",1,57632,79.03
"18285","hide the",1,57633,79.03
"18286","hide their",1,57634,79.03
"18287","hide under",1,57635,79.04
"18288","hide us",1,57636,79.04
"18289","high court",1,57637,79.04
"18290","high customer",1,57638,79.04
"18291","high for",1,57639,79.04
"18292","high heat",1,57640,79.04
"18293","high horse",1,57641,79.04
"18294","high i",1,57642,79.05
"18295","high in",1,57643,79.05
"18296","high level",1,57644,79.05
"18297","high off",1,57645,79.05
"18298","high quality",1,57646,79.05
"18299","high s",1,57647,79.05
"18300","high so",1,57648,79.05
"18301","high speed",1,57649,79.05
"18302","high street",1,57650,79.06
"18303","high streets",1,57651,79.06
"18304","high the",1,57652,79.06
"18305","high value",1,57653,79.06
"18306","higher for",1,57654,79.06
"18307","higher in",1,57655,79.06
"18308","higher one",1,57656,79.06
"18309","higher state",1,57657,79.07
"18310","higher the",1,57658,79.07
"18311","highest ever",1,57659,79.07
"18312","highest risk",1,57660,79.07
"18313","highest someone",1,57661,79.07
"18314","highly negative",1,57662,79.07
"18315","highly recommend",1,57663,79.07
"18316","highly the",1,57664,79.08
"18317","highly unless",1,57665,79.08
"18318","hill and",1,57666,79.08
"18319","hill in",1,57667,79.08
"18320","hill large",1,57668,79.08
"18321","hill we",1,57669,79.08
"18322","him after",1,57670,79.08
"18323","him alone",1,57671,79.08
"18324","him as",1,57672,79.09
"18325","him back",1,57673,79.09
"18326","him being",1,57674,79.09
"18327","him by",1,57675,79.09
"18328","him challenge",1,57676,79.09
"18329","him considering",1,57677,79.09
"18330","him count",1,57678,79.09
"18331","him don",1,57679,79.1
"18332","him during",1,57680,79.1
"18333","him each",1,57681,79.1
"18334","him eight",1,57682,79.1
"18335","him even",1,57683,79.1
"18336","him except",1,57684,79.1
"18337","him fresh",1,57685,79.1
"18338","him her",1,57686,79.11
"18339","him if",1,57687,79.11
"18340","him keep",1,57688,79.11
"18341","him like",1,57689,79.11
"18342","him love",1,57690,79.11
"18343","him night",1,57691,79.11
"18344","him of",1,57692,79.11
"18345","him off",1,57693,79.11
"18346","him on",1,57694,79.12
"18347","him once",1,57695,79.12
"18348","him our",1,57696,79.12
"18349","him player",1,57697,79.12
"18350","him she",1,57698,79.12
"18351","him so",1,57699,79.12
"18352","him take",1,57700,79.12
"18353","him team",1,57701,79.13
"18354","him three",1,57702,79.13
"18355","him through",1,57703,79.13
"18356","him time",1,57704,79.13
"18357","him times",1,57705,79.13
"18358","him told",1,57706,79.13
"18359","him were",1,57707,79.13
"18360","him win",1,57708,79.14
"18361","him with",1,57709,79.14
"18362","him without",1,57710,79.14
"18363","himself and",1,57711,79.14
"18364","himself away",1,57712,79.14
"18365","himself bill",1,57713,79.14
"18366","himself could",1,57714,79.14
"18367","himself for",1,57715,79.15
"18368","himself he",1,57716,79.15
"18369","himself his",1,57717,79.15
"18370","himself in",1,57718,79.15
"18371","himself perfectly",1,57719,79.15
"18372","himself simply",1,57720,79.15
"18373","himself the",1,57721,79.15
"18374","himself together",1,57722,79.15
"18375","himself we",1,57723,79.16
"18376","himself would",1,57724,79.16
"18377","his actual",1,57725,79.16
"18378","his all",1,57726,79.16
"18379","his already",1,57727,79.16
"18380","his also",1,57728,79.16
"18381","his apartment",1,57729,79.16
"18382","his are",1,57730,79.17
"18383","his article",1,57731,79.17
"18384","his band",1,57732,79.17
"18385","his biggest",1,57733,79.17
"18386","his bike",1,57734,79.17
"18387","his birth",1,57735,79.17
"18388","his birthday",1,57736,79.17
"18389","his business",1,57737,79.18
"18390","his busy",1,57738,79.18
"18391","his capital",1,57739,79.18
"18392","his center",1,57740,79.18
"18393","his character",1,57741,79.18
"18394","his chest",1,57742,79.18
"18395","his clothes",1,57743,79.18
"18396","his coffee",1,57744,79.18
"18397","his cool",1,57745,79.19
"18398","his country",1,57746,79.19
"18399","his crew",1,57747,79.19
"18400","his daughter",1,57748,79.19
"18401","his difference",1,57749,79.19
"18402","his door",1,57750,79.19
"18403","his dying",1,57751,79.19
"18404","his end",1,57752,79.2
"18405","his even",1,57753,79.2
"18406","his evil",1,57754,79.2
"18407","his excited",1,57755,79.2
"18408","his fairly",1,57756,79.2
"18409","his false",1,57757,79.2
"18410","his fancy",1,57758,79.2
"18411","his favorite",1,57759,79.21
"18412","his film",1,57760,79.21
"18413","his forever",1,57761,79.21
"18414","his from",1,57762,79.21
"18415","his gift",1,57763,79.21
"18416","his glory",1,57764,79.21
"18417","his goodness",1,57765,79.21
"18418","his grace",1,57766,79.22
"18419","his hall",1,57767,79.22
"18420","his help",1,57768,79.22
"18421","his house",1,57769,79.22
"18422","his human",1,57770,79.22
"18423","his included",1,57771,79.22
"18424","his inner",1,57772,79.22
"18425","his into",1,57773,79.22
"18426","his it",1,57774,79.23
"18427","his journey",1,57775,79.23
"18428","his leg",1,57776,79.23
"18429","his life",1,57777,79.23
"18430","his little",1,57778,79.23
"18431","his love",1,57779,79.23
"18432","his marriage",1,57780,79.23
"18433","his me",1,57781,79.24
"18434","his message",1,57782,79.24
"18435","his mind",1,57783,79.24
"18436","his money",1,57784,79.24
"18437","his nine",1,57785,79.24
"18438","his of",1,57786,79.24
"18439","his on",1,57787,79.24
"18440","his other",1,57788,79.25
"18441","his page",1,57789,79.25
"18442","his part",1,57790,79.25
"18443","his performance",1,57791,79.25
"18444","his place",1,57792,79.25
"18445","his poor",1,57793,79.25
"18446","his position",1,57794,79.25
"18447","his power",1,57795,79.25
"18448","his purpose",1,57796,79.26
"18449","his race",1,57797,79.26
"18450","his release",1,57798,79.26
"18451","his responsibility",1,57799,79.26
"18452","his rock",1,57800,79.26
"18453","his s",1,57801,79.26
"18454","his search",1,57802,79.26
"18455","his shall",1,57803,79.27
"18456","his shoulder",1,57804,79.27
"18457","his side",1,57805,79.27
"18458","his simple",1,57806,79.27
"18459","his sleep",1,57807,79.27
"18460","his something",1,57808,79.27
"18461","his soon",1,57809,79.27
"18462","his still",1,57810,79.28
"18463","his talent",1,57811,79.28
"18464","his team",1,57812,79.28
"18465","his teeth",1,57813,79.28
"18466","his television",1,57814,79.28
"18467","his text",1,57815,79.28
"18468","his they",1,57816,79.28
"18469","his thought",1,57817,79.28
"18470","his today",1,57818,79.29
"18471","his two",1,57819,79.29
"18472","his victory",1,57820,79.29
"18473","his voice",1,57821,79.29
"18474","his warning",1,57822,79.29
"18475","his we",1,57823,79.29
"18476","his were",1,57824,79.29
"18477","his what",1,57825,79.3
"18478","his which",1,57826,79.3
"18479","his whole",1,57827,79.3
"18480","his wife",1,57828,79.3
"18481","his will",1,57829,79.3
"18482","his word",1,57830,79.3
"18483","his writing",1,57831,79.3
"18484","historical that",1,57832,79.31
"18485","history a",1,57833,79.31
"18486","history and",1,57834,79.31
"18487","history from",1,57835,79.31
"18488","history is",1,57836,79.31
"18489","history it",1,57837,79.31
"18490","history of",1,57838,79.31
"18491","history passion",1,57839,79.32
"18492","history read",1,57840,79.32
"18493","history research",1,57841,79.32
"18494","history their",1,57842,79.32
"18495","history there",1,57843,79.32
"18496","history to",1,57844,79.32
"18497","history we",1,57845,79.32
"18498","history written",1,57846,79.32
"18499","hit all",1,57847,79.33
"18500","hit by",1,57848,79.33
"18501","hit home",1,57849,79.33
"18502","hit it",1,57850,79.33
"18503","hit my",1,57851,79.33
"18504","hit of",1,57852,79.33
"18505","hit someone",1,57853,79.33
"18506","hit throughout",1,57854,79.34
"18507","hit with",1,57855,79.34
"18508","hold card",1,57856,79.34
"18509","hold down",1,57857,79.34
"18510","hold here",1,57858,79.34
"18511","hold it",1,57859,79.34
"18512","hold my",1,57860,79.34
"18513","hold on",1,57861,79.35
"18514","hold the",1,57862,79.35
"18515","hold white",1,57863,79.35
"18516","holding a",1,57864,79.35
"18517","holding and",1,57865,79.35
"18518","holding anything",1,57866,79.35
"18519","holding down",1,57867,79.35
"18520","holding her",1,57868,79.35
"18521","holding his",1,57869,79.36
"18522","holding my",1,57870,79.36
"18523","holding our",1,57871,79.36
"18524","holding the",1,57872,79.36
"18525","holiday after",1,57873,79.36
"18526","holiday in",1,57874,79.36
"18527","holiday martin",1,57875,79.36
"18528","holiday us",1,57876,79.37
"18529","holiday usually",1,57877,79.37
"18530","holy lord",1,57878,79.37
"18531","holy that",1,57879,79.37
"18532","home add",1,57880,79.37
"18533","home after",1,57881,79.37
"18534","home at",1,57882,79.37
"18535","home beautiful",1,57883,79.38
"18536","home because",1,57884,79.38
"18537","home day",1,57885,79.38
"18538","home he",1,57886,79.38
"18539","home inspiration",1,57887,79.38
"18540","home it",1,57888,79.38
"18541","home making",1,57889,79.38
"18542","home may",1,57890,79.39
"18543","home not",1,57891,79.39
"18544","home over",1,57892,79.39
"18545","home run",1,57893,79.39
"18546","home s",1,57894,79.39
"18547","home two",1,57895,79.39
"18548","home via",1,57896,79.39
"18549","home we",1,57897,79.39
"18550","home when",1,57898,79.4
"18551","home without",1,57899,79.4
"18552","honest opinion",1,57900,79.4
"18553","honest you",1,57901,79.4
"18554","honestly about",1,57902,79.4
"18555","honestly how",1,57903,79.4
"18556","honestly say",1,57904,79.4
"18557","honey from",1,57905,79.41
"18558","honey in",1,57906,79.41
"18559","honor note",1,57907,79.41
"18560","honor those",1,57908,79.41
"18561","hop and",1,57909,79.41
"18562","hop have",1,57910,79.41
"18563","hop off",1,57911,79.41
"18564","hop on",1,57912,79.42
"18565","hop order",1,57913,79.42
"18566","hop posting",1,57914,79.42
"18567","hop style",1,57915,79.42
"18568","hop the",1,57916,79.42
"18569","hop this",1,57917,79.42
"18570","hope all",1,57918,79.42
"18571","hope from",1,57919,79.42
"18572","hope he",1,57920,79.43
"18573","hope in",1,57921,79.43
"18574","hope message",1,57922,79.43
"18575","hope no",1,57923,79.43
"18576","hope not",1,57924,79.43
"18577","hope paper",1,57925,79.43
"18578","hope she",1,57926,79.43
"18579","hope this",1,57927,79.44
"18580","hope those",1,57928,79.44
"18581","hope through",1,57929,79.44
"18582","hope will",1,57930,79.44
"18583","hope with",1,57931,79.44
"18584","hope won",1,57932,79.44
"18585","hopefully i",1,57933,79.44
"18586","hopefully someone",1,57934,79.45
"18587","hopefully the",1,57935,79.45
"18588","hopefully you",1,57936,79.45
"18589","horrible luck",1,57937,79.45
"18590","horrible men",1,57938,79.45
"18591","horrible person",1,57939,79.45
"18592","horror and",1,57940,79.45
"18593","horror i",1,57941,79.46
"18594","horror into",1,57942,79.46
"18595","horror movie",1,57943,79.46
"18596","horror on",1,57944,79.46
"18597","horror suddenly",1,57945,79.46
"18598","horror they",1,57946,79.46
"18599","horse and",1,57947,79.46
"18600","horse but",1,57948,79.46
"18601","horse next",1,57949,79.47
"18602","horse to",1,57950,79.47
"18603","horse travel",1,57951,79.47
"18604","horse who",1,57952,79.47
"18605","hospital all",1,57953,79.47
"18606","hospital in",1,57954,79.47
"18607","hospital last",1,57955,79.47
"18608","hospital lovely",1,57956,79.48
"18609","hospital stay",1,57957,79.48
"18610","host that",1,57958,79.48
"18611","host which",1,57959,79.48
"18612","hot a",1,57960,79.48
"18613","hot coffee",1,57961,79.48
"18614","hot days",1,57962,79.48
"18615","hot enough",1,57963,79.49
"18616","hot had",1,57964,79.49
"18617","hot hot",1,57965,79.49
"18618","hot if",1,57966,79.49
"18619","hot in",1,57967,79.49
"18620","hot new",1,57968,79.49
"18621","hot place",1,57969,79.49
"18622","hot right",1,57970,79.49
"18623","hot water",1,57971,79.5
"18624","hot weather",1,57972,79.5
"18625","hotel the",1,57973,79.5
"18626","hour a",1,57974,79.5
"18627","hour at",1,57975,79.5
"18628","hour depending",1,57976,79.5
"18629","hour drive",1,57977,79.5
"18630","hour flight",1,57978,79.51
"18631","hour her",1,57979,79.51
"18632","hour i",1,57980,79.51
"18633","hour just",1,57981,79.51
"18634","hour late",1,57982,79.51
"18635","hour long",1,57983,79.51
"18636","hour on",1,57984,79.51
"18637","hour or",1,57985,79.52
"18638","hour she",1,57986,79.52
"18639","hour shift",1,57987,79.52
"18640","hour trip",1,57988,79.52
"18641","hour waiting",1,57989,79.52
"18642","house are",1,57990,79.52
"18643","house around",1,57991,79.52
"18644","house at",1,57992,79.52
"18645","house back",1,57993,79.53
"18646","house between",1,57994,79.53
"18647","house bill",1,57995,79.53
"18648","house built",1,57996,79.53
"18649","house can",1,57997,79.53
"18650","house cooking",1,57998,79.53
"18651","house got",1,57999,79.53
"18652","house her",1,58000,79.54
"18653","house how",1,58001,79.54
"18654","house if",1,58002,79.54
"18655","house in",1,58003,79.54
"18656","house making",1,58004,79.54
"18657","house on",1,58005,79.54
"18658","house or",1,58006,79.54
"18659","house perhaps",1,58007,79.55
"18660","house recipe",1,58008,79.55
"18661","house the",1,58009,79.55
"18662","house through",1,58010,79.55
"18663","house took",1,58011,79.55
"18664","house what",1,58012,79.55
"18665","house when",1,58013,79.55
"18666","house where",1,58014,79.56
"18667","house with",1,58015,79.56
"18668","house would",1,58016,79.56
"18669","house you",1,58017,79.56
"18670","how a",1,58018,79.56
"18671","how as",1,58019,79.56
"18672","how blessed",1,58020,79.56
"18673","how broken",1,58021,79.56
"18674","how but",1,58022,79.57
"18675","how careful",1,58023,79.57
"18676","how carefully",1,58024,79.57
"18677","how concerned",1,58025,79.57
"18678","how could",1,58026,79.57
"18679","how cute",1,58027,79.57
"18680","how easy",1,58028,79.57
"18681","how ever",1,58029,79.58
"18682","how every",1,58030,79.58
"18683","how far",1,58031,79.58
"18684","how for",1,58032,79.58
"18685","how great",1,58033,79.58
"18686","how highly",1,58034,79.58
"18687","how is",1,58035,79.58
"18688","how just",1,58036,79.59
"18689","how low",1,58037,79.59
"18690","how other",1,58038,79.59
"18691","how poor",1,58039,79.59
"18692","how pretty",1,58040,79.59
"18693","how sad",1,58041,79.59
"18694","how sharp",1,58042,79.59
"18695","how small",1,58043,79.59
"18696","how sorry",1,58044,79.6
"18697","how strange",1,58045,79.6
"18698","how sweet",1,58046,79.6
"18699","how that",1,58047,79.6
"18700","how there",1,58048,79.6
"18701","how those",1,58049,79.6
"18702","how while",1,58050,79.6
"18703","however anyone",1,58051,79.61
"18704","however as",1,58052,79.61
"18705","however did",1,58053,79.61
"18706","however everyday",1,58054,79.61
"18707","however excellent",1,58055,79.61
"18708","however his",1,58056,79.61
"18709","however in",1,58057,79.61
"18710","however into",1,58058,79.62
"18711","however is",1,58059,79.62
"18712","however know",1,58060,79.62
"18713","however left",1,58061,79.62
"18714","however much",1,58062,79.62
"18715","however my",1,58063,79.62
"18716","however prior",1,58064,79.62
"18717","however that",1,58065,79.63
"18718","however this",1,58066,79.63
"18719","however to",1,58067,79.63
"18720","however we",1,58068,79.63
"18721","however your",1,58069,79.63
"18722","hubby and",1,58070,79.63
"18723","hubby just",1,58071,79.63
"18724","hubby me",1,58072,79.63
"18725","hubby t",1,58073,79.64
"18726","hubby was",1,58074,79.64
"18727","huge amount",1,58075,79.64
"18728","huge case",1,58076,79.64
"18729","huge family",1,58077,79.64
"18730","huge fan",1,58078,79.64
"18731","huge glass",1,58079,79.64
"18732","huge in",1,58080,79.65
"18733","huge land",1,58081,79.65
"18734","huge most",1,58082,79.65
"18735","huge project",1,58083,79.65
"18736","huge selection",1,58084,79.65
"18737","huge sky",1,58085,79.65
"18738","huge victory",1,58086,79.65
"18739","huge weight",1,58087,79.66
"18740","human and",1,58088,79.66
"18741","human existence",1,58089,79.66
"18742","human figure",1,58090,79.66
"18743","human i",1,58091,79.66
"18744","human married",1,58092,79.66
"18745","human nature",1,58093,79.66
"18746","human our",1,58094,79.66
"18747","human species",1,58095,79.67
"18748","human such",1,58096,79.67
"18749","human to",1,58097,79.67
"18750","human wisdom",1,58098,79.67
"18751","humanity s",1,58099,79.67
"18752","humanity shall",1,58100,79.67
"18753","hundred each",1,58101,79.67
"18754","hundred mile",1,58102,79.68
"18755","hungry buy",1,58103,79.68
"18756","hungry can",1,58104,79.68
"18757","hungry my",1,58105,79.68
"18758","hungry so",1,58106,79.68
"18759","hungry that",1,58107,79.68
"18760","hungry with",1,58108,79.68
"18761","hungry you",1,58109,79.69
"18762","hurt i",1,58110,79.69
"18763","hurt if",1,58111,79.69
"18764","hurt like",1,58112,79.69
"18765","hurt of",1,58113,79.69
"18766","hurt put",1,58114,79.69
"18767","hurt to",1,58115,79.69
"18768","hurt too",1,58116,79.7
"18769","husband can",1,58117,79.7
"18770","husband goes",1,58118,79.7
"18771","husband good",1,58119,79.7
"18772","husband home",1,58120,79.7
"18773","husband into",1,58121,79.7
"18774","husband is",1,58122,79.7
"18775","husband me",1,58123,79.7
"18776","husband on",1,58124,79.71
"18777","husband or",1,58125,79.71
"18778","husband up",1,58126,79.71
"18779","husband whether",1,58127,79.71
"18780","husband will",1,58128,79.71
"18781","i above",1,58129,79.71
"18782","i accepted",1,58130,79.71
"18783","i an",1,58131,79.72
"18784","i are",1,58132,79.72
"18785","i away",1,58133,79.72
"18786","i back",1,58134,79.72
"18787","i bake",1,58135,79.72
"18788","i based",1,58136,79.72
"18789","i basically",1,58137,79.72
"18790","i bear",1,58138,79.73
"18791","i because",1,58139,79.73
"18792","i begin",1,58140,79.73
"18793","i broke",1,58141,79.73
"18794","i by",1,58142,79.73
"18795","i call",1,58143,79.73
"18796","i calling",1,58144,79.73
"18797","i catch",1,58145,79.73
"18798","i caught",1,58146,79.74
"18799","i check",1,58147,79.74
"18800","i checked",1,58148,79.74
"18801","i combined",1,58149,79.74
"18802","i completely",1,58150,79.74
"18803","i concerned",1,58151,79.74
"18804","i connected",1,58152,79.74
"18805","i considered",1,58153,79.75
"18806","i cook",1,58154,79.75
"18807","i correct",1,58155,79.75
"18808","i covered",1,58156,79.75
"18809","i decide",1,58157,79.75
"18810","i done",1,58158,79.75
"18811","i draw",1,58159,79.75
"18812","i dream",1,58160,79.76
"18813","i drive",1,58161,79.76
"18814","i easily",1,58162,79.76
"18815","i east",1,58163,79.76
"18816","i encourage",1,58164,79.76
"18817","i even",1,58165,79.76
"18818","i everyone",1,58166,79.76
"18819","i expect",1,58167,79.76
"18820","i experience",1,58168,79.77
"18821","i f",1,58169,79.77
"18822","i fail",1,58170,79.77
"18823","i fell",1,58171,79.77
"18824","i fill",1,58172,79.77
"18825","i forget",1,58173,79.77
"18826","i generally",1,58174,79.77
"18827","i given",1,58175,79.78
"18828","i gold",1,58176,79.78
"18829","i grown",1,58177,79.78
"18830","i her",1,58178,79.78
"18831","i here",1,58179,79.78
"18832","i highly",1,58180,79.78
"18833","i his",1,58181,79.78
"18834","i honor",1,58182,79.79
"18835","i how",1,58183,79.79
"18836","i however",1,58184,79.79
"18837","i hurt",1,58185,79.79
"18838","i i",1,58186,79.79
"18839","i if",1,58187,79.79
"18840","i ill",1,58188,79.79
"18841","i imagine",1,58189,79.8
"18842","i immediately",1,58190,79.8
"18843","i included",1,58191,79.8
"18844","i increase",1,58192,79.8
"18845","i is",1,58193,79.8
"18846","i kind",1,58194,79.8
"18847","i known",1,58195,79.8
"18848","i last",1,58196,79.8
"18849","i lay",1,58197,79.81
"18850","i learn",1,58198,79.81
"18851","i list",1,58199,79.81
"18852","i listen",1,58200,79.81
"18853","i literally",1,58201,79.81
"18854","i maintain",1,58202,79.81
"18855","i manager",1,58203,79.81
"18856","i meet",1,58204,79.82
"18857","i missing",1,58205,79.82
"18858","i most",1,58206,79.82
"18859","i move",1,58207,79.82
"18860","i myself",1,58208,79.82
"18861","i nearly",1,58209,79.82
"18862","i normally",1,58210,79.82
"18863","i note",1,58211,79.83
"18864","i notice",1,58212,79.83
"18865","i obviously",1,58213,79.83
"18866","i of",1,58214,79.83
"18867","i off",1,58215,79.83
"18868","i once",1,58216,79.83
"18869","i order",1,58217,79.83
"18870","i ordered",1,58218,79.83
"18871","i out",1,58219,79.84
"18872","i over",1,58220,79.84
"18873","i own",1,58221,79.84
"18874","i painted",1,58222,79.84
"18875","i pass",1,58223,79.84
"18876","i personally",1,58224,79.84
"18877","i pick",1,58225,79.84
"18878","i pop",1,58226,79.85
"18879","i possibly",1,58227,79.85
"18880","i prepared",1,58228,79.85
"18881","i probably",1,58229,79.85
"18882","i promise",1,58230,79.85
"18883","i quote",1,58231,79.85
"18884","i rarely",1,58232,79.85
"18885","i rather",1,58233,79.86
"18886","i reading",1,58234,79.86
"18887","i realize",1,58235,79.86
"18888","i recall",1,58236,79.86
"18889","i remind",1,58237,79.86
"18890","i respect",1,58238,79.86
"18891","i returned",1,58239,79.86
"18892","i save",1,58240,79.87
"18893","i saving",1,58241,79.87
"18894","i second",1,58242,79.87
"18895","i seem",1,58243,79.87
"18896","i sell",1,58244,79.87
"18897","i sent",1,58245,79.87
"18898","i shall",1,58246,79.87
"18899","i she",1,58247,79.87
"18900","i shower",1,58248,79.88
"18901","i simply",1,58249,79.88
"18902","i sit",1,58250,79.88
"18903","i slowly",1,58251,79.88
"18904","i so",1,58252,79.88
"18905","i something",1,58253,79.88
"18906","i sound",1,58254,79.88
"18907","i spend",1,58255,79.89
"18908","i spoke",1,58256,79.89
"18909","i start",1,58257,79.89
"18910","i stayed",1,58258,79.89
"18911","i step",1,58259,79.89
"18912","i struggle",1,58260,79.89
"18913","i taken",1,58261,79.89
"18914","i thank",1,58262,79.9
"18915","i their",1,58263,79.9
"18916","i them",1,58264,79.9
"18917","i these",1,58265,79.9
"18918","i they",1,58266,79.9
"18919","i through",1,58267,79.9
"18920","i title",1,58268,79.9
"18921","i towards",1,58269,79.9
"18922","i truly",1,58270,79.91
"18923","i turn",1,58271,79.91
"18924","i ultimately",1,58272,79.91
"18925","i update",1,58273,79.91
"18926","i wash",1,58274,79.91
"18927","i we",1,58275,79.91
"18928","i what",1,58276,79.91
"18929","i when",1,58277,79.92
"18930","i while",1,58278,79.92
"18931","i with",1,58279,79.92
"18932","i worked",1,58280,79.92
"18933","i wrapped",1,58281,79.92
"18934","i writing",1,58282,79.92
"18935","i wrong",1,58283,79.92
"18936","i yesterday",1,58284,79.93
"18937","ice and",1,58285,79.93
"18938","ice goodness",1,58286,79.93
"18939","ice i",1,58287,79.93
"18940","ice ice",1,58288,79.93
"18941","ice if",1,58289,79.93
"18942","ice in",1,58290,79.93
"18943","ice is",1,58291,79.93
"18944","ice it",1,58292,79.94
"18945","ice needs",1,58293,79.94
"18946","ice no",1,58294,79.94
"18947","idea and",1,58295,79.94
"18948","idea for",1,58296,79.94
"18949","idea good",1,58297,79.94
"18950","idea i",1,58298,79.94
"18951","idea she",1,58299,79.95
"18952","idea that",1,58300,79.95
"18953","idea the",1,58301,79.95
"18954","idea what",1,58302,79.95
"18955","idea when",1,58303,79.95
"18956","idea where",1,58304,79.95
"18957","idea which",1,58305,79.95
"18958","idea with",1,58306,79.96
"18959","ideal and",1,58307,79.96
"18960","ideal are",1,58308,79.96
"18961","ideal food",1,58309,79.96
"18962","ideal message",1,58310,79.96
"18963","ideal of",1,58311,79.96
"18964","identity a",1,58312,79.96
"18965","identity as",1,58313,79.97
"18966","identity the",1,58314,79.97
"18967","if all",1,58315,79.97
"18968","if an",1,58316,79.97
"18969","if and",1,58317,79.97
"18970","if at",1,58318,79.97
"18971","if both",1,58319,79.97
"18972","if come",1,58320,79.97
"18973","if every",1,58321,79.98
"18974","if financial",1,58322,79.98
"18975","if for",1,58323,79.98
"18976","if from",1,58324,79.98
"18977","if in",1,58325,79.98
"18978","if instead",1,58326,79.98
"18979","if is",1,58327,79.98
"18980","if its",1,58328,79.99
"18981","if my",1,58329,79.99
"18982","if nobody",1,58330,79.99
"18983","if on",1,58331,79.99
"18984","if only",1,58332,79.99
"18985","if peter",1,58333,79.99
"18986","if property",1,58334,79.99
"18987","if really",1,58335,80
"18988","if s",1,58336,80
"18989","if say",1,58337,80
"18990","if so",1,58338,80
"18991","if something",1,58339,80
"18992","if summer",1,58340,80
"18993","if their",1,58341,80
"18994","if under",1,58342,80
"18995","if was",1,58343,80.01
"18996","if wash",1,58344,80.01
"18997","if what",1,58345,80.01
"18998","ignore by",1,58346,80.01
"18999","ill a",1,58347,80.01
"19000","ill and",1,58348,80.01
"19001","ill as",1,58349,80.01
"19002","ill husband",1,58350,80.02
"19003","ill i",1,58351,80.02
"19004","ill leave",1,58352,80.02
"19005","image actually",1,58353,80.02
"19006","image i",1,58354,80.02
"19007","image onto",1,58355,80.02
"19008","image then",1,58356,80.02
"19009","image to",1,58357,80.03
"19010","imagination if",1,58358,80.03
"19011","imagination my",1,58359,80.03
"19012","imagine a",1,58360,80.03
"19013","imagine an",1,58361,80.03
"19014","imagine anyone",1,58362,80.03
"19015","imagine i",1,58363,80.03
"19016","imagine my",1,58364,80.04
"19017","imagine that",1,58365,80.04
"19018","imagine this",1,58366,80.04
"19019","imagine trying",1,58367,80.04
"19020","imagine what",1,58368,80.04
"19021","immediately i",1,58369,80.04
"19022","immediately that",1,58370,80.04
"19023","immediately the",1,58371,80.04
"19024","immediately turns",1,58372,80.05
"19025","immediately under",1,58373,80.05
"19026","immediately upon",1,58374,80.05
"19027","immediately were",1,58375,80.05
"19028","impact of",1,58376,80.05
"19029","impact on",1,58377,80.05
"19030","importance in",1,58378,80.05
"19031","importance of",1,58379,80.06
"19032","importance you",1,58380,80.06
"19033","important it",1,58381,80.06
"19034","important location",1,58382,80.06
"19035","important now",1,58383,80.06
"19036","important one",1,58384,80.06
"19037","important place",1,58385,80.06
"19038","important really",1,58386,80.07
"19039","important than",1,58387,80.07
"19040","important thing",1,58388,80.07
"19041","important well",1,58389,80.07
"19042","important why",1,58390,80.07
"19043","impossible faced",1,58391,80.07
"19044","impossible for",1,58392,80.07
"19045","impossible in",1,58393,80.07
"19046","impossible speak",1,58394,80.08
"19047","impossible to",1,58395,80.08
"19048","improve from",1,58396,80.08
"19049","improve how",1,58397,80.08
"19050","improve our",1,58398,80.08
"19051","improve ourselves",1,58399,80.08
"19052","improve the",1,58400,80.08
"19053","in advertising",1,58401,80.09
"19054","in again",1,58402,80.09
"19055","in air",1,58403,80.09
"19056","in anger",1,58404,80.09
"19057","in animal",1,58405,80.09
"19058","in another",1,58406,80.09
"19059","in anything",1,58407,80.09
"19060","in apart",1,58408,80.1
"19061","in attitude",1,58409,80.1
"19062","in bad",1,58410,80.1
"19063","in band",1,58411,80.1
"19064","in because",1,58412,80.1
"19065","in beer",1,58413,80.1
"19066","in before",1,58414,80.1
"19067","in ben",1,58415,80.11
"19068","in blood",1,58416,80.11
"19069","in bush",1,58417,80.11
"19070","in canada",1,58418,80.11
"19071","in center",1,58419,80.11
"19072","in certain",1,58420,80.11
"19073","in character",1,58421,80.11
"19074","in check",1,58422,80.11
"19075","in city",1,58423,80.12
"19076","in class",1,58424,80.12
"19077","in classic",1,58425,80.12
"19078","in code",1,58426,80.12
"19079","in coffee",1,58427,80.12
"19080","in common",1,58428,80.12
"19081","in congress",1,58429,80.12
"19082","in constant",1,58430,80.13
"19083","in contact",1,58431,80.13
"19084","in contemporary",1,58432,80.13
"19085","in cool",1,58433,80.13
"19086","in could",1,58434,80.13
"19087","in country",1,58435,80.13
"19088","in county",1,58436,80.13
"19089","in debt",1,58437,80.14
"19090","in demand",1,58438,80.14
"19091","in design",1,58439,80.14
"19092","in designed",1,58440,80.14
"19093","in digital",1,58441,80.14
"19094","in doctor",1,58442,80.14
"19095","in doubt",1,58443,80.14
"19096","in driving",1,58444,80.14
"19097","in education",1,58445,80.15
"19098","in effect",1,58446,80.15
"19099","in exactly",1,58447,80.15
"19100","in film",1,58448,80.15
"19101","in flour",1,58449,80.15
"19102","in found",1,58450,80.15
"19103","in four",1,58451,80.15
"19104","in from",1,58452,80.16
"19105","in further",1,58453,80.16
"19106","in general",1,58454,80.16
"19107","in glass",1,58455,80.16
"19108","in gorgeous",1,58456,80.16
"19109","in green",1,58457,80.16
"19110","in guide",1,58458,80.16
"19111","in h",1,58459,80.17
"19112","in head",1,58460,80.17
"19113","in heaven",1,58461,80.17
"19114","in himself",1,58462,80.17
"19115","in honest",1,58463,80.17
"19116","in house",1,58464,80.17
"19117","in however",1,58465,80.17
"19118","in hundred",1,58466,80.17
"19119","in if",1,58467,80.18
"19120","in involved",1,58468,80.18
"19121","in itself",1,58469,80.18
"19122","in language",1,58470,80.18
"19123","in large",1,58471,80.18
"19124","in later",1,58472,80.18
"19125","in led",1,58473,80.18
"19126","in less",1,58474,80.19
"19127","in light",1,58475,80.19
"19128","in like",1,58476,80.19
"19129","in little",1,58477,80.19
"19130","in local",1,58478,80.19
"19131","in long",1,58479,80.19
"19132","in looking",1,58480,80.19
"19133","in making",1,58481,80.2
"19134","in meaning",1,58482,80.2
"19135","in mental",1,58483,80.2
"19136","in middle",1,58484,80.2
"19137","in milk",1,58485,80.2
"19138","in more",1,58486,80.2
"19139","in most",1,58487,80.2
"19140","in need",1,58488,80.21
"19141","in open",1,58489,80.21
"19142","in pace",1,58490,80.21
"19143","in pan",1,58491,80.21
"19144","in parent",1,58492,80.21
"19145","in peace",1,58493,80.21
"19146","in people",1,58494,80.21
"19147","in perhaps",1,58495,80.21
"19148","in pink",1,58496,80.22
"19149","in plus",1,58497,80.22
"19150","in point",1,58498,80.22
"19151","in political",1,58499,80.22
"19152","in produced",1,58500,80.22
"19153","in quick",1,58501,80.22
"19154","in read",1,58502,80.22
"19155","in real",1,58503,80.23
"19156","in reality",1,58504,80.23
"19157","in recent",1,58505,80.23
"19158","in reference",1,58506,80.23
"19159","in respect",1,58507,80.23
"19160","in ride",1,58508,80.23
"19161","in saying",1,58509,80.23
"19162","in scale",1,58510,80.24
"19163","in search",1,58511,80.24
"19164","in separate",1,58512,80.24
"19165","in serious",1,58513,80.24
"19166","in short",1,58514,80.24
"19167","in sight",1,58515,80.24
"19168","in silent",1,58516,80.24
"19169","in since",1,58517,80.24
"19170","in size",1,58518,80.25
"19171","in slow",1,58519,80.25
"19172","in sold",1,58520,80.25
"19173","in soon",1,58521,80.25
"19174","in southern",1,58522,80.25
"19175","in speaking",1,58523,80.25
"19176","in spring",1,58524,80.25
"19177","in story",1,58525,80.26
"19178","in street",1,58526,80.26
"19179","in student",1,58527,80.26
"19180","in suit",1,58528,80.26
"19181","in take",1,58529,80.26
"19182","in team",1,58530,80.26
"19183","in theory",1,58531,80.26
"19184","in though",1,58532,80.27
"19185","in through",1,58533,80.27
"19186","in tiny",1,58534,80.27
"19187","in together",1,58535,80.27
"19188","in tonight",1,58536,80.27
"19189","in touch",1,58537,80.27
"19190","in traffic",1,58538,80.27
"19191","in truth",1,58539,80.28
"19192","in two",1,58540,80.28
"19193","in u",1,58541,80.28
"19194","in under",1,58542,80.28
"19195","in understanding",1,58543,80.28
"19196","in university",1,58544,80.28
"19197","in unless",1,58545,80.28
"19198","in until",1,58546,80.28
"19199","in up",1,58547,80.29
"19200","in victory",1,58548,80.29
"19201","in waiting",1,58549,80.29
"19202","in warm",1,58550,80.29
"19203","in were",1,58551,80.29
"19204","in west",1,58552,80.29
"19205","in whatever",1,58553,80.29
"19206","in while",1,58554,80.3
"19207","in who",1,58555,80.3
"19208","in winter",1,58556,80.3
"19209","in writing",1,58557,80.3
"19210","in wrote",1,58558,80.3
"19211","in x",1,58559,80.3
"19212","inch high",1,58560,80.3
"19213","inch of",1,58561,80.31
"19214","inch pan",1,58562,80.31
"19215","inch scale",1,58563,80.31
"19216","inch thick",1,58564,80.31
"19217","inch wide",1,58565,80.31
"19218","include driving",1,58566,80.31
"19219","include every",1,58567,80.31
"19220","include i",1,58568,80.31
"19221","include in",1,58569,80.32
"19222","include model",1,58570,80.32
"19223","include my",1,58571,80.32
"19224","include of",1,58572,80.32
"19225","include pushing",1,58573,80.32
"19226","include those",1,58574,80.32
"19227","included a",1,58575,80.32
"19228","included almost",1,58576,80.33
"19229","included and",1,58577,80.33
"19230","included in",1,58578,80.33
"19231","included many",1,58579,80.33
"19232","included several",1,58580,80.33
"19233","included stuff",1,58581,80.33
"19234","income guess",1,58582,80.33
"19235","income so",1,58583,80.34
"19236","income tax",1,58584,80.34
"19237","increase all",1,58585,80.34
"19238","increase it",1,58586,80.34
"19239","increase my",1,58587,80.34
"19240","incredible amount",1,58588,80.34
"19241","incredible different",1,58589,80.34
"19242","incredible how",1,58590,80.35
"19243","incredible in",1,58591,80.35
"19244","incredible of",1,58592,80.35
"19245","incredible way",1,58593,80.35
"19246","incredibly negative",1,58594,80.35
"19247","incredibly to",1,58595,80.35
"19248","indeed as",1,58596,80.35
"19249","indeed i",1,58597,80.35
"19250","indeed it",1,58598,80.36
"19251","indeed lord",1,58599,80.36
"19252","indeed maybe",1,58600,80.36
"19253","indeed take",1,58601,80.36
"19254","independent and",1,58602,80.36
"19255","independent for",1,58603,80.36
"19256","independent us",1,58604,80.36
"19257","individual business",1,58605,80.37
"19258","individual from",1,58606,80.37
"19259","individual s",1,58607,80.37
"19260","individual who",1,58608,80.37
"19261","industry as",1,58609,80.37
"19262","industry he",1,58610,80.37
"19263","industry if",1,58611,80.37
"19264","industry is",1,58612,80.38
"19265","industry leading",1,58613,80.38
"19266","industry say",1,58614,80.38
"19267","industry will",1,58615,80.38
"19268","industry with",1,58616,80.38
"19269","influence future",1,58617,80.38
"19270","influence me",1,58618,80.38
"19271","influence of",1,58619,80.38
"19272","influence on",1,58620,80.39
"19273","information about",1,58621,80.39
"19274","information all",1,58622,80.39
"19275","information as",1,58623,80.39
"19276","information finally",1,58624,80.39
"19277","information he",1,58625,80.39
"19278","information i",1,58626,80.39
"19279","information must",1,58627,80.4
"19280","information on",1,58628,80.4
"19281","information our",1,58629,80.4
"19282","information said",1,58630,80.4
"19283","information that",1,58631,80.4
"19284","information will",1,58632,80.4
"19285","initial and",1,58633,80.4
"19286","initial success",1,58634,80.41
"19287","initial understanding",1,58635,80.41
"19288","ink i",1,58636,80.41
"19289","ink president",1,58637,80.41
"19290","ink the",1,58638,80.41
"19291","ink to",1,58639,80.41
"19292","inner party",1,58640,80.41
"19293","inside all",1,58641,80.41
"19294","inside an",1,58642,80.42
"19295","inside his",1,58643,80.42
"19296","inside i",1,58644,80.42
"19297","inside only",1,58645,80.42
"19298","inside over",1,58646,80.42
"19299","inside so",1,58647,80.42
"19300","inside spread",1,58648,80.42
"19301","inside these",1,58649,80.43
"19302","inside track",1,58650,80.43
"19303","inside when",1,58651,80.43
"19304","inspiration and",1,58652,80.43
"19305","inspiration as",1,58653,80.43
"19306","inspiration but",1,58654,80.43
"19307","inspiration or",1,58655,80.43
"19308","inspiration that",1,58656,80.44
"19309","inspiration this",1,58657,80.44
"19310","inspiration to",1,58658,80.44
"19311","inspiration why",1,58659,80.44
"19312","inspired a",1,58660,80.44
"19313","inspired by",1,58661,80.44
"19314","inspired government",1,58662,80.44
"19315","inspired now",1,58663,80.45
"19316","inspired on",1,58664,80.45
"19317","inspired th",1,58665,80.45
"19318","inspired to",1,58666,80.45
"19319","inspired will",1,58667,80.45
"19320","instance against",1,58668,80.45
"19321","instance while",1,58669,80.45
"19322","instead after",1,58670,80.45
"19323","instead for",1,58671,80.46
"19324","instead it",1,58672,80.46
"19325","instead on",1,58673,80.46
"19326","instead there",1,58674,80.46
"19327","instead we",1,58675,80.46
"19328","instead you",1,58676,80.46
"19329","insurance an",1,58677,80.46
"19330","insurance needs",1,58678,80.47
"19331","insurance offer",1,58679,80.47
"19332","insurance price",1,58680,80.47
"19333","insurance the",1,58681,80.47
"19334","insurance with",1,58682,80.47
"19335","intelligence and",1,58683,80.47
"19336","intelligence to",1,58684,80.47
"19337","intelligence you",1,58685,80.48
"19338","intended or",1,58686,80.48
"19339","intended that",1,58687,80.48
"19340","intended to",1,58688,80.48
"19341","intense in",1,58689,80.48
"19342","interest this",1,58690,80.48
"19343","interested and",1,58691,80.48
"19344","interested he",1,58692,80.48
"19345","interested only",1,58693,80.49
"19346","interested the",1,58694,80.49
"19347","interesting against",1,58695,80.49
"19348","interesting and",1,58696,80.49
"19349","interesting because",1,58697,80.49
"19350","interesting it",1,58698,80.49
"19351","interesting looking",1,58699,80.49
"19352","interesting number",1,58700,80.5
"19353","interesting out",1,58701,80.5
"19354","interesting story",1,58702,80.5
"19355","interesting thing",1,58703,80.5
"19356","interesting to",1,58704,80.5
"19357","interesting way",1,58705,80.5
"19358","interesting we",1,58706,80.5
"19359","interesting year",1,58707,80.51
"19360","international beer",1,58708,80.51
"19361","international community",1,58709,80.51
"19362","international development",1,58710,80.51
"19363","international society",1,58711,80.51
"19364","interview i",1,58712,80.51
"19365","interview if",1,58713,80.51
"19366","interview on",1,58714,80.52
"19367","into another",1,58715,80.52
"19368","into anything",1,58716,80.52
"19369","into because",1,58717,80.52
"19370","into before",1,58718,80.52
"19371","into being",1,58719,80.52
"19372","into birth",1,58720,80.52
"19373","into bitter",1,58721,80.52
"19374","into detail",1,58722,80.53
"19375","into heavy",1,58723,80.53
"19376","into helping",1,58724,80.53
"19377","into her",1,58725,80.53
"19378","into i",1,58726,80.53
"19379","into its",1,58727,80.53
"19380","into labor",1,58728,80.53
"19381","into large",1,58729,80.54
"19382","into little",1,58730,80.54
"19383","into number",1,58731,80.54
"19384","into oh",1,58732,80.54
"19385","into on",1,58733,80.54
"19386","into power",1,58734,80.54
"19387","into practice",1,58735,80.54
"19388","into print",1,58736,80.55
"19389","into real",1,58737,80.55
"19390","into s",1,58738,80.55
"19391","into second",1,58739,80.55
"19392","into social",1,58740,80.55
"19393","into some",1,58741,80.55
"19394","into song",1,58742,80.55
"19395","into special",1,58743,80.55
"19396","into such",1,58744,80.56
"19397","into their",1,58745,80.56
"19398","into them",1,58746,80.56
"19399","into thinking",1,58747,80.56
"19400","into two",1,58748,80.56
"19401","into your",1,58749,80.56
"19402","investment i",1,58750,80.56
"19403","investment in",1,58751,80.57
"19404","investment not",1,58752,80.57
"19405","investment the",1,58753,80.57
"19406","involved and",1,58754,80.57
"19407","involved i",1,58755,80.57
"19408","involved the",1,58756,80.57
"19409","involved with",1,58757,80.57
"19410","is added",1,58758,80.58
"19411","is air",1,58759,80.58
"19412","is alive",1,58760,80.58
"19413","is almost",1,58761,80.58
"19414","is around",1,58762,80.58
"19415","is asleep",1,58763,80.58
"19416","is away",1,58764,80.58
"19417","is bad",1,58765,80.59
"19418","is basically",1,58766,80.59
"19419","is be",1,58767,80.59
"19420","is best",1,58768,80.59
"19421","is block",1,58769,80.59
"19422","is both",1,58770,80.59
"19423","is broken",1,58771,80.59
"19424","is budget",1,58772,80.59
"19425","is but",1,58773,80.6
"19426","is camera",1,58774,80.6
"19427","is confidence",1,58775,80.6
"19428","is connected",1,58776,80.6
"19429","is considering",1,58777,80.6
"19430","is cost",1,58778,80.6
"19431","is country",1,58779,80.6
"19432","is dark",1,58780,80.61
"19433","is difficult",1,58781,80.61
"19434","is does",1,58782,80.61
"19435","is double",1,58783,80.61
"19436","is easy",1,58784,80.61
"19437","is either",1,58785,80.61
"19438","is enjoying",1,58786,80.61
"19439","is entirely",1,58787,80.62
"19440","is equally",1,58788,80.62
"19441","is exactly",1,58789,80.62
"19442","is facing",1,58790,80.62
"19443","is fair",1,58791,80.62
"19444","is fall",1,58792,80.62
"19445","is fantastic",1,58793,80.62
"19446","is filled",1,58794,80.62
"19447","is forced",1,58795,80.63
"19448","is forgotten",1,58796,80.63
"19449","is found",1,58797,80.63
"19450","is funny",1,58798,80.63
"19451","is giving",1,58799,80.63
"19452","is glad",1,58800,80.63
"19453","is grown",1,58801,80.63
"19454","is ha",1,58802,80.64
"19455","is happy",1,58803,80.64
"19456","is have",1,58804,80.64
"19457","is healthy",1,58805,80.64
"19458","is helpful",1,58806,80.64
"19459","is hi",1,58807,80.64
"19460","is high",1,58808,80.64
"19461","is hit",1,58809,80.65
"19462","is holding",1,58810,80.65
"19463","is hope",1,58811,80.65
"19464","is hot",1,58812,80.65
"19465","is included",1,58813,80.65
"19466","is incredibly",1,58814,80.65
"19467","is is",1,58815,80.65
"19468","is kept",1,58816,80.65
"19469","is key",1,58817,80.66
"19470","is king",1,58818,80.66
"19471","is late",1,58819,80.66
"19472","is learning",1,58820,80.66
"19473","is left",1,58821,80.66
"19474","is lie",1,58822,80.66
"19475","is little",1,58823,80.66
"19476","is living",1,58824,80.67
"19477","is love",1,58825,80.67
"19478","is low",1,58826,80.67
"19479","is m",1,58827,80.67
"19480","is made",1,58828,80.67
"19481","is merely",1,58829,80.67
"19482","is met",1,58830,80.67
"19483","is museum",1,58831,80.68
"19484","is nature",1,58832,80.68
"19485","is noted",1,58833,80.68
"19486","is nothing",1,58834,80.68
"19487","is offering",1,58835,80.68
"19488","is often",1,58836,80.68
"19489","is older",1,58837,80.68
"19490","is or",1,58838,80.69
"19491","is ourselves",1,58839,80.69
"19492","is painting",1,58840,80.69
"19493","is part",1,58841,80.69
"19494","is party",1,58842,80.69
"19495","is perfect",1,58843,80.69
"19496","is pink",1,58844,80.69
"19497","is positive",1,58845,80.69
"19498","is posted",1,58846,80.7
"19499","is pregnant",1,58847,80.7
"19500","is probably",1,58848,80.7
"19501","is raise",1,58849,80.7
"19502","is safe",1,58850,80.7
"19503","is said",1,58851,80.7
"19504","is saved",1,58852,80.7
"19505","is saying",1,58853,80.71
"19506","is seriously",1,58854,80.71
"19507","is setting",1,58855,80.71
"19508","is she",1,58856,80.71
"19509","is short",1,58857,80.71
"19510","is singing",1,58858,80.71
"19511","is soft",1,58859,80.71
"19512","is somehow",1,58860,80.72
"19513","is someone",1,58861,80.72
"19514","is somewhat",1,58862,80.72
"19515","is starting",1,58863,80.72
"19516","is straight",1,58864,80.72
"19517","is subject",1,58865,80.72
"19518","is success",1,58866,80.72
"19519","is summer",1,58867,80.72
"19520","is tell",1,58868,80.73
"19521","is them",1,58869,80.73
"19522","is themselves",1,58870,80.73
"19523","is therefore",1,58871,80.73
"19524","is thick",1,58872,80.73
"19525","is thinking",1,58873,80.73
"19526","is though",1,58874,80.73
"19527","is time",1,58875,80.74
"19528","is tired",1,58876,80.74
"19529","is today",1,58877,80.74
"19530","is together",1,58878,80.74
"19531","is top",1,58879,80.74
"19532","is towards",1,58880,80.74
"19533","is ultimately",1,58881,80.74
"19534","is under",1,58882,80.75
"19535","is until",1,58883,80.75
"19536","is used",1,58884,80.75
"19537","is usually",1,58885,80.75
"19538","is van",1,58886,80.75
"19539","is wearing",1,58887,80.75
"19540","is whether",1,58888,80.75
"19541","is while",1,58889,80.76
"19542","is who",1,58890,80.76
"19543","is willing",1,58891,80.76
"19544","is without",1,58892,80.76
"19545","is won",1,58893,80.76
"19546","is wonderful",1,58894,80.76
"19547","is work",1,58895,80.76
"19548","is world",1,58896,80.76
"19549","is year",1,58897,80.77
"19550","island an",1,58898,80.77
"19551","island and",1,58899,80.77
"19552","island but",1,58900,80.77
"19553","island in",1,58901,80.77
"19554","island s",1,58902,80.77
"19555","island so",1,58903,80.77
"19556","island the",1,58904,80.78
"19557","island this",1,58905,80.78
"19558","island we",1,58906,80.78
"19559","island were",1,58907,80.78
"19560","island which",1,58908,80.78
"19561","issue although",1,58909,80.78
"19562","issue and",1,58910,80.78
"19563","issue by",1,58911,80.79
"19564","issue for",1,58912,80.79
"19565","issue in",1,58913,80.79
"19566","issue of",1,58914,80.79
"19567","issue reading",1,58915,80.79
"19568","issue the",1,58916,80.79
"19569","issue we",1,58917,80.79
"19570","issue with",1,58918,80.79
"19571","it across",1,58919,80.8
"19572","it anyone",1,58920,80.8
"19573","it anyway",1,58921,80.8
"19574","it before",1,58922,80.8
"19575","it below",1,58923,80.8
"19576","it better",1,58924,80.8
"19577","it cannot",1,58925,80.8
"19578","it clean",1,58926,80.81
"19579","it clear",1,58927,80.81
"19580","it clearly",1,58928,80.81
"19581","it come",1,58929,80.81
"19582","it currently",1,58930,80.81
"19583","it defense",1,58931,80.81
"19584","it despite",1,58932,80.81
"19585","it do",1,58933,80.82
"19586","it down",1,58934,80.82
"19587","it drop",1,58935,80.82
"19588","it drove",1,58936,80.82
"19589","it easy",1,58937,80.82
"19590","it end",1,58938,80.82
"19591","it ended",1,58939,80.82
"19592","it every",1,58940,80.82
"19593","it fair",1,58941,80.83
"19594","it far",1,58942,80.83
"19595","it feeling",1,58943,80.83
"19596","it field",1,58944,80.83
"19597","it free",1,58945,80.83
"19598","it further",1,58946,80.83
"19599","it gave",1,58947,80.83
"19600","it go",1,58948,80.84
"19601","it going",1,58949,80.84
"19602","it got",1,58950,80.84
"19603","it green",1,58951,80.84
"19604","it hard",1,58952,80.84
"19605","it have",1,58953,80.84
"19606","it himself",1,58954,80.84
"19607","it hit",1,58955,80.85
"19608","it hot",1,58956,80.85
"19609","it immediately",1,58957,80.85
"19610","it impossible",1,58958,80.85
"19611","it joe",1,58959,80.85
"19612","it justice",1,58960,80.85
"19613","it kind",1,58961,80.85
"19614","it last",1,58962,80.86
"19615","it later",1,58963,80.86
"19616","it love",1,58964,80.86
"19617","it mean",1,58965,80.86
"19618","it most",1,58966,80.86
"19619","it naturally",1,58967,80.86
"19620","it news",1,58968,80.86
"19621","it no",1,58969,80.86
"19622","it normally",1,58970,80.87
"19623","it once",1,58971,80.87
"19624","it only",1,58972,80.87
"19625","it open",1,58973,80.87
"19626","it other",1,58974,80.87
"19627","it our",1,58975,80.87
"19628","it past",1,58976,80.87
"19629","it point",1,58977,80.88
"19630","it practice",1,58978,80.88
"19631","it provided",1,58979,80.88
"19632","it pushing",1,58980,80.88
"19633","it quiet",1,58981,80.88
"19634","it quite",1,58982,80.88
"19635","it rise",1,58983,80.88
"19636","it safe",1,58984,80.89
"19637","it sense",1,58985,80.89
"19638","it shopping",1,58986,80.89
"19639","it simple",1,58987,80.89
"19640","it slowly",1,58988,80.89
"19641","it start",1,58989,80.89
"19642","it stopped",1,58990,80.89
"19643","it strong",1,58991,80.89
"19644","it taken",1,58992,80.9
"19645","it than",1,58993,80.9
"19646","it their",1,58994,80.9
"19647","it these",1,58995,80.9
"19648","it this",1,58996,80.9
"19649","it time",1,58997,80.9
"19650","it toward",1,58998,80.9
"19651","it tried",1,58999,80.91
"19652","it true",1,59000,80.91
"19653","it u",1,59001,80.91
"19654","it under",1,59002,80.91
"19655","it until",1,59003,80.91
"19656","it us",1,59004,80.91
"19657","it very",1,59005,80.91
"19658","it whenever",1,59006,80.92
"19659","it whether",1,59007,80.92
"19660","it which",1,59008,80.92
"19661","it while",1,59009,80.92
"19662","it why",1,59010,80.92
"19663","it work",1,59011,80.92
"19664","it worse",1,59012,80.92
"19665","it wrong",1,59013,80.93
"19666","it yourself",1,59014,80.93
"19667","item no",1,59015,80.93
"19668","item of",1,59016,80.93
"19669","item or",1,59017,80.93
"19670","its a",1,59018,80.93
"19671","its ability",1,59019,80.93
"19672","its actual",1,59020,80.93
"19673","its another",1,59021,80.94
"19674","its as",1,59022,80.94
"19675","its audience",1,59023,80.94
"19676","its based",1,59024,80.94
"19677","its beer",1,59025,80.94
"19678","its best",1,59026,80.94
"19679","its bob",1,59027,80.94
"19680","its class",1,59028,80.95
"19681","its come",1,59029,80.95
"19682","its current",1,59030,80.95
"19683","its even",1,59031,80.95
"19684","its extreme",1,59032,80.95
"19685","its first",1,59033,80.95
"19686","its four",1,59034,80.95
"19687","its future",1,59035,80.96
"19688","its global",1,59036,80.96
"19689","its glory",1,59037,80.96
"19690","its heart",1,59038,80.96
"19691","its i",1,59039,80.96
"19692","its important",1,59040,80.96
"19693","its language",1,59041,80.96
"19694","its lower",1,59042,80.96
"19695","its me",1,59043,80.97
"19696","its native",1,59044,80.97
"19697","its new",1,59045,80.97
"19698","its not",1,59046,80.97
"19699","its oil",1,59047,80.97
"19700","its path",1,59048,80.97
"19701","its place",1,59049,80.97
"19702","its primary",1,59050,80.98
"19703","its purpose",1,59051,80.98
"19704","its quite",1,59052,80.98
"19705","its really",1,59053,80.98
"19706","its release",1,59054,80.98
"19707","its should",1,59055,80.98
"19708","its side",1,59056,80.98
"19709","its something",1,59057,80.99
"19710","its song",1,59058,80.99
"19711","its spending",1,59059,80.99
"19712","its strength",1,59060,80.99
"19713","its surface",1,59061,80.99
"19714","its that",1,59062,80.99
"19715","its time",1,59063,80.99
"19716","its tough",1,59064,81
"19717","its true",1,59065,81
"19718","its various",1,59066,81
"19719","its weird",1,59067,81
"19720","its what",1,59068,81
"19721","its with",1,59069,81
"19722","its wonderful",1,59070,81
"19723","itself after",1,59071,81
"19724","itself been",1,59072,81.01
"19725","itself had",1,59073,81.01
"19726","itself in",1,59074,81.01
"19727","itself into",1,59075,81.01
"19728","itself men",1,59076,81.01
"19729","itself not",1,59077,81.01
"19730","itself on",1,59078,81.01
"19731","itself the",1,59079,81.02
"19732","itself there",1,59080,81.02
"19733","itself to",1,59081,81.02
"19734","itself tonight",1,59082,81.02
"19735","itself we",1,59083,81.02
"19736","itself with",1,59084,81.02
"19737","j and",1,59085,81.02
"19738","j h",1,59086,81.03
"19739","j k",1,59087,81.03
"19740","j let",1,59088,81.03
"19741","j m",1,59089,81.03
"19742","j sweet",1,59090,81.03
"19743","jack and",1,59091,81.03
"19744","jack as",1,59092,81.03
"19745","jack but",1,59093,81.03
"19746","jack print",1,59094,81.04
"19747","jack up",1,59095,81.04
"19748","japan are",1,59096,81.04
"19749","japan so",1,59097,81.04
"19750","job as",1,59098,81.04
"19751","job at",1,59099,81.04
"19752","job creation",1,59100,81.04
"19753","job depending",1,59101,81.05
"19754","job done",1,59102,81.05
"19755","job first",1,59103,81.05
"19756","job however",1,59104,81.05
"19757","job my",1,59105,81.05
"19758","job needs",1,59106,81.05
"19759","job or",1,59107,81.05
"19760","job other",1,59108,81.06
"19761","job place",1,59109,81.06
"19762","job this",1,59110,81.06
"19763","job to",1,59111,81.06
"19764","job was",1,59112,81.06
"19765","job we",1,59113,81.06
"19766","joe certainly",1,59114,81.06
"19767","joe his",1,59115,81.06
"19768","joe in",1,59116,81.07
"19769","join and",1,59117,81.07
"19770","join me",1,59118,81.07
"19771","join the",1,59119,81.07
"19772","joke awesome",1,59120,81.07
"19773","joke but",1,59121,81.07
"19774","joke from",1,59122,81.07
"19775","joke when",1,59123,81.08
"19776","journal in",1,59124,81.08
"19777","journal is",1,59125,81.08
"19778","journal of",1,59126,81.08
"19779","journal will",1,59127,81.08
"19780","journal you",1,59128,81.08
"19781","journey down",1,59129,81.08
"19782","journey is",1,59130,81.09
"19783","journey rather",1,59131,81.09
"19784","journey so",1,59132,81.09
"19785","journey we",1,59133,81.09
"19786","journey will",1,59134,81.09
"19787","journey would",1,59135,81.09
"19788","joy and",1,59136,81.09
"19789","joy fill",1,59137,81.1
"19790","joy for",1,59138,81.1
"19791","joy in",1,59139,81.1
"19792","joy into",1,59140,81.1
"19793","joy stamp",1,59141,81.1
"19794","joy that",1,59142,81.1
"19795","joy to",1,59143,81.1
"19796","joy you",1,59144,81.1
"19797","judge between",1,59145,81.11
"19798","judge not",1,59146,81.11
"19799","judge yourself",1,59147,81.11
"19800","juice add",1,59148,81.11
"19801","juice can",1,59149,81.11
"19802","juice for",1,59150,81.11
"19803","juice goes",1,59151,81.11
"19804","juice if",1,59152,81.12
"19805","juice of",1,59153,81.12
"19806","juice spread",1,59154,81.12
"19807","juice that",1,59155,81.12
"19808","jump and",1,59156,81.12
"19809","jump around",1,59157,81.12
"19810","jump in",1,59158,81.12
"19811","jump on",1,59159,81.13
"19812","jump out",1,59160,81.13
"19813","june a",1,59161,81.13
"19814","june but",1,59162,81.13
"19815","june i",1,59163,81.13
"19816","june seeking",1,59164,81.13
"19817","june were",1,59165,81.13
"19818","june with",1,59166,81.13
"19819","just above",1,59167,81.14
"19820","just accept",1,59168,81.14
"19821","just add",1,59169,81.14
"19822","just any",1,59170,81.14
"19823","just basic",1,59171,81.14
"19824","just being",1,59172,81.14
"19825","just better",1,59173,81.14
"19826","just broken",1,59174,81.15
"19827","just by",1,59175,81.15
"19828","just cut",1,59176,81.15
"19829","just do",1,59177,81.15
"19830","just eat",1,59178,81.15
"19831","just every",1,59179,81.15
"19832","just feel",1,59180,81.15
"19833","just fell",1,59181,81.16
"19834","just fill",1,59182,81.16
"19835","just first",1,59183,81.16
"19836","just follow",1,59184,81.16
"19837","just from",1,59185,81.16
"19838","just fun",1,59186,81.16
"19839","just generally",1,59187,81.16
"19840","just getting",1,59188,81.17
"19841","just go",1,59189,81.17
"19842","just got",1,59190,81.17
"19843","just had",1,59191,81.17
"19844","just have",1,59192,81.17
"19845","just her",1,59193,81.17
"19846","just here",1,59194,81.17
"19847","just hold",1,59195,81.17
"19848","just hope",1,59196,81.18
"19849","just imagine",1,59197,81.18
"19850","just inside",1,59198,81.18
"19851","just keep",1,59199,81.18
"19852","just kept",1,59200,81.18
"19853","just knowing",1,59201,81.18
"19854","just lack",1,59202,81.18
"19855","just laughing",1,59203,81.19
"19856","just leave",1,59204,81.19
"19857","just left",1,59205,81.19
"19858","just let",1,59206,81.19
"19859","just looking",1,59207,81.19
"19860","just lost",1,59208,81.19
"19861","just made",1,59209,81.19
"19862","just might",1,59210,81.2
"19863","just more",1,59211,81.2
"19864","just naturally",1,59212,81.2
"19865","just no",1,59213,81.2
"19866","just plain",1,59214,81.2
"19867","just pretty",1,59215,81.2
"19868","just put",1,59216,81.2
"19869","just returned",1,59217,81.2
"19870","just saw",1,59218,81.21
"19871","just seen",1,59219,81.21
"19872","just send",1,59220,81.21
"19873","just seriously",1,59221,81.21
"19874","just sit",1,59222,81.21
"19875","just some",1,59223,81.21
"19876","just sort",1,59224,81.21
"19877","just start",1,59225,81.22
"19878","just stood",1,59226,81.22
"19879","just stopped",1,59227,81.22
"19880","just take",1,59228,81.22
"19881","just taken",1,59229,81.22
"19882","just ten",1,59230,81.22
"19883","just their",1,59231,81.22
"19884","just they",1,59232,81.23
"19885","just thrown",1,59233,81.23
"19886","just two",1,59234,81.23
"19887","just unit",1,59235,81.23
"19888","just up",1,59236,81.23
"19889","just used",1,59237,81.23
"19890","just waiting",1,59238,81.23
"19891","just war",1,59239,81.24
"19892","just watching",1,59240,81.24
"19893","just when",1,59241,81.24
"19894","just work",1,59242,81.24
"19895","just yesterday",1,59243,81.24
"19896","just yours",1,59244,81.24
"19897","justice and",1,59245,81.24
"19898","justice had",1,59246,81.24
"19899","justice shall",1,59247,81.25
"19900","justice so",1,59248,81.25
"19901","justice system",1,59249,81.25
"19902","justice there",1,59250,81.25
"19903","justice through",1,59251,81.25
"19904","k and",1,59252,81.25
"19905","k as",1,59253,81.25
"19906","k book",1,59254,81.26
"19907","k from",1,59255,81.26
"19908","k i",1,59256,81.26
"19909","k it",1,59257,81.26
"19910","k no",1,59258,81.26
"19911","k on",1,59259,81.26
"19912","k thanks",1,59260,81.26
"19913","k you",1,59261,81.27
"19914","keep around",1,59262,81.27
"19915","keep away",1,59263,81.27
"19916","keep cool",1,59264,81.27
"19917","keep fairly",1,59265,81.27
"19918","keep feeling",1,59266,81.27
"19919","keep for",1,59267,81.27
"19920","keep hearing",1,59268,81.27
"19921","keep him",1,59269,81.28
"19922","keep learning",1,59270,81.28
"19923","keep my",1,59271,81.28
"19924","keep on",1,59272,81.28
"19925","keep order",1,59273,81.28
"19926","keep ourselves",1,59274,81.28
"19927","keep people",1,59275,81.28
"19928","keep posting",1,59276,81.29
"19929","keep someone",1,59277,81.29
"19930","keep that",1,59278,81.29
"19931","keep those",1,59279,81.29
"19932","keep track",1,59280,81.29
"19933","keep up",1,59281,81.29
"19934","keep which",1,59282,81.29
"19935","keep writing",1,59283,81.3
"19936","keep you",1,59284,81.3
"19937","keeping a",1,59285,81.3
"19938","keeping away",1,59286,81.3
"19939","keeping he",1,59287,81.3
"19940","keeping my",1,59288,81.3
"19941","keeping quiet",1,59289,81.3
"19942","keeping there",1,59290,81.3
"19943","keeping this",1,59291,81.31
"19944","keeping track",1,59292,81.31
"19945","keeping up",1,59293,81.31
"19946","kept and",1,59294,81.31
"19947","kept going",1,59295,81.31
"19948","kept happening",1,59296,81.31
"19949","kept it",1,59297,81.31
"19950","kept me",1,59298,81.32
"19951","kept moving",1,59299,81.32
"19952","kept saying",1,59300,81.32
"19953","kept talking",1,59301,81.32
"19954","kept thinking",1,59302,81.32
"19955","kept toward",1,59303,81.32
"19956","kept waiting",1,59304,81.32
"19957","kept with",1,59305,81.33
"19958","kept writing",1,59306,81.33
"19959","key chain",1,59307,81.33
"19960","key from",1,59308,81.33
"19961","key our",1,59309,81.33
"19962","key store",1,59310,81.33
"19963","key who",1,59311,81.33
"19964","kick and",1,59312,81.34
"19965","kick its",1,59313,81.34
"19966","kick out",1,59314,81.34
"19967","kind heart",1,59315,81.34
"19968","kind the",1,59316,81.34
"19969","king day",1,59317,81.34
"19970","king my",1,59318,81.34
"19971","king the",1,59319,81.34
"19972","kingdom after",1,59320,81.35
"19973","kingdom of",1,59321,81.35
"19974","kingdom tough",1,59322,81.35
"19975","kiss and",1,59323,81.35
"19976","kiss the",1,59324,81.35
"19977","kit along",1,59325,81.35
"19978","kit if",1,59326,81.35
"19979","kitchen a",1,59327,81.36
"19980","kitchen and",1,59328,81.36
"19981","kitchen at",1,59329,81.36
"19982","kitchen away",1,59330,81.36
"19983","kitchen floor",1,59331,81.36
"19984","kitchen for",1,59332,81.36
"19985","kitchen go",1,59333,81.36
"19986","kitchen in",1,59334,81.37
"19987","kitchen now",1,59335,81.37
"19988","kitchen s",1,59336,81.37
"19989","kitchen stuff",1,59337,81.37
"19990","kitchen was",1,59338,81.37
"19991","kitchen with",1,59339,81.37
"19992","knew about",1,59340,81.37
"19993","knew all",1,59341,81.37
"19994","knew how",1,59342,81.38
"19995","knew if",1,59343,81.38
"19996","knew just",1,59344,81.38
"19997","knew more",1,59345,81.38
"19998","knew she",1,59346,81.38
"19999","knew this",1,59347,81.38
"20000","knew we",1,59348,81.38
"20001","knew what",1,59349,81.39
"20002","knew why",1,59350,81.39
"20003","knew you",1,59351,81.39
"20004","know all",1,59352,81.39
"20005","know any",1,59353,81.39
"20006","know anything",1,59354,81.39
"20007","know better",1,59355,81.39
"20008","know don",1,59356,81.4
"20009","know either",1,59357,81.4
"20010","know every",1,59358,81.4
"20011","know had",1,59359,81.4
"20012","know have",1,59360,81.4
"20013","know heaven",1,59361,81.4
"20014","know her",1,59362,81.4
"20015","know human",1,59363,81.41
"20016","know lake",1,59364,81.41
"20017","know like",1,59365,81.41
"20018","know much",1,59366,81.41
"20019","know new",1,59367,81.41
"20020","know nor",1,59368,81.41
"20021","know not",1,59369,81.41
"20022","know nothing",1,59370,81.41
"20023","know obvious",1,59371,81.42
"20024","know on",1,59372,81.42
"20025","know only",1,59373,81.42
"20026","know politics",1,59374,81.42
"20027","know sleep",1,59375,81.42
"20028","know so",1,59376,81.42
"20029","know some",1,59377,81.42
"20030","know something",1,59378,81.43
"20031","know those",1,59379,81.43
"20032","know unfortunately",1,59380,81.43
"20033","know was",1,59381,81.43
"20034","know with",1,59382,81.43
"20035","know would",1,59383,81.43
"20036","know yourself",1,59384,81.43
"20037","knowing it",1,59385,81.44
"20038","knowing now",1,59386,81.44
"20039","knowing simply",1,59387,81.44
"20040","knowing what",1,59388,81.44
"20041","knowledge or",1,59389,81.44
"20042","knowledge that",1,59390,81.44
"20043","known a",1,59391,81.44
"20044","known all",1,59392,81.44
"20045","known and",1,59393,81.45
"20046","known from",1,59394,81.45
"20047","known here",1,59395,81.45
"20048","known in",1,59396,81.45
"20049","known only",1,59397,81.45
"20050","known to",1,59398,81.45
"20051","l a",1,59399,81.45
"20052","l d",1,59400,81.46
"20053","l i",1,59401,81.46
"20054","l lovely",1,59402,81.46
"20055","la de",1,59403,81.46
"20056","la la",1,59404,81.46
"20057","la land",1,59405,81.46
"20058","la newspaper",1,59406,81.46
"20059","la river",1,59407,81.47
"20060","la times",1,59408,81.47
"20061","label the",1,59409,81.47
"20062","labor at",1,59410,81.47
"20063","labor either",1,59411,81.47
"20064","labor it",1,59412,81.47
"20065","labor such",1,59413,81.47
"20066","labor union",1,59414,81.47
"20067","labor what",1,59415,81.48
"20068","labour and",1,59416,81.48
"20069","labour needs",1,59417,81.48
"20070","labour party",1,59418,81.48
"20071","labour to",1,59419,81.48
"20072","lack intelligence",1,59420,81.48
"20073","ladies in",1,59421,81.48
"20074","lady and",1,59422,81.49
"20075","lady can",1,59423,81.49
"20076","lady fashion",1,59424,81.49
"20077","lady or",1,59425,81.49
"20078","lady plus",1,59426,81.49
"20079","lady s",1,59427,81.49
"20080","lady t",1,59428,81.49
"20081","lady teeth",1,59429,81.5
"20082","lake and",1,59430,81.5
"20083","lake city",1,59431,81.5
"20084","lake house",1,59432,81.5
"20085","lake public",1,59433,81.5
"20086","lake the",1,59434,81.5
"20087","lake this",1,59435,81.5
"20088","lake well",1,59436,81.51
"20089","lake whose",1,59437,81.51
"20090","land any",1,59438,81.51
"20091","land are",1,59439,81.51
"20092","land around",1,59440,81.51
"20093","land as",1,59441,81.51
"20094","land becomes",1,59442,81.51
"20095","land from",1,59443,81.51
"20096","land investment",1,59444,81.52
"20097","land is",1,59445,81.52
"20098","land the",1,59446,81.52
"20099","land to",1,59447,81.52
"20100","language and",1,59448,81.52
"20101","language because",1,59449,81.52
"20102","language he",1,59450,81.52
"20103","language on",1,59451,81.53
"20104","large and",1,59452,81.53
"20105","large area",1,59453,81.53
"20106","large by",1,59454,81.53
"20107","large desk",1,59455,81.53
"20108","large non",1,59456,81.53
"20109","large on",1,59457,81.53
"20110","large or",1,59458,81.54
"20111","large pan",1,59459,81.54
"20112","large part",1,59460,81.54
"20113","large population",1,59461,81.54
"20114","large that",1,59462,81.54
"20115","large today",1,59463,81.54
"20116","large with",1,59464,81.54
"20117","large yellow",1,59465,81.54
"20118","last according",1,59466,81.55
"20119","last act",1,59467,81.55
"20120","last afternoon",1,59468,81.55
"20121","last and",1,59469,81.55
"20122","last at",1,59470,81.55
"20123","last away",1,59471,81.55
"20124","last birthday",1,59472,81.55
"20125","last couple",1,59473,81.56
"20126","last course",1,59474,81.56
"20127","last days",1,59475,81.56
"20128","last dog",1,59476,81.56
"20129","last fell",1,59477,81.56
"20130","last few",1,59478,81.56
"20131","last five",1,59479,81.56
"20132","last for",1,59480,81.57
"20133","last forever",1,59481,81.57
"20134","last found",1,59482,81.57
"20135","last growth",1,59483,81.57
"20136","last had",1,59484,81.57
"20137","last him",1,59485,81.57
"20138","last how",1,59486,81.57
"20139","last i",1,59487,81.58
"20140","last it",1,59488,81.58
"20141","last may",1,59489,81.58
"20142","last meeting",1,59490,81.58
"20143","last met",1,59491,81.58
"20144","last minute",1,59492,81.58
"20145","last my",1,59493,81.58
"20146","last not",1,59494,81.58
"20147","last ride",1,59495,81.59
"20148","last season",1,59496,81.59
"20149","last seven",1,59497,81.59
"20150","last several",1,59498,81.59
"20151","last thing",1,59499,81.59
"20152","last to",1,59500,81.59
"20153","last training",1,59501,81.59
"20154","last we",1,59502,81.6
"20155","late and",1,59503,81.6
"20156","late are",1,59504,81.6
"20157","late at",1,59505,81.6
"20158","late because",1,59506,81.6
"20159","late dear",1,59507,81.6
"20160","late for",1,59508,81.6
"20161","late getting",1,59509,81.61
"20162","late i",1,59510,81.61
"20163","late in",1,59511,81.61
"20164","late male",1,59512,81.61
"20165","late of",1,59513,81.61
"20166","late showing",1,59514,81.61
"20167","late since",1,59515,81.61
"20168","late summer",1,59516,81.61
"20169","late th",1,59517,81.62
"20170","late the",1,59518,81.62
"20171","late these",1,59519,81.62
"20172","late this",1,59520,81.62
"20173","lately about",1,59521,81.62
"20174","lately and",1,59522,81.62
"20175","lately been",1,59523,81.62
"20176","lately decided",1,59524,81.63
"20177","lately have",1,59525,81.63
"20178","lately he",1,59526,81.63
"20179","lately love",1,59527,81.63
"20180","later and",1,59528,81.63
"20181","later broken",1,59529,81.63
"20182","later in",1,59530,81.63
"20183","later it",1,59531,81.64
"20184","later like",1,59532,81.64
"20185","later my",1,59533,81.64
"20186","later reach",1,59534,81.64
"20187","later said",1,59535,81.64
"20188","later subject",1,59536,81.64
"20189","later the",1,59537,81.64
"20190","later this",1,59538,81.65
"20191","later times",1,59539,81.65
"20192","later to",1,59540,81.65
"20193","latest being",1,59541,81.65
"20194","latest effort",1,59542,81.65
"20195","latest local",1,59543,81.65
"20196","latest long",1,59544,81.65
"20197","laugh about",1,59545,81.65
"20198","laugh at",1,59546,81.66
"20199","laugh especially",1,59547,81.66
"20200","laugh guy",1,59548,81.66
"20201","laugh meant",1,59549,81.66
"20202","laugh sometimes",1,59550,81.66
"20203","laughing and",1,59551,81.66
"20204","laughing stock",1,59552,81.66
"20205","law all",1,59553,81.67
"20206","law and",1,59554,81.67
"20207","law firm",1,59555,81.67
"20208","law have",1,59556,81.67
"20209","law how",1,59557,81.67
"20210","law i",1,59558,81.67
"20211","law in",1,59559,81.67
"20212","law is",1,59560,81.68
"20213","law not",1,59561,81.68
"20214","law nothing",1,59562,81.68
"20215","law of",1,59563,81.68
"20216","law school",1,59564,81.68
"20217","law so",1,59565,81.68
"20218","law was",1,59566,81.68
"20219","law who",1,59567,81.68
"20220","lay bank",1,59568,81.69
"20221","lay dying",1,59569,81.69
"20222","lay low",1,59570,81.69
"20223","lay this",1,59571,81.69
"20224","layer and",1,59572,81.69
"20225","layer at",1,59573,81.69
"20226","lead a",1,59574,81.69
"20227","lead and",1,59575,81.7
"20228","lead us",1,59576,81.7
"20229","lead your",1,59577,81.7
"20230","leader all",1,59578,81.7
"20231","leader along",1,59579,81.7
"20232","leader as",1,59580,81.7
"20233","leader more",1,59581,81.7
"20234","leader must",1,59582,81.71
"20235","leader one",1,59583,81.71
"20236","leadership at",1,59584,81.71
"20237","leadership better",1,59585,81.71
"20238","leadership is",1,59586,81.71
"20239","leading to",1,59587,81.71
"20240","leading up",1,59588,81.71
"20241","league possibly",1,59589,81.71
"20242","league were",1,59590,81.72
"20243","learn and",1,59591,81.72
"20244","learn from",1,59592,81.72
"20245","learn more",1,59593,81.72
"20246","learn my",1,59594,81.72
"20247","learned another",1,59595,81.72
"20248","learned by",1,59596,81.72
"20249","learned if",1,59597,81.73
"20250","learned in",1,59598,81.73
"20251","learned little",1,59599,81.73
"20252","learned my",1,59600,81.73
"20253","learned that",1,59601,81.73
"20254","learning about",1,59602,81.73
"20255","learning and",1,59603,81.73
"20256","learning how",1,59604,81.74
"20257","learning not",1,59605,81.74
"20258","learning side",1,59606,81.74
"20259","learning the",1,59607,81.74
"20260","learning time",1,59608,81.74
"20261","learning whether",1,59609,81.74
"20262","least a",1,59610,81.74
"20263","least and",1,59611,81.75
"20264","least at",1,59612,81.75
"20265","least before",1,59613,81.75
"20266","least being",1,59614,81.75
"20267","least four",1,59615,81.75
"20268","least from",1,59616,81.75
"20269","least if",1,59617,81.75
"20270","least is",1,59618,81.75
"20271","least just",1,59619,81.76
"20272","least more",1,59620,81.76
"20273","least my",1,59621,81.76
"20274","least part",1,59622,81.76
"20275","least run",1,59623,81.76
"20276","least she",1,59624,81.76
"20277","least so",1,59625,81.76
"20278","least some",1,59626,81.77
"20279","least someone",1,59627,81.77
"20280","least somewhat",1,59628,81.77
"20281","least that",1,59629,81.77
"20282","least times",1,59630,81.77
"20283","least was",1,59631,81.77
"20284","least we",1,59632,81.77
"20285","least western",1,59633,81.78
"20286","least where",1,59634,81.78
"20287","leave beautiful",1,59635,81.78
"20288","leave but",1,59636,81.78
"20289","leave everything",1,59637,81.78
"20290","leave just",1,59638,81.78
"20291","leave maybe",1,59639,81.78
"20292","leave our",1,59640,81.78
"20293","leave some",1,59641,81.79
"20294","leave us",1,59642,81.79
"20295","leave your",1,59643,81.79
"20296","leaves and",1,59644,81.79
"20297","leaves are",1,59645,81.79
"20298","leaves change",1,59646,81.79
"20299","leaves designed",1,59647,81.79
"20300","leaves making",1,59648,81.8
"20301","leaves many",1,59649,81.8
"20302","leaves me",1,59650,81.8
"20303","leaves providing",1,59651,81.8
"20304","leaves so",1,59652,81.8
"20305","leaves three",1,59653,81.8
"20306","leaves wash",1,59654,81.8
"20307","leaving about",1,59655,81.81
"20308","leaving date",1,59656,81.81
"20309","leaving it",1,59657,81.81
"20310","led out",1,59658,81.81
"20311","led you",1,59659,81.81
"20312","lee in",1,59660,81.81
"20313","lee valley",1,59661,81.81
"20314","left a",1,59662,81.82
"20315","left behind",1,59663,81.82
"20316","left bright",1,59664,81.82
"20317","left except",1,59665,81.82
"20318","left for",1,59666,81.82
"20319","left front",1,59667,81.82
"20320","left in",1,59668,81.82
"20321","left like",1,59669,81.82
"20322","left many",1,59670,81.83
"20323","left my",1,59671,81.83
"20324","left new",1,59672,81.83
"20325","left office",1,59673,81.83
"20326","left one",1,59674,81.83
"20327","left onto",1,59675,81.83
"20328","left shoulder",1,59676,81.83
"20329","left so",1,59677,81.84
"20330","left some",1,59678,81.84
"20331","left t",1,59679,81.84
"20332","left their",1,59680,81.84
"20333","left them",1,59681,81.84
"20334","left there",1,59682,81.84
"20335","left was",1,59683,81.84
"20336","left where",1,59684,81.85
"20337","leg a",1,59685,81.85
"20338","leg almost",1,59686,81.85
"20339","leg at",1,59687,81.85
"20340","leg by",1,59688,81.85
"20341","legal battle",1,59689,81.85
"20342","legal in",1,59690,81.85
"20343","legal money",1,59691,81.85
"20344","legal still",1,59692,81.86
"20345","lemon as",1,59693,81.86
"20346","lemon juice",1,59694,81.86
"20347","length about",1,59695,81.86
"20348","length management",1,59696,81.86
"20349","less anger",1,59697,81.86
"20350","less at",1,59698,81.86
"20351","less because",1,59699,81.87
"20352","less but",1,59700,81.87
"20353","less by",1,59701,81.87
"20354","less concerned",1,59702,81.87
"20355","less from",1,59703,81.87
"20356","less good",1,59704,81.87
"20357","less hungry",1,59705,81.87
"20358","less in",1,59706,81.88
"20359","less more",1,59707,81.88
"20360","less our",1,59708,81.88
"20361","less sad",1,59709,81.88
"20362","less so",1,59710,81.88
"20363","less street",1,59711,81.88
"20364","less the",1,59712,81.88
"20365","less they",1,59713,81.89
"20366","less to",1,59714,81.89
"20367","less you",1,59715,81.89
"20368","lesson are",1,59716,81.89
"20369","lesson for",1,59717,81.89
"20370","lesson long",1,59718,81.89
"20371","lesson while",1,59719,81.89
"20372","let a",1,59720,81.89
"20373","let anyone",1,59721,81.9
"20374","let him",1,59722,81.9
"20375","let in",1,59723,81.9
"20376","let know",1,59724,81.9
"20377","let loose",1,59725,81.9
"20378","let mine",1,59726,81.9
"20379","let money",1,59727,81.9
"20380","let off",1,59728,81.91
"20381","let our",1,59729,81.91
"20382","let stress",1,59730,81.91
"20383","let tomorrow",1,59731,81.91
"20384","let yourself",1,59732,81.91
"20385","letter from",1,59733,81.91
"20386","letter we",1,59734,81.91
"20387","letter with",1,59735,81.92
"20388","level driving",1,59736,81.92
"20389","level for",1,59737,81.92
"20390","level high",1,59738,81.92
"20391","level it",1,59739,81.92
"20392","level none",1,59740,81.92
"20393","level read",1,59741,81.92
"20394","level talk",1,59742,81.92
"20395","level this",1,59743,81.93
"20396","level title",1,59744,81.93
"20397","level with",1,59745,81.93
"20398","library card",1,59746,81.93
"20399","library reference",1,59747,81.93
"20400","lie my",1,59748,81.93
"20401","lie their",1,59749,81.93
"20402","lie to",1,59750,81.94
"20403","life a",1,59751,81.94
"20404","life any",1,59752,81.94
"20405","life are",1,59753,81.94
"20406","life around",1,59754,81.94
"20407","life at",1,59755,81.94
"20408","life be",1,59756,81.94
"20409","life because",1,59757,81.95
"20410","life before",1,59758,81.95
"20411","life belief",1,59759,81.95
"20412","life but",1,59760,81.95
"20413","life character",1,59761,81.95
"20414","life during",1,59762,81.95
"20415","life eat",1,59763,81.95
"20416","life event",1,59764,81.95
"20417","life good",1,59765,81.96
"20418","life how",1,59766,81.96
"20419","life itself",1,59767,81.96
"20420","life just",1,59768,81.96
"20421","life later",1,59769,81.96
"20422","life maybe",1,59770,81.96
"20423","life meanwhile",1,59771,81.96
"20424","life must",1,59772,81.97
"20425","life my",1,59773,81.97
"20426","life now",1,59774,81.97
"20427","life or",1,59775,81.97
"20428","life our",1,59776,81.97
"20429","life out",1,59777,81.97
"20430","life policy",1,59778,81.97
"20431","life right",1,59779,81.98
"20432","life saving",1,59780,81.98
"20433","life style",1,59781,81.98
"20434","life such",1,59782,81.98
"20435","life t",1,59783,81.98
"20436","life thanks",1,59784,81.98
"20437","life today",1,59785,81.98
"20438","life until",1,59786,81.99
"20439","life we",1,59787,81.99
"20440","life when",1,59788,81.99
"20441","life with",1,59789,81.99
"20442","life without",1,59790,81.99
"20443","life worth",1,59791,81.99
"20444","light at",1,59792,81.99
"20445","light by",1,59793,81.99
"20446","light from",1,59794,82
"20447","light hair",1,59795,82
"20448","light i",1,59796,82
"20449","light industry",1,59797,82
"20450","light living",1,59798,82
"20451","light meal",1,59799,82
"20452","light one",1,59800,82
"20453","light over",1,59801,82.01
"20454","light s",1,59802,82.01
"20455","light seem",1,59803,82.01
"20456","light so",1,59804,82.01
"20457","light weight",1,59805,82.01
"20458","light when",1,59806,82.01
"20459","light with",1,59807,82.01
"20460","like another",1,59808,82.02
"20461","like baking",1,59809,82.02
"20462","like brown",1,59810,82.02
"20463","like busy",1,59811,82.02
"20464","like by",1,59812,82.02
"20465","like cake",1,59813,82.02
"20466","like chest",1,59814,82.02
"20467","like chicken",1,59815,82.02
"20468","like cooking",1,59816,82.03
"20469","like crazy",1,59817,82.03
"20470","like feeling",1,59818,82.03
"20471","like five",1,59819,82.03
"20472","like from",1,59820,82.03
"20473","like heavy",1,59821,82.03
"20474","like is",1,59822,82.03
"20475","like like",1,59823,82.04
"20476","like lots",1,59824,82.04
"20477","like much",1,59825,82.04
"20478","like no",1,59826,82.04
"20479","like nothing",1,59827,82.04
"20480","like old",1,59828,82.04
"20481","like only",1,59829,82.04
"20482","like otherwise",1,59830,82.05
"20483","like over",1,59831,82.05
"20484","like read",1,59832,82.05
"20485","like right",1,59833,82.05
"20486","like round",1,59834,82.05
"20487","like said",1,59835,82.05
"20488","like sent",1,59836,82.05
"20489","like seriously",1,59837,82.06
"20490","like stood",1,59838,82.06
"20491","like straight",1,59839,82.06
"20492","like summer",1,59840,82.06
"20493","like taking",1,59841,82.06
"20494","like teeth",1,59842,82.06
"20495","like telling",1,59843,82.06
"20496","like them",1,59844,82.06
"20497","like there",1,59845,82.07
"20498","like these",1,59846,82.07
"20499","like thinking",1,59847,82.07
"20500","like those",1,59848,82.07
"20501","like till",1,59849,82.07
"20502","like today",1,59850,82.07
"20503","like too",1,59851,82.07
"20504","like us",1,59852,82.08
"20505","like vanilla",1,59853,82.08
"20506","like walking",1,59854,82.08
"20507","like well",1,59855,82.08
"20508","like what",1,59856,82.08
"20509","like who",1,59857,82.08
"20510","like why",1,59858,82.08
"20511","like without",1,59859,82.09
"20512","like work",1,59860,82.09
"20513","like your",1,59861,82.09
"20514","likely far",1,59862,82.09
"20515","likely find",1,59863,82.09
"20516","likely here",1,59864,82.09
"20517","likely many",1,59865,82.09
"20518","likely picked",1,59866,82.09
"20519","likely related",1,59867,82.1
"20520","likely similar",1,59868,82.1
"20521","likely that",1,59869,82.1
"20522","likely the",1,59870,82.1
"20523","likely too",1,59871,82.1
"20524","limited edition",1,59872,82.1
"20525","limited emotional",1,59873,82.1
"20526","limited experience",1,59874,82.11
"20527","limited myself",1,59875,82.11
"20528","limited on",1,59876,82.11
"20529","limited over",1,59877,82.11
"20530","limited run",1,59878,82.11
"20531","line but",1,59879,82.11
"20532","line for",1,59880,82.11
"20533","line from",1,59881,82.12
"20534","line hand",1,59882,82.12
"20535","line in",1,59883,82.12
"20536","line of",1,59884,82.12
"20537","line perhaps",1,59885,82.12
"20538","line still",1,59886,82.12
"20539","line than",1,59887,82.12
"20540","line those",1,59888,82.12
"20541","line to",1,59889,82.13
"20542","line up",1,59890,82.13
"20543","line we",1,59891,82.13
"20544","line with",1,59892,82.13
"20545","line you",1,59893,82.13
"20546","link and",1,59894,82.13
"20547","link are",1,59895,82.13
"20548","link how",1,59896,82.14
"20549","link mostly",1,59897,82.14
"20550","link she",1,59898,82.14
"20551","list a",1,59899,82.14
"20552","list and",1,59900,82.14
"20553","list but",1,59901,82.14
"20554","list financial",1,59902,82.14
"20555","list for",1,59903,82.15
"20556","list goes",1,59904,82.15
"20557","list had",1,59905,82.15
"20558","list include",1,59906,82.15
"20559","list is",1,59907,82.15
"20560","list not",1,59908,82.15
"20561","list or",1,59909,82.15
"20562","list please",1,59910,82.16
"20563","list those",1,59911,82.16
"20564","list two",1,59912,82.16
"20565","list was",1,59913,82.16
"20566","listed on",1,59914,82.16
"20567","listen and",1,59915,82.16
"20568","listen i",1,59916,82.16
"20569","literally be",1,59917,82.16
"20570","literally giving",1,59918,82.17
"20571","literally go",1,59919,82.17
"20572","literally here",1,59920,82.17
"20573","literally it",1,59921,82.17
"20574","literally let",1,59922,82.17
"20575","literally lie",1,59923,82.17
"20576","literally lived",1,59924,82.17
"20577","literally more",1,59925,82.18
"20578","literally not",1,59926,82.18
"20579","literally stuff",1,59927,82.18
"20580","literally the",1,59928,82.18
"20581","literally three",1,59929,82.18
"20582","literary novel",1,59930,82.18
"20583","literature reading",1,59931,82.18
"20584","literature therefore",1,59932,82.19
"20585","little a",1,59933,82.19
"20586","little about",1,59934,82.19
"20587","little around",1,59935,82.19
"20588","little because",1,59936,82.19
"20589","little bed",1,59937,82.19
"20590","little before",1,59938,82.19
"20591","little between",1,59939,82.19
"20592","little but",1,59940,82.2
"20593","little catch",1,59941,82.2
"20594","little check",1,59942,82.2
"20595","little coming",1,59943,82.2
"20596","little community",1,59944,82.2
"20597","little confidence",1,59945,82.2
"20598","little cut",1,59946,82.2
"20599","little does",1,59947,82.21
"20600","little doubt",1,59948,82.21
"20601","little easier",1,59949,82.21
"20602","little effect",1,59950,82.21
"20603","little exercise",1,59951,82.21
"20604","little extra",1,59952,82.21
"20605","little family",1,59953,82.21
"20606","little field",1,59954,82.22
"20607","little finger",1,59955,82.22
"20608","little green",1,59956,82.22
"20609","little guy",1,59957,82.22
"20610","little here",1,59958,82.22
"20611","little higher",1,59959,82.22
"20612","little idea",1,59960,82.22
"20613","little in",1,59961,82.23
"20614","little keep",1,59962,82.23
"20615","little lady",1,59963,82.23
"20616","little lower",1,59964,82.23
"20617","little might",1,59965,82.23
"20618","little miss",1,59966,82.23
"20619","little new",1,59967,82.23
"20620","little now",1,59968,82.23
"20621","little of",1,59969,82.24
"20622","little one",1,59970,82.24
"20623","little ordinary",1,59971,82.24
"20624","little park",1,59972,82.24
"20625","little people",1,59973,82.24
"20626","little piece",1,59974,82.24
"20627","little play",1,59975,82.24
"20628","little quilt",1,59976,82.25
"20629","little rain",1,59977,82.25
"20630","little respect",1,59978,82.25
"20631","little rock",1,59979,82.25
"20632","little round",1,59980,82.25
"20633","little secret",1,59981,82.25
"20634","little since",1,59982,82.25
"20635","little slowly",1,59983,82.26
"20636","little so",1,59984,82.26
"20637","little social",1,59985,82.26
"20638","little soul",1,59986,82.26
"20639","little t",1,59987,82.26
"20640","little technique",1,59988,82.26
"20641","little that",1,59989,82.26
"20642","little there",1,59990,82.26
"20643","little these",1,59991,82.27
"20644","little they",1,59992,82.27
"20645","little thing",1,59993,82.27
"20646","little time",1,59994,82.27
"20647","little tired",1,59995,82.27
"20648","little to",1,59996,82.27
"20649","little up",1,59997,82.27
"20650","little what",1,59998,82.28
"20651","little which",1,59999,82.28
"20652","little white",1,60000,82.28
"20653","little wonder",1,60001,82.28
"20654","little world",1,60002,82.28
"20655","live a",1,60003,82.28
"20656","live action",1,60004,82.28
"20657","live and",1,60005,82.29
"20658","live around",1,60006,82.29
"20659","live as",1,60007,82.29
"20660","live beyond",1,60008,82.29
"20661","live but",1,60009,82.29
"20662","live during",1,60010,82.29
"20663","live for",1,60011,82.29
"20664","live fully",1,60012,82.3
"20665","live he",1,60013,82.3
"20666","live long",1,60014,82.3
"20667","live without",1,60015,82.3
"20668","live writer",1,60016,82.3
"20669","lived a",1,60017,82.3
"20670","lived and",1,60018,82.3
"20671","lived but",1,60019,82.3
"20672","lived the",1,60020,82.31
"20673","lived worked",1,60021,82.31
"20674","living a",1,60022,82.31
"20675","living can",1,60023,82.31
"20676","living hot",1,60024,82.31
"20677","living life",1,60025,82.31
"20678","living line",1,60026,82.31
"20679","living now",1,60027,82.32
"20680","living or",1,60028,82.32
"20681","living pay",1,60029,82.32
"20682","living they",1,60030,82.32
"20683","living very",1,60031,82.32
"20684","living without",1,60032,82.32
"20685","local are",1,60033,82.32
"20686","local artist",1,60034,82.33
"20687","local authority",1,60035,82.33
"20688","local beer",1,60036,82.33
"20689","local council",1,60037,82.33
"20690","local high",1,60038,82.33
"20691","local in",1,60039,82.33
"20692","local offering",1,60040,82.33
"20693","local pool",1,60041,82.33
"20694","local shopping",1,60042,82.34
"20695","local so",1,60043,82.34
"20696","local state",1,60044,82.34
"20697","local th",1,60045,82.34
"20698","local the",1,60046,82.34
"20699","local version",1,60047,82.34
"20700","local who",1,60048,82.34
"20701","location and",1,60049,82.35
"20702","location beauty",1,60050,82.35
"20703","location in",1,60051,82.35
"20704","location we",1,60052,82.35
"20705","location will",1,60053,82.35
"20706","long according",1,60054,82.35
"20707","long action",1,60055,82.35
"20708","long after",1,60056,82.36
"20709","long article",1,60057,82.36
"20710","long as",1,60058,82.36
"20711","long beach",1,60059,82.36
"20712","long because",1,60060,82.36
"20713","long breath",1,60061,82.36
"20714","long court",1,60062,82.36
"20715","long drive",1,60063,82.36
"20716","long either",1,60064,82.37
"20717","long established",1,60065,82.37
"20718","long from",1,60066,82.37
"20719","long game",1,60067,82.37
"20720","long history",1,60068,82.37
"20721","long hot",1,60069,82.37
"20722","long last",1,60070,82.37
"20723","long let",1,60071,82.38
"20724","long look",1,60072,82.38
"20725","long lost",1,60073,82.38
"20726","long my",1,60074,82.38
"20727","long next",1,60075,82.38
"20728","long of",1,60076,82.38
"20729","long passion",1,60077,82.38
"20730","long player",1,60078,82.39
"20731","long ride",1,60079,82.39
"20732","long shopping",1,60080,82.39
"20733","long shot",1,60081,82.39
"20734","long silver",1,60082,82.39
"20735","long story",1,60083,82.39
"20736","long that",1,60084,82.39
"20737","long the",1,60085,82.4
"20738","long vacation",1,60086,82.4
"20739","long walk",1,60087,82.4
"20740","long was",1,60088,82.4
"20741","long weekend",1,60089,82.4
"20742","long while",1,60090,82.4
"20743","longer and",1,60091,82.4
"20744","longer by",1,60092,82.4
"20745","longer e",1,60093,82.41
"20746","longer established",1,60094,82.41
"20747","longer exist",1,60095,82.41
"20748","longer feel",1,60096,82.41
"20749","longer i",1,60097,82.41
"20750","longer in",1,60098,82.41
"20751","longer live",1,60099,82.41
"20752","longer serving",1,60100,82.42
"20753","longer term",1,60101,82.42
"20754","longer than",1,60102,82.42
"20755","longer then",1,60103,82.42
"20756","longer walk",1,60104,82.42
"20757","look as",1,60105,82.42
"20758","look away",1,60106,82.42
"20759","look behind",1,60107,82.43
"20760","look click",1,60108,82.43
"20761","look fantastic",1,60109,82.43
"20762","look how",1,60110,82.43
"20763","look in",1,60111,82.43
"20764","look just",1,60112,82.43
"20765","look lovely",1,60113,82.43
"20766","look no",1,60114,82.43
"20767","look of",1,60115,82.44
"20768","look or",1,60116,82.44
"20769","look that",1,60117,82.44
"20770","look up",1,60118,82.44
"20771","look upon",1,60119,82.44
"20772","look what",1,60120,82.44
"20773","looking across",1,60121,82.44
"20774","looking and",1,60122,82.45
"20775","looking don",1,60123,82.45
"20776","looking down",1,60124,82.45
"20777","looking great",1,60125,82.45
"20778","looking i",1,60126,82.45
"20779","looking just",1,60127,82.45
"20780","looking like",1,60128,82.45
"20781","looking through",1,60129,82.46
"20782","looking very",1,60130,82.46
"20783","loose which",1,60131,82.46
"20784","loose with",1,60132,82.46
"20785","lord be",1,60133,82.46
"20786","lord before",1,60134,82.46
"20787","lord but",1,60135,82.46
"20788","lord directly",1,60136,82.47
"20789","lord ever",1,60137,82.47
"20790","lord for",1,60138,82.47
"20791","lord forget",1,60139,82.47
"20792","lord go",1,60140,82.47
"20793","lord have",1,60141,82.47
"20794","lord help",1,60142,82.47
"20795","lord i",1,60143,82.47
"20796","lord it",1,60144,82.48
"20797","lord of",1,60145,82.48
"20798","lord our",1,60146,82.48
"20799","lord said",1,60147,82.48
"20800","lord say",1,60148,82.48
"20801","lord subject",1,60149,82.48
"20802","lord the",1,60150,82.48
"20803","lord to",1,60151,82.49
"20804","lord today",1,60152,82.49
"20805","lose his",1,60153,82.49
"20806","lose it",1,60154,82.49
"20807","lose that",1,60155,82.49
"20808","lose the",1,60156,82.49
"20809","lose their",1,60157,82.49
"20810","lose to",1,60158,82.5
"20811","lose what",1,60159,82.5
"20812","losing his",1,60160,82.5
"20813","losing nearly",1,60161,82.5
"20814","loss goal",1,60162,82.5
"20815","loss it",1,60163,82.5
"20816","lost a",1,60164,82.5
"20817","lost art",1,60165,82.5
"20818","lost for",1,60166,82.51
"20819","lost gold",1,60167,82.51
"20820","lost hero",1,60168,82.51
"20821","lost history",1,60169,82.51
"20822","lost look",1,60170,82.51
"20823","lost my",1,60171,82.51
"20824","lost some",1,60172,82.51
"20825","lost somehow",1,60173,82.52
"20826","lost that",1,60174,82.52
"20827","lost their",1,60175,82.52
"20828","lost touch",1,60176,82.52
"20829","lost was",1,60177,82.52
"20830","lost within",1,60178,82.52
"20831","lot also",1,60179,82.52
"20832","lot because",1,60180,82.53
"20833","lot being",1,60181,82.53
"20834","lot but",1,60182,82.53
"20835","lot closer",1,60183,82.53
"20836","lot done",1,60184,82.53
"20837","lot especially",1,60185,82.53
"20838","lot for",1,60186,82.53
"20839","lot he",1,60187,82.54
"20840","lot i",1,60188,82.54
"20841","lot if",1,60189,82.54
"20842","lot in",1,60190,82.54
"20843","lot on",1,60191,82.54
"20844","lot particularly",1,60192,82.54
"20845","lot people",1,60193,82.54
"20846","lots to",1,60194,82.54
"20847","loud and",1,60195,82.55
"20848","loud by",1,60196,82.55
"20849","loud enough",1,60197,82.55
"20850","love about",1,60198,82.55
"20851","love all",1,60199,82.55
"20852","love are",1,60200,82.55
"20853","love as",1,60201,82.55
"20854","love best",1,60202,82.56
"20855","love call",1,60203,82.56
"20856","love can",1,60204,82.56
"20857","love character",1,60205,82.56
"20858","love doing",1,60206,82.56
"20859","love feeling",1,60207,82.56
"20860","love going",1,60208,82.56
"20861","love hearts",1,60209,82.57
"20862","love i",1,60210,82.57
"20863","love is",1,60211,82.57
"20864","love little",1,60212,82.57
"20865","love making",1,60213,82.57
"20866","love more",1,60214,82.57
"20867","love not",1,60215,82.57
"20868","love oh",1,60216,82.57
"20869","love out",1,60217,82.58
"20870","love powerful",1,60218,82.58
"20871","love put",1,60219,82.58
"20872","love right",1,60220,82.58
"20873","love s",1,60221,82.58
"20874","love shall",1,60222,82.58
"20875","love some",1,60223,82.58
"20876","love summer",1,60224,82.59
"20877","love teaching",1,60225,82.59
"20878","love then",1,60226,82.59
"20879","love these",1,60227,82.59
"20880","love too",1,60228,82.59
"20881","love we",1,60229,82.59
"20882","love working",1,60230,82.59
"20883","lovely as",1,60231,82.6
"20884","lovely combination",1,60232,82.6
"20885","lovely day",1,60233,82.6
"20886","lovely dinner",1,60234,82.6
"20887","lovely i",1,60235,82.6
"20888","lovely kit",1,60236,82.6
"20889","lovely little",1,60237,82.6
"20890","lovely mother",1,60238,82.6
"20891","lovely start",1,60239,82.61
"20892","lovely surprise",1,60240,82.61
"20893","lovely they",1,60241,82.61
"20894","lovely to",1,60242,82.61
"20895","lovely town",1,60243,82.61
"20896","lovely wine",1,60244,82.61
"20897","lovely with",1,60245,82.61
"20898","loving a",1,60246,82.62
"20899","loving anyone",1,60247,82.62
"20900","loving distance",1,60248,82.62
"20901","loving free",1,60249,82.62
"20902","loving hearts",1,60250,82.62
"20903","loving if",1,60251,82.62
"20904","loving nearly",1,60252,82.62
"20905","loving of",1,60253,82.63
"20906","loving partner",1,60254,82.63
"20907","loving someone",1,60255,82.63
"20908","loving this",1,60256,82.63
"20909","low as",1,60257,82.63
"20910","low cost",1,60258,82.63
"20911","low enough",1,60259,82.63
"20912","low key",1,60260,82.64
"20913","low level",1,60261,82.64
"20914","low self",1,60262,82.64
"20915","low the",1,60263,82.64
"20916","low to",1,60264,82.64
"20917","lower back",1,60265,82.64
"20918","lower court",1,60266,82.64
"20919","lower government",1,60267,82.64
"20920","lower leg",1,60268,82.65
"20921","lower of",1,60269,82.65
"20922","lower than",1,60270,82.65
"20923","lower the",1,60271,82.65
"20924","lower to",1,60272,82.65
"20925","lower we",1,60273,82.65
"20926","luck and",1,60274,82.65
"20927","luck come",1,60275,82.66
"20928","luck for",1,60276,82.66
"20929","luck of",1,60277,82.66
"20930","luck so",1,60278,82.66
"20931","luckily i",1,60279,82.66
"20932","luckily there",1,60280,82.66
"20933","lucky for",1,60281,82.66
"20934","lucky i",1,60282,82.67
"20935","lucky the",1,60283,82.67
"20936","lunch and",1,60284,82.67
"20937","lunch another",1,60285,82.67
"20938","lunch break",1,60286,82.67
"20939","lunch each",1,60287,82.67
"20940","lunch here",1,60288,82.67
"20941","lunch i",1,60289,82.67
"20942","lunch was",1,60290,82.68
"20943","lunch with",1,60291,82.68
"20944","lying around",1,60292,82.68
"20945","lying like",1,60293,82.68
"20946","m able",1,60294,82.68
"20947","m about",1,60295,82.68
"20948","m actually",1,60296,82.68
"20949","m almost",1,60297,82.69
"20950","m aware",1,60298,82.69
"20951","m back",1,60299,82.69
"20952","m beginning",1,60300,82.69
"20953","m calling",1,60301,82.69
"20954","m completely",1,60302,82.69
"20955","m constantly",1,60303,82.69
"20956","m customer",1,60304,82.7
"20957","m development",1,60305,82.7
"20958","m doing",1,60306,82.7
"20959","m done",1,60307,82.7
"20960","m enjoying",1,60308,82.7
"20961","m f",1,60309,82.7
"20962","m far",1,60310,82.7
"20963","m finally",1,60311,82.71
"20964","m for",1,60312,82.71
"20965","m g",1,60313,82.71
"20966","m giving",1,60314,82.71
"20967","m glad",1,60315,82.71
"20968","m guest",1,60316,82.71
"20969","m here",1,60317,82.71
"20970","m hey",1,60318,82.71
"20971","m high",1,60319,82.72
"20972","m home",1,60320,82.72
"20973","m honestly",1,60321,82.72
"20974","m human",1,60322,82.72
"20975","m i",1,60323,82.72
"20976","m j",1,60324,82.72
"20977","m known",1,60325,82.72
"20978","m l",1,60326,82.73
"20979","m last",1,60327,82.73
"20980","m laughing",1,60328,82.73
"20981","m learning",1,60329,82.73
"20982","m looking",1,60330,82.73
"20983","m most",1,60331,82.73
"20984","m my",1,60332,82.73
"20985","m now",1,60333,82.74
"20986","m off",1,60334,82.74
"20987","m our",1,60335,82.74
"20988","m per",1,60336,82.74
"20989","m probably",1,60337,82.74
"20990","m ready",1,60338,82.74
"20991","m running",1,60339,82.74
"20992","m s",1,60340,82.74
"20993","m sad",1,60341,82.75
"20994","m searching",1,60342,82.75
"20995","m simply",1,60343,82.75
"20996","m some",1,60344,82.75
"20997","m sort",1,60345,82.75
"20998","m sound",1,60346,82.75
"20999","m standing",1,60347,82.75
"21000","m strong",1,60348,82.76
"21001","m super",1,60349,82.76
"21002","m taking",1,60350,82.76
"21003","m telling",1,60351,82.76
"21004","m thinking",1,60352,82.76
"21005","m through",1,60353,82.76
"21006","m today",1,60354,82.76
"21007","m totally",1,60355,82.77
"21008","m trying",1,60356,82.77
"21009","m used",1,60357,82.77
"21010","m visiting",1,60358,82.77
"21011","m waiting",1,60359,82.77
"21012","m warning",1,60360,82.77
"21013","m x",1,60361,82.77
"21014","machine all",1,60362,82.77
"21015","machine as",1,60363,82.78
"21016","machine built",1,60364,82.78
"21017","machine but",1,60365,82.78
"21018","machine is",1,60366,82.78
"21019","machine it",1,60367,82.78
"21020","machine that",1,60368,82.78
"21021","machine the",1,60369,82.78
"21022","made after",1,60370,82.79
"21023","made all",1,60371,82.79
"21024","made another",1,60372,82.79
"21025","made as",1,60373,82.79
"21026","made based",1,60374,82.79
"21027","made creation",1,60375,82.79
"21028","made does",1,60376,82.79
"21029","made each",1,60377,82.8
"21030","made for",1,60378,82.8
"21031","made from",1,60379,82.8
"21032","made her",1,60380,82.8
"21033","made him",1,60381,82.8
"21034","made hurt",1,60382,82.8
"21035","made i",1,60383,82.8
"21036","made my",1,60384,82.81
"21037","made of",1,60385,82.81
"21038","made one",1,60386,82.81
"21039","made responsible",1,60387,82.81
"21040","made sense",1,60388,82.81
"21041","made snow",1,60389,82.81
"21042","made so",1,60390,82.81
"21043","made these",1,60391,82.81
"21044","made war",1,60392,82.82
"21045","made way",1,60393,82.82
"21046","magazine she",1,60394,82.82
"21047","magazine the",1,60395,82.82
"21048","magic a",1,60396,82.82
"21049","magic eye",1,60397,82.82
"21050","magic in",1,60398,82.82
"21051","magic magic",1,60399,82.83
"21052","magic pick",1,60400,82.83
"21053","magic play",1,60401,82.83
"21054","magic to",1,60402,82.83
"21055","mail as",1,60403,82.83
"21056","mail from",1,60404,82.83
"21057","mail in",1,60405,82.83
"21058","mail it",1,60406,82.84
"21059","mail or",1,60407,82.84
"21060","mail to",1,60408,82.84
"21061","main along",1,60409,82.84
"21062","main building",1,60410,82.84
"21063","main character",1,60411,82.84
"21064","main for",1,60412,82.84
"21065","main problem",1,60413,82.84
"21066","main reason",1,60414,82.85
"21067","main take",1,60415,82.85
"21068","mainly because",1,60416,82.85
"21069","maintain a",1,60417,82.85
"21070","maintain and",1,60418,82.85
"21071","maintain for",1,60419,82.85
"21072","maintain order",1,60420,82.85
"21073","maintain specific",1,60421,82.86
"21074","major city",1,60422,82.86
"21075","major in",1,60423,82.86
"21076","major issue",1,60424,82.86
"21077","major life",1,60425,82.86
"21078","major like",1,60426,82.86
"21079","major pain",1,60427,82.86
"21080","major player",1,60428,82.87
"21081","major support",1,60429,82.87
"21082","major where",1,60430,82.87
"21083","major which",1,60431,82.87
"21084","majority for",1,60432,82.87
"21085","majority leader",1,60433,82.87
"21086","majority of",1,60434,82.87
"21087","make amazing",1,60435,82.88
"21088","make and",1,60436,82.88
"21089","make another",1,60437,82.88
"21090","make coffee",1,60438,82.88
"21091","make contact",1,60439,82.88
"21092","make different",1,60440,82.88
"21093","make dough",1,60441,82.88
"21094","make during",1,60442,82.88
"21095","make easy",1,60443,82.89
"21096","make everything",1,60444,82.89
"21097","make final",1,60445,82.89
"21098","make fun",1,60446,82.89
"21099","make gold",1,60447,82.89
"21100","make good",1,60448,82.89
"21101","make great",1,60449,82.89
"21102","make health",1,60450,82.9
"21103","make in",1,60451,82.9
"21104","make its",1,60452,82.9
"21105","make lots",1,60453,82.9
"21106","make morning",1,60454,82.9
"21107","make my",1,60455,82.9
"21108","make myself",1,60456,82.9
"21109","make new",1,60457,82.91
"21110","make no",1,60458,82.91
"21111","make one",1,60459,82.91
"21112","make out",1,60460,82.91
"21113","make real",1,60461,82.91
"21114","make room",1,60462,82.91
"21115","make that",1,60463,82.91
"21116","make there",1,60464,82.91
"21117","make those",1,60465,82.92
"21118","make us",1,60466,82.92
"21119","make we",1,60467,82.92
"21120","make weird",1,60468,82.92
"21121","make which",1,60469,82.92
"21122","making a",1,60470,82.92
"21123","making all",1,60471,82.92
"21124","making before",1,60472,82.93
"21125","making breakfast",1,60473,82.93
"21126","making each",1,60474,82.93
"21127","making for",1,60475,82.93
"21128","making fun",1,60476,82.93
"21129","making happen",1,60477,82.93
"21130","making high",1,60478,82.93
"21131","making me",1,60479,82.94
"21132","making mix",1,60480,82.94
"21133","making my",1,60481,82.94
"21134","making myself",1,60482,82.94
"21135","making out",1,60483,82.94
"21136","making progress",1,60484,82.94
"21137","making so",1,60485,82.94
"21138","making social",1,60486,82.95
"21139","making stopped",1,60487,82.95
"21140","making their",1,60488,82.95
"21141","making too",1,60489,82.95
"21142","making us",1,60490,82.95
"21143","making what",1,60491,82.95
"21144","male cat",1,60492,82.95
"21145","male of",1,60493,82.95
"21146","male on",1,60494,82.96
"21147","male t",1,60495,82.96
"21148","male what",1,60496,82.96
"21149","man a",1,60497,82.96
"21150","man after",1,60498,82.96
"21151","man ahead",1,60499,82.96
"21152","man an",1,60500,82.96
"21153","man as",1,60501,82.97
"21154","man at",1,60502,82.97
"21155","man authority",1,60503,82.97
"21156","man cry",1,60504,82.97
"21157","man for",1,60505,82.97
"21158","man goes",1,60506,82.97
"21159","man had",1,60507,82.97
"21160","man her",1,60508,82.98
"21161","man is",1,60509,82.98
"21162","man it",1,60510,82.98
"21163","man losing",1,60511,82.98
"21164","man night",1,60512,82.98
"21165","man not",1,60513,82.98
"21166","man of",1,60514,82.98
"21167","man on",1,60515,82.98
"21168","man rich",1,60516,82.99
"21169","man see",1,60517,82.99
"21170","man than",1,60518,82.99
"21171","man the",1,60519,82.99
"21172","man under",1,60520,82.99
"21173","man was",1,60521,82.99
"21174","man when",1,60522,82.99
"21175","man will",1,60523,83
"21176","manage all",1,60524,83
"21177","manage new",1,60525,83
"21178","manage them",1,60526,83
"21179","management role",1,60527,83
"21180","manager in",1,60528,83
"21181","manager instead",1,60529,83
"21182","manager of",1,60530,83.01
"21183","manner and",1,60531,83.01
"21184","manner do",1,60532,83.01
"21185","manner he",1,60533,83.01
"21186","manner i",1,60534,83.01
"21187","many a",1,60535,83.01
"21188","many action",1,60536,83.01
"21189","many alone",1,60537,83.01
"21190","many amazing",1,60538,83.02
"21191","many an",1,60539,83.02
"21192","many beautiful",1,60540,83.02
"21193","many but",1,60541,83.02
"21194","many call",1,60542,83.02
"21195","many different",1,60543,83.02
"21196","many do",1,60544,83.02
"21197","many due",1,60545,83.03
"21198","many fruit",1,60546,83.03
"21199","many have",1,60547,83.03
"21200","many health",1,60548,83.03
"21201","many into",1,60549,83.03
"21202","many it",1,60550,83.03
"21203","many later",1,60551,83.03
"21204","many laugh",1,60552,83.04
"21205","many more",1,60553,83.04
"21206","many not",1,60554,83.04
"21207","many now",1,60555,83.04
"21208","many prior",1,60556,83.04
"21209","many set",1,60557,83.04
"21210","many starting",1,60558,83.04
"21211","many successful",1,60559,83.05
"21212","many t",1,60560,83.05
"21213","many thanks",1,60561,83.05
"21214","many they",1,60562,83.05
"21215","many this",1,60563,83.05
"21216","many today",1,60564,83.05
"21217","many we",1,60565,83.05
"21218","many western",1,60566,83.05
"21219","many what",1,60567,83.06
"21220","many with",1,60568,83.06
"21221","many would",1,60569,83.06
"21222","map before",1,60570,83.06
"21223","map he",1,60571,83.06
"21224","map i",1,60572,83.06
"21225","map t",1,60573,83.06
"21226","march as",1,60574,83.07
"21227","march for",1,60575,83.07
"21228","march goes",1,60576,83.07
"21229","march now",1,60577,83.07
"21230","march today",1,60578,83.07
"21231","march you",1,60579,83.07
"21232","mark an",1,60580,83.07
"21233","mark can",1,60581,83.08
"21234","mark i",1,60582,83.08
"21235","mark it",1,60583,83.08
"21236","mark the",1,60584,83.08
"21237","mark you",1,60585,83.08
"21238","mark your",1,60586,83.08
"21239","market and",1,60587,83.08
"21240","market entertainment",1,60588,83.08
"21241","market in",1,60589,83.09
"21242","market is",1,60590,83.09
"21243","market last",1,60591,83.09
"21244","market or",1,60592,83.09
"21245","market will",1,60593,83.09
"21246","marketing also",1,60594,83.09
"21247","marketing and",1,60595,83.09
"21248","marketing at",1,60596,83.1
"21249","marketing budget",1,60597,83.1
"21250","marketing n",1,60598,83.1
"21251","marketing professor",1,60599,83.1
"21252","marriage and",1,60600,83.1
"21253","marriage cup",1,60601,83.1
"21254","marriage ended",1,60602,83.1
"21255","marriage in",1,60603,83.11
"21256","marriage myself",1,60604,83.11
"21257","marriage was",1,60605,83.11
"21258","married and",1,60606,83.11
"21259","married for",1,60607,83.11
"21260","married it",1,60608,83.11
"21261","married life",1,60609,83.11
"21262","married people",1,60610,83.12
"21263","martin before",1,60611,83.12
"21264","martin i",1,60612,83.12
"21265","martin just",1,60613,83.12
"21266","martin king",1,60614,83.12
"21267","martin was",1,60615,83.12
"21268","mary as",1,60616,83.12
"21269","massive lay",1,60617,83.12
"21270","massive success",1,60618,83.13
"21271","massive the",1,60619,83.13
"21272","master food",1,60620,83.13
"21273","master like",1,60621,83.13
"21274","master of",1,60622,83.13
"21275","master them",1,60623,83.13
"21276","master while",1,60624,83.13
"21277","master who",1,60625,83.14
"21278","match and",1,60626,83.14
"21279","match between",1,60627,83.14
"21280","match is",1,60628,83.14
"21281","match my",1,60629,83.14
"21282","match the",1,60630,83.14
"21283","match your",1,60631,83.14
"21284","material and",1,60632,83.15
"21285","material stuff",1,60633,83.15
"21286","material that",1,60634,83.15
"21287","material the",1,60635,83.15
"21288","material they",1,60636,83.15
"21289","matter before",1,60637,83.15
"21290","matter i",1,60638,83.15
"21291","matter she",1,60639,83.15
"21292","matter should",1,60640,83.16
"21293","matter whether",1,60641,83.16
"21294","matter which",1,60642,83.16
"21295","may a",1,60643,83.16
"21296","may actually",1,60644,83.16
"21297","may also",1,60645,83.16
"21298","may begin",1,60646,83.16
"21299","may bring",1,60647,83.17
"21300","may end",1,60648,83.17
"21301","may even",1,60649,83.17
"21302","may every",1,60650,83.17
"21303","may exist",1,60651,83.17
"21304","may explain",1,60652,83.17
"21305","may follow",1,60653,83.17
"21306","may give",1,60654,83.18
"21307","may he",1,60655,83.18
"21308","may hear",1,60656,83.18
"21309","may just",1,60657,83.18
"21310","may last",1,60658,83.18
"21311","may let",1,60659,83.18
"21312","may make",1,60660,83.18
"21313","may mean",1,60661,83.19
"21314","may need",1,60662,83.19
"21315","may other",1,60663,83.19
"21316","may pain",1,60664,83.19
"21317","may post",1,60665,83.19
"21318","may run",1,60666,83.19
"21319","may share",1,60667,83.19
"21320","may take",1,60668,83.19
"21321","may truly",1,60669,83.2
"21322","maybe all",1,60670,83.2
"21323","maybe and",1,60671,83.2
"21324","maybe been",1,60672,83.2
"21325","maybe he",1,60673,83.2
"21326","maybe in",1,60674,83.2
"21327","maybe just",1,60675,83.2
"21328","maybe my",1,60676,83.21
"21329","maybe not",1,60677,83.21
"21330","maybe she",1,60678,83.21
"21331","maybe something",1,60679,83.21
"21332","maybe their",1,60680,83.21
"21333","maybe three",1,60681,83.21
"21334","maybe to",1,60682,83.21
"21335","maybe we",1,60683,83.22
"21336","me all",1,60684,83.22
"21337","me are",1,60685,83.22
"21338","me at",1,60686,83.22
"21339","me away",1,60687,83.22
"21340","me back",1,60688,83.22
"21341","me behind",1,60689,83.22
"21342","me book",1,60690,83.22
"21343","me cake",1,60691,83.23
"21344","me coming",1,60692,83.23
"21345","me confidence",1,60693,83.23
"21346","me dear",1,60694,83.23
"21347","me decide",1,60695,83.23
"21348","me down",1,60696,83.23
"21349","me dry",1,60697,83.23
"21350","me easier",1,60698,83.24
"21351","me either",1,60699,83.24
"21352","me ever",1,60700,83.24
"21353","me everything",1,60701,83.24
"21354","me finish",1,60702,83.24
"21355","me from",1,60703,83.24
"21356","me got",1,60704,83.24
"21357","me great",1,60705,83.25
"21358","me her",1,60706,83.25
"21359","me his",1,60707,83.25
"21360","me hold",1,60708,83.25
"21361","me home",1,60709,83.25
"21362","me indeed",1,60710,83.25
"21363","me just",1,60711,83.25
"21364","me kept",1,60712,83.25
"21365","me knowing",1,60713,83.26
"21366","me lately",1,60714,83.26
"21367","me look",1,60715,83.26
"21368","me make",1,60716,83.26
"21369","me many",1,60717,83.26
"21370","me most",1,60718,83.26
"21371","me multiple",1,60719,83.26
"21372","me now",1,60720,83.27
"21373","me only",1,60721,83.27
"21374","me our",1,60722,83.27
"21375","me out",1,60723,83.27
"21376","me outside",1,60724,83.27
"21377","me personally",1,60725,83.27
"21378","me put",1,60726,83.27
"21379","me quite",1,60727,83.28
"21380","me rather",1,60728,83.28
"21381","me saying",1,60729,83.28
"21382","me smile",1,60730,83.28
"21383","me some",1,60731,83.28
"21384","me specifically",1,60732,83.28
"21385","me spend",1,60733,83.28
"21386","me standing",1,60734,83.29
"21387","me start",1,60735,83.29
"21388","me still",1,60736,83.29
"21389","me t",1,60737,83.29
"21390","me tell",1,60738,83.29
"21391","me than",1,60739,83.29
"21392","me their",1,60740,83.29
"21393","me tight",1,60741,83.29
"21394","me tired",1,60742,83.3
"21395","me today",1,60743,83.3
"21396","me too",1,60744,83.3
"21397","me un",1,60745,83.3
"21398","me various",1,60746,83.3
"21399","me very",1,60747,83.3
"21400","me walking",1,60748,83.3
"21401","me weak",1,60749,83.31
"21402","me were",1,60750,83.31
"21403","me what",1,60751,83.31
"21404","me worth",1,60752,83.31
"21405","me year",1,60753,83.31
"21406","me you",1,60754,83.31
"21407","meal as",1,60755,83.31
"21408","meal before",1,60756,83.32
"21409","meal i",1,60757,83.32
"21410","meal out",1,60758,83.32
"21411","meal that",1,60759,83.32
"21412","meal way",1,60760,83.32
"21413","meal we",1,60761,83.32
"21414","meal would",1,60762,83.32
"21415","mean control",1,60763,83.32
"21416","mean if",1,60764,83.33
"21417","mean is",1,60765,83.33
"21418","mean listen",1,60766,83.33
"21419","mean no",1,60767,83.33
"21420","mean obviously",1,60768,83.33
"21421","mean one",1,60769,83.33
"21422","mean so",1,60770,83.33
"21423","mean streets",1,60771,83.34
"21424","mean the",1,60772,83.34
"21425","mean they",1,60773,83.34
"21426","mean time",1,60774,83.34
"21427","mean well",1,60775,83.34
"21428","meaning for",1,60776,83.34
"21429","meaning shut",1,60777,83.34
"21430","meaning the",1,60778,83.35
"21431","meant is",1,60779,83.35
"21432","meant so",1,60780,83.35
"21433","meant we",1,60781,83.35
"21434","meanwhile in",1,60782,83.35
"21435","meanwhile just",1,60783,83.35
"21436","meanwhile of",1,60784,83.35
"21437","meanwhile s",1,60785,83.36
"21438","meanwhile was",1,60786,83.36
"21439","measure juice",1,60787,83.36
"21440","measure what",1,60788,83.36
"21441","meat for",1,60789,83.36
"21442","meat sauce",1,60790,83.36
"21443","meat there",1,60791,83.36
"21444","media are",1,60792,83.36
"21445","media bus",1,60793,83.37
"21446","media can",1,60794,83.37
"21447","media for",1,60795,83.37
"21448","media is",1,60796,83.37
"21449","media itself",1,60797,83.37
"21450","media never",1,60798,83.37
"21451","media so",1,60799,83.37
"21452","media system",1,60800,83.38
"21453","media when",1,60801,83.38
"21454","medical condition",1,60802,83.38
"21455","medical council",1,60803,83.38
"21456","medical she",1,60804,83.38
"21457","medical this",1,60805,83.38
"21458","medical treatment",1,60806,83.38
"21459","medium bowl",1,60807,83.39
"21460","medium chosen",1,60808,83.39
"21461","medium heat",1,60809,83.39
"21462","medium high",1,60810,83.39
"21463","medium of",1,60811,83.39
"21464","medium suddenly",1,60812,83.39
"21465","meet a",1,60813,83.39
"21466","meet again",1,60814,83.39
"21467","meet and",1,60815,83.4
"21468","meet back",1,60816,83.4
"21469","meet fellow",1,60817,83.4
"21470","meet for",1,60818,83.4
"21471","meet him",1,60819,83.4
"21472","meet hope",1,60820,83.4
"21473","meet in",1,60821,83.4
"21474","meet its",1,60822,83.41
"21475","meet new",1,60823,83.41
"21476","meet this",1,60824,83.41
"21477","meet up",1,60825,83.41
"21478","meet us",1,60826,83.41
"21479","meet with",1,60827,83.41
"21480","meeting all",1,60828,83.41
"21481","meeting i",1,60829,83.42
"21482","meeting of",1,60830,83.42
"21483","meeting with",1,60831,83.42
"21484","meeting yesterday",1,60832,83.42
"21485","member for",1,60833,83.42
"21486","member joe",1,60834,83.42
"21487","member of",1,60835,83.42
"21488","member sun",1,60836,83.42
"21489","member we",1,60837,83.43
"21490","memory i",1,60838,83.43
"21491","memory is",1,60839,83.43
"21492","memory my",1,60840,83.43
"21493","memory was",1,60841,83.43
"21494","men anyone",1,60842,83.43
"21495","men are",1,60843,83.43
"21496","men as",1,60844,83.44
"21497","men besides",1,60845,83.44
"21498","men do",1,60846,83.44
"21499","men feel",1,60847,83.44
"21500","men generally",1,60848,83.44
"21501","men i",1,60849,83.44
"21502","men is",1,60850,83.44
"21503","men it",1,60851,83.45
"21504","men over",1,60852,83.45
"21505","men same",1,60853,83.45
"21506","men take",1,60854,83.45
"21507","men the",1,60855,83.45
"21508","men this",1,60856,83.45
"21509","men were",1,60857,83.45
"21510","men who",1,60858,83.46
"21511","mental and",1,60859,83.46
"21512","mental within",1,60860,83.46
"21513","mention as",1,60861,83.46
"21514","mention gave",1,60862,83.46
"21515","mention they",1,60863,83.46
"21516","mention this",1,60864,83.46
"21517","mention to",1,60865,83.46
"21518","mention what",1,60866,83.47
"21519","mention you",1,60867,83.47
"21520","menu and",1,60868,83.47
"21521","menu at",1,60869,83.47
"21522","menu but",1,60870,83.47
"21523","menu i",1,60871,83.47
"21524","menu of",1,60872,83.47
"21525","menu this",1,60873,83.48
"21526","mess after",1,60874,83.48
"21527","mess hall",1,60875,83.48
"21528","mess of",1,60876,83.48
"21529","mess over",1,60877,83.48
"21530","message behind",1,60878,83.48
"21531","message here",1,60879,83.48
"21532","message in",1,60880,83.49
"21533","message of",1,60881,83.49
"21534","message or",1,60882,83.49
"21535","message printed",1,60883,83.49
"21536","message there",1,60884,83.49
"21537","message to",1,60885,83.49
"21538","message was",1,60886,83.49
"21539","met during",1,60887,83.49
"21540","met in",1,60888,83.5
"21541","met my",1,60889,83.5
"21542","met to",1,60890,83.5
"21543","metal scene",1,60891,83.5
"21544","metal usually",1,60892,83.5
"21545","method acting",1,60893,83.5
"21546","method although",1,60894,83.5
"21547","method for",1,60895,83.51
"21548","method rather",1,60896,83.51
"21549","method those",1,60897,83.51
"21550","mid during",1,60898,83.51
"21551","mid season",1,60899,83.51
"21552","mid sized",1,60900,83.51
"21553","middle and",1,60901,83.51
"21554","middle east",1,60902,83.52
"21555","middle from",1,60903,83.52
"21556","middle school",1,60904,83.52
"21557","midnight and",1,60905,83.52
"21558","midnight at",1,60906,83.52
"21559","midnight blue",1,60907,83.52
"21560","midnight it",1,60908,83.52
"21561","midnight my",1,60909,83.53
"21562","midnight the",1,60910,83.53
"21563","might add",1,60911,83.53
"21564","might also",1,60912,83.53
"21565","might as",1,60913,83.53
"21566","might bring",1,60914,83.53
"21567","might call",1,60915,83.53
"21568","might draw",1,60916,83.53
"21569","might end",1,60917,83.54
"21570","might explain",1,60918,83.54
"21571","might just",1,60919,83.54
"21572","might keep",1,60920,83.54
"21573","might live",1,60921,83.54
"21574","might mean",1,60922,83.54
"21575","might never",1,60923,83.54
"21576","might require",1,60924,83.55
"21577","might say",1,60925,83.55
"21578","might shut",1,60926,83.55
"21579","might sound",1,60927,83.55
"21580","might try",1,60928,83.55
"21581","might want",1,60929,83.55
"21582","might wonder",1,60930,83.55
"21583","mike and",1,60931,83.56
"21584","mike him",1,60932,83.56
"21585","mike i",1,60933,83.56
"21586","mike join",1,60934,83.56
"21587","mike s",1,60935,83.56
"21588","mike smith",1,60936,83.56
"21589","mike the",1,60937,83.56
"21590","mike who",1,60938,83.56
"21591","mile and",1,60939,83.57
"21592","mile away",1,60940,83.57
"21593","mile there",1,60941,83.57
"21594","military and",1,60942,83.57
"21595","military as",1,60943,83.57
"21596","military that",1,60944,83.57
"21597","military trade",1,60945,83.57
"21598","milk again",1,60946,83.58
"21599","milk chocolate",1,60947,83.58
"21600","milk every",1,60948,83.58
"21601","milk in",1,60949,83.58
"21602","milk is",1,60950,83.58
"21603","million a",1,60951,83.58
"21604","million ben",1,60952,83.58
"21605","million for",1,60953,83.59
"21606","million people",1,60954,83.59
"21607","millions of",1,60955,83.59
"21608","mind a",1,60956,83.59
"21609","mind as",1,60957,83.59
"21610","mind because",1,60958,83.59
"21611","mind but",1,60959,83.59
"21612","mind did",1,60960,83.6
"21613","mind he",1,60961,83.6
"21614","mind in",1,60962,83.6
"21615","mind it",1,60963,83.6
"21616","mind most",1,60964,83.6
"21617","mind my",1,60965,83.6
"21618","mind non",1,60966,83.6
"21619","mind point",1,60967,83.6
"21620","mind she",1,60968,83.61
"21621","mind still",1,60969,83.61
"21622","mind that",1,60970,83.61
"21623","mind the",1,60971,83.61
"21624","mind to",1,60972,83.61
"21625","mind up",1,60973,83.61
"21626","mind when",1,60974,83.61
"21627","mind you",1,60975,83.62
"21628","mine back",1,60976,83.62
"21629","mine i",1,60977,83.62
"21630","mine lately",1,60978,83.62
"21631","mine per",1,60979,83.62
"21632","mine rise",1,60980,83.62
"21633","mine sent",1,60981,83.62
"21634","mine to",1,60982,83.63
"21635","mine until",1,60983,83.63
"21636","mine when",1,60984,83.63
"21637","mine who",1,60985,83.63
"21638","minister for",1,60986,83.63
"21639","minister he",1,60987,83.63
"21640","minister is",1,60988,83.63
"21641","minister of",1,60989,83.63
"21642","minister on",1,60990,83.64
"21643","minister that",1,60991,83.64
"21644","minister was",1,60992,83.64
"21645","minute after",1,60993,83.64
"21646","minute drive",1,60994,83.64
"21647","minute i",1,60995,83.64
"21648","minute of",1,60996,83.64
"21649","minute that",1,60997,83.65
"21650","minute vacation",1,60998,83.65
"21651","minute yes",1,60999,83.65
"21652","mirror at",1,61000,83.65
"21653","mirror wind",1,61001,83.65
"21654","miss a",1,61002,83.65
"21655","miss her",1,61003,83.65
"21656","miss i",1,61004,83.66
"21657","miss outfit",1,61005,83.66
"21658","miss pick",1,61006,83.66
"21659","miss she",1,61007,83.66
"21660","miss sun",1,61008,83.66
"21661","miss the",1,61009,83.66
"21662","miss u",1,61010,83.66
"21663","missing for",1,61011,83.66
"21664","missing in",1,61012,83.67
"21665","missing of",1,61013,83.67
"21666","missing out",1,61014,83.67
"21667","mission and",1,61015,83.67
"21668","mission of",1,61016,83.67
"21669","mission to",1,61017,83.67
"21670","mistake because",1,61018,83.67
"21671","mistake but",1,61019,83.68
"21672","mistake the",1,61020,83.68
"21673","mistake was",1,61021,83.68
"21674","mix for",1,61022,83.68
"21675","mix so",1,61023,83.68
"21676","mix too",1,61024,83.68
"21677","mix up",1,61025,83.68
"21678","mixed about",1,61026,83.69
"21679","mixture stir",1,61027,83.69
"21680","mobile over",1,61028,83.69
"21681","model for",1,61029,83.69
"21682","model high",1,61030,83.69
"21683","model in",1,61031,83.69
"21684","model is",1,61032,83.69
"21685","model it",1,61033,83.7
"21686","model of",1,61034,83.7
"21687","model something",1,61035,83.7
"21688","model turned",1,61036,83.7
"21689","model whom",1,61037,83.7
"21690","modern day",1,61038,83.7
"21691","modern mass",1,61039,83.7
"21692","modern state",1,61040,83.7
"21693","moment another",1,61041,83.71
"21694","moment are",1,61042,83.71
"21695","moment but",1,61043,83.71
"21696","moment clearly",1,61044,83.71
"21697","moment ended",1,61045,83.71
"21698","moment hold",1,61046,83.71
"21699","moment of",1,61047,83.71
"21700","moment so",1,61048,83.72
"21701","moment the",1,61049,83.72
"21702","moment though",1,61050,83.72
"21703","moment up",1,61051,83.72
"21704","moment when",1,61052,83.72
"21705","moment where",1,61053,83.72
"21706","moment would",1,61054,83.72
"21707","mommy as",1,61055,83.73
"21708","mommy i",1,61056,83.73
"21709","mommy this",1,61057,83.73
"21710","mommy time",1,61058,83.73
"21711","mommy weight",1,61059,83.73
"21712","money exercise",1,61060,83.73
"21713","money for",1,61061,83.73
"21714","money gold",1,61062,83.73
"21715","money he",1,61063,83.74
"21716","money in",1,61064,83.74
"21717","money international",1,61065,83.74
"21718","money lots",1,61066,83.74
"21719","money maybe",1,61067,83.74
"21720","money mystery",1,61068,83.74
"21721","money or",1,61069,83.74
"21722","money so",1,61070,83.75
"21723","money stand",1,61071,83.75
"21724","money the",1,61072,83.75
"21725","money today",1,61073,83.75
"21726","money we",1,61074,83.75
"21727","money what",1,61075,83.75
"21728","money you",1,61076,83.75
"21729","month ago",1,61077,83.76
"21730","month as",1,61078,83.76
"21731","month been",1,61079,83.76
"21732","month for",1,61080,83.76
"21733","month from",1,61081,83.76
"21734","month is",1,61082,83.76
"21735","month now",1,61083,83.76
"21736","month of",1,61084,83.77
"21737","month old",1,61085,83.77
"21738","month practice",1,61086,83.77
"21739","month s",1,61087,83.77
"21740","month she",1,61088,83.77
"21741","month that",1,61089,83.77
"21742","month when",1,61090,83.77
"21743","month you",1,61091,83.77
"21744","mood for",1,61092,83.78
"21745","mood or",1,61093,83.78
"21746","mood you",1,61094,83.78
"21747","moon and",1,61095,83.78
"21748","moon around",1,61096,83.78
"21749","moon at",1,61097,83.78
"21750","moon fish",1,61098,83.78
"21751","moon is",1,61099,83.79
"21752","moon last",1,61100,83.79
"21753","moon of",1,61101,83.79
"21754","moon other",1,61102,83.79
"21755","moon s",1,61103,83.79
"21756","moral and",1,61104,83.79
"21757","moral economic",1,61105,83.79
"21758","moral is",1,61106,83.8
"21759","moral than",1,61107,83.8
"21760","moral to",1,61108,83.8
"21761","more answer",1,61109,83.8
"21762","more available",1,61110,83.8
"21763","more aware",1,61111,83.8
"21764","more back",1,61112,83.8
"21765","more because",1,61113,83.8
"21766","more but",1,61114,83.81
"21767","more careful",1,61115,83.81
"21768","more closed",1,61116,83.81
"21769","more contemporary",1,61117,83.81
"21770","more creative",1,61118,83.81
"21771","more damage",1,61119,83.81
"21772","more de",1,61120,83.81
"21773","more easily",1,61121,83.82
"21774","more everybody",1,61122,83.82
"21775","more exciting",1,61123,83.82
"21776","more first",1,61124,83.82
"21777","more for",1,61125,83.82
"21778","more government",1,61126,83.82
"21779","more healing",1,61127,83.82
"21780","more hope",1,61128,83.83
"21781","more information",1,61129,83.83
"21782","more interesting",1,61130,83.83
"21783","more later",1,61131,83.83
"21784","more less",1,61132,83.83
"21785","more mass",1,61133,83.83
"21786","more material",1,61134,83.83
"21787","more never",1,61135,83.84
"21788","more oil",1,61136,83.84
"21789","more on",1,61137,83.84
"21790","more open",1,61138,83.84
"21791","more people",1,61139,83.84
"21792","more personal",1,61140,83.84
"21793","more prepared",1,61141,83.84
"21794","more rain",1,61142,83.84
"21795","more recent",1,61143,83.85
"21796","more research",1,61144,83.85
"21797","more responsible",1,61145,83.85
"21798","more review",1,61146,83.85
"21799","more ridiculous",1,61147,83.85
"21800","more seriously",1,61148,83.85
"21801","more space",1,61149,83.85
"21802","more special",1,61150,83.86
"21803","more specific",1,61151,83.86
"21804","more specifically",1,61152,83.86
"21805","more staff",1,61153,83.86
"21806","more strength",1,61154,83.86
"21807","more sun",1,61155,83.86
"21808","more t",1,61156,83.86
"21809","more this",1,61157,83.87
"21810","more through",1,61158,83.87
"21811","more traditional",1,61159,83.87
"21812","more trust",1,61160,83.87
"21813","more type",1,61161,83.87
"21814","more value",1,61162,83.87
"21815","more we",1,61163,83.87
"21816","more well",1,61164,83.87
"21817","more why",1,61165,83.88
"21818","morning as",1,61166,83.88
"21819","morning coming",1,61167,83.88
"21820","morning good",1,61168,83.88
"21821","morning heat",1,61169,83.88
"21822","morning how",1,61170,83.88
"21823","morning over",1,61171,83.88
"21824","morning s",1,61172,83.89
"21825","morning sleeping",1,61173,83.89
"21826","morning so",1,61174,83.89
"21827","morning then",1,61175,83.89
"21828","morning though",1,61176,83.89
"21829","morning to",1,61177,83.89
"21830","morning was",1,61178,83.89
"21831","morning when",1,61179,83.9
"21832","morning which",1,61180,83.9
"21833","morning will",1,61181,83.9
"21834","morning you",1,61182,83.9
"21835","most about",1,61183,83.9
"21836","most and",1,61184,83.9
"21837","most are",1,61185,83.9
"21838","most as",1,61186,83.9
"21839","most be",1,61187,83.91
"21840","most beautiful",1,61188,83.91
"21841","most benefit",1,61189,83.91
"21842","most by",1,61190,83.91
"21843","most clearly",1,61191,83.91
"21844","most common",1,61192,83.91
"21845","most completely",1,61193,83.91
"21846","most difficult",1,61194,83.92
"21847","most direct",1,61195,83.92
"21848","most do",1,61196,83.92
"21849","most fun",1,61197,83.92
"21850","most here",1,61198,83.92
"21851","most holy",1,61199,83.92
"21852","most in",1,61200,83.92
"21853","most interesting",1,61201,83.93
"21854","most kick",1,61202,83.93
"21855","most looking",1,61203,83.93
"21856","most male",1,61204,83.93
"21857","most moral",1,61205,83.93
"21858","most often",1,61206,83.93
"21859","most out",1,61207,83.93
"21860","most popular",1,61208,83.94
"21861","most probably",1,61209,83.94
"21862","most red",1,61210,83.94
"21863","most so",1,61211,83.94
"21864","most successful",1,61212,83.94
"21865","most to",1,61213,83.94
"21866","most type",1,61214,83.94
"21867","most understand",1,61215,83.94
"21868","most unfortunately",1,61216,83.95
"21869","most unlike",1,61217,83.95
"21870","most were",1,61218,83.95
"21871","most when",1,61219,83.95
"21872","most won",1,61220,83.95
"21873","most would",1,61221,83.95
"21874","mostly been",1,61222,83.95
"21875","mostly but",1,61223,83.96
"21876","mostly by",1,61224,83.96
"21877","mostly empty",1,61225,83.96
"21878","mostly laugh",1,61226,83.96
"21879","mostly less",1,61227,83.96
"21880","mostly my",1,61228,83.96
"21881","mostly sweet",1,61229,83.96
"21882","mostly the",1,61230,83.97
"21883","mostly there",1,61231,83.97
"21884","mother be",1,61232,83.97
"21885","mother but",1,61233,83.97
"21886","mother by",1,61234,83.97
"21887","mother can",1,61235,83.97
"21888","mother did",1,61236,83.97
"21889","mother ever",1,61237,83.97
"21890","mother me",1,61238,83.98
"21891","mother please",1,61239,83.98
"21892","mother sadly",1,61240,83.98
"21893","mother she",1,61241,83.98
"21894","mother somebody",1,61242,83.98
"21895","mother soon",1,61243,83.98
"21896","mother that",1,61244,83.98
"21897","mother took",1,61245,83.99
"21898","mother would",1,61246,83.99
"21899","mountain home",1,61247,83.99
"21900","mountain shall",1,61248,83.99
"21901","mouth even",1,61249,83.99
"21902","mouth feel",1,61250,83.99
"21903","mouth i",1,61251,83.99
"21904","mouth of",1,61252,84
"21905","mouth on",1,61253,84
"21906","mouth our",1,61254,84
"21907","move across",1,61255,84
"21908","move after",1,61256,84
"21909","move along",1,61257,84
"21910","move breath",1,61258,84
"21911","move but",1,61259,84.01
"21912","move does",1,61260,84.01
"21913","move for",1,61261,84.01
"21914","move further",1,61262,84.01
"21915","move guy",1,61263,84.01
"21916","move in",1,61264,84.01
"21917","move taken",1,61265,84.01
"21918","move that",1,61266,84.01
"21919","move the",1,61267,84.02
"21920","move through",1,61268,84.02
"21921","move which",1,61269,84.02
"21922","movement and",1,61270,84.02
"21923","movement every",1,61271,84.02
"21924","movement for",1,61272,84.02
"21925","movement have",1,61273,84.02
"21926","movement here",1,61274,84.03
"21927","movement s",1,61275,84.03
"21928","movement st",1,61276,84.03
"21929","movement that",1,61277,84.03
"21930","movement told",1,61278,84.03
"21931","movement up",1,61279,84.03
"21932","movement was",1,61280,84.03
"21933","movement will",1,61281,84.04
"21934","movie all",1,61282,84.04
"21935","movie although",1,61283,84.04
"21936","movie but",1,61284,84.04
"21937","movie coming",1,61285,84.04
"21938","movie ever",1,61286,84.04
"21939","movie for",1,61287,84.04
"21940","movie i",1,61288,84.04
"21941","movie it",1,61289,84.05
"21942","movie like",1,61290,84.05
"21943","movie made",1,61291,84.05
"21944","movie review",1,61292,84.05
"21945","movie s",1,61293,84.05
"21946","movie such",1,61294,84.05
"21947","movie the",1,61295,84.05
"21948","movie world",1,61296,84.06
"21949","movie would",1,61297,84.06
"21950","moving and",1,61298,84.06
"21951","moving around",1,61299,84.06
"21952","moving away",1,61300,84.06
"21953","moving from",1,61301,84.06
"21954","moving in",1,61302,84.06
"21955","moving my",1,61303,84.07
"21956","moving on",1,61304,84.07
"21957","moving or",1,61305,84.07
"21958","moving to",1,61306,84.07
"21959","moving up",1,61307,84.07
"21960","moving with",1,61308,84.07
"21961","much a",1,61309,84.07
"21962","much alcohol",1,61310,84.07
"21963","much already",1,61311,84.08
"21964","much at",1,61312,84.08
"21965","much bad",1,61313,84.08
"21966","much beach",1,61314,84.08
"21967","much blood",1,61315,84.08
"21968","much care",1,61316,84.08
"21969","much cost",1,61317,84.08
"21970","much did",1,61318,84.09
"21971","much different",1,61319,84.09
"21972","much doubt",1,61320,84.09
"21973","much each",1,61321,84.09
"21974","much everything",1,61322,84.09
"21975","much expensive",1,61323,84.09
"21976","much faster",1,61324,84.09
"21977","much feel",1,61325,84.1
"21978","much food",1,61326,84.1
"21979","much from",1,61327,84.1
"21980","much going",1,61328,84.1
"21981","much greater",1,61329,84.1
"21982","much had",1,61330,84.1
"21983","much he",1,61331,84.1
"21984","much joy",1,61332,84.11
"21985","much legal",1,61333,84.11
"21986","much looking",1,61334,84.11
"21987","much luck",1,61335,84.11
"21988","much money",1,61336,84.11
"21989","much much",1,61337,84.11
"21990","much need",1,61338,84.11
"21991","much once",1,61339,84.11
"21992","much one",1,61340,84.12
"21993","much or",1,61341,84.12
"21994","much people",1,61342,84.12
"21995","much promise",1,61343,84.12
"21996","much so",1,61344,84.12
"21997","much style",1,61345,84.12
"21998","much success",1,61346,84.12
"21999","much support",1,61347,84.13
"22000","much talk",1,61348,84.13
"22001","much technology",1,61349,84.13
"22002","much than",1,61350,84.13
"22003","much these",1,61351,84.13
"22004","much they",1,61352,84.13
"22005","much this",1,61353,84.13
"22006","much thought",1,61354,84.14
"22007","much traffic",1,61355,84.14
"22008","much water",1,61356,84.14
"22009","much we",1,61357,84.14
"22010","much worse",1,61358,84.14
"22011","much yet",1,61359,84.14
"22012","multiple about",1,61360,84.14
"22013","multiple times",1,61361,84.14
"22014","mum gave",1,61362,84.15
"22015","mum not",1,61363,84.15
"22016","mum went",1,61364,84.15
"22017","museum but",1,61365,84.15
"22018","museum day",1,61366,84.15
"22019","museum is",1,61367,84.15
"22020","museum my",1,61368,84.15
"22021","museum of",1,61369,84.16
"22022","museum only",1,61370,84.16
"22023","museum s",1,61371,84.16
"22024","museum the",1,61372,84.16
"22025","music above",1,61373,84.16
"22026","music also",1,61374,84.16
"22027","music art",1,61375,84.16
"22028","music at",1,61376,84.17
"22029","music but",1,61377,84.17
"22030","music do",1,61378,84.17
"22031","music ever",1,61379,84.17
"22032","music first",1,61380,84.17
"22033","music for",1,61381,84.17
"22034","music from",1,61382,84.17
"22035","music in",1,61383,84.18
"22036","music is",1,61384,84.18
"22037","music it",1,61385,84.18
"22038","music more",1,61386,84.18
"22039","music or",1,61387,84.18
"22040","music paper",1,61388,84.18
"22041","music program",1,61389,84.18
"22042","music seeing",1,61390,84.18
"22043","music she",1,61391,84.19
"22044","music so",1,61392,84.19
"22045","music that",1,61393,84.19
"22046","music to",1,61394,84.19
"22047","musical with",1,61395,84.19
"22048","must admit",1,61396,84.19
"22049","must also",1,61397,84.19
"22050","must certainly",1,61398,84.2
"22051","must choose",1,61399,84.2
"22052","must feed",1,61400,84.2
"22053","must must",1,61401,84.2
"22054","must read",1,61402,84.2
"22055","must receive",1,61403,84.2
"22056","must sit",1,61404,84.2
"22057","must then",1,61405,84.21
"22058","must try",1,61406,84.21
"22059","must use",1,61407,84.21
"22060","must wait",1,61408,84.21
"22061","my a",1,61409,84.21
"22062","my account",1,61410,84.21
"22063","my actual",1,61411,84.21
"22064","my actually",1,61412,84.21
"22065","my administration",1,61413,84.22
"22066","my album",1,61414,84.22
"22067","my along",1,61415,84.22
"22068","my argument",1,61416,84.22
"22069","my arm",1,61417,84.22
"22070","my arms",1,61418,84.22
"22071","my audience",1,61419,84.22
"22072","my beautiful",1,61420,84.23
"22073","my bedroom",1,61421,84.23
"22074","my been",1,61422,84.23
"22075","my being",1,61423,84.23
"22076","my believe",1,61424,84.23
"22077","my birthday",1,61425,84.23
"22078","my bottom",1,61426,84.23
"22079","my bought",1,61427,84.24
"22080","my brain",1,61428,84.24
"22081","my brand",1,61429,84.24
"22082","my break",1,61430,84.24
"22083","my breakfast",1,61431,84.24
"22084","my broken",1,61432,84.24
"22085","my brush",1,61433,84.24
"22086","my budget",1,61434,84.25
"22087","my cake",1,61435,84.25
"22088","my candy",1,61436,84.25
"22089","my case",1,61437,84.25
"22090","my cell",1,61438,84.25
"22091","my character",1,61439,84.25
"22092","my class",1,61440,84.25
"22093","my cleaning",1,61441,84.25
"22094","my closed",1,61442,84.26
"22095","my clothes",1,61443,84.26
"22096","my collection",1,61444,84.26
"22097","my come",1,61445,84.26
"22098","my concern",1,61446,84.26
"22099","my confidence",1,61447,84.26
"22100","my cooking",1,61448,84.26
"22101","my copy",1,61449,84.27
"22102","my corporate",1,61450,84.27
"22103","my craft",1,61451,84.27
"22104","my crazy",1,61452,84.27
"22105","my creative",1,61453,84.27
"22106","my description",1,61454,84.27
"22107","my design",1,61455,84.27
"22108","my dinner",1,61456,84.28
"22109","my divine",1,61457,84.28
"22110","my doctor",1,61458,84.28
"22111","my dog",1,61459,84.28
"22112","my down",1,61460,84.28
"22113","my drink",1,61461,84.28
"22114","my editor",1,61462,84.28
"22115","my end",1,61463,84.28
"22116","my ended",1,61464,84.29
"22117","my evening",1,61465,84.29
"22118","my ex",1,61466,84.29
"22119","my eye",1,61467,84.29
"22120","my fairly",1,61468,84.29
"22121","my fault",1,61469,84.29
"22122","my fill",1,61470,84.29
"22123","my finally",1,61471,84.3
"22124","my finger",1,61472,84.3
"22125","my flesh",1,61473,84.3
"22126","my flower",1,61474,84.3
"22127","my former",1,61475,84.3
"22128","my from",1,61476,84.3
"22129","my future",1,61477,84.3
"22130","my girl",1,61478,84.31
"22131","my good",1,61479,84.31
"22132","my got",1,61480,84.31
"22133","my great",1,61481,84.31
"22134","my guess",1,61482,84.31
"22135","my hair",1,61483,84.31
"22136","my hear",1,61484,84.31
"22137","my hero",1,61485,84.31
"22138","my high",1,61486,84.32
"22139","my holy",1,61487,84.32
"22140","my home",1,61488,84.32
"22141","my honor",1,61489,84.32
"22142","my horrible",1,61490,84.32
"22143","my horror",1,61491,84.32
"22144","my how",1,61492,84.32
"22145","my huge",1,61493,84.33
"22146","my imagination",1,61494,84.33
"22147","my include",1,61495,84.33
"22148","my is",1,61496,84.33
"22149","my issue",1,61497,84.33
"22150","my jump",1,61498,84.33
"22151","my just",1,61499,84.33
"22152","my kingdom",1,61500,84.34
"22153","my know",1,61501,84.34
"22154","my knowledge",1,61502,84.34
"22155","my ladies",1,61503,84.34
"22156","my leaving",1,61504,84.34
"22157","my leg",1,61505,84.34
"22158","my lesson",1,61506,84.34
"22159","my library",1,61507,84.35
"22160","my like",1,61508,84.35
"22161","my literary",1,61509,84.35
"22162","my living",1,61510,84.35
"22163","my local",1,61511,84.35
"22164","my long",1,61512,84.35
"22165","my lovely",1,61513,84.35
"22166","my loving",1,61514,84.35
"22167","my making",1,61515,84.36
"22168","my marketing",1,61516,84.36
"22169","my marriage",1,61517,84.36
"22170","my master",1,61518,84.36
"22171","my me",1,61519,84.36
"22172","my middle",1,61520,84.36
"22173","my milk",1,61521,84.36
"22174","my miss",1,61522,84.37
"22175","my mistake",1,61523,84.37
"22176","my most",1,61524,84.37
"22177","my music",1,61525,84.37
"22178","my night",1,61526,84.37
"22179","my nurse",1,61527,84.37
"22180","my of",1,61528,84.37
"22181","my older",1,61529,84.38
"22182","my opportunity",1,61530,84.38
"22183","my paper",1,61531,84.38
"22184","my part",1,61532,84.38
"22185","my party",1,61533,84.38
"22186","my personal",1,61534,84.38
"22187","my photography",1,61535,84.38
"22188","my physical",1,61536,84.38
"22189","my plate",1,61537,84.39
"22190","my point",1,61538,84.39
"22191","my poor",1,61539,84.39
"22192","my position",1,61540,84.39
"22193","my post",1,61541,84.39
"22194","my prize",1,61542,84.39
"22195","my public",1,61543,84.39
"22196","my publisher",1,61544,84.4
"22197","my question",1,61545,84.4
"22198","my quick",1,61546,84.4
"22199","my reader",1,61547,84.4
"22200","my recent",1,61548,84.4
"22201","my recently",1,61549,84.4
"22202","my regular",1,61550,84.4
"22203","my request",1,61551,84.41
"22204","my respect",1,61552,84.41
"22205","my response",1,61553,84.41
"22206","my return",1,61554,84.41
"22207","my review",1,61555,84.41
"22208","my right",1,61556,84.41
"22209","my room",1,61557,84.41
"22210","my rule",1,61558,84.42
"22211","my safety",1,61559,84.42
"22212","my sam",1,61560,84.42
"22213","my schedule",1,61561,84.42
"22214","my school",1,61562,84.42
"22215","my sense",1,61563,84.42
"22216","my set",1,61564,84.42
"22217","my sewing",1,61565,84.42
"22218","my sleeping",1,61566,84.43
"22219","my smell",1,61567,84.43
"22220","my somebody",1,61568,84.43
"22221","my something",1,61569,84.43
"22222","my soul",1,61570,84.43
"22223","my spot",1,61571,84.43
"22224","my stamp",1,61572,84.43
"22225","my standard",1,61573,84.44
"22226","my star",1,61574,84.44
"22227","my starting",1,61575,84.44
"22228","my step",1,61576,84.44
"22229","my stomach",1,61577,84.44
"22230","my story",1,61578,84.44
"22231","my style",1,61579,84.44
"22232","my success",1,61580,84.45
"22233","my support",1,61581,84.45
"22234","my surprise",1,61582,84.45
"22235","my table",1,61583,84.45
"22236","my taught",1,61584,84.45
"22237","my teacher",1,61585,84.45
"22238","my teeth",1,61586,84.45
"22239","my thanks",1,61587,84.45
"22240","my the",1,61588,84.46
"22241","my theory",1,61589,84.46
"22242","my they",1,61590,84.46
"22243","my thinking",1,61591,84.46
"22244","my third",1,61592,84.46
"22245","my though",1,61593,84.46
"22246","my through",1,61594,84.46
"22247","my tight",1,61595,84.47
"22248","my times",1,61596,84.47
"22249","my today",1,61597,84.47
"22250","my took",1,61598,84.47
"22251","my trade",1,61599,84.47
"22252","my traditional",1,61600,84.47
"22253","my tree",1,61601,84.47
"22254","my true",1,61602,84.48
"22255","my uncle",1,61603,84.48
"22256","my usual",1,61604,84.48
"22257","my video",1,61605,84.48
"22258","my vision",1,61606,84.48
"22259","my what",1,61607,84.48
"22260","my while",1,61608,84.48
"22261","my why",1,61609,84.49
"22262","my winter",1,61610,84.49
"22263","my wish",1,61611,84.49
"22264","my with",1,61612,84.49
"22265","my wonderful",1,61613,84.49
"22266","my writing",1,61614,84.49
"22267","my yard",1,61615,84.49
"22268","my you",1,61616,84.49
"22269","myself a",1,61617,84.5
"22270","myself all",1,61618,84.5
"22271","myself almost",1,61619,84.5
"22272","myself as",1,61620,84.5
"22273","myself but",1,61621,84.5
"22274","myself clear",1,61622,84.5
"22275","myself doing",1,61623,84.5
"22276","myself don",1,61624,84.51
"22277","myself ever",1,61625,84.51
"22278","myself feel",1,61626,84.51
"22279","myself first",1,61627,84.51
"22280","myself giving",1,61628,84.51
"22281","myself included",1,61629,84.51
"22282","myself life",1,61630,84.51
"22283","myself make",1,61631,84.52
"22284","myself out",1,61632,84.52
"22285","myself the",1,61633,84.52
"22286","myself unable",1,61634,84.52
"22287","myself up",1,61635,84.52
"22288","myself wanting",1,61636,84.52
"22289","myself was",1,61637,84.52
"22290","myself watching",1,61638,84.52
"22291","myself you",1,61639,84.53
"22292","mystery is",1,61640,84.53
"22293","mystery story",1,61641,84.53
"22294","mystery to",1,61642,84.53
"22295","n a",1,61643,84.53
"22296","n d",1,61644,84.53
"22297","n her",1,61645,84.53
"22298","n never",1,61646,84.54
"22299","n p",1,61647,84.54
"22300","n so",1,61648,84.54
"22301","n t",1,61649,84.54
"22302","n wall",1,61650,84.54
"22303","name he",1,61651,84.54
"22304","name i",1,61652,84.54
"22305","name immediately",1,61653,84.55
"22306","name in",1,61654,84.55
"22307","name is",1,61655,84.55
"22308","name it",1,61656,84.55
"22309","name s",1,61657,84.55
"22310","name since",1,61658,84.55
"22311","name will",1,61659,84.55
"22312","nation de",1,61660,84.55
"22313","nation i",1,61661,84.56
"22314","nation it",1,61662,84.56
"22315","nation not",1,61663,84.56
"22316","nation several",1,61664,84.56
"22317","nation to",1,61665,84.56
"22318","nation wide",1,61666,84.56
"22319","nation with",1,61667,84.56
"22320","nation would",1,61668,84.57
"22321","national campaign",1,61669,84.57
"22322","national he",1,61670,84.57
"22323","national his",1,61671,84.57
"22324","national officer",1,61672,84.57
"22325","national private",1,61673,84.57
"22326","national via",1,61674,84.57
"22327","national was",1,61675,84.58
"22328","national when",1,61676,84.58
"22329","native and",1,61677,84.58
"22330","native country",1,61678,84.58
"22331","native still",1,61679,84.58
"22332","natural as",1,61680,84.58
"22333","natural birth",1,61681,84.58
"22334","natural but",1,61682,84.59
"22335","natural of",1,61683,84.59
"22336","natural red",1,61684,84.59
"22337","natural while",1,61685,84.59
"22338","natural with",1,61686,84.59
"22339","natural world",1,61687,84.59
"22340","naturally but",1,61688,84.59
"22341","naturally for",1,61689,84.59
"22342","naturally got",1,61690,84.6
"22343","naturally lots",1,61691,84.6
"22344","naturally or",1,61692,84.6
"22345","naturally run",1,61693,84.6
"22346","naturally t",1,61694,84.6
"22347","naturally the",1,61695,84.6
"22348","naturally to",1,61696,84.6
"22349","naturally we",1,61697,84.61
"22350","nature and",1,61698,84.61
"22351","nature as",1,61699,84.61
"22352","nature may",1,61700,84.61
"22353","nature per",1,61701,84.61
"22354","nature that",1,61702,84.61
"22355","nature to",1,61703,84.61
"22356","nearly as",1,61704,84.62
"22357","nearly did",1,61705,84.62
"22358","nearly every",1,61706,84.62
"22359","nearly for",1,61707,84.62
"22360","nearly from",1,61708,84.62
"22361","nearly have",1,61709,84.62
"22362","nearly midnight",1,61710,84.62
"22363","nearly that",1,61711,84.62
"22364","nearly the",1,61712,84.63
"22365","nearly two",1,61713,84.63
"22366","nearly year",1,61714,84.63
"22367","necessarily that",1,61715,84.63
"22368","necessarily worse",1,61716,84.63
"22369","necessary for",1,61717,84.63
"22370","necessary that",1,61718,84.63
"22371","neck and",1,61719,84.64
"22372","neck my",1,61720,84.64
"22373","need an",1,61721,84.64
"22374","need at",1,61722,84.64
"22375","need currently",1,61723,84.64
"22376","need done",1,61724,84.64
"22377","need heavy",1,61725,84.64
"22378","need i",1,61726,84.65
"22379","need it",1,61727,84.65
"22380","need less",1,61728,84.65
"22381","need not",1,61729,84.65
"22382","need oh",1,61730,84.65
"22383","need or",1,61731,84.65
"22384","need pick",1,61732,84.65
"22385","need the",1,61733,84.66
"22386","need together",1,61734,84.66
"22387","need yet",1,61735,84.66
"22388","needs and",1,61736,84.66
"22389","needs doing",1,61737,84.66
"22390","needs make",1,61738,84.66
"22391","needs one",1,61739,84.66
"22392","needs some",1,61740,84.66
"22393","needs while",1,61741,84.67
"22394","negative and",1,61742,84.67
"22395","negative he",1,61743,84.67
"22396","negative in",1,61744,84.67
"22397","negative its",1,61745,84.67
"22398","negative of",1,61746,84.67
"22399","negative toward",1,61747,84.67
"22400","neighborhood in",1,61748,84.68
"22401","neighborhood or",1,61749,84.68
"22402","neighborhood then",1,61750,84.68
"22403","neither of",1,61751,84.68
"22404","neither the",1,61752,84.68
"22405","neither were",1,61753,84.68
"22406","nervous about",1,61754,84.68
"22407","never a",1,61755,84.69
"22408","never any",1,61756,84.69
"22409","never at",1,61757,84.69
"22410","never before",1,61758,84.69
"22411","never claim",1,61759,84.69
"22412","never eat",1,61760,84.69
"22413","never even",1,61761,84.69
"22414","never ever",1,61762,84.69
"22415","never famous",1,61763,84.7
"22416","never fell",1,61764,84.7
"22417","never felt",1,61765,84.7
"22418","never find",1,61766,84.7
"22419","never fully",1,61767,84.7
"22420","never give",1,61768,84.7
"22421","never go",1,61769,84.7
"22422","never have",1,61770,84.71
"22423","never i",1,61771,84.71
"22424","never in",1,61772,84.71
"22425","never it",1,61773,84.71
"22426","never knew",1,61774,84.71
"22427","never know",1,61775,84.71
"22428","never known",1,61776,84.71
"22429","never let",1,61777,84.72
"22430","never lose",1,61778,84.72
"22431","never lost",1,61779,84.72
"22432","never meet",1,61780,84.72
"22433","never met",1,61781,84.72
"22434","never mind",1,61782,84.72
"22435","never note",1,61783,84.72
"22436","never pick",1,61784,84.72
"22437","never properly",1,61785,84.73
"22438","never quite",1,61786,84.73
"22439","never read",1,61787,84.73
"22440","never saying",1,61788,84.73
"22441","never seem",1,61789,84.73
"22442","never seen",1,61790,84.73
"22443","never sent",1,61791,84.73
"22444","never stop",1,61792,84.74
"22445","never taken",1,61793,84.74
"22446","never think",1,61794,84.74
"22447","never those",1,61795,84.74
"22448","never took",1,61796,84.74
"22449","never understand",1,61797,84.74
"22450","never understood",1,61798,84.74
"22451","never used",1,61799,84.75
"22452","never was",1,61800,84.75
"22453","never who",1,61801,84.75
"22454","never will",1,61802,84.75
"22455","never written",1,61803,84.75
"22456","new album",1,61804,84.75
"22457","new as",1,61805,84.75
"22458","new baby",1,61806,84.76
"22459","new been",1,61807,84.76
"22460","new birth",1,61808,84.76
"22461","new born",1,61809,84.76
"22462","new business",1,61810,84.76
"22463","new card",1,61811,84.76
"22464","new code",1,61812,84.76
"22465","new coming",1,61813,84.76
"22466","new company",1,61814,84.77
"22467","new day",1,61815,84.77
"22468","new delicious",1,61816,84.77
"22469","new doctor",1,61817,84.77
"22470","new earth",1,61818,84.77
"22471","new episode",1,61819,84.77
"22472","new era",1,61820,84.77
"22473","new even",1,61821,84.78
"22474","new experience",1,61822,84.78
"22475","new for",1,61823,84.78
"22476","new found",1,61824,84.78
"22477","new fresh",1,61825,84.78
"22478","new friend",1,61826,84.78
"22479","new future",1,61827,84.78
"22480","new gift",1,61828,84.79
"22481","new group",1,61829,84.79
"22482","new have",1,61830,84.79
"22483","new he",1,61831,84.79
"22484","new if",1,61832,84.79
"22485","new is",1,61833,84.79
"22486","new it",1,61834,84.79
"22487","new job",1,61835,84.79
"22488","new keep",1,61836,84.8
"22489","new kitchen",1,61837,84.8
"22490","new model",1,61838,84.8
"22491","new music",1,61839,84.8
"22492","new my",1,61840,84.8
"22493","new normal",1,61841,84.8
"22494","new once",1,61842,84.8
"22495","new over",1,61843,84.81
"22496","new paint",1,61844,84.81
"22497","new people",1,61845,84.81
"22498","new perspective",1,61846,84.81
"22499","new plate",1,61847,84.81
"22500","new please",1,61848,84.81
"22501","new political",1,61849,84.81
"22502","new post",1,61850,84.82
"22503","new shop",1,61851,84.82
"22504","new situation",1,61852,84.82
"22505","new sketch",1,61853,84.82
"22506","new space",1,61854,84.82
"22507","new stamp",1,61855,84.82
"22508","new starting",1,61856,84.82
"22509","new that",1,61857,84.83
"22510","new thing",1,61858,84.83
"22511","new top",1,61859,84.83
"22512","new track",1,61860,84.83
"22513","new two",1,61861,84.83
"22514","new up",1,61862,84.83
"22515","new version",1,61863,84.83
"22516","new way",1,61864,84.83
"22517","new we",1,61865,84.84
"22518","new were",1,61866,84.84
"22519","new with",1,61867,84.84
"22520","new yellow",1,61868,84.84
"22521","new you",1,61869,84.84
"22522","news a",1,61870,84.84
"22523","news broke",1,61871,84.84
"22524","news but",1,61872,84.85
"22525","news fast",1,61873,84.85
"22526","news feed",1,61874,84.85
"22527","news i",1,61875,84.85
"22528","news let",1,61876,84.85
"22529","news reader",1,61877,84.85
"22530","news release",1,61878,84.85
"22531","news sometimes",1,61879,84.86
"22532","news that",1,61880,84.86
"22533","news to",1,61881,84.86
"22534","news two",1,61882,84.86
"22535","news which",1,61883,84.86
"22536","news yesterday",1,61884,84.86
"22537","newspaper i",1,61885,84.86
"22538","newspaper which",1,61886,84.86
"22539","newspaper will",1,61887,84.87
"22540","next i",1,61888,84.87
"22541","next interesting",1,61889,84.87
"22542","next month",1,61890,84.87
"22543","next morning",1,61891,84.87
"22544","next my",1,61892,84.87
"22545","next out",1,61893,84.87
"22546","next scene",1,61894,84.88
"22547","next school",1,61895,84.88
"22548","next silly",1,61896,84.88
"22549","next st",1,61897,84.88
"22550","next step",1,61898,84.88
"22551","next the",1,61899,84.88
"22552","next three",1,61900,84.88
"22553","nice account",1,61901,84.89
"22554","nice and",1,61902,84.89
"22555","nice balance",1,61903,84.89
"22556","nice blend",1,61904,84.89
"22557","nice car",1,61905,84.89
"22558","nice chocolate",1,61906,84.89
"22559","nice enough",1,61907,84.89
"22560","nice free",1,61908,84.9
"22561","nice how",1,61909,84.9
"22562","nice i",1,61910,84.9
"22563","nice in",1,61911,84.9
"22564","nice little",1,61912,84.9
"22565","nice my",1,61913,84.9
"22566","nice of",1,61914,84.9
"22567","nice patient",1,61915,84.9
"22568","nice person",1,61916,84.91
"22569","nice round",1,61917,84.91
"22570","nice seeing",1,61918,84.91
"22571","nice talk",1,61919,84.91
"22572","nice thought",1,61920,84.91
"22573","nice treat",1,61921,84.91
"22574","night accepted",1,61922,84.91
"22575","night away",1,61923,84.92
"22576","night but",1,61924,84.92
"22577","night can",1,61925,84.92
"22578","night cup",1,61926,84.92
"22579","night despite",1,61927,84.92
"22580","night find",1,61928,84.92
"22581","night he",1,61929,84.92
"22582","night it",1,61930,84.93
"22583","night left",1,61931,84.93
"22584","night light",1,61932,84.93
"22585","night long",1,61933,84.93
"22586","night luckily",1,61934,84.93
"22587","night my",1,61935,84.93
"22588","night out",1,61936,84.93
"22589","night paper",1,61937,84.93
"22590","night s",1,61938,84.94
"22591","night saying",1,61939,84.94
"22592","night seeing",1,61940,84.94
"22593","night she",1,61941,84.94
"22594","night stay",1,61942,84.94
"22595","night take",1,61943,84.94
"22596","night team",1,61944,84.94
"22597","night there",1,61945,84.95
"22598","night when",1,61946,84.95
"22599","night you",1,61947,84.95
"22600","nights a",1,61948,84.95
"22601","nights ago",1,61949,84.95
"22602","nights because",1,61950,84.95
"22603","nights days",1,61951,84.95
"22604","nights have",1,61952,84.96
"22605","nights in",1,61953,84.96
"22606","nine and",1,61954,84.96
"22607","nine days",1,61955,84.96
"22608","nine for",1,61956,84.96
"22609","nine or",1,61957,84.96
"22610","nine were",1,61958,84.96
"22611","no and",1,61959,84.96
"22612","no approach",1,61960,84.97
"22613","no big",1,61961,84.97
"22614","no but",1,61962,84.97
"22615","no by",1,61963,84.97
"22616","no can",1,61964,84.97
"22617","no choice",1,61965,84.97
"22618","no civil",1,61966,84.97
"22619","no claim",1,61967,84.98
"22620","no contact",1,61968,84.98
"22621","no deal",1,61969,84.98
"22622","no difference",1,61970,84.98
"22623","no doubt",1,61971,84.98
"22624","no energy",1,61972,84.98
"22625","no face",1,61973,84.98
"22626","no for",1,61974,84.99
"22627","no from",1,61975,84.99
"22628","no fruit",1,61976,84.99
"22629","no getting",1,61977,84.99
"22630","no good",1,61978,84.99
"22631","no he",1,61979,84.99
"22632","no home",1,61980,84.99
"22633","no ideal",1,61981,85
"22634","no interest",1,61982,85
"22635","no kind",1,61983,85
"22636","no last",1,61984,85
"22637","no later",1,61985,85
"22638","no love",1,61986,85
"22639","no major",1,61987,85
"22640","no man",1,61988,85
"22641","no march",1,61989,85.01
"22642","no mean",1,61990,85.01
"22643","no message",1,61991,85.01
"22644","no money",1,61992,85.01
"22645","no mountain",1,61993,85.01
"22646","no movie",1,61994,85.01
"22647","no new",1,61995,85.01
"22648","no pain",1,61996,85.02
"22649","no part",1,61997,85.02
"22650","no partner",1,61998,85.02
"22651","no perfect",1,61999,85.02
"22652","no place",1,62000,85.02
"22653","no political",1,62001,85.02
"22654","no positive",1,62002,85.02
"22655","no quilt",1,62003,85.03
"22656","no really",1,62004,85.03
"22657","no relationship",1,62005,85.03
"22658","no role",1,62006,85.03
"22659","no sentiment",1,62007,85.03
"22660","no sharp",1,62008,85.03
"22661","no single",1,62009,85.03
"22662","no spring",1,62010,85.03
"22663","no such",1,62011,85.04
"22664","no surface",1,62012,85.04
"22665","no thank",1,62013,85.04
"22666","no this",1,62014,85.04
"22667","no time",1,62015,85.04
"22668","no tone",1,62016,85.04
"22669","no wall",1,62017,85.04
"22670","no warning",1,62018,85.05
"22671","no we",1,62019,85.05
"22672","no why",1,62020,85.05
"22673","no window",1,62021,85.05
"22674","no winter",1,62022,85.05
"22675","no work",1,62023,85.05
"22676","nobody s",1,62024,85.05
"22677","non and",1,62025,85.06
"22678","non bank",1,62026,85.06
"22679","non but",1,62027,85.06
"22680","non fiction",1,62028,85.06
"22681","non from",1,62029,85.06
"22682","non police",1,62030,85.06
"22683","non record",1,62031,85.06
"22684","non sleeping",1,62032,85.07
"22685","non this",1,62033,85.07
"22686","non to",1,62034,85.07
"22687","none for",1,62035,85.07
"22688","none really",1,62036,85.07
"22689","nor any",1,62037,85.07
"22690","nor did",1,62038,85.07
"22691","normal after",1,62039,85.07
"22692","normal day",1,62040,85.08
"22693","normal family",1,62041,85.08
"22694","normally do",1,62042,85.08
"22695","normally i",1,62043,85.08
"22696","normally that",1,62044,85.08
"22697","normally you",1,62045,85.08
"22698","north a",1,62046,85.08
"22699","north as",1,62047,85.09
"22700","north whether",1,62048,85.09
"22701","northern below",1,62049,85.09
"22702","northern china",1,62050,85.09
"22703","northern over",1,62051,85.09
"22704","nose are",1,62052,85.09
"22705","nose on",1,62053,85.09
"22706","nose the",1,62054,85.1
"22707","not accept",1,62055,85.1
"22708","not actually",1,62056,85.1
"22709","not allow",1,62057,85.1
"22710","not already",1,62058,85.1
"22711","not and",1,62059,85.1
"22712","not apply",1,62060,85.1
"22713","not appreciate",1,62061,85.1
"22714","not at",1,62062,85.11
"22715","not attempt",1,62063,85.11
"22716","not bad",1,62064,85.11
"22717","not based",1,62065,85.11
"22718","not been",1,62066,85.11
"22719","not believe",1,62067,85.11
"22720","not better",1,62068,85.11
"22721","not born",1,62069,85.12
"22722","not brown",1,62070,85.12
"22723","not carry",1,62071,85.12
"22724","not checked",1,62072,85.12
"22725","not choose",1,62073,85.12
"22726","not closed",1,62074,85.12
"22727","not comfortable",1,62075,85.12
"22728","not connected",1,62076,85.13
"22729","not crazy",1,62077,85.13
"22730","not dealing",1,62078,85.13
"22731","not diet",1,62079,85.13
"22732","not difficult",1,62080,85.13
"22733","not doing",1,62081,85.13
"22734","not done",1,62082,85.13
"22735","not down",1,62083,85.14
"22736","not easy",1,62084,85.14
"22737","not enter",1,62085,85.14
"22738","not feeling",1,62086,85.14
"22739","not field",1,62087,85.14
"22740","not finished",1,62088,85.14
"22741","not forget",1,62089,85.14
"22742","not found",1,62090,85.14
"22743","not frank",1,62091,85.15
"22744","not from",1,62092,85.15
"22745","not full",1,62093,85.15
"22746","not fun",1,62094,85.15
"22747","not get",1,62095,85.15
"22748","not given",1,62096,85.15
"22749","not go",1,62097,85.15
"22750","not great",1,62098,85.16
"22751","not half",1,62099,85.16
"22752","not hard",1,62100,85.16
"22753","not his",1,62101,85.16
"22754","not include",1,62102,85.16
"22755","not it",1,62103,85.16
"22756","not knowing",1,62104,85.16
"22757","not leave",1,62105,85.17
"22758","not limited",1,62106,85.17
"22759","not listen",1,62107,85.17
"22760","not literally",1,62108,85.17
"22761","not long",1,62109,85.17
"22762","not looking",1,62110,85.17
"22763","not love",1,62111,85.17
"22764","not lower",1,62112,85.17
"22765","not lying",1,62113,85.18
"22766","not make",1,62114,85.18
"22767","not manage",1,62115,85.18
"22768","not maybe",1,62116,85.18
"22769","not meant",1,62117,85.18
"22770","not mention",1,62118,85.18
"22771","not mine",1,62119,85.18
"22772","not miss",1,62120,85.19
"22773","not nearly",1,62121,85.19
"22774","not necessarily",1,62122,85.19
"22775","not need",1,62123,85.19
"22776","not nice",1,62124,85.19
"22777","not our",1,62125,85.19
"22778","not place",1,62126,85.19
"22779","not power",1,62127,85.2
"22780","not quick",1,62128,85.2
"22781","not realize",1,62129,85.2
"22782","not right",1,62130,85.2
"22783","not running",1,62131,85.2
"22784","not set",1,62132,85.2
"22785","not simply",1,62133,85.2
"22786","not since",1,62134,85.2
"22787","not some",1,62135,85.21
"22788","not something",1,62136,85.21
"22789","not speak",1,62137,85.21
"22790","not stick",1,62138,85.21
"22791","not strong",1,62139,85.21
"22792","not supposed",1,62140,85.21
"22793","not take",1,62141,85.21
"22794","not taken",1,62142,85.22
"22795","not talk",1,62143,85.22
"22796","not themselves",1,62144,85.22
"22797","not there",1,62145,85.22
"22798","not these",1,62146,85.22
"22799","not think",1,62147,85.22
"22800","not till",1,62148,85.22
"22801","not totally",1,62149,85.23
"22802","not traditional",1,62150,85.23
"22803","not travel",1,62151,85.23
"22804","not true",1,62152,85.23
"22805","not try",1,62153,85.23
"22806","not trying",1,62154,85.23
"22807","not understand",1,62155,85.23
"22808","not up",1,62156,85.24
"22809","not used",1,62157,85.24
"22810","not wait",1,62158,85.24
"22811","not welcome",1,62159,85.24
"22812","not wet",1,62160,85.24
"22813","not where",1,62161,85.24
"22814","not whether",1,62162,85.24
"22815","not with",1,62163,85.24
"22816","not work",1,62164,85.25
"22817","not working",1,62165,85.25
"22818","not worth",1,62166,85.25
"22819","not wrapped",1,62167,85.25
"22820","not you",1,62168,85.25
"22821","not your",1,62169,85.25
"22822","note and",1,62170,85.25
"22823","note if",1,62171,85.26
"22824","note that",1,62172,85.26
"22825","note this",1,62173,85.26
"22826","noted all",1,62174,85.26
"22827","noted for",1,62175,85.26
"22828","noted the",1,62176,85.26
"22829","nothing about",1,62177,85.26
"22830","nothing and",1,62178,85.27
"22831","nothing as",1,62179,85.27
"22832","nothing been",1,62180,85.27
"22833","nothing better",1,62181,85.27
"22834","nothing fantasy",1,62182,85.27
"22835","nothing it",1,62183,85.27
"22836","nothing less",1,62184,85.27
"22837","nothing nothing",1,62185,85.27
"22838","nothing really",1,62186,85.28
"22839","nothing she",1,62187,85.28
"22840","nothing similar",1,62188,85.28
"22841","nothing so",1,62189,85.28
"22842","nothing while",1,62190,85.28
"22843","notice as",1,62191,85.28
"22844","notice i",1,62192,85.28
"22845","notice the",1,62193,85.29
"22846","notice until",1,62194,85.29
"22847","notice we",1,62195,85.29
"22848","novel above",1,62196,85.29
"22849","novel and",1,62197,85.29
"22850","novel giant",1,62198,85.29
"22851","novel i",1,62199,85.29
"22852","novel in",1,62200,85.3
"22853","novel just",1,62201,85.3
"22854","novel s",1,62202,85.3
"22855","novel the",1,62203,85.3
"22856","novel there",1,62204,85.3
"22857","novel was",1,62205,85.3
"22858","novel we",1,62206,85.3
"22859","novel were",1,62207,85.31
"22860","novel writing",1,62208,85.31
"22861","now able",1,62209,85.31
"22862","now anything",1,62210,85.31
"22863","now are",1,62211,85.31
"22864","now around",1,62212,85.31
"22865","now away",1,62213,85.31
"22866","now back",1,62214,85.31
"22867","now believe",1,62215,85.32
"22868","now caught",1,62216,85.32
"22869","now don",1,62217,85.32
"22870","now exercise",1,62218,85.32
"22871","now famous",1,62219,85.32
"22872","now feel",1,62220,85.32
"22873","now go",1,62221,85.32
"22874","now have",1,62222,85.33
"22875","now he",1,62223,85.33
"22876","now head",1,62224,85.33
"22877","now knew",1,62225,85.33
"22878","now let",1,62226,85.33
"22879","now like",1,62227,85.33
"22880","now many",1,62228,85.33
"22881","now marketing",1,62229,85.34
"22882","now national",1,62230,85.34
"22883","now not",1,62231,85.34
"22884","now on",1,62232,85.34
"22885","now out",1,62233,85.34
"22886","now over",1,62234,85.34
"22887","now paper",1,62235,85.34
"22888","now part",1,62236,85.34
"22889","now possible",1,62237,85.35
"22890","now read",1,62238,85.35
"22891","now sad",1,62239,85.35
"22892","now said",1,62240,85.35
"22893","now should",1,62241,85.35
"22894","now staff",1,62242,85.35
"22895","now stayed",1,62243,85.35
"22896","now then",1,62244,85.36
"22897","now tomorrow",1,62245,85.36
"22898","now trying",1,62246,85.36
"22899","now turn",1,62247,85.36
"22900","now until",1,62248,85.36
"22901","now use",1,62249,85.36
"22902","now very",1,62250,85.36
"22903","now while",1,62251,85.37
"22904","now without",1,62252,85.37
"22905","now year",1,62253,85.37
"22906","number for",1,62254,85.37
"22907","number general",1,62255,85.37
"22908","number in",1,62256,85.37
"22909","number one",1,62257,85.37
"22910","number since",1,62258,85.37
"22911","number straight",1,62259,85.38
"22912","number was",1,62260,85.38
"22913","numerous and",1,62261,85.38
"22914","numerous anti",1,62262,85.38
"22915","numerous do",1,62263,85.38
"22916","numerous numerous",1,62264,85.38
"22917","numerous of",1,62265,85.38
"22918","numerous web",1,62266,85.39
"22919","nurse and",1,62267,85.39
"22920","nurse came",1,62268,85.39
"22921","nurse or",1,62269,85.39
"22922","nurse simply",1,62270,85.39
"22923","nurse so",1,62271,85.39
"22924","nurse was",1,62272,85.39
"22925","o and",1,62273,85.4
"22926","o as",1,62274,85.4
"22927","o development",1,62275,85.4
"22928","o noted",1,62276,85.4
"22929","o o",1,62277,85.4
"22930","o one",1,62278,85.4
"22931","o p",1,62279,85.4
"22932","o s",1,62280,85.41
"22933","o shop",1,62281,85.41
"22934","o the",1,62282,85.41
"22935","o tool",1,62283,85.41
"22936","o yes",1,62284,85.41
"22937","obvious right",1,62285,85.41
"22938","obvious route",1,62286,85.41
"22939","obviously had",1,62287,85.41
"22940","obviously have",1,62288,85.42
"22941","obviously is",1,62289,85.42
"22942","obviously it",1,62290,85.42
"22943","obviously should",1,62291,85.42
"22944","occasion or",1,62292,85.42
"22945","occasion that",1,62293,85.42
"22946","occasionally our",1,62294,85.42
"22947","ocean road",1,62295,85.43
"22948","odd i",1,62296,85.43
"22949","odd yes",1,62297,85.43
"22950","of active",1,62298,85.43
"22951","of after",1,62299,85.43
"22952","of again",1,62300,85.43
"22953","of age",1,62301,85.43
"22954","of ago",1,62302,85.44
"22955","of alcohol",1,62303,85.44
"22956","of always",1,62304,85.44
"22957","of among",1,62305,85.44
"22958","of anyway",1,62306,85.44
"22959","of baby",1,62307,85.44
"22960","of battle",1,62308,85.44
"22961","of beautiful",1,62309,85.44
"22962","of becomes",1,62310,85.45
"22963","of been",1,62311,85.45
"22964","of better",1,62312,85.45
"22965","of between",1,62313,85.45
"22966","of birth",1,62314,85.45
"22967","of book",1,62315,85.45
"22968","of born",1,62316,85.45
"22969","of breaking",1,62317,85.46
"22970","of brewing",1,62318,85.46
"22971","of building",1,62319,85.46
"22972","of business",1,62320,85.46
"22973","of c",1,62321,85.46
"22974","of cake",1,62322,85.46
"22975","of calm",1,62323,85.46
"22976","of can",1,62324,85.47
"22977","of car",1,62325,85.47
"22978","of card",1,62326,85.47
"22979","of cash",1,62327,85.47
"22980","of cat",1,62328,85.47
"22981","of catch",1,62329,85.47
"22982","of character",1,62330,85.47
"22983","of chocolate",1,62331,85.48
"22984","of chopped",1,62332,85.48
"22985","of city",1,62333,85.48
"22986","of cleaning",1,62334,85.48
"22987","of clearly",1,62335,85.48
"22988","of closed",1,62336,85.48
"22989","of college",1,62337,85.48
"22990","of comes",1,62338,85.48
"22991","of comic",1,62339,85.49
"22992","of community",1,62340,85.49
"22993","of construction",1,62341,85.49
"22994","of cooking",1,62342,85.49
"22995","of county",1,62343,85.49
"22996","of create",1,62344,85.49
"22997","of creative",1,62345,85.49
"22998","of crying",1,62346,85.5
"22999","of culture",1,62347,85.5
"23000","of cup",1,62348,85.5
"23001","of cute",1,62349,85.5
"23002","of dark",1,62350,85.5
"23003","of darkness",1,62351,85.5
"23004","of data",1,62352,85.5
"23005","of day",1,62353,85.51
"23006","of deal",1,62354,85.51
"23007","of digital",1,62355,85.51
"23008","of doctor",1,62356,85.51
"23009","of dough",1,62357,85.51
"23010","of drink",1,62358,85.51
"23011","of dying",1,62359,85.51
"23012","of each",1,62360,85.51
"23013","of east",1,62361,85.52
"23014","of effort",1,62362,85.52
"23015","of end",1,62363,85.52
"23016","of especially",1,62364,85.52
"23017","of everyone",1,62365,85.52
"23018","of example",1,62366,85.52
"23019","of fall",1,62367,85.52
"23020","of far",1,62368,85.53
"23021","of father",1,62369,85.53
"23022","of feature",1,62370,85.53
"23023","of feel",1,62371,85.53
"23024","of fiction",1,62372,85.53
"23025","of film",1,62373,85.53
"23026","of final",1,62374,85.53
"23027","of financial",1,62375,85.54
"23028","of fine",1,62376,85.54
"23029","of flavor",1,62377,85.54
"23030","of football",1,62378,85.54
"23031","of foreign",1,62379,85.54
"23032","of found",1,62380,85.54
"23033","of frank",1,62381,85.54
"23034","of free",1,62382,85.55
"23035","of funny",1,62383,85.55
"23036","of g",1,62384,85.55
"23037","of gas",1,62385,85.55
"23038","of gave",1,62386,85.55
"23039","of getting",1,62387,85.55
"23040","of giant",1,62388,85.55
"23041","of girl",1,62389,85.55
"23042","of going",1,62390,85.56
"23043","of goods",1,62391,85.56
"23044","of grace",1,62392,85.56
"23045","of greater",1,62393,85.56
"23046","of had",1,62394,85.56
"23047","of happiness",1,62395,85.56
"23048","of health",1,62396,85.56
"23049","of heat",1,62397,85.57
"23050","of help",1,62398,85.57
"23051","of high",1,62399,85.57
"23052","of hit",1,62400,85.57
"23053","of hot",1,62401,85.57
"23054","of ice",1,62402,85.57
"23055","of independent",1,62403,85.57
"23056","of individual",1,62404,85.58
"23057","of industry",1,62405,85.58
"23058","of ink",1,62406,85.58
"23059","of inspiration",1,62407,85.58
"23060","of insurance",1,62408,85.58
"23061","of intelligence",1,62409,85.58
"23062","of international",1,62410,85.58
"23063","of issue",1,62411,85.58
"23064","of job",1,62412,85.59
"23065","of just",1,62413,85.59
"23066","of k",1,62414,85.59
"23067","of know",1,62415,85.59
"23068","of labor",1,62416,85.59
"23069","of labour",1,62417,85.59
"23070","of lake",1,62418,85.59
"23071","of large",1,62419,85.6
"23072","of last",1,62420,85.6
"23073","of later",1,62421,85.6
"23074","of legal",1,62422,85.6
"23075","of likely",1,62423,85.6
"23076","of listed",1,62424,85.6
"23077","of literature",1,62425,85.6
"23078","of living",1,62426,85.61
"23079","of looking",1,62427,85.61
"23080","of lots",1,62428,85.61
"23081","of loving",1,62429,85.61
"23082","of m",1,62430,85.61
"23083","of major",1,62431,85.61
"23084","of man",1,62432,85.61
"23085","of management",1,62433,85.61
"23086","of meat",1,62434,85.62
"23087","of media",1,62435,85.62
"23088","of medical",1,62436,85.62
"23089","of message",1,62437,85.62
"23090","of metal",1,62438,85.62
"23091","of mike",1,62439,85.62
"23092","of missing",1,62440,85.62
"23093","of mobile",1,62441,85.63
"23094","of modern",1,62442,85.63
"23095","of mother",1,62443,85.63
"23096","of much",1,62444,85.63
"23097","of nature",1,62445,85.63
"23098","of never",1,62446,85.63
"23099","of nice",1,62447,85.63
"23100","of nights",1,62448,85.64
"23101","of no",1,62449,85.64
"23102","of nothing",1,62450,85.64
"23103","of numerous",1,62451,85.64
"23104","of old",1,62452,85.64
"23105","of once",1,62453,85.64
"23106","of onto",1,62454,85.64
"23107","of open",1,62455,85.65
"23108","of orange",1,62456,85.65
"23109","of organic",1,62457,85.65
"23110","of original",1,62458,85.65
"23111","of otherwise",1,62459,85.65
"23112","of ourselves",1,62460,85.65
"23113","of over",1,62461,85.65
"23114","of pain",1,62462,85.65
"23115","of particular",1,62463,85.66
"23116","of partner",1,62464,85.66
"23117","of peace",1,62465,85.66
"23118","of person",1,62466,85.66
"23119","of personal",1,62467,85.66
"23120","of photography",1,62468,85.66
"23121","of physical",1,62469,85.66
"23122","of plant",1,62470,85.67
"23123","of pleasure",1,62471,85.67
"23124","of police",1,62472,85.67
"23125","of political",1,62473,85.67
"23126","of politics",1,62474,85.67
"23127","of pop",1,62475,85.67
"23128","of possible",1,62476,85.67
"23129","of practice",1,62477,85.68
"23130","of president",1,62478,85.68
"23131","of pressure",1,62479,85.68
"23132","of pretty",1,62480,85.68
"23133","of print",1,62481,85.68
"23134","of private",1,62482,85.68
"23135","of property",1,62483,85.68
"23136","of quality",1,62484,85.68
"23137","of quick",1,62485,85.69
"23138","of quiet",1,62486,85.69
"23139","of quite",1,62487,85.69
"23140","of really",1,62488,85.69
"23141","of religious",1,62489,85.69
"23142","of respect",1,62490,85.69
"23143","of returned",1,62491,85.69
"23144","of right",1,62492,85.7
"23145","of risk",1,62493,85.7
"23146","of rock",1,62494,85.7
"23147","of romantic",1,62495,85.7
"23148","of room",1,62496,85.7
"23149","of rule",1,62497,85.7
"23150","of salt",1,62498,85.7
"23151","of sam",1,62499,85.71
"23152","of san",1,62500,85.71
"23153","of sand",1,62501,85.71
"23154","of saying",1,62502,85.71
"23155","of school",1,62503,85.71
"23156","of science",1,62504,85.71
"23157","of searching",1,62505,85.71
"23158","of season",1,62506,85.72
"23159","of second",1,62507,85.72
"23160","of security",1,62508,85.72
"23161","of series",1,62509,85.72
"23162","of seven",1,62510,85.72
"23163","of shape",1,62511,85.72
"23164","of short",1,62512,85.72
"23165","of sin",1,62513,85.72
"23166","of small",1,62514,85.73
"23167","of smith",1,62515,85.73
"23168","of someone",1,62516,85.73
"23169","of south",1,62517,85.73
"23170","of spirit",1,62518,85.73
"23171","of spiritual",1,62519,85.73
"23172","of st",1,62520,85.73
"23173","of staff",1,62521,85.74
"23174","of strong",1,62522,85.74
"23175","of success",1,62523,85.74
"23176","of support",1,62524,85.74
"23177","of supporting",1,62525,85.74
"23178","of talented",1,62526,85.74
"23179","of tax",1,62527,85.74
"23180","of teeth",1,62528,85.75
"23181","of television",1,62529,85.75
"23182","of test",1,62530,85.75
"23183","of than",1,62531,85.75
"23184","of then",1,62532,85.75
"23185","of there",1,62533,85.75
"23186","of thing",1,62534,85.75
"23187","of thinking",1,62535,85.75
"23188","of through",1,62536,85.76
"23189","of throughout",1,62537,85.76
"23190","of thrown",1,62538,85.76
"23191","of today",1,62539,85.76
"23192","of touch",1,62540,85.76
"23193","of towards",1,62541,85.76
"23194","of traffic",1,62542,85.76
"23195","of trial",1,62543,85.77
"23196","of truth",1,62544,85.77
"23197","of trying",1,62545,85.77
"23198","of understand",1,62546,85.77
"23199","of up",1,62547,85.77
"23200","of upon",1,62548,85.77
"23201","of use",1,62549,85.77
"23202","of used",1,62550,85.78
"23203","of various",1,62551,85.78
"23204","of view",1,62552,85.78
"23205","of waiting",1,62553,85.78
"23206","of wall",1,62554,85.78
"23207","of waste",1,62555,85.78
"23208","of watching",1,62556,85.78
"23209","of ways",1,62557,85.79
"23210","of wedding",1,62558,85.79
"23211","of well",1,62559,85.79
"23212","of while",1,62560,85.79
"23213","of wine",1,62561,85.79
"23214","of winter",1,62562,85.79
"23215","of wisdom",1,62563,85.79
"23216","of wonderful",1,62564,85.79
"23217","of world",1,62565,85.8
"23218","of worship",1,62566,85.8
"23219","of would",1,62567,85.8
"23220","of ya",1,62568,85.8
"23221","of yes",1,62569,85.8
"23222","of yours",1,62570,85.8
"23223","off after",1,62571,85.8
"23224","off all",1,62572,85.81
"23225","off along",1,62573,85.81
"23226","off as",1,62574,85.81
"23227","off at",1,62575,85.81
"23228","off do",1,62576,85.81
"23229","off driving",1,62577,85.81
"23230","off early",1,62578,85.81
"23231","off every",1,62579,85.82
"23232","off fairly",1,62580,85.82
"23233","off if",1,62581,85.82
"23234","off is",1,62582,85.82
"23235","off later",1,62583,85.82
"23236","off main",1,62584,85.82
"23237","off most",1,62585,85.82
"23238","off oh",1,62586,85.82
"23239","off or",1,62587,85.83
"23240","off our",1,62588,85.83
"23241","off over",1,62589,85.83
"23242","off per",1,62590,85.83
"23243","off perfectly",1,62591,85.83
"23244","off put",1,62592,85.83
"23245","off recently",1,62593,85.83
"23246","off relief",1,62594,85.84
"23247","off season",1,62595,85.84
"23248","off so",1,62596,85.84
"23249","off sometimes",1,62597,85.84
"23250","off these",1,62598,85.84
"23251","off topic",1,62599,85.84
"23252","off under",1,62600,85.84
"23253","off we",1,62601,85.85
"23254","off weight",1,62602,85.85
"23255","off when",1,62603,85.85
"23256","offer an",1,62604,85.85
"23257","offer before",1,62605,85.85
"23258","offer grand",1,62606,85.85
"23259","offer i",1,62607,85.85
"23260","offer of",1,62608,85.85
"23261","offer on",1,62609,85.86
"23262","offer positive",1,62610,85.86
"23263","offer some",1,62611,85.86
"23264","offer that",1,62612,85.86
"23265","offer you",1,62613,85.86
"23266","offering a",1,62614,85.86
"23267","offering from",1,62615,85.86
"23268","offering great",1,62616,85.87
"23269","offering our",1,62617,85.87
"23270","office after",1,62618,85.87
"23271","office at",1,62619,85.87
"23272","office but",1,62620,85.87
"23273","office for",1,62621,85.87
"23274","office h",1,62622,85.87
"23275","office he",1,62623,85.88
"23276","office on",1,62624,85.88
"23277","office to",1,62625,85.88
"23278","officer for",1,62626,85.88
"23279","officer is",1,62627,85.88
"23280","officer s",1,62628,85.88
"23281","officer song",1,62629,85.88
"23282","officer that",1,62630,85.89
"23283","officer the",1,62631,85.89
"23284","official as",1,62632,85.89
"23285","official break",1,62633,85.89
"23286","official is",1,62634,85.89
"23287","often and",1,62635,85.89
"23288","often are",1,62636,85.89
"23289","often ask",1,62637,85.89
"23290","often bring",1,62638,85.9
"23291","often by",1,62639,85.9
"23292","often despite",1,62640,85.9
"23293","often especially",1,62641,85.9
"23294","often fall",1,62642,85.9
"23295","often feel",1,62643,85.9
"23296","often find",1,62644,85.9
"23297","often ill",1,62645,85.91
"23298","often it",1,62646,85.91
"23299","often like",1,62647,85.91
"23300","often limited",1,62648,85.91
"23301","often see",1,62649,85.91
"23302","often simple",1,62650,85.91
"23303","often than",1,62651,85.91
"23304","often the",1,62652,85.92
"23305","often there",1,62653,85.92
"23306","often with",1,62654,85.92
"23307","oh by",1,62655,85.92
"23308","oh canada",1,62656,85.92
"23309","oh good",1,62657,85.92
"23310","oh is",1,62658,85.92
"23311","oh it",1,62659,85.92
"23312","oh my",1,62660,85.93
"23313","oh not",1,62661,85.93
"23314","oh one",1,62662,85.93
"23315","oh seriously",1,62663,85.93
"23316","oh sure",1,62664,85.93
"23317","oh the",1,62665,85.93
"23318","oh there",1,62666,85.93
"23319","oh they",1,62667,85.94
"23320","oh thus",1,62668,85.94
"23321","oh we",1,62669,85.94
"23322","oh yeah",1,62670,85.94
"23323","oh yes",1,62671,85.94
"23324","oil a",1,62672,85.94
"23325","oil add",1,62673,85.94
"23326","oil deal",1,62674,85.95
"23327","oil if",1,62675,85.95
"23328","oil is",1,62676,85.95
"23329","oil of",1,62677,85.95
"23330","oil per",1,62678,85.95
"23331","oil rise",1,62679,85.95
"23332","oil than",1,62680,85.95
"23333","oil the",1,62681,85.96
"23334","oil will",1,62682,85.96
"23335","old answer",1,62683,85.96
"23336","old as",1,62684,85.96
"23337","old based",1,62685,85.96
"23338","old boy",1,62686,85.96
"23339","old bridge",1,62687,85.96
"23340","old brother",1,62688,85.96
"23341","old computer",1,62689,85.97
"23342","old friend",1,62690,85.97
"23343","old from",1,62691,85.97
"23344","old he",1,62692,85.97
"23345","old her",1,62693,85.97
"23346","old his",1,62694,85.97
"23347","old house",1,62695,85.97
"23348","old it",1,62696,85.98
"23349","old love",1,62697,85.98
"23350","old me",1,62698,85.98
"23351","old men",1,62699,85.98
"23352","old model",1,62700,85.98
"23353","old name",1,62701,85.98
"23354","old national",1,62702,85.98
"23355","old or",1,62703,85.99
"23356","old recently",1,62704,85.99
"23357","old s",1,62705,85.99
"23358","old school",1,62706,85.99
"23359","old sister",1,62707,85.99
"23360","old sold",1,62708,85.99
"23361","old tea",1,62709,85.99
"23362","old this",1,62710,85.99
"23363","old though",1,62711,86
"23364","old when",1,62712,86
"23365","old which",1,62713,86
"23366","old who",1,62714,86
"23367","old winter",1,62715,86
"23368","older and",1,62716,86
"23369","older belief",1,62717,86
"23370","older is",1,62718,86.01
"23371","older lady",1,62719,86.01
"23372","older man",1,62720,86.01
"23373","older son",1,62721,86.01
"23374","older than",1,62722,86.01
"23375","on about",1,62723,86.01
"23376","on active",1,62724,86.01
"23377","on after",1,62725,86.02
"23378","on along",1,62726,86.02
"23379","on average",1,62727,86.02
"23380","on bad",1,62728,86.02
"23381","on bed",1,62729,86.02
"23382","on before",1,62730,86.02
"23383","on being",1,62731,86.02
"23384","on beyond",1,62732,86.02
"23385","on board",1,62733,86.03
"23386","on both",1,62734,86.03
"23387","on breath",1,62735,86.03
"23388","on c",1,62736,86.03
"23389","on can",1,62737,86.03
"23390","on chapter",1,62738,86.03
"23391","on clothes",1,62739,86.03
"23392","on control",1,62740,86.04
"23393","on daily",1,62741,86.04
"23394","on days",1,62742,86.04
"23395","on different",1,62743,86.04
"23396","on double",1,62744,86.04
"23397","on down",1,62745,86.04
"23398","on due",1,62746,86.04
"23399","on duty",1,62747,86.05
"23400","on even",1,62748,86.05
"23401","on evening",1,62749,86.05
"23402","on every",1,62750,86.05
"23403","on film",1,62751,86.05
"23404","on finding",1,62752,86.05
"23405","on food",1,62753,86.05
"23406","on foot",1,62754,86.06
"23407","on foreign",1,62755,86.06
"23408","on form",1,62756,86.06
"23409","on freedom",1,62757,86.06
"23410","on fruit",1,62758,86.06
"23411","on fully",1,62759,86.06
"23412","on giving",1,62760,86.06
"23413","on good",1,62761,86.06
"23414","on green",1,62762,86.07
"23415","on he",1,62763,86.07
"23416","on here",1,62764,86.07
"23417","on holiday",1,62765,86.07
"23418","on however",1,62766,86.07
"23419","on if",1,62767,86.07
"23420","on island",1,62768,86.07
"23421","on june",1,62769,86.08
"23422","on justice",1,62770,86.08
"23423","on lake",1,62771,86.08
"23424","on like",1,62772,86.08
"23425","on literally",1,62773,86.08
"23426","on live",1,62774,86.08
"23427","on long",1,62775,86.08
"23428","on make",1,62776,86.09
"23429","on making",1,62777,86.09
"23430","on marketing",1,62778,86.09
"23431","on married",1,62779,86.09
"23432","on material",1,62780,86.09
"23433","on meanwhile",1,62781,86.09
"23434","on medium",1,62782,86.09
"23435","on midnight",1,62783,86.09
"23436","on milk",1,62784,86.1
"23437","on music",1,62785,86.1
"23438","on myself",1,62786,86.1
"23439","on new",1,62787,86.1
"23440","on offer",1,62788,86.1
"23441","on old",1,62789,86.1
"23442","on onion",1,62790,86.1
"23443","on opening",1,62791,86.11
"23444","on pace",1,62792,86.11
"23445","on personal",1,62793,86.11
"23446","on policy",1,62794,86.11
"23447","on pop",1,62795,86.11
"23448","on prefer",1,62796,86.11
"23449","on pride",1,62797,86.11
"23450","on pure",1,62798,86.12
"23451","on race",1,62799,86.12
"23452","on radio",1,62800,86.12
"23453","on raw",1,62801,86.12
"23454","on record",1,62802,86.12
"23455","on repeat",1,62803,86.12
"23456","on right",1,62804,86.12
"23457","on running",1,62805,86.13
"23458","on said",1,62806,86.13
"23459","on salt",1,62807,86.13
"23460","on several",1,62808,86.13
"23461","on sheet",1,62809,86.13
"23462","on so",1,62810,86.13
"23463","on society",1,62811,86.13
"23464","on someone",1,62812,86.13
"23465","on space",1,62813,86.14
"23466","on special",1,62814,86.14
"23467","on star",1,62815,86.14
"23468","on street",1,62816,86.14
"23469","on strong",1,62817,86.14
"23470","on suffering",1,62818,86.14
"23471","on talk",1,62819,86.14
"23472","on television",1,62820,86.15
"23473","on theme",1,62821,86.15
"23474","on through",1,62822,86.15
"23475","on tight",1,62823,86.15
"23476","on track",1,62824,86.15
"23477","on traffic",1,62825,86.15
"23478","on train",1,62826,86.15
"23479","on until",1,62827,86.16
"23480","on very",1,62828,86.16
"23481","on waiting",1,62829,86.16
"23482","on warm",1,62830,86.16
"23483","on was",1,62831,86.16
"23484","on when",1,62832,86.16
"23485","on white",1,62833,86.16
"23486","on will",1,62834,86.16
"23487","once are",1,62835,86.17
"23488","once at",1,62836,86.17
"23489","once but",1,62837,86.17
"23490","once great",1,62838,86.17
"23491","once he",1,62839,86.17
"23492","once in",1,62840,86.17
"23493","once instead",1,62841,86.17
"23494","once is",1,62842,86.18
"23495","once many",1,62843,86.18
"23496","once on",1,62844,86.18
"23497","once said",1,62845,86.18
"23498","once someone",1,62846,86.18
"23499","once they",1,62847,86.18
"23500","once to",1,62848,86.18
"23501","once were",1,62849,86.19
"23502","one after",1,62850,86.19
"23503","one again",1,62851,86.19
"23504","one against",1,62852,86.19
"23505","one arm",1,62853,86.19
"23506","one as",1,62854,86.19
"23507","one because",1,62855,86.19
"23508","one before",1,62856,86.2
"23509","one being",1,62857,86.2
"23510","one bit",1,62858,86.2
"23511","one book",1,62859,86.2
"23512","one but",1,62860,86.2
"23513","one caught",1,62861,86.2
"23514","one corner",1,62862,86.2
"23515","one county",1,62863,86.2
"23516","one d",1,62864,86.21
"23517","one definitely",1,62865,86.21
"23518","one dinner",1,62866,86.21
"23519","one direction",1,62867,86.21
"23520","one door",1,62868,86.21
"23521","one end",1,62869,86.21
"23522","one even",1,62870,86.21
"23523","one eventually",1,62871,86.22
"23524","one experience",1,62872,86.22
"23525","one feeling",1,62873,86.22
"23526","one free",1,62874,86.22
"23527","one friend",1,62875,86.22
"23528","one gift",1,62876,86.22
"23529","one guess",1,62877,86.22
"23530","one guy",1,62878,86.23
"23531","one had",1,62879,86.23
"23532","one heading",1,62880,86.23
"23533","one here",1,62881,86.23
"23534","one his",1,62882,86.23
"23535","one holy",1,62883,86.23
"23536","one hospital",1,62884,86.23
"23537","one house",1,62885,86.23
"23538","one if",1,62886,86.24
"23539","one inch",1,62887,86.24
"23540","one just",1,62888,86.24
"23541","one keeping",1,62889,86.24
"23542","one knew",1,62890,86.24
"23543","one last",1,62891,86.24
"23544","one level",1,62892,86.24
"23545","one living",1,62893,86.25
"23546","one local",1,62894,86.25
"23547","one made",1,62895,86.25
"23548","one major",1,62896,86.25
"23549","one male",1,62897,86.25
"23550","one may",1,62898,86.25
"23551","one might",1,62899,86.25
"23552","one morning",1,62900,86.26
"23553","one needs",1,62901,86.26
"23554","one never",1,62902,86.26
"23555","one night",1,62903,86.26
"23556","one no",1,62904,86.26
"23557","one occasion",1,62905,86.26
"23558","one off",1,62906,86.26
"23559","one on",1,62907,86.26
"23560","one pass",1,62908,86.27
"23561","one people",1,62909,86.27
"23562","one place",1,62910,86.27
"23563","one please",1,62911,86.27
"23564","one possibly",1,62912,86.27
"23565","one random",1,62913,86.27
"23566","one room",1,62914,86.27
"23567","one said",1,62915,86.28
"23568","one seen",1,62916,86.28
"23569","one should",1,62917,86.28
"23570","one significant",1,62918,86.28
"23571","one song",1,62919,86.28
"23572","one state",1,62920,86.28
"23573","one step",1,62921,86.28
"23574","one story",1,62922,86.29
"23575","one success",1,62923,86.29
"23576","one super",1,62924,86.29
"23577","one term",1,62925,86.29
"23578","one they",1,62926,86.29
"23579","one too",1,62927,86.29
"23580","one towards",1,62928,86.29
"23581","one type",1,62929,86.3
"23582","one under",1,62930,86.3
"23583","one upon",1,62931,86.3
"23584","one us",1,62932,86.3
"23585","one was",1,62933,86.3
"23586","one week",1,62934,86.3
"23587","one weekend",1,62935,86.3
"23588","one were",1,62936,86.3
"23589","one when",1,62937,86.31
"23590","one with",1,62938,86.31
"23591","one word",1,62939,86.31
"23592","one worked",1,62940,86.31
"23593","one would",1,62941,86.31
"23594","one you",1,62942,86.31
"23595","onion chopped",1,62943,86.31
"23596","onion i",1,62944,86.32
"23597","onion some",1,62945,86.32
"23598","onion space",1,62946,86.32
"23599","onion to",1,62947,86.32
"23600","only about",1,62948,86.32
"23601","only another",1,62949,86.32
"23602","only as",1,62950,86.32
"23603","only available",1,62951,86.33
"23604","only being",1,62952,86.33
"23605","only book",1,62953,86.33
"23606","only days",1,62954,86.33
"23607","only difference",1,62955,86.33
"23608","only due",1,62956,86.33
"23609","only during",1,62957,86.33
"23610","only eat",1,62958,86.33
"23611","only ever",1,62959,86.34
"23612","only five",1,62960,86.34
"23613","only front",1,62961,86.34
"23614","only funny",1,62962,86.34
"23615","only game",1,62963,86.34
"23616","only going",1,62964,86.34
"23617","only got",1,62965,86.34
"23618","only guess",1,62966,86.35
"23619","only had",1,62967,86.35
"23620","only have",1,62968,86.35
"23621","only hold",1,62969,86.35
"23622","only if",1,62970,86.35
"23623","only improve",1,62971,86.35
"23624","only instead",1,62972,86.35
"23625","only it",1,62973,86.36
"23626","only line",1,62974,86.36
"23627","only looking",1,62975,86.36
"23628","only made",1,62976,86.36
"23629","only make",1,62977,86.36
"23630","only may",1,62978,86.36
"23631","only my",1,62979,86.36
"23632","only night",1,62980,86.37
"23633","only not",1,62981,86.37
"23634","only now",1,62982,86.37
"23635","only of",1,62983,86.37
"23636","only our",1,62984,86.37
"23637","only place",1,62985,86.37
"23638","only posting",1,62986,86.37
"23639","only real",1,62987,86.37
"23640","only recently",1,62988,86.38
"23641","only returned",1,62989,86.38
"23642","only run",1,62990,86.38
"23643","only s",1,62991,86.38
"23644","only she",1,62992,86.38
"23645","only some",1,62993,86.38
"23646","only that",1,62994,86.38
"23647","only their",1,62995,86.39
"23648","only they",1,62996,86.39
"23649","only too",1,62997,86.39
"23650","only true",1,62998,86.39
"23651","only two",1,62999,86.39
"23652","only unable",1,63000,86.39
"23653","only under",1,63001,86.39
"23654","only us",1,63002,86.4
"23655","only used",1,63003,86.4
"23656","only was",1,63004,86.4
"23657","only way",1,63005,86.4
"23658","only we",1,63006,86.4
"23659","only wear",1,63007,86.4
"23660","only when",1,63008,86.4
"23661","only where",1,63009,86.4
"23662","only your",1,63010,86.41
"23663","onto a",1,63011,86.41
"23664","onto film",1,63012,86.41
"23665","onto his",1,63013,86.41
"23666","onto my",1,63014,86.41
"23667","onto prepared",1,63015,86.41
"23668","onto something",1,63016,86.41
"23669","onto th",1,63017,86.42
"23670","open a",1,63018,86.42
"23671","open about",1,63019,86.42
"23672","open bill",1,63020,86.42
"23673","open boat",1,63021,86.42
"23674","open but",1,63022,86.42
"23675","open each",1,63023,86.42
"23676","open i",1,63024,86.43
"23677","open instead",1,63025,86.43
"23678","open my",1,63026,86.43
"23679","open on",1,63027,86.43
"23680","open our",1,63028,86.43
"23681","open read",1,63029,86.43
"23682","open ready",1,63030,86.43
"23683","open room",1,63031,86.44
"23684","open screen",1,63032,86.44
"23685","open their",1,63033,86.44
"23686","open to",1,63034,86.44
"23687","open up",1,63035,86.44
"23688","open your",1,63036,86.44
"23689","open yourself",1,63037,86.44
"23690","opening my",1,63038,86.44
"23691","opening night",1,63039,86.45
"23692","opening the",1,63040,86.45
"23693","opening up",1,63041,86.45
"23694","opinion and",1,63042,86.45
"23695","opinion he",1,63043,86.45
"23696","opinion one",1,63044,86.45
"23697","opinion so",1,63045,86.45
"23698","opinion that",1,63046,86.46
"23699","opinion which",1,63047,86.46
"23700","opportunity a",1,63048,86.46
"23701","opportunity and",1,63049,86.46
"23702","opportunity in",1,63050,86.46
"23703","opposite especially",1,63051,86.46
"23704","opposite had",1,63052,86.46
"23705","opposite i",1,63053,86.47
"23706","option for",1,63054,86.47
"23707","option is",1,63055,86.47
"23708","or acting",1,63056,86.47
"23709","or add",1,63057,86.47
"23710","or after",1,63058,86.47
"23711","or alcohol",1,63059,86.47
"23712","or am",1,63060,86.47
"23713","or anger",1,63061,86.48
"23714","or another",1,63062,86.48
"23715","or anything",1,63063,86.48
"23716","or around",1,63064,86.48
"23717","or bear",1,63065,86.48
"23718","or become",1,63066,86.48
"23719","or being",1,63067,86.48
"23720","or beyond",1,63068,86.49
"23721","or book",1,63069,86.49
"23722","or brewing",1,63070,86.49
"23723","or bright",1,63071,86.49
"23724","or broken",1,63072,86.49
"23725","or brush",1,63073,86.49
"23726","or by",1,63074,86.49
"23727","or call",1,63075,86.5
"23728","or can",1,63076,86.5
"23729","or care",1,63077,86.5
"23730","or cheese",1,63078,86.5
"23731","or close",1,63079,86.5
"23732","or complete",1,63080,86.5
"23733","or decide",1,63081,86.5
"23734","or designer",1,63082,86.5
"23735","or directly",1,63083,86.51
"23736","or do",1,63084,86.51
"23737","or doctor",1,63085,86.51
"23738","or does",1,63086,86.51
"23739","or doing",1,63087,86.51
"23740","or drawing",1,63088,86.51
"23741","or drinking",1,63089,86.51
"23742","or early",1,63090,86.52
"23743","or every",1,63091,86.52
"23744","or everything",1,63092,86.52
"23745","or except",1,63093,86.52
"23746","or fail",1,63094,86.52
"23747","or fallen",1,63095,86.52
"23748","or farm",1,63096,86.52
"23749","or food",1,63097,86.53
"23750","or for",1,63098,86.53
"23751","or free",1,63099,86.53
"23752","or from",1,63100,86.53
"23753","or fully",1,63101,86.53
"23754","or greater",1,63102,86.53
"23755","or hear",1,63103,86.53
"23756","or higher",1,63104,86.54
"23757","or hit",1,63105,86.54
"23758","or how",1,63106,86.54
"23759","or ice",1,63107,86.54
"23760","or if",1,63108,86.54
"23761","or in",1,63109,86.54
"23762","or information",1,63110,86.54
"23763","or issue",1,63111,86.54
"23764","or its",1,63112,86.55
"23765","or juice",1,63113,86.55
"23766","or just",1,63114,86.55
"23767","or know",1,63115,86.55
"23768","or later",1,63116,86.55
"23769","or like",1,63117,86.55
"23770","or location",1,63118,86.55
"23771","or long",1,63119,86.56
"23772","or look",1,63120,86.56
"23773","or looking",1,63121,86.56
"23774","or love",1,63122,86.56
"23775","or major",1,63123,86.56
"23776","or my",1,63124,86.56
"23777","or off",1,63125,86.56
"23778","or oh",1,63126,86.57
"23779","or otherwise",1,63127,86.57
"23780","or our",1,63128,86.57
"23781","or paper",1,63129,86.57
"23782","or phone",1,63130,86.57
"23783","or pick",1,63131,86.57
"23784","or plain",1,63132,86.57
"23785","or plant",1,63133,86.57
"23786","or police",1,63134,86.58
"23787","or rain",1,63135,86.58
"23788","or re",1,63136,86.58
"23789","or relatively",1,63137,86.58
"23790","or ring",1,63138,86.58
"23791","or see",1,63139,86.58
"23792","or seek",1,63140,86.58
"23793","or series",1,63141,86.59
"23794","or shoulder",1,63142,86.59
"23795","or situation",1,63143,86.59
"23796","or smoke",1,63144,86.59
"23797","or soft",1,63145,86.59
"23798","or some",1,63146,86.59
"23799","or stock",1,63147,86.59
"23800","or strategy",1,63148,86.6
"23801","or style",1,63149,86.6
"23802","or t",1,63150,86.6
"23803","or ten",1,63151,86.6
"23804","or their",1,63152,86.6
"23805","or they",1,63153,86.6
"23806","or thinking",1,63154,86.6
"23807","or third",1,63155,86.61
"23808","or this",1,63156,86.61
"23809","or those",1,63157,86.61
"23810","or times",1,63158,86.61
"23811","or treat",1,63159,86.61
"23812","or tried",1,63160,86.61
"23813","or try",1,63161,86.61
"23814","or trying",1,63162,86.61
"23815","or type",1,63163,86.62
"23816","or uncle",1,63164,86.62
"23817","or use",1,63165,86.62
"23818","or usually",1,63166,86.62
"23819","or visit",1,63167,86.62
"23820","or wait",1,63168,86.62
"23821","or want",1,63169,86.62
"23822","or was",1,63170,86.63
"23823","or waste",1,63171,86.63
"23824","or water",1,63172,86.63
"23825","or wearing",1,63173,86.63
"23826","or weight",1,63174,86.63
"23827","or wet",1,63175,86.63
"23828","or why",1,63176,86.63
"23829","or with",1,63177,86.64
"23830","or wonder",1,63178,86.64
"23831","or working",1,63179,86.64
"23832","or world",1,63180,86.64
"23833","or would",1,63181,86.64
"23834","orange and",1,63182,86.64
"23835","orange bridge",1,63183,86.64
"23836","orange if",1,63184,86.64
"23837","orange juice",1,63185,86.65
"23838","order a",1,63186,86.65
"23839","order and",1,63187,86.65
"23840","order because",1,63188,86.65
"23841","order for",1,63189,86.65
"23842","order from",1,63190,86.65
"23843","order however",1,63191,86.65
"23844","order if",1,63192,86.66
"23845","order in",1,63193,86.66
"23846","order it",1,63194,86.66
"23847","order not",1,63195,86.66
"23848","order of",1,63196,86.66
"23849","order one",1,63197,86.66
"23850","order or",1,63198,86.66
"23851","order so",1,63199,86.67
"23852","order that",1,63200,86.67
"23853","order there",1,63201,86.67
"23854","order your",1,63202,86.67
"23855","ordered her",1,63203,86.67
"23856","ordered it",1,63204,86.67
"23857","ordered the",1,63205,86.67
"23858","ordinary but",1,63206,86.67
"23859","ordinary human",1,63207,86.68
"23860","ordinary of",1,63208,86.68
"23861","organic historical",1,63209,86.68
"23862","organic search",1,63210,86.68
"23863","organization also",1,63211,86.68
"23864","organization i",1,63212,86.68
"23865","organization in",1,63213,86.68
"23866","organization is",1,63214,86.69
"23867","organization of",1,63215,86.69
"23868","organization that",1,63216,86.69
"23869","organization who",1,63217,86.69
"23870","organized a",1,63218,86.69
"23871","organized by",1,63219,86.69
"23872","organized campaign",1,63220,86.69
"23873","original article",1,63221,86.7
"23874","original for",1,63222,86.7
"23875","original picture",1,63223,86.7
"23876","original there",1,63224,86.7
"23877","original title",1,63225,86.7
"23878","originally built",1,63226,86.7
"23879","originally here",1,63227,86.7
"23880","originally i",1,63228,86.71
"23881","originally painted",1,63229,86.71
"23882","originally them",1,63230,86.71
"23883","originally to",1,63231,86.71
"23884","other a",1,63232,86.71
"23885","other according",1,63233,86.71
"23886","other call",1,63234,86.71
"23887","other came",1,63235,86.71
"23888","other common",1,63236,86.72
"23889","other company",1,63237,86.72
"23890","other country",1,63238,86.72
"23891","other depth",1,63239,86.72
"23892","other fast",1,63240,86.72
"23893","other foot",1,63241,86.72
"23894","other from",1,63242,86.72
"23895","other good",1,63243,86.73
"23896","other group",1,63244,86.73
"23897","other half",1,63245,86.73
"23898","other however",1,63246,86.73
"23899","other human",1,63247,86.73
"23900","other if",1,63248,86.73
"23901","other is",1,63249,86.73
"23902","other it",1,63250,86.74
"23903","other little",1,63251,86.74
"23904","other longer",1,63252,86.74
"23905","other major",1,63253,86.74
"23906","other making",1,63254,86.74
"23907","other male",1,63255,86.74
"23908","other medical",1,63256,86.74
"23909","other member",1,63257,86.74
"23910","other men",1,63258,86.75
"23911","other month",1,63259,86.75
"23912","other more",1,63260,86.75
"23913","other movie",1,63261,86.75
"23914","other my",1,63262,86.75
"23915","other news",1,63263,86.75
"23916","other not",1,63264,86.75
"23917","other off",1,63265,86.76
"23918","other one",1,63266,86.76
"23919","other person",1,63267,86.76
"23920","other player",1,63268,86.76
"23921","other possibly",1,63269,86.76
"23922","other pull",1,63270,86.76
"23923","other put",1,63271,86.76
"23924","other race",1,63272,86.77
"23925","other s",1,63273,86.77
"23926","other since",1,63274,86.77
"23927","other sound",1,63275,86.77
"23928","other state",1,63276,86.77
"23929","other supporting",1,63277,86.77
"23930","other thing",1,63278,86.77
"23931","other throughout",1,63279,86.78
"23932","other too",1,63280,86.78
"23933","other two",1,63281,86.78
"23934","other use",1,63282,86.78
"23935","other useful",1,63283,86.78
"23936","other very",1,63284,86.78
"23937","other ways",1,63285,86.78
"23938","other week",1,63286,86.78
"23939","other what",1,63287,86.79
"23940","other when",1,63288,86.79
"23941","other will",1,63289,86.79
"23942","other within",1,63290,86.79
"23943","other without",1,63291,86.79
"23944","other work",1,63292,86.79
"23945","other would",1,63293,86.79
"23946","other writing",1,63294,86.8
"23947","other you",1,63295,86.8
"23948","otherwise because",1,63296,86.8
"23949","otherwise depending",1,63297,86.8
"23950","otherwise do",1,63298,86.8
"23951","otherwise it",1,63299,86.8
"23952","otherwise our",1,63300,86.8
"23953","otherwise so",1,63301,86.81
"23954","otherwise there",1,63302,86.81
"23955","otherwise these",1,63303,86.81
"23956","otherwise while",1,63304,86.81
"23957","our administration",1,63305,86.81
"23958","our age",1,63306,86.81
"23959","our already",1,63307,86.81
"23960","our because",1,63308,86.81
"23961","our birth",1,63309,86.82
"23962","our blue",1,63310,86.82
"23963","our brand",1,63311,86.82
"23964","our bus",1,63312,86.82
"23965","our case",1,63313,86.82
"23966","our code",1,63314,86.82
"23967","our collection",1,63315,86.82
"23968","our community",1,63316,86.83
"23969","our conversation",1,63317,86.83
"23970","our course",1,63318,86.83
"23971","our craft",1,63319,86.83
"23972","our credit",1,63320,86.83
"23973","our culture",1,63321,86.83
"23974","our day",1,63322,86.83
"23975","our debt",1,63323,86.84
"23976","our development",1,63324,86.84
"23977","our drive",1,63325,86.84
"23978","our dry",1,63326,86.84
"23979","our early",1,63327,86.84
"23980","our economy",1,63328,86.84
"23981","our education",1,63329,86.84
"23982","our enjoy",1,63330,86.85
"23983","our even",1,63331,86.85
"23984","our everyday",1,63332,86.85
"23985","our experience",1,63333,86.85
"23986","our extra",1,63334,86.85
"23987","our fabulous",1,63335,86.85
"23988","our farm",1,63336,86.85
"23989","our favorite",1,63337,86.85
"23990","our featured",1,63338,86.86
"23991","our flesh",1,63339,86.86
"23992","our food",1,63340,86.86
"23993","our full",1,63341,86.86
"23994","our fun",1,63342,86.86
"23995","our get",1,63343,86.86
"23996","our gift",1,63344,86.86
"23997","our give",1,63345,86.87
"23998","our guest",1,63346,86.87
"23999","our have",1,63347,86.87
"24000","our health",1,63348,86.87
"24001","our high",1,63349,86.87
"24002","our history",1,63350,86.87
"24003","our hotel",1,63351,86.87
"24004","our house",1,63352,86.88
"24005","our inspiration",1,63353,86.88
"24006","our job",1,63354,86.88
"24007","our journey",1,63355,86.88
"24008","our last",1,63356,86.88
"24009","our less",1,63357,86.88
"24010","our like",1,63358,86.88
"24011","our list",1,63359,86.88
"24012","our living",1,63360,86.89
"24013","our local",1,63361,86.89
"24014","our look",1,63362,86.89
"24015","our lord",1,63363,86.89
"24016","our male",1,63364,86.89
"24017","our master",1,63365,86.89
"24018","our me",1,63366,86.89
"24019","our menu",1,63367,86.9
"24020","our money",1,63368,86.9
"24021","our month",1,63369,86.9
"24022","our moral",1,63370,86.9
"24023","our most",1,63371,86.9
"24024","our move",1,63372,86.9
"24025","our national",1,63373,86.9
"24026","our need",1,63374,86.91
"24027","our normal",1,63375,86.91
"24028","our now",1,63376,86.91
"24029","our offer",1,63377,86.91
"24030","our only",1,63378,86.91
"24031","our partner",1,63379,86.91
"24032","our past",1,63380,86.91
"24033","our people",1,63381,86.91
"24034","our personality",1,63382,86.92
"24035","our physical",1,63383,86.92
"24036","our plastic",1,63384,86.92
"24037","our prayer",1,63385,86.92
"24038","our prize",1,63386,86.92
"24039","our problem",1,63387,86.92
"24040","our program",1,63388,86.92
"24041","our property",1,63389,86.93
"24042","our reach",1,63390,86.93
"24043","our recent",1,63391,86.93
"24044","our relationship",1,63392,86.93
"24045","our report",1,63393,86.93
"24046","our room",1,63394,86.93
"24047","our s",1,63395,86.93
"24048","our self",1,63396,86.94
"24049","our shadow",1,63397,86.94
"24050","our sing",1,63398,86.94
"24051","our so",1,63399,86.94
"24052","our society",1,63400,86.94
"24053","our special",1,63401,86.94
"24054","our strategy",1,63402,86.94
"24055","our street",1,63403,86.95
"24056","our student",1,63404,86.95
"24057","our system",1,63405,86.95
"24058","our teacher",1,63406,86.95
"24059","our team",1,63407,86.95
"24060","our th",1,63408,86.95
"24061","our that",1,63409,86.95
"24062","our time",1,63410,86.95
"24063","our too",1,63411,86.96
"24064","our trip",1,63412,86.96
"24065","our unique",1,63413,86.96
"24066","our universe",1,63414,86.96
"24067","our until",1,63415,86.96
"24068","our us",1,63416,86.96
"24069","our version",1,63417,86.96
"24070","our very",1,63418,86.97
"24071","our video",1,63419,86.97
"24072","our view",1,63420,86.97
"24073","our visit",1,63421,86.97
"24074","our want",1,63422,86.97
"24075","our watching",1,63423,86.97
"24076","our way",1,63424,86.97
"24077","our window",1,63425,86.98
"24078","our world",1,63426,86.98
"24079","our writing",1,63427,86.98
"24080","our written",1,63428,86.98
"24081","ourselves back",1,63429,86.98
"24082","ourselves by",1,63430,86.98
"24083","ourselves or",1,63431,86.98
"24084","ourselves out",1,63432,86.98
"24085","ourselves the",1,63433,86.99
"24086","ourselves when",1,63434,86.99
"24087","out after",1,63435,86.99
"24088","out again",1,63436,86.99
"24089","out anyone",1,63437,86.99
"24090","out before",1,63438,86.99
"24091","out child",1,63439,86.99
"24092","out chocolate",1,63440,87
"24093","out dough",1,63441,87
"24094","out especially",1,63442,87
"24095","out few",1,63443,87
"24096","out finally",1,63444,87
"24097","out fine",1,63445,87
"24098","out free",1,63446,87
"24099","out getting",1,63447,87.01
"24100","out good",1,63448,87.01
"24101","out got",1,63449,87.01
"24102","out here",1,63450,87.01
"24103","out hope",1,63451,87.01
"24104","out is",1,63452,87.01
"24105","out jump",1,63453,87.01
"24106","out leaving",1,63454,87.02
"24107","out maybe",1,63455,87.02
"24108","out no",1,63456,87.02
"24109","out not",1,63457,87.02
"24110","out onto",1,63458,87.02
"24111","out outfit",1,63459,87.02
"24112","out please",1,63460,87.02
"24113","out since",1,63461,87.02
"24114","out st",1,63462,87.03
"24115","out team",1,63463,87.03
"24116","out then",1,63464,87.03
"24117","out today",1,63465,87.03
"24118","out use",1,63466,87.03
"24119","out we",1,63467,87.03
"24120","out which",1,63468,87.03
"24121","out whose",1,63469,87.04
"24122","out yet",1,63470,87.04
"24123","out your",1,63471,87.04
"24124","out yourself",1,63472,87.04
"24125","outfit because",1,63473,87.04
"24126","outfit that",1,63474,87.04
"24127","outfit there",1,63475,87.04
"24128","outside a",1,63476,87.05
"24129","outside and",1,63477,87.05
"24130","outside but",1,63478,87.05
"24131","outside her",1,63479,87.05
"24132","outside his",1,63480,87.05
"24133","outside is",1,63481,87.05
"24134","outside later",1,63482,87.05
"24135","outside looking",1,63483,87.05
"24136","outside marriage",1,63484,87.06
"24137","outside now",1,63485,87.06
"24138","outside our",1,63486,87.06
"24139","outside please",1,63487,87.06
"24140","oven and",1,63488,87.06
"24141","oven but",1,63489,87.06
"24142","oven for",1,63490,87.06
"24143","oven just",1,63491,87.07
"24144","oven place",1,63492,87.07
"24145","oven that",1,63493,87.07
"24146","oven the",1,63494,87.07
"24147","oven time",1,63495,87.07
"24148","oven turn",1,63496,87.07
"24149","oven until",1,63497,87.07
"24150","over all",1,63498,87.08
"24151","over because",1,63499,87.08
"24152","over before",1,63500,87.08
"24153","over but",1,63501,87.08
"24154","over cause",1,63502,87.08
"24155","over crowd",1,63503,87.08
"24156","over dinner",1,63504,87.08
"24157","over easter",1,63505,87.09
"24158","over five",1,63506,87.09
"24159","over fun",1,63507,87.09
"24160","over her",1,63508,87.09
"24161","over him",1,63509,87.09
"24162","over ice",1,63510,87.09
"24163","over in",1,63511,87.09
"24164","over keep",1,63512,87.09
"24165","over life",1,63513,87.1
"24166","over long",1,63514,87.1
"24167","over many",1,63515,87.1
"24168","over medium",1,63516,87.1
"24169","over mine",1,63517,87.1
"24170","over my",1,63518,87.1
"24171","over next",1,63519,87.1
"24172","over night",1,63520,87.11
"24173","over oil",1,63521,87.11
"24174","over on",1,63522,87.11
"24175","over our",1,63523,87.11
"24176","over really",1,63524,87.11
"24177","over recent",1,63525,87.11
"24178","over religion",1,63526,87.11
"24179","over safety",1,63527,87.12
"24180","over so",1,63528,87.12
"24181","over that",1,63529,87.12
"24182","over they",1,63530,87.12
"24183","over this",1,63531,87.12
"24184","over three",1,63532,87.12
"24185","over through",1,63533,87.12
"24186","over ticket",1,63534,87.12
"24187","over till",1,63535,87.13
"24188","over time",1,63536,87.13
"24189","over various",1,63537,87.13
"24190","over vintage",1,63538,87.13
"24191","over what",1,63539,87.13
"24192","over when",1,63540,87.13
"24193","over why",1,63541,87.13
"24194","over with",1,63542,87.14
"24195","over your",1,63543,87.14
"24196","overall though",1,63544,87.14
"24197","overall to",1,63545,87.14
"24198","own a",1,63546,87.14
"24199","own about",1,63547,87.14
"24200","own almost",1,63548,87.14
"24201","own approach",1,63549,87.15
"24202","own area",1,63550,87.15
"24203","own as",1,63551,87.15
"24204","own at",1,63552,87.15
"24205","own attention",1,63553,87.15
"24206","own before",1,63554,87.15
"24207","own but",1,63555,87.15
"24208","own comfort",1,63556,87.15
"24209","own daughter",1,63557,87.16
"24210","own entertainment",1,63558,87.16
"24211","own environment",1,63559,87.16
"24212","own escape",1,63560,87.16
"24213","own exactly",1,63561,87.16
"24214","own for",1,63562,87.16
"24215","own game",1,63563,87.16
"24216","own good",1,63564,87.17
"24217","own government",1,63565,87.17
"24218","own have",1,63566,87.17
"24219","own how",1,63567,87.17
"24220","own i",1,63568,87.17
"24221","own in",1,63569,87.17
"24222","own initial",1,63570,87.17
"24223","own kind",1,63571,87.18
"24224","own large",1,63572,87.18
"24225","own like",1,63573,87.18
"24226","own list",1,63574,87.18
"24227","own man",1,63575,87.18
"24228","own movie",1,63576,87.18
"24229","own my",1,63577,87.18
"24230","own n",1,63578,87.19
"24231","own needs",1,63579,87.19
"24232","own now",1,63580,87.19
"24233","own past",1,63581,87.19
"24234","own path",1,63582,87.19
"24235","own personal",1,63583,87.19
"24236","own pub",1,63584,87.19
"24237","own reality",1,63585,87.19
"24238","own self",1,63586,87.2
"24239","own separate",1,63587,87.2
"24240","own sitting",1,63588,87.2
"24241","own skin",1,63589,87.2
"24242","own son",1,63590,87.2
"24243","own stay",1,63591,87.2
"24244","own sweet",1,63592,87.2
"24245","own tale",1,63593,87.21
"24246","own the",1,63594,87.21
"24247","own thing",1,63595,87.21
"24248","own way",1,63596,87.21
"24249","own wedding",1,63597,87.21
"24250","own weight",1,63598,87.21
"24251","owner don",1,63599,87.21
"24252","owner s",1,63600,87.22
"24253","owner she",1,63601,87.22
"24254","owner social",1,63602,87.22
"24255","owner was",1,63603,87.22
"24256","p either",1,63604,87.22
"24257","p in",1,63605,87.22
"24258","p n",1,63606,87.22
"24259","p partner",1,63607,87.22
"24260","p turn",1,63608,87.23
"24261","p who",1,63609,87.23
"24262","pace balance",1,63610,87.23
"24263","pace for",1,63611,87.23
"24264","pace i",1,63612,87.23
"24265","pace people",1,63613,87.23
"24266","pace so",1,63614,87.23
"24267","pack at",1,63615,87.24
"24268","pack everyone",1,63616,87.24
"24269","pack no",1,63617,87.24
"24270","pack of",1,63618,87.24
"24271","pack she",1,63619,87.24
"24272","pack them",1,63620,87.24
"24273","package is",1,63621,87.24
"24274","package on",1,63622,87.25
"24275","package one",1,63623,87.25
"24276","page and",1,63624,87.25
"24277","page before",1,63625,87.25
"24278","page first",1,63626,87.25
"24279","page here",1,63627,87.25
"24280","page i",1,63628,87.25
"24281","page let",1,63629,87.26
"24282","page look",1,63630,87.26
"24283","page on",1,63631,87.26
"24284","page speech",1,63632,87.26
"24285","pain and",1,63633,87.26
"24286","pain first",1,63634,87.26
"24287","pain in",1,63635,87.26
"24288","pain me",1,63636,87.26
"24289","pain nor",1,63637,87.27
"24290","pain of",1,63638,87.27
"24291","pain to",1,63639,87.27
"24292","pain while",1,63640,87.27
"24293","paint an",1,63641,87.27
"24294","paint and",1,63642,87.27
"24295","paint can",1,63643,87.27
"24296","paint from",1,63644,87.28
"24297","paint i",1,63645,87.28
"24298","paint over",1,63646,87.28
"24299","paint the",1,63647,87.28
"24300","paint to",1,63648,87.28
"24301","painted from",1,63649,87.28
"24302","painted my",1,63650,87.28
"24303","painting and",1,63651,87.29
"24304","painting i",1,63652,87.29
"24305","painting is",1,63653,87.29
"24306","painting while",1,63654,87.29
"24307","pair on",1,63655,87.29
"24308","pair they",1,63656,87.29
"24309","pale of",1,63657,87.29
"24310","pan add",1,63658,87.29
"24311","pan around",1,63659,87.3
"24312","pan combine",1,63660,87.3
"24313","pan do",1,63661,87.3
"24314","pan no",1,63662,87.3
"24315","pan on",1,63663,87.3
"24316","pan or",1,63664,87.3
"24317","pants because",1,63665,87.3
"24318","pants call",1,63666,87.31
"24319","paper about",1,63667,87.31
"24320","paper according",1,63668,87.31
"24321","paper against",1,63669,87.31
"24322","paper background",1,63670,87.31
"24323","paper bag",1,63671,87.31
"24324","paper before",1,63672,87.31
"24325","paper but",1,63673,87.32
"24326","paper dear",1,63674,87.32
"24327","paper for",1,63675,87.32
"24328","paper here",1,63676,87.32
"24329","paper if",1,63677,87.32
"24330","paper is",1,63678,87.32
"24331","paper not",1,63679,87.32
"24332","paper pack",1,63680,87.32
"24333","paper studio",1,63681,87.33
"24334","paper then",1,63682,87.33
"24335","paper times",1,63683,87.33
"24336","paper to",1,63684,87.33
"24337","paper until",1,63685,87.33
"24338","paper white",1,63686,87.33
"24339","paper would",1,63687,87.33
"24340","parent and",1,63688,87.34
"24341","parent by",1,63689,87.34
"24342","parent of",1,63690,87.34
"24343","parent the",1,63691,87.34
"24344","parent we",1,63692,87.34
"24345","parent who",1,63693,87.34
"24346","park canada",1,63694,87.34
"24347","park i",1,63695,87.35
"24348","park not",1,63696,87.35
"24349","park overall",1,63697,87.35
"24350","park s",1,63698,87.35
"24351","park sweet",1,63699,87.35
"24352","park this",1,63700,87.35
"24353","park well",1,63701,87.35
"24354","park with",1,63702,87.36
"24355","parking lot",1,63703,87.36
"24356","part about",1,63704,87.36
"24357","part always",1,63705,87.36
"24358","part but",1,63706,87.36
"24359","part he",1,63707,87.36
"24360","part himself",1,63708,87.36
"24361","part sin",1,63709,87.36
"24362","part smooth",1,63710,87.37
"24363","part that",1,63711,87.37
"24364","part this",1,63712,87.37
"24365","part was",1,63713,87.37
"24366","part we",1,63714,87.37
"24367","part when",1,63715,87.37
"24368","part why",1,63716,87.37
"24369","particular attention",1,63717,87.38
"24370","particular bird",1,63718,87.38
"24371","particular but",1,63719,87.38
"24372","particular i",1,63720,87.38
"24373","particular ideal",1,63721,87.38
"24374","particular item",1,63722,87.38
"24375","particular piece",1,63723,87.38
"24376","particular through",1,63724,87.39
"24377","particularly a",1,63725,87.39
"24378","particularly dress",1,63726,87.39
"24379","particularly from",1,63727,87.39
"24380","particularly good",1,63728,87.39
"24381","particularly if",1,63729,87.39
"24382","particularly important",1,63730,87.39
"24383","particularly seeing",1,63731,87.39
"24384","particularly since",1,63732,87.4
"24385","particularly the",1,63733,87.4
"24386","partner from",1,63734,87.4
"24387","partner of",1,63735,87.4
"24388","partner school",1,63736,87.4
"24389","partner we",1,63737,87.4
"24390","partner will",1,63738,87.4
"24391","partner writing",1,63739,87.41
"24392","party a",1,63740,87.41
"24393","party for",1,63741,87.41
"24394","party have",1,63742,87.41
"24395","party i",1,63743,87.41
"24396","party is",1,63744,87.41
"24397","party never",1,63745,87.41
"24398","party of",1,63746,87.42
"24399","party on",1,63747,87.42
"24400","party or",1,63748,87.42
"24401","party s",1,63749,87.42
"24402","party to",1,63750,87.42
"24403","party town",1,63751,87.42
"24404","party where",1,63752,87.42
"24405","pass as",1,63753,87.43
"24406","pass for",1,63754,87.43
"24407","pass on",1,63755,87.43
"24408","pass one",1,63756,87.43
"24409","pass out",1,63757,87.43
"24410","pass over",1,63758,87.43
"24411","pass so",1,63759,87.43
"24412","pass the",1,63760,87.43
"24413","pass up",1,63761,87.44
"24414","passing at",1,63762,87.44
"24415","passing away",1,63763,87.44
"24416","passing by",1,63764,87.44
"24417","passing is",1,63765,87.44
"24418","passion and",1,63766,87.44
"24419","passion for",1,63767,87.44
"24420","passion into",1,63768,87.45
"24421","passion now",1,63769,87.45
"24422","passion to",1,63770,87.45
"24423","past a",1,63771,87.45
"24424","past at",1,63772,87.45
"24425","past can",1,63773,87.45
"24426","past had",1,63774,87.45
"24427","past i",1,63775,87.46
"24428","past like",1,63776,87.46
"24429","past month",1,63777,87.46
"24430","past night",1,63778,87.46
"24431","past our",1,63779,87.46
"24432","past present",1,63780,87.46
"24433","past several",1,63781,87.46
"24434","past that",1,63782,87.46
"24435","past two",1,63783,87.47
"24436","past weekend",1,63784,87.47
"24437","past when",1,63785,87.47
"24438","past while",1,63786,87.47
"24439","past why",1,63787,87.47
"24440","patent in",1,63788,87.47
"24441","path and",1,63789,87.47
"24442","path beyond",1,63790,87.48
"24443","path other",1,63791,87.48
"24444","path that",1,63792,87.48
"24445","path you",1,63793,87.48
"24446","patient get",1,63794,87.48
"24447","patient in",1,63795,87.48
"24448","patient then",1,63796,87.48
"24449","patient well",1,63797,87.49
"24450","pattern an",1,63798,87.49
"24451","pattern and",1,63799,87.49
"24452","pattern can",1,63800,87.49
"24453","pattern i",1,63801,87.49
"24454","pattern to",1,63802,87.49
"24455","pay and",1,63803,87.49
"24456","pay any",1,63804,87.5
"24457","pay attention",1,63805,87.5
"24458","pay service",1,63806,87.5
"24459","pay the",1,63807,87.5
"24460","pay they",1,63808,87.5
"24461","pay within",1,63809,87.5
"24462","paying a",1,63810,87.5
"24463","paying attention",1,63811,87.5
"24464","paying for",1,63812,87.51
"24465","paying full",1,63813,87.51
"24466","paying his",1,63814,87.51
"24467","paying in",1,63815,87.51
"24468","paying of",1,63816,87.51
"24469","paying other",1,63817,87.51
"24470","paying their",1,63818,87.51
"24471","peace and",1,63819,87.52
"24472","peace during",1,63820,87.52
"24473","peace first",1,63821,87.52
"24474","peace was",1,63822,87.52
"24475","peace were",1,63823,87.52
"24476","pen c",1,63824,87.52
"24477","pen or",1,63825,87.52
"24478","people about",1,63826,87.53
"24479","people always",1,63827,87.53
"24480","people at",1,63828,87.53
"24481","people by",1,63829,87.53
"24482","people can",1,63830,87.53
"24483","people decided",1,63831,87.53
"24484","people don",1,63832,87.53
"24485","people especially",1,63833,87.53
"24486","people experienced",1,63834,87.54
"24487","people fall",1,63835,87.54
"24488","people first",1,63836,87.54
"24489","people for",1,63837,87.54
"24490","people gain",1,63838,87.54
"24491","people go",1,63839,87.54
"24492","people handle",1,63840,87.54
"24493","people he",1,63841,87.55
"24494","people is",1,63842,87.55
"24495","people it",1,63843,87.55
"24496","people just",1,63844,87.55
"24497","people know",1,63845,87.55
"24498","people like",1,63846,87.55
"24499","people literally",1,63847,87.55
"24500","people make",1,63848,87.56
"24501","people maybe",1,63849,87.56
"24502","people might",1,63850,87.56
"24503","people no",1,63851,87.56
"24504","people notice",1,63852,87.56
"24505","people off",1,63853,87.56
"24506","people one",1,63854,87.56
"24507","people other",1,63855,87.56
"24508","people over",1,63856,87.57
"24509","people pay",1,63857,87.57
"24510","people paying",1,63858,87.57
"24511","people play",1,63859,87.57
"24512","people roll",1,63860,87.57
"24513","people say",1,63861,87.57
"24514","people search",1,63862,87.57
"24515","people see",1,63863,87.58
"24516","people share",1,63864,87.58
"24517","people so",1,63865,87.58
"24518","people speaking",1,63866,87.58
"24519","people still",1,63867,87.58
"24520","people there",1,63868,87.58
"24521","people they",1,63869,87.58
"24522","people thought",1,63870,87.59
"24523","people too",1,63871,87.59
"24524","people took",1,63872,87.59
"24525","people use",1,63873,87.59
"24526","people used",1,63874,87.59
"24527","people visit",1,63875,87.59
"24528","people walking",1,63876,87.59
"24529","people watching",1,63877,87.6
"24530","people wearing",1,63878,87.6
"24531","people you",1,63879,87.6
"24532","pepper add",1,63880,87.6
"24533","pepper and",1,63881,87.6
"24534","pepper in",1,63882,87.6
"24535","per day",1,63883,87.6
"24536","per in",1,63884,87.6
"24537","per link",1,63885,87.61
"24538","per say",1,63886,87.61
"24539","per side",1,63887,87.61
"24540","per this",1,63888,87.61
"24541","percent of",1,63889,87.61
"24542","perfect and",1,63890,87.61
"24543","perfect by",1,63891,87.61
"24544","perfect diet",1,63892,87.62
"24545","perfect example",1,63893,87.62
"24546","perfect family",1,63894,87.62
"24547","perfect fit",1,63895,87.62
"24548","perfect for",1,63896,87.62
"24549","perfect gift",1,63897,87.62
"24550","perfect here",1,63898,87.62
"24551","perfect k",1,63899,87.63
"24552","perfect late",1,63900,87.63
"24553","perfect set",1,63901,87.63
"24554","perfect teeth",1,63902,87.63
"24555","perfect the",1,63903,87.63
"24556","perfect who",1,63904,87.63
"24557","perfectly and",1,63905,87.63
"24558","perform a",1,63906,87.63
"24559","perform against",1,63907,87.64
"24560","perform it",1,63908,87.64
"24561","perform the",1,63909,87.64
"24562","perform well",1,63910,87.64
"24563","performance artist",1,63911,87.64
"24564","performance car",1,63912,87.64
"24565","performance from",1,63913,87.64
"24566","performance in",1,63914,87.65
"24567","performance it",1,63915,87.65
"24568","perhaps and",1,63916,87.65
"24569","perhaps count",1,63917,87.65
"24570","perhaps cover",1,63918,87.65
"24571","perhaps for",1,63919,87.65
"24572","perhaps so",1,63920,87.65
"24573","perhaps two",1,63921,87.66
"24574","person alive",1,63922,87.66
"24575","person at",1,63923,87.66
"24576","person based",1,63924,87.66
"24577","person becomes",1,63925,87.66
"24578","person but",1,63926,87.66
"24579","person by",1,63927,87.66
"24580","person calling",1,63928,87.67
"24581","person constantly",1,63929,87.67
"24582","person of",1,63930,87.67
"24583","person or",1,63931,87.67
"24584","person out",1,63932,87.67
"24585","person over",1,63933,87.67
"24586","person plain",1,63934,87.67
"24587","person still",1,63935,87.67
"24588","person they",1,63936,87.68
"24589","person turns",1,63937,87.68
"24590","person when",1,63938,87.68
"24591","person with",1,63939,87.68
"24592","personal career",1,63940,87.68
"24593","personal connection",1,63941,87.68
"24594","personal economic",1,63942,87.68
"24595","personal information",1,63943,87.69
"24596","personal property",1,63944,87.69
"24597","personal the",1,63945,87.69
"24598","personal though",1,63946,87.69
"24599","personal time",1,63947,87.69
"24600","personal war",1,63948,87.69
"24601","personal will",1,63949,87.69
"24602","personality you",1,63950,87.7
"24603","personally a",1,63951,87.7
"24604","personally believe",1,63952,87.7
"24605","personally i",1,63953,87.7
"24606","personally this",1,63954,87.7
"24607","personally today",1,63955,87.7
"24608","perspective and",1,63956,87.7
"24609","perspective as",1,63957,87.7
"24610","perspective by",1,63958,87.71
"24611","perspective i",1,63959,87.71
"24612","perspective of",1,63960,87.71
"24613","peter and",1,63961,87.71
"24614","peter felt",1,63962,87.71
"24615","peter had",1,63963,87.71
"24616","peter hard",1,63964,87.71
"24617","peter lord",1,63965,87.72
"24618","peter said",1,63966,87.72
"24619","peter was",1,63967,87.72
"24620","peter will",1,63968,87.72
"24621","phone at",1,63969,87.72
"24622","phone data",1,63970,87.72
"24623","phone down",1,63971,87.72
"24624","phone knowing",1,63972,87.73
"24625","phone number",1,63973,87.73
"24626","phone the",1,63974,87.73
"24627","photo a",1,63975,87.73
"24628","photo after",1,63976,87.73
"24629","photo in",1,63977,87.73
"24630","photo learning",1,63978,87.73
"24631","photo session",1,63979,87.74
"24632","photo site",1,63980,87.74
"24633","photo such",1,63981,87.74
"24634","photo taken",1,63982,87.74
"24635","photo there",1,63983,87.74
"24636","photo they",1,63984,87.74
"24637","photography but",1,63985,87.74
"24638","photography more",1,63986,87.74
"24639","photography that",1,63987,87.75
"24640","physical and",1,63988,87.75
"24641","physical form",1,63989,87.75
"24642","physical i",1,63990,87.75
"24643","physical practice",1,63991,87.75
"24644","physical the",1,63992,87.75
"24645","physical today",1,63993,87.75
"24646","pick a",1,63994,87.76
"24647","pick any",1,63995,87.76
"24648","pick me",1,63996,87.76
"24649","pick of",1,63997,87.76
"24650","pick on",1,63998,87.76
"24651","pick out",1,63999,87.76
"24652","pick these",1,64000,87.76
"24653","pick until",1,64001,87.77
"24654","picked them",1,64002,87.77
"24655","picked to",1,64003,87.77
"24656","picture a",1,64004,87.77
"24657","picture and",1,64005,87.77
"24658","picture book",1,64006,87.77
"24659","picture experience",1,64007,87.77
"24660","picture from",1,64008,87.77
"24661","picture last",1,64009,87.78
"24662","picture on",1,64010,87.78
"24663","picture remember",1,64011,87.78
"24664","picture taken",1,64012,87.78
"24665","picture taking",1,64013,87.78
"24666","picture view",1,64014,87.78
"24667","picture with",1,64015,87.78
"24668","pie in",1,64016,87.79
"24669","pie is",1,64017,87.79
"24670","pie they",1,64018,87.79
"24671","pie with",1,64019,87.79
"24672","piece but",1,64020,87.79
"24673","piece musical",1,64021,87.79
"24674","piece on",1,64022,87.79
"24675","piece than",1,64023,87.8
"24676","piece the",1,64024,87.8
"24677","piece to",1,64025,87.8
"24678","pink a",1,64026,87.8
"24679","pink barely",1,64027,87.8
"24680","pink in",1,64028,87.8
"24681","pink moon",1,64029,87.8
"24682","pink ribbon",1,64030,87.8
"24683","pink vanilla",1,64031,87.81
"24684","pizza my",1,64032,87.81
"24685","place a",1,64033,87.81
"24686","place and",1,64034,87.81
"24687","place as",1,64035,87.81
"24688","place at",1,64036,87.81
"24689","place because",1,64037,87.81
"24690","place even",1,64038,87.82
"24691","place everything",1,64039,87.82
"24692","place filling",1,64040,87.82
"24693","place goes",1,64041,87.82
"24694","place here",1,64042,87.82
"24695","place home",1,64043,87.82
"24696","place like",1,64044,87.82
"24697","place off",1,64045,87.83
"24698","place onto",1,64046,87.83
"24699","place said",1,64047,87.83
"24700","place than",1,64048,87.83
"24701","place then",1,64049,87.83
"24702","place there",1,64050,87.83
"24703","place they",1,64051,87.83
"24704","place until",1,64052,87.84
"24705","place we",1,64053,87.84
"24706","place when",1,64054,87.84
"24707","place who",1,64055,87.84
"24708","place will",1,64056,87.84
"24709","place without",1,64057,87.84
"24710","place you",1,64058,87.84
"24711","plain and",1,64059,87.84
"24712","plain flat",1,64060,87.85
"24713","plain fun",1,64061,87.85
"24714","plain old",1,64062,87.85
"24715","plan b",1,64063,87.85
"24716","plan i",1,64064,87.85
"24717","plan in",1,64065,87.85
"24718","plan is",1,64066,87.85
"24719","plan on",1,64067,87.86
"24720","plan right",1,64068,87.86
"24721","plan so",1,64069,87.86
"24722","plan which",1,64070,87.86
"24723","plane i",1,64071,87.86
"24724","planet and",1,64072,87.86
"24725","planet are",1,64073,87.86
"24726","planet for",1,64074,87.87
"24727","planet in",1,64075,87.87
"24728","planet is",1,64076,87.87
"24729","planet not",1,64077,87.87
"24730","planet to",1,64078,87.87
"24731","plant and",1,64079,87.87
"24732","plant it",1,64080,87.87
"24733","plant material",1,64081,87.87
"24734","plant onto",1,64082,87.88
"24735","plant really",1,64083,87.88
"24736","plant something",1,64084,87.88
"24737","plant t",1,64085,87.88
"24738","plant that",1,64086,87.88
"24739","plastic bag",1,64087,87.88
"24740","plastic cover",1,64088,87.88
"24741","plastic friend",1,64089,87.89
"24742","plastic have",1,64090,87.89
"24743","plastic stuff",1,64091,87.89
"24744","plate and",1,64092,87.89
"24745","plate literally",1,64093,87.89
"24746","plate that",1,64094,87.89
"24747","plate up",1,64095,87.89
"24748","plate which",1,64096,87.9
"24749","play almost",1,64097,87.9
"24750","play along",1,64098,87.9
"24751","play around",1,64099,87.9
"24752","play both",1,64100,87.9
"24753","play consider",1,64101,87.9
"24754","play either",1,64102,87.9
"24755","play fast",1,64103,87.91
"24756","play for",1,64104,87.91
"24757","play in",1,64105,87.91
"24758","play to",1,64106,87.91
"24759","play tonight",1,64107,87.91
"24760","play unfortunately",1,64108,87.91
"24761","play very",1,64109,87.91
"24762","player are",1,64110,87.91
"24763","player can",1,64111,87.92
"24764","player the",1,64112,87.92
"24765","please apparently",1,64113,87.92
"24766","please ask",1,64114,87.92
"24767","please be",1,64115,87.92
"24768","please call",1,64116,87.92
"24769","please click",1,64117,87.92
"24770","please cover",1,64118,87.93
"24771","please do",1,64119,87.93
"24772","please give",1,64120,87.93
"24773","please go",1,64121,87.93
"24774","please have",1,64122,87.93
"24775","please know",1,64123,87.93
"24776","please leave",1,64124,87.93
"24777","please martin",1,64125,87.94
"24778","please note",1,64126,87.94
"24779","please our",1,64127,87.94
"24780","please pay",1,64128,87.94
"24781","please share",1,64129,87.94
"24782","please think",1,64130,87.94
"24783","please turn",1,64131,87.94
"24784","please use",1,64132,87.94
"24785","please view",1,64133,87.95
"24786","please visit",1,64134,87.95
"24787","pleasure from",1,64135,87.95
"24788","pleasure in",1,64136,87.95
"24789","pleasure of",1,64137,87.95
"24790","pleasure or",1,64138,87.95
"24791","pleasure stone",1,64139,87.95
"24792","pleasure that",1,64140,87.96
"24793","plenty good",1,64141,87.96
"24794","plot but",1,64142,87.96
"24795","plot hard",1,64143,87.96
"24796","plot i",1,64144,87.96
"24797","plot master",1,64145,87.96
"24798","plot much",1,64146,87.96
"24799","plus a",1,64147,87.97
"24800","plus it",1,64148,87.97
"24801","plus point",1,64149,87.97
"24802","plus they",1,64150,87.97
"24803","pocket a",1,64151,87.97
"24804","pocket of",1,64152,87.97
"24805","pocket on",1,64153,87.97
"24806","poem about",1,64154,87.97
"24807","poem sent",1,64155,87.98
"24808","point at",1,64156,87.98
"24809","point b",1,64157,87.98
"24810","point by",1,64158,87.98
"24811","point did",1,64159,87.98
"24812","point everyone",1,64160,87.98
"24813","point for",1,64161,87.98
"24814","point his",1,64162,87.99
"24815","point if",1,64163,87.99
"24816","point loss",1,64164,87.99
"24817","point maybe",1,64165,87.99
"24818","point might",1,64166,87.99
"24819","point on",1,64167,87.99
"24820","point so",1,64168,87.99
"24821","point the",1,64169,88
"24822","point was",1,64170,88
"24823","point we",1,64171,88
"24824","police a",1,64172,88
"24825","police and",1,64173,88
"24826","police are",1,64174,88
"24827","police can",1,64175,88
"24828","police of",1,64176,88.01
"24829","police officer",1,64177,88.01
"24830","police on",1,64178,88.01
"24831","police who",1,64179,88.01
"24832","policy as",1,64180,88.01
"24833","policy center",1,64181,88.01
"24834","policy for",1,64182,88.01
"24835","policy is",1,64183,88.01
"24836","policy of",1,64184,88.02
"24837","policy to",1,64185,88.02
"24838","political and",1,64186,88.02
"24839","political crisis",1,64187,88.02
"24840","political it",1,64188,88.02
"24841","political or",1,64189,88.02
"24842","political science",1,64190,88.02
"24843","political sent",1,64191,88.03
"24844","political south",1,64192,88.03
"24845","political state",1,64193,88.03
"24846","politics and",1,64194,88.03
"24847","politics anyway",1,64195,88.03
"24848","politics art",1,64196,88.03
"24849","politics at",1,64197,88.03
"24850","politics but",1,64198,88.04
"24851","politics every",1,64199,88.04
"24852","politics of",1,64200,88.04
"24853","politics work",1,64201,88.04
"24854","pool a",1,64202,88.04
"24855","pool because",1,64203,88.04
"24856","pool of",1,64204,88.04
"24857","pool service",1,64205,88.04
"24858","pool so",1,64206,88.05
"24859","poor a",1,64207,88.05
"24860","poor even",1,64208,88.05
"24861","poor guy",1,64209,88.05
"24862","poor in",1,64210,88.05
"24863","poor old",1,64211,88.05
"24864","poor out",1,64212,88.05
"24865","poor she",1,64213,88.06
"24866","poor water",1,64214,88.06
"24867","pop at",1,64215,88.06
"24868","pop no",1,64216,88.06
"24869","pop s",1,64217,88.06
"24870","popular among",1,64218,88.06
"24871","popular and",1,64219,88.06
"24872","popular as",1,64220,88.07
"24873","popular culture",1,64221,88.07
"24874","popular d",1,64222,88.07
"24875","popular highest",1,64223,88.07
"24876","popular of",1,64224,88.07
"24877","popular today",1,64225,88.07
"24878","popular who",1,64226,88.07
"24879","population looking",1,64227,88.08
"24880","population the",1,64228,88.08
"24881","population to",1,64229,88.08
"24882","position and",1,64230,88.08
"24883","position as",1,64231,88.08
"24884","position is",1,64232,88.08
"24885","position lost",1,64233,88.08
"24886","position my",1,64234,88.08
"24887","position though",1,64235,88.09
"24888","position to",1,64236,88.09
"24889","position why",1,64237,88.09
"24890","position you",1,64238,88.09
"24891","positive development",1,64239,88.09
"24892","positive evidence",1,64240,88.09
"24893","positive have",1,64241,88.09
"24894","positive my",1,64242,88.1
"24895","positive part",1,64243,88.1
"24896","positive support",1,64244,88.1
"24897","positive that",1,64245,88.1
"24898","positive toward",1,64246,88.1
"24899","possibility that",1,64247,88.1
"24900","possible an",1,64248,88.1
"24901","possible and",1,64249,88.11
"24902","possible case",1,64250,88.11
"24903","possible did",1,64251,88.11
"24904","possible future",1,64252,88.11
"24905","possible go",1,64253,88.11
"24906","possible manner",1,64254,88.11
"24907","possible negative",1,64255,88.11
"24908","possible other",1,64256,88.11
"24909","possible sometimes",1,64257,88.12
"24910","possible that",1,64258,88.12
"24911","possibly a",1,64259,88.12
"24912","possibly back",1,64260,88.12
"24913","possibly even",1,64261,88.12
"24914","possibly make",1,64262,88.12
"24915","possibly of",1,64263,88.12
"24916","possibly only",1,64264,88.13
"24917","possibly the",1,64265,88.13
"24918","possibly to",1,64266,88.13
"24919","possibly want",1,64267,88.13
"24920","post a",1,64268,88.13
"24921","post about",1,64269,88.13
"24922","post and",1,64270,88.13
"24923","post college",1,64271,88.14
"24924","post more",1,64272,88.14
"24925","post my",1,64273,88.14
"24926","post of",1,64274,88.14
"24927","post t",1,64275,88.14
"24928","post the",1,64276,88.14
"24929","post they",1,64277,88.14
"24930","post this",1,64278,88.15
"24931","post to",1,64279,88.15
"24932","post well",1,64280,88.15
"24933","post what",1,64281,88.15
"24934","post which",1,64282,88.15
"24935","post will",1,64283,88.15
"24936","post with",1,64284,88.15
"24937","post written",1,64285,88.15
"24938","posted a",1,64286,88.16
"24939","posted from",1,64287,88.16
"24940","posted here",1,64288,88.16
"24941","posted in",1,64289,88.16
"24942","posted it",1,64290,88.16
"24943","posted on",1,64291,88.16
"24944","posted or",1,64292,88.16
"24945","posted this",1,64293,88.17
"24946","posting a",1,64294,88.17
"24947","posting all",1,64295,88.17
"24948","posting anything",1,64296,88.17
"24949","posting his",1,64297,88.17
"24950","posting my",1,64298,88.17
"24951","posting on",1,64299,88.17
"24952","posting this",1,64300,88.18
"24953","posting to",1,64301,88.18
"24954","posting under",1,64302,88.18
"24955","posting until",1,64303,88.18
"24956","potatoes around",1,64304,88.18
"24957","potential in",1,64305,88.18
"24958","pour into",1,64306,88.18
"24959","pour the",1,64307,88.18
"24960","powder it",1,64308,88.19
"24961","powder salt",1,64309,88.19
"24962","power as",1,64310,88.19
"24963","power but",1,64311,88.19
"24964","power in",1,64312,88.19
"24965","power into",1,64313,88.19
"24966","power is",1,64314,88.19
"24967","power like",1,64315,88.2
"24968","power living",1,64316,88.2
"24969","power of",1,64317,88.2
"24970","power over",1,64318,88.2
"24971","power s",1,64319,88.2
"24972","power since",1,64320,88.2
"24973","power sure",1,64321,88.2
"24974","power to",1,64322,88.21
"24975","power with",1,64323,88.21
"24976","powerful and",1,64324,88.21
"24977","powerful as",1,64325,88.21
"24978","powerful certainly",1,64326,88.21
"24979","powerful few",1,64327,88.21
"24980","powerful for",1,64328,88.21
"24981","powerful influence",1,64329,88.21
"24982","powerful like",1,64330,88.22
"24983","powerful of",1,64331,88.22
"24984","practice and",1,64332,88.22
"24985","practice because",1,64333,88.22
"24986","practice being",1,64334,88.22
"24987","practice for",1,64335,88.22
"24988","practice in",1,64336,88.22
"24989","practice my",1,64337,88.23
"24990","practice our",1,64338,88.23
"24991","practice such",1,64339,88.23
"24992","practice there",1,64340,88.23
"24993","practice this",1,64341,88.23
"24994","practice with",1,64342,88.23
"24995","practice you",1,64343,88.23
"24996","pray like",1,64344,88.24
"24997","pray manager",1,64345,88.24
"24998","pray receive",1,64346,88.24
"24999","prayer before",1,64347,88.24
"25000","prayer for",1,64348,88.24
"25001","prayer he",1,64349,88.24
"25002","precious gift",1,64350,88.24
"25003","prefer my",1,64351,88.25
"25004","prefer print",1,64352,88.25
"25005","prefer the",1,64353,88.25
"25006","pregnancy from",1,64354,88.25
"25007","pregnancy to",1,64355,88.25
"25008","pregnant and",1,64356,88.25
"25009","pregnant forever",1,64357,88.25
"25010","pregnant i",1,64358,88.25
"25011","pregnant still",1,64359,88.26
"25012","pregnant with",1,64360,88.26
"25013","prepare chicken",1,64361,88.26
"25014","prepare for",1,64362,88.26
"25015","prepare i",1,64363,88.26
"25016","prepare myself",1,64364,88.26
"25017","prepared and",1,64365,88.26
"25018","prepared her",1,64366,88.27
"25019","prepared in",1,64367,88.27
"25020","prepared once",1,64368,88.27
"25021","prepared the",1,64369,88.27
"25022","prepared under",1,64370,88.27
"25023","presence in",1,64371,88.27
"25024","presence that",1,64372,88.27
"25025","present all",1,64373,88.28
"25026","present from",1,64374,88.28
"25027","present is",1,64375,88.28
"25028","present of",1,64376,88.28
"25029","present position",1,64377,88.28
"25030","present structure",1,64378,88.28
"25031","present that",1,64379,88.28
"25032","present this",1,64380,88.28
"25033","present time",1,64381,88.29
"25034","present was",1,64382,88.29
"25035","present what",1,64383,88.29
"25036","president al",1,64384,88.29
"25037","president and",1,64385,88.29
"25038","president due",1,64386,88.29
"25039","president however",1,64387,88.29
"25040","president is",1,64388,88.3
"25041","president of",1,64389,88.3
"25042","president s",1,64390,88.3
"25043","president snow",1,64391,88.3
"25044","press advertising",1,64392,88.3
"25045","press release",1,64393,88.3
"25046","press side",1,64394,88.3
"25047","press that",1,64395,88.31
"25048","press until",1,64396,88.31
"25049","pressure because",1,64397,88.31
"25050","pressure but",1,64398,88.31
"25051","pressure know",1,64399,88.31
"25052","pressure to",1,64400,88.31
"25053","pressure we",1,64401,88.31
"25054","pretty amazing",1,64402,88.32
"25055","pretty bad",1,64403,88.32
"25056","pretty common",1,64404,88.32
"25057","pretty emotional",1,64405,88.32
"25058","pretty green",1,64406,88.32
"25059","pretty in",1,64407,88.32
"25060","pretty late",1,64408,88.32
"25061","pretty on",1,64409,88.32
"25062","pretty protect",1,64410,88.33
"25063","pretty simple",1,64411,88.33
"25064","pretty solid",1,64412,88.33
"25065","pretty soon",1,64413,88.33
"25066","pretty stamp",1,64414,88.33
"25067","pretty standard",1,64415,88.33
"25068","pretty the",1,64416,88.33
"25069","prevent heart",1,64417,88.34
"25070","previous act",1,64418,88.34
"25071","previous if",1,64419,88.34
"25072","previous on",1,64420,88.34
"25073","previous post",1,64421,88.34
"25074","previous to",1,64422,88.34
"25075","previous two",1,64423,88.34
"25076","previous will",1,64424,88.35
"25077","previously been",1,64425,88.35
"25078","previously i",1,64426,88.35
"25079","price and",1,64427,88.35
"25080","price are",1,64428,88.35
"25081","price but",1,64429,88.35
"25082","price change",1,64430,88.35
"25083","price from",1,64431,88.35
"25084","price is",1,64432,88.36
"25085","price like",1,64433,88.36
"25086","price they",1,64434,88.36
"25087","price this",1,64435,88.36
"25088","price to",1,64436,88.36
"25089","price we",1,64437,88.36
"25090","pride can",1,64438,88.36
"25091","pride day",1,64439,88.37
"25092","pride in",1,64440,88.37
"25093","pride that",1,64441,88.37
"25094","pride with",1,64442,88.37
"25095","primary function",1,64443,88.37
"25096","primary i",1,64444,88.37
"25097","primary making",1,64445,88.37
"25098","primary race",1,64446,88.38
"25099","primary responsibility",1,64447,88.38
"25100","print ad",1,64448,88.38
"25101","print all",1,64449,88.38
"25102","print because",1,64450,88.38
"25103","print i",1,64451,88.38
"25104","print if",1,64452,88.38
"25105","print links",1,64453,88.39
"25106","print the",1,64454,88.39
"25107","print think",1,64455,88.39
"25108","print yourself",1,64456,88.39
"25109","printed there",1,64457,88.39
"25110","prior art",1,64458,88.39
"25111","prior fit",1,64459,88.39
"25112","prison for",1,64460,88.39
"25113","prison hospital",1,64461,88.4
"25114","prison this",1,64462,88.4
"25115","private key",1,64463,88.4
"25116","prize a",1,64464,88.4
"25117","prize draw",1,64465,88.4
"25118","prize when",1,64466,88.4
"25119","pro tip",1,64467,88.4
"25120","probably because",1,64468,88.41
"25121","probably best",1,64469,88.41
"25122","probably did",1,64470,88.41
"25123","probably does",1,64471,88.41
"25124","probably hot",1,64472,88.41
"25125","probably keep",1,64473,88.41
"25126","probably nine",1,64474,88.41
"25127","probably say",1,64475,88.42
"25128","probably should",1,64476,88.42
"25129","probably ten",1,64477,88.42
"25130","probably their",1,64478,88.42
"25131","probably turn",1,64479,88.42
"25132","probably twice",1,64480,88.42
"25133","probably what",1,64481,88.42
"25134","probably work",1,64482,88.42
"25135","problem after",1,64483,88.43
"25136","problem before",1,64484,88.43
"25137","problem field",1,64485,88.43
"25138","problem he",1,64486,88.43
"25139","problem i",1,64487,88.43
"25140","problem if",1,64488,88.43
"25141","problem may",1,64489,88.43
"25142","problem or",1,64490,88.44
"25143","problem please",1,64491,88.44
"25144","problem these",1,64492,88.44
"25145","problem up",1,64493,88.44
"25146","problem was",1,64494,88.44
"25147","problem we",1,64495,88.44
"25148","process a",1,64496,88.44
"25149","process about",1,64497,88.45
"25150","process and",1,64498,88.45
"25151","process by",1,64499,88.45
"25152","process is",1,64500,88.45
"25153","process it",1,64501,88.45
"25154","process itself",1,64502,88.45
"25155","process the",1,64503,88.45
"25156","process we",1,64504,88.45
"25157","process will",1,64505,88.46
"25158","process with",1,64506,88.46
"25159","produce b",1,64507,88.46
"25160","produce c",1,64508,88.46
"25161","produce in",1,64509,88.46
"25162","produce she",1,64510,88.46
"25163","produce we",1,64511,88.46
"25164","produced a",1,64512,88.47
"25165","produced an",1,64513,88.47
"25166","produced and",1,64514,88.47
"25167","produced but",1,64515,88.47
"25168","produced these",1,64516,88.47
"25169","produced yet",1,64517,88.47
"25170","product and",1,64518,88.47
"25171","product at",1,64519,88.48
"25172","product they",1,64520,88.48
"25173","product today",1,64521,88.48
"25174","production if",1,64522,88.48
"25175","production or",1,64523,88.48
"25176","production second",1,64524,88.48
"25177","production that",1,64525,88.48
"25178","professional cannot",1,64526,88.49
"25179","professional travel",1,64527,88.49
"25180","professor and",1,64528,88.49
"25181","professor then",1,64529,88.49
"25182","professor who",1,64530,88.49
"25183","program by",1,64531,88.49
"25184","program can",1,64532,88.49
"25185","program cash",1,64533,88.49
"25186","program director",1,64534,88.5
"25187","program he",1,64535,88.5
"25188","program i",1,64536,88.5
"25189","program in",1,64537,88.5
"25190","program on",1,64538,88.5
"25191","program recently",1,64539,88.5
"25192","program s",1,64540,88.5
"25193","program t",1,64541,88.51
"25194","program that",1,64542,88.51
"25195","program with",1,64543,88.51
"25196","progress as",1,64544,88.51
"25197","progress birthday",1,64545,88.51
"25198","progress i",1,64546,88.51
"25199","progress if",1,64547,88.51
"25200","progress is",1,64548,88.52
"25201","progress moving",1,64549,88.52
"25202","progress now",1,64550,88.52
"25203","progress though",1,64551,88.52
"25204","project amazing",1,64552,88.52
"25205","project and",1,64553,88.52
"25206","project by",1,64554,88.52
"25207","project develop",1,64555,88.52
"25208","project for",1,64556,88.53
"25209","project from",1,64557,88.53
"25210","project is",1,64558,88.53
"25211","project might",1,64559,88.53
"25212","project or",1,64560,88.53
"25213","project print",1,64561,88.53
"25214","project professional",1,64562,88.53
"25215","project s",1,64563,88.54
"25216","project the",1,64564,88.54
"25217","project then",1,64565,88.54
"25218","project to",1,64566,88.54
"25219","project understanding",1,64567,88.54
"25220","promise but",1,64568,88.54
"25221","promise from",1,64569,88.54
"25222","promise it",1,64570,88.55
"25223","promise not",1,64571,88.55
"25224","promise that",1,64572,88.55
"25225","proof create",1,64573,88.55
"25226","proof that",1,64574,88.55
"25227","proper running",1,64575,88.55
"25228","proper to",1,64576,88.55
"25229","proper way",1,64577,88.56
"25230","properly i",1,64578,88.56
"25231","properly it",1,64579,88.56
"25232","properly they",1,64580,88.56
"25233","property a",1,64581,88.56
"25234","property i",1,64582,88.56
"25235","property in",1,64583,88.56
"25236","property not",1,64584,88.56
"25237","property of",1,64585,88.57
"25238","property or",1,64586,88.57
"25239","property s",1,64587,88.57
"25240","property the",1,64588,88.57
"25241","protect and",1,64589,88.57
"25242","protect northern",1,64590,88.57
"25243","protect over",1,64591,88.57
"25244","protect themselves",1,64592,88.58
"25245","protection act",1,64593,88.58
"25246","protection for",1,64594,88.58
"25247","protection in",1,64595,88.58
"25248","protection of",1,64596,88.58
"25249","protection they",1,64597,88.58
"25250","prove about",1,64598,88.58
"25251","prove it",1,64599,88.59
"25252","prove something",1,64600,88.59
"25253","prove that",1,64601,88.59
"25254","provide an",1,64602,88.59
"25255","provide significant",1,64603,88.59
"25256","provide the",1,64604,88.59
"25257","provide these",1,64605,88.59
"25258","provided a",1,64606,88.59
"25259","provided as",1,64607,88.6
"25260","provided by",1,64608,88.6
"25261","provided in",1,64609,88.6
"25262","provided include",1,64610,88.6
"25263","provided the",1,64611,88.6
"25264","provided with",1,64612,88.6
"25265","providing a",1,64613,88.6
"25266","providing national",1,64614,88.61
"25267","pub have",1,64615,88.61
"25268","pub not",1,64616,88.61
"25269","pub opposite",1,64617,88.61
"25270","pub still",1,64618,88.61
"25271","pub up",1,64619,88.61
"25272","pub without",1,64620,88.61
"25273","public a",1,64621,88.62
"25274","public and",1,64622,88.62
"25275","public health",1,64623,88.62
"25276","public i",1,64624,88.62
"25277","public library",1,64625,88.62
"25278","public meeting",1,64626,88.62
"25279","public opinion",1,64627,88.62
"25280","public since",1,64628,88.62
"25281","public was",1,64629,88.63
"25282","public what",1,64630,88.63
"25283","public will",1,64631,88.63
"25284","public writing",1,64632,88.63
"25285","publisher at",1,64633,88.63
"25286","publisher it",1,64634,88.63
"25287","publisher s",1,64635,88.63
"25288","publisher t",1,64636,88.64
"25289","publisher the",1,64637,88.64
"25290","pull him",1,64638,88.64
"25291","pull i",1,64639,88.64
"25292","pull this",1,64640,88.64
"25293","punch again",1,64641,88.64
"25294","punch from",1,64642,88.64
"25295","punch large",1,64643,88.65
"25296","punch to",1,64644,88.65
"25297","purchase and",1,64645,88.65
"25298","purchase if",1,64646,88.65
"25299","purchase it",1,64647,88.65
"25300","purchase on",1,64648,88.65
"25301","purchase this",1,64649,88.65
"25302","purchase which",1,64650,88.66
"25303","pure and",1,64651,88.66
"25304","pure from",1,64652,88.66
"25305","pure juice",1,64653,88.66
"25306","pure large",1,64654,88.66
"25307","purple and",1,64655,88.66
"25308","purpose designed",1,64656,88.66
"25309","purpose of",1,64657,88.66
"25310","purpose other",1,64658,88.67
"25311","purpose with",1,64659,88.67
"25312","push her",1,64660,88.67
"25313","push through",1,64661,88.67
"25314","pushing a",1,64662,88.67
"25315","pushing back",1,64663,88.67
"25316","pushing forward",1,64664,88.67
"25317","pushing the",1,64665,88.68
"25318","put he",1,64666,88.68
"25319","put him",1,64667,88.68
"25320","put is",1,64668,88.68
"25321","put me",1,64669,88.68
"25322","put money",1,64670,88.68
"25323","put new",1,64671,88.68
"25324","put onto",1,64672,88.69
"25325","put real",1,64673,88.69
"25326","put rice",1,64674,88.69
"25327","put s",1,64675,88.69
"25328","put some",1,64676,88.69
"25329","put those",1,64677,88.69
"25330","put up",1,64678,88.69
"25331","put your",1,64679,88.69
"25332","quality after",1,64680,88.7
"25333","quality event",1,64681,88.7
"25334","quality i",1,64682,88.7
"25335","quality never",1,64683,88.7
"25336","quality time",1,64684,88.7
"25337","quality work",1,64685,88.7
"25338","queen and",1,64686,88.7
"25339","queen was",1,64687,88.71
"25340","question about",1,64688,88.71
"25341","question been",1,64689,88.71
"25342","question does",1,64690,88.71
"25343","question follow",1,64691,88.71
"25344","question for",1,64692,88.71
"25345","question i",1,64693,88.71
"25346","question mark",1,64694,88.72
"25347","question of",1,64695,88.72
"25348","question that",1,64696,88.72
"25349","question this",1,64697,88.72
"25350","question through",1,64698,88.72
"25351","question we",1,64699,88.72
"25352","question where",1,64700,88.72
"25353","quick bread",1,64701,88.73
"25354","quick budget",1,64702,88.73
"25355","quick look",1,64703,88.73
"25356","quick pass",1,64704,88.73
"25357","quick to",1,64705,88.73
"25358","quick trip",1,64706,88.73
"25359","quick update",1,64707,88.73
"25360","quick visit",1,64708,88.73
"25361","quickly discover",1,64709,88.74
"25362","quickly discovered",1,64710,88.74
"25363","quickly feel",1,64711,88.74
"25364","quickly funny",1,64712,88.74
"25365","quickly run",1,64713,88.74
"25366","quickly their",1,64714,88.74
"25367","quickly there",1,64715,88.74
"25368","quickly they",1,64716,88.75
"25369","quickly took",1,64717,88.75
"25370","quickly turn",1,64718,88.75
"25371","quickly turning",1,64719,88.75
"25372","quickly yes",1,64720,88.75
"25373","quiet about",1,64721,88.75
"25374","quiet happiness",1,64722,88.75
"25375","quiet ice",1,64723,88.76
"25376","quiet seeking",1,64724,88.76
"25377","quilt but",1,64725,88.76
"25378","quilt from",1,64726,88.76
"25379","quilt i",1,64727,88.76
"25380","quite cool",1,64728,88.76
"25381","quite easily",1,64729,88.76
"25382","quite explain",1,64730,88.76
"25383","quite for",1,64731,88.77
"25384","quite heavy",1,64732,88.77
"25385","quite ill",1,64733,88.77
"25386","quite late",1,64734,88.77
"25387","quite like",1,64735,88.77
"25388","quite make",1,64736,88.77
"25389","quite naturally",1,64737,88.77
"25390","quite often",1,64738,88.78
"25391","quite ready",1,64739,88.78
"25392","quite so",1,64740,88.78
"25393","quite some",1,64741,88.78
"25394","quite taken",1,64742,88.78
"25395","quite the",1,64743,88.78
"25396","quite well",1,64744,88.78
"25397","quote captain",1,64745,88.79
"25398","quote from",1,64746,88.79
"25399","quote is",1,64747,88.79
"25400","quote new",1,64748,88.79
"25401","quote yeah",1,64749,88.79
"25402","r and",1,64750,88.79
"25403","r i",1,64751,88.79
"25404","r it",1,64752,88.8
"25405","r like",1,64753,88.8
"25406","r s",1,64754,88.8
"25407","r the",1,64755,88.8
"25408","r y",1,64756,88.8
"25409","race currently",1,64757,88.8
"25410","race direction",1,64758,88.8
"25411","race event",1,64759,88.8
"25412","race going",1,64760,88.81
"25413","race i",1,64761,88.81
"25414","race in",1,64762,88.81
"25415","race t",1,64763,88.81
"25416","race the",1,64764,88.81
"25417","race you",1,64765,88.81
"25418","radio between",1,64766,88.81
"25419","radio hopefully",1,64767,88.82
"25420","radio it",1,64768,88.82
"25421","radio now",1,64769,88.82
"25422","rain and",1,64770,88.82
"25423","rain for",1,64771,88.82
"25424","rain or",1,64772,88.82
"25425","rain out",1,64773,88.82
"25426","rain smell",1,64774,88.83
"25427","rain to",1,64775,88.83
"25428","rain tomorrow",1,64776,88.83
"25429","rain we",1,64777,88.83
"25430","rain which",1,64778,88.83
"25431","raise a",1,64779,88.83
"25432","raise the",1,64780,88.83
"25433","raised among",1,64781,88.83
"25434","raised by",1,64782,88.84
"25435","raised education",1,64783,88.84
"25436","raised he",1,64784,88.84
"25437","raised her",1,64785,88.84
"25438","raised his",1,64786,88.84
"25439","raised then",1,64787,88.84
"25440","raised to",1,64788,88.84
"25441","ran across",1,64789,88.85
"25442","ran an",1,64790,88.85
"25443","ran and",1,64791,88.85
"25444","ran he",1,64792,88.85
"25445","ran like",1,64793,88.85
"25446","ran my",1,64794,88.85
"25447","ran until",1,64795,88.85
"25448","random call",1,64796,88.86
"25449","random challenge",1,64797,88.86
"25450","random check",1,64798,88.86
"25451","random comment",1,64799,88.86
"25452","random drawing",1,64800,88.86
"25453","random i",1,64801,88.86
"25454","random up",1,64802,88.86
"25455","range at",1,64803,88.86
"25456","range is",1,64804,88.87
"25457","rare and",1,64805,88.87
"25458","rare as",1,64806,88.87
"25459","rare don",1,64807,88.87
"25460","rare for",1,64808,88.87
"25461","rare it",1,64809,88.87
"25462","rare times",1,64810,88.87
"25463","rarely don",1,64811,88.88
"25464","rarely in",1,64812,88.88
"25465","rarely manage",1,64813,88.88
"25466","rarely sad",1,64814,88.88
"25467","rarely used",1,64815,88.88
"25468","rate for",1,64816,88.88
"25469","rate of",1,64817,88.88
"25470","rate on",1,64818,88.89
"25471","rate single",1,64819,88.89
"25472","rather being",1,64820,88.89
"25473","rather believe",1,64821,88.89
"25474","rather built",1,64822,88.89
"25475","rather busy",1,64823,88.89
"25476","rather do",1,64824,88.89
"25477","rather go",1,64825,88.9
"25478","rather left",1,64826,88.9
"25479","rather most",1,64827,88.9
"25480","rather stop",1,64828,88.9
"25481","rather strange",1,64829,88.9
"25482","rather they",1,64830,88.9
"25483","rather think",1,64831,88.9
"25484","rather two",1,64832,88.9
"25485","rather wait",1,64833,88.91
"25486","rather write",1,64834,88.91
"25487","raw as",1,64835,88.91
"25488","raw light",1,64836,88.91
"25489","raw on",1,64837,88.91
"25490","raw the",1,64838,88.91
"25491","raw your",1,64839,88.91
"25492","ray all",1,64840,88.92
"25493","ray and",1,64841,88.92
"25494","ray do",1,64842,88.92
"25495","ray like",1,64843,88.92
"25496","ray s",1,64844,88.92
"25497","re able",1,64845,88.92
"25498","re almost",1,64846,88.92
"25499","re at",1,64847,88.93
"25500","re back",1,64848,88.93
"25501","re brilliant",1,64849,88.93
"25502","re charge",1,64850,88.93
"25503","re clean",1,64851,88.93
"25504","re coming",1,64852,88.93
"25505","re did",1,64853,88.93
"25506","re doing",1,64854,88.93
"25507","re down",1,64855,88.94
"25508","re equipment",1,64856,88.94
"25509","re fancy",1,64857,88.94
"25510","re likely",1,64858,88.94
"25511","re limited",1,64859,88.94
"25512","re lucky",1,64860,88.94
"25513","re made",1,64861,88.94
"25514","re man",1,64862,88.95
"25515","re more",1,64863,88.95
"25516","re now",1,64864,88.95
"25517","re off",1,64865,88.95
"25518","re on",1,64866,88.95
"25519","re see",1,64867,88.95
"25520","re seeing",1,64868,88.95
"25521","re sleeping",1,64869,88.96
"25522","re so",1,64870,88.96
"25523","re someone",1,64871,88.96
"25524","re somewhat",1,64872,88.96
"25525","re spending",1,64873,88.96
"25526","re taking",1,64874,88.96
"25527","re them",1,64875,88.96
"25528","re those",1,64876,88.97
"25529","re trying",1,64877,88.97
"25530","re use",1,64878,88.97
"25531","re used",1,64879,88.97
"25532","re watching",1,64880,88.97
"25533","re with",1,64881,88.97
"25534","re wondering",1,64882,88.97
"25535","re worth",1,64883,88.97
"25536","re writing",1,64884,88.98
"25537","re wrong",1,64885,88.98
"25538","re you",1,64886,88.98
"25539","reach around",1,64887,88.98
"25540","reach i",1,64888,88.98
"25541","reach my",1,64889,88.98
"25542","reach out",1,64890,88.98
"25543","reach sometimes",1,64891,88.99
"25544","reach their",1,64892,88.99
"25545","reach they",1,64893,88.99
"25546","reach this",1,64894,88.99
"25547","reaction a",1,64895,88.99
"25548","reaction is",1,64896,88.99
"25549","reaction of",1,64897,88.99
"25550","reaction to",1,64898,89
"25551","reaction when",1,64899,89
"25552","read about",1,64900,89
"25553","read an",1,64901,89
"25554","read as",1,64902,89
"25555","read before",1,64903,89
"25556","read considering",1,64904,89
"25557","read cross",1,64905,89
"25558","read during",1,64906,89.01
"25559","read first",1,64907,89.01
"25560","read from",1,64908,89.01
"25561","read further",1,64909,89.01
"25562","read have",1,64910,89.01
"25563","read here",1,64911,89.01
"25564","read in",1,64912,89.01
"25565","read is",1,64913,89.02
"25566","read many",1,64914,89.02
"25567","read much",1,64915,89.02
"25568","read my",1,64916,89.02
"25569","read of",1,64917,89.02
"25570","read often",1,64918,89.02
"25571","read out",1,64919,89.02
"25572","read people",1,64920,89.03
"25573","read regular",1,64921,89.03
"25574","read s",1,64922,89.03
"25575","read somewhere",1,64923,89.03
"25576","read that",1,64924,89.03
"25577","reader always",1,64925,89.03
"25578","reader and",1,64926,89.03
"25579","reader can",1,64927,89.04
"25580","reader in",1,64928,89.04
"25581","reader not",1,64929,89.04
"25582","reader scene",1,64930,89.04
"25583","reader snow",1,64931,89.04
"25584","reader them",1,64932,89.04
"25585","reading an",1,64933,89.04
"25586","reading but",1,64934,89.04
"25587","reading experience",1,64935,89.05
"25588","reading help",1,64936,89.05
"25589","reading it",1,64937,89.05
"25590","reading lake",1,64938,89.05
"25591","reading much",1,64939,89.05
"25592","reading my",1,64940,89.05
"25593","reading myself",1,64941,89.05
"25594","reading of",1,64942,89.06
"25595","reading previous",1,64943,89.06
"25596","reading the",1,64944,89.06
"25597","reading up",1,64945,89.06
"25598","reading without",1,64946,89.06
"25599","ready and",1,64947,89.06
"25600","ready had",1,64948,89.06
"25601","ready made",1,64949,89.07
"25602","ready when",1,64950,89.07
"25603","ready yet",1,64951,89.07
"25604","real ale",1,64952,89.07
"25605","real cheese",1,64953,89.07
"25606","real good",1,64954,89.07
"25607","real hurt",1,64955,89.07
"25608","real i",1,64956,89.07
"25609","real in",1,64957,89.08
"25610","real interesting",1,64958,89.08
"25611","real master",1,64959,89.08
"25612","real relationship",1,64960,89.08
"25613","real solution",1,64961,89.08
"25614","real some",1,64962,89.08
"25615","real threat",1,64963,89.08
"25616","real treat",1,64964,89.09
"25617","real two",1,64965,89.09
"25618","real way",1,64966,89.09
"25619","real world",1,64967,89.09
"25620","real writer",1,64968,89.09
"25621","reality are",1,64969,89.09
"25622","reality by",1,64970,89.09
"25623","reality for",1,64971,89.1
"25624","reality of",1,64972,89.1
"25625","reality suddenly",1,64973,89.1
"25626","reality when",1,64974,89.1
"25627","reality while",1,64975,89.1
"25628","realize he",1,64976,89.1
"25629","realize how",1,64977,89.1
"25630","realize it",1,64978,89.1
"25631","realize the",1,64979,89.11
"25632","realize where",1,64980,89.11
"25633","really and",1,64981,89.11
"25634","really are",1,64982,89.11
"25635","really beautiful",1,64983,89.11
"25636","really becomes",1,64984,89.11
"25637","really becoming",1,64985,89.11
"25638","really been",1,64986,89.12
"25639","really big",1,64987,89.12
"25640","really broke",1,64988,89.12
"25641","really but",1,64989,89.12
"25642","really came",1,64990,89.12
"25643","really close",1,64991,89.12
"25644","really come",1,64992,89.12
"25645","really concerned",1,64993,89.13
"25646","really cool",1,64994,89.13
"25647","really cut",1,64995,89.13
"25648","really dark",1,64996,89.13
"25649","really deep",1,64997,89.13
"25650","really designed",1,64998,89.13
"25651","really did",1,64999,89.13
"25652","really different",1,65000,89.14
"25653","really don",1,65001,89.14
"25654","really done",1,65002,89.14
"25655","really drink",1,65003,89.14
"25656","really eat",1,65004,89.14
"25657","really except",1,65005,89.14
"25658","really exciting",1,65006,89.14
"25659","really fun",1,65007,89.14
"25660","really get",1,65008,89.15
"25661","really going",1,65009,89.15
"25662","really had",1,65010,89.15
"25663","really happening",1,65011,89.15
"25664","really hard",1,65012,89.15
"25665","really hit",1,65013,89.15
"25666","really i",1,65014,89.15
"25667","really interesting",1,65015,89.16
"25668","really it",1,65016,89.16
"25669","really limited",1,65017,89.16
"25670","really looking",1,65018,89.16
"25671","really love",1,65019,89.16
"25672","really matter",1,65020,89.16
"25673","really me",1,65021,89.16
"25674","really my",1,65022,89.17
"25675","really nice",1,65023,89.17
"25676","really on",1,65024,89.17
"25677","really quite",1,65025,89.17
"25678","really red",1,65026,89.17
"25679","really short",1,65027,89.17
"25680","really simple",1,65028,89.17
"25681","really special",1,65029,89.17
"25682","really spoke",1,65030,89.18
"25683","really stayed",1,65031,89.18
"25684","really struggle",1,65032,89.18
"25685","really sweet",1,65033,89.18
"25686","really taken",1,65034,89.18
"25687","really they",1,65035,89.18
"25688","really tired",1,65036,89.18
"25689","really today",1,65037,89.19
"25690","really try",1,65038,89.19
"25691","really trying",1,65039,89.19
"25692","really understand",1,65040,89.19
"25693","really up",1,65041,89.19
"25694","really we",1,65042,89.19
"25695","really what",1,65043,89.19
"25696","really with",1,65044,89.2
"25697","really wonderful",1,65045,89.2
"25698","really write",1,65046,89.2
"25699","reason a",1,65047,89.2
"25700","reason and",1,65048,89.2
"25701","reason at",1,65049,89.2
"25702","reason ha",1,65050,89.2
"25703","reason just",1,65051,89.21
"25704","reason over",1,65052,89.21
"25705","reason she",1,65053,89.21
"25706","reason so",1,65054,89.21
"25707","reason the",1,65055,89.21
"25708","reason they",1,65056,89.21
"25709","reason to",1,65057,89.21
"25710","recall i",1,65058,89.21
"25711","recall the",1,65059,89.22
"25712","receive and",1,65060,89.22
"25713","receive eight",1,65061,89.22
"25714","receive for",1,65062,89.22
"25715","receive new",1,65063,89.22
"25716","receive our",1,65064,89.22
"25717","receive state",1,65065,89.22
"25718","received in",1,65066,89.23
"25719","received it",1,65067,89.23
"25720","received my",1,65068,89.23
"25721","recent and",1,65069,89.23
"25722","recent case",1,65070,89.23
"25723","recent conversation",1,65071,89.23
"25724","recent film",1,65072,89.23
"25725","recent international",1,65073,89.24
"25726","recent interview",1,65074,89.24
"25727","recent loss",1,65075,89.24
"25728","recent piece",1,65076,89.24
"25729","recent study",1,65077,89.24
"25730","recent trip",1,65078,89.24
"25731","recent very",1,65079,89.24
"25732","recently agreed",1,65080,89.24
"25733","recently an",1,65081,89.25
"25734","recently at",1,65082,89.25
"25735","recently because",1,65083,89.25
"25736","recently been",1,65084,89.25
"25737","recently gave",1,65085,89.25
"25738","recently given",1,65086,89.25
"25739","recently had",1,65087,89.25
"25740","recently i",1,65088,89.26
"25741","recently if",1,65089,89.26
"25742","recently it",1,65090,89.26
"25743","recently me",1,65091,89.26
"25744","recently my",1,65092,89.26
"25745","recently painted",1,65093,89.26
"25746","recently received",1,65094,89.26
"25747","recently returned",1,65095,89.27
"25748","recently saw",1,65096,89.27
"25749","recently shown",1,65097,89.27
"25750","recently tried",1,65098,89.27
"25751","recently watched",1,65099,89.27
"25752","recently with",1,65100,89.27
"25753","recipe a",1,65101,89.27
"25754","recipe can",1,65102,89.27
"25755","recipe my",1,65103,89.28
"25756","recipe same",1,65104,89.28
"25757","recipe that",1,65105,89.28
"25758","recipe to",1,65106,89.28
"25759","recipe until",1,65107,89.28
"25760","recognize that",1,65108,89.28
"25761","recommend it",1,65109,89.28
"25762","recommend this",1,65110,89.29
"25763","recommend to",1,65111,89.29
"25764","recommend visiting",1,65112,89.29
"25765","record company",1,65113,89.29
"25766","record drinking",1,65114,89.29
"25767","record i",1,65115,89.29
"25768","record in",1,65116,89.29
"25769","record upon",1,65117,89.3
"25770","record was",1,65118,89.3
"25771","record why",1,65119,89.3
"25772","record wood",1,65120,89.3
"25773","red and",1,65121,89.3
"25774","red arm",1,65122,89.3
"25775","red around",1,65123,89.3
"25776","red dress",1,65124,89.31
"25777","red head",1,65125,89.31
"25778","red one",1,65126,89.31
"25779","red wine",1,65127,89.31
"25780","reduce the",1,65128,89.31
"25781","reference desk",1,65129,89.31
"25782","reference is",1,65130,89.31
"25783","regarding beer",1,65131,89.31
"25784","regarding health",1,65132,89.32
"25785","regarding my",1,65133,89.32
"25786","regardless as",1,65134,89.32
"25787","regardless of",1,65135,89.32
"25788","region in",1,65136,89.32
"25789","region itself",1,65137,89.32
"25790","region with",1,65138,89.32
"25791","regular and",1,65139,89.33
"25792","regular basis",1,65140,89.33
"25793","regular coffee",1,65141,89.33
"25794","regular night",1,65142,89.33
"25795","regular price",1,65143,89.33
"25796","regular schedule",1,65144,89.33
"25797","regularly by",1,65145,89.33
"25798","regularly full",1,65146,89.34
"25799","related activity",1,65147,89.34
"25800","related art",1,65148,89.34
"25801","related news",1,65149,89.34
"25802","related we",1,65150,89.34
"25803","relationship and",1,65151,89.34
"25804","relationship between",1,65152,89.34
"25805","relationship gone",1,65153,89.34
"25806","relationship is",1,65154,89.35
"25807","relationship that",1,65155,89.35
"25808","relationship to",1,65156,89.35
"25809","relationship was",1,65157,89.35
"25810","relatively safe",1,65158,89.35
"25811","relatively short",1,65159,89.35
"25812","release also",1,65160,89.35
"25813","release the",1,65161,89.36
"25814","release through",1,65162,89.36
"25815","release to",1,65163,89.36
"25816","release was",1,65164,89.36
"25817","relief effort",1,65165,89.36
"25818","relief is",1,65166,89.36
"25819","relief of",1,65167,89.36
"25820","religion history",1,65168,89.37
"25821","religion of",1,65169,89.37
"25822","religious and",1,65170,89.37
"25823","religious experience",1,65171,89.37
"25824","religious in",1,65172,89.37
"25825","religious inspired",1,65173,89.37
"25826","religious standard",1,65174,89.37
"25827","remain a",1,65175,89.38
"25828","remain connected",1,65176,89.38
"25829","remain the",1,65177,89.38
"25830","remember and",1,65178,89.38
"25831","remember back",1,65179,89.38
"25832","remember being",1,65180,89.38
"25833","remember but",1,65181,89.38
"25834","remember if",1,65182,89.38
"25835","remember is",1,65183,89.39
"25836","remember me",1,65184,89.39
"25837","remember more",1,65185,89.39
"25838","remember my",1,65186,89.39
"25839","remember now",1,65187,89.39
"25840","remember of",1,65188,89.39
"25841","remember or",1,65189,89.39
"25842","remember rare",1,65190,89.4
"25843","remember reading",1,65191,89.4
"25844","remember sitting",1,65192,89.4
"25845","remember them",1,65193,89.4
"25846","remember thinking",1,65194,89.4
"25847","remember to",1,65195,89.4
"25848","remember walking",1,65196,89.4
"25849","remember we",1,65197,89.41
"25850","remember who",1,65198,89.41
"25851","remind me",1,65199,89.41
"25852","remind ya",1,65200,89.41
"25853","remind you",1,65201,89.41
"25854","remove a",1,65202,89.41
"25855","remove chicken",1,65203,89.41
"25856","remove it",1,65204,89.41
"25857","remove to",1,65205,89.42
"25858","remove toward",1,65206,89.42
"25859","repeat since",1,65207,89.42
"25860","report and",1,65208,89.42
"25861","report as",1,65209,89.42
"25862","report card",1,65210,89.42
"25863","report however",1,65211,89.42
"25864","report i",1,65212,89.43
"25865","report of",1,65213,89.43
"25866","report she",1,65214,89.43
"25867","report south",1,65215,89.43
"25868","report the",1,65216,89.43
"25869","report was",1,65217,89.43
"25870","report which",1,65218,89.43
"25871","request at",1,65219,89.44
"25872","request been",1,65220,89.44
"25873","request for",1,65221,89.44
"25874","request of",1,65222,89.44
"25875","require all",1,65223,89.44
"25876","require the",1,65224,89.44
"25877","research and",1,65225,89.44
"25878","research as",1,65226,89.45
"25879","research council",1,65227,89.45
"25880","research here",1,65228,89.45
"25881","research i",1,65229,89.45
"25882","research not",1,65230,89.45
"25883","research on",1,65231,89.45
"25884","research this",1,65232,89.45
"25885","respect and",1,65233,89.45
"25886","respect from",1,65234,89.46
"25887","respect i",1,65235,89.46
"25888","respect of",1,65236,89.46
"25889","respect that",1,65237,89.46
"25890","respect their",1,65238,89.46
"25891","respect three",1,65239,89.46
"25892","respect to",1,65240,89.46
"25893","respond in",1,65241,89.47
"25894","respond to",1,65242,89.47
"25895","respond you",1,65243,89.47
"25896","response and",1,65244,89.47
"25897","response by",1,65245,89.47
"25898","response to",1,65246,89.47
"25899","responsibility and",1,65247,89.47
"25900","responsibility towards",1,65248,89.48
"25901","rest along",1,65249,89.48
"25902","rest at",1,65250,89.48
"25903","rest day",1,65251,89.48
"25904","rest help",1,65252,89.48
"25905","rest i",1,65253,89.48
"25906","rest naturally",1,65254,89.48
"25907","rest on",1,65255,89.48
"25908","rest simply",1,65256,89.49
"25909","rest so",1,65257,89.49
"25910","restaurant and",1,65258,89.49
"25911","restaurant are",1,65259,89.49
"25912","restaurant by",1,65260,89.49
"25913","restaurant so",1,65261,89.49
"25914","restaurant with",1,65262,89.49
"25915","result even",1,65263,89.5
"25916","result get",1,65264,89.5
"25917","result i",1,65265,89.5
"25918","result in",1,65266,89.5
"25919","result it",1,65267,89.5
"25920","result we",1,65268,89.5
"25921","return appearance",1,65269,89.5
"25922","return but",1,65270,89.51
"25923","return did",1,65271,89.51
"25924","return home",1,65272,89.51
"25925","return i",1,65273,89.51
"25926","return of",1,65274,89.51
"25927","returned due",1,65275,89.51
"25928","revealed a",1,65276,89.51
"25929","revealed if",1,65277,89.51
"25930","revealed in",1,65278,89.52
"25931","revealed it",1,65279,89.52
"25932","review by",1,65280,89.52
"25933","review is",1,65281,89.52
"25934","review it",1,65282,89.52
"25935","review of",1,65283,89.52
"25936","review once",1,65284,89.52
"25937","review part",1,65285,89.53
"25938","review space",1,65286,89.53
"25939","review suggest",1,65287,89.53
"25940","ribbon available",1,65288,89.53
"25941","ribbon if",1,65289,89.53
"25942","ribbon my",1,65290,89.53
"25943","ribbon up",1,65291,89.53
"25944","ribbon with",1,65292,89.54
"25945","rice in",1,65293,89.54
"25946","rice lake",1,65294,89.54
"25947","rich been",1,65295,89.54
"25948","rich emotional",1,65296,89.54
"25949","rich flavor",1,65297,89.54
"25950","rich section",1,65298,89.54
"25951","rich smith",1,65299,89.55
"25952","rich to",1,65300,89.55
"25953","rich what",1,65301,89.55
"25954","ride a",1,65302,89.55
"25955","ride i",1,65303,89.55
"25956","ride of",1,65304,89.55
"25957","ride out",1,65305,89.55
"25958","ride road",1,65306,89.55
"25959","ride the",1,65307,89.56
"25960","ride to",1,65308,89.56
"25961","ridiculous analysis",1,65309,89.56
"25962","ridiculous how",1,65310,89.56
"25963","ridiculous human",1,65311,89.56
"25964","ridiculous than",1,65312,89.56
"25965","riding program",1,65313,89.56
"25966","riding tour",1,65314,89.57
"25967","riding who",1,65315,89.57
"25968","right about",1,65316,89.57
"25969","right after",1,65317,89.57
"25970","right all",1,65318,89.57
"25971","right along",1,65319,89.57
"25972","right amount",1,65320,89.57
"25973","right because",1,65321,89.58
"25974","right behind",1,65322,89.58
"25975","right but",1,65323,89.58
"25976","right college",1,65324,89.58
"25977","right combination",1,65325,89.58
"25978","right decision",1,65326,89.58
"25979","right foot",1,65327,89.58
"25980","right guy",1,65328,89.58
"25981","right just",1,65329,89.59
"25982","right like",1,65330,89.59
"25983","right magazine",1,65331,89.59
"25984","right of",1,65332,89.59
"25985","right or",1,65333,89.59
"25986","right out",1,65334,89.59
"25987","right people",1,65335,89.59
"25988","right place",1,65336,89.6
"25989","right sure",1,65337,89.6
"25990","right thing",1,65338,89.6
"25991","right through",1,65339,89.6
"25992","right turn",1,65340,89.6
"25993","right up",1,65341,89.6
"25994","right wing",1,65342,89.6
"25995","right would",1,65343,89.61
"25996","ring and",1,65344,89.61
"25997","ring around",1,65345,89.61
"25998","ring from",1,65346,89.61
"25999","ring her",1,65347,89.61
"26000","ring is",1,65348,89.61
"26001","ring mary",1,65349,89.61
"26002","ring planet",1,65350,89.62
"26003","ring true",1,65351,89.62
"26004","ring while",1,65352,89.62
"26005","ring would",1,65353,89.62
"26006","rise a",1,65354,89.62
"26007","rise above",1,65355,89.62
"26008","rise for",1,65356,89.62
"26009","rise of",1,65357,89.62
"26010","rise sleep",1,65358,89.63
"26011","rise so",1,65359,89.63
"26012","rise the",1,65360,89.63
"26013","risk born",1,65361,89.63
"26014","risk for",1,65362,89.63
"26015","risk of",1,65363,89.63
"26016","river that",1,65364,89.63
"26017","road anyway",1,65365,89.64
"26018","road for",1,65366,89.64
"26019","road holding",1,65367,89.64
"26020","road i",1,65368,89.64
"26021","road in",1,65369,89.64
"26022","road map",1,65370,89.64
"26023","road not",1,65371,89.64
"26024","road real",1,65372,89.65
"26025","road straight",1,65373,89.65
"26026","road that",1,65374,89.65
"26027","road the",1,65375,89.65
"26028","road works",1,65376,89.65
"26029","rock group",1,65377,89.65
"26030","rock s",1,65378,89.65
"26031","rock star",1,65379,89.65
"26032","role a",1,65380,89.66
"26033","role how",1,65381,89.66
"26034","role it",1,65382,89.66
"26035","role to",1,65383,89.66
"26036","roll down",1,65384,89.66
"26037","roll it",1,65385,89.66
"26038","roll of",1,65386,89.66
"26039","roll up",1,65387,89.67
"26040","rolling by",1,65388,89.67
"26041","romance that",1,65389,89.67
"26042","romantic and",1,65390,89.67
"26043","romantic comedy",1,65391,89.67
"26044","romantic fiction",1,65392,89.67
"26045","romantic relationship",1,65393,89.67
"26046","room and",1,65394,89.68
"26047","room at",1,65395,89.68
"26048","room comes",1,65396,89.68
"26049","room determined",1,65397,89.68
"26050","room except",1,65398,89.68
"26051","room set",1,65399,89.68
"26052","room sitting",1,65400,89.68
"26053","room smell",1,65401,89.69
"26054","room some",1,65402,89.69
"26055","room than",1,65403,89.69
"26056","room the",1,65404,89.69
"26057","room there",1,65405,89.69
"26058","room they",1,65406,89.69
"26059","room today",1,65407,89.69
"26060","room what",1,65408,89.69
"26061","room you",1,65409,89.7
"26062","rough it",1,65410,89.7
"26063","round and",1,65411,89.7
"26064","round beer",1,65412,89.7
"26065","round how",1,65413,89.7
"26066","round it",1,65414,89.7
"26067","round of",1,65415,89.7
"26068","round performance",1,65416,89.71
"26069","round so",1,65417,89.71
"26070","round table",1,65418,89.71
"26071","round that",1,65419,89.71
"26072","round the",1,65420,89.71
"26073","round up",1,65421,89.71
"26074","round your",1,65422,89.71
"26075","route instead",1,65423,89.72
"26076","route of",1,65424,89.72
"26077","route through",1,65425,89.72
"26078","route to",1,65426,89.72
"26079","route with",1,65427,89.72
"26080","routine and",1,65428,89.72
"26081","routine of",1,65429,89.72
"26082","routine part",1,65430,89.72
"26083","routine while",1,65431,89.73
"26084","row of",1,65432,89.73
"26085","royal here",1,65433,89.73
"26086","royal house",1,65434,89.73
"26087","royal wedding",1,65435,89.73
"26088","rule are",1,65436,89.73
"26089","rule making",1,65437,89.73
"26090","rule of",1,65438,89.74
"26091","rule tomorrow",1,65439,89.74
"26092","rule under",1,65440,89.74
"26093","rule with",1,65441,89.74
"26094","rule yourself",1,65442,89.74
"26095","run along",1,65443,89.74
"26096","run anything",1,65444,89.74
"26097","run as",1,65445,89.75
"26098","run at",1,65446,89.75
"26099","run away",1,65447,89.75
"26100","run bike",1,65448,89.75
"26101","run by",1,65449,89.75
"26102","run club",1,65450,89.75
"26103","run down",1,65451,89.75
"26104","run free",1,65452,89.75
"26105","run he",1,65453,89.76
"26106","run into",1,65454,89.76
"26107","run is",1,65455,89.76
"26108","run jump",1,65456,89.76
"26109","run more",1,65457,89.76
"26110","run offering",1,65458,89.76
"26111","run on",1,65459,89.76
"26112","run she",1,65460,89.77
"26113","run that",1,65461,89.77
"26114","run under",1,65462,89.77
"26115","run up",1,65463,89.77
"26116","run while",1,65464,89.77
"26117","run winner",1,65465,89.77
"26118","run with",1,65466,89.77
"26119","running a",1,65467,89.78
"26120","running along",1,65468,89.78
"26121","running away",1,65469,89.78
"26122","running behind",1,65470,89.78
"26123","running for",1,65471,89.78
"26124","running him",1,65472,89.78
"26125","running i",1,65473,89.78
"26126","running it",1,65474,89.79
"26127","running longer",1,65475,89.79
"26128","running mainly",1,65476,89.79
"26129","running through",1,65477,89.79
"26130","running to",1,65478,89.79
"26131","running with",1,65479,89.79
"26132","rush out",1,65480,89.79
"26133","rush through",1,65481,89.79
"26134","rush to",1,65482,89.8
"26135","s accident",1,65483,89.8
"26136","s across",1,65484,89.8
"26137","s action",1,65485,89.8
"26138","s administration",1,65486,89.8
"26139","s afraid",1,65487,89.8
"26140","s after",1,65488,89.8
"26141","s agreement",1,65489,89.81
"26142","s aid",1,65490,89.81
"26143","s album",1,65491,89.81
"26144","s alive",1,65492,89.81
"26145","s almost",1,65493,89.81
"26146","s analysis",1,65494,89.81
"26147","s angel",1,65495,89.81
"26148","s annual",1,65496,89.82
"26149","s another",1,65497,89.82
"26150","s anything",1,65498,89.82
"26151","s apparently",1,65499,89.82
"26152","s approach",1,65500,89.82
"26153","s article",1,65501,89.82
"26154","s attached",1,65502,89.82
"26155","s audience",1,65503,89.82
"26156","s author",1,65504,89.83
"26157","s available",1,65505,89.83
"26158","s battle",1,65506,89.83
"26159","s beauty",1,65507,89.83
"26160","s before",1,65508,89.83
"26161","s belief",1,65509,89.83
"26162","s best",1,65510,89.83
"26163","s better",1,65511,89.84
"26164","s big",1,65512,89.84
"26165","s biggest",1,65513,89.84
"26166","s birthday",1,65514,89.84
"26167","s bitter",1,65515,89.84
"26168","s book",1,65516,89.84
"26169","s bought",1,65517,89.84
"26170","s brain",1,65518,89.85
"26171","s break",1,65519,89.85
"26172","s bus",1,65520,89.85
"26173","s business",1,65521,89.85
"26174","s call",1,65522,89.85
"26175","s can",1,65523,89.85
"26176","s card",1,65524,89.85
"26177","s career",1,65525,89.86
"26178","s challenge",1,65526,89.86
"26179","s chicken",1,65527,89.86
"26180","s city",1,65528,89.86
"26181","s community",1,65529,89.86
"26182","s control",1,65530,89.86
"26183","s cool",1,65531,89.86
"26184","s crazy",1,65532,89.86
"26185","s crowd",1,65533,89.87
"26186","s dad",1,65534,89.87
"26187","s department",1,65535,89.87
"26188","s depending",1,65536,89.87
"26189","s designer",1,65537,89.87
"26190","s desk",1,65538,89.87
"26191","s different",1,65539,89.87
"26192","s director",1,65540,89.88
"26193","s does",1,65541,89.88
"26194","s doing",1,65542,89.88
"26195","s don",1,65543,89.88
"26196","s door",1,65544,89.88
"26197","s drama",1,65545,89.88
"26198","s ear",1,65546,89.88
"26199","s early",1,65547,89.89
"26200","s easier",1,65548,89.89
"26201","s eating",1,65549,89.89
"26202","s economy",1,65550,89.89
"26203","s either",1,65551,89.89
"26204","s empty",1,65552,89.89
"26205","s event",1,65553,89.89
"26206","s excellent",1,65554,89.89
"26207","s fair",1,65555,89.9
"26208","s family",1,65556,89.9
"26209","s father",1,65557,89.9
"26210","s fellow",1,65558,89.9
"26211","s film",1,65559,89.9
"26212","s finally",1,65560,89.9
"26213","s find",1,65561,89.9
"26214","s finished",1,65562,89.91
"26215","s five",1,65563,89.91
"26216","s food",1,65564,89.91
"26217","s foot",1,65565,89.91
"26218","s found",1,65566,89.91
"26219","s free",1,65567,89.91
"26220","s friend",1,65568,89.91
"26221","s fruit",1,65569,89.92
"26222","s full",1,65570,89.92
"26223","s funny",1,65571,89.92
"26224","s future",1,65572,89.92
"26225","s game",1,65573,89.92
"26226","s get",1,65574,89.92
"26227","s getting",1,65575,89.92
"26228","s gone",1,65576,89.92
"26229","s goodness",1,65577,89.93
"26230","s grace",1,65578,89.93
"26231","s hand",1,65579,89.93
"26232","s health",1,65580,89.93
"26233","s hear",1,65581,89.93
"26234","s high",1,65582,89.93
"26235","s highly",1,65583,89.93
"26236","s his",1,65584,89.94
"26237","s holding",1,65585,89.94
"26238","s honest",1,65586,89.94
"26239","s hope",1,65587,89.94
"26240","s hospital",1,65588,89.94
"26241","s ill",1,65589,89.94
"26242","s information",1,65590,89.94
"26243","s initial",1,65591,89.95
"26244","s inside",1,65592,89.95
"26245","s interesting",1,65593,89.95
"26246","s kind",1,65594,89.95
"26247","s know",1,65595,89.95
"26248","s l",1,65596,89.95
"26249","s lack",1,65597,89.95
"26250","s last",1,65598,89.96
"26251","s late",1,65599,89.96
"26252","s leading",1,65600,89.96
"26253","s let",1,65601,89.96
"26254","s level",1,65602,89.96
"26255","s listening",1,65603,89.96
"26256","s live",1,65604,89.96
"26257","s living",1,65605,89.96
"26258","s long",1,65606,89.97
"26259","s looking",1,65607,89.97
"26260","s lots",1,65608,89.97
"26261","s make",1,65609,89.97
"26262","s making",1,65610,89.97
"26263","s massive",1,65611,89.97
"26264","s men",1,65612,89.97
"26265","s message",1,65613,89.98
"26266","s military",1,65614,89.98
"26267","s minister",1,65615,89.98
"26268","s mostly",1,65616,89.98
"26269","s nation",1,65617,89.98
"26270","s need",1,65618,89.98
"26271","s needs",1,65619,89.98
"26272","s neighborhood",1,65620,89.99
"26273","s never",1,65621,89.99
"26274","s next",1,65622,89.99
"26275","s nor",1,65623,89.99
"26276","s nose",1,65624,89.99
"26277","s now",1,65625,89.99
"26278","s open",1,65626,89.99
"26279","s or",1,65627,89.99
"26280","s over",1,65628,90
"26281","s paper",1,65629,90
"26282","s past",1,65630,90
"26283","s peace",1,65631,90
"26284","s personally",1,65632,90
"26285","s piece",1,65633,90
"26286","s plan",1,65634,90
"26287","s plenty",1,65635,90.01
"26288","s point",1,65636,90.01
"26289","s policy",1,65637,90.01
"26290","s population",1,65638,90.01
"26291","s possible",1,65639,90.01
"26292","s post",1,65640,90.01
"26293","s presence",1,65641,90.01
"26294","s previous",1,65642,90.02
"26295","s prize",1,65643,90.02
"26296","s produced",1,65644,90.02
"26297","s product",1,65645,90.02
"26298","s production",1,65646,90.02
"26299","s progress",1,65647,90.02
"26300","s project",1,65648,90.02
"26301","s purpose",1,65649,90.03
"26302","s put",1,65650,90.03
"26303","s quite",1,65651,90.03
"26304","s reaction",1,65652,90.03
"26305","s read",1,65653,90.03
"26306","s relationship",1,65654,90.03
"26307","s release",1,65655,90.03
"26308","s research",1,65656,90.03
"26309","s road",1,65657,90.04
"26310","s rock",1,65658,90.04
"26311","s romantic",1,65659,90.04
"26312","s sadly",1,65660,90.04
"26313","s safe",1,65661,90.04
"26314","s sat",1,65662,90.04
"26315","s say",1,65663,90.04
"26316","s scary",1,65664,90.05
"26317","s series",1,65665,90.05
"26318","s shadow",1,65666,90.05
"26319","s simple",1,65667,90.05
"26320","s simply",1,65668,90.05
"26321","s singing",1,65669,90.05
"26322","s size",1,65670,90.05
"26323","s sleeping",1,65671,90.06
"26324","s some",1,65672,90.06
"26325","s someone",1,65673,90.06
"26326","s son",1,65674,90.06
"26327","s song",1,65675,90.06
"26328","s space",1,65676,90.06
"26329","s special",1,65677,90.06
"26330","s spending",1,65678,90.06
"26331","s strange",1,65679,90.07
"26332","s such",1,65680,90.07
"26333","s supposed",1,65681,90.07
"26334","s sweet",1,65682,90.07
"26335","s take",1,65683,90.07
"26336","s taking",1,65684,90.07
"26337","s tax",1,65685,90.07
"26338","s teacher",1,65686,90.08
"26339","s terrible",1,65687,90.08
"26340","s than",1,65688,90.08
"26341","s their",1,65689,90.08
"26342","s theory",1,65690,90.08
"26343","s they",1,65691,90.08
"26344","s think",1,65692,90.08
"26345","s thinking",1,65693,90.09
"26346","s thought",1,65694,90.09
"26347","s thus",1,65695,90.09
"26348","s tough",1,65696,90.09
"26349","s track",1,65697,90.09
"26350","s traditional",1,65698,90.09
"26351","s trip",1,65699,90.09
"26352","s truly",1,65700,90.1
"26353","s turn",1,65701,90.1
"26354","s two",1,65702,90.1
"26355","s usual",1,65703,90.1
"26356","s usually",1,65704,90.1
"26357","s v",1,65705,90.1
"26358","s view",1,65706,90.1
"26359","s watching",1,65707,90.1
"26360","s water",1,65708,90.11
"26361","s we",1,65709,90.11
"26362","s weight",1,65710,90.11
"26363","s weird",1,65711,90.11
"26364","s well",1,65712,90.11
"26365","s went",1,65713,90.11
"26366","s were",1,65714,90.11
"26367","s when",1,65715,90.12
"26368","s who",1,65716,90.12
"26369","s wife",1,65717,90.12
"26370","s will",1,65718,90.12
"26371","s writing",1,65719,90.12
"26372","s year",1,65720,90.12
"26373","s yes",1,65721,90.12
"26374","s you",1,65722,90.13
"26375","s younger",1,65723,90.13
"26376","s your",1,65724,90.13
"26377","s yours",1,65725,90.13
"26378","sad but",1,65726,90.13
"26379","sad less",1,65727,90.13
"26380","sad never",1,65728,90.13
"26381","sad so",1,65729,90.13
"26382","sad thing",1,65730,90.14
"26383","sad to",1,65731,90.14
"26384","sadly had",1,65732,90.14
"26385","sadly i",1,65733,90.14
"26386","sadly it",1,65734,90.14
"26387","sadly my",1,65735,90.14
"26388","sadly the",1,65736,90.14
"26389","sadly time",1,65737,90.15
"26390","sadly we",1,65738,90.15
"26391","safe and",1,65739,90.15
"26392","safe from",1,65740,90.15
"26393","safe haven",1,65741,90.15
"26394","safe is",1,65742,90.15
"26395","safe job",1,65743,90.15
"26396","safe keeping",1,65744,90.16
"26397","safe plan",1,65745,90.16
"26398","safe sound",1,65746,90.16
"26399","safe to",1,65747,90.16
"26400","safe with",1,65748,90.16
"26401","safe zone",1,65749,90.16
"26402","safety and",1,65750,90.16
"26403","safety but",1,65751,90.16
"26404","safety of",1,65752,90.17
"26405","safety particularly",1,65753,90.17
"26406","said day",1,65754,90.17
"26407","said down",1,65755,90.17
"26408","said fine",1,65756,90.17
"26409","said for",1,65757,90.17
"26410","said ha",1,65758,90.17
"26411","said his",1,65759,90.18
"26412","said local",1,65760,90.18
"26413","said love",1,65761,90.18
"26414","said maybe",1,65762,90.18
"26415","said my",1,65763,90.18
"26416","said not",1,65764,90.18
"26417","said of",1,65765,90.18
"26418","said once",1,65766,90.19
"26419","said our",1,65767,90.19
"26420","said sometimes",1,65768,90.19
"26421","said sort",1,65769,90.19
"26422","said stand",1,65770,90.19
"26423","said thank",1,65771,90.19
"26424","said those",1,65772,90.19
"26425","said try",1,65773,90.2
"26426","said walking",1,65774,90.2
"26427","said was",1,65775,90.2
"26428","said well",1,65776,90.2
"26429","said what",1,65777,90.2
"26430","said white",1,65778,90.2
"26431","said without",1,65779,90.2
"26432","said yes",1,65780,90.2
"26433","sake it",1,65781,90.21
"26434","sake no",1,65782,90.21
"26435","sake of",1,65783,90.21
"26436","sake the",1,65784,90.21
"26437","sake then",1,65785,90.21
"26438","salad a",1,65786,90.21
"26439","salad by",1,65787,90.21
"26440","salad that",1,65788,90.22
"26441","sale but",1,65789,90.22
"26442","sale from",1,65790,90.22
"26443","sale the",1,65791,90.22
"26444","salt each",1,65792,90.22
"26445","salt for",1,65793,90.22
"26446","salt in",1,65794,90.22
"26447","salt it",1,65795,90.23
"26448","salt lake",1,65796,90.23
"26449","salt pepper",1,65797,90.23
"26450","salt spring",1,65798,90.23
"26451","salt the",1,65799,90.23
"26452","salt to",1,65800,90.23
"26453","sam just",1,65801,90.23
"26454","sam s",1,65802,90.23
"26455","sam the",1,65803,90.24
"26456","sam went",1,65804,90.24
"26457","same a",1,65805,90.24
"26458","same amount",1,65806,90.24
"26459","same and",1,65807,90.24
"26460","same background",1,65808,90.24
"26461","same book",1,65809,90.24
"26462","same breath",1,65810,90.25
"26463","same but",1,65811,90.25
"26464","same can",1,65812,90.25
"26465","same class",1,65813,90.25
"26466","same corner",1,65814,90.25
"26467","same for",1,65815,90.25
"26468","same game",1,65816,90.25
"26469","same go",1,65817,90.26
"26470","same goes",1,65818,90.26
"26471","same job",1,65819,90.26
"26472","same keep",1,65820,90.26
"26473","same lack",1,65821,90.26
"26474","same location",1,65822,90.26
"26475","same marriage",1,65823,90.26
"26476","same model",1,65824,90.27
"26477","same of",1,65825,90.27
"26478","same one",1,65826,90.27
"26479","same our",1,65827,90.27
"26480","same person",1,65828,90.27
"26481","same phone",1,65829,90.27
"26482","same position",1,65830,90.27
"26483","same price",1,65831,90.27
"26484","same product",1,65832,90.28
"26485","same real",1,65833,90.28
"26486","same reason",1,65834,90.28
"26487","same recipe",1,65835,90.28
"26488","same room",1,65836,90.28
"26489","same social",1,65837,90.28
"26490","same suit",1,65838,90.28
"26491","same the",1,65839,90.29
"26492","same thing",1,65840,90.29
"26493","same throughout",1,65841,90.29
"26494","same we",1,65842,90.29
"26495","same y",1,65843,90.29
"26496","same you",1,65844,90.29
"26497","san for",1,65845,90.29
"26498","san state",1,65846,90.3
"26499","san which",1,65847,90.3
"26500","sand and",1,65848,90.3
"26501","sand can",1,65849,90.3
"26502","sand ocean",1,65850,90.3
"26503","sand pretty",1,65851,90.3
"26504","sat around",1,65852,90.3
"26505","sat for",1,65853,90.3
"26506","sat on",1,65854,90.31
"26507","sat there",1,65855,90.31
"26508","sauce allow",1,65856,90.31
"26509","sauce goes",1,65857,90.31
"26510","sauce they",1,65858,90.31
"26511","sauce this",1,65859,90.31
"26512","sauce very",1,65860,90.31
"26513","sauce was",1,65861,90.32
"26514","save a",1,65862,90.32
"26515","save any",1,65863,90.32
"26516","save her",1,65864,90.32
"26517","save his",1,65865,90.32
"26518","save money",1,65866,90.32
"26519","save my",1,65867,90.32
"26520","save myself",1,65868,90.33
"26521","save them",1,65869,90.33
"26522","save you",1,65870,90.33
"26523","saved also",1,65871,90.33
"26524","saved however",1,65872,90.33
"26525","saved room",1,65873,90.33
"26526","saved when",1,65874,90.33
"26527","saving again",1,65875,90.34
"26528","saving and",1,65876,90.34
"26529","saving because",1,65877,90.34
"26530","saving each",1,65878,90.34
"26531","saving on",1,65879,90.34
"26532","saw again",1,65880,90.34
"26533","saw all",1,65881,90.34
"26534","saw an",1,65882,90.34
"26535","saw as",1,65883,90.35
"26536","saw concert",1,65884,90.35
"26537","saw it",1,65885,90.35
"26538","saw little",1,65886,90.35
"26539","saw nothing",1,65887,90.35
"26540","saw some",1,65888,90.35
"26541","saw that",1,65889,90.35
"26542","saw their",1,65890,90.36
"26543","saw through",1,65891,90.36
"26544","saw you",1,65892,90.36
"26545","say about",1,65893,90.36
"26546","say as",1,65894,90.36
"26547","say august",1,65895,90.36
"26548","say clothes",1,65896,90.36
"26549","say enough",1,65897,90.37
"26550","say full",1,65898,90.37
"26551","say how",1,65899,90.37
"26552","say however",1,65900,90.37
"26553","say important",1,65901,90.37
"26554","say is",1,65902,90.37
"26555","say less",1,65903,90.37
"26556","say let",1,65904,90.37
"26557","say literally",1,65905,90.38
"26558","say my",1,65906,90.38
"26559","say nothing",1,65907,90.38
"26560","say of",1,65908,90.38
"26561","say oh",1,65909,90.38
"26562","say or",1,65910,90.38
"26563","say pass",1,65911,90.38
"26564","say really",1,65912,90.39
"26565","say remember",1,65913,90.39
"26566","say s",1,65914,90.39
"26567","say she",1,65915,90.39
"26568","say thank",1,65916,90.39
"26569","say themselves",1,65917,90.39
"26570","say unfortunately",1,65918,90.39
"26571","say upon",1,65919,90.4
"26572","say yesterday",1,65920,90.4
"26573","say you",1,65921,90.4
"26574","saying in",1,65922,90.4
"26575","saying it",1,65923,90.4
"26576","saying literally",1,65924,90.4
"26577","saying little",1,65925,90.4
"26578","saying my",1,65926,90.4
"26579","saying she",1,65927,90.41
"26580","saying thank",1,65928,90.41
"26581","saying with",1,65929,90.41
"26582","scale and",1,65930,90.41
"26583","scale as",1,65931,90.41
"26584","scale come",1,65932,90.41
"26585","scale my",1,65933,90.41
"26586","scale of",1,65934,90.42
"26587","scary experience",1,65935,90.42
"26588","scary in",1,65936,90.42
"26589","scary the",1,65937,90.42
"26590","scene an",1,65938,90.42
"26591","scene apartment",1,65939,90.42
"26592","scene as",1,65940,90.42
"26593","scene but",1,65941,90.43
"26594","scene for",1,65942,90.43
"26595","scene from",1,65943,90.43
"26596","scene his",1,65944,90.43
"26597","scene i",1,65945,90.43
"26598","scene is",1,65946,90.43
"26599","scene it",1,65947,90.43
"26600","scene or",1,65948,90.44
"26601","schedule for",1,65949,90.44
"26602","schedule i",1,65950,90.44
"26603","schedule is",1,65951,90.44
"26604","schedule of",1,65952,90.44
"26605","schedule when",1,65953,90.44
"26606","schedule with",1,65954,90.44
"26607","school after",1,65955,90.44
"26608","school age",1,65956,90.45
"26609","school can",1,65957,90.45
"26610","school competition",1,65958,90.45
"26611","school data",1,65959,90.45
"26612","school days",1,65960,90.45
"26613","school district",1,65961,90.45
"26614","school dry",1,65962,90.45
"26615","school e",1,65963,90.46
"26616","school group",1,65964,90.46
"26617","school into",1,65965,90.46
"26618","school level",1,65966,90.46
"26619","school making",1,65967,90.46
"26620","school of",1,65968,90.46
"26621","school our",1,65969,90.46
"26622","school system",1,65970,90.47
"26623","school that",1,65971,90.47
"26624","school the",1,65972,90.47
"26625","school they",1,65973,90.47
"26626","school this",1,65974,90.47
"26627","school today",1,65975,90.47
"26628","school towards",1,65976,90.47
"26629","school until",1,65977,90.47
"26630","school what",1,65978,90.48
"26631","school which",1,65979,90.48
"26632","school year",1,65980,90.48
"26633","science at",1,65981,90.48
"26634","science fiction",1,65982,90.48
"26635","screen door",1,65983,90.48
"26636","screen what",1,65984,90.48
"26637","sea make",1,65985,90.49
"26638","sea of",1,65986,90.49
"26639","sea salt",1,65987,90.49
"26640","sea too",1,65988,90.49
"26641","search of",1,65989,90.49
"26642","search this",1,65990,90.49
"26643","season a",1,65991,90.49
"26644","season by",1,65992,90.5
"26645","season concert",1,65993,90.5
"26646","season even",1,65994,90.5
"26647","season for",1,65995,90.5
"26648","season had",1,65996,90.5
"26649","season now",1,65997,90.5
"26650","season of",1,65998,90.5
"26651","season right",1,65999,90.51
"26652","season salt",1,66000,90.51
"26653","season so",1,66001,90.51
"26654","season then",1,66002,90.51
"26655","season took",1,66003,90.51
"26656","season top",1,66004,90.51
"26657","season tour",1,66005,90.51
"26658","season with",1,66006,90.51
"26659","seat of",1,66007,90.52
"26660","seat on",1,66008,90.52
"26661","seat per",1,66009,90.52
"26662","seat the",1,66010,90.52
"26663","seat what",1,66011,90.52
"26664","second and",1,66012,90.52
"26665","second book",1,66013,90.52
"26666","second chance",1,66014,90.53
"26667","second coach",1,66015,90.53
"26668","second green",1,66016,90.53
"26669","second half",1,66017,90.53
"26670","second home",1,66018,90.53
"26671","second i",1,66019,90.53
"26672","second in",1,66020,90.53
"26673","second meeting",1,66021,90.54
"26674","second or",1,66022,90.54
"26675","second out",1,66023,90.54
"26676","second selling",1,66024,90.54
"26677","second street",1,66025,90.54
"26678","second target",1,66026,90.54
"26679","second turns",1,66027,90.54
"26680","second we",1,66028,90.54
"26681","second week",1,66029,90.55
"26682","second world",1,66030,90.55
"26683","secret a",1,66031,90.55
"26684","secret and",1,66032,90.55
"26685","secret hidden",1,66033,90.55
"26686","secret joy",1,66034,90.55
"26687","secret police",1,66035,90.55
"26688","secret that",1,66036,90.56
"26689","section i",1,66037,90.56
"26690","section that",1,66038,90.56
"26691","section three",1,66039,90.56
"26692","security agency",1,66040,90.56
"26693","security certainly",1,66041,90.56
"26694","security council",1,66042,90.56
"26695","security for",1,66043,90.57
"26696","security intelligence",1,66044,90.57
"26697","security or",1,66045,90.57
"26698","security the",1,66046,90.57
"26699","security to",1,66047,90.57
"26700","see actual",1,66048,90.57
"26701","see an",1,66049,90.57
"26702","see another",1,66050,90.57
"26703","see anything",1,66051,90.58
"26704","see at",1,66052,90.58
"26705","see below",1,66053,90.58
"26706","see convinced",1,66054,90.58
"26707","see family",1,66055,90.58
"26708","see fit",1,66056,90.58
"26709","see he",1,66057,90.58
"26710","see like",1,66058,90.59
"26711","see me",1,66059,90.59
"26712","see my",1,66060,90.59
"26713","see of",1,66061,90.59
"26714","see or",1,66062,90.59
"26715","see other",1,66063,90.59
"26716","see past",1,66064,90.59
"26717","see sand",1,66065,90.6
"26718","see she",1,66066,90.6
"26719","see some",1,66067,90.6
"26720","see straight",1,66068,90.6
"26721","see through",1,66069,90.6
"26722","see up",1,66070,90.6
"26723","see vanilla",1,66071,90.6
"26724","see we",1,66072,90.61
"26725","see why",1,66073,90.61
"26726","see with",1,66074,90.61
"26727","see ya",1,66075,90.61
"26728","seeing a",1,66076,90.61
"26729","seeing him",1,66077,90.61
"26730","seeing how",1,66078,90.61
"26731","seeing in",1,66079,90.61
"26732","seeing it",1,66080,90.62
"26733","seeing them",1,66081,90.62
"26734","seeing your",1,66082,90.62
"26735","seek after",1,66083,90.62
"26736","seek and",1,66084,90.62
"26737","seek first",1,66085,90.62
"26738","seek from",1,66086,90.62
"26739","seek is",1,66087,90.63
"26740","seek of",1,66088,90.63
"26741","seek out",1,66089,90.63
"26742","seeking purpose",1,66090,90.63
"26743","seeking to",1,66091,90.63
"26744","seem by",1,66092,90.63
"26745","seem of",1,66093,90.63
"26746","seem right",1,66094,90.64
"26747","seem small",1,66095,90.64
"26748","seem so",1,66096,90.64
"26749","seem that",1,66097,90.64
"26750","seen about",1,66098,90.64
"26751","seen above",1,66099,90.64
"26752","seen all",1,66100,90.64
"26753","seen anyone",1,66101,90.64
"26754","seen me",1,66102,90.65
"26755","seen of",1,66103,90.65
"26756","seen on",1,66104,90.65
"26757","seen our",1,66105,90.65
"26758","seen people",1,66106,90.65
"26759","seen these",1,66107,90.65
"26760","seen those",1,66108,90.65
"26761","self belief",1,66109,90.66
"26762","self but",1,66110,90.66
"26763","self by",1,66111,90.66
"26764","self control",1,66112,90.66
"26765","self expression",1,66113,90.66
"26766","self in",1,66114,90.66
"26767","self interest",1,66115,90.66
"26768","self many",1,66116,90.67
"26769","self take",1,66117,90.67
"26770","self the",1,66118,90.67
"26771","self which",1,66119,90.67
"26772","self who",1,66120,90.67
"26773","self without",1,66121,90.67
"26774","sell and",1,66122,90.67
"26775","sell crazy",1,66123,90.68
"26776","sell dry",1,66124,90.68
"26777","sell it",1,66125,90.68
"26778","sell multiple",1,66126,90.68
"26779","sell off",1,66127,90.68
"26780","sell that",1,66128,90.68
"26781","selling a",1,66129,90.68
"26782","selling and",1,66130,90.68
"26783","selling in",1,66131,90.69
"26784","selling made",1,66132,90.69
"26785","selling that",1,66133,90.69
"26786","send her",1,66134,90.69
"26787","send him",1,66135,90.69
"26788","send me",1,66136,90.69
"26789","send off",1,66137,90.69
"26790","send people",1,66138,90.7
"26791","send the",1,66139,90.7
"26792","sending everyone",1,66140,90.7
"26793","sending the",1,66141,90.7
"26794","senior and",1,66142,90.7
"26795","senior officer",1,66143,90.7
"26796","senior open",1,66144,90.7
"26797","senior to",1,66145,90.71
"26798","senior us",1,66146,90.71
"26799","sense but",1,66147,90.71
"26800","sense i",1,66148,90.71
"26801","sense in",1,66149,90.71
"26802","sense is",1,66150,90.71
"26803","sense to",1,66151,90.71
"26804","sent his",1,66152,90.71
"26805","sent it",1,66153,90.72
"26806","sent the",1,66154,90.72
"26807","sent we",1,66155,90.72
"26808","sentence with",1,66156,90.72
"26809","sentiment but",1,66157,90.72
"26810","sentiment it",1,66158,90.72
"26811","sentiment on",1,66159,90.72
"26812","separate bowl",1,66160,90.73
"26813","separate from",1,66161,90.73
"26814","separate there",1,66162,90.73
"26815","separate this",1,66163,90.73
"26816","separate who",1,66164,90.73
"26817","series about",1,66165,90.73
"26818","series and",1,66166,90.73
"26819","series call",1,66167,90.74
"26820","series each",1,66168,90.74
"26821","series have",1,66169,90.74
"26822","series i",1,66170,90.74
"26823","series that",1,66171,90.74
"26824","series the",1,66172,90.74
"26825","series with",1,66173,90.74
"26826","series yours",1,66174,90.75
"26827","serious debt",1,66175,90.75
"26828","serious go",1,66176,90.75
"26829","serious if",1,66177,90.75
"26830","serious trouble",1,66178,90.75
"26831","serious we",1,66179,90.75
"26832","seriously before",1,66180,90.75
"26833","seriously how",1,66181,90.75
"26834","seriously if",1,66182,90.76
"26835","seriously it",1,66183,90.76
"26836","seriously made",1,66184,90.76
"26837","seriously t",1,66185,90.76
"26838","seriously that",1,66186,90.76
"26839","seriously the",1,66187,90.76
"26840","seriously there",1,66188,90.76
"26841","serve because",1,66189,90.77
"26842","serve food",1,66190,90.77
"26843","serve immediately",1,66191,90.77
"26844","serve to",1,66192,90.77
"26845","service and",1,66193,90.77
"26846","service as",1,66194,90.77
"26847","service for",1,66195,90.77
"26848","service i",1,66196,90.78
"26849","service in",1,66197,90.78
"26850","service or",1,66198,90.78
"26851","service that",1,66199,90.78
"26852","service the",1,66200,90.78
"26853","service to",1,66201,90.78
"26854","service travel",1,66202,90.78
"26855","serving but",1,66203,90.78
"26856","serving could",1,66204,90.79
"26857","serving him",1,66205,90.79
"26858","serving it",1,66206,90.79
"26859","serving please",1,66207,90.79
"26860","session beer",1,66208,90.79
"26861","session ended",1,66209,90.79
"26862","session prior",1,66210,90.79
"26863","session taking",1,66211,90.8
"26864","session that",1,66212,90.8
"26865","set a",1,66213,90.8
"26866","set and",1,66214,90.8
"26867","set aside",1,66215,90.8
"26868","set before",1,66216,90.8
"26869","set can",1,66217,90.8
"26870","set come",1,66218,90.81
"26871","set covered",1,66219,90.81
"26872","set from",1,66220,90.81
"26873","set is",1,66221,90.81
"26874","set it",1,66222,90.81
"26875","set just",1,66223,90.81
"26876","set list",1,66224,90.81
"26877","set ourselves",1,66225,90.81
"26878","set them",1,66226,90.82
"26879","set this",1,66227,90.82
"26880","set to",1,66228,90.82
"26881","set too",1,66229,90.82
"26882","set your",1,66230,90.82
"26883","setting a",1,66231,90.82
"26884","setting beer",1,66232,90.82
"26885","setting but",1,66233,90.83
"26886","setting everything",1,66234,90.83
"26887","setting myself",1,66235,90.83
"26888","seven after",1,66236,90.83
"26889","seven and",1,66237,90.83
"26890","seven seven",1,66238,90.83
"26891","seven similar",1,66239,90.83
"26892","seven something",1,66240,90.84
"26893","seven the",1,66241,90.84
"26894","several and",1,66242,90.84
"26895","several but",1,66243,90.84
"26896","several from",1,66244,90.84
"26897","several gone",1,66245,90.84
"26898","several i",1,66246,90.84
"26899","several in",1,66247,90.85
"26900","several is",1,66248,90.85
"26901","several loss",1,66249,90.85
"26902","several major",1,66250,90.85
"26903","several my",1,66251,90.85
"26904","several old",1,66252,90.85
"26905","several one",1,66253,90.85
"26906","several over",1,66254,90.85
"26907","several prior",1,66255,90.86
"26908","several smaller",1,66256,90.86
"26909","several was",1,66257,90.86
"26910","sewing machine",1,66258,90.86
"26911","sewing together",1,66259,90.86
"26912","shadow function",1,66260,90.86
"26913","shadow the",1,66261,90.86
"26914","shall become",1,66262,90.87
"26915","shall begin",1,66263,90.87
"26916","shall come",1,66264,90.87
"26917","shall he",1,66265,90.87
"26918","shall it",1,66266,90.87
"26919","shall not",1,66267,90.87
"26920","shall only",1,66268,90.87
"26921","shall remain",1,66269,90.88
"26922","shall remove",1,66270,90.88
"26923","shall stand",1,66271,90.88
"26924","shall the",1,66272,90.88
"26925","shall we",1,66273,90.88
"26926","shame men",1,66274,90.88
"26927","shape my",1,66275,90.88
"26928","shape nose",1,66276,90.88
"26929","shape to",1,66277,90.89
"26930","shape was",1,66278,90.89
"26931","share and",1,66279,90.89
"26932","share because",1,66280,90.89
"26933","share dream",1,66281,90.89
"26934","share honestly",1,66282,90.89
"26935","share some",1,66283,90.89
"26936","share then",1,66284,90.9
"26937","share very",1,66285,90.9
"26938","share what",1,66286,90.9
"26939","share which",1,66287,90.9
"26940","share your",1,66288,90.9
"26941","sharp dressed",1,66289,90.9
"26942","sharp just",1,66290,90.9
"26943","sharp two",1,66291,90.91
"26944","she again",1,66292,90.91
"26945","she avoid",1,66293,90.91
"26946","she away",1,66294,90.91
"26947","she back",1,66295,90.91
"26948","she be",1,66296,90.91
"26949","she becomes",1,66297,90.91
"26950","she brought",1,66298,90.92
"26951","she close",1,66299,90.92
"26952","she daddy",1,66300,90.92
"26953","she designed",1,66301,90.92
"26954","she either",1,66302,90.92
"26955","she even",1,66303,90.92
"26956","she every",1,66304,90.92
"26957","she everything",1,66305,90.92
"26958","she finished",1,66306,90.93
"26959","she for",1,66307,90.93
"26960","she handed",1,66308,90.93
"26961","she happy",1,66309,90.93
"26962","she how",1,66310,90.93
"26963","she into",1,66311,90.93
"26964","she knew",1,66312,90.93
"26965","she left",1,66313,90.94
"26966","she likely",1,66314,90.94
"26967","she making",1,66315,90.94
"26968","she more",1,66316,90.94
"26969","she my",1,66317,90.94
"26970","she never",1,66318,90.94
"26971","she no",1,66319,90.94
"26972","she now",1,66320,90.95
"26973","she off",1,66321,90.95
"26974","she ran",1,66322,90.95
"26975","she since",1,66323,90.95
"26976","she stopped",1,66324,90.95
"26977","she sure",1,66325,90.95
"26978","she sweet",1,66326,90.95
"26979","she took",1,66327,90.95
"26980","she truly",1,66328,90.96
"26981","she turned",1,66329,90.96
"26982","she used",1,66330,90.96
"26983","she we",1,66331,90.96
"26984","she went",1,66332,90.96
"26985","she with",1,66333,90.96
"26986","she you",1,66334,90.96
"26987","sheet and",1,66335,90.97
"26988","sheet before",1,66336,90.97
"26989","sheet into",1,66337,90.97
"26990","sheet leaving",1,66338,90.97
"26991","sheet of",1,66339,90.97
"26992","sheet then",1,66340,90.97
"26993","shift you",1,66341,90.97
"26994","ship a",1,66342,90.98
"26995","ship on",1,66343,90.98
"26996","ship to",1,66344,90.98
"26997","ship we",1,66345,90.98
"26998","shirt episode",1,66346,90.98
"26999","shirt from",1,66347,90.98
"27000","shirt on",1,66348,90.98
"27001","shop about",1,66349,90.99
"27002","shop he",1,66350,90.99
"27003","shop i",1,66351,90.99
"27004","shop said",1,66352,90.99
"27005","shop selling",1,66353,90.99
"27006","shop there",1,66354,90.99
"27007","shop window",1,66355,90.99
"27008","shopping and",1,66356,90.99
"27009","shopping at",1,66357,91
"27010","shopping happy",1,66358,91
"27011","shopping his",1,66359,91
"27012","shopping i",1,66360,91
"27013","shopping in",1,66361,91
"27014","shopping the",1,66362,91
"27015","shopping to",1,66363,91
"27016","shopping trip",1,66364,91.01
"27017","shopping up",1,66365,91.01
"27018","short a",1,66366,91.01
"27019","short answer",1,66367,91.01
"27020","short break",1,66368,91.01
"27021","short film",1,66369,91.01
"27022","short make",1,66370,91.01
"27023","short on",1,66371,91.02
"27024","short post",1,66372,91.02
"27025","short run",1,66373,91.02
"27026","short so",1,66374,91.02
"27027","short supply",1,66375,91.02
"27028","short thank",1,66376,91.02
"27029","short the",1,66377,91.02
"27030","short train",1,66378,91.02
"27031","short way",1,66379,91.03
"27032","short while",1,66380,91.03
"27033","short works",1,66381,91.03
"27034","shot at",1,66382,91.03
"27035","shot but",1,66383,91.03
"27036","shot down",1,66384,91.03
"27037","shot maybe",1,66385,91.03
"27038","shot of",1,66386,91.04
"27039","shot paper",1,66387,91.04
"27040","shot up",1,66388,91.04
"27041","should also",1,66389,91.04
"27042","should been",1,66390,91.04
"27043","should come",1,66391,91.04
"27044","should consider",1,66392,91.04
"27045","should decide",1,66393,91.05
"27046","should for",1,66394,91.05
"27047","should help",1,66395,91.05
"27048","should i",1,66396,91.05
"27049","should include",1,66397,91.05
"27050","should know",1,66398,91.05
"27051","should make",1,66399,91.05
"27052","should never",1,66400,91.05
"27053","should open",1,66401,91.06
"27054","should read",1,66402,91.06
"27055","should shut",1,66403,91.06
"27056","should sleep",1,66404,91.06
"27057","should tell",1,66405,91.06
"27058","should the",1,66406,91.06
"27059","should turn",1,66407,91.06
"27060","shoulder button",1,66408,91.07
"27061","shoulder suddenly",1,66409,91.07
"27062","shoulder then",1,66410,91.07
"27063","show a",1,66411,91.07
"27064","show about",1,66412,91.07
"27065","show and",1,66413,91.07
"27066","show at",1,66414,91.07
"27067","show been",1,66415,91.08
"27068","show case",1,66416,91.08
"27069","show each",1,66417,91.08
"27070","show every",1,66418,91.08
"27071","show in",1,66419,91.08
"27072","show is",1,66420,91.08
"27073","show just",1,66421,91.08
"27074","show my",1,66422,91.09
"27075","show of",1,66423,91.09
"27076","show on",1,66424,91.09
"27077","show quality",1,66425,91.09
"27078","show quite",1,66426,91.09
"27079","show some",1,66427,91.09
"27080","show to",1,66428,91.09
"27081","show unless",1,66429,91.09
"27082","show until",1,66430,91.1
"27083","show us",1,66431,91.1
"27084","show was",1,66432,91.1
"27085","show which",1,66433,91.1
"27086","shower and",1,66434,91.1
"27087","showing for",1,66435,91.1
"27088","showing in",1,66436,91.1
"27089","showing itself",1,66437,91.11
"27090","showing off",1,66438,91.11
"27091","showing the",1,66439,91.11
"27092","showing them",1,66440,91.11
"27093","showing up",1,66441,91.11
"27094","shown him",1,66442,91.11
"27095","shown most",1,66443,91.11
"27096","shown not",1,66444,91.12
"27097","shown one",1,66445,91.12
"27098","shown the",1,66446,91.12
"27099","shown up",1,66447,91.12
"27100","shut it",1,66448,91.12
"27101","shut off",1,66449,91.12
"27102","shut the",1,66450,91.12
"27103","side a",1,66451,91.12
"27104","side anyway",1,66452,91.13
"27105","side back",1,66453,91.13
"27106","side bar",1,66454,91.13
"27107","side besides",1,66455,91.13
"27108","side by",1,66456,91.13
"27109","side kick",1,66457,91.13
"27110","side like",1,66458,91.13
"27111","side my",1,66459,91.14
"27112","side note",1,66460,91.14
"27113","side s",1,66461,91.14
"27114","side saying",1,66462,91.14
"27115","side so",1,66463,91.14
"27116","side story",1,66464,91.14
"27117","side to",1,66465,91.14
"27118","side until",1,66466,91.15
"27119","side ways",1,66467,91.15
"27120","sides they",1,66468,91.15
"27121","sight there",1,66469,91.15
"27122","sign of",1,66470,91.15
"27123","sign them",1,66471,91.15
"27124","significant cash",1,66472,91.15
"27125","significant open",1,66473,91.16
"27126","significant other",1,66474,91.16
"27127","significant time",1,66475,91.16
"27128","silence a",1,66476,91.16
"27129","silence and",1,66477,91.16
"27130","silence out",1,66478,91.16
"27131","silence silence",1,66479,91.16
"27132","silence those",1,66480,91.16
"27133","silence was",1,66481,91.17
"27134","silence y",1,66482,91.17
"27135","silent soul",1,66483,91.17
"27136","silent wood",1,66484,91.17
"27137","silly and",1,66485,91.17
"27138","silly before",1,66486,91.17
"27139","silly thing",1,66487,91.17
"27140","silly unlike",1,66488,91.18
"27141","silver and",1,66489,91.18
"27142","silver without",1,66490,91.18
"27143","similar as",1,66491,91.18
"27144","similar but",1,66492,91.18
"27145","similar by",1,66493,91.18
"27146","similar for",1,66494,91.18
"27147","similar form",1,66495,91.19
"27148","similar found",1,66496,91.19
"27149","similar move",1,66497,91.19
"27150","similar of",1,66498,91.19
"27151","similar spirit",1,66499,91.19
"27152","simple a",1,66500,91.19
"27153","simple as",1,66501,91.19
"27154","simple concept",1,66502,91.19
"27155","simple in",1,66503,91.2
"27156","simple just",1,66504,91.2
"27157","simple my",1,66505,91.2
"27158","simple no",1,66506,91.2
"27159","simple routine",1,66507,91.2
"27160","simple sauce",1,66508,91.2
"27161","simple task",1,66509,91.2
"27162","simple this",1,66510,91.21
"27163","simple to",1,66511,91.21
"27164","simple we",1,66512,91.21
"27165","simple yet",1,66513,91.21
"27166","simply amazing",1,66514,91.21
"27167","simply ask",1,66515,91.21
"27168","simply because",1,66516,91.21
"27169","simply being",1,66517,91.22
"27170","simply can",1,66518,91.22
"27171","simply drop",1,66519,91.22
"27172","simply i",1,66520,91.22
"27173","simply if",1,66521,91.22
"27174","simply lower",1,66522,91.22
"27175","simply not",1,66523,91.22
"27176","simply put",1,66524,91.22
"27177","simply send",1,66525,91.23
"27178","simply too",1,66526,91.23
"27179","simply use",1,66527,91.23
"27180","sin and",1,66528,91.23
"27181","sin it",1,66529,91.23
"27182","since a",1,66530,91.23
"27183","since about",1,66531,91.23
"27184","since ancient",1,66532,91.24
"27185","since as",1,66533,91.24
"27186","since come",1,66534,91.24
"27187","since everyone",1,66535,91.24
"27188","since his",1,66536,91.24
"27189","since imagine",1,66537,91.24
"27190","since learning",1,66538,91.24
"27191","since made",1,66539,91.25
"27192","since my",1,66540,91.25
"27193","since no",1,66541,91.25
"27194","since now",1,66542,91.25
"27195","since posting",1,66543,91.25
"27196","since she",1,66544,91.25
"27197","since this",1,66545,91.25
"27198","since those",1,66546,91.26
"27199","since wind",1,66547,91.26
"27200","since your",1,66548,91.26
"27201","sing and",1,66549,91.26
"27202","sing as",1,66550,91.26
"27203","sing him",1,66551,91.26
"27204","sing this",1,66552,91.26
"27205","singing a",1,66553,91.26
"27206","singing about",1,66554,91.27
"27207","singing for",1,66555,91.27
"27208","singing it",1,66556,91.27
"27209","singing of",1,66557,91.27
"27210","singing she",1,66558,91.27
"27211","singing the",1,66559,91.27
"27212","single book",1,66560,91.27
"27213","single data",1,66561,91.28
"27214","single girl",1,66562,91.28
"27215","single have",1,66563,91.28
"27216","single issue",1,66564,91.28
"27217","single kiss",1,66565,91.28
"27218","single maybe",1,66566,91.28
"27219","single men",1,66567,91.28
"27220","single solution",1,66568,91.29
"27221","single sound",1,66569,91.29
"27222","single story",1,66570,91.29
"27223","single super",1,66571,91.29
"27224","single who",1,66572,91.29
"27225","sister by",1,66573,91.29
"27226","sister made",1,66574,91.29
"27227","sister of",1,66575,91.29
"27228","sister shall",1,66576,91.3
"27229","sister such",1,66577,91.3
"27230","sister that",1,66578,91.3
"27231","sister was",1,66579,91.3
"27232","sister when",1,66580,91.3
"27233","sit another",1,66581,91.3
"27234","sit around",1,66582,91.3
"27235","sit often",1,66583,91.31
"27236","sit under",1,66584,91.31
"27237","sit up",1,66585,91.31
"27238","sit with",1,66586,91.31
"27239","site and",1,66587,91.31
"27240","site in",1,66588,91.31
"27241","site is",1,66589,91.31
"27242","site that",1,66590,91.32
"27243","site to",1,66591,91.32
"27244","site was",1,66592,91.32
"27245","sitting at",1,66593,91.32
"27246","sitting outside",1,66594,91.32
"27247","sitting round",1,66595,91.32
"27248","situation as",1,66596,91.32
"27249","situation in",1,66597,91.33
"27250","situation is",1,66598,91.33
"27251","situation it",1,66599,91.33
"27252","situation like",1,66600,91.33
"27253","situation person",1,66601,91.33
"27254","situation right",1,66602,91.33
"27255","situation the",1,66603,91.33
"27256","situation we",1,66604,91.33
"27257","situation when",1,66605,91.34
"27258","six ago",1,66606,91.34
"27259","six and",1,66607,91.34
"27260","six finger",1,66608,91.34
"27261","six i",1,66609,91.34
"27262","six it",1,66610,91.34
"27263","six or",1,66611,91.34
"27264","six this",1,66612,91.35
"27265","six times",1,66613,91.35
"27266","six week",1,66614,91.35
"27267","six when",1,66615,91.35
"27268","size and",1,66616,91.35
"27269","sized onion",1,66617,91.35
"27270","sized to",1,66618,91.35
"27271","sketch challenge",1,66619,91.36
"27272","skin all",1,66620,91.36
"27273","skin bank",1,66621,91.36
"27274","skin from",1,66622,91.36
"27275","skin have",1,66623,91.36
"27276","skin the",1,66624,91.36
"27277","sky above",1,66625,91.36
"27278","sky all",1,66626,91.36
"27279","sky an",1,66627,91.37
"27280","sky d",1,66628,91.37
"27281","sky despite",1,66629,91.37
"27282","sky forever",1,66630,91.37
"27283","sky given",1,66631,91.37
"27284","sky the",1,66632,91.37
"27285","sky to",1,66633,91.37
"27286","sky toward",1,66634,91.38
"27287","sleep after",1,66635,91.38
"27288","sleep and",1,66636,91.38
"27289","sleep by",1,66637,91.38
"27290","sleep in",1,66638,91.38
"27291","sleep is",1,66639,91.38
"27292","sleep me",1,66640,91.38
"27293","sleep schedule",1,66641,91.39
"27294","sleep ten",1,66642,91.39
"27295","sleep the",1,66643,91.39
"27296","sleep well",1,66644,91.39
"27297","sleep where",1,66645,91.39
"27298","sleep with",1,66646,91.39
"27299","sleeping i",1,66647,91.39
"27300","sleeping or",1,66648,91.4
"27301","sleeping right",1,66649,91.4
"27302","slightly as",1,66650,91.4
"27303","slightly better",1,66651,91.4
"27304","slightly familiar",1,66652,91.4
"27305","slightly i",1,66653,91.4
"27306","slightly less",1,66654,91.4
"27307","slightly night",1,66655,91.4
"27308","slightly some",1,66656,91.41
"27309","slightly thanks",1,66657,91.41
"27310","slow and",1,66658,91.41
"27311","slow burning",1,66659,91.41
"27312","slow but",1,66660,91.41
"27313","slow filled",1,66661,91.41
"27314","slow or",1,66662,91.41
"27315","slowly a",1,66663,91.42
"27316","slowly apart",1,66664,91.42
"27317","slowly becoming",1,66665,91.42
"27318","slowly by",1,66666,91.42
"27319","slowly i",1,66667,91.42
"27320","slowly lost",1,66668,91.42
"27321","slowly pan",1,66669,91.42
"27322","slowly she",1,66670,91.43
"27323","slowly slowly",1,66671,91.43
"27324","small as",1,66672,91.43
"27325","small bar",1,66673,91.43
"27326","small bowl",1,66674,91.43
"27327","small brush",1,66675,91.43
"27328","small collection",1,66676,91.43
"27329","small found",1,66677,91.43
"27330","small group",1,66678,91.44
"27331","small he",1,66679,91.44
"27332","small is",1,66680,91.44
"27333","small light",1,66681,91.44
"27334","small mountain",1,66682,91.44
"27335","small museum",1,66683,91.44
"27336","small or",1,66684,91.44
"27337","small second",1,66685,91.45
"27338","small they",1,66686,91.45
"27339","small voice",1,66687,91.45
"27340","small way",1,66688,91.45
"27341","small ways",1,66689,91.45
"27342","small wet",1,66690,91.45
"27343","small with",1,66691,91.45
"27344","smaller and",1,66692,91.46
"27345","smaller are",1,66693,91.46
"27346","smaller on",1,66694,91.46
"27347","smaller one",1,66695,91.46
"27348","smart funny",1,66696,91.46
"27349","smart pointed",1,66697,91.46
"27350","smart to",1,66698,91.46
"27351","smell amazing",1,66699,91.46
"27352","smell but",1,66700,91.47
"27353","smell i",1,66701,91.47
"27354","smell like",1,66702,91.47
"27355","smell that",1,66703,91.47
"27356","smell the",1,66704,91.47
"27357","smile at",1,66705,91.47
"27358","smile i",1,66706,91.47
"27359","smile turned",1,66707,91.48
"27360","smile went",1,66708,91.48
"27361","smith an",1,66709,91.48
"27362","smith at",1,66710,91.48
"27363","smith is",1,66711,91.48
"27364","smith us",1,66712,91.48
"27365","smoke and",1,66713,91.48
"27366","smoke but",1,66714,91.49
"27367","smoke while",1,66715,91.49
"27368","smooth as",1,66716,91.49
"27369","smooth beat",1,66717,91.49
"27370","smooth clean",1,66718,91.49
"27371","smooth i",1,66719,91.49
"27372","smooth this",1,66720,91.49
"27373","snow as",1,66721,91.5
"27374","snow into",1,66722,91.5
"27375","snow over",1,66723,91.5
"27376","snow to",1,66724,91.5
"27377","snow with",1,66725,91.5
"27378","so active",1,66726,91.5
"27379","so added",1,66727,91.5
"27380","so all",1,66728,91.5
"27381","so almost",1,66729,91.51
"27382","so although",1,66730,91.51
"27383","so awesome",1,66731,91.51
"27384","so be",1,66732,91.51
"27385","so beautiful",1,66733,91.51
"27386","so because",1,66734,91.51
"27387","so can",1,66735,91.51
"27388","so cold",1,66736,91.52
"27389","so cross",1,66737,91.52
"27390","so dangerous",1,66738,91.52
"27391","so delicious",1,66739,91.52
"27392","so directly",1,66740,91.52
"27393","so does",1,66741,91.52
"27394","so don",1,66742,91.52
"27395","so each",1,66743,91.53
"27396","so easily",1,66744,91.53
"27397","so effective",1,66745,91.53
"27398","so emotional",1,66746,91.53
"27399","so even",1,66747,91.53
"27400","so expensive",1,66748,91.53
"27401","so fabulous",1,66749,91.53
"27402","so finally",1,66750,91.53
"27403","so for",1,66751,91.54
"27404","so friendly",1,66752,91.54
"27405","so from",1,66753,91.54
"27406","so fun",1,66754,91.54
"27407","so glad",1,66755,91.54
"27408","so grade",1,66756,91.54
"27409","so grateful",1,66757,91.54
"27410","so hard",1,66758,91.55
"27411","so her",1,66759,91.55
"27412","so here",1,66760,91.55
"27413","so hope",1,66761,91.55
"27414","so hopefully",1,66762,91.55
"27415","so hungry",1,66763,91.55
"27416","so incredible",1,66764,91.55
"27417","so incredibly",1,66765,91.56
"27418","so inside",1,66766,91.56
"27419","so interesting",1,66767,91.56
"27420","so labour",1,66768,91.56
"27421","so later",1,66769,91.56
"27422","so lucky",1,66770,91.56
"27423","so made",1,66771,91.56
"27424","so make",1,66772,91.57
"27425","so mid",1,66773,91.57
"27426","so might",1,66774,91.57
"27427","so most",1,66775,91.57
"27428","so no",1,66776,91.57
"27429","so not",1,66777,91.57
"27430","so odd",1,66778,91.57
"27431","so often",1,66779,91.57
"27432","so one",1,66780,91.58
"27433","so onto",1,66781,91.58
"27434","so other",1,66782,91.58
"27435","so please",1,66783,91.58
"27436","so police",1,66784,91.58
"27437","so popular",1,66785,91.58
"27438","so probably",1,66786,91.58
"27439","so rare",1,66787,91.59
"27440","so relief",1,66788,91.59
"27441","so remember",1,66789,91.59
"27442","so right",1,66790,91.59
"27443","so run",1,66791,91.59
"27444","so sad",1,66792,91.59
"27445","so say",1,66793,91.59
"27446","so seeing",1,66794,91.6
"27447","so seven",1,66795,91.6
"27448","so shall",1,66796,91.6
"27449","so silly",1,66797,91.6
"27450","so simple",1,66798,91.6
"27451","so slowly",1,66799,91.6
"27452","so smooth",1,66800,91.6
"27453","so soon",1,66801,91.6
"27454","so special",1,66802,91.61
"27455","so strong",1,66803,91.61
"27456","so sure",1,66804,91.61
"27457","so t",1,66805,91.61
"27458","so than",1,66806,91.61
"27459","so thank",1,66807,91.61
"27460","so then",1,66808,91.61
"27461","so these",1,66809,91.62
"27462","so thick",1,66810,91.62
"27463","so those",1,66811,91.62
"27464","so tomorrow",1,66812,91.62
"27465","so trust",1,66813,91.62
"27466","so until",1,66814,91.62
"27467","so very",1,66815,91.62
"27468","so was",1,66816,91.63
"27469","so watch",1,66817,91.63
"27470","so while",1,66818,91.63
"27471","so will",1,66819,91.63
"27472","so without",1,66820,91.63
"27473","so wonderful",1,66821,91.63
"27474","so worked",1,66822,91.63
"27475","so working",1,66823,91.64
"27476","so yesterday",1,66824,91.64
"27477","social amongst",1,66825,91.64
"27478","social and",1,66826,91.64
"27479","social appeal",1,66827,91.64
"27480","social can",1,66828,91.64
"27481","social communication",1,66829,91.64
"27482","social development",1,66830,91.64
"27483","social have",1,66831,91.65
"27484","social issue",1,66832,91.65
"27485","social it",1,66833,91.65
"27486","social justice",1,66834,91.65
"27487","social life",1,66835,91.65
"27488","social teaching",1,66836,91.65
"27489","society born",1,66837,91.65
"27490","society for",1,66838,91.66
"27491","society here",1,66839,91.66
"27492","society often",1,66840,91.66
"27493","society s",1,66841,91.66
"27494","society san",1,66842,91.66
"27495","society that",1,66843,91.66
"27496","society the",1,66844,91.66
"27497","society those",1,66845,91.67
"27498","society we",1,66846,91.67
"27499","soft and",1,66847,91.67
"27500","soft cover",1,66848,91.67
"27501","soft drink",1,66849,91.67
"27502","soft on",1,66850,91.67
"27503","soft pink",1,66851,91.67
"27504","soft place",1,66852,91.67
"27505","soft so",1,66853,91.68
"27506","sold at",1,66854,91.68
"27507","sold out",1,66855,91.68
"27508","sold some",1,66856,91.68
"27509","sold them",1,66857,91.68
"27510","solid fast",1,66858,91.68
"27511","solid i",1,66859,91.68
"27512","solid somehow",1,66860,91.69
"27513","solution a",1,66861,91.69
"27514","solution and",1,66862,91.69
"27515","solution at",1,66863,91.69
"27516","solution for",1,66864,91.69
"27517","solution here",1,66865,91.69
"27518","solution like",1,66866,91.69
"27519","solution that",1,66867,91.7
"27520","solution we",1,66868,91.7
"27521","solution which",1,66869,91.7
"27522","some additional",1,66870,91.7
"27523","some alcohol",1,66871,91.7
"27524","some amazing",1,66872,91.7
"27525","some around",1,66873,91.7
"27526","some art",1,66874,91.7
"27527","some awesome",1,66875,91.71
"27528","some background",1,66876,91.71
"27529","some before",1,66877,91.71
"27530","some better",1,66878,91.71
"27531","some birthday",1,66879,91.71
"27532","some business",1,66880,91.71
"27533","some but",1,66881,91.71
"27534","some charge",1,66882,91.72
"27535","some chopped",1,66883,91.72
"27536","some clock",1,66884,91.72
"27537","some comfort",1,66885,91.72
"27538","some control",1,66886,91.72
"27539","some crazy",1,66887,91.72
"27540","some critical",1,66888,91.72
"27541","some cute",1,66889,91.73
"27542","some day",1,66890,91.73
"27543","some dry",1,66891,91.73
"27544","some during",1,66892,91.73
"27545","some evidence",1,66893,91.73
"27546","some exercise",1,66894,91.73
"27547","some fairly",1,66895,91.73
"27548","some fast",1,66896,91.74
"27549","some food",1,66897,91.74
"27550","some found",1,66898,91.74
"27551","some from",1,66899,91.74
"27552","some general",1,66900,91.74
"27553","some going",1,66901,91.74
"27554","some have",1,66902,91.74
"27555","some heart",1,66903,91.74
"27556","some home",1,66904,91.75
"27557","some information",1,66905,91.75
"27558","some interview",1,66906,91.75
"27559","some kind",1,66907,91.75
"27560","some late",1,66908,91.75
"27561","some level",1,66909,91.75
"27562","some like",1,66910,91.75
"27563","some m",1,66911,91.76
"27564","some meat",1,66912,91.76
"27565","some might",1,66913,91.76
"27566","some miss",1,66914,91.76
"27567","some mommy",1,66915,91.76
"27568","some must",1,66916,91.76
"27569","some my",1,66917,91.76
"27570","some not",1,66918,91.77
"27571","some on",1,66919,91.77
"27572","some out",1,66920,91.77
"27573","some paint",1,66921,91.77
"27574","some part",1,66922,91.77
"27575","some particular",1,66923,91.77
"27576","some person",1,66924,91.77
"27577","some quick",1,66925,91.77
"27578","some real",1,66926,91.78
"27579","some really",1,66927,91.78
"27580","some regardless",1,66928,91.78
"27581","some research",1,66929,91.78
"27582","some round",1,66930,91.78
"27583","some say",1,66931,91.78
"27584","some self",1,66932,91.78
"27585","some senior",1,66933,91.79
"27586","some serious",1,66934,91.79
"27587","some sewing",1,66935,91.79
"27588","some short",1,66936,91.79
"27589","some should",1,66937,91.79
"27590","some significant",1,66938,91.79
"27591","some stuff",1,66939,91.79
"27592","some tea",1,66940,91.8
"27593","some the",1,66941,91.8
"27594","some this",1,66942,91.8
"27595","some thought",1,66943,91.8
"27596","some too",1,66944,91.8
"27597","some took",1,66945,91.8
"27598","some vanilla",1,66946,91.8
"27599","some very",1,66947,91.81
"27600","some water",1,66948,91.81
"27601","some we",1,66949,91.81
"27602","some weird",1,66950,91.81
"27603","some why",1,66951,91.81
"27604","some wide",1,66952,91.81
"27605","some will",1,66953,91.81
"27606","some wonderful",1,66954,91.81
"27607","some youth",1,66955,91.82
"27608","somebody i",1,66956,91.82
"27609","somebody s",1,66957,91.82
"27610","somebody said",1,66958,91.82
"27611","somebody thought",1,66959,91.82
"27612","somehow did",1,66960,91.82
"27613","somehow made",1,66961,91.82
"27614","somehow may",1,66962,91.83
"27615","somehow to",1,66963,91.83
"27616","somehow turns",1,66964,91.83
"27617","someone a",1,66965,91.83
"27618","someone at",1,66966,91.83
"27619","someone broke",1,66967,91.83
"27620","someone by",1,66968,91.83
"27621","someone calling",1,66969,91.84
"27622","someone can",1,66970,91.84
"27623","someone else",1,66971,91.84
"27624","someone from",1,66972,91.84
"27625","someone going",1,66973,91.84
"27626","someone had",1,66974,91.84
"27627","someone how",1,66975,91.84
"27628","someone i",1,66976,91.84
"27629","someone me",1,66977,91.85
"27630","someone once",1,66978,91.85
"27631","someone or",1,66979,91.85
"27632","someone put",1,66980,91.85
"27633","someone recommend",1,66981,91.85
"27634","someone say",1,66982,91.85
"27635","someone so",1,66983,91.85
"27636","someone something",1,66984,91.86
"27637","something a",1,66985,91.86
"27638","something are",1,66986,91.86
"27639","something beyond",1,66987,91.86
"27640","something close",1,66988,91.86
"27641","something completely",1,66989,91.86
"27642","something did",1,66990,91.86
"27643","something different",1,66991,91.87
"27644","something don",1,66992,91.87
"27645","something done",1,66993,91.87
"27646","something else",1,66994,91.87
"27647","something fast",1,66995,91.87
"27648","something given",1,66996,91.87
"27649","something good",1,66997,91.87
"27650","something gorgeous",1,66998,91.87
"27651","something in",1,66999,91.88
"27652","something interesting",1,67000,91.88
"27653","something is",1,67001,91.88
"27654","something less",1,67002,91.88
"27655","something off",1,67003,91.88
"27656","something outside",1,67004,91.88
"27657","something physical",1,67005,91.88
"27658","something quite",1,67006,91.89
"27659","something soft",1,67007,91.89
"27660","something than",1,67008,91.89
"27661","something the",1,67009,91.89
"27662","something there",1,67010,91.89
"27663","something they",1,67011,91.89
"27664","something up",1,67012,91.89
"27665","something where",1,67013,91.9
"27666","something which",1,67014,91.9
"27667","something with",1,67015,91.9
"27668","something would",1,67016,91.9
"27669","something year",1,67017,91.9
"27670","sometimes a",1,67018,91.9
"27671","sometimes but",1,67019,91.9
"27672","sometimes by",1,67020,91.91
"27673","sometimes cry",1,67021,91.91
"27674","sometimes have",1,67022,91.91
"27675","sometimes in",1,67023,91.91
"27676","sometimes like",1,67024,91.91
"27677","sometimes my",1,67025,91.91
"27678","sometimes one",1,67026,91.91
"27679","sometimes our",1,67027,91.91
"27680","sometimes there",1,67028,91.92
"27681","sometimes we",1,67029,91.92
"27682","sometimes will",1,67030,91.92
"27683","sometimes you",1,67031,91.92
"27684","somewhat after",1,67032,91.92
"27685","somewhat decent",1,67033,91.92
"27686","somewhat disappointed",1,67034,91.92
"27687","somewhere else",1,67035,91.93
"27688","somewhere she",1,67036,91.93
"27689","somewhere still",1,67037,91.93
"27690","somewhere that",1,67038,91.93
"27691","son an",1,67039,91.93
"27692","son at",1,67040,91.93
"27693","son but",1,67041,91.93
"27694","son could",1,67042,91.94
"27695","son have",1,67043,91.94
"27696","son i",1,67044,91.94
"27697","son in",1,67045,91.94
"27698","son is",1,67046,91.94
"27699","son last",1,67047,91.94
"27700","son me",1,67048,91.94
"27701","son shall",1,67049,91.94
"27702","son so",1,67050,91.95
"27703","son story",1,67051,91.95
"27704","son to",1,67052,91.95
"27705","son was",1,67053,91.95
"27706","son were",1,67054,91.95
"27707","son which",1,67055,91.95
"27708","son who",1,67056,91.95
"27709","son would",1,67057,91.96
"27710","song after",1,67058,91.96
"27711","song and",1,67059,91.96
"27712","song five",1,67060,91.96
"27713","song from",1,67061,91.96
"27714","song i",1,67062,91.96
"27715","song on",1,67063,91.96
"27716","song one",1,67064,91.97
"27717","song or",1,67065,91.97
"27718","song structure",1,67066,91.97
"27719","song that",1,67067,91.97
"27720","song there",1,67068,91.97
"27721","song today",1,67069,91.97
"27722","song took",1,67070,91.97
"27723","song written",1,67071,91.98
"27724","soon at",1,67072,91.98
"27725","soon behind",1,67073,91.98
"27726","soon change",1,67074,91.98
"27727","soon demand",1,67075,91.98
"27728","soon everyone",1,67076,91.98
"27729","soon get",1,67077,91.98
"27730","soon herself",1,67078,91.98
"27731","soon in",1,67079,91.99
"27732","soon now",1,67080,91.99
"27733","soon please",1,67081,91.99
"27734","soon social",1,67082,91.99
"27735","soon until",1,67083,91.99
"27736","soon with",1,67084,91.99
"27737","sorry i",1,67085,91.99
"27738","sorry my",1,67086,92
"27739","sorry that",1,67087,92
"27740","sort that",1,67088,92
"27741","soul and",1,67089,92
"27742","soul energy",1,67090,92
"27743","soul searching",1,67091,92
"27744","soul take",1,67092,92
"27745","soul the",1,67093,92.01
"27746","soul you",1,67094,92.01
"27747","sound as",1,67095,92.01
"27748","sound asleep",1,67096,92.01
"27749","sound designer",1,67097,92.01
"27750","sound familiar",1,67098,92.01
"27751","sound grand",1,67099,92.01
"27752","sound might",1,67100,92.01
"27753","sound on",1,67101,92.02
"27754","sound positive",1,67102,92.02
"27755","sound the",1,67103,92.02
"27756","sound to",1,67104,92.02
"27757","sound too",1,67105,92.02
"27758","soup and",1,67106,92.02
"27759","soup does",1,67107,92.02
"27760","soup that",1,67108,92.03
"27761","source a",1,67109,92.03
"27762","source and",1,67110,92.03
"27763","source medium",1,67111,92.03
"27764","source that",1,67112,92.03
"27765","south a",1,67113,92.03
"27766","south always",1,67114,92.03
"27767","south but",1,67115,92.04
"27768","south government",1,67116,92.04
"27769","south high",1,67117,92.04
"27770","south is",1,67118,92.04
"27771","south s",1,67119,92.04
"27772","south social",1,67120,92.04
"27773","south still",1,67121,92.04
"27774","south telling",1,67122,92.05
"27775","south the",1,67123,92.05
"27776","south this",1,67124,92.05
"27777","south were",1,67125,92.05
"27778","south west",1,67126,92.05
"27779","southern coast",1,67127,92.05
"27780","southern development",1,67128,92.05
"27781","southern new",1,67129,92.05
"27782","space added",1,67130,92.06
"27783","space and",1,67131,92.06
"27784","space anyway",1,67132,92.06
"27785","space between",1,67133,92.06
"27786","space does",1,67134,92.06
"27787","space for",1,67135,92.06
"27788","space my",1,67136,92.06
"27789","space or",1,67137,92.07
"27790","space since",1,67138,92.07
"27791","space that",1,67139,92.07
"27792","space to",1,67140,92.07
"27793","space when",1,67141,92.07
"27794","space while",1,67142,92.07
"27795","space with",1,67143,92.07
"27796","speak a",1,67144,92.08
"27797","speak by",1,67145,92.08
"27798","speak honestly",1,67146,92.08
"27799","speak in",1,67147,92.08
"27800","speak many",1,67148,92.08
"27801","speak to",1,67149,92.08
"27802","speaking about",1,67150,92.08
"27803","speaking and",1,67151,92.08
"27804","speaking in",1,67152,92.09
"27805","speaking many",1,67153,92.09
"27806","speaking or",1,67154,92.09
"27807","special about",1,67155,92.09
"27808","special and",1,67156,92.09
"27809","special anniversary",1,67157,92.09
"27810","special but",1,67158,92.09
"27811","special friend",1,67159,92.1
"27812","special i",1,67160,92.1
"27813","special it",1,67161,92.1
"27814","special kind",1,67162,92.1
"27815","special need",1,67163,92.1
"27816","special peter",1,67164,92.1
"27817","special problem",1,67165,92.1
"27818","special reading",1,67166,92.11
"27819","special sister",1,67167,92.11
"27820","special to",1,67168,92.11
"27821","special vintage",1,67169,92.11
"27822","special when",1,67170,92.11
"27823","species is",1,67171,92.11
"27824","species that",1,67172,92.11
"27825","specific after",1,67173,92.11
"27826","specific and",1,67174,92.12
"27827","specific as",1,67175,92.12
"27828","specific meaning",1,67176,92.12
"27829","specific that",1,67177,92.12
"27830","specific to",1,67178,92.12
"27831","specifically i",1,67179,92.12
"27832","specifically in",1,67180,92.12
"27833","specifically my",1,67181,92.13
"27834","specifically noted",1,67182,92.13
"27835","specifically to",1,67183,92.13
"27836","specifically uncle",1,67184,92.13
"27837","speech in",1,67185,92.13
"27838","speech with",1,67186,92.13
"27839","speed a",1,67187,92.13
"27840","speed i",1,67188,92.14
"27841","speed of",1,67189,92.14
"27842","speed up",1,67190,92.14
"27843","spend all",1,67191,92.14
"27844","spend an",1,67192,92.14
"27845","spend every",1,67193,92.14
"27846","spend is",1,67194,92.14
"27847","spend money",1,67195,92.15
"27848","spend mother",1,67196,92.15
"27849","spend one",1,67197,92.15
"27850","spend too",1,67198,92.15
"27851","spend whole",1,67199,92.15
"27852","spending a",1,67200,92.15
"27853","spending all",1,67201,92.15
"27854","spending her",1,67202,92.15
"27855","spending our",1,67203,92.16
"27856","spending quality",1,67204,92.16
"27857","spending the",1,67205,92.16
"27858","spending vast",1,67206,92.16
"27859","spent at",1,67207,92.16
"27860","spent four",1,67208,92.16
"27861","spent juice",1,67209,92.16
"27862","spent most",1,67210,92.17
"27863","spent my",1,67211,92.17
"27864","spent so",1,67212,92.17
"27865","spent working",1,67213,92.17
"27866","spent yes",1,67214,92.17
"27867","spirit also",1,67215,92.17
"27868","spirit clearly",1,67216,92.17
"27869","spirit could",1,67217,92.18
"27870","spirit d",1,67218,92.18
"27871","spirit someone",1,67219,92.18
"27872","spirit sort",1,67220,92.18
"27873","spirit stamp",1,67221,92.18
"27874","spirit the",1,67222,92.18
"27875","spirit then",1,67223,92.18
"27876","spirit this",1,67224,92.18
"27877","spirit wisdom",1,67225,92.19
"27878","spirit you",1,67226,92.19
"27879","spiritual and",1,67227,92.19
"27880","spiritual condition",1,67228,92.19
"27881","spiritual event",1,67229,92.19
"27882","spiritual journey",1,67230,92.19
"27883","spiritual nature",1,67231,92.19
"27884","split apart",1,67232,92.2
"27885","split but",1,67233,92.2
"27886","split second",1,67234,92.2
"27887","split that",1,67235,92.2
"27888","spoke with",1,67236,92.2
"27889","sports coat",1,67237,92.2
"27890","spot for",1,67238,92.2
"27891","spot i",1,67239,92.21
"27892","spot light",1,67240,92.21
"27893","spot of",1,67241,92.21
"27894","spread he",1,67242,92.21
"27895","spread it",1,67243,92.21
"27896","spread over",1,67244,92.21
"27897","spread some",1,67245,92.21
"27898","spread this",1,67246,92.22
"27899","spring and",1,67247,92.22
"27900","spring anyway",1,67248,92.22
"27901","spring but",1,67249,92.22
"27902","spring clean",1,67250,92.22
"27903","spring conference",1,67251,92.22
"27904","spring i",1,67252,92.22
"27905","spring is",1,67253,92.22
"27906","spring not",1,67254,92.23
"27907","spring of",1,67255,92.23
"27908","spring right",1,67256,92.23
"27909","spring that",1,67257,92.23
"27910","spring the",1,67258,92.23
"27911","spring today",1,67259,92.23
"27912","spring travel",1,67260,92.23
"27913","square by",1,67261,92.24
"27914","square foot",1,67262,92.24
"27915","square from",1,67263,92.24
"27916","square i",1,67264,92.24
"27917","square no",1,67265,92.24
"27918","square we",1,67266,92.24
"27919","st cannot",1,67267,92.24
"27920","st current",1,67268,92.25
"27921","st every",1,67269,92.25
"27922","st for",1,67270,92.25
"27923","st meanwhile",1,67271,92.25
"27924","st new",1,67272,92.25
"27925","st of",1,67273,92.25
"27926","st president",1,67274,92.25
"27927","st so",1,67275,92.25
"27928","st target",1,67276,92.26
"27929","staff and",1,67277,92.26
"27930","staff are",1,67278,92.26
"27931","staff especially",1,67279,92.26
"27932","staff in",1,67280,92.26
"27933","staff on",1,67281,92.26
"27934","staff than",1,67282,92.26
"27935","stage and",1,67283,92.27
"27936","stage came",1,67284,92.27
"27937","stage go",1,67285,92.27
"27938","stage is",1,67286,92.27
"27939","stage of",1,67287,92.27
"27940","stage start",1,67288,92.27
"27941","stage there",1,67289,92.27
"27942","stage wearing",1,67290,92.28
"27943","stage where",1,67291,92.28
"27944","stage wild",1,67292,92.28
"27945","stage without",1,67293,92.28
"27946","stamp room",1,67294,92.28
"27947","stamp studio",1,67295,92.28
"27948","stamp this",1,67296,92.28
"27949","stamp to",1,67297,92.29
"27950","stamp work",1,67298,92.29
"27951","stand alone",1,67299,92.29
"27952","stand and",1,67300,92.29
"27953","stand but",1,67301,92.29
"27954","stand firm",1,67302,92.29
"27955","stand for",1,67303,92.29
"27956","stand is",1,67304,92.29
"27957","stand out",1,67305,92.3
"27958","stand rather",1,67306,92.3
"27959","stand the",1,67307,92.3
"27960","stand there",1,67308,92.3
"27961","stand up",1,67309,92.3
"27962","stand with",1,67310,92.3
"27963","standard for",1,67311,92.3
"27964","standard machine",1,67312,92.31
"27965","standard of",1,67313,92.31
"27966","standard room",1,67314,92.31
"27967","standard service",1,67315,92.31
"27968","standard that",1,67316,92.31
"27969","standard with",1,67317,92.31
"27970","standing his",1,67318,92.31
"27971","standing to",1,67319,92.32
"27972","standing up",1,67320,92.32
"27973","star as",1,67321,92.32
"27974","star but",1,67322,92.32
"27975","star have",1,67323,92.32
"27976","star is",1,67324,92.32
"27977","star or",1,67325,92.32
"27978","star science",1,67326,92.32
"27979","star struck",1,67327,92.33
"27980","star was",1,67328,92.33
"27981","start a",1,67329,92.33
"27982","start advice",1,67330,92.33
"27983","start an",1,67331,92.33
"27984","start at",1,67332,92.33
"27985","start by",1,67333,92.33
"27986","start getting",1,67334,92.34
"27987","start growing",1,67335,92.34
"27988","start it",1,67336,92.34
"27989","start keeping",1,67337,92.34
"27990","start making",1,67338,92.34
"27991","start more",1,67339,92.34
"27992","start my",1,67340,92.34
"27993","start pace",1,67341,92.35
"27994","start showing",1,67342,92.35
"27995","start singing",1,67343,92.35
"27996","start the",1,67344,92.35
"27997","start we",1,67345,92.35
"27998","start your",1,67346,92.35
"27999","starting and",1,67347,92.35
"28000","starting from",1,67348,92.35
"28001","starting the",1,67349,92.36
"28002","starting their",1,67350,92.36
"28003","state are",1,67351,92.36
"28004","state both",1,67352,92.36
"28005","state even",1,67353,92.36
"28006","state for",1,67354,92.36
"28007","state further",1,67355,92.36
"28008","state high",1,67356,92.37
"28009","state it",1,67357,92.37
"28010","state law",1,67358,92.37
"28011","state offering",1,67359,92.37
"28012","state regarding",1,67360,92.37
"28013","state right",1,67361,92.37
"28014","state street",1,67362,92.37
"28015","state that",1,67363,92.38
"28016","state university",1,67364,92.38
"28017","state update",1,67365,92.38
"28018","state with",1,67366,92.38
"28019","state worth",1,67367,92.38
"28020","statement and",1,67368,92.38
"28021","statement i",1,67369,92.38
"28022","statement justice",1,67370,92.39
"28023","statement of",1,67371,92.39
"28024","statement to",1,67372,92.39
"28025","statement you",1,67373,92.39
"28026","station we",1,67374,92.39
"28027","status not",1,67375,92.39
"28028","stay because",1,67376,92.39
"28029","stay long",1,67377,92.39
"28030","stay posted",1,67378,92.4
"28031","stay pretty",1,67379,92.4
"28032","stay put",1,67380,92.4
"28033","stay safe",1,67381,92.4
"28034","stay the",1,67382,92.4
"28035","stay true",1,67383,92.4
"28036","stay with",1,67384,92.4
"28037","stayed out",1,67385,92.41
"28038","stayed right",1,67386,92.41
"28039","stayed with",1,67387,92.41
"28040","step above",1,67388,92.41
"28041","step back",1,67389,92.41
"28042","step between",1,67390,92.41
"28043","step dad",1,67391,92.41
"28044","step foot",1,67392,92.42
"28045","step forward",1,67393,92.42
"28046","step in",1,67394,92.42
"28047","step of",1,67395,92.42
"28048","step out",1,67396,92.42
"28049","step she",1,67397,92.42
"28050","step there",1,67398,92.42
"28051","stick welcome",1,67399,92.42
"28052","stick you",1,67400,92.43
"28053","still able",1,67401,92.43
"28054","still an",1,67402,92.43
"28055","still asleep",1,67403,92.43
"28056","still at",1,67404,92.43
"28057","still because",1,67405,92.43
"28058","still being",1,67406,92.43
"28059","still believe",1,67407,92.44
"28060","still both",1,67408,92.44
"28061","still buy",1,67409,92.44
"28062","still can",1,67410,92.44
"28063","still count",1,67411,92.44
"28064","still days",1,67412,92.44
"28065","still does",1,67413,92.44
"28066","still don",1,67414,92.45
"28067","still driving",1,67415,92.45
"28068","still even",1,67416,92.45
"28069","still feel",1,67417,92.45
"28070","still good",1,67418,92.45
"28071","still got",1,67419,92.45
"28072","still his",1,67420,92.45
"28073","still light",1,67421,92.46
"28074","still limited",1,67422,92.46
"28075","still look",1,67423,92.46
"28076","still love",1,67424,92.46
"28077","still miss",1,67425,92.46
"28078","still needs",1,67426,92.46
"28079","still of",1,67427,92.46
"28080","still on",1,67428,92.46
"28081","still one",1,67429,92.47
"28082","still sharp",1,67430,92.47
"28083","still she",1,67431,92.47
"28084","still so",1,67432,92.47
"28085","still struggling",1,67433,92.47
"28086","still t",1,67434,92.47
"28087","still take",1,67435,92.47
"28088","still tend",1,67436,92.48
"28089","still than",1,67437,92.48
"28090","still them",1,67438,92.48
"28091","still this",1,67439,92.48
"28092","still thought",1,67440,92.48
"28093","still use",1,67441,92.48
"28094","still very",1,67442,92.48
"28095","still waiting",1,67443,92.49
"28096","still war",1,67444,92.49
"28097","still watch",1,67445,92.49
"28098","still wearing",1,67446,92.49
"28099","still with",1,67447,92.49
"28100","still working",1,67448,92.49
"28101","stir for",1,67449,92.49
"28102","stir if",1,67450,92.49
"28103","stock up",1,67451,92.5
"28104","stomach hurt",1,67452,92.5
"28105","stomach pain",1,67453,92.5
"28106","stomach she",1,67454,92.5
"28107","stone is",1,67455,92.5
"28108","stone well",1,67456,92.5
"28109","stood his",1,67457,92.5
"28110","stood next",1,67458,92.51
"28111","stood off",1,67459,92.51
"28112","stood there",1,67460,92.51
"28113","stood up",1,67461,92.51
"28114","stop again",1,67462,92.51
"28115","stop because",1,67463,92.51
"28116","stop being",1,67464,92.51
"28117","stop each",1,67465,92.52
"28118","stop fighting",1,67466,92.52
"28119","stop hard",1,67467,92.52
"28120","stop i",1,67468,92.52
"28121","stop in",1,67469,92.52
"28122","stop listening",1,67470,92.52
"28123","stop me",1,67471,92.52
"28124","stop no",1,67472,92.52
"28125","stop supporting",1,67473,92.53
"28126","stop that",1,67474,92.53
"28127","stop us",1,67475,92.53
"28128","stop you",1,67476,92.53
"28129","stopped his",1,67477,92.53
"28130","stopped i",1,67478,92.53
"28131","stopped me",1,67479,92.53
"28132","stopped off",1,67480,92.54
"28133","stopped suddenly",1,67481,92.54
"28134","stopped talking",1,67482,92.54
"28135","stopped there",1,67483,92.54
"28136","stopped to",1,67484,92.54
"28137","stopped we",1,67485,92.54
"28138","stopping by",1,67486,92.54
"28139","stopping of",1,67487,92.55
"28140","stopping the",1,67488,92.55
"28141","store before",1,67489,92.55
"28142","store but",1,67490,92.55
"28143","store of",1,67491,92.55
"28144","store on",1,67492,92.55
"28145","store saw",1,67493,92.55
"28146","store they",1,67494,92.56
"28147","store with",1,67495,92.56
"28148","storm king",1,67496,92.56
"28149","storm up",1,67497,92.56
"28150","story a",1,67498,92.56
"28151","story about",1,67499,92.56
"28152","story almost",1,67500,92.56
"28153","story are",1,67501,92.56
"28154","story as",1,67502,92.57
"28155","story but",1,67503,92.57
"28156","story by",1,67504,92.57
"28157","story content",1,67505,92.57
"28158","story enjoy",1,67506,92.57
"28159","story five",1,67507,92.57
"28160","story i",1,67508,92.57
"28161","story if",1,67509,92.58
"28162","story into",1,67510,92.58
"28163","story move",1,67511,92.58
"28164","story only",1,67512,92.58
"28165","story read",1,67513,92.58
"28166","story set",1,67514,92.58
"28167","story that",1,67515,92.58
"28168","story to",1,67516,92.59
"28169","story when",1,67517,92.59
"28170","story which",1,67518,92.59
"28171","story who",1,67519,92.59
"28172","story will",1,67520,92.59
"28173","straight at",1,67521,92.59
"28174","straight away",1,67522,92.59
"28175","straight edge",1,67523,92.59
"28176","straight forward",1,67524,92.6
"28177","straight into",1,67525,92.6
"28178","straight live",1,67526,92.6
"28179","straight path",1,67527,92.6
"28180","straight to",1,67528,92.6
"28181","straight when",1,67529,92.6
"28182","straight winning",1,67530,92.6
"28183","straight you",1,67531,92.61
"28184","strange and",1,67532,92.61
"28185","strange but",1,67533,92.61
"28186","strange experience",1,67534,92.61
"28187","strange road",1,67535,92.61
"28188","strange that",1,67536,92.61
"28189","strange this",1,67537,92.61
"28190","strategy the",1,67538,92.62
"28191","strategy wisdom",1,67539,92.62
"28192","street central",1,67540,92.62
"28193","street it",1,67541,92.62
"28194","street might",1,67542,92.62
"28195","street more",1,67543,92.62
"28196","street or",1,67544,92.62
"28197","street photography",1,67545,92.63
"28198","street related",1,67546,92.63
"28199","street the",1,67547,92.63
"28200","street then",1,67548,92.63
"28201","street which",1,67549,92.63
"28202","streets at",1,67550,92.63
"28203","streets need",1,67551,92.63
"28204","streets of",1,67552,92.63
"28205","strength d",1,67553,92.64
"28206","strength in",1,67554,92.64
"28207","strength is",1,67555,92.64
"28208","strength of",1,67556,92.64
"28209","strength the",1,67557,92.64
"28210","strength training",1,67558,92.64
"28211","strength use",1,67559,92.64
"28212","strength will",1,67560,92.65
"28213","stress are",1,67561,92.65
"28214","stress get",1,67562,92.65
"28215","stress often",1,67563,92.65
"28216","strong as",1,67564,92.65
"28217","strong coffee",1,67565,92.65
"28218","strong determined",1,67566,92.65
"28219","strong enough",1,67567,92.66
"28220","strong foundation",1,67568,92.66
"28221","strong i",1,67569,92.66
"28222","strong in",1,67570,92.66
"28223","strong influence",1,67571,92.66
"28224","strong leadership",1,67572,92.66
"28225","strong my",1,67573,92.66
"28226","strong showing",1,67574,92.66
"28227","strong survive",1,67575,92.67
"28228","strong the",1,67576,92.67
"28229","strong too",1,67577,92.67
"28230","struck agreed",1,67578,92.67
"28231","struck in",1,67579,92.67
"28232","struck me",1,67580,92.67
"28233","struck off",1,67581,92.67
"28234","structure is",1,67582,92.68
"28235","structure this",1,67583,92.68
"28236","struggle and",1,67584,92.68
"28237","struggle in",1,67585,92.68
"28238","struggle they",1,67586,92.68
"28239","struggling in",1,67587,92.68
"28240","struggling with",1,67588,92.68
"28241","stuck around",1,67589,92.69
"28242","stuck back",1,67590,92.69
"28243","stuck her",1,67591,92.69
"28244","stuck we",1,67592,92.69
"28245","student aid",1,67593,92.69
"28246","student of",1,67594,92.69
"28247","student was",1,67595,92.69
"28248","student which",1,67596,92.7
"28249","studio album",1,67597,92.7
"28250","studio along",1,67598,92.7
"28251","studio but",1,67599,92.7
"28252","studio class",1,67600,92.7
"28253","studio g",1,67601,92.7
"28254","studio white",1,67602,92.7
"28255","study by",1,67603,92.7
"28256","study guide",1,67604,92.71
"28257","study the",1,67605,92.71
"28258","study written",1,67606,92.71
"28259","stuff and",1,67607,92.71
"28260","stuff back",1,67608,92.71
"28261","stuff but",1,67609,92.71
"28262","stuff from",1,67610,92.71
"28263","stuff how",1,67611,92.72
"28264","stuff i",1,67612,92.72
"28265","stuff it",1,67613,92.72
"28266","stuff like",1,67614,92.72
"28267","stuff meanwhile",1,67615,92.72
"28268","stuff not",1,67616,92.72
"28269","stuff our",1,67617,92.72
"28270","stuff out",1,67618,92.73
"28271","stuff so",1,67619,92.73
"28272","stuff than",1,67620,92.73
"28273","stuff these",1,67621,92.73
"28274","stuff they",1,67622,92.73
"28275","stuff up",1,67623,92.73
"28276","stuff were",1,67624,92.73
"28277","stuff with",1,67625,92.73
"28278","style an",1,67626,92.74
"28279","style and",1,67627,92.74
"28280","style choice",1,67628,92.74
"28281","style clothing",1,67629,92.74
"28282","style i",1,67630,92.74
"28283","style is",1,67631,92.74
"28284","style it",1,67632,92.74
"28285","style of",1,67633,92.75
"28286","style so",1,67634,92.75
"28287","style t",1,67635,92.75
"28288","style that",1,67636,92.75
"28289","style thrown",1,67637,92.75
"28290","style to",1,67638,92.75
"28291","style tomorrow",1,67639,92.75
"28292","subject by",1,67640,92.76
"28293","subject i",1,67641,92.76
"28294","subject let",1,67642,92.76
"28295","subject speed",1,67643,92.76
"28296","subject their",1,67644,92.76
"28297","subject to",1,67645,92.76
"28298","subject with",1,67646,92.76
"28299","success at",1,67647,92.76
"28300","success be",1,67648,92.77
"28301","success by",1,67649,92.77
"28302","success i",1,67650,92.77
"28303","success story",1,67651,92.77
"28304","success whilst",1,67652,92.77
"28305","successful could",1,67653,92.77
"28306","successful in",1,67654,92.77
"28307","successful model",1,67655,92.78
"28308","successful were",1,67656,92.78
"28309","successful you",1,67657,92.78
"28310","such an",1,67658,92.78
"28311","such but",1,67659,92.78
"28312","such close",1,67660,92.78
"28313","such great",1,67661,92.78
"28314","such in",1,67662,92.79
"28315","such of",1,67663,92.79
"28316","such organization",1,67664,92.79
"28317","such thing",1,67665,92.79
"28318","suddenly any",1,67666,92.79
"28319","suddenly for",1,67667,92.79
"28320","suddenly on",1,67668,92.79
"28321","suddenly up",1,67669,92.8
"28322","suddenly way",1,67670,92.8
"28323","suddenly with",1,67671,92.8
"28324","suffering itself",1,67672,92.8
"28325","suffering now",1,67673,92.8
"28326","suffering person",1,67674,92.8
"28327","sugar amount",1,67675,92.8
"28328","sugar brown",1,67676,92.8
"28329","sugar cup",1,67677,92.81
"28330","sugar from",1,67678,92.81
"28331","sugar i",1,67679,92.81
"28332","sugar kit",1,67680,92.81
"28333","sugar otherwise",1,67681,92.81
"28334","sugar that",1,67682,92.81
"28335","sugar there",1,67683,92.81
"28336","sugar until",1,67684,92.82
"28337","suggest card",1,67685,92.82
"28338","suggest the",1,67686,92.82
"28339","suggest they",1,67687,92.82
"28340","suit a",1,67688,92.82
"28341","suit mike",1,67689,92.82
"28342","suit simply",1,67690,92.82
"28343","summer break",1,67691,92.83
"28344","summer class",1,67692,92.83
"28345","summer cold",1,67693,92.83
"28346","summer days",1,67694,92.83
"28347","summer early",1,67695,92.83
"28348","summer fun",1,67696,92.83
"28349","summer line",1,67697,92.83
"28350","summer miss",1,67698,92.83
"28351","summer time",1,67699,92.84
"28352","summer to",1,67700,92.84
"28353","summer tour",1,67701,92.84
"28354","summer treat",1,67702,92.84
"28355","summer were",1,67703,92.84
"28356","sun an",1,67704,92.84
"28357","sun and",1,67705,92.84
"28358","sun are",1,67706,92.85
"28359","sun as",1,67707,92.85
"28360","sun barely",1,67708,92.85
"28361","sun for",1,67709,92.85
"28362","sun or",1,67710,92.85
"28363","sun right",1,67711,92.85
"28364","sun too",1,67712,92.85
"28365","sun which",1,67713,92.86
"28366","super cat",1,67714,92.86
"28367","super easy",1,67715,92.86
"28368","super excited",1,67716,92.86
"28369","super fabulous",1,67717,92.86
"28370","super fellow",1,67718,92.86
"28371","super hero",1,67719,92.86
"28372","super of",1,67720,92.87
"28373","super we",1,67721,92.87
"28374","supply broken",1,67722,92.87
"28375","supply i",1,67723,92.87
"28376","supply just",1,67724,92.87
"28377","supply list",1,67725,92.87
"28378","support are",1,67726,92.87
"28379","support as",1,67727,92.87
"28380","support each",1,67728,92.88
"28381","support he",1,67729,92.88
"28382","support house",1,67730,92.88
"28383","support i",1,67731,92.88
"28384","support in",1,67732,92.88
"28385","support of",1,67733,92.88
"28386","support system",1,67734,92.88
"28387","support them",1,67735,92.89
"28388","support they",1,67736,92.89
"28389","support those",1,67737,92.89
"28390","support x",1,67738,92.89
"28391","supporting girl",1,67739,92.89
"28392","supporting his",1,67740,92.89
"28393","supporting who",1,67741,92.89
"28394","supporting with",1,67742,92.9
"28395","suppose by",1,67743,92.9
"28396","suppose the",1,67744,92.9
"28397","suppose to",1,67745,92.9
"28398","suppose you",1,67746,92.9
"28399","sure and",1,67747,92.9
"28400","sure as",1,67748,92.9
"28401","sure at",1,67749,92.9
"28402","sure but",1,67750,92.91
"28403","sure do",1,67751,92.91
"28404","sure don",1,67752,92.91
"28405","sure every",1,67753,92.91
"28406","sure everyone",1,67754,92.91
"28407","sure her",1,67755,92.91
"28408","sure hope",1,67756,92.91
"28409","sure nothing",1,67757,92.92
"28410","sure their",1,67758,92.92
"28411","sure there",1,67759,92.92
"28412","sure understood",1,67760,92.92
"28413","sure united",1,67761,92.92
"28414","sure we",1,67762,92.92
"28415","sure where",1,67763,92.92
"28416","sure will",1,67764,92.93
"28417","sure would",1,67765,92.93
"28418","sure your",1,67766,92.93
"28419","surely effect",1,67767,92.93
"28420","surely for",1,67768,92.93
"28421","surface at",1,67769,92.93
"28422","surface metal",1,67770,92.93
"28423","surface of",1,67771,92.94
"28424","surface or",1,67772,92.94
"28425","surgery is",1,67773,92.94
"28426","surgery so",1,67774,92.94
"28427","surprise i",1,67775,92.94
"28428","surprise may",1,67776,92.94
"28429","surprise me",1,67777,92.94
"28430","surprise ourselves",1,67778,92.94
"28431","surprise park",1,67779,92.95
"28432","surprise that",1,67780,92.95
"28433","surprise when",1,67781,92.95
"28434","survive and",1,67782,92.95
"28435","survive now",1,67783,92.95
"28436","survive the",1,67784,92.95
"28437","survive to",1,67785,92.95
"28438","suspect it",1,67786,92.96
"28439","suspect the",1,67787,92.96
"28440","suspect their",1,67788,92.96
"28441","sweet fancy",1,67789,92.96
"28442","sweet for",1,67790,92.96
"28443","sweet from",1,67791,92.96
"28444","sweet fruit",1,67792,92.96
"28445","sweet lately",1,67793,92.97
"28446","sweet moment",1,67794,92.97
"28447","sweet project",1,67795,92.97
"28448","sweet so",1,67796,92.97
"28449","sweet they",1,67797,92.97
"28450","sweet this",1,67798,92.97
"28451","sweet though",1,67799,92.97
"28452","sweet treat",1,67800,92.97
"28453","sweet type",1,67801,92.98
"28454","sweet vintage",1,67802,92.98
"28455","sweet we",1,67803,92.98
"28456","sweet year",1,67804,92.98
"28457","sweet you",1,67805,92.98
"28458","system as",1,67806,92.98
"28459","system can",1,67807,92.98
"28460","system in",1,67808,92.99
"28461","system instead",1,67809,92.99
"28462","system of",1,67810,92.99
"28463","system or",1,67811,92.99
"28464","system the",1,67812,92.99
"28465","system through",1,67813,92.99
"28466","system when",1,67814,92.99
"28467","t about",1,67815,93
"28468","t accept",1,67816,93
"28469","t actually",1,67817,93
"28470","t address",1,67818,93
"28471","t agree",1,67819,93
"28472","t also",1,67820,93
"28473","t always",1,67821,93
"28474","t anything",1,67822,93
"28475","t as",1,67823,93.01
"28476","t ask",1,67824,93.01
"28477","t at",1,67825,93.01
"28478","t because",1,67826,93.01
"28479","t born",1,67827,93.01
"28480","t capable",1,67828,93.01
"28481","t change",1,67829,93.01
"28482","t choose",1,67830,93.02
"28483","t chose",1,67831,93.02
"28484","t claim",1,67832,93.02
"28485","t clean",1,67833,93.02
"28486","t comment",1,67834,93.02
"28487","t contact",1,67835,93.02
"28488","t contest",1,67836,93.02
"28489","t diet",1,67837,93.03
"28490","t done",1,67838,93.03
"28491","t dying",1,67839,93.03
"28492","t eat",1,67840,93.03
"28493","t exactly",1,67841,93.03
"28494","t false",1,67842,93.03
"28495","t figure",1,67843,93.03
"28496","t funny",1,67844,93.04
"28497","t g",1,67845,93.04
"28498","t getting",1,67846,93.04
"28499","t giving",1,67847,93.04
"28500","t got",1,67848,93.04
"28501","t had",1,67849,93.04
"28502","t happy",1,67850,93.04
"28503","t hate",1,67851,93.04
"28504","t here",1,67852,93.05
"28505","t hide",1,67853,93.05
"28506","t home",1,67854,93.05
"28507","t ignore",1,67855,93.05
"28508","t imagine",1,67856,93.05
"28509","t is",1,67857,93.05
"28510","t join",1,67858,93.05
"28511","t keep",1,67859,93.06
"28512","t lead",1,67860,93.06
"28513","t lie",1,67861,93.06
"28514","t life",1,67862,93.06
"28515","t living",1,67863,93.06
"28516","t match",1,67864,93.06
"28517","t merely",1,67865,93.06
"28518","t my",1,67866,93.07
"28519","t necessarily",1,67867,93.07
"28520","t normally",1,67868,93.07
"28521","t offer",1,67869,93.07
"28522","t often",1,67870,93.07
"28523","t on",1,67871,93.07
"28524","t over",1,67872,93.07
"28525","t posted",1,67873,93.07
"28526","t power",1,67874,93.08
"28527","t provide",1,67875,93.08
"28528","t put",1,67876,93.08
"28529","t quite",1,67877,93.08
"28530","t recall",1,67878,93.08
"28531","t remove",1,67879,93.08
"28532","t right",1,67880,93.08
"28533","t run",1,67881,93.09
"28534","t save",1,67882,93.09
"28535","t seen",1,67883,93.09
"28536","t serve",1,67884,93.09
"28537","t she",1,67885,93.09
"28538","t show",1,67886,93.09
"28539","t so",1,67887,93.09
"28540","t something",1,67888,93.1
"28541","t sound",1,67889,93.1
"28542","t speak",1,67890,93.1
"28543","t start",1,67891,93.1
"28544","t strong",1,67892,93.1
"28545","t t",1,67893,93.1
"28546","t taste",1,67894,93.1
"28547","t text",1,67895,93.11
"28548","t though",1,67896,93.11
"28549","t trust",1,67897,93.11
"28550","t two",1,67898,93.11
"28551","t v",1,67899,93.11
"28552","t we",1,67900,93.11
"28553","t wear",1,67901,93.11
"28554","t well",1,67902,93.11
"28555","t were",1,67903,93.12
"28556","t write",1,67904,93.12
"28557","table a",1,67905,93.12
"28558","table do",1,67906,93.12
"28559","table he",1,67907,93.12
"28560","table her",1,67908,93.12
"28561","table in",1,67909,93.12
"28562","table or",1,67910,93.13
"28563","table she",1,67911,93.13
"28564","table that",1,67912,93.13
"28565","table to",1,67913,93.13
"28566","table we",1,67914,93.13
"28567","tag its",1,67915,93.13
"28568","tag with",1,67916,93.13
"28569","take advantage",1,67917,93.14
"28570","take anywhere",1,67918,93.14
"28571","take certainly",1,67919,93.14
"28572","take days",1,67920,93.14
"28573","take everything",1,67921,93.14
"28574","take flight",1,67922,93.14
"28575","take for",1,67923,93.14
"28576","take good",1,67924,93.14
"28577","take hope",1,67925,93.15
"28578","take in",1,67926,93.15
"28579","take into",1,67927,93.15
"28580","take just",1,67928,93.15
"28581","take lots",1,67929,93.15
"28582","take mary",1,67930,93.15
"28583","take much",1,67931,93.15
"28584","take notice",1,67932,93.16
"28585","take on",1,67933,93.16
"28586","take one",1,67934,93.16
"28587","take out",1,67935,93.16
"28588","take part",1,67936,93.16
"28589","take place",1,67937,93.16
"28590","take previously",1,67938,93.16
"28591","take pride",1,67939,93.17
"28592","take quite",1,67940,93.17
"28593","take responsibility",1,67941,93.17
"28594","take some",1,67942,93.17
"28595","take that",1,67943,93.17
"28596","take to",1,67944,93.17
"28597","take us",1,67945,93.17
"28598","take which",1,67946,93.17
"28599","take with",1,67947,93.18
"28600","taken against",1,67948,93.18
"28601","taken as",1,67949,93.18
"28602","taken away",1,67950,93.18
"28603","taken because",1,67951,93.18
"28604","taken everything",1,67952,93.18
"28605","taken him",1,67953,93.18
"28606","taken hold",1,67954,93.19
"28607","taken home",1,67955,93.19
"28608","taken into",1,67956,93.19
"28609","taken on",1,67957,93.19
"28610","taken over",1,67958,93.19
"28611","taken so",1,67959,93.19
"28612","taken those",1,67960,93.19
"28613","taken time",1,67961,93.2
"28614","taken until",1,67962,93.2
"28615","taking but",1,67963,93.2
"28616","taking care",1,67964,93.2
"28617","taking center",1,67965,93.2
"28618","taking forever",1,67966,93.2
"28619","taking have",1,67967,93.2
"28620","taking it",1,67968,93.21
"28621","taking me",1,67969,93.21
"28622","taking of",1,67970,93.21
"28623","taking on",1,67971,93.21
"28624","taking out",1,67972,93.21
"28625","taking place",1,67973,93.21
"28626","taking r",1,67974,93.21
"28627","taking time",1,67975,93.21
"28628","taking us",1,67976,93.22
"28629","tale a",1,67977,93.22
"28630","tale by",1,67978,93.22
"28631","tale i",1,67979,93.22
"28632","tale of",1,67980,93.22
"28633","talent a",1,67981,93.22
"28634","talent ha",1,67982,93.22
"28635","talent search",1,67983,93.23
"28636","talented hard",1,67984,93.23
"28637","talented head",1,67985,93.23
"28638","talk a",1,67986,93.23
"28639","talk anyway",1,67987,93.23
"28640","talk as",1,67988,93.23
"28641","talk fast",1,67989,93.23
"28642","talk it",1,67990,93.24
"28643","talk lately",1,67991,93.24
"28644","talk share",1,67992,93.24
"28645","talk so",1,67993,93.24
"28646","talk with",1,67994,93.24
"28647","talking and",1,67995,93.24
"28648","talking great",1,67996,93.24
"28649","tall is",1,67997,93.24
"28650","tall they",1,67998,93.25
"28651","target on",1,67999,93.25
"28652","task and",1,68000,93.25
"28653","task for",1,68001,93.25
"28654","task force",1,68002,93.25
"28655","task of",1,68003,93.25
"28656","task so",1,68004,93.25
"28657","task to",1,68005,93.26
"28658","taste although",1,68006,93.26
"28659","taste and",1,68007,93.26
"28660","taste anything",1,68008,93.26
"28661","taste but",1,68009,93.26
"28662","taste fantastic",1,68010,93.26
"28663","taste that",1,68011,93.26
"28664","taste victory",1,68012,93.27
"28665","taught by",1,68013,93.27
"28666","taught in",1,68014,93.27
"28667","taught me",1,68015,93.27
"28668","taught us",1,68016,93.27
"28669","taught was",1,68017,93.27
"28670","taught you",1,68018,93.27
"28671","tax base",1,68019,93.28
"28672","tax by",1,68020,93.28
"28673","tax helping",1,68021,93.28
"28674","tea and",1,68022,93.28
"28675","tea are",1,68023,93.28
"28676","tea as",1,68024,93.28
"28677","tea party",1,68025,93.28
"28678","tea primary",1,68026,93.28
"28679","tea room",1,68027,93.29
"28680","tea s",1,68028,93.29
"28681","tea the",1,68029,93.29
"28682","tea then",1,68030,93.29
"28683","tea was",1,68031,93.29
"28684","tea went",1,68032,93.29
"28685","tea which",1,68033,93.29
"28686","teach me",1,68034,93.3
"28687","teach that",1,68035,93.3
"28688","teach us",1,68036,93.3
"28689","teacher a",1,68037,93.3
"28690","teacher and",1,68038,93.3
"28691","teacher art",1,68039,93.3
"28692","teacher friend",1,68040,93.3
"28693","teacher s",1,68041,93.31
"28694","teacher said",1,68042,93.31
"28695","teacher so",1,68043,93.31
"28696","teacher which",1,68044,93.31
"28697","teacher who",1,68045,93.31
"28698","teaching bad",1,68046,93.31
"28699","teaching me",1,68047,93.31
"28700","teaching them",1,68048,93.31
"28701","teaching to",1,68049,93.32
"28702","team also",1,68050,93.32
"28703","team at",1,68051,93.32
"28704","team for",1,68052,93.32
"28705","team i",1,68053,93.32
"28706","team like",1,68054,93.32
"28707","team outside",1,68055,93.32
"28708","team s",1,68056,93.33
"28709","team that",1,68057,93.33
"28710","team who",1,68058,93.33
"28711","technique happy",1,68059,93.33
"28712","technique if",1,68060,93.33
"28713","technique or",1,68061,93.33
"28714","technology are",1,68062,93.33
"28715","technology at",1,68063,93.34
"28716","teeth at",1,68064,93.34
"28717","teeth i",1,68065,93.34
"28718","teeth they",1,68066,93.34
"28719","teeth this",1,68067,93.34
"28720","teeth to",1,68068,93.34
"28721","television and",1,68069,93.34
"28722","television earth",1,68070,93.35
"28723","television on",1,68071,93.35
"28724","television s",1,68072,93.35
"28725","television series",1,68073,93.35
"28726","television she",1,68074,93.35
"28727","television there",1,68075,93.35
"28728","television to",1,68076,93.35
"28729","tell anyone",1,68077,93.35
"28730","tell him",1,68078,93.36
"28731","tell it",1,68079,93.36
"28732","tell my",1,68080,93.36
"28733","tell myself",1,68081,93.36
"28734","tell the",1,68082,93.36
"28735","tell them",1,68083,93.36
"28736","tell there",1,68084,93.36
"28737","tell today",1,68085,93.37
"28738","tell which",1,68086,93.37
"28739","telling and",1,68087,93.37
"28740","telling because",1,68088,93.37
"28741","telling for",1,68089,93.37
"28742","telling me",1,68090,93.37
"28743","telling myself",1,68091,93.37
"28744","telling someone",1,68092,93.38
"28745","telling those",1,68093,93.38
"28746","telling you",1,68094,93.38
"28747","temperature is",1,68095,93.38
"28748","ten ago",1,68096,93.38
"28749","ten and",1,68097,93.38
"28750","ten forward",1,68098,93.38
"28751","ten i",1,68099,93.38
"28752","ten my",1,68100,93.39
"28753","ten the",1,68101,93.39
"28754","ten they",1,68102,93.39
"28755","ten times",1,68103,93.39
"28756","ten when",1,68104,93.39
"28757","tend my",1,68105,93.39
"28758","tend not",1,68106,93.39
"28759","term care",1,68107,93.4
"28760","term force",1,68108,93.4
"28761","term i",1,68109,93.4
"28762","term impact",1,68110,93.4
"28763","term is",1,68111,93.4
"28764","term official",1,68112,93.4
"28765","term one",1,68113,93.4
"28766","term the",1,68114,93.41
"28767","term view",1,68115,93.41
"28768","term we",1,68116,93.41
"28769","term weekly",1,68117,93.41
"28770","terrible in",1,68118,93.41
"28771","terrible like",1,68119,93.41
"28772","terrible that",1,68120,93.41
"28773","test a",1,68121,93.41
"28774","test and",1,68122,93.42
"28775","test for",1,68123,93.42
"28776","test is",1,68124,93.42
"28777","test our",1,68125,93.42
"28778","test with",1,68126,93.42
"28779","text at",1,68127,93.42
"28780","text from",1,68128,93.42
"28781","text is",1,68129,93.43
"28782","text it",1,68130,93.43
"28783","text message",1,68131,93.43
"28784","text or",1,68132,93.43
"28785","text t",1,68133,93.43
"28786","th a",1,68134,93.43
"28787","th and",1,68135,93.43
"28788","th anniversary",1,68136,93.44
"28789","th as",1,68137,93.44
"28790","th birthday",1,68138,93.44
"28791","th but",1,68139,93.44
"28792","th confused",1,68140,93.44
"28793","th each",1,68141,93.44
"28794","th in",1,68142,93.44
"28795","th please",1,68143,93.45
"28796","th post",1,68144,93.45
"28797","th source",1,68145,93.45
"28798","th the",1,68146,93.45
"28799","th time",1,68147,93.45
"28800","th to",1,68148,93.45
"28801","th which",1,68149,93.45
"28802","th yes",1,68150,93.45
"28803","than at",1,68151,93.46
"28804","than being",1,68152,93.46
"28805","than car",1,68153,93.46
"28806","than care",1,68154,93.46
"28807","than cold",1,68155,93.46
"28808","than comment",1,68156,93.46
"28809","than complete",1,68157,93.46
"28810","than de",1,68158,93.47
"28811","than distance",1,68159,93.47
"28812","than fighting",1,68160,93.47
"28813","than fish",1,68161,93.47
"28814","than flat",1,68162,93.47
"28815","than for",1,68163,93.47
"28816","than happy",1,68164,93.47
"28817","than he",1,68165,93.48
"28818","than his",1,68166,93.48
"28819","than if",1,68167,93.48
"28820","than justice",1,68168,93.48
"28821","than learn",1,68169,93.48
"28822","than let",1,68170,93.48
"28823","than likely",1,68171,93.48
"28824","than make",1,68172,93.48
"28825","than making",1,68173,93.49
"28826","than not",1,68174,93.49
"28827","than our",1,68175,93.49
"28828","than people",1,68176,93.49
"28829","than per",1,68177,93.49
"28830","than respond",1,68178,93.49
"28831","than similar",1,68179,93.49
"28832","than social",1,68180,93.5
"28833","than some",1,68181,93.5
"28834","than technique",1,68182,93.5
"28835","than their",1,68183,93.5
"28836","than there",1,68184,93.5
"28837","than they",1,68185,93.5
"28838","than three",1,68186,93.5
"28839","than time",1,68187,93.51
"28840","than to",1,68188,93.51
"28841","than usual",1,68189,93.51
"28842","than was",1,68190,93.51
"28843","than we",1,68191,93.51
"28844","than when",1,68192,93.51
"28845","than willing",1,68193,93.51
"28846","than without",1,68194,93.52
"28847","than worth",1,68195,93.52
"28848","thank everyone",1,68196,93.52
"28849","thank for",1,68197,93.52
"28850","thank goodness",1,68198,93.52
"28851","thank the",1,68199,93.52
"28852","thankful enough",1,68200,93.52
"28853","thankful for",1,68201,93.52
"28854","thankful thank",1,68202,93.53
"28855","thanks a",1,68203,93.53
"28856","thanks go",1,68204,93.53
"28857","thanks i",1,68205,93.53
"28858","that afternoon",1,68206,93.53
"28859","that again",1,68207,93.53
"28860","that almost",1,68208,93.53
"28861","that am",1,68209,93.54
"28862","that among",1,68210,93.54
"28863","that another",1,68211,93.54
"28864","that apple",1,68212,93.54
"28865","that aside",1,68213,93.54
"28866","that away",1,68214,93.54
"28867","that baby",1,68215,93.54
"28868","that ball",1,68216,93.55
"28869","that bed",1,68217,93.55
"28870","that being",1,68218,93.55
"28871","that bit",1,68219,93.55
"28872","that blue",1,68220,93.55
"28873","that both",1,68221,93.55
"28874","that brought",1,68222,93.55
"28875","that by",1,68223,93.55
"28876","that came",1,68224,93.56
"28877","that celebrate",1,68225,93.56
"28878","that change",1,68226,93.56
"28879","that claim",1,68227,93.56
"28880","that cleaning",1,68228,93.56
"28881","that community",1,68229,93.56
"28882","that competition",1,68230,93.56
"28883","that continue",1,68231,93.57
"28884","that cute",1,68232,93.57
"28885","that dangerous",1,68233,93.57
"28886","that deep",1,68234,93.57
"28887","that despite",1,68235,93.57
"28888","that different",1,68236,93.57
"28889","that do",1,68237,93.57
"28890","that don",1,68238,93.58
"28891","that done",1,68239,93.58
"28892","that drove",1,68240,93.58
"28893","that during",1,68241,93.58
"28894","that earn",1,68242,93.58
"28895","that end",1,68243,93.58
"28896","that ended",1,68244,93.58
"28897","that enough",1,68245,93.59
"28898","that equal",1,68246,93.59
"28899","that evening",1,68247,93.59
"28900","that everybody",1,68248,93.59
"28901","that everyone",1,68249,93.59
"28902","that everything",1,68250,93.59
"28903","that expensive",1,68251,93.59
"28904","that experience",1,68252,93.59
"28905","that face",1,68253,93.6
"28906","that fact",1,68254,93.6
"28907","that family",1,68255,93.6
"28908","that fantasy",1,68256,93.6
"28909","that fell",1,68257,93.6
"28910","that final",1,68258,93.6
"28911","that forever",1,68259,93.6
"28912","that former",1,68260,93.61
"28913","that found",1,68261,93.61
"28914","that frame",1,68262,93.61
"28915","that free",1,68263,93.61
"28916","that freedom",1,68264,93.61
"28917","that game",1,68265,93.61
"28918","that girl",1,68266,93.61
"28919","that give",1,68267,93.62
"28920","that given",1,68268,93.62
"28921","that gone",1,68269,93.62
"28922","that guy",1,68270,93.62
"28923","that haven",1,68271,93.62
"28924","that heaven",1,68272,93.62
"28925","that here",1,68273,93.62
"28926","that hit",1,68274,93.62
"28927","that horror",1,68275,93.63
"28928","that horse",1,68276,93.63
"28929","that immediately",1,68277,93.63
"28930","that included",1,68278,93.63
"28931","that information",1,68279,93.63
"28932","that interview",1,68280,93.63
"28933","that into",1,68281,93.63
"28934","that island",1,68282,93.64
"28935","that kind",1,68283,93.64
"28936","that labour",1,68284,93.64
"28937","that leave",1,68285,93.64
"28938","that left",1,68286,93.64
"28939","that less",1,68287,93.64
"28940","that let",1,68288,93.64
"28941","that level",1,68289,93.65
"28942","that life",1,68290,93.65
"28943","that look",1,68291,93.65
"28944","that love",1,68292,93.65
"28945","that loving",1,68293,93.65
"28946","that made",1,68294,93.65
"28947","that martin",1,68295,93.65
"28948","that match",1,68296,93.65
"28949","that material",1,68297,93.66
"28950","that matter",1,68298,93.66
"28951","that meant",1,68299,93.66
"28952","that middle",1,68300,93.66
"28953","that mike",1,68301,93.66
"28954","that millions",1,68302,93.66
"28955","that moral",1,68303,93.66
"28956","that more",1,68304,93.67
"28957","that neither",1,68305,93.67
"28958","that never",1,68306,93.67
"28959","that night",1,68307,93.67
"28960","that none",1,68308,93.67
"28961","that normally",1,68309,93.67
"28962","that northern",1,68310,93.67
"28963","that number",1,68311,93.68
"28964","that old",1,68312,93.68
"28965","that open",1,68313,93.68
"28966","that original",1,68314,93.68
"28967","that out",1,68315,93.68
"28968","that over",1,68316,93.68
"28969","that pace",1,68317,93.68
"28970","that painting",1,68318,93.69
"28971","that part",1,68319,93.69
"28972","that particular",1,68320,93.69
"28973","that particularly",1,68321,93.69
"28974","that perfectly",1,68322,93.69
"28975","that perform",1,68323,93.69
"28976","that peter",1,68324,93.69
"28977","that poor",1,68325,93.69
"28978","that previously",1,68326,93.7
"28979","that project",1,68327,93.7
"28980","that provide",1,68328,93.7
"28981","that record",1,68329,93.7
"28982","that report",1,68330,93.7
"28983","that respect",1,68331,93.7
"28984","that respond",1,68332,93.7
"28985","that returned",1,68333,93.71
"28986","that right",1,68334,93.71
"28987","that said",1,68335,93.71
"28988","that salt",1,68336,93.71
"28989","that same",1,68337,93.71
"28990","that say",1,68338,93.71
"28991","that scene",1,68339,93.71
"28992","that seat",1,68340,93.72
"28993","that section",1,68341,93.72
"28994","that self",1,68342,93.72
"28995","that several",1,68343,93.72
"28996","that show",1,68344,93.72
"28997","that simple",1,68345,93.72
"28998","that sleep",1,68346,93.72
"28999","that slowly",1,68347,93.72
"29000","that social",1,68348,93.73
"29001","that something",1,68349,93.73
"29002","that soon",1,68350,93.73
"29003","that step",1,68351,93.73
"29004","that stone",1,68352,93.73
"29005","that story",1,68353,93.73
"29006","that strange",1,68354,93.73
"29007","that strength",1,68355,93.74
"29008","that stuck",1,68356,93.74
"29009","that such",1,68357,93.74
"29010","that sugar",1,68358,93.74
"29011","that summer",1,68359,93.74
"29012","that sweet",1,68360,93.74
"29013","that taken",1,68361,93.74
"29014","that them",1,68362,93.75
"29015","that these",1,68363,93.75
"29016","that thing",1,68364,93.75
"29017","that threat",1,68365,93.75
"29018","that tonight",1,68366,93.75
"29019","that too",1,68367,93.75
"29020","that touch",1,68368,93.75
"29021","that traditional",1,68369,93.76
"29022","that truck",1,68370,93.76
"29023","that turning",1,68371,93.76
"29024","that up",1,68372,93.76
"29025","that used",1,68373,93.76
"29026","that victory",1,68374,93.76
"29027","that want",1,68375,93.76
"29028","that weekend",1,68376,93.76
"29029","that well",1,68377,93.77
"29030","that when",1,68378,93.77
"29031","that where",1,68379,93.77
"29032","that whether",1,68380,93.77
"29033","that while",1,68381,93.77
"29034","that whilst",1,68382,93.77
"29035","that who",1,68383,93.77
"29036","that why",1,68384,93.78
"29037","that wide",1,68385,93.78
"29038","that won",1,68386,93.78
"29039","that work",1,68387,93.78
"29040","that world",1,68388,93.78
"29041","that write",1,68389,93.78
"29042","that year",1,68390,93.78
"29043","that yes",1,68391,93.79
"29044","that young",1,68392,93.79
"29045","the about",1,68393,93.79
"29046","the absolutely",1,68394,93.79
"29047","the accident",1,68395,93.79
"29048","the acting",1,68396,93.79
"29049","the action",1,68397,93.79
"29050","the added",1,68398,93.79
"29051","the address",1,68399,93.8
"29052","the after",1,68400,93.8
"29053","the again",1,68401,93.8
"29054","the agency",1,68402,93.8
"29055","the aid",1,68403,93.8
"29056","the an",1,68404,93.8
"29057","the anger",1,68405,93.8
"29058","the annual",1,68406,93.81
"29059","the answer",1,68407,93.81
"29060","the any",1,68408,93.81
"29061","the apartment",1,68409,93.81
"29062","the appear",1,68410,93.81
"29063","the application",1,68411,93.81
"29064","the arm",1,68412,93.81
"29065","the arms",1,68413,93.82
"29066","the art",1,68414,93.82
"29067","the attempt",1,68415,93.82
"29068","the attitude",1,68416,93.82
"29069","the away",1,68417,93.82
"29070","the b",1,68418,93.82
"29071","the bag",1,68419,93.82
"29072","the balance",1,68420,93.82
"29073","the basis",1,68421,93.83
"29074","the bear",1,68422,93.83
"29075","the because",1,68423,93.83
"29076","the become",1,68424,93.83
"29077","the before",1,68425,93.83
"29078","the behind",1,68426,93.83
"29079","the bird",1,68427,93.83
"29080","the birth",1,68428,93.84
"29081","the bitter",1,68429,93.84
"29082","the blame",1,68430,93.84
"29083","the block",1,68431,93.84
"29084","the blue",1,68432,93.84
"29085","the boy",1,68433,93.84
"29086","the brain",1,68434,93.84
"29087","the brand",1,68435,93.85
"29088","the breath",1,68436,93.85
"29089","the brewery",1,68437,93.85
"29090","the brilliant",1,68438,93.85
"29091","the budget",1,68439,93.85
"29092","the built",1,68440,93.85
"29093","the bunch",1,68441,93.85
"29094","the butter",1,68442,93.86
"29095","the call",1,68443,93.86
"29096","the came",1,68444,93.86
"29097","the capital",1,68445,93.86
"29098","the cast",1,68446,93.86
"29099","the cat",1,68447,93.86
"29100","the celebrate",1,68448,93.86
"29101","the change",1,68449,93.86
"29102","the character",1,68450,93.87
"29103","the cheap",1,68451,93.87
"29104","the chips",1,68452,93.87
"29105","the circle",1,68453,93.87
"29106","the classic",1,68454,93.87
"29107","the clearly",1,68455,93.87
"29108","the clock",1,68456,93.87
"29109","the closet",1,68457,93.88
"29110","the clothing",1,68458,93.88
"29111","the coffee",1,68459,93.88
"29112","the cold",1,68460,93.88
"29113","the come",1,68461,93.88
"29114","the commercial",1,68462,93.88
"29115","the competition",1,68463,93.88
"29116","the complete",1,68464,93.89
"29117","the completely",1,68465,93.89
"29118","the concert",1,68466,93.89
"29119","the conference",1,68467,93.89
"29120","the confidence",1,68468,93.89
"29121","the considered",1,68469,93.89
"29122","the contract",1,68470,93.89
"29123","the corporate",1,68471,93.89
"29124","the correct",1,68472,93.9
"29125","the could",1,68473,93.9
"29126","the court",1,68474,93.9
"29127","the craft",1,68475,93.9
"29128","the crazy",1,68476,93.9
"29129","the cream",1,68477,93.9
"29130","the crew",1,68478,93.9
"29131","the cry",1,68479,93.91
"29132","the cute",1,68480,93.91
"29133","the d",1,68481,93.91
"29134","the dance",1,68482,93.91
"29135","the dancing",1,68483,93.91
"29136","the danger",1,68484,93.91
"29137","the date",1,68485,93.91
"29138","the depth",1,68486,93.92
"29139","the development",1,68487,93.92
"29140","the discussion",1,68488,93.92
"29141","the display",1,68489,93.92
"29142","the don",1,68490,93.92
"29143","the drawing",1,68491,93.92
"29144","the drop",1,68492,93.92
"29145","the e",1,68493,93.93
"29146","the each",1,68494,93.93
"29147","the early",1,68495,93.93
"29148","the easier",1,68496,93.93
"29149","the easy",1,68497,93.93
"29150","the eat",1,68498,93.93
"29151","the effect",1,68499,93.93
"29152","the effects",1,68500,93.93
"29153","the egg",1,68501,93.94
"29154","the election",1,68502,93.94
"29155","the emotional",1,68503,93.94
"29156","the ending",1,68504,93.94
"29157","the energy",1,68505,93.94
"29158","the especially",1,68506,93.94
"29159","the even",1,68507,93.94
"29160","the everything",1,68508,93.95
"29161","the evidence",1,68509,93.95
"29162","the evil",1,68510,93.95
"29163","the exactly",1,68511,93.95
"29164","the extra",1,68512,93.95
"29165","the extreme",1,68513,93.95
"29166","the extremely",1,68514,93.95
"29167","the fabric",1,68515,93.96
"29168","the falling",1,68516,93.96
"29169","the familiar",1,68517,93.96
"29170","the fantasy",1,68518,93.96
"29171","the fast",1,68519,93.96
"29172","the federal",1,68520,93.96
"29173","the feel",1,68521,93.96
"29174","the figure",1,68522,93.96
"29175","the file",1,68523,93.97
"29176","the filled",1,68524,93.97
"29177","the financial",1,68525,93.97
"29178","the fine",1,68526,93.97
"29179","the flesh",1,68527,93.97
"29180","the fly",1,68528,93.97
"29181","the focus",1,68529,93.97
"29182","the foot",1,68530,93.98
"29183","the form",1,68531,93.98
"29184","the frame",1,68532,93.98
"29185","the friendly",1,68533,93.98
"29186","the gallery",1,68534,93.98
"29187","the garlic",1,68535,93.98
"29188","the giant",1,68536,93.98
"29189","the give",1,68537,93.99
"29190","the given",1,68538,93.99
"29191","the go",1,68539,93.99
"29192","the golden",1,68540,93.99
"29193","the gorgeous",1,68541,93.99
"29194","the got",1,68542,93.99
"29195","the grand",1,68543,93.99
"29196","the grateful",1,68544,94
"29197","the greater",1,68545,94
"29198","the growing",1,68546,94
"29199","the guide",1,68547,94
"29200","the h",1,68548,94
"29201","the half",1,68549,94
"29202","the hand",1,68550,94
"29203","the handed",1,68551,94
"29204","the happiness",1,68552,94.01
"29205","the hear",1,68553,94.01
"29206","the heavy",1,68554,94.01
"29207","the her",1,68555,94.01
"29208","the hero",1,68556,94.01
"29209","the higher",1,68557,94.01
"29210","the his",1,68558,94.01
"29211","the honor",1,68559,94.02
"29212","the hop",1,68560,94.02
"29213","the hope",1,68561,94.02
"29214","the horror",1,68562,94.02
"29215","the host",1,68563,94.02
"29216","the hot",1,68564,94.02
"29217","the husband",1,68565,94.02
"29218","the impact",1,68566,94.03
"29219","the importance",1,68567,94.03
"29220","the important",1,68568,94.03
"29221","the incredible",1,68569,94.03
"29222","the industry",1,68570,94.03
"29223","the information",1,68571,94.03
"29224","the inspiration",1,68572,94.03
"29225","the instead",1,68573,94.03
"29226","the insurance",1,68574,94.04
"29227","the into",1,68575,94.04
"29228","the involved",1,68576,94.04
"29229","the journal",1,68577,94.04
"29230","the journey",1,68578,94.04
"29231","the joy",1,68579,94.04
"29232","the juice",1,68580,94.04
"29233","the just",1,68581,94.05
"29234","the kingdom",1,68582,94.05
"29235","the knew",1,68583,94.05
"29236","the knowledge",1,68584,94.05
"29237","the la",1,68585,94.05
"29238","the labor",1,68586,94.05
"29239","the labour",1,68587,94.05
"29240","the lack",1,68588,94.06
"29241","the later",1,68589,94.06
"29242","the laughing",1,68590,94.06
"29243","the leader",1,68591,94.06
"29244","the leadership",1,68592,94.06
"29245","the leaving",1,68593,94.06
"29246","the leg",1,68594,94.06
"29247","the lemon",1,68595,94.06
"29248","the limited",1,68596,94.07
"29249","the link",1,68597,94.07
"29250","the literature",1,68598,94.07
"29251","the living",1,68599,94.07
"29252","the location",1,68600,94.07
"29253","the loss",1,68601,94.07
"29254","the mail",1,68602,94.07
"29255","the map",1,68603,94.08
"29256","the mark",1,68604,94.08
"29257","the master",1,68605,94.08
"29258","the matter",1,68606,94.08
"29259","the may",1,68607,94.08
"29260","the me",1,68608,94.08
"29261","the meaning",1,68609,94.08
"29262","the meat",1,68610,94.09
"29263","the medical",1,68611,94.09
"29264","the member",1,68612,94.09
"29265","the mess",1,68613,94.09
"29266","the metal",1,68614,94.09
"29267","the mile",1,68615,94.09
"29268","the military",1,68616,94.09
"29269","the missing",1,68617,94.1
"29270","the modern",1,68618,94.1
"29271","the mood",1,68619,94.1
"29272","the mouth",1,68620,94.1
"29273","the moving",1,68621,94.1
"29274","the musical",1,68622,94.1
"29275","the must",1,68623,94.1
"29276","the n",1,68624,94.1
"29277","the negative",1,68625,94.11
"29278","the no",1,68626,94.11
"29279","the nor",1,68627,94.11
"29280","the nose",1,68628,94.11
"29281","the numerous",1,68629,94.11
"29282","the o",1,68630,94.11
"29283","the obvious",1,68631,94.11
"29284","the ocean",1,68632,94.12
"29285","the off",1,68633,94.12
"29286","the offer",1,68634,94.12
"29287","the official",1,68635,94.12
"29288","the older",1,68636,94.12
"29289","the once",1,68637,94.12
"29290","the onion",1,68638,94.12
"29291","the ordinary",1,68639,94.13
"29292","the over",1,68640,94.13
"29293","the pack",1,68641,94.13
"29294","the pain",1,68642,94.13
"29295","the paint",1,68643,94.13
"29296","the painting",1,68644,94.13
"29297","the pair",1,68645,94.13
"29298","the parking",1,68646,94.13
"29299","the particular",1,68647,94.14
"29300","the passing",1,68648,94.14
"29301","the path",1,68649,94.14
"29302","the performance",1,68650,94.14
"29303","the personal",1,68651,94.14
"29304","the perspective",1,68652,94.14
"29305","the plain",1,68653,94.14
"29306","the plane",1,68654,94.15
"29307","the plastic",1,68655,94.15
"29308","the plate",1,68656,94.15
"29309","the please",1,68657,94.15
"29310","the pleasure",1,68658,94.15
"29311","the poem",1,68659,94.15
"29312","the policy",1,68660,94.15
"29313","the politics",1,68661,94.16
"29314","the pool",1,68662,94.16
"29315","the pop",1,68663,94.16
"29316","the population",1,68664,94.16
"29317","the position",1,68665,94.16
"29318","the possibly",1,68666,94.16
"29319","the prefer",1,68667,94.16
"29320","the president",1,68668,94.17
"29321","the previous",1,68669,94.17
"29322","the pride",1,68670,94.17
"29323","the prison",1,68671,94.17
"29324","the progress",1,68672,94.17
"29325","the protection",1,68673,94.17
"29326","the pull",1,68674,94.17
"29327","the pure",1,68675,94.17
"29328","the purpose",1,68676,94.18
"29329","the queen",1,68677,94.18
"29330","the quick",1,68678,94.18
"29331","the random",1,68679,94.18
"29332","the rare",1,68680,94.18
"29333","the rate",1,68681,94.18
"29334","the reaction",1,68682,94.18
"29335","the recently",1,68683,94.19
"29336","the relief",1,68684,94.19
"29337","the religion",1,68685,94.19
"29338","the religious",1,68686,94.19
"29339","the request",1,68687,94.19
"29340","the require",1,68688,94.19
"29341","the response",1,68689,94.19
"29342","the rice",1,68690,94.2
"29343","the ridiculous",1,68691,94.2
"29344","the ring",1,68692,94.2
"29345","the rise",1,68693,94.2
"29346","the risk",1,68694,94.2
"29347","the role",1,68695,94.2
"29348","the royal",1,68696,94.2
"29349","the rule",1,68697,94.2
"29350","the sad",1,68698,94.21
"29351","the sake",1,68699,94.21
"29352","the say",1,68700,94.21
"29353","the scary",1,68701,94.21
"29354","the search",1,68702,94.21
"29355","the secret",1,68703,94.21
"29356","the security",1,68704,94.21
"29357","the see",1,68705,94.22
"29358","the self",1,68706,94.22
"29359","the sentiment",1,68707,94.22
"29360","the serve",1,68708,94.22
"29361","the session",1,68709,94.22
"29362","the shame",1,68710,94.22
"29363","the share",1,68711,94.22
"29364","the sharp",1,68712,94.23
"29365","the shirt",1,68713,94.23
"29366","the shop",1,68714,94.23
"29367","the shopping",1,68715,94.23
"29368","the singing",1,68716,94.23
"29369","the single",1,68717,94.23
"29370","the sit",1,68718,94.23
"29371","the situation",1,68719,94.24
"29372","the skin",1,68720,94.24
"29373","the sleep",1,68721,94.24
"29374","the slightly",1,68722,94.24
"29375","the slow",1,68723,94.24
"29376","the smile",1,68724,94.24
"29377","the smooth",1,68725,94.24
"29378","the society",1,68726,94.24
"29379","the soft",1,68727,94.25
"29380","the solution",1,68728,94.25
"29381","the soon",1,68729,94.25
"29382","the sort",1,68730,94.25
"29383","the soup",1,68731,94.25
"29384","the source",1,68732,94.25
"29385","the space",1,68733,94.25
"29386","the speak",1,68734,94.26
"29387","the special",1,68735,94.26
"29388","the speed",1,68736,94.26
"29389","the sports",1,68737,94.26
"29390","the staff",1,68738,94.26
"29391","the stamp",1,68739,94.26
"29392","the stand",1,68740,94.26
"29393","the standard",1,68741,94.27
"29394","the station",1,68742,94.27
"29395","the straight",1,68743,94.27
"29396","the strange",1,68744,94.27
"29397","the structure",1,68745,94.27
"29398","the studio",1,68746,94.27
"29399","the study",1,68747,94.27
"29400","the style",1,68748,94.27
"29401","the success",1,68749,94.28
"29402","the supporting",1,68750,94.28
"29403","the surgery",1,68751,94.28
"29404","the tale",1,68752,94.28
"29405","the talent",1,68753,94.28
"29406","the talk",1,68754,94.28
"29407","the talking",1,68755,94.28
"29408","the task",1,68756,94.29
"29409","the taste",1,68757,94.29
"29410","the tea",1,68758,94.29
"29411","the teacher",1,68759,94.29
"29412","the television",1,68760,94.29
"29413","the terrible",1,68761,94.29
"29414","the test",1,68762,94.29
"29415","the theme",1,68763,94.3
"29416","the these",1,68764,94.3
"29417","the thick",1,68765,94.3
"29418","the think",1,68766,94.3
"29419","the thinking",1,68767,94.3
"29420","the threat",1,68768,94.3
"29421","the ticket",1,68769,94.3
"29422","the tiny",1,68770,94.3
"29423","the tip",1,68771,94.31
"29424","the together",1,68772,94.31
"29425","the too",1,68773,94.31
"29426","the total",1,68774,94.31
"29427","the trade",1,68775,94.31
"29428","the trail",1,68776,94.31
"29429","the travel",1,68777,94.31
"29430","the treatment",1,68778,94.32
"29431","the tree",1,68779,94.32
"29432","the trust",1,68780,94.32
"29433","the typical",1,68781,94.32
"29434","the uncle",1,68782,94.32
"29435","the under",1,68783,94.32
"29436","the union",1,68784,94.32
"29437","the unit",1,68785,94.33
"29438","the upper",1,68786,94.33
"29439","the urban",1,68787,94.33
"29440","the valley",1,68788,94.33
"29441","the vanilla",1,68789,94.33
"29442","the victory",1,68790,94.33
"29443","the vintage",1,68791,94.33
"29444","the waiting",1,68792,94.34
"29445","the walking",1,68793,94.34
"29446","the watch",1,68794,94.34
"29447","the ways",1,68795,94.34
"29448","the wealth",1,68796,94.34
"29449","the wear",1,68797,94.34
"29450","the well",1,68798,94.34
"29451","the western",1,68799,94.34
"29452","the where",1,68800,94.35
"29453","the window",1,68801,94.35
"29454","the wine",1,68802,94.35
"29455","the winner",1,68803,94.35
"29456","the without",1,68804,94.35
"29457","the working",1,68805,94.35
"29458","the writing",1,68806,94.35
"29459","the yellow",1,68807,94.36
"29460","the yes",1,68808,94.36
"29461","their actual",1,68809,94.36
"29462","their against",1,68810,94.36
"29463","their baby",1,68811,94.36
"29464","their bedroom",1,68812,94.36
"29465","their before",1,68813,94.36
"29466","their bought",1,68814,94.37
"29467","their brand",1,68815,94.37
"29468","their brother",1,68816,94.37
"29469","their business",1,68817,94.37
"29470","their but",1,68818,94.37
"29471","their childhood",1,68819,94.37
"29472","their cold",1,68820,94.37
"29473","their common",1,68821,94.37
"29474","their country",1,68822,94.38
"29475","their cream",1,68823,94.38
"29476","their culture",1,68824,94.38
"29477","their daddy",1,68825,94.38
"29478","their different",1,68826,94.38
"29479","their don",1,68827,94.38
"29480","their election",1,68828,94.38
"29481","their fabric",1,68829,94.39
"29482","their family",1,68830,94.39
"29483","their fighting",1,68831,94.39
"29484","their floor",1,68832,94.39
"29485","their foreign",1,68833,94.39
"29486","their friend",1,68834,94.39
"29487","their front",1,68835,94.39
"29488","their future",1,68836,94.4
"29489","their he",1,68837,94.4
"29490","their holiday",1,68838,94.4
"29491","their honor",1,68839,94.4
"29492","their i",1,68840,94.4
"29493","their individual",1,68841,94.4
"29494","their just",1,68842,94.4
"29495","their latest",1,68843,94.41
"29496","their life",1,68844,94.41
"29497","their light",1,68845,94.41
"29498","their little",1,68846,94.41
"29499","their location",1,68847,94.41
"29500","their long",1,68848,94.41
"29501","their loving",1,68849,94.41
"29502","their major",1,68850,94.41
"29503","their male",1,68851,94.42
"29504","their military",1,68852,94.42
"29505","their mood",1,68853,94.42
"29506","their native",1,68854,94.42
"29507","their never",1,68855,94.42
"29508","their new",1,68856,94.42
"29509","their off",1,68857,94.42
"29510","their on",1,68858,94.43
"29511","their one",1,68859,94.43
"29512","their pants",1,68860,94.43
"29513","their personality",1,68861,94.43
"29514","their place",1,68862,94.43
"29515","their point",1,68863,94.43
"29516","their power",1,68864,94.43
"29517","their previous",1,68865,94.44
"29518","their rather",1,68866,94.44
"29519","their regular",1,68867,94.44
"29520","their remove",1,68868,94.44
"29521","their role",1,68869,94.44
"29522","their room",1,68870,94.44
"29523","their s",1,68871,94.44
"29524","their single",1,68872,94.44
"29525","their society",1,68873,94.45
"29526","their sound",1,68874,94.45
"29527","their standing",1,68875,94.45
"29528","their stick",1,68876,94.45
"29529","their struggle",1,68877,94.45
"29530","their talented",1,68878,94.45
"29531","their teeth",1,68879,94.45
"29532","their th",1,68880,94.46
"29533","their that",1,68881,94.46
"29534","their the",1,68882,94.46
"29535","their their",1,68883,94.46
"29536","their then",1,68884,94.46
"29537","their they",1,68885,94.46
"29538","their time",1,68886,94.46
"29539","their tiny",1,68887,94.47
"29540","their to",1,68888,94.47
"29541","their training",1,68889,94.47
"29542","their two",1,68890,94.47
"29543","their use",1,68891,94.47
"29544","their used",1,68892,94.47
"29545","their very",1,68893,94.47
"29546","their web",1,68894,94.47
"29547","their whether",1,68895,94.48
"29548","their while",1,68896,94.48
"29549","their will",1,68897,94.48
"29550","their winter",1,68898,94.48
"29551","their world",1,68899,94.48
"29552","their you",1,68900,94.48
"29553","them after",1,68901,94.48
"29554","them alive",1,68902,94.49
"29555","them an",1,68903,94.49
"29556","them are",1,68904,94.49
"29557","them at",1,68905,94.49
"29558","them aware",1,68906,94.49
"29559","them away",1,68907,94.49
"29560","them because",1,68908,94.49
"29561","them besides",1,68909,94.5
"29562","them both",1,68910,94.5
"29563","them but",1,68911,94.5
"29564","them by",1,68912,94.5
"29565","them cut",1,68913,94.5
"29566","them dry",1,68914,94.5
"29567","them easier",1,68915,94.5
"29568","them here",1,68916,94.51
"29569","them home",1,68917,94.51
"29570","them honey",1,68918,94.51
"29571","them how",1,68919,94.51
"29572","them joe",1,68920,94.51
"29573","them later",1,68921,94.51
"29574","them live",1,68922,94.51
"29575","them long",1,68923,94.51
"29576","them make",1,68924,94.52
"29577","them most",1,68925,94.52
"29578","them no",1,68926,94.52
"29579","them not",1,68927,94.52
"29580","them off",1,68928,94.52
"29581","them oh",1,68929,94.52
"29582","them one",1,68930,94.52
"29583","them only",1,68931,94.53
"29584","them or",1,68932,94.53
"29585","them other",1,68933,94.53
"29586","them particularly",1,68934,94.53
"29587","them ready",1,68935,94.53
"29588","them really",1,68936,94.53
"29589","them return",1,68937,94.53
"29590","them rise",1,68938,94.54
"29591","them share",1,68939,94.54
"29592","them since",1,68940,94.54
"29593","them smile",1,68941,94.54
"29594","them soon",1,68942,94.54
"29595","them special",1,68943,94.54
"29596","them start",1,68944,94.54
"29597","them there",1,68945,94.54
"29598","them think",1,68946,94.55
"29599","them this",1,68947,94.55
"29600","them those",1,68948,94.55
"29601","them though",1,68949,94.55
"29602","them try",1,68950,94.55
"29603","them twice",1,68951,94.55
"29604","them want",1,68952,94.55
"29605","them we",1,68953,94.56
"29606","them wearing",1,68954,94.56
"29607","them well",1,68955,94.56
"29608","them which",1,68956,94.56
"29609","them while",1,68957,94.56
"29610","them work",1,68958,94.56
"29611","them wrong",1,68959,94.56
"29612","them yesterday",1,68960,94.57
"29613","them your",1,68961,94.57
"29614","theme and",1,68962,94.57
"29615","theme for",1,68963,94.57
"29616","theme it",1,68964,94.57
"29617","theme was",1,68965,94.57
"29618","theme would",1,68966,94.57
"29619","themselves a",1,68967,94.58
"29620","themselves as",1,68968,94.58
"29621","themselves be",1,68969,94.58
"29622","themselves big",1,68970,94.58
"29623","themselves how",1,68971,94.58
"29624","themselves it",1,68972,94.58
"29625","themselves rather",1,68973,94.58
"29626","themselves since",1,68974,94.58
"29627","themselves slowly",1,68975,94.59
"29628","themselves the",1,68976,94.59
"29629","themselves to",1,68977,94.59
"29630","themselves united",1,68978,94.59
"29631","themselves up",1,68979,94.59
"29632","themselves you",1,68980,94.59
"29633","then all",1,68981,94.59
"29634","then any",1,68982,94.6
"29635","then be",1,68983,94.6
"29636","then came",1,68984,94.6
"29637","then charge",1,68985,94.6
"29638","then check",1,68986,94.6
"29639","then come",1,68987,94.6
"29640","then don",1,68988,94.6
"29641","then everyone",1,68989,94.61
"29642","then finding",1,68990,94.61
"29643","then follow",1,68991,94.61
"29644","then for",1,68992,94.61
"29645","then further",1,68993,94.61
"29646","then goes",1,68994,94.61
"29647","then half",1,68995,94.61
"29648","then headed",1,68996,94.61
"29649","then her",1,68997,94.62
"29650","then his",1,68998,94.62
"29651","then hit",1,68999,94.62
"29652","then last",1,69000,94.62
"29653","then left",1,69001,94.62
"29654","then love",1,69002,94.62
"29655","then me",1,69003,94.62
"29656","then national",1,69004,94.63
"29657","then of",1,69005,94.63
"29658","then off",1,69006,94.63
"29659","then offer",1,69007,94.63
"29660","then on",1,69008,94.63
"29661","then opening",1,69009,94.63
"29662","then please",1,69010,94.63
"29663","then possibly",1,69011,94.64
"29664","then recent",1,69012,94.64
"29665","then reduce",1,69013,94.64
"29666","then sat",1,69014,94.64
"29667","then see",1,69015,94.64
"29668","then shall",1,69016,94.64
"29669","then should",1,69017,94.64
"29670","then shut",1,69018,94.65
"29671","then sitting",1,69019,94.65
"29672","then start",1,69020,94.65
"29673","then step",1,69021,94.65
"29674","then stuck",1,69022,94.65
"29675","then that",1,69023,94.65
"29676","then used",1,69024,94.65
"29677","then went",1,69025,94.65
"29678","then why",1,69026,94.66
"29679","then work",1,69027,94.66
"29680","then wrapped",1,69028,94.66
"29681","theory about",1,69029,94.66
"29682","theory is",1,69030,94.66
"29683","theory of",1,69031,94.66
"29684","theory unfortunately",1,69032,94.66
"29685","there actually",1,69033,94.67
"29686","there all",1,69034,94.67
"29687","there always",1,69035,94.67
"29688","there amongst",1,69036,94.67
"29689","there any",1,69037,94.67
"29690","there anything",1,69038,94.67
"29691","there apparently",1,69039,94.67
"29692","there article",1,69040,94.68
"29693","there as",1,69041,94.68
"29694","there because",1,69042,94.68
"29695","there by",1,69043,94.68
"29696","there certainly",1,69044,94.68
"29697","there continue",1,69045,94.68
"29698","there day",1,69046,94.68
"29699","there do",1,69047,94.68
"29700","there driving",1,69048,94.69
"29701","there enough",1,69049,94.69
"29702","there every",1,69050,94.69
"29703","there found",1,69051,94.69
"29704","there goes",1,69052,94.69
"29705","there have",1,69053,94.69
"29706","there he",1,69054,94.69
"29707","there if",1,69055,94.7
"29708","there many",1,69056,94.7
"29709","there more",1,69057,94.7
"29710","there nervous",1,69058,94.7
"29711","there no",1,69059,94.7
"29712","there once",1,69060,94.7
"29713","there our",1,69061,94.7
"29714","there own",1,69062,94.71
"29715","there plus",1,69063,94.71
"29716","there rarely",1,69064,94.71
"29717","there reading",1,69065,94.71
"29718","there really",1,69066,94.71
"29719","there right",1,69067,94.71
"29720","there shall",1,69068,94.71
"29721","there so",1,69069,94.71
"29722","there that",1,69070,94.72
"29723","there the",1,69071,94.72
"29724","there this",1,69072,94.72
"29725","there too",1,69073,94.72
"29726","there took",1,69074,94.72
"29727","there until",1,69075,94.72
"29728","there watching",1,69076,94.72
"29729","there well",1,69077,94.73
"29730","there where",1,69078,94.73
"29731","there yet",1,69079,94.73
"29732","therefore have",1,69080,94.73
"29733","therefore i",1,69081,94.73
"29734","therefore s",1,69082,94.73
"29735","therefore some",1,69083,94.73
"29736","therefore special",1,69084,94.74
"29737","therefore training",1,69085,94.74
"29738","therefore you",1,69086,94.74
"29739","these add",1,69087,94.74
"29740","these again",1,69088,94.74
"29741","these amazing",1,69089,94.74
"29742","these as",1,69090,94.74
"29743","these beautiful",1,69091,94.75
"29744","these because",1,69092,94.75
"29745","these being",1,69093,94.75
"29746","these blessed",1,69094,94.75
"29747","these came",1,69095,94.75
"29748","these can",1,69096,94.75
"29749","these classes",1,69097,94.75
"29750","these clock",1,69098,94.75
"29751","these clothes",1,69099,94.76
"29752","these could",1,69100,94.76
"29753","these cute",1,69101,94.76
"29754","these dark",1,69102,94.76
"29755","these economic",1,69103,94.76
"29756","these fancy",1,69104,94.76
"29757","these for",1,69105,94.76
"29758","these full",1,69106,94.77
"29759","these go",1,69107,94.77
"29760","these he",1,69108,94.77
"29761","these how",1,69109,94.77
"29762","these if",1,69110,94.77
"29763","these in",1,69111,94.77
"29764","these into",1,69112,94.77
"29765","these it",1,69113,94.78
"29766","these let",1,69114,94.78
"29767","these light",1,69115,94.78
"29768","these like",1,69116,94.78
"29769","these little",1,69117,94.78
"29770","these most",1,69118,94.78
"29771","these or",1,69119,94.78
"29772","these other",1,69120,94.78
"29773","these out",1,69121,94.79
"29774","these restaurant",1,69122,94.79
"29775","these rise",1,69123,94.79
"29776","these shall",1,69124,94.79
"29777","these she",1,69125,94.79
"29778","these state",1,69126,94.79
"29779","these t",1,69127,94.79
"29780","these take",1,69128,94.8
"29781","these tend",1,69129,94.8
"29782","these they",1,69130,94.8
"29783","these though",1,69131,94.8
"29784","these to",1,69132,94.8
"29785","these various",1,69133,94.8
"29786","these when",1,69134,94.8
"29787","these why",1,69135,94.81
"29788","these with",1,69136,94.81
"29789","these world",1,69137,94.81
"29790","these young",1,69138,94.81
"29791","they actually",1,69139,94.81
"29792","they again",1,69140,94.81
"29793","they almost",1,69141,94.81
"29794","they always",1,69142,94.82
"29795","they ate",1,69143,94.82
"29796","they been",1,69144,94.82
"29797","they but",1,69145,94.82
"29798","they call",1,69146,94.82
"29799","they care",1,69147,94.82
"29800","they cover",1,69148,94.82
"29801","they decided",1,69149,94.82
"29802","they did",1,69150,94.83
"29803","they done",1,69151,94.83
"29804","they ever",1,69152,94.83
"29805","they evidence",1,69153,94.83
"29806","they faster",1,69154,94.83
"29807","they feel",1,69155,94.83
"29808","they find",1,69156,94.83
"29809","they fit",1,69157,94.84
"29810","they flow",1,69158,94.84
"29811","they follow",1,69159,94.84
"29812","they for",1,69160,94.84
"29813","they found",1,69161,94.84
"29814","they from",1,69162,94.84
"29815","they hear",1,69163,94.84
"29816","they him",1,69164,94.85
"29817","they hope",1,69165,94.85
"29818","they in",1,69166,94.85
"29819","they into",1,69167,94.85
"29820","they jack",1,69168,94.85
"29821","they keep",1,69169,94.85
"29822","they last",1,69170,94.85
"29823","they literally",1,69171,94.85
"29824","they live",1,69172,94.86
"29825","they manage",1,69173,94.86
"29826","they married",1,69174,94.86
"29827","they met",1,69175,94.86
"29828","they might",1,69176,94.86
"29829","they move",1,69177,94.86
"29830","they no",1,69178,94.86
"29831","they notice",1,69179,94.87
"29832","they now",1,69180,94.87
"29833","they once",1,69181,94.87
"29834","they order",1,69182,94.87
"29835","they out",1,69183,94.87
"29836","they own",1,69184,94.87
"29837","they receive",1,69185,94.87
"29838","they received",1,69186,94.88
"29839","they remind",1,69187,94.88
"29840","they sat",1,69188,94.88
"29841","they see",1,69189,94.88
"29842","they seem",1,69190,94.88
"29843","they sell",1,69191,94.88
"29844","they share",1,69192,94.88
"29845","they simply",1,69193,94.89
"29846","they sleep",1,69194,94.89
"29847","they slowly",1,69195,94.89
"29848","they so",1,69196,94.89
"29849","they sold",1,69197,94.89
"29850","they sound",1,69198,94.89
"29851","they star",1,69199,94.89
"29852","they stood",1,69200,94.89
"29853","they stop",1,69201,94.9
"29854","they suggest",1,69202,94.9
"29855","they take",1,69203,94.9
"29856","they talk",1,69204,94.9
"29857","they the",1,69205,94.9
"29858","they their",1,69206,94.9
"29859","they them",1,69207,94.9
"29860","they thought",1,69208,94.91
"29861","they too",1,69209,94.91
"29862","they tried",1,69210,94.91
"29863","they try",1,69211,94.91
"29864","they understand",1,69212,94.91
"29865","they usually",1,69213,94.91
"29866","they wish",1,69214,94.91
"29867","they won",1,69215,94.92
"29868","they wonder",1,69216,94.92
"29869","thick around",1,69217,94.92
"29870","thick but",1,69218,94.92
"29871","thick either",1,69219,94.92
"29872","thick sweet",1,69220,94.92
"29873","thick use",1,69221,94.92
"29874","thin and",1,69222,94.92
"29875","thin as",1,69223,94.93
"29876","thin plus",1,69224,94.93
"29877","thin white",1,69225,94.93
"29878","thing about",1,69226,94.93
"29879","thing actually",1,69227,94.93
"29880","thing and",1,69228,94.93
"29881","thing animal",1,69229,94.93
"29882","thing around",1,69230,94.94
"29883","thing as",1,69231,94.94
"29884","thing been",1,69232,94.94
"29885","thing either",1,69233,94.94
"29886","thing he",1,69234,94.94
"29887","thing here",1,69235,94.94
"29888","thing hold",1,69236,94.94
"29889","thing in",1,69237,94.95
"29890","thing kept",1,69238,94.95
"29891","thing look",1,69239,94.95
"29892","thing my",1,69240,94.95
"29893","thing on",1,69241,94.95
"29894","thing s",1,69242,94.95
"29895","thing singing",1,69243,94.95
"29896","thing so",1,69244,94.95
"29897","thing they",1,69245,94.96
"29898","thing tomorrow",1,69246,94.96
"29899","thing was",1,69247,94.96
"29900","thing will",1,69248,94.96
"29901","thing would",1,69249,94.96
"29902","thing you",1,69250,94.96
"29903","think a",1,69251,94.96
"29904","think according",1,69252,94.97
"29905","think all",1,69253,94.97
"29906","think and",1,69254,94.97
"29907","think as",1,69255,94.97
"29908","think beer",1,69256,94.97
"29909","think big",1,69257,94.97
"29910","think either",1,69258,94.97
"29911","think for",1,69259,94.98
"29912","think getting",1,69260,94.98
"29913","think here",1,69261,94.98
"29914","think is",1,69262,94.98
"29915","think its",1,69263,94.98
"29916","think much",1,69264,94.98
"29917","think off",1,69265,94.98
"29918","think pink",1,69266,94.99
"29919","think please",1,69267,94.99
"29920","think so",1,69268,94.99
"29921","think someone",1,69269,94.99
"29922","think still",1,69270,94.99
"29923","think think",1,69271,94.99
"29924","think was",1,69272,94.99
"29925","think would",1,69273,94.99
"29926","think your",1,69274,95
"29927","thinking and",1,69275,95
"29928","thinking back",1,69276,95
"29929","thinking before",1,69277,95
"29930","thinking building",1,69278,95
"29931","thinking he",1,69279,95
"29932","thinking if",1,69280,95
"29933","thinking is",1,69281,95.01
"29934","thinking or",1,69282,95.01
"29935","thinking set",1,69283,95.01
"29936","thinking the",1,69284,95.01
"29937","thinking what",1,69285,95.01
"29938","thinking when",1,69286,95.01
"29939","third an",1,69287,95.01
"29940","third and",1,69288,95.02
"29941","third biggest",1,69289,95.02
"29942","third enjoy",1,69290,95.02
"29943","third it",1,69291,95.02
"29944","third meeting",1,69292,95.02
"29945","third try",1,69293,95.02
"29946","third who",1,69294,95.02
"29947","this ahead",1,69295,95.02
"29948","this almost",1,69296,95.03
"29949","this along",1,69297,95.03
"29950","this also",1,69298,95.03
"29951","this apart",1,69299,95.03
"29952","this aspect",1,69300,95.03
"29953","this association",1,69301,95.03
"29954","this baby",1,69302,95.03
"29955","this bear",1,69303,95.04
"29956","this before",1,69304,95.04
"29957","this being",1,69305,95.04
"29958","this belief",1,69306,95.04
"29959","this big",1,69307,95.04
"29960","this brand",1,69308,95.04
"29961","this build",1,69309,95.04
"29962","this cause",1,69310,95.05
"29963","this challenge",1,69311,95.05
"29964","this choice",1,69312,95.05
"29965","this comes",1,69313,95.05
"29966","this comic",1,69314,95.05
"29967","this connection",1,69315,95.05
"29968","this content",1,69316,95.05
"29969","this control",1,69317,95.06
"29970","this cool",1,69318,95.06
"29971","this course",1,69319,95.06
"29972","this current",1,69320,95.06
"29973","this cute",1,69321,95.06
"29974","this d",1,69322,95.06
"29975","this day",1,69323,95.06
"29976","this deal",1,69324,95.06
"29977","this despite",1,69325,95.07
"29978","this did",1,69326,95.07
"29979","this different",1,69327,95.07
"29980","this direction",1,69328,95.07
"29981","this dish",1,69329,95.07
"29982","this earth",1,69330,95.07
"29983","this era",1,69331,95.07
"29984","this event",1,69332,95.08
"29985","this exist",1,69333,95.08
"29986","this experience",1,69334,95.08
"29987","this familiar",1,69335,95.08
"29988","this fantasy",1,69336,95.08
"29989","this festival",1,69337,95.08
"29990","this financial",1,69338,95.08
"29991","this fine",1,69339,95.09
"29992","this first",1,69340,95.09
"29993","this from",1,69341,95.09
"29994","this fun",1,69342,95.09
"29995","this game",1,69343,95.09
"29996","this goal",1,69344,95.09
"29997","this gotten",1,69345,95.09
"29998","this great",1,69346,95.09
"29999","this ground",1,69347,95.1
"30000","this happening",1,69348,95.1
"30001","this happy",1,69349,95.1
"30002","this hi",1,69350,95.1
"30003","this historical",1,69351,95.1
"30004","this hope",1,69352,95.1
"30005","this however",1,69353,95.1
"30006","this huge",1,69354,95.11
"30007","this if",1,69355,95.11
"30008","this included",1,69356,95.11
"30009","this incredible",1,69357,95.11
"30010","this industry",1,69358,95.11
"30011","this information",1,69359,95.11
"30012","this interview",1,69360,95.11
"30013","this into",1,69361,95.12
"30014","this just",1,69362,95.12
"30015","this kept",1,69363,95.12
"30016","this labour",1,69364,95.12
"30017","this lady",1,69365,95.12
"30018","this land",1,69366,95.12
"30019","this later",1,69367,95.12
"30020","this leader",1,69368,95.12
"30021","this lemon",1,69369,95.13
"30022","this level",1,69370,95.13
"30023","this life",1,69371,95.13
"30024","this light",1,69372,95.13
"30025","this like",1,69373,95.13
"30026","this line",1,69374,95.13
"30027","this link",1,69375,95.13
"30028","this long",1,69376,95.14
"30029","this lovely",1,69377,95.14
"30030","this lunch",1,69378,95.14
"30031","this made",1,69379,95.14
"30032","this material",1,69380,95.14
"30033","this may",1,69381,95.14
"30034","this medium",1,69382,95.14
"30035","this merely",1,69383,95.15
"30036","this most",1,69384,95.15
"30037","this must",1,69385,95.15
"30038","this my",1,69386,95.15
"30039","this nearly",1,69387,95.15
"30040","this new",1,69388,95.15
"30041","this next",1,69389,95.15
"30042","this notice",1,69390,95.16
"30043","this now",1,69391,95.16
"30044","this of",1,69392,95.16
"30045","this old",1,69393,95.16
"30046","this once",1,69394,95.16
"30047","this open",1,69395,95.16
"30048","this out",1,69396,95.16
"30049","this outfit",1,69397,95.16
"30050","this page",1,69398,95.17
"30051","this pattern",1,69399,95.17
"30052","this person",1,69400,95.17
"30053","this place",1,69401,95.17
"30054","this planet",1,69402,95.17
"30055","this plastic",1,69403,95.17
"30056","this practice",1,69404,95.17
"30057","this present",1,69405,95.18
"30058","this prior",1,69406,95.18
"30059","this process",1,69407,95.18
"30060","this product",1,69408,95.18
"30061","this quilt",1,69409,95.18
"30062","this race",1,69410,95.18
"30063","this release",1,69411,95.18
"30064","this result",1,69412,95.19
"30065","this rich",1,69413,95.19
"30066","this right",1,69414,95.19
"30067","this road",1,69415,95.19
"30068","this rock",1,69416,95.19
"30069","this sadly",1,69417,95.19
"30070","this said",1,69418,95.19
"30071","this sauce",1,69419,95.19
"30072","this scene",1,69420,95.2
"30073","this secret",1,69421,95.2
"30074","this serious",1,69422,95.2
"30075","this setting",1,69423,95.2
"30076","this she",1,69424,95.2
"30077","this ship",1,69425,95.2
"30078","this site",1,69426,95.2
"30079","this six",1,69427,95.21
"30080","this so",1,69428,95.21
"30081","this some",1,69429,95.21
"30082","this someone",1,69430,95.21
"30083","this song",1,69431,95.21
"30084","this space",1,69432,95.21
"30085","this spring",1,69433,95.21
"30086","this stage",1,69434,95.22
"30087","this statement",1,69435,95.22
"30088","this studio",1,69436,95.22
"30089","this style",1,69437,95.22
"30090","this tale",1,69438,95.22
"30091","this text",1,69439,95.22
"30092","this themselves",1,69440,95.22
"30093","this then",1,69441,95.23
"30094","this thing",1,69442,95.23
"30095","this tiny",1,69443,95.23
"30096","this today",1,69444,95.23
"30097","this together",1,69445,95.23
"30098","this took",1,69446,95.23
"30099","this truth",1,69447,95.23
"30100","this two",1,69448,95.23
"30101","this unless",1,69449,95.24
"30102","this up",1,69450,95.24
"30103","this video",1,69451,95.24
"30104","this view",1,69452,95.24
"30105","this web",1,69453,95.24
"30106","this what",1,69454,95.24
"30107","this white",1,69455,95.24
"30108","this wise",1,69456,95.25
"30109","those again",1,69457,95.25
"30110","those apparently",1,69458,95.25
"30111","those before",1,69459,95.25
"30112","those below",1,69460,95.25
"30113","those born",1,69461,95.25
"30114","those both",1,69462,95.25
"30115","those but",1,69463,95.26
"30116","those come",1,69464,95.26
"30117","those confused",1,69465,95.26
"30118","those easy",1,69466,95.26
"30119","those either",1,69467,95.26
"30120","those feeling",1,69468,95.26
"30121","those few",1,69469,95.26
"30122","those have",1,69470,95.26
"30123","those into",1,69471,95.27
"30124","those it",1,69472,95.27
"30125","those literally",1,69473,95.27
"30126","those little",1,69474,95.27
"30127","those living",1,69475,95.27
"30128","those now",1,69476,95.27
"30129","those present",1,69477,95.27
"30130","those running",1,69478,95.28
"30131","those same",1,69479,95.28
"30132","those since",1,69480,95.28
"30133","those small",1,69481,95.28
"30134","those somebody",1,69482,95.28
"30135","those summer",1,69483,95.28
"30136","those this",1,69484,95.28
"30137","those tiny",1,69485,95.29
"30138","those to",1,69486,95.29
"30139","those two",1,69487,95.29
"30140","those whose",1,69488,95.29
"30141","those will",1,69489,95.29
"30142","those yellow",1,69490,95.29
"30143","those yourself",1,69491,95.29
"30144","though all",1,69492,95.3
"30145","though beer",1,69493,95.3
"30146","though each",1,69494,95.3
"30147","though for",1,69495,95.3
"30148","though just",1,69496,95.3
"30149","though me",1,69497,95.3
"30150","though more",1,69498,95.3
"30151","though oh",1,69499,95.3
"30152","though so",1,69500,95.31
"30153","though that",1,69501,95.31
"30154","though these",1,69502,95.31
"30155","though this",1,69503,95.31
"30156","though was",1,69504,95.31
"30157","though we",1,69505,95.31
"30158","though which",1,69506,95.31
"30159","thought and",1,69507,95.32
"30160","thought are",1,69508,95.32
"30161","thought had",1,69509,95.32
"30162","thought have",1,69510,95.32
"30163","thought in",1,69511,95.32
"30164","thought oh",1,69512,95.32
"30165","thought this",1,69513,95.32
"30166","thought we",1,69514,95.33
"30167","thought were",1,69515,95.33
"30168","thought word",1,69516,95.33
"30169","thought would",1,69517,95.33
"30170","thousand running",1,69518,95.33
"30171","thousand times",1,69519,95.33
"30172","thousand to",1,69520,95.33
"30173","threat comes",1,69521,95.33
"30174","threat inside",1,69522,95.34
"30175","threat of",1,69523,95.34
"30176","threat on",1,69524,95.34
"30177","threat to",1,69525,95.34
"30178","three at",1,69526,95.34
"30179","three by",1,69527,95.34
"30180","three classic",1,69528,95.34
"30181","three from",1,69529,95.35
"30182","three hour",1,69530,95.35
"30183","three i",1,69531,95.35
"30184","three into",1,69532,95.35
"30185","three is",1,69533,95.35
"30186","three little",1,69534,95.35
"30187","three long",1,69535,95.35
"30188","three nights",1,69536,95.36
"30189","three on",1,69537,95.36
"30190","three she",1,69538,95.36
"30191","three speed",1,69539,95.36
"30192","three that",1,69540,95.36
"30193","three they",1,69541,95.36
"30194","three times",1,69542,95.36
"30195","three tiny",1,69543,95.36
"30196","three two",1,69544,95.37
"30197","three ways",1,69545,95.37
"30198","three we",1,69546,95.37
"30199","three with",1,69547,95.37
"30200","three wonderful",1,69548,95.37
"30201","three work",1,69549,95.37
"30202","threw in",1,69550,95.37
"30203","through all",1,69551,95.38
"30204","through bake",1,69552,95.38
"30205","through door",1,69553,95.38
"30206","through enjoying",1,69554,95.38
"30207","through for",1,69555,95.38
"30208","through ground",1,69556,95.38
"30209","through his",1,69557,95.38
"30210","through in",1,69558,95.39
"30211","through life",1,69559,95.39
"30212","through music",1,69560,95.39
"30213","through oh",1,69561,95.39
"30214","through oil",1,69562,95.39
"30215","through old",1,69563,95.39
"30216","through on",1,69564,95.39
"30217","through our",1,69565,95.4
"30218","through park",1,69566,95.4
"30219","through quite",1,69567,95.4
"30220","through rain",1,69568,95.4
"30221","through sound",1,69569,95.4
"30222","through them",1,69570,95.4
"30223","through three",1,69571,95.4
"30224","through together",1,69572,95.4
"30225","through trial",1,69573,95.41
"30226","through used",1,69574,95.41
"30227","through while",1,69575,95.41
"30228","through writing",1,69576,95.41
"30229","through you",1,69577,95.41
"30230","throughout a",1,69578,95.41
"30231","throughout as",1,69579,95.41
"30232","throughout history",1,69580,95.42
"30233","throughout new",1,69581,95.42
"30234","throw all",1,69582,95.42
"30235","throw away",1,69583,95.42
"30236","throw in",1,69584,95.42
"30237","throw myself",1,69585,95.42
"30238","throw off",1,69586,95.42
"30239","throw someone",1,69587,95.43
"30240","throw these",1,69588,95.43
"30241","thrown a",1,69589,95.43
"30242","thrown at",1,69590,95.43
"30243","thrown him",1,69591,95.43
"30244","thrown in",1,69592,95.43
"30245","thrown off",1,69593,95.43
"30246","thrown over",1,69594,95.43
"30247","thrown together",1,69595,95.44
"30248","thus i",1,69596,95.44
"30249","thus my",1,69597,95.44
"30250","thus she",1,69598,95.44
"30251","thus what",1,69599,95.44
"30252","ticket my",1,69600,95.44
"30253","tight finish",1,69601,95.44
"30254","tight place",1,69602,95.45
"30255","tight the",1,69603,95.45
"30256","tight until",1,69604,95.45
"30257","till he",1,69605,95.45
"30258","till it",1,69606,95.45
"30259","till next",1,69607,95.45
"30260","till she",1,69608,95.45
"30261","till then",1,69609,95.46
"30262","till your",1,69610,95.46
"30263","time a",1,69611,95.46
"30264","time alone",1,69612,95.46
"30265","time apparently",1,69613,95.46
"30266","time around",1,69614,95.46
"30267","time as",1,69615,95.46
"30268","time basis",1,69616,95.47
"30269","time be",1,69617,95.47
"30270","time because",1,69618,95.47
"30271","time being",1,69619,95.47
"30272","time between",1,69620,95.47
"30273","time brilliant",1,69621,95.47
"30274","time by",1,69622,95.47
"30275","time certain",1,69623,95.47
"30276","time clearly",1,69624,95.48
"30277","time d",1,69625,95.48
"30278","time don",1,69626,95.48
"30279","time due",1,69627,95.48
"30280","time even",1,69628,95.48
"30281","time food",1,69629,95.48
"30282","time frame",1,69630,95.48
"30283","time from",1,69631,95.49
"30284","time front",1,69632,95.49
"30285","time go",1,69633,95.49
"30286","time hanging",1,69634,95.49
"30287","time have",1,69635,95.49
"30288","time healing",1,69636,95.49
"30289","time her",1,69637,95.49
"30290","time investment",1,69638,95.5
"30291","time is",1,69639,95.5
"30292","time itself",1,69640,95.5
"30293","time last",1,69641,95.5
"30294","time lately",1,69642,95.5
"30295","time later",1,69643,95.5
"30296","time let",1,69644,95.5
"30297","time like",1,69645,95.5
"30298","time men",1,69646,95.51
"30299","time my",1,69647,95.51
"30300","time not",1,69648,95.51
"30301","time now",1,69649,95.51
"30302","time opportunity",1,69650,95.51
"30303","time out",1,69651,95.51
"30304","time ran",1,69652,95.51
"30305","time saw",1,69653,95.52
"30306","time seeing",1,69654,95.52
"30307","time somehow",1,69655,95.52
"30308","time somewhere",1,69656,95.52
"30309","time soon",1,69657,95.52
"30310","time suddenly",1,69658,95.52
"30311","time take",1,69659,95.52
"30312","time taking",1,69660,95.53
"30313","time today",1,69661,95.53
"30314","time truly",1,69662,95.53
"30315","time trying",1,69663,95.53
"30316","time until",1,69664,95.53
"30317","time usually",1,69665,95.53
"30318","time very",1,69666,95.53
"30319","time went",1,69667,95.54
"30320","time were",1,69668,95.54
"30321","time which",1,69669,95.54
"30322","time who",1,69670,95.54
"30323","time will",1,69671,95.54
"30324","time without",1,69672,95.54
"30325","time x",1,69673,95.54
"30326","time yet",1,69674,95.54
"30327","time your",1,69675,95.55
"30328","times as",1,69676,95.55
"30329","times breaking",1,69677,95.55
"30330","times each",1,69678,95.55
"30331","times gotten",1,69679,95.55
"30332","times higher",1,69680,95.55
"30333","times how",1,69681,95.55
"30334","times i",1,69682,95.56
"30335","times less",1,69683,95.56
"30336","times more",1,69684,95.56
"30337","times my",1,69685,95.56
"30338","times newspaper",1,69686,95.56
"30339","times or",1,69687,95.56
"30340","times put",1,69688,95.56
"30341","times s",1,69689,95.57
"30342","times season",1,69690,95.57
"30343","times so",1,69691,95.57
"30344","times some",1,69692,95.57
"30345","times they",1,69693,95.57
"30346","times time",1,69694,95.57
"30347","times times",1,69695,95.57
"30348","times up",1,69696,95.57
"30349","times was",1,69697,95.58
"30350","times when",1,69698,95.58
"30351","times where",1,69699,95.58
"30352","times within",1,69700,95.58
"30353","tiny bit",1,69701,95.58
"30354","tiny hidden",1,69702,95.58
"30355","tiny little",1,69703,95.58
"30356","tiny raw",1,69704,95.59
"30357","tiny to",1,69705,95.59
"30358","tip can",1,69706,95.59
"30359","tip the",1,69707,95.59
"30360","tired body",1,69708,95.59
"30361","tired for",1,69709,95.59
"30362","tired he",1,69710,95.59
"30363","tired i",1,69711,95.6
"30364","tired so",1,69712,95.6
"30365","tired the",1,69713,95.6
"30366","title character",1,69714,95.6
"30367","title cut",1,69715,95.6
"30368","title from",1,69716,95.6
"30369","title is",1,69717,95.6
"30370","title my",1,69718,95.6
"30371","title on",1,69719,95.61
"30372","title that",1,69720,95.61
"30373","title the",1,69721,95.61
"30374","title this",1,69722,95.61
"30375","to accept",1,69723,95.61
"30376","to activity",1,69724,95.61
"30377","to additional",1,69725,95.61
"30378","to again",1,69726,95.62
"30379","to age",1,69727,95.62
"30380","to aid",1,69728,95.62
"30381","to air",1,69729,95.62
"30382","to alcohol",1,69730,95.62
"30383","to allow",1,69731,95.62
"30384","to although",1,69732,95.62
"30385","to approach",1,69733,95.63
"30386","to are",1,69734,95.63
"30387","to arrive",1,69735,95.63
"30388","to balance",1,69736,95.63
"30389","to battle",1,69737,95.63
"30390","to bay",1,69738,95.63
"30391","to beat",1,69739,95.63
"30392","to benefit",1,69740,95.64
"30393","to better",1,69741,95.64
"30394","to big",1,69742,95.64
"30395","to bite",1,69743,95.64
"30396","to blend",1,69744,95.64
"30397","to both",1,69745,95.64
"30398","to breath",1,69746,95.64
"30399","to build",1,69747,95.64
"30400","to by",1,69748,95.65
"30401","to calling",1,69749,95.65
"30402","to can",1,69750,95.65
"30403","to cast",1,69751,95.65
"30404","to cause",1,69752,95.65
"30405","to celebrate",1,69753,95.65
"30406","to chain",1,69754,95.65
"30407","to chair",1,69755,95.66
"30408","to charge",1,69756,95.66
"30409","to clear",1,69757,95.66
"30410","to clearly",1,69758,95.66
"30411","to club",1,69759,95.66
"30412","to coat",1,69760,95.66
"30413","to combine",1,69761,95.66
"30414","to coming",1,69762,95.67
"30415","to comment",1,69763,95.67
"30416","to complete",1,69764,95.67
"30417","to concern",1,69765,95.67
"30418","to confidence",1,69766,95.67
"30419","to consider",1,69767,95.67
"30420","to control",1,69768,95.67
"30421","to cook",1,69769,95.67
"30422","to cool",1,69770,95.68
"30423","to correct",1,69771,95.68
"30424","to county",1,69772,95.68
"30425","to cover",1,69773,95.68
"30426","to cross",1,69774,95.68
"30427","to date",1,69775,95.68
"30428","to decide",1,69776,95.68
"30429","to demand",1,69777,95.69
"30430","to designed",1,69778,95.69
"30431","to different",1,69779,95.69
"30432","to digital",1,69780,95.69
"30433","to dinner",1,69781,95.69
"30434","to discover",1,69782,95.69
"30435","to display",1,69783,95.69
"30436","to don",1,69784,95.7
"30437","to double",1,69785,95.7
"30438","to down",1,69786,95.7
"30439","to dress",1,69787,95.7
"30440","to drop",1,69788,95.7
"30441","to due",1,69789,95.7
"30442","to earth",1,69790,95.7
"30443","to easter",1,69791,95.71
"30444","to eating",1,69792,95.71
"30445","to enjoy",1,69793,95.71
"30446","to ever",1,69794,95.71
"30447","to everything",1,69795,95.71
"30448","to exchange",1,69796,95.71
"30449","to experience",1,69797,95.71
"30450","to explain",1,69798,95.71
"30451","to express",1,69799,95.72
"30452","to extreme",1,69800,95.72
"30453","to far",1,69801,95.72
"30454","to farm",1,69802,95.72
"30455","to feature",1,69803,95.72
"30456","to federal",1,69804,95.72
"30457","to fellow",1,69805,95.72
"30458","to filling",1,69806,95.73
"30459","to film",1,69807,95.73
"30460","to fix",1,69808,95.73
"30461","to floor",1,69809,95.73
"30462","to flow",1,69810,95.73
"30463","to focus",1,69811,95.73
"30464","to following",1,69812,95.73
"30465","to four",1,69813,95.74
"30466","to free",1,69814,95.74
"30467","to full",1,69815,95.74
"30468","to function",1,69816,95.74
"30469","to g",1,69817,95.74
"30470","to gain",1,69818,95.74
"30471","to game",1,69819,95.74
"30472","to getting",1,69820,95.74
"30473","to going",1,69821,95.75
"30474","to good",1,69822,95.75
"30475","to ground",1,69823,95.75
"30476","to group",1,69824,95.75
"30477","to guest",1,69825,95.75
"30478","to guide",1,69826,95.75
"30479","to h",1,69827,95.75
"30480","to half",1,69828,95.76
"30481","to hand",1,69829,95.76
"30482","to handle",1,69830,95.76
"30483","to happy",1,69831,95.76
"30484","to head",1,69832,95.76
"30485","to healing",1,69833,95.76
"30486","to hearts",1,69834,95.76
"30487","to heat",1,69835,95.77
"30488","to heaven",1,69836,95.77
"30489","to here",1,69837,95.77
"30490","to high",1,69838,95.77
"30491","to hit",1,69839,95.77
"30492","to hope",1,69840,95.77
"30493","to hour",1,69841,95.77
"30494","to human",1,69842,95.77
"30495","to hurt",1,69843,95.78
"30496","to ice",1,69844,95.78
"30497","to if",1,69845,95.78
"30498","to income",1,69846,95.78
"30499","to influence",1,69847,95.78
"30500","to japan",1,69848,95.78
"30501","to journal",1,69849,95.78
"30502","to jump",1,69850,95.79
"30503","to k",1,69851,95.79
"30504","to kick",1,69852,95.79
"30505","to knowledge",1,69853,95.79
"30506","to la",1,69854,95.79
"30507","to lake",1,69855,95.79
"30508","to lately",1,69856,95.79
"30509","to laugh",1,69857,95.8
"30510","to learning",1,69858,95.8
"30511","to less",1,69859,95.8
"30512","to local",1,69860,95.8
"30513","to lower",1,69861,95.8
"30514","to major",1,69862,95.8
"30515","to master",1,69863,95.8
"30516","to mean",1,69864,95.81
"30517","to measure",1,69865,95.81
"30518","to mike",1,69866,95.81
"30519","to more",1,69867,95.81
"30520","to most",1,69868,95.81
"30521","to mother",1,69869,95.81
"30522","to much",1,69870,95.81
"30523","to music",1,69871,95.81
"30524","to need",1,69872,95.82
"30525","to nine",1,69873,95.82
"30526","to no",1,69874,95.82
"30527","to none",1,69875,95.82
"30528","to now",1,69876,95.82
"30529","to nurse",1,69877,95.82
"30530","to out",1,69878,95.82
"30531","to outside",1,69879,95.83
"30532","to pack",1,69880,95.83
"30533","to paint",1,69881,95.83
"30534","to participate",1,69882,95.83
"30535","to percent",1,69883,95.83
"30536","to perform",1,69884,95.83
"30537","to place",1,69885,95.83
"30538","to plant",1,69886,95.84
"30539","to please",1,69887,95.84
"30540","to point",1,69888,95.84
"30541","to political",1,69889,95.84
"30542","to possibly",1,69890,95.84
"30543","to prayer",1,69891,95.84
"30544","to prepare",1,69892,95.84
"30545","to previous",1,69893,95.84
"30546","to print",1,69894,95.85
"30547","to product",1,69895,95.85
"30548","to publisher",1,69896,95.85
"30549","to question",1,69897,95.85
"30550","to reading",1,69898,95.85
"30551","to reason",1,69899,95.85
"30552","to recognize",1,69900,95.85
"30553","to release",1,69901,95.86
"30554","to remain",1,69902,95.86
"30555","to remind",1,69903,95.86
"30556","to report",1,69904,95.86
"30557","to request",1,69905,95.86
"30558","to respond",1,69906,95.86
"30559","to return",1,69907,95.86
"30560","to ride",1,69908,95.87
"30561","to ring",1,69909,95.87
"30562","to rise",1,69910,95.87
"30563","to road",1,69911,95.87
"30564","to rough",1,69912,95.87
"30565","to round",1,69913,95.87
"30566","to rush",1,69914,95.87
"30567","to same",1,69915,95.88
"30568","to secret",1,69916,95.88
"30569","to section",1,69917,95.88
"30570","to self",1,69918,95.88
"30571","to senior",1,69919,95.88
"30572","to separate",1,69920,95.88
"30573","to seriously",1,69921,95.88
"30574","to service",1,69922,95.88
"30575","to shut",1,69923,95.89
"30576","to sing",1,69924,95.89
"30577","to six",1,69925,95.89
"30578","to small",1,69926,95.89
"30579","to smile",1,69927,95.89
"30580","to snow",1,69928,95.89
"30581","to so",1,69929,95.89
"30582","to society",1,69930,95.9
"30583","to somebody",1,69931,95.9
"30584","to son",1,69932,95.9
"30585","to south",1,69933,95.9
"30586","to speak",1,69934,95.9
"30587","to split",1,69935,95.9
"30588","to state",1,69936,95.9
"30589","to still",1,69937,95.91
"30590","to street",1,69938,95.91
"30591","to such",1,69939,95.91
"30592","to supply",1,69940,95.91
"30593","to t",1,69941,95.91
"30594","to talking",1,69942,95.91
"30595","to target",1,69943,95.91
"30596","to tea",1,69944,95.91
"30597","to ten",1,69945,95.92
"30598","to themselves",1,69946,95.92
"30599","to then",1,69947,95.92
"30600","to there",1,69948,95.92
"30601","to third",1,69949,95.92
"30602","to through",1,69950,95.92
"30603","to times",1,69951,95.92
"30604","to tip",1,69952,95.93
"30605","to today",1,69953,95.93
"30606","to totally",1,69954,95.93
"30607","to touch",1,69955,95.93
"30608","to tough",1,69956,95.93
"30609","to track",1,69957,95.93
"30610","to traditional",1,69958,95.93
"30611","to train",1,69959,95.94
"30612","to training",1,69960,95.94
"30613","to travel",1,69961,95.94
"30614","to trust",1,69962,95.94
"30615","to two",1,69963,95.94
"30616","to under",1,69964,95.94
"30617","to understanding",1,69965,95.94
"30618","to up",1,69966,95.95
"30619","to update",1,69967,95.95
"30620","to vacation",1,69968,95.95
"30621","to various",1,69969,95.95
"30622","to very",1,69970,95.95
"30623","to vote",1,69971,95.95
"30624","to want",1,69972,95.95
"30625","to was",1,69973,95.95
"30626","to wash",1,69974,95.96
"30627","to water",1,69975,95.96
"30628","to when",1,69976,95.96
"30629","to while",1,69977,95.96
"30630","to who",1,69978,95.96
"30631","to without",1,69979,95.96
"30632","to writing",1,69980,95.96
"30633","to x",1,69981,95.97
"30634","to year",1,69982,95.97
"30635","to yesterday",1,69983,95.97
"30636","to yet",1,69984,95.97
"30637","today are",1,69985,95.97
"30638","today as",1,69986,95.97
"30639","today because",1,69987,95.97
"30640","today been",1,69988,95.98
"30641","today behind",1,69989,95.98
"30642","today goes",1,69990,95.98
"30643","today however",1,69991,95.98
"30644","today interesting",1,69992,95.98
"30645","today must",1,69993,95.98
"30646","today my",1,69994,95.98
"30647","today one",1,69995,95.98
"30648","today our",1,69996,95.99
"30649","today perhaps",1,69997,95.99
"30650","today sam",1,69998,95.99
"30651","today show",1,69999,95.99
"30652","today t",1,70000,95.99
"30653","today than",1,70001,95.99
"30654","today that",1,70002,95.99
"30655","today there",1,70003,96
"30656","today they",1,70004,96
"30657","today this",1,70005,96
"30658","today though",1,70006,96
"30659","today through",1,70007,96
"30660","today to",1,70008,96
"30661","today us",1,70009,96
"30662","today were",1,70010,96.01
"30663","today where",1,70011,96.01
"30664","today which",1,70012,96.01
"30665","today with",1,70013,96.01
"30666","today your",1,70014,96.01
"30667","together after",1,70015,96.01
"30668","together as",1,70016,96.01
"30669","together dry",1,70017,96.01
"30670","together every",1,70018,96.02
"30671","together flour",1,70019,96.02
"30672","together he",1,70020,96.02
"30673","together i",1,70021,96.02
"30674","together if",1,70022,96.02
"30675","together is",1,70023,96.02
"30676","together none",1,70024,96.02
"30677","together on",1,70025,96.03
"30678","together one",1,70026,96.03
"30679","together or",1,70027,96.03
"30680","together perfectly",1,70028,96.03
"30681","together split",1,70029,96.03
"30682","together the",1,70030,96.03
"30683","together their",1,70031,96.03
"30684","together we",1,70032,96.04
"30685","together well",1,70033,96.04
"30686","together were",1,70034,96.04
"30687","together yesterday",1,70035,96.04
"30688","together you",1,70036,96.04
"30689","told a",1,70037,96.04
"30690","told and",1,70038,96.04
"30691","told first",1,70039,96.05
"30692","told her",1,70040,96.05
"30693","told is",1,70041,96.05
"30694","told k",1,70042,96.05
"30695","told let",1,70043,96.05
"30696","told she",1,70044,96.05
"30697","told they",1,70045,96.05
"30698","told to",1,70046,96.05
"30699","told ya",1,70047,96.06
"30700","told you",1,70048,96.06
"30701","tomorrow a",1,70049,96.06
"30702","tomorrow about",1,70050,96.06
"30703","tomorrow first",1,70051,96.06
"30704","tomorrow morning",1,70052,96.06
"30705","tomorrow only",1,70053,96.06
"30706","tomorrow then",1,70054,96.07
"30707","tomorrow there",1,70055,96.07
"30708","tomorrow which",1,70056,96.07
"30709","tomorrow worry",1,70057,96.07
"30710","tomorrow you",1,70058,96.07
"30711","tone to",1,70059,96.07
"30712","tonight after",1,70060,96.07
"30713","tonight although",1,70061,96.08
"30714","tonight and",1,70062,96.08
"30715","tonight for",1,70063,96.08
"30716","tonight i",1,70064,96.08
"30717","tonight it",1,70065,96.08
"30718","tonight that",1,70066,96.08
"30719","tonight to",1,70067,96.08
"30720","tonight waiting",1,70068,96.08
"30721","too about",1,70069,96.09
"30722","too added",1,70070,96.09
"30723","too always",1,70071,96.09
"30724","too am",1,70072,96.09
"30725","too as",1,70073,96.09
"30726","too behind",1,70074,96.09
"30727","too by",1,70075,96.09
"30728","too cake",1,70076,96.1
"30729","too dear",1,70077,96.1
"30730","too early",1,70078,96.1
"30731","too easy",1,70079,96.1
"30732","too far",1,70080,96.1
"30733","too had",1,70081,96.1
"30734","too he",1,70082,96.1
"30735","too heavy",1,70083,96.11
"30736","too is",1,70084,96.11
"30737","too it",1,70085,96.11
"30738","too life",1,70086,96.11
"30739","too long",1,70087,96.11
"30740","too most",1,70088,96.11
"30741","too news",1,70089,96.11
"30742","too on",1,70090,96.12
"30743","too quickly",1,70091,96.12
"30744","too slow",1,70092,96.12
"30745","too soon",1,70093,96.12
"30746","too such",1,70094,96.12
"30747","too sweet",1,70095,96.12
"30748","too to",1,70096,96.12
"30749","too up",1,70097,96.12
"30750","too who",1,70098,96.13
"30751","too young",1,70099,96.13
"30752","took advantage",1,70100,96.13
"30753","took an",1,70101,96.13
"30754","took by",1,70102,96.13
"30755","took charge",1,70103,96.13
"30756","took from",1,70104,96.13
"30757","took further",1,70105,96.14
"30758","took in",1,70106,96.14
"30759","took on",1,70107,96.14
"30760","took stone",1,70108,96.14
"30761","took them",1,70109,96.14
"30762","took this",1,70110,96.14
"30763","took through",1,70111,96.14
"30764","tool for",1,70112,96.15
"30765","top are",1,70113,96.15
"30766","top as",1,70114,96.15
"30767","top because",1,70115,96.15
"30768","top but",1,70116,96.15
"30769","top floor",1,70117,96.15
"30770","top had",1,70118,96.15
"30771","top if",1,70119,96.15
"30772","top part",1,70120,96.16
"30773","top piece",1,70121,96.16
"30774","top the",1,70122,96.16
"30775","top they",1,70123,96.16
"30776","top up",1,70124,96.16
"30777","topic but",1,70125,96.16
"30778","topic here",1,70126,96.16
"30779","topic under",1,70127,96.17
"30780","total is",1,70128,96.17
"30781","total lack",1,70129,96.17
"30782","total up",1,70130,96.17
"30783","total used",1,70131,96.17
"30784","totally crazy",1,70132,96.17
"30785","totally good",1,70133,96.17
"30786","totally honest",1,70134,96.18
"30787","totally loving",1,70135,96.18
"30788","totally me",1,70136,96.18
"30789","totally new",1,70137,96.18
"30790","totally out",1,70138,96.18
"30791","totally political",1,70139,96.18
"30792","totally ready",1,70140,96.18
"30793","totally trust",1,70141,96.19
"30794","touch after",1,70142,96.19
"30795","touch almost",1,70143,96.19
"30796","touch her",1,70144,96.19
"30797","touch it",1,70145,96.19
"30798","touch with",1,70146,96.19
"30799","tough the",1,70147,96.19
"30800","tough time",1,70148,96.19
"30801","tour but",1,70149,96.2
"30802","toward and",1,70150,96.2
"30803","toward her",1,70151,96.2
"30804","toward him",1,70152,96.2
"30805","toward in",1,70153,96.2
"30806","toward positive",1,70154,96.2
"30807","toward u",1,70155,96.2
"30808","toward when",1,70156,96.21
"30809","towards him",1,70157,96.21
"30810","towards over",1,70158,96.21
"30811","towards something",1,70159,96.21
"30812","towards their",1,70160,96.21
"30813","town as",1,70161,96.21
"30814","town but",1,70162,96.21
"30815","town everyone",1,70163,96.22
"30816","town except",1,70164,96.22
"30817","town for",1,70165,96.22
"30818","town i",1,70166,96.22
"30819","town in",1,70167,96.22
"30820","town is",1,70168,96.22
"30821","town night",1,70169,96.22
"30822","town said",1,70170,96.22
"30823","town some",1,70171,96.23
"30824","town to",1,70172,96.23
"30825","town where",1,70173,96.23
"30826","town whose",1,70174,96.23
"30827","town with",1,70175,96.23
"30828","track again",1,70176,96.23
"30829","track all",1,70177,96.23
"30830","track down",1,70178,96.24
"30831","track from",1,70179,96.24
"30832","track in",1,70180,96.24
"30833","track of",1,70181,96.24
"30834","track record",1,70182,96.24
"30835","track would",1,70183,96.24
"30836","trade and",1,70184,96.24
"30837","trade with",1,70185,96.25
"30838","tradition the",1,70186,96.25
"30839","traditional and",1,70187,96.25
"30840","traditional chocolate",1,70188,96.25
"30841","traditional long",1,70189,96.25
"30842","traditional many",1,70190,96.25
"30843","traditional marketing",1,70191,96.25
"30844","traditional meanwhile",1,70192,96.25
"30845","traditional of",1,70193,96.26
"30846","traditional physical",1,70194,96.26
"30847","traditional style",1,70195,96.26
"30848","traditional we",1,70196,96.26
"30849","traffic a",1,70197,96.26
"30850","traffic but",1,70198,96.26
"30851","traffic probably",1,70199,96.26
"30852","traffic we",1,70200,96.27
"30853","trail where",1,70201,96.27
"30854","train hit",1,70202,96.27
"30855","train just",1,70203,96.27
"30856","train ride",1,70204,96.27
"30857","train up",1,70205,96.27
"30858","train with",1,70206,96.27
"30859","training and",1,70207,96.28
"30860","training as",1,70208,96.28
"30861","training camp",1,70209,96.28
"30862","training getting",1,70210,96.28
"30863","training in",1,70211,96.28
"30864","training is",1,70212,96.28
"30865","training security",1,70213,96.28
"30866","training session",1,70214,96.29
"30867","training through",1,70215,96.29
"30868","transfer policy",1,70216,96.29
"30869","travel a",1,70217,96.29
"30870","travel pay",1,70218,96.29
"30871","travel speak",1,70219,96.29
"30872","travel the",1,70220,96.29
"30873","travel this",1,70221,96.29
"30874","travel through",1,70222,96.3
"30875","travel to",1,70223,96.3
"30876","travel today",1,70224,96.3
"30877","travel without",1,70225,96.3
"30878","treat because",1,70226,96.3
"30879","treat do",1,70227,96.3
"30880","treat i",1,70228,96.3
"30881","treat is",1,70229,96.31
"30882","treat my",1,70230,96.31
"30883","treat the",1,70231,96.31
"30884","treat to",1,70232,96.31
"30885","treatment cost",1,70233,96.31
"30886","treatment for",1,70234,96.31
"30887","tree as",1,70235,96.31
"30888","tree however",1,70236,96.32
"30889","tree m",1,70237,96.32
"30890","tree was",1,70238,96.32
"30891","trial and",1,70239,96.32
"30892","trial by",1,70240,96.32
"30893","trial ever",1,70241,96.32
"30894","tried believe",1,70242,96.32
"30895","tried breaking",1,70243,96.32
"30896","tried but",1,70244,96.33
"30897","tried every",1,70245,96.33
"30898","tried she",1,70246,96.33
"30899","trip and",1,70247,96.33
"30900","trip at",1,70248,96.33
"30901","trip back",1,70249,96.33
"30902","trip but",1,70250,96.33
"30903","trip even",1,70251,96.34
"30904","trip here",1,70252,96.34
"30905","trip in",1,70253,96.34
"30906","trip it",1,70254,96.34
"30907","trip of",1,70255,96.34
"30908","trip or",1,70256,96.34
"30909","trip the",1,70257,96.34
"30910","trip today",1,70258,96.35
"30911","trip was",1,70259,96.35
"30912","trouble in",1,70260,96.35
"30913","trouble most",1,70261,96.35
"30914","trouble with",1,70262,96.35
"30915","truck and",1,70263,96.35
"30916","truck before",1,70264,96.35
"30917","truck my",1,70265,96.36
"30918","true a",1,70266,96.36
"30919","true across",1,70267,96.36
"30920","true and",1,70268,96.36
"30921","true but",1,70269,96.36
"30922","true fashion",1,70270,96.36
"30923","true gospel",1,70271,96.36
"30924","true it",1,70272,96.36
"30925","true love",1,70273,96.37
"30926","true north",1,70274,96.37
"30927","true scale",1,70275,96.37
"30928","true second",1,70276,96.37
"30929","true that",1,70277,96.37
"30930","true the",1,70278,96.37
"30931","true wisdom",1,70279,96.37
"30932","truly did",1,70280,96.38
"30933","truly enjoy",1,70281,96.38
"30934","truly sending",1,70282,96.38
"30935","truly so",1,70283,96.38
"30936","truly the",1,70284,96.38
"30937","trust every",1,70285,96.38
"30938","trust except",1,70286,96.38
"30939","trust hope",1,70287,96.39
"30940","trust me",1,70288,96.39
"30941","trust that",1,70289,96.39
"30942","trust the",1,70290,96.39
"30943","truth about",1,70291,96.39
"30944","truth all",1,70292,96.39
"30945","truth for",1,70293,96.39
"30946","truth is",1,70294,96.39
"30947","truth that",1,70295,96.4
"30948","truth when",1,70296,96.4
"30949","try how",1,70297,96.4
"30950","try i",1,70298,96.4
"30951","try if",1,70299,96.4
"30952","try on",1,70300,96.4
"30953","try she",1,70301,96.4
"30954","try that",1,70302,96.41
"30955","try them",1,70303,96.41
"30956","try until",1,70304,96.41
"30957","turkey ever",1,70305,96.41
"30958","turkey leg",1,70306,96.41
"30959","turn and",1,70307,96.41
"30960","turn as",1,70308,96.41
"30961","turn down",1,70309,96.42
"30962","turn off",1,70310,96.42
"30963","turn onto",1,70311,96.42
"30964","turn taking",1,70312,96.42
"30965","turn third",1,70313,96.42
"30966","turn us",1,70314,96.42
"30967","turn we",1,70315,96.42
"30968","turn what",1,70316,96.42
"30969","turn within",1,70317,96.43
"30970","turn your",1,70318,96.43
"30971","turned against",1,70319,96.43
"30972","turned down",1,70320,96.43
"30973","turned her",1,70321,96.43
"30974","turned left",1,70322,96.43
"30975","turned right",1,70323,96.43
"30976","turning a",1,70324,96.44
"30977","turning his",1,70325,96.44
"30978","turning into",1,70326,96.44
"30979","turning security",1,70327,96.44
"30980","turning the",1,70328,96.44
"30981","turning within",1,70329,96.44
"30982","turns cool",1,70330,96.44
"30983","turns solid",1,70331,96.45
"30984","turns the",1,70332,96.45
"30985","twice a",1,70333,96.45
"30986","twice already",1,70334,96.45
"30987","twice as",1,70335,96.45
"30988","twice the",1,70336,96.45
"30989","twitter and",1,70337,96.45
"30990","two after",1,70338,96.46
"30991","two ago",1,70339,96.46
"30992","two any",1,70340,96.46
"30993","two apparently",1,70341,96.46
"30994","two are",1,70342,96.46
"30995","two basic",1,70343,96.46
"30996","two being",1,70344,96.46
"30997","two born",1,70345,96.46
"30998","two but",1,70346,96.47
"30999","two day",1,70347,96.47
"31000","two dogs",1,70348,96.47
"31001","two due",1,70349,96.47
"31002","two either",1,70350,96.47
"31003","two family",1,70351,96.47
"31004","two feel",1,70352,96.47
"31005","two food",1,70353,96.48
"31006","two he",1,70354,96.48
"31007","two horrible",1,70355,96.48
"31008","two just",1,70356,96.48
"31009","two make",1,70357,96.48
"31010","two married",1,70358,96.48
"31011","two might",1,70359,96.48
"31012","two more",1,70360,96.49
"31013","two old",1,70361,96.49
"31014","two on",1,70362,96.49
"31015","two secret",1,70363,96.49
"31016","two separate",1,70364,96.49
"31017","two she",1,70365,96.49
"31018","two short",1,70366,96.49
"31019","two since",1,70367,96.49
"31020","two so",1,70368,96.5
"31021","two south",1,70369,96.5
"31022","two spread",1,70370,96.5
"31023","two stop",1,70371,96.5
"31024","two that",1,70372,96.5
"31025","two this",1,70373,96.5
"31026","two time",1,70374,96.5
"31027","two up",1,70375,96.51
"31028","two use",1,70376,96.51
"31029","two was",1,70377,96.51
"31030","two way",1,70378,96.51
"31031","two were",1,70379,96.51
"31032","two what",1,70380,96.51
"31033","two when",1,70381,96.51
"31034","two where",1,70382,96.52
"31035","two which",1,70383,96.52
"31036","two why",1,70384,96.52
"31037","two wide",1,70385,96.52
"31038","two with",1,70386,96.52
"31039","type a",1,70387,96.52
"31040","type and",1,70388,96.52
"31041","type like",1,70389,96.53
"31042","type stuff",1,70390,96.53
"31043","type that",1,70391,96.53
"31044","typical art",1,70392,96.53
"31045","typical song",1,70393,96.53
"31046","u and",1,70394,96.53
"31047","u i",1,70395,96.53
"31048","u k",1,70396,96.53
"31049","u to",1,70397,96.54
"31050","ultimate end",1,70398,96.54
"31051","ultimate good",1,70399,96.54
"31052","ultimately a",1,70400,96.54
"31053","ultimately myself",1,70401,96.54
"31054","ultimately successful",1,70402,96.54
"31055","un did",1,70403,96.54
"31056","un force",1,70404,96.55
"31057","un mail",1,70405,96.55
"31058","un news",1,70406,96.55
"31059","un not",1,70407,96.55
"31060","uncle also",1,70408,96.55
"31061","uncle who",1,70409,96.55
"31062","under and",1,70410,96.55
"31063","under any",1,70411,96.56
"31064","under different",1,70412,96.56
"31065","under her",1,70413,96.56
"31066","under his",1,70414,96.56
"31067","under m",1,70415,96.56
"31068","under so",1,70416,96.56
"31069","under specific",1,70417,96.56
"31070","under that",1,70418,96.56
"31071","under water",1,70419,96.57
"31072","under which",1,70420,96.57
"31073","under while",1,70421,96.57
"31074","under with",1,70422,96.57
"31075","understand exactly",1,70423,96.57
"31076","understand i",1,70424,96.57
"31077","understand is",1,70425,96.57
"31078","understand or",1,70426,96.58
"31079","understand they",1,70427,96.58
"31080","understand was",1,70428,96.58
"31081","understand why",1,70429,96.58
"31082","understanding about",1,70430,96.58
"31083","understanding and",1,70431,96.58
"31084","understanding her",1,70432,96.58
"31085","understanding land",1,70433,96.59
"31086","understanding the",1,70434,96.59
"31087","understanding what",1,70435,96.59
"31088","understanding when",1,70436,96.59
"31089","understood as",1,70437,96.59
"31090","understood the",1,70438,96.59
"31091","understood without",1,70439,96.59
"31092","unfortunately away",1,70440,96.6
"31093","unfortunately however",1,70441,96.6
"31094","unfortunately i",1,70442,96.6
"31095","unfortunately is",1,70443,96.6
"31096","unfortunately nothing",1,70444,96.6
"31097","unfortunately south",1,70445,96.6
"31098","unfortunately t",1,70446,96.6
"31099","unfortunately they",1,70447,96.6
"31100","unfortunately we",1,70448,96.61
"31101","union and",1,70449,96.61
"31102","union clearly",1,70450,96.61
"31103","union is",1,70451,96.61
"31104","union jack",1,70452,96.61
"31105","union square",1,70453,96.61
"31106","unique of",1,70454,96.61
"31107","unit had",1,70455,96.62
"31108","unit most",1,70456,96.62
"31109","unit on",1,70457,96.62
"31110","unit to",1,70458,96.62
"31111","united a",1,70459,96.62
"31112","united against",1,70460,96.62
"31113","united agency",1,70461,96.62
"31114","united and",1,70462,96.63
"31115","united for",1,70463,96.63
"31116","united kingdom",1,70464,96.63
"31117","united military",1,70465,96.63
"31118","united the",1,70466,96.63
"31119","united was",1,70467,96.63
"31120","united we",1,70468,96.63
"31121","united were",1,70469,96.63
"31122","universe and",1,70470,96.64
"31123","universe how",1,70471,96.64
"31124","universe man",1,70472,96.64
"31125","universe to",1,70473,96.64
"31126","universe will",1,70474,96.64
"31127","university a",1,70475,96.64
"31128","university even",1,70476,96.64
"31129","university in",1,70477,96.65
"31130","university of",1,70478,96.65
"31131","university one",1,70479,96.65
"31132","university place",1,70480,96.65
"31133","university s",1,70481,96.65
"31134","university stop",1,70482,96.65
"31135","university this",1,70483,96.65
"31136","university who",1,70484,96.66
"31137","unknown but",1,70485,96.66
"31138","unknown source",1,70486,96.66
"31139","unknown who",1,70487,96.66
"31140","unless he",1,70488,96.66
"31141","unless i",1,70489,96.66
"31142","unless of",1,70490,96.66
"31143","unless specifically",1,70491,96.66
"31144","unless they",1,70492,96.67
"31145","unlike a",1,70493,96.67
"31146","unlike any",1,70494,96.67
"31147","unlike i",1,70495,96.67
"31148","unlike in",1,70496,96.67
"31149","unlike that",1,70497,96.67
"31150","unlike the",1,70498,96.67
"31151","unlike there",1,70499,96.68
"31152","unlike who",1,70500,96.68
"31153","until about",1,70501,96.68
"31154","until age",1,70502,96.68
"31155","until all",1,70503,96.68
"31156","until around",1,70504,96.68
"31157","until as",1,70505,96.68
"31158","until at",1,70506,96.69
"31159","until days",1,70507,96.69
"31160","until golden",1,70508,96.69
"31161","until her",1,70509,96.69
"31162","until late",1,70510,96.69
"31163","until may",1,70511,96.69
"31164","until midnight",1,70512,96.69
"31165","until next",1,70513,96.7
"31166","until our",1,70514,96.7
"31167","until recently",1,70515,96.7
"31168","until right",1,70516,96.7
"31169","until smooth",1,70517,96.7
"31170","until so",1,70518,96.7
"31171","until someone",1,70519,96.7
"31172","until that",1,70520,96.7
"31173","until there",1,70521,96.71
"31174","until thick",1,70522,96.71
"31175","until today",1,70523,96.71
"31176","until we",1,70524,96.71
"31177","up anyway",1,70525,96.71
"31178","up bridge",1,70526,96.71
"31179","up close",1,70527,96.71
"31180","up dog",1,70528,96.72
"31181","up during",1,70529,96.72
"31182","up each",1,70530,96.72
"31183","up early",1,70531,96.72
"31184","up egg",1,70532,96.72
"31185","up either",1,70533,96.72
"31186","up every",1,70534,96.72
"31187","up fast",1,70535,96.73
"31188","up feel",1,70536,96.73
"31189","up filling",1,70537,96.73
"31190","up going",1,70538,96.73
"31191","up he",1,70539,96.73
"31192","up her",1,70540,96.73
"31193","up his",1,70541,96.73
"31194","up how",1,70542,96.73
"31195","up j",1,70543,96.74
"31196","up just",1,70544,96.74
"31197","up keep",1,70545,96.74
"31198","up later",1,70546,96.74
"31199","up loving",1,70547,96.74
"31200","up main",1,70548,96.74
"31201","up not",1,70549,96.74
"31202","up off",1,70550,96.75
"31203","up one",1,70551,96.75
"31204","up or",1,70552,96.75
"31205","up peter",1,70553,96.75
"31206","up picked",1,70554,96.75
"31207","up pretty",1,70555,96.75
"31208","up professional",1,70556,96.75
"31209","up quite",1,70557,96.76
"31210","up real",1,70558,96.76
"31211","up right",1,70559,96.76
"31212","up running",1,70560,96.76
"31213","up seeing",1,70561,96.76
"31214","up shirt",1,70562,96.76
"31215","up shop",1,70563,96.76
"31216","up show",1,70564,96.77
"31217","up side",1,70565,96.77
"31218","up sleep",1,70566,96.77
"31219","up somewhere",1,70567,96.77
"31220","up spend",1,70568,96.77
"31221","up talking",1,70569,96.77
"31222","up those",1,70570,96.77
"31223","up today",1,70571,96.77
"31224","up unless",1,70572,96.78
"31225","up wanting",1,70573,96.78
"31226","up wet",1,70574,96.78
"31227","up you",1,70575,96.78
"31228","up your",1,70576,96.78
"31229","update a",1,70577,96.78
"31230","update an",1,70578,96.78
"31231","update to",1,70579,96.79
"31232","upon a",1,70580,96.79
"31233","upon an",1,70581,96.79
"31234","upon another",1,70582,96.79
"31235","upon given",1,70583,96.79
"31236","upon her",1,70584,96.79
"31237","upon my",1,70585,96.79
"31238","upon of",1,70586,96.8
"31239","upon them",1,70587,96.8
"31240","upon us",1,70588,96.8
"31241","upon was",1,70589,96.8
"31242","upper leg",1,70590,96.8
"31243","upset and",1,70591,96.8
"31244","upset this",1,70592,96.8
"31245","upset when",1,70593,96.8
"31246","us across",1,70594,96.81
"31247","us alive",1,70595,96.81
"31248","us alone",1,70596,96.81
"31249","us along",1,70597,96.81
"31250","us at",1,70598,96.81
"31251","us back",1,70599,96.81
"31252","us does",1,70600,96.81
"31253","us don",1,70601,96.82
"31254","us each",1,70602,96.82
"31255","us eating",1,70603,96.82
"31256","us even",1,70604,96.82
"31257","us every",1,70605,96.82
"31258","us forget",1,70606,96.82
"31259","us government",1,70607,96.82
"31260","us had",1,70608,96.83
"31261","us have",1,70609,96.83
"31262","us here",1,70610,96.83
"31263","us how",1,70611,96.83
"31264","us however",1,70612,96.83
"31265","us identity",1,70613,96.83
"31266","us is",1,70614,96.83
"31267","us just",1,70615,96.84
"31268","us knew",1,70616,96.84
"31269","us laugh",1,70617,96.84
"31270","us learning",1,70618,96.84
"31271","us leave",1,70619,96.84
"31272","us m",1,70620,96.84
"31273","us military",1,70621,96.84
"31274","us never",1,70622,96.84
"31275","us next",1,70623,96.85
"31276","us now",1,70624,96.85
"31277","us of",1,70625,96.85
"31278","us or",1,70626,96.85
"31279","us out",1,70627,96.85
"31280","us seem",1,70628,96.85
"31281","us she",1,70629,96.85
"31282","us some",1,70630,96.86
"31283","us something",1,70631,96.86
"31284","us system",1,70632,96.86
"31285","us take",1,70633,96.86
"31286","us they",1,70634,96.86
"31287","us this",1,70635,96.86
"31288","us today",1,70636,96.86
"31289","us way",1,70637,96.87
"31290","us when",1,70638,96.87
"31291","us why",1,70639,96.87
"31292","us worship",1,70640,96.87
"31293","use about",1,70641,96.87
"31294","use actual",1,70642,96.87
"31295","use any",1,70643,96.87
"31296","use both",1,70644,96.87
"31297","use either",1,70645,96.88
"31298","use from",1,70646,96.88
"31299","use high",1,70647,96.88
"31300","use i",1,70648,96.88
"31301","use large",1,70649,96.88
"31302","use like",1,70650,96.88
"31303","use me",1,70651,96.88
"31304","use paint",1,70652,96.89
"31305","use reason",1,70653,96.89
"31306","use she",1,70654,96.89
"31307","use some",1,70655,96.89
"31308","use sugar",1,70656,96.89
"31309","use their",1,70657,96.89
"31310","use them",1,70658,96.89
"31311","use which",1,70659,96.9
"31312","use with",1,70660,96.9
"31313","use your",1,70661,96.9
"31314","used all",1,70662,96.9
"31315","used but",1,70663,96.9
"31316","used by",1,70664,96.9
"31317","used different",1,70665,96.9
"31318","used her",1,70666,96.9
"31319","used his",1,70667,96.91
"31320","used ink",1,70668,96.91
"31321","used instead",1,70669,96.91
"31322","used is",1,70670,96.91
"31323","used of",1,70671,96.91
"31324","used on",1,70672,96.91
"31325","used so",1,70673,96.91
"31326","used some",1,70674,96.92
"31327","used white",1,70675,96.92
"31328","used would",1,70676,96.92
"31329","useful for",1,70677,96.92
"31330","useful include",1,70678,96.92
"31331","useful it",1,70679,96.92
"31332","useful to",1,70680,96.92
"31333","usual by",1,70681,96.93
"31334","usual fashion",1,70682,96.93
"31335","usual lead",1,70683,96.93
"31336","usual sweet",1,70684,96.93
"31337","usual that",1,70685,96.93
"31338","usual the",1,70686,96.93
"31339","usually charge",1,70687,96.93
"31340","usually don",1,70688,96.94
"31341","usually either",1,70689,96.94
"31342","usually have",1,70690,96.94
"31343","usually not",1,70691,96.94
"31344","usually one",1,70692,96.94
"31345","usually over",1,70693,96.94
"31346","usually the",1,70694,96.94
"31347","usually to",1,70695,96.94
"31348","usually try",1,70696,96.95
"31349","usually with",1,70697,96.95
"31350","usually work",1,70698,96.95
"31351","usually your",1,70699,96.95
"31352","v and",1,70700,96.95
"31353","v i",1,70701,96.95
"31354","v p",1,70702,96.95
"31355","vacation deal",1,70703,96.96
"31356","vacation it",1,70704,96.96
"31357","vacation its",1,70705,96.96
"31358","vacation my",1,70706,96.96
"31359","valley and",1,70707,96.96
"31360","valley floor",1,70708,96.96
"31361","valley i",1,70709,96.96
"31362","value but",1,70710,96.97
"31363","value if",1,70711,96.97
"31364","value is",1,70712,96.97
"31365","value than",1,70713,96.97
"31366","value the",1,70714,96.97
"31367","vanilla and",1,70715,96.97
"31368","vanilla classic",1,70716,96.97
"31369","vanilla ice",1,70717,96.97
"31370","vanilla in",1,70718,96.98
"31371","vanilla is",1,70719,96.98
"31372","vanilla mix",1,70720,96.98
"31373","various from",1,70721,96.98
"31374","various individual",1,70722,96.98
"31375","various of",1,70723,96.98
"31376","various other",1,70724,96.98
"31377","various power",1,70725,96.99
"31378","various to",1,70726,96.99
"31379","vast like",1,70727,96.99
"31380","vast on",1,70728,96.99
"31381","version in",1,70729,96.99
"31382","version to",1,70730,96.99
"31383","version which",1,70731,96.99
"31384","very and",1,70732,97
"31385","very best",1,70733,97
"31386","very big",1,70734,97
"31387","very bright",1,70735,97
"31388","very complex",1,70736,97
"31389","very creative",1,70737,97
"31390","very cute",1,70738,97
"31391","very dark",1,70739,97.01
"31392","very display",1,70740,97.01
"31393","very easy",1,70741,97.01
"31394","very edge",1,70742,97.01
"31395","very fine",1,70743,97.01
"31396","very great",1,70744,97.01
"31397","very last",1,70745,97.01
"31398","very light",1,70746,97.01
"31399","very loud",1,70747,97.02
"31400","very loving",1,70748,97.02
"31401","very moment",1,70749,97.02
"31402","very next",1,70750,97.02
"31403","very non",1,70751,97.02
"31404","very own",1,70752,97.02
"31405","very patient",1,70753,97.02
"31406","very people",1,70754,97.03
"31407","very popular",1,70755,97.03
"31408","very present",1,70756,97.03
"31409","very question",1,70757,97.03
"31410","very quickly",1,70758,97.03
"31411","very rarely",1,70759,97.03
"31412","very real",1,70760,97.03
"31413","very sad",1,70761,97.04
"31414","very short",1,70762,97.04
"31415","very small",1,70763,97.04
"31416","very smooth",1,70764,97.04
"31417","very specific",1,70765,97.04
"31418","very successful",1,70766,97.04
"31419","very that",1,70767,97.04
"31420","very this",1,70768,97.04
"31421","very to",1,70769,97.05
"31422","very vanilla",1,70770,97.05
"31423","very weird",1,70771,97.05
"31424","very wide",1,70772,97.05
"31425","very will",1,70773,97.05
"31426","very with",1,70774,97.05
"31427","via several",1,70775,97.05
"31428","via television",1,70776,97.06
"31429","via the",1,70777,97.06
"31430","via what",1,70778,97.06
"31431","victory been",1,70779,97.06
"31432","victory brewing",1,70780,97.06
"31433","victory but",1,70781,97.06
"31434","victory everyday",1,70782,97.06
"31435","victory i",1,70783,97.07
"31436","victory raised",1,70784,97.07
"31437","victory that",1,70785,97.07
"31438","video and",1,70786,97.07
"31439","video b",1,70787,97.07
"31440","video ha",1,70788,97.07
"31441","video offer",1,70789,97.07
"31442","video on",1,70790,97.07
"31443","video they",1,70791,97.08
"31444","video try",1,70792,97.08
"31445","video was",1,70793,97.08
"31446","view and",1,70794,97.08
"31447","view clearly",1,70795,97.08
"31448","view i",1,70796,97.08
"31449","view it",1,70797,97.08
"31450","view our",1,70798,97.09
"31451","view that",1,70799,97.09
"31452","view the",1,70800,97.09
"31453","village and",1,70801,97.09
"31454","village in",1,70802,97.09
"31455","village lake",1,70803,97.09
"31456","village of",1,70804,97.09
"31457","village so",1,70805,97.1
"31458","village we",1,70806,97.1
"31459","vintage i",1,70807,97.1
"31460","vintage of",1,70808,97.1
"31461","vintage theme",1,70809,97.1
"31462","vision and",1,70810,97.1
"31463","vision my",1,70811,97.1
"31464","vision now",1,70812,97.11
"31465","vision of",1,70813,97.11
"31466","vision they",1,70814,97.11
"31467","visit a",1,70815,97.11
"31468","visit and",1,70816,97.11
"31469","visit him",1,70817,97.11
"31470","visit much",1,70818,97.11
"31471","visit some",1,70819,97.11
"31472","visit that",1,70820,97.12
"31473","visit to",1,70821,97.12
"31474","visiting and",1,70822,97.12
"31475","visiting at",1,70823,97.12
"31476","visiting his",1,70824,97.12
"31477","visiting in",1,70825,97.12
"31478","visiting northern",1,70826,97.12
"31479","visiting us",1,70827,97.13
"31480","visiting your",1,70828,97.13
"31481","voice came",1,70829,97.13
"31482","voice is",1,70830,97.13
"31483","voice like",1,70831,97.13
"31484","voice new",1,70832,97.13
"31485","voice the",1,70833,97.13
"31486","voice what",1,70834,97.14
"31487","vote by",1,70835,97.14
"31488","vote wait",1,70836,97.14
"31489","w survive",1,70837,97.14
"31490","wait and",1,70838,97.14
"31491","wait at",1,70839,97.14
"31492","wait it",1,70840,97.14
"31493","wait maybe",1,70841,97.14
"31494","wait more",1,70842,97.15
"31495","wait so",1,70843,97.15
"31496","waiting a",1,70844,97.15
"31497","waiting and",1,70845,97.15
"31498","waiting b",1,70846,97.15
"31499","waiting down",1,70847,97.15
"31500","waiting is",1,70848,97.15
"31501","waiting list",1,70849,97.16
"31502","waiting on",1,70850,97.16
"31503","waiting red",1,70851,97.16
"31504","waiting that",1,70852,97.16
"31505","waiting very",1,70853,97.16
"31506","waiting will",1,70854,97.16
"31507","wake up",1,70855,97.16
"31508","walk around",1,70856,97.17
"31509","walk from",1,70857,97.17
"31510","walk home",1,70858,97.17
"31511","walk in",1,70859,97.17
"31512","walk like",1,70860,97.17
"31513","walk on",1,70861,97.17
"31514","walk some",1,70862,97.17
"31515","walk that",1,70863,97.18
"31516","walk to",1,70864,97.18
"31517","walk up",1,70865,97.18
"31518","walk with",1,70866,97.18
"31519","walking a",1,70867,97.18
"31520","walking alone",1,70868,97.18
"31521","walking along",1,70869,97.18
"31522","walking around",1,70870,97.18
"31523","walking by",1,70871,97.19
"31524","walking down",1,70872,97.19
"31525","walking everywhere",1,70873,97.19
"31526","walking from",1,70874,97.19
"31527","walking further",1,70875,97.19
"31528","walking in",1,70876,97.19
"31529","walking into",1,70877,97.19
"31530","walking is",1,70878,97.2
"31531","walking on",1,70879,97.2
"31532","walking or",1,70880,97.2
"31533","walking t",1,70881,97.2
"31534","walking the",1,70882,97.2
"31535","walking through",1,70883,97.2
"31536","walking toward",1,70884,97.2
"31537","walking we",1,70885,97.21
"31538","wall and",1,70886,97.21
"31539","wall around",1,70887,97.21
"31540","wall by",1,70888,97.21
"31541","wall in",1,70889,97.21
"31542","wall it",1,70890,97.21
"31543","wall st",1,70891,97.21
"31544","wall t",1,70892,97.21
"31545","wall to",1,70893,97.22
"31546","want a",1,70894,97.22
"31547","want ad",1,70895,97.22
"31548","want an",1,70896,97.22
"31549","want any",1,70897,97.22
"31550","want anyone",1,70898,97.22
"31551","want but",1,70899,97.22
"31552","want cheap",1,70900,97.23
"31553","want cream",1,70901,97.23
"31554","want everyone",1,70902,97.23
"31555","want everything",1,70903,97.23
"31556","want fabric",1,70904,97.23
"31557","want fun",1,70905,97.23
"31558","want her",1,70906,97.23
"31559","want him",1,70907,97.24
"31560","want it",1,70908,97.24
"31561","want just",1,70909,97.24
"31562","want our",1,70910,97.24
"31563","want people",1,70911,97.24
"31564","want s",1,70912,97.24
"31565","want something",1,70913,97.24
"31566","want them",1,70914,97.25
"31567","want this",1,70915,97.25
"31568","want toward",1,70916,97.25
"31569","want whether",1,70917,97.25
"31570","wanting the",1,70918,97.25
"31571","war a",1,70919,97.25
"31572","war going",1,70920,97.25
"31573","war last",1,70921,97.25
"31574","war rule",1,70922,97.26
"31575","war through",1,70923,97.26
"31576","war what",1,70924,97.26
"31577","war which",1,70925,97.26
"31578","war with",1,70926,97.26
"31579","warm and",1,70927,97.26
"31580","warm computer",1,70928,97.26
"31581","warm water",1,70929,97.27
"31582","warning again",1,70930,97.27
"31583","warning and",1,70931,97.27
"31584","warning i",1,70932,97.27
"31585","warning system",1,70933,97.27
"31586","warning to",1,70934,97.27
"31587","warning you",1,70935,97.27
"31588","was across",1,70936,97.28
"31589","was acting",1,70937,97.28
"31590","was added",1,70938,97.28
"31591","was alone",1,70939,97.28
"31592","was although",1,70940,97.28
"31593","was amazing",1,70941,97.28
"31594","was behind",1,70942,97.28
"31595","was blessed",1,70943,97.28
"31596","was both",1,70944,97.29
"31597","was busy",1,70945,97.29
"31598","was but",1,70946,97.29
"31599","was calling",1,70947,97.29
"31600","was calm",1,70948,97.29
"31601","was closed",1,70949,97.29
"31602","was comfortable",1,70950,97.29
"31603","was coming",1,70951,97.3
"31604","was completely",1,70952,97.3
"31605","was connected",1,70953,97.3
"31606","was convinced",1,70954,97.3
"31607","was cool",1,70955,97.3
"31608","was covered",1,70956,97.3
"31609","was crazy",1,70957,97.3
"31610","was cut",1,70958,97.31
"31611","was dangerous",1,70959,97.31
"31612","was dealing",1,70960,97.31
"31613","was definitely",1,70961,97.31
"31614","was delicious",1,70962,97.31
"31615","was determined",1,70963,97.31
"31616","was doing",1,70964,97.31
"31617","was dry",1,70965,97.31
"31618","was due",1,70966,97.32
"31619","was dying",1,70967,97.32
"31620","was eat",1,70968,97.32
"31621","was eating",1,70969,97.32
"31622","was enjoying",1,70970,97.32
"31623","was enough",1,70971,97.32
"31624","was entirely",1,70972,97.32
"31625","was especially",1,70973,97.33
"31626","was exactly",1,70974,97.33
"31627","was excited",1,70975,97.33
"31628","was faced",1,70976,97.33
"31629","was feeling",1,70977,97.33
"31630","was felt",1,70978,97.33
"31631","was fighting",1,70979,97.33
"31632","was fine",1,70980,97.34
"31633","was finished",1,70981,97.34
"31634","was first",1,70982,97.34
"31635","was forced",1,70983,97.34
"31636","was four",1,70984,97.34
"31637","was fresh",1,70985,97.34
"31638","was friendly",1,70986,97.34
"31639","was fully",1,70987,97.35
"31640","was fun",1,70988,97.35
"31641","was glad",1,70989,97.35
"31642","was great",1,70990,97.35
"31643","was heart",1,70991,97.35
"31644","was his",1,70992,97.35
"31645","was holding",1,70993,97.35
"31646","was home",1,70994,97.35
"31647","was hot",1,70995,97.36
"31648","was huge",1,70996,97.36
"31649","was ignore",1,70997,97.36
"31650","was immediately",1,70998,97.36
"31651","was impossible",1,70999,97.36
"31652","was incredible",1,71000,97.36
"31653","was incredibly",1,71001,97.36
"31654","was inside",1,71002,97.37
"31655","was knowing",1,71003,97.37
"31656","was last",1,71004,97.37
"31657","was late",1,71005,97.37
"31658","was later",1,71006,97.37
"31659","was led",1,71007,97.37
"31660","was likely",1,71008,97.37
"31661","was listening",1,71009,97.38
"31662","was living",1,71010,97.38
"31663","was magic",1,71011,97.38
"31664","was mark",1,71012,97.38
"31665","was mine",1,71013,97.38
"31666","was missing",1,71014,97.38
"31667","was more",1,71015,97.38
"31668","was mostly",1,71016,97.38
"31669","was natural",1,71017,97.39
"31670","was nearly",1,71018,97.39
"31671","was nervous",1,71019,97.39
"31672","was non",1,71020,97.39
"31673","was obvious",1,71021,97.39
"31674","was people",1,71022,97.39
"31675","was pointed",1,71023,97.39
"31676","was pray",1,71024,97.4
"31677","was pregnant",1,71025,97.4
"31678","was prepared",1,71026,97.4
"31679","was put",1,71027,97.4
"31680","was raised",1,71028,97.4
"31681","was rather",1,71029,97.4
"31682","was ready",1,71030,97.4
"31683","was real",1,71031,97.41
"31684","was responsible",1,71032,97.41
"31685","was running",1,71033,97.41
"31686","was s",1,71034,97.41
"31687","was said",1,71035,97.41
"31688","was searching",1,71036,97.41
"31689","was self",1,71037,97.41
"31690","was sent",1,71038,97.42
"31691","was shopping",1,71039,97.42
"31692","was shown",1,71040,97.42
"31693","was similar",1,71041,97.42
"31694","was simple",1,71042,97.42
"31695","was simply",1,71043,97.42
"31696","was six",1,71044,97.42
"31697","was slow",1,71045,97.42
"31698","was some",1,71046,97.43
"31699","was something",1,71047,97.43
"31700","was somewhat",1,71048,97.43
"31701","was somewhere",1,71049,97.43
"31702","was speaking",1,71050,97.43
"31703","was standing",1,71051,97.43
"31704","was starting",1,71052,97.43
"31705","was such",1,71053,97.44
"31706","was suffering",1,71054,97.44
"31707","was t",1,71055,97.44
"31708","was taking",1,71056,97.44
"31709","was ten",1,71057,97.44
"31710","was terrible",1,71058,97.44
"31711","was than",1,71059,97.44
"31712","was their",1,71060,97.45
"31713","was there",1,71061,97.45
"31714","was time",1,71062,97.45
"31715","was trouble",1,71063,97.45
"31716","was turned",1,71064,97.45
"31717","was two",1,71065,97.45
"31718","was under",1,71066,97.45
"31719","was until",1,71067,97.45
"31720","was usually",1,71068,97.46
"31721","was water",1,71069,97.46
"31722","was we",1,71070,97.46
"31723","was well",1,71071,97.46
"31724","was working",1,71072,97.46
"31725","was worse",1,71073,97.46
"31726","was would",1,71074,97.46
"31727","was writing",1,71075,97.47
"31728","was wrong",1,71076,97.47
"31729","was young",1,71077,97.47
"31730","was younger",1,71078,97.47
"31731","was your",1,71079,97.47
"31732","wash it",1,71080,97.47
"31733","wash my",1,71081,97.47
"31734","wash off",1,71082,97.48
"31735","wash them",1,71083,97.48
"31736","wash up",1,71084,97.48
"31737","waste land",1,71085,97.48
"31738","waste of",1,71086,97.48
"31739","waste with",1,71087,97.48
"31740","watch as",1,71088,97.48
"31741","watch football",1,71089,97.49
"31742","watch game",1,71090,97.49
"31743","watch his",1,71091,97.49
"31744","watch it",1,71092,97.49
"31745","watch on",1,71093,97.49
"31746","watch one",1,71094,97.49
"31747","watch people",1,71095,97.49
"31748","watch the",1,71096,97.49
"31749","watch them",1,71097,97.5
"31750","watch this",1,71098,97.5
"31751","watched from",1,71099,97.5
"31752","watched in",1,71100,97.5
"31753","watched people",1,71101,97.5
"31754","watched the",1,71102,97.5
"31755","watched this",1,71103,97.5
"31756","watching a",1,71104,97.51
"31757","watching at",1,71105,97.51
"31758","watching but",1,71106,97.51
"31759","watching i",1,71107,97.51
"31760","watching nothing",1,71108,97.51
"31761","watching people",1,71109,97.51
"31762","watching television",1,71110,97.51
"31763","watching their",1,71111,97.52
"31764","watching when",1,71112,97.52
"31765","watching whether",1,71113,97.52
"31766","water all",1,71114,97.52
"31767","water become",1,71115,97.52
"31768","water can",1,71116,97.52
"31769","water even",1,71117,97.52
"31770","water for",1,71118,97.52
"31771","water gently",1,71119,97.53
"31772","water he",1,71120,97.53
"31773","water ice",1,71121,97.53
"31774","water in",1,71122,97.53
"31775","water is",1,71123,97.53
"31776","water must",1,71124,97.53
"31777","water our",1,71125,97.53
"31778","water rather",1,71126,97.54
"31779","water s",1,71127,97.54
"31780","water supply",1,71128,97.54
"31781","water taking",1,71129,97.54
"31782","water temperature",1,71130,97.54
"31783","water the",1,71131,97.54
"31784","water we",1,71132,97.54
"31785","water with",1,71133,97.55
"31786","water you",1,71134,97.55
"31787","wave at",1,71135,97.55
"31788","wave hello",1,71136,97.55
"31789","wave of",1,71137,97.55
"31790","way a",1,71138,97.55
"31791","way ahead",1,71139,97.55
"31792","way at",1,71140,97.55
"31793","way back",1,71141,97.56
"31794","way close",1,71142,97.56
"31795","way down",1,71143,97.56
"31796","way from",1,71144,97.56
"31797","way life",1,71145,97.56
"31798","way like",1,71146,97.56
"31799","way mike",1,71147,97.56
"31800","way more",1,71148,97.57
"31801","way oil",1,71149,97.57
"31802","way out",1,71150,97.57
"31803","way page",1,71151,97.57
"31804","way process",1,71152,97.57
"31805","way s",1,71153,97.57
"31806","way seriously",1,71154,97.57
"31807","way she",1,71155,97.58
"31808","way some",1,71156,97.58
"31809","way stage",1,71157,97.58
"31810","way t",1,71158,97.58
"31811","way their",1,71159,97.58
"31812","way there",1,71160,97.58
"31813","way those",1,71161,97.58
"31814","way was",1,71162,97.59
"31815","way what",1,71163,97.59
"31816","way which",1,71164,97.59
"31817","way will",1,71165,97.59
"31818","way your",1,71166,97.59
"31819","ways apart",1,71167,97.59
"31820","ways as",1,71168,97.59
"31821","ways at",1,71169,97.59
"31822","ways but",1,71170,97.6
"31823","ways each",1,71171,97.6
"31824","ways for",1,71172,97.6
"31825","ways similar",1,71173,97.6
"31826","ways that",1,71174,97.6
"31827","ways the",1,71175,97.6
"31828","ways we",1,71176,97.6
"31829","ways what",1,71177,97.61
"31830","we across",1,71178,97.61
"31831","we actually",1,71179,97.61
"31832","we added",1,71180,97.61
"31833","we always",1,71181,97.61
"31834","we an",1,71182,97.61
"31835","we around",1,71183,97.61
"31836","we ate",1,71184,97.62
"31837","we attend",1,71185,97.62
"31838","we barely",1,71186,97.62
"31839","we base",1,71187,97.62
"31840","we be",1,71188,97.62
"31841","we been",1,71189,97.62
"31842","we begin",1,71190,97.62
"31843","we bought",1,71191,97.62
"31844","we buy",1,71192,97.63
"31845","we choose",1,71193,97.63
"31846","we come",1,71194,97.63
"31847","we currently",1,71195,97.63
"31848","we cut",1,71196,97.63
"31849","we decided",1,71197,97.63
"31850","we demand",1,71198,97.63
"31851","we designed",1,71199,97.64
"31852","we doing",1,71200,97.64
"31853","we dressed",1,71201,97.64
"31854","we drive",1,71202,97.64
"31855","we drove",1,71203,97.64
"31856","we ended",1,71204,97.64
"31857","we even",1,71205,97.64
"31858","we ever",1,71206,97.65
"31859","we experienced",1,71207,97.65
"31860","we explore",1,71208,97.65
"31861","we find",1,71209,97.65
"31862","we follow",1,71210,97.65
"31863","we for",1,71211,97.65
"31864","we fruit",1,71212,97.65
"31865","we hate",1,71213,97.66
"31866","we headed",1,71214,97.66
"31867","we her",1,71215,97.66
"31868","we here",1,71216,97.66
"31869","we just",1,71217,97.66
"31870","we knew",1,71218,97.66
"31871","we laugh",1,71219,97.66
"31872","we leave",1,71220,97.66
"31873","we left",1,71221,97.67
"31874","we likely",1,71222,97.67
"31875","we literally",1,71223,97.67
"31876","we lived",1,71224,97.67
"31877","we lost",1,71225,97.67
"31878","we make",1,71226,97.67
"31879","we married",1,71227,97.67
"31880","we might",1,71228,97.68
"31881","we more",1,71229,97.68
"31882","we most",1,71230,97.68
"31883","we move",1,71231,97.68
"31884","we must",1,71232,97.68
"31885","we my",1,71233,97.68
"31886","we no",1,71234,97.68
"31887","we notice",1,71235,97.69
"31888","we now",1,71236,97.69
"31889","we obviously",1,71237,97.69
"31890","we off",1,71238,97.69
"31891","we offer",1,71239,97.69
"31892","we one",1,71240,97.69
"31893","we open",1,71241,97.69
"31894","we our",1,71242,97.69
"31895","we pass",1,71243,97.7
"31896","we pick",1,71244,97.7
"31897","we place",1,71245,97.7
"31898","we possibly",1,71246,97.7
"31899","we prefer",1,71247,97.7
"31900","we quickly",1,71248,97.7
"31901","we raised",1,71249,97.7
"31902","we ran",1,71250,97.71
"31903","we read",1,71251,97.71
"31904","we recently",1,71252,97.71
"31905","we remain",1,71253,97.71
"31906","we run",1,71254,97.71
"31907","we sat",1,71255,97.71
"31908","we saw",1,71256,97.71
"31909","we seem",1,71257,97.72
"31910","we sing",1,71258,97.72
"31911","we so",1,71259,97.72
"31912","we sometimes",1,71260,97.72
"31913","we speak",1,71261,97.72
"31914","we spent",1,71262,97.72
"31915","we spoke",1,71263,97.72
"31916","we stand",1,71264,97.72
"31917","we stayed",1,71265,97.73
"31918","we still",1,71266,97.73
"31919","we stop",1,71267,97.73
"31920","we stopped",1,71268,97.73
"31921","we suggest",1,71269,97.73
"31922","we surprise",1,71270,97.73
"31923","we talk",1,71271,97.73
"31924","we test",1,71272,97.74
"31925","we then",1,71273,97.74
"31926","we there",1,71274,97.74
"31927","we think",1,71275,97.74
"31928","we this",1,71276,97.74
"31929","we thought",1,71277,97.74
"31930","we told",1,71278,97.74
"31931","we totally",1,71279,97.75
"31932","we tour",1,71280,97.75
"31933","we travel",1,71281,97.75
"31934","we tried",1,71282,97.75
"31935","we turned",1,71283,97.75
"31936","we up",1,71284,97.75
"31937","we view",1,71285,97.75
"31938","we visiting",1,71286,97.76
"31939","we walk",1,71287,97.76
"31940","we waste",1,71288,97.76
"31941","we watched",1,71289,97.76
"31942","we we",1,71290,97.76
"31943","we who",1,71291,97.76
"31944","we why",1,71292,97.76
"31945","we win",1,71293,97.76
"31946","we with",1,71294,97.77
"31947","we won",1,71295,97.77
"31948","we work",1,71296,97.77
"31949","we write",1,71297,97.77
"31950","weak in",1,71298,97.77
"31951","wealth of",1,71299,97.77
"31952","wealth while",1,71300,97.77
"31953","wealth without",1,71301,97.78
"31954","wear a",1,71302,97.78
"31955","wear after",1,71303,97.78
"31956","wear all",1,71304,97.78
"31957","wear and",1,71305,97.78
"31958","wear her",1,71306,97.78
"31959","wear it",1,71307,97.78
"31960","wear many",1,71308,97.79
"31961","wear them",1,71309,97.79
"31962","wear these",1,71310,97.79
"31963","wear when",1,71311,97.79
"31964","wearing everyone",1,71312,97.79
"31965","wearing her",1,71313,97.79
"31966","wearing meat",1,71314,97.79
"31967","wearing that",1,71315,97.79
"31968","wearing this",1,71316,97.8
"31969","wearing what",1,71317,97.8
"31970","weather i",1,71318,97.8
"31971","weather make",1,71319,97.8
"31972","weather t",1,71320,97.8
"31973","weather the",1,71321,97.8
"31974","weather this",1,71322,97.8
"31975","weather time",1,71323,97.81
"31976","weather tomorrow",1,71324,97.81
"31977","weather too",1,71325,97.81
"31978","weather turns",1,71326,97.81
"31979","web and",1,71327,97.81
"31980","web but",1,71328,97.81
"31981","web for",1,71329,97.81
"31982","web i",1,71330,97.82
"31983","web in",1,71331,97.82
"31984","web that",1,71332,97.82
"31985","web then",1,71333,97.82
"31986","web you",1,71334,97.82
"31987","wedding after",1,71335,97.82
"31988","wedding and",1,71336,97.82
"31989","wedding between",1,71337,97.83
"31990","wedding cake",1,71338,97.83
"31991","wedding days",1,71339,97.83
"31992","wedding i",1,71340,97.83
"31993","wedding in",1,71341,97.83
"31994","wedding she",1,71342,97.83
"31995","wedding such",1,71343,97.83
"31996","wedding tag",1,71344,97.83
"31997","wedding you",1,71345,97.84
"31998","week actually",1,71346,97.84
"31999","week although",1,71347,97.84
"32000","week at",1,71348,97.84
"32001","week been",1,71349,97.84
"32002","week before",1,71350,97.84
"32003","week by",1,71351,97.84
"32004","week everyone",1,71352,97.85
"32005","week found",1,71353,97.85
"32006","week he",1,71354,97.85
"32007","week it",1,71355,97.85
"32008","week later",1,71356,97.85
"32009","week left",1,71357,97.85
"32010","week long",1,71358,97.85
"32011","week longer",1,71359,97.86
"32012","week mark",1,71360,97.86
"32013","week oh",1,71361,97.86
"32014","week over",1,71362,97.86
"32015","week pushing",1,71363,97.86
"32016","week regular",1,71364,97.86
"32017","week remove",1,71365,97.86
"32018","week she",1,71366,97.86
"32019","week that",1,71367,97.87
"32020","week was",1,71368,97.87
"32021","week we",1,71369,97.87
"32022","week well",1,71370,97.87
"32023","week were",1,71371,97.87
"32024","week when",1,71372,97.87
"32025","weekend after",1,71373,97.87
"32026","weekend and",1,71374,97.88
"32027","weekend because",1,71375,97.88
"32028","weekend become",1,71376,97.88
"32029","weekend breakfast",1,71377,97.88
"32030","weekend but",1,71378,97.88
"32031","weekend day",1,71379,97.88
"32032","weekend even",1,71380,97.88
"32033","weekend for",1,71381,97.89
"32034","weekend my",1,71382,97.89
"32035","weekend purpose",1,71383,97.89
"32036","weekend that",1,71384,97.89
"32037","weekend up",1,71385,97.89
"32038","weekend we",1,71386,97.89
"32039","weekend with",1,71387,97.89
"32040","weekend wrap",1,71388,97.9
"32041","weekend you",1,71389,97.9
"32042","weekly of",1,71390,97.9
"32043","weight been",1,71391,97.9
"32044","weight gain",1,71392,97.9
"32045","weight going",1,71393,97.9
"32046","weight i",1,71394,97.9
"32047","weight in",1,71395,97.9
"32048","weight into",1,71396,97.91
"32049","weight never",1,71397,97.91
"32050","weight post",1,71398,97.91
"32051","weight st",1,71399,97.91
"32052","weight that",1,71400,97.91
"32053","weight then",1,71401,97.91
"32054","weird and",1,71402,97.91
"32055","weird game",1,71403,97.92
"32056","weird hard",1,71404,97.92
"32057","weird i",1,71405,97.92
"32058","weird person",1,71406,97.92
"32059","weird since",1,71407,97.92
"32060","weird to",1,71408,97.92
"32061","welcome but",1,71409,97.92
"32062","welcome mike",1,71410,97.93
"32063","well a",1,71411,97.93
"32064","well add",1,71412,97.93
"32065","well after",1,71413,97.93
"32066","well all",1,71414,97.93
"32067","well apparently",1,71415,97.93
"32068","well are",1,71416,97.93
"32069","well because",1,71417,97.93
"32070","well both",1,71418,97.94
"32071","well calling",1,71419,97.94
"32072","well come",1,71420,97.94
"32073","well coming",1,71421,97.94
"32074","well established",1,71422,97.94
"32075","well feeling",1,71423,97.94
"32076","well from",1,71424,97.94
"32077","well he",1,71425,97.95
"32078","well honey",1,71426,97.95
"32079","well if",1,71427,97.95
"32080","well known",1,71428,97.95
"32081","well let",1,71429,97.95
"32082","well look",1,71430,97.95
"32083","well made",1,71431,97.95
"32084","well maybe",1,71432,97.96
"32085","well money",1,71433,97.96
"32086","well most",1,71434,97.96
"32087","well no",1,71435,97.96
"32088","well of",1,71436,97.96
"32089","well off",1,71437,97.96
"32090","well or",1,71438,97.96
"32091","well people",1,71439,97.96
"32092","well pour",1,71440,97.97
"32093","well run",1,71441,97.97
"32094","well s",1,71442,97.97
"32095","well she",1,71443,97.97
"32096","well some",1,71444,97.97
"32097","well spent",1,71445,97.97
"32098","well there",1,71446,97.97
"32099","well these",1,71447,97.98
"32100","well this",1,71448,97.98
"32101","well till",1,71449,97.98
"32102","well today",1,71450,97.98
"32103","well tomorrow",1,71451,97.98
"32104","well tonight",1,71452,97.98
"32105","well took",1,71453,97.98
"32106","well were",1,71454,97.99
"32107","well without",1,71455,97.99
"32108","well would",1,71456,97.99
"32109","well yes",1,71457,97.99
"32110","well your",1,71458,97.99
"32111","went a",1,71459,97.99
"32112","went ahead",1,71460,97.99
"32113","went around",1,71461,98
"32114","went by",1,71462,98
"32115","went down",1,71463,98
"32116","went from",1,71464,98
"32117","went in",1,71465,98
"32118","went into",1,71466,98
"32119","went looking",1,71467,98
"32120","went off",1,71468,98
"32121","went once",1,71469,98.01
"32122","went out",1,71470,98.01
"32123","went over",1,71471,98.01
"32124","went the",1,71472,98.01
"32125","went up",1,71473,98.01
"32126","went well",1,71474,98.01
"32127","were able",1,71475,98.01
"32128","were actually",1,71476,98.02
"32129","were again",1,71477,98.02
"32130","were agent",1,71478,98.02
"32131","were and",1,71479,98.02
"32132","were as",1,71480,98.02
"32133","were asleep",1,71481,98.02
"32134","were based",1,71482,98.02
"32135","were built",1,71483,98.03
"32136","were common",1,71484,98.03
"32137","were different",1,71485,98.03
"32138","were drinking",1,71486,98.03
"32139","were especially",1,71487,98.03
"32140","were filled",1,71488,98.03
"32141","were for",1,71489,98.03
"32142","were forced",1,71490,98.03
"32143","were getting",1,71491,98.04
"32144","were given",1,71492,98.04
"32145","were glad",1,71493,98.04
"32146","were going",1,71494,98.04
"32147","were good",1,71495,98.04
"32148","were great",1,71496,98.04
"32149","were hand",1,71497,98.04
"32150","were happy",1,71498,98.05
"32151","were here",1,71499,98.05
"32152","were his",1,71500,98.05
"32153","were hit",1,71501,98.05
"32154","were into",1,71502,98.05
"32155","were it",1,71503,98.05
"32156","were just",1,71504,98.05
"32157","were leading",1,71505,98.06
"32158","were like",1,71506,98.06
"32159","were little",1,71507,98.06
"32160","were living",1,71508,98.06
"32161","were looking",1,71509,98.06
"32162","were lost",1,71510,98.06
"32163","were lots",1,71511,98.06
"32164","were made",1,71512,98.07
"32165","were myself",1,71513,98.07
"32166","were new",1,71514,98.07
"32167","were now",1,71515,98.07
"32168","were off",1,71516,98.07
"32169","were often",1,71517,98.07
"32170","were older",1,71518,98.07
"32171","were or",1,71519,98.07
"32172","were originally",1,71520,98.08
"32173","were our",1,71521,98.08
"32174","were place",1,71522,98.08
"32175","were prepared",1,71523,98.08
"32176","were produced",1,71524,98.08
"32177","were reading",1,71525,98.08
"32178","were really",1,71526,98.08
"32179","were responsible",1,71527,98.09
"32180","were sad",1,71528,98.09
"32181","were said",1,71529,98.09
"32182","were shot",1,71530,98.09
"32183","were sold",1,71531,98.09
"32184","were somewhere",1,71532,98.09
"32185","were suppose",1,71533,98.09
"32186","were t",1,71534,98.1
"32187","were taking",1,71535,98.1
"32188","were talking",1,71536,98.1
"32189","were these",1,71537,98.1
"32190","were those",1,71538,98.1
"32191","were true",1,71539,98.1
"32192","were turning",1,71540,98.1
"32193","were two",1,71541,98.1
"32194","were used",1,71542,98.11
"32195","were various",1,71543,98.11
"32196","were what",1,71544,98.11
"32197","were where",1,71545,98.11
"32198","were why",1,71546,98.11
"32199","were yet",1,71547,98.11
"32200","were you",1,71548,98.11
"32201","were yours",1,71549,98.12
"32202","west and",1,71550,98.12
"32203","west end",1,71551,98.12
"32204","west police",1,71552,98.12
"32205","west side",1,71553,98.12
"32206","west that",1,71554,98.12
"32207","west when",1,71555,98.12
"32208","west who",1,71556,98.13
"32209","western cultural",1,71557,98.13
"32210","western it",1,71558,98.13
"32211","western least",1,71559,98.13
"32212","western view",1,71560,98.13
"32213","wet add",1,71561,98.13
"32214","wet as",1,71562,98.13
"32215","wet for",1,71563,98.14
"32216","wet have",1,71564,98.14
"32217","wet market",1,71565,98.14
"32218","wet sheet",1,71566,98.14
"32219","what all",1,71567,98.14
"32220","what am",1,71568,98.14
"32221","what an",1,71569,98.14
"32222","what appear",1,71570,98.14
"32223","what as",1,71571,98.15
"32224","what basis",1,71572,98.15
"32225","what be",1,71573,98.15
"32226","what better",1,71574,98.15
"32227","what by",1,71575,98.15
"32228","what change",1,71576,98.15
"32229","what comes",1,71577,98.15
"32230","what company",1,71578,98.16
"32231","what difference",1,71579,98.16
"32232","what every",1,71580,98.16
"32233","what had",1,71581,98.16
"32234","what have",1,71582,98.16
"32235","what him",1,71583,98.16
"32236","what if",1,71584,98.16
"32237","what in",1,71585,98.17
"32238","what like",1,71586,98.17
"32239","what little",1,71587,98.17
"32240","what living",1,71588,98.17
"32241","what may",1,71589,98.17
"32242","what might",1,71590,98.17
"32243","what more",1,71591,98.17
"32244","what music",1,71592,98.17
"32245","what must",1,71593,98.18
"32246","what my",1,71594,98.18
"32247","what needs",1,71595,98.18
"32248","what no",1,71596,98.18
"32249","what not",1,71597,98.18
"32250","what of",1,71598,98.18
"32251","what on",1,71599,98.18
"32252","what other",1,71600,98.19
"32253","what part",1,71601,98.19
"32254","what people",1,71602,98.19
"32255","what possible",1,71603,98.19
"32256","what reason",1,71604,98.19
"32257","what recently",1,71605,98.19
"32258","what relief",1,71606,98.19
"32259","what said",1,71607,98.2
"32260","what should",1,71608,98.2
"32261","what struck",1,71609,98.2
"32262","what team",1,71610,98.2
"32263","what that",1,71611,98.2
"32264","what those",1,71612,98.2
"32265","what told",1,71613,98.2
"32266","what type",1,71614,98.2
"32267","what us",1,71615,98.21
"32268","what went",1,71616,98.21
"32269","what when",1,71617,98.21
"32270","what with",1,71618,98.21
"32271","what within",1,71619,98.21
"32272","whatever colors",1,71620,98.21
"32273","whatever inside",1,71621,98.21
"32274","whatever it",1,71622,98.22
"32275","whatever medium",1,71623,98.22
"32276","whatever name",1,71624,98.22
"32277","whatever the",1,71625,98.22
"32278","whatever to",1,71626,98.22
"32279","whatever you",1,71627,98.22
"32280","when an",1,71628,98.22
"32281","when and",1,71629,98.23
"32282","when another",1,71630,98.23
"32283","when at",1,71631,98.23
"32284","when beginning",1,71632,98.23
"32285","when by",1,71633,98.23
"32286","when closed",1,71634,98.23
"32287","when earth",1,71635,98.23
"32288","when finished",1,71636,98.24
"32289","when found",1,71637,98.24
"32290","when him",1,71638,98.24
"32291","when himself",1,71639,98.24
"32292","when if",1,71640,98.24
"32293","when in",1,71641,98.24
"32294","when is",1,71642,98.24
"32295","when many",1,71643,98.24
"32296","when necessary",1,71644,98.25
"32297","when off",1,71645,98.25
"32298","when our",1,71646,98.25
"32299","when police",1,71647,98.25
"32300","when really",1,71648,98.25
"32301","when seeing",1,71649,98.25
"32302","when slowly",1,71650,98.25
"32303","when someone",1,71651,98.26
"32304","when stuck",1,71652,98.26
"32305","when summer",1,71653,98.26
"32306","when their",1,71654,98.26
"32307","when there",1,71655,98.26
"32308","when these",1,71656,98.26
"32309","when to",1,71657,98.26
"32310","when where",1,71658,98.27
"32311","when would",1,71659,98.27
"32312","whenever i",1,71660,98.27
"32313","whenever involved",1,71661,98.27
"32314","whenever possible",1,71662,98.27
"32315","whenever we",1,71663,98.27
"32316","where a",1,71664,98.27
"32317","where anyone",1,71665,98.27
"32318","where can",1,71666,98.28
"32319","where ever",1,71667,98.28
"32320","where every",1,71668,98.28
"32321","where his",1,71669,98.28
"32322","where lots",1,71670,98.28
"32323","where many",1,71671,98.28
"32324","where of",1,71672,98.28
"32325","where people",1,71673,98.29
"32326","where s",1,71674,98.29
"32327","where their",1,71675,98.29
"32328","where there",1,71676,98.29
"32329","where to",1,71677,98.29
"32330","where top",1,71678,98.29
"32331","where two",1,71679,98.29
"32332","where was",1,71680,98.3
"32333","where well",1,71681,98.3
"32334","where where",1,71682,98.3
"32335","where will",1,71683,98.3
"32336","where world",1,71684,98.3
"32337","where your",1,71685,98.3
"32338","whether fighting",1,71686,98.3
"32339","whether from",1,71687,98.31
"32340","whether he",1,71688,98.31
"32341","whether it",1,71689,98.31
"32342","whether that",1,71690,98.31
"32343","whether to",1,71691,98.31
"32344","whether you",1,71692,98.31
"32345","which about",1,71693,98.31
"32346","which according",1,71694,98.31
"32347","which actually",1,71695,98.32
"32348","which all",1,71696,98.32
"32349","which and",1,71697,98.32
"32350","which appearance",1,71698,98.32
"32351","which beauty",1,71699,98.32
"32352","which been",1,71700,98.32
"32353","which beyond",1,71701,98.32
"32354","which by",1,71702,98.33
"32355","which came",1,71703,98.33
"32356","which charge",1,71704,98.33
"32357","which combined",1,71705,98.33
"32358","which currently",1,71706,98.33
"32359","which eventually",1,71707,98.33
"32360","which express",1,71708,98.33
"32361","which fabric",1,71709,98.34
"32362","which face",1,71710,98.34
"32363","which find",1,71711,98.34
"32364","which for",1,71712,98.34
"32365","which grow",1,71713,98.34
"32366","which included",1,71714,98.34
"32367","which leaves",1,71715,98.34
"32368","which make",1,71716,98.34
"32369","which many",1,71717,98.35
"32370","which message",1,71718,98.35
"32371","which most",1,71719,98.35
"32372","which obviously",1,71720,98.35
"32373","which of",1,71721,98.35
"32374","which often",1,71722,98.35
"32375","which on",1,71723,98.35
"32376","which one",1,71724,98.36
"32377","which only",1,71725,98.36
"32378","which pair",1,71726,98.36
"32379","which path",1,71727,98.36
"32380","which people",1,71728,98.36
"32381","which point",1,71729,98.36
"32382","which s",1,71730,98.36
"32383","which she",1,71731,98.37
"32384","which side",1,71732,98.37
"32385","which soon",1,71733,98.37
"32386","which that",1,71734,98.37
"32387","which them",1,71735,98.37
"32388","which then",1,71736,98.37
"32389","which this",1,71737,98.37
"32390","which those",1,71738,98.37
"32391","which through",1,71739,98.38
"32392","which time",1,71740,98.38
"32393","which unfortunately",1,71741,98.38
"32394","which up",1,71742,98.38
"32395","which us",1,71743,98.38
"32396","which while",1,71744,98.38
"32397","which why",1,71745,98.38
"32398","which will",1,71746,98.39
"32399","which with",1,71747,98.39
"32400","while as",1,71748,98.39
"32401","while being",1,71749,98.39
"32402","while both",1,71750,98.39
"32403","while for",1,71751,98.39
"32404","while forgotten",1,71752,98.39
"32405","while growing",1,71753,98.4
"32406","while his",1,71754,98.4
"32407","while how",1,71755,98.4
"32408","while my",1,71756,98.4
"32409","while not",1,71757,98.4
"32410","while pregnant",1,71758,98.4
"32411","while reading",1,71759,98.4
"32412","while riding",1,71760,98.41
"32413","while s",1,71761,98.41
"32414","while said",1,71762,98.41
"32415","while serving",1,71763,98.41
"32416","while standing",1,71764,98.41
"32417","while talking",1,71765,98.41
"32418","while these",1,71766,98.41
"32419","while this",1,71767,98.41
"32420","while trying",1,71768,98.42
"32421","while waiting",1,71769,98.42
"32422","while will",1,71770,98.42
"32423","whilst standing",1,71771,98.42
"32424","whilst the",1,71772,98.42
"32425","whilst this",1,71773,98.42
"32426","white according",1,71774,98.42
"32427","white against",1,71775,98.43
"32428","white anger",1,71776,98.43
"32429","white balance",1,71777,98.43
"32430","white because",1,71778,98.43
"32431","white boy",1,71779,98.43
"32432","white bread",1,71780,98.43
"32433","white button",1,71781,98.43
"32434","white cake",1,71782,98.44
"32435","white card",1,71783,98.44
"32436","white classic",1,71784,98.44
"32437","white cool",1,71785,98.44
"32438","white dancing",1,71786,98.44
"32439","white do",1,71787,98.44
"32440","white every",1,71788,98.44
"32441","white house",1,71789,98.44
"32442","white if",1,71790,98.45
"32443","white in",1,71791,98.45
"32444","white line",1,71792,98.45
"32445","white man",1,71793,98.45
"32446","white middle",1,71794,98.45
"32447","white or",1,71795,98.45
"32448","white p",1,71796,98.45
"32449","white should",1,71797,98.46
"32450","white straight",1,71798,98.46
"32451","white tree",1,71799,98.46
"32452","white with",1,71800,98.46
"32453","who already",1,71801,98.46
"32454","who also",1,71802,98.46
"32455","who as",1,71803,98.46
"32456","who before",1,71804,98.47
"32457","who cat",1,71805,98.47
"32458","who claim",1,71806,98.47
"32459","who come",1,71807,98.47
"32460","who comes",1,71808,98.47
"32461","who currently",1,71809,98.47
"32462","who does",1,71810,98.47
"32463","who doing",1,71811,98.48
"32464","who end",1,71812,98.48
"32465","who expect",1,71813,98.48
"32466","who fell",1,71814,98.48
"32467","who five",1,71815,98.48
"32468","who frequently",1,71816,98.48
"32469","who from",1,71817,98.48
"32470","who go",1,71818,98.48
"32471","who help",1,71819,98.49
"32472","who her",1,71820,98.49
"32473","who himself",1,71821,98.49
"32474","who it",1,71822,98.49
"32475","who just",1,71823,98.49
"32476","who left",1,71824,98.49
"32477","who like",1,71825,98.49
"32478","who made",1,71826,98.5
"32479","who make",1,71827,98.5
"32480","who maybe",1,71828,98.5
"32481","who me",1,71829,98.5
"32482","who might",1,71830,98.5
"32483","who naturally",1,71831,98.5
"32484","who needs",1,71832,98.5
"32485","who next",1,71833,98.51
"32486","who no",1,71834,98.51
"32487","who play",1,71835,98.51
"32488","who posted",1,71836,98.51
"32489","who prefer",1,71837,98.51
"32490","who pretty",1,71838,98.51
"32491","who produce",1,71839,98.51
"32492","who really",1,71840,98.51
"32493","who said",1,71841,98.52
"32494","who sat",1,71842,98.52
"32495","who seem",1,71843,98.52
"32496","who somehow",1,71844,98.52
"32497","who stand",1,71845,98.52
"32498","who support",1,71846,98.52
"32499","who taken",1,71847,98.52
"32500","who that",1,71848,98.53
"32501","who them",1,71849,98.53
"32502","who these",1,71850,98.53
"32503","who this",1,71851,98.53
"32504","who told",1,71852,98.53
"32505","who truth",1,71853,98.53
"32506","who us",1,71854,98.53
"32507","who want",1,71855,98.54
"32508","who wear",1,71856,98.54
"32509","who what",1,71857,98.54
"32510","who work",1,71858,98.54
"32511","whole ball",1,71859,98.54
"32512","whole before",1,71860,98.54
"32513","whole body",1,71861,98.54
"32514","whole bunch",1,71862,98.55
"32515","whole country",1,71863,98.55
"32516","whole day",1,71864,98.55
"32517","whole days",1,71865,98.55
"32518","whole different",1,71866,98.55
"32519","whole lot",1,71867,98.55
"32520","whole meal",1,71868,98.55
"32521","whole modern",1,71869,98.55
"32522","whole on",1,71870,98.56
"32523","whole package",1,71871,98.56
"32524","whole run",1,71872,98.56
"32525","whole two",1,71873,98.56
"32526","whole weekend",1,71874,98.56
"32527","whom at",1,71875,98.56
"32528","whom have",1,71876,98.56
"32529","whom left",1,71877,98.57
"32530","whom married",1,71878,98.57
"32531","whom one",1,71879,98.57
"32532","whom she",1,71880,98.57
"32533","whom this",1,71881,98.57
"32534","whose and",1,71882,98.57
"32535","whose is",1,71883,98.57
"32536","whose light",1,71884,98.58
"32537","whose most",1,71885,98.58
"32538","whose sake",1,71886,98.58
"32539","whose spirit",1,71887,98.58
"32540","whose theme",1,71888,98.58
"32541","whose trouble",1,71889,98.58
"32542","whose turn",1,71890,98.58
"32543","whose water",1,71891,98.58
"32544","whose would",1,71892,98.59
"32545","why a",1,71893,98.59
"32546","why am",1,71894,98.59
"32547","why anyway",1,71895,98.59
"32548","why apple",1,71896,98.59
"32549","why because",1,71897,98.59
"32550","why been",1,71898,98.59
"32551","why choose",1,71899,98.6
"32552","why do",1,71900,98.6
"32553","why in",1,71901,98.6
"32554","why most",1,71902,98.6
"32555","why our",1,71903,98.6
"32556","why she",1,71904,98.6
"32557","why should",1,71905,98.6
"32558","why some",1,71906,98.61
"32559","why something",1,71907,98.61
"32560","why there",1,71908,98.61
"32561","why these",1,71909,98.61
"32562","why they",1,71910,98.61
"32563","why this",1,71911,98.61
"32564","why wait",1,71912,98.61
"32565","why we",1,71913,98.61
"32566","wide and",1,71914,98.62
"32567","wide audience",1,71915,98.62
"32568","wide beer",1,71916,98.62
"32569","wide by",1,71917,98.62
"32570","wide for",1,71918,98.62
"32571","wide gorgeous",1,71919,98.62
"32572","wide long",1,71920,98.62
"32573","wide shot",1,71921,98.63
"32574","wide that",1,71922,98.63
"32575","wide web",1,71923,98.63
"32576","wife a",1,71924,98.63
"32577","wife ask",1,71925,98.63
"32578","wife brought",1,71926,98.63
"32579","wife family",1,71927,98.63
"32580","wife for",1,71928,98.64
"32581","wife had",1,71929,98.64
"32582","wife he",1,71930,98.64
"32583","wife her",1,71931,98.64
"32584","wife in",1,71932,98.64
"32585","wife me",1,71933,98.64
"32586","wife of",1,71934,98.64
"32587","wife s",1,71935,98.65
"32588","wife that",1,71936,98.65
"32589","wife thus",1,71937,98.65
"32590","wife who",1,71938,98.65
"32591","wild and",1,71939,98.65
"32592","will all",1,71940,98.65
"32593","will alone",1,71941,98.65
"32594","will as",1,71942,98.65
"32595","will attend",1,71943,98.66
"32596","will blame",1,71944,98.66
"32597","will bring",1,71945,98.66
"32598","will buy",1,71946,98.66
"32599","will carry",1,71947,98.66
"32600","will challenge",1,71948,98.66
"32601","will change",1,71949,98.66
"32602","will claim",1,71950,98.67
"32603","will close",1,71951,98.67
"32604","will cover",1,71952,98.67
"32605","will definitely",1,71953,98.67
"32606","will discuss",1,71954,98.67
"32607","will double",1,71955,98.67
"32608","will end",1,71956,98.67
"32609","will enter",1,71957,98.68
"32610","will ever",1,71958,98.68
"32611","will f",1,71959,98.68
"32612","will feel",1,71960,98.68
"32613","will find",1,71961,98.68
"32614","will function",1,71962,98.68
"32615","will grow",1,71963,98.68
"32616","will hold",1,71964,98.68
"32617","will hopefully",1,71965,98.69
"32618","will how",1,71966,98.69
"32619","will i",1,71967,98.69
"32620","will ignore",1,71968,98.69
"32621","will is",1,71969,98.69
"32622","will it",1,71970,98.69
"32623","will keep",1,71971,98.69
"32624","will leave",1,71972,98.7
"32625","will like",1,71973,98.7
"32626","will look",1,71974,98.7
"32627","will lose",1,71975,98.7
"32628","will maintain",1,71976,98.7
"32629","will manage",1,71977,98.7
"32630","will mean",1,71978,98.7
"32631","will now",1,71979,98.71
"32632","will o",1,71980,98.71
"32633","will on",1,71981,98.71
"32634","will once",1,71982,98.71
"32635","will pass",1,71983,98.71
"32636","will provide",1,71984,98.71
"32637","will raise",1,71985,98.71
"32638","will read",1,71986,98.72
"32639","will return",1,71987,98.72
"32640","will save",1,71988,98.72
"32641","will self",1,71989,98.72
"32642","will send",1,71990,98.72
"32643","will share",1,71991,98.72
"32644","will show",1,71992,98.72
"32645","will simply",1,71993,98.72
"32646","will sound",1,71994,98.73
"32647","will speak",1,71995,98.73
"32648","will still",1,71996,98.73
"32649","will stop",1,71997,98.73
"32650","will store",1,71998,98.73
"32651","will surely",1,71999,98.73
"32652","will surprise",1,72000,98.73
"32653","will talk",1,72001,98.74
"32654","will thanks",1,72002,98.74
"32655","will the",1,72003,98.74
"32656","will then",1,72004,98.74
"32657","will this",1,72005,98.74
"32658","will turn",1,72006,98.74
"32659","will up",1,72007,98.74
"32660","will win",1,72008,98.75
"32661","will work",1,72009,98.75
"32662","will worry",1,72010,98.75
"32663","win actually",1,72011,98.75
"32664","win for",1,72012,98.75
"32665","win good",1,72013,98.75
"32666","win her",1,72014,98.75
"32667","win i",1,72015,98.75
"32668","win so",1,72016,98.76
"32669","win support",1,72017,98.76
"32670","win this",1,72018,98.76
"32671","win tomorrow",1,72019,98.76
"32672","win well",1,72020,98.76
"32673","win win",1,72021,98.76
"32674","wind a",1,72022,98.76
"32675","wind although",1,72023,98.77
"32676","wind and",1,72024,98.77
"32677","wind as",1,72025,98.77
"32678","wind but",1,72026,98.77
"32679","wind i",1,72027,98.77
"32680","wind is",1,72028,98.77
"32681","wind of",1,72029,98.77
"32682","wind picked",1,72030,98.78
"32683","wind up",1,72031,98.78
"32684","wind which",1,72032,98.78
"32685","window goes",1,72033,98.78
"32686","window vote",1,72034,98.78
"32687","window were",1,72035,98.78
"32688","wine all",1,72036,98.78
"32689","wine and",1,72037,98.79
"32690","wine but",1,72038,98.79
"32691","wine choice",1,72039,98.79
"32692","wine ever",1,72040,98.79
"32693","wine offering",1,72041,98.79
"32694","wing writer",1,72042,98.79
"32695","winner and",1,72043,98.79
"32696","winning from",1,72044,98.79
"32697","winning here",1,72045,98.8
"32698","winter and",1,72046,98.8
"32699","winter as",1,72047,98.8
"32700","winter either",1,72048,98.8
"32701","winter right",1,72049,98.8
"32702","winter that",1,72050,98.8
"32703","winter we",1,72051,98.8
"32704","winter white",1,72052,98.81
"32705","wisdom a",1,72053,98.81
"32706","wisdom and",1,72054,98.81
"32707","wisdom comes",1,72055,98.81
"32708","wisdom is",1,72056,98.81
"32709","wisdom that",1,72057,98.81
"32710","wisdom this",1,72058,98.81
"32711","wisdom us",1,72059,98.82
"32712","wise and",1,72060,98.82
"32713","wise be",1,72061,98.82
"32714","wise leader",1,72062,98.82
"32715","wise man",1,72063,98.82
"32716","wish for",1,72064,98.82
"32717","wish i",1,72065,98.82
"32718","wish now",1,72066,98.82
"32719","wish them",1,72067,98.83
"32720","wish we",1,72068,98.83
"32721","wish you",1,72069,98.83
"32722","with about",1,72070,98.83
"32723","with above",1,72071,98.83
"32724","with age",1,72072,98.83
"32725","with are",1,72073,98.83
"32726","with baby",1,72074,98.84
"32727","with bad",1,72075,98.84
"32728","with before",1,72076,98.84
"32729","with big",1,72077,98.84
"32730","with brain",1,72078,98.84
"32731","with brand",1,72079,98.84
"32732","with cash",1,72080,98.84
"32733","with cheese",1,72081,98.85
"32734","with chest",1,72082,98.85
"32735","with china",1,72083,98.85
"32736","with circle",1,72084,98.85
"32737","with comfort",1,72085,98.85
"32738","with comic",1,72086,98.85
"32739","with complete",1,72087,98.85
"32740","with cooking",1,72088,98.85
"32741","with creative",1,72089,98.86
"32742","with cup",1,72090,98.86
"32743","with current",1,72091,98.86
"32744","with decent",1,72092,98.86
"32745","with designed",1,72093,98.86
"32746","with different",1,72094,98.86
"32747","with dog",1,72095,98.86
"32748","with egg",1,72096,98.87
"32749","with everyone",1,72097,98.87
"32750","with evidence",1,72098,98.87
"32751","with extremely",1,72099,98.87
"32752","with father",1,72100,98.87
"32753","with five",1,72101,98.87
"32754","with friendly",1,72102,98.87
"32755","with full",1,72103,98.88
"32756","with future",1,72104,98.88
"32757","with given",1,72105,98.88
"32758","with gold",1,72106,98.88
"32759","with golden",1,72107,98.88
"32760","with green",1,72108,98.88
"32761","with grow",1,72109,98.88
"32762","with happening",1,72110,98.89
"32763","with he",1,72111,98.89
"32764","with heart",1,72112,98.89
"32765","with here",1,72113,98.89
"32766","with hop",1,72114,98.89
"32767","with however",1,72115,98.89
"32768","with if",1,72116,98.89
"32769","with is",1,72117,98.89
"32770","with joy",1,72118,98.9
"32771","with just",1,72119,98.9
"32772","with lack",1,72120,98.9
"32773","with last",1,72121,98.9
"32774","with latest",1,72122,98.9
"32775","with living",1,72123,98.9
"32776","with lord",1,72124,98.9
"32777","with loving",1,72125,98.91
"32778","with low",1,72126,98.91
"32779","with men",1,72127,98.91
"32780","with mental",1,72128,98.91
"32781","with mine",1,72129,98.91
"32782","with modern",1,72130,98.91
"32783","with myself",1,72131,98.91
"32784","with nature",1,72132,98.92
"32785","with negative",1,72133,98.92
"32786","with new",1,72134,98.92
"32787","with nice",1,72135,98.92
"32788","with numerous",1,72136,98.92
"32789","with over",1,72137,98.92
"32790","with passion",1,72138,98.92
"32791","with personally",1,72139,98.92
"32792","with pleasure",1,72140,98.93
"32793","with plenty",1,72141,98.93
"32794","with political",1,72142,98.93
"32795","with powerful",1,72143,98.93
"32796","with president",1,72144,98.93
"32797","with promise",1,72145,98.93
"32798","with r",1,72146,98.93
"32799","with raw",1,72147,98.94
"32800","with ray",1,72148,98.94
"32801","with red",1,72149,98.94
"32802","with ring",1,72150,98.94
"32803","with salad",1,72151,98.94
"32804","with same",1,72152,98.94
"32805","with sand",1,72153,98.94
"32806","with secret",1,72154,98.95
"32807","with see",1,72155,98.95
"32808","with seeing",1,72156,98.95
"32809","with self",1,72157,98.95
"32810","with serious",1,72158,98.95
"32811","with several",1,72159,98.95
"32812","with shirt",1,72160,98.95
"32813","with simply",1,72161,98.96
"32814","with spending",1,72162,98.96
"32815","with standard",1,72163,98.96
"32816","with star",1,72164,98.96
"32817","with then",1,72165,98.96
"32818","with there",1,72166,98.96
"32819","with time",1,72167,98.96
"32820","with traditional",1,72168,98.96
"32821","with two",1,72169,98.97
"32822","with u",1,72170,98.97
"32823","with under",1,72171,98.97
"32824","with we",1,72172,98.97
"32825","with where",1,72173,98.97
"32826","with wide",1,72174,98.97
"32827","with work",1,72175,98.97
"32828","with world",1,72176,98.98
"32829","with yellow",1,72177,98.98
"32830","with yours",1,72178,98.98
"32831","within about",1,72179,98.98
"32832","within after",1,72180,98.98
"32833","within an",1,72181,98.98
"32834","within and",1,72182,98.98
"32835","within context",1,72183,98.99
"32836","within each",1,72184,98.99
"32837","within he",1,72185,98.99
"32838","within i",1,72186,98.99
"32839","within if",1,72187,98.99
"32840","within of",1,72188,98.99
"32841","within our",1,72189,98.99
"32842","within rather",1,72190,98.99
"32843","within that",1,72191,99
"32844","within themselves",1,72192,99
"32845","within to",1,72193,99
"32846","within which",1,72194,99
"32847","without an",1,72195,99
"32848","without any",1,72196,99
"32849","without as",1,72197,99
"32850","without at",1,72198,99.01
"32851","without but",1,72199,99.01
"32852","without divine",1,72200,99.01
"32853","without ever",1,72201,99.01
"32854","without fail",1,72202,99.01
"32855","without him",1,72203,99.01
"32856","without his",1,72204,99.01
"32857","without it",1,72205,99.02
"32858","without just",1,72206,99.02
"32859","without much",1,72207,99.02
"32860","without my",1,72208,99.02
"32861","without one",1,72209,99.02
"32862","without or",1,72210,99.02
"32863","without p",1,72211,99.02
"32864","without power",1,72212,99.02
"32865","without seeing",1,72213,99.03
"32866","without she",1,72214,99.03
"32867","without their",1,72215,99.03
"32868","without thinking",1,72216,99.03
"32869","without we",1,72217,99.03
"32870","without whose",1,72218,99.03
"32871","without you",1,72219,99.03
"32872","woman if",1,72220,99.04
"32873","woman likely",1,72221,99.04
"32874","woman s",1,72222,99.04
"32875","woman tried",1,72223,99.04
"32876","woman waiting",1,72224,99.04
"32877","won a",1,72225,99.04
"32878","won especially",1,72226,99.04
"32879","won one",1,72227,99.05
"32880","won the",1,72228,99.05
"32881","won which",1,72229,99.05
"32882","wonder about",1,72230,99.05
"32883","wonder at",1,72231,99.05
"32884","wonder in",1,72232,99.05
"32885","wonder is",1,72233,99.05
"32886","wonder that",1,72234,99.06
"32887","wonder those",1,72235,99.06
"32888","wonder why",1,72236,99.06
"32889","wonderful about",1,72237,99.06
"32890","wonderful day",1,72238,99.06
"32891","wonderful fall",1,72239,99.06
"32892","wonderful it",1,72240,99.06
"32893","wonderful lady",1,72241,99.06
"32894","wonderful new",1,72242,99.07
"32895","wonderful opportunity",1,72243,99.07
"32896","wonderful time",1,72244,99.07
"32897","wonderful week",1,72245,99.07
"32898","wonderful world",1,72246,99.07
"32899","wonderful you",1,72247,99.07
"32900","wondering the",1,72248,99.07
"32901","wondering which",1,72249,99.08
"32902","wondering who",1,72250,99.08
"32903","wondering why",1,72251,99.08
"32904","wood is",1,72252,99.08
"32905","wood it",1,72253,99.08
"32906","wood soon",1,72254,99.08
"32907","word a",1,72255,99.08
"32908","word across",1,72256,99.09
"32909","word and",1,72257,99.09
"32910","word for",1,72258,99.09
"32911","word from",1,72259,99.09
"32912","word he",1,72260,99.09
"32913","word her",1,72261,99.09
"32914","word literally",1,72262,99.09
"32915","word now",1,72263,99.09
"32916","word search",1,72264,99.1
"32917","word to",1,72265,99.1
"32918","word too",1,72266,99.1
"32919","word truth",1,72267,99.1
"32920","word unfortunately",1,72268,99.1
"32921","word up",1,72269,99.1
"32922","word with",1,72270,99.1
"32923","wore were",1,72271,99.11
"32924","wore when",1,72272,99.11
"32925","work after",1,72273,99.11
"32926","work association",1,72274,99.11
"32927","work because",1,72275,99.11
"32928","work been",1,72276,99.11
"32929","work better",1,72277,99.11
"32930","work crew",1,72278,99.12
"32931","work each",1,72279,99.12
"32932","work even",1,72280,99.12
"32933","work every",1,72281,99.12
"32934","work featured",1,72282,99.12
"32935","work from",1,72283,99.12
"32936","work go",1,72284,99.12
"32937","work history",1,72285,99.13
"32938","work if",1,72286,99.13
"32939","work job",1,72287,99.13
"32940","work just",1,72288,99.13
"32941","work later",1,72289,99.13
"32942","work listening",1,72290,99.13
"32943","work looking",1,72291,99.13
"32944","work more",1,72292,99.13
"32945","work or",1,72293,99.14
"32946","work place",1,72294,99.14
"32947","work print",1,72295,99.14
"32948","work reading",1,72296,99.14
"32949","work s",1,72297,99.14
"32950","work schedule",1,72298,99.14
"32951","work self",1,72299,99.14
"32952","work sound",1,72300,99.15
"32953","work t",1,72301,99.15
"32954","work than",1,72302,99.15
"32955","work the",1,72303,99.15
"32956","work though",1,72304,99.15
"32957","work very",1,72305,99.15
"32958","work which",1,72306,99.15
"32959","work will",1,72307,99.16
"32960","work your",1,72308,99.16
"32961","worked and",1,72309,99.16
"32962","worked for",1,72310,99.16
"32963","worked hard",1,72311,99.16
"32964","worked just",1,72312,99.16
"32965","worked like",1,72313,99.16
"32966","worked no",1,72314,99.16
"32967","worked our",1,72315,99.17
"32968","worked out",1,72316,99.17
"32969","worked to",1,72317,99.17
"32970","worked up",1,72318,99.17
"32971","worked very",1,72319,99.17
"32972","worked well",1,72320,99.17
"32973","worked with",1,72321,99.17
"32974","working at",1,72322,99.18
"32975","working directly",1,72323,99.18
"32976","working memory",1,72324,99.18
"32977","working properly",1,72325,99.18
"32978","working running",1,72326,99.18
"32979","working society",1,72327,99.18
"32980","working up",1,72328,99.18
"32981","works and",1,72329,99.19
"32982","works because",1,72330,99.19
"32983","works both",1,72331,99.19
"32984","works can",1,72332,99.19
"32985","works in",1,72333,99.19
"32986","works really",1,72334,99.19
"32987","works well",1,72335,99.19
"32988","works with",1,72336,99.2
"32989","world are",1,72337,99.2
"32990","world around",1,72338,99.2
"32991","world as",1,72339,99.2
"32992","world at",1,72340,99.2
"32993","world bank",1,72341,99.2
"32994","world brewery",1,72342,99.2
"32995","world but",1,72343,99.2
"32996","world economy",1,72344,99.21
"32997","world famous",1,72345,99.21
"32998","world filled",1,72346,99.21
"32999","world for",1,72347,99.21
"33000","world from",1,72348,99.21
"33001","world get",1,72349,99.21
"33002","world he",1,72350,99.21
"33003","world health",1,72351,99.22
"33004","world his",1,72352,99.22
"33005","world it",1,72353,99.22
"33006","world many",1,72354,99.22
"33007","world market",1,72355,99.22
"33008","world no",1,72356,99.22
"33009","world not",1,72357,99.22
"33010","world often",1,72358,99.23
"33011","world on",1,72359,99.23
"33012","world post",1,72360,99.23
"33013","world that",1,72361,99.23
"33014","world those",1,72362,99.23
"33015","world through",1,72363,99.23
"33016","world together",1,72364,99.23
"33017","world trying",1,72365,99.23
"33018","world universe",1,72366,99.24
"33019","world view",1,72367,99.24
"33020","world vision",1,72368,99.24
"33021","world war",1,72369,99.24
"33022","world well",1,72370,99.24
"33023","world what",1,72371,99.24
"33024","world where",1,72372,99.24
"33025","world who",1,72373,99.25
"33026","world wide",1,72374,99.25
"33027","world yeah",1,72375,99.25
"33028","worn on",1,72376,99.25
"33029","worried i",1,72377,99.25
"33030","worry a",1,72378,99.25
"33031","worry be",1,72379,99.25
"33032","worry for",1,72380,99.26
"33033","worry i",1,72381,99.26
"33034","worry if",1,72382,99.26
"33035","worry just",1,72383,99.26
"33036","worry not",1,72384,99.26
"33037","worry over",1,72385,99.26
"33038","worry so",1,72386,99.26
"33039","worse even",1,72387,99.26
"33040","worse if",1,72388,99.27
"33041","worse it",1,72389,99.27
"33042","worse not",1,72390,99.27
"33043","worse now",1,72391,99.27
"33044","worse or",1,72392,99.27
"33045","worse when",1,72393,99.27
"33046","worse winter",1,72394,99.27
"33047","worship for",1,72395,99.28
"33048","worship here",1,72396,99.28
"33049","worship him",1,72397,99.28
"33050","worship some",1,72398,99.28
"33051","worship us",1,72399,99.28
"33052","worst feeling",1,72400,99.28
"33053","worth a",1,72401,99.28
"33054","worth and",1,72402,99.29
"33055","worth except",1,72403,99.29
"33056","worth my",1,72404,99.29
"33057","worth of",1,72405,99.29
"33058","worth over",1,72406,99.29
"33059","worth telling",1,72407,99.29
"33060","worth what",1,72408,99.29
"33061","would a",1,72409,99.3
"33062","would act",1,72410,99.3
"33063","would add",1,72411,99.3
"33064","would also",1,72412,99.3
"33065","would always",1,72413,99.3
"33066","would answer",1,72414,99.3
"33067","would anyone",1,72415,99.3
"33068","would been",1,72416,99.3
"33069","would believe",1,72417,99.31
"33070","would bring",1,72418,99.31
"33071","would come",1,72419,99.31
"33072","would consider",1,72420,99.31
"33073","would cut",1,72421,99.31
"33074","would drink",1,72422,99.31
"33075","would happen",1,72423,99.31
"33076","would head",1,72424,99.32
"33077","would hope",1,72425,99.32
"33078","would include",1,72426,99.32
"33079","would it",1,72427,99.32
"33080","would keep",1,72428,99.32
"33081","would law",1,72429,99.32
"33082","would light",1,72430,99.32
"33083","would lose",1,72431,99.33
"33084","would me",1,72432,99.33
"33085","would meet",1,72433,99.33
"33086","would most",1,72434,99.33
"33087","would only",1,72435,99.33
"33088","would order",1,72436,99.33
"33089","would out",1,72437,99.33
"33090","would perhaps",1,72438,99.33
"33091","would prefer",1,72439,99.34
"33092","would prove",1,72440,99.34
"33093","would put",1,72441,99.34
"33094","would rather",1,72442,99.34
"33095","would result",1,72443,99.34
"33096","would round",1,72444,99.34
"33097","would save",1,72445,99.34
"33098","would see",1,72446,99.35
"33099","would seem",1,72447,99.35
"33100","would share",1,72448,99.35
"33101","would so",1,72449,99.35
"33102","would spend",1,72450,99.35
"33103","would struggle",1,72451,99.35
"33104","would subject",1,72452,99.35
"33105","would take",1,72453,99.36
"33106","would they",1,72454,99.36
"33107","would think",1,72455,99.36
"33108","would those",1,72456,99.36
"33109","would to",1,72457,99.36
"33110","would travel",1,72458,99.36
"33111","would up",1,72459,99.36
"33112","would use",1,72460,99.37
"33113","would very",1,72461,99.37
"33114","would want",1,72462,99.37
"33115","would when",1,72463,99.37
"33116","would would",1,72464,99.37
"33117","would write",1,72465,99.37
"33118","wow how",1,72466,99.37
"33119","wow powerful",1,72467,99.37
"33120","wrap in",1,72468,99.38
"33121","wrap on",1,72469,99.38
"33122","wrapped a",1,72470,99.38
"33123","wrapped your",1,72471,99.38
"33124","write about",1,72472,99.38
"33125","write every",1,72473,99.38
"33126","write for",1,72474,99.38
"33127","write from",1,72475,99.39
"33128","write in",1,72476,99.39
"33129","write it",1,72477,99.39
"33130","write on",1,72478,99.39
"33131","write out",1,72479,99.39
"33132","write race",1,72480,99.39
"33133","write somehow",1,72481,99.39
"33134","write this",1,72482,99.4
"33135","write we",1,72483,99.4
"33136","write well",1,72484,99.4
"33137","write you",1,72485,99.4
"33138","writer again",1,72486,99.4
"33139","writer as",1,72487,99.4
"33140","writer away",1,72488,99.4
"33141","writer on",1,72489,99.4
"33142","writer s",1,72490,99.41
"33143","writer this",1,72491,99.41
"33144","writer you",1,72492,99.41
"33145","writing a",1,72493,99.41
"33146","writing about",1,72494,99.41
"33147","writing advice",1,72495,99.41
"33148","writing as",1,72496,99.41
"33149","writing during",1,72497,99.42
"33150","writing for",1,72498,99.42
"33151","writing income",1,72499,99.42
"33152","writing is",1,72500,99.42
"33153","writing it",1,72501,99.42
"33154","writing me",1,72502,99.42
"33155","writing one",1,72503,99.42
"33156","writing process",1,72504,99.43
"33157","writing so",1,72505,99.43
"33158","writing this",1,72506,99.43
"33159","writing through",1,72507,99.43
"33160","writing to",1,72508,99.43
"33161","writing two",1,72509,99.43
"33162","writing while",1,72510,99.43
"33163","written birth",1,72511,99.44
"33164","written but",1,72512,99.44
"33165","written dust",1,72513,99.44
"33166","written it",1,72514,99.44
"33167","written of",1,72515,99.44
"33168","written on",1,72516,99.44
"33169","written or",1,72517,99.44
"33170","written test",1,72518,99.44
"33171","written three",1,72519,99.45
"33172","wrong but",1,72520,99.45
"33173","wrong by",1,72521,99.45
"33174","wrong car",1,72522,99.45
"33175","wrong direction",1,72523,99.45
"33176","wrong guy",1,72524,99.45
"33177","wrong he",1,72525,99.45
"33178","wrong i",1,72526,99.46
"33179","wrong opinion",1,72527,99.46
"33180","wrong person",1,72528,99.46
"33181","wrong the",1,72529,99.46
"33182","wrong thing",1,72530,99.46
"33183","wrong was",1,72531,99.46
"33184","wrong way",1,72532,99.46
"33185","wrong with",1,72533,99.47
"33186","wrote at",1,72534,99.47
"33187","wrote line",1,72535,99.47
"33188","wrote of",1,72536,99.47
"33189","wrote several",1,72537,99.47
"33190","wrote this",1,72538,99.47
"33191","wrote you",1,72539,99.47
"33192","x even",1,72540,99.47
"33193","x is",1,72541,99.48
"33194","x m",1,72542,99.48
"33195","x square",1,72543,99.48
"33196","x wait",1,72544,99.48
"33197","y by",1,72545,99.48
"33198","y c",1,72546,99.48
"33199","y day",1,72547,99.48
"33200","y just",1,72548,99.49
"33201","y what",1,72549,99.49
"33202","ya about",1,72550,99.49
"33203","ya go",1,72551,99.49
"33204","ya i",1,72552,99.49
"33205","ya the",1,72553,99.49
"33206","ya there",1,72554,99.49
"33207","ya with",1,72555,99.5
"33208","yard at",1,72556,99.5
"33209","yard if",1,72557,99.5
"33210","yard s",1,72558,99.5
"33211","yard then",1,72559,99.5
"33212","yard too",1,72560,99.5
"33213","yard work",1,72561,99.5
"33214","yard you",1,72562,99.5
"33215","yeah but",1,72563,99.51
"33216","yeah he",1,72564,99.51
"33217","yeah last",1,72565,99.51
"33218","yeah my",1,72566,99.51
"33219","yeah you",1,72567,99.51
"33220","year a",1,72568,99.51
"33221","year am",1,72569,99.51
"33222","year anniversary",1,72570,99.52
"33223","year as",1,72571,99.52
"33224","year at",1,72572,99.52
"33225","year by",1,72573,99.52
"33226","year cash",1,72574,99.52
"33227","year collection",1,72575,99.52
"33228","year everyone",1,72576,99.52
"33229","year he",1,72577,99.53
"33230","year history",1,72578,99.53
"33231","year la",1,72579,99.53
"33232","year life",1,72580,99.53
"33233","year long",1,72581,99.53
"33234","year may",1,72582,99.53
"33235","year not",1,72583,99.53
"33236","year on",1,72584,99.54
"33237","year round",1,72585,99.54
"33238","year said",1,72586,99.54
"33239","year six",1,72587,99.54
"33240","year so",1,72588,99.54
"33241","year spring",1,72589,99.54
"33242","year than",1,72590,99.54
"33243","year this",1,72591,99.54
"33244","year to",1,72592,99.55
"33245","year up",1,72593,99.55
"33246","year was",1,72594,99.55
"33247","year when",1,72595,99.55
"33248","year where",1,72596,99.55
"33249","year won",1,72597,99.55
"33250","yellow but",1,72598,99.55
"33251","yes a",1,72599,99.56
"33252","yes and",1,72600,99.56
"33253","yes creation",1,72601,99.56
"33254","yes did",1,72602,99.56
"33255","yes everything",1,72603,99.56
"33256","yes it",1,72604,99.56
"33257","yes love",1,72605,99.56
"33258","yes of",1,72606,99.57
"33259","yes there",1,72607,99.57
"33260","yes they",1,72608,99.57
"33261","yes this",1,72609,99.57
"33262","yes to",1,72610,99.57
"33263","yes was",1,72611,99.57
"33264","yes what",1,72612,99.57
"33265","yes wonderful",1,72613,99.57
"33266","yes yes",1,72614,99.58
"33267","yes you",1,72615,99.58
"33268","yesterday a",1,72616,99.58
"33269","yesterday against",1,72617,99.58
"33270","yesterday and",1,72618,99.58
"33271","yesterday because",1,72619,99.58
"33272","yesterday he",1,72620,99.58
"33273","yesterday morning",1,72621,99.59
"33274","yesterday one",1,72622,99.59
"33275","yesterday our",1,72623,99.59
"33276","yesterday s",1,72624,99.59
"33277","yesterday so",1,72625,99.59
"33278","yesterday was",1,72626,99.59
"33279","yesterday with",1,72627,99.59
"33280","yet about",1,72628,99.6
"33281","yet again",1,72629,99.6
"33282","yet been",1,72630,99.6
"33283","yet breakfast",1,72631,99.6
"33284","yet good",1,72632,99.6
"33285","yet have",1,72633,99.6
"33286","yet he",1,72634,99.6
"33287","yet kept",1,72635,99.61
"33288","yet most",1,72636,99.61
"33289","yet my",1,72637,99.61
"33290","yet never",1,72638,99.61
"33291","yet over",1,72639,99.61
"33292","yet powerful",1,72640,99.61
"33293","yet s",1,72641,99.61
"33294","yet shall",1,72642,99.61
"33295","yet so",1,72643,99.62
"33296","yet sold",1,72644,99.62
"33297","yet tell",1,72645,99.62
"33298","yet there",1,72646,99.62
"33299","yet though",1,72647,99.62
"33300","yet weird",1,72648,99.62
"33301","yet while",1,72649,99.62
"33302","york actually",1,72650,99.63
"33303","york area",1,72651,99.63
"33304","york in",1,72652,99.63
"33305","york on",1,72653,99.63
"33306","york showing",1,72654,99.63
"33307","york state",1,72655,99.63
"33308","york that",1,72656,99.63
"33309","you access",1,72657,99.64
"33310","you any",1,72658,99.64
"33311","you back",1,72659,99.64
"33312","you been",1,72660,99.64
"33313","you big",1,72661,99.64
"33314","you blame",1,72662,99.64
"33315","you born",1,72663,99.64
"33316","you bring",1,72664,99.64
"33317","you brown",1,72665,99.65
"33318","you build",1,72666,99.65
"33319","you buy",1,72667,99.65
"33320","you by",1,72668,99.65
"33321","you call",1,72669,99.65
"33322","you cannot",1,72670,99.65
"33323","you certainly",1,72671,99.65
"33324","you check",1,72672,99.66
"33325","you chose",1,72673,99.66
"33326","you clearly",1,72674,99.66
"33327","you closer",1,72675,99.66
"33328","you continue",1,72676,99.66
"33329","you decide",1,72677,99.66
"33330","you done",1,72678,99.66
"33331","you down",1,72679,99.67
"33332","you drive",1,72680,99.67
"33333","you early",1,72681,99.67
"33334","you eat",1,72682,99.67
"33335","you enter",1,72683,99.67
"33336","you everyone",1,72684,99.67
"33337","you fantastic",1,72685,99.67
"33338","you financial",1,72686,99.67
"33339","you first",1,72687,99.68
"33340","you follow",1,72688,99.68
"33341","you free",1,72689,99.68
"33342","you gave",1,72690,99.68
"33343","you give",1,72691,99.68
"33344","you hate",1,72692,99.68
"33345","you hear",1,72693,99.68
"33346","you hi",1,72694,99.69
"33347","you hop",1,72695,99.69
"33348","you however",1,72696,99.69
"33349","you imagine",1,72697,99.69
"33350","you into",1,72698,99.69
"33351","you is",1,72699,99.69
"33352","you keep",1,72700,99.69
"33353","you kind",1,72701,99.7
"33354","you knew",1,72702,99.7
"33355","you last",1,72703,99.7
"33356","you leave",1,72704,99.7
"33357","you likely",1,72705,99.7
"33358","you line",1,72706,99.7
"33359","you little",1,72707,99.7
"33360","you look",1,72708,99.71
"33361","you lord",1,72709,99.71
"33362","you making",1,72710,99.71
"33363","you me",1,72711,99.71
"33364","you mean",1,72712,99.71
"33365","you naturally",1,72713,99.71
"33366","you no",1,72714,99.71
"33367","you of",1,72715,99.71
"33368","you often",1,72716,99.72
"33369","you oh",1,72717,99.72
"33370","you only",1,72718,99.72
"33371","you open",1,72719,99.72
"33372","you originally",1,72720,99.72
"33373","you people",1,72721,99.72
"33374","you place",1,72722,99.72
"33375","you please",1,72723,99.73
"33376","you prepared",1,72724,99.73
"33377","you produce",1,72725,99.73
"33378","you put",1,72726,99.73
"33379","you quickly",1,72727,99.73
"33380","you ran",1,72728,99.73
"33381","you reading",1,72729,99.73
"33382","you realize",1,72730,99.74
"33383","you respect",1,72731,99.74
"33384","you returned",1,72732,99.74
"33385","you rule",1,72733,99.74
"33386","you said",1,72734,99.74
"33387","you save",1,72735,99.74
"33388","you serve",1,72736,99.74
"33389","you shape",1,72737,99.74
"33390","you share",1,72738,99.75
"33391","you she",1,72739,99.75
"33392","you show",1,72740,99.75
"33393","you someone",1,72741,99.75
"33394","you soon",1,72742,99.75
"33395","you spread",1,72743,99.75
"33396","you stay",1,72744,99.75
"33397","you still",1,72745,99.76
"33398","you stop",1,72746,99.76
"33399","you sure",1,72747,99.76
"33400","you suspect",1,72748,99.76
"33401","you take",1,72749,99.76
"33402","you teach",1,72750,99.76
"33403","you tell",1,72751,99.76
"33404","you thank",1,72752,99.77
"33405","you this",1,72753,99.77
"33406","you told",1,72754,99.77
"33407","you too",1,72755,99.77
"33408","you totally",1,72756,99.77
"33409","you trying",1,72757,99.77
"33410","you turned",1,72758,99.77
"33411","you us",1,72759,99.78
"33412","you very",1,72760,99.78
"33413","you view",1,72761,99.78
"33414","you wait",1,72762,99.78
"33415","you went",1,72763,99.78
"33416","you when",1,72764,99.78
"33417","you while",1,72765,99.78
"33418","you wish",1,72766,99.78
"33419","you with",1,72767,99.79
"33420","you wore",1,72768,99.79
"33421","you work",1,72769,99.79
"33422","you wrapped",1,72770,99.79
"33423","you you",1,72771,99.79
"33424","young are",1,72772,99.79
"33425","young at",1,72773,99.79
"33426","young beauty",1,72774,99.8
"33427","young being",1,72775,99.8
"33428","young boy",1,72776,99.8
"33429","young even",1,72777,99.8
"33430","young for",1,72778,99.8
"33431","young in",1,72779,99.8
"33432","young male",1,72780,99.8
"33433","young man",1,72781,99.81
"33434","young pro",1,72782,99.81
"33435","young woman",1,72783,99.81
"33436","younger brother",1,72784,99.81
"33437","younger but",1,72785,99.81
"33438","younger son",1,72786,99.81
"33439","your administration",1,72787,99.81
"33440","your air",1,72788,99.81
"33441","your almost",1,72789,99.82
"33442","your approach",1,72790,99.82
"33443","your as",1,72791,99.82
"33444","your at",1,72792,99.82
"33445","your background",1,72793,99.82
"33446","your birth",1,72794,99.82
"33447","your brain",1,72795,99.82
"33448","your brand",1,72796,99.83
"33449","your busy",1,72797,99.83
"33450","your but",1,72798,99.83
"33451","your can",1,72799,99.83
"33452","your card",1,72800,99.83
"33453","your clothes",1,72801,99.83
"33454","your come",1,72802,99.83
"33455","your core",1,72803,99.84
"33456","your cut",1,72804,99.84
"33457","your daddy",1,72805,99.84
"33458","your decision",1,72806,99.84
"33459","your digital",1,72807,99.84
"33460","your divine",1,72808,99.84
"33461","your does",1,72809,99.84
"33462","your end",1,72810,99.85
"33463","your entire",1,72811,99.85
"33464","your excited",1,72812,99.85
"33465","your exercise",1,72813,99.85
"33466","your experience",1,72814,99.85
"33467","your feature",1,72815,99.85
"33468","your field",1,72816,99.85
"33469","your film",1,72817,99.85
"33470","your food",1,72818,99.86
"33471","your for",1,72819,99.86
"33472","your from",1,72820,99.86
"33473","your fully",1,72821,99.86
"33474","your fun",1,72822,99.86
"33475","your general",1,72823,99.86
"33476","your give",1,72824,99.86
"33477","your guilty",1,72825,99.87
"33478","your guitar",1,72826,99.87
"33479","your health",1,72827,99.87
"33480","your heart",1,72828,99.87
"33481","your high",1,72829,99.87
"33482","your his",1,72830,99.87
"33483","your holy",1,72831,99.87
"33484","your if",1,72832,99.88
"33485","your inspired",1,72833,99.88
"33486","your left",1,72834,99.88
"33487","your library",1,72835,99.88
"33488","your like",1,72836,99.88
"33489","your link",1,72837,99.88
"33490","your list",1,72838,99.88
"33491","your local",1,72839,99.88
"33492","your lovely",1,72840,99.89
"33493","your me",1,72841,99.89
"33494","your mental",1,72842,99.89
"33495","your mommy",1,72843,99.89
"33496","your mother",1,72844,99.89
"33497","your new",1,72845,99.89
"33498","your no",1,72846,99.89
"33499","your not",1,72847,99.9
"33500","your of",1,72848,99.9
"33501","your on",1,72849,99.9
"33502","your one",1,72850,99.9
"33503","your out",1,72851,99.9
"33504","your oven",1,72852,99.9
"33505","your pan",1,72853,99.9
"33506","your parent",1,72854,99.91
"33507","your people",1,72855,99.91
"33508","your phone",1,72856,99.91
"33509","your picture",1,72857,99.91
"33510","your pool",1,72858,99.91
"33511","your post",1,72859,99.91
"33512","your power",1,72860,99.91
"33513","your practice",1,72861,99.91
"33514","your property",1,72862,99.92
"33515","your purpose",1,72863,99.92
"33516","your real",1,72864,99.92
"33517","your recently",1,72865,99.92
"33518","your regular",1,72866,99.92
"33519","your review",1,72867,99.92
"33520","your s",1,72868,99.92
"33521","your safe",1,72869,99.93
"33522","your school",1,72870,99.93
"33523","your self",1,72871,99.93
"33524","your significant",1,72872,99.93
"33525","your skin",1,72873,99.93
"33526","your small",1,72874,99.93
"33527","your so",1,72875,99.93
"33528","your soul",1,72876,99.94
"33529","your spirit",1,72877,99.94
"33530","your spiritual",1,72878,99.94
"33531","your spring",1,72879,99.94
"33532","your story",1,72880,99.94
"33533","your table",1,72881,99.94
"33534","your talent",1,72882,99.94
"33535","your tell",1,72883,99.95
"33536","your telling",1,72884,99.95
"33537","your the",1,72885,99.95
"33538","your traditional",1,72886,99.95
"33539","your vacation",1,72887,99.95
"33540","your ways",1,72888,99.95
"33541","your we",1,72889,99.95
"33542","your weather",1,72890,99.95
"33543","your where",1,72891,99.96
"33544","your wine",1,72892,99.96
"33545","your winter",1,72893,99.96
"33546","your work",1,72894,99.96
"33547","your works",1,72895,99.96
"33548","your yet",1,72896,99.96
"33549","your you",1,72897,99.96
"33550","your your",1,72898,99.97
"33551","yours but",1,72899,99.97
"33552","yours either",1,72900,99.97
"33553","yours the",1,72901,99.97
"33554","yours to",1,72902,99.97
"33555","yours truly",1,72903,99.97
"33556","yourself a",1,72904,99.97
"33557","yourself about",1,72905,99.98
"33558","yourself anything",1,72906,99.98
"33559","yourself be",1,72907,99.98
"33560","yourself directly",1,72908,99.98
"33561","yourself do",1,72909,99.98
"33562","yourself for",1,72910,99.98
"33563","yourself i",1,72911,99.98
"33564","yourself inside",1,72912,99.98
"33565","yourself is",1,72913,99.99
"33566","yourself project",1,72914,99.99
"33567","yourself understanding",1,72915,99.99
"33568","yourself where",1,72916,99.99
"33569","yourself with",1,72917,99.99
"33570","youth and",1,72918,99.99
"33571","youth plenty",1,72919,99.99
"33572","zone and",1,72920,100
"33573","zone as",1,72921,100
"33574","zone of",1,72922,100
"33575","zone to",1,72923,100
