"","value","count","cumsum","pct"
"1","the",1860681,1860681,5.66
"2","and",1094859,2955540,8.99
"3","to",1069562,4025102,12.24
"4","i",906809,4931911,15
"5","a",904058,5835969,17.75
"6","of",876847,6712816,20.41
"7","in",598758,7311574,22.23
"8","it",485366,7796940,23.71
"9","that",484196,8281136,25.18
"10","is",432763,8713899,26.5
"11","for",363934,9077833,27.6
"12","you",327901,9405734,28.6
"13","s",325268,9731002,29.59
"14","with",286769,10017771,30.46
"15","was",278361,10296132,31.31
"16","on",276585,10572717,32.15
"17","my",270947,10843664,32.97
"18","this",259189,11102853,33.76
"19","as",224012,11326865,34.44
"20","have",218953,11545818,35.11
"21","be",209100,11754918,35.74
"22","we",207431,11962349,36.38
"23","but",206532,12168881,37
"24","are",193989,12362870,37.59
"25","t",192620,12555490,38.18
"26","not",175063,12730553,38.71
"27","at",172272,12902825,39.23
"28","so",167083,13069908,39.74
"29","he",159623,13229531,40.23
"30","they",152448,13381979,40.69
"31","from",148410,13530389,41.14
"32","all",147146,13677535,41.59
"33","or",144360,13821895,42.03
"34","me",140287,13962182,42.46
"35","one",129063,14091245,42.85
"36","by",123405,14214650,43.22
"37","can",119102,14333752,43.59
"38","what",115555,14449307,43.94
"39","about",115376,14564683,44.29
"40","will",112871,14677554,44.63
"41","up",110966,14788520,44.97
"42","out",110871,14899391,45.31
"43","an",110064,15009455,45.64
"44","his",110036,15119491,45.98
"45","if",108978,15228469,46.31
"46","there",108194,15336663,46.64
"47","had",107030,15443693,46.96
"48","her",106331,15550024,47.28
"49","when",104285,15654309,47.6
"50","just",100814,15755123,47.91
"51","like",100464,15855587,48.21
"52","she",100430,15956017,48.52
"53","your",99742,16055759,48.82
"54","more",92893,16148652,49.1
"55","do",92568,16241220,49.39
"56","time",91031,16332251,49.66
"57","their",89797,16422048,49.94
"58","some",88932,16510980,50.21
"59","who",87707,16598687,50.47
"60","our",85117,16683804,50.73
"61","would",82402,16766206,50.98
"62","them",80558,16846764,51.23
"63","been",77974,16924738,51.46
"64","were",77635,17002373,51.7
"65","m",72902,17075275,51.92
"66","which",72119,17147394,52.14
"67","get",71137,17218531,52.36
"68","no",69416,17287947,52.57
"69","how",66770,17354717,52.77
"70","into",62863,17417580,52.96
"71","then",61930,17479510,53.15
"72","people",61161,17540671,53.34
"73","know",60604,17601275,53.52
"74","now",60459,17661734,53.71
"75","because",58021,17719755,53.88
"76","don",56767,17776522,54.05
"77","other",56389,17832911,54.23
"78","also",55374,17888285,54.39
"79","new",54857,17943142,54.56
"80","day",52755,17995897,54.72
"81","only",52694,18048591,54.88
"82","over",52388,18100979,55.04
"83","even",52186,18153165,55.2
"84","first",51639,18204804,55.36
"85","back",51319,18256123,55.51
"86","make",51222,18307345,55.67
"87","well",50856,18358201,55.82
"88","am",50837,18409038,55.98
"89","than",50573,18459611,56.13
"90","us",50471,18510082,56.29
"91","see",50268,18560350,56.44
"92","really",49979,18610329,56.59
"93","him",49822,18660151,56.74
"94","good",49309,18709460,56.89
"95","much",49214,18758674,57.04
"96","here",49207,18807881,57.19
"97","very",48300,18856181,57.34
"98","these",48031,18904212,57.48
"99","think",47782,18951994,57.63
"100","way",47529,18999523,57.77
"101","after",46805,19046328,57.92
"102","little",45799,19092127,58.06
"103","love",45338,19137465,58.19
"104","could",45285,19182750,58.33
"105","go",43506,19226256,58.46
"106","two",42319,19268575,58.59
"107","life",41803,19310378,58.72
"108","many",40024,19350402,58.84
"109","most",39899,19390301,58.96
"110","any",39783,19430084,59.08
"111","going",39770,19469854,59.2
"112","did",39158,19509012,59.32
"113","where",39093,19548105,59.44
"114","being",39076,19587181,59.56
"115","still",38054,19625235,59.68
"116","too",37725,19662960,59.79
"117","those",37697,19700657,59.91
"118","want",37629,19738286,60.02
"119","work",37548,19775834,60.13
"120","made",37343,19813177,60.25
"121","year",37093,19850270,60.36
"122","before",37013,19887283,60.47
"123","said",36712,19923995,60.58
"124","last",36097,19960092,60.69
"125","re",36094,19996186,60.8
"126","through",35421,20031607,60.91
"127","down",35367,20066974,61.02
"128","off",35249,20102223,61.13
"129","while",35022,20137245,61.23
"130","right",34728,20171973,61.34
"131","something",34716,20206689,61.44
"132","its",33700,20240389,61.55
"133","take",33464,20273853,61.65
"134","around",32749,20306602,61.75
"135","may",32449,20339051,61.85
"136","d",32343,20371394,61.95
"137","few",31774,20403168,62.04
"138","got",31617,20434785,62.14
"139","never",31383,20466168,62.23
"140","great",31360,20497528,62.33
"141","say",31204,20528732,62.42
"142","world",30701,20559433,62.52
"143","need",29728,20589161,62.61
"144","book",28409,20617570,62.69
"145","should",28280,20645850,62.78
"146","every",28037,20673887,62.87
"147","home",27999,20701886,62.95
"148","another",27995,20729881,63.04
"149","own",27969,20757850,63.12
"150","week",27534,20785384,63.2
"151","long",27128,20812512,63.29
"152","always",26699,20839211,63.37
"153","again",26496,20865707,63.45
"154","look",26214,20891921,63.53
"155","why",26069,20917990,63.61
"156","find",26064,20944054,63.69
"157","come",25751,20969805,63.77
"158","each",25663,20995468,63.84
"159","today",25289,21020757,63.92
"160","next",25016,21045773,64
"161","such",24704,21070477,64.07
"162","use",24650,21095127,64.15
"163","let",24458,21119585,64.22
"164","feel",24455,21144040,64.29
"165","since",24288,21168328,64.37
"166","thing",24050,21192378,64.44
"167","same",24029,21216407,64.51
"168","old",23847,21240254,64.59
"169","used",23280,21263534,64.66
"170","place",23068,21286602,64.73
"171","best",22862,21309464,64.8
"172","sure",22497,21331961,64.87
"173","until",21900,21353861,64.93
"174","lot",21604,21375465,65
"175","though",21507,21396972,65.06
"176","part",21454,21418426,65.13
"177","thought",21430,21439856,65.19
"178","read",21400,21461256,65.26
"179","put",21252,21482508,65.32
"180","both",21004,21503512,65.39
"181","away",20869,21524381,65.45
"182","better",20772,21545153,65.51
"183","family",20520,21565673,65.58
"184","does",20441,21586114,65.64
"185","end",20244,21606358,65.7
"186","days",20183,21626541,65.76
"187","man",19995,21646536,65.82
"188","ever",19982,21666518,65.88
"189","bit",19749,21686267,65.94
"190","went",19744,21706011,66
"191","night",19528,21725539,66.06
"192","might",19402,21744941,66.12
"193","found",19377,21764318,66.18
"194","post",19326,21783644,66.24
"195","story",19323,21802967,66.3
"196","give",19238,21822205,66.36
"197","big",19225,21841430,66.42
"198","house",19049,21860479,66.47
"199","without",18828,21879307,66.53
"200","enough",18806,21898113,66.59
"201","different",18766,21916879,66.64
"202","three",18564,21935443,66.7
"203","help",18547,21953990,66.76
"204","school",18248,21972238,66.81
"205","once",18191,21990429,66.87
"206","actually",18128,22008557,66.92
"207","myself",18044,22026601,66.98
"208","keep",17911,22044512,67.03
"209","came",17598,22062110,67.09
"210","doing",17463,22079573,67.14
"211","between",17104,22096677,67.19
"212","times",16861,22113538,67.24
"213","getting",16798,22130336,67.29
"214","done",16796,22147132,67.35
"215","show",16755,22163887,67.4
"216","left",16722,22180609,67.45
"217","set",16670,22197279,67.5
"218","yet",16481,22213760,67.55
"219","point",16250,22230010,67.6
"220","course",16233,22246243,67.65
"221","making",16033,22262276,67.7
"222","together",16031,22278307,67.74
"223","must",16020,22294327,67.79
"224","pretty",15989,22310316,67.84
"225","took",15729,22326045,67.89
"226","tell",15418,22341463,67.94
"227","looking",15398,22356861,67.98
"228","however",15358,22372219,68.03
"229","hope",15314,22387533,68.08
"230","start",15214,22402747,68.12
"231","everything",15189,22417936,68.17
"232","someone",15169,22433105,68.21
"233","anything",15150,22448255,68.26
"234","try",15136,22463391,68.31
"235","hard",15041,22478432,68.35
"236","fun",15009,22493441,68.4
"237","small",14772,22508213,68.44
"238","high",14755,22522968,68.49
"239","fact",14686,22537654,68.53
"240","able",14662,22552316,68.58
"241","everyone",14580,22566896,68.62
"242","quite",14558,22581454,68.67
"243","top",14524,22595978,68.71
"244","during",14484,22610462,68.75
"245","far",14483,22624945,68.8
"246","told",14366,22639311,68.84
"247","white",14326,22653637,68.89
"248","room",14309,22667946,68.93
"249","nothing",14156,22682102,68.97
"250","real",14098,22696200,69.01
"251","person",14067,22710267,69.06
"252","maybe",14065,22724332,69.1
"253","food",13980,22738312,69.14
"254","water",13902,22752214,69.19
"255","head",13852,22766066,69.23
"256","least",13759,22779825,69.27
"257","free",13731,22793556,69.31
"258","already",13674,22807230,69.35
"259","kind",13641,22820871,69.39
"260","full",13542,22834413,69.43
"261","mind",13487,22847900,69.48
"262","happy",13479,22861379,69.52
"263","side",13372,22874751,69.56
"264","trying",13247,22887998,69.6
"265","whole",13197,22901195,69.64
"266","believe",13194,22914389,69.68
"267","under",13115,22927504,69.72
"268","name",13030,22940534,69.76
"269","often",13022,22953556,69.8
"270","live",13002,22966558,69.84
"271","writing",12786,22979344,69.88
"272","bad",12737,22992081,69.91
"273","past",12726,23004807,69.95
"274","working",12702,23017509,69.99
"275","friend",12695,23030204,70.03
"276","along",12634,23042838,70.07
"277","probably",12600,23055438,70.11
"278","add",12585,23068023,70.15
"279","later",12571,23080594,70.18
"280","heart",12497,23093091,70.22
"281","hand",12378,23105469,70.26
"282","second",12365,23117834,70.3
"283","ago",12359,23130193,70.33
"284","remember",12346,23142539,70.37
"285","idea",12308,23154847,70.41
"286","almost",12292,23167139,70.45
"287","less",12283,23179422,70.48
"288","yes",12270,23191692,70.52
"289","against",12210,23203902,70.56
"290","money",12153,23216055,70.6
"291","th",12045,23228100,70.63
"292","morning",12033,23240133,70.67
"293","change",11819,23251952,70.7
"294","decided",11771,23263723,70.74
"295","city",11599,23275322,70.78
"296","couple",11502,23286824,70.81
"297","comes",11474,23298298,70.85
"298","become",11399,23309697,70.88
"299","rather",11335,23321032,70.91
"300","state",11246,23332278,70.95
"301","seen",11233,23343511,70.98
"302","reading",11199,23354710,71.02
"303","run",11196,23365906,71.05
"304","else",11122,23377028,71.08
"305","felt",11067,23388095,71.12
"306","play",11040,23399135,71.15
"307","won",11030,23410165,71.19
"308","case",10981,23421146,71.22
"309","light",10966,23432112,71.25
"310","face",10928,23443040,71.29
"311","nice",10924,23453964,71.32
"312","call",10894,23464858,71.35
"313","half",10877,23475735,71.39
"314","music",10875,23486610,71.42
"315","mother",10857,23497467,71.45
"316","oh",10786,23508253,71.48
"317","sometimes",10760,23519013,71.52
"318","finally",10667,23529680,71.55
"319","beer",10606,23540286,71.58
"320","job",10536,23550822,71.61
"321","card",10533,23561355,71.65
"322","write",10485,23571840,71.68
"323","instead",10406,23582246,71.71
"324","young",10401,23592647,71.74
"325","important",10283,23602930,71.77
"326","please",10250,23613180,71.8
"327","word",10220,23623400,71.83
"328","given",10174,23633574,71.87
"329","month",10171,23643745,71.9
"330","share",10139,23653884,71.93
"331","knew",10122,23664006,71.96
"332","stop",10086,23674092,71.99
"333","open",10083,23684175,72.02
"334","leave",10056,23694231,72.05
"335","beautiful",10052,23704283,72.08
"336","child",10017,23714300,72.11
"337","mean",10014,23724314,72.14
"338","coming",9984,23734298,72.17
"339","saw",9970,23744268,72.2
"340","group",9950,23754218,72.23
"341","paper",9928,23764146,72.26
"342","taking",9927,23774073,72.29
"343","cut",9924,23783997,72.32
"344","girl",9912,23793909,72.35
"345","easy",9897,23803806,72.38
"346","thinking",9893,23813699,72.41
"347","anyone",9884,23823583,72.44
"348","body",9841,23833424,72.47
"349","several",9841,23843265,72.5
"350","experience",9831,23853096,72.53
"351","film",9771,23862867,72.56
"352","line",9715,23872582,72.59
"353","men",9690,23882272,72.62
"354","soon",9669,23891941,72.65
"355","order",9651,23901592,72.68
"356","country",9618,23911210,72.71
"357","care",9556,23920766,72.74
"358","true",9510,23930276,72.77
"359","either",9507,23939783,72.8
"360","power",9507,23949290,72.83
"361","number",9473,23958763,72.85
"362","game",9389,23968152,72.88
"363","favorite",9367,23977519,72.91
"364","baby",9307,23986826,72.94
"365","living",9290,23996116,72.97
"366","party",9286,24005402,73
"367","business",9273,24014675,73.02
"368","although",9267,24023942,73.05
"369","four",9259,24033201,73.08
"370","reason",9207,24042408,73.11
"371","woman",9162,24051570,73.14
"372","stuff",9146,24060716,73.16
"373","public",9141,24069857,73.19
"374","government",9131,24078988,73.22
"375","early",9111,24088099,73.25
"376","perfect",9103,24097202,73.27
"377","list",9084,24106286,73.3
"378","large",9053,24115339,73.33
"379","self",9042,24124381,73.36
"380","moment",9030,24133411,73.38
"381","especially",9020,24142431,73.41
"382","short",9009,24151440,73.44
"383","turn",8929,24160369,73.47
"384","red",8904,24169273,73.49
"385","movie",8894,24178167,73.52
"386","talk",8894,24187061,73.55
"387","above",8856,24195917,73.58
"388","ask",8833,24204750,73.6
"389","feeling",8783,24213533,73.63
"390","within",8681,24222214,73.65
"391","weekend",8679,24230893,73.68
"392","rest",8632,24239525,73.71
"393","local",8631,24248156,73.73
"394","challenge",8607,24256763,73.76
"395","behind",8583,24265346,73.79
"396","car",8493,24273839,73.81
"397","matter",8468,24282307,73.84
"398","art",8425,24290732,73.86
"399","enjoy",8406,24299138,73.89
"400","team",8406,24307544,73.91
"401","taken",8378,24315922,73.94
"402","front",8375,24324297,73.97
"403","across",8343,24332640,73.99
"404","class",8284,24340924,74.02
"405","check",8272,24349196,74.04
"406","sense",8253,24357449,74.07
"407","lost",8228,24365677,74.09
"408","simply",8203,24373880,74.12
"409","close",8177,24382057,74.14
"410","bring",8152,24390209,74.17
"411","wrong",8140,24398349,74.19
"412","picture",8099,24406448,74.22
"413","problem",8070,24414518,74.24
"414","hear",8058,24422576,74.26
"415","wonderful",8053,24430629,74.29
"416","goes",8009,24438638,74.31
"417","perhaps",7984,24446622,74.34
"418","human",7978,24454600,74.36
"419","thank",7957,24462557,74.39
"420","news",7920,24470477,74.41
"421","known",7911,24478388,74.43
"422","project",7910,24486298,74.46
"423","gave",7908,24494206,74.48
"424","outside",7907,24502113,74.51
"425","wait",7901,24510014,74.53
"426","father",7892,24517906,74.55
"427","series",7871,24525777,74.58
"428","ready",7852,24533629,74.6
"429","whether",7848,24541477,74.63
"430","question",7836,24549313,74.65
"431","five",7821,24557134,74.67
"432","special",7821,24564955,74.7
"433","turned",7821,24572776,74.72
"434","understand",7801,24580577,74.74
"435","information",7784,24588361,74.77
"436","saying",7761,24596122,74.79
"437","needs",7731,24603853,74.82
"438","summer",7726,24611579,74.84
"439","move",7709,24619288,74.86
"440","law",7679,24626967,74.89
"441","watch",7626,24634593,74.91
"442","buy",7618,24642211,74.93
"443","running",7589,24649800,74.96
"444","amazing",7580,24657380,74.98
"445","seem",7566,24664946,75
"446","eat",7558,24672504,75.02
"447","simple",7523,24680027,75.05
"448","area",7516,24687543,75.07
"449","inside",7503,24695046,75.09
"450","tried",7503,24702549,75.12
"451","company",7493,24710042,75.14
"452","future",7467,24717509,75.16
"453","haven",7449,24724958,75.18
"454","green",7442,24732400,75.21
"455","plan",7440,24739840,75.23
"456","interesting",7426,24747266,75.25
"457","e",7415,24754681,75.27
"458","history",7414,24762095,75.3
"459","possible",7413,24769508,75.32
"460","sweet",7409,24776917,75.34
"461","usually",7394,24784311,75.36
"462","support",7384,24791695,75.39
"463","based",7365,24799060,75.41
"464","store",7362,24806422,75.43
"465","process",7352,24813774,75.45
"466","husband",7309,24821083,75.48
"467","stay",7276,24828359,75.5
"468","system",7266,24835625,75.52
"469","walk",7245,24842870,75.54
"470","piece",7228,24850098,75.56
"471","yourself",7198,24857296,75.59
"472","social",7190,24864486,75.61
"473","son",7072,24871558,75.63
"474","thanks",7063,24878621,75.65
"475","upon",7033,24885654,75.67
"476","learn",7030,24892684,75.69
"477","character",7010,24899694,75.72
"478","following",6974,24906668,75.74
"479","longer",6955,24913623,75.76
"480","talking",6926,24920549,75.78
"481","space",6922,24927471,75.8
"482","late",6917,24934388,75.82
"483","spent",6909,24941297,75.84
"484","himself",6885,24948182,75.86
"485","war",6876,24955058,75.88
"486","age",6866,24961924,75.9
"487","themselves",6839,24968763,75.93
"488","door",6819,24975582,75.95
"489","create",6782,24982364,75.97
"490","completely",6777,24989141,75.99
"491","town",6764,24995905,76.01
"492","anyway",6753,25002658,76.03
"493","season",6743,25009401,76.05
"494","guy",6719,25016120,76.07
"495","ways",6717,25022837,76.09
"496","cool",6715,25029552,76.11
"497","dark",6715,25036267,76.13
"498","form",6698,25042965,76.15
"499","added",6696,25049661,76.17
"500","hot",6680,25056341,76.19
"501","boy",6652,25062993,76.21
"502","works",6652,25069645,76.23
"503","clear",6645,25076290,76.25
"504","cannot",6635,25082925,76.27
"505","single",6627,25089552,76.29
"506","community",6608,25096160,76.31
"507","lots",6606,25102766,76.33
"508","guess",6603,25109369,76.35
"509","gone",6591,25115960,76.37
"510","level",6578,25122538,76.39
"511","c",6562,25129100,76.41
"512","hour",6558,25135658,76.43
"513","written",6550,25142208,76.45
"514","example",6543,25148751,76.47
"515","visit",6513,25155264,76.49
"516","recently",6479,25161743,76.51
"517","style",6471,25168214,76.53
"518","street",6463,25174677,76.55
"519","bed",6461,25181138,76.57
"520","hair",6447,25187585,76.59
"521","song",6447,25194032,76.61
"522","forward",6436,25200468,76.63
"523","lord",6434,25206902,76.65
"524","huge",6357,25213259,76.67
"525","media",6346,25219605,76.69
"526","whatever",6326,25225931,76.71
"527","fall",6313,25232244,76.73
"528","blue",6310,25238554,76.75
"529","yesterday",6297,25244851,76.76
"530","available",6286,25251137,76.78
"531","happen",6284,25257421,76.8
"532","personal",6284,25263705,76.82
"533","deal",6280,25269985,76.84
"534","control",6210,25276195,76.86
"535","below",6205,25282400,76.88
"536","page",6200,25288600,76.9
"537","national",6192,25294792,76.92
"538","pay",6192,25300984,76.94
"539","itself",6183,25307167,76.95
"540","design",6179,25313346,76.97
"541","middle",6128,25319474,76.99
"542","cover",6121,25325595,77.01
"543","hit",6118,25331713,77.03
"544","south",6078,25337791,77.05
"545","health",6075,25343866,77.07
"546","non",6061,25349927,77.08
"547","chance",6056,25355983,77.1
"548","road",6015,25361998,77.12
"549","st",6015,25368013,77.14
"550","b",6011,25374024,77.16
"551","due",6003,25380027,77.18
"552","worth",5991,25386018,77.19
"553","hold",5976,25391994,77.21
"554","certain",5969,25397963,77.23
"555","sort",5953,25403916,77.25
"556","police",5944,25409860,77.27
"557","office",5907,25415767,77.28
"558","wish",5907,25421674,77.3
"559","trip",5901,25427575,77.32
"560","strong",5887,25433462,77.34
"561","watching",5887,25439349,77.36
"562","sound",5884,25445233,77.37
"563","entire",5863,25451096,77.39
"564","worked",5848,25456944,77.41
"565","earth",5834,25462778,77.43
"566","dinner",5831,25468609,77.45
"567","giving",5819,25474428,77.46
"568","follow",5801,25480229,77.48
"569","definitely",5798,25486027,77.5
"570","alone",5783,25491810,77.52
"571","phone",5778,25497588,77.53
"572","air",5762,25503350,77.55
"573","note",5761,25509111,77.57
"574","step",5744,25514855,77.59
"575","market",5718,25520573,77.6
"576","brought",5710,25526283,77.62
"577","lovely",5704,25531987,77.64
"578","cold",5701,25537688,77.66
"579","break",5691,25543379,77.67
"580","exactly",5687,25549066,77.69
"581","image",5669,25554735,77.71
"582","continue",5664,25560399,77.72
"583","table",5662,25566061,77.74
"584","service",5655,25571716,77.76
"585","seeing",5630,25577346,77.78
"586","recipe",5628,25582974,77.79
"587","fine",5599,25588573,77.81
"588","daughter",5586,25594159,77.83
"589","low",5586,25599745,77.84
"590","truth",5577,25605322,77.86
"591","event",5568,25610890,77.88
"592","further",5568,25616458,77.89
"593","oil",5558,25622016,77.91
"594","spend",5543,25627559,77.93
"595","meet",5534,25633093,77.95
"596","answer",5529,25638622,77.96
"597","act",5513,25644135,77.98
"598","photo",5511,25649646,78
"599","according",5510,25655156,78.01
"600","waiting",5497,25660653,78.03
"601","pick",5481,25666134,78.05
"602","spring",5465,25671599,78.06
"603","quickly",5459,25677058,78.08
"604","cup",5436,25682494,78.1
"605","main",5436,25687930,78.11
"606","stand",5433,25693363,78.13
"607","issue",5428,25698791,78.14
"608","building",5427,25704218,78.16
"609","view",5411,25709629,78.18
"610","difficult",5408,25715037,78.19
"611","excited",5400,25720437,78.21
"612","general",5396,25725833,78.23
"613","birthday",5374,25731207,78.24
"614","bought",5371,25736578,78.26
"615","york",5357,25741935,78.28
"616","certainly",5356,25747291,78.29
"617","u",5355,25752646,78.31
"618","attention",5338,25757984,78.32
"619","action",5322,25763306,78.34
"620","video",5311,25768617,78.36
"621","eye",5299,25773916,78.37
"622","voice",5293,25779209,78.39
"623","type",5284,25784493,78.41
"624","kept",5268,25789761,78.42
"625","truly",5260,25795021,78.44
"626","wife",5252,25800273,78.45
"627","choice",5249,25805522,78.47
"628","political",5247,25810769,78.49
"629","met",5244,25816013,78.5
"630","energy",5240,25821253,78.52
"631","learned",5231,25826484,78.53
"632","deep",5211,25831695,78.55
"633","sit",5211,25836906,78.56
"634","chocolate",5204,25842110,78.58
"635","original",5180,25847290,78.6
"636","sugar",5180,25852470,78.61
"637","third",5177,25857647,78.63
"638","among",5173,25862820,78.64
"639","x",5157,25867977,78.66
"640","complete",5139,25873116,78.68
"641","present",5130,25878246,78.69
"642","sleep",5114,25883360,78.71
"643","president",5105,25888465,78.72
"644","author",5089,25893554,78.74
"645","wonder",5085,25898639,78.75
"646","mine",5084,25903723,78.77
"647","cake",5067,25908790,78.78
"648","novel",5065,25913855,78.8
"649","finished",5052,25918907,78.81
"650","win",5051,25923958,78.83
"651","likely",5042,25929000,78.84
"652","choose",5038,25934038,78.86
"653","cream",5033,25939071,78.88
"654","final",5030,25944101,78.89
"655","park",5028,25949129,78.91
"656","sun",5021,25954150,78.92
"657","six",5016,25959166,78.94
"658","p",5015,25964181,78.95
"659","fresh",5000,25969181,78.97
"660","site",4991,25974172,78.98
"661","super",4981,25979153,79
"662","particular",4979,25984132,79.01
"663","ground",4962,25989094,79.03
"664","onto",4957,25994051,79.04
"665","dad",4956,25999007,79.06
"666","crazy",4949,26003956,79.07
"667","band",4944,26008900,79.09
"668","miss",4933,26013833,79.1
"669","tomorrow",4933,26018766,79.12
"670","starting",4930,26023696,79.13
"671","nature",4920,26028616,79.15
"672","relationship",4920,26033536,79.16
"673","wrote",4916,26038452,79.18
"674","major",4915,26043367,79.19
"675","dog",4907,26048274,79.21
"676","pain",4904,26053178,79.22
"677","beginning",4898,26058076,79.24
"678","busy",4898,26062974,79.25
"679","society",4887,26067861,79.27
"680","heat",4875,26072736,79.28
"681","sitting",4853,26077589,79.3
"682","extra",4841,26082430,79.31
"683","college",4839,26087269,79.33
"684","despite",4836,26092105,79.34
"685","brown",4827,26096932,79.36
"686","university",4782,26101714,79.37
"687","million",4779,26106493,79.38
"688","moving",4773,26111266,79.4
"689","sister",4759,26116025,79.41
"690","gift",4755,26120780,79.43
"691","size",4746,26125526,79.44
"692","blood",4743,26130269,79.46
"693","amount",4735,26135004,79.47
"694","awesome",4733,26139737,79.49
"695","sent",4716,26144453,79.5
"696","mix",4715,26149168,79.51
"697","cause",4701,26153869,79.53
"698","o",4698,26158567,79.54
"699","article",4693,26163260,79.56
"700","offer",4682,26167942,79.57
"701","taste",4677,26172619,79.59
"702","fast",4663,26177282,79.6
"703","center",4659,26181941,79.61
"704","imagine",4644,26186585,79.63
"705","return",4639,26191224,79.64
"706","eating",4629,26195853,79.66
"707","learning",4624,26200477,79.67
"708","fit",4600,26205077,79.68
"709","land",4596,26209673,79.7
"710","towards",4596,26214269,79.71
"711","race",4592,26218861,79.73
"712","per",4591,26223452,79.74
"713","result",4570,26228022,79.75
"714","research",4567,26232589,79.77
"715","round",4552,26237141,79.78
"716","price",4548,26241689,79.8
"717","lead",4538,26246227,79.81
"718","chicken",4533,26250760,79.82
"719","drive",4533,26255293,79.84
"720","wall",4529,26259822,79.85
"721","current",4527,26264349,79.86
"722","born",4521,26268870,79.88
"723","various",4516,26273386,79.89
"724","interest",4515,26277901,79.91
"725","program",4509,26282410,79.92
"726","clean",4508,26286918,79.93
"727","north",4506,26291424,79.95
"728","rock",4499,26295923,79.96
"729","recent",4498,26300421,79.97
"730","quick",4489,26304910,79.99
"731","evening",4473,26309383,80
"732","figure",4457,26313840,80.02
"733","kitchen",4442,26318282,80.03
"734","plus",4438,26322720,80.04
"735","focus",4436,26327156,80.06
"736","shop",4436,26331592,80.07
"737","natural",4433,26336025,80.08
"738","warm",4433,26340458,80.1
"739","date",4428,26344886,80.11
"740","received",4427,26349313,80.12
"741","court",4417,26353730,80.14
"742","opportunity",4411,26358141,80.15
"743","daily",4410,26362551,80.16
"744","situation",4410,26366961,80.18
"745","spirit",4407,26371368,80.19
"746","common",4392,26375760,80.2
"747","version",4389,26380149,80.22
"748","walking",4375,26384524,80.23
"749","provide",4374,26388898,80.24
"750","scene",4374,26393272,80.26
"751","brother",4368,26397640,80.27
"752","wear",4367,26402007,80.28
"753","bottom",4364,26406371,80.3
"754","beyond",4361,26410732,80.31
"755","similar",4361,26415093,80.32
"756","funny",4352,26419445,80.34
"757","march",4350,26423795,80.35
"758","save",4344,26428139,80.36
"759","minute",4342,26432481,80.38
"760","hate",4336,26436817,80.39
"761","poor",4334,26441151,80.4
"762","reality",4334,26445485,80.42
"763","quality",4325,26449810,80.43
"764","totally",4319,26454129,80.44
"765","cost",4318,26458447,80.45
"766","forget",4314,26462761,80.47
"767","weight",4303,26467064,80.48
"768","allow",4299,26471363,80.49
"769","finish",4292,26475655,80.51
"770","weather",4286,26479941,80.52
"771","coffee",4285,26484226,80.53
"772","link",4274,26488500,80.55
"773","floor",4273,26492773,80.56
"774","include",4257,26497030,80.57
"775","filled",4214,26501244,80.59
"776","begin",4207,26505451,80.6
"777","involved",4204,26509655,80.61
"778","ended",4196,26513851,80.62
"779","growing",4190,26518041,80.64
"780","dream",4187,26522228,80.65
"781","except",4185,26526413,80.66
"782","sorry",4177,26530590,80.67
"783","speak",4170,26534760,80.69
"784","tree",4169,26538929,80.7
"785","garden",4165,26543094,80.71
"786","term",4161,26547255,80.72
"787","review",4156,26551411,80.74
"788","doctor",4153,26555564,80.75
"789","throughout",4151,26559715,80.76
"790","bar",4147,26563862,80.78
"791","comment",4143,26568005,80.79
"792","cute",4134,26572139,80.8
"793","nearly",4110,26576249,80.81
"794","cheese",4107,26580356,80.83
"795","mostly",4099,26584455,80.84
"796","normal",4098,26588553,80.85
"797","consider",4074,26592627,80.86
"798","easily",4073,26596700,80.88
"799","whose",4063,26600763,80.89
"800","telling",4051,26604814,80.9
"801","meeting",4049,26608863,80.91
"802","send",4048,26612911,80.92
"803","interested",4047,26616958,80.94
"804","collection",4021,26620979,80.95
"805","united",4018,26624997,80.96
"806","absolutely",4015,26629012,80.97
"807","record",4013,26633025,80.99
"808","seriously",4007,26637032,81
"809","drink",4003,26641035,81.01
"810","ten",3997,26645032,81.02
"811","album",3996,26649028,81.03
"812","winter",3985,26653013,81.05
"813","de",3984,26656997,81.06
"814","decision",3982,26660979,81.07
"815","shot",3976,26664955,81.08
"816","lunch",3955,26668910,81.09
"817","bag",3951,26672861,81.11
"818","star",3948,26676809,81.12
"819","sign",3941,26680750,81.13
"820","dry",3938,26684688,81.14
"821","meant",3938,26688626,81.15
"822","writer",3935,26692561,81.17
"823","dress",3933,26696494,81.18
"824","language",3919,26700413,81.19
"825","glass",3907,26704320,81.2
"826","report",3904,26708224,81.21
"827","skin",3889,26712113,81.23
"828","apparently",3880,26715993,81.24
"829","butter",3878,26719871,81.25
"830","expect",3877,26723748,81.26
"831","peace",3874,26727622,81.27
"832","creative",3872,26731494,81.29
"833","yeah",3866,26735360,81.3
"834","board",3864,26739224,81.31
"835","shall",3862,26743086,81.32
"836","study",3857,26746943,81.33
"837","trust",3849,26750792,81.34
"838","education",3845,26754637,81.36
"839","mark",3842,26758479,81.37
"840","success",3839,26762318,81.38
"841","bowl",3831,26766149,81.39
"842","eventually",3823,26769972,81.4
"843","modern",3815,26773787,81.41
"844","cook",3810,26777597,81.43
"845","king",3809,26781406,81.44
"846","leaving",3795,26785201,81.45
"847","subject",3790,26788991,81.46
"848","supposed",3790,26792781,81.47
"849","touch",3783,26796564,81.48
"850","culture",3778,26800342,81.49
"851","key",3770,26804112,81.51
"852","training",3768,26807880,81.52
"853","total",3765,26811645,81.53
"854","leaves",3763,26815408,81.54
"855","ice",3753,26819161,81.55
"856","pink",3752,26822913,81.56
"857","realize",3752,26826665,81.57
"858","track",3746,26830411,81.59
"859","grow",3733,26834144,81.6
"860","stage",3732,26837876,81.61
"861","lack",3730,26841606,81.62
"862","title",3728,26845334,81.63
"863","computer",3726,26849060,81.64
"864","role",3723,26852783,81.65
"865","release",3718,26856501,81.67
"866","immediately",3717,26860218,81.68
"867","wine",3717,26863935,81.69
"868","clearly",3716,26867651,81.7
"869","joy",3715,26871366,81.71
"870","listen",3710,26875076,81.72
"871","product",3708,26878784,81.73
"872","wedding",3698,26882482,81.74
"873","n",3694,26886176,81.76
"874","press",3691,26889867,81.77
"875","former",3688,26893555,81.78
"876","west",3665,26897220,81.79
"877","position",3661,26900881,81.8
"878","g",3660,26904541,81.81
"879","difference",3652,26908193,81.82
"880","brain",3651,26911844,81.83
"881","salt",3634,26915478,81.84
"882","indeed",3619,26919097,81.86
"883","force",3616,26922713,81.87
"884","sat",3611,26926324,81.88
"885","particularly",3610,26929934,81.89
"886","soul",3610,26933544,81.9
"887","afternoon",3607,26937151,81.91
"888","sad",3605,26940756,81.92
"889","practice",3604,26944360,81.93
"890","tea",3604,26947964,81.94
"891","international",3603,26951567,81.95
"892","picked",3601,26955168,81.97
"893","straight",3601,26958769,81.98
"894","serious",3590,26962359,81.99
"895","value",3590,26965949,82
"896","fair",3589,26969538,82.01
"897","ahead",3582,26973120,82.02
"898","goal",3576,26976696,82.03
"899","therefore",3575,26980271,82.04
"900","slightly",3572,26983843,82.05
"901","join",3568,26987411,82.06
"902","field",3564,26990975,82.07
"903","knowledge",3560,26994535,82.09
"904","stopped",3546,26998081,82.1
"905","lived",3538,27001619,82.11
"906","mention",3534,27005153,82.12
"907","knowing",3532,27008685,82.13
"908","thus",3531,27012216,82.14
"909","healthy",3528,27015744,82.15
"910","message",3526,27019270,82.16
"911","hospital",3516,27022786,82.17
"912","camera",3515,27026301,82.18
"913","pass",3511,27029812,82.19
"914","popular",3502,27033314,82.2
"915","ran",3485,27036799,82.21
"916","ourselves",3479,27040278,82.22
"917","clothes",3475,27043753,82.23
"918","lucky",3470,27047223,82.25
"919","safe",3469,27050692,82.26
"920","test",3465,27054157,82.27
"921","journey",3463,27057620,82.28
"922","previous",3463,27061083,82.29
"923","finding",3457,27064540,82.3
"924","regular",3455,27067995,82.31
"925","fan",3442,27071437,82.32
"926","effect",3438,27074875,82.33
"927","older",3436,27078311,82.34
"928","k",3433,27081744,82.35
"929","ability",3432,27085176,82.36
"930","development",3430,27088606,82.37
"931","milk",3429,27092035,82.38
"932","lady",3425,27095460,82.39
"933","serve",3415,27098875,82.4
"934","currently",3414,27102289,82.41
"935","bill",3394,27105683,82.42
"936","keeping",3392,27109075,82.43
"937","gold",3382,27112457,82.44
"938","dance",3377,27115834,82.45
"939","secret",3374,27119208,82.46
"940","herself",3365,27122573,82.47
"941","science",3363,27125936,82.48
"942","tonight",3359,27129295,82.49
"943","bread",3358,27132653,82.51
"944","none",3354,27136007,82.52
"945","content",3343,27139350,82.53
"946","beauty",3337,27142687,82.54
"947","club",3336,27146023,82.55
"948","paint",3335,27149358,82.56
"949","lose",3330,27152688,82.57
"950","unfortunately",3321,27156009,82.58
"951","smile",3320,27159329,82.59
"952","cross",3318,27162647,82.6
"953","somewhere",3315,27165962,82.61
"954","shopping",3312,27169274,82.62
"955","teacher",3311,27172585,82.63
"956","turns",3310,27175895,82.64
"957","rich",3297,27179192,82.65
"958","wearing",3297,27182489,82.66
"959","member",3292,27185781,82.67
"960","industry",3290,27189071,82.68
"961","pop",3284,27192355,82.69
"962","section",3283,27195638,82.7
"963","unless",3282,27198920,82.71
"964","doubt",3278,27202198,82.72
"965","heavy",3276,27205474,82.73
"966","career",3275,27208749,82.74
"967","j",3275,27212024,82.75
"968","easier",3264,27215288,82.76
"969","caught",3262,27218550,82.77
"970","led",3262,27221812,82.78
"971","worse",3254,27225066,82.79
"972","pan",3252,27228318,82.8
"973","window",3246,27231564,82.81
"974","build",3245,27234809,82.82
"975","double",3244,27238053,82.83
"976","obviously",3240,27241293,82.84
"977","nor",3227,27244520,82.85
"978","notice",3224,27247744,82.86
"979","colors",3223,27250967,82.86
"980","spot",3209,27254176,82.87
"981","positive",3206,27257382,82.88
"982","higher",3200,27260582,82.89
"983","tiny",3195,27263777,82.9
"984","rain",3192,27266969,82.91
"985","evidence",3191,27270160,82.92
"986","soft",3190,27273350,82.93
"987","purpose",3183,27276533,82.94
"988","hopefully",3160,27279693,82.95
"989","covered",3158,27282851,82.96
"990","travel",3150,27286001,82.97
"991","inspired",3149,27289150,82.98
"992","century",3148,27292298,82.99
"993","physical",3147,27295445,83
"994","reach",3146,27298591,83.01
"995","built",3143,27301734,83.02
"996","theme",3139,27304873,83.03
"997","security",3136,27308009,83.04
"998","included",3134,27311143,83.05
"999","watched",3130,27314273,83.06
"1000","corner",3126,27317399,83.07
"1001","holiday",3126,27320525,83.08
"1002","individual",3122,27323647,83.09
"1003","speaking",3122,27326769,83.1
"1004","private",3120,27329889,83.1
"1005","posted",3119,27333008,83.11
"1006","unique",3116,27336124,83.12
"1007","whom",3115,27339239,83.13
"1008","meaning",3110,27342349,83.14
"1009","considered",3106,27345455,83.15
"1010","traditional",3101,27348556,83.16
"1011","conversation",3098,27351654,83.17
"1012","student",3091,27354745,83.18
"1013","loss",3089,27357834,83.19
"1014","somehow",3083,27360917,83.2
"1015","sauce",3075,27363992,83.21
"1016","actual",3074,27367066,83.22
"1017","tired",3074,27370140,83.23
"1018","freedom",3070,27373210,83.24
"1019","necessary",3070,27376280,83.25
"1020","craft",3061,27379341,83.26
"1021","opinion",3061,27382402,83.26
"1022","cooking",3052,27385454,83.27
"1023","effort",3051,27388505,83.28
"1024","standing",3046,27391551,83.29
"1025","letter",3040,27394591,83.3
"1026","married",3040,27397631,83.31
"1027","forever",3039,27400670,83.32
"1028","snow",3038,27403708,83.33
"1029","fell",3036,27406744,83.34
"1030","sell",3029,27409773,83.35
"1031","welcome",3026,27412799,83.36
"1032","becomes",3024,27415823,83.37
"1033","ride",3024,27418847,83.38
"1034","wide",3022,27421869,83.38
"1035","contact",3015,27424884,83.39
"1036","basic",3011,27427895,83.4
"1037","search",3009,27430904,83.41
"1038","catch",3008,27433912,83.42
"1039","surprise",3007,27436919,83.43
"1040","train",3007,27439926,83.44
"1041","addition",3006,27442932,83.45
"1042","background",3006,27445938,83.46
"1043","winner",3006,27448944,83.47
"1044","f",3003,27451947,83.48
"1045","r",2996,27454943,83.49
"1046","possibly",2993,27457936,83.49
"1047","mouth",2989,27460925,83.5
"1048","opening",2988,27463913,83.51
"1049","slowly",2987,27466900,83.52
"1050","holy",2983,27469883,83.53
"1051","fashion",2982,27472865,83.54
"1052","understanding",2982,27475847,83.55
"1053","hurt",2977,27478824,83.56
"1054","slow",2977,27481801,83.57
"1055","beat",2975,27484776,83.58
"1056","fish",2972,27487748,83.58
"1057","nation",2971,27490719,83.59
"1058","range",2971,27493690,83.6
"1059","fiction",2968,27496658,83.61
"1060","evil",2966,27499624,83.62
"1061","pull",2966,27502590,83.63
"1062","path",2964,27505554,83.64
"1063","potential",2962,27508516,83.65
"1064","usual",2961,27511477,83.66
"1065","roll",2957,27514434,83.67
"1066","sea",2953,27517387,83.67
"1067","response",2947,27520334,83.68
"1068","bright",2945,27523279,83.69
"1069","worry",2936,27526215,83.7
"1070","sale",2930,27529145,83.71
"1071","dear",2926,27532071,83.72
"1072","enter",2925,27534996,83.73
"1073","hotel",2922,27537918,83.74
"1074","honest",2921,27540839,83.75
"1075","base",2919,27543758,83.76
"1076","fully",2919,27546677,83.76
"1077","reader",2917,27549594,83.77
"1078","stick",2917,27552511,83.78
"1079","decide",2916,27555427,83.79
"1080","anti",2913,27558340,83.8
"1081","related",2911,27561251,83.81
"1082","admit",2906,27564157,83.82
"1083","marriage",2905,27567062,83.83
"1084","movement",2898,27569960,83.83
"1085","east",2894,27572854,83.84
"1086","holding",2891,27575745,83.85
"1087","memory",2890,27578635,83.86
"1088","basically",2889,27581524,83.87
"1089","aside",2887,27584411,83.88
"1090","delicious",2887,27587298,83.89
"1091","strange",2882,27590180,83.9
"1092","audience",2881,27593061,83.91
"1093","source",2878,27595939,83.91
"1094","river",2874,27598813,83.92
"1095","birth",2872,27601685,83.93
"1096","explain",2870,27604555,83.94
"1097","highly",2863,27607418,83.95
"1098","beach",2861,27610279,83.96
"1099","baking",2857,27613136,83.97
"1100","stamp",2857,27615993,83.97
"1101","fruit",2852,27618845,83.98
"1102","apart",2849,27621694,83.99
"1103","seven",2848,27624542,84
"1104","oven",2845,27627387,84.01
"1105","click",2844,27630231,84.02
"1106","specific",2843,27633074,84.03
"1107","broken",2841,27635915,84.04
"1108","economic",2841,27638756,84.04
"1109","shape",2840,27641596,84.05
"1110","receive",2833,27644429,84.06
"1111","attempt",2831,27647260,84.07
"1112","fabric",2831,27650091,84.08
"1113","island",2830,27652921,84.09
"1114","medium",2830,27655751,84.1
"1115","director",2821,27658572,84.1
"1116","department",2815,27661387,84.11
"1117","copy",2808,27664195,84.12
"1118","glad",2800,27666995,84.13
"1119","suddenly",2797,27669792,84.14
"1120","brand",2796,27672588,84.15
"1121","staff",2795,27675383,84.16
"1122","discovered",2792,27678175,84.16
"1123","driving",2789,27680964,84.17
"1124","becoming",2788,27683752,84.18
"1125","approach",2783,27686535,84.19
"1126","extremely",2783,27689318,84.2
"1127","ball",2781,27692099,84.21
"1128","account",2780,27694879,84.21
"1129","plenty",2778,27697657,84.22
"1130","yellow",2771,27700428,84.23
"1131","bottle",2768,27703196,84.24
"1132","otherwise",2766,27705962,84.25
"1133","performance",2765,27708727,84.26
"1134","grace",2760,27711487,84.27
"1135","arms",2756,27714243,84.27
"1136","spending",2755,27716998,84.28
"1137","continued",2749,27719747,84.29
"1138","quiet",2746,27722493,84.3
"1139","sold",2746,27725239,84.31
"1140","setting",2743,27727982,84.32
"1141","risk",2742,27730724,84.32
"1142","toward",2737,27733461,84.33
"1143","restaurant",2735,27736196,84.34
"1144","aware",2732,27738928,84.35
"1145","throw",2719,27741647,84.36
"1146","successful",2717,27744364,84.37
"1147","text",2714,27747078,84.37
"1148","technology",2711,27749789,84.38
"1149","meal",2708,27752497,84.39
"1150","latest",2706,27755203,84.4
"1151","machine",2706,27757909,84.41
"1152","carry",2705,27760614,84.41
"1153","inspiration",2704,27763318,84.42
"1154","property",2700,27766018,84.43
"1155","artist",2698,27768716,84.44
"1156","pattern",2697,27771413,84.45
"1157","lower",2691,27774104,84.46
"1158","drop",2689,27776793,84.46
"1159","military",2689,27779482,84.47
"1160","wild",2688,27782170,84.48
"1161","respect",2687,27784857,84.49
"1162","wind",2684,27787541,84.5
"1163","advice",2681,27790222,84.5
"1164","access",2679,27792901,84.51
"1165","missing",2676,27795577,84.52
"1166","financial",2674,27798251,84.53
"1167","calling",2672,27800923,84.54
"1168","loving",2672,27803595,84.55
"1169","spread",2667,27806262,84.55
"1170","willing",2666,27808928,84.56
"1171","june",2664,27811592,84.57
"1172","claim",2661,27814253,84.58
"1173","powerful",2660,27816913,84.59
"1174","stuck",2660,27819573,84.59
"1175","l",2656,27822229,84.6
"1176","showing",2643,27824872,84.61
"1177","hey",2642,27827514,84.62
"1178","plot",2641,27830155,84.63
"1179","screen",2641,27832796,84.63
"1180","headed",2638,27835434,84.64
"1181","rate",2637,27838071,84.65
"1182","la",2635,27840706,84.66
"1183","provided",2634,27843340,84.67
"1184","lately",2631,27845971,84.67
"1185","avoid",2626,27848597,84.68
"1186","meat",2622,27851219,84.69
"1187","prepared",2618,27853837,84.7
"1188","material",2614,27856451,84.71
"1189","trouble",2612,27859063,84.71
"1190","fantastic",2611,27861674,84.72
"1191","cat",2609,27864283,84.73
"1192","breakfast",2604,27866887,84.74
"1193","hop",2603,27869490,84.75
"1194","accept",2597,27872087,84.75
"1195","battle",2597,27874684,84.76
"1196","y",2597,27877281,84.77
"1197","generally",2596,27879877,84.78
"1198","fill",2595,27882472,84.79
"1199","radio",2595,27885067,84.79
"1200","library",2594,27887661,84.8
"1201","random",2593,27890254,84.81
"1202","teaching",2593,27892847,84.82
"1203","exciting",2591,27895438,84.82
"1204","designed",2587,27898025,84.83
"1205","magic",2585,27900610,84.84
"1206","pair",2585,27903195,84.85
"1207","obvious",2584,27905779,84.86
"1208","trade",2582,27908361,84.86
"1209","bank",2579,27910940,84.87
"1210","literally",2575,27913515,84.88
"1211","jack",2572,27916087,84.89
"1212","strength",2572,27918659,84.9
"1213","limited",2570,27921229,84.9
"1214","foot",2568,27923797,84.91
"1215","excellent",2567,27926364,84.92
"1216","famous",2566,27928930,84.93
"1217","via",2566,27931496,84.93
"1218","edge",2561,27934057,84.94
"1219","overall",2560,27936617,84.95
"1220","variety",2559,27939176,84.96
"1221","sky",2551,27941727,84.97
"1222","remove",2546,27944273,84.97
"1223","biggest",2542,27946815,84.98
"1224","speed",2539,27949354,84.99
"1225","classic",2536,27951890,85
"1226","station",2527,27954417,85
"1227","data",2523,27956940,85.01
"1228","heaven",2523,27959463,85.02
"1229","worst",2523,27961986,85.03
"1230","chose",2522,27964508,85.03
"1231","dish",2522,27967030,85.04
"1232","campaign",2521,27969551,85.05
"1233","drinking",2520,27972071,85.06
"1234","happening",2517,27974588,85.07
"1235","china",2516,27977104,85.07
"1236","direction",2514,27979618,85.08
"1237","egg",2514,27982132,85.09
"1238","afraid",2513,27984645,85.1
"1239","address",2512,27987157,85.1
"1240","exercise",2512,27989669,85.11
"1241","tour",2512,27992181,85.12
"1242","justice",2511,27994692,85.13
"1243","match",2511,27997203,85.13
"1244","mixture",2507,27999710,85.14
"1245","average",2505,28002215,85.15
"1246","listening",2503,28004718,85.16
"1247","flour",2502,28007220,85.16
"1248","tax",2501,28009721,85.17
"1249","legal",2500,28012221,85.18
"1250","item",2496,28014717,85.19
"1251","professional",2496,28017213,85.19
"1252","laugh",2492,28019705,85.2
"1253","female",2486,28022191,85.21
"1254","turning",2486,28024677,85.22
"1255","perfectly",2471,28027148,85.23
"1256","draw",2470,28029618,85.23
"1257","dogs",2469,28032087,85.24
"1258","magazine",2468,28034555,85.25
"1259","rule",2468,28037023,85.26
"1260","model",2466,28039489,85.26
"1261","policy",2456,28041945,85.27
"1262","peter",2453,28044398,85.28
"1263","print",2452,28046850,85.28
"1264","weird",2450,28049300,85.29
"1265","orange",2449,28051749,85.3
"1266","mail",2444,28054193,85.31
"1267","golden",2439,28056632,85.31
"1268","closer",2438,28059070,85.32
"1269","agree",2437,28061507,85.33
"1270","statement",2435,28063942,85.34
"1271","award",2434,28066376,85.34
"1272","grand",2432,28068808,85.35
"1273","forced",2430,28071238,85.36
"1274","bunch",2429,28073667,85.37
"1275","pray",2429,28076096,85.37
"1276","appear",2428,28078524,85.38
"1277","teach",2428,28080952,85.39
"1278","leading",2426,28083378,85.4
"1279","directly",2425,28085803,85.4
"1280","spiritual",2425,28088228,85.41
"1281","flower",2424,28090652,85.42
"1282","taught",2422,28093074,85.43
"1283","helping",2417,28095491,85.43
"1284","moon",2414,28097905,85.44
"1285","central",2410,28100315,85.45
"1286","gorgeous",2404,28102719,85.45
"1287","increase",2403,28105122,85.46
"1288","gotten",2401,28107523,85.47
"1289","percent",2398,28109921,85.48
"1290","religious",2398,28112319,85.48
"1291","medical",2389,28114708,85.49
"1292","conference",2387,28117095,85.5
"1293","digital",2386,28119481,85.51
"1294","apple",2381,28121862,85.51
"1295","growth",2375,28124237,85.52
"1296","hearing",2374,28126611,85.53
"1297","painting",2373,28128984,85.53
"1298","square",2369,28131353,85.54
"1299","tend",2369,28133722,85.55
"1300","pack",2365,28136087,85.56
"1301","push",2365,28138452,85.56
"1302","credit",2364,28140816,85.57
"1303","cast",2360,28143176,85.58
"1304","neither",2358,28145534,85.59
"1305","raised",2354,28147888,85.59
"1306","stock",2350,28150238,85.6
"1307","sides",2348,28152586,85.61
"1308","count",2345,28154931,85.61
"1309","fabulous",2344,28157275,85.62
"1310","bus",2342,28159617,85.63
"1311","promise",2341,28161958,85.63
"1312","twice",2341,28164299,85.64
"1313","bear",2339,28166638,85.65
"1314","episode",2337,28168975,85.66
"1315","fairly",2332,28171307,85.66
"1316","production",2327,28173634,85.67
"1317","stood",2326,28175960,85.68
"1318","fellow",2322,28178282,85.68
"1319","twitter",2317,28180599,85.69
"1320","interview",2314,28182913,85.7
"1321","rice",2313,28185226,85.71
"1322","pressure",2308,28187534,85.71
"1323","standard",2306,28189840,85.72
"1324","judge",2305,28192145,85.73
"1325","remain",2305,28194450,85.73
"1326","purchase",2295,28196745,85.74
"1327","v",2291,28199036,85.75
"1328","entirely",2284,28201320,85.75
"1329","honestly",2284,28203604,85.76
"1330","foreign",2280,28205884,85.77
"1331","rose",2280,28208164,85.78
"1332","familiar",2279,28210443,85.78
"1333","w",2275,28212718,85.79
"1334","ink",2271,28214989,85.8
"1335","festival",2267,28217256,85.8
"1336","grown",2267,28219523,85.81
"1337","comfortable",2261,28221784,85.82
"1338","web",2259,28224043,85.82
"1339","greater",2258,28226301,85.83
"1340","luck",2256,28228557,85.84
"1341","degree",2255,28230812,85.84
"1342","progress",2255,28233067,85.85
"1343","closed",2254,28235321,85.86
"1344","television",2254,28237575,85.86
"1345","balance",2253,28239828,85.87
"1346","eight",2253,28242081,85.88
"1347","wood",2253,28244334,85.89
"1348","global",2251,28246585,85.89
"1349","mass",2251,28248836,85.9
"1350","bake",2250,28251086,85.91
"1351","environment",2250,28253336,85.91
"1352","budget",2242,28255578,85.92
"1353","classes",2241,28257819,85.93
"1354","easter",2239,28260058,85.93
"1355","prayer",2239,28262297,85.94
"1356","somewhat",2236,28264533,85.95
"1357","leader",2234,28266767,85.95
"1358","dough",2232,28268999,85.96
"1359","stone",2232,28271231,85.97
"1360","fighting",2231,28273462,85.97
"1361","treat",2230,28275692,85.98
"1362","concept",2227,28277919,85.99
"1363","pepper",2227,28280146,85.99
"1364","alive",2222,28282368,86
"1365","seat",2213,28284581,86.01
"1366","al",2212,28286793,86.01
"1367","player",2212,28289005,86.02
"1368","impact",2207,28291212,86.03
"1369","economy",2203,28293415,86.03
"1370","hill",2203,28295618,86.04
"1371","master",2200,28297818,86.05
"1372","significant",2200,28300018,86.05
"1373","emotional",2199,28302217,86.06
"1374","male",2198,28304415,86.07
"1375","everywhere",2197,28306612,86.07
"1376","hall",2195,28308807,86.08
"1377","basis",2194,28311001,86.09
"1378","chosen",2194,28313195,86.09
"1379","grew",2194,28315389,86.1
"1380","feature",2192,28317581,86.11
"1381","empty",2191,28319772,86.11
"1382","presence",2190,28321962,86.12
"1383","appreciate",2188,28324150,86.13
"1384","council",2187,28326337,86.13
"1385","till",2186,28328523,86.14
"1386","wanting",2185,28330708,86.15
"1387","hearts",2184,28332892,86.15
"1388","everyday",2183,28335075,86.16
"1389","western",2178,28337253,86.17
"1390","mary",2168,28339421,86.17
"1391","official",2165,28341586,86.18
"1392","tough",2165,28343751,86.19
"1393","grade",2162,28345913,86.19
"1394","impossible",2162,28348075,86.2
"1395","ale",2161,28350236,86.21
"1396","plastic",2160,28352396,86.21
"1397","rise",2156,28354552,86.22
"1398","recommend",2155,28356707,86.23
"1399","activity",2154,28358861,86.23
"1400","shown",2154,28361015,86.24
"1401","chair",2152,28363167,86.25
"1402","smaller",2152,28365319,86.25
"1403","majority",2150,28367469,86.26
"1404","returned",2148,28369617,86.27
"1405","selling",2147,28371764,86.27
"1406","lay",2146,28373910,86.28
"1407","option",2145,28376055,86.29
"1408","chapter",2137,28378192,86.29
"1409","animal",2136,28380328,86.3
"1410","personally",2136,28382464,86.31
"1411","concerned",2135,28384599,86.31
"1412","farm",2127,28386726,86.32
"1413","celebrate",2126,28388852,86.32
"1414","vote",2126,28390978,86.33
"1415","marketing",2120,28393098,86.34
"1416","population",2117,28395215,86.34
"1417","breath",2113,28397328,86.35
"1418","crowd",2111,28399439,86.36
"1419","produce",2111,28401550,86.36
"1420","stir",2111,28403661,86.37
"1421","shirt",2108,28405769,86.38
"1422","posting",2106,28407875,86.38
"1423","hanging",2105,28409980,86.39
"1424","mid",2099,28412079,86.4
"1425","wondering",2098,28414177,86.4
"1426","flat",2094,28416271,86.41
"1427","wow",2089,28418360,86.41
"1428","ending",2087,28420447,86.42
"1429","prize",2086,28422533,86.43
"1430","smell",2084,28424617,86.43
"1431","anywhere",2079,28426696,86.44
"1432","powder",2076,28428772,86.45
"1433","direct",2075,28430847,86.45
"1434","enjoying",2075,28432922,86.46
"1435","update",2075,28434997,86.47
"1436","entry",2074,28437071,86.47
"1437","charge",2068,28439139,86.48
"1438","benefit",2067,28441206,86.48
"1439","hello",2065,28443271,86.49
"1440","lie",2063,28445334,86.5
"1441","guide",2059,28447393,86.5
"1442","stress",2057,28449450,86.51
"1443","protect",2052,28451502,86.52
"1444","vintage",2047,28453549,86.52
"1445","block",2046,28455595,86.53
"1446","circle",2046,28457641,86.53
"1447","ring",2046,28459687,86.54
"1448","discussion",2045,28461732,86.55
"1449","ladies",2044,28463776,86.55
"1450","mixed",2041,28465817,86.56
"1451","constantly",2040,28467857,86.57
"1452","ya",2038,28469895,86.57
"1453","effects",2037,28471932,86.58
"1454","cry",2034,28473966,86.58
"1455","san",2034,28476000,86.59
"1456","negative",2032,28478032,86.6
"1457","plant",2029,28480061,86.6
"1458","religion",2028,28482089,86.61
"1459","studio",2028,28484117,86.61
"1460","session",2027,28486144,86.62
"1461","universe",2022,28488166,86.63
"1462","twenty",2021,28490187,86.63
"1463","army",2020,28492207,86.64
"1464","mental",2019,28494226,86.65
"1465","vision",2015,28496241,86.65
"1466","blessed",2004,28498245,86.66
"1467","handle",2003,28500248,86.66
"1468","august",2001,28502249,86.67
"1469","considering",2001,28504250,86.68
"1470","friendly",1999,28506249,86.68
"1471","planet",1994,28508243,86.69
"1472","complex",1993,28510236,86.69
"1473","smooth",1992,28512228,86.7
"1474","flavor",1990,28514218,86.71
"1475","paying",1989,28516207,86.71
"1476","proper",1989,28518196,86.72
"1477","metal",1986,28520182,86.72
"1478","comfort",1983,28522165,86.73
"1479","cheap",1982,28524147,86.74
"1480","management",1981,28526128,86.74
"1481","raise",1980,28528108,86.75
"1482","h",1979,28530087,86.75
"1483","safety",1979,28532066,86.76
"1484","damage",1977,28534043,86.77
"1485","expensive",1975,28536018,86.77
"1486","ribbon",1975,28537993,86.78
"1487","younger",1973,28539966,86.78
"1488","distance",1969,28541935,86.79
"1489","silver",1969,28543904,86.8
"1490","suppose",1969,28545873,86.8
"1491","figured",1968,28547841,86.81
"1492","federal",1966,28549807,86.81
"1493","mission",1965,28551772,86.82
"1494","inch",1964,28553736,86.83
"1495","odd",1959,28555695,86.83
"1496","organization",1959,28557654,86.84
"1497","gas",1958,28559612,86.84
"1498","length",1957,28561569,86.85
"1499","guest",1955,28563524,86.86
"1500","struggle",1955,28565479,86.86
"1501","minister",1954,28567433,86.87
"1502","wake",1950,28569383,86.87
"1503","treatment",1947,28571330,86.88
"1504","arm",1945,28573275,86.89
"1505","prefer",1945,28575220,86.89
"1506","separate",1945,28577165,86.9
"1507","queen",1943,28579108,86.9
"1508","stayed",1943,28581051,86.91
"1509","falling",1942,28582993,86.92
"1510","passion",1942,28584935,86.92
"1511","smart",1941,28586876,86.93
"1512","singing",1940,28588816,86.93
"1513","county",1939,28590755,86.94
"1514","horse",1939,28592694,86.94
"1515","connection",1937,28594631,86.95
"1516","perspective",1937,28596568,86.96
"1517","terrible",1937,28598505,86.96
"1518","candy",1931,28600436,86.97
"1519","experienced",1929,28602365,86.97
"1520","owner",1927,28604292,86.98
"1521","surely",1925,28606217,86.99
"1522","winning",1921,28608138,86.99
"1523","sports",1919,28610057,87
"1524","normally",1918,28611975,87
"1525","thick",1916,28613891,87.01
"1526","button",1915,28615806,87.02
"1527","ate",1914,28617720,87.02
"1528","grateful",1914,28619634,87.03
"1529","parent",1914,28621548,87.03
"1530","speech",1914,28623462,87.04
"1531","streets",1913,28625375,87.04
"1532","produced",1911,28627286,87.05
"1533","sight",1910,28629196,87.06
"1534","yard",1909,28631105,87.06
"1535","cutting",1907,28633012,87.07
"1536","effective",1907,28634919,87.07
"1537","generation",1907,28636826,87.08
"1538","politics",1907,28638733,87.08
"1539","network",1904,28640637,87.09
"1540","detail",1899,28642536,87.1
"1541","garlic",1899,28644435,87.1
"1542","mile",1899,28646334,87.11
"1543","broke",1898,28648232,87.11
"1544","youth",1897,28650129,87.12
"1545","apartment",1895,28652024,87.13
"1546","whilst",1890,28653914,87.13
"1547","location",1888,28655802,87.14
"1548","loud",1887,28657689,87.14
"1549","football",1879,28659568,87.15
"1550","agent",1878,28661446,87.15
"1551","serving",1877,28663323,87.16
"1552","surface",1877,28665200,87.17
"1553","pool",1872,28667072,87.17
"1554","whenever",1869,28668941,87.18
"1555","massive",1868,28670809,87.18
"1556","creation",1866,28672675,87.19
"1557","exist",1866,28674541,87.19
"1558","fly",1866,28676407,87.2
"1559","mess",1866,28678273,87.2
"1560","task",1865,28680138,87.21
"1561","barely",1856,28681994,87.22
"1562","nights",1855,28683849,87.22
"1563","bird",1853,28685702,87.23
"1564","soup",1851,28687553,87.23
"1565","target",1849,28689402,87.24
"1566","juice",1848,28691250,87.24
"1567","nobody",1848,28693098,87.25
"1568","correct",1844,28694942,87.26
"1569","partner",1844,28696786,87.26
"1570","union",1842,28698628,87.27
"1571","lesson",1840,28700468,87.27
"1572","offering",1839,28702307,87.28
"1573","layer",1838,28704145,87.28
"1574","chief",1837,28705982,87.29
"1575","historical",1833,28707815,87.29
"1576","insurance",1833,28709648,87.3
"1577","jump",1831,28711479,87.31
"1578","apply",1829,28713308,87.31
"1579","multiple",1827,28715135,87.32
"1580","additional",1826,28716961,87.32
"1581","village",1824,28718785,87.33
"1582","alcohol",1822,28720607,87.33
"1583","lemon",1822,28722429,87.34
"1584","nose",1822,28724251,87.34
"1585","seek",1821,28726072,87.35
"1586","spoke",1821,28727893,87.36
"1587","visiting",1821,28729714,87.36
"1588","suggest",1820,28731534,87.37
"1589","salad",1819,28733353,87.37
"1590","sin",1818,28735171,87.38
"1591","frame",1817,28736988,87.38
"1592","adventure",1816,28738804,87.39
"1593","forth",1816,28740620,87.39
"1594","joe",1814,28742434,87.4
"1595","losing",1814,28744248,87.41
"1596","appropriate",1813,28746061,87.41
"1597","incredibly",1812,28747873,87.42
"1598","plain",1809,28749682,87.42
"1599","cultural",1807,28751489,87.43
"1600","mountain",1807,28753296,87.43
"1601","wet",1803,28755099,87.44
"1602","competition",1802,28756901,87.44
"1603","painted",1802,28758703,87.45
"1604","responsible",1802,28760505,87.46
"1605","topic",1801,28762306,87.46
"1606","develop",1795,28764101,87.47
"1607","mystery",1792,28765893,87.47
"1608","pleasure",1792,28767685,87.48
"1609","cash",1790,28769475,87.48
"1610","incredible",1788,28771263,87.49
"1611","influence",1785,28773048,87.49
"1612","besides",1781,28774829,87.5
"1613","diet",1778,28776607,87.5
"1614","brewing",1777,28778384,87.51
"1615","agreed",1771,28780155,87.51
"1616","code",1771,28781926,87.52
"1617","cleaning",1770,28783696,87.53
"1618","row",1770,28785466,87.53
"1619","sleeping",1770,28787236,87.54
"1620","solution",1770,28789006,87.54
"1621","fantasy",1768,28790774,87.55
"1622","opposite",1767,28792541,87.55
"1623","civil",1766,28794307,87.56
"1624","smith",1766,28796073,87.56
"1625","bathroom",1763,28797836,87.57
"1626","lake",1763,28799599,87.57
"1627","thin",1762,28801361,87.58
"1628","unlike",1761,28803122,87.58
"1629","behavior",1757,28804879,87.59
"1630","honor",1756,28806635,87.6
"1631","sheet",1756,28808391,87.6
"1632","independent",1755,28810146,87.61
"1633","childhood",1754,28811900,87.61
"1634","pure",1754,28813654,87.62
"1635","plate",1753,28815407,87.62
"1636","nine",1745,28817152,87.63
"1637","district",1738,28818890,87.63
"1638","grey",1738,28820628,87.64
"1639","horror",1737,28822365,87.64
"1640","status",1734,28824099,87.65
"1641","kick",1731,28825830,87.65
"1642","advertising",1730,28827560,87.66
"1643","dangerous",1730,28829290,87.66
"1644","romance",1729,28831019,87.67
"1645","scale",1727,28832746,87.67
"1646","ancient",1726,28834472,87.68
"1647","bike",1726,28836198,87.69
"1648","giant",1726,28837924,87.69
"1649","saved",1726,28839650,87.7
"1650","vacation",1724,28841374,87.7
"1651","camp",1721,28843095,87.71
"1652","active",1720,28844815,87.71
"1653","schedule",1719,28846534,87.72
"1654","accepted",1718,28848252,87.72
"1655","election",1716,28849968,87.73
"1656","brilliant",1715,28851683,87.73
"1657","manage",1715,28853398,87.74
"1658","league",1714,28855112,87.74
"1659","suffering",1710,28856822,87.75
"1660","pour",1708,28858530,87.75
"1661","annual",1705,28860235,87.76
"1662","journal",1705,28861940,87.76
"1663","responsibility",1705,28863645,87.77
"1664","ship",1705,28865350,87.77
"1665","sing",1705,28867055,87.78
"1666","display",1702,28868757,87.78
"1667","waste",1702,28870459,87.79
"1668","originally",1697,28872156,87.79
"1669","vanilla",1696,28873852,87.8
"1670","useful",1695,28875547,87.8
"1671","canada",1694,28877241,87.81
"1672","traffic",1694,28878935,87.82
"1673","solid",1693,28880628,87.82
"1674","prepare",1692,28882320,87.83
"1675","host",1690,28884010,87.83
"1676","bridge",1689,28885699,87.84
"1677","theory",1689,28887388,87.84
"1678","core",1688,28889076,87.85
"1679","acting",1684,28890760,87.85
"1680","everybody",1684,28892444,87.86
"1681","argument",1681,28894125,87.86
"1682","rare",1681,28895806,87.87
"1683","van",1681,28897487,87.87
"1684","links",1680,28899167,87.88
"1685","method",1680,28900847,87.88
"1686","ordered",1678,28902525,87.89
"1687","feed",1677,28904202,87.89
"1688","authority",1674,28905876,87.9
"1689","museum",1673,28907549,87.9
"1690","gain",1672,28909221,87.91
"1691","drawing",1671,28910892,87.91
"1692","foundation",1671,28912563,87.92
"1693","regarding",1671,28914234,87.92
"1694","flying",1669,28915903,87.93
"1695","income",1659,28917562,87.93
"1696","dancing",1658,28919220,87.94
"1697","describe",1658,28920878,87.94
"1698","flight",1657,28922535,87.95
"1699","border",1655,28924190,87.95
"1700","hundred",1652,28925842,87.96
"1701","counter",1650,28927492,87.96
"1702","pregnant",1650,28929142,87.97
"1703","removed",1646,28930788,87.97
"1704","designer",1645,28932433,87.98
"1705","shut",1644,28934077,87.98
"1706","southern",1644,28935721,87.99
"1707","condition",1643,28937364,87.99
"1708","prior",1643,28939007,88
"1709","ha",1642,28940649,88
"1710","achieve",1641,28942290,88.01
"1711","guitar",1640,28943930,88.01
"1712","improve",1640,28945570,88.02
"1713","hidden",1639,28947209,88.02
"1714","ultimately",1639,28948848,88.03
"1715","blame",1636,28950484,88.03
"1716","existence",1634,28952118,88.04
"1717","hardly",1634,28953752,88.04
"1718","carefully",1626,28955378,88.05
"1719","firm",1626,28957004,88.05
"1720","grab",1626,28958630,88.06
"1721","quote",1626,28960256,88.06
"1722","glory",1625,28961881,88.07
"1723","punch",1625,28963506,88.07
"1724","fix",1624,28965130,88.08
"1725","forgotten",1624,28966754,88.08
"1726","pizza",1623,28968377,88.09
"1727","shower",1622,28969999,88.09
"1728","determined",1620,28971619,88.1
"1729","previously",1617,28973236,88.1
"1730","decent",1615,28974851,88.11
"1731","breaking",1611,28976462,88.11
"1732","passing",1610,28978072,88.12
"1733","carried",1607,28979679,88.12
"1734","attitude",1606,28981285,88.13
"1735","demand",1606,28982891,88.13
"1736","poetry",1606,28984497,88.14
"1737","drawn",1605,28986102,88.14
"1738","ensure",1604,28987706,88.15
"1739","forgot",1603,28989309,88.15
"1740","agency",1602,28990911,88.16
"1741","boat",1602,28992513,88.16
"1742","ex",1602,28994115,88.17
"1743","brief",1601,28995716,88.17
"1744","manager",1601,28997317,88.18
"1745","prove",1599,28998916,88.18
"1746","structure",1597,29000513,88.18
"1747","wisdom",1597,29002110,88.19
"1748","worried",1597,29003707,88.19
"1749","driver",1595,29005302,88.2
"1750","editor",1594,29006896,88.2
"1751","mood",1593,29008489,88.21
"1752","neck",1591,29010080,88.21
"1753","commercial",1589,29011669,88.22
"1754","hat",1589,29013258,88.22
"1755","purple",1589,29014847,88.23
"1756","fail",1587,29016434,88.23
"1757","application",1586,29018020,88.24
"1758","escape",1586,29019606,88.24
"1759","thankful",1585,29021191,88.25
"1760","filling",1584,29022775,88.25
"1761","brewery",1580,29024355,88.26
"1762","grass",1580,29025935,88.26
"1763","belief",1578,29027513,88.27
"1764","desk",1578,29029091,88.27
"1765","primary",1578,29030669,88.28
"1766","cell",1577,29032246,88.28
"1767","debt",1577,29033823,88.29
"1768","confidence",1574,29035397,88.29
"1769","sentiment",1573,29036970,88.3
"1770","happiness",1571,29038541,88.3
"1771","advantage",1569,29040110,88.31
"1772","critical",1569,29041679,88.31
"1773","bedroom",1567,29043246,88.31
"1774","inner",1567,29044813,88.32
"1775","talent",1567,29046380,88.32
"1776","typical",1567,29047947,88.33
"1777","crying",1566,29049513,88.33
"1778","drove",1566,29051079,88.34
"1779","attend",1562,29052641,88.34
"1780","combination",1562,29054203,88.35
"1781","label",1562,29055765,88.35
"1782","manner",1561,29057326,88.36
"1783","instance",1560,29058886,88.36
"1784","honey",1559,29060445,88.37
"1785","context",1557,29062002,88.37
"1786","hero",1557,29063559,88.38
"1787","mobile",1554,29065113,88.38
"1788","package",1552,29066665,88.39
"1789","discover",1551,29068216,88.39
"1790","prevent",1551,29069767,88.4
"1791","silly",1551,29071318,88.4
"1792","excuse",1549,29072867,88.4
"1793","pie",1549,29074416,88.41
"1794","constant",1547,29075963,88.41
"1795","encourage",1547,29077510,88.42
"1796","naturally",1547,29079057,88.42
"1797","tape",1547,29080604,88.43
"1798","appearance",1545,29082149,88.43
"1799","tool",1542,29083691,88.44
"1800","laughing",1539,29085230,88.44
"1801","olive",1539,29086769,88.45
"1802","pace",1538,29088307,88.45
"1803","specifically",1534,29089841,88.46
"1804","trial",1533,29091374,88.46
"1805","score",1530,29092904,88.47
"1806","dressed",1528,29094432,88.47
"1807","musical",1528,29095960,88.48
"1808","express",1525,29097485,88.48
"1809","customer",1520,29099005,88.48
"1810","trail",1520,29100525,88.49
"1811","appeal",1518,29102043,88.49
"1812","goodness",1517,29103560,88.5
"1813","repeat",1517,29105077,88.5
"1814","wise",1517,29106594,88.51
"1815","guilty",1515,29108109,88.51
"1816","tall",1515,29109624,88.52
"1817","menu",1508,29111132,88.52
"1818","association",1507,29112639,88.53
"1819","intended",1507,29114146,88.53
"1820","pants",1505,29115651,88.53
"1821","ad",1504,29117155,88.54
"1822","flow",1504,29118659,88.54
"1823","teeth",1504,29120163,88.55
"1824","heading",1502,29121665,88.55
"1825","protection",1501,29123166,88.56
"1826","forest",1499,29124665,88.56
"1827","require",1499,29126164,88.57
"1828","sam",1499,29127663,88.57
"1829","tale",1499,29129162,88.58
"1830","hi",1497,29130659,88.58
"1831","billion",1495,29132154,88.59
"1832","crisis",1493,29133647,88.59
"1833","weekly",1493,29135140,88.59
"1834","coat",1492,29136632,88.6
"1835","tip",1491,29138123,88.6
"1836","newspaper",1486,29139609,88.61
"1837","dying",1485,29141094,88.61
"1838","established",1485,29142579,88.62
"1839","prime",1484,29144063,88.62
"1840","dealing",1483,29145546,88.63
"1841","tight",1481,29147027,88.63
"1842","featured",1479,29148506,88.63
"1843","coast",1478,29149984,88.64
"1844","kit",1478,29151462,88.64
"1845","era",1477,29152939,88.65
"1846","neighborhood",1477,29154416,88.65
"1847","storm",1476,29155892,88.66
"1848","woke",1476,29157368,88.66
"1849","alternative",1475,29158843,88.67
"1850","defense",1474,29160317,88.67
"1851","helpful",1473,29161790,88.68
"1852","iron",1473,29163263,88.68
"1853","horrible",1470,29164733,88.68
"1854","importance",1470,29166203,88.69
"1855","unable",1469,29167672,88.69
"1856","drama",1467,29169139,88.7
"1857","fancy",1467,29170606,88.7
"1858","anger",1466,29172072,88.71
"1859","boring",1464,29173536,88.71
"1860","mike",1460,29174996,88.72
"1861","tradition",1459,29176455,88.72
"1862","mistake",1458,29177913,88.72
"1863","surgery",1458,29179371,88.73
"1864","personality",1456,29180827,88.73
"1865","clothing",1455,29182282,88.74
"1866","hubby",1455,29183737,88.74
"1867","kingdom",1455,29185192,88.75
"1868","professor",1455,29186647,88.75
"1869","mum",1454,29188101,88.76
"1870","reduce",1453,29189554,88.76
"1871","bay",1452,29191006,88.76
"1872","identity",1452,29192458,88.77
"1873","properly",1452,29193910,88.77
"1874","regardless",1450,29195360,88.78
"1875","sewing",1449,29196809,88.78
"1876","chopped",1447,29198256,88.79
"1877","merely",1446,29199702,88.79
"1878","fourth",1445,29201147,88.79
"1879","deeply",1444,29202591,88.8
"1880","meanwhile",1444,29204035,88.8
"1881","combine",1443,29205478,88.81
"1882","exact",1443,29206921,88.81
"1883","communication",1441,29208362,88.82
"1884","tag",1441,29209803,88.82
"1885","equal",1440,29211243,88.83
"1886","silence",1440,29212683,88.83
"1887","debate",1439,29214122,88.83
"1888","recognize",1439,29215561,88.84
"1889","supply",1439,29217000,88.84
"1890","suit",1437,29218437,88.85
"1891","wash",1437,29219874,88.85
"1892","essential",1436,29221310,88.86
"1893","committee",1435,29222745,88.86
"1894","extreme",1435,29224180,88.86
"1895","revealed",1435,29225615,88.87
"1896","pub",1434,29227049,88.87
"1897","millions",1433,29228482,88.88
"1898","sadly",1432,29229914,88.88
"1899","concern",1430,29231344,88.89
"1900","potatoes",1430,29232774,88.89
"1901","region",1427,29234201,88.9
"1902","checked",1424,29235625,88.9
"1903","patient",1424,29237049,88.9
"1904","pointed",1424,29238473,88.91
"1905","rarely",1424,29239897,88.91
"1906","depending",1422,29241319,88.92
"1907","genre",1421,29242740,88.92
"1908","raw",1421,29244161,88.93
"1909","relatively",1421,29245582,88.93
"1910","bob",1420,29247002,88.93
"1911","combined",1419,29248421,88.94
"1912","measure",1419,29249840,88.94
"1913","contract",1418,29251258,88.95
"1914","leg",1417,29252675,88.95
"1915","senior",1412,29254087,88.96
"1916","stated",1411,29255498,88.96
"1917","pale",1410,29256908,88.96
"1918","reaction",1410,29258318,88.97
"1919","discuss",1409,29259727,88.97
"1920","unit",1409,29261136,88.98
"1921","shame",1408,29262544,88.98
"1922","officer",1406,29263950,88.99
"1923","remind",1406,29265356,88.99
"1924","japan",1405,29266761,88.99
"1925","selection",1404,29268165,89
"1926","threat",1403,29269568,89
"1927","mainly",1401,29270969,89.01
"1928","yours",1400,29272369,89.01
"1929","chest",1399,29273768,89.02
"1930","capital",1398,29275166,89.02
"1931","moral",1398,29276564,89.02
"1932","understood",1398,29277962,89.03
"1933","darkness",1397,29279359,89.03
"1934","labor",1397,29280756,89.04
"1935","numerous",1397,29282153,89.04
"1936","reference",1397,29283550,89.05
"1937","lee",1395,29284945,89.05
"1938","file",1392,29286337,89.05
"1939","highest",1392,29287729,89.06
"1940","necessarily",1389,29289118,89.06
"1941","prison",1387,29290505,89.07
"1942","mommy",1386,29291891,89.07
"1943","riding",1386,29293277,89.08
"1944","sending",1385,29294662,89.08
"1945","anniversary",1384,29296046,89.08
"1946","ocean",1380,29297426,89.09
"1947","attached",1378,29298804,89.09
"1948","plane",1378,29300182,89.1
"1949","mirror",1376,29301558,89.1
"1950","photography",1375,29302933,89.1
"1951","assume",1374,29304307,89.11
"1952","exchange",1373,29305680,89.11
"1953","sketch",1373,29307053,89.12
"1954","dollar",1370,29308423,89.12
"1955","providing",1370,29309793,89.13
"1956","labour",1369,29311162,89.13
"1957","calm",1366,29312528,89.13
"1958","false",1366,29313894,89.14
"1959","precious",1366,29315260,89.14
"1960","hide",1364,29316624,89.15
"1961","stopping",1364,29317988,89.15
"1962","shift",1363,29319351,89.15
"1963","giveaway",1362,29320713,89.16
"1964","initial",1361,29322074,89.16
"1965","entertainment",1360,29323434,89.17
"1966","seeking",1359,29324793,89.17
"1967","careful",1358,29326151,89.18
"1968","temperature",1358,29327509,89.18
"1969","tone",1358,29328867,89.18
"1970","rolling",1355,29330222,89.19
"1971","connected",1354,29331576,89.19
"1972","pen",1353,29332929,89.2
"1973","poem",1353,29334282,89.2
"1974","shoulder",1353,29335635,89.2
"1975","listed",1352,29336987,89.21
"1976","corn",1351,29338338,89.21
"1977","daddy",1351,29339689,89.22
"1978","martin",1351,29341040,89.22
"1979","explore",1350,29342390,89.22
"1980","faster",1350,29343740,89.23
"1981","contest",1349,29345089,89.23
"1982","lying",1349,29346438,89.24
"1983","scary",1349,29347787,89.24
"1984","conflict",1347,29349134,89.24
"1985","wave",1347,29350481,89.25
"1986","pride",1346,29351827,89.25
"1987","ear",1344,29353171,89.26
"1988","finger",1344,29354515,89.26
"1989","thousand",1341,29355856,89.27
"1990","kiss",1340,29357196,89.27
"1991","loose",1339,29358535,89.27
"1992","chain",1338,29359873,89.28
"1993","publisher",1337,29361210,89.28
"1994","valley",1334,29362544,89.29
"1995","ill",1333,29363877,89.29
"1996","talented",1333,29365210,89.29
"1997","administration",1332,29366542,89.3
"1998","construction",1329,29367871,89.3
"1999","healing",1328,29369199,89.31
"2000","onion",1327,29370526,89.31
"2001","survive",1327,29371853,89.31
"2002","smoke",1326,29373179,89.32
"2003","nervous",1324,29374503,89.32
"2004","angel",1323,29375826,89.33
"2005","request",1323,29377149,89.33
"2006","romantic",1323,29378472,89.33
"2007","duty",1321,29379793,89.34
"2008","northern",1321,29381114,89.34
"2009","occasionally",1320,29382434,89.35
"2010","dust",1318,29383752,89.35
"2011","shadow",1318,29385070,89.35
"2012","gospel",1316,29386386,89.36
"2013","equally",1313,29387699,89.36
"2014","facing",1313,29389012,89.37
"2015","clock",1307,29390319,89.37
"2016","maintain",1307,29391626,89.37
"2017","hungry",1306,29392932,89.38
"2018","wrap",1306,29394238,89.38
"2019","edition",1305,29395543,89.39
"2020","regularly",1303,29396846,89.39
"2021","associated",1301,29398147,89.39
"2022","frank",1301,29399448,89.4
"2023","parking",1301,29400749,89.4
"2024","advance",1300,29402049,89.41
"2025","route",1299,29403348,89.41
"2026","bush",1298,29404646,89.41
"2027","grocery",1298,29405944,89.42
"2028","native",1298,29407242,89.42
"2029","possibility",1298,29408540,89.43
"2030","worn",1298,29409838,89.43
"2031","ben",1297,29411135,89.43
"2032","silent",1297,29412432,89.44
"2033","ah",1295,29413727,89.44
"2034","routine",1295,29415022,89.45
"2035","thrown",1295,29416317,89.45
"2036","absolute",1293,29417610,89.45
"2037","comic",1293,29418903,89.46
"2038","bitter",1292,29420195,89.46
"2039","convinced",1292,29421487,89.46
"2040","wrapped",1292,29422779,89.47
"2041","boss",1290,29424069,89.47
"2042","rush",1290,29425359,89.48
"2043","pregnancy",1289,29426648,89.48
"2044","saving",1289,29427937,89.48
"2045","applied",1288,29429225,89.49
"2046","pushing",1288,29430513,89.49
"2047","rough",1288,29431801,89.5
"2048","pro",1287,29433088,89.5
"2049","description",1286,29434374,89.5
"2050","divine",1286,29435660,89.51
"2051","faced",1284,29436944,89.51
"2052","upset",1283,29438227,89.52
"2053","carrying",1282,29439509,89.52
"2054","confused",1282,29440791,89.52
"2055","chips",1280,29442071,89.53
"2056","unknown",1280,29443351,89.53
"2057","split",1279,29444630,89.54
"2058","afford",1278,29445908,89.54
"2059","congress",1276,29447184,89.54
"2060","leadership",1275,29448459,89.55
"2061","respond",1275,29449734,89.55
"2062","captain",1273,29451007,89.55
"2063","decade",1273,29452280,89.56
"2064","disappointed",1273,29453553,89.56
"2065","intense",1271,29454824,89.57
"2066","organic",1271,29456095,89.57
"2067","sentence",1271,29457366,89.57
"2068","literature",1270,29458636,89.58
"2069","awareness",1269,29459905,89.58
"2070","patent",1269,29461174,89.59
"2071","analysis",1267,29462441,89.59
"2072","bite",1265,29463706,89.59
"2073","corporate",1265,29464971,89.6
"2074","victory",1265,29466236,89.6
"2075","handed",1264,29467500,89.6
"2076","sharp",1264,29468764,89.61
"2077","aid",1263,29470027,89.61
"2078","comedy",1262,29471289,89.62
"2079","function",1262,29472551,89.62
"2080","frequently",1261,29473812,89.62
"2081","net",1261,29475073,89.63
"2082","quarter",1260,29476333,89.63
"2083","royal",1260,29477593,89.64
"2084","wore",1259,29478852,89.64
"2085","upper",1258,29480110,89.64
"2086","relief",1257,29481367,89.65
"2087","searching",1257,29482624,89.65
"2088","wing",1257,29483881,89.65
"2089","amongst",1256,29485137,89.66
"2090","truck",1256,29486393,89.66
"2091","aspect",1255,29487648,89.67
"2092","grandmother",1255,29488903,89.67
"2093","organized",1255,29490158,89.67
"2094","proof",1255,29491413,89.68
"2095","worship",1254,29492667,89.68
"2096","curious",1252,29493919,89.69
"2097","executive",1252,29495171,89.69
"2098","expression",1252,29496423,89.69
"2099","equipment",1251,29497674,89.7
"2100","warning",1250,29498924,89.7
"2101","noted",1248,29500172,89.7
"2102","draft",1247,29501419,89.71
"2103","asleep",1245,29502664,89.71
"2104","somebody",1245,29503909,89.72
"2105","imagination",1244,29505153,89.72
"2106","rid",1244,29506397,89.72
"2107","celebration",1242,29507639,89.73
"2108","printed",1242,29508881,89.73
"2109","crew",1240,29510121,89.73
"2110","driven",1239,29511360,89.74
"2111","earn",1239,29512599,89.74
"2112","depth",1238,29513837,89.75
"2113","fallen",1237,29515074,89.75
"2114","literary",1237,29516311,89.75
"2115","capable",1236,29517547,89.76
"2116","investment",1236,29518783,89.76
"2117","stomach",1236,29520019,89.76
"2118","awful",1233,29521252,89.77
"2119","brush",1233,29522485,89.77
"2120","contemporary",1233,29523718,89.78
"2121","intelligence",1233,29524951,89.78
"2122","ordinary",1232,29526183,89.78
"2123","gently",1231,29527414,89.79
"2124","bet",1230,29528644,89.79
"2125","ray",1229,29529873,89.79
"2126","struck",1229,29531102,89.8
"2127","strategy",1227,29532329,89.8
"2128","airport",1226,29533555,89.81
"2129","goods",1226,29534781,89.81
"2130","perform",1225,29536006,89.81
"2131","transfer",1225,29537231,89.82
"2132","ideal",1224,29538455,89.82
"2133","sized",1224,29539679,89.82
"2134","struggling",1223,29540902,89.83
"2135","suspect",1223,29542125,89.83
"2136","wealth",1223,29543348,89.84
"2137","map",1222,29544570,89.84
"2138","ticket",1222,29545792,89.84
"2139","un",1222,29547014,89.85
"2140","uncle",1222,29548236,89.85
"2141","definition",1221,29549457,89.85
"2142","appointment",1219,29550676,89.86
"2143","luckily",1218,29551894,89.86
"2144","emergency",1215,29553109,89.87
"2145","zone",1215,29554324,89.87
"2146","sake",1213,29555537,89.87
"2147","estate",1212,29556749,89.88
"2148","baked",1210,29557959,89.88
"2149","ridiculous",1210,29559169,89.88
"2150","arrive",1209,29560378,89.89
"2151","recall",1209,29561587,89.89
"2152","sand",1209,29562796,89.89
"2153","joke",1208,29564004,89.9
"2154","blend",1207,29565211,89.9
"2155","participate",1205,29566416,89.91
"2156","coach",1204,29567620,89.91
"2157","flesh",1204,29568824,89.91
"2158","concert",1203,29570027,89.92
"2159","quilt",1203,29571230,89.92
"2160","supporting",1203,29572433,89.92
"2161","fault",1202,29573635,89.93
"2162","gallery",1202,29574837,89.93
"2163","occasion",1202,29576039,89.93
"2164","ultimate",1201,29577240,89.94
"2165","technique",1200,29578440,89.94
"2166","burning",1199,29579639,89.95
"2167","closet",1198,29580837,89.95
"2168","danger",1198,29582035,89.95
"2169","ignore",1197,29583232,89.96
"2170","nurse",1197,29584429,89.96
"2171","vast",1197,29585626,89.96
"2172","outfit",1196,29586822,89.97
"2173","threw",1196,29588018,89.97
"2174","humanity",1194,29589212,89.97
"2175","urban",1194,29590406,89.98
"2176","midnight",1193,29591599,89.98
"2177","weak",1193,29592792,89.99
"2178","accident",1192,29593984,89.99
"2179","agreement",1191,29595175,89.99
"2180","pocket",1191,29596366,90
"2181","species",1190,29597556,90
"2182","turkey",1190,29598746,90
"2183","latter",1189,29599935,90.01
"2184","frozen",1188,29601123,90.01
"2185","unusual",1188,29602311,90.01
"2186","ministry",1185,29603496,90.02
"2187","ugly",1185,29604681,90.02
"2188","commission",1183,29605864,90.03
"2189","magical",1183,29607047,90.03
"2190","boots",1182,29608229,90.03
"2191","volume",1182,29609411,90.04
"2192","eu",1181,29610592,90.04
"2193","hence",1179,29611771,90.04
"2194","noise",1178,29612949,90.05
"2195","rising",1178,29614127,90.05
"2196","creativity",1175,29615302,90.05
"2197","settled",1173,29616475,90.06
"2198","furniture",1172,29617647,90.06
"2199","worthy",1172,29618819,90.07
"2200","couch",1170,29619989,90.07
"2201","liquid",1170,29621159,90.07
"2202","pet",1169,29622328,90.08
"2203","vehicle",1169,29623497,90.08
"2204","dried",1168,29624665,90.08
"2205","lazy",1164,29625829,90.09
"2206","dining",1163,29626992,90.09
"2207","typically",1163,29628155,90.09
"2208","excitement",1162,29629317,90.1
"2209","impression",1162,29630479,90.1
"2210","stretch",1162,29631641,90.1
"2211","housing",1161,29632802,90.11
"2212","henry",1160,29633962,90.11
"2213","texture",1160,29635122,90.11
"2214","beef",1159,29636281,90.12
"2215","informed",1159,29637440,90.12
"2216","pile",1159,29638599,90.13
"2217","adorable",1158,29639757,90.13
"2218","bell",1157,29640914,90.13
"2219","debut",1156,29642070,90.14
"2220","laundry",1156,29643226,90.14
"2221","essentially",1155,29644381,90.14
"2222","garage",1153,29645534,90.15
"2223","officially",1153,29646687,90.15
"2224","violent",1153,29647840,90.15
"2225","impressive",1149,29648989,90.16
"2226","reveal",1149,29650138,90.16
"2227","category",1148,29651286,90.16
"2228","limit",1147,29652433,90.17
"2229","tie",1145,29653578,90.17
"2230","cycle",1144,29654722,90.17
"2231","fascinating",1144,29655866,90.18
"2232","gray",1144,29657010,90.18
"2233","operation",1144,29658154,90.18
"2234","choosing",1143,29659297,90.19
"2235","conclusion",1142,29660439,90.19
"2236","formed",1142,29661581,90.2
"2237","princess",1141,29662722,90.2
"2238","shock",1140,29663862,90.2
"2239","harry",1139,29665001,90.21
"2240","minor",1138,29666139,90.21
"2241","temple",1137,29667276,90.21
"2242","upcoming",1136,29668412,90.22
"2243","factor",1135,29669547,90.22
"2244","wooden",1135,29670682,90.22
"2245","thankfully",1134,29671816,90.23
"2246","tied",1134,29672950,90.23
"2247","dessert",1132,29674082,90.23
"2248","revolution",1132,29675214,90.24
"2249","jane",1131,29676345,90.24
"2250","spray",1131,29677476,90.24
"2251","portion",1130,29678606,90.25
"2252","directed",1129,29679735,90.25
"2253","nuclear",1129,29680864,90.25
"2254","bound",1128,29681992,90.26
"2255","jeans",1127,29683119,90.26
"2256","shake",1127,29684246,90.26
"2257","boil",1126,29685372,90.27
"2258","deserve",1126,29686498,90.27
"2259","forgive",1126,29687624,90.27
"2260","identify",1126,29688750,90.28
"2261","q",1126,29689876,90.28
"2262","client",1125,29691001,90.28
"2263","drew",1125,29692126,90.29
"2264","gym",1124,29693250,90.29
"2265","increasing",1124,29694374,90.29
"2266","sir",1123,29695497,90.3
"2267","reflect",1120,29696617,90.3
"2268","affect",1119,29697736,90.3
"2269","chase",1119,29698855,90.31
"2270","practical",1119,29699974,90.31
"2271","storage",1119,29701093,90.32
"2272","verse",1119,29702212,90.32
"2273","victim",1117,29703329,90.32
"2274","layout",1115,29704444,90.33
"2275","panel",1115,29705559,90.33
"2276","connect",1114,29706673,90.33
"2277","visual",1114,29707787,90.34
"2278","prince",1113,29708900,90.34
"2279","channel",1111,29710011,90.34
"2280","grant",1111,29711122,90.35
"2281","nearby",1110,29712232,90.35
"2282","crossed",1108,29713340,90.35
"2283","witness",1108,29714448,90.36
"2284","opposition",1106,29715554,90.36
"2285","largely",1105,29716659,90.36
"2286","confident",1104,29717763,90.37
"2287","dozen",1104,29718867,90.37
"2288","motion",1102,29719969,90.37
"2289","replace",1102,29721071,90.38
"2290","singer",1102,29722173,90.38
"2291","thanksgiving",1102,29723275,90.38
"2292","nicely",1100,29724375,90.39
"2293","object",1100,29725475,90.39
"2294","determine",1099,29726574,90.39
"2295","profit",1099,29727673,90.4
"2296","electric",1096,29728769,90.4
"2297","seed",1096,29729865,90.4
"2298","lightly",1094,29730959,90.41
"2299","relevant",1094,29732053,90.41
"2300","sudden",1094,29733147,90.41
"2301","landscape",1093,29734240,90.42
"2302","bath",1092,29735332,90.42
"2303","recording",1092,29736424,90.42
"2304","surrounding",1091,29737515,90.43
"2305","narrative",1090,29738605,90.43
"2306","screaming",1090,29739695,90.43
"2307","sport",1090,29740785,90.44
"2308","throwing",1090,29741875,90.44
"2309","finishing",1087,29742962,90.44
"2310","hung",1087,29744049,90.45
"2311","tomato",1087,29745136,90.45
"2312","cried",1086,29746222,90.45
"2313","stash",1085,29747307,90.46
"2314","opposed",1082,29748389,90.46
"2315","reasonable",1082,29749471,90.46
"2316","rolled",1082,29750553,90.47
"2317","tower",1081,29751634,90.47
"2318","ghost",1080,29752714,90.47
"2319","suffer",1078,29753792,90.48
"2320","commitment",1077,29754869,90.48
"2321","fried",1077,29755946,90.48
"2322","technical",1077,29757023,90.49
"2323","flash",1075,29758098,90.49
"2324","pork",1075,29759173,90.49
"2325","aged",1073,29760246,90.5
"2326","glasses",1072,29761318,90.5
"2327","fed",1071,29762389,90.5
"2328","praise",1071,29763460,90.5
"2329","beloved",1070,29764530,90.51
"2330","nowhere",1069,29765599,90.51
"2331","argue",1068,29766667,90.51
"2332","subtle",1068,29767735,90.52
"2333","element",1067,29768802,90.52
"2334","friendship",1066,29769868,90.52
"2335","unto",1066,29770934,90.53
"2336","actor",1065,29771999,90.53
"2337","sunny",1065,29773064,90.53
"2338","endless",1064,29774128,90.54
"2339","funds",1064,29775192,90.54
"2340","importantly",1064,29776256,90.54
"2341","grandma",1063,29777319,90.55
"2342","mere",1063,29778382,90.55
"2343","roof",1062,29779444,90.55
"2344","shaped",1062,29780506,90.56
"2345","classroom",1061,29781567,90.56
"2346","painful",1061,29782628,90.56
"2347","happily",1060,29783688,90.57
"2348","nick",1059,29784747,90.57
"2349","potato",1057,29785804,90.57
"2350","hoped",1056,29786860,90.58
"2351","phrase",1056,29787916,90.58
"2352","raising",1056,29788972,90.58
"2353","coconut",1055,29790027,90.59
"2354","dialogue",1053,29791080,90.59
"2355","environmental",1053,29792133,90.59
"2356","load",1053,29793186,90.6
"2357","philosophy",1053,29794239,90.6
"2358","consciousness",1051,29795290,90.6
"2359","resist",1051,29796341,90.6
"2360","shortly",1051,29797392,90.61
"2361","baseball",1050,29798442,90.61
"2362","monster",1050,29799492,90.61
"2363","complicated",1049,29800541,90.62
"2364","cousin",1049,29801590,90.62
"2365","beneath",1048,29802638,90.62
"2366","causing",1048,29803686,90.63
"2367","increasingly",1048,29804734,90.63
"2368","eve",1047,29805781,90.63
"2369","scientific",1046,29806827,90.64
"2370","hunt",1045,29807872,90.64
"2371","innocent",1045,29808917,90.64
"2372","skirt",1044,29809961,90.65
"2373","strike",1044,29811005,90.65
"2374","thirty",1044,29812049,90.65
"2375","wire",1044,29813093,90.66
"2376","chat",1043,29814136,90.66
"2377","eaten",1043,29815179,90.66
"2378","device",1042,29816221,90.67
"2379","incident",1042,29817263,90.67
"2380","represent",1042,29818305,90.67
"2381","trained",1041,29819346,90.67
"2382","trick",1040,29820386,90.68
"2383","extent",1039,29821425,90.68
"2384","immediate",1038,29822463,90.68
"2385","thread",1038,29823501,90.69
"2386","extended",1037,29824538,90.69
"2387","gender",1037,29825575,90.69
"2388","spoken",1037,29826612,90.7
"2389","contrast",1036,29827648,90.7
"2390","promote",1036,29828684,90.7
"2391","sunshine",1036,29829720,90.71
"2392","reaching",1034,29830754,90.71
"2393","favor",1033,29831787,90.71
"2394","courage",1032,29832819,90.72
"2395","dressing",1032,29833851,90.72
"2396","traveling",1031,29834882,90.72
"2397","depression",1030,29835912,90.73
"2398","embrace",1030,29836942,90.73
"2399","hint",1030,29837972,90.73
"2400","blessing",1029,29839001,90.73
"2401","bonus",1029,29840030,90.74
"2402","initially",1029,29841059,90.74
"2403","eastern",1028,29842087,90.74
"2404","glue",1028,29843115,90.75
"2405","joining",1028,29844143,90.75
"2406","physically",1027,29845170,90.75
"2407","slight",1027,29846197,90.76
"2408","exception",1025,29847222,90.76
"2409","valentine",1024,29848246,90.76
"2410","democratic",1023,29849269,90.77
"2411","guard",1023,29850292,90.77
"2412","climate",1022,29851314,90.77
"2413","gentle",1022,29852336,90.78
"2414","atmosphere",1021,29853357,90.78
"2415","humor",1021,29854378,90.78
"2416","tender",1021,29855399,90.78
"2417","therapy",1021,29856420,90.79
"2418","launch",1019,29857439,90.79
"2419","surrounded",1019,29858458,90.79
"2420","constitution",1018,29859476,90.8
"2421","mode",1017,29860493,90.8
"2422","trend",1017,29861510,90.8
"2423","bond",1016,29862526,90.81
"2424","fuel",1013,29863539,90.81
"2425","marathon",1013,29864552,90.81
"2426","badly",1012,29865564,90.82
"2427","belly",1012,29866576,90.82
"2428","teen",1012,29867588,90.82
"2429","deliver",1011,29868599,90.82
"2430","fold",1011,29869610,90.83
"2431","ginger",1011,29870621,90.83
"2432","sacrifice",1010,29871631,90.83
"2433","cardstock",1009,29872640,90.84
"2434","fixed",1009,29873649,90.84
"2435","seemingly",1009,29874658,90.84
"2436","sample",1008,29875666,90.85
"2437","blues",1007,29876673,90.85
"2438","buttons",1007,29877680,90.85
"2439","feedback",1007,29878687,90.86
"2440","skill",1007,29879694,90.86
"2441","delivery",1005,29880699,90.86
"2442","hunger",1004,29881703,90.86
"2443","tony",1004,29882707,90.87
"2444","zero",1004,29883711,90.87
"2445","selected",1003,29884714,90.87
"2446","ton",1003,29885717,90.88
"2447","investigation",1002,29886719,90.88
"2448","anxiety",1001,29887720,90.88
"2449","cloud",1001,29888721,90.89
"2450","root",1001,29889722,90.89
"2451","slice",1001,29890723,90.89
"2452","lifetime",1000,29891723,90.89
"2453","medicine",1000,29892723,90.9
"2454","dating",999,29893722,90.9
"2455","desperate",998,29894720,90.9
"2456","testing",998,29895718,90.91
"2457","internal",997,29896715,90.91
"2458","math",996,29897711,90.91
"2459","surprisingly",995,29898706,90.92
"2460","democracy",994,29899700,90.92
"2461","disaster",994,29900694,90.92
"2462","valuable",994,29901688,90.93
"2463","fake",993,29902681,90.93
"2464","tap",993,29903674,90.93
"2465","minimum",992,29904666,90.93
"2466","profile",992,29905658,90.94
"2467","tables",992,29906650,90.94
"2468","bone",991,29907641,90.94
"2469","smoking",990,29908631,90.95
"2470","differently",989,29909620,90.95
"2471","bow",988,29910608,90.95
"2472","eternal",987,29911595,90.96
"2473","wheel",987,29912582,90.96
"2474","sons",986,29913568,90.96
"2475","awhile",985,29914553,90.96
"2476","leather",984,29915537,90.97
"2477","tune",983,29916520,90.97
"2478","twelve",983,29917503,90.97
"2479","copyright",982,29918485,90.98
"2480","experiment",982,29919467,90.98
"2481","explanation",982,29920449,90.98
"2482","incorporated",982,29921431,90.99
"2483","twist",981,29922412,90.99
"2484","yummy",980,29923392,90.99
"2485","dan",979,29924371,90.99
"2486","elsewhere",979,29925350,91
"2487","secure",978,29926328,91
"2488","supreme",977,29927305,91
"2489","yoga",977,29928282,91.01
"2490","bacon",976,29929258,91.01
"2491","conscious",976,29930234,91.01
"2492","swimming",976,29931210,91.01
"2493","downtown",974,29932184,91.02
"2494","unexpected",974,29933158,91.02
"2495","closely",972,29934130,91.02
"2496","habit",972,29935102,91.03
"2497","lace",972,29936074,91.03
"2498","touched",970,29937044,91.03
"2499","exposed",969,29938013,91.04
"2500","pleasant",969,29938982,91.04
"2501","aunt",968,29939950,91.04
"2502","fund",968,29940918,91.04
"2503","instant",967,29941885,91.05
"2504","shelf",967,29942852,91.05
"2505","beside",966,29943818,91.05
"2506","coverage",965,29944783,91.06
"2507","mysterious",964,29945747,91.06
"2508","chef",963,29946710,91.06
"2509","entertaining",963,29947673,91.06
"2510","expert",963,29948636,91.07
"2511","lonely",963,29949599,91.07
"2512","attorney",961,29950560,91.07
"2513","capture",961,29951521,91.08
"2514","gate",961,29952482,91.08
"2515","harm",961,29953443,91.08
"2516","bother",960,29954403,91.09
"2517","workshop",960,29955363,91.09
"2518","reduced",959,29956322,91.09
"2519","afterwards",957,29957279,91.09
"2520","patience",957,29958236,91.1
"2521","shade",957,29959193,91.1
"2522","publication",956,29960149,91.1
"2523","sandwich",956,29961105,91.11
"2524","guilt",955,29962060,91.11
"2525","affected",954,29963014,91.11
"2526","judgment",954,29963968,91.11
"2527","armed",953,29964921,91.12
"2528","belt",953,29965874,91.12
"2529","sector",953,29966827,91.12
"2530","tasty",953,29967780,91.13
"2531","praying",952,29968732,91.13
"2532","beautifully",951,29969683,91.13
"2533","fox",951,29970634,91.13
"2534","secretary",951,29971585,91.14
"2535","breathing",950,29972535,91.14
"2536","linked",950,29973485,91.14
"2537","spoon",950,29974435,91.15
"2538","catching",948,29975383,91.15
"2539","gather",947,29976330,91.15
"2540","sigh",947,29977277,91.16
"2541","uncomfortable",947,29978224,91.16
"2542","destruction",946,29979170,91.16
"2543","gathering",946,29980116,91.16
"2544","strip",946,29981062,91.17
"2545","lift",945,29982007,91.17
"2546","amy",944,29982951,91.17
"2547","fate",943,29983894,91.18
"2548","intellectual",942,29984836,91.18
"2549","script",942,29985778,91.18
"2550","bold",941,29986719,91.18
"2551","clever",941,29987660,91.19
"2552","engaged",940,29988600,91.19
"2553","engine",940,29989540,91.19
"2554","folk",940,29990480,91.2
"2555","brave",939,29991419,91.2
"2556","empire",939,29992358,91.2
"2557","photograph",939,29993297,91.2
"2558","tear",939,29994236,91.21
"2559","wheat",939,29995175,91.21
"2560","piano",938,29996113,91.21
"2561","academic",937,29997050,91.22
"2562","annoying",936,29997986,91.22
"2563","document",936,29998922,91.22
"2564","homemade",936,29999858,91.22
"2565","contain",935,30000793,91.23
"2566","neighbor",935,30001728,91.23
"2567","stepped",935,30002663,91.23
"2568","hip",934,30003597,91.24
"2569","lover",934,30004531,91.24
"2570","pin",934,30005465,91.24
"2571","boston",933,30006398,91.24
"2572","dawn",933,30007331,91.25
"2573","institute",933,30008264,91.25
"2574","anybody",932,30009196,91.25
"2575","thoroughly",932,30010128,91.25
"2576","cotton",931,30011059,91.26
"2577","quit",931,30011990,91.26
"2578","sessions",931,30012921,91.26
"2579","ease",930,30013851,91.27
"2580","brew",929,30014780,91.27
"2581","basket",928,30015708,91.27
"2582","distress",928,30016636,91.27
"2583","spare",927,30017563,91.28
"2584","entering",926,30018489,91.28
"2585","switch",926,30019415,91.28
"2586","jacket",925,30020340,91.29
"2587","presentation",925,30021265,91.29
"2588","punk",925,30022190,91.29
"2589","scripture",925,30023115,91.29
"2590","introduce",924,30024039,91.3
"2591","relax",924,30024963,91.3
"2592","defined",923,30025886,91.3
"2593","introduction",923,30026809,91.31
"2594","agenda",922,30027731,91.31
"2595","transition",922,30028653,91.31
"2596","detailed",921,30029574,91.31
"2597","em",921,30030495,91.32
"2598","sink",921,30031416,91.32
"2599","monthly",920,30032336,91.32
"2600","banana",919,30033255,91.33
"2601","recovery",919,30034174,91.33
"2602","gear",918,30035092,91.33
"2603","relate",918,30036010,91.33
"2604","semi",918,30036928,91.34
"2605","platform",917,30037845,91.34
"2606","regard",917,30038762,91.34
"2607","staring",917,30039679,91.34
"2608","industrial",916,30040595,91.35
"2609","malt",915,30041510,91.35
"2610","surprising",915,30042425,91.35
"2611","abandoned",914,30043339,91.36
"2612","breathe",914,30044253,91.36
"2613","effectively",913,30045166,91.36
"2614","vegetable",913,30046079,91.36
"2615","yep",913,30046992,91.37
"2616","batter",912,30047904,91.37
"2617","expressed",912,30048816,91.37
"2618","theater",912,30049728,91.38
"2619","delight",911,30050639,91.38
"2620","pound",911,30051550,91.38
"2621","bloody",910,30052460,91.38
"2622","height",910,30053370,91.39
"2623","covering",909,30054279,91.39
"2624","engage",909,30055188,91.39
"2625","comparison",908,30056096,91.39
"2626","format",908,30057004,91.4
"2627","fortunately",908,30057912,91.4
"2628","jam",907,30058819,91.4
"2629","heavily",906,30059725,91.41
"2630","household",906,30060631,91.41
"2631","select",906,30061537,91.41
"2632","stunning",906,30062443,91.41
"2633","charity",905,30063348,91.42
"2634","crown",905,30064253,91.42
"2635","desert",905,30065158,91.42
"2636","tales",905,30066063,91.42
"2637","accurate",903,30066966,91.43
"2638","sometime",903,30067869,91.43
"2639","bin",901,30068770,91.43
"2640","smiling",901,30069671,91.44
"2641","yeast",900,30070571,91.44
"2642","cinnamon",899,30071470,91.44
"2643","alien",898,30072368,91.44
"2644","soil",898,30073266,91.45
"2645","dirt",897,30074163,91.45
"2646","domestic",897,30075060,91.45
"2647","outcome",897,30075957,91.46
"2648","vampire",897,30076854,91.46
"2649","anna",896,30077750,91.46
"2650","approximately",896,30078646,91.46
"2651","begun",896,30079542,91.47
"2652","dramatic",896,30080438,91.47
"2653","eric",894,30081332,91.47
"2654","knee",893,30082225,91.47
"2655","strongly",893,30083118,91.48
"2656","attractive",892,30084010,91.48
"2657","dare",892,30084902,91.48
"2658","melted",892,30085794,91.48
"2659","proved",892,30086686,91.49
"2660","sour",892,30087578,91.49
"2661","apparent",891,30088469,91.49
"2662","discovery",891,30089360,91.5
"2663","feeding",890,30090250,91.5
"2664","newly",889,30091139,91.5
"2665","pretend",889,30092028,91.5
"2666","avenue",888,30092916,91.51
"2667","bass",888,30093804,91.51
"2668","fought",888,30094692,91.51
"2669","interior",888,30095580,91.51
"2670","epic",886,30096466,91.52
"2671","generous",886,30097352,91.52
"2672","injury",886,30098238,91.52
"2673","instantly",886,30099124,91.53
"2674","castle",885,30100009,91.53
"2675","permanent",885,30100894,91.53
"2676","settle",885,30101779,91.53
"2677","peanut",884,30102663,91.54
"2678","enjoyable",881,30103544,91.54
"2679","worker",881,30104425,91.54
"2680","awkward",879,30105304,91.54
"2681","jewelry",879,30106183,91.55
"2682","entrance",878,30107061,91.55
"2683","narrow",878,30107939,91.55
"2684","treasure",878,30108817,91.56
"2685","candidate",877,30109694,91.56
"2686","sensitive",877,30110571,91.56
"2687","jazz",876,30111447,91.56
"2688","leaf",876,30112323,91.57
"2689","lighting",876,30113199,91.57
"2690","paste",876,30114075,91.57
"2691","yarn",876,30114951,91.57
"2692","ours",875,30115826,91.58
"2693","phase",875,30116701,91.58
"2694","toy",875,30117576,91.58
"2695","occur",874,30118450,91.58
"2696","sub",874,30119324,91.59
"2697","cherry",873,30120197,91.59
"2698","encounter",873,30121070,91.59
"2699","inspiring",873,30121943,91.59
"2700","capacity",872,30122815,91.6
"2701","lined",871,30123686,91.6
"2702","overwhelming",871,30124557,91.6
"2703","pumpkin",871,30125428,91.61
"2704","tank",871,30126299,91.61
"2705","visible",871,30127170,91.61
"2706","nail",870,30128040,91.61
"2707","tasting",870,30128910,91.62
"2708","marked",869,30129779,91.62
"2709","slept",869,30130648,91.62
"2710","ann",868,30131516,91.62
"2711","confirmed",868,30132384,91.63
"2712","peaceful",868,30133252,91.63
"2713","rack",868,30134120,91.63
"2714","refuse",868,30134988,91.63
"2715","calendar",867,30135855,91.64
"2716","chaos",867,30136722,91.64
"2717","destination",866,30137588,91.64
"2718","immigration",866,30138454,91.65
"2719","salvation",866,30139320,91.65
"2720","rescue",865,30140185,91.65
"2721","educational",864,30141049,91.65
"2722","grief",864,30141913,91.66
"2723","steel",864,30142777,91.66
"2724","severe",863,30143640,91.66
"2725","ca",862,30144502,91.66
"2726","campus",862,30145364,91.67
"2727","handful",862,30146226,91.67
"2728","publish",862,30147088,91.67
"2729","alongside",861,30147949,91.67
"2730","batch",861,30148810,91.68
"2731","nap",861,30149671,91.68
"2732","frankly",860,30150531,91.68
"2733","passage",859,30151390,91.68
"2734","celebrated",858,30152248,91.69
"2735","independence",858,30153106,91.69
"2736","overnight",858,30153964,91.69
"2737","slip",858,30154822,91.69
"2738","string",858,30155680,91.7
"2739","universal",858,30156538,91.7
"2740","heck",857,30157395,91.7
"2741","adopted",856,30158251,91.71
"2742","reminder",856,30159107,91.71
"2743","reply",856,30159963,91.71
"2744","ye",856,30160819,91.71
"2745","jeff",855,30161674,91.72
"2746","refer",855,30162529,91.72
"2747","climb",854,30163383,91.72
"2748","accused",853,30164236,91.72
"2749","gap",853,30165089,91.73
"2750","mac",853,30165942,91.73
"2751","division",852,30166794,91.73
"2752","fired",852,30167646,91.73
"2753","sticks",852,30168498,91.74
"2754","heritage",851,30169349,91.74
"2755","resolution",851,30170200,91.74
"2756","bare",850,30171050,91.74
"2757","collect",850,30171900,91.75
"2758","scheme",850,30172750,91.75
"2759","genuine",849,30173599,91.75
"2760","illness",849,30174448,91.75
"2761","syrup",849,30175297,91.76
"2762","teenage",848,30176145,91.76
"2763","fifth",847,30176992,91.76
"2764","mercy",847,30177839,91.76
"2765","survival",847,30178686,91.77
"2766","stitch",845,30179531,91.77
"2767","branch",844,30180375,91.77
"2768","polish",844,30181219,91.78
"2769","tail",844,30182063,91.78
"2770","crisp",843,30182906,91.78
"2771","liberty",843,30183749,91.78
"2772","compare",841,30184590,91.79
"2773","shine",841,30185431,91.79
"2774","butterfly",840,30186271,91.79
"2775","hilarious",838,30187109,91.79
"2776","flip",837,30187946,91.8
"2777","inspire",836,30188782,91.8
"2778","reputation",835,30189617,91.8
"2779","shoe",835,30190452,91.8
"2780","zombie",835,30191287,91.81
"2781","miracle",833,30192120,91.81
"2782","panic",833,30192953,91.81
"2783","rent",833,30193786,91.81
"2784","beating",832,30194618,91.82
"2785","assistant",831,30195449,91.82
"2786","criticism",831,30196280,91.82
"2787","laughter",831,30197111,91.82
"2788","sheer",831,30197942,91.83
"2789","snack",830,30198772,91.83
"2790","throat",830,30199602,91.83
"2791","glorious",829,30200431,91.83
"2792","hunting",829,30201260,91.84
"2793","dragon",828,30202088,91.84
"2794","emotion",828,30202916,91.84
"2795","fence",828,30203744,91.84
"2796","fry",828,30204572,91.85
"2797","solo",828,30205400,91.85
"2798","convince",827,30206227,91.85
"2799","glitter",827,30207054,91.85
"2800","pat",827,30207881,91.86
"2801","sought",827,30208708,91.86
"2802","aka",826,30209534,91.86
"2803","highlight",826,30210360,91.86
"2804","reflection",826,30211186,91.87
"2805","faithful",825,30212011,91.87
"2806","graphic",825,30212836,91.87
"2807","lane",825,30213661,91.87
"2808","photographer",825,30214486,91.88
"2809","defend",824,30215310,91.88
"2810","ceremony",823,30216133,91.88
"2811","electronic",823,30216956,91.88
"2812","nevertheless",823,30217779,91.89
"2813","swing",823,30218602,91.89
"2814","accomplished",822,30219424,91.89
"2815","basement",822,30220246,91.89
"2816","blah",822,30221068,91.9
"2817","stranger",822,30221890,91.9
"2818","blanket",821,30222711,91.9
"2819","command",821,30223532,91.9
"2820","invite",821,30224353,91.91
"2821","intention",820,30225173,91.91
"2822","affair",819,30225992,91.91
"2823","desired",819,30226811,91.91
"2824","lawyer",819,30227630,91.92
"2825","submit",819,30228449,91.92
"2826","da",818,30229267,91.92
"2827","genius",818,30230085,91.92
"2828","rubber",818,30230903,91.93
"2829","advanced",817,30231720,91.93
"2830","belong",817,30232537,91.93
"2831","quest",816,30233353,91.93
"2832","aim",815,30234168,91.94
"2833","consistent",814,30234982,91.94
"2834","permission",813,30235795,91.94
"2835","quietly",812,30236607,91.94
"2836","gang",811,30237418,91.95
"2837","jar",811,30238229,91.95
"2838","washing",811,30239040,91.95
"2839","cloth",810,30239850,91.95
"2840","lit",810,30240660,91.96
"2841","locked",810,30241470,91.96
"2842","bride",809,30242279,91.96
"2843","swear",809,30243088,91.96
"2844","greatly",808,30243896,91.97
"2845","concrete",806,30244702,91.97
"2846","user",806,30245508,91.97
"2847","lime",805,30246313,91.97
"2848","overcome",805,30247118,91.98
"2849","protest",805,30247923,91.98
"2850","tasted",804,30248727,91.98
"2851","formula",803,30249530,91.98
"2852","stuffed",803,30250333,91.99
"2853","tension",803,30251136,91.99
"2854","teens",802,30251938,91.99
"2855","arrival",801,30252739,91.99
"2856","ought",801,30253540,92
"2857","luke",800,30254340,92
"2858","regret",800,30255140,92
"2859","skip",800,30255940,92
"2860","awake",799,30256739,92
"2861","charming",798,30257537,92.01
"2862","kim",798,30258335,92.01
"2863","broad",797,30259132,92.01
"2864","enormous",797,30259929,92.01
"2865","formal",797,30260726,92.02
"2866","sprinkle",797,30261523,92.02
"2867","urge",797,30262320,92.02
"2868","blast",796,30263116,92.02
"2869","farmer",796,30263912,92.03
"2870","jersey",796,30264708,92.03
"2871","consumer",795,30265503,92.03
"2872","er",795,30266298,92.03
"2873","thou",795,30267093,92.04
"2874","stream",794,30267887,92.04
"2875","needless",793,30268680,92.04
"2876","resource",793,30269473,92.04
"2877","intelligent",791,30270264,92.05
"2878","vital",791,30271055,92.05
"2879","deck",790,30271845,92.05
"2880","fishing",786,30272631,92.05
"2881","occasional",786,30273417,92.06
"2882","resistance",786,30274203,92.06
"2883","spice",786,30274989,92.06
"2884","underneath",786,30275775,92.06
"2885","workout",786,30276561,92.07
"2886","navy",785,30277346,92.07
"2887","peak",785,30278131,92.07
"2888","charm",784,30278915,92.07
"2889","exhausted",784,30279699,92.07
"2890","satisfied",783,30280482,92.08
"2891","scratch",783,30281265,92.08
"2892","communicate",782,30282047,92.08
"2893","knit",782,30282829,92.08
"2894","license",782,30283611,92.09
"2895","acceptable",781,30284392,92.09
"2896","burned",781,30285173,92.09
"2897","saint",781,30285954,92.09
"2898","tube",781,30286735,92.1
"2899","unlikely",781,30287516,92.1
"2900","anyways",780,30288296,92.1
"2901","essence",780,30289076,92.1
"2902","autumn",779,30289855,92.11
"2903","solar",779,30290634,92.11
"2904","alright",778,30291412,92.11
"2905","amazed",778,30292190,92.11
"2906","dude",778,30292968,92.11
"2907","forum",778,30293746,92.12
"2908","grandfather",778,30294524,92.12
"2909","knock",778,30295302,92.12
"2910","primarily",778,30296080,92.12
"2911","sacred",778,30296858,92.13
"2912","balanced",777,30297635,92.13
"2913","clue",776,30298411,92.13
"2914","flag",776,30299187,92.13
"2915","laying",776,30299963,92.14
"2916","preparation",776,30300739,92.14
"2917","survey",776,30301515,92.14
"2918","bless",775,30302290,92.14
"2919","notion",775,30303065,92.15
"2920","shed",775,30303840,92.15
"2921","soda",775,30304615,92.15
"2922","collective",774,30305389,92.15
"2923","encouraging",774,30306163,92.16
"2924","grain",774,30306937,92.16
"2925","kindle",774,30307711,92.16
"2926","fool",773,30308484,92.16
"2927","jail",773,30309257,92.16
"2928","wherever",773,30310030,92.17
"2929","payment",772,30310802,92.17
"2930","sew",772,30311574,92.17
"2931","sheep",772,30312346,92.17
"2932","custom",771,30313117,92.18
"2933","solve",771,30313888,92.18
"2934","sooner",771,30314659,92.18
"2935","evolution",769,30315428,92.18
"2936","grounds",769,30316197,92.19
"2937","insight",769,30316966,92.19
"2938","um",769,30317735,92.19
"2939","declared",768,30318503,92.19
"2940","insane",768,30319271,92.19
"2941","shipping",768,30320039,92.2
"2942","junior",767,30320806,92.2
"2943","operating",767,30321573,92.2
"2944","relative",767,30322340,92.2
"2945","slide",767,30323107,92.21
"2946","artistic",766,30323873,92.21
"2947","el",766,30324639,92.21
"2948","exposure",765,30325404,92.21
"2949","passionate",765,30326169,92.22
"2950","cap",764,30326933,92.22
"2951","marry",764,30327697,92.22
"2952","atlantic",763,30328460,92.22
"2953","clip",763,30329223,92.23
"2954","ongoing",763,30329986,92.23
"2955","foster",762,30330748,92.23
"2956","melt",762,30331510,92.23
"2957","midst",762,30332272,92.23
"2958","trailer",762,30333034,92.24
"2959","absence",761,30333795,92.24
"2960","blank",761,30334556,92.24
"2961","sticking",761,30335317,92.24
"2962","define",760,30336077,92.25
"2963","kelly",760,30336837,92.25
"2964","lewis",760,30337597,92.25
"2965","mayor",760,30338357,92.25
"2966","racing",760,30339117,92.26
"2967","tutorial",760,30339877,92.26
"2968","crystal",759,30340636,92.26
"2969","soap",759,30341395,92.26
"2970","washed",759,30342154,92.26
"2971","announce",758,30342912,92.27
"2972","reserve",758,30343670,92.27
"2973","stirring",758,30344428,92.27
"2974","dig",757,30345185,92.27
"2975","whisk",757,30345942,92.28
"2976","ceiling",755,30346697,92.28
"2977","graduate",755,30347452,92.28
"2978","remarkable",755,30348207,92.28
"2979","emotionally",754,30348961,92.29
"2980","mild",754,30349715,92.29
"2981","rear",754,30350469,92.29
"2982","speaker",754,30351223,92.29
"2983","extraordinary",753,30351976,92.29
"2984","toss",753,30352729,92.3
"2985","trash",753,30353482,92.3
"2986","wee",753,30354235,92.3
"2987","chip",752,30354987,92.3
"2988","logic",752,30355739,92.31
"2989","regional",752,30356491,92.31
"2990","compassion",751,30357242,92.31
"2991","drag",751,30357993,92.31
"2992","pitch",751,30358744,92.31
"2993","principle",751,30359495,92.32
"2994","employment",750,30360245,92.32
"2995","outdoor",750,30360995,92.32
"2996","realistic",750,30361745,92.32
"2997","scream",750,30362495,92.33
"2998","cabinet",749,30363244,92.33
"2999","mall",749,30363993,92.33
"3000","canvas",748,30364741,92.33
"3001","practically",748,30365489,92.34
"3002","reward",748,30366237,92.34
"3003","cupcake",747,30366984,92.34
"3004","rural",747,30367731,92.34
"3005","tech",747,30368478,92.34
"3006","creature",746,30369224,92.35
"3007","spin",746,30369970,92.35
"3008","buddy",743,30370713,92.35
"3009","confusion",743,30371456,92.35
"3010","emma",743,30372199,92.36
"3011","exclusive",743,30372942,92.36
"3012","handy",743,30373685,92.36
"3013","commit",742,30374427,92.36
"3014","drain",742,30375169,92.36
"3015","mouse",742,30375911,92.37
"3016","retail",742,30376653,92.37
"3017","ruling",742,30377395,92.37
"3018","shy",742,30378137,92.37
"3019","whereas",742,30378879,92.38
"3020","widely",742,30379621,92.38
"3021","z",742,30380363,92.38
"3022","collected",741,30381104,92.38
"3023","fitting",741,30381845,92.39
"3024","protein",741,30382586,92.39
"3025","steal",741,30383327,92.39
"3026","temporary",741,30384068,92.39
"3027","accomplish",740,30384808,92.39
"3028","convention",740,30385548,92.4
"3029","engaging",740,30386288,92.4
"3030","maker",740,30387028,92.4
"3031","producer",740,30387768,92.4
"3032","russia",740,30388508,92.41
"3033","stout",740,30389248,92.41
"3034","teaspoon",740,30389988,92.41
"3035","tin",740,30390728,92.41
"3036","volunteer",740,30391468,92.41
"3037","adoption",739,30392207,92.42
"3038","hug",739,30392946,92.42
"3039","minded",739,30393685,92.42
"3040","motivation",739,30394424,92.42
"3041","pacific",739,30395163,92.43
"3042","productive",739,30395902,92.43
"3043","believing",737,30396639,92.43
"3044","utterly",737,30397376,92.43
"3045","venue",737,30398113,92.43
"3046","intent",736,30398849,92.44
"3047","lap",736,30399585,92.44
"3048","luxury",736,30400321,92.44
"3049","spell",736,30401057,92.44
"3050","gradually",735,30401792,92.45
"3051","vice",735,30402527,92.45
"3052","employee",734,30403261,92.45
"3053","fame",734,30403995,92.45
"3054","pointing",734,30404729,92.45
"3055","grave",733,30405462,92.46
"3056","historic",733,30406195,92.46
"3057","cent",732,30406927,92.46
"3058","knitting",732,30407659,92.46
"3059","sizes",732,30408391,92.47
"3060","someday",732,30409123,92.47
"3061","tuned",732,30409855,92.47
"3062","blown",731,30410586,92.47
"3063","dropping",731,30411317,92.47
"3064","scrap",730,30412047,92.48
"3065","bug",728,30412775,92.48
"3066","counting",727,30413502,92.48
"3067","fee",727,30414229,92.48
"3068","mask",727,30414956,92.49
"3069","republic",727,30415683,92.49
"3070","keen",726,30416409,92.49
"3071","roughly",726,30417135,92.49
"3072","contrary",725,30417860,92.49
"3073","occupy",725,30418585,92.5
"3074","assistance",724,30419309,92.5
"3075","chart",724,30420033,92.5
"3076","briefly",723,30420756,92.5
"3077","clay",723,30421479,92.51
"3078","rely",723,30422202,92.51
"3079","scenario",723,30422925,92.51
"3080","territory",723,30423648,92.51
"3081","testament",723,30424371,92.51
"3082","assembly",722,30425093,92.52
"3083","complain",722,30425815,92.52
"3084","lock",722,30426537,92.52
"3085","preferred",721,30427258,92.52
"3086","shelter",721,30427979,92.53
"3087","casual",720,30428699,92.53
"3088","inevitable",720,30429419,92.53
"3089","legend",720,30430139,92.53
"3090","thy",720,30430859,92.53
"3091","memorable",719,30431578,92.54
"3092","reform",719,30432297,92.54
"3093","admitted",718,30433015,92.54
"3094","desperately",718,30433733,92.54
"3095","legislation",718,30434451,92.55
"3096","equivalent",717,30435168,92.55
"3097","steady",717,30435885,92.55
"3098","distant",716,30436601,92.55
"3099","neat",716,30437317,92.55
"3100","sliced",716,30438033,92.56
"3101","exhibition",715,30438748,92.56
"3102","potentially",715,30439463,92.56
"3103","relaxed",715,30440178,92.56
"3104","revelation",715,30440893,92.56
"3105","waking",714,30441607,92.57
"3106","bean",713,30442320,92.57
"3107","creator",712,30443032,92.57
"3108","deny",712,30443744,92.57
"3109","fortune",712,30444456,92.58
"3110","freezer",712,30445168,92.58
"3111","repeated",712,30445880,92.58
"3112","improvement",711,30446591,92.58
"3113","decline",710,30447301,92.58
"3114","shiny",710,30448011,92.59
"3115","countless",709,30448720,92.59
"3116","spicy",709,30449429,92.59
"3117","tops",709,30450138,92.59
"3118","dutch",708,30450846,92.6
"3119","factory",708,30451554,92.6
"3120","preheat",707,30452261,92.6
"3121","assumed",706,30452967,92.6
"3122","divorce",706,30453673,92.6
"3123","lip",706,30454379,92.61
"3124","min",706,30455085,92.61
"3125","retired",706,30455791,92.61
"3126","successfully",706,30456497,92.61
"3127","discipline",705,30457202,92.61
"3128","documentary",705,30457907,92.62
"3129","resort",705,30458612,92.62
"3130","steam",705,30459317,92.62
"3131","champion",704,30460021,92.62
"3132","frustration",704,30460725,92.63
"3133","partly",704,30461429,92.63
"3134","fortunate",703,30462132,92.63
"3135","audio",702,30462834,92.63
"3136","concerning",701,30463535,92.63
"3137","container",701,30464236,92.64
"3138","pic",701,30464937,92.64
"3139","underground",701,30465638,92.64
"3140","dip",699,30466337,92.64
"3141","error",699,30467036,92.64
"3142","recognition",699,30467735,92.65
"3143","virtual",699,30468434,92.65
"3144","lighter",698,30469132,92.65
"3145","loan",698,30469830,92.65
"3146","sufficient",698,30470528,92.65
"3147","wolf",698,30471226,92.66
"3148","angle",697,30471923,92.66
"3149","venture",697,30472620,92.66
"3150","caramel",696,30473316,92.66
"3151","correctly",696,30474012,92.67
"3152","difficulty",696,30474708,92.67
"3153","explaining",696,30475404,92.67
"3154","ma",696,30476100,92.67
"3155","parliament",696,30476796,92.67
"3156","penny",696,30477492,92.68
"3157","regime",696,30478188,92.68
"3158","sweat",696,30478884,92.68
"3159","grill",695,30479579,92.68
"3160","rob",695,30480274,92.68
"3161","flew",694,30480968,92.69
"3162","priest",694,30481662,92.69
"3163","spotted",694,30482356,92.69
"3164","succeed",694,30483050,92.69
"3165","ego",692,30483742,92.7
"3166","harsh",691,30484433,92.7
"3167","register",690,30485123,92.7
"3168","whoever",690,30485813,92.7
"3169","bubble",689,30486502,92.7
"3170","cinema",689,30487191,92.71
"3171","creek",689,30487880,92.71
"3172","crust",689,30488569,92.71
"3173","touching",689,30489258,92.71
"3174","warming",688,30489946,92.71
"3175","elegant",687,30490633,92.72
"3176","elite",687,30491320,92.72
"3177","pursue",687,30492007,92.72
"3178","sticky",687,30492694,92.72
"3179","acknowledge",686,30493380,92.72
"3180","bunny",686,30494066,92.73
"3181","doll",686,30494752,92.73
"3182","eager",686,30495438,92.73
"3183","priority",685,30496123,92.73
"3184","racism",685,30496808,92.73
"3185","wishing",685,30497493,92.74
"3186","huh",684,30498177,92.74
"3187","involve",684,30498861,92.74
"3188","pillow",683,30499544,92.74
"3189","fifteen",682,30500226,92.75
"3190","eyed",681,30500907,92.75
"3191","pad",681,30501588,92.75
"3192","porch",681,30502269,92.75
"3193","punishment",681,30502950,92.75
"3194","sang",681,30503631,92.76
"3195","arena",680,30504311,92.76
"3196","consideration",680,30504991,92.76
"3197","muscle",680,30505671,92.76
"3198","refreshing",680,30506351,92.76
"3199","thee",680,30507031,92.77
"3200","behalf",679,30507710,92.77
"3201","exploring",679,30508389,92.77
"3202","pastor",679,30509068,92.77
"3203","shell",678,30509746,92.77
"3204","contribute",677,30510423,92.78
"3205","finance",677,30511100,92.78
"3206","founder",677,30511777,92.78
"3207","disorder",676,30512453,92.78
"3208","bull",675,30513128,92.78
"3209","cure",675,30513803,92.79
"3210","torn",675,30514478,92.79
"3211","appreciation",674,30515152,92.79
"3212","crafty",674,30515826,92.79
"3213","lens",674,30516500,92.79
"3214","swim",674,30517174,92.8
"3215","runner",673,30517847,92.8
"3216","titled",673,30518520,92.8
"3217","loaded",672,30519192,92.8
"3218","governor",671,30519863,92.8
"3219","gratitude",671,30520534,92.81
"3220","burst",670,30521204,92.81
"3221","failing",670,30521874,92.81
"3222","heal",670,30522544,92.81
"3223","mentally",670,30523214,92.82
"3224","pearl",670,30523884,92.82
"3225","emphasis",669,30524553,92.82
"3226","establish",669,30525222,92.82
"3227","highway",669,30525891,92.82
"3228","poet",669,30526560,92.83
"3229","snap",669,30527229,92.83
"3230","squeeze",669,30527898,92.83
"3231","tragedy",669,30528567,92.83
"3232","virtually",669,30529236,92.83
"3233","essay",668,30529904,92.84
"3234","significantly",666,30530570,92.84
"3235","laura",665,30531235,92.84
"3236","rating",665,30531900,92.84
"3237","resulting",665,30532565,92.84
"3238","fitness",664,30533229,92.85
"3239","trim",664,30533893,92.85
"3240","dont",663,30534556,92.85
"3241","trading",663,30535219,92.85
"3242","bizarre",662,30535881,92.85
"3243","carpet",662,30536543,92.86
"3244","miller",662,30537205,92.86
"3245","repeatedly",662,30537867,92.86
"3246","tested",662,30538529,92.86
"3247","towel",662,30539191,92.86
"3248","vinegar",662,30539853,92.87
"3249","hosting",661,30540514,92.87
"3250","mate",661,30541175,92.87
"3251","embossing",660,30541835,92.87
"3252","proposal",660,30542495,92.87
"3253","upstairs",660,30543155,92.88
"3254","gluten",659,30543814,92.88
"3255","spectacular",659,30544473,92.88
"3256","acceptance",658,30545131,92.88
"3257","authentic",658,30545789,92.88
"3258","electricity",658,30546447,92.89
"3259","junk",658,30547105,92.89
"3260","odds",658,30547763,92.89
"3261","purse",658,30548421,92.89
"3262","stays",658,30549079,92.89
"3263","sword",658,30549737,92.9
"3264","approaching",657,30550394,92.9
"3265","assured",657,30551051,92.9
"3266","en",657,30551708,92.9
"3267","fifty",657,30552365,92.9
"3268","guidance",657,30553022,92.91
"3269","overly",657,30553679,92.91
"3270","topped",657,30554336,92.91
"3271","tan",656,30554992,92.91
"3272","adore",655,30555647,92.91
"3273","blowing",655,30556302,92.92
"3274","floating",655,30556957,92.92
"3275","forty",655,30557612,92.92
"3276","index",655,30558267,92.92
"3277","invisible",655,30558922,92.92
"3278","meaningful",655,30559577,92.93
"3279","oak",655,30560232,92.93
"3280","statistics",655,30560887,92.93
"3281","aggressive",654,30561541,92.93
"3282","lamb",654,30562195,92.93
"3283","sadness",654,30562849,92.94
"3284","divided",653,30563502,92.94
"3285","kindness",653,30564155,92.94
"3286","lid",653,30564808,92.94
"3287","anxious",652,30565460,92.94
"3288","crossing",652,30566112,92.95
"3289","palm",652,30566764,92.95
"3290","superior",652,30567416,92.95
"3291","firmly",651,30568067,92.95
"3292","guarantee",651,30568718,92.95
"3293","necklace",651,30569369,92.96
"3294","conduct",650,30570019,92.96
"3295","journalist",650,30570669,92.96
"3296","flavour",649,30571318,92.96
"3297","twin",649,30571967,92.96
"3298","billy",648,30572615,92.97
"3299","delicate",648,30573263,92.97
"3300","diamond",648,30573911,92.97
"3301","nursing",648,30574559,92.97
"3302","pa",648,30575207,92.97
"3303","soccer",648,30575855,92.98
"3304","fi",646,30576501,92.98
"3305","shorts",646,30577147,92.98
"3306","interpretation",645,30577792,92.98
"3307","port",645,30578437,92.98
"3308","breeze",644,30579081,92.98
"3309","edit",644,30579725,92.99
"3310","studied",644,30580369,92.99
"3311","suitable",644,30581013,92.99
"3312","amber",643,30581656,92.99
"3313","cable",643,30582299,92.99
"3314","michigan",643,30582942,93
"3315","academy",642,30583584,93
"3316","goat",642,30584226,93
"3317","shout",642,30584868,93
"3318","distinct",641,30585509,93
"3319","engineering",641,30586150,93.01
"3320","homework",641,30586791,93.01
"3321","humble",641,30587432,93.01
"3322","memorial",641,30588073,93.01
"3323","perception",641,30588714,93.01
"3324","spinach",641,30589355,93.02
"3325","burden",640,30589995,93.02
"3326","diverse",640,30590635,93.02
"3327","kicking",640,30591275,93.02
"3328","sequence",640,30591915,93.02
"3329","sneak",639,30592554,93.03
"3330","matching",638,30593192,93.03
"3331","roast",638,30593830,93.03
"3332","beaten",637,30594467,93.03
"3333","excess",637,30595104,93.03
"3334","frosting",637,30595741,93.04
"3335","log",637,30596378,93.04
"3336","origin",637,30597015,93.04
"3337","wished",636,30597651,93.04
"3338","defeat",635,30598286,93.04
"3339","foam",635,30598921,93.05
"3340","hired",635,30599556,93.05
"3341","maximum",635,30600191,93.05
"3342","nest",635,30600826,93.05
"3343","promotion",635,30601461,93.05
"3344","compete",634,30602095,93.05
"3345","consistently",634,30602729,93.06
"3346","facility",634,30603363,93.06
"3347","strawberry",634,30603997,93.06
"3348","unemployment",634,30604631,93.06
"3349","affordable",633,30605264,93.06
"3350","bucket",633,30605897,93.07
"3351","diversity",633,30606530,93.07
"3352","vulnerable",633,30607163,93.07
"3353","pencil",632,30607795,93.07
"3354","resurrection",632,30608427,93.07
"3355","approval",631,30609058,93.08
"3356","chili",631,30609689,93.08
"3357","distribution",631,30610320,93.08
"3358","halfway",631,30610951,93.08
"3359","hers",631,30611582,93.08
"3360","laden",631,30612213,93.09
"3361","realm",631,30612844,93.09
"3362","acid",630,30613474,93.09
"3363","basketball",630,30614104,93.09
"3364","divide",630,30614734,93.09
"3365","presidential",630,30615364,93.1
"3366","accent",629,30615993,93.1
"3367","costume",629,30616622,93.1
"3368","golf",629,30617251,93.1
"3369","lean",629,30617880,93.1
"3370","pint",629,30618509,93.1
"3371","outer",628,30619137,93.11
"3372","salmon",628,30619765,93.11
"3373","warmth",628,30620393,93.11
"3374","brick",626,30621019,93.11
"3375","noble",626,30621645,93.11
"3376","nonetheless",626,30622271,93.12
"3377","technically",626,30622897,93.12
"3378","toast",626,30623523,93.12
"3379","companion",625,30624148,93.12
"3380","offensive",625,30624773,93.12
"3381","outstanding",625,30625398,93.13
"3382","stolen",625,30626023,93.13
"3383","actively",624,30626647,93.13
"3384","assuming",624,30627271,93.13
"3385","landed",624,30627895,93.13
"3386","patch",624,30628519,93.14
"3387","shining",624,30629143,93.14
"3388","expand",623,30629766,93.14
"3389","fever",623,30630389,93.14
"3390","hobby",623,30631012,93.14
"3391","psychological",623,30631635,93.14
"3392","shore",623,30632258,93.15
"3393","wound",623,30632881,93.15
"3394","banner",621,30633502,93.15
"3395","apologize",620,30634122,93.15
"3396","hooked",620,30634742,93.15
"3397","sum",620,30635362,93.16
"3398","threatening",620,30635982,93.16
"3399","architecture",619,30636601,93.16
"3400","climbing",619,30637220,93.16
"3401","combat",619,30637839,93.16
"3402","duck",619,30638458,93.17
"3403","obsession",619,30639077,93.17
"3404","column",618,30639695,93.17
"3405","consumption",618,30640313,93.17
"3406","worrying",618,30640931,93.17
"3407","enforcement",617,30641548,93.17
"3408","jean",617,30642165,93.18
"3409","objective",617,30642782,93.18
"3410","semester",617,30643399,93.18
"3411","bang",616,30644015,93.18
"3412","delightful",616,30644631,93.18
"3413","drank",616,30645247,93.19
"3414","remote",616,30645863,93.19
"3415","forgiveness",615,30646478,93.19
"3416","relation",615,30647093,93.19
"3417","establishment",614,30647707,93.19
"3418","prospect",614,30648321,93.2
"3419","voting",614,30648935,93.2
"3420","assessment",613,30649548,93.2
"3421","cave",613,30650161,93.2
"3422","chill",613,30650774,93.2
"3423","crop",613,30651387,93.2
"3424","timing",613,30652000,93.21
"3425","proven",612,30652612,93.21
"3426","rub",612,30653224,93.21
"3427","citizen",611,30653835,93.21
"3428","subsequent",611,30654446,93.21
"3429","adjust",610,30655056,93.22
"3430","automatically",610,30655666,93.22
"3431","barrel",610,30656276,93.22
"3432","coloring",610,30656886,93.22
"3433","cricket",610,30657496,93.22
"3434","harvest",610,30658106,93.23
"3435","logical",610,30658716,93.23
"3436","useless",610,30659326,93.23
"3437","globe",609,30659935,93.23
"3438","jake",609,30660544,93.23
"3439","amen",608,30661152,93.23
"3440","complaint",608,30661760,93.24
"3441","mighty",608,30662368,93.24
"3442","tent",608,30662976,93.24
"3443","creepy",607,30663583,93.24
"3444","encouragement",607,30664190,93.24
"3445","enthusiasm",607,30664797,93.25
"3446","lab",607,30665404,93.25
"3447","percentage",607,30666011,93.25
"3448","similarly",607,30666618,93.25
"3449","whipped",607,30667225,93.25
"3450","injured",606,30667831,93.25
"3451","mixer",606,30668437,93.26
"3452","announcement",605,30669042,93.26
"3453","crucial",605,30669647,93.26
"3454","pastry",605,30670252,93.26
"3455","rainbow",605,30670857,93.26
"3456","rapidly",605,30671462,93.27
"3457","secondary",605,30672067,93.27
"3458","terribly",605,30672672,93.27
"3459","cape",604,30673276,93.27
"3460","discount",604,30673880,93.27
"3461","spite",604,30674484,93.28
"3462","antique",603,30675087,93.28
"3463","aroma",603,30675690,93.28
"3464","boot",603,30676293,93.28
"3465","glimpse",603,30676896,93.28
"3466","representative",603,30677499,93.28
"3467","scent",603,30678102,93.29
"3468","silk",603,30678705,93.29
"3469","autism",602,30679307,93.29
"3470","battery",602,30679909,93.29
"3471","chairman",602,30680511,93.29
"3472","cow",602,30681113,93.3
"3473","dynamic",602,30681715,93.3
"3474","efficient",602,30682317,93.3
"3475","extensive",602,30682919,93.3
"3476","potter",602,30683521,93.3
"3477","suggestion",602,30684123,93.3
"3478","trek",602,30684725,93.31
"3479","actress",601,30685326,93.31
"3480","colorado",601,30685927,93.31
"3481","competitive",601,30686528,93.31
"3482","demanding",601,30687129,93.31
"3483","frequent",601,30687730,93.32
"3484","guardian",601,30688331,93.32
"3485","pit",601,30688932,93.32
"3486","alike",600,30689532,93.32
"3487","con",600,30690132,93.32
"3488","poster",600,30690732,93.32
"3489","steak",600,30691332,93.33
"3490","trapped",600,30691932,93.33
"3491","vegetarian",600,30692532,93.33
"3492","addiction",599,30693131,93.33
"3493","fort",599,30693730,93.33
"3494","rick",599,30694329,93.34
"3495","supposedly",599,30694928,93.34
"3496","alarm",598,30695526,93.34
"3497","cocoa",598,30696124,93.34
"3498","lager",598,30696722,93.34
"3499","lawn",598,30697320,93.34
"3500","stable",598,30697918,93.35
"3501","flowing",597,30698515,93.35
"3502","linking",597,30699112,93.35
"3503","paragraph",597,30699709,93.35
"3504","peel",597,30700306,93.35
"3505","simmer",597,30700903,93.36
"3506","sore",597,30701500,93.36
"3507","transport",597,30702097,93.36
"3508","twisted",597,30702694,93.36
"3509","colorful",596,30703290,93.36
"3510","fundamental",596,30703886,93.36
"3511","puppy",596,30704482,93.37
"3512","soldier",596,30705078,93.37
"3513","alan",595,30705673,93.37
"3514","jimmy",595,30706268,93.37
"3515","manuscript",595,30706863,93.37
"3516","robin",595,30707458,93.38
"3517","summary",595,30708053,93.38
"3518","unity",595,30708648,93.38
"3519","wardrobe",595,30709243,93.38
"3520","appealing",593,30709836,93.38
"3521","dot",593,30710429,93.38
"3522","educated",593,30711022,93.39
"3523","hire",593,30711615,93.39
"3524","integrity",593,30712208,93.39
"3525","messy",593,30712801,93.39
"3526","operate",593,30713394,93.39
"3527","pond",593,30713987,93.4
"3528","skinny",593,30714580,93.4
"3529","translation",593,30715173,93.4
"3530","bench",592,30715765,93.4
"3531","hood",592,30716357,93.4
"3532","mud",592,30716949,93.4
"3533","privacy",592,30717541,93.41
"3534","shocking",592,30718133,93.41
"3535","consuming",591,30718724,93.41
"3536","fluffy",591,30719315,93.41
"3537","stare",591,30719906,93.41
"3538","wicked",591,30720497,93.41
"3539","defence",590,30721087,93.42
"3540","optional",590,30721677,93.42
"3541","rage",590,30722267,93.42
"3542","tourist",590,30722857,93.42
"3543","disagree",589,30723446,93.42
"3544","folder",589,30724035,93.43
"3545","freely",589,30724624,93.43
"3546","wasted",589,30725213,93.43
"3547","engagement",588,30725801,93.43
"3548","legacy",588,30726389,93.43
"3549","clark",587,30726976,93.43
"3550","classical",587,30727563,93.44
"3551","abroad",586,30728149,93.44
"3552","alas",586,30728735,93.44
"3553","arrest",586,30729321,93.44
"3554","broadcast",586,30729907,93.44
"3555","detective",586,30730493,93.45
"3556","ward",586,30731079,93.45
"3557","corporation",585,30731664,93.45
"3558","procedure",585,30732249,93.45
"3559","rhythm",585,30732834,93.45
"3560","safely",585,30733419,93.45
"3561","backed",584,30734003,93.46
"3562","consistency",584,30734587,93.46
"3563","dull",584,30735171,93.46
"3564","insert",584,30735755,93.46
"3565","partnership",584,30736339,93.46
"3566","rally",584,30736923,93.46
"3567","chemical",583,30737506,93.47
"3568","infection",583,30738089,93.47
"3569","shorter",583,30738672,93.47
"3570","employed",582,30739254,93.47
"3571","pause",582,30739836,93.47
"3572","submission",582,30740418,93.48
"3573","awe",581,30740999,93.48
"3574","foil",581,30741580,93.48
"3575","freak",581,30742161,93.48
"3576","shrimp",581,30742742,93.48
"3577","donate",580,30743322,93.48
"3578","chick",579,30743901,93.49
"3579","nightmare",579,30744480,93.49
"3580","pilot",579,30745059,93.49
"3581","toddler",578,30745637,93.49
"3582","acquired",577,30746214,93.49
"3583","altogether",577,30746791,93.49
"3584","external",577,30747368,93.5
"3585","stack",577,30747945,93.5
"3586","celebrity",576,30748521,93.5
"3587","walker",576,30749097,93.5
"3588","obtain",575,30749672,93.5
"3589","profound",575,30750247,93.51
"3590","registered",575,30750822,93.51
"3591","retirement",575,30751397,93.51
"3592","sue",575,30751972,93.51
"3593","symbol",575,30752547,93.51
"3594","wealthy",575,30753122,93.51
"3595","cop",574,30753696,93.52
"3596","crushed",574,30754270,93.52
"3597","disappointment",574,30754844,93.52
"3598","fashioned",574,30755418,93.52
"3599","freeze",574,30755992,93.52
"3600","hatred",574,30756566,93.52
"3601","neutral",574,30757140,93.53
"3602","wonderfully",574,30757714,93.53
"3603","floral",573,30758287,93.53
"3604","jay",573,30758860,93.53
"3605","substance",573,30759433,93.53
"3606","delighted",572,30760005,93.54
"3607","garbage",572,30760577,93.54
"3608","grilled",572,30761149,93.54
"3609","politically",572,30761721,93.54
"3610","realizing",572,30762293,93.54
"3611","tackle",572,30762865,93.54
"3612","repair",571,30763436,93.55
"3613","satisfying",571,30764007,93.55
"3614","assist",570,30764577,93.55
"3615","curry",570,30765147,93.55
"3616","exhibit",570,30765717,93.55
"3617","intend",570,30766287,93.55
"3618","noon",570,30766857,93.56
"3619","parade",570,30767427,93.56
"3620","scored",570,30767997,93.56
"3621","backing",569,30768566,93.56
"3622","needing",569,30769135,93.56
"3623","commonly",568,30769703,93.56
"3624","compelling",568,30770271,93.57
"3625","dealt",568,30770839,93.57
"3626","extract",568,30771407,93.57
"3627","genuinely",567,30771974,93.57
"3628","opera",567,30772541,93.57
"3629","retreat",566,30773107,93.57
"3630","spectrum",566,30773673,93.58
"3631","peek",565,30774238,93.58
"3632","perfection",565,30774803,93.58
"3633","pig",565,30775368,93.58
"3634","sausage",565,30775933,93.58
"3635","traveled",565,30776498,93.59
"3636","witch",565,30777063,93.59
"3637","wool",565,30777628,93.59
"3638","bearing",564,30778192,93.59
"3639","bent",564,30778756,93.59
"3640","mount",564,30779320,93.59
"3641","reception",564,30779884,93.6
"3642","shaking",564,30780448,93.6
"3643","monitor",563,30781011,93.6
"3644","brains",562,30781573,93.6
"3645","courtesy",562,30782135,93.6
"3646","monkey",562,30782697,93.6
"3647","pouring",562,30783259,93.61
"3648","admire",561,30783820,93.61
"3649","barn",561,30784381,93.61
"3650","booth",561,30784942,93.61
"3651","heavenly",561,30785503,93.61
"3652","miserable",561,30786064,93.61
"3653","uniform",561,30786625,93.62
"3654","elderly",560,30787185,93.62
"3655","reverse",560,30787745,93.62
"3656","assets",559,30788304,93.62
"3657","certificate",559,30788863,93.62
"3658","devoted",559,30789422,93.62
"3659","nonsense",559,30789981,93.63
"3660","bitterness",558,30790539,93.63
"3661","nope",558,30791097,93.63
"3662","privilege",558,30791655,93.63
"3663","unfortunate",558,30792213,93.63
"3664","porter",557,30792770,93.63
"3665","albeit",556,30793326,93.64
"3666","exit",556,30793882,93.64
"3667","grasp",556,30794438,93.64
"3668","membership",556,30794994,93.64
"3669","react",556,30795550,93.64
"3670","taxi",556,30796106,93.64
"3671","upside",556,30796662,93.65
"3672","ban",555,30797217,93.65
"3673","cart",555,30797772,93.65
"3674","deadline",555,30798327,93.65
"3675","loop",555,30798882,93.65
"3676","maintenance",555,30799437,93.66
"3677","mat",555,30799992,93.66
"3678","myth",555,30800547,93.66
"3679","nursery",555,30801102,93.66
"3680","senate",555,30801657,93.66
"3681","squash",555,30802212,93.66
"3682","deadly",554,30802766,93.67
"3683","expense",554,30803320,93.67
"3684","flood",554,30803874,93.67
"3685","imperial",554,30804428,93.67
"3686","removal",554,30804982,93.67
"3687","baker",553,30805535,93.67
"3688","collapse",553,30806088,93.68
"3689","curse",553,30806641,93.68
"3690","feast",553,30807194,93.68
"3691","jordan",553,30807747,93.68
"3692","boost",552,30808299,93.68
"3693","lo",552,30808851,93.68
"3694","valid",552,30809403,93.69
"3695","wandering",552,30809955,93.69
"3696","decorated",551,30810506,93.69
"3697","happier",551,30811057,93.69
"3698","hurry",551,30811608,93.69
"3699","icing",551,30812159,93.69
"3700","printing",551,30812710,93.7
"3701","selfish",551,30813261,93.7
"3702","supportive",551,30813812,93.7
"3703","terrorism",551,30814363,93.7
"3704","attract",550,30814913,93.7
"3705","brutal",550,30815463,93.7
"3706","carter",550,30816013,93.71
"3707","holder",550,30816563,93.71
"3708","patterned",550,30817113,93.71
"3709","scrapbook",550,30817663,93.71
"3710","seal",550,30818213,93.71
"3711","substantial",550,30818763,93.71
"3712","amazingly",549,30819312,93.72
"3713","freshly",549,30819861,93.72
"3714","needle",549,30820410,93.72
"3715","ted",549,30820959,93.72
"3716","crush",548,30821507,93.72
"3717","initiative",548,30822055,93.72
"3718","portrait",548,30822603,93.73
"3719","ham",547,30823150,93.73
"3720","revenue",547,30823697,93.73
"3721","grip",546,30824243,93.73
"3722","pudding",546,30824789,93.73
"3723","palace",545,30825334,93.73
"3724","registration",545,30825879,93.74
"3725","removing",545,30826424,93.74
"3726","carbon",544,30826968,93.74
"3727","homeless",544,30827512,93.74
"3728","interaction",544,30828056,93.74
"3729","layered",544,30828600,93.74
"3730","mornings",544,30829144,93.75
"3731","mustard",544,30829688,93.75
"3732","stamping",544,30830232,93.75
"3733","transportation",544,30830776,93.75
"3734","versus",544,30831320,93.75
"3735","amendment",543,30831863,93.75
"3736","candle",543,30832406,93.76
"3737","josh",543,30832949,93.76
"3738","lion",543,30833492,93.76
"3739","mature",543,30834035,93.76
"3740","publicly",543,30834578,93.76
"3741","weakness",543,30835121,93.76
"3742","ultra",542,30835663,93.77
"3743","cheer",541,30836204,93.77
"3744","infrastructure",541,30836745,93.77
"3745","intimate",541,30837286,93.77
"3746","pictured",541,30837827,93.77
"3747","sounding",541,30838368,93.77
"3748","tissue",541,30838909,93.78
"3749","behold",540,30839449,93.78
"3750","bloom",540,30839989,93.78
"3751","duke",540,30840529,93.78
"3752","horizon",540,30841069,93.78
"3753","loyal",540,30841609,93.78
"3754","meditation",540,30842149,93.78
"3755","bullying",539,30842688,93.79
"3756","glance",538,30843226,93.79
"3757","handsome",538,30843764,93.79
"3758","lasting",538,30844302,93.79
"3759","diaper",537,30844839,93.79
"3760","jerry",537,30845376,93.79
"3761","phenomenon",537,30845913,93.8
"3762","simultaneously",537,30846450,93.8
"3763","drum",536,30846986,93.8
"3764","innovation",536,30847522,93.8
"3765","invitation",536,30848058,93.8
"3766","tremendous",536,30848594,93.8
"3767","bid",535,30849129,93.81
"3768","clinic",535,30849664,93.81
"3769","coupon",535,30850199,93.81
"3770","determination",535,30850734,93.81
"3771","gravity",535,30851269,93.81
"3772","precisely",535,30851804,93.81
"3773","rushed",535,30852339,93.82
"3774","spider",535,30852874,93.82
"3775","tendency",535,30853409,93.82
"3776","transformation",535,30853944,93.82
"3777","alert",534,30854478,93.82
"3778","digging",534,30855012,93.82
"3779","disappear",533,30855545,93.83
"3780","enterprise",533,30856078,93.83
"3781","scope",533,30856611,93.83
"3782","extend",532,30857143,93.83
"3783","innovative",532,30857675,93.83
"3784","kindly",532,30858207,93.83
"3785","pine",532,30858739,93.84
"3786","prominent",532,30859271,93.84
"3787","swap",532,30859803,93.84
"3788","equality",531,30860334,93.84
"3789","hockey",531,30860865,93.84
"3790","id",531,30861396,93.84
"3791","pose",531,30861927,93.85
"3792","spouse",531,30862458,93.85
"3793","steven",531,30862989,93.85
"3794","distracted",530,30863519,93.85
"3795","exam",530,30864049,93.85
"3796","honesty",530,30864579,93.85
"3797","invest",530,30865109,93.85
"3798","madness",530,30865639,93.86
"3799","solely",530,30866169,93.86
"3800","syndrome",530,30866699,93.86
"3801","tart",530,30867229,93.86
"3802","whip",530,30867759,93.86
"3803","controversial",529,30868288,93.86
"3804","processor",529,30868817,93.87
"3805","zoo",529,30869346,93.87
"3806","cough",528,30869874,93.87
"3807","domain",528,30870402,93.87
"3808","institution",528,30870930,93.87
"3809","protecting",528,30871458,93.87
"3810","skillet",528,30871986,93.88
"3811","soy",528,30872514,93.88
"3812","crowded",527,30873041,93.88
"3813","demonstrate",527,30873568,93.88
"3814","chasing",526,30874094,93.88
"3815","dairy",526,30874620,93.88
"3816","ken",526,30875146,93.89
"3817","lecture",526,30875672,93.89
"3818","liking",526,30876198,93.89
"3819","lily",526,30876724,93.89
"3820","rocky",526,30877250,93.89
"3821","snake",526,30877776,93.89
"3822","sole",526,30878302,93.89
"3823","twilight",526,30878828,93.9
"3824","gardening",525,30879353,93.9
"3825","marvel",525,30879878,93.9
"3826","mortgage",525,30880403,93.9
"3827","shook",525,30880928,93.9
"3828","cruel",524,30881452,93.9
"3829","intriguing",524,30881976,93.91
"3830","bye",523,30882499,93.91
"3831","motor",523,30883022,93.91
"3832","pipe",523,30883545,93.91
"3833","progressive",523,30884068,93.91
"3834","stepping",523,30884591,93.91
"3835","tweet",523,30885114,93.92
"3836","kitty",522,30885636,93.92
"3837","mint",522,30886158,93.92
"3838","rabbit",522,30886680,93.92
"3839","testimony",522,30887202,93.92
"3840","tiger",522,30887724,93.92
"3841","diary",521,30888245,93.93
"3842","evident",521,30888766,93.93
"3843","tragic",521,30889287,93.93
"3844","velvet",521,30889808,93.93
"3845","displayed",520,30890328,93.93
"3846","eleven",520,30890848,93.93
"3847","til",520,30891368,93.93
"3848","unnecessary",520,30891888,93.94
"3849","cheek",519,30892407,93.94
"3850","contribution",519,30892926,93.94
"3851","psalm",519,30893445,93.94
"3852","showcase",519,30893964,93.94
"3853","toe",519,30894483,93.94
"3854","auto",518,30895001,93.95
"3855","cabin",518,30895519,93.95
"3856","purely",518,30896037,93.95
"3857","extension",517,30896554,93.95
"3858","justify",517,30897071,93.95
"3859","merry",517,30897588,93.95
"3860","deer",515,30898103,93.96
"3861","disturbing",515,30898618,93.96
"3862","knight",515,30899133,93.96
"3863","overseas",515,30899648,93.96
"3864","ownership",515,30900163,93.96
"3865","preserve",515,30900678,93.96
"3866","significance",515,30901193,93.96
"3867","waist",515,30901708,93.97
"3868","circus",514,30902222,93.97
"3869","contents",514,30902736,93.97
"3870","lucy",514,30903250,93.97
"3871","measured",514,30903764,93.97
"3872","ritual",514,30904278,93.97
"3873","trainer",514,30904792,93.98
"3874","wipe",514,30905306,93.98
"3875","ignorance",513,30905819,93.98
"3876","randomly",513,30906332,93.98
"3877","tooth",513,30906845,93.98
"3878","vocal",513,30907358,93.98
"3879","associate",512,30907870,93.98
"3880","bee",512,30908382,93.99
"3881","recover",512,30908894,93.99
"3882","sponsor",512,30909406,93.99
"3883","stickers",512,30909918,93.99
"3884","flame",511,30910429,93.99
"3885","replacement",511,30910940,93.99
"3886","striking",511,30911451,94
"3887","tricky",511,30911962,94
"3888","whisper",511,30912473,94
"3889","concentrate",510,30912983,94
"3890","gig",510,30913493,94
"3891","revenge",510,30914003,94
"3892","tribute",510,30914513,94
"3893","cope",509,30915022,94.01
"3894","downstairs",509,30915531,94.01
"3895","elementary",509,30916040,94.01
"3896","roger",509,30916549,94.01
"3897","strict",509,30917058,94.01
"3898","barry",508,30917566,94.01
"3899","basil",508,30918074,94.02
"3900","betty",508,30918582,94.02
"3901","bobby",508,30919090,94.02
"3902","deputy",508,30919598,94.02
"3903","mo",508,30920106,94.02
"3904","popcorn",508,30920614,94.02
"3905","darn",507,30921121,94.03
"3906","legitimate",507,30921628,94.03
"3907","pump",507,30922135,94.03
"3908","sequel",507,30922642,94.03
"3909","signature",507,30923149,94.03
"3910","wax",507,30923656,94.03
"3911","assignment",506,30924162,94.03
"3912","footage",506,30924668,94.04
"3913","guessing",506,30925174,94.04
"3914","jelly",506,30925680,94.04
"3915","leap",506,30926186,94.04
"3916","marker",506,30926692,94.04
"3917","rip",506,30927198,94.04
"3918","unfair",506,30927704,94.05
"3919","commentary",505,30928209,94.05
"3920","embarrassed",505,30928714,94.05
"3921","handmade",505,30929219,94.05
"3922","poorly",505,30929724,94.05
"3923","resident",505,30930229,94.05
"3924","stove",505,30930734,94.05
"3925","telephone",505,30931239,94.06
"3926","gentleman",504,30931743,94.06
"3927","hardware",504,30932247,94.06
"3928","jealous",504,30932751,94.06
"3929","span",504,30933255,94.06
"3930","depressed",503,30933758,94.06
"3931","loaf",503,30934261,94.07
"3932","massage",503,30934764,94.07
"3933","pity",503,30935267,94.07
"3934","pressing",503,30935770,94.07
"3935","ruin",503,30936273,94.07
"3936","seasonal",503,30936776,94.07
"3937","blonde",502,30937278,94.07
"3938","lobby",502,30937780,94.08
"3939","microwave",502,30938282,94.08
"3940","advocate",501,30938783,94.08
"3941","backwards",501,30939284,94.08
"3942","chatting",501,30939785,94.08
"3943","cottage",501,30940286,94.08
"3944","decorate",501,30940787,94.08
"3945","refrigerator",501,30941288,94.09
"3946","tray",501,30941789,94.09
"3947","coalition",500,30942289,94.09
"3948","darling",500,30942789,94.09
"3949","indicate",500,30943289,94.09
"3950","minimal",500,30943789,94.09
"3951","notebook",500,30944289,94.1
"3952","premise",500,30944789,94.1
"3953","rude",500,30945289,94.1
"3954","suggesting",500,30945789,94.1
"3955","accidentally",499,30946288,94.1
"3956","priced",499,30946787,94.1
"3957","trap",499,30947286,94.1
"3958","glow",498,30947784,94.11
"3959","improving",498,30948282,94.11
"3960","observe",498,30948780,94.11
"3961","pursuit",498,30949278,94.11
"3962","reporter",498,30949776,94.11
"3963","scattered",498,30950274,94.11
"3964","accessible",496,30950770,94.12
"3965","bulk",496,30951266,94.12
"3966","hurting",496,30951762,94.12
"3967","intervention",496,30952258,94.12
"3968","chuck",495,30952753,94.12
"3969","graduation",495,30953248,94.12
"3970","magnificent",495,30953743,94.12
"3971","query",495,30954238,94.13
"3972","sophisticated",495,30954733,94.13
"3973","stitching",495,30955228,94.13
"3974","adopt",494,30955722,94.13
"3975","convenient",494,30956216,94.13
"3976","dimension",494,30956710,94.13
"3977","satisfaction",494,30957204,94.13
"3978","scientist",494,30957698,94.14
"3979","tablespoon",494,30958192,94.14
"3980","almond",493,30958685,94.14
"3981","assigned",493,30959178,94.14
"3982","learnt",493,30959671,94.14
"3983","triple",493,30960164,94.14
"3984","eh",492,30960656,94.15
"3985","furthermore",492,30961148,94.15
"3986","involvement",492,30961640,94.15
"3987","sustainable",492,30962132,94.15
"3988","virus",492,30962624,94.15
"3989","alter",491,30963115,94.15
"3990","cracked",491,30963606,94.15
"3991","depend",491,30964097,94.16
"3992","evenly",491,30964588,94.16
"3993","fluid",490,30965078,94.16
"3994","substitute",490,30965568,94.16
"3995","sunset",490,30966058,94.16
"3996","continually",489,30966547,94.16
"3997","landing",489,30967036,94.16
"3998","partially",489,30967525,94.17
"3999","rep",489,30968014,94.17
"4000","vague",489,30968503,94.17
"4001","bullet",488,30968991,94.17
"4002","fork",488,30969479,94.17
"4003","participation",488,30969967,94.17
"4004","sixth",488,30970455,94.18
"4005","achievement",487,30970942,94.18
"4006","champagne",487,30971429,94.18
"4007","principal",487,30971916,94.18
"4008","yelling",487,30972403,94.18
"4009","dependent",486,30972889,94.18
"4010","morgan",486,30973375,94.18
"4011","poll",486,30973861,94.19
"4012","aging",485,30974346,94.19
"4013","binding",485,30974831,94.19
"4014","cruise",485,30975316,94.19
"4015","elephant",485,30975801,94.19
"4016","inevitably",485,30976286,94.19
"4017","jury",485,30976771,94.19
"4018","legendary",485,30977256,94.2
"4019","mash",485,30977741,94.2
"4020","abundance",484,30978225,94.2
"4021","cole",484,30978709,94.2
"4022","default",484,30979193,94.2
"4023","abstract",483,30979676,94.2
"4024","journalism",483,30980159,94.2
"4025","muffin",483,30980642,94.21
"4026","rainy",483,30981125,94.21
"4027","slipped",483,30981608,94.21
"4028","smoked",483,30982091,94.21
"4029","stadium",483,30982574,94.21
"4030","stressful",483,30983057,94.21
"4031","terrific",483,30983540,94.21
"4032","alliance",482,30984022,94.22
"4033","anonymous",482,30984504,94.22
"4034","brad",482,30984986,94.22
"4035","feminine",482,30985468,94.22
"4036","handling",482,30985950,94.22
"4037","spreading",482,30986432,94.22
"4038","bat",481,30986913,94.23
"4039","boiling",481,30987394,94.23
"4040","dash",481,30987875,94.23
"4041","dislike",481,30988356,94.23
"4042","exotic",481,30988837,94.23
"4043","profession",481,30989318,94.23
"4044","anticipation",480,30989798,94.23
"4045","perry",480,30990278,94.24
"4046","possession",480,30990758,94.24
"4047","protagonist",480,30991238,94.24
"4048","organize",479,30991717,94.24
"4049","realization",479,30992196,94.24
"4050","clarity",478,30992674,94.24
"4051","constitutional",478,30993152,94.24
"4052","follower",478,30993630,94.25
"4053","gaining",478,30994108,94.25
"4054","pinch",478,30994586,94.25
"4055","ratio",478,30995064,94.25
"4056","targeted",478,30995542,94.25
"4057","examine",477,30996019,94.25
"4058","listing",477,30996496,94.25
"4059","pete",477,30996973,94.26
"4060","scarf",477,30997450,94.26
"4061","broth",476,30997926,94.26
"4062","lamp",476,30998402,94.26
"4063","revolutionary",476,30998878,94.26
"4064","slavery",476,30999354,94.26
"4065","starring",476,30999830,94.26
"4066","capitalism",475,31000305,94.27
"4067","skies",475,31000780,94.27
"4068","arrangement",474,31001254,94.27
"4069","dean",474,31001728,94.27
"4070","drawer",474,31002202,94.27
"4071","quarters",474,31002676,94.27
"4072","squad",474,31003150,94.27
"4073","tub",474,31003624,94.28
"4074","cage",473,31004097,94.28
"4075","confess",473,31004570,94.28
"4076","popularity",473,31005043,94.28
"4077","reasonably",473,31005516,94.28
"4078","artificial",472,31005988,94.28
"4079","bend",472,31006460,94.28
"4080","maria",472,31006932,94.29
"4081","reserved",472,31007404,94.29
"4082","server",472,31007876,94.29
"4083","sa",471,31008347,94.29
"4084","se",471,31008818,94.29
"4085","spinning",471,31009289,94.29
"4086","thumb",471,31009760,94.29
"4087","allegedly",470,31010230,94.3
"4088","chop",470,31010700,94.3
"4089","conscience",470,31011170,94.3
"4090","hike",470,31011640,94.3
"4091","representation",470,31012110,94.3
"4092","vet",470,31012580,94.3
"4093","firstly",469,31013049,94.3
"4094","freezing",469,31013518,94.31
"4095","grandpa",469,31013987,94.31
"4096","mutual",469,31014456,94.31
"4097","signal",469,31014925,94.31
"4098","whatsoever",469,31015394,94.31
"4099","holly",468,31015862,94.31
"4100","medication",468,31016330,94.31
"4101","promising",468,31016798,94.32
"4102","reflected",468,31017266,94.32
"4103","revealing",468,31017734,94.32
"4104","rope",468,31018202,94.32
"4105","curiosity",467,31018669,94.32
"4106","folded",467,31019136,94.32
"4107","openly",467,31019603,94.32
"4108","planting",467,31020070,94.33
"4109","rejection",467,31020537,94.33
"4110","circuit",466,31021003,94.33
"4111","nowadays",466,31021469,94.33
"4112","carrot",465,31021934,94.33
"4113","goddess",465,31022399,94.33
"4114","inks",465,31022864,94.33
"4115","observation",465,31023329,94.34
"4116","rational",465,31023794,94.34
"4117","ashamed",464,31024258,94.34
"4118","critique",464,31024722,94.34
"4119","deserved",464,31025186,94.34
"4120","ford",464,31025650,94.34
"4121","manual",464,31026114,94.34
"4122","outlet",464,31026578,94.35
"4123","template",464,31027042,94.35
"4124","thoughtful",464,31027506,94.35
"4125","forcing",463,31027969,94.35
"4126","fur",463,31028432,94.35
"4127","mill",463,31028895,94.35
"4128","trilogy",463,31029358,94.35
"4129","cliff",462,31029820,94.36
"4130","delay",462,31030282,94.36
"4131","nancy",462,31030744,94.36
"4132","soak",462,31031206,94.36
"4133","theirs",462,31031668,94.36
"4134","utter",462,31032130,94.36
"4135","collaboration",461,31032591,94.36
"4136","cookbook",461,31033052,94.37
"4137","embarrassing",461,31033513,94.37
"4138","gaming",461,31033974,94.37
"4139","intensity",461,31034435,94.37
"4140","wage",461,31034896,94.37
"4141","wrapping",461,31035357,94.37
"4142","brewer",460,31035817,94.37
"4143","echo",460,31036277,94.38
"4144","employer",460,31036737,94.38
"4145","paradise",460,31037197,94.38
"4146","poison",460,31037657,94.38
"4147","vibrant",460,31038117,94.38
"4148","android",459,31038576,94.38
"4149","casting",459,31039035,94.38
"4150","centered",459,31039494,94.39
"4151","despair",459,31039953,94.39
"4152","incorporate",459,31040412,94.39
"4153","prep",459,31040871,94.39
"4154","presumably",459,31041330,94.39
"4155","qualified",459,31041789,94.39
"4156","copper",458,31042247,94.39
"4157","outline",458,31042705,94.39
"4158","finely",457,31043162,94.4
"4159","potty",457,31043619,94.4
"4160","strategic",457,31044076,94.4
"4161","buzz",456,31044532,94.4
"4162","dignity",456,31044988,94.4
"4163","picnic",456,31045444,94.4
"4164","chic",455,31045899,94.4
"4165","damned",455,31046354,94.41
"4166","easiest",455,31046809,94.41
"4167","forming",455,31047264,94.41
"4168","isolated",455,31047719,94.41
"4169","jenny",455,31048174,94.41
"4170","lesser",455,31048629,94.41
"4171","moderate",455,31049084,94.41
"4172","supernatural",455,31049539,94.42
"4173","yourselves",455,31049994,94.42
"4174","advised",454,31050448,94.42
"4175","behave",454,31050902,94.42
"4176","dose",454,31051356,94.42
"4177","generate",454,31051810,94.42
"4178","gut",454,31052264,94.42
"4179","premium",454,31052718,94.43
"4180","roller",454,31053172,94.43
"4181","sympathy",454,31053626,94.43
"4182","thats",454,31054080,94.43
"4183","cooler",453,31054533,94.43
"4184","leftover",453,31054986,94.43
"4185","mankind",453,31055439,94.43
"4186","resolve",453,31055892,94.43
"4187","wildlife",453,31056345,94.44
"4188","economics",452,31056797,94.44
"4189","interact",452,31057249,94.44
"4190","reliable",452,31057701,94.44
"4191","specialist",452,31058153,94.44
"4192","spy",452,31058605,94.44
"4193","auction",451,31059056,94.44
"4194","bliss",451,31059507,94.45
"4195","corrupt",451,31059958,94.45
"4196","doctrine",451,31060409,94.45
"4197","entity",451,31060860,94.45
"4198","envelope",451,31061311,94.45
"4199","funded",451,31061762,94.45
"4200","necessity",451,31062213,94.45
"4201","sweater",451,31062664,94.46
"4202","switched",451,31063115,94.46
"4203","treating",451,31063566,94.46
"4204","vary",451,31064017,94.46
"4205","admission",450,31064467,94.46
"4206","broccoli",450,31064917,94.46
"4207","cartoon",450,31065367,94.46
"4208","eternity",450,31065817,94.47
"4209","las",450,31066267,94.47
"4210","lightning",450,31066717,94.47
"4211","snapped",450,31067167,94.47
"4212","brazil",449,31067616,94.47
"4213","fiber",449,31068065,94.47
"4214","ugh",449,31068514,94.47
"4215","wander",449,31068963,94.47
"4216","arrange",448,31069411,94.48
"4217","civilization",448,31069859,94.48
"4218","gifted",448,31070307,94.48
"4219","graduated",448,31070755,94.48
"4220","graham",448,31071203,94.48
"4221","jungle",448,31071651,94.48
"4222","paired",448,31072099,94.48
"4223","pantry",448,31072547,94.49
"4224","scroll",448,31072995,94.49
"4225","strain",448,31073443,94.49
"4226","supermarket",448,31073891,94.49
"4227","cereal",447,31074338,94.49
"4228","ethics",447,31074785,94.49
"4229","sofa",447,31075232,94.49
"4230","trace",447,31075679,94.5
"4231","coal",445,31076124,94.5
"4232","dragged",445,31076569,94.5
"4233","enable",445,31077014,94.5
"4234","unhappy",445,31077459,94.5
"4235","amusing",444,31077903,94.5
"4236","batman",444,31078347,94.5
"4237","chamber",444,31078791,94.5
"4238","collins",444,31079235,94.51
"4239","conviction",444,31079679,94.51
"4240","mist",444,31080123,94.51
"4241","nutrition",444,31080567,94.51
"4242","weigh",444,31081011,94.51
"4243","cozy",443,31081454,94.51
"4244","disappointing",443,31081897,94.51
"4245","dominated",443,31082340,94.52
"4246","emerge",443,31082783,94.52
"4247","gel",443,31083226,94.52
"4248","inviting",443,31083669,94.52
"4249","linen",443,31084112,94.52
"4250","musician",443,31084555,94.52
"4251","ranging",443,31084998,94.52
"4252","burnt",442,31085440,94.52
"4253","investigate",442,31085882,94.53
"4254","maple",442,31086324,94.53
"4255","marine",442,31086766,94.53
"4256","moreover",442,31087208,94.53
"4257","poker",442,31087650,94.53
"4258","stiff",442,31088092,94.53
"4259","straw",442,31088534,94.53
"4260","array",441,31088975,94.54
"4261","gem",441,31089416,94.54
"4262","warrior",441,31089857,94.54
"4263","aircraft",440,31090297,94.54
"4264","expanding",440,31090737,94.54
"4265","jo",440,31091177,94.54
"4266","concentration",439,31091616,94.54
"4267","nut",439,31092055,94.54
"4268","rode",439,31092494,94.55
"4269","bees",438,31092932,94.55
"4270","blended",438,31093370,94.55
"4271","destiny",438,31093808,94.55
"4272","eats",438,31094246,94.55
"4273","instrument",438,31094684,94.55
"4274","lounge",438,31095122,94.55
"4275","parallel",438,31095560,94.56
"4276","sensation",438,31095998,94.56
"4277","tango",438,31096436,94.56
"4278","consume",437,31096873,94.56
"4279","conventional",437,31097310,94.56
"4280","scan",437,31097747,94.56
"4281","scoop",437,31098184,94.56
"4282","tobacco",437,31098621,94.56
"4283","curriculum",436,31099057,94.57
"4284","eliminate",436,31099493,94.57
"4285","infinite",436,31099929,94.57
"4286","psychology",436,31100365,94.57
"4287","recession",436,31100801,94.57
"4288","apartheid",435,31101236,94.57
"4289","cant",435,31101671,94.57
"4290","scare",435,31102106,94.58
"4291","beth",434,31102540,94.58
"4292","bleeding",434,31102974,94.58
"4293","handled",434,31103408,94.58
"4294","quirky",434,31103842,94.58
"4295","reducing",434,31104276,94.58
"4296","residence",434,31104710,94.58
"4297","tommy",434,31105144,94.58
"4298","canned",433,31105577,94.59
"4299","glued",433,31106010,94.59
"4300","ideology",433,31106443,94.59
"4301","lettuce",433,31106876,94.59
"4302","owe",433,31107309,94.59
"4303","polite",433,31107742,94.59
"4304","shallow",433,31108175,94.59
"4305","shifting",433,31108608,94.6
"4306","stem",433,31109041,94.6
"4307","component",432,31109473,94.6
"4308","ignorant",432,31109905,94.6
"4309","input",432,31110337,94.6
"4310","lastly",432,31110769,94.6
"4311","participant",432,31111201,94.6
"4312","phoenix",432,31111633,94.6
"4313","tournament",432,31112065,94.61
"4314","tunnel",432,31112497,94.61
"4315","wounds",432,31112929,94.61
"4316","cardboard",431,31113360,94.61
"4317","fulfill",431,31113791,94.61
"4318","momentum",431,31114222,94.61
"4319","penalty",431,31114653,94.61
"4320","requirement",431,31115084,94.61
"4321","steep",431,31115515,94.62
"4322","supper",431,31115946,94.62
"4323","throne",431,31116377,94.62
"4324","curve",430,31116807,94.62
"4325","glaze",430,31117237,94.62
"4326","hammer",430,31117667,94.62
"4327","mi",430,31118097,94.62
"4328","norm",430,31118527,94.63
"4329","reduction",430,31118957,94.63
"4330","secretly",430,31119387,94.63
"4331","soaked",430,31119817,94.63
"4332","vitamin",430,31120247,94.63
"4333","bargain",429,31120676,94.63
"4334","booked",429,31121105,94.63
"4335","hopeful",429,31121534,94.63
"4336","irony",429,31121963,94.64
"4337","jet",429,31122392,94.64
"4338","puzzle",429,31122821,94.64
"4339","rail",429,31123250,94.64
"4340","restore",429,31123679,94.64
"4341","resume",429,31124108,94.64
"4342","warmer",429,31124537,94.64
"4343","admittedly",428,31124965,94.64
"4344","composed",428,31125393,94.65
"4345","expanded",428,31125821,94.65
"4346","instruction",428,31126249,94.65
"4347","playground",428,31126677,94.65
"4348","therapist",428,31127105,94.65
"4349","blender",427,31127532,94.65
"4350","dense",427,31127959,94.65
"4351","flexible",427,31128386,94.66
"4352","ingredient",427,31128813,94.66
"4353","invasion",427,31129240,94.66
"4354","loyalty",427,31129667,94.66
"4355","arise",426,31130093,94.66
"4356","attraction",426,31130519,94.66
"4357","fog",426,31130945,94.66
"4358","heather",426,31131371,94.66
"4359","notable",426,31131797,94.67
"4360","senator",426,31132223,94.67
"4361","spark",426,31132649,94.67
"4362","terry",426,31133075,94.67
"4363","bishop",425,31133500,94.67
"4364","confirm",425,31133925,94.67
"4365","forgetting",425,31134350,94.67
"4366","quilting",425,31134775,94.67
"4367","rapid",425,31135200,94.68
"4368","ross",425,31135625,94.68
"4369","shouting",425,31136050,94.68
"4370","titanic",425,31136475,94.68
"4371","palette",424,31136899,94.68
"4372","convincing",423,31137322,94.68
"4373","crochet",423,31137745,94.68
"4374","driveway",423,31138168,94.69
"4375","moist",423,31138591,94.69
"4376","nelson",423,31139014,94.69
"4377","prophet",423,31139437,94.69
"4378","twine",423,31139860,94.69
"4379","compromise",422,31140282,94.69
"4380","dominant",422,31140704,94.69
"4381","fictional",422,31141126,94.69
"4382","harmony",422,31141548,94.7
"4383","precise",422,31141970,94.7
"4384","righteous",422,31142392,94.7
"4385","arsenal",421,31142813,94.7
"4386","championship",421,31143234,94.7
"4387","cleaner",421,31143655,94.7
"4388","deliberately",421,31144076,94.7
"4389","funky",421,31144497,94.7
"4390","possess",421,31144918,94.71
"4391","likewise",420,31145338,94.71
"4392","savior",420,31145758,94.71
"4393","tad",420,31146178,94.71
"4394","affection",419,31146597,94.71
"4395","criteria",419,31147016,94.71
"4396","gene",419,31147435,94.71
"4397","oatmeal",419,31147854,94.71
"4398","rental",419,31148273,94.72
"4399","satisfy",419,31148692,94.72
"4400","separation",419,31149111,94.72
"4401","shark",419,31149530,94.72
"4402","socialist",419,31149949,94.72
"4403","thunder",419,31150368,94.72
"4404","tightly",419,31150787,94.72
"4405","traditionally",419,31151206,94.72
"4406","disability",418,31151624,94.73
"4407","indigenous",418,31152042,94.73
"4408","vinyl",418,31152460,94.73
"4409","wit",418,31152878,94.73
"4410","ash",417,31153295,94.73
"4411","gaze",417,31153712,94.73
"4412","peach",417,31154129,94.73
"4413","physics",417,31154546,94.73
"4414","stealing",417,31154963,94.74
"4415","sunlight",417,31155380,94.74
"4416","discrimination",416,31155796,94.74
"4417","doc",416,31156212,94.74
"4418","earthquake",416,31156628,94.74
"4419","strangely",416,31157044,94.74
"4420","strictly",416,31157460,94.74
"4421","vivid",416,31157876,94.74
"4422","colleague",415,31158291,94.75
"4423","distributed",415,31158706,94.75
"4424","elaborate",415,31159121,94.75
"4425","enhance",415,31159536,94.75
"4426","invention",415,31159951,94.75
"4427","lame",415,31160366,94.75
"4428","pineapple",415,31160781,94.75
"4429","tide",415,31161196,94.76
"4430","topping",415,31161611,94.76
"4431","citrus",414,31162025,94.76
"4432","defensive",414,31162439,94.76
"4433","disc",414,31162853,94.76
"4434","morality",414,31163267,94.76
"4435","pathetic",414,31163681,94.76
"4436","thriller",414,31164095,94.76
"4437","fitted",413,31164508,94.77
"4438","regulation",413,31164921,94.77
"4439","ruined",413,31165334,94.77
"4440","serial",413,31165747,94.77
"4441","suspected",413,31166160,94.77
"4442","buffalo",412,31166572,94.77
"4443","endure",412,31166984,94.77
"4444","hong",412,31167396,94.77
"4445","niece",412,31167808,94.78
"4446","orchestra",412,31168220,94.78
"4447","pulse",412,31168632,94.78
"4448","seated",412,31169044,94.78
"4449","swiss",412,31169456,94.78
"4450","virtue",412,31169868,94.78
"4451","cult",411,31170279,94.78
"4452","dug",411,31170690,94.78
"4453","eligible",411,31171101,94.79
"4454","grease",411,31171512,94.79
"4455","rant",411,31171923,94.79
"4456","rounded",411,31172334,94.79
"4457","addicted",410,31172744,94.79
"4458","carol",410,31173154,94.79
"4459","chemistry",410,31173564,94.79
"4460","exploration",410,31173974,94.79
"4461","ironically",410,31174384,94.8
"4462","alternate",409,31174793,94.8
"4463","berlin",409,31175202,94.8
"4464","donated",409,31175611,94.8
"4465","fascinated",409,31176020,94.8
"4466","mitt",409,31176429,94.8
"4467","nearest",409,31176838,94.8
"4468","rushing",409,31177247,94.8
"4469","scandal",409,31177656,94.81
"4470","composition",408,31178064,94.81
"4471","considerable",408,31178472,94.81
"4472","dump",408,31178880,94.81
"4473","innocence",408,31179288,94.81
"4474","locally",408,31179696,94.81
"4475","suspended",408,31180104,94.81
"4476","arc",407,31180511,94.81
"4477","confession",407,31180918,94.82
"4478","denial",407,31181325,94.82
"4479","disgusting",407,31181732,94.82
"4480","grin",407,31182139,94.82
"4481","immune",407,31182546,94.82
"4482","keyboard",407,31182953,94.82
"4483","pope",407,31183360,94.82
"4484","prose",407,31183767,94.82
"4485","stake",407,31184174,94.82
"4486","usage",407,31184581,94.83
"4487","cartridge",406,31184987,94.83
"4488","framed",406,31185393,94.83
"4489","leaning",406,31185799,94.83
"4490","lining",406,31186205,94.83
"4491","measuring",406,31186611,94.83
"4492","simplicity",406,31187017,94.83
"4493","comforting",405,31187422,94.83
"4494","frost",405,31187827,94.84
"4495","oddly",405,31188232,94.84
"4496","spine",405,31188637,94.84
"4497","transform",405,31189042,94.84
"4498","unaware",405,31189447,94.84
"4499","cheesecake",404,31189851,94.84
"4500","faculty",404,31190255,94.84
"4501","resting",404,31190659,94.84
"4502","sensible",404,31191063,94.85
"4503","sporting",404,31191467,94.85
"4504","surrender",404,31191871,94.85
"4505","transferred",404,31192275,94.85
"4506","beneficial",403,31192678,94.85
"4507","exclusively",403,31193081,94.85
"4508","inform",403,31193484,94.85
"4509","sung",403,31193887,94.85
"4510","void",403,31194290,94.86
"4511","blade",402,31194692,94.86
"4512","expansion",402,31195094,94.86
"4513","magnolia",402,31195496,94.86
"4514","banking",401,31195897,94.86
"4515","counsel",401,31196298,94.86
"4516","craving",401,31196699,94.86
"4517","larry",401,31197100,94.86
"4518","nerve",401,31197501,94.87
"4519","nominated",401,31197902,94.87
"4520","peer",401,31198303,94.87
"4521","sleeve",401,31198704,94.87
"4522","cooling",400,31199104,94.87
"4523","hallway",400,31199504,94.87
"4524","illusion",400,31199904,94.87
"4525","kindergarten",400,31200304,94.87
"4526","sorrow",400,31200704,94.88
"4527","summit",400,31201104,94.88
"4528","attachment",399,31201503,94.88
"4529","earning",399,31201902,94.88
"4530","functional",399,31202301,94.88
"4531","genetic",399,31202700,94.88
"4532","inspirational",399,31203099,94.88
"4533","personnel",399,31203498,94.88
"4534","pole",399,31203897,94.88
"4535","preschool",399,31204296,94.89
"4536","tactics",399,31204695,94.89
"4537","tribe",399,31205094,94.89
"4538","compensation",398,31205492,94.89
"4539","currency",398,31205890,94.89
"4540","examination",398,31206288,94.89
"4541","grammar",398,31206686,94.89
"4542","saucepan",398,31207084,94.89
"4543","secondly",398,31207482,94.9
"4544","temptation",398,31207880,94.9
"4545","terrifying",398,31208278,94.9
"4546","cattle",397,31208675,94.9
"4547","infringement",397,31209072,94.9
"4548","mounted",397,31209469,94.9
"4549","rod",397,31209866,94.9
"4550","seam",397,31210263,94.9
"4551","berry",396,31210659,94.91
"4552","hath",396,31211055,94.91
"4553","stain",396,31211451,94.91
"4554","undoubtedly",396,31211847,94.91
"4555","wounded",396,31212243,94.91
"4556","believer",395,31212638,94.91
"4557","buck",395,31213033,94.91
"4558","crawl",395,31213428,94.91
"4559","distinction",395,31213823,94.92
"4560","duration",395,31214218,94.92
"4561","medieval",395,31214613,94.92
"4562","passenger",395,31215008,94.92
"4563","swept",395,31215403,94.92
"4564","consultant",394,31215797,94.92
"4565","headache",394,31216191,94.92
"4566","namely",394,31216585,94.92
"4567","segment",394,31216979,94.92
"4568","underlying",394,31217373,94.93
"4569","villain",394,31217767,94.93
"4570","agriculture",393,31218160,94.93
"4571","designing",393,31218553,94.93
"4572","relieved",393,31218946,94.93
"4573","respective",393,31219339,94.93
"4574","retain",393,31219732,94.93
"4575","tennis",393,31220125,94.93
"4576","toxic",393,31220518,94.94
"4577","abundant",392,31220910,94.94
"4578","additionally",392,31221302,94.94
"4579","bore",392,31221694,94.94
"4580","converted",392,31222086,94.94
"4581","devastating",392,31222478,94.94
"4582","dye",392,31222870,94.94
"4583","exceptional",392,31223262,94.94
"4584","ie",392,31223654,94.95
"4585","sixteen",392,31224046,94.95
"4586","chorus",391,31224437,94.95
"4587","curtain",391,31224828,94.95
"4588","formerly",391,31225219,94.95
"4589","offense",391,31225610,94.95
"4590","preference",391,31226001,94.95
"4591","stark",391,31226392,94.95
"4592","stole",391,31226783,94.95
"4593","chilly",390,31227173,94.96
"4594","convenience",390,31227563,94.96
"4595","declined",390,31227953,94.96
"4596","diabetes",390,31228343,94.96
"4597","eagle",390,31228733,94.96
"4598","genesis",390,31229123,94.96
"4599","qualify",390,31229513,94.96
"4600","rat",390,31229903,94.96
"4601","verbal",390,31230293,94.97
"4602","viewer",390,31230683,94.97
"4603","assure",389,31231072,94.97
"4604","mango",389,31231461,94.97
"4605","promptly",389,31231850,94.97
"4606","sealed",389,31232239,94.97
"4607","varied",389,31232628,94.97
"4608","ballet",388,31233016,94.97
"4609","consequence",388,31233404,94.97
"4610","diagnosis",388,31233792,94.98
"4611","fare",388,31234180,94.98
"4612","franklin",388,31234568,94.98
"4613","identical",388,31234956,94.98
"4614","modest",388,31235344,94.98
"4615","premier",388,31235732,94.98
"4616","proceed",388,31236120,94.98
"4617","rank",388,31236508,94.98
"4618","sage",388,31236896,94.99
"4619","spelling",388,31237284,94.99
"4620","warn",388,31237672,94.99
"4621","wasting",388,31238060,94.99
"4622","commander",387,31238447,94.99
"4623","narrator",387,31238834,94.99
"4624","rug",387,31239221,94.99
"4625","sip",387,31239608,94.99
"4626","begging",386,31239994,94.99
"4627","coincidence",386,31240380,95
"4628","reign",386,31240766,95
"4629","veteran",386,31241152,95
"4630","badge",385,31241537,95
"4631","comprehensive",385,31241922,95
"4632","lavender",385,31242307,95
"4633","paranormal",385,31242692,95
"4634","starter",385,31243077,95
"4635","trio",385,31243462,95.01
"4636","trunk",385,31243847,95.01
"4637","agricultural",384,31244231,95.01
"4638","clearing",384,31244615,95.01
"4639","dancer",384,31244999,95.01
"4640","editorial",384,31245383,95.01
"4641","efficiency",384,31245767,95.01
"4642","nephew",384,31246151,95.01
"4643","publicity",384,31246535,95.01
"4644","suspicious",384,31246919,95.02
"4645","anime",383,31247302,95.02
"4646","attach",383,31247685,95.02
"4647","heroine",383,31248068,95.02
"4648","readily",383,31248451,95.02
"4649","boiled",382,31248833,95.02
"4650","carl",382,31249215,95.02
"4651","celery",382,31249597,95.02
"4652","chronic",382,31249979,95.03
"4653","galaxy",382,31250361,95.03
"4654","genocide",382,31250743,95.03
"4655","griffin",382,31251125,95.03
"4656","metaphor",382,31251507,95.03
"4657","parker",382,31251889,95.03
"4658","ruby",382,31252271,95.03
"4659","spaghetti",382,31252653,95.03
"4660","spotlight",382,31253035,95.03
"4661","vacuum",382,31253417,95.04
"4662","bowls",381,31253798,95.04
"4663","clips",381,31254179,95.04
"4664","customs",381,31254560,95.04
"4665","definite",381,31254941,95.04
"4666","electrical",381,31255322,95.04
"4667","na",381,31255703,95.04
"4668","proceeds",381,31256084,95.04
"4669","residential",381,31256465,95.04
"4670","subway",381,31256846,95.05
"4671","surroundings",381,31257227,95.05
"4672","cabbage",380,31257607,95.05
"4673","cathedral",380,31257987,95.05
"4674","crispy",380,31258367,95.05
"4675","cycling",380,31258747,95.05
"4676","di",380,31259127,95.05
"4677","esteem",380,31259507,95.05
"4678","frog",380,31259887,95.06
"4679","nod",380,31260267,95.06
"4680","parchment",380,31260647,95.06
"4681","permit",380,31261027,95.06
"4682","petition",380,31261407,95.06
"4683","province",380,31261787,95.06
"4684","reasoning",380,31262167,95.06
"4685","zest",380,31262547,95.06
"4686","enjoyment",379,31262926,95.06
"4687","enthusiastic",379,31263305,95.07
"4688","righteousness",379,31263684,95.07
"4689","sesame",379,31264063,95.07
"4690","shield",379,31264442,95.07
"4691","toll",379,31264821,95.07
"4692","yield",379,31265200,95.07
"4693","accordingly",378,31265578,95.07
"4694","boo",378,31265956,95.07
"4695","bookstore",378,31266334,95.07
"4696","daisy",378,31266712,95.08
"4697","needles",378,31267090,95.08
"4698","refusing",378,31267468,95.08
"4699","severely",378,31267846,95.08
"4700","thrift",378,31268224,95.08
"4701","glossy",377,31268601,95.08
"4702","mushroom",377,31268978,95.08
"4703","weighed",377,31269355,95.08
"4704","absurd",376,31269731,95.09
"4705","blossom",376,31270107,95.09
"4706","cheating",376,31270483,95.09
"4707","complexity",376,31270859,95.09
"4708","feared",376,31271235,95.09
"4709","variation",376,31271611,95.09
"4710","cuisine",375,31271986,95.09
"4711","destructive",375,31272361,95.09
"4712","envy",375,31272736,95.09
"4713","expectation",375,31273111,95.1
"4714","guild",375,31273486,95.1
"4715","resolved",375,31273861,95.1
"4716","seventh",375,31274236,95.1
"4717","willingness",375,31274611,95.1
"4718","convert",374,31274985,95.1
"4719","ethical",374,31275359,95.1
"4720","frequency",374,31275733,95.1
"4721","loudly",374,31276107,95.1
"4722","rewarding",374,31276481,95.11
"4723","spokesman",374,31276855,95.11
"4724","alpha",373,31277228,95.11
"4725","dimensional",373,31277601,95.11
"4726","fragile",373,31277974,95.11
"4727","gal",373,31278347,95.11
"4728","indication",373,31278720,95.11
"4729","infamous",373,31279093,95.11
"4730","occupation",373,31279466,95.11
"4731","owl",373,31279839,95.12
"4732","splash",373,31280212,95.12
"4733","trauma",373,31280585,95.12
"4734","trigger",373,31280958,95.12
"4735","wallet",373,31281331,95.12
"4736","cheesy",372,31281703,95.12
"4737","controversy",372,31282075,95.12
"4738","insist",372,31282447,95.12
"4739","outdoors",372,31282819,95.12
"4740","risen",372,31283191,95.13
"4741","sickness",372,31283563,95.13
"4742","wages",372,31283935,95.13
"4743","buyer",371,31284306,95.13
"4744","declare",371,31284677,95.13
"4745","engineer",371,31285048,95.13
"4746","offended",371,31285419,95.13
"4747","palate",371,31285790,95.13
"4748","recommendation",371,31286161,95.14
"4749","slim",371,31286532,95.14
"4750","smoothly",371,31286903,95.14
"4751","stylish",371,31287274,95.14
"4752","theft",371,31287645,95.14
"4753","wont",371,31288016,95.14
"4754","bias",370,31288386,95.14
"4755","dramatically",370,31288756,95.14
"4756","drill",370,31289126,95.14
"4757","inappropriate",370,31289496,95.15
"4758","preview",370,31289866,95.15
"4759","proudly",370,31290236,95.15
"4760","tense",370,31290606,95.15
"4761","welcoming",370,31290976,95.15
"4762","bourbon",369,31291345,95.15
"4763","inability",369,31291714,95.15
"4764","legally",369,31292083,95.15
"4765","oval",369,31292452,95.15
"4766","tattoo",369,31292821,95.16
"4767","tofu",369,31293190,95.16
"4768","tourism",369,31293559,95.16
"4769","breed",368,31293927,95.16
"4770","convey",368,31294295,95.16
"4771","gown",368,31294663,95.16
"4772","implement",368,31295031,95.16
"4773","obey",368,31295399,95.16
"4774","pirate",368,31295767,95.16
"4775","sidewalk",368,31296135,95.17
"4776","terminal",368,31296503,95.17
"4777","bakery",367,31296870,95.17
"4778","gulf",367,31297237,95.17
"4779","immense",367,31297604,95.17
"4780","infant",367,31297971,95.17
"4781","protective",367,31298338,95.17
"4782","radiation",367,31298705,95.17
"4783","stall",367,31299072,95.17
"4784","wilderness",367,31299439,95.18
"4785","cord",366,31299805,95.18
"4786","distinctive",366,31300171,95.18
"4787","donation",366,31300537,95.18
"4788","influential",366,31300903,95.18
"4789","micro",366,31301269,95.18
"4790","reflecting",366,31301635,95.18
"4791","triangle",366,31302001,95.18
"4792","underwear",366,31302367,95.18
"4793","absent",365,31302732,95.19
"4794","aisle",365,31303097,95.19
"4795","blocked",365,31303462,95.19
"4796","brass",365,31303827,95.19
"4797","lipstick",365,31304192,95.19
"4798","longing",365,31304557,95.19
"4799","mason",365,31304922,95.19
"4800","pleasing",365,31305287,95.19
"4801","stability",365,31305652,95.19
"4802","woo",365,31306017,95.2
"4803","assumption",364,31306381,95.2
"4804","foolish",364,31306745,95.2
"4805","khan",364,31307109,95.2
"4806","rival",364,31307473,95.2
"4807","tab",364,31307837,95.2
"4808","tolerance",364,31308201,95.2
"4809","unpleasant",364,31308565,95.2
"4810","acknowledged",363,31308928,95.2
"4811","borrow",363,31309291,95.21
"4812","bud",363,31309654,95.21
"4813","departure",363,31310017,95.21
"4814","entertain",363,31310380,95.21
"4815","facial",363,31310743,95.21
"4816","faded",363,31311106,95.21
"4817","finale",363,31311469,95.21
"4818","mold",363,31311832,95.21
"4819","oxygen",363,31312195,95.21
"4820","powered",363,31312558,95.22
"4821","ridiculously",363,31312921,95.22
"4822","ripe",363,31313284,95.22
"4823","abandon",362,31313646,95.22
"4824","absorbed",362,31314008,95.22
"4825","bead",362,31314370,95.22
"4826","excessive",362,31314732,95.22
"4827","kraft",362,31315094,95.22
"4828","mentor",362,31315456,95.22
"4829","tropical",362,31315818,95.23
"4830","versatile",362,31316180,95.23
"4831","ambitious",361,31316541,95.23
"4832","biological",361,31316902,95.23
"4833","carrier",361,31317263,95.23
"4834","collar",361,31317624,95.23
"4835","disabled",361,31317985,95.23
"4836","dusty",361,31318346,95.23
"4837","fiscal",361,31318707,95.23
"4838","ladder",361,31319068,95.24
"4839","plug",361,31319429,95.24
"4840","theology",361,31319790,95.24
"4841","unsure",361,31320151,95.24
"4842","faint",360,31320511,95.24
"4843","financially",360,31320871,95.24
"4844","franchise",360,31321231,95.24
"4845","heavens",360,31321591,95.24
"4846","iconic",360,31321951,95.24
"4847","sally",360,31322311,95.24
"4848","trusting",360,31322671,95.25
"4849","developer",359,31323030,95.25
"4850","flu",359,31323389,95.25
"4851","homeland",359,31323748,95.25
"4852","widespread",359,31324107,95.25
"4853","automatic",358,31324465,95.25
"4854","dilemma",358,31324823,95.25
"4855","filing",358,31325181,95.25
"4856","scenery",358,31325539,95.25
"4857","tire",358,31325897,95.26
"4858","cowboy",357,31326254,95.26
"4859","feminist",357,31326611,95.26
"4860","hay",357,31326968,95.26
"4861","indoor",357,31327325,95.26
"4862","sticker",357,31327682,95.26
"4863","coke",356,31328038,95.26
"4864","illustration",356,31328394,95.26
"4865","politician",356,31328750,95.26
"4866","portfolio",356,31329106,95.27
"4867","reluctant",356,31329462,95.27
"4868","sec",356,31329818,95.27
"4869","whispered",356,31330174,95.27
"4870","benjamin",355,31330529,95.27
"4871","lifting",355,31330884,95.27
"4872","ranch",355,31331239,95.27
"4873","robot",355,31331594,95.27
"4874","salary",355,31331949,95.27
"4875","thrill",355,31332304,95.28
"4876","vessel",355,31332659,95.28
"4877","allies",354,31333013,95.28
"4878","blending",354,31333367,95.28
"4879","demonstration",354,31333721,95.28
"4880","drizzle",354,31334075,95.28
"4881","kyle",354,31334429,95.28
"4882","murphy",354,31334783,95.28
"4883","feat",353,31335136,95.28
"4884","lengthy",353,31335489,95.29
"4885","misery",353,31335842,95.29
"4886","mister",353,31336195,95.29
"4887","molly",353,31336548,95.29
"4888","prejudice",353,31336901,95.29
"4889","provision",353,31337254,95.29
"4890","accurately",352,31337606,95.29
"4891","apostle",352,31337958,95.29
"4892","continuous",352,31338310,95.29
"4893","gallon",352,31338662,95.29
"4894","irrelevant",352,31339014,95.3
"4895","kissing",352,31339366,95.3
"4896","rocking",352,31339718,95.3
"4897","sculpture",352,31340070,95.3
"4898","seasoning",352,31340422,95.3
"4899","chalk",351,31340773,95.3
"4900","colonial",351,31341124,95.3
"4901","crackers",351,31341475,95.3
"4902","es",351,31341826,95.3
"4903","melody",351,31342177,95.31
"4904","mug",351,31342528,95.31
"4905","sparkle",351,31342879,95.31
"4906","strive",351,31343230,95.31
"4907","suite",351,31343581,95.31
"4908","suspense",351,31343932,95.31
"4909","barrier",350,31344282,95.31
"4910","countryside",350,31344632,95.31
"4911","deficit",350,31344982,95.31
"4912","hearted",350,31345332,95.32
"4913","muse",350,31345682,95.32
"4914","organ",350,31346032,95.32
"4915","practiced",350,31346382,95.32
"4916","prima",350,31346732,95.32
"4917","vodka",350,31347082,95.32
"4918","weed",350,31347432,95.32
"4919","aloud",349,31347781,95.32
"4920","coin",349,31348130,95.32
"4921","commerce",349,31348479,95.32
"4922","hollow",349,31348828,95.33
"4923","inflation",349,31349177,95.33
"4924","inn",349,31349526,95.33
"4925","predict",349,31349875,95.33
"4926","yell",349,31350224,95.33
"4927","adapt",348,31350572,95.33
"4928","covenant",348,31350920,95.33
"4929","damp",348,31351268,95.33
"4930","depressing",348,31351616,95.33
"4931","flick",348,31351964,95.34
"4932","graphics",348,31352312,95.34
"4933","interestingly",348,31352660,95.34
"4934","rosemary",348,31353008,95.34
"4935","sheriff",348,31353356,95.34
"4936","skull",348,31353704,95.34
"4937","vocabulary",348,31354052,95.34
"4938","wrist",348,31354400,95.34
"4939","certified",347,31354747,95.34
"4940","declaration",347,31355094,95.34
"4941","formation",347,31355441,95.35
"4942","grid",347,31355788,95.35
"4943","hail",347,31356135,95.35
"4944","manifest",347,31356482,95.35
"4945","mortal",347,31356829,95.35
"4946","paperback",347,31357176,95.35
"4947","rated",347,31357523,95.35
"4948","continent",346,31357869,95.35
"4949","frightening",346,31358215,95.35
"4950","gossip",346,31358561,95.36
"4951","knocking",346,31358907,95.36
"4952","placement",346,31359253,95.36
"4953","rocket",346,31359599,95.36
"4954","scholarship",346,31359945,95.36
"4955","alcoholic",345,31360290,95.36
"4956","anyhow",345,31360635,95.36
"4957","bust",345,31360980,95.36
"4958","decorative",345,31361325,95.36
"4959","fringe",345,31361670,95.36
"4960","gravy",345,31362015,95.37
"4961","seller",345,31362360,95.37
"4962","settling",345,31362705,95.37
"4963","trucks",345,31363050,95.37
"4964","animated",344,31363394,95.37
"4965","canon",344,31363738,95.37
"4966","cask",344,31364082,95.37
"4967","dictionary",344,31364426,95.37
"4968","imaginary",344,31364770,95.37
"4969","instructor",344,31365114,95.38
"4970","minus",344,31365458,95.38
"4971","radar",344,31365802,95.38
"4972","salty",344,31366146,95.38
"4973","singles",344,31366490,95.38
"4974","violet",344,31366834,95.38
"4975","bedtime",343,31367177,95.38
"4976","blush",343,31367520,95.38
"4977","compliment",343,31367863,95.38
"4978","predictable",343,31368206,95.38
"4979","proportion",343,31368549,95.39
"4980","savage",343,31368892,95.39
"4981","silently",343,31369235,95.39
"4982","subsequently",343,31369578,95.39
"4983","yo",343,31369921,95.39
"4984","acquire",342,31370263,95.39
"4985","adequate",342,31370605,95.39
"4986","flawed",342,31370947,95.39
"4987","forehead",342,31371289,95.39
"4988","redemption",342,31371631,95.39
"4989","ruth",342,31371973,95.4
"4990","workplace",342,31372315,95.4
"4991","administrative",341,31372656,95.4
"4992","comfy",341,31372997,95.4
"4993","cooper",341,31373338,95.4
"4994","elder",341,31373679,95.4
"4995","preaching",341,31374020,95.4
"4996","rang",341,31374361,95.4
"4997","coaching",340,31374701,95.4
"4998","crib",340,31375041,95.41
"4999","deliberate",340,31375381,95.41
"5000","framework",340,31375721,95.41
"5001","lied",340,31376061,95.41
"5002","respectively",340,31376401,95.41
"5003","scout",340,31376741,95.41
"5004","screening",340,31377081,95.41
"5005","sincere",340,31377421,95.41
"5006","strengthen",340,31377761,95.41
"5007","witty",340,31378101,95.41
"5008","animation",339,31378440,95.42
"5009","bracelet",339,31378779,95.42
"5010","fade",339,31379118,95.42
"5011","harper",339,31379457,95.42
"5012","individually",339,31379796,95.42
"5013","obscure",339,31380135,95.42
"5014","riot",339,31380474,95.42
"5015","seasoned",339,31380813,95.42
"5016","shepherd",339,31381152,95.42
"5017","unbelievable",339,31381491,95.42
"5018","asset",338,31381829,95.43
"5019","collage",338,31382167,95.43
"5020","pronounced",338,31382505,95.43
"5021","quantity",338,31382843,95.43
"5022","ranger",338,31383181,95.43
"5023","sexuality",338,31383519,95.43
"5024","bicycle",337,31383856,95.43
"5025","broadway",337,31384193,95.43
"5026","cab",337,31384530,95.43
"5027","dedication",337,31384867,95.44
"5028","geek",337,31385204,95.44
"5029","inquiry",337,31385541,95.44
"5030","obligation",337,31385878,95.44
"5031","output",337,31386215,95.44
"5032","passive",337,31386552,95.44
"5033","slot",337,31386889,95.44
"5034","walter",337,31387226,95.44
"5035","appetite",336,31387562,95.44
"5036","bump",336,31387898,95.44
"5037","instinct",336,31388234,95.45
"5038","interactive",336,31388570,95.45
"5039","melting",336,31388906,95.45
"5040","peeled",336,31389242,95.45
"5041","skilled",336,31389578,95.45
"5042","smelled",336,31389914,95.45
"5043","subscribe",336,31390250,95.45
"5044","apology",335,31390585,95.45
"5045","fierce",335,31390920,95.45
"5046","heating",335,31391255,95.45
"5047","insanity",335,31391590,95.46
"5048","ivy",335,31391925,95.46
"5049","liver",335,31392260,95.46
"5050","statue",335,31392595,95.46
"5051","translate",335,31392930,95.46
"5052","attendance",334,31393264,95.46
"5053","drying",334,31393598,95.46
"5054","hopped",334,31393932,95.46
"5055","memoir",334,31394266,95.46
"5056","partial",334,31394600,95.46
"5057","patiently",334,31394934,95.47
"5058","riley",334,31395268,95.47
"5059","rum",334,31395602,95.47
"5060","shabby",334,31395936,95.47
"5061","slap",334,31396270,95.47
"5062","disclosure",333,31396603,95.47
"5063","fist",333,31396936,95.47
"5064","herb",333,31397269,95.47
"5065","lust",333,31397602,95.47
"5066","pod",333,31397935,95.47
"5067","provider",333,31398268,95.48
"5068","socially",333,31398601,95.48
"5069","tee",333,31398934,95.48
"5070","bolt",332,31399266,95.48
"5071","browsing",332,31399598,95.48
"5072","expose",332,31399930,95.48
"5073","furious",332,31400262,95.48
"5074","gains",332,31400594,95.48
"5075","gum",332,31400926,95.48
"5076","mechanical",332,31401258,95.49
"5077","mob",332,31401590,95.49
"5078","mummy",332,31401922,95.49
"5079","prey",332,31402254,95.49
"5080","rubbish",332,31402586,95.49
"5081","sierra",332,31402918,95.49
"5082","tile",332,31403250,95.49
"5083","advise",331,31403581,95.49
"5084","aesthetic",331,31403912,95.49
"5085","arrogant",331,31404243,95.49
"5086","athletic",331,31404574,95.5
"5087","haul",331,31404905,95.5
"5088","horrific",331,31405236,95.5
"5089","icon",331,31405567,95.5
"5090","rinse",331,31405898,95.5
"5091","thereby",331,31406229,95.5
"5092","alley",330,31406559,95.5
"5093","asparagus",330,31406889,95.5
"5094","crunchy",330,31407219,95.5
"5095","drained",330,31407549,95.5
"5096","farming",330,31407879,95.51
"5097","lent",330,31408209,95.51
"5098","prone",330,31408539,95.51
"5099","storytelling",330,31408869,95.51
"5100","uncertainty",330,31409199,95.51
"5101","wrath",330,31409529,95.51
"5102","blair",329,31409858,95.51
"5103","lush",329,31410187,95.51
"5104","neo",329,31410516,95.51
"5105","ounce",329,31410845,95.51
"5106","rightly",329,31411174,95.52
"5107","spoiled",329,31411503,95.52
"5108","sponge",329,31411832,95.52
"5109","welsh",329,31412161,95.52
"5110","blake",328,31412489,95.52
"5111","breakdown",328,31412817,95.52
"5112","educate",328,31413145,95.52
"5113","filter",328,31413473,95.52
"5114","juicy",328,31413801,95.52
"5115","superb",328,31414129,95.52
"5116","vicious",328,31414457,95.53
"5117","distressed",327,31414784,95.53
"5118","dual",327,31415111,95.53
"5119","farther",327,31415438,95.53
"5120","fuzzy",327,31415765,95.53
"5121","girly",327,31416092,95.53
"5122","imagery",327,31416419,95.53
"5123","inexpensive",327,31416746,95.53
"5124","merit",327,31417073,95.53
"5125","newsletter",327,31417400,95.53
"5126","packet",327,31417727,95.54
"5127","pension",327,31418054,95.54
"5128","permanently",327,31418381,95.54
"5129","spiritually",327,31418708,95.54
"5130","wrestling",327,31419035,95.54
"5131","anchor",326,31419361,95.54
"5132","beta",326,31419687,95.54
"5133","coral",326,31420013,95.54
"5134","experimental",326,31420339,95.54
"5135","headline",326,31420665,95.54
"5136","mundane",326,31420991,95.55
"5137","pointless",326,31421317,95.55
"5138","raspberry",326,31421643,95.55
"5139","surviving",326,31421969,95.55
"5140","attic",325,31422294,95.55
"5141","immigrant",325,31422619,95.55
"5142","opponent",325,31422944,95.55
"5143","passport",325,31423269,95.55
"5144","stubborn",325,31423594,95.55
"5145","treasury",325,31423919,95.55
"5146","triumph",325,31424244,95.55
"5147","accountable",324,31424568,95.56
"5148","chunk",324,31424892,95.56
"5149","culinary",324,31425216,95.56
"5150","exhausting",324,31425540,95.56
"5151","font",324,31425864,95.56
"5152","greed",324,31426188,95.56
"5153","iceland",324,31426512,95.56
"5154","ing",324,31426836,95.56
"5155","inserted",324,31427160,95.56
"5156","install",324,31427484,95.56
"5157","par",324,31427808,95.57
"5158","restoration",324,31428132,95.57
"5159","suspicion",324,31428456,95.57
"5160","tribal",324,31428780,95.57
"5161","accuracy",323,31429103,95.57
"5162","canal",323,31429426,95.57
"5163","circular",323,31429749,95.57
"5164","fellowship",323,31430072,95.57
"5165","investigating",323,31430395,95.57
"5166","rotten",323,31430718,95.57
"5167","stance",323,31431041,95.58
"5168","blocking",322,31431363,95.58
"5169","bottled",322,31431685,95.58
"5170","caroline",322,31432007,95.58
"5171","hybrid",322,31432329,95.58
"5172","installation",322,31432651,95.58
"5173","proving",322,31432973,95.58
"5174","sustain",322,31433295,95.58
"5175","zucchini",322,31433617,95.58
"5176","backdrop",321,31433938,95.58
"5177","choir",321,31434259,95.59
"5178","fest",321,31434580,95.59
"5179","fountain",321,31434901,95.59
"5180","impress",321,31435222,95.59
"5181","inherent",321,31435543,95.59
"5182","sanity",321,31435864,95.59
"5183","scissors",321,31436185,95.59
"5184","sweep",321,31436506,95.59
"5185","unlimited",321,31436827,95.59
"5186","yahoo",321,31437148,95.59
"5187","glowing",320,31437468,95.6
"5188","lone",320,31437788,95.6
"5189","sock",320,31438108,95.6
"5190","sorted",320,31438428,95.6
"5191","tablet",320,31438748,95.6
"5192","bundle",319,31439067,95.6
"5193","duo",319,31439386,95.6
"5194","emperor",319,31439705,95.6
"5195","endeavor",319,31440024,95.6
"5196","inventory",319,31440343,95.6
"5197","prosperity",319,31440662,95.6
"5198","rebel",319,31440981,95.61
"5199","sail",319,31441300,95.61
"5200","acrylic",318,31441618,95.61
"5201","coated",318,31441936,95.61
"5202","greeting",318,31442254,95.61
"5203","parsley",318,31442572,95.61
"5204","perfume",318,31442890,95.61
"5205","rooted",318,31443208,95.61
"5206","secular",318,31443526,95.61
"5207","technological",318,31443844,95.61
"5208","thirteen",318,31444162,95.62
"5209","bully",317,31444479,95.62
"5210","cheerful",317,31444796,95.62
"5211","crawling",317,31445113,95.62
"5212","fighter",317,31445430,95.62
"5213","outlook",317,31445747,95.62
"5214","sandy",317,31446064,95.62
"5215","valued",317,31446381,95.62
"5216","beard",316,31446697,95.62
"5217","certainty",316,31447013,95.62
"5218","digress",316,31447329,95.63
"5219","donna",316,31447645,95.63
"5220","float",316,31447961,95.63
"5221","warfare",316,31448277,95.63
"5222","activist",315,31448592,95.63
"5223","bo",315,31448907,95.63
"5224","canyon",315,31449222,95.63
"5225","crunch",315,31449537,95.63
"5226","holocaust",315,31449852,95.63
"5227","liner",315,31450167,95.63
"5228","literal",315,31450482,95.63
"5229","lively",315,31450797,95.64
"5230","mon",315,31451112,95.64
"5231","spa",315,31451427,95.64
"5232","unconscious",315,31451742,95.64
"5233","ally",314,31452056,95.64
"5234","festive",314,31452370,95.64
"5235","forbidden",314,31452684,95.64
"5236","intact",314,31452998,95.64
"5237","memento",314,31453312,95.64
"5238","printer",314,31453626,95.64
"5239","reportedly",314,31453940,95.65
"5240","sparkling",314,31454254,95.65
"5241","timothy",314,31454568,95.65
"5242","avocado",313,31454881,95.65
"5243","forecast",313,31455194,95.65
"5244","hurdle",313,31455507,95.65
"5245","jaw",313,31455820,95.65
"5246","optimistic",313,31456133,95.65
"5247","rhetoric",313,31456446,95.65
"5248","spiral",313,31456759,95.65
"5249","barley",312,31457071,95.65
"5250","conclude",312,31457383,95.66
"5251","devotion",312,31457695,95.66
"5252","drift",312,31458007,95.66
"5253","gypsy",312,31458319,95.66
"5254","historically",312,31458631,95.66
"5255","lodge",312,31458943,95.66
"5256","masterpiece",312,31459255,95.66
"5257","opt",312,31459567,95.66
"5258","stripped",312,31459879,95.66
"5259","trillion",312,31460191,95.66
"5260","accommodate",311,31460502,95.67
"5261","cue",311,31460813,95.67
"5262","daring",311,31461124,95.67
"5263","democrat",311,31461435,95.67
"5264","dispute",311,31461746,95.67
"5265","harbor",311,31462057,95.67
"5266","opposing",311,31462368,95.67
"5267","papa",311,31462679,95.67
"5268","pear",311,31462990,95.67
"5269","umbrella",311,31463301,95.67
"5270","beg",310,31463611,95.67
"5271","bland",310,31463921,95.68
"5272","completion",310,31464231,95.68
"5273","enhanced",310,31464541,95.68
"5274","funk",310,31464851,95.68
"5275","indulge",310,31465161,95.68
"5276","piles",310,31465471,95.68
"5277","pill",310,31465781,95.68
"5278","sustained",310,31466091,95.68
"5279","visitor",310,31466401,95.68
"5280","adaptation",309,31466710,95.68
"5281","admired",309,31467019,95.69
"5282","cracking",309,31467328,95.69
"5283","illustrate",309,31467637,95.69
"5284","installment",309,31467946,95.69
"5285","masculine",309,31468255,95.69
"5286","rebellion",309,31468564,95.69
"5287","sermon",309,31468873,95.69
"5288","staple",309,31469182,95.69
"5289","ankle",308,31469490,95.69
"5290","booze",308,31469798,95.69
"5291","cleansing",308,31470106,95.69
"5292","intake",308,31470414,95.7
"5293","luggage",308,31470722,95.7
"5294","magnetic",308,31471030,95.7
"5295","mythology",308,31471338,95.7
"5296","patio",308,31471646,95.7
"5297","prompt",308,31471954,95.7
"5298","settlement",308,31472262,95.7
"5299","swift",308,31472570,95.7
"5300","unfamiliar",308,31472878,95.7
"5301","unhealthy",308,31473186,95.7
"5302","viable",308,31473494,95.7
"5303","wizard",308,31473802,95.71
"5304","bail",307,31474109,95.71
"5305","balloon",307,31474416,95.71
"5306","fury",307,31474723,95.71
"5307","influenza",307,31475030,95.71
"5308","karma",307,31475337,95.71
"5309","motorcycle",307,31475644,95.71
"5310","obedience",307,31475951,95.71
"5311","raid",307,31476258,95.71
"5312","seminar",307,31476565,95.71
"5313","wagon",307,31476872,95.71
"5314","appropriately",306,31477178,95.72
"5315","assess",306,31477484,95.72
"5316","clash",306,31477790,95.72
"5317","meter",306,31478096,95.72
"5318","moisture",306,31478402,95.72
"5319","philosophical",306,31478708,95.72
"5320","poetic",306,31479014,95.72
"5321","positively",306,31479320,95.72
"5322","sliding",306,31479626,95.72
"5323","zip",306,31479932,95.72
"5324","brushed",305,31480237,95.73
"5325","critic",305,31480542,95.73
"5326","drummer",305,31480847,95.73
"5327","ness",305,31481152,95.73
"5328","polished",305,31481457,95.73
"5329","seldom",305,31481762,95.73
"5330","transit",305,31482067,95.73
"5331","tummy",305,31482372,95.73
"5332","amidst",304,31482676,95.73
"5333","bout",304,31482980,95.73
"5334","clinical",304,31483284,95.73
"5335","dice",304,31483588,95.74
"5336","fixing",304,31483892,95.74
"5337","guitarist",304,31484196,95.74
"5338","judicial",304,31484500,95.74
"5339","mentality",304,31484804,95.74
"5340","stew",304,31485108,95.74
"5341","thief",304,31485412,95.74
"5342","wreck",304,31485716,95.74
"5343","analogy",303,31486019,95.74
"5344","conditioned",303,31486322,95.74
"5345","corps",303,31486625,95.74
"5346","gosh",303,31486928,95.75
"5347","medal",303,31487231,95.75
"5348","reunion",303,31487534,95.75
"5349","sided",303,31487837,95.75
"5350","timeless",303,31488140,95.75
"5351","cheat",302,31488442,95.75
"5352","kidney",302,31488744,95.75
"5353","permitted",302,31489046,95.75
"5354","plague",302,31489348,95.75
"5355","powdered",302,31489650,95.75
"5356","preach",302,31489952,95.75
"5357","sinister",302,31490254,95.76
"5358","sparkly",302,31490556,95.76
"5359","straightforward",302,31490858,95.76
"5360","blamed",301,31491159,95.76
"5361","bureau",301,31491460,95.76
"5362","cider",301,31491761,95.76
"5363","daylight",301,31492062,95.76
"5364","foul",301,31492363,95.76
"5365","licensed",301,31492664,95.76
"5366","navigate",301,31492965,95.76
"5367","outright",301,31493266,95.76
"5368","paced",301,31493567,95.77
"5369","roommate",301,31493868,95.77
"5370","simpler",301,31494169,95.77
"5371","tidy",301,31494470,95.77
"5372","evaluation",300,31494770,95.77
"5373","fuss",300,31495070,95.77
"5374","hugely",300,31495370,95.77
"5375","jerk",300,31495670,95.77
"5376","legislature",300,31495970,95.77
"5377","marc",300,31496270,95.77
"5378","mechanism",300,31496570,95.77
"5379","prisoner",300,31496870,95.78
"5380","rye",300,31497170,95.78
"5381","satellite",300,31497470,95.78
"5382","saute",300,31497770,95.78
"5383","transparent",300,31498070,95.78
"5384","turner",300,31498370,95.78
"5385","vanity",300,31498670,95.78
"5386","anthology",299,31498969,95.78
"5387","communion",299,31499268,95.78
"5388","disappoint",299,31499567,95.78
"5389","doubled",299,31499866,95.78
"5390","garnish",299,31500165,95.79
"5391","goodwill",299,31500464,95.79
"5392","grind",299,31500763,95.79
"5393","heel",299,31501062,95.79
"5394","loosely",299,31501361,95.79
"5395","mandatory",299,31501660,95.79
"5396","muddy",299,31501959,95.79
"5397","refuge",299,31502258,95.79
"5398","sleepy",299,31502557,95.79
"5399","spoil",299,31502856,95.79
"5400","turquoise",299,31503155,95.79
"5401","vertical",299,31503454,95.8
"5402","warmed",299,31503753,95.8
"5403","accompany",298,31504051,95.8
"5404","dread",298,31504349,95.8
"5405","exterior",298,31504647,95.8
"5406","hesitate",298,31504945,95.8
"5407","idol",298,31505243,95.8
"5408","perceive",298,31505541,95.8
"5409","prevention",298,31505839,95.8
"5410","privileged",298,31506137,95.8
"5411","wireless",298,31506435,95.8
"5412","bases",297,31506732,95.81
"5413","blur",297,31507029,95.81
"5414","cane",297,31507326,95.81
"5415","elastic",297,31507623,95.81
"5416","embracing",297,31507920,95.81
"5417","harmful",297,31508217,95.81
"5418","headquarters",297,31508514,95.81
"5419","oppression",297,31508811,95.81
"5420","scholar",297,31509108,95.81
"5421","screwed",297,31509405,95.81
"5422","sri",297,31509702,95.81
"5423","atheist",296,31509998,95.82
"5424","bark",296,31510294,95.82
"5425","ferry",296,31510590,95.82
"5426","lest",296,31510886,95.82
"5427","mining",296,31511182,95.82
"5428","naive",296,31511478,95.82
"5429","scoring",296,31511774,95.82
"5430","smelling",296,31512070,95.82
"5431","yr",296,31512366,95.82
"5432","assemble",295,31512661,95.82
"5433","brunch",295,31512956,95.82
"5434","chilled",295,31513251,95.83
"5435","conversion",295,31513546,95.83
"5436","electronics",295,31513841,95.83
"5437","estimate",295,31514136,95.83
"5438","upgrade",295,31514431,95.83
"5439","victor",295,31514726,95.83
"5440","weary",295,31515021,95.83
"5441","beverage",294,31515315,95.83
"5442","charging",294,31515609,95.83
"5443","commissioner",294,31515903,95.83
"5444","compound",294,31516197,95.83
"5445","congregation",294,31516491,95.84
"5446","cooker",294,31516785,95.84
"5447","dentist",294,31517079,95.84
"5448","fleet",294,31517373,95.84
"5449","folding",294,31517667,95.84
"5450","guru",294,31517961,95.84
"5451","overhead",294,31518255,95.84
"5452","psychic",294,31518549,95.84
"5453","cloudy",293,31518842,95.84
"5454","continuously",293,31519135,95.84
"5455","distraction",293,31519428,95.84
"5456","founding",293,31519721,95.85
"5457","hulk",293,31520014,95.85
"5458","lend",293,31520307,95.85
"5459","manufacturer",293,31520600,95.85
"5460","sane",293,31520893,95.85
"5461","uncertain",293,31521186,95.85
"5462","wholly",293,31521479,95.85
"5463","widow",293,31521772,95.85
"5464","ashes",292,31522064,95.85
"5465","bastard",292,31522356,95.85
"5466","blackberry",292,31522648,95.85
"5467","bronze",292,31522940,95.86
"5468","dam",292,31523232,95.86
"5469","deaf",292,31523524,95.86
"5470","ne",292,31523816,95.86
"5471","noir",292,31524108,95.86
"5472","ponder",292,31524400,95.86
"5473","rogue",292,31524692,95.86
"5474","stuffing",292,31524984,95.86
"5475","suspension",292,31525276,95.86
"5476","thesis",292,31525568,95.86
"5477","transaction",292,31525860,95.86
"5478","vaguely",292,31526152,95.86
"5479","chapel",291,31526443,95.87
"5480","cognitive",291,31526734,95.87
"5481","condemned",291,31527025,95.87
"5482","custody",291,31527316,95.87
"5483","dresser",291,31527607,95.87
"5484","grape",291,31527898,95.87
"5485","instrumental",291,31528189,95.87
"5486","neglect",291,31528480,95.87
"5487","remotely",291,31528771,95.87
"5488","sassy",291,31529062,95.87
"5489","specialty",291,31529353,95.87
"5490","whisky",291,31529644,95.88
"5491","bridal",290,31529934,95.88
"5492","conservation",290,31530224,95.88
"5493","crab",290,31530514,95.88
"5494","cucumber",290,31530804,95.88
"5495","frightened",290,31531094,95.88
"5496","grounded",290,31531384,95.88
"5497","loneliness",290,31531674,95.88
"5498","morris",290,31531964,95.88
"5499","nostalgia",290,31532254,95.88
"5500","pea",290,31532544,95.88
"5501","portable",290,31532834,95.89
"5502","reed",290,31533124,95.89
"5503","synopsis",290,31533414,95.89
"5504","weave",290,31533704,95.89
"5505","accustomed",289,31533993,95.89
"5506","airplane",289,31534282,95.89
"5507","biography",289,31534571,95.89
"5508","buffet",289,31534860,95.89
"5509","combining",289,31535149,95.89
"5510","cone",289,31535438,95.89
"5511","excerpt",289,31535727,95.89
"5512","flexibility",289,31536016,95.89
"5513","peculiar",289,31536305,95.9
"5514","royalty",289,31536594,95.9
"5515","salon",289,31536883,95.9
"5516","spill",289,31537172,95.9
"5517","spirituality",289,31537461,95.9
"5518","steadily",289,31537750,95.9
"5519","stray",289,31538039,95.9
"5520","superhero",289,31538328,95.9
"5521","tights",289,31538617,95.9
"5522","travelled",289,31538906,95.9
"5523","warehouse",289,31539195,95.9
"5524","abbey",288,31539483,95.91
"5525","derby",288,31539771,95.91
"5526","downright",288,31540059,95.91
"5527","evaluate",288,31540347,95.91
"5528","generic",288,31540635,95.91
"5529","granny",288,31540923,95.91
"5530","haired",288,31541211,95.91
"5531","mock",288,31541499,95.91
"5532","observing",288,31541787,95.91
"5533","painter",288,31542075,95.91
"5534","recipient",288,31542363,95.91
"5535","stumble",288,31542651,95.92
"5536","suffice",288,31542939,95.92
"5537","sweeping",288,31543227,95.92
"5538","vain",288,31543515,95.92
"5539","decrease",287,31543802,95.92
"5540","didnt",287,31544089,95.92
"5541","fraction",287,31544376,95.92
"5542","gasp",287,31544663,95.92
"5543","hectic",287,31544950,95.92
"5544","interpret",287,31545237,95.92
"5545","orthodox",287,31545524,95.92
"5546","petty",287,31545811,95.92
"5547","refrigerate",287,31546098,95.93
"5548","separately",287,31546385,95.93
"5549","switching",287,31546672,95.93
"5550","vine",287,31546959,95.93
"5551","ambition",286,31547245,95.93
"5552","cos",286,31547531,95.93
"5553","derived",286,31547817,95.93
"5554","gesture",286,31548103,95.93
"5555","maya",286,31548389,95.93
"5556","monetary",286,31548675,95.93
"5557","plaza",286,31548961,95.93
"5558","pleasantly",286,31549247,95.94
"5559","rel",286,31549533,95.94
"5560","accountability",285,31549818,95.94
"5561","coupled",285,31550103,95.94
"5562","oneself",285,31550388,95.94
"5563","pal",285,31550673,95.94
"5564","reminiscent",285,31550958,95.94
"5565","restricted",285,31551243,95.94
"5566","sailing",285,31551528,95.94
"5567","sunrise",285,31551813,95.94
"5568","urgent",285,31552098,95.94
"5569","colin",284,31552382,95.94
"5570","consulting",284,31552666,95.95
"5571","delete",284,31552950,95.95
"5572","identification",284,31553234,95.95
"5573","mansion",284,31553518,95.95
"5574","neatly",284,31553802,95.95
"5575","northwest",284,31554086,95.95
"5576","prescription",284,31554370,95.95
"5577","renowned",284,31554654,95.95
"5578","skeptical",284,31554938,95.95
"5579","ace",283,31555221,95.95
"5580","cupboard",283,31555504,95.95
"5581","drawers",283,31555787,95.95
"5582","halt",283,31556070,95.96
"5583","hostile",283,31556353,95.96
"5584","informative",283,31556636,95.96
"5585","insult",283,31556919,95.96
"5586","joyful",283,31557202,95.96
"5587","locate",283,31557485,95.96
"5588","noticeable",283,31557768,95.96
"5589","railway",283,31558051,95.96
"5590","ruler",283,31558334,95.96
"5591","spencer",283,31558617,95.96
"5592","turtle",283,31558900,95.96
"5593","dragging",282,31559182,95.97
"5594","hurricane",282,31559464,95.97
"5595","justification",282,31559746,95.97
"5596","mistaken",282,31560028,95.97
"5597","neon",282,31560310,95.97
"5598","orientation",282,31560592,95.97
"5599","ridge",282,31560874,95.97
"5600","rustic",282,31561156,95.97
"5601","seth",282,31561438,95.97
"5602","situated",282,31561720,95.97
"5603","wildly",282,31562002,95.97
"5604","diving",281,31562283,95.97
"5605","historian",281,31562564,95.98
"5606","hopeless",281,31562845,95.98
"5607","humility",281,31563126,95.98
"5608","humorous",281,31563407,95.98
"5609","marble",281,31563688,95.98
"5610","accomplishment",280,31563968,95.98
"5611","affecting",280,31564248,95.98
"5612","asylum",280,31564528,95.98
"5613","confront",280,31564808,95.98
"5614","congressional",280,31565088,95.98
"5615","crave",280,31565368,95.98
"5616","curly",280,31565648,95.98
"5617","dwell",280,31565928,95.99
"5618","keeper",280,31566208,95.99
"5619","productivity",280,31566488,95.99
"5620","reproductive",280,31566768,95.99
"5621","rusty",280,31567048,95.99
"5622","sucking",280,31567328,95.99
"5623","wright",280,31567608,95.99
"5624","aboard",279,31567887,95.99
"5625","absorb",279,31568166,95.99
"5626","blurb",279,31568445,95.99
"5627","cancel",279,31568724,95.99
"5628","cling",279,31569003,96
"5629","heroic",279,31569282,96
"5630","keg",279,31569561,96
"5631","rifle",279,31569840,96
"5632","striped",279,31570119,96
"5633","swirl",279,31570398,96
"5634","timely",279,31570677,96
"5635","windy",279,31570956,96
"5636","afterward",278,31571234,96
"5637","bacteria",278,31571512,96
"5638","blooming",278,31571790,96
"5639","compassionate",278,31572068,96
"5640","elf",278,31572346,96.01
"5641","embarrassment",278,31572624,96.01
"5642","equity",278,31572902,96.01
"5643","fatal",278,31573180,96.01
"5644","flock",278,31573458,96.01
"5645","legislative",278,31573736,96.01
"5646","mart",278,31574014,96.01
"5647","outrageous",278,31574292,96.01
"5648","rejoice",278,31574570,96.01
"5649","alphabet",277,31574847,96.01
"5650","arch",277,31575124,96.01
"5651","caution",277,31575401,96.01
"5652","confirmation",277,31575678,96.02
"5653","fragrance",277,31575955,96.02
"5654","ga",277,31576232,96.02
"5655","impatient",277,31576509,96.02
"5656","mandate",277,31576786,96.02
"5657","softly",277,31577063,96.02
"5658","sovereign",277,31577340,96.02
"5659","verdict",277,31577617,96.02
"5660","violation",277,31577894,96.02
"5661","akin",276,31578170,96.02
"5662","architect",276,31578446,96.02
"5663","cumin",276,31578722,96.02
"5664","cutter",276,31578998,96.03
"5665","discomfort",276,31579274,96.03
"5666","employ",276,31579550,96.03
"5667","flourish",276,31579826,96.03
"5668","miniature",276,31580102,96.03
"5669","possessed",276,31580378,96.03
"5670","preservation",276,31580654,96.03
"5671","seating",276,31580930,96.03
"5672","spontaneous",276,31581206,96.03
"5673","sympathetic",276,31581482,96.03
"5674","approve",275,31581757,96.03
"5675","cherish",275,31582032,96.03
"5676","comfortably",275,31582307,96.04
"5677","flea",275,31582582,96.04
"5678","generosity",275,31582857,96.04
"5679","moody",275,31583132,96.04
"5680","shipped",275,31583407,96.04
"5681","soaking",275,31583682,96.04
"5682","arrow",274,31583956,96.04
"5683","capitalist",274,31584230,96.04
"5684","casino",274,31584504,96.04
"5685","clutter",274,31584778,96.04
"5686","consent",274,31585052,96.04
"5687","eldest",274,31585326,96.04
"5688","foremost",274,31585600,96.05
"5689","notorious",274,31585874,96.05
"5690","rap",274,31586148,96.05
"5691","thrilling",274,31586422,96.05
"5692","tick",274,31586696,96.05
"5693","vincent",274,31586970,96.05
"5694","warren",274,31587244,96.05
"5695","whew",274,31587518,96.05
"5696","biology",273,31587791,96.05
"5697","caffeine",273,31588064,96.05
"5698","daunting",273,31588337,96.05
"5699","tuna",273,31588610,96.05
"5700","utility",273,31588883,96.06
"5701","winding",273,31589156,96.06
"5702","abusive",272,31589428,96.06
"5703","acquisition",272,31589700,96.06
"5704","catalogue",272,31589972,96.06
"5705","considerably",272,31590244,96.06
"5706","cynical",272,31590516,96.06
"5707","elevator",272,31590788,96.06
"5708","horribly",272,31591060,96.06
"5709","infected",272,31591332,96.06
"5710","intentionally",272,31591604,96.06
"5711","knot",272,31591876,96.06
"5712","suburban",272,31592148,96.07
"5713","tornado",272,31592420,96.07
"5714","unemployed",272,31592692,96.07
"5715","accounting",271,31592963,96.07
"5716","adhere",271,31593234,96.07
"5717","ambulance",271,31593505,96.07
"5718","butler",271,31593776,96.07
"5719","coastal",271,31594047,96.07
"5720","den",271,31594318,96.07
"5721","dipped",271,31594589,96.07
"5722","fourteen",271,31594860,96.07
"5723","recap",271,31595131,96.07
"5724","tangible",271,31595402,96.08
"5725","thyme",271,31595673,96.08
"5726","visa",271,31595944,96.08
"5727","wakes",271,31596215,96.08
"5728","watering",271,31596486,96.08
"5729","bachelor",270,31596756,96.08
"5730","bamboo",270,31597026,96.08
"5731","citizenship",270,31597296,96.08
"5732","closure",270,31597566,96.08
"5733","construct",270,31597836,96.08
"5734","swinging",270,31598106,96.08
"5735","tortured",270,31598376,96.08
"5736","almighty",269,31598645,96.09
"5737","boarding",269,31598914,96.09
"5738","bulb",269,31599183,96.09
"5739","cheering",269,31599452,96.09
"5740","concentrated",269,31599721,96.09
"5741","consciously",269,31599990,96.09
"5742","consequently",269,31600259,96.09
"5743","indoors",269,31600528,96.09
"5744","robust",269,31600797,96.09
"5745","slipping",269,31601066,96.09
"5746","sprinkled",269,31601335,96.09
"5747","tempting",269,31601604,96.09
"5748","understandable",269,31601873,96.1
"5749","visually",269,31602142,96.1
"5750","altar",268,31602410,96.1
"5751","coriander",268,31602678,96.1
"5752","cursed",268,31602946,96.1
"5753","overview",268,31603214,96.1
"5754","surgeon",268,31603482,96.1
"5755","tearing",268,31603750,96.1
"5756","temporarily",268,31604018,96.1
"5757","touring",268,31604286,96.1
"5758","unwanted",268,31604554,96.1
"5759","beam",267,31604821,96.1
"5760","commonwealth",267,31605088,96.1
"5761","consensus",267,31605355,96.11
"5762","descent",267,31605622,96.11
"5763","fearful",267,31605889,96.11
"5764","gracious",267,31606156,96.11
"5765","greatness",267,31606423,96.11
"5766","groom",267,31606690,96.11
"5767","notch",267,31606957,96.11
"5768","walnut",267,31607224,96.11
"5769","waving",267,31607491,96.11
"5770","architectural",266,31607757,96.11
"5771","beware",266,31608023,96.11
"5772","circumstance",266,31608289,96.11
"5773","florence",266,31608555,96.12
"5774","forthcoming",266,31608821,96.12
"5775","goose",266,31609087,96.12
"5776","injustice",266,31609353,96.12
"5777","mesh",266,31609619,96.12
"5778","notably",266,31609885,96.12
"5779","observer",266,31610151,96.12
"5780","sanctuary",266,31610417,96.12
"5781","speculation",266,31610683,96.12
"5782","streaming",266,31610949,96.12
"5783","vol",266,31611215,96.12
"5784","ballot",265,31611480,96.12
"5785","burton",265,31611745,96.13
"5786","chew",265,31612010,96.13
"5787","clearer",265,31612275,96.13
"5788","comprehend",265,31612540,96.13
"5789","defendant",265,31612805,96.13
"5790","dock",265,31613070,96.13
"5791","enlightenment",265,31613335,96.13
"5792","excellence",265,31613600,96.13
"5793","gen",265,31613865,96.13
"5794","greet",265,31614130,96.13
"5795","instructed",265,31614395,96.13
"5796","penguin",265,31614660,96.13
"5797","physician",265,31614925,96.13
"5798","puff",265,31615190,96.14
"5799","renewal",265,31615455,96.14
"5800","sampling",265,31615720,96.14
"5801","stroller",265,31615985,96.14
"5802","veil",265,31616250,96.14
"5803","athlete",264,31616514,96.14
"5804","availability",264,31616778,96.14
"5805","characteristic",264,31617042,96.14
"5806","coaster",264,31617306,96.14
"5807","energetic",264,31617570,96.14
"5808","governance",264,31617834,96.14
"5809","helmet",264,31618098,96.14
"5810","maternity",264,31618362,96.15
"5811","metallic",264,31618626,96.15
"5812","niche",264,31618890,96.15
"5813","plum",264,31619154,96.15
"5814","polar",264,31619418,96.15
"5815","puree",264,31619682,96.15
"5816","amid",263,31619945,96.15
"5817","biting",263,31620208,96.15
"5818","clarify",263,31620471,96.15
"5819","glee",263,31620734,96.15
"5820","kale",263,31620997,96.15
"5821","merchant",263,31621260,96.15
"5822","naming",263,31621523,96.15
"5823","polka",263,31621786,96.16
"5824","prosecution",263,31622049,96.16
"5825","surround",263,31622312,96.16
"5826","tomb",263,31622575,96.16
"5827","contempt",262,31622837,96.16
"5828","eggplant",262,31623099,96.16
"5829","incidentally",262,31623361,96.16
"5830","intensive",262,31623623,96.16
"5831","motherhood",262,31623885,96.16
"5832","pitcher",262,31624147,96.16
"5833","playful",262,31624409,96.16
"5834","rim",262,31624671,96.16
"5835","satin",262,31624933,96.17
"5836","unfinished",262,31625195,96.17
"5837","acoustic",261,31625456,96.17
"5838","gore",261,31625717,96.17
"5839","grim",261,31625978,96.17
"5840","incentive",261,31626239,96.17
"5841","intimacy",261,31626500,96.17
"5842","naughty",261,31626761,96.17
"5843","specially",261,31627022,96.17
"5844","stroll",261,31627283,96.17
"5845","tolerate",261,31627544,96.17
"5846","wink",261,31627805,96.17
"5847","ache",260,31628065,96.17
"5848","bouncing",260,31628325,96.18
"5849","crow",260,31628585,96.18
"5850","dim",260,31628845,96.18
"5851","equation",260,31629105,96.18
"5852","inter",260,31629365,96.18
"5853","shaping",260,31629625,96.18
"5854","sparks",260,31629885,96.18
"5855","ambassador",259,31630144,96.18
"5856","applicant",259,31630403,96.18
"5857","brownie",259,31630662,96.18
"5858","elbow",259,31630921,96.18
"5859","flavored",259,31631180,96.18
"5860","fragrant",259,31631439,96.18
"5861","hardy",259,31631698,96.19
"5862","irrational",259,31631957,96.19
"5863","litigation",259,31632216,96.19
"5864","mantra",259,31632475,96.19
"5865","mystical",259,31632734,96.19
"5866","offspring",259,31632993,96.19
"5867","oppose",259,31633252,96.19
"5868","pagan",259,31633511,96.19
"5869","poke",259,31633770,96.19
"5870","ranked",259,31634029,96.19
"5871","slick",259,31634288,96.19
"5872","surveillance",259,31634547,96.19
"5873","treadmill",259,31634806,96.2
"5874","armor",258,31635064,96.2
"5875","belonging",258,31635322,96.2
"5876","bounce",258,31635580,96.2
"5877","decoration",258,31635838,96.2
"5878","distinguish",258,31636096,96.2
"5879","fashionable",258,31636354,96.2
"5880","giggle",258,31636612,96.2
"5881","lawsuit",258,31636870,96.2
"5882","marking",258,31637128,96.2
"5883","martial",258,31637386,96.2
"5884","parish",258,31637644,96.2
"5885","performer",258,31637902,96.2
"5886","silhouette",258,31638160,96.21
"5887","sweaty",258,31638418,96.21
"5888","theological",258,31638676,96.21
"5889","upward",258,31638934,96.21
"5890","wreath",258,31639192,96.21
"5891","adjustment",257,31639449,96.21
"5892","aftermath",257,31639706,96.21
"5893","chilling",257,31639963,96.21
"5894","depot",257,31640220,96.21
"5895","ensemble",257,31640477,96.21
"5896","limiting",257,31640734,96.21
"5897","lottery",257,31640991,96.21
"5898","novelty",257,31641248,96.21
"5899","ralph",257,31641505,96.22
"5900","slam",257,31641762,96.22
"5901","symbolic",257,31642019,96.22
"5902","balancing",256,31642275,96.22
"5903","doorway",256,31642531,96.22
"5904","evolve",256,31642787,96.22
"5905","fled",256,31643043,96.22
"5906","interrupted",256,31643299,96.22
"5907","nomination",256,31643555,96.22
"5908","novelist",256,31643811,96.22
"5909","rev",256,31644067,96.22
"5910","rubbed",256,31644323,96.22
"5911","sober",256,31644579,96.22
"5912","adventurous",255,31644834,96.23
"5913","atop",255,31645089,96.23
"5914","balcony",255,31645344,96.23
"5915","communism",255,31645599,96.23
"5916","fatigue",255,31645854,96.23
"5917","glamorous",255,31646109,96.23
"5918","helpless",255,31646364,96.23
"5919","herd",255,31646619,96.23
"5920","ideally",255,31646874,96.23
"5921","irritating",255,31647129,96.23
"5922","mice",255,31647384,96.23
"5923","noisy",255,31647639,96.23
"5924","outing",255,31647894,96.24
"5925","pun",255,31648149,96.24
"5926","queue",255,31648404,96.24
"5927","dominate",254,31648658,96.24
"5928","embroidery",254,31648912,96.24
"5929","generously",254,31649166,96.24
"5930","linky",254,31649420,96.24
"5931","mojo",254,31649674,96.24
"5932","numb",254,31649928,96.24
"5933","politely",254,31650182,96.24
"5934","professionally",254,31650436,96.24
"5935","props",254,31650690,96.24
"5936","sinking",254,31650944,96.24
"5937","superman",254,31651198,96.25
"5938","thrive",254,31651452,96.25
"5939","baggage",253,31651705,96.25
"5940","baptism",253,31651958,96.25
"5941","casserole",253,31652211,96.25
"5942","charter",253,31652464,96.25
"5943","dove",253,31652717,96.25
"5944","eagerly",253,31652970,96.25
"5945","examining",253,31653223,96.25
"5946","fertility",253,31653476,96.25
"5947","helicopter",253,31653729,96.25
"5948","implementation",253,31653982,96.25
"5949","rehearsal",253,31654235,96.25
"5950","spatula",253,31654488,96.26
"5951","tier",253,31654741,96.26
"5952","unclear",253,31654994,96.26
"5953","aiming",252,31655246,96.26
"5954","ave",252,31655498,96.26
"5955","credibility",252,31655750,96.26
"5956","damages",252,31656002,96.26
"5957","dynamics",252,31656254,96.26
"5958","fruity",252,31656506,96.26
"5959","gigantic",252,31656758,96.26
"5960","multitude",252,31657010,96.26
"5961","remedy",252,31657262,96.26
"5962","rider",252,31657514,96.26
"5963","suitcase",252,31657766,96.27
"5964","temper",252,31658018,96.27
"5965","thorough",252,31658270,96.27
"5966","unacceptable",252,31658522,96.27
"5967","upright",252,31658774,96.27
"5968","ado",251,31659025,96.27
"5969","conception",251,31659276,96.27
"5970","edible",251,31659527,96.27
"5971","embassy",251,31659778,96.27
"5972","maid",251,31660029,96.27
"5973","moss",251,31660280,96.27
"5974","trinity",251,31660531,96.27
"5975","apt",250,31660781,96.27
"5976","backup",250,31661031,96.27
"5977","fusion",250,31661281,96.28
"5978","homosexuality",250,31661531,96.28
"5979","hostess",250,31661781,96.28
"5980","hub",250,31662031,96.28
"5981","immensely",250,31662281,96.28
"5982","piled",250,31662531,96.28
"5983","pulp",250,31662781,96.28
"5984","questionable",250,31663031,96.28
"5985","scotch",250,31663281,96.28
"5986","seventeen",250,31663531,96.28
"5987","soothing",250,31663781,96.28
"5988","vaccine",250,31664031,96.28
"5989","width",250,31664281,96.28
"5990","bailey",249,31664530,96.29
"5991","curl",249,31664779,96.29
"5992","inspection",249,31665028,96.29
"5993","integration",249,31665277,96.29
"5994","intentional",249,31665526,96.29
"5995","kent",249,31665775,96.29
"5996","nickname",249,31666024,96.29
"5997","refusal",249,31666273,96.29
"5998","rented",249,31666522,96.29
"5999","threaten",249,31666771,96.29
"6000","bowling",248,31667019,96.29
"6001","brilliantly",248,31667267,96.29
"6002","cease",248,31667515,96.29
"6003","clan",248,31667763,96.3
"6004","collector",248,31668011,96.3
"6005","console",248,31668259,96.3
"6006","desirable",248,31668507,96.3
"6007","export",248,31668755,96.3
"6008","flee",248,31669003,96.3
"6009","hospitality",248,31669251,96.3
"6010","kitten",248,31669499,96.3
"6011","lovingly",248,31669747,96.3
"6012","rio",248,31669995,96.3
"6013","schooling",248,31670243,96.3
"6014","subjective",248,31670491,96.3
"6015","archive",247,31670738,96.3
"6016","communicating",247,31670985,96.31
"6017","cruelty",247,31671232,96.31
"6018","exploitation",247,31671479,96.31
"6019","feather",247,31671726,96.31
"6020","fireplace",247,31671973,96.31
"6021","intricate",247,31672220,96.31
"6022","preferably",247,31672467,96.31
"6023","remainder",247,31672714,96.31
"6024","revival",247,31672961,96.31
"6025","uncovered",247,31673208,96.31
"6026","bouquet",246,31673454,96.31
"6027","carnival",246,31673700,96.31
"6028","classy",246,31673946,96.31
"6029","custard",246,31674192,96.31
"6030","dealer",246,31674438,96.32
"6031","dental",246,31674684,96.32
"6032","disclaimer",246,31674930,96.32
"6033","import",246,31675176,96.32
"6034","painfully",246,31675422,96.32
"6035","refined",246,31675668,96.32
"6036","resigned",246,31675914,96.32
"6037","shimmer",246,31676160,96.32
"6038","sting",246,31676406,96.32
"6039","subjected",246,31676652,96.32
"6040","wi",246,31676898,96.32
"6041","austerity",245,31677143,96.32
"6042","brotherhood",245,31677388,96.32
"6043","cha",245,31677633,96.33
"6044","fatty",245,31677878,96.33
"6045","gauge",245,31678123,96.33
"6046","impulse",245,31678368,96.33
"6047","liability",245,31678613,96.33
"6048","outrage",245,31678858,96.33
"6049","pinned",245,31679103,96.33
"6050","problematic",245,31679348,96.33
"6051","remarkably",245,31679593,96.33
"6052","ringing",245,31679838,96.33
"6053","sept",245,31680083,96.33
"6054","sincerely",245,31680328,96.33
"6055","smash",245,31680573,96.33
"6056","tore",245,31680818,96.34
"6057","utilize",245,31681063,96.34
"6058","clause",244,31681307,96.34
"6059","clerk",244,31681551,96.34
"6060","dire",244,31681795,96.34
"6061","dismiss",244,31682039,96.34
"6062","exhaust",244,31682283,96.34
"6063","impose",244,31682527,96.34
"6064","lease",244,31682771,96.34
"6065","lump",244,31683015,96.34
"6066","persona",244,31683259,96.34
"6067","sinful",244,31683503,96.34
"6068","slope",244,31683747,96.34
"6069","transparency",244,31683991,96.34
"6070","trophy",244,31684235,96.35
"6071","unexpectedly",244,31684479,96.35
"6072","barcelona",243,31684722,96.35
"6073","betrayal",243,31684965,96.35
"6074","blaming",243,31685208,96.35
"6075","breach",243,31685451,96.35
"6076","coup",243,31685694,96.35
"6077","icy",243,31685937,96.35
"6078","induced",243,31686180,96.35
"6079","isolation",243,31686423,96.35
"6080","manga",243,31686666,96.35
"6081","manners",243,31686909,96.35
"6082","savvy",243,31687152,96.35
"6083","solidarity",243,31687395,96.36
"6084","wisely",243,31687638,96.36
"6085","yea",243,31687881,96.36
"6086","aspiring",242,31688123,96.36
"6087","clearance",242,31688365,96.36
"6088","grandson",242,31688607,96.36
"6089","greedy",242,31688849,96.36
"6090","heartbeat",242,31689091,96.36
"6091","kay",242,31689333,96.36
"6092","lifelong",242,31689575,96.36
"6093","nationwide",242,31689817,96.36
"6094","pounding",242,31690059,96.36
"6095","rue",242,31690301,96.36
"6096","seeming",242,31690543,96.36
"6097","sturdy",242,31690785,96.37
"6098","wallpaper",242,31691027,96.37
"6099","warrant",242,31691269,96.37
"6100","classified",241,31691510,96.37
"6101","discourse",241,31691751,96.37
"6102","distinguished",241,31691992,96.37
"6103","laser",241,31692233,96.37
"6104","misleading",241,31692474,96.37
"6105","myriad",241,31692715,96.37
"6106","pending",241,31692956,96.37
"6107","phenomenal",241,31693197,96.37
"6108","thrust",241,31693438,96.37
"6109","vein",241,31693679,96.37
"6110","whimsical",241,31693920,96.37
"6111","breastfeeding",240,31694160,96.38
"6112","cardigan",240,31694400,96.38
"6113","chaotic",240,31694640,96.38
"6114","elevated",240,31694880,96.38
"6115","explosive",240,31695120,96.38
"6116","flap",240,31695360,96.38
"6117","kettle",240,31695600,96.38
"6118","maternal",240,31695840,96.38
"6119","metropolitan",240,31696080,96.38
"6120","obesity",240,31696320,96.38
"6121","patrol",240,31696560,96.38
"6122","persistent",240,31696800,96.38
"6123","rubbing",240,31697040,96.38
"6124","ski",240,31697280,96.39
"6125","sonic",240,31697520,96.39
"6126","structured",240,31697760,96.39
"6127","tapping",240,31698000,96.39
"6128","unprecedented",240,31698240,96.39
"6129","admiration",239,31698479,96.39
"6130","cain",239,31698718,96.39
"6131","chunky",239,31698957,96.39
"6132","credible",239,31699196,96.39
"6133","differ",239,31699435,96.39
"6134","extending",239,31699674,96.39
"6135","iris",239,31699913,96.39
"6136","pollution",239,31700152,96.39
"6137","saturated",239,31700391,96.39
"6138","sphere",239,31700630,96.4
"6139","strap",239,31700869,96.4
"6140","taxpayer",239,31701108,96.4
"6141","brow",238,31701346,96.4
"6142","bum",238,31701584,96.4
"6143","bury",238,31701822,96.4
"6144","compact",238,31702060,96.4
"6145","lotus",238,31702298,96.4
"6146","margin",238,31702536,96.4
"6147","maturity",238,31702774,96.4
"6148","meaningless",238,31703012,96.4
"6149","presidency",238,31703250,96.4
"6150","progression",238,31703488,96.4
"6151","retire",238,31703726,96.4
"6152","stellar",238,31703964,96.41
"6153","ta",238,31704202,96.41
"6154","transmission",238,31704440,96.41
"6155","treaty",238,31704678,96.41
"6156","whale",238,31704916,96.41
"6157","allowance",237,31705153,96.41
"6158","amused",237,31705390,96.41
"6159","believable",237,31705627,96.41
"6160","eighth",237,31705864,96.41
"6161","exploded",237,31706101,96.41
"6162","gourmet",237,31706338,96.41
"6163","hank",237,31706575,96.41
"6164","inclusion",237,31706812,96.41
"6165","marvelous",237,31707049,96.41
"6166","saga",237,31707286,96.42
"6167","sixty",237,31707523,96.42
"6168","trousers",237,31707760,96.42
"6169","unrelated",237,31707997,96.42
"6170","weaving",237,31708234,96.42
"6171","accommodation",236,31708470,96.42
"6172","analyze",236,31708706,96.42
"6173","annually",236,31708942,96.42
"6174","blink",236,31709178,96.42
"6175","calorie",236,31709414,96.42
"6176","costly",236,31709650,96.42
"6177","eclectic",236,31709886,96.42
"6178","evangelical",236,31710122,96.42
"6179","frenzy",236,31710358,96.42
"6180","heartfelt",236,31710594,96.43
"6181","magically",236,31710830,96.43
"6182","magnitude",236,31711066,96.43
"6183","monk",236,31711302,96.43
"6184","pavement",236,31711538,96.43
"6185","pony",236,31711774,96.43
"6186","remake",236,31712010,96.43
"6187","scrape",236,31712246,96.43
"6188","sh",236,31712482,96.43
"6189","vendor",236,31712718,96.43
"6190","chile",235,31712953,96.43
"6191","electoral",235,31713188,96.43
"6192","gateway",235,31713423,96.43
"6193","haircut",235,31713658,96.44
"6194","internationally",235,31713893,96.44
"6195","ivory",235,31714128,96.44
"6196","liberation",235,31714363,96.44
"6197","poppy",235,31714598,96.44
"6198","quinoa",235,31714833,96.44
"6199","renaissance",235,31715068,96.44
"6200","revision",235,31715303,96.44
"6201","sack",235,31715538,96.44
"6202","torch",235,31715773,96.44
"6203","traumatic",235,31716008,96.44
"6204","worthless",235,31716243,96.44
"6205","aluminum",234,31716477,96.44
"6206","amusement",234,31716711,96.44
"6207","avid",234,31716945,96.45
"6208","boxing",234,31717179,96.45
"6209","browse",234,31717413,96.45
"6210","climax",234,31717647,96.45
"6211","crude",234,31717881,96.45
"6212","enforce",234,31718115,96.45
"6213","groove",234,31718349,96.45
"6214","honeymoon",234,31718583,96.45
"6215","provoking",234,31718817,96.45
"6216","rag",234,31719051,96.45
"6217","razor",234,31719285,96.45
"6218","stella",234,31719519,96.45
"6219","sterling",234,31719753,96.45
"6220","unseen",234,31719987,96.45
"6221","barbecue",233,31720220,96.45
"6222","batting",233,31720453,96.46
"6223","biscuit",233,31720686,96.46
"6224","civilian",233,31720919,96.46
"6225","coating",233,31721152,96.46
"6226","demise",233,31721385,96.46
"6227","documentation",233,31721618,96.46
"6228","earthly",233,31721851,96.46
"6229","exceptionally",233,31722084,96.46
"6230","exile",233,31722317,96.46
"6231","fuller",233,31722550,96.46
"6232","grad",233,31722783,96.46
"6233","immortal",233,31723016,96.46
"6234","internship",233,31723249,96.46
"6235","pledge",233,31723482,96.46
"6236","risky",233,31723715,96.47
"6237","southwest",233,31723948,96.47
"6238","static",233,31724181,96.47
"6239","streak",233,31724414,96.47
"6240","tossing",233,31724647,96.47
"6241","vogue",233,31724880,96.47
"6242","willingly",233,31725113,96.47
"6243","cautious",232,31725345,96.47
"6244","compilation",232,31725577,96.47
"6245","deceased",232,31725809,96.47
"6246","disgust",232,31726041,96.47
"6247","downhill",232,31726273,96.47
"6248","endlessly",232,31726505,96.47
"6249","freshman",232,31726737,96.47
"6250","liar",232,31726969,96.48
"6251","omega",232,31727201,96.48
"6252","photographic",232,31727433,96.48
"6253","rambling",232,31727665,96.48
"6254","rand",232,31727897,96.48
"6255","unwilling",232,31728129,96.48
"6256","violin",232,31728361,96.48
"6257","waitress",232,31728593,96.48
"6258","weighing",232,31728825,96.48
"6259","apocalypse",231,31729056,96.48
"6260","ba",231,31729287,96.48
"6261","compost",231,31729518,96.48
"6262","eighteen",231,31729749,96.48
"6263","hart",231,31729980,96.48
"6264","integral",231,31730211,96.49
"6265","messenger",231,31730442,96.49
"6266","pioneer",231,31730673,96.49
"6267","railroad",231,31730904,96.49
"6268","rectangle",231,31731135,96.49
"6269","resentment",231,31731366,96.49
"6270","slogan",231,31731597,96.49
"6271","flooding",230,31731827,96.49
"6272","iced",230,31732057,96.49
"6273","impending",230,31732287,96.49
"6274","laboratory",230,31732517,96.49
"6275","negotiate",230,31732747,96.49
"6276","primer",230,31732977,96.49
"6277","quo",230,31733207,96.49
"6278","setup",230,31733437,96.5
"6279","thereof",230,31733667,96.5
"6280","bon",229,31733896,96.5
"6281","calf",229,31734125,96.5
"6282","clad",229,31734354,96.5
"6283","dipping",229,31734583,96.5
"6284","exodus",229,31734812,96.5
"6285","fascination",229,31735041,96.5
"6286","flown",229,31735270,96.5
"6287","glamour",229,31735499,96.5
"6288","inclusive",229,31735728,96.5
"6289","incorrect",229,31735957,96.5
"6290","listener",229,31736186,96.5
"6291","manipulation",229,31736415,96.5
"6292","mattress",229,31736644,96.5
"6293","paranoid",229,31736873,96.51
"6294","picky",229,31737102,96.51
"6295","pottery",229,31737331,96.51
"6296","primitive",229,31737560,96.51
"6297","raven",229,31737789,96.51
"6298","rhyme",229,31738018,96.51
"6299","slid",229,31738247,96.51
"6300","supporter",229,31738476,96.51
"6301","surf",229,31738705,96.51
"6302","tactic",229,31738934,96.51
"6303","tedious",229,31739163,96.51
"6304","arrogance",228,31739391,96.51
"6305","beforehand",228,31739619,96.51
"6306","belle",228,31739847,96.51
"6307","booking",228,31740075,96.52
"6308","buttermilk",228,31740303,96.52
"6309","cardinal",228,31740531,96.52
"6310","curled",228,31740759,96.52
"6311","dripping",228,31740987,96.52
"6312","exquisite",228,31741215,96.52
"6313","jealousy",228,31741443,96.52
"6314","ridden",228,31741671,96.52
"6315","subscription",228,31741899,96.52
"6316","sufficiently",228,31742127,96.52
"6317","womb",228,31742355,96.52
"6318","woven",228,31742583,96.52
"6319","composer",227,31742810,96.52
"6320","consultation",227,31743037,96.52
"6321","cube",227,31743264,96.53
"6322","desperation",227,31743491,96.53
"6323","distribute",227,31743718,96.53
"6324","ditch",227,31743945,96.53
"6325","gritty",227,31744172,96.53
"6326","leftist",227,31744399,96.53
"6327","majesty",227,31744626,96.53
"6328","manipulate",227,31744853,96.53
"6329","outlined",227,31745080,96.53
"6330","prediction",227,31745307,96.53
"6331","adulthood",226,31745533,96.53
"6332","ahem",226,31745759,96.53
"6333","ample",226,31745985,96.53
"6334","angst",226,31746211,96.53
"6335","certification",226,31746437,96.53
"6336","consist",226,31746663,96.54
"6337","disbelief",226,31746889,96.54
"6338","earl",226,31747115,96.54
"6339","elusive",226,31747341,96.54
"6340","hearty",226,31747567,96.54
"6341","milestone",226,31747793,96.54
"6342","prophecy",226,31748019,96.54
"6343","reactor",226,31748245,96.54
"6344","shortage",226,31748471,96.54
"6345","sovereignty",226,31748697,96.54
"6346","thriving",226,31748923,96.54
"6347","tory",226,31749149,96.54
"6348","unfold",226,31749375,96.54
"6349","bleed",225,31749600,96.54
"6350","casually",225,31749825,96.54
"6351","colony",225,31750050,96.55
"6352","competent",225,31750275,96.55
"6353","distract",225,31750500,96.55
"6354","emphasize",225,31750725,96.55
"6355","fairness",225,31750950,96.55
"6356","hesitant",225,31751175,96.55
"6357","mildly",225,31751400,96.55
"6358","newton",225,31751625,96.55
"6359","promotional",225,31751850,96.55
"6360","timber",225,31752075,96.55
"6361","awakening",224,31752299,96.55
"6362","capability",224,31752523,96.55
"6363","complimentary",224,31752747,96.55
"6364","creep",224,31752971,96.55
"6365","crumb",224,31753195,96.56
"6366","decay",224,31753419,96.56
"6367","evidently",224,31753643,96.56
"6368","independently",224,31753867,96.56
"6369","leisure",224,31754091,96.56
"6370","lung",224,31754315,96.56
"6371","mineral",224,31754539,96.56
"6372","optimism",224,31754763,96.56
"6373","persuade",224,31754987,96.56
"6374","psyche",224,31755211,96.56
"6375","quantum",224,31755435,96.56
"6376","quiz",224,31755659,96.56
"6377","raging",224,31755883,96.56
"6378","reservation",224,31756107,96.56
"6379","vent",224,31756331,96.56
"6380","barking",223,31756554,96.57
"6381","calculated",223,31756777,96.57
"6382","clown",223,31757000,96.57
"6383","denim",223,31757223,96.57
"6384","empathy",223,31757446,96.57
"6385","gloss",223,31757669,96.57
"6386","interface",223,31757892,96.57
"6387","mechanics",223,31758115,96.57
"6388","nostalgic",223,31758338,96.57
"6389","oblivious",223,31758561,96.57
"6390","pam",223,31758784,96.57
"6391","skating",223,31759007,96.57
"6392","sneaking",223,31759230,96.57
"6393","sweetheart",223,31759453,96.57
"6394","uncommon",223,31759676,96.57
"6395","waved",223,31759899,96.58
"6396","wherein",223,31760122,96.58
"6397","assortment",222,31760344,96.58
"6398","astonishing",222,31760566,96.58
"6399","borough",222,31760788,96.58
"6400","breeding",222,31761010,96.58
"6401","chess",222,31761232,96.58
"6402","conquer",222,31761454,96.58
"6403","disposal",222,31761676,96.58
"6404","explode",222,31761898,96.58
"6405","nanny",222,31762120,96.58
"6406","nutritional",222,31762342,96.58
"6407","obnoxious",222,31762564,96.58
"6408","overweight",222,31762786,96.58
"6409","premiere",222,31763008,96.59
"6410","priceless",222,31763230,96.59
"6411","skipping",222,31763452,96.59
"6412","spun",222,31763674,96.59
"6413","warner",222,31763896,96.59
"6414","agony",221,31764117,96.59
"6415","bathing",221,31764338,96.59
"6416","coping",221,31764559,96.59
"6417","creed",221,31764780,96.59
"6418","downward",221,31765001,96.59
"6419","greenhouse",221,31765222,96.59
"6420","incapable",221,31765443,96.59
"6421","juvenile",221,31765664,96.59
"6422","montana",221,31765885,96.59
"6423","pondering",221,31766106,96.59
"6424","saddle",221,31766327,96.6
"6425","soften",221,31766548,96.6
"6426","stocks",221,31766769,96.6
"6427","styling",221,31766990,96.6
"6428","twentieth",221,31767211,96.6
"6429","bankruptcy",220,31767431,96.6
"6430","circulation",220,31767651,96.6
"6431","confined",220,31767871,96.6
"6432","corridor",220,31768091,96.6
"6433","cosmic",220,31768311,96.6
"6434","diesel",220,31768531,96.6
"6435","dreadful",220,31768751,96.6
"6436","gladly",220,31768971,96.6
"6437","haze",220,31769191,96.6
"6438","hex",220,31769411,96.6
"6439","ideological",220,31769631,96.61
"6440","municipal",220,31769851,96.61
"6441","portrayal",220,31770071,96.61
"6442","positioned",220,31770291,96.61
"6443","preacher",220,31770511,96.61
"6444","scales",220,31770731,96.61
"6445","snowy",220,31770951,96.61
"6446","voyage",220,31771171,96.61
"6447","bald",219,31771390,96.61
"6448","boredom",219,31771609,96.61
"6449","calmly",219,31771828,96.61
"6450","cam",219,31772047,96.61
"6451","drip",219,31772266,96.61
"6452","earnings",219,31772485,96.61
"6453","fundamentally",219,31772704,96.61
"6454","heartbreaking",219,31772923,96.62
"6455","horizontal",219,31773142,96.62
"6456","litter",219,31773361,96.62
"6457","loading",219,31773580,96.62
"6458","motive",219,31773799,96.62
"6459","operator",219,31774018,96.62
"6460","parental",219,31774237,96.62
"6461","prof",219,31774456,96.62
"6462","swamp",219,31774675,96.62
"6463","trait",219,31774894,96.62
"6464","anticipate",218,31775112,96.62
"6465","bind",218,31775330,96.62
"6466","cal",218,31775548,96.62
"6467","catchy",218,31775766,96.62
"6468","dearly",218,31775984,96.62
"6469","downside",218,31776202,96.63
"6470","forgiving",218,31776420,96.63
"6471","manning",218,31776638,96.63
"6472","obsessive",218,31776856,96.63
"6473","plunge",218,31777074,96.63
"6474","poking",218,31777292,96.63
"6475","prostitution",218,31777510,96.63
"6476","resemble",218,31777728,96.63
"6477","roasting",218,31777946,96.63
"6478","thereafter",218,31778164,96.63
"6479","tortilla",218,31778382,96.63
"6480","viral",218,31778600,96.63
"6481","ava",217,31778817,96.63
"6482","bartender",217,31779034,96.63
"6483","brightly",217,31779251,96.63
"6484","chad",217,31779468,96.64
"6485","demographic",217,31779685,96.64
"6486","effectiveness",217,31779902,96.64
"6487","entirety",217,31780119,96.64
"6488","exhaustion",217,31780336,96.64
"6489","herbal",217,31780553,96.64
"6490","kirk",217,31780770,96.64
"6491","mediocre",217,31780987,96.64
"6492","mortality",217,31781204,96.64
"6493","robbery",217,31781421,96.64
"6494","survivor",217,31781638,96.64
"6495","toby",217,31781855,96.64
"6496","arctic",216,31782071,96.64
"6497","beige",216,31782287,96.64
"6498","census",216,31782503,96.64
"6499","cracker",216,31782719,96.65
"6500","fading",216,31782935,96.65
"6501","flashing",216,31783151,96.65
"6502","gardener",216,31783367,96.65
"6503","goofy",216,31783583,96.65
"6504","hypocrisy",216,31783799,96.65
"6505","knowledgeable",216,31784015,96.65
"6506","offset",216,31784231,96.65
"6507","ram",216,31784447,96.65
"6508","rotation",216,31784663,96.65
"6509","scrutiny",216,31784879,96.65
"6510","sentimental",216,31785095,96.65
"6511","sloppy",216,31785311,96.65
"6512","symphony",216,31785527,96.65
"6513","upwards",216,31785743,96.65
"6514","vest",216,31785959,96.65
"6515","bittersweet",215,31786174,96.66
"6516","cholesterol",215,31786389,96.66
"6517","consult",215,31786604,96.66
"6518","coop",215,31786819,96.66
"6519","dang",215,31787034,96.66
"6520","deception",215,31787249,96.66
"6521","disposable",215,31787464,96.66
"6522","donkey",215,31787679,96.66
"6523","fiery",215,31787894,96.66
"6524","flush",215,31788109,96.66
"6525","freed",215,31788324,96.66
"6526","habitat",215,31788539,96.66
"6527","mediterranean",215,31788754,96.66
"6528","midwife",215,31788969,96.66
"6529","miraculous",215,31789184,96.66
"6530","oppressed",215,31789399,96.67
"6531","salted",215,31789614,96.67
"6532","shaken",215,31789829,96.67
"6533","shotgun",215,31790044,96.67
"6534","thirsty",215,31790259,96.67
"6535","advisor",214,31790473,96.67
"6536","advocacy",214,31790687,96.67
"6537","boulevard",214,31790901,96.67
"6538","copied",214,31791115,96.67
"6539","creeping",214,31791329,96.67
"6540","disastrous",214,31791543,96.67
"6541","gravel",214,31791757,96.67
"6542","isle",214,31791971,96.67
"6543","jolly",214,31792185,96.67
"6544","lick",214,31792399,96.67
"6545","motto",214,31792613,96.68
"6546","nutty",214,31792827,96.68
"6547","propose",214,31793041,96.68
"6548","restless",214,31793255,96.68
"6549","sweating",214,31793469,96.68
"6550","telegraph",214,31793683,96.68
"6551","tow",214,31793897,96.68
"6552","vaccination",214,31794111,96.68
"6553","verge",214,31794325,96.68
"6554","accordance",213,31794538,96.68
"6555","barefoot",213,31794751,96.68
"6556","cinematic",213,31794964,96.68
"6557","dotted",213,31795177,96.68
"6558","flooded",213,31795390,96.68
"6559","garment",213,31795603,96.68
"6560","giddy",213,31795816,96.68
"6561","hedge",213,31796029,96.69
"6562","inadequate",213,31796242,96.69
"6563","inspector",213,31796455,96.69
"6564","intensely",213,31796668,96.69
"6565","intersection",213,31796881,96.69
"6566","joey",213,31797094,96.69
"6567","literacy",213,31797307,96.69
"6568","ninth",213,31797520,96.69
"6569","parenthood",213,31797733,96.69
"6570","plea",213,31797946,96.69
"6571","purity",213,31798159,96.69
"6572","respectful",213,31798372,96.69
"6573","routinely",213,31798585,96.69
"6574","screenplay",213,31798798,96.69
"6575","unite",213,31799011,96.69
"6576","assertion",212,31799223,96.7
"6577","brilliance",212,31799435,96.7
"6578","comedian",212,31799647,96.7
"6579","cranky",212,31799859,96.7
"6580","crushing",212,31800071,96.7
"6581","curb",212,31800283,96.7
"6582","dee",212,31800495,96.7
"6583","inherently",212,31800707,96.7
"6584","kat",212,31800919,96.7
"6585","locker",212,31801131,96.7
"6586","obstacle",212,31801343,96.7
"6587","pardon",212,31801555,96.7
"6588","privately",212,31801767,96.7
"6589","runway",212,31801979,96.7
"6590","scratching",212,31802191,96.7
"6591","sideways",212,31802403,96.7
"6592","slippery",212,31802615,96.71
"6593","stereo",212,31802827,96.71
"6594","taller",212,31803039,96.71
"6595","thigh",212,31803251,96.71
"6596","tuck",212,31803463,96.71
"6597","unconditional",212,31803675,96.71
"6598","wired",212,31803887,96.71
"6599","worm",212,31804099,96.71
"6600","cleanse",211,31804310,96.71
"6601","comprised",211,31804521,96.71
"6602","drought",211,31804732,96.71
"6603","farewell",211,31804943,96.71
"6604","lemonade",211,31805154,96.71
"6605","messing",211,31805365,96.71
"6606","paramount",211,31805576,96.71
"6607","receiver",211,31805787,96.72
"6608","regain",211,31805998,96.72
"6609","sewn",211,31806209,96.72
"6610","sparked",211,31806420,96.72
"6611","allergy",210,31806630,96.72
"6612","assorted",210,31806840,96.72
"6613","brushes",210,31807050,96.72
"6614","cauliflower",210,31807260,96.72
"6615","disguise",210,31807470,96.72
"6616","endurance",210,31807680,96.72
"6617","generator",210,31807890,96.72
"6618","hare",210,31808100,96.72
"6619","heap",210,31808310,96.72
"6620","ornament",210,31808520,96.72
"6621","poignant",210,31808730,96.72
"6622","preliminary",210,31808940,96.72
"6623","ripping",210,31809150,96.73
"6624","sensitivity",210,31809360,96.73
"6625","socialism",210,31809570,96.73
"6626","strand",210,31809780,96.73
"6627","subconscious",210,31809990,96.73
"6628","tenth",210,31810200,96.73
"6629","threshold",210,31810410,96.73
"6630","unpredictable",210,31810620,96.73
"6631","binder",209,31810829,96.73
"6632","browser",209,31811038,96.73
"6633","digest",209,31811247,96.73
"6634","diva",209,31811456,96.73
"6635","edged",209,31811665,96.73
"6636","fascist",209,31811874,96.73
"6637","glimmer",209,31812083,96.73
"6638","landlord",209,31812292,96.73
"6639","likelihood",209,31812501,96.74
"6640","nagging",209,31812710,96.74
"6641","philosopher",209,31812919,96.74
"6642","pickle",209,31813128,96.74
"6643","relaxation",209,31813337,96.74
"6644","thinly",209,31813546,96.74
"6645","thirst",209,31813755,96.74
"6646","travis",209,31813964,96.74
"6647","unusually",209,31814173,96.74
"6648","adhesive",208,31814381,96.74
"6649","branded",208,31814589,96.74
"6650","brethren",208,31814797,96.74
"6651","collectively",208,31815005,96.74
"6652","focal",208,31815213,96.74
"6653","hawk",208,31815421,96.74
"6654","humidity",208,31815629,96.75
"6655","lethal",208,31815837,96.75
"6656","northeast",208,31816045,96.75
"6657","outward",208,31816253,96.75
"6658","pancake",208,31816461,96.75
"6659","punish",208,31816669,96.75
"6660","relevance",208,31816877,96.75
"6661","scallop",208,31817085,96.75
"6662","shutter",208,31817293,96.75
"6663","striving",208,31817501,96.75
"6664","whichever",208,31817709,96.75
"6665","aa",207,31817916,96.75
"6666","aching",207,31818123,96.75
"6667","adjacent",207,31818330,96.75
"6668","applause",207,31818537,96.75
"6669","brutally",207,31818744,96.75
"6670","coffin",207,31818951,96.76
"6671","comparable",207,31819158,96.76
"6672","correction",207,31819365,96.76
"6673","explicit",207,31819572,96.76
"6674","looming",207,31819779,96.76
"6675","noodle",207,31819986,96.76
"6676","portray",207,31820193,96.76
"6677","roar",207,31820400,96.76
"6678","scar",207,31820607,96.76
"6679","sensory",207,31820814,96.76
"6680","supplement",207,31821021,96.76
"6681","beck",206,31821227,96.76
"6682","carriage",206,31821433,96.76
"6683","enduring",206,31821639,96.76
"6684","erotic",206,31821845,96.76
"6685","hyper",206,31822051,96.76
"6686","intuitive",206,31822257,96.77
"6687","leopard",206,31822463,96.77
"6688","os",206,31822669,96.77
"6689","perpetual",206,31822875,96.77
"6690","prestigious",206,31823081,96.77
"6691","proposition",206,31823287,96.77
"6692","realism",206,31823493,96.77
"6693","render",206,31823699,96.77
"6694","riches",206,31823905,96.77
"6695","sarcastic",206,31824111,96.77
"6696","sift",206,31824317,96.77
"6697","cellar",205,31824522,96.77
"6698","chore",205,31824727,96.77
"6699","continuity",205,31824932,96.77
"6700","crumble",205,31825137,96.77
"6701","dale",205,31825342,96.77
"6702","graduating",205,31825547,96.78
"6703","grieving",205,31825752,96.78
"6704","grumpy",205,31825957,96.78
"6705","pierce",205,31826162,96.78
"6706","postal",205,31826367,96.78
"6707","profoundly",205,31826572,96.78
"6708","staggering",205,31826777,96.78
"6709","steering",205,31826982,96.78
"6710","stocking",205,31827187,96.78
"6711","swollen",205,31827392,96.78
"6712","voluntary",205,31827597,96.78
"6713","woody",205,31827802,96.78
"6714","bleak",204,31828006,96.78
"6715","brett",204,31828210,96.78
"6716","civic",204,31828414,96.78
"6717","compliance",204,31828618,96.78
"6718","consecutive",204,31828822,96.79
"6719","contemplate",204,31829026,96.79
"6720","detention",204,31829230,96.79
"6721","filthy",204,31829434,96.79
"6722","glen",204,31829638,96.79
"6723","itching",204,31829842,96.79
"6724","missionary",204,31830046,96.79
"6725","structural",204,31830250,96.79
"6726","stupidity",204,31830454,96.79
"6727","butcher",203,31830657,96.79
"6728","cluster",203,31830860,96.79
"6729","deed",203,31831063,96.79
"6730","eccentric",203,31831266,96.79
"6731","gasoline",203,31831469,96.79
"6732","phenomena",203,31831672,96.79
"6733","portal",203,31831875,96.79
"6734","potent",203,31832078,96.8
"6735","provincial",203,31832281,96.8
"6736","refrain",203,31832484,96.8
"6737","respectable",203,31832687,96.8
"6738","reviewer",203,31832890,96.8
"6739","sodium",203,31833093,96.8
"6740","solitary",203,31833296,96.8
"6741","trader",203,31833499,96.8
"6742","transported",203,31833702,96.8
"6743","underway",203,31833905,96.8
"6744","uphill",203,31834108,96.8
"6745","whistle",203,31834311,96.8
"6746","advertisement",202,31834513,96.8
"6747","applicable",202,31834715,96.8
"6748","blueberry",202,31834917,96.8
"6749","disappearing",202,31835119,96.8
"6750","giggling",202,31835321,96.8
"6751","header",202,31835523,96.81
"6752","massacre",202,31835725,96.81
"6753","parliamentary",202,31835927,96.81
"6754","relentless",202,31836129,96.81
"6755","shampoo",202,31836331,96.81
"6756","singh",202,31836533,96.81
"6757","splendid",202,31836735,96.81
"6758","temp",202,31836937,96.81
"6759","voter",202,31837139,96.81
"6760","acne",201,31837340,96.81
"6761","aqua",201,31837541,96.81
"6762","bloke",201,31837742,96.81
"6763","boundary",201,31837943,96.81
"6764","charitable",201,31838144,96.81
"6765","cringe",201,31838345,96.81
"6766","dime",201,31838546,96.81
"6767","exaggerated",201,31838747,96.82
"6768","hostel",201,31838948,96.82
"6769","imply",201,31839149,96.82
"6770","mellow",201,31839350,96.82
"6771","mourning",201,31839551,96.82
"6772","nurture",201,31839752,96.82
"6773","planner",201,31839953,96.82
"6774","shave",201,31840154,96.82
"6775","squirrel",201,31840355,96.82
"6776","teal",201,31840556,96.82
"6777","undead",201,31840757,96.82
"6778","vastly",201,31840958,96.82
"6779","vengeance",201,31841159,96.82
"6780","villa",201,31841360,96.82
"6781","waterfall",201,31841561,96.82
"6782","adverse",200,31841761,96.82
"6783","allergic",200,31841961,96.83
"6784","autistic",200,31842161,96.83
"6785","explicitly",200,31842361,96.83
"6786","grove",200,31842561,96.83
"6787","hum",200,31842761,96.83
"6788","inequality",200,31842961,96.83
"6789","jewel",200,31843161,96.83
"6790","magnet",200,31843361,96.83
"6791","oyster",200,31843561,96.83
"6792","plight",200,31843761,96.83
"6793","rampant",200,31843961,96.83
"6794","rebuild",200,31844161,96.83
"6795","relish",200,31844361,96.83
"6796","reversed",200,31844561,96.83
"6797","sewed",200,31844761,96.83
"6798","stumbling",200,31844961,96.83
"6799","swan",200,31845161,96.83
"6800","tagged",200,31845361,96.84
"6801","tsunami",200,31845561,96.84
"6802","alumni",199,31845760,96.84
"6803","arose",199,31845959,96.84
"6804","blouse",199,31846158,96.84
"6805","cannon",199,31846357,96.84
"6806","chewy",199,31846556,96.84
"6807","clone",199,31846755,96.84
"6808","corrected",199,31846954,96.84
"6809","cranberry",199,31847153,96.84
"6810","diameter",199,31847352,96.84
"6811","dickens",199,31847551,96.84
"6812","drake",199,31847750,96.84
"6813","ecstatic",199,31847949,96.84
"6814","excel",199,31848148,96.84
"6815","flair",199,31848347,96.84
"6816","greasy",199,31848546,96.85
"6817","hiatus",199,31848745,96.85
"6818","patty",199,31848944,96.85
"6819","persecution",199,31849143,96.85
"6820","sabbath",199,31849342,96.85
"6821","scrub",199,31849541,96.85
"6822","tipped",199,31849740,96.85
"6823","understatement",199,31849939,96.85
"6824","willow",199,31850138,96.85
"6825","xi",199,31850337,96.85
"6826","beginner",198,31850535,96.85
"6827","breathed",198,31850733,96.85
"6828","comeback",198,31850931,96.85
"6829","doily",198,31851129,96.85
"6830","fisher",198,31851327,96.85
"6831","hoppy",198,31851525,96.85
"6832","hose",198,31851723,96.85
"6833","inferior",198,31851921,96.86
"6834","merchandise",198,31852119,96.86
"6835","nationalism",198,31852317,96.86
"6836","occupational",198,31852515,96.86
"6837","ouch",198,31852713,96.86
"6838","psychologist",198,31852911,96.86
"6839","resistant",198,31853109,96.86
"6840","seventy",198,31853307,96.86
"6841","smoky",198,31853505,96.86
"6842","sniff",198,31853703,96.86
"6843","terrain",198,31853901,96.86
"6844","tuition",198,31854099,96.86
"6845","wa",198,31854297,96.86
"6846","wonderland",198,31854495,96.86
"6847","ai",197,31854692,96.86
"6848","buttery",197,31854889,96.86
"6849","continental",197,31855086,96.87
"6850","cuddle",197,31855283,96.87
"6851","debris",197,31855480,96.87
"6852","departed",197,31855677,96.87
"6853","detect",197,31855874,96.87
"6854","disregard",197,31856071,96.87
"6855","facilitate",197,31856268,96.87
"6856","furry",197,31856465,96.87
"6857","geared",197,31856662,96.87
"6858","informal",197,31856859,96.87
"6859","invent",197,31857056,96.87
"6860","manifestation",197,31857253,96.87
"6861","mel",197,31857450,96.87
"6862","mounting",197,31857647,96.87
"6863","opaque",197,31857844,96.87
"6864","passover",197,31858041,96.87
"6865","plausible",197,31858238,96.87
"6866","sergeant",197,31858435,96.88
"6867","solitude",197,31858632,96.88
"6868","southeast",197,31858829,96.88
"6869","spiced",197,31859026,96.88
"6870","stern",197,31859223,96.88
"6871","stride",197,31859420,96.88
"6872","teeny",197,31859617,96.88
"6873","variable",197,31859814,96.88
"6874","yearly",197,31860011,96.88
"6875","bam",196,31860207,96.88
"6876","battered",196,31860403,96.88
"6877","builder",196,31860599,96.88
"6878","chanting",196,31860795,96.88
"6879","commute",196,31860991,96.88
"6880","corpse",196,31861187,96.88
"6881","disk",196,31861383,96.88
"6882","eventual",196,31861579,96.88
"6883","formally",196,31861775,96.89
"6884","gag",196,31861971,96.89
"6885","genetically",196,31862167,96.89
"6886","incomplete",196,31862363,96.89
"6887","knead",196,31862559,96.89
"6888","lulu",196,31862755,96.89
"6889","mailed",196,31862951,96.89
"6890","reese",196,31863147,96.89
"6891","regulatory",196,31863343,96.89
"6892","ruthless",196,31863539,96.89
"6893","ticking",196,31863735,96.89
"6894","authenticity",195,31863930,96.89
"6895","bladder",195,31864125,96.89
"6896","brushing",195,31864320,96.89
"6897","chatter",195,31864515,96.89
"6898","chrome",195,31864710,96.89
"6899","colonel",195,31864905,96.89
"6900","condemn",195,31865100,96.9
"6901","delta",195,31865295,96.9
"6902","earthy",195,31865490,96.9
"6903","economist",195,31865685,96.9
"6904","efficiently",195,31865880,96.9
"6905","elect",195,31866075,96.9
"6906","existent",195,31866270,96.9
"6907","exploit",195,31866465,96.9
"6908","farmhouse",195,31866660,96.9
"6909","generating",195,31866855,96.9
"6910","geography",195,31867050,96.9
"6911","governing",195,31867245,96.9
"6912","hairy",195,31867440,96.9
"6913","hen",195,31867635,96.9
"6914","imminent",195,31867830,96.9
"6915","leak",195,31868025,96.9
"6916","mermaid",195,31868220,96.91
"6917","proclaim",195,31868415,96.91
"6918","scam",195,31868610,96.91
"6919","sunflower",195,31868805,96.91
"6920","timer",195,31869000,96.91
"6921","worldly",195,31869195,96.91
"6922","articulate",194,31869389,96.91
"6923","blatant",194,31869583,96.91
"6924","bun",194,31869777,96.91
"6925","conveniently",194,31869971,96.91
"6926","courageous",194,31870165,96.91
"6927","earnest",194,31870359,96.91
"6928","eerie",194,31870553,96.91
"6929","elegance",194,31870747,96.91
"6930","imaginative",194,31870941,96.91
"6931","librarian",194,31871135,96.91
"6932","limb",194,31871329,96.91
"6933","nana",194,31871523,96.92
"6934","precision",194,31871717,96.92
"6935","reflective",194,31871911,96.92
"6936","shove",194,31872105,96.92
"6937","sprint",194,31872299,96.92
"6938","steer",194,31872493,96.92
"6939","stool",194,31872687,96.92
"6940","await",193,31872880,96.92
"6941","burial",193,31873073,96.92
"6942","comply",193,31873266,96.92
"6943","constructive",193,31873459,96.92
"6944","dissolve",193,31873652,96.92
"6945","harmless",193,31873845,96.92
"6946","homage",193,31874038,96.92
"6947","imprint",193,31874231,96.92
"6948","mousse",193,31874424,96.92
"6949","newt",193,31874617,96.92
"6950","paradigm",193,31874810,96.93
"6951","profitable",193,31875003,96.93
"6952","pseudo",193,31875196,96.93
"6953","recreate",193,31875389,96.93
"6954","reluctantly",193,31875582,96.93
"6955","renew",193,31875775,96.93
"6956","reproduction",193,31875968,96.93
"6957","turmoil",193,31876161,96.93
"6958","uplifting",193,31876354,96.93
"6959","whipping",193,31876547,96.93
"6960","backward",192,31876739,96.93
"6961","billboard",192,31876931,96.93
"6962","blunt",192,31877123,96.93
"6963","critically",192,31877315,96.93
"6964","fulfillment",192,31877507,96.93
"6965","granddaughter",192,31877699,96.93
"6966","ketchup",192,31877891,96.93
"6967","mae",192,31878083,96.93
"6968","piping",192,31878275,96.94
"6969","siren",192,31878467,96.94
"6970","spanking",192,31878659,96.94
"6971","speeding",192,31878851,96.94
"6972","tequila",192,31879043,96.94
"6973","toned",192,31879235,96.94
"6974","underwater",192,31879427,96.94
"6975","anthem",191,31879618,96.94
"6976","charcoal",191,31879809,96.94
"6977","compass",191,31880000,96.94
"6978","drifting",191,31880191,96.94
"6979","insanely",191,31880382,96.94
"6980","morally",191,31880573,96.94
"6981","obliged",191,31880764,96.94
"6982","proximity",191,31880955,96.94
"6983","rash",191,31881146,96.94
"6984","reckless",191,31881337,96.94
"6985","scraping",191,31881528,96.95
"6986","zimbabwe",191,31881719,96.95
"6987","bait",190,31881909,96.95
"6988","basin",190,31882099,96.95
"6989","captive",190,31882289,96.95
"6990","cascade",190,31882479,96.95
"6991","conjunction",190,31882669,96.95
"6992","distinctly",190,31882859,96.95
"6993","drone",190,31883049,96.95
"6994","fussy",190,31883239,96.95
"6995","handbag",190,31883429,96.95
"6996","haunt",190,31883619,96.95
"6997","heed",190,31883809,96.95
"6998","hesitation",190,31883999,96.95
"6999","illustrator",190,31884189,96.95
"7000","measurement",190,31884379,96.95
"7001","microphone",190,31884569,96.95
"7002","restraint",190,31884759,96.96
"7003","rex",190,31884949,96.96
"7004","rookie",190,31885139,96.96
"7005","sis",190,31885329,96.96
"7006","waiter",190,31885519,96.96
"7007","wary",190,31885709,96.96
"7008","youthful",190,31885899,96.96
"7009","bodily",189,31886088,96.96
"7010","burner",189,31886277,96.96
"7011","cement",189,31886466,96.96
"7012","coherent",189,31886655,96.96
"7013","cork",189,31886844,96.96
"7014","dame",189,31887033,96.96
"7015","entrepreneur",189,31887222,96.96
"7016","feminism",189,31887411,96.96
"7017","flaw",189,31887600,96.96
"7018","hacking",189,31887789,96.96
"7019","hassle",189,31887978,96.97
"7020","insignificant",189,31888167,96.97
"7021","jess",189,31888356,96.97
"7022","orchid",189,31888545,96.97
"7023","paddle",189,31888734,96.97
"7024","pastel",189,31888923,96.97
"7025","plotting",189,31889112,96.97
"7026","posing",189,31889301,96.97
"7027","pyramid",189,31889490,96.97
"7028","refund",189,31889679,96.97
"7029","remark",189,31889868,96.97
"7030","repetitive",189,31890057,96.97
"7031","shrink",189,31890246,96.97
"7032","sibling",189,31890435,96.97
"7033","tiffany",189,31890624,96.97
"7034","torah",189,31890813,96.97
"7035","whoa",189,31891002,96.97
"7036","audition",188,31891190,96.97
"7037","calcium",188,31891378,96.98
"7038","cedar",188,31891566,96.98
"7039","decidedly",188,31891754,96.98
"7040","dwelling",188,31891942,96.98
"7041","fullness",188,31892130,96.98
"7042","imperative",188,31892318,96.98
"7043","institutional",188,31892506,96.98
"7044","irresponsible",188,31892694,96.98
"7045","logos",188,31892882,96.98
"7046","marrying",188,31893070,96.98
"7047","migration",188,31893258,96.98
"7048","ninety",188,31893446,96.98
"7049","singular",188,31893634,96.98
"7050","spike",188,31893822,96.98
"7051","stab",188,31894010,96.98
"7052","thickness",188,31894198,96.98
"7053","whats",188,31894386,96.98
"7054","abide",187,31894573,96.99
"7055","acre",187,31894760,96.99
"7056","administrator",187,31894947,96.99
"7057","assurance",187,31895134,96.99
"7058","attire",187,31895321,96.99
"7059","drastic",187,31895508,96.99
"7060","intern",187,31895695,96.99
"7061","jurisdiction",187,31895882,96.99
"7062","lure",187,31896069,96.99
"7063","mastery",187,31896256,96.99
"7064","missile",187,31896443,96.99
"7065","morals",187,31896630,96.99
"7066","novice",187,31896817,96.99
"7067","overdue",187,31897004,96.99
"7068","parcel",187,31897191,96.99
"7069","presently",187,31897378,96.99
"7070","prospective",187,31897565,96.99
"7071","shuttle",187,31897752,96.99
"7072","substantially",187,31897939,97
"7073","theoretical",187,31898126,97
"7074","transforming",187,31898313,97
"7075","trusty",187,31898500,97
"7076","validity",187,31898687,97
"7077","aggression",186,31898873,97
"7078","ammunition",186,31899059,97
"7079","bounty",186,31899245,97
"7080","chord",186,31899431,97
"7081","compatible",186,31899617,97
"7082","dial",186,31899803,97
"7083","distorted",186,31899989,97
"7084","hem",186,31900175,97
"7085","lad",186,31900361,97
"7086","mar",186,31900547,97
"7087","negativity",186,31900733,97
"7088","overlook",186,31900919,97
"7089","po",186,31901105,97
"7090","radioactive",186,31901291,97.01
"7091","repetition",186,31901477,97.01
"7092","roaring",186,31901663,97.01
"7093","scarlet",186,31901849,97.01
"7094","scrapping",186,31902035,97.01
"7095","snaps",186,31902221,97.01
"7096","terrace",186,31902407,97.01
"7097","tote",186,31902593,97.01
"7098","vase",186,31902779,97.01
"7099","weeping",186,31902965,97.01
"7100","whim",186,31903151,97.01
"7101","correctness",185,31903336,97.01
"7102","corresponding",185,31903521,97.01
"7103","puppet",185,31903706,97.01
"7104","supervisor",185,31903891,97.01
"7105","triggered",185,31904076,97.01
"7106","zoom",185,31904261,97.01
"7107","admirable",184,31904445,97.02
"7108","carbonation",184,31904629,97.02
"7109","chronicle",184,31904813,97.02
"7110","collaborative",184,31904997,97.02
"7111","commons",184,31905181,97.02
"7112","conform",184,31905365,97.02
"7113","density",184,31905549,97.02
"7114","frantic",184,31905733,97.02
"7115","insightful",184,31905917,97.02
"7116","landmark",184,31906101,97.02
"7117","luxurious",184,31906285,97.02
"7118","mailbox",184,31906469,97.02
"7119","naval",184,31906653,97.02
"7120","prevalent",184,31906837,97.02
"7121","slate",184,31907021,97.02
"7122","spooky",184,31907205,97.02
"7123","stale",184,31907389,97.02
"7124","tara",184,31907573,97.02
"7125","therapeutic",184,31907757,97.03
"7126","tiring",184,31907941,97.03
"7127","tracked",184,31908125,97.03
"7128","acute",183,31908308,97.03
"7129","awesomeness",183,31908491,97.03
"7130","cargo",183,31908674,97.03
"7131","chuckle",183,31908857,97.03
"7132","deserving",183,31909040,97.03
"7133","drastically",183,31909223,97.03
"7134","eater",183,31909406,97.03
"7135","fleeting",183,31909589,97.03
"7136","globally",183,31909772,97.03
"7137","hazel",183,31909955,97.03
"7138","herald",183,31910138,97.03
"7139","intellect",183,31910321,97.03
"7140","invaluable",183,31910504,97.03
"7141","laziness",183,31910687,97.03
"7142","linear",183,31910870,97.03
"7143","nationalist",183,31911053,97.04
"7144","oath",183,31911236,97.04
"7145","offend",183,31911419,97.04
"7146","pedestrian",183,31911602,97.04
"7147","piper",183,31911785,97.04
"7148","slack",183,31911968,97.04
"7149","teasing",183,31912151,97.04
"7150","accidental",182,31912333,97.04
"7151","analyst",182,31912515,97.04
"7152","arbitrary",182,31912697,97.04
"7153","bending",182,31912879,97.04
"7154","confuse",182,31913061,97.04
"7155","contractor",182,31913243,97.04
"7156","corp",182,31913425,97.04
"7157","diner",182,31913607,97.04
"7158","doodle",182,31913789,97.04
"7159","drown",182,31913971,97.04
"7160","graciously",182,31914153,97.04
"7161","happiest",182,31914335,97.05
"7162","hindsight",182,31914517,97.05
"7163","intuition",182,31914699,97.05
"7164","maiden",182,31914881,97.05
"7165","mascara",182,31915063,97.05
"7166","rake",182,31915245,97.05
"7167","revisit",182,31915427,97.05
"7168","robe",182,31915609,97.05
"7169","sank",182,31915791,97.05
"7170","spectacle",182,31915973,97.05
"7171","stalking",182,31916155,97.05
"7172","sublime",182,31916337,97.05
"7173","thinner",182,31916519,97.05
"7174","unlock",182,31916701,97.05
"7175","condensed",181,31916882,97.05
"7176","counselor",181,31917063,97.05
"7177","crooked",181,31917244,97.05
"7178","despise",181,31917425,97.05
"7179","extensively",181,31917606,97.06
"7180","forefront",181,31917787,97.06
"7181","fudge",181,31917968,97.06
"7182","gripping",181,31918149,97.06
"7183","leash",181,31918330,97.06
"7184","receipt",181,31918511,97.06
"7185","tackling",181,31918692,97.06
"7186","twisting",181,31918873,97.06
"7187","vile",181,31919054,97.06
"7188","watermelon",181,31919235,97.06
"7189","bumper",180,31919415,97.06
"7190","confrontation",180,31919595,97.06
"7191","dedicate",180,31919775,97.06
"7192","dill",180,31919955,97.06
"7193","dome",180,31920135,97.06
"7194","dominance",180,31920315,97.06
"7195","dusk",180,31920495,97.06
"7196","hallmark",180,31920675,97.06
"7197","holiness",180,31920855,97.07
"7198","humiliation",180,31921035,97.07
"7199","inheritance",180,31921215,97.07
"7200","lightweight",180,31921395,97.07
"7201","logged",180,31921575,97.07
"7202","policeman",180,31921755,97.07
"7203","prolific",180,31921935,97.07
"7204","psychiatric",180,31922115,97.07
"7205","snapping",180,31922295,97.07
"7206","tyranny",180,31922475,97.07
"7207","vocalist",180,31922655,97.07
"7208","apricot",179,31922834,97.07
"7209","borrowing",179,31923013,97.07
"7210","definitive",179,31923192,97.07
"7211","doe",179,31923371,97.07
"7212","drilling",179,31923550,97.07
"7213","eighty",179,31923729,97.07
"7214","flavorful",179,31923908,97.07
"7215","kosher",179,31924087,97.07
"7216","mick",179,31924266,97.08
"7217","mobility",179,31924445,97.08
"7218","ordeal",179,31924624,97.08
"7219","password",179,31924803,97.08
"7220","pedal",179,31924982,97.08
"7221","persuaded",179,31925161,97.08
"7222","punching",179,31925340,97.08
"7223","reckon",179,31925519,97.08
"7224","relay",179,31925698,97.08
"7225","reliance",179,31925877,97.08
"7226","surge",179,31926056,97.08
"7227","viewpoint",179,31926235,97.08
"7228","apocalyptic",178,31926413,97.08
"7229","chi",178,31926591,97.08
"7230","clinging",178,31926769,97.08
"7231","complement",178,31926947,97.08
"7232","debating",178,31927125,97.08
"7233","fascism",178,31927303,97.08
"7234","fluff",178,31927481,97.09
"7235","governmental",178,31927659,97.09
"7236","hierarchy",178,31927837,97.09
"7237","hugging",178,31928015,97.09
"7238","idle",178,31928193,97.09
"7239","illegally",178,31928371,97.09
"7240","insecure",178,31928549,97.09
"7241","loft",178,31928727,97.09
"7242","motivate",178,31928905,97.09
"7243","oversight",178,31929083,97.09
"7244","pipeline",178,31929261,97.09
"7245","sherry",178,31929439,97.09
"7246","token",178,31929617,97.09
"7247","unnoticed",178,31929795,97.09
"7248","unrealistic",178,31929973,97.09
"7249","violently",178,31930151,97.09
"7250","wed",178,31930329,97.09
"7251","appalling",177,31930506,97.09
"7252","awoke",177,31930683,97.09
"7253","bash",177,31930860,97.1
"7254","claw",177,31931037,97.1
"7255","constitute",177,31931214,97.1
"7256","courtyard",177,31931391,97.1
"7257","erase",177,31931568,97.1
"7258","evolutionary",177,31931745,97.1
"7259","forbid",177,31931922,97.1
"7260","gambling",177,31932099,97.1
"7261","homer",177,31932276,97.1
"7262","honorable",177,31932453,97.1
"7263","invariably",177,31932630,97.1
"7264","matrix",177,31932807,97.1
"7265","nutmeg",177,31932984,97.1
"7266","occurrence",177,31933161,97.1
"7267","opener",177,31933338,97.1
"7268","peacefully",177,31933515,97.1
"7269","pickup",177,31933692,97.1
"7270","prairie",177,31933869,97.1
"7271","reside",177,31934046,97.11
"7272","unified",177,31934223,97.11
"7273","bedding",176,31934399,97.11
"7274","buzzing",176,31934575,97.11
"7275","coarse",176,31934751,97.11
"7276","cushion",176,31934927,97.11
"7277","dubious",176,31935103,97.11
"7278","elves",176,31935279,97.11
"7279","federation",176,31935455,97.11
"7280","gradual",176,31935631,97.11
"7281","monument",176,31935807,97.11
"7282","patriotic",176,31935983,97.11
"7283","phew",176,31936159,97.11
"7284","pitching",176,31936335,97.11
"7285","postage",176,31936511,97.11
"7286","ra",176,31936687,97.11
"7287","specialized",176,31936863,97.11
"7288","troubling",176,31937039,97.11
"7289","undermine",176,31937215,97.11
"7290","ur",176,31937391,97.12
"7291","urgency",176,31937567,97.12
"7292","wade",176,31937743,97.12
"7293","walt",176,31937919,97.12
"7294","whispering",176,31938095,97.12
"7295","withdrawal",176,31938271,97.12
"7296","bats",175,31938446,97.12
"7297","businessman",175,31938621,97.12
"7298","ceramic",175,31938796,97.12
"7299","cheery",175,31938971,97.12
"7300","cloak",175,31939146,97.12
"7301","deity",175,31939321,97.12
"7302","enlightened",175,31939496,97.12
"7303","everlasting",175,31939671,97.12
"7304","fig",175,31939846,97.12
"7305","flattering",175,31940021,97.12
"7306","fossil",175,31940196,97.12
"7307","grapefruit",175,31940371,97.12
"7308","humanitarian",175,31940546,97.12
"7309","lori",175,31940721,97.13
"7310","noel",175,31940896,97.13
"7311","platter",175,31941071,97.13
"7312","recycle",175,31941246,97.13
"7313","resignation",175,31941421,97.13
"7314","retrieve",175,31941596,97.13
"7315","silky",175,31941771,97.13
"7316","woodland",175,31941946,97.13
"7317","abu",174,31942120,97.13
"7318","arcade",174,31942294,97.13
"7319","canning",174,31942468,97.13
"7320","contentment",174,31942642,97.13
"7321","dinosaur",174,31942816,97.13
"7322","dishwasher",174,31942990,97.13
"7323","fermentation",174,31943164,97.13
"7324","flare",174,31943338,97.13
"7325","gazing",174,31943512,97.13
"7326","gee",174,31943686,97.13
"7327","graph",174,31943860,97.14
"7328","hemp",174,31944034,97.14
"7329","hymn",174,31944208,97.14
"7330","hysterical",174,31944382,97.14
"7331","interfere",174,31944556,97.14
"7332","legged",174,31944730,97.14
"7333","matte",174,31944904,97.14
"7334","moderation",174,31945078,97.14
"7335","paddy",174,31945252,97.14
"7336","phantom",174,31945426,97.14
"7337","quaint",174,31945600,97.14
"7338","ramp",174,31945774,97.14
"7339","regulate",174,31945948,97.14
"7340","researcher",174,31946122,97.14
"7341","scanning",174,31946296,97.14
"7342","sheen",174,31946470,97.14
"7343","superficial",174,31946644,97.14
"7344","tractor",174,31946818,97.14
"7345","waffle",174,31946992,97.14
"7346","authorized",173,31947165,97.15
"7347","buff",173,31947338,97.15
"7348","dietary",173,31947511,97.15
"7349","empowerment",173,31947684,97.15
"7350","intrigue",173,31947857,97.15
"7351","joyous",173,31948030,97.15
"7352","kudos",173,31948203,97.15
"7353","lantern",173,31948376,97.15
"7354","needy",173,31948549,97.15
"7355","orbit",173,31948722,97.15
"7356","peggy",173,31948895,97.15
"7357","perseverance",173,31949068,97.15
"7358","pharmacy",173,31949241,97.15
"7359","stainless",173,31949414,97.15
"7360","tease",173,31949587,97.15
"7361","washer",173,31949760,97.15
"7362","zipper",173,31949933,97.15
"7363","adrenaline",172,31950105,97.15
"7364","apron",172,31950277,97.15
"7365","bookshelf",172,31950449,97.16
"7366","charismatic",172,31950621,97.16
"7367","devote",172,31950793,97.16
"7368","examiner",172,31950965,97.16
"7369","harassment",172,31951137,97.16
"7370","hatch",172,31951309,97.16
"7371","macro",172,31951481,97.16
"7372","manageable",172,31951653,97.16
"7373","muster",172,31951825,97.16
"7374","preceding",172,31951997,97.16
"7375","prohibition",172,31952169,97.16
"7376","rave",172,31952341,97.16
"7377","secrecy",172,31952513,97.16
"7378","shred",172,31952685,97.16
"7379","succession",172,31952857,97.16
"7380","sway",172,31953029,97.16
"7381","theatrical",172,31953201,97.16
"7382","balsamic",171,31953372,97.16
"7383","bikini",171,31953543,97.16
"7384","cola",171,31953714,97.16
"7385","disappearance",171,31953885,97.17
"7386","handicap",171,31954056,97.17
"7387","hideous",171,31954227,97.17
"7388","humid",171,31954398,97.17
"7389","mileage",171,31954569,97.17
"7390","mistress",171,31954740,97.17
"7391","remembrance",171,31954911,97.17
"7392","rouge",171,31955082,97.17
"7393","savory",171,31955253,97.17
"7394","taps",171,31955424,97.17
"7395","tempo",171,31955595,97.17
"7396","tri",171,31955766,97.17
"7397","unbearable",171,31955937,97.17
"7398","utmost",171,31956108,97.17
"7399","vulnerability",171,31956279,97.17
"7400","whereby",171,31956450,97.17
"7401","dictate",170,31956620,97.17
"7402","drinker",170,31956790,97.17
"7403","graceful",170,31956960,97.17
"7404","livestock",170,31957130,97.18
"7405","mosque",170,31957300,97.18
"7406","operational",170,31957470,97.18
"7407","patron",170,31957640,97.18
"7408","rigid",170,31957810,97.18
"7409","roster",170,31957980,97.18
"7410","sleek",170,31958150,97.18
"7411","truffle",170,31958320,97.18
"7412","verify",170,31958490,97.18
"7413","yearning",170,31958660,97.18
"7414","blizzard",169,31958829,97.18
"7415","fasting",169,31958998,97.18
"7416","fennel",169,31959167,97.18
"7417","heartache",169,31959336,97.18
"7418","hefty",169,31959505,97.18
"7419","incarnation",169,31959674,97.18
"7420","mindful",169,31959843,97.18
"7421","minimize",169,31960012,97.18
"7422","overflowing",169,31960181,97.18
"7423","plethora",169,31960350,97.19
"7424","posture",169,31960519,97.19
"7425","reinforce",169,31960688,97.19
"7426","repent",169,31960857,97.19
"7427","repentance",169,31961026,97.19
"7428","reps",169,31961195,97.19
"7429","retrospect",169,31961364,97.19
"7430","sherlock",169,31961533,97.19
"7431","stimulus",169,31961702,97.19
"7432","tenure",169,31961871,97.19
"7433","trivial",169,31962040,97.19
"7434","unbelievably",169,31962209,97.19
"7435","actuality",168,31962377,97.19
"7436","attain",168,31962545,97.19
"7437","battlefield",168,31962713,97.19
"7438","busted",168,31962881,97.19
"7439","chap",168,31963049,97.19
"7440","commodity",168,31963217,97.19
"7441","craziness",168,31963385,97.19
"7442","dungeon",168,31963553,97.19
"7443","embellishment",168,31963721,97.2
"7444","frantically",168,31963889,97.2
"7445","hack",168,31964057,97.2
"7446","handwriting",168,31964225,97.2
"7447","lyrical",168,31964393,97.2
"7448","paranoia",168,31964561,97.2
"7449","rehabilitation",168,31964729,97.2
"7450","seize",168,31964897,97.2
"7451","shutting",168,31965065,97.2
"7452","skinned",168,31965233,97.2
"7453","spirited",168,31965401,97.2
"7454","timed",168,31965569,97.2
"7455","wand",168,31965737,97.2
"7456","abyss",167,31965904,97.2
"7457","alison",167,31966071,97.2
"7458","axe",167,31966238,97.2
"7459","circa",167,31966405,97.2
"7460","cones",167,31966572,97.2
"7461","cosy",167,31966739,97.2
"7462","domination",167,31966906,97.21
"7463","downfall",167,31967073,97.21
"7464","flirting",167,31967240,97.21
"7465","guan",167,31967407,97.21
"7466","heir",167,31967574,97.21
"7467","hue",167,31967741,97.21
"7468","integrate",167,31967908,97.21
"7469","nova",167,31968075,97.21
"7470","obedient",167,31968242,97.21
"7471","operative",167,31968409,97.21
"7472","peg",167,31968576,97.21
"7473","plagued",167,31968743,97.21
"7474","reconciliation",167,31968910,97.21
"7475","relieve",167,31969077,97.21
"7476","remix",167,31969244,97.21
"7477","renovation",167,31969411,97.21
"7478","replica",167,31969578,97.21
"7479","rita",167,31969745,97.21
"7480","rocker",167,31969912,97.21
"7481","sen",167,31970079,97.21
"7482","snuggle",167,31970246,97.22
"7483","subtly",167,31970413,97.22
"7484","trumpet",167,31970580,97.22
"7485","vacant",167,31970747,97.22
"7486","whine",167,31970914,97.22
"7487","wholesale",167,31971081,97.22
"7488","activism",166,31971247,97.22
"7489","advisory",166,31971413,97.22
"7490","attendant",166,31971579,97.22
"7491","bitten",166,31971745,97.22
"7492","blurry",166,31971911,97.22
"7493","boast",166,31972077,97.22
"7494","crock",166,31972243,97.22
"7495","economically",166,31972409,97.22
"7496","eminent",166,31972575,97.22
"7497","fortnight",166,31972741,97.22
"7498","hovering",166,31972907,97.22
"7499","malty",166,31973073,97.22
"7500","manic",166,31973239,97.22
"7501","manor",166,31973405,97.22
"7502","orphan",166,31973571,97.23
"7503","rumor",166,31973737,97.23
"7504","sap",166,31973903,97.23
"7505","shaw",166,31974069,97.23
"7506","societal",166,31974235,97.23
"7507","spoiler",166,31974401,97.23
"7508","trivia",166,31974567,97.23
"7509","troy",166,31974733,97.23
"7510","unnatural",166,31974899,97.23
"7511","volcano",166,31975065,97.23
"7512","voucher",166,31975231,97.23
"7513","webster",166,31975397,97.23
"7514","whirlwind",166,31975563,97.23
"7515","zebra",166,31975729,97.23
"7516","adolescent",165,31975894,97.23
"7517","boycott",165,31976059,97.23
"7518","burke",165,31976224,97.23
"7519","colder",165,31976389,97.23
"7520","daytime",165,31976554,97.23
"7521","forensic",165,31976719,97.23
"7522","hamburger",165,31976884,97.24
"7523","helper",165,31977049,97.24
"7524","inception",165,31977214,97.24
"7525","maze",165,31977379,97.24
"7526","mound",165,31977544,97.24
"7527","outsider",165,31977709,97.24
"7528","periodically",165,31977874,97.24
"7529","predator",165,31978039,97.24
"7530","predecessor",165,31978204,97.24
"7531","psychiatrist",165,31978369,97.24
"7532","reassuring",165,31978534,97.24
"7533","strapped",165,31978699,97.24
"7534","unforgettable",165,31978864,97.24
"7535","withdraw",165,31979029,97.24
"7536","acquaintance",164,31979193,97.24
"7537","anatomy",164,31979357,97.24
"7538","attribute",164,31979521,97.24
"7539","avail",164,31979685,97.24
"7540","bodied",164,31979849,97.24
"7541","cafeteria",164,31980013,97.24
"7542","carpenter",164,31980177,97.25
"7543","chopping",164,31980341,97.25
"7544","clutch",164,31980505,97.25
"7545","cod",164,31980669,97.25
"7546","confidential",164,31980833,97.25
"7547","donor",164,31980997,97.25
"7548","duct",164,31981161,97.25
"7549","emergence",164,31981325,97.25
"7550","envision",164,31981489,97.25
"7551","famously",164,31981653,97.25
"7552","grassy",164,31981817,97.25
"7553","impacted",164,31981981,97.25
"7554","indicator",164,31982145,97.25
"7555","lobster",164,31982309,97.25
"7556","manifesto",164,31982473,97.25
"7557","melon",164,31982637,97.25
"7558","organizer",164,31982801,97.25
"7559","proverbial",164,31982965,97.25
"7560","recreation",164,31983129,97.25
"7561","renewable",164,31983293,97.25
"7562","rust",164,31983457,97.26
"7563","salute",164,31983621,97.26
"7564","sarcasm",164,31983785,97.26
"7565","shaky",164,31983949,97.26
"7566","skiing",164,31984113,97.26
"7567","toothpick",164,31984277,97.26
"7568","uncover",164,31984441,97.26
"7569","untouched",164,31984605,97.26
"7570","upbeat",164,31984769,97.26
"7571","adequately",163,31984932,97.26
"7572","ana",163,31985095,97.26
"7573","blazing",163,31985258,97.26
"7574","cigar",163,31985421,97.26
"7575","cutie",163,31985584,97.26
"7576","delve",163,31985747,97.26
"7577","directive",163,31985910,97.26
"7578","effortlessly",163,31986073,97.26
"7579","frontier",163,31986236,97.26
"7580","goo",163,31986399,97.26
"7581","insect",163,31986562,97.26
"7582","knitted",163,31986725,97.27
"7583","mali",163,31986888,97.27
"7584","marinade",163,31987051,97.27
"7585","overtime",163,31987214,97.27
"7586","pasture",163,31987377,97.27
"7587","protocol",163,31987540,97.27
"7588","scenic",163,31987703,97.27
"7589","statistical",163,31987866,97.27
"7590","suede",163,31988029,97.27
"7591","trout",163,31988192,97.27
"7592","undertaking",163,31988355,97.27
"7593","uniquely",163,31988518,97.27
"7594","voiced",163,31988681,97.27
"7595","ark",162,31988843,97.27
"7596","brent",162,31989005,97.27
"7597","camel",162,31989167,97.27
"7598","catastrophe",162,31989329,97.27
"7599","correspondence",162,31989491,97.27
"7600","costa",162,31989653,97.27
"7601","crate",162,31989815,97.27
"7602","crescent",162,31989977,97.28
"7603","doorstep",162,31990139,97.28
"7604","imposing",162,31990301,97.28
"7605","innate",162,31990463,97.28
"7606","insecurity",162,31990625,97.28
"7607","jasmine",162,31990787,97.28
"7608","manufacture",162,31990949,97.28
"7609","mindless",162,31991111,97.28
"7610","paw",162,31991273,97.28
"7611","platinum",162,31991435,97.28
"7612","poisoning",162,31991597,97.28
"7613","prop",162,31991759,97.28
"7614","recruitment",162,31991921,97.28
"7615","separating",162,31992083,97.28
"7616","skeleton",162,31992245,97.28
"7617","sobbing",162,31992407,97.28
"7618","startling",162,31992569,97.28
"7619","swell",162,31992731,97.28
"7620","sworn",162,31992893,97.28
"7621","tavern",162,31993055,97.28
"7622","unstable",162,31993217,97.29
"7623","urging",162,31993379,97.29
"7624","wiser",162,31993541,97.29
"7625","afternoons",161,31993702,97.29
"7626","aspire",161,31993863,97.29
"7627","atmospheric",161,31994024,97.29
"7628","awfully",161,31994185,97.29
"7629","decadent",161,31994346,97.29
"7630","deserted",161,31994507,97.29
"7631","fleece",161,31994668,97.29
"7632","harp",161,31994829,97.29
"7633","immature",161,31994990,97.29
"7634","masked",161,31995151,97.29
"7635","misunderstood",161,31995312,97.29
"7636","novella",161,31995473,97.29
"7637","petrol",161,31995634,97.29
"7638","plumbing",161,31995795,97.29
"7639","radically",161,31995956,97.29
"7640","recruiting",161,31996117,97.29
"7641","sampler",161,31996278,97.29
"7642","stripe",161,31996439,97.29
"7643","tuning",161,31996600,97.3
"7644","apprentice",160,31996760,97.3
"7645","carving",160,31996920,97.3
"7646","chant",160,31997080,97.3
"7647","crucified",160,31997240,97.3
"7648","embark",160,31997400,97.3
"7649","endorsement",160,31997560,97.3
"7650","expedition",160,31997720,97.3
"7651","familiarity",160,31997880,97.3
"7652","gingerbread",160,31998040,97.3
"7653","grit",160,31998200,97.3
"7654","guinea",160,31998360,97.3
"7655","havoc",160,31998520,97.3
"7656","hypothesis",160,31998680,97.3
"7657","mathematics",160,31998840,97.3
"7658","meringue",160,31999000,97.3
"7659","notified",160,31999160,97.3
"7660","oasis",160,31999320,97.3
"7661","peeling",160,31999480,97.3
"7662","pier",160,31999640,97.3
"7663","pouch",160,31999800,97.31
"7664","stint",160,31999960,97.31
"7665","suburb",160,32000120,97.31
"7666","swore",160,32000280,97.31
"7667","testify",160,32000440,97.31
"7668","undercover",160,32000600,97.31
"7669","wedge",160,32000760,97.31
"7670","wig",160,32000920,97.31
"7671","balm",159,32001079,97.31
"7672","bulletin",159,32001238,97.31
"7673","clumsy",159,32001397,97.31
"7674","condemnation",159,32001556,97.31
"7675","curd",159,32001715,97.31
"7676","diplomatic",159,32001874,97.31
"7677","dodge",159,32002033,97.31
"7678","durable",159,32002192,97.31
"7679","endearing",159,32002351,97.31
"7680","fa",159,32002510,97.31
"7681","fetch",159,32002669,97.31
"7682","glare",159,32002828,97.31
"7683","implication",159,32002987,97.31
"7684","interference",159,32003146,97.32
"7685","inventive",159,32003305,97.32
"7686","meadow",159,32003464,97.32
"7687","modeling",159,32003623,97.32
"7688","monopoly",159,32003782,97.32
"7689","nonfiction",159,32003941,97.32
"7690","onwards",159,32004100,97.32
"7691","pecan",159,32004259,97.32
"7692","pentagon",159,32004418,97.32
"7693","pip",159,32004577,97.32
"7694","ropes",159,32004736,97.32
"7695","shanghai",159,32004895,97.32
"7696","shaved",159,32005054,97.32
"7697","starred",159,32005213,97.32
"7698","tremendously",159,32005372,97.32
"7699","troll",159,32005531,97.32
"7700","underworld",159,32005690,97.32
"7701","uneasy",159,32005849,97.32
"7702","agreeing",158,32006007,97.32
"7703","cheered",158,32006165,97.32
"7704","childish",158,32006323,97.32
"7705","cox",158,32006481,97.33
"7706","detached",158,32006639,97.33
"7707","dew",158,32006797,97.33
"7708","faithfulness",158,32006955,97.33
"7709","fearless",158,32007113,97.33
"7710","hemisphere",158,32007271,97.33
"7711","insider",158,32007429,97.33
"7712","lookout",158,32007587,97.33
"7713","mines",158,32007745,97.33
"7714","moan",158,32007903,97.33
"7715","onward",158,32008061,97.33
"7716","provocative",158,32008219,97.33
"7717","rhubarb",158,32008377,97.33
"7718","richness",158,32008535,97.33
"7719","sparrow",158,32008693,97.33
"7720","stoke",158,32008851,97.33
"7721","tumor",158,32009009,97.33
"7722","undergo",158,32009167,97.33
"7723","unicorn",158,32009325,97.33
"7724","vibration",158,32009483,97.33
"7725","abound",157,32009640,97.34
"7726","alarming",157,32009797,97.34
"7727","assert",157,32009954,97.34
"7728","broadly",157,32010111,97.34
"7729","censorship",157,32010268,97.34
"7730","culturally",157,32010425,97.34
"7731","digestive",157,32010582,97.34
"7732","dreary",157,32010739,97.34
"7733","enlarge",157,32010896,97.34
"7734","flawless",157,32011053,97.34
"7735","gadget",157,32011210,97.34
"7736","gruesome",157,32011367,97.34
"7737","hateful",157,32011524,97.34
"7738","insulting",157,32011681,97.34
"7739","lash",157,32011838,97.34
"7740","misunderstanding",157,32011995,97.34
"7741","posh",157,32012152,97.34
"7742","reap",157,32012309,97.34
"7743","rebirth",157,32012466,97.34
"7744","recurring",157,32012623,97.34
"7745","referendum",157,32012780,97.34
"7746","registry",157,32012937,97.35
"7747","scented",157,32013094,97.35
"7748","separates",157,32013251,97.35
"7749","shrinking",157,32013408,97.35
"7750","sinner",157,32013565,97.35
"7751","smelly",157,32013722,97.35
"7752","snail",157,32013879,97.35
"7753","traps",157,32014036,97.35
"7754","auntie",156,32014192,97.35
"7755","bidding",156,32014348,97.35
"7756","developmental",156,32014504,97.35
"7757","dioxide",156,32014660,97.35
"7758","disguised",156,32014816,97.35
"7759","dizzy",156,32014972,97.35
"7760","horrendous",156,32015128,97.35
"7761","kerry",156,32015284,97.35
"7762","module",156,32015440,97.35
"7763","narration",156,32015596,97.35
"7764","nifty",156,32015752,97.35
"7765","orchard",156,32015908,97.35
"7766","peppermint",156,32016064,97.35
"7767","poe",156,32016220,97.36
"7768","powerless",156,32016376,97.36
"7769","probe",156,32016532,97.36
"7770","quarterback",156,32016688,97.36
"7771","seizure",156,32016844,97.36
"7772","shady",156,32017000,97.36
"7773","shuffle",156,32017156,97.36
"7774","strained",156,32017312,97.36
"7775","sweetie",156,32017468,97.36
"7776","traveler",156,32017624,97.36
"7777","trot",156,32017780,97.36
"7778","tying",156,32017936,97.36
"7779","unreasonable",156,32018092,97.36
"7780","vicinity",156,32018248,97.36
"7781","watered",156,32018404,97.36
"7782","weep",156,32018560,97.36
"7783","accuse",155,32018715,97.36
"7784","baron",155,32018870,97.36
"7785","breakthrough",155,32019025,97.36
"7786","brigade",155,32019180,97.36
"7787","cayenne",155,32019335,97.36
"7788","cliche",155,32019490,97.36
"7789","contracted",155,32019645,97.37
"7790","dal",155,32019800,97.37
"7791","descriptive",155,32019955,97.37
"7792","emptiness",155,32020110,97.37
"7793","framing",155,32020265,97.37
"7794","futile",155,32020420,97.37
"7795","geographical",155,32020575,97.37
"7796","gloomy",155,32020730,97.37
"7797","heath",155,32020885,97.37
"7798","imperfect",155,32021040,97.37
"7799","intermediate",155,32021195,97.37
"7800","mantle",155,32021350,97.37
"7801","mayonnaise",155,32021505,97.37
"7802","memo",155,32021660,97.37
"7803","mortar",155,32021815,97.37
"7804","sensual",155,32021970,97.37
"7805","serenity",155,32022125,97.37
"7806","shin",155,32022280,97.37
"7807","skate",155,32022435,97.37
"7808","uphold",155,32022590,97.37
"7809","accessory",154,32022744,97.37
"7810","blindly",154,32022898,97.38
"7811","blurred",154,32023052,97.38
"7812","brutality",154,32023206,97.38
"7813","bubbling",154,32023360,97.38
"7814","chandler",154,32023514,97.38
"7815","choke",154,32023668,97.38
"7816","conservatism",154,32023822,97.38
"7817","deployment",154,32023976,97.38
"7818","dictator",154,32024130,97.38
"7819","empower",154,32024284,97.38
"7820","eyebrow",154,32024438,97.38
"7821","fertile",154,32024592,97.38
"7822","forwards",154,32024746,97.38
"7823","froze",154,32024900,97.38
"7824","hazy",154,32025054,97.38
"7825","investor",154,32025208,97.38
"7826","marina",154,32025362,97.38
"7827","milky",154,32025516,97.38
"7828","mushy",154,32025670,97.38
"7829","nutshell",154,32025824,97.38
"7830","porcelain",154,32025978,97.38
"7831","sharply",154,32026132,97.39
"7832","stereotype",154,32026286,97.39
"7833","swelling",154,32026440,97.39
"7834","toffee",154,32026594,97.39
"7835","unfolding",154,32026748,97.39
"7836","wondrous",154,32026902,97.39
"7837","align",153,32027055,97.39
"7838","alternating",153,32027208,97.39
"7839","ballad",153,32027361,97.39
"7840","correspondent",153,32027514,97.39
"7841","discard",153,32027667,97.39
"7842","dorm",153,32027820,97.39
"7843","dreamy",153,32027973,97.39
"7844","eternally",153,32028126,97.39
"7845","jockey",153,32028279,97.39
"7846","laurel",153,32028432,97.39
"7847","linger",153,32028585,97.39
"7848","misguided",153,32028738,97.39
"7849","nausea",153,32028891,97.39
"7850","printable",153,32029044,97.39
"7851","pronounce",153,32029197,97.39
"7852","recognizable",153,32029350,97.39
"7853","slew",153,32029503,97.4
"7854","smashing",153,32029656,97.4
"7855","soaring",153,32029809,97.4
"7856","synthetic",153,32029962,97.4
"7857","advancement",152,32030114,97.4
"7858","advertise",152,32030266,97.4
"7859","asthma",152,32030418,97.4
"7860","astounding",152,32030570,97.4
"7861","conditioner",152,32030722,97.4
"7862","depiction",152,32030874,97.4
"7863","disciple",152,32031026,97.4
"7864","disconnected",152,32031178,97.4
"7865","glazed",152,32031330,97.4
"7866","lilac",152,32031482,97.4
"7867","machinery",152,32031634,97.4
"7868","manny",152,32031786,97.4
"7869","militant",152,32031938,97.4
"7870","motif",152,32032090,97.4
"7871","obese",152,32032242,97.4
"7872","openness",152,32032394,97.4
"7873","overload",152,32032546,97.4
"7874","panicked",152,32032698,97.41
"7875","parted",152,32032850,97.41
"7876","pendant",152,32033002,97.41
"7877","peninsula",152,32033154,97.41
"7878","poisonous",152,32033306,97.41
"7879","poly",152,32033458,97.41
"7880","pristine",152,32033610,97.41
"7881","reproduce",152,32033762,97.41
"7882","rewrite",152,32033914,97.41
"7883","rite",152,32034066,97.41
"7884","roam",152,32034218,97.41
"7885","shooter",152,32034370,97.41
"7886","simplistic",152,32034522,97.41
"7887","splitting",152,32034674,97.41
"7888","sunk",152,32034826,97.41
"7889","uneven",152,32034978,97.41
"7890","volt",152,32035130,97.41
"7891","acquainted",151,32035281,97.41
"7892","audit",151,32035432,97.41
"7893","ballroom",151,32035583,97.41
"7894","bonding",151,32035734,97.41
"7895","brake",151,32035885,97.41
"7896","bred",151,32036036,97.42
"7897","contributor",151,32036187,97.42
"7898","creatively",151,32036338,97.42
"7899","depart",151,32036489,97.42
"7900","enforced",151,32036640,97.42
"7901","etiquette",151,32036791,97.42
"7902","experimentation",151,32036942,97.42
"7903","factual",151,32037093,97.42
"7904","flora",151,32037244,97.42
"7905","glove",151,32037395,97.42
"7906","halves",151,32037546,97.42
"7907","irene",151,32037697,97.42
"7908","jeep",151,32037848,97.42
"7909","jumper",151,32037999,97.42
"7910","lousy",151,32038150,97.42
"7911","murderous",151,32038301,97.42
"7912","objection",151,32038452,97.42
"7913","oily",151,32038603,97.42
"7914","oppressive",151,32038754,97.42
"7915","organizational",151,32038905,97.42
"7916","petite",151,32039056,97.42
"7917","resemblance",151,32039207,97.42
"7918","sophomore",151,32039358,97.43
"7919","staircase",151,32039509,97.43
"7920","suicidal",151,32039660,97.43
"7921","swung",151,32039811,97.43
"7922","troop",151,32039962,97.43
"7923","turmeric",151,32040113,97.43
"7924","wilder",151,32040264,97.43
"7925","backstage",150,32040414,97.43
"7926","blinded",150,32040564,97.43
"7927","cameo",150,32040714,97.43
"7928","continuation",150,32040864,97.43
"7929","elimination",150,32041014,97.43
"7930","geographic",150,32041164,97.43
"7931","gorilla",150,32041314,97.43
"7932","jog",150,32041464,97.43
"7933","laced",150,32041614,97.43
"7934","li",150,32041764,97.43
"7935","mechanic",150,32041914,97.43
"7936","millennium",150,32042064,97.43
"7937","multiply",150,32042214,97.43
"7938","napoleon",150,32042364,97.43
"7939","nationally",150,32042514,97.43
"7940","plaster",150,32042664,97.44
"7941","puzzled",150,32042814,97.44
"7942","readership",150,32042964,97.44
"7943","springtime",150,32043114,97.44
"7944","supervision",150,32043264,97.44
"7945","sync",150,32043414,97.44
"7946","tame",150,32043564,97.44
"7947","textbook",150,32043714,97.44
"7948","translucent",150,32043864,97.44
"7949","tweak",150,32044014,97.44
"7950","ubiquitous",150,32044164,97.44
"7951","verb",150,32044314,97.44
"7952","whiff",150,32044464,97.44
"7953","atomic",149,32044613,97.44
"7954","bravery",149,32044762,97.44
"7955","bummed",149,32044911,97.44
"7956","communal",149,32045060,97.44
"7957","contradiction",149,32045209,97.44
"7958","gram",149,32045358,97.44
"7959","graveyard",149,32045507,97.44
"7960","imprisonment",149,32045656,97.44
"7961","indigo",149,32045805,97.45
"7962","logically",149,32045954,97.45
"7963","nineteenth",149,32046103,97.45
"7964","plantation",149,32046252,97.45
"7965","purposely",149,32046401,97.45
"7966","reel",149,32046550,97.45
"7967","replicate",149,32046699,97.45
"7968","retailer",149,32046848,97.45
"7969","scarce",149,32046997,97.45
"7970","seriousness",149,32047146,97.45
"7971","smitten",149,32047295,97.45
"7972","smug",149,32047444,97.45
"7973","sophia",149,32047593,97.45
"7974","tacky",149,32047742,97.45
"7975","te",149,32047891,97.45
"7976","transplant",149,32048040,97.45
"7977","unrest",149,32048189,97.45
"7978","autobiography",148,32048337,97.45
"7979","caravan",148,32048485,97.45
"7980","contradictory",148,32048633,97.45
"7981","controller",148,32048781,97.45
"7982","dangling",148,32048929,97.45
"7983","dolphin",148,32049077,97.45
"7984","dwarf",148,32049225,97.46
"7985","enthusiast",148,32049373,97.46
"7986","humane",148,32049521,97.46
"7987","instinctively",148,32049669,97.46
"7988","inward",148,32049817,97.46
"7989","leverage",148,32049965,97.46
"7990","liable",148,32050113,97.46
"7991","overlap",148,32050261,97.46
"7992","panda",148,32050409,97.46
"7993","pleading",148,32050557,97.46
"7994","pretended",148,32050705,97.46
"7995","sans",148,32050853,97.46
"7996","shameful",148,32051001,97.46
"7997","sneaky",148,32051149,97.46
"7998","spinal",148,32051297,97.46
"7999","teaser",148,32051445,97.46
"8000","therein",148,32051593,97.46
"8001","transferring",148,32051741,97.46
"8002","yale",148,32051889,97.46
"8003","appreciative",147,32052036,97.46
"8004","cabal",147,32052183,97.46
"8005","cunning",147,32052330,97.46
"8006","diminish",147,32052477,97.47
"8007","eclipse",147,32052624,97.47
"8008","favored",147,32052771,97.47
"8009","flyer",147,32052918,97.47
"8010","halo",147,32053065,97.47
"8011","infinitely",147,32053212,97.47
"8012","inherit",147,32053359,97.47
"8013","irresistible",147,32053506,97.47
"8014","lighten",147,32053653,97.47
"8015","manila",147,32053800,97.47
"8016","merge",147,32053947,97.47
"8017","monumental",147,32054094,97.47
"8018","outbreak",147,32054241,97.47
"8019","plaque",147,32054388,97.47
"8020","pup",147,32054535,97.47
"8021","recreational",147,32054682,97.47
"8022","rendering",147,32054829,97.47
"8023","shovel",147,32054976,97.47
"8024","skim",147,32055123,97.47
"8025","sprout",147,32055270,97.47
"8026","trembling",147,32055417,97.47
"8027","tug",147,32055564,97.47
"8028","vowed",147,32055711,97.48
"8029","wacky",147,32055858,97.48
"8030","watery",147,32056005,97.48
"8031","accord",146,32056151,97.48
"8032","bookmark",146,32056297,97.48
"8033","borderline",146,32056443,97.48
"8034","boulder",146,32056589,97.48
"8035","boxer",146,32056735,97.48
"8036","brighten",146,32056881,97.48
"8037","brink",146,32057027,97.48
"8038","budding",146,32057173,97.48
"8039","calves",146,32057319,97.48
"8040","concealed",146,32057465,97.48
"8041","dodgy",146,32057611,97.48
"8042","gilbert",146,32057757,97.48
"8043","hurried",146,32057903,97.48
"8044","inhabit",146,32058049,97.48
"8045","licking",146,32058195,97.48
"8046","lim",146,32058341,97.48
"8047","marital",146,32058487,97.48
"8048","melancholy",146,32058633,97.48
"8049","peep",146,32058779,97.48
"8050","percussion",146,32058925,97.48
"8051","plainly",146,32059071,97.49
"8052","poked",146,32059217,97.49
"8053","prosecutor",146,32059363,97.49
"8054","regiment",146,32059509,97.49
"8055","restrained",146,32059655,97.49
"8056","speculative",146,32059801,97.49
"8057","stalk",146,32059947,97.49
"8058","undergoing",146,32060093,97.49
"8059","whopping",146,32060239,97.49
"8060","wording",146,32060385,97.49
"8061","alleviate",145,32060530,97.49
"8062","amelia",145,32060675,97.49
"8063","brandy",145,32060820,97.49
"8064","discretion",145,32060965,97.49
"8065","dusting",145,32061110,97.49
"8066","foliage",145,32061255,97.49
"8067","freeing",145,32061400,97.49
"8068","gloom",145,32061545,97.49
"8069","godly",145,32061690,97.49
"8070","indulgence",145,32061835,97.49
"8071","infinity",145,32061980,97.49
"8072","junction",145,32062125,97.49
"8073","macaroni",145,32062270,97.5
"8074","melodic",145,32062415,97.5
"8075","nectar",145,32062560,97.5
"8076","nineteen",145,32062705,97.5
"8077","outreach",145,32062850,97.5
"8078","plaid",145,32062995,97.5
"8079","quartet",145,32063140,97.5
"8080","reformed",145,32063285,97.5
"8081","rendition",145,32063430,97.5
"8082","snowflake",145,32063575,97.5
"8083","staged",145,32063720,97.5
"8084","steaming",145,32063865,97.5
"8085","stylist",145,32064010,97.5
"8086","tattered",145,32064155,97.5
"8087","tribunal",145,32064300,97.5
"8088","unveiled",145,32064445,97.5
"8089","yolk",145,32064590,97.5
"8090","absorbing",144,32064734,97.5
"8091","ambiguous",144,32064878,97.5
"8092","banter",144,32065022,97.5
"8093","bomber",144,32065166,97.5
"8094","carefree",144,32065310,97.5
"8095","costing",144,32065454,97.5
"8096","distressing",144,32065598,97.51
"8097","drool",144,32065742,97.51
"8098","dumping",144,32065886,97.51
"8099","entitlement",144,32066030,97.51
"8100","extraordinarily",144,32066174,97.51
"8101","hitch",144,32066318,97.51
"8102","hostility",144,32066462,97.51
"8103","infectious",144,32066606,97.51
"8104","injection",144,32066750,97.51
"8105","interim",144,32066894,97.51
"8106","lowering",144,32067038,97.51
"8107","ludicrous",144,32067182,97.51
"8108","mayhem",144,32067326,97.51
"8109","piggy",144,32067470,97.51
"8110","plaintiff",144,32067614,97.51
"8111","pu",144,32067758,97.51
"8112","rooster",144,32067902,97.51
"8113","rotating",144,32068046,97.51
"8114","similarity",144,32068190,97.51
"8115","sincerity",144,32068334,97.51
"8116","sprung",144,32068478,97.51
"8117","starch",144,32068622,97.51
"8118","stencil",144,32068766,97.51
"8119","swam",144,32068910,97.52
"8120","yacht",144,32069054,97.52
"8121","ant",143,32069197,97.52
"8122","bowed",143,32069340,97.52
"8123","catalyst",143,32069483,97.52
"8124","cite",143,32069626,97.52
"8125","coma",143,32069769,97.52
"8126","congressman",143,32069912,97.52
"8127","cosmos",143,32070055,97.52
"8128","cradle",143,32070198,97.52
"8129","dismay",143,32070341,97.52
"8130","ers",143,32070484,97.52
"8131","flowering",143,32070627,97.52
"8132","footwear",143,32070770,97.52
"8133","ghee",143,32070913,97.52
"8134","housework",143,32071056,97.52
"8135","internally",143,32071199,97.52
"8136","intervene",143,32071342,97.52
"8137","mil",143,32071485,97.52
"8138","moonlight",143,32071628,97.52
"8139","motel",143,32071771,97.52
"8140","parody",143,32071914,97.52
"8141","reread",143,32072057,97.52
"8142","restrict",143,32072200,97.53
"8143","sacrificing",143,32072343,97.53
"8144","sly",143,32072486,97.53
"8145","stereotypical",143,32072629,97.53
"8146","superiority",143,32072772,97.53
"8147","suppress",143,32072915,97.53
"8148","symbolism",143,32073058,97.53
"8149","tempered",143,32073201,97.53
"8150","verbally",143,32073344,97.53
"8151","abruptly",142,32073486,97.53
"8152","ascension",142,32073628,97.53
"8153","booklet",142,32073770,97.53
"8154","bubbly",142,32073912,97.53
"8155","cashier",142,32074054,97.53
"8156","continual",142,32074196,97.53
"8157","curved",142,32074338,97.53
"8158","dangerously",142,32074480,97.53
"8159","dashboard",142,32074622,97.53
"8160","dividing",142,32074764,97.53
"8161","exceed",142,32074906,97.53
"8162","excluding",142,32075048,97.53
"8163","explorer",142,32075190,97.53
"8164","famine",142,32075332,97.53
"8165","favorable",142,32075474,97.54
"8166","flute",142,32075616,97.54
"8167","hormone",142,32075758,97.54
"8168","incoming",142,32075900,97.54
"8169","interviewer",142,32076042,97.54
"8170","judiciary",142,32076184,97.54
"8171","neighboring",142,32076326,97.54
"8172","overwhelmingly",142,32076468,97.54
"8173","pandora",142,32076610,97.54
"8174","pasty",142,32076752,97.54
"8175","pi",142,32076894,97.54
"8176","piercing",142,32077036,97.54
"8177","precedent",142,32077178,97.54
"8178","predominantly",142,32077320,97.54
"8179","presenter",142,32077462,97.54
"8180","recess",142,32077604,97.54
"8181","resign",142,32077746,97.54
"8182","saffron",142,32077888,97.54
"8183","seaside",142,32078030,97.54
"8184","shalt",142,32078172,97.54
"8185","simplified",142,32078314,97.54
"8186","tuxedo",142,32078456,97.54
"8187","unison",142,32078598,97.54
"8188","unpublished",142,32078740,97.55
"8189","unsuccessful",142,32078882,97.55
"8190","vera",142,32079024,97.55
"8191","verification",142,32079166,97.55
"8192","vow",142,32079308,97.55
"8193","waterfront",142,32079450,97.55
"8194","wellness",142,32079592,97.55
"8195","abiding",141,32079733,97.55
"8196","anguish",141,32079874,97.55
"8197","astrology",141,32080015,97.55
"8198","bingo",141,32080156,97.55
"8199","cater",141,32080297,97.55
"8200","cline",141,32080438,97.55
"8201","disgusted",141,32080579,97.55
"8202","harness",141,32080720,97.55
"8203","intellectually",141,32080861,97.55
"8204","locking",141,32081002,97.55
"8205","mandarin",141,32081143,97.55
"8206","maxwell",141,32081284,97.55
"8207","mourn",141,32081425,97.55
"8208","mutually",141,32081566,97.55
"8209","mythical",141,32081707,97.55
"8210","phases",141,32081848,97.55
"8211","plank",141,32081989,97.56
"8212","pneumonia",141,32082130,97.56
"8213","primal",141,32082271,97.56
"8214","puffy",141,32082412,97.56
"8215","redeem",141,32082553,97.56
"8216","roaming",141,32082694,97.56
"8217","rugged",141,32082835,97.56
"8218","spree",141,32082976,97.56
"8219","stricken",141,32083117,97.56
"8220","tackled",141,32083258,97.56
"8221","tending",141,32083399,97.56
"8222","afar",140,32083539,97.56
"8223","aperture",140,32083679,97.56
"8224","boldly",140,32083819,97.56
"8225","borne",140,32083959,97.56
"8226","caller",140,32084099,97.56
"8227","circling",140,32084239,97.56
"8228","competitor",140,32084379,97.56
"8229","crimson",140,32084519,97.56
"8230","enthusiastically",140,32084659,97.56
"8231","faction",140,32084799,97.56
"8232","fiance",140,32084939,97.56
"8233","hanger",140,32085079,97.56
"8234","hurtful",140,32085219,97.56
"8235","madame",140,32085359,97.57
"8236","magician",140,32085499,97.57
"8237","majestic",140,32085639,97.57
"8238","modify",140,32085779,97.57
"8239","nay",140,32085919,97.57
"8240","oversized",140,32086059,97.57
"8241","payroll",140,32086199,97.57
"8242","plugged",140,32086339,97.57
"8243","recruit",140,32086479,97.57
"8244","rig",140,32086619,97.57
"8245","shone",140,32086759,97.57
"8246","simplify",140,32086899,97.57
"8247","smoker",140,32087039,97.57
"8248","squeezing",140,32087179,97.57
"8249","supplier",140,32087319,97.57
"8250","thorn",140,32087459,97.57
"8251","universally",140,32087599,97.57
"8252","aura",139,32087738,97.57
"8253","authoritarian",139,32087877,97.57
"8254","barren",139,32088016,97.57
"8255","behavioral",139,32088155,97.57
"8256","bitty",139,32088294,97.57
"8257","bummer",139,32088433,97.57
"8258","carve",139,32088572,97.58
"8259","chubby",139,32088711,97.58
"8260","coco",139,32088850,97.58
"8261","contagious",139,32088989,97.58
"8262","crossroads",139,32089128,97.58
"8263","faithfully",139,32089267,97.58
"8264","hamlet",139,32089406,97.58
"8265","inconvenience",139,32089545,97.58
"8266","liberalism",139,32089684,97.58
"8267","moose",139,32089823,97.58
"8268","para",139,32089962,97.58
"8269","practitioner",139,32090101,97.58
"8270","quart",139,32090240,97.58
"8271","ranged",139,32090379,97.58
"8272","stalker",139,32090518,97.58
"8273","surplus",139,32090657,97.58
"8274","truthfully",139,32090796,97.58
"8275","unheard",139,32090935,97.58
"8276","unreal",139,32091074,97.58
"8277","unused",139,32091213,97.58
"8278","yorker",139,32091352,97.58
"8279","abnormal",138,32091490,97.58
"8280","abode",138,32091628,97.58
"8281","anew",138,32091766,97.58
"8282","archbishop",138,32091904,97.59
"8283","brag",138,32092042,97.59
"8284","bypass",138,32092180,97.59
"8285","camper",138,32092318,97.59
"8286","correlation",138,32092456,97.59
"8287","cuff",138,32092594,97.59
"8288","diligently",138,32092732,97.59
"8289","fixture",138,32092870,97.59
"8290","helm",138,32093008,97.59
"8291","hut",138,32093146,97.59
"8292","immersion",138,32093284,97.59
"8293","limp",138,32093422,97.59
"8294","ly",138,32093560,97.59
"8295","manifested",138,32093698,97.59
"8296","misty",138,32093836,97.59
"8297","nash",138,32093974,97.59
"8298","oblivion",138,32094112,97.59
"8299","passionately",138,32094250,97.59
"8300","pooh",138,32094388,97.59
"8301","probability",138,32094526,97.59
"8302","puddle",138,32094664,97.59
"8303","quarterly",138,32094802,97.59
"8304","rivalry",138,32094940,97.59
"8305","salesman",138,32095078,97.59
"8306","scrappy",138,32095216,97.6
"8307","shaving",138,32095354,97.6
"8308","spaced",138,32095492,97.6
"8309","spear",138,32095630,97.6
"8310","spotting",138,32095768,97.6
"8311","towering",138,32095906,97.6
"8312","unsettling",138,32096044,97.6
"8313","adoptive",137,32096181,97.6
"8314","arthritis",137,32096318,97.6
"8315","benny",137,32096455,97.6
"8316","conflicting",137,32096592,97.6
"8317","discharge",137,32096729,97.6
"8318","enrolled",137,32096866,97.6
"8319","ethic",137,32097003,97.6
"8320","impromptu",137,32097140,97.6
"8321","lite",137,32097277,97.6
"8322","mona",137,32097414,97.6
"8323","ons",137,32097551,97.6
"8324","poised",137,32097688,97.6
"8325","prevail",137,32097825,97.6
"8326","realistically",137,32097962,97.6
"8327","reclaim",137,32098099,97.6
"8328","safari",137,32098236,97.6
"8329","serene",137,32098373,97.6
"8330","si",137,32098510,97.61
"8331","sugary",137,32098647,97.61
"8332","suppressed",137,32098784,97.61
"8333","surgical",137,32098921,97.61
"8334","tactical",137,32099058,97.61
"8335","tar",137,32099195,97.61
"8336","terminology",137,32099332,97.61
"8337","tolerant",137,32099469,97.61
"8338","tripod",137,32099606,97.61
"8339","unnamed",137,32099743,97.61
"8340","allan",136,32099879,97.61
"8341","bookshop",136,32100015,97.61
"8342","civilized",136,32100151,97.61
"8343","col",136,32100287,97.61
"8344","devoid",136,32100423,97.61
"8345","dis",136,32100559,97.61
"8346","dom",136,32100695,97.61
"8347","dow",136,32100831,97.61
"8348","exposition",136,32100967,97.61
"8349","flatten",136,32101103,97.61
"8350","investigator",136,32101239,97.61
"8351","karate",136,32101375,97.61
"8352","monstrous",136,32101511,97.61
"8353","pertaining",136,32101647,97.61
"8354","pertinent",136,32101783,97.62
"8355","rigorous",136,32101919,97.62
"8356","sailor",136,32102055,97.62
"8357","sleepless",136,32102191,97.62
"8358","solace",136,32102327,97.62
"8359","systematic",136,32102463,97.62
"8360","tinted",136,32102599,97.62
"8361","voodoo",136,32102735,97.62
"8362","airy",135,32102870,97.62
"8363","anarchy",135,32103005,97.62
"8364","apparatus",135,32103140,97.62
"8365","aromatic",135,32103275,97.62
"8366","automobile",135,32103410,97.62
"8367","bagel",135,32103545,97.62
"8368","bankrupt",135,32103680,97.62
"8369","catastrophic",135,32103815,97.62
"8370","columnist",135,32103950,97.62
"8371","comedic",135,32104085,97.62
"8372","comprehension",135,32104220,97.62
"8373","dexter",135,32104355,97.62
"8374","discern",135,32104490,97.62
"8375","disdain",135,32104625,97.62
"8376","disposition",135,32104760,97.62
"8377","emerald",135,32104895,97.62
"8378","epidemic",135,32105030,97.63
"8379","fiercely",135,32105165,97.63
"8380","fondness",135,32105300,97.63
"8381","hypothetical",135,32105435,97.63
"8382","inaugural",135,32105570,97.63
"8383","lieutenant",135,32105705,97.63
"8384","lighthouse",135,32105840,97.63
"8385","loathe",135,32105975,97.63
"8386","logistics",135,32106110,97.63
"8387","lyric",135,32106245,97.63
"8388","meditate",135,32106380,97.63
"8389","metabolism",135,32106515,97.63
"8390","muscular",135,32106650,97.63
"8391","nightly",135,32106785,97.63
"8392","paprika",135,32106920,97.63
"8393","petal",135,32107055,97.63
"8394","pharmaceutical",135,32107190,97.63
"8395","pierced",135,32107325,97.63
"8396","prestige",135,32107460,97.63
"8397","rebellious",135,32107595,97.63
"8398","reverence",135,32107730,97.63
"8399","satire",135,32107865,97.63
"8400","selective",135,32108000,97.63
"8401","siege",135,32108135,97.63
"8402","squat",135,32108270,97.63
"8403","stunt",135,32108405,97.64
"8404","summertime",135,32108540,97.64
"8405","symptom",135,32108675,97.64
"8406","tho",135,32108810,97.64
"8407","tilt",135,32108945,97.64
"8408","typewriter",135,32109080,97.64
"8409","vividly",135,32109215,97.64
"8410","warp",135,32109350,97.64
"8411","weathered",135,32109485,97.64
"8412","withdrawn",135,32109620,97.64
"8413","backlash",134,32109754,97.64
"8414","beau",134,32109888,97.64
"8415","bipolar",134,32110022,97.64
"8416","blaze",134,32110156,97.64
"8417","broom",134,32110290,97.64
"8418","bulky",134,32110424,97.64
"8419","cor",134,32110558,97.64
"8420","cosmetic",134,32110692,97.64
"8421","crane",134,32110826,97.64
"8422","crept",134,32110960,97.64
"8423","dandy",134,32111094,97.64
"8424","dap",134,32111228,97.64
"8425","dell",134,32111362,97.64
"8426","drinkable",134,32111496,97.64
"8427","fathom",134,32111630,97.65
"8428","geneva",134,32111764,97.65
"8429","granite",134,32111898,97.65
"8430","hardship",134,32112032,97.65
"8431","hive",134,32112166,97.65
"8432","inky",134,32112300,97.65
"8433","jubilee",134,32112434,97.65
"8434","maximize",134,32112568,97.65
"8435","molasses",134,32112702,97.65
"8436","pigeon",134,32112836,97.65
"8437","presume",134,32112970,97.65
"8438","rib",134,32113104,97.65
"8439","roadside",134,32113238,97.65
"8440","scramble",134,32113372,97.65
"8441","shack",134,32113506,97.65
"8442","shaft",134,32113640,97.65
"8443","smoother",134,32113774,97.65
"8444","subdued",134,32113908,97.65
"8445","suspend",134,32114042,97.65
"8446","tailor",134,32114176,97.65
"8447","thingy",134,32114310,97.65
"8448","vomiting",134,32114444,97.65
"8449","yuck",134,32114578,97.65
"8450","admiring",133,32114711,97.65
"8451","apparel",133,32114844,97.65
"8452","applaud",133,32114977,97.66
"8453","barney",133,32115110,97.66
"8454","bathtub",133,32115243,97.66
"8455","beacon",133,32115376,97.66
"8456","bureaucracy",133,32115509,97.66
"8457","calculate",133,32115642,97.66
"8458","cleverly",133,32115775,97.66
"8459","criticize",133,32115908,97.66
"8460","dependence",133,32116041,97.66
"8461","disgrace",133,32116174,97.66
"8462","drafting",133,32116307,97.66
"8463","flashlight",133,32116440,97.66
"8464","flung",133,32116573,97.66
"8465","freshness",133,32116706,97.66
"8466","ghetto",133,32116839,97.66
"8467","govern",133,32116972,97.66
"8468","inadvertently",133,32117105,97.66
"8469","indifference",133,32117238,97.66
"8470","ineffective",133,32117371,97.66
"8471","luscious",133,32117504,97.66
"8472","manly",133,32117637,97.66
"8473","millionaire",133,32117770,97.66
"8474","nodding",133,32117903,97.66
"8475","nominee",133,32118036,97.66
"8476","peachy",133,32118169,97.67
"8477","pesky",133,32118302,97.67
"8478","procrastination",133,32118435,97.67
"8479","prostate",133,32118568,97.67
"8480","rebuilt",133,32118701,97.67
"8481","rut",133,32118834,97.67
"8482","savor",133,32118967,97.67
"8483","scarred",133,32119100,97.67
"8484","silicone",133,32119233,97.67
"8485","soggy",133,32119366,97.67
"8486","successor",133,32119499,97.67
"8487","tate",133,32119632,97.67
"8488","thyroid",133,32119765,97.67
"8489","torment",133,32119898,97.67
"8490","transitional",133,32120031,97.67
"8491","voluntarily",133,32120164,97.67
"8492","withstand",133,32120297,97.67
"8493","alec",132,32120429,97.67
"8494","allied",132,32120561,97.67
"8495","assign",132,32120693,97.67
"8496","auditorium",132,32120825,97.67
"8497","cellular",132,32120957,97.67
"8498","clint",132,32121089,97.67
"8499","compensate",132,32121221,97.67
"8500","exempt",132,32121353,97.67
"8501","flop",132,32121485,97.68
"8502","giver",132,32121617,97.68
"8503","grinding",132,32121749,97.68
"8504","initiate",132,32121881,97.68
"8505","ka",132,32122013,97.68
"8506","margarine",132,32122145,97.68
"8507","napping",132,32122277,97.68
"8508","negatively",132,32122409,97.68
"8509","notwithstanding",132,32122541,97.68
"8510","nutritious",132,32122673,97.68
"8511","oriental",132,32122805,97.68
"8512","outdated",132,32122937,97.68
"8513","probable",132,32123069,97.68
"8514","projection",132,32123201,97.68
"8515","regulated",132,32123333,97.68
"8516","riff",132,32123465,97.68
"8517","shadowy",132,32123597,97.68
"8518","slender",132,32123729,97.68
"8519","snuck",132,32123861,97.68
"8520","storyteller",132,32123993,97.68
"8521","unsuspecting",132,32124125,97.68
"8522","winged",132,32124257,97.68
"8523","wrought",132,32124389,97.68
"8524","accountant",131,32124520,97.68
"8525","affirmation",131,32124651,97.68
"8526","aquarium",131,32124782,97.69
"8527","axis",131,32124913,97.69
"8528","blatantly",131,32125044,97.69
"8529","caption",131,32125175,97.69
"8530","chancellor",131,32125306,97.69
"8531","collision",131,32125437,97.69
"8532","detour",131,32125568,97.69
"8533","devotional",131,32125699,97.69
"8534","disconnect",131,32125830,97.69
"8535","doesnt",131,32125961,97.69
"8536","evoke",131,32126092,97.69
"8537","expressive",131,32126223,97.69
"8538","footing",131,32126354,97.69
"8539","forge",131,32126485,97.69
"8540","formidable",131,32126616,97.69
"8541","freeman",131,32126747,97.69
"8542","functionality",131,32126878,97.69
"8543","gale",131,32127009,97.69
"8544","glaring",131,32127140,97.69
"8545","glucose",131,32127271,97.69
"8546","hog",131,32127402,97.69
"8547","imitation",131,32127533,97.69
"8548","infertility",131,32127664,97.69
"8549","interstate",131,32127795,97.69
"8550","invade",131,32127926,97.69
"8551","margarita",131,32128057,97.7
"8552","rationale",131,32128188,97.7
"8553","redo",131,32128319,97.7
"8554","redundant",131,32128450,97.7
"8555","resisting",131,32128581,97.7
"8556","retiring",131,32128712,97.7
"8557","sanding",131,32128843,97.7
"8558","screened",131,32128974,97.7
"8559","sensibility",131,32129105,97.7
"8560","solemn",131,32129236,97.7
"8561","sponged",131,32129367,97.7
"8562","spur",131,32129498,97.7
"8563","strife",131,32129629,97.7
"8564","tutor",131,32129760,97.7
"8565","unleashed",131,32129891,97.7
"8566","ut",131,32130022,97.7
"8567","visibility",131,32130153,97.7
"8568","abandonment",130,32130283,97.7
"8569","appetizer",130,32130413,97.7
"8570","blasted",130,32130543,97.7
"8571","bloated",130,32130673,97.7
"8572","coca",130,32130803,97.7
"8573","cove",130,32130933,97.7
"8574","devour",130,32131063,97.7
"8575","disclosed",130,32131193,97.7
"8576","duplicate",130,32131323,97.71
"8577","extinction",130,32131453,97.71
"8578","fiddle",130,32131583,97.71
"8579","floss",130,32131713,97.71
"8580","forged",130,32131843,97.71
"8581","fortress",130,32131973,97.71
"8582","frugal",130,32132103,97.71
"8583","hoop",130,32132233,97.71
"8584","kaiser",130,32132363,97.71
"8585","mischief",130,32132493,97.71
"8586","offender",130,32132623,97.71
"8587","puck",130,32132753,97.71
"8588","revise",130,32132883,97.71
"8589","scatter",130,32133013,97.71
"8590","sling",130,32133143,97.71
"8591","stormy",130,32133273,97.71
"8592","tun",130,32133403,97.71
"8593","unpaid",130,32133533,97.71
"8594","victorious",130,32133663,97.71
"8595","waltz",130,32133793,97.71
"8596","aboriginal",129,32133922,97.71
"8597","adviser",129,32134051,97.71
"8598","bedside",129,32134180,97.71
"8599","brace",129,32134309,97.71
"8600","captivating",129,32134438,97.71
"8601","chandelier",129,32134567,97.71
"8602","choking",129,32134696,97.72
"8603","cornstarch",129,32134825,97.72
"8604","deliciously",129,32134954,97.72
"8605","diffuser",129,32135083,97.72
"8606","endorsed",129,32135212,97.72
"8607","gamble",129,32135341,97.72
"8608","handbook",129,32135470,97.72
"8609","heartbreak",129,32135599,97.72
"8610","inconsistent",129,32135728,97.72
"8611","indulgent",129,32135857,97.72
"8612","lacrosse",129,32135986,97.72
"8613","leisurely",129,32136115,97.72
"8614","licensee",129,32136244,97.72
"8615","linguistic",129,32136373,97.72
"8616","malaria",129,32136502,97.72
"8617","miraculously",129,32136631,97.72
"8618","onset",129,32136760,97.72
"8619","pervasive",129,32136889,97.72
"8620","pilgrim",129,32137018,97.72
"8621","pollen",129,32137147,97.72
"8622","reservoir",129,32137276,97.72
"8623","sensational",129,32137405,97.72
"8624","sensor",129,32137534,97.72
"8625","trooper",129,32137663,97.72
"8626","trustworthy",129,32137792,97.72
"8627","walsh",129,32137921,97.73
"8628","werewolf",129,32138050,97.73
"8629","woohoo",129,32138179,97.73
"8630","adversity",128,32138307,97.73
"8631","awkwardly",128,32138435,97.73
"8632","barred",128,32138563,97.73
"8633","binge",128,32138691,97.73
"8634","cache",128,32138819,97.73
"8635","commonplace",128,32138947,97.73
"8636","cramped",128,32139075,97.73
"8637","disruption",128,32139203,97.73
"8638","flannel",128,32139331,97.73
"8639","fodder",128,32139459,97.73
"8640","garland",128,32139587,97.73
"8641","garner",128,32139715,97.73
"8642","genealogy",128,32139843,97.73
"8643","ghostly",128,32139971,97.73
"8644","horrid",128,32140099,97.73
"8645","howling",128,32140227,97.73
"8646","indirect",128,32140355,97.73
"8647","jingle",128,32140483,97.73
"8648","ledge",128,32140611,97.73
"8649","lore",128,32140739,97.73
"8650","menace",128,32140867,97.73
"8651","menacing",128,32140995,97.73
"8652","polling",128,32141123,97.73
"8653","pragmatic",128,32141251,97.74
"8654","revered",128,32141379,97.74
"8655","runny",128,32141507,97.74
"8656","scooter",128,32141635,97.74
"8657","seminary",128,32141763,97.74
"8658","speculate",128,32141891,97.74
"8659","sped",128,32142019,97.74
"8660","tread",128,32142147,97.74
"8661","viking",128,32142275,97.74
"8662","warranty",128,32142403,97.74
"8663","wholesome",128,32142531,97.74
"8664","aggressively",127,32142658,97.74
"8665","ar",127,32142785,97.74
"8666","awaken",127,32142912,97.74
"8667","blissful",127,32143039,97.74
"8668","celestial",127,32143166,97.74
"8669","craze",127,32143293,97.74
"8670","dine",127,32143420,97.74
"8671","divinity",127,32143547,97.74
"8672","dixie",127,32143674,97.74
"8673","glorify",127,32143801,97.74
"8674","hacked",127,32143928,97.74
"8675","heater",127,32144055,97.74
"8676","imaginable",127,32144182,97.74
"8677","immoral",127,32144309,97.74
"8678","imperialism",127,32144436,97.74
"8679","inaccurate",127,32144563,97.75
"8680","interrupt",127,32144690,97.75
"8681","madly",127,32144817,97.75
"8682","massively",127,32144944,97.75
"8683","mop",127,32145071,97.75
"8684","mould",127,32145198,97.75
"8685","murky",127,32145325,97.75
"8686","pediatrician",127,32145452,97.75
"8687","perish",127,32145579,97.75
"8688","piped",127,32145706,97.75
"8689","ransom",127,32145833,97.75
"8690","reconstruction",127,32145960,97.75
"8691","refresh",127,32146087,97.75
"8692","resonate",127,32146214,97.75
"8693","rotate",127,32146341,97.75
"8694","selfishness",127,32146468,97.75
"8695","shaker",127,32146595,97.75
"8696","starvation",127,32146722,97.75
"8697","stigma",127,32146849,97.75
"8698","tammy",127,32146976,97.75
"8699","tanner",127,32147103,97.75
"8700","thatcher",127,32147230,97.75
"8701","thermometer",127,32147357,97.75
"8702","unconventional",127,32147484,97.75
"8703","undo",127,32147611,97.75
"8704","uprising",127,32147738,97.75
"8705","alternatively",126,32147864,97.76
"8706","annoy",126,32147990,97.76
"8707","captivity",126,32148116,97.76
"8708","cassie",126,32148242,97.76
"8709","clergy",126,32148368,97.76
"8710","comb",126,32148494,97.76
"8711","commercially",126,32148620,97.76
"8712","conceive",126,32148746,97.76
"8713","disagreed",126,32148872,97.76
"8714","disagreement",126,32148998,97.76
"8715","exceedingly",126,32149124,97.76
"8716","exhilarating",126,32149250,97.76
"8717","friction",126,32149376,97.76
"8718","grazing",126,32149502,97.76
"8719","legit",126,32149628,97.76
"8720","metric",126,32149754,97.76
"8721","murdering",126,32149880,97.76
"8722","outgoing",126,32150006,97.76
"8723","parole",126,32150132,97.76
"8724","pinky",126,32150258,97.76
"8725","prominently",126,32150384,97.76
"8726","rot",126,32150510,97.76
"8727","snapshot",126,32150636,97.76
"8728","speedy",126,32150762,97.76
"8729","tantrum",126,32150888,97.76
"8730","violate",126,32151014,97.76
"8731","wonky",126,32151140,97.77
"8732","wretched",126,32151266,97.77
"8733","adobe",125,32151391,97.77
"8734","airing",125,32151516,97.77
"8735","bangkok",125,32151641,97.77
"8736","banquet",125,32151766,97.77
"8737","brock",125,32151891,97.77
"8738","citadel",125,32152016,97.77
"8739","colon",125,32152141,97.77
"8740","concoction",125,32152266,97.77
"8741","consolation",125,32152391,97.77
"8742","counterpart",125,32152516,97.77
"8743","crank",125,32152641,97.77
"8744","deluxe",125,32152766,97.77
"8745","detrimental",125,32152891,97.77
"8746","discontent",125,32153016,97.77
"8747","easel",125,32153141,97.77
"8748","esoteric",125,32153266,97.77
"8749","exaggeration",125,32153391,97.77
"8750","exclusion",125,32153516,97.77
"8751","filler",125,32153641,97.77
"8752","giraffe",125,32153766,97.77
"8753","incumbent",125,32153891,97.77
"8754","indifferent",125,32154016,97.77
"8755","indirectly",125,32154141,97.77
"8756","insistence",125,32154266,97.77
"8757","intolerance",125,32154391,97.78
"8758","jenna",125,32154516,97.78
"8759","jug",125,32154641,97.78
"8760","lavish",125,32154766,97.78
"8761","lodged",125,32154891,97.78
"8762","miserably",125,32155016,97.78
"8763","mystic",125,32155141,97.78
"8764","neal",125,32155266,97.78
"8765","obligatory",125,32155391,97.78
"8766","palmer",125,32155516,97.78
"8767","patriot",125,32155641,97.78
"8768","perpetually",125,32155766,97.78
"8769","plentiful",125,32155891,97.78
"8770","probation",125,32156016,97.78
"8771","racially",125,32156141,97.78
"8772","reset",125,32156266,97.78
"8773","respecting",125,32156391,97.78
"8774","retaining",125,32156516,97.78
"8775","revive",125,32156641,97.78
"8776","shrine",125,32156766,97.78
"8777","stimulate",125,32156891,97.78
"8778","subsidiary",125,32157016,97.78
"8779","tangy",125,32157141,97.78
"8780","textile",125,32157266,97.78
"8781","tickle",125,32157391,97.78
"8782","tumble",125,32157516,97.78
"8783","turnout",125,32157641,97.79
"8784","vault",125,32157766,97.79
"8785","vinaigrette",125,32157891,97.79
"8786","woe",125,32158016,97.79
"8787","wrestle",125,32158141,97.79
"8788","artichoke",124,32158265,97.79
"8789","attest",124,32158389,97.79
"8790","aviation",124,32158513,97.79
"8791","bleach",124,32158637,97.79
"8792","buffy",124,32158761,97.79
"8793","caliber",124,32158885,97.79
"8794","chester",124,32159009,97.79
"8795","clap",124,32159133,97.79
"8796","conquest",124,32159257,97.79
"8797","contention",124,32159381,97.79
"8798","defy",124,32159505,97.79
"8799","disadvantage",124,32159629,97.79
"8800","disciplinary",124,32159753,97.79
"8801","dissent",124,32159877,97.79
"8802","elliptical",124,32160001,97.79
"8803","endorse",124,32160125,97.79
"8804","faucet",124,32160249,97.79
"8805","foreigner",124,32160373,97.79
"8806","futuristic",124,32160497,97.79
"8807","ge",124,32160621,97.79
"8808","goodman",124,32160745,97.79
"8809","guise",124,32160869,97.79
"8810","hush",124,32160993,97.8
"8811","injunction",124,32161117,97.8
"8812","insomnia",124,32161241,97.8
"8813","kite",124,32161365,97.8
"8814","loathing",124,32161489,97.8
"8815","lofty",124,32161613,97.8
"8816","mend",124,32161737,97.8
"8817","navigation",124,32161861,97.8
"8818","persuasive",124,32161985,97.8
"8819","piecing",124,32162109,97.8
"8820","ping",124,32162233,97.8
"8821","pretentious",124,32162357,97.8
"8822","radiant",124,32162481,97.8
"8823","raisin",124,32162605,97.8
"8824","rectangular",124,32162729,97.8
"8825","regeneration",124,32162853,97.8
"8826","rethink",124,32162977,97.8
"8827","richly",124,32163101,97.8
"8828","ridicule",124,32163225,97.8
"8829","shattering",124,32163349,97.8
"8830","slog",124,32163473,97.8
"8831","strung",124,32163597,97.8
"8832","summed",124,32163721,97.8
"8833","susceptible",124,32163845,97.8
"8834","thermal",124,32163969,97.8
"8835","thinker",124,32164093,97.8
"8836","torso",124,32164217,97.81
"8837","tract",124,32164341,97.81
"8838","vineyard",124,32164465,97.81
"8839","visualize",124,32164589,97.81
"8840","wort",124,32164713,97.81
"8841","autograph",123,32164836,97.81
"8842","aw",123,32164959,97.81
"8843","backbone",123,32165082,97.81
"8844","blindness",123,32165205,97.81
"8845","careless",123,32165328,97.81
"8846","conjure",123,32165451,97.81
"8847","delusion",123,32165574,97.81
"8848","dolly",123,32165697,97.81
"8849","dos",123,32165820,97.81
"8850","draught",123,32165943,97.81
"8851","dynasty",123,32166066,97.81
"8852","ecstasy",123,32166189,97.81
"8853","felony",123,32166312,97.81
"8854","finer",123,32166435,97.81
"8855","foe",123,32166558,97.81
"8856","irritation",123,32166681,97.81
"8857","itchy",123,32166804,97.81
"8858","mare",123,32166927,97.81
"8859","marsh",123,32167050,97.81
"8860","mimic",123,32167173,97.81
"8861","pinning",123,32167296,97.81
"8862","quasi",123,32167419,97.81
"8863","rabid",123,32167542,97.82
"8864","riddle",123,32167665,97.82
"8865","rightfully",123,32167788,97.82
"8866","salvage",123,32167911,97.82
"8867","satisfactory",123,32168034,97.82
"8868","scholarly",123,32168157,97.82
"8869","sepia",123,32168280,97.82
"8870","souvenir",123,32168403,97.82
"8871","straighten",123,32168526,97.82
"8872","temporal",123,32168649,97.82
"8873","uncanny",123,32168772,97.82
"8874","aback",122,32168894,97.82
"8875","abigail",122,32169016,97.82
"8876","airtight",122,32169138,97.82
"8877","alignment",122,32169260,97.82
"8878","allure",122,32169382,97.82
"8879","anonymity",122,32169504,97.82
"8880","arches",122,32169626,97.82
"8881","banker",122,32169748,97.82
"8882","benign",122,32169870,97.82
"8883","blockbuster",122,32169992,97.82
"8884","bowie",122,32170114,97.82
"8885","canoe",122,32170236,97.82
"8886","caster",122,32170358,97.82
"8887","champ",122,32170480,97.82
"8888","chapman",122,32170602,97.82
"8889","compose",122,32170724,97.82
"8890","compulsive",122,32170846,97.83
"8891","contingent",122,32170968,97.83
"8892","contraction",122,32171090,97.83
"8893","coward",122,32171212,97.83
"8894","descend",122,32171334,97.83
"8895","detection",122,32171456,97.83
"8896","disrespectful",122,32171578,97.83
"8897","distillery",122,32171700,97.83
"8898","encyclopedia",122,32171822,97.83
"8899","grading",122,32171944,97.83
"8900","iceberg",122,32172066,97.83
"8901","idiotic",122,32172188,97.83
"8902","legitimacy",122,32172310,97.83
"8903","lieu",122,32172432,97.83
"8904","lucrative",122,32172554,97.83
"8905","miscarriage",122,32172676,97.83
"8906","mosaic",122,32172798,97.83
"8907","occult",122,32172920,97.83
"8908","ominous",122,32173042,97.83
"8909","piracy",122,32173164,97.83
"8910","procession",122,32173286,97.83
"8911","rory",122,32173408,97.83
"8912","sammy",122,32173530,97.83
"8913","scrambling",122,32173652,97.83
"8914","sensed",122,32173774,97.83
"8915","shrug",122,32173896,97.83
"8916","sleeper",122,32174018,97.83
"8917","snatched",122,32174140,97.84
"8918","spitting",122,32174262,97.84
"8919","standpoint",122,32174384,97.84
"8920","superintendent",122,32174506,97.84
"8921","taxation",122,32174628,97.84
"8922","tribune",122,32174750,97.84
"8923","undone",122,32174872,97.84
"8924","vantage",122,32174994,97.84
"8925","aerial",121,32175115,97.84
"8926","aesthetics",121,32175236,97.84
"8927","attentive",121,32175357,97.84
"8928","billed",121,32175478,97.84
"8929","breathless",121,32175599,97.84
"8930","culprit",121,32175720,97.84
"8931","dashing",121,32175841,97.84
"8932","dismal",121,32175962,97.84
"8933","enticing",121,32176083,97.84
"8934","fe",121,32176204,97.84
"8935","fondant",121,32176325,97.84
"8936","footprint",121,32176446,97.84
"8937","fruitful",121,32176567,97.84
"8938","han",121,32176688,97.84
"8939","heaps",121,32176809,97.84
"8940","inflammation",121,32176930,97.84
"8941","insulin",121,32177051,97.84
"8942","mathematical",121,32177172,97.84
"8943","meta",121,32177293,97.84
"8944","morale",121,32177414,97.85
"8945","penchant",121,32177535,97.85
"8946","peril",121,32177656,97.85
"8947","piling",121,32177777,97.85
"8948","preheated",121,32177898,97.85
"8949","recite",121,32178019,97.85
"8950","serpent",121,32178140,97.85
"8951","shea",121,32178261,97.85
"8952","someplace",121,32178382,97.85
"8953","sponsorship",121,32178503,97.85
"8954","stink",121,32178624,97.85
"8955","sur",121,32178745,97.85
"8956","tapestry",121,32178866,97.85
"8957","tickled",121,32178987,97.85
"8958","tracing",121,32179108,97.85
"8959","variant",121,32179229,97.85
"8960","yang",121,32179350,97.85
"8961","amazement",120,32179470,97.85
"8962","analytical",120,32179590,97.85
"8963","anxiously",120,32179710,97.85
"8964","autonomy",120,32179830,97.85
"8965","brook",120,32179950,97.85
"8966","catholicism",120,32180070,97.85
"8967","classification",120,32180190,97.85
"8968","commemorate",120,32180310,97.85
"8969","conductor",120,32180430,97.85
"8970","confidently",120,32180550,97.85
"8971","cuddly",120,32180670,97.86
"8972","demos",120,32180790,97.86
"8973","directory",120,32180910,97.86
"8974","dishonest",120,32181030,97.86
"8975","dub",120,32181150,97.86
"8976","elemental",120,32181270,97.86
"8977","err",120,32181390,97.86
"8978","fanatic",120,32181510,97.86
"8979","feral",120,32181630,97.86
"8980","frosted",120,32181750,97.86
"8981","glam",120,32181870,97.86
"8982","guarded",120,32181990,97.86
"8983","hardback",120,32182110,97.86
"8984","heinous",120,32182230,97.86
"8985","humming",120,32182350,97.86
"8986","intimately",120,32182470,97.86
"8987","legion",120,32182590,97.86
"8988","lizard",120,32182710,97.86
"8989","musically",120,32182830,97.86
"8990","persist",120,32182950,97.86
"8991","pike",120,32183070,97.86
"8992","pomegranate",120,32183190,97.86
"8993","preface",120,32183310,97.86
"8994","puffed",120,32183430,97.86
"8995","reindeer",120,32183550,97.86
"8996","smear",120,32183670,97.86
"8997","spacious",120,32183790,97.86
"8998","swoon",120,32183910,97.86
"8999","tack",120,32184030,97.87
"9000","tae",120,32184150,97.87
"9001","thicken",120,32184270,97.87
"9002","trump",120,32184390,97.87
"9003","upsetting",120,32184510,97.87
"9004","aha",119,32184629,97.87
"9005","ambient",119,32184748,97.87
"9006","atheism",119,32184867,97.87
"9007","ay",119,32184986,97.87
"9008","betting",119,32185105,97.87
"9009","bottling",119,32185224,97.87
"9010","chakra",119,32185343,97.87
"9011","chang",119,32185462,97.87
"9012","chimney",119,32185581,97.87
"9013","clover",119,32185700,97.87
"9014","demonic",119,32185819,97.87
"9015","diligence",119,32185938,97.87
"9016","divergent",119,32186057,97.87
"9017","dreamt",119,32186176,97.87
"9018","exclude",119,32186295,97.87
"9019","existential",119,32186414,97.87
"9020","extremist",119,32186533,97.87
"9021","fateful",119,32186652,97.87
"9022","finland",119,32186771,97.87
"9023","flooring",119,32186890,97.87
"9024","furiously",119,32187009,97.87
"9025","galore",119,32187128,97.87
"9026","getaway",119,32187247,97.88
"9027","gymnastics",119,32187366,97.88
"9028","headband",119,32187485,97.88
"9029","homestead",119,32187604,97.88
"9030","howl",119,32187723,97.88
"9031","influx",119,32187842,97.88
"9032","inventor",119,32187961,97.88
"9033","lunar",119,32188080,97.88
"9034","oft",119,32188199,97.88
"9035","ornate",119,32188318,97.88
"9036","penang",119,32188437,97.88
"9037","praising",119,32188556,97.88
"9038","prudent",119,32188675,97.88
"9039","receptionist",119,32188794,97.88
"9040","resilience",119,32188913,97.88
"9041","scone",119,32189032,97.88
"9042","slash",119,32189151,97.88
"9043","sparse",119,32189270,97.88
"9044","strengthening",119,32189389,97.88
"9045","tenderness",119,32189508,97.88
"9046","undertake",119,32189627,97.88
"9047","unthinkable",119,32189746,97.88
"9048","vaudeville",119,32189865,97.88
"9049","wept",119,32189984,97.88
"9050","adoration",118,32190102,97.88
"9051","angelic",118,32190220,97.88
"9052","archival",118,32190338,97.88
"9053","bard",118,32190456,97.88
"9054","bumpy",118,32190574,97.89
"9055","butternut",118,32190692,97.89
"9056","ce",118,32190810,97.89
"9057","coincidentally",118,32190928,97.89
"9058","compulsory",118,32191046,97.89
"9059","courtroom",118,32191164,97.89
"9060","crusty",118,32191282,97.89
"9061","cultivate",118,32191400,97.89
"9062","customary",118,32191518,97.89
"9063","defender",118,32191636,97.89
"9064","demeanor",118,32191754,97.89
"9065","ecology",118,32191872,97.89
"9066","fin",118,32191990,97.89
"9067","flagship",118,32192108,97.89
"9068","franco",118,32192226,97.89
"9069","freeway",118,32192344,97.89
"9070","genetics",118,32192462,97.89
"9071","haste",118,32192580,97.89
"9072","illuminated",118,32192698,97.89
"9073","introductory",118,32192816,97.89
"9074","limitless",118,32192934,97.89
"9075","lovable",118,32193052,97.89
"9076","matted",118,32193170,97.89
"9077","monastery",118,32193288,97.89
"9078","mulch",118,32193406,97.89
"9079","obscene",118,32193524,97.89
"9080","pianist",118,32193642,97.89
"9081","reconcile",118,32193760,97.89
"9082","repertoire",118,32193878,97.9
"9083","rotting",118,32193996,97.9
"9084","sailed",118,32194114,97.9
"9085","sawyer",118,32194232,97.9
"9086","shameless",118,32194350,97.9
"9087","stamina",118,32194468,97.9
"9088","strewn",118,32194586,97.9
"9089","swarm",118,32194704,97.9
"9090","traveller",118,32194822,97.9
"9091","unconditionally",118,32194940,97.9
"9092","understandably",118,32195058,97.9
"9093","unlucky",118,32195176,97.9
"9094","wrapper",118,32195294,97.9
"9095","acidity",117,32195411,97.9
"9096","advancing",117,32195528,97.9
"9097","advert",117,32195645,97.9
"9098","alarmed",117,32195762,97.9
"9099","astronomy",117,32195879,97.9
"9100","bach",117,32195996,97.9
"9101","breaker",117,32196113,97.9
"9102","brim",117,32196230,97.9
"9103","cohesive",117,32196347,97.9
"9104","courthouse",117,32196464,97.9
"9105","crease",117,32196581,97.9
"9106","crowned",117,32196698,97.9
"9107","cultivated",117,32196815,97.9
"9108","discourage",117,32196932,97.9
"9109","doubtful",117,32197049,97.9
"9110","edgy",117,32197166,97.91
"9111","foray",117,32197283,97.91
"9112","hustle",117,32197400,97.91
"9113","infect",117,32197517,97.91
"9114","interval",117,32197634,97.91
"9115","iso",117,32197751,97.91
"9116","issuing",117,32197868,97.91
"9117","jeopardy",117,32197985,97.91
"9118","karaoke",117,32198102,97.91
"9119","lacy",117,32198219,97.91
"9120","logging",117,32198336,97.91
"9121","loo",117,32198453,97.91
"9122","moaning",117,32198570,97.91
"9123","overthrow",117,32198687,97.91
"9124","parable",117,32198804,97.91
"9125","paradox",117,32198921,97.91
"9126","pathway",117,32199038,97.91
"9127","pew",117,32199155,97.91
"9128","recorder",117,32199272,97.91
"9129","successive",117,32199389,97.91
"9130","teller",117,32199506,97.91
"9131","thine",117,32199623,97.91
"9132","timid",117,32199740,97.91
"9133","accelerated",116,32199856,97.91
"9134","affiliate",116,32199972,97.91
"9135","blanc",116,32200088,97.91
"9136","brightness",116,32200204,97.91
"9137","cajun",116,32200320,97.91
"9138","churning",116,32200436,97.92
"9139","comparative",116,32200552,97.92
"9140","contestant",116,32200668,97.92
"9141","dab",116,32200784,97.92
"9142","dandelion",116,32200900,97.92
"9143","dashed",116,32201016,97.92
"9144","digs",116,32201132,97.92
"9145","discerning",116,32201248,97.92
"9146","entice",116,32201364,97.92
"9147","environmentally",116,32201480,97.92
"9148","fencing",116,32201596,97.92
"9149","gracefully",116,32201712,97.92
"9150","groovy",116,32201828,97.92
"9151","incompetent",116,32201944,97.92
"9152","inning",116,32202060,97.92
"9153","marinated",116,32202176,97.92
"9154","merciful",116,32202292,97.92
"9155","nan",116,32202408,97.92
"9156","offshore",116,32202524,97.92
"9157","originality",116,32202640,97.92
"9158","owing",116,32202756,97.92
"9159","pact",116,32202872,97.92
"9160","perfected",116,32202988,97.92
"9161","perverse",116,32203104,97.92
"9162","pivotal",116,32203220,97.92
"9163","planetary",116,32203336,97.92
"9164","protector",116,32203452,97.92
"9165","prototype",116,32203568,97.92
"9166","relentlessly",116,32203684,97.93
"9167","rowan",116,32203800,97.93
"9168","shawl",116,32203916,97.93
"9169","shortening",116,32204032,97.93
"9170","slows",116,32204148,97.93
"9171","slumber",116,32204264,97.93
"9172","softball",116,32204380,97.93
"9173","stillness",116,32204496,97.93
"9174","strategically",116,32204612,97.93
"9175","synonymous",116,32204728,97.93
"9176","tenant",116,32204844,97.93
"9177","tragically",116,32204960,97.93
"9178","trance",116,32205076,97.93
"9179","trench",116,32205192,97.93
"9180","unavoidable",116,32205308,97.93
"9181","undeniable",116,32205424,97.93
"9182","undergraduate",116,32205540,97.93
"9183","unofficial",116,32205656,97.93
"9184","usable",116,32205772,97.93
"9185","vigorously",116,32205888,97.93
"9186","wrongly",116,32206004,97.93
"9187","bing",115,32206119,97.93
"9188","breakup",115,32206234,97.93
"9189","compression",115,32206349,97.93
"9190","constable",115,32206464,97.93
"9191","converting",115,32206579,97.93
"9192","decisive",115,32206694,97.93
"9193","dementia",115,32206809,97.93
"9194","disturb",115,32206924,97.93
"9195","diversion",115,32207039,97.94
"9196","electorate",115,32207154,97.94
"9197","faulty",115,32207269,97.94
"9198","flaming",115,32207384,97.94
"9199","joss",115,32207499,97.94
"9200","labyrinth",115,32207614,97.94
"9201","mag",115,32207729,97.94
"9202","malicious",115,32207844,97.94
"9203","methodology",115,32207959,97.94
"9204","noteworthy",115,32208074,97.94
"9205","optimal",115,32208189,97.94
"9206","outset",115,32208304,97.94
"9207","partisan",115,32208419,97.94
"9208","purge",115,32208534,97.94
"9209","repay",115,32208649,97.94
"9210","severity",115,32208764,97.94
"9211","shaman",115,32208879,97.94
"9212","snag",115,32208994,97.94
"9213","ticked",115,32209109,97.94
"9214","trimester",115,32209224,97.94
"9215","trimming",115,32209339,97.94
"9216","tucker",115,32209454,97.94
"9217","unpopular",115,32209569,97.94
"9218","utopia",115,32209684,97.94
"9219","yelp",115,32209799,97.94
"9220","annoyance",114,32209913,97.94
"9221","apathy",114,32210027,97.94
"9222","bigotry",114,32210141,97.94
"9223","bribe",114,32210255,97.95
"9224","brulee",114,32210369,97.95
"9225","burlesque",114,32210483,97.95
"9226","converse",114,32210597,97.95
"9227","copious",114,32210711,97.95
"9228","curiously",114,32210825,97.95
"9229","deb",114,32210939,97.95
"9230","delegation",114,32211053,97.95
"9231","disclose",114,32211167,97.95
"9232","disrupt",114,32211281,97.95
"9233","ea",114,32211395,97.95
"9234","educator",114,32211509,97.95
"9235","elle",114,32211623,97.95
"9236","extravagant",114,32211737,97.95
"9237","hygiene",114,32211851,97.95
"9238","inland",114,32211965,97.95
"9239","limitation",114,32212079,97.95
"9240","mute",114,32212193,97.95
"9241","notification",114,32212307,97.95
"9242","notoriously",114,32212421,97.95
"9243","oracle",114,32212535,97.95
"9244","partake",114,32212649,97.95
"9245","placenta",114,32212763,97.95
"9246","podge",114,32212877,97.95
"9247","proxy",114,32212991,97.95
"9248","repeal",114,32213105,97.95
"9249","restriction",114,32213219,97.95
"9250","sabotage",114,32213333,97.95
"9251","scraped",114,32213447,97.95
"9252","slapping",114,32213561,97.96
"9253","snippet",114,32213675,97.96
"9254","sow",114,32213789,97.96
"9255","stature",114,32213903,97.96
"9256","stoned",114,32214017,97.96
"9257","trolley",114,32214131,97.96
"9258","truthful",114,32214245,97.96
"9259","twain",114,32214359,97.96
"9260","tyre",114,32214473,97.96
"9261","wickedness",114,32214587,97.96
"9262","affirmative",113,32214700,97.96
"9263","benedict",113,32214813,97.96
"9264","birch",113,32214926,97.96
"9265","brat",113,32215039,97.96
"9266","brittle",113,32215152,97.96
"9267","browning",113,32215265,97.96
"9268","buckle",113,32215378,97.96
"9269","charisma",113,32215491,97.96
"9270","concord",113,32215604,97.96
"9271","contender",113,32215717,97.96
"9272","duly",113,32215830,97.96
"9273","enigmatic",113,32215943,97.96
"9274","facade",113,32216056,97.96
"9275","folklore",113,32216169,97.96
"9276","freaky",113,32216282,97.96
"9277","gangster",113,32216395,97.96
"9278","halved",113,32216508,97.96
"9279","housewife",113,32216621,97.96
"9280","investigative",113,32216734,97.96
"9281","irregular",113,32216847,97.97
"9282","juggling",113,32216960,97.97
"9283","kin",113,32217073,97.97
"9284","levy",113,32217186,97.97
"9285","metaphysical",113,32217299,97.97
"9286","misfortune",113,32217412,97.97
"9287","mole",113,32217525,97.97
"9288","muck",113,32217638,97.97
"9289","natal",113,32217751,97.97
"9290","nugget",113,32217864,97.97
"9291","pillar",113,32217977,97.97
"9292","pinpoint",113,32218090,97.97
"9293","plasma",113,32218203,97.97
"9294","plump",113,32218316,97.97
"9295","referee",113,32218429,97.97
"9296","referral",113,32218542,97.97
"9297","requisite",113,32218655,97.97
"9298","slicing",113,32218768,97.97
"9299","soho",113,32218881,97.97
"9300","sprinkling",113,32218994,97.97
"9301","tanning",113,32219107,97.97
"9302","turf",113,32219220,97.97
"9303","unprepared",113,32219333,97.97
"9304","volleyball",113,32219446,97.97
"9305","whisking",113,32219559,97.97
"9306","adolescence",112,32219671,97.97
"9307","adultery",112,32219783,97.97
"9308","aftertaste",112,32219895,97.97
"9309","alcoholism",112,32220007,97.97
"9310","aptly",112,32220119,97.98
"9311","banning",112,32220231,97.98
"9312","beet",112,32220343,97.98
"9313","canopy",112,32220455,97.98
"9314","commandment",112,32220567,97.98
"9315","contamination",112,32220679,97.98
"9316","curling",112,32220791,97.98
"9317","dictatorship",112,32220903,97.98
"9318","distortion",112,32221015,97.98
"9319","explanatory",112,32221127,97.98
"9320","fetal",112,32221239,97.98
"9321","fling",112,32221351,97.98
"9322","folly",112,32221463,97.98
"9323","gratification",112,32221575,97.98
"9324","hotter",112,32221687,97.98
"9325","inclination",112,32221799,97.98
"9326","indefinitely",112,32221911,97.98
"9327","initiation",112,32222023,97.98
"9328","kiwi",112,32222135,97.98
"9329","loosen",112,32222247,97.98
"9330","mirrored",112,32222359,97.98
"9331","monarchy",112,32222471,97.98
"9332","onslaught",112,32222583,97.98
"9333","orderly",112,32222695,97.98
"9334","pageant",112,32222807,97.98
"9335","paternal",112,32222919,97.98
"9336","perfectionist",112,32223031,97.98
"9337","proceeding",112,32223143,97.98
"9338","prosper",112,32223255,97.98
"9339","prosperous",112,32223367,97.98
"9340","psych",112,32223479,97.99
"9341","ranting",112,32223591,97.99
"9342","recollection",112,32223703,97.99
"9343","resilient",112,32223815,97.99
"9344","responsive",112,32223927,97.99
"9345","reuse",112,32224039,97.99
"9346","seductive",112,32224151,97.99
"9347","semblance",112,32224263,97.99
"9348","shading",112,32224375,97.99
"9349","shudder",112,32224487,97.99
"9350","soar",112,32224599,97.99
"9351","solstice",112,32224711,97.99
"9352","staging",112,32224823,97.99
"9353","tenor",112,32224935,97.99
"9354","trailing",112,32225047,97.99
"9355","tripping",112,32225159,97.99
"9356","wan",112,32225271,97.99
"9357","aide",111,32225382,97.99
"9358","altitude",111,32225493,97.99
"9359","amaze",111,32225604,97.99
"9360","auburn",111,32225715,97.99
"9361","blinking",111,32225826,97.99
"9362","bracket",111,32225937,97.99
"9363","breadth",111,32226048,97.99
"9364","burrito",111,32226159,97.99
"9365","childbirth",111,32226270,97.99
"9366","commenter",111,32226381,97.99
"9367","concluding",111,32226492,97.99
"9368","descending",111,32226603,97.99
"9369","devastation",111,32226714,98
"9370","diarrhea",111,32226825,98
"9371","diploma",111,32226936,98
"9372","disobedience",111,32227047,98
"9373","domino",111,32227158,98
"9374","drumming",111,32227269,98
"9375","elaine",111,32227380,98
"9376","expenditure",111,32227491,98
"9377","fiasco",111,32227602,98
"9378","frail",111,32227713,98
"9379","grieve",111,32227824,98
"9380","hazard",111,32227935,98
"9381","heartbroken",111,32228046,98
"9382","heirloom",111,32228157,98
"9383","holistic",111,32228268,98
"9384","horde",111,32228379,98
"9385","hysteria",111,32228490,98
"9386","kung",111,32228601,98
"9387","lance",111,32228712,98
"9388","lawful",111,32228823,98
"9389","leafy",111,32228934,98
"9390","likeness",111,32229045,98
"9391","muttering",111,32229156,98
"9392","mysteriously",111,32229267,98
"9393","overpowering",111,32229378,98
"9394","perennial",111,32229489,98
"9395","priesthood",111,32229600,98
"9396","providence",111,32229711,98
"9397","rapture",111,32229822,98
"9398","regency",111,32229933,98
"9399","skewed",111,32230044,98.01
"9400","slayer",111,32230155,98.01
"9401","soothe",111,32230266,98.01
"9402","spontaneously",111,32230377,98.01
"9403","stationary",111,32230488,98.01
"9404","tentative",111,32230599,98.01
"9405","accumulate",110,32230709,98.01
"9406","adjustable",110,32230819,98.01
"9407","admiral",110,32230929,98.01
"9408","allegiance",110,32231039,98.01
"9409","allotment",110,32231149,98.01
"9410","blasting",110,32231259,98.01
"9411","blitz",110,32231369,98.01
"9412","brit",110,32231479,98.01
"9413","capped",110,32231589,98.01
"9414","che",110,32231699,98.01
"9415","clove",110,32231809,98.01
"9416","confederate",110,32231919,98.01
"9417","connectivity",110,32232029,98.01
"9418","corrupted",110,32232139,98.01
"9419","couscous",110,32232249,98.01
"9420","disrespect",110,32232359,98.01
"9421","distributor",110,32232469,98.01
"9422","dogma",110,32232579,98.01
"9423","dormant",110,32232689,98.01
"9424","ecological",110,32232799,98.01
"9425","emulate",110,32232909,98.01
"9426","foreclosure",110,32233019,98.01
"9427","frown",110,32233129,98.01
"9428","gist",110,32233239,98.01
"9429","grasping",110,32233349,98.02
"9430","illuminati",110,32233459,98.02
"9431","indulging",110,32233569,98.02
"9432","knack",110,32233679,98.02
"9433","lag",110,32233789,98.02
"9434","loot",110,32233899,98.02
"9435","lumber",110,32234009,98.02
"9436","luncheon",110,32234119,98.02
"9437","marge",110,32234229,98.02
"9438","morocco",110,32234339,98.02
"9439","nonprofit",110,32234449,98.02
"9440","peasy",110,32234559,98.02
"9441","picturesque",110,32234669,98.02
"9442","pilgrimage",110,32234779,98.02
"9443","prologue",110,32234889,98.02
"9444","provoke",110,32234999,98.02
"9445","psychologically",110,32235109,98.02
"9446","psychotic",110,32235219,98.02
"9447","quad",110,32235329,98.02
"9448","raving",110,32235439,98.02
"9449","remorse",110,32235549,98.02
"9450","shelving",110,32235659,98.02
"9451","skepticism",110,32235769,98.02
"9452","slab",110,32235879,98.02
"9453","slaw",110,32235989,98.02
"9454","stein",110,32236099,98.02
"9455","submarine",110,32236209,98.02
"9456","twinkle",110,32236319,98.02
"9457","underestimate",110,32236429,98.02
"9458","uneventful",110,32236539,98.02
"9459","unfairly",110,32236649,98.03
"9460","whatnot",110,32236759,98.03
"9461","whomever",110,32236869,98.03
"9462","baba",109,32236978,98.03
"9463","beaded",109,32237087,98.03
"9464","boiler",109,32237196,98.03
"9465","boneless",109,32237305,98.03
"9466","conceal",109,32237414,98.03
"9467","dae",109,32237523,98.03
"9468","eloquent",109,32237632,98.03
"9469","erased",109,32237741,98.03
"9470","feasible",109,32237850,98.03
"9471","granulated",109,32237959,98.03
"9472","hives",109,32238068,98.03
"9473","jaded",109,32238177,98.03
"9474","kai",109,32238286,98.03
"9475","manually",109,32238395,98.03
"9476","marco",109,32238504,98.03
"9477","metropolis",109,32238613,98.03
"9478","nameless",109,32238722,98.03
"9479","ni",109,32238831,98.03
"9480","nudity",109,32238940,98.03
"9481","phoebe",109,32239049,98.03
"9482","plateau",109,32239158,98.03
"9483","playwright",109,32239267,98.03
"9484","pointy",109,32239376,98.03
"9485","predicament",109,32239485,98.03
"9486","revolve",109,32239594,98.03
"9487","ruffle",109,32239703,98.03
"9488","sanded",109,32239812,98.03
"9489","screwing",109,32239921,98.04
"9490","shedding",109,32240030,98.04
"9491","sheltered",109,32240139,98.04
"9492","tidal",109,32240248,98.04
"9493","township",109,32240357,98.04
"9494","translator",109,32240466,98.04
"9495","turnover",109,32240575,98.04
"9496","unanswered",109,32240684,98.04
"9497","unstoppable",109,32240793,98.04
"9498","validation",109,32240902,98.04
"9499","accessibility",108,32241010,98.04
"9500","backside",108,32241118,98.04
"9501","bombed",108,32241226,98.04
"9502","boon",108,32241334,98.04
"9503","botanical",108,32241442,98.04
"9504","broker",108,32241550,98.04
"9505","bustle",108,32241658,98.04
"9506","caste",108,32241766,98.04
"9507","caterpillar",108,32241874,98.04
"9508","chronological",108,32241982,98.04
"9509","covert",108,32242090,98.04
"9510","crackle",108,32242198,98.04
"9511","decency",108,32242306,98.04
"9512","evocative",108,32242414,98.04
"9513","foreground",108,32242522,98.04
"9514","formative",108,32242630,98.04
"9515","fraternity",108,32242738,98.04
"9516","gala",108,32242846,98.04
"9517","goody",108,32242954,98.04
"9518","grader",108,32243062,98.04
"9519","jumbo",108,32243170,98.05
"9520","meaty",108,32243278,98.05
"9521","mockery",108,32243386,98.05
"9522","oftentimes",108,32243494,98.05
"9523","oiled",108,32243602,98.05
"9524","persuasion",108,32243710,98.05
"9525","peyton",108,32243818,98.05
"9526","pitiful",108,32243926,98.05
"9527","professionalism",108,32244034,98.05
"9528","quieter",108,32244142,98.05
"9529","rarity",108,32244250,98.05
"9530","receipts",108,32244358,98.05
"9531","reversal",108,32244466,98.05
"9532","runaway",108,32244574,98.05
"9533","seaweed",108,32244682,98.05
"9534","selfless",108,32244790,98.05
"9535","softness",108,32244898,98.05
"9536","unchanged",108,32245006,98.05
"9537","unsalted",108,32245114,98.05
"9538","vanish",108,32245222,98.05
"9539","weekday",108,32245330,98.05
"9540","acclaim",107,32245437,98.05
"9541","accompaniment",107,32245544,98.05
"9542","alma",107,32245651,98.05
"9543","ambiguity",107,32245758,98.05
"9544","blazer",107,32245865,98.05
"9545","burlap",107,32245972,98.05
"9546","centric",107,32246079,98.05
"9547","chestnut",107,32246186,98.05
"9548","clapping",107,32246293,98.05
"9549","consignment",107,32246400,98.05
"9550","contraception",107,32246507,98.06
"9551","correcting",107,32246614,98.06
"9552","elevation",107,32246721,98.06
"9553","enchanting",107,32246828,98.06
"9554","falsely",107,32246935,98.06
"9555","grinning",107,32247042,98.06
"9556","hospice",107,32247149,98.06
"9557","hysterically",107,32247256,98.06
"9558","infantry",107,32247363,98.06
"9559","inhabited",107,32247470,98.06
"9560","knob",107,32247577,98.06
"9561","leapt",107,32247684,98.06
"9562","lunatic",107,32247791,98.06
"9563","mammoth",107,32247898,98.06
"9564","migraine",107,32248005,98.06
"9565","momentarily",107,32248112,98.06
"9566","napkin",107,32248219,98.06
"9567","neckline",107,32248326,98.06
"9568","nun",107,32248433,98.06
"9569","odor",107,32248540,98.06
"9570","payday",107,32248647,98.06
"9571","populace",107,32248754,98.06
"9572","rapper",107,32248861,98.06
"9573","readable",107,32248968,98.06
"9574","reassured",107,32249075,98.06
"9575","residue",107,32249182,98.06
"9576","respite",107,32249289,98.06
"9577","slit",107,32249396,98.06
"9578","snob",107,32249503,98.06
"9579","sol",107,32249610,98.06
"9580","solicitor",107,32249717,98.07
"9581","stabbing",107,32249824,98.07
"9582","steadfast",107,32249931,98.07
"9583","sustaining",107,32250038,98.07
"9584","untrue",107,32250145,98.07
"9585","vat",107,32250252,98.07
"9586","vegetation",107,32250359,98.07
"9587","whack",107,32250466,98.07
"9588","whiny",107,32250573,98.07
"9589","wholeheartedly",107,32250680,98.07
"9590","wiggle",107,32250787,98.07
"9591","alternately",106,32250893,98.07
"9592","audible",106,32250999,98.07
"9593","aversion",106,32251105,98.07
"9594","betray",106,32251211,98.07
"9595","bock",106,32251317,98.07
"9596","booming",106,32251423,98.07
"9597","brainer",106,32251529,98.07
"9598","characterization",106,32251635,98.07
"9599","chock",106,32251741,98.07
"9600","crepe",106,32251847,98.07
"9601","cynicism",106,32251953,98.07
"9602","daydream",106,32252059,98.07
"9603","deter",106,32252165,98.07
"9604","epitome",106,32252271,98.07
"9605","excitedly",106,32252377,98.07
"9606","fray",106,32252483,98.07
"9607","gentile",106,32252589,98.07
"9608","greener",106,32252695,98.07
"9609","grotesque",106,32252801,98.07
"9610","hoodie",106,32252907,98.07
"9611","incorrectly",106,32253013,98.08
"9612","inexplicable",106,32253119,98.08
"9613","intimidation",106,32253225,98.08
"9614","intrinsic",106,32253331,98.08
"9615","moth",106,32253437,98.08
"9616","mouthful",106,32253543,98.08
"9617","negotiation",106,32253649,98.08
"9618","nominate",106,32253755,98.08
"9619","obsolete",106,32253861,98.08
"9620","overwhelm",106,32253967,98.08
"9621","patchwork",106,32254073,98.08
"9622","petitioner",106,32254179,98.08
"9623","pinnacle",106,32254285,98.08
"9624","punctuation",106,32254391,98.08
"9625","quilted",106,32254497,98.08
"9626","rightful",106,32254603,98.08
"9627","sieve",106,32254709,98.08
"9628","slang",106,32254815,98.08
"9629","triumphant",106,32254921,98.08
"9630","unborn",106,32255027,98.08
"9631","vulgar",106,32255133,98.08
"9632","waterproof",106,32255239,98.08
"9633","witchcraft",106,32255345,98.08
"9634","accusation",105,32255450,98.08
"9635","archer",105,32255555,98.08
"9636","bewildered",105,32255660,98.08
"9637","bragging",105,32255765,98.08
"9638","bureaucratic",105,32255870,98.08
"9639","canine",105,32255975,98.08
"9640","cardamom",105,32256080,98.08
"9641","cheeky",105,32256185,98.08
"9642","classmate",105,32256290,98.09
"9643","commanding",105,32256395,98.09
"9644","complementary",105,32256500,98.09
"9645","concise",105,32256605,98.09
"9646","differentiate",105,32256710,98.09
"9647","distilled",105,32256815,98.09
"9648","ecosystem",105,32256920,98.09
"9649","excursion",105,32257025,98.09
"9650","fantastical",105,32257130,98.09
"9651","firearm",105,32257235,98.09
"9652","flax",105,32257340,98.09
"9653","fundamentalist",105,32257445,98.09
"9654","gelatin",105,32257550,98.09
"9655","gong",105,32257655,98.09
"9656","hah",105,32257760,98.09
"9657","hoarding",105,32257865,98.09
"9658","holden",105,32257970,98.09
"9659","immerse",105,32258075,98.09
"9660","inconvenient",105,32258180,98.09
"9661","lava",105,32258285,98.09
"9662","loom",105,32258390,98.09
"9663","luna",105,32258495,98.09
"9664","nirvana",105,32258600,98.09
"9665","nudge",105,32258705,98.09
"9666","pac",105,32258810,98.09
"9667","poultry",105,32258915,98.09
"9668","rattle",105,32259020,98.09
"9669","reasoned",105,32259125,98.09
"9670","reconnect",105,32259230,98.09
"9671","ripple",105,32259335,98.09
"9672","seamless",105,32259440,98.09
"9673","spoonful",105,32259545,98.09
"9674","substantive",105,32259650,98.1
"9675","succeeding",105,32259755,98.1
"9676","swapping",105,32259860,98.1
"9677","synagogue",105,32259965,98.1
"9678","technician",105,32260070,98.1
"9679","trajectory",105,32260175,98.1
"9680","unpacked",105,32260280,98.1
"9681","untold",105,32260385,98.1
"9682","valve",105,32260490,98.1
"9683","vigorous",105,32260595,98.1
"9684","willed",105,32260700,98.1
"9685","yen",105,32260805,98.1
"9686","zig",105,32260910,98.1
"9687","aero",104,32261014,98.1
"9688","affinity",104,32261118,98.1
"9689","alluring",104,32261222,98.1
"9690","britten",104,32261326,98.1
"9691","bustling",104,32261430,98.1
"9692","collateral",104,32261534,98.1
"9693","conceptual",104,32261638,98.1
"9694","conversely",104,32261742,98.1
"9695","decree",104,32261846,98.1
"9696","dominion",104,32261950,98.1
"9697","fisherman",104,32262054,98.1
"9698","fruition",104,32262158,98.1
"9699","grainy",104,32262262,98.1
"9700","heady",104,32262366,98.1
"9701","highland",104,32262470,98.1
"9702","hull",104,32262574,98.1
"9703","inflammatory",104,32262678,98.1
"9704","ingrained",104,32262782,98.1
"9705","lapse",104,32262886,98.11
"9706","malice",104,32262990,98.11
"9707","mas",104,32263094,98.11
"9708","octopus",104,32263198,98.11
"9709","ostensibly",104,32263302,98.11
"9710","overt",104,32263406,98.11
"9711","pep",104,32263510,98.11
"9712","perch",104,32263614,98.11
"9713","proclamation",104,32263718,98.11
"9714","radius",104,32263822,98.11
"9715","reassure",104,32263926,98.11
"9716","rhetorical",104,32264030,98.11
"9717","scalp",104,32264134,98.11
"9718","sketchy",104,32264238,98.11
"9719","splurge",104,32264342,98.11
"9720","standardized",104,32264446,98.11
"9721","stud",104,32264550,98.11
"9722","swag",104,32264654,98.11
"9723","swaying",104,32264758,98.11
"9724","systematically",104,32264862,98.11
"9725","theres",104,32264966,98.11
"9726","undermining",104,32265070,98.11
"9727","unjust",104,32265174,98.11
"9728","vista",104,32265278,98.11
"9729","yer",104,32265382,98.11
"9730","abrupt",103,32265485,98.11
"9731","adamant",103,32265588,98.11
"9732","barber",103,32265691,98.11
"9733","bonded",103,32265794,98.11
"9734","bordering",103,32265897,98.11
"9735","buster",103,32266000,98.11
"9736","canary",103,32266103,98.11
"9737","chiffon",103,32266206,98.12
"9738","clive",103,32266309,98.12
"9739","configuration",103,32266412,98.12
"9740","contemplation",103,32266515,98.12
"9741","convoluted",103,32266618,98.12
"9742","devout",103,32266721,98.12
"9743","effortless",103,32266824,98.12
"9744","enlarged",103,32266927,98.12
"9745","fluke",103,32267030,98.12
"9746","fondly",103,32267133,98.12
"9747","groan",103,32267236,98.12
"9748","gulp",103,32267339,98.12
"9749","hypocritical",103,32267442,98.12
"9750","indicative",103,32267545,98.12
"9751","insufficient",103,32267648,98.12
"9752","leaping",103,32267751,98.12
"9753","longevity",103,32267854,98.12
"9754","loosing",103,32267957,98.12
"9755","mania",103,32268060,98.12
"9756","moo",103,32268163,98.12
"9757","nervously",103,32268266,98.12
"9758","overcast",103,32268369,98.12
"9759","persevere",103,32268472,98.12
"9760","petroleum",103,32268575,98.12
"9761","pigment",103,32268678,98.12
"9762","plucked",103,32268781,98.12
"9763","polo",103,32268884,98.12
"9764","predictably",103,32268987,98.12
"9765","proclaiming",103,32269090,98.12
"9766","raffle",103,32269193,98.12
"9767","rationality",103,32269296,98.12
"9768","rattling",103,32269399,98.12
"9769","residency",103,32269502,98.13
"9770","retention",103,32269605,98.13
"9771","rhythmic",103,32269708,98.13
"9772","seamlessly",103,32269811,98.13
"9773","shimmering",103,32269914,98.13
"9774","shivering",103,32270017,98.13
"9775","skewer",103,32270120,98.13
"9776","squarely",103,32270223,98.13
"9777","standout",103,32270326,98.13
"9778","tally",103,32270429,98.13
"9779","tipping",103,32270532,98.13
"9780","treacherous",103,32270635,98.13
"9781","unimaginable",103,32270738,98.13
"9782","unravel",103,32270841,98.13
"9783","volatile",103,32270944,98.13
"9784","ak",102,32271046,98.13
"9785","beading",102,32271148,98.13
"9786","beetle",102,32271250,98.13
"9787","blueprint",102,32271352,98.13
"9788","breezy",102,32271454,98.13
"9789","candied",102,32271556,98.13
"9790","carr",102,32271658,98.13
"9791","clarification",102,32271760,98.13
"9792","cleanup",102,32271862,98.13
"9793","collaborate",102,32271964,98.13
"9794","crest",102,32272066,98.13
"9795","crises",102,32272168,98.13
"9796","defiance",102,32272270,98.13
"9797","dent",102,32272372,98.13
"9798","deprivation",102,32272474,98.13
"9799","dismissal",102,32272576,98.13
"9800","doubtless",102,32272678,98.13
"9801","elk",102,32272780,98.14
"9802","erosion",102,32272882,98.14
"9803","ethereal",102,32272984,98.14
"9804","extinct",102,32273086,98.14
"9805","flashy",102,32273188,98.14
"9806","foggy",102,32273290,98.14
"9807","greenery",102,32273392,98.14
"9808","hastily",102,32273494,98.14
"9809","hoax",102,32273596,98.14
"9810","hogan",102,32273698,98.14
"9811","honda",102,32273800,98.14
"9812","intently",102,32273902,98.14
"9813","itinerary",102,32274004,98.14
"9814","knowingly",102,32274106,98.14
"9815","lament",102,32274208,98.14
"9816","lin",102,32274310,98.14
"9817","magistrate",102,32274412,98.14
"9818","manipulative",102,32274514,98.14
"9819","marrow",102,32274616,98.14
"9820","metaphorical",102,32274718,98.14
"9821","mower",102,32274820,98.14
"9822","mural",102,32274922,98.14
"9823","patriotism",102,32275024,98.14
"9824","penetrate",102,32275126,98.14
"9825","prophetic",102,32275228,98.14
"9826","reef",102,32275330,98.14
"9827","reluctance",102,32275432,98.14
"9828","senseless",102,32275534,98.14
"9829","shatter",102,32275636,98.14
"9830","sighting",102,32275738,98.14
"9831","sitter",102,32275840,98.14
"9832","snug",102,32275942,98.14
"9833","sprouting",102,32276044,98.15
"9834","submissive",102,32276146,98.15
"9835","sultan",102,32276248,98.15
"9836","unavailable",102,32276350,98.15
"9837","assertive",101,32276451,98.15
"9838","boardwalk",101,32276552,98.15
"9839","buffer",101,32276653,98.15
"9840","calculation",101,32276754,98.15
"9841","capsule",101,32276855,98.15
"9842","chutney",101,32276956,98.15
"9843","darts",101,32277057,98.15
"9844","debacle",101,32277158,98.15
"9845","delusional",101,32277259,98.15
"9846","demolition",101,32277360,98.15
"9847","desolate",101,32277461,98.15
"9848","digit",101,32277562,98.15
"9849","disparate",101,32277663,98.15
"9850","dogfish",101,32277764,98.15
"9851","exalted",101,32277865,98.15
"9852","fend",101,32277966,98.15
"9853","flimsy",101,32278067,98.15
"9854","flirt",101,32278168,98.15
"9855","footnote",101,32278269,98.15
"9856","funnel",101,32278370,98.15
"9857","gaping",101,32278471,98.15
"9858","glittery",101,32278572,98.15
"9859","hanna",101,32278673,98.15
"9860","impossibly",101,32278774,98.15
"9861","inexperienced",101,32278875,98.15
"9862","inflict",101,32278976,98.15
"9863","inmate",101,32279077,98.15
"9864","intending",101,32279178,98.15
"9865","jot",101,32279279,98.15
"9866","keynote",101,32279380,98.16
"9867","learner",101,32279481,98.16
"9868","lightening",101,32279582,98.16
"9869","maroon",101,32279683,98.16
"9870","militia",101,32279784,98.16
"9871","nylon",101,32279885,98.16
"9872","plead",101,32279986,98.16
"9873","powerhouse",101,32280087,98.16
"9874","reconsider",101,32280188,98.16
"9875","rein",101,32280289,98.16
"9876","ripper",101,32280390,98.16
"9877","sac",101,32280491,98.16
"9878","scanner",101,32280592,98.16
"9879","scholastic",101,32280693,98.16
"9880","secretive",101,32280794,98.16
"9881","slump",101,32280895,98.16
"9882","soya",101,32280996,98.16
"9883","specify",101,32281097,98.16
"9884","spectator",101,32281198,98.16
"9885","spruce",101,32281299,98.16
"9886","sweetly",101,32281400,98.16
"9887","swimsuit",101,32281501,98.16
"9888","unlawful",101,32281602,98.16
"9889","windshield",101,32281703,98.16
"9890","absurdity",100,32281803,98.16
"9891","acidic",100,32281903,98.16
"9892","adept",100,32282003,98.16
"9893","ala",100,32282103,98.16
"9894","alligator",100,32282203,98.16
"9895","astray",100,32282303,98.16
"9896","bathe",100,32282403,98.16
"9897","blinked",100,32282503,98.16
"9898","bluff",100,32282603,98.17
"9899","concede",100,32282703,98.17
"9900","concession",100,32282803,98.17
"9901","deem",100,32282903,98.17
"9902","delectable",100,32283003,98.17
"9903","diligent",100,32283103,98.17
"9904","dollop",100,32283203,98.17
"9905","eleventh",100,32283303,98.17
"9906","enlightening",100,32283403,98.17
"9907","excruciating",100,32283503,98.17
"9908","filth",100,32283603,98.17
"9909","flex",100,32283703,98.17
"9910","flurry",100,32283803,98.17
"9911","fret",100,32283903,98.17
"9912","frosty",100,32284003,98.17
"9913","galactic",100,32284103,98.17
"9914","gorge",100,32284203,98.17
"9915","honorary",100,32284303,98.17
"9916","immaculate",100,32284403,98.17
"9917","jasper",100,32284503,98.17
"9918","lifeless",100,32284603,98.17
"9919","midday",100,32284703,98.17
"9920","nationality",100,32284803,98.17
"9921","palpable",100,32284903,98.17
"9922","paraphrase",100,32285003,98.17
"9923","peasant",100,32285103,98.17
"9924","perimeter",100,32285203,98.17
"9925","persistence",100,32285303,98.17
"9926","prominence",100,32285403,98.17
"9927","rosy",100,32285503,98.17
"9928","seeker",100,32285603,98.17
"9929","simultaneous",100,32285703,98.17
"9930","smothered",100,32285803,98.17
"9931","soulful",100,32285903,98.18
"9932","speechless",100,32286003,98.18
"9933","starved",100,32286103,98.18
"9934","steamy",100,32286203,98.18
"9935","suitably",100,32286303,98.18
"9936","transcript",100,32286403,98.18
"9937","treason",100,32286503,98.18
"9938","unintended",100,32286603,98.18
"9939","unruly",100,32286703,98.18
"9940","wang",100,32286803,98.18
"9941","wrench",100,32286903,98.18
"9942","yawn",100,32287003,98.18
"9943","accumulation",99,32287102,98.18
"9944","activate",99,32287201,98.18
"9945","artisan",99,32287300,98.18
"9946","artistry",99,32287399,98.18
"9947","bourgeois",99,32287498,98.18
"9948","cautiously",99,32287597,98.18
"9949","clipped",99,32287696,98.18
"9950","comical",99,32287795,98.18
"9951","congestion",99,32287894,98.18
"9952","crippling",99,32287993,98.18
"9953","delightfully",99,32288092,98.18
"9954","doubling",99,32288191,98.18
"9955","dum",99,32288290,98.18
"9956","dun",99,32288389,98.18
"9957","femininity",99,32288488,98.18
"9958","flaky",99,32288587,98.18
"9959","flowery",99,32288686,98.18
"9960","furnished",99,32288785,98.18
"9961","hallelujah",99,32288884,98.18
"9962","imitate",99,32288983,98.18
"9963","kensington",99,32289082,98.18
"9964","knickers",99,32289181,98.19
"9965","magnum",99,32289280,98.19
"9966","medicinal",99,32289379,98.19
"9967","neurological",99,32289478,98.19
"9968","nighttime",99,32289577,98.19
"9969","nonstop",99,32289676,98.19
"9970","ordinance",99,32289775,98.19
"9971","orthodoxy",99,32289874,98.19
"9972","pastoral",99,32289973,98.19
"9973","prowess",99,32290072,98.19
"9974","revolving",99,32290171,98.19
"9975","shuffling",99,32290270,98.19
"9976","sophistication",99,32290369,98.19
"9977","sorely",99,32290468,98.19
"9978","squid",99,32290567,98.19
"9979","starve",99,32290666,98.19
"9980","tai",99,32290765,98.19
"9981","teary",99,32290864,98.19
"9982","theoretically",99,32290963,98.19
"9983","tram",99,32291062,98.19
"9984","unleash",99,32291161,98.19
"9985","velocity",99,32291260,98.19
"9986","visibly",99,32291359,98.19
"9987","winery",99,32291458,98.19
"9988","zinc",99,32291557,98.19
"9989","affirm",98,32291655,98.19
"9990","ancestor",98,32291753,98.19
"9991","anthropology",98,32291851,98.19
"9992","bassist",98,32291949,98.19
"9993","bearer",98,32292047,98.19
"9994","bravely",98,32292145,98.19
"9995","brisk",98,32292243,98.19
"9996","candid",98,32292341,98.19
"9997","chateau",98,32292439,98.19
"9998","clam",98,32292537,98.2
"9999","clockwork",98,32292635,98.2
"10000","colossal",98,32292733,98.2
"10001","comprise",98,32292831,98.2
"10002","eligibility",98,32292929,98.2
"10003","feeble",98,32293027,98.2
"10004","fetus",98,32293125,98.2
"10005","fishy",98,32293223,98.2
"10006","gory",98,32293321,98.2
"10007","hind",98,32293419,98.2
"10008","hump",98,32293517,98.2
"10009","jarring",98,32293615,98.2
"10010","kneeling",98,32293713,98.2
"10011","lecturer",98,32293811,98.2
"10012","limbo",98,32293909,98.2
"10013","lounging",98,32294007,98.2
"10014","mince",98,32294105,98.2
"10015","moderately",98,32294203,98.2
"10016","mustache",98,32294301,98.2
"10017","outcry",98,32294399,98.2
"10018","plywood",98,32294497,98.2
"10019","privy",98,32294595,98.2
"10020","reddish",98,32294693,98.2
"10021","refill",98,32294791,98.2
"10022","relational",98,32294889,98.2
"10023","reputable",98,32294987,98.2
"10024","spawn",98,32295085,98.2
"10025","sporadic",98,32295183,98.2
"10026","stripping",98,32295281,98.2
"10027","subsidy",98,32295379,98.2
"10028","succumb",98,32295477,98.2
"10029","symposium",98,32295575,98.2
"10030","tormented",98,32295673,98.2
"10031","tulip",98,32295771,98.21
"10032","undeniably",98,32295869,98.21
"10033","unfolded",98,32295967,98.21
"10034","abundantly",97,32296064,98.21
"10035","ancestry",97,32296161,98.21
"10036","applique",97,32296258,98.21
"10037","banjo",97,32296355,98.21
"10038","biz",97,32296452,98.21
"10039","blight",97,32296549,98.21
"10040","blissfully",97,32296646,98.21
"10041","carton",97,32296743,98.21
"10042","catcher",97,32296840,98.21
"10043","cavity",97,32296937,98.21
"10044","chai",97,32297034,98.21
"10045","companionship",97,32297131,98.21
"10046","conceded",97,32297228,98.21
"10047","conducive",97,32297325,98.21
"10048","conformity",97,32297422,98.21
"10049","coronation",97,32297519,98.21
"10050","crater",97,32297616,98.21
"10051","damper",97,32297713,98.21
"10052","decked",97,32297810,98.21
"10053","discipleship",97,32297907,98.21
"10054","distraught",97,32298004,98.21
"10055","doggy",97,32298101,98.21
"10056","economical",97,32298198,98.21
"10057","enrich",97,32298295,98.21
"10058","expansive",97,32298392,98.21
"10059","extracted",97,32298489,98.21
"10060","eyesight",97,32298586,98.21
"10061","gutter",97,32298683,98.21
"10062","howe",97,32298780,98.21
"10063","hypnotic",97,32298877,98.21
"10064","impeccable",97,32298974,98.21
"10065","improper",97,32299071,98.22
"10066","individuality",97,32299168,98.22
"10067","inspect",97,32299265,98.22
"10068","invincible",97,32299362,98.22
"10069","io",97,32299459,98.22
"10070","irrespective",97,32299556,98.22
"10071","livelihood",97,32299653,98.22
"10072","lowly",97,32299750,98.22
"10073","mao",97,32299847,98.22
"10074","mead",97,32299944,98.22
"10075","mingle",97,32300041,98.22
"10076","mocha",97,32300138,98.22
"10077","montage",97,32300235,98.22
"10078","overboard",97,32300332,98.22
"10079","plumber",97,32300429,98.22
"10080","preoccupied",97,32300526,98.22
"10081","python",97,32300623,98.22
"10082","rubble",97,32300720,98.22
"10083","sal",97,32300817,98.22
"10084","statistic",97,32300914,98.22
"10085","substituted",97,32301011,98.22
"10086","unreliable",97,32301108,98.22
"10087","unsafe",97,32301205,98.22
"10088","uranium",97,32301302,98.22
"10089","viva",97,32301399,98.22
"10090","warped",97,32301496,98.22
"10091","wheeled",97,32301593,98.22
"10092","adversary",96,32301689,98.22
"10093","atlas",96,32301785,98.22
"10094","barton",96,32301881,98.22
"10095","bodice",96,32301977,98.22
"10096","booker",96,32302073,98.22
"10097","bridesmaid",96,32302169,98.22
"10098","cheque",96,32302265,98.22
"10099","circumcision",96,32302361,98.23
"10100","cleanser",96,32302457,98.23
"10101","confirming",96,32302553,98.23
"10102","coyote",96,32302649,98.23
"10103","crazed",96,32302745,98.23
"10104","cub",96,32302841,98.23
"10105","cylinder",96,32302937,98.23
"10106","decreasing",96,32303033,98.23
"10107","dreamer",96,32303129,98.23
"10108","ethos",96,32303225,98.23
"10109","feisty",96,32303321,98.23
"10110","fetched",96,32303417,98.23
"10111","fletcher",96,32303513,98.23
"10112","grate",96,32303609,98.23
"10113","grouping",96,32303705,98.23
"10114","havent",96,32303801,98.23
"10115","holt",96,32303897,98.23
"10116","immortality",96,32303993,98.23
"10117","immunity",96,32304089,98.23
"10118","insulation",96,32304185,98.23
"10119","intolerant",96,32304281,98.23
"10120","invasive",96,32304377,98.23
"10121","kernel",96,32304473,98.23
"10122","makeshift",96,32304569,98.23
"10123","midway",96,32304665,98.23
"10124","monologue",96,32304761,98.23
"10125","motivational",96,32304857,98.23
"10126","pavilion",96,32304953,98.23
"10127","raping",96,32305049,98.23
"10128","respondent",96,32305145,98.23
"10129","sacrament",96,32305241,98.23
"10130","safeguard",96,32305337,98.23
"10131","satanic",96,32305433,98.23
"10132","silenced",96,32305529,98.23
"10133","spaceship",96,32305625,98.24
"10134","stealth",96,32305721,98.24
"10135","sterile",96,32305817,98.24
"10136","stripper",96,32305913,98.24
"10137","tolerable",96,32306009,98.24
"10138","totalitarian",96,32306105,98.24
"10139","uninterrupted",96,32306201,98.24
"10140","upstate",96,32306297,98.24
"10141","vis",96,32306393,98.24
"10142","vita",96,32306489,98.24
"10143","weaver",96,32306585,98.24
"10144","analytics",95,32306680,98.24
"10145","angrily",95,32306775,98.24
"10146","begotten",95,32306870,98.24
"10147","bowel",95,32306965,98.24
"10148","centerpiece",95,32307060,98.24
"10149","charger",95,32307155,98.24
"10150","cinematography",95,32307250,98.24
"10151","circled",95,32307345,98.24
"10152","cobra",95,32307440,98.24
"10153","corset",95,32307535,98.24
"10154","crumbly",95,32307630,98.24
"10155","deceive",95,32307725,98.24
"10156","decipher",95,32307820,98.24
"10157","derrick",95,32307915,98.24
"10158","digitally",95,32308010,98.24
"10159","elm",95,32308105,98.24
"10160","envious",95,32308200,98.24
"10161","evergreen",95,32308295,98.24
"10162","foolishness",95,32308390,98.24
"10163","geometry",95,32308485,98.24
"10164","girlie",95,32308580,98.24
"10165","grits",95,32308675,98.24
"10166","healer",95,32308770,98.24
"10167","hopper",95,32308865,98.24
"10168","induce",95,32308960,98.25
"10169","inflated",95,32309055,98.25
"10170","innocently",95,32309150,98.25
"10171","ion",95,32309245,98.25
"10172","lumpy",95,32309340,98.25
"10173","lupus",95,32309435,98.25
"10174","martyr",95,32309530,98.25
"10175","methodist",95,32309625,98.25
"10176","momentous",95,32309720,98.25
"10177","mouthed",95,32309815,98.25
"10178","nat",95,32309910,98.25
"10179","overflow",95,32310005,98.25
"10180","perpetrator",95,32310100,98.25
"10181","petit",95,32310195,98.25
"10182","playroom",95,32310290,98.25
"10183","polymer",95,32310385,98.25
"10184","pong",95,32310480,98.25
"10185","porridge",95,32310575,98.25
"10186","presumption",95,32310670,98.25
"10187","purposefully",95,32310765,98.25
"10188","respiratory",95,32310860,98.25
"10189","riveting",95,32310955,98.25
"10190","sax",95,32311050,98.25
"10191","scandalous",95,32311145,98.25
"10192","seeded",95,32311240,98.25
"10193","sinus",95,32311335,98.25
"10194","slander",95,32311430,98.25
"10195","spat",95,32311525,98.25
"10196","squirt",95,32311620,98.25
"10197","stench",95,32311715,98.25
"10198","supremacy",95,32311810,98.25
"10199","tarot",95,32311905,98.25
"10200","tighten",95,32312000,98.25
"10201","toad",95,32312095,98.25
"10202","topper",95,32312190,98.26
"10203","treasurer",95,32312285,98.26
"10204","tumbling",95,32312380,98.26
"10205","unending",95,32312475,98.26
"10206","uniqueness",95,32312570,98.26
"10207","usher",95,32312665,98.26
"10208","versatility",95,32312760,98.26
"10209","wah",95,32312855,98.26
"10210","accelerate",94,32312949,98.26
"10211","amuse",94,32313043,98.26
"10212","archaeological",94,32313137,98.26
"10213","authoritative",94,32313231,98.26
"10214","avoidance",94,32313325,98.26
"10215","ballerina",94,32313419,98.26
"10216","bookcase",94,32313513,98.26
"10217","booster",94,32313607,98.26
"10218","bumping",94,32313701,98.26
"10219","crossover",94,32313795,98.26
"10220","debit",94,32313889,98.26
"10221","deliverance",94,32313983,98.26
"10222","diabetic",94,32314077,98.26
"10223","embodiment",94,32314171,98.26
"10224","empirical",94,32314265,98.26
"10225","enlisted",94,32314359,98.26
"10226","exclamation",94,32314453,98.26
"10227","extravaganza",94,32314547,98.26
"10228","maneuver",94,32314641,98.26
"10229","mule",94,32314735,98.26
"10230","progressively",94,32314829,98.26
"10231","ramble",94,32314923,98.26
"10232","receptive",94,32315017,98.26
"10233","reformation",94,32315111,98.26
"10234","sighted",94,32315205,98.26
"10235","sniffing",94,32315299,98.26
"10236","sprang",94,32315393,98.26
"10237","stamper",94,32315487,98.27
"10238","statute",94,32315581,98.27
"10239","surfaced",94,32315675,98.27
"10240","tu",94,32315769,98.27
"10241","unethical",94,32315863,98.27
"10242","unimportant",94,32315957,98.27
"10243","unnecessarily",94,32316051,98.27
"10244","veto",94,32316145,98.27
"10245","vigilant",94,32316239,98.27
"10246","viola",94,32316333,98.27
"10247","whirl",94,32316427,98.27
"10248","yoghurt",94,32316521,98.27
"10249","afflicted",93,32316614,98.27
"10250","ape",93,32316707,98.27
"10251","assessed",93,32316800,98.27
"10252","commence",93,32316893,98.27
"10253","corny",93,32316986,98.27
"10254","corona",93,32317079,98.27
"10255","correspond",93,32317172,98.27
"10256","criterion",93,32317265,98.27
"10257","degradation",93,32317358,98.27
"10258","disposed",93,32317451,98.27
"10259","dissertation",93,32317544,98.27
"10260","doable",93,32317637,98.27
"10261","easing",93,32317730,98.27
"10262","edging",93,32317823,98.27
"10263","elevate",93,32317916,98.27
"10264","epidural",93,32318009,98.27
"10265","feeder",93,32318102,98.27
"10266","forsaken",93,32318195,98.27
"10267","glistening",93,32318288,98.27
"10268","hamster",93,32318381,98.27
"10269","harden",93,32318474,98.27
"10270","hardwood",93,32318567,98.27
"10271","hash",93,32318660,98.27
"10272","humbly",93,32318753,98.27
"10273","idealistic",93,32318846,98.28
"10274","implicit",93,32318939,98.28
"10275","incense",93,32319032,98.28
"10276","inexplicably",93,32319125,98.28
"10277","memorabilia",93,32319218,98.28
"10278","modification",93,32319311,98.28
"10279","mores",93,32319404,98.28
"10280","optical",93,32319497,98.28
"10281","parrot",93,32319590,98.28
"10282","peaked",93,32319683,98.28
"10283","peruse",93,32319776,98.28
"10284","plush",93,32319869,98.28
"10285","prod",93,32319962,98.28
"10286","qualification",93,32320055,98.28
"10287","quotation",93,32320148,98.28
"10288","restrictive",93,32320241,98.28
"10289","scooped",93,32320334,98.28
"10290","shockingly",93,32320427,98.28
"10291","silicon",93,32320520,98.28
"10292","slacker",93,32320613,98.28
"10293","smeared",93,32320706,98.28
"10294","soles",93,32320799,98.28
"10295","spokeswoman",93,32320892,98.28
"10296","telescope",93,32320985,98.28
"10297","threaded",93,32321078,98.28
"10298","unspoken",93,32321171,98.28
"10299","verve",93,32321264,98.28
"10300","ware",93,32321357,98.28
"10301","wartime",93,32321450,98.28
"10302","zeal",93,32321543,98.28
"10303","appease",92,32321635,98.28
"10304","arbor",92,32321727,98.28
"10305","audacity",92,32321819,98.28
"10306","automotive",92,32321911,98.28
"10307","bender",92,32322003,98.28
"10308","blushing",92,32322095,98.29
"10309","carnage",92,32322187,98.29
"10310","casing",92,32322279,98.29
"10311","chime",92,32322371,98.29
"10312","commentator",92,32322463,98.29
"10313","conditional",92,32322555,98.29
"10314","crusade",92,32322647,98.29
"10315","cuteness",92,32322739,98.29
"10316","depict",92,32322831,98.29
"10317","doubting",92,32322923,98.29
"10318","eerily",92,32323015,98.29
"10319","encore",92,32323107,98.29
"10320","enormously",92,32323199,98.29
"10321","exaggerating",92,32323291,98.29
"10322","feathered",92,32323383,98.29
"10323","imbalance",92,32323475,98.29
"10324","incompetence",92,32323567,98.29
"10325","maritime",92,32323659,98.29
"10326","mistakenly",92,32323751,98.29
"10327","nonsensical",92,32323843,98.29
"10328","patina",92,32323935,98.29
"10329","pow",92,32324027,98.29
"10330","prank",92,32324119,98.29
"10331","projector",92,32324211,98.29
"10332","purposeful",92,32324303,98.29
"10333","resin",92,32324395,98.29
"10334","scouting",92,32324487,98.29
"10335","scratches",92,32324579,98.29
"10336","shopper",92,32324671,98.29
"10337","sketchbook",92,32324763,98.29
"10338","smirk",92,32324855,98.29
"10339","somerset",92,32324947,98.29
"10340","spied",92,32325039,98.29
"10341","sprawling",92,32325131,98.29
"10342","starry",92,32325223,98.29
"10343","subconsciously",92,32325315,98.29
"10344","sweetener",92,32325407,98.3
"10345","tailed",92,32325499,98.3
"10346","thoughtfully",92,32325591,98.3
"10347","throttle",92,32325683,98.3
"10348","tunic",92,32325775,98.3
"10349","unconstitutional",92,32325867,98.3
"10350","unintentionally",92,32325959,98.3
"10351","unlocked",92,32326051,98.3
"10352","upscale",92,32326143,98.3
"10353","visionary",92,32326235,98.3
"10354","vitality",92,32326327,98.3
"10355","affectionate",91,32326418,98.3
"10356","affiliation",91,32326509,98.3
"10357","alt",91,32326600,98.3
"10358","amnesty",91,32326691,98.3
"10359","archaeology",91,32326782,98.3
"10360","artillery",91,32326873,98.3
"10361","bearded",91,32326964,98.3
"10362","billionaire",91,32327055,98.3
"10363","bravo",91,32327146,98.3
"10364","celebratory",91,32327237,98.3
"10365","constituency",91,32327328,98.3
"10366","crayon",91,32327419,98.3
"10367","ditto",91,32327510,98.3
"10368","embarrass",91,32327601,98.3
"10369","experimented",91,32327692,98.3
"10370","flint",91,32327783,98.3
"10371","fooling",91,32327874,98.3
"10372","gingham",91,32327965,98.3
"10373","harrowing",91,32328056,98.3
"10374","heartless",91,32328147,98.3
"10375","hone",91,32328238,98.3
"10376","hopelessly",91,32328329,98.3
"10377","illustrious",91,32328420,98.3
"10378","impart",91,32328511,98.3
"10379","incessant",91,32328602,98.3
"10380","insured",91,32328693,98.31
"10381","introspective",91,32328784,98.31
"10382","joker",91,32328875,98.31
"10383","latch",91,32328966,98.31
"10384","longs",91,32329057,98.31
"10385","mani",91,32329148,98.31
"10386","materialism",91,32329239,98.31
"10387","monarch",91,32329330,98.31
"10388","morrow",91,32329421,98.31
"10389","pallet",91,32329512,98.31
"10390","pedro",91,32329603,98.31
"10391","perjury",91,32329694,98.31
"10392","puzzling",91,32329785,98.31
"10393","quake",91,32329876,98.31
"10394","quintessential",91,32329967,98.31
"10395","regal",91,32330058,98.31
"10396","revert",91,32330149,98.31
"10397","shiver",91,32330240,98.31
"10398","steward",91,32330331,98.31
"10399","summarize",91,32330422,98.31
"10400","traitor",91,32330513,98.31
"10401","virtuous",91,32330604,98.31
"10402","volcanic",91,32330695,98.31
"10403","wheeler",91,32330786,98.31
"10404","yoke",91,32330877,98.31
"10405","affluent",90,32330967,98.31
"10406","agility",90,32331057,98.31
"10407","atonement",90,32331147,98.31
"10408","bali",90,32331237,98.31
"10409","billing",90,32331327,98.31
"10410","colonialism",90,32331417,98.31
"10411","congratulate",90,32331507,98.31
"10412","constrained",90,32331597,98.31
"10413","delegate",90,32331687,98.31
"10414","despicable",90,32331777,98.31
"10415","diagnostic",90,32331867,98.31
"10416","embellish",90,32331957,98.32
"10417","enraged",90,32332047,98.32
"10418","facilitator",90,32332137,98.32
"10419","fidelity",90,32332227,98.32
"10420","flickering",90,32332317,98.32
"10421","flux",90,32332407,98.32
"10422","glittering",90,32332497,98.32
"10423","graded",90,32332587,98.32
"10424","hazelnut",90,32332677,98.32
"10425","hillside",90,32332767,98.32
"10426","inject",90,32332857,98.32
"10427","insidious",90,32332947,98.32
"10428","lafayette",90,32333037,98.32
"10429","lambert",90,32333127,98.32
"10430","laughable",90,32333217,98.32
"10431","legitimately",90,32333307,98.32
"10432","misconduct",90,32333397,98.32
"10433","moniker",90,32333487,98.32
"10434","morbid",90,32333577,98.32
"10435","noticeably",90,32333667,98.32
"10436","parlor",90,32333757,98.32
"10437","perplexed",90,32333847,98.32
"10438","puberty",90,32333937,98.32
"10439","reliant",90,32334027,98.32
"10440","resonance",90,32334117,98.32
"10441","riverside",90,32334207,98.32
"10442","scrapped",90,32334297,98.32
"10443","scrumptious",90,32334387,98.32
"10444","sewer",90,32334477,98.32
"10445","silva",90,32334567,98.32
"10446","slimy",90,32334657,98.32
"10447","statutory",90,32334747,98.32
"10448","stimulation",90,32334837,98.32
"10449","stomp",90,32334927,98.32
"10450","stung",90,32335017,98.32
"10451","summon",90,32335107,98.32
"10452","swayed",90,32335197,98.32
"10453","tat",90,32335287,98.33
"10454","turk",90,32335377,98.33
"10455","urgently",90,32335467,98.33
"10456","weighted",90,32335557,98.33
"10457","weirdness",90,32335647,98.33
"10458","wrinkle",90,32335737,98.33
"10459","accommodating",89,32335826,98.33
"10460","anchored",89,32335915,98.33
"10461","applesauce",89,32336004,98.33
"10462","asphalt",89,32336093,98.33
"10463","aurora",89,32336182,98.33
"10464","barker",89,32336271,98.33
"10465","bask",89,32336360,98.33
"10466","blinding",89,32336449,98.33
"10467","bogus",89,32336538,98.33
"10468","bonfire",89,32336627,98.33
"10469","bribery",89,32336716,98.33
"10470","buttered",89,32336805,98.33
"10471","campfire",89,32336894,98.33
"10472","campground",89,32336983,98.33
"10473","caveat",89,32337072,98.33
"10474","cello",89,32337161,98.33
"10475","chia",89,32337250,98.33
"10476","colleen",89,32337339,98.33
"10477","comparatively",89,32337428,98.33
"10478","composite",89,32337517,98.33
"10479","compulsion",89,32337606,98.33
"10480","cram",89,32337695,98.33
"10481","crocheting",89,32337784,98.33
"10482","crucifixion",89,32337873,98.33
"10483","daft",89,32337962,98.33
"10484","darkly",89,32338051,98.33
"10485","decker",89,32338140,98.33
"10486","diplomacy",89,32338229,98.33
"10487","expanse",89,32338318,98.33
"10488","extraction",89,32338407,98.33
"10489","fabulously",89,32338496,98.34
"10490","finite",89,32338585,98.34
"10491","forcibly",89,32338674,98.34
"10492","fostering",89,32338763,98.34
"10493","frivolous",89,32338852,98.34
"10494","fro",89,32338941,98.34
"10495","gall",89,32339030,98.34
"10496","geometric",89,32339119,98.34
"10497","hinder",89,32339208,98.34
"10498","illuminating",89,32339297,98.34
"10499","ingenious",89,32339386,98.34
"10500","interrogation",89,32339475,98.34
"10501","invoke",89,32339564,98.34
"10502","libertarian",89,32339653,98.34
"10503","lineage",89,32339742,98.34
"10504","marinate",89,32339831,98.34
"10505","modesty",89,32339920,98.34
"10506","munch",89,32340009,98.34
"10507","oat",89,32340098,98.34
"10508","painless",89,32340187,98.34
"10509","panama",89,32340276,98.34
"10510","pious",89,32340365,98.34
"10511","pita",89,32340454,98.34
"10512","powerfully",89,32340543,98.34
"10513","religiously",89,32340632,98.34
"10514","repressed",89,32340721,98.34
"10515","saloon",89,32340810,98.34
"10516","suppression",89,32340899,98.34
"10517","tabloid",89,32340988,98.34
"10518","taxing",89,32341077,98.34
"10519","territorial",89,32341166,98.34
"10520","toaster",89,32341255,98.34
"10521","tonic",89,32341344,98.34
"10522","undesirable",89,32341433,98.34
"10523","ungodly",89,32341522,98.34
"10524","unholy",89,32341611,98.34
"10525","veneer",89,32341700,98.34
"10526","visceral",89,32341789,98.35
"10527","vocation",89,32341878,98.35
"10528","watt",89,32341967,98.35
"10529","wobbly",89,32342056,98.35
"10530","adjective",88,32342144,98.35
"10531","anarchist",88,32342232,98.35
"10532","arresting",88,32342320,98.35
"10533","artifact",88,32342408,98.35
"10534","attacker",88,32342496,98.35
"10535","beaming",88,32342584,98.35
"10536","bop",88,32342672,98.35
"10537","bowels",88,32342760,98.35
"10538","brochure",88,32342848,98.35
"10539","brooding",88,32342936,98.35
"10540","bruise",88,32343024,98.35
"10541","bunk",88,32343112,98.35
"10542","calculating",88,32343200,98.35
"10543","calmer",88,32343288,98.35
"10544","cerebral",88,32343376,98.35
"10545","challenger",88,32343464,98.35
"10546","comet",88,32343552,98.35
"10547","commuting",88,32343640,98.35
"10548","culmination",88,32343728,98.35
"10549","curfew",88,32343816,98.35
"10550","derive",88,32343904,98.35
"10551","detergent",88,32343992,98.35
"10552","dispatch",88,32344080,98.35
"10553","falcon",88,32344168,98.35
"10554","finalist",88,32344256,98.35
"10555","furnace",88,32344344,98.35
"10556","grandeur",88,32344432,98.35
"10557","grossly",88,32344520,98.35
"10558","hickory",88,32344608,98.35
"10559","hilarity",88,32344696,98.35
"10560","indictment",88,32344784,98.35
"10561","kali",88,32344872,98.35
"10562","lessen",88,32344960,98.35
"10563","memorize",88,32345048,98.35
"10564","mischievous",88,32345136,98.36
"10565","mowing",88,32345224,98.36
"10566","muslin",88,32345312,98.36
"10567","mutant",88,32345400,98.36
"10568","parachute",88,32345488,98.36
"10569","peacock",88,32345576,98.36
"10570","raft",88,32345664,98.36
"10571","revel",88,32345752,98.36
"10572","reverend",88,32345840,98.36
"10573","revolt",88,32345928,98.36
"10574","sustenance",88,32346016,98.36
"10575","thunderstorm",88,32346104,98.36
"10576","transcendent",88,32346192,98.36
"10577","trickle",88,32346280,98.36
"10578","troublesome",88,32346368,98.36
"10579","unhappiness",88,32346456,98.36
"10580","unworthy",88,32346544,98.36
"10581","virginity",88,32346632,98.36
"10582","wasteland",88,32346720,98.36
"10583","wellington",88,32346808,98.36
"10584","wishful",88,32346896,98.36
"10585","afterlife",87,32346983,98.36
"10586","alpine",87,32347070,98.36
"10587","apprehension",87,32347157,98.36
"10588","arcane",87,32347244,98.36
"10589","astronomical",87,32347331,98.36
"10590","athletics",87,32347418,98.36
"10591","awry",87,32347505,98.36
"10592","baton",87,32347592,98.36
"10593","bearable",87,32347679,98.36
"10594","belated",87,32347766,98.36
"10595","bistro",87,32347853,98.36
"10596","cee",87,32347940,98.36
"10597","cheerfully",87,32348027,98.36
"10598","cheerleader",87,32348114,98.36
"10599","consolidation",87,32348201,98.36
"10600","courier",87,32348288,98.36
"10601","dainty",87,32348375,98.37
"10602","delicately",87,32348462,98.37
"10603","diagram",87,32348549,98.37
"10604","eventful",87,32348636,98.37
"10605","faintly",87,32348723,98.37
"10606","fantastically",87,32348810,98.37
"10607","flutter",87,32348897,98.37
"10608","fraught",87,32348984,98.37
"10609","fuse",87,32349071,98.37
"10610","ghastly",87,32349158,98.37
"10611","glancing",87,32349245,98.37
"10612","heartland",87,32349332,98.37
"10613","heresy",87,32349419,98.37
"10614","inefficient",87,32349506,98.37
"10615","kicker",87,32349593,98.37
"10616","lettering",87,32349680,98.37
"10617","licensor",87,32349767,98.37
"10618","likable",87,32349854,98.37
"10619","meticulous",87,32349941,98.37
"10620","noun",87,32350028,98.37
"10621","nuisance",87,32350115,98.37
"10622","ode",87,32350202,98.37
"10623","preferable",87,32350289,98.37
"10624","repression",87,32350376,98.37
"10625","retelling",87,32350463,98.37
"10626","rotary",87,32350550,98.37
"10627","sheik",87,32350637,98.37
"10628","statistically",87,32350724,98.37
"10629","taunting",87,32350811,98.37
"10630","taxed",87,32350898,98.37
"10631","terminator",87,32350985,98.37
"10632","toil",87,32351072,98.37
"10633","traction",87,32351159,98.37
"10634","vigil",87,32351246,98.37
"10635","wasnt",87,32351333,98.37
"10636","yearn",87,32351420,98.37
"10637","absorption",86,32351506,98.37
"10638","baguette",86,32351592,98.37
"10639","bane",86,32351678,98.38
"10640","bloc",86,32351764,98.38
"10641","camaraderie",86,32351850,98.38
"10642","cardiac",86,32351936,98.38
"10643","cartel",86,32352022,98.38
"10644","chained",86,32352108,98.38
"10645","chipped",86,32352194,98.38
"10646","citation",86,32352280,98.38
"10647","cleric",86,32352366,98.38
"10648","clung",86,32352452,98.38
"10649","coil",86,32352538,98.38
"10650","deceptive",86,32352624,98.38
"10651","distrust",86,32352710,98.38
"10652","dummy",86,32352796,98.38
"10653","entrepreneurial",86,32352882,98.38
"10654","firsthand",86,32352968,98.38
"10655","gable",86,32353054,98.38
"10656","guarding",86,32353140,98.38
"10657","ingenuity",86,32353226,98.38
"10658","inverted",86,32353312,98.38
"10659","jig",86,32353398,98.38
"10660","lender",86,32353484,98.38
"10661","misconception",86,32353570,98.38
"10662","moderator",86,32353656,98.38
"10663","mosquito",86,32353742,98.38
"10664","newcomer",86,32353828,98.38
"10665","om",86,32353914,98.38
"10666","ore",86,32354000,98.38
"10667","overhaul",86,32354086,98.38
"10668","pablo",86,32354172,98.38
"10669","payoff",86,32354258,98.38
"10670","ploy",86,32354344,98.38
"10671","pronunciation",86,32354430,98.38
"10672","propensity",86,32354516,98.38
"10673","rad",86,32354602,98.38
"10674","relive",86,32354688,98.38
"10675","remnant",86,32354774,98.38
"10676","resent",86,32354860,98.38
"10677","ruffled",86,32354946,98.39
"10678","sacrificial",86,32355032,98.39
"10679","sanders",86,32355118,98.39
"10680","scaled",86,32355204,98.39
"10681","screeching",86,32355290,98.39
"10682","shipment",86,32355376,98.39
"10683","showdown",86,32355462,98.39
"10684","spectacularly",86,32355548,98.39
"10685","splashing",86,32355634,98.39
"10686","tandem",86,32355720,98.39
"10687","trampoline",86,32355806,98.39
"10688","turbine",86,32355892,98.39
"10689","veritable",86,32355978,98.39
"10690","whereabouts",86,32356064,98.39
"10691","yin",86,32356150,98.39
"10692","abdomen",85,32356235,98.39
"10693","afloat",85,32356320,98.39
"10694","alto",85,32356405,98.39
"10695","ancestral",85,32356490,98.39
"10696","beak",85,32356575,98.39
"10697","binary",85,32356660,98.39
"10698","bitterly",85,32356745,98.39
"10699","bran",85,32356830,98.39
"10700","bunker",85,32356915,98.39
"10701","chevy",85,32357000,98.39
"10702","chow",85,32357085,98.39
"10703","clientele",85,32357170,98.39
"10704","compliant",85,32357255,98.39
"10705","convict",85,32357340,98.39
"10706","coz",85,32357425,98.39
"10707","crumpled",85,32357510,98.39
"10708","cubicle",85,32357595,98.39
"10709","deceit",85,32357680,98.39
"10710","diagonal",85,32357765,98.39
"10711","dignified",85,32357850,98.39
"10712","din",85,32357935,98.39
"10713","ding",85,32358020,98.39
"10714","duper",85,32358105,98.39
"10715","electro",85,32358190,98.39
"10716","environ",85,32358275,98.4
"10717","equate",85,32358360,98.4
"10718","exhale",85,32358445,98.4
"10719","fiesta",85,32358530,98.4
"10720","germ",85,32358615,98.4
"10721","headboard",85,32358700,98.4
"10722","hormonal",85,32358785,98.4
"10723","humankind",85,32358870,98.4
"10724","humiliating",85,32358955,98.4
"10725","illicit",85,32359040,98.4
"10726","insensitive",85,32359125,98.4
"10727","instability",85,32359210,98.4
"10728","lark",85,32359295,98.4
"10729","mater",85,32359380,98.4
"10730","molding",85,32359465,98.4
"10731","numbing",85,32359550,98.4
"10732","organically",85,32359635,98.4
"10733","outweigh",85,32359720,98.4
"10734","plow",85,32359805,98.4
"10735","preparedness",85,32359890,98.4
"10736","quid",85,32359975,98.4
"10737","racking",85,32360060,98.4
"10738","ragged",85,32360145,98.4
"10739","realtor",85,32360230,98.4
"10740","reins",85,32360315,98.4
"10741","reliability",85,32360400,98.4
"10742","rowing",85,32360485,98.4
"10743","rumble",85,32360570,98.4
"10744","seared",85,32360655,98.4
"10745","shortbread",85,32360740,98.4
"10746","sic",85,32360825,98.4
"10747","sickly",85,32360910,98.4
"10748","tangle",85,32360995,98.4
"10749","temperament",85,32361080,98.4
"10750","thump",85,32361165,98.4
"10751","tinged",85,32361250,98.4
"10752","tulle",85,32361335,98.4
"10753","unsweetened",85,32361420,98.4
"10754","upheld",85,32361505,98.4
"10755","waged",85,32361590,98.41
"10756","wiring",85,32361675,98.41
"10757","yucky",85,32361760,98.41
"10758","zoning",85,32361845,98.41
"10759","abduction",84,32361929,98.41
"10760","antibiotic",84,32362013,98.41
"10761","arduous",84,32362097,98.41
"10762","asterisk",84,32362181,98.41
"10763","clement",84,32362265,98.41
"10764","cohesion",84,32362349,98.41
"10765","continuum",84,32362433,98.41
"10766","expertly",84,32362517,98.41
"10767","hamper",84,32362601,98.41
"10768","hereby",84,32362685,98.41
"10769","hound",84,32362769,98.41
"10770","hurled",84,32362853,98.41
"10771","identifiable",84,32362937,98.41
"10772","jointly",84,32363021,98.41
"10773","ko",84,32363105,98.41
"10774","meticulously",84,32363189,98.41
"10775","misuse",84,32363273,98.41
"10776","multinational",84,32363357,98.41
"10777","mush",84,32363441,98.41
"10778","nothingness",84,32363525,98.41
"10779","objectively",84,32363609,98.41
"10780","pest",84,32363693,98.41
"10781","proficient",84,32363777,98.41
"10782","prosecute",84,32363861,98.41
"10783","railing",84,32363945,98.41
"10784","ravens",84,32364029,98.41
"10785","robbing",84,32364113,98.41
"10786","scarcely",84,32364197,98.41
"10787","schooled",84,32364281,98.41
"10788","shah",84,32364365,98.41
"10789","stationery",84,32364449,98.41
"10790","surrey",84,32364533,98.41
"10791","timetable",84,32364617,98.41
"10792","tweed",84,32364701,98.41
"10793","unspeakable",84,32364785,98.41
"10794","venison",84,32364869,98.42
"10795","whoops",84,32364953,98.42
"10796","wight",84,32365037,98.42
"10797","wrinkled",84,32365121,98.42
"10798","abolish",83,32365204,98.42
"10799","abomination",83,32365287,98.42
"10800","abstraction",83,32365370,98.42
"10801","alienation",83,32365453,98.42
"10802","ammo",83,32365536,98.42
"10803","approachable",83,32365619,98.42
"10804","articulated",83,32365702,98.42
"10805","artistically",83,32365785,98.42
"10806","ascend",83,32365868,98.42
"10807","baggy",83,32365951,98.42
"10808","boasting",83,32366034,98.42
"10809","bugaboo",83,32366117,98.42
"10810","cashmere",83,32366200,98.42
"10811","char",83,32366283,98.42
"10812","cobbler",83,32366366,98.42
"10813","compromising",83,32366449,98.42
"10814","condemning",83,32366532,98.42
"10815","condescending",83,32366615,98.42
"10816","conserve",83,32366698,98.42
"10817","deafening",83,32366781,98.42
"10818","designation",83,32366864,98.42
"10819","destroyer",83,32366947,98.42
"10820","discernment",83,32367030,98.42
"10821","divisive",83,32367113,98.42
"10822","doubly",83,32367196,98.42
"10823","duet",83,32367279,98.42
"10824","dysfunction",83,32367362,98.42
"10825","extremism",83,32367445,98.42
"10826","fad",83,32367528,98.42
"10827","fallacy",83,32367611,98.42
"10828","farce",83,32367694,98.42
"10829","fiend",83,32367777,98.42
"10830","flushing",83,32367860,98.42
"10831","fluttering",83,32367943,98.42
"10832","foyer",83,32368026,98.42
"10833","fragment",83,32368109,98.43
"10834","fright",83,32368192,98.43
"10835","gasping",83,32368275,98.43
"10836","gearbox",83,32368358,98.43
"10837","gratifying",83,32368441,98.43
"10838","gushing",83,32368524,98.43
"10839","incarceration",83,32368607,98.43
"10840","intrepid",83,32368690,98.43
"10841","kennel",83,32368773,98.43
"10842","madam",83,32368856,98.43
"10843","maniac",83,32368939,98.43
"10844","marginal",83,32369022,98.43
"10845","marmalade",83,32369105,98.43
"10846","masturbation",83,32369188,98.43
"10847","mediocrity",83,32369271,98.43
"10848","miscellaneous",83,32369354,98.43
"10849","muffled",83,32369437,98.43
"10850","nitrogen",83,32369520,98.43
"10851","observant",83,32369603,98.43
"10852","outlaw",83,32369686,98.43
"10853","pluck",83,32369769,98.43
"10854","podium",83,32369852,98.43
"10855","prelude",83,32369935,98.43
"10856","roe",83,32370018,98.43
"10857","saucer",83,32370101,98.43
"10858","stinging",83,32370184,98.43
"10859","stinking",83,32370267,98.43
"10860","superstition",83,32370350,98.43
"10861","tentatively",83,32370433,98.43
"10862","terminate",83,32370516,98.43
"10863","tome",83,32370599,98.43
"10864","tor",83,32370682,98.43
"10865","trough",83,32370765,98.43
"10866","unconsciously",83,32370848,98.43
"10867","unload",83,32370931,98.43
"10868","wooded",83,32371014,98.43
"10869","yah",83,32371097,98.43
"10870","abstinence",82,32371179,98.43
"10871","ardent",82,32371261,98.43
"10872","argentine",82,32371343,98.43
"10873","atom",82,32371425,98.44
"10874","awkwardness",82,32371507,98.44
"10875","battled",82,32371589,98.44
"10876","bog",82,32371671,98.44
"10877","braces",82,32371753,98.44
"10878","brimming",82,32371835,98.44
"10879","caucus",82,32371917,98.44
"10880","considerate",82,32371999,98.44
"10881","crux",82,32372081,98.44
"10882","disconcerting",82,32372163,98.44
"10883","disturbance",82,32372245,98.44
"10884","efficacy",82,32372327,98.44
"10885","evangelism",82,32372409,98.44
"10886","exuberant",82,32372491,98.44
"10887","fluent",82,32372573,98.44
"10888","footed",82,32372655,98.44
"10889","fraudulent",82,32372737,98.44
"10890","harmonious",82,32372819,98.44
"10891","hazardous",82,32372901,98.44
"10892","impetus",82,32372983,98.44
"10893","invalid",82,32373065,98.44
"10894","jobless",82,32373147,98.44
"10895","lout",82,32373229,98.44
"10896","mantel",82,32373311,98.44
"10897","median",82,32373393,98.44
"10898","narrowly",82,32373475,98.44
"10899","overrun",82,32373557,98.44
"10900","panther",82,32373639,98.44
"10901","plural",82,32373721,98.44
"10902","rattled",82,32373803,98.44
"10903","readiness",82,32373885,98.44
"10904","relocate",82,32373967,98.44
"10905","romp",82,32374049,98.44
"10906","sacked",82,32374131,98.44
"10907","sadistic",82,32374213,98.44
"10908","scorn",82,32374295,98.44
"10909","scotia",82,32374377,98.44
"10910","securely",82,32374459,98.44
"10911","segregation",82,32374541,98.44
"10912","sizable",82,32374623,98.44
"10913","splendor",82,32374705,98.45
"10914","striker",82,32374787,98.45
"10915","stupidly",82,32374869,98.45
"10916","suspiciously",82,32374951,98.45
"10917","tam",82,32375033,98.45
"10918","underage",82,32375115,98.45
"10919","veiled",82,32375197,98.45
"10920","wading",82,32375279,98.45
"10921","walkway",82,32375361,98.45
"10922","warden",82,32375443,98.45
"10923","wilt",82,32375525,98.45
"10924","acutely",81,32375606,98.45
"10925","affectionately",81,32375687,98.45
"10926","announcer",81,32375768,98.45
"10927","bah",81,32375849,98.45
"10928","bib",81,32375930,98.45
"10929","cervix",81,32376011,98.45
"10930","chevron",81,32376092,98.45
"10931","clasp",81,32376173,98.45
"10932","commotion",81,32376254,98.45
"10933","dada",81,32376335,98.45
"10934","dealership",81,32376416,98.45
"10935","dependency",81,32376497,98.45
"10936","disservice",81,32376578,98.45
"10937","duel",81,32376659,98.45
"10938","embody",81,32376740,98.45
"10939","enrollment",81,32376821,98.45
"10940","entail",81,32376902,98.45
"10941","euphoria",81,32376983,98.45
"10942","figuratively",81,32377064,98.45
"10943","formulate",81,32377145,98.45
"10944","frayed",81,32377226,98.45
"10945","gill",81,32377307,98.45
"10946","grueling",81,32377388,98.45
"10947","hairdresser",81,32377469,98.45
"10948","heaving",81,32377550,98.45
"10949","hegemony",81,32377631,98.45
"10950","housekeeping",81,32377712,98.45
"10951","infusion",81,32377793,98.45
"10952","irritable",81,32377874,98.45
"10953","liberally",81,32377955,98.46
"10954","limestone",81,32378036,98.46
"10955","masterful",81,32378117,98.46
"10956","medallion",81,32378198,98.46
"10957","migrate",81,32378279,98.46
"10958","pawn",81,32378360,98.46
"10959","phony",81,32378441,98.46
"10960","ply",81,32378522,98.46
"10961","polenta",81,32378603,98.46
"10962","polluted",81,32378684,98.46
"10963","possessing",81,32378765,98.46
"10964","potion",81,32378846,98.46
"10965","rejoicing",81,32378927,98.46
"10966","relic",81,32379008,98.46
"10967","relocation",81,32379089,98.46
"10968","resounding",81,32379170,98.46
"10969","respectfully",81,32379251,98.46
"10970","responsibly",81,32379332,98.46
"10971","retribution",81,32379413,98.46
"10972","roundup",81,32379494,98.46
"10973","satirical",81,32379575,98.46
"10974","scientifically",81,32379656,98.46
"10975","siding",81,32379737,98.46
"10976","specialize",81,32379818,98.46
"10977","specimen",81,32379899,98.46
"10978","spurred",81,32379980,98.46
"10979","stairway",81,32380061,98.46
"10980","surname",81,32380142,98.46
"10981","swoop",81,32380223,98.46
"10982","thrifty",81,32380304,98.46
"10983","thug",81,32380385,98.46
"10984","tingling",81,32380466,98.46
"10985","unrelenting",81,32380547,98.46
"10986","usefulness",81,32380628,98.46
"10987","wasabi",81,32380709,98.46
"10988","watcher",81,32380790,98.46
"10989","weirdly",81,32380871,98.46
"10990","wharf",81,32380952,98.46
"10991","zealous",81,32381033,98.46
"10992","aggregate",80,32381113,98.46
"10993","antenna",80,32381193,98.46
"10994","apologetic",80,32381273,98.47
"10995","appoint",80,32381353,98.47
"10996","ascertain",80,32381433,98.47
"10997","aye",80,32381513,98.47
"10998","barbaric",80,32381593,98.47
"10999","benevolent",80,32381673,98.47
"11000","bereft",80,32381753,98.47
"11001","blob",80,32381833,98.47
"11002","braid",80,32381913,98.47
"11003","broiler",80,32381993,98.47
"11004","calamity",80,32382073,98.47
"11005","compartment",80,32382153,98.47
"11006","compile",80,32382233,98.47
"11007","complexion",80,32382313,98.47
"11008","contradict",80,32382393,98.47
"11009","conundrum",80,32382473,98.47
"11010","deficiency",80,32382553,98.47
"11011","demi",80,32382633,98.47
"11012","discreet",80,32382713,98.47
"11013","disproportionate",80,32382793,98.47
"11014","downturn",80,32382873,98.47
"11015","emboss",80,32382953,98.47
"11016","engraved",80,32383033,98.47
"11017","enlighten",80,32383113,98.47
"11018","exponentially",80,32383193,98.47
"11019","foresee",80,32383273,98.47
"11020","fracture",80,32383353,98.47
"11021","gleaming",80,32383433,98.47
"11022","grouped",80,32383513,98.47
"11023","grudge",80,32383593,98.47
"11024","hearth",80,32383673,98.47
"11025","impulsive",80,32383753,98.47
"11026","indefinite",80,32383833,98.47
"11027","instructional",80,32383913,98.47
"11028","jerky",80,32383993,98.47
"11029","junta",80,32384073,98.47
"11030","kiln",80,32384153,98.47
"11031","metaphorically",80,32384233,98.47
"11032","mono",80,32384313,98.47
"11033","nauseous",80,32384393,98.47
"11034","nickel",80,32384473,98.47
"11035","outspoken",80,32384553,98.48
"11036","panting",80,32384633,98.48
"11037","pasted",80,32384713,98.48
"11038","polyester",80,32384793,98.48
"11039","prism",80,32384873,98.48
"11040","purging",80,32384953,98.48
"11041","rainfall",80,32385033,98.48
"11042","rapport",80,32385113,98.48
"11043","recital",80,32385193,98.48
"11044","relatable",80,32385273,98.48
"11045","screenwriter",80,32385353,98.48
"11046","sleeved",80,32385433,98.48
"11047","sociology",80,32385513,98.48
"11048","somber",80,32385593,98.48
"11049","spade",80,32385673,98.48
"11050","splashed",80,32385753,98.48
"11051","stair",80,32385833,98.48
"11052","swat",80,32385913,98.48
"11053","tao",80,32385993,98.48
"11054","terrestrial",80,32386073,98.48
"11055","tidbit",80,32386153,98.48
"11056","tot",80,32386233,98.48
"11057","turbulent",80,32386313,98.48
"11058","unarmed",80,32386393,98.48
"11059","untimely",80,32386473,98.48
"11060","vortex",80,32386553,98.48
"11061","warmly",80,32386633,98.48
"11062","wavy",80,32386713,98.48
"11063","wayside",80,32386793,98.48
"11064","whence",80,32386873,98.48
"11065","abdominal",79,32386952,98.48
"11066","allocation",79,32387031,98.48
"11067","appliance",79,32387110,98.48
"11068","apprehensive",79,32387189,98.48
"11069","approximate",79,32387268,98.48
"11070","ascent",79,32387347,98.48
"11071","barb",79,32387426,98.48
"11072","blooded",79,32387505,98.48
"11073","burying",79,32387584,98.48
"11074","competence",79,32387663,98.48
"11075","coolness",79,32387742,98.48
"11076","corral",79,32387821,98.49
"11077","cultured",79,32387900,98.49
"11078","detriment",79,32387979,98.49
"11079","disproportionately",79,32388058,98.49
"11080","doomsday",79,32388137,98.49
"11081","dutifully",79,32388216,98.49
"11082","dynamite",79,32388295,98.49
"11083","elated",79,32388374,98.49
"11084","erratic",79,32388453,98.49
"11085","eyeball",79,32388532,98.49
"11086","fated",79,32388611,98.49
"11087","felicity",79,32388690,98.49
"11088","fizzy",79,32388769,98.49
"11089","floppy",79,32388848,98.49
"11090","glide",79,32388927,98.49
"11091","grail",79,32389006,98.49
"11092","growl",79,32389085,98.49
"11093","gusto",79,32389164,98.49
"11094","hoot",79,32389243,98.49
"11095","hydrogen",79,32389322,98.49
"11096","inquisitive",79,32389401,98.49
"11097","interrupting",79,32389480,98.49
"11098","jolt",79,32389559,98.49
"11099","ling",79,32389638,98.49
"11100","liturgy",79,32389717,98.49
"11101","lodging",79,32389796,98.49
"11102","lukewarm",79,32389875,98.49
"11103","luminous",79,32389954,98.49
"11104","mal",79,32390033,98.49
"11105","manicure",79,32390112,98.49
"11106","mating",79,32390191,98.49
"11107","medically",79,32390270,98.49
"11108","meditative",79,32390349,98.49
"11109","moonshine",79,32390428,98.49
"11110","nicky",79,32390507,98.49
"11111","objectivity",79,32390586,98.49
"11112","omit",79,32390665,98.49
"11113","outlandish",79,32390744,98.49
"11114","oversee",79,32390823,98.49
"11115","pepperoni",79,32390902,98.49
"11116","procrastinate",79,32390981,98.49
"11117","prog",79,32391060,98.49
"11118","reborn",79,32391139,98.5
"11119","restrain",79,32391218,98.5
"11120","scant",79,32391297,98.5
"11121","sharper",79,32391376,98.5
"11122","signify",79,32391455,98.5
"11123","sizzling",79,32391534,98.5
"11124","specs",79,32391613,98.5
"11125","spewing",79,32391692,98.5
"11126","stagnant",79,32391771,98.5
"11127","straining",79,32391850,98.5
"11128","swipe",79,32391929,98.5
"11129","teething",79,32392008,98.5
"11130","testosterone",79,32392087,98.5
"11131","thaw",79,32392166,98.5
"11132","toasty",79,32392245,98.5
"11133","transcendental",79,32392324,98.5
"11134","unassuming",79,32392403,98.5
"11135","wallow",79,32392482,98.5
"11136","wearable",79,32392561,98.5
"11137","whistling",79,32392640,98.5
"11138","administer",78,32392718,98.5
"11139","aloft",78,32392796,98.5
"11140","autonomous",78,32392874,98.5
"11141","barring",78,32392952,98.5
"11142","briefing",78,32393030,98.5
"11143","broaden",78,32393108,98.5
"11144","ceramics",78,32393186,98.5
"11145","comma",78,32393264,98.5
"11146","eradicate",78,32393342,98.5
"11147","eureka",78,32393420,98.5
"11148","expressly",78,32393498,98.5
"11149","foreseeable",78,32393576,98.5
"11150","forgo",78,32393654,98.5
"11151","gemma",78,32393732,98.5
"11152","hydraulic",78,32393810,98.5
"11153","hypnosis",78,32393888,98.5
"11154","incline",78,32393966,98.5
"11155","infuse",78,32394044,98.5
"11156","inhale",78,32394122,98.5
"11157","insatiable",78,32394200,98.5
"11158","instruct",78,32394278,98.5
"11159","intrusive",78,32394356,98.5
"11160","keystone",78,32394434,98.51
"11161","limes",78,32394512,98.51
"11162","liter",78,32394590,98.51
"11163","measly",78,32394668,98.51
"11164","mercer",78,32394746,98.51
"11165","nigh",78,32394824,98.51
"11166","nobility",78,32394902,98.51
"11167","observatory",78,32394980,98.51
"11168","oneness",78,32395058,98.51
"11169","optimist",78,32395136,98.51
"11170","outpost",78,32395214,98.51
"11171","overgrown",78,32395292,98.51
"11172","ox",78,32395370,98.51
"11173","parasite",78,32395448,98.51
"11174","particle",78,32395526,98.51
"11175","pedestal",78,32395604,98.51
"11176","peripheral",78,32395682,98.51
"11177","positivity",78,32395760,98.51
"11178","proprietary",78,32395838,98.51
"11179","proton",78,32395916,98.51
"11180","prune",78,32395994,98.51
"11181","reactionary",78,32396072,98.51
"11182","reassurance",78,32396150,98.51
"11183","recharge",78,32396228,98.51
"11184","retrospective",78,32396306,98.51
"11185","rife",78,32396384,98.51
"11186","scouring",78,32396462,98.51
"11187","scribbled",78,32396540,98.51
"11188","seminal",78,32396618,98.51
"11189","serendipity",78,32396696,98.51
"11190","shaded",78,32396774,98.51
"11191","shrunk",78,32396852,98.51
"11192","slain",78,32396930,98.51
"11193","slotted",78,32397008,98.51
"11194","swagger",78,32397086,98.51
"11195","swimmer",78,32397164,98.51
"11196","teapot",78,32397242,98.51
"11197","tempest",78,32397320,98.51
"11198","thrash",78,32397398,98.51
"11199","tinker",78,32397476,98.51
"11200","troupe",78,32397554,98.51
"11201","veterinary",78,32397632,98.51
"11202","weaken",78,32397710,98.52
"11203","weber",78,32397788,98.52
"11204","wreckage",78,32397866,98.52
"11205","allegation",77,32397943,98.52
"11206","ambush",77,32398020,98.52
"11207","anomaly",77,32398097,98.52
"11208","archaic",77,32398174,98.52
"11209","badger",77,32398251,98.52
"11210","bale",77,32398328,98.52
"11211","blackness",77,32398405,98.52
"11212","bluegrass",77,32398482,98.52
"11213","burglary",77,32398559,98.52
"11214","chassis",77,32398636,98.52
"11215","chattering",77,32398713,98.52
"11216","cohort",77,32398790,98.52
"11217","consolidated",77,32398867,98.52
"11218","consortium",77,32398944,98.52
"11219","cyclist",77,32399021,98.52
"11220","denomination",77,32399098,98.52
"11221","detachment",77,32399175,98.52
"11222","deterrent",77,32399252,98.52
"11223","discouraging",77,32399329,98.52
"11224","electromagnetic",77,32399406,98.52
"11225","enamel",77,32399483,98.52
"11226","foolishly",77,32399560,98.52
"11227","fused",77,32399637,98.52
"11228","gearing",77,32399714,98.52
"11229","glacier",77,32399791,98.52
"11230","horseback",77,32399868,98.52
"11231","hover",77,32399945,98.52
"11232","illogical",77,32400022,98.52
"11233","jagged",77,32400099,98.52
"11234","journalistic",77,32400176,98.52
"11235","juggle",77,32400253,98.52
"11236","marshal",77,32400330,98.52
"11237","negligence",77,32400407,98.52
"11238","organism",77,32400484,98.52
"11239","pampered",77,32400561,98.52
"11240","patriarchal",77,32400638,98.52
"11241","peed",77,32400715,98.52
"11242","physique",77,32400792,98.52
"11243","pinched",77,32400869,98.52
"11244","potassium",77,32400946,98.52
"11245","pretzel",77,32401023,98.53
"11246","removable",77,32401100,98.53
"11247","rover",77,32401177,98.53
"11248","scrubbed",77,32401254,98.53
"11249","sculptor",77,32401331,98.53
"11250","sentient",77,32401408,98.53
"11251","shiner",77,32401485,98.53
"11252","sketching",77,32401562,98.53
"11253","slasher",77,32401639,98.53
"11254","stemmed",77,32401716,98.53
"11255","swatch",77,32401793,98.53
"11256","tartar",77,32401870,98.53
"11257","tempt",77,32401947,98.53
"11258","topical",77,32402024,98.53
"11259","twinkling",77,32402101,98.53
"11260","uncontrollably",77,32402178,98.53
"11261","undying",77,32402255,98.53
"11262","vellum",77,32402332,98.53
"11263","vending",77,32402409,98.53
"11264","vertigo",77,32402486,98.53
"11265","viability",77,32402563,98.53
"11266","warranted",77,32402640,98.53
"11267","winded",77,32402717,98.53
"11268","wisteria",77,32402794,98.53
"11269","abuser",76,32402870,98.53
"11270","aint",76,32402946,98.53
"11271","aspirin",76,32403022,98.53
"11272","barrage",76,32403098,98.53
"11273","bazaar",76,32403174,98.53
"11274","cad",76,32403250,98.53
"11275","cardiovascular",76,32403326,98.53
"11276","caretaker",76,32403402,98.53
"11277","casualty",76,32403478,98.53
"11278","chirping",76,32403554,98.53
"11279","collegiate",76,32403630,98.53
"11280","composure",76,32403706,98.53
"11281","concealer",76,32403782,98.53
"11282","degrading",76,32403858,98.53
"11283","disruptive",76,32403934,98.53
"11284","divert",76,32404010,98.53
"11285","draper",76,32404086,98.53
"11286","drivel",76,32404162,98.53
"11287","drugstore",76,32404238,98.53
"11288","durability",76,32404314,98.54
"11289","elicit",76,32404390,98.54
"11290","enigma",76,32404466,98.54
"11291","espionage",76,32404542,98.54
"11292","exemplary",76,32404618,98.54
"11293","exert",76,32404694,98.54
"11294","exhaustive",76,32404770,98.54
"11295","fandom",76,32404846,98.54
"11296","fern",76,32404922,98.54
"11297","fir",76,32404998,98.54
"11298","garrison",76,32405074,98.54
"11299","godfather",76,32405150,98.54
"11300","goldfish",76,32405226,98.54
"11301","gul",76,32405302,98.54
"11302","handler",76,32405378,98.54
"11303","illegitimate",76,32405454,98.54
"11304","incidence",76,32405530,98.54
"11305","incomprehensible",76,32405606,98.54
"11306","infancy",76,32405682,98.54
"11307","inseparable",76,32405758,98.54
"11308","insofar",76,32405834,98.54
"11309","justifying",76,32405910,98.54
"11310","khaki",76,32405986,98.54
"11311","lemony",76,32406062,98.54
"11312","lever",76,32406138,98.54
"11313","manhood",76,32406214,98.54
"11314","metabolic",76,32406290,98.54
"11315","nam",76,32406366,98.54
"11316","northwestern",76,32406442,98.54
"11317","pediatric",76,32406518,98.54
"11318","pessimistic",76,32406594,98.54
"11319","projecting",76,32406670,98.54
"11320","querying",76,32406746,98.54
"11321","reflux",76,32406822,98.54
"11322","residual",76,32406898,98.54
"11323","rowdy",76,32406974,98.54
"11324","secluded",76,32407050,98.54
"11325","southwestern",76,32407126,98.54
"11326","spoiling",76,32407202,98.54
"11327","spoilt",76,32407278,98.54
"11328","starship",76,32407354,98.54
"11329","stun",76,32407430,98.54
"11330","subversive",76,32407506,98.54
"11331","tumbled",76,32407582,98.55
"11332","uneducated",76,32407658,98.55
"11333","ungrateful",76,32407734,98.55
"11334","unparalleled",76,32407810,98.55
"11335","velvety",76,32407886,98.55
"11336","versed",76,32407962,98.55
"11337","waning",76,32408038,98.55
"11338","zak",76,32408114,98.55
"11339","amino",75,32408189,98.55
"11340","appendix",75,32408264,98.55
"11341","atrocious",75,32408339,98.55
"11342","autobiographical",75,32408414,98.55
"11343","bandit",75,32408489,98.55
"11344","cabaret",75,32408564,98.55
"11345","camouflage",75,32408639,98.55
"11346","chatty",75,32408714,98.55
"11347","coarsely",75,32408789,98.55
"11348","compressed",75,32408864,98.55
"11349","contentious",75,32408939,98.55
"11350","cruiser",75,32409014,98.55
"11351","cubic",75,32409089,98.55
"11352","defect",75,32409164,98.55
"11353","delicacy",75,32409239,98.55
"11354","deliciousness",75,32409314,98.55
"11355","derivative",75,32409389,98.55
"11356","diluted",75,32409464,98.55
"11357","duality",75,32409539,98.55
"11358","enhancement",75,32409614,98.55
"11359","erotica",75,32409689,98.55
"11360","evacuation",75,32409764,98.55
"11361","excessively",75,32409839,98.55
"11362","feline",75,32409914,98.55
"11363","fervent",75,32409989,98.55
"11364","fickle",75,32410064,98.55
"11365","fiddling",75,32410139,98.55
"11366","flourishing",75,32410214,98.55
"11367","gator",75,32410289,98.55
"11368","harshly",75,32410364,98.55
"11369","heavyweight",75,32410439,98.55
"11370","hooded",75,32410514,98.55
"11371","hoof",75,32410589,98.55
"11372","housekeeper",75,32410664,98.55
"11373","inaction",75,32410739,98.55
"11374","induction",75,32410814,98.55
"11375","interruption",75,32410889,98.56
"11376","introverted",75,32410964,98.56
"11377","lengthwise",75,32411039,98.56
"11378","libel",75,32411114,98.56
"11379","measurable",75,32411189,98.56
"11380","meek",75,32411264,98.56
"11381","millennia",75,32411339,98.56
"11382","mortified",75,32411414,98.56
"11383","mothering",75,32411489,98.56
"11384","myrtle",75,32411564,98.56
"11385","nefarious",75,32411639,98.56
"11386","notify",75,32411714,98.56
"11387","oodles",75,32411789,98.56
"11388","orchestral",75,32411864,98.56
"11389","packer",75,32411939,98.56
"11390","picket",75,32412014,98.56
"11391","pitted",75,32412089,98.56
"11392","plugging",75,32412164,98.56
"11393","posse",75,32412239,98.56
"11394","regimen",75,32412314,98.56
"11395","regularity",75,32412389,98.56
"11396","rink",75,32412464,98.56
"11397","rounding",75,32412539,98.56
"11398","salesperson",75,32412614,98.56
"11399","samurai",75,32412689,98.56
"11400","scorching",75,32412764,98.56
"11401","scrabble",75,32412839,98.56
"11402","sect",75,32412914,98.56
"11403","shrouded",75,32412989,98.56
"11404","simulation",75,32413064,98.56
"11405","snooze",75,32413139,98.56
"11406","sonny",75,32413214,98.56
"11407","spatial",75,32413289,98.56
"11408","spec",75,32413364,98.56
"11409","subtlety",75,32413439,98.56
"11410","superfluous",75,32413514,98.56
"11411","unidentified",75,32413589,98.56
"11412","unsustainable",75,32413664,98.56
"11413","valuation",75,32413739,98.56
"11414","vie",75,32413814,98.56
"11415","wasp",75,32413889,98.56
"11416","youngster",75,32413964,98.56
"11417","acceleration",74,32414038,98.56
"11418","agnostic",74,32414112,98.56
"11419","algebra",74,32414186,98.57
"11420","alkaline",74,32414260,98.57
"11421","amend",74,32414334,98.57
"11422","apex",74,32414408,98.57
"11423","artificially",74,32414482,98.57
"11424","astronaut",74,32414556,98.57
"11425","blackmail",74,32414630,98.57
"11426","bodyguard",74,32414704,98.57
"11427","cayman",74,32414778,98.57
"11428","censor",74,32414852,98.57
"11429","centennial",74,32414926,98.57
"11430","changer",74,32415000,98.57
"11431","channeling",74,32415074,98.57
"11432","chard",74,32415148,98.57
"11433","churn",74,32415222,98.57
"11434","cognac",74,32415296,98.57
"11435","coincide",74,32415370,98.57
"11436","comforter",74,32415444,98.57
"11437","conceivable",74,32415518,98.57
"11438","constipation",74,32415592,98.57
"11439","crocodile",74,32415666,98.57
"11440","curator",74,32415740,98.57
"11441","deacon",74,32415814,98.57
"11442","dharma",74,32415888,98.57
"11443","drab",74,32415962,98.57
"11444","duff",74,32416036,98.57
"11445","duvet",74,32416110,98.57
"11446","earring",74,32416184,98.57
"11447","eighteenth",74,32416258,98.57
"11448","eloquently",74,32416332,98.57
"11449","enclosure",74,32416406,98.57
"11450","entrepreneurship",74,32416480,98.57
"11451","epilepsy",74,32416554,98.57
"11452","forcefully",74,32416628,98.57
"11453","freight",74,32416702,98.57
"11454","frilly",74,32416776,98.57
"11455","frothy",74,32416850,98.57
"11456","geological",74,32416924,98.57
"11457","hale",74,32416998,98.57
"11458","hammering",74,32417072,98.57
"11459","harlequin",74,32417146,98.57
"11460","hasty",74,32417220,98.57
"11461","hoard",74,32417294,98.57
"11462","hypocrite",74,32417368,98.57
"11463","idiocy",74,32417442,98.58
"11464","imam",74,32417516,98.58
"11465","imperialist",74,32417590,98.58
"11466","indignation",74,32417664,98.58
"11467","indy",74,32417738,98.58
"11468","interfering",74,32417812,98.58
"11469","juxtaposition",74,32417886,98.58
"11470","kangaroo",74,32417960,98.58
"11471","lentil",74,32418034,98.58
"11472","netting",74,32418108,98.58
"11473","nuance",74,32418182,98.58
"11474","obscurity",74,32418256,98.58
"11475","omission",74,32418330,98.58
"11476","perk",74,32418404,98.58
"11477","perverted",74,32418478,98.58
"11478","pistachio",74,32418552,98.58
"11479","prim",74,32418626,98.58
"11480","procedural",74,32418700,98.58
"11481","procrastinating",74,32418774,98.58
"11482","prohibit",74,32418848,98.58
"11483","proprietor",74,32418922,98.58
"11484","sanctity",74,32418996,98.58
"11485","sanitation",74,32419070,98.58
"11486","seedy",74,32419144,98.58
"11487","shareholder",74,32419218,98.58
"11488","shi",74,32419292,98.58
"11489","sifted",74,32419366,98.58
"11490","sleazy",74,32419440,98.58
"11491","snowfall",74,32419514,98.58
"11492","suggestive",74,32419588,98.58
"11493","tiara",74,32419662,98.58
"11494","transporting",74,32419736,98.58
"11495","trellis",74,32419810,98.58
"11496","twig",74,32419884,98.58
"11497","underside",74,32419958,98.58
"11498","underwent",74,32420032,98.58
"11499","venerable",74,32420106,98.58
"11500","adage",73,32420179,98.58
"11501","agreeable",73,32420252,98.58
"11502","appraisal",73,32420325,98.58
"11503","astonishingly",73,32420398,98.58
"11504","authorization",73,32420471,98.58
"11505","autopsy",73,32420544,98.58
"11506","barth",73,32420617,98.58
"11507","blasphemy",73,32420690,98.58
"11508","bray",73,32420763,98.59
"11509","carcass",73,32420836,98.59
"11510","carte",73,32420909,98.59
"11511","chromosome",73,32420982,98.59
"11512","cleanliness",73,32421055,98.59
"11513","confinement",73,32421128,98.59
"11514","convertible",73,32421201,98.59
"11515","coo",73,32421274,98.59
"11516","crore",73,32421347,98.59
"11517","daffodil",73,32421420,98.59
"11518","deepening",73,32421493,98.59
"11519","defunct",73,32421566,98.59
"11520","deploy",73,32421639,98.59
"11521","deranged",73,32421712,98.59
"11522","discriminate",73,32421785,98.59
"11523","dispense",73,32421858,98.59
"11524","distinguishing",73,32421931,98.59
"11525","downpour",73,32422004,98.59
"11526","eddy",73,32422077,98.59
"11527","empress",73,32422150,98.59
"11528","enquiry",73,32422223,98.59
"11529","entree",73,32422296,98.59
"11530","filtering",73,32422369,98.59
"11531","fluorescent",73,32422442,98.59
"11532","forties",73,32422515,98.59
"11533","futility",73,32422588,98.59
"11534","galloway",73,32422661,98.59
"11535","genitals",73,32422734,98.59
"11536","geo",73,32422807,98.59
"11537","grandparent",73,32422880,98.59
"11538","groaning",73,32422953,98.59
"11539","grog",73,32423026,98.59
"11540","gumbo",73,32423099,98.59
"11541","hilariously",73,32423172,98.59
"11542","horizontally",73,32423245,98.59
"11543","hula",73,32423318,98.59
"11544","hunch",73,32423391,98.59
"11545","idyllic",73,32423464,98.59
"11546","illiterate",73,32423537,98.59
"11547","inquire",73,32423610,98.59
"11548","inquisition",73,32423683,98.59
"11549","lagoon",73,32423756,98.59
"11550","lama",73,32423829,98.59
"11551","lamented",73,32423902,98.59
"11552","loch",73,32423975,98.59
"11553","lull",73,32424048,98.6
"11554","mannered",73,32424121,98.6
"11555","mastermind",73,32424194,98.6
"11556","maverick",73,32424267,98.6
"11557","mayoral",73,32424340,98.6
"11558","modernist",73,32424413,98.6
"11559","nautical",73,32424486,98.6
"11560","opinionated",73,32424559,98.6
"11561","optimum",73,32424632,98.6
"11562","outburst",73,32424705,98.6
"11563","parkway",73,32424778,98.6
"11564","periodic",73,32424851,98.6
"11565","periphery",73,32424924,98.6
"11566","plated",73,32424997,98.6
"11567","posterity",73,32425070,98.6
"11568","precursor",73,32425143,98.6
"11569","racket",73,32425216,98.6
"11570","rebuke",73,32425289,98.6
"11571","reflex",73,32425362,98.6
"11572","reprint",73,32425435,98.6
"11573","schizophrenia",73,32425508,98.6
"11574","searing",73,32425581,98.6
"11575","sharpie",73,32425654,98.6
"11576","shelly",73,32425727,98.6
"11577","slashed",73,32425800,98.6
"11578","snip",73,32425873,98.6
"11579","sobering",73,32425946,98.6
"11580","socket",73,32426019,98.6
"11581","specification",73,32426092,98.6
"11582","stalked",73,32426165,98.6
"11583","systemic",73,32426238,98.6
"11584","thrall",73,32426311,98.6
"11585","tint",73,32426384,98.6
"11586","tirelessly",73,32426457,98.6
"11587","transformative",73,32426530,98.6
"11588","tugging",73,32426603,98.6
"11589","ugliness",73,32426676,98.6
"11590","unexplained",73,32426749,98.6
"11591","unsuccessfully",73,32426822,98.6
"11592","unwelcome",73,32426895,98.6
"11593","unwittingly",73,32426968,98.6
"11594","upheaval",73,32427041,98.6
"11595","upholstery",73,32427114,98.6
"11596","writ",73,32427187,98.6
"11597","alias",72,32427259,98.6
"11598","ambience",72,32427331,98.61
"11599","battalion",72,32427403,98.61
"11600","budge",72,32427475,98.61
"11601","butch",72,32427547,98.61
"11602","cheeseburger",72,32427619,98.61
"11603","cob",72,32427691,98.61
"11604","commando",72,32427763,98.61
"11605","commune",72,32427835,98.61
"11606","corrugated",72,32427907,98.61
"11607","cowardly",72,32427979,98.61
"11608","cramping",72,32428051,98.61
"11609","dilated",72,32428123,98.61
"11610","disapproval",72,32428195,98.61
"11611","dissatisfaction",72,32428267,98.61
"11612","dressage",72,32428339,98.61
"11613","earnestly",72,32428411,98.61
"11614","eczema",72,32428483,98.61
"11615","enact",72,32428555,98.61
"11616","enriching",72,32428627,98.61
"11617","equip",72,32428699,98.61
"11618","facet",72,32428771,98.61
"11619","fey",72,32428843,98.61
"11620","forsake",72,32428915,98.61
"11621","fragmented",72,32428987,98.61
"11622","grenade",72,32429059,98.61
"11623","grounding",72,32429131,98.61
"11624","ignite",72,32429203,98.61
"11625","intimidate",72,32429275,98.61
"11626","inwardly",72,32429347,98.61
"11627","iodine",72,32429419,98.61
"11628","juniper",72,32429491,98.61
"11629","kindred",72,32429563,98.61
"11630","knitter",72,32429635,98.61
"11631","lint",72,32429707,98.61
"11632","lollipop",72,32429779,98.61
"11633","marcel",72,32429851,98.61
"11634","mascot",72,32429923,98.61
"11635","meditating",72,32429995,98.61
"11636","modernity",72,32430067,98.61
"11637","monochromatic",72,32430139,98.61
"11638","monogram",72,32430211,98.61
"11639","mow",72,32430283,98.61
"11640","ovarian",72,32430355,98.61
"11641","planter",72,32430427,98.61
"11642","potluck",72,32430499,98.61
"11643","predatory",72,32430571,98.61
"11644","proverb",72,32430643,98.62
"11645","pungent",72,32430715,98.62
"11646","raccoon",72,32430787,98.62
"11647","ravioli",72,32430859,98.62
"11648","reaper",72,32430931,98.62
"11649","redesign",72,32431003,98.62
"11650","ref",72,32431075,98.62
"11651","refine",72,32431147,98.62
"11652","restart",72,32431219,98.62
"11653","samson",72,32431291,98.62
"11654","scourge",72,32431363,98.62
"11655","serum",72,32431435,98.62
"11656","sham",72,32431507,98.62
"11657","sil",72,32431579,98.62
"11658","sluggish",72,32431651,98.62
"11659","smuggling",72,32431723,98.62
"11660","snoring",72,32431795,98.62
"11661","stave",72,32431867,98.62
"11662","streamlined",72,32431939,98.62
"11663","subscriber",72,32432011,98.62
"11664","teammate",72,32432083,98.62
"11665","thud",72,32432155,98.62
"11666","twitch",72,32432227,98.62
"11667","unknowingly",72,32432299,98.62
"11668","unmarried",72,32432371,98.62
"11669","unresolved",72,32432443,98.62
"11670","walled",72,32432515,98.62
"11671","wayward",72,32432587,98.62
"11672","whooping",72,32432659,98.62
"11673","willful",72,32432731,98.62
"11674","woefully",72,32432803,98.62
"11675","wronged",72,32432875,98.62
"11676","alight",71,32432946,98.62
"11677","anecdote",71,32433017,98.62
"11678","archangel",71,32433088,98.62
"11679","armchair",71,32433159,98.62
"11680","asteroid",71,32433230,98.62
"11681","astute",71,32433301,98.62
"11682","baroque",71,32433372,98.62
"11683","beetroot",71,32433443,98.62
"11684","brokenness",71,32433514,98.62
"11685","brooch",71,32433585,98.62
"11686","brunt",71,32433656,98.62
"11687","brute",71,32433727,98.62
"11688","buggy",71,32433798,98.62
"11689","burp",71,32433869,98.63
"11690","burt",71,32433940,98.63
"11691","ceremonial",71,32434011,98.63
"11692","chemotherapy",71,32434082,98.63
"11693","chit",71,32434153,98.63
"11694","closeness",71,32434224,98.63
"11695","collide",71,32434295,98.63
"11696","colt",71,32434366,98.63
"11697","commuter",71,32434437,98.63
"11698","congenital",71,32434508,98.63
"11699","conservatory",71,32434579,98.63
"11700","cora",71,32434650,98.63
"11701","craftsmanship",71,32434721,98.63
"11702","cryptic",71,32434792,98.63
"11703","demented",71,32434863,98.63
"11704","dirk",71,32434934,98.63
"11705","dispersed",71,32435005,98.63
"11706","duchess",71,32435076,98.63
"11707","erika",71,32435147,98.63
"11708","estimation",71,32435218,98.63
"11709","eviction",71,32435289,98.63
"11710","fanfare",71,32435360,98.63
"11711","farthest",71,32435431,98.63
"11712","gland",71,32435502,98.63
"11713","godmother",71,32435573,98.63
"11714","hiss",71,32435644,98.63
"11715","hummingbird",71,32435715,98.63
"11716","individualism",71,32435786,98.63
"11717","infidelity",71,32435857,98.63
"11718","innumerable",71,32435928,98.63
"11719","insistent",71,32435999,98.63
"11720","kneel",71,32436070,98.63
"11721","lexicon",71,32436141,98.63
"11722","linden",71,32436212,98.63
"11723","melodrama",71,32436283,98.63
"11724","menstrual",71,32436354,98.63
"11725","metrics",71,32436425,98.63
"11726","minding",71,32436496,98.63
"11727","monsieur",71,32436567,98.63
"11728","nervousness",71,32436638,98.63
"11729","pantheon",71,32436709,98.63
"11730","pendulum",71,32436780,98.63
"11731","perilous",71,32436851,98.63
"11732","profusely",71,32436922,98.63
"11733","proliferation",71,32436993,98.63
"11734","questionnaire",71,32437064,98.63
"11735","reliably",71,32437135,98.63
"11736","rewind",71,32437206,98.64
"11737","saliva",71,32437277,98.64
"11738","sectarian",71,32437348,98.64
"11739","sickening",71,32437419,98.64
"11740","sisterhood",71,32437490,98.64
"11741","sloan",71,32437561,98.64
"11742","slush",71,32437632,98.64
"11743","soapy",71,32437703,98.64
"11744","sobriety",71,32437774,98.64
"11745","spiked",71,32437845,98.64
"11746","spotty",71,32437916,98.64
"11747","teamwork",71,32437987,98.64
"11748","tiredness",71,32438058,98.64
"11749","tracker",71,32438129,98.64
"11750","tranquil",71,32438200,98.64
"11751","tumultuous",71,32438271,98.64
"11752","unattractive",71,32438342,98.64
"11753","uncharted",71,32438413,98.64
"11754","uncontrollable",71,32438484,98.64
"11755","unpack",71,32438555,98.64
"11756","unscathed",71,32438626,98.64
"11757","unsettled",71,32438697,98.64
"11758","veterinarian",71,32438768,98.64
"11759","wolverine",71,32438839,98.64
"11760","accordion",70,32438909,98.64
"11761","acetate",70,32438979,98.64
"11762","acorn",70,32439049,98.64
"11763","antagonist",70,32439119,98.64
"11764","apostolic",70,32439189,98.64
"11765","aswell",70,32439259,98.64
"11766","bandage",70,32439329,98.64
"11767","beastie",70,32439399,98.64
"11768","bulge",70,32439469,98.64
"11769","calculator",70,32439539,98.64
"11770","clouded",70,32439609,98.64
"11771","corpus",70,32439679,98.64
"11772","counterfeit",70,32439749,98.64
"11773","crackling",70,32439819,98.64
"11774","dart",70,32439889,98.64
"11775","das",70,32439959,98.64
"11776","deathly",70,32440029,98.64
"11777","deceiving",70,32440099,98.64
"11778","deepen",70,32440169,98.64
"11779","doorbell",70,32440239,98.64
"11780","drainage",70,32440309,98.64
"11781","dunk",70,32440379,98.64
"11782","egalitarian",70,32440449,98.65
"11783","engrossed",70,32440519,98.65
"11784","euthanasia",70,32440589,98.65
"11785","expire",70,32440659,98.65
"11786","fanciful",70,32440729,98.65
"11787","flicker",70,32440799,98.65
"11788","grime",70,32440869,98.65
"11789","grinder",70,32440939,98.65
"11790","guideline",70,32441009,98.65
"11791","habitual",70,32441079,98.65
"11792","handicapped",70,32441149,98.65
"11793","heroism",70,32441219,98.65
"11794","hunk",70,32441289,98.65
"11795","huntsman",70,32441359,98.65
"11796","ilk",70,32441429,98.65
"11797","indispensable",70,32441499,98.65
"11798","insure",70,32441569,98.65
"11799","insurgent",70,32441639,98.65
"11800","latex",70,32441709,98.65
"11801","lightness",70,32441779,98.65
"11802","mesa",70,32441849,98.65
"11803","meteor",70,32441919,98.65
"11804","minnie",70,32441989,98.65
"11805","momentary",70,32442059,98.65
"11806","monte",70,32442129,98.65
"11807","mythological",70,32442199,98.65
"11808","norma",70,32442269,98.65
"11809","otter",70,32442339,98.65
"11810","outpouring",70,32442409,98.65
"11811","pant",70,32442479,98.65
"11812","patronage",70,32442549,98.65
"11813","petrified",70,32442619,98.65
"11814","plastics",70,32442689,98.65
"11815","precinct",70,32442759,98.65
"11816","quota",70,32442829,98.65
"11817","reincarnation",70,32442899,98.65
"11818","rhino",70,32442969,98.65
"11819","rosary",70,32443039,98.65
"11820","scarcity",70,32443109,98.65
"11821","seduction",70,32443179,98.65
"11822","snails",70,32443249,98.65
"11823","sod",70,32443319,98.65
"11824","speck",70,32443389,98.65
"11825","spotless",70,32443459,98.65
"11826","squishy",70,32443529,98.65
"11827","superstitious",70,32443599,98.65
"11828","swine",70,32443669,98.65
"11829","tamarind",70,32443739,98.66
"11830","tangent",70,32443809,98.66
"11831","termination",70,32443879,98.66
"11832","touchy",70,32443949,98.66
"11833","trashy",70,32444019,98.66
"11834","tucking",70,32444089,98.66
"11835","tween",70,32444159,98.66
"11836","uncontrolled",70,32444229,98.66
"11837","unforeseen",70,32444299,98.66
"11838","unforgiving",70,32444369,98.66
"11839","venom",70,32444439,98.66
"11840","wally",70,32444509,98.66
"11841","yawning",70,32444579,98.66
"11842","aesthetically",69,32444648,98.66
"11843","affliction",69,32444717,98.66
"11844","agile",69,32444786,98.66
"11845","aimlessly",69,32444855,98.66
"11846","antichrist",69,32444924,98.66
"11847","apathetic",69,32444993,98.66
"11848","babble",69,32445062,98.66
"11849","bagged",69,32445131,98.66
"11850","bestow",69,32445200,98.66
"11851","bobbing",69,32445269,98.66
"11852","breakout",69,32445338,98.66
"11853","cadence",69,32445407,98.66
"11854","causal",69,32445476,98.66
"11855","cockpit",69,32445545,98.66
"11856","counterpoint",69,32445614,98.66
"11857","crocker",69,32445683,98.66
"11858","dazed",69,32445752,98.66
"11859","deftly",69,32445821,98.66
"11860","dependable",69,32445890,98.66
"11861","detector",69,32445959,98.66
"11862","devouring",69,32446028,98.66
"11863","dudley",69,32446097,98.66
"11864","encompass",69,32446166,98.66
"11865","entourage",69,32446235,98.66
"11866","errand",69,32446304,98.66
"11867","ether",69,32446373,98.66
"11868","exemption",69,32446442,98.66
"11869","expiration",69,32446511,98.66
"11870","faceless",69,32446580,98.66
"11871","fawn",69,32446649,98.66
"11872","flatter",69,32446718,98.66
"11873","fuzz",69,32446787,98.66
"11874","heartily",69,32446856,98.66
"11875","impunity",69,32446925,98.66
"11876","inept",69,32446994,98.66
"11877","inferno",69,32447063,98.67
"11878","isolate",69,32447132,98.67
"11879","jokingly",69,32447201,98.67
"11880","ladybug",69,32447270,98.67
"11881","lard",69,32447339,98.67
"11882","lattice",69,32447408,98.67
"11883","laureate",69,32447477,98.67
"11884","lax",69,32447546,98.67
"11885","ledger",69,32447615,98.67
"11886","leek",69,32447684,98.67
"11887","madden",69,32447753,98.67
"11888","magnesium",69,32447822,98.67
"11889","mistletoe",69,32447891,98.67
"11890","nibble",69,32447960,98.67
"11891","opal",69,32448029,98.67
"11892","pleasurable",69,32448098,98.67
"11893","pompous",69,32448167,98.67
"11894","pooped",69,32448236,98.67
"11895","potted",69,32448305,98.67
"11896","prawn",69,32448374,98.67
"11897","pupil",69,32448443,98.67
"11898","purgatory",69,32448512,98.67
"11899","recount",69,32448581,98.67
"11900","revolver",69,32448650,98.67
"11901","rift",69,32448719,98.67
"11902","romero",69,32448788,98.67
"11903","router",69,32448857,98.67
"11904","sandstone",69,32448926,98.67
"11905","silliness",69,32448995,98.67
"11906","skein",69,32449064,98.67
"11907","sorcery",69,32449133,98.67
"11908","soulless",69,32449202,98.67
"11909","spacing",69,32449271,98.67
"11910","squeaky",69,32449340,98.67
"11911","stoic",69,32449409,98.67
"11912","suing",69,32449478,98.67
"11913","sundae",69,32449547,98.67
"11914","torturing",69,32449616,98.67
"11915","typo",69,32449685,98.67
"11916","undocumented",69,32449754,98.67
"11917","watchful",69,32449823,98.67
"11918","wither",69,32449892,98.67
"11919","yank",69,32449961,98.67
"11920","activation",68,32450029,98.67
"11921","amnesia",68,32450097,98.67
"11922","aspiration",68,32450165,98.67
"11923","assuredly",68,32450233,98.67
"11924","ballistic",68,32450301,98.67
"11925","balmy",68,32450369,98.68
"11926","bu",68,32450437,98.68
"11927","cancellation",68,32450505,98.68
"11928","cass",68,32450573,98.68
"11929","categorize",68,32450641,98.68
"11930","clipping",68,32450709,98.68
"11931","complacent",68,32450777,98.68
"11932","cougar",68,32450845,98.68
"11933","criss",68,32450913,98.68
"11934","cumbersome",68,32450981,98.68
"11935","cumulative",68,32451049,98.68
"11936","defiant",68,32451117,98.68
"11937","derry",68,32451185,98.68
"11938","diapering",68,32451253,98.68
"11939","dismissive",68,32451321,98.68
"11940","dispose",68,32451389,98.68
"11941","enrichment",68,32451457,98.68
"11942","fancied",68,32451525,98.68
"11943","frenzied",68,32451593,98.68
"11944","furthest",68,32451661,98.68
"11945","garb",68,32451729,98.68
"11946","geology",68,32451797,98.68
"11947","gripe",68,32451865,98.68
"11948","hapless",68,32451933,98.68
"11949","herring",68,32452001,98.68
"11950","hopelessness",68,32452069,98.68
"11951","hourly",68,32452137,98.68
"11952","injure",68,32452205,98.68
"11953","insulated",68,32452273,98.68
"11954","interpreter",68,32452341,98.68
"11955","intoxicating",68,32452409,98.68
"11956","irrigation",68,32452477,98.68
"11957","liaison",68,32452545,98.68
"11958","licorice",68,32452613,98.68
"11959","lithium",68,32452681,98.68
"11960","mage",68,32452749,98.68
"11961","mahogany",68,32452817,98.68
"11962","manure",68,32452885,98.68
"11963","medley",68,32452953,98.68
"11964","melodramatic",68,32453021,98.68
"11965","memorandum",68,32453089,98.68
"11966","miler",68,32453157,98.68
"11967","nominal",68,32453225,98.68
"11968","nourishing",68,32453293,98.68
"11969","ordinarily",68,32453361,98.68
"11970","overtake",68,32453429,98.68
"11971","pebble",68,32453497,98.68
"11972","pelvis",68,32453565,98.68
"11973","prematurely",68,32453633,98.69
"11974","pulpit",68,32453701,98.69
"11975","rampage",68,32453769,98.69
"11976","replay",68,32453837,98.69
"11977","saver",68,32453905,98.69
"11978","scorched",68,32453973,98.69
"11979","scribble",68,32454041,98.69
"11980","shimmery",68,32454109,98.69
"11981","silvery",68,32454177,98.69
"11982","slacking",68,32454245,98.69
"11983","sliver",68,32454313,98.69
"11984","stalling",68,32454381,98.69
"11985","statesman",68,32454449,98.69
"11986","stoop",68,32454517,98.69
"11987","strikingly",68,32454585,98.69
"11988","summery",68,32454653,98.69
"11989","supervise",68,32454721,98.69
"11990","taxis",68,32454789,98.69
"11991","technologically",68,32454857,98.69
"11992","thumping",68,32454925,98.69
"11993","tongs",68,32454993,98.69
"11994","trepidation",68,32455061,98.69
"11995","turbines",68,32455129,98.69
"11996","underdog",68,32455197,98.69
"11997","uninspired",68,32455265,98.69
"11998","unplanned",68,32455333,98.69
"11999","upstream",68,32455401,98.69
"12000","validate",68,32455469,98.69
"12001","vehemently",68,32455537,98.69
"12002","waistband",68,32455605,98.69
"12003","watershed",68,32455673,98.69
"12004","waxing",68,32455741,98.69
"12005","wicker",68,32455809,98.69
"12006","wield",68,32455877,98.69
"12007","yom",68,32455945,98.69
"12008","anise",67,32456012,98.69
"12009","ariel",67,32456079,98.69
"12010","ascending",67,32456146,98.69
"12011","aspen",67,32456213,98.69
"12012","banal",67,32456280,98.69
"12013","bastion",67,32456347,98.69
"12014","bleached",67,32456414,98.69
"12015","bolster",67,32456481,98.69
"12016","cheaply",67,32456548,98.69
"12017","cocoon",67,32456615,98.69
"12018","consolidate",67,32456682,98.69
"12019","conspicuous",67,32456749,98.69
"12020","cornerstone",67,32456816,98.69
"12021","crawfish",67,32456883,98.7
"12022","crook",67,32456950,98.7
"12023","dagger",67,32457017,98.7
"12024","detract",67,32457084,98.7
"12025","dichotomy",67,32457151,98.7
"12026","dilapidated",67,32457218,98.7
"12027","enamored",67,32457285,98.7
"12028","equilibrium",67,32457352,98.7
"12029","expectancy",67,32457419,98.7
"12030","fervor",67,32457486,98.7
"12031","fireman",67,32457553,98.7
"12032","flake",67,32457620,98.7
"12033","gesso",67,32457687,98.7
"12034","glassware",67,32457754,98.7
"12035","godhead",67,32457821,98.7
"12036","headset",67,32457888,98.7
"12037","heeled",67,32457955,98.7
"12038","hermit",67,32458022,98.7
"12039","hinge",67,32458089,98.7
"12040","hitter",67,32458156,98.7
"12041","instinctive",67,32458223,98.7
"12042","kidnap",67,32458290,98.7
"12043","lair",67,32458357,98.7
"12044","literate",67,32458424,98.7
"12045","mack",67,32458491,98.7
"12046","menopause",67,32458558,98.7
"12047","merger",67,32458625,98.7
"12048","misled",67,32458692,98.7
"12049","molecular",67,32458759,98.7
"12050","mu",67,32458826,98.7
"12051","mulberry",67,32458893,98.7
"12052","nativity",67,32458960,98.7
"12053","nourish",67,32459027,98.7
"12054","otherworldly",67,32459094,98.7
"12055","overdrive",67,32459161,98.7
"12056","physicist",67,32459228,98.7
"12057","pinching",67,32459295,98.7
"12058","plume",67,32459362,98.7
"12059","pseudonym",67,32459429,98.7
"12060","quarry",67,32459496,98.7
"12061","resourceful",67,32459563,98.7
"12062","resurgence",67,32459630,98.7
"12063","ret",67,32459697,98.7
"12064","rhinestone",67,32459764,98.7
"12065","rousing",67,32459831,98.7
"12066","scot",67,32459898,98.7
"12067","sizing",67,32459965,98.7
"12068","stubbornly",67,32460032,98.7
"12069","suffocating",67,32460099,98.7
"12070","sympathize",67,32460166,98.7
"12071","syndicate",67,32460233,98.71
"12072","tact",67,32460300,98.71
"12073","tapas",67,32460367,98.71
"12074","tout",67,32460434,98.71
"12075","transcend",67,32460501,98.71
"12076","tyrant",67,32460568,98.71
"12077","unbroken",67,32460635,98.71
"12078","unmistakable",67,32460702,98.71
"12079","uptown",67,32460769,98.71
"12080","utopian",67,32460836,98.71
"12081","valiant",67,32460903,98.71
"12082","waiver",67,32460970,98.71
"12083","wrestler",67,32461037,98.71
"12084","yellows",67,32461104,98.71
"12085","achievable",66,32461170,98.71
"12086","adjoining",66,32461236,98.71
"12087","advertiser",66,32461302,98.71
"12088","analyses",66,32461368,98.71
"12089","attainable",66,32461434,98.71
"12090","baxter",66,32461500,98.71
"12091","bitters",66,32461566,98.71
"12092","bounded",66,32461632,98.71
"12093","bronchitis",66,32461698,98.71
"12094","capitalize",66,32461764,98.71
"12095","caricature",66,32461830,98.71
"12096","casket",66,32461896,98.71
"12097","complacency",66,32461962,98.71
"12098","convent",66,32462028,98.71
"12099","crass",66,32462094,98.71
"12100","crunching",66,32462160,98.71
"12101","dah",66,32462226,98.71
"12102","differential",66,32462292,98.71
"12103","distort",66,32462358,98.71
"12104","emancipation",66,32462424,98.71
"12105","eruption",66,32462490,98.71
"12106","exceeding",66,32462556,98.71
"12107","faust",66,32462622,98.71
"12108","ferocious",66,32462688,98.71
"12109","forceful",66,32462754,98.71
"12110","foundational",66,32462820,98.71
"12111","frigid",66,32462886,98.71
"12112","grammatical",66,32462952,98.71
"12113","greenwood",66,32463018,98.71
"12114","hellish",66,32463084,98.71
"12115","herein",66,32463150,98.71
"12116","heyday",66,32463216,98.71
"12117","hippy",66,32463282,98.71
"12118","huff",66,32463348,98.71
"12119","hurrah",66,32463414,98.71
"12120","impatience",66,32463480,98.72
"12121","incompatible",66,32463546,98.72
"12122","iniquity",66,32463612,98.72
"12123","inkling",66,32463678,98.72
"12124","kneading",66,32463744,98.72
"12125","lateral",66,32463810,98.72
"12126","leper",66,32463876,98.72
"12127","lonesome",66,32463942,98.72
"12128","mana",66,32464008,98.72
"12129","misinformation",66,32464074,98.72
"12130","namesake",66,32464140,98.72
"12131","normalcy",66,32464206,98.72
"12132","okra",66,32464272,98.72
"12133","oncoming",66,32464338,98.72
"12134","overlay",66,32464404,98.72
"12135","overturn",66,32464470,98.72
"12136","padding",66,32464536,98.72
"12137","pajama",66,32464602,98.72
"12138","pamphlet",66,32464668,98.72
"12139","penance",66,32464734,98.72
"12140","pharmacist",66,32464800,98.72
"12141","possum",66,32464866,98.72
"12142","procurement",66,32464932,98.72
"12143","recliner",66,32464998,98.72
"12144","refining",66,32465064,98.72
"12145","restraining",66,32465130,98.72
"12146","rosette",66,32465196,98.72
"12147","rudd",66,32465262,98.72
"12148","rumbling",66,32465328,98.72
"12149","sash",66,32465394,98.72
"12150","scheming",66,32465460,98.72
"12151","scruffy",66,32465526,98.72
"12152","seamstress",66,32465592,98.72
"12153","senna",66,32465658,98.72
"12154","shamelessly",66,32465724,98.72
"12155","sharpen",66,32465790,98.72
"12156","shoppe",66,32465856,98.72
"12157","snagged",66,32465922,98.72
"12158","socialize",66,32465988,98.72
"12159","sonnet",66,32466054,98.72
"12160","splitter",66,32466120,98.72
"12161","stag",66,32466186,98.72
"12162","stuffy",66,32466252,98.72
"12163","substitution",66,32466318,98.72
"12164","tabernacle",66,32466384,98.72
"12165","taker",66,32466450,98.72
"12166","tartan",66,32466516,98.72
"12167","tenuous",66,32466582,98.72
"12168","toothbrush",66,32466648,98.72
"12169","trope",66,32466714,98.72
"12170","unbalanced",66,32466780,98.73
"12171","unfit",66,32466846,98.73
"12172","unwillingness",66,32466912,98.73
"12173","vanguard",66,32466978,98.73
"12174","vanishing",66,32467044,98.73
"12175","waistline",66,32467110,98.73
"12176","weasel",66,32467176,98.73
"12177","whoop",66,32467242,98.73
"12178","wigan",66,32467308,98.73
"12179","wong",66,32467374,98.73
"12180","woodward",66,32467440,98.73
"12181","wry",66,32467506,98.73
"12182","abolition",65,32467571,98.73
"12183","alchemy",65,32467636,98.73
"12184","artery",65,32467701,98.73
"12185","baffling",65,32467766,98.73
"12186","baring",65,32467831,98.73
"12187","bedrock",65,32467896,98.73
"12188","bosom",65,32467961,98.73
"12189","butterscotch",65,32468026,98.73
"12190","canter",65,32468091,98.73
"12191","carnal",65,32468156,98.73
"12192","cocked",65,32468221,98.73
"12193","condone",65,32468286,98.73
"12194","crackdown",65,32468351,98.73
"12195","cyrus",65,32468416,98.73
"12196","dehydration",65,32468481,98.73
"12197","deliberation",65,32468546,98.73
"12198","enchantment",65,32468611,98.73
"12199","entertainer",65,32468676,98.73
"12200","excite",65,32468741,98.73
"12201","firefly",65,32468806,98.73
"12202","fledgling",65,32468871,98.73
"12203","flirty",65,32468936,98.73
"12204","foresight",65,32469001,98.73
"12205","fruitless",65,32469066,98.73
"12206","gamut",65,32469131,98.73
"12207","geographically",65,32469196,98.73
"12208","gimmick",65,32469261,98.73
"12209","gliding",65,32469326,98.73
"12210","goddard",65,32469391,98.73
"12211","gratefully",65,32469456,98.73
"12212","gratuitous",65,32469521,98.73
"12213","impatiently",65,32469586,98.73
"12214","improvise",65,32469651,98.73
"12215","indoctrination",65,32469716,98.73
"12216","intangible",65,32469781,98.73
"12217","interplay",65,32469846,98.73
"12218","intoxicated",65,32469911,98.73
"12219","jargon",65,32469976,98.73
"12220","kaleidoscope",65,32470041,98.74
"12221","limelight",65,32470106,98.74
"12222","lionel",65,32470171,98.74
"12223","marginally",65,32470236,98.74
"12224","meager",65,32470301,98.74
"12225","mightily",65,32470366,98.74
"12226","milling",65,32470431,98.74
"12227","mishap",65,32470496,98.74
"12228","motionless",65,32470561,98.74
"12229","napa",65,32470626,98.74
"12230","outcast",65,32470691,98.74
"12231","pained",65,32470756,98.74
"12232","painstakingly",65,32470821,98.74
"12233","pap",65,32470886,98.74
"12234","paraphernalia",65,32470951,98.74
"12235","pedicure",65,32471016,98.74
"12236","playbook",65,32471081,98.74
"12237","poof",65,32471146,98.74
"12238","precarious",65,32471211,98.74
"12239","psychopath",65,32471276,98.74
"12240","quilter",65,32471341,98.74
"12241","redhead",65,32471406,98.74
"12242","remodel",65,32471471,98.74
"12243","sag",65,32471536,98.74
"12244","seep",65,32471601,98.74
"12245","seizing",65,32471666,98.74
"12246","shorten",65,32471731,98.74
"12247","showroom",65,32471796,98.74
"12248","soot",65,32471861,98.74
"12249","sorcerer",65,32471926,98.74
"12250","spelt",65,32471991,98.74
"12251","squeal",65,32472056,98.74
"12252","stately",65,32472121,98.74
"12253","stifling",65,32472186,98.74
"12254","thankfulness",65,32472251,98.74
"12255","tibet",65,32472316,98.74
"12256","tinge",65,32472381,98.74
"12257","tiresome",65,32472446,98.74
"12258","trickster",65,32472511,98.74
"12259","trifle",65,32472576,98.74
"12260","trite",65,32472641,98.74
"12261","unquestionably",65,32472706,98.74
"12262","unwind",65,32472771,98.74
"12263","uproar",65,32472836,98.74
"12264","varnish",65,32472901,98.74
"12265","vigor",65,32472966,98.74
"12266","warcraft",65,32473031,98.74
"12267","abject",64,32473095,98.74
"12268","accredited",64,32473159,98.74
"12269","antarctica",64,32473223,98.74
"12270","apache",64,32473287,98.74
"12271","artful",64,32473351,98.75
"12272","barbed",64,32473415,98.75
"12273","basilica",64,32473479,98.75
"12274","blackboard",64,32473543,98.75
"12275","bracing",64,32473607,98.75
"12276","ching",64,32473671,98.75
"12277","coercion",64,32473735,98.75
"12278","commend",64,32473799,98.75
"12279","complicate",64,32473863,98.75
"12280","convincingly",64,32473927,98.75
"12281","cookery",64,32473991,98.75
"12282","decorator",64,32474055,98.75
"12283","devious",64,32474119,98.75
"12284","dialect",64,32474183,98.75
"12285","dingy",64,32474247,98.75
"12286","equinox",64,32474311,98.75
"12287","eraser",64,32474375,98.75
"12288","evangelist",64,32474439,98.75
"12289","familial",64,32474503,98.75
"12290","fertilizer",64,32474567,98.75
"12291","finesse",64,32474631,98.75
"12292","fizz",64,32474695,98.75
"12293","flamboyant",64,32474759,98.75
"12294","foreboding",64,32474823,98.75
"12295","forestry",64,32474887,98.75
"12296","fresco",64,32474951,98.75
"12297","goliath",64,32475015,98.75
"12298","gunfire",64,32475079,98.75
"12299","heave",64,32475143,98.75
"12300","heron",64,32475207,98.75
"12301","homeowner",64,32475271,98.75
"12302","immediacy",64,32475335,98.75
"12303","impressionable",64,32475399,98.75
"12304","inconceivable",64,32475463,98.75
"12305","intolerable",64,32475527,98.75
"12306","knuckle",64,32475591,98.75
"12307","lucid",64,32475655,98.75
"12308","martyrdom",64,32475719,98.75
"12309","merrily",64,32475783,98.75
"12310","missy",64,32475847,98.75
"12311","municipality",64,32475911,98.75
"12312","mutation",64,32475975,98.75
"12313","nil",64,32476039,98.75
"12314","northeastern",64,32476103,98.75
"12315","partition",64,32476167,98.75
"12316","penetrating",64,32476231,98.75
"12317","plotted",64,32476295,98.75
"12318","pornographic",64,32476359,98.75
"12319","propane",64,32476423,98.75
"12320","quits",64,32476487,98.75
"12321","racer",64,32476551,98.75
"12322","radish",64,32476615,98.76
"12323","raj",64,32476679,98.76
"12324","redevelopment",64,32476743,98.76
"12325","shamed",64,32476807,98.76
"12326","slug",64,32476871,98.76
"12327","squealing",64,32476935,98.76
"12328","stardom",64,32476999,98.76
"12329","stereotyping",64,32477063,98.76
"12330","strenuous",64,32477127,98.76
"12331","succulent",64,32477191,98.76
"12332","sultry",64,32477255,98.76
"12333","sumptuous",64,32477319,98.76
"12334","sundry",64,32477383,98.76
"12335","symbolize",64,32477447,98.76
"12336","teaming",64,32477511,98.76
"12337","tenacity",64,32477575,98.76
"12338","terrier",64,32477639,98.76
"12339","transient",64,32477703,98.76
"12340","trustee",64,32477767,98.76
"12341","unanimous",64,32477831,98.76
"12342","unfounded",64,32477895,98.76
"12343","wasteful",64,32477959,98.76
"12344","woodwork",64,32478023,98.76
"12345","yogi",64,32478087,98.76
"12346","alchemist",63,32478150,98.76
"12347","aluminium",63,32478213,98.76
"12348","ambivalent",63,32478276,98.76
"12349","annoyingly",63,32478339,98.76
"12350","antidote",63,32478402,98.76
"12351","babbling",63,32478465,98.76
"12352","barman",63,32478528,98.76
"12353","battleship",63,32478591,98.76
"12354","beech",63,32478654,98.76
"12355","biographical",63,32478717,98.76
"12356","bluebird",63,32478780,98.76
"12357","bluntly",63,32478843,98.76
"12358","bowing",63,32478906,98.76
"12359","breeder",63,32478969,98.76
"12360","brine",63,32479032,98.76
"12361","caress",63,32479095,98.76
"12362","chagrin",63,32479158,98.76
"12363","childlike",63,32479221,98.76
"12364","choreography",63,32479284,98.76
"12365","chowder",63,32479347,98.76
"12366","comrade",63,32479410,98.76
"12367","cornered",63,32479473,98.76
"12368","counteract",63,32479536,98.76
"12369","davy",63,32479599,98.76
"12370","defamation",63,32479662,98.76
"12371","detest",63,32479725,98.76
"12372","digestion",63,32479788,98.76
"12373","diseased",63,32479851,98.76
"12374","dyeing",63,32479914,98.77
"12375","dyer",63,32479977,98.77
"12376","externally",63,32480040,98.77
"12377","figurative",63,32480103,98.77
"12378","forgettable",63,32480166,98.77
"12379","frock",63,32480229,98.77
"12380","generational",63,32480292,98.77
"12381","gilded",63,32480355,98.77
"12382","grandiose",63,32480418,98.77
"12383","growling",63,32480481,98.77
"12384","heathen",63,32480544,98.77
"12385","idealism",63,32480607,98.77
"12386","imagines",63,32480670,98.77
"12387","impractical",63,32480733,98.77
"12388","incarnate",63,32480796,98.77
"12389","incoherent",63,32480859,98.77
"12390","inscription",63,32480922,98.77
"12391","instill",63,32480985,98.77
"12392","introspection",63,32481048,98.77
"12393","josie",63,32481111,98.77
"12394","kelp",63,32481174,98.77
"12395","latitude",63,32481237,98.77
"12396","malevolent",63,32481300,98.77
"12397","microscope",63,32481363,98.77
"12398","milo",63,32481426,98.77
"12399","moor",63,32481489,98.77
"12400","neurotic",63,32481552,98.77
"12401","nexus",63,32481615,98.77
"12402","nutrient",63,32481678,98.77
"12403","overtly",63,32481741,98.77
"12404","plutonium",63,32481804,98.77
"12405","practicality",63,32481867,98.77
"12406","prevalence",63,32481930,98.77
"12407","profess",63,32481993,98.77
"12408","pruning",63,32482056,98.77
"12409","queasy",63,32482119,98.77
"12410","roundabout",63,32482182,98.77
"12411","rustling",63,32482245,98.77
"12412","scathing",63,32482308,98.77
"12413","schneider",63,32482371,98.77
"12414","seduce",63,32482434,98.77
"12415","shan",63,32482497,98.77
"12416","shorthand",63,32482560,98.77
"12417","slider",63,32482623,98.77
"12418","sorority",63,32482686,98.77
"12419","spout",63,32482749,98.77
"12420","stead",63,32482812,98.77
"12421","swelled",63,32482875,98.77
"12422","tanned",63,32482938,98.77
"12423","tertiary",63,32483001,98.77
"12424","tester",63,32483064,98.77
"12425","thirdly",63,32483127,98.77
"12426","tiered",63,32483190,98.78
"12427","torrent",63,32483253,98.78
"12428","torrential",63,32483316,98.78
"12429","tubing",63,32483379,98.78
"12430","unanimously",63,32483442,98.78
"12431","unearthed",63,32483505,98.78
"12432","unfiltered",63,32483568,98.78
"12433","uniformed",63,32483631,98.78
"12434","unreleased",63,32483694,98.78
"12435","unsolicited",63,32483757,98.78
"12436","unveiling",63,32483820,98.78
"12437","vale",63,32483883,98.78
"12438","adorn",62,32483945,98.78
"12439","aloe",62,32484007,98.78
"12440","analogue",62,32484069,98.78
"12441","annihilation",62,32484131,98.78
"12442","archetype",62,32484193,98.78
"12443","ashore",62,32484255,98.78
"12444","astonishment",62,32484317,98.78
"12445","augmented",62,32484379,98.78
"12446","bacterial",62,32484441,98.78
"12447","barge",62,32484503,98.78
"12448","bloodshed",62,32484565,98.78
"12449","bolivia",62,32484627,98.78
"12450","bookish",62,32484689,98.78
"12451","broadcaster",62,32484751,98.78
"12452","brunette",62,32484813,98.78
"12453","bulldog",62,32484875,98.78
"12454","bunting",62,32484937,98.78
"12455","carling",62,32484999,98.78
"12456","commencement",62,32485061,98.78
"12457","conquering",62,32485123,98.78
"12458","containment",62,32485185,98.78
"12459","conversational",62,32485247,98.78
"12460","corduroy",62,32485309,98.78
"12461","coroner",62,32485371,98.78
"12462","curt",62,32485433,98.78
"12463","cyclical",62,32485495,98.78
"12464","damask",62,32485557,98.78
"12465","darby",62,32485619,98.78
"12466","deportation",62,32485681,98.78
"12467","depravity",62,32485743,98.78
"12468","diddy",62,32485805,98.78
"12469","diocese",62,32485867,98.78
"12470","disingenuous",62,32485929,98.78
"12471","dispel",62,32485991,98.78
"12472","disperse",62,32486053,98.78
"12473","doctorate",62,32486115,98.78
"12474","downer",62,32486177,98.78
"12475","downstream",62,32486239,98.78
"12476","foamy",62,32486301,98.78
"12477","forging",62,32486363,98.78
"12478","fructose",62,32486425,98.78
"12479","gated",62,32486487,98.79
"12480","gentleness",62,32486549,98.79
"12481","grandchild",62,32486611,98.79
"12482","grating",62,32486673,98.79
"12483","gullible",62,32486735,98.79
"12484","harmonica",62,32486797,98.79
"12485","hawking",62,32486859,98.79
"12486","hilly",62,32486921,98.79
"12487","hitherto",62,32486983,98.79
"12488","holographic",62,32487045,98.79
"12489","iffy",62,32487107,98.79
"12490","impersonal",62,32487169,98.79
"12491","impossibility",62,32487231,98.79
"12492","improvisation",62,32487293,98.79
"12493","inane",62,32487355,98.79
"12494","innocuous",62,32487417,98.79
"12495","insurmountable",62,32487479,98.79
"12496","kemp",62,32487541,98.79
"12497","litany",62,32487603,98.79
"12498","lullaby",62,32487665,98.79
"12499","macabre",62,32487727,98.79
"12500","materialistic",62,32487789,98.79
"12501","milking",62,32487851,98.79
"12502","morphine",62,32487913,98.79
"12503","nasal",62,32487975,98.79
"12504","nestle",62,32488037,98.79
"12505","nosed",62,32488099,98.79
"12506","nourishment",62,32488161,98.79
"12507","oddity",62,32488223,98.79
"12508","otto",62,32488285,98.79
"12509","overdose",62,32488347,98.79
"12510","pathos",62,32488409,98.79
"12511","pelvic",62,32488471,98.79
"12512","perished",62,32488533,98.79
"12513","polio",62,32488595,98.79
"12514","postman",62,32488657,98.79
"12515","prenatal",62,32488719,98.79
"12516","preposterous",62,32488781,98.79
"12517","profanity",62,32488843,98.79
"12518","pug",62,32488905,98.79
"12519","quartz",62,32488967,98.79
"12520","raider",62,32489029,98.79
"12521","randomness",62,32489091,98.79
"12522","realist",62,32489153,98.79
"12523","remiss",62,32489215,98.79
"12524","remission",62,32489277,98.79
"12525","remover",62,32489339,98.79
"12526","resale",62,32489401,98.79
"12527","retaliation",62,32489463,98.79
"12528","rummage",62,32489525,98.79
"12529","sapphire",62,32489587,98.79
"12530","saxophone",62,32489649,98.79
"12531","schizophrenic",62,32489711,98.79
"12532","scoff",62,32489773,98.8
"12533","sigma",62,32489835,98.8
"12534","skimming",62,32489897,98.8
"12535","smacking",62,32489959,98.8
"12536","smudge",62,32490021,98.8
"12537","spew",62,32490083,98.8
"12538","sporty",62,32490145,98.8
"12539","steely",62,32490207,98.8
"12540","stretchy",62,32490269,98.8
"12541","stylus",62,32490331,98.8
"12542","supple",62,32490393,98.8
"12543","syllable",62,32490455,98.8
"12544","tarmac",62,32490517,98.8
"12545","tatting",62,32490579,98.8
"12546","tranquility",62,32490641,98.8
"12547","transgression",62,32490703,98.8
"12548","turbo",62,32490765,98.8
"12549","twelfth",62,32490827,98.8
"12550","unbiased",62,32490889,98.8
"12551","unremarkable",62,32490951,98.8
"12552","vocational",62,32491013,98.8
"12553","withered",62,32491075,98.8
"12554","womanhood",62,32491137,98.8
"12555","woof",62,32491199,98.8
"12556","workable",62,32491261,98.8
"12557","yielding",62,32491323,98.8
"12558","adieu",61,32491384,98.8
"12559","affidavit",61,32491445,98.8
"12560","appropriation",61,32491506,98.8
"12561","auditory",61,32491567,98.8
"12562","birthplace",61,32491628,98.8
"12563","brood",61,32491689,98.8
"12564","canteen",61,32491750,98.8
"12565","cashew",61,32491811,98.8
"12566","chariot",61,32491872,98.8
"12567","cleavage",61,32491933,98.8
"12568","compel",61,32491994,98.8
"12569","contented",61,32492055,98.8
"12570","correlated",61,32492116,98.8
"12571","deductible",61,32492177,98.8
"12572","delirium",61,32492238,98.8
"12573","deviation",61,32492299,98.8
"12574","diagnose",61,32492360,98.8
"12575","drawback",61,32492421,98.8
"12576","enroll",61,32492482,98.8
"12577","exasperated",61,32492543,98.8
"12578","fam",61,32492604,98.8
"12579","fasten",61,32492665,98.8
"12580","ferocity",61,32492726,98.8
"12581","fide",61,32492787,98.8
"12582","fished",61,32492848,98.8
"12583","flanked",61,32492909,98.8
"12584","flavoring",61,32492970,98.8
"12585","fleshed",61,32493031,98.8
"12586","gamma",61,32493092,98.81
"12587","grapevine",61,32493153,98.81
"12588","grunt",61,32493214,98.81
"12589","hibernation",61,32493275,98.81
"12590","hurriedly",61,32493336,98.81
"12591","hydrated",61,32493397,98.81
"12592","idly",61,32493458,98.81
"12593","inference",61,32493519,98.81
"12594","irreverent",61,32493580,98.81
"12595","jock",61,32493641,98.81
"12596","knelt",61,32493702,98.81
"12597","kohl",61,32493763,98.81
"12598","lackluster",61,32493824,98.81
"12599","migrant",61,32493885,98.81
"12600","ming",61,32493946,98.81
"12601","morello",61,32494007,98.81
"12602","ornamental",61,32494068,98.81
"12603","pastime",61,32494129,98.81
"12604","payer",61,32494190,98.81
"12605","pedigree",61,32494251,98.81
"12606","perfecting",61,32494312,98.81
"12607","physiological",61,32494373,98.81
"12608","postpone",61,32494434,98.81
"12609","prerequisite",61,32494495,98.81
"12610","purification",61,32494556,98.81
"12611","rectify",61,32494617,98.81
"12612","rioting",61,32494678,98.81
"12613","scolding",61,32494739,98.81
"12614","secondhand",61,32494800,98.81
"12615","shutdown",61,32494861,98.81
"12616","sifting",61,32494922,98.81
"12617","sixteenth",61,32494983,98.81
"12618","sown",61,32495044,98.81
"12619","staffed",61,32495105,98.81
"12620","stanza",61,32495166,98.81
"12621","stimuli",61,32495227,98.81
"12622","strait",61,32495288,98.81
"12623","stump",61,32495349,98.81
"12624","submerged",61,32495410,98.81
"12625","subordinate",61,32495471,98.81
"12626","subplot",61,32495532,98.81
"12627","synthesis",61,32495593,98.81
"12628","tasteful",61,32495654,98.81
"12629","thematic",61,32495715,98.81
"12630","touristy",61,32495776,98.81
"12631","traverse",61,32495837,98.81
"12632","tribulation",61,32495898,98.81
"12633","tut",61,32495959,98.81
"12634","tutu",61,32496020,98.81
"12635","unaffected",61,32496081,98.81
"12636","unbelief",61,32496142,98.81
"12637","unclean",61,32496203,98.81
"12638","unfulfilled",61,32496264,98.81
"12639","uninteresting",61,32496325,98.81
"12640","valor",61,32496386,98.82
"12641","willfully",61,32496447,98.82
"12642","za",61,32496508,98.82
"12643","acronym",60,32496568,98.82
"12644","afresh",60,32496628,98.82
"12645","arboretum",60,32496688,98.82
"12646","awash",60,32496748,98.82
"12647","backlog",60,32496808,98.82
"12648","bayou",60,32496868,98.82
"12649","birdie",60,32496928,98.82
"12650","botched",60,32496988,98.82
"12651","callous",60,32497048,98.82
"12652","cantor",60,32497108,98.82
"12653","chaps",60,32497168,98.82
"12654","colander",60,32497228,98.82
"12655","concerted",60,32497288,98.82
"12656","constellation",60,32497348,98.82
"12657","cranked",60,32497408,98.82
"12658","curvy",60,32497468,98.82
"12659","dispensation",60,32497528,98.82
"12660","divers",60,32497588,98.82
"12661","doctoral",60,32497648,98.82
"12662","dole",60,32497708,98.82
"12663","emergent",60,32497768,98.82
"12664","eroded",60,32497828,98.82
"12665","flank",60,32497888,98.82
"12666","gnostic",60,32497948,98.82
"12667","grumble",60,32498008,98.82
"12668","hasten",60,32498068,98.82
"12669","heartedly",60,32498128,98.82
"12670","helplessness",60,32498188,98.82
"12671","het",60,32498248,98.82
"12672","homelessness",60,32498308,98.82
"12673","howdy",60,32498368,98.82
"12674","humanly",60,32498428,98.82
"12675","hyperbole",60,32498488,98.82
"12676","indebted",60,32498548,98.82
"12677","indescribable",60,32498608,98.82
"12678","inescapable",60,32498668,98.82
"12679","introvert",60,32498728,98.82
"12680","jumble",60,32498788,98.82
"12681","kona",60,32498848,98.82
"12682","lis",60,32498908,98.82
"12683","midwifery",60,32498968,98.82
"12684","mislead",60,32499028,98.82
"12685","molecule",60,32499088,98.82
"12686","narcissistic",60,32499148,98.82
"12687","obituary",60,32499208,98.82
"12688","oblige",60,32499268,98.82
"12689","omen",60,32499328,98.82
"12690","orb",60,32499388,98.82
"12691","paddling",60,32499448,98.82
"12692","patter",60,32499508,98.82
"12693","peat",60,32499568,98.82
"12694","permissible",60,32499628,98.82
"12695","perpetuate",60,32499688,98.83
"12696","playfully",60,32499748,98.83
"12697","populate",60,32499808,98.83
"12698","preoccupation",60,32499868,98.83
"12699","priestly",60,32499928,98.83
"12700","pry",60,32499988,98.83
"12701","puffing",60,32500048,98.83
"12702","quell",60,32500108,98.83
"12703","rationally",60,32500168,98.83
"12704","relinquish",60,32500228,98.83
"12705","revamp",60,32500288,98.83
"12706","roosters",60,32500348,98.83
"12707","singled",60,32500408,98.83
"12708","solidly",60,32500468,98.83
"12709","springy",60,32500528,98.83
"12710","stepmother",60,32500588,98.83
"12711","streep",60,32500648,98.83
"12712","suburbia",60,32500708,98.83
"12713","superbly",60,32500768,98.83
"12714","symmetry",60,32500828,98.83
"12715","transmit",60,32500888,98.83
"12716","tremble",60,32500948,98.83
"12717","triangular",60,32501008,98.83
"12718","unkind",60,32501068,98.83
"12719","unwell",60,32501128,98.83
"12720","unwrapped",60,32501188,98.83
"12721","unwritten",60,32501248,98.83
"12722","vandalism",60,32501308,98.83
"12723","voltage",60,32501368,98.83
"12724","wearer",60,32501428,98.83
"12725","whirling",60,32501488,98.83
"12726","wholeness",60,32501548,98.83
"12727","worded",60,32501608,98.83
"12728","zag",60,32501668,98.83
"12729","afterthought",59,32501727,98.83
"12730","anesthesia",59,32501786,98.83
"12731","arched",59,32501845,98.83
"12732","archetypal",59,32501904,98.83
"12733","assimilation",59,32501963,98.83
"12734","biologist",59,32502022,98.83
"12735","bonnet",59,32502081,98.83
"12736","borg",59,32502140,98.83
"12737","borrower",59,32502199,98.83
"12738","bottomless",59,32502258,98.83
"12739","calico",59,32502317,98.83
"12740","cathartic",59,32502376,98.83
"12741","cavalry",59,32502435,98.83
"12742","clubhouse",59,32502494,98.83
"12743","coax",59,32502553,98.83
"12744","cursory",59,32502612,98.83
"12745","deprive",59,32502671,98.83
"12746","dimly",59,32502730,98.83
"12747","disparity",59,32502789,98.83
"12748","dissatisfied",59,32502848,98.83
"12749","dodd",59,32502907,98.83
"12750","douche",59,32502966,98.84
"12751","dredge",59,32503025,98.84
"12752","entangled",59,32503084,98.84
"12753","errant",59,32503143,98.84
"12754","evade",59,32503202,98.84
"12755","fable",59,32503261,98.84
"12756","favorably",59,32503320,98.84
"12757","fetching",59,32503379,98.84
"12758","finch",59,32503438,98.84
"12759","foo",59,32503497,98.84
"12760","forearm",59,32503556,98.84
"12761","foreman",59,32503615,98.84
"12762","formulation",59,32503674,98.84
"12763","fronted",59,32503733,98.84
"12764","fugitive",59,32503792,98.84
"12765","funnily",59,32503851,98.84
"12766","galilee",59,32503910,98.84
"12767","goblin",59,32503969,98.84
"12768","gourd",59,32504028,98.84
"12769","grizzly",59,32504087,98.84
"12770","grubby",59,32504146,98.84
"12771","hammock",59,32504205,98.84
"12772","illuminate",59,32504264,98.84
"12773","intermittent",59,32504323,98.84
"12774","interpersonal",59,32504382,98.84
"12775","jagger",59,32504441,98.84
"12776","laminate",59,32504500,98.84
"12777","leprechaun",59,32504559,98.84
"12778","metamorphosis",59,32504618,98.84
"12779","motorway",59,32504677,98.84
"12780","mulligan",59,32504736,98.84
"12781","newness",59,32504795,98.84
"12782","peaking",59,32504854,98.84
"12783","plop",59,32504913,98.84
"12784","pretext",59,32504972,98.84
"12785","prickly",59,32505031,98.84
"12786","quail",59,32505090,98.84
"12787","rename",59,32505149,98.84
"12788","resentful",59,32505208,98.84
"12789","rimmed",59,32505267,98.84
"12790","rind",59,32505326,98.84
"12791","scaling",59,32505385,98.84
"12792","scattering",59,32505444,98.84
"12793","seething",59,32505503,98.84
"12794","setback",59,32505562,98.84
"12795","skillful",59,32505621,98.84
"12796","skyscraper",59,32505680,98.84
"12797","slipper",59,32505739,98.84
"12798","sneezing",59,32505798,98.84
"12799","soprano",59,32505857,98.84
"12800","soreness",59,32505916,98.84
"12801","sprite",59,32505975,98.84
"12802","stewardship",59,32506034,98.84
"12803","strut",59,32506093,98.84
"12804","stylistic",59,32506152,98.84
"12805","subtext",59,32506211,98.85
"12806","tapioca",59,32506270,98.85
"12807","tasteless",59,32506329,98.85
"12808","tickling",59,32506388,98.85
"12809","twas",59,32506447,98.85
"12810","unbeknownst",59,32506506,98.85
"12811","undecided",59,32506565,98.85
"12812","vernacular",59,32506624,98.85
"12813","widowed",59,32506683,98.85
"12814","zac",59,32506742,98.85
"12815","aborted",58,32506800,98.85
"12816","adherence",58,32506858,98.85
"12817","agitation",58,32506916,98.85
"12818","aloof",58,32506974,98.85
"12819","amiss",58,32507032,98.85
"12820","ante",58,32507090,98.85
"12821","antiquated",58,32507148,98.85
"12822","archery",58,32507206,98.85
"12823","arty",58,32507264,98.85
"12824","asperger",58,32507322,98.85
"12825","auditor",58,32507380,98.85
"12826","aural",58,32507438,98.85
"12827","beanie",58,32507496,98.85
"12828","berg",58,32507554,98.85
"12829","bilateral",58,32507612,98.85
"12830","bilingual",58,32507670,98.85
"12831","blackbird",58,32507728,98.85
"12832","boyish",58,32507786,98.85
"12833","brewhouse",58,32507844,98.85
"12834","burly",58,32507902,98.85
"12835","cabernet",58,32507960,98.85
"12836","chiropractor",58,32508018,98.85
"12837","convoy",58,32508076,98.85
"12838","cordial",58,32508134,98.85
"12839","defiantly",58,32508192,98.85
"12840","derision",58,32508250,98.85
"12841","derogatory",58,32508308,98.85
"12842","descendant",58,32508366,98.85
"12843","dismayed",58,32508424,98.85
"12844","dizziness",58,32508482,98.85
"12845","dwelt",58,32508540,98.85
"12846","ebb",58,32508598,98.85
"12847","egregious",58,32508656,98.85
"12848","embargo",58,32508714,98.85
"12849","eyre",58,32508772,98.85
"12850","fervently",58,32508830,98.85
"12851","fluoride",58,32508888,98.85
"12852","gravitate",58,32508946,98.85
"12853","griddle",58,32509004,98.85
"12854","gunman",58,32509062,98.85
"12855","gush",58,32509120,98.85
"12856","hippo",58,32509178,98.85
"12857","inanimate",58,32509236,98.85
"12858","incredulous",58,32509294,98.85
"12859","indistinguishable",58,32509352,98.85
"12860","inhuman",58,32509410,98.85
"12861","intuitively",58,32509468,98.85
"12862","ire",58,32509526,98.86
"12863","jinx",58,32509584,98.86
"12864","lacing",58,32509642,98.86
"12865","lamenting",58,32509700,98.86
"12866","lazily",58,32509758,98.86
"12867","leukemia",58,32509816,98.86
"12868","lurk",58,32509874,98.86
"12869","maddening",58,32509932,98.86
"12870","molten",58,32509990,98.86
"12871","monsoon",58,32510048,98.86
"12872","murmur",58,32510106,98.86
"12873","musing",58,32510164,98.86
"12874","narrower",58,32510222,98.86
"12875","notoriety",58,32510280,98.86
"12876","obsess",58,32510338,98.86
"12877","palatable",58,32510396,98.86
"12878","paralysis",58,32510454,98.86
"12879","penal",58,32510512,98.86
"12880","perky",58,32510570,98.86
"12881","pervert",58,32510628,98.86
"12882","pivot",58,32510686,98.86
"12883","pounce",58,32510744,98.86
"12884","pout",58,32510802,98.86
"12885","pst",58,32510860,98.86
"12886","reactive",58,32510918,98.86
"12887","rediscover",58,32510976,98.86
"12888","redistribution",58,32511034,98.86
"12889","refute",58,32511092,98.86
"12890","reminisce",58,32511150,98.86
"12891","renegade",58,32511208,98.86
"12892","replete",58,32511266,98.86
"12893","repressive",58,32511324,98.86
"12894","rhine",58,32511382,98.86
"12895","sappy",58,32511440,98.86
"12896","shrill",58,32511498,98.86
"12897","sill",58,32511556,98.86
"12898","smallish",58,32511614,98.86
"12899","smelt",58,32511672,98.86
"12900","spellbinder",58,32511730,98.86
"12901","staunch",58,32511788,98.86
"12902","steamer",58,32511846,98.86
"12903","supremely",58,32511904,98.86
"12904","surly",58,32511962,98.86
"12905","taunt",58,32512020,98.86
"12906","tha",58,32512078,98.86
"12907","thinning",58,32512136,98.86
"12908","trainee",58,32512194,98.86
"12909","uncooked",58,32512252,98.86
"12910","vibrating",58,32512310,98.86
"12911","visitation",58,32512368,98.86
"12912","washable",58,32512426,98.86
"12913","withheld",58,32512484,98.86
"12914","wo",58,32512542,98.86
"12915","zenith",58,32512600,98.86
"12916","zodiac",58,32512658,98.86
"12917","academically",57,32512715,98.86
"12918","amends",57,32512772,98.86
"12919","anchorage",57,32512829,98.87
"12920","avalanche",57,32512886,98.87
"12921","beggar",57,32512943,98.87
"12922","bibliography",57,32513000,98.87
"12923","biopsy",57,32513057,98.87
"12924","bookseller",57,32513114,98.87
"12925","bottomed",57,32513171,98.87
"12926","brunswick",57,32513228,98.87
"12927","cannibal",57,32513285,98.87
"12928","cataclysm",57,32513342,98.87
"12929","catfish",57,32513399,98.87
"12930","cautionary",57,32513456,98.87
"12931","caviar",57,32513513,98.87
"12932","chartered",57,32513570,98.87
"12933","chipping",57,32513627,98.87
"12934","classically",57,32513684,98.87
"12935","complication",57,32513741,98.87
"12936","confidentiality",57,32513798,98.87
"12937","contractual",57,32513855,98.87
"12938","corporal",57,32513912,98.87
"12939","creaminess",57,32513969,98.87
"12940","deformed",57,32514026,98.87
"12941","discernible",57,32514083,98.87
"12942","discrepancy",57,32514140,98.87
"12943","discriminatory",57,32514197,98.87
"12944","disheartening",57,32514254,98.87
"12945","disjointed",57,32514311,98.87
"12946","dissect",57,32514368,98.87
"12947","enlist",57,32514425,98.87
"12948","ephemeral",57,32514482,98.87
"12949","epicenter",57,32514539,98.87
"12950","fang",57,32514596,98.87
"12951","garter",57,32514653,98.87
"12952","gash",57,32514710,98.87
"12953","glacial",57,32514767,98.87
"12954","greyhound",57,32514824,98.87
"12955","groundwork",57,32514881,98.87
"12956","hangout",57,32514938,98.87
"12957","harass",57,32514995,98.87
"12958","immunization",57,32515052,98.87
"12959","implant",57,32515109,98.87
"12960","imposition",57,32515166,98.87
"12961","inconsequential",57,32515223,98.87
"12962","insurgency",57,32515280,98.87
"12963","intercession",57,32515337,98.87
"12964","interchangeable",57,32515394,98.87
"12965","interlude",57,32515451,98.87
"12966","involuntary",57,32515508,98.87
"12967","jab",57,32515565,98.87
"12968","ladle",57,32515622,98.87
"12969","laminated",57,32515679,98.87
"12970","lea",57,32515736,98.87
"12971","lear",57,32515793,98.87
"12972","lug",57,32515850,98.87
"12973","mane",57,32515907,98.87
"12974","mashing",57,32515964,98.87
"12975","maxim",57,32516021,98.87
"12976","membrane",57,32516078,98.88
"12977","methinks",57,32516135,98.88
"12978","monotonous",57,32516192,98.88
"12979","observance",57,32516249,98.88
"12980","opus",57,32516306,98.88
"12981","patchy",57,32516363,98.88
"12982","personalize",57,32516420,98.88
"12983","petticoat",57,32516477,98.88
"12984","profitability",57,32516534,98.88
"12985","psychiatry",57,32516591,98.88
"12986","quantitative",57,32516648,98.88
"12987","recourse",57,32516705,98.88
"12988","reg",57,32516762,98.88
"12989","regent",57,32516819,98.88
"12990","ringer",57,32516876,98.88
"12991","rodeo",57,32516933,98.88
"12992","royale",57,32516990,98.88
"12993","rung",57,32517047,98.88
"12994","samba",57,32517104,98.88
"12995","scratchy",57,32517161,98.88
"12996","sewage",57,32517218,98.88
"12997","shallot",57,32517275,98.88
"12998","shortcake",57,32517332,98.88
"12999","skeptic",57,32517389,98.88
"13000","smoothing",57,32517446,98.88
"13001","snuff",57,32517503,98.88
"13002","spiky",57,32517560,98.88
"13003","squared",57,32517617,98.88
"13004","stepfather",57,32517674,98.88
"13005","syncretism",57,32517731,98.88
"13006","taut",57,32517788,98.88
"13007","thirteenth",57,32517845,98.88
"13008","thon",57,32517902,98.88
"13009","topple",57,32517959,98.88
"13010","torque",57,32518016,98.88
"13011","trey",57,32518073,98.88
"13012","unprofessional",57,32518130,98.88
"13013","varsity",57,32518187,98.88
"13014","voicing",57,32518244,98.88
"13015","warsaw",57,32518301,98.88
"13016","wedged",57,32518358,98.88
"13017","wrecking",57,32518415,98.88
"13018","yuh",57,32518472,98.88
"13019","zeppelin",57,32518529,98.88
"13020","abounding",56,32518585,98.88
"13021","ade",56,32518641,98.88
"13022","aerobic",56,32518697,98.88
"13023","anonymously",56,32518753,98.88
"13024","assuring",56,32518809,98.88
"13025","barbarian",56,32518865,98.88
"13026","bemused",56,32518921,98.88
"13027","bile",56,32518977,98.88
"13028","blockade",56,32519033,98.88
"13029","bowman",56,32519089,98.88
"13030","bravado",56,32519145,98.88
"13031","briefs",56,32519201,98.88
"13032","calculus",56,32519257,98.88
"13033","cardiologist",56,32519313,98.88
"13034","carelessly",56,32519369,98.89
"13035","chemically",56,32519425,98.89
"13036","chronology",56,32519481,98.89
"13037","chum",56,32519537,98.89
"13038","clarinet",56,32519593,98.89
"13039","collie",56,32519649,98.89
"13040","collusion",56,32519705,98.89
"13041","confessional",56,32519761,98.89
"13042","cosmopolitan",56,32519817,98.89
"13043","craftsman",56,32519873,98.89
"13044","creamer",56,32519929,98.89
"13045","criminally",56,32519985,98.89
"13046","deodorant",56,32520041,98.89
"13047","electrician",56,32520097,98.89
"13048","epilogue",56,32520153,98.89
"13049","erroneous",56,32520209,98.89
"13050","erudite",56,32520265,98.89
"13051","eyewitness",56,32520321,98.89
"13052","fillet",56,32520377,98.89
"13053","florist",56,32520433,98.89
"13054","fortitude",56,32520489,98.89
"13055","fowl",56,32520545,98.89
"13056","fowler",56,32520601,98.89
"13057","golly",56,32520657,98.89
"13058","greenish",56,32520713,98.89
"13059","grout",56,32520769,98.89
"13060","gunshot",56,32520825,98.89
"13061","hallowed",56,32520881,98.89
"13062","headless",56,32520937,98.89
"13063","henceforth",56,32520993,98.89
"13064","holler",56,32521049,98.89
"13065","illumination",56,32521105,98.89
"13066","indignant",56,32521161,98.89
"13067","inhumane",56,32521217,98.89
"13068","intensify",56,32521273,98.89
"13069","iteration",56,32521329,98.89
"13070","jaunt",56,32521385,98.89
"13071","keenly",56,32521441,98.89
"13072","kiki",56,32521497,98.89
"13073","lymph",56,32521553,98.89
"13074","maturing",56,32521609,98.89
"13075","metaphysics",56,32521665,98.89
"13076","mumble",56,32521721,98.89
"13077","nag",56,32521777,98.89
"13078","nicotine",56,32521833,98.89
"13079","null",56,32521889,98.89
"13080","ordination",56,32521945,98.89
"13081","overbearing",56,32522001,98.89
"13082","patentee",56,32522057,98.89
"13083","pearly",56,32522113,98.89
"13084","pram",56,32522169,98.89
"13085","prehistoric",56,32522225,98.89
"13086","pretense",56,32522281,98.89
"13087","provisional",56,32522337,98.89
"13088","rearrange",56,32522393,98.89
"13089","refresher",56,32522449,98.89
"13090","reinforcement",56,32522505,98.89
"13091","satchel",56,32522561,98.89
"13092","seventeenth",56,32522617,98.89
"13093","shakers",56,32522673,98.9
"13094","slaying",56,32522729,98.9
"13095","sleigh",56,32522785,98.9
"13096","soiled",56,32522841,98.9
"13097","solemnly",56,32522897,98.9
"13098","speckled",56,32522953,98.9
"13099","squish",56,32523009,98.9
"13100","stabilize",56,32523065,98.9
"13101","stronghold",56,32523121,98.9
"13102","surfer",56,32523177,98.9
"13103","syrupy",56,32523233,98.9
"13104","tay",56,32523289,98.9
"13105","tic",56,32523345,98.9
"13106","tomboy",56,32523401,98.9
"13107","toughness",56,32523457,98.9
"13108","trombone",56,32523513,98.9
"13109","twisty",56,32523569,98.9
"13110","unwavering",56,32523625,98.9
"13111","upholstered",56,32523681,98.9
"13112","utilization",56,32523737,98.9
"13113","vamp",56,32523793,98.9
"13114","vertically",56,32523849,98.9
"13115","wat",56,32523905,98.9
"13116","whoo",56,32523961,98.9
"13117","winehouse",56,32524017,98.9
"13118","withhold",56,32524073,98.9
"13119","zing",56,32524129,98.9
"13120","acupuncture",55,32524184,98.9
"13121","agar",55,32524239,98.9
"13122","aristocratic",55,32524294,98.9
"13123","armored",55,32524349,98.9
"13124","asbestos",55,32524404,98.9
"13125","atypical",55,32524459,98.9
"13126","avenger",55,32524514,98.9
"13127","awesomely",55,32524569,98.9
"13128","axes",55,32524624,98.9
"13129","baggie",55,32524679,98.9
"13130","beckoning",55,32524734,98.9
"13131","beneficiary",55,32524789,98.9
"13132","bodywork",55,32524844,98.9
"13133","brazen",55,32524899,98.9
"13134","bungalow",55,32524954,98.9
"13135","calmness",55,32525009,98.9
"13136","chauffeur",55,32525064,98.9
"13137","chipper",55,32525119,98.9
"13138","cho",55,32525174,98.9
"13139","colorless",55,32525229,98.9
"13140","commemoration",55,32525284,98.9
"13141","consulate",55,32525339,98.9
"13142","contour",55,32525394,98.9
"13143","contraption",55,32525449,98.9
"13144","countenance",55,32525504,98.9
"13145","dali",55,32525559,98.9
"13146","dar",55,32525614,98.9
"13147","darken",55,32525669,98.9
"13148","deceitful",55,32525724,98.9
"13149","denominator",55,32525779,98.9
"13150","diabolical",55,32525834,98.9
"13151","eponymous",55,32525889,98.9
"13152","equestrian",55,32525944,98.91
"13153","equitable",55,32525999,98.91
"13154","expectant",55,32526054,98.91
"13155","exquisitely",55,32526109,98.91
"13156","faerie",55,32526164,98.91
"13157","fairer",55,32526219,98.91
"13158","fictitious",55,32526274,98.91
"13159","foaming",55,32526329,98.91
"13160","frighten",55,32526384,98.91
"13161","gauntlet",55,32526439,98.91
"13162","git",55,32526494,98.91
"13163","gleefully",55,32526549,98.91
"13164","groin",55,32526604,98.91
"13165","grumbling",55,32526659,98.91
"13166","hastings",55,32526714,98.91
"13167","hoarder",55,32526769,98.91
"13168","homesick",55,32526824,98.91
"13169","hurling",55,32526879,98.91
"13170","impartial",55,32526934,98.91
"13171","incessantly",55,32526989,98.91
"13172","languishing",55,32527044,98.91
"13173","liqueur",55,32527099,98.91
"13174","logistical",55,32527154,98.91
"13175","magenta",55,32527209,98.91
"13176","mamma",55,32527264,98.91
"13177","manger",55,32527319,98.91
"13178","marquee",55,32527374,98.91
"13179","mercilessly",55,32527429,98.91
"13180","merlin",55,32527484,98.91
"13181","microscopic",55,32527539,98.91
"13182","miner",55,32527594,98.91
"13183","minimalism",55,32527649,98.91
"13184","nappy",55,32527704,98.91
"13185","neural",55,32527759,98.91
"13186","nocturnal",55,32527814,98.91
"13187","outback",55,32527869,98.91
"13188","paolo",55,32527924,98.91
"13189","penultimate",55,32527979,98.91
"13190","prescribe",55,32528034,98.91
"13191","presentable",55,32528089,98.91
"13192","principally",55,32528144,98.91
"13193","promoter",55,32528199,98.91
"13194","provocation",55,32528254,98.91
"13195","punitive",55,32528309,98.91
"13196","pursuant",55,32528364,98.91
"13197","quiver",55,32528419,98.91
"13198","raucous",55,32528474,98.91
"13199","retold",55,32528529,98.91
"13200","rodney",55,32528584,98.91
"13201","rufus",55,32528639,98.91
"13202","saucy",55,32528694,98.91
"13203","savour",55,32528749,98.91
"13204","shaggy",55,32528804,98.91
"13205","shale",55,32528859,98.91
"13206","shamrock",55,32528914,98.91
"13207","shoddy",55,32528969,98.91
"13208","shyness",55,32529024,98.91
"13209","skittles",55,32529079,98.91
"13210","slashing",55,32529134,98.91
"13211","snappy",55,32529189,98.91
"13212","snowball",55,32529244,98.92
"13213","soc",55,32529299,98.92
"13214","strode",55,32529354,98.92
"13215","sunken",55,32529409,98.92
"13216","surpass",55,32529464,98.92
"13217","suspenseful",55,32529519,98.92
"13218","synthesizer",55,32529574,98.92
"13219","trapping",55,32529629,98.92
"13220","unauthorized",55,32529684,98.92
"13221","undergrad",55,32529739,98.92
"13222","uniting",55,32529794,98.92
"13223","unscrupulous",55,32529849,98.92
"13224","vengeful",55,32529904,98.92
"13225","wynn",55,32529959,98.92
"13226","yule",55,32530014,98.92
"13227","accession",54,32530068,98.92
"13228","accuser",54,32530122,98.92
"13229","admirably",54,32530176,98.92
"13230","advantageous",54,32530230,98.92
"13231","alloy",54,32530284,98.92
"13232","alphabetical",54,32530338,98.92
"13233","anecdotal",54,32530392,98.92
"13234","anorexia",54,32530446,98.92
"13235","aristocracy",54,32530500,98.92
"13236","arson",54,32530554,98.92
"13237","atrocity",54,32530608,98.92
"13238","authorize",54,32530662,98.92
"13239","beamed",54,32530716,98.92
"13240","beater",54,32530770,98.92
"13241","beery",54,32530824,98.92
"13242","boldness",54,32530878,98.92
"13243","boundless",54,32530932,98.92
"13244","caged",54,32530986,98.92
"13245","carbohydrate",54,32531040,98.92
"13246","carp",54,32531094,98.92
"13247","chopin",54,32531148,98.92
"13248","clog",54,32531202,98.92
"13249","converge",54,32531256,98.92
"13250","cripple",54,32531310,98.92
"13251","crypt",54,32531364,98.92
"13252","cultivation",54,32531418,98.92
"13253","cusp",54,32531472,98.92
"13254","deterioration",54,32531526,98.92
"13255","devise",54,32531580,98.92
"13256","discredit",54,32531634,98.92
"13257","doings",54,32531688,98.92
"13258","doughnut",54,32531742,98.92
"13259","dryness",54,32531796,98.92
"13260","eyelid",54,32531850,98.92
"13261","fearsome",54,32531904,98.92
"13262","ferment",54,32531958,98.92
"13263","feud",54,32532012,98.92
"13264","filet",54,32532066,98.92
"13265","firewood",54,32532120,98.92
"13266","frat",54,32532174,98.92
"13267","frontal",54,32532228,98.92
"13268","gravitational",54,32532282,98.92
"13269","guidebook",54,32532336,98.92
"13270","handgun",54,32532390,98.92
"13271","hater",54,32532444,98.92
"13272","hooper",54,32532498,98.92
"13273","ich",54,32532552,98.93
"13274","implicitly",54,32532606,98.93
"13275","infestation",54,32532660,98.93
"13276","inquiring",54,32532714,98.93
"13277","joyfully",54,32532768,98.93
"13278","kilter",54,32532822,98.93
"13279","lighthearted",54,32532876,98.93
"13280","loveliness",54,32532930,98.93
"13281","malik",54,32532984,98.93
"13282","mein",54,32533038,98.93
"13283","misunderstand",54,32533092,98.93
"13284","mitigate",54,32533146,98.93
"13285","needlessly",54,32533200,98.93
"13286","nutritionist",54,32533254,98.93
"13287","originate",54,32533308,98.93
"13288","overuse",54,32533362,98.93
"13289","ow",54,32533416,98.93
"13290","papal",54,32533470,98.93
"13291","philanthropy",54,32533524,98.93
"13292","prejudiced",54,32533578,98.93
"13293","rationalize",54,32533632,98.93
"13294","reckoning",54,32533686,98.93
"13295","reopen",54,32533740,98.93
"13296","reunite",54,32533794,98.93
"13297","reversing",54,32533848,98.93
"13298","saddled",54,32533902,98.93
"13299","scorpion",54,32533956,98.93
"13300","sensuality",54,32534010,98.93
"13301","shrub",54,32534064,98.93
"13302","slay",54,32534118,98.93
"13303","smooch",54,32534172,98.93
"13304","sordid",54,32534226,98.93
"13305","soundly",54,32534280,98.93
"13306","spectacles",54,32534334,98.93
"13307","squadron",54,32534388,98.93
"13308","squirm",54,32534442,98.93
"13309","standstill",54,32534496,98.93
"13310","stevia",54,32534550,98.93
"13311","strata",54,32534604,98.93
"13312","summation",54,32534658,98.93
"13313","surrogate",54,32534712,98.93
"13314","theologian",54,32534766,98.93
"13315","tyrannical",54,32534820,98.93
"13316","valet",54,32534874,98.93
"13317","vicar",54,32534928,98.93
"13318","watchdog",54,32534982,98.93
"13319","weaponry",54,32535036,98.93
"13320","ailment",53,32535089,98.93
"13321","analyse",53,32535142,98.93
"13322","astral",53,32535195,98.93
"13323","awning",53,32535248,98.93
"13324","barter",53,32535301,98.93
"13325","behemoth",53,32535354,98.93
"13326","bespoke",53,32535407,98.93
"13327","blustery",53,32535460,98.93
"13328","boating",53,32535513,98.93
"13329","bordered",53,32535566,98.93
"13330","bountiful",53,32535619,98.93
"13331","braided",53,32535672,98.93
"13332","castor",53,32535725,98.93
"13333","catwalk",53,32535778,98.93
"13334","chiefly",53,32535831,98.94
"13335","complicity",53,32535884,98.94
"13336","confessing",53,32535937,98.94
"13337","consensual",53,32535990,98.94
"13338","creole",53,32536043,98.94
"13339","crucially",53,32536096,98.94
"13340","daemon",53,32536149,98.94
"13341","deferred",53,32536202,98.94
"13342","deluge",53,32536255,98.94
"13343","diagonally",53,32536308,98.94
"13344","diplomat",53,32536361,98.94
"13345","dissimilar",53,32536414,98.94
"13346","dissipated",53,32536467,98.94
"13347","dissolution",53,32536520,98.94
"13348","distaste",53,32536573,98.94
"13349","doctrinal",53,32536626,98.94
"13350","dodger",53,32536679,98.94
"13351","drape",53,32536732,98.94
"13352","ephemera",53,32536785,98.94
"13353","finder",53,32536838,98.94
"13354","flinch",53,32536891,98.94
"13355","fuji",53,32536944,98.94
"13356","fundamentalism",53,32536997,98.94
"13357","gait",53,32537050,98.94
"13358","galley",53,32537103,98.94
"13359","gazette",53,32537156,98.94
"13360","gnome",53,32537209,98.94
"13361","goldie",53,32537262,98.94
"13362","growler",53,32537315,98.94
"13363","guerrilla",53,32537368,98.94
"13364","hypertension",53,32537421,98.94
"13365","immorality",53,32537474,98.94
"13366","infringe",53,32537527,98.94
"13367","justifiable",53,32537580,98.94
"13368","kayak",53,32537633,98.94
"13369","keel",53,32537686,98.94
"13370","lingo",53,32537739,98.94
"13371","madeline",53,32537792,98.94
"13372","masculinity",53,32537845,98.94
"13373","mountainous",53,32537898,98.94
"13374","multiplication",53,32537951,98.94
"13375","nab",53,32538004,98.94
"13376","naught",53,32538057,98.94
"13377","nonexistent",53,32538110,98.94
"13378","nu",53,32538163,98.94
"13379","ostrich",53,32538216,98.94
"13380","pantomime",53,32538269,98.94
"13381","pappy",53,32538322,98.94
"13382","pennant",53,32538375,98.94
"13383","pesticide",53,32538428,98.94
"13384","pho",53,32538481,98.94
"13385","playhouse",53,32538534,98.94
"13386","playtime",53,32538587,98.94
"13387","plunging",53,32538640,98.94
"13388","prodigal",53,32538693,98.94
"13389","prodigy",53,32538746,98.94
"13390","proto",53,32538799,98.94
"13391","puncture",53,32538852,98.94
"13392","quaker",53,32538905,98.94
"13393","raking",53,32538958,98.94
"13394","relieving",53,32539011,98.94
"13395","repulsive",53,32539064,98.94
"13396","roost",53,32539117,98.95
"13397","rotated",53,32539170,98.95
"13398","roxy",53,32539223,98.95
"13399","scavenger",53,32539276,98.95
"13400","schoolwork",53,32539329,98.95
"13401","sever",53,32539382,98.95
"13402","sharpness",53,32539435,98.95
"13403","shocker",53,32539488,98.95
"13404","sighing",53,32539541,98.95
"13405","skeletal",53,32539594,98.95
"13406","skinless",53,32539647,98.95
"13407","slapstick",53,32539700,98.95
"13408","strategist",53,32539753,98.95
"13409","syllabus",53,32539806,98.95
"13410","truer",53,32539859,98.95
"13411","turnaround",53,32539912,98.95
"13412","utilitarian",53,32539965,98.95
"13413","widen",53,32540018,98.95
"13414","wintry",53,32540071,98.95
"13415","wobble",53,32540124,98.95
"13416","abbas",52,32540176,98.95
"13417","accentuate",52,32540228,98.95
"13418","adaptive",52,32540280,98.95
"13419","advisable",52,32540332,98.95
"13420","ailing",52,32540384,98.95
"13421","ako",52,32540436,98.95
"13422","amarillo",52,32540488,98.95
"13423","ambrose",52,32540540,98.95
"13424","animosity",52,32540592,98.95
"13425","apiece",52,32540644,98.95
"13426","aquatic",52,32540696,98.95
"13427","archipelago",52,32540748,98.95
"13428","artfully",52,32540800,98.95
"13429","ascot",52,32540852,98.95
"13430","barnard",52,32540904,98.95
"13431","beeswax",52,32540956,98.95
"13432","bhakti",52,32541008,98.95
"13433","bigoted",52,32541060,98.95
"13434","bizarrely",52,32541112,98.95
"13435","blistering",52,32541164,98.95
"13436","bobo",52,32541216,98.95
"13437","bowler",52,32541268,98.95
"13438","buildup",52,32541320,98.95
"13439","burgess",52,32541372,98.95
"13440","busily",52,32541424,98.95
"13441","calligraphy",52,32541476,98.95
"13442","camilla",52,32541528,98.95
"13443","candlelight",52,32541580,98.95
"13444","centurion",52,32541632,98.95
"13445","cheesecloth",52,32541684,98.95
"13446","clandestine",52,32541736,98.95
"13447","clothesline",52,32541788,98.95
"13448","connoisseur",52,32541840,98.95
"13449","cramp",52,32541892,98.95
"13450","criminality",52,32541944,98.95
"13451","cuckoo",52,32541996,98.95
"13452","cyclone",52,32542048,98.95
"13453","damning",52,32542100,98.95
"13454","daze",52,32542152,98.95
"13455","decently",52,32542204,98.95
"13456","demolish",52,32542256,98.95
"13457","denounce",52,32542308,98.95
"13458","dev",52,32542360,98.95
"13459","dispenser",52,32542412,98.96
"13460","dragonfly",52,32542464,98.96
"13461","ensue",52,32542516,98.96
"13462","exertion",52,32542568,98.96
"13463","expulsion",52,32542620,98.96
"13464","feverish",52,32542672,98.96
"13465","flemish",52,32542724,98.96
"13466","gloriously",52,32542776,98.96
"13467","hayward",52,32542828,98.96
"13468","healthful",52,32542880,98.96
"13469","hickey",52,32542932,98.96
"13470","hoarse",52,32542984,98.96
"13471","honeycomb",52,32543036,98.96
"13472","hydration",52,32543088,98.96
"13473","idiom",52,32543140,98.96
"13474","impairment",52,32543192,98.96
"13475","incidental",52,32543244,98.96
"13476","informational",52,32543296,98.96
"13477","intrusion",52,32543348,98.96
"13478","juncture",52,32543400,98.96
"13479","knotted",52,32543452,98.96
"13480","lacquer",52,32543504,98.96
"13481","lactose",52,32543556,98.96
"13482","leveling",52,32543608,98.96
"13483","liturgical",52,32543660,98.96
"13484","login",52,32543712,98.96
"13485","lunacy",52,32543764,98.96
"13486","marigold",52,32543816,98.96
"13487","mockingbird",52,32543868,98.96
"13488","moot",52,32543920,98.96
"13489","mustang",52,32543972,98.96
"13490","mysticism",52,32544024,98.96
"13491","necked",52,32544076,98.96
"13492","nimble",52,32544128,98.96
"13493","nitty",52,32544180,98.96
"13494","numerical",52,32544232,98.96
"13495","ooze",52,32544284,98.96
"13496","orient",52,32544336,98.96
"13497","outwardly",52,32544388,98.96
"13498","overcrowded",52,32544440,98.96
"13499","override",52,32544492,98.96
"13500","perversion",52,32544544,98.96
"13501","precedence",52,32544596,98.96
"13502","procure",52,32544648,98.96
"13503","redeemer",52,32544700,98.96
"13504","reiterate",52,32544752,98.96
"13505","resurrect",52,32544804,98.96
"13506","rounder",52,32544856,98.96
"13507","sediment",52,32544908,98.96
"13508","seine",52,32544960,98.96
"13509","selfishly",52,32545012,98.96
"13510","sentinel",52,32545064,98.96
"13511","shire",52,32545116,98.96
"13512","shriek",52,32545168,98.96
"13513","sled",52,32545220,98.96
"13514","sloth",52,32545272,98.96
"13515","sneeze",52,32545324,98.96
"13516","snugly",52,32545376,98.96
"13517","sociable",52,32545428,98.96
"13518","sojourn",52,32545480,98.96
"13519","sowing",52,32545532,98.96
"13520","sporadically",52,32545584,98.96
"13521","stampede",52,32545636,98.96
"13522","stringent",52,32545688,98.97
"13523","subterranean",52,32545740,98.97
"13524","sufficiency",52,32545792,98.97
"13525","suitor",52,32545844,98.97
"13526","tablecloth",52,32545896,98.97
"13527","talkative",52,32545948,98.97
"13528","teacup",52,32546000,98.97
"13529","throwback",52,32546052,98.97
"13530","tiled",52,32546104,98.97
"13531","tireless",52,32546156,98.97
"13532","titanium",52,32546208,98.97
"13533","titular",52,32546260,98.97
"13534","togetherness",52,32546312,98.97
"13535","tortoise",52,32546364,98.97
"13536","uncomfortably",52,32546416,98.97
"13537","unfriendly",52,32546468,98.97
"13538","unproductive",52,32546520,98.97
"13539","vacancy",52,32546572,98.97
"13540","vegetarianism",52,32546624,98.97
"13541","ventilation",52,32546676,98.97
"13542","vignette",52,32546728,98.97
"13543","visualization",52,32546780,98.97
"13544","weakening",52,32546832,98.97
"13545","wherefore",52,32546884,98.97
"13546","wouldnt",52,32546936,98.97
"13547","absolution",51,32546987,98.97
"13548","adaptable",51,32547038,98.97
"13549","adjunct",51,32547089,98.97
"13550","algae",51,32547140,98.97
"13551","allusion",51,32547191,98.97
"13552","antiquity",51,32547242,98.97
"13553","bipartisan",51,32547293,98.97
"13554","bison",51,32547344,98.97
"13555","bogart",51,32547395,98.97
"13556","brevity",51,32547446,98.97
"13557","broil",51,32547497,98.97
"13558","campaigner",51,32547548,98.97
"13559","candidacy",51,32547599,98.97
"13560","cantaloupe",51,32547650,98.97
"13561","chasm",51,32547701,98.97
"13562","climactic",51,32547752,98.97
"13563","clique",51,32547803,98.97
"13564","collaborator",51,32547854,98.97
"13565","compatibility",51,32547905,98.97
"13566","competitiveness",51,32547956,98.97
"13567","conscientious",51,32548007,98.97
"13568","curing",51,32548058,98.97
"13569","deficient",51,32548109,98.97
"13570","delaying",51,32548160,98.97
"13571","discreetly",51,32548211,98.97
"13572","disinterested",51,32548262,98.97
"13573","disobedient",51,32548313,98.97
"13574","disprove",51,32548364,98.97
"13575","distilling",51,32548415,98.97
"13576","dogmatic",51,32548466,98.97
"13577","drier",51,32548517,98.97
"13578","dumpling",51,32548568,98.97
"13579","elegantly",51,32548619,98.97
"13580","emery",51,32548670,98.97
"13581","eulogy",51,32548721,98.97
"13582","evacuate",51,32548772,98.97
"13583","experiential",51,32548823,98.97
"13584","fretting",51,32548874,98.97
"13585","fumbling",51,32548925,98.97
"13586","galloping",51,32548976,98.98
"13587","gaudy",51,32549027,98.98
"13588","gradient",51,32549078,98.98
"13589","grosgrain",51,32549129,98.98
"13590","handkerchief",51,32549180,98.98
"13591","hatching",51,32549231,98.98
"13592","hedgehog",51,32549282,98.98
"13593","helpfully",51,32549333,98.98
"13594","hereafter",51,32549384,98.98
"13595","hurl",51,32549435,98.98
"13596","impressively",51,32549486,98.98
"13597","improbable",51,32549537,98.98
"13598","inappropriately",51,32549588,98.98
"13599","intentioned",51,32549639,98.98
"13600","iridescent",51,32549690,98.98
"13601","jazzy",51,32549741,98.98
"13602","levers",51,32549792,98.98
"13603","lifeline",51,32549843,98.98
"13604","livid",51,32549894,98.98
"13605","locale",51,32549945,98.98
"13606","madman",51,32549996,98.98
"13607","marbles",51,32550047,98.98
"13608","marketer",51,32550098,98.98
"13609","mercifully",51,32550149,98.98
"13610","mink",51,32550200,98.98
"13611","moratorium",51,32550251,98.98
"13612","mullet",51,32550302,98.98
"13613","mutter",51,32550353,98.98
"13614","navel",51,32550404,98.98
"13615","negligent",51,32550455,98.98
"13616","neurologist",51,32550506,98.98
"13617","nightmarish",51,32550557,98.98
"13618","nonchalant",51,32550608,98.98
"13619","normative",51,32550659,98.98
"13620","onyx",51,32550710,98.98
"13621","preventative",51,32550761,98.98
"13622","proficiency",51,32550812,98.98
"13623","proponent",51,32550863,98.98
"13624","quench",51,32550914,98.98
"13625","radiance",51,32550965,98.98
"13626","redefine",51,32551016,98.98
"13627","regrettably",51,32551067,98.98
"13628","relativity",51,32551118,98.98
"13629","reprieve",51,32551169,98.98
"13630","roving",51,32551220,98.98
"13631","rudely",51,32551271,98.98
"13632","sanctification",51,32551322,98.98
"13633","sauna",51,32551373,98.98
"13634","scriptural",51,32551424,98.98
"13635","seismic",51,32551475,98.98
"13636","showy",51,32551526,98.98
"13637","skunk",51,32551577,98.98
"13638","slum",51,32551628,98.98
"13639","smoothness",51,32551679,98.98
"13640","sneer",51,32551730,98.98
"13641","spiciness",51,32551781,98.98
"13642","spontaneity",51,32551832,98.98
"13643","spool",51,32551883,98.98
"13644","syntax",51,32551934,98.98
"13645","tactile",51,32551985,98.98
"13646","tania",51,32552036,98.98
"13647","tingle",51,32552087,98.98
"13648","toolbox",51,32552138,98.98
"13649","toro",51,32552189,98.98
"13650","torturous",51,32552240,98.98
"13651","tourney",51,32552291,98.99
"13652","toxicity",51,32552342,98.99
"13653","travesty",51,32552393,98.99
"13654","tripel",51,32552444,98.99
"13655","trolling",51,32552495,98.99
"13656","tuberculosis",51,32552546,98.99
"13657","twirl",51,32552597,98.99
"13658","unattended",51,32552648,98.99
"13659","underfoot",51,32552699,98.99
"13660","undisclosed",51,32552750,98.99
"13661","undiscovered",51,32552801,98.99
"13662","unease",51,32552852,98.99
"13663","unflattering",51,32552903,98.99
"13664","unintentional",51,32552954,98.99
"13665","wad",51,32553005,98.99
"13666","weld",51,32553056,98.99
"13667","whippet",51,32553107,98.99
"13668","wildfire",51,32553158,98.99
"13669","abhorrent",50,32553208,98.99
"13670","accelerator",50,32553258,98.99
"13671","affront",50,32553308,98.99
"13672","angular",50,32553358,98.99
"13673","aria",50,32553408,98.99
"13674","assemblyman",50,32553458,98.99
"13675","audacious",50,32553508,98.99
"13676","augment",50,32553558,98.99
"13677","bain",50,32553608,98.99
"13678","barrow",50,32553658,98.99
"13679","bel",50,32553708,98.99
"13680","belting",50,32553758,98.99
"13681","booted",50,32553808,98.99
"13682","bosch",50,32553858,98.99
"13683","breather",50,32553908,98.99
"13684","brisket",50,32553958,98.99
"13685","buttercup",50,32554008,98.99
"13686","concurrent",50,32554058,98.99
"13687","connector",50,32554108,98.99
"13688","contemplative",50,32554158,98.99
"13689","contingency",50,32554208,98.99
"13690","convergence",50,32554258,98.99
"13691","delirious",50,32554308,98.99
"13692","democratically",50,32554358,98.99
"13693","diminutive",50,32554408,98.99
"13694","discouragement",50,32554458,98.99
"13695","disgraceful",50,32554508,98.99
"13696","dissonance",50,32554558,98.99
"13697","dossier",50,32554608,98.99
"13698","elation",50,32554658,98.99
"13699","embarrassingly",50,32554708,98.99
"13700","embed",50,32554758,98.99
"13701","episcopal",50,32554808,98.99
"13702","ere",50,32554858,98.99
"13703","exaggerate",50,32554908,98.99
"13704","fabrication",50,32554958,98.99
"13705","fanatical",50,32555008,98.99
"13706","fenugreek",50,32555058,98.99
"13707","fleshy",50,32555108,98.99
"13708","forte",50,32555158,98.99
"13709","freshen",50,32555208,98.99
"13710","gleam",50,32555258,98.99
"13711","glean",50,32555308,98.99
"13712","glider",50,32555358,98.99
"13713","gluttony",50,32555408,98.99
"13714","governess",50,32555458,98.99
"13715","graze",50,32555508,98.99
"13716","handshake",50,32555558,99
"13717","headlong",50,32555608,99
"13718","hilltop",50,32555658,99
"13719","homemaker",50,32555708,99
"13720","inaccessible",50,32555758,99
"13721","indecision",50,32555808,99
"13722","indelible",50,32555858,99
"13723","infiltrate",50,32555908,99
"13724","interpretive",50,32555958,99
"13725","intestinal",50,32556008,99
"13726","jute",50,32556058,99
"13727","karmic",50,32556108,99
"13728","mambo",50,32556158,99
"13729","midget",50,32556208,99
"13730","mirage",50,32556258,99
"13731","mull",50,32556308,99
"13732","mutton",50,32556358,99
"13733","muzzle",50,32556408,99
"13734","opportunistic",50,32556458,99
"13735","ovation",50,32556508,99
"13736","paltry",50,32556558,99
"13737","paragon",50,32556608,99
"13738","pertain",50,32556658,99
"13739","phi",50,32556708,99
"13740","phrasing",50,32556758,99
"13741","pinto",50,32556808,99
"13742","preventive",50,32556858,99
"13743","professed",50,32556908,99
"13744","publicist",50,32556958,99
"13745","quibble",50,32557008,99
"13746","ravenous",50,32557058,99
"13747","rebound",50,32557108,99
"13748","redress",50,32557158,99
"13749","rendezvous",50,32557208,99
"13750","repost",50,32557258,99
"13751","retrograde",50,32557308,99
"13752","rhapsody",50,32557358,99
"13753","rupture",50,32557408,99
"13754","scooping",50,32557458,99
"13755","sealing",50,32557508,99
"13756","smartly",50,32557558,99
"13757","snowstorm",50,32557608,99
"13758","sociological",50,32557658,99
"13759","stalwart",50,32557708,99
"13760","stiffness",50,32557758,99
"13761","stockpile",50,32557808,99
"13762","stony",50,32557858,99
"13763","strainer",50,32557908,99
"13764","suave",50,32557958,99
"13765","sullen",50,32558008,99
"13766","tenderloin",50,32558058,99
"13767","totem",50,32558108,99
"13768","ulster",50,32558158,99
"13769","unbridled",50,32558208,99
"13770","undercurrent",50,32558258,99
"13771","unequal",50,32558308,99
"13772","unfathomable",50,32558358,99
"13773","uninitiated",50,32558408,99
"13774","unplugged",50,32558458,99
"13775","unraveling",50,32558508,99
"13776","unsolved",50,32558558,99
"13777","unsuitable",50,32558608,99
"13778","vigilante",50,32558658,99
"13779","voracious",50,32558708,99
"13780","welding",50,32558758,99
"13781","whiteness",50,32558808,99
"13782","yearbook",50,32558858,99.01
"13783","absurdly",49,32558907,99.01
"13784","acreage",49,32558956,99.01
"13785","addendum",49,32559005,99.01
"13786","adrift",49,32559054,99.01
"13787","afoot",49,32559103,99.01
"13788","allegory",49,32559152,99.01
"13789","amiable",49,32559201,99.01
"13790","angled",49,32559250,99.01
"13791","ara",49,32559299,99.01
"13792","arisen",49,32559348,99.01
"13793","barricade",49,32559397,99.01
"13794","bidder",49,32559446,99.01
"13795","blossomed",49,32559495,99.01
"13796","bobbin",49,32559544,99.01
"13797","bootleg",49,32559593,99.01
"13798","bungee",49,32559642,99.01
"13799","burrow",49,32559691,99.01
"13800","cacao",49,32559740,99.01
"13801","canton",49,32559789,99.01
"13802","celiac",49,32559838,99.01
"13803","chaser",49,32559887,99.01
"13804","chemist",49,32559936,99.01
"13805","cinematographer",49,32559985,99.01
"13806","citric",49,32560034,99.01
"13807","clapped",49,32560083,99.01
"13808","colonization",49,32560132,99.01
"13809","conduit",49,32560181,99.01
"13810","connotation",49,32560230,99.01
"13811","conspiring",49,32560279,99.01
"13812","crusader",49,32560328,99.01
"13813","darned",49,32560377,99.01
"13814","defer",49,32560426,99.01
"13815","degraded",49,32560475,99.01
"13816","deviate",49,32560524,99.01
"13817","devotee",49,32560573,99.01
"13818","diffuse",49,32560622,99.01
"13819","discrete",49,32560671,99.01
"13820","displacement",49,32560720,99.01
"13821","displeasure",49,32560769,99.01
"13822","ethel",49,32560818,99.01
"13823","extradition",49,32560867,99.01
"13824","genus",49,32560916,99.01
"13825","granddad",49,32560965,99.01
"13826","grappling",49,32561014,99.01
"13827","grieved",49,32561063,99.01
"13828","grunting",49,32561112,99.01
"13829","gust",49,32561161,99.01
"13830","handset",49,32561210,99.01
"13831","hydro",49,32561259,99.01
"13832","hypnotherapy",49,32561308,99.01
"13833","idolatry",49,32561357,99.01
"13834","immeasurable",49,32561406,99.01
"13835","incremental",49,32561455,99.01
"13836","inextricably",49,32561504,99.01
"13837","kodak",49,32561553,99.01
"13838","lawlessness",49,32561602,99.01
"13839","marquis",49,32561651,99.01
"13840","mast",49,32561700,99.01
"13841","matron",49,32561749,99.01
"13842","mediator",49,32561798,99.01
"13843","milder",49,32561847,99.01
"13844","moors",49,32561896,99.01
"13845","morgue",49,32561945,99.01
"13846","morph",49,32561994,99.01
"13847","mover",49,32562043,99.01
"13848","multiplying",49,32562092,99.01
"13849","omniscient",49,32562141,99.02
"13850","optimization",49,32562190,99.02
"13851","outwards",49,32562239,99.02
"13852","overpower",49,32562288,99.02
"13853","parfait",49,32562337,99.02
"13854","pathology",49,32562386,99.02
"13855","perceiving",49,32562435,99.02
"13856","personable",49,32562484,99.02
"13857","phonics",49,32562533,99.02
"13858","plough",49,32562582,99.02
"13859","pointer",49,32562631,99.02
"13860","pol",49,32562680,99.02
"13861","poodle",49,32562729,99.02
"13862","proportional",49,32562778,99.02
"13863","propriety",49,32562827,99.02
"13864","prudence",49,32562876,99.02
"13865","purify",49,32562925,99.02
"13866","reciprocal",49,32562974,99.02
"13867","reclusive",49,32563023,99.02
"13868","reinvent",49,32563072,99.02
"13869","reissue",49,32563121,99.02
"13870","reproach",49,32563170,99.02
"13871","restful",49,32563219,99.02
"13872","seclusion",49,32563268,99.02
"13873","selectively",49,32563317,99.02
"13874","shun",49,32563366,99.02
"13875","sleeveless",49,32563415,99.02
"13876","sludge",49,32563464,99.02
"13877","soapbox",49,32563513,99.02
"13878","spinner",49,32563562,99.02
"13879","spouting",49,32563611,99.02
"13880","springing",49,32563660,99.02
"13881","squirming",49,32563709,99.02
"13882","steroid",49,32563758,99.02
"13883","storybook",49,32563807,99.02
"13884","strangle",49,32563856,99.02
"13885","subtitle",49,32563905,99.02
"13886","superpower",49,32563954,99.02
"13887","supplemental",49,32564003,99.02
"13888","sweltering",49,32564052,99.02
"13889","sylvester",49,32564101,99.02
"13890","talbot",49,32564150,99.02
"13891","tarp",49,32564199,99.02
"13892","tearful",49,32564248,99.02
"13893","ti",49,32564297,99.02
"13894","tonal",49,32564346,99.02
"13895","trimmer",49,32564395,99.02
"13896","trucking",49,32564444,99.02
"13897","unchecked",49,32564493,99.02
"13898","uncompromising",49,32564542,99.02
"13899","undertook",49,32564591,99.02
"13900","undisputed",49,32564640,99.02
"13901","uninformed",49,32564689,99.02
"13902","unloved",49,32564738,99.02
"13903","unwarranted",49,32564787,99.02
"13904","wane",49,32564836,99.02
"13905","wanton",49,32564885,99.02
"13906","wheeling",49,32564934,99.02
"13907","whimper",49,32564983,99.02
"13908","withdrawing",49,32565032,99.02
"13909","woolly",49,32565081,99.02
"13910","afield",48,32565129,99.02
"13911","antioxidant",48,32565177,99.02
"13912","antithesis",48,32565225,99.02
"13913","archaeologist",48,32565273,99.02
"13914","arroyo",48,32565321,99.02
"13915","befitting",48,32565369,99.02
"13916","birthright",48,32565417,99.03
"13917","blot",48,32565465,99.03
"13918","boozy",48,32565513,99.03
"13919","brawl",48,32565561,99.03
"13920","cartoonist",48,32565609,99.03
"13921","carver",48,32565657,99.03
"13922","cate",48,32565705,99.03
"13923","cavern",48,32565753,99.03
"13924","claimant",48,32565801,99.03
"13925","conglomerate",48,32565849,99.03
"13926","cot",48,32565897,99.03
"13927","cringing",48,32565945,99.03
"13928","cruelly",48,32565993,99.03
"13929","darkroom",48,32566041,99.03
"13930","davenport",48,32566089,99.03
"13931","dazzle",48,32566137,99.03
"13932","disintegration",48,32566185,99.03
"13933","dissipate",48,32566233,99.03
"13934","dividend",48,32566281,99.03
"13935","dosage",48,32566329,99.03
"13936","dover",48,32566377,99.03
"13937","emporium",48,32566425,99.03
"13938","enslavement",48,32566473,99.03
"13939","equator",48,32566521,99.03
"13940","escalator",48,32566569,99.03
"13941","eugenics",48,32566617,99.03
"13942","euphemism",48,32566665,99.03
"13943","exuberance",48,32566713,99.03
"13944","fabled",48,32566761,99.03
"13945","foreword",48,32566809,99.03
"13946","gladiator",48,32566857,99.03
"13947","headstone",48,32566905,99.03
"13948","impede",48,32566953,99.03
"13949","inauguration",48,32567001,99.03
"13950","inordinate",48,32567049,99.03
"13951","instrumentation",48,32567097,99.03
"13952","intermittently",48,32567145,99.03
"13953","interwoven",48,32567193,99.03
"13954","ism",48,32567241,99.03
"13955","janitor",48,32567289,99.03
"13956","jive",48,32567337,99.03
"13957","kan",48,32567385,99.03
"13958","lass",48,32567433,99.03
"13959","lather",48,32567481,99.03
"13960","lethargic",48,32567529,99.03
"13961","lev",48,32567577,99.03
"13962","levin",48,32567625,99.03
"13963","mahatma",48,32567673,99.03
"13964","marbled",48,32567721,99.03
"13965","marketable",48,32567769,99.03
"13966","masse",48,32567817,99.03
"13967","mending",48,32567865,99.03
"13968","mercenary",48,32567913,99.03
"13969","mindfulness",48,32567961,99.03
"13970","ministerial",48,32568009,99.03
"13971","minty",48,32568057,99.03
"13972","misogyny",48,32568105,99.03
"13973","modernism",48,32568153,99.03
"13974","modular",48,32568201,99.03
"13975","naturalistic",48,32568249,99.03
"13976","obi",48,32568297,99.03
"13977","ontology",48,32568345,99.03
"13978","pail",48,32568393,99.03
"13979","papaya",48,32568441,99.03
"13980","payable",48,32568489,99.03
"13981","pendragon",48,32568537,99.03
"13982","peppery",48,32568585,99.03
"13983","perceptive",48,32568633,99.03
"13984","pewter",48,32568681,99.03
"13985","pliable",48,32568729,99.04
"13986","pliers",48,32568777,99.04
"13987","preconceived",48,32568825,99.04
"13988","prognosis",48,32568873,99.04
"13989","rah",48,32568921,99.04
"13990","reiterated",48,32568969,99.04
"13991","replenish",48,32569017,99.04
"13992","resolute",48,32569065,99.04
"13993","resultant",48,32569113,99.04
"13994","rustle",48,32569161,99.04
"13995","scorned",48,32569209,99.04
"13996","scour",48,32569257,99.04
"13997","screwdriver",48,32569305,99.04
"13998","sculpt",48,32569353,99.04
"13999","sear",48,32569401,99.04
"14000","shalom",48,32569449,99.04
"14001","shingles",48,32569497,99.04
"14002","skater",48,32569545,99.04
"14003","skit",48,32569593,99.04
"14004","sloping",48,32569641,99.04
"14005","snoop",48,32569689,99.04
"14006","snotty",48,32569737,99.04
"14007","southeastern",48,32569785,99.04
"14008","sparky",48,32569833,99.04
"14009","splatter",48,32569881,99.04
"14010","stifle",48,32569929,99.04
"14011","storming",48,32569977,99.04
"14012","stunningly",48,32570025,99.04
"14013","surveying",48,32570073,99.04
"14014","thence",48,32570121,99.04
"14015","toot",48,32570169,99.04
"14016","tosh",48,32570217,99.04
"14017","tundra",48,32570265,99.04
"14018","unattainable",48,32570313,99.04
"14019","uncaring",48,32570361,99.04
"14020","unlocking",48,32570409,99.04
"14021","unspecified",48,32570457,99.04
"14022","upping",48,32570505,99.04
"14023","voyager",48,32570553,99.04
"14024","vying",48,32570601,99.04
"14025","wail",48,32570649,99.04
"14026","welling",48,32570697,99.04
"14027","whitehead",48,32570745,99.04
"14028","wistful",48,32570793,99.04
"14029","zany",48,32570841,99.04
"14030","aggravating",47,32570888,99.04
"14031","albino",47,32570935,99.04
"14032","auxiliary",47,32570982,99.04
"14033","averse",47,32571029,99.04
"14034","axle",47,32571076,99.04
"14035","benefactor",47,32571123,99.04
"14036","blighted",47,32571170,99.04
"14037","boa",47,32571217,99.04
"14038","brash",47,32571264,99.04
"14039","caressing",47,32571311,99.04
"14040","centrally",47,32571358,99.04
"14041","chlorine",47,32571405,99.04
"14042","choral",47,32571452,99.04
"14043","circumference",47,32571499,99.04
"14044","conner",47,32571546,99.04
"14045","cowardice",47,32571593,99.04
"14046","dalton",47,32571640,99.04
"14047","defective",47,32571687,99.04
"14048","definitively",47,32571734,99.04
"14049","deft",47,32571781,99.04
"14050","dismantle",47,32571828,99.04
"14051","diver",47,32571875,99.04
"14052","divulge",47,32571922,99.04
"14053","endemic",47,32571969,99.04
"14054","escapism",47,32572016,99.05
"14055","felting",47,32572063,99.05
"14056","fiat",47,32572110,99.05
"14057","fitter",47,32572157,99.05
"14058","fives",47,32572204,99.05
"14059","flask",47,32572251,99.05
"14060","fondue",47,32572298,99.05
"14061","forage",47,32572345,99.05
"14062","foursquare",47,32572392,99.05
"14063","friendliness",47,32572439,99.05
"14064","gingerly",47,32572486,99.05
"14065","gunner",47,32572533,99.05
"14066","hierarchical",47,32572580,99.05
"14067","hissing",47,32572627,99.05
"14068","ibis",47,32572674,99.05
"14069","inertia",47,32572721,99.05
"14070","infrequent",47,32572768,99.05
"14071","innuendo",47,32572815,99.05
"14072","instructive",47,32572862,99.05
"14073","irate",47,32572909,99.05
"14074","jest",47,32572956,99.05
"14075","jovial",47,32573003,99.05
"14076","knockout",47,32573050,99.05
"14077","loathsome",47,32573097,99.05
"14078","lockout",47,32573144,99.05
"14079","mains",47,32573191,99.05
"14080","marmite",47,32573238,99.05
"14081","meddling",47,32573285,99.05
"14082","melee",47,32573332,99.05
"14083","misdemeanor",47,32573379,99.05
"14084","morsel",47,32573426,99.05
"14085","motley",47,32573473,99.05
"14086","mumbling",47,32573520,99.05
"14087","mused",47,32573567,99.05
"14088","negligible",47,32573614,99.05
"14089","nettle",47,32573661,99.05
"14090","noose",47,32573708,99.05
"14091","overalls",47,32573755,99.05
"14092","overdone",47,32573802,99.05
"14093","parasol",47,32573849,99.05
"14094","pent",47,32573896,99.05
"14095","peony",47,32573943,99.05
"14096","piety",47,32573990,99.05
"14097","piney",47,32574037,99.05
"14098","pithy",47,32574084,99.05
"14099","plodding",47,32574131,99.05
"14100","plummer",47,32574178,99.05
"14101","polarity",47,32574225,99.05
"14102","politeness",47,32574272,99.05
"14103","pore",47,32574319,99.05
"14104","porous",47,32574366,99.05
"14105","portman",47,32574413,99.05
"14106","potency",47,32574460,99.05
"14107","predominant",47,32574507,99.05
"14108","presto",47,32574554,99.05
"14109","putty",47,32574601,99.05
"14110","reheat",47,32574648,99.05
"14111","replicated",47,32574695,99.05
"14112","restlessness",47,32574742,99.05
"14113","reworked",47,32574789,99.05
"14114","rickey",47,32574836,99.05
"14115","romaine",47,32574883,99.05
"14116","salamander",47,32574930,99.05
"14117","saline",47,32574977,99.05
"14118","scarecrow",47,32575024,99.05
"14119","schism",47,32575071,99.05
"14120","scoot",47,32575118,99.05
"14121","scrooge",47,32575165,99.05
"14122","semantics",47,32575212,99.05
"14123","sender",47,32575259,99.05
"14124","shears",47,32575306,99.06
"14125","shredding",47,32575353,99.06
"14126","sizeable",47,32575400,99.06
"14127","skillfully",47,32575447,99.06
"14128","snark",47,32575494,99.06
"14129","softening",47,32575541,99.06
"14130","solidify",47,32575588,99.06
"14131","spate",47,32575635,99.06
"14132","speciality",47,32575682,99.06
"14133","starfish",47,32575729,99.06
"14134","succinctly",47,32575776,99.06
"14135","sunburn",47,32575823,99.06
"14136","swanky",47,32575870,99.06
"14137","taupe",47,32575917,99.06
"14138","thunderous",47,32575964,99.06
"14139","topless",47,32576011,99.06
"14140","torpedo",47,32576058,99.06
"14141","toying",47,32576105,99.06
"14142","treachery",47,32576152,99.06
"14143","treading",47,32576199,99.06
"14144","trouser",47,32576246,99.06
"14145","unafraid",47,32576293,99.06
"14146","undue",47,32576340,99.06
"14147","unequivocally",47,32576387,99.06
"14148","uniformly",47,32576434,99.06
"14149","volatility",47,32576481,99.06
"14150","vulture",47,32576528,99.06
"14151","windmill",47,32576575,99.06
"14152","adversely",46,32576621,99.06
"14153","ammonia",46,32576667,99.06
"14154","analytic",46,32576713,99.06
"14155","ascendancy",46,32576759,99.06
"14156","averted",46,32576805,99.06
"14157","ax",46,32576851,99.06
"14158","banded",46,32576897,99.06
"14159","besieged",46,32576943,99.06
"14160","boisterous",46,32576989,99.06
"14161","bourgeoisie",46,32577035,99.06
"14162","brainwashing",46,32577081,99.06
"14163","buckwheat",46,32577127,99.06
"14164","bullock",46,32577173,99.06
"14165","canonical",46,32577219,99.06
"14166","cavalier",46,32577265,99.06
"14167","chalice",46,32577311,99.06
"14168","clinically",46,32577357,99.06
"14169","congested",46,32577403,99.06
"14170","conventionally",46,32577449,99.06
"14171","correctional",46,32577495,99.06
"14172","cotta",46,32577541,99.06
"14173","courteous",46,32577587,99.06
"14174","dampen",46,32577633,99.06
"14175","damsel",46,32577679,99.06
"14176","debauchery",46,32577725,99.06
"14177","defensively",46,32577771,99.06
"14178","delinquent",46,32577817,99.06
"14179","denominational",46,32577863,99.06
"14180","depressive",46,32577909,99.06
"14181","designate",46,32577955,99.06
"14182","despairing",46,32578001,99.06
"14183","disarray",46,32578047,99.06
"14184","discography",46,32578093,99.06
"14185","dispatcher",46,32578139,99.06
"14186","dogwood",46,32578185,99.06
"14187","drudgery",46,32578231,99.06
"14188","drunkenness",46,32578277,99.06
"14189","eatery",46,32578323,99.06
"14190","eel",46,32578369,99.06
"14191","egotistical",46,32578415,99.06
"14192","emblem",46,32578461,99.06
"14193","empathize",46,32578507,99.06
"14194","emphatically",46,32578553,99.06
"14195","enchilada",46,32578599,99.07
"14196","exclusivity",46,32578645,99.07
"14197","faraway",46,32578691,99.07
"14198","figment",46,32578737,99.07
"14199","flattery",46,32578783,99.07
"14200","genitalia",46,32578829,99.07
"14201","gent",46,32578875,99.07
"14202","gestational",46,32578921,99.07
"14203","glazing",46,32578967,99.07
"14204","godliness",46,32579013,99.07
"14205","gorgeously",46,32579059,99.07
"14206","gosling",46,32579105,99.07
"14207","graft",46,32579151,99.07
"14208","granger",46,32579197,99.07
"14209","halal",46,32579243,99.07
"14210","handout",46,32579289,99.07
"14211","heller",46,32579335,99.07
"14212","helplessly",46,32579381,99.07
"14213","homey",46,32579427,99.07
"14214","hotness",46,32579473,99.07
"14215","illusory",46,32579519,99.07
"14216","impediment",46,32579565,99.07
"14217","inactive",46,32579611,99.07
"14218","inasmuch",46,32579657,99.07
"14219","inevitability",46,32579703,99.07
"14220","intelligently",46,32579749,99.07
"14221","intricately",46,32579795,99.07
"14222","invigorating",46,32579841,99.07
"14223","invoice",46,32579887,99.07
"14224","ironman",46,32579933,99.07
"14225","issuance",46,32579979,99.07
"14226","laboring",46,32580025,99.07
"14227","leaky",46,32580071,99.07
"14228","lees",46,32580117,99.07
"14229","liberate",46,32580163,99.07
"14230","liquidation",46,32580209,99.07
"14231","loveless",46,32580255,99.07
"14232","mace",46,32580301,99.07
"14233","managerial",46,32580347,99.07
"14234","materialize",46,32580393,99.07
"14235","merciless",46,32580439,99.07
"14236","messrs",46,32580485,99.07
"14237","midland",46,32580531,99.07
"14238","milieu",46,32580577,99.07
"14239","monotony",46,32580623,99.07
"14240","nomadic",46,32580669,99.07
"14241","nutcracker",46,32580715,99.07
"14242","nye",46,32580761,99.07
"14243","oxymoron",46,32580807,99.07
"14244","pacifier",46,32580853,99.07
"14245","paddock",46,32580899,99.07
"14246","paganism",46,32580945,99.07
"14247","paintbrush",46,32580991,99.07
"14248","palma",46,32581037,99.07
"14249","panoramic",46,32581083,99.07
"14250","passively",46,32581129,99.07
"14251","paving",46,32581175,99.07
"14252","pentecostal",46,32581221,99.07
"14253","pheasant",46,32581267,99.07
"14254","physiology",46,32581313,99.07
"14255","pictorial",46,32581359,99.07
"14256","pining",46,32581405,99.07
"14257","pizzeria",46,32581451,99.07
"14258","plummeted",46,32581497,99.07
"14259","popper",46,32581543,99.07
"14260","postscript",46,32581589,99.07
"14261","protester",46,32581635,99.07
"14262","pueblo",46,32581681,99.07
"14263","purl",46,32581727,99.07
"14264","quantify",46,32581773,99.07
"14265","quirk",46,32581819,99.07
"14266","quivering",46,32581865,99.08
"14267","rebuttal",46,32581911,99.08
"14268","recoil",46,32581957,99.08
"14269","refreshingly",46,32582003,99.08
"14270","regroup",46,32582049,99.08
"14271","relapse",46,32582095,99.08
"14272","reprehensible",46,32582141,99.08
"14273","reprise",46,32582187,99.08
"14274","reverie",46,32582233,99.08
"14275","revolting",46,32582279,99.08
"14276","rigging",46,32582325,99.08
"14277","ryder",46,32582371,99.08
"14278","sabbatical",46,32582417,99.08
"14279","sanction",46,32582463,99.08
"14280","scapegoat",46,32582509,99.08
"14281","scoured",46,32582555,99.08
"14282","serge",46,32582601,99.08
"14283","servitude",46,32582647,99.08
"14284","singularity",46,32582693,99.08
"14285","slinging",46,32582739,99.08
"14286","snapper",46,32582785,99.08
"14287","sparingly",46,32582831,99.08
"14288","spilt",46,32582877,99.08
"14289","sponging",46,32582923,99.08
"14290","sprig",46,32582969,99.08
"14291","succinct",46,32583015,99.08
"14292","suction",46,32583061,99.08
"14293","textual",46,32583107,99.08
"14294","theorist",46,32583153,99.08
"14295","thrashing",46,32583199,99.08
"14296","ticker",46,32583245,99.08
"14297","toothless",46,32583291,99.08
"14298","trove",46,32583337,99.08
"14299","unchanging",46,32583383,99.08
"14300","undercut",46,32583429,99.08
"14301","undress",46,32583475,99.08
"14302","unfettered",46,32583521,99.08
"14303","unloaded",46,32583567,99.08
"14304","unorthodox",46,32583613,99.08
"14305","unsaid",46,32583659,99.08
"14306","unsatisfied",46,32583705,99.08
"14307","untapped",46,32583751,99.08
"14308","unveil",46,32583797,99.08
"14309","unwise",46,32583843,99.08
"14310","verily",46,32583889,99.08
"14311","whisperer",46,32583935,99.08
"14312","wince",46,32583981,99.08
"14313","worsening",46,32584027,99.08
"14314","ablaze",45,32584072,99.08
"14315","abstain",45,32584117,99.08
"14316","airbrush",45,32584162,99.08
"14317","alienate",45,32584207,99.08
"14318","amir",45,32584252,99.08
"14319","amok",45,32584297,99.08
"14320","angelica",45,32584342,99.08
"14321","anon",45,32584387,99.08
"14322","apparition",45,32584432,99.08
"14323","aptitude",45,32584477,99.08
"14324","argent",45,32584522,99.08
"14325","astrological",45,32584567,99.08
"14326","austere",45,32584612,99.08
"14327","basque",45,32584657,99.08
"14328","becker",45,32584702,99.08
"14329","blip",45,32584747,99.08
"14330","blister",45,32584792,99.08
"14331","bonsai",45,32584837,99.08
"14332","bossy",45,32584882,99.08
"14333","cacophony",45,32584927,99.08
"14334","candlestick",45,32584972,99.08
"14335","capsicum",45,32585017,99.08
"14336","cardmaking",45,32585062,99.08
"14337","chameleon",45,32585107,99.08
"14338","characterize",45,32585152,99.09
"14339","charting",45,32585197,99.09
"14340","chastity",45,32585242,99.09
"14341","checkup",45,32585287,99.09
"14342","cinder",45,32585332,99.09
"14343","cleverness",45,32585377,99.09
"14344","clockwise",45,32585422,99.09
"14345","clout",45,32585467,99.09
"14346","cobble",45,32585512,99.09
"14347","cognition",45,32585557,99.09
"14348","complainant",45,32585602,99.09
"14349","concerto",45,32585647,99.09
"14350","concussion",45,32585692,99.09
"14351","crouch",45,32585737,99.09
"14352","crouched",45,32585782,99.09
"14353","crummy",45,32585827,99.09
"14354","cystic",45,32585872,99.09
"14355","debatable",45,32585917,99.09
"14356","decisively",45,32585962,99.09
"14357","decrepit",45,32586007,99.09
"14358","deduction",45,32586052,99.09
"14359","degeneration",45,32586097,99.09
"14360","detach",45,32586142,99.09
"14361","dimmed",45,32586187,99.09
"14362","eagerness",45,32586232,99.09
"14363","eggnog",45,32586277,99.09
"14364","entryway",45,32586322,99.09
"14365","epistle",45,32586367,99.09
"14366","erupt",45,32586412,99.09
"14367","escalate",45,32586457,99.09
"14368","feasibility",45,32586502,99.09
"14369","felted",45,32586547,99.09
"14370","foregoing",45,32586592,99.09
"14371","genocidal",45,32586637,99.09
"14372","grinch",45,32586682,99.09
"14373","heartburn",45,32586727,99.09
"14374","inflamed",45,32586772,99.09
"14375","interminable",45,32586817,99.09
"14376","intruder",45,32586862,99.09
"14377","kiosk",45,32586907,99.09
"14378","latent",45,32586952,99.09
"14379","leaflet",45,32586997,99.09
"14380","locomotive",45,32587042,99.09
"14381","mannequin",45,32587087,99.09
"14382","measles",45,32587132,99.09
"14383","monochrome",45,32587177,99.09
"14384","nepotism",45,32587222,99.09
"14385","oceanic",45,32587267,99.09
"14386","odious",45,32587312,99.09
"14387","ogre",45,32587357,99.09
"14388","ombudsman",45,32587402,99.09
"14389","overture",45,32587447,99.09
"14390","paladin",45,32587492,99.09
"14391","parry",45,32587537,99.09
"14392","pique",45,32587582,99.09
"14393","plummet",45,32587627,99.09
"14394","pragmatism",45,32587672,99.09
"14395","preamble",45,32587717,99.09
"14396","precaution",45,32587762,99.09
"14397","prefecture",45,32587807,99.09
"14398","prerogative",45,32587852,99.09
"14399","priestess",45,32587897,99.09
"14400","procreation",45,32587942,99.09
"14401","promenade",45,32587987,99.09
"14402","proofing",45,32588032,99.09
"14403","puma",45,32588077,99.09
"14404","quartered",45,32588122,99.09
"14405","repayment",45,32588167,99.09
"14406","revere",45,32588212,99.09
"14407","sedan",45,32588257,99.09
"14408","seeped",45,32588302,99.09
"14409","sentimentality",45,32588347,99.09
"14410","sideline",45,32588392,99.09
"14411","simulator",45,32588437,99.1
"14412","snort",45,32588482,99.1
"14413","sorghum",45,32588527,99.1
"14414","sorrowful",45,32588572,99.1
"14415","spoof",45,32588617,99.1
"14416","sprawl",45,32588662,99.1
"14417","stagnation",45,32588707,99.1
"14418","stewed",45,32588752,99.1
"14419","stubbornness",45,32588797,99.1
"14420","subliminal",45,32588842,99.1
"14421","subset",45,32588887,99.1
"14422","superficially",45,32588932,99.1
"14423","superhuman",45,32588977,99.1
"14424","supplementary",45,32589022,99.1
"14425","surmise",45,32589067,99.1
"14426","tanker",45,32589112,99.1
"14427","taper",45,32589157,99.1
"14428","teeming",45,32589202,99.1
"14429","thoughtless",45,32589247,99.1
"14430","thumbnail",45,32589292,99.1
"14431","thwart",45,32589337,99.1
"14432","tidings",45,32589382,99.1
"14433","twinge",45,32589427,99.1
"14434","underpants",45,32589472,99.1
"14435","undisturbed",45,32589517,99.1
"14436","unmatched",45,32589562,99.1
"14437","unwashed",45,32589607,99.1
"14438","venomous",45,32589652,99.1
"14439","vouch",45,32589697,99.1
"14440","wager",45,32589742,99.1
"14441","wiggly",45,32589787,99.1
"14442","workday",45,32589832,99.1
"14443","abysmal",44,32589876,99.1
"14444","achy",44,32589920,99.1
"14445","admirer",44,32589964,99.1
"14446","animate",44,32590008,99.1
"14447","aplenty",44,32590052,99.1
"14448","assimilate",44,32590096,99.1
"14449","astor",44,32590140,99.1
"14450","authorship",44,32590184,99.1
"14451","avenge",44,32590228,99.1
"14452","bagging",44,32590272,99.1
"14453","beehive",44,32590316,99.1
"14454","befriend",44,32590360,99.1
"14455","blankly",44,32590404,99.1
"14456","bloodline",44,32590448,99.1
"14457","branching",44,32590492,99.1
"14458","brewmaster",44,32590536,99.1
"14459","buckled",44,32590580,99.1
"14460","bushy",44,32590624,99.1
"14461","cadet",44,32590668,99.1
"14462","cancerous",44,32590712,99.1
"14463","chico",44,32590756,99.1
"14464","cleaver",44,32590800,99.1
"14465","cleft",44,32590844,99.1
"14466","cobalt",44,32590888,99.1
"14467","coercive",44,32590932,99.1
"14468","credence",44,32590976,99.1
"14469","crossword",44,32591020,99.1
"14470","cynic",44,32591064,99.1
"14471","deflect",44,32591108,99.1
"14472","degenerate",44,32591152,99.1
"14473","dejected",44,32591196,99.1
"14474","deplorable",44,32591240,99.1
"14475","detain",44,32591284,99.1
"14476","dissident",44,32591328,99.1
"14477","distillation",44,32591372,99.1
"14478","docket",44,32591416,99.1
"14479","dogged",44,32591460,99.1
"14480","driftwood",44,32591504,99.1
"14481","druid",44,32591548,99.1
"14482","dud",44,32591592,99.1
"14483","dune",44,32591636,99.1
"14484","elongated",44,32591680,99.1
"14485","ember",44,32591724,99.11
"14486","equine",44,32591768,99.11
"14487","falsehood",44,32591812,99.11
"14488","fermenter",44,32591856,99.11
"14489","froth",44,32591900,99.11
"14490","garish",44,32591944,99.11
"14491","gestation",44,32591988,99.11
"14492","gilt",44,32592032,99.11
"14493","glint",44,32592076,99.11
"14494","goblet",44,32592120,99.11
"14495","grater",44,32592164,99.11
"14496","grievous",44,32592208,99.11
"14497","grille",44,32592252,99.11
"14498","haggard",44,32592296,99.11
"14499","handiwork",44,32592340,99.11
"14500","helium",44,32592384,99.11
"14501","hillbilly",44,32592428,99.11
"14502","homely",44,32592472,99.11
"14503","hurley",44,32592516,99.11
"14504","hutch",44,32592560,99.11
"14505","indecisive",44,32592604,99.11
"14506","industrious",44,32592648,99.11
"14507","infatuation",44,32592692,99.11
"14508","intrinsically",44,32592736,99.11
"14509","juggernaut",44,32592780,99.11
"14510","keepsake",44,32592824,99.11
"14511","kinship",44,32592868,99.11
"14512","lawless",44,32592912,99.11
"14513","legality",44,32592956,99.11
"14514","linguistics",44,32593000,99.11
"14515","longingly",44,32593044,99.11
"14516","luce",44,32593088,99.11
"14517","magpie",44,32593132,99.11
"14518","mila",44,32593176,99.11
"14519","mistaking",44,32593220,99.11
"14520","monolithic",44,32593264,99.11
"14521","monstrosity",44,32593308,99.11
"14522","mucus",44,32593352,99.11
"14523","muffy",44,32593396,99.11
"14524","newsroom",44,32593440,99.11
"14525","nosy",44,32593484,99.11
"14526","objectionable",44,32593528,99.11
"14527","omelette",44,32593572,99.11
"14528","omnipresent",44,32593616,99.11
"14529","opium",44,32593660,99.11
"14530","orc",44,32593704,99.11
"14531","orthopedic",44,32593748,99.11
"14532","outage",44,32593792,99.11
"14533","pang",44,32593836,99.11
"14534","pegged",44,32593880,99.11
"14535","peplum",44,32593924,99.11
"14536","percentile",44,32593968,99.11
"14537","pessimist",44,32594012,99.11
"14538","pied",44,32594056,99.11
"14539","potting",44,32594100,99.11
"14540","premiership",44,32594144,99.11
"14541","primate",44,32594188,99.11
"14542","primrose",44,32594232,99.11
"14543","programmer",44,32594276,99.11
"14544","qualitative",44,32594320,99.11
"14545","quip",44,32594364,99.11
"14546","radiate",44,32594408,99.11
"14547","rancid",44,32594452,99.11
"14548","redirect",44,32594496,99.11
"14549","refinement",44,32594540,99.11
"14550","remedial",44,32594584,99.11
"14551","renown",44,32594628,99.11
"14552","reverb",44,32594672,99.11
"14553","rippling",44,32594716,99.11
"14554","sandpaper",44,32594760,99.11
"14555","saturation",44,32594804,99.11
"14556","shear",44,32594848,99.11
"14557","silverware",44,32594892,99.11
"14558","slung",44,32594936,99.11
"14559","squeak",44,32594980,99.11
"14560","strangeness",44,32595024,99.12
"14561","stretcher",44,32595068,99.12
"14562","summons",44,32595112,99.12
"14563","sundown",44,32595156,99.12
"14564","swivel",44,32595200,99.12
"14565","tantamount",44,32595244,99.12
"14566","tartness",44,32595288,99.12
"14567","taster",44,32595332,99.12
"14568","tenderly",44,32595376,99.12
"14569","thicket",44,32595420,99.12
"14570","turntable",44,32595464,99.12
"14571","ulterior",44,32595508,99.12
"14572","unabashed",44,32595552,99.12
"14573","undertaker",44,32595596,99.12
"14574","undies",44,32595640,99.12
"14575","undivided",44,32595684,99.12
"14576","unelected",44,32595728,99.12
"14577","unhelpful",44,32595772,99.12
"14578","unjustly",44,32595816,99.12
"14579","unopened",44,32595860,99.12
"14580","veer",44,32595904,99.12
"14581","vibrate",44,32595948,99.12
"14582","vigilance",44,32595992,99.12
"14583","violinist",44,32596036,99.12
"14584","witted",44,32596080,99.12
"14585","wrongdoing",44,32596124,99.12
"14586","yew",44,32596168,99.12
"14587","algorithm",43,32596211,99.12
"14588","anvil",43,32596254,99.12
"14589","apprenticeship",43,32596297,99.12
"14590","bellow",43,32596340,99.12
"14591","bewildering",43,32596383,99.12
"14592","bios",43,32596426,99.12
"14593","bode",43,32596469,99.12
"14594","bot",43,32596512,99.12
"14595","cheetah",43,32596555,99.12
"14596","childless",43,32596598,99.12
"14597","chisel",43,32596641,99.12
"14598","circulate",43,32596684,99.12
"14599","clocked",43,32596727,99.12
"14600","cobblestone",43,32596770,99.12
"14601","combing",43,32596813,99.12
"14602","combustion",43,32596856,99.12
"14603","commemorative",43,32596899,99.12
"14604","concurrently",43,32596942,99.12
"14605","conjecture",43,32596985,99.12
"14606","conn",43,32597028,99.12
"14607","coronary",43,32597071,99.12
"14608","cutlery",43,32597114,99.12
"14609","cutout",43,32597157,99.12
"14610","deceptively",43,32597200,99.12
"14611","degrade",43,32597243,99.12
"14612","derelict",43,32597286,99.12
"14613","desolation",43,32597329,99.12
"14614","deuce",43,32597372,99.12
"14615","deviant",43,32597415,99.12
"14616","dey",43,32597458,99.12
"14617","directorate",43,32597501,99.12
"14618","disillusionment",43,32597544,99.12
"14619","distasteful",43,32597587,99.12
"14620","dowd",43,32597630,99.12
"14621","dung",43,32597673,99.12
"14622","eared",43,32597716,99.12
"14623","endowment",43,32597759,99.12
"14624","enthralling",43,32597802,99.12
"14625","excruciatingly",43,32597845,99.12
"14626","feudal",43,32597888,99.12
"14627","fiancee",43,32597931,99.12
"14628","fielder",43,32597974,99.12
"14629","finisher",43,32598017,99.12
"14630","fireball",43,32598060,99.12
"14631","flamenco",43,32598103,99.12
"14632","flowered",43,32598146,99.12
"14633","fluency",43,32598189,99.12
"14634","forgetful",43,32598232,99.12
"14635","forlorn",43,32598275,99.12
"14636","gastrointestinal",43,32598318,99.13
"14637","gazelle",43,32598361,99.13
"14638","grasshopper",43,32598404,99.13
"14639","grudgingly",43,32598447,99.13
"14640","guava",43,32598490,99.13
"14641","harmonic",43,32598533,99.13
"14642","headway",43,32598576,99.13
"14643","hector",43,32598619,99.13
"14644","horoscope",43,32598662,99.13
"14645","huddle",43,32598705,99.13
"14646","hued",43,32598748,99.13
"14647","improperly",43,32598791,99.13
"14648","incubator",43,32598834,99.13
"14649","incur",43,32598877,99.13
"14650","indices",43,32598920,99.13
"14651","inpatient",43,32598963,99.13
"14652","kilo",43,32599006,99.13
"14653","koala",43,32599049,99.13
"14654","liquidity",43,32599092,99.13
"14655","loin",43,32599135,99.13
"14656","loopy",43,32599178,99.13
"14657","lopsided",43,32599221,99.13
"14658","malaise",43,32599264,99.13
"14659","meander",43,32599307,99.13
"14660","melancholic",43,32599350,99.13
"14661","methodical",43,32599393,99.13
"14662","microcosm",43,32599436,99.13
"14663","mina",43,32599479,99.13
"14664","mythos",43,32599522,99.13
"14665","nary",43,32599565,99.13
"14666","outrageously",43,32599608,99.13
"14667","paler",43,32599651,99.13
"14668","passable",43,32599694,99.13
"14669","patently",43,32599737,99.13
"14670","peddling",43,32599780,99.13
"14671","placebo",43,32599823,99.13
"14672","pollan",43,32599866,99.13
"14673","pollock",43,32599909,99.13
"14674","propeller",43,32599952,99.13
"14675","quince",43,32599995,99.13
"14676","radiator",43,32600038,99.13
"14677","recapture",43,32600081,99.13
"14678","redundancy",43,32600124,99.13
"14679","regress",43,32600167,99.13
"14680","retreating",43,32600210,99.13
"14681","retriever",43,32600253,99.13
"14682","rigor",43,32600296,99.13
"14683","rouse",43,32600339,99.13
"14684","ruthlessly",43,32600382,99.13
"14685","salient",43,32600425,99.13
"14686","samaria",43,32600468,99.13
"14687","scowl",43,32600511,99.13
"14688","shavings",43,32600554,99.13
"14689","smattering",43,32600597,99.13
"14690","snatching",43,32600640,99.13
"14691","snorkel",43,32600683,99.13
"14692","squint",43,32600726,99.13
"14693","stapled",43,32600769,99.13
"14694","stormwind",43,32600812,99.13
"14695","streamline",43,32600855,99.13
"14696","subservient",43,32600898,99.13
"14697","subtraction",43,32600941,99.13
"14698","swami",43,32600984,99.13
"14699","swirly",43,32601027,99.13
"14700","tau",43,32601070,99.13
"14701","teensy",43,32601113,99.13
"14702","templar",43,32601156,99.13
"14703","tipsy",43,32601199,99.13
"14704","totality",43,32601242,99.13
"14705","transcendence",43,32601285,99.13
"14706","turnip",43,32601328,99.13
"14707","twill",43,32601371,99.13
"14708","unbearably",43,32601414,99.13
"14709","uniformity",43,32601457,99.13
"14710","unschooled",43,32601500,99.13
"14711","untitled",43,32601543,99.13
"14712","veal",43,32601586,99.14
"14713","veracity",43,32601629,99.14
"14714","warbler",43,32601672,99.14
"14715","wean",43,32601715,99.14
"14716","webber",43,32601758,99.14
"14717","worcester",43,32601801,99.14
"14718","yam",43,32601844,99.14
"14719","abridged",42,32601886,99.14
"14720","alamo",42,32601928,99.14
"14721","altruistic",42,32601970,99.14
"14722","analogous",42,32602012,99.14
"14723","antagonism",42,32602054,99.14
"14724","anthropologist",42,32602096,99.14
"14725","assemblage",42,32602138,99.14
"14726","auspicious",42,32602180,99.14
"14727","avert",42,32602222,99.14
"14728","banish",42,32602264,99.14
"14729","beachy",42,32602306,99.14
"14730","berger",42,32602348,99.14
"14731","bier",42,32602390,99.14
"14732","birdhouse",42,32602432,99.14
"14733","blameless",42,32602474,99.14
"14734","bloodied",42,32602516,99.14
"14735","braced",42,32602558,99.14
"14736","burnout",42,32602600,99.14
"14737","cheater",42,32602642,99.14
"14738","chopper",42,32602684,99.14
"14739","climber",42,32602726,99.14
"14740","clingy",42,32602768,99.14
"14741","clustered",42,32602810,99.14
"14742","combed",42,32602852,99.14
"14743","conceit",42,32602894,99.14
"14744","confine",42,32602936,99.14
"14745","congregate",42,32602978,99.14
"14746","cooing",42,32603020,99.14
"14747","crucible",42,32603062,99.14
"14748","crucify",42,32603104,99.14
"14749","daggers",42,32603146,99.14
"14750","dauntless",42,32603188,99.14
"14751","dearth",42,32603230,99.14
"14752","defenseless",42,32603272,99.14
"14753","deteriorate",42,32603314,99.14
"14754","devilish",42,32603356,99.14
"14755","diem",42,32603398,99.14
"14756","digested",42,32603440,99.14
"14757","dollhouse",42,32603482,99.14
"14758","dour",42,32603524,99.14
"14759","ebony",42,32603566,99.14
"14760","embryo",42,32603608,99.14
"14761","encryption",42,32603650,99.14
"14762","entropy",42,32603692,99.14
"14763","eucalyptus",42,32603734,99.14
"14764","evasion",42,32603776,99.14
"14765","expel",42,32603818,99.14
"14766","floaty",42,32603860,99.14
"14767","formulaic",42,32603902,99.14
"14768","germanic",42,32603944,99.14
"14769","ginny",42,32603986,99.14
"14770","glaringly",42,32604028,99.14
"14771","granada",42,32604070,99.14
"14772","graphically",42,32604112,99.14
"14773","groggy",42,32604154,99.14
"14774","grouchy",42,32604196,99.14
"14775","grub",42,32604238,99.14
"14776","hacker",42,32604280,99.14
"14777","haggis",42,32604322,99.14
"14778","heaviness",42,32604364,99.14
"14779","helix",42,32604406,99.14
"14780","hepatitis",42,32604448,99.14
"14781","highlander",42,32604490,99.14
"14782","hindrance",42,32604532,99.14
"14783","hulu",42,32604574,99.14
"14784","hurst",42,32604616,99.14
"14785","ignition",42,32604658,99.14
"14786","imperfection",42,32604700,99.14
"14787","incite",42,32604742,99.14
"14788","inconsiderate",42,32604784,99.14
"14789","indecent",42,32604826,99.14
"14790","inflatable",42,32604868,99.15
"14791","ingest",42,32604910,99.15
"14792","ist",42,32604952,99.15
"14793","jaguar",42,32604994,99.15
"14794","jellyfish",42,32605036,99.15
"14795","johannes",42,32605078,99.15
"14796","jumpy",42,32605120,99.15
"14797","legislator",42,32605162,99.15
"14798","maki",42,32605204,99.15
"14799","mandolin",42,32605246,99.15
"14800","manna",42,32605288,99.15
"14801","masterfully",42,32605330,99.15
"14802","maw",42,32605372,99.15
"14803","mica",42,32605414,99.15
"14804","minimally",42,32605456,99.15
"14805","mongering",42,32605498,99.15
"14806","morse",42,32605540,99.15
"14807","musty",42,32605582,99.15
"14808","neutrality",42,32605624,99.15
"14809","nitro",42,32605666,99.15
"14810","omnipotent",42,32605708,99.15
"14811","overdo",42,32605750,99.15
"14812","pagoda",42,32605792,99.15
"14813","pandemonium",42,32605834,99.15
"14814","paradoxical",42,32605876,99.15
"14815","paradoxically",42,32605918,99.15
"14816","passer",42,32605960,99.15
"14817","patel",42,32606002,99.15
"14818","peri",42,32606044,99.15
"14819","photocopy",42,32606086,99.15
"14820","piccadilly",42,32606128,99.15
"14821","polygamy",42,32606170,99.15
"14822","preclude",42,32606212,99.15
"14823","prius",42,32606254,99.15
"14824","prolong",42,32606296,99.15
"14825","redemptive",42,32606338,99.15
"14826","resonant",42,32606380,99.15
"14827","ripening",42,32606422,99.15
"14828","romantically",42,32606464,99.15
"14829","sandal",42,32606506,99.15
"14830","scribbling",42,32606548,99.15
"14831","semantic",42,32606590,99.15
"14832","silken",42,32606632,99.15
"14833","smog",42,32606674,99.15
"14834","snare",42,32606716,99.15
"14835","socialization",42,32606758,99.15
"14836","sphinx",42,32606800,99.15
"14837","squeamish",42,32606842,99.15
"14838","staining",42,32606884,99.15
"14839","stringing",42,32606926,99.15
"14840","sweeten",42,32606968,99.15
"14841","swish",42,32607010,99.15
"14842","teardrop",42,32607052,99.15
"14843","thistle",42,32607094,99.15
"14844","thorny",42,32607136,99.15
"14845","thrusting",42,32607178,99.15
"14846","tightness",42,32607220,99.15
"14847","tirade",42,32607262,99.15
"14848","touchdown",42,32607304,99.15
"14849","unclaimed",42,32607346,99.15
"14850","underbelly",42,32607388,99.15
"14851","unseasonably",42,32607430,99.15
"14852","upkeep",42,32607472,99.15
"14853","uplift",42,32607514,99.15
"14854","wavering",42,32607556,99.15
"14855","weepy",42,32607598,99.15
"14856","weighty",42,32607640,99.15
"14857","whereupon",42,32607682,99.15
"14858","wordy",42,32607724,99.15
"14859","worsen",42,32607766,99.15
"14860","wreak",42,32607808,99.15
"14861","xenophobia",42,32607850,99.15
"14862","yuan",42,32607892,99.15
"14863","zigzag",42,32607934,99.15
"14864","abnormally",41,32607975,99.15
"14865","accidently",41,32608016,99.15
"14866","adventurer",41,32608057,99.15
"14867","allspice",41,32608098,99.15
"14868","amour",41,32608139,99.15
"14869","amplify",41,32608180,99.16
"14870","annals",41,32608221,99.16
"14871","arbitrarily",41,32608262,99.16
"14872","arching",41,32608303,99.16
"14873","arid",41,32608344,99.16
"14874","astronomer",41,32608385,99.16
"14875","attractiveness",41,32608426,99.16
"14876","bashful",41,32608467,99.16
"14877","basting",41,32608508,99.16
"14878","beset",41,32608549,99.16
"14879","blindfold",41,32608590,99.16
"14880","boar",41,32608631,99.16
"14881","branched",41,32608672,99.16
"14882","brioche",41,32608713,99.16
"14883","bronzer",41,32608754,99.16
"14884","calibre",41,32608795,99.16
"14885","candor",41,32608836,99.16
"14886","catechism",41,32608877,99.16
"14887","centenary",41,32608918,99.16
"14888","charmer",41,32608959,99.16
"14889","choppy",41,32609000,99.16
"14890","citizenry",41,32609041,99.16
"14891","clot",41,32609082,99.16
"14892","coleslaw",41,32609123,99.16
"14893","conceivably",41,32609164,99.16
"14894","consecrated",41,32609205,99.16
"14895","conte",41,32609246,99.16
"14896","corinne",41,32609287,99.16
"14897","cornucopia",41,32609328,99.16
"14898","corrective",41,32609369,99.16
"14899","crystalline",41,32609410,99.16
"14900","dabble",41,32609451,99.16
"14901","dappled",41,32609492,99.16
"14902","dastardly",41,32609533,99.16
"14903","dawning",41,32609574,99.16
"14904","decadence",41,32609615,99.16
"14905","destitute",41,32609656,99.16
"14906","discriminating",41,32609697,99.16
"14907","dissolving",41,32609738,99.16
"14908","emotive",41,32609779,99.16
"14909","enactment",41,32609820,99.16
"14910","ender",41,32609861,99.16
"14911","enormity",41,32609902,99.16
"14912","environs",41,32609943,99.16
"14913","epoch",41,32609984,99.16
"14914","eventuality",41,32610025,99.16
"14915","eyelet",41,32610066,99.16
"14916","fatally",41,32610107,99.16
"14917","fay",41,32610148,99.16
"14918","federally",41,32610189,99.16
"14919","firmer",41,32610230,99.16
"14920","fiver",41,32610271,99.16
"14921","flaunt",41,32610312,99.16
"14922","foxy",41,32610353,99.16
"14923","frenetic",41,32610394,99.16
"14924","fumble",41,32610435,99.16
"14925","generalized",41,32610476,99.16
"14926","grapple",41,32610517,99.16
"14927","grisly",41,32610558,99.16
"14928","gummy",41,32610599,99.16
"14929","halter",41,32610640,99.16
"14930","herding",41,32610681,99.16
"14931","hoe",41,32610722,99.16
"14932","immersive",41,32610763,99.16
"14933","impassioned",41,32610804,99.16
"14934","impenetrable",41,32610845,99.16
"14935","incision",41,32610886,99.16
"14936","infallible",41,32610927,99.16
"14937","instantaneously",41,32610968,99.16
"14938","justly",41,32611009,99.16
"14939","kilometer",41,32611050,99.16
"14940","labored",41,32611091,99.16
"14941","lorry",41,32611132,99.16
"14942","lurid",41,32611173,99.16
"14943","magnificently",41,32611214,99.16
"14944","maris",41,32611255,99.16
"14945","marlin",41,32611296,99.16
"14946","mediation",41,32611337,99.16
"14947","medic",41,32611378,99.16
"14948","midsummer",41,32611419,99.16
"14949","minuscule",41,32611460,99.17
"14950","misted",41,32611501,99.17
"14951","modestly",41,32611542,99.17
"14952","moralism",41,32611583,99.17
"14953","morn",41,32611624,99.17
"14954","muir",41,32611665,99.17
"14955","nailing",41,32611706,99.17
"14956","normality",41,32611747,99.17
"14957","omelet",41,32611788,99.17
"14958","optimize",41,32611829,99.17
"14959","oxide",41,32611870,99.17
"14960","palsy",41,32611911,99.17
"14961","panorama",41,32611952,99.17
"14962","parma",41,32611993,99.17
"14963","pathological",41,32612034,99.17
"14964","pessimism",41,32612075,99.17
"14965","physicality",41,32612116,99.17
"14966","pia",41,32612157,99.17
"14967","placid",41,32612198,99.17
"14968","plagiarism",41,32612239,99.17
"14969","platoon",41,32612280,99.17
"14970","popularly",41,32612321,99.17
"14971","preachy",41,32612362,99.17
"14972","precocious",41,32612403,99.17
"14973","primordial",41,32612444,99.17
"14974","promiscuous",41,32612485,99.17
"14975","psalmist",41,32612526,99.17
"14976","psychotherapy",41,32612567,99.17
"14977","punishable",41,32612608,99.17
"14978","regulator",41,32612649,99.17
"14979","relativism",41,32612690,99.17
"14980","renounce",41,32612731,99.17
"14981","restorative",41,32612772,99.17
"14982","reversible",41,32612813,99.17
"14983","roadway",41,32612854,99.17
"14984","romanticism",41,32612895,99.17
"14985","sarcastically",41,32612936,99.17
"14986","screech",41,32612977,99.17
"14987","scribe",41,32613018,99.17
"14988","secession",41,32613059,99.17
"14989","sedentary",41,32613100,99.17
"14990","serrated",41,32613141,99.17
"14991","shirtless",41,32613182,99.17
"14992","shroud",41,32613223,99.17
"14993","sizzle",41,32613264,99.17
"14994","skinner",41,32613305,99.17
"14995","slinky",41,32613346,99.17
"14996","smyth",41,32613387,99.17
"14997","socioeconomic",41,32613428,99.17
"14998","sparring",41,32613469,99.17
"14999","squinting",41,32613510,99.17
"15000","stemming",41,32613551,99.17
"15001","structurally",41,32613592,99.17
"15002","subdue",41,32613633,99.17
"15003","subspecies",41,32613674,99.17
"15004","subversion",41,32613715,99.17
"15005","sulphur",41,32613756,99.17
"15006","surpassing",41,32613797,99.17
"15007","swath",41,32613838,99.17
"15008","syringe",41,32613879,99.17
"15009","taj",41,32613920,99.17
"15010","temperate",41,32613961,99.17
"15011","tenacious",41,32614002,99.17
"15012","tombstone",41,32614043,99.17
"15013","towing",41,32614084,99.17
"15014","toxin",41,32614125,99.17
"15015","ukulele",41,32614166,99.17
"15016","uncomplicated",41,32614207,99.17
"15017","undefeated",41,32614248,99.17
"15018","unify",41,32614289,99.17
"15019","unplug",41,32614330,99.17
"15020","untouchable",41,32614371,99.17
"15021","vapor",41,32614412,99.17
"15022","verbatim",41,32614453,99.17
"15023","vindication",41,32614494,99.17
"15024","vitally",41,32614535,99.17
"15025","wafer",41,32614576,99.17
"15026","whimpering",41,32614617,99.17
"15027","wordless",41,32614658,99.17
"15028","writhing",41,32614699,99.17
"15029","yarrow",41,32614740,99.18
"15030","yeasty",41,32614781,99.18
"15031","abrasive",40,32614821,99.18
"15032","abreast",40,32614861,99.18
"15033","accomplice",40,32614901,99.18
"15034","aerodynamic",40,32614941,99.18
"15035","aerosol",40,32614981,99.18
"15036","aghast",40,32615021,99.18
"15037","baroness",40,32615061,99.18
"15038","bateman",40,32615101,99.18
"15039","beguiling",40,32615141,99.18
"15040","beholder",40,32615181,99.18
"15041","bigot",40,32615221,99.18
"15042","blindfolded",40,32615261,99.18
"15043","bongo",40,32615301,99.18
"15044","bouncer",40,32615341,99.18
"15045","boyhood",40,32615381,99.18
"15046","bree",40,32615421,99.18
"15047","brimstone",40,32615461,99.18
"15048","bumble",40,32615501,99.18
"15049","calypso",40,32615541,99.18
"15050","cellophane",40,32615581,99.18
"15051","chamberlain",40,32615621,99.18
"15052","charade",40,32615661,99.18
"15053","chrysalis",40,32615701,99.18
"15054","clamp",40,32615741,99.18
"15055","classed",40,32615781,99.18
"15056","clubbing",40,32615821,99.18
"15057","clump",40,32615861,99.18
"15058","coherence",40,32615901,99.18
"15059","collard",40,32615941,99.18
"15060","commonality",40,32615981,99.18
"15061","conqueror",40,32616021,99.18
"15062","constituent",40,32616061,99.18
"15063","contagion",40,32616101,99.18
"15064","countess",40,32616141,99.18
"15065","crusted",40,32616181,99.18
"15066","cypress",40,32616221,99.18
"15067","darkening",40,32616261,99.18
"15068","darting",40,32616301,99.18
"15069","demonstrator",40,32616341,99.18
"15070","diagnoses",40,32616381,99.18
"15071","diatribe",40,32616421,99.18
"15072","differentiation",40,32616461,99.18
"15073","discretionary",40,32616501,99.18
"15074","dissemination",40,32616541,99.18
"15075","docile",40,32616581,99.18
"15076","dribble",40,32616621,99.18
"15077","ducking",40,32616661,99.18
"15078","eminently",40,32616701,99.18
"15079","emit",40,32616741,99.18
"15080","envied",40,32616781,99.18
"15081","epidemiology",40,32616821,99.18
"15082","evaporate",40,32616861,99.18
"15083","exclaim",40,32616901,99.18
"15084","expressway",40,32616941,99.18
"15085","falter",40,32616981,99.18
"15086","fibrosis",40,32617021,99.18
"15087","foal",40,32617061,99.18
"15088","footpath",40,32617101,99.18
"15089","forego",40,32617141,99.18
"15090","fungi",40,32617181,99.18
"15091","furnish",40,32617221,99.18
"15092","gaggle",40,32617261,99.18
"15093","genie",40,32617301,99.18
"15094","gnawing",40,32617341,99.18
"15095","godsend",40,32617381,99.18
"15096","grievance",40,32617421,99.18
"15097","gruff",40,32617461,99.18
"15098","hag",40,32617501,99.18
"15099","halve",40,32617541,99.18
"15100","heifer",40,32617581,99.18
"15101","hereditary",40,32617621,99.18
"15102","heretofore",40,32617661,99.18
"15103","homicidal",40,32617701,99.18
"15104","horned",40,32617741,99.18
"15105","hotly",40,32617781,99.18
"15106","humanoid",40,32617821,99.18
"15107","incongruous",40,32617861,99.18
"15108","infidel",40,32617901,99.18
"15109","infiltration",40,32617941,99.18
"15110","invert",40,32617981,99.18
"15111","iota",40,32618021,99.18
"15112","irreplaceable",40,32618061,99.19
"15113","irreversible",40,32618101,99.19
"15114","jell",40,32618141,99.19
"15115","kang",40,32618181,99.19
"15116","kimono",40,32618221,99.19
"15117","kinetic",40,32618261,99.19
"15118","koi",40,32618301,99.19
"15119","koko",40,32618341,99.19
"15120","landslide",40,32618381,99.19
"15121","lapping",40,32618421,99.19
"15122","leeway",40,32618461,99.19
"15123","leviathan",40,32618501,99.19
"15124","liken",40,32618541,99.19
"15125","limeade",40,32618581,99.19
"15126","lovelock",40,32618621,99.19
"15127","mammal",40,32618661,99.19
"15128","manifold",40,32618701,99.19
"15129","masquerade",40,32618741,99.19
"15130","methane",40,32618781,99.19
"15131","methodically",40,32618821,99.19
"15132","mime",40,32618861,99.19
"15133","mutilation",40,32618901,99.19
"15134","nascent",40,32618941,99.19
"15135","negate",40,32618981,99.19
"15136","negotiable",40,32619021,99.19
"15137","nozzle",40,32619061,99.19
"15138","obstruction",40,32619101,99.19
"15139","perplexing",40,32619141,99.19
"15140","playback",40,32619181,99.19
"15141","pleaser",40,32619221,99.19
"15142","plowing",40,32619261,99.19
"15143","popeye",40,32619301,99.19
"15144","pounced",40,32619341,99.19
"15145","powdery",40,32619381,99.19
"15146","predictability",40,32619421,99.19
"15147","primeval",40,32619461,99.19
"15148","procrastinator",40,32619501,99.19
"15149","proctor",40,32619541,99.19
"15150","quarrel",40,32619581,99.19
"15151","quicken",40,32619621,99.19
"15152","quill",40,32619661,99.19
"15153","rancho",40,32619701,99.19
"15154","raptor",40,32619741,99.19
"15155","rayon",40,32619781,99.19
"15156","redwood",40,32619821,99.19
"15157","reputed",40,32619861,99.19
"15158","rodent",40,32619901,99.19
"15159","rubbery",40,32619941,99.19
"15160","rudimentary",40,32619981,99.19
"15161","sate",40,32620021,99.19
"15162","saunders",40,32620061,99.19
"15163","scaffolding",40,32620101,99.19
"15164","semolina",40,32620141,99.19
"15165","sensibly",40,32620181,99.19
"15166","septic",40,32620221,99.19
"15167","sheath",40,32620261,99.19
"15168","shifter",40,32620301,99.19
"15169","sicilian",40,32620341,99.19
"15170","slouch",40,32620381,99.19
"15171","snobby",40,32620421,99.19
"15172","solicit",40,32620461,99.19
"15173","spire",40,32620501,99.19
"15174","squatting",40,32620541,99.19
"15175","stasis",40,32620581,99.19
"15176","strapless",40,32620621,99.19
"15177","strutting",40,32620661,99.19
"15178","stunner",40,32620701,99.19
"15179","substituting",40,32620741,99.19
"15180","terminally",40,32620781,99.19
"15181","thyself",40,32620821,99.19
"15182","transcription",40,32620861,99.19
"15183","trickling",40,32620901,99.19
"15184","trodden",40,32620941,99.19
"15185","twang",40,32620981,99.19
"15186","unadulterated",40,32621021,99.19
"15187","undoing",40,32621061,99.19
"15188","unedited",40,32621101,99.19
"15189","unfocused",40,32621141,99.19
"15190","uninterested",40,32621181,99.19
"15191","vacuous",40,32621221,99.19
"15192","variance",40,32621261,99.19
"15193","villainous",40,32621301,99.19
"15194","vindictive",40,32621341,99.2
"15195","weeded",40,32621381,99.2
"15196","wen",40,32621421,99.2
"15197","wha",40,32621461,99.2
"15198","wispy",40,32621501,99.2
"15199","wistfully",40,32621541,99.2
"15200","woodpecker",40,32621581,99.2
"15201","wren",40,32621621,99.2
"15202","yardage",40,32621661,99.2
"15203","aga",39,32621700,99.2
"15204","agape",39,32621739,99.2
"15205","alleyway",39,32621778,99.2
"15206","allocate",39,32621817,99.2
"15207","altercation",39,32621856,99.2
"15208","anathema",39,32621895,99.2
"15209","appellation",39,32621934,99.2
"15210","arbitration",39,32621973,99.2
"15211","ballast",39,32622012,99.2
"15212","barrister",39,32622051,99.2
"15213","belted",39,32622090,99.2
"15214","bennet",39,32622129,99.2
"15215","bereavement",39,32622168,99.2
"15216","beret",39,32622207,99.2
"15217","berth",39,32622246,99.2
"15218","biologically",39,32622285,99.2
"15219","bittering",39,32622324,99.2
"15220","blower",39,32622363,99.2
"15221","boho",39,32622402,99.2
"15222","breakneck",39,32622441,99.2
"15223","breech",39,32622480,99.2
"15224","bucking",39,32622519,99.2
"15225","burglar",39,32622558,99.2
"15226","busyness",39,32622597,99.2
"15227","bygone",39,32622636,99.2
"15228","carpeting",39,32622675,99.2
"15229","cessation",39,32622714,99.2
"15230","chaplain",39,32622753,99.2
"15231","circumstantial",39,32622792,99.2
"15232","cloaked",39,32622831,99.2
"15233","communicator",39,32622870,99.2
"15234","compote",39,32622909,99.2
"15235","conch",39,32622948,99.2
"15236","conclusive",39,32622987,99.2
"15237","contorted",39,32623026,99.2
"15238","correlate",39,32623065,99.2
"15239","courtship",39,32623104,99.2
"15240","crabby",39,32623143,99.2
"15241","creationism",39,32623182,99.2
"15242","crony",39,32623221,99.2
"15243","croydon",39,32623260,99.2
"15244","derail",39,32623299,99.2
"15245","divinely",39,32623338,99.2
"15246","doorknob",39,32623377,99.2
"15247","downtrodden",39,32623416,99.2
"15248","eros",39,32623455,99.2
"15249","ethanol",39,32623494,99.2
"15250","excavation",39,32623533,99.2
"15251","exorbitant",39,32623572,99.2
"15252","extinguished",39,32623611,99.2
"15253","extortion",39,32623650,99.2
"15254","fender",39,32623689,99.2
"15255","fingerprint",39,32623728,99.2
"15256","footballer",39,32623767,99.2
"15257","forthright",39,32623806,99.2
"15258","fruitiness",39,32623845,99.2
"15259","genome",39,32623884,99.2
"15260","gibberish",39,32623923,99.2
"15261","glade",39,32623962,99.2
"15262","glossary",39,32624001,99.2
"15263","glossed",39,32624040,99.2
"15264","goalie",39,32624079,99.2
"15265","goalkeeper",39,32624118,99.2
"15266","goldsmith",39,32624157,99.2
"15267","gossiping",39,32624196,99.2
"15268","gravely",39,32624235,99.2
"15269","gull",39,32624274,99.2
"15270","hankering",39,32624313,99.2
"15271","hardening",39,32624352,99.2
"15272","henna",39,32624391,99.2
"15273","hiccup",39,32624430,99.2
"15274","hock",39,32624469,99.2
"15275","holster",39,32624508,99.2
"15276","homily",39,32624547,99.2
"15277","hud",39,32624586,99.2
"15278","impotent",39,32624625,99.21
"15279","incitement",39,32624664,99.21
"15280","inconsistency",39,32624703,99.21
"15281","informant",39,32624742,99.21
"15282","intermission",39,32624781,99.21
"15283","internment",39,32624820,99.21
"15284","intersect",39,32624859,99.21
"15285","intestine",39,32624898,99.21
"15286","invisibility",39,32624937,99.21
"15287","involuntarily",39,32624976,99.21
"15288","italics",39,32625015,99.21
"15289","jester",39,32625054,99.21
"15290","jubilant",39,32625093,99.21
"15291","kabuki",39,32625132,99.21
"15292","landlady",39,32625171,99.21
"15293","lanky",39,32625210,99.21
"15294","lengthen",39,32625249,99.21
"15295","lew",39,32625288,99.21
"15296","malfunction",39,32625327,99.21
"15297","malignant",39,32625366,99.21
"15298","malnutrition",39,32625405,99.21
"15299","masonic",39,32625444,99.21
"15300","mathematician",39,32625483,99.21
"15301","mauve",39,32625522,99.21
"15302","mitigation",39,32625561,99.21
"15303","nit",39,32625600,99.21
"15304","numbness",39,32625639,99.21
"15305","occupancy",39,32625678,99.21
"15306","octave",39,32625717,99.21
"15307","offbeat",39,32625756,99.21
"15308","optic",39,32625795,99.21
"15309","orally",39,32625834,99.21
"15310","orgasmic",39,32625873,99.21
"15311","overpopulation",39,32625912,99.21
"15312","parasitic",39,32625951,99.21
"15313","pastiche",39,32625990,99.21
"15314","pathfinder",39,32626029,99.21
"15315","patriarch",39,32626068,99.21
"15316","patriarchy",39,32626107,99.21
"15317","patrice",39,32626146,99.21
"15318","peeve",39,32626185,99.21
"15319","peregrine",39,32626224,99.21
"15320","personification",39,32626263,99.21
"15321","photogenic",39,32626302,99.21
"15322","poise",39,32626341,99.21
"15323","primacy",39,32626380,99.21
"15324","psychopathic",39,32626419,99.21
"15325","punky",39,32626458,99.21
"15326","raspy",39,32626497,99.21
"15327","ration",39,32626536,99.21
"15328","reappear",39,32626575,99.21
"15329","recoup",39,32626614,99.21
"15330","regression",39,32626653,99.21
"15331","regrettable",39,32626692,99.21
"15332","remit",39,32626731,99.21
"15333","reviving",39,32626770,99.21
"15334","rinsing",39,32626809,99.21
"15335","rook",39,32626848,99.21
"15336","roomy",39,32626887,99.21
"15337","sander",39,32626926,99.21
"15338","scorer",39,32626965,99.21
"15339","seasonally",39,32627004,99.21
"15340","sensuous",39,32627043,99.21
"15341","shadowed",39,32627082,99.21
"15342","shellfish",39,32627121,99.21
"15343","shilling",39,32627160,99.21
"15344","siesta",39,32627199,99.21
"15345","skimmed",39,32627238,99.21
"15346","sledding",39,32627277,99.21
"15347","spica",39,32627316,99.21
"15348","squatter",39,32627355,99.21
"15349","stagger",39,32627394,99.21
"15350","steed",39,32627433,99.21
"15351","subbing",39,32627472,99.21
"15352","subjectivity",39,32627511,99.21
"15353","subside",39,32627550,99.21
"15354","subtract",39,32627589,99.21
"15355","sunroom",39,32627628,99.21
"15356","synergy",39,32627667,99.21
"15357","tapered",39,32627706,99.21
"15358","tarsus",39,32627745,99.21
"15359","tectonic",39,32627784,99.21
"15360","thickly",39,32627823,99.21
"15361","throwaway",39,32627862,99.21
"15362","tiff",39,32627901,99.22
"15363","tinsel",39,32627940,99.22
"15364","trappist",39,32627979,99.22
"15365","treble",39,32628018,99.22
"15366","triage",39,32628057,99.22
"15367","tripoli",39,32628096,99.22
"15368","trucker",39,32628135,99.22
"15369","unduly",39,32628174,99.22
"15370","unrecognizable",39,32628213,99.22
"15371","unresponsive",39,32628252,99.22
"15372","urn",39,32628291,99.22
"15373","variously",39,32628330,99.22
"15374","wanderer",39,32628369,99.22
"15375","waned",39,32628408,99.22
"15376","weaved",39,32628447,99.22
"15377","westward",39,32628486,99.22
"15378","wheelbarrow",39,32628525,99.22
"15379","worrisome",39,32628564,99.22
"15380","yesteryear",39,32628603,99.22
"15381","yore",39,32628642,99.22
"15382","zee",39,32628681,99.22
"15383","abbot",38,32628719,99.22
"15384","abhor",38,32628757,99.22
"15385","ami",38,32628795,99.22
"15386","anarchism",38,32628833,99.22
"15387","anemic",38,32628871,99.22
"15388","attribution",38,32628909,99.22
"15389","beeline",38,32628947,99.22
"15390","behest",38,32628985,99.22
"15391","bela",38,32629023,99.22
"15392","belittle",38,32629061,99.22
"15393","boomer",38,32629099,99.22
"15394","breasted",38,32629137,99.22
"15395","brig",38,32629175,99.22
"15396","brownish",38,32629213,99.22
"15397","bullish",38,32629251,99.22
"15398","cadre",38,32629289,99.22
"15399","cased",38,32629327,99.22
"15400","cheng",38,32629365,99.22
"15401","clawed",38,32629403,99.22
"15402","climatic",38,32629441,99.22
"15403","cloying",38,32629479,99.22
"15404","cluck",38,32629517,99.22
"15405","coe",38,32629555,99.22
"15406","coldness",38,32629593,99.22
"15407","completeness",38,32629631,99.22
"15408","confluence",38,32629669,99.22
"15409","craven",38,32629707,99.22
"15410","cull",38,32629745,99.22
"15411","debby",38,32629783,99.22
"15412","densely",38,32629821,99.22
"15413","dermatologist",38,32629859,99.22
"15414","disobey",38,32629897,99.22
"15415","dissenting",38,32629935,99.22
"15416","drinkability",38,32629973,99.22
"15417","dynamo",38,32630011,99.22
"15418","edifice",38,32630049,99.22
"15419","elixir",38,32630087,99.22
"15420","emulsion",38,32630125,99.22
"15421","endanger",38,32630163,99.22
"15422","endocrine",38,32630201,99.22
"15423","energetically",38,32630239,99.22
"15424","ennui",38,32630277,99.22
"15425","enviable",38,32630315,99.22
"15426","estrogen",38,32630353,99.22
"15427","excise",38,32630391,99.22
"15428","exploratory",38,32630429,99.22
"15429","fallible",38,32630467,99.22
"15430","fatter",38,32630505,99.22
"15431","filings",38,32630543,99.22
"15432","firework",38,32630581,99.22
"15433","flamingo",38,32630619,99.22
"15434","flatly",38,32630657,99.22
"15435","flawlessly",38,32630695,99.22
"15436","garth",38,32630733,99.22
"15437","gaunt",38,32630771,99.22
"15438","gauze",38,32630809,99.22
"15439","goldilocks",38,32630847,99.22
"15440","graphite",38,32630885,99.22
"15441","grist",38,32630923,99.22
"15442","grocer",38,32630961,99.22
"15443","hither",38,32630999,99.22
"15444","humbug",38,32631037,99.22
"15445","incase",38,32631075,99.22
"15446","infer",38,32631113,99.22
"15447","infrequently",38,32631151,99.22
"15448","intercontinental",38,32631189,99.23
"15449","jaunty",38,32631227,99.23
"15450","kebab",38,32631265,99.23
"15451","lagging",38,32631303,99.23
"15452","leasing",38,32631341,99.23
"15453","lifeboat",38,32631379,99.23
"15454","lotto",38,32631417,99.23
"15455","lustful",38,32631455,99.23
"15456","lyrically",38,32631493,99.23
"15457","maestro",38,32631531,99.23
"15458","maimed",38,32631569,99.23
"15459","melanoma",38,32631607,99.23
"15460","millet",38,32631645,99.23
"15461","misfit",38,32631683,99.23
"15462","mistrust",38,32631721,99.23
"15463","mohair",38,32631759,99.23
"15464","mournful",38,32631797,99.23
"15465","muddle",38,32631835,99.23
"15466","netted",38,32631873,99.23
"15467","noggin",38,32631911,99.23
"15468","nori",38,32631949,99.23
"15469","occupant",38,32631987,99.23
"15470","ointment",38,32632025,99.23
"15471","olden",38,32632063,99.23
"15472","oppress",38,32632101,99.23
"15473","overblown",38,32632139,99.23
"15474","ozone",38,32632177,99.23
"15475","painstaking",38,32632215,99.23
"15476","participatory",38,32632253,99.23
"15477","patentability",38,32632291,99.23
"15478","pave",38,32632329,99.23
"15479","persistently",38,32632367,99.23
"15480","pico",38,32632405,99.23
"15481","pipa",38,32632443,99.23
"15482","playable",38,32632481,99.23
"15483","populous",38,32632519,99.23
"15484","possessive",38,32632557,99.23
"15485","precariously",38,32632595,99.23
"15486","precipitation",38,32632633,99.23
"15487","profane",38,32632671,99.23
"15488","progeny",38,32632709,99.23
"15489","protracted",38,32632747,99.23
"15490","quandary",38,32632785,99.23
"15491","rascal",38,32632823,99.23
"15492","ravine",38,32632861,99.23
"15493","reciprocate",38,32632899,99.23
"15494","recon",38,32632937,99.23
"15495","ree",38,32632975,99.23
"15496","refocus",38,32633013,99.23
"15497","rehearse",38,32633051,99.23
"15498","remade",38,32633089,99.23
"15499","retina",38,32633127,99.23
"15500","retrieval",38,32633165,99.23
"15501","roulette",38,32633203,99.23
"15502","ruckus",38,32633241,99.23
"15503","ruddy",38,32633279,99.23
"15504","saintly",38,32633317,99.23
"15505","sanctified",38,32633355,99.23
"15506","sapa",38,32633393,99.23
"15507","sauerkraut",38,32633431,99.23
"15508","schoolgirl",38,32633469,99.23
"15509","sealer",38,32633507,99.23
"15510","searchlight",38,32633545,99.23
"15511","shelled",38,32633583,99.23
"15512","shrewd",38,32633621,99.23
"15513","sidenote",38,32633659,99.23
"15514","situational",38,32633697,99.23
"15515","skid",38,32633735,99.23
"15516","slade",38,32633773,99.23
"15517","smidge",38,32633811,99.23
"15518","snicker",38,32633849,99.23
"15519","spindle",38,32633887,99.23
"15520","squire",38,32633925,99.23
"15521","subcommittee",38,32633963,99.23
"15522","subculture",38,32634001,99.23
"15523","subsistence",38,32634039,99.23
"15524","subvert",38,32634077,99.23
"15525","swarming",38,32634115,99.23
"15526","symbolically",38,32634153,99.23
"15527","symmetrical",38,32634191,99.23
"15528","temperance",38,32634229,99.23
"15529","thermostat",38,32634267,99.23
"15530","throng",38,32634305,99.23
"15531","tod",38,32634343,99.23
"15532","tormenting",38,32634381,99.23
"15533","totalitarianism",38,32634419,99.23
"15534","treatise",38,32634457,99.23
"15535","triad",38,32634495,99.24
"15536","trod",38,32634533,99.24
"15537","tron",38,32634571,99.24
"15538","truce",38,32634609,99.24
"15539","turbulence",38,32634647,99.24
"15540","underline",38,32634685,99.24
"15541","unimpressed",38,32634723,99.24
"15542","unread",38,32634761,99.24
"15543","unrequited",38,32634799,99.24
"15544","unsavory",38,32634837,99.24
"15545","unschool",38,32634875,99.24
"15546","untamed",38,32634913,99.24
"15547","unwitting",38,32634951,99.24
"15548","vee",38,32634989,99.24
"15549","verity",38,32635027,99.24
"15550","vicariously",38,32635065,99.24
"15551","ville",38,32635103,99.24
"15552","visor",38,32635141,99.24
"15553","weir",38,32635179,99.24
"15554","woeful",38,32635217,99.24
"15555","wonderment",38,32635255,99.24
"15556","yak",38,32635293,99.24
"15557","yonder",38,32635331,99.24
"15558","zipping",38,32635369,99.24
"15559","absinthe",37,32635406,99.24
"15560","adapter",37,32635443,99.24
"15561","adorably",37,32635480,99.24
"15562","alarmingly",37,32635517,99.24
"15563","ambivalence",37,32635554,99.24
"15564","amniotic",37,32635591,99.24
"15565","auspices",37,32635628,99.24
"15566","baal",37,32635665,99.24
"15567","battleground",37,32635702,99.24
"15568","begrudgingly",37,32635739,99.24
"15569","beholden",37,32635776,99.24
"15570","beseech",37,32635813,99.24
"15571","bien",37,32635850,99.24
"15572","bonanza",37,32635887,99.24
"15573","braver",37,32635924,99.24
"15574","bystander",37,32635961,99.24
"15575","cassia",37,32635998,99.24
"15576","caustic",37,32636035,99.24
"15577","cherub",37,32636072,99.24
"15578","chronically",37,32636109,99.24
"15579","chun",37,32636146,99.24
"15580","cirque",37,32636183,99.24
"15581","cloudless",37,32636220,99.24
"15582","coexist",37,32636257,99.24
"15583","coliseum",37,32636294,99.24
"15584","concur",37,32636331,99.24
"15585","confidant",37,32636368,99.24
"15586","consummate",37,32636405,99.24
"15587","crested",37,32636442,99.24
"15588","crutch",37,32636479,99.24
"15589","diehard",37,32636516,99.24
"15590","digger",37,32636553,99.24
"15591","discord",37,32636590,99.24
"15592","disintegrate",37,32636627,99.24
"15593","displeased",37,32636664,99.24
"15594","ditty",37,32636701,99.24
"15595","dweller",37,32636738,99.24
"15596","dyslexia",37,32636775,99.24
"15597","ecclesiastical",37,32636812,99.24
"15598","engrossing",37,32636849,99.24
"15599","eta",37,32636886,99.24
"15600","evasive",37,32636923,99.24
"15601","everyman",37,32636960,99.24
"15602","exes",37,32636997,99.24
"15603","exorcist",37,32637034,99.24
"15604","exploitative",37,32637071,99.24
"15605","extraneous",37,32637108,99.24
"15606","falsetto",37,32637145,99.24
"15607","finality",37,32637182,99.24
"15608","fink",37,32637219,99.24
"15609","flak",37,32637256,99.24
"15610","fluently",37,32637293,99.24
"15611","footwork",37,32637330,99.24
"15612","guillotine",37,32637367,99.24
"15613","haphazard",37,32637404,99.24
"15614","haphazardly",37,32637441,99.24
"15615","harbinger",37,32637478,99.24
"15616","haywire",37,32637515,99.24
"15617","heft",37,32637552,99.24
"15618","hernia",37,32637589,99.24
"15619","hoist",37,32637626,99.24
"15620","hourglass",37,32637663,99.24
"15621","immaturity",37,32637700,99.24
"15622","impala",37,32637737,99.24
"15623","impervious",37,32637774,99.25
"15624","inadequacy",37,32637811,99.25
"15625","ineligible",37,32637848,99.25
"15626","inferiority",37,32637885,99.25
"15627","insular",37,32637922,99.25
"15628","intrude",37,32637959,99.25
"15629","jaggery",37,32637996,99.25
"15630","juju",37,32638033,99.25
"15631","kos",37,32638070,99.25
"15632","kremlin",37,32638107,99.25
"15633","lobbyist",37,32638144,99.25
"15634","lymphoma",37,32638181,99.25
"15635","maize",37,32638218,99.25
"15636","matting",37,32638255,99.25
"15637","mechanically",37,32638292,99.25
"15638","meld",37,32638329,99.25
"15639","menagerie",37,32638366,99.25
"15640","mobilize",37,32638403,99.25
"15641","napped",37,32638440,99.25
"15642","nastiness",37,32638477,99.25
"15643","neglectful",37,32638514,99.25
"15644","node",37,32638551,99.25
"15645","obscenity",37,32638588,99.25
"15646","ontological",37,32638625,99.25
"15647","philharmonic",37,32638662,99.25
"15648","pirouette",37,32638699,99.25
"15649","plumage",37,32638736,99.25
"15650","postwar",37,32638773,99.25
"15651","preparatory",37,32638810,99.25
"15652","priming",37,32638847,99.25
"15653","propagate",37,32638884,99.25
"15654","prophesy",37,32638921,99.25
"15655","prying",37,32638958,99.25
"15656","rabies",37,32638995,99.25
"15657","repellent",37,32639032,99.25
"15658","reptilian",37,32639069,99.25
"15659","repugnant",37,32639106,99.25
"15660","ridiculousness",37,32639143,99.25
"15661","rotisserie",37,32639180,99.25
"15662","saber",37,32639217,99.25
"15663","sandbox",37,32639254,99.25
"15664","sari",37,32639291,99.25
"15665","scold",37,32639328,99.25
"15666","sha",37,32639365,99.25
"15667","shapely",37,32639402,99.25
"15668","shard",37,32639439,99.25
"15669","sheepishly",37,32639476,99.25
"15670","sleuth",37,32639513,99.25
"15671","slowdown",37,32639550,99.25
"15672","snarl",37,32639587,99.25
"15673","soliciting",37,32639624,99.25
"15674","sourness",37,32639661,99.25
"15675","sparking",37,32639698,99.25
"15676","spina",37,32639735,99.25
"15677","springboard",37,32639772,99.25
"15678","sprinkler",37,32639809,99.25
"15679","squinted",37,32639846,99.25
"15680","stallion",37,32639883,99.25
"15681","stipulation",37,32639920,99.25
"15682","suffrage",37,32639957,99.25
"15683","taft",37,32639994,99.25
"15684","textural",37,32640031,99.25
"15685","thankless",37,32640068,99.25
"15686","thoughtfulness",37,32640105,99.25
"15687","thrice",37,32640142,99.25
"15688","thusly",37,32640179,99.25
"15689","tolling",37,32640216,99.25
"15690","torchwood",37,32640253,99.25
"15691","townspeople",37,32640290,99.25
"15692","traversing",37,32640327,99.25
"15693","trickery",37,32640364,99.25
"15694","tricycle",37,32640401,99.25
"15695","turban",37,32640438,99.25
"15696","umbilical",37,32640475,99.25
"15697","underprivileged",37,32640512,99.25
"15698","unearth",37,32640549,99.25
"15699","unfairness",37,32640586,99.25
"15700","uninvited",37,32640623,99.25
"15701","unorganized",37,32640660,99.25
"15702","unprotected",37,32640697,99.25
"15703","untreated",37,32640734,99.25
"15704","unwrap",37,32640771,99.25
"15705","utterance",37,32640808,99.25
"15706","vector",37,32640845,99.25
"15707","vendetta",37,32640882,99.25
"15708","vermouth",37,32640919,99.25
"15709","visage",37,32640956,99.25
"15710","vivacious",37,32640993,99.25
"15711","watermark",37,32641030,99.25
"15712","whirlpool",37,32641067,99.26
"15713","worsted",37,32641104,99.26
"15714","wove",37,32641141,99.26
"15715","antennae",36,32641177,99.26
"15716","apa",36,32641213,99.26
"15717","apprehend",36,32641249,99.26
"15718","arsenic",36,32641285,99.26
"15719","backfire",36,32641321,99.26
"15720","baloney",36,32641357,99.26
"15721","betterment",36,32641393,99.26
"15722","blowout",36,32641429,99.26
"15723","bowery",36,32641465,99.26
"15724","bureaucrat",36,32641501,99.26
"15725","cameraman",36,32641537,99.26
"15726","cannibalism",36,32641573,99.26
"15727","caribou",36,32641609,99.26
"15728","catheter",36,32641645,99.26
"15729","centering",36,32641681,99.26
"15730","centipede",36,32641717,99.26
"15731","channeled",36,32641753,99.26
"15732","clatter",36,32641789,99.26
"15733","clipper",36,32641825,99.26
"15734","coiled",36,32641861,99.26
"15735","collin",36,32641897,99.26
"15736","connectedness",36,32641933,99.26
"15737","conspire",36,32641969,99.26
"15738","constitutionally",36,32642005,99.26
"15739","coupe",36,32642041,99.26
"15740","crescendo",36,32642077,99.26
"15741","crone",36,32642113,99.26
"15742","curtail",36,32642149,99.26
"15743","dandruff",36,32642185,99.26
"15744","decode",36,32642221,99.26
"15745","demonize",36,32642257,99.26
"15746","deposition",36,32642293,99.26
"15747","deviled",36,32642329,99.26
"15748","dialysis",36,32642365,99.26
"15749","digression",36,32642401,99.26
"15750","dilute",36,32642437,99.26
"15751","directorial",36,32642473,99.26
"15752","disorderly",36,32642509,99.26
"15753","dregs",36,32642545,99.26
"15754","embroider",36,32642581,99.26
"15755","eme",36,32642617,99.26
"15756","emeritus",36,32642653,99.26
"15757","enmity",36,32642689,99.26
"15758","exhilaration",36,32642725,99.26
"15759","faceted",36,32642761,99.26
"15760","factually",36,32642797,99.26
"15761","fanaticism",36,32642833,99.26
"15762","flabby",36,32642869,99.26
"15763","flocking",36,32642905,99.26
"15764","forbidding",36,32642941,99.26
"15765","forwarding",36,32642977,99.26
"15766","frighteningly",36,32643013,99.26
"15767","gallop",36,32643049,99.26
"15768","geopolitical",36,32643085,99.26
"15769","glover",36,32643121,99.26
"15770","goa",36,32643157,99.26
"15771","gobble",36,32643193,99.26
"15772","grimy",36,32643229,99.26
"15773","gump",36,32643265,99.26
"15774","gunpowder",36,32643301,99.26
"15775","hackney",36,32643337,99.26
"15776","hardness",36,32643373,99.26
"15777","harshness",36,32643409,99.26
"15778","haughty",36,32643445,99.26
"15779","haw",36,32643481,99.26
"15780","headmaster",36,32643517,99.26
"15781","hearst",36,32643553,99.26
"15782","homogenous",36,32643589,99.26
"15783","ideologically",36,32643625,99.26
"15784","idiosyncratic",36,32643661,99.26
"15785","imp",36,32643697,99.26
"15786","incendiary",36,32643733,99.26
"15787","incomparable",36,32643769,99.26
"15788","infringer",36,32643805,99.26
"15789","inhaler",36,32643841,99.26
"15790","inlet",36,32643877,99.26
"15791","intermediary",36,32643913,99.26
"15792","inversion",36,32643949,99.26
"15793","irreparable",36,32643985,99.26
"15794","irritate",36,32644021,99.26
"15795","jeopardize",36,32644057,99.26
"15796","kilt",36,32644093,99.26
"15797","lapsed",36,32644129,99.26
"15798","linoleum",36,32644165,99.26
"15799","looping",36,32644201,99.26
"15800","lunge",36,32644237,99.26
"15801","luxe",36,32644273,99.26
"15802","mailman",36,32644309,99.26
"15803","miro",36,32644345,99.27
"15804","moronic",36,32644381,99.27
"15805","motorist",36,32644417,99.27
"15806","mou",36,32644453,99.27
"15807","mozambique",36,32644489,99.27
"15808","muggy",36,32644525,99.27
"15809","multiplicity",36,32644561,99.27
"15810","munitions",36,32644597,99.27
"15811","musk",36,32644633,99.27
"15812","naively",36,32644669,99.27
"15813","naivety",36,32644705,99.27
"15814","naturalist",36,32644741,99.27
"15815","nightingale",36,32644777,99.27
"15816","nonduality",36,32644813,99.27
"15817","nucleus",36,32644849,99.27
"15818","pamper",36,32644885,99.27
"15819","paring",36,32644921,99.27
"15820","pathetically",36,32644957,99.27
"15821","pellet",36,32644993,99.27
"15822","pestle",36,32645029,99.27
"15823","pigmentation",36,32645065,99.27
"15824","pix",36,32645101,99.27
"15825","placate",36,32645137,99.27
"15826","polled",36,32645173,99.27
"15827","pox",36,32645209,99.27
"15828","preferential",36,32645245,99.27
"15829","provenance",36,32645281,99.27
"15830","recklessly",36,32645317,99.27
"15831","rector",36,32645353,99.27
"15832","refreshment",36,32645389,99.27
"15833","reprimand",36,32645425,99.27
"15834","reptile",36,32645461,99.27
"15835","restitution",36,32645497,99.27
"15836","sacking",36,32645533,99.27
"15837","salespeople",36,32645569,99.27
"15838","sambal",36,32645605,99.27
"15839","scrawny",36,32645641,99.27
"15840","setter",36,32645677,99.27
"15841","shielding",36,32645713,99.27
"15842","sime",36,32645749,99.27
"15843","slather",36,32645785,99.27
"15844","sleet",36,32645821,99.27
"15845","speedway",36,32645857,99.27
"15846","spiteful",36,32645893,99.27
"15847","splinter",36,32645929,99.27
"15848","sprayer",36,32645965,99.27
"15849","springer",36,32646001,99.27
"15850","sprinter",36,32646037,99.27
"15851","stereotyped",36,32646073,99.27
"15852","strident",36,32646109,99.27
"15853","stubble",36,32646145,99.27
"15854","taffy",36,32646181,99.27
"15855","talker",36,32646217,99.27
"15856","tater",36,32646253,99.27
"15857","theses",36,32646289,99.27
"15858","tinned",36,32646325,99.27
"15859","toxicology",36,32646361,99.27
"15860","tycoon",36,32646397,99.27
"15861","unabashedly",36,32646433,99.27
"15862","underwood",36,32646469,99.27
"15863","undeserved",36,32646505,99.27
"15864","undulating",36,32646541,99.27
"15865","unintelligible",36,32646577,99.27
"15866","unqualified",36,32646613,99.27
"15867","unsatisfying",36,32646649,99.27
"15868","valiantly",36,32646685,99.27
"15869","warlock",36,32646721,99.27
"15870","whey",36,32646757,99.27
"15871","wordplay",36,32646793,99.27
"15872","yap",36,32646829,99.27
"15873","yaya",36,32646865,99.27
"15874","accosted",35,32646900,99.27
"15875","accreditation",35,32646935,99.27
"15876","ae",35,32646970,99.27
"15877","afore",35,32647005,99.27
"15878","altruism",35,32647040,99.27
"15879","alum",35,32647075,99.27
"15880","amin",35,32647110,99.27
"15881","antarctic",35,32647145,99.27
"15882","assailant",35,32647180,99.27
"15883","banked",35,32647215,99.27
"15884","batty",35,32647250,99.27
"15885","beagle",35,32647285,99.27
"15886","blithely",35,32647320,99.27
"15887","blockage",35,32647355,99.27
"15888","bombastic",35,32647390,99.27
"15889","bouillon",35,32647425,99.27
"15890","breadwinner",35,32647460,99.27
"15891","burdensome",35,32647495,99.27
"15892","cabinetry",35,32647530,99.27
"15893","caddy",35,32647565,99.27
"15894","calender",35,32647600,99.27
"15895","canister",35,32647635,99.28
"15896","categorically",35,32647670,99.28
"15897","caterer",35,32647705,99.28
"15898","centrist",35,32647740,99.28
"15899","christened",35,32647775,99.28
"15900","cisco",35,32647810,99.28
"15901","civility",35,32647845,99.28
"15902","clench",35,32647880,99.28
"15903","coincidental",35,32647915,99.28
"15904","colloidal",35,32647950,99.28
"15905","condiment",35,32647985,99.28
"15906","condominium",35,32648020,99.28
"15907","conservancy",35,32648055,99.28
"15908","copycat",35,32648090,99.28
"15909","dangle",35,32648125,99.28
"15910","decal",35,32648160,99.28
"15911","deference",35,32648195,99.28
"15912","denote",35,32648230,99.28
"15913","depraved",35,32648265,99.28
"15914","detritus",35,32648300,99.28
"15915","disable",35,32648335,99.28
"15916","disapprove",35,32648370,99.28
"15917","enclose",35,32648405,99.28
"15918","eschew",35,32648440,99.28
"15919","extrovert",35,32648475,99.28
"15920","fae",35,32648510,99.28
"15921","falconer",35,32648545,99.28
"15922","fearfully",35,32648580,99.28
"15923","feathery",35,32648615,99.28
"15924","ferret",35,32648650,99.28
"15925","feverishly",35,32648685,99.28
"15926","finalize",35,32648720,99.28
"15927","flirtation",35,32648755,99.28
"15928","flit",35,32648790,99.28
"15929","fob",35,32648825,99.28
"15930","foothold",35,32648860,99.28
"15931","forecasting",35,32648895,99.28
"15932","frustrate",35,32648930,99.28
"15933","fuming",35,32648965,99.28
"15934","gabby",35,32649000,99.28
"15935","gecko",35,32649035,99.28
"15936","gelding",35,32649070,99.28
"15937","glut",35,32649105,99.28
"15938","heretic",35,32649140,99.28
"15939","hilt",35,32649175,99.28
"15940","honeysuckle",35,32649210,99.28
"15941","hoopla",35,32649245,99.28
"15942","horner",35,32649280,99.28
"15943","hyperactive",35,32649315,99.28
"15944","indestructible",35,32649350,99.28
"15945","interactivity",35,32649385,99.28
"15946","intercept",35,32649420,99.28
"15947","interchange",35,32649455,99.28
"15948","leno",35,32649490,99.28
"15949","llama",35,32649525,99.28
"15950","locality",35,32649560,99.28
"15951","magma",35,32649595,99.28
"15952","magnetism",35,32649630,99.28
"15953","magnificence",35,32649665,99.28
"15954","markedly",35,32649700,99.28
"15955","matinee",35,32649735,99.28
"15956","mindlessly",35,32649770,99.28
"15957","mobilization",35,32649805,99.28
"15958","modicum",35,32649840,99.28
"15959","mot",35,32649875,99.28
"15960","nakedness",35,32649910,99.28
"15961","narcissism",35,32649945,99.28
"15962","narcissist",35,32649980,99.28
"15963","nibs",35,32650015,99.28
"15964","nonchalantly",35,32650050,99.28
"15965","nother",35,32650085,99.28
"15966","onus",35,32650120,99.28
"15967","opacity",35,32650155,99.28
"15968","operatic",35,32650190,99.28
"15969","organist",35,32650225,99.28
"15970","overseen",35,32650260,99.28
"15971","pandemic",35,32650295,99.28
"15972","panicky",35,32650330,99.28
"15973","pashmina",35,32650365,99.28
"15974","perfectionism",35,32650400,99.28
"15975","perishable",35,32650435,99.28
"15976","philosophically",35,32650470,99.28
"15977","piazza",35,32650505,99.28
"15978","posterior",35,32650540,99.28
"15979","purring",35,32650575,99.28
"15980","quintet",35,32650610,99.28
"15981","reeve",35,32650645,99.28
"15982","refrigeration",35,32650680,99.28
"15983","relegation",35,32650715,99.28
"15984","repel",35,32650750,99.28
"15985","requiem",35,32650785,99.28
"15986","ripen",35,32650820,99.28
"15987","roi",35,32650855,99.28
"15988","saltiness",35,32650890,99.28
"15989","salve",35,32650925,99.29
"15990","schoolhouse",35,32650960,99.29
"15991","selflessness",35,32650995,99.29
"15992","shanty",35,32651030,99.29
"15993","shay",35,32651065,99.29
"15994","sherbet",35,32651100,99.29
"15995","shipwreck",35,32651135,99.29
"15996","sienna",35,32651170,99.29
"15997","skipper",35,32651205,99.29
"15998","skittish",35,32651240,99.29
"15999","slater",35,32651275,99.29
"16000","snorting",35,32651310,99.29
"16001","sommelier",35,32651345,99.29
"16002","soybean",35,32651380,99.29
"16003","squander",35,32651415,99.29
"16004","staid",35,32651450,99.29
"16005","stalemate",35,32651485,99.29
"16006","storied",35,32651520,99.29
"16007","tacit",35,32651555,99.29
"16008","tailoring",35,32651590,99.29
"16009","theorem",35,32651625,99.29
"16010","thesaurus",35,32651660,99.29
"16011","tigger",35,32651695,99.29
"16012","topography",35,32651730,99.29
"16013","transvaal",35,32651765,99.29
"16014","trinket",35,32651800,99.29
"16015","troika",35,32651835,99.29
"16016","trudge",35,32651870,99.29
"16017","tux",35,32651905,99.29
"16018","unapologetic",35,32651940,99.29
"16019","unbeliever",35,32651975,99.29
"16020","undefined",35,32652010,99.29
"16021","undemocratic",35,32652045,99.29
"16022","undertone",35,32652080,99.29
"16023","unencumbered",35,32652115,99.29
"16024","unfaithful",35,32652150,99.29
"16025","ungreased",35,32652185,99.29
"16026","vacate",35,32652220,99.29
"16027","vermin",35,32652255,99.29
"16028","vino",35,32652290,99.29
"16029","weakly",35,32652325,99.29
"16030","whoosh",35,32652360,99.29
"16031","winger",35,32652395,99.29
"16032","withers",35,32652430,99.29
"16033","workbench",35,32652465,99.29
"16034","admonition",34,32652499,99.29
"16035","affective",34,32652533,99.29
"16036","aggressor",34,32652567,99.29
"16037","alliteration",34,32652601,99.29
"16038","alpaca",34,32652635,99.29
"16039","ancillary",34,32652669,99.29
"16040","apologist",34,32652703,99.29
"16041","applicator",34,32652737,99.29
"16042","atelier",34,32652771,99.29
"16043","authentically",34,32652805,99.29
"16044","axiom",34,32652839,99.29
"16045","baptize",34,32652873,99.29
"16046","baritone",34,32652907,99.29
"16047","bastille",34,32652941,99.29
"16048","befall",34,32652975,99.29
"16049","begrudge",34,32653009,99.29
"16050","blemish",34,32653043,99.29
"16051","bombardment",34,32653077,99.29
"16052","brightening",34,32653111,99.29
"16053","bub",34,32653145,99.29
"16054","burbank",34,32653179,99.29
"16055","butte",34,32653213,99.29
"16056","buttoned",34,32653247,99.29
"16057","caraway",34,32653281,99.29
"16058","catharsis",34,32653315,99.29
"16059","chalky",34,32653349,99.29
"16060","chartreuse",34,32653383,99.29
"16061","chaste",34,32653417,99.29
"16062","chiller",34,32653451,99.29
"16063","chippy",34,32653485,99.29
"16064","chug",34,32653519,99.29
"16065","cinch",34,32653553,99.29
"16066","clothe",34,32653587,99.29
"16067","collagen",34,32653621,99.29
"16068","comically",34,32653655,99.29
"16069","commendable",34,32653689,99.29
"16070","conclusively",34,32653723,99.29
"16071","covet",34,32653757,99.29
"16072","creeper",34,32653791,99.29
"16073","crimp",34,32653825,99.29
"16074","curmudgeon",34,32653859,99.29
"16075","curricular",34,32653893,99.29
"16076","cushy",34,32653927,99.29
"16077","cuss",34,32653961,99.29
"16078","czar",34,32653995,99.29
"16079","deflate",34,32654029,99.29
"16080","depository",34,32654063,99.29
"16081","dinghy",34,32654097,99.29
"16082","disheveled",34,32654131,99.29
"16083","disinterest",34,32654165,99.29
"16084","divination",34,32654199,99.3
"16085","doldrums",34,32654233,99.3
"16086","dory",34,32654267,99.3
"16087","doting",34,32654301,99.3
"16088","drapery",34,32654335,99.3
"16089","elasticity",34,32654369,99.3
"16090","elective",34,32654403,99.3
"16091","episodic",34,32654437,99.3
"16092","erode",34,32654471,99.3
"16093","extinguish",34,32654505,99.3
"16094","fatherhood",34,32654539,99.3
"16095","fixer",34,32654573,99.3
"16096","floundering",34,32654607,99.3
"16097","freehand",34,32654641,99.3
"16098","furnishing",34,32654675,99.3
"16099","gage",34,32654709,99.3
"16100","ged",34,32654743,99.3
"16101","gentry",34,32654777,99.3
"16102","glassy",34,32654811,99.3
"16103","grimace",34,32654845,99.3
"16104","grouse",34,32654879,99.3
"16105","grower",34,32654913,99.3
"16106","gypsum",34,32654947,99.3
"16107","hairline",34,32654981,99.3
"16108","hanky",34,32655015,99.3
"16109","hasan",34,32655049,99.3
"16110","humiliate",34,32655083,99.3
"16111","hydroelectric",34,32655117,99.3
"16112","immanent",34,32655151,99.3
"16113","implore",34,32655185,99.3
"16114","indistinct",34,32655219,99.3
"16115","inexperience",34,32655253,99.3
"16116","infernal",34,32655287,99.3
"16117","inker",34,32655321,99.3
"16118","invocation",34,32655355,99.3
"16119","kugel",34,32655389,99.3
"16120","lineman",34,32655423,99.3
"16121","loyalist",34,32655457,99.3
"16122","lube",34,32655491,99.3
"16123","mainstay",34,32655525,99.3
"16124","malleable",34,32655559,99.3
"16125","maniacal",34,32655593,99.3
"16126","mariner",34,32655627,99.3
"16127","matchy",34,32655661,99.3
"16128","materialist",34,32655695,99.3
"16129","maturation",34,32655729,99.3
"16130","meatless",34,32655763,99.3
"16131","melancholia",34,32655797,99.3
"16132","midweek",34,32655831,99.3
"16133","mirza",34,32655865,99.3
"16134","monastic",34,32655899,99.3
"16135","monotone",34,32655933,99.3
"16136","motherly",34,32655967,99.3
"16137","multiverse",34,32656001,99.3
"16138","nether",34,32656035,99.3
"16139","observable",34,32656069,99.3
"16140","od",34,32656103,99.3
"16141","omnibus",34,32656137,99.3
"16142","oncology",34,32656171,99.3
"16143","orbital",34,32656205,99.3
"16144","pander",34,32656239,99.3
"16145","parity",34,32656273,99.3
"16146","pelican",34,32656307,99.3
"16147","penning",34,32656341,99.3
"16148","peppy",34,32656375,99.3
"16149","pineal",34,32656409,99.3
"16150","piston",34,32656443,99.3
"16151","plunder",34,32656477,99.3
"16152","pouting",34,32656511,99.3
"16153","prefect",34,32656545,99.3
"16154","prescient",34,32656579,99.3
"16155","presumptuous",34,32656613,99.3
"16156","promulgate",34,32656647,99.3
"16157","quickness",34,32656681,99.3
"16158","raja",34,32656715,99.3
"16159","rea",34,32656749,99.3
"16160","readability",34,32656783,99.3
"16161","reimbursement",34,32656817,99.3
"16162","renovate",34,32656851,99.3
"16163","repository",34,32656885,99.3
"16164","rheumatoid",34,32656919,99.3
"16165","rondo",34,32656953,99.3
"16166","rougher",34,32656987,99.3
"16167","rudeness",34,32657021,99.3
"16168","rutherford",34,32657055,99.3
"16169","sade",34,32657089,99.3
"16170","sailboat",34,32657123,99.3
"16171","sao",34,32657157,99.3
"16172","secretariat",34,32657191,99.3
"16173","seducing",34,32657225,99.3
"16174","shamefully",34,32657259,99.3
"16175","shielded",34,32657293,99.3
"16176","shoo",34,32657327,99.3
"16177","simulate",34,32657361,99.3
"16178","smalls",34,32657395,99.3
"16179","snide",34,32657429,99.3
"16180","soured",34,32657463,99.3
"16181","spangled",34,32657497,99.31
"16182","specter",34,32657531,99.31
"16183","spleen",34,32657565,99.31
"16184","splutter",34,32657599,99.31
"16185","spongy",34,32657633,99.31
"16186","spook",34,32657667,99.31
"16187","staffer",34,32657701,99.31
"16188","stoner",34,32657735,99.31
"16189","stoning",34,32657769,99.31
"16190","stratosphere",34,32657803,99.31
"16191","streaked",34,32657837,99.31
"16192","stunted",34,32657871,99.31
"16193","subsidize",34,32657905,99.31
"16194","superlative",34,32657939,99.31
"16195","surrealist",34,32657973,99.31
"16196","swig",34,32658007,99.31
"16197","sycamore",34,32658041,99.31
"16198","symphonic",34,32658075,99.31
"16199","synonym",34,32658109,99.31
"16200","temperamental",34,32658143,99.31
"16201","terse",34,32658177,99.31
"16202","theist",34,32658211,99.31
"16203","tightrope",34,32658245,99.31
"16204","toed",34,32658279,99.31
"16205","treacle",34,32658313,99.31
"16206","tutelage",34,32658347,99.31
"16207","ultimatum",34,32658381,99.31
"16208","uncut",34,32658415,99.31
"16209","unrestricted",34,32658449,99.31
"16210","unsteady",34,32658483,99.31
"16211","untenable",34,32658517,99.31
"16212","uplifted",34,32658551,99.31
"16213","volley",34,32658585,99.31
"16214","waft",34,32658619,99.31
"16215","waterproofing",34,32658653,99.31
"16216","wick",34,32658687,99.31
"16217","wiener",34,32658721,99.31
"16218","wriggle",34,32658755,99.31
"16219","zippy",34,32658789,99.31
"16220","zoned",34,32658823,99.31
"16221","abominable",33,32658856,99.31
"16222","abort",33,32658889,99.31
"16223","adoptee",33,32658922,99.31
"16224","affable",33,32658955,99.31
"16225","amethyst",33,32658988,99.31
"16226","antagonistic",33,32659021,99.31
"16227","aplomb",33,32659054,99.31
"16228","arithmetic",33,32659087,99.31
"16229","arousal",33,32659120,99.31
"16230","atrium",33,32659153,99.31
"16231","azure",33,32659186,99.31
"16232","belligerent",33,32659219,99.31
"16233","biceps",33,32659252,99.31
"16234","birding",33,32659285,99.31
"16235","blunder",33,32659318,99.31
"16236","bony",33,32659351,99.31
"16237","bret",33,32659384,99.31
"16238","bridging",33,32659417,99.31
"16239","brigadier",33,32659450,99.31
"16240","briskly",33,32659483,99.31
"16241","cavernous",33,32659516,99.31
"16242","cervical",33,32659549,99.31
"16243","checkered",33,32659582,99.31
"16244","choreographer",33,32659615,99.31
"16245","christening",33,32659648,99.31
"16246","chute",33,32659681,99.31
"16247","circumvent",33,32659714,99.31
"16248","clerical",33,32659747,99.31
"16249","confide",33,32659780,99.31
"16250","contra",33,32659813,99.31
"16251","cookout",33,32659846,99.31
"16252","covent",33,32659879,99.31
"16253","coy",33,32659912,99.31
"16254","culminate",33,32659945,99.31
"16255","curried",33,32659978,99.31
"16256","cursor",33,32660011,99.31
"16257","daikon",33,32660044,99.31
"16258","decorum",33,32660077,99.31
"16259","defrost",33,32660110,99.31
"16260","demonstrably",33,32660143,99.31
"16261","dished",33,32660176,99.31
"16262","disseminate",33,32660209,99.31
"16263","distinguishable",33,32660242,99.31
"16264","disturbingly",33,32660275,99.31
"16265","esophagus",33,32660308,99.31
"16266","ethically",33,32660341,99.31
"16267","ethnically",33,32660374,99.31
"16268","euphoric",33,32660407,99.31
"16269","excepting",33,32660440,99.31
"16270","exemplify",33,32660473,99.31
"16271","fainting",33,32660506,99.31
"16272","fancier",33,32660539,99.31
"16273","fascinate",33,32660572,99.31
"16274","fester",33,32660605,99.31
"16275","flagrant",33,32660638,99.31
"16276","flan",33,32660671,99.31
"16277","flapper",33,32660704,99.31
"16278","flitting",33,32660737,99.31
"16279","fluctuate",33,32660770,99.31
"16280","footy",33,32660803,99.32
"16281","foretold",33,32660836,99.32
"16282","forked",33,32660869,99.32
"16283","fragility",33,32660902,99.32
"16284","freakish",33,32660935,99.32
"16285","frizzy",33,32660968,99.32
"16286","frolic",33,32661001,99.32
"16287","fryer",33,32661034,99.32
"16288","gallant",33,32661067,99.32
"16289","gambit",33,32661100,99.32
"16290","gambler",33,32661133,99.32
"16291","genealogical",33,32661166,99.32
"16292","goldstone",33,32661199,99.32
"16293","golfer",33,32661232,99.32
"16294","heartening",33,32661265,99.32
"16295","heatproof",33,32661298,99.32
"16296","homespun",33,32661331,99.32
"16297","honeydew",33,32661364,99.32
"16298","hospitalization",33,32661397,99.32
"16299","hulking",33,32661430,99.32
"16300","husk",33,32661463,99.32
"16301","impasse",33,32661496,99.32
"16302","imprison",33,32661529,99.32
"16303","incandescent",33,32661562,99.32
"16304","incognito",33,32661595,99.32
"16305","inconclusive",33,32661628,99.32
"16306","incurable",33,32661661,99.32
"16307","inexcusable",33,32661694,99.32
"16308","innovate",33,32661727,99.32
"16309","innovator",33,32661760,99.32
"16310","insertion",33,32661793,99.32
"16311","intelligible",33,32661826,99.32
"16312","intercom",33,32661859,99.32
"16313","inwards",33,32661892,99.32
"16314","jackman",33,32661925,99.32
"16315","jukebox",33,32661958,99.32
"16316","jurisprudence",33,32661991,99.32
"16317","kath",33,32662024,99.32
"16318","knick",33,32662057,99.32
"16319","lakeside",33,32662090,99.32
"16320","leaven",33,32662123,99.32
"16321","legalization",33,32662156,99.32
"16322","lethargy",33,32662189,99.32
"16323","magi",33,32662222,99.32
"16324","mano",33,32662255,99.32
"16325","mathematically",33,32662288,99.32
"16326","maud",33,32662321,99.32
"16327","mausoleum",33,32662354,99.32
"16328","menthol",33,32662387,99.32
"16329","moisten",33,32662420,99.32
"16330","mossy",33,32662453,99.32
"16331","mulder",33,32662486,99.32
"16332","muller",33,32662519,99.32
"16333","murmuring",33,32662552,99.32
"16334","musicianship",33,32662585,99.32
"16335","natch",33,32662618,99.32
"16336","opulent",33,32662651,99.32
"16337","outgrow",33,32662684,99.32
"16338","panning",33,32662717,99.32
"16339","papacy",33,32662750,99.32
"16340","pare",33,32662783,99.32
"16341","patronizing",33,32662816,99.32
"16342","peeved",33,32662849,99.32
"16343","perfumed",33,32662882,99.32
"16344","pharisee",33,32662915,99.32
"16345","philanthropist",33,32662948,99.32
"16346","pillowcase",33,32662981,99.32
"16347","poignancy",33,32663014,99.32
"16348","polk",33,32663047,99.32
"16349","pollack",33,32663080,99.32
"16350","polluting",33,32663113,99.32
"16351","poolside",33,32663146,99.32
"16352","precede",33,32663179,99.32
"16353","psychosis",33,32663212,99.32
"16354","punchy",33,32663245,99.32
"16355","purr",33,32663278,99.32
"16356","purveyor",33,32663311,99.32
"16357","putt",33,32663344,99.32
"16358","quarantine",33,32663377,99.32
"16359","quicksand",33,32663410,99.32
"16360","raincoat",33,32663443,99.32
"16361","ramped",33,32663476,99.32
"16362","reassess",33,32663509,99.32
"16363","rectified",33,32663542,99.32
"16364","redistribute",33,32663575,99.32
"16365","refinery",33,32663608,99.32
"16366","regenerate",33,32663641,99.32
"16367","resolutely",33,32663674,99.32
"16368","retake",33,32663707,99.32
"16369","revisionist",33,32663740,99.32
"16370","rickety",33,32663773,99.32
"16371","rucksack",33,32663806,99.32
"16372","scala",33,32663839,99.32
"16373","sclerosis",33,32663872,99.32
"16374","scrolled",33,32663905,99.32
"16375","sensationalism",33,32663938,99.32
"16376","sequential",33,32663971,99.32
"16377","shadowing",33,32664004,99.32
"16378","sith",33,32664037,99.32
"16379","slur",33,32664070,99.33
"16380","snobbery",33,32664103,99.33
"16381","snowmobile",33,32664136,99.33
"16382","sodden",33,32664169,99.33
"16383","sombre",33,32664202,99.33
"16384","specks",33,32664235,99.33
"16385","spectral",33,32664268,99.33
"16386","squabbling",33,32664301,99.33
"16387","subpoena",33,32664334,99.33
"16388","surging",33,32664367,99.33
"16389","taint",33,32664400,99.33
"16390","teachable",33,32664433,99.33
"16391","thrower",33,32664466,99.33
"16392","tithe",33,32664499,99.33
"16393","tock",33,32664532,99.33
"16394","transformer",33,32664565,99.33
"16395","tripe",33,32664598,99.33
"16396","tue",33,32664631,99.33
"16397","twit",33,32664664,99.33
"16398","unleavened",33,32664697,99.33
"16399","unmotivated",33,32664730,99.33
"16400","unregistered",33,32664763,99.33
"16401","unsatisfactory",33,32664796,99.33
"16402","unsightly",33,32664829,99.33
"16403","unsung",33,32664862,99.33
"16404","unsympathetic",33,32664895,99.33
"16405","untill",33,32664928,99.33
"16406","veranda",33,32664961,99.33
"16407","virtuoso",33,32664994,99.33
"16408","virulent",33,32665027,99.33
"16409","vixen",33,32665060,99.33
"16410","vowel",33,32665093,99.33
"16411","wag",33,32665126,99.33
"16412","wallflower",33,32665159,99.33
"16413","whither",33,32665192,99.33
"16414","wiz",33,32665225,99.33
"16415","workbook",33,32665258,99.33
"16416","wrongful",33,32665291,99.33
"16417","yanking",33,32665324,99.33
"16418","zesty",33,32665357,99.33
"16419","aba",32,32665389,99.33
"16420","acrobat",32,32665421,99.33
"16421","alba",32,32665453,99.33
"16422","alder",32,32665485,99.33
"16423","allot",32,32665517,99.33
"16424","allowable",32,32665549,99.33
"16425","amenable",32,32665581,99.33
"16426","androgynous",32,32665613,99.33
"16427","annex",32,32665645,99.33
"16428","anomalous",32,32665677,99.33
"16429","antiseptic",32,32665709,99.33
"16430","antivirus",32,32665741,99.33
"16431","antler",32,32665773,99.33
"16432","appendage",32,32665805,99.33
"16433","arming",32,32665837,99.33
"16434","articulation",32,32665869,99.33
"16435","ascribe",32,32665901,99.33
"16436","athleticism",32,32665933,99.33
"16437","attributable",32,32665965,99.33
"16438","attrition",32,32665997,99.33
"16439","badness",32,32666029,99.33
"16440","balled",32,32666061,99.33
"16441","beastly",32,32666093,99.33
"16442","beryl",32,32666125,99.33
"16443","biographer",32,32666157,99.33
"16444","bloating",32,32666189,99.33
"16445","breathlessly",32,32666221,99.33
"16446","brotherly",32,32666253,99.33
"16447","buoyant",32,32666285,99.33
"16448","burka",32,32666317,99.33
"16449","cataclysmic",32,32666349,99.33
"16450","causation",32,32666381,99.33
"16451","chaff",32,32666413,99.33
"16452","chronologically",32,32666445,99.33
"16453","chucking",32,32666477,99.33
"16454","collared",32,32666509,99.33
"16455","collectible",32,32666541,99.33
"16456","comatose",32,32666573,99.33
"16457","comer",32,32666605,99.33
"16458","compendium",32,32666637,99.33
"16459","comprehensively",32,32666669,99.33
"16460","confederacy",32,32666701,99.33
"16461","consequent",32,32666733,99.33
"16462","creak",32,32666765,99.33
"16463","crevice",32,32666797,99.33
"16464","cupped",32,32666829,99.33
"16465","curtailed",32,32666861,99.33
"16466","cynically",32,32666893,99.33
"16467","cyst",32,32666925,99.33
"16468","daybreak",32,32666957,99.33
"16469","deduce",32,32666989,99.33
"16470","didactic",32,32667021,99.33
"16471","disqualify",32,32667053,99.33
"16472","domineering",32,32667085,99.33
"16473","dosa",32,32667117,99.33
"16474","drawl",32,32667149,99.33
"16475","duplex",32,32667181,99.33
"16476","dusky",32,32667213,99.33
"16477","electron",32,32667245,99.33
"16478","emigration",32,32667277,99.33
"16479","enzyme",32,32667309,99.33
"16480","erroneously",32,32667341,99.33
"16481","ewe",32,32667373,99.34
"16482","exacting",32,32667405,99.34
"16483","excellently",32,32667437,99.34
"16484","expedient",32,32667469,99.34
"16485","ey",32,32667501,99.34
"16486","ferociously",32,32667533,99.34
"16487","fielded",32,32667565,99.34
"16488","fourteenth",32,32667597,99.34
"16489","fragmentation",32,32667629,99.34
"16490","frowning",32,32667661,99.34
"16491","gallows",32,32667693,99.34
"16492","gander",32,32667725,99.34
"16493","gatherer",32,32667757,99.34
"16494","gleeful",32,32667789,99.34
"16495","gogo",32,32667821,99.34
"16496","greedily",32,32667853,99.34
"16497","gurgling",32,32667885,99.34
"16498","hatchet",32,32667917,99.34
"16499","hatter",32,32667949,99.34
"16500","hearse",32,32667981,99.34
"16501","heighten",32,32668013,99.34
"16502","hemlock",32,32668045,99.34
"16503","heretical",32,32668077,99.34
"16504","hob",32,32668109,99.34
"16505","homeopathic",32,32668141,99.34
"16506","immaterial",32,32668173,99.34
"16507","indiscriminate",32,32668205,99.34
"16508","inexorable",32,32668237,99.34
"16509","innately",32,32668269,99.34
"16510","insufferable",32,32668301,99.34
"16511","inverse",32,32668333,99.34
"16512","isolating",32,32668365,99.34
"16513","jed",32,32668397,99.34
"16514","jetty",32,32668429,99.34
"16515","lac",32,32668461,99.34
"16516","lan",32,32668493,99.34
"16517","larvae",32,32668525,99.34
"16518","letdown",32,32668557,99.34
"16519","lichen",32,32668589,99.34
"16520","limping",32,32668621,99.34
"16521","lipped",32,32668653,99.34
"16522","lolly",32,32668685,99.34
"16523","looney",32,32668717,99.34
"16524","lyricist",32,32668749,99.34
"16525","machete",32,32668781,99.34
"16526","marzipan",32,32668813,99.34
"16527","masonry",32,32668845,99.34
"16528","matzo",32,32668877,99.34
"16529","merle",32,32668909,99.34
"16530","mirth",32,32668941,99.34
"16531","misread",32,32668973,99.34
"16532","mitten",32,32669005,99.34
"16533","moldy",32,32669037,99.34
"16534","monogamous",32,32669069,99.34
"16535","nationalistic",32,32669101,99.34
"16536","needlework",32,32669133,99.34
"16537","nihilistic",32,32669165,99.34
"16538","nutritionally",32,32669197,99.34
"16539","oblong",32,32669229,99.34
"16540","outnumber",32,32669261,99.34
"16541","overhang",32,32669293,99.34
"16542","overshadow",32,32669325,99.34
"16543","panache",32,32669357,99.34
"16544","pariah",32,32669389,99.34
"16545","pensive",32,32669421,99.34
"16546","pernicious",32,32669453,99.34
"16547","persecute",32,32669485,99.34
"16548","philanthropic",32,32669517,99.34
"16549","picker",32,32669549,99.34
"16550","playfulness",32,32669581,99.34
"16551","plied",32,32669613,99.34
"16552","polytechnic",32,32669645,99.34
"16553","posey",32,32669677,99.34
"16554","prayerfully",32,32669709,99.34
"16555","predictive",32,32669741,99.34
"16556","presuming",32,32669773,99.34
"16557","psoriasis",32,32669805,99.34
"16558","punt",32,32669837,99.34
"16559","rabble",32,32669869,99.34
"16560","recurrent",32,32669901,99.34
"16561","reformer",32,32669933,99.34
"16562","retell",32,32669965,99.34
"16563","revue",32,32669997,99.34
"16564","riva",32,32670029,99.34
"16565","ruptured",32,32670061,99.34
"16566","sanitary",32,32670093,99.34
"16567","sawdust",32,32670125,99.34
"16568","sawing",32,32670157,99.34
"16569","schema",32,32670189,99.34
"16570","scissor",32,32670221,99.34
"16571","scrimmage",32,32670253,99.34
"16572","sculptural",32,32670285,99.34
"16573","sedate",32,32670317,99.34
"16574","seer",32,32670349,99.34
"16575","shifty",32,32670381,99.34
"16576","skirmish",32,32670413,99.34
"16577","smother",32,32670445,99.34
"16578","smudged",32,32670477,99.34
"16579","smuggle",32,32670509,99.34
"16580","soe",32,32670541,99.34
"16581","soluble",32,32670573,99.34
"16582","sparing",32,32670605,99.34
"16583","spiel",32,32670637,99.34
"16584","spurt",32,32670669,99.35
"16585","steadfastly",32,32670701,99.35
"16586","stupor",32,32670733,99.35
"16587","sunlit",32,32670765,99.35
"16588","symbiotic",32,32670797,99.35
"16589","tableau",32,32670829,99.35
"16590","tariff",32,32670861,99.35
"16591","telepathic",32,32670893,99.35
"16592","theologically",32,32670925,99.35
"16593","thermos",32,32670957,99.35
"16594","thoroughfare",32,32670989,99.35
"16595","thundering",32,32671021,99.35
"16596","toner",32,32671053,99.35
"16597","toothed",32,32671085,99.35
"16598","transmitter",32,32671117,99.35
"16599","truthfulness",32,32671149,99.35
"16600","unannounced",32,32671181,99.35
"16601","unappreciated",32,32671213,99.35
"16602","unbreakable",32,32671245,99.35
"16603","underclass",32,32671277,99.35
"16604","undressed",32,32671309,99.35
"16605","unyielding",32,32671341,99.35
"16606","vastness",32,32671373,99.35
"16607","viciously",32,32671405,99.35
"16608","viper",32,32671437,99.35
"16609","walrus",32,32671469,99.35
"16610","watchable",32,32671501,99.35
"16611","wham",32,32671533,99.35
"16612","widower",32,32671565,99.35
"16613","wod",32,32671597,99.35
"16614","workmanship",32,32671629,99.35
"16615","wring",32,32671661,99.35
"16616","wrinkly",32,32671693,99.35
"16617","abbreviation",31,32671724,99.35
"16618","aberration",31,32671755,99.35
"16619","aggrieved",31,32671786,99.35
"16620","alabaster",31,32671817,99.35
"16621","amadou",31,32671848,99.35
"16622","amplifier",31,32671879,99.35
"16623","anemia",31,32671910,99.35
"16624","anesthesiologist",31,32671941,99.35
"16625","animator",31,32671972,99.35
"16626","antitrust",31,32672003,99.35
"16627","appellant",31,32672034,99.35
"16628","appellate",31,32672065,99.35
"16629","apropos",31,32672096,99.35
"16630","aristocrat",31,32672127,99.35
"16631","arjun",31,32672158,99.35
"16632","asp",31,32672189,99.35
"16633","attainment",31,32672220,99.35
"16634","authorial",31,32672251,99.35
"16635","basal",31,32672282,99.35
"16636","bellied",31,32672313,99.35
"16637","benevolence",31,32672344,99.35
"16638","bevy",31,32672375,99.35
"16639","bicarbonate",31,32672406,99.35
"16640","bloodthirsty",31,32672437,99.35
"16641","boden",31,32672468,99.35
"16642","boned",31,32672499,99.35
"16643","bough",31,32672530,99.35
"16644","bruising",31,32672561,99.35
"16645","budgetary",31,32672592,99.35
"16646","bulimia",31,32672623,99.35
"16647","celibacy",31,32672654,99.35
"16648","chieftainship",31,32672685,99.35
"16649","chimpanzee",31,32672716,99.35
"16650","chipmunk",31,32672747,99.35
"16651","competitively",31,32672778,99.35
"16652","compute",31,32672809,99.35
"16653","corrosive",31,32672840,99.35
"16654","coupling",31,32672871,99.35
"16655","crucifix",31,32672902,99.35
"16656","crusher",31,32672933,99.35
"16657","culver",31,32672964,99.35
"16658","demure",31,32672995,99.35
"16659","desirability",31,32673026,99.35
"16660","dewy",31,32673057,99.35
"16661","diffusion",31,32673088,99.35
"16662","directional",31,32673119,99.35
"16663","dissection",31,32673150,99.35
"16664","dopey",31,32673181,99.35
"16665","downgrade",31,32673212,99.35
"16666","dreamlike",31,32673243,99.35
"16667","drifter",31,32673274,99.35
"16668","drizzly",31,32673305,99.35
"16669","ecumenical",31,32673336,99.35
"16670","elaborately",31,32673367,99.35
"16671","elevating",31,32673398,99.35
"16672","encapsulate",31,32673429,99.35
"16673","environmentalist",31,32673460,99.35
"16674","envisage",31,32673491,99.35
"16675","evangelicalism",31,32673522,99.35
"16676","exorcism",31,32673553,99.35
"16677","expend",31,32673584,99.35
"16678","extravagance",31,32673615,99.35
"16679","facsimile",31,32673646,99.35
"16680","fanning",31,32673677,99.35
"16681","filtration",31,32673708,99.35
"16682","firestone",31,32673739,99.35
"16683","fitch",31,32673770,99.35
"16684","fixation",31,32673801,99.35
"16685","flogging",31,32673832,99.35
"16686","freer",31,32673863,99.35
"16687","frothing",31,32673894,99.35
"16688","fungal",31,32673925,99.35
"16689","fusible",31,32673956,99.36
"16690","gab",31,32673987,99.36
"16691","gaby",31,32674018,99.36
"16692","galvanized",31,32674049,99.36
"16693","ganga",31,32674080,99.36
"16694","gastric",31,32674111,99.36
"16695","gazebo",31,32674142,99.36
"16696","ger",31,32674173,99.36
"16697","glycerin",31,32674204,99.36
"16698","gunk",31,32674235,99.36
"16699","hain",31,32674266,99.36
"16700","hangar",31,32674297,99.36
"16701","hawker",31,32674328,99.36
"16702","healthily",31,32674359,99.36
"16703","hexagon",31,32674390,99.36
"16704","hornet",31,32674421,99.36
"16705","horsepower",31,32674452,99.36
"16706","huckleberry",31,32674483,99.36
"16707","humanism",31,32674514,99.36
"16708","humanistic",31,32674545,99.36
"16709","ibid",31,32674576,99.36
"16710","impeachment",31,32674607,99.36
"16711","impeccably",31,32674638,99.36
"16712","implausible",31,32674669,99.36
"16713","infrared",31,32674700,99.36
"16714","inhibit",31,32674731,99.36
"16715","interviewee",31,32674762,99.36
"16716","jiffy",31,32674793,99.36
"16717","jotting",31,32674824,99.36
"16718","julep",31,32674855,99.36
"16719","jutting",31,32674886,99.36
"16720","kelvin",31,32674917,99.36
"16721","knoll",31,32674948,99.36
"16722","laborious",31,32674979,99.36
"16723","legible",31,32675010,99.36
"16724","lifeblood",31,32675041,99.36
"16725","lifesaver",31,32675072,99.36
"16726","livery",31,32675103,99.36
"16727","lohan",31,32675134,99.36
"16728","loophole",31,32675165,99.36
"16729","lunged",31,32675196,99.36
"16730","lye",31,32675227,99.36
"16731","mackerel",31,32675258,99.36
"16732","masher",31,32675289,99.36
"16733","meddle",31,32675320,99.36
"16734","methadone",31,32675351,99.36
"16735","mib",31,32675382,99.36
"16736","mire",31,32675413,99.36
"16737","modulation",31,32675444,99.36
"16738","morgen",31,32675475,99.36
"16739","narrate",31,32675506,99.36
"16740","neutralize",31,32675537,99.36
"16741","nightgown",31,32675568,99.36
"16742","nosey",31,32675599,99.36
"16743","onerous",31,32675630,99.36
"16744","partridge",31,32675661,99.36
"16745","pasting",31,32675692,99.36
"16746","pell",31,32675723,99.36
"16747","perpendicular",31,32675754,99.36
"16748","pomp",31,32675785,99.36
"16749","portability",31,32675816,99.36
"16750","pricks",31,32675847,99.36
"16751","pringle",31,32675878,99.36
"16752","priory",31,32675909,99.36
"16753","projectile",31,32675940,99.36
"16754","pronto",31,32675971,99.36
"16755","proportioned",31,32676002,99.36
"16756","puny",31,32676033,99.36
"16757","purist",31,32676064,99.36
"16758","rambunctious",31,32676095,99.36
"16759","recluse",31,32676126,99.36
"16760","refinance",31,32676157,99.36
"16761","reina",31,32676188,99.36
"16762","rephrase",31,32676219,99.36
"16763","retorted",31,32676250,99.36
"16764","retract",31,32676281,99.36
"16765","revelry",31,32676312,99.36
"16766","reverent",31,32676343,99.36
"16767","rework",31,32676374,99.36
"16768","rote",31,32676405,99.36
"16769","sagittarius",31,32676436,99.36
"16770","salaam",31,32676467,99.36
"16771","salacious",31,32676498,99.36
"16772","scantily",31,32676529,99.36
"16773","scarring",31,32676560,99.36
"16774","scorch",31,32676591,99.36
"16775","scurry",31,32676622,99.36
"16776","sera",31,32676653,99.36
"16777","shindig",31,32676684,99.36
"16778","shortfall",31,32676715,99.36
"16779","shredder",31,32676746,99.36
"16780","simplification",31,32676777,99.36
"16781","sine",31,32676808,99.36
"16782","snaking",31,32676839,99.36
"16783","solder",31,32676870,99.36
"16784","sparsely",31,32676901,99.36
"16785","spellbound",31,32676932,99.36
"16786","spherical",31,32676963,99.36
"16787","spiffy",31,32676994,99.36
"16788","starlet",31,32677025,99.36
"16789","stilted",31,32677056,99.36
"16790","stockpot",31,32677087,99.36
"16791","stringy",31,32677118,99.36
"16792","stubby",31,32677149,99.36
"16793","supernova",31,32677180,99.36
"16794","swooning",31,32677211,99.36
"16795","tallow",31,32677242,99.37
"16796","telegram",31,32677273,99.37
"16797","tepid",31,32677304,99.37
"16798","thickening",31,32677335,99.37
"16799","throb",31,32677366,99.37
"16800","tumbler",31,32677397,99.37
"16801","twister",31,32677428,99.37
"16802","unchallenged",31,32677459,99.37
"16803","unconcerned",31,32677490,99.37
"16804","unconvinced",31,32677521,99.37
"16805","undeserving",31,32677552,99.37
"16806","undeveloped",31,32677583,99.37
"16807","unharmed",31,32677614,99.37
"16808","unilateral",31,32677645,99.37
"16809","uninsured",31,32677676,99.37
"16810","unitarian",31,32677707,99.37
"16811","unmarked",31,32677738,99.37
"16812","unrestrained",31,32677769,99.37
"16813","unseemly",31,32677800,99.37
"16814","unusable",31,32677831,99.37
"16815","upstart",31,32677862,99.37
"16816","variegated",31,32677893,99.37
"16817","ventilator",31,32677924,99.37
"16818","waxy",31,32677955,99.37
"16819","whet",31,32677986,99.37
"16820","whinge",31,32678017,99.37
"16821","whitewash",31,32678048,99.37
"16822","yardstick",31,32678079,99.37
"16823","yellowish",31,32678110,99.37
"16824","acumen",30,32678140,99.37
"16825","additive",30,32678170,99.37
"16826","adrenal",30,32678200,99.37
"16827","alarmist",30,32678230,99.37
"16828","allegorical",30,32678260,99.37
"16829","annotate",30,32678290,99.37
"16830","arguable",30,32678320,99.37
"16831","armoire",30,32678350,99.37
"16832","arranger",30,32678380,99.37
"16833","assent",30,32678410,99.37
"16834","atone",30,32678440,99.37
"16835","authoritarianism",30,32678470,99.37
"16836","barrio",30,32678500,99.37
"16837","bartending",30,32678530,99.37
"16838","beady",30,32678560,99.37
"16839","bearish",30,32678590,99.37
"16840","bisque",30,32678620,99.37
"16841","bombshell",30,32678650,99.37
"16842","booger",30,32678680,99.37
"16843","bora",30,32678710,99.37
"16844","botanic",30,32678740,99.37
"16845","braving",30,32678770,99.37
"16846","breakage",30,32678800,99.37
"16847","capes",30,32678830,99.37
"16848","carer",30,32678860,99.37
"16849","causality",30,32678890,99.37
"16850","challah",30,32678920,99.37
"16851","charmingly",30,32678950,99.37
"16852","checkbook",30,32678980,99.37
"16853","chiropractic",30,32679010,99.37
"16854","cockney",30,32679040,99.37
"16855","codex",30,32679070,99.37
"16856","cog",30,32679100,99.37
"16857","cognizant",30,32679130,99.37
"16858","colic",30,32679160,99.37
"16859","comptroller",30,32679190,99.37
"16860","congratulatory",30,32679220,99.37
"16861","consternation",30,32679250,99.37
"16862","contraband",30,32679280,99.37
"16863","contrition",30,32679310,99.37
"16864","corgi",30,32679340,99.37
"16865","corollary",30,32679370,99.37
"16866","cower",30,32679400,99.37
"16867","craftiness",30,32679430,99.37
"16868","croft",30,32679460,99.37
"16869","dabbling",30,32679490,99.37
"16870","dearborn",30,32679520,99.37
"16871","deg",30,32679550,99.37
"16872","demarcation",30,32679580,99.37
"16873","democratization",30,32679610,99.37
"16874","departmental",30,32679640,99.37
"16875","despondent",30,32679670,99.37
"16876","devalue",30,32679700,99.37
"16877","dieter",30,32679730,99.37
"16878","diffused",30,32679760,99.37
"16879","dilly",30,32679790,99.37
"16880","disordered",30,32679820,99.37
"16881","disrepair",30,32679850,99.37
"16882","distiller",30,32679880,99.37
"16883","domestically",30,32679910,99.37
"16884","doohickey",30,32679940,99.37
"16885","droopy",30,32679970,99.37
"16886","dueling",30,32680000,99.37
"16887","dupe",30,32680030,99.37
"16888","embankment",30,32680060,99.37
"16889","emphatic",30,32680090,99.37
"16890","enlargement",30,32680120,99.37
"16891","ensign",30,32680150,99.37
"16892","etching",30,32680180,99.37
"16893","expound",30,32680210,99.37
"16894","extinguisher",30,32680240,99.37
"16895","extracurricular",30,32680270,99.37
"16896","facile",30,32680300,99.37
"16897","faery",30,32680330,99.37
"16898","farcical",30,32680360,99.37
"16899","faring",30,32680390,99.37
"16900","federalist",30,32680420,99.37
"16901","filigree",30,32680450,99.37
"16902","fisted",30,32680480,99.37
"16903","forgetfulness",30,32680510,99.38
"16904","formality",30,32680540,99.38
"16905","fornication",30,32680570,99.38
"16906","fulham",30,32680600,99.38
"16907","genteel",30,32680630,99.38
"16908","girlish",30,32680660,99.38
"16909","glorification",30,32680690,99.38
"16910","godless",30,32680720,99.38
"16911","goer",30,32680750,99.38
"16912","habitually",30,32680780,99.38
"16913","haddock",30,32680810,99.38
"16914","halting",30,32680840,99.38
"16915","hamstring",30,32680870,99.38
"16916","hauntingly",30,32680900,99.38
"16917","highness",30,32680930,99.38
"16918","hing",30,32680960,99.38
"16919","homogeneous",30,32680990,99.38
"16920","horrifically",30,32681020,99.38
"16921","humanist",30,32681050,99.38
"16922","hunky",30,32681080,99.38
"16923","hypothetically",30,32681110,99.38
"16924","hysterectomy",30,32681140,99.38
"16925","impotence",30,32681170,99.38
"16926","inactivity",30,32681200,99.38
"16927","inalienable",30,32681230,99.38
"16928","inclement",30,32681260,99.38
"16929","incorporation",30,32681290,99.38
"16930","industrialization",30,32681320,99.38
"16931","inflexible",30,32681350,99.38
"16932","inimitable",30,32681380,99.38
"16933","innermost",30,32681410,99.38
"16934","installer",30,32681440,99.38
"16935","internalize",30,32681470,99.38
"16936","invader",30,32681500,99.38
"16937","irrefutable",30,32681530,99.38
"16938","irrelevance",30,32681560,99.38
"16939","irresponsibility",30,32681590,99.38
"16940","jittery",30,32681620,99.38
"16941","lagged",30,32681650,99.38
"16942","languish",30,32681680,99.38
"16943","laryngitis",30,32681710,99.38
"16944","laudable",30,32681740,99.38
"16945","leathery",30,32681770,99.38
"16946","legalize",30,32681800,99.38
"16947","loath",30,32681830,99.38
"16948","locket",30,32681860,99.38
"16949","longish",30,32681890,99.38
"16950","lumbar",30,32681920,99.38
"16951","magnify",30,32681950,99.38
"16952","malnourished",30,32681980,99.38
"16953","meagre",30,32682010,99.38
"16954","melange",30,32682040,99.38
"16955","mignon",30,32682070,99.38
"16956","migratory",30,32682100,99.38
"16957","milled",30,32682130,99.38
"16958","millennial",30,32682160,99.38
"16959","misrepresentation",30,32682190,99.38
"16960","modernization",30,32682220,99.38
"16961","momo",30,32682250,99.38
"16962","monogrammed",30,32682280,99.38
"16963","multiplex",30,32682310,99.38
"16964","newlywed",30,32682340,99.38
"16965","northward",30,32682370,99.38
"16966","notation",30,32682400,99.38
"16967","noxious",30,32682430,99.38
"16968","ominously",30,32682460,99.38
"16969","orangey",30,32682490,99.38
"16970","ordinator",30,32682520,99.38
"16971","ornery",30,32682550,99.38
"16972","osteoporosis",30,32682580,99.38
"16973","outhouse",30,32682610,99.38
"16974","pacifist",30,32682640,99.38
"16975","pane",30,32682670,99.38
"16976","pax",30,32682700,99.38
"16977","pediatrics",30,32682730,99.38
"16978","perm",30,32682760,99.38
"16979","pickings",30,32682790,99.38
"16980","pinball",30,32682820,99.38
"16981","pinkish",30,32682850,99.38
"16982","plating",30,32682880,99.38
"16983","plying",30,32682910,99.38
"16984","preventable",30,32682940,99.38
"16985","profiting",30,32682970,99.38
"16986","proofreading",30,32683000,99.38
"16987","prowl",30,32683030,99.38
"16988","quadrant",30,32683060,99.38
"16989","rainstorm",30,32683090,99.38
"16990","rani",30,32683120,99.38
"16991","ratchet",30,32683150,99.38
"16992","reconstruct",30,32683180,99.38
"16993","refurbishment",30,32683210,99.38
"16994","remuneration",30,32683240,99.38
"16995","resurface",30,32683270,99.38
"16996","revoke",30,32683300,99.38
"16997","roc",30,32683330,99.38
"16998","ruse",30,32683360,99.38
"16999","sagging",30,32683390,99.38
"17000","sartorial",30,32683420,99.38
"17001","schoolyard",30,32683450,99.38
"17002","schwarz",30,32683480,99.38
"17003","secularism",30,32683510,99.38
"17004","sedation",30,32683540,99.38
"17005","senile",30,32683570,99.38
"17006","serviceable",30,32683600,99.38
"17007","shaven",30,32683630,99.38
"17008","shearing",30,32683660,99.38
"17009","shelling",30,32683690,99.38
"17010","shipyard",30,32683720,99.38
"17011","shopkeeper",30,32683750,99.38
"17012","shrunken",30,32683780,99.38
"17013","singularly",30,32683810,99.39
"17014","smarty",30,32683840,99.39
"17015","sonar",30,32683870,99.39
"17016","specificity",30,32683900,99.39
"17017","statist",30,32683930,99.39
"17018","steeper",30,32683960,99.39
"17019","sterilization",30,32683990,99.39
"17020","straddling",30,32684020,99.39
"17021","stupendous",30,32684050,99.39
"17022","subdivision",30,32684080,99.39
"17023","suffocate",30,32684110,99.39
"17024","supposing",30,32684140,99.39
"17025","surfacing",30,32684170,99.39
"17026","swampy",30,32684200,99.39
"17027","swank",30,32684230,99.39
"17028","swipes",30,32684260,99.39
"17029","synchronized",30,32684290,99.39
"17030","taffeta",30,32684320,99.39
"17031","tamara",30,32684350,99.39
"17032","tarragon",30,32684380,99.39
"17033","thereabouts",30,32684410,99.39
"17034","tilting",30,32684440,99.39
"17035","tong",30,32684470,99.39
"17036","tsar",30,32684500,99.39
"17037","twofold",30,32684530,99.39
"17038","unappealing",30,32684560,99.39
"17039","unbeatable",30,32684590,99.39
"17040","unbleached",30,32684620,99.39
"17041","uncharacteristically",30,32684650,99.39
"17042","underlining",30,32684680,99.39
"17043","unearthly",30,32684710,99.39
"17044","uneasiness",30,32684740,99.39
"17045","unforgivable",30,32684770,99.39
"17046","unification",30,32684800,99.39
"17047","uninspiring",30,32684830,99.39
"17048","unkempt",30,32684860,99.39
"17049","unlicensed",30,32684890,99.39
"17050","unlikeable",30,32684920,99.39
"17051","unscientific",30,32684950,99.39
"17052","unsurprising",30,32684980,99.39
"17053","vapid",30,32685010,99.39
"17054","vermicelli",30,32685040,99.39
"17055","vitals",30,32685070,99.39
"17056","vocally",30,32685100,99.39
"17057","voluminous",30,32685130,99.39
"17058","waver",30,32685160,99.39
"17059","wedded",30,32685190,99.39
"17060","weeps",30,32685220,99.39
"17061","weightless",30,32685250,99.39
"17062","wetness",30,32685280,99.39
"17063","whiting",30,32685310,99.39
"17064","yee",30,32685340,99.39
"17065","aam",29,32685369,99.39
"17066","absorbent",29,32685398,99.39
"17067","adornment",29,32685427,99.39
"17068","alcove",29,32685456,99.39
"17069","alderman",29,32685485,99.39
"17070","angelique",29,32685514,99.39
"17071","approximation",29,32685543,99.39
"17072","arent",29,32685572,99.39
"17073","arthritic",29,32685601,99.39
"17074","atrophy",29,32685630,99.39
"17075","autumnal",29,32685659,99.39
"17076","aviator",29,32685688,99.39
"17077","bangle",29,32685717,99.39
"17078","barnyard",29,32685746,99.39
"17079","barometer",29,32685775,99.39
"17080","bazooka",29,32685804,99.39
"17081","bethel",29,32685833,99.39
"17082","blasphemous",29,32685862,99.39
"17083","blocker",29,32685891,99.39
"17084","boarder",29,32685920,99.39
"17085","bod",29,32685949,99.39
"17086","boudoir",29,32685978,99.39
"17087","bounding",29,32686007,99.39
"17088","brainy",29,32686036,99.39
"17089","bulbous",29,32686065,99.39
"17090","buoy",29,32686094,99.39
"17091","butting",29,32686123,99.39
"17092","caloric",29,32686152,99.39
"17093","candidly",29,32686181,99.39
"17094","capricious",29,32686210,99.39
"17095","cartwright",29,32686239,99.39
"17096","causeway",29,32686268,99.39
"17097","celeste",29,32686297,99.39
"17098","censure",29,32686326,99.39
"17099","centaur",29,32686355,99.39
"17100","chomp",29,32686384,99.39
"17101","cleanly",29,32686413,99.39
"17102","clem",29,32686442,99.39
"17103","coaxing",29,32686471,99.39
"17104","cockroach",29,32686500,99.39
"17105","coda",29,32686529,99.39
"17106","coffeehouse",29,32686558,99.39
"17107","collectivism",29,32686587,99.39
"17108","comprehensible",29,32686616,99.39
"17109","compress",29,32686645,99.39
"17110","condescension",29,32686674,99.39
"17111","confectioner",29,32686703,99.39
"17112","consecration",29,32686732,99.39
"17113","consenting",29,32686761,99.39
"17114","contextual",29,32686790,99.39
"17115","cordon",29,32686819,99.39
"17116","cortex",29,32686848,99.39
"17117","craggy",29,32686877,99.39
"17118","crinkle",29,32686906,99.39
"17119","crystallized",29,32686935,99.39
"17120","daredevil",29,32686964,99.39
"17121","decimal",29,32686993,99.39
"17122","depress",29,32687022,99.39
"17123","detonate",29,32687051,99.39
"17124","dha",29,32687080,99.39
"17125","dictatorial",29,32687109,99.4
"17126","dinky",29,32687138,99.4
"17127","doer",29,32687167,99.4
"17128","dozed",29,32687196,99.4
"17129","droop",29,32687225,99.4
"17130","dropper",29,32687254,99.4
"17131","duplicity",29,32687283,99.4
"17132","dutiful",29,32687312,99.4
"17133","enclave",29,32687341,99.4
"17134","estuary",29,32687370,99.4
"17135","extermination",29,32687399,99.4
"17136","fingered",29,32687428,99.4
"17137","firkin",29,32687457,99.4
"17138","firmness",29,32687486,99.4
"17139","firth",29,32687515,99.4
"17140","flaxseed",29,32687544,99.4
"17141","flirtatious",29,32687573,99.4
"17142","fluidity",29,32687602,99.4
"17143","forefinger",29,32687631,99.4
"17144","forethought",29,32687660,99.4
"17145","garnished",29,32687689,99.4
"17146","gibbon",29,32687718,99.4
"17147","googly",29,32687747,99.4
"17148","guesthouse",29,32687776,99.4
"17149","gumption",29,32687805,99.4
"17150","hairdo",29,32687834,99.4
"17151","hitchhiker",29,32687863,99.4
"17152","holla",29,32687892,99.4
"17153","hooping",29,32687921,99.4
"17154","hopscotch",29,32687950,99.4
"17155","immobile",29,32687979,99.4
"17156","incontinence",29,32688008,99.4
"17157","indemnity",29,32688037,99.4
"17158","indiscriminately",29,32688066,99.4
"17159","ineffectual",29,32688095,99.4
"17160","inert",29,32688124,99.4
"17161","inquest",29,32688153,99.4
"17162","instantaneous",29,32688182,99.4
"17163","insurrection",29,32688211,99.4
"17164","jacoby",29,32688240,99.4
"17165","jeweler",29,32688269,99.4
"17166","julio",29,32688298,99.4
"17167","justifiably",29,32688327,99.4
"17168","landau",29,32688356,99.4
"17169","launcher",29,32688385,99.4
"17170","layoff",29,32688414,99.4
"17171","leach",29,32688443,99.4
"17172","leafed",29,32688472,99.4
"17173","leaner",29,32688501,99.4
"17174","lewd",29,32688530,99.4
"17175","lightroom",29,32688559,99.4
"17176","linkage",29,32688588,99.4
"17177","livable",29,32688617,99.4
"17178","liven",29,32688646,99.4
"17179","lob",29,32688675,99.4
"17180","luster",29,32688704,99.4
"17181","malpractice",29,32688733,99.4
"17182","mau",29,32688762,99.4
"17183","medicate",29,32688791,99.4
"17184","misnomer",29,32688820,99.4
"17185","misogynistic",29,32688849,99.4
"17186","mouthing",29,32688878,99.4
"17187","multifaceted",29,32688907,99.4
"17188","nebulous",29,32688936,99.4
"17189","newish",29,32688965,99.4
"17190","nog",29,32688994,99.4
"17191","objectification",29,32689023,99.4
"17192","oboe",29,32689052,99.4
"17193","oppressor",29,32689081,99.4
"17194","originator",29,32689110,99.4
"17195","osprey",29,32689139,99.4
"17196","oxen",29,32689168,99.4
"17197","pah",29,32689197,99.4
"17198","pandan",29,32689226,99.4
"17199","paneling",29,32689255,99.4
"17200","paramilitary",29,32689284,99.4
"17201","parentheses",29,32689313,99.4
"17202","parsnip",29,32689342,99.4
"17203","paternity",29,32689371,99.4
"17204","pence",29,32689400,99.4
"17205","permissive",29,32689429,99.4
"17206","photon",29,32689458,99.4
"17207","playa",29,32689487,99.4
"17208","pointedly",29,32689516,99.4
"17209","predominately",29,32689545,99.4
"17210","productively",29,32689574,99.4
"17211","prohibitive",29,32689603,99.4
"17212","pronged",29,32689632,99.4
"17213","publican",29,32689661,99.4
"17214","racy",29,32689690,99.4
"17215","rainer",29,32689719,99.4
"17216","rattles",29,32689748,99.4
"17217","rattlesnake",29,32689777,99.4
"17218","realignment",29,32689806,99.4
"17219","reciprocity",29,32689835,99.4
"17220","reconnaissance",29,32689864,99.4
"17221","reconstructed",29,32689893,99.4
"17222","recruiter",29,32689922,99.4
"17223","redness",29,32689951,99.4
"17224","reload",29,32689980,99.4
"17225","repress",29,32690009,99.4
"17226","resell",29,32690038,99.4
"17227","retort",29,32690067,99.4
"17228","revitalize",29,32690096,99.4
"17229","ringmaster",29,32690125,99.4
"17230","roadblock",29,32690154,99.4
"17231","savored",29,32690183,99.4
"17232","schoolboy",29,32690212,99.4
"17233","scrivener",29,32690241,99.4
"17234","searchable",29,32690270,99.4
"17235","serpentine",29,32690299,99.4
"17236","serrano",29,32690328,99.4
"17237","shouldered",29,32690357,99.4
"17238","shrank",29,32690386,99.41
"17239","sirloin",29,32690415,99.41
"17240","sneaker",29,32690444,99.41
"17241","snoopy",29,32690473,99.41
"17242","snooty",29,32690502,99.41
"17243","snore",29,32690531,99.41
"17244","snout",29,32690560,99.41
"17245","socialite",29,32690589,99.41
"17246","soiree",29,32690618,99.41
"17247","soleil",29,32690647,99.41
"17248","sonata",29,32690676,99.41
"17249","songbird",29,32690705,99.41
"17250","souffle",29,32690734,99.41
"17251","spinster",29,32690763,99.41
"17252","squalor",29,32690792,99.41
"17253","squawking",29,32690821,99.41
"17254","starchy",29,32690850,99.41
"17255","sternly",29,32690879,99.41
"17256","stethoscope",29,32690908,99.41
"17257","stingy",29,32690937,99.41
"17258","stoker",29,32690966,99.41
"17259","stopper",29,32690995,99.41
"17260","strangling",29,32691024,99.41
"17261","stuttering",29,32691053,99.41
"17262","subterfuge",29,32691082,99.41
"17263","sufferer",29,32691111,99.41
"17264","supplication",29,32691140,99.41
"17265","syncretistic",29,32691169,99.41
"17266","synod",29,32691198,99.41
"17267","tendon",29,32691227,99.41
"17268","terminus",29,32691256,99.41
"17269","throwdown",29,32691285,99.41
"17270","tipple",29,32691314,99.41
"17271","toiling",29,32691343,99.41
"17272","trawl",29,32691372,99.41
"17273","tufted",29,32691401,99.41
"17274","twee",29,32691430,99.41
"17275","twittering",29,32691459,99.41
"17276","ubiquity",29,32691488,99.41
"17277","unconsciousness",29,32691517,99.41
"17278","unexplored",29,32691546,99.41
"17279","unfailing",29,32691575,99.41
"17280","unknowing",29,32691604,99.41
"17281","unraveled",29,32691633,99.41
"17282","upstanding",29,32691662,99.41
"17283","verdant",29,32691691,99.41
"17284","viscous",29,32691720,99.41
"17285","vitriol",29,32691749,99.41
"17286","volition",29,32691778,99.41
"17287","waisted",29,32691807,99.41
"17288","waterway",29,32691836,99.41
"17289","whittle",29,32691865,99.41
"17290","wickedly",29,32691894,99.41
"17291","wis",29,32691923,99.41
"17292","wobbling",29,32691952,99.41
"17293","worthiness",29,32691981,99.41
"17294","adeptness",28,32692009,99.41
"17295","adventitious",28,32692037,99.41
"17296","aeroplane",28,32692065,99.41
"17297","aggravation",28,32692093,99.41
"17298","allege",28,32692121,99.41
"17299","almanac",28,32692149,99.41
"17300","alms",28,32692177,99.41
"17301","alteration",28,32692205,99.41
"17302","amorous",28,32692233,99.41
"17303","amphitheater",28,32692261,99.41
"17304","annuity",28,32692289,99.41
"17305","antelope",28,32692317,99.41
"17306","anthrax",28,32692345,99.41
"17307","anthropological",28,32692373,99.41
"17308","armpit",28,32692401,99.41
"17309","ashen",28,32692429,99.41
"17310","baa",28,32692457,99.41
"17311","bade",28,32692485,99.41
"17312","batsman",28,32692513,99.41
"17313","beckon",28,32692541,99.41
"17314","bemoan",28,32692569,99.41
"17315","bilbo",28,32692597,99.41
"17316","boatload",28,32692625,99.41
"17317","bookworm",28,32692653,99.41
"17318","bovine",28,32692681,99.41
"17319","bristle",28,32692709,99.41
"17320","bugle",28,32692737,99.41
"17321","businesswoman",28,32692765,99.41
"17322","caper",28,32692793,99.41
"17323","captivate",28,32692821,99.41
"17324","celluloid",28,32692849,99.41
"17325","characteristically",28,32692877,99.41
"17326","chump",28,32692905,99.41
"17327","churchyard",28,32692933,99.41
"17328","cityscape",28,32692961,99.41
"17329","clary",28,32692989,99.41
"17330","collier",28,32693017,99.41
"17331","commodore",28,32693045,99.41
"17332","condense",28,32693073,99.41
"17333","confederation",28,32693101,99.41
"17334","configure",28,32693129,99.41
"17335","conspicuously",28,32693157,99.41
"17336","cosmology",28,32693185,99.41
"17337","costuming",28,32693213,99.41
"17338","cowl",28,32693241,99.41
"17339","crackled",28,32693269,99.41
"17340","crouching",28,32693297,99.41
"17341","cubby",28,32693325,99.41
"17342","culling",28,32693353,99.41
"17343","cushioned",28,32693381,99.41
"17344","dank",28,32693409,99.41
"17345","delighting",28,32693437,99.41
"17346","desist",28,32693465,99.41
"17347","dimmer",28,32693493,99.41
"17348","disinfectant",28,32693521,99.41
"17349","dissuade",28,32693549,99.41
"17350","dod",28,32693577,99.41
"17351","doze",28,32693605,99.41
"17352","drooping",28,32693633,99.41
"17353","drow",28,32693661,99.42
"17354","dubbing",28,32693689,99.42
"17355","duster",28,32693717,99.42
"17356","earshot",28,32693745,99.42
"17357","effervescent",28,32693773,99.42
"17358","eloquence",28,32693801,99.42
"17359","embryonic",28,32693829,99.42
"17360","enterprising",28,32693857,99.42
"17361","epitaph",28,32693885,99.42
"17362","etymology",28,32693913,99.42
"17363","exacerbate",28,32693941,99.42
"17364","exponential",28,32693969,99.42
"17365","faltering",28,32693997,99.42
"17366","firepower",28,32694025,99.42
"17367","fittingly",28,32694053,99.42
"17368","flagging",28,32694081,99.42
"17369","flattening",28,32694109,99.42
"17370","flay",28,32694137,99.42
"17371","forbade",28,32694165,99.42
"17372","forfeit",28,32694193,99.42
"17373","geisha",28,32694221,99.42
"17374","gimp",28,32694249,99.42
"17375","gnaw",28,32694277,99.42
"17376","greening",28,32694305,99.42
"17377","grifter",28,32694333,99.42
"17378","groping",28,32694361,99.42
"17379","habeas",28,32694389,99.42
"17380","habitation",28,32694417,99.42
"17381","happenstance",28,32694445,99.42
"17382","headphone",28,32694473,99.42
"17383","hokey",28,32694501,99.42
"17384","homeward",28,32694529,99.42
"17385","hoppers",28,32694557,99.42
"17386","hyacinth",28,32694585,99.42
"17387","hydrate",28,32694613,99.42
"17388","immeasurably",28,32694641,99.42
"17389","imprecise",28,32694669,99.42
"17390","ineptitude",28,32694697,99.42
"17391","irritability",28,32694725,99.42
"17392","jitters",28,32694753,99.42
"17393","juror",28,32694781,99.42
"17394","kerosene",28,32694809,99.42
"17395","lancet",28,32694837,99.42
"17396","largo",28,32694865,99.42
"17397","layover",28,32694893,99.42
"17398","lobe",28,32694921,99.42
"17399","loco",28,32694949,99.42
"17400","locust",28,32694977,99.42
"17401","lurch",28,32695005,99.42
"17402","malady",28,32695033,99.42
"17403","malign",28,32695061,99.42
"17404","manganese",28,32695089,99.42
"17405","manslaughter",28,32695117,99.42
"17406","matchbox",28,32695145,99.42
"17407","medalist",28,32695173,99.42
"17408","misshapen",28,32695201,99.42
"17409","mutt",28,32695229,99.42
"17410","navigator",28,32695257,99.42
"17411","necessitate",28,32695285,99.42
"17412","necking",28,32695313,99.42
"17413","newsworthy",28,32695341,99.42
"17414","nib",28,32695369,99.42
"17415","nipping",28,32695397,99.42
"17416","nondescript",28,32695425,99.42
"17417","nous",28,32695453,99.42
"17418","ostentatious",28,32695481,99.42
"17419","pate",28,32695509,99.42
"17420","pathologist",28,32695537,99.42
"17421","payed",28,32695565,99.42
"17422","pedagogical",28,32695593,99.42
"17423","pedagogy",28,32695621,99.42
"17424","percussive",28,32695649,99.42
"17425","periodical",28,32695677,99.42
"17426","pestilence",28,32695705,99.42
"17427","pitter",28,32695733,99.42
"17428","playmate",28,32695761,99.42
"17429","politico",28,32695789,99.42
"17430","pollination",28,32695817,99.42
"17431","pollute",28,32695845,99.42
"17432","pooch",28,32695873,99.42
"17433","preside",28,32695901,99.42
"17434","proletariat",28,32695929,99.42
"17435","propagandist",28,32695957,99.42
"17436","psychics",28,32695985,99.42
"17437","purchaser",28,32696013,99.42
"17438","purport",28,32696041,99.42
"17439","rabbinical",28,32696069,99.42
"17440","rancher",28,32696097,99.42
"17441","reconciling",28,32696125,99.42
"17442","redolent",28,32696153,99.42
"17443","rejuvenation",28,32696181,99.42
"17444","reliever",28,32696209,99.42
"17445","reshape",28,32696237,99.42
"17446","resize",28,32696265,99.42
"17447","revolutionize",28,32696293,99.42
"17448","rickshaw",28,32696321,99.42
"17449","ridding",28,32696349,99.42
"17450","royally",28,32696377,99.42
"17451","sameness",28,32696405,99.42
"17452","sandman",28,32696433,99.42
"17453","sardonic",28,32696461,99.42
"17454","seton",28,32696489,99.42
"17455","shank",28,32696517,99.42
"17456","silo",28,32696545,99.42
"17457","slurry",28,32696573,99.42
"17458","sma",28,32696601,99.42
"17459","smallpox",28,32696629,99.42
"17460","soloist",28,32696657,99.42
"17461","sonship",28,32696685,99.42
"17462","sop",28,32696713,99.42
"17463","spawning",28,32696741,99.42
"17464","spigot",28,32696769,99.42
"17465","starlight",28,32696797,99.42
"17466","startlingly",28,32696825,99.42
"17467","steeply",28,32696853,99.42
"17468","strapping",28,32696881,99.42
"17469","studious",28,32696909,99.42
"17470","stutter",28,32696937,99.42
"17471","stylistically",28,32696965,99.43
"17472","submerge",28,32696993,99.43
"17473","substandard",28,32697021,99.43
"17474","summarily",28,32697049,99.43
"17475","surah",28,32697077,99.43
"17476","tal",28,32697105,99.43
"17477","talisman",28,32697133,99.43
"17478","tambourine",28,32697161,99.43
"17479","taphouse",28,32697189,99.43
"17480","temerity",28,32697217,99.43
"17481","terrifyingly",28,32697245,99.43
"17482","tilly",28,32697273,99.43
"17483","tinkling",28,32697301,99.43
"17484","touchstone",28,32697329,99.43
"17485","tricking",28,32697357,99.43
"17486","trier",28,32697385,99.43
"17487","triumphantly",28,32697413,99.43
"17488","tumult",28,32697441,99.43
"17489","umpteenth",28,32697469,99.43
"17490","unconvincing",28,32697497,99.43
"17491","unselfish",28,32697525,99.43
"17492","unwieldy",28,32697553,99.43
"17493","upshot",28,32697581,99.43
"17494","uptake",28,32697609,99.43
"17495","urinal",28,32697637,99.43
"17496","vehement",28,32697665,99.43
"17497","vociferous",28,32697693,99.43
"17498","voluptuous",28,32697721,99.43
"17499","watchtower",28,32697749,99.43
"17500","wellman",28,32697777,99.43
"17501","windfall",28,32697805,99.43
"17502","wye",28,32697833,99.43
"17503","adulation",27,32697860,99.43
"17504","affluence",27,32697887,99.43
"17505","albatross",27,32697914,99.43
"17506","alfonso",27,32697941,99.43
"17507","amalgamation",27,32697968,99.43
"17508","anguished",27,32697995,99.43
"17509","anima",27,32698022,99.43
"17510","annihilate",27,32698049,99.43
"17511","antisocial",27,32698076,99.43
"17512","anyplace",27,32698103,99.43
"17513","arbiter",27,32698130,99.43
"17514","archivist",27,32698157,99.43
"17515","armada",27,32698184,99.43
"17516","astrologer",27,32698211,99.43
"17517","avian",27,32698238,99.43
"17518","balk",27,32698265,99.43
"17519","baste",27,32698292,99.43
"17520","beefy",27,32698319,99.43
"17521","bibi",27,32698346,99.43
"17522","blacksmith",27,32698373,99.43
"17523","blanch",27,32698400,99.43
"17524","blaster",27,32698427,99.43
"17525","broomstick",27,32698454,99.43
"17526","bullion",27,32698481,99.43
"17527","busied",27,32698508,99.43
"17528","cabot",27,32698535,99.43
"17529","carlin",27,32698562,99.43
"17530","cartilage",27,32698589,99.43
"17531","checker",27,32698616,99.43
"17532","chee",27,32698643,99.43
"17533","chino",27,32698670,99.43
"17534","chirp",27,32698697,99.43
"17535","chivalry",27,32698724,99.43
"17536","clink",27,32698751,99.43
"17537","commensurate",27,32698778,99.43
"17538","compulsively",27,32698805,99.43
"17539","conceited",27,32698832,99.43
"17540","concierge",27,32698859,99.43
"17541","constraint",27,32698886,99.43
"17542","contentedly",27,32698913,99.43
"17543","corrupting",27,32698940,99.43
"17544","couched",27,32698967,99.43
"17545","coursing",27,32698994,99.43
"17546","crazily",27,32699021,99.43
"17547","crispness",27,32699048,99.43
"17548","crudely",27,32699075,99.43
"17549","custodial",27,32699102,99.43
"17550","dapper",27,32699129,99.43
"17551","debtor",27,32699156,99.43
"17552","decayed",27,32699183,99.43
"17553","defiled",27,32699210,99.43
"17554","depletion",27,32699237,99.43
"17555","dexterity",27,32699264,99.43
"17556","dilution",27,32699291,99.43
"17557","disarm",27,32699318,99.43
"17558","distill",27,32699345,99.43
"17559","diverting",27,32699372,99.43
"17560","divider",27,32699399,99.43
"17561","dodo",27,32699426,99.43
"17562","dormitory",27,32699453,99.43
"17563","dowel",27,32699480,99.43
"17564","drowsy",27,32699507,99.43
"17565","drunkard",27,32699534,99.43
"17566","eggshell",27,32699561,99.43
"17567","engraving",27,32699588,99.43
"17568","enslave",27,32699615,99.43
"17569","erecting",27,32699642,99.43
"17570","evocation",27,32699669,99.43
"17571","exclaiming",27,32699696,99.43
"17572","expedite",27,32699723,99.43
"17573","extant",27,32699750,99.43
"17574","eyelash",27,32699777,99.43
"17575","familia",27,32699804,99.43
"17576","familiarize",27,32699831,99.43
"17577","fingering",27,32699858,99.43
"17578","flammable",27,32699885,99.43
"17579","flaunting",27,32699912,99.43
"17580","fraternal",27,32699939,99.43
"17581","functionally",27,32699966,99.43
"17582","germinate",27,32699993,99.43
"17583","ghoul",27,32700020,99.43
"17584","girth",27,32700047,99.43
"17585","gladness",27,32700074,99.43
"17586","gooseberry",27,32700101,99.43
"17587","grafted",27,32700128,99.43
"17588","grange",27,32700155,99.43
"17589","grassland",27,32700182,99.43
"17590","grr",27,32700209,99.43
"17591","habitable",27,32700236,99.43
"17592","headliner",27,32700263,99.44
"17593","headstrong",27,32700290,99.44
"17594","hesitantly",27,32700317,99.44
"17595","homeopathy",27,32700344,99.44
"17596","horseshoe",27,32700371,99.44
"17597","hundredth",27,32700398,99.44
"17598","incredulity",27,32700425,99.44
"17599","indexed",27,32700452,99.44
"17600","indigestion",27,32700479,99.44
"17601","inefficiency",27,32700506,99.44
"17602","inerrancy",27,32700533,99.44
"17603","inflate",27,32700560,99.44
"17604","inscrutable",27,32700587,99.44
"17605","insulate",27,32700614,99.44
"17606","invitational",27,32700641,99.44
"17607","knell",27,32700668,99.44
"17608","kola",27,32700695,99.44
"17609","lactation",27,32700722,99.44
"17610","lai",27,32700749,99.44
"17611","laughably",27,32700776,99.44
"17612","leech",27,32700803,99.44
"17613","leprosy",27,32700830,99.44
"17614","ley",27,32700857,99.44
"17615","lioness",27,32700884,99.44
"17616","loon",27,32700911,99.44
"17617","loony",27,32700938,99.44
"17618","lumbering",27,32700965,99.44
"17619","magisterial",27,32700992,99.44
"17620","mantis",27,32701019,99.44
"17621","marvelously",27,32701046,99.44
"17622","meaningfully",27,32701073,99.44
"17623","memorably",27,32701100,99.44
"17624","militarily",27,32701127,99.44
"17625","minion",27,32701154,99.44
"17626","moat",27,32701181,99.44
"17627","mog",27,32701208,99.44
"17628","monoxide",27,32701235,99.44
"17629","moralistic",27,32701262,99.44
"17630","mothership",27,32701289,99.44
"17631","mouthpiece",27,32701316,99.44
"17632","mufti",27,32701343,99.44
"17633","neonatal",27,32701370,99.44
"17634","nomad",27,32701397,99.44
"17635","nonhuman",27,32701424,99.44
"17636","nostril",27,32701451,99.44
"17637","nought",27,32701478,99.44
"17638","obediently",27,32701505,99.44
"17639","oxidation",27,32701532,99.44
"17640","panty",27,32701559,99.44
"17641","pardo",27,32701586,99.44
"17642","pectin",27,32701613,99.44
"17643","pedophilia",27,32701640,99.44
"17644","peeler",27,32701667,99.44
"17645","penniless",27,32701694,99.44
"17646","perusal",27,32701721,99.44
"17647","pina",27,32701748,99.44
"17648","pinhead",27,32701775,99.44
"17649","plantain",27,32701802,99.44
"17650","plucky",27,32701829,99.44
"17651","pluralism",27,32701856,99.44
"17652","politic",27,32701883,99.44
"17653","ponderous",27,32701910,99.44
"17654","porcupine",27,32701937,99.44
"17655","powerlessness",27,32701964,99.44
"17656","precipice",27,32701991,99.44
"17657","preponderance",27,32702018,99.44
"17658","pricked",27,32702045,99.44
"17659","prodigious",27,32702072,99.44
"17660","prosaic",27,32702099,99.44
"17661","punter",27,32702126,99.44
"17662","raggedy",27,32702153,99.44
"17663","ramping",27,32702180,99.44
"17664","rationalization",27,32702207,99.44
"17665","realty",27,32702234,99.44
"17666","recede",27,32702261,99.44
"17667","recidivism",27,32702288,99.44
"17668","rehash",27,32702315,99.44
"17669","rejuvenate",27,32702342,99.44
"17670","relishing",27,32702369,99.44
"17671","repose",27,32702396,99.44
"17672","representational",27,32702423,99.44
"17673","resourcefulness",27,32702450,99.44
"17674","retaliate",27,32702477,99.44
"17675","retracted",27,32702504,99.44
"17676","revulsion",27,32702531,99.44
"17677","rigidly",27,32702558,99.44
"17678","rudder",27,32702585,99.44
"17679","russet",27,32702612,99.44
"17680","saccharine",27,32702639,99.44
"17681","sant",27,32702666,99.44
"17682","scaly",27,32702693,99.44
"17683","semiconductor",27,32702720,99.44
"17684","sequin",27,32702747,99.44
"17685","sexton",27,32702774,99.44
"17686","sheepish",27,32702801,99.44
"17687","shellac",27,32702828,99.44
"17688","sickle",27,32702855,99.44
"17689","siva",27,32702882,99.44
"17690","skew",27,32702909,99.44
"17691","skyward",27,32702936,99.44
"17692","slacked",27,32702963,99.44
"17693","smokiness",27,32702990,99.44
"17694","smothering",27,32703017,99.44
"17695","solitaire",27,32703044,99.44
"17696","sori",27,32703071,99.44
"17697","speedily",27,32703098,99.44
"17698","sportsmanship",27,32703125,99.44
"17699","spurious",27,32703152,99.44
"17700","stunk",27,32703179,99.44
"17701","substantiate",27,32703206,99.44
"17702","sugared",27,32703233,99.44
"17703","sugarplum",27,32703260,99.44
"17704","sully",27,32703287,99.44
"17705","surreptitiously",27,32703314,99.44
"17706","suspenders",27,32703341,99.44
"17707","tabby",27,32703368,99.44
"17708","tapper",27,32703395,99.44
"17709","telepathy",27,32703422,99.44
"17710","thematically",27,32703449,99.44
"17711","threadbare",27,32703476,99.44
"17712","tortuous",27,32703503,99.44
"17713","transfusion",27,32703530,99.45
"17714","travelogue",27,32703557,99.45
"17715","tweezers",27,32703584,99.45
"17716","ultraviolet",27,32703611,99.45
"17717","unabated",27,32703638,99.45
"17718","unbelieving",27,32703665,99.45
"17719","undergrowth",27,32703692,99.45
"17720","undisciplined",27,32703719,99.45
"17721","unflinching",27,32703746,99.45
"17722","unfunny",27,32703773,99.45
"17723","unneeded",27,32703800,99.45
"17724","unprovoked",27,32703827,99.45
"17725","unsold",27,32703854,99.45
"17726","unsupported",27,32703881,99.45
"17727","untested",27,32703908,99.45
"17728","untoward",27,32703935,99.45
"17729","venal",27,32703962,99.45
"17730","wallop",27,32703989,99.45
"17731","wedlock",27,32704016,99.45
"17732","whitening",27,32704043,99.45
"17733","wicket",27,32704070,99.45
"17734","withering",27,32704097,99.45
"17735","wy",27,32704124,99.45
"17736","achingly",26,32704150,99.45
"17737","acrobatics",26,32704176,99.45
"17738","actionable",26,32704202,99.45
"17739","agrarian",26,32704228,99.45
"17740","airway",26,32704254,99.45
"17741","alfalfa",26,32704280,99.45
"17742","amity",26,32704306,99.45
"17743","anatomical",26,32704332,99.45
"17744","animus",26,32704358,99.45
"17745","antiquing",26,32704384,99.45
"17746","armory",26,32704410,99.45
"17747","backer",26,32704436,99.45
"17748","banding",26,32704462,99.45
"17749","bandstand",26,32704488,99.45
"17750","bassinet",26,32704514,99.45
"17751","beheld",26,32704540,99.45
"17752","berate",26,32704566,99.45
"17753","berserk",26,32704592,99.45
"17754","bewilderment",26,32704618,99.45
"17755","blather",26,32704644,99.45
"17756","blunderbuss",26,32704670,99.45
"17757","bolero",26,32704696,99.45
"17758","briar",26,32704722,99.45
"17759","brokerage",26,32704748,99.45
"17760","capote",26,32704774,99.45
"17761","carney",26,32704800,99.45
"17762","carnivore",26,32704826,99.45
"17763","chalet",26,32704852,99.45
"17764","coefficient",26,32704878,99.45
"17765","cognitively",26,32704904,99.45
"17766","coli",26,32704930,99.45
"17767","collaboratively",26,32704956,99.45
"17768","colossus",26,32704982,99.45
"17769","concentric",26,32705008,99.45
"17770","confounded",26,32705034,99.45
"17771","congresswoman",26,32705060,99.45
"17772","continuance",26,32705086,99.45
"17773","cranny",26,32705112,99.45
"17774","culpable",26,32705138,99.45
"17775","currant",26,32705164,99.45
"17776","curricula",26,32705190,99.45
"17777","darkish",26,32705216,99.45
"17778","deadpan",26,32705242,99.45
"17779","demean",26,32705268,99.45
"17780","deport",26,32705294,99.45
"17781","detoxification",26,32705320,99.45
"17782","diaphragm",26,32705346,99.45
"17783","digestible",26,32705372,99.45
"17784","disaffected",26,32705398,99.45
"17785","discus",26,32705424,99.45
"17786","disengaged",26,32705450,99.45
"17787","disguising",26,32705476,99.45
"17788","disliking",26,32705502,99.45
"17789","disrepute",26,32705528,99.45
"17790","divergence",26,32705554,99.45
"17791","diversify",26,32705580,99.45
"17792","dorado",26,32705606,99.45
"17793","dotting",26,32705632,99.45
"17794","dotty",26,32705658,99.45
"17795","dram",26,32705684,99.45
"17796","drippy",26,32705710,99.45
"17797","drunkenly",26,32705736,99.45
"17798","earthiness",26,32705762,99.45
"17799","earthling",26,32705788,99.45
"17800","eastward",26,32705814,99.45
"17801","eaves",26,32705840,99.45
"17802","effeminate",26,32705866,99.45
"17803","erectile",26,32705892,99.45
"17804","evict",26,32705918,99.45
"17805","exaltation",26,32705944,99.45
"17806","exhortation",26,32705970,99.45
"17807","extraterrestrial",26,32705996,99.45
"17808","fletch",26,32706022,99.45
"17809","flounder",26,32706048,99.45
"17810","fortnightly",26,32706074,99.45
"17811","foundry",26,32706100,99.45
"17812","frisky",26,32706126,99.45
"17813","frizz",26,32706152,99.45
"17814","gamely",26,32706178,99.45
"17815","garnet",26,32706204,99.45
"17816","gatekeeper",26,32706230,99.45
"17817","generalization",26,32706256,99.45
"17818","generalize",26,32706282,99.45
"17819","geologist",26,32706308,99.45
"17820","geriatric",26,32706334,99.45
"17821","giggly",26,32706360,99.45
"17822","gilly",26,32706386,99.45
"17823","glutton",26,32706412,99.45
"17824","gnarled",26,32706438,99.45
"17825","goof",26,32706464,99.45
"17826","grindstone",26,32706490,99.45
"17827","hackneyed",26,32706516,99.45
"17828","halibut",26,32706542,99.45
"17829","handsomely",26,32706568,99.45
"17830","harmonize",26,32706594,99.45
"17831","haymarket",26,32706620,99.45
"17832","hazing",26,32706646,99.45
"17833","hospitable",26,32706672,99.45
"17834","hunker",26,32706698,99.45
"17835","hysterics",26,32706724,99.45
"17836","implode",26,32706750,99.45
"17837","incisive",26,32706776,99.45
"17838","incredulously",26,32706802,99.45
"17839","indefensible",26,32706828,99.46
"17840","individualistic",26,32706854,99.46
"17841","infertile",26,32706880,99.46
"17842","insipid",26,32706906,99.46
"17843","integrative",26,32706932,99.46
"17844","interject",26,32706958,99.46
"17845","invalidity",26,32706984,99.46
"17846","joshi",26,32707010,99.46
"17847","juggler",26,32707036,99.46
"17848","lawfully",26,32707062,99.46
"17849","layman",26,32707088,99.46
"17850","leggy",26,32707114,99.46
"17851","libra",26,32707140,99.46
"17852","locus",26,32707166,99.46
"17853","lux",26,32707192,99.46
"17854","malevolence",26,32707218,99.46
"17855","mallet",26,32707244,99.46
"17856","meekly",26,32707270,99.46
"17857","melodious",26,32707296,99.46
"17858","merriment",26,32707322,99.46
"17859","meteorite",26,32707348,99.46
"17860","mismanagement",26,32707374,99.46
"17861","mistreatment",26,32707400,99.46
"17862","moonlit",26,32707426,99.46
"17863","mott",26,32707452,99.46
"17864","movable",26,32707478,99.46
"17865","nast",26,32707504,99.46
"17866","naturalism",26,32707530,99.46
"17867","nightfall",26,32707556,99.46
"17868","nonviolence",26,32707582,99.46
"17869","notched",26,32707608,99.46
"17870","nub",26,32707634,99.46
"17871","nuptials",26,32707660,99.46
"17872","ophthalmologist",26,32707686,99.46
"17873","opiate",26,32707712,99.46
"17874","otherness",26,32707738,99.46
"17875","overcook",26,32707764,99.46
"17876","overlaid",26,32707790,99.46
"17877","pall",26,32707816,99.46
"17878","parading",26,32707842,99.46
"17879","parlance",26,32707868,99.46
"17880","pastrami",26,32707894,99.46
"17881","peddle",26,32707920,99.46
"17882","pensioner",26,32707946,99.46
"17883","perspiration",26,32707972,99.46
"17884","piglet",26,32707998,99.46
"17885","pimple",26,32708024,99.46
"17886","pitchfork",26,32708050,99.46
"17887","platypus",26,32708076,99.46
"17888","plexus",26,32708102,99.46
"17889","posit",26,32708128,99.46
"17890","postseason",26,32708154,99.46
"17891","potpourri",26,32708180,99.46
"17892","predisposed",26,32708206,99.46
"17893","prefix",26,32708232,99.46
"17894","profusion",26,32708258,99.46
"17895","proofread",26,32708284,99.46
"17896","proportionate",26,32708310,99.46
"17897","prudential",26,32708336,99.46
"17898","pulpy",26,32708362,99.46
"17899","pundit",26,32708388,99.46
"17900","purer",26,32708414,99.46
"17901","radiated",26,32708440,99.46
"17902","radicalism",26,32708466,99.46
"17903","rapping",26,32708492,99.46
"17904","ras",26,32708518,99.46
"17905","reaffirm",26,32708544,99.46
"17906","redding",26,32708570,99.46
"17907","reflector",26,32708596,99.46
"17908","rejoin",26,32708622,99.46
"17909","relent",26,32708648,99.46
"17910","reorganize",26,32708674,99.46
"17911","repaint",26,32708700,99.46
"17912","routing",26,32708726,99.46
"17913","rove",26,32708752,99.46
"17914","savagely",26,32708778,99.46
"17915","scintillating",26,32708804,99.46
"17916","seater",26,32708830,99.46
"17917","seedling",26,32708856,99.46
"17918","serenade",26,32708882,99.46
"17919","serra",26,32708908,99.46
"17920","shapeless",26,32708934,99.46
"17921","shipbuilding",26,32708960,99.46
"17922","shoplifting",26,32708986,99.46
"17923","shrapnel",26,32709012,99.46
"17924","shyly",26,32709038,99.46
"17925","sicker",26,32709064,99.46
"17926","sire",26,32709090,99.46
"17927","skippy",26,32709116,99.46
"17928","slop",26,32709142,99.46
"17929","smidgen",26,32709168,99.46
"17930","smugly",26,32709194,99.46
"17931","solemnity",26,32709220,99.46
"17932","sorceress",26,32709246,99.46
"17933","southward",26,32709272,99.46
"17934","splat",26,32709298,99.46
"17935","splendidly",26,32709324,99.46
"17936","straddle",26,32709350,99.46
"17937","subjection",26,32709376,99.46
"17938","suds",26,32709402,99.46
"17939","sunburst",26,32709428,99.46
"17940","swill",26,32709454,99.46
"17941","tanked",26,32709480,99.46
"17942","tikka",26,32709506,99.46
"17943","tiller",26,32709532,99.46
"17944","torrid",26,32709558,99.46
"17945","trident",26,32709584,99.46
"17946","turnpike",26,32709610,99.46
"17947","tyrone",26,32709636,99.46
"17948","unashamedly",26,32709662,99.46
"17949","uncharacteristic",26,32709688,99.46
"17950","uncouth",26,32709714,99.46
"17951","underweight",26,32709740,99.46
"17952","underwriting",26,32709766,99.46
"17953","unequivocal",26,32709792,99.46
"17954","unfavorable",26,32709818,99.46
"17955","unionist",26,32709844,99.46
"17956","universality",26,32709870,99.46
"17957","unknowable",26,32709896,99.46
"17958","unmitigated",26,32709922,99.46
"17959","unquestioned",26,32709948,99.46
"17960","unreadable",26,32709974,99.46
"17961","unreasonably",26,32710000,99.46
"17962","unregulated",26,32710026,99.46
"17963","unrepentant",26,32710052,99.46
"17964","urethra",26,32710078,99.46
"17965","usability",26,32710104,99.47
"17966","vane",26,32710130,99.47
"17967","vesper",26,32710156,99.47
"17968","vespers",26,32710182,99.47
"17969","vial",26,32710208,99.47
"17970","vibrational",26,32710234,99.47
"17971","vicarious",26,32710260,99.47
"17972","virtuosity",26,32710286,99.47
"17973","walkable",26,32710312,99.47
"17974","warping",26,32710338,99.47
"17975","wart",26,32710364,99.47
"17976","wetter",26,32710390,99.47
"17977","wily",26,32710416,99.47
"17978","wizardry",26,32710442,99.47
"17979","woodworking",26,32710468,99.47
"17980","abacus",25,32710493,99.47
"17981","acme",25,32710518,99.47
"17982","aft",25,32710543,99.47
"17983","aggravate",25,32710568,99.47
"17984","aimless",25,32710593,99.47
"17985","alameda",25,32710618,99.47
"17986","alchemical",25,32710643,99.47
"17987","alibi",25,32710668,99.47
"17988","amateurish",25,32710693,99.47
"17989","amble",25,32710718,99.47
"17990","amma",25,32710743,99.47
"17991","amorphous",25,32710768,99.47
"17992","amply",25,32710793,99.47
"17993","anoint",25,32710818,99.47
"17994","apnea",25,32710843,99.47
"17995","apologetics",25,32710868,99.47
"17996","appropriateness",25,32710893,99.47
"17997","assuage",25,32710918,99.47
"17998","asunder",25,32710943,99.47
"17999","automaton",25,32710968,99.47
"18000","avowed",25,32710993,99.47
"18001","azalea",25,32711018,99.47
"18002","bagpipes",25,32711043,99.47
"18003","banshee",25,32711068,99.47
"18004","barangay",25,32711093,99.47
"18005","baseman",25,32711118,99.47
"18006","bedlam",25,32711143,99.47
"18007","blackie",25,32711168,99.47
"18008","blanco",25,32711193,99.47
"18009","bleaching",25,32711218,99.47
"18010","bleary",25,32711243,99.47
"18011","boozer",25,32711268,99.47
"18012","botany",25,32711293,99.47
"18013","brainless",25,32711318,99.47
"18014","bridegroom",25,32711343,99.47
"18015","bronco",25,32711368,99.47
"18016","burg",25,32711393,99.47
"18017","burr",25,32711418,99.47
"18018","buzzard",25,32711443,99.47
"18019","buzzer",25,32711468,99.47
"18020","cardiology",25,32711493,99.47
"18021","carman",25,32711518,99.47
"18022","carnivorous",25,32711543,99.47
"18023","carotene",25,32711568,99.47
"18024","carpal",25,32711593,99.47
"18025","catty",25,32711618,99.47
"18026","changeling",25,32711643,99.47
"18027","chevalier",25,32711668,99.47
"18028","chiseled",25,32711693,99.47
"18029","cholera",25,32711718,99.47
"18030","clumsily",25,32711743,99.47
"18031","cogent",25,32711768,99.47
"18032","colonialist",25,32711793,99.47
"18033","commercialism",25,32711818,99.47
"18034","competency",25,32711843,99.47
"18035","confection",25,32711868,99.47
"18036","constabulary",25,32711893,99.47
"18037","contraceptive",25,32711918,99.47
"18038","cortez",25,32711943,99.47
"18039","councilman",25,32711968,99.47
"18040","creditor",25,32711993,99.47
"18041","cremation",25,32712018,99.47
"18042","degenerative",25,32712043,99.47
"18043","dehydrator",25,32712068,99.47
"18044","deliverer",25,32712093,99.47
"18045","deservedly",25,32712118,99.47
"18046","deterrence",25,32712143,99.47
"18047","devastatingly",25,32712168,99.47
"18048","dialing",25,32712193,99.47
"18049","diorama",25,32712218,99.47
"18050","disarmed",25,32712243,99.47
"18051","dishonor",25,32712268,99.47
"18052","displace",25,32712293,99.47
"18053","dissecting",25,32712318,99.47
"18054","distinctively",25,32712343,99.47
"18055","doorman",25,32712368,99.47
"18056","downy",25,32712393,99.47
"18057","dowry",25,32712418,99.47
"18058","drawstring",25,32712443,99.47
"18059","dressy",25,32712468,99.47
"18060","dropout",25,32712493,99.47
"18061","drumstick",25,32712518,99.47
"18062","dualism",25,32712543,99.47
"18063","duffel",25,32712568,99.47
"18064","durant",25,32712593,99.47
"18065","dustbin",25,32712618,99.47
"18066","edger",25,32712643,99.47
"18067","ejection",25,32712668,99.47
"18068","encaustic",25,32712693,99.47
"18069","energize",25,32712718,99.47
"18070","entrant",25,32712743,99.47
"18071","envoy",25,32712768,99.47
"18072","epistemological",25,32712793,99.47
"18073","eradication",25,32712818,99.47
"18074","etude",25,32712843,99.47
"18075","expatriate",25,32712868,99.47
"18076","extricate",25,32712893,99.47
"18077","fallow",25,32712918,99.47
"18078","favoring",25,32712943,99.47
"18079","feign",25,32712968,99.47
"18080","fiddler",25,32712993,99.47
"18081","firebrand",25,32713018,99.47
"18082","fleck",25,32713043,99.47
"18083","forested",25,32713068,99.47
"18084","fortuitous",25,32713093,99.47
"18085","freakishly",25,32713118,99.47
"18086","fringed",25,32713143,99.47
"18087","furore",25,32713168,99.47
"18088","garten",25,32713193,99.47
"18089","glib",25,32713218,99.47
"18090","gussie",25,32713243,99.47
"18091","guttural",25,32713268,99.47
"18092","gyn",25,32713293,99.47
"18093","hammersmith",25,32713318,99.47
"18094","handily",25,32713343,99.47
"18095","hansel",25,32713368,99.47
"18096","harman",25,32713393,99.48
"18097","harpist",25,32713418,99.48
"18098","heroically",25,32713443,99.48
"18099","hobbling",25,32713468,99.48
"18100","homemaking",25,32713493,99.48
"18101","horticultural",25,32713518,99.48
"18102","hotspur",25,32713543,99.48
"18103","hove",25,32713568,99.48
"18104","humidifier",25,32713593,99.48
"18105","hunks",25,32713618,99.48
"18106","impure",25,32713643,99.48
"18107","indisputable",25,32713668,99.48
"18108","infamy",25,32713693,99.48
"18109","infantile",25,32713718,99.48
"18110","injurious",25,32713743,99.48
"18111","inquisitor",25,32713768,99.48
"18112","insolvency",25,32713793,99.48
"18113","interstellar",25,32713818,99.48
"18114","intoxication",25,32713843,99.48
"18115","invalidate",25,32713868,99.48
"18116","inventiveness",25,32713893,99.48
"18117","irrevocably",25,32713918,99.48
"18118","jag",25,32713943,99.48
"18119","jakes",25,32713968,99.48
"18120","jealously",25,32713993,99.48
"18121","journeying",25,32714018,99.48
"18122","kibble",25,32714043,99.48
"18123","laborer",25,32714068,99.48
"18124","lackey",25,32714093,99.48
"18125","lapped",25,32714118,99.48
"18126","letterpress",25,32714143,99.48
"18127","longhand",25,32714168,99.48
"18128","lymphatic",25,32714193,99.48
"18129","maha",25,32714218,99.48
"18130","maraschino",25,32714243,99.48
"18131","masjid",25,32714268,99.48
"18132","maudlin",25,32714293,99.48
"18133","menial",25,32714318,99.48
"18134","mensa",25,32714343,99.48
"18135","mercantile",25,32714368,99.48
"18136","merch",25,32714393,99.48
"18137","methodological",25,32714418,99.48
"18138","mettle",25,32714443,99.48
"18139","mildew",25,32714468,99.48
"18140","minstrel",25,32714493,99.48
"18141","minutiae",25,32714518,99.48
"18142","mistook",25,32714543,99.48
"18143","mite",25,32714568,99.48
"18144","moping",25,32714593,99.48
"18145","mottled",25,32714618,99.48
"18146","mountaintop",25,32714643,99.48
"18147","multilingual",25,32714668,99.48
"18148","musky",25,32714693,99.48
"18149","myrrh",25,32714718,99.48
"18150","napalm",25,32714743,99.48
"18151","nationalization",25,32714768,99.48
"18152","naturopath",25,32714793,99.48
"18153","needful",25,32714818,99.48
"18154","negation",25,32714843,99.48
"18155","nihilism",25,32714868,99.48
"18156","noisily",25,32714893,99.48
"18157","nonverbal",25,32714918,99.48
"18158","oblique",25,32714943,99.48
"18159","opportune",25,32714968,99.48
"18160","opportunist",25,32714993,99.48
"18161","orangutan",25,32715018,99.48
"18162","overwrought",25,32715043,99.48
"18163","paco",25,32715068,99.48
"18164","parochial",25,32715093,99.48
"18165","passivity",25,32715118,99.48
"18166","patisserie",25,32715143,99.48
"18167","pelt",25,32715168,99.48
"18168","peppercorn",25,32715193,99.48
"18169","phenomenally",25,32715218,99.48
"18170","piedmont",25,32715243,99.48
"18171","plunger",25,32715268,99.48
"18172","polemic",25,32715293,99.48
"18173","polity",25,32715318,99.48
"18174","portly",25,32715343,99.48
"18175","portraiture",25,32715368,99.48
"18176","pouty",25,32715393,99.48
"18177","prancing",25,32715418,99.48
"18178","propagation",25,32715443,99.48
"18179","prowling",25,32715468,99.48
"18180","psychoanalysis",25,32715493,99.48
"18181","pubescent",25,32715518,99.48
"18182","pulmonary",25,32715543,99.48
"18183","quadruple",25,32715568,99.48
"18184","quin",25,32715593,99.48
"18185","quotidian",25,32715618,99.48
"18186","racecourse",25,32715643,99.48
"18187","rapt",25,32715668,99.48
"18188","recitation",25,32715693,99.48
"18189","recline",25,32715718,99.48
"18190","registrar",25,32715743,99.48
"18191","rematch",25,32715768,99.48
"18192","renal",25,32715793,99.48
"18193","replication",25,32715818,99.48
"18194","reportage",25,32715843,99.48
"18195","revelatory",25,32715868,99.48
"18196","rhea",25,32715893,99.48
"18197","rollicking",25,32715918,99.48
"18198","ruff",25,32715943,99.48
"18199","satisfactorily",25,32715968,99.48
"18200","savagery",25,32715993,99.48
"18201","saxophonist",25,32716018,99.48
"18202","sayid",25,32716043,99.48
"18203","scalpel",25,32716068,99.48
"18204","scape",25,32716093,99.48
"18205","sconce",25,32716118,99.48
"18206","scrapper",25,32716143,99.48
"18207","scrawl",25,32716168,99.48
"18208","scruff",25,32716193,99.48
"18209","scuffle",25,32716218,99.48
"18210","sectional",25,32716243,99.48
"18211","shandy",25,32716268,99.48
"18212","shrinkage",25,32716293,99.48
"18213","sinfully",25,32716318,99.48
"18214","slipshod",25,32716343,99.48
"18215","slyly",25,32716368,99.48
"18216","smugness",25,32716393,99.48
"18217","sneering",25,32716418,99.48
"18218","somers",25,32716443,99.48
"18219","sorrel",25,32716468,99.48
"18220","spence",25,32716493,99.48
"18221","splint",25,32716518,99.48
"18222","sportsman",25,32716543,99.48
"18223","squatted",25,32716568,99.48
"18224","staccato",25,32716593,99.48
"18225","standoff",25,32716618,99.48
"18226","stateside",25,32716643,99.48
"18227","sup",25,32716668,99.48
"18228","surgically",25,32716693,99.49
"18229","surrealism",25,32716718,99.49
"18230","sweeper",25,32716743,99.49
"18231","swerve",25,32716768,99.49
"18232","tawdry",25,32716793,99.49
"18233","tedium",25,32716818,99.49
"18234","tele",25,32716843,99.49
"18235","tenet",25,32716868,99.49
"18236","tentacle",25,32716893,99.49
"18237","tether",25,32716918,99.49
"18238","thong",25,32716943,99.49
"18239","thoroughbred",25,32716968,99.49
"18240","ting",25,32716993,99.49
"18241","tort",25,32717018,99.49
"18242","traditionalist",25,32717043,99.49
"18243","transcending",25,32717068,99.49
"18244","trestle",25,32717093,99.49
"18245","trotter",25,32717118,99.49
"18246","typography",25,32717143,99.49
"18247","uncalled",25,32717168,99.49
"18248","unconfirmed",25,32717193,99.49
"18249","undeterred",25,32717218,99.49
"18250","unevenly",25,32717243,99.49
"18251","unfeeling",25,32717268,99.49
"18252","unhindered",25,32717293,99.49
"18253","unimpressive",25,32717318,99.49
"18254","unlovable",25,32717343,99.49
"18255","unmanned",25,32717368,99.49
"18256","unmoved",25,32717393,99.49
"18257","unobtrusive",25,32717418,99.49
"18258","unsaved",25,32717443,99.49
"18259","unsubstantiated",25,32717468,99.49
"18260","unsupervised",25,32717493,99.49
"18261","unwrapping",25,32717518,99.49
"18262","urchin",25,32717543,99.49
"18263","usury",25,32717568,99.49
"18264","vibrancy",25,32717593,99.49
"18265","victimization",25,32717618,99.49
"18266","vidya",25,32717643,99.49
"18267","vinny",25,32717668,99.49
"18268","vise",25,32717693,99.49
"18269","wanderlust",25,32717718,99.49
"18270","weariness",25,32717743,99.49
"18271","whopper",25,32717768,99.49
"18272","wildcat",25,32717793,99.49
"18273","workbox",25,32717818,99.49
"18274","wormhole",25,32717843,99.49
"18275","wristband",25,32717868,99.49
"18276","zoology",25,32717893,99.49
"18277","abuzz",24,32717917,99.49
"18278","accursed",24,32717941,99.49
"18279","acquiesce",24,32717965,99.49
"18280","acquiescence",24,32717989,99.49
"18281","acta",24,32718013,99.49
"18282","aerodynamics",24,32718037,99.49
"18283","ajar",24,32718061,99.49
"18284","allergen",24,32718085,99.49
"18285","anachronism",24,32718109,99.49
"18286","antibody",24,32718133,99.49
"18287","apostasy",24,32718157,99.49
"18288","archway",24,32718181,99.49
"18289","arouse",24,32718205,99.49
"18290","asinine",24,32718229,99.49
"18291","asymmetrical",24,32718253,99.49
"18292","auctioneer",24,32718277,99.49
"18293","aviary",24,32718301,99.49
"18294","awl",24,32718325,99.49
"18295","axed",24,32718349,99.49
"18296","backtrack",24,32718373,99.49
"18297","banister",24,32718397,99.49
"18298","benediction",24,32718421,99.49
"18299","bicentennial",24,32718445,99.49
"18300","blackjack",24,32718469,99.49
"18301","blindingly",24,32718493,99.49
"18302","boomerang",24,32718517,99.49
"18303","bramble",24,32718541,99.49
"18304","breathy",24,32718565,99.49
"18305","brill",24,32718589,99.49
"18306","brocade",24,32718613,99.49
"18307","bulletproof",24,32718637,99.49
"18308","bushel",24,32718661,99.49
"18309","carrion",24,32718685,99.49
"18310","catapult",24,32718709,99.49
"18311","categorical",24,32718733,99.49
"18312","centimeter",24,32718757,99.49
"18313","cern",24,32718781,99.49
"18314","certify",24,32718805,99.49
"18315","cesspool",24,32718829,99.49
"18316","chaise",24,32718853,99.49
"18317","claustrophobia",24,32718877,99.49
"18318","clergyman",24,32718901,99.49
"18319","cocker",24,32718925,99.49
"18320","compensating",24,32718949,99.49
"18321","conceptually",24,32718973,99.49
"18322","concoct",24,32718997,99.49
"18323","condensation",24,32719021,99.49
"18324","connective",24,32719045,99.49
"18325","consonant",24,32719069,99.49
"18326","contemptuous",24,32719093,99.49
"18327","converging",24,32719117,99.49
"18328","cored",24,32719141,99.49
"18329","corvette",24,32719165,99.49
"18330","creepiness",24,32719189,99.49
"18331","crisper",24,32719213,99.49
"18332","croquet",24,32719237,99.49
"18333","crowing",24,32719261,99.49
"18334","cursive",24,32719285,99.49
"18335","cutoff",24,32719309,99.49
"18336","deathbed",24,32719333,99.49
"18337","deepwater",24,32719357,99.49
"18338","deforestation",24,32719381,99.49
"18339","demonstrable",24,32719405,99.49
"18340","dermatitis",24,32719429,99.49
"18341","detectable",24,32719453,99.49
"18342","disagreeable",24,32719477,99.49
"18343","disarming",24,32719501,99.49
"18344","disparaging",24,32719525,99.49
"18345","diverge",24,32719549,99.49
"18346","diversified",24,32719573,99.49
"18347","dunne",24,32719597,99.49
"18348","duress",24,32719621,99.49
"18349","dwindle",24,32719645,99.49
"18350","dynamism",24,32719669,99.49
"18351","edict",24,32719693,99.49
"18352","edification",24,32719717,99.49
"18353","elaboration",24,32719741,99.49
"18354","emigrate",24,32719765,99.49
"18355","empathic",24,32719789,99.49
"18356","enforceable",24,32719813,99.49
"18357","engender",24,32719837,99.49
"18358","epidemiological",24,32719861,99.49
"18359","eucharistic",24,32719885,99.49
"18360","exhalation",24,32719909,99.49
"18361","exhort",24,32719933,99.49
"18362","faultless",24,32719957,99.49
"18363","fawning",24,32719981,99.5
"18364","fess",24,32720005,99.5
"18365","fingernail",24,32720029,99.5
"18366","firehouse",24,32720053,99.5
"18367","flagstaff",24,32720077,99.5
"18368","flog",24,32720101,99.5
"18369","forbearance",24,32720125,99.5
"18370","forevermore",24,32720149,99.5
"18371","frankincense",24,32720173,99.5
"18372","fruitcake",24,32720197,99.5
"18373","gad",24,32720221,99.5
"18374","glaucoma",24,32720245,99.5
"18375","gnat",24,32720269,99.5
"18376","goodly",24,32720293,99.5
"18377","goon",24,32720317,99.5
"18378","goulash",24,32720341,99.5
"18379","graphical",24,32720365,99.5
"18380","grownup",24,32720389,99.5
"18381","gully",24,32720413,99.5
"18382","hairless",24,32720437,99.5
"18383","hallucination",24,32720461,99.5
"18384","hesitating",24,32720485,99.5
"18385","hodder",24,32720509,99.5
"18386","hosanna",24,32720533,99.5
"18387","housemate",24,32720557,99.5
"18388","idealist",24,32720581,99.5
"18389","ides",24,32720605,99.5
"18390","illusive",24,32720629,99.5
"18391","imaginatively",24,32720653,99.5
"18392","importer",24,32720677,99.5
"18393","impressionist",24,32720701,99.5
"18394","inched",24,32720725,99.5
"18395","indeterminate",24,32720749,99.5
"18396","inhalation",24,32720773,99.5
"18397","inhospitable",24,32720797,99.5
"18398","inhumanity",24,32720821,99.5
"18399","insignificance",24,32720845,99.5
"18400","insinuating",24,32720869,99.5
"18401","insolvent",24,32720893,99.5
"18402","instinctual",24,32720917,99.5
"18403","intelligentsia",24,32720941,99.5
"18404","jami",24,32720965,99.5
"18405","judicious",24,32720989,99.5
"18406","kingfisher",24,32721013,99.5
"18407","kingpin",24,32721037,99.5
"18408","labyrinthine",24,32721061,99.5
"18409","lactic",24,32721085,99.5
"18410","lain",24,32721109,99.5
"18411","lam",24,32721133,99.5
"18412","lapel",24,32721157,99.5
"18413","lauder",24,32721181,99.5
"18414","lavishly",24,32721205,99.5
"18415","leeches",24,32721229,99.5
"18416","leftism",24,32721253,99.5
"18417","lenient",24,32721277,99.5
"18418","leotard",24,32721301,99.5
"18419","lifeguard",24,32721325,99.5
"18420","lubricant",24,32721349,99.5
"18421","lynx",24,32721373,99.5
"18422","mastectomy",24,32721397,99.5
"18423","menacingly",24,32721421,99.5
"18424","mentorship",24,32721445,99.5
"18425","misstep",24,32721469,99.5
"18426","mitochondrial",24,32721493,99.5
"18427","mome",24,32721517,99.5
"18428","motoring",24,32721541,99.5
"18429","moulded",24,32721565,99.5
"18430","mountainside",24,32721589,99.5
"18431","muscled",24,32721613,99.5
"18432","mutiny",24,32721637,99.5
"18433","nationhood",24,32721661,99.5
"18434","nee",24,32721685,99.5
"18435","neutron",24,32721709,99.5
"18436","nominally",24,32721733,99.5
"18437","obliterate",24,32721757,99.5
"18438","obsidian",24,32721781,99.5
"18439","obtainable",24,32721805,99.5
"18440","oligarchy",24,32721829,99.5
"18441","optics",24,32721853,99.5
"18442","opulence",24,32721877,99.5
"18443","overland",24,32721901,99.5
"18444","pacer",24,32721925,99.5
"18445","pager",24,32721949,99.5
"18446","palliative",24,32721973,99.5
"18447","panacea",24,32721997,99.5
"18448","pancreas",24,32722021,99.5
"18449","panhandle",24,32722045,99.5
"18450","patentable",24,32722069,99.5
"18451","perchance",24,32722093,99.5
"18452","permeate",24,32722117,99.5
"18453","perpetuation",24,32722141,99.5
"18454","persecuting",24,32722165,99.5
"18455","personage",24,32722189,99.5
"18456","perturbed",24,32722213,99.5
"18457","plankton",24,32722237,99.5
"18458","plantar",24,32722261,99.5
"18459","plurality",24,32722285,99.5
"18460","poring",24,32722309,99.5
"18461","postgraduate",24,32722333,99.5
"18462","preseason",24,32722357,99.5
"18463","preservative",24,32722381,99.5
"18464","prideful",24,32722405,99.5
"18465","protestantism",24,32722429,99.5
"18466","questioner",24,32722453,99.5
"18467","quixotic",24,32722477,99.5
"18468","ratty",24,32722501,99.5
"18469","ravishing",24,32722525,99.5
"18470","reapply",24,32722549,99.5
"18471","reassessment",24,32722573,99.5
"18472","rebate",24,32722597,99.5
"18473","recept",24,32722621,99.5
"18474","receptor",24,32722645,99.5
"18475","reductive",24,32722669,99.5
"18476","reinvention",24,32722693,99.5
"18477","rekindle",24,32722717,99.5
"18478","renter",24,32722741,99.5
"18479","repairman",24,32722765,99.5
"18480","repatriation",24,32722789,99.5
"18481","repute",24,32722813,99.5
"18482","rescuer",24,32722837,99.5
"18483","retraction",24,32722861,99.5
"18484","retroactive",24,32722885,99.5
"18485","reverently",24,32722909,99.5
"18486","reversion",24,32722933,99.5
"18487","revocation",24,32722957,99.5
"18488","ribbing",24,32722981,99.5
"18489","riotous",24,32723005,99.5
"18490","roomie",24,32723029,99.5
"18491","rosebud",24,32723053,99.5
"18492","rosewood",24,32723077,99.5
"18493","ruck",24,32723101,99.5
"18494","rupee",24,32723125,99.5
"18495","sable",24,32723149,99.5
"18496","saggy",24,32723173,99.5
"18497","saki",24,32723197,99.5
"18498","savoy",24,32723221,99.5
"18499","seaport",24,32723245,99.5
"18500","semis",24,32723269,99.51
"18501","shimmy",24,32723293,99.51
"18502","shinning",24,32723317,99.51
"18503","sion",24,32723341,99.51
"18504","skimp",24,32723365,99.51
"18505","skimpy",24,32723389,99.51
"18506","slogging",24,32723413,99.51
"18507","sooth",24,32723437,99.51
"18508","soupy",24,32723461,99.51
"18509","specialization",24,32723485,99.51
"18510","stabilization",24,32723509,99.51
"18511","stapler",24,32723533,99.51
"18512","starkly",24,32723557,99.51
"18513","stepson",24,32723581,99.51
"18514","stewardess",24,32723605,99.51
"18515","stillborn",24,32723629,99.51
"18516","straightaway",24,32723653,99.51
"18517","suffocation",24,32723677,99.51
"18518","surcharge",24,32723701,99.51
"18519","teeter",24,32723725,99.51
"18520","tenfold",24,32723749,99.51
"18521","tesseract",24,32723773,99.51
"18522","thereon",24,32723797,99.51
"18523","thimble",24,32723821,99.51
"18524","throated",24,32723845,99.51
"18525","titillating",24,32723869,99.51
"18526","topcoat",24,32723893,99.51
"18527","topiary",24,32723917,99.51
"18528","tourette",24,32723941,99.51
"18529","tra",24,32723965,99.51
"18530","transitory",24,32723989,99.51
"18531","transpire",24,32724013,99.51
"18532","traversed",24,32724037,99.51
"18533","twitchy",24,32724061,99.51
"18534","umber",24,32724085,99.51
"18535","unawares",24,32724109,99.51
"18536","unbecoming",24,32724133,99.51
"18537","unceremoniously",24,32724157,99.51
"18538","undetermined",24,32724181,99.51
"18539","unmistakably",24,32724205,99.51
"18540","unoriginal",24,32724229,99.51
"18541","unproven",24,32724253,99.51
"18542","unskilled",24,32724277,99.51
"18543","untangle",24,32724301,99.51
"18544","untidy",24,32724325,99.51
"18545","untrustworthy",24,32724349,99.51
"18546","upsurge",24,32724373,99.51
"18547","utensil",24,32724397,99.51
"18548","vail",24,32724421,99.51
"18549","variability",24,32724445,99.51
"18550","vasectomy",24,32724469,99.51
"18551","verifiable",24,32724493,99.51
"18552","vernal",24,32724517,99.51
"18553","wahoo",24,32724541,99.51
"18554","washy",24,32724565,99.51
"18555","wench",24,32724589,99.51
"18556","whistler",24,32724613,99.51
"18557","wincing",24,32724637,99.51
"18558","windscreen",24,32724661,99.51
"18559","winking",24,32724685,99.51
"18560","wishbone",24,32724709,99.51
"18561","womanly",24,32724733,99.51
"18562","wounding",24,32724757,99.51
"18563","wrangle",24,32724781,99.51
"18564","wretch",24,32724805,99.51
"18565","yuletide",24,32724829,99.51
"18566","abnegation",23,32724852,99.51
"18567","achiever",23,32724875,99.51
"18568","ageless",23,32724898,99.51
"18569","aggressiveness",23,32724921,99.51
"18570","amicable",23,32724944,99.51
"18571","amidon",23,32724967,99.51
"18572","amor",23,32724990,99.51
"18573","amoral",23,32725013,99.51
"18574","amusingly",23,32725036,99.51
"18575","anachronistic",23,32725059,99.51
"18576","animalistic",23,32725082,99.51
"18577","antibacterial",23,32725105,99.51
"18578","archdiocese",23,32725128,99.51
"18579","artefact",23,32725151,99.51
"18580","astringent",23,32725174,99.51
"18581","auld",23,32725197,99.51
"18582","authentication",23,32725220,99.51
"18583","bae",23,32725243,99.51
"18584","baht",23,32725266,99.51
"18585","barmaid",23,32725289,99.51
"18586","baseless",23,32725312,99.51
"18587","beautify",23,32725335,99.51
"18588","bendy",23,32725358,99.51
"18589","besotted",23,32725381,99.51
"18590","betrothed",23,32725404,99.51
"18591","bis",23,32725427,99.51
"18592","blackface",23,32725450,99.51
"18593","blarney",23,32725473,99.51
"18594","blowfish",23,32725496,99.51
"18595","blusher",23,32725519,99.51
"18596","boba",23,32725542,99.51
"18597","bogeyman",23,32725565,99.51
"18598","borscht",23,32725588,99.51
"18599","breathable",23,32725611,99.51
"18600","bulkhead",23,32725634,99.51
"18601","carbonate",23,32725657,99.51
"18602","carpentry",23,32725680,99.51
"18603","caseworker",23,32725703,99.51
"18604","catalina",23,32725726,99.51
"18605","catnip",23,32725749,99.51
"18606","changeable",23,32725772,99.51
"18607","clarion",23,32725795,99.51
"18608","commercialization",23,32725818,99.51
"18609","competently",23,32725841,99.51
"18610","consul",23,32725864,99.51
"18611","cote",23,32725887,99.51
"18612","crump",23,32725910,99.51
"18613","curbing",23,32725933,99.51
"18614","cyanide",23,32725956,99.51
"18615","demigod",23,32725979,99.51
"18616","denouement",23,32726002,99.51
"18617","dentistry",23,32726025,99.51
"18618","depreciation",23,32726048,99.51
"18619","devolution",23,32726071,99.51
"18620","didst",23,32726094,99.51
"18621","disappointingly",23,32726117,99.51
"18622","discordant",23,32726140,99.51
"18623","disown",23,32726163,99.51
"18624","disreputable",23,32726186,99.51
"18625","dissected",23,32726209,99.51
"18626","dissipation",23,32726232,99.51
"18627","domesticity",23,32726255,99.51
"18628","dugout",23,32726278,99.51
"18629","duller",23,32726301,99.51
"18630","earnestness",23,32726324,99.51
"18631","elegy",23,32726347,99.51
"18632","enquire",23,32726370,99.51
"18633","epithet",23,32726393,99.51
"18634","erasure",23,32726416,99.51
"18635","etheric",23,32726439,99.51
"18636","evermore",23,32726462,99.51
"18637","expedited",23,32726485,99.51
"18638","extractive",23,32726508,99.51
"18639","eyesore",23,32726531,99.51
"18640","eying",23,32726554,99.52
"18641","faithless",23,32726577,99.52
"18642","fangled",23,32726600,99.52
"18643","fathered",23,32726623,99.52
"18644","favoritism",23,32726646,99.52
"18645","fecal",23,32726669,99.52
"18646","fertilize",23,32726692,99.52
"18647","fife",23,32726715,99.52
"18648","fireside",23,32726738,99.52
"18649","flack",23,32726761,99.52
"18650","flaring",23,32726784,99.52
"18651","flier",23,32726807,99.52
"18652","flippant",23,32726830,99.52
"18653","flores",23,32726853,99.52
"18654","florescent",23,32726876,99.52
"18655","folio",23,32726899,99.52
"18656","frasier",23,32726922,99.52
"18657","freemasonry",23,32726945,99.52
"18658","froggy",23,32726968,99.52
"18659","gare",23,32726991,99.52
"18660","genial",23,32727014,99.52
"18661","geranium",23,32727037,99.52
"18662","ghoulish",23,32727060,99.52
"18663","girdle",23,32727083,99.52
"18664","glum",23,32727106,99.52
"18665","gondola",23,32727129,99.52
"18666","gossamer",23,32727152,99.52
"18667","guile",23,32727175,99.52
"18668","gymnast",23,32727198,99.52
"18669","hark",23,32727221,99.52
"18670","harlot",23,32727244,99.52
"18671","harrow",23,32727267,99.52
"18672","hatchery",23,32727290,99.52
"18673","heiress",23,32727313,99.52
"18674","hick",23,32727336,99.52
"18675","hinterland",23,32727359,99.52
"18676","homesickness",23,32727382,99.52
"18677","humanely",23,32727405,99.52
"18678","huntress",23,32727428,99.52
"18679","illustrative",23,32727451,99.52
"18680","immaculately",23,32727474,99.52
"18681","inadvertent",23,32727497,99.52
"18682","inborn",23,32727520,99.52
"18683","inbound",23,32727543,99.52
"18684","inexorably",23,32727566,99.52
"18685","innkeeper",23,32727589,99.52
"18686","instigate",23,32727612,99.52
"18687","keyhole",23,32727635,99.52
"18688","lakeland",23,32727658,99.52
"18689","lampoon",23,32727681,99.52
"18690","leaden",23,32727704,99.52
"18691","leery",23,32727727,99.52
"18692","legislate",23,32727750,99.52
"18693","liana",23,32727773,99.52
"18694","litmus",23,32727796,99.52
"18695","longitudinal",23,32727819,99.52
"18696","lusty",23,32727842,99.52
"18697","lutein",23,32727865,99.52
"18698","maharaja",23,32727888,99.52
"18699","mailer",23,32727911,99.52
"18700","malkin",23,32727934,99.52
"18701","maltiness",23,32727957,99.52
"18702","merman",23,32727980,99.52
"18703","meteorological",23,32728003,99.52
"18704","misogynist",23,32728026,99.52
"18705","morass",23,32728049,99.52
"18706","moulin",23,32728072,99.52
"18707","multicolored",23,32728095,99.52
"18708","nickelodeon",23,32728118,99.52
"18709","nitrate",23,32728141,99.52
"18710","notary",23,32728164,99.52
"18711","nth",23,32728187,99.52
"18712","oar",23,32728210,99.52
"18713","obtuse",23,32728233,99.52
"18714","oust",23,32728256,99.52
"18715","outfielder",23,32728279,99.52
"18716","outrun",23,32728302,99.52
"18717","overhear",23,32728325,99.52
"18718","overpass",23,32728348,99.52
"18719","palladium",23,32728371,99.52
"18720","papillon",23,32728394,99.52
"18721","partook",23,32728417,99.52
"18722","penicillin",23,32728440,99.52
"18723","permanence",23,32728463,99.52
"18724","peroxide",23,32728486,99.52
"18725","pertussis",23,32728509,99.52
"18726","photosynthesis",23,32728532,99.52
"18727","pillowy",23,32728555,99.52
"18728","pinking",23,32728578,99.52
"18729","pittance",23,32728601,99.52
"18730","pitting",23,32728624,99.52
"18731","plaintive",23,32728647,99.52
"18732","pleat",23,32728670,99.52
"18733","plenary",23,32728693,99.52
"18734","plumb",23,32728716,99.52
"18735","pocketed",23,32728739,99.52
"18736","poi",23,32728762,99.52
"18737","practicable",23,32728785,99.52
"18738","prankster",23,32728808,99.52
"18739","predilection",23,32728831,99.52
"18740","prescriptive",23,32728854,99.52
"18741","prude",23,32728877,99.52
"18742","psi",23,32728900,99.52
"18743","punta",23,32728923,99.52
"18744","puritanical",23,32728946,99.52
"18745","pursed",23,32728969,99.52
"18746","pus",23,32728992,99.52
"18747","qualifier",23,32729015,99.52
"18748","quay",23,32729038,99.52
"18749","quotient",23,32729061,99.52
"18750","rabbinic",23,32729084,99.52
"18751","radioactivity",23,32729107,99.52
"18752","raiser",23,32729130,99.52
"18753","ramekin",23,32729153,99.52
"18754","rationalist",23,32729176,99.52
"18755","reassignment",23,32729199,99.52
"18756","recurrence",23,32729222,99.52
"18757","refinish",23,32729245,99.52
"18758","reflexive",23,32729268,99.52
"18759","regressive",23,32729291,99.52
"18760","remand",23,32729314,99.52
"18761","reorganization",23,32729337,99.52
"18762","reprisal",23,32729360,99.52
"18763","reschedule",23,32729383,99.52
"18764","resplendent",23,32729406,99.52
"18765","reverberate",23,32729429,99.52
"18766","rhinoceros",23,32729452,99.52
"18767","rhythmically",23,32729475,99.52
"18768","robustness",23,32729498,99.52
"18769","rubella",23,32729521,99.52
"18770","russel",23,32729544,99.52
"18771","ruthlessness",23,32729567,99.52
"18772","sab",23,32729590,99.52
"18773","sabine",23,32729613,99.52
"18774","sardine",23,32729636,99.52
"18775","scalding",23,32729659,99.52
"18776","scepter",23,32729682,99.52
"18777","scorpene",23,32729705,99.52
"18778","scrounge",23,32729728,99.52
"18779","selflessly",23,32729751,99.52
"18780","serger",23,32729774,99.52
"18781","showmanship",23,32729797,99.52
"18782","shrew",23,32729820,99.52
"18783","shunt",23,32729843,99.53
"18784","singleton",23,32729866,99.53
"18785","sinker",23,32729889,99.53
"18786","sinless",23,32729912,99.53
"18787","skyrocket",23,32729935,99.53
"18788","sledge",23,32729958,99.53
"18789","slough",23,32729981,99.53
"18790","squabble",23,32730004,99.53
"18791","stealthy",23,32730027,99.53
"18792","stearyl",23,32730050,99.53
"18793","stiletto",23,32730073,99.53
"18794","stonework",23,32730096,99.53
"18795","stucco",23,32730119,99.53
"18796","substrate",23,32730142,99.53
"18797","suitability",23,32730165,99.53
"18798","sweated",23,32730188,99.53
"18799","tardy",23,32730211,99.53
"18800","tarnish",23,32730234,99.53
"18801","terrorize",23,32730257,99.53
"18802","testimonial",23,32730280,99.53
"18803","thermodynamics",23,32730303,99.53
"18804","thieving",23,32730326,99.53
"18805","transatlantic",23,32730349,99.53
"18806","transfiguration",23,32730372,99.53
"18807","trespass",23,32730395,99.53
"18808","troublemaker",23,32730418,99.53
"18809","truckload",23,32730441,99.53
"18810","truism",23,32730464,99.53
"18811","twiddling",23,32730487,99.53
"18812","ulcer",23,32730510,99.53
"18813","underpinning",23,32730533,99.53
"18814","underscore",23,32730556,99.53
"18815","undersea",23,32730579,99.53
"18816","uninhibited",23,32730602,99.53
"18817","unjustified",23,32730625,99.53
"18818","unnaturally",23,32730648,99.53
"18819","unpainted",23,32730671,99.53
"18820","unpalatable",23,32730694,99.53
"18821","unpleasantly",23,32730717,99.53
"18822","unravelling",23,32730740,99.53
"18823","unrivaled",23,32730763,99.53
"18824","untainted",23,32730786,99.53
"18825","unthinking",23,32730809,99.53
"18826","untie",23,32730832,99.53
"18827","untied",23,32730855,99.53
"18828","untrained",23,32730878,99.53
"18829","vagrant",23,32730901,99.53
"18830","verbena",23,32730924,99.53
"18831","verbiage",23,32730947,99.53
"18832","vexed",23,32730970,99.53
"18833","vive",23,32730993,99.53
"18834","voraciously",23,32731016,99.53
"18835","vulgarity",23,32731039,99.53
"18836","wetting",23,32731062,99.53
"18837","wherewithal",23,32731085,99.53
"18838","whiplash",23,32731108,99.53
"18839","whizzing",23,32731131,99.53
"18840","wholesaler",23,32731154,99.53
"18841","winnings",23,32731177,99.53
"18842","wips",23,32731200,99.53
"18843","wold",23,32731223,99.53
"18844","woodrow",23,32731246,99.53
"18845","woolen",23,32731269,99.53
"18846","wrangler",23,32731292,99.53
"18847","wrongfully",23,32731315,99.53
"18848","abolitionist",22,32731337,99.53
"18849","absentee",22,32731359,99.53
"18850","admittance",22,32731381,99.53
"18851","adverb",22,32731403,99.53
"18852","aggregation",22,32731425,99.53
"18853","alimony",22,32731447,99.53
"18854","allude",22,32731469,99.53
"18855","alphabetically",22,32731491,99.53
"18856","amalgam",22,32731513,99.53
"18857","angina",22,32731535,99.53
"18858","anthropomorphic",22,32731557,99.53
"18859","apocryphal",22,32731579,99.53
"18860","apostleship",22,32731601,99.53
"18861","apothecary",22,32731623,99.53
"18862","ascetic",22,32731645,99.53
"18863","askew",22,32731667,99.53
"18864","avenging",22,32731689,99.53
"18865","bac",22,32731711,99.53
"18866","bagpipe",22,32731733,99.53
"18867","bated",22,32731755,99.53
"18868","bathrobe",22,32731777,99.53
"18869","batten",22,32731799,99.53
"18870","beekeeping",22,32731821,99.53
"18871","bemoaning",22,32731843,99.53
"18872","biosphere",22,32731865,99.53
"18873","bloodshot",22,32731887,99.53
"18874","bluish",22,32731909,99.53
"18875","bobbed",22,32731931,99.53
"18876","bom",22,32731953,99.53
"18877","bose",22,32731975,99.53
"18878","boxy",22,32731997,99.53
"18879","brassy",22,32732019,99.53
"18880","bridle",22,32732041,99.53
"18881","brod",22,32732063,99.53
"18882","bucked",22,32732085,99.53
"18883","bulldozer",22,32732107,99.53
"18884","cairn",22,32732129,99.53
"18885","canoeing",22,32732151,99.53
"18886","capstone",22,32732173,99.53
"18887","carboy",22,32732195,99.53
"18888","celebrant",22,32732217,99.53
"18889","checkers",22,32732239,99.53
"18890","chieftain",22,32732261,99.53
"18891","clouding",22,32732283,99.53
"18892","collarbone",22,32732305,99.53
"18893","colonoscopy",22,32732327,99.53
"18894","columbine",22,32732349,99.53
"18895","compressor",22,32732371,99.53
"18896","concave",22,32732393,99.53
"18897","confiscate",22,32732415,99.53
"18898","confounding",22,32732437,99.53
"18899","congregational",22,32732459,99.53
"18900","conservatively",22,32732481,99.53
"18901","constitutionality",22,32732503,99.53
"18902","corrosion",22,32732525,99.53
"18903","courageously",22,32732547,99.53
"18904","covertly",22,32732569,99.53
"18905","covey",22,32732591,99.53
"18906","coyly",22,32732613,99.53
"18907","crossbow",22,32732635,99.53
"18908","curate",22,32732657,99.53
"18909","dachshund",22,32732679,99.53
"18910","dally",22,32732701,99.53
"18911","decomposition",22,32732723,99.53
"18912","deduct",22,32732745,99.53
"18913","deflection",22,32732767,99.53
"18914","delicatessen",22,32732789,99.53
"18915","desecration",22,32732811,99.53
"18916","detachable",22,32732833,99.53
"18917","developmentally",22,32732855,99.53
"18918","diction",22,32732877,99.53
"18919","dinnertime",22,32732899,99.53
"18920","discoloration",22,32732921,99.53
"18921","disgustingly",22,32732943,99.53
"18922","dissonant",22,32732965,99.53
"18923","dooley",22,32732987,99.53
"18924","downcast",22,32733009,99.53
"18925","dunst",22,32733031,99.53
"18926","eclecticism",22,32733053,99.53
"18927","edifying",22,32733075,99.53
"18928","emblematic",22,32733097,99.53
"18929","encampment",22,32733119,99.53
"18930","especial",22,32733141,99.54
"18931","espouse",22,32733163,99.54
"18932","etch",22,32733185,99.54
"18933","eunuch",22,32733207,99.54
"18934","evangelistic",22,32733229,99.54
"18935","evaporation",22,32733251,99.54
"18936","excusing",22,32733273,99.54
"18937","expectantly",22,32733295,99.54
"18938","extrapolate",22,32733317,99.54
"18939","fairway",22,32733339,99.54
"18940","fantasia",22,32733361,99.54
"18941","fatality",22,32733383,99.54
"18942","fatherless",22,32733405,99.54
"18943","fidgeting",22,32733427,99.54
"18944","fiduciary",22,32733449,99.54
"18945","finery",22,32733471,99.54
"18946","flatiron",22,32733493,99.54
"18947","fleshly",22,32733515,99.54
"18948","formaldehyde",22,32733537,99.54
"18949","fortification",22,32733559,99.54
"18950","frailty",22,32733581,99.54
"18951","fraying",22,32733603,99.54
"18952","freemason",22,32733625,99.54
"18953","funneled",22,32733647,99.54
"18954","gaol",22,32733669,99.54
"18955","garlicky",22,32733691,99.54
"18956","gastronomy",22,32733713,99.54
"18957","gauche",22,32733735,99.54
"18958","getter",22,32733757,99.54
"18959","glimmering",22,32733779,99.54
"18960","gloat",22,32733801,99.54
"18961","glutinous",22,32733823,99.54
"18962","gluttonous",22,32733845,99.54
"18963","goldwater",22,32733867,99.54
"18964","grammatically",22,32733889,99.54
"18965","gravestone",22,32733911,99.54
"18966","gregarious",22,32733933,99.54
"18967","hacienda",22,32733955,99.54
"18968","halcyon",22,32733977,99.54
"18969","hamza",22,32733999,99.54
"18970","hedging",22,32734021,99.54
"18971","hedonistic",22,32734043,99.54
"18972","heterogeneous",22,32734065,99.54
"18973","highwayman",22,32734087,99.54
"18974","hiker",22,32734109,99.54
"18975","honeybee",22,32734131,99.54
"18976","hopi",22,32734153,99.54
"18977","horseman",22,32734175,99.54
"18978","hyena",22,32734197,99.54
"18979","hyperactivity",22,32734219,99.54
"18980","ikat",22,32734241,99.54
"18981","imbibe",22,32734263,99.54
"18982","imbue",22,32734285,99.54
"18983","impersonation",22,32734307,99.54
"18984","improvisational",22,32734329,99.54
"18985","inbred",22,32734351,99.54
"18986","inbuilt",22,32734373,99.54
"18987","ineffable",22,32734395,99.54
"18988","inequitable",22,32734417,99.54
"18989","infield",22,32734439,99.54
"18990","infirmary",22,32734461,99.54
"18991","insincere",22,32734483,99.54
"18992","intercultural",22,32734505,99.54
"18993","interrogate",22,32734527,99.54
"18994","intractable",22,32734549,99.54
"18995","intuit",22,32734571,99.54
"18996","irksome",22,32734593,99.54
"18997","irrationally",22,32734615,99.54
"18998","jawed",22,32734637,99.54
"18999","joyously",22,32734659,99.54
"19000","kern",22,32734681,99.54
"19001","khalifa",22,32734703,99.54
"19002","kickoff",22,32734725,99.54
"19003","kiel",22,32734747,99.54
"19004","kilogram",22,32734769,99.54
"19005","lancer",22,32734791,99.54
"19006","landowner",22,32734813,99.54
"19007","languid",22,32734835,99.54
"19008","lassie",22,32734857,99.54
"19009","laughingly",22,32734879,99.54
"19010","laurelwood",22,32734901,99.54
"19011","leighton",22,32734923,99.54
"19012","libertarianism",22,32734945,99.54
"19013","limousine",22,32734967,99.54
"19014","linn",22,32734989,99.54
"19015","listless",22,32735011,99.54
"19016","lithe",22,32735033,99.54
"19017","lordship",22,32735055,99.54
"19018","madhouse",22,32735077,99.54
"19019","maim",22,32735099,99.54
"19020","maliciously",22,32735121,99.54
"19021","manatee",22,32735143,99.54
"19022","mandala",22,32735165,99.54
"19023","masa",22,32735187,99.54
"19024","meanness",22,32735209,99.54
"19025","megaphone",22,32735231,99.54
"19026","meridian",22,32735253,99.54
"19027","microbial",22,32735275,99.54
"19028","millionth",22,32735297,99.54
"19029","mishmash",22,32735319,99.54
"19030","moly",22,32735341,99.54
"19031","monolith",22,32735363,99.54
"19032","mor",22,32735385,99.54
"19033","musicality",22,32735407,99.54
"19034","nape",22,32735429,99.54
"19035","nebula",22,32735451,99.54
"19036","newmarket",22,32735473,99.54
"19037","newsprint",22,32735495,99.54
"19038","niacin",22,32735517,99.54
"19039","obstinate",22,32735539,99.54
"19040","occidental",22,32735561,99.54
"19041","octane",22,32735583,99.54
"19042","offal",22,32735605,99.54
"19043","offshoot",22,32735627,99.54
"19044","omnivore",22,32735649,99.54
"19045","orchestrate",22,32735671,99.54
"19046","osmosis",22,32735693,99.54
"19047","ourself",22,32735715,99.54
"19048","outcrop",22,32735737,99.54
"19049","outfield",22,32735759,99.54
"19050","outflow",22,32735781,99.54
"19051","overcoat",22,32735803,99.54
"19052","overseer",22,32735825,99.54
"19053","padre",22,32735847,99.54
"19054","painkiller",22,32735869,99.54
"19055","palatial",22,32735891,99.54
"19056","parapet",22,32735913,99.54
"19057","paucity",22,32735935,99.54
"19058","penciled",22,32735957,99.54
"19059","perle",22,32735979,99.54
"19060","perpetrate",22,32736001,99.54
"19061","picot",22,32736023,99.54
"19062","poach",22,32736045,99.54
"19063","ponce",22,32736067,99.54
"19064","pounder",22,32736089,99.54
"19065","prance",22,32736111,99.54
"19066","progesterone",22,32736133,99.54
"19067","promiscuity",22,32736155,99.54
"19068","pronouncement",22,32736177,99.54
"19069","pudgy",22,32736199,99.54
"19070","purdy",22,32736221,99.54
"19071","purview",22,32736243,99.54
"19072","putative",22,32736265,99.54
"19073","quagmire",22,32736287,99.54
"19074","quietness",22,32736309,99.54
"19075","quivered",22,32736331,99.54
"19076","raffia",22,32736353,99.54
"19077","ramshackle",22,32736375,99.54
"19078","reappearance",22,32736397,99.54
"19079","receptacle",22,32736419,99.55
"19080","rediscovery",22,32736441,99.55
"19081","rehabilitate",22,32736463,99.55
"19082","relaunch",22,32736485,99.55
"19083","repulsion",22,32736507,99.55
"19084","retardation",22,32736529,99.55
"19085","riddance",22,32736551,99.55
"19086","roanoke",22,32736573,99.55
"19087","rogan",22,32736595,99.55
"19088","rosario",22,32736617,99.55
"19089","rotational",22,32736639,99.55
"19090","roundly",22,32736661,99.55
"19091","sapling",22,32736683,99.55
"19092","sashing",22,32736705,99.55
"19093","scarfed",22,32736727,99.55
"19094","sceptic",22,32736749,99.55
"19095","scion",22,32736771,99.55
"19096","scoreboard",22,32736793,99.55
"19097","sedative",22,32736815,99.55
"19098","seedless",22,32736837,99.55
"19099","shamanic",22,32736859,99.55
"19100","shortstop",22,32736881,99.55
"19101","shrubbery",22,32736903,99.55
"19102","simile",22,32736925,99.55
"19103","sixer",22,32736947,99.55
"19104","skied",22,32736969,99.55
"19105","skirting",22,32736991,99.55
"19106","skylight",22,32737013,99.55
"19107","slag",22,32737035,99.55
"19108","smirking",22,32737057,99.55
"19109","snood",22,32737079,99.55
"19110","sociologist",22,32737101,99.55
"19111","sodding",22,32737123,99.55
"19112","solicited",22,32737145,99.55
"19113","solvent",22,32737167,99.55
"19114","someway",22,32737189,99.55
"19115","spar",22,32737211,99.55
"19116","spiraled",22,32737233,99.55
"19117","spittle",22,32737255,99.55
"19118","statehood",22,32737277,99.55
"19119","stinger",22,32737299,99.55
"19120","stipulate",22,32737321,99.55
"19121","strenuously",22,32737343,99.55
"19122","subcontinent",22,32737365,99.55
"19123","subjugation",22,32737387,99.55
"19124","subsection",22,32737409,99.55
"19125","superstructure",22,32737431,99.55
"19126","surety",22,32737453,99.55
"19127","svelte",22,32737475,99.55
"19128","swaggering",22,32737497,99.55
"19129","swashbuckling",22,32737519,99.55
"19130","swishing",22,32737541,99.55
"19131","syndication",22,32737563,99.55
"19132","tactfully",22,32737585,99.55
"19133","tardiness",22,32737607,99.55
"19134","tastefully",22,32737629,99.55
"19135","tattle",22,32737651,99.55
"19136","tawny",22,32737673,99.55
"19137","taxable",22,32737695,99.55
"19138","terrifically",22,32737717,99.55
"19139","terrine",22,32737739,99.55
"19140","tete",22,32737761,99.55
"19141","thereto",22,32737783,99.55
"19142","tid",22,32737805,99.55
"19143","tincture",22,32737827,99.55
"19144","titania",22,32737849,99.55
"19145","tonite",22,32737871,99.55
"19146","tonk",22,32737893,99.55
"19147","transnational",22,32737915,99.55
"19148","transverse",22,32737937,99.55
"19149","trine",22,32737959,99.55
"19150","trumpeter",22,32737981,99.55
"19151","truncated",22,32738003,99.55
"19152","tungsten",22,32738025,99.55
"19153","tush",22,32738047,99.55
"19154","typology",22,32738069,99.55
"19155","udder",22,32738091,99.55
"19156","unaccountable",22,32738113,99.55
"19157","unashamed",22,32738135,99.55
"19158","unfailingly",22,32738157,99.55
"19159","universalist",22,32738179,99.55
"19160","unmanageable",22,32738201,99.55
"19161","unmentioned",22,32738223,99.55
"19162","unpretentious",22,32738245,99.55
"19163","vang",22,32738267,99.55
"19164","vaulted",22,32738289,99.55
"19165","vaunted",22,32738311,99.55
"19166","vermilion",22,32738333,99.55
"19167","vert",22,32738355,99.55
"19168","vibrato",22,32738377,99.55
"19169","waive",22,32738399,99.55
"19170","watchman",22,32738421,99.55
"19171","whaling",22,32738443,99.55
"19172","windowless",22,32738465,99.55
"19173","wiry",22,32738487,99.55
"19174","workman",22,32738509,99.55
"19175","wot",22,32738531,99.55
"19176","wrung",22,32738553,99.55
"19177","yan",22,32738575,99.55
"19178","ably",21,32738596,99.55
"19179","acquaint",21,32738617,99.55
"19180","acrobatic",21,32738638,99.55
"19181","admonish",21,32738659,99.55
"19182","aeronautics",21,32738680,99.55
"19183","airstrip",21,32738701,99.55
"19184","alexia",21,32738722,99.55
"19185","alf",21,32738743,99.55
"19186","allegro",21,32738764,99.55
"19187","alrighty",21,32738785,99.55
"19188","amputation",21,32738806,99.55
"19189","amulet",21,32738827,99.55
"19190","ani",21,32738848,99.55
"19191","armadillo",21,32738869,99.55
"19192","arses",21,32738890,99.55
"19193","artifice",21,32738911,99.55
"19194","backwoods",21,32738932,99.55
"19195","badlands",21,32738953,99.55
"19196","balboa",21,32738974,99.55
"19197","balder",21,32738995,99.55
"19198","baldy",21,32739016,99.55
"19199","bannister",21,32739037,99.55
"19200","baptismal",21,32739058,99.55
"19201","bareback",21,32739079,99.55
"19202","basilisk",21,32739100,99.55
"19203","bellows",21,32739121,99.55
"19204","biter",21,32739142,99.55
"19205","bombardier",21,32739163,99.55
"19206","bookselling",21,32739184,99.55
"19207","borealis",21,32739205,99.55
"19208","bower",21,32739226,99.55
"19209","bringer",21,32739247,99.55
"19210","broadside",21,32739268,99.55
"19211","brokenhearted",21,32739289,99.55
"19212","bung",21,32739310,99.55
"19213","butchering",21,32739331,99.55
"19214","caliphate",21,32739352,99.55
"19215","candiru",21,32739373,99.55
"19216","capitan",21,32739394,99.55
"19217","capitulation",21,32739415,99.55
"19218","capping",21,32739436,99.55
"19219","cesium",21,32739457,99.55
"19220","channelled",21,32739478,99.55
"19221","chesterfield",21,32739499,99.55
"19222","chimera",21,32739520,99.55
"19223","chinchilla",21,32739541,99.55
"19224","cinque",21,32739562,99.55
"19225","circumspect",21,32739583,99.55
"19226","cleave",21,32739604,99.55
"19227","clemency",21,32739625,99.55
"19228","coerce",21,32739646,99.55
"19229","coldly",21,32739667,99.55
"19230","commissary",21,32739688,99.55
"19231","confound",21,32739709,99.56
"19232","consoling",21,32739730,99.56
"19233","contrite",21,32739751,99.56
"19234","convene",21,32739772,99.56
"19235","converter",21,32739793,99.56
"19236","coolly",21,32739814,99.56
"19237","coppery",21,32739835,99.56
"19238","cornfield",21,32739856,99.56
"19239","corolla",21,32739877,99.56
"19240","crackly",21,32739898,99.56
"19241","credulity",21,32739919,99.56
"19242","crowder",21,32739940,99.56
"19243","cymbal",21,32739961,99.56
"19244","dampness",21,32739982,99.56
"19245","defile",21,32740003,99.56
"19246","deglaze",21,32740024,99.56
"19247","detestable",21,32740045,99.56
"19248","dimple",21,32740066,99.56
"19249","dint",21,32740087,99.56
"19250","disconnection",21,32740108,99.56
"19251","discretely",21,32740129,99.56
"19252","dislocated",21,32740150,99.56
"19253","disloyal",21,32740171,99.56
"19254","doodlebug",21,32740192,99.56
"19255","dreadfully",21,32740213,99.56
"19256","eccentricity",21,32740234,99.56
"19257","embattled",21,32740255,99.56
"19258","emcee",21,32740276,99.56
"19259","emission",21,32740297,99.56
"19260","encode",21,32740318,99.56
"19261","endearment",21,32740339,99.56
"19262","entrust",21,32740360,99.56
"19263","envelop",21,32740381,99.56
"19264","equatorial",21,32740402,99.56
"19265","exasperation",21,32740423,99.56
"19266","excitable",21,32740444,99.56
"19267","extremity",21,32740465,99.56
"19268","exude",21,32740486,99.56
"19269","fabricate",21,32740507,99.56
"19270","fashionably",21,32740528,99.56
"19271","fertilization",21,32740549,99.56
"19272","fleer",21,32740570,99.56
"19273","folksy",21,32740591,99.56
"19274","foregone",21,32740612,99.56
"19275","forgery",21,32740633,99.56
"19276","formalist",21,32740654,99.56
"19277","formless",21,32740675,99.56
"19278","freedman",21,32740696,99.56
"19279","frivolity",21,32740717,99.56
"19280","furor",21,32740738,99.56
"19281","galt",21,32740759,99.56
"19282","gape",21,32740780,99.56
"19283","garret",21,32740801,99.56
"19284","guernsey",21,32740822,99.56
"19285","gynecologist",21,32740843,99.56
"19286","hangman",21,32740864,99.56
"19287","heartbreaker",21,32740885,99.56
"19288","herringbone",21,32740906,99.56
"19289","hesitancy",21,32740927,99.56
"19290","hodgepodge",21,32740948,99.56
"19291","hollandaise",21,32740969,99.56
"19292","hookup",21,32740990,99.56
"19293","housewarming",21,32741011,99.56
"19294","humpty",21,32741032,99.56
"19295","hygienic",21,32741053,99.56
"19296","illegible",21,32741074,99.56
"19297","immemorial",21,32741095,99.56
"19298","immutable",21,32741116,99.56
"19299","implicate",21,32741137,99.56
"19300","importation",21,32741158,99.56
"19301","impulsively",21,32741179,99.56
"19302","incestuous",21,32741200,99.56
"19303","incontrovertible",21,32741221,99.56
"19304","increment",21,32741242,99.56
"19305","inferential",21,32741263,99.56
"19306","infighting",21,32741284,99.56
"19307","informally",21,32741305,99.56
"19308","inhabitant",21,32741326,99.56
"19309","insecticide",21,32741347,99.56
"19310","insomniac",21,32741368,99.56
"19311","intruding",21,32741389,99.56
"19312","ionosphere",21,32741410,99.56
"19313","irrationality",21,32741431,99.56
"19314","irreducible",21,32741452,99.56
"19315","irreducibly",21,32741473,99.56
"19316","jugular",21,32741494,99.56
"19317","kamikaze",21,32741515,99.56
"19318","kappa",21,32741536,99.56
"19319","keyed",21,32741557,99.56
"19320","leakage",21,32741578,99.56
"19321","legalism",21,32741599,99.56
"19322","ligament",21,32741620,99.56
"19323","lingual",21,32741641,99.56
"19324","linguist",21,32741662,99.56
"19325","lish",21,32741683,99.56
"19326","loa",21,32741704,99.56
"19327","lordy",21,32741725,99.56
"19328","loyally",21,32741746,99.56
"19329","lugged",21,32741767,99.56
"19330","magnate",21,32741788,99.56
"19331","maniacally",21,32741809,99.56
"19332","manifestly",21,32741830,99.56
"19333","maximus",21,32741851,99.56
"19334","memorization",21,32741872,99.56
"19335","middleman",21,32741893,99.56
"19336","misappropriation",21,32741914,99.56
"19337","misdirection",21,32741935,99.56
"19338","mismatch",21,32741956,99.56
"19339","misspelling",21,32741977,99.56
"19340","monetize",21,32741998,99.56
"19341","morbidly",21,32742019,99.56
"19342","morgenstern",21,32742040,99.56
"19343","nadir",21,32742061,99.56
"19344","naturopathic",21,32742082,99.56
"19345","neath",21,32742103,99.56
"19346","neurosis",21,32742124,99.56
"19347","nuttiness",21,32742145,99.56
"19348","obfuscation",21,32742166,99.56
"19349","obviousness",21,32742187,99.56
"19350","oceanside",21,32742208,99.56
"19351","offhand",21,32742229,99.56
"19352","officiant",21,32742250,99.56
"19353","omniscience",21,32742271,99.56
"19354","orator",21,32742292,99.56
"19355","oratory",21,32742313,99.56
"19356","orthodontist",21,32742334,99.56
"19357","outdo",21,32742355,99.56
"19358","outed",21,32742376,99.56
"19359","outpatient",21,32742397,99.56
"19360","overlord",21,32742418,99.56
"19361","panelist",21,32742439,99.56
"19362","papered",21,32742460,99.56
"19363","parse",21,32742481,99.56
"19364","partisanship",21,32742502,99.56
"19365","passageway",21,32742523,99.56
"19366","pau",21,32742544,99.56
"19367","pedantic",21,32742565,99.56
"19368","petulant",21,32742586,99.56
"19369","phallic",21,32742607,99.56
"19370","pituitary",21,32742628,99.56
"19371","pollard",21,32742649,99.56
"19372","poltergeist",21,32742670,99.56
"19373","poplar",21,32742691,99.56
"19374","postmaster",21,32742712,99.56
"19375","praiseworthy",21,32742733,99.56
"19376","prayerful",21,32742754,99.56
"19377","preorder",21,32742775,99.56
"19378","provost",21,32742796,99.56
"19379","psychosocial",21,32742817,99.56
"19380","punctuate",21,32742838,99.56
"19381","putrid",21,32742859,99.56
"19382","putter",21,32742880,99.56
"19383","quack",21,32742901,99.56
"19384","quorum",21,32742922,99.56
"19385","ragtime",21,32742943,99.56
"19386","rasa",21,32742964,99.56
"19387","rasp",21,32742985,99.56
"19388","reassuringly",21,32743006,99.57
"19389","recast",21,32743027,99.57
"19390","reeled",21,32743048,99.57
"19391","religiosity",21,32743069,99.57
"19392","renunciation",21,32743090,99.57
"19393","resinous",21,32743111,99.57
"19394","riparian",21,32743132,99.57
"19395","ritually",21,32743153,99.57
"19396","rocher",21,32743174,99.57
"19397","roofing",21,32743195,99.57
"19398","rune",21,32743216,99.57
"19399","runoff",21,32743237,99.57
"19400","sadist",21,32743258,99.57
"19401","sandalwood",21,32743279,99.57
"19402","satiate",21,32743300,99.57
"19403","seasick",21,32743321,99.57
"19404","seersucker",21,32743342,99.57
"19405","shakti",21,32743363,99.57
"19406","sharpener",21,32743384,99.57
"19407","shied",21,32743405,99.57
"19408","shod",21,32743426,99.57
"19409","shortness",21,32743447,99.57
"19410","skier",21,32743468,99.57
"19411","sleight",21,32743489,99.57
"19412","smarmy",21,32743510,99.57
"19413","smock",21,32743531,99.57
"19414","softener",21,32743552,99.57
"19415","spearhead",21,32743573,99.57
"19416","spiegel",21,32743594,99.57
"19417","spineless",21,32743615,99.57
"19418","squeaking",21,32743636,99.57
"19419","staunchly",21,32743657,99.57
"19420","steeple",21,32743678,99.57
"19421","stipend",21,32743699,99.57
"19422","stonewall",21,32743720,99.57
"19423","sublimely",21,32743741,99.57
"19424","sumner",21,32743762,99.57
"19425","supposition",21,32743783,99.57
"19426","swab",21,32743804,99.57
"19427","sympathetically",21,32743825,99.57
"19428","synchronous",21,32743846,99.57
"19429","tacitly",21,32743867,99.57
"19430","tapering",21,32743888,99.57
"19431","tch",21,32743909,99.57
"19432","technicality",21,32743930,99.57
"19433","telephoto",21,32743951,99.57
"19434","tempestuous",21,32743972,99.57
"19435","tetanus",21,32743993,99.57
"19436","theism",21,32744014,99.57
"19437","theocracy",21,32744035,99.57
"19438","theta",21,32744056,99.57
"19439","thumbed",21,32744077,99.57
"19440","timor",21,32744098,99.57
"19441","tizzy",21,32744119,99.57
"19442","toenail",21,32744140,99.57
"19443","tog",21,32744161,99.57
"19444","topaz",21,32744182,99.57
"19445","topsoil",21,32744203,99.57
"19446","towered",21,32744224,99.57
"19447","transporter",21,32744245,99.57
"19448","tremor",21,32744266,99.57
"19449","triceps",21,32744287,99.57
"19450","troubadour",21,32744308,99.57
"19451","trustworthiness",21,32744329,99.57
"19452","tryst",21,32744350,99.57
"19453","tumbleweed",21,32744371,99.57
"19454","tutti",21,32744392,99.57
"19455","unassailable",21,32744413,99.57
"19456","unbound",21,32744434,99.57
"19457","undaunted",21,32744455,99.57
"19458","undid",21,32744476,99.57
"19459","unearned",21,32744497,99.57
"19460","unexplainable",21,32744518,99.57
"19461","unilaterally",21,32744539,99.57
"19462","unimaginative",21,32744560,99.57
"19463","unobstructed",21,32744581,99.57
"19464","unpleasantness",21,32744602,99.57
"19465","unprocessed",21,32744623,99.57
"19466","unquestionable",21,32744644,99.57
"19467","unrefined",21,32744665,99.57
"19468","unroll",21,32744686,99.57
"19469","unsigned",21,32744707,99.57
"19470","uproot",21,32744728,99.57
"19471","uterine",21,32744749,99.57
"19472","vagabond",21,32744770,99.57
"19473","verbose",21,32744791,99.57
"19474","warding",21,32744812,99.57
"19475","waterlogged",21,32744833,99.57
"19476","waugh",21,32744854,99.57
"19477","weatherman",21,32744875,99.57
"19478","wheeze",21,32744896,99.57
"19479","wile",21,32744917,99.57
"19480","wisp",21,32744938,99.57
"19481","witching",21,32744959,99.57
"19482","withstood",21,32744980,99.57
"19483","worrier",21,32745001,99.57
"19484","zephyr",21,32745022,99.57
"19485","absolve",20,32745042,99.57
"19486","accolade",20,32745062,99.57
"19487","acrid",20,32745082,99.57
"19488","adaptability",20,32745102,99.57
"19489","aglow",20,32745122,99.57
"19490","ait",20,32745142,99.57
"19491","alertness",20,32745162,99.57
"19492","alumnus",20,32745182,99.57
"19493","ambrosia",20,32745202,99.57
"19494","angler",20,32745222,99.57
"19495","anthropogenic",20,32745242,99.57
"19496","antipathy",20,32745262,99.57
"19497","asymmetry",20,32745282,99.57
"19498","atheistic",20,32745302,99.57
"19499","badminton",20,32745322,99.57
"19500","barreled",20,32745342,99.57
"19501","beached",20,32745362,99.57
"19502","bodega",20,32745382,99.57
"19503","bogo",20,32745402,99.57
"19504","boll",20,32745422,99.57
"19505","bonk",20,32745442,99.57
"19506","bookkeeping",20,32745462,99.57
"19507","bothersome",20,32745482,99.57
"19508","braiding",20,32745502,99.57
"19509","brainwash",20,32745522,99.57
"19510","brooder",20,32745542,99.57
"19511","broody",20,32745562,99.57
"19512","brownstone",20,32745582,99.57
"19513","brutish",20,32745602,99.57
"19514","buckling",20,32745622,99.57
"19515","bundy",20,32745642,99.57
"19516","burnside",20,32745662,99.57
"19517","cade",20,32745682,99.57
"19518","cakey",20,32745702,99.57
"19519","cannery",20,32745722,99.57
"19520","canny",20,32745742,99.57
"19521","captor",20,32745762,99.57
"19522","catchment",20,32745782,99.57
"19523","categorization",20,32745802,99.57
"19524","cay",20,32745822,99.57
"19525","cellist",20,32745842,99.57
"19526","citron",20,32745862,99.57
"19527","clamor",20,32745882,99.57
"19528","claret",20,32745902,99.57
"19529","clinch",20,32745922,99.57
"19530","coalesce",20,32745942,99.57
"19531","colloquial",20,32745962,99.57
"19532","colonize",20,32745982,99.57
"19533","communicative",20,32746002,99.57
"19534","compasses",20,32746022,99.57
"19535","concisely",20,32746042,99.57
"19536","confiscation",20,32746062,99.57
"19537","congenial",20,32746082,99.57
"19538","consequential",20,32746102,99.57
"19539","consummation",20,32746122,99.57
"19540","contending",20,32746142,99.57
"19541","conversationalist",20,32746162,99.57
"19542","cornea",20,32746182,99.57
"19543","counterbalance",20,32746202,99.57
"19544","cradling",20,32746222,99.57
"19545","crooning",20,32746242,99.57
"19546","crosswalk",20,32746262,99.57
"19547","cunningly",20,32746282,99.58
"19548","dag",20,32746302,99.58
"19549","deadbeat",20,32746322,99.58
"19550","deciduous",20,32746342,99.58
"19551","decried",20,32746362,99.58
"19552","decry",20,32746382,99.58
"19553","defensiveness",20,32746402,99.58
"19554","delinquency",20,32746422,99.58
"19555","demography",20,32746442,99.58
"19556","dengue",20,32746462,99.58
"19557","dictation",20,32746482,99.58
"19558","dictum",20,32746502,99.58
"19559","dingo",20,32746522,99.58
"19560","disbelieve",20,32746542,99.58
"19561","disharmony",20,32746562,99.58
"19562","dislodge",20,32746582,99.58
"19563","divest",20,32746602,99.58
"19564","doughy",20,32746622,99.58
"19565","dreamland",20,32746642,99.58
"19566","eavesdropping",20,32746662,99.58
"19567","emotionless",20,32746682,99.58
"19568","enabler",20,32746702,99.58
"19569","enforcer",20,32746722,99.58
"19570","entitle",20,32746742,99.58
"19571","entrapment",20,32746762,99.58
"19572","enumerate",20,32746782,99.58
"19573","etymological",20,32746802,99.58
"19574","exalt",20,32746822,99.58
"19575","exchequer",20,32746842,99.58
"19576","exterminate",20,32746862,99.58
"19577","feathering",20,32746882,99.58
"19578","fingertip",20,32746902,99.58
"19579","flighty",20,32746922,99.58
"19580","fluidly",20,32746942,99.58
"19581","folky",20,32746962,99.58
"19582","fresno",20,32746982,99.58
"19583","friar",20,32747002,99.58
"19584","fronting",20,32747022,99.58
"19585","fume",20,32747042,99.58
"19586","gaffe",20,32747062,99.58
"19587","gif",20,32747082,99.58
"19588","glossing",20,32747102,99.58
"19589","gnarly",20,32747122,99.58
"19590","godlike",20,32747142,99.58
"19591","granddaddy",20,32747162,99.58
"19592","grandly",20,32747182,99.58
"19593","grayish",20,32747202,99.58
"19594","greaseproof",20,32747222,99.58
"19595","grope",20,32747242,99.58
"19596","gusty",20,32747262,99.58
"19597","haggle",20,32747282,99.58
"19598","hallow",20,32747302,99.58
"19599","hallucinatory",20,32747322,99.58
"19600","harpoon",20,32747342,99.58
"19601","hearsay",20,32747362,99.58
"19602","hideously",20,32747382,99.58
"19603","hireling",20,32747402,99.58
"19604","hosiery",20,32747422,99.58
"19605","hounding",20,32747442,99.58
"19606","houseboat",20,32747462,99.58
"19607","hypotheses",20,32747482,99.58
"19608","identically",20,32747502,99.58
"19609","illiberal",20,32747522,99.58
"19610","impurity",20,32747542,99.58
"19611","inclusiveness",20,32747562,99.58
"19612","indentation",20,32747582,99.58
"19613","inedible",20,32747602,99.58
"19614","inflection",20,32747622,99.58
"19615","instigator",20,32747642,99.58
"19616","internationalist",20,32747662,99.58
"19617","irreconcilable",20,32747682,99.58
"19618","irrevocable",20,32747702,99.58
"19619","itinerant",20,32747722,99.58
"19620","jiggle",20,32747742,99.58
"19621","jogger",20,32747762,99.58
"19622","juke",20,32747782,99.58
"19623","kraken",20,32747802,99.58
"19624","laird",20,32747822,99.58
"19625","laity",20,32747842,99.58
"19626","landline",20,32747862,99.58
"19627","laney",20,32747882,99.58
"19628","lasso",20,32747902,99.58
"19629","lavatory",20,32747922,99.58
"19630","laxness",20,32747942,99.58
"19631","leed",20,32747962,99.58
"19632","lina",20,32747982,99.58
"19633","lyricism",20,32748002,99.58
"19634","macaroon",20,32748022,99.58
"19635","minster",20,32748042,99.58
"19636","misplace",20,32748062,99.58
"19637","missive",20,32748082,99.58
"19638","mongoose",20,32748102,99.58
"19639","monogamy",20,32748122,99.58
"19640","morose",20,32748142,99.58
"19641","mort",20,32748162,99.58
"19642","motherland",20,32748182,99.58
"19643","mudd",20,32748202,99.58
"19644","multidimensional",20,32748222,99.58
"19645","mung",20,32748242,99.58
"19646","naik",20,32748262,99.58
"19647","nautilus",20,32748282,99.58
"19648","nectarine",20,32748302,99.58
"19649","neolithic",20,32748322,99.58
"19650","neuter",20,32748342,99.58
"19651","nix",20,32748362,99.58
"19652","obstruct",20,32748382,99.58
"19653","offensively",20,32748402,99.58
"19654","omer",20,32748422,99.58
"19655","ope",20,32748442,99.58
"19656","oppositional",20,32748462,99.58
"19657","outlying",20,32748482,99.58
"19658","outwit",20,32748502,99.58
"19659","parameter",20,32748522,99.58
"19660","pasha",20,32748542,99.58
"19661","patchouli",20,32748562,99.58
"19662","peacetime",20,32748582,99.58
"19663","pergola",20,32748602,99.58
"19664","phosphorus",20,32748622,99.58
"19665","pillage",20,32748642,99.58
"19666","piloting",20,32748662,99.58
"19667","pincushion",20,32748682,99.58
"19668","platelet",20,32748702,99.58
"19669","plundering",20,32748722,99.58
"19670","pocketbook",20,32748742,99.58
"19671","pokey",20,32748762,99.58
"19672","poser",20,32748782,99.58
"19673","pothole",20,32748802,99.58
"19674","pouncing",20,32748822,99.58
"19675","prejudicial",20,32748842,99.58
"19676","pretension",20,32748862,99.58
"19677","procreate",20,32748882,99.58
"19678","proliferate",20,32748902,99.58
"19679","proportionately",20,32748922,99.58
"19680","pucker",20,32748942,99.58
"19681","pusher",20,32748962,99.58
"19682","pyrex",20,32748982,99.58
"19683","quintessentially",20,32749002,99.58
"19684","quitter",20,32749022,99.58
"19685","quotable",20,32749042,99.58
"19686","ramrod",20,32749062,99.58
"19687","rapacious",20,32749082,99.58
"19688","receivership",20,32749102,99.58
"19689","referential",20,32749122,99.58
"19690","refuel",20,32749142,99.58
"19691","regale",20,32749162,99.58
"19692","regalia",20,32749182,99.58
"19693","relearn",20,32749202,99.58
"19694","replaceable",20,32749222,99.58
"19695","rerun",20,32749242,99.58
"19696","restock",20,32749262,99.58
"19697","retractable",20,32749282,99.58
"19698","rigidity",20,32749302,99.58
"19699","rishi",20,32749322,99.58
"19700","ritualistic",20,32749342,99.58
"19701","rowboat",20,32749362,99.58
"19702","saa",20,32749382,99.58
"19703","sachet",20,32749402,99.58
"19704","saddling",20,32749422,99.58
"19705","sahib",20,32749442,99.58
"19706","salivate",20,32749462,99.58
"19707","salvo",20,32749482,99.58
"19708","sambar",20,32749502,99.58
"19709","scab",20,32749522,99.58
"19710","scads",20,32749542,99.58
"19711","scavenge",20,32749562,99.58
"19712","schoolteacher",20,32749582,99.59
"19713","scrupulous",20,32749602,99.59
"19714","scuffed",20,32749622,99.59
"19715","selah",20,32749642,99.59
"19716","sequestered",20,32749662,99.59
"19717","servile",20,32749682,99.59
"19718","severance",20,32749702,99.59
"19719","shrift",20,32749722,99.59
"19720","shush",20,32749742,99.59
"19721","sideboard",20,32749762,99.59
"19722","sitar",20,32749782,99.59
"19723","skirted",20,32749802,99.59
"19724","slicker",20,32749822,99.59
"19725","sloped",20,32749842,99.59
"19726","slurp",20,32749862,99.59
"19727","sniffle",20,32749882,99.59
"19728","songbook",20,32749902,99.59
"19729","spaniel",20,32749922,99.59
"19730","spasm",20,32749942,99.59
"19731","spearmint",20,32749962,99.59
"19732","spitfire",20,32749982,99.59
"19733","spooning",20,32750002,99.59
"19734","spotter",20,32750022,99.59
"19735","sprain",20,32750042,99.59
"19736","sprightly",20,32750062,99.59
"19737","sputtering",20,32750082,99.59
"19738","squelch",20,32750102,99.59
"19739","staggeringly",20,32750122,99.59
"19740","stakeholder",20,32750142,99.59
"19741","stateless",20,32750162,99.59
"19742","stickler",20,32750182,99.59
"19743","storehouse",20,32750202,99.59
"19744","strove",20,32750222,99.59
"19745","sturgeon",20,32750242,99.59
"19746","suckling",20,32750262,99.59
"19747","suffused",20,32750282,99.59
"19748","sulk",20,32750302,99.59
"19749","sumatra",20,32750322,99.59
"19750","sunburned",20,32750342,99.59
"19751","sunburnt",20,32750362,99.59
"19752","surmised",20,32750382,99.59
"19753","surrealistic",20,32750402,99.59
"19754","swain",20,32750422,99.59
"19755","swooned",20,32750442,99.59
"19756","takin",20,32750462,99.59
"19757","taro",20,32750482,99.59
"19758","tash",20,32750502,99.59
"19759","tassel",20,32750522,99.59
"19760","tekken",20,32750542,99.59
"19761","tenner",20,32750562,99.59
"19762","therefor",20,32750582,99.59
"19763","tivoli",20,32750602,99.59
"19764","tomahawk",20,32750622,99.59
"19765","toon",20,32750642,99.59
"19766","toothy",20,32750662,99.59
"19767","toto",20,32750682,99.59
"19768","trample",20,32750702,99.59
"19769","travail",20,32750722,99.59
"19770","tweeter",20,32750742,99.59
"19771","typhoid",20,32750762,99.59
"19772","umpteen",20,32750782,99.59
"19773","uncluttered",20,32750802,99.59
"19774","unconnected",20,32750822,99.59
"19775","unlawfully",20,32750842,99.59
"19776","unpunished",20,32750862,99.59
"19777","unreached",20,32750882,99.59
"19778","unreported",20,32750902,99.59
"19779","unrighteousness",20,32750922,99.59
"19780","unwisely",20,32750942,99.59
"19781","urologist",20,32750962,99.59
"19782","vascular",20,32750982,99.59
"19783","virginal",20,32751002,99.59
"19784","viscount",20,32751022,99.59
"19785","wack",20,32751042,99.59
"19786","waterman",20,32751062,99.59
"19787","whereof",20,32751082,99.59
"19788","whiner",20,32751102,99.59
"19789","whirled",20,32751122,99.59
"19790","wildness",20,32751142,99.59
"19791","winsome",20,32751162,99.59
"19792","woozy",20,32751182,99.59
"19793","wrenched",20,32751202,99.59
"19794","wrest",20,32751222,99.59
"19795","yapping",20,32751242,99.59
"19796","abed",19,32751261,99.59
"19797","abnormality",19,32751280,99.59
"19798","admixture",19,32751299,99.59
"19799","agitate",19,32751318,99.59
"19800","agora",19,32751337,99.59
"19801","agua",19,32751356,99.59
"19802","alfresco",19,32751375,99.59
"19803","aly",19,32751394,99.59
"19804","ama",19,32751413,99.59
"19805","ambit",19,32751432,99.59
"19806","amygdala",19,32751451,99.59
"19807","ananda",19,32751470,99.59
"19808","angling",19,32751489,99.59
"19809","anil",19,32751508,99.59
"19810","antecedent",19,32751527,99.59
"19811","apostate",19,32751546,99.59
"19812","appeasement",19,32751565,99.59
"19813","appeasing",19,32751584,99.59
"19814","appointee",19,32751603,99.59
"19815","assiduously",19,32751622,99.59
"19816","attired",19,32751641,99.59
"19817","audibly",19,32751660,99.59
"19818","avidly",19,32751679,99.59
"19819","baboon",19,32751698,99.59
"19820","backwater",19,32751717,99.59
"19821","bal",19,32751736,99.59
"19822","banyan",19,32751755,99.59
"19823","barbican",19,32751774,99.59
"19824","barium",19,32751793,99.59
"19825","bas",19,32751812,99.59
"19826","batik",19,32751831,99.59
"19827","bloat",19,32751850,99.59
"19828","bludgeon",19,32751869,99.59
"19829","bobble",19,32751888,99.59
"19830","bombard",19,32751907,99.59
"19831","bottleneck",19,32751926,99.59
"19832","bracken",19,32751945,99.59
"19833","brawn",19,32751964,99.59
"19834","breeches",19,32751983,99.59
"19835","brewster",19,32752002,99.59
"19836","bruin",19,32752021,99.59
"19837","buffoon",19,32752040,99.59
"19838","candlewick",19,32752059,99.59
"19839","canner",19,32752078,99.59
"19840","cantina",19,32752097,99.59
"19841","carelessness",19,32752116,99.59
"19842","cassis",19,32752135,99.59
"19843","catechist",19,32752154,99.59
"19844","cavalcade",19,32752173,99.59
"19845","ceaseless",19,32752192,99.59
"19846","ceaselessly",19,32752211,99.59
"19847","celibate",19,32752230,99.59
"19848","centrality",19,32752249,99.59
"19849","chatterbox",19,32752268,99.59
"19850","cheep",19,32752287,99.59
"19851","cherubim",19,32752306,99.59
"19852","chicory",19,32752325,99.59
"19853","cipher",19,32752344,99.59
"19854","circuitous",19,32752363,99.59
"19855","cladding",19,32752382,99.59
"19856","cloistered",19,32752401,99.59
"19857","comeuppance",19,32752420,99.59
"19858","conflate",19,32752439,99.59
"19859","conformist",19,32752458,99.59
"19860","conscientiously",19,32752477,99.59
"19861","conservatorium",19,32752496,99.59
"19862","conspirator",19,32752515,99.59
"19863","contaminate",19,32752534,99.59
"19864","contributory",19,32752553,99.59
"19865","convection",19,32752572,99.59
"19866","convocation",19,32752591,99.59
"19867","corked",19,32752610,99.59
"19868","corky",19,32752629,99.59
"19869","corrie",19,32752648,99.59
"19870","cottonwood",19,32752667,99.59
"19871","covenantal",19,32752686,99.59
"19872","craftwork",19,32752705,99.59
"19873","creaky",19,32752724,99.59
"19874","cricketer",19,32752743,99.59
"19875","damme",19,32752762,99.59
"19876","debunk",19,32752781,99.59
"19877","decking",19,32752800,99.59
"19878","deflected",19,32752819,99.59
"19879","dene",19,32752838,99.59
"19880","despotic",19,32752857,99.6
"19881","devaluation",19,32752876,99.6
"19882","dilation",19,32752895,99.6
"19883","dingle",19,32752914,99.6
"19884","directness",19,32752933,99.6
"19885","dishcloth",19,32752952,99.6
"19886","disinfection",19,32752971,99.6
"19887","disparage",19,32752990,99.6
"19888","diuretic",19,32753009,99.6
"19889","div",19,32753028,99.6
"19890","dote",19,32753047,99.6
"19891","dowager",19,32753066,99.6
"19892","drenching",19,32753085,99.6
"19893","duckling",19,32753104,99.6
"19894","dumbledore",19,32753123,99.6
"19895","earthen",19,32753142,99.6
"19896","eggless",19,32753161,99.6
"19897","eke",19,32753180,99.6
"19898","electroshock",19,32753199,99.6
"19899","els",19,32753218,99.6
"19900","eminence",19,32753237,99.6
"19901","encyclopedic",19,32753256,99.6
"19902","engrained",19,32753275,99.6
"19903","engulf",19,32753294,99.6
"19904","enquirer",19,32753313,99.6
"19905","entanglement",19,32753332,99.6
"19906","entrails",19,32753351,99.6
"19907","environmentalism",19,32753370,99.6
"19908","epidermis",19,32753389,99.6
"19909","esquire",19,32753408,99.6
"19910","examinership",19,32753427,99.6
"19911","expediency",19,32753446,99.6
"19912","expletive",19,32753465,99.6
"19913","extort",19,32753484,99.6
"19914","feck",19,32753503,99.6
"19915","feckless",19,32753522,99.6
"19916","filibuster",19,32753541,99.6
"19917","fiscally",19,32753560,99.6
"19918","fitful",19,32753579,99.6
"19919","flotsam",19,32753598,99.6
"19920","foolproof",19,32753617,99.6
"19921","fra",19,32753636,99.6
"19922","frisk",19,32753655,99.6
"19923","frontage",19,32753674,99.6
"19924","gan",19,32753693,99.6
"19925","garvey",19,32753712,99.6
"19926","gatehouse",19,32753731,99.6
"19927","gawk",19,32753750,99.6
"19928","germination",19,32753769,99.6
"19929","gethsemane",19,32753788,99.6
"19930","gloating",19,32753807,99.6
"19931","gnu",19,32753826,99.6
"19932","goldeneye",19,32753845,99.6
"19933","gon",19,32753864,99.6
"19934","gorgeousness",19,32753883,99.6
"19935","gratuity",19,32753902,99.6
"19936","guffaw",19,32753921,99.6
"19937","hakim",19,32753940,99.6
"19938","harmoniously",19,32753959,99.6
"19939","headlight",19,32753978,99.6
"19940","herbicide",19,32753997,99.6
"19941","honeyed",19,32754016,99.6
"19942","horrendously",19,32754035,99.6
"19943","hough",19,32754054,99.6
"19944","houseful",19,32754073,99.6
"19945","hubbub",19,32754092,99.6
"19946","humorously",19,32754111,99.6
"19947","hurdler",19,32754130,99.6
"19948","idleness",19,32754149,99.6
"19949","immovable",19,32754168,99.6
"19950","implacable",19,32754187,99.6
"19951","impolite",19,32754206,99.6
"19952","incubation",19,32754225,99.6
"19953","indexing",19,32754244,99.6
"19954","inflow",19,32754263,99.6
"19955","inoffensive",19,32754282,99.6
"19956","inopportune",19,32754301,99.6
"19957","intentionality",19,32754320,99.6
"19958","interdependence",19,32754339,99.6
"19959","irregularity",19,32754358,99.6
"19960","irresistibly",19,32754377,99.6
"19961","jangle",19,32754396,99.6
"19962","jojoba",19,32754415,99.6
"19963","juba",19,32754434,99.6
"19964","kefir",19,32754453,99.6
"19965","knotweed",19,32754472,99.6
"19966","lackadaisical",19,32754491,99.6
"19967","lacto",19,32754510,99.6
"19968","lasher",19,32754529,99.6
"19969","lawmaker",19,32754548,99.6
"19970","levee",19,32754567,99.6
"19971","levity",19,32754586,99.6
"19972","lien",19,32754605,99.6
"19973","loader",19,32754624,99.6
"19974","magneto",19,32754643,99.6
"19975","mako",19,32754662,99.6
"19976","mallard",19,32754681,99.6
"19977","matriarch",19,32754700,99.6
"19978","mechanistic",19,32754719,99.6
"19979","mellon",19,32754738,99.6
"19980","meningitis",19,32754757,99.6
"19981","merited",19,32754776,99.6
"19982","mezzanine",19,32754795,99.6
"19983","misbehave",19,32754814,99.6
"19984","misbehavior",19,32754833,99.6
"19985","misinterpretation",19,32754852,99.6
"19986","missional",19,32754871,99.6
"19987","mitochondria",19,32754890,99.6
"19988","mobster",19,32754909,99.6
"19989","mortally",19,32754928,99.6
"19990","mucky",19,32754947,99.6
"19991","myopic",19,32754966,99.6
"19992","natty",19,32754985,99.6
"19993","nearness",19,32755004,99.6
"19994","neuroses",19,32755023,99.6
"19995","neurosurgeon",19,32755042,99.6
"19996","nevermore",19,32755061,99.6
"19997","nubile",19,32755080,99.6
"19998","numero",19,32755099,99.6
"19999","nutter",19,32755118,99.6
"20000","obnoxiously",19,32755137,99.6
"20001","offing",19,32755156,99.6
"20002","orang",19,32755175,99.6
"20003","ordnance",19,32755194,99.6
"20004","ornamentation",19,32755213,99.6
"20005","overzealous",19,32755232,99.6
"20006","pancreatic",19,32755251,99.6
"20007","paraffin",19,32755270,99.6
"20008","parson",19,32755289,99.6
"20009","ped",19,32755308,99.6
"20010","persimmon",19,32755327,99.6
"20011","petted",19,32755346,99.6
"20012","phosphate",19,32755365,99.6
"20013","pitifully",19,32755384,99.6
"20014","placard",19,32755403,99.6
"20015","pleasingly",19,32755422,99.6
"20016","pointlessly",19,32755441,99.6
"20017","polarization",19,32755460,99.6
"20018","polystyrene",19,32755479,99.6
"20019","postulate",19,32755498,99.6
"20020","praline",19,32755517,99.6
"20021","predisposition",19,32755536,99.6
"20022","preset",19,32755555,99.6
"20023","publishable",19,32755574,99.6
"20024","puppeteer",19,32755593,99.6
"20025","puzzlement",19,32755612,99.6
"20026","quadrangle",19,32755631,99.6
"20027","quark",19,32755650,99.6
"20028","raff",19,32755669,99.6
"20029","ravel",19,32755688,99.6
"20030","raya",19,32755707,99.6
"20031","reclamation",19,32755726,99.6
"20032","recuperate",19,32755745,99.6
"20033","reddy",19,32755764,99.6
"20034","reframe",19,32755783,99.6
"20035","reparation",19,32755802,99.6
"20036","repertory",19,32755821,99.6
"20037","reticent",19,32755840,99.6
"20038","rhododendron",19,32755859,99.6
"20039","richt",19,32755878,99.6
"20040","righteously",19,32755897,99.6
"20041","ringed",19,32755916,99.6
"20042","risque",19,32755935,99.6
"20043","riverbank",19,32755954,99.6
"20044","rowed",19,32755973,99.6
"20045","runt",19,32755992,99.6
"20046","rutabaga",19,32756011,99.6
"20047","sackcloth",19,32756030,99.6
"20048","sacrilegious",19,32756049,99.6
"20049","saddening",19,32756068,99.6
"20050","salutary",19,32756087,99.6
"20051","samadhi",19,32756106,99.6
"20052","sassafras",19,32756125,99.6
"20053","scaffold",19,32756144,99.61
"20054","schilling",19,32756163,99.61
"20055","scraggly",19,32756182,99.61
"20056","scrunch",19,32756201,99.61
"20057","scrutinize",19,32756220,99.61
"20058","seashore",19,32756239,99.61
"20059","sedition",19,32756258,99.61
"20060","seductively",19,32756277,99.61
"20061","sensationalist",19,32756296,99.61
"20062","separateness",19,32756315,99.61
"20063","shebang",19,32756334,99.61
"20064","sinuous",19,32756353,99.61
"20065","siphon",19,32756372,99.61
"20066","sixpence",19,32756391,99.61
"20067","slaughterhouse",19,32756410,99.61
"20068","slob",19,32756429,99.61
"20069","slugging",19,32756448,99.61
"20070","smite",19,32756467,99.61
"20071","smorgasbord",19,32756486,99.61
"20072","snobbish",19,32756505,99.61
"20073","soldering",19,32756524,99.61
"20074","solicitation",19,32756543,99.61
"20075","solidity",19,32756562,99.61
"20076","sook",19,32756581,99.61
"20077","southerner",19,32756600,99.61
"20078","spalding",19,32756619,99.61
"20079","spastic",19,32756638,99.61
"20080","spindly",19,32756657,99.61
"20081","spud",19,32756676,99.61
"20082","stagecoach",19,32756695,99.61
"20083","stammering",19,32756714,99.61
"20084","starling",19,32756733,99.61
"20085","statesmanship",19,32756752,99.61
"20086","stiller",19,32756771,99.61
"20087","stork",19,32756790,99.61
"20088","streaky",19,32756809,99.61
"20089","streetcar",19,32756828,99.61
"20090","stylishly",19,32756847,99.61
"20091","subsist",19,32756866,99.61
"20092","superimposed",19,32756885,99.61
"20093","sweetish",19,32756904,99.61
"20094","synchronization",19,32756923,99.61
"20095","tabled",19,32756942,99.61
"20096","takedown",19,32756961,99.61
"20097","tamer",19,32756980,99.61
"20098","taproom",19,32756999,99.61
"20099","tarn",19,32757018,99.61
"20100","tarred",19,32757037,99.61
"20101","tars",19,32757056,99.61
"20102","tattooing",19,32757075,99.61
"20103","teak",19,32757094,99.61
"20104","tearfully",19,32757113,99.61
"20105","teatime",19,32757132,99.61
"20106","telltale",19,32757151,99.61
"20107","testa",19,32757170,99.61
"20108","testable",19,32757189,99.61
"20109","therese",19,32757208,99.61
"20110","thoroughness",19,32757227,99.61
"20111","thrush",19,32757246,99.61
"20112","ticketing",19,32757265,99.61
"20113","tingly",19,32757284,99.61
"20114","tippy",19,32757303,99.61
"20115","tiptoe",19,32757322,99.61
"20116","toothache",19,32757341,99.61
"20117","torta",19,32757360,99.61
"20118","toughen",19,32757379,99.61
"20119","trapeze",19,32757398,99.61
"20120","triton",19,32757417,99.61
"20121","tryout",19,32757436,99.61
"20122","tum",19,32757455,99.61
"20123","twiggy",19,32757474,99.61
"20124","typhoon",19,32757493,99.61
"20125","unaccompanied",19,32757512,99.61
"20126","unacknowledged",19,32757531,99.61
"20127","unaffordable",19,32757550,99.61
"20128","undetectable",19,32757569,99.61
"20129","undoubted",19,32757588,99.61
"20130","unexciting",19,32757607,99.61
"20131","unidentifiable",19,32757626,99.61
"20132","uninhabited",19,32757645,99.61
"20133","unmet",19,32757664,99.61
"20134","unreachable",19,32757683,99.61
"20135","unsinkable",19,32757702,99.61
"20136","unstuck",19,32757721,99.61
"20137","unwillingly",19,32757740,99.61
"20138","usurp",19,32757759,99.61
"20139","vainly",19,32757778,99.61
"20140","varicella",19,32757797,99.61
"20141","vassal",19,32757816,99.61
"20142","votive",19,32757835,99.61
"20143","washroom",19,32757854,99.61
"20144","whacking",19,32757873,99.61
"20145","wooing",19,32757892,99.61
"20146","zain",19,32757911,99.61
"20147","zealot",19,32757930,99.61
"20148","zeta",19,32757949,99.61
"20149","zorro",19,32757968,99.61
"20150","abjection",18,32757986,99.61
"20151","abscess",18,32758004,99.61
"20152","accrue",18,32758022,99.61
"20153","affix",18,32758040,99.61
"20154","affronted",18,32758058,99.61
"20155","aflame",18,32758076,99.61
"20156","agonize",18,32758094,99.61
"20157","alleluia",18,32758112,99.61
"20158","alternation",18,32758130,99.61
"20159","alway",18,32758148,99.61
"20160","amar",18,32758166,99.61
"20161","amicably",18,32758184,99.61
"20162","anamnesis",18,32758202,99.61
"20163","anchovy",18,32758220,99.61
"20164","ankh",18,32758238,99.61
"20165","apologia",18,32758256,99.61
"20166","aquifer",18,32758274,99.61
"20167","architecturally",18,32758292,99.61
"20168","argumentative",18,32758310,99.61
"20169","artiste",18,32758328,99.61
"20170","assertiveness",18,32758346,99.61
"20171","attentiveness",18,32758364,99.61
"20172","augmentation",18,32758382,99.61
"20173","autocratic",18,32758400,99.61
"20174","autopilot",18,32758418,99.61
"20175","balaclava",18,32758436,99.61
"20176","bap",18,32758454,99.61
"20177","bauble",18,32758472,99.61
"20178","beaux",18,32758490,99.61
"20179","bedridden",18,32758508,99.61
"20180","bedspread",18,32758526,99.61
"20181","bertram",18,32758544,99.61
"20182","blinks",18,32758562,99.61
"20183","bloodless",18,32758580,99.61
"20184","bloomers",18,32758598,99.61
"20185","bluebell",18,32758616,99.61
"20186","bluster",18,32758634,99.61
"20187","boggy",18,32758652,99.61
"20188","borax",18,32758670,99.61
"20189","boro",18,32758688,99.61
"20190","botanist",18,32758706,99.61
"20191","broach",18,32758724,99.61
"20192","bronzed",18,32758742,99.61
"20193","buckeye",18,32758760,99.61
"20194","busby",18,32758778,99.61
"20195","buttonhole",18,32758796,99.61
"20196","cackle",18,32758814,99.61
"20197","camus",18,32758832,99.61
"20198","cannibalistic",18,32758850,99.61
"20199","carat",18,32758868,99.61
"20200","carded",18,32758886,99.61
"20201","catamaran",18,32758904,99.61
"20202","catatonic",18,32758922,99.61
"20203","cerulean",18,32758940,99.61
"20204","chaka",18,32758958,99.61
"20205","chitty",18,32758976,99.61
"20206","chlorophyll",18,32758994,99.61
"20207","choosy",18,32759012,99.61
"20208","clack",18,32759030,99.61
"20209","clank",18,32759048,99.61
"20210","clumsiness",18,32759066,99.61
"20211","coasting",18,32759084,99.61
"20212","colitis",18,32759102,99.61
"20213","commendation",18,32759120,99.61
"20214","concealment",18,32759138,99.61
"20215","concourse",18,32759156,99.61
"20216","confining",18,32759174,99.61
"20217","conflagration",18,32759192,99.61
"20218","constancy",18,32759210,99.61
"20219","constricted",18,32759228,99.61
"20220","constructively",18,32759246,99.61
"20221","contemptible",18,32759264,99.61
"20222","copier",18,32759282,99.61
"20223","cordoba",18,32759300,99.61
"20224","coronal",18,32759318,99.61
"20225","corporeal",18,32759336,99.61
"20226","cotter",18,32759354,99.61
"20227","crayfish",18,32759372,99.61
"20228","creamery",18,32759390,99.61
"20229","crisply",18,32759408,99.61
"20230","cylindrical",18,32759426,99.61
"20231","dade",18,32759444,99.62
"20232","deadwood",18,32759462,99.62
"20233","debater",18,32759480,99.62
"20234","defensible",18,32759498,99.62
"20235","delft",18,32759516,99.62
"20236","deluding",18,32759534,99.62
"20237","depressant",18,32759552,99.62
"20238","descendent",18,32759570,99.62
"20239","deterministic",18,32759588,99.62
"20240","dewan",18,32759606,99.62
"20241","dialectic",18,32759624,99.62
"20242","dialectical",18,32759642,99.62
"20243","dilettante",18,32759660,99.62
"20244","diocesan",18,32759678,99.62
"20245","discontinue",18,32759696,99.62
"20246","dismembered",18,32759714,99.62
"20247","dispossession",18,32759732,99.62
"20248","distinctiveness",18,32759750,99.62
"20249","drago",18,32759768,99.62
"20250","droll",18,32759786,99.62
"20251","drudge",18,32759804,99.62
"20252","earner",18,32759822,99.62
"20253","effigy",18,32759840,99.62
"20254","electrically",18,32759858,99.62
"20255","elysia",18,32759876,99.62
"20256","emote",18,32759894,99.62
"20257","emulation",18,32759912,99.62
"20258","endeared",18,32759930,99.62
"20259","entrancing",18,32759948,99.62
"20260","epically",18,32759966,99.62
"20261","epileptic",18,32759984,99.62
"20262","escapist",18,32760002,99.62
"20263","essayist",18,32760020,99.62
"20264","evens",18,32760038,99.62
"20265","exegesis",18,32760056,99.62
"20266","existentialist",18,32760074,99.62
"20267","expiry",18,32760092,99.62
"20268","expressionist",18,32760110,99.62
"20269","farrow",18,32760128,99.62
"20270","fatherly",18,32760146,99.62
"20271","fearlessly",18,32760164,99.62
"20272","fibrous",18,32760182,99.62
"20273","fifteenth",18,32760200,99.62
"20274","fiftieth",18,32760218,99.62
"20275","figurine",18,32760236,99.62
"20276","financier",18,32760254,99.62
"20277","fingerless",18,32760272,99.62
"20278","firelight",18,32760290,99.62
"20279","fishtail",18,32760308,99.62
"20280","fixable",18,32760326,99.62
"20281","flagellum",18,32760344,99.62
"20282","flail",18,32760362,99.62
"20283","fluted",18,32760380,99.62
"20284","fogged",18,32760398,99.62
"20285","footfall",18,32760416,99.62
"20286","forerunner",18,32760434,99.62
"20287","freckled",18,32760452,99.62
"20288","freighter",18,32760470,99.62
"20289","frightful",18,32760488,99.62
"20290","frugality",18,32760506,99.62
"20291","frumpy",18,32760524,99.62
"20292","futurist",18,32760542,99.62
"20293","gargoyle",18,32760560,99.62
"20294","gassy",18,32760578,99.62
"20295","gelatinous",18,32760596,99.62
"20296","geneticist",18,32760614,99.62
"20297","gnosis",18,32760632,99.62
"20298","golem",18,32760650,99.62
"20299","granular",18,32760668,99.62
"20300","gratefulness",18,32760686,99.62
"20301","grayling",18,32760704,99.62
"20302","grift",18,32760722,99.62
"20303","griping",18,32760740,99.62
"20304","grizzled",18,32760758,99.62
"20305","grump",18,32760776,99.62
"20306","gunning",18,32760794,99.62
"20307","gymnasium",18,32760812,99.62
"20308","harmonization",18,32760830,99.62
"20309","hawthorn",18,32760848,99.62
"20310","hideaway",18,32760866,99.62
"20311","hiro",18,32760884,99.62
"20312","hod",18,32760902,99.62
"20313","husbandry",18,32760920,99.62
"20314","hymnal",18,32760938,99.62
"20315","hypothermia",18,32760956,99.62
"20316","identifier",18,32760974,99.62
"20317","imago",18,32760992,99.62
"20318","impair",18,32761010,99.62
"20319","impish",18,32761028,99.62
"20320","imposter",18,32761046,99.62
"20321","indignity",18,32761064,99.62
"20322","inexhaustible",18,32761082,99.62
"20323","inflame",18,32761100,99.62
"20324","intercede",18,32761118,99.62
"20325","interception",18,32761136,99.62
"20326","interlocutor",18,32761154,99.62
"20327","internationalism",18,32761172,99.62
"20328","intertwine",18,32761190,99.62
"20329","intricacy",18,32761208,99.62
"20330","irreparably",18,32761226,99.62
"20331","jambalaya",18,32761244,99.62
"20332","jammy",18,32761262,99.62
"20333","jettison",18,32761280,99.62
"20334","jibe",18,32761298,99.62
"20335","jiggly",18,32761316,99.62
"20336","jubilation",18,32761334,99.62
"20337","keener",18,32761352,99.62
"20338","khar",18,32761370,99.62
"20339","labia",18,32761388,99.62
"20340","lamentable",18,32761406,99.62
"20341","larceny",18,32761424,99.62
"20342","latency",18,32761442,99.62
"20343","leant",18,32761460,99.62
"20344","legalistic",18,32761478,99.62
"20345","lettered",18,32761496,99.62
"20346","levitation",18,32761514,99.62
"20347","lich",18,32761532,99.62
"20348","lifter",18,32761550,99.62
"20349","longitude",18,32761568,99.62
"20350","lora",18,32761586,99.62
"20351","loy",18,32761604,99.62
"20352","ludicrously",18,32761622,99.62
"20353","lumping",18,32761640,99.62
"20354","lupe",18,32761658,99.62
"20355","lyra",18,32761676,99.62
"20356","lys",18,32761694,99.62
"20357","mangrove",18,32761712,99.62
"20358","masha",18,32761730,99.62
"20359","materially",18,32761748,99.62
"20360","matriarchal",18,32761766,99.62
"20361","matrimony",18,32761784,99.62
"20362","mediate",18,32761802,99.62
"20363","metaphoric",18,32761820,99.62
"20364","militancy",18,32761838,99.62
"20365","moribund",18,32761856,99.62
"20366","multimillion",18,32761874,99.62
"20367","myron",18,32761892,99.62
"20368","navigational",18,32761910,99.62
"20369","naw",18,32761928,99.62
"20370","neediness",18,32761946,99.62
"20371","nightcap",18,32761964,99.62
"20372","normalize",18,32761982,99.62
"20373","obe",18,32762000,99.62
"20374","obliging",18,32762018,99.62
"20375","obscenely",18,32762036,99.62
"20376","observational",18,32762054,99.62
"20377","obstetrics",18,32762072,99.62
"20378","ogle",18,32762090,99.62
"20379","outermost",18,32762108,99.62
"20380","outlay",18,32762126,99.62
"20381","outshine",18,32762144,99.62
"20382","ova",18,32762162,99.62
"20383","ovary",18,32762180,99.62
"20384","oversize",18,32762198,99.62
"20385","overwork",18,32762216,99.62
"20386","ovulation",18,32762234,99.62
"20387","palfrey",18,32762252,99.62
"20388","papaw",18,32762270,99.62
"20389","peacefulness",18,32762288,99.62
"20390","peacemaker",18,32762306,99.62
"20391","pelting",18,32762324,99.62
"20392","penitentiary",18,32762342,99.62
"20393","penmanship",18,32762360,99.62
"20394","percussionist",18,32762378,99.62
"20395","personalization",18,32762396,99.62
"20396","pester",18,32762414,99.62
"20397","phantasm",18,32762432,99.62
"20398","philosophic",18,32762450,99.62
"20399","pined",18,32762468,99.62
"20400","pinhole",18,32762486,99.62
"20401","playwriting",18,32762504,99.62
"20402","poetics",18,32762522,99.62
"20403","policed",18,32762540,99.62
"20404","polytheistic",18,32762558,99.62
"20405","poncho",18,32762576,99.62
"20406","poppa",18,32762594,99.62
"20407","porky",18,32762612,99.62
"20408","porta",18,32762630,99.62
"20409","portage",18,32762648,99.62
"20410","posthumously",18,32762666,99.62
"20411","precipitated",18,32762684,99.62
"20412","predestination",18,32762702,99.62
"20413","predictor",18,32762720,99.62
"20414","preen",18,32762738,99.63
"20415","premonition",18,32762756,99.63
"20416","prickle",18,32762774,99.63
"20417","prob",18,32762792,99.63
"20418","prospectus",18,32762810,99.63
"20419","protectorate",18,32762828,99.63
"20420","proviso",18,32762846,99.63
"20421","puja",18,32762864,99.63
"20422","punctual",18,32762882,99.63
"20423","punisher",18,32762900,99.63
"20424","quicksilver",18,32762918,99.63
"20425","reformist",18,32762936,99.63
"20426","regenerative",18,32762954,99.63
"20427","regionally",18,32762972,99.63
"20428","remediation",18,32762990,99.63
"20429","repurpose",18,32763008,99.63
"20430","resettlement",18,32763026,99.63
"20431","retrace",18,32763044,99.63
"20432","retrain",18,32763062,99.63
"20433","reunification",18,32763080,99.63
"20434","rightness",18,32763098,99.63
"20435","rigorously",18,32763116,99.63
"20436","rococo",18,32763134,99.63
"20437","rodman",18,32763152,99.63
"20438","roomful",18,32763170,99.63
"20439","roping",18,32763188,99.63
"20440","rubric",18,32763206,99.63
"20441","ruminating",18,32763224,99.63
"20442","rusher",18,32763242,99.63
"20443","sacredness",18,32763260,99.63
"20444","sanitize",18,32763278,99.63
"20445","sar",18,32763296,99.63
"20446","saskatoon",18,32763314,99.63
"20447","scavenging",18,32763332,99.63
"20448","schnapps",18,32763350,99.63
"20449","scraper",18,32763368,99.63
"20450","settler",18,32763386,99.63
"20451","sho",18,32763404,99.63
"20452","shoemaker",18,32763422,99.63
"20453","sideburns",18,32763440,99.63
"20454","sie",18,32763458,99.63
"20455","signpost",18,32763476,99.63
"20456","silesia",18,32763494,99.63
"20457","skidding",18,32763512,99.63
"20458","slaving",18,32763530,99.63
"20459","slighted",18,32763548,99.63
"20460","slingshot",18,32763566,99.63
"20461","slither",18,32763584,99.63
"20462","slumbering",18,32763602,99.63
"20463","sniping",18,32763620,99.63
"20464","sparge",18,32763638,99.63
"20465","spidery",18,32763656,99.63
"20466","squawk",18,32763674,99.63
"20467","squirmy",18,32763692,99.63
"20468","stanhope",18,32763710,99.63
"20469","starboard",18,32763728,99.63
"20470","starched",18,32763746,99.63
"20471","starcraft",18,32763764,99.63
"20472","statism",18,32763782,99.63
"20473","stealthily",18,32763800,99.63
"20474","stepchild",18,32763818,99.63
"20475","stiffly",18,32763836,99.63
"20476","stinker",18,32763854,99.63
"20477","stoneware",18,32763872,99.63
"20478","strudel",18,32763890,99.63
"20479","stub",18,32763908,99.63
"20480","superficiality",18,32763926,99.63
"20481","surfboard",18,32763944,99.63
"20482","surrogacy",18,32763962,99.63
"20483","surveyor",18,32763980,99.63
"20484","symbiosis",18,32763998,99.63
"20485","symptomatic",18,32764016,99.63
"20486","synch",18,32764034,99.63
"20487","tacking",18,32764052,99.63
"20488","tamale",18,32764070,99.63
"20489","tangentially",18,32764088,99.63
"20490","tangling",18,32764106,99.63
"20491","tankard",18,32764124,99.63
"20492","tatty",18,32764142,99.63
"20493","techy",18,32764160,99.63
"20494","testicular",18,32764178,99.63
"20495","testy",18,32764196,99.63
"20496","theatrically",18,32764214,99.63
"20497","thither",18,32764232,99.63
"20498","thumper",18,32764250,99.63
"20499","toiled",18,32764268,99.63
"20500","tongued",18,32764286,99.63
"20501","treatable",18,32764304,99.63
"20502","tuba",18,32764322,99.63
"20503","tubular",18,32764340,99.63
"20504","tussle",18,32764358,99.63
"20505","unambiguous",18,32764376,99.63
"20506","unbeaten",18,32764394,99.63
"20507","uncommonly",18,32764412,99.63
"20508","uncredited",18,32764430,99.63
"20509","underlie",18,32764448,99.63
"20510","underpaid",18,32764466,99.63
"20511","understudy",18,32764484,99.63
"20512","undetected",18,32764502,99.63
"20513","undignified",18,32764520,99.63
"20514","unfunded",18,32764538,99.63
"20515","ungovernable",18,32764556,99.63
"20516","unmade",18,32764574,99.63
"20517","unrecognized",18,32764592,99.63
"20518","unscheduled",18,32764610,99.63
"20519","unsound",18,32764628,99.63
"20520","unwinding",18,32764646,99.63
"20521","urbane",18,32764664,99.63
"20522","vanquish",18,32764682,99.63
"20523","varnished",18,32764700,99.63
"20524","vehicular",18,32764718,99.63
"20525","viciousness",18,32764736,99.63
"20526","voiceless",18,32764754,99.63
"20527","waller",18,32764772,99.63
"20528","waterline",18,32764790,99.63
"20529","webbed",18,32764808,99.63
"20530","webbing",18,32764826,99.63
"20531","weighting",18,32764844,99.63
"20532","westerly",18,32764862,99.63
"20533","wether",18,32764880,99.63
"20534","winkle",18,32764898,99.63
"20535","wiseman",18,32764916,99.63
"20536","witchy",18,32764934,99.63
"20537","woodware",18,32764952,99.63
"20538","worryingly",18,32764970,99.63
"20539","yon",18,32764988,99.63
"20540","zander",18,32765006,99.63
"20541","absently",17,32765023,99.63
"20542","actualization",17,32765040,99.63
"20543","adaption",17,32765057,99.63
"20544","adulterous",17,32765074,99.63
"20545","afterglow",17,32765091,99.63
"20546","aftershock",17,32765108,99.63
"20547","airship",17,32765125,99.63
"20548","amenity",17,32765142,99.63
"20549","anode",17,32765159,99.63
"20550","answerable",17,32765176,99.63
"20551","appallingly",17,32765193,99.63
"20552","arcana",17,32765210,99.63
"20553","arterial",17,32765227,99.63
"20554","asexual",17,32765244,99.63
"20555","asthmatic",17,32765261,99.63
"20556","astoundingly",17,32765278,99.63
"20557","astrophysics",17,32765295,99.63
"20558","attentively",17,32765312,99.63
"20559","attenuation",17,32765329,99.63
"20560","avoidable",17,32765346,99.63
"20561","awfulness",17,32765363,99.63
"20562","banger",17,32765380,99.63
"20563","barbarism",17,32765397,99.63
"20564","bari",17,32765414,99.63
"20565","barlow",17,32765431,99.63
"20566","beanstalk",17,32765448,99.63
"20567","bebop",17,32765465,99.63
"20568","bicker",17,32765482,99.63
"20569","biennial",17,32765499,99.63
"20570","biff",17,32765516,99.63
"20571","biochemical",17,32765533,99.63
"20572","birthmark",17,32765550,99.63
"20573","blandness",17,32765567,99.63
"20574","blinkered",17,32765584,99.63
"20575","bloodstone",17,32765601,99.63
"20576","blubbering",17,32765618,99.63
"20577","bogey",17,32765635,99.63
"20578","bookbinding",17,32765652,99.63
"20579","bordello",17,32765669,99.63
"20580","bouche",17,32765686,99.63
"20581","brickwork",17,32765703,99.63
"20582","brut",17,32765720,99.63
"20583","bucolic",17,32765737,99.63
"20584","bulwark",17,32765754,99.63
"20585","buzzy",17,32765771,99.63
"20586","calibrate",17,32765788,99.63
"20587","capitalistic",17,32765805,99.63
"20588","casein",17,32765822,99.63
"20589","cava",17,32765839,99.63
"20590","centrifugal",17,32765856,99.63
"20591","chapbook",17,32765873,99.63
"20592","chaperone",17,32765890,99.63
"20593","chastise",17,32765907,99.63
"20594","chloride",17,32765924,99.63
"20595","choker",17,32765941,99.63
"20596","clammy",17,32765958,99.63
"20597","clang",17,32765975,99.63
"20598","clanking",17,32765992,99.63
"20599","clicker",17,32766009,99.64
"20600","clough",17,32766026,99.64
"20601","cohesiveness",17,32766043,99.64
"20602","combative",17,32766060,99.64
"20603","commandant",17,32766077,99.64
"20604","commiserate",17,32766094,99.64
"20605","committal",17,32766111,99.64
"20606","commode",17,32766128,99.64
"20607","compiler",17,32766145,99.64
"20608","conceptualize",17,32766162,99.64
"20609","congruent",17,32766179,99.64
"20610","contractually",17,32766196,99.64
"20611","contrivance",17,32766213,99.64
"20612","conveyance",17,32766230,99.64
"20613","corsage",17,32766247,99.64
"20614","cree",17,32766264,99.64
"20615","croc",17,32766281,99.64
"20616","crockery",17,32766298,99.64
"20617","cruces",17,32766315,99.64
"20618","cultus",17,32766332,99.64
"20619","curvature",17,32766349,99.64
"20620","custodian",17,32766366,99.64
"20621","cutlet",17,32766383,99.64
"20622","dabber",17,32766400,99.64
"20623","danton",17,32766417,99.64
"20624","daresay",17,32766434,99.64
"20625","denigrate",17,32766451,99.64
"20626","deride",17,32766468,99.64
"20627","descript",17,32766485,99.64
"20628","despondency",17,32766502,99.64
"20629","devolve",17,32766519,99.64
"20630","dibs",17,32766536,99.64
"20631","dilate",17,32766553,99.64
"20632","dipper",17,32766570,99.64
"20633","dishonorable",17,32766587,99.64
"20634","dit",17,32766604,99.64
"20635","divisional",17,32766621,99.64
"20636","domicile",17,32766638,99.64
"20637","drat",17,32766655,99.64
"20638","dredging",17,32766672,99.64
"20639","dubs",17,32766689,99.64
"20640","duplication",17,32766706,99.64
"20641","durian",17,32766723,99.64
"20642","dysplasia",17,32766740,99.64
"20643","eardrum",17,32766757,99.64
"20644","eastbound",17,32766774,99.64
"20645","ecclesia",17,32766791,99.64
"20646","efficacious",17,32766808,99.64
"20647","eggy",17,32766825,99.64
"20648","electable",17,32766842,99.64
"20649","elucidate",17,32766859,99.64
"20650","elude",17,32766876,99.64
"20651","emanate",17,32766893,99.64
"20652","encroachment",17,32766910,99.64
"20653","endear",17,32766927,99.64
"20654","endearingly",17,32766944,99.64
"20655","enlarging",17,32766961,99.64
"20656","eroticism",17,32766978,99.64
"20657","ersatz",17,32766995,99.64
"20658","facilitation",17,32767012,99.64
"20659","feigned",17,32767029,99.64
"20660","fen",17,32767046,99.64
"20661","fidget",17,32767063,99.64
"20662","fidgety",17,32767080,99.64
"20663","firmament",17,32767097,99.64
"20664","fistful",17,32767114,99.64
"20665","flanking",17,32767131,99.64
"20666","flexed",17,32767148,99.64
"20667","foolhardy",17,32767165,99.64
"20668","forgivable",17,32767182,99.64
"20669","forthwith",17,32767199,99.64
"20670","fortify",17,32767216,99.64
"20671","freehold",17,32767233,99.64
"20672","fudgy",17,32767250,99.64
"20673","gallic",17,32767267,99.64
"20674","gambia",17,32767284,99.64
"20675","gar",17,32767301,99.64
"20676","gaseous",17,32767318,99.64
"20677","gastronomic",17,32767335,99.64
"20678","gentlemanly",17,32767352,99.64
"20679","glisten",17,32767369,99.64
"20680","goggle",17,32767386,99.64
"20681","goober",17,32767403,99.64
"20682","gouge",17,32767420,99.64
"20683","gout",17,32767437,99.64
"20684","gove",17,32767454,99.64
"20685","grimacing",17,32767471,99.64
"20686","grotto",17,32767488,99.64
"20687","harrier",17,32767505,99.64
"20688","headfirst",17,32767522,99.64
"20689","heartthrob",17,32767539,99.64
"20690","helpfulness",17,32767556,99.64
"20691","hemorrhage",17,32767573,99.64
"20692","henchman",17,32767590,99.64
"20693","hetero",17,32767607,99.64
"20694","hibernate",17,32767624,99.64
"20695","holey",17,32767641,99.64
"20696","hooky",17,32767658,99.64
"20697","hotbed",17,32767675,99.64
"20698","housewares",17,32767692,99.64
"20699","huffy",17,32767709,99.64
"20700","hugger",17,32767726,99.64
"20701","ignorantly",17,32767743,99.64
"20702","imbecile",17,32767760,99.64
"20703","impetuous",17,32767777,99.64
"20704","imploring",17,32767794,99.64
"20705","implosion",17,32767811,99.64
"20706","incapacity",17,32767828,99.64
"20707","incomprehension",17,32767845,99.64
"20708","indebtedness",17,32767862,99.64
"20709","indentured",17,32767879,99.64
"20710","indomitable",17,32767896,99.64
"20711","infinitesimal",17,32767913,99.64
"20712","informer",17,32767930,99.64
"20713","ingestion",17,32767947,99.64
"20714","inoperable",17,32767964,99.64
"20715","insensitivity",17,32767981,99.64
"20716","insufficiency",17,32767998,99.64
"20717","insurer",17,32768015,99.64
"20718","intensively",17,32768032,99.64
"20719","interchangeably",17,32768049,99.64
"20720","intergovernmental",17,32768066,99.64
"20721","intravenous",17,32768083,99.64
"20722","inversely",17,32768100,99.64
"20723","irrepressible",17,32768117,99.64
"20724","ischemia",17,32768134,99.64
"20725","jehu",17,32768151,99.64
"20726","joblessness",17,32768168,99.64
"20727","judo",17,32768185,99.64
"20728","kashi",17,32768202,99.64
"20729","kiley",17,32768219,99.64
"20730","kiva",17,32768236,99.64
"20731","ladylike",17,32768253,99.64
"20732","latrobe",17,32768270,99.64
"20733","legitimize",17,32768287,99.64
"20734","lei",17,32768304,99.64
"20735","libretto",17,32768321,99.64
"20736","linguistically",17,32768338,99.64
"20737","liquidy",17,32768355,99.64
"20738","localism",17,32768372,99.64
"20739","logger",17,32768389,99.64
"20740","lop",17,32768406,99.64
"20741","loris",17,32768423,99.64
"20742","luxuriously",17,32768440,99.64
"20743","madcap",17,32768457,99.64
"20744","madder",17,32768474,99.64
"20745","madwoman",17,32768491,99.64
"20746","mammalian",17,32768508,99.64
"20747","manliness",17,32768525,99.64
"20748","marguerite",17,32768542,99.64
"20749","marksman",17,32768559,99.64
"20750","masque",17,32768576,99.64
"20751","masterwork",17,32768593,99.64
"20752","mavis",17,32768610,99.64
"20753","mayday",17,32768627,99.64
"20754","menopausal",17,32768644,99.64
"20755","menstruation",17,32768661,99.64
"20756","mercurial",17,32768678,99.64
"20757","meshed",17,32768695,99.64
"20758","mesquite",17,32768712,99.64
"20759","metallics",17,32768729,99.64
"20760","meteorologist",17,32768746,99.64
"20761","mig",17,32768763,99.64
"20762","millstone",17,32768780,99.64
"20763","misanthropic",17,32768797,99.64
"20764","mise",17,32768814,99.64
"20765","misrepresent",17,32768831,99.64
"20766","missal",17,32768848,99.64
"20767","moksha",17,32768865,99.64
"20768","mollie",17,32768882,99.64
"20769","monotheism",17,32768899,99.64
"20770","monotheistic",17,32768916,99.64
"20771","morphology",17,32768933,99.64
"20772","mouthwash",17,32768950,99.64
"20773","mucous",17,32768967,99.64
"20774","muscat",17,32768984,99.64
"20775","naivete",17,32769001,99.64
"20776","nasi",17,32769018,99.64
"20777","negotiator",17,32769035,99.64
"20778","netball",17,32769052,99.64
"20779","neurology",17,32769069,99.64
"20780","nobleman",17,32769086,99.64
"20781","nowt",17,32769103,99.64
"20782","oban",17,32769120,99.64
"20783","optimistically",17,32769137,99.64
"20784","ordinate",17,32769154,99.64
"20785","outbound",17,32769171,99.64
"20786","outstandingly",17,32769188,99.64
"20787","overbought",17,32769205,99.64
"20788","overestimate",17,32769222,99.64
"20789","overmix",17,32769239,99.64
"20790","oversold",17,32769256,99.64
"20791","oxy",17,32769273,99.64
"20792","paled",17,32769290,99.64
"20793","palmetto",17,32769307,99.65
"20794","panchayat",17,32769324,99.65
"20795","parenthesis",17,32769341,99.65
"20796","pecked",17,32769358,99.65
"20797","peculiarly",17,32769375,99.65
"20798","penalize",17,32769392,99.65
"20799","perforated",17,32769409,99.65
"20800","perfunctory",17,32769426,99.65
"20801","periwinkle",17,32769443,99.65
"20802","pervading",17,32769460,99.65
"20803","peso",17,32769477,99.65
"20804","physiotherapy",17,32769494,99.65
"20805","piecemeal",17,32769511,99.65
"20806","piercer",17,32769528,99.65
"20807","pimping",17,32769545,99.65
"20808","pith",17,32769562,99.65
"20809","pitying",17,32769579,99.65
"20810","pollinate",17,32769596,99.65
"20811","precautionary",17,32769613,99.65
"20812","predominate",17,32769630,99.65
"20813","prefab",17,32769647,99.65
"20814","premarital",17,32769664,99.65
"20815","preserver",17,32769681,99.65
"20816","pretender",17,32769698,99.65
"20817","pricking",17,32769715,99.65
"20818","profiteering",17,32769732,99.65
"20819","pronation",17,32769749,99.65
"20820","pronoun",17,32769766,99.65
"20821","pseudonymous",17,32769783,99.65
"20822","pugh",17,32769800,99.65
"20823","pumice",17,32769817,99.65
"20824","purplish",17,32769834,99.65
"20825","pylon",17,32769851,99.65
"20826","quayside",17,32769868,99.65
"20827","quinton",17,32769885,99.65
"20828","quizzical",17,32769902,99.65
"20829","rattan",17,32769919,99.65
"20830","regretful",17,32769936,99.65
"20831","reimburse",17,32769953,99.65
"20832","reinvigorate",17,32769970,99.65
"20833","repellant",17,32769987,99.65
"20834","replant",17,32770004,99.65
"20835","repurchase",17,32770021,99.65
"20836","respiration",17,32770038,99.65
"20837","retainer",17,32770055,99.65
"20838","ringside",17,32770072,99.65
"20839","roadhouse",17,32770089,99.65
"20840","sabina",17,32770106,99.65
"20841","sanger",17,32770123,99.65
"20842","sarcophagus",17,32770140,99.65
"20843","sarong",17,32770157,99.65
"20844","scarily",17,32770174,99.65
"20845","schnitzel",17,32770191,99.65
"20846","scrip",17,32770208,99.65
"20847","scrum",17,32770225,99.65
"20848","scythe",17,32770242,99.65
"20849","seaman",17,32770259,99.65
"20850","sectarianism",17,32770276,99.65
"20851","sensitively",17,32770293,99.65
"20852","settee",17,32770310,99.65
"20853","shad",17,32770327,99.65
"20854","shallows",17,32770344,99.65
"20855","shouldnt",17,32770361,99.65
"20856","shucks",17,32770378,99.65
"20857","signatory",17,32770395,99.65
"20858","simpleton",17,32770412,99.65
"20859","sisterly",17,32770429,99.65
"20860","sithe",17,32770446,99.65
"20861","skinning",17,32770463,99.65
"20862","slithering",17,32770480,99.65
"20863","slushy",17,32770497,99.65
"20864","smacker",17,32770514,99.65
"20865","snickering",17,32770531,99.65
"20866","snifter",17,32770548,99.65
"20867","soundboard",17,32770565,99.65
"20868","soundness",17,32770582,99.65
"20869","southbound",17,32770599,99.65
"20870","southernmost",17,32770616,99.65
"20871","sprocket",17,32770633,99.65
"20872","squalid",17,32770650,99.65
"20873","squall",17,32770667,99.65
"20874","squirting",17,32770684,99.65
"20875","staggers",17,32770701,99.65
"20876","stank",17,32770718,99.65
"20877","stepdaughter",17,32770735,99.65
"20878","sterilize",17,32770752,99.65
"20879","stippling",17,32770769,99.65
"20880","stirrup",17,32770786,99.65
"20881","stoicism",17,32770803,99.65
"20882","stooping",17,32770820,99.65
"20883","strived",17,32770837,99.65
"20884","suffix",17,32770854,99.65
"20885","sunspot",17,32770871,99.65
"20886","supercharged",17,32770888,99.65
"20887","supplementation",17,32770905,99.65
"20888","sutra",17,32770922,99.65
"20889","swaddling",17,32770939,99.65
"20890","sweatshop",17,32770956,99.65
"20891","swimmingly",17,32770973,99.65
"20892","talon",17,32770990,99.65
"20893","tambo",17,32771007,99.65
"20894","tangential",17,32771024,99.65
"20895","tattling",17,32771041,99.65
"20896","tellingly",17,32771058,99.65
"20897","temptress",17,32771075,99.65
"20898","theocratic",17,32771092,99.65
"20899","theorize",17,32771109,99.65
"20900","therapeutics",17,32771126,99.65
"20901","thwarting",17,32771143,99.65
"20902","timidly",17,32771160,99.65
"20903","tinnitus",17,32771177,99.65
"20904","tinny",17,32771194,99.65
"20905","toddle",17,32771211,99.65
"20906","toggle",17,32771228,99.65
"20907","tora",17,32771245,99.65
"20908","townsfolk",17,32771262,99.65
"20909","transcribe",17,32771279,99.65
"20910","transmute",17,32771296,99.65
"20911","trowel",17,32771313,99.65
"20912","turret",17,32771330,99.65
"20913","unaltered",17,32771347,99.65
"20914","unassisted",17,32771364,99.65
"20915","uncensored",17,32771381,99.65
"20916","uncivilized",17,32771398,99.65
"20917","unfashionable",17,32771415,99.65
"20918","unguarded",17,32771432,99.65
"20919","unimaginably",17,32771449,99.65
"20920","unmounted",17,32771466,99.65
"20921","unopposed",17,32771483,99.65
"20922","unsanitary",17,32771500,99.65
"20923","unsaturated",17,32771517,99.65
"20924","unseat",17,32771534,99.65
"20925","uppers",17,32771551,99.65
"20926","uppity",17,32771568,99.65
"20927","uptrend",17,32771585,99.65
"20928","urbanism",17,32771602,99.65
"20929","usefully",17,32771619,99.65
"20930","vagueness",17,32771636,99.65
"20931","veep",17,32771653,99.65
"20932","vela",17,32771670,99.65
"20933","vervet",17,32771687,99.65
"20934","viscerally",17,32771704,99.65
"20935","washboard",17,32771721,99.65
"20936","washcloth",17,32771738,99.65
"20937","westerner",17,32771755,99.65
"20938","whig",17,32771772,99.65
"20939","willfulness",17,32771789,99.65
"20940","wintertime",17,32771806,99.65
"20941","woon",17,32771823,99.65
"20942","yip",17,32771840,99.65
"20943","absenteeism",16,32771856,99.65
"20944","absorber",16,32771872,99.65
"20945","acetic",16,32771888,99.65
"20946","acquittal",16,32771904,99.65
"20947","adaptor",16,32771920,99.65
"20948","adjournment",16,32771936,99.65
"20949","adjudication",16,32771952,99.65
"20950","aer",16,32771968,99.65
"20951","airfield",16,32771984,99.65
"20952","airliner",16,32772000,99.65
"20953","alternator",16,32772016,99.65
"20954","altho",16,32772032,99.65
"20955","amass",16,32772048,99.65
"20956","amphibious",16,32772064,99.65
"20957","antithetical",16,32772080,99.65
"20958","aphrodisiac",16,32772096,99.65
"20959","apologetically",16,32772112,99.65
"20960","apostrophe",16,32772128,99.65
"20961","applicability",16,32772144,99.65
"20962","armrest",16,32772160,99.65
"20963","arsonist",16,32772176,99.65
"20964","assessor",16,32772192,99.65
"20965","awa",16,32772208,99.65
"20966","backfield",16,32772224,99.65
"20967","bafta",16,32772240,99.65
"20968","banda",16,32772256,99.65
"20969","bantam",16,32772272,99.65
"20970","barbershop",16,32772288,99.65
"20971","barefooted",16,32772304,99.65
"20972","baru",16,32772320,99.65
"20973","basalt",16,32772336,99.65
"20974","bayonet",16,32772352,99.65
"20975","beano",16,32772368,99.65
"20976","beefeater",16,32772384,99.65
"20977","behaviorism",16,32772400,99.65
"20978","belie",16,32772416,99.65
"20979","bemusement",16,32772432,99.65
"20980","bestowing",16,32772448,99.65
"20981","biodynamic",16,32772464,99.65
"20982","blacker",16,32772480,99.65
"20983","blanketed",16,32772496,99.65
"20984","blick",16,32772512,99.65
"20985","blitzkrieg",16,32772528,99.65
"20986","blowback",16,32772544,99.65
"20987","bludgeoned",16,32772560,99.65
"20988","bolo",16,32772576,99.65
"20989","bolting",16,32772592,99.66
"20990","bowker",16,32772608,99.66
"20991","brinjal",16,32772624,99.66
"20992","broadsheet",16,32772640,99.66
"20993","bylaw",16,32772656,99.66
"20994","cachet",16,32772672,99.66
"20995","caddis",16,32772688,99.66
"20996","cadmium",16,32772704,99.66
"20997","cag",16,32772720,99.66
"20998","carnation",16,32772736,99.66
"20999","celeriac",16,32772752,99.66
"21000","chasuble",16,32772768,99.66
"21001","chauvinism",16,32772784,99.66
"21002","chickadee",16,32772800,99.66
"21003","chirpy",16,32772816,99.66
"21004","chive",16,32772832,99.66
"21005","chopstick",16,32772848,99.66
"21006","churlish",16,32772864,99.66
"21007","codeine",16,32772880,99.66
"21008","coexistence",16,32772896,99.66
"21009","collectable",16,32772912,99.66
"21010","compatriot",16,32772928,99.66
"21011","concurring",16,32772944,99.66
"21012","conspiratorial",16,32772960,99.66
"21013","constrain",16,32772976,99.66
"21014","contort",16,32772992,99.66
"21015","coterie",16,32773008,99.66
"21016","councilor",16,32773024,99.66
"21017","covetousness",16,32773040,99.66
"21018","credential",16,32773056,99.66
"21019","croon",16,32773072,99.66
"21020","crosswise",16,32773088,99.66
"21021","crotchety",16,32773104,99.66
"21022","cryogen",16,32773120,99.66
"21023","cud",16,32773136,99.66
"21024","cupola",16,32773152,99.66
"21025","curie",16,32773168,99.66
"21026","curvaceous",16,32773184,99.66
"21027","cutler",16,32773200,99.66
"21028","dawdle",16,32773216,99.66
"21029","deliriously",16,32773232,99.66
"21030","deplored",16,32773248,99.66
"21031","dervish",16,32773264,99.66
"21032","desirous",16,32773280,99.66
"21033","determinedly",16,32773296,99.66
"21034","devilishly",16,32773312,99.66
"21035","diametrically",16,32773328,99.66
"21036","directionless",16,32773344,99.66
"21037","discharging",16,32773360,99.66
"21038","disorganization",16,32773376,99.66
"21039","dispassionate",16,32773392,99.66
"21040","dispersion",16,32773408,99.66
"21041","disqualification",16,32773424,99.66
"21042","disquiet",16,32773440,99.66
"21043","distrustful",16,32773456,99.66
"21044","domestication",16,32773472,99.66
"21045","doted",16,32773488,99.66
"21046","douse",16,32773504,99.66
"21047","downbeat",16,32773520,99.66
"21048","dryly",16,32773536,99.66
"21049","duffer",16,32773552,99.66
"21050","dullness",16,32773568,99.66
"21051","dynamically",16,32773584,99.66
"21052","embezzlement",16,32773600,99.66
"21053","endocrinologist",16,32773616,99.66
"21054","epistemology",16,32773632,99.66
"21055","equivalency",16,32773648,99.66
"21056","exporter",16,32773664,99.66
"21057","extrinsic",16,32773680,99.66
"21058","fabulousness",16,32773696,99.66
"21059","facetious",16,32773712,99.66
"21060","fastening",16,32773728,99.66
"21061","feigning",16,32773744,99.66
"21062","feint",16,32773760,99.66
"21063","fiefdom",16,32773776,99.66
"21064","figurehead",16,32773792,99.66
"21065","firecracker",16,32773808,99.66
"21066","fleshing",16,32773824,99.66
"21067","fora",16,32773840,99.66
"21068","forecaster",16,32773856,99.66
"21069","fracas",16,32773872,99.66
"21070","freestanding",16,32773888,99.66
"21071","fruiting",16,32773904,99.66
"21072","furtive",16,32773920,99.66
"21073","gabi",16,32773936,99.66
"21074","gatemaker",16,32773952,99.66
"21075","gelly",16,32773968,99.66
"21076","geophysical",16,32773984,99.66
"21077","geothermal",16,32774000,99.66
"21078","gibby",16,32774016,99.66
"21079","glycol",16,32774032,99.66
"21080","gobi",16,32774048,99.66
"21081","godson",16,32774064,99.66
"21082","gopher",16,32774080,99.66
"21083","grooving",16,32774096,99.66
"21084","grudging",16,32774112,99.66
"21085","guardianship",16,32774128,99.66
"21086","guesswork",16,32774144,99.66
"21087","hairbrush",16,32774160,99.66
"21088","halfling",16,32774176,99.66
"21089","harpsichord",16,32774192,99.66
"21090","haystack",16,32774208,99.66
"21091","headdress",16,32774224,99.66
"21092","hemoglobin",16,32774240,99.66
"21093","herbivore",16,32774256,99.66
"21094","heterosexuality",16,32774272,99.66
"21095","hewn",16,32774288,99.66
"21096","hobgoblin",16,32774304,99.66
"21097","horst",16,32774320,99.66
"21098","horticulture",16,32774336,99.66
"21099","hosed",16,32774352,99.66
"21100","huron",16,32774368,99.66
"21101","hypo",16,32774384,99.66
"21102","iconography",16,32774400,99.66
"21103","idolatrous",16,32774416,99.66
"21104","impostor",16,32774432,99.66
"21105","inaudible",16,32774448,99.66
"21106","individuation",16,32774464,99.66
"21107","industrialist",16,32774480,99.66
"21108","inquirer",16,32774496,99.66
"21109","insignia",16,32774512,99.66
"21110","interdependent",16,32774528,99.66
"21111","interstitial",16,32774544,99.66
"21112","interventionist",16,32774560,99.66
"21113","intonation",16,32774576,99.66
"21114","intriguingly",16,32774592,99.66
"21115","irritant",16,32774608,99.66
"21116","jabbed",16,32774624,99.66
"21117","journeyman",16,32774640,99.66
"21118","kaput",16,32774656,99.66
"21119","kiddy",16,32774672,99.66
"21120","knighthood",16,32774688,99.66
"21121","knotty",16,32774704,99.66
"21122","knuckled",16,32774720,99.66
"21123","koa",16,32774736,99.66
"21124","lateness",16,32774752,99.66
"21125","lathe",16,32774768,99.66
"21126","leapfrog",16,32774784,99.66
"21127","leavening",16,32774800,99.66
"21128","lilt",16,32774816,99.66
"21129","limber",16,32774832,99.66
"21130","lino",16,32774848,99.66
"21131","loma",16,32774864,99.66
"21132","lough",16,32774880,99.66
"21133","lucidity",16,32774896,99.66
"21134","ludo",16,32774912,99.66
"21135","macular",16,32774928,99.66
"21136","marcella",16,32774944,99.66
"21137","marcello",16,32774960,99.66
"21138","marque",16,32774976,99.66
"21139","marquess",16,32774992,99.66
"21140","megalomaniac",16,32775008,99.66
"21141","melanin",16,32775024,99.66
"21142","messiness",16,32775040,99.66
"21143","meteoric",16,32775056,99.66
"21144","middling",16,32775072,99.66
"21145","midge",16,32775088,99.66
"21146","militaristic",16,32775104,99.66
"21147","misinterpret",16,32775120,99.66
"21148","monetarily",16,32775136,99.66
"21149","morel",16,32775152,99.66
"21150","moyo",16,32775168,99.66
"21151","multiplier",16,32775184,99.66
"21152","nak",16,32775200,99.66
"21153","naturalness",16,32775216,99.66
"21154","nisei",16,32775232,99.66
"21155","nonchalance",16,32775248,99.66
"21156","novelette",16,32775264,99.66
"21157","numeral",16,32775280,99.66
"21158","obliquely",16,32775296,99.66
"21159","obstetric",16,32775312,99.66
"21160","occultist",16,32775328,99.66
"21161","octagon",16,32775344,99.66
"21162","oddness",16,32775360,99.66
"21163","omnipresence",16,32775376,99.66
"21164","overstock",16,32775392,99.66
"21165","paddled",16,32775408,99.66
"21166","parallelism",16,32775424,99.66
"21167","patterning",16,32775440,99.66
"21168","persevering",16,32775456,99.66
"21169","pert",16,32775472,99.66
"21170","photocopier",16,32775488,99.66
"21171","pigeonhole",16,32775504,99.66
"21172","pinkberry",16,32775520,99.66
"21173","pinkie",16,32775536,99.66
"21174","plausibility",16,32775552,99.66
"21175","plod",16,32775568,99.66
"21176","poetically",16,32775584,99.66
"21177","pointlessness",16,32775600,99.66
"21178","pont",16,32775616,99.66
"21179","posthumous",16,32775632,99.66
"21180","postnatal",16,32775648,99.66
"21181","predation",16,32775664,99.66
"21182","princely",16,32775680,99.66
"21183","privation",16,32775696,99.66
"21184","processional",16,32775712,99.66
"21185","pudge",16,32775728,99.66
"21186","pullback",16,32775744,99.66
"21187","radial",16,32775760,99.66
"21188","rapturous",16,32775776,99.66
"21189","ratification",16,32775792,99.66
"21190","rawness",16,32775808,99.66
"21191","recessive",16,32775824,99.66
"21192","reconsideration",16,32775840,99.66
"21193","reconstructive",16,32775856,99.66
"21194","recur",16,32775872,99.66
"21195","reflexively",16,32775888,99.67
"21196","refueling",16,32775904,99.67
"21197","reinstate",16,32775920,99.67
"21198","reintroduce",16,32775936,99.67
"21199","repudiate",16,32775952,99.67
"21200","resiliency",16,32775968,99.67
"21201","responder",16,32775984,99.67
"21202","responsiveness",16,32776000,99.67
"21203","reticence",16,32776016,99.67
"21204","retrospectively",16,32776032,99.67
"21205","riser",16,32776048,99.67
"21206","roan",16,32776064,99.67
"21207","rotunda",16,32776080,99.67
"21208","royalist",16,32776096,99.67
"21209","rummy",16,32776112,99.67
"21210","sai",16,32776128,99.67
"21211","saic",16,32776144,99.67
"21212","saturate",16,32776160,99.67
"21213","saurel",16,32776176,99.67
"21214","sawed",16,32776192,99.67
"21215","scallion",16,32776208,99.67
"21216","scowling",16,32776224,99.67
"21217","screed",16,32776240,99.67
"21218","scuff",16,32776256,99.67
"21219","seafaring",16,32776272,99.67
"21220","seethe",16,32776288,99.67
"21221","separatism",16,32776304,99.67
"21222","septuagint",16,32776320,99.67
"21223","sequentially",16,32776336,99.67
"21224","serviceman",16,32776352,99.67
"21225","shim",16,32776368,99.67
"21226","shorn",16,32776384,99.67
"21227","shutout",16,32776400,99.67
"21228","sig",16,32776416,99.67
"21229","signifier",16,32776432,99.67
"21230","silt",16,32776448,99.67
"21231","simplex",16,32776464,99.67
"21232","simulacrum",16,32776480,99.67
"21233","singed",16,32776496,99.67
"21234","sleepiness",16,32776512,99.67
"21235","sleeplessness",16,32776528,99.67
"21236","slicer",16,32776544,99.67
"21237","slink",16,32776560,99.67
"21238","slotting",16,32776576,99.67
"21239","slouching",16,32776592,99.67
"21240","smit",16,32776608,99.67
"21241","smote",16,32776624,99.67
"21242","sniffer",16,32776640,99.67
"21243","snipping",16,32776656,99.67
"21244","snitch",16,32776672,99.67
"21245","snooker",16,32776688,99.67
"21246","sontag",16,32776704,99.67
"21247","sora",16,32776720,99.67
"21248","sower",16,32776736,99.67
"21249","spanky",16,32776752,99.67
"21250","spellbinding",16,32776768,99.67
"21251","spiro",16,32776784,99.67
"21252","splotchy",16,32776800,99.67
"21253","spooner",16,32776816,99.67
"21254","stander",16,32776832,99.67
"21255","steadfastness",16,32776848,99.67
"21256","steamboat",16,32776864,99.67
"21257","stickiness",16,32776880,99.67
"21258","stillman",16,32776896,99.67
"21259","stodgy",16,32776912,99.67
"21260","stoically",16,32776928,99.67
"21261","stopover",16,32776944,99.67
"21262","storeroom",16,32776960,99.67
"21263","stow",16,32776976,99.67
"21264","straightforwardly",16,32776992,99.67
"21265","sud",16,32777008,99.67
"21266","susceptibility",16,32777024,99.67
"21267","swarthy",16,32777040,99.67
"21268","swathe",16,32777056,99.67
"21269","sweetwater",16,32777072,99.67
"21270","tallis",16,32777088,99.67
"21271","tawa",16,32777104,99.67
"21272","tera",16,32777120,99.67
"21273","thickener",16,32777136,99.67
"21274","thievery",16,32777152,99.67
"21275","thunderbird",16,32777168,99.67
"21276","timbre",16,32777184,99.67
"21277","timelessness",16,32777200,99.67
"21278","timepiece",16,32777216,99.67
"21279","tine",16,32777232,99.67
"21280","tithing",16,32777248,99.67
"21281","tomatillo",16,32777264,99.67
"21282","transience",16,32777280,99.67
"21283","trapper",16,32777296,99.67
"21284","trenchant",16,32777312,99.67
"21285","trifling",16,32777328,99.67
"21286","tung",16,32777344,99.67
"21287","twinkly",16,32777360,99.67
"21288","unattached",16,32777376,99.67
"21289","unbuttoned",16,32777392,99.67
"21290","uncritical",16,32777408,99.67
"21291","undeclared",16,32777424,99.67
"21292","undiagnosed",16,32777440,99.67
"21293","unforgiveness",16,32777456,99.67
"21294","unitary",16,32777472,99.67
"21295","unjustifiable",16,32777488,99.67
"21296","unoccupied",16,32777504,99.67
"21297","unquestioningly",16,32777520,99.67
"21298","unravelled",16,32777536,99.67
"21299","unvarnished",16,32777552,99.67
"21300","upswing",16,32777568,99.67
"21301","vaccinate",16,32777584,99.67
"21302","vestige",16,32777600,99.67
"21303","vesuvius",16,32777616,99.67
"21304","virility",16,32777632,99.67
"21305","vitriolic",16,32777648,99.67
"21306","wainwright",16,32777664,99.67
"21307","wakefulness",16,32777680,99.67
"21308","warily",16,32777696,99.67
"21309","wastage",16,32777712,99.67
"21310","wearily",16,32777728,99.67
"21311","wenzel",16,32777744,99.67
"21312","whee",16,32777760,99.67
"21313","whipper",16,32777776,99.67
"21314","whisker",16,32777792,99.67
"21315","whittling",16,32777808,99.67
"21316","windup",16,32777824,99.67
"21317","wiper",16,32777840,99.67
"21318","wirelessly",16,32777856,99.67
"21319","wizened",16,32777872,99.67
"21320","wondrously",16,32777888,99.67
"21321","woodsy",16,32777904,99.67
"21322","wordlessly",16,32777920,99.67
"21323","workroom",16,32777936,99.67
"21324","wrongness",16,32777952,99.67
"21325","yellowing",16,32777968,99.67
"21326","yucca",16,32777984,99.67
"21327","zed",16,32778000,99.67
"21328","abalone",15,32778015,99.67
"21329","abatement",15,32778030,99.67
"21330","abstruse",15,32778045,99.67
"21331","accede",15,32778060,99.67
"21332","acker",15,32778075,99.67
"21333","acropolis",15,32778090,99.67
"21334","actualize",15,32778105,99.67
"21335","afflict",15,32778120,99.67
"21336","afoul",15,32778135,99.67
"21337","agnosticism",15,32778150,99.67
"21338","alaihi",15,32778165,99.67
"21339","amman",15,32778180,99.67
"21340","ammonium",15,32778195,99.67
"21341","anarchic",15,32778210,99.67
"21342","anesthetic",15,32778225,99.67
"21343","animating",15,32778240,99.67
"21344","aniseed",15,32778255,99.67
"21345","aorta",15,32778270,99.67
"21346","apperceive",15,32778285,99.67
"21347","appreciable",15,32778300,99.67
"21348","argo",15,32778315,99.67
"21349","aright",15,32778330,99.67
"21350","armistice",15,32778345,99.67
"21351","artlessly",15,32778360,99.67
"21352","asta",15,32778375,99.67
"21353","astrophysicist",15,32778390,99.67
"21354","atta",15,32778405,99.67
"21355","attenuate",15,32778420,99.67
"21356","avarice",15,32778435,99.67
"21357","babu",15,32778450,99.67
"21358","backhanded",15,32778465,99.67
"21359","baku",15,32778480,99.67
"21360","ballistics",15,32778495,99.67
"21361","banality",15,32778510,99.67
"21362","batt",15,32778525,99.67
"21363","beal",15,32778540,99.67
"21364","becher",15,32778555,99.67
"21365","bekah",15,32778570,99.67
"21366","belch",15,32778585,99.67
"21367","bellicose",15,32778600,99.67
"21368","bilge",15,32778615,99.67
"21369","billiard",15,32778630,99.67
"21370","bine",15,32778645,99.67
"21371","biracial",15,32778660,99.67
"21372","blabber",15,32778675,99.67
"21373","blacking",15,32778690,99.67
"21374","blackish",15,32778705,99.67
"21375","bleating",15,32778720,99.67
"21376","blimp",15,32778735,99.67
"21377","blinker",15,32778750,99.67
"21378","bodhi",15,32778765,99.67
"21379","brawny",15,32778780,99.67
"21380","brazenly",15,32778795,99.67
"21381","briny",15,32778810,99.67
"21382","bristled",15,32778825,99.67
"21383","brogan",15,32778840,99.67
"21384","buckskin",15,32778855,99.67
"21385","buffing",15,32778870,99.67
"21386","bumblebee",15,32778885,99.67
"21387","busywork",15,32778900,99.67
"21388","butchery",15,32778915,99.67
"21389","buxom",15,32778930,99.67
"21390","cacti",15,32778945,99.67
"21391","cajole",15,32778960,99.67
"21392","camelback",15,32778975,99.67
"21393","canard",15,32778990,99.67
"21394","cantankerous",15,32779005,99.67
"21395","caramelize",15,32779020,99.67
"21396","carcinoma",15,32779035,99.67
"21397","carmine",15,32779050,99.67
"21398","castaway",15,32779065,99.67
"21399","caving",15,32779080,99.67
"21400","cede",15,32779095,99.67
"21401","centauri",15,32779110,99.67
"21402","champaign",15,32779125,99.67
"21403","chapped",15,32779140,99.67
"21404","chickweed",15,32779155,99.67
"21405","christen",15,32779170,99.68
"21406","cistern",15,32779185,99.68
"21407","clothespin",15,32779200,99.68
"21408","coherently",15,32779215,99.68
"21409","collectivization",15,32779230,99.68
"21410","colloquium",15,32779245,99.68
"21411","columbo",15,32779260,99.68
"21412","confectionery",15,32779275,99.68
"21413","conjoined",15,32779290,99.68
"21414","consign",15,32779305,99.68
"21415","contemporaneous",15,32779320,99.68
"21416","copa",15,32779335,99.68
"21417","copiously",15,32779350,99.68
"21418","cording",15,32779365,99.68
"21419","countryman",15,32779380,99.68
"21420","coveting",15,32779395,99.68
"21421","cress",15,32779410,99.68
"21422","cropper",15,32779425,99.68
"21423","crusta",15,32779440,99.68
"21424","culpa",15,32779455,99.68
"21425","cupping",15,32779470,99.68
"21426","curmudgeonly",15,32779485,99.68
"21427","cuticle",15,32779500,99.68
"21428","cyclic",15,32779515,99.68
"21429","daw",15,32779530,99.68
"21430","decapitation",15,32779545,99.68
"21431","decompose",15,32779560,99.68
"21432","defamatory",15,32779575,99.68
"21433","delphine",15,32779590,99.68
"21434","deplete",15,32779605,99.68
"21435","depopulation",15,32779620,99.68
"21436","desi",15,32779635,99.68
"21437","despot",15,32779650,99.68
"21438","despotism",15,32779665,99.68
"21439","dietician",15,32779680,99.68
"21440","disband",15,32779695,99.68
"21441","disengage",15,32779710,99.68
"21442","dislocation",15,32779725,99.68
"21443","dissension",15,32779740,99.68
"21444","distemper",15,32779755,99.68
"21445","doghouse",15,32779770,99.68
"21446","dreadnought",15,32779785,99.68
"21447","duchesse",15,32779800,99.68
"21448","duckie",15,32779815,99.68
"21449","durst",15,32779830,99.68
"21450","echelon",15,32779845,99.68
"21451","ecole",15,32779860,99.68
"21452","effervescence",15,32779875,99.68
"21453","eldritch",15,32779890,99.68
"21454","ell",15,32779905,99.68
"21455","elope",15,32779920,99.68
"21456","emphases",15,32779935,99.68
"21457","endangerment",15,32779950,99.68
"21458","envying",15,32779965,99.68
"21459","equalizer",15,32779980,99.68
"21460","ethylene",15,32779995,99.68
"21461","evidentiary",15,32780010,99.68
"21462","evolutionist",15,32780025,99.68
"21463","excitingly",15,32780040,99.68
"21464","exemplar",15,32780055,99.68
"21465","exerciser",15,32780070,99.68
"21466","exfoliation",15,32780085,99.68
"21467","expressionism",15,32780100,99.68
"21468","factional",15,32780115,99.68
"21469","fastidious",15,32780130,99.68
"21470","fatalistic",15,32780145,99.68
"21471","ferial",15,32780160,99.68
"21472","fetishism",15,32780175,99.68
"21473","feudalism",15,32780190,99.68
"21474","filament",15,32780205,99.68
"21475","filmic",15,32780220,99.68
"21476","fizzle",15,32780235,99.68
"21477","flagrantly",15,32780250,99.68
"21478","flatware",15,32780265,99.68
"21479","flywheel",15,32780280,99.68
"21480","foci",15,32780295,99.68
"21481","freckle",15,32780310,99.68
"21482","freshener",15,32780325,99.68
"21483","frosh",15,32780340,99.68
"21484","fugue",15,32780355,99.68
"21485","fulcrum",15,32780370,99.68
"21486","gangrene",15,32780385,99.68
"21487","genet",15,32780400,99.68
"21488","geologic",15,32780415,99.68
"21489","giddiness",15,32780430,99.68
"21490","gingersnap",15,32780445,99.68
"21491","gird",15,32780460,99.68
"21492","girlhood",15,32780475,99.68
"21493","glug",15,32780490,99.68
"21494","glyph",15,32780505,99.68
"21495","goldin",15,32780520,99.68
"21496","grampa",15,32780535,99.68
"21497","gratis",15,32780550,99.68
"21498","gravelly",15,32780565,99.68
"21499","gremlin",15,32780580,99.68
"21500","grittiness",15,32780595,99.68
"21501","grossness",15,32780610,99.68
"21502","grubs",15,32780625,99.68
"21503","grue",15,32780640,99.68
"21504","guff",15,32780655,99.68
"21505","guildhall",15,32780670,99.68
"21506","gusset",15,32780685,99.68
"21507","hafiz",15,32780700,99.68
"21508","hairpin",15,32780715,99.68
"21509","hakeem",15,32780730,99.68
"21510","hammy",15,32780745,99.68
"21511","hanif",15,32780760,99.68
"21512","harr",15,32780775,99.68
"21513","harvester",15,32780790,99.68
"21514","headmistress",15,32780805,99.68
"21515","hep",15,32780820,99.68
"21516","herbalist",15,32780835,99.68
"21517","herewith",15,32780850,99.68
"21518","hermeneutics",15,32780865,99.68
"21519","hermetic",15,32780880,99.68
"21520","hermitage",15,32780895,99.68
"21521","hoedown",15,32780910,99.68
"21522","holm",15,32780925,99.68
"21523","hora",15,32780940,99.68
"21524","housemaid",15,32780955,99.68
"21525","hullabaloo",15,32780970,99.68
"21526","humpback",15,32780985,99.68
"21527","humus",15,32781000,99.68
"21528","hydraulics",15,32781015,99.68
"21529","hypnotism",15,32781030,99.68
"21530","hypochondriac",15,32781045,99.68
"21531","icicle",15,32781060,99.68
"21532","idiomatic",15,32781075,99.68
"21533","illiteracy",15,32781090,99.68
"21534","immobility",15,32781105,99.68
"21535","impartiality",15,32781120,99.68
"21536","imperceptible",15,32781135,99.68
"21537","imperfectly",15,32781150,99.68
"21538","imperious",15,32781165,99.68
"21539","implantation",15,32781180,99.68
"21540","impressionistic",15,32781195,99.68
"21541","inaccurately",15,32781210,99.68
"21542","inconsolable",15,32781225,99.68
"21543","inconspicuous",15,32781240,99.68
"21544","incursion",15,32781255,99.68
"21545","indelibly",15,32781270,99.68
"21546","inhibition",15,32781285,99.68
"21547","initiatory",15,32781300,99.68
"21548","inset",15,32781315,99.68
"21549","instrumentalist",15,32781330,99.68
"21550","insubstantial",15,32781345,99.68
"21551","invective",15,32781360,99.68
"21552","invisibly",15,32781375,99.68
"21553","ionic",15,32781390,99.68
"21554","ironstone",15,32781405,99.68
"21555","irradiated",15,32781420,99.68
"21556","irritatingly",15,32781435,99.68
"21557","jabber",15,32781450,99.68
"21558","jamboree",15,32781465,99.68
"21559","jaundice",15,32781480,99.68
"21560","jessamine",15,32781495,99.68
"21561","jurist",15,32781510,99.68
"21562","kaki",15,32781525,99.68
"21563","kino",15,32781540,99.68
"21564","knotting",15,32781555,99.68
"21565","larder",15,32781570,99.68
"21566","lat",15,32781585,99.68
"21567","leniency",15,32781600,99.68
"21568","lill",15,32781615,99.68
"21569","longhorn",15,32781630,99.68
"21570","lotter",15,32781645,99.68
"21571","louse",15,32781660,99.68
"21572","mala",15,32781675,99.68
"21573","malfeasance",15,32781690,99.68
"21574","masochism",15,32781705,99.68
"21575","masochist",15,32781720,99.68
"21576","matrimonial",15,32781735,99.68
"21577","meekness",15,32781750,99.68
"21578","meerkat",15,32781765,99.68
"21579","meng",15,32781780,99.68
"21580","mentalist",15,32781795,99.68
"21581","metabolize",15,32781810,99.68
"21582","miasma",15,32781825,99.68
"21583","mille",15,32781840,99.68
"21584","millman",15,32781855,99.68
"21585","mim",15,32781870,99.68
"21586","minibus",15,32781885,99.68
"21587","mir",15,32781900,99.68
"21588","miserly",15,32781915,99.68
"21589","mistreat",15,32781930,99.68
"21590","mooring",15,32781945,99.68
"21591","morbidity",15,32781960,99.68
"21592","mortuary",15,32781975,99.68
"21593","muggles",15,32781990,99.68
"21594","mumps",15,32782005,99.68
"21595","nave",15,32782020,99.68
"21596","neverland",15,32782035,99.68
"21597","northwards",15,32782050,99.68
"21598","nullify",15,32782065,99.68
"21599","occupier",15,32782080,99.68
"21600","odeon",15,32782095,99.68
"21601","ology",15,32782110,99.68
"21602","ordain",15,32782125,99.68
"21603","outerwear",15,32782140,99.68
"21604","outland",15,32782155,99.68
"21605","outlast",15,32782170,99.68
"21606","outlier",15,32782185,99.68
"21607","outmoded",15,32782200,99.68
"21608","padlock",15,32782215,99.68
"21609","painlessly",15,32782230,99.68
"21610","pally",15,32782245,99.68
"21611","pantheism",15,32782260,99.68
"21612","papery",15,32782275,99.68
"21613","papyrus",15,32782290,99.68
"21614","paralytic",15,32782305,99.68
"21615","parenthetical",15,32782320,99.68
"21616","parliamentarian",15,32782335,99.68
"21617","patrician",15,32782350,99.68
"21618","paver",15,32782365,99.68
"21619","peal",15,32782380,99.68
"21620","peasantry",15,32782395,99.68
"21621","peaty",15,32782410,99.68
"21622","peninsular",15,32782425,99.68
"21623","perceptible",15,32782440,99.68
"21624","perceptual",15,32782455,99.69
"21625","permeable",15,32782470,99.69
"21626","perpetuity",15,32782485,99.69
"21627","personify",15,32782500,99.69
"21628","perversely",15,32782515,99.69
"21629","perversity",15,32782530,99.69
"21630","phlegm",15,32782545,99.69
"21631","phobic",15,32782560,99.69
"21632","piet",15,32782575,99.69
"21633","pimento",15,32782590,99.69
"21634","plex",15,32782605,99.69
"21635","pneumatic",15,32782620,99.69
"21636","poco",15,32782635,99.69
"21637","polemics",15,32782650,99.69
"21638","pompey",15,32782665,99.69
"21639","pon",15,32782680,99.69
"21640","portia",15,32782695,99.69
"21641","porto",15,32782710,99.69
"21642","postdoctoral",15,32782725,99.69
"21643","preformed",15,32782740,99.69
"21644","preposition",15,32782755,99.69
"21645","presser",15,32782770,99.69
"21646","prettiness",15,32782785,99.69
"21647","primus",15,32782800,99.69
"21648","proclivity",15,32782815,99.69
"21649","prong",15,32782830,99.69
"21650","prowler",15,32782845,99.69
"21651","qua",15,32782860,99.69
"21652","quantifiable",15,32782875,99.69
"21653","quirkiness",15,32782890,99.69
"21654","racialism",15,32782905,99.69
"21655","radium",15,32782920,99.69
"21656","ratify",15,32782935,99.69
"21657","reciprocation",15,32782950,99.69
"21658","reek",15,32782965,99.69
"21659","refracted",15,32782980,99.69
"21660","regimental",15,32782995,99.69
"21661","reinvestment",15,32783010,99.69
"21662","relatedness",15,32783025,99.69
"21663","remorseful",15,32783040,99.69
"21664","resuscitation",15,32783055,99.69
"21665","ria",15,32783070,99.69
"21666","romanticize",15,32783085,99.69
"21667","romping",15,32783100,99.69
"21668","roper",15,32783115,99.69
"21669","rotator",15,32783130,99.69
"21670","rufous",15,32783145,99.69
"21671","rumpus",15,32783160,99.69
"21672","sacrilege",15,32783175,99.69
"21673","sadism",15,32783190,99.69
"21674","sanctify",15,32783205,99.69
"21675","satisfyingly",15,32783220,99.69
"21676","savanna",15,32783235,99.69
"21677","scoliosis",15,32783250,99.69
"21678","segmented",15,32783265,99.69
"21679","sellout",15,32783280,99.69
"21680","seniority",15,32783295,99.69
"21681","shallowness",15,32783310,99.69
"21682","sheaf",15,32783325,99.69
"21683","sheathed",15,32783340,99.69
"21684","shipper",15,32783355,99.69
"21685","showman",15,32783370,99.69
"21686","sigil",15,32783385,99.69
"21687","skeet",15,32783400,99.69
"21688","skeeter",15,32783415,99.69
"21689","slanderous",15,32783430,99.69
"21690","slaved",15,32783445,99.69
"21691","sleepwalking",15,32783460,99.69
"21692","slippy",15,32783475,99.69
"21693","slobber",15,32783490,99.69
"21694","slouchy",15,32783505,99.69
"21695","smush",15,32783520,99.69
"21696","snowshoeing",15,32783535,99.69
"21697","soaker",15,32783550,99.69
"21698","sola",15,32783565,99.69
"21699","solon",15,32783580,99.69
"21700","soma",15,32783595,99.69
"21701","southwards",15,32783610,99.69
"21702","spender",15,32783625,99.69
"21703","spiking",15,32783640,99.69
"21704","springbok",15,32783655,99.69
"21705","standardization",15,32783670,99.69
"21706","startle",15,32783685,99.69
"21707","stimulant",15,32783700,99.69
"21708","stine",15,32783715,99.69
"21709","stitcher",15,32783730,99.69
"21710","stuffer",15,32783745,99.69
"21711","subatomic",15,32783760,99.69
"21712","subjugate",15,32783775,99.69
"21713","suet",15,32783790,99.69
"21714","sumac",15,32783805,99.69
"21715","superfine",15,32783820,99.69
"21716","supersede",15,32783835,99.69
"21717","supranational",15,32783850,99.69
"21718","survivalist",15,32783865,99.69
"21719","sympathizing",15,32783880,99.69
"21720","tabard",15,32783895,99.69
"21721","tableaux",15,32783910,99.69
"21722","tactically",15,32783925,99.69
"21723","tait",15,32783940,99.69
"21724","tannin",15,32783955,99.69
"21725","telecommunication",15,32783970,99.69
"21726","telepathically",15,32783985,99.69
"21727","terrify",15,32784000,99.69
"21728","throughput",15,32784015,99.69
"21729","tiling",15,32784030,99.69
"21730","titling",15,32784045,99.69
"21731","toga",15,32784060,99.69
"21732","topmost",15,32784075,99.69
"21733","tourniquet",15,32784090,99.69
"21734","transferable",15,32784105,99.69
"21735","transference",15,32784120,99.69
"21736","transparently",15,32784135,99.69
"21737","tremulous",15,32784150,99.69
"21738","triplet",15,32784165,99.69
"21739","tryptophan",15,32784180,99.69
"21740","tubby",15,32784195,99.69
"21741","tyke",15,32784210,99.69
"21742","typographic",15,32784225,99.69
"21743","umbrage",15,32784240,99.69
"21744","umpire",15,32784255,99.69
"21745","unabridged",15,32784270,99.69
"21746","unaided",15,32784285,99.69
"21747","unanticipated",15,32784300,99.69
"21748","unbeknown",15,32784315,99.69
"21749","uncertainly",15,32784330,99.69
"21750","unconditioned",15,32784345,99.69
"21751","unconstrained",15,32784360,99.69
"21752","underbrush",15,32784375,99.69
"21753","unfulfilling",15,32784390,99.69
"21754","uninvolved",15,32784405,99.69
"21755","unmolested",15,32784420,99.69
"21756","unpeeled",15,32784435,99.69
"21757","unpolluted",15,32784450,99.69
"21758","unquestioning",15,32784465,99.69
"21759","unsecured",15,32784480,99.69
"21760","unspeakably",15,32784495,99.69
"21761","unwary",15,32784510,99.69
"21762","unworkable",15,32784525,99.69
"21763","unwound",15,32784540,99.69
"21764","urbanization",15,32784555,99.69
"21765","urination",15,32784570,99.69
"21766","uva",15,32784585,99.69
"21767","vampirism",15,32784600,99.69
"21768","vehemence",15,32784615,99.69
"21769","veneration",15,32784630,99.69
"21770","viscosity",15,32784645,99.69
"21771","vitiligo",15,32784660,99.69
"21772","vociferously",15,32784675,99.69
"21773","volunteerism",15,32784690,99.69
"21774","wadi",15,32784705,99.69
"21775","waistcoat",15,32784720,99.69
"21776","wantonly",15,32784735,99.69
"21777","weedy",15,32784750,99.69
"21778","wer",15,32784765,99.69
"21779","whodunit",15,32784780,99.69
"21780","wonderfulness",15,32784795,99.69
"21781","wonga",15,32784810,99.69
"21782","wristlet",15,32784825,99.69
"21783","xylitol",15,32784840,99.69
"21784","yow",15,32784855,99.69
"21785","abrogation",14,32784869,99.69
"21786","accountancy",14,32784883,99.69
"21787","acolyte",14,32784897,99.69
"21788","acoustics",14,32784911,99.69
"21789","adopter",14,32784925,99.69
"21790","adventuresome",14,32784939,99.69
"21791","afghani",14,32784953,99.69
"21792","agate",14,32784967,99.69
"21793","ahoy",14,32784981,99.69
"21794","allergist",14,32784995,99.69
"21795","aloneness",14,32785009,99.69
"21796","aloofness",14,32785023,99.69
"21797","amoeba",14,32785037,99.69
"21798","ampersand",14,32785051,99.69
"21799","anterior",14,32785065,99.69
"21800","apportionment",14,32785079,99.69
"21801","aquaculture",14,32785093,99.69
"21802","aquamarine",14,32785107,99.69
"21803","archduke",14,32785121,99.69
"21804","arrogantly",14,32785135,99.69
"21805","aster",14,32785149,99.69
"21806","astronomically",14,32785163,99.69
"21807","aught",14,32785177,99.69
"21808","autobahn",14,32785191,99.69
"21809","bacterium",14,32785205,99.69
"21810","baldness",14,32785219,99.69
"21811","basset",14,32785233,99.69
"21812","bastardize",14,32785247,99.69
"21813","beautification",14,32785261,99.69
"21814","beekeeper",14,32785275,99.69
"21815","beget",14,32785289,99.69
"21816","beholding",14,32785303,99.69
"21817","belatedly",14,32785317,99.69
"21818","beneficent",14,32785331,99.69
"21819","benn",14,32785345,99.69
"21820","bettering",14,32785359,99.69
"21821","bewitching",14,32785373,99.69
"21822","bibliophile",14,32785387,99.69
"21823","birdy",14,32785401,99.69
"21824","blackwater",14,32785415,99.69
"21825","blest",14,32785429,99.69
"21826","blighty",14,32785443,99.69
"21827","bloomer",14,32785457,99.69
"21828","blubber",14,32785471,99.69
"21829","bluebeard",14,32785485,99.69
"21830","boathouse",14,32785499,99.69
"21831","bodybuilder",14,32785513,99.69
"21832","bombast",14,32785527,99.69
"21833","bonny",14,32785541,99.69
"21834","bookkeeper",14,32785555,99.69
"21835","bord",14,32785569,99.69
"21836","bouffant",14,32785583,99.69
"21837","bozo",14,32785597,99.69
"21838","breastplate",14,32785611,99.69
"21839","bridged",14,32785625,99.69
"21840","bronzing",14,32785639,99.69
"21841","cabana",14,32785653,99.69
"21842","camisole",14,32785667,99.69
"21843","carbo",14,32785681,99.69
"21844","carfax",14,32785695,99.69
"21845","carina",14,32785709,99.69
"21846","cavendish",14,32785723,99.69
"21847","certifiable",14,32785737,99.69
"21848","chafe",14,32785751,99.7
"21849","chambering",14,32785765,99.7
"21850","chancery",14,32785779,99.7
"21851","charlatan",14,32785793,99.7
"21852","chessboard",14,32785807,99.7
"21853","chloroform",14,32785821,99.7
"21854","choate",14,32785835,99.7
"21855","chromosomal",14,32785849,99.7
"21856","cinematographic",14,32785863,99.7
"21857","citrine",14,32785877,99.7
"21858","civics",14,32785891,99.7
"21859","clairvoyant",14,32785905,99.7
"21860","clamber",14,32785919,99.7
"21861","coinage",14,32785933,99.7
"21862","colloquially",14,32785947,99.7
"21863","compacted",14,32785961,99.7
"21864","compounding",14,32785975,99.7
"21865","conscription",14,32785989,99.7
"21866","consort",14,32786003,99.7
"21867","construe",14,32786017,99.7
"21868","contravention",14,32786031,99.7
"21869","copperhead",14,32786045,99.7
"21870","craps",14,32786059,99.7
"21871","crestfallen",14,32786073,99.7
"21872","crier",14,32786087,99.7
"21873","crocus",14,32786101,99.7
"21874","crossroad",14,32786115,99.7
"21875","croup",14,32786129,99.7
"21876","crowbar",14,32786143,99.7
"21877","crumple",14,32786157,99.7
"21878","crunchiness",14,32786171,99.7
"21879","curatorial",14,32786185,99.7
"21880","curio",14,32786199,99.7
"21881","cutthroat",14,32786213,99.7
"21882","deceiver",14,32786227,99.7
"21883","decimate",14,32786241,99.7
"21884","decoy",14,32786255,99.7
"21885","degeneracy",14,32786269,99.7
"21886","degustation",14,32786283,99.7
"21887","dehydrate",14,32786297,99.7
"21888","derivation",14,32786311,99.7
"21889","dern",14,32786325,99.7
"21890","determinant",14,32786339,99.7
"21891","determinism",14,32786353,99.7
"21892","detoxify",14,32786367,99.7
"21893","devonshire",14,32786381,99.7
"21894","devoutly",14,32786395,99.7
"21895","dhoni",14,32786409,99.7
"21896","digitize",14,32786423,99.7
"21897","diphtheria",14,32786437,99.7
"21898","dirge",14,32786451,99.7
"21899","dissociative",14,32786465,99.7
"21900","divorcee",14,32786479,99.7
"21901","doughty",14,32786493,99.7
"21902","drabble",14,32786507,99.7
"21903","dramatics",14,32786521,99.7
"21904","dramatization",14,32786535,99.7
"21905","dreamily",14,32786549,99.7
"21906","dross",14,32786563,99.7
"21907","drumbeat",14,32786577,99.7
"21908","dysentery",14,32786591,99.7
"21909","eavesdrop",14,32786605,99.7
"21910","ecologically",14,32786619,99.7
"21911","eject",14,32786633,99.7
"21912","electrics",14,32786647,99.7
"21913","emanation",14,32786661,99.7
"21914","enchant",14,32786675,99.7
"21915","endive",14,32786689,99.7
"21916","escapade",14,32786703,99.7
"21917","escapee",14,32786717,99.7
"21918","escarole",14,32786731,99.7
"21919","escrow",14,32786745,99.7
"21920","esotericism",14,32786759,99.7
"21921","ester",14,32786773,99.7
"21922","evaluative",14,32786787,99.7
"21923","excellency",14,32786801,99.7
"21924","execrable",14,32786815,99.7
"21925","exfoliate",14,32786829,99.7
"21926","expendable",14,32786843,99.7
"21927","expiring",14,32786857,99.7
"21928","extractor",14,32786871,99.7
"21929","eyewear",14,32786885,99.7
"21930","faze",14,32786899,99.7
"21931","featherweight",14,32786913,99.7
"21932","feebly",14,32786927,99.7
"21933","fiendish",14,32786941,99.7
"21934","fierceness",14,32786955,99.7
"21935","filly",14,32786969,99.7
"21936","firebird",14,32786983,99.7
"21937","fission",14,32786997,99.7
"21938","flexion",14,32787011,99.7
"21939","flightless",14,32787025,99.7
"21940","follicle",14,32787039,99.7
"21941","foreclose",14,32787053,99.7
"21942","fortuitously",14,32787067,99.7
"21943","fractional",14,32787081,99.7
"21944","frankness",14,32787095,99.7
"21945","fretless",14,32787109,99.7
"21946","fretted",14,32787123,99.7
"21947","frightfully",14,32787137,99.7
"21948","fritter",14,32787151,99.7
"21949","frostbite",14,32787165,99.7
"21950","furrow",14,32787179,99.7
"21951","gainfully",14,32787193,99.7
"21952","gasket",14,32787207,99.7
"21953","gell",14,32787221,99.7
"21954","geopolitics",14,32787235,99.7
"21955","giftedness",14,32787249,99.7
"21956","goatee",14,32787263,99.7
"21957","gossipy",14,32787277,99.7
"21958","gris",14,32787291,99.7
"21959","grouper",14,32787305,99.7
"21960","gumshoe",14,32787319,99.7
"21961","gundy",14,32787333,99.7
"21962","gunny",14,32787347,99.7
"21963","gushy",14,32787361,99.7
"21964","hatcher",14,32787375,99.7
"21965","heavenward",14,32787389,99.7
"21966","hedgerow",14,32787403,99.7
"21967","hegemonic",14,32787417,99.7
"21968","helmed",14,32787431,99.7
"21969","herby",14,32787445,99.7
"21970","hexagonal",14,32787459,99.7
"21971","hoary",14,32787473,99.7
"21972","hobble",14,32787487,99.7
"21973","hogwash",14,32787501,99.7
"21974","homogeneity",14,32787515,99.7
"21975","hooch",14,32787529,99.7
"21976","hubble",14,32787543,99.7
"21977","hyperbolic",14,32787557,99.7
"21978","hyperventilate",14,32787571,99.7
"21979","ide",14,32787585,99.7
"21980","ignominious",14,32787599,99.7
"21981","immigrate",14,32787613,99.7
"21982","immodest",14,32787627,99.7
"21983","imperceptibly",14,32787641,99.7
"21984","inaccuracy",14,32787655,99.7
"21985","incalculable",14,32787669,99.7
"21986","indict",14,32787683,99.7
"21987","indisputably",14,32787697,99.7
"21988","inequity",14,32787711,99.7
"21989","infirm",14,32787725,99.7
"21990","infraction",14,32787739,99.7
"21991","inlaid",14,32787753,99.7
"21992","inordinately",14,32787767,99.7
"21993","insoluble",14,32787781,99.7
"21994","insufficiently",14,32787795,99.7
"21995","interdiction",14,32787809,99.7
"21996","interlaced",14,32787823,99.7
"21997","interrelated",14,32787837,99.7
"21998","irk",14,32787851,99.7
"21999","ironside",14,32787865,99.7
"22000","jackal",14,32787879,99.7
"22001","jager",14,32787893,99.7
"22002","jailer",14,32787907,99.7
"22003","jingling",14,32787921,99.7
"22004","jinks",14,32787935,99.7
"22005","jointed",14,32787949,99.7
"22006","kibosh",14,32787963,99.7
"22007","kindling",14,32787977,99.7
"22008","kohlrabi",14,32787991,99.7
"22009","krausen",14,32788005,99.7
"22010","laboriously",14,32788019,99.7
"22011","laconic",14,32788033,99.7
"22012","lacuna",14,32788047,99.7
"22013","laine",14,32788061,99.7
"22014","lascivious",14,32788075,99.7
"22015","leafless",14,32788089,99.7
"22016","lemming",14,32788103,99.7
"22017","lemur",14,32788117,99.7
"22018","levant",14,32788131,99.7
"22019","limbic",14,32788145,99.7
"22020","lodger",14,32788159,99.7
"22021","loggia",14,32788173,99.7
"22022","lombard",14,32788187,99.7
"22023","loreal",14,32788201,99.7
"22024","lossless",14,32788215,99.7
"22025","lostness",14,32788229,99.7
"22026","lox",14,32788243,99.7
"22027","luminescent",14,32788257,99.7
"22028","lustrous",14,32788271,99.7
"22029","lute",14,32788285,99.7
"22030","mammy",14,32788299,99.7
"22031","marjoram",14,32788313,99.7
"22032","markup",14,32788327,99.7
"22033","matador",14,32788341,99.7
"22034","matchbook",14,32788355,99.7
"22035","maundy",14,32788369,99.7
"22036","melton",14,32788383,99.7
"22037","mew",14,32788397,99.7
"22038","militarism",14,32788411,99.7
"22039","millisecond",14,32788425,99.7
"22040","minnow",14,32788439,99.7
"22041","momenta",14,32788453,99.7
"22042","mosey",14,32788467,99.7
"22043","muffle",14,32788481,99.7
"22044","multilateral",14,32788495,99.7
"22045","musculature",14,32788509,99.7
"22046","mussel",14,32788523,99.7
"22047","nae",14,32788537,99.7
"22048","nailer",14,32788551,99.7
"22049","naturalization",14,32788565,99.7
"22050","necromancer",14,32788579,99.7
"22051","neem",14,32788593,99.7
"22052","neophyte",14,32788607,99.7
"22053","neuron",14,32788621,99.7
"22054","neve",14,32788635,99.7
"22055","newscast",14,32788649,99.7
"22056","newsstand",14,32788663,99.7
"22057","nightshade",14,32788677,99.7
"22058","nougat",14,32788691,99.7
"22059","nucleotide",14,32788705,99.7
"22060","nullification",14,32788719,99.7
"22061","numerology",14,32788733,99.7
"22062","obelisk",14,32788747,99.7
"22063","obsolescence",14,32788761,99.7
"22064","occultism",14,32788775,99.7
"22065","octogenarian",14,32788789,99.7
"22066","oda",14,32788803,99.7
"22067","odorless",14,32788817,99.7
"22068","olfactory",14,32788831,99.7
"22069","onshore",14,32788845,99.7
"22070","opportunism",14,32788859,99.7
"22071","optometrist",14,32788873,99.7
"22072","oriole",14,32788887,99.7
"22073","ornately",14,32788901,99.7
"22074","ostensible",14,32788915,99.7
"22075","otherworld",14,32788929,99.7
"22076","outlander",14,32788943,99.7
"22077","outlive",14,32788957,99.7
"22078","overabundance",14,32788971,99.7
"22079","overactive",14,32788985,99.7
"22080","overeat",14,32788999,99.7
"22081","paleolithic",14,32789013,99.7
"22082","parentage",14,32789027,99.7
"22083","parka",14,32789041,99.71
"22084","paschal",14,32789055,99.71
"22085","pasteur",14,32789069,99.71
"22086","patrolman",14,32789083,99.71
"22087","patronize",14,32789097,99.71
"22088","pauper",14,32789111,99.71
"22089","peerless",14,32789125,99.71
"22090","persecutor",14,32789139,99.71
"22091","phonetic",14,32789153,99.71
"22092","piranha",14,32789167,99.71
"22093","pitfall",14,32789181,99.71
"22094","plait",14,32789195,99.71
"22095","planetarium",14,32789209,99.71
"22096","plausibly",14,32789223,99.71
"22097","plumping",14,32789237,99.71
"22098","plunk",14,32789251,99.71
"22099","poignantly",14,32789265,99.71
"22100","policewoman",14,32789279,99.71
"22101","polygamous",14,32789293,99.71
"22102","possessor",14,32789307,99.71
"22103","prana",14,32789321,99.71
"22104","precipitous",14,32789335,99.71
"22105","pried",14,32789349,99.71
"22106","priss",14,32789363,99.71
"22107","profitably",14,32789377,99.71
"22108","programmatic",14,32789391,99.71
"22109","projectionist",14,32789405,99.71
"22110","promulgation",14,32789419,99.71
"22111","propulsion",14,32789433,99.71
"22112","prosthetic",14,32789447,99.71
"22113","pulley",14,32789461,99.71
"22114","pygmy",14,32789475,99.71
"22115","pyre",14,32789489,99.71
"22116","pyrotechnics",14,32789503,99.71
"22117","quieting",14,32789517,99.71
"22118","rab",14,32789531,99.71
"22119","radiologist",14,32789545,99.71
"22120","radiology",14,32789559,99.71
"22121","raglan",14,32789573,99.71
"22122","rayed",14,32789587,99.71
"22123","reachable",14,32789601,99.71
"22124","redecorate",14,32789615,99.71
"22125","redeemable",14,32789629,99.71
"22126","redux",14,32789643,99.71
"22127","relevancy",14,32789657,99.71
"22128","reminiscence",14,32789671,99.71
"22129","replacer",14,32789685,99.71
"22130","republicanism",14,32789699,99.71
"22131","restaurateur",14,32789713,99.71
"22132","resurgent",14,32789727,99.71
"22133","retinue",14,32789741,99.71
"22134","rightist",14,32789755,99.71
"22135","righty",14,32789769,99.71
"22136","rodham",14,32789783,99.71
"22137","roughness",14,32789797,99.71
"22138","roughshod",14,32789811,99.71
"22139","rower",14,32789825,99.71
"22140","ruffly",14,32789839,99.71
"22141","ruination",14,32789853,99.71
"22142","sacramental",14,32789867,99.71
"22143","sago",14,32789881,99.71
"22144","sanctum",14,32789895,99.71
"22145","sapping",14,32789909,99.71
"22146","saturnalia",14,32789923,99.71
"22147","saunter",14,32789937,99.71
"22148","savant",14,32789951,99.71
"22149","sayer",14,32789965,99.71
"22150","scabies",14,32789979,99.71
"22151","schematic",14,32789993,99.71
"22152","schiller",14,32790007,99.71
"22153","scram",14,32790021,99.71
"22154","screwball",14,32790035,99.71
"22155","scrounging",14,32790049,99.71
"22156","seaboard",14,32790063,99.71
"22157","searcher",14,32790077,99.71
"22158","secede",14,32790091,99.71
"22159","separatist",14,32790105,99.71
"22160","ser",14,32790119,99.71
"22161","sewerage",14,32790133,99.71
"22162","sextet",14,32790147,99.71
"22163","shambling",14,32790161,99.71
"22164","shapeshifter",14,32790175,99.71
"22165","sharer",14,32790189,99.71
"22166","shelve",14,32790203,99.71
"22167","shiv",14,32790217,99.71
"22168","shoestring",14,32790231,99.71
"22169","shoring",14,32790245,99.71
"22170","shortsighted",14,32790259,99.71
"22171","showpiece",14,32790273,99.71
"22172","silica",14,32790287,99.71
"22173","simulacra",14,32790301,99.71
"22174","sina",14,32790315,99.71
"22175","sinew",14,32790329,99.71
"22176","skee",14,32790343,99.71
"22177","skidded",14,32790357,99.71
"22178","skulking",14,32790371,99.71
"22179","slandering",14,32790385,99.71
"22180","sleepily",14,32790399,99.71
"22181","slipknot",14,32790413,99.71
"22182","slunk",14,32790427,99.71
"22183","smokeless",14,32790441,99.71
"22184","snafu",14,32790455,99.71
"22185","snape",14,32790469,99.71
"22186","soliloquy",14,32790483,99.71
"22187","somersault",14,32790497,99.71
"22188","spangle",14,32790511,99.71
"22189","spay",14,32790525,99.71
"22190","spiritualism",14,32790539,99.71
"22191","spousal",14,32790553,99.71
"22192","sputter",14,32790567,99.71
"22193","squeezy",14,32790581,99.71
"22194","squiggle",14,32790595,99.71
"22195","stabilizer",14,32790609,99.71
"22196","stagnate",14,32790623,99.71
"22197","stemware",14,32790637,99.71
"22198","steppe",14,32790651,99.71
"22199","sterility",14,32790665,99.71
"22200","stiffen",14,32790679,99.71
"22201","stigmata",14,32790693,99.71
"22202","stoppage",14,32790707,99.71
"22203","strategize",14,32790721,99.71
"22204","stubb",14,32790735,99.71
"22205","subservience",14,32790749,99.71
"22206","succubus",14,32790763,99.71
"22207","suchlike",14,32790777,99.71
"22208","suiting",14,32790791,99.71
"22209","sunbeam",14,32790805,99.71
"22210","supersonic",14,32790819,99.71
"22211","superwoman",14,32790833,99.71
"22212","swaddle",14,32790847,99.71
"22213","synopses",14,32790861,99.71
"22214","syringes",14,32790875,99.71
"22215","talkie",14,32790889,99.71
"22216","tannic",14,32790903,99.71
"22217","tarantula",14,32790917,99.71
"22218","telecast",14,32790931,99.71
"22219","tenable",14,32790945,99.71
"22220","termite",14,32790959,99.71
"22221","theosophy",14,32790973,99.71
"22222","thro",14,32790987,99.71
"22223","thunderbolt",14,32791001,99.71
"22224","tink",14,32791015,99.71
"22225","toadstool",14,32791029,99.71
"22226","toho",14,32791043,99.71
"22227","toity",14,32791057,99.71
"22228","traceable",14,32791071,99.71
"22229","traipse",14,32791085,99.71
"22230","transactional",14,32791099,99.71
"22231","transmuting",14,32791113,99.71
"22232","trig",14,32791127,99.71
"22233","trike",14,32791141,99.71
"22234","triptych",14,32791155,99.71
"22235","triumphal",14,32791169,99.71
"22236","truancy",14,32791183,99.71
"22237","trumpeting",14,32791197,99.71
"22238","typesetting",14,32791211,99.71
"22239","typographical",14,32791225,99.71
"22240","ultramarine",14,32791239,99.71
"22241","ump",14,32791253,99.71
"22242","unaccounted",14,32791267,99.71
"22243","unaccustomed",14,32791281,99.71
"22244","unadorned",14,32791295,99.71
"22245","unanswerable",14,32791309,99.71
"22246","uncannily",14,32791323,99.71
"22247","undamaged",14,32791337,99.71
"22248","undertow",14,32791351,99.71
"22249","undiluted",14,32791365,99.71
"22250","unenviable",14,32791379,99.71
"22251","unequally",14,32791393,99.71
"22252","unfurl",14,32791407,99.71
"22253","unlit",14,32791421,99.71
"22254","unmoving",14,32791435,99.71
"22255","unperturbed",14,32791449,99.71
"22256","unquenchable",14,32791463,99.71
"22257","unremitting",14,32791477,99.71
"22258","unrighteous",14,32791491,99.71
"22259","unshakable",14,32791505,99.71
"22260","unshakeable",14,32791519,99.71
"22261","unsurpassed",14,32791533,99.71
"22262","untroubled",14,32791547,99.71
"22263","unturned",14,32791561,99.71
"22264","uttermost",14,32791575,99.71
"22265","valedictorian",14,32791589,99.71
"22266","venereal",14,32791603,99.71
"22267","verbalize",14,32791617,99.71
"22268","verruca",14,32791631,99.71
"22269","vilification",14,32791645,99.71
"22270","vole",14,32791659,99.71
"22271","vulgate",14,32791673,99.71
"22272","ween",14,32791687,99.71
"22273","wellspring",14,32791701,99.71
"22274","welt",14,32791715,99.71
"22275","welterweight",14,32791729,99.71
"22276","westbound",14,32791743,99.71
"22277","whitish",14,32791757,99.71
"22278","whoopee",14,32791771,99.71
"22279","wigwam",14,32791785,99.71
"22280","winnable",14,32791799,99.71
"22281","womanizer",14,32791813,99.71
"22282","yurt",14,32791827,99.71
"22283","zinfandel",14,32791841,99.71
"22284","aardvark",13,32791854,99.71
"22285","aberrant",13,32791867,99.71
"22286","abhorrence",13,32791880,99.71
"22287","acclimate",13,32791893,99.71
"22288","acerbic",13,32791906,99.71
"22289","ach",13,32791919,99.71
"22290","acrimony",13,32791932,99.71
"22291","acuity",13,32791945,99.71
"22292","adagio",13,32791958,99.71
"22293","aggrandizement",13,32791971,99.71
"22294","aguinaldo",13,32791984,99.71
"22295","ambulatory",13,32791997,99.71
"22296","amphibian",13,32792010,99.71
"22297","anamorphic",13,32792023,99.71
"22298","aneurysm",13,32792036,99.71
"22299","aphorism",13,32792049,99.71
"22300","appendicitis",13,32792062,99.71
"22301","approvingly",13,32792075,99.71
"22302","arcadian",13,32792088,99.71
"22303","arnica",13,32792101,99.71
"22304","arrowhead",13,32792114,99.71
"22305","ascendant",13,32792127,99.71
"22306","askance",13,32792140,99.71
"22307","astutely",13,32792153,99.71
"22308","babyish",13,32792166,99.71
"22309","backless",13,32792179,99.71
"22310","barbarous",13,32792192,99.71
"22311","barfly",13,32792205,99.71
"22312","beadwork",13,32792218,99.71
"22313","bedchamber",13,32792231,99.71
"22314","bedded",13,32792244,99.71
"22315","benefic",13,32792257,99.71
"22316","betrayer",13,32792270,99.71
"22317","bezel",13,32792283,99.71
"22318","bibb",13,32792296,99.71
"22319","bick",13,32792309,99.71
"22320","binocular",13,32792322,99.72
"22321","biochemistry",13,32792335,99.72
"22322","birdbath",13,32792348,99.72
"22323","birdseed",13,32792361,99.72
"22324","birthstone",13,32792374,99.72
"22325","blackthorn",13,32792387,99.72
"22326","blanca",13,32792400,99.72
"22327","blistered",13,32792413,99.72
"22328","bloodhound",13,32792426,99.72
"22329","boardman",13,32792439,99.72
"22330","bobcat",13,32792452,99.72
"22331","bolivar",13,32792465,99.72
"22332","bookie",13,32792478,99.72
"22333","boyer",13,32792491,99.72
"22334","braise",13,32792504,99.72
"22335","brayer",13,32792517,99.72
"22336","breakaway",13,32792530,99.72
"22337","brimmed",13,32792543,99.72
"22338","brogue",13,32792556,99.72
"22339","bubby",13,32792569,99.72
"22340","bubonic",13,32792582,99.72
"22341","burl",13,32792595,99.72
"22342","cagey",13,32792608,99.72
"22343","cajoling",13,32792621,99.72
"22344","canto",13,32792634,99.72
"22345","canvass",13,32792647,99.72
"22346","capitulate",13,32792660,99.72
"22347","carafe",13,32792673,99.72
"22348","carberry",13,32792686,99.72
"22349","carburetor",13,32792699,99.72
"22350","carcinogenic",13,32792712,99.72
"22351","carob",13,32792725,99.72
"22352","carport",13,32792738,99.72
"22353","cataract",13,32792751,99.72
"22354","cess",13,32792764,99.72
"22355","checkmate",13,32792777,99.72
"22356","cheerily",13,32792790,99.72
"22357","chenille",13,32792803,99.72
"22358","chromatic",13,32792816,99.72
"22359","cicerone",13,32792829,99.72
"22360","circulatory",13,32792842,99.72
"22361","circumscribed",13,32792855,99.72
"22362","clapboard",13,32792868,99.72
"22363","clasping",13,32792881,99.72
"22364","combatant",13,32792894,99.72
"22365","communicable",13,32792907,99.72
"22366","computation",13,32792920,99.72
"22367","computational",13,32792933,99.72
"22368","conal",13,32792946,99.72
"22369","conjugal",13,32792959,99.72
"22370","consecrate",13,32792972,99.72
"22371","constitutionalism",13,32792985,99.72
"22372","constraining",13,32792998,99.72
"22373","contrive",13,32793011,99.72
"22374","convivial",13,32793024,99.72
"22375","copped",13,32793037,99.72
"22376","corkscrew",13,32793050,99.72
"22377","cornflower",13,32793063,99.72
"22378","correspondingly",13,32793076,99.72
"22379","cosmological",13,32793089,99.72
"22380","coursed",13,32793102,99.72
"22381","courtly",13,32793115,99.72
"22382","cranium",13,32793128,99.72
"22383","crawler",13,32793141,99.72
"22384","crawley",13,32793154,99.72
"22385","croak",13,32793167,99.72
"22386","cumulus",13,32793180,99.72
"22387","cutlass",13,32793193,99.72
"22388","dallying",13,32793206,99.72
"22389","damping",13,32793219,99.72
"22390","debutante",13,32793232,99.72
"22391","declaratory",13,32793245,99.72
"22392","decompress",13,32793258,99.72
"22393","delude",13,32793271,99.72
"22394","demonstrative",13,32793284,99.72
"22395","desertion",13,32793297,99.72
"22396","destabilize",13,32793310,99.72
"22397","diagnostics",13,32793323,99.72
"22398","dicing",13,32793336,99.72
"22399","dimensionality",13,32793349,99.72
"22400","dinnerware",13,32793362,99.72
"22401","disallow",13,32793375,99.72
"22402","disastrously",13,32793388,99.72
"22403","disciplinarian",13,32793401,99.72
"22404","discontented",13,32793414,99.72
"22405","disembark",13,32793427,99.72
"22406","dishwater",13,32793440,99.72
"22407","disloyalty",13,32793453,99.72
"22408","dispassionately",13,32793466,99.72
"22409","dispensary",13,32793479,99.72
"22410","dispersal",13,32793492,99.72
"22411","dissociation",13,32793505,99.72
"22412","diversification",13,32793518,99.72
"22413","dobson",13,32793531,99.72
"22414","doggedly",13,32793544,99.72
"22415","doggone",13,32793557,99.72
"22416","drench",13,32793570,99.72
"22417","dully",13,32793583,99.72
"22418","dumbbell",13,32793596,99.72
"22419","ecliptic",13,32793609,99.72
"22420","effectual",13,32793622,99.72
"22421","effusive",13,32793635,99.72
"22422","egging",13,32793648,99.72
"22423","elbowed",13,32793661,99.72
"22424","employable",13,32793674,99.72
"22425","enhancer",13,32793687,99.72
"22426","enjoyably",13,32793700,99.72
"22427","enrolment",13,32793713,99.72
"22428","escarpment",13,32793726,99.72
"22429","eschatology",13,32793739,99.72
"22430","estrangement",13,32793752,99.72
"22431","evanescence",13,32793765,99.72
"22432","evangelion",13,32793778,99.72
"22433","exasperating",13,32793791,99.72
"22434","exclusionary",13,32793804,99.72
"22435","excretion",13,32793817,99.72
"22436","exhaustively",13,32793830,99.72
"22437","existentialism",13,32793843,99.72
"22438","experimentally",13,32793856,99.72
"22439","fallacious",13,32793869,99.72
"22440","farmyard",13,32793882,99.72
"22441","fatalism",13,32793895,99.72
"22442","federalism",13,32793908,99.72
"22443","fei",13,32793921,99.72
"22444","feller",13,32793934,99.72
"22445","fetid",13,32793947,99.72
"22446","fieldwork",13,32793960,99.72
"22447","fistula",13,32793973,99.72
"22448","flagellation",13,32793986,99.72
"22449","fleetingly",13,32793999,99.72
"22450","floater",13,32794012,99.72
"22451","fluttery",13,32794025,99.72
"22452","footbridge",13,32794038,99.72
"22453","forcible",13,32794051,99.72
"22454","foreshadow",13,32794064,99.72
"22455","forfeiture",13,32794077,99.72
"22456","formalism",13,32794090,99.72
"22457","formulae",13,32794103,99.72
"22458","frappe",13,32794116,99.72
"22459","frig",13,32794129,99.72
"22460","gio",13,32794142,99.72
"22461","gladiatorial",13,32794155,99.72
"22462","glassman",13,32794168,99.72
"22463","goad",13,32794181,99.72
"22464","gonorrhea",13,32794194,99.72
"22465","graciousness",13,32794207,99.72
"22466","grandstand",13,32794220,99.72
"22467","grimly",13,32794233,99.72
"22468","grotesquely",13,32794246,99.72
"22469","guarantor",13,32794259,99.72
"22470","guiltily",13,32794272,99.72
"22471","gulch",13,32794285,99.72
"22472","gullet",13,32794298,99.72
"22473","gullibility",13,32794311,99.72
"22474","gulping",13,32794324,99.72
"22475","handball",13,32794337,99.72
"22476","harmonium",13,32794350,99.72
"22477","hearken",13,32794363,99.72
"22478","herbaceous",13,32794376,99.72
"22479","hew",13,32794389,99.72
"22480","hexagram",13,32794402,99.72
"22481","highball",13,32794415,99.72
"22482","hocus",13,32794428,99.72
"22483","homebody",13,32794441,99.72
"22484","homoerotic",13,32794454,99.72
"22485","honorably",13,32794467,99.72
"22486","hoon",13,32794480,99.72
"22487","housebound",13,32794493,99.72
"22488","huck",13,32794506,99.72
"22489","humanize",13,32794519,99.72
"22490","humph",13,32794532,99.72
"22491","hungrily",13,32794545,99.72
"22492","idolize",13,32794558,99.72
"22493","ignoble",13,32794571,99.72
"22494","ignominy",13,32794584,99.72
"22495","illegality",13,32794597,99.72
"22496","illusionary",13,32794610,99.72
"22497","illusionist",13,32794623,99.72
"22498","immanence",13,32794636,99.72
"22499","impeding",13,32794649,99.72
"22500","imperishable",13,32794662,99.72
"22501","imperium",13,32794675,99.72
"22502","impersonate",13,32794688,99.72
"22503","impertinent",13,32794701,99.72
"22504","impresario",13,32794714,99.72
"22505","improbably",13,32794727,99.72
"22506","impropriety",13,32794740,99.72
"22507","inadmissible",13,32794753,99.72
"22508","incantation",13,32794766,99.72
"22509","indecipherable",13,32794779,99.72
"22510","indent",13,32794792,99.72
"22511","indignantly",13,32794805,99.72
"22512","inductive",13,32794818,99.72
"22513","inflationary",13,32794831,99.72
"22514","inheritor",13,32794844,99.72
"22515","inorganic",13,32794857,99.72
"22516","insinuate",13,32794870,99.72
"22517","intercollegiate",13,32794883,99.72
"22518","intertwining",13,32794896,99.72
"22519","introversion",13,32794909,99.72
"22520","inundate",13,32794922,99.72
"22521","invulnerable",13,32794935,99.72
"22522","jabbing",13,32794948,99.72
"22523","jama",13,32794961,99.72
"22524","jangly",13,32794974,99.72
"22525","jarl",13,32794987,99.72
"22526","jostle",13,32795000,99.72
"22527","keeling",13,32795013,99.72
"22528","kinesthetic",13,32795026,99.72
"22529","kismet",13,32795039,99.72
"22530","kith",13,32795052,99.72
"22531","kneed",13,32795065,99.72
"22532","knitwear",13,32795078,99.72
"22533","knocker",13,32795091,99.72
"22534","lamentation",13,32795104,99.72
"22535","lamplight",13,32795117,99.72
"22536","landlocked",13,32795130,99.72
"22537","lanolin",13,32795143,99.72
"22538","larva",13,32795156,99.72
"22539","larynx",13,32795169,99.72
"22540","latching",13,32795182,99.72
"22541","laxative",13,32795195,99.72
"22542","lectern",13,32795208,99.72
"22543","legless",13,32795221,99.72
"22544","lek",13,32795234,99.72
"22545","libation",13,32795247,99.72
"22546","lightheaded",13,32795260,99.72
"22547","likability",13,32795273,99.72
"22548","limpid",13,32795286,99.72
"22549","linchpin",13,32795299,99.72
"22550","linsey",13,32795312,99.72
"22551","loudness",13,32795325,99.72
"22552","lucerne",13,32795338,99.72
"22553","lyre",13,32795351,99.72
"22554","malignancy",13,32795364,99.72
"22555","mandrel",13,32795377,99.72
"22556","mangle",13,32795390,99.72
"22557","manhole",13,32795403,99.72
"22558","manipulator",13,32795416,99.72
"22559","masochistic",13,32795429,99.72
"22560","matchmaker",13,32795442,99.72
"22561","matric",13,32795455,99.72
"22562","mealy",13,32795468,99.72
"22563","meaner",13,32795481,99.72
"22564","middleweight",13,32795494,99.72
"22565","milt",13,32795507,99.72
"22566","mindfully",13,32795520,99.72
"22567","minima",13,32795533,99.72
"22568","miscreant",13,32795546,99.72
"22569","modal",13,32795559,99.72
"22570","modernize",13,32795572,99.72
"22571","mong",13,32795585,99.72
"22572","monger",13,32795598,99.72
"22573","monoculture",13,32795611,99.73
"22574","monumentally",13,32795624,99.73
"22575","mooch",13,32795637,99.73
"22576","mooning",13,32795650,99.73
"22577","moorish",13,32795663,99.73
"22578","moreish",13,32795676,99.73
"22579","motorcade",13,32795689,99.73
"22580","mouthy",13,32795702,99.73
"22581","mullah",13,32795715,99.73
"22582","natter",13,32795728,99.73
"22583","nea",13,32795741,99.73
"22584","nestling",13,32795754,99.73
"22585","nippy",13,32795767,99.73
"22586","noma",13,32795780,99.73
"22587","nonfat",13,32795793,99.73
"22588","northbound",13,32795806,99.73
"22589","nosebleed",13,32795819,99.73
"22590","nullity",13,32795832,99.73
"22591","numerically",13,32795845,99.73
"22592","nutritive",13,32795858,99.73
"22593","oaf",13,32795871,99.73
"22594","oaky",13,32795884,99.73
"22595","obliteration",13,32795897,99.73
"22596","obstetrician",13,32795910,99.73
"22597","omnipotence",13,32795923,99.73
"22598","ora",13,32795936,99.73
"22599","orifice",13,32795949,99.73
"22600","ortho",13,32795962,99.73
"22601","oscillating",13,32795975,99.73
"22602","outsized",13,32795988,99.73
"22603","overreach",13,32796001,99.73
"22604","overshadowing",13,32796014,99.73
"22605","pacify",13,32796027,99.73
"22606","paean",13,32796040,99.73
"22607","painterly",13,32796053,99.73
"22608","palatine",13,32796066,99.73
"22609","pallor",13,32796079,99.73
"22610","pannier",13,32796092,99.73
"22611","parr",13,32796105,99.73
"22612","parter",13,32796118,99.73
"22613","particularity",13,32796131,99.73
"22614","paternalistic",13,32796144,99.73
"22615","pawing",13,32796157,99.73
"22616","peddler",13,32796170,99.73
"22617","pentagram",13,32796183,99.73
"22618","perilously",13,32796196,99.73
"22619","perishing",13,32796209,99.73
"22620","picador",13,32796222,99.73
"22621","pinion",13,32796235,99.73
"22622","pino",13,32796248,99.73
"22623","pipped",13,32796261,99.73
"22624","plastering",13,32796274,99.73
"22625","plebs",13,32796287,99.73
"22626","plutocracy",13,32796300,99.73
"22627","poetical",13,32796313,99.73
"22628","polarizer",13,32796326,99.73
"22629","pored",13,32796339,99.73
"22630","ported",13,32796352,99.73
"22631","prat",13,32796365,99.73
"22632","praxis",13,32796378,99.73
"22633","precondition",13,32796391,99.73
"22634","predicative",13,32796404,99.73
"22635","prentice",13,32796417,99.73
"22636","profiler",13,32796430,99.73
"22637","prostrate",13,32796443,99.73
"22638","protrude",13,32796456,99.73
"22639","pua",13,32796469,99.73
"22640","publicize",13,32796482,99.73
"22641","punctured",13,32796495,99.73
"22642","pushover",13,32796508,99.73
"22643","ragout",13,32796521,99.73
"22644","rasping",13,32796534,99.73
"22645","rationalism",13,32796547,99.73
"22646","ravage",13,32796560,99.73
"22647","rawhide",13,32796573,99.73
"22648","readjust",13,32796586,99.73
"22649","reassemble",13,32796599,99.73
"22650","rebrand",13,32796612,99.73
"22651","recklessness",13,32796625,99.73
"22652","recompense",13,32796638,99.73
"22653","refutation",13,32796651,99.73
"22654","relight",13,32796664,99.73
"22655","remarriage",13,32796677,99.73
"22656","repackage",13,32796690,99.73
"22657","repartee",13,32796703,99.73
"22658","repelling",13,32796716,99.73
"22659","repentant",13,32796729,99.73
"22660","reprimanding",13,32796742,99.73
"22661","retroactively",13,32796755,99.73
"22662","revitalization",13,32796768,99.73
"22663","rhetorically",13,32796781,99.73
"22664","rifling",13,32796794,99.73
"22665","ringleader",13,32796807,99.73
"22666","rota",13,32796820,99.73
"22667","ruinous",13,32796833,99.73
"22668","ruminate",13,32796846,99.73
"22669","ruskin",13,32796859,99.73
"22670","salaried",13,32796872,99.73
"22671","saltine",13,32796885,99.73
"22672","samara",13,32796898,99.73
"22673","sanctimonious",13,32796911,99.73
"22674","sanguine",13,32796924,99.73
"22675","scalar",13,32796937,99.73
"22676","schizoid",13,32796950,99.73
"22677","schoolbook",13,32796963,99.73
"22678","schooner",13,32796976,99.73
"22679","scoffing",13,32796989,99.73
"22680","scornful",13,32797002,99.73
"22681","scratcher",13,32797015,99.73
"22682","scuttling",13,32797028,99.73
"22683","selenium",13,32797041,99.73
"22684","sequitur",13,32797054,99.73
"22685","serenely",13,32797067,99.73
"22686","seventieth",13,32797080,99.73
"22687","shadowbox",13,32797093,99.73
"22688","sheeting",13,32797106,99.73
"22689","shrivel",13,32797119,99.73
"22690","sidhe",13,32797132,99.73
"22691","sind",13,32797145,99.73
"22692","sinfulness",13,32797158,99.73
"22693","slavishly",13,32797171,99.73
"22694","slinking",13,32797184,99.73
"22695","solver",13,32797197,99.73
"22696","songstress",13,32797210,99.73
"22697","sparkler",13,32797223,99.73
"22698","splice",13,32797236,99.73
"22699","spry",13,32797249,99.73
"22700","squaring",13,32797262,99.73
"22701","stammer",13,32797275,99.73
"22702","stealer",13,32797288,99.73
"22703","steamship",13,32797301,99.73
"22704","stearic",13,32797314,99.73
"22705","steeplechase",13,32797327,99.73
"22706","stocky",13,32797340,99.73
"22707","stowaway",13,32797353,99.73
"22708","strangles",13,32797366,99.73
"22709","stringed",13,32797379,99.73
"22710","strum",13,32797392,99.73
"22711","strummer",13,32797405,99.73
"22712","stubbed",13,32797418,99.73
"22713","studiously",13,32797431,99.73
"22714","styrene",13,32797444,99.73
"22715","subgroup",13,32797457,99.73
"22716","subliminally",13,32797470,99.73
"22717","successively",13,32797483,99.73
"22718","suid",13,32797496,99.73
"22719","sunway",13,32797509,99.73
"22720","supplant",13,32797522,99.73
"22721","swoosh",13,32797535,99.73
"22722","swum",13,32797548,99.73
"22723","synapses",13,32797561,99.73
"22724","taciturn",13,32797574,99.73
"22725","tana",13,32797587,99.73
"22726","tantric",13,32797600,99.73
"22727","tattletale",13,32797613,99.73
"22728","taxidermy",13,32797626,99.73
"22729","teleological",13,32797639,99.73
"22730","theatrics",13,32797652,99.73
"22731","theodicy",13,32797665,99.73
"22732","therefrom",13,32797678,99.73
"22733","thinness",13,32797691,99.73
"22734","thoughtlessly",13,32797704,99.73
"22735","thousandth",13,32797717,99.73
"22736","threefold",13,32797730,99.73
"22737","thudding",13,32797743,99.73
"22738","ticklish",13,32797756,99.73
"22739","titillation",13,32797769,99.73
"22740","tittle",13,32797782,99.73
"22741","tonality",13,32797795,99.73
"22742","torsion",13,32797808,99.73
"22743","torturer",13,32797821,99.73
"22744","transocean",13,32797834,99.73
"22745","trapezoid",13,32797847,99.73
"22746","trillium",13,32797860,99.73
"22747","tropic",13,32797873,99.73
"22748","tuner",13,32797886,99.73
"22749","turpentine",13,32797899,99.73
"22750","twa",13,32797912,99.73
"22751","twangy",13,32797925,99.73
"22752","unalienable",13,32797938,99.73
"22753","unblinking",13,32797951,99.73
"22754","unbounded",13,32797964,99.73
"22755","uncritically",13,32797977,99.73
"22756","unctuous",13,32797990,99.73
"22757","undersized",13,32798003,99.73
"22758","undifferentiated",13,32798016,99.73
"22759","undrinkable",13,32798029,99.73
"22760","unemployable",13,32798042,99.73
"22761","unfavorably",13,32798055,99.73
"22762","unfilled",13,32798068,99.73
"22763","unflavored",13,32798081,99.73
"22764","unfruitful",13,32798094,99.73
"22765","unhurt",13,32798107,99.73
"22766","unlearn",13,32798120,99.73
"22767","unmasked",13,32798133,99.73
"22768","unnerved",13,32798146,99.73
"22769","unofficially",13,32798159,99.73
"22770","unpick",13,32798172,99.73
"22771","unprincipled",13,32798185,99.73
"22772","unreservedly",13,32798198,99.73
"22773","unripe",13,32798211,99.73
"22774","unscented",13,32798224,99.73
"22775","unseated",13,32798237,99.73
"22776","unspoiled",13,32798250,99.73
"22777","untruth",13,32798263,99.73
"22778","unwed",13,32798276,99.73
"22779","unworthiness",13,32798289,99.73
"22780","upcountry",13,32798302,99.73
"22781","urology",13,32798315,99.73
"22782","varietal",13,32798328,99.73
"22783","veined",13,32798341,99.73
"22784","verisimilitude",13,32798354,99.73
"22785","vertebrae",13,32798367,99.73
"22786","vespertine",13,32798380,99.73
"22787","vibrantly",13,32798393,99.73
"22788","vibratory",13,32798406,99.73
"22789","vocalize",13,32798419,99.73
"22790","voyeurism",13,32798432,99.73
"22791","waterside",13,32798445,99.73
"22792","weathering",13,32798458,99.73
"22793","weeny",13,32798471,99.73
"22794","wielder",13,32798484,99.73
"22795","willies",13,32798497,99.73
"22796","winch",13,32798510,99.73
"22797","wombat",13,32798523,99.73
"22798","woodruff",13,32798536,99.73
"22799","wordsmith",13,32798549,99.73
"22800","workhouse",13,32798562,99.73
"22801","worthlessness",13,32798575,99.73
"22802","writhed",13,32798588,99.73
"22803","yearlong",13,32798601,99.73
"22804","zira",13,32798614,99.73
"22805","zoologist",13,32798627,99.73
"22806","abut",12,32798639,99.73
"22807","abutting",12,32798651,99.73
"22808","accusatory",12,32798663,99.73
"22809","adjoin",12,32798675,99.73
"22810","afire",12,32798687,99.73
"22811","ager",12,32798699,99.73
"22812","agonizingly",12,32798711,99.73
"22813","aground",12,32798723,99.73
"22814","algebraic",12,32798735,99.73
"22815","allopathic",12,32798747,99.73
"22816","amaranth",12,32798759,99.73
"22817","ambling",12,32798771,99.73
"22818","ameliorate",12,32798783,99.73
"22819","anda",12,32798795,99.73
"22820","angostura",12,32798807,99.73
"22821","antenatal",12,32798819,99.73
"22822","antic",12,32798831,99.73
"22823","anticipatory",12,32798843,99.73
"22824","anticlimactic",12,32798855,99.73
"22825","apace",12,32798867,99.73
"22826","aphasia",12,32798879,99.73
"22827","apotheosis",12,32798891,99.73
"22828","appendices",12,32798903,99.74
"22829","archdeacon",12,32798915,99.74
"22830","argumentation",12,32798927,99.74
"22831","armagnac",12,32798939,99.74
"22832","asymmetric",12,32798951,99.74
"22833","baller",12,32798963,99.74
"22834","bamboozle",12,32798975,99.74
"22835","banc",12,32798987,99.74
"22836","bara",12,32798999,99.74
"22837","barrack",12,32799011,99.74
"22838","bassoon",12,32799023,99.74
"22839","bedbug",12,32799035,99.74
"22840","believability",12,32799047,99.74
"22841","bene",12,32799059,99.74
"22842","beng",12,32799071,99.74
"22843","berne",12,32799083,99.74
"22844","betwixt",12,32799095,99.74
"22845","bevel",12,32799107,99.74
"22846","bibliographic",12,32799119,99.74
"22847","bicyclist",12,32799131,99.74
"22848","bigness",12,32799143,99.74
"22849","biometric",12,32799155,99.74
"22850","bisexuality",12,32799167,99.74
"22851","blackwood",12,32799179,99.74
"22852","blotchy",12,32799191,99.74
"22853","blotting",12,32799203,99.74
"22854","bluestocking",12,32799215,99.74
"22855","bluey",12,32799227,99.74
"22856","boondoggle",12,32799239,99.74
"22857","botch",12,32799251,99.74
"22858","boxwood",12,32799263,99.74
"22859","brawling",12,32799275,99.74
"22860","breakable",12,32799287,99.74
"22861","bulimic",12,32799299,99.74
"22862","bur",12,32799311,99.74
"22863","cakewalk",12,32799323,99.74
"22864","callousness",12,32799335,99.74
"22865","camber",12,32799347,99.74
"22866","capably",12,32799359,99.74
"22867","carrick",12,32799371,99.74
"22868","caryl",12,32799383,99.74
"22869","castration",12,32799395,99.74
"22870","causally",12,32799407,99.74
"22871","cerebellum",12,32799419,99.74
"22872","certiorari",12,32799431,99.74
"22873","channelling",12,32799443,99.74
"22874","chattel",12,32799455,99.74
"22875","chaya",12,32799467,99.74
"22876","cheapness",12,32799479,99.74
"22877","cheekily",12,32799491,99.74
"22878","cheerfulness",12,32799503,99.74
"22879","childbearing",12,32799515,99.74
"22880","chortle",12,32799527,99.74
"22881","chromium",12,32799539,99.74
"22882","cirrus",12,32799551,99.74
"22883","cleat",12,32799563,99.74
"22884","clobber",12,32799575,99.74
"22885","cloche",12,32799587,99.74
"22886","collate",12,32799599,99.74
"22887","collodion",12,32799611,99.74
"22888","combust",12,32799623,99.74
"22889","comely",12,32799635,99.74
"22890","comparably",12,32799647,99.74
"22891","comradeship",12,32799659,99.74
"22892","concretely",12,32799671,99.74
"22893","confectionary",12,32799683,99.74
"22894","conga",12,32799695,99.74
"22895","congestive",12,32799707,99.74
"22896","conglomeration",12,32799719,99.74
"22897","conical",12,32799731,99.74
"22898","constrict",12,32799743,99.74
"22899","contiguous",12,32799755,99.74
"22900","conversant",12,32799767,99.74
"22901","copse",12,32799779,99.74
"22902","corporately",12,32799791,99.74
"22903","cortina",12,32799803,99.74
"22904","covetous",12,32799815,99.74
"22905","coziness",12,32799827,99.74
"22906","crankiness",12,32799839,99.74
"22907","craw",12,32799851,99.74
"22908","crawly",12,32799863,99.74
"22909","creche",12,32799875,99.74
"22910","crinoline",12,32799887,99.74
"22911","culpability",12,32799899,99.74
"22912","cussed",12,32799911,99.74
"22913","cyan",12,32799923,99.74
"22914","cybernetic",12,32799935,99.74
"22915","daffy",12,32799947,99.74
"22916","dais",12,32799959,99.74
"22917","decentralization",12,32799971,99.74
"22918","defector",12,32799983,99.74
"22919","deign",12,32799995,99.74
"22920","deleterious",12,32800007,99.74
"22921","deplore",12,32800019,99.74
"22922","deprecation",12,32800031,99.74
"22923","depressingly",12,32800043,99.74
"22924","deseret",12,32800055,99.74
"22925","desultory",12,32800067,99.74
"22926","devastate",12,32800079,99.74
"22927","diastolic",12,32800091,99.74
"22928","dichotomous",12,32800103,99.74
"22929","dietitian",12,32800115,99.74
"22930","disaffection",12,32800127,99.74
"22931","disbelieving",12,32800139,99.74
"22932","disbursement",12,32800151,99.74
"22933","discolored",12,32800163,99.74
"22934","disquieting",12,32800175,99.74
"22935","divestment",12,32800187,99.74
"22936","dovetail",12,32800199,99.74
"22937","drafty",12,32800211,99.74
"22938","dubiously",12,32800223,99.74
"22939","dwelled",12,32800235,99.74
"22940","earful",12,32800247,99.74
"22941","earmark",12,32800259,99.74
"22942","easterly",12,32800271,99.74
"22943","easygoing",12,32800283,99.74
"22944","effluent",12,32800295,99.74
"22945","egalitarianism",12,32800307,99.74
"22946","egocentric",12,32800319,99.74
"22947","elderberry",12,32800331,99.74
"22948","electrolyte",12,32800343,99.74
"22949","emissary",12,32800355,99.74
"22950","endow",12,32800367,99.74
"22951","enliven",12,32800379,99.74
"22952","enthuse",12,32800391,99.74
"22953","entomologist",12,32800403,99.74
"22954","eon",12,32800415,99.74
"22955","equalize",12,32800427,99.74
"22956","erudition",12,32800439,99.74
"22957","esca",12,32800451,99.74
"22958","estoppel",12,32800463,99.74
"22959","excavator",12,32800475,99.74
"22960","exterminator",12,32800487,99.74
"22961","extol",12,32800499,99.74
"22962","exultation",12,32800511,99.74
"22963","faff",12,32800523,99.74
"22964","fainter",12,32800535,99.74
"22965","fairground",12,32800547,99.74
"22966","fallibility",12,32800559,99.74
"22967","fascinator",12,32800571,99.74
"22968","fatuous",12,32800583,99.74
"22969","fearlessness",12,32800595,99.74
"22970","feist",12,32800607,99.74
"22971","fib",12,32800619,99.74
"22972","filmy",12,32800631,99.74
"22973","fishery",12,32800643,99.74
"22974","fitfully",12,32800655,99.74
"22975","flaccid",12,32800667,99.74
"22976","flamed",12,32800679,99.74
"22977","flapjack",12,32800691,99.74
"22978","flavorless",12,32800703,99.74
"22979","flinching",12,32800715,99.74
"22980","flotilla",12,32800727,99.74
"22981","flouting",12,32800739,99.74
"22982","fluctuation",12,32800751,99.74
"22983","foist",12,32800763,99.74
"22984","foodstuff",12,32800775,99.74
"22985","footstool",12,32800787,99.74
"22986","forestall",12,32800799,99.74
"22987","forester",12,32800811,99.74
"22988","forewarning",12,32800823,99.74
"22989","frazer",12,32800835,99.74
"22990","friendless",12,32800847,99.74
"22991","frith",12,32800859,99.74
"22992","frond",12,32800871,99.74
"22993","furtively",12,32800883,99.74
"22994","gaily",12,32800895,99.74
"22995","galena",12,32800907,99.74
"22996","gallantly",12,32800919,99.74
"22997","garnets",12,32800931,99.74
"22998","gayness",12,32800943,99.74
"22999","gaz",12,32800955,99.74
"23000","geometrical",12,32800967,99.74
"23001","ginseng",12,32800979,99.74
"23002","gnash",12,32800991,99.74
"23003","gorged",12,32801003,99.74
"23004","graceless",12,32801015,99.74
"23005","grained",12,32801027,99.74
"23006","gratified",12,32801039,99.74
"23007","gratuitously",12,32801051,99.74
"23008","greyness",12,32801063,99.74
"23009","grievously",12,32801075,99.74
"23010","grovel",12,32801087,99.74
"23011","grumpiness",12,32801099,99.74
"23012","gulden",12,32801111,99.74
"23013","gyle",12,32801123,99.74
"23014","gyro",12,32801135,99.74
"23015","haberdashery",12,32801147,99.74
"23016","hairdressing",12,32801159,99.74
"23017","handedness",12,32801171,99.74
"23018","handwork",12,32801183,99.74
"23019","harrower",12,32801195,99.74
"23020","havers",12,32801207,99.74
"23021","heartbreakingly",12,32801219,99.74
"23022","hectare",12,32801231,99.74
"23023","hedonism",12,32801243,99.74
"23024","heraldic",12,32801255,99.74
"23025","heraldry",12,32801267,99.74
"23026","hippodrome",12,32801279,99.74
"23027","hoodwink",12,32801291,99.74
"23028","hookah",12,32801303,99.74
"23029","hopefulness",12,32801315,99.74
"23030","hovel",12,32801327,99.74
"23031","huggable",12,32801339,99.74
"23032","humanness",12,32801351,99.74
"23033","hunchback",12,32801363,99.74
"23034","hydrant",12,32801375,99.74
"23035","iba",12,32801387,99.74
"23036","ignoramus",12,32801399,99.74
"23037","immensity",12,32801411,99.74
"23038","immunology",12,32801423,99.74
"23039","impale",12,32801435,99.74
"23040","impregnate",12,32801447,99.74
"23041","inarticulate",12,32801459,99.74
"23042","incompatibility",12,32801471,99.74
"23043","incongruity",12,32801483,99.74
"23044","incontinent",12,32801495,99.74
"23045","inconveniently",12,32801507,99.74
"23046","incorrigible",12,32801519,99.74
"23047","indefinable",12,32801531,99.74
"23048","indigent",12,32801543,99.74
"23049","ineffectiveness",12,32801555,99.74
"23050","inexpensively",12,32801567,99.74
"23051","infante",12,32801579,99.74
"23052","infanticide",12,32801591,99.74
"23053","inflected",12,32801603,99.74
"23054","inflexibility",12,32801615,99.74
"23055","injunctive",12,32801627,99.74
"23056","inoperative",12,32801639,99.74
"23057","integer",12,32801651,99.74
"23058","interment",12,32801663,99.74
"23059","irregardless",12,32801675,99.74
"23060","isotope",12,32801687,99.74
"23061","jabbering",12,32801699,99.74
"23062","jackhammer",12,32801711,99.74
"23063","jerker",12,32801723,99.74
"23064","julienne",12,32801735,99.74
"23065","junker",12,32801747,99.74
"23066","kip",12,32801759,99.74
"23067","kitchener",12,32801771,99.74
"23068","kitchenware",12,32801783,99.74
"23069","knobbly",12,32801795,99.74
"23070","knockoff",12,32801807,99.74
"23071","ladybird",12,32801819,99.74
"23072","lamppost",12,32801831,99.74
"23073","landfall",12,32801843,99.74
"23074","laze",12,32801855,99.74
"23075","leaved",12,32801867,99.74
"23076","letterhead",12,32801879,99.74
"23077","liberator",12,32801891,99.74
"23078","lifelike",12,32801903,99.74
"23079","lisp",12,32801915,99.74
"23080","lister",12,32801927,99.74
"23081","lobo",12,32801939,99.74
"23082","lovesick",12,32801951,99.74
"23083","maddeningly",12,32801963,99.74
"23084","maggot",12,32801975,99.74
"23085","mandragora",12,32801987,99.74
"23086","marathoner",12,32801999,99.74
"23087","marshy",12,32802011,99.74
"23088","masseuse",12,32802023,99.74
"23089","matalan",12,32802035,99.74
"23090","matchless",12,32802047,99.74
"23091","meritorious",12,32802059,99.74
"23092","metamorphose",12,32802071,99.74
"23093","microbiology",12,32802083,99.74
"23094","midrash",12,32802095,99.74
"23095","midriff",12,32802107,99.74
"23096","mien",12,32802119,99.74
"23097","milkweed",12,32802131,99.74
"23098","milla",12,32802143,99.74
"23099","millimeter",12,32802155,99.74
"23100","mimesis",12,32802167,99.74
"23101","mimicry",12,32802179,99.74
"23102","minutia",12,32802191,99.75
"23103","mischievously",12,32802203,99.75
"23104","miser",12,32802215,99.75
"23105","mnemonic",12,32802227,99.75
"23106","monarchist",12,32802239,99.75
"23107","monocle",12,32802251,99.75
"23108","moodiness",12,32802263,99.75
"23109","moonlighting",12,32802275,99.75
"23110","mora",12,32802287,99.75
"23111","mortification",12,32802299,99.75
"23112","mote",12,32802311,99.75
"23113","naturopathy",12,32802323,99.75
"23114","neatness",12,32802335,99.75
"23115","nephrologist",12,32802347,99.75
"23116","niceness",12,32802359,99.75
"23117","nickle",12,32802371,99.75
"23118","nimbly",12,32802383,99.75
"23119","nipper",12,32802395,99.75
"23120","nitrous",12,32802407,99.75
"23121","nitwit",12,32802419,99.75
"23122","nob",12,32802431,99.75
"23123","noddy",12,32802443,99.75
"23124","nomenclature",12,32802455,99.75
"23125","nontraditional",12,32802467,99.75
"23126","normalization",12,32802479,99.75
"23127","northland",12,32802491,99.75
"23128","nudist",12,32802503,99.75
"23129","obit",12,32802515,99.75
"23130","och",12,32802527,99.75
"23131","olivet",12,32802539,99.75
"23132","onetime",12,32802551,99.75
"23133","opine",12,32802563,99.75
"23134","orchestration",12,32802575,99.75
"23135","ossuary",12,32802587,99.75
"23136","overdraft",12,32802599,99.75
"23137","overlong",12,32802611,99.75
"23138","overrule",12,32802623,99.75
"23139","paleontologist",12,32802635,99.75
"23140","palisade",12,32802647,99.75
"23141","paralyze",12,32802659,99.75
"23142","paraplegic",12,32802671,99.75
"23143","patella",12,32802683,99.75
"23144","peekaboo",12,32802695,99.75
"23145","perdition",12,32802707,99.75
"23146","perjured",12,32802719,99.75
"23147","persisting",12,32802731,99.75
"23148","pesa",12,32802743,99.75
"23149","phalanx",12,32802755,99.75
"23150","pharmacology",12,32802767,99.75
"23151","pica",12,32802779,99.75
"23152","pickering",12,32802791,99.75
"23153","pigtail",12,32802803,99.75
"23154","pippin",12,32802815,99.75
"23155","piquant",12,32802827,99.75
"23156","pitiless",12,32802839,99.75
"23157","plies",12,32802851,99.75
"23158","polytheism",12,32802863,99.75
"23159","pontificate",12,32802875,99.75
"23160","poppin",12,32802887,99.75
"23161","postcolonial",12,32802899,99.75
"23162","potable",12,32802911,99.75
"23163","precession",12,32802923,99.75
"23164","predicate",12,32802935,99.75
"23165","predominance",12,32802947,99.75
"23166","prematurity",12,32802959,99.75
"23167","presbytery",12,32802971,99.75
"23168","presidente",12,32802983,99.75
"23169","probate",12,32802995,99.75
"23170","profundity",12,32803007,99.75
"23171","proofreader",12,32803019,99.75
"23172","proportionally",12,32803031,99.75
"23173","protectiveness",12,32803043,99.75
"23174","protege",12,32803055,99.75
"23175","prototypical",12,32803067,99.75
"23176","provisionally",12,32803079,99.75
"23177","proximate",12,32803091,99.75
"23178","pul",12,32803103,99.75
"23179","pyr",12,32803115,99.75
"23180","quash",12,32803127,99.75
"23181","quilling",12,32803139,99.75
"23182","quinine",12,32803151,99.75
"23183","quoth",12,32803163,99.75
"23184","raptured",12,32803175,99.75
"23185","rath",12,32803187,99.75
"23186","reassert",12,32803199,99.75
"23187","recalcitrant",12,32803211,99.75
"23188","reedy",12,32803223,99.75
"23189","regretfully",12,32803235,99.75
"23190","regurgitate",12,32803247,99.75
"23191","remoteness",12,32803259,99.75
"23192","repaying",12,32803271,99.75
"23193","repeatable",12,32803283,99.75
"23194","replenishment",12,32803295,99.75
"23195","reposition",12,32803307,99.75
"23196","republish",12,32803319,99.75
"23197","resound",12,32803331,99.75
"23198","restlessly",12,32803343,99.75
"23199","resumption",12,32803355,99.75
"23200","retaliatory",12,32803367,99.75
"23201","retentive",12,32803379,99.75
"23202","rheumatism",12,32803391,99.75
"23203","ricer",12,32803403,99.75
"23204","ricochet",12,32803415,99.75
"23205","riddler",12,32803427,99.75
"23206","rifleman",12,32803439,99.75
"23207","rotund",12,32803451,99.75
"23208","rout",12,32803463,99.75
"23209","sacrosanct",12,32803475,99.75
"23210","salle",12,32803487,99.75
"23211","salma",12,32803499,99.75
"23212","salvaging",12,32803511,99.75
"23213","sark",12,32803523,99.75
"23214","saya",12,32803535,99.75
"23215","scamper",12,32803547,99.75
"23216","scarface",12,32803559,99.75
"23217","scummy",12,32803571,99.75
"23218","scurvy",12,32803583,99.75
"23219","sealant",12,32803595,99.75
"23220","secularist",12,32803607,99.75
"23221","sedately",12,32803619,99.75
"23222","senility",12,32803631,99.75
"23223","sentry",12,32803643,99.75
"23224","shakedown",12,32803655,99.75
"23225","shamanism",12,32803667,99.75
"23226","sher",12,32803679,99.75
"23227","shoeless",12,32803691,99.75
"23228","sifter",12,32803703,99.75
"23229","singly",12,32803715,99.75
"23230","sisel",12,32803727,99.75
"23231","skelter",12,32803739,99.75
"23232","slovenly",12,32803751,99.75
"23233","sluice",12,32803763,99.75
"23234","smithereens",12,32803775,99.75
"23235","smuggler",12,32803787,99.75
"23236","snipe",12,32803799,99.75
"23237","snub",12,32803811,99.75
"23238","snubbed",12,32803823,99.75
"23239","sog",12,32803835,99.75
"23240","sophomoric",12,32803847,99.75
"23241","sorter",12,32803859,99.75
"23242","spader",12,32803871,99.75
"23243","specious",12,32803883,99.75
"23244","splashy",12,32803895,99.75
"23245","splayed",12,32803907,99.75
"23246","stephane",12,32803919,99.75
"23247","stitchery",12,32803931,99.75
"23248","strawman",12,32803943,99.75
"23249","streamer",12,32803955,99.75
"23250","strop",12,32803967,99.75
"23251","subordination",12,32803979,99.75
"23252","subsiding",12,32803991,99.75
"23253","sulky",12,32804003,99.75
"23254","supernaturally",12,32804015,99.75
"23255","swindle",12,32804027,99.75
"23256","swordsman",12,32804039,99.75
"23257","sympathizer",12,32804051,99.75
"23258","syndic",12,32804063,99.75
"23259","syne",12,32804075,99.75
"23260","talc",12,32804087,99.75
"23261","tantalizingly",12,32804099,99.75
"23262","tarpaulin",12,32804111,99.75
"23263","tarry",12,32804123,99.75
"23264","tasker",12,32804135,99.75
"23265","tearoom",12,32804147,99.75
"23266","telluride",12,32804159,99.75
"23267","theyre",12,32804171,99.75
"23268","thuggery",12,32804183,99.75
"23269","thwack",12,32804195,99.75
"23270","toleration",12,32804207,99.75
"23271","treasonous",12,32804219,99.75
"23272","tress",12,32804231,99.75
"23273","tributary",12,32804243,99.75
"23274","unappetizing",12,32804255,99.75
"23275","unbidden",12,32804267,99.75
"23276","unceasing",12,32804279,99.75
"23277","unchangeable",12,32804291,99.75
"23278","unconscionable",12,32804303,99.75
"23279","uncontested",12,32804315,99.75
"23280","uncreated",12,32804327,99.75
"23281","underhanded",12,32804339,99.75
"23282","undershirt",12,32804351,99.75
"23283","unenforceable",12,32804363,99.75
"23284","unhappily",12,32804375,99.75
"23285","unintelligent",12,32804387,99.75
"23286","unlivable",12,32804399,99.75
"23287","unmemorable",12,32804411,99.75
"23288","unnoticeable",12,32804423,99.75
"23289","unpardonable",12,32804435,99.75
"23290","unpolished",12,32804447,99.75
"23291","unromantic",12,32804459,99.75
"23292","unsophisticated",12,32804471,99.75
"23293","unwholesome",12,32804483,99.75
"23294","uppermost",12,32804495,99.75
"23295","uproarious",12,32804507,99.75
"23296","vas",12,32804519,99.75
"23297","vegetative",12,32804531,99.75
"23298","venter",12,32804543,99.75
"23299","ventriloquist",12,32804555,99.75
"23300","vestal",12,32804567,99.75
"23301","vestibule",12,32804579,99.75
"23302","vilify",12,32804591,99.75
"23303","villager",12,32804603,99.75
"23304","warbling",12,32804615,99.75
"23305","waterfowl",12,32804627,99.75
"23306","waylaid",12,32804639,99.75
"23307","welder",12,32804651,99.75
"23308","whacky",12,32804663,99.75
"23309","wim",12,32804675,99.75
"23310","wird",12,32804687,99.75
"23311","worshipful",12,32804699,99.75
"23312","wraith",12,32804711,99.75
"23313","wrecker",12,32804723,99.75
"23314","xylophone",12,32804735,99.75
"23315","yappy",12,32804747,99.75
"23316","zar",12,32804759,99.75
"23317","zink",12,32804771,99.75
"23318","abbreviate",11,32804782,99.75
"23319","abdicate",11,32804793,99.75
"23320","abdication",11,32804804,99.75
"23321","absentmindedly",11,32804815,99.75
"23322","abstractly",11,32804826,99.75
"23323","acceptability",11,32804837,99.75
"23324","adherent",11,32804848,99.75
"23325","admiralty",11,32804859,99.75
"23326","admiringly",11,32804870,99.75
"23327","admissible",11,32804881,99.75
"23328","adoringly",11,32804892,99.75
"23329","aegis",11,32804903,99.75
"23330","affectation",11,32804914,99.75
"23331","aflutter",11,32804925,99.75
"23332","aftercare",11,32804936,99.75
"23333","afterschool",11,32804947,99.75
"23334","aku",11,32804958,99.75
"23335","allele",11,32804969,99.75
"23336","alp",11,32804980,99.75
"23337","ame",11,32804991,99.75
"23338","amiably",11,32805002,99.75
"23339","amylase",11,32805013,99.75
"23340","anaerobic",11,32805024,99.75
"23341","analyzer",11,32805035,99.75
"23342","annul",11,32805046,99.75
"23343","annular",11,32805057,99.75
"23344","annulment",11,32805068,99.75
"23345","antihero",11,32805079,99.75
"23346","anxiousness",11,32805090,99.75
"23347","apostolate",11,32805101,99.75
"23348","appraise",11,32805112,99.75
"23349","appreciatively",11,32805123,99.75
"23350","aquavit",11,32805134,99.75
"23351","assay",11,32805145,99.75
"23352","astride",11,32805156,99.75
"23353","astringency",11,32805167,99.75
"23354","athletically",11,32805178,99.75
"23355","attune",11,32805189,99.75
"23356","authenticate",11,32805200,99.75
"23357","authoritatively",11,32805211,99.75
"23358","avaricious",11,32805222,99.75
"23359","ballooning",11,32805233,99.75
"23360","ballyhoo",11,32805244,99.75
"23361","bandanna",11,32805255,99.75
"23362","banishment",11,32805266,99.75
"23363","barracuda",11,32805277,99.75
"23364","baseboard",11,32805288,99.75
"23365","bawl",11,32805299,99.75
"23366","bayard",11,32805310,99.75
"23367","beaker",11,32805321,99.75
"23368","belcher",11,32805332,99.75
"23369","belive",11,32805343,99.75
"23370","belvedere",11,32805354,99.75
"23371","bequest",11,32805365,99.75
"23372","berkowitz",11,32805376,99.75
"23373","beseeching",11,32805387,99.75
"23374","betel",11,32805398,99.75
"23375","bianco",11,32805409,99.75
"23376","billiards",11,32805420,99.75
"23377","biotin",11,32805431,99.75
"23378","bipedal",11,32805442,99.75
"23379","birder",11,32805453,99.75
"23380","blab",11,32805464,99.75
"23381","blacken",11,32805475,99.76
"23382","blankness",11,32805486,99.76
"23383","blessedly",11,32805497,99.76
"23384","blessedness",11,32805508,99.76
"23385","blinky",11,32805519,99.76
"23386","blo",11,32805530,99.76
"23387","blocky",11,32805541,99.76
"23388","blowhard",11,32805552,99.76
"23389","bluer",11,32805563,99.76
"23390","blurt",11,32805574,99.76
"23391","boastful",11,32805585,99.76
"23392","bolden",11,32805596,99.76
"23393","bonaventure",11,32805607,99.76
"23394","boorish",11,32805618,99.76
"23395","bossed",11,32805629,99.76
"23396","broiling",11,32805640,99.76
"23397","bronchiectasis",11,32805651,99.76
"23398","buffoonery",11,32805662,99.76
"23399","bulger",11,32805673,99.76
"23400","bulldoze",11,32805684,99.76
"23401","bunko",11,32805695,99.76
"23402","burnish",11,32805706,99.76
"23403","buss",11,32805717,99.76
"23404","cabling",11,32805728,99.76
"23405","cacophonous",11,32805739,99.76
"23406","canticle",11,32805750,99.76
"23407","capacitor",11,32805761,99.76
"23408","carbonic",11,32805772,99.76
"23409","carnality",11,32805783,99.76
"23410","carotid",11,32805794,99.76
"23411","castrate",11,32805805,99.76
"23412","catan",11,32805816,99.76
"23413","catastrophically",11,32805827,99.76
"23414","celadon",11,32805838,99.76
"23415","centigrade",11,32805849,99.76
"23416","centralization",11,32805860,99.76
"23417","centralize",11,32805871,99.76
"23418","centrifuge",11,32805882,99.76
"23419","certifiably",11,32805893,99.76
"23420","chambray",11,32805904,99.76
"23421","chastisement",11,32805915,99.76
"23422","checkerboard",11,32805926,99.76
"23423","cheesiness",11,32805937,99.76
"23424","chien",11,32805948,99.76
"23425","chronicler",11,32805959,99.76
"23426","chrysanthemum",11,32805970,99.76
"23427","chucky",11,32805981,99.76
"23428","chummy",11,32805992,99.76
"23429","clarendon",11,32806003,99.76
"23430","classism",11,32806014,99.76
"23431","clift",11,32806025,99.76
"23432","cloven",11,32806036,99.76
"23433","cloyingly",11,32806047,99.76
"23434","cockerel",11,32806058,99.76
"23435","cocking",11,32806069,99.76
"23436","codify",11,32806080,99.76
"23437","coed",11,32806091,99.76
"23438","collectivist",11,32806102,99.76
"23439","colliery",11,32806113,99.76
"23440","comedienne",11,32806124,99.76
"23441","comfrey",11,32806135,99.76
"23442","commoner",11,32806146,99.76
"23443","compassionately",11,32806157,99.76
"23444","compensatory",11,32806168,99.76
"23445","compositional",11,32806179,99.76
"23446","compunction",11,32806190,99.76
"23447","concubine",11,32806201,99.76
"23448","condenser",11,32806212,99.76
"23449","conditionally",11,32806223,99.76
"23450","conflated",11,32806234,99.76
"23451","consecutively",11,32806245,99.76
"23452","constitutive",11,32806256,99.76
"23453","consultative",11,32806267,99.76
"23454","consumable",11,32806278,99.76
"23455","convulse",11,32806289,99.76
"23456","coolant",11,32806300,99.76
"23457","copulation",11,32806311,99.76
"23458","corning",11,32806322,99.76
"23459","corroborate",11,32806333,99.76
"23460","cortisone",11,32806344,99.76
"23461","craftily",11,32806355,99.76
"23462","crag",11,32806366,99.76
"23463","creationist",11,32806377,99.76
"23464","creditable",11,32806388,99.76
"23465","creosote",11,32806399,99.76
"23466","crick",11,32806410,99.76
"23467","cricketing",11,32806421,99.76
"23468","crisped",11,32806432,99.76
"23469","crouse",11,32806443,99.76
"23470","curative",11,32806454,99.76
"23471","cush",11,32806465,99.76
"23472","daimon",11,32806476,99.76
"23473","dari",11,32806487,99.76
"23474","daud",11,32806498,99.76
"23475","deathless",11,32806509,99.76
"23476","debauched",11,32806520,99.76
"23477","debonair",11,32806531,99.76
"23478","deferential",11,32806542,99.76
"23479","deflation",11,32806553,99.76
"23480","defraud",11,32806564,99.76
"23481","defuse",11,32806575,99.76
"23482","degas",11,32806586,99.76
"23483","delectation",11,32806597,99.76
"23484","delineate",11,32806608,99.76
"23485","denier",11,32806619,99.76
"23486","denizen",11,32806630,99.76
"23487","dependability",11,32806641,99.76
"23488","derangement",11,32806652,99.76
"23489","dereliction",11,32806663,99.76
"23490","dickey",11,32806674,99.76
"23491","dignitary",11,32806685,99.76
"23492","diplomatically",11,32806696,99.76
"23493","discontentment",11,32806707,99.76
"23494","discoverer",11,32806718,99.76
"23495","disenchantment",11,32806729,99.76
"23496","disengagement",11,32806740,99.76
"23497","disinfect",11,32806751,99.76
"23498","disorientation",11,32806762,99.76
"23499","dispensable",11,32806773,99.76
"23500","displeasing",11,32806784,99.76
"23501","disruptor",11,32806795,99.76
"23502","diss",11,32806806,99.76
"23503","dogmatics",11,32806817,99.76
"23504","doon",11,32806828,99.76
"23505","dor",11,32806839,99.76
"23506","driest",11,32806850,99.76
"23507","earache",11,32806861,99.76
"23508","easterling",11,32806872,99.76
"23509","ebullient",11,32806883,99.76
"23510","ecclesiology",11,32806894,99.76
"23511","egotism",11,32806905,99.76
"23512","emptor",11,32806916,99.76
"23513","emu",11,32806927,99.76
"23514","encircle",11,32806938,99.76
"23515","energizer",11,32806949,99.76
"23516","enlivening",11,32806960,99.76
"23517","enrol",11,32806971,99.76
"23518","epigraph",11,32806982,99.76
"23519","equaling",11,32806993,99.76
"23520","equanimity",11,32807004,99.76
"23521","equitably",11,32807015,99.76
"23522","ermine",11,32807026,99.76
"23523","ethnography",11,32807037,99.76
"23524","evilness",11,32807048,99.76
"23525","exculpatory",11,32807059,99.76
"23526","executor",11,32807070,99.76
"23527","expansionism",11,32807081,99.76
"23528","expansionist",11,32807092,99.76
"23529","expeditionary",11,32807103,99.76
"23530","exportation",11,32807114,99.76
"23531","extender",11,32807125,99.76
"23532","extrajudicial",11,32807136,99.76
"23533","fakery",11,32807147,99.76
"23534","farrier",11,32807158,99.76
"23535","farthing",11,32807169,99.76
"23536","fascia",11,32807180,99.76
"23537","felling",11,32807191,99.76
"23538","felon",11,32807202,99.76
"23539","ferrier",11,32807213,99.76
"23540","fillable",11,32807224,99.76
"23541","fining",11,32807235,99.76
"23542","fishman",11,32807246,99.76
"23543","fixate",11,32807257,99.76
"23544","flatness",11,32807268,99.76
"23545","foghorn",11,32807279,99.76
"23546","fohat",11,32807290,99.76
"23547","folie",11,32807301,99.76
"23548","forlornly",11,32807312,99.76
"23549","fortifying",11,32807323,99.76
"23550","fouling",11,32807334,99.76
"23551","fountainhead",11,32807345,99.76
"23552","freewheel",11,32807356,99.76
"23553","freewill",11,32807367,99.76
"23554","fringing",11,32807378,99.76
"23555","furtherance",11,32807389,99.76
"23556","gaff",11,32807400,99.76
"23557","gaffer",11,32807411,99.76
"23558","gaiety",11,32807422,99.76
"23559","gauzy",11,32807433,99.76
"23560","gayatri",11,32807444,99.76
"23561","generically",11,32807455,99.76
"23562","getup",11,32807466,99.76
"23563","geyser",11,32807477,99.76
"23564","gingery",11,32807488,99.76
"23565","glassine",11,32807499,99.76
"23566","gleaning",11,32807510,99.76
"23567","gluey",11,32807521,99.76
"23568","goddaughter",11,32807532,99.76
"23569","goofiness",11,32807543,99.76
"23570","gor",11,32807554,99.76
"23571","grappa",11,32807565,99.76
"23572","gratify",11,32807576,99.76
"23573","groats",11,32807587,99.76
"23574","grouch",11,32807598,99.76
"23575","groveling",11,32807609,99.76
"23576","guano",11,32807620,99.76
"23577","guileless",11,32807631,99.76
"23578","gumdrop",11,32807642,99.76
"23579","gunplay",11,32807653,99.76
"23580","gunsmith",11,32807664,99.76
"23581","hairband",11,32807675,99.76
"23582","hammerhead",11,32807686,99.76
"23583","handprint",11,32807697,99.76
"23584","headgear",11,32807708,99.76
"23585","headship",11,32807719,99.76
"23586","hearer",11,32807730,99.76
"23587","heddle",11,32807741,99.76
"23588","hellhole",11,32807752,99.76
"23589","hitcher",11,32807763,99.76
"23590","hobbyist",11,32807774,99.76
"23591","hogmanay",11,32807785,99.76
"23592","holistically",11,32807796,99.76
"23593","hooey",11,32807807,99.76
"23594","hooligan",11,32807818,99.76
"23595","horrify",11,32807829,99.76
"23596","horsemanship",11,32807840,99.76
"23597","howler",11,32807851,99.76
"23598","humdrum",11,32807862,99.76
"23599","humorless",11,32807873,99.76
"23600","hurtle",11,32807884,99.76
"23601","hydrology",11,32807895,99.76
"23602","hydroponic",11,32807906,99.76
"23603","hygienist",11,32807917,99.76
"23604","hypnotize",11,32807928,99.76
"23605","hypoglycemia",11,32807939,99.76
"23606","hypothesize",11,32807950,99.76
"23607","icebox",11,32807961,99.76
"23608","iceman",11,32807972,99.76
"23609","iconoclastic",11,32807983,99.76
"23610","ideologue",11,32807994,99.76
"23611","iguana",11,32808005,99.76
"23612","impulsivity",11,32808016,99.76
"23613","inanity",11,32808027,99.76
"23614","inapplicable",11,32808038,99.76
"23615","inattention",11,32808049,99.76
"23616","inauspicious",11,32808060,99.76
"23617","inauthentic",11,32808071,99.76
"23618","incinerator",11,32808082,99.76
"23619","inculcate",11,32808093,99.76
"23620","individualist",11,32808104,99.76
"23621","indoctrinate",11,32808115,99.76
"23622","indolent",11,32808126,99.76
"23623","indulgently",11,32808137,99.76
"23624","industrialism",11,32808148,99.76
"23625","industrially",11,32808159,99.76
"23626","inestimable",11,32808170,99.76
"23627","infallibility",11,32808181,99.76
"23628","infest",11,32808192,99.76
"23629","influencer",11,32808203,99.76
"23630","insemination",11,32808214,99.76
"23631","insinuation",11,32808225,99.76
"23632","insolence",11,32808236,99.76
"23633","insolent",11,32808247,99.76
"23634","insomuch",11,32808258,99.76
"23635","institutionally",11,32808269,99.76
"23636","insubordination",11,32808280,99.76
"23637","intermezzo",11,32808291,99.76
"23638","interplanetary",11,32808302,99.76
"23639","interrogatory",11,32808313,99.76
"23640","interwar",11,32808324,99.76
"23641","invalidation",11,32808335,99.76
"23642","inverter",11,32808346,99.76
"23643","irresponsibly",11,32808357,99.76
"23644","irreverence",11,32808368,99.76
"23645","islander",11,32808379,99.76
"23646","izzard",11,32808390,99.76
"23647","jacketed",11,32808401,99.76
"23648","jailhouse",11,32808412,99.76
"23649","jeering",11,32808423,99.76
"23650","jib",11,32808434,99.76
"23651","jolting",11,32808445,99.76
"23652","jowl",11,32808456,99.76
"23653","joyless",11,32808467,99.76
"23654","jurisdictional",11,32808478,99.76
"23655","jut",11,32808489,99.76
"23656","kaka",11,32808500,99.76
"23657","kala",11,32808511,99.76
"23658","karo",11,32808522,99.76
"23659","kestrel",11,32808533,99.76
"23660","kettler",11,32808544,99.76
"23661","kirsch",11,32808555,99.76
"23662","kisser",11,32808566,99.76
"23663","knave",11,32808577,99.76
"23664","knowable",11,32808588,99.76
"23665","laker",11,32808599,99.76
"23666","lambda",11,32808610,99.76
"23667","lameness",11,32808621,99.76
"23668","larboard",11,32808632,99.76
"23669","larch",11,32808643,99.76
"23670","latterly",11,32808654,99.76
"23671","laud",11,32808665,99.76
"23672","layaway",11,32808676,99.76
"23673","lazuli",11,32808687,99.76
"23674","leadoff",11,32808698,99.76
"23675","lector",11,32808709,99.76
"23676","legume",11,32808720,99.76
"23677","leyland",11,32808731,99.76
"23678","lifesaving",11,32808742,99.76
"23679","limehouse",11,32808753,99.76
"23680","liminal",11,32808764,99.77
"23681","lionheart",11,32808775,99.77
"23682","lippy",11,32808786,99.77
"23683","litigate",11,32808797,99.77
"23684","litigator",11,32808808,99.77
"23685","liveliness",11,32808819,99.77
"23686","logarithmic",11,32808830,99.77
"23687","logistic",11,32808841,99.77
"23688","loosestrife",11,32808852,99.77
"23689","loquacious",11,32808863,99.77
"23690","luger",11,32808874,99.77
"23691","lumberjack",11,32808885,99.77
"23692","luminary",11,32808896,99.77
"23693","lunchroom",11,32808907,99.77
"23694","magnanimous",11,32808918,99.77
"23695","majestically",11,32808929,99.77
"23696","malo",11,32808940,99.77
"23697","mammary",11,32808951,99.77
"23698","mange",11,32808962,99.77
"23699","mangling",11,32808973,99.77
"23700","marauder",11,32808984,99.77
"23701","marginalize",11,32808995,99.77
"23702","marquise",11,32809006,99.77
"23703","maru",11,32809017,99.77
"23704","matronly",11,32809028,99.77
"23705","mediating",11,32809039,99.77
"23706","megawatt",11,32809050,99.77
"23707","metamorphoses",11,32809061,99.77
"23708","mikado",11,32809072,99.77
"23709","milner",11,32809083,99.77
"23710","mincemeat",11,32809094,99.77
"23711","mincing",11,32809105,99.77
"23712","minette",11,32809116,99.77
"23713","moneyed",11,32809127,99.77
"23714","mongrel",11,32809138,99.77
"23715","moonrise",11,32809149,99.77
"23716","mope",11,32809160,99.77
"23717","morin",11,32809171,99.77
"23718","motorcyclist",11,32809182,99.77
"23719","mousy",11,32809193,99.77
"23720","muffet",11,32809204,99.77
"23721","mustachioed",11,32809215,99.77
"23722","mutilate",11,32809226,99.77
"23723","necrophilia",11,32809237,99.77
"23724","nervy",11,32809248,99.77
"23725","nihilist",11,32809259,99.77
"23726","nobly",11,32809270,99.77
"23727","nodule",11,32809281,99.77
"23728","noisome",11,32809292,99.77
"23729","noncommercial",11,32809303,99.77
"23730","nonpartisan",11,32809314,99.77
"23731","northernmost",11,32809325,99.77
"23732","novena",11,32809336,99.77
"23733","numbingly",11,32809347,99.77
"23734","obligingly",11,32809358,99.77
"23735","ocarina",11,32809369,99.77
"23736","oolong",11,32809380,99.77
"23737","opposer",11,32809391,99.77
"23738","oration",11,32809402,99.77
"23739","osteoarthritis",11,32809413,99.77
"23740","ostracism",11,32809424,99.77
"23741","ouster",11,32809435,99.77
"23742","outboard",11,32809446,99.77
"23743","outsmart",11,32809457,99.77
"23744","outstrip",11,32809468,99.77
"23745","outwith",11,32809479,99.77
"23746","overage",11,32809490,99.77
"23747","overgrowth",11,32809501,99.77
"23748","overstatement",11,32809512,99.77
"23749","oxygenation",11,32809523,99.77
"23750","pacification",11,32809534,99.77
"23751","pageantry",11,32809545,99.77
"23752","pallid",11,32809556,99.77
"23753","pampas",11,32809567,99.77
"23754","panelling",11,32809578,99.77
"23755","panto",11,32809589,99.77
"23756","parabola",11,32809600,99.77
"23757","parsonage",11,32809611,99.77
"23758","partitioned",11,32809622,99.77
"23759","pathologic",11,32809633,99.77
"23760","patrimony",11,32809644,99.77
"23761","peculiarity",11,32809655,99.77
"23762","percolate",11,32809666,99.77
"23763","perigee",11,32809677,99.77
"23764","periodicity",11,32809688,99.77
"23765","phallus",11,32809699,99.77
"23766","pharmacological",11,32809710,99.77
"23767","phenomenology",11,32809721,99.77
"23768","phonograph",11,32809732,99.77
"23769","phosphorous",11,32809743,99.77
"23770","piccolo",11,32809754,99.77
"23771","pimlico",11,32809765,99.77
"23772","plasticity",11,32809776,99.77
"23773","platformer",11,32809787,99.77
"23774","plaything",11,32809798,99.77
"23775","pliant",11,32809809,99.77
"23776","plotter",11,32809820,99.77
"23777","plummy",11,32809831,99.77
"23778","pocketing",11,32809842,99.77
"23779","podiatrist",11,32809853,99.77
"23780","polemical",11,32809864,99.77
"23781","polis",11,32809875,99.77
"23782","pollster",11,32809886,99.77
"23783","pollutant",11,32809897,99.77
"23784","polygraph",11,32809908,99.77
"23785","pomposity",11,32809919,99.77
"23786","pontifical",11,32809930,99.77
"23787","popery",11,32809941,99.77
"23788","portico",11,32809952,99.77
"23789","pragmatist",11,32809963,99.77
"23790","presumptive",11,32809974,99.77
"23791","pretentiousness",11,32809985,99.77
"23792","primavera",11,32809996,99.77
"23793","proportionality",11,32810007,99.77
"23794","prosthetics",11,32810018,99.77
"23795","provable",11,32810029,99.77
"23796","prudish",11,32810040,99.77
"23797","prurient",11,32810051,99.77
"23798","psychically",11,32810062,99.77
"23799","psychosomatic",11,32810073,99.77
"23800","psychotherapist",11,32810084,99.77
"23801","puerile",11,32810095,99.77
"23802","puncher",11,32810106,99.77
"23803","punnet",11,32810117,99.77
"23804","purebred",11,32810128,99.77
"23805","pyjama",11,32810139,99.77
"23806","quintin",11,32810150,99.77
"23807","quizzically",11,32810161,99.77
"23808","raconteur",11,32810172,99.77
"23809","ragtag",11,32810183,99.77
"23810","raindrop",11,32810194,99.77
"23811","reacquaint",11,32810205,99.77
"23812","reactivity",11,32810216,99.77
"23813","recumbent",11,32810227,99.77
"23814","redd",11,32810238,99.77
"23815","redirection",11,32810249,99.77
"23816","reducer",11,32810260,99.77
"23817","reductionist",11,32810271,99.77
"23818","refectory",11,32810282,99.77
"23819","reiteration",11,32810293,99.77
"23820","relationally",11,32810304,99.77
"23821","relativist",11,32810315,99.77
"23822","repetitious",11,32810326,99.77
"23823","reprobate",11,32810337,99.77
"23824","repulse",11,32810348,99.77
"23825","requisition",11,32810359,99.77
"23826","respectability",11,32810370,99.77
"23827","resubmit",11,32810381,99.77
"23828","resuscitate",11,32810392,99.77
"23829","retinal",11,32810403,99.77
"23830","returnable",11,32810414,99.77
"23831","rewire",11,32810425,99.77
"23832","ridgeway",11,32810436,99.77
"23833","ripeness",11,32810447,99.77
"23834","risible",11,32810458,99.77
"23835","roaster",11,32810469,99.77
"23836","rohan",11,32810480,99.77
"23837","rotor",11,32810491,99.77
"23838","rueful",11,32810502,99.77
"23839","ruefully",11,32810513,99.77
"23840","rukh",11,32810524,99.77
"23841","sado",11,32810535,99.77
"23842","sagebrush",11,32810546,99.77
"23843","sainted",11,32810557,99.77
"23844","sainthood",11,32810568,99.77
"23845","salina",11,32810579,99.77
"23846","salmonella",11,32810590,99.77
"23847","salting",11,32810601,99.77
"23848","salutation",11,32810612,99.77
"23849","salvageable",11,32810623,99.77
"23850","sandstorm",11,32810634,99.77
"23851","schnauzer",11,32810645,99.77
"23852","sciatica",11,32810656,99.77
"23853","screener",11,32810667,99.77
"23854","scurrilous",11,32810678,99.77
"23855","seditious",11,32810689,99.77
"23856","selvage",11,32810700,99.77
"23857","senatorial",11,32810711,99.77
"23858","seraphim",11,32810722,99.77
"23859","sevenfold",11,32810733,99.77
"23860","sexless",11,32810744,99.77
"23861","shafted",11,32810755,99.77
"23862","shamelessness",11,32810766,99.77
"23863","sheepskin",11,32810777,99.77
"23864","sheng",11,32810788,99.77
"23865","shinny",11,32810799,99.77
"23866","shoal",11,32810810,99.77
"23867","sickeningly",11,32810821,99.77
"23868","silvered",11,32810832,99.77
"23869","singlet",11,32810843,99.77
"23870","sipper",11,32810854,99.77
"23871","skiff",11,32810865,99.77
"23872","slanting",11,32810876,99.77
"23873","sloe",11,32810887,99.77
"23874","slugger",11,32810898,99.77
"23875","smokehouse",11,32810909,99.77
"23876","smokestack",11,32810920,99.77
"23877","snell",11,32810931,99.77
"23878","soberly",11,32810942,99.77
"23879","socialistic",11,32810953,99.77
"23880","sociopolitical",11,32810964,99.77
"23881","somatic",11,32810975,99.77
"23882","soph",11,32810986,99.77
"23883","sopping",11,32810997,99.77
"23884","spearing",11,32811008,99.77
"23885","speer",11,32811019,99.77
"23886","sphincter",11,32811030,99.77
"23887","spicing",11,32811041,99.77
"23888","spillage",11,32811052,99.77
"23889","starlit",11,32811063,99.77
"23890","stillbirth",11,32811074,99.77
"23891","stirrer",11,32811085,99.77
"23892","straightener",11,32811096,99.77
"23893","stratagem",11,32811107,99.77
"23894","strew",11,32811118,99.77
"23895","stumpy",11,32811129,99.77
"23896","stupefied",11,32811140,99.77
"23897","subjectively",11,32811151,99.77
"23898","suckle",11,32811162,99.77
"23899","suddenness",11,32811173,99.77
"23900","surfeit",11,32811184,99.77
"23901","surreptitious",11,32811195,99.77
"23902","survivable",11,32811206,99.77
"23903","swale",11,32811217,99.77
"23904","syncopated",11,32811228,99.77
"23905","systolic",11,32811239,99.77
"23906","tadpole",11,32811250,99.77
"23907","takings",11,32811261,99.77
"23908","tautology",11,32811272,99.77
"23909","taxonomy",11,32811283,99.77
"23910","teaspoonful",11,32811294,99.77
"23911","tempter",11,32811305,99.77
"23912","tenancy",11,32811316,99.77
"23913","terrarium",11,32811327,99.77
"23914","thane",11,32811338,99.77
"23915","therewith",11,32811349,99.77
"23916","thresh",11,32811360,99.77
"23917","thumbprint",11,32811371,99.77
"23918","tole",11,32811382,99.77
"23919","tomfoolery",11,32811393,99.77
"23920","tooling",11,32811404,99.77
"23921","topology",11,32811415,99.77
"23922","tox",11,32811426,99.77
"23923","transistor",11,32811437,99.77
"23924","transmutation",11,32811448,99.77
"23925","transplantation",11,32811459,99.77
"23926","trigonometry",11,32811470,99.77
"23927","trilling",11,32811481,99.77
"23928","trinitarian",11,32811492,99.77
"23929","trisomy",11,32811503,99.77
"23930","trundle",11,32811514,99.77
"23931","trundling",11,32811525,99.77
"23932","truss",11,32811536,99.77
"23933","tui",11,32811547,99.77
"23934","tusk",11,32811558,99.77
"23935","twixt",11,32811569,99.77
"23936","tzolkin",11,32811580,99.77
"23937","unambiguously",11,32811591,99.77
"23938","unavoidably",11,32811602,99.77
"23939","unblock",11,32811613,99.77
"23940","unburdened",11,32811624,99.77
"23941","unchained",11,32811635,99.77
"23942","uncharitable",11,32811646,99.77
"23943","unclassified",11,32811657,99.77
"23944","uncleanness",11,32811668,99.77
"23945","uncompromisingly",11,32811679,99.77
"23946","underland",11,32811690,99.77
"23947","uneasily",11,32811701,99.77
"23948","uneaten",11,32811712,99.77
"23949","unerring",11,32811723,99.77
"23950","unglamorous",11,32811734,99.77
"23951","unloving",11,32811745,99.77
"23952","unmold",11,32811756,99.77
"23953","unpatriotic",11,32811767,99.77
"23954","unprofitable",11,32811778,99.77
"23955","unreality",11,32811789,99.77
"23956","unrealized",11,32811800,99.77
"23957","unremarked",11,32811811,99.77
"23958","unshaven",11,32811822,99.77
"23959","unsullied",11,32811833,99.77
"23960","untethered",11,32811844,99.77
"23961","unverified",11,32811855,99.77
"23962","unwatchable",11,32811866,99.77
"23963","ura",11,32811877,99.77
"23964","ural",11,32811888,99.77
"23965","ure",11,32811899,99.77
"23966","usurpation",11,32811910,99.77
"23967","verso",11,32811921,99.77
"23968","victimhood",11,32811932,99.77
"23969","viewable",11,32811943,99.77
"23970","virile",11,32811954,99.77
"23971","waken",11,32811965,99.77
"23972","wampus",11,32811976,99.77
"23973","wapping",11,32811987,99.77
"23974","warlike",11,32811998,99.77
"23975","warmish",11,32812009,99.77
"23976","wawa",11,32812020,99.77
"23977","waxman",11,32812031,99.77
"23978","weald",11,32812042,99.77
"23979","welly",11,32812053,99.78
"23980","wheezy",11,32812064,99.78
"23981","whimsically",11,32812075,99.78
"23982","wicking",11,32812086,99.78
"23983","withal",11,32812097,99.78
"23984","womenfolk",11,32812108,99.78
"23985","woodchuck",11,32812119,99.78
"23986","wormwood",11,32812130,99.78
"23987","worshiper",11,32812141,99.78
"23988","writhe",11,32812152,99.78
"23989","wryly",11,32812163,99.78
"23990","yeo",11,32812174,99.78
"23991","yerba",11,32812185,99.78
"23992","yor",11,32812196,99.78
"23993","youve",11,32812207,99.78
"23994","zagged",11,32812218,99.78
"23995","abate",10,32812228,99.78
"23996","abduct",10,32812238,99.78
"23997","abrasion",10,32812248,99.78
"23998","abstracted",10,32812258,99.78
"23999","acetone",10,32812268,99.78
"24000","acton",10,32812278,99.78
"24001","adjuster",10,32812288,99.78
"24002","aforesaid",10,32812298,99.78
"24003","agger",10,32812308,99.78
"24004","agog",10,32812318,99.78
"24005","airless",10,32812328,99.78
"24006","albacore",10,32812338,99.78
"24007","ambiguously",10,32812348,99.78
"24008","amplification",10,32812358,99.78
"24009","amplitude",10,32812368,99.78
"24010","amputate",10,32812378,99.78
"24011","anaconda",10,32812388,99.78
"24012","anodyne",10,32812398,99.78
"24013","ansar",10,32812408,99.78
"24014","antipodean",10,32812418,99.78
"24015","antiquarian",10,32812428,99.78
"24016","arable",10,32812438,99.78
"24017","archetypical",10,32812448,99.78
"24018","arcing",10,32812458,99.78
"24019","artesian",10,32812468,99.78
"24020","asana",10,32812478,99.78
"24021","asceticism",10,32812488,99.78
"24022","ascii",10,32812498,99.78
"24023","ashy",10,32812508,99.78
"24024","asphyxiation",10,32812518,99.78
"24025","aspirant",10,32812528,99.78
"24026","assistive",10,32812538,99.78
"24027","astonish",10,32812548,99.78
"24028","astrodome",10,32812558,99.78
"24029","attractively",10,32812568,99.78
"24030","auger",10,32812578,99.78
"24031","axial",10,32812588,99.78
"24032","babyhood",10,32812598,99.78
"24033","baffle",10,32812608,99.78
"24034","bafflement",10,32812618,99.78
"24035","baiter",10,32812628,99.78
"24036","baka",10,32812638,99.78
"24037","ballplayer",10,32812648,99.78
"24038","balsam",10,32812658,99.78
"24039","bandy",10,32812668,99.78
"24040","banquette",10,32812678,99.78
"24041","barnacle",10,32812688,99.78
"24042","barret",10,32812698,99.78
"24043","barroom",10,32812708,99.78
"24044","barrowman",10,32812718,99.78
"24045","beek",10,32812728,99.78
"24046","begat",10,32812738,99.78
"24047","begonia",10,32812748,99.78
"24048","belladonna",10,32812758,99.78
"24049","bendable",10,32812768,99.78
"24050","benighted",10,32812778,99.78
"24051","benzene",10,32812788,99.78
"24052","bergamot",10,32812798,99.78
"24053","bespectacled",10,32812808,99.78
"24054","biddy",10,32812818,99.78
"24055","biding",10,32812828,99.78
"24056","bigwig",10,32812838,99.78
"24057","billowy",10,32812848,99.78
"24058","blandly",10,32812858,99.78
"24059","bleat",10,32812868,99.78
"24060","bloodletting",10,32812878,99.78
"24061","bloodroot",10,32812888,99.78
"24062","bluebonnet",10,32812898,99.78
"24063","bluegill",10,32812908,99.78
"24064","bobber",10,32812918,99.78
"24065","boggle",10,32812928,99.78
"24066","boma",10,32812938,99.78
"24067","bonehead",10,32812948,99.78
"24068","bonhomie",10,32812958,99.78
"24069","bookmaker",10,32812968,99.78
"24070","bookmobile",10,32812978,99.78
"24071","bosh",10,32812988,99.78
"24072","bossing",10,32812998,99.78
"24073","boucher",10,32813008,99.78
"24074","bouldering",10,32813018,99.78
"24075","bowlful",10,32813028,99.78
"24076","brabant",10,32813038,99.78
"24077","brachial",10,32813048,99.78
"24078","brazier",10,32813058,99.78
"24079","breadmaker",10,32813068,99.78
"24080","brough",10,32813078,99.78
"24081","buffed",10,32813088,99.78
"24082","bullfrog",10,32813098,99.78
"24083","cadaver",10,32813108,99.78
"24084","calabrese",10,32813118,99.78
"24085","calibration",10,32813128,99.78
"24086","candlelit",10,32813138,99.78
"24087","canker",10,32813148,99.78
"24088","cannula",10,32813158,99.78
"24089","cantilevered",10,32813168,99.78
"24090","capacious",10,32813178,99.78
"24091","caprice",10,32813188,99.78
"24092","captaincy",10,32813198,99.78
"24093","cardmaker",10,32813208,99.78
"24094","casement",10,32813218,99.78
"24095","catacomb",10,32813228,99.78
"24096","cellaring",10,32813238,99.78
"24097","changeless",10,32813248,99.78
"24098","chapin",10,32813258,99.78
"24099","chauvinist",10,32813268,99.78
"24100","chickasaw",10,32813278,99.78
"24101","chide",10,32813288,99.78
"24102","chivalrous",10,32813298,99.78
"24103","choreograph",10,32813308,99.78
"24104","chronal",10,32813318,99.78
"24105","chub",10,32813328,99.78
"24106","cine",10,32813338,99.78
"24107","clincher",10,32813348,99.78
"24108","clustering",10,32813358,99.78
"24109","cobweb",10,32813368,99.78
"24110","cognizance",10,32813378,99.78
"24111","coincidently",10,32813388,99.78
"24112","coining",10,32813398,99.78
"24113","coker",10,32813408,99.78
"24114","coll",10,32813418,99.78
"24115","collapsible",10,32813428,99.78
"24116","coloration",10,32813438,99.78
"24117","colossi",10,32813448,99.78
"24118","comal",10,32813458,99.78
"24119","compartmentalize",10,32813468,99.78
"24120","complainer",10,32813478,99.78
"24121","conciliatory",10,32813488,99.78
"24122","conclave",10,32813498,99.78
"24123","concordance",10,32813508,99.78
"24124","condescend",10,32813518,99.78
"24125","conformation",10,32813528,99.78
"24126","congratulation",10,32813538,99.78
"24127","connote",10,32813548,99.78
"24128","controllable",10,32813558,99.78
"24129","convex",10,32813568,99.78
"24130","coot",10,32813578,99.78
"24131","coppice",10,32813588,99.78
"24132","cordially",10,32813598,99.78
"24133","corkboard",10,32813608,99.78
"24134","cornel",10,32813618,99.78
"24135","coronet",10,32813628,99.78
"24136","cosmetology",10,32813638,99.78
"24137","cowhide",10,32813648,99.78
"24138","crain",10,32813658,99.78
"24139","creativeness",10,32813668,99.78
"24140","credibly",10,32813678,99.78
"24141","cretin",10,32813688,99.78
"24142","crinkly",10,32813698,99.78
"24143","cro",10,32813708,99.78
"24144","crooner",10,32813718,99.78
"24145","crossbar",10,32813728,99.78
"24146","crybaby",10,32813738,99.78
"24147","cryptically",10,32813748,99.78
"24148","cubist",10,32813758,99.78
"24149","culvert",10,32813768,99.78
"24150","curable",10,32813778,99.78
"24151","curacao",10,32813788,99.78
"24152","curdle",10,32813798,99.78
"24153","danner",10,32813808,99.78
"24154","deadening",10,32813818,99.78
"24155","deadlock",10,32813828,99.78
"24156","decanter",10,32813838,99.78
"24157","declarative",10,32813848,99.78
"24158","decomposed",10,32813858,99.78
"24159","deductive",10,32813868,99.78
"24160","definable",10,32813878,99.78
"24161","deformity",10,32813888,99.78
"24162","defray",10,32813898,99.78
"24163","demagoguery",10,32813908,99.78
"24164","derisive",10,32813918,99.78
"24165","desperado",10,32813928,99.78
"24166","deva",10,32813938,99.78
"24167","diaphanous",10,32813948,99.78
"24168","differentiator",10,32813958,99.78
"24169","dimensionally",10,32813968,99.78
"24170","disavow",10,32813978,99.78
"24171","discursive",10,32813988,99.78
"24172","disdainful",10,32813998,99.78
"24173","dismount",10,32814008,99.78
"24174","dispirited",10,32814018,99.78
"24175","disunity",10,32814028,99.78
"24176","divisiveness",10,32814038,99.78
"24177","divvy",10,32814048,99.78
"24178","dobby",10,32814058,99.78
"24179","dormancy",10,32814068,99.78
"24180","doubler",10,32814078,99.78
"24181","doubtlessly",10,32814088,99.78
"24182","dowdy",10,32814098,99.78
"24183","dramatist",10,32814108,99.78
"24184","dray",10,32814118,99.78
"24185","dressmaking",10,32814128,99.78
"24186","dumpy",10,32814138,99.78
"24187","dustpan",10,32814148,99.78
"24188","earthenware",10,32814158,99.78
"24189","eclampsia",10,32814168,99.78
"24190","ecologist",10,32814178,99.78
"24191","ecru",10,32814188,99.78
"24192","ecstatically",10,32814198,99.78
"24193","educationally",10,32814208,99.78
"24194","egregiously",10,32814218,99.78
"24195","electrocution",10,32814228,99.78
"24196","emigrant",10,32814238,99.78
"24197","empiricism",10,32814248,99.78
"24198","entertainingly",10,32814258,99.78
"24199","epitomize",10,32814268,99.78
"24200","equivalence",10,32814278,99.78
"24201","erotically",10,32814288,99.78
"24202","erring",10,32814298,99.78
"24203","evangelization",10,32814308,99.78
"24204","evangelize",10,32814318,99.78
"24205","excavate",10,32814328,99.78
"24206","excusable",10,32814338,99.78
"24207","exhibitionist",10,32814348,99.78
"24208","exoticism",10,32814358,99.78
"24209","extravagantly",10,32814368,99.78
"24210","fairyland",10,32814378,99.78
"24211","faker",10,32814388,99.78
"24212","falsification",10,32814398,99.78
"24213","fanatically",10,32814408,99.78
"24214","faraday",10,32814418,99.78
"24215","fatherland",10,32814428,99.78
"24216","fatten",10,32814438,99.78
"24217","featureless",10,32814448,99.78
"24218","fecundity",10,32814458,99.78
"24219","femur",10,32814468,99.78
"24220","festivity",10,32814478,99.78
"24221","fibroid",10,32814488,99.78
"24222","fictive",10,32814498,99.78
"24223","fiendishly",10,32814508,99.78
"24224","figaro",10,32814518,99.78
"24225","filial",10,32814528,99.78
"24226","flagpole",10,32814538,99.78
"24227","flam",10,32814548,99.78
"24228","flowerpot",10,32814558,99.78
"24229","flyball",10,32814568,99.78
"24230","foldable",10,32814578,99.78
"24231","fondling",10,32814588,99.78
"24232","fortieth",10,32814598,99.78
"24233","fractious",10,32814608,99.78
"24234","fragmentary",10,32814618,99.78
"24235","fraudulently",10,32814628,99.78
"24236","friended",10,32814638,99.78
"24237","frill",10,32814648,99.78
"24238","frit",10,32814658,99.78
"24239","fulsome",10,32814668,99.78
"24240","funkiness",10,32814678,99.78
"24241","fussiness",10,32814688,99.78
"24242","galling",10,32814698,99.78
"24243","galvanize",10,32814708,99.78
"24244","gamin",10,32814718,99.78
"24245","gangly",10,32814728,99.78
"24246","gaslight",10,32814738,99.78
"24247","gauging",10,32814748,99.78
"24248","gault",10,32814758,99.78
"24249","generative",10,32814768,99.78
"24250","genii",10,32814778,99.78
"24251","geocentric",10,32814788,99.78
"24252","gerbil",10,32814798,99.78
"24253","gest",10,32814808,99.78
"24254","gherkin",10,32814818,99.78
"24255","gigolo",10,32814828,99.78
"24256","gilding",10,32814838,99.78
"24257","glace",10,32814848,99.78
"24258","gog",10,32814858,99.78
"24259","goldfinch",10,32814868,99.78
"24260","gourmand",10,32814878,99.78
"24261","graveside",10,32814888,99.78
"24262","gravitation",10,32814898,99.78
"24263","grenadine",10,32814908,99.78
"24264","groomer",10,32814918,99.78
"24265","grosser",10,32814928,99.78
"24266","growly",10,32814938,99.78
"24267","gruel",10,32814948,99.78
"24268","gubernatorial",10,32814958,99.78
"24269","guidepost",10,32814968,99.78
"24270","guppy",10,32814978,99.78
"24271","gymnastic",10,32814988,99.78
"24272","hackman",10,32814998,99.78
"24273","haemorrhage",10,32815008,99.78
"24274","hagiography",10,32815018,99.78
"24275","halse",10,32815028,99.78
"24276","hankie",10,32815038,99.78
"24277","hasta",10,32815048,99.78
"24278","hatmaker",10,32815058,99.78
"24279","hawked",10,32815068,99.78
"24280","heckler",10,32815078,99.78
"24281","heedless",10,32815088,99.78
"24282","hight",10,32815098,99.78
"24283","hippopotamus",10,32815108,99.78
"24284","hoisting",10,32815118,99.78
"24285","humdinger",10,32815128,99.78
"24286","huss",10,32815138,99.78
"24287","hydrotherapy",10,32815148,99.78
"24288","hyphen",10,32815158,99.78
"24289","hypochlorite",10,32815168,99.78
"24290","icebreaker",10,32815178,99.78
"24291","iconoclasm",10,32815188,99.78
"24292","imminently",10,32815198,99.78
"24293","immolation",10,32815208,99.78
"24294","impaler",10,32815218,99.78
"24295","impermanence",10,32815228,99.78
"24296","impermeable",10,32815238,99.78
"24297","imprimatur",10,32815248,99.78
"24298","incipient",10,32815258,99.78
"24299","indiscretion",10,32815268,99.78
"24300","inerrant",10,32815278,99.78
"24301","infliction",10,32815288,99.78
"24302","ingress",10,32815298,99.78
"24303","inlay",10,32815308,99.78
"24304","insistently",10,32815318,99.78
"24305","insole",10,32815328,99.78
"24306","instigation",10,32815338,99.78
"24307","intellectualism",10,32815348,99.79
"24308","interagency",10,32815358,99.79
"24309","interlock",10,32815368,99.79
"24310","interminably",10,32815378,99.79
"24311","interweaving",10,32815388,99.79
"24312","inundation",10,32815398,99.79
"24313","inveterate",10,32815408,99.79
"24314","ironwork",10,32815418,99.79
"24315","iva",10,32815428,99.79
"24316","jacko",10,32815438,99.79
"24317","jamb",10,32815448,99.79
"24318","jetted",10,32815458,99.79
"24319","jingoism",10,32815468,99.79
"24320","judiciously",10,32815478,99.79
"24321","kickback",10,32815488,99.79
"24322","kidlet",10,32815498,99.79
"24323","kier",10,32815508,99.79
"24324","kitcat",10,32815518,99.79
"24325","knockdown",10,32815528,99.79
"24326","kor",10,32815538,99.79
"24327","korin",10,32815548,99.79
"24328","kraal",10,32815558,99.79
"24329","kudzu",10,32815568,99.79
"24330","kwan",10,32815578,99.79
"24331","laddie",10,32815588,99.79
"24332","lampstand",10,32815598,99.79
"24333","largeness",10,32815608,99.79
"24334","launder",10,32815618,99.79
"24335","leman",10,32815628,99.79
"24336","levitate",10,32815638,99.79
"24337","levo",10,32815648,99.79
"24338","liang",10,32815658,99.79
"24339","libelous",10,32815668,99.79
"24340","libertine",10,32815678,99.79
"24341","lidded",10,32815688,99.79
"24342","lira",10,32815698,99.79
"24343","locator",10,32815708,99.79
"24344","loiter",10,32815718,99.79
"24345","looker",10,32815728,99.79
"24346","lope",10,32815738,99.79
"24347","lowland",10,32815748,99.79
"24348","lubrication",10,32815758,99.79
"24349","lushness",10,32815768,99.79
"24350","luxuriant",10,32815778,99.79
"24351","magister",10,32815788,99.79
"24352","malcontent",10,32815798,99.79
"24353","manse",10,32815808,99.79
"24354","manta",10,32815818,99.79
"24355","mantelpiece",10,32815828,99.79
"24356","mastic",10,32815838,99.79
"24357","matchmaking",10,32815848,99.79
"24358","matchstick",10,32815858,99.79
"24359","materiality",10,32815868,99.79
"24360","maul",10,32815878,99.79
"24361","mauling",10,32815888,99.79
"24362","maza",10,32815898,99.79
"24363","mellifluous",10,32815908,99.79
"24364","mendacious",10,32815918,99.79
"24365","mesmeric",10,32815928,99.79
"24366","metronome",10,32815938,99.79
"24367","micron",10,32815948,99.79
"24368","militarization",10,32815958,99.79
"24369","millinery",10,32815968,99.79
"24370","minutely",10,32815978,99.79
"24371","minx",10,32815988,99.79
"24372","miscast",10,32815998,99.79
"24373","miscellany",10,32816008,99.79
"24374","molar",10,32816018,99.79
"24375","monetization",10,32816028,99.79
"24376","moodle",10,32816038,99.79
"24377","moorland",10,32816048,99.79
"24378","mortifying",10,32816058,99.79
"24379","motherless",10,32816068,99.79
"24380","mousey",10,32816078,99.79
"24381","mown",10,32816088,99.79
"24382","muss",10,32816098,99.79
"24383","mustached",10,32816108,99.79
"24384","mutable",10,32816118,99.79
"24385","mutate",10,32816128,99.79
"24386","mutuality",10,32816138,99.79
"24387","myeloma",10,32816148,99.79
"24388","myopia",10,32816158,99.79
"24389","myst",10,32816168,99.79
"24390","mystically",10,32816178,99.79
"24391","nar",10,32816188,99.79
"24392","narcolepsy",10,32816198,99.79
"24393","narratively",10,32816208,99.79
"24394","naturist",10,32816218,99.79
"24395","naughtiness",10,32816228,99.79
"24396","neb",10,32816238,99.79
"24397","neighborly",10,32816248,99.79
"24398","nester",10,32816258,99.79
"24399","neuralgia",10,32816268,99.79
"24400","nightie",10,32816278,99.79
"24401","nocturn",10,32816288,99.79
"24402","northerner",10,32816298,99.79
"24403","novelization",10,32816308,99.79
"24404","oatcake",10,32816318,99.79
"24405","olam",10,32816328,99.79
"24406","oligarchic",10,32816338,99.79
"24407","onlooker",10,32816348,99.79
"24408","opprobrium",10,32816358,99.79
"24409","oracular",10,32816368,99.79
"24410","ornithology",10,32816378,99.79
"24411","orthopedist",10,32816388,99.79
"24412","outgrowth",10,32816398,99.79
"24413","overconfidence",10,32816408,99.79
"24414","overheat",10,32816418,99.79
"24415","oversimplification",10,32816428,99.79
"24416","oversupply",10,32816438,99.79
"24417","pacemaker",10,32816448,99.79
"24418","pacifism",10,32816458,99.79
"24419","pais",10,32816468,99.79
"24420","palpably",10,32816478,99.79
"24421","parallax",10,32816488,99.79
"24422","parolee",10,32816498,99.79
"24423","particulate",10,32816508,99.79
"24424","passe",10,32816518,99.79
"24425","patristic",10,32816528,99.79
"24426","pawnee",10,32816538,99.79
"24427","pawpaw",10,32816548,99.79
"24428","peaceable",10,32816558,99.79
"24429","pendle",10,32816568,99.79
"24430","penfold",10,32816578,99.79
"24431","penitent",10,32816588,99.79
"24432","perfecto",10,32816598,99.79
"24433","peridot",10,32816608,99.79
"24434","periscope",10,32816618,99.79
"24435","petrochemical",10,32816628,99.79
"24436","pettiness",10,32816638,99.79
"24437","peyote",10,32816648,99.79
"24438","phraseology",10,32816658,99.79
"24439","pickwick",10,32816668,99.79
"24440","pidgin",10,32816678,99.79
"24441","pitiable",10,32816688,99.79
"24442","playpen",10,32816698,99.79
"24443","plutocrat",10,32816708,99.79
"24444","poacher",10,32816718,99.79
"24445","pocketful",10,32816728,99.79
"24446","polygamist",10,32816738,99.79
"24447","pontiff",10,32816748,99.79
"24448","pontoon",10,32816758,99.79
"24449","poppet",10,32816768,99.79
"24450","portend",10,32816778,99.79
"24451","porthole",10,32816788,99.79
"24452","postponement",10,32816798,99.79
"24453","practicum",10,32816808,99.79
"24454","precipitate",10,32816818,99.79
"24455","prehistory",10,32816828,99.79
"24456","premix",10,32816838,99.79
"24457","prepositional",10,32816848,99.79
"24458","prissy",10,32816858,99.79
"24459","professorial",10,32816868,99.79
"24460","proffer",10,32816878,99.79
"24461","profuse",10,32816888,99.79
"24462","prohibitively",10,32816898,99.79
"24463","proletarian",10,32816908,99.79
"24464","propitiation",10,32816918,99.79
"24465","provocatively",10,32816928,99.79
"24466","pruner",10,32816938,99.79
"24467","psychopathy",10,32816948,99.79
"24468","pumpernickel",10,32816958,99.79
"24469","quaff",10,32816968,99.79
"24470","quaking",10,32816978,99.79
"24471","qualitatively",10,32816988,99.79
"24472","quint",10,32816998,99.79
"24473","quisling",10,32817008,99.79
"24474","raceway",10,32817018,99.79
"24475","radon",10,32817028,99.79
"24476","raga",10,32817038,99.79
"24477","rambler",10,32817048,99.79
"24478","rapier",10,32817058,99.79
"24479","realign",10,32817068,99.79
"24480","realness",10,32817078,99.79
"24481","reawakening",10,32817088,99.79
"24482","recce",10,32817098,99.79
"24483","reconstructionist",10,32817108,99.79
"24484","recoverable",10,32817118,99.79
"24485","recrimination",10,32817128,99.79
"24486","rectal",10,32817138,99.79
"24487","redefinition",10,32817148,99.79
"24488","redevelop",10,32817158,99.79
"24489","redheaded",10,32817168,99.79
"24490","redoubtable",10,32817178,99.79
"24491","redraw",10,32817188,99.79
"24492","reflexology",10,32817198,99.79
"24493","refraction",10,32817208,99.79
"24494","regatta",10,32817218,99.79
"24495","registrant",10,32817228,99.79
"24496","reignite",10,32817238,99.79
"24497","reinstall",10,32817248,99.79
"24498","reinstatement",10,32817258,99.79
"24499","reinterpret",10,32817268,99.79
"24500","rend",10,32817278,99.79
"24501","reputedly",10,32817288,99.79
"24502","retouching",10,32817298,99.79
"24503","returner",10,32817308,99.79
"24504","reverential",10,32817318,99.79
"24505","rhema",10,32817328,99.79
"24506","ribald",10,32817338,99.79
"24507","rima",10,32817348,99.79
"24508","riposte",10,32817358,99.79
"24509","rockaway",10,32817368,99.79
"24510","romper",10,32817378,99.79
"24511","roomed",10,32817388,99.79
"24512","roundness",10,32817398,99.79
"24513","rumination",10,32817408,99.79
"24514","rusk",10,32817418,99.79
"24515","sabbat",10,32817428,99.79
"24516","saltier",10,32817438,99.79
"24517","santon",10,32817448,99.79
"24518","sateen",10,32817458,99.79
"24519","satiety",10,32817468,99.79
"24520","sawn",10,32817478,99.79
"24521","scalable",10,32817488,99.79
"24522","scalded",10,32817498,99.79
"24523","scamp",10,32817508,99.79
"24524","scatterbrained",10,32817518,99.79
"24525","schoolroom",10,32817528,99.79
"24526","scooper",10,32817538,99.79
"24527","scourging",10,32817548,99.79
"24528","scuttle",10,32817558,99.79
"24529","secretion",10,32817568,99.79
"24530","seducer",10,32817578,99.79
"24531","sensorial",10,32817588,99.79
"24532","servo",10,32817598,99.79
"24533","shadrach",10,32817608,99.79
"24534","shakily",10,32817618,99.79
"24535","sharpish",10,32817628,99.79
"24536","shaver",10,32817638,99.79
"24537","shiftless",10,32817648,99.79
"24538","shill",10,32817658,99.79
"24539","shingle",10,32817668,99.79
"24540","shirk",10,32817678,99.79
"24541","shoehorn",10,32817688,99.79
"24542","shoelace",10,32817698,99.79
"24543","shoeshine",10,32817708,99.79
"24544","shrinky",10,32817718,99.79
"24545","sicken",10,32817728,99.79
"24546","sidetrack",10,32817738,99.79
"24547","singlehandedly",10,32817748,99.79
"24548","singleness",10,32817758,99.79
"24549","skeptically",10,32817768,99.79
"24550","skyway",10,32817778,99.79
"24551","slapdash",10,32817788,99.79
"24552","slavish",10,32817798,99.79
"24553","sleeker",10,32817808,99.79
"24554","slighty",10,32817818,99.79
"24555","slinger",10,32817828,99.79
"24556","sloppiness",10,32817838,99.79
"24557","slothful",10,32817848,99.79
"24558","smiler",10,32817858,99.79
"24559","smutty",10,32817868,99.79
"24560","snapdragon",10,32817878,99.79
"24561","snippy",10,32817888,99.79
"24562","snowbank",10,32817898,99.79
"24563","sockless",10,32817908,99.79
"24564","solvency",10,32817918,99.79
"24565","sonorous",10,32817928,99.79
"24566","sophistry",10,32817938,99.79
"24567","soppy",10,32817948,99.79
"24568","soundproof",10,32817958,99.79
"24569","southland",10,32817968,99.79
"24570","spanner",10,32817978,99.79
"24571","specialness",10,32817988,99.79
"24572","spectra",10,32817998,99.79
"24573","spiderweb",10,32818008,99.79
"24574","spline",10,32818018,99.79
"24575","statuesque",10,32818028,99.79
"24576","steadying",10,32818038,99.79
"24577","steelhead",10,32818048,99.79
"24578","stepsister",10,32818058,99.79
"24579","sternum",10,32818068,99.79
"24580","stiffening",10,32818078,99.79
"24581","stilt",10,32818088,99.79
"24582","stollen",10,32818098,99.79
"24583","stooge",10,32818108,99.79
"24584","stratum",10,32818118,99.79
"24585","stretchable",10,32818128,99.79
"24586","stripy",10,32818138,99.79
"24587","sty",10,32818148,99.79
"24588","subduction",10,32818158,99.79
"24589","sunshiny",10,32818168,99.79
"24590","survivability",10,32818178,99.79
"24591","sustainer",10,32818188,99.79
"24592","swifter",10,32818198,99.79
"24593","sycophantic",10,32818208,99.79
"24594","synergistic",10,32818218,99.79
"24595","synthesize",10,32818228,99.79
"24596","tactful",10,32818238,99.79
"24597","tagger",10,32818248,99.79
"24598","talentless",10,32818258,99.79
"24599","tali",10,32818268,99.79
"24600","tamper",10,32818278,99.79
"24601","tanka",10,32818288,99.79
"24602","tartlet",10,32818298,99.79
"24603","taskmaster",10,32818308,99.79
"24604","teasingly",10,32818318,99.79
"24605","telford",10,32818328,99.79
"24606","temporality",10,32818338,99.79
"24607","temporally",10,32818348,99.79
"24608","tenaciously",10,32818358,99.79
"24609","tensile",10,32818368,99.79
"24610","thatch",10,32818378,99.79
"24611","theatricality",10,32818388,99.79
"24612","thole",10,32818398,99.79
"24613","tiffin",10,32818408,99.79
"24614","tinder",10,32818418,99.79
"24615","tobe",10,32818428,99.79
"24616","toddy",10,32818438,99.79
"24617","tombola",10,32818448,99.79
"24618","tomography",10,32818458,99.79
"24619","tonga",10,32818468,99.79
"24620","topographical",10,32818478,99.79
"24621","totora",10,32818488,99.79
"24622","touchline",10,32818498,99.79
"24623","tracer",10,32818508,99.79
"24624","tramway",10,32818518,99.79
"24625","tranquillity",10,32818528,99.79
"24626","transceiver",10,32818538,99.79
"24627","tribalism",10,32818548,99.79
"24628","trilateral",10,32818558,99.79
"24629","tripartite",10,32818568,99.79
"24630","triumphing",10,32818578,99.79
"24631","triune",10,32818588,99.79
"24632","trussed",10,32818598,99.79
"24633","tuff",10,32818608,99.79
"24634","tuft",10,32818618,99.79
"24635","tufting",10,32818628,99.8
"24636","turnbuckle",10,32818638,99.8
"24637","turnoff",10,32818648,99.8
"24638","twirly",10,32818658,99.8
"24639","typescript",10,32818668,99.8
"24640","typeset",10,32818678,99.8
"24641","ulu",10,32818688,99.8
"24642","unachievable",10,32818698,99.8
"24643","unchristian",10,32818708,99.8
"24644","undefinable",10,32818718,99.8
"24645","underpin",10,32818728,99.8
"24646","underwriter",10,32818738,99.8
"24647","undine",10,32818748,99.8
"24648","undoubtably",10,32818758,99.8
"24649","unenlightened",10,32818768,99.8
"24650","unequaled",10,32818778,99.8
"24651","unexamined",10,32818788,99.8
"24652","unexpressed",10,32818798,99.8
"24653","unfamiliarity",10,32818808,99.8
"24654","unflinchingly",10,32818818,99.8
"24655","ungainly",10,32818828,99.8
"24656","unhooked",10,32818838,99.8
"24657","unhurried",10,32818848,99.8
"24658","unimpeded",10,32818858,99.8
"24659","uninhabitable",10,32818868,99.8
"24660","uninviting",10,32818878,99.8
"24661","universalism",10,32818888,99.8
"24662","unladylike",10,32818898,99.8
"24663","unlined",10,32818908,99.8
"24664","unlockable",10,32818918,99.8
"24665","unluckily",10,32818928,99.8
"24666","unmasking",10,32818938,99.8
"24667","unmentionables",10,32818948,99.8
"24668","unpronounceable",10,32818958,99.8
"24669","unrepresented",10,32818968,99.8
"24670","unscrew",10,32818978,99.8
"24671","unsurprised",10,32818988,99.8
"24672","untried",10,32818998,99.8
"24673","untying",10,32819008,99.8
"24674","upland",10,32819018,99.8
"24675","utilitarianism",10,32819028,99.8
"24676","venerate",10,32819038,99.8
"24677","verbosity",10,32819048,99.8
"24678","vertices",10,32819058,99.8
"24679","viaduct",10,32819068,99.8
"24680","victoriously",10,32819078,99.8
"24681","vinegary",10,32819088,99.8
"24682","vinous",10,32819098,99.8
"24683","voile",10,32819108,99.8
"24684","voyeur",10,32819118,99.8
"24685","wadding",10,32819128,99.8
"24686","waif",10,32819138,99.8
"24687","wain",10,32819148,99.8
"24688","walkout",10,32819158,99.8
"24689","wallaby",10,32819168,99.8
"24690","wariness",10,32819178,99.8
"24691","washout",10,32819188,99.8
"24692","wast",10,32819198,99.8
"24693","watertight",10,32819208,99.8
"24694","weakling",10,32819218,99.8
"24695","wearisome",10,32819228,99.8
"24696","weightlessness",10,32819238,99.8
"24697","wend",10,32819248,99.8
"24698","westwards",10,32819258,99.8
"24699","wherewith",10,32819268,99.8
"24700","whinny",10,32819278,99.8
"24701","whomsoever",10,32819288,99.8
"24702","wifely",10,32819298,99.8
"24703","windlass",10,32819308,99.8
"24704","windpipe",10,32819318,99.8
"24705","windstorm",10,32819328,99.8
"24706","wintering",10,32819338,99.8
"24707","witchery",10,32819348,99.8
"24708","wittily",10,32819358,99.8
"24709","wolfram",10,32819368,99.8
"24710","woodhouse",10,32819378,99.8
"24711","wormy",10,32819388,99.8
"24712","yachting",10,32819398,99.8
"24713","yaw",10,32819408,99.8
"24714","youngish",10,32819418,99.8
"24715","youse",10,32819428,99.8
"24716","youthfulness",10,32819438,99.8
"24717","zoster",10,32819448,99.8
"24718","abracadabra",9,32819457,99.8
"24719","absolutism",9,32819466,99.8
"24720","accretion",9,32819475,99.8
"24721","acidosis",9,32819484,99.8
"24722","acoustically",9,32819493,99.8
"24723","acquirer",9,32819502,99.8
"24724","adder",9,32819511,99.8
"24725","addle",9,32819520,99.8
"24726","adjudicate",9,32819529,99.8
"24727","adroit",9,32819538,99.8
"24728","ady",9,32819547,99.8
"24729","aeronautical",9,32819556,99.8
"24730","agen",9,32819565,99.8
"24731","agnus",9,32819574,99.8
"24732","ahimsa",9,32819583,99.8
"24733","alban",9,32819592,99.8
"24734","albee",9,32819601,99.8
"24735","albumen",9,32819610,99.8
"24736","alcazar",9,32819619,99.8
"24737","allergenic",9,32819628,99.8
"24738","ambo",9,32819637,99.8
"24739","amputee",9,32819646,99.8
"24740","anaphylactic",9,32819655,99.8
"24741","androgyny",9,32819664,99.8
"24742","annexation",9,32819673,99.8
"24743","annunciation",9,32819682,99.8
"24744","antiviral",9,32819691,99.8
"24745","apogee",9,32819700,99.8
"24746","apposite",9,32819709,99.8
"24747","ardor",9,32819718,99.8
"24748","argosy",9,32819727,99.8
"24749","armful",9,32819736,99.8
"24750","aspic",9,32819745,99.8
"24751","assail",9,32819754,99.8
"24752","astound",9,32819763,99.8
"24753","astuteness",9,32819772,99.8
"24754","atonal",9,32819781,99.8
"24755","attainability",9,32819790,99.8
"24756","autodidact",9,32819799,99.8
"24757","averil",9,32819808,99.8
"24758","awd",9,32819817,99.8
"24759","backbreaking",9,32819826,99.8
"24760","backstroke",9,32819835,99.8
"24761","bailiff",9,32819844,99.8
"24762","baler",9,32819853,99.8
"24763","bally",9,32819862,99.8
"24764","bangalow",9,32819871,99.8
"24765","baobab",9,32819880,99.8
"24766","barbary",9,32819889,99.8
"24767","barmy",9,32819898,99.8
"24768","beardy",9,32819907,99.8
"24769","beluga",9,32819916,99.8
"24770","bended",9,32819925,99.8
"24771","bequeath",9,32819934,99.8
"24772","besan",9,32819943,99.8
"24773","bester",9,32819952,99.8
"24774","betters",9,32819961,99.8
"24775","bilious",9,32819970,99.8
"24776","biotics",9,32819979,99.8
"24777","biweekly",9,32819988,99.8
"24778","bladed",9,32819997,99.8
"24779","blare",9,32820006,99.8
"24780","blaspheme",9,32820015,99.8
"24781","blockhead",9,32820024,99.8
"24782","blustering",9,32820033,99.8
"24783","bodacious",9,32820042,99.8
"24784","bogie",9,32820051,99.8
"24785","boneshaker",9,32820060,99.8
"24786","bor",9,32820069,99.8
"24787","boreal",9,32820078,99.8
"24788","bottlenose",9,32820087,99.8
"24789","bottoming",9,32820096,99.8
"24790","brandish",9,32820105,99.8
"24791","brandywine",9,32820114,99.8
"24792","bravura",9,32820123,99.8
"24793","bricklayer",9,32820132,99.8
"24794","brownback",9,32820141,99.8
"24795","bruiser",9,32820150,99.8
"24796","buckaroo",9,32820159,99.8
"24797","buildable",9,32820168,99.8
"24798","bullwhip",9,32820177,99.8
"24799","bumbo",9,32820186,99.8
"24800","buoyancy",9,32820195,99.8
"24801","burnet",9,32820204,99.8
"24802","bushland",9,32820213,99.8
"24803","businesslike",9,32820222,99.8
"24804","buttress",9,32820231,99.8
"24805","cabochon",9,32820240,99.8
"24806","callously",9,32820249,99.8
"24807","camomile",9,32820258,99.8
"24808","campana",9,32820267,99.8
"24809","campo",9,32820276,99.8
"24810","cancan",9,32820285,99.8
"24811","capacitive",9,32820294,99.8
"24812","capitalization",9,32820303,99.8
"24813","carbide",9,32820312,99.8
"24814","carriageway",9,32820321,99.8
"24815","cashbox",9,32820330,99.8
"24816","cation",9,32820339,99.8
"24817","celebrator",9,32820348,99.8
"24818","censorious",9,32820357,99.8
"24819","chancel",9,32820366,99.8
"24820","chaparral",9,32820375,99.8
"24821","charitably",9,32820384,99.8
"24822","cheapen",9,32820393,99.8
"24823","chicanery",9,32820402,99.8
"24824","childishness",9,32820411,99.8
"24825","chillingly",9,32820420,99.8
"24826","chinks",9,32820429,99.8
"24827","chintz",9,32820438,99.8
"24828","churchman",9,32820447,99.8
"24829","clinking",9,32820456,99.8
"24830","cockfighting",9,32820465,99.8
"24831","coddle",9,32820474,99.8
"24832","codfish",9,32820483,99.8
"24833","coelho",9,32820492,99.8
"24834","cohabitation",9,32820501,99.8
"24835","colonist",9,32820510,99.8
"24836","colorist",9,32820519,99.8
"24837","communique",9,32820528,99.8
"24838","comport",9,32820537,99.8
"24839","conductivity",9,32820546,99.8
"24840","conflation",9,32820555,99.8
"24841","congeal",9,32820564,99.8
"24842","connaught",9,32820573,99.8
"24843","constructivism",9,32820582,99.8
"24844","consular",9,32820591,99.8
"24845","contemptuously",9,32820600,99.8
"24846","cornet",9,32820609,99.8
"24847","cornice",9,32820618,99.8
"24848","counterattack",9,32820627,99.8
"24849","couplet",9,32820636,99.8
"24850","cranial",9,32820645,99.8
"24851","crispiness",9,32820654,99.8
"24852","crosse",9,32820663,99.8
"24853","crumpet",9,32820672,99.8
"24854","cruse",9,32820681,99.8
"24855","cubism",9,32820690,99.8
"24856","curler",9,32820699,99.8
"24857","daintily",9,32820708,99.8
"24858","dander",9,32820717,99.8
"24859","daydreamer",9,32820726,99.8
"24860","deactivate",9,32820735,99.8
"24861","decadently",9,32820744,99.8
"24862","decapitate",9,32820753,99.8
"24863","deceleration",9,32820762,99.8
"24864","decisiveness",9,32820771,99.8
"24865","decompression",9,32820780,99.8
"24866","defame",9,32820789,99.8
"24867","demographically",9,32820798,99.8
"24868","demotion",9,32820807,99.8
"24869","denunciation",9,32820816,99.8
"24870","derisively",9,32820825,99.8
"24871","dermatology",9,32820834,99.8
"24872","determinate",9,32820843,99.8
"24873","detonation",9,32820852,99.8
"24874","dimmest",9,32820861,99.8
"24875","disabuse",9,32820870,99.8
"24876","discontinuity",9,32820879,99.8
"24877","disquieted",9,32820888,99.8
"24878","dobbin",9,32820897,99.8
"24879","docent",9,32820906,99.8
"24880","dockyard",9,32820915,99.8
"24881","dominical",9,32820924,99.8
"24882","doorframe",9,32820933,99.8
"24883","doorstop",9,32820942,99.8
"24884","downline",9,32820951,99.8
"24885","dragnet",9,32820960,99.8
"24886","dragoon",9,32820969,99.8
"24887","droplet",9,32820978,99.8
"24888","droppingly",9,32820987,99.8
"24889","dulcet",9,32820996,99.8
"24890","earpiece",9,32821005,99.8
"24891","easement",9,32821014,99.8
"24892","ebon",9,32821023,99.8
"24893","egoistic",9,32821032,99.8
"24894","eking",9,32821041,99.8
"24895","electromagnetics",9,32821050,99.8
"24896","elfin",9,32821059,99.8
"24897","embolism",9,32821068,99.8
"24898","epistemic",9,32821077,99.8
"24899","errata",9,32821086,99.8
"24900","eschatological",9,32821095,99.8
"24901","esplanade",9,32821104,99.8
"24902","ethnographic",9,32821113,99.8
"24903","eventide",9,32821122,99.8
"24904","evilly",9,32821131,99.8
"24905","exonerate",9,32821140,99.8
"24906","expansively",9,32821149,99.8
"24907","experimenter",9,32821158,99.8
"24908","explication",9,32821167,99.8
"24909","expressionless",9,32821176,99.8
"24910","expropriation",9,32821185,99.8
"24911","extenuating",9,32821194,99.8
"24912","extrapolation",9,32821203,99.8
"24913","eyeglass",9,32821212,99.8
"24914","fairing",9,32821221,99.8
"24915","fallback",9,32821230,99.8
"24916","fantasist",9,32821239,99.8
"24917","farina",9,32821248,99.8
"24918","farmstead",9,32821257,99.8
"24919","fealty",9,32821266,99.8
"24920","feria",9,32821275,99.8
"24921","fermentable",9,32821284,99.8
"24922","fickleness",9,32821293,99.8
"24923","figgy",9,32821302,99.8
"24924","filmgoer",9,32821311,99.8
"24925","fixative",9,32821320,99.8
"24926","flagstone",9,32821329,99.8
"24927","flamboyance",9,32821338,99.8
"24928","flathead",9,32821347,99.8
"24929","flipper",9,32821356,99.8
"24930","floozy",9,32821365,99.8
"24931","florid",9,32821374,99.8
"24932","flossing",9,32821383,99.8
"24933","flounce",9,32821392,99.8
"24934","floury",9,32821401,99.8
"24935","flue",9,32821410,99.8
"24936","fluffiness",9,32821419,99.8
"24937","flunk",9,32821428,99.8
"24938","folkloric",9,32821437,99.8
"24939","forefather",9,32821446,99.8
"24940","foreknowledge",9,32821455,99.8
"24941","fourthly",9,32821464,99.8
"24942","frivolously",9,32821473,99.8
"24943","funerary",9,32821482,99.8
"24944","fuselage",9,32821491,99.8
"24945","gaoler",9,32821500,99.8
"24946","garnett",9,32821509,99.8
"24947","genderless",9,32821518,99.8
"24948","generality",9,32821527,99.8
"24949","genomic",9,32821536,99.8
"24950","genuineness",9,32821545,99.8
"24951","gid",9,32821554,99.8
"24952","giddily",9,32821563,99.8
"24953","gimlet",9,32821572,99.8
"24954","ging",9,32821581,99.8
"24955","gish",9,32821590,99.8
"24956","glibly",9,32821599,99.8
"24957","glutathione",9,32821608,99.8
"24958","gobbledygook",9,32821617,99.8
"24959","godhood",9,32821626,99.8
"24960","goff",9,32821635,99.8
"24961","goldy",9,32821644,99.8
"24962","gomer",9,32821653,99.8
"24963","gooding",9,32821662,99.8
"24964","gorse",9,32821671,99.8
"24965","granary",9,32821680,99.8
"24966","grandiosity",9,32821689,99.8
"24967","grassed",9,32821698,99.8
"24968","grimness",9,32821707,99.8
"24969","groot",9,32821716,99.8
"24970","groundless",9,32821725,99.8
"24971","gynecological",9,32821734,99.8
"24972","gynecology",9,32821743,99.8
"24973","gyre",9,32821752,99.8
"24974","hailstorm",9,32821761,99.8
"24975","hala",9,32821770,99.8
"24976","halfhearted",9,32821779,99.8
"24977","handcart",9,32821788,99.8
"24978","hander",9,32821797,99.8
"24979","harmlessly",9,32821806,99.8
"24980","headland",9,32821815,99.8
"24981","hematite",9,32821824,99.8
"24982","heterogeneity",9,32821833,99.8
"24983","hillman",9,32821842,99.8
"24984","hillock",9,32821851,99.8
"24985","historicity",9,32821860,99.8
"24986","homeopath",9,32821869,99.8
"24987","hooped",9,32821878,99.8
"24988","horsehair",9,32821887,99.8
"24989","housebreaking",9,32821896,99.8
"24990","housecoat",9,32821905,99.8
"24991","humorist",9,32821914,99.8
"24992","hypersensitive",9,32821923,99.81
"24993","hypocritically",9,32821932,99.81
"24994","illogic",9,32821941,99.81
"24995","imitator",9,32821950,99.81
"24996","impassively",9,32821959,99.81
"24997","impoverishment",9,32821968,99.81
"24998","impressionism",9,32821977,99.81
"24999","improvidence",9,32821986,99.81
"25000","incarcerate",9,32821995,99.81
"25001","inchoate",9,32822004,99.81
"25002","incoherence",9,32822013,99.81
"25003","incompleteness",9,32822022,99.81
"25004","incorruptible",9,32822031,99.81
"25005","incubus",9,32822040,99.81
"25006","indescribably",9,32822049,99.81
"25007","indifferently",9,32822058,99.81
"25008","inelegant",9,32822067,99.81
"25009","inescapably",9,32822076,99.81
"25010","infirmity",9,32822085,99.81
"25011","insidiously",9,32822094,99.81
"25012","instrumentally",9,32822103,99.81
"25013","intensification",9,32822112,99.81
"25014","intercepting",9,32822121,99.81
"25015","interceptor",9,32822130,99.81
"25016","internecine",9,32822139,99.81
"25017","interrelationship",9,32822148,99.81
"25018","intersperse",9,32822157,99.81
"25019","interweave",9,32822166,99.81
"25020","intransigent",9,32822175,99.81
"25021","inured",9,32822184,99.81
"25022","invigorate",9,32822193,99.81
"25023","ironclad",9,32822202,99.81
"25024","islay",9,32822211,99.81
"25025","isolationism",9,32822220,99.81
"25026","issuer",9,32822229,99.81
"25027","jaeger",9,32822238,99.81
"25028","jing",9,32822247,99.81
"25029","jinn",9,32822256,99.81
"25030","jobbing",9,32822265,99.81
"25031","jud",9,32822274,99.81
"25032","juxtapose",9,32822283,99.81
"25033","kana",9,32822292,99.81
"25034","karou",9,32822301,99.81
"25035","kayo",9,32822310,99.81
"25036","kenner",9,32822319,99.81
"25037","keratin",9,32822328,99.81
"25038","kilowatt",9,32822337,99.81
"25039","kingly",9,32822346,99.81
"25040","kinsman",9,32822355,99.81
"25041","kissable",9,32822364,99.81
"25042","knightly",9,32822373,99.81
"25043","lacework",9,32822382,99.81
"25044","lamination",9,32822391,99.81
"25045","lander",9,32822400,99.81
"25046","lanyard",9,32822409,99.81
"25047","laterally",9,32822418,99.81
"25048","lazar",9,32822427,99.81
"25049","leger",9,32822436,99.81
"25050","leprous",9,32822445,99.81
"25051","liber",9,32822454,99.81
"25052","licensure",9,32822463,99.81
"25053","lintel",9,32822472,99.81
"25054","livre",9,32822481,99.81
"25055","loafing",9,32822490,99.81
"25056","localization",9,32822499,99.81
"25057","locomotion",9,32822508,99.81
"25058","lodgings",9,32822517,99.81
"25059","logbook",9,32822526,99.81
"25060","lovelorn",9,32822535,99.81
"25061","lupine",9,32822544,99.81
"25062","lyssa",9,32822553,99.81
"25063","malarkey",9,32822562,99.81
"25064","maleness",9,32822571,99.81
"25065","malnourishment",9,32822580,99.81
"25066","mamba",9,32822589,99.81
"25067","mammon",9,32822598,99.81
"25068","manas",9,32822607,99.81
"25069","mangal",9,32822616,99.81
"25070","mangy",9,32822625,99.81
"25071","marabou",9,32822634,99.81
"25072","marconi",9,32822643,99.81
"25073","marmot",9,32822652,99.81
"25074","massa",9,32822661,99.81
"25075","masthead",9,32822670,99.81
"25076","matey",9,32822679,99.81
"25077","maun",9,32822688,99.81
"25078","maximally",9,32822697,99.81
"25079","mayorship",9,32822706,99.81
"25080","mealtime",9,32822715,99.81
"25081","medial",9,32822724,99.81
"25082","memorialize",9,32822733,99.81
"25083","meniscus",9,32822742,99.81
"25084","mesopotamia",9,32822751,99.81
"25085","meteorology",9,32822760,99.81
"25086","methyl",9,32822769,99.81
"25087","metis",9,32822778,99.81
"25088","metrical",9,32822787,99.81
"25089","miche",9,32822796,99.81
"25090","midwinter",9,32822805,99.81
"25091","milkman",9,32822814,99.81
"25092","minar",9,32822823,99.81
"25093","minaret",9,32822832,99.81
"25094","misadventure",9,32822841,99.81
"25095","moistness",9,32822850,99.81
"25096","moleskin",9,32822859,99.81
"25097","monolingual",9,32822868,99.81
"25098","monopolistic",9,32822877,99.81
"25099","monorail",9,32822886,99.81
"25100","moonstone",9,32822895,99.81
"25101","mopane",9,32822904,99.81
"25102","moralist",9,32822913,99.81
"25103","moray",9,32822922,99.81
"25104","moro",9,32822931,99.81
"25105","mountaineer",9,32822940,99.81
"25106","mournfully",9,32822949,99.81
"25107","mousetrap",9,32822958,99.81
"25108","muffler",9,32822967,99.81
"25109","mullets",9,32822976,99.81
"25110","muskrat",9,32822985,99.81
"25111","myalgic",9,32822994,99.81
"25112","naa",9,32823003,99.81
"25113","nakedly",9,32823012,99.81
"25114","neutrino",9,32823021,99.81
"25115","newsboy",9,32823030,99.81
"25116","newscaster",9,32823039,99.81
"25117","nimbus",9,32823048,99.81
"25118","nome",9,32823057,99.81
"25119","nonexistence",9,32823066,99.81
"25120","nonlinear",9,32823075,99.81
"25121","noonday",9,32823084,99.81
"25122","numberless",9,32823093,99.81
"25123","nurturer",9,32823102,99.81
"25124","oaken",9,32823111,99.81
"25125","obdurate",9,32823120,99.81
"25126","objector",9,32823129,99.81
"25127","obliviousness",9,32823138,99.81
"25128","occupationally",9,32823147,99.81
"25129","oceanographer",9,32823156,99.81
"25130","octopi",9,32823165,99.81
"25131","officiate",9,32823174,99.81
"25132","oka",9,32823183,99.81
"25133","oligarch",9,32823192,99.81
"25134","oliva",9,32823201,99.81
"25135","onomatopoeia",9,32823210,99.81
"25136","oozy",9,32823219,99.81
"25137","ophthalmology",9,32823228,99.81
"25138","orientalist",9,32823237,99.81
"25139","overindulge",9,32823246,99.81
"25140","overreaching",9,32823255,99.81
"25141","overspend",9,32823264,99.81
"25142","overthink",9,32823273,99.81
"25143","overweening",9,32823282,99.81
"25144","oxytocin",9,32823291,99.81
"25145","paling",9,32823300,99.81
"25146","palmed",9,32823309,99.81
"25147","panela",9,32823318,99.81
"25148","pantheistic",9,32823327,99.81
"25149","pape",9,32823336,99.81
"25150","paperweight",9,32823345,99.81
"25151","parakeet",9,32823354,99.81
"25152","paramour",9,32823363,99.81
"25153","parasitical",9,32823372,99.81
"25154","parishioner",9,32823381,99.81
"25155","partiality",9,32823390,99.81
"25156","pater",9,32823399,99.81
"25157","paternalism",9,32823408,99.81
"25158","pathogen",9,32823417,99.81
"25159","paunch",9,32823426,99.81
"25160","pawnbroker",9,32823435,99.81
"25161","pebbly",9,32823444,99.81
"25162","peckish",9,32823453,99.81
"25163","peephole",9,32823462,99.81
"25164","peerage",9,32823471,99.81
"25165","pega",9,32823480,99.81
"25166","pentacle",9,32823489,99.81
"25167","pentecostalism",9,32823498,99.81
"25168","perennially",9,32823507,99.81
"25169","peripatetic",9,32823516,99.81
"25170","peripherally",9,32823525,99.81
"25171","persnickety",9,32823534,99.81
"25172","pervasiveness",9,32823543,99.81
"25173","phlebotomist",9,32823552,99.81
"25174","photovoltaic",9,32823561,99.81
"25175","physiotherapist",9,32823570,99.81
"25176","plat",9,32823579,99.81
"25177","pleasance",9,32823588,99.81
"25178","plumed",9,32823597,99.81
"25179","pollux",9,32823606,99.81
"25180","polyethylene",9,32823615,99.81
"25181","polyglot",9,32823624,99.81
"25182","polymath",9,32823633,99.81
"25183","polymorphism",9,32823642,99.81
"25184","pomme",9,32823651,99.81
"25185","popover",9,32823660,99.81
"25186","popularize",9,32823669,99.81
"25187","portent",9,32823678,99.81
"25188","pottinger",9,32823687,99.81
"25189","poultice",9,32823696,99.81
"25190","precept",9,32823705,99.81
"25191","predate",9,32823714,99.81
"25192","prefrontal",9,32823723,99.81
"25193","prelate",9,32823732,99.81
"25194","prettily",9,32823741,99.81
"25195","privateer",9,32823750,99.81
"25196","privet",9,32823759,99.81
"25197","prolapse",9,32823768,99.81
"25198","prolifically",9,32823777,99.81
"25199","propellant",9,32823786,99.81
"25200","propulsive",9,32823795,99.81
"25201","protectionism",9,32823804,99.81
"25202","protestor",9,32823813,99.81
"25203","prow",9,32823822,99.81
"25204","psalter",9,32823831,99.81
"25205","pseudepigraphal",9,32823840,99.81
"25206","puffin",9,32823849,99.81
"25207","punctuality",9,32823858,99.81
"25208","purposeless",9,32823867,99.81
"25209","quant",9,32823876,99.81
"25210","quencher",9,32823885,99.81
"25211","radicalization",9,32823894,99.81
"25212","radiological",9,32823903,99.81
"25213","raiment",9,32823912,99.81
"25214","rais",9,32823921,99.81
"25215","ranty",9,32823930,99.81
"25216","rapidity",9,32823939,99.81
"25217","ravish",9,32823948,99.81
"25218","ream",9,32823957,99.81
"25219","reawaken",9,32823966,99.81
"25220","rebut",9,32823975,99.81
"25221","recheck",9,32823984,99.81
"25222","rectitude",9,32823993,99.81
"25223","recuperation",9,32824002,99.81
"25224","redistributive",9,32824011,99.81
"25225","reductionism",9,32824020,99.81
"25226","referenda",9,32824029,99.81
"25227","reflectively",9,32824038,99.81
"25228","regrowth",9,32824047,99.81
"25229","rehydrate",9,32824056,99.81
"25230","reimagine",9,32824065,99.81
"25231","relaxer",9,32824074,99.81
"25232","relegate",9,32824083,99.81
"25233","remarry",9,32824092,99.81
"25234","reorder",9,32824101,99.81
"25235","repack",9,32824110,99.81
"25236","repast",9,32824119,99.81
"25237","repopulate",9,32824128,99.81
"25238","reproof",9,32824137,99.81
"25239","reprove",9,32824146,99.81
"25240","repudiation",9,32824155,99.81
"25241","resend",9,32824164,99.81
"25242","reservist",9,32824173,99.81
"25243","restate",9,32824182,99.81
"25244","restorer",9,32824191,99.81
"25245","retch",9,32824200,99.81
"25246","retrial",9,32824209,99.81
"25247","revisionism",9,32824218,99.81
"25248","riboflavin",9,32824227,99.81
"25249","ridged",9,32824236,99.81
"25250","riven",9,32824245,99.81
"25251","rosella",9,32824254,99.81
"25252","roughing",9,32824263,99.81
"25253","ruffling",9,32824272,99.81
"25254","sacrificially",9,32824281,99.81
"25255","safekeeping",9,32824290,99.81
"25256","salinity",9,32824299,99.81
"25257","salter",9,32824308,99.81
"25258","sanatorium",9,32824317,99.81
"25259","sasa",9,32824326,99.81
"25260","scald",9,32824335,99.81
"25261","scanty",9,32824344,99.81
"25262","scherzo",9,32824353,99.81
"25263","schmaltz",9,32824362,99.81
"25264","scoreless",9,32824371,99.81
"25265","scree",9,32824380,99.81
"25266","scrubby",9,32824389,99.81
"25267","scupper",9,32824398,99.81
"25268","seamed",9,32824407,99.81
"25269","seemly",9,32824416,99.81
"25270","seigniorage",9,32824425,99.81
"25271","sensa",9,32824434,99.81
"25272","sensationally",9,32824443,99.81
"25273","senselessly",9,32824452,99.81
"25274","sensually",9,32824461,99.81
"25275","serfdom",9,32824470,99.81
"25276","serif",9,32824479,99.81
"25277","sharps",9,32824488,99.81
"25278","shirl",9,32824497,99.81
"25279","shirring",9,32824506,99.81
"25280","shoji",9,32824515,99.81
"25281","shouldering",9,32824524,99.81
"25282","shuck",9,32824533,99.81
"25283","shuffleboard",9,32824542,99.81
"25284","signification",9,32824551,99.81
"25285","simian",9,32824560,99.81
"25286","sinewy",9,32824569,99.81
"25287","singe",9,32824578,99.81
"25288","skully",9,32824587,99.81
"25289","skunky",9,32824596,99.81
"25290","slattery",9,32824605,99.81
"25291","sleepwalker",9,32824614,99.81
"25292","slippage",9,32824623,99.81
"25293","sloppily",9,32824632,99.81
"25294","slopping",9,32824641,99.81
"25295","smallholder",9,32824650,99.81
"25296","smilingly",9,32824659,99.81
"25297","snakeskin",9,32824668,99.81
"25298","sniveling",9,32824677,99.81
"25299","snowsuit",9,32824686,99.81
"25300","snuffling",9,32824695,99.81
"25301","soldiering",9,32824704,99.81
"25302","spaciousness",9,32824713,99.81
"25303","spann",9,32824722,99.81
"25304","spex",9,32824731,99.81
"25305","sportswear",9,32824740,99.81
"25306","spreader",9,32824749,99.81
"25307","spurn",9,32824758,99.81
"25308","sputum",9,32824767,99.81
"25309","squiggly",9,32824776,99.81
"25310","stam",9,32824785,99.81
"25311","standardize",9,32824794,99.81
"25312","standish",9,32824803,99.81
"25313","starless",9,32824812,99.81
"25314","stewpot",9,32824821,99.81
"25315","strychnine",9,32824830,99.81
"25316","sublimation",9,32824839,99.81
"25317","suboptimal",9,32824848,99.81
"25318","subsidization",9,32824857,99.81
"25319","subtropical",9,32824866,99.81
"25320","sulla",9,32824875,99.81
"25321","sulphurous",9,32824884,99.81
"25322","sultana",9,32824893,99.81
"25323","sump",9,32824902,99.81
"25324","suz",9,32824911,99.81
"25325","swart",9,32824920,99.81
"25326","sweety",9,32824929,99.81
"25327","swiveled",9,32824938,99.81
"25328","swordfish",9,32824947,99.81
"25329","sylvan",9,32824956,99.81
"25330","synecdoche",9,32824965,99.81
"25331","taa",9,32824974,99.81
"25332","tabla",9,32824983,99.81
"25333","tabling",9,32824992,99.81
"25334","tangi",9,32825001,99.81
"25335","tangibly",9,32825010,99.81
"25336","tantalize",9,32825019,99.81
"25337","tapir",9,32825028,99.81
"25338","tarsier",9,32825037,99.81
"25339","technocratic",9,32825046,99.81
"25340","technologist",9,32825055,99.81
"25341","tectonics",9,32825064,99.81
"25342","tedder",9,32825073,99.81
"25343","teetotal",9,32825082,99.81
"25344","telescopic",9,32825091,99.81
"25345","tendinitis",9,32825100,99.81
"25346","tern",9,32825109,99.81
"25347","terrapin",9,32825118,99.81
"25348","terroristic",9,32825127,99.81
"25349","testes",9,32825136,99.81
"25350","thar",9,32825145,99.81
"25351","thaumaturgy",9,32825154,99.81
"25352","theistic",9,32825163,99.81
"25353","thrillingly",9,32825172,99.81
"25354","tidewater",9,32825181,99.81
"25355","tomcat",9,32825190,99.81
"25356","tonsil",9,32825199,99.81
"25357","traditionalism",9,32825208,99.82
"25358","tranquilizer",9,32825217,99.82
"25359","transgress",9,32825226,99.82
"25360","transgressing",9,32825235,99.82
"25361","transgressive",9,32825244,99.82
"25362","treader",9,32825253,99.82
"25363","trill",9,32825262,99.82
"25364","tripling",9,32825271,99.82
"25365","triumvirate",9,32825280,99.82
"25366","trombonist",9,32825289,99.82
"25367","trompe",9,32825298,99.82
"25368","trousseau",9,32825307,99.82
"25369","tuneful",9,32825316,99.82
"25370","tweedle",9,32825325,99.82
"25371","typecast",9,32825334,99.82
"25372","typica",9,32825343,99.82
"25373","udo",9,32825352,99.82
"25374","ume",9,32825361,99.82
"25375","umph",9,32825370,99.82
"25376","unaffiliated",9,32825379,99.82
"25377","unamused",9,32825388,99.82
"25378","unavailability",9,32825397,99.82
"25379","uncollected",9,32825406,99.82
"25380","uncompetitive",9,32825415,99.82
"25381","uncompromised",9,32825424,99.82
"25382","unconquerable",9,32825433,99.82
"25383","uncorked",9,32825442,99.82
"25384","uncorrected",9,32825451,99.82
"25385","uncreative",9,32825460,99.82
"25386","undecorated",9,32825469,99.82
"25387","undefiled",9,32825478,99.82
"25388","undercutting",9,32825487,99.82
"25389","undernourished",9,32825496,99.82
"25390","understate",9,32825505,99.82
"25391","understory",9,32825514,99.82
"25392","undesired",9,32825523,99.82
"25393","undistinguished",9,32825532,99.82
"25394","unevenness",9,32825541,99.82
"25395","unexceptional",9,32825550,99.82
"25396","unfoldment",9,32825559,99.82
"25397","unformed",9,32825568,99.82
"25398","unfussy",9,32825577,99.82
"25399","unheralded",9,32825586,99.82
"25400","unlikable",9,32825595,99.82
"25401","unnumbered",9,32825604,99.82
"25402","unpaved",9,32825613,99.82
"25403","unplugging",9,32825622,99.82
"25404","unpredictably",9,32825631,99.82
"25405","unrated",9,32825640,99.82
"25406","unreconstructed",9,32825649,99.82
"25407","unreformed",9,32825658,99.82
"25408","unremembered",9,32825667,99.82
"25409","unruffled",9,32825676,99.82
"25410","untraceable",9,32825685,99.82
"25411","unvaccinated",9,32825694,99.82
"25412","unwatched",9,32825703,99.82
"25413","urea",9,32825712,99.82
"25414","uta",9,32825721,99.82
"25415","vacillate",9,32825730,99.82
"25416","vag",9,32825739,99.82
"25417","vampiric",9,32825748,99.82
"25418","vegetal",9,32825757,99.82
"25419","velveteen",9,32825766,99.82
"25420","vex",9,32825775,99.82
"25421","villainy",9,32825784,99.82
"25422","vorpal",9,32825793,99.82
"25423","vortices",9,32825802,99.82
"25424","walleye",9,32825811,99.82
"25425","warmongering",9,32825820,99.82
"25426","warship",9,32825829,99.82
"25427","watchmaker",9,32825838,99.82
"25428","wattage",9,32825847,99.82
"25429","wearying",9,32825856,99.82
"25430","werent",9,32825865,99.82
"25431","wheelhouse",9,32825874,99.82
"25432","whir",9,32825883,99.82
"25433","whirly",9,32825892,99.82
"25434","whispery",9,32825901,99.82
"25435","wholehearted",9,32825910,99.82
"25436","winnowing",9,32825919,99.82
"25437","woodman",9,32825928,99.82
"25438","workaday",9,32825937,99.82
"25439","worldliness",9,32825946,99.82
"25440","wrack",9,32825955,99.82
"25441","wretchedness",9,32825964,99.82
"25442","wringer",9,32825973,99.82
"25443","yar",9,32825982,99.82
"25444","yat",9,32825991,99.82
"25445","yellowy",9,32826000,99.82
"25446","zo",9,32826009,99.82
"25447","abased",8,32826017,99.82
"25448","abbess",8,32826025,99.82
"25449","abortive",8,32826033,99.82
"25450","absconded",8,32826041,99.82
"25451","abstention",8,32826049,99.82
"25452","abstinent",8,32826057,99.82
"25453","accompanist",8,32826065,99.82
"25454","acrimonious",8,32826073,99.82
"25455","actuary",8,32826081,99.82
"25456","adipose",8,32826089,99.82
"25457","admonishment",8,32826097,99.82
"25458","adorableness",8,32826105,99.82
"25459","advisedly",8,32826113,99.82
"25460","aeon",8,32826121,99.82
"25461","agaric",8,32826129,99.82
"25462","agglomeration",8,32826137,99.82
"25463","agnate",8,32826145,99.82
"25464","airframe",8,32826153,99.82
"25465","airhead",8,32826161,99.82
"25466","alacrity",8,32826169,99.82
"25467","alkalinity",8,32826177,99.82
"25468","allay",8,32826185,99.82
"25469","alleviation",8,32826193,99.82
"25470","alumnae",8,32826201,99.82
"25471","amalgamate",8,32826209,99.82
"25472","amblyopia",8,32826217,99.82
"25473","amrita",8,32826225,99.82
"25474","anaesthesia",8,32826233,99.82
"25475","anagram",8,32826241,99.82
"25476","analgesic",8,32826249,99.82
"25477","anally",8,32826257,99.82
"25478","anarchistic",8,32826265,99.82
"25479","anatomically",8,32826273,99.82
"25480","androgen",8,32826281,99.82
"25481","animatedly",8,32826289,99.82
"25482","animism",8,32826297,99.82
"25483","animist",8,32826305,99.82
"25484","anorak",8,32826313,99.82
"25485","anticlimax",8,32826321,99.82
"25486","apiary",8,32826329,99.82
"25487","aping",8,32826337,99.82
"25488","appraising",8,32826345,99.82
"25489","apraxia",8,32826353,99.82
"25490","aquarian",8,32826361,99.82
"25491","aqueduct",8,32826369,99.82
"25492","arachnid",8,32826377,99.82
"25493","archy",8,32826385,99.82
"25494","ardently",8,32826393,99.82
"25495","arles",8,32826401,99.82
"25496","armament",8,32826409,99.82
"25497","arn",8,32826417,99.82
"25498","arpeggio",8,32826425,99.82
"25499","artificiality",8,32826433,99.82
"25500","assiduous",8,32826441,99.82
"25501","aum",8,32826449,99.82
"25502","autonomic",8,32826457,99.82
"25503","axiomatic",8,32826465,99.82
"25504","bagman",8,32826473,99.82
"25505","bagpiper",8,32826481,99.82
"25506","ballista",8,32826489,99.82
"25507","balsa",8,32826497,99.82
"25508","bande",8,32826505,99.82
"25509","barbarity",8,32826513,99.82
"25510","bathhouse",8,32826521,99.82
"25511","bedclothes",8,32826529,99.82
"25512","beefsteak",8,32826537,99.82
"25513","beguile",8,32826545,99.82
"25514","behead",8,32826553,99.82
"25515","behoove",8,32826561,99.82
"25516","behooves",8,32826569,99.82
"25517","belfry",8,32826577,99.82
"25518","belligerence",8,32826585,99.82
"25519","bellwether",8,32826593,99.82
"25520","besetting",8,32826601,99.82
"25521","betrothal",8,32826609,99.82
"25522","beveled",8,32826617,99.82
"25523","bey",8,32826625,99.82
"25524","biannual",8,32826633,99.82
"25525","bide",8,32826641,99.82
"25526","bight",8,32826649,99.82
"25527","bimonthly",8,32826657,99.82
"25528","bint",8,32826665,99.82
"25529","biometrics",8,32826673,99.82
"25530","birdman",8,32826681,99.82
"25531","bitumen",8,32826689,99.82
"25532","blackheads",8,32826697,99.82
"25533","bladesmith",8,32826705,99.82
"25534","blanching",8,32826713,99.82
"25535","blanky",8,32826721,99.82
"25536","blighter",8,32826729,99.82
"25537","bloodsucking",8,32826737,99.82
"25538","blundering",8,32826745,99.82
"25539","bodhisattva",8,32826753,99.82
"25540","bola",8,32826761,99.82
"25541","bolling",8,32826769,99.82
"25542","bolter",8,32826777,99.82
"25543","boondocks",8,32826785,99.82
"25544","booting",8,32826793,99.82
"25545","botanically",8,32826801,99.82
"25546","bott",8,32826809,99.82
"25547","bourn",8,32826817,99.82
"25548","boxcar",8,32826825,99.82
"25549","brandling",8,32826833,99.82
"25550","brawler",8,32826841,99.82
"25551","breezeway",8,32826849,99.82
"25552","brookside",8,32826857,99.82
"25553","browner",8,32826865,99.82
"25554","brusque",8,32826873,99.82
"25555","bullfinch",8,32826881,99.82
"25556","bumpkin",8,32826889,99.82
"25557","burdock",8,32826897,99.82
"25558","burdon",8,32826905,99.82
"25559","burnie",8,32826913,99.82
"25560","busker",8,32826921,99.82
"25561","bustled",8,32826929,99.82
"25562","buttock",8,32826937,99.82
"25563","caboose",8,32826945,99.82
"25564","calamitous",8,32826953,99.82
"25565","caliper",8,32826961,99.82
"25566","callow",8,32826969,99.82
"25567","captivation",8,32826977,99.82
"25568","carbine",8,32826985,99.82
"25569","carload",8,32826993,99.82
"25570","cashel",8,32827001,99.82
"25571","catatonia",8,32827009,99.82
"25572","ceilinged",8,32827017,99.82
"25573","cellulose",8,32827025,99.82
"25574","celt",8,32827033,99.82
"25575","chabot",8,32827041,99.82
"25576","chal",8,32827049,99.82
"25577","chambered",8,32827057,99.82
"25578","channeler",8,32827065,99.82
"25579","chao",8,32827073,99.82
"25580","charioteer",8,32827081,99.82
"25581","chauvinistic",8,32827089,99.82
"25582","cheerio",8,32827097,99.82
"25583","chela",8,32827105,99.82
"25584","cherishing",8,32827113,99.82
"25585","chiaroscuro",8,32827121,99.82
"25586","childishly",8,32827129,99.82
"25587","chromogenic",8,32827137,99.82
"25588","cig",8,32827145,99.82
"25589","circumspectly",8,32827153,99.82
"25590","clapper",8,32827161,99.82
"25591","classwork",8,32827169,99.82
"25592","cleve",8,32827177,99.82
"25593","clinician",8,32827185,99.82
"25594","cloaking",8,32827193,99.82
"25595","clop",8,32827201,99.82
"25596","cloudiness",8,32827209,99.82
"25597","clumpy",8,32827217,99.82
"25598","clunk",8,32827225,99.82
"25599","coauthor",8,32827233,99.82
"25600","cochineal",8,32827241,99.82
"25601","cockiness",8,32827249,99.82
"25602","cockup",8,32827257,99.82
"25603","cofounder",8,32827265,99.82
"25604","colcannon",8,32827273,99.82
"25605","colley",8,32827281,99.82
"25606","commandeer",8,32827289,99.82
"25607","concomitant",8,32827297,99.82
"25608","concurrence",8,32827305,99.82
"25609","coned",8,32827313,99.82
"25610","confiding",8,32827321,99.82
"25611","confiteor",8,32827329,99.82
"25612","conifer",8,32827337,99.82
"25613","conservator",8,32827345,99.82
"25614","consonance",8,32827353,99.82
"25615","constrictor",8,32827361,99.82
"25616","constructor",8,32827369,99.82
"25617","controversially",8,32827377,99.82
"25618","convalescence",8,32827385,99.82
"25619","convalescent",8,32827393,99.82
"25620","convulsive",8,32827401,99.82
"25621","corbeau",8,32827409,99.82
"25622","cormorant",8,32827417,99.82
"25623","corrode",8,32827425,99.82
"25624","counterargument",8,32827433,99.82
"25625","countrified",8,32827441,99.82
"25626","courtesan",8,32827449,99.82
"25627","coverlet",8,32827457,99.82
"25628","cozier",8,32827465,99.82
"25629","crackpot",8,32827473,99.82
"25630","crassness",8,32827481,99.82
"25631","credenza",8,32827489,99.82
"25632","criminology",8,32827497,99.82
"25633","crossbones",8,32827505,99.82
"25634","curation",8,32827513,99.82
"25635","curtly",8,32827521,99.82
"25636","customarily",8,32827529,99.82
"25637","cutaway",8,32827537,99.82
"25638","cutely",8,32827545,99.82
"25639","cutty",8,32827553,99.82
"25640","dampener",8,32827561,99.82
"25641","dao",8,32827569,99.82
"25642","daringly",8,32827577,99.82
"25643","darning",8,32827585,99.82
"25644","dauber",8,32827593,99.82
"25645","dawdling",8,32827601,99.82
"25646","debilitated",8,32827609,99.82
"25647","debrief",8,32827617,99.82
"25648","decibel",8,32827625,99.82
"25649","decider",8,32827633,99.82
"25650","decimation",8,32827641,99.82
"25651","decoction",8,32827649,99.82
"25652","defamed",8,32827657,99.82
"25653","defeatist",8,32827665,99.82
"25654","defection",8,32827673,99.82
"25655","deformation",8,32827681,99.82
"25656","demoralize",8,32827689,99.82
"25657","denigration",8,32827697,99.82
"25658","dere",8,32827705,99.82
"25659","dermal",8,32827713,99.82
"25660","desecrate",8,32827721,99.82
"25661","devastator",8,32827729,99.82
"25662","dietetic",8,32827737,99.82
"25663","dignify",8,32827745,99.82
"25664","dimorphic",8,32827753,99.82
"25665","dinette",8,32827761,99.82
"25666","diptych",8,32827769,99.82
"25667","dirigible",8,32827777,99.82
"25668","disapprovingly",8,32827785,99.82
"25669","disarmament",8,32827793,99.82
"25670","disarmingly",8,32827801,99.82
"25671","disassemble",8,32827809,99.82
"25672","disconcertingly",8,32827817,99.82
"25673","disproven",8,32827825,99.82
"25674","distal",8,32827833,99.82
"25675","disuse",8,32827841,99.82
"25676","diverging",8,32827849,99.82
"25677","diversionary",8,32827857,99.82
"25678","dorje",8,32827865,99.82
"25679","dormer",8,32827873,99.82
"25680","downhearted",8,32827881,99.82
"25681","downwind",8,32827889,99.82
"25682","doxology",8,32827897,99.82
"25683","drainpipe",8,32827905,99.82
"25684","draughts",8,32827913,99.82
"25685","drawbridge",8,32827921,99.82
"25686","drivable",8,32827929,99.82
"25687","droit",8,32827937,99.82
"25688","duchy",8,32827945,99.82
"25689","dysphoria",8,32827953,99.82
"25690","eatable",8,32827961,99.82
"25691","ectopic",8,32827969,99.82
"25692","edema",8,32827977,99.82
"25693","edify",8,32827985,99.82
"25694","eft",8,32827993,99.82
"25695","egghead",8,32828001,99.82
"25696","egomaniac",8,32828009,99.82
"25697","egress",8,32828017,99.82
"25698","ejector",8,32828025,99.82
"25699","emmet",8,32828033,99.82
"25700","employability",8,32828041,99.82
"25701","empt",8,32828049,99.82
"25702","encephalitis",8,32828057,99.82
"25703","encephalomyelitis",8,32828065,99.82
"25704","encourager",8,32828073,99.82
"25705","encyclical",8,32828081,99.82
"25706","endometrial",8,32828089,99.82
"25707","endoscopy",8,32828097,99.82
"25708","engagingly",8,32828105,99.82
"25709","enrage",8,32828113,99.82
"25710","entangle",8,32828121,99.82
"25711","enticement",8,32828129,99.82
"25712","entomology",8,32828137,99.82
"25713","entranceway",8,32828145,99.82
"25714","enumeration",8,32828153,99.82
"25715","equalizing",8,32828161,99.82
"25716","erratically",8,32828169,99.82
"25717","evidential",8,32828177,99.82
"25718","eviscerate",8,32828185,99.82
"25719","exorcise",8,32828193,99.82
"25720","expedience",8,32828201,99.82
"25721","expensively",8,32828209,99.82
"25722","exponent",8,32828217,99.82
"25723","externals",8,32828225,99.82
"25724","exudate",8,32828233,99.82
"25725","exultant",8,32828241,99.82
"25726","eyeful",8,32828249,99.82
"25727","eyeless",8,32828257,99.82
"25728","factionalism",8,32828265,99.82
"25729","fain",8,32828273,99.82
"25730","falseness",8,32828281,99.82
"25731","falsifiable",8,32828289,99.82
"25732","farfetched",8,32828297,99.82
"25733","fascinatingly",8,32828305,99.82
"25734","ferme",8,32828313,99.82
"25735","ferryman",8,32828321,99.82
"25736","fet",8,32828329,99.82
"25737","fez",8,32828337,99.82
"25738","fingerprinting",8,32828345,99.82
"25739","fissure",8,32828353,99.82
"25740","footer",8,32828361,99.82
"25741","forehand",8,32828369,99.82
"25742","foretaste",8,32828377,99.82
"25743","frack",8,32828385,99.82
"25744","franc",8,32828393,99.82
"25745","frangible",8,32828401,99.82
"25746","frangipani",8,32828409,99.82
"25747","freewheeling",8,32828417,99.82
"25748","freezable",8,32828425,99.82
"25749","fucus",8,32828433,99.82
"25750","fulling",8,32828441,99.82
"25751","functionary",8,32828449,99.82
"25752","funder",8,32828457,99.82
"25753","furlong",8,32828465,99.82
"25754","furlough",8,32828473,99.82
"25755","futurism",8,32828481,99.82
"25756","gadfly",8,32828489,99.82
"25757","gainful",8,32828497,99.83
"25758","gambang",8,32828505,99.83
"25759","ganja",8,32828513,99.83
"25760","gardened",8,32828521,99.83
"25761","gashes",8,32828529,99.83
"25762","gat",8,32828537,99.83
"25763","gavotte",8,32828545,99.83
"25764","geomagnetic",8,32828553,99.83
"25765","germane",8,32828561,99.83
"25766","goiter",8,32828569,99.83
"25767","goner",8,32828577,99.83
"25768","grafting",8,32828585,99.83
"25769","grebe",8,32828593,99.83
"25770","greeny",8,32828601,99.83
"25771","greeter",8,32828609,99.83
"25772","greige",8,32828617,99.83
"25773","grenadier",8,32828625,99.83
"25774","grommet",8,32828633,99.83
"25775","gruffly",8,32828641,99.83
"25776","guna",8,32828649,99.83
"25777","halogen",8,32828657,99.83
"25778","handstand",8,32828665,99.83
"25779","hap",8,32828673,99.83
"25780","haughtiness",8,32828681,99.83
"25781","hazen",8,32828689,99.83
"25782","headroom",8,32828697,99.83
"25783","heartedness",8,32828705,99.83
"25784","heckle",8,32828713,99.83
"25785","hedonist",8,32828721,99.83
"25786","hei",8,32828729,99.83
"25787","hellcat",8,32828737,99.83
"25788","henny",8,32828745,99.83
"25789","herder",8,32828753,99.83
"25790","hermetically",8,32828761,99.83
"25791","hertz",8,32828769,99.83
"25792","hipped",8,32828777,99.83
"25793","hippocampi",8,32828785,99.83
"25794","hippocampus",8,32828793,99.83
"25795","historicism",8,32828801,99.83
"25796","historiography",8,32828809,99.83
"25797","histrionic",8,32828817,99.83
"25798","hitchhike",8,32828825,99.83
"25799","holing",8,32828833,99.83
"25800","hollyhock",8,32828841,99.83
"25801","homekeeping",8,32828849,99.83
"25802","hoppity",8,32828857,99.83
"25803","horsing",8,32828865,99.83
"25804","householder",8,32828873,99.83
"25805","hoy",8,32828881,99.83
"25806","hubba",8,32828889,99.83
"25807","huddling",8,32828897,99.83
"25808","humanitarianism",8,32828905,99.83
"25809","humped",8,32828913,99.83
"25810","hunh",8,32828921,99.83
"25811","hydrometer",8,32828929,99.83
"25812","hydroponics",8,32828937,99.83
"25813","hyphenated",8,32828945,99.83
"25814","hyphenation",8,32828953,99.83
"25815","hypnotist",8,32828961,99.83
"25816","iambic",8,32828969,99.83
"25817","idealization",8,32828977,99.83
"25818","ideation",8,32828985,99.83
"25819","igloo",8,32828993,99.83
"25820","immodesty",8,32829001,99.83
"25821","immunize",8,32829009,99.83
"25822","impartially",8,32829017,99.83
"25823","imperialistic",8,32829025,99.83
"25824","impious",8,32829033,99.83
"25825","impregnable",8,32829041,99.83
"25826","imprudent",8,32829049,99.83
"25827","inadequately",8,32829057,99.83
"25828","inattentive",8,32829065,99.83
"25829","incoherently",8,32829073,99.83
"25830","inebriation",8,32829081,99.83
"25831","ineluctable",8,32829089,99.83
"25832","inexpressible",8,32829097,99.83
"25833","infra",8,32829105,99.83
"25834","ingeniously",8,32829113,99.83
"25835","ingrown",8,32829121,99.83
"25836","initiator",8,32829129,99.83
"25837","inquisitiveness",8,32829137,99.83
"25838","inscribe",8,32829145,99.83
"25839","intellectualization",8,32829153,99.83
"25840","interjection",8,32829161,99.83
"25841","interloper",8,32829169,99.83
"25842","interpretative",8,32829177,99.83
"25843","intersex",8,32829185,99.83
"25844","intimation",8,32829193,99.83
"25845","invidious",8,32829201,99.83
"25846","invincibility",8,32829209,99.83
"25847","irregularly",8,32829217,99.83
"25848","irreversibly",8,32829225,99.83
"25849","jann",8,32829233,99.83
"25850","javelin",8,32829241,99.83
"25851","jeer",8,32829249,99.83
"25852","jennet",8,32829257,99.83
"25853","jingoistic",8,32829265,99.83
"25854","joiner",8,32829273,99.83
"25855","jokester",8,32829281,99.83
"25856","junket",8,32829289,99.83
"25857","junking",8,32829297,99.83
"25858","kame",8,32829305,99.83
"25859","kapp",8,32829313,99.83
"25860","katun",8,32829321,99.83
"25861","keeler",8,32829329,99.83
"25862","kerchief",8,32829337,99.83
"25863","khalsa",8,32829345,99.83
"25864","killeen",8,32829353,99.83
"25865","kindergartner",8,32829361,99.83
"25866","kinesiology",8,32829369,99.83
"25867","kipper",8,32829377,99.83
"25868","kish",8,32829385,99.83
"25869","kitchenette",8,32829393,99.83
"25870","kroner",8,32829401,99.83
"25871","lak",8,32829409,99.83
"25872","lammy",8,32829417,99.83
"25873","laneway",8,32829425,99.83
"25874","largish",8,32829433,99.83
"25875","larkspur",8,32829441,99.83
"25876","lata",8,32829449,99.83
"25877","lath",8,32829457,99.83
"25878","layne",8,32829465,99.83
"25879","leaded",8,32829473,99.83
"25880","lecithin",8,32829481,99.83
"25881","lectionary",8,32829489,99.83
"25882","leet",8,32829497,99.83
"25883","legibility",8,32829505,99.83
"25884","legitimation",8,32829513,99.83
"25885","lesion",8,32829521,99.83
"25886","liberalization",8,32829529,99.83
"25887","lifelessly",8,32829537,99.83
"25888","linder",8,32829545,99.83
"25889","linoleic",8,32829553,99.83
"25890","linseed",8,32829561,99.83
"25891","liquidate",8,32829569,99.83
"25892","liss",8,32829577,99.83
"25893","literalist",8,32829585,99.83
"25894","litigious",8,32829593,99.83
"25895","loca",8,32829601,99.83
"25896","lode",8,32829609,99.83
"25897","lopping",8,32829617,99.83
"25898","lousewort",8,32829625,99.83
"25899","luncheonette",8,32829633,99.83
"25900","lyceum",8,32829641,99.83
"25901","macaque",8,32829649,99.83
"25902","madding",8,32829657,99.83
"25903","malformation",8,32829665,99.83
"25904","malformed",8,32829673,99.83
"25905","malting",8,32829681,99.83
"25906","mandrake",8,32829689,99.83
"25907","manes",8,32829697,99.83
"25908","mangosteen",8,32829705,99.83
"25909","mannish",8,32829713,99.83
"25910","marionette",8,32829721,99.83
"25911","massager",8,32829729,99.83
"25912","mastiff",8,32829737,99.83
"25913","matrices",8,32829745,99.83
"25914","maximal",8,32829753,99.83
"25915","mayoralty",8,32829761,99.83
"25916","mete",8,32829769,99.83
"25917","metronomic",8,32829777,99.83
"25918","microbiologist",8,32829785,99.83
"25919","midseason",8,32829793,99.83
"25920","mirepoix",8,32829801,99.83
"25921","misanthropy",8,32829809,99.83
"25922","misfire",8,32829817,99.83
"25923","misjudge",8,32829825,99.83
"25924","miter",8,32829833,99.83
"25925","mitra",8,32829841,99.83
"25926","mohr",8,32829849,99.83
"25927","monosodium",8,32829857,99.83
"25928","monstrously",8,32829865,99.83
"25929","mordant",8,32829873,99.83
"25930","movingly",8,32829881,99.83
"25931","muchly",8,32829889,99.83
"25932","multimillionaire",8,32829897,99.83
"25933","mungo",8,32829905,99.83
"25934","naam",8,32829913,99.83
"25935","nach",8,32829921,99.83
"25936","naga",8,32829929,99.83
"25937","narcoleptic",8,32829937,99.83
"25938","nazir",8,32829945,99.83
"25939","necktie",8,32829953,99.83
"25940","necropolis",8,32829961,99.83
"25941","neti",8,32829969,99.83
"25942","newfangled",8,32829977,99.83
"25943","nim",8,32829985,99.83
"25944","nizam",8,32829993,99.83
"25945","noa",8,32830001,99.83
"25946","nonconformist",8,32830009,99.83
"25947","nonconformity",8,32830017,99.83
"25948","nosing",8,32830025,99.83
"25949","nosocomial",8,32830033,99.83
"25950","nostalgically",8,32830041,99.83
"25951","numbly",8,32830049,99.83
"25952","nunnery",8,32830057,99.83
"25953","nuzzle",8,32830065,99.83
"25954","oakwood",8,32830073,99.83
"25955","obfuscate",8,32830081,99.83
"25956","obispo",8,32830089,99.83
"25957","obliviously",8,32830097,99.83
"25958","obverse",8,32830105,99.83
"25959","officious",8,32830113,99.83
"25960","oilcloth",8,32830121,99.83
"25961","olein",8,32830129,99.83
"25962","onrushing",8,32830137,99.83
"25963","ophthalmic",8,32830145,99.83
"25964","ordinariness",8,32830153,99.83
"25965","orpheum",8,32830161,99.83
"25966","orthodontic",8,32830169,99.83
"25967","outbid",8,32830177,99.83
"25968","outbuilding",8,32830185,99.83
"25969","outgrowing",8,32830193,99.83
"25970","outplayed",8,32830201,99.83
"25971","overbake",8,32830209,99.83
"25972","overconfident",8,32830217,99.83
"25973","overdramatic",8,32830225,99.83
"25974","overemphasis",8,32830233,99.83
"25975","overindulgence",8,32830241,99.83
"25976","overruling",8,32830249,99.83
"25977","overstate",8,32830257,99.83
"25978","ovulate",8,32830265,99.83
"25979","paleness",8,32830273,99.83
"25980","palimpsest",8,32830281,99.83
"25981","participle",8,32830289,99.83
"25982","partite",8,32830297,99.83
"25983","patroness",8,32830305,99.83
"25984","peaceably",8,32830313,99.83
"25985","pecuniary",8,32830321,99.83
"25986","pedometer",8,32830329,99.83
"25987","peres",8,32830337,99.83
"25988","perineum",8,32830345,99.83
"25989","perrier",8,32830353,99.83
"25990","philanderer",8,32830361,99.83
"25991","phonetically",8,32830369,99.83
"25992","photographically",8,32830377,99.83
"25993","phylactery",8,32830385,99.83
"25994","pisco",8,32830393,99.83
"25995","plateful",8,32830401,99.83
"25996","playmaker",8,32830409,99.83
"25997","pled",8,32830417,99.83
"25998","plinth",8,32830425,99.83
"25999","pock",8,32830433,99.83
"26000","poh",8,32830441,99.83
"26001","polypeptide",8,32830449,99.83
"26002","polyphonic",8,32830457,99.83
"26003","polytypic",8,32830465,99.83
"26004","pompadour",8,32830473,99.83
"26005","pompously",8,32830481,99.83
"26006","pornographer",8,32830489,99.83
"26007","pragmatically",8,32830497,99.83
"26008","preciousness",8,32830505,99.83
"26009","probationary",8,32830513,99.83
"26010","procurator",8,32830521,99.83
"26011","profligate",8,32830529,99.83
"26012","promissory",8,32830537,99.83
"26013","prophylactic",8,32830545,99.83
"26014","protectionist",8,32830553,99.83
"26015","protractor",8,32830561,99.83
"26016","pullet",8,32830569,99.83
"26017","pummel",8,32830577,99.83
"26018","punto",8,32830585,99.83
"26019","pur",8,32830593,99.83
"26020","purifier",8,32830601,99.83
"26021","purslane",8,32830609,99.83
"26022","quadratic",8,32830617,99.83
"26023","quarrying",8,32830625,99.83
"26024","questioningly",8,32830633,99.83
"26025","quilled",8,32830641,99.83
"26026","rach",8,32830649,99.83
"26027","racialist",8,32830657,99.83
"26028","racoon",8,32830665,99.83
"26029","raku",8,32830673,99.83
"26030","ravening",8,32830681,99.83
"26031","rearrangement",8,32830689,99.83
"26032","recalibrate",8,32830697,99.83
"26033","recalibration",8,32830705,99.83
"26034","recant",8,32830713,99.83
"26035","recessional",8,32830721,99.83
"26036","recessionary",8,32830729,99.83
"26037","redbud",8,32830737,99.83
"26038","reddening",8,32830745,99.83
"26039","refrigerating",8,32830753,99.83
"26040","relapsing",8,32830761,99.83
"26041","relativistic",8,32830769,99.83
"26042","renegotiation",8,32830777,99.83
"26043","reorientation",8,32830785,99.83
"26044","reparative",8,32830793,99.83
"26045","repin",8,32830801,99.83
"26046","reroll",8,32830809,99.83
"26047","reroute",8,32830817,99.83
"26048","resoundingly",8,32830825,99.83
"26049","restive",8,32830833,99.83
"26050","reticule",8,32830841,99.83
"26051","retread",8,32830849,99.83
"26052","revengeful",8,32830857,99.83
"26053","rhodopsin",8,32830865,99.83
"26054","rial",8,32830873,99.83
"26055","rie",8,32830881,99.83
"26056","rile",8,32830889,99.83
"26057","ritzy",8,32830897,99.83
"26058","rive",8,32830905,99.83
"26059","riverine",8,32830913,99.83
"26060","roading",8,32830921,99.83
"26061","rober",8,32830929,99.83
"26062","roguish",8,32830937,99.83
"26063","roky",8,32830945,99.83
"26064","romancing",8,32830953,99.83
"26065","roofer",8,32830961,99.83
"26066","rootless",8,32830969,99.83
"26067","rosier",8,32830977,99.83
"26068","rotella",8,32830985,99.83
"26069","rubbers",8,32830993,99.83
"26070","rucker",8,32831001,99.83
"26071","ruffian",8,32831009,99.83
"26072","rulership",8,32831017,99.83
"26073","rutter",8,32831025,99.83
"26074","sadr",8,32831033,99.83
"26075","safflower",8,32831041,99.83
"26076","sagacity",8,32831049,99.83
"26077","sagely",8,32831057,99.83
"26078","salivary",8,32831065,99.83
"26079","sallow",8,32831073,99.83
"26080","salomon",8,32831081,99.83
"26081","sashay",8,32831089,99.83
"26082","satanist",8,32831097,99.83
"26083","satiny",8,32831105,99.83
"26084","sauntering",8,32831113,99.83
"26085","sawmill",8,32831121,99.83
"26086","scalping",8,32831129,99.83
"26087","scapular",8,32831137,99.83
"26088","screamer",8,32831145,99.83
"26089","scrubber",8,32831153,99.83
"26090","seascape",8,32831161,99.83
"26091","secessionist",8,32831169,99.83
"26092","seepage",8,32831177,99.83
"26093","selector",8,32831185,99.83
"26094","semaphore",8,32831193,99.83
"26095","semifinal",8,32831201,99.83
"26096","sensationalistic",8,32831209,99.83
"26097","sensationalize",8,32831217,99.83
"26098","shee",8,32831225,99.83
"26099","shekel",8,32831233,99.83
"26100","sheppey",8,32831241,99.83
"26101","shies",8,32831249,99.83
"26102","shih",8,32831257,99.83
"26103","shogun",8,32831265,99.83
"26104","shrewdly",8,32831273,99.83
"26105","sider",8,32831281,99.83
"26106","significator",8,32831289,99.83
"26107","silverback",8,32831297,99.83
"26108","sinkhole",8,32831305,99.83
"26109","situate",8,32831313,99.83
"26110","skulk",8,32831321,99.83
"26111","sla",8,32831329,99.83
"26112","slagging",8,32831337,99.83
"26113","slithers",8,32831345,99.83
"26114","sloka",8,32831353,99.83
"26115","slugged",8,32831361,99.83
"26116","slumming",8,32831369,99.83
"26117","smallness",8,32831377,99.83
"26118","smiting",8,32831385,99.83
"26119","snicket",8,32831393,99.83
"26120","soiling",8,32831401,99.83
"26121","soli",8,32831409,99.83
"26122","solicitous",8,32831417,99.83
"26123","solipsism",8,32831425,99.83
"26124","solipsistic",8,32831433,99.83
"26125","songfest",8,32831441,99.83
"26126","soundless",8,32831449,99.83
"26127","souper",8,32831457,99.83
"26128","soursop",8,32831465,99.83
"26129","southerly",8,32831473,99.83
"26130","sparhawk",8,32831481,99.83
"26131","specie",8,32831489,99.83
"26132","speedometer",8,32831497,99.83
"26133","spendthrift",8,32831505,99.83
"26134","spiller",8,32831513,99.83
"26135","spiritualist",8,32831521,99.83
"26136","spitz",8,32831529,99.83
"26137","sprit",8,32831537,99.83
"26138","squelching",8,32831545,99.83
"26139","squinty",8,32831553,99.83
"26140","steadiness",8,32831561,99.83
"26141","steerage",8,32831569,99.83
"26142","stile",8,32831577,99.83
"26143","stippled",8,32831585,99.83
"26144","stoical",8,32831593,99.83
"26145","stour",8,32831601,99.83
"26146","stover",8,32831609,99.83
"26147","straggling",8,32831617,99.83
"26148","straightway",8,32831625,99.83
"26149","stranding",8,32831633,99.83
"26150","stratification",8,32831641,99.83
"26151","streetside",8,32831649,99.83
"26152","subcutaneous",8,32831657,99.83
"26153","sublimity",8,32831665,99.83
"26154","substitutionary",8,32831673,99.83
"26155","sulphuric",8,32831681,99.83
"26156","summoner",8,32831689,99.83
"26157","supercilious",8,32831697,99.83
"26158","superhighway",8,32831705,99.83
"26159","supervisory",8,32831713,99.83
"26160","supine",8,32831721,99.83
"26161","suspensive",8,32831729,99.83
"26162","suture",8,32831737,99.83
"26163","swindler",8,32831745,99.83
"26164","swinger",8,32831753,99.83
"26165","swiper",8,32831761,99.83
"26166","swot",8,32831769,99.83
"26167","synchronize",8,32831777,99.83
"26168","synesthesia",8,32831785,99.84
"26169","tableware",8,32831793,99.84
"26170","tactless",8,32831801,99.84
"26171","taiga",8,32831809,99.84
"26172","tansy",8,32831817,99.84
"26173","tantalum",8,32831825,99.84
"26174","tapa",8,32831833,99.84
"26175","taxicab",8,32831841,99.84
"26176","taxman",8,32831849,99.84
"26177","teevee",8,32831857,99.84
"26178","tented",8,32831865,99.84
"26179","thirtieth",8,32831873,99.84
"26180","throaty",8,32831881,99.84
"26181","throttling",8,32831889,99.84
"26182","thuggish",8,32831897,99.84
"26183","timeliness",8,32831905,99.84
"26184","timidity",8,32831913,99.84
"26185","tiptoeing",8,32831921,99.84
"26186","toi",8,32831929,99.84
"26187","tollbooth",8,32831937,99.84
"26188","toluene",8,32831945,99.84
"26189","tonsillitis",8,32831953,99.84
"26190","topically",8,32831961,99.84
"26191","torchlight",8,32831969,99.84
"26192","torus",8,32831977,99.84
"26193","tottering",8,32831985,99.84
"26194","tou",8,32831993,99.84
"26195","touchingly",8,32832001,99.84
"26196","tracheotomy",8,32832009,99.84
"26197","trackside",8,32832017,99.84
"26198","traitorous",8,32832025,99.84
"26199","transvestism",8,32832033,99.84
"26200","tribesman",8,32832041,99.84
"26201","triplicate",8,32832049,99.84
"26202","truant",8,32832057,99.84
"26203","truculent",8,32832065,99.84
"26204","tubal",8,32832073,99.84
"26205","tuber",8,32832081,99.84
"26206","tugboat",8,32832089,99.84
"26207","tula",8,32832097,99.84
"26208","tupelo",8,32832105,99.84
"26209","turnkey",8,32832113,99.84
"26210","twiddle",8,32832121,99.84
"26211","twitterer",8,32832129,99.84
"26212","tye",8,32832137,99.84
"26213","typify",8,32832145,99.84
"26214","ug",8,32832153,99.84
"26215","unalterable",8,32832161,99.84
"26216","unapproved",8,32832169,99.84
"26217","unbaked",8,32832177,99.84
"26218","unblemished",8,32832185,99.84
"26219","unbutton",8,32832193,99.84
"26220","unchurched",8,32832201,99.84
"26221","uncircumcised",8,32832209,99.84
"26222","uncommunicative",8,32832217,99.84
"26223","uncompleted",8,32832225,99.84
"26224","unconsecrated",8,32832233,99.84
"26225","uncounted",8,32832241,99.84
"26226","undercroft",8,32832249,99.84
"26227","unelectable",8,32832257,99.84
"26228","unexposed",8,32832265,99.84
"26229","unfaithfulness",8,32832273,99.84
"26230","unfastened",8,32832281,99.84
"26231","unfeasible",8,32832289,99.84
"26232","unfree",8,32832297,99.84
"26233","ungodliness",8,32832305,99.84
"26234","unhook",8,32832313,99.84
"26235","unhygienic",8,32832321,99.84
"26236","unicycle",8,32832329,99.84
"26237","unincorporated",8,32832337,99.84
"26238","unkindly",8,32832345,99.84
"26239","unkindness",8,32832353,99.84
"26240","unlovely",8,32832361,99.84
"26241","unmediated",8,32832369,99.84
"26242","unmerciful",8,32832377,99.84
"26243","unnerve",8,32832385,99.84
"26244","unobtainable",8,32832393,99.84
"26245","unplaced",8,32832401,99.84
"26246","unscrewed",8,32832409,99.84
"26247","unseasonable",8,32832417,99.84
"26248","unselfishly",8,32832425,99.84
"26249","unselfishness",8,32832433,99.84
"26250","unsettle",8,32832441,99.84
"26251","unsparing",8,32832449,99.84
"26252","unsubtle",8,32832457,99.84
"26253","uppercut",8,32832465,99.84
"26254","upturn",8,32832473,99.84
"26255","uselessness",8,32832481,99.84
"26256","ust",8,32832489,99.84
"26257","usurping",8,32832497,99.84
"26258","vacillating",8,32832505,99.84
"26259","vainglory",8,32832513,99.84
"26260","valance",8,32832521,99.84
"26261","validly",8,32832529,99.84
"26262","valueless",8,32832537,99.84
"26263","vanishingly",8,32832545,99.84
"26264","velum",8,32832553,99.84
"26265","vertebrate",8,32832561,99.84
"26266","vexatious",8,32832569,99.84
"26267","viceroy",8,32832577,99.84
"26268","violette",8,32832585,99.84
"26269","viscose",8,32832593,99.84
"26270","vivacity",8,32832601,99.84
"26271","vividness",8,32832609,99.84
"26272","volcanism",8,32832617,99.84
"26273","wale",8,32832625,99.84
"26274","wallpapering",8,32832633,99.84
"26275","warble",8,32832641,99.84
"26276","wassail",8,32832649,99.84
"26277","wastebasket",8,32832657,99.84
"26278","weatherly",8,32832665,99.84
"26279","weta",8,32832673,99.84
"26280","whiles",8,32832681,99.84
"26281","whist",8,32832689,99.84
"26282","wildebeest",8,32832697,99.84
"26283","winglet",8,32832705,99.84
"26284","witless",8,32832713,99.84
"26285","wittering",8,32832721,99.84
"26286","wooding",8,32832729,99.84
"26287","wordle",8,32832737,99.84
"26288","worthily",8,32832745,99.84
"26289","wouldst",8,32832753,99.84
"26290","wro",8,32832761,99.84
"26291","wud",8,32832769,99.84
"26292","yearling",8,32832777,99.84
"26293","abashed",7,32832784,99.84
"26294","abductor",7,32832791,99.84
"26295","abet",7,32832798,99.84
"26296","abjuration",7,32832805,99.84
"26297","abolishment",7,32832812,99.84
"26298","abominably",7,32832819,99.84
"26299","absolutist",7,32832826,99.84
"26300","acapulco",7,32832833,99.84
"26301","acrostic",7,32832840,99.84
"26302","adulterer",7,32832847,99.84
"26303","afflicting",7,32832854,99.84
"26304","agitator",7,32832861,99.84
"26305","airman",7,32832868,99.84
"26306","akov",7,32832875,99.84
"26307","alehouse",7,32832882,99.84
"26308","alienable",7,32832889,99.84
"26309","aliyah",7,32832896,99.84
"26310","alliterative",7,32832903,99.84
"26311","allusive",7,32832910,99.84
"26312","altimeter",7,32832917,99.84
"26313","alumna",7,32832924,99.84
"26314","amt",7,32832931,99.84
"26315","amyotrophic",7,32832938,99.84
"26316","analytically",7,32832945,99.84
"26317","andante",7,32832952,99.84
"26318","anemone",7,32832959,99.84
"26319","angioplasty",7,32832966,99.84
"26320","antagonize",7,32832973,99.84
"26321","anthill",7,32832980,99.84
"26322","antiphon",7,32832987,99.84
"26323","antiwar",7,32832994,99.84
"26324","apoplectic",7,32833001,99.84
"26325","appendectomy",7,32833008,99.84
"26326","apprehensively",7,32833015,99.84
"26327","arbitrariness",7,32833022,99.84
"26328","arboreal",7,32833029,99.84
"26329","arborist",7,32833036,99.84
"26330","archdiocesan",7,32833043,99.84
"26331","archdruid",7,32833050,99.84
"26332","archenemy",7,32833057,99.84
"26333","arienzo",7,32833064,99.84
"26334","armhole",7,32833071,99.84
"26335","arrowroot",7,32833078,99.84
"26336","assignee",7,32833085,99.84
"26337","atmospherics",7,32833092,99.84
"26338","atoll",7,32833099,99.84
"26339","atramentous",7,32833106,99.84
"26340","atrophied",7,32833113,99.84
"26341","attractor",7,32833120,99.84
"26342","attunement",7,32833127,99.84
"26343","audiologist",7,32833134,99.84
"26344","aurelia",7,32833141,99.84
"26345","aurore",7,32833148,99.84
"26346","autocracy",7,32833155,99.84
"26347","autonomously",7,32833162,99.84
"26348","backache",7,32833169,99.84
"26349","backslide",7,32833176,99.84
"26350","backwardness",7,32833183,99.84
"26351","bajan",7,32833190,99.84
"26352","baleful",7,32833197,99.84
"26353","balsamo",7,32833204,99.84
"26354","bani",7,32833211,99.84
"26355","bannock",7,32833218,99.84
"26356","barra",7,32833225,99.84
"26357","basso",7,32833232,99.84
"26358","beamer",7,32833239,99.84
"26359","beanbags",7,32833246,99.84
"26360","beatification",7,32833253,99.84
"26361","beatitude",7,32833260,99.84
"26362","beauteous",7,32833267,99.84
"26363","beautician",7,32833274,99.84
"26364","behaviorist",7,32833281,99.84
"26365","beingness",7,32833288,99.84
"26366","bellman",7,32833295,99.84
"26367","benignly",7,32833302,99.84
"26368","berm",7,32833309,99.84
"26369","berserker",7,32833316,99.84
"26370","betide",7,32833323,99.84
"26371","bewitch",7,32833330,99.84
"26372","bicone",7,32833337,99.84
"26373","biggish",7,32833344,99.84
"26374","bijou",7,32833351,99.84
"26375","billionth",7,32833358,99.84
"26376","bink",7,32833365,99.84
"26377","birchwood",7,32833372,99.84
"26378","bitingly",7,32833379,99.84
"26379","bivouac",7,32833386,99.84
"26380","blanked",7,32833393,99.84
"26381","blazon",7,32833400,99.84
"26382","bleacher",7,32833407,99.84
"26383","bleakness",7,32833414,99.84
"26384","blooper",7,32833421,99.84
"26385","bluefish",7,32833428,99.84
"26386","boneheaded",7,32833435,99.84
"26387","boscage",7,32833442,99.84
"26388","bountifully",7,32833449,99.84
"26389","bourg",7,32833456,99.84
"26390","brant",7,32833463,99.84
"26391","bridger",7,32833470,99.84
"26392","brigantine",7,32833477,99.84
"26393","bromine",7,32833484,99.84
"26394","brumby",7,32833491,99.84
"26395","brutalist",7,32833498,99.84
"26396","buccaneer",7,32833505,99.84
"26397","bucky",7,32833512,99.84
"26398","bugbear",7,32833519,99.84
"26399","bullfighting",7,32833526,99.84
"26400","bullhorn",7,32833533,99.84
"26401","bumming",7,32833540,99.84
"26402","bungling",7,32833547,99.84
"26403","burry",7,32833554,99.84
"26404","butterball",7,32833561,99.84
"26405","cabalist",7,32833568,99.84
"26406","cabby",7,32833575,99.84
"26407","cailleach",7,32833582,99.84
"26408","calais",7,32833589,99.84
"26409","caliph",7,32833596,99.84
"26410","calligrapher",7,32833603,99.84
"26411","calorific",7,32833610,99.84
"26412","camphor",7,32833617,99.84
"26413","campion",7,32833624,99.84
"26414","caped",7,32833631,99.84
"26415","cappy",7,32833638,99.84
"26416","carcinogen",7,32833645,99.84
"26417","cardona",7,32833652,99.84
"26418","carlie",7,32833659,99.84
"26419","carousing",7,32833666,99.84
"26420","castigate",7,32833673,99.84
"26421","catalytic",7,32833680,99.84
"26422","causeless",7,32833687,99.84
"26423","cenotaph",7,32833694,99.84
"26424","chambermaid",7,32833701,99.84
"26425","chanson",7,32833708,99.84
"26426","chaotically",7,32833715,99.84
"26427","chaplet",7,32833722,99.84
"26428","chappy",7,32833729,99.84
"26429","charas",7,32833736,99.84
"26430","cheekbone",7,32833743,99.84
"26431","cheekiness",7,32833750,99.84
"26432","chemise",7,32833757,99.84
"26433","chesty",7,32833764,99.84
"26434","chicane",7,32833771,99.84
"26435","chichi",7,32833778,99.84
"26436","chiro",7,32833785,99.84
"26437","chitra",7,32833792,99.84
"26438","chronograph",7,32833799,99.84
"26439","chuff",7,32833806,99.84
"26440","circumcise",7,32833813,99.84
"26441","civet",7,32833820,99.84
"26442","clamshell",7,32833827,99.84
"26443","clandestinely",7,32833834,99.84
"26444","claptrap",7,32833841,99.84
"26445","classicist",7,32833848,99.84
"26446","cleavers",7,32833855,99.84
"26447","clicky",7,32833862,99.84
"26448","clod",7,32833869,99.84
"26449","cloister",7,32833876,99.84
"26450","clownish",7,32833883,99.84
"26451","clubbed",7,32833890,99.84
"26452","coadjutor",7,32833897,99.84
"26453","coagulation",7,32833904,99.84
"26454","cockeyed",7,32833911,99.84
"26455","cohosh",7,32833918,99.84
"26456","colicky",7,32833925,99.84
"26457","colorfully",7,32833932,99.84
"26458","colostomy",7,32833939,99.84
"26459","commercialize",7,32833946,99.84
"26460","commiseration",7,32833953,99.84
"26461","commodious",7,32833960,99.84
"26462","communally",7,32833967,99.84
"26463","compellingly",7,32833974,99.84
"26464","concertina",7,32833981,99.84
"26465","concision",7,32833988,99.84
"26466","condolence",7,32833995,99.84
"26467","condor",7,32834002,99.84
"26468","conductive",7,32834009,99.84
"26469","confessor",7,32834016,99.84
"26470","conformable",7,32834023,99.84
"26471","congee",7,32834030,99.84
"26472","congenitally",7,32834037,99.84
"26473","connivance",7,32834044,99.84
"26474","conquistador",7,32834051,99.84
"26475","conservationist",7,32834058,99.84
"26476","consol",7,32834065,99.84
"26477","constitutionalist",7,32834072,99.84
"26478","contentedness",7,32834079,99.84
"26479","contestation",7,32834086,99.84
"26480","contravene",7,32834093,99.84
"26481","conventionality",7,32834100,99.84
"26482","convergent",7,32834107,99.84
"26483","corded",7,32834114,99.84
"26484","corder",7,32834121,99.84
"26485","corpulent",7,32834128,99.84
"26486","corruptible",7,32834135,99.84
"26487","cosiness",7,32834142,99.84
"26488","counterweight",7,32834149,99.84
"26489","couper",7,32834156,99.84
"26490","courant",7,32834163,99.84
"26491","courtier",7,32834170,99.84
"26492","coveralls",7,32834177,99.84
"26493","cowbell",7,32834184,99.84
"26494","cowling",7,32834191,99.84
"26495","cravat",7,32834198,99.84
"26496","creat",7,32834205,99.84
"26497","credulous",7,32834212,99.84
"26498","cremate",7,32834219,99.84
"26499","crematorium",7,32834226,99.84
"26500","cretaceous",7,32834233,99.84
"26501","cribbing",7,32834240,99.84
"26502","criminologist",7,32834247,99.84
"26503","crocheter",7,32834254,99.84
"26504","croquette",7,32834261,99.84
"26505","crossway",7,32834268,99.84
"26506","cruciferous",7,32834275,99.84
"26507","crumpling",7,32834282,99.84
"26508","cryogenic",7,32834289,99.84
"26509","crystallize",7,32834296,99.84
"26510","cudgel",7,32834303,99.84
"26511","cummin",7,32834310,99.84
"26512","curcumin",7,32834317,99.84
"26513","curtailment",7,32834324,99.84
"26514","cwm",7,32834331,99.84
"26515","cysteine",7,32834338,99.84
"26516","dalliance",7,32834345,99.84
"26517","darkling",7,32834352,99.84
"26518","dasher",7,32834359,99.84
"26519","dayspring",7,32834366,99.84
"26520","deafness",7,32834373,99.84
"26521","debase",7,32834380,99.84
"26522","debilitation",7,32834387,99.84
"26523","decathlon",7,32834394,99.84
"26524","defacing",7,32834401,99.84
"26525","deferral",7,32834408,99.84
"26526","defilement",7,32834415,99.84
"26527","deforest",7,32834422,99.84
"26528","deicide",7,32834429,99.84
"26529","deification",7,32834436,99.84
"26530","dejectedly",7,32834443,99.84
"26531","delftware",7,32834450,99.84
"26532","delineation",7,32834457,99.84
"26533","demagogic",7,32834464,99.84
"26534","demagogue",7,32834471,99.84
"26535","demiurge",7,32834478,99.84
"26536","demoralization",7,32834485,99.84
"26537","deontology",7,32834492,99.84
"26538","depersonalization",7,32834499,99.84
"26539","descriptively",7,32834506,99.84
"26540","descriptiveness",7,32834513,99.84
"26541","desensitization",7,32834520,99.84
"26542","destitution",7,32834527,99.84
"26543","destress",7,32834534,99.84
"26544","destructiveness",7,32834541,99.84
"26545","determinative",7,32834548,99.84
"26546","detractor",7,32834555,99.84
"26547","deviously",7,32834562,99.84
"26548","dewberry",7,32834569,99.84
"26549","dewdrop",7,32834576,99.84
"26550","dexterous",7,32834583,99.84
"26551","diarist",7,32834590,99.84
"26552","differentially",7,32834597,99.84
"26553","diminution",7,32834604,99.84
"26554","dinkum",7,32834611,99.84
"26555","disenfranchisement",7,32834618,99.84
"26556","dishwashing",7,32834625,99.84
"26557","dismally",7,32834632,99.84
"26558","dispensational",7,32834639,99.84
"26559","dissolute",7,32834646,99.84
"26560","distractedly",7,32834653,99.84
"26561","dita",7,32834660,99.84
"26562","dob",7,32834667,99.84
"26563","doff",7,32834674,99.84
"26564","dogfight",7,32834681,99.84
"26565","dolorous",7,32834688,99.84
"26566","dolt",7,32834695,99.84
"26567","domine",7,32834702,99.84
"26568","dotterel",7,32834709,99.84
"26569","doubletree",7,32834716,99.84
"26570","downstate",7,32834723,99.84
"26571","downswing",7,32834730,99.84
"26572","downtrend",7,32834737,99.84
"26573","dramatize",7,32834744,99.84
"26574","drawdown",7,32834751,99.84
"26575","dreariness",7,32834758,99.84
"26576","drona",7,32834765,99.84
"26577","drubbing",7,32834772,99.84
"26578","durn",7,32834779,99.84
"26579","earthworm",7,32834786,99.84
"26580","ecclesial",7,32834793,99.84
"26581","eclair",7,32834800,99.84
"26582","edelweiss",7,32834807,99.84
"26583","edgewise",7,32834814,99.84
"26584","effectually",7,32834821,99.84
"26585","effete",7,32834828,99.84
"26586","egoism",7,32834835,99.84
"26587","egret",7,32834842,99.84
"26588","elastin",7,32834849,99.84
"26589","elector",7,32834856,99.84
"26590","electromagnetism",7,32834863,99.84
"26591","elegiac",7,32834870,99.84
"26592","ellipses",7,32834877,99.84
"26593","ellipsis",7,32834884,99.84
"26594","elvish",7,32834891,99.84
"26595","embalmer",7,32834898,99.84
"26596","emir",7,32834905,99.84
"26597","emotionality",7,32834912,99.84
"26598","emptier",7,32834919,99.84
"26599","encapsulation",7,32834926,99.84
"26600","encrypt",7,32834933,99.84
"26601","endogenous",7,32834940,99.84
"26602","endorser",7,32834947,99.84
"26603","engrave",7,32834954,99.84
"26604","enjoin",7,32834961,99.84
"26605","entente",7,32834968,99.84
"26606","enthrall",7,32834975,99.84
"26607","enunciation",7,32834982,99.84
"26608","epidemiologist",7,32834989,99.84
"26609","episcopalian",7,32834996,99.84
"26610","equalization",7,32835003,99.84
"26611","equivocal",7,32835010,99.84
"26612","escalade",7,32835017,99.84
"26613","esophageal",7,32835024,99.84
"26614","ess",7,32835031,99.84
"26615","ethyl",7,32835038,99.84
"26616","euphemistic",7,32835045,99.84
"26617","euphemistically",7,32835052,99.84
"26618","evolvement",7,32835059,99.84
"26619","exactitude",7,32835066,99.84
"26620","excommunication",7,32835073,99.85
"26621","excrete",7,32835080,99.85
"26622","exegetical",7,32835087,99.85
"26623","exhumation",7,32835094,99.85
"26624","exoneration",7,32835101,99.85
"26625","exoskeleton",7,32835108,99.85
"26626","experientially",7,32835115,99.85
"26627","explainable",7,32835122,99.85
"26628","explosively",7,32835129,99.85
"26629","expository",7,32835136,99.85
"26630","expressionistic",7,32835143,99.85
"26631","extemporaneous",7,32835150,99.85
"26632","externality",7,32835157,99.85
"26633","extradite",7,32835164,99.85
"26634","fage",7,32835171,99.85
"26635","fanon",7,32835178,99.85
"26636","fastener",7,32835185,99.85
"26637","fatiguing",7,32835192,99.85
"26638","feasibly",7,32835199,99.85
"26639","fecund",7,32835206,99.85
"26640","felicitous",7,32835213,99.85
"26641","fels",7,32835220,99.85
"26642","femicide",7,32835227,99.85
"26643","fescue",7,32835234,99.85
"26644","feu",7,32835241,99.85
"26645","fictionally",7,32835248,99.85
"26646","fie",7,32835255,99.85
"26647","firebox",7,32835262,99.85
"26648","fisheye",7,32835269,99.85
"26649","flannels",7,32835276,99.85
"26650","flaxen",7,32835283,99.85
"26651","flaxman",7,32835290,99.85
"26652","flinty",7,32835297,99.85
"26653","flippantly",7,32835304,99.85
"26654","florent",7,32835311,99.85
"26655","fogless",7,32835318,99.85
"26656","foiling",7,32835325,99.85
"26657","foment",7,32835332,99.85
"26658","foretell",7,32835339,99.85
"26659","forger",7,32835346,99.85
"26660","fount",7,32835353,99.85
"26661","fraudulence",7,32835360,99.85
"26662","frisking",7,32835367,99.85
"26663","frogged",7,32835374,99.85
"26664","frugally",7,32835381,99.85
"26665","fullback",7,32835388,99.85
"26666","gallantry",7,32835395,99.85
"26667","gamekeeper",7,32835402,99.85
"26668","gammon",7,32835409,99.85
"26669","gangland",7,32835416,99.85
"26670","gangplank",7,32835423,99.85
"26671","garishly",7,32835430,99.85
"26672","gaskin",7,32835437,99.85
"26673","gassing",7,32835444,99.85
"26674","gating",7,32835451,99.85
"26675","gavel",7,32835458,99.85
"26676","gawky",7,32835465,99.85
"26677","genera",7,32835472,99.85
"26678","generalist",7,32835479,99.85
"26679","germy",7,32835486,99.85
"26680","gestural",7,32835493,99.85
"26681","glasshouse",7,32835500,99.85
"26682","glossiness",7,32835507,99.85
"26683","glucosamine",7,32835514,99.85
"26684","glycerine",7,32835521,99.85
"26685","gobo",7,32835528,99.85
"26686","gol",7,32835535,99.85
"26687","grabber",7,32835542,99.85
"26688","gracefulness",7,32835549,99.85
"26689","greengrocer",7,32835556,99.85
"26690","greenness",7,32835563,99.85
"26691","gristle",7,32835570,99.85
"26692","gros",7,32835577,99.85
"26693","guesting",7,32835584,99.85
"26694","guiltless",7,32835591,99.85
"26695","guzzle",7,32835598,99.85
"26696","hacksaw",7,32835605,99.85
"26697","handfasting",7,32835612,99.85
"26698","handicraft",7,32835619,99.85
"26699","hanker",7,32835626,99.85
"26700","hao",7,32835633,99.85
"26701","harborside",7,32835640,99.85
"26702","hassel",7,32835647,99.85
"26703","haya",7,32835654,99.85
"26704","haymaker",7,32835661,99.85
"26705","headlock",7,32835668,99.85
"26706","headpiece",7,32835675,99.85
"26707","healthfully",7,32835682,99.85
"26708","hematology",7,32835689,99.85
"26709","hematoma",7,32835696,99.85
"26710","hereunder",7,32835703,99.85
"26711","herniated",7,32835710,99.85
"26712","hidalgo",7,32835717,99.85
"26713","hideousness",7,32835724,99.85
"26714","highboy",7,32835731,99.85
"26715","hist",7,32835738,99.85
"26716","hiver",7,32835745,99.85
"26717","hollowness",7,32835752,99.85
"26718","holstered",7,32835759,99.85
"26719","homestretch",7,32835766,99.85
"26720","hoodlum",7,32835773,99.85
"26721","hoofs",7,32835780,99.85
"26722","hornbeam",7,32835787,99.85
"26723","hothouse",7,32835794,99.85
"26724","housebroken",7,32835801,99.85
"26725","humbleness",7,32835808,99.85
"26726","hydroxide",7,32835815,99.85
"26727","hyperspace",7,32835822,99.85
"26728","hypoglycemic",7,32835829,99.85
"26729","hypothyroidism",7,32835836,99.85
"26730","ife",7,32835843,99.85
"26731","impassable",7,32835850,99.85
"26732","imperil",7,32835857,99.85
"26733","impersonator",7,32835864,99.85
"26734","impiety",7,32835871,99.85
"26735","impinge",7,32835878,99.85
"26736","improbability",7,32835885,99.85
"26737","improviser",7,32835892,99.85
"26738","inadvisable",7,32835899,99.85
"26739","inauthenticity",7,32835906,99.85
"26740","incidently",7,32835913,99.85
"26741","incineration",7,32835920,99.85
"26742","incommunicado",7,32835927,99.85
"26743","incompetency",7,32835934,99.85
"26744","incongruously",7,32835941,99.85
"26745","indigestible",7,32835948,99.85
"26746","industriously",7,32835955,99.85
"26747","industriousness",7,32835962,99.85
"26748","inessential",7,32835969,99.85
"26749","infamously",7,32835976,99.85
"26750","infielder",7,32835983,99.85
"26751","infinitive",7,32835990,99.85
"26752","infuriate",7,32835997,99.85
"26753","infuriatingly",7,32836004,99.85
"26754","ingenue",7,32836011,99.85
"26755","inguinal",7,32836018,99.85
"26756","inhibitor",7,32836025,99.85
"26757","insincerity",7,32836032,99.85
"26758","insularity",7,32836039,99.85
"26759","insulating",7,32836046,99.85
"26760","intercessor",7,32836053,99.85
"26761","intercessory",7,32836060,99.85
"26762","interconnection",7,32836067,99.85
"26763","interlibrary",7,32836074,99.85
"26764","intermarriage",7,32836081,99.85
"26765","interventionism",7,32836088,99.85
"26766","intolerably",7,32836095,99.85
"26767","invariable",7,32836102,99.85
"26768","ironical",7,32836109,99.85
"26769","irredeemable",7,32836116,99.85
"26770","irretrievably",7,32836123,99.85
"26771","isolationist",7,32836130,99.85
"26772","jalousie",7,32836137,99.85
"26773","jawbone",7,32836144,99.85
"26774","jawbreaker",7,32836151,99.85
"26775","jellied",7,32836158,99.85
"26776","jigger",7,32836165,99.85
"26777","kaleidoscopic",7,32836172,99.85
"26778","kanga",7,32836179,99.85
"26779","karwar",7,32836186,99.85
"26780","kazoo",7,32836193,99.85
"26781","keeled",7,32836200,99.85
"26782","keta",7,32836207,99.85
"26783","ketty",7,32836214,99.85
"26784","kindhearted",7,32836221,99.85
"26785","kingship",7,32836228,99.85
"26786","kneecap",7,32836235,99.85
"26787","knobby",7,32836242,99.85
"26788","knockabout",7,32836249,99.85
"26789","knower",7,32836256,99.85
"26790","koda",7,32836263,99.85
"26791","kombu",7,32836270,99.85
"26792","kuan",7,32836277,99.85
"26793","lalo",7,32836284,99.85
"26794","lammas",7,32836291,99.85
"26795","languidly",7,32836298,99.85
"26796","lapsing",7,32836305,99.85
"26797","laver",7,32836312,99.85
"26798","lawgiver",7,32836319,99.85
"26799","leachman",7,32836326,99.85
"26800","leaderless",7,32836333,99.85
"26801","lecherous",7,32836340,99.85
"26802","lede",7,32836347,99.85
"26803","legging",7,32836354,99.85
"26804","lengthways",7,32836361,99.85
"26805","licentious",7,32836368,99.85
"26806","licentiousness",7,32836375,99.85
"26807","lief",7,32836382,99.85
"26808","liege",7,32836389,99.85
"26809","lifer",7,32836396,99.85
"26810","lindo",7,32836403,99.85
"26811","linwood",7,32836410,99.85
"26812","lipper",7,32836417,99.85
"26813","listlessly",7,32836424,99.85
"26814","litchi",7,32836431,99.85
"26815","loamy",7,32836438,99.85
"26816","longan",7,32836445,99.85
"26817","longbow",7,32836452,99.85
"26818","looper",7,32836459,99.85
"26819","loro",7,32836466,99.85
"26820","loup",7,32836473,99.85
"26821","lovage",7,32836480,99.85
"26822","lugubrious",7,32836487,99.85
"26823","lumen",7,32836494,99.85
"26824","luminosity",7,32836501,99.85
"26825","lune",7,32836508,99.85
"26826","lurker",7,32836515,99.85
"26827","lycopene",7,32836522,99.85
"26828","macaw",7,32836529,99.85
"26829","mackintosh",7,32836536,99.85
"26830","madrona",7,32836543,99.85
"26831","magnanimity",7,32836550,99.85
"26832","magnification",7,32836557,99.85
"26833","mailbag",7,32836564,99.85
"26834","maintainable",7,32836571,99.85
"26835","malleability",7,32836578,99.85
"26836","mallow",7,32836585,99.85
"26837","manfully",7,32836592,99.85
"26838","manilla",7,32836599,99.85
"26839","marimba",7,32836606,99.85
"26840","marketability",7,32836613,99.85
"26841","mastitis",7,32836620,99.85
"26842","mastodon",7,32836627,99.85
"26843","matsu",7,32836634,99.85
"26844","matta",7,32836641,99.85
"26845","meaninglessness",7,32836648,99.85
"26846","megalomania",7,32836655,99.85
"26847","mela",7,32836662,99.85
"26848","melamine",7,32836669,99.85
"26849","mem",7,32836676,99.85
"26850","mendacity",7,32836683,99.85
"26851","mezzo",7,32836690,99.85
"26852","miffy",7,32836697,99.85
"26853","milliner",7,32836704,99.85
"26854","minstrelsy",7,32836711,99.85
"26855","misbegotten",7,32836718,99.85
"26856","miscegenation",7,32836725,99.85
"26857","misspell",7,32836732,99.85
"26858","mitty",7,32836739,99.85
"26859","modality",7,32836746,99.85
"26860","molehill",7,32836753,99.85
"26861","monkfish",7,32836760,99.85
"26862","monopolize",7,32836767,99.85
"26863","montane",7,32836774,99.85
"26864","moonless",7,32836781,99.85
"26865","moony",7,32836788,99.85
"26866","moraine",7,32836795,99.85
"26867","mortician",7,32836802,99.85
"26868","mudding",7,32836809,99.85
"26869","murkiness",7,32836816,99.85
"26870","musicologist",7,32836823,99.85
"26871","myocardial",7,32836830,99.85
"26872","nei",7,32836837,99.85
"26873","nep",7,32836844,99.85
"26874","nevus",7,32836851,99.85
"26875","nincompoop",7,32836858,99.85
"26876","noisette",7,32836865,99.85
"26877","novelistic",7,32836872,99.85
"26878","nubia",7,32836879,99.85
"26879","nuptial",7,32836886,99.85
"26880","objectify",7,32836893,99.85
"26881","obstetrical",7,32836900,99.85
"26882","obstructive",7,32836907,99.85
"26883","occipital",7,32836914,99.85
"26884","ock",7,32836921,99.85
"26885","ocular",7,32836928,99.85
"26886","odometer",7,32836935,99.85
"26887","oe",7,32836942,99.85
"26888","officialdom",7,32836949,99.85
"26889","oleander",7,32836956,99.85
"26890","olio",7,32836963,99.85
"26891","ondine",7,32836970,99.85
"26892","onside",7,32836977,99.85
"26893","opalescent",7,32836984,99.85
"26894","opossum",7,32836991,99.85
"26895","opposable",7,32836998,99.85
"26896","orchestrator",7,32837005,99.85
"26897","orderliness",7,32837012,99.85
"26898","ordinal",7,32837019,99.85
"26899","ostentatiously",7,32837026,99.85
"26900","oubliette",7,32837033,99.85
"26901","outsize",7,32837040,99.85
"26902","outsole",7,32837047,99.85
"26903","overcomer",7,32837054,99.85
"26904","overexposure",7,32837061,99.85
"26905","owd",7,32837068,99.85
"26906","oxtail",7,32837075,99.85
"26907","pancreatitis",7,32837082,99.85
"26908","pantaloons",7,32837089,99.85
"26909","papering",7,32837096,99.85
"26910","papillote",7,32837103,99.85
"26911","paraclete",7,32837110,99.85
"26912","paratrooper",7,32837117,99.85
"26913","parkin",7,32837124,99.85
"26914","pasteurization",7,32837131,99.85
"26915","peacemaking",7,32837138,99.85
"26916","pegboard",7,32837145,99.85
"26917","pejorative",7,32837152,99.85
"26918","pendent",7,32837159,99.85
"26919","pendulous",7,32837166,99.85
"26920","penetrative",7,32837173,99.85
"26921","penitential",7,32837180,99.85
"26922","penna",7,32837187,99.85
"26923","penury",7,32837194,99.85
"26924","pepperidge",7,32837201,99.85
"26925","pereira",7,32837208,99.85
"26926","performative",7,32837215,99.85
"26927","perplexity",7,32837222,99.85
"26928","persuasively",7,32837229,99.85
"26929","pervade",7,32837236,99.85
"26930","petrie",7,32837243,99.85
"26931","phenomenological",7,32837250,99.85
"26932","phenylalanine",7,32837257,99.85
"26933","philologist",7,32837264,99.85
"26934","philosophize",7,32837271,99.85
"26935","physiologically",7,32837278,99.85
"26936","picaresque",7,32837285,99.85
"26937","pickpocket",7,32837292,99.85
"26938","piddle",7,32837299,99.85
"26939","piddling",7,32837306,99.85
"26940","pinochle",7,32837313,99.85
"26941","pinon",7,32837320,99.85
"26942","piquancy",7,32837327,99.85
"26943","pish",7,32837334,99.85
"26944","planer",7,32837341,99.85
"26945","platen",7,32837348,99.85
"26946","playmaking",7,32837355,99.85
"26947","plenitude",7,32837362,99.85
"26948","plover",7,32837369,99.85
"26949","podesta",7,32837376,99.85
"26950","poha",7,32837383,99.85
"26951","pointillism",7,32837390,99.85
"26952","policyholder",7,32837397,99.85
"26953","polluter",7,32837404,99.85
"26954","polygonal",7,32837411,99.85
"26955","polygyny",7,32837418,99.85
"26956","pomade",7,32837425,99.85
"26957","pompano",7,32837432,99.85
"26958","popish",7,32837439,99.85
"26959","porcine",7,32837446,99.85
"26960","portentous",7,32837453,99.85
"26961","porterhouse",7,32837460,99.85
"26962","positivism",7,32837467,99.85
"26963","possessiveness",7,32837474,99.85
"26964","postmark",7,32837481,99.85
"26965","posy",7,32837488,99.85
"26966","potentiality",7,32837495,99.85
"26967","potently",7,32837502,99.85
"26968","pouf",7,32837509,99.85
"26969","prabhu",7,32837516,99.85
"26970","preces",7,32837523,99.85
"26971","precut",7,32837530,99.85
"26972","prepayment",7,32837537,99.85
"26973","preternatural",7,32837544,99.85
"26974","preternaturally",7,32837551,99.85
"26975","prickled",7,32837558,99.85
"26976","prickling",7,32837565,99.85
"26977","primitivism",7,32837572,99.85
"26978","principality",7,32837579,99.85
"26979","principia",7,32837586,99.85
"26980","prismatic",7,32837593,99.85
"26981","probationer",7,32837600,99.85
"26982","profiteer",7,32837607,99.85
"26983","progressivism",7,32837614,99.85
"26984","promontory",7,32837621,99.85
"26985","prophetically",7,32837628,99.85
"26986","proselytize",7,32837635,99.85
"26987","prospector",7,32837642,99.85
"26988","pseudepigrapha",7,32837649,99.85
"26989","psychoanalyst",7,32837656,99.85
"26990","psychoanalytic",7,32837663,99.85
"26991","pubes",7,32837670,99.85
"26992","puffiness",7,32837677,99.85
"26993","purchasable",7,32837684,99.85
"26994","puritanism",7,32837691,99.85
"26995","pursuance",7,32837698,99.85
"26996","pyridoxine",7,32837705,99.85
"26997","qualm",7,32837712,99.85
"26998","quantitatively",7,32837719,99.85
"26999","quieten",7,32837726,99.85
"27000","quintessence",7,32837733,99.85
"27001","racketeering",7,32837740,99.85
"27002","radiotherapy",7,32837747,99.85
"27003","rapscallion",7,32837754,99.85
"27004","rasped",7,32837761,99.85
"27005","rattler",7,32837768,99.85
"27006","reappraisal",7,32837775,99.85
"27007","reasonableness",7,32837782,99.85
"27008","reattach",7,32837789,99.85
"27009","recognizably",7,32837796,99.85
"27010","recto",7,32837803,99.85
"27011","rectory",7,32837810,99.85
"27012","redder",7,32837817,99.85
"27013","redouble",7,32837824,99.85
"27014","redshirt",7,32837831,99.85
"27015","refillable",7,32837838,99.85
"27016","refit",7,32837845,99.85
"27017","refracting",7,32837852,99.85
"27018","refractive",7,32837859,99.85
"27019","refractor",7,32837866,99.85
"27020","refurbish",7,32837873,99.85
"27021","regally",7,32837880,99.85
"27022","regionalism",7,32837887,99.85
"27023","reintegration",7,32837894,99.85
"27024","reinterpretation",7,32837901,99.85
"27025","reintroduction",7,32837908,99.85
"27026","reinvest",7,32837915,99.85
"27027","relator",7,32837922,99.85
"27028","relinquishment",7,32837929,99.85
"27029","remittance",7,32837936,99.85
"27030","renege",7,32837943,99.85
"27031","reoccupation",7,32837950,99.85
"27032","repped",7,32837957,99.85
"27033","requital",7,32837964,99.85
"27034","rescind",7,32837971,99.85
"27035","reseller",7,32837978,99.85
"27036","resettle",7,32837985,99.85
"27037","reshuffle",7,32837992,99.85
"27038","resiny",7,32837999,99.85
"27039","respecter",7,32838006,99.85
"27040","respirator",7,32838013,99.85
"27041","retool",7,32838020,99.85
"27042","retry",7,32838027,99.85
"27043","rewarder",7,32838034,99.85
"27044","rhizome",7,32838041,99.85
"27045","rhodium",7,32838048,99.85
"27046","rimmer",7,32838055,99.85
"27047","rit",7,32838062,99.85
"27048","rivet",7,32838069,99.85
"27049","roebuck",7,32838076,99.85
"27050","rog",7,32838083,99.85
"27051","rondeau",7,32838090,99.85
"27052","roundhouse",7,32838097,99.85
"27053","roustabout",7,32838104,99.85
"27054","saboteur",7,32838111,99.85
"27055","sabra",7,32838118,99.85
"27056","saccharin",7,32838125,99.85
"27057","sadden",7,32838132,99.85
"27058","sah",7,32838139,99.85
"27059","saleslady",7,32838146,99.85
"27060","salesmanship",7,32838153,99.85
"27061","saleswoman",7,32838160,99.85
"27062","salubrious",7,32838167,99.85
"27063","samsara",7,32838174,99.85
"27064","sandpiper",7,32838181,99.85
"27065","sangha",7,32838188,99.85
"27066","satiric",7,32838195,99.85
"27067","satyr",7,32838202,99.85
"27068","sault",7,32838209,99.85
"27069","scad",7,32838216,99.85
"27070","schemer",7,32838223,99.85
"27071","scorcher",7,32838230,99.85
"27072","scoundrel",7,32838237,99.85
"27073","scrollwork",7,32838244,99.85
"27074","scrunge",7,32838251,99.85
"27075","sculptured",7,32838258,99.85
"27076","scuse",7,32838265,99.85
"27077","sebum",7,32838272,99.85
"27078","secrete",7,32838279,99.85
"27079","seductress",7,32838286,99.85
"27080","seesaw",7,32838293,99.85
"27081","segregate",7,32838300,99.85
"27082","selectivity",7,32838307,99.85
"27083","selvedge",7,32838314,99.85
"27084","seminarian",7,32838321,99.85
"27085","sentience",7,32838328,99.85
"27086","sepsis",7,32838335,99.85
"27087","serially",7,32838342,99.85
"27088","severally",7,32838349,99.85
"27089","shaper",7,32838356,99.85
"27090","shareable",7,32838363,99.86
"27091","shastri",7,32838370,99.86
"27092","shearer",7,32838377,99.86
"27093","sheepfold",7,32838384,99.86
"27094","shipboard",7,32838391,99.86
"27095","shrove",7,32838398,99.86
"27096","shucking",7,32838405,99.86
"27097","shul",7,32838412,99.86
"27098","shuttering",7,32838419,99.86
"27099","sidelong",7,32838426,99.86
"27100","sidi",7,32838433,99.86
"27101","sieger",7,32838440,99.86
"27102","signee",7,32838447,99.86
"27103","signer",7,32838454,99.86
"27104","silage",7,32838461,99.86
"27105","singsong",7,32838468,99.86
"27106","sinusitis",7,32838475,99.86
"27107","sisal",7,32838482,99.86
"27108","skimmer",7,32838489,99.86
"27109","skywards",7,32838496,99.86
"27110","slat",7,32838503,99.86
"27111","slickly",7,32838510,99.86
"27112","smarten",7,32838517,99.86
"27113","smelter",7,32838524,99.86
"27114","smocking",7,32838531,99.86
"27115","smolder",7,32838538,99.86
"27116","snowplow",7,32838545,99.86
"27117","snuffing",7,32838552,99.86
"27118","soh",7,32838559,99.86
"27119","sojourner",7,32838566,99.86
"27120","songy",7,32838573,99.86
"27121","sot",7,32838580,99.86
"27122","sou",7,32838587,99.86
"27123","souring",7,32838594,99.86
"27124","spacer",7,32838601,99.86
"27125","spasmodic",7,32838608,99.86
"27126","spatially",7,32838615,99.86
"27127","spatter",7,32838622,99.86
"27128","speeder",7,32838629,99.86
"27129","spicer",7,32838636,99.86
"27130","splicing",7,32838643,99.86
"27131","spoonflower",7,32838650,99.86
"27132","spore",7,32838657,99.86
"27133","squamous",7,32838664,99.86
"27134","squashy",7,32838671,99.86
"27135","starkness",7,32838678,99.86
"27136","statuary",7,32838685,99.86
"27137","steadman",7,32838692,99.86
"27138","steeler",7,32838699,99.86
"27139","stimulator",7,32838706,99.86
"27140","stingray",7,32838713,99.86
"27141","stipe",7,32838720,99.86
"27142","stockman",7,32838727,99.86
"27143","stoma",7,32838734,99.86
"27144","stopgap",7,32838741,99.86
"27145","strangler",7,32838748,99.86
"27146","stratus",7,32838755,99.86
"27147","striated",7,32838762,99.86
"27148","strictness",7,32838769,99.86
"27149","structuralism",7,32838776,99.86
"27150","stunty",7,32838783,99.86
"27151","stylistics",7,32838790,99.86
"27152","stymie",7,32838797,99.86
"27153","submissiveness",7,32838804,99.86
"27154","substantiation",7,32838811,99.86
"27155","suburbanite",7,32838818,99.86
"27156","succor",7,32838825,99.86
"27157","sucre",7,32838832,99.86
"27158","suggestively",7,32838839,99.86
"27159","suji",7,32838846,99.86
"27160","sullenly",7,32838853,99.86
"27161","summerland",7,32838860,99.86
"27162","sundial",7,32838867,99.86
"27163","supersize",7,32838874,99.86
"27164","supping",7,32838881,99.86
"27165","surmounted",7,32838888,99.86
"27166","swallowtail",7,32838895,99.86
"27167","swashbuckler",7,32838902,99.86
"27168","swindling",7,32838909,99.86
"27169","swishy",7,32838916,99.86
"27170","swoony",7,32838923,99.86
"27171","synapse",7,32838930,99.86
"27172","synchronistic",7,32838937,99.86
"27173","syncretic",7,32838944,99.86
"27174","tabor",7,32838951,99.86
"27175","tailing",7,32838958,99.86
"27176","tailpipe",7,32838965,99.86
"27177","talus",7,32838972,99.86
"27178","tamp",7,32838979,99.86
"27179","tangelo",7,32838986,99.86
"27180","tec",7,32838993,99.86
"27181","technica",7,32839000,99.86
"27182","telephonic",7,32839007,99.86
"27183","televise",7,32839014,99.86
"27184","tempera",7,32839021,99.86
"27185","tenement",7,32839028,99.86
"27186","tepee",7,32839035,99.86
"27187","ternary",7,32839042,99.86
"27188","textually",7,32839049,99.86
"27189","thereunto",7,32839056,99.86
"27190","thereupon",7,32839063,99.86
"27191","thermally",7,32839070,99.86
"27192","thinkable",7,32839077,99.86
"27193","thirsting",7,32839084,99.86
"27194","threadless",7,32839091,99.86
"27195","thresher",7,32839098,99.86
"27196","thunderhead",7,32839105,99.86
"27197","tibia",7,32839112,99.86
"27198","tightwad",7,32839119,99.86
"27199","tigress",7,32839126,99.86
"27200","titter",7,32839133,99.86
"27201","toiletry",7,32839140,99.86
"27202","tolerably",7,32839147,99.86
"27203","topside",7,32839154,99.86
"27204","tormentor",7,32839161,99.86
"27205","torpor",7,32839168,99.86
"27206","totemic",7,32839175,99.86
"27207","totter",7,32839182,99.86
"27208","totty",7,32839189,99.86
"27209","tought",7,32839196,99.86
"27210","toupee",7,32839203,99.86
"27211","toweling",7,32839210,99.86
"27212","towner",7,32839217,99.86
"27213","transcontinental",7,32839224,99.86
"27214","transliteration",7,32839231,99.86
"27215","transportable",7,32839238,99.86
"27216","transuranic",7,32839245,99.86
"27217","trawler",7,32839252,99.86
"27218","trigeminal",7,32839259,99.86
"27219","tunneling",7,32839266,99.86
"27220","turgid",7,32839273,99.86
"27221","turkle",7,32839280,99.86
"27222","turpitude",7,32839287,99.86
"27223","twaddle",7,32839294,99.86
"27224","typist",7,32839301,99.86
"27225","typological",7,32839308,99.86
"27226","unacceptably",7,32839315,99.86
"27227","unasked",7,32839322,99.86
"27228","uncircumcision",7,32839329,99.86
"27229","uncomprehending",7,32839336,99.86
"27230","unconsidered",7,32839343,99.86
"27231","uncontained",7,32839350,99.86
"27232","uncontroversial",7,32839357,99.86
"27233","uncountable",7,32839364,99.86
"27234","uncultured",7,32839371,99.86
"27235","undated",7,32839378,99.86
"27236","underestimation",7,32839385,99.86
"27237","underfed",7,32839392,99.86
"27238","undergarment",7,32839399,99.86
"27239","underling",7,32839406,99.86
"27240","understeer",7,32839413,99.86
"27241","underwrite",7,32839420,99.86
"27242","unemotional",7,32839427,99.86
"27243","unenjoyable",7,32839434,99.86
"27244","unfermented",7,32839441,99.86
"27245","unfollowed",7,32839448,99.86
"27246","unforced",7,32839455,99.86
"27247","unforgiven",7,32839462,99.86
"27248","ungrounded",7,32839469,99.86
"27249","unheated",7,32839476,99.86
"27250","unhelpfully",7,32839483,99.86
"27251","unlabeled",7,32839490,99.86
"27252","unlearned",7,32839497,99.86
"27253","unlisted",7,32839504,99.86
"27254","unmanifest",7,32839511,99.86
"27255","unmentionable",7,32839518,99.86
"27256","unmerited",7,32839525,99.86
"27257","unmoored",7,32839532,99.86
"27258","unplayable",7,32839539,99.86
"27259","unpopularity",7,32839546,99.86
"27260","unquote",7,32839553,99.86
"27261","unready",7,32839560,99.86
"27262","unrelentingly",7,32839567,99.86
"27263","unrepresentative",7,32839574,99.86
"27264","unreserved",7,32839581,99.86
"27265","unrolled",7,32839588,99.86
"27266","unsee",7,32839595,99.86
"27267","unspectacular",7,32839602,99.86
"27268","unspiritual",7,32839609,99.86
"27269","unsuited",7,32839616,99.86
"27270","unsuspected",7,32839623,99.86
"27271","unswerving",7,32839630,99.86
"27272","untarnished",7,32839637,99.86
"27273","unthinkably",7,32839644,99.86
"27274","untraditional",7,32839651,99.86
"27275","untruthful",7,32839658,99.86
"27276","updo",7,32839665,99.86
"27277","upline",7,32839672,99.86
"27278","upsides",7,32839679,99.86
"27279","upstage",7,32839686,99.86
"27280","upwind",7,32839693,99.86
"27281","urinalysis",7,32839700,99.86
"27282","vacantly",7,32839707,99.86
"27283","vainglorious",7,32839714,99.86
"27284","valence",7,32839721,99.86
"27285","vaporize",7,32839728,99.86
"27286","vasa",7,32839735,99.86
"27287","vaulting",7,32839742,99.86
"27288","ventilating",7,32839749,99.86
"27289","ventricular",7,32839756,99.86
"27290","vestigial",7,32839763,99.86
"27291","vetiver",7,32839770,99.86
"27292","veuve",7,32839777,99.86
"27293","vindicate",7,32839784,99.86
"27294","vindictiveness",7,32839791,99.86
"27295","violator",7,32839798,99.86
"27296","virago",7,32839805,99.86
"27297","visite",7,32839812,99.86
"27298","vizier",7,32839819,99.86
"27299","waddling",7,32839826,99.86
"27300","waggling",7,32839833,99.86
"27301","wali",7,32839840,99.86
"27302","warf",7,32839847,99.86
"27303","waster",7,32839854,99.86
"27304","wattle",7,32839861,99.86
"27305","wayman",7,32839868,99.86
"27306","weatherboard",7,32839875,99.86
"27307","weatherproof",7,32839882,99.86
"27308","weekender",7,32839889,99.86
"27309","weft",7,32839896,99.86
"27310","welk",7,32839903,99.86
"27311","wetted",7,32839910,99.86
"27312","wheely",7,32839917,99.86
"27313","whelp",7,32839924,99.86
"27314","whinberry",7,32839931,99.86
"27315","whippersnapper",7,32839938,99.86
"27316","whithersoever",7,32839945,99.86
"27317","whizzer",7,32839952,99.86
"27318","wholesomeness",7,32839959,99.86
"27319","winder",7,32839966,99.86
"27320","wined",7,32839973,99.86
"27321","wingman",7,32839980,99.86
"27322","witter",7,32839987,99.86
"27323","wolfhound",7,32839994,99.86
"27324","woodbine",7,32840001,99.86
"27325","workmanlike",7,32840008,99.86
"27326","wormed",7,32840015,99.86
"27327","wristed",7,32840022,99.86
"27328","wroth",7,32840029,99.86
"27329","yapp",7,32840036,99.86
"27330","yas",7,32840043,99.86
"27331","yeoman",7,32840050,99.86
"27332","zanella",7,32840057,99.86
"27333","zirconia",7,32840064,99.86
"27334","abasement",6,32840070,99.86
"27335","abattoir",6,32840076,99.86
"27336","abrogate",6,32840082,99.86
"27337","abstemious",6,32840088,99.86
"27338","abysmally",6,32840094,99.86
"27339","acclimation",6,32840100,99.86
"27340","accustom",6,32840106,99.86
"27341","acidification",6,32840112,99.86
"27342","acquiescent",6,32840118,99.86
"27343","acquisitive",6,32840124,99.86
"27344","acquit",6,32840130,99.86
"27345","actioner",6,32840136,99.86
"27346","adjudicator",6,32840142,99.86
"27347","adulteration",6,32840148,99.86
"27348","aerate",6,32840154,99.86
"27349","aho",6,32840160,99.86
"27350","ail",6,32840166,99.86
"27351","aire",6,32840172,99.86
"27352","airlift",6,32840178,99.86
"27353","albus",6,32840184,99.86
"27354","alfa",6,32840190,99.86
"27355","aliveness",6,32840196,99.86
"27356","alkali",6,32840202,99.86
"27357","allegorically",6,32840208,99.86
"27358","alo",6,32840214,99.86
"27359","amani",6,32840220,99.86
"27360","ambergris",6,32840226,99.86
"27361","amontillado",6,32840232,99.86
"27362","amuck",6,32840238,99.86
"27363","analogical",6,32840244,99.86
"27364","angelico",6,32840250,99.86
"27365","anglaise",6,32840256,99.86
"27366","annotation",6,32840262,99.86
"27367","anthropocentric",6,32840268,99.86
"27368","anticancer",6,32840274,99.86
"27369","antipodes",6,32840280,99.86
"27370","aortic",6,32840286,99.86
"27371","aphotic",6,32840292,99.86
"27372","appealingly",6,32840298,99.86
"27373","append",6,32840304,99.86
"27374","appreciably",6,32840310,99.86
"27375","appreciator",6,32840316,99.86
"27376","aqueous",6,32840322,99.86
"27377","archduchess",6,32840328,99.86
"27378","archly",6,32840334,99.86
"27379","argon",6,32840340,99.86
"27380","arista",6,32840346,99.86
"27381","armature",6,32840352,99.86
"27382","arrowed",6,32840358,99.86
"27383","arusha",6,32840364,99.86
"27384","ashman",6,32840370,99.86
"27385","aspartate",6,32840376,99.86
"27386","aspartic",6,32840382,99.86
"27387","astronautics",6,32840388,99.86
"27388","asymptomatic",6,32840394,99.86
"27389","asynchronous",6,32840400,99.86
"27390","atherosclerosis",6,32840406,99.86
"27391","atopic",6,32840412,99.86
"27392","atria",6,32840418,99.86
"27393","atrial",6,32840424,99.86
"27394","attestation",6,32840430,99.86
"27395","attributive",6,32840436,99.86
"27396","augh",6,32840442,99.86
"27397","aureus",6,32840448,99.86
"27398","auric",6,32840454,99.86
"27399","avocation",6,32840460,99.86
"27400","azteca",6,32840466,99.86
"27401","babied",6,32840472,99.86
"27402","backbencher",6,32840478,99.86
"27403","backcourt",6,32840484,99.86
"27404","backfiring",6,32840490,99.86
"27405","backgammon",6,32840496,99.86
"27406","backpedal",6,32840502,99.86
"27407","bagger",6,32840508,99.86
"27408","ballade",6,32840514,99.86
"27409","balustrade",6,32840520,99.86
"27410","bandicoot",6,32840526,99.86
"27411","banditry",6,32840532,99.86
"27412","barilla",6,32840538,99.86
"27413","barolo",6,32840544,99.86
"27414","barony",6,32840550,99.86
"27415","barrenness",6,32840556,99.86
"27416","bataan",6,32840562,99.86
"27417","bateau",6,32840568,99.86
"27418","beachcomber",6,32840574,99.86
"27419","beachhead",6,32840580,99.86
"27420","beader",6,32840586,99.86
"27421","beanbag",6,32840592,99.86
"27422","beatific",6,32840598,99.86
"27423","beeman",6,32840604,99.86
"27424","begum",6,32840610,99.86
"27425","belabor",6,32840616,99.86
"27426","bellflower",6,32840622,99.86
"27427","berri",6,32840628,99.86
"27428","besmirch",6,32840634,99.86
"27429","bewail",6,32840640,99.86
"27430","bigg",6,32840646,99.86
"27431","bighorn",6,32840652,99.86
"27432","billet",6,32840658,99.86
"27433","binning",6,32840664,99.86
"27434","bioscope",6,32840670,99.86
"27435","biotic",6,32840676,99.86
"27436","bismillah",6,32840682,99.86
"27437","blackening",6,32840688,99.86
"27438","blatter",6,32840694,99.86
"27439","bleck",6,32840700,99.86
"27440","blithe",6,32840706,99.86
"27441","blithering",6,32840712,99.86
"27442","blobby",6,32840718,99.86
"27443","bloodstock",6,32840724,99.86
"27444","blowtorch",6,32840730,99.86
"27445","blowup",6,32840736,99.86
"27446","bluntness",6,32840742,99.86
"27447","boatman",6,32840748,99.86
"27448","bobsled",6,32840754,99.86
"27449","bocce",6,32840760,99.86
"27450","boor",6,32840766,99.86
"27451","bootlegger",6,32840772,99.86
"27452","borderless",6,32840778,99.86
"27453","botheration",6,32840784,99.86
"27454","brashness",6,32840790,99.86
"27455","brassiere",6,32840796,99.86
"27456","breathlessness",6,32840802,99.86
"27457","brith",6,32840808,99.86
"27458","bronc",6,32840814,99.86
"27459","brusquely",6,32840820,99.86
"27460","brutalization",6,32840826,99.86
"27461","buckler",6,32840832,99.86
"27462","buckthorn",6,32840838,99.86
"27463","bullfighter",6,32840844,99.86
"27464","bulling",6,32840850,99.86
"27465","bungle",6,32840856,99.86
"27466","bunkhouse",6,32840862,99.86
"27467","bunt",6,32840868,99.86
"27468","burnishing",6,32840874,99.86
"27469","burro",6,32840880,99.86
"27470","bushveld",6,32840886,99.86
"27471","bushwhacking",6,32840892,99.86
"27472","busybody",6,32840898,99.86
"27473","buttle",6,32840904,99.86
"27474","butty",6,32840910,99.86
"27475","calipers",6,32840916,99.86
"27476","canonization",6,32840922,99.86
"27477","cantata",6,32840928,99.86
"27478","capel",6,32840934,99.86
"27479","capon",6,32840940,99.86
"27480","capper",6,32840946,99.86
"27481","caprylic",6,32840952,99.86
"27482","carambola",6,32840958,99.86
"27483","carapace",6,32840964,99.86
"27484","cardiogram",6,32840970,99.86
"27485","careerist",6,32840976,99.86
"27486","castellano",6,32840982,99.86
"27487","catchall",6,32840988,99.86
"27488","cathode",6,32840994,99.86
"27489","catlike",6,32841000,99.86
"27490","cattleman",6,32841006,99.86
"27491","caul",6,32841012,99.86
"27492","causative",6,32841018,99.86
"27493","ceilidh",6,32841024,99.86
"27494","centenarian",6,32841030,99.86
"27495","ceremoniously",6,32841036,99.86
"27496","cerise",6,32841042,99.86
"27497","chairmanship",6,32841048,99.86
"27498","chairwoman",6,32841054,99.86
"27499","chamois",6,32841060,99.86
"27500","chanticleer",6,32841066,99.86
"27501","chaplaincy",6,32841072,99.86
"27502","characterful",6,32841078,99.86
"27503","chateaux",6,32841084,99.86
"27504","chayote",6,32841090,99.86
"27505","cheeriness",6,32841096,99.86
"27506","chelation",6,32841102,99.86
"27507","cherubic",6,32841108,99.86
"27508","chervil",6,32841114,99.86
"27509","chesser",6,32841120,99.86
"27510","chitchat",6,32841126,99.86
"27511","chitin",6,32841132,99.86
"27512","chockablock",6,32841138,99.86
"27513","choreographic",6,32841144,99.86
"27514","chorister",6,32841150,99.86
"27515","chowk",6,32841156,99.86
"27516","churchgoer",6,32841162,99.86
"27517","churchy",6,32841168,99.86
"27518","circularity",6,32841174,99.86
"27519","circumnavigate",6,32841180,99.86
"27520","citrate",6,32841186,99.86
"27521","citronella",6,32841192,99.86
"27522","civilizational",6,32841198,99.86
"27523","clairvoyance",6,32841204,99.86
"27524","clammed",6,32841210,99.86
"27525","clef",6,32841216,99.86
"27526","cliffside",6,32841222,99.86
"27527","climatology",6,32841228,99.86
"27528","clinger",6,32841234,99.86
"27529","clonal",6,32841240,99.86
"27530","clubroom",6,32841246,99.86
"27531","coagulate",6,32841252,99.86
"27532","cochlea",6,32841258,99.86
"27533","cockatoo",6,32841264,99.86
"27534","coeliac",6,32841270,99.86
"27535","coherency",6,32841276,99.86
"27536","coif",6,32841282,99.86
"27537","coiffure",6,32841288,99.86
"27538","coincident",6,32841294,99.86
"27539","coital",6,32841300,99.86
"27540","collation",6,32841306,99.86
"27541","colonic",6,32841312,99.86
"27542","colorant",6,32841318,99.86
"27543","comber",6,32841324,99.86
"27544","combustible",6,32841330,99.86
"27545","comedown",6,32841336,99.86
"27546","companionable",6,32841342,99.86
"27547","conceptualization",6,32841348,99.86
"27548","conduction",6,32841354,99.86
"27549","confirmatory",6,32841360,99.86
"27550","confusingly",6,32841366,99.86
"27551","conjunctivitis",6,32841372,99.86
"27552","connexion",6,32841378,99.86
"27553","constriction",6,32841384,99.86
"27554","contextually",6,32841390,99.86
"27555","contrariness",6,32841396,99.86
"27556","conveyancing",6,32841402,99.86
"27557","corban",6,32841408,99.86
"27558","cordite",6,32841414,99.86
"27559","cordy",6,32841420,99.86
"27560","coruscant",6,32841426,99.86
"27561","cosmist",6,32841432,99.86
"27562","cosmogony",6,32841438,99.86
"27563","costumer",6,32841444,99.86
"27564","councilwoman",6,32841450,99.86
"27565","counterclaim",6,32841456,99.86
"27566","cowlicks",6,32841462,99.86
"27567","cozily",6,32841468,99.86
"27568","crampy",6,32841474,99.86
"27569","crandall",6,32841480,99.86
"27570","crape",6,32841486,99.86
"27571","crewel",6,32841492,99.86
"27572","crewman",6,32841498,99.86
"27573","crisscross",6,32841504,99.86
"27574","croaky",6,32841510,99.86
"27575","croy",6,32841516,99.86
"27576","crudeness",6,32841522,99.86
"27577","crum",6,32841528,99.86
"27578","crustless",6,32841534,99.86
"27579","cryptography",6,32841540,99.86
"27580","cubit",6,32841546,99.86
"27581","cultist",6,32841552,99.86
"27582","cur",6,32841558,99.86
"27583","curtsy",6,32841564,99.86
"27584","dabbler",6,32841570,99.86
"27585","darer",6,32841576,99.86
"27586","dartboard",6,32841582,99.86
"27587","datum",6,32841588,99.86
"27588","dauphin",6,32841594,99.86
"27589","dazzlingly",6,32841600,99.86
"27590","deader",6,32841606,99.86
"27591","deadman",6,32841612,99.86
"27592","debord",6,32841618,99.86
"27593","deceitfulness",6,32841624,99.86
"27594","decomposer",6,32841630,99.86
"27595","deftness",6,32841636,99.86
"27596","deletion",6,32841642,99.86
"27597","deliberateness",6,32841648,99.87
"27598","demy",6,32841654,99.87
"27599","deportment",6,32841660,99.87
"27600","depose",6,32841666,99.87
"27601","derisory",6,32841672,99.87
"27602","desensitize",6,32841678,99.87
"27603","despondently",6,32841684,99.87
"27604","detainment",6,32841690,99.87
"27605","devata",6,32841696,99.87
"27606","diametric",6,32841702,99.87
"27607","dich",6,32841708,99.87
"27608","dicky",6,32841714,99.87
"27609","dimps",6,32841720,99.87
"27610","diploid",6,32841726,99.87
"27611","directorship",6,32841732,99.87
"27612","disbelievingly",6,32841738,99.87
"27613","disconcerted",6,32841744,99.87
"27614","discourteous",6,32841750,99.87
"27615","disdainfully",6,32841756,99.87
"27616","disenfranchise",6,32841762,99.87
"27617","disentangle",6,32841768,99.87
"27618","disfigurement",6,32841774,99.87
"27619","disher",6,32841780,99.87
"27620","dishonestly",6,32841786,99.87
"27621","disjunction",6,32841792,99.87
"27622","dismemberment",6,32841798,99.87
"27623","disparagingly",6,32841804,99.87
"27624","disrobe",6,32841810,99.87
"27625","distractible",6,32841816,99.87
"27626","distractingly",6,32841822,99.87
"27627","dither",6,32841828,99.87
"27628","divan",6,32841834,99.87
"27629","divisible",6,32841840,99.87
"27630","dixit",6,32841846,99.87
"27631","docility",6,32841852,99.87
"27632","doddering",6,32841858,99.87
"27633","doubter",6,32841864,99.87
"27634","doucet",6,32841870,99.87
"27635","downslope",6,32841876,99.87
"27636","downwardly",6,32841882,99.87
"27637","dozy",6,32841888,99.87
"27638","drachma",6,32841894,99.87
"27639","drang",6,32841900,99.87
"27640","dropsy",6,32841906,99.87
"27641","dualistic",6,32841912,99.87
"27642","dudgeon",6,32841918,99.87
"27643","dullard",6,32841924,99.87
"27644","dumbly",6,32841930,99.87
"27645","dup",6,32841936,99.87
"27646","dyad",6,32841942,99.87
"27647","ean",6,32841948,99.87
"27648","earthwork",6,32841954,99.87
"27649","econometric",6,32841960,99.87
"27650","editorially",6,32841966,99.87
"27651","educative",6,32841972,99.87
"27652","egad",6,32841978,99.87
"27653","egomania",6,32841984,99.87
"27654","electorally",6,32841990,99.87
"27655","electrification",6,32841996,99.87
"27656","electrocute",6,32842002,99.87
"27657","ellipse",6,32842008,99.87
"27658","elopement",6,32842014,99.87
"27659","embolden",6,32842020,99.87
"27660","embryology",6,32842026,99.87
"27661","emollient",6,32842032,99.87
"27662","emphysema",6,32842038,99.87
"27663","empiricist",6,32842044,99.87
"27664","emporia",6,32842050,99.87
"27665","empyrean",6,32842056,99.87
"27666","endura",6,32842062,99.87
"27667","ensnare",6,32842068,99.87
"27668","entangling",6,32842074,99.87
"27669","entrench",6,32842080,99.87
"27670","entrenchment",6,32842086,99.87
"27671","enunciate",6,32842092,99.87
"27672","ephod",6,32842098,99.87
"27673","epinephrine",6,32842104,99.87
"27674","episcopacy",6,32842110,99.87
"27675","episiotomy",6,32842116,99.87
"27676","ethnocentrism",6,32842122,99.87
"27677","etymologically",6,32842128,99.87
"27678","eurythmics",6,32842134,99.87
"27679","everlastingly",6,32842140,99.87
"27680","evert",6,32842146,99.87
"27681","exactness",6,32842152,99.87
"27682","excision",6,32842158,99.87
"27683","expeditious",6,32842164,99.87
"27684","expeditiously",6,32842170,99.87
"27685","exploitive",6,32842176,99.87
"27686","extrasensory",6,32842182,99.87
"27687","exult",6,32842188,99.87
"27688","faints",6,32842194,99.87
"27689","falsify",6,32842200,99.87
"27690","fandango",6,32842206,99.87
"27691","fanged",6,32842212,99.87
"27692","farish",6,32842218,99.87
"27693","faro",6,32842224,99.87
"27694","faun",6,32842230,99.87
"27695","feis",6,32842236,99.87
"27696","fennec",6,32842242,99.87
"27697","ferreting",6,32842248,99.87
"27698","fetishistic",6,32842254,99.87
"27699","fetishize",6,32842260,99.87
"27700","feuille",6,32842266,99.87
"27701","filippo",6,32842272,99.87
"27702","filmstrip",6,32842278,99.87
"27703","filo",6,32842284,99.87
"27704","firewater",6,32842290,99.87
"27705","fishmonger",6,32842296,99.87
"27706","flamer",6,32842302,99.87
"27707","flautist",6,32842308,99.87
"27708","fledge",6,32842314,99.87
"27709","fleeced",6,32842320,99.87
"27710","fleury",6,32842326,99.87
"27711","flexor",6,32842332,99.87
"27712","flogger",6,32842338,99.87
"27713","floret",6,32842344,99.87
"27714","footnoted",6,32842350,99.87
"27715","forager",6,32842356,99.87
"27716","forbear",6,32842362,99.87
"27717","forecourt",6,32842368,99.87
"27718","foreignness",6,32842374,99.87
"27719","fou",6,32842380,99.87
"27720","fourfold",6,32842386,99.87
"27721","frae",6,32842392,99.87
"27722","frater",6,32842398,99.87
"27723","frieze",6,32842404,99.87
"27724","frigate",6,32842410,99.87
"27725","fruitlessly",6,32842416,99.87
"27726","furred",6,32842422,99.87
"27727","gainer",6,32842428,99.87
"27728","gangrenous",6,32842434,99.87
"27729","gargle",6,32842440,99.87
"27730","gastroenterologist",6,32842446,99.87
"27731","gebbie",6,32842452,99.87
"27732","genealogist",6,32842458,99.87
"27733","gentility",6,32842464,99.87
"27734","genuflect",6,32842470,99.87
"27735","geodesic",6,32842476,99.87
"27736","geographer",6,32842482,99.87
"27737","giblets",6,32842488,99.87
"27738","gild",6,32842494,99.87
"27739","girder",6,32842500,99.87
"27740","girding",6,32842506,99.87
"27741","glamorize",6,32842512,99.87
"27742","glamorously",6,32842518,99.87
"27743","glandular",6,32842524,99.87
"27744","glazer",6,32842530,99.87
"27745","gleek",6,32842536,99.87
"27746","globular",6,32842542,99.87
"27747","glottal",6,32842548,99.87
"27748","glowering",6,32842554,99.87
"27749","gluck",6,32842560,99.87
"27750","goggled",6,32842566,99.87
"27751","gos",6,32842572,99.87
"27752","gradation",6,32842578,99.87
"27753","gramophone",6,32842584,99.87
"27754","grandness",6,32842590,99.87
"27755","gravitationally",6,32842596,99.87
"27756","greasiness",6,32842602,99.87
"27757","greediness",6,32842608,99.87
"27758","grippy",6,32842614,99.87
"27759","grosso",6,32842620,99.87
"27760","guardrail",6,32842626,99.87
"27761","gumby",6,32842632,99.87
"27762","gummed",6,32842638,99.87
"27763","gurgle",6,32842644,99.87
"27764","guttering",6,32842650,99.87
"27765","halfheartedly",6,32842656,99.87
"27766","handmaid",6,32842662,99.87
"27767","handmaiden",6,32842668,99.87
"27768","hangnail",6,32842674,99.87
"27769","harmonics",6,32842680,99.87
"27770","harridan",6,32842686,99.87
"27771","hathi",6,32842692,99.87
"27772","hatted",6,32842698,99.87
"27773","hawkish",6,32842704,99.87
"27774","hayloft",6,32842710,99.87
"27775","headman",6,32842716,99.87
"27776","healthiness",6,32842722,99.87
"27777","heartiness",6,32842728,99.87
"27778","heatedly",6,32842734,99.87
"27779","hellion",6,32842740,99.87
"27780","helpmate",6,32842746,99.87
"27781","hemera",6,32842752,99.87
"27782","heredity",6,32842758,99.87
"27783","hereinafter",6,32842764,99.87
"27784","hereof",6,32842770,99.87
"27785","heriot",6,32842776,99.87
"27786","hermaphrodite",6,32842782,99.87
"27787","hidebound",6,32842788,99.87
"27788","higdon",6,32842794,99.87
"27789","hirsute",6,32842800,99.87
"27790","hoi",6,32842806,99.87
"27791","hokum",6,32842812,99.87
"27792","holdall",6,32842818,99.87
"27793","homeostasis",6,32842824,99.87
"27794","honeypot",6,32842830,99.87
"27795","hoofed",6,32842836,99.87
"27796","hooliganism",6,32842842,99.87
"27797","hornswoggle",6,32842848,99.87
"27798","hotchpotch",6,32842854,99.87
"27799","hothead",6,32842860,99.87
"27800","houseman",6,32842866,99.87
"27801","hoyle",6,32842872,99.87
"27802","humbler",6,32842878,99.87
"27803","hummel",6,32842884,99.87
"27804","hurler",6,32842890,99.87
"27805","hurly",6,32842896,99.87
"27806","husbandman",6,32842902,99.87
"27807","husker",6,32842908,99.87
"27808","hybridization",6,32842914,99.87
"27809","hydraulically",6,32842920,99.87
"27810","hypersensitivity",6,32842926,99.87
"27811","hyperthyroidism",6,32842932,99.87
"27812","hypochondria",6,32842938,99.87
"27813","hypodermic",6,32842944,99.87
"27814","ibex",6,32842950,99.87
"27815","icehouse",6,32842956,99.87
"27816","idealize",6,32842962,99.87
"27817","illuminator",6,32842968,99.87
"27818","imbroglio",6,32842974,99.87
"27819","immorally",6,32842980,99.87
"27820","immortalize",6,32842986,99.87
"27821","impassive",6,32842992,99.87
"27822","impeach",6,32842998,99.87
"27823","impermanent",6,32843004,99.87
"27824","implausibly",6,32843010,99.87
"27825","impracticable",6,32843016,99.87
"27826","inappropriateness",6,32843022,99.87
"27827","incomprehensibly",6,32843028,99.87
"27828","indecency",6,32843034,99.87
"27829","indecently",6,32843040,99.87
"27830","indefatigable",6,32843046,99.87
"27831","indiscreet",6,32843052,99.87
"27832","indisposed",6,32843058,99.87
"27833","indolence",6,32843064,99.87
"27834","inelegantly",6,32843070,99.87
"27835","inextricable",6,32843076,99.87
"27836","inflaming",6,32843082,99.87
"27837","ingle",6,32843088,99.87
"27838","inglorious",6,32843094,99.87
"27839","ingratiate",6,32843100,99.87
"27840","ingratiating",6,32843106,99.87
"27841","ingratitude",6,32843112,99.87
"27842","inimical",6,32843118,99.87
"27843","initialize",6,32843124,99.87
"27844","injector",6,32843130,99.87
"27845","inkwell",6,32843136,99.87
"27846","inshore",6,32843142,99.87
"27847","institutionalization",6,32843148,99.87
"27848","insubordinate",6,32843154,99.87
"27849","intemperate",6,32843160,99.87
"27850","intercooler",6,32843166,99.87
"27851","interiority",6,32843172,99.87
"27852","internality",6,32843178,99.87
"27853","internalization",6,32843184,99.87
"27854","interregnum",6,32843190,99.87
"27855","interrogator",6,32843196,99.87
"27856","intravenously",6,32843202,99.87
"27857","invertebrate",6,32843208,99.87
"27858","investigatory",6,32843214,99.87
"27859","invitee",6,32843220,99.87
"27860","ionospheric",6,32843226,99.87
"27861","irascible",6,32843232,99.87
"27862","iridescence",6,32843238,99.87
"27863","iridium",6,32843244,99.87
"27864","ironworks",6,32843250,99.87
"27865","irrecoverable",6,32843256,99.87
"27866","irredeemably",6,32843262,99.87
"27867","itemize",6,32843268,99.87
"27868","iterate",6,32843274,99.87
"27869","jammer",6,32843280,99.87
"27870","jara",6,32843286,99.87
"27871","jetsam",6,32843292,99.87
"27872","jicama",6,32843298,99.87
"27873","jingled",6,32843304,99.87
"27874","jitterbug",6,32843310,99.87
"27875","joinery",6,32843316,99.87
"27876","jongleur",6,32843322,99.87
"27877","jubilantly",6,32843328,99.87
"27878","juiciness",6,32843334,99.87
"27879","juring",6,32843340,99.87
"27880","kasher",6,32843346,99.87
"27881","kayaker",6,32843352,99.87
"27882","keelhaul",6,32843358,99.87
"27883","kell",6,32843364,99.87
"27884","keno",6,32843370,99.87
"27885","ketosis",6,32843376,99.87
"27886","khair",6,32843382,99.87
"27887","khatri",6,32843388,99.87
"27888","knapsack",6,32843394,99.87
"27889","knickerbockers",6,32843400,99.87
"27890","knut",6,32843406,99.87
"27891","kobold",6,32843412,99.87
"27892","konstantin",6,32843418,99.87
"27893","koto",6,32843424,99.87
"27894","krypton",6,32843430,99.87
"27895","lacunae",6,32843436,99.87
"27896","lambeau",6,32843442,99.87
"27897","lamely",6,32843448,99.87
"27898","lamentably",6,32843454,99.87
"27899","languorous",6,32843460,99.87
"27900","largess",6,32843466,99.87
"27901","lassitude",6,32843472,99.87
"27902","latrine",6,32843478,99.87
"27903","latticework",6,32843484,99.87
"27904","laudanum",6,32843490,99.87
"27905","laudatory",6,32843496,99.87
"27906","laugher",6,32843502,99.87
"27907","laughingstock",6,32843508,99.87
"27908","laxity",6,32843514,99.87
"27909","layette",6,32843520,99.87
"27910","leck",6,32843526,99.87
"27911","legalese",6,32843532,99.87
"27912","leghorn",6,32843538,99.87
"27913","lethality",6,32843544,99.87
"27914","lethally",6,32843550,99.87
"27915","liker",6,32843556,99.87
"27916","limpet",6,32843562,99.87
"27917","limply",6,32843568,99.87
"27918","linearity",6,32843574,99.87
"27919","literati",6,32843580,99.87
"27920","litigant",6,32843586,99.87
"27921","localize",6,32843592,99.87
"27922","lockable",6,32843598,99.87
"27923","lockbox",6,32843604,99.87
"27924","lockjaw",6,32843610,99.87
"27925","locksmith",6,32843616,99.87
"27926","loke",6,32843622,99.87
"27927","loll",6,32843628,99.87
"27928","longe",6,32843634,99.87
"27929","lorica",6,32843640,99.87
"27930","lubricate",6,32843646,99.87
"27931","luckless",6,32843652,99.87
"27932","lucre",6,32843658,99.87
"27933","luge",6,32843664,99.87
"27934","lum",6,32843670,99.87
"27935","lumberyard",6,32843676,99.87
"27936","luminance",6,32843682,99.87
"27937","luminescence",6,32843688,99.87
"27938","lushly",6,32843694,99.87
"27939","macadam",6,32843700,99.87
"27940","machinist",6,32843706,99.87
"27941","macrocosm",6,32843712,99.87
"27942","mainspring",6,32843718,99.87
"27943","maire",6,32843724,99.87
"27944","malachite",6,32843730,99.87
"27945","malarial",6,32843736,99.87
"27946","maneuverable",6,32843742,99.87
"27947","mannerism",6,32843748,99.87
"27948","maquis",6,32843754,99.87
"27949","marbling",6,32843760,99.87
"27950","marginalia",6,32843766,99.87
"27951","marketeer",6,32843772,99.87
"27952","marksmanship",6,32843778,99.87
"27953","marten",6,32843784,99.87
"27954","matriculation",6,32843790,99.87
"27955","maximization",6,32843796,99.87
"27956","meddler",6,32843802,99.87
"27957","mediumistic",6,32843808,99.87
"27958","mell",6,32843814,99.87
"27959","messer",6,32843820,99.87
"27960","metalworking",6,32843826,99.87
"27961","metaphysically",6,32843832,99.87
"27962","microfilm",6,32843838,99.87
"27963","midrange",6,32843844,99.87
"27964","mids",6,32843850,99.87
"27965","milady",6,32843856,99.87
"27966","milkmaid",6,32843862,99.87
"27967","miscalculation",6,32843868,99.87
"27968","misleadingly",6,32843874,99.87
"27969","misquote",6,32843880,99.87
"27970","misrule",6,32843886,99.87
"27971","misstatement",6,32843892,99.87
"27972","mistral",6,32843898,99.87
"27973","mistry",6,32843904,99.87
"27974","mitre",6,32843910,99.87
"27975","monarchical",6,32843916,99.87
"27976","moneylender",6,32843922,99.87
"27977","monograph",6,32843928,99.87
"27978","monotonic",6,32843934,99.87
"27979","mooing",6,32843940,99.87
"27980","morphological",6,32843946,99.87
"27981","mortise",6,32843952,99.87
"27982","motility",6,32843958,99.87
"27983","motorboat",6,32843964,99.87
"27984","moyle",6,32843970,99.87
"27985","mulligatawny",6,32843976,99.87
"27986","multicolor",6,32843982,99.87
"27987","mun",6,32843988,99.87
"27988","muscling",6,32843994,99.87
"27989","muscovy",6,32844000,99.87
"27990","mushed",6,32844006,99.87
"27991","musket",6,32844012,99.87
"27992","myristic",6,32844018,99.87
"27993","nailhead",6,32844024,99.87
"27994","narrowness",6,32844030,99.87
"27995","narwhal",6,32844036,99.87
"27996","nasally",6,32844042,99.87
"27997","natively",6,32844048,99.87
"27998","navigable",6,32844054,99.87
"27999","nebulae",6,32844060,99.87
"28000","nebulizer",6,32844066,99.87
"28001","neddy",6,32844072,99.87
"28002","needham",6,32844078,99.87
"28003","negligee",6,32844084,99.87
"28004","nematode",6,32844090,99.87
"28005","neuropathy",6,32844096,99.87
"28006","neurotoxin",6,32844102,99.87
"28007","nightwear",6,32844108,99.87
"28008","nippers",6,32844114,99.87
"28009","noblesse",6,32844120,99.87
"28010","nocturne",6,32844126,99.87
"28011","noiseless",6,32844132,99.87
"28012","nonce",6,32844138,99.87
"28013","noncommittal",6,32844144,99.87
"28014","nondenominational",6,32844150,99.87
"28015","noontime",6,32844156,99.87
"28016","notching",6,32844162,99.87
"28017","nougatine",6,32844168,99.87
"28018","nudism",6,32844174,99.87
"28019","oast",6,32844180,99.87
"28020","obnoxiousness",6,32844186,99.87
"28021","obsessional",6,32844192,99.87
"28022","obtrusive",6,32844198,99.87
"28023","octagonal",6,32844204,99.87
"28024","ofttimes",6,32844210,99.87
"28025","ohm",6,32844216,99.87
"28026","ontologically",6,32844222,99.87
"28027","oocyte",6,32844228,99.87
"28028","operant",6,32844234,99.87
"28029","operatively",6,32844240,99.87
"28030","optician",6,32844246,99.87
"28031","optionally",6,32844252,99.87
"28032","orate",6,32844258,99.87
"28033","orchestre",6,32844264,99.87
"28034","orientalism",6,32844270,99.87
"28035","origination",6,32844276,99.87
"28036","ornithologist",6,32844282,99.87
"28037","oscillation",6,32844288,99.87
"28038","oscillator",6,32844294,99.87
"28039","outpace",6,32844300,99.87
"28040","overambitious",6,32844306,99.87
"28041","overeager",6,32844312,99.87
"28042","overfed",6,32844318,99.87
"28043","overground",6,32844324,99.87
"28044","overlocker",6,32844330,99.87
"28045","overpayment",6,32844336,99.87
"28046","overripe",6,32844342,99.87
"28047","overshot",6,32844348,99.87
"28048","overtone",6,32844354,99.87
"28049","overtop",6,32844360,99.87
"28050","ovum",6,32844366,99.87
"28051","oxidant",6,32844372,99.87
"28052","oxidative",6,32844378,99.87
"28053","paleontology",6,32844384,99.87
"28054","pali",6,32844390,99.87
"28055","pantie",6,32844396,99.87
"28056","parquet",6,32844402,99.87
"28057","parsec",6,32844408,99.87
"28058","partaker",6,32844414,99.87
"28059","paulie",6,32844420,99.87
"28060","payee",6,32844426,99.87
"28061","pedant",6,32844432,99.87
"28062","peen",6,32844438,99.87
"28063","pegging",6,32844444,99.87
"28064","pekin",6,32844450,99.87
"28065","pencilled",6,32844456,99.87
"28066","pentatonic",6,32844462,99.87
"28067","peptide",6,32844468,99.87
"28068","perdu",6,32844474,99.87
"28069","perfidy",6,32844480,99.87
"28070","perfumery",6,32844486,99.87
"28071","permafrost",6,32844492,99.87
"28072","permutation",6,32844498,99.87
"28073","perplex",6,32844504,99.87
"28074","perspire",6,32844510,99.87
"28075","pervious",6,32844516,99.87
"28076","pes",6,32844522,99.87
"28077","petulantly",6,32844528,99.87
"28078","phosphide",6,32844534,99.87
"28079","piff",6,32844540,99.87
"28080","pigging",6,32844546,99.87
"28081","pigskin",6,32844552,99.87
"28082","pika",6,32844558,99.87
"28083","pilar",6,32844564,99.87
"28084","pilfering",6,32844570,99.87
"28085","pillbox",6,32844576,99.87
"28086","pilm",6,32844582,99.87
"28087","pimpernel",6,32844588,99.87
"28088","pimply",6,32844594,99.87
"28089","pinang",6,32844600,99.87
"28090","pinked",6,32844606,99.87
"28091","pinker",6,32844612,99.87
"28092","pinkness",6,32844618,99.87
"28093","piteous",6,32844624,99.87
"28094","placidly",6,32844630,99.87
"28095","plainer",6,32844636,99.87
"28096","plaited",6,32844642,99.87
"28097","planking",6,32844648,99.87
"28098","plebiscite",6,32844654,99.87
"28099","pogrom",6,32844660,99.87
"28100","politicize",6,32844666,99.87
"28101","polos",6,32844672,99.87
"28102","polygynous",6,32844678,99.87
"28103","polytheist",6,32844684,99.87
"28104","portmanteau",6,32844690,99.87
"28105","postmistress",6,32844696,99.87
"28106","powwow",6,32844702,99.87
"28107","preceptor",6,32844708,99.87
"28108","preciously",6,32844714,99.87
"28109","precipitously",6,32844720,99.87
"28110","preconception",6,32844726,99.87
"28111","preform",6,32844732,99.87
"28112","premodern",6,32844738,99.87
"28113","preoccupy",6,32844744,99.87
"28114","presupposition",6,32844750,99.87
"28115","preverbal",6,32844756,99.87
"28116","prewar",6,32844762,99.87
"28117","priggish",6,32844768,99.87
"28118","probity",6,32844774,99.87
"28119","problematically",6,32844780,99.87
"28120","professorship",6,32844786,99.87
"28121","profligacy",6,32844792,99.87
"28122","prohibitionist",6,32844798,99.87
"28123","prophetess",6,32844804,99.87
"28124","proscenium",6,32844810,99.87
"28125","prosthesis",6,32844816,99.87
"28126","provident",6,32844822,99.87
"28127","providentially",6,32844828,99.87
"28128","prudently",6,32844834,99.87
"28129","pshaw",6,32844840,99.87
"28130","pterodactyl",6,32844846,99.87
"28131","puce",6,32844852,99.87
"28132","puddled",6,32844858,99.87
"28133","pudu",6,32844864,99.87
"28134","puffer",6,32844870,99.87
"28135","pugnacious",6,32844876,99.87
"28136","pullen",6,32844882,99.87
"28137","punditry",6,32844888,99.87
"28138","pungency",6,32844894,99.87
"28139","puppyhood",6,32844900,99.87
"28140","purposive",6,32844906,99.87
"28141","purry",6,32844912,99.87
"28142","purser",6,32844918,99.87
"28143","pyrite",6,32844924,99.87
"28144","pyro",6,32844930,99.87
"28145","pyroclastic",6,32844936,99.88
"28146","pyrrhic",6,32844942,99.88
"28147","quaintly",6,32844948,99.88
"28148","quarreling",6,32844954,99.88
"28149","quarried",6,32844960,99.88
"28150","quartile",6,32844966,99.88
"28151","quatre",6,32844972,99.88
"28152","quaver",6,32844978,99.88
"28153","quietude",6,32844984,99.88
"28154","quiff",6,32844990,99.88
"28155","rabidly",6,32844996,99.88
"28156","rami",6,32845002,99.88
"28157","rana",6,32845008,99.88
"28158","rancor",6,32845014,99.88
"28159","rapeseed",6,32845020,99.88
"28160","rapturously",6,32845026,99.88
"28161","rata",6,32845032,99.88
"28162","ravenously",6,32845038,99.88
"28163","reactivation",6,32845044,99.88
"28164","reauthorization",6,32845050,99.88
"28165","rebalance",6,32845056,99.88
"28166","rebar",6,32845062,99.88
"28167","recapitulation",6,32845068,99.88
"28168","recasting",6,32845074,99.88
"28169","receptivity",6,32845080,99.88
"28170","recommit",6,32845086,99.88
"28171","reconstitute",6,32845092,99.88
"28172","recordable",6,32845098,99.88
"28173","rectilinear",6,32845104,99.88
"28174","rede",6,32845110,99.88
"28175","referent",6,32845116,99.88
"28176","reforestation",6,32845122,99.88
"28177","regia",6,32845128,99.88
"28178","reincarnate",6,32845134,99.88
"28179","relenting",6,32845140,99.88
"28180","religionist",6,32845146,99.88
"28181","remarque",6,32845152,99.88
"28182","remorseless",6,32845158,99.88
"28183","rennet",6,32845164,99.88
"28184","reorient",6,32845170,99.88
"28185","repercussion",6,32845176,99.88
"28186","repossession",6,32845182,99.88
"28187","resection",6,32845188,99.88
"28188","retest",6,32845194,99.88
"28189","rethread",6,32845200,99.88
"28190","retracement",6,32845206,99.88
"28191","retrenchment",6,32845212,99.88
"28192","retributive",6,32845218,99.88
"28193","reupholster",6,32845224,99.88
"28194","revivalist",6,32845230,99.88
"28195","rheumatic",6,32845236,99.88
"28196","rightmost",6,32845242,99.88
"28197","ringless",6,32845248,99.88
"28198","ripa",6,32845254,99.88
"28199","rocketeer",6,32845260,99.88
"28200","rocketry",6,32845266,99.88
"28201","rootedness",6,32845272,99.88
"28202","roquet",6,32845278,99.88
"28203","rosehill",6,32845284,99.88
"28204","roselle",6,32845290,99.88
"28205","rosin",6,32845296,99.88
"28206","rottenness",6,32845302,99.88
"28207","rumbly",6,32845308,99.88
"28208","runkeeper",6,32845314,99.88
"28209","rupiah",6,32845320,99.88
"28210","sacrum",6,32845326,99.88
"28211","saker",6,32845332,99.88
"28212","salat",6,32845338,99.88
"28213","salta",6,32845344,99.88
"28214","salvific",6,32845350,99.88
"28215","sambo",6,32845356,99.88
"28216","sancho",6,32845362,99.88
"28217","sanitarium",6,32845368,99.88
"28218","sardonically",6,32845374,99.88
"28219","sarra",6,32845380,99.88
"28220","satirist",6,32845386,99.88
"28221","scabby",6,32845392,99.88
"28222","scandalously",6,32845398,99.88
"28223","scannable",6,32845404,99.88
"28224","scatterbrain",6,32845410,99.88
"28225","schoolmaster",6,32845416,99.88
"28226","schoolmate",6,32845422,99.88
"28227","schweizer",6,32845428,99.88
"28228","sciatic",6,32845434,99.88
"28229","scornfully",6,32845440,99.88
"28230","screwy",6,32845446,99.88
"28231","scrounger",6,32845452,99.88
"28232","scrupulously",6,32845458,99.88
"28233","scullery",6,32845464,99.88
"28234","scuttlebutt",6,32845470,99.88
"28235","seaming",6,32845476,99.88
"28236","seamy",6,32845482,99.88
"28237","secondarily",6,32845488,99.88
"28238","sectoral",6,32845494,99.88
"28239","sedimentary",6,32845500,99.88
"28240","seel",6,32845506,99.88
"28241","semicircle",6,32845512,99.88
"28242","senescence",6,32845518,99.88
"28243","sensical",6,32845524,99.88
"28244","septal",6,32845530,99.88
"28245","serialization",6,32845536,99.88
"28246","shafting",6,32845542,99.88
"28247","shaikh",6,32845548,99.88
"28248","shamble",6,32845554,99.88
"28249","shanna",6,32845560,99.88
"28250","shatteringly",6,32845566,99.88
"28251","shaul",6,32845572,99.88
"28252","shearling",6,32845578,99.88
"28253","shininess",6,32845584,99.88
"28254","shirting",6,32845590,99.88
"28255","shish",6,32845596,99.88
"28256","shortcoming",6,32845602,99.88
"28257","shouter",6,32845608,99.88
"28258","shriver",6,32845614,99.88
"28259","shure",6,32845620,99.88
"28260","sibilant",6,32845626,99.88
"28261","sidearm",6,32845632,99.88
"28262","sidle",6,32845638,99.88
"28263","signet",6,32845644,99.88
"28264","silverfish",6,32845650,99.88
"28265","sixtieth",6,32845656,99.88
"28266","skink",6,32845662,99.88
"28267","skintight",6,32845668,99.88
"28268","skirmishing",6,32845674,99.88
"28269","skivvies",6,32845680,99.88
"28270","slanderer",6,32845686,99.88
"28271","slatted",6,32845692,99.88
"28272","slosh",6,32845698,99.88
"28273","sludgy",6,32845704,99.88
"28274","sluggishness",6,32845710,99.88
"28275","smily",6,32845716,99.88
"28276","smithy",6,32845722,99.88
"28277","smoot",6,32845728,99.88
"28278","smudgy",6,32845734,99.88
"28279","snakebite",6,32845740,99.88
"28280","snatcher",6,32845746,99.88
"28281","sneezy",6,32845752,99.88
"28282","sniffly",6,32845758,99.88
"28283","snowcap",6,32845764,99.88
"28284","snubbing",6,32845770,99.88
"28285","solicitude",6,32845776,99.88
"28286","solvable",6,32845782,99.88
"28287","somberly",6,32845788,99.88
"28288","sombrero",6,32845794,99.88
"28289","sonority",6,32845800,99.88
"28290","soothsayer",6,32845806,99.88
"28291","sorrowfully",6,32845812,99.88
"28292","sounder",6,32845818,99.88
"28293","spad",6,32845824,99.88
"28294","spall",6,32845830,99.88
"28295","spectrometer",6,32845836,99.88
"28296","speedster",6,32845842,99.88
"28297","spermatogenesis",6,32845848,99.88
"28298","spiffed",6,32845854,99.88
"28299","spinnaker",6,32845860,99.88
"28300","spitefully",6,32845866,99.88
"28301","spookily",6,32845872,99.88
"28302","springlike",6,32845878,99.88
"28303","sprue",6,32845884,99.88
"28304","squeegee",6,32845890,99.88
"28305","stade",6,32845896,99.88
"28306","stadia",6,32845902,99.88
"28307","standoffish",6,32845908,99.88
"28308","stargazer",6,32845914,99.88
"28309","statistician",6,32845920,99.88
"28310","statuette",6,32845926,99.88
"28311","steadier",6,32845932,99.88
"28312","steeling",6,32845938,99.88
"28313","steelworks",6,32845944,99.88
"28314","steepness",6,32845950,99.88
"28315","stepbrother",6,32845956,99.88
"28316","stillage",6,32845962,99.88
"28317","stockbroker",6,32845968,99.88
"28318","stonecutter",6,32845974,99.88
"28319","stowing",6,32845980,99.88
"28320","straightforwardness",6,32845986,99.88
"28321","streetwise",6,32845992,99.88
"28322","strider",6,32845998,99.88
"28323","strongbox",6,32846004,99.88
"28324","strontium",6,32846010,99.88
"28325","stroud",6,32846016,99.88
"28326","sturdiness",6,32846022,99.88
"28327","subduing",6,32846028,99.88
"28328","submersible",6,32846034,99.88
"28329","subsidence",6,32846040,99.88
"28330","substantively",6,32846046,99.88
"28331","subsurface",6,32846052,99.88
"28332","subsystem",6,32846058,99.88
"28333","subtotal",6,32846064,99.88
"28334","sucrose",6,32846070,99.88
"28335","sudsy",6,32846076,99.88
"28336","sunglass",6,32846082,99.88
"28337","sunless",6,32846088,99.88
"28338","supercool",6,32846094,99.88
"28339","superstate",6,32846100,99.88
"28340","supertramp",6,32846106,99.88
"28341","suppository",6,32846112,99.88
"28342","supramental",6,32846118,99.88
"28343","surmount",6,32846124,99.88
"28344","sware",6,32846130,99.88
"28345","swatter",6,32846136,99.88
"28346","swiftness",6,32846142,99.88
"28347","swisher",6,32846148,99.88
"28348","switchboard",6,32846154,99.88
"28349","swordplay",6,32846160,99.88
"28350","symbology",6,32846166,99.88
"28351","symmetrically",6,32846172,99.88
"28352","synaptic",6,32846178,99.88
"28353","tablespoonful",6,32846184,99.88
"28354","tabulator",6,32846190,99.88
"28355","tackiness",6,32846196,99.88
"28356","tackler",6,32846202,99.88
"28357","tailings",6,32846208,99.88
"28358","tamas",6,32846214,99.88
"28359","tammie",6,32846220,99.88
"28360","tassie",6,32846226,99.88
"28361","tatler",6,32846232,99.88
"28362","tattooist",6,32846238,99.88
"28363","tattva",6,32846244,99.88
"28364","taxidermist",6,32846250,99.88
"28365","taxonomic",6,32846256,99.88
"28366","telekinetic",6,32846262,99.88
"28367","telemetry",6,32846268,99.88
"28368","televisual",6,32846274,99.88
"28369","telfer",6,32846280,99.88
"28370","temptingly",6,32846286,99.88
"28371","tenuously",6,32846292,99.88
"28372","teratology",6,32846298,99.88
"28373","tersely",6,32846304,99.88
"28374","tetchy",6,32846310,99.88
"28375","tetra",6,32846316,99.88
"28376","texturally",6,32846322,99.88
"28377","themis",6,32846328,99.88
"28378","theosophical",6,32846334,99.88
"28379","therapeutically",6,32846340,99.88
"28380","thermonuclear",6,32846346,99.88
"28381","thingness",6,32846352,99.88
"28382","thorax",6,32846358,99.88
"28383","thrasher",6,32846364,99.88
"28384","threateningly",6,32846370,99.88
"28385","threescore",6,32846376,99.88
"28386","thrum",6,32846382,99.88
"28387","tidily",6,32846388,99.88
"28388","tien",6,32846394,99.88
"28389","tig",6,32846400,99.88
"28390","tilth",6,32846406,99.88
"28391","timberland",6,32846412,99.88
"28392","tinting",6,32846418,99.88
"28393","tipper",6,32846424,99.88
"28394","tite",6,32846430,99.88
"28395","titian",6,32846436,99.88
"28396","toa",6,32846442,99.88
"28397","tobacconist",6,32846448,99.88
"28398","toit",6,32846454,99.88
"28399","tol",6,32846460,99.88
"28400","tonally",6,32846466,99.88
"28401","tonnage",6,32846472,99.88
"28402","toodle",6,32846478,99.88
"28403","toothsome",6,32846484,99.88
"28404","topo",6,32846490,99.88
"28405","toru",6,32846496,99.88
"28406","touristic",6,32846502,99.88
"28407","tousle",6,32846508,99.88
"28408","towhee",6,32846514,99.88
"28409","tradable",6,32846520,99.88
"28410","tradesman",6,32846526,99.88
"28411","translucence",6,32846532,99.88
"28412","treadle",6,32846538,99.88
"28413","triglyceride",6,32846544,99.88
"28414","trivialize",6,32846550,99.88
"28415","trolly",6,32846556,99.88
"28416","truncate",6,32846562,99.88
"28417","tubman",6,32846568,99.88
"28418","tuppence",6,32846574,99.88
"28419","tureen",6,32846580,99.88
"28420","turtledove",6,32846586,99.88
"28421","tute",6,32846592,99.88
"28422","twigged",6,32846598,99.88
"28423","twinkles",6,32846604,99.88
"28424","twosome",6,32846610,99.88
"28425","typesetter",6,32846616,99.88
"28426","unaccountably",6,32846622,99.88
"28427","unaddressed",6,32846628,99.88
"28428","unalloyed",6,32846634,99.88
"28429","unanimity",6,32846640,99.88
"28430","unbinding",6,32846646,99.88
"28431","unbowed",6,32846652,99.88
"28432","unbrushed",6,32846658,99.88
"28433","unbuckle",6,32846664,99.88
"28434","unchaste",6,32846670,99.88
"28435","uncoloured",6,32846676,99.88
"28436","uncomfortableness",6,32846682,99.88
"28437","underarm",6,32846688,99.88
"28438","underbody",6,32846694,99.88
"28439","underdone",6,32846700,99.88
"28440","underdressed",6,32846706,99.88
"28441","underemployment",6,32846712,99.88
"28442","underpass",6,32846718,99.88
"28443","undeservedly",6,32846724,99.88
"28444","unengaging",6,32846730,99.88
"28445","unethically",6,32846736,99.88
"28446","unfaltering",6,32846742,99.88
"28447","unfollowing",6,32846748,99.88
"28448","unframed",6,32846754,99.88
"28449","unfriended",6,32846760,99.88
"28450","unhealed",6,32846766,99.88
"28451","unindicted",6,32846772,99.88
"28452","uninjured",6,32846778,99.88
"28453","uninked",6,32846784,99.88
"28454","unlatch",6,32846790,99.88
"28455","unlearning",6,32846796,99.88
"28456","unmask",6,32846802,99.88
"28457","unmedicated",6,32846808,99.88
"28458","unmindful",6,32846814,99.88
"28459","unmissable",6,32846820,99.88
"28460","unmovable",6,32846826,99.88
"28461","unobserved",6,32846832,99.88
"28462","unobtrusively",6,32846838,99.88
"28463","unpasteurized",6,32846844,99.88
"28464","unposed",6,32846850,99.88
"28465","unpromising",6,32846856,99.88
"28466","unprompted",6,32846862,99.88
"28467","unraced",6,32846868,99.88
"28468","unranked",6,32846874,99.88
"28469","unregenerate",6,32846880,99.88
"28470","unremittingly",6,32846886,99.88
"28471","unsearchable",6,32846892,99.88
"28472","unseeing",6,32846898,99.88
"28473","unserved",6,32846904,99.88
"28474","unshaken",6,32846910,99.88
"28475","unsolvable",6,32846916,99.88
"28476","unstated",6,32846922,99.88
"28477","unsteadily",6,32846928,99.88
"28478","unstinting",6,32846934,99.88
"28479","unsubscribing",6,32846940,99.88
"28480","unsupportable",6,32846946,99.88
"28481","untangling",6,32846952,99.88
"28482","untaxed",6,32846958,99.88
"28483","unthinkingly",6,32846964,99.88
"28484","unutterably",6,32846970,99.88
"28485","unworn",6,32846976,99.88
"28486","updraft",6,32846982,99.88
"28487","upend",6,32846988,99.88
"28488","upmost",6,32846994,99.88
"28489","uprightly",6,32847000,99.88
"28490","urethral",6,32847006,99.88
"28491","uric",6,32847012,99.88
"28492","uselessly",6,32847018,99.88
"28493","usurer",6,32847024,99.88
"28494","usurious",6,32847030,99.88
"28495","vali",6,32847036,99.88
"28496","valuer",6,32847042,99.88
"28497","vamped",6,32847048,99.88
"28498","vaporizer",6,32847054,99.88
"28499","vara",6,32847060,99.88
"28500","varicose",6,32847066,99.88
"28501","venator",6,32847072,99.88
"28502","verdigris",6,32847078,99.88
"28503","vicarage",6,32847084,99.88
"28504","victimize",6,32847090,99.88
"28505","vier",6,32847096,99.88
"28506","vigilantism",6,32847102,99.88
"28507","villainess",6,32847108,99.88
"28508","villanelle",6,32847114,99.88
"28509","violative",6,32847120,99.88
"28510","violist",6,32847126,99.88
"28511","viscera",6,32847132,99.88
"28512","volleying",6,32847138,99.88
"28513","wainscoting",6,32847144,99.88
"28514","wakeful",6,32847150,99.88
"28515","walling",6,32847156,99.88
"28516","wap",6,32847162,99.88
"28517","warrantless",6,32847168,99.88
"28518","waterer",6,32847174,99.88
"28519","wateringly",6,32847180,99.88
"28520","wayfaring",6,32847186,99.88
"28521","weal",6,32847192,99.88
"28522","wearied",6,32847198,99.88
"28523","webby",6,32847204,99.88
"28524","whiteside",6,32847210,99.88
"28525","whitten",6,32847216,99.88
"28526","wickless",6,32847222,99.88
"28527","widowhood",6,32847228,99.88
"28528","willer",6,32847234,99.88
"28529","windbag",6,32847240,99.88
"28530","wingless",6,32847246,99.88
"28531","wintergreen",6,32847252,99.88
"28532","withe",6,32847258,99.88
"28533","wobbler",6,32847264,99.88
"28534","womankind",6,32847270,99.88
"28535","woodcock",6,32847276,99.88
"28536","woodside",6,32847282,99.88
"28537","woodworker",6,32847288,99.88
"28538","woolman",6,32847294,99.88
"28539","workpiece",6,32847300,99.88
"28540","wretchedly",6,32847306,99.88
"28541","wyle",6,32847312,99.88
"28542","xenon",6,32847318,99.88
"28543","yellowfin",6,32847324,99.88
"28544","zealotry",6,32847330,99.88
"28545","zoological",6,32847336,99.88
"28546","abeyance",5,32847341,99.88
"28547","abjure",5,32847346,99.88
"28548","aboveboard",5,32847351,99.88
"28549","absoluteness",5,32847356,99.88
"28550","abstainer",5,32847361,99.88
"28551","abyssal",5,32847366,99.88
"28552","academe",5,32847371,99.88
"28553","acca",5,32847376,99.88
"28554","acclamation",5,32847381,99.88
"28555","accouchement",5,32847386,99.88
"28556","accumulator",5,32847391,99.88
"28557","actin",5,32847396,99.88
"28558","actuator",5,32847401,99.88
"28559","acupressure",5,32847406,99.88
"28560","adamantine",5,32847411,99.88
"28561","admissibility",5,32847416,99.88
"28562","adoptable",5,32847421,99.88
"28563","adroitly",5,32847426,99.88
"28564","advantageously",5,32847431,99.88
"28565","advisement",5,32847436,99.88
"28566","aesthete",5,32847441,99.88
"28567","aftereffect",5,32847446,99.88
"28568","afterhours",5,32847451,99.88
"28569","agarwal",5,32847456,99.88
"28570","agriculturalist",5,32847461,99.88
"28571","ahsan",5,32847466,99.88
"28572","aimlessness",5,32847471,99.88
"28573","airedale",5,32847476,99.88
"28574","airmail",5,32847481,99.88
"28575","alarmism",5,32847486,99.88
"28576","albedo",5,32847491,99.88
"28577","albumin",5,32847496,99.88
"28578","alienor",5,32847501,99.88
"28579","almondy",5,32847506,99.88
"28580","alphabetic",5,32847511,99.88
"28581","altarpiece",5,32847516,99.88
"28582","amaranthine",5,32847521,99.88
"28583","ameen",5,32847526,99.88
"28584","amortization",5,32847531,99.88
"28585","ampere",5,32847536,99.88
"28586","anaemic",5,32847541,99.88
"28587","anam",5,32847546,99.88
"28588","anesthesiology",5,32847551,99.88
"28589","anesthetist",5,32847556,99.88
"28590","angeline",5,32847561,99.88
"28591","animistic",5,32847566,99.88
"28592","anklet",5,32847571,99.88
"28593","antacid",5,32847576,99.88
"28594","anthropomorphism",5,32847581,99.88
"28595","applejack",5,32847586,99.88
"28596","apportion",5,32847591,99.88
"28597","appraiser",5,32847596,99.88
"28598","approbation",5,32847601,99.88
"28599","aquiline",5,32847606,99.88
"28600","arabesque",5,32847611,99.88
"28601","arachidonic",5,32847616,99.88
"28602","arbitrator",5,32847621,99.88
"28603","archon",5,32847626,99.88
"28604","argot",5,32847631,99.88
"28605","articulately",5,32847636,99.88
"28606","artless",5,32847641,99.88
"28607","ascendance",5,32847646,99.88
"28608","ascorbic",5,32847651,99.88
"28609","asocial",5,32847656,99.88
"28610","assertively",5,32847661,99.88
"28611","associative",5,32847666,99.88
"28612","astigmatism",5,32847671,99.88
"28613","astrophysical",5,32847676,99.88
"28614","atchison",5,32847681,99.88
"28615","athenaeum",5,32847686,99.88
"28616","athirst",5,32847691,99.88
"28617","attitudinal",5,32847696,99.88
"28618","avowedly",5,32847701,99.88
"28619","azimuth",5,32847706,99.88
"28620","babby",5,32847711,99.88
"28621","babushka",5,32847716,99.88
"28622","baccalaureate",5,32847721,99.88
"28623","backspace",5,32847726,99.88
"28624","backstitch",5,32847731,99.88
"28625","backstop",5,32847736,99.88
"28626","backstrap",5,32847741,99.88
"28627","backstretch",5,32847746,99.88
"28628","backwash",5,32847751,99.88
"28629","bagful",5,32847756,99.88
"28630","bahar",5,32847761,99.88
"28631","bakelite",5,32847766,99.88
"28632","bakeshop",5,32847771,99.88
"28633","bakula",5,32847776,99.88
"28634","balderdash",5,32847781,99.88
"28635","balladeer",5,32847786,99.88
"28636","balloting",5,32847791,99.88
"28637","baloo",5,32847796,99.88
"28638","bambino",5,32847801,99.88
"28639","banco",5,32847806,99.88
"28640","bandar",5,32847811,99.88
"28641","bandersnatch",5,32847816,99.88
"28642","bardo",5,32847821,99.88
"28643","barm",5,32847826,99.88
"28644","barnstorming",5,32847831,99.88
"28645","barrette",5,32847836,99.88
"28646","bastardization",5,32847841,99.88
"28647","bate",5,32847846,99.88
"28648","battler",5,32847851,99.88
"28649","batwing",5,32847856,99.88
"28650","beaky",5,32847861,99.88
"28651","beamish",5,32847866,99.88
"28652","becket",5,32847871,99.88
"28653","beggarly",5,32847876,99.88
"28654","beldam",5,32847881,99.88
"28655","bellboy",5,32847886,99.88
"28656","belter",5,32847891,99.88
"28657","beni",5,32847896,99.88
"28658","benjy",5,32847901,99.88
"28659","benzoin",5,32847906,99.88
"28660","ber",5,32847911,99.88
"28661","bespoken",5,32847916,99.88
"28662","bhang",5,32847921,99.88
"28663","bicameral",5,32847926,99.88
"28664","bidet",5,32847931,99.88
"28665","bifurcated",5,32847936,99.88
"28666","bigamy",5,32847941,99.88
"28667","biome",5,32847946,99.88
"28668","biomechanics",5,32847951,99.88
"28669","birdland",5,32847956,99.88
"28670","bismuth",5,32847961,99.88
"28671","blanking",5,32847966,99.88
"28672","blase",5,32847971,99.88
"28673","blasphemer",5,32847976,99.88
"28674","bleakly",5,32847981,99.88
"28675","blinder",5,32847986,99.88
"28676","bloodcurdling",5,32847991,99.88
"28677","bloodsucker",5,32847996,99.88
"28678","blotto",5,32848001,99.88
"28679","boke",5,32848006,99.88
"28680","bollard",5,32848011,99.88
"28681","bonbon",5,32848016,99.88
"28682","bonito",5,32848021,99.88
"28683","boof",5,32848026,99.88
"28684","booklover",5,32848031,99.88
"28685","bookplate",5,32848036,99.88
"28686","bootstrap",5,32848041,99.88
"28687","boozed",5,32848046,99.88
"28688","borage",5,32848051,99.88
"28689","borer",5,32848056,99.88
"28690","boringly",5,32848061,99.88
"28691","bourse",5,32848066,99.88
"28692","breastbone",5,32848071,99.88
"28693","breezily",5,32848076,99.88
"28694","brei",5,32848081,99.88
"28695","brin",5,32848086,99.88
"28696","bristlecone",5,32848091,99.88
"28697","broadcloth",5,32848096,99.88
"28698","bromide",5,32848101,99.88
"28699","bronchial",5,32848106,99.88
"28700","broo",5,32848111,99.88
"28701","brookie",5,32848116,99.88
"28702","brushy",5,32848121,99.88
"28703","bucketful",5,32848126,99.88
"28704","bucketing",5,32848131,99.88
"28705","bucko",5,32848136,99.88
"28706","buckshot",5,32848141,99.88
"28707","buffoonish",5,32848146,99.88
"28708","bulked",5,32848151,99.88
"28709","buller",5,32848156,99.88
"28710","bulleted",5,32848161,99.88
"28711","bund",5,32848166,99.88
"28712","bungy",5,32848171,99.88
"28713","burgh",5,32848176,99.88
"28714","bursa",5,32848181,99.88
"28715","bursary",5,32848186,99.88
"28716","cacique",5,32848191,99.88
"28717","cack",5,32848196,99.88
"28718","calamine",5,32848201,99.88
"28719","camara",5,32848206,99.88
"28720","cancelation",5,32848211,99.88
"28721","cardin",5,32848216,99.88
"28722","careen",5,32848221,99.88
"28723","carnally",5,32848226,99.89
"28724","carom",5,32848231,99.89
"28725","carpetbagger",5,32848236,99.89
"28726","carping",5,32848241,99.89
"28727","carrow",5,32848246,99.89
"28728","cartographer",5,32848251,99.89
"28729","cartography",5,32848256,99.89
"28730","casualness",5,32848261,99.89
"28731","catbird",5,32848266,99.89
"28732","catechesis",5,32848271,99.89
"28733","cattail",5,32848276,99.89
"28734","cavort",5,32848281,99.89
"28735","caw",5,32848286,99.89
"28736","celestine",5,32848291,99.89
"28737","centrum",5,32848296,99.89
"28738","ceremonious",5,32848301,99.89
"28739","chaffinch",5,32848306,99.89
"28740","chancellorship",5,32848311,99.89
"28741","chantry",5,32848316,99.89
"28742","chapeau",5,32848321,99.89
"28743","charmless",5,32848326,99.89
"28744","charnel",5,32848331,99.89
"28745","chary",5,32848336,99.89
"28746","cheval",5,32848341,99.89
"28747","chicky",5,32848346,99.89
"28748","chiding",5,32848351,99.89
"28749","chignon",5,32848356,99.89
"28750","chimeric",5,32848361,99.89
"28751","cicada",5,32848366,99.89
"28752","circumnavigation",5,32848371,99.89
"28753","cirrhosis",5,32848376,99.89
"28754","civilly",5,32848381,99.89
"28755","clarifier",5,32848386,99.89
"28756","claro",5,32848391,99.89
"28757","clavicle",5,32848396,99.89
"28758","cleanness",5,32848401,99.89
"28759","clearness",5,32848406,99.89
"28760","cleaving",5,32848411,99.89
"28761","clerkship",5,32848416,99.89
"28762","clinker",5,32848421,99.89
"28763","cloture",5,32848426,99.89
"28764","cloudburst",5,32848431,99.89
"28765","clubber",5,32848436,99.89
"28766","coati",5,32848441,99.89
"28767","coatless",5,32848446,99.89
"28768","cobbling",5,32848451,99.89
"28769","cocksure",5,32848456,99.89
"28770","coder",5,32848461,99.89
"28771","codification",5,32848466,99.89
"28772","codpiece",5,32848471,99.89
"28773","coffeecake",5,32848476,99.89
"28774","cogently",5,32848481,99.89
"28775","cognate",5,32848486,99.89
"28776","coho",5,32848491,99.89
"28777","coiling",5,32848496,99.89
"28778","coir",5,32848501,99.89
"28779","collegial",5,32848506,99.89
"28780","collude",5,32848511,99.89
"28781","colorman",5,32848516,99.89
"28782","commendably",5,32848521,99.89
"28783","commissariat",5,32848526,99.89
"28784","communitarian",5,32848531,99.89
"28785","compactor",5,32848536,99.89
"28786","compensable",5,32848541,99.89
"28787","complacently",5,32848546,99.89
"28788","conciliation",5,32848551,99.89
"28789","concupiscence",5,32848556,99.89
"28790","conflux",5,32848561,99.89
"28791","confraternity",5,32848566,99.89
"28792","conjointly",5,32848571,99.89
"28793","conjunct",5,32848576,99.89
"28794","conjurer",5,32848581,99.89
"28795","conk",5,32848586,99.89
"28796","conniption",5,32848591,99.89
"28797","consanguineous",5,32848596,99.89
"28798","conspiratorially",5,32848601,99.89
"28799","constrictive",5,32848606,99.89
"28800","consubstantial",5,32848611,99.89
"28801","contaminant",5,32848616,99.89
"28802","contortion",5,32848621,99.89
"28803","contrasty",5,32848626,99.89
"28804","conurbation",5,32848631,99.89
"28805","conventicle",5,32848636,99.89
"28806","conveyer",5,32848641,99.89
"28807","conviviality",5,32848646,99.89
"28808","convulsion",5,32848651,99.89
"28809","copping",5,32848656,99.89
"28810","corking",5,32848661,99.89
"28811","correlative",5,32848666,99.89
"28812","corsair",5,32848671,99.89
"28813","corsetry",5,32848676,99.89
"28814","cortege",5,32848681,99.89
"28815","cosmologist",5,32848686,99.89
"28816","cotillion",5,32848691,99.89
"28817","cottontail",5,32848696,99.89
"28818","cottony",5,32848701,99.89
"28819","couching",5,32848706,99.89
"28820","coulee",5,32848711,99.89
"28821","counterclockwise",5,32848716,99.89
"28822","counterman",5,32848721,99.89
"28823","counterrevolution",5,32848726,99.89
"28824","courteously",5,32848731,99.89
"28825","cowherd",5,32848736,99.89
"28826","crabbing",5,32848741,99.89
"28827","cratered",5,32848746,99.89
"28828","crea",5,32848751,99.89
"28829","creaturely",5,32848756,99.89
"28830","creekside",5,32848761,99.89
"28831","cribbage",5,32848766,99.89
"28832","crimper",5,32848771,99.89
"28833","crimping",5,32848776,99.89
"28834","cripes",5,32848781,99.89
"28835","crookedness",5,32848786,99.89
"28836","crotchet",5,32848791,99.89
"28837","croute",5,32848796,99.89
"28838","crunk",5,32848801,99.89
"28839","crushingly",5,32848806,99.89
"28840","crustacean",5,32848811,99.89
"28841","cubbyhole",5,32848816,99.89
"28842","culottes",5,32848821,99.89
"28843","cultish",5,32848826,99.89
"28844","cultivar",5,32848831,99.89
"28845","cumulatively",5,32848836,99.89
"28846","cupbearer",5,32848841,99.89
"28847","cuttle",5,32848846,99.89
"28848","cyclamen",5,32848851,99.89
"28849","cystitis",5,32848856,99.89
"28850","dagga",5,32848861,99.89
"28851","daguerreotype",5,32848866,99.89
"28852","dargah",5,32848871,99.89
"28853","dater",5,32848876,99.89
"28854","daube",5,32848881,99.89
"28855","dawny",5,32848886,99.89
"28856","deaden",5,32848891,99.89
"28857","deadness",5,32848896,99.89
"28858","deafeningly",5,32848901,99.89
"28859","deary",5,32848906,99.89
"28860","debutant",5,32848911,99.89
"28861","decant",5,32848916,99.89
"28862","decedent",5,32848921,99.89
"28863","deceivingly",5,32848926,99.89
"28864","declination",5,32848931,99.89
"28865","decoratively",5,32848936,99.89
"28866","decrepitude",5,32848941,99.89
"28867","deepness",5,32848946,99.89
"28868","deface",5,32848951,99.89
"28869","deferment",5,32848956,99.89
"28870","defiling",5,32848961,99.89
"28871","definer",5,32848966,99.89
"28872","dehumanize",5,32848971,99.89
"28873","dejection",5,32848976,99.89
"28874","delectably",5,32848981,99.89
"28875","deltoid",5,32848986,99.89
"28876","dendrochronology",5,32848991,99.89
"28877","deplorably",5,32848996,99.89
"28878","depreciate",5,32849001,99.89
"28879","describable",5,32849006,99.89
"28880","destructor",5,32849011,99.89
"28881","determinist",5,32849016,99.89
"28882","deviousness",5,32849021,99.89
"28883","diabolic",5,32849026,99.89
"28884","diabolically",5,32849031,99.89
"28885","diatonic",5,32849036,99.89
"28886","dib",5,32849041,99.89
"28887","diode",5,32849046,99.89
"28888","dipole",5,32849051,99.89
"28889","directionally",5,32849056,99.89
"28890","disassociate",5,32849061,99.89
"28891","disassociation",5,32849066,99.89
"28892","discontinuous",5,32849071,99.89
"28893","discoverability",5,32849076,99.89
"28894","discriminative",5,32849081,99.89
"28895","disgracefully",5,32849086,99.89
"28896","disillusion",5,32849091,99.89
"28897","dismember",5,32849096,99.89
"28898","dispositive",5,32849101,99.89
"28899","disrespectfully",5,32849106,99.89
"28900","dissenter",5,32849111,99.89
"28901","distantly",5,32849116,99.89
"28902","distressingly",5,32849121,99.89
"28903","distributive",5,32849126,99.89
"28904","divining",5,32849131,99.89
"28905","dockside",5,32849136,99.89
"28906","doest",5,32849141,99.89
"28907","domesticate",5,32849146,99.89
"28908","dop",5,32849151,99.89
"28909","dorsal",5,32849156,99.89
"28910","dotage",5,32849161,99.89
"28911","dovetailed",5,32849166,99.89
"28912","dower",5,32849171,99.89
"28913","dratted",5,32849176,99.89
"28914","dressmaker",5,32849181,99.89
"28915","druidry",5,32849186,99.89
"28916","drumline",5,32849191,99.89
"28917","dryad",5,32849196,99.89
"28918","dualist",5,32849201,99.89
"28919","duelist",5,32849206,99.89
"28920","dukedom",5,32849211,99.89
"28921","dulcimer",5,32849216,99.89
"28922","dunal",5,32849221,99.89
"28923","dunstable",5,32849226,99.89
"28924","durbar",5,32849231,99.89
"28925","dystrophy",5,32849236,99.89
"28926","eaglet",5,32849241,99.89
"28927","earphone",5,32849246,99.89
"28928","easiness",5,32849251,99.89
"28929","eave",5,32849256,99.89
"28930","eclectically",5,32849261,99.89
"28931","eczematous",5,32849266,99.89
"28932","editorship",5,32849271,99.89
"28933","effrontery",5,32849276,99.89
"28934","elance",5,32849281,99.89
"28935","elongate",5,32849286,99.89
"28936","elongation",5,32849291,99.89
"28937","elucidation",5,32849296,99.89
"28938","elusiveness",5,32849301,99.89
"28939","embraceable",5,32849306,99.89
"28940","emitter",5,32849311,99.89
"28941","enfold",5,32849316,99.89
"28942","engraver",5,32849321,99.89
"28943","eniac",5,32849326,99.89
"28944","enlight",5,32849331,99.89
"28945","ennobling",5,32849336,99.89
"28946","enshrine",5,32849341,99.89
"28947","entrap",5,32849346,99.89
"28948","entwine",5,32849351,99.89
"28949","enviously",5,32849356,99.89
"28950","ephedrine",5,32849361,99.89
"28951","epsilon",5,32849366,99.89
"28952","erg",5,32849371,99.89
"28953","ergon",5,32849376,99.89
"28954","erogenous",5,32849381,99.89
"28955","eruptive",5,32849386,99.89
"28956","estadio",5,32849391,99.89
"28957","estimable",5,32849396,99.89
"28958","ethnocentric",5,32849401,99.89
"28959","ethnological",5,32849406,99.89
"28960","eulogia",5,32849411,99.89
"28961","evangel",5,32849416,99.89
"28962","evenhanded",5,32849421,99.89
"28963","evince",5,32849426,99.89
"28964","evisceration",5,32849431,99.89
"28965","excelsior",5,32849436,99.89
"28966","executable",5,32849441,99.89
"28967","exemplarism",5,32849446,99.89
"28968","exhibitor",5,32849451,99.89
"28969","exhume",5,32849456,99.89
"28970","exigent",5,32849461,99.89
"28971","existentially",5,32849466,99.89
"28972","exogenous",5,32849471,99.89
"28973","expander",5,32849476,99.89
"28974","explorative",5,32849481,99.89
"28975","expropriate",5,32849486,99.89
"28976","extern",5,32849491,99.89
"28977","extravert",5,32849496,99.89
"28978","extroversion",5,32849501,99.89
"28979","eyepiece",5,32849506,99.89
"28980","fabricator",5,32849511,99.89
"28981","faceplate",5,32849516,99.89
"28982","facetiously",5,32849521,99.89
"28983","factorization",5,32849526,99.89
"28984","falutin",5,32849531,99.89
"28985","familiarly",5,32849536,99.89
"28986","fash",5,32849541,99.89
"28987","fatness",5,32849546,99.89
"28988","faultlessly",5,32849551,99.89
"28989","fearsomely",5,32849556,99.89
"28990","feeler",5,32849561,99.89
"28991","feldspar",5,32849566,99.89
"28992","felter",5,32849571,99.89
"28993","feminization",5,32849576,99.89
"28994","fencer",5,32849581,99.89
"28995","fermentor",5,32849586,99.89
"28996","festiveness",5,32849591,99.89
"28997","fibrillation",5,32849596,99.89
"28998","fingerling",5,32849601,99.89
"28999","finial",5,32849606,99.89
"29000","fireproof",5,32849611,99.89
"29001","fishbone",5,32849616,99.89
"29002","fitters",5,32849621,99.89
"29003","flatting",5,32849626,99.89
"29004","flavin",5,32849631,99.89
"29005","fluoridation",5,32849636,99.89
"29006","fogginess",5,32849641,99.89
"29007","foody",5,32849646,99.89
"29008","footings",5,32849651,99.89
"29009","foots",5,32849656,99.89
"29010","footstep",5,32849661,99.89
"29011","foppish",5,32849666,99.89
"29012","forenoon",5,32849671,99.89
"29013","foreshore",5,32849676,99.89
"29014","forfeits",5,32849681,99.89
"29015","fortescue",5,32849686,99.89
"29016","forthrightness",5,32849691,99.89
"29017","foulness",5,32849696,99.89
"29018","foundling",5,32849701,99.89
"29019","fourpence",5,32849706,99.89
"29020","foxglove",5,32849711,99.89
"29021","foy",5,32849716,99.89
"29022","frameless",5,32849721,99.89
"29023","freehanded",5,32849726,99.89
"29024","fretful",5,32849731,99.89
"29025","frictionless",5,32849736,99.89
"29026","frippery",5,32849741,99.89
"29027","frist",5,32849746,99.89
"29028","frowny",5,32849751,99.89
"29029","fruitive",5,32849756,99.89
"29030","frump",5,32849761,99.89
"29031","functionalism",5,32849766,99.89
"29032","furrier",5,32849771,99.89
"29033","gabardine",5,32849776,99.89
"29034","gabble",5,32849781,99.89
"29035","gali",5,32849786,99.89
"29036","gallivant",5,32849791,99.89
"29037","gammy",5,32849796,99.89
"29038","gantry",5,32849801,99.89
"29039","garrulous",5,32849806,99.89
"29040","gaskins",5,32849811,99.89
"29041","gastritis",5,32849816,99.89
"29042","geld",5,32849821,99.89
"29043","gena",5,32849826,99.89
"29044","gens",5,32849831,99.89
"29045","gentlewoman",5,32849836,99.89
"29046","geologically",5,32849841,99.89
"29047","geophagy",5,32849846,99.89
"29048","gether",5,32849851,99.89
"29049","gibber",5,32849856,99.89
"29050","gibbet",5,32849861,99.89
"29051","ginkgo",5,32849866,99.89
"29052","girliness",5,32849871,99.89
"29053","giro",5,32849876,99.89
"29054","glans",5,32849881,99.89
"29055","glebe",5,32849886,99.89
"29056","glorying",5,32849891,99.89
"29057","glowingly",5,32849896,99.89
"29058","glycogen",5,32849901,99.89
"29059","glycolic",5,32849906,99.89
"29060","gnocchetti",5,32849911,99.89
"29061","goldish",5,32849916,99.89
"29062","goring",5,32849921,99.89
"29063","governorship",5,32849926,99.89
"29064","grammarian",5,32849931,99.89
"29065","gramme",5,32849936,99.89
"29066","gravedigger",5,32849941,99.89
"29067","graven",5,32849946,99.89
"29068","grayness",5,32849951,99.89
"29069","greaser",5,32849956,99.89
"29070","greaves",5,32849961,99.89
"29071","greenback",5,32849966,99.89
"29072","griff",5,32849971,99.89
"29073","groomsman",5,32849976,99.89
"29074","guaranty",5,32849981,99.89
"29075","guidon",5,32849986,99.89
"29076","gunter",5,32849991,99.89
"29077","gutless",5,32849996,99.89
"29078","hacky",5,32850001,99.89
"29079","hadden",5,32850006,99.89
"29080","halberd",5,32850011,99.89
"29081","handclap",5,32850016,99.89
"29082","harangue",5,32850021,99.89
"29083","hardanger",5,32850026,99.89
"29084","hashish",5,32850031,99.89
"29085","hatefully",5,32850036,99.89
"29086","haunch",5,32850041,99.89
"29087","hayfield",5,32850046,99.89
"29088","headwear",5,32850051,99.89
"29089","hele",5,32850056,99.89
"29090","hellebore",5,32850061,99.89
"29091","helmeted",5,32850066,99.89
"29092","helpmeet",5,32850071,99.89
"29093","hematologist",5,32850076,99.89
"29094","heparin",5,32850081,99.89
"29095","hesitance",5,32850086,99.89
"29096","heterodox",5,32850091,99.89
"29097","hiddenness",5,32850096,99.89
"29098","hilariousness",5,32850101,99.89
"29099","hiller",5,32850106,99.89
"29100","hircine",5,32850111,99.89
"29101","hoar",5,32850116,99.89
"29102","hogged",5,32850121,99.89
"29103","hogshead",5,32850126,99.89
"29104","holdup",5,32850131,99.89
"29105","homebound",5,32850136,99.89
"29106","homogenic",5,32850141,99.89
"29107","homogenization",5,32850146,99.89
"29108","hondo",5,32850151,99.89
"29109","hookworm",5,32850156,99.89
"29110","hoople",5,32850161,99.89
"29111","hornbill",5,32850166,99.89
"29112","hornblower",5,32850171,99.89
"29113","horsetail",5,32850176,99.89
"29114","hotheaded",5,32850181,99.89
"29115","houser",5,32850186,99.89
"29116","howbeit",5,32850191,99.89
"29117","huia",5,32850196,99.89
"29118","humerus",5,32850201,99.89
"29119","hyaluronic",5,32850206,99.89
"29120","hypertensive",5,32850211,99.89
"29121","iconographic",5,32850216,99.89
"29122","idiopathic",5,32850221,99.89
"29123","idiosyncrasy",5,32850226,99.89
"29124","idiotically",5,32850231,99.89
"29125","illegitimacy",5,32850236,99.89
"29126","imbed",5,32850241,99.89
"29127","imitative",5,32850246,99.89
"29128","immobilize",5,32850251,99.89
"29129","immolate",5,32850256,99.89
"29130","immunological",5,32850261,99.89
"29131","impasto",5,32850266,99.89
"29132","implausibility",5,32850271,99.89
"29133","impound",5,32850276,99.89
"29134","impracticality",5,32850281,99.89
"29135","impudent",5,32850286,99.89
"29136","impulsiveness",5,32850291,99.89
"29137","impy",5,32850296,99.89
"29138","inarguable",5,32850301,99.89
"29139","inboard",5,32850306,99.89
"29140","incapability",5,32850311,99.89
"29141","incapacitate",5,32850316,99.89
"29142","incapacitation",5,32850321,99.89
"29143","incinerate",5,32850326,99.89
"29144","incivility",5,32850331,99.89
"29145","incomparably",5,32850336,99.89
"29146","incompetently",5,32850341,99.89
"29147","inconceivably",5,32850346,99.89
"29148","inconsiderable",5,32850351,99.89
"29149","inconsistently",5,32850356,99.89
"29150","inconspicuously",5,32850361,99.89
"29151","incubate",5,32850366,99.89
"29152","indecisiveness",5,32850371,99.89
"29153","indemnification",5,32850376,99.89
"29154","indenture",5,32850381,99.89
"29155","indite",5,32850386,99.89
"29156","individualize",5,32850391,99.89
"29157","indubitably",5,32850396,99.89
"29158","ineptness",5,32850401,99.89
"29159","inertance",5,32850406,99.89
"29160","inexpertly",5,32850411,99.89
"29161","infantryman",5,32850416,99.89
"29162","infectiously",5,32850421,99.89
"29163","informality",5,32850426,99.89
"29164","inmost",5,32850431,99.89
"29165","innocuously",5,32850436,99.89
"29166","insatiably",5,32850441,99.89
"29167","instep",5,32850446,99.89
"29168","insufferably",5,32850451,99.89
"29169","insurgence",5,32850456,99.89
"29170","interactionist",5,32850461,99.89
"29171","internals",5,32850466,99.89
"29172","introspect",5,32850471,99.89
"29173","inviolable",5,32850476,99.89
"29174","invulnerability",5,32850481,99.89
"29175","iodide",5,32850486,99.89
"29176","irrefutably",5,32850491,99.89
"29177","irreverently",5,32850496,99.89
"29178","irrigate",5,32850501,99.89
"29179","ischemic",5,32850506,99.89
"29180","isometric",5,32850511,99.89
"29181","jackknife",5,32850516,99.89
"29182","jadeite",5,32850521,99.89
"29183","jaggedly",5,32850526,99.89
"29184","jarringly",5,32850531,99.89
"29185","jerez",5,32850536,99.89
"29186","jinja",5,32850541,99.89
"29187","jinny",5,32850546,99.89
"29188","jitter",5,32850551,99.89
"29189","jocularity",5,32850556,99.89
"29190","jovially",5,32850561,99.89
"29191","juridical",5,32850566,99.89
"29192","juristic",5,32850571,99.89
"29193","kahuna",5,32850576,99.89
"29194","kalashnikov",5,32850581,99.89
"29195","kampong",5,32850586,99.89
"29196","kaolin",5,32850591,99.89
"29197","ked",5,32850596,99.89
"29198","kenosis",5,32850601,99.89
"29199","kerrie",5,32850606,99.89
"29200","kersey",5,32850611,99.89
"29201","ketch",5,32850616,99.89
"29202","keyless",5,32850621,99.89
"29203","kidder",5,32850626,99.89
"29204","kilim",5,32850631,99.89
"29205","kindergartener",5,32850636,99.89
"29206","kinglet",5,32850641,99.89
"29207","kissy",5,32850646,99.89
"29208","knowledgeably",5,32850651,99.89
"29209","knuckling",5,32850656,99.89
"29210","kookaburra",5,32850661,99.89
"29211","korova",5,32850666,99.89
"29212","kudu",5,32850671,99.89
"29213","ladleful",5,32850676,99.89
"29214","ladyship",5,32850681,99.89
"29215","lairy",5,32850686,99.89
"29216","lambaste",5,32850691,99.89
"29217","laminitis",5,32850696,99.89
"29218","lances",5,32850701,99.89
"29219","landless",5,32850706,99.89
"29220","lar",5,32850711,99.89
"29221","lardy",5,32850716,99.89
"29222","lasciviousness",5,32850721,99.89
"29223","laurin",5,32850726,99.89
"29224","lawman",5,32850731,99.89
"29225","leaver",5,32850736,99.89
"29226","lech",5,32850741,99.89
"29227","leeward",5,32850746,99.89
"29228","legato",5,32850751,99.89
"29229","legerdemain",5,32850756,99.89
"29230","legislatively",5,32850761,99.89
"29231","lene",5,32850766,99.89
"29232","lessor",5,32850771,99.89
"29233","lexical",5,32850776,99.89
"29234","lexicographer",5,32850781,99.89
"29235","liberality",5,32850786,99.89
"29236","librarianship",5,32850791,99.89
"29237","librettist",5,32850796,99.89
"29238","lignite",5,32850801,99.89
"29239","limbed",5,32850806,99.89
"29240","lineal",5,32850811,99.89
"29241","linesman",5,32850816,99.89
"29242","lipase",5,32850821,99.89
"29243","lisle",5,32850826,99.89
"29244","literalism",5,32850831,99.89
"29245","livered",5,32850836,99.89
"29246","liverwurst",5,32850841,99.89
"29247","loafer",5,32850846,99.89
"29248","lobotomy",5,32850851,99.89
"29249","lochan",5,32850856,99.89
"29250","loci",5,32850861,99.89
"29251","looseness",5,32850866,99.89
"29252","lording",5,32850871,99.89
"29253","lorimer",5,32850876,99.89
"29254","lowliness",5,32850881,99.89
"29255","lozenge",5,32850886,99.89
"29256","lucet",5,32850891,99.89
"29257","luff",5,32850896,99.89
"29258","lupulin",5,32850901,99.89
"29259","lusciously",5,32850906,99.89
"29260","lusciousness",5,32850911,99.89
"29261","luxuriate",5,32850916,99.89
"29262","lysine",5,32850921,99.89
"29263","magnanimously",5,32850926,99.89
"29264","magnetically",5,32850931,99.89
"29265","magnetics",5,32850936,99.89
"29266","mailable",5,32850941,99.89
"29267","malefactor",5,32850946,99.89
"29268","maleficent",5,32850951,99.89
"29269","maltodextrin",5,32850956,99.89
"29270","maltreatment",5,32850961,99.89
"29271","maneuverability",5,32850966,99.89
"29272","manicurist",5,32850971,99.89
"29273","manuka",5,32850976,99.89
"29274","marl",5,32850981,99.89
"29275","marron",5,32850986,99.89
"29276","marshland",5,32850991,99.89
"29277","martel",5,32850996,99.89
"29278","martyrology",5,32851001,99.89
"29279","mashy",5,32851006,99.89
"29280","massif",5,32851011,99.89
"29281","masterly",5,32851016,99.89
"29282","masturbatory",5,32851021,99.89
"29283","matins",5,32851026,99.89
"29284","matriarchy",5,32851031,99.89
"29285","matricide",5,32851036,99.89
"29286","maturely",5,32851041,99.89
"29287","mawkish",5,32851046,99.89
"29288","meddlesome",5,32851051,99.89
"29289","mediumship",5,32851056,99.89
"29290","megaton",5,32851061,99.89
"29291","memoranda",5,32851066,99.89
"29292","menage",5,32851071,99.89
"29293","menfolk",5,32851076,99.89
"29294","merkin",5,32851081,99.89
"29295","merryman",5,32851086,99.89
"29296","mesmerize",5,32851091,99.89
"29297","messin",5,32851096,99.89
"29298","metamorphic",5,32851101,99.89
"29299","metropole",5,32851106,99.89
"29300","mezcal",5,32851111,99.89
"29301","midstream",5,32851116,99.89
"29302","midyear",5,32851121,99.89
"29303","mightiness",5,32851126,99.89
"29304","mildness",5,32851131,99.89
"29305","militate",5,32851136,99.89
"29306","millhouse",5,32851141,99.89
"29307","minge",5,32851146,99.89
"29308","minikin",5,32851151,99.89
"29309","minimization",5,32851156,99.89
"29310","minter",5,32851161,99.89
"29311","minuet",5,32851166,99.89
"29312","misdirect",5,32851171,99.89
"29313","misinform",5,32851176,99.89
"29314","mistrial",5,32851181,99.89
"29315","moccasin",5,32851186,99.89
"29316","modifier",5,32851191,99.89
"29317","modulate",5,32851196,99.89
"29318","modulator",5,32851201,99.89
"29319","modulus",5,32851206,99.89
"29320","moggy",5,32851211,99.89
"29321","moldable",5,32851216,99.89
"29322","molt",5,32851221,99.89
"29323","molybdenum",5,32851226,99.89
"29324","monasticism",5,32851231,99.89
"29325","monistic",5,32851236,99.89
"29326","monosyllabic",5,32851241,99.89
"29327","monotheist",5,32851246,99.89
"29328","monsignor",5,32851251,99.89
"29329","monteith",5,32851256,99.89
"29330","moocher",5,32851261,99.89
"29331","moonbeam",5,32851266,99.89
"29332","mortify",5,32851271,99.89
"29333","motte",5,32851276,99.89
"29334","mouflon",5,32851281,99.89
"29335","mourner",5,32851286,99.89
"29336","mouser",5,32851291,99.89
"29337","mouton",5,32851296,99.89
"29338","mugger",5,32851301,99.89
"29339","mulla",5,32851306,99.89
"29340","multicore",5,32851311,99.89
"29341","murine",5,32851316,99.89
"29342","muscovado",5,32851321,99.89
"29343","mystification",5,32851326,99.89
"29344","nace",5,32851331,99.89
"29345","naif",5,32851336,99.89
"29346","napper",5,32851341,99.89
"29347","nasturtium",5,32851346,99.89
"29348","nationalize",5,32851351,99.89
"29349","nativist",5,32851356,99.89
"29350","nauseatingly",5,32851361,99.89
"29351","nearsighted",5,32851366,99.89
"29352","needlecase",5,32851371,99.89
"29353","needled",5,32851376,99.89
"29354","needling",5,32851381,99.89
"29355","neigh",5,32851386,99.89
"29356","nemeses",5,32851391,99.89
"29357","neuromuscular",5,32851396,99.89
"29358","neuronal",5,32851401,99.89
"29359","neuropsychiatric",5,32851406,99.89
"29360","neurosurgery",5,32851411,99.89
"29361","newsman",5,32851416,99.89
"29362","newsy",5,32851421,99.89
"29363","nitric",5,32851426,99.89
"29364","noblewoman",5,32851431,99.89
"29365","nodder",5,32851436,99.89
"29366","nones",5,32851441,99.89
"29367","nonfood",5,32851446,99.89
"29368","nonpareil",5,32851451,99.89
"29369","northerly",5,32851456,99.89
"29370","noy",5,32851461,99.89
"29371","nubby",5,32851466,99.89
"29372","numinous",5,32851471,99.89
"29373","nuthatch",5,32851476,99.89
"29374","nymphomaniac",5,32851481,99.89
"29375","oaty",5,32851486,99.89
"29376","objectivism",5,32851491,99.89
"29377","obstinately",5,32851496,99.89
"29378","obstructionist",5,32851501,99.89
"29379","oceanography",5,32851506,99.89
"29380","oculus",5,32851511,99.89
"29381","oddments",5,32851516,99.9
"29382","oilman",5,32851521,99.9
"29383","oilseed",5,32851526,99.9
"29384","okapi",5,32851531,99.9
"29385","oliphant",5,32851536,99.9
"29386","olm",5,32851541,99.9
"29387","omnivorous",5,32851546,99.9
"29388","onanism",5,32851551,99.9
"29389","operetta",5,32851556,99.9
"29390","optically",5,32851561,99.9
"29391","orgeat",5,32851566,99.9
"29392","osmin",5,32851571,99.9
"29393","osmotic",5,32851576,99.9
"29394","ossified",5,32851581,99.9
"29395","osteopath",5,32851586,99.9
"29396","ostracize",5,32851591,99.9
"29397","otherworldliness",5,32851596,99.9
"29398","outperform",5,32851601,99.9
"29399","overbeat",5,32851606,99.9
"29400","overcrowd",5,32851611,99.9
"29401","overhand",5,32851616,99.9
"29402","overhung",5,32851621,99.9
"29403","overpoweringly",5,32851626,99.9
"29404","overshoot",5,32851631,99.9
"29405","overstay",5,32851636,99.9
"29406","overstep",5,32851641,99.9
"29407","oxbow",5,32851646,99.9
"29408","oxidize",5,32851651,99.9
"29409","pachyderm",5,32851656,99.9
"29410","palindrome",5,32851661,99.9
"29411","palmitic",5,32851666,99.9
"29412","panopticon",5,32851671,99.9
"29413","papist",5,32851676,99.9
"29414","papoose",5,32851681,99.9
"29415","papyri",5,32851686,99.9
"29416","paradigmatic",5,32851691,99.9
"29417","paralyses",5,32851696,99.9
"29418","parapsychology",5,32851701,99.9
"29419","parasitism",5,32851706,99.9
"29420","parlay",5,32851711,99.9
"29421","participative",5,32851716,99.9
"29422","pascual",5,32851721,99.9
"29423","patentably",5,32851726,99.9
"29424","paternoster",5,32851731,99.9
"29425","pathogenic",5,32851736,99.9
"29426","paunchy",5,32851741,99.9
"29427","peacoat",5,32851746,99.9
"29428","peafowl",5,32851751,99.9
"29429","peccary",5,32851756,99.9
"29430","pedagogue",5,32851761,99.9
"29431","peewee",5,32851766,99.9
"29432","pendency",5,32851771,99.9
"29433","penman",5,32851776,99.9
"29434","peon",5,32851781,99.9
"29435","perfecter",5,32851786,99.9
"29436","perfectness",5,32851791,99.9
"29437","permeability",5,32851796,99.9
"29438","pern",5,32851801,99.9
"29439","perspicacity",5,32851806,99.9
"29440","persuader",5,32851811,99.9
"29441","pervasively",5,32851816,99.9
"29442","petard",5,32851821,99.9
"29443","petter",5,32851826,99.9
"29444","phantasmagoria",5,32851831,99.9
"29445","pharisaical",5,32851836,99.9
"29446","phosphorescent",5,32851841,99.9
"29447","phu",5,32851846,99.9
"29448","pilcher",5,32851851,99.9
"29449","pilger",5,32851856,99.9
"29450","pinafore",5,32851861,99.9
"29451","pinny",5,32851866,99.9
"29452","piperine",5,32851871,99.9
"29453","pipework",5,32851876,99.9
"29454","pirogue",5,32851881,99.9
"29455","pitchy",5,32851886,99.9
"29456","pithily",5,32851891,99.9
"29457","pixilated",5,32851896,99.9
"29458","pizzicato",5,32851901,99.9
"29459","placer",5,32851906,99.9
"29460","plage",5,32851911,99.9
"29461","plagiarist",5,32851916,99.9
"29462","plaintively",5,32851921,99.9
"29463","planar",5,32851926,99.9
"29464","plasticine",5,32851931,99.9
"29465","playability",5,32851936,99.9
"29466","playbill",5,32851941,99.9
"29467","pleasantness",5,32851946,99.9
"29468","pleasuring",5,32851951,99.9
"29469","plenteous",5,32851956,99.9
"29470","pleurisy",5,32851961,99.9
"29471","pocketknife",5,32851966,99.9
"29472","pocky",5,32851971,99.9
"29473","poetess",5,32851976,99.9
"29474","polygon",5,32851981,99.9
"29475","polythene",5,32851986,99.9
"29476","pomelo",5,32851991,99.9
"29477","pompon",5,32851996,99.9
"29478","poot",5,32852001,99.9
"29479","porpoise",5,32852006,99.9
"29480","portcullis",5,32852011,99.9
"29481","postbox",5,32852016,99.9
"29482","postural",5,32852021,99.9
"29483","pragmatics",5,32852026,99.9
"29484","prakriti",5,32852031,99.9
"29485","prattle",5,32852036,99.9
"29486","precis",5,32852041,99.9
"29487","predawn",5,32852046,99.9
"29488","predication",5,32852051,99.9
"29489","prelim",5,32852056,99.9
"29490","prepubescent",5,32852061,99.9
"29491","prescience",5,32852066,99.9
"29492","presciently",5,32852071,99.9
"29493","presumptively",5,32852076,99.9
"29494","prettify",5,32852081,99.9
"29495","preventer",5,32852086,99.9
"29496","primly",5,32852091,99.9
"29497","prine",5,32852096,99.9
"29498","probative",5,32852101,99.9
"29499","procreative",5,32852106,99.9
"29500","progenitor",5,32852111,99.9
"29501","propagandistic",5,32852116,99.9
"29502","propitiatory",5,32852121,99.9
"29503","propolis",5,32852126,99.9
"29504","proprietorship",5,32852131,99.9
"29505","propylene",5,32852136,99.9
"29506","protean",5,32852141,99.9
"29507","protectively",5,32852146,99.9
"29508","protestation",5,32852151,99.9
"29509","providential",5,32852156,99.9
"29510","psychoanalyze",5,32852161,99.9
"29511","psychosexual",5,32852166,99.9
"29512","puller",5,32852171,99.9
"29513","pumper",5,32852176,99.9
"29514","punctually",5,32852181,99.9
"29515","purusha",5,32852186,99.9
"29516","purvey",5,32852191,99.9
"29517","pushcart",5,32852196,99.9
"29518","pyromaniac",5,32852201,99.9
"29519","pyxis",5,32852206,99.9
"29520","quackery",5,32852211,99.9
"29521","quadriceps",5,32852216,99.9
"29522","quatrefoil",5,32852221,99.9
"29523","quercetin",5,32852226,99.9
"29524","querulous",5,32852231,99.9
"29525","questionably",5,32852236,99.9
"29526","quiescence",5,32852241,99.9
"29527","quinto",5,32852246,99.9
"29528","rabat",5,32852251,99.9
"29529","radian",5,32852256,99.9
"29530","rafter",5,32852261,99.9
"29531","railroading",5,32852266,99.9
"29532","rankle",5,32852271,99.9
"29533","ransack",5,32852276,99.9
"29534","rascally",5,32852281,99.9
"29535","raster",5,32852286,99.9
"29536","ravishingly",5,32852291,99.9
"29537","razz",5,32852296,99.9
"29538","reactivate",5,32852301,99.9
"29539","reanimation",5,32852306,99.9
"29540","rearward",5,32852311,99.9
"29541","rearwards",5,32852316,99.9
"29542","rebounder",5,32852321,99.9
"29543","rebroadcast",5,32852326,99.9
"29544","rebuff",5,32852331,99.9
"29545","rebus",5,32852336,99.9
"29546","recitative",5,32852341,99.9
"29547","recoat",5,32852346,99.9
"29548","recognizer",5,32852351,99.9
"29549","recollected",5,32852356,99.9
"29550","recommendable",5,32852361,99.9
"29551","reconnection",5,32852366,99.9
"29552","recursive",5,32852371,99.9
"29553","redact",5,32852376,99.9
"29554","rededication",5,32852381,99.9
"29555","redeye",5,32852386,99.9
"29556","reflexivity",5,32852391,99.9
"29557","reformulation",5,32852396,99.9
"29558","refract",5,32852401,99.9
"29559","regrow",5,32852406,99.9
"29560","regurgitation",5,32852411,99.9
"29561","reliquary",5,32852416,99.9
"29562","renegotiate",5,32852421,99.9
"29563","repairable",5,32852426,99.9
"29564","repatriate",5,32852431,99.9
"29565","repayable",5,32852436,99.9
"29566","repeater",5,32852441,99.9
"29567","repetitively",5,32852446,99.9
"29568","repetitiveness",5,32852451,99.9
"29569","repot",5,32852456,99.9
"29570","repugnance",5,32852461,99.9
"29571","respectably",5,32852466,99.9
"29572","retardant",5,32852471,99.9
"29573","retrospection",5,32852476,99.9
"29574","revaluation",5,32852481,99.9
"29575","revelator",5,32852486,99.9
"29576","revenant",5,32852491,99.9
"29577","reverberation",5,32852496,99.9
"29578","revile",5,32852501,99.9
"29579","reviver",5,32852506,99.9
"29580","rhesus",5,32852511,99.9
"29581","rime",5,32852516,99.9
"29582","riper",5,32852521,99.9
"29583","riveter",5,32852526,99.9
"29584","rix",5,32852531,99.9
"29585","roadbed",5,32852536,99.9
"29586","robustly",5,32852541,99.9
"29587","rogation",5,32852546,99.9
"29588","roid",5,32852551,99.9
"29589","rollback",5,32852556,99.9
"29590","roughage",5,32852561,99.9
"29591","rudge",5,32852566,99.9
"29592","ruggedly",5,32852571,99.9
"29593","rugosa",5,32852576,99.9
"29594","sacra",5,32852581,99.9
"29595","saddleback",5,32852586,99.9
"29596","saguaro",5,32852591,99.9
"29597","sailfish",5,32852596,99.9
"29598","salable",5,32852601,99.9
"29599","salar",5,32852606,99.9
"29600","salicylic",5,32852611,99.9
"29601","sandbank",5,32852616,99.9
"29602","sapient",5,32852621,99.9
"29603","sarking",5,32852626,99.9
"29604","scarab",5,32852631,99.9
"29605","scaremongering",5,32852636,99.9
"29606","scarp",5,32852641,99.9
"29607","scathe",5,32852646,99.9
"29608","scathingly",5,32852651,99.9
"29609","schoolmistress",5,32852656,99.9
"29610","schwa",5,32852661,99.9
"29611","scimitar",5,32852666,99.9
"29612","scopolamine",5,32852671,99.9
"29613","scoria",5,32852676,99.9
"29614","scoutmaster",5,32852681,99.9
"29615","scrapple",5,32852686,99.9
"29616","scrat",5,32852691,99.9
"29617","screechy",5,32852696,99.9
"29618","seasonable",5,32852701,99.9
"29619","seasonality",5,32852706,99.9
"29620","seaward",5,32852711,99.9
"29621","secretarial",5,32852716,99.9
"29622","secularization",5,32852721,99.9
"29623","seely",5,32852726,99.9
"29624","segmentation",5,32852731,99.9
"29625","selfsame",5,32852736,99.9
"29626","semantically",5,32852741,99.9
"29627","semiautomatic",5,32852746,99.9
"29628","semicolon",5,32852751,99.9
"29629","sence",5,32852756,99.9
"29630","sensitiveness",5,32852761,99.9
"29631","septum",5,32852766,99.9
"29632","sequencer",5,32852771,99.9
"29633","sequestration",5,32852776,99.9
"29634","seraph",5,32852781,99.9
"29635","serging",5,32852786,99.9
"29636","serous",5,32852791,99.9
"29637","serta",5,32852796,99.9
"29638","shackle",5,32852801,99.9
"29639","shader",5,32852806,99.9
"29640","shadowland",5,32852811,99.9
"29641","shagged",5,32852816,99.9
"29642","shalwar",5,32852821,99.9
"29643","sharpshooter",5,32852826,99.9
"29644","shellacking",5,32852831,99.9
"29645","sheth",5,32852836,99.9
"29646","shipman",5,32852841,99.9
"29647","shipwright",5,32852846,99.9
"29648","shivery",5,32852851,99.9
"29649","shortsightedness",5,32852856,99.9
"29650","shrewdness",5,32852861,99.9
"29651","shrubby",5,32852866,99.9
"29652","signboard",5,32852871,99.9
"29653","simulcast",5,32852876,99.9
"29654","skeered",5,32852881,99.9
"29655","skelly",5,32852886,99.9
"29656","skemp",5,32852891,99.9
"29657","skiving",5,32852896,99.9
"29658","skulduggery",5,32852901,99.9
"29659","skylark",5,32852906,99.9
"29660","slake",5,32852911,99.9
"29661","slatter",5,32852916,99.9
"29662","slighter",5,32852921,99.9
"29663","slitted",5,32852926,99.9
"29664","slitting",5,32852931,99.9
"29665","sloop",5,32852936,99.9
"29666","slops",5,32852941,99.9
"29667","sluggishly",5,32852946,99.9
"29668","snackman",5,32852951,99.9
"29669","sniffy",5,32852956,99.9
"29670","snog",5,32852961,99.9
"29671","snook",5,32852966,99.9
"29672","snoot",5,32852971,99.9
"29673","snowdrop",5,32852976,99.9
"29674","snowless",5,32852981,99.9
"29675","sociability",5,32852986,99.9
"29676","softy",5,32852991,99.9
"29677","solenoid",5,32852996,99.9
"29678","somnolent",5,32853001,99.9
"29679","soother",5,32853006,99.9
"29680","soothingly",5,32853011,99.9
"29681","sortie",5,32853016,99.9
"29682","sough",5,32853021,99.9
"29683","soulfully",5,32853026,99.9
"29684","sov",5,32853031,99.9
"29685","spasmed",5,32853036,99.9
"29686","spasticity",5,32853041,99.9
"29687","spattering",5,32853046,99.9
"29688","specky",5,32853051,99.9
"29689","speller",5,32853056,99.9
"29690","spermatozoa",5,32853061,99.9
"29691","spiffing",5,32853066,99.9
"29692","spirally",5,32853071,99.9
"29693","spittoon",5,32853076,99.9
"29694","splay",5,32853081,99.9
"29695","spoilage",5,32853086,99.9
"29696","spong",5,32853091,99.9
"29697","spurrier",5,32853096,99.9
"29698","squeaker",5,32853101,99.9
"29699","squeamishness",5,32853106,99.9
"29700","squib",5,32853111,99.9
"29701","squidgy",5,32853116,99.9
"29702","stabler",5,32853121,99.9
"29703","staleness",5,32853126,99.9
"29704","stallman",5,32853131,99.9
"29705","stamen",5,32853136,99.9
"29706","stargazing",5,32853141,99.9
"29707","starshine",5,32853146,99.9
"29708","stateroom",5,32853151,99.9
"29709","steading",5,32853156,99.9
"29710","steen",5,32853161,99.9
"29711","stepper",5,32853166,99.9
"29712","stingless",5,32853171,99.9
"29713","stovepipe",5,32853176,99.9
"29714","strangulation",5,32853181,99.9
"29715","stretchiness",5,32853186,99.9
"29716","stridently",5,32853191,99.9
"29717","stupendously",5,32853196,99.9
"29718","sturdily",5,32853201,99.9
"29719","styler",5,32853206,99.9
"29720","stylishness",5,32853211,99.9
"29721","subaltern",5,32853216,99.9
"29722","subcontracted",5,32853221,99.9
"29723","subdivide",5,32853226,99.9
"29724","subsonic",5,32853231,99.9
"29725","substructure",5,32853236,99.9
"29726","subsume",5,32853241,99.9
"29727","suckage",5,32853246,99.9
"29728","suffragette",5,32853251,99.9
"29729","suffuse",5,32853256,99.9
"29730","sulphate",5,32853261,99.9
"29731","summative",5,32853266,99.9
"29732","sundries",5,32853271,99.9
"29733","supercharger",5,32853276,99.9
"29734","superego",5,32853281,99.9
"29735","suppertime",5,32853286,99.9
"29736","supplicating",5,32853291,99.9
"29737","surat",5,32853296,99.9
"29738","surliness",5,32853301,99.9
"29739","surplice",5,32853306,99.9
"29740","survivorship",5,32853311,99.9
"29741","suspender",5,32853316,99.9
"29742","sustainment",5,32853321,99.9
"29743","suzerain",5,32853326,99.9
"29744","swang",5,32853331,99.9
"29745","sweetening",5,32853336,99.9
"29746","swifty",5,32853341,99.9
"29747","switchback",5,32853346,99.9
"29748","sye",5,32853351,99.9
"29749","syllabi",5,32853356,99.9
"29750","symmetric",5,32853361,99.9
"29751","synergism",5,32853366,99.9
"29752","synoptic",5,32853371,99.9
"29753","syntagma",5,32853376,99.9
"29754","tabulated",5,32853381,99.9
"29755","talcum",5,32853386,99.9
"29756","talky",5,32853391,99.9
"29757","tannery",5,32853396,99.9
"29758","tari",5,32853401,99.9
"29759","tastiness",5,32853406,99.9
"29760","taurine",5,32853411,99.9
"29761","taxpaying",5,32853416,99.9
"29762","teetotaler",5,32853421,99.9
"29763","telectroscope",5,32853426,99.9
"29764","telekinesis",5,32853431,99.9
"29765","teleology",5,32853436,99.9
"29766","telethon",5,32853441,99.9
"29767","telluric",5,32853446,99.9
"29768","temblor",5,32853451,99.9
"29769","tendril",5,32853456,99.9
"29770","teng",5,32853461,99.9
"29771","tensely",5,32853466,99.9
"29772","terp",5,32853471,99.9
"29773","territoriality",5,32853476,99.9
"29774","tertius",5,32853481,99.9
"29775","testis",5,32853486,99.9
"29776","theobromine",5,32853491,99.9
"29777","theogony",5,32853496,99.9
"29778","thoracic",5,32853501,99.9
"29779","thyroiditis",5,32853506,99.9
"29780","tickler",5,32853511,99.9
"29781","ticky",5,32853516,99.9
"29782","tidiness",5,32853521,99.9
"29783","timekeeper",5,32853526,99.9
"29784","timon",5,32853531,99.9
"29785","tiredly",5,32853536,99.9
"29786","titmouse",5,32853541,99.9
"29787","toady",5,32853546,99.9
"29788","toboggan",5,32853551,99.9
"29789","toller",5,32853556,99.9
"29790","tomboyish",5,32853561,99.9
"29791","tonguing",5,32853566,99.9
"29792","tonner",5,32853571,99.9
"29793","tonsillectomy",5,32853576,99.9
"29794","toph",5,32853581,99.9
"29795","topographic",5,32853586,99.9
"29796","toque",5,32853591,99.9
"29797","toral",5,32853596,99.9
"29798","towpath",5,32853601,99.9
"29799","tozer",5,32853606,99.9
"29800","trachea",5,32853611,99.9
"29801","trackable",5,32853616,99.9
"29802","trainable",5,32853621,99.9
"29803","trammel",5,32853626,99.9
"29804","transact",5,32853631,99.9
"29805","transpersonal",5,32853636,99.9
"29806","traumatize",5,32853641,99.9
"29807","triangulation",5,32853646,99.9
"29808","triology",5,32853651,99.9
"29809","tritium",5,32853656,99.9
"29810","trollop",5,32853661,99.9
"29811","truffled",5,32853666,99.9
"29812","tua",5,32853671,99.9
"29813","tuan",5,32853676,99.9
"29814","tuneless",5,32853681,99.9
"29815","turbid",5,32853686,99.9
"29816","turbofan",5,32853691,99.9
"29817","turncoat",5,32853696,99.9
"29818","tusker",5,32853701,99.9
"29819","tuts",5,32853706,99.9
"29820","tweedy",5,32853711,99.9
"29821","twistable",5,32853716,99.9
"29822","tyrannosaur",5,32853721,99.9
"29823","ubi",5,32853726,99.9
"29824","ule",5,32853731,99.9
"29825","ultima",5,32853736,99.9
"29826","ultrasonic",5,32853741,99.9
"29827","ululate",5,32853746,99.9
"29828","unapproachable",5,32853751,99.9
"29829","unassimilable",5,32853756,99.9
"29830","unbalance",5,32853761,99.9
"29831","unbending",5,32853766,99.9
"29832","unbind",5,32853771,99.9
"29833","unblocked",5,32853776,99.9
"29834","uncapped",5,32853781,99.9
"29835","unceasingly",5,32853786,99.9
"29836","unchallenging",5,32853791,99.9
"29837","unchartered",5,32853796,99.9
"29838","uncivil",5,32853801,99.9
"29839","unclassifiable",5,32853806,99.9
"29840","unco",5,32853811,99.9
"29841","uncondemned",5,32853816,99.9
"29842","unconfident",5,32853821,99.9
"29843","unconverted",5,32853826,99.9
"29844","uncross",5,32853831,99.9
"29845","uncultivated",5,32853836,99.9
"29846","undecipherable",5,32853841,99.9
"29847","undefended",5,32853846,99.9
"29848","underskirt",5,32853851,99.9
"29849","undervalue",5,32853856,99.9
"29850","undervaluing",5,32853861,99.9
"29851","undrained",5,32853866,99.9
"29852","undulate",5,32853871,99.9
"29853","undulated",5,32853876,99.9
"29854","undyed",5,32853881,99.9
"29855","uneconomic",5,32853886,99.9
"29856","unengaged",5,32853891,99.9
"29857","uneventfully",5,32853896,99.9
"29858","unexploded",5,32853901,99.9
"29859","unfathomably",5,32853906,99.9
"29860","unfeigned",5,32853911,99.9
"29861","unfound",5,32853916,99.9
"29862","unfrozen",5,32853921,99.9
"29863","unglazed",5,32853926,99.9
"29864","unglued",5,32853931,99.9
"29865","unheeded",5,32853936,99.9
"29866","unimagined",5,32853941,99.9
"29867","uninsurable",5,32853946,99.9
"29868","unionism",5,32853951,99.9
"29869","unjustifiably",5,32853956,99.9
"29870","unmolded",5,32853961,99.9
"29871","unphased",5,32853966,99.9
"29872","unpredicted",5,32853971,99.9
"29873","unpretty",5,32853976,99.9
"29874","unprovable",5,32853981,99.9
"29875","unreason",5,32853986,99.9
"29876","unreconciled",5,32853991,99.9
"29877","unreflective",5,32853996,99.9
"29878","unrehearsed",5,32854001,99.9
"29879","unreliability",5,32854006,99.9
"29880","unrolling",5,32854011,99.9
"29881","unrushed",5,32854016,99.9
"29882","unsayable",5,32854021,99.9
"29883","unscramble",5,32854026,99.9
"29884","unscrewing",5,32854031,99.9
"29885","unsealed",5,32854036,99.9
"29886","unsentimental",5,32854041,99.9
"29887","unshaved",5,32854046,99.9
"29888","unsheathed",5,32854051,99.9
"29889","unsociable",5,32854056,99.9
"29890","unsorted",5,32854061,99.9
"29891","unspecific",5,32854066,99.9
"29892","unstressed",5,32854071,99.9
"29893","untucked",5,32854076,99.9
"29894","unwelcomed",5,32854081,99.9
"29895","unwinnable",5,32854086,99.9
"29896","upholsterer",5,32854091,99.9
"29897","upliftment",5,32854096,99.9
"29898","uprightness",5,32854101,99.9
"29899","upriver",5,32854106,99.9
"29900","upsweep",5,32854111,99.9
"29901","upwardly",5,32854116,99.9
"29902","usurper",5,32854121,99.9
"29903","valerian",5,32854126,99.9
"29904","valorization",5,32854131,99.9
"29905","vanillin",5,32854136,99.9
"29906","veiling",5,32854141,99.9
"29907","veining",5,32854146,99.9
"29908","venous",5,32854151,99.9
"29909","verite",5,32854156,99.9
"29910","verminous",5,32854161,99.9
"29911","vertebra",5,32854166,99.9
"29912","vertex",5,32854171,99.9
"29913","vesture",5,32854176,99.9
"29914","vigilantly",5,32854181,99.9
"29915","vintner",5,32854186,99.9
"29916","vireo",5,32854191,99.9
"29917","virulently",5,32854196,99.9
"29918","visionless",5,32854201,99.9
"29919","viticulture",5,32854206,99.9
"29920","vituperative",5,32854211,99.9
"29921","vives",5,32854216,99.9
"29922","vivisection",5,32854221,99.9
"29923","wailer",5,32854226,99.9
"29924","walkover",5,32854231,99.9
"29925","warbled",5,32854236,99.9
"29926","warder",5,32854241,99.9
"29927","warmonger",5,32854246,99.9
"29928","warty",5,32854251,99.9
"29929","westland",5,32854256,99.9
"29930","wheedle",5,32854261,99.9
"29931","whiskered",5,32854266,99.9
"29932","whitecap",5,32854271,99.9
"29933","whitetail",5,32854276,99.9
"29934","whorl",5,32854281,99.9
"29935","whup",5,32854286,99.9
"29936","widdershins",5,32854291,99.9
"29937","wigged",5,32854296,99.9
"29938","windbreak",5,32854301,99.9
"29939","windowpane",5,32854306,99.9
"29940","wir",5,32854311,99.9
"29941","wishfully",5,32854316,99.9
"29942","witney",5,32854321,99.9
"29943","wodge",5,32854326,99.9
"29944","woebegone",5,32854331,99.9
"29945","woodcutter",5,32854336,99.9
"29946","woodiness",5,32854341,99.9
"29947","woodworm",5,32854346,99.9
"29948","woolsey",5,32854351,99.9
"29949","wouldest",5,32854356,99.9
"29950","woy",5,32854361,99.9
"29951","wrathful",5,32854366,99.9
"29952","wrongheaded",5,32854371,99.9
"29953","xylene",5,32854376,99.9
"29954","yawp",5,32854381,99.9
"29955","yokel",5,32854386,99.9
"29956","zealously",5,32854391,99.9
"29957","zymurgy",5,32854396,99.9
"29958","abeyant",4,32854400,99.9
"29959","ablation",4,32854404,99.9
"29960","abortionist",4,32854408,99.9
"29961","abouts",4,32854412,99.9
"29962","abridge",4,32854416,99.9
"29963","abscessed",4,32854420,99.9
"29964","abscond",4,32854424,99.9
"29965","absorbable",4,32854428,99.9
"29966","abutment",4,32854432,99.9
"29967","acanthus",4,32854436,99.9
"29968","accelerant",4,32854440,99.9
"29969","acceptably",4,32854444,99.9
"29970","acclimatize",4,32854448,99.9
"29971","accrual",4,32854452,99.9
"29972","acculturation",4,32854456,99.9
"29973","accusative",4,32854460,99.9
"29974","accusingly",4,32854464,99.9
"29975","acoustical",4,32854468,99.9
"29976","activator",4,32854472,99.9
"29977","actuarial",4,32854476,99.9
"29978","addressee",4,32854480,99.9
"29979","adenine",4,32854484,99.9
"29980","adequacy",4,32854488,99.9
"29981","adjoined",4,32854492,99.9
"29982","aeration",4,32854496,99.9
"29983","aerodrome",4,32854500,99.9
"29984","affirmatively",4,32854504,99.9
"29985","afforestation",4,32854508,99.9
"29986","afterworld",4,32854512,99.9
"29987","agama",4,32854516,99.9
"29988","aggregator",4,32854520,99.9
"29989","agha",4,32854524,99.9
"29990","agonist",4,32854528,99.9
"29991","agreeably",4,32854532,99.9
"29992","ahmadi",4,32854536,99.9
"29993","aion",4,32854540,99.9
"29994","airily",4,32854544,99.9
"29995","ake",4,32854548,99.9
"29996","akimbo",4,32854552,99.9
"29997","aleph",4,32854556,99.9
"29998","alexanders",4,32854560,99.9
"29999","algin",4,32854564,99.9
"30000","algorithmic",4,32854568,99.9
"30001","alit",4,32854572,99.9
"30002","allantoin",4,32854576,99.9
"30003","aloma",4,32854580,99.9
"30004","althea",4,32854584,99.9
"30005","amanuensis",4,32854588,99.9
"30006","ambrosial",4,32854592,99.9
"30007","amine",4,32854596,99.9
"30008","amla",4,32854600,99.9
"30009","amphetamine",4,32854604,99.9
"30010","amphora",4,32854608,99.9
"30011","amyloid",4,32854612,99.9
"30012","anaemia",4,32854616,99.9
"30013","anan",4,32854620,99.9
"30014","ananas",4,32854624,99.9
"30015","anaphylaxis",4,32854628,99.9
"30016","anatomic",4,32854632,99.9
"30017","ancora",4,32854636,99.9
"30018","anhydrite",4,32854640,99.9
"30019","animality",4,32854644,99.9
"30020","anker",4,32854648,99.9
"30021","annatto",4,32854652,99.9
"30022","antediluvian",4,32854656,99.9
"30023","anteroom",4,32854660,99.9
"30024","anthropologically",4,32854664,99.9
"30025","antifreeze",4,32854668,99.9
"30026","antigen",4,32854672,99.9
"30027","antihistamine",4,32854676,99.9
"30028","antimony",4,32854680,99.9
"30029","appositive",4,32854684,99.9
"30030","appraisement",4,32854688,99.9
"30031","aquaria",4,32854692,99.9
"30032","arbitrate",4,32854696,99.9
"30033","arend",4,32854700,99.9
"30034","arete",4,32854704,99.9
"30035","armless",4,32854708,99.9
"30036","armload",4,32854712,99.9
"30037","ascendency",4,32854716,99.9
"30038","ase",4,32854720,99.9
"30039","ashraf",4,32854724,99.9
"30040","asker",4,32854728,99.9
"30041","asperity",4,32854732,99.9
"30042","assented",4,32854736,99.9
"30043","assuredness",4,32854740,99.9
"30044","ast",4,32854744,99.9
"30045","astrologically",4,32854748,99.9
"30046","atma",4,32854752,99.9
"30047","atman",4,32854756,99.9
"30048","atomizer",4,32854760,99.9
"30049","atrociously",4,32854764,99.9
"30050","attache",4,32854768,99.9
"30051","attacher",4,32854772,99.9
"30052","attentional",4,32854776,99.9
"30053","aurally",4,32854780,99.9
"30054","auroral",4,32854784,99.9
"30055","autarch",4,32854788,99.9
"30056","authoress",4,32854792,99.9
"30057","autist",4,32854796,99.9
"30058","autobus",4,32854800,99.9
"30059","autocar",4,32854804,99.91
"30060","autodidactic",4,32854808,99.91
"30061","aventurine",4,32854812,99.91
"30062","avo",4,32854816,99.91
"30063","avow",4,32854820,99.91
"30064","babbitt",4,32854824,99.91
"30065","bacchanal",4,32854828,99.91
"30066","bachelorhood",4,32854832,99.91
"30067","backfill",4,32854836,99.91
"30068","bacteriological",4,32854840,99.91
"30069","bafflingly",4,32854844,99.91
"30070","bagasse",4,32854848,99.91
"30071","baktun",4,32854852,99.91
"30072","bankable",4,32854856,99.91
"30073","barbwire",4,32854860,99.91
"30074","barky",4,32854864,99.91
"30075","barleycorn",4,32854868,99.91
"30076","barse",4,32854872,99.91
"30077","baster",4,32854876,99.91
"30078","battlement",4,32854880,99.91
"30079","bayoneted",4,32854884,99.91
"30080","beadle",4,32854888,99.91
"30081","beaked",4,32854892,99.91
"30082","beatable",4,32854896,99.91
"30083","bedazzle",4,32854900,99.91
"30084","bedevil",4,32854904,99.91
"30085","bedpan",4,32854908,99.91
"30086","bedroll",4,32854912,99.91
"30087","beechwood",4,32854916,99.91
"30088","befuddlement",4,32854920,99.91
"30089","begone",4,32854924,99.91
"30090","bellarmine",4,32854928,99.91
"30091","beneficially",4,32854932,99.91
"30092","benzoyl",4,32854936,99.91
"30093","beribboned",4,32854940,99.91
"30094","berley",4,32854944,99.91
"30095","berried",4,32854948,99.91
"30096","berrigan",4,32854952,99.91
"30097","bespeak",4,32854956,99.91
"30098","bewitchment",4,32854960,99.91
"30099","bibliographical",4,32854964,99.91
"30100","bicameralism",4,32854968,99.91
"30101","bicentenary",4,32854972,99.91
"30102","biennium",4,32854976,99.91
"30103","bifurcation",4,32854980,99.91
"30104","bigamist",4,32854984,99.91
"30105","bijoux",4,32854988,99.91
"30106","bilimbi",4,32854992,99.91
"30107","billable",4,32854996,99.91
"30108","biodynamics",4,32855000,99.91
"30109","biologic",4,32855004,99.91
"30110","biped",4,32855008,99.91
"30111","birdlike",4,32855012,99.91
"30112","blackball",4,32855016,99.91
"30113","blackmailer",4,32855020,99.91
"30114","blacksmithing",4,32855024,99.91
"30115","blay",4,32855028,99.91
"30116","blighting",4,32855032,99.91
"30117","blisteringly",4,32855036,99.91
"30118","bloop",4,32855040,99.91
"30119","blotter",4,32855044,99.91
"30120","blueness",4,32855048,99.91
"30121","bluestone",4,32855052,99.91
"30122","bodiless",4,32855056,99.91
"30123","boding",4,32855060,99.91
"30124","bogle",4,32855064,99.91
"30125","bolly",4,32855068,99.91
"30126","bondsman",4,32855072,99.91
"30127","bookbinder",4,32855076,99.91
"30128","bookland",4,32855080,99.91
"30129","bookmaking",4,32855084,99.91
"30130","booky",4,32855088,99.91
"30131","boosterism",4,32855092,99.91
"30132","bootlegging",4,32855096,99.91
"30133","booziness",4,32855100,99.91
"30134","borzoi",4,32855104,99.91
"30135","bottler",4,32855108,99.91
"30136","bowyer",4,32855112,99.91
"30137","boxty",4,32855116,99.91
"30138","boyishly",4,32855120,99.91
"30139","brack",4,32855124,99.91
"30140","brae",4,32855128,99.91
"30141","breadboard",4,32855132,99.91
"30142","breadmaking",4,32855136,99.91
"30143","bream",4,32855140,99.91
"30144","breck",4,32855144,99.91
"30145","brede",4,32855148,99.91
"30146","bricking",4,32855152,99.91
"30147","bridgehead",4,32855156,99.91
"30148","brier",4,32855160,99.91
"30149","brigand",4,32855164,99.91
"30150","brimful",4,32855168,99.91
"30151","broadness",4,32855172,99.91
"30152","bronchiolitis",4,32855176,99.91
"30153","browed",4,32855180,99.91
"30154","brutalism",4,32855184,99.91
"30155","buddhi",4,32855188,99.91
"30156","bulgy",4,32855192,99.91
"30157","bunce",4,32855196,99.91
"30158","bunion",4,32855200,99.91
"30159","bunty",4,32855204,99.91
"30160","burny",4,32855208,99.91
"30161","busying",4,32855212,99.91
"30162","butterfingers",4,32855216,99.91
"30163","buttonholer",4,32855220,99.91
"30164","byway",4,32855224,99.91
"30165","byword",4,32855228,99.91
"30166","cabled",4,32855232,99.91
"30167","caboodle",4,32855236,99.91
"30168","cadenza",4,32855240,99.91
"30169","caduceus",4,32855244,99.91
"30170","calfskin",4,32855248,99.91
"30171","calisthenics",4,32855252,99.91
"30172","calli",4,32855256,99.91
"30173","calumny",4,32855260,99.91
"30174","candela",4,32855264,99.91
"30175","candidature",4,32855268,99.91
"30176","candler",4,32855272,99.91
"30177","canid",4,32855276,99.91
"30178","capering",4,32855280,99.91
"30179","capriccio",4,32855284,99.91
"30180","capriciously",4,32855288,99.91
"30181","capsaicin",4,32855292,99.91
"30182","capsize",4,32855296,99.91
"30183","carabao",4,32855300,99.91
"30184","carbonite",4,32855304,99.91
"30185","carcanet",4,32855308,99.91
"30186","carceral",4,32855312,99.91
"30187","caries",4,32855316,99.91
"30188","carnauba",4,32855320,99.91
"30189","carnivalesque",4,32855324,99.91
"30190","carotenoid",4,32855328,99.91
"30191","carpel",4,32855332,99.91
"30192","carper",4,32855336,99.91
"30193","carsick",4,32855340,99.91
"30194","casbah",4,32855344,99.91
"30195","caseinate",4,32855348,99.91
"30196","cassino",4,32855352,99.91
"30197","catalyze",4,32855356,99.91
"30198","catarrh",4,32855360,99.91
"30199","catcall",4,32855364,99.91
"30200","catchup",4,32855368,99.91
"30201","caterwauling",4,32855372,99.91
"30202","catheterization",4,32855376,99.91
"30203","catkin",4,32855380,99.91
"30204","catsup",4,32855384,99.91
"30205","cauterize",4,32855388,99.91
"30206","celled",4,32855392,99.91
"30207","cellulase",4,32855396,99.91
"30208","censer",4,32855400,99.91
"30209","cento",4,32855404,99.91
"30210","centripetal",4,32855408,99.91
"30211","cetyl",4,32855412,99.91
"30212","challis",4,32855416,99.91
"30213","chay",4,32855420,99.91
"30214","cheerless",4,32855424,99.91
"30215","cheyney",4,32855428,99.91
"30216","chicness",4,32855432,99.91
"30217","chid",4,32855436,99.91
"30218","chiffonade",4,32855440,99.91
"30219","chigger",4,32855444,99.91
"30220","chil",4,32855448,99.91
"30221","chinaware",4,32855452,99.91
"30222","churchmanship",4,32855456,99.91
"30223","cinematically",4,32855460,99.91
"30224","circlet",4,32855464,99.91
"30225","circulator",4,32855468,99.91
"30226","circumvention",4,32855472,99.91
"30227","civilize",4,32855476,99.91
"30228","clamorous",4,32855480,99.91
"30229","clave",4,32855484,99.91
"30230","clerestory",4,32855488,99.91
"30231","clevis",4,32855492,99.91
"30232","cliental",4,32855496,99.91
"30233","climacus",4,32855500,99.91
"30234","clime",4,32855504,99.91
"30235","cloakroom",4,32855508,99.91
"30236","clubby",4,32855512,99.91
"30237","coarseness",4,32855516,99.91
"30238","coater",4,32855520,99.91
"30239","cobnut",4,32855524,99.91
"30240","coburg",4,32855528,99.91
"30241","cockle",4,32855532,99.91
"30242","coelacanth",4,32855536,99.91
"30243","coextensive",4,32855540,99.91
"30244","cognisance",4,32855544,99.91
"30245","cohere",4,32855548,99.91
"30246","coking",4,32855552,99.91
"30247","collectivity",4,32855556,99.91
"30248","colling",4,32855560,99.91
"30249","collocation",4,32855564,99.91
"30250","colly",4,32855568,99.91
"30251","colorization",4,32855572,99.91
"30252","colorize",4,32855576,99.91
"30253","colter",4,32855580,99.91
"30254","columned",4,32855584,99.91
"30255","commingle",4,32855588,99.91
"30256","commonweal",4,32855592,99.91
"30257","communicant",4,32855596,99.91
"30258","compulsorily",4,32855600,99.91
"30259","comradely",4,32855604,99.91
"30260","comradery",4,32855608,99.91
"30261","conceptualism",4,32855612,99.91
"30262","concreteness",4,32855616,99.91
"30263","concurrency",4,32855620,99.91
"30264","concussive",4,32855624,99.91
"30265","coneflower",4,32855628,99.91
"30266","confidentially",4,32855632,99.91
"30267","confiture",4,32855636,99.91
"30268","conger",4,32855640,99.91
"30269","congressionally",4,32855644,99.91
"30270","congruence",4,32855648,99.91
"30271","coniferous",4,32855652,99.91
"30272","conjectural",4,32855656,99.91
"30273","conjugate",4,32855660,99.91
"30274","conning",4,32855664,99.91
"30275","conscionable",4,32855668,99.91
"30276","conscript",4,32855672,99.91
"30277","consensually",4,32855676,99.91
"30278","consignor",4,32855680,99.91
"30279","consomme",4,32855684,99.91
"30280","consumptive",4,32855688,99.91
"30281","contrarily",4,32855692,99.91
"30282","contrariwise",4,32855696,99.91
"30283","convective",4,32855700,99.91
"30284","coolth",4,32855704,99.91
"30285","cooperage",4,32855708,99.91
"30286","cootie",4,32855712,99.91
"30287","copart",4,32855716,99.91
"30288","copilot",4,32855720,99.91
"30289","copperplate",4,32855724,99.91
"30290","copybook",4,32855728,99.91
"30291","copyrighter",4,32855732,99.91
"30292","coquettish",4,32855736,99.91
"30293","corer",4,32855740,99.91
"30294","corker",4,32855744,99.91
"30295","corncob",4,32855748,99.91
"30296","cornwallis",4,32855752,99.91
"30297","corse",4,32855756,99.91
"30298","cortical",4,32855760,99.91
"30299","cosily",4,32855764,99.91
"30300","cosmopolis",4,32855768,99.91
"30301","costar",4,32855772,99.91
"30302","coster",4,32855776,99.91
"30303","cottagers",4,32855780,99.91
"30304","countable",4,32855784,99.91
"30305","counteracting",4,32855788,99.91
"30306","countertransference",4,32855792,99.91
"30307","covariance",4,32855796,99.91
"30308","covenanted",4,32855800,99.91
"30309","covetable",4,32855804,99.91
"30310","cowardliness",4,32855808,99.91
"30311","crackerjack",4,32855812,99.91
"30312","crappie",4,32855816,99.91
"30313","creasy",4,32855820,99.91
"30314","creatable",4,32855824,99.91
"30315","creational",4,32855828,99.91
"30316","creedal",4,32855832,99.91
"30317","crepuscular",4,32855836,99.91
"30318","crevasse",4,32855840,99.91
"30319","crosscut",4,32855844,99.91
"30320","crosser",4,32855848,99.91
"30321","crouton",4,32855852,99.91
"30322","cuddy",4,32855856,99.91
"30323","cupful",4,32855860,99.91
"30324","cushiony",4,32855864,99.91
"30325","cuttlefish",4,32855868,99.91
"30326","cybernetics",4,32855872,99.91
"30327","cyclopedia",4,32855876,99.91
"30328","dags",4,32855880,99.91
"30329","damnable",4,32855884,99.91
"30330","dandyism",4,32855888,99.91
"30331","dapple",4,32855892,99.91
"30332","darger",4,32855896,99.91
"30333","daroo",4,32855900,99.91
"30334","daunt",4,32855904,99.91
"30335","deathtrap",4,32855908,99.91
"30336","deathwatch",4,32855912,99.91
"30337","debasement",4,32855916,99.91
"30338","decamp",4,32855920,99.91
"30339","deckle",4,32855924,99.91
"30340","decompressing",4,32855928,99.91
"30341","decontaminate",4,32855932,99.91
"30342","decontamination",4,32855936,99.91
"30343","decorous",4,32855940,99.91
"30344","defeatism",4,32855944,99.91
"30345","definitional",4,32855948,99.91
"30346","dehumanization",4,32855952,99.91
"30347","deism",4,32855956,99.91
"30348","delenda",4,32855960,99.91
"30349","deliberative",4,32855964,99.91
"30350","delicateness",4,32855968,99.91
"30351","deliverable",4,32855972,99.91
"30352","deliveryman",4,32855976,99.91
"30353","demitasse",4,32855980,99.91
"30354","demoness",4,32855984,99.91
"30355","demonstratively",4,32855988,99.91
"30356","demotic",4,32855992,99.91
"30357","demurely",4,32855996,99.91
"30358","denotation",4,32856000,99.91
"30359","depravation",4,32856004,99.91
"30360","derailment",4,32856008,99.91
"30361","dermatological",4,32856012,99.91
"30362","dernier",4,32856016,99.91
"30363","derogatorily",4,32856020,99.91
"30364","descale",4,32856024,99.91
"30365","designedly",4,32856028,99.91
"30366","despitefully",4,32856032,99.91
"30367","despoil",4,32856036,99.91
"30368","destine",4,32856040,99.91
"30369","destructible",4,32856044,99.91
"30370","destructively",4,32856048,99.91
"30371","detonator",4,32856052,99.91
"30372","deuterocanonical",4,32856056,99.91
"30373","devonport",4,32856060,99.91
"30374","dextrous",4,32856064,99.91
"30375","dhyana",4,32856068,99.91
"30376","diadem",4,32856072,99.91
"30377","dianetics",4,32856076,99.91
"30378","dicta",4,32856080,99.91
"30379","didacticism",4,32856084,99.91
"30380","didymus",4,32856088,99.91
"30381","digestibility",4,32856092,99.91
"30382","diminishment",4,32856096,99.91
"30383","dimorphism",4,32856100,99.91
"30384","directrix",4,32856104,99.91
"30385","discontinuation",4,32856108,99.91
"30386","discoverable",4,32856112,99.91
"30387","disfavor",4,32856116,99.91
"30388","disgustedly",4,32856120,99.91
"30389","disingenuously",4,32856124,99.91
"30390","disjoint",4,32856128,99.91
"30391","displease",4,32856132,99.91
"30392","disproportional",4,32856136,99.91
"30393","disquisition",4,32856140,99.91
"30394","dissimulation",4,32856144,99.91
"30395","dissipative",4,32856148,99.91
"30396","dissociate",4,32856152,99.91
"30397","distaff",4,32856156,99.91
"30398","distillate",4,32856160,99.91
"30399","diurnal",4,32856164,99.91
"30400","divulgation",4,32856168,99.91
"30401","doby",4,32856172,99.91
"30402","doctrinaire",4,32856176,99.91
"30403","doddle",4,32856180,99.91
"30404","doggerel",4,32856184,99.91
"30405","dogmatically",4,32856188,99.91
"30406","dogmatism",4,32856192,99.91
"30407","dolefully",4,32856196,99.91
"30408","doornail",4,32856200,99.91
"30409","dormouse",4,32856204,99.91
"30410","dorp",4,32856208,99.91
"30411","douce",4,32856212,99.91
"30412","dovecot",4,32856216,99.91
"30413","draff",4,32856220,99.91
"30414","dreamless",4,32856224,99.91
"30415","dreamworld",4,32856228,99.91
"30416","drear",4,32856232,99.91
"30417","dropcloth",4,32856236,99.91
"30418","drowsily",4,32856240,99.91
"30419","druidic",4,32856244,99.91
"30420","drupal",4,32856248,99.91
"30421","ducal",4,32856252,99.91
"30422","dugong",4,32856256,99.91
"30423","dumper",4,32856260,99.91
"30424","dunder",4,32856264,99.91
"30425","dungy",4,32856268,99.91
"30426","dunny",4,32856272,99.91
"30427","duopoly",4,32856276,99.91
"30428","dura",4,32856280,99.91
"30429","dwarfism",4,32856284,99.91
"30430","earworm",4,32856288,99.91
"30431","ebullience",4,32856292,99.91
"30432","ectoplasm",4,32856296,99.91
"30433","edginess",4,32856300,99.91
"30434","effectivity",4,32856304,99.91
"30435","eidolon",4,32856308,99.91
"30436","elastica",4,32856312,99.91
"30437","electrify",4,32856316,99.91
"30438","electroacoustic",4,32856320,99.91
"30439","electrolytic",4,32856324,99.91
"30440","electromagnetically",4,32856328,99.91
"30441","eleemosynary",4,32856332,99.91
"30442","elephantine",4,32856336,99.91
"30443","elkhorn",4,32856340,99.91
"30444","elocution",4,32856344,99.91
"30445","elt",4,32856348,99.91
"30446","emancipate",4,32856352,99.91
"30447","emancipator",4,32856356,99.91
"30448","embracement",4,32856360,99.91
"30449","enchantingly",4,32856364,99.91
"30450","enchantress",4,32856368,99.91
"30451","encroach",4,32856372,99.91
"30452","encumbrance",4,32856376,99.91
"30453","engross",4,32856380,99.91
"30454","enticingly",4,32856384,99.91
"30455","entombment",4,32856388,99.91
"30456","entrain",4,32856392,99.91
"30457","entreat",4,32856396,99.91
"30458","entreating",4,32856400,99.91
"30459","enviably",4,32856404,99.91
"30460","epicure",4,32856408,99.91
"30461","epidermolysis",4,32856412,99.91
"30462","epistolary",4,32856416,99.91
"30463","epochal",4,32856420,99.91
"30464","equidistant",4,32856424,99.91
"30465","equitation",4,32856428,99.91
"30466","erasable",4,32856432,99.91
"30467","espy",4,32856436,99.91
"30468","essentialism",4,32856440,99.91
"30469","essentiality",4,32856444,99.91
"30470","ethicist",4,32856448,99.91
"30471","etiology",4,32856452,99.91
"30472","etna",4,32856456,99.91
"30473","eugenicist",4,32856460,99.91
"30474","eulalia",4,32856464,99.91
"30475","euphony",4,32856468,99.91
"30476","evaporative",4,32856472,99.91
"30477","evensong",4,32856476,99.91
"30478","exacter",4,32856480,99.91
"30479","exarch",4,32856484,99.91
"30480","exciter",4,32856488,99.91
"30481","exclusiveness",4,32856492,99.91
"30482","excursionist",4,32856496,99.91
"30483","exhibitionism",4,32856500,99.91
"30484","exilic",4,32856504,99.91
"30485","exoteric",4,32856508,99.91
"30486","exotically",4,32856512,99.91
"30487","expansiveness",4,32856516,99.91
"30488","experimentalism",4,32856520,99.91
"30489","explanatorily",4,32856524,99.91
"30490","explicable",4,32856528,99.91
"30491","explicate",4,32856532,99.91
"30492","exploitable",4,32856536,99.91
"30493","expunge",4,32856540,99.91
"30494","extensibility",4,32856544,99.91
"30495","extinguishment",4,32856548,99.91
"30496","extirpation",4,32856552,99.91
"30497","extortionate",4,32856556,99.91
"30498","exuberantly",4,32856560,99.91
"30499","fabulosity",4,32856564,99.91
"30500","faddish",4,32856568,99.91
"30501","familiarization",4,32856572,99.91
"30502","fantastico",4,32856576,99.91
"30503","farrago",4,32856580,99.91
"30504","fastidiously",4,32856584,99.91
"30505","faulting",4,32856588,99.91
"30506","fazenda",4,32856592,99.91
"30507","feculent",4,32856596,99.91
"30508","feebleness",4,32856600,99.91
"30509","felonious",4,32856604,99.91
"30510","ferric",4,32856608,99.91
"30511","festal",4,32856612,99.91
"30512","festively",4,32856616,99.91
"30513","fetchingly",4,32856620,99.91
"30514","fetishist",4,32856624,99.91
"30515","fettle",4,32856628,99.91
"30516","fibula",4,32856632,99.91
"30517","fifthly",4,32856636,99.91
"30518","figural",4,32856640,99.91
"30519","figuration",4,32856644,99.91
"30520","filamentous",4,32856648,99.91
"30521","filer",4,32856652,99.91
"30522","fils",4,32856656,99.91
"30523","finagle",4,32856660,99.91
"30524","fineness",4,32856664,99.91
"30525","finis",4,32856668,99.91
"30526","finny",4,32856672,99.91
"30527","fitly",4,32856676,99.91
"30528","fixity",4,32856680,99.91
"30529","flagon",4,32856684,99.91
"30530","flamboyantly",4,32856688,99.91
"30531","flanker",4,32856692,99.91
"30532","flatulent",4,32856696,99.91
"30533","flayer",4,32856700,99.91
"30534","fleecy",4,32856704,99.91
"30535","flitter",4,32856708,99.91
"30536","floe",4,32856712,99.91
"30537","flopper",4,32856716,99.91
"30538","flotation",4,32856720,99.91
"30539","flout",4,32856724,99.91
"30540","flub",4,32856728,99.91
"30541","fluorescence",4,32856732,99.91
"30542","flyaway",4,32856736,99.91
"30543","folklorist",4,32856740,99.91
"30544","foothill",4,32856744,99.91
"30545","footless",4,32856748,99.91
"30546","footrest",4,32856752,99.91
"30547","forbearing",4,32856756,99.91
"30548","foreleg",4,32856760,99.91
"30549","forkful",4,32856764,99.91
"30550","formic",4,32856768,99.91
"30551","forthrightly",4,32856772,99.91
"30552","fortissimo",4,32856776,99.91
"30553","fosse",4,32856780,99.91
"30554","fouler",4,32856784,99.91
"30555","frabjous",4,32856788,99.91
"30556","framer",4,32856792,99.91
"30557","franticly",4,32856796,99.91
"30558","fratricidal",4,32856800,99.91
"30559","fratricide",4,32856804,99.91
"30560","frayn",4,32856808,99.91
"30561","freemasonic",4,32856812,99.91
"30562","frenulum",4,32856816,99.91
"30563","fretwork",4,32856820,99.91
"30564","friand",4,32856824,99.91
"30565","frizzle",4,32856828,99.91
"30566","frugivorous",4,32856832,99.91
"30567","fulgor",4,32856836,99.91
"30568","functionalist",4,32856840,99.91
"30569","funereal",4,32856844,99.91
"30570","fungicide",4,32856848,99.91
"30571","furphy",4,32856852,99.91
"30572","fusty",4,32856856,99.91
"30573","fut",4,32856860,99.91
"30574","futilely",4,32856864,99.91
"30575","fuzziness",4,32856868,99.91
"30576","gainst",4,32856872,99.91
"30577","gambol",4,32856876,99.91
"30578","gamecock",4,32856880,99.91
"30579","garble",4,32856884,99.91
"30580","garibaldi",4,32856888,99.91
"30581","garishness",4,32856892,99.91
"30582","gasper",4,32856896,99.91
"30583","gata",4,32856900,99.91
"30584","gauss",4,32856904,99.91
"30585","gean",4,32856908,99.91
"30586","gelder",4,32856912,99.91
"30587","genitive",4,32856916,99.91
"30588","genotype",4,32856920,99.91
"30589","gentlefolk",4,32856924,99.91
"30590","geochemical",4,32856928,99.91
"30591","geoduck",4,32856932,99.91
"30592","geometrically",4,32856936,99.91
"30593","gestate",4,32856940,99.91
"30594","geste",4,32856944,99.91
"30595","ghat",4,32856948,99.91
"30596","ghostwrite",4,32856952,99.91
"30597","gibbous",4,32856956,99.91
"30598","glasswork",4,32856960,99.91
"30599","glissade",4,32856964,99.91
"30600","glop",4,32856968,99.91
"30601","glumly",4,32856972,99.91
"30602","gnomon",4,32856976,99.91
"30603","goalless",4,32856980,99.91
"30604","godwit",4,32856984,99.91
"30605","gonadal",4,32856988,99.91
"30606","goodyear",4,32856992,99.91
"30607","gra",4,32856996,99.91
"30608","graff",4,32857000,99.91
"30609","grainer",4,32857004,99.91
"30610","grandsire",4,32857008,99.91
"30611","grantee",4,32857012,99.91
"30612","granularity",4,32857016,99.91
"30613","grassiness",4,32857020,99.91
"30614","greatcoat",4,32857024,99.91
"30615","gree",4,32857028,99.91
"30616","gridiron",4,32857032,99.91
"30617","grig",4,32857036,99.91
"30618","gristly",4,32857040,99.91
"30619","groggily",4,32857044,99.91
"30620","groper",4,32857048,99.91
"30621","grosbeak",4,32857052,99.91
"30622","grotesqueness",4,32857056,99.91
"30623","grounder",4,32857060,99.91
"30624","grumpily",4,32857064,99.91
"30625","grundy",4,32857068,99.91
"30626","guana",4,32857072,99.91
"30627","guardsman",4,32857076,99.91
"30628","gud",4,32857080,99.91
"30629","guilder",4,32857084,99.91
"30630","gunnery",4,32857088,99.91
"30631","gurdwara",4,32857092,99.91
"30632","gustatory",4,32857096,99.91
"30633","haab",4,32857100,99.91
"30634","habitus",4,32857104,99.91
"30635","haft",4,32857108,99.91
"30636","haikai",4,32857112,99.91
"30637","hak",4,32857116,99.91
"30638","hakam",4,32857120,99.91
"30639","hake",4,32857124,99.91
"30640","halfpenny",4,32857128,99.91
"30641","halitosis",4,32857132,99.91
"30642","hallucinate",4,32857136,99.91
"30643","hame",4,32857140,99.91
"30644","hamel",4,32857144,99.91
"30645","hammerman",4,32857148,99.91
"30646","handhold",4,32857152,99.91
"30647","handrail",4,32857156,99.91
"30648","handsomeness",4,32857160,99.91
"30649","handspring",4,32857164,99.91
"30650","hangul",4,32857168,99.91
"30651","haole",4,32857172,99.91
"30652","hardiness",4,32857176,99.91
"30653","harling",4,32857180,99.91
"30654","harmonically",4,32857184,99.91
"30655","hatchling",4,32857188,99.91
"30656","hatefulness",4,32857192,99.91
"30657","hau",4,32857196,99.91
"30658","haulage",4,32857200,99.91
"30659","headquarter",4,32857204,99.91
"30660","headrest",4,32857208,99.91
"30661","headstand",4,32857212,99.91
"30662","heartlessly",4,32857216,99.91
"30663","heartlessness",4,32857220,99.91
"30664","heartsick",4,32857224,99.91
"30665","heathenism",4,32857228,99.91
"30666","heavies",4,32857232,99.91
"30667","hedonic",4,32857236,99.91
"30668","helio",4,32857240,99.91
"30669","heliocentric",4,32857244,99.91
"30670","hellishly",4,32857248,99.91
"30671","hemihydrate",4,32857252,99.91
"30672","hepatic",4,32857256,99.91
"30673","hepcat",4,32857260,99.91
"30674","herbalism",4,32857264,99.91
"30675","heritability",4,32857268,99.91
"30676","hermeneutic",4,32857272,99.91
"30677","hermeneutical",4,32857276,99.91
"30678","herne",4,32857280,99.91
"30679","heuristic",4,32857284,99.91
"30680","hexane",4,32857288,99.91
"30681","hierarchically",4,32857292,99.91
"30682","highfalutin",4,32857296,99.91
"30683","histamine",4,32857300,99.91
"30684","historiographical",4,32857304,99.91
"30685","hoaxer",4,32857308,99.91
"30686","hogweed",4,32857312,99.91
"30687","holdout",4,32857316,99.91
"30688","holdover",4,32857320,99.91
"30689","holeman",4,32857324,99.91
"30690","homeostatic",4,32857328,99.91
"30691","homophone",4,32857332,99.91
"30692","homunculus",4,32857336,99.91
"30693","hoodoo",4,32857340,99.91
"30694","hooter",4,32857344,99.91
"30695","horning",4,32857348,99.91
"30696","hornpipe",4,32857352,99.91
"30697","horsefly",4,32857356,99.91
"30698","horticulturist",4,32857360,99.91
"30699","hubristic",4,32857364,99.91
"30700","huckster",4,32857368,99.91
"30701","humaneness",4,32857372,99.91
"30702","humanization",4,32857376,99.91
"30703","humpy",4,32857380,99.91
"30704","hunkers",4,32857384,99.91
"30705","hurr",4,32857388,99.91
"30706","husked",4,32857392,99.91
"30707","hydrocarbon",4,32857396,99.91
"30708","hydrocephalus",4,32857400,99.91
"30709","hydrological",4,32857404,99.91
"30710","hydrophone",4,32857408,99.91
"30711","hydroxy",4,32857412,99.91
"30712","hyperextension",4,32857416,99.91
"30713","hypertrophic",4,32857420,99.91
"30714","hyssop",4,32857424,99.91
"30715","hysteric",4,32857428,99.91
"30716","iconoclast",4,32857432,99.91
"30717","idler",4,32857436,99.91
"30718","illegitimately",4,32857440,99.91
"30719","illumine",4,32857444,99.91
"30720","illuminist",4,32857448,99.91
"30721","imbecilic",4,32857452,99.91
"30722","impassible",4,32857456,99.91
"30723","impeachable",4,32857460,99.91
"30724","implacably",4,32857464,99.91
"30725","impotency",4,32857468,99.91
"30726","impoverish",4,32857472,99.91
"30727","impregnation",4,32857476,99.91
"30728","impugn",4,32857480,99.91
"30729","imputation",4,32857484,99.91
"30730","inaccessibility",4,32857488,99.91
"30731","inaudibly",4,32857492,99.91
"30732","incisor",4,32857496,99.91
"30733","incongruent",4,32857500,99.91
"30734","inconstant",4,32857504,99.91
"30735","incorporeal",4,32857508,99.91
"30736","incriminate",4,32857512,99.91
"30737","incrimination",4,32857516,99.91
"30738","indented",4,32857520,99.91
"30739","indeterminable",4,32857524,99.91
"30740","indeterminacy",4,32857528,99.91
"30741","indiscernible",4,32857532,99.91
"30742","induct",4,32857536,99.91
"30743","ineffectively",4,32857540,99.91
"30744","ineradicable",4,32857544,99.91
"30745","inexact",4,32857548,99.91
"30746","inexactitude",4,32857552,99.91
"30747","inexcusably",4,32857556,99.91
"30748","inexpert",4,32857560,99.91
"30749","infallibly",4,32857564,99.91
"30750","infilling",4,32857568,99.91
"30751","infinitesimally",4,32857572,99.91
"30752","ingrate",4,32857576,99.91
"30753","inhospitality",4,32857580,99.91
"30754","inhumanly",4,32857584,99.91
"30755","inimitability",4,32857588,99.91
"30756","iniquitous",4,32857592,99.91
"30757","injectable",4,32857596,99.91
"30758","inoculation",4,32857600,99.91
"30759","inquisitively",4,32857604,99.91
"30760","inseam",4,32857608,99.91
"30761","insecurely",4,32857612,99.91
"30762","insensate",4,32857616,99.91
"30763","insensibility",4,32857620,99.91
"30764","insensible",4,32857624,99.91
"30765","inseparably",4,32857628,99.91
"30766","insouciance",4,32857632,99.91
"30767","insouciant",4,32857636,99.91
"30768","instrumentality",4,32857640,99.91
"30769","intaglio",4,32857644,99.91
"30770","intelligencer",4,32857648,99.91
"30771","interbank",4,32857652,99.91
"30772","interbreed",4,32857656,99.91
"30773","intercalary",4,32857660,99.91
"30774","interdependency",4,32857664,99.91
"30775","interdict",4,32857668,99.91
"30776","interline",4,32857672,99.91
"30777","intermix",4,32857676,99.91
"30778","intermixture",4,32857680,99.91
"30779","internist",4,32857684,99.91
"30780","interparliamentary",4,32857688,99.91
"30781","interreligious",4,32857692,99.91
"30782","interrogative",4,32857696,99.91
"30783","intoxicate",4,32857700,99.91
"30784","intramural",4,32857704,99.91
"30785","inveigle",4,32857708,99.91
"30786","islet",4,32857712,99.91
"30787","isotonic",4,32857716,99.91
"30788","jadedness",4,32857720,99.91
"30789","jagir",4,32857724,99.91
"30790","janitorial",4,32857728,99.91
"30791","jauntiness",4,32857732,99.91
"30792","jayhawk",4,32857736,99.91
"30793","jeery",4,32857740,99.91
"30794","jesting",4,32857744,99.91
"30795","jingly",4,32857748,99.91
"30796","jiva",4,32857752,99.91
"30797","jocularly",4,32857756,99.91
"30798","jollity",4,32857760,99.91
"30799","jure",4,32857764,99.91
"30800","justness",4,32857768,99.91
"30801","kapok",4,32857772,99.91
"30802","katha",4,32857776,99.91
"30803","kava",4,32857780,99.91
"30804","kea",4,32857784,99.91
"30805","keenness",4,32857788,99.91
"30806","kewpie",4,32857792,99.91
"30807","khamsin",4,32857796,99.91
"30808","kingwood",4,32857800,99.91
"30809","kob",4,32857804,99.91
"30810","kop",4,32857808,99.91
"30811","kore",4,32857812,99.91
"30812","kou",4,32857816,99.91
"30813","kras",4,32857820,99.91
"30814","kuchen",4,32857824,99.91
"30815","kummel",4,32857828,99.91
"30816","labdanum",4,32857832,99.91
"30817","labial",4,32857836,99.91
"30818","laceration",4,32857840,99.91
"30819","lactase",4,32857844,99.91
"30820","lambent",4,32857848,99.91
"30821","lamia",4,32857852,99.91
"30822","lamprey",4,32857856,99.91
"30823","lanced",4,32857860,99.91
"30824","largemouth",4,32857864,99.91
"30825","larval",4,32857868,99.91
"30826","latecomer",4,32857872,99.91
"30827","lavishing",4,32857876,99.91
"30828","lavishness",4,32857880,99.91
"30829","leaguer",4,32857884,99.91
"30830","leat",4,32857888,99.91
"30831","lechery",4,32857892,99.91
"30832","lectureship",4,32857896,99.91
"30833","leftward",4,32857900,99.91
"30834","legate",4,32857904,99.91
"30835","legibly",4,32857908,99.91
"30836","lessee",4,32857912,99.91
"30837","leveler",4,32857916,99.91
"30838","libidinous",4,32857920,99.91
"30839","lier",4,32857924,99.91
"30840","lightheartedly",4,32857928,99.91
"30841","likeliness",4,32857932,99.91
"30842","liman",4,32857936,99.91
"30843","limiter",4,32857940,99.91
"30844","linea",4,32857944,99.91
"30845","linearly",4,32857948,99.91
"30846","linework",4,32857952,99.91
"30847","lingua",4,32857956,99.91
"30848","linolenic",4,32857960,99.91
"30849","liquidator",4,32857964,99.91
"30850","lithographic",4,32857968,99.91
"30851","livability",4,32857972,99.91
"30852","liwan",4,32857976,99.91
"30853","locum",4,32857980,99.91
"30854","lof",4,32857984,99.91
"30855","lofting",4,32857988,99.91
"30856","loggerhead",4,32857992,99.91
"30857","longhair",4,32857996,99.91
"30858","looter",4,32858000,99.91
"30859","lounger",4,32858004,99.91
"30860","loutish",4,32858008,99.91
"30861","lucent",4,32858012,99.91
"30862","lungfish",4,32858016,99.91
"30863","lustily",4,32858020,99.91
"30864","macao",4,32858024,99.91
"30865","maco",4,32858028,99.91
"30866","madrasah",4,32858032,99.91
"30867","maguey",4,32858036,99.91
"30868","majolica",4,32858040,99.91
"30869","maladjusted",4,32858044,99.91
"30870","malic",4,32858048,99.91
"30871","malodorous",4,32858052,99.91
"30872","maltster",4,32858056,99.91
"30873","manhandle",4,32858060,99.91
"30874","marceline",4,32858064,99.91
"30875","mardy",4,32858068,99.91
"30876","marka",4,32858072,99.91
"30877","marriageable",4,32858076,99.91
"30878","marseilles",4,32858080,99.91
"30879","marsupial",4,32858084,99.91
"30880","mashal",4,32858088,99.91
"30881","materialization",4,32858092,99.92
"30882","mathematic",4,32858096,99.92
"30883","matriculate",4,32858100,99.92
"30884","matrilineal",4,32858104,99.92
"30885","matzos",4,32858108,99.92
"30886","maunder",4,32858112,99.92
"30887","maxima",4,32858116,99.92
"30888","mealies",4,32858120,99.92
"30889","measurably",4,32858124,99.92
"30890","mechanization",4,32858128,99.92
"30891","meconium",4,32858132,99.92
"30892","medaled",4,32858136,99.92
"30893","meed",4,32858140,99.92
"30894","megalithic",4,32858144,99.92
"30895","melodica",4,32858148,99.92
"30896","melodramatically",4,32858152,99.92
"30897","meltingly",4,32858156,99.92
"30898","mends",4,32858160,99.92
"30899","mephitis",4,32858164,99.92
"30900","mercantilism",4,32858168,99.92
"30901","meretricious",4,32858172,99.92
"30902","mescaline",4,32858176,99.92
"30903","mesenchymal",4,32858180,99.92
"30904","metallurgist",4,32858184,99.92
"30905","methought",4,32858188,99.92
"30906","mickle",4,32858192,99.92
"30907","microbe",4,32858196,99.92
"30908","microclimate",4,32858200,99.92
"30909","microscopy",4,32858204,99.92
"30910","midafternoon",4,32858208,99.92
"30911","midden",4,32858212,99.92
"30912","midmorning",4,32858216,99.92
"30913","miff",4,32858220,99.92
"30914","mikie",4,32858224,99.92
"30915","milch",4,32858228,99.92
"30916","militantly",4,32858232,99.92
"30917","milker",4,32858236,99.92
"30918","millenary",4,32858240,99.92
"30919","milligram",4,32858244,99.92
"30920","milliliter",4,32858248,99.92
"30921","minder",4,32858252,99.92
"30922","mineralize",4,32858256,99.92
"30923","minerval",4,32858260,99.92
"30924","minyan",4,32858264,99.92
"30925","miry",4,32858268,99.92
"30926","misalignment",4,32858272,99.92
"30927","misanthrope",4,32858276,99.92
"30928","misapplication",4,32858280,99.92
"30929","misapprehension",4,32858284,99.92
"30930","misconstrue",4,32858288,99.92
"30931","misdeed",4,32858292,99.92
"30932","misjudgement",4,32858296,99.92
"30933","misprint",4,32858300,99.92
"30934","mistrusting",4,32858304,99.92
"30935","mocker",4,32858308,99.92
"30936","modish",4,32858312,99.92
"30937","moff",4,32858316,99.92
"30938","mola",4,32858320,99.92
"30939","molder",4,32858324,99.92
"30940","mollify",4,32858328,99.92
"30941","mollifying",4,32858332,99.92
"30942","monopolization",4,32858336,99.92
"30943","moonraker",4,32858340,99.92
"30944","moonwalking",4,32858344,99.92
"30945","moorman",4,32858348,99.92
"30946","moosa",4,32858352,99.92
"30947","morosely",4,32858356,99.92
"30948","mothered",4,32858360,99.92
"30949","muchness",4,32858364,99.92
"30950","muckle",4,32858368,99.92
"30951","mudslinging",4,32858372,99.92
"30952","mullein",4,32858376,99.92
"30953","mussy",4,32858380,99.92
"30954","mutational",4,32858384,99.92
"30955","mutely",4,32858388,99.92
"30956","muth",4,32858392,99.92
"30957","myelin",4,32858396,99.92
"30958","myositis",4,32858400,99.92
"30959","myristate",4,32858404,99.92
"30960","mysteriousness",4,32858408,99.92
"30961","mystify",4,32858412,99.92
"30962","nagual",4,32858416,99.92
"30963","nain",4,32858420,99.92
"30964","naish",4,32858424,99.92
"30965","nandi",4,32858428,99.92
"30966","nard",4,32858432,99.92
"30967","necrosis",4,32858436,99.92
"30968","needlebook",4,32858440,99.92
"30969","negligibly",4,32858444,99.92
"30970","neodymium",4,32858448,99.92
"30971","neuroblastoma",4,32858452,99.92
"30972","neuroma",4,32858456,99.92
"30973","neurone",4,32858460,99.92
"30974","neutrally",4,32858464,99.92
"30975","newsreel",4,32858468,99.92
"30976","nicker",4,32858472,99.92
"30977","nicking",4,32858476,99.92
"30978","nigori",4,32858480,99.92
"30979","ninetieth",4,32858484,99.92
"30980","ninny",4,32858488,99.92
"30981","nitroglycerin",4,32858492,99.92
"30982","noiselessly",4,32858496,99.92
"30983","nominator",4,32858500,99.92
"30984","nonbeliever",4,32858504,99.92
"30985","nongovernmental",4,32858508,99.92
"30986","nonpayment",4,32858512,99.92
"30987","nonstress",4,32858516,99.92
"30988","nonwhite",4,32858520,99.92
"30989","noser",4,32858524,99.92
"30990","notional",4,32858528,99.92
"30991","notionally",4,32858532,99.92
"30992","noumenal",4,32858536,99.92
"30993","nubbly",4,32858540,99.92
"30994","nuclei",4,32858544,99.92
"30995","nutting",4,32858548,99.92
"30996","obeisance",4,32858552,99.92
"30997","objectivist",4,32858556,99.92
"30998","oblation",4,32858560,99.92
"30999","obstinacy",4,32858564,99.92
"31000","obstreperous",4,32858568,99.92
"31001","ocher",4,32858572,99.92
"31002","oclock",4,32858576,99.92
"31003","octet",4,32858580,99.92
"31004","offcut",4,32858584,99.92
"31005","offensiveness",4,32858588,99.92
"31006","oftenness",4,32858592,99.92
"31007","oleaginous",4,32858596,99.92
"31008","oleic",4,32858600,99.92
"31009","onomatopoeic",4,32858604,99.92
"31010","operationalist",4,32858608,99.92
"31011","oppressively",4,32858612,99.92
"31012","oppressiveness",4,32858616,99.92
"31013","optometry",4,32858620,99.92
"31014","orangery",4,32858624,99.92
"31015","oratorical",4,32858628,99.92
"31016","oratorio",4,32858632,99.92
"31017","organdy",4,32858636,99.92
"31018","orgiastic",4,32858640,99.92
"31019","orientate",4,32858644,99.92
"31020","orna",4,32858648,99.92
"31021","ort",4,32858652,99.92
"31022","orthodontics",4,32858656,99.92
"31023","oscillate",4,32858660,99.92
"31024","oscilloscope",4,32858664,99.92
"31025","oscitate",4,32858668,99.92
"31026","osteopathic",4,32858672,99.92
"31027","osteosarcoma",4,32858676,99.92
"31028","outdoorsman",4,32858680,99.92
"31029","outraging",4,32858684,99.92
"31030","outspokenly",4,32858688,99.92
"31031","outspokenness",4,32858692,99.92
"31032","outsweep",4,32858696,99.92
"31033","overabundant",4,32858700,99.92
"31034","overbite",4,32858704,99.92
"31035","overenthusiastic",4,32858708,99.92
"31036","overfull",4,32858712,99.92
"31037","overmuch",4,32858716,99.92
"31038","overpay",4,32858720,99.92
"31039","oversea",4,32858724,99.92
"31040","overstimulation",4,32858728,99.92
"31041","ovipositor",4,32858732,99.92
"31042","ower",4,32858736,99.92
"31043","oxblood",4,32858740,99.92
"31044","paar",4,32858744,99.92
"31045","paddler",4,32858748,99.92
"31046","paganistic",4,32858752,99.92
"31047","paintable",4,32858756,99.92
"31048","pakeha",4,32858760,99.92
"31049","palatability",4,32858764,99.92
"31050","palaver",4,32858768,99.92
"31051","pallette",4,32858772,99.92
"31052","palomino",4,32858776,99.92
"31053","panoply",4,32858780,99.92
"31054","panter",4,32858784,99.92
"31055","pantheonic",4,32858788,99.92
"31056","parabolic",4,32858792,99.92
"31057","paradisical",4,32858796,99.92
"31058","parallelogram",4,32858800,99.92
"31059","parang",4,32858804,99.92
"31060","pardoning",4,32858808,99.92
"31061","pari",4,32858812,99.92
"31062","parietal",4,32858816,99.92
"31063","parousia",4,32858820,99.92
"31064","particularist",4,32858824,99.92
"31065","pastorate",4,32858828,99.92
"31066","paten",4,32858832,99.92
"31067","pathogenesis",4,32858836,99.92
"31068","pathologically",4,32858840,99.92
"31069","patois",4,32858844,99.92
"31070","paulin",4,32858848,99.92
"31071","peaky",4,32858852,99.92
"31072","peart",4,32858856,99.92
"31073","peavey",4,32858860,99.92
"31074","pebbled",4,32858864,99.92
"31075","peccadillo",4,32858868,99.92
"31076","pectoral",4,32858872,99.92
"31077","pedagogic",4,32858876,99.92
"31078","pedantry",4,32858880,99.92
"31079","peeper",4,32858884,99.92
"31080","pelage",4,32858888,99.92
"31081","pelagic",4,32858892,99.92
"31082","pelargonium",4,32858896,99.92
"31083","pembina",4,32858900,99.92
"31084","penitence",4,32858904,99.92
"31085","penknife",4,32858908,99.92
"31086","penni",4,32858912,99.92
"31087","pensively",4,32858916,99.92
"31088","penumbra",4,32858920,99.92
"31089","peremptory",4,32858924,99.92
"31090","perfidious",4,32858928,99.92
"31091","perforation",4,32858932,99.92
"31092","perforce",4,32858936,99.92
"31093","pericope",4,32858940,99.92
"31094","perineal",4,32858944,99.92
"31095","perking",4,32858948,99.92
"31096","permanency",4,32858952,99.92
"31097","perspicacious",4,32858956,99.92
"31098","perturbing",4,32858960,99.92
"31099","perty",4,32858964,99.92
"31100","pestilent",4,32858968,99.92
"31101","petersham",4,32858972,99.92
"31102","phage",4,32858976,99.92
"31103","phalanges",4,32858980,99.92
"31104","phantasy",4,32858984,99.92
"31105","phenotype",4,32858988,99.92
"31106","phonemic",4,32858992,99.92
"31107","phono",4,32858996,99.92
"31108","phosphine",4,32859000,99.92
"31109","phosphorylation",4,32859004,99.92
"31110","photomontage",4,32859008,99.92
"31111","phrasal",4,32859012,99.92
"31112","physic",4,32859016,99.92
"31113","physiognomy",4,32859020,99.92
"31114","pict",4,32859024,99.92
"31115","pierrot",4,32859028,99.92
"31116","piezo",4,32859032,99.92
"31117","piggish",4,32859036,99.92
"31118","pilfer",4,32859040,99.92
"31119","pili",4,32859044,99.92
"31120","pillory",4,32859048,99.92
"31121","pincer",4,32859052,99.92
"31122","pincher",4,32859056,99.92
"31123","pinder",4,32859060,99.92
"31124","pinkeye",4,32859064,99.92
"31125","pir",4,32859068,99.92
"31126","piratical",4,32859072,99.92
"31127","piso",4,32859076,99.92
"31128","pitman",4,32859080,99.92
"31129","placental",4,32859084,99.92
"31130","placket",4,32859088,99.92
"31131","plagiarize",4,32859092,99.92
"31132","plainness",4,32859096,99.92
"31133","plasmodium",4,32859100,99.92
"31134","playwork",4,32859104,99.92
"31135","pleater",4,32859108,99.92
"31136","plesiosaur",4,32859112,99.92
"31137","plication",4,32859116,99.92
"31138","plumier",4,32859120,99.92
"31139","pluralistic",4,32859124,99.92
"31140","pneuma",4,32859128,99.92
"31141","pneumothorax",4,32859132,99.92
"31142","poesy",4,32859136,99.92
"31143","polarize",4,32859140,99.92
"31144","pollinator",4,32859144,99.92
"31145","polonaise",4,32859148,99.92
"31146","polyandrous",4,32859152,99.92
"31147","polycentric",4,32859156,99.92
"31148","polychromatic",4,32859160,99.92
"31149","polyp",4,32859164,99.92
"31150","polyphony",4,32859168,99.92
"31151","polysyllabic",4,32859172,99.92
"31152","pommel",4,32859176,99.92
"31153","pone",4,32859180,99.92
"31154","pontification",4,32859184,99.92
"31155","popple",4,32859188,99.92
"31156","poppycock",4,32859192,99.92
"31157","porker",4,32859196,99.92
"31158","porosity",4,32859200,99.92
"31159","porus",4,32859204,99.92
"31160","positional",4,32859208,99.92
"31161","posole",4,32859212,99.92
"31162","postfix",4,32859216,99.92
"31163","potboiler",4,32859220,99.92
"31164","potentiate",4,32859224,99.92
"31165","pourer",4,32859228,99.92
"31166","poxy",4,32859232,99.92
"31167","praiser",4,32859236,99.92
"31168","pranked",4,32859240,99.92
"31169","precariousness",4,32859244,99.92
"31170","predicable",4,32859248,99.92
"31171","prejudge",4,32859252,99.92
"31172","premenstrual",4,32859256,99.92
"31173","premortal",4,32859260,99.92
"31174","preposterously",4,32859264,99.92
"31175","prerelease",4,32859268,99.92
"31176","presentational",4,32859272,99.92
"31177","preshow",4,32859276,99.92
"31178","presuppose",4,32859280,99.92
"31179","pretentiously",4,32859284,99.92
"31180","prier",4,32859288,99.92
"31181","primp",4,32859292,99.92
"31182","probabilistic",4,32859296,99.92
"31183","prodigiously",4,32859300,99.92
"31184","promiscuously",4,32859304,99.92
"31185","promisingly",4,32859308,99.92
"31186","prompter",4,32859312,99.92
"31187","pronate",4,32859316,99.92
"31188","pronator",4,32859320,99.92
"31189","propertied",4,32859324,99.92
"31190","propitiate",4,32859328,99.92
"31191","propitious",4,32859332,99.92
"31192","proprietress",4,32859336,99.92
"31193","prosaically",4,32859340,99.92
"31194","prosody",4,32859344,99.92
"31195","prostration",4,32859348,99.92
"31196","protease",4,32859352,99.92
"31197","protectant",4,32859356,99.92
"31198","proverbially",4,32859360,99.92
"31199","provincialism",4,32859364,99.92
"31200","provitamin",4,32859368,99.92
"31201","proximal",4,32859372,99.92
"31202","psychical",4,32859376,99.92
"31203","psychoanalytical",4,32859380,99.92
"31204","psychometric",4,32859384,99.92
"31205","pterosaur",4,32859388,99.92
"31206","puan",4,32859392,99.92
"31207","pubertal",4,32859396,99.92
"31208","puddy",4,32859400,99.92
"31209","puffery",4,32859404,99.92
"31210","puggle",4,32859408,99.92
"31211","pugilist",4,32859412,99.92
"31212","pulsation",4,32859416,99.92
"31213","punctum",4,32859420,99.92
"31214","pupa",4,32859424,99.92
"31215","puppetry",4,32859428,99.92
"31216","purgative",4,32859432,99.92
"31217","purply",4,32859436,99.92
"31218","pursuer",4,32859440,99.92
"31219","putatively",4,32859444,99.92
"31220","puzzler",4,32859448,99.92
"31221","pyramidal",4,32859452,99.92
"31222","pyrotechnic",4,32859456,99.92
"31223","quadrille",4,32859460,99.92
"31224","quadrillion",4,32859464,99.92
"31225","quan",4,32859468,99.92
"31226","quantic",4,32859472,99.92
"31227","quantification",4,32859476,99.92
"31228","quarrelsome",4,32859480,99.92
"31229","quartering",4,32859484,99.92
"31230","quarterstaff",4,32859488,99.92
"31231","quatrain",4,32859492,99.92
"31232","quean",4,32859496,99.92
"31233","queendom",4,32859500,99.92
"31234","queerness",4,32859504,99.92
"31235","quintal",4,32859508,99.92
"31236","quintuple",4,32859512,99.92
"31237","quod",4,32859516,99.92
"31238","raad",4,32859520,99.92
"31239","radiantly",4,32859524,99.92
"31240","radii",4,32859528,99.92
"31241","radiocarbon",4,32859532,99.92
"31242","radioman",4,32859536,99.92
"31243","radix",4,32859540,99.92
"31244","raki",4,32859544,99.92
"31245","rakish",4,32859548,99.92
"31246","ramada",4,32859552,99.92
"31247","ramification",4,32859556,99.92
"31248","rammy",4,32859560,99.92
"31249","rampart",4,32859564,99.92
"31250","rance",4,32859568,99.92
"31251","rangy",4,32859572,99.92
"31252","rasen",4,32859576,99.92
"31253","rasher",4,32859580,99.92
"31254","rashly",4,32859584,99.92
"31255","rationalistic",4,32859588,99.92
"31256","raver",4,32859592,99.92
"31257","razorback",4,32859596,99.92
"31258","reacher",4,32859600,99.92
"31259","readjustment",4,32859604,99.92
"31260","reaffirmation",4,32859608,99.92
"31261","realizable",4,32859612,99.92
"31262","reanimate",4,32859616,99.92
"31263","reb",4,32859620,99.92
"31264","rebelliousness",4,32859624,99.92
"31265","recapitulate",4,32859628,99.92
"31266","recertify",4,32859632,99.92
"31267","recherche",4,32859636,99.92
"31268","recombine",4,32859640,99.92
"31269","recurve",4,32859644,99.92
"31270","recuse",4,32859648,99.92
"31271","redbreast",4,32859652,99.92
"31272","redden",4,32859656,99.92
"31273","redraft",4,32859660,99.92
"31274","reducible",4,32859664,99.92
"31275","reformatory",4,32859668,99.92
"31276","refractory",4,32859672,99.92
"31277","regimentation",4,32859676,99.92
"31278","regnant",4,32859680,99.92
"31279","regularization",4,32859684,99.92
"31280","regulus",4,32859688,99.92
"31281","rehabilitative",4,32859692,99.92
"31282","reimbursable",4,32859696,99.92
"31283","reinette",4,32859700,99.92
"31284","reinsert",4,32859704,99.92
"31285","reinsurance",4,32859708,99.92
"31286","reis",4,32859712,99.92
"31287","rejoinder",4,32859716,99.92
"31288","relentlessness",4,32859720,99.92
"31289","reoccurrence",4,32859724,99.92
"31290","repairer",4,32859728,99.92
"31291","reprehensibly",4,32859732,99.92
"31292","reproachful",4,32859736,99.92
"31293","reprobation",4,32859740,99.92
"31294","reproducible",4,32859744,99.92
"31295","reseed",4,32859748,99.92
"31296","resew",4,32859752,99.92
"31297","resistor",4,32859756,99.92
"31298","resonator",4,32859760,99.92
"31299","restitch",4,32859764,99.92
"31300","restyle",4,32859768,99.92
"31301","resupply",4,32859772,99.92
"31302","reteach",4,32859776,99.92
"31303","retype",4,32859780,99.92
"31304","reutter",4,32859784,99.92
"31305","revealingly",4,32859788,99.92
"31306","revivalism",4,32859792,99.92
"31307","rhapsodic",4,32859796,99.92
"31308","rhymer",4,32859800,99.92
"31309","ribbony",4,32859804,99.92
"31310","rickrack",4,32859808,99.92
"31311","rigmarole",4,32859812,99.92
"31312","rigsby",4,32859816,99.92
"31313","roadster",4,32859820,99.92
"31314","rockish",4,32859824,99.92
"31315","rodenticide",4,32859828,99.92
"31316","roentgen",4,32859832,99.92
"31317","roker",4,32859836,99.92
"31318","rollerskating",4,32859840,99.92
"31319","rond",4,32859844,99.92
"31320","ronde",4,32859848,99.92
"31321","roon",4,32859852,99.92
"31322","roosted",4,32859856,99.92
"31323","rootlessness",4,32859860,99.92
"31324","roseate",4,32859864,99.92
"31325","rosser",4,32859868,99.92
"31326","rostra",4,32859872,99.92
"31327","rostrum",4,32859876,99.92
"31328","rother",4,32859880,99.92
"31329","roto",4,32859884,99.92
"31330","roughhousing",4,32859888,99.92
"31331","rouser",4,32859892,99.92
"31332","rubberneck",4,32859896,99.92
"31333","rubbernecker",4,32859900,99.92
"31334","ruche",4,32859904,99.92
"31335","rudderless",4,32859908,99.92
"31336","runic",4,32859912,99.92
"31337","rupa",4,32859916,99.92
"31338","saco",4,32859920,99.92
"31339","saddlebag",4,32859924,99.92
"31340","sadistically",4,32859928,99.92
"31341","sagacious",4,32859932,99.92
"31342","sailer",4,32859936,99.92
"31343","salix",4,32859940,99.92
"31344","salsify",4,32859944,99.92
"31345","samarra",4,32859948,99.92
"31346","sanely",4,32859952,99.92
"31347","sapper",4,32859956,99.92
"31348","saraf",4,32859960,99.92
"31349","sarcoma",4,32859964,99.92
"31350","sargasso",4,32859968,99.92
"31351","sarsaparilla",4,32859972,99.92
"31352","sawfish",4,32859976,99.92
"31353","scapula",4,32859980,99.92
"31354","scatological",4,32859984,99.92
"31355","scena",4,32859988,99.92
"31356","scenting",4,32859992,99.92
"31357","schoolish",4,32859996,99.92
"31358","scientism",4,32860000,99.92
"31359","scofflaw",4,32860004,99.92
"31360","scouse",4,32860008,99.92
"31361","scrabbled",4,32860012,99.92
"31362","screamingly",4,32860016,99.92
"31363","scribbler",4,32860020,99.92
"31364","scribing",4,32860024,99.92
"31365","scrimp",4,32860028,99.92
"31366","scrimshaw",4,32860032,99.92
"31367","scrunchy",4,32860036,99.92
"31368","scud",4,32860040,99.92
"31369","scull",4,32860044,99.92
"31370","sculpin",4,32860048,99.92
"31371","sealable",4,32860052,99.92
"31372","seamanship",4,32860056,99.92
"31373","sebaceous",4,32860060,99.92
"31374","sedge",4,32860064,99.92
"31375","sedum",4,32860068,99.92
"31376","selectman",4,32860072,99.92
"31377","sellable",4,32860076,99.92
"31378","sensate",4,32860080,99.92
"31379","senselessness",4,32860084,99.92
"31380","sentencer",4,32860088,99.92
"31381","sequester",4,32860092,99.92
"31382","serai",4,32860096,99.92
"31383","seraphina",4,32860100,99.92
"31384","sere",4,32860104,99.92
"31385","serviceberry",4,32860108,99.92
"31386","sexualize",4,32860112,99.92
"31387","shahi",4,32860116,99.92
"31388","shahzada",4,32860120,99.92
"31389","shakeout",4,32860124,99.92
"31390","shakiness",4,32860128,99.92
"31391","shallowly",4,32860132,99.92
"31392","shamanistic",4,32860136,99.92
"31393","shamefaced",4,32860140,99.92
"31394","shampooer",4,32860144,99.92
"31395","sharn",4,32860148,99.92
"31396","shatterproof",4,32860152,99.92
"31397","shearman",4,32860156,99.92
"31398","sheepshead",4,32860160,99.92
"31399","shingled",4,32860164,99.92
"31400","shipway",4,32860168,99.92
"31401","shirky",4,32860172,99.92
"31402","shored",4,32860176,99.92
"31403","shortchange",4,32860180,99.92
"31404","shott",4,32860184,99.92
"31405","showboat",4,32860188,99.92
"31406","shrilly",4,32860192,99.92
"31407","shug",4,32860196,99.92
"31408","shunting",4,32860200,99.92
"31409","shutoff",4,32860204,99.92
"31410","shyster",4,32860208,99.92
"31411","sib",4,32860212,99.92
"31412","sidling",4,32860216,99.92
"31413","silencer",4,32860220,99.92
"31414","silicate",4,32860224,99.92
"31415","silversmith",4,32860228,99.92
"31416","sima",4,32860232,99.92
"31417","similitude",4,32860236,99.92
"31418","simony",4,32860240,99.92
"31419","simp",4,32860244,99.92
"31420","simultaneity",4,32860248,99.92
"31421","sinisterly",4,32860252,99.92
"31422","sinter",4,32860256,99.92
"31423","sirene",4,32860260,99.92
"31424","skilling",4,32860264,99.92
"31425","skinflint",4,32860268,99.92
"31426","skinful",4,32860272,99.92
"31427","skitter",4,32860276,99.92
"31428","skoal",4,32860280,99.92
"31429","skywriting",4,32860284,99.92
"31430","slaver",4,32860288,99.92
"31431","slavering",4,32860292,99.92
"31432","sleekness",4,32860296,99.92
"31433","sleeting",4,32860300,99.92
"31434","slobbery",4,32860304,99.92
"31435","slopped",4,32860308,99.92
"31436","slumberland",4,32860312,99.92
"31437","slyness",4,32860316,99.92
"31438","smarting",4,32860320,99.92
"31439","smartness",4,32860324,99.92
"31440","smeller",4,32860328,99.92
"31441","smoochy",4,32860332,99.92
"31442","snaky",4,32860336,99.92
"31443","snarly",4,32860340,99.92
"31444","softish",4,32860344,99.92
"31445","solarium",4,32860348,99.92
"31446","solemnization",4,32860352,99.92
"31447","somnambulist",4,32860356,99.92
"31448","sostenuto",4,32860360,99.92
"31449","soteriology",4,32860364,99.92
"31450","sovietization",4,32860368,99.92
"31451","spearfish",4,32860372,99.92
"31452","spearman",4,32860376,99.92
"31453","speculator",4,32860380,99.92
"31454","speedboat",4,32860384,99.92
"31455","spillway",4,32860388,99.92
"31456","spindler",4,32860392,99.92
"31457","spindling",4,32860396,99.92
"31458","spinney",4,32860400,99.92
"31459","spiritedness",4,32860404,99.92
"31460","spirithood",4,32860408,99.92
"31461","spirt",4,32860412,99.92
"31462","splender",4,32860416,99.92
"31463","splintery",4,32860420,99.92
"31464","splotch",4,32860424,99.92
"31465","sportive",4,32860428,99.92
"31466","springwood",4,32860432,99.92
"31467","spyglass",4,32860436,99.92
"31468","squeezable",4,32860440,99.92
"31469","squelchy",4,32860444,99.92
"31470","squiffy",4,32860448,99.92
"31471","stabber",4,32860452,99.92
"31472","stacker",4,32860456,99.92
"31473","stagecraft",4,32860460,99.92
"31474","stagnancy",4,32860464,99.92
"31475","stampman",4,32860468,99.92
"31476","stanch",4,32860472,99.92
"31477","stang",4,32860476,99.92
"31478","stanze",4,32860480,99.92
"31479","staphylococcus",4,32860484,99.92
"31480","statutorily",4,32860488,99.92
"31481","stearate",4,32860492,99.92
"31482","steersman",4,32860496,99.92
"31483","steno",4,32860500,99.92
"31484","stenographer",4,32860504,99.92
"31485","stenosis",4,32860508,99.92
"31486","stereophonic",4,32860512,99.92
"31487","stickle",4,32860516,99.92
"31488","stickpin",4,32860520,99.92
"31489","stifler",4,32860524,99.92
"31490","stigmatization",4,32860528,99.92
"31491","stilling",4,32860532,99.92
"31492","stim",4,32860536,99.92
"31493","stochastic",4,32860540,99.92
"31494","stolid",4,32860544,99.92
"31495","stomper",4,32860548,99.92
"31496","straggler",4,32860552,99.92
"31497","straggly",4,32860556,99.92
"31498","strass",4,32860560,99.92
"31499","streaker",4,32860564,99.92
"31500","streck",4,32860568,99.92
"31501","streptococcus",4,32860572,99.92
"31502","stricture",4,32860576,99.92
"31503","stringently",4,32860580,99.92
"31504","striper",4,32860584,99.92
"31505","striven",4,32860588,99.92
"31506","stuffiness",4,32860592,99.92
"31507","subacute",4,32860596,99.92
"31508","subcategory",4,32860600,99.92
"31509","subcontractor",4,32860604,99.92
"31510","subhead",4,32860608,99.92
"31511","submersed",4,32860612,99.92
"31512","suborbital",4,32860616,99.92
"31513","subregion",4,32860620,99.92
"31514","substratum",4,32860624,99.92
"31515","succotash",4,32860628,99.92
"31516","succulence",4,32860632,99.92
"31517","sudd",4,32860636,99.92
"31518","sufferance",4,32860640,99.92
"31519","sulfuric",4,32860644,99.92
"31520","sunder",4,32860648,99.92
"31521","sunup",4,32860652,99.92
"31522","superannuation",4,32860656,99.92
"31523","superheroic",4,32860660,99.92
"31524","supernature",4,32860664,99.92
"31525","supersensuous",4,32860668,99.92
"31526","supervenient",4,32860672,99.92
"31527","suppleness",4,32860676,99.92
"31528","suppressive",4,32860680,99.92
"31529","suppressor",4,32860684,99.92
"31530","surcease",4,32860688,99.92
"31531","sures",4,32860692,99.92
"31532","susi",4,32860696,99.92
"31533","suspensory",4,32860700,99.92
"31534","suspiciousness",4,32860704,99.92
"31535","susu",4,32860708,99.92
"31536","swamper",4,32860712,99.92
"31537","swelter",4,32860716,99.92
"31538","swingy",4,32860720,99.92
"31539","syllabic",4,32860724,99.92
"31540","symbolical",4,32860728,99.92
"31541","synchronistically",4,32860732,99.92
"31542","synchrony",4,32860736,99.92
"31543","syntactic",4,32860740,99.92
"31544","syzygium",4,32860744,99.92
"31545","tabu",4,32860748,99.92
"31546","tabula",4,32860752,99.92
"31547","tabulation",4,32860756,99.92
"31548","taggy",4,32860760,99.92
"31549","taha",4,32860764,99.92
"31550","tailpiece",4,32860768,99.92
"31551","taipan",4,32860772,99.92
"31552","tallit",4,32860776,99.92
"31553","tamarack",4,32860780,99.92
"31554","tane",4,32860784,99.92
"31555","tannaim",4,32860788,99.92
"31556","taproot",4,32860792,99.92
"31557","tarpon",4,32860796,99.92
"31558","tartly",4,32860800,99.92
"31559","tatter",4,32860804,99.92
"31560","taupo",4,32860808,99.92
"31561","taw",4,32860812,99.92
"31562","teakettle",4,32860816,99.92
"31563","technic",4,32860820,99.92
"31564","tediously",4,32860824,99.92
"31565","teem",4,32860828,99.92
"31566","teet",4,32860832,99.92
"31567","teff",4,32860836,99.92
"31568","telephony",4,32860840,99.92
"31569","tendentious",4,32860844,99.92
"31570","tenderhearted",4,32860848,99.92
"31571","tenseness",4,32860852,99.92
"31572","tentacled",4,32860856,99.92
"31573","termini",4,32860860,99.92
"31574","tetrad",4,32860864,99.92
"31575","tetraploid",4,32860868,99.92
"31576","thakur",4,32860872,99.92
"31577","thermography",4,32860876,99.92
"31578","thew",4,32860880,99.92
"31579","thiamin",4,32860884,99.92
"31580","thickset",4,32860888,99.92
"31581","thinnish",4,32860892,99.92
"31582","thorium",4,32860896,99.92
"31583","threader",4,32860900,99.92
"31584","threepenny",4,32860904,99.92
"31585","thundercloud",4,32860908,99.92
"31586","thundery",4,32860912,99.92
"31587","tice",4,32860916,99.92
"31588","tift",4,32860920,99.92
"31589","tiler",4,32860924,99.92
"31590","timbo",4,32860928,99.92
"31591","timorous",4,32860932,99.92
"31592","timpani",4,32860936,99.92
"31593","tinkerer",4,32860940,99.92
"31594","tinta",4,32860944,99.92
"31595","tipster",4,32860948,99.92
"31596","tittering",4,32860952,99.92
"31597","toastiness",4,32860956,99.92
"31598","toco",4,32860960,99.92
"31599","togs",4,32860964,99.92
"31600","toilette",4,32860968,99.92
"31601","toilsome",4,32860972,99.92
"31602","tope",4,32860976,99.92
"31603","topknot",4,32860980,99.92
"31604","topline",4,32860984,99.92
"31605","topman",4,32860988,99.92
"31606","topological",4,32860992,99.92
"31607","touchable",4,32860996,99.92
"31608","toxoplasmosis",4,32861000,99.92
"31609","tractate",4,32861004,99.92
"31610","tradespeople",4,32861008,99.92
"31611","transcendently",4,32861012,99.92
"31612","transfix",4,32861016,99.92
"31613","transgressor",4,32861020,99.92
"31614","transitive",4,32861024,99.92
"31615","translational",4,32861028,99.92
"31616","transmigration",4,32861032,99.92
"31617","transom",4,32861036,99.92
"31618","transpose",4,32861040,99.92
"31619","transposition",4,32861044,99.92
"31620","transubstantiation",4,32861048,99.92
"31621","tranter",4,32861052,99.92
"31622","trapunto",4,32861056,99.92
"31623","trashiness",4,32861060,99.92
"31624","treacher",4,32861064,99.92
"31625","treacherously",4,32861068,99.92
"31626","trebly",4,32861072,99.92
"31627","trefoil",4,32861076,99.92
"31628","trespasser",4,32861080,99.92
"31629","triclinium",4,32861084,99.92
"31630","tricorn",4,32861088,99.92
"31631","tricuspid",4,32861092,99.92
"31632","triduum",4,32861096,99.92
"31633","triggerfish",4,32861100,99.92
"31634","trilby",4,32861104,99.92
"31635","tripper",4,32861108,99.92
"31636","trivet",4,32861112,99.92
"31637","triviality",4,32861116,99.92
"31638","trouper",4,32861120,99.92
"31639","trow",4,32861124,99.92
"31640","truncheon",4,32861128,99.92
"31641","trunked",4,32861132,99.92
"31642","tsarevitch",4,32861136,99.92
"31643","tsubo",4,32861140,99.92
"31644","tuille",4,32861144,99.92
"31645","tule",4,32861148,99.92
"31646","tulsi",4,32861152,99.92
"31647","turfed",4,32861156,99.92
"31648","turnstile",4,32861160,99.92
"31649","tussock",4,32861164,99.92
"31650","tweedledee",4,32861168,99.92
"31651","twiglet",4,32861172,99.92
"31652","twinned",4,32861176,99.92
"31653","twopence",4,32861180,99.92
"31654","tyrannize",4,32861184,99.92
"31655","tyrosine",4,32861188,99.92
"31656","udell",4,32861192,99.92
"31657","uke",4,32861196,99.92
"31658","ulema",4,32861200,99.92
"31659","ullage",4,32861204,99.92
"31660","umbra",4,32861208,99.92
"31661","unaccountability",4,32861212,99.92
"31662","unadventurous",4,32861216,99.92
"31663","unaged",4,32861220,99.92
"31664","unappreciative",4,32861224,99.92
"31665","unawakened",4,32861228,99.92
"31666","unbirthday",4,32861232,99.92
"31667","unboxed",4,32861236,99.92
"31668","unbranded",4,32861240,99.92
"31669","unbridgeable",4,32861244,99.92
"31670","unbuilt",4,32861248,99.92
"31671","unburden",4,32861252,99.92
"31672","unchain",4,32861256,99.92
"31673","unclench",4,32861260,99.92
"31674","unclog",4,32861264,99.92
"31675","uncomfy",4,32861268,99.92
"31676","uncomplaining",4,32861272,99.92
"31677","unconfidence",4,32861276,99.92
"31678","unconstitutionality",4,32861280,99.92
"31679","uncontaminated",4,32861284,99.92
"31680","uncreate",4,32861288,99.92
"31681","uncropped",4,32861292,99.92
"31682","undemonstrative",4,32861296,99.92
"31683","underbed",4,32861300,99.92
"31684","underfloor",4,32861304,99.92
"31685","underhill",4,32861308,99.92
"31686","underlet",4,32861312,99.92
"31687","undervaluation",4,32861316,99.92
"31688","undigested",4,32861320,99.92
"31689","undirected",4,32861324,99.92
"31690","undismayed",4,32861328,99.92
"31691","undistinguishable",4,32861332,99.92
"31692","uneconomical",4,32861336,99.92
"31693","unenthusiastic",4,32861340,99.92
"31694","unfixable",4,32861344,99.92
"31695","unflagging",4,32861348,99.92
"31696","unforgivably",4,32861352,99.92
"31697","unfurnished",4,32861356,99.92
"31698","ungracious",4,32861360,99.92
"31699","unguaranteed",4,32861364,99.92
"31700","unhealthful",4,32861368,99.92
"31701","unhinge",4,32861372,99.92
"31702","unhitched",4,32861376,99.92
"31703","universalize",4,32861380,99.93
"31704","unkept",4,32861384,99.93
"31705","unleaded",4,32861388,99.93
"31706","unmake",4,32861392,99.93
"31707","unmeasurable",4,32861396,99.93
"31708","unmercifully",4,32861400,99.93
"31709","unmixed",4,32861404,99.93
"31710","unnameable",4,32861408,99.93
"31711","unobservant",4,32861412,99.93
"31712","unparallel",4,32861416,99.93
"31713","unpatentable",4,32861420,99.93
"31714","unplowed",4,32861424,99.93
"31715","unprecedentedly",4,32861428,99.93
"31716","unprinted",4,32861432,99.93
"31717","unprofessionalism",4,32861436,99.93
"31718","unquiet",4,32861440,99.93
"31719","unreasoning",4,32861444,99.93
"31720","unrecorded",4,32861448,99.93
"31721","unrecoverable",4,32861452,99.93
"31722","unredeemed",4,32861456,99.93
"31723","unrefrigerated",4,32861460,99.93
"31724","unresolvable",4,32861464,99.93
"31725","unresponsiveness",4,32861468,99.93
"31726","unrevealed",4,32861472,99.93
"31727","unshed",4,32861476,99.93
"31728","unshorn",4,32861480,99.93
"31729","unsocial",4,32861484,99.93
"31730","unswervingly",4,32861488,99.93
"31731","untangled",4,32861492,99.93
"31732","untrusting",4,32861496,99.93
"31733","unutterable",4,32861500,99.93
"31734","unworldly",4,32861504,99.93
"31735","upholster",4,32861508,99.93
"31736","uproariously",4,32861512,99.93
"31737","urd",4,32861516,99.93
"31738","uteri",4,32861520,99.93
"31739","valise",4,32861524,99.93
"31740","vall",4,32861528,99.93
"31741","vari",4,32861532,99.93
"31742","vaudevillian",4,32861536,99.93
"31743","veen",4,32861540,99.93
"31744","velodrome",4,32861544,99.93
"31745","ventilate",4,32861548,99.93
"31746","ventriloquism",4,32861552,99.93
"31747","vexation",4,32861556,99.93
"31748","vibrance",4,32861560,99.93
"31749","vibraphone",4,32861564,99.93
"31750","victuals",4,32861568,99.93
"31751","vielle",4,32861572,99.93
"31752","villar",4,32861576,99.93
"31753","vim",4,32861580,99.93
"31754","virology",4,32861584,99.93
"31755","virtuality",4,32861588,99.93
"31756","virtuously",4,32861592,99.93
"31757","virulence",4,32861596,99.93
"31758","visioned",4,32861600,99.93
"31759","visto",4,32861604,99.93
"31760","vivaciousness",4,32861608,99.93
"31761","voided",4,32861612,99.93
"31762","voiding",4,32861616,99.93
"31763","waar",4,32861620,99.93
"31764","wackiness",4,32861624,99.93
"31765","waffly",4,32861628,99.93
"31766","waker",4,32861632,99.93
"31767","walloping",4,32861636,99.93
"31768","wangle",4,32861640,99.93
"31769","waspish",4,32861644,99.93
"31770","wastefulness",4,32861648,99.93
"31771","watchfulness",4,32861652,99.93
"31772","watchmaking",4,32861656,99.93
"31773","weaselly",4,32861660,99.93
"31774","wedging",4,32861664,99.93
"31775","weet",4,32861668,99.93
"31776","wellhead",4,32861672,99.93
"31777","wem",4,32861676,99.93
"31778","wert",4,32861680,99.93
"31779","westernmost",4,32861684,99.93
"31780","westy",4,32861688,99.93
"31781","whap",4,32861692,99.93
"31782","whare",4,32861696,99.93
"31783","wheaty",4,32861700,99.93
"31784","wheen",4,32861704,99.93
"31785","wherry",4,32861708,99.93
"31786","whisp",4,32861712,99.93
"31787","whiten",4,32861716,99.93
"31788","widdle",4,32861720,99.93
"31789","widener",4,32861724,99.93
"31790","willey",4,32861728,99.93
"31791","windless",4,32861732,99.93
"31792","windproof",4,32861736,99.93
"31793","wineskin",4,32861740,99.93
"31794","winningly",4,32861744,99.93
"31795","winterberry",4,32861748,99.93
"31796","wintered",4,32861752,99.93
"31797","wintle",4,32861756,99.93
"31798","wisecrack",4,32861760,99.93
"31799","wisher",4,32861764,99.93
"31800","wisse",4,32861768,99.93
"31801","wittiness",4,32861772,99.93
"31802","wolfish",4,32861776,99.93
"31803","woodcut",4,32861780,99.93
"31804","woodshed",4,32861784,99.93
"31805","woodsman",4,32861788,99.93
"31806","worktable",4,32861792,99.93
"31807","wormer",4,32861796,99.93
"31808","worriedly",4,32861800,99.93
"31809","worrywart",4,32861804,99.93
"31810","wreathed",4,32861808,99.93
"31811","wriggly",4,32861812,99.93
"31812","wrongdoer",4,32861816,99.93
"31813","xenia",4,32861820,99.93
"31814","xenophobe",4,32861824,99.93
"31815","xylem",4,32861828,99.93
"31816","yellowtail",4,32861832,99.93
"31817","yester",4,32861836,99.93
"31818","yesternight",4,32861840,99.93
"31819","yn",4,32861844,99.93
"31820","yond",4,32861848,99.93
"31821","yowl",4,32861852,99.93
"31822","zat",4,32861856,99.93
"31823","ziggurat",4,32861860,99.93
"31824","zither",4,32861864,99.93
"31825","zoetrope",4,32861868,99.93
"31826","zowie",4,32861872,99.93
"31827","abaft",3,32861875,99.93
"31828","abandoner",3,32861878,99.93
"31829","abecedarian",3,32861881,99.93
"31830","aberrate",3,32861884,99.93
"31831","abjectly",3,32861887,99.93
"31832","ablution",3,32861890,99.93
"31833","abolitionism",3,32861893,99.93
"31834","aboveground",3,32861896,99.93
"31835","academician",3,32861899,99.93
"31836","accordant",3,32861902,99.93
"31837","accordionist",3,32861905,99.93
"31838","accost",3,32861908,99.93
"31839","acetylene",3,32861911,99.93
"31840","achar",3,32861914,99.93
"31841","acidly",3,32861917,99.93
"31842","addax",3,32861920,99.93
"31843","adjudge",3,32861923,99.93
"31844","administrate",3,32861926,99.93
"31845","administratively",3,32861929,99.93
"31846","adorer",3,32861932,99.93
"31847","adrenalize",3,32861935,99.93
"31848","adulteress",3,32861938,99.93
"31849","advisability",3,32861941,99.93
"31850","aerie",3,32861944,99.93
"31851","aestheticism",3,32861947,99.93
"31852","afterimage",3,32861950,99.93
"31853","afterwork",3,32861953,99.93
"31854","agitprop",3,32861956,99.93
"31855","agoraphobia",3,32861959,99.93
"31856","agouti",3,32861962,99.93
"31857","agricole",3,32861965,99.93
"31858","agriculturist",3,32861968,99.93
"31859","aguacate",3,32861971,99.93
"31860","ahu",3,32861974,99.93
"31861","ahura",3,32861977,99.93
"31862","aircrew",3,32861980,99.93
"31863","airworthiness",3,32861983,99.93
"31864","akala",3,32861986,99.93
"31865","alacha",3,32861989,99.93
"31866","alack",3,32861992,99.93
"31867","alani",3,32861995,99.93
"31868","alb",3,32861998,99.93
"31869","alchemic",3,32862001,99.93
"31870","aldehyde",3,32862004,99.93
"31871","alembic",3,32862007,99.93
"31872","alginate",3,32862010,99.93
"31873","aliso",3,32862013,99.93
"31874","alkaloid",3,32862016,99.93
"31875","allice",3,32862019,99.93
"31876","allover",3,32862022,99.93
"31877","altin",3,32862025,99.93
"31878","altitudinal",3,32862028,99.93
"31879","altruist",3,32862031,99.93
"31880","amateurishly",3,32862034,99.93
"31881","ambidextrous",3,32862037,99.93
"31882","ambitiously",3,32862040,99.93
"31883","ament",3,32862043,99.93
"31884","amiability",3,32862046,99.93
"31885","amperage",3,32862049,99.93
"31886","anachronistically",3,32862052,99.93
"31887","anagrams",3,32862055,99.93
"31888","analgesia",3,32862058,99.93
"31889","analogously",3,32862061,99.93
"31890","anaphoric",3,32862064,99.93
"31891","ancon",3,32862067,99.93
"31892","anesthetize",3,32862070,99.93
"31893","aneurin",3,32862073,99.93
"31894","angiography",3,32862076,99.93
"31895","aniline",3,32862079,99.93
"31896","anis",3,32862082,99.93
"31897","annuitant",3,32862085,99.93
"31898","antechamber",3,32862088,99.93
"31899","antes",3,32862091,99.93
"31900","anthropic",3,32862094,99.93
"31901","anthropoid",3,32862097,99.93
"31902","anthropophagy",3,32862100,99.93
"31903","anticlockwise",3,32862103,99.93
"31904","anticoagulant",3,32862106,99.93
"31905","antitheses",3,32862109,99.93
"31906","antitoxin",3,32862112,99.93
"31907","antlered",3,32862115,99.93
"31908","antonym",3,32862118,99.93
"31909","aphid",3,32862121,99.93
"31910","apoplexy",3,32862124,99.93
"31911","appetitive",3,32862127,99.93
"31912","approver",3,32862130,99.93
"31913","apse",3,32862133,99.93
"31914","arca",3,32862136,99.93
"31915","armscye",3,32862139,99.93
"31916","arrah",3,32862142,99.93
"31917","arraignment",3,32862145,99.93
"31918","arras",3,32862148,99.93
"31919","arrhythmia",3,32862151,99.93
"31920","arthrogryposis",3,32862154,99.93
"31921","aru",3,32862157,99.93
"31922","asafetida",3,32862160,99.93
"31923","ashame",3,32862163,99.93
"31924","ashamedly",3,32862166,99.93
"31925","ashlar",3,32862169,99.93
"31926","aspirate",3,32862172,99.93
"31927","assembler",3,32862175,99.93
"31928","asseveration",3,32862178,99.93
"31929","astronomic",3,32862181,99.93
"31930","atavistic",3,32862184,99.93
"31931","athwart",3,32862187,99.93
"31932","atomics",3,32862190,99.93
"31933","atomization",3,32862193,99.93
"31934","atropine",3,32862196,99.93
"31935","attar",3,32862199,99.93
"31936","audiology",3,32862202,99.93
"31937","audiophile",3,32862205,99.93
"31938","augmentative",3,32862208,99.93
"31939","augur",3,32862211,99.93
"31940","authenticator",3,32862214,99.93
"31941","autoharp",3,32862217,99.93
"31942","autologous",3,32862220,99.93
"31943","automaticity",3,32862223,99.93
"31944","automatism",3,32862226,99.93
"31945","avast",3,32862229,99.93
"31946","aver",3,32862232,99.93
"31947","avocate",3,32862235,99.93
"31948","avocet",3,32862238,99.93
"31949","aweigh",3,32862241,99.93
"31950","axillary",3,32862244,99.93
"31951","ayin",3,32862247,99.93
"31952","baccarat",3,32862250,99.93
"31953","bacchanalian",3,32862253,99.93
"31954","bacchic",3,32862256,99.93
"31955","bacillus",3,32862259,99.93
"31956","backboard",3,32862262,99.93
"31957","backdown",3,32862265,99.93
"31958","backhand",3,32862268,99.93
"31959","bacony",3,32862271,99.93
"31960","bahay",3,32862274,99.93
"31961","bairn",3,32862277,99.93
"31962","bakal",3,32862280,99.93
"31963","bakehouse",3,32862283,99.93
"31964","baldly",3,32862286,99.93
"31965","balladry",3,32862289,99.93
"31966","bandeau",3,32862292,99.93
"31967","bandhu",3,32862295,99.93
"31968","bandoleer",3,32862298,99.93
"31969","banga",3,32862301,99.93
"31970","bankside",3,32862304,99.93
"31971","bannerman",3,32862307,99.93
"31972","banty",3,32862310,99.93
"31973","barbet",3,32862313,99.93
"31974","bareness",3,32862316,99.93
"31975","barkeeper",3,32862319,99.93
"31976","barkey",3,32862322,99.93
"31977","barny",3,32862325,99.93
"31978","barometric",3,32862328,99.93
"31979","baronet",3,32862331,99.93
"31980","baronetcy",3,32862334,99.93
"31981","barramundi",3,32862337,99.93
"31982","basketry",3,32862340,99.93
"31983","basta",3,32862343,99.93
"31984","bawdyhouse",3,32862346,99.93
"31985","beardless",3,32862349,99.93
"31986","bedeck",3,32862352,99.93
"31987","bedframe",3,32862355,99.93
"31988","bedpost",3,32862358,99.93
"31989","belay",3,32862361,99.93
"31990","belled",3,32862364,99.93
"31991","belying",3,32862367,99.93
"31992","bemuse",3,32862370,99.93
"31993","benching",3,32862373,99.93
"31994","benchwork",3,32862376,99.93
"31995","benet",3,32862379,99.93
"31996","benevolently",3,32862382,99.93
"31997","berthed",3,32862385,99.93
"31998","beshear",3,32862388,99.93
"31999","besiege",3,32862391,99.93
"32000","bestrode",3,32862394,99.93
"32001","betaine",3,32862397,99.93
"32002","betweenness",3,32862400,99.93
"32003","bewigged",3,32862403,99.93
"32004","bewray",3,32862406,99.93
"32005","bhava",3,32862409,99.93
"32006","bibliomancy",3,32862412,99.93
"32007","bice",3,32862415,99.93
"32008","bigeye",3,32862418,99.93
"32009","bigmouth",3,32862421,99.93
"32010","biliary",3,32862424,99.93
"32011","bilingualism",3,32862427,99.93
"32012","billingsgate",3,32862430,99.93
"32013","billow",3,32862433,99.93
"32014","biltong",3,32862436,99.93
"32015","binational",3,32862439,99.93
"32016","bioluminescence",3,32862442,99.93
"32017","bioluminescent",3,32862445,99.93
"32018","biomechanical",3,32862448,99.93
"32019","biometry",3,32862451,99.93
"32020","biplane",3,32862454,99.93
"32021","bisect",3,32862457,99.93
"32022","bisson",3,32862460,99.93
"32023","bizarreness",3,32862463,99.93
"32024","bizet",3,32862466,99.93
"32025","bizz",3,32862469,99.93
"32026","blackhead",3,32862472,99.93
"32027","blackstrap",3,32862475,99.93
"32028","blackwork",3,32862478,99.93
"32029","blancmange",3,32862481,99.93
"32030","blanketing",3,32862484,99.93
"32031","blazingly",3,32862487,99.93
"32032","bleared",3,32862490,99.93
"32033","blepharospasm",3,32862493,99.93
"32034","bloodstain",3,32862496,99.93
"32035","bloodstained",3,32862499,99.93
"32036","blowhole",3,32862502,99.93
"32037","blowoff",3,32862505,99.93
"32038","blub",3,32862508,99.93
"32039","blubbery",3,32862511,99.93
"32040","bluestem",3,32862514,99.93
"32041","boastfully",3,32862517,99.93
"32042","boater",3,32862520,99.93
"32043","boatwright",3,32862523,99.93
"32044","bocca",3,32862526,99.93
"32045","boilermaker",3,32862529,99.93
"32046","bombo",3,32862532,99.93
"32047","bombproof",3,32862535,99.93
"32048","bondholder",3,32862538,99.93
"32049","bonefish",3,32862541,99.93
"32050","bookable",3,32862544,99.93
"32051","bookman",3,32862547,99.93
"32052","bookstand",3,32862550,99.93
"32053","boondock",3,32862553,99.93
"32054","boorishness",3,32862556,99.93
"32055","bootmaker",3,32862559,99.93
"32056","borderland",3,32862562,99.93
"32057","boron",3,32862565,99.93
"32058","bota",3,32862568,99.93
"32059","bothy",3,32862571,99.93
"32060","boule",3,32862574,99.93
"32061","bounder",3,32862577,99.93
"32062","boundlessness",3,32862580,99.93
"32063","bounteous",3,32862583,99.93
"32064","bourdon",3,32862586,99.93
"32065","boutonniere",3,32862589,99.93
"32066","bracingly",3,32862592,99.93
"32067","brackish",3,32862595,99.93
"32068","braider",3,32862598,99.93
"32069","brainpan",3,32862601,99.93
"32070","brakeman",3,32862604,99.93
"32071","brattle",3,32862607,99.93
"32072","brazenness",3,32862610,99.93
"32073","breth",3,32862613,99.93
"32074","breviary",3,32862616,99.93
"32075","bricklaying",3,32862619,99.93
"32076","brightener",3,32862622,99.93
"32077","briolette",3,32862625,99.93
"32078","brittleness",3,32862628,99.93
"32079","broadsword",3,32862631,99.93
"32080","bromelin",3,32862634,99.93
"32081","bronchoscopy",3,32862637,99.93
"32082","bronzy",3,32862640,99.93
"32083","brushless",3,32862643,99.93
"32084","brushwood",3,32862646,99.93
"32085","brushwork",3,32862649,99.93
"32086","bryony",3,32862652,99.93
"32087","buckboard",3,32862655,99.93
"32088","bullheaded",3,32862658,99.93
"32089","bullishness",3,32862661,99.93
"32090","bumpiness",3,32862664,99.93
"32091","bunchy",3,32862667,99.93
"32092","burgoo",3,32862670,99.93
"32093","bursar",3,32862673,99.93
"32094","byplay",3,32862676,99.93
"32095","cabinetmaker",3,32862679,99.93
"32096","cabriolet",3,32862682,99.93
"32097","caddie",3,32862685,99.93
"32098","caesura",3,32862688,99.93
"32099","caiman",3,32862691,99.93
"32100","cakebread",3,32862694,99.93
"32101","calcite",3,32862697,99.93
"32102","calculable",3,32862700,99.93
"32103","calculatedly",3,32862703,99.93
"32104","caldron",3,32862706,99.93
"32105","calendrical",3,32862709,99.93
"32106","calyx",3,32862712,99.93
"32107","camshaft",3,32862715,99.93
"32108","canape",3,32862718,99.93
"32109","candelilla",3,32862721,99.93
"32110","canella",3,32862724,99.93
"32111","canicule",3,32862727,99.93
"32112","cannibalization",3,32862730,99.93
"32113","cannibalize",3,32862733,99.93
"32114","cannily",3,32862736,99.93
"32115","canthus",3,32862739,99.93
"32116","cantilever",3,32862742,99.93
"32117","cantrip",3,32862745,99.93
"32118","capacitance",3,32862748,99.93
"32119","capillary",3,32862751,99.93
"32120","capitate",3,32862754,99.93
"32121","caplin",3,32862757,99.93
"32122","capuchin",3,32862760,99.93
"32123","capulet",3,32862763,99.93
"32124","capybara",3,32862766,99.93
"32125","caramelization",3,32862769,99.93
"32126","cardholder",3,32862772,99.93
"32127","carding",3,32862775,99.93
"32128","careering",3,32862778,99.93
"32129","caretaking",3,32862781,99.93
"32130","carless",3,32862784,99.93
"32131","carolus",3,32862787,99.93
"32132","carrel",3,32862790,99.93
"32133","cartload",3,32862793,99.93
"32134","cartman",3,32862796,99.93
"32135","cartomancy",3,32862799,99.93
"32136","carvel",3,32862802,99.93
"32137","casework",3,32862805,99.93
"32138","casse",3,32862808,99.93
"32139","castoreum",3,32862811,99.93
"32140","catchiness",3,32862814,99.93
"32141","catgut",3,32862817,99.93
"32142","cathedra",3,32862820,99.93
"32143","catholicity",3,32862823,99.93
"32144","catlin",3,32862826,99.93
"32145","catling",3,32862829,99.93
"32146","cattery",3,32862832,99.93
"32147","cattiness",3,32862835,99.93
"32148","catting",3,32862838,99.93
"32149","cellarman",3,32862841,99.93
"32150","cenobite",3,32862844,99.93
"32151","cephalopod",3,32862847,99.93
"32152","ceramist",3,32862850,99.93
"32153","ceremonially",3,32862853,99.93
"32154","certitude",3,32862856,99.93
"32155","chaffing",3,32862859,99.93
"32156","challengingly",3,32862862,99.93
"32157","cham",3,32862865,99.93
"32158","chancer",3,32862868,99.93
"32159","chancy",3,32862871,99.93
"32160","chanter",3,32862874,99.93
"32161","chanterelle",3,32862877,99.93
"32162","chaperon",3,32862880,99.93
"32163","chappie",3,32862883,99.93
"32164","characterless",3,32862886,99.93
"32165","charette",3,32862889,99.93
"32166","charism",3,32862892,99.93
"32167","chasten",3,32862895,99.93
"32168","chauffer",3,32862898,99.93
"32169","chaw",3,32862901,99.93
"32170","cheesemonger",3,32862904,99.93
"32171","chetty",3,32862907,99.93
"32172","chikara",3,32862910,99.93
"32173","childlessness",3,32862913,99.93
"32174","chiliastic",3,32862916,99.93
"32175","chine",3,32862919,99.93
"32176","chinny",3,32862922,99.93
"32177","chitter",3,32862925,99.93
"32178","choirmaster",3,32862928,99.93
"32179","chola",3,32862931,99.93
"32180","choline",3,32862934,99.93
"32181","chorion",3,32862937,99.93
"32182","chroma",3,32862940,99.93
"32183","chthonic",3,32862943,99.93
"32184","chunga",3,32862946,99.93
"32185","chyle",3,32862949,99.93
"32186","cicely",3,32862952,99.93
"32187","cilia",3,32862955,99.93
"32188","cinquefoil",3,32862958,99.93
"32189","cisterna",3,32862961,99.93
"32190","cit",3,32862964,99.93
"32191","clackety",3,32862967,99.93
"32192","clairsentience",3,32862970,99.93
"32193","clairsentient",3,32862973,99.93
"32194","claymore",3,32862976,99.93
"32195","clearinghouse",3,32862979,99.93
"32196","clemence",3,32862982,99.93
"32197","cliffy",3,32862985,99.93
"32198","climatological",3,32862988,99.93
"32199","climatologist",3,32862991,99.93
"32200","cliquish",3,32862994,99.93
"32201","clitoridectomy",3,32862997,99.93
"32202","clockmaker",3,32863000,99.93
"32203","clootie",3,32863003,99.93
"32204","clothier",3,32863006,99.93
"32205","cloverleaf",3,32863009,99.93
"32206","clow",3,32863012,99.93
"32207","clunch",3,32863015,99.93
"32208","cluttery",3,32863018,99.93
"32209","coachman",3,32863021,99.93
"32210","coalescence",3,32863024,99.93
"32211","coarctation",3,32863027,99.93
"32212","cobby",3,32863030,99.93
"32213","cobourg",3,32863033,99.93
"32214","cobwebby",3,32863036,99.93
"32215","cockade",3,32863039,99.93
"32216","codefendant",3,32863042,99.93
"32217","codices",3,32863045,99.93
"32218","coffer",3,32863048,99.93
"32219","collectibility",3,32863051,99.93
"32220","collet",3,32863054,99.93
"32221","colloquy",3,32863057,99.93
"32222","colonizer",3,32863060,99.93
"32223","colonnade",3,32863063,99.93
"32224","colophon",3,32863066,99.93
"32225","coloratura",3,32863069,99.93
"32226","colostrum",3,32863072,99.93
"32227","columnar",3,32863075,99.93
"32228","comity",3,32863078,99.93
"32229","commentate",3,32863081,99.93
"32230","commerciality",3,32863084,99.93
"32231","commissar",3,32863087,99.93
"32232","compactly",3,32863090,99.93
"32233","completer",3,32863093,99.93
"32234","compo",3,32863096,99.93
"32235","compressive",3,32863099,99.93
"32236","conatus",3,32863102,99.93
"32237","conceitedness",3,32863105,99.93
"32238","conciliar",3,32863108,99.93
"32239","conciseness",3,32863111,99.93
"32240","concretize",3,32863114,99.93
"32241","condemnable",3,32863117,99.93
"32242","conditionality",3,32863120,99.93
"32243","conehead",3,32863123,99.93
"32244","confabulation",3,32863126,99.93
"32245","conformance",3,32863129,99.93
"32246","confusedly",3,32863132,99.93
"32247","congregant",3,32863135,99.93
"32248","conjugation",3,32863138,99.93
"32249","conkers",3,32863141,99.93
"32250","consanguinity",3,32863144,99.93
"32251","consequentially",3,32863147,99.93
"32252","considerately",3,32863150,99.93
"32253","conspecific",3,32863153,99.93
"32254","constructionist",3,32863156,99.93
"32255","consummately",3,32863159,99.93
"32256","contemplatively",3,32863162,99.93
"32257","contortionist",3,32863165,99.93
"32258","contradistinction",3,32863168,99.93
"32259","contralto",3,32863171,99.93
"32260","contrapuntal",3,32863174,99.93
"32261","convener",3,32863177,99.93
"32262","cooky",3,32863180,99.93
"32263","coonskin",3,32863183,99.93
"32264","copen",3,32863186,99.93
"32265","coppiced",3,32863189,99.93
"32266","coppicing",3,32863192,99.93
"32267","copter",3,32863195,99.93
"32268","copulatory",3,32863198,99.93
"32269","copyrightable",3,32863201,99.93
"32270","coquette",3,32863204,99.93
"32271","coquille",3,32863207,99.93
"32272","cordiality",3,32863210,99.93
"32273","coring",3,32863213,99.93
"32274","corkage",3,32863216,99.93
"32275","corneal",3,32863219,99.93
"32276","corrector",3,32863222,99.93
"32277","corregidor",3,32863225,99.93
"32278","correlational",3,32863228,99.93
"32279","corruptive",3,32863231,99.93
"32280","cosh",3,32863234,99.93
"32281","cosine",3,32863237,99.93
"32282","cosmetologist",3,32863240,99.93
"32283","cosmogonic",3,32863243,99.93
"32284","cosmopolitanism",3,32863246,99.93
"32285","cottonmouth",3,32863249,99.93
"32286","coumarin",3,32863252,99.93
"32287","counterflow",3,32863255,99.93
"32288","counterintelligence",3,32863258,99.93
"32289","countermeasure",3,32863261,99.93
"32290","coupler",3,32863264,99.93
"32291","cowbird",3,32863267,99.93
"32292","cowpox",3,32863270,99.93
"32293","crake",3,32863273,99.93
"32294","crankshaft",3,32863276,99.93
"32295","crannog",3,32863279,99.93
"32296","crasher",3,32863282,99.93
"32297","craver",3,32863285,99.93
"32298","creasing",3,32863288,99.93
"32299","creditability",3,32863291,99.93
"32300","crisping",3,32863294,99.93
"32301","crocket",3,32863297,99.93
"32302","crofter",3,32863300,99.93
"32303","crookneck",3,32863303,99.93
"32304","crossbreed",3,32863306,99.93
"32305","crossly",3,32863309,99.93
"32306","crotched",3,32863312,99.93
"32307","croupy",3,32863315,99.93
"32308","cruciate",3,32863318,99.93
"32309","crudity",3,32863321,99.93
"32310","crumby",3,32863324,99.93
"32311","crus",3,32863327,99.93
"32312","crushable",3,32863330,99.93
"32313","crusie",3,32863333,99.93
"32314","crutcher",3,32863336,99.93
"32315","cruzeiro",3,32863339,99.93
"32316","cryogenics",3,32863342,99.93
"32317","cryptology",3,32863345,99.93
"32318","crystallization",3,32863348,99.93
"32319","cultic",3,32863351,99.93
"32320","cummerbund",3,32863354,99.93
"32321","cupidity",3,32863357,99.93
"32322","curlicue",3,32863360,99.93
"32323","curragh",3,32863363,99.93
"32324","currier",3,32863366,99.93
"32325","curvilinear",3,32863369,99.93
"32326","cutback",3,32863372,99.93
"32327","cutted",3,32863375,99.93
"32328","cyclonic",3,32863378,99.93
"32329","cytosine",3,32863381,99.93
"32330","dairying",3,32863384,99.93
"32331","dak",3,32863387,99.93
"32332","damascene",3,32863390,99.93
"32333","dangerousness",3,32863393,99.93
"32334","darklings",3,32863396,99.93
"32335","dastard",3,32863399,99.93
"32336","daubing",3,32863402,99.93
"32337","dauntingly",3,32863405,99.93
"32338","daylong",3,32863408,99.93
"32339","dazzler",3,32863411,99.93
"32340","deadeye",3,32863414,99.93
"32341","deadfall",3,32863417,99.93
"32342","deadhead",3,32863420,99.93
"32343","deafen",3,32863423,99.93
"32344","deathblow",3,32863426,99.93
"32345","debilitate",3,32863429,99.93
"32346","debility",3,32863432,99.93
"32347","decease",3,32863435,99.93
"32348","decelerate",3,32863438,99.93
"32349","decimator",3,32863441,99.93
"32350","deerskin",3,32863444,99.93
"32351","deerstalker",3,32863447,99.93
"32352","defeasible",3,32863450,99.93
"32353","defecation",3,32863453,99.93
"32354","defensor",3,32863456,99.93
"32355","definiteness",3,32863459,99.93
"32356","defoliate",3,32863462,99.93
"32357","deform",3,32863465,99.93
"32358","defrock",3,32863468,99.93
"32359","degradable",3,32863471,99.93
"32360","degreaser",3,32863474,99.93
"32361","dehumidifier",3,32863477,99.93
"32362","deify",3,32863480,99.93
"32363","deist",3,32863483,99.93
"32364","dele",3,32863486,99.93
"32365","delusive",3,32863489,99.93
"32366","delusory",3,32863492,99.93
"32367","demarcate",3,32863495,99.93
"32368","demonology",3,32863498,99.93
"32369","demote",3,32863501,99.93
"32370","deontological",3,32863504,99.93
"32371","deprecate",3,32863507,99.93
"32372","depressor",3,32863510,99.93
"32373","deric",3,32863513,99.93
"32374","derm",3,32863516,99.93
"32375","dermis",3,32863519,99.93
"32376","deserter",3,32863522,99.93
"32377","desiccant",3,32863525,99.93
"32378","desiccation",3,32863528,99.93
"32379","designee",3,32863531,99.93
"32380","determinable",3,32863534,99.93
"32381","dethrone",3,32863537,99.93
"32382","detrimentally",3,32863540,99.93
"32383","devotedly",3,32863543,99.93
"32384","devourer",3,32863546,99.93
"32385","dextrose",3,32863549,99.93
"32386","dhobi",3,32863552,99.93
"32387","diacetyl",3,32863555,99.93
"32388","diachronic",3,32863558,99.93
"32389","diagnosable",3,32863561,99.93
"32390","dialer",3,32863564,99.93
"32391","dian",3,32863567,99.93
"32392","diaristic",3,32863570,99.93
"32393","diatomaceous",3,32863573,99.93
"32394","dibble",3,32863576,99.93
"32395","dibromide",3,32863579,99.93
"32396","dichotomization",3,32863582,99.93
"32397","dielectric",3,32863585,99.93
"32398","dietetics",3,32863588,99.93
"32399","dilapidation",3,32863591,99.93
"32400","dilatory",3,32863594,99.93
"32401","dilli",3,32863597,99.93
"32402","dinge",3,32863600,99.93
"32403","dingus",3,32863603,99.93
"32404","diplomate",3,32863606,99.93
"32405","diplomatist",3,32863609,99.93
"32406","disablement",3,32863612,99.93
"32407","disallowance",3,32863615,99.93
"32408","disapprobation",3,32863618,99.93
"32409","disassembly",3,32863621,99.93
"32410","disburse",3,32863624,99.93
"32411","disclaim",3,32863627,99.93
"32412","discomfiture",3,32863630,99.93
"32413","discomforting",3,32863633,99.93
"32414","disconsolate",3,32863636,99.93
"32415","discreteness",3,32863639,99.93
"32416","discussant",3,32863642,99.93
"32417","disempower",3,32863645,99.93
"32418","disgustingness",3,32863648,99.93
"32419","dishrag",3,32863651,99.93
"32420","disintegrative",3,32863654,99.93
"32421","disjuncture",3,32863657,99.93
"32422","dislocate",3,32863660,99.93
"32423","disodium",3,32863663,99.93
"32424","disorient",3,32863666,99.93
"32425","disquietude",3,32863669,99.93
"32426","disruptively",3,32863672,99.93
"32427","distain",3,32863675,99.93
"32428","distinctness",3,32863678,99.93
"32429","distractibility",3,32863681,99.93
"32430","diverticulitis",3,32863684,99.93
"32431","divestiture",3,32863687,99.93
"32432","divinatory",3,32863690,99.93
"32433","dobbing",3,32863693,99.93
"32434","doctrinally",3,32863696,99.93
"32435","doddery",3,32863699,99.93
"32436","doggedness",3,32863702,99.93
"32437","dogmatist",3,32863705,99.93
"32438","doke",3,32863708,99.93
"32439","dola",3,32863711,99.93
"32440","dollish",3,32863714,99.93
"32441","dollmaking",3,32863717,99.93
"32442","dominator",3,32863720,99.93
"32443","dooms",3,32863723,99.93
"32444","doored",3,32863726,99.93
"32445","doorkeeper",3,32863729,99.93
"32446","doorpost",3,32863732,99.93
"32447","dopa",3,32863735,99.93
"32448","dormition",3,32863738,99.93
"32449","dorn",3,32863741,99.93
"32450","doublet",3,32863744,99.93
"32451","doubloon",3,32863747,99.93
"32452","drafter",3,32863750,99.93
"32453","draftsman",3,32863753,99.93
"32454","draggy",3,32863756,99.93
"32455","drainer",3,32863759,99.93
"32456","dreiling",3,32863762,99.93
"32457","dribbler",3,32863765,99.93
"32458","driller",3,32863768,99.93
"32459","dropsical",3,32863771,99.93
"32460","drowsiness",3,32863774,99.93
"32461","druggy",3,32863777,99.93
"32462","dually",3,32863780,99.93
"32463","ductility",3,32863783,99.93
"32464","duit",3,32863786,99.93
"32465","dumbness",3,32863789,99.93
"32466","duodenum",3,32863792,99.93
"32467","duteous",3,32863795,99.93
"32468","dyadic",3,32863798,99.93
"32469","dyspepsia",3,32863801,99.93
"32470","earldom",3,32863804,99.93
"32471","earless",3,32863807,99.93
"32472","earsplitting",3,32863810,99.93
"32473","earthwards",3,32863813,99.93
"32474","eastland",3,32863816,99.93
"32475","eccentrically",3,32863819,99.93
"32476","economize",3,32863822,99.93
"32477","efface",3,32863825,99.93
"32478","effacement",3,32863828,99.93
"32479","effector",3,32863831,99.93
"32480","effectuate",3,32863834,99.93
"32481","egger",3,32863837,99.93
"32482","eggler",3,32863840,99.93
"32483","egomaniacal",3,32863843,99.93
"32484","eld",3,32863846,99.93
"32485","electret",3,32863849,99.93
"32486","electrochemical",3,32863852,99.93
"32487","electrolysis",3,32863855,99.93
"32488","electromagnet",3,32863858,99.93
"32489","elision",3,32863861,99.93
"32490","emaciation",3,32863864,99.93
"32491","emancipatory",3,32863867,99.93
"32492","embalm",3,32863870,99.93
"32493","embezzler",3,32863873,99.93
"32494","embitter",3,32863876,99.93
"32495","embosser",3,32863879,99.93
"32496","embroiderer",3,32863882,99.93
"32497","embryologist",3,32863885,99.93
"32498","emendation",3,32863888,99.93
"32499","emesis",3,32863891,99.93
"32500","emirate",3,32863894,99.93
"32501","emotionalism",3,32863897,99.93
"32502","emptily",3,32863900,99.93
"32503","emulator",3,32863903,99.93
"32504","enablement",3,32863906,99.93
"32505","enameling",3,32863909,99.93
"32506","encase",3,32863912,99.93
"32507","encasement",3,32863915,99.93
"32508","enchanter",3,32863918,99.93
"32509","encirclement",3,32863921,99.93
"32510","encouragingly",3,32863924,99.93
"32511","endlessness",3,32863927,99.93
"32512","endosperm",3,32863930,99.93
"32513","enduringly",3,32863933,99.93
"32514","enfilade",3,32863936,99.93
"32515","engorgement",3,32863939,99.93
"32516","engraft",3,32863942,99.93
"32517","enigmatically",3,32863945,99.93
"32518","enlistment",3,32863948,99.93
"32519","ennoble",3,32863951,99.93
"32520","enrapture",3,32863954,99.93
"32521","ensconce",3,32863957,99.93
"32522","enslaver",3,32863960,99.93
"32523","ensnaring",3,32863963,99.93
"32524","entablature",3,32863966,99.93
"32525","enteral",3,32863969,99.93
"32526","entrail",3,32863972,99.93
"32527","entreaty",3,32863975,99.93
"32528","eparchy",3,32863978,99.93
"32529","epee",3,32863981,99.93
"32530","ephebe",3,32863984,99.93
"32531","epigenetic",3,32863987,99.93
"32532","epiglottis",3,32863990,99.93
"32533","equalling",3,32863993,99.93
"32534","equinoctial",3,32863996,99.93
"32535","equivalently",3,32863999,99.93
"32536","equivocation",3,32864002,99.93
"32537","erythronium",3,32864005,99.93
"32538","esoterica",3,32864008,99.93
"32539","esparto",3,32864011,99.93
"32540","espousal",3,32864014,99.93
"32541","essentialist",3,32864017,99.93
"32542","ethereally",3,32864020,99.93
"32543","ethicality",3,32864023,99.93
"32544","ethnology",3,32864026,99.93
"32545","eudaimonia",3,32864029,99.93
"32546","euge",3,32864032,99.93
"32547","evanescent",3,32864035,99.93
"32548","evangelicism",3,32864038,99.93
"32549","evangelium",3,32864041,99.93
"32550","eventuate",3,32864044,99.93
"32551","evocatively",3,32864047,99.93
"32552","exacerbation",3,32864050,99.93
"32553","excitability",3,32864053,99.93
"32554","execration",3,32864056,99.93
"32555","exegete",3,32864059,99.93
"32556","exhaustingly",3,32864062,99.93
"32557","exorbitantly",3,32864065,99.93
"32558","expectable",3,32864068,99.93
"32559","experimentalist",3,32864071,99.93
"32560","expiation",3,32864074,99.93
"32561","explainer",3,32864077,99.93
"32562","expositional",3,32864080,99.93
"32563","externalize",3,32864083,99.93
"32564","extortionist",3,32864086,99.93
"32565","extraterritorial",3,32864089,99.93
"32566","extricated",3,32864092,99.93
"32567","extrication",3,32864095,99.93
"32568","eyestrain",3,32864098,99.93
"32569","factuality",3,32864101,99.93
"32570","fader",3,32864104,99.93
"32571","fadge",3,32864107,99.93
"32572","faithlessness",3,32864110,99.93
"32573","fantail",3,32864113,99.93
"32574","farsighted",3,32864116,99.93
"32575","fasces",3,32864119,99.93
"32576","fatherlessness",3,32864122,99.93
"32577","fathomless",3,32864125,99.93
"32578","fattiness",3,32864128,99.93
"32579","fatuously",3,32864131,99.93
"32580","feaster",3,32864134,99.93
"32581","featherless",3,32864137,99.93
"32582","feculence",3,32864140,99.93
"32583","femoral",3,32864143,99.93
"32584","ferrous",3,32864146,99.93
"32585","ferryboat",3,32864149,99.93
"32586","fervency",3,32864152,99.93
"32587","feticide",3,32864155,99.93
"32588","fetter",3,32864158,99.93
"32589","fidalgo",3,32864161,99.93
"32590","filthiness",3,32864164,99.93
"32591","findable",3,32864167,99.93
"32592","finitude",3,32864170,99.93
"32593","finkel",3,32864173,99.93
"32594","firebreak",3,32864176,99.93
"32595","fireless",3,32864179,99.93
"32596","fishhook",3,32864182,99.93
"32597","fishwife",3,32864185,99.93
"32598","fitty",3,32864188,99.93
"32599","fivefold",3,32864191,99.93
"32600","fixedly",3,32864194,99.93
"32601","flagellate",3,32864197,99.93
"32602","flakiness",3,32864200,99.93
"32603","flambeau",3,32864203,99.93
"32604","flameless",3,32864206,99.93
"32605","flameproof",3,32864209,99.93
"32606","flanger",3,32864212,99.93
"32607","flashiness",3,32864215,99.93
"32608","flattish",3,32864218,99.93
"32609","fleabane",3,32864221,99.93
"32610","flecker",3,32864224,99.93
"32611","fleshless",3,32864227,99.93
"32612","flexibly",3,32864230,99.93
"32613","flitch",3,32864233,99.93
"32614","flix",3,32864236,99.93
"32615","floatation",3,32864239,99.93
"32616","floodgate",3,32864242,99.93
"32617","floodwater",3,32864245,99.93
"32618","floriculture",3,32864248,99.93
"32619","floridly",3,32864251,99.93
"32620","florin",3,32864254,99.93
"32621","flouncing",3,32864257,99.93
"32622","flunky",3,32864260,99.93
"32623","fluorine",3,32864263,99.93
"32624","flurried",3,32864266,99.93
"32625","fluster",3,32864269,99.93
"32626","flycatcher",3,32864272,99.93
"32627","flyweight",3,32864275,99.93
"32628","fogey",3,32864278,99.93
"32629","foible",3,32864281,99.93
"32630","folles",3,32864284,99.93
"32631","fontanel",3,32864287,99.93
"32632","foolscap",3,32864290,99.93
"32633","footboard",3,32864293,99.93
"32634","fop",3,32864296,99.93
"32635","forceps",3,32864299,99.93
"32636","fording",3,32864302,99.93
"32637","forecastle",3,32864305,99.93
"32638","forefoot",3,32864308,99.93
"32639","foreland",3,32864311,99.93
"32640","foreshortening",3,32864314,99.93
"32641","forewarn",3,32864317,99.93
"32642","formalize",3,32864320,99.93
"32643","formlessness",3,32864323,99.93
"32644","forsooth",3,32864326,99.93
"32645","forwarder",3,32864329,99.93
"32646","forwardly",3,32864332,99.93
"32647","forwardness",3,32864335,99.93
"32648","foun",3,32864338,99.93
"32649","fouth",3,32864341,99.93
"32650","foxhole",3,32864344,99.93
"32651","fractionally",3,32864347,99.93
"32652","fraise",3,32864350,99.93
"32653","freakily",3,32864353,99.93
"32654","frederik",3,32864356,99.93
"32655","freethinker",3,32864359,99.93
"32656","frenched",3,32864362,99.93
"32657","frenetically",3,32864365,99.93
"32658","frequence",3,32864368,99.93
"32659","frequenter",3,32864371,99.93
"32660","fretfulness",3,32864374,99.93
"32661","fricassee",3,32864377,99.93
"32662","frigidity",3,32864380,99.93
"32663","frilled",3,32864383,99.93
"32664","frogging",3,32864386,99.93
"32665","frother",3,32864389,99.93
"32666","fruited",3,32864392,99.93
"32667","fulminate",3,32864395,99.93
"32668","fulminating",3,32864398,99.93
"32669","fundament",3,32864401,99.93
"32670","funicular",3,32864404,99.93
"32671","funniness",3,32864407,99.93
"32672","furring",3,32864410,99.93
"32673","fust",3,32864413,99.93
"32674","fuzzball",3,32864416,99.93
"32675","gade",3,32864419,99.93
"32676","gainsay",3,32864422,99.93
"32677","gaiter",3,32864425,99.93
"32678","galera",3,32864428,99.93
"32679","galled",3,32864431,99.93
"32680","galoot",3,32864434,99.93
"32681","galvanization",3,32864437,99.93
"32682","gam",3,32864440,99.93
"32683","gambier",3,32864443,99.93
"32684","gaminess",3,32864446,99.93
"32685","ganger",3,32864449,99.93
"32686","ganging",3,32864452,99.93
"32687","gangling",3,32864455,99.93
"32688","gangway",3,32864458,99.93
"32689","gannet",3,32864461,99.93
"32690","gansey",3,32864464,99.93
"32691","ganza",3,32864467,99.93
"32692","gappy",3,32864470,99.93
"32693","garad",3,32864473,99.93
"32694","garance",3,32864476,99.93
"32695","gardeny",3,32864479,99.93
"32696","garum",3,32864482,99.93
"32697","gasification",3,32864485,99.93
"32698","gasser",3,32864488,99.93
"32699","gast",3,32864491,99.93
"32700","gastronomical",3,32864494,99.93
"32701","gastroscopy",3,32864497,99.93
"32702","gau",3,32864500,99.93
"32703","gaudily",3,32864503,99.93
"32704","gaus",3,32864506,99.93
"32705","gazer",3,32864509,99.93
"32706","gearshift",3,32864512,99.93
"32707","genoese",3,32864515,99.93
"32708","genuflection",3,32864518,99.93
"32709","geophysics",3,32864521,99.93
"32710","geopolitically",3,32864524,99.93
"32711","germinal",3,32864527,99.93
"32712","gerund",3,32864530,99.93
"32713","ghastliness",3,32864533,99.93
"32714","ghazi",3,32864536,99.93
"32715","giantess",3,32864539,99.93
"32716","giftware",3,32864542,99.93
"32717","giller",3,32864545,99.93
"32718","gim",3,32864548,99.93
"32719","gimble",3,32864551,99.93
"32720","ginned",3,32864554,99.93
"32721","ginning",3,32864557,99.93
"32722","gip",3,32864560,99.93
"32723","girlishly",3,32864563,99.93
"32724","gizzard",3,32864566,99.93
"32725","glacially",3,32864569,99.93
"32726","gladden",3,32864572,99.93
"32727","glady",3,32864575,99.93
"32728","glasser",3,32864578,99.93
"32729","glassful",3,32864581,99.93
"32730","glassless",3,32864584,99.93
"32731","glazen",3,32864587,99.93
"32732","gleaner",3,32864590,99.93
"32733","glosser",3,32864593,99.93
"32734","glower",3,32864596,99.93
"32735","glutamine",3,32864599,99.93
"32736","gnomic",3,32864602,99.93
"32737","goalkeeping",3,32864605,99.93
"32738","godlessness",3,32864608,99.93
"32739","gonad",3,32864611,99.93
"32740","googolplex",3,32864614,99.93
"32741","graffito",3,32864617,99.93
"32742","graininess",3,32864620,99.93
"32743","grama",3,32864623,99.93
"32744","grandfatherly",3,32864626,99.93
"32745","grandiloquent",3,32864629,99.93
"32746","granulation",3,32864632,99.93
"32747","grazier",3,32864635,99.93
"32748","greeney",3,32864638,99.93
"32749","greenfinch",3,32864641,99.93
"32750","griffon",3,32864644,99.93
"32751","griller",3,32864647,99.93
"32752","grinderman",3,32864650,99.93
"32753","groff",3,32864653,99.93
"32754","grot",3,32864656,99.93
"32755","groundwood",3,32864659,99.93
"32756","growed",3,32864662,99.93
"32757","grubbed",3,32864665,99.93
"32758","guanine",3,32864668,99.94
"32759","guar",3,32864671,99.94
"32760","guardhouse",3,32864674,99.94
"32761","gude",3,32864677,99.94
"32762","gue",3,32864680,99.94
"32763","guilelessly",3,32864683,99.94
"32764","guipure",3,32864686,99.94
"32765","guising",3,32864689,99.94
"32766","gunflint",3,32864692,99.94
"32767","gur",3,32864695,99.94
"32768","gurl",3,32864698,99.94
"32769","gurt",3,32864701,99.94
"32770","gusher",3,32864704,99.94
"32771","haberdasher",3,32864707,99.94
"32772","hagia",3,32864710,99.94
"32773","hagiographic",3,32864713,99.94
"32774","hailer",3,32864716,99.94
"32775","haily",3,32864719,99.94
"32776","haircutting",3,32864722,99.94
"32777","hairiness",3,32864725,99.94
"32778","halbert",3,32864728,99.94
"32779","halite",3,32864731,99.94
"32780","hammam",3,32864734,99.94
"32781","handclasp",3,32864737,99.94
"32782","handcuff",3,32864740,99.94
"32783","haplessly",3,32864743,99.94
"32784","happing",3,32864746,99.94
"32785","haptic",3,32864749,99.94
"32786","hardener",3,32864752,99.94
"32787","hardtack",3,32864755,99.94
"32788","harebrained",3,32864758,99.94
"32789","harmfully",3,32864761,99.94
"32790","harmonia",3,32864764,99.94
"32791","harpsichordist",3,32864767,99.94
"32792","hastiness",3,32864770,99.94
"32793","hatbox",3,32864773,99.94
"32794","haughtily",3,32864776,99.94
"32795","hauler",3,32864779,99.94
"32796","havelock",3,32864782,99.94
"32797","haversack",3,32864785,99.94
"32798","hayseed",3,32864788,99.94
"32799","hazily",3,32864791,99.94
"32800","headnote",3,32864794,99.94
"32801","heald",3,32864797,99.94
"32802","heartwood",3,32864800,99.94
"32803","heathenry",3,32864803,99.94
"32804","heedlessly",3,32864806,99.94
"32805","hegemon",3,32864809,99.94
"32806","heinousness",3,32864812,99.94
"32807","hemolysis",3,32864815,99.94
"32808","hereto",3,32864818,99.94
"32809","heritable",3,32864821,99.94
"32810","hermeticism",3,32864824,99.94
"32811","hest",3,32864827,99.94
"32812","heterocyclic",3,32864830,99.94
"32813","heteronomy",3,32864833,99.94
"32814","heterotopia",3,32864836,99.94
"32815","heugh",3,32864839,99.94
"32816","hiatal",3,32864842,99.94
"32817","hierarch",3,32864845,99.94
"32818","hin",3,32864848,99.94
"32819","histopathological",3,32864851,99.94
"32820","hoarsely",3,32864854,99.94
"32821","hoarseness",3,32864857,99.94
"32822","hogger",3,32864860,99.94
"32823","homesteader",3,32864863,99.94
"32824","homology",3,32864866,99.94
"32825","hoodless",3,32864869,99.94
"32826","horizonless",3,32864872,99.94
"32827","horribleness",3,32864875,99.94
"32828","horridly",3,32864878,99.94
"32829","hotelier",3,32864881,99.94
"32830","howitzer",3,32864884,99.94
"32831","huffily",3,32864887,99.94
"32832","humic",3,32864890,99.94
"32833","humpbacked",3,32864893,99.94
"32834","hup",3,32864896,99.94
"32835","hushing",3,32864899,99.94
"32836","hydrogenation",3,32864902,99.94
"32837","hydrophobic",3,32864905,99.94
"32838","hydrostatic",3,32864908,99.94
"32839","hymnbook",3,32864911,99.94
"32840","hyperfocal",3,32864914,99.94
"32841","hypericum",3,32864917,99.94
"32842","hyperthermia",3,32864920,99.94
"32843","hyperventilation",3,32864923,99.94
"32844","hypomania",3,32864926,99.94
"32845","hypotenuse",3,32864929,99.94
"32846","hypothyroid",3,32864932,99.94
"32847","iao",3,32864935,99.94
"32848","icily",3,32864938,99.94
"32849","idealistically",3,32864941,99.94
"32850","idiosyncratically",3,32864944,99.94
"32851","idolater",3,32864947,99.94
"32852","igneous",3,32864950,99.94
"32853","ilia",3,32864953,99.94
"32854","illicitly",3,32864956,99.94
"32855","illimitable",3,32864959,99.94
"32856","illy",3,32864962,99.94
"32857","imi",3,32864965,99.94
"32858","immaturely",3,32864968,99.94
"32859","imminence",3,32864971,99.94
"32860","impalpable",3,32864974,99.94
"32861","impecunious",3,32864977,99.94
"32862","impel",3,32864980,99.94
"32863","impenetrability",3,32864983,99.94
"32864","impenetrably",3,32864986,99.94
"32865","impermeability",3,32864989,99.94
"32866","impermissible",3,32864992,99.94
"32867","impertinence",3,32864995,99.94
"32868","impolitely",3,32864998,99.94
"32869","imponderable",3,32865001,99.94
"32870","improver",3,32865004,99.94
"32871","impudence",3,32865007,99.94
"32872","impute",3,32865010,99.94
"32873","inattentiveness",3,32865013,99.94
"32874","inaugurate",3,32865016,99.94
"32875","incandescence",3,32865019,99.94
"32876","incantatory",3,32865022,99.94
"32877","incarnational",3,32865025,99.94
"32878","incognita",3,32865028,99.94
"32879","incompletely",3,32865031,99.94
"32880","incomprehensibility",3,32865034,99.94
"32881","inconsolably",3,32865037,99.94
"32882","incontestable",3,32865040,99.94
"32883","incorrupt",3,32865043,99.94
"32884","incorruptibility",3,32865046,99.94
"32885","incorruption",3,32865049,99.94
"32886","incubi",3,32865052,99.94
"32887","inculpatory",3,32865055,99.94
"32888","incurably",3,32865058,99.94
"32889","incurious",3,32865061,99.94
"32890","indeedy",3,32865064,99.94
"32891","indefiniteness",3,32865067,99.94
"32892","indic",3,32865070,99.94
"32893","indigency",3,32865073,99.94
"32894","indigenist",3,32865076,99.94
"32895","indiscipline",3,32865079,99.94
"32896","indivisible",3,32865082,99.94
"32897","inducement",3,32865085,99.94
"32898","inducer",3,32865088,99.94
"32899","inductance",3,32865091,99.94
"32900","indwell",3,32865094,99.94
"32901","ineffectuality",3,32865097,99.94
"32902","ineffectually",3,32865100,99.94
"32903","inefficiently",3,32865103,99.94
"32904","ineligibility",3,32865106,99.94
"32905","ineptly",3,32865109,99.94
"32906","inexpressibly",3,32865112,99.94
"32907","infantilism",3,32865115,99.94
"32908","infarction",3,32865118,99.94
"32909","infeasible",3,32865121,99.94
"32910","infill",3,32865124,99.94
"32911","inflect",3,32865127,99.94
"32912","inflexibly",3,32865130,99.94
"32913","inflorescence",3,32865133,99.94
"32914","ingenuous",3,32865136,99.94
"32915","inhere",3,32865139,99.94
"32916","inhumanely",3,32865142,99.94
"32917","inimitably",3,32865145,99.94
"32918","inkpot",3,32865148,99.94
"32919","inkshed",3,32865151,99.94
"32920","inoculate",3,32865154,99.94
"32921","inositol",3,32865157,99.94
"32922","insanitary",3,32865160,99.94
"32923","insatiability",3,32865163,99.94
"32924","insidiousness",3,32865166,99.94
"32925","insincerely",3,32865169,99.94
"32926","instate",3,32865172,99.94
"32927","insultingly",3,32865175,99.94
"32928","insuperable",3,32865178,99.94
"32929","insupportable",3,32865181,99.94
"32930","insurrectionary",3,32865184,99.94
"32931","intarsia",3,32865187,99.94
"32932","integrally",3,32865190,99.94
"32933","integrator",3,32865193,99.94
"32934","intelligibility",3,32865196,99.94
"32935","intensifier",3,32865199,99.94
"32936","interactional",3,32865202,99.94
"32937","intercity",3,32865205,99.94
"32938","interconnect",3,32865208,99.94
"32939","interleague",3,32865211,99.94
"32940","intermarry",3,32865214,99.94
"32941","intermediation",3,32865217,99.94
"32942","interpolation",3,32865220,99.94
"32943","interrelation",3,32865223,99.94
"32944","intersectional",3,32865226,99.94
"32945","intersexuality",3,32865229,99.94
"32946","interspace",3,32865232,99.94
"32947","intone",3,32865235,99.94
"32948","intoxicatingly",3,32865238,99.94
"32949","intranasal",3,32865241,99.94
"32950","introit",3,32865244,99.94
"32951","intrusiveness",3,32865247,99.94
"32952","intuitiveness",3,32865250,99.94
"32953","inventively",3,32865253,99.94
"32954","investigational",3,32865256,99.94
"32955","inviolate",3,32865259,99.94
"32956","invitatory",3,32865262,99.94
"32957","inwood",3,32865265,99.94
"32958","ipecac",3,32865268,99.94
"32959","irenic",3,32865271,99.94
"32960","irian",3,32865274,99.94
"32961","irok",3,32865277,99.94
"32962","ironbound",3,32865280,99.94
"32963","irradiate",3,32865283,99.94
"32964","irradiation",3,32865286,99.94
"32965","irrepressibly",3,32865289,99.94
"32966","isopropyl",3,32865292,99.94
"32967","itchiness",3,32865295,99.94
"32968","iterative",3,32865298,99.94
"32969","jacinth",3,32865301,99.94
"32970","jacobus",3,32865304,99.94
"32971","jalopy",3,32865307,99.94
"32972","jati",3,32865310,99.94
"32973","jauntily",3,32865313,99.94
"32974","jaywalk",3,32865316,99.94
"32975","jelutong",3,32865319,99.94
"32976","jerkin",3,32865322,99.94
"32977","jitney",3,32865325,99.94
"32978","jocular",3,32865328,99.94
"32979","jocund",3,32865331,99.94
"32980","jointer",3,32865334,99.94
"32981","journalistically",3,32865337,99.94
"32982","joust",3,32865340,99.94
"32983","jowly",3,32865343,99.94
"32984","joyfulness",3,32865346,99.94
"32985","judicially",3,32865349,99.94
"32986","jugger",3,32865352,99.94
"32987","jujitsu",3,32865355,99.94
"32988","jujube",3,32865358,99.94
"32989","jurisprudential",3,32865361,99.94
"32990","kaffiyeh",3,32865364,99.94
"32991","kapa",3,32865367,99.94
"32992","karsha",3,32865370,99.94
"32993","karst",3,32865373,99.94
"32994","katakana",3,32865376,99.94
"32995","keck",3,32865379,99.94
"32996","kelty",3,32865382,99.94
"32997","kerplunk",3,32865385,99.94
"32998","khat",3,32865388,99.94
"32999","khedive",3,32865391,99.94
"33000","kiang",3,32865394,99.94
"33001","kildee",3,32865397,99.94
"33002","killdeer",3,32865400,99.94
"33003","kinetics",3,32865403,99.94
"33004","kinsfolk",3,32865406,99.94
"33005","kippy",3,32865409,99.94
"33006","kiri",3,32865412,99.94
"33007","kirkman",3,32865415,99.94
"33008","kivu",3,32865418,99.94
"33009","knicker",3,32865421,99.94
"33010","knotwork",3,32865424,99.94
"33011","koel",3,32865427,99.94
"33012","koine",3,32865430,99.94
"33013","koinonia",3,32865433,99.94
"33014","kopi",3,32865436,99.94
"33015","krone",3,32865439,99.94
"33016","kroon",3,32865442,99.94
"33017","kula",3,32865445,99.94
"33018","kulkarni",3,32865448,99.94
"33019","lability",3,32865451,99.94
"33020","labrum",3,32865454,99.94
"33021","lacerate",3,32865457,99.94
"33022","lactobacillus",3,32865460,99.94
"33023","laddish",3,32865463,99.94
"33024","lader",3,32865466,99.94
"33025","lagan",3,32865469,99.94
"33026","lambkin",3,32865472,99.94
"33027","lambskin",3,32865475,99.94
"33028","landholding",3,32865478,99.94
"33029","landlubber",3,32865481,99.94
"33030","landowning",3,32865484,99.94
"33031","lank",3,32865487,99.94
"33032","lansdowne",3,32865490,99.94
"33033","lapidary",3,32865493,99.94
"33034","lari",3,32865496,99.94
"33035","lariat",3,32865499,99.94
"33036","latchkey",3,32865502,99.94
"33037","lauric",3,32865505,99.94
"33038","lave",3,32865508,99.94
"33039","lawbreaker",3,32865511,99.94
"33040","lawfulness",3,32865514,99.94
"33041","leaker",3,32865517,99.94
"33042","lecher",3,32865520,99.94
"33043","leer",3,32865523,99.94
"33044","legendry",3,32865526,99.94
"33045","legionnaire",3,32865529,99.94
"33046","legitimization",3,32865532,99.94
"33047","lendable",3,32865535,99.94
"33048","lenth",3,32865538,99.94
"33049","lento",3,32865541,99.94
"33050","letterer",3,32865544,99.94
"33051","levelheaded",3,32865547,99.94
"33052","lickspittle",3,32865550,99.94
"33053","lidless",3,32865553,99.94
"33054","lieve",3,32865556,99.94
"33055","limitlessly",3,32865559,99.94
"33056","liniment",3,32865562,99.94
"33057","lipoprotein",3,32865565,99.94
"33058","liquefaction",3,32865568,99.94
"33059","lire",3,32865571,99.94
"33060","lith",3,32865574,99.94
"33061","litho",3,32865577,99.94
"33062","litigiousness",3,32865580,99.94
"33063","littleness",3,32865583,99.94
"33064","loam",3,32865586,99.94
"33065","loaner",3,32865589,99.94
"33066","lobber",3,32865592,99.94
"33067","lobed",3,32865595,99.94
"33068","locative",3,32865598,99.94
"33069","lockup",3,32865601,99.94
"33070","lod",3,32865604,99.94
"33071","loftily",3,32865607,99.94
"33072","logician",3,32865610,99.94
"33073","logy",3,32865613,99.94
"33074","loincloth",3,32865616,99.94
"33075","longboat",3,32865619,99.94
"33076","longleaf",3,32865622,99.94
"33077","longshore",3,32865625,99.94
"33078","longtail",3,32865628,99.94
"33079","longue",3,32865631,99.94
"33080","loran",3,32865634,99.94
"33081","lordly",3,32865637,99.94
"33082","loverly",3,32865640,99.94
"33083","lovesickness",3,32865643,99.94
"33084","lowboy",3,32865646,99.94
"33085","lucidly",3,32865649,99.94
"33086","ludden",3,32865652,99.94
"33087","luminal",3,32865655,99.94
"33088","lunette",3,32865658,99.94
"33089","lunt",3,32865661,99.94
"33090","lunula",3,32865664,99.94
"33091","luridness",3,32865667,99.94
"33092","lustration",3,32865670,99.94
"33093","lynnhaven",3,32865673,99.94
"33094","macerate",3,32865676,99.94
"33095","macrame",3,32865679,99.94
"33096","macrobiotics",3,32865682,99.94
"33097","macron",3,32865685,99.94
"33098","madrigal",3,32865688,99.94
"33099","magicked",3,32865691,99.94
"33100","magnesite",3,32865694,99.94
"33101","magnetize",3,32865697,99.94
"33102","maharani",3,32865700,99.94
"33103","maisonette",3,32865703,99.94
"33104","majo",3,32865706,99.94
"33105","majorette",3,32865709,99.94
"33106","maladministration",3,32865712,99.94
"33107","malapropism",3,32865715,99.94
"33108","malm",3,32865718,99.94
"33109","malthouse",3,32865721,99.94
"33110","maltose",3,32865724,99.94
"33111","mandamus",3,32865727,99.94
"33112","mangler",3,32865730,99.94
"33113","mannerly",3,32865733,99.94
"33114","mansard",3,32865736,99.94
"33115","manservant",3,32865739,99.94
"33116","manship",3,32865742,99.94
"33117","mantilla",3,32865745,99.94
"33118","manto",3,32865748,99.94
"33119","mantua",3,32865751,99.94
"33120","manus",3,32865754,99.94
"33121","manzanillo",3,32865757,99.94
"33122","marblehead",3,32865760,99.94
"33123","markdown",3,32865763,99.94
"33124","maro",3,32865766,99.94
"33125","martinet",3,32865769,99.94
"33126","maslin",3,32865772,99.94
"33127","masonite",3,32865775,99.94
"33128","masseur",3,32865778,99.94
"33129","materiel",3,32865781,99.94
"33130","matin",3,32865784,99.94
"33131","matsuri",3,32865787,99.94
"33132","matti",3,32865790,99.94
"33133","mauler",3,32865793,99.94
"33134","maxillofacial",3,32865796,99.94
"33135","mazer",3,32865799,99.94
"33136","mazy",3,32865802,99.94
"33137","meanly",3,32865805,99.94
"33138","medicinally",3,32865808,99.94
"33139","melodiously",3,32865811,99.94
"33140","memoirist",3,32865814,99.94
"33141","meningococcal",3,32865817,99.94
"33142","menzie",3,32865820,99.94
"33143","mercantilist",3,32865823,99.94
"33144","merganser",3,32865826,99.94
"33145","meso",3,32865829,99.94
"33146","messe",3,32865832,99.94
"33147","messily",3,32865835,99.94
"33148","mester",3,32865838,99.94
"33149","mestizo",3,32865841,99.94
"33150","metabolite",3,32865844,99.94
"33151","metallurgical",3,32865847,99.94
"33152","metaphysician",3,32865850,99.94
"33153","metate",3,32865853,99.94
"33154","methodism",3,32865856,99.94
"33155","metonym",3,32865859,99.94
"33156","meuse",3,32865862,99.94
"33157","mian",3,32865865,99.94
"33158","micellar",3,32865868,99.94
"33159","microcosmic",3,32865871,99.94
"33160","microscopically",3,32865874,99.94
"33161","millpond",3,32865877,99.94
"33162","mindlessness",3,32865880,99.94
"33163","mineralogist",3,32865883,99.94
"33164","minim",3,32865886,99.94
"33165","minny",3,32865889,99.94
"33166","mino",3,32865892,99.94
"33167","mirador",3,32865895,99.94
"33168","miscarry",3,32865898,99.94
"33169","misguiding",3,32865901,99.94
"33170","misjudgment",3,32865904,99.94
"33171","misky",3,32865907,99.94
"33172","misperception",3,32865910,99.94
"33173","mistrustful",3,32865913,99.94
"33174","mitered",3,32865916,99.94
"33175","mitral",3,32865919,99.94
"33176","modena",3,32865922,99.94
"33177","moderato",3,32865925,99.94
"33178","mogo",3,32865928,99.94
"33179","mohur",3,32865931,99.94
"33180","moke",3,32865934,99.94
"33181","moko",3,32865937,99.94
"33182","molle",3,32865940,99.94
"33183","monadic",3,32865943,99.94
"33184","monarchism",3,32865946,99.94
"33185","monkish",3,32865949,99.94
"33186","monocultural",3,32865952,99.94
"33187","monogamist",3,32865955,99.94
"33188","monologist",3,32865958,99.94
"33189","monomaniac",3,32865961,99.94
"33190","mononucleosis",3,32865964,99.94
"33191","monophonic",3,32865967,99.94
"33192","monotype",3,32865970,99.94
"33193","monton",3,32865973,99.94
"33194","mooned",3,32865976,99.94
"33195","moonset",3,32865979,99.94
"33196","morganatic",3,32865982,99.94
"33197","morphew",3,32865985,99.94
"33198","mortarboard",3,32865988,99.94
"33199","motorcar",3,32865991,99.94
"33200","motored",3,32865994,99.94
"33201","moxa",3,32865997,99.94
"33202","mudra",3,32866000,99.94
"33203","muezzin",3,32866003,99.94
"33204","muffed",3,32866006,99.94
"33205","mugwort",3,32866009,99.94
"33206","mukti",3,32866012,99.94
"33207","mulish",3,32866015,99.94
"33208","mulk",3,32866018,99.94
"33209","multifarious",3,32866021,99.94
"33210","mummery",3,32866024,99.94
"33211","munition",3,32866027,99.94
"33212","muscovite",3,32866030,99.94
"33213","musette",3,32866033,99.94
"33214","musher",3,32866036,99.94
"33215","mushiness",3,32866039,99.94
"33216","mustiness",3,32866042,99.94
"33217","mutability",3,32866045,99.94
"33218","mutualistic",3,32866048,99.94
"33219","muzzy",3,32866051,99.94
"33220","myasthenia",3,32866054,99.94
"33221","mycelium",3,32866057,99.94
"33222","mycorrhizal",3,32866060,99.94
"33223","myrcene",3,32866063,99.94
"33224","mythically",3,32866066,99.94
"33225","nacre",3,32866069,99.94
"33226","nagger",3,32866072,99.94
"33227","naggy",3,32866075,99.94
"33228","namer",3,32866078,99.94
"33229","narky",3,32866081,99.94
"33230","naturism",3,32866084,99.94
"33231","naughtily",3,32866087,99.94
"33232","nawab",3,32866090,99.94
"33233","nebel",3,32866093,99.94
"33234","neckar",3,32866096,99.94
"33235","necker",3,32866099,99.94
"33236","necromancy",3,32866102,99.94
"33237","negligently",3,32866105,99.94
"33238","neighborliness",3,32866108,99.94
"33239","neologism",3,32866111,99.94
"33240","neonate",3,32866114,99.94
"33241","neopagan",3,32866117,99.94
"33242","nerving",3,32866120,99.94
"33243","netsuke",3,32866123,99.94
"33244","neurodegenerative",3,32866126,99.94
"33245","neuroticism",3,32866129,99.94
"33246","nidal",3,32866132,99.94
"33247","niggly",3,32866135,99.94
"33248","nightdress",3,32866138,99.94
"33249","nighthawk",3,32866141,99.94
"33250","nightshirt",3,32866144,99.94
"33251","nipa",3,32866147,99.94
"33252","nisse",3,32866150,99.94
"33253","nito",3,32866153,99.94
"33254","nitrite",3,32866156,99.94
"33255","nodal",3,32866159,99.94
"33256","noetic",3,32866162,99.94
"33257","nohow",3,32866165,99.94
"33258","nominative",3,32866168,99.94
"33259","nonagon",3,32866171,99.94
"33260","noncompliance",3,32866174,99.94
"33261","nonfamily",3,32866177,99.94
"33262","nonfunctional",3,32866180,99.94
"33263","nonphysical",3,32866183,99.94
"33264","nonrational",3,32866186,99.94
"33265","nonreactive",3,32866189,99.94
"33266","nonreligious",3,32866192,99.94
"33267","nonsexual",3,32866195,99.94
"33268","nonspecific",3,32866198,99.94
"33269","nonstandard",3,32866201,99.94
"33270","nonsurgical",3,32866204,99.94
"33271","nontoxic",3,32866207,99.94
"33272","norther",3,32866210,99.94
"33273","nostrum",3,32866213,99.94
"33274","notitia",3,32866216,99.94
"33275","noumenon",3,32866219,99.94
"33276","nul",3,32866222,99.94
"33277","numeration",3,32866225,99.94
"33278","nutcrackers",3,32866228,99.94
"33279","nyctalopia",3,32866231,99.94
"33280","oafish",3,32866234,99.94
"33281","oases",3,32866237,99.94
"33282","oblate",3,32866240,99.94
"33283","obligate",3,32866243,99.94
"33284","obscurantist",3,32866246,99.94
"33285","obscurely",3,32866249,99.94
"33286","obsequious",3,32866252,99.94
"33287","obsequiously",3,32866255,99.94
"33288","obviate",3,32866258,99.94
"33289","ocelot",3,32866261,99.94
"33290","odium",3,32866264,99.94
"33291","oer",3,32866267,99.94
"33292","oesophagus",3,32866270,99.94
"33293","oestradiol",3,32866273,99.94
"33294","offhanded",3,32866276,99.94
"33295","offish",3,32866279,99.94
"33296","oiliness",3,32866282,99.94
"33297","okee",3,32866285,99.94
"33298","oldish",3,32866288,99.94
"33299","oldness",3,32866291,99.94
"33300","omicron",3,32866294,99.94
"33301","ona",3,32866297,99.94
"33302","oogenesis",3,32866300,99.94
"33303","opaqueness",3,32866303,99.94
"33304","operable",3,32866306,99.94
"33305","opportunistically",3,32866309,99.94
"33306","opprobrious",3,32866312,99.94
"33307","orf",3,32866315,99.94
"33308","oriel",3,32866318,99.94
"33309","orignal",3,32866321,99.94
"33310","orthogonal",3,32866324,99.94
"33311","orthopedics",3,32866327,99.94
"33312","orthotic",3,32866330,99.94
"33313","ortolan",3,32866333,99.94
"33314","ose",3,32866336,99.94
"33315","osse",3,32866339,99.94
"33316","osteogenesis",3,32866342,99.94
"33317","ough",3,32866345,99.94
"33318","outflank",3,32866348,99.94
"33319","outrank",3,32866351,99.94
"33320","outscore",3,32866354,99.94
"33321","outsell",3,32866357,99.94
"33322","outspeed",3,32866360,99.94
"33323","overanalyze",3,32866363,99.94
"33324","overbearingly",3,32866366,99.94
"33325","overbuilt",3,32866369,99.94
"33326","overburden",3,32866372,99.94
"33327","overdevelopment",3,32866375,99.94
"33328","overdrapery",3,32866378,99.94
"33329","overdubbed",3,32866381,99.94
"33330","overexcitement",3,32866384,99.94
"33331","overexertion",3,32866387,99.94
"33332","overextend",3,32866390,99.94
"33333","overindulgent",3,32866393,99.94
"33334","overman",3,32866396,99.94
"33335","overplay",3,32866399,99.94
"33336","overregulation",3,32866402,99.94
"33337","overrunning",3,32866405,99.94
"33338","oversimplify",3,32866408,99.94
"33339","oversoul",3,32866411,99.94
"33340","overwound",3,32866414,99.94
"33341","oxer",3,32866417,99.94
"33342","oxidizing",3,32866420,99.94
"33343","palli",3,32866423,99.94
"33344","palmitate",3,32866426,99.94
"33345","palpate",3,32866429,99.94
"33346","palpitation",3,32866432,99.94
"33347","pamphleteer",3,32866435,99.94
"33348","paned",3,32866438,99.94
"33349","pannel",3,32866441,99.94
"33350","pantaloon",3,32866444,99.94
"33351","papermaker",3,32866447,99.94
"33352","papeterie",3,32866450,99.94
"33353","papillary",3,32866453,99.94
"33354","parachutist",3,32866456,99.94
"33355","paralyzation",3,32866459,99.94
"33356","param",3,32866462,99.94
"33357","parasitology",3,32866465,99.94
"33358","parasympathetic",3,32866468,99.94
"33359","parentally",3,32866471,99.94
"33360","parenthetically",3,32866474,99.94
"33361","parentless",3,32866477,99.94
"33362","parley",3,32866480,99.94
"33363","paroxysm",3,32866483,99.94
"33364","parser",3,32866486,99.94
"33365","parsimonious",3,32866489,99.94
"33366","partitioning",3,32866492,99.94
"33367","pash",3,32866495,99.94
"33368","passant",3,32866498,99.94
"33369","pastoralist",3,32866501,99.94
"33370","pata",3,32866504,99.94
"33371","patchiness",3,32866507,99.94
"33372","patellar",3,32866510,99.94
"33373","patria",3,32866513,99.94
"33374","patten",3,32866516,99.94
"33375","paty",3,32866519,99.94
"33376","pawnshop",3,32866522,99.94
"33377","peaberry",3,32866525,99.94
"33378","peavy",3,32866528,99.94
"33379","pecht",3,32866531,99.94
"33380","peevish",3,32866534,99.94
"33381","peevishly",3,32866537,99.94
"33382","pellagra",3,32866540,99.94
"33383","peloton",3,32866543,99.94
"33384","penciller",3,32866546,99.94
"33385","penetratingly",3,32866549,99.94
"33386","penetrator",3,32866552,99.94
"33387","pennyworth",3,32866555,99.94
"33388","pentameter",3,32866558,99.94
"33389","pentangle",3,32866561,99.94
"33390","peonage",3,32866564,99.94
"33391","peplos",3,32866567,99.94
"33392","perceiver",3,32866570,99.94
"33393","perceptibly",3,32866573,99.94
"33394","perceptiveness",3,32866576,99.94
"33395","percolator",3,32866579,99.94
"33396","perfumer",3,32866582,99.94
"33397","pericarditis",3,32866585,99.94
"33398","peritonitis",3,32866588,99.94
"33399","perkiness",3,32866591,99.94
"33400","permissiveness",3,32866594,99.94
"33401","pernickety",3,32866597,99.94
"33402","peroration",3,32866600,99.94
"33403","peroxidation",3,32866603,99.94
"33404","perpetration",3,32866606,99.94
"33405","perplexingly",3,32866609,99.94
"33406","perron",3,32866612,99.94
"33407","perryman",3,32866615,99.94
"33408","perse",3,32866618,99.94
"33409","perturb",3,32866621,99.94
"33410","pestilential",3,32866624,99.94
"33411","petaled",3,32866627,99.94
"33412","petalled",3,32866630,99.94
"33413","peto",3,32866633,99.94
"33414","petulance",3,32866636,99.94
"33415","phenolic",3,32866639,99.94
"33416","philatelist",3,32866642,99.94
"33417","philately",3,32866645,99.94
"33418","philological",3,32866648,99.94
"33419","phlegmy",3,32866651,99.94
"33420","phoneme",3,32866654,99.94
"33421","phonic",3,32866657,99.94
"33422","phos",3,32866660,99.94
"33423","phototherapy",3,32866663,99.94
"33424","phrontistery",3,32866666,99.94
"33425","phyla",3,32866669,99.94
"33426","pianola",3,32866672,99.94
"33427","picayune",3,32866675,99.94
"33428","picturedrome",3,32866678,99.94
"33429","pictureless",3,32866681,99.94
"33430","piercingly",3,32866684,99.94
"33431","pigsty",3,32866687,99.94
"33432","pillion",3,32866690,99.94
"33433","pincers",3,32866693,99.94
"33434","piner",3,32866696,99.94
"33435","pinner",3,32866699,99.94
"33436","pinniped",3,32866702,99.94
"33437","pinprick",3,32866705,99.94
"33438","pinta",3,32866708,99.94
"33439","piny",3,32866711,99.94
"33440","piously",3,32866714,99.94
"33441","pipette",3,32866717,99.94
"33442","pipit",3,32866720,99.94
"33443","pipkin",3,32866723,99.94
"33444","piscine",3,32866726,99.94
"33445","pitchman",3,32866729,99.94
"33446","placemaking",3,32866732,99.94
"33447","plaiting",3,32866735,99.94
"33448","planeta",3,32866738,99.94
"33449","plangent",3,32866741,99.94
"33450","platitude",3,32866744,99.94
"33451","plaudit",3,32866747,99.94
"33452","pleasurably",3,32866750,99.94
"33453","plebe",3,32866753,99.94
"33454","plenum",3,32866756,99.94
"33455","pleroma",3,32866759,99.94
"33456","plier",3,32866762,99.94
"33457","plotless",3,32866765,99.94
"33458","plowman",3,32866768,99.94
"33459","plumper",3,32866771,99.94
"33460","pluralist",3,32866774,99.94
"33461","pluralization",3,32866777,99.94
"33462","plushy",3,32866780,99.94
"33463","plutocratic",3,32866783,99.94
"33464","podiatry",3,32866786,99.94
"33465","poisonwood",3,32866789,99.94
"33466","poliomyelitis",3,32866792,99.94
"33467","polygram",3,32866795,99.94
"33468","polyrhythmic",3,32866798,99.94
"33469","pondok",3,32866801,99.94
"33470","pooka",3,32866804,99.94
"33471","poplin",3,32866807,99.94
"33472","popularization",3,32866810,99.94
"33473","portentously",3,32866813,99.94
"33474","portraitist",3,32866816,99.94
"33475","positivist",3,32866819,99.94
"33476","positron",3,32866822,99.94
"33477","possessively",3,32866825,99.94
"33478","potbelly",3,32866828,99.94
"33479","poundage",3,32866831,99.94
"33480","prancer",3,32866834,99.94
"33481","prandial",3,32866837,99.94
"33482","pranking",3,32866840,99.94
"33483","pratfall",3,32866843,99.94
"33484","pratique",3,32866846,99.94
"33485","precociously",3,32866849,99.94
"33486","precook",3,32866852,99.94
"33487","predestinate",3,32866855,99.94
"33488","predestine",3,32866858,99.94
"33489","predispose",3,32866861,99.94
"33490","preferentially",3,32866864,99.94
"33491","prefigurative",3,32866867,99.94
"33492","prefigure",3,32866870,99.94
"33493","prefixed",3,32866873,99.94
"33494","preindustrial",3,32866876,99.94
"33495","preliminarily",3,32866879,99.94
"33496","premeditation",3,32866882,99.94
"33497","preparer",3,32866885,99.94
"33498","presbyter",3,32866888,99.94
"33499","presentment",3,32866891,99.94
"33500","prest",3,32866894,99.94
"33501","presumable",3,32866897,99.94
"33502","prevarication",3,32866900,99.94
"33503","priestliness",3,32866903,99.94
"33504","primero",3,32866906,99.94
"33505","primula",3,32866909,99.94
"33506","princeling",3,32866912,99.94
"33507","printery",3,32866915,99.94
"33508","problematical",3,32866918,99.94
"33509","proboscis",3,32866921,99.94
"33510","prognostication",3,32866924,99.94
"33511","prohibitionism",3,32866927,99.94
"33512","prolactin",3,32866930,99.94
"33513","promptness",3,32866933,99.94
"33514","pronghorn",3,32866936,99.94
"33515","propagandize",3,32866939,99.94
"33516","propagator",3,32866942,99.94
"33517","prophylaxis",3,32866945,99.94
"33518","proposer",3,32866948,99.94
"33519","propositional",3,32866951,99.94
"33520","prorate",3,32866954,99.94
"33521","proscribe",3,32866957,99.94
"33522","prosy",3,32866960,99.94
"33523","protea",3,32866963,99.94
"33524","protrusion",3,32866966,99.94
"33525","protuberance",3,32866969,99.94
"33526","prunella",3,32866972,99.94
"33527","psychodrama",3,32866975,99.94
"33528","psyllium",3,32866978,99.94
"33529","pubis",3,32866981,99.94
"33530","puckish",3,32866984,99.94
"33531","purana",3,32866987,99.94
"33532","pureness",3,32866990,99.94
"33533","purposiveness",3,32866993,99.94
"33534","quadra",3,32866996,99.94
"33535","quadrilogy",3,32866999,99.94
"33536","quahog",3,32867002,99.94
"33537","quale",3,32867005,99.94
"33538","quanta",3,32867008,99.94
"33539","quantization",3,32867011,99.94
"33540","quarto",3,32867014,99.94
"33541","quartzite",3,32867017,99.94
"33542","quaternary",3,32867020,99.94
"33543","quavering",3,32867023,99.94
"33544","queasiness",3,32867026,99.94
"33545","queenly",3,32867029,99.94
"33546","queller",3,32867032,99.94
"33547","quenelle",3,32867035,99.94
"33548","questor",3,32867038,99.94
"33549","quiapo",3,32867041,99.94
"33550","quietus",3,32867044,99.94
"33551","quintus",3,32867047,99.94
"33552","quire",3,32867050,99.94
"33553","rabbinate",3,32867053,99.94
"33554","radiometric",3,32867056,99.94
"33555","rager",3,32867059,99.94
"33556","raisiny",3,32867062,99.94
"33557","rakishly",3,32867065,99.94
"33558","rampager",3,32867068,99.94
"33559","rampantly",3,32867071,99.94
"33560","randle",3,32867074,99.94
"33561","rane",3,32867077,99.94
"33562","rann",3,32867080,99.94
"33563","ranter",3,32867083,99.94
"33564","rappel",3,32867086,99.94
"33565","ratable",3,32867089,99.94
"33566","ravelin",3,32867092,99.94
"33567","raze",3,32867095,99.94
"33568","razorbill",3,32867098,99.94
"33569","realest",3,32867101,99.94
"33570","reapplication",3,32867104,99.94
"33571","reapportionment",3,32867107,99.94
"33572","rearm",3,32867110,99.94
"33573","rebelliously",3,32867113,99.94
"33574","rebloom",3,32867116,99.94
"33575","rebutter",3,32867119,99.94
"33576","recalcitrance",3,32867122,99.94
"33577","receptiveness",3,32867125,99.94
"33578","recharter",3,32867128,99.94
"33579","recirculate",3,32867131,99.94
"33580","reclusion",3,32867134,99.94
"33581","recognizance",3,32867137,99.94
"33582","reconfirm",3,32867140,99.94
"33583","redcoat",3,32867143,99.94
"33584","rededicate",3,32867146,99.94
"33585","redfin",3,32867149,99.94
"33586","redoubt",3,32867152,99.94
"33587","redshank",3,32867155,99.94
"33588","reeder",3,32867158,99.94
"33589","reen",3,32867161,99.94
"33590","refection",3,32867164,99.94
"33591","referrer",3,32867167,99.94
"33592","refold",3,32867170,99.94
"33593","refractometer",3,32867173,99.94
"33594","regionalist",3,32867176,99.94
"33595","registrable",3,32867179,99.94
"33596","rehang",3,32867182,99.94
"33597","rehearing",3,32867185,99.94
"33598","rehouse",3,32867188,99.94
"33599","reify",3,32867191,99.94
"33600","reit",3,32867194,99.94
"33601","reiter",3,32867197,99.94
"33602","reiver",3,32867200,99.94
"33603","reknit",3,32867203,99.94
"33604","relaxant",3,32867206,99.94
"33605","relevantly",3,32867209,99.94
"33606","relist",3,32867212,99.94
"33607","remittitur",3,32867215,99.94
"33608","remodeler",3,32867218,99.94
"33609","remora",3,32867221,99.94
"33610","reportable",3,32867224,99.94
"33611","reportorial",3,32867227,99.94
"33612","repossess",3,32867230,99.94
"33613","republication",3,32867233,99.94
"33614","requester",3,32867236,99.94
"33615","resentfully",3,32867239,99.94
"33616","resister",3,32867242,99.94
"33617","resolvable",3,32867245,99.94
"33618","resp",3,32867248,99.94
"33619","restauration",3,32867251,99.94
"33620","restfulness",3,32867254,99.94
"33621","reticulated",3,32867257,99.94
"33622","retie",3,32867260,99.94
"33623","retrench",3,32867263,99.94
"33624","retrievable",3,32867266,99.94
"33625","retrogressive",3,32867269,99.94
"33626","reveille",3,32867272,99.94
"33627","reviling",3,32867275,99.94
"33628","rewound",3,32867278,99.94
"33629","rhapsodize",3,32867281,99.94
"33630","rheumy",3,32867284,99.94
"33631","ricin",3,32867287,99.94
"33632","rickets",3,32867290,99.94
"33633","ricrac",3,32867293,99.94
"33634","riddling",3,32867296,99.94
"33635","rideable",3,32867299,99.94
"33636","rideau",3,32867302,99.94
"33637","riffle",3,32867305,99.94
"33638","rillette",3,32867308,99.94
"33639","rimrock",3,32867311,99.94
"33640","ringneck",3,32867314,99.94
"33641","rioter",3,32867317,99.94
"33642","riotously",3,32867320,99.94
"33643","risser",3,32867323,99.94
"33644","ritualism",3,32867326,99.94
"33645","riverhead",3,32867329,99.94
"33646","robbin",3,32867332,99.94
"33647","rockabye",3,32867335,99.94
"33648","rockery",3,32867338,99.94
"33649","rockslide",3,32867341,99.94
"33650","rockwood",3,32867344,99.94
"33651","roguery",3,32867347,99.94
"33652","ronco",3,32867350,99.94
"33653","rone",3,32867353,99.94
"33654","roofless",3,32867356,99.94
"33655","rooty",3,32867359,99.94
"33656","ropy",3,32867362,99.94
"33657","roque",3,32867365,99.94
"33658","rorty",3,32867368,99.94
"33659","rosebush",3,32867371,99.94
"33660","rosily",3,32867374,99.94
"33661","roundtree",3,32867377,99.94
"33662","roust",3,32867380,99.94
"33663","routinization",3,32867383,99.94
"33664","rowen",3,32867386,99.94
"33665","ruach",3,32867389,99.94
"33666","rubato",3,32867392,99.94
"33667","rubdown",3,32867395,99.94
"33668","ruching",3,32867398,99.94
"33669","ruffler",3,32867401,99.94
"33670","ruing",3,32867404,99.94
"33671","ruinously",3,32867407,99.94
"33672","ruminative",3,32867410,99.94
"33673","rushen",3,32867413,99.94
"33674","sabot",3,32867416,99.94
"33675","sacral",3,32867419,99.94
"33676","sadhu",3,32867422,99.94
"33677","saintliness",3,32867425,99.94
"33678","saliently",3,32867428,99.94
"33679","salination",3,32867431,99.94
"33680","samovar",3,32867434,99.94
"33681","sancta",3,32867437,99.94
"33682","sanctifier",3,32867440,99.94
"33683","sanga",3,32867443,99.94
"33684","sanguinary",3,32867446,99.94
"33685","sapphic",3,32867449,99.94
"33686","satiation",3,32867452,99.94
"33687","satirize",3,32867455,99.94
"33688","saturnine",3,32867458,99.94
"33689","saucerful",3,32867461,99.94
"33690","saum",3,32867464,99.94
"33691","saur",3,32867467,99.94
"33692","sauterne",3,32867470,99.94
"33693","savarin",3,32867473,99.94
"33694","savin",3,32867476,99.94
"33695","scabbard",3,32867479,99.94
"33696","scabbed",3,32867482,99.94
"33697","scalper",3,32867485,99.94
"33698","scarry",3,32867488,99.94
"33699","scaup",3,32867491,99.94
"33700","schlieren",3,32867494,99.94
"33701","schnabel",3,32867497,99.94
"33702","schoolbag",3,32867500,99.94
"33703","schoon",3,32867503,99.94
"33704","schreiner",3,32867506,99.94
"33705","scrambler",3,32867509,99.94
"33706","scran",3,32867512,99.94
"33707","scratchboard",3,32867515,99.94
"33708","screamy",3,32867518,99.94
"33709","scrim",3,32867521,99.94
"33710","scrimped",3,32867524,99.94
"33711","scudder",3,32867527,99.94
"33712","sculptress",3,32867530,99.94
"33713","seacoast",3,32867533,99.94
"33714","sealskin",3,32867536,99.94
"33715","seasonably",3,32867539,99.94
"33716","seaworthy",3,32867542,99.94
"33717","secundus",3,32867545,99.94
"33718","seediness",3,32867548,99.94
"33719","seg",3,32867551,99.94
"33720","segregationist",3,32867554,99.94
"33721","seismicity",3,32867557,99.94
"33722","seismograph",3,32867560,99.94
"33723","selectable",3,32867563,99.94
"33724","selfhood",3,32867566,99.94
"33725","semicircular",3,32867569,99.94
"33726","semiconscious",3,32867572,99.94
"33727","semiprecious",3,32867575,99.94
"33728","senescent",3,32867578,99.94
"33729","sensitize",3,32867581,99.94
"33730","sensorium",3,32867584,99.94
"33731","sentimentalism",3,32867587,99.94
"33732","sequelae",3,32867590,99.94
"33733","seraphic",3,32867593,99.94
"33734","serenata",3,32867596,99.94
"33735","serf",3,32867599,99.94
"33736","sett",3,32867602,99.94
"33737","sexologist",3,32867605,99.94
"33738","sextant",3,32867608,99.94
"33739","sextile",3,32867611,99.94
"33740","shadowboxing",3,32867614,99.94
"33741","shamba",3,32867617,99.94
"33742","shammy",3,32867620,99.94
"33743","sharkskin",3,32867623,99.94
"33744","sharky",3,32867626,99.94
"33745","shearwater",3,32867629,99.94
"33746","sheathing",3,32867632,99.94
"33747","sheerly",3,32867635,99.94
"33748","sheerness",3,32867638,99.94
"33749","sheldrake",3,32867641,99.94
"33750","sheller",3,32867644,99.94
"33751","shepherdess",3,32867647,99.94
"33752","shibboleth",3,32867650,99.94
"33753","shier",3,32867653,99.94
"33754","shipbuilder",3,32867656,99.94
"33755","shipshape",3,32867659,99.94
"33756","shirtmaker",3,32867662,99.94
"33757","shoddily",3,32867665,99.94
"33758","shola",3,32867668,99.94
"33759","shorthanded",3,32867671,99.94
"33760","shortish",3,32867674,99.94
"33761","shotty",3,32867677,99.94
"33762","shovelful",3,32867680,99.94
"33763","showery",3,32867683,99.94
"33764","shrike",3,32867686,99.94
"33765","shrouding",3,32867689,99.94
"33766","shuttlecock",3,32867692,99.94
"33767","sibyl",3,32867695,99.94
"33768","sickbed",3,32867698,99.94
"33769","siddur",3,32867701,99.94
"33770","sidedness",3,32867704,99.94
"33771","sidesaddle",3,32867707,99.94
"33772","sightless",3,32867710,99.94
"33773","sightly",3,32867713,99.94
"33774","sigla",3,32867716,99.94
"33775","silex",3,32867719,99.94
"33776","silkie",3,32867722,99.94
"33777","silkiness",3,32867725,99.94
"33778","silkworm",3,32867728,99.94
"33779","silting",3,32867731,99.94
"33780","silviculture",3,32867734,99.94
"33781","simpleness",3,32867737,99.94
"33782","singable",3,32867740,99.94
"33783","sirdar",3,32867743,99.94
"33784","sirian",3,32867746,99.94
"33785","sirocco",3,32867749,99.94
"33786","sirrah",3,32867752,99.94
"33787","sirree",3,32867755,99.94
"33788","siskin",3,32867758,99.94
"33789","sitosterol",3,32867761,99.94
"33790","skedaddle",3,32867764,99.94
"33791","sketcher",3,32867767,99.94
"33792","skittishness",3,32867770,99.94
"33793","sleety",3,32867773,99.94
"33794","sleighing",3,32867776,99.94
"33795","sliceable",3,32867779,99.94
"33796","slicking",3,32867782,99.94
"33797","slickness",3,32867785,99.94
"33798","slided",3,32867788,99.94
"33799","slighting",3,32867791,99.94
"33800","slipcase",3,32867794,99.94
"33801","slipway",3,32867797,99.94
"33802","slithery",3,32867800,99.94
"33803","slive",3,32867803,99.94
"33804","sloper",3,32867806,99.94
"33805","slue",3,32867809,99.94
"33806","smalling",3,32867812,99.94
"33807","smasher",3,32867815,99.94
"33808","snaffle",3,32867818,99.94
"33809","snaggletooth",3,32867821,99.94
"33810","sneeringly",3,32867824,99.94
"33811","sniffily",3,32867827,99.94
"33812","snorer",3,32867830,99.94
"33813","snowbird",3,32867833,99.94
"33814","snowdrift",3,32867836,99.94
"33815","snowshoe",3,32867839,99.94
"33816","snuffle",3,32867842,99.94
"33817","sobriquet",3,32867845,99.94
"33818","sociocultural",3,32867848,99.94
"33819","sockeye",3,32867851,99.94
"33820","soever",3,32867854,99.94
"33821","soldan",3,32867857,99.94
"33822","soler",3,32867860,99.94
"33823","soleus",3,32867863,99.94
"33824","solute",3,32867866,99.94
"33825","somatically",3,32867869,99.94
"33826","somnolence",3,32867872,99.94
"33827","songcraft",3,32867875,99.94
"33828","sonsy",3,32867878,99.94
"33829","soonish",3,32867881,99.94
"33830","sophisticate",3,32867884,99.94
"33831","sophy",3,32867887,99.94
"33832","soporific",3,32867890,99.94
"33833","sordino",3,32867893,99.94
"33834","sorrento",3,32867896,99.94
"33835","sorrowing",3,32867899,99.94
"33836","soteriological",3,32867902,99.94
"33837","souchong",3,32867905,99.94
"33838","soundlessly",3,32867908,99.94
"33839","sourish",3,32867911,99.94
"33840","souther",3,32867914,99.94
"33841","southpaw",3,32867917,99.94
"33842","southwesterly",3,32867920,99.94
"33843","spacy",3,32867923,99.94
"33844","spangler",3,32867926,99.94
"33845","spangly",3,32867929,99.94
"33846","spanker",3,32867932,99.94
"33847","spartacist",3,32867935,99.94
"33848","spaying",3,32867938,99.94
"33849","specialism",3,32867941,99.94
"33850","speckle",3,32867944,99.94
"33851","speckling",3,32867947,99.94
"33852","spectatorial",3,32867950,99.94
"33853","spectrometry",3,32867953,99.94
"33854","spectroscope",3,32867956,99.95
"33855","spectroscopy",3,32867959,99.95
"33856","speechlessness",3,32867962,99.95
"33857","spelunker",3,32867965,99.95
"33858","sperling",3,32867968,99.95
"33859","sphygmomanometer",3,32867971,99.95
"33860","spiff",3,32867974,99.95
"33861","spiker",3,32867977,99.95
"33862","spiritus",3,32867980,99.95
"33863","spital",3,32867983,99.95
"33864","spitball",3,32867986,99.95
"33865","splasher",3,32867989,99.95
"33866","splodge",3,32867992,99.95
"33867","spoilsport",3,32867995,99.95
"33868","spondylitis",3,32867998,99.95
"33869","sporran",3,32868001,99.95
"33870","spotlessly",3,32868004,99.95
"33871","squab",3,32868007,99.95
"33872","squam",3,32868010,99.95
"33873","squandermania",3,32868013,99.95
"33874","squarish",3,32868016,99.95
"33875","squeezer",3,32868019,99.95
"33876","squidge",3,32868022,99.95
"33877","squirty",3,32868025,99.95
"33878","stably",3,32868028,99.95
"33879","stainer",3,32868031,99.95
"33880","stapling",3,32868034,99.95
"33881","starfruit",3,32868037,99.95
"33882","statics",3,32868040,99.95
"33883","staw",3,32868043,99.95
"33884","stent",3,32868046,99.95
"33885","stentorian",3,32868049,99.95
"33886","stepparent",3,32868052,99.95
"33887","stereoscopic",3,32868055,99.95
"33888","steri",3,32868058,99.95
"33889","stet",3,32868061,99.95
"33890","sticked",3,32868064,99.95
"33891","stillhouse",3,32868067,99.95
"33892","stinge",3,32868070,99.95
"33893","stinginess",3,32868073,99.95
"33894","stingo",3,32868076,99.95
"33895","stitchwort",3,32868079,99.95
"33896","stoat",3,32868082,99.95
"33897","stocker",3,32868085,99.95
"33898","stodge",3,32868088,99.95
"33899","stolidly",3,32868091,99.95
"33900","stoping",3,32868094,99.95
"33901","storable",3,32868097,99.95
"33902","storekeeper",3,32868100,99.95
"33903","storify",3,32868103,99.95
"33904","stoup",3,32868106,99.95
"33905","stoutly",3,32868109,99.95
"33906","straightedge",3,32868112,99.95
"33907","straightness",3,32868115,99.95
"33908","straiten",3,32868118,99.95
"33909","strangeling",3,32868121,99.95
"33910","stratospheric",3,32868124,99.95
"33911","strayer",3,32868127,99.95
"33912","stresser",3,32868130,99.95
"33913","stright",3,32868133,99.95
"33914","strom",3,32868136,99.95
"33915","struggler",3,32868139,99.95
"33916","strumpet",3,32868142,99.95
"33917","stubbly",3,32868145,99.95
"33918","stupa",3,32868148,99.95
"33919","stupefaction",3,32868151,99.95
"33920","stylebook",3,32868154,99.95
"33921","suavity",3,32868157,99.95
"33922","subcultural",3,32868160,99.95
"33923","subdividing",3,32868163,99.95
"33924","subhuman",3,32868166,99.95
"33925","subjectivism",3,32868169,99.95
"33926","subjunctive",3,32868172,99.95
"33927","sublicensee",3,32868175,99.95
"33928","submersion",3,32868178,99.95
"33929","submissively",3,32868181,99.95
"33930","substation",3,32868184,99.95
"33931","subverse",3,32868187,99.95
"33932","successional",3,32868190,99.95
"33933","suffragan",3,32868193,99.95
"33934","sugarless",3,32868196,99.95
"33935","suggestible",3,32868199,99.95
"33936","sukiyaki",3,32868202,99.95
"33937","sulkily",3,32868205,99.95
"33938","sullenness",3,32868208,99.95
"33939","sulphide",3,32868211,99.95
"33940","sultanate",3,32868214,99.95
"33941","summarization",3,32868217,99.95
"33942","sunbird",3,32868220,99.95
"33943","sundowner",3,32868223,99.95
"33944","sunfish",3,32868226,99.95
"33945","sunn",3,32868229,99.95
"33946","sunt",3,32868232,99.95
"33947","supa",3,32868235,99.95
"33948","superabundant",3,32868238,99.95
"33949","supercharge",3,32868241,99.95
"33950","superconsciousness",3,32868244,99.95
"33951","superfluity",3,32868247,99.95
"33952","superimposition",3,32868250,99.95
"33953","superlatively",3,32868253,99.95
"33954","supernal",3,32868256,99.95
"33955","superoxide",3,32868259,99.95
"33956","supplicant",3,32868262,99.95
"33957","supplicate",3,32868265,99.95
"33958","sura",3,32868268,99.95
"33959","sureness",3,32868271,99.95
"33960","surpassingly",3,32868274,99.95
"33961","swagman",3,32868277,99.95
"33962","swanking",3,32868280,99.95
"33963","sweatiness",3,32868283,99.95
"33964","sweeny",3,32868286,99.95
"33965","sweetshop",3,32868289,99.95
"33966","swiller",3,32868292,99.95
"33967","swimmable",3,32868295,99.95
"33968","swizzle",3,32868298,99.95
"33969","syllogism",3,32868301,99.95
"33970","sylva",3,32868304,99.95
"33971","symbiote",3,32868307,99.95
"33972","symbolist",3,32868310,99.95
"33973","synchro",3,32868313,99.95
"33974","syncopation",3,32868316,99.95
"33975","syndicalism",3,32868319,99.95
"33976","syntactical",3,32868322,99.95
"33977","syntactically",3,32868325,99.95
"33978","tableland",3,32868328,99.95
"33979","tachibana",3,32868331,99.95
"33980","tactician",3,32868334,99.95
"33981","taggle",3,32868337,99.95
"33982","talismanic",3,32868340,99.95
"33983","tallish",3,32868343,99.95
"33984","tamis",3,32868346,99.95
"33985","tamping",3,32868349,99.95
"33986","tanager",3,32868352,99.95
"33987","tangie",3,32868355,99.95
"33988","tangram",3,32868358,99.95
"33989","tangs",3,32868361,99.95
"33990","tanjong",3,32868364,99.95
"33991","tankful",3,32868367,99.95
"33992","tappa",3,32868370,99.95
"33993","tare",3,32868373,99.95
"33994","tarnation",3,32868376,99.95
"33995","tarrying",3,32868379,99.95
"33996","tass",3,32868382,99.95
"33997","tasset",3,32868385,99.95
"33998","tastelessness",3,32868388,99.95
"33999","tauranga",3,32868391,99.95
"34000","tautness",3,32868394,99.95
"34001","tavola",3,32868397,99.95
"34002","tawdriness",3,32868400,99.95
"34003","taws",3,32868403,99.95
"34004","teahouse",3,32868406,99.95
"34005","teicher",3,32868409,99.95
"34006","telegraphic",3,32868412,99.95
"34007","teletype",3,32868415,99.95
"34008","temperamentally",3,32868418,99.95
"34009","tention",3,32868421,99.95
"34010","territorially",3,32868424,99.95
"34011","testone",3,32868427,99.95
"34012","tetralogy",3,32868430,99.95
"34013","thalamus",3,32868433,99.95
"34014","theatricals",3,32868436,99.95
"34015","thecla",3,32868439,99.95
"34016","thenceforth",3,32868442,99.95
"34017","thenceforward",3,32868445,99.95
"34018","theocentric",3,32868448,99.95
"34019","theoretic",3,32868451,99.95
"34020","thereat",3,32868454,99.95
"34021","theretofore",3,32868457,99.95
"34022","thermodynamic",3,32868460,99.95
"34023","theurgy",3,32868463,99.95
"34024","thiasi",3,32868466,99.95
"34025","thighbone",3,32868469,99.95
"34026","thingamabob",3,32868472,99.95
"34027","thornbush",3,32868475,99.95
"34028","thoroughgoing",3,32868478,99.95
"34029","threadfin",3,32868481,99.95
"34030","throe",3,32868484,99.95
"34031","thrombocytopenia",3,32868487,99.95
"34032","thruster",3,32868490,99.95
"34033","thunderer",3,32868493,99.95
"34034","thunderously",3,32868496,99.95
"34035","thunderstruck",3,32868499,99.95
"34036","thurl",3,32868502,99.95
"34037","thurrock",3,32868505,99.95
"34038","thylacine",3,32868508,99.95
"34039","thymine",3,32868511,99.95
"34040","tib",3,32868514,99.95
"34041","tiburon",3,32868517,99.95
"34042","tiffy",3,32868520,99.95
"34043","tilley",3,32868523,99.95
"34044","tiltable",3,32868526,99.95
"34045","timbered",3,32868529,99.95
"34046","timecard",3,32868532,99.95
"34047","timeous",3,32868535,99.95
"34048","timeworn",3,32868538,99.95
"34049","tinderbox",3,32868541,99.95
"34050","tisane",3,32868544,99.95
"34051","titi",3,32868547,99.95
"34052","titration",3,32868550,99.95
"34053","titre",3,32868553,99.95
"34054","toadfish",3,32868556,99.95
"34055","toastmaster",3,32868559,99.95
"34056","tollgate",3,32868562,99.95
"34057","tonsured",3,32868565,99.95
"34058","topi",3,32868568,99.95
"34059","topsail",3,32868571,99.95
"34060","torii",3,32868574,99.95
"34061","tornadic",3,32868577,99.95
"34062","toucan",3,32868580,99.95
"34063","touchback",3,32868583,99.95
"34064","towhead",3,32868586,99.95
"34065","townscape",3,32868589,99.95
"34066","toyshop",3,32868592,99.95
"34067","tracery",3,32868595,99.95
"34068","tractarian",3,32868598,99.95
"34069","tragical",3,32868601,99.95
"34070","tragicomedy",3,32868604,99.95
"34071","tranquilizing",3,32868607,99.95
"34072","transcendentalist",3,32868610,99.95
"34073","transcendentally",3,32868613,99.95
"34074","transfigure",3,32868616,99.95
"34075","transformable",3,32868619,99.95
"34076","transhuman",3,32868622,99.95
"34077","transindividual",3,32868625,99.95
"34078","transitionary",3,32868628,99.95
"34079","translatable",3,32868631,99.95
"34080","trapezoidal",3,32868634,99.95
"34081","treacly",3,32868637,99.95
"34082","treeless",3,32868640,99.95
"34083","tremolo",3,32868643,99.95
"34084","trenched",3,32868646,99.95
"34085","tressed",3,32868649,99.95
"34086","trichloroethylene",3,32868652,99.95
"34087","tricksy",3,32868655,99.95
"34088","tricot",3,32868658,99.95
"34089","tricyclic",3,32868661,99.95
"34090","trifolium",3,32868664,99.95
"34091","trilingual",3,32868667,99.95
"34092","trillo",3,32868670,99.95
"34093","trilobite",3,32868673,99.95
"34094","triolet",3,32868676,99.95
"34095","trishna",3,32868679,99.95
"34096","trivium",3,32868682,99.95
"34097","troglodyte",3,32868685,99.95
"34098","tromp",3,32868688,99.95
"34099","trub",3,32868691,99.95
"34100","trueness",3,32868694,99.95
"34101","trullo",3,32868697,99.95
"34102","trusteeship",3,32868700,99.95
"34103","tubercular",3,32868703,99.95
"34104","tufty",3,32868706,99.95
"34105","tugger",3,32868709,99.95
"34106","tumbly",3,32868712,99.95
"34107","tunneled",3,32868715,99.95
"34108","tur",3,32868718,99.95
"34109","turnabout",3,32868721,99.95
"34110","tuskar",3,32868724,99.95
"34111","tussocky",3,32868727,99.95
"34112","tweedledum",3,32868730,99.95
"34113","tweeze",3,32868733,99.95
"34114","twerp",3,32868736,99.95
"34115","twigger",3,32868739,99.95
"34116","twilit",3,32868742,99.95
"34117","typewrite",3,32868745,99.95
"34118","tyrosinase",3,32868748,99.95
"34119","udasi",3,32868751,99.95
"34120","ulla",3,32868754,99.95
"34121","unaccepted",3,32868757,99.95
"34122","unaccomplished",3,32868760,99.95
"34123","unaccredited",3,32868763,99.95
"34124","unacquainted",3,32868766,99.95
"34125","unbacked",3,32868769,99.95
"34126","unblinkingly",3,32868772,99.95
"34127","unbothered",3,32868775,99.95
"34128","unbranched",3,32868778,99.95
"34129","unbreachable",3,32868781,99.95
"34130","unburied",3,32868784,99.95
"34131","unburned",3,32868787,99.95
"34132","unbuttered",3,32868790,99.95
"34133","uncaged",3,32868793,99.95
"34134","uncarbonated",3,32868796,99.95
"34135","uncatchable",3,32868799,99.95
"34136","uncategorized",3,32868802,99.95
"34137","unceremonious",3,32868805,99.95
"34138","unchosen",3,32868808,99.95
"34139","uncleaned",3,32868811,99.95
"34140","unclose",3,32868814,99.95
"34141","unclothed",3,32868817,99.95
"34142","unclouded",3,32868820,99.95
"34143","unclutter",3,32868823,99.95
"34144","uncommitted",3,32868826,99.95
"34145","uncompressed",3,32868829,99.95
"34146","unconcealed",3,32868832,99.95
"34147","unconditionality",3,32868835,99.95
"34148","unconfined",3,32868838,99.95
"34149","unconquered",3,32868841,99.95
"34150","uncontainable",3,32868844,99.95
"34151","unconvincingly",3,32868847,99.95
"34152","uncorroborated",3,32868850,99.95
"34153","uncorrupted",3,32868853,99.95
"34154","unction",3,32868856,99.95
"34155","uncurl",3,32868859,99.95
"34156","undefeatable",3,32868862,99.95
"34157","undelivered",3,32868865,99.95
"34158","undemocratically",3,32868868,99.95
"34159","undependable",3,32868871,99.95
"34160","undercarriage",3,32868874,99.95
"34161","undercoat",3,32868877,99.95
"34162","undercoated",3,32868880,99.95
"34163","undereducated",3,32868883,99.95
"34164","undergird",3,32868886,99.95
"34165","underhand",3,32868889,99.95
"34166","underlay",3,32868892,99.95
"34167","undermentioned",3,32868895,99.95
"34168","underpainting",3,32868898,99.95
"34169","underrate",3,32868901,99.95
"34170","undersecretary",3,32868904,99.95
"34171","undersell",3,32868907,99.95
"34172","undershot",3,32868910,99.95
"34173","undescribed",3,32868913,99.95
"34174","undimmed",3,32868916,99.95
"34175","undiscerning",3,32868919,99.95
"34176","undiscussed",3,32868922,99.95
"34177","undisputable",3,32868925,99.95
"34178","undistilled",3,32868928,99.95
"34179","undistracted",3,32868931,99.95
"34180","undrafted",3,32868934,99.95
"34181","undramatic",3,32868937,99.95
"34182","undyingly",3,32868940,99.95
"34183","unedifying",3,32868943,99.95
"34184","unembarrassed",3,32868946,99.95
"34185","unendurable",3,32868949,99.95
"34186","unerringly",3,32868952,99.95
"34187","unexcited",3,32868955,99.95
"34188","unexpectedness",3,32868958,99.95
"34189","unexperienced",3,32868961,99.95
"34190","unfed",3,32868964,99.95
"34191","unfitness",3,32868967,99.95
"34192","unfitting",3,32868970,99.95
"34193","unfixed",3,32868973,99.95
"34194","unfriend",3,32868976,99.95
"34195","unfrosted",3,32868979,99.95
"34196","unfruitfulness",3,32868982,99.95
"34197","ungaro",3,32868985,99.95
"34198","unglue",3,32868988,99.95
"34199","ungraspable",3,32868991,99.95
"34200","unguent",3,32868994,99.95
"34201","unguided",3,32868997,99.95
"34202","unhampered",3,32869000,99.95
"34203","unhealthily",3,32869003,99.95
"34204","unhesitatingly",3,32869006,99.95
"34205","unhulled",3,32869009,99.95
"34206","unicameral",3,32869012,99.95
"34207","uniformitarianism",3,32869015,99.95
"34208","unimaginatively",3,32869018,99.95
"34209","unimpeachable",3,32869021,99.95
"34210","unimproved",3,32869024,99.95
"34211","uninfected",3,32869027,99.95
"34212","unissued",3,32869030,99.95
"34213","unknow",3,32869033,99.95
"34214","unknowledgeable",3,32869036,99.95
"34215","unliked",3,32869039,99.95
"34216","unlikelihood",3,32869042,99.95
"34217","unmanly",3,32869045,99.95
"34218","unmarketable",3,32869048,99.95
"34219","unmatted",3,32869051,99.95
"34220","unmonitored",3,32869054,99.95
"34221","unnamable",3,32869057,99.95
"34222","unobjectionable",3,32869060,99.95
"34223","unoriginality",3,32869063,99.95
"34224","unpatrolled",3,32869066,99.95
"34225","unpersuasive",3,32869069,99.95
"34226","unplanted",3,32869072,99.95
"34227","unpopulated",3,32869075,99.95
"34228","unposted",3,32869078,99.95
"34229","unprepossessing",3,32869081,99.95
"34230","unpruned",3,32869084,99.95
"34231","unpublishable",3,32869087,99.95
"34232","unreasonableness",3,32869090,99.95
"34233","unrelieved",3,32869093,99.95
"34234","unrewarding",3,32869096,99.95
"34235","unripened",3,32869099,99.95
"34236","unscrambling",3,32869102,99.95
"34237","unscriptural",3,32869105,99.95
"34238","unseasoned",3,32869108,99.95
"34239","unsettledness",3,32869111,99.95
"34240","unsewn",3,32869114,99.95
"34241","unshackle",3,32869117,99.95
"34242","unshackled",3,32869120,99.95
"34243","unsharp",3,32869123,99.95
"34244","unsmiling",3,32869126,99.95
"34245","unsnapped",3,32869129,99.95
"34246","unspent",3,32869132,99.95
"34247","unstitched",3,32869135,99.95
"34248","unstopped",3,32869138,99.95
"34249","unstudied",3,32869141,99.95
"34250","unsuccess",3,32869144,99.95
"34251","unsuitability",3,32869147,99.95
"34252","unsurpassable",3,32869150,99.95
"34253","untalented",3,32869153,99.95
"34254","untaught",3,32869156,99.95
"34255","unteachable",3,32869159,99.95
"34256","untended",3,32869162,99.95
"34257","unthought",3,32869165,99.95
"34258","unthreatened",3,32869168,99.95
"34259","unthreatening",3,32869171,99.95
"34260","untidiness",3,32869174,99.95
"34261","untiring",3,32869177,99.95
"34262","untranslated",3,32869180,99.95
"34263","untreatable",3,32869183,99.95
"34264","untypically",3,32869186,99.95
"34265","unwaveringly",3,32869189,99.95
"34266","unwearable",3,32869192,99.95
"34267","upbraiding",3,32869195,99.95
"34268","upclose",3,32869198,99.95
"34269","uprights",3,32869201,99.95
"34270","uprise",3,32869204,99.95
"34271","upslope",3,32869207,99.95
"34272","uran",3,32869210,99.95
"34273","urbanist",3,32869213,99.95
"34274","urbanite",3,32869216,99.95
"34275","usar",3,32869219,99.95
"34276","utopianism",3,32869222,99.95
"34277","vagus",3,32869225,99.95
"34278","vajra",3,32869228,99.95
"34279","valedictory",3,32869231,99.95
"34280","valse",3,32869234,99.95
"34281","vanner",3,32869237,99.95
"34282","vanquisher",3,32869240,99.95
"34283","variegation",3,32869243,99.95
"34284","varnishing",3,32869246,99.95
"34285","vegetate",3,32869249,99.95
"34286","velo",3,32869252,99.95
"34287","venality",3,32869255,99.95
"34288","venial",3,32869258,99.95
"34289","verbomania",3,32869261,99.95
"34290","verdancy",3,32869264,99.95
"34291","verdure",3,32869267,99.95
"34292","veri",3,32869270,99.95
"34293","vermeil",3,32869273,99.95
"34294","vermorel",3,32869276,99.95
"34295","vertiginous",3,32869279,99.95
"34296","vestibular",3,32869282,99.95
"34297","vesting",3,32869285,99.95
"34298","vestment",3,32869288,99.95
"34299","vestry",3,32869291,99.95
"34300","vetch",3,32869294,99.95
"34301","viand",3,32869297,99.95
"34302","viator",3,32869300,99.95
"34303","vichyssoise",3,32869303,99.95
"34304","victorine",3,32869306,99.95
"34305","vimana",3,32869309,99.95
"34306","vina",3,32869312,99.95
"34307","vineland",3,32869315,99.95
"34308","visita",3,32869318,99.95
"34309","visualizer",3,32869321,99.95
"34310","vitalist",3,32869324,99.95
"34311","vitiate",3,32869327,99.95
"34312","vocalization",3,32869330,99.95
"34313","voe",3,32869333,99.95
"34314","volcanology",3,32869336,99.95
"34315","voluble",3,32869339,99.95
"34316","wader",3,32869342,99.95
"34317","wae",3,32869345,99.95
"34318","wagering",3,32869348,99.95
"34319","waratah",3,32869351,99.95
"34320","warmness",3,32869354,99.95
"34321","wastrel",3,32869357,99.95
"34322","wateriness",3,32869360,99.95
"34323","waterless",3,32869363,99.95
"34324","waterlogging",3,32869366,99.95
"34325","waxen",3,32869369,99.95
"34326","wayback",3,32869372,99.95
"34327","wayfarer",3,32869375,99.95
"34328","weaponless",3,32869378,99.95
"34329","wearability",3,32869381,99.95
"34330","weevil",3,32869384,99.95
"34331","wels",3,32869387,99.95
"34332","welter",3,32869390,99.95
"34333","wey",3,32869393,99.95
"34334","whaler",3,32869396,99.95
"34335","whan",3,32869399,99.95
"34336","wheelwright",3,32869402,99.95
"34337","whelk",3,32869405,99.95
"34338","whereon",3,32869408,99.95
"34339","wheresoever",3,32869411,99.95
"34340","whimsey",3,32869414,99.95
"34341","whininess",3,32869417,99.95
"34342","whipstitch",3,32869420,99.95
"34343","whitestone",3,32869423,99.95
"34344","whorish",3,32869426,99.95
"34345","wid",3,32869429,99.95
"34346","wifehood",3,32869432,99.95
"34347","wildfowl",3,32869435,99.95
"34348","wilk",3,32869438,99.95
"34349","willowy",3,32869441,99.95
"34350","windage",3,32869444,99.95
"34351","windbreaker",3,32869447,99.95
"34352","windjammer",3,32869450,99.95
"34353","windward",3,32869453,99.95
"34354","winer",3,32869456,99.95
"34355","wirework",3,32869459,99.95
"34356","wistfulness",3,32869462,99.95
"34357","wittingly",3,32869465,99.95
"34358","wobbliness",3,32869468,99.95
"34359","womanish",3,32869471,99.95
"34360","womanliness",3,32869474,99.95
"34361","woodenly",3,32869477,99.95
"34362","woodpile",3,32869480,99.95
"34363","woosh",3,32869483,99.95
"34364","workability",3,32869486,99.95
"34365","workwise",3,32869489,99.95
"34366","worldy",3,32869492,99.95
"34367","worming",3,32869495,99.95
"34368","wormlike",3,32869498,99.95
"34369","worser",3,32869501,99.95
"34370","wrasse",3,32869504,99.95
"34371","wrenchingly",3,32869507,99.95
"34372","wur",3,32869510,99.95
"34373","wust",3,32869513,99.95
"34374","wyn",3,32869516,99.95
"34375","yammer",3,32869519,99.95
"34376","yapped",3,32869522,99.95
"34377","yarder",3,32869525,99.95
"34378","yarr",3,32869528,99.95
"34379","yeller",3,32869531,99.95
"34380","ym",3,32869534,99.95
"34381","yodel",3,32869537,99.95
"34382","yolky",3,32869540,99.95
"34383","youd",3,32869543,99.95
"34384","youngling",3,32869546,99.95
"34385","youngun",3,32869549,99.95
"34386","yoy",3,32869552,99.95
"34387","zaman",3,32869555,99.95
"34388","zamindar",3,32869558,99.95
"34389","zapatero",3,32869561,99.95
"34390","zer",3,32869564,99.95
"34391","zigzagged",3,32869567,99.95
"34392","zircon",3,32869570,99.95
"34393","zonal",3,32869573,99.95
"34394","zoophilia",3,32869576,99.95
"34395","zounds",3,32869579,99.95
"34396","abas",2,32869581,99.95
"34397","abatis",2,32869583,99.95
"34398","abele",2,32869585,99.95
"34399","abhorrently",2,32869587,99.95
"34400","aborigine",2,32869589,99.95
"34401","abrasax",2,32869591,99.95
"34402","abruption",2,32869593,99.95
"34403","abruptness",2,32869595,99.95
"34404","absorbency",2,32869597,99.95
"34405","absorptive",2,32869599,99.95
"34406","abstractness",2,32869601,99.95
"34407","accelerometer",2,32869603,99.95
"34408","acceptation",2,32869605,99.95
"34409","accredit",2,32869607,99.95
"34410","acetaldehyde",2,32869609,99.95
"34411","acetyl",2,32869611,99.95
"34412","acidifier",2,32869613,99.95
"34413","adaptively",2,32869615,99.95
"34414","addenda",2,32869617,99.95
"34415","adduce",2,32869619,99.95
"34416","adenocarcinoma",2,32869621,99.95
"34417","adenoid",2,32869623,99.95
"34418","adhesion",2,32869625,99.95
"34419","adit",2,32869627,99.95
"34420","adjectival",2,32869629,99.95
"34421","adjourn",2,32869631,99.95
"34422","adjudicative",2,32869633,99.95
"34423","adjutant",2,32869635,99.95
"34424","adjuvant",2,32869637,99.95
"34425","administratorship",2,32869639,99.95
"34426","adorability",2,32869641,99.95
"34427","adroitness",2,32869643,99.95
"34428","adulatory",2,32869645,99.95
"34429","adultness",2,32869647,99.95
"34430","adumbrate",2,32869649,99.95
"34431","adumbration",2,32869651,99.95
"34432","aerobatics",2,32869653,99.95
"34433","aerobically",2,32869655,99.95
"34434","aerofoil",2,32869657,99.95
"34435","aerogel",2,32869659,99.95
"34436","aes",2,32869661,99.95
"34437","afeared",2,32869663,99.95
"34438","affectionally",2,32869665,99.95
"34439","affectively",2,32869667,99.95
"34440","affixation",2,32869669,99.95
"34441","affray",2,32869671,99.95
"34442","affright",2,32869673,99.95
"34443","affy",2,32869675,99.95
"34444","afterbirth",2,32869677,99.95
"34445","afterburner",2,32869679,99.95
"34446","agee",2,32869681,99.95
"34447","agilely",2,32869683,99.95
"34448","agley",2,32869685,99.95
"34449","agreeableness",2,32869687,99.95
"34450","agronomist",2,32869689,99.95
"34451","agronomy",2,32869691,99.95
"34452","ahum",2,32869693,99.95
"34453","aider",2,32869695,99.95
"34454","aircraftsman",2,32869697,99.95
"34455","airiness",2,32869699,99.95
"34456","aisling",2,32869701,99.95
"34457","alanine",2,32869703,99.95
"34458","albinism",2,32869705,99.95
"34459","alchemically",2,32869707,99.95
"34460","alco",2,32869709,99.95
"34461","aldermanic",2,32869711,99.95
"34462","alderwoman",2,32869713,99.95
"34463","aldine",2,32869715,99.95
"34464","alee",2,32869717,99.95
"34465","alem",2,32869719,99.95
"34466","algal",2,32869721,99.95
"34467","alienist",2,32869723,99.95
"34468","alimentary",2,32869725,99.95
"34469","alizarin",2,32869727,99.95
"34470","alkalize",2,32869729,99.95
"34471","allegorize",2,32869731,99.95
"34472","allegretto",2,32869733,99.95
"34473","allgood",2,32869735,99.95
"34474","alliterate",2,32869737,99.95
"34475","alluringly",2,32869739,99.95
"34476","alluvial",2,32869741,99.95
"34477","almon",2,32869743,99.95
"34478","almsgiving",2,32869745,99.95
"34479","alpenhorn",2,32869747,99.95
"34480","alphabetize",2,32869749,99.95
"34481","altiplano",2,32869751,99.95
"34482","altrices",2,32869753,99.95
"34483","altruistically",2,32869755,99.95
"34484","alure",2,32869757,99.95
"34485","alvine",2,32869759,99.95
"34486","amala",2,32869761,99.95
"34487","amateurishness",2,32869763,99.95
"34488","amateurism",2,32869765,99.95
"34489","amatory",2,32869767,99.95
"34490","ambar",2,32869769,99.95
"34491","ambassadorial",2,32869771,99.95
"34492","ambitiousness",2,32869773,99.95
"34493","ambler",2,32869775,99.95
"34494","ambulant",2,32869777,99.95
"34495","amide",2,32869779,99.95
"34496","amidships",2,32869781,99.95
"34497","amini",2,32869783,99.95
"34498","ammophilous",2,32869785,99.95
"34499","amnesic",2,32869787,99.95
"34500","amnion",2,32869789,99.95
"34501","amoebic",2,32869791,99.95
"34502","amorality",2,32869793,99.95
"34503","amorously",2,32869795,99.95
"34504","anabasis",2,32869797,99.95
"34505","analects",2,32869799,99.95
"34506","analogic",2,32869801,99.95
"34507","analogize",2,32869803,99.95
"34508","analysable",2,32869805,99.95
"34509","anaphora",2,32869807,99.95
"34510","anchorite",2,32869809,99.95
"34511","androgenous",2,32869811,99.95
"34512","anemometer",2,32869813,99.95
"34513","anethole",2,32869815,99.95
"34514","aneuploidy",2,32869817,99.95
"34515","anglicize",2,32869819,99.95
"34516","angularity",2,32869821,99.95
"34517","animalic",2,32869823,99.95
"34518","animalization",2,32869825,99.95
"34519","annealer",2,32869827,99.95
"34520","annotator",2,32869829,99.95
"34521","anole",2,32869831,99.95
"34522","ansa",2,32869833,99.95
"34523","ansate",2,32869835,99.95
"34524","answerer",2,32869837,99.95
"34525","anteater",2,32869839,99.95
"34526","anther",2,32869841,99.95
"34527","anthologize",2,32869843,99.95
"34528","anthracite",2,32869845,99.95
"34529","anthropocentrism",2,32869847,99.95
"34530","anthropomorphize",2,32869849,99.95
"34531","anticapitalist",2,32869851,99.95
"34532","anticyclone",2,32869853,99.95
"34533","antigenic",2,32869855,99.95
"34534","antipodal",2,32869857,99.95
"34535","antislavery",2,32869859,99.95
"34536","antitank",2,32869861,99.95
"34537","apathetically",2,32869863,99.95
"34538","aphrodisia",2,32869865,99.95
"34539","apian",2,32869867,99.95
"34540","apish",2,32869869,99.95
"34541","apocalyptically",2,32869871,99.95
"34542","apocryphally",2,32869873,99.95
"34543","aporia",2,32869875,99.95
"34544","appall",2,32869877,99.95
"34545","appeaser",2,32869879,99.95
"34546","appellee",2,32869881,99.95
"34547","apperception",2,32869883,99.95
"34548","applecart",2,32869885,99.95
"34549","apprise",2,32869887,99.95
"34550","approachability",2,32869889,99.95
"34551","appulse",2,32869891,99.95
"34552","appurtenant",2,32869893,99.95
"34553","araba",2,32869895,99.95
"34554","arabin",2,32869897,99.95
"34555","arad",2,32869899,99.95
"34556","architectonic",2,32869901,99.95
"34557","archpriest",2,32869903,99.95
"34558","ardella",2,32869905,99.95
"34559","argumentator",2,32869907,99.95
"34560","arhythmic",2,32869909,99.95
"34561","aridity",2,32869911,99.95
"34562","aril",2,32869913,99.95
"34563","armorer",2,32869915,99.95
"34564","arna",2,32869917,99.95
"34565","arpeggiated",2,32869919,99.95
"34566","arrant",2,32869921,99.95
"34567","arrestingly",2,32869923,99.95
"34568","arriba",2,32869925,99.95
"34569","arris",2,32869927,99.95
"34570","arsenide",2,32869929,99.95
"34571","arteriovenous",2,32869931,99.95
"34572","artha",2,32869933,99.95
"34573","arthropod",2,32869935,99.95
"34574","artificer",2,32869937,99.95
"34575","artificialism",2,32869939,99.95
"34576","ascendent",2,32869941,99.95
"34577","ascription",2,32869943,99.95
"34578","asexually",2,32869945,99.95
"34579","ashur",2,32869947,99.95
"34580","aspace",2,32869949,99.95
"34581","asper",2,32869951,99.95
"34582","aspergillum",2,32869953,99.95
"34583","aspersion",2,32869955,99.95
"34584","asphodel",2,32869957,99.95
"34585","asphyxia",2,32869959,99.95
"34586","assagai",2,32869961,99.95
"34587","assai",2,32869963,99.95
"34588","assignable",2,32869965,99.95
"34589","assistantship",2,32869967,99.95
"34590","assize",2,32869969,99.95
"34591","associatively",2,32869971,99.95
"34592","assonance",2,32869973,99.95
"34593","assonant",2,32869975,99.95
"34594","assumedly",2,32869977,99.95
"34595","astragalus",2,32869979,99.95
"34596","astrakhan",2,32869981,99.95
"34597","astringently",2,32869983,99.95
"34598","astroid",2,32869985,99.95
"34599","asyndeton",2,32869987,99.95
"34600","atavism",2,32869989,99.95
"34601","atheological",2,32869991,99.95
"34602","atle",2,32869993,99.95
"34603","atlee",2,32869995,99.95
"34604","atmos",2,32869997,99.95
"34605","atomically",2,32869999,99.95
"34606","atomism",2,32870001,99.95
"34607","atomistic",2,32870003,99.95
"34608","atresia",2,32870005,99.95
"34609","atrophic",2,32870007,99.95
"34610","attachable",2,32870009,99.95
"34611","attainder",2,32870011,99.95
"34612","attender",2,32870013,99.95
"34613","atwitter",2,32870015,99.95
"34614","atypically",2,32870017,99.95
"34615","audaciously",2,32870019,99.95
"34616","augury",2,32870021,99.95
"34617","auk",2,32870023,99.95
"34618","aurelian",2,32870025,99.95
"34619","aureole",2,32870027,99.95
"34620","aureolin",2,32870029,99.95
"34621","auricular",2,32870031,99.95
"34622","aurorae",2,32870033,99.95
"34623","auspiciously",2,32870035,99.95
"34624","autobiographically",2,32870037,99.95
"34625","autoclave",2,32870039,99.95
"34626","autocrat",2,32870041,99.95
"34627","autolysis",2,32870043,99.95
"34628","automata",2,32870045,99.95
"34629","autosomal",2,32870047,99.95
"34630","averagely",2,32870049,99.95
"34631","averseness",2,32870051,99.95
"34632","aversive",2,32870053,99.95
"34633","avoider",2,32870055,99.95
"34634","avowal",2,32870057,99.95
"34635","awing",2,32870059,99.95
"34636","awn",2,32870061,99.95
"34637","axially",2,32870063,99.95
"34638","axion",2,32870065,99.95
"34639","ayah",2,32870067,99.95
"34640","ayu",2,32870069,99.95
"34641","backbite",2,32870071,99.95
"34642","backbreaker",2,32870073,99.95
"34643","backchat",2,32870075,99.95
"34644","baculi",2,32870077,99.95
"34645","badinage",2,32870079,99.95
"34646","bagatelle",2,32870081,99.95
"34647","bahut",2,32870083,99.95
"34648","bailee",2,32870085,99.95
"34649","bailie",2,32870087,99.95
"34650","baksheesh",2,32870089,99.95
"34651","balalaika",2,32870091,99.95
"34652","balefully",2,32870093,99.95
"34653","bamboozler",2,32870095,99.95
"34654","baneful",2,32870097,99.95
"34655","banky",2,32870099,99.95
"34656","banns",2,32870101,99.95
"34657","bantamweight",2,32870103,99.95
"34658","banzai",2,32870105,99.95
"34659","barad",2,32870107,99.95
"34660","barbone",2,32870109,99.95
"34661","barbudo",2,32870111,99.95
"34662","barefaced",2,32870113,99.95
"34663","barelegged",2,32870115,99.95
"34664","baretta",2,32870117,99.95
"34665","baronial",2,32870119,99.95
"34666","barragan",2,32870121,99.95
"34667","barras",2,32870123,99.95
"34668","baseness",2,32870125,99.95
"34669","bashfully",2,32870127,99.95
"34670","basketful",2,32870129,99.95
"34671","basswood",2,32870131,99.95
"34672","bastide",2,32870133,99.95
"34673","bateaux",2,32870135,99.95
"34674","batfish",2,32870137,99.95
"34675","bathos",2,32870139,99.95
"34676","bating",2,32870141,99.95
"34677","batiste",2,32870143,99.95
"34678","battening",2,32870145,99.95
"34679","batterer",2,32870147,99.95
"34680","battledore",2,32870149,99.95
"34681","batz",2,32870151,99.95
"34682","bauxite",2,32870153,99.95
"34683","bawd",2,32870155,99.95
"34684","bayed",2,32870157,99.95
"34685","beachcombing",2,32870159,99.95
"34686","beanery",2,32870161,99.95
"34687","beanfield",2,32870163,99.95
"34688","beany",2,32870165,99.95
"34689","bearskin",2,32870167,99.95
"34690","beata",2,32870169,99.95
"34691","beatify",2,32870171,99.95
"34692","beautifulness",2,32870173,99.95
"34693","bedstead",2,32870175,99.95
"34694","befit",2,32870177,99.95
"34695","beguilingly",2,32870179,99.95
"34696","behn",2,32870181,99.95
"34697","beira",2,32870183,99.95
"34698","beleaguer",2,32870185,99.95
"34699","believingly",2,32870187,99.95
"34700","belittlement",2,32870189,99.95
"34701","bellyache",2,32870191,99.95
"34702","bemusedly",2,32870193,99.95
"34703","bena",2,32870195,99.95
"34704","bencher",2,32870197,99.95
"34705","beneficence",2,32870199,99.95
"34706","benignity",2,32870201,99.95
"34707","benne",2,32870203,99.95
"34708","bentwood",2,32870205,99.95
"34709","benzine",2,32870207,99.95
"34710","benzo",2,32870209,99.95
"34711","benzoate",2,32870211,99.95
"34712","benzoic",2,32870213,99.95
"34713","berain",2,32870215,99.95
"34714","berthing",2,32870217,99.95
"34715","bes",2,32870219,99.95
"34716","besieging",2,32870221,99.95
"34717","bestowal",2,32870223,99.95
"34718","bethink",2,32870225,99.95
"34719","betony",2,32870227,99.95
"34720","bevelled",2,32870229,99.95
"34721","bewilder",2,32870231,99.95
"34722","bhat",2,32870233,99.95
"34723","bhoy",2,32870235,99.95
"34724","biasness",2,32870237,99.95
"34725","bicolor",2,32870239,99.95
"34726","bifocal",2,32870241,99.95
"34727","bilic",2,32870243,99.95
"34728","bilirubin",2,32870245,99.95
"34729","billeting",2,32870247,99.95
"34730","billfold",2,32870249,99.95
"34731","billon",2,32870251,99.95
"34732","bindingness",2,32870253,99.95
"34733","binh",2,32870255,99.95
"34734","biochemist",2,32870257,99.95
"34735","biogen",2,32870259,99.95
"34736","biographic",2,32870261,99.95
"34737","bion",2,32870263,99.95
"34738","biophysical",2,32870265,99.95
"34739","biostatistics",2,32870267,99.95
"34740","bipartisanship",2,32870269,99.95
"34741","bipod",2,32870271,99.95
"34742","bipolarity",2,32870273,99.95
"34743","birching",2,32870275,99.95
"34744","birk",2,32870277,99.95
"34745","biti",2,32870279,99.95
"34746","bitless",2,32870281,99.95
"34747","bituminous",2,32870283,99.95
"34748","bivariate",2,32870285,99.95
"34749","blackfoot",2,32870287,99.95
"34750","blackly",2,32870289,99.95
"34751","blacktail",2,32870291,99.95
"34752","blae",2,32870293,99.95
"34753","blamelessly",2,32870295,99.95
"34754","blart",2,32870297,99.95
"34755","blastomycosis",2,32870299,99.95
"34756","bleachable",2,32870301,99.95
"34757","bleacherman",2,32870303,99.95
"34758","bleeder",2,32870305,99.95
"34759","blenny",2,32870307,99.95
"34760","blissfulness",2,32870309,99.95
"34761","bloodily",2,32870311,99.95
"34762","bloodiness",2,32870313,99.95
"34763","blotch",2,32870315,99.95
"34764","blotched",2,32870317,99.95
"34765","blowgun",2,32870319,99.95
"34766","blowy",2,32870321,99.95
"34767","blucher",2,32870323,99.95
"34768","bluenose",2,32870325,99.95
"34769","boatbuilding",2,32870327,99.95
"34770","bodach",2,32870329,99.95
"34771","bole",2,32870331,99.95
"34772","bolus",2,32870333,99.95
"34773","bombastically",2,32870335,99.95
"34774","bonang",2,32870337,99.95
"34775","bonder",2,32870339,99.95
"34776","bondless",2,32870341,99.95
"34777","boohoo",2,32870343,99.95
"34778","boojum",2,32870345,99.95
"34779","bookishness",2,32870347,99.95
"34780","bookwork",2,32870349,99.95
"34781","bootjack",2,32870351,99.95
"34782","borean",2,32870353,99.95
"34783","boric",2,32870355,99.95
"34784","boringness",2,32870357,99.95
"34785","borosilicate",2,32870359,99.95
"34786","bort",2,32870361,99.95
"34787","botherer",2,32870363,99.95
"34788","botulinum",2,32870365,99.95
"34789","botulism",2,32870367,99.95
"34790","boughten",2,32870369,99.95
"34791","bouillabaisse",2,32870371,99.95
"34792","bourgeoise",2,32870373,99.95
"34793","bowlegged",2,32870375,99.95
"34794","boxful",2,32870377,99.95
"34795","boxman",2,32870379,99.95
"34796","boyar",2,32870381,99.95
"34797","boysenberry",2,32870383,99.95
"34798","bract",2,32870385,99.95
"34799","braehead",2,32870387,99.95
"34800","braggart",2,32870389,99.95
"34801","braker",2,32870391,99.95
"34802","brambling",2,32870393,99.95
"34803","brandied",2,32870395,99.95
"34804","brandreth",2,32870397,99.95
"34805","brasse",2,32870399,99.95
"34806","braze",2,32870401,99.95
"34807","breadbasket",2,32870403,99.95
"34808","breakwater",2,32870405,99.95
"34809","breeched",2,32870407,99.95
"34810","breeziness",2,32870409,99.95
"34811","breve",2,32870411,99.95
"34812","brevet",2,32870413,99.95
"34813","brewis",2,32870415,99.95
"34814","bridgeman",2,32870417,99.95
"34815","bristly",2,32870419,99.95
"34816","broadleaf",2,32870421,99.95
"34817","brolly",2,32870423,99.95
"34818","bronchi",2,32870425,99.95
"34819","broodingly",2,32870427,99.95
"34820","brooked",2,32870429,99.95
"34821","brooklet",2,32870431,99.95
"34822","broon",2,32870433,99.95
"34823","browbeat",2,32870435,99.95
"34824","browny",2,32870437,99.95
"34825","brucellosis",2,32870439,99.95
"34826","brutalize",2,32870441,99.95
"34827","bubo",2,32870443,99.95
"34828","buckhorn",2,32870445,99.95
"34829","buda",2,32870447,99.95
"34830","buisson",2,32870449,99.95
"34831","bullfight",2,32870451,99.95
"34832","bumbershoot",2,32870453,99.95
"34833","bumbler",2,32870455,99.95
"34834","bumptious",2,32870457,99.95
"34835","bunter",2,32870459,99.95
"34836","buoyantly",2,32870461,99.95
"34837","burgle",2,32870463,99.95
"34838","buri",2,32870465,99.95
"34839","burnable",2,32870467,99.95
"34840","burring",2,32870469,99.95
"34841","bursitis",2,32870471,99.95
"34842","busman",2,32870473,99.95
"34843","bustard",2,32870475,99.95
"34844","butterfish",2,32870477,99.95
"34845","butterhead",2,32870479,99.95
"34846","butyl",2,32870481,99.95
"34847","byee",2,32870483,99.95
"34848","cabala",2,32870485,99.95
"34849","cabriole",2,32870487,99.95
"34850","cadaverous",2,32870489,99.95
"34851","cadetship",2,32870491,99.95
"34852","cadette",2,32870493,99.95
"34853","cadi",2,32870495,99.95
"34854","caftan",2,32870497,99.95
"34855","calabaza",2,32870499,99.95
"34856","calamansi",2,32870501,99.95
"34857","calcification",2,32870503,99.95
"34858","calcified",2,32870505,99.95
"34859","calculative",2,32870507,99.95
"34860","calix",2,32870509,99.95
"34861","callosum",2,32870511,99.95
"34862","calve",2,32870513,99.95
"34863","calver",2,32870515,99.95
"34864","cambium",2,32870517,99.95
"34865","campagna",2,32870519,99.95
"34866","campanile",2,32870521,99.95
"34867","campanini",2,32870523,99.95
"34868","canaille",2,32870525,99.95
"34869","cancered",2,32870527,99.95
"34870","candelabra",2,32870529,99.95
"34871","candidness",2,32870531,99.95
"34872","candys",2,32870533,99.95
"34873","canna",2,32870535,99.95
"34874","canonize",2,32870537,99.95
"34875","cantankerously",2,32870539,99.95
"34876","canted",2,32870541,99.95
"34877","canting",2,32870543,99.95
"34878","cantus",2,32870545,99.95
"34879","canty",2,32870547,99.95
"34880","capful",2,32870549,99.95
"34881","capitation",2,32870551,99.95
"34882","cappie",2,32870553,99.95
"34883","capriciousness",2,32870555,99.95
"34884","caprylate",2,32870557,99.95
"34885","capstan",2,32870559,99.95
"34886","caracal",2,32870561,99.95
"34887","caracole",2,32870563,99.95
"34888","caravanserai",2,32870565,99.95
"34889","carbolic",2,32870567,99.95
"34890","carborundum",2,32870569,99.95
"34891","cardioid",2,32870571,99.95
"34892","cardiopulmonary",2,32870573,99.95
"34893","cardo",2,32870575,99.95
"34894","carefulness",2,32870577,99.95
"34895","carious",2,32870579,99.95
"34896","cark",2,32870581,99.95
"34897","carls",2,32870583,99.95
"34898","carnelian",2,32870585,99.95
"34899","carouse",2,32870587,99.95
"34900","carrack",2,32870589,99.95
"34901","carriageable",2,32870591,99.95
"34902","carrizo",2,32870593,99.95
"34903","carrousel",2,32870595,99.95
"34904","carty",2,32870597,99.95
"34905","carven",2,32870599,99.95
"34906","caryatid",2,32870601,99.95
"34907","casco",2,32870603,99.95
"34908","casson",2,32870605,99.95
"34909","castanet",2,32870607,99.95
"34910","castelet",2,32870609,99.95
"34911","castigation",2,32870611,99.95
"34912","catabolism",2,32870613,99.95
"34913","cataclysmically",2,32870615,99.95
"34914","catalase",2,32870617,99.95
"34915","catchable",2,32870619,99.95
"34916","catchword",2,32870621,99.95
"34917","catechetical",2,32870623,99.95
"34918","catechumenate",2,32870625,99.95
"34919","categoric",2,32870627,99.95
"34920","catena",2,32870629,99.95
"34921","caudal",2,32870631,99.95
"34922","cauld",2,32870633,99.95
"34923","caustically",2,32870635,99.95
"34924","cavalierly",2,32870637,99.95
"34925","cavil",2,32870639,99.95
"34926","cedarwood",2,32870641,99.95
"34927","cedula",2,32870643,99.95
"34928","ceil",2,32870645,99.95
"34929","celandine",2,32870647,99.95
"34930","celerity",2,32870649,99.95
"34931","cella",2,32870651,99.95
"34932","cellulitis",2,32870653,99.95
"34933","cementation",2,32870655,99.95
"34934","centime",2,32870657,99.95
"34935","centrale",2,32870659,99.95
"34936","centralism",2,32870661,99.95
"34937","cep",2,32870663,99.95
"34938","cephalic",2,32870665,99.95
"34939","cerebellar",2,32870667,99.95
"34940","cerebrally",2,32870669,99.95
"34941","cerebrospinal",2,32870671,99.95
"34942","ceresin",2,32870673,99.95
"34943","cest",2,32870675,99.95
"34944","cestrum",2,32870677,99.95
"34945","cetacean",2,32870679,99.95
"34946","chalcedony",2,32870681,99.95
"34947","chamfer",2,32870683,99.95
"34948","chandi",2,32870685,99.95
"34949","changeability",2,32870687,99.95
"34950","changeful",2,32870689,99.95
"34951","chaparro",2,32870691,99.95
"34952","chargeable",2,32870693,99.95
"34953","chargeless",2,32870695,99.95
"34954","chasse",2,32870697,99.95
"34955","chattery",2,32870699,99.95
"34956","chawan",2,32870701,99.95
"34957","chelidon",2,32870703,99.95
"34958","chemotherapeutic",2,32870705,99.95
"34959","cherishable",2,32870707,99.95
"34960","cherryblossom",2,32870709,99.95
"34961","chert",2,32870711,99.95
"34962","chewer",2,32870713,99.95
"34963","chicot",2,32870715,99.95
"34964","chiliasm",2,32870717,99.95
"34965","chilliness",2,32870719,99.95
"34966","chimerical",2,32870721,99.95
"34967","chinless",2,32870723,99.95
"34968","chinned",2,32870725,99.95
"34969","chivalric",2,32870727,99.95
"34970","chloral",2,32870729,99.95
"34971","chloroquine",2,32870731,99.95
"34972","choirboy",2,32870733,99.95
"34973","choli",2,32870735,99.95
"34974","cholla",2,32870737,99.95
"34975","chouse",2,32870739,99.95
"34976","chromatograph",2,32870741,99.95
"34977","chubbiness",2,32870743,99.95
"34978","chuckies",2,32870745,99.95
"34979","chummily",2,32870747,99.95
"34980","churchgoing",2,32870749,99.95
"34981","churchianity",2,32870751,99.95
"34982","churlishness",2,32870753,99.95
"34983","cilice",2,32870755,99.95
"34984","cingular",2,32870757,99.95
"34985","cingulate",2,32870759,99.95
"34986","circumscribe",2,32870761,99.95
"34987","circumspection",2,32870763,99.95
"34988","circumstantially",2,32870765,99.95
"34989","citable",2,32870767,99.95
"34990","citified",2,32870769,99.95
"34991","clambake",2,32870771,99.95
"34992","clamberer",2,32870773,99.95
"34993","clamming",2,32870775,99.95
"34994","clapperclaw",2,32870777,99.95
"34995","claque",2,32870779,99.95
"34996","clarinetist",2,32870781,99.95
"34997","clasper",2,32870783,99.95
"34998","classicism",2,32870785,99.95
"34999","classifiable",2,32870787,99.95
"35000","classificatory",2,32870789,99.95
"35001","clayey",2,32870791,99.95
"35002","clearheadedness",2,32870793,99.95
"35003","clee",2,32870795,99.95
"35004","climactically",2,32870797,99.95
"35005","climatically",2,32870799,99.95
"35006","clonus",2,32870801,99.95
"35007","clothbound",2,32870803,99.95
"35008","clotheshorse",2,32870805,99.95
"35009","cloudlike",2,32870807,99.95
"35010","coagulant",2,32870809,99.95
"35011","coccyx",2,32870811,99.95
"35012","cockchafer",2,32870813,99.95
"35013","cocotte",2,32870815,99.95
"35014","codger",2,32870817,99.95
"35015","codicil",2,32870819,99.95
"35016","cogitate",2,32870821,99.95
"35017","cogitation",2,32870823,99.95
"35018","cognize",2,32870825,99.95
"35019","cohabit",2,32870827,99.95
"35020","cohesively",2,32870829,99.95
"35021","coldish",2,32870831,99.95
"35022","colectomy",2,32870833,99.95
"35023","colima",2,32870835,99.95
"35024","collaborationist",2,32870837,99.95
"35025","collegiality",2,32870839,99.95
"35026","collegian",2,32870841,99.95
"35027","collegium",2,32870843,99.95
"35028","colloque",2,32870845,99.95
"35029","comfortless",2,32870847,99.95
"35030","comingle",2,32870849,99.95
"35031","comitatus",2,32870851,99.95
"35032","commandingly",2,32870853,99.95
"35033","committer",2,32870855,99.95
"35034","communistic",2,32870857,99.95
"35035","commutation",2,32870859,99.95
"35036","commutual",2,32870861,99.95
"35037","compaction",2,32870863,99.95
"35038","compactness",2,32870865,99.95
"35039","companionably",2,32870867,99.95
"35040","companionate",2,32870869,99.95
"35041","companionway",2,32870871,99.95
"35042","compellable",2,32870873,99.95
"35043","complaisant",2,32870875,99.95
"35044","complected",2,32870877,99.95
"35045","complexification",2,32870879,99.95
"35046","comprachico",2,32870881,99.95
"35047","comprehensibility",2,32870883,99.95
"35048","compressible",2,32870885,99.95
"35049","compulsed",2,32870887,99.95
"35050","concatenation",2,32870889,99.95
"35051","concentrator",2,32870891,99.95
"35052","conceptualist",2,32870893,99.95
"35053","concessionary",2,32870895,99.95
"35054","concha",2,32870897,99.95
"35055","conche",2,32870899,99.95
"35056","conciliate",2,32870901,99.95
"35057","concomitantly",2,32870903,99.95
"35058","condescendingly",2,32870905,99.95
"35059","conduce",2,32870907,99.95
"35060","confab",2,32870909,99.95
"35061","conferment",2,32870911,99.95
"35062","congeniality",2,32870913,99.95
"35063","conjoin",2,32870915,99.95
"35064","conjuror",2,32870917,99.95
"35065","connubial",2,32870919,99.95
"35066","conscientiousness",2,32870921,99.95
"35067","conservativeness",2,32870923,99.95
"35068","conservatoire",2,32870925,99.95
"35069","consolatory",2,32870927,99.95
"35070","constitutively",2,32870929,99.95
"35071","constructivist",2,32870931,99.95
"35072","consulter",2,32870933,99.95
"35073","containable",2,32870935,99.95
"35074","contemporaneity",2,32870937,99.95
"35075","contemporarily",2,32870939,99.95
"35076","contiguity",2,32870941,99.95
"35077","continence",2,32870943,99.95
"35078","contradictorily",2,32870945,99.95
"35079","contrastingly",2,32870947,99.95
"35080","contretemps",2,32870949,99.95
"35081","convolute",2,32870951,99.95
"35082","convolution",2,32870953,99.95
"35083","cooee",2,32870955,99.95
"35084","copis",2,32870957,99.95
"35085","copra",2,32870959,99.95
"35086","coprophagia",2,32870961,99.95
"35087","coprophilic",2,32870963,99.95
"35088","copyist",2,32870965,99.95
"35089","coquettishly",2,32870967,99.95
"35090","coquina",2,32870969,99.95
"35091","cordage",2,32870971,99.95
"35092","cordillera",2,32870973,99.95
"35093","corm",2,32870975,99.95
"35094","cornhusker",2,32870977,99.95
"35095","cornucopian",2,32870979,99.95
"35096","coronate",2,32870981,99.95
"35097","corpora",2,32870983,99.95
"35098","correctable",2,32870985,99.95
"35099","corroboration",2,32870987,99.95
"35100","corroding",2,32870989,99.95
"35101","corruptly",2,32870991,99.95
"35102","cosmical",2,32870993,99.95
"35103","cosmically",2,32870995,99.95
"35104","cosmism",2,32870997,99.95
"35105","costliness",2,32870999,99.95
"35106","cottagey",2,32871001,99.95
"35107","cotte",2,32871003,99.95
"35108","cotyledon",2,32871005,99.95
"35109","counselee",2,32871007,99.95
"35110","counterblast",2,32871009,99.95
"35111","counterfeiter",2,32871011,99.95
"35112","counterfoil",2,32871013,99.95
"35113","counterforce",2,32871015,99.95
"35114","counterpane",2,32871017,99.95
"35115","countertenor",2,32871019,99.95
"35116","counterterror",2,32871021,99.95
"35117","courter",2,32871023,99.95
"35118","coved",2,32871025,99.95
"35119","cowgate",2,32871027,99.95
"35120","cowman",2,32871029,99.95
"35121","cowshed",2,32871031,99.95
"35122","cowslip",2,32871033,99.95
"35123","coyness",2,32871035,99.95
"35124","crabbed",2,32871037,99.95
"35125","crammer",2,32871039,99.95
"35126","crawdad",2,32871041,99.95
"35127","creaseless",2,32871043,99.95
"35128","creatine",2,32871045,99.95
"35129","creatinine",2,32871047,99.95
"35130","creedmore",2,32871049,99.95
"35131","creem",2,32871051,99.95
"35132","cressy",2,32871053,99.95
"35133","cresting",2,32871055,99.95
"35134","cretinous",2,32871057,99.95
"35135","criminogenic",2,32871059,99.95
"35136","criminological",2,32871061,99.95
"35137","cringingly",2,32871063,99.95
"35138","crocodilian",2,32871065,99.95
"35139","croodle",2,32871067,99.95
"35140","crosa",2,32871069,99.95
"35141","crosscurrent",2,32871071,99.95
"35142","cruciform",2,32871073,99.95
"35143","cruelness",2,32871075,99.95
"35144","crumpler",2,32871077,99.95
"35145","crumply",2,32871079,99.95
"35146","cryptographic",2,32871081,99.95
"35147","cubical",2,32871083,99.95
"35148","cucurbit",2,32871085,99.95
"35149","cuddlesome",2,32871087,99.95
"35150","cuesta",2,32871089,99.95
"35151","cuirass",2,32871091,99.95
"35152","cuke",2,32871093,99.95
"35153","culinarily",2,32871095,99.95
"35154","culmen",2,32871097,99.95
"35155","cultism",2,32871099,99.95
"35156","cultivator",2,32871101,99.95
"35157","cumbersomely",2,32871103,99.95
"35158","cumulation",2,32871105,99.95
"35159","cuneiform",2,32871107,99.95
"35160","cupholder",2,32871109,99.95
"35161","curial",2,32871111,99.95
"35162","cursorily",2,32871113,99.95
"35163","curst",2,32871115,99.95
"35164","cutcher",2,32871117,99.95
"35165","cutwork",2,32871119,99.95
"35166","cyberneticist",2,32871121,99.95
"35167","cygnet",2,32871123,99.95
"35168","cynosure",2,32871125,99.95
"35169","czardas",2,32871127,99.95
"35170","czarist",2,32871129,99.95
"35171","dado",2,32871131,99.95
"35172","daftness",2,32871133,99.95
"35173","daggy",2,32871135,99.95
"35174","dagoba",2,32871137,99.95
"35175","dairyman",2,32871139,99.95
"35176","damager",2,32871141,99.95
"35177","damagingly",2,32871143,99.95
"35178","daman",2,32871145,99.95
"35179","damier",2,32871147,99.95
"35180","damningly",2,32871149,99.95
"35181","damselfish",2,32871151,99.95
"35182","damson",2,32871153,99.95
"35183","dangler",2,32871155,99.95
"35184","darter",2,32871157,99.95
"35185","dauntlessly",2,32871159,99.95
"35186","dauphine",2,32871161,99.95
"35187","dawdler",2,32871163,99.95
"35188","dawkin",2,32871165,99.95
"35189","dearie",2,32871167,99.95
"35190","debarment",2,32871169,99.95
"35191","debenture",2,32871171,99.95
"35192","decadal",2,32871173,99.95
"35193","decagon",2,32871175,99.95
"35194","deceitfully",2,32871177,99.95
"35195","decentralize",2,32871179,99.95
"35196","decisional",2,32871181,99.95
"35197","declamatory",2,32871183,99.95
"35198","declassify",2,32871185,99.95
"35199","declivity",2,32871187,99.95
"35200","decolletage",2,32871189,99.95
"35201","decreasingly",2,32871191,99.95
"35202","decrement",2,32871193,99.95
"35203","dedicatory",2,32871195,99.95
"35204","deerhound",2,32871197,99.95
"35205","defacement",2,32871199,99.95
"35206","defeater",2,32871201,99.95
"35207","defectively",2,32871203,99.95
"35208","defensibility",2,32871205,99.95
"35209","deferentially",2,32871207,99.95
"35210","defiler",2,32871209,99.95
"35211","deflationary",2,32871211,99.95
"35212","defloration",2,32871213,99.95
"35213","defoliation",2,32871215,99.95
"35214","deformable",2,32871217,99.95
"35215","deictic",2,32871219,99.95
"35216","deindustrialization",2,32871221,99.95
"35217","delicioso",2,32871223,99.95
"35218","delightedly",2,32871225,99.95
"35219","delint",2,32871227,99.95
"35220","delver",2,32871229,99.95
"35221","demander",2,32871231,99.95
"35222","demarkation",2,32871233,99.95
"35223","dement",2,32871235,99.95
"35224","dementedly",2,32871237,99.95
"35225","demimonde",2,32871239,99.95
"35226","demob",2,32871241,99.95
"35227","democratize",2,32871243,99.95
"35228","demographer",2,32871245,99.96
"35229","demoniacal",2,32871247,99.96
"35230","dendrite",2,32871249,99.96
"35231","dendritic",2,32871251,99.96
"35232","denominate",2,32871253,99.96
"35233","denominationalism",2,32871255,99.96
"35234","denseness",2,32871257,99.96
"35235","denture",2,32871259,99.96
"35236","dependably",2,32871261,99.96
"35237","depersonalize",2,32871263,99.96
"35238","depigmentation",2,32871265,99.96
"35239","depilation",2,32871267,99.96
"35240","deponent",2,32871269,99.96
"35241","deprecatory",2,32871271,99.96
"35242","depute",2,32871273,99.96
"35243","derange",2,32871275,99.96
"35244","derivable",2,32871277,99.96
"35245","derma",2,32871279,99.96
"35246","derogative",2,32871281,99.96
"35247","derringer",2,32871283,99.96
"35248","descendance",2,32871285,99.96
"35249","deservingly",2,32871287,99.96
"35250","desiderata",2,32871289,99.96
"35251","desireless",2,32871291,99.96
"35252","desolately",2,32871293,99.96
"35253","despicably",2,32871295,99.96
"35254","despond",2,32871297,99.96
"35255","dess",2,32871299,99.96
"35256","destroyable",2,32871301,99.96
"35257","detailer",2,32871303,99.96
"35258","determiner",2,32871305,99.96
"35259","deviancy",2,32871307,99.96
"35260","devilry",2,32871309,99.96
"35261","dhak",2,32871311,99.96
"35262","dhanush",2,32871313,99.96
"35263","dharna",2,32871315,99.96
"35264","diagrammatic",2,32871317,99.96
"35265","dialectically",2,32871319,99.96
"35266","dialectics",2,32871321,99.96
"35267","diaphragmatic",2,32871323,99.96
"35268","didna",2,32871325,99.96
"35269","difficile",2,32871327,99.96
"35270","difficultly",2,32871329,99.96
"35271","diffident",2,32871331,99.96
"35272","diffidently",2,32871333,99.96
"35273","diffraction",2,32871335,99.96
"35274","digester",2,32871337,99.96
"35275","digitalis",2,32871339,99.96
"35276","dihydrate",2,32871341,99.96
"35277","dillweed",2,32871343,99.96
"35278","dimensionless",2,32871345,99.96
"35279","diminutively",2,32871347,99.96
"35280","dimness",2,32871349,99.96
"35281","dimply",2,32871351,99.96
"35282","dinar",2,32871353,99.96
"35283","dinero",2,32871355,99.96
"35284","dingbat",2,32871357,99.96
"35285","direly",2,32871359,99.96
"35286","dirndl",2,32871361,99.96
"35287","dirtiness",2,32871363,99.96
"35288","disadvantageous",2,32871365,99.96
"35289","disappointedly",2,32871367,99.96
"35290","disbarment",2,32871369,99.96
"35291","discerner",2,32871371,99.96
"35292","discernibly",2,32871373,99.96
"35293","discolor",2,32871375,99.96
"35294","disconcert",2,32871377,99.96
"35295","disconnectedness",2,32871379,99.96
"35296","disconsolately",2,32871381,99.96
"35297","discouragingly",2,32871383,99.96
"35298","discursively",2,32871385,99.96
"35299","disembarkation",2,32871387,99.96
"35300","disembowel",2,32871389,99.96
"35301","disembowelment",2,32871391,99.96
"35302","disequilibrium",2,32871393,99.96
"35303","disestablishment",2,32871395,99.96
"35304","disgorge",2,32871397,99.96
"35305","disgruntlement",2,32871399,99.96
"35306","dishabille",2,32871401,99.96
"35307","dishearten",2,32871403,99.96
"35308","disinclination",2,32871405,99.96
"35309","disingenuousness",2,32871407,99.96
"35310","disinherit",2,32871409,99.96
"35311","disintegrator",2,32871411,99.96
"35312","disjunctive",2,32871413,99.96
"35313","disparagement",2,32871415,99.96
"35314","dispersant",2,32871417,99.96
"35315","displayable",2,32871419,99.96
"35316","disposer",2,32871421,99.96
"35317","dispossess",2,32871423,99.96
"35318","disproportion",2,32871425,99.96
"35319","disputable",2,32871427,99.96
"35320","dissemble",2,32871429,99.96
"35321","dissembler",2,32871431,99.96
"35322","dissimilarity",2,32871433,99.96
"35323","dissimulate",2,32871435,99.96
"35324","dissuasive",2,32871437,99.96
"35325","distastefully",2,32871439,99.96
"35326","distend",2,32871441,99.96
"35327","distributer",2,32871443,99.96
"35328","diviner",2,32871445,99.96
"35329","dobber",2,32871447,99.96
"35330","docilely",2,32871449,99.96
"35331","dodecahedron",2,32871451,99.96
"35332","doeskin",2,32871453,99.96
"35333","dogberry",2,32871455,99.96
"35334","dogcatcher",2,32871457,99.96
"35335","doge",2,32871459,99.96
"35336","doggish",2,32871461,99.96
"35337","dogie",2,32871463,99.96
"35338","doglike",2,32871465,99.96
"35339","dogtooth",2,32871467,99.96
"35340","doleful",2,32871469,99.96
"35341","dollface",2,32871471,99.96
"35342","dollmaker",2,32871473,99.96
"35343","dolman",2,32871475,99.96
"35344","dolomite",2,32871477,99.96
"35345","dolor",2,32871479,99.96
"35346","doltish",2,32871481,99.96
"35347","domiciliation",2,32871483,99.96
"35348","dominantly",2,32871485,99.96
"35349","dominionism",2,32871487,99.96
"35350","donga",2,32871489,99.96
"35351","donjon",2,32871491,99.96
"35352","doomstead",2,32871493,99.96
"35353","doorjamb",2,32871495,99.96
"35354","doper",2,32871497,99.96
"35355","doria",2,32871499,99.96
"35356","dorsolateral",2,32871501,99.96
"35357","doss",2,32871503,99.96
"35358","doubtfully",2,32871505,99.96
"35359","doughboy",2,32871507,99.96
"35360","downspout",2,32871509,99.96
"35361","drabness",2,32871511,99.96
"35362","dragoness",2,32871513,99.96
"35363","dragonhead",2,32871515,99.96
"35364","dramaturge",2,32871517,99.96
"35365","draughtsman",2,32871519,99.96
"35366","drawling",2,32871521,99.96
"35367","dredger",2,32871523,99.96
"35368","drest",2,32871525,99.96
"35369","driverless",2,32871527,99.96
"35370","drophead",2,32871529,99.96
"35371","drowner",2,32871531,99.96
"35372","dryish",2,32871533,99.96
"35373","dubb",2,32871535,99.96
"35374","dubby",2,32871537,99.96
"35375","duckweed",2,32871539,99.96
"35376","ductless",2,32871541,99.96
"35377","dulse",2,32871543,99.96
"35378","duma",2,32871545,99.96
"35379","dunderhead",2,32871547,99.96
"35380","dungaree",2,32871549,99.96
"35381","dunlin",2,32871551,99.96
"35382","dunner",2,32871553,99.96
"35383","dupable",2,32871555,99.96
"35384","dustcloth",2,32871557,99.96
"35385","dustily",2,32871559,99.96
"35386","dustiness",2,32871561,99.96
"35387","dustless",2,32871563,99.96
"35388","dustman",2,32871565,99.96
"35389","dustproof",2,32871567,99.96
"35390","dutifulness",2,32871569,99.96
"35391","dvaita",2,32871571,99.96
"35392","dwarfish",2,32871573,99.96
"35393","dyce",2,32871575,99.96
"35394","dyker",2,32871577,99.96
"35395","dyne",2,32871579,99.96
"35396","dysmenorrhea",2,32871581,99.96
"35397","dyspeptic",2,32871583,99.96
"35398","earing",2,32871585,99.96
"35399","earplug",2,32871587,99.96
"35400","earthshock",2,32871589,99.96
"35401","earthward",2,32871591,99.96
"35402","earwig",2,32871593,99.96
"35403","ebullition",2,32871595,99.96
"35404","ecclesiastic",2,32871597,99.96
"35405","echidna",2,32871599,99.96
"35406","eclat",2,32871601,99.96
"35407","edgeless",2,32871603,99.96
"35408","editorialize",2,32871605,99.96
"35409","eer",2,32871607,99.96
"35410","eeriness",2,32871609,99.96
"35411","effeminacy",2,32871611,99.96
"35412","effluvium",2,32871613,99.96
"35413","effulgence",2,32871615,99.96
"35414","effusion",2,32871617,99.96
"35415","effusively",2,32871619,99.96
"35416","egocentrism",2,32871621,99.96
"35417","egoist",2,32871623,99.96
"35418","egotist",2,32871625,99.96
"35419","egotistic",2,32871627,99.96
"35420","eidetic",2,32871629,99.96
"35421","eightfold",2,32871631,99.96
"35422","eimer",2,32871633,99.96
"35423","einkorn",2,32871635,99.96
"35424","ejaculator",2,32871637,99.96
"35425","ekka",2,32871639,99.96
"35426","elaborateness",2,32871641,99.96
"35427","eland",2,32871643,99.96
"35428","elapse",2,32871645,99.96
"35429","elate",2,32871647,99.96
"35430","eldership",2,32871649,99.96
"35431","electrocardiogram",2,32871651,99.96
"35432","electrodynamics",2,32871653,99.96
"35433","electrologist",2,32871655,99.96
"35434","electromotive",2,32871657,99.96
"35435","elementally",2,32871659,99.96
"35436","elephantiasis",2,32871661,99.96
"35437","elfish",2,32871663,99.96
"35438","elicitation",2,32871665,99.96
"35439","elide",2,32871667,99.96
"35440","eliminator",2,32871669,99.96
"35441","elliptically",2,32871671,99.96
"35442","emasculate",2,32871673,99.96
"35443","emasculation",2,32871675,99.96
"35444","embouchure",2,32871677,99.96
"35445","embrittlement",2,32871679,99.96
"35446","emersion",2,32871681,99.96
"35447","empiric",2,32871683,99.96
"35448","empyreumatic",2,32871685,99.96
"35449","emulsify",2,32871687,99.96
"35450","enactor",2,32871689,99.96
"35451","enamelware",2,32871691,99.96
"35452","enantiomer",2,32871693,99.96
"35453","encamp",2,32871695,99.96
"35454","encephalopathy",2,32871697,99.96
"35455","endeavorer",2,32871699,99.96
"35456","endocardium",2,32871701,99.96
"35457","endocrinology",2,32871703,99.96
"35458","endodontist",2,32871705,99.96
"35459","endoscope",2,32871707,99.96
"35460","endothermal",2,32871709,99.96
"35461","endurable",2,32871711,99.96
"35462","engorge",2,32871713,99.96
"35463","enhypostasis",2,32871715,99.96
"35464","enlace",2,32871717,99.96
"35465","enmeshment",2,32871719,99.96
"35466","enrapt",2,32871721,99.96
"35467","enterocolitis",2,32871723,99.96
"35468","enthalpy",2,32871725,99.96
"35469","enthrone",2,32871727,99.96
"35470","enthronement",2,32871729,99.96
"35471","enticer",2,32871731,99.96
"35472","entremets",2,32871733,99.96
"35473","enuresis",2,32871735,99.96
"35474","ephemerality",2,32871737,99.96
"35475","epicly",2,32871739,99.96
"35476","epicyclic",2,32871741,99.96
"35477","epigram",2,32871743,99.96
"35478","epigrammatic",2,32871745,99.96
"35479","epiphenomenal",2,32871747,99.96
"35480","episodically",2,32871749,99.96
"35481","epistrophe",2,32871751,99.96
"35482","epithelial",2,32871753,99.96
"35483","equilateral",2,32871755,99.96
"35484","equiped",2,32871757,99.96
"35485","equivocate",2,32871759,99.96
"35486","erector",2,32871761,99.96
"35487","eremite",2,32871763,99.96
"35488","ergosterol",2,32871765,99.96
"35489","erne",2,32871767,99.96
"35490","erosive",2,32871769,99.96
"35491","erth",2,32871771,99.96
"35492","esculent",2,32871773,99.96
"35493","estado",2,32871775,99.96
"35494","estimator",2,32871777,99.96
"35495","estrange",2,32871779,99.96
"35496","ethnical",2,32871781,99.96
"35497","eucalypt",2,32871783,99.96
"35498","eugenic",2,32871785,99.96
"35499","euphonious",2,32871787,99.96
"35500","euphonium",2,32871789,99.96
"35501","evacuee",2,32871791,99.96
"35502","evaporator",2,32871793,99.96
"35503","evenness",2,32871795,99.96
"35504","evolutional",2,32871797,99.96
"35505","exasperatedly",2,32871799,99.96
"35506","exchangeable",2,32871801,99.96
"35507","exchanger",2,32871803,99.96
"35508","excitation",2,32871805,99.96
"35509","excommunicate",2,32871807,99.96
"35510","excoriation",2,32871809,99.96
"35511","excretes",2,32871811,99.96
"35512","excretory",2,32871813,99.96
"35513","excursus",2,32871815,99.96
"35514","exhaustible",2,32871817,99.96
"35515","exigence",2,32871819,99.96
"35516","expansionary",2,32871821,99.96
"35517","expectedly",2,32871823,99.96
"35518","expediently",2,32871825,99.96
"35519","expeller",2,32871827,99.96
"35520","expiate",2,32871829,99.96
"35521","expiratory",2,32871831,99.96
"35522","exploiter",2,32871833,99.96
"35523","expositor",2,32871835,99.96
"35524","expostulation",2,32871837,99.96
"35525","expressively",2,32871839,99.96
"35526","expressiveness",2,32871841,99.96
"35527","exquisiteness",2,32871843,99.96
"35528","extemporize",2,32871845,99.96
"35529","extensible",2,32871847,99.96
"35530","extensiveness",2,32871849,99.96
"35531","exteriority",2,32871851,99.96
"35532","externalism",2,32871853,99.96
"35533","externalization",2,32871855,99.96
"35534","extirpate",2,32871857,99.96
"35535","extrait",2,32871859,99.96
"35536","extrasolar",2,32871861,99.96
"35537","extrinsically",2,32871863,99.96
"35538","extruder",2,32871865,99.96
"35539","eyeblink",2,32871867,99.96
"35540","eyebright",2,32871869,99.96
"35541","eyeline",2,32871871,99.96
"35542","eyer",2,32871873,99.96
"35543","eyeshade",2,32871875,99.96
"35544","eyewash",2,32871877,99.96
"35545","eyot",2,32871879,99.96
"35546","eyrie",2,32871881,99.96
"35547","factorial",2,32871883,99.96
"35548","fainthearted",2,32871885,99.96
"35549","faintness",2,32871887,99.96
"35550","fakir",2,32871889,99.96
"35551","falconry",2,32871891,99.96
"35552","fanciable",2,32871893,99.96
"35553","fancify",2,32871895,99.96
"35554","fand",2,32871897,99.96
"35555","farer",2,32871899,99.96
"35556","fatalist",2,32871901,99.96
"35557","fathomable",2,32871903,99.96
"35558","fatiha",2,32871905,99.96
"35559","fawningly",2,32871907,99.96
"35560","fawny",2,32871909,99.96
"35561","fearer",2,32871911,99.96
"35562","featherbed",2,32871913,99.96
"35563","febrile",2,32871915,99.96
"35564","fecklessness",2,32871917,99.96
"35565","feltmaking",2,32871919,99.96
"35566","felty",2,32871921,99.96
"35567","femaleness",2,32871923,99.96
"35568","feminity",2,32871925,99.96
"35569","feminize",2,32871927,99.96
"35570","fermentative",2,32871929,99.96
"35571","fernleaf",2,32871931,99.96
"35572","fervid",2,32871933,99.96
"35573","festuca",2,32871935,99.96
"35574","fetishization",2,32871937,99.96
"35575","feudalist",2,32871939,99.96
"35576","feverfew",2,32871941,99.96
"35577","fiar",2,32871943,99.96
"35578","fibrocartilaginous",2,32871945,99.96
"35579","fiddlehead",2,32871947,99.96
"35580","fideist",2,32871949,99.96
"35581","filander",2,32871951,99.96
"35582","filariasis",2,32871953,99.96
"35583","filbert",2,32871955,99.96
"35584","filch",2,32871957,99.96
"35585","filleting",2,32871959,99.96
"35586","fillip",2,32871961,99.96
"35587","fingersmith",2,32871963,99.96
"35588","finitely",2,32871965,99.96
"35589","finiteness",2,32871967,99.96
"35590","finned",2,32871969,99.96
"35591","firebug",2,32871971,99.96
"35592","firedrake",2,32871973,99.96
"35593","fireweed",2,32871975,99.96
"35594","fisherfolk",2,32871977,99.96
"35595","fitment",2,32871979,99.96
"35596","flagger",2,32871981,99.96
"35597","flammability",2,32871983,99.96
"35598","flannelette",2,32871985,99.96
"35599","flatteringly",2,32871987,99.96
"35600","flattie",2,32871989,99.96
"35601","flatwork",2,32871991,99.96
"35602","fleche",2,32871993,99.96
"35603","fleetingness",2,32871995,99.96
"35604","flintlock",2,32871997,99.96
"35605","flippancy",2,32871999,99.96
"35606","flophouse",2,32872001,99.96
"35607","flory",2,32872003,99.96
"35608","flowage",2,32872005,99.96
"35609","flowerless",2,32872007,99.96
"35610","fluey",2,32872009,99.96
"35611","fluorosis",2,32872011,99.96
"35612","flusher",2,32872013,99.96
"35613","flushy",2,32872015,99.96
"35614","fluting",2,32872017,99.96
"35615","flutist",2,32872019,99.96
"35616","fod",2,32872021,99.96
"35617","follicular",2,32872023,99.96
"35618","footling",2,32872025,99.96
"35619","footman",2,32872027,99.96
"35620","footway",2,32872029,99.96
"35621","forasmuch",2,32872031,99.96
"35622","forbiddingly",2,32872033,99.96
"35623","forebrain",2,32872035,99.96
"35624","foremark",2,32872037,99.96
"35625","forestation",2,32872039,99.96
"35626","forfend",2,32872041,99.96
"35627","forgetter",2,32872043,99.96
"35628","formalization",2,32872045,99.96
"35629","formidably",2,32872047,99.96
"35630","forsworn",2,32872049,99.96
"35631","fossilize",2,32872051,99.96
"35632","fot",2,32872053,99.96
"35633","fougasse",2,32872055,99.96
"35634","foundationally",2,32872057,99.96
"35635","fourscore",2,32872059,99.96
"35636","fraid",2,32872061,99.96
"35637","frangipane",2,32872063,99.96
"35638","frankfurter",2,32872065,99.96
"35639","fraternize",2,32872067,99.96
"35640","freakiness",2,32872069,99.96
"35641","freeborn",2,32872071,99.96
"35642","frenum",2,32872073,99.96
"35643","fresnel",2,32872075,99.96
"35644","frett",2,32872077,99.96
"35645","friable",2,32872079,99.96
"35646","friary",2,32872081,99.96
"35647","fribbler",2,32872083,99.96
"35648","frigidly",2,32872085,99.96
"35649","frijolito",2,32872087,99.96
"35650","frisket",2,32872089,99.96
"35651","frivolousness",2,32872091,99.96
"35652","frizzing",2,32872093,99.96
"35653","frogman",2,32872095,99.96
"35654","frontiersman",2,32872097,99.96
"35655","froufrou",2,32872099,99.96
"35656","fructify",2,32872101,99.96
"35657","fruitarian",2,32872103,99.96
"35658","fud",2,32872105,99.96
"35659","fum",2,32872107,99.96
"35660","fumigation",2,32872109,99.96
"35661","fungibility",2,32872111,99.96
"35662","funker",2,32872113,99.96
"35663","funnyman",2,32872115,99.96
"35664","furcal",2,32872117,99.96
"35665","fusc",2,32872119,99.96
"35666","gabber",2,32872121,99.96
"35667","gaberlunzie",2,32872123,99.96
"35668","gadabout",2,32872125,99.96
"35669","galleon",2,32872127,99.96
"35670","gallium",2,32872129,99.96
"35671","gallstone",2,32872131,99.96
"35672","galop",2,32872133,99.96
"35673","galvanic",2,32872135,99.96
"35674","gamba",2,32872137,99.96
"35675","gamete",2,32872139,99.96
"35676","ganglia",2,32872141,99.96
"35677","gangsterism",2,32872143,99.96
"35678","gant",2,32872145,99.96
"35679","gantries",2,32872147,99.96
"35680","gapes",2,32872149,99.96
"35681","garderobe",2,32872151,99.96
"35682","gargoyley",2,32872153,99.96
"35683","gaster",2,32872155,99.96
"35684","gastrocnemius",2,32872157,99.96
"35685","gastroenteritis",2,32872159,99.96
"35686","gastroenterology",2,32872161,99.96
"35687","gastronome",2,32872163,99.96
"35688","gasworks",2,32872165,99.96
"35689","gaub",2,32872167,99.96
"35690","gaudiness",2,32872169,99.96
"35691","gaun",2,32872171,99.96
"35692","gaunty",2,32872173,99.96
"35693","gazetteer",2,32872175,99.96
"35694","gazi",2,32872177,99.96
"35695","geat",2,32872179,99.96
"35696","gein",2,32872181,99.96
"35697","genealogically",2,32872183,99.96
"35698","genic",2,32872185,99.96
"35699","geochemistry",2,32872187,99.96
"35700","geode",2,32872189,99.96
"35701","geographics",2,32872191,99.96
"35702","geophysicist",2,32872193,99.96
"35703","germanium",2,32872195,99.96
"35704","geronto",2,32872197,99.96
"35705","geum",2,32872199,99.96
"35706","ghettoization",2,32872201,99.96
"35707","ghosty",2,32872203,99.96
"35708","ghoulishness",2,32872205,99.96
"35709","gib",2,32872207,99.96
"35710","gie",2,32872209,99.96
"35711","gien",2,32872211,99.96
"35712","gigantically",2,32872213,99.96
"35713","gigantism",2,32872215,99.96
"35714","gilden",2,32872217,99.96
"35715","gilder",2,32872219,99.96
"35716","gimcrack",2,32872221,99.96
"35717","gimped",2,32872223,99.96
"35718","gingivitis",2,32872225,99.96
"35719","girlishness",2,32872227,99.96
"35720","girt",2,32872229,99.96
"35721","gith",2,32872231,99.96
"35722","gladius",2,32872233,99.96
"35723","glancingly",2,32872235,99.96
"35724","glanders",2,32872237,99.96
"35725","glasslike",2,32872239,99.96
"35726","glassmaking",2,32872241,99.96
"35727","glassworks",2,32872243,99.96
"35728","glial",2,32872245,99.96
"35729","glibness",2,32872247,99.96
"35730","glissando",2,32872249,99.96
"35731","gloam",2,32872251,99.96
"35732","globularity",2,32872253,99.96
"35733","globule",2,32872255,99.96
"35734","glockenspiel",2,32872257,99.96
"35735","gloomily",2,32872259,99.96
"35736","gloominess",2,32872261,99.96
"35737","gloriousness",2,32872263,99.96
"35738","gluteal",2,32872265,99.96
"35739","gluteus",2,32872267,99.96
"35740","glycerol",2,32872269,99.96
"35741","glyceryl",2,32872271,99.96
"35742","gnar",2,32872273,99.96
"35743","goateed",2,32872275,99.96
"35744","gobbler",2,32872277,99.96
"35745","goby",2,32872279,99.96
"35746","godling",2,32872281,99.96
"35747","goldenrod",2,32872283,99.96
"35748","goldenseal",2,32872285,99.96
"35749","goldhammer",2,32872287,99.96
"35750","goldspink",2,32872289,99.96
"35751","goneness",2,32872291,99.96
"35752","gonne",2,32872293,99.96
"35753","goofily",2,32872295,99.96
"35754","googol",2,32872297,99.96
"35755","gooseneck",2,32872299,99.96
"35756","gorger",2,32872301,99.96
"35757","gorlin",2,32872303,99.96
"35758","gormandize",2,32872305,99.96
"35759","goshawk",2,32872307,99.96
"35760","gouty",2,32872309,99.96
"35761","governmentally",2,32872311,99.96
"35762","gowan",2,32872313,99.96
"35763","gracile",2,32872315,99.96
"35764","gracilis",2,32872317,99.96
"35765","graining",2,32872319,99.96
"35766","gramp",2,32872321,99.96
"35767","grandee",2,32872323,99.96
"35768","grandiosely",2,32872325,99.96
"35769","grandmotherly",2,32872327,99.96
"35770","granitic",2,32872329,99.96
"35771","grantor",2,32872331,99.96
"35772","grassing",2,32872333,99.96
"35773","grassless",2,32872335,99.96
"35774","graybeard",2,32872337,99.96
"35775","greatish",2,32872339,99.96
"35776","greengage",2,32872341,99.96
"35777","greenhorn",2,32872343,99.96
"35778","greenly",2,32872345,99.96
"35779","greenstuff",2,32872347,99.96
"35780","grice",2,32872349,99.96
"35781","griminess",2,32872351,99.96
"35782","grindingly",2,32872353,99.96
"35783","groaner",2,32872355,99.96
"35784","grogginess",2,32872357,99.96
"35785","groover",2,32872359,99.96
"35786","grossen",2,32872361,99.96
"35787","grosz",2,32872363,99.96
"35788","grotesquerie",2,32872365,99.96
"35789","groundedness",2,32872367,99.96
"35790","groundnut",2,32872369,99.96
"35791","grubbiness",2,32872371,99.96
"35792","gruesomeness",2,32872373,99.96
"35793","gruffness",2,32872375,99.96
"35794","guardedly",2,32872377,99.96
"35795","guardedness",2,32872379,99.96
"35796","gugu",2,32872381,99.96
"35797","gunnies",2,32872383,99.96
"35798","gunsmithing",2,32872385,99.96
"35799","guruship",2,32872387,99.96
"35800","gutterman",2,32872389,99.96
"35801","gutti",2,32872391,99.96
"35802","habilitation",2,32872393,99.96
"35803","habitue",2,32872395,99.96
"35804","hackamore",2,32872397,99.96
"35805","haddie",2,32872399,99.96
"35806","haemoglobin",2,32872401,99.96
"35807","haemorrhagic",2,32872403,99.96
"35808","haggler",2,32872405,99.96
"35809","hailstone",2,32872407,99.96
"35810","halfback",2,32872409,99.96
"35811","hamadryad",2,32872411,99.96
"35812","hamble",2,32872413,99.96
"35813","handbill",2,32872415,99.96
"35814","handiness",2,32872417,99.96
"35815","handless",2,32872419,99.96
"35816","handwrite",2,32872421,99.96
"35817","hangable",2,32872423,99.96
"35818","hansa",2,32872425,99.96
"35819","haploid",2,32872427,99.96
"35820","harasser",2,32872429,99.96
"35821","hardheaded",2,32872431,99.96
"35822","harmonial",2,32872433,99.96
"35823","harrowingly",2,32872435,99.96
"35824","hartshorn",2,32872437,99.96
"35825","hatt",2,32872439,99.96
"35826","haziness",2,32872441,99.96
"35827","headachy",2,32872443,99.96
"35828","headcheese",2,32872445,99.96
"35829","hearten",2,32872447,99.96
"35830","hearthstone",2,32872449,99.96
"35831","hearting",2,32872451,99.96
"35832","heaver",2,32872453,99.96
"35833","hebephrenic",2,32872455,99.96
"35834","hedonically",2,32872457,99.96
"35835","heer",2,32872459,99.96
"35836","heezy",2,32872461,99.96
"35837","helicon",2,32872463,99.96
"35838","heliotrope",2,32872465,99.96
"35839","hellhound",2,32872467,99.96
"35840","hemangioma",2,32872469,99.96
"35841","hematuria",2,32872471,99.96
"35842","hemiplegia",2,32872473,99.96
"35843","hemispherical",2,32872475,99.96
"35844","hemolytic",2,32872477,99.96
"35845","hemostatic",2,32872479,99.96
"35846","herbarium",2,32872481,99.96
"35847","herdsman",2,32872483,99.96
"35848","hereunto",2,32872485,99.96
"35849","herniate",2,32872487,99.96
"35850","herodian",2,32872489,99.96
"35851","hesitatingly",2,32872491,99.96
"35852","heterodoxy",2,32872493,99.96
"35853","heterogenous",2,32872495,99.96
"35854","heterozygous",2,32872497,99.96
"35855","hia",2,32872499,99.96
"35856","hic",2,32872501,99.96
"35857","hie",2,32872503,99.96
"35858","hierarchal",2,32872505,99.96
"35859","hierophant",2,32872507,99.96
"35860","highborn",2,32872509,99.96
"35861","highjack",2,32872511,99.96
"35862","hipbone",2,32872513,99.96
"35863","hippogriff",2,32872515,99.96
"35864","hiragana",2,32872517,99.96
"35865","hirer",2,32872519,99.96
"35866","histogram",2,32872521,99.96
"35867","histological",2,32872523,99.96
"35868","historial",2,32872525,99.96
"35869","hizz",2,32872527,99.96
"35870","hoarfrost",2,32872529,99.96
"35871","hobbyhorse",2,32872531,99.96
"35872","hobnailed",2,32872533,99.96
"35873","hobnob",2,32872535,99.96
"35874","holily",2,32872537,99.96
"35875","homelike",2,32872539,99.96
"35876","homeyness",2,32872541,99.96
"35877","homiletical",2,32872543,99.96
"35878","homogeny",2,32872545,99.96
"35879","homologation",2,32872547,99.96
"35880","homonym",2,32872549,99.96
"35881","homonymous",2,32872551,99.96
"35882","honeyberry",2,32872553,99.96
"35883","honorarium",2,32872555,99.96
"35884","honoree",2,32872557,99.96
"35885","honorific",2,32872559,99.96
"35886","hoopoe",2,32872561,99.96
"35887","hornbook",2,32872563,99.96
"35888","horseplay",2,32872565,99.96
"35889","hortatory",2,32872567,99.96
"35890","hotbox",2,32872569,99.96
"35891","hotch",2,32872571,99.96
"35892","houseboy",2,32872573,99.96
"35893","housebuilding",2,32872575,99.96
"35894","housefather",2,32872577,99.96
"35895","housetop",2,32872579,99.96
"35896","hoverer",2,32872581,99.96
"35897","hugeness",2,32872583,99.96
"35898","humidor",2,32872585,99.96
"35899","humiliatingly",2,32872587,99.96
"35900","hunchbacked",2,32872589,99.96
"35901","huso",2,32872591,99.96
"35902","hussar",2,32872593,99.96
"35903","hybridity",2,32872595,99.96
"35904","hydrazide",2,32872597,99.96
"35905","hydrochloric",2,32872599,99.96
"35906","hydrofoil",2,32872601,99.96
"35907","hydrogeology",2,32872603,99.96
"35908","hydrops",2,32872605,99.96
"35909","hydrothermal",2,32872607,99.96
"35910","hyoid",2,32872609,99.96
"35911","hyperboloid",2,32872611,99.96
"35912","hypercube",2,32872613,99.96
"35913","hyperflexion",2,32872615,99.96
"35914","hyperplasia",2,32872617,99.96
"35915","hypersonic",2,32872619,99.96
"35916","hypertrophy",2,32872621,99.96
"35917","hypervigilant",2,32872623,99.96
"35918","hypnagogic",2,32872625,99.96
"35919","hypnotically",2,32872627,99.96
"35920","hypomanic",2,32872629,99.96
"35921","hypothalamic",2,32872631,99.96
"35922","hypothalamus",2,32872633,99.96
"35923","icecap",2,32872635,99.96
"35924","ichthyologist",2,32872637,99.96
"35925","idic",2,32872639,99.96
"35926","idolization",2,32872641,99.96
"35927","ignobly",2,32872643,99.96
"35928","ignominiously",2,32872645,99.96
"35929","ilex",2,32872647,99.96
"35930","ilka",2,32872649,99.96
"35931","illogically",2,32872651,99.96
"35932","illuminous",2,32872653,99.96
"35933","imaginal",2,32872655,99.96
"35934","imbrication",2,32872657,99.96
"35935","imitable",2,32872659,99.96
"35936","immoderate",2,32872661,99.96
"35937","immoderation",2,32872663,99.96
"35938","impedance",2,32872665,99.96
"35939","impenitence",2,32872667,99.96
"35940","imperator",2,32872669,99.96
"35941","imperiously",2,32872671,99.96
"35942","impersonable",2,32872673,99.96
"35943","impishly",2,32872675,99.96
"35944","implead",2,32872677,99.96
"35945","impliedly",2,32872679,99.96
"35946","impoliteness",2,32872681,99.96
"35947","imposable",2,32872683,99.96
"35948","impotently",2,32872685,99.96
"35949","impoundment",2,32872687,99.96
"35950","imprecision",2,32872689,99.96
"35951","impresa",2,32872691,99.96
"35952","impressiveness",2,32872693,99.96
"35953","imprinter",2,32872695,99.96
"35954","improvable",2,32872697,99.96
"35955","improvident",2,32872699,99.96
"35956","improvidently",2,32872701,99.96
"35957","improvisatory",2,32872703,99.96
"35958","imprudence",2,32872705,99.96
"35959","impudently",2,32872707,99.96
"35960","impulsion",2,32872709,99.96
"35961","inapt",2,32872711,99.96
"35962","inarguably",2,32872713,99.96
"35963","inauspiciously",2,32872715,99.96
"35964","incandescently",2,32872717,99.96
"35965","incestuously",2,32872719,99.96
"35966","inchworm",2,32872721,99.96
"35967","incisively",2,32872723,99.96
"35968","inciter",2,32872725,99.96
"35969","inclosure",2,32872727,99.96
"35970","incoherency",2,32872729,99.96
"35971","incommensurable",2,32872731,99.96
"35972","incompletion",2,32872733,99.96
"35973","incongruence",2,32872735,99.96
"35974","inconsiderately",2,32872737,99.96
"35975","inconsideration",2,32872739,99.96
"35976","incontestably",2,32872741,99.96
"35977","incorrectness",2,32872743,99.96
"35978","inculcation",2,32872745,99.96
"35979","incurability",2,32872747,99.96
"35980","inde",2,32872749,99.96
"35981","indecisively",2,32872751,99.96
"35982","indecorous",2,32872753,99.96
"35983","indefeasible",2,32872755,99.96
"35984","indefectibility",2,32872757,99.96
"35985","indefensibly",2,32872759,99.96
"35986","indemnify",2,32872761,99.96
"35987","indictable",2,32872763,99.96
"35988","indigeneity",2,32872765,99.96
"35989","indissoluble",2,32872767,99.96
"35990","inductee",2,32872769,99.96
"35991","industrialize",2,32872771,99.96
"35992","inebriate",2,32872773,99.96
"35993","ineffably",2,32872775,99.96
"35994","inefficacious",2,32872777,99.96
"35995","inelastic",2,32872779,99.96
"35996","inertial",2,32872781,99.96
"35997","inexpressibles",2,32872783,99.96
"35998","infective",2,32872785,99.96
"35999","inferentially",2,32872787,99.96
"36000","inflammable",2,32872789,99.96
"36001","inglenook",2,32872791,99.96
"36002","ingot",2,32872793,99.96
"36003","ingrain",2,32872795,99.96
"36004","inhabitable",2,32872797,99.96
"36005","inhalator",2,32872799,99.96
"36006","injudicious",2,32872801,99.96
"36007","injunct",2,32872803,99.96
"36008","inkosi",2,32872805,99.96
"36009","inquisitorial",2,32872807,99.96
"36010","inroad",2,32872809,99.96
"36011","inscrutability",2,32872811,99.96
"36012","insensibly",2,32872813,99.96
"36013","inseparability",2,32872815,99.96
"36014","instantaneity",2,32872817,99.96
"36015","institutionalize",2,32872819,99.96
"36016","insubstantiality",2,32872821,99.96
"36017","insulator",2,32872823,99.96
"36018","insurmountably",2,32872825,99.96
"36019","intellection",2,32872827,99.96
"36020","intellectuality",2,32872829,99.96
"36021","intemperance",2,32872831,99.96
"36022","intendant",2,32872833,99.96
"36023","interchangeability",2,32872835,99.96
"36024","interdenominational",2,32872837,99.96
"36025","interferer",2,32872839,99.96
"36026","interglacial",2,32872841,99.96
"36027","interlinear",2,32872843,99.96
"36028","interlink",2,32872845,99.96
"36029","intermingle",2,32872847,99.96
"36030","intermountain",2,32872849,99.96
"36031","internationalization",2,32872851,99.96
"36032","interpenetration",2,32872853,99.96
"36033","interphone",2,32872855,99.96
"36034","interpolate",2,32872857,99.96
"36035","interpose",2,32872859,99.96
"36036","interpretational",2,32872861,99.96
"36037","interrogatively",2,32872863,99.96
"36038","intersubjective",2,32872865,99.96
"36039","intimidator",2,32872867,99.96
"36040","intoxicant",2,32872869,99.96
"36041","intracranial",2,32872871,99.96
"36042","intractability",2,32872873,99.96
"36043","intractably",2,32872875,99.96
"36044","intramuscularly",2,32872877,99.96
"36045","intraocular",2,32872879,99.96
"36046","intraperitoneal",2,32872881,99.96
"36047","intraspinal",2,32872883,99.96
"36048","introgression",2,32872885,99.96
"36049","introvertive",2,32872887,99.96
"36050","inure",2,32872889,99.96
"36051","inveigh",2,32872891,99.96
"36052","inversed",2,32872893,99.96
"36053","investiture",2,32872895,99.96
"36054","invigoratingly",2,32872897,99.96
"36055","invigorator",2,32872899,99.96
"36056","inviter",2,32872901,99.96
"36057","invoker",2,32872903,99.96
"36058","involution",2,32872905,99.96
"36059","inwardness",2,32872907,99.96
"36060","iolite",2,32872909,99.96
"36061","ionizer",2,32872911,99.96
"36062","ironwood",2,32872913,99.96
"36063","ironworker",2,32872915,99.96
"36064","irreligion",2,32872917,99.96
"36065","irreproachable",2,32872919,99.96
"36066","irreproachably",2,32872921,99.96
"36067","irreproducible",2,32872923,99.96
"36068","irresolvable",2,32872925,99.96
"36069","irritably",2,32872927,99.96
"36070","isobutyraldehyde",2,32872929,99.96
"36071","isophenomenal",2,32872931,99.96
"36072","isthmus",2,32872933,99.96
"36073","italicize",2,32872935,99.96
"36074","iter",2,32872937,99.96
"36075","ivied",2,32872939,99.96
"36076","jacare",2,32872941,99.96
"36077","jackassery",2,32872943,99.96
"36078","jackdaw",2,32872945,99.96
"36079","jacker",2,32872947,99.96
"36080","jailbird",2,32872949,99.96
"36081","jalouse",2,32872951,99.96
"36082","jape",2,32872953,99.96
"36083","japery",2,32872955,99.96
"36084","jete",2,32872957,99.96
"36085","jibber",2,32872959,99.96
"36086","jirga",2,32872961,99.96
"36087","jocko",2,32872963,99.96
"36088","jodhpurs",2,32872965,99.96
"36089","joinder",2,32872967,99.96
"36090","jollier",2,32872969,99.96
"36091","jonquil",2,32872971,99.96
"36092","jours",2,32872973,99.96
"36093","joviality",2,32872975,99.96
"36094","joylessness",2,32872977,99.96
"36095","joyousness",2,32872979,99.96
"36096","jumbly",2,32872981,99.96
"36097","justiciable",2,32872983,99.96
"36098","justiciary",2,32872985,99.96
"36099","justificatory",2,32872987,99.96
"36100","kalian",2,32872989,99.96
"36101","kalon",2,32872991,99.96
"36102","kamala",2,32872993,99.96
"36103","kanae",2,32872995,99.96
"36104","karch",2,32872997,99.96
"36105","karri",2,32872999,99.96
"36106","karyotype",2,32873001,99.96
"36107","kasbah",2,32873003,99.96
"36108","kauri",2,32873005,99.96
"36109","kazi",2,32873007,99.96
"36110","keach",2,32873009,99.96
"36111","keet",2,32873011,99.96
"36112","keita",2,32873013,99.96
"36113","kelpie",2,32873015,99.96
"36114","kempt",2,32873017,99.96
"36115","kenoticism",2,32873019,99.96
"36116","keralite",2,32873021,99.96
"36117","kerseymere",2,32873023,99.96
"36118","keto",2,32873025,99.96
"36119","khanate",2,32873027,99.96
"36120","khatib",2,32873029,99.96
"36121","khir",2,32873031,99.96
"36122","kiddish",2,32873033,99.96
"36123","kiddush",2,32873035,99.96
"36124","kidhood",2,32873037,99.96
"36125","killifish",2,32873039,99.96
"36126","kina",2,32873041,99.96
"36127","kinase",2,32873043,99.96
"36128","kinch",2,32873045,99.96
"36129","kindliness",2,32873047,99.96
"36130","kingfish",2,32873049,99.96
"36131","kinkiness",2,32873051,99.96
"36132","kirn",2,32873053,99.96
"36133","kist",2,32873055,99.96
"36134","kittenish",2,32873057,99.96
"36135","klaxon",2,32873059,99.96
"36136","kleptomania",2,32873061,99.96
"36137","kleptomaniac",2,32873063,99.96
"36138","klip",2,32873065,99.96
"36139","klop",2,32873067,99.96
"36140","kneeler",2,32873069,99.96
"36141","knickknack",2,32873071,99.96
"36142","knoller",2,32873073,99.96
"36143","knowingness",2,32873075,99.96
"36144","kokum",2,32873077,99.96
"36145","kolinsky",2,32873079,99.96
"36146","koller",2,32873081,99.96
"36147","kolo",2,32873083,99.96
"36148","kora",2,32873085,99.96
"36149","kori",2,32873087,99.96
"36150","kowtow",2,32873089,99.96
"36151","krosa",2,32873091,99.96
"36152","kukri",2,32873093,99.96
"36153","kukui",2,32873095,99.96
"36154","kulm",2,32873097,99.96
"36155","kurgan",2,32873099,99.96
"36156","kurus",2,32873101,99.96
"36157","kyl",2,32873103,99.96
"36158","labarum",2,32873105,99.96
"36159","labba",2,32873107,99.96
"36160","labeler",2,32873109,99.96
"36161","labile",2,32873111,99.96
"36162","labis",2,32873113,99.96
"36163","labrusca",2,32873115,99.96
"36164","lacemaking",2,32873117,99.96
"36165","lacer",2,32873119,99.96
"36166","lacerated",2,32873121,99.96
"36167","lactobacilli",2,32873123,99.96
"36168","ladyfinger",2,32873125,99.96
"36169","laggard",2,32873127,99.96
"36170","lagniappe",2,32873129,99.96
"36171","lambie",2,32873131,99.96
"36172","lamplit",2,32873133,99.96
"36173","landside",2,32873135,99.96
"36174","landward",2,32873137,99.96
"36175","languor",2,32873139,99.96
"36176","languorously",2,32873141,99.96
"36177","lanner",2,32873143,99.96
"36178","lanson",2,32873145,99.96
"36179","lant",2,32873147,99.96
"36180","laparoscopy",2,32873149,99.96
"36181","lapwing",2,32873151,99.96
"36182","lardon",2,32873153,99.96
"36183","laryngoscope",2,32873155,99.96
"36184","lasciviously",2,32873157,99.96
"36185","lated",2,32873159,99.96
"36186","lateen",2,32873161,99.96
"36187","laterite",2,32873163,99.96
"36188","latticed",2,32873165,99.96
"36189","launderer",2,32873167,99.96
"36190","lawbreaking",2,32873169,99.96
"36191","leadout",2,32873171,99.96
"36192","leapfrogging",2,32873173,99.96
"36193","leasehold",2,32873175,99.96
"36194","leaseholder",2,32873177,99.96
"36195","leatherwood",2,32873179,99.96
"36196","leftish",2,32873181,99.96
"36197","leftmost",2,32873183,99.96
"36198","leftwards",2,32873185,99.96
"36199","legator",2,32873187,99.96
"36200","legionary",2,32873189,99.96
"36201","lehrman",2,32873191,99.96
"36202","leisured",2,32873193,99.96
"36203","lengthily",2,32873195,99.96
"36204","leniently",2,32873197,99.96
"36205","lensed",2,32873199,99.96
"36206","lenticular",2,32873201,99.96
"36207","leonine",2,32873203,99.96
"36208","letch",2,32873205,99.96
"36209","lete",2,32873207,99.96
"36210","lethargically",2,32873209,99.96
"36211","leucine",2,32873211,99.96
"36212","leuk",2,32873213,99.96
"36213","libertinage",2,32873215,99.96
"36214","libidinal",2,32873217,99.96
"36215","libretti",2,32873219,99.96
"36216","lierre",2,32873221,99.96
"36217","lifework",2,32873223,99.96
"36218","lightheadedness",2,32873225,99.96
"36219","lightish",2,32873227,99.96
"36220","lightman",2,32873229,99.96
"36221","ligne",2,32873231,99.96
"36222","lignin",2,32873233,99.96
"36223","limbless",2,32873235,99.96
"36224","limewater",2,32873237,99.96
"36225","liming",2,32873239,99.96
"36226","limonene",2,32873241,99.96
"36227","limpy",2,32873243,99.96
"36228","lindane",2,32873245,99.96
"36229","lineaged",2,32873247,99.96
"36230","lineament",2,32873249,99.96
"36231","linguistical",2,32873251,99.96
"36232","linie",2,32873253,99.96
"36233","linotype",2,32873255,99.96
"36234","lintern",2,32873257,99.96
"36235","linty",2,32873259,99.96
"36236","lipa",2,32873261,99.96
"36237","lipoma",2,32873263,99.96
"36238","liquefy",2,32873265,99.96
"36239","liquidize",2,32873267,99.96
"36240","listlessness",2,32873269,99.96
"36241","literalness",2,32873271,99.96
"36242","litheness",2,32873273,99.96
"36243","lithesome",2,32873275,99.96
"36244","lithograph",2,32873277,99.96
"36245","lithographer",2,32873279,99.96
"36246","littoral",2,32873281,99.96
"36247","liturgist",2,32873283,99.96
"36248","locomote",2,32873285,99.96
"36249","locution",2,32873287,99.96
"36250","lodgepole",2,32873289,99.96
"36251","loka",2,32873291,99.96
"36252","lollop",2,32873293,99.96
"36253","longa",2,32873295,99.96
"36254","longlegs",2,32873297,99.96
"36255","longshoreman",2,32873299,99.96
"36256","longways",2,32873301,99.96
"36257","lorn",2,32873303,99.96
"36258","lors",2,32873305,99.96
"36259","losel",2,32873307,99.96
"36260","lota",2,32873309,99.96
"36261","lovability",2,32873311,99.96
"36262","lovelessness",2,32873313,99.96
"36263","lowery",2,32873315,99.96
"36264","lowish",2,32873317,99.96
"36265","lowlander",2,32873319,99.96
"36266","lucida",2,32873321,99.96
"36267","luckie",2,32873323,99.96
"36268","lugger",2,32873325,99.96
"36269","lukewarmness",2,32873327,99.96
"36270","lumbago",2,32873329,99.96
"36271","luminaire",2,32873331,99.96
"36272","luminously",2,32873333,99.96
"36273","lumpiness",2,32873335,99.96
"36274","lumpkin",2,32873337,99.96
"36275","lunn",2,32873339,99.96
"36276","luridly",2,32873341,99.96
"36277","lusher",2,32873343,99.96
"36278","lusk",2,32873345,99.96
"36279","lut",2,32873347,99.96
"36280","luxuriantly",2,32873349,99.96
"36281","lymphoblastic",2,32873351,99.96
"36282","maam",2,32873353,99.96
"36283","maceration",2,32873355,99.96
"36284","machi",2,32873357,99.96
"36285","machicolation",2,32873359,99.96
"36286","macrocosmic",2,32873361,99.96
"36287","mado",2,32873363,99.96
"36288","maenad",2,32873365,99.96
"36289","maestri",2,32873367,99.96
"36290","maggoty",2,32873369,99.96
"36291","mahar",2,32873371,99.96
"36292","maidservant",2,32873373,99.96
"36293","mainsail",2,32873375,99.96
"36294","malacia",2,32873377,99.96
"36295","maladjustment",2,32873379,99.96
"36296","malar",2,32873381,99.96
"36297","maleate",2,32873383,99.96
"36298","maleficence",2,32873385,99.96
"36299","malinger",2,32873387,99.96
"36300","malvasia",2,32873389,99.96
"36301","manakin",2,32873391,99.96
"36302","mandola",2,32873393,99.96
"36303","maned",2,32873395,99.96
"36304","manipulable",2,32873397,99.96
"36305","manlike",2,32873399,99.96
"36306","mannering",2,32873401,99.96
"36307","mannie",2,32873403,99.96
"36308","manometer",2,32873405,99.96
"36309","manso",2,32873407,99.96
"36310","manyfold",2,32873409,99.96
"36311","manzanilla",2,32873411,99.96
"36312","maraca",2,32873413,99.96
"36313","maranatha",2,32873415,99.96
"36314","marbly",2,32873417,99.96
"36315","marcasite",2,32873419,99.96
"36316","marginality",2,32873421,99.96
"36317","marly",2,32873423,99.96
"36318","marmoset",2,32873425,99.96
"36319","marquetry",2,32873427,99.96
"36320","marree",2,32873429,99.96
"36321","marrowfat",2,32873431,99.96
"36322","mashie",2,32873433,99.96
"36323","massy",2,32873435,99.96
"36324","masted",2,32873437,99.96
"36325","masticate",2,32873439,99.96
"36326","mastication",2,32873441,99.96
"36327","masu",2,32873443,99.96
"36328","matara",2,32873445,99.96
"36329","mateship",2,32873447,99.96
"36330","matrimonially",2,32873449,99.96
"36331","mattock",2,32873451,99.96
"36332","maturate",2,32873453,99.96
"36333","mavrodaphne",2,32873455,99.96
"36334","mayhap",2,32873457,99.96
"36335","meadowsweet",2,32873459,99.96
"36336","meatiness",2,32873461,99.96
"36337","medicament",2,32873463,99.96
"36338","medico",2,32873465,99.96
"36339","medievalist",2,32873467,99.96
"36340","medio",2,32873469,99.96
"36341","medlar",2,32873471,99.96
"36342","meese",2,32873473,99.96
"36343","meetinghouse",2,32873475,99.96
"36344","megacolon",2,32873477,99.96
"36345","megalopolis",2,32873479,99.96
"36346","melder",2,32873481,99.96
"36347","mellowness",2,32873483,99.96
"36348","melodically",2,32873485,99.96
"36349","membranous",2,32873487,99.96
"36350","memoria",2,32873489,99.96
"36351","mendicant",2,32873491,99.96
"36352","mercilessness",2,32873493,99.96
"36353","meritless",2,32873495,99.96
"36354","merl",2,32873497,99.96
"36355","merrow",2,32873499,99.96
"36356","merrymeeting",2,32873501,99.96
"36357","mesmerist",2,32873503,99.96
"36358","messieurs",2,32873505,99.96
"36359","metalwork",2,32873507,99.96
"36360","metaphysic",2,32873509,99.96
"36361","metastasize",2,32873511,99.96
"36362","metastatic",2,32873513,99.96
"36363","methylation",2,32873515,99.96
"36364","meticulousness",2,32873517,99.96
"36365","metropolite",2,32873519,99.96
"36366","mezuzah",2,32873521,99.96
"36367","microbiological",2,32873523,99.96
"36368","microevolution",2,32873525,99.96
"36369","midsentence",2,32873527,99.96
"36370","mignonne",2,32873529,99.96
"36371","milfoil",2,32873531,99.96
"36372","militiaman",2,32873533,99.96
"36373","milkiness",2,32873535,99.96
"36374","milksop",2,32873537,99.96
"36375","millage",2,32873539,99.96
"36376","millefiori",2,32873541,99.96
"36377","millwork",2,32873543,99.96
"36378","mimetic",2,32873545,99.96
"36379","mincer",2,32873547,99.96
"36380","minot",2,32873549,99.96
"36381","minuteman",2,32873551,99.96
"36382","mirthful",2,32873553,99.96
"36383","mirthless",2,32873555,99.96
"36384","misandry",2,32873557,99.96
"36385","mischance",2,32873559,99.96
"36386","miscibility",2,32873561,99.96
"36387","miscommunicate",2,32873563,99.96
"36388","miscue",2,32873565,99.96
"36389","misguide",2,32873567,99.96
"36390","misidentification",2,32873569,99.96
"36391","mislabel",2,32873571,99.96
"36392","mismanage",2,32873573,99.96
"36393","misperceive",2,32873575,99.96
"36394","misquotation",2,32873577,99.96
"36395","misremember",2,32873579,99.96
"36396","mistranslation",2,32873581,99.96
"36397","mitis",2,32873583,99.96
"36398","mitosis",2,32873585,99.96
"36399","mittened",2,32873587,99.96
"36400","mnemonics",2,32873589,99.96
"36401","mobocracy",2,32873591,99.96
"36402","modeler",2,32873593,99.96
"36403","modifiable",2,32873595,99.96
"36404","mohel",2,32873597,99.96
"36405","moire",2,32873599,99.96
"36406","moistly",2,32873601,99.96
"36407","moisty",2,32873603,99.96
"36408","mollusk",2,32873605,99.96
"36409","mollycoddling",2,32873607,99.96
"36410","momently",2,32873609,99.96
"36411","mone",2,32873611,99.96
"36412","moneybags",2,32873613,99.96
"36413","monism",2,32873615,99.96
"36414","monitory",2,32873617,99.96
"36415","monkshood",2,32873619,99.96
"36416","monoamine",2,32873621,99.96
"36417","monocular",2,32873623,99.96
"36418","monopole",2,32873625,99.96
"36419","monopolist",2,32873627,99.96
"36420","moodily",2,32873629,99.96
"36421","moonglow",2,32873631,99.96
"36422","moonlighted",2,32873633,99.96
"36423","moonwort",2,32873635,99.96
"36424","moosewood",2,32873637,99.96
"36425","moppet",2,32873639,99.96
"36426","moppy",2,32873641,99.96
"36427","mopsy",2,32873643,99.96
"36428","moralize",2,32873645,99.96
"36429","morg",2,32873647,99.96
"36430","morphogenic",2,32873649,99.96
"36431","mortgagee",2,32873651,99.96
"36432","mossberry",2,32873653,99.96
"36433","motionlessly",2,32873655,99.96
"36434","motiveless",2,32873657,99.96
"36435","motorman",2,32873659,99.96
"36436","mottling",2,32873661,99.96
"36437","mouche",2,32873663,99.96
"36438","moy",2,32873665,99.96
"36439","muang",2,32873667,99.96
"36440","mucin",2,32873669,99.96
"36441","muddiness",2,32873671,99.96
"36442","mudhole",2,32873673,99.96
"36443","mugginess",2,32873675,99.96
"36444","mukluk",2,32873677,99.96
"36445","mulaprakriti",2,32873679,99.96
"36446","multicourse",2,32873681,99.96
"36447","multipolar",2,32873683,99.96
"36448","multisyllabic",2,32873685,99.96
"36449","multitudinous",2,32873687,99.96
"36450","mummification",2,32873689,99.96
"36451","mundanely",2,32873691,99.96
"36452","mundaneness",2,32873693,99.96
"36453","mundanity",2,32873695,99.96
"36454","munificent",2,32873697,99.96
"36455","munshi",2,32873699,99.96
"36456","murderess",2,32873701,99.96
"36457","murk",2,32873703,99.96
"36458","muscatel",2,32873705,99.96
"36459","muscly",2,32873707,99.96
"36460","muscularity",2,32873709,99.96
"36461","mutagenic",2,32873711,99.96
"36462","mutch",2,32873713,99.96
"36463","muteness",2,32873715,99.96
"36464","muzzler",2,32873717,99.96
"36465","mycologist",2,32873719,99.96
"36466","myelitis",2,32873721,99.96
"36467","myoclonic",2,32873723,99.96
"36468","mystagogy",2,32873725,99.96
"36469","mystifyingly",2,32873727,99.96
"36470","mythmaking",2,32873729,99.96
"36471","mythologist",2,32873731,99.96
"36472","mythopoeic",2,32873733,99.96
"36473","nabs",2,32873735,99.96
"36474","nako",2,32873737,99.96
"36475","namaqua",2,32873739,99.96
"36476","nane",2,32873741,99.96
"36477","nant",2,32873743,99.96
"36478","napless",2,32873745,99.96
"36479","narthex",2,32873747,99.96
"36480","nasopharyngeal",2,32873749,99.96
"36481","nativism",2,32873751,99.96
"36482","natterjack",2,32873753,99.96
"36483","nattily",2,32873755,99.96
"36484","naturalize",2,32873757,99.96
"36485","naturalizer",2,32873759,99.96
"36486","navvy",2,32873761,99.96
"36487","neaten",2,32873763,99.96
"36488","neckerchief",2,32873765,99.96
"36489","necromantic",2,32873767,99.96
"36490","necropsy",2,32873769,99.96
"36491","needlewoman",2,32873771,99.96
"36492","needly",2,32873773,99.96
"36493","neer",2,32873775,99.96
"36494","neet",2,32873777,99.96
"36495","negativeness",2,32873779,99.96
"36496","negativistic",2,32873781,99.96
"36497","negatory",2,32873783,99.96
"36498","negatron",2,32873785,99.96
"36499","neopaganism",2,32873787,99.96
"36500","neoprene",2,32873789,99.96
"36501","nepenthe",2,32873791,99.96
"36502","nephrology",2,32873793,99.96
"36503","nepotist",2,32873795,99.96
"36504","nerveless",2,32873797,99.96
"36505","netter",2,32873799,99.96
"36506","neurasthenic",2,32873801,99.96
"36507","neuropathic",2,32873803,99.96
"36508","neuropsychological",2,32873805,99.96
"36509","neuropsychologist",2,32873807,99.96
"36510","neuropsychology",2,32873809,99.96
"36511","neurotically",2,32873811,99.96
"36512","neurotoxic",2,32873813,99.96
"36513","neutralizer",2,32873815,99.96
"36514","newel",2,32873817,99.96
"36515","newspaperman",2,32873819,99.96
"36516","ngai",2,32873821,99.96
"36517","nicety",2,32873823,99.96
"36518","nid",2,32873825,99.96
"36519","nidus",2,32873827,99.96
"36520","nightmarishly",2,32873829,99.96
"36521","nightwalker",2,32873831,99.96
"36522","nimshi",2,32873833,99.96
"36523","ninebark",2,32873835,99.96
"36524","niton",2,32873837,99.96
"36525","nixie",2,32873839,99.96
"36526","nogal",2,32873841,99.96
"36527","noisemaker",2,32873843,99.96
"36528","noll",2,32873845,99.96
"36529","nomos",2,32873847,99.96
"36530","nonblack",2,32873849,99.96
"36531","nonconforming",2,32873851,99.96
"36532","nondefense",2,32873853,99.96
"36533","nondisclosure",2,32873855,99.96
"36534","nondiscrimination",2,32873857,99.96
"36535","nonentity",2,32873859,99.96
"36536","nonessential",2,32873861,99.96
"36537","nonexclusive",2,32873863,99.96
"36538","nonfictional",2,32873865,99.96
"36539","nonintellectual",2,32873867,99.96
"36540","nonintervention",2,32873869,99.96
"36541","nonjudicial",2,32873871,99.96
"36542","nonmarital",2,32873873,99.96
"36543","nonnative",2,32873875,99.96
"36544","nonnegotiable",2,32873877,99.96
"36545","nonperforming",2,32873879,99.96
"36546","nonpolitical",2,32873881,99.96
"36547","nonproductive",2,32873883,99.96
"36548","nonprofessional",2,32873885,99.96
"36549","nonrepresentational",2,32873887,99.96
"36550","nonresidential",2,32873889,99.96
"36551","nonscientific",2,32873891,99.96
"36552","nonvolatile",2,32873893,99.96
"36553","nonya",2,32873895,99.96
"36554","nosepiece",2,32873897,99.96
"36555","notability",2,32873899,99.96
"36556","numberous",2,32873901,99.96
"36557","numen",2,32873903,99.96
"36558","nursemaid",2,32873905,99.96
"36559","nurser",2,32873907,99.96
"36560","nurseryman",2,32873909,99.96
"36561","nursling",2,32873911,99.96
"36562","nutriment",2,32873913,99.96
"36563","nutted",2,32873915,99.96
"36564","nymphomania",2,32873917,99.96
"36565","nymphomaniacal",2,32873919,99.96
"36566","oarsman",2,32873921,99.96
"36567","obbligato",2,32873923,99.96
"36568","oblateness",2,32873925,99.96
"36569","obliquity",2,32873927,99.96
"36570","oboist",2,32873929,99.96
"36571","obsolescent",2,32873931,99.96
"36572","occident",2,32873933,99.96
"36573","ocotillo",2,32873935,99.96
"36574","oculary",2,32873937,99.96
"36575","odalisque",2,32873939,99.96
"36576","odic",2,32873941,99.96
"36577","odoriferous",2,32873943,99.96
"36578","odorous",2,32873945,99.96
"36579","oenology",2,32873947,99.96
"36580","offertory",2,32873949,99.96
"36581","offhandedly",2,32873951,99.96
"36582","ofter",2,32873953,99.96
"36583","ogee",2,32873955,99.96
"36584","oiler",2,32873957,99.96
"36585","oleo",2,32873959,99.96
"36586","oligopoly",2,32873961,99.96
"36587","oloroso",2,32873963,99.96
"36588","omphalos",2,32873965,99.96
"36589","ontogenesis",2,32873967,99.96
"36590","opinionate",2,32873969,99.96
"36591","oppositely",2,32873971,99.96
"36592","optime",2,32873973,99.96
"36593","orach",2,32873975,99.96
"36594","orality",2,32873977,99.96
"36595","orangeade",2,32873979,99.96
"36596","orbicularis",2,32873981,99.96
"36597","ordure",2,32873983,99.96
"36598","organelle",2,32873985,99.96
"36599","organismic",2,32873987,99.96
"36600","organizationally",2,32873989,99.96
"36601","orison",2,32873991,99.96
"36602","ornithological",2,32873993,99.96
"36603","orphange",2,32873995,99.96
"36604","orrery",2,32873997,99.96
"36605","orthodontia",2,32873999,99.96
"36606","orthopraxy",2,32874001,99.96
"36607","ory",2,32874003,99.96
"36608","osier",2,32874005,99.96
"36609","ossification",2,32874007,99.96
"36610","ostracization",2,32874009,99.96
"36611","ostracod",2,32874011,99.96
"36612","outbreeding",2,32874013,99.96
"36613","outcaste",2,32874015,99.96
"36614","outfall",2,32874017,99.96
"36615","outfitter",2,32874019,99.96
"36616","outfront",2,32874021,99.96
"36617","outgo",2,32874023,99.96
"36618","outmost",2,32874025,99.96
"36619","outplay",2,32874027,99.96
"36620","outpour",2,32874029,99.96
"36621","outrageousness",2,32874031,99.96
"36622","outshout",2,32874033,99.96
"36623","outskirt",2,32874035,99.96
"36624","outwork",2,32874037,99.96
"36625","outworn",2,32874039,99.96
"36626","outwrestle",2,32874041,99.96
"36627","ovate",2,32874043,99.96
"36628","overbook",2,32874045,99.96
"36629","overby",2,32874047,99.96
"36630","overcautious",2,32874049,99.96
"36631","overcharge",2,32874051,99.96
"36632","overcompensate",2,32874053,99.96
"36633","overconsumption",2,32874055,99.96
"36634","overdress",2,32874057,99.96
"36635","overfeed",2,32874059,99.96
"36636","overfill",2,32874061,99.96
"36637","overlain",2,32874063,99.96
"36638","overlock",2,32874065,99.96
"36639","overpopulate",2,32874067,99.96
"36640","overprice",2,32874069,99.96
"36641","overproduction",2,32874071,99.96
"36642","overproof",2,32874073,99.96
"36643","oversalt",2,32874075,99.96
"36644","oversaturate",2,32874077,99.96
"36645","oversell",2,32874079,99.96
"36646","overskirt",2,32874081,99.96
"36647","overspill",2,32874083,99.96
"36648","overwatch",2,32874085,99.96
"36649","overwinter",2,32874087,99.96
"36650","overworn",2,32874089,99.96
"36651","overwrite",2,32874091,99.96
"36652","ovine",2,32874093,99.96
"36653","ovoid",2,32874095,99.96
"36654","owly",2,32874097,99.96
"36655","oxalic",2,32874099,99.96
"36656","pabulum",2,32874101,99.96
"36657","paca",2,32874103,99.96
"36658","pacifistic",2,32874105,99.96
"36659","packable",2,32874107,99.96
"36660","padmasana",2,32874109,99.96
"36661","paeon",2,32874111,99.96
"36662","paillette",2,32874113,99.96
"36663","paining",2,32874115,99.96
"36664","paisa",2,32874117,99.96
"36665","pajamaed",2,32874119,99.96
"36666","palanquin",2,32874121,99.96
"36667","palas",2,32874123,99.96
"36668","palely",2,32874125,99.96
"36669","paleoanthropologist",2,32874127,99.96
"36670","palet",2,32874129,99.96
"36671","palmyra",2,32874131,99.96
"36672","panax",2,32874133,99.96
"36673","pandiculation",2,32874135,99.96
"36674","pandy",2,32874137,99.96
"36675","panegyric",2,32874139,99.96
"36676","panentheism",2,32874141,99.96
"36677","panglima",2,32874143,99.96
"36678","pangolin",2,32874145,99.96
"36679","panhandler",2,32874147,99.96
"36680","pank",2,32874149,99.96
"36681","pannage",2,32874151,99.96
"36682","panner",2,32874153,99.96
"36683","pansexual",2,32874155,99.96
"36684","pantalon",2,32874157,99.96
"36685","pantograph",2,32874159,99.96
"36686","pantywaist",2,32874161,99.96
"36687","papermaking",2,32874163,99.96
"36688","paquet",2,32874165,99.96
"36689","paradigmatically",2,32874167,99.96
"36690","paramo",2,32874169,99.96
"36691","parch",2,32874171,99.96
"36692","parcheesi",2,32874173,99.96
"36693","parching",2,32874175,99.96
"36694","pardesi",2,32874177,99.96
"36695","pardonable",2,32874179,99.96
"36696","parel",2,32874181,99.96
"36697","parella",2,32874183,99.96
"36698","paresis",2,32874185,99.96
"36699","parilla",2,32874187,99.96
"36700","parlous",2,32874189,99.96
"36701","parodic",2,32874191,99.96
"36702","parquetry",2,32874193,99.96
"36703","parsimoniously",2,32874195,99.96
"36704","participator",2,32874197,99.96
"36705","parturient",2,32874199,99.96
"36706","passably",2,32874201,99.96
"36707","passional",2,32874203,99.96
"36708","passionless",2,32874205,99.96
"36709","paster",2,32874207,99.96
"36710","pasteurizer",2,32874209,99.96
"36711","pastoralism",2,32874211,99.96
"36712","patheticness",2,32874213,99.96
"36713","pathless",2,32874215,99.96
"36714","pato",2,32874217,99.96
"36715","patrilineal",2,32874219,99.96
"36716","patronization",2,32874221,99.96
"36717","pattened",2,32874223,99.96
"36718","pauperism",2,32874225,99.96
"36719","pauperization",2,32874227,99.96
"36720","pavane",2,32874229,99.96
"36721","pawky",2,32874231,99.96
"36722","peacocky",2,32874233,99.96
"36723","peaker",2,32874235,99.96
"36724","pech",2,32874237,99.96
"36725","pederast",2,32874239,99.96
"36726","pederasty",2,32874241,99.96
"36727","pedlar",2,32874243,99.96
"36728","pejoratively",2,32874245,99.96
"36729","pelagian",2,32874247,99.96
"36730","pelf",2,32874249,99.96
"36731","pellitory",2,32874251,99.96
"36732","pellucid",2,32874253,99.96
"36733","pemmican",2,32874255,99.96
"36734","penciling",2,32874257,99.96
"36735","penner",2,32874259,99.96
"36736","pennyroyal",2,32874261,99.96
"36737","penta",2,32874263,99.96
"36738","pentimento",2,32874265,99.96
"36739","pentobarbital",2,32874267,99.96
"36740","pepino",2,32874269,99.96
"36741","peptic",2,32874271,99.96
"36742","percale",2,32874273,99.96
"36743","perceivable",2,32874275,99.96
"36744","percept",2,32874277,99.96
"36745","percuss",2,32874279,99.96
"36746","percutaneous",2,32874281,99.96
"36747","peregrination",2,32874283,99.96
"36748","perfectibility",2,32874285,99.96
"36749","perfectible",2,32874287,99.96
"36750","perfector",2,32874289,99.96
"36751","perfervid",2,32874291,99.96
"36752","perfunctorily",2,32874293,99.96
"36753","pericardium",2,32874295,99.96
"36754","perine",2,32874297,99.96
"36755","peristaltic",2,32874299,99.96
"36756","perlite",2,32874301,99.96
"36757","perpendicularly",2,32874303,99.96
"36758","persiflage",2,32874305,99.96
"36759","persistency",2,32874307,99.96
"36760","personalistic",2,32874309,99.96
"36761","persuasiveness",2,32874311,99.96
"36762","pertinacious",2,32874313,99.96
"36763","pertinently",2,32874315,99.96
"36764","perturbation",2,32874317,99.96
"36765","peterman",2,32874319,99.96
"36766","petrel",2,32874321,99.96
"36767","petrify",2,32874323,99.96
"36768","petuntse",2,32874325,99.96
"36769","phaeton",2,32874327,99.96
"36770","phalange",2,32874329,99.96
"36771","phantasmal",2,32874331,99.96
"36772","phantasmatic",2,32874333,99.96
"36773","pharmacologically",2,32874335,99.96
"36774","pharos",2,32874337,99.96
"36775","phenology",2,32874339,99.96
"36776","phenomenality",2,32874341,99.96
"36777","phenotypic",2,32874343,99.96
"36778","phial",2,32874345,99.96
"36779","philology",2,32874347,99.96
"36780","philtrum",2,32874349,99.96
"36781","phiz",2,32874351,99.96
"36782","phizog",2,32874353,99.96
"36783","phocine",2,32874355,99.96
"36784","phonetics",2,32874357,99.96
"36785","phonographic",2,32874359,99.96
"36786","phonology",2,32874361,99.96
"36787","phosphor",2,32874363,99.96
"36788","phosphorescence",2,32874365,99.96
"36789","phosphoric",2,32874367,99.96
"36790","phossy",2,32874369,99.96
"36791","phot",2,32874371,99.96
"36792","photoalbum",2,32874373,99.96
"36793","photosensitive",2,32874375,99.96
"36794","photosensitivity",2,32874377,99.96
"36795","photosynthetic",2,32874379,99.96
"36796","phylogeny",2,32874381,99.96
"36797","piaffe",2,32874383,99.96
"36798","pianissimo",2,32874385,99.96
"36799","picaroon",2,32874387,99.96
"36800","pictogram",2,32874389,99.96
"36801","pictograph",2,32874391,99.96
"36802","piebald",2,32874393,99.96
"36803","piecer",2,32874395,99.96
"36804","piecrust",2,32874397,99.96
"36805","pielet",2,32874399,99.96
"36806","pigheaded",2,32874401,99.96
"36807","pigman",2,32874403,99.96
"36808","pigpen",2,32874405,99.96
"36809","pigweed",2,32874407,99.96
"36810","pik",2,32874409,99.96
"36811","pikle",2,32874411,99.96
"36812","pilau",2,32874413,99.96
"36813","pileated",2,32874415,99.96
"36814","pillager",2,32874417,99.96
"36815","pillared",2,32874419,99.96
"36816","pillas",2,32874421,99.96
"36817","pimiento",2,32874423,99.96
"36818","pinacoteca",2,32874425,99.96
"36819","pinchbeck",2,32874427,99.96
"36820","pinetum",2,32874429,99.96
"36821","pinfall",2,32874431,99.96
"36822","pinnock",2,32874433,99.96
"36823","pinscher",2,32874435,99.96
"36824","pintail",2,32874437,99.96
"36825","pipi",2,32874439,99.96
"36826","piquet",2,32874441,99.96
"36827","pisay",2,32874443,99.96
"36828","pistil",2,32874445,99.96
"36829","pitaya",2,32874447,99.96
"36830","pitchable",2,32874449,99.96
"36831","pityingly",2,32874451,99.96
"36832","plaidy",2,32874453,99.96
"36833","plaint",2,32874455,99.96
"36834","plaintiveness",2,32874457,99.96
"36835","planchette",2,32874459,99.96
"36836","planta",2,32874461,99.96
"36837","plash",2,32874463,99.96
"36838","platted",2,32874465,99.96
"36839","platten",2,32874467,99.96
"36840","playfield",2,32874469,99.96
"36841","playlet",2,32874471,99.96
"36842","pleader",2,32874473,99.96
"36843","pleadingly",2,32874475,99.96
"36844","plebeian",2,32874477,99.96
"36845","plethysmograph",2,32874479,99.96
"36846","pleural",2,32874481,99.96
"36847","plodder",2,32874483,99.96
"36848","plowshare",2,32874485,99.96
"36849","plumpish",2,32874487,99.96
"36850","plurally",2,32874489,99.96
"36851","plutonian",2,32874491,99.96
"36852","pneumatics",2,32874493,99.96
"36853","pocketless",2,32874495,99.96
"36854","podgy",2,32874497,99.96
"36855","pointillist",2,32874499,99.96
"36856","polearm",2,32874501,99.96
"36857","polecat",2,32874503,99.96
"36858","polisher",2,32874505,99.96
"36859","pollywog",2,32874507,99.96
"36860","polyandry",2,32874509,99.96
"36861","polyantha",2,32874511,99.96
"36862","polycyclic",2,32874513,99.96
"36863","polycystic",2,32874515,99.96
"36864","polyglycerol",2,32874517,99.96
"36865","polymeric",2,32874519,99.96
"36866","polyphenol",2,32874521,99.96
"36867","polyvinyl",2,32874523,99.96
"36868","pombo",2,32874525,99.96
"36869","pomfret",2,32874527,99.96
"36870","poncelet",2,32874529,99.96
"36871","ponderance",2,32874531,99.96
"36872","ponderously",2,32874533,99.97
"36873","pondside",2,32874535,99.97
"36874","ponent",2,32874537,99.97
"36875","ponto",2,32874539,99.97
"36876","ponton",2,32874541,99.97
"36877","poorhouse",2,32874543,99.97
"36878","poorness",2,32874545,99.97
"36879","popularizer",2,32874547,99.97
"36880","porgy",2,32874549,99.97
"36881","porkpie",2,32874551,99.97
"36882","porphyry",2,32874553,99.97
"36883","portentousness",2,32874555,99.97
"36884","portress",2,32874557,99.97
"36885","poseur",2,32874559,99.97
"36886","positiveness",2,32874561,99.97
"36887","posteriors",2,32874563,99.97
"36888","postulation",2,32874565,99.97
"36889","potbellied",2,32874567,99.97
"36890","potch",2,32874569,99.97
"36891","pottage",2,32874571,99.97
"36892","pouched",2,32874573,99.97
"36893","pouchy",2,32874575,99.97
"36894","poundcake",2,32874577,99.97
"36895","poy",2,32874579,99.97
"36896","praetor",2,32874581,99.97
"36897","praetorian",2,32874583,99.97
"36898","prater",2,32874585,99.97
"36899","prattling",2,32874587,99.97
"36900","preadolescent",2,32874589,99.97
"36901","preapproval",2,32874591,99.97
"36902","precedential",2,32874593,99.97
"36903","preception",2,32874595,99.97
"36904","preconcert",2,32874597,99.97
"36905","preconference",2,32874599,99.97
"36906","precursory",2,32874601,99.97
"36907","predetermination",2,32874603,99.97
"36908","predetermine",2,32874605,99.97
"36909","prefectly",2,32874607,99.97
"36910","prefiguration",2,32874609,99.97
"36911","premiss",2,32874611,99.97
"36912","prenatally",2,32874613,99.97
"36913","prendre",2,32874615,99.97
"36914","preparator",2,32874617,99.97
"36915","prepay",2,32874619,99.97
"36916","preponderant",2,32874621,99.97
"36917","preprint",2,32874623,99.97
"36918","preregistration",2,32874625,99.97
"36919","preremove",2,32874627,99.97
"36920","presaging",2,32874629,99.97
"36921","prescriber",2,32874631,99.97
"36922","presentist",2,32874633,99.97
"36923","preservationist",2,32874635,99.97
"36924","presidence",2,32874637,99.97
"36925","presidio",2,32874639,99.97
"36926","pressman",2,32874641,99.97
"36927","pressurize",2,32874643,99.97
"36928","prestidigitation",2,32874645,99.97
"36929","pretreat",2,32874647,99.97
"36930","prevaricate",2,32874649,99.97
"36931","prevenient",2,32874651,99.97
"36932","prewash",2,32874653,99.97
"36933","priding",2,32874655,99.97
"36934","prig",2,32874657,99.97
"36935","primitively",2,32874659,99.97
"36936","primordially",2,32874661,99.97
"36937","princesse",2,32874663,99.97
"36938","priorly",2,32874665,99.97
"36939","privative",2,32874667,99.97
"36940","problematize",2,32874669,99.97
"36941","procurable",2,32874671,99.97
"36942","profanely",2,32874673,99.97
"36943","proficiently",2,32874675,99.97
"36944","profiter",2,32874677,99.97
"36945","progressiveness",2,32874679,99.97
"36946","progressivity",2,32874681,99.97
"36947","prolepsis",2,32874683,99.97
"36948","proleptic",2,32874685,99.97
"36949","prolix",2,32874687,99.97
"36950","prolongation",2,32874689,99.97
"36951","promotable",2,32874691,99.97
"36952","pronouncedly",2,32874693,99.97
"36953","prophethood",2,32874695,99.97
"36954","propound",2,32874697,99.97
"36955","proprietorial",2,32874699,99.97
"36956","proprioception",2,32874701,99.97
"36957","proprioceptive",2,32874703,99.97
"36958","proscriptive",2,32874705,99.97
"36959","prosodic",2,32874707,99.97
"36960","prosternum",2,32874709,99.97
"36961","protegee",2,32874711,99.97
"36962","prothonotary",2,32874713,99.97
"36963","provably",2,32874715,99.97
"36964","prover",2,32874717,99.97
"36965","provincially",2,32874719,99.97
"36966","prudishness",2,32874721,99.97
"36967","prurience",2,32874723,99.97
"36968","pruritus",2,32874725,99.97
"36969","psalmody",2,32874727,99.97
"36970","pseudoephedrine",2,32874729,99.97
"36971","pseudonymity",2,32874731,99.97
"36972","psychodynamic",2,32874733,99.97
"36973","psychogenic",2,32874735,99.97
"36974","psychographic",2,32874737,99.97
"36975","psychomotor",2,32874739,99.97
"36976","psychophysiology",2,32874741,99.97
"36977","psychotherapeutic",2,32874743,99.97
"36978","ptomaine",2,32874745,99.97
"36979","puckery",2,32874747,99.97
"36980","puddling",2,32874749,99.97
"36981","pudsey",2,32874751,99.97
"36982","puerility",2,32874753,99.97
"36983","puffball",2,32874755,99.97
"36984","puggy",2,32874757,99.97
"36985","puka",2,32874759,99.97
"36986","puker",2,32874761,99.97
"36987","puku",2,32874763,99.97
"36988","puler",2,32874765,99.97
"36989","pulsate",2,32874767,99.97
"36990","pulverize",2,32874769,99.97
"36991","punctate",2,32874771,99.97
"36992","punctuative",2,32874773,99.97
"36993","punkie",2,32874775,99.97
"36994","puntal",2,32874777,99.97
"36995","puppetmaster",2,32874779,99.97
"36996","purdah",2,32874781,99.97
"36997","purism",2,32874783,99.97
"36998","purposively",2,32874785,99.97
"36999","pusillanimous",2,32874787,99.97
"37000","puzzlingly",2,32874789,99.97
"37001","pyrethrin",2,32874791,99.97
"37002","pyrolysis",2,32874793,99.97
"37003","pyromancy",2,32874795,99.97
"37004","pyruvate",2,32874797,99.97
"37005","quadratus",2,32874799,99.97
"37006","quadricentennial",2,32874801,99.97
"37007","quadriga",2,32874803,99.97
"37008","quadruply",2,32874805,99.97
"37009","quaffer",2,32874807,99.97
"37010","quantitive",2,32874809,99.97
"37011","quarreled",2,32874811,99.97
"37012","queening",2,32874813,99.97
"37013","queensberry",2,32874815,99.97
"37014","queenship",2,32874817,99.97
"37015","queery",2,32874819,99.97
"37016","quei",2,32874821,99.97
"37017","quickstep",2,32874823,99.97
"37018","quidnunc",2,32874825,99.97
"37019","quiescent",2,32874827,99.97
"37020","quietism",2,32874829,99.97
"37021","quintain",2,32874831,99.97
"37022","quintillion",2,32874833,99.97
"37023","quippy",2,32874835,99.97
"37024","quoniam",2,32874837,99.97
"37025","quotability",2,32874839,99.97
"37026","rachitism",2,32874841,99.97
"37027","racketeer",2,32874843,99.97
"37028","rada",2,32874845,99.97
"37029","radiancy",2,32874847,99.97
"37030","radiative",2,32874849,99.97
"37031","radicality",2,32874851,99.97
"37032","radicalize",2,32874853,99.97
"37033","radiogram",2,32874855,99.97
"37034","radiometer",2,32874857,99.97
"37035","radome",2,32874859,99.97
"37036","ragamuffin",2,32874861,99.97
"37037","rageous",2,32874863,99.97
"37038","raggedly",2,32874865,99.97
"37039","ragging",2,32874867,99.97
"37040","raggle",2,32874869,99.97
"37041","ragingly",2,32874871,99.97
"37042","ragweed",2,32874873,99.97
"37043","ragwort",2,32874875,99.97
"37044","rainlessness",2,32874877,99.97
"37045","rajah",2,32874879,99.97
"37046","rakehell",2,32874881,99.97
"37047","rambutan",2,32874883,99.97
"37048","ramson",2,32874885,99.97
"37049","rancheria",2,32874887,99.97
"37050","ranchero",2,32874889,99.97
"37051","rancidification",2,32874891,99.97
"37052","randomize",2,32874893,99.97
"37053","rarebit",2,32874895,99.97
"37054","rascality",2,32874897,99.97
"37055","ratepayer",2,32874899,99.97
"37056","rater",2,32874901,99.97
"37057","ratiocination",2,32874903,99.97
"37058","ratline",2,32874905,99.97
"37059","rattail",2,32874907,99.97
"37060","raucously",2,32874909,99.97
"37061","ravelly",2,32874911,99.97
"37062","ravisher",2,32874913,99.97
"37063","ravishment",2,32874915,99.97
"37064","rawboned",2,32874917,99.97
"37065","reallocate",2,32874919,99.97
"37066","reamer",2,32874921,99.97
"37067","reappointment",2,32874923,99.97
"37068","reasoner",2,32874925,99.97
"37069","reassembly",2,32874927,99.97
"37070","reassertion",2,32874929,99.97
"37071","reassign",2,32874931,99.97
"37072","reattachment",2,32874933,99.97
"37073","reaver",2,32874935,99.97
"37074","reback",2,32874937,99.97
"37075","reboil",2,32874939,99.97
"37076","reburial",2,32874941,99.97
"37077","recalculate",2,32874943,99.97
"37078","recantation",2,32874945,99.97
"37079","recapitalize",2,32874947,99.97
"37080","reccy",2,32874949,99.97
"37081","receivables",2,32874951,99.97
"37082","recidivist",2,32874953,99.97
"37083","reciprocally",2,32874955,99.97
"37084","reclassification",2,32874957,99.97
"37085","recombination",2,32874959,99.97
"37086","reconnoitre",2,32874961,99.97
"37087","reconquest",2,32874963,99.97
"37088","recontact",2,32874965,99.97
"37089","recruitable",2,32874967,99.97
"37090","rectally",2,32874969,99.97
"37091","rectification",2,32874971,99.97
"37092","recurrently",2,32874973,99.97
"37093","recursion",2,32874975,99.97
"37094","recut",2,32874977,99.97
"37095","redactional",2,32874979,99.97
"37096","redbird",2,32874981,99.97
"37097","redecoration",2,32874983,99.97
"37098","redemptively",2,32874985,99.97
"37099","redfish",2,32874987,99.97
"37100","redound",2,32874989,99.97
"37101","redskin",2,32874991,99.97
"37102","redstart",2,32874993,99.97
"37103","reducibility",2,32874995,99.97
"37104","reductionistic",2,32874997,99.97
"37105","redundantly",2,32874999,99.97
"37106","reedmaking",2,32875001,99.97
"37107","reface",2,32875003,99.97
"37108","refashion",2,32875005,99.97
"37109","referentially",2,32875007,99.97
"37110","refind",2,32875009,99.97
"37111","refiner",2,32875011,99.97
"37112","reflectivity",2,32875013,99.97
"37113","reformulate",2,32875015,99.97
"37114","regalian",2,32875017,99.97
"37115","regenerator",2,32875019,99.97
"37116","reglementary",2,32875021,99.97
"37117","regroupment",2,32875023,99.97
"37118","regularize",2,32875025,99.97
"37119","reh",2,32875027,99.97
"37120","reinfection",2,32875029,99.97
"37121","reintegrate",2,32875031,99.97
"37122","relais",2,32875033,99.97
"37123","relapser",2,32875035,99.97
"37124","remanent",2,32875037,99.97
"37125","remelt",2,32875039,99.97
"37126","rememberer",2,32875041,99.97
"37127","remold",2,32875043,99.97
"37128","remonstrance",2,32875045,99.97
"37129","remontant",2,32875047,99.97
"37130","remorselessly",2,32875049,99.97
"37131","remunerative",2,32875051,99.97
"37132","renegotiations",2,32875053,99.97
"37133","rennin",2,32875055,99.97
"37134","reoccur",2,32875057,99.97
"37135","repace",2,32875059,99.97
"37136","repartition",2,32875061,99.97
"37137","repeatability",2,32875063,99.97
"37138","reprice",2,32875065,99.97
"37139","reproachfully",2,32875067,99.97
"37140","reprocess",2,32875069,99.97
"37141","reproductively",2,32875071,99.97
"37142","repugnancy",2,32875073,99.97
"37143","repulsively",2,32875075,99.97
"37144","rescission",2,32875077,99.97
"37145","resect",2,32875079,99.97
"37146","reselect",2,32875081,99.97
"37147","resemblant",2,32875083,99.97
"37148","residuum",2,32875085,99.97
"37149","resistive",2,32875087,99.97
"37150","resistless",2,32875089,99.97
"37151","respectfulness",2,32875091,99.97
"37152","responsorial",2,32875093,99.97
"37153","responsory",2,32875095,99.97
"37154","restatement",2,32875097,99.97
"37155","retaliative",2,32875099,99.97
"37156","reticle",2,32875101,99.97
"37157","reticulation",2,32875103,99.97
"37158","retin",2,32875105,99.97
"37159","retinol",2,32875107,99.97
"37160","retook",2,32875109,99.97
"37161","retouch",2,32875111,99.97
"37162","retour",2,32875113,99.97
"37163","retransmission",2,32875115,99.97
"37164","retransmit",2,32875117,99.97
"37165","retune",2,32875119,99.97
"37166","revealer",2,32875121,99.97
"37167","revegetation",2,32875123,99.97
"37168","revengefulness",2,32875125,99.97
"37169","reverso",2,32875127,99.97
"37170","reviewable",2,32875129,99.97
"37171","reviser",2,32875131,99.97
"37172","revocable",2,32875133,99.97
"37173","rewarm",2,32875135,99.97
"37174","rhe",2,32875137,99.97
"37175","rhein",2,32875139,99.97
"37176","rhetorician",2,32875141,99.97
"37177","rhinoplasty",2,32875143,99.97
"37178","rhizomatous",2,32875145,99.97
"37179","rho",2,32875147,99.97
"37180","rhomb",2,32875149,99.97
"37181","rhumba",2,32875151,99.97
"37182","rhymester",2,32875153,99.97
"37183","rhythmical",2,32875155,99.97
"37184","ridder",2,32875157,99.97
"37185","riffraff",2,32875159,99.97
"37186","rigamarole",2,32875161,99.97
"37187","righter",2,32875163,99.97
"37188","righto",2,32875165,99.97
"37189","rightward",2,32875167,99.97
"37190","rigidness",2,32875169,99.97
"37191","rimless",2,32875171,99.97
"37192","rincon",2,32875173,99.97
"37193","rine",2,32875175,99.97
"37194","ringle",2,32875177,99.97
"37195","ringy",2,32875179,99.97
"37196","rinka",2,32875181,99.97
"37197","rippon",2,32875183,99.97
"37198","riskiness",2,32875185,99.97
"37199","rist",2,32875187,99.97
"37200","rivulet",2,32875189,99.97
"37201","roader",2,32875191,99.97
"37202","roadworthy",2,32875193,99.97
"37203","roarer",2,32875195,99.97
"37204","rockaby",2,32875197,99.97
"37205","rockrose",2,32875199,99.97
"37206","romantical",2,32875201,99.97
"37207","romanticist",2,32875203,99.97
"37208","rooter",2,32875205,99.97
"37209","ropewalk",2,32875207,99.97
"37210","roquette",2,32875209,99.97
"37211","rosal",2,32875211,99.97
"37212","rotter",2,32875213,99.97
"37213","rotundity",2,32875215,99.97
"37214","roud",2,32875217,99.97
"37215","roughen",2,32875219,99.97
"37216","roughhouse",2,32875221,99.97
"37217","roughy",2,32875223,99.97
"37218","roundedness",2,32875225,99.97
"37219","roundhead",2,32875227,99.97
"37220","roundish",2,32875229,99.97
"37221","roundtop",2,32875231,99.97
"37222","rousingly",2,32875233,99.97
"37223","rousting",2,32875235,99.97
"37224","rowdily",2,32875237,99.97
"37225","rowdiness",2,32875239,99.97
"37226","rubbishing",2,32875241,99.97
"37227","rubbishy",2,32875243,99.97
"37228","ruckle",2,32875245,99.97
"37229","ruddied",2,32875247,99.97
"37230","ruffed",2,32875249,99.97
"37231","ruffin",2,32875251,99.97
"37232","ruggy",2,32875253,99.97
"37233","rumen",2,32875255,99.97
"37234","ruminant",2,32875257,99.97
"37235","rumple",2,32875259,99.97
"37236","runaround",2,32875261,99.97
"37237","rusticity",2,32875263,99.97
"37238","rutilated",2,32875265,99.97
"37239","rynd",2,32875267,99.97
"37240","saccharide",2,32875269,99.97
"37241","sacramentalist",2,32875271,99.97
"37242","sacramentary",2,32875273,99.97
"37243","sacramentum",2,32875275,99.97
"37244","sacristy",2,32875277,99.97
"37245","saecula",2,32875279,99.97
"37246","safelight",2,32875281,99.97
"37247","sagamore",2,32875283,99.97
"37248","saiga",2,32875285,99.97
"37249","salience",2,32875287,99.97
"37250","salivation",2,32875289,99.97
"37251","salpa",2,32875291,99.97
"37252","saltbush",2,32875293,99.97
"37253","saltish",2,32875295,99.97
"37254","saltpeter",2,32875297,99.97
"37255","saltus",2,32875299,99.97
"37256","saltwort",2,32875301,99.97
"37257","samhita",2,32875303,99.97
"37258","sanctimoniousness",2,32875305,99.97
"37259","sanctimony",2,32875307,99.97
"37260","saponification",2,32875309,99.97
"37261","sarcophagi",2,32875311,99.97
"37262","sarkar",2,32875313,99.97
"37263","sarod",2,32875315,99.97
"37264","sarrazin",2,32875317,99.97
"37265","sartor",2,32875319,99.97
"37266","sartorially",2,32875321,99.97
"37267","sartorius",2,32875323,99.97
"37268","satanically",2,32875325,99.97
"37269","satine",2,32875327,99.97
"37270","saumon",2,32875329,99.97
"37271","sauropod",2,32875331,99.97
"37272","sauternes",2,32875333,99.97
"37273","sawney",2,32875335,99.97
"37274","scabrous",2,32875337,99.97
"37275","scalloping",2,32875339,99.97
"37276","scambling",2,32875341,99.97
"37277","scandalization",2,32875343,99.97
"37278","scansion",2,32875345,99.97
"37279","scantly",2,32875347,99.97
"37280","scapegrace",2,32875349,99.97
"37281","scarify",2,32875351,99.97
"37282","scatterbrains",2,32875353,99.97
"37283","scattergood",2,32875355,99.97
"37284","scatty",2,32875357,99.97
"37285","scenary",2,32875359,99.97
"37286","scenography",2,32875361,99.97
"37287","schelly",2,32875363,99.97
"37288","schemata",2,32875365,99.97
"37289","schimmel",2,32875367,99.97
"37290","schist",2,32875369,99.97
"37291","schola",2,32875371,99.97
"37292","schuh",2,32875373,99.97
"37293","scientistic",2,32875375,99.97
"37294","scintillation",2,32875377,99.97
"37295","scler",2,32875379,99.97
"37296","scoriaceous",2,32875381,99.97
"37297","scramasax",2,32875383,99.97
"37298","scratchiness",2,32875385,99.97
"37299","scrawly",2,32875387,99.97
"37300","screenless",2,32875389,99.97
"37301","scribal",2,32875391,99.97
"37302","scritch",2,32875393,99.97
"37303","scriven",2,32875395,99.97
"37304","scrotal",2,32875397,99.97
"37305","scrumptiously",2,32875399,99.97
"37306","scrumptiousness",2,32875401,99.97
"37307","scrupulousness",2,32875403,99.97
"37308","sculpturing",2,32875405,99.97
"37309","scut",2,32875407,99.97
"37310","seafarer",2,32875409,99.97
"37311","seah",2,32875411,99.97
"37312","seance",2,32875413,99.97
"37313","seaplane",2,32875415,99.97
"37314","seasickness",2,32875417,99.97
"37315","seasonless",2,32875419,99.97
"37316","seck",2,32875421,99.97
"37317","secondment",2,32875423,99.97
"37318","secos",2,32875425,99.97
"37319","secretively",2,32875427,99.97
"37320","sedimentation",2,32875429,99.97
"37321","sego",2,32875431,99.97
"37322","seigneur",2,32875433,99.97
"37323","seignior",2,32875435,99.97
"37324","seismically",2,32875437,99.97
"37325","seismological",2,32875439,99.97
"37326","seldomly",2,32875441,99.97
"37327","selenite",2,32875443,99.97
"37328","sellar",2,32875445,99.97
"37329","selly",2,32875447,99.97
"37330","seme",2,32875449,99.97
"37331","semiannual",2,32875451,99.97
"37332","semiotic",2,32875453,99.97
"37333","sensitization",2,32875455,99.97
"37334","sensualize",2,32875457,99.97
"37335","sensuousness",2,32875459,99.97
"37336","sentimentally",2,32875461,99.97
"37337","separable",2,32875463,99.97
"37338","separator",2,32875465,99.97
"37339","seps",2,32875467,99.97
"37340","sepulchral",2,32875469,99.97
"37341","seraglio",2,32875471,99.97
"37342","seraphine",2,32875473,99.97
"37343","sericulture",2,32875475,99.97
"37344","sermo",2,32875477,99.97
"37345","sermonize",2,32875479,99.97
"37346","serried",2,32875481,99.97
"37347","serviceability",2,32875483,99.97
"37348","sess",2,32875485,99.97
"37349","sestet",2,32875487,99.97
"37350","sestina",2,32875489,99.97
"37351","sexto",2,32875491,99.97
"37352","sexualization",2,32875493,99.97
"37353","sey",2,32875495,99.97
"37354","sgraffito",2,32875497,99.97
"37355","shabbiness",2,32875499,99.97
"37356","shackling",2,32875501,99.97
"37357","shaitan",2,32875503,99.97
"37358","shamefacedly",2,32875505,99.97
"37359","shant",2,32875507,99.97
"37360","shantytown",2,32875509,99.97
"37361","shap",2,32875511,99.97
"37362","shaps",2,32875513,99.97
"37363","sheathe",2,32875515,99.97
"37364","shebeen",2,32875517,99.97
"37365","sheepy",2,32875519,99.97
"37366","sheering",2,32875521,99.97
"37367","shela",2,32875523,99.97
"37368","sheva",2,32875525,99.97
"37369","shieling",2,32875527,99.97
"37370","shinbone",2,32875529,99.97
"37371","shingly",2,32875531,99.97
"37372","shinner",2,32875533,99.97
"37373","shipload",2,32875535,99.97
"37374","shipmate",2,32875537,99.97
"37375","shippable",2,32875539,99.97
"37376","shirty",2,32875541,99.97
"37377","shiveringly",2,32875543,99.97
"37378","shockable",2,32875545,99.97
"37379","shoer",2,32875547,99.97
"37380","shoesmith",2,32875549,99.97
"37381","shopgirl",2,32875551,99.97
"37382","shou",2,32875553,99.97
"37383","shrimpy",2,32875555,99.97
"37384","shrinker",2,32875557,99.97
"37385","shroff",2,32875559,99.97
"37386","shuler",2,32875561,99.97
"37387","sibilance",2,32875563,99.97
"37388","sibship",2,32875565,99.97
"37389","sidesplitting",2,32875567,99.97
"37390","sidewinder",2,32875569,99.97
"37391","signally",2,32875571,99.97
"37392","silkwood",2,32875573,99.97
"37393","siltation",2,32875575,99.97
"37394","silty",2,32875577,99.97
"37395","silvertip",2,32875579,99.97
"37396","simmon",2,32875581,99.97
"37397","simnel",2,32875583,99.97
"37398","sinfonia",2,32875585,99.97
"37399","sinfonietta",2,32875587,99.97
"37400","singspiel",2,32875589,99.97
"37401","sinh",2,32875591,99.97
"37402","sinlessness",2,32875593,99.97
"37403","sinusoidal",2,32875595,99.97
"37404","sipe",2,32875597,99.97
"37405","sircar",2,32875599,99.97
"37406","siwash",2,32875601,99.97
"37407","sizar",2,32875603,99.97
"37408","skag",2,32875605,99.97
"37409","skat",2,32875607,99.97
"37410","skene",2,32875609,99.97
"37411","sketchily",2,32875611,99.97
"37412","skillfulness",2,32875613,99.97
"37413","skive",2,32875615,99.97
"37414","skyscraping",2,32875617,99.97
"37415","slacken",2,32875619,99.97
"37416","slackness",2,32875621,99.97
"37417","slainte",2,32875623,99.97
"37418","slaking",2,32875625,99.97
"37419","slane",2,32875627,99.97
"37420","slating",2,32875629,99.97
"37421","sleaziness",2,32875631,99.97
"37422","sledging",2,32875633,99.97
"37423","sleepwalk",2,32875635,99.97
"37424","slipperiness",2,32875637,99.97
"37425","slobby",2,32875639,99.97
"37426","slothfulness",2,32875641,99.97
"37427","sloven",2,32875643,99.97
"37428","smallmouth",2,32875645,99.97
"37429","smally",2,32875647,99.97
"37430","smeary",2,32875649,99.97
"37431","smeeth",2,32875651,99.97
"37432","smirky",2,32875653,99.97
"37433","smoothen",2,32875655,99.97
"37434","smore",2,32875657,99.97
"37435","smudger",2,32875659,99.97
"37436","snapback",2,32875661,99.97
"37437","sneakiness",2,32875663,99.97
"37438","snee",2,32875665,99.97
"37439","snipper",2,32875667,99.97
"37440","snobbishness",2,32875669,99.97
"37441","snookered",2,32875671,99.97
"37442","snootiness",2,32875673,99.97
"37443","snoozer",2,32875675,99.97
"37444","snorty",2,32875677,99.97
"37445","snowbound",2,32875679,99.97
"37446","snuffles",2,32875681,99.97
"37447","soapmaking",2,32875683,99.97
"37448","soapstone",2,32875685,99.97
"37449","soaringly",2,32875687,99.97
"37450","sociality",2,32875689,99.97
"37451","sociobiological",2,32875691,99.97
"37452","sociologically",2,32875693,99.97
"37453","soco",2,32875695,99.97
"37454","sodalite",2,32875697,99.97
"37455","sogginess",2,32875699,99.97
"37456","soke",2,32875701,99.97
"37457","solanum",2,32875703,99.97
"37458","solidago",2,32875705,99.97
"37459","solstitial",2,32875707,99.97
"37460","solum",2,32875709,99.97
"37461","somnambulism",2,32875711,99.97
"37462","somnus",2,32875713,99.97
"37463","sots",2,32875715,99.97
"37464","souled",2,32875717,99.97
"37465","sourly",2,32875719,99.97
"37466","sousaphone",2,32875721,99.97
"37467","souse",2,32875723,99.97
"37468","souter",2,32875725,99.97
"37469","southard",2,32875727,99.97
"37470","southernwood",2,32875729,99.97
"37471","southron",2,32875731,99.97
"37472","spalt",2,32875733,99.97
"37473","spareness",2,32875735,99.97
"37474","sparger",2,32875737,99.97
"37475","sparred",2,32875739,99.97
"37476","sparsity",2,32875741,99.97
"37477","spart",2,32875743,99.97
"37478","spastically",2,32875745,99.97
"37479","spatiotemporal",2,32875747,99.97
"37480","speakable",2,32875749,99.97
"37481","speakership",2,32875751,99.97
"37482","specked",2,32875753,99.97
"37483","spectatorship",2,32875755,99.97
"37484","specular",2,32875757,99.97
"37485","speechmaker",2,32875759,99.97
"37486","speediness",2,32875761,99.97
"37487","spellwork",2,32875763,99.97
"37488","spermaceti",2,32875765,99.97
"37489","spermatozoon",2,32875767,99.97
"37490","spicebush",2,32875769,99.97
"37491","spindled",2,32875771,99.97
"37492","spindrift",2,32875773,99.97
"37493","spiny",2,32875775,99.97
"37494","spiration",2,32875777,99.97
"37495","spirea",2,32875779,99.97
"37496","spiriting",2,32875781,99.97
"37497","spiritism",2,32875783,99.97
"37498","splendidness",2,32875785,99.97
"37499","splendiferous",2,32875787,99.97
"37500","splosh",2,32875789,99.97
"37501","sponger",2,32875791,99.97
"37502","spoonbill",2,32875793,99.97
"37503","spor",2,32875795,99.97
"37504","sprat",2,32875797,99.97
"37505","spreaded",2,32875799,99.97
"37506","sprent",2,32875801,99.97
"37507","springtail",2,32875803,99.97
"37508","squalene",2,32875805,99.97
"37509","squama",2,32875807,99.97
"37510","squawker",2,32875809,99.97
"37511","squawky",2,32875811,99.97
"37512","squelcher",2,32875813,99.97
"37513","sruti",2,32875815,99.97
"37514","stableboy",2,32875817,99.97
"37515","stager",2,32875819,99.97
"37516","stagewise",2,32875821,99.97
"37517","staginess",2,32875823,99.97
"37518","stagnantly",2,32875825,99.97
"37519","stainable",2,32875827,99.97
"37520","stairstep",2,32875829,99.97
"37521","staith",2,32875831,99.97
"37522","stalactite",2,32875833,99.97
"37523","stalky",2,32875835,99.97
"37524","stalwartly",2,32875837,99.97
"37525","standardbred",2,32875839,99.97
"37526","standpipe",2,32875841,99.97
"37527","stane",2,32875843,99.97
"37528","stary",2,32875845,99.97
"37529","statecraft",2,32875847,99.97
"37530","stater",2,32875849,99.97
"37531","stateswoman",2,32875851,99.97
"37532","statically",2,32875853,99.97
"37533","stationer",2,32875855,99.97
"37534","stationmaster",2,32875857,99.97
"37535","stator",2,32875859,99.97
"37536","staving",2,32875861,99.97
"37537","stearone",2,32875863,99.97
"37538","steelmaker",2,32875865,99.97
"37539","steelworker",2,32875867,99.97
"37540","stell",2,32875869,99.97
"37541","stelling",2,32875871,99.97
"37542","sten",2,32875873,99.97
"37543","stenograph",2,32875875,99.97
"37544","stenographic",2,32875877,99.97
"37545","stepladder",2,32875879,99.97
"37546","stepwise",2,32875881,99.97
"37547","stercobilin",2,32875883,99.97
"37548","sterk",2,32875885,99.97
"37549","stipple",2,32875887,99.97
"37550","stockholder",2,32875889,99.97
"37551","stoep",2,32875891,99.97
"37552","stogie",2,32875893,99.97
"37553","stomacher",2,32875895,99.97
"37554","stoneman",2,32875897,99.97
"37555","stonemason",2,32875899,99.97
"37556","stonewood",2,32875901,99.97
"37557","stoneyard",2,32875903,99.97
"37558","stong",2,32875905,99.97
"37559","storer",2,32875907,99.97
"37560","storge",2,32875909,99.97
"37561","stormer",2,32875911,99.97
"37562","storminess",2,32875913,99.97
"37563","stouty",2,32875915,99.97
"37564","stowage",2,32875917,99.97
"37565","strabismus",2,32875919,99.97
"37566","straddler",2,32875921,99.97
"37567","strafe",2,32875923,99.97
"37568","straggle",2,32875925,99.97
"37569","strang",2,32875927,99.97
"37570","straphanger",2,32875929,99.97
"37571","strategical",2,32875931,99.97
"37572","strategics",2,32875933,99.97
"37573","stratified",2,32875935,99.97
"37574","stratigraphic",2,32875937,99.97
"37575","streamliner",2,32875939,99.97
"37576","stretto",2,32875941,99.97
"37577","strey",2,32875943,99.97
"37578","striate",2,32875945,99.97
"37579","striation",2,32875947,99.97
"37580","stridency",2,32875949,99.97
"37581","stridor",2,32875951,99.97
"37582","stripling",2,32875953,99.97
"37583","stroboscopic",2,32875955,99.97
"37584","structuralist",2,32875957,99.97
"37585","struth",2,32875959,99.97
"37586","studding",2,32875961,99.97
"37587","stumblingly",2,32875963,99.97
"37588","stuporous",2,32875965,99.97
"37589","stutterer",2,32875967,99.97
"37590","stylization",2,32875969,99.97
"37591","subclass",2,32875971,99.97
"37592","subclinical",2,32875973,99.97
"37593","subdeacon",2,32875975,99.97
"37594","suber",2,32875977,99.97
"37595","subfamily",2,32875979,99.97
"37596","subfloor",2,32875981,99.97
"37597","subfusc",2,32875983,99.97
"37598","subheading",2,32875985,99.97
"37599","sublease",2,32875987,99.97
"37600","sublet",2,32875989,99.97
"37601","sublethal",2,32875991,99.97
"37602","sublimate",2,32875993,99.97
"37603","subsistent",2,32875995,99.97
"37604","subspace",2,32875997,99.97
"37605","subtype",2,32875999,99.97
"37606","suckhole",2,32876001,99.97
"37607","sudarium",2,32876003,99.97
"37608","suer",2,32876005,99.97
"37609","suff",2,32876007,99.97
"37610","sufferable",2,32876009,99.97
"37611","sugarhouse",2,32876011,99.97
"37612","suggestiveness",2,32876013,99.97
"37613","sulfa",2,32876015,99.97
"37614","sulfhydryl",2,32876017,99.97
"37615","sulfurous",2,32876019,99.97
"37616","sulkiness",2,32876021,99.97
"37617","sull",2,32876023,99.97
"37618","sumptuously",2,32876025,99.97
"37619","sunbonnet",2,32876027,99.97
"37620","sunland",2,32876029,99.97
"37621","sunray",2,32876031,99.97
"37622","sunward",2,32876033,99.97
"37623","supe",2,32876035,99.97
"37624","superabundantly",2,32876037,99.97
"37625","supercilium",2,32876039,99.97
"37626","superconductive",2,32876041,99.97
"37627","superfantastic",2,32876043,99.97
"37628","superfluid",2,32876045,99.97
"37629","superfluously",2,32876047,99.97
"37630","supergiant",2,32876049,99.97
"37631","superintend",2,32876051,99.97
"37632","superintendence",2,32876053,99.97
"37633","superiorly",2,32876055,99.97
"37634","supernumerary",2,32876057,99.97
"37635","superposition",2,32876059,99.97
"37636","superpowered",2,32876061,99.97
"37637","superscription",2,32876063,99.97
"37638","supersensitive",2,32876065,99.97
"37639","supination",2,32876067,99.97
"37640","supraorbital",2,32876069,99.97
"37641","surcingle",2,32876071,99.97
"37642","surrealistically",2,32876073,99.97
"37643","survivalism",2,32876075,99.97
"37644","sutor",2,32876077,99.97
"37645","suzerainty",2,32876079,99.97
"37646","swaddler",2,32876081,99.97
"37647","swampland",2,32876083,99.97
"37648","swapper",2,32876085,99.97
"37649","sward",2,32876087,99.97
"37650","swash",2,32876089,99.97
"37651","sweepingly",2,32876091,99.97
"37652","sweetmeat",2,32876093,99.97
"37653","swingeing",2,32876095,99.97
"37654","switcher",2,32876097,99.97
"37655","switchgear",2,32876099,99.97
"37656","sycophancy",2,32876101,99.97
"37657","sycophant",2,32876103,99.97
"37658","sycophantically",2,32876105,99.97
"37659","sylph",2,32876107,99.97
"37660","symbiotically",2,32876109,99.97
"37661","symphonist",2,32876111,99.97
"37662","synagogal",2,32876113,99.97
"37663","synastry",2,32876115,99.97
"37664","synchronously",2,32876117,99.97
"37665","syncytial",2,32876119,99.97
"37666","synergetic",2,32876121,99.97
"37667","synergize",2,32876123,99.97
"37668","synopsize",2,32876125,99.97
"37669","synoptical",2,32876127,99.97
"37670","syphilitic",2,32876129,99.97
"37671","syrinx",2,32876131,99.97
"37672","systemically",2,32876133,99.97
"37673","taberna",2,32876135,99.97
"37674","tabid",2,32876137,99.97
"37675","tablemate",2,32876139,99.97
"37676","tailless",2,32876141,99.97
"37677","taillight",2,32876143,99.97
"37678","talahib",2,32876145,99.97
"37679","talao",2,32876147,99.97
"37680","talion",2,32876149,99.97
"37681","tallboy",2,32876151,99.97
"37682","tamarin",2,32876153,99.97
"37683","tambor",2,32876155,99.97
"37684","tamburello",2,32876157,99.97
"37685","tanach",2,32876159,99.97
"37686","tanger",2,32876161,99.97
"37687","tangibility",2,32876163,99.97
"37688","tanglefoot",2,32876165,99.97
"37689","tanh",2,32876167,99.97
"37690","tapeworm",2,32876169,99.97
"37691","tarboy",2,32876171,99.97
"37692","tardive",2,32876173,99.97
"37693","tarr",2,32876175,99.97
"37694","tartrazine",2,32876177,99.97
"37695","tattler",2,32876179,99.97
"37696","tauntingly",2,32876181,99.97
"37697","tautly",2,32876183,99.97
"37698","tautological",2,32876185,99.97
"37699","tawse",2,32876187,99.97
"37700","taxon",2,32876189,99.97
"37701","taxonomist",2,32876191,99.97
"37702","teather",2,32876193,99.97
"37703","teaware",2,32876195,99.97
"37704","technics",2,32876197,99.97
"37705","technocrat",2,32876199,99.97
"37706","technologic",2,32876201,99.97
"37707","teck",2,32876203,99.97
"37708","tediousness",2,32876205,99.97
"37709","teer",2,32876207,99.97
"37710","tehsil",2,32876209,99.97
"37711","teju",2,32876211,99.97
"37712","telegraphist",2,32876213,99.97
"37713","tembe",2,32876215,99.97
"37714","tempi",2,32876217,99.97
"37715","templarism",2,32876219,99.97
"37716","tenaciousness",2,32876221,99.97
"37717","tench",2,32876223,99.97
"37718","tendential",2,32876225,99.97
"37719","tenderize",2,32876227,99.97
"37720","tenon",2,32876229,99.97
"37721","tenpin",2,32876231,99.97
"37722","tensor",2,32876233,99.97
"37723","tentation",2,32876235,99.97
"37724","teratogenic",2,32876237,99.97
"37725","tercer",2,32876239,99.97
"37726","terminological",2,32876241,99.97
"37727","terrazzo",2,32876243,99.97
"37728","terrorization",2,32876245,99.97
"37729","terrorizer",2,32876247,99.97
"37730","tessellation",2,32876249,99.97
"37731","testamentum",2,32876251,99.97
"37732","testily",2,32876253,99.97
"37733","tetrameter",2,32876255,99.97
"37734","tew",2,32876257,99.97
"37735","textuality",2,32876259,99.97
"37736","thacker",2,32876261,99.97
"37737","thanatology",2,32876263,99.97
"37738","thatn",2,32876265,99.97
"37739","thaught",2,32876267,99.97
"37740","thave",2,32876269,99.97
"37741","theatric",2,32876271,99.97
"37742","thegither",2,32876273,99.97
"37743","thegn",2,32876275,99.97
"37744","theirselves",2,32876277,99.97
"37745","theophany",2,32876279,99.97
"37746","theophile",2,32876281,99.97
"37747","theorization",2,32876283,99.97
"37748","theosophic",2,32876285,99.97
"37749","theosophist",2,32876287,99.97
"37750","thereunder",2,32876289,99.97
"37751","therm",2,32876291,99.97
"37752","thermic",2,32876293,99.97
"37753","thermite",2,32876295,99.97
"37754","thermo",2,32876297,99.97
"37755","thermocline",2,32876299,99.97
"37756","theyll",2,32876301,99.97
"37757","thiamine",2,32876303,99.97
"37758","thistledown",2,32876305,99.97
"37759","thorp",2,32876307,99.97
"37760","thoughtlessness",2,32876309,99.97
"37761","threepence",2,32876311,99.97
"37762","threnody",2,32876313,99.97
"37763","thring",2,32876315,99.97
"37764","thrombosis",2,32876317,99.97
"37765","thrombus",2,32876319,99.97
"37766","thumbkin",2,32876321,99.97
"37767","thwacking",2,32876323,99.97
"37768","thymus",2,32876325,99.97
"37769","thyroglobulin",2,32876327,99.97
"37770","tickly",2,32876329,99.97
"37771","tidally",2,32876331,99.97
"37772","tided",2,32876333,99.97
"37773","tidemark",2,32876335,99.97
"37774","tiding",2,32876337,99.97
"37775","tieback",2,32876339,99.97
"37776","tightener",2,32876341,99.97
"37777","tilbury",2,32876343,99.97
"37778","tilde",2,32876345,99.97
"37779","tilefish",2,32876347,99.97
"37780","tillerman",2,32876349,99.97
"37781","tinselly",2,32876351,99.97
"37782","tippee",2,32876353,99.97
"37783","titbit",2,32876355,99.97
"37784","titer",2,32876357,99.97
"37785","tither",2,32876359,99.97
"37786","toccata",2,32876361,99.97
"37787","tocome",2,32876363,99.97
"37788","toff",2,32876365,99.97
"37789","toft",2,32876367,99.97
"37790","toggery",2,32876369,99.97
"37791","toke",2,32876371,99.97
"37792","tolerantly",2,32876373,99.97
"37793","tolly",2,32876375,99.97
"37794","toman",2,32876377,99.97
"37795","toneless",2,32876379,99.97
"37796","tonkin",2,32876381,99.97
"37797","tonneau",2,32876383,99.97
"37798","toosh",2,32876385,99.97
"37799","topicality",2,32876387,99.97
"37800","topographer",2,32876389,99.97
"37801","toppy",2,32876391,99.97
"37802","torchon",2,32876393,99.97
"37803","toreador",2,32876395,99.97
"37804","torpid",2,32876397,99.97
"37805","torsional",2,32876399,99.97
"37806","totting",2,32876401,99.97
"37807","touchwood",2,32876403,99.97
"37808","tourer",2,32876405,99.97
"37809","touter",2,32876407,99.97
"37810","towheaded",2,32876409,99.97
"37811","townish",2,32876411,99.97
"37812","townland",2,32876413,99.97
"37813","toxicological",2,32876415,99.97
"37814","toyland",2,32876417,99.97
"37815","tracheal",2,32876419,99.97
"37816","trackless",2,32876421,99.97
"37817","trackway",2,32876423,99.97
"37818","tragacanth",2,32876425,99.97
"37819","tragedian",2,32876427,99.97
"37820","tragi",2,32876429,99.97
"37821","trailside",2,32876431,99.97
"37822","transcriptional",2,32876433,99.97
"37823","transept",2,32876435,99.97
"37824","transferability",2,32876437,99.97
"37825","transliterate",2,32876439,99.97
"37826","translucency",2,32876441,99.97
"37827","transmittance",2,32876443,99.97
"37828","transmogrification",2,32876445,99.97
"37829","transpiration",2,32876447,99.97
"37830","transshipment",2,32876449,99.97
"37831","transversal",2,32876451,99.97
"37832","trapezium",2,32876453,99.97
"37833","traversable",2,32876455,99.97
"37834","traversal",2,32876457,99.97
"37835","travertine",2,32876459,99.97
"37836","treasonable",2,32876461,99.97
"37837","trebuchet",2,32876463,99.97
"37838","treetop",2,32876465,99.97
"37839","trekker",2,32876467,99.97
"37840","trembler",2,32876469,99.97
"37841","trenchantly",2,32876471,99.97
"37842","trews",2,32876473,99.97
"37843","tribally",2,32876475,99.97
"37844","tribble",2,32876477,99.97
"37845","trichinosis",2,32876479,99.97
"37846","tricolor",2,32876481,99.97
"37847","triennial",2,32876483,99.97
"37848","triethanolamine",2,32876485,99.97
"37849","trifold",2,32876487,99.97
"37850","trillionth",2,32876489,99.97
"37851","trin",2,32876491,99.97
"37852","trist",2,32876493,99.97
"37853","trode",2,32876495,99.97
"37854","trophyless",2,32876497,99.97
"37855","trousered",2,32876499,99.97
"37856","trouserless",2,32876501,99.97
"37857","truckle",2,32876503,99.97
"37858","truckster",2,32876505,99.97
"37859","trull",2,32876507,99.97
"37860","truthiness",2,32876509,99.97
"37861","truthless",2,32876511,99.97
"37862","tst",2,32876513,99.97
"37863","tubeless",2,32876515,99.97
"37864","tuberous",2,32876517,99.97
"37865","tunable",2,32876519,99.97
"37866","tunner",2,32876521,99.97
"37867","turbidity",2,32876523,99.97
"37868","turbot",2,32876525,99.97
"37869","turco",2,32876527,99.97
"37870","turfing",2,32876529,99.97
"37871","turken",2,32876531,99.97
"37872","tusked",2,32876533,99.97
"37873","tutela",2,32876535,99.97
"37874","tweeny",2,32876537,99.97
"37875","tweest",2,32876539,99.97
"37876","tweezer",2,32876541,99.97
"37877","twittery",2,32876543,99.97
"37878","twoness",2,32876545,99.97
"37879","twopenny",2,32876547,99.97
"37880","tyee",2,32876549,99.97
"37881","tympani",2,32876551,99.97
"37882","tyrannically",2,32876553,99.97
"37883","ubiquitously",2,32876555,99.97
"37884","ula",2,32876557,99.97
"37885","ulna",2,32876559,99.97
"37886","ulnar",2,32876561,99.97
"37887","ultramodern",2,32876563,99.97
"37888","unadoptable",2,32876565,99.97
"37889","unapparent",2,32876567,99.97
"37890","unappealed",2,32876569,99.97
"37891","unarguable",2,32876571,99.97
"37892","unarticulated",2,32876573,99.97
"37893","unary",2,32876575,99.97
"37894","unassembled",2,32876577,99.97
"37895","unassigned",2,32876579,99.97
"37896","unattractively",2,32876581,99.97
"37897","unattributed",2,32876583,99.97
"37898","unbalancing",2,32876585,99.97
"37899","unbaptized",2,32876587,99.97
"37900","unbefitting",2,32876589,99.97
"37901","unbilled",2,32876591,99.97
"37902","unburial",2,32876593,99.97
"37903","uncalculated",2,32876595,99.97
"37904","uncaptioned",2,32876597,99.97
"37905","uncarved",2,32876599,99.97
"37906","uncaused",2,32876601,99.97
"37907","unchaperoned",2,32876603,99.97
"37908","uncharged",2,32876605,99.97
"37909","uncharitably",2,32876607,99.97
"37910","uncheck",2,32876609,99.97
"37911","uncheered",2,32876611,99.97
"37912","uncleanliness",2,32876613,99.97
"37913","uncleared",2,32876615,99.97
"37914","unclipped",2,32876617,99.97
"37915","unclogged",2,32876619,99.97
"37916","uncoerced",2,32876621,99.97
"37917","uncoil",2,32876623,99.97
"37918","uncoiled",2,32876625,99.97
"37919","uncomfort",2,32876627,99.97
"37920","uncommercial",2,32876629,99.97
"37921","uncompelling",2,32876631,99.97
"37922","uncompensated",2,32876633,99.97
"37923","unconstructive",2,32876635,99.97
"37924","unconsumed",2,32876637,99.97
"37925","unconsummated",2,32876639,99.97
"37926","uncork",2,32876641,99.97
"37927","undateable",2,32876643,99.97
"37928","undeliverable",2,32876645,99.97
"37929","underback",2,32876647,99.97
"37930","underclothing",2,32876649,99.97
"37931","underdevelopment",2,32876651,99.97
"37932","undergirding",2,32876653,99.97
"37933","underlap",2,32876655,99.97
"37934","undermanned",2,32876657,99.97
"37935","undermount",2,32876659,99.97
"37936","underplay",2,32876661,99.97
"37937","underrepresentation",2,32876663,99.97
"37938","underselling",2,32876665,99.97
"37939","understairs",2,32876667,99.97
"37940","undesirably",2,32876669,99.97
"37941","undiminished",2,32876671,99.97
"37942","undisguised",2,32876673,99.97
"37943","undoable",2,32876675,99.97
"37944","undock",2,32876677,99.97
"37945","undramatically",2,32876679,99.97
"37946","undreamed",2,32876681,99.97
"37947","undreamt",2,32876683,99.97
"37948","undried",2,32876685,99.97
"37949","undrowned",2,32876687,99.97
"37950","undrunk",2,32876689,99.97
"37951","uneatable",2,32876691,99.97
"37952","unembellished",2,32876693,99.97
"37953","unenergetic",2,32876695,99.97
"37954","unenforced",2,32876697,99.97
"37955","unequipped",2,32876699,99.97
"37956","unescorted",2,32876701,99.97
"37957","unevolved",2,32876703,99.97
"37958","unexaggerated",2,32876705,99.97
"37959","unexceeded",2,32876707,99.97
"37960","unexceptionable",2,32876709,99.97
"37961","unexcusable",2,32876711,99.97
"37962","unextinguished",2,32876713,99.97
"37963","unfading",2,32876715,99.97
"37964","unfaithfully",2,32876717,99.97
"37965","unfallen",2,32876719,99.97
"37966","unfeasibly",2,32876721,99.97
"37967","unfeelingly",2,32876723,99.97
"37968","unfeminine",2,32876725,99.97
"37969","unfenced",2,32876727,99.97
"37970","unfertilized",2,32876729,99.97
"37971","unflustered",2,32876731,99.97
"37972","unforgettably",2,32876733,99.97
"37973","unformulated",2,32876735,99.97
"37974","unfortified",2,32876737,99.97
"37975","unfreeze",2,32876739,99.97
"37976","unfriendliness",2,32876741,99.97
"37977","unfroze",2,32876743,99.97
"37978","unfunctional",2,32876745,99.97
"37979","ungallant",2,32876747,99.97
"37980","ungentlemanly",2,32876749,99.97
"37981","ungloved",2,32876751,99.97
"37982","ungraceful",2,32876753,99.97
"37983","ungracefully",2,32876755,99.97
"37984","ungrammatical",2,32876757,99.97
"37985","ungratefully",2,32876759,99.97
"37986","ungratefulness",2,32876761,99.97
"37987","ungroundedness",2,32876763,99.97
"37988","unguessable",2,32876765,99.97
"37989","unhandled",2,32876767,99.97
"37990","unharnessed",2,32876769,99.97
"37991","unhate",2,32876771,99.97
"37992","unhealth",2,32876773,99.97
"37993","unhealthiness",2,32876775,99.97
"37994","unhearing",2,32876777,99.97
"37995","unhidden",2,32876779,99.97
"37996","unhoarding",2,32876781,99.97
"37997","unholiness",2,32876783,99.97
"37998","unhurriedly",2,32876785,99.97
"37999","unhusked",2,32876787,99.97
"38000","unicellular",2,32876789,99.97
"38001","unidirectional",2,32876791,99.97
"38002","unilateralism",2,32876793,99.97
"38003","unimpaired",2,32876795,99.97
"38004","uninstalled",2,32876797,99.97
"38005","uninsulated",2,32876799,99.97
"38006","unintellectual",2,32876801,99.97
"38007","unintelligibly",2,32876803,99.97
"38008","unionization",2,32876805,99.97
"38009","unipolar",2,32876807,99.97
"38010","unitedly",2,32876809,99.97
"38011","unitive",2,32876811,99.97
"38012","unknot",2,32876813,99.97
"38013","unlace",2,32876815,99.97
"38014","unlaced",2,32876817,99.97
"38015","unladen",2,32876819,99.97
"38016","unlawfulness",2,32876821,99.97
"38017","unlimber",2,32876823,99.97
"38018","unliterary",2,32876825,99.97
"38019","unlooked",2,32876827,99.97
"38020","unloose",2,32876829,99.97
"38021","unmanicured",2,32876831,99.97
"38022","unmapped",2,32876833,99.97
"38023","unmatchable",2,32876835,99.97
"38024","unmeasured",2,32876837,99.97
"38025","unmodified",2,32876839,99.97
"38026","unnaturalness",2,32876841,99.97
"38027","unnoticeably",2,32876843,99.97
"38028","unobvious",2,32876845,99.97
"38029","unoffensive",2,32876847,99.97
"38030","unoffered",2,32876849,99.97
"38031","unorthodoxy",2,32876851,99.97
"38032","unostentatious",2,32876853,99.97
"38033","unpadded",2,32876855,99.97
"38034","unpatented",2,32876857,99.97
"38035","unpeaceful",2,32876859,99.97
"38036","unperceived",2,32876861,99.97
"38037","unpicked",2,32876863,99.97
"38038","unpictured",2,32876865,99.97
"38039","unpile",2,32876867,99.97
"38040","unplayful",2,32876869,99.97
"38041","unpractical",2,32876871,99.97
"38042","unprejudiced",2,32876873,99.97
"38043","unprintable",2,32876875,99.97
"38044","unpublic",2,32876877,99.97
"38045","unpunctual",2,32876879,99.97
"38046","unquantified",2,32876881,99.97
"38047","unreadability",2,32876883,99.97
"38048","unreasoned",2,32876885,99.97
"38049","unreformable",2,32876887,99.97
"38050","unrepeated",2,32876889,99.97
"38051","unrepentantly",2,32876891,99.97
"38052","unrequested",2,32876893,99.97
"38053","unresisting",2,32876895,99.97
"38054","unrested",2,32876897,99.97
"38055","unrestful",2,32876899,99.97
"38056","unretouched",2,32876901,99.97
"38057","unruliness",2,32876903,99.97
"38058","unsanctioned",2,32876905,99.97
"38059","unscrupulousness",2,32876907,99.97
"38060","unsecure",2,32876909,99.97
"38061","unseeingly",2,32876911,99.97
"38062","unself",2,32876913,99.97
"38063","unsent",2,32876915,99.97
"38064","unsettlement",2,32876917,99.97
"38065","unshared",2,32876919,99.97
"38066","unsheltered",2,32876921,99.97
"38067","unshoveled",2,32876923,99.97
"38068","unsmoked",2,32876925,99.97
"38069","unsolid",2,32876927,99.97
"38070","unsoundness",2,32876929,99.97
"38071","unspecialized",2,32876931,99.97
"38072","unsponsored",2,32876933,99.97
"38073","unsportsmanlike",2,32876935,99.97
"38074","unsprung",2,32876937,99.97
"38075","unspun",2,32876939,99.97
"38076","unstained",2,32876941,99.97
"38077","unsubscribed",2,32876943,99.97
"38078","unsubtly",2,32876945,99.97
"38079","unsunny",2,32876947,99.97
"38080","unsuppressed",2,32876949,99.97
"38081","unswaddled",2,32876951,99.97
"38082","untasted",2,32876953,99.97
"38083","untestable",2,32876955,99.97
"38084","unthankful",2,32876957,99.97
"38085","untilled",2,32876959,99.97
"38086","untouchability",2,32876961,99.97
"38087","untrimmed",2,32876963,99.97
"38088","untrodden",2,32876965,99.97
"38089","untruthfully",2,32876967,99.97
"38090","untruthfulness",2,32876969,99.97
"38091","untutored",2,32876971,99.97
"38092","untwisting",2,32876973,99.97
"38093","unuttered",2,32876975,99.97
"38094","unvaried",2,32876977,99.97
"38095","unvarying",2,32876979,99.97
"38096","unvoted",2,32876981,99.97
"38097","unweaving",2,32876983,99.97
"38098","unwellness",2,32876985,99.97
"38099","unworried",2,32876987,99.97
"38100","unworthily",2,32876989,99.97
"38101","unwoven",2,32876991,99.97
"38102","unyoked",2,32876993,99.97
"38103","upholder",2,32876995,99.97
"38104","upthrust",2,32876997,99.97
"38105","urbanity",2,32876999,99.97
"38106","uremic",2,32877001,99.97
"38107","urological",2,32877003,99.97
"38108","ursine",2,32877005,99.97
"38109","usance",2,32877007,99.97
"38110","ush",2,32877009,99.97
"38111","usufruct",2,32877011,99.97
"38112","uvula",2,32877013,99.97
"38113","vacillation",2,32877015,99.97
"38114","vagrancy",2,32877017,99.97
"38115","valgus",2,32877019,99.97
"38116","vallum",2,32877021,99.97
"38117","valorize",2,32877023,99.97
"38118","valved",2,32877025,99.97
"38119","vandalize",2,32877027,99.97
"38120","vaned",2,32877029,99.97
"38121","vapidity",2,32877031,99.97
"38122","variform",2,32877033,99.97
"38123","vau",2,32877035,99.97
"38124","veldt",2,32877037,99.97
"38125","vender",2,32877039,99.97
"38126","venerator",2,32877041,99.97
"38127","ventricle",2,32877043,99.97
"38128","veracious",2,32877045,99.97
"38129","verdun",2,32877047,99.97
"38130","veritably",2,32877049,99.97
"38131","versicolor",2,32877051,99.97
"38132","verticality",2,32877053,99.97
"38133","vesicle",2,32877055,99.97
"38134","vestibulum",2,32877057,99.97
"38135","victimizer",2,32877059,99.97
"38136","victrola",2,32877061,99.97
"38137","vicuna",2,32877063,99.97
"38138","vila",2,32877065,99.97
"38139","vileness",2,32877067,99.97
"38140","vill",2,32877069,99.97
"38141","villagey",2,32877071,99.97
"38142","vindicator",2,32877073,99.97
"38143","vindictively",2,32877075,99.97
"38144","vint",2,32877077,99.97
"38145","violaceous",2,32877079,99.97
"38146","violoncello",2,32877081,99.97
"38147","virga",2,32877083,99.97
"38148","virtuosic",2,32877085,99.97
"38149","viscid",2,32877087,99.97
"38150","viscountess",2,32877089,99.97
"38151","vison",2,32877091,99.97
"38152","visuality",2,32877093,99.97
"38153","vitreous",2,32877095,99.97
"38154","vitrification",2,32877097,99.97
"38155","vixenish",2,32877099,99.97
"38156","volcanically",2,32877101,99.97
"38157","volumed",2,32877103,99.97
"38158","voracity",2,32877105,99.97
"38159","vulnerably",2,32877107,99.97
"38160","vulpine",2,32877109,99.97
"38161","wabe",2,32877111,99.97
"38162","wacker",2,32877113,99.97
"38163","waggle",2,32877115,99.97
"38164","wagoner",2,32877117,99.97
"38165","wagwag",2,32877119,99.97
"38166","wahine",2,32877121,99.97
"38167","wainscot",2,32877123,99.97
"38168","wakening",2,32877125,99.97
"38169","waling",2,32877127,99.97
"38170","wallah",2,32877129,99.97
"38171","wapiti",2,32877131,99.97
"38172","warbly",2,32877133,99.97
"38173","warded",2,32877135,99.97
"38174","wardroom",2,32877137,99.97
"38175","warman",2,32877139,99.97
"38176","washbasin",2,32877141,99.97
"38177","washday",2,32877143,99.97
"38178","washrag",2,32877145,99.97
"38179","wastepaper",2,32877147,99.97
"38180","wavicle",2,32877149,99.97
"38181","waxwing",2,32877151,99.97
"38182","wealthily",2,32877153,99.97
"38183","weathercock",2,32877155,99.97
"38184","weatherworn",2,32877157,99.97
"38185","weeder",2,32877159,99.97
"38186","weeper",2,32877161,99.97
"38187","weightiness",2,32877163,99.97
"38188","weightlessly",2,32877165,99.97
"38189","welted",2,32877167,99.97
"38190","wenny",2,32877169,99.97
"38191","wester",2,32877171,99.97
"38192","westernization",2,32877173,99.97
"38193","westing",2,32877175,99.97
"38194","weve",2,32877177,99.97
"38195","wheaten",2,32877179,99.97
"38196","wheedling",2,32877181,99.97
"38197","whelm",2,32877183,99.97
"38198","wherefrom",2,32877185,99.97
"38199","whereunto",2,32877187,99.97
"38200","whetstone",2,32877189,99.97
"38201","whish",2,32877191,99.97
"38202","whited",2,32877193,99.97
"38203","whitefish",2,32877195,99.97
"38204","whitethroat",2,32877197,99.97
"38205","whitewasher",2,32877199,99.97
"38206","whitewood",2,32877201,99.97
"38207","whoredom",2,32877203,99.97
"38208","whorled",2,32877205,99.97
"38209","wicketkeeper",2,32877207,99.97
"38210","wideness",2,32877209,99.97
"38211","wifedom",2,32877211,99.97
"38212","wiggler",2,32877213,99.97
"38213","wimple",2,32877215,99.97
"38214","wincingly",2,32877217,99.97
"38215","wineglass",2,32877219,99.97
"38216","winkelman",2,32877221,99.97
"38217","winnow",2,32877223,99.97
"38218","winsomeness",2,32877225,99.97
"38219","winterize",2,32877227,99.97
"38220","wintertide",2,32877229,99.97
"38221","wirl",2,32877231,99.97
"38222","wiseacre",2,32877233,99.97
"38223","wite",2,32877235,99.97
"38224","witloof",2,32877237,99.97
"38225","witting",2,32877239,99.97
"38226","wive",2,32877241,99.97
"38227","wizardly",2,32877243,99.97
"38228","woad",2,32877245,99.97
"38229","wolfen",2,32877247,99.97
"38230","womble",2,32877249,99.97
"38231","wonderer",2,32877251,99.97
"38232","wonderingly",2,32877253,99.97
"38233","wondrousness",2,32877255,99.97
"38234","wonna",2,32877257,99.97
"38235","woodcutting",2,32877259,99.97
"38236","woofed",2,32877261,99.97
"38237","woom",2,32877263,99.97
"38238","wordcraft",2,32877265,99.97
"38239","wordily",2,32877267,99.97
"38240","workingman",2,32877269,99.97
"38241","workless",2,32877271,99.97
"38242","workstand",2,32877273,99.97
"38243","wormling",2,32877275,99.97
"38244","wounder",2,32877277,99.97
"38245","wowser",2,32877279,99.97
"38246","wresting",2,32877281,99.97
"38247","wrister",2,32877283,99.97
"38248","wryness",2,32877285,99.97
"38249","wudu",2,32877287,99.97
"38250","wut",2,32877289,99.97
"38251","wyde",2,32877291,99.97
"38252","wyke",2,32877293,99.97
"38253","xenium",2,32877295,99.97
"38254","xerography",2,32877297,99.97
"38255","yad",2,32877299,99.97
"38256","yapa",2,32877301,99.97
"38257","yarm",2,32877303,99.97
"38258","yawner",2,32877305,99.97
"38259","yeastiness",2,32877307,99.97
"38260","yellowhammer",2,32877309,99.97
"38261","yeni",2,32877311,99.97
"38262","yieldy",2,32877313,99.97
"38263","yoe",2,32877315,99.97
"38264","yoi",2,32877317,99.97
"38265","yook",2,32877319,99.97
"38266","zehner",2,32877321,99.97
"38267","zel",2,32877323,99.97
"38268","zenick",2,32877325,99.97
"38269","zodiacal",2,32877327,99.97
"38270","zombi",2,32877329,99.97
"38271","zoon",2,32877331,99.97
"38272","zoozoo",2,32877333,99.97
"38273","zygote",2,32877335,99.97
"38274","aal",1,32877336,99.97
"38275","abase",1,32877337,99.97
"38276","abashedly",1,32877338,99.97
"38277","abb",1,32877339,99.97
"38278","abbacy",1,32877340,99.97
"38279","abbasi",1,32877341,99.97
"38280","abeam",1,32877342,99.97
"38281","abhorring",1,32877343,99.97
"38282","abidi",1,32877344,99.97
"38283","abidingness",1,32877345,99.97
"38284","abir",1,32877346,99.97
"38285","abler",1,32877347,99.97
"38286","ablow",1,32877348,99.97
"38287","aboon",1,32877349,99.97
"38288","abord",1,32877350,99.97
"38289","abrade",1,32877351,99.97
"38290","abraxas",1,32877352,99.97
"38291","abrim",1,32877353,99.97
"38292","absinthine",1,32877354,99.97
"38293","absolver",1,32877355,99.97
"38294","abstractedly",1,32877356,99.97
"38295","abstractionism",1,32877357,99.97
"38296","abusively",1,32877358,99.97
"38297","academian",1,32877359,99.97
"38298","accentor",1,32877360,99.97
"38299","accentuation",1,32877361,99.97
"38300","acceptor",1,32877362,99.97
"38301","accommodative",1,32877363,99.97
"38302","accomplishable",1,32877364,99.97
"38303","accrete",1,32877365,99.97
"38304","acculturate",1,32877366,99.97
"38305","accumulable",1,32877367,99.97
"38306","accumulative",1,32877368,99.97
"38307","accusable",1,32877369,99.97
"38308","acerbity",1,32877370,99.97
"38309","acerose",1,32877371,99.97
"38310","achromatic",1,32877372,99.97
"38311","acicular",1,32877373,99.97
"38312","aciculate",1,32877374,99.97
"38313","acidify",1,32877375,99.97
"38314","acoma",1,32877376,99.97
"38315","aconite",1,32877377,99.97
"38316","acousmatic",1,32877378,99.97
"38317","acquisitively",1,32877379,99.97
"38318","acquisitiveness",1,32877380,99.97
"38319","acridity",1,32877381,99.97
"38320","acridly",1,32877382,99.97
"38321","acroamatic",1,32877383,99.97
"38322","acrobatically",1,32877384,99.97
"38323","acromioclavicular",1,32877385,99.97
"38324","acromion",1,32877386,99.97
"38325","acronymous",1,32877387,99.97
"38326","acrophobia",1,32877388,99.97
"38327","acrosome",1,32877389,99.97
"38328","acryl",1,32877390,99.97
"38329","acrylonitrile",1,32877391,99.97
"38330","actualist",1,32877392,99.97
"38331","adad",1,32877393,99.97
"38332","adamite",1,32877394,99.97
"38333","aday",1,32877395,99.97
"38334","adda",1,32877396,99.97
"38335","addlepated",1,32877397,99.97
"38336","adduction",1,32877398,99.97
"38337","adductor",1,32877399,99.97
"38338","adenoidal",1,32877400,99.97
"38339","adenosine",1,32877401,99.97
"38340","adharma",1,32877402,99.97
"38341","adhesiveness",1,32877403,99.97
"38342","adieux",1,32877404,99.97
"38343","adjacency",1,32877405,99.97
"38344","adjacently",1,32877406,99.97
"38345","admeasurement",1,32877407,99.97
"38346","admi",1,32877408,99.97
"38347","admirability",1,32877409,99.97
"38348","admonitory",1,32877410,99.97
"38349","adolescently",1,32877411,99.97
"38350","adoptability",1,32877412,99.97
"38351","adoptionism",1,32877413,99.97
"38352","adrop",1,32877414,99.97
"38353","adsorb",1,32877415,99.97
"38354","adsorption",1,32877416,99.97
"38355","adulate",1,32877417,99.97
"38356","adust",1,32877418,99.97
"38357","advancer",1,32877419,99.97
"38358","adventuress",1,32877420,99.97
"38359","adventurousness",1,32877421,99.97
"38360","adverbial",1,32877422,99.97
"38361","advertence",1,32877423,99.97
"38362","advertent",1,32877424,99.97
"38363","advertently",1,32877425,99.97
"38364","advisee",1,32877426,99.97
"38365","advowson",1,32877427,99.97
"38366","aeolipile",1,32877428,99.97
"38367","aerator",1,32877429,99.97
"38368","aerobatic",1,32877430,99.97
"38369","aeronaut",1,32877431,99.97
"38370","aeronautic",1,32877432,99.97
"38371","aestheticize",1,32877433,99.97
"38372","afeard",1,32877434,99.97
"38373","affability",1,32877435,99.97
"38374","affiance",1,32877436,99.97
"38375","affiant",1,32877437,99.97
"38376","affirmance",1,32877438,99.97
"38377","affirmatory",1,32877439,99.97
"38378","affrighted",1,32877440,99.97
"38379","affronting",1,32877441,99.97
"38380","aflush",1,32877442,99.97
"38381","aforehand",1,32877443,99.97
"38382","aforethought",1,32877444,99.97
"38383","aforetime",1,32877445,99.97
"38384","agelessness",1,32877446,99.97
"38385","agenesis",1,32877447,99.97
"38386","agglutinate",1,32877448,99.97
"38387","aggravator",1,32877449,99.97
"38388","aggregately",1,32877450,99.97
"38389","aghastness",1,32877451,99.97
"38390","agitative",1,32877452,99.97
"38391","agnostically",1,32877453,99.97
"38392","agon",1,32877454,99.97
"38393","agone",1,32877455,99.97
"38394","agonistic",1,32877456,99.97
"38395","agrammatism",1,32877457,99.97
"38396","agriculturally",1,32877458,99.97
"38397","ague",1,32877459,99.97
"38398","agy",1,32877460,99.97
"38399","ahluwalia",1,32877461,99.97
"38400","aiguille",1,32877462,99.97
"38401","aileron",1,32877463,99.97
"38402","aimer",1,32877464,99.97
"38403","airan",1,32877465,99.97
"38404","aircraftman",1,32877466,99.97
"38405","airfreight",1,32877467,99.97
"38406","airmanship",1,32877468,99.97
"38407","airsick",1,32877469,99.97
"38408","airsickness",1,32877470,99.97
"38409","aisled",1,32877471,99.97
"38410","akamatsu",1,32877472,99.97
"38411","akaroa",1,32877473,99.97
"38412","akasa",1,32877474,99.97
"38413","aknee",1,32877475,99.97
"38414","alannah",1,32877476,99.97
"38415","alar",1,32877477,99.97
"38416","alarum",1,32877478,99.97
"38417","albe",1,32877479,99.97
"38418","alcaide",1,32877480,99.97
"38419","alcalde",1,32877481,99.97
"38420","aldehydic",1,32877482,99.97
"38421","aleatory",1,32877483,99.97
"38422","alen",1,32877484,99.97
"38423","alertly",1,32877485,99.97
"38424","alewife",1,32877486,99.97
"38425","alexandrite",1,32877487,99.97
"38426","alga",1,32877488,99.97
"38427","alguazil",1,32877489,99.97
"38428","alienage",1,32877490,99.97
"38429","alif",1,32877491,99.97
"38430","aliment",1,32877492,99.97
"38431","alimentation",1,32877493,99.97
"38432","alimentum",1,32877494,99.97
"38433","alin",1,32877495,99.97
"38434","aliphatic",1,32877496,99.97
"38435","alish",1,32877497,99.97
"38436","alkanet",1,32877498,99.97
"38437","allegiant",1,32877499,99.97
"38438","allelic",1,32877500,99.97
"38439","allemand",1,32877501,99.97
"38440","allemande",1,32877502,99.97
"38441","aller",1,32877503,99.97
"38442","allocator",1,32877504,99.97
"38443","allocution",1,32877505,99.97
"38444","allopathy",1,32877506,99.97
"38445","allotrope",1,32877507,99.97
"38446","allusiveness",1,32877508,99.97
"38447","alluvion",1,32877509,99.97
"38448","alluvium",1,32877510,99.97
"38449","almandine",1,32877511,99.97
"38450","almirah",1,32877512,99.97
"38451","almshouse",1,32877513,99.97
"38452","aln",1,32877514,99.97
"38453","alopecia",1,32877515,99.97
"38454","altared",1,32877516,99.97
"38455","alterable",1,32877517,99.97
"38456","alterant",1,32877518,99.97
"38457","alterative",1,32877519,99.97
"38458","altercate",1,32877520,99.97
"38459","alterity",1,32877521,99.97
"38460","alveoli",1,32877522,99.97
"38461","amain",1,32877523,99.97
"38462","amalaka",1,32877524,99.97
"38463","amang",1,32877525,99.97
"38464","amargoso",1,32877526,99.97
"38465","amative",1,32877527,99.97
"38466","amba",1,32877528,99.97
"38467","ambassadorship",1,32877529,99.97
"38468","ambassadress",1,32877530,99.97
"38469","ambery",1,32877531,99.97
"38470","ambidexterity",1,32877532,99.97
"38471","ambitionless",1,32877533,99.97
"38472","ambivert",1,32877534,99.97
"38473","ambon",1,32877535,99.97
"38474","ambrosiac",1,32877536,99.97
"38475","ambulate",1,32877537,99.97
"38476","ambulation",1,32877538,99.97
"38477","ambuscade",1,32877539,99.97
"38478","ambusher",1,32877540,99.97
"38479","amelioration",1,32877541,99.97
"38480","amendable",1,32877542,99.97
"38481","amenorrhea",1,32877543,99.97
"38482","amentum",1,32877544,99.97
"38483","americium",1,32877545,99.97
"38484","amicability",1,32877546,99.97
"38485","amil",1,32877547,99.97
"38486","amissibility",1,32877548,99.97
"38487","amissible",1,32877549,99.97
"38488","ammer",1,32877550,99.97
"38489","ammonite",1,32877551,99.97
"38490","amoeboid",1,32877552,99.97
"38491","amoroso",1,32877553,99.97
"38492","amorphously",1,32877554,99.97
"38493","amorphousness",1,32877555,99.97
"38494","amortize",1,32877556,99.97
"38495","amper",1,32877557,99.97
"38496","amphipod",1,32877558,99.97
"38497","amra",1,32877559,99.97
"38498","amuser",1,32877560,99.97
"38499","amusia",1,32877561,99.97
"38500","amyl",1,32877562,99.97
"38501","amyloidosis",1,32877563,99.97
"38502","anabo",1,32877564,99.97
"38503","anabolic",1,32877565,99.97
"38504","anadromous",1,32877566,99.97
"38505","anagnorisis",1,32877567,99.97
"38506","anagogic",1,32877568,99.97
"38507","analogically",1,32877569,99.97
"38508","analphabetic",1,32877570,99.97
"38509","analyser",1,32877571,99.97
"38510","analyzable",1,32877572,99.97
"38511","analyzation",1,32877573,99.97
"38512","anama",1,32877574,99.97
"38513","anarchical",1,32877575,99.97
"38514","anarchically",1,32877576,99.97
"38515","anastasis",1,32877577,99.97
"38516","anathematic",1,32877578,99.97
"38517","ancestrally",1,32877579,99.97
"38518","anchoretic",1,32877580,99.97
"38519","anchorless",1,32877581,99.97
"38520","anciently",1,32877582,99.97
"38521","ancientness",1,32877583,99.97
"38522","androgenic",1,32877584,99.97
"38523","androgyne",1,32877585,99.97
"38524","androl",1,32877586,99.97
"38525","anear",1,32877587,99.97
"38526","anecdotage",1,32877588,99.97
"38527","anecdotic",1,32877589,99.97
"38528","anencephaly",1,32877590,99.97
"38529","anent",1,32877591,99.97
"38530","anergy",1,32877592,99.97
"38531","aneurism",1,32877593,99.97
"38532","anfractuous",1,32877594,99.97
"38533","angelfish",1,32877595,99.97
"38534","angelical",1,32877596,99.97
"38535","angelology",1,32877597,99.97
"38536","angriness",1,32877598,99.97
"38537","angstrom",1,32877599,99.97
"38538","animalian",1,32877600,99.97
"38539","animalier",1,32877601,99.97
"38540","animalism",1,32877602,99.97
"38541","animally",1,32877603,99.97
"38542","anisometropia",1,32877604,99.97
"38543","anisotropic",1,32877605,99.97
"38544","annal",1,32877606,99.97
"38545","annelid",1,32877607,99.97
"38546","annexure",1,32877608,99.97
"38547","annihilationism",1,32877609,99.97
"38548","annihilative",1,32877610,99.97
"38549","annulation",1,32877611,99.97
"38550","annunciate",1,32877612,99.97
"38551","anointment",1,32877613,99.97
"38552","anomalist",1,32877614,99.97
"38553","anomalously",1,32877615,99.97
"38554","anoncillo",1,32877616,99.97
"38555","anonym",1,32877617,99.97
"38556","anonyma",1,32877618,99.97
"38557","anosmia",1,32877619,99.97
"38558","anosmic",1,32877620,99.97
"38559","answerability",1,32877621,99.97
"38560","anta",1,32877622,99.97
"38561","antecedence",1,32877623,99.97
"38562","antecedently",1,32877624,99.97
"38563","anterograde",1,32877625,99.97
"38564","anthocyanin",1,32877626,99.97
"38565","anthologist",1,32877627,99.97
"38566","anthropogony",1,32877628,99.97
"38567","anthroposophy",1,32877629,99.97
"38568","antiaircraft",1,32877630,99.97
"38569","anticlerical",1,32877631,99.97
"38570","anticommunist",1,32877632,99.97
"38571","antidiabetic",1,32877633,99.97
"38572","antifoaming",1,32877634,99.97
"38573","antigovernment",1,32877635,99.97
"38574","antimacassar",1,32877636,99.97
"38575","antimalarial",1,32877637,99.97
"38576","antipathetic",1,32877638,99.97
"38577","antipathize",1,32877639,99.97
"38578","antiphase",1,32877640,99.97
"38579","antiphonal",1,32877641,99.97
"38580","antiphonally",1,32877642,99.97
"38581","antipolo",1,32877643,99.97
"38582","antipope",1,32877644,99.97
"38583","antipoverty",1,32877645,99.97
"38584","antiquarianism",1,32877646,99.97
"38585","antireligious",1,32877647,99.97
"38586","antiscientific",1,32877648,99.97
"38587","antiscorbutic",1,32877649,99.97
"38588","antismoking",1,32877650,99.97
"38589","antispasmodic",1,32877651,99.97
"38590","antispastic",1,32877652,99.97
"38591","antitax",1,32877653,99.97
"38592","antitheistic",1,32877654,99.97
"38593","antithetically",1,32877655,99.97
"38594","antitype",1,32877656,99.97
"38595","antivenin",1,32877657,99.97
"38596","antonymous",1,32877658,99.97
"38597","antral",1,32877659,99.97
"38598","anywhy",1,32877660,99.97
"38599","anywise",1,32877661,99.97
"38600","aonach",1,32877662,99.97
"38601","apatite",1,32877663,99.97
"38602","apepsia",1,32877664,99.97
"38603","aper",1,32877665,99.97
"38604","apery",1,32877666,99.97
"38605","aphoristic",1,32877667,99.97
"38606","apiarist",1,32877668,99.97
"38607","apodyterium",1,32877669,99.97
"38608","apologetical",1,32877670,99.97
"38609","apophatic",1,32877671,99.97
"38610","apostil",1,32877672,99.97
"38611","apostolically",1,32877673,99.97
"38612","apothegm",1,32877674,99.97
"38613","apparence",1,32877675,99.97
"38614","apparitional",1,32877676,99.97
"38615","appeasable",1,32877677,99.97
"38616","apperceptive",1,32877678,99.97
"38617","applicative",1,32877679,99.97
"38618","applier",1,32877680,99.97
"38619","appose",1,32877681,99.97
"38620","apprehensiveness",1,32877682,99.97
"38621","apprize",1,32877683,99.97
"38622","appropriative",1,32877684,99.97
"38623","apriori",1,32877685,99.97
"38624","apsidal",1,32877686,99.97
"38625","aptness",1,32877687,99.97
"38626","aquascutum",1,32877688,99.97
"38627","aquatically",1,32877689,99.97
"38628","aquilino",1,32877690,99.97
"38629","arabit",1,32877691,99.97
"38630","arado",1,32877692,99.97
"38631","arba",1,32877693,99.97
"38632","arboricultural",1,32877694,99.97
"38633","arborvitae",1,32877695,99.97
"38634","arbutin",1,32877696,99.97
"38635","arbutus",1,32877697,99.97
"38636","arcanum",1,32877698,99.97
"38637","archaeologically",1,32877699,99.97
"38638","archaically",1,32877700,99.97
"38639","archaism",1,32877701,99.97
"38640","archangelic",1,32877702,99.97
"38641","archducal",1,32877703,99.97
"38642","archduchy",1,32877704,99.97
"38643","arche",1,32877705,99.97
"38644","archimandrite",1,32877706,99.97
"38645","arcuate",1,32877707,99.97
"38646","ardoise",1,32877708,99.97
"38647","aread",1,32877709,99.97
"38648","arginine",1,32877710,99.97
"38649","argumentativeness",1,32877711,99.97
"38650","aridly",1,32877712,99.97
"38651","arist",1,32877713,99.97
"38652","arithmetical",1,32877714,99.97
"38653","arithmomania",1,32877715,99.97
"38654","armer",1,32877716,99.97
"38655","armet",1,32877717,99.97
"38656","armorial",1,32877718,99.97
"38657","arni",1,32877719,99.97
"38658","aromatically",1,32877720,99.97
"38659","arrestee",1,32877721,99.97
"38660","arrestor",1,32877722,99.97
"38661","arrhythmic",1,32877723,99.97
"38662","arriere",1,32877724,99.97
"38663","arrogantness",1,32877725,99.97
"38664","arrogate",1,32877726,99.97
"38665","arrogation",1,32877727,99.97
"38666","arrowleaf",1,32877728,99.97
"38667","arrowwood",1,32877729,99.97
"38668","artal",1,32877730,99.97
"38669","artcraft",1,32877731,99.97
"38670","articular",1,32877732,99.97
"38671","artilleryman",1,32877733,99.97
"38672","artiness",1,32877734,99.97
"38673","artiodactyl",1,32877735,99.97
"38674","arupa",1,32877736,99.97
"38675","arx",1,32877737,99.97
"38676","ary",1,32877738,99.97
"38677","ascendence",1,32877739,99.97
"38678","ascertainment",1,32877740,99.97
"38679","ascetically",1,32877741,99.97
"38680","asdic",1,32877742,99.97
"38681","aseismic",1,32877743,99.97
"38682","aseptic",1,32877744,99.97
"38683","aseptically",1,32877745,99.97
"38684","ashiness",1,32877746,99.97
"38685","ashpit",1,32877747,99.97
"38686","askar",1,32877748,99.97
"38687","aspergillosis",1,32877749,99.97
"38688","aspergillus",1,32877750,99.97
"38689","aspirator",1,32877751,99.97
"38690","assailment",1,32877752,99.97
"38691","assaulter",1,32877753,99.97
"38692","assaying",1,32877754,99.97
"38693","asse",1,32877755,99.97
"38694","assenting",1,32877756,99.97
"38695","assertable",1,32877757,99.97
"38696","assessable",1,32877758,99.97
"38697","assiduity",1,32877759,99.97
"38698","assignor",1,32877760,99.97
"38699","assimilationist",1,32877761,99.97
"38700","assimilator",1,32877762,99.97
"38701","assise",1,32877763,99.97
"38702","assizes",1,32877764,99.97
"38703","associationism",1,32877765,99.97
"38704","assuasive",1,32877766,99.97
"38705","assumable",1,32877767,99.97
"38706","assumpsit",1,32877768,99.97
"38707","assuringly",1,32877769,99.97
"38708","asterioid",1,32877770,99.97
"38709","asterism",1,32877771,99.97
"38710","astern",1,32877772,99.97
"38711","asthenic",1,32877773,99.97
"38712","astigmatic",1,32877774,99.97
"38713","astir",1,32877775,99.97
"38714","astonied",1,32877776,99.97
"38715","astraddle",1,32877777,99.97
"38716","astrain",1,32877778,99.97
"38717","astrally",1,32877779,99.97
"38718","astrolabe",1,32877780,99.97
"38719","astronomics",1,32877781,99.97
"38720","astrophotography",1,32877782,99.97
"38721","atap",1,32877783,99.97
"38722","ataraxia",1,32877784,99.97
"38723","atavist",1,32877785,99.97
"38724","atef",1,32877786,99.97
"38725","atemporal",1,32877787,99.97
"38726","atheistical",1,32877788,99.97
"38727","athematic",1,32877789,99.97
"38728","athenee",1,32877790,99.97
"38729","atilt",1,32877791,99.97
"38730","atip",1,32877792,99.97
"38731","atis",1,32877793,99.97
"38732","atmospherically",1,32877794,99.97
"38733","atocha",1,32877795,99.97
"38734","atrioventricular",1,32877796,99.97
"38735","atrip",1,32877797,99.97
"38736","atrociousness",1,32877798,99.97
"38737","attercop",1,32877799,99.97
"38738","attrite",1,32877800,99.97
"38739","atune",1,32877801,99.97
"38740","auca",1,32877802,99.97
"38741","audaciousness",1,32877803,99.97
"38742","audient",1,32877804,99.97
"38743","audiogenic",1,32877805,99.97
"38744","auditorially",1,32877806,99.97
"38745","auditorily",1,32877807,99.97
"38746","auge",1,32877808,99.97
"38747","augen",1,32877809,99.97
"38748","auh",1,32877810,99.97
"38749","aulos",1,32877811,99.97
"38750","aurantium",1,32877812,99.97
"38751","auricle",1,32877813,99.97
"38752","aurochs",1,32877814,99.97
"38753","aurum",1,32877815,99.97
"38754","auscultation",1,32877816,99.97
"38755","auspice",1,32877817,99.97
"38756","auspiciousness",1,32877818,99.97
"38757","austenite",1,32877819,99.97
"38758","australopithecine",1,32877820,99.97
"38759","autarchic",1,32877821,99.97
"38760","autarkist",1,32877822,99.98
"38761","autarky",1,32877823,99.98
"38762","authorizer",1,32877824,99.98
"38763","authorly",1,32877825,99.98
"38764","autoasphyxiation",1,32877826,99.98
"38765","autobiographic",1,32877827,99.98
"38766","autocephalous",1,32877828,99.98
"38767","autocephaly",1,32877829,99.98
"38768","autochemical",1,32877830,99.98
"38769","autochthonous",1,32877831,99.98
"38770","autodrome",1,32877832,99.98
"38771","autoeroticism",1,32877833,99.98
"38772","autogenic",1,32877834,99.98
"38773","autoignition",1,32877835,99.98
"38774","autoimmunity",1,32877836,99.98
"38775","automatical",1,32877837,99.98
"38776","automatous",1,32877838,99.98
"38777","automobilist",1,32877839,99.98
"38778","autonomist",1,32877840,99.98
"38779","autonym",1,32877841,99.98
"38780","autosensitization",1,32877842,99.98
"38781","autrefois",1,32877843,99.98
"38782","aval",1,32877844,99.98
"38783","avaunt",1,32877845,99.98
"38784","avens",1,32877846,99.98
"38785","aviate",1,32877847,99.98
"38786","aviatrix",1,32877848,99.98
"38787","avital",1,32877849,99.98
"38788","avuncular",1,32877850,99.98
"38789","aweary",1,32877851,99.98
"38790","awee",1,32877852,99.98
"38791","awfu",1,32877853,99.98
"38792","awhirl",1,32877854,99.98
"38793","awide",1,32877855,99.98
"38794","axolotl",1,32877856,99.98
"38795","axon",1,32877857,99.98
"38796","axonal",1,32877858,99.98
"38797","axonometric",1,32877859,99.98
"38798","azide",1,32877860,99.98
"38799","azimuthal",1,32877861,99.98
"38800","azine",1,32877862,99.98
"38801","azo",1,32877863,99.98
"38802","azon",1,32877864,99.98
"38803","baar",1,32877865,99.98
"38804","babassu",1,32877866,99.98
"38805","babaylan",1,32877867,99.98
"38806","babbler",1,32877868,99.98
"38807","babouche",1,32877869,99.98
"38808","babydom",1,32877870,99.98
"38809","babyishly",1,32877871,99.98
"38810","babylike",1,32877872,99.98
"38811","bacchantes",1,32877873,99.98
"38812","bacillary",1,32877874,99.98
"38813","bacilli",1,32877875,99.98
"38814","backbiter",1,32877876,99.98
"38815","backboned",1,32877877,99.98
"38816","backheel",1,32877878,99.98
"38817","backplate",1,32877879,99.98
"38818","backswing",1,32877880,99.98
"38819","backwardly",1,32877881,99.98
"38820","backwood",1,32877882,99.98
"38821","backwoodsy",1,32877883,99.98
"38822","badgeringly",1,32877884,99.98
"38823","badland",1,32877885,99.98
"38824","bago",1,32877886,99.98
"38825","bahan",1,32877887,99.98
"38826","bailable",1,32877888,99.98
"38827","bailer",1,32877889,99.98
"38828","bailiwick",1,32877890,99.98
"38829","bailor",1,32877891,99.98
"38830","baize",1,32877892,99.98
"38831","baken",1,32877893,99.98
"38832","bakepan",1,32877894,99.98
"38833","balai",1,32877895,99.98
"38834","balancer",1,32877896,99.98
"38835","balandra",1,32877897,99.98
"38836","balata",1,32877898,99.98
"38837","balbriggan",1,32877899,99.98
"38838","baldric",1,32877900,99.98
"38839","baleen",1,32877901,99.98
"38840","balefire",1,32877902,99.98
"38841","balita",1,32877903,99.98
"38842","balky",1,32877904,99.98
"38843","balladic",1,32877905,99.98
"38844","ballam",1,32877906,99.98
"38845","balletic",1,32877907,99.98
"38846","ballistically",1,32877908,99.98
"38847","balloonist",1,32877909,99.98
"38848","balneology",1,32877910,99.98
"38849","balsamroot",1,32877911,99.98
"38850","balter",1,32877912,99.98
"38851","balustraded",1,32877913,99.98
"38852","banca",1,32877914,99.98
"38853","banditti",1,32877915,99.98
"38854","bandmaster",1,32877916,99.98
"38855","bandster",1,32877917,99.98
"38856","bangled",1,32877918,99.98
"38857","banian",1,32877919,99.98
"38858","banig",1,32877920,99.98
"38859","baniya",1,32877921,99.98
"38860","bankbook",1,32877922,99.98
"38861","bannered",1,32877923,99.98
"38862","barabara",1,32877924,99.98
"38863","barbarously",1,32877925,99.98
"38864","barbe",1,32877926,99.98
"38865","barberry",1,32877927,99.98
"38866","barbotine",1,32877928,99.98
"38867","barcarole",1,32877929,99.98
"38868","barcella",1,32877930,99.98
"38869","bardic",1,32877931,99.98
"38870","barebone",1,32877932,99.98
"38871","bareheaded",1,32877933,99.98
"38872","barger",1,32877934,99.98
"38873","barie",1,32877935,99.98
"38874","barish",1,32877936,99.98
"38875","barnstormer",1,32877937,99.98
"38876","barrelage",1,32877938,99.98
"38877","barytes",1,32877939,99.98
"38878","basale",1,32877940,99.98
"38879","baselessly",1,32877941,99.98
"38880","basenji",1,32877942,99.98
"38881","basilic",1,32877943,99.98
"38882","basketballer",1,32877944,99.98
"38883","basketmaker",1,32877945,99.98
"38884","bassan",1,32877946,99.98
"38885","bassoonist",1,32877947,99.98
"38886","basten",1,32877948,99.98
"38887","baston",1,32877949,99.98
"38888","batara",1,32877950,99.98
"38889","batcher",1,32877951,99.98
"38890","bathetic",1,32877952,99.98
"38891","bathysphere",1,32877953,99.98
"38892","batlike",1,32877954,99.98
"38893","batta",1,32877955,99.98
"38894","battlewagon",1,32877956,99.98
"38895","baud",1,32877957,99.98
"38896","bawarchi",1,32877958,99.98
"38897","bawdry",1,32877959,99.98
"38898","bawley",1,32877960,99.98
"38899","baya",1,32877961,99.98
"38900","bayberry",1,32877962,99.98
"38901","bazoo",1,32877963,99.98
"38902","beamingly",1,32877964,99.98
"38903","beamy",1,32877965,99.98
"38904","bearably",1,32877966,99.98
"38905","beardie",1,32877967,99.98
"38906","beardtongue",1,32877968,99.98
"38907","bearishness",1,32877969,99.98
"38908","beastlike",1,32877970,99.98
"38909","beastliness",1,32877971,99.98
"38910","beatifically",1,32877972,99.98
"38911","beatus",1,32877973,99.98
"38912","becloud",1,32877974,99.98
"38913","becomingness",1,32877975,99.98
"38914","bedazzlement",1,32877976,99.98
"38915","bedazzling",1,32877977,99.98
"38916","bedfellow",1,32877978,99.98
"38917","bedmate",1,32877979,99.98
"38918","bedragglement",1,32877980,99.98
"38919","bedrail",1,32877981,99.98
"38920","bedstand",1,32877982,99.98
"38921","beechnut",1,32877983,99.98
"38922","beerhouse",1,32877984,99.98
"38923","beerily",1,32877985,99.98
"38924","beeriness",1,32877986,99.98
"38925","beermaker",1,32877987,99.98
"38926","beest",1,32877988,99.98
"38927","beetled",1,32877989,99.98
"38928","befoul",1,32877990,99.98
"38929","befuddle",1,32877991,99.98
"38930","beggarman",1,32877992,99.98
"38931","beggary",1,32877993,99.98
"38932","bego",1,32877994,99.98
"38933","beguiler",1,32877995,99.98
"38934","beguine",1,32877996,99.98
"38935","behatted",1,32877997,99.98
"38936","behavioristic",1,32877998,99.98
"38937","behinder",1,32877999,99.98
"38938","bejan",1,32878000,99.98
"38939","beknown",1,32878001,99.98
"38940","belga",1,32878002,99.98
"38941","bellhop",1,32878003,99.98
"38942","bellicosity",1,32878004,99.98
"38943","belligerently",1,32878005,99.98
"38944","bellwood",1,32878006,99.98
"38945","bellying",1,32878007,99.98
"38946","belton",1,32878008,99.98
"38947","bely",1,32878009,99.98
"38948","bemix",1,32878010,99.98
"38949","benami",1,32878011,99.98
"38950","benda",1,32878012,99.98
"38951","benedicite",1,32878013,99.98
"38952","benefactress",1,32878014,99.98
"38953","benefice",1,32878015,99.98
"38954","beneficently",1,32878016,99.98
"38955","bengaline",1,32878017,99.98
"38956","benightedness",1,32878018,99.98
"38957","benignantly",1,32878019,99.98
"38958","bentonite",1,32878020,99.98
"38959","benumb",1,32878021,99.98
"38960","benumbed",1,32878022,99.98
"38961","benzyl",1,32878023,99.98
"38962","berakoth",1,32878024,99.98
"38963","bere",1,32878025,99.98
"38964","bereave",1,32878026,99.98
"38965","beriberi",1,32878027,99.98
"38966","berkelium",1,32878028,99.98
"38967","berline",1,32878029,99.98
"38968","berylline",1,32878030,99.98
"38969","beryllium",1,32878031,99.98
"38970","beseechingly",1,32878032,99.98
"38971","beseem",1,32878033,99.98
"38972","besmear",1,32878034,99.98
"38973","besought",1,32878035,99.98
"38974","bespell",1,32878036,99.98
"38975","bessemer",1,32878037,99.98
"38976","bestill",1,32878038,99.98
"38977","bestower",1,32878039,99.98
"38978","bestride",1,32878040,99.98
"38979","bethabara",1,32878041,99.98
"38980","bethought",1,32878042,99.98
"38981","betimes",1,32878043,99.98
"38982","betis",1,32878044,99.98
"38983","betoken",1,32878045,99.98
"38984","betted",1,32878046,99.98
"38985","betterness",1,32878047,99.98
"38986","betulin",1,32878048,99.98
"38987","betulinic",1,32878049,99.98
"38988","bever",1,32878050,99.98
"38989","bewailing",1,32878051,99.98
"38990","bewilderingly",1,32878052,99.98
"38991","bewitchingly",1,32878053,99.98
"38992","bezique",1,32878054,99.98
"38993","bhagavata",1,32878055,99.98
"38994","bhakta",1,32878056,99.98
"38995","bhara",1,32878057,99.98
"38996","bharal",1,32878058,99.98
"38997","bhut",1,32878059,99.98
"38998","bibliographer",1,32878060,99.98
"38999","bibliology",1,32878061,99.98
"39000","bibliomania",1,32878062,99.98
"39001","bibliophilic",1,32878063,99.98
"39002","bibliotheca",1,32878064,99.98
"39003","bibulous",1,32878065,99.98
"39004","bichir",1,32878066,99.98
"39005","bicorn",1,32878067,99.98
"39006","bicuspid",1,32878068,99.98
"39007","bicycler",1,32878069,99.98
"39008","bidirectional",1,32878070,99.98
"39009","biennia",1,32878071,99.98
"39010","bifold",1,32878072,99.98
"39011","biga",1,32878073,99.98
"39012","bigamous",1,32878074,99.98
"39013","bighead",1,32878075,99.98
"39014","bilaterally",1,32878076,99.98
"39015","bilberry",1,32878077,99.98
"39016","bilk",1,32878078,99.98
"39017","billabong",1,32878079,99.98
"39018","billman",1,32878080,99.98
"39019","billycock",1,32878081,99.98
"39020","bilocation",1,32878082,99.98
"39021","bimaculated",1,32878083,99.98
"39022","bimodal",1,32878084,99.98
"39023","binaural",1,32878085,99.98
"39024","bindery",1,32878086,99.98
"39025","bindle",1,32878087,99.98
"39026","bindweed",1,32878088,99.98
"39027","bingle",1,32878089,99.98
"39028","bino",1,32878090,99.98
"39029","binomial",1,32878091,99.98
"39030","biosocial",1,32878092,99.98
"39031","biosynthesis",1,32878093,99.98
"39032","biotope",1,32878094,99.98
"39033","biphenyl",1,32878095,99.98
"39034","birchbark",1,32878096,99.98
"39035","birchen",1,32878097,99.98
"39036","birdcatcher",1,32878098,99.98
"39037","biri",1,32878099,99.98
"39038","birkie",1,32878100,99.98
"39039","birn",1,32878101,99.98
"39040","bishopric",1,32878102,99.98
"39041","bisulphate",1,32878103,99.98
"39042","bitartrate",1,32878104,99.98
"39043","bitterish",1,32878105,99.98
"39044","bittern",1,32878106,99.98
"39045","bitterwood",1,32878107,99.98
"39046","bitwise",1,32878108,99.98
"39047","bivalve",1,32878109,99.98
"39048","blackacre",1,32878110,99.98
"39049","blackbirding",1,32878111,99.98
"39050","blackfish",1,32878112,99.98
"39051","blackpoll",1,32878113,99.98
"39052","blacky",1,32878114,99.98
"39053","blad",1,32878115,99.98
"39054","bladebone",1,32878116,99.98
"39055","blain",1,32878117,99.98
"39056","blan",1,32878118,99.98
"39057","blanda",1,32878119,99.98
"39058","blandishment",1,32878120,99.98
"39059","blas",1,32878121,99.98
"39060","blasphemously",1,32878122,99.98
"39061","blastoma",1,32878123,99.98
"39062","blatancy",1,32878124,99.98
"39063","blate",1,32878125,99.98
"39064","blatherskite",1,32878126,99.98
"39065","bleaty",1,32878127,99.98
"39066","blee",1,32878128,99.98
"39067","bleeze",1,32878129,99.98
"39068","blellum",1,32878130,99.98
"39069","blent",1,32878131,99.98
"39070","blesbok",1,32878132,99.98
"39071","blesser",1,32878133,99.98
"39072","blithesome",1,32878134,99.98
"39073","blobbed",1,32878135,99.98
"39074","blockheaded",1,32878136,99.98
"39075","blondeness",1,32878137,99.98
"39076","bloodlessness",1,32878138,99.98
"39077","bloodletter",1,32878139,99.98
"39078","bloodthirst",1,32878140,99.98
"39079","bloodwood",1,32878141,99.98
"39080","bloodwort",1,32878142,99.98
"39081","blooey",1,32878143,99.98
"39082","bloomy",1,32878144,99.98
"39083","blooping",1,32878145,99.98
"39084","blore",1,32878146,99.98
"39085","blotty",1,32878147,99.98
"39086","blout",1,32878148,99.98
"39087","blowfly",1,32878149,99.98
"39088","bluecoat",1,32878150,99.98
"39089","blueing",1,32878151,99.98
"39090","bluetongue",1,32878152,99.98
"39091","bluffer",1,32878153,99.98
"39092","blunderer",1,32878154,99.98
"39093","blunderful",1,32878155,99.98
"39094","blunter",1,32878156,99.98
"39095","blushful",1,32878157,99.98
"39096","blushy",1,32878158,99.98
"39097","boardy",1,32878159,99.98
"39098","boaster",1,32878160,99.98
"39099","boatful",1,32878161,99.98
"39100","boatswain",1,32878162,99.98
"39101","bocardo",1,32878163,99.98
"39102","boder",1,32878164,99.98
"39103","bodge",1,32878165,99.98
"39104","bodkin",1,32878166,99.98
"39105","bodle",1,32878167,99.98
"39106","boga",1,32878168,99.98
"39107","bogginess",1,32878169,99.98
"39108","bogue",1,32878170,99.98
"39109","bogy",1,32878171,99.98
"39110","boilerhouse",1,32878172,99.98
"39111","boilover",1,32878173,99.98
"39112","bojo",1,32878174,99.98
"39113","bokom",1,32878175,99.98
"39114","bolled",1,32878176,99.98
"39115","boller",1,32878177,99.98
"39116","bolson",1,32878178,99.98
"39117","bolthole",1,32878179,99.98
"39118","bombarde",1,32878180,99.98
"39119","bonce",1,32878181,99.98
"39120","bondwoman",1,32878182,99.98
"39121","bonspiel",1,32878183,99.98
"39122","bontebok",1,32878184,99.98
"39123","bookiness",1,32878185,99.98
"39124","bookpress",1,32878186,99.98
"39125","boomlet",1,32878187,99.98
"39126","boomslang",1,32878188,99.98
"39127","boose",1,32878189,99.98
"39128","bootee",1,32878190,99.98
"39129","bootless",1,32878191,99.98
"39130","borate",1,32878192,99.98
"39131","bordel",1,32878193,99.98
"39132","bordure",1,32878194,99.98
"39133","borsch",1,32878195,99.98
"39134","borsht",1,32878196,99.98
"39135","bortz",1,32878197,99.98
"39136","bosher",1,32878198,99.98
"39137","bosomed",1,32878199,99.98
"39138","bosomy",1,32878200,99.98
"39139","bosporus",1,32878201,99.98
"39140","bossiness",1,32878202,99.98
"39141","bote",1,32878203,99.98
"39142","boud",1,32878204,99.98
"39143","bouge",1,32878205,99.98
"39144","bougie",1,32878206,99.98
"39145","boulter",1,32878207,99.98
"39146","boundedness",1,32878208,99.98
"39147","bounden",1,32878209,99.98
"39148","boundlessly",1,32878210,99.98
"39149","bouse",1,32878211,99.98
"39150","bowerbird",1,32878212,99.98
"39151","boxboard",1,32878213,99.98
"39152","boxkeeper",1,32878214,99.98
"39153","boxthorn",1,32878215,99.98
"39154","boxwallah",1,32878216,99.98
"39155","boyishness",1,32878217,99.98
"39156","braceleted",1,32878218,99.98
"39157","brachiate",1,32878219,99.98
"39158","brachiosaur",1,32878220,99.98
"39159","brachycardia",1,32878221,99.98
"39160","bracketing",1,32878222,99.98
"39161","bradmaker",1,32878223,99.98
"39162","bradycardia",1,32878224,99.98
"39163","bradykinesia",1,32878225,99.98
"39164","brainlessly",1,32878226,99.98
"39165","brainsick",1,32878227,99.98
"39166","brainwork",1,32878228,99.98
"39167","brambly",1,32878229,99.98
"39168","brancher",1,32878230,99.98
"39169","branchless",1,32878231,99.98
"39170","branner",1,32878232,99.98
"39171","brasque",1,32878233,99.98
"39172","brattish",1,32878234,99.98
"39173","braveness",1,32878235,99.98
"39174","breacher",1,32878236,99.98
"39175","breadbox",1,32878237,99.98
"39176","breadfruit",1,32878238,99.98
"39177","breadwinning",1,32878239,99.98
"39178","breastwork",1,32878240,99.98
"39179","breathiness",1,32878241,99.98
"39180","brecken",1,32878242,99.98
"39181","breek",1,32878243,99.98
"39182","brey",1,32878244,99.98
"39183","brickbat",1,32878245,99.98
"39184","brickle",1,32878246,99.98
"39185","bricky",1,32878247,99.98
"39186","brickyard",1,32878248,99.98
"39187","bridally",1,32878249,99.98
"39188","bridebed",1,32878250,99.98
"39189","bridewell",1,32878251,99.98
"39190","bridgeway",1,32878252,99.98
"39191","bridled",1,32878253,99.98
"39192","bridling",1,32878254,99.98
"39193","brightwork",1,32878255,99.98
"39194","brilliancy",1,32878256,99.98
"39195","brilliantine",1,32878257,99.98
"39196","brimmer",1,32878258,99.98
"39197","brininess",1,32878259,99.98
"39198","brisque",1,32878260,99.98
"39199","brither",1,32878261,99.98
"39200","broadhead",1,32878262,99.98
"39201","broadish",1,32878263,99.98
"39202","brocaded",1,32878264,99.98
"39203","brocard",1,32878265,99.98
"39204","brochette",1,32878266,99.98
"39205","brodequin",1,32878267,99.98
"39206","brokenly",1,32878268,99.98
"39207","broking",1,32878269,99.98
"39208","broma",1,32878270,99.98
"39209","brome",1,32878271,99.98
"39210","bromeliad",1,32878272,99.98
"39211","bronchodilator",1,32878273,99.98
"39212","brot",1,32878274,99.98
"39213","brownness",1,32878275,99.98
"39214","bruit",1,32878276,99.98
"39215","brunet",1,32878277,99.98
"39216","bruting",1,32878278,99.98
"39217","brutishly",1,32878279,99.98
"39218","brutishness",1,32878280,99.98
"39219","buba",1,32878281,99.98
"39220","bubbler",1,32878282,99.98
"39221","bucca",1,32878283,99.98
"39222","buckbrush",1,32878284,99.98
"39223","buckie",1,32878285,99.98
"39224","buckram",1,32878286,99.98
"39225","buddle",1,32878287,99.98
"39226","budgerigar",1,32878288,99.98
"39227","budgeter",1,32878289,99.98
"39228","bufflehead",1,32878290,99.98
"39229","bulblet",1,32878291,99.98
"39230","bulbul",1,32878292,99.98
"39231","bulkily",1,32878293,99.98
"39232","bullheadedly",1,32878294,99.98
"39233","bullishly",1,32878295,99.98
"39234","bullous",1,32878296,99.98
"39235","bullyism",1,32878297,99.98
"39236","bulrush",1,32878298,99.98
"39237","bult",1,32878299,99.98
"39238","bulter",1,32878300,99.98
"39239","bumpkinish",1,32878301,99.98
"39240","buna",1,32878302,99.98
"39241","bundler",1,32878303,99.98
"39242","bungo",1,32878304,99.98
"39243","bunnell",1,32878305,99.98
"39244","bunted",1,32878306,99.98
"39245","buntline",1,32878307,99.98
"39246","bunton",1,32878308,99.98
"39247","bunyip",1,32878309,99.98
"39248","buoyance",1,32878310,99.98
"39249","burble",1,32878311,99.98
"39250","burd",1,32878312,99.98
"39251","bure",1,32878313,99.98
"39252","bureaucratization",1,32878314,99.98
"39253","bureaux",1,32878315,99.98
"39254","burgeon",1,32878316,99.98
"39255","burgher",1,32878317,99.98
"39256","burglarious",1,32878318,99.98
"39257","burglarize",1,32878319,99.98
"39258","burgomaster",1,32878320,99.98
"39259","burgoyne",1,32878321,99.98
"39260","burian",1,32878322,99.98
"39261","burled",1,32878323,99.98
"39262","burnisher",1,32878324,99.98
"39263","burnoose",1,32878325,99.98
"39264","burred",1,32878326,99.98
"39265","burster",1,32878327,99.98
"39266","bushbuck",1,32878328,99.98
"39267","bushcraft",1,32878329,99.98
"39268","bushed",1,32878330,99.98
"39269","bushi",1,32878331,99.98
"39270","bushing",1,32878332,99.98
"39271","bushranger",1,32878333,99.98
"39272","busk",1,32878334,99.98
"39273","butane",1,32878335,99.98
"39274","butanol",1,32878336,99.98
"39275","butterfat",1,32878337,99.98
"39276","butterless",1,32878338,99.98
"39277","buttonwood",1,32878339,99.98
"39278","butyrolactone",1,32878340,99.98
"39279","buyable",1,32878341,99.98
"39280","buzzle",1,32878342,99.98
"39281","byre",1,32878343,99.98
"39282","bywoner",1,32878344,99.98
"39283","caam",1,32878345,99.98
"39284","cabalistic",1,32878346,99.98
"39285","caban",1,32878347,99.98
"39286","cabdriver",1,32878348,99.98
"39287","cabezon",1,32878349,99.98
"39288","cackler",1,32878350,99.98
"39289","cacophonic",1,32878351,99.98
"39290","caddish",1,32878352,99.98
"39291","cahoot",1,32878353,99.98
"39292","caid",1,32878354,99.98
"39293","cairngorm",1,32878355,99.98
"39294","caisson",1,32878356,99.98
"39295","cajolement",1,32878357,99.98
"39296","cajoler",1,32878358,99.98
"39297","cakemaker",1,32878359,99.98
"39298","calabash",1,32878360,99.98
"39299","calaboose",1,32878361,99.98
"39300","calamint",1,32878362,99.98
"39301","calamus",1,32878363,99.98
"39302","calander",1,32878364,99.98
"39303","calascione",1,32878365,99.98
"39304","calcify",1,32878366,99.98
"39305","calcination",1,32878367,99.98
"39306","calcine",1,32878368,99.98
"39307","calculatory",1,32878369,99.98
"39308","calculi",1,32878370,99.98
"39309","calculous",1,32878371,99.98
"39310","calkin",1,32878372,99.98
"39311","calking",1,32878373,99.98
"39312","calliper",1,32878374,99.98
"39313","callipygian",1,32878375,99.98
"39314","callus",1,32878376,99.98
"39315","calmative",1,32878377,99.98
"39316","calmy",1,32878378,99.98
"39317","calorimetry",1,32878379,99.98
"39318","calumet",1,32878380,99.98
"39319","calved",1,32878381,99.98
"39320","calyces",1,32878382,99.98
"39321","cameral",1,32878383,99.98
"39322","camise",1,32878384,99.98
"39323","campane",1,32878385,99.98
"39324","campanologist",1,32878386,99.98
"39325","canalside",1,32878387,99.98
"39326","canaster",1,32878388,99.98
"39327","candelabrum",1,32878389,99.98
"39328","candlemaker",1,32878390,99.98
"39329","candlenut",1,32878391,99.98
"39330","candlestand",1,32878392,99.98
"39331","candytuft",1,32878393,99.98
"39332","canebrake",1,32878394,99.98
"39333","caner",1,32878395,99.98
"39334","cankerworm",1,32878396,99.98
"39335","cannet",1,32878397,99.98
"39336","canniness",1,32878398,99.98
"39337","canoeist",1,32878399,99.98
"39338","canonic",1,32878400,99.98
"39339","canopic",1,32878401,99.98
"39340","canorous",1,32878402,99.98
"39341","cantharidin",1,32878403,99.98
"39342","cantillation",1,32878404,99.98
"39343","cantonal",1,32878405,99.98
"39344","cantonment",1,32878406,99.98
"39345","caoutchouc",1,32878407,99.98
"39346","capaciously",1,32878408,99.98
"39347","caparison",1,32878409,99.98
"39348","capitalistically",1,32878410,99.98
"39349","capitally",1,32878411,99.98
"39350","capless",1,32878412,99.98
"39351","capric",1,32878413,99.98
"39352","caprine",1,32878414,99.98
"39353","capriole",1,32878415,99.98
"39354","capryl",1,32878416,99.98
"39355","caprylyl",1,32878417,99.98
"39356","capsular",1,32878418,99.98
"39357","caracol",1,32878419,99.98
"39358","caramba",1,32878420,99.98
"39359","caravel",1,32878421,99.98
"39360","carbamide",1,32878422,99.98
"39361","carbinol",1,32878423,99.98
"39362","carbonaceous",1,32878424,99.98
"39363","carboniferous",1,32878425,99.98
"39364","carbuncle",1,32878426,99.98
"39365","carcinoid",1,32878427,99.98
"39366","carder",1,32878428,99.98
"39367","cardial",1,32878429,99.98
"39368","cardiorespiratory",1,32878430,99.98
"39369","cardoon",1,32878431,99.98
"39370","carest",1,32878432,99.98
"39371","carful",1,32878433,99.98
"39372","carga",1,32878434,99.98
"39373","carillon",1,32878435,99.98
"39374","carking",1,32878436,99.98
"39375","carlings",1,32878437,99.98
"39376","carminic",1,32878438,99.98
"39377","carnic",1,32878439,99.98
"39378","carnifex",1,32878440,99.98
"39379","caroler",1,32878441,99.98
"39380","carone",1,32878442,99.98
"39381","carousal",1,32878443,99.98
"39382","carpingly",1,32878444,99.98
"39383","carrageen",1,32878445,99.98
"39384","carroty",1,32878446,99.98
"39385","carse",1,32878447,99.98
"39386","cartage",1,32878448,99.98
"39387","cartographic",1,32878449,99.98
"39388","caryophyllene",1,32878450,99.98
"39389","cascara",1,32878451,99.98
"39390","casebook",1,32878452,99.98
"39391","caseous",1,32878453,99.98
"39392","cashaw",1,32878454,99.98
"39393","casking",1,32878455,99.98
"39394","cassady",1,32878456,99.98
"39395","cassation",1,32878457,99.98
"39396","cassock",1,32878458,99.98
"39397","cassolette",1,32878459,99.98
"39398","cassonade",1,32878460,99.98
"39399","cassowary",1,32878461,99.98
"39400","castellan",1,32878462,99.98
"39401","castoff",1,32878463,99.98
"39402","catabolic",1,32878464,99.98
"39403","catafalque",1,32878465,99.98
"39404","catalpa",1,32878466,99.98
"39405","catalysis",1,32878467,99.98
"39406","catalytically",1,32878468,99.98
"39407","catamite",1,32878469,99.98
"39408","catamount",1,32878470,99.98
"39409","catchcry",1,32878471,99.98
"39410","catchfly",1,32878472,99.98
"39411","caterwaul",1,32878473,99.98
"39412","catheterize",1,32878474,99.98
"39413","cathexis",1,32878475,99.98
"39414","catholicalness",1,32878476,99.98
"39415","catmint",1,32878477,99.98
"39416","cattish",1,32878478,99.98
"39417","cattleya",1,32878479,99.98
"39418","cauda",1,32878480,99.98
"39419","caudle",1,32878481,99.98
"39420","caulis",1,32878482,99.98
"39421","causer",1,32878483,99.98
"39422","cauterization",1,32878484,99.98
"39423","cautery",1,32878485,99.98
"39424","cavalla",1,32878486,99.98
"39425","cavatina",1,32878487,99.98
"39426","cavesson",1,32878488,99.98
"39427","cavitation",1,32878489,99.98
"39428","cavy",1,32878490,99.98
"39429","cecils",1,32878491,99.98
"39430","cedarn",1,32878492,99.98
"39431","ceder",1,32878493,99.98
"39432","cedre",1,32878494,99.98
"39433","celesta",1,32878495,99.98
"39434","celestially",1,32878496,99.98
"39435","celloist",1,32878497,99.98
"39436","cellularity",1,32878498,99.98
"39437","censorable",1,32878499,99.98
"39438","censorial",1,32878500,99.98
"39439","centavo",1,32878501,99.98
"39440","centerboard",1,32878502,99.98
"39441","centralist",1,32878503,99.98
"39442","centrifugation",1,32878504,99.98
"39443","cephalon",1,32878505,99.98
"39444","cephalopodan",1,32878506,99.98
"39445","cere",1,32878507,99.98
"39446","cerebella",1,32878508,99.98
"39447","cerebration",1,32878509,99.98
"39448","cerement",1,32878510,99.98
"39449","ceremoniousness",1,32878511,99.98
"39450","cerium",1,32878512,99.98
"39451","ceruse",1,32878513,99.98
"39452","cession",1,32878514,99.98
"39453","cesspit",1,32878515,99.98
"39454","ceti",1,32878516,99.98
"39455","cetology",1,32878517,99.98
"39456","chaa",1,32878518,99.98
"39457","chafer",1,32878519,99.98
"39458","chaffy",1,32878520,99.98
"39459","chalkiness",1,32878521,99.98
"39460","chalmer",1,32878522,99.98
"39461","chalta",1,32878523,99.98
"39462","champignon",1,32878524,99.98
"39463","champy",1,32878525,99.98
"39464","chancellery",1,32878526,99.98
"39465","chanche",1,32878527,99.98
"39466","chandoo",1,32878528,99.98
"39467","chandu",1,32878529,99.98
"39468","changa",1,32878530,99.98
"39469","changeably",1,32878531,99.98
"39470","channelize",1,32878532,99.98
"39471","chantable",1,32878533,99.98
"39472","chantress",1,32878534,99.98
"39473","chaotical",1,32878535,99.98
"39474","chapeaux",1,32878536,99.98
"39475","charabanc",1,32878537,99.98
"39476","characterological",1,32878538,99.98
"39477","charka",1,32878539,99.98
"39478","charlatanry",1,32878540,99.98
"39479","charmlessly",1,32878541,99.98
"39480","charry",1,32878542,99.98
"39481","charterhouse",1,32878543,99.98
"39482","chartist",1,32878544,99.98
"39483","chaseable",1,32878545,99.98
"39484","chatelaine",1,32878546,99.98
"39485","chatoyancy",1,32878547,99.98
"39486","chatterer",1,32878548,99.98
"39487","chatteringly",1,32878549,99.98
"39488","chattily",1,32878550,99.98
"39489","chaus",1,32878551,99.98
"39490","chauvinistically",1,32878552,99.98
"39491","chawl",1,32878553,99.98
"39492","cheaping",1,32878554,99.98
"39493","cheapish",1,32878555,99.98
"39494","cheatee",1,32878556,99.98
"39495","checkable",1,32878557,99.98
"39496","checkerberry",1,32878558,99.98
"39497","checkoff",1,32878559,99.98
"39498","checky",1,32878560,99.98
"39499","cheder",1,32878561,99.98
"39500","cheerlessness",1,32878562,99.98
"39501","cheerly",1,32878563,99.98
"39502","cheeseboard",1,32878564,99.98
"39503","cheeser",1,32878565,99.98
"39504","cheesery",1,32878566,99.98
"39505","chello",1,32878567,99.98
"39506","chemisette",1,32878568,99.98
"39507","cherisher",1,32878569,99.98
"39508","cheroot",1,32878570,99.98
"39509","chessman",1,32878571,99.98
"39510","chessmen",1,32878572,99.98
"39511","chiasmus",1,32878573,99.98
"39512","chiastic",1,32878574,99.98
"39513","chickabiddy",1,32878575,99.98
"39514","chicle",1,32878576,99.98
"39515","chiefdom",1,32878577,99.98
"39516","chieftainess",1,32878578,99.98
"39517","chih",1,32878579,99.98
"39518","childe",1,32878580,99.98
"39519","childlikeness",1,32878581,99.98
"39520","chiliast",1,32878582,99.98
"39521","chillness",1,32878583,99.98
"39522","chimaera",1,32878584,99.98
"39523","chinaberry",1,32878585,99.98
"39524","chinar",1,32878586,99.98
"39525","chincha",1,32878587,99.98
"39526","chiropodist",1,32878588,99.98
"39527","chirpily",1,32878589,99.98
"39528","chirpiness",1,32878590,99.98
"39529","chirrup",1,32878591,99.98
"39530","chirrupy",1,32878592,99.98
"39531","chital",1,32878593,99.98
"39532","chitinous",1,32878594,99.98
"39533","chitosan",1,32878595,99.98
"39534","chivalrously",1,32878596,99.98
"39535","chlorate",1,32878597,99.98
"39536","chlordane",1,32878598,99.98
"39537","chloric",1,32878599,99.98
"39538","chlorinate",1,32878600,99.98
"39539","choicelessness",1,32878601,99.98
"39540","chokeberry",1,32878602,99.98
"39541","chokecherry",1,32878603,99.98
"39542","choleric",1,32878604,99.98
"39543","cholesteatoma",1,32878605,99.98
"39544","cholesterin",1,32878606,99.98
"39545","chondroitin",1,32878607,99.98
"39546","chooser",1,32878608,99.98
"39547","chophouse",1,32878609,99.98
"39548","chordal",1,32878610,99.98
"39549","chorionic",1,32878611,99.98
"39550","chorography",1,32878612,99.98
"39551","choroid",1,32878613,99.98
"39552","chorological",1,32878614,99.98
"39553","choup",1,32878615,99.98
"39554","chrism",1,32878616,99.98
"39555","chrismation",1,32878617,99.98
"39556","chromatically",1,32878618,99.98
"39557","chromatics",1,32878619,99.98
"39558","chromatography",1,32878620,99.98
"39559","chronical",1,32878621,99.98
"39560","chronicity",1,32878622,99.98
"39561","chronomancy",1,32878623,99.98
"39562","chronomantic",1,32878624,99.98
"39563","chronometer",1,32878625,99.98
"39564","chrysography",1,32878626,99.98
"39565","chthonian",1,32878627,99.98
"39566","chunkiness",1,32878628,99.98
"39567","churchly",1,32878629,99.98
"39568","churchwarden",1,32878630,99.98
"39569","churl",1,32878631,99.98
"39570","chut",1,32878632,99.98
"39571","chypre",1,32878633,99.98
"39572","ciborium",1,32878634,99.98
"39573","cinefilm",1,32878635,99.98
"39574","cinematographically",1,32878636,99.98
"39575","cinerator",1,32878637,99.98
"39576","cinnabar",1,32878638,99.98
"39577","cinnamal",1,32878639,99.98
"39578","cinquain",1,32878640,99.98
"39579","circuital",1,32878641,99.98
"39580","circuitousness",1,32878642,99.98
"39581","circumambulation",1,32878643,99.98
"39582","circumambulatory",1,32878644,99.98
"39583","circumferential",1,32878645,99.98
"39584","circumferentially",1,32878646,99.98
"39585","circumgyrate",1,32878647,99.98
"39586","circumlocution",1,32878648,99.98
"39587","circusy",1,32878649,99.98
"39588","cisalpine",1,32878650,99.98
"39589","cise",1,32878651,99.98
"39590","cist",1,32878652,99.98
"39591","cither",1,32878653,99.98
"39592","citied",1,32878654,99.98
"39593","citral",1,32878655,99.98
"39594","citronellal",1,32878656,99.98
"39595","civically",1,32878657,99.98
"39596","clachan",1,32878658,99.98
"39597","clag",1,32878659,99.98
"39598","claggy",1,32878660,99.98
"39599","clairaudience",1,32878661,99.98
"39600","clairaudient",1,32878662,99.98
"39601","clairvoyancy",1,32878663,99.98
"39602","clairvoyantly",1,32878664,99.98
"39603","clame",1,32878665,99.98
"39604","clamorer",1,32878666,99.98
"39605","clamper",1,32878667,99.98
"39606","clandestinity",1,32878668,99.98
"39607","clarin",1,32878669,99.98
"39608","classis",1,32878670,99.98
"39609","clat",1,32878671,99.98
"39610","clattery",1,32878672,99.98
"39611","clavichord",1,32878673,99.98
"39612","claviger",1,32878674,99.98
"39613","clawless",1,32878675,99.98
"39614","cleanable",1,32878676,99.98
"39615","cleanish",1,32878677,99.98
"39616","cleanout",1,32878678,99.98
"39617","clearheaded",1,32878679,99.98
"39618","cleek",1,32878680,99.98
"39619","clericalism",1,32878681,99.98
"39620","clerihew",1,32878682,99.98
"39621","climbable",1,32878683,99.98
"39622","clinal",1,32878684,99.98
"39623","clipse",1,32878685,99.98
"39624","clockmaking",1,32878686,99.98
"39625","cloddish",1,32878687,99.98
"39626","clodhopping",1,32878688,99.98
"39627","clogger",1,32878689,99.98
"39628","clonic",1,32878690,99.98
"39629","closable",1,32878691,99.98
"39630","closter",1,32878692,99.98
"39631","cloudland",1,32878693,99.98
"39632","clubfoot",1,32878694,99.98
"39633","clubland",1,32878695,99.98
"39634","clubman",1,32878696,99.98
"39635","coachability",1,32878697,99.98
"39636","coagulum",1,32878698,99.98
"39637","coaxial",1,32878699,99.98
"39638","coble",1,32878700,99.98
"39639","coccidia",1,32878701,99.98
"39640","cocco",1,32878702,99.98
"39641","cockatrice",1,32878703,99.98
"39642","cockcrow",1,32878704,99.98
"39643","cockily",1,32878705,99.98
"39644","cockling",1,32878706,99.98
"39645","codman",1,32878707,99.98
"39646","codo",1,32878708,99.98
"39647","coeducation",1,32878709,99.98
"39648","coeducational",1,32878710,99.98
"39649","coercively",1,32878711,99.98
"39650","coeternal",1,32878712,99.98
"39651","coff",1,32878713,99.98
"39652","coft",1,32878714,99.98
"39653","coiner",1,32878715,99.98
"39654","coinsurance",1,32878716,99.98
"39655","colchicine",1,32878717,99.98
"39656","coleur",1,32878718,99.98
"39657","colibri",1,32878719,99.98
"39658","collagenous",1,32878720,99.98
"39659","collarless",1,32878721,99.98
"39660","collaterally",1,32878722,99.98
"39661","collectedly",1,32878723,99.98
"39662","collectedness",1,32878724,99.98
"39663","collectivistic",1,32878725,99.98
"39664","collectorship",1,32878726,99.98
"39665","collegiately",1,32878727,99.98
"39666","collisional",1,32878728,99.98
"39667","collocate",1,32878729,99.98
"39668","colloquia",1,32878730,99.98
"39669","colloquialism",1,32878731,99.98
"39670","collusive",1,32878732,99.98
"39671","colmar",1,32878733,99.98
"39672","colombier",1,32878734,99.98
"39673","colorer",1,32878735,99.98
"39674","colorimetrically",1,32878736,99.98
"39675","colorlessness",1,32878737,99.98
"39676","colossally",1,32878738,99.98
"39677","columbarium",1,32878739,99.98
"39678","columbite",1,32878740,99.98
"39679","colza",1,32878741,99.98
"39680","combativity",1,32878742,99.98
"39681","combinatorial",1,32878743,99.98
"39682","combinatory",1,32878744,99.98
"39683","cometary",1,32878745,99.98
"39684","comfortingly",1,32878746,99.98
"39685","commandership",1,32878747,99.98
"39686","commensalism",1,32878748,99.98
"39687","commensality",1,32878749,99.98
"39688","commensurately",1,32878750,99.98
"39689","committeeman",1,32878751,99.98
"39690","commixture",1,32878752,99.98
"39691","commonness",1,32878753,99.98
"39692","communalism",1,32878754,99.98
"39693","communalist",1,32878755,99.98
"39694","communicatory",1,32878756,99.98
"39695","commutable",1,32878757,99.98
"39696","compacter",1,32878758,99.98
"39697","comparator",1,32878759,99.98
"39698","compartmentalization",1,32878760,99.98
"39699","compassing",1,32878761,99.98
"39700","compatibly",1,32878762,99.98
"39701","compeer",1,32878763,99.98
"39702","compendious",1,32878764,99.98
"39703","complaisance",1,32878765,99.98
"39704","completement",1,32878766,99.98
"39705","completive",1,32878767,99.98
"39706","complexly",1,32878768,99.98
"39707","complot",1,32878769,99.98
"39708","comportment",1,32878770,99.98
"39709","compos",1,32878771,99.98
"39710","compositionally",1,32878772,99.98
"39711","comprehendible",1,32878773,99.98
"39712","compulsiveness",1,32878774,99.98
"39713","computable",1,32878775,99.98
"39714","concavity",1,32878776,99.98
"39715","concealable",1,32878777,99.98
"39716","conceiver",1,32878778,99.98
"39717","concelebrate",1,32878779,99.98
"39718","concernment",1,32878780,99.98
"39719","concertmaster",1,32878781,99.98
"39720","concessionaire",1,32878782,99.98
"39721","concessional",1,32878783,99.98
"39722","conchal",1,32878784,99.98
"39723","conchoidal",1,32878785,99.98
"39724","conciliatingly",1,32878786,99.98
"39725","conciliator",1,32878787,99.98
"39726","concluder",1,32878788,99.98
"39727","conclusiveness",1,32878789,99.98
"39728","conclusory",1,32878790,99.98
"39729","concordantly",1,32878791,99.98
"39730","concrescence",1,32878792,99.98
"39731","concreter",1,32878793,99.98
"39732","concubinage",1,32878794,99.98
"39733","condemnatory",1,32878795,99.98
"39734","condite",1,32878796,99.98
"39735","condole",1,32878797,99.98
"39736","condonation",1,32878798,99.98
"39737","conferral",1,32878799,99.98
"39738","confessable",1,32878800,99.98
"39739","confider",1,32878801,99.98
"39740","confirmative",1,32878802,99.98
"39741","confiscatory",1,32878803,99.98
"39742","confliction",1,32878804,99.98
"39743","conflictive",1,32878805,99.98
"39744","confluent",1,32878806,99.98
"39745","confoundingly",1,32878807,99.98
"39746","confusable",1,32878808,99.98
"39747","congregationalism",1,32878809,99.98
"39748","congruously",1,32878810,99.98
"39749","conic",1,32878811,99.98
"39750","conjoint",1,32878812,99.98
"39751","conjugated",1,32878813,99.98
"39752","conjunctiva",1,32878814,99.98
"39753","conjunctive",1,32878815,99.98
"39754","conjuration",1,32878816,99.98
"39755","conker",1,32878817,99.98
"39756","connation",1,32878818,99.98
"39757","connaturally",1,32878819,99.98
"39758","connectable",1,32878820,99.98
"39759","connive",1,32878821,99.98
"39760","conniver",1,32878822,99.98
"39761","connotative",1,32878823,99.98
"39762","consentingly",1,32878824,99.98
"39763","conservatorio",1,32878825,99.98
"39764","conservatorship",1,32878826,99.98
"39765","conserver",1,32878827,99.98
"39766","consigner",1,32878828,99.98
"39767","consistence",1,32878829,99.98
"39768","consistory",1,32878830,99.98
"39769","consoler",1,32878831,99.98
"39770","consolidative",1,32878832,99.98
"39771","consonantal",1,32878833,99.98
"39772","conspicuousness",1,32878834,99.98
"39773","consternate",1,32878835,99.98
"39774","constructionism",1,32878836,99.98
"39775","constructure",1,32878837,99.98
"39776","contagiously",1,32878838,99.98
"39777","contagiousness",1,32878839,99.98
"39778","contemporaneousness",1,32878840,99.98
"39779","contemporize",1,32878841,99.98
"39780","contemptibly",1,32878842,99.98
"39781","contentiously",1,32878843,99.98
"39782","contently",1,32878844,99.98
"39783","contestable",1,32878845,99.98
"39784","contexture",1,32878846,99.98
"39785","contiguously",1,32878847,99.98
"39786","continentally",1,32878848,99.98
"39787","contingently",1,32878849,99.98
"39788","continuer",1,32878850,99.98
"39789","conto",1,32878851,99.98
"39790","contrail",1,32878852,99.98
"39791","contraposition",1,32878853,99.98
"39792","contrastive",1,32878854,99.98
"39793","contributive",1,32878855,99.98
"39794","controvert",1,32878856,99.98
"39795","contumacious",1,32878857,99.98
"39796","contumely",1,32878858,99.98
"39797","convectively",1,32878859,99.98
"39798","convector",1,32878860,99.98
"39799","conventionalism",1,32878861,99.98
"39800","conventionalization",1,32878862,99.98
"39801","conventual",1,32878863,99.98
"39802","converser",1,32878864,99.98
"39803","conversive",1,32878865,99.98
"39804","convexity",1,32878866,99.98
"39805","convincer",1,32878867,99.98
"39806","convulsiveness",1,32878868,99.98
"39807","cookable",1,32878869,99.98
"39808","coolheadedness",1,32878870,99.98
"39809","coolish",1,32878871,99.98
"39810","coorie",1,32878872,99.98
"39811","cooter",1,32878873,99.98
"39812","copacetic",1,32878874,99.98
"39813","copal",1,32878875,99.98
"39814","coper",1,32878876,99.98
"39815","copperas",1,32878877,99.98
"39816","coppersmith",1,32878878,99.98
"39817","copula",1,32878879,99.98
"39818","coque",1,32878880,99.98
"39819","coquettishness",1,32878881,99.98
"39820","corbie",1,32878882,99.98
"39821","corella",1,32878883,99.98
"39822","corke",1,32878884,99.98
"39823","corkiness",1,32878885,99.98
"39824","cornelian",1,32878886,99.98
"39825","cornerer",1,32878887,99.98
"39826","cornhusking",1,32878888,99.98
"39827","cornstalk",1,32878889,99.98
"39828","cornual",1,32878890,99.98
"39829","corporality",1,32878891,99.98
"39830","corpsman",1,32878892,99.98
"39831","corpulence",1,32878893,99.98
"39832","correlatively",1,32878894,99.98
"39833","corrupter",1,32878895,99.98
"39834","corruptor",1,32878896,99.98
"39835","corta",1,32878897,99.98
"39836","cortices",1,32878898,99.98
"39837","corundum",1,32878899,99.98
"39838","coruscate",1,32878900,99.98
"39839","corver",1,32878901,99.98
"39840","cosmetically",1,32878902,99.98
"39841","costal",1,32878903,99.98
"39842","costumery",1,32878904,99.98
"39843","coth",1,32878905,99.98
"39844","cottonseed",1,32878906,99.98
"39845","cougher",1,32878907,99.98
"39846","couldron",1,32878908,99.98
"39847","coulomb",1,32878909,99.98
"39848","coumarinic",1,32878910,99.98
"39849","counteractive",1,32878911,99.98
"39850","counterfeitness",1,32878912,99.98
"39851","counterfire",1,32878913,99.98
"39852","counternarrative",1,32878914,99.98
"39853","counteroffer",1,32878915,99.98
"39854","counterpointed",1,32878916,99.98
"39855","counterpose",1,32878917,99.98
"39856","counterpressure",1,32878918,99.98
"39857","counterprotest",1,32878919,99.98
"39858","counterpunch",1,32878920,99.98
"39859","counterrevolutionary",1,32878921,99.98
"39860","countersink",1,32878922,99.98
"39861","counterstrike",1,32878923,99.98
"39862","countersuit",1,32878924,99.98
"39863","countryfolk",1,32878925,99.98
"39864","countrywoman",1,32878926,99.98
"39865","couped",1,32878927,99.98
"39866","couponless",1,32878928,99.98
"39867","courtman",1,32878929,99.98
"39868","cousinship",1,32878930,99.98
"39869","couter",1,32878931,99.98
"39870","covenanter",1,32878932,99.98
"39871","covenanting",1,32878933,99.98
"39872","coverer",1,32878934,99.98
"39873","cowled",1,32878935,99.98
"39874","cowlick",1,32878936,99.98
"39875","cowpea",1,32878937,99.98
"39876","cowpuncher",1,32878938,99.98
"39877","coxcomb",1,32878939,99.98
"39878","coxswain",1,32878940,99.98
"39879","coxy",1,32878941,99.98
"39880","coyishness",1,32878942,99.98
"39881","crabber",1,32878943,99.98
"39882","crabwood",1,32878944,99.98
"39883","cracksman",1,32878945,99.98
"39884","craftswoman",1,32878946,99.98
"39885","craggily",1,32878947,99.98
"39886","crambe",1,32878948,99.98
"39887","cran",1,32878949,99.98
"39888","crania",1,32878950,99.98
"39889","crankle",1,32878951,99.98
"39890","crapple",1,32878952,99.98
"39891","crassly",1,32878953,99.98
"39892","cravenly",1,32878954,99.98
"39893","creakily",1,32878955,99.98
"39894","creationary",1,32878956,99.98
"39895","creatrix",1,32878957,99.98
"39896","creatureliness",1,32878958,99.98
"39897","credibleness",1,32878959,99.98
"39898","creditably",1,32878960,99.98
"39899","credulously",1,32878961,99.98
"39900","creel",1,32878962,99.98
"39901","creepie",1,32878963,99.98
"39902","creeshie",1,32878964,99.98
"39903","cremaster",1,32878965,99.98
"39904","crematory",1,32878966,99.98
"39905","cremorne",1,32878967,99.98
"39906","crestless",1,32878968,99.98
"39907","cretinism",1,32878969,99.98
"39908","cretonne",1,32878970,99.98
"39909","crewelwork",1,32878971,99.98
"39910","crewless",1,32878972,99.98
"39911","crickey",1,32878973,99.98
"39912","criminalist",1,32878974,99.98
"39913","crimpy",1,32878975,99.98
"39914","crine",1,32878976,99.98
"39915","cringer",1,32878977,99.98
"39916","crink",1,32878978,99.98
"39917","criosphinx",1,32878979,99.98
"39918","crista",1,32878980,99.98
"39919","croaker",1,32878981,99.98
"39920","croche",1,32878982,99.98
"39921","croisette",1,32878983,99.98
"39922","cronk",1,32878984,99.98
"39923","crookedly",1,32878985,99.98
"39924","cropland",1,32878986,99.98
"39925","croppie",1,32878987,99.98
"39926","crosier",1,32878988,99.98
"39927","crossbill",1,32878989,99.98
"39928","crossbowman",1,32878990,99.98
"39929","crosscutting",1,32878991,99.98
"39930","crosshatch",1,32878992,99.98
"39931","crossness",1,32878993,99.98
"39932","crosspiece",1,32878994,99.98
"39933","crosspoint",1,32878995,99.98
"39934","crossrail",1,32878996,99.98
"39935","crossways",1,32878997,99.98
"39936","crotchetiness",1,32878998,99.98
"39937","croucher",1,32878999,99.98
"39938","crowberry",1,32879000,99.98
"39939","crownless",1,32879001,99.98
"39940","croyden",1,32879002,99.98
"39941","crucifier",1,32879003,99.98
"39942","cruck",1,32879004,99.98
"39943","cruller",1,32879005,99.98
"39944","crumbliness",1,32879006,99.98
"39945","crummock",1,32879007,99.98
"39946","crustiness",1,32879008,99.98
"39947","cruth",1,32879009,99.98
"39948","cryptogram",1,32879010,99.98
"39949","cryptographer",1,32879011,99.98
"39950","cryptologist",1,32879012,99.98
"39951","cuarenta",1,32879013,99.98
"39952","cubmaster",1,32879014,99.98
"39953","cuboid",1,32879015,99.98
"39954","cuckold",1,32879016,99.98
"39955","cuirassed",1,32879017,99.98
"39956","culebra",1,32879018,99.98
"39957","cultivatable",1,32879019,99.98
"39958","culverhouse",1,32879020,99.98
"39959","cunningness",1,32879021,99.98
"39960","cupidon",1,32879022,99.98
"39961","cuppy",1,32879023,99.98
"39962","cupronickel",1,32879024,99.98
"39963","cuprum",1,32879025,99.98
"39964","curability",1,32879026,99.98
"39965","curlew",1,32879027,99.98
"39966","curliness",1,32879028,99.98
"39967","curlingly",1,32879029,99.98
"39968","curr",1,32879030,99.98
"39969","currach",1,32879031,99.98
"39970","curricle",1,32879032,99.98
"39971","curser",1,32879033,99.98
"39972","curtaining",1,32879034,99.98
"39973","curtesy",1,32879035,99.98
"39974","curtilage",1,32879036,99.98
"39975","curver",1,32879037,99.98
"39976","cusser",1,32879038,99.98
"39977","cutaneous",1,32879039,99.98
"39978","cutis",1,32879040,99.98
"39979","cutpurse",1,32879041,99.98
"39980","cutweed",1,32879042,99.98
"39981","cyanosis",1,32879043,99.98
"39982","cycler",1,32879044,99.98
"39983","cyclization",1,32879045,99.98
"39984","cyclopes",1,32879046,99.98
"39985","cyclorama",1,32879047,99.98
"39986","cyclothymia",1,32879048,99.98
"39987","cyclus",1,32879049,99.98
"39988","cyma",1,32879050,99.98
"39989","cynism",1,32879051,99.98
"39990","cyp",1,32879052,99.98
"39991","cysticercosis",1,32879053,99.98
"39992","cystine",1,32879054,99.98
"39993","cystoscopy",1,32879055,99.98
"39994","cystotomy",1,32879056,99.98
"39995","cytogenetic",1,32879057,99.98
"39996","cytogenetically",1,32879058,99.98
"39997","dabba",1,32879059,99.98
"39998","dacoit",1,32879060,99.98
"39999","daddle",1,32879061,99.98
"40000","daemonic",1,32879062,99.98
"40001","dailiness",1,32879063,99.98
"40002","daintiness",1,32879064,99.98
"40003","daler",1,32879065,99.98
"40004","daleswoman",1,32879066,99.98
"40005","dalk",1,32879067,99.98
"40006","dalle",1,32879068,99.98
"40007","dalmatic",1,32879069,99.98
"40008","damnably",1,32879070,99.98
"40009","damped",1,32879071,99.98
"40010","dampish",1,32879072,99.98
"40011","danaide",1,32879073,99.98
"40012","danda",1,32879074,99.98
"40013","danglingly",1,32879075,99.98
"40014","danio",1,32879076,99.98
"40015","dankness",1,32879077,99.98
"40016","dapperly",1,32879078,99.98
"40017","darat",1,32879079,99.98
"40018","dariole",1,32879080,99.98
"40019","darkskin",1,32879081,99.98
"40020","darksome",1,32879082,99.98
"40021","darnel",1,32879083,99.98
"40022","dashingly",1,32879084,99.98
"40023","dateless",1,32879085,99.98
"40024","daughterhood",1,32879086,99.98
"40025","daven",1,32879087,99.98
"40026","dawsonite",1,32879088,99.98
"40027","dayal",1,32879089,99.98
"40028","daybook",1,32879090,99.98
"40029","dayman",1,32879091,99.98
"40030","daymark",1,32879092,99.98
"40031","dayroom",1,32879093,99.98
"40032","daystar",1,32879094,99.98
"40033","daytimes",1,32879095,99.98
"40034","dazedly",1,32879096,99.98
"40035","deaconess",1,32879097,99.98
"40036","deactivation",1,32879098,99.98
"40037","deaner",1,32879099,99.98
"40038","deathday",1,32879100,99.98
"40039","debar",1,32879101,99.98
"40040","debaser",1,32879102,99.98
"40041","debauch",1,32879103,99.98
"40042","debauchee",1,32879104,99.98
"40043","decadency",1,32879105,99.98
"40044","decalcification",1,32879106,99.98
"40045","decane",1,32879107,99.98
"40046","decarbonize",1,32879108,99.98
"40047","decarbonized",1,32879109,99.98
"40048","decennia",1,32879110,99.98
"40049","decentre",1,32879111,99.98
"40050","deceptiveness",1,32879112,99.98
"40051","decidua",1,32879113,99.98
"40052","decima",1,32879114,99.98
"40053","decipherable",1,32879115,99.98
"40054","decipherer",1,32879116,99.98
"40055","declarant",1,32879117,99.98
"40056","decoct",1,32879118,99.98
"40057","decommission",1,32879119,99.98
"40058","decrescendo",1,32879120,99.98
"40059","dedicatee",1,32879121,99.98
"40060","deducible",1,32879122,99.98
"40061","deductively",1,32879123,99.98
"40062","deerberry",1,32879124,99.98
"40063","deerwood",1,32879125,99.98
"40064","defalcation",1,32879126,99.98
"40065","defamer",1,32879127,99.98
"40066","deferrable",1,32879128,99.98
"40067","defier",1,32879129,99.98
"40068","deflationist",1,32879130,99.98
"40069","deflator",1,32879131,99.98
"40070","deflector",1,32879132,99.98
"40071","deflower",1,32879133,99.98
"40072","defoliated",1,32879134,99.98
"40073","defrayal",1,32879135,99.98
"40074","degreeless",1,32879136,99.98
"40075","dehumidify",1,32879137,99.98
"40076","dehydrogenase",1,32879138,99.98
"40077","deicer",1,32879139,99.98
"40078","deific",1,32879140,99.98
"40079","deject",1,32879141,99.98
"40080","delaine",1,32879142,99.98
"40081","delaminate",1,32879143,99.98
"40082","delightsome",1,32879144,99.98
"40083","delightsomeness",1,32879145,99.98
"40084","delimit",1,32879146,99.98
"40085","delimitation",1,32879147,99.98
"40086","delineator",1,32879148,99.98
"40087","deliquescence",1,32879149,99.98
"40088","deliriousness",1,32879150,99.98
"40089","demagnetizer",1,32879151,99.98
"40090","demagogy",1,32879152,99.98
"40091","demandable",1,32879153,99.98
"40092","demerit",1,32879154,99.98
"40093","demihuman",1,32879155,99.98
"40094","demijohn",1,32879156,99.98
"40095","demilitarize",1,32879157,99.98
"40096","demilune",1,32879158,99.98
"40097","demission",1,32879159,99.98
"40098","demit",1,32879160,99.98
"40099","demobilization",1,32879161,99.98
"40100","demobilize",1,32879162,99.98
"40101","democratical",1,32879163,99.98
"40102","democratism",1,32879164,99.98
"40103","demodulator",1,32879165,99.98
"40104","demoiselle",1,32879166,99.98
"40105","demoniac",1,32879167,99.98
"40106","dempster",1,32879168,99.98
"40107","demulcent",1,32879169,99.98
"40108","demurrage",1,32879170,99.98
"40109","denarius",1,32879171,99.98
"40110","denary",1,32879172,99.98
"40111","denaturation",1,32879173,99.98
"40112","dendric",1,32879174,99.98
"40113","denitrification",1,32879175,99.98
"40114","dennet",1,32879176,99.98
"40115","denotative",1,32879177,99.98
"40116","densimetrically",1,32879178,99.98
"40117","dentelle",1,32879179,99.98
"40118","dentin",1,32879180,99.98
"40119","dentition",1,32879181,99.98
"40120","deodorize",1,32879182,99.98
"40121","deodorizer",1,32879183,99.98
"40122","depaint",1,32879184,99.98
"40123","departmentalism",1,32879185,99.98
"40124","dependently",1,32879186,99.98
"40125","depicter",1,32879187,99.98
"40126","deplane",1,32879188,99.98
"40127","deplume",1,32879189,99.98
"40128","depositional",1,32879190,99.98
"40129","deprave",1,32879191,99.98
"40130","deprecative",1,32879192,99.98
"40131","deprecator",1,32879193,99.98
"40132","depreciative",1,32879194,99.98
"40133","depthless",1,32879195,99.98
"40134","deputize",1,32879196,99.98
"40135","deracinate",1,32879197,99.98
"40136","derate",1,32879198,99.98
"40137","deray",1,32879199,99.98
"40138","deregister",1,32879200,99.98
"40139","derivational",1,32879201,99.98
"40140","derogate",1,32879202,99.98
"40141","derogation",1,32879203,99.98
"40142","desacralization",1,32879204,99.98
"40143","describer",1,32879205,99.98
"40144","descry",1,32879206,99.98
"40145","deseed",1,32879207,99.98
"40146","deservedness",1,32879208,99.98
"40147","deservingness",1,32879209,99.98
"40148","desirably",1,32879210,99.98
"40149","desolateness",1,32879211,99.98
"40150","despairingly",1,32879212,99.98
"40151","despiser",1,32879213,99.98
"40152","despiteful",1,32879214,99.98
"40153","despoilment",1,32879215,99.98
"40154","desquamation",1,32879216,99.98
"40155","desuetude",1,32879217,99.98
"40156","detectability",1,32879218,99.98
"40157","detectably",1,32879219,99.98
"40158","detectible",1,32879220,99.98
"40159","detent",1,32879221,99.98
"40160","determent",1,32879222,99.98
"40161","determinator",1,32879223,99.98
"40162","detestably",1,32879224,99.98
"40163","detestation",1,32879225,99.98
"40164","detester",1,32879226,99.98
"40165","dethronement",1,32879227,99.98
"40166","detraction",1,32879228,99.98
"40167","detune",1,32879229,99.98
"40168","deuced",1,32879230,99.98
"40169","deul",1,32879231,99.98
"40170","deviationism",1,32879232,99.98
"40171","devilfish",1,32879233,99.98
"40172","deviltry",1,32879234,99.98
"40173","devitrification",1,32879235,99.98
"40174","devoir",1,32879236,99.98
"40175","devolutionary",1,32879237,99.98
"40176","devotionally",1,32879238,99.98
"40177","dewiness",1,32879239,99.98
"40178","dextrocardia",1,32879240,99.98
"40179","dextrously",1,32879241,99.98
"40180","dharana",1,32879242,99.98
"40181","dharmsala",1,32879243,99.98
"40182","dhoti",1,32879244,99.98
"40183","dhow",1,32879245,99.98
"40184","diablerie",1,32879246,99.98
"40185","diabolism",1,32879247,99.98
"40186","diaconate",1,32879248,99.98
"40187","diacritical",1,32879249,99.98
"40188","diagnostically",1,32879250,99.98
"40189","diagnostician",1,32879251,99.98
"40190","dialectician",1,32879252,99.98
"40191","dialogic",1,32879253,99.98
"40192","diametrical",1,32879254,99.98
"40193","diammonium",1,32879255,99.98
"40194","diaphoretic",1,32879256,99.98
"40195","diapsid",1,32879257,99.98
"40196","diarize",1,32879258,99.98
"40197","diaster",1,32879259,99.98
"40198","diathesis",1,32879260,99.98
"40199","diaulos",1,32879261,99.98
"40200","dibber",1,32879262,99.98
"40201","dicastery",1,32879263,99.98
"40202","diceman",1,32879264,99.98
"40203","dicer",1,32879265,99.98
"40204","dichotomic",1,32879266,99.98
"40205","dichotomize",1,32879267,99.98
"40206","dichroic",1,32879268,99.98
"40207","dicker",1,32879269,99.98
"40208","dictatorially",1,32879270,99.98
"40209","diddler",1,32879271,99.98
"40210","diethylstilbestrol",1,32879272,99.98
"40211","differentness",1,32879273,99.98
"40212","diffidence",1,32879274,99.98
"40213","diffusive",1,32879275,99.98
"40214","diffusor",1,32879276,99.98
"40215","diggings",1,32879277,99.98
"40216","digitizer",1,32879278,99.98
"40217","digressive",1,32879279,99.98
"40218","dihedral",1,32879280,99.98
"40219","dihydrogen",1,32879281,99.98
"40220","dilutive",1,32879282,99.98
"40221","dimensioned",1,32879283,99.98
"40222","dingdong",1,32879284,99.98
"40223","dingily",1,32879285,99.98
"40224","dingly",1,32879286,99.98
"40225","dinitrotoluene",1,32879287,99.98
"40226","dioecious",1,32879288,99.98
"40227","dioxane",1,32879289,99.98
"40228","diphenyl",1,32879290,99.98
"40229","diplegia",1,32879291,99.98
"40230","diplomatize",1,32879292,99.98
"40231","diplopia",1,32879293,99.98
"40232","dipsomaniac",1,32879294,99.98
"40233","directorially",1,32879295,99.98
"40234","directress",1,32879296,99.98
"40235","direness",1,32879297,99.98
"40236","dirgelike",1,32879298,99.98
"40237","dirl",1,32879299,99.98
"40238","disaggregate",1,32879300,99.98
"40239","disaggregation",1,32879301,99.98
"40240","disappointer",1,32879302,99.98
"40241","disbandment",1,32879303,99.98
"40242","disbar",1,32879304,99.98
"40243","discardable",1,32879305,99.98
"40244","discarnate",1,32879306,99.98
"40245","discerningly",1,32879307,99.98
"40246","discloser",1,32879308,99.98
"40247","discomfit",1,32879309,99.98
"40248","discomfortingly",1,32879310,99.98
"40249","disconcertedly",1,32879311,99.98
"40250","discontentedness",1,32879312,99.98
"40251","discontinuance",1,32879313,99.98
"40252","discordance",1,32879314,99.98
"40253","discourager",1,32879315,99.98
"40254","discourteously",1,32879316,99.98
"40255","discourtesy",1,32879317,99.98
"40256","discreditable",1,32879318,99.98
"40257","discreetness",1,32879319,99.98
"40258","discrepant",1,32879320,99.98
"40259","discriminant",1,32879321,99.98
"40260","discriminately",1,32879322,99.98
"40261","discussable",1,32879323,99.98
"40262","discussible",1,32879324,99.98
"40263","disembarkment",1,32879325,99.98
"40264","disenchant",1,32879326,99.98
"40265","disencumber",1,32879327,99.98
"40266","disfellowship",1,32879328,99.98
"40267","disfigure",1,32879329,99.98
"40268","disgorgement",1,32879330,99.98
"40269","disgruntle",1,32879331,99.98
"40270","dishevelment",1,32879332,99.98
"40271","dishpan",1,32879333,99.98
"40272","disinfector",1,32879334,99.98
"40273","disingenuity",1,32879335,99.98
"40274","disinheritance",1,32879336,99.98
"40275","disintegrous",1,32879337,99.98
"40276","disinter",1,32879338,99.98
"40277","disinterestedly",1,32879339,99.98
"40278","disjoin",1,32879340,99.98
"40279","disjointedly",1,32879341,99.98
"40280","dislikable",1,32879342,99.98
"40281","dislocatedness",1,32879343,99.98
"40282","dislodgement",1,32879344,99.98
"40283","dismantlement",1,32879345,99.98
"40284","dismayingly",1,32879346,99.98
"40285","dismissable",1,32879347,99.98
"40286","dismissible",1,32879348,99.98
"40287","disobliging",1,32879349,99.98
"40288","disorderliness",1,32879350,99.98
"40289","disparately",1,32879351,99.98
"40290","dispersive",1,32879352,99.98
"40291","dispiritedness",1,32879353,99.98
"40292","disport",1,32879354,99.98
"40293","disproof",1,32879355,99.98
"40294","disproportionality",1,32879356,99.98
"40295","disproportionally",1,32879357,99.98
"40296","disputatious",1,32879358,99.98
"40297","disputatiousness",1,32879359,99.98
"40298","disputer",1,32879360,99.98
"40299","disrupter",1,32879361,99.98
"40300","disruptiveness",1,32879362,99.98
"40301","dissidence",1,32879363,99.98
"40302","dissolutionist",1,32879364,99.98
"40303","dissolvable",1,32879365,99.98
"40304","distorter",1,32879366,99.98
"40305","distortional",1,32879367,99.98
"40306","distortive",1,32879368,99.98
"40307","distrait",1,32879369,99.98
"40308","distressful",1,32879370,99.98
"40309","distributable",1,32879371,99.98
"40310","distrustfully",1,32879372,99.98
"40311","disulphide",1,32879373,99.98
"40312","disunion",1,32879374,99.98
"40313","ditchbank",1,32879375,99.98
"40314","divagation",1,32879376,99.98
"40315","diversely",1,32879377,99.98
"40316","diversional",1,32879378,99.98
"40317","diverticular",1,32879379,99.98
"40318","diverticulum",1,32879380,99.98
"40319","divinization",1,32879381,99.98
"40320","divisor",1,32879382,99.98
"40321","divorcer",1,32879383,99.98
"40322","divus",1,32879384,99.98
"40323","dizzily",1,32879385,99.98
"40324","docker",1,32879386,99.98
"40325","dockland",1,32879387,99.98
"40326","doctrinary",1,32879388,99.98
"40327","doddered",1,32879389,99.98
"40328","dogface",1,32879390,99.98
"40329","doggishness",1,32879391,99.98
"40330","doggoned",1,32879392,99.98
"40331","doghood",1,32879393,99.98
"40332","dogless",1,32879394,99.98
"40333","dogmatical",1,32879395,99.98
"40334","dogmatization",1,32879396,99.98
"40335","doldrum",1,32879397,99.98
"40336","dolefulness",1,32879398,99.98
"40337","dolent",1,32879399,99.98
"40338","domer",1,32879400,99.98
"40339","domiciliary",1,32879401,99.98
"40340","dominionist",1,32879402,99.98
"40341","dominus",1,32879403,99.98
"40342","donax",1,32879404,99.98
"40343","doney",1,32879405,99.98
"40344","doob",1,32879406,99.98
"40345","doodad",1,32879407,99.98
"40346","doodler",1,32879408,99.98
"40347","doorplate",1,32879409,99.98
"40348","dopper",1,32879410,99.98
"40349","doree",1,32879411,99.98
"40350","dormered",1,32879412,99.98
"40351","dosimeter",1,32879413,99.98
"40352","dotter",1,32879414,99.98
"40353","dottily",1,32879415,99.98
"40354","doty",1,32879416,99.98
"40355","doublets",1,32879417,99.98
"40356","doubtably",1,32879418,99.98
"40357","doubtfulness",1,32879419,99.98
"40358","doubtingly",1,32879420,99.98
"40359","dourly",1,32879421,99.98
"40360","dovelike",1,32879422,99.98
"40361","dovish",1,32879423,99.98
"40362","dowdyism",1,32879424,99.98
"40363","dowery",1,32879425,99.98
"40364","downdale",1,32879426,99.98
"40365","downdraft",1,32879427,99.98
"40366","downland",1,32879428,99.98
"40367","downrightly",1,32879429,99.98
"40368","downstage",1,32879430,99.98
"40369","downstroke",1,32879431,99.98
"40370","dowser",1,32879432,99.98
"40371","doxa",1,32879433,99.98
"40372","doxastic",1,32879434,99.98
"40373","doxy",1,32879435,99.98
"40374","dozer",1,32879436,99.98
"40375","dozily",1,32879437,99.98
"40376","draconic",1,32879438,99.98
"40377","draftsmanship",1,32879439,99.98
"40378","dragger",1,32879440,99.98
"40379","draisine",1,32879441,99.98
"40380","dramaturgy",1,32879442,99.98
"40381","drapetomania",1,32879443,99.98
"40382","drawee",1,32879444,99.98
"40383","dreader",1,32879445,99.98
"40384","dreadly",1,32879446,99.98
"40385","dreamish",1,32879447,99.98
"40386","dreamlessness",1,32879448,99.98
"40387","dressiness",1,32879449,99.98
"40388","drifty",1,32879450,99.98
"40389","drogue",1,32879451,99.98
"40390","drollness",1,32879452,99.98
"40391","dromedary",1,32879453,99.98
"40392","dromos",1,32879454,99.98
"40393","drongo",1,32879455,99.98
"40394","drony",1,32879456,99.98
"40395","dropt",1,32879457,99.98
"40396","drover",1,32879458,99.98
"40397","druggist",1,32879459,99.98
"40398","druidical",1,32879460,99.98
"40399","druidism",1,32879461,99.98
"40400","drumhead",1,32879462,99.98
"40401","drumlin",1,32879463,99.98
"40402","drung",1,32879464,99.98
"40403","drupe",1,32879465,99.98
"40404","drusy",1,32879466,99.98
"40405","duces",1,32879467,99.98
"40406","duckhouse",1,32879468,99.98
"40407","ductile",1,32879469,99.98
"40408","duddies",1,32879470,99.98
"40409","dugal",1,32879471,99.98
"40410","duiker",1,32879472,99.98
"40411","dulia",1,32879473,99.98
"40412","dumdum",1,32879474,99.98
"40413","dunce",1,32879475,99.98
"40414","dunnage",1,32879476,99.98
"40415","dunnock",1,32879477,99.98
"40416","duplicable",1,32879478,99.98
"40417","duplicative",1,32879479,99.98
"40418","duplicator",1,32879480,99.98
"40419","duppy",1,32879481,99.98
"40420","duro",1,32879482,99.98
"40421","durry",1,32879483,99.98
"40422","dux",1,32879484,99.98
"40423","dyeable",1,32879485,99.98
"40424","dynamical",1,32879486,99.98
"40425","dynamis",1,32879487,99.98
"40426","dynamiter",1,32879488,99.98
"40427","dynamiting",1,32879489,99.98
"40428","dysgraphia",1,32879490,99.98
"40429","dysphoric",1,32879491,99.98
"40430","dystocia",1,32879492,99.98
"40431","dystrophic",1,32879493,99.98
"40432","dysuria",1,32879494,99.98
"40433","earhole",1,32879495,99.98
"40434","earthborn",1,32879496,99.98
"40435","earthed",1,32879497,99.98
"40436","earthless",1,32879498,99.98
"40437","earthlike",1,32879499,99.98
"40438","earwax",1,32879500,99.98
"40439","easeful",1,32879501,99.98
"40440","easer",1,32879502,99.98
"40441","easterner",1,32879503,99.98
"40442","easternmost",1,32879504,99.98
"40443","ecclesiastics",1,32879505,99.98
"40444","ecclesiological",1,32879506,99.98
"40445","echolalic",1,32879507,99.98
"40446","eclamptic",1,32879508,99.98
"40447","ecologic",1,32879509,99.98
"40448","econometrician",1,32879510,99.98
"40449","economism",1,32879511,99.98
"40450","economizer",1,32879512,99.98
"40451","ecotone",1,32879513,99.98
"40452","ecstasis",1,32879514,99.98
"40453","ectodermal",1,32879515,99.98
"40454","ecumenically",1,32879516,99.98
"40455","edgeways",1,32879517,99.98
"40456","edh",1,32879518,99.98
"40457","editress",1,32879519,99.98
"40458","educationist",1,32879520,99.98
"40459","effectuation",1,32879521,99.98
"40460","effendi",1,32879522,99.98
"40461","effeteness",1,32879523,99.98
"40462","efflorescence",1,32879524,99.98
"40463","effortful",1,32879525,99.98
"40464","effulgent",1,32879526,99.98
"40465","effuse",1,32879527,99.98
"40466","effusiveness",1,32879528,99.98
"40467","eftsoons",1,32879529,99.98
"40468","egol",1,32879530,99.98
"40469","eider",1,32879531,99.98
"40470","eightieth",1,32879532,99.98
"40471","eisegesis",1,32879533,99.98
"40472","eisegetical",1,32879534,99.98
"40473","eisteddfod",1,32879535,99.98
"40474","ejaculatory",1,32879536,99.98
"40475","elain",1,32879537,99.98
"40476","elasticizer",1,32879538,99.98
"40477","elbowy",1,32879539,99.98
"40478","elderhood",1,32879540,99.98
"40479","electorial",1,32879541,99.98
"40480","electricalness",1,32879542,99.98
"40481","electroculture",1,32879543,99.98
"40482","electrode",1,32879544,99.98
"40483","electrohydraulic",1,32879545,99.98
"40484","electrology",1,32879546,99.98
"40485","electroluminescent",1,32879547,99.98
"40486","electrophoresis",1,32879548,99.98
"40487","electrophysiology",1,32879549,99.98
"40488","electrostatic",1,32879550,99.98
"40489","electrotherapy",1,32879551,99.98
"40490","elenctic",1,32879552,99.98
"40491","elfland",1,32879553,99.98
"40492","eliminative",1,32879554,99.98
"40493","ellipsoid",1,32879555,99.98
"40494","elliptic",1,32879556,99.98
"40495","elmy",1,32879557,99.98
"40496","eloge",1,32879558,99.98
"40497","elsewheres",1,32879559,99.98
"40498","elsewise",1,32879560,99.98
"40499","emanative",1,32879561,99.98
"40500","emancipationist",1,32879562,99.98
"40501","embarkation",1,32879563,99.98
"40502","embarras",1,32879564,99.98
"40503","embellisher",1,32879565,99.98
"40504","embezzle",1,32879566,99.98
"40505","embitterment",1,32879567,99.98
"40506","emblaze",1,32879568,99.98
"40507","emblazon",1,32879569,99.98
"40508","embrocation",1,32879570,99.98
"40509","embroil",1,32879571,99.98
"40510","emergently",1,32879572,99.98
"40511","emmenagogic",1,32879573,99.98
"40512","emmenagogue",1,32879574,99.98
"40513","emmer",1,32879575,99.98
"40514","empathically",1,32879576,99.98
"40515","emperorship",1,32879577,99.98
"40516","empery",1,32879578,99.98
"40517","emplacement",1,32879579,99.98
"40518","empyreal",1,32879580,99.98
"40519","emulative",1,32879581,99.98
"40520","enage",1,32879582,99.98
"40521","enchain",1,32879583,99.98
"40522","encina",1,32879584,99.98
"40523","encomium",1,32879585,99.98
"40524","encumber",1,32879586,99.98
"40525","encyclopediast",1,32879587,99.98
"40526","endocrinological",1,32879588,99.98
"40527","endodontic",1,32879589,99.98
"40528","endomysium",1,32879590,99.98
"40529","endorsee",1,32879591,99.98
"40530","endothelial",1,32879592,99.98
"40531","endothermic",1,32879593,99.98
"40532","endue",1,32879594,99.98
"40533","enduringness",1,32879595,99.98
"40534","endwise",1,32879596,99.98
"40535","enervation",1,32879597,99.98
"40536","eneuch",1,32879598,99.98
"40537","enflesh",1,32879599,99.98
"40538","enforceability",1,32879600,99.98
"40539","enforcible",1,32879601,99.98
"40540","enfranchise",1,32879602,99.98
"40541","enfranchisement",1,32879603,99.98
"40542","engagedly",1,32879604,99.98
"40543","engineman",1,32879605,99.98
"40544","enginery",1,32879606,99.98
"40545","engrossment",1,32879607,99.98
"40546","engulfment",1,32879608,99.98
"40547","enharmonic",1,32879609,99.98
"40548","enjoyer",1,32879610,99.98
"40549","enlargeable",1,32879611,99.98
"40550","enrobe",1,32879612,99.98
"40551","enrollee",1,32879613,99.98
"40552","ensanguine",1,32879614,99.98
"40553","ense",1,32879615,99.98
"40554","enshrinement",1,32879616,99.98
"40555","enshroud",1,32879617,99.98
"40556","ensnarer",1,32879618,99.98
"40557","entelechy",1,32879619,99.98
"40558","enteric",1,32879620,99.98
"40559","enterology",1,32879621,99.98
"40560","enteropathy",1,32879622,99.98
"40561","enthral",1,32879623,99.98
"40562","enthrallment",1,32879624,99.98
"40563","entireness",1,32879625,99.98
"40564","entomb",1,32879626,99.98
"40565","entrainment",1,32879627,99.98
"40566","entwinement",1,32879628,99.98
"40567","enucleation",1,32879629,99.98
"40568","enumerable",1,32879630,99.98
"40569","enveloper",1,32879631,99.98
"40570","envelopment",1,32879632,99.98
"40571","enwrought",1,32879633,99.98
"40572","eosinophilic",1,32879634,99.98
"40573","epicentrum",1,32879635,99.98
"40574","epiclesis",1,32879636,99.98
"40575","epidermal",1,32879637,99.98
"40576","epigastric",1,32879638,99.98
"40577","epigene",1,32879639,99.98
"40578","epigraphic",1,32879640,99.98
"40579","epigraphy",1,32879641,99.98
"40580","epilate",1,32879642,99.98
"40581","epilation",1,32879643,99.98
"40582","epiphenomenalism",1,32879644,99.98
"40583","epiphenomenon",1,32879645,99.98
"40584","episcleritis",1,32879646,99.98
"40585","episcopate",1,32879647,99.98
"40586","epistemologist",1,32879648,99.98
"40587","epithalamion",1,32879649,99.98
"40588","epithelium",1,32879650,99.98
"40589","epizeuxis",1,32879651,99.98
"40590","epizootic",1,32879652,99.98
"40591","eponym",1,32879653,99.98
"40592","epos",1,32879654,99.98
"40593","equalist",1,32879655,99.98
"40594","equalitarian",1,32879656,99.98
"40595","equalitarianism",1,32879657,99.98
"40596","equational",1,32879658,99.98
"40597","equilibria",1,32879659,99.98
"40598","equimolar",1,32879660,99.98
"40599","equivocally",1,32879661,99.98
"40600","eradicator",1,32879662,99.98
"40601","erectness",1,32879663,99.98
"40602","eremitic",1,32879664,99.98
"40603","erewhile",1,32879665,99.98
"40604","ergot",1,32879666,99.98
"40605","errancy",1,32879667,99.98
"40606","errantly",1,32879668,99.98
"40607","erraticness",1,32879669,99.98
"40608","erroneousness",1,32879670,99.98
"40609","erysipelas",1,32879671,99.98
"40610","erythrocyte",1,32879672,99.98
"40611","erythromelalgia",1,32879673,99.98
"40612","escapable",1,32879674,99.98
"40613","escapement",1,32879675,99.98
"40614","eschalot",1,32879676,99.98
"40615","eschewal",1,32879677,99.98
"40616","escoba",1,32879678,99.98
"40617","escolar",1,32879679,99.98
"40618","escutcheon",1,32879680,99.98
"40619","esophagitis",1,32879681,99.98
"40620","esoterical",1,32879682,99.98
"40621","esoterically",1,32879683,99.98
"40622","esoterism",1,32879684,99.98
"40623","esperance",1,32879685,99.98
"40624","espinal",1,32879686,99.98
"40625","essayer",1,32879687,99.98
"40626","estival",1,32879688,99.98
"40627","estop",1,32879689,99.98
"40628","estovers",1,32879690,99.98
"40629","estrade",1,32879691,99.98
"40630","estradiol",1,32879692,99.98
"40631","estre",1,32879693,99.98
"40632","estrous",1,32879694,99.98
"40633","estuarine",1,32879695,99.98
"40634","ethnobotanical",1,32879696,99.98
"40635","ethnobotanist",1,32879697,99.98
"40636","ethnobotany",1,32879698,99.98
"40637","ethnographer",1,32879699,99.98
"40638","ethnologist",1,32879700,99.98
"40639","ethology",1,32879701,99.98
"40640","etymologicon",1,32879702,99.98
"40641","euchre",1,32879703,99.98
"40642","eulogize",1,32879704,99.98
"40643","euonym",1,32879705,99.98
"40644","euphemize",1,32879706,99.98
"40645","eurobin",1,32879707,99.98
"40646","evanesce",1,32879708,99.98
"40647","evangeliary",1,32879709,99.98
"40648","evangelizer",1,32879710,99.98
"40649","evanishment",1,32879711,99.98
"40650","eventime",1,32879712,99.98
"40651","eventless",1,32879713,99.98
"40652","everbearing",1,32879714,99.98
"40653","everglade",1,32879715,99.98
"40654","everliving",1,32879716,99.98
"40655","everydayness",1,32879717,99.98
"40656","evictor",1,32879718,99.98
"40657","evolutionism",1,32879719,99.98
"40658","exactingly",1,32879720,99.98
"40659","exaction",1,32879721,99.98
"40660","exaggeratedly",1,32879722,99.98
"40661","exaggerative",1,32879723,99.98
"40662","examinee",1,32879724,99.98
"40663","exasperate",1,32879725,99.98
"40664","exasperatingly",1,32879726,99.98
"40665","excelente",1,32879727,99.98
"40666","excentric",1,32879728,99.98
"40667","exclave",1,32879729,99.98
"40668","excluder",1,32879730,99.98
"40669","exclusivist",1,32879731,99.98
"40670","excoriate",1,32879732,99.98
"40671","excreta",1,32879733,99.98
"40672","exculpate",1,32879734,99.98
"40673","exculpation",1,32879735,99.98
"40674","executional",1,32879736,99.98
"40675","executionist",1,32879737,99.98
"40676","executively",1,32879738,99.98
"40677","executory",1,32879739,99.98
"40678","executrix",1,32879740,99.98
"40679","exegeses",1,32879741,99.98
"40680","exegetically",1,32879742,99.98
"40681","exhaustedly",1,32879743,99.98
"40682","exhaustless",1,32879744,99.98
"40683","exhortative",1,32879745,99.98
"40684","exhorter",1,32879746,99.98
"40685","exigency",1,32879747,99.98
"40686","exigible",1,32879748,99.98
"40687","exiguity",1,32879749,99.98
"40688","exilarch",1,32879750,99.98
"40689","exitus",1,32879751,99.98
"40690","exogamy",1,32879752,99.98
"40691","exothermal",1,32879753,99.98
"40692","expatiate",1,32879754,99.98
"40693","expatriation",1,32879755,99.98
"40694","expectance",1,32879756,99.98
"40695","expectorant",1,32879757,99.98
"40696","expectoration",1,32879758,99.98
"40697","expellant",1,32879759,99.98
"40698","explicative",1,32879760,99.98
"40699","explicitness",1,32879761,99.98
"40700","exploder",1,32879762,99.98
"40701","explorable",1,32879763,99.98
"40702","explosiveness",1,32879764,99.98
"40703","exponentiation",1,32879765,99.98
"40704","exportable",1,32879766,99.98
"40705","exposit",1,32879767,99.98
"40706","expositionary",1,32879768,99.98
"40707","expostulating",1,32879769,99.98
"40708","expressible",1,32879770,99.98
"40709","expressivism",1,32879771,99.98
"40710","expulsive",1,32879772,99.98
"40711","expurgation",1,32879773,99.98
"40712","extemporaneously",1,32879774,99.98
"40713","extempore",1,32879775,99.98
"40714","extenuation",1,32879776,99.98
"40715","extenuative",1,32879777,99.98
"40716","exteriorly",1,32879778,99.98
"40717","externalist",1,32879779,99.98
"40718","extoll",1,32879780,99.98
"40719","extortive",1,32879781,99.98
"40720","extracanonical",1,32879782,99.98
"40721","extractable",1,32879783,99.98
"40722","extradural",1,32879784,99.98
"40723","extramural",1,32879785,99.98
"40724","extrapleural",1,32879786,99.98
"40725","extraterritoriality",1,32879787,99.98
"40726","extratropical",1,32879788,99.98
"40727","extrauterine",1,32879789,99.98
"40728","extraversion",1,32879790,99.98
"40729","extrude",1,32879791,99.98
"40730","exudative",1,32879792,99.98
"40731","exultet",1,32879793,99.98
"40732","eyelight",1,32879794,99.98
"40733","eyesalve",1,32879795,99.98
"40734","eyeservice",1,32879796,99.98
"40735","eyestalk",1,32879797,99.98
"40736","fableland",1,32879798,99.98
"40737","facecloth",1,32879799,99.98
"40738","faceman",1,32879800,99.98
"40739","facetiae",1,32879801,99.98
"40740","facially",1,32879802,99.98
"40741","facilitative",1,32879803,99.98
"40742","fack",1,32879804,99.98
"40743","factrix",1,32879805,99.98
"40744","factum",1,32879806,99.98
"40745","faille",1,32879807,99.98
"40746","fairwater",1,32879808,99.98
"40747","fairydom",1,32879809,99.98
"40748","faithlessly",1,32879810,99.98
"40749","fakement",1,32879811,99.98
"40750","falchion",1,32879812,99.98
"40751","falciparum",1,32879813,99.98
"40752","faller",1,32879814,99.98
"40753","fallibly",1,32879815,99.98
"40754","fally",1,32879816,99.98
"40755","falsehearted",1,32879817,99.98
"40756","famish",1,32879818,99.98
"40757","famousness",1,32879819,99.98
"40758","fana",1,32879820,99.98
"40759","fancifully",1,32879821,99.98
"40760","fandangle",1,32879822,99.98
"40761","fangless",1,32879823,99.98
"40762","fanner",1,32879824,99.98
"40763","fantasie",1,32879825,99.98
"40764","farcically",1,32879826,99.98
"40765","fardel",1,32879827,99.98
"40766","farfel",1,32879828,99.98
"40767","farmhousey",1,32879829,99.98
"40768","farmy",1,32879830,99.98
"40769","farseeing",1,32879831,99.98
"40770","fascicle",1,32879832,99.98
"40771","fascinatedly",1,32879833,99.98
"40772","fastness",1,32879834,99.98
"40773","fatalistically",1,32879835,99.98
"40774","fatefully",1,32879836,99.98
"40775","fatless",1,32879837,99.98
"40776","fatuity",1,32879838,99.98
"40777","fatuousness",1,32879839,99.98
"40778","faunal",1,32879840,99.98
"40779","fearfulness",1,32879841,99.98
"40780","fearsomeness",1,32879842,99.98
"40781","featherbrained",1,32879843,99.98
"40782","feathertop",1,32879844,99.98
"40783","febrifuge",1,32879845,99.98
"40784","federalization",1,32879846,99.98
"40785","federalize",1,32879847,99.98
"40786","feedstuff",1,32879848,99.98
"40787","feelable",1,32879849,99.98
"40788","feetless",1,32879850,99.98
"40789","feloniously",1,32879851,99.98
"40790","feltmaker",1,32879852,99.98
"40791","feminin",1,32879853,99.98
"40792","feminineness",1,32879854,99.98
"40793","fenceless",1,32879855,99.98
"40794","fenland",1,32879856,99.98
"40795","fermentability",1,32879857,99.98
"40796","ferny",1,32879858,99.98
"40797","ferociousness",1,32879859,99.98
"40798","ferrety",1,32879860,99.98
"40799","ferri",1,32879861,99.98
"40800","ferricyanide",1,32879862,99.98
"40801","ferroconcrete",1,32879863,99.98
"40802","ferruginous",1,32879864,99.98
"40803","ferrule",1,32879865,99.98
"40804","ferryhouse",1,32879866,99.98
"40805","ferule",1,32879867,99.98
"40806","fetlock",1,32879868,99.98
"40807","feudality",1,32879869,99.98
"40808","feudalization",1,32879870,99.98
"40809","fiacre",1,32879871,99.98
"40810","fibber",1,32879872,99.98
"40811","fibrocystic",1,32879873,99.98
"40812","ficelle",1,32879874,99.98
"40813","fictionalize",1,32879875,99.98
"40814","fictioneer",1,32879876,99.98
"40815","fictionization",1,32879877,99.98
"40816","fictious",1,32879878,99.98
"40817","fictitiously",1,32879879,99.98
"40818","fiddleback",1,32879880,99.98
"40819","fiddledeedee",1,32879881,99.98
"40820","fideism",1,32879882,99.98
"40821","fiducia",1,32879883,99.98
"40822","fifer",1,32879884,99.98
"40823","figwort",1,32879885,99.98
"40824","filarial",1,32879886,99.98
"40825","filemaker",1,32879887,99.98
"40826","filicide",1,32879888,99.98
"40827","filmgoing",1,32879889,99.98
"40828","filminess",1,32879890,99.98
"40829","filmland",1,32879891,99.98
"40830","filtrate",1,32879892,99.98
"40831","finback",1,32879893,99.98
"40832","fingerlike",1,32879894,99.98
"40833","finishable",1,32879895,99.98
"40834","fiord",1,32879896,99.98
"40835","fireable",1,32879897,99.98
"40836","fireback",1,32879898,99.98
"40837","firebolt",1,32879899,99.98
"40838","fireboy",1,32879900,99.98
"40839","firebrick",1,32879901,99.98
"40840","firedog",1,32879902,99.98
"40841","firelit",1,32879903,99.98
"40842","firelock",1,32879904,99.98
"40843","fireplug",1,32879905,99.98
"40844","fireproofing",1,32879906,99.98
"40845","firring",1,32879907,99.98
"40846","fishbed",1,32879908,99.98
"40847","fisherboy",1,32879909,99.98
"40848","fishergirl",1,32879910,99.98
"40849","fishless",1,32879911,99.98
"40850","fishmouth",1,32879912,99.98
"40851","fishwoman",1,32879913,99.98
"40852","fissile",1,32879914,99.98
"40853","fissionable",1,32879915,99.98
"40854","fitcher",1,32879916,99.98
"40855","fitfulness",1,32879917,99.98
"40856","fivesome",1,32879918,99.98
"40857","flabbergast",1,32879919,99.98
"40858","flabbiness",1,32879920,99.98
"40859","flaccidity",1,32879921,99.98
"40860","flamboyancy",1,32879922,99.98
"40861","flamingly",1,32879923,99.98
"40862","flanneled",1,32879924,99.98
"40863","flapdragon",1,32879925,99.98
"40864","flapperdom",1,32879926,99.98
"40865","flashily",1,32879927,99.98
"40866","flatcar",1,32879928,99.98
"40867","flattener",1,32879929,99.98
"40868","flatterer",1,32879930,99.98
"40869","flattop",1,32879931,99.98
"40870","flavedo",1,32879932,99.98
"40871","flavorsome",1,32879933,99.98
"40872","flawlessness",1,32879934,99.98
"40873","flaxy",1,32879935,99.98
"40874","flechette",1,32879936,99.98
"40875","flecky",1,32879937,99.98
"40876","flection",1,32879938,99.98
"40877","fleering",1,32879939,99.98
"40878","fleshiness",1,32879940,99.98
"40879","fleuret",1,32879941,99.98
"40880","flickery",1,32879942,99.98
"40881","flicky",1,32879943,99.98
"40882","flightful",1,32879944,99.98
"40883","flighting",1,32879945,99.98
"40884","flimflam",1,32879946,99.98
"40885","flimsiness",1,32879947,99.98
"40886","flinger",1,32879948,99.98
"40887","flintwork",1,32879949,99.98
"40888","flirtatiously",1,32879950,99.98
"40889","flirtatiousness",1,32879951,99.98
"40890","flirter",1,32879952,99.98
"40891","flittingly",1,32879953,99.98
"40892","floatability",1,32879954,99.98
"40893","floatplane",1,32879955,99.98
"40894","flobby",1,32879956,99.98
"40895","floc",1,32879957,99.98
"40896","flocculant",1,32879958,99.98
"40897","flocculate",1,32879959,99.98
"40898","flocculation",1,32879960,99.98
"40899","floodlight",1,32879961,99.98
"40900","floodway",1,32879962,99.98
"40901","floppers",1,32879963,99.98
"40902","floppiness",1,32879964,99.98
"40903","floressence",1,32879965,99.98
"40904","florilegium",1,32879966,99.98
"40905","floristry",1,32879967,99.98
"40906","flossy",1,32879968,99.98
"40907","flounderingly",1,32879969,99.98
"40908","flourishy",1,32879970,99.98
"40909","fluellen",1,32879971,99.98
"40910","fluffer",1,32879972,99.98
"40911","fluidic",1,32879973,99.98
"40912","flume",1,32879974,99.98
"40913","flummer",1,32879975,99.98
"40914","flummox",1,32879976,99.98
"40915","flump",1,32879977,99.98
"40916","fluor",1,32879978,99.98
"40917","fluoresce",1,32879979,99.98
"40918","fluoridate",1,32879980,99.98
"40919","fluorite",1,32879981,99.98
"40920","flutemouth",1,32879982,99.98
"40921","fluter",1,32879983,99.98
"40922","flyblown",1,32879984,99.98
"40923","flyboy",1,32879985,99.98
"40924","flyleaf",1,32879986,99.98
"40925","flypaper",1,32879987,99.98
"40926","flyway",1,32879988,99.98
"40927","foamer",1,32879989,99.98
"40928","focally",1,32879990,99.98
"40929","foder",1,32879991,99.98
"40930","foeman",1,32879992,99.98
"40931","fogle",1,32879993,99.98
"40932","fogo",1,32879994,99.98
"40933","fogy",1,32879995,99.98
"40934","foliar",1,32879996,99.98
"40935","foliate",1,32879997,99.98
"40936","fondu",1,32879998,99.98
"40937","fons",1,32879999,99.98
"40938","foolery",1,32880000,99.98
"40939","footgear",1,32880001,99.98
"40940","footlight",1,32880002,99.98
"40941","footlights",1,32880003,99.98
"40942","footplate",1,32880004,99.98
"40943","footsore",1,32880005,99.98
"40944","footstalk",1,32880006,99.98
"40945","foppery",1,32880007,99.98
"40946","foramen",1,32880008,99.98
"40947","forborne",1,32880009,99.98
"40948","forcefulness",1,32880010,99.98
"40949","forcemeat",1,32880011,99.98
"40950","forebear",1,32880012,99.98
"40951","foregate",1,32880013,99.98
"40952","foreknow",1,32880014,99.98
"40953","forelimb",1,32880015,99.98
"40954","forelock",1,32880016,99.98
"40955","forename",1,32880017,99.98
"40956","forensically",1,32880018,99.98
"40957","forepeak",1,32880019,99.98
"40958","forequarter",1,32880020,99.98
"40959","foresaid",1,32880021,99.98
"40960","foreseer",1,32880022,99.98
"40961","forestal",1,32880023,99.98
"40962","forestay",1,32880024,99.98
"40963","foresty",1,32880025,99.98
"40964","foreview",1,32880026,99.98
"40965","forfar",1,32880027,99.98
"40966","forgivably",1,32880028,99.98
"40967","forgiver",1,32880029,99.98
"40968","forgivingly",1,32880030,99.98
"40969","forgottenness",1,32880031,99.98
"40970","forky",1,32880032,99.98
"40971","formable",1,32880033,99.98
"40972","formate",1,32880034,99.98
"40973","forme",1,32880035,99.98
"40974","formel",1,32880036,99.98
"40975","formidability",1,32880037,99.98
"40976","formular",1,32880038,99.98
"40977","formulary",1,32880039,99.98
"40978","formulator",1,32880040,99.98
"40979","formule",1,32880041,99.98
"40980","formy",1,32880042,99.98
"40981","forsakenness",1,32880043,99.98
"40982","fortin",1,32880044,99.98
"40983","fortuity",1,32880045,99.98
"40984","forwent",1,32880046,99.98
"40985","fosterer",1,32880047,99.98
"40986","fotch",1,32880048,99.98
"40987","foundationed",1,32880049,99.98
"40988","foundership",1,32880050,99.98
"40989","fourchette",1,32880051,99.98
"40990","fovea",1,32880052,99.98
"40991","fowling",1,32880053,99.98
"40992","foxiness",1,32880054,99.98
"40993","foxing",1,32880055,99.98
"40994","foxtail",1,32880056,99.98
"40995","foxwood",1,32880057,99.98
"40996","fractionate",1,32880058,99.98
"40997","fractiousness",1,32880059,99.98
"40998","fragmental",1,32880060,99.98
"40999","fragrantly",1,32880061,99.98
"41000","frailejon",1,32880062,99.98
"41001","fraiser",1,32880063,99.98
"41002","franker",1,32880064,99.98
"41003","frapping",1,32880065,99.98
"41004","frase",1,32880066,99.98
"41005","fratchy",1,32880067,99.98
"41006","fraternally",1,32880068,99.98
"41007","frazzling",1,32880069,99.98
"41008","freakishness",1,32880070,99.98
"41009","freckly",1,32880071,99.98
"41010","freeness",1,32880072,99.98
"41011","freestone",1,32880073,99.98
"41012","freethinking",1,32880074,99.98
"41013","frenchify",1,32880075,99.98
"41014","frenching",1,32880076,99.98
"41015","frictional",1,32880077,99.98
"41016","friendlessness",1,32880078,99.98
"41017","frier",1,32880079,99.98
"41018","frigidarium",1,32880080,99.98
"41019","frigidness",1,32880081,99.98
"41020","frillery",1,32880082,99.98
"41021","fringeless",1,32880083,99.98
"41022","fritillary",1,32880084,99.98
"41023","frixion",1,32880085,99.98
"41024","frocking",1,32880086,99.98
"41025","frogginess",1,32880087,99.98
"41026","froggish",1,32880088,99.98
"41027","frogleg",1,32880089,99.98
"41028","frontbencher",1,32880090,99.98
"41029","fronter",1,32880091,99.98
"41030","frontotemporal",1,32880092,99.98
"41031","frot",1,32880093,99.98
"41032","frothily",1,32880094,99.98
"41033","frothiness",1,32880095,99.98
"41034","frowsty",1,32880096,99.98
"41035","frowzy",1,32880097,99.98
"41036","frugalism",1,32880098,99.98
"41037","fruitarianism",1,32880099,99.98
"41038","fruitfully",1,32880100,99.98
"41039","fueler",1,32880101,99.98
"41040","fuerte",1,32880102,99.98
"41041","fuff",1,32880103,99.98
"41042","fugal",1,32880104,99.98
"41043","fugleman",1,32880105,99.98
"41044","fugu",1,32880106,99.98
"41045","fulgurant",1,32880107,99.98
"41046","fulk",1,32880108,99.98
"41047","fulsomely",1,32880109,99.98
"41048","fumigate",1,32880110,99.98
"41049","fumingly",1,32880111,99.98
"41050","funambulist",1,32880112,99.98
"41051","fundal",1,32880113,99.98
"41052","fundamentality",1,32880114,99.98
"41053","fundholder",1,32880115,99.98
"41054","fundus",1,32880116,99.98
"41055","funest",1,32880117,99.98
"41056","fungicidal",1,32880118,99.98
"41057","funt",1,32880119,99.98
"41058","furbish",1,32880120,99.98
"41059","furioso",1,32880121,99.98
"41060","furl",1,32880122,99.98
"41061","furthermost",1,32880123,99.98
"41062","furtiveness",1,32880124,99.98
"41063","fusilier",1,32880125,99.98
"41064","fusillade",1,32880126,99.98
"41065","fusionism",1,32880127,99.98
"41066","fute",1,32880128,99.98
"41067","futileness",1,32880129,99.98
"41068","futurity",1,32880130,99.98
"41069","fuzzily",1,32880131,99.98
"41070","gabion",1,32880132,99.98
"41071","gaddi",1,32880133,99.98
"41072","gadding",1,32880134,99.98
"41073","gadwall",1,32880135,99.98
"41074","gagee",1,32880136,99.98
"41075","gager",1,32880137,99.98
"41076","gagger",1,32880138,99.98
"41077","gaine",1,32880139,99.98
"41078","gair",1,32880140,99.98
"41079","gaited",1,32880141,99.98
"41080","galactagogue",1,32880142,99.98
"41081","galantine",1,32880143,99.98
"41082","galatea",1,32880144,99.98
"41083","galaxian",1,32880145,99.98
"41084","galbanum",1,32880146,99.98
"41085","galla",1,32880147,99.98
"41086","gallimaufry",1,32880148,99.98
"41087","gally",1,32880149,99.98
"41088","galumph",1,32880150,99.98
"41089","galvanism",1,32880151,99.98
"41090","gambrel",1,32880152,99.98
"41091","gametocyte",1,32880153,99.98
"41092","gammer",1,32880154,99.98
"41093","ganglion",1,32880155,99.98
"41094","gantlet",1,32880156,99.98
"41095","gaper",1,32880157,99.98
"41096","gara",1,32880158,99.98
"41097","garce",1,32880159,99.98
"41098","garn",1,32880160,99.98
"41099","garnishment",1,32880161,99.98
"41100","garrote",1,32880162,99.98
"41101","gasbag",1,32880163,99.98
"41102","gaslighting",1,32880164,99.98
"41103","gaslit",1,32880165,99.98
"41104","gasometer",1,32880166,99.98
"41105","gaspereau",1,32880167,99.98
"41106","gastrectomy",1,32880168,99.98
"41107","gastroesophageal",1,32880169,99.98
"41108","gastronomically",1,32880170,99.98
"41109","gastrostomy",1,32880171,99.98
"41110","gateless",1,32880172,99.98
"41111","gateman",1,32880173,99.98
"41112","gatepost",1,32880174,99.98
"41113","gater",1,32880175,99.98
"41114","gatter",1,32880176,99.98
"41115","gauntleted",1,32880177,99.98
"41116","gaur",1,32880178,99.98
"41117","gaw",1,32880179,99.98
"41118","gaywings",1,32880180,99.98
"41119","geck",1,32880181,99.98
"41120","geira",1,32880182,99.98
"41121","gematria",1,32880183,99.98
"41122","gemlike",1,32880184,99.98
"41123","gemmy",1,32880185,99.98
"41124","gendarme",1,32880186,99.98
"41125","generale",1,32880187,99.98
"41126","generalissimo",1,32880188,99.98
"41127","generall",1,32880189,99.98
"41128","generalship",1,32880190,99.98
"41129","genetical",1,32880191,99.98
"41130","geniality",1,32880192,99.98
"41131","genin",1,32880193,99.98
"41132","genip",1,32880194,99.98
"41133","genistein",1,32880195,99.98
"41134","genitourinary",1,32880196,99.98
"41135","genizah",1,32880197,99.98
"41136","genteelness",1,32880198,99.98
"41137","gentes",1,32880199,99.98
"41138","gentlemanlike",1,32880200,99.98
"41139","gentlemens",1,32880201,99.98
"41140","genu",1,32880202,99.98
"41141","genuflex",1,32880203,99.98
"41142","geochemist",1,32880204,99.98
"41143","geochronology",1,32880205,99.98
"41144","geodesy",1,32880206,99.98
"41145","geoid",1,32880207,99.98
"41146","geosphere",1,32880208,99.98
"41147","geostrategic",1,32880209,99.98
"41148","geothermic",1,32880210,99.98
"41149","geranial",1,32880211,99.98
"41150","geriatrics",1,32880212,99.98
"41151","germanization",1,32880213,99.98
"41152","germfree",1,32880214,99.98
"41153","gerontocracy",1,32880215,99.98
"41154","gerontocratic",1,32880216,99.98
"41155","gerrymander",1,32880217,99.98
"41156","gesticulator",1,32880218,99.98
"41157","gettable",1,32880219,99.98
"41158","gez",1,32880220,99.98
"41159","ghafir",1,32880221,99.98
"41160","ghettoize",1,32880222,99.98
"41161","ghostland",1,32880223,99.98
"41162","ghostlike",1,32880224,99.98
"41163","giardia",1,32880225,99.98
"41164","giardiasis",1,32880226,99.98
"41165","gibe",1,32880227,99.98
"41166","giblet",1,32880228,99.98
"41167","gibus",1,32880229,99.98
"41168","giftie",1,32880230,99.98
"41169","giftless",1,32880231,99.98
"41170","giganticness",1,32880232,99.98
"41171","gigger",1,32880233,99.98
"41172","giggler",1,32880234,99.98
"41173","gigot",1,32880235,99.98
"41174","gilia",1,32880236,99.98
"41175","gilled",1,32880237,99.98
"41176","gillie",1,32880238,99.98
"41177","gilling",1,32880239,99.98
"41178","gilliver",1,32880240,99.98
"41179","gimbaled",1,32880241,99.98
"41180","gimcrackery",1,32880242,99.98
"41181","gimping",1,32880243,99.98
"41182","gingerade",1,32880244,99.98
"41183","gingerness",1,32880245,99.98
"41184","gingerroot",1,32880246,99.98
"41185","ginner",1,32880247,99.98
"41186","ginnery",1,32880248,99.98
"41187","giornata",1,32880249,99.98
"41188","girandole",1,32880250,99.98
"41189","girsh",1,32880251,99.98
"41190","givenness",1,32880252,99.98
"41191","glaciology",1,32880253,99.98
"41192","gladioli",1,32880254,99.98
"41193","gladiolus",1,32880255,99.98
"41194","gladsome",1,32880256,99.98
"41195","glassiness",1,32880257,99.98
"41196","glassophone",1,32880258,99.98
"41197","glazy",1,32880259,99.98
"41198","gleed",1,32880260,99.98
"41199","gleefulness",1,32880261,99.98
"41200","gleesome",1,32880262,99.98
"41201","glenohumeral",1,32880263,99.98
"41202","glia",1,32880264,99.98
"41203","gliadin",1,32880265,99.98
"41204","glink",1,32880266,99.98
"41205","glisteningly",1,32880267,99.98
"41206","glitteringly",1,32880268,99.98
"41207","gloaming",1,32880269,99.98
"41208","gloatingly",1,32880270,99.98
"41209","glom",1,32880271,99.98
"41210","glomerular",1,32880272,99.98
"41211","glooming",1,32880273,99.98
"41212","gloppen",1,32880274,99.98
"41213","glore",1,32880275,99.98
"41214","glossolalia",1,32880276,99.98
"41215","gloze",1,32880277,99.98
"41216","glucosidase",1,32880278,99.98
"41217","glucuronic",1,32880279,99.98
"41218","gluepot",1,32880280,99.98
"41219","glumness",1,32880281,99.98
"41220","glutamic",1,32880282,99.98
"41221","glutenous",1,32880283,99.98
"41222","glutting",1,32880284,99.98
"41223","glycine",1,32880285,99.98
"41224","glycolysis",1,32880286,99.98
"41225","glyphic",1,32880287,99.98
"41226","gnarl",1,32880288,99.98
"41227","gnarliness",1,32880289,99.98
"41228","gnatcatcher",1,32880290,99.98
"41229","gnatty",1,32880291,99.98
"41230","gnomish",1,32880292,99.98
"41231","goatherd",1,32880293,99.98
"41232","gobby",1,32880294,99.98
"41233","goblinish",1,32880295,99.98
"41234","godchild",1,32880296,99.98
"41235","gode",1,32880297,99.98
"41236","goi",1,32880298,99.98
"41237","gola",1,32880299,99.98
"41238","golder",1,32880300,99.98
"41239","goldsmithing",1,32880301,99.98
"41240","goldwork",1,32880302,99.98
"41241","goliard",1,32880303,99.98
"41242","gonal",1,32880304,99.98
"41243","gondolier",1,32880305,99.98
"41244","gonesome",1,32880306,99.98
"41245","goodliness",1,32880307,99.98
"41246","goosefoot",1,32880308,99.98
"41247","gora",1,32880309,99.98
"41248","goran",1,32880310,99.98
"41249","gorry",1,32880311,99.98
"41250","gosport",1,32880312,99.98
"41251","gossard",1,32880313,99.98
"41252","gotch",1,32880314,99.98
"41253","goutweed",1,32880315,99.98
"41254","governable",1,32880316,99.98
"41255","grackle",1,32880317,99.98
"41256","gradational",1,32880318,99.98
"41257","grafter",1,32880319,99.98
"41258","grainery",1,32880320,99.98
"41259","graisse",1,32880321,99.98
"41260","gralloch",1,32880322,99.98
"41261","grammarless",1,32880323,99.98
"41262","granadilla",1,32880324,99.98
"41263","granatum",1,32880325,99.98
"41264","grandaunt",1,32880326,99.98
"41265","grandnephew",1,32880327,99.98
"41266","grandniece",1,32880328,99.98
"41267","granuloma",1,32880329,99.98
"41268","grapelike",1,32880330,99.98
"41269","graphy",1,32880331,99.98
"41270","graping",1,32880332,99.98
"41271","graspable",1,32880333,99.98
"41272","grat",1,32880334,99.98
"41273","gratifyingly",1,32880335,99.98
"41274","gratten",1,32880336,99.98
"41275","gratuitousness",1,32880337,99.98
"41276","graveclothes",1,32880338,99.98
"41277","graveness",1,32880339,99.98
"41278","graver",1,32880340,99.98
"41279","gravid",1,32880341,99.98
"41280","graving",1,32880342,99.98
"41281","gravure",1,32880343,99.98
"41282","grazer",1,32880344,99.98
"41283","greave",1,32880345,99.98
"41284","greenbrier",1,32880346,99.98
"41285","greenhead",1,32880347,99.98
"41286","greensand",1,32880348,99.98
"41287","greensward",1,32880349,99.98
"41288","greenwing",1,32880350,99.98
"41289","gregariousness",1,32880351,99.98
"41290","gribble",1,32880352,99.98
"41291","griever",1,32880353,99.98
"41292","grihastha",1,32880354,99.98
"41293","grindle",1,32880355,99.98
"41294","grinningly",1,32880356,99.98
"41295","grippe",1,32880357,99.98
"41296","grippingly",1,32880358,99.98
"41297","gritstone",1,32880359,99.98
"41298","grittily",1,32880360,99.98
"41299","grizzle",1,32880361,99.98
"41300","grooviness",1,32880362,99.98
"41301","grottesco",1,32880363,99.98
"41302","groundsel",1,32880364,99.98
"41303","groundsman",1,32880365,99.98
"41304","grouts",1,32880366,99.98
"41305","growingly",1,32880367,99.98
"41306","grubbery",1,32880368,99.98
"41307","gruesomely",1,32880369,99.98
"41308","grumbly",1,32880370,99.98
"41309","guanabana",1,32880371,99.98
"41310","guanaco",1,32880372,99.98
"41311","guarana",1,32880373,99.98
"41312","guayaba",1,32880374,99.98
"41313","gudok",1,32880375,99.98
"41314","guessable",1,32880376,99.98
"41315","guesser",1,32880377,99.98
"41316","guffy",1,32880378,99.98
"41317","guider",1,32880379,99.98
"41318","guileful",1,32880380,99.98
"41319","guillemot",1,32880381,99.98
"41320","guiltlessness",1,32880382,99.98
"41321","guily",1,32880383,99.98
"41322","gula",1,32880384,99.98
"41323","gulaman",1,32880385,99.98
"41324","gular",1,32880386,99.98
"41325","gules",1,32880387,99.98
"41326","gulpy",1,32880388,99.98
"41327","gumming",1,32880389,99.98
"41328","gunboat",1,32880390,99.98
"41329","gunnel",1,32880391,99.98
"41330","gunrunner",1,32880392,99.98
"41331","gunshop",1,32880393,99.98
"41332","gup",1,32880394,99.98
"41333","gurgly",1,32880395,99.98
"41334","gurr",1,32880396,99.98
"41335","gushingly",1,32880397,99.98
"41336","gustily",1,32880398,99.98
"41337","gutty",1,32880399,99.98
"41338","guyer",1,32880400,99.98
"41339","guzzler",1,32880401,99.98
"41340","gwine",1,32880402,99.98
"41341","gynic",1,32880403,99.98
"41342","gyrate",1,32880404,99.98
"41343","gyrometer",1,32880405,99.98
"41344","gyroscope",1,32880406,99.98
"41345","gyrus",1,32880407,99.98
"41346","habanera",1,32880408,99.98
"41347","habiliment",1,32880409,99.98
"41348","habitability",1,32880410,99.98
"41349","habitate",1,32880411,99.98
"41350","habited",1,32880412,99.98
"41351","habitualize",1,32880413,99.98
"41352","habituate",1,32880414,99.98
"41353","habituation",1,32880415,99.98
"41354","habitude",1,32880416,99.98
"41355","habu",1,32880417,99.98
"41356","hache",1,32880418,99.98
"41357","hackery",1,32880419,99.98
"41358","hackleback",1,32880420,99.98
"41359","hade",1,32880421,99.98
"41360","hading",1,32880422,99.98
"41361","hadj",1,32880423,99.98
"41362","hadji",1,32880424,99.98
"41363","haecceity",1,32880425,99.98
"41364","haemorrhoid",1,32880426,99.98
"41365","haff",1,32880427,99.98
"41366","hafnium",1,32880428,99.98
"41367","hagfish",1,32880429,99.98
"41368","hagi",1,32880430,99.98
"41369","hagiographical",1,32880431,99.98
"41370","hairbreadth",1,32880432,99.98
"41371","hairdress",1,32880433,99.98
"41372","hairlessness",1,32880434,99.98
"41373","hairsplitting",1,32880435,99.98
"41374","hako",1,32880436,99.98
"41375","haku",1,32880437,99.98
"41376","halide",1,32880438,99.98
"41377","hallel",1,32880439,99.98
"41378","halling",1,32880440,99.98
"41379","hallman",1,32880441,99.98
"41380","hallucinator",1,32880442,99.98
"41381","haltingly",1,32880443,99.98
"41382","hammerkop",1,32880444,99.98
"41383","hamsa",1,32880445,99.98
"41384","handcraft",1,32880446,99.98
"41385","handsaw",1,32880447,99.98
"41386","handshaking",1,32880448,99.98
"41387","handwear",1,32880449,99.98
"41388","hangdog",1,32880450,99.98
"41389","hangingly",1,32880451,99.98
"41390","hangle",1,32880452,99.98
"41391","hanse",1,32880453,99.98
"41392","hansom",1,32880454,99.98
"41393","haplotype",1,32880455,99.98
"41394","haply",1,32880456,99.98
"41395","harbi",1,32880457,99.98
"41396","hardhearted",1,32880458,99.98
"41397","hardheartedly",1,32880459,99.98
"41398","hardtail",1,32880460,99.98
"41399","haricot",1,32880461,99.98
"41400","harish",1,32880462,99.98
"41401","harl",1,32880463,99.98
"41402","harmattan",1,32880464,99.98
"41403","harmer",1,32880465,99.98
"41404","harmlessness",1,32880466,99.98
"41405","harmoniousness",1,32880467,99.98
"41406","harmonizer",1,32880468,99.98
"41407","harn",1,32880469,99.98
"41408","hartal",1,32880470,99.98
"41409","haruspicy",1,32880471,99.98
"41410","hatchetman",1,32880472,99.98
"41411","hatful",1,32880473,99.98
"41412","hatless",1,32880474,99.98
"41413","hatpin",1,32880475,99.98
"41414","hatrack",1,32880476,99.98
"41415","hatstand",1,32880477,99.98
"41416","hatty",1,32880478,99.98
"41417","haugh",1,32880479,99.98
"41418","haunter",1,32880480,99.98
"41419","hause",1,32880481,99.98
"41420","hausse",1,32880482,99.98
"41421","hauteur",1,32880483,99.98
"41422","havel",1,32880484,99.98
"41423","haymaking",1,32880485,99.98
"41424","hazelwood",1,32880486,99.98
"41425","hazle",1,32880487,99.98
"41426","headful",1,32880488,99.98
"41427","headiness",1,32880489,99.98
"41428","headlessness",1,32880490,99.98
"41429","headlike",1,32880491,99.98
"41430","headmasterly",1,32880492,99.98
"41431","headshake",1,32880493,99.98
"41432","headsman",1,32880494,99.98
"41433","healingly",1,32880495,99.98
"41434","healthfulness",1,32880496,99.98
"41435","heartful",1,32880497,99.98
"41436","heartly",1,32880498,99.98
"41437","heartstring",1,32880499,99.98
"41438","heathendom",1,32880500,99.98
"41439","heathered",1,32880501,99.98
"41440","heathery",1,32880502,99.98
"41441","heatless",1,32880503,99.98
"41442","heatstroke",1,32880504,99.98
"41443","heaume",1,32880505,99.98
"41444","heavenliness",1,32880506,99.98
"41445","heavenwards",1,32880507,99.98
"41446","hecticness",1,32880508,99.98
"41447","heder",1,32880509,99.98
"41448","hedgy",1,32880510,99.98
"41449","heedful",1,32880511,99.98
"41450","heedlessness",1,32880512,99.98
"41451","heigh",1,32880513,99.98
"41452","heinously",1,32880514,99.98
"41453","heldentenor",1,32880515,99.98
"41454","helder",1,32880516,99.98
"41455","helical",1,32880517,99.98
"41456","helices",1,32880518,99.98
"41457","heliographic",1,32880519,99.98
"41458","hellbox",1,32880520,99.98
"41459","hellishness",1,32880521,99.98
"41460","hematocrit",1,32880522,99.98
"41461","hematopoiesis",1,32880523,99.98
"41462","heme",1,32880524,99.98
"41463","hemispherically",1,32880525,99.98
"41464","hemodynamics",1,32880526,99.98
"41465","hemophilia",1,32880527,99.98
"41466","hemopoietic",1,32880528,99.98
"41467","hemorrhagic",1,32880529,99.98
"41468","hemorrhoid",1,32880530,99.98
"41469","hemorrhoidectomy",1,32880531,99.98
"41470","hempen",1,32880532,99.98
"41471","hempseed",1,32880533,99.98
"41472","hempy",1,32880534,99.98
"41473","henbane",1,32880535,99.98
"41474","henceforward",1,32880536,99.98
"41475","hencoop",1,32880537,99.98
"41476","hennery",1,32880538,99.98
"41477","hepatoma",1,32880539,99.98
"41478","heppen",1,32880540,99.98
"41479","heptagon",1,32880541,99.98
"41480","heptane",1,32880542,99.98
"41481","herbage",1,32880543,99.98
"41482","herbivorous",1,32880544,99.98
"41483","heretically",1,32880545,99.98
"41484","hereward",1,32880546,99.98
"41485","herma",1,32880547,99.98
"41486","hermaphroditic",1,32880548,99.98
"41487","hermitry",1,32880549,99.98
"41488","hern",1,32880550,99.98
"41489","herniation",1,32880551,99.98
"41490","heroization",1,32880552,99.98
"41491","herpetic",1,32880553,99.98
"41492","herpetologist",1,32880554,99.98
"41493","heterodyne",1,32880555,99.98
"41494","heterologous",1,32880556,99.98
"41495","heterotopic",1,32880557,99.98
"41496","hetman",1,32880558,99.98
"41497","heuristically",1,32880559,99.98
"41498","hewer",1,32880560,99.98
"41499","hexagonally",1,32880561,99.98
"41500","hexavalent",1,32880562,99.98
"41501","hexerei",1,32880563,99.98
"41502","hexyl",1,32880564,99.98
"41503","hexylene",1,32880565,99.98
"41504","hiddenly",1,32880566,99.98
"41505","hided",1,32880567,99.98
"41506","hider",1,32880568,99.98
"41507","hidradenitis",1,32880569,99.98
"41508","hieder",1,32880570,99.98
"41509","hierarchic",1,32880571,99.98
"41510","hieroglyphic",1,32880572,99.98
"41511","hieros",1,32880573,99.98
"41512","hillocky",1,32880574,99.98
"41513","hindbrain",1,32880575,99.98
"41514","hinderance",1,32880576,99.98
"41515","hinderer",1,32880577,99.98
"41516","hingle",1,32880578,99.98
"41517","hinny",1,32880579,99.98
"41518","hinoki",1,32880580,99.98
"41519","hinter",1,32880581,99.98
"41520","hippish",1,32880582,99.98
"41521","hippopotami",1,32880583,99.98
"41522","hirsutism",1,32880584,99.98
"41523","histoplasmosis",1,32880585,99.98
"41524","historicize",1,32880586,99.98
"41525","histrionically",1,32880587,99.98
"41526","hitless",1,32880588,99.98
"41527","hobbly",1,32880589,99.98
"41528","hocker",1,32880590,99.98
"41529","hoddle",1,32880591,99.98
"41530","hodmandod",1,32880592,99.98
"41531","hoer",1,32880593,99.98
"41532","hoga",1,32880594,99.98
"41533","hogback",1,32880595,99.98
"41534","hoggin",1,32880596,99.98
"41535","hoggish",1,32880597,99.98
"41536","hoick",1,32880598,99.98
"41537","hoise",1,32880599,99.98
"41538","holdable",1,32880600,99.98
"41539","holidaymaker",1,32880601,99.98
"41540","holl",1,32880602,99.98
"41541","hollowly",1,32880603,99.98
"41542","holocaustic",1,32880604,99.98
"41543","holograph",1,32880605,99.98
"41544","holophrase",1,32880606,99.98
"41545","homelander",1,32880607,99.98
"41546","homeopathically",1,32880608,99.98
"41547","homiletic",1,32880609,99.98
"41548","hominess",1,32880610,99.98
"41549","hominid",1,32880611,99.98
"41550","hominy",1,32880612,99.98
"41551","homoeopathy",1,32880613,99.98
"41552","homogene",1,32880614,99.98
"41553","homogeneously",1,32880615,99.98
"41554","homoplasmic",1,32880616,99.98
"41555","homozygote",1,32880617,99.98
"41556","homy",1,32880618,99.98
"41557","honeycombed",1,32880619,99.98
"41558","honeyedly",1,32880620,99.98
"41559","honeymooner",1,32880621,99.98
"41560","honker",1,32880622,99.98
"41561","honoraria",1,32880623,99.98
"41562","hoofer",1,32880624,99.98
"41563","hooly",1,32880625,99.98
"41564","hoose",1,32880626,99.98
"41565","hoosegow",1,32880627,99.98
"41566","hooven",1,32880628,99.98
"41567","hoper",1,32880629,99.98
"41568","hopvine",1,32880630,99.98
"41569","horary",1,32880631,99.98
"41570","horehound",1,32880632,99.98
"41571","horizontalism",1,32880633,99.98
"41572","horizontically",1,32880634,99.98
"41573","horniness",1,32880635,99.98
"41574","hornish",1,32880636,99.98
"41575","hornworm",1,32880637,99.98
"41576","horological",1,32880638,99.98
"41577","horologist",1,32880639,99.98
"41578","horsebreaker",1,32880640,99.98
"41579","horsehead",1,32880641,99.98
"41580","horsekeeper",1,32880642,99.98
"41581","horseless",1,32880643,99.98
"41582","horsemint",1,32880644,99.98
"41583","horsewoman",1,32880645,99.98
"41584","horticulturally",1,32880646,99.98
"41585","hospitably",1,32880647,99.98
"41586","hospitalize",1,32880648,99.98
"41587","hospodar",1,32880649,99.98
"41588","hostelry",1,32880650,99.98
"41589","hotfoot",1,32880651,99.98
"41590","hoti",1,32880652,99.98
"41591","housefly",1,32880653,99.98
"41592","houseless",1,32880654,99.98
"41593","housemistress",1,32880655,99.98
"41594","housewifery",1,32880656,99.98
"41595","housewright",1,32880657,99.98
"41596","housty",1,32880658,99.98
"41597","hoven",1,32880659,99.98
"41598","howdah",1,32880660,99.98
"41599","howel",1,32880661,99.98
"41600","howlet",1,32880662,99.98
"41601","howlite",1,32880663,99.98
"41602","howsomever",1,32880664,99.98
"41603","hoyden",1,32880665,99.98
"41604","hubb",1,32880666,99.98
"41605","hubbly",1,32880667,99.98
"41606","huckle",1,32880668,99.98
"41607","huggle",1,32880669,99.98
"41608","hulky",1,32880670,99.98
"41609","humanhood",1,32880671,99.98
"41610","humanlike",1,32880672,99.98
"41611","humbugger",1,32880673,99.98
"41612","humectant",1,32880674,99.98
"41613","humification",1,32880675,99.98
"41614","hummie",1,32880676,99.98
"41615","hummocky",1,32880677,99.98
"41616","humoral",1,32880678,99.98
"41617","humorlessness",1,32880679,99.98
"41618","humous",1,32880680,99.98
"41619","hundredfold",1,32880681,99.98
"41620","hundredweight",1,32880682,99.98
"41621","hurdies",1,32880683,99.98
"41622","hurlock",1,32880684,99.98
"41623","hurtfully",1,32880685,99.98
"41624","huse",1,32880686,99.98
"41625","hushedly",1,32880687,99.98
"41626","huskily",1,32880688,99.98
"41627","hybridize",1,32880689,99.98
"41628","hybridizer",1,32880690,99.98
"41629","hydrator",1,32880691,99.98
"41630","hydrazine",1,32880692,99.98
"41631","hydride",1,32880693,99.98
"41632","hydrodynamic",1,32880694,99.98
"41633","hydroelectricity",1,32880695,99.98
"41634","hydrographic",1,32880696,99.98
"41635","hydrologist",1,32880697,99.98
"41636","hydrolysis",1,32880698,99.98
"41637","hydronephrosis",1,32880699,99.98
"41638","hydronium",1,32880700,99.98
"41639","hydrophobia",1,32880701,99.98
"41640","hydroscopic",1,32880702,99.98
"41641","hydrosol",1,32880703,99.98
"41642","hydrotropic",1,32880704,99.98
"41643","hymnody",1,32880705,99.98
"41644","hynde",1,32880706,99.98
"41645","hyperbaton",1,32880707,99.98
"41646","hyperbola",1,32880708,99.98
"41647","hyperbolically",1,32880709,99.98
"41648","hypercholesterolemia",1,32880710,99.98
"41649","hypercomplex",1,32880711,99.98
"41650","hypercritical",1,32880712,99.98
"41651","hyperkinetic",1,32880713,99.98
"41652","hyperpigmentation",1,32880714,99.98
"41653","hypersalivation",1,32880715,99.98
"41654","hyphenate",1,32880716,99.98
"41655","hypoactive",1,32880717,99.98
"41656","hypoactivity",1,32880718,99.98
"41657","hypocalcemia",1,32880719,99.98
"41658","hypochlorous",1,32880720,99.98
"41659","hypocrisis",1,32880721,99.98
"41660","hypocrital",1,32880722,99.98
"41661","hypoplastic",1,32880723,99.98
"41662","hypospray",1,32880724,99.98
"41663","hypostasis",1,32880725,99.98
"41664","hypostatic",1,32880726,99.98
"41665","hypothecate",1,32880727,99.98
"41666","hypothermic",1,32880728,99.98
"41667","hypothetic",1,32880729,99.98
"41668","hypotonia",1,32880730,99.98
"41669","hypotonic",1,32880731,99.98
"41670","iamb",1,32880732,99.98
"41671","iceblink",1,32880733,99.98
"41672","icebound",1,32880734,99.98
"41673","icefall",1,32880735,99.98
"41674","ichneumon",1,32880736,99.98
"41675","ichneumonid",1,32880737,99.98
"41676","ichthyology",1,32880738,99.98
"41677","iciness",1,32880739,99.98
"41678","iconoclastically",1,32880740,99.98
"41679","icterine",1,32880741,99.98
"41680","ideate",1,32880742,99.98
"41681","ideational",1,32880743,99.98
"41682","identic",1,32880744,99.98
"41683","ideomotor",1,32880745,99.98
"41684","idleman",1,32880746,99.98
"41685","idolistic",1,32880747,99.98
"41686","ignatia",1,32880748,99.98
"41687","igniter",1,32880749,99.98
"41688","ihi",1,32880750,99.98
"41689","ijma",1,32880751,99.98
"41690","ileum",1,32880752,99.98
"41691","iliotibial",1,32880753,99.98
"41692","illation",1,32880754,99.98
"41693","illative",1,32880755,99.98
"41694","illess",1,32880756,99.98
"41695","illiberalism",1,32880757,99.98
"41696","illimitably",1,32880758,99.98
"41697","illiquid",1,32880759,99.98
"41698","illiquidity",1,32880760,99.98
"41699","illuminance",1,32880761,99.98
"41700","illuminatingly",1,32880762,99.98
"41701","illuminative",1,32880763,99.98
"41702","illuminato",1,32880764,99.98
"41703","illusional",1,32880765,99.98
"41704","illusionism",1,32880766,99.98
"41705","illusionistic",1,32880767,99.98
"41706","imager",1,32880768,99.98
"41707","imaginational",1,32880769,99.98
"41708","imagism",1,32880770,99.98
"41709","imagistic",1,32880771,99.98
"41710","imbecility",1,32880772,99.98
"41711","immanently",1,32880773,99.98
"41712","immatriculation",1,32880774,99.98
"41713","immediateness",1,32880775,99.98
"41714","immenseness",1,32880776,99.98
"41715","immi",1,32880777,99.98
"41716","imminency",1,32880778,99.98
"41717","immoderately",1,32880779,99.98
"41718","immodestly",1,32880780,99.98
"41719","immoralist",1,32880781,99.98
"41720","immovably",1,32880782,99.98
"41721","immunochemistry",1,32880783,99.98
"41722","immunotoxin",1,32880784,99.98
"41723","immutability",1,32880785,99.98
"41724","immutably",1,32880786,99.98
"41725","impalement",1,32880787,99.98
"41726","impartation",1,32880788,99.98
"41727","impassably",1,32880789,99.98
"41728","impassionate",1,32880790,99.98
"41729","impassionedly",1,32880791,99.98
"41730","impeccability",1,32880792,99.98
"41731","impecuniously",1,32880793,99.98
"41732","impeller",1,32880794,99.98
"41733","impendent",1,32880795,99.98
"41734","impenitent",1,32880796,99.98
"41735","imperfectness",1,32880797,99.98
"41736","imperforate",1,32880798,99.98
"41737","imperia",1,32880799,99.98
"41738","imperially",1,32880800,99.98
"41739","imperiousness",1,32880801,99.98
"41740","impertinently",1,32880802,99.98
"41741","imperturbable",1,32880803,99.98
"41742","imperviously",1,32880804,99.98
"41743","imperviousness",1,32880805,99.98
"41744","impetratory",1,32880806,99.98
"41745","impetuousness",1,32880807,99.98
"41746","impingement",1,32880808,99.98
"41747","impiously",1,32880809,99.98
"41748","impiousness",1,32880810,99.98
"41749","implacability",1,32880811,99.98
"41750","imploringly",1,32880812,99.98
"41751","impolitic",1,32880813,99.98
"41752","imposture",1,32880814,99.98
"41753","imposturous",1,32880815,99.98
"41754","impracticability",1,32880816,99.98
"41755","imprecate",1,32880817,99.98
"41756","imprecisely",1,32880818,99.98
"41757","impregnator",1,32880819,99.98
"41758","imprescriptible",1,32880820,99.98
"41759","impressionability",1,32880821,99.98
"41760","impressment",1,32880822,99.98
"41761","imprime",1,32880823,99.98
"41762","imputable",1,32880824,99.98
"41763","imu",1,32880825,99.98
"41764","inaccessibly",1,32880826,99.98
"41765","inactivation",1,32880827,99.98
"41766","inadequateness",1,32880828,99.98
"41767","inamorata",1,32880829,99.98
"41768","inapposite",1,32880830,99.98
"41769","inarticulately",1,32880831,99.98
"41770","inartistic",1,32880832,99.98
"41771","inaudibility",1,32880833,99.98
"41772","inbe",1,32880834,99.98
"41773","inbreed",1,32880835,99.98
"41774","incalculably",1,32880836,99.98
"41775","incarnationist",1,32880837,99.98
"41776","incarnative",1,32880838,99.98
"41777","incautious",1,32880839,99.98
"41778","incertitude",1,32880840,99.98
"41779","incessancy",1,32880841,99.98
"41780","incide",1,32880842,99.98
"41781","incisiveness",1,32880843,99.98
"41782","incitive",1,32880844,99.98
"41783","incluse",1,32880845,99.98
"41784","incognizant",1,32880846,99.98
"41785","incomer",1,32880847,99.98
"41786","incommensurate",1,32880848,99.98
"41787","incommunicable",1,32880849,99.98
"41788","incommunicative",1,32880850,99.98
"41789","incompossible",1,32880851,99.98
"41790","incomprehensibleness",1,32880852,99.98
"41791","incompressible",1,32880853,99.98
"41792","inconclusively",1,32880854,99.98
"41793","inconducive",1,32880855,99.98
"41794","inconnu",1,32880856,99.98
"41795","inconsequentiality",1,32880857,99.98
"41796","inconsequentially",1,32880858,99.98
"41797","inconsiderateness",1,32880859,99.98
"41798","incontrovertibly",1,32880860,99.98
"41799","incorporative",1,32880861,99.98
"41800","incorrigibly",1,32880862,99.98
"41801","incrementation",1,32880863,99.98
"41802","incus",1,32880864,99.98
"41803","indan",1,32880865,99.98
"41804","indebtment",1,32880866,99.98
"41805","indecorously",1,32880867,99.98
"41806","indefatigability",1,32880868,99.98
"41807","indefatigably",1,32880869,99.98
"41808","indefensibility",1,32880870,99.98
"41809","indelicately",1,32880871,99.98
"41810","indicatively",1,32880872,99.98
"41811","indicia",1,32880873,99.98
"41812","indicium",1,32880874,99.98
"41813","indigence",1,32880875,99.98
"41814","indigenously",1,32880876,99.98
"41815","indigested",1,32880877,99.98
"41816","indigestibly",1,32880878,99.98
"41817","indignance",1,32880879,99.98
"41818","indiscreetly",1,32880880,99.98
"41819","indispensability",1,32880881,99.98
"41820","indispensably",1,32880882,99.98
"41821","indissociable",1,32880883,99.98
"41822","indissolubility",1,32880884,99.98
"41823","indistinctly",1,32880885,99.98
"41824","indistinguishably",1,32880886,99.98
"41825","indium",1,32880887,99.98
"41826","individualization",1,32880888,99.98
"41827","indivisibly",1,32880889,99.98
"41828","indole",1,32880890,99.98
"41829","indomitability",1,32880891,99.98
"41830","indubitable",1,32880892,99.98
"41831","inductively",1,32880893,99.98
"41832","inductor",1,32880894,99.98
"41833","indult",1,32880895,99.98
"41834","indumentum",1,32880896,99.98
"41835","inefficacy",1,32880897,99.98
"41836","inelegance",1,32880898,99.98
"41837","ineliminable",1,32880899,99.98
"41838","ineloquent",1,32880900,99.98
"41839","ineluctability",1,32880901,99.98
"41840","ineluctably",1,32880902,99.98
"41841","ineradicably",1,32880903,99.98
"41842","inexactly",1,32880904,99.98
"41843","inexactness",1,32880905,99.98
"41844","inexhaustibly",1,32880906,99.98
"41845","inexistent",1,32880907,99.98
"41846","inexorability",1,32880908,99.98
"41847","inexpedient",1,32880909,99.98
"41848","inexpensiveness",1,32880910,99.98
"41849","inexplicables",1,32880911,99.98
"41850","inexpressive",1,32880912,99.98
"41851","inextinguishable",1,32880913,99.98
"41852","infanthood",1,32880914,99.98
"41853","infarct",1,32880915,99.98
"41854","infeasibility",1,32880916,99.98
"41855","infectivity",1,32880917,99.98
"41856","infecund",1,32880918,99.98
"41857","infelicitous",1,32880919,99.98
"41858","infelicitously",1,32880920,99.98
"41859","inferentialism",1,32880921,99.98
"41860","inferentialist",1,32880922,99.98
"41861","infernally",1,32880923,99.98
"41862","infiniteness",1,32880924,99.98
"41863","infirmarian",1,32880925,99.98
"41864","infix",1,32880926,99.98
"41865","inflationism",1,32880927,99.98
"41866","influentially",1,32880928,99.98
"41867","infrequency",1,32880929,99.98
"41868","infructuous",1,32880930,99.98
"41869","infuser",1,32880931,99.98
"41870","ingeniousness",1,32880932,99.98
"41871","ingoing",1,32880933,99.98
"41872","ingratiatingly",1,32880934,99.98
"41873","inhabitation",1,32880935,99.98
"41874","inhalant",1,32880936,99.98
"41875","inharmonious",1,32880937,99.98
"41876","inharmony",1,32880938,99.98
"41877","inhibitive",1,32880939,99.98
"41878","inhospitably",1,32880940,99.98
"41879","inhumation",1,32880941,99.98
"41880","inhume",1,32880942,99.98
"41881","inimicable",1,32880943,99.98
"41882","initis",1,32880944,99.98
"41883","injuriously",1,32880945,99.98
"41884","inkle",1,32880946,99.98
"41885","inkslinger",1,32880947,99.98
"41886","inkstand",1,32880948,99.98
"41887","inlaw",1,32880949,99.98
"41888","inly",1,32880950,99.98
"41889","innerly",1,32880951,99.98
"41890","inness",1,32880952,99.98
"41891","innocuousness",1,32880953,99.98
"41892","innoxious",1,32880954,99.98
"41893","innyard",1,32880955,99.98
"41894","inoffensiveness",1,32880956,99.98
"41895","inofficially",1,32880957,99.98
"41896","inordinary",1,32880958,99.98
"41897","inquisitional",1,32880959,99.98
"41898","inrush",1,32880960,99.98
"41899","insaneness",1,32880961,99.98
"41900","inscrutably",1,32880962,99.98
"41901","inseminate",1,32880963,99.98
"41902","insentient",1,32880964,99.98
"41903","inseparate",1,32880965,99.98
"41904","insipidity",1,32880966,99.98
"41905","insipidly",1,32880967,99.98
"41906","insolation",1,32880968,99.98
"41907","insolency",1,32880969,99.98
"41908","insolently",1,32880970,99.98
"41909","insolubly",1,32880971,99.98
"41910","insolvability",1,32880972,99.98
"41911","insouciantly",1,32880973,99.98
"41912","inspan",1,32880974,99.98
"41913","inspectable",1,32880975,99.98
"41914","inspectorate",1,32880976,99.98
"41915","inspirationally",1,32880977,99.98
"41916","inspirer",1,32880978,99.98
"41917","inspirit",1,32880979,99.98
"41918","instatement",1,32880980,99.98
"41919","instillation",1,32880981,99.98
"41920","institutionalism",1,32880982,99.98
"41921","instructer",1,32880983,99.98
"41922","instructively",1,32880984,99.98
"41923","instrumentalism",1,32880985,99.98
"41924","instrumentist",1,32880986,99.98
"41925","insufferableness",1,32880987,99.98
"41926","insufflate",1,32880988,99.98
"41927","insula",1,32880989,99.98
"41928","insuperably",1,32880990,99.98
"41929","insupportably",1,32880991,99.98
"41930","insurability",1,32880992,99.98
"41931","insurable",1,32880993,99.98
"41932","intangibility",1,32880994,99.98
"41933","intellectualist",1,32880995,99.98
"41934","intellectualize",1,32880996,99.98
"41935","intelligenced",1,32880997,99.98
"41936","intelligibly",1,32880998,99.98
"41937","intendance",1,32880999,99.98
"41938","intension",1,32881000,99.98
"41939","interactionism",1,32881001,99.98
"41940","interborough",1,32881002,99.98
"41941","intercalate",1,32881003,99.98
"41942","intercalation",1,32881004,99.98
"41943","interclub",1,32881005,99.98
"41944","intercoastal",1,32881006,99.98
"41945","intercolonial",1,32881007,99.98
"41946","intercommunicate",1,32881008,99.98
"41947","intercommunication",1,32881009,99.98
"41948","intercommunion",1,32881010,99.98
"41949","intercommunity",1,32881011,99.98
"41950","intercompany",1,32881012,99.98
"41951","intercrural",1,32881013,99.98
"41952","interdepartmental",1,32881014,99.98
"41953","interdependently",1,32881015,99.98
"41954","interestedly",1,32881016,99.98
"41955","interlace",1,32881017,99.98
"41956","interlining",1,32881018,99.98
"41957","interlocution",1,32881019,99.98
"41958","interlocutory",1,32881020,99.98
"41959","interlope",1,32881021,99.98
"41960","intermitted",1,32881022,99.98
"41961","intermontane",1,32881023,99.98
"41962","internationality",1,32881024,99.98
"41963","internee",1,32881025,99.98
"41964","interpenetrate",1,32881026,99.98
"41965","interpolative",1,32881027,99.98
"41966","interpolator",1,32881028,99.98
"41967","interposing",1,32881029,99.98
"41968","interposition",1,32881030,99.98
"41969","interpretable",1,32881031,99.98
"41970","interpretively",1,32881032,99.98
"41971","interrelate",1,32881033,99.98
"41972","interrelatedness",1,32881034,99.98
"41973","interschool",1,32881035,99.98
"41974","intersession",1,32881036,99.98
"41975","intersociety",1,32881037,99.98
"41976","interspecific",1,32881038,99.98
"41977","interstice",1,32881039,99.98
"41978","intertidal",1,32881040,99.98
"41979","intertribal",1,32881041,99.98
"41980","intervallic",1,32881042,99.98
"41981","interwove",1,32881043,99.98
"41982","interzone",1,32881044,99.98
"41983","intracoastal",1,32881045,99.98
"41984","intransient",1,32881046,99.98
"41985","intransigently",1,32881047,99.98
"41986","intraosseous",1,32881048,99.98
"41987","intraparty",1,32881049,99.98
"41988","intraspecific",1,32881050,99.98
"41989","intrastate",1,32881051,99.98
"41990","intrepidity",1,32881052,99.98
"41991","intrepidness",1,32881053,99.98
"41992","intrication",1,32881054,99.98
"41993","intrinsical",1,32881055,99.98
"41994","introducer",1,32881056,99.98
"41995","introitus",1,32881057,99.98
"41996","introspectiveness",1,32881058,99.98
"41997","intrusively",1,32881059,99.98
"41998","intuitional",1,32881060,99.98
"41999","intuitionist",1,32881061,99.98
"42000","invariance",1,32881062,99.98
"42001","invariant",1,32881063,99.98
"42002","invectiveness",1,32881064,99.98
"42003","investable",1,32881065,99.98
"42004","inveterately",1,32881066,99.98
"42005","invigilator",1,32881067,99.98
"42006","invitingly",1,32881068,99.98
"42007","iodo",1,32881069,99.98
"42008","ionone",1,32881070,99.98
"42009","ipecacuanha",1,32881071,99.98
"42010","irately",1,32881072,99.98
"42011","iridescently",1,32881073,99.98
"42012","ironer",1,32881074,99.98
"42013","ironsides",1,32881075,99.98
"42014","ironweed",1,32881076,99.98
"42015","irrebuttable",1,32881077,99.98
"42016","irreconcilability",1,32881078,99.98
"42017","irreducibility",1,32881079,99.98
"42018","irrelevancy",1,32881080,99.98
"42019","irremediable",1,32881081,99.98
"42020","irremediably",1,32881082,99.98
"42021","irreplaceably",1,32881083,99.98
"42022","irresistibility",1,32881084,99.98
"42023","irretrievable",1,32881085,99.98
"42024","irreversibility",1,32881086,99.98
"42025","irriguous",1,32881087,99.98
"42026","irruption",1,32881088,99.98
"42027","irruptive",1,32881089,99.98
"42028","isagogics",1,32881090,99.98
"42029","isethionate",1,32881091,99.98
"42030","isinglass",1,32881092,99.98
"42031","isocyanate",1,32881093,99.98
"42032","isolative",1,32881094,99.98
"42033","isomeric",1,32881095,99.98
"42034","isomorphism",1,32881096,99.98
"42035","isoperimetric",1,32881097,99.98
"42036","isosceles",1,32881098,99.98
"42037","isostatic",1,32881099,99.98
"42038","isothiocyanates",1,32881100,99.98
"42039","issei",1,32881101,99.98
"42040","isthmian",1,32881102,99.98
"42041","itemization",1,32881103,99.98
"42042","itinerancy",1,32881104,99.98
"42043","iyo",1,32881105,99.98
"42044","jaggy",1,32881106,99.98
"42045","japing",1,32881107,99.98
"42046","japonica",1,32881108,99.98
"42047","jarful",1,32881109,99.98
"42048","jasey",1,32881110,99.98
"42049","jass",1,32881111,99.99
"42050","jaun",1,32881112,99.99
"42051","javelina",1,32881113,99.99
"42052","jayhawker",1,32881114,99.99
"42053","jaywalker",1,32881115,99.99
"42054","jellylike",1,32881116,99.99
"42055","jerkily",1,32881117,99.99
"42056","jerkiness",1,32881118,99.99
"42057","jerl",1,32881119,99.99
"42058","jerseyed",1,32881120,99.99
"42059","jewfish",1,32881121,99.99
"42060","jheel",1,32881122,99.99
"42061","jiff",1,32881123,99.99
"42062","jiggers",1,32881124,99.99
"42063","jilt",1,32881125,99.99
"42064","jingler",1,32881126,99.99
"42065","jingo",1,32881127,99.99
"42066","jingoist",1,32881128,99.99
"42067","jink",1,32881129,99.99
"42068","jinni",1,32881130,99.99
"42069","jobber",1,32881131,99.99
"42070","jobbery",1,32881132,99.99
"42071","jobble",1,32881133,99.99
"42072","jockeyship",1,32881134,99.99
"42073","jocose",1,32881135,99.99
"42074","johnnycake",1,32881136,99.99
"42075","jointing",1,32881137,99.99
"42076","jointless",1,32881138,99.99
"42077","joist",1,32881139,99.99
"42078","jollification",1,32881140,99.99
"42079","jolliness",1,32881141,99.99
"42080","jotter",1,32881142,99.99
"42081","journalese",1,32881143,99.99
"42082","journeywoman",1,32881144,99.99
"42083","joylessly",1,32881145,99.99
"42084","jube",1,32881146,99.99
"42085","juck",1,32881147,99.99
"42086","judger",1,32881148,99.99
"42087","judgeship",1,32881149,99.99
"42088","jumby",1,32881150,99.99
"42089","jumpiness",1,32881151,99.99
"42090","jungli",1,32881152,99.99
"42091","jungly",1,32881153,99.99
"42092","juniata",1,32881154,99.99
"42093","junto",1,32881155,99.99
"42094","juridically",1,32881156,99.99
"42095","jurisprudent",1,32881157,99.99
"42096","jurisprudentially",1,32881158,99.99
"42097","justiciability",1,32881159,99.99
"42098","justo",1,32881160,99.99
"42099","juvenal",1,32881161,99.99
"42100","juvenate",1,32881162,99.99
"42101","juxtapositional",1,32881163,99.99
"42102","kago",1,32881164,99.99
"42103","kaha",1,32881165,99.99
"42104","kaiserdom",1,32881166,99.99
"42105","kalends",1,32881167,99.99
"42106","kamias",1,32881168,99.99
"42107","kanoon",1,32881169,99.99
"42108","kantele",1,32881170,99.99
"42109","kapur",1,32881171,99.99
"42110","karela",1,32881172,99.99
"42111","kasa",1,32881173,99.99
"42112","katalyst",1,32881174,99.99
"42113","kathal",1,32881175,99.99
"42114","katharsis",1,32881176,99.99
"42115","keech",1,32881177,99.99
"42116","keek",1,32881178,99.99
"42117","kegler",1,32881179,99.99
"42118","kelk",1,32881180,99.99
"42119","keloid",1,32881181,99.99
"42120","kelpware",1,32881182,99.99
"42121","kennelly",1,32881183,99.99
"42122","kenotic",1,32881184,99.99
"42123","kep",1,32881185,99.99
"42124","ketone",1,32881186,99.99
"42125","kex",1,32881187,99.99
"42126","khanda",1,32881188,99.99
"42127","khanjar",1,32881189,99.99
"42128","khass",1,32881190,99.99
"42129","khedivate",1,32881191,99.99
"42130","khet",1,32881192,99.99
"42131","khula",1,32881193,99.99
"42132","kickout",1,32881194,99.99
"42133","kidskin",1,32881195,99.99
"42134","kil",1,32881196,99.99
"42135","killingly",1,32881197,99.99
"42136","killy",1,32881198,99.99
"42137","kindler",1,32881199,99.99
"42138","kinematic",1,32881200,99.99
"42139","kinematics",1,32881201,99.99
"42140","kinesis",1,32881202,99.99
"42141","kinetically",1,32881203,99.99
"42142","kinglike",1,32881204,99.99
"42143","kingmaker",1,32881205,99.99
"42144","kingmaking",1,32881206,99.99
"42145","kingsman",1,32881207,99.99
"42146","kishon",1,32881208,99.99
"42147","kitab",1,32881209,99.99
"42148","kittendom",1,32881210,99.99
"42149","kittle",1,32881211,99.99
"42150","klippe",1,32881212,99.99
"42151","knab",1,32881213,99.99
"42152","knavery",1,32881214,99.99
"42153","knavish",1,32881215,99.99
"42154","kneadable",1,32881216,99.99
"42155","kneader",1,32881217,99.99
"42156","knickered",1,32881218,99.99
"42157","knifelike",1,32881219,99.99
"42158","knobbed",1,32881220,99.99
"42159","knobble",1,32881221,99.99
"42160","knowe",1,32881222,99.99
"42161","knurled",1,32881223,99.99
"42162","koff",1,32881224,99.99
"42163","kolkhoz",1,32881225,99.99
"42164","komondor",1,32881226,99.99
"42165","kon",1,32881227,99.99
"42166","kooka",1,32881228,99.99
"42167","kopeck",1,32881229,99.99
"42168","koppen",1,32881230,99.99
"42169","koruna",1,32881231,99.99
"42170","kosong",1,32881232,99.99
"42171","kowhai",1,32881233,99.99
"42172","kozo",1,32881234,99.99
"42173","kra",1,32881235,99.99
"42174","krait",1,32881236,99.99
"42175","kral",1,32881237,99.99
"42176","krems",1,32881238,99.99
"42177","kreutzer",1,32881239,99.99
"42178","kronor",1,32881240,99.99
"42179","kuba",1,32881241,99.99
"42180","kunai",1,32881242,99.99
"42181","kunzite",1,32881243,99.99
"42182","kurtosis",1,32881244,99.99
"42183","kvass",1,32881245,99.99
"42184","kyack",1,32881246,99.99
"42185","kyphoscoliosis",1,32881247,99.99
"42186","kyphosis",1,32881248,99.99
"42187","kyte",1,32881249,99.99
"42188","labeller",1,32881250,99.99
"42189","labellum",1,32881251,99.99
"42190","labradorite",1,32881252,99.99
"42191","labyrinthian",1,32881253,99.99
"42192","lacca",1,32881254,99.99
"42193","laceless",1,32881255,99.99
"42194","lachrymose",1,32881256,99.99
"42195","lacker",1,32881257,99.99
"42196","laconicum",1,32881258,99.99
"42197","lactam",1,32881259,99.99
"42198","lactucarium",1,32881260,99.99
"42199","lade",1,32881261,99.99
"42200","lading",1,32881262,99.99
"42201","ladylove",1,32881263,99.99
"42202","laet",1,32881264,99.99
"42203","lagen",1,32881265,99.99
"42204","laggardly",1,32881266,99.99
"42205","laich",1,32881267,99.99
"42206","lalang",1,32881268,99.99
"42207","lall",1,32881269,99.99
"42208","lamby",1,32881270,99.99
"42209","lamentingly",1,32881271,99.99
"42210","lamin",1,32881272,99.99
"42211","lamina",1,32881273,99.99
"42212","laminar",1,32881274,99.99
"42213","lamping",1,32881275,99.99
"42214","lampion",1,32881276,99.99
"42215","lanas",1,32881277,99.99
"42216","lancelike",1,32881278,99.99
"42217","landgrave",1,32881279,99.99
"42218","landlessness",1,32881280,99.99
"42219","landlubbing",1,32881281,99.99
"42220","landman",1,32881282,99.99
"42221","landownership",1,32881283,99.99
"42222","landslip",1,32881284,99.99
"42223","landsman",1,32881285,99.99
"42224","lanket",1,32881286,99.99
"42225","lanternist",1,32881287,99.99
"42226","lanthanum",1,32881288,99.99
"42227","lanugo",1,32881289,99.99
"42228","laparotomy",1,32881290,99.99
"42229","larcenist",1,32881291,99.99
"42230","larcenous",1,32881292,99.99
"42231","larghetto",1,32881293,99.99
"42232","larin",1,32881294,99.99
"42233","larking",1,32881295,99.99
"42234","larrikin",1,32881296,99.99
"42235","laryngeal",1,32881297,99.99
"42236","lastingly",1,32881298,99.99
"42237","latchet",1,32881299,99.99
"42238","laten",1,32881300,99.99
"42239","laterality",1,32881301,99.99
"42240","lateralize",1,32881302,99.99
"42241","lathen",1,32881303,99.99
"42242","lathing",1,32881304,99.99
"42243","latigo",1,32881305,99.99
"42244","lation",1,32881306,99.99
"42245","latitudinal",1,32881307,99.99
"42246","latitudinarian",1,32881308,99.99
"42247","lattermost",1,32881309,99.99
"42248","laudably",1,32881310,99.99
"42249","laudator",1,32881311,99.99
"42250","launce",1,32881312,99.99
"42251","laund",1,32881313,99.99
"42252","laurate",1,32881314,99.99
"42253","lauryl",1,32881315,99.99
"42254","lavage",1,32881316,99.99
"42255","lavatorial",1,32881317,99.99
"42256","lawlessly",1,32881318,99.99
"42257","lawmaking",1,32881319,99.99
"42258","lawned",1,32881320,99.99
"42259","lawyerlike",1,32881321,99.99
"42260","laywoman",1,32881322,99.99
"42261","lazybones",1,32881323,99.99
"42262","leadin",1,32881324,99.99
"42263","leadwood",1,32881325,99.99
"42264","leanly",1,32881326,99.99
"42265","leanness",1,32881327,99.99
"42266","leaper",1,32881328,99.99
"42267","learnable",1,32881329,99.99
"42268","leasable",1,32881330,99.99
"42269","leaser",1,32881331,99.99
"42270","leastways",1,32881332,99.99
"42271","leathercraft",1,32881333,99.99
"42272","leatherware",1,32881334,99.99
"42273","leatherwork",1,32881335,99.99
"42274","leatherworking",1,32881336,99.99
"42275","lection",1,32881337,99.99
"42276","ledging",1,32881338,99.99
"42277","leep",1,32881339,99.99
"42278","leeringly",1,32881340,99.99
"42279","legalist",1,32881341,99.99
"42280","legalistically",1,32881342,99.99
"42281","legger",1,32881343,99.99
"42282","legginess",1,32881344,99.99
"42283","legist",1,32881345,99.99
"42284","legman",1,32881346,99.99
"42285","lehr",1,32881347,99.99
"42286","lemma",1,32881348,99.99
"42287","lemniscate",1,32881349,99.99
"42288","lemures",1,32881350,99.99
"42289","lemurian",1,32881351,99.99
"42290","lenard",1,32881352,99.99
"42291","lengthiness",1,32881353,99.99
"42292","lenis",1,32881354,99.99
"42293","lentisk",1,32881355,99.99
"42294","lepidopterist",1,32881356,99.99
"42295","leptomeningeal",1,32881357,99.99
"42296","lepton",1,32881358,99.99
"42297","leptospirosis",1,32881359,99.99
"42298","lessness",1,32881360,99.99
"42299","letterspace",1,32881361,99.99
"42300","letup",1,32881362,99.99
"42301","leucism",1,32881363,99.99
"42302","leucopenia",1,32881364,99.99
"42303","levelheadedness",1,32881365,99.99
"42304","levirate",1,32881366,99.99
"42305","levitational",1,32881367,99.99
"42306","lewdly",1,32881368,99.99
"42307","lewdness",1,32881369,99.99
"42308","lexia",1,32881370,99.99
"42309","lexicographic",1,32881371,99.99
"42310","lexicographically",1,32881372,99.99
"42311","lexicography",1,32881373,99.99
"42312","liard",1,32881374,99.99
"42313","libate",1,32881375,99.99
"42314","libber",1,32881376,99.99
"42315","liberalistic",1,32881377,99.99
"42316","liberalness",1,32881378,99.99
"42317","liberatory",1,32881379,99.99
"42318","libertinism",1,32881380,99.99
"42319","licenser",1,32881381,99.99
"42320","lichened",1,32881382,99.99
"42321","licit",1,32881383,99.99
"42322","lickerish",1,32881384,99.99
"42323","lifelikeness",1,32881385,99.99
"42324","ligamentous",1,32881386,99.99
"42325","ligation",1,32881387,99.99
"42326","ligature",1,32881388,99.99
"42327","lightless",1,32881389,99.99
"42328","ligure",1,32881390,99.99
"42329","likin",1,32881391,99.99
"42330","lilied",1,32881392,99.99
"42331","limbal",1,32881393,99.99
"42332","limbeck",1,32881394,99.99
"42333","limitive",1,32881395,99.99
"42334","limn",1,32881396,99.99
"42335","limonium",1,32881397,99.99
"42336","limper",1,32881398,99.99
"42337","limpidly",1,32881399,99.99
"42338","limpness",1,32881400,99.99
"42339","linage",1,32881401,99.99
"42340","linalool",1,32881402,99.99
"42341","lineation",1,32881403,99.99
"42342","lingerer",1,32881404,99.99
"42343","lingonberry",1,32881405,99.99
"42344","linkable",1,32881406,99.99
"42345","linkman",1,32881407,99.99
"42346","linnet",1,32881408,99.99
"42347","lionization",1,32881409,99.99
"42348","lionize",1,32881410,99.99
"42349","lipless",1,32881411,99.99
"42350","lippen",1,32881412,99.99
"42351","lipping",1,32881413,99.99
"42352","liquidizer",1,32881414,99.99
"42353","liquorish",1,32881415,99.99
"42354","liquorless",1,32881416,99.99
"42355","lispingly",1,32881417,99.99
"42356","lissom",1,32881418,99.99
"42357","lissome",1,32881419,99.99
"42358","litas",1,32881420,99.99
"42359","literality",1,32881421,99.99
"42360","literation",1,32881422,99.99
"42361","lithely",1,32881423,99.99
"42362","lithography",1,32881424,99.99
"42363","lithology",1,32881425,99.99
"42364","litigiously",1,32881426,99.99
"42365","litterer",1,32881427,99.99
"42366","liturgiologist",1,32881428,99.99
"42367","litz",1,32881429,99.99
"42368","livableness",1,32881430,99.99
"42369","livelong",1,32881431,99.99
"42370","liverwort",1,32881432,99.99
"42371","lividly",1,32881433,99.99
"42372","llano",1,32881434,99.99
"42373","loach",1,32881435,99.99
"42374","loadage",1,32881436,99.99
"42375","lobular",1,32881437,99.99
"42376","localist",1,32881438,99.99
"42377","localness",1,32881439,99.99
"42378","locanda",1,32881440,99.99
"42379","locational",1,32881441,99.99
"42380","lockman",1,32881442,99.99
"42381","lodestar",1,32881443,99.99
"42382","loess",1,32881444,99.99
"42383","loganberry",1,32881445,99.99
"42384","loggin",1,32881446,99.99
"42385","logia",1,32881447,99.99
"42386","logie",1,32881448,99.99
"42387","loiterer",1,32881449,99.99
"42388","lomita",1,32881450,99.99
"42389","longitudinally",1,32881451,99.99
"42390","longshanks",1,32881452,99.99
"42391","longwise",1,32881453,99.99
"42392","loomer",1,32881454,99.99
"42393","lopper",1,32881455,99.99
"42394","lopsidedly",1,32881456,99.99
"42395","loquaciously",1,32881457,99.99
"42396","loquat",1,32881458,99.99
"42397","losh",1,32881459,99.99
"42398","louden",1,32881460,99.99
"42399","loudmouthed",1,32881461,99.99
"42400","louk",1,32881462,99.99
"42401","loupe",1,32881463,99.99
"42402","lour",1,32881464,99.99
"42403","loutishness",1,32881465,99.99
"42404","lovably",1,32881466,99.99
"42405","lovebird",1,32881467,99.99
"42406","lowa",1,32881468,99.99
"42407","lowder",1,32881469,99.99
"42408","lowth",1,32881470,99.99
"42409","lowy",1,32881471,99.99
"42410","lozengy",1,32881472,99.99
"42411","lubber",1,32881473,99.99
"42412","lubberly",1,32881474,99.99
"42413","lubricious",1,32881475,99.99
"42414","ludicrousness",1,32881476,99.99
"42415","lue",1,32881477,99.99
"42416","lufberry",1,32881478,99.99
"42417","lugubriously",1,32881479,99.99
"42418","lumberman",1,32881480,99.99
"42419","lumine",1,32881481,99.99
"42420","luminesce",1,32881482,99.99
"42421","luminiferous",1,32881483,99.99
"42422","luminousness",1,32881484,99.99
"42423","lumpish",1,32881485,99.99
"42424","lunate",1,32881486,99.99
"42425","lunatically",1,32881487,99.99
"42426","luncher",1,32881488,99.99
"42427","lunes",1,32881489,99.99
"42428","lungi",1,32881490,99.99
"42429","lunkhead",1,32881491,99.99
"42430","lurcher",1,32881492,99.99
"42431","lushy",1,32881493,99.99
"42432","lustfully",1,32881494,99.99
"42433","lustiness",1,32881495,99.99
"42434","luthier",1,32881496,99.99
"42435","luxuriance",1,32881497,99.99
"42436","luxuriousness",1,32881498,99.99
"42437","lycanthrope",1,32881499,99.99
"42438","lycanthropic",1,32881500,99.99
"42439","lycanthropy",1,32881501,99.99
"42440","lymphadenitis",1,32881502,99.99
"42441","lymphedema",1,32881503,99.99
"42442","lymphocyte",1,32881504,99.99
"42443","lymphoid",1,32881505,99.99
"42444","lymphosarcoma",1,32881506,99.99
"42445","lymphotoxin",1,32881507,99.99
"42446","lyonnaise",1,32881508,99.99
"42447","lyrist",1,32881509,99.99
"42448","lysozyme",1,32881510,99.99
"42449","macana",1,32881511,99.99
"42450","macaronic",1,32881512,99.99
"42451","machar",1,32881513,99.99
"42452","machin",1,32881514,99.99
"42453","machination",1,32881515,99.99
"42454","machinelike",1,32881516,99.99
"42455","mackle",1,32881517,99.99
"42456","macronutrient",1,32881518,99.99
"42457","macrophage",1,32881519,99.99
"42458","macrophotography",1,32881520,99.99
"42459","macroscopic",1,32881521,99.99
"42460","macula",1,32881522,99.99
"42461","maculate",1,32881523,99.99
"42462","madstone",1,32881524,99.99
"42463","maduro",1,32881525,99.99
"42464","magas",1,32881526,99.99
"42465","magicking",1,32881527,99.99
"42466","magistery",1,32881528,99.99
"42467","magistracy",1,32881529,99.99
"42468","magmatic",1,32881530,99.99
"42469","magnanimousness",1,32881531,99.99
"42470","magneta",1,32881532,99.99
"42471","magnetite",1,32881533,99.99
"42472","magnifico",1,32881534,99.99
"42473","magsman",1,32881535,99.99
"42474","mahone",1,32881536,99.99
"42475","maidenhair",1,32881537,99.99
"42476","maidenhead",1,32881538,99.99
"42477","maidenly",1,32881539,99.99
"42478","maimon",1,32881540,99.99
"42479","mainlander",1,32881541,99.99
"42480","maintainer",1,32881542,99.99
"42481","majestical",1,32881543,99.99
"42482","majuscule",1,32881544,99.99
"42483","makeweight",1,32881545,99.99
"42484","makhzan",1,32881546,99.99
"42485","maladroit",1,32881547,99.99
"42486","malanga",1,32881548,99.99
"42487","malapert",1,32881549,99.99
"42488","malaprop",1,32881550,99.99
"42489","malate",1,32881551,99.99
"42490","maldigestion",1,32881552,99.99
"42491","maldistribution",1,32881553,99.99
"42492","malediction",1,32881554,99.99
"42493","malevolency",1,32881555,99.99
"42494","malleus",1,32881556,99.99
"42495","malmsey",1,32881557,99.99
"42496","maltase",1,32881558,99.99
"42497","manageress",1,32881559,99.99
"42498","managership",1,32881560,99.99
"42499","manche",1,32881561,99.99
"42500","mandatary",1,32881562,99.99
"42501","mandible",1,32881563,99.99
"42502","mandrill",1,32881564,99.99
"42503","manege",1,32881565,99.99
"42504","manful",1,32881566,99.99
"42505","mang",1,32881567,99.99
"42506","manism",1,32881568,99.99
"42507","manist",1,32881569,99.99
"42508","manless",1,32881570,99.99
"42509","mannerable",1,32881571,99.99
"42510","manorial",1,32881572,99.99
"42511","manque",1,32881573,99.99
"42512","manteau",1,32881574,99.99
"42513","mantled",1,32881575,99.99
"42514","manumission",1,32881576,99.99
"42515","manway",1,32881577,99.99
"42516","manzanita",1,32881578,99.99
"42517","manzil",1,32881579,99.99
"42518","mapper",1,32881580,99.99
"42519","mappy",1,32881581,99.99
"42520","maquette",1,32881582,99.99
"42521","maqui",1,32881583,99.99
"42522","maraud",1,32881584,99.99
"42523","marcher",1,32881585,99.99
"42524","marechal",1,32881586,99.99
"42525","margraviate",1,32881587,99.99
"42526","maritally",1,32881588,99.99
"42527","marmorated",1,32881589,99.99
"42528","martyrologium",1,32881590,99.99
"42529","masser",1,32881591,99.99
"42530","massiveness",1,32881592,99.99
"42531","masterless",1,32881593,99.99
"42532","masterman",1,32881594,99.99
"42533","mastoid",1,32881595,99.99
"42534","matagouri",1,32881596,99.99
"42535","matanza",1,32881597,99.99
"42536","matboard",1,32881598,99.99
"42537","matcher",1,32881599,99.99
"42538","matchlessly",1,32881600,99.99
"42539","maternally",1,32881601,99.99
"42540","matriculant",1,32881602,99.99
"42541","maturer",1,32881603,99.99
"42542","maty",1,32881604,99.99
"42543","maund",1,32881605,99.99
"42544","maxilla",1,32881606,99.99
"42545","maximizer",1,32881607,99.99
"42546","maycock",1,32881608,99.99
"42547","mazed",1,32881609,99.99
"42548","meadowed",1,32881610,99.99
"42549","meadowy",1,32881611,99.99
"42550","meagerly",1,32881612,99.99
"42551","meaninglessly",1,32881613,99.99
"42552","measureless",1,32881614,99.99
"42553","measurer",1,32881615,99.99
"42554","mediative",1,32881616,99.99
"42555","mediatory",1,32881617,99.99
"42556","medicolegal",1,32881618,99.99
"42557","medievalism",1,32881619,99.99
"42558","medievally",1,32881620,99.99
"42559","meditativeness",1,32881621,99.99
"42560","meditator",1,32881622,99.99
"42561","mediumism",1,32881623,99.99
"42562","medius",1,32881624,99.99
"42563","medulla",1,32881625,99.99
"42564","meece",1,32881626,99.99
"42565","meeken",1,32881627,99.99
"42566","megalith",1,32881628,99.99
"42567","melamed",1,32881629,99.99
"42568","melancholically",1,32881630,99.99
"42569","melanistic",1,32881631,99.99
"42570","meliponine",1,32881632,99.99
"42571","melisma",1,32881633,99.99
"42572","mellisonant",1,32881634,99.99
"42573","melodia",1,32881635,99.99
"42574","melodion",1,32881636,99.99
"42575","melter",1,32881637,99.99
"42576","membered",1,32881638,99.99
"42577","memorability",1,32881639,99.99
"42578","memorizer",1,32881640,99.99
"42579","mendaciously",1,32881641,99.99
"42580","mendicancy",1,32881642,99.99
"42581","meniscal",1,32881643,99.99
"42582","mense",1,32881644,99.99
"42583","menses",1,32881645,99.99
"42584","menstruate",1,32881646,99.99
"42585","mentation",1,32881647,99.99
"42586","mentholated",1,32881648,99.99
"42587","menthone",1,32881649,99.99
"42588","mephitic",1,32881650,99.99
"42589","merbaby",1,32881651,99.99
"42590","merchandiser",1,32881652,99.99
"42591","merchantable",1,32881653,99.99
"42592","merfolk",1,32881654,99.99
"42593","mergence",1,32881655,99.99
"42594","meristem",1,32881656,99.99
"42595","mero",1,32881657,99.99
"42596","merpeople",1,32881658,99.99
"42597","merrymaking",1,32881659,99.99
"42598","mescal",1,32881660,99.99
"42599","mesdames",1,32881661,99.99
"42600","mesmerically",1,32881662,99.99
"42601","meson",1,32881663,99.99
"42602","metalanguage",1,32881664,99.99
"42603","metallurgy",1,32881665,99.99
"42604","metalworker",1,32881666,99.99
"42605","metalworks",1,32881667,99.99
"42606","metamorphous",1,32881668,99.99
"42607","metaphenomenal",1,32881669,99.99
"42608","metaphysicist",1,32881670,99.99
"42609","metastable",1,32881671,99.99
"42610","metastasis",1,32881672,99.99
"42611","metatarsal",1,32881673,99.99
"42612","methionine",1,32881674,99.99
"42613","methodic",1,32881675,99.99
"42614","metier",1,32881676,99.99
"42615","metonymic",1,32881677,99.99
"42616","metronomically",1,32881678,99.99
"42617","mettlesome",1,32881679,99.99
"42618","mewl",1,32881680,99.99
"42619","miaow",1,32881681,99.99
"42620","mias",1,32881682,99.99
"42621","miasmic",1,32881683,99.99
"42622","microcephaly",1,32881684,99.99
"42623","microcosmos",1,32881685,99.99
"42624","microdose",1,32881686,99.99
"42625","microfauna",1,32881687,99.99
"42626","microflora",1,32881688,99.99
"42627","microglia",1,32881689,99.99
"42628","microlite",1,32881690,99.99
"42629","microlith",1,32881691,99.99
"42630","micronucleus",1,32881692,99.99
"42631","micronutrient",1,32881693,99.99
"42632","micropathological",1,32881694,99.99
"42633","micropore",1,32881695,99.99
"42634","microsecond",1,32881696,99.99
"42635","microsporic",1,32881697,99.99
"42636","middy",1,32881698,99.99
"42637","midship",1,32881699,99.99
"42638","mignonette",1,32881700,99.99
"42639","mildewy",1,32881701,99.99
"42640","milepost",1,32881702,99.99
"42641","militarist",1,32881703,99.99
"42642","militaristically",1,32881704,99.99
"42643","militarize",1,32881705,99.99
"42644","milken",1,32881706,99.99
"42645","milkfish",1,32881707,99.99
"42646","milkwort",1,32881708,99.99
"42647","millenarian",1,32881709,99.99
"42648","millenarianism",1,32881710,99.99
"42649","millennialist",1,32881711,99.99
"42650","millsite",1,32881712,99.99
"42651","millstream",1,32881713,99.99
"42652","mima",1,32881714,99.99
"42653","mimeo",1,32881715,99.99
"42654","mimeograph",1,32881716,99.99
"42655","mimine",1,32881717,99.99
"42656","mineralization",1,32881718,99.99
"42657","mineralogy",1,32881719,99.99
"42658","minimizer",1,32881720,99.99
"42659","minimus",1,32881721,99.99
"42660","minish",1,32881722,99.99
"42661","ministerium",1,32881723,99.99
"42662","ministership",1,32881724,99.99
"42663","ministrant",1,32881725,99.99
"42664","miniver",1,32881726,99.99
"42665","minuteness",1,32881727,99.99
"42666","miny",1,32881728,99.99
"42667","mirk",1,32881729,99.99
"42668","mirthfully",1,32881730,99.99
"42669","mirthlessly",1,32881731,99.99
"42670","misanthropist",1,32881732,99.99
"42671","misapply",1,32881733,99.99
"42672","misappropriate",1,32881734,99.99
"42673","misattribution",1,32881735,99.99
"42674","miscalculate",1,32881736,99.99
"42675","mischaracterize",1,32881737,99.99
"42676","mischievousness",1,32881738,99.99
"42677","misconfiguration",1,32881739,99.99
"42678","miscreation",1,32881740,99.99
"42679","miscredited",1,32881741,99.99
"42680","miscut",1,32881742,99.99
"42681","miseducation",1,32881743,99.99
"42682","miserableness",1,32881744,99.99
"42683","misestimate",1,32881745,99.99
"42684","misfortunate",1,32881746,99.99
"42685","misguidedly",1,32881747,99.99
"42686","mishappen",1,32881748,99.99
"42687","misidentify",1,32881749,99.99
"42688","misogynous",1,32881750,99.99
"42689","misplay",1,32881751,99.99
"42690","mispronounce",1,32881752,99.99
"42691","mispronunciation",1,32881753,99.99
"42692","misrepresentative",1,32881754,99.99
"42693","missioner",1,32881755,99.99
"42694","misspeak",1,32881756,99.99
"42695","misstate",1,32881757,99.99
"42696","mistakingly",1,32881758,99.99
"42697","mistily",1,32881759,99.99
"42698","mistiness",1,32881760,99.99
"42699","mity",1,32881761,99.99
"42700","mixolydian",1,32881762,99.99
"42701","mixy",1,32881763,99.99
"42702","mizzen",1,32881764,99.99
"42703","mizzenmast",1,32881765,99.99
"42704","mizzle",1,32881766,99.99
"42705","mizzy",1,32881767,99.99
"42706","mnemonist",1,32881768,99.99
"42707","modalism",1,32881769,99.99
"42708","modalist",1,32881770,99.99
"42709","modernistic",1,32881771,99.99
"42710","modishly",1,32881772,99.99
"42711","modiste",1,32881773,99.99
"42712","mofussil",1,32881774,99.99
"42713","mogador",1,32881775,99.99
"42714","moho",1,32881776,99.99
"42715","moil",1,32881777,99.99
"42716","moit",1,32881778,99.99
"42717","moki",1,32881779,99.99
"42718","moldavite",1,32881780,99.99
"42719","molecularly",1,32881781,99.99
"42720","moler",1,32881782,99.99
"42721","moline",1,32881783,99.99
"42722","molossus",1,32881784,99.99
"42723","monad",1,32881785,99.99
"42724","monadnock",1,32881786,99.99
"42725","monadology",1,32881787,99.99
"42726","monas",1,32881788,99.99
"42727","monastically",1,32881789,99.99
"42728","monatomic",1,32881790,99.99
"42729","monazite",1,32881791,99.99
"42730","monergism",1,32881792,99.99
"42731","moneywort",1,32881793,99.99
"42732","mongery",1,32881794,99.99
"42733","monition",1,32881795,99.99
"42734","monkeyish",1,32881796,99.99
"42735","monkeypod",1,32881797,99.99
"42736","monkly",1,32881798,99.99
"42737","monocalcium",1,32881799,99.99
"42738","monochord",1,32881800,99.99
"42739","monochromic",1,32881801,99.99
"42740","monocyte",1,32881802,99.99
"42741","monodic",1,32881803,99.99
"42742","monomaniacal",1,32881804,99.99
"42743","mononitrate",1,32881805,99.99
"42744","mononuclear",1,32881806,99.99
"42745","monoplane",1,32881807,99.99
"42746","monopolar",1,32881808,99.99
"42747","monotonically",1,32881809,99.99
"42748","monotonously",1,32881810,99.99
"42749","monotypic",1,32881811,99.99
"42750","monovalent",1,32881812,99.99
"42751","monozygotic",1,32881813,99.99
"42752","monseigneur",1,32881814,99.99
"42753","montant",1,32881815,99.99
"42754","monture",1,32881816,99.99
"42755","mooner",1,32881817,99.99
"42756","moonfaced",1,32881818,99.99
"42757","moonfish",1,32881819,99.99
"42758","moonscape",1,32881820,99.99
"42759","moonseed",1,32881821,99.99
"42760","moonshiner",1,32881822,99.99
"42761","moonshining",1,32881823,99.99
"42762","moonwalker",1,32881824,99.99
"42763","moost",1,32881825,99.99
"42764","mooting",1,32881826,99.99
"42765","moper",1,32881827,99.99
"42766","mophead",1,32881828,99.99
"42767","mopish",1,32881829,99.99
"42768","moratoria",1,32881830,99.99
"42769","mordent",1,32881831,99.99
"42770","morepork",1,32881832,99.99
"42771","morne",1,32881833,99.99
"42772","morong",1,32881834,99.99
"42773","morphic",1,32881835,99.99
"42774","morphogenetic",1,32881836,99.99
"42775","morphologically",1,32881837,99.99
"42776","morphosis",1,32881838,99.99
"42777","morsal",1,32881839,99.99
"42778","mortifyingly",1,32881840,99.99
"42779","mortmain",1,32881841,99.99
"42780","morula",1,32881842,99.99
"42781","morule",1,32881843,99.99
"42782","moste",1,32881844,99.99
"42783","mothery",1,32881845,99.99
"42784","motile",1,32881846,99.99
"42785","motional",1,32881847,99.99
"42786","motoneuron",1,32881848,99.99
"42787","motorless",1,32881849,99.99
"42788","mouly",1,32881850,99.99
"42789","mousehole",1,32881851,99.99
"42790","mousily",1,32881852,99.99
"42791","mousing",1,32881853,99.99
"42792","moutan",1,32881854,99.99
"42793","moveless",1,32881855,99.99
"42794","moviedom",1,32881856,99.99
"42795","moyen",1,32881857,99.99
"42796","mucilaginous",1,32881858,99.99
"42797","mucket",1,32881859,99.99
"42798","mucosa",1,32881860,99.99
"42799","mudbank",1,32881861,99.99
"42800","muddily",1,32881862,99.99
"42801","muddler",1,32881863,99.99
"42802","mudguard",1,32881864,99.99
"42803","mudstone",1,32881865,99.99
"42804","muggins",1,32881866,99.99
"42805","muhammadi",1,32881867,99.99
"42806","muktar",1,32881868,99.99
"42807","mulcher",1,32881869,99.99
"42808","mulefoot",1,32881870,99.99
"42809","muleteer",1,32881871,99.99
"42810","muliebrity",1,32881872,99.99
"42811","mullion",1,32881873,99.99
"42812","mult",1,32881874,99.99
"42813","multibranched",1,32881875,99.99
"42814","multicylinder",1,32881876,99.99
"42815","multidirectional",1,32881877,99.99
"42816","multifactorial",1,32881878,99.99
"42817","multiform",1,32881879,99.99
"42818","multilocation",1,32881880,99.99
"42819","multimodal",1,32881881,99.99
"42820","multimodality",1,32881882,99.99
"42821","multipara",1,32881883,99.99
"42822","multiplane",1,32881884,99.99
"42823","multistoried",1,32881885,99.99
"42824","multistory",1,32881886,99.99
"42825","multivalent",1,32881887,99.99
"42826","multivocal",1,32881888,99.99
"42827","mummied",1,32881889,99.99
"42828","mummify",1,32881890,99.99
"42829","munga",1,32881891,99.99
"42830","munificence",1,32881892,99.99
"42831","muntjac",1,32881893,99.99
"42832","murderously",1,32881894,99.99
"42833","murderousness",1,32881895,99.99
"42834","mure",1,32881896,99.99
"42835","murmurer",1,32881897,99.99
"42836","murshid",1,32881898,99.99
"42837","musang",1,32881899,99.99
"42838","musar",1,32881900,99.99
"42839","muscadine",1,32881901,99.99
"42840","muscularly",1,32881902,99.99
"42841","mushily",1,32881903,99.99
"42842","mushroomy",1,32881904,99.99
"42843","musicale",1,32881905,99.99
"42844","musicalization",1,32881906,99.99
"42845","musico",1,32881907,99.99
"42846","musicological",1,32881908,99.99
"42847","musicology",1,32881909,99.99
"42848","musingly",1,32881910,99.99
"42849","muskie",1,32881911,99.99
"42850","muskiness",1,32881912,99.99
"42851","mustachio",1,32881913,99.99
"42852","mustelid",1,32881914,99.99
"42853","mutedly",1,32881915,99.99
"42854","mutineer",1,32881916,99.99
"42855","mutinous",1,32881917,99.99
"42856","mutism",1,32881918,99.99
"42857","mutualism",1,32881919,99.99
"42858","mutualization",1,32881920,99.99
"42859","mycelia",1,32881921,99.99
"42860","mycological",1,32881922,99.99
"42861","mycology",1,32881923,99.99
"42862","myectomy",1,32881924,99.99
"42863","myelination",1,32881925,99.99
"42864","myelogenous",1,32881926,99.99
"42865","myeloid",1,32881927,99.99
"42866","myoma",1,32881928,99.99
"42867","myomectomy",1,32881929,99.99
"42868","myopathy",1,32881930,99.99
"42869","myopically",1,32881931,99.99
"42870","myotonic",1,32881932,99.99
"42871","myrtal",1,32881933,99.99
"42872","mythologically",1,32881934,99.99
"42873","mythologize",1,32881935,99.99
"42874","mythopoesis",1,32881936,99.99
"42875","mythopoet",1,32881937,99.99
"42876","nabob",1,32881938,99.99
"42877","nacarat",1,32881939,99.99
"42878","nacelle",1,32881940,99.99
"42879","nacreous",1,32881941,99.99
"42880","naething",1,32881942,99.99
"42881","nagara",1,32881943,99.99
"42882","naggingly",1,32881944,99.99
"42883","naiad",1,32881945,99.99
"42884","nailbrush",1,32881946,99.99
"42885","nais",1,32881947,99.99
"42886","naissant",1,32881948,99.99
"42887","nameable",1,32881949,99.99
"42888","namelessly",1,32881950,99.99
"42889","nanga",1,32881951,99.99
"42890","naphthalene",1,32881952,99.99
"42891","nappe",1,32881953,99.99
"42892","narcism",1,32881954,99.99
"42893","narcissi",1,32881955,99.99
"42894","nares",1,32881956,99.99
"42895","naric",1,32881957,99.99
"42896","nark",1,32881958,99.99
"42897","natality",1,32881959,99.99
"42898","natatorium",1,32881960,99.99
"42899","nationless",1,32881961,99.99
"42900","nativeness",1,32881962,99.99
"42901","nattered",1,32881963,99.99
"42902","nauseate",1,32881964,99.99
"42903","nauseously",1,32881965,99.99
"42904","nauseousness",1,32881966,99.99
"42905","nautically",1,32881967,99.99
"42906","navicular",1,32881968,99.99
"42907","navigability",1,32881969,99.99
"42908","navigant",1,32881970,99.99
"42909","naysay",1,32881971,99.99
"42910","naysayer",1,32881972,99.99
"42911","nazim",1,32881973,99.99
"42912","nearabouts",1,32881974,99.99
"42913","nebby",1,32881975,99.99
"42914","nebular",1,32881976,99.99
"42915","neckband",1,32881977,99.99
"42916","neckless",1,32881978,99.99
"42917","necklet",1,32881979,99.99
"42918","neckwear",1,32881980,99.99
"42919","necrophile",1,32881981,99.99
"42920","necrotize",1,32881982,99.99
"42921","nectarivorous",1,32881983,99.99
"42922","needfully",1,32881984,99.99
"42923","nef",1,32881985,99.99
"42924","nefariously",1,32881986,99.99
"42925","negativism",1,32881987,99.99
"42926","negus",1,32881988,99.99
"42927","nenuphar",1,32881989,99.99
"42928","neorealism",1,32881990,99.99
"42929","neoteric",1,32881991,99.99
"42930","nephele",1,32881992,99.99
"42931","nephrite",1,32881993,99.99
"42932","nestful",1,32881994,99.99
"42933","nesty",1,32881995,99.99
"42934","neth",1,32881996,99.99
"42935","nethermost",1,32881997,99.99
"42936","netty",1,32881998,99.99
"42937","neuralgic",1,32881999,99.99
"42938","neurite",1,32882000,99.99
"42939","neuroanatomy",1,32882001,99.99
"42940","neurochemistry",1,32882002,99.99
"42941","neurogenesis",1,32882003,99.99
"42942","neuropathologist",1,32882004,99.99
"42943","neurophysiology",1,32882005,99.99
"42944","neuropsychiatrist",1,32882006,99.99
"42945","neurotrophic",1,32882007,99.99
"42946","neutralist",1,32882008,99.99
"42947","nevo",1,32882009,99.99
"42948","newsreader",1,32882010,99.99
"42949","nibbler",1,32882011,99.99
"42950","nibong",1,32882012,99.99
"42951","nicolo",1,32882013,99.99
"42952","nicotinamide",1,32882014,99.99
"42953","nide",1,32882015,99.99
"42954","nife",1,32882016,99.99
"42955","nightman",1,32882017,99.99
"42956","nilgai",1,32882018,99.99
"42957","nincompoopery",1,32882019,99.99
"42958","ninefold",1,32882020,99.99
"42959","ninepins",1,32882021,99.99
"42960","ninnyhammer",1,32882022,99.99
"42961","nishiki",1,32882023,99.99
"42962","nitrile",1,32882024,99.99
"42963","nobbut",1,32882025,99.99
"42964","nobby",1,32882026,99.99
"42965","nobleness",1,32882027,99.99
"42966","nobs",1,32882028,99.99
"42967","nocent",1,32882029,99.99
"42968","nock",1,32882030,99.99
"42969","noctilucent",1,32882031,99.99
"42970","noddle",1,32882032,99.99
"42971","nodular",1,32882033,99.99
"42972","noiselessness",1,32882034,99.99
"42973","nomadically",1,32882035,99.99
"42974","nomenclator",1,32882036,99.99
"42975","nomic",1,32882037,99.99
"42976","nonactionable",1,32882038,99.99
"42977","nonagenarian",1,32882039,99.99
"42978","nonaggression",1,32882040,99.99
"42979","nonagricultural",1,32882041,99.99
"42980","nonalcoholic",1,32882042,99.99
"42981","nonattachment",1,32882043,99.99
"42982","nonbeing",1,32882044,99.99
"42983","nonchemical",1,32882045,99.99
"42984","noncombatant",1,32882046,99.99
"42985","noncommissioned",1,32882047,99.99
"42986","noncommunication",1,32882048,99.99
"42987","noncommunist",1,32882049,99.99
"42988","noncompetitive",1,32882050,99.99
"42989","noncriminal",1,32882051,99.99
"42990","noncritical",1,32882052,99.99
"42991","nondangerous",1,32882053,99.99
"42992","nondiscriminatory",1,32882054,99.99
"42993","nonesuch",1,32882055,99.99
"42994","nonet",1,32882056,99.99
"42995","nonexecutive",1,32882057,99.99
"42996","nonfigurative",1,32882058,99.99
"42997","nonfinancial",1,32882059,99.99
"42998","nonhereditary",1,32882060,99.99
"42999","nonindustrial",1,32882061,99.99
"43000","nonlife",1,32882062,99.99
"43001","nonliving",1,32882063,99.99
"43002","nonmarine",1,32882064,99.99
"43003","nonmedical",1,32882065,99.99
"43004","nonmystical",1,32882066,99.99
"43005","nonobjective",1,32882067,99.99
"43006","nonobligatory",1,32882068,99.99
"43007","nonoffender",1,32882069,99.99
"43008","nonpaid",1,32882070,99.99
"43009","nonperformance",1,32882071,99.99
"43010","nonperishable",1,32882072,99.99
"43011","nonpermanent",1,32882073,99.99
"43012","nonplus",1,32882074,99.99
"43013","nonporous",1,32882075,99.99
"43014","nonproprietary",1,32882076,99.99
"43015","nonreligion",1,32882077,99.99
"43016","nonrenewable",1,32882078,99.99
"43017","nonsacred",1,32882079,99.99
"43018","nonseasonal",1,32882080,99.99
"43019","nonsensically",1,32882081,99.99
"43020","nonserious",1,32882082,99.99
"43021","nonsmoker",1,32882083,99.99
"43022","nonsmoking",1,32882084,99.99
"43023","nonspecialist",1,32882085,99.99
"43024","nonstarter",1,32882086,99.99
"43025","nonsupport",1,32882087,99.99
"43026","nontaxable",1,32882088,99.99
"43027","nonthinking",1,32882089,99.99
"43028","nonvisual",1,32882090,99.99
"43029","nonvocal",1,32882091,99.99
"43030","nonwestern",1,32882092,99.99
"43031","nonzero",1,32882093,99.99
"43032","nooky",1,32882094,99.99
"43033","nopal",1,32882095,99.99
"43034","norland",1,32882096,99.99
"43035","norlander",1,32882097,99.99
"43036","normatively",1,32882098,99.99
"43037","northlight",1,32882099,99.99
"43038","northwesterly",1,32882100,99.99
"43039","noseband",1,32882101,99.99
"43040","nosegay",1,32882102,99.99
"43041","nostic",1,32882103,99.99
"43042","notarial",1,32882104,99.99
"43043","notarize",1,32882105,99.99
"43044","notelet",1,32882106,99.99
"43045","noter",1,32882107,99.99
"43046","noticer",1,32882108,99.99
"43047","notifiable",1,32882109,99.99
"43048","novitiate",1,32882110,99.99
"43049","nowy",1,32882111,99.99
"43050","noyau",1,32882112,99.99
"43051","nubbin",1,32882113,99.99
"43052","nubble",1,32882114,99.99
"43053","nuclease",1,32882115,99.99
"43054","nucleation",1,32882116,99.99
"43055","nuclide",1,32882117,99.99
"43056","nugatory",1,32882118,99.99
"43057","nuggety",1,32882119,99.99
"43058","nullable",1,32882120,99.99
"43059","numerable",1,32882121,99.99
"43060","numerator",1,32882122,99.99
"43061","numerosity",1,32882123,99.99
"43062","numerously",1,32882124,99.99
"43063","numismatist",1,32882125,99.99
"43064","nuncio",1,32882126,99.99
"43065","nursegirl",1,32882127,99.99
"43066","nutation",1,32882128,99.99
"43067","nuttery",1,32882129,99.99
"43068","nyanza",1,32882130,99.99
"43069","nystagmus",1,32882131,99.99
"43070","oafishly",1,32882132,99.99
"43071","obeisant",1,32882133,99.99
"43072","objectional",1,32882134,99.99
"43073","obligatorily",1,32882135,99.99
"43074","obligement",1,32882136,99.99
"43075","obliqueness",1,32882137,99.99
"43076","obloquy",1,32882138,99.99
"43077","obscuration",1,32882139,99.99
"43078","obsequiousness",1,32882140,99.99
"43079","obstructionism",1,32882141,99.99
"43080","obtainment",1,32882142,99.99
"43081","obtrude",1,32882143,99.99
"43082","obturator",1,32882144,99.99
"43083","obtusely",1,32882145,99.99
"43084","occiput",1,32882146,99.99
"43085","occlude",1,32882147,99.99
"43086","occlusion",1,32882148,99.99
"43087","occultation",1,32882149,99.99
"43088","ocelli",1,32882150,99.99
"43089","ochro",1,32882151,99.99
"43090","ocote",1,32882152,99.99
"43091","octavo",1,32882153,99.99
"43092","octopodes",1,32882154,99.99
"43093","octoroon",1,32882155,99.99
"43094","octyl",1,32882156,99.99
"43095","oculist",1,32882157,99.99
"43096","oes",1,32882158,99.99
"43097","oestrus",1,32882159,99.99
"43098","offeree",1,32882160,99.99
"43099","offhandedness",1,32882161,99.99
"43100","offsider",1,32882162,99.99
"43101","ogler",1,32882163,99.99
"43102","ogreish",1,32882164,99.99
"43103","ogress",1,32882165,99.99
"43104","ohmage",1,32882166,99.99
"43105","oho",1,32882167,99.99
"43106","oilcan",1,32882168,99.99
"43107","oki",1,32882169,99.99
"43108","olena",1,32882170,99.99
"43109","olfaction",1,32882171,99.99
"43110","olfactive",1,32882172,99.99
"43111","olfactorily",1,32882173,99.99
"43112","oligarchical",1,32882174,99.99
"43113","oligopolistic",1,32882175,99.99
"43114","olivewood",1,32882176,99.99
"43115","olivine",1,32882177,99.99
"43116","olla",1,32882178,99.99
"43117","omnibenevolent",1,32882179,99.99
"43118","onanist",1,32882180,99.99
"43119","onanistic",1,32882181,99.99
"43120","onchocerciasis",1,32882182,99.99
"43121","oner",1,32882183,99.99
"43122","oniony",1,32882184,99.99
"43123","onrush",1,32882185,99.99
"43124","ontologist",1,32882186,99.99
"43125","oolite",1,32882187,99.99
"43126","ooziness",1,32882188,99.99
"43127","opacify",1,32882189,99.99
"43128","opah",1,32882190,99.99
"43129","opalescence",1,32882191,99.99
"43130","opencast",1,32882192,99.99
"43131","openhearted",1,32882193,99.99
"43132","openheartedness",1,32882194,99.99
"43133","openwork",1,32882195,99.99
"43134","operatically",1,32882196,99.99
"43135","opportunely",1,32882197,99.99
"43136","opposit",1,32882198,99.99
"43137","opticon",1,32882199,99.99
"43138","opulently",1,32882200,99.99
"43139","orage",1,32882201,99.99
"43140","orangebird",1,32882202,99.99
"43141","orangeman",1,32882203,99.99
"43142","oranger",1,32882204,99.99
"43143","orchestrally",1,32882205,99.99
"43144","orderedness",1,32882206,99.99
"43145","orderless",1,32882207,99.99
"43146","organum",1,32882208,99.99
"43147","ornamentally",1,32882209,99.99
"43148","ornithologically",1,32882210,99.99
"43149","oropharyngeal",1,32882211,99.99
"43150","oropharynx",1,32882212,99.99
"43151","orphanhood",1,32882213,99.99
"43152","orris",1,32882214,99.99
"43153","orsel",1,32882215,99.99
"43154","orthographic",1,32882216,99.99
"43155","orthopod",1,32882217,99.99
"43156","orthopraxis",1,32882218,99.99
"43157","orthopteran",1,32882219,99.99
"43158","orthorhombic",1,32882220,99.99
"43159","oscular",1,32882221,99.99
"43160","osculate",1,32882222,99.99
"43161","osmeterium",1,32882223,99.99
"43162","ossify",1,32882224,99.99
"43163","ostentatiousness",1,32882225,99.99
"43164","osteology",1,32882226,99.99
"43165","osteopathy",1,32882227,99.99
"43166","otherwhere",1,32882228,99.99
"43167","otiose",1,32882229,99.99
"43168","otolaryngologist",1,32882230,99.99
"43169","otolith",1,32882231,99.99
"43170","ottinger",1,32882232,99.99
"43171","ouf",1,32882233,99.99
"43172","ounds",1,32882234,99.99
"43173","outbox",1,32882235,99.99
"43174","outclass",1,32882236,99.99
"43175","outclimb",1,32882237,99.99
"43176","outcoming",1,32882238,99.99
"43177","outdrink",1,32882239,99.99
"43178","outdrive",1,32882240,99.99
"43179","outen",1,32882241,99.99
"43180","outfight",1,32882242,99.99
"43181","outflanking",1,32882243,99.99
"43182","outgoingness",1,32882244,99.99
"43183","outgone",1,32882245,99.99
"43184","outgun",1,32882246,99.99
"43185","outhit",1,32882247,99.99
"43186","outish",1,32882248,99.99
"43187","outlandishly",1,32882249,99.99
"43188","outliner",1,32882250,99.99
"43189","outpass",1,32882251,99.99
"43190","outpoll",1,32882252,99.99
"43191","outre",1,32882253,99.99
"43192","outride",1,32882254,99.99
"43193","outrigger",1,32882255,99.99
"43194","outshot",1,32882256,99.99
"43195","outsight",1,32882257,99.99
"43196","outsing",1,32882258,99.99
"43197","outspend",1,32882259,99.99
"43198","outspent",1,32882260,99.99
"43199","outspread",1,32882261,99.99
"43200","outstay",1,32882262,99.99
"43201","outstretch",1,32882263,99.99
"43202","outthink",1,32882264,99.99
"43203","outvote",1,32882265,99.99
"43204","outwait",1,32882266,99.99
"43205","outwear",1,32882267,99.99
"43206","outwent",1,32882268,99.99
"43207","outwood",1,32882269,99.99
"43208","outwrite",1,32882270,99.99
"43209","ouzel",1,32882271,99.99
"43210","ovenbird",1,32882272,99.99
"43211","overact",1,32882273,99.99
"43212","overactivity",1,32882274,99.99
"43213","overanxious",1,32882275,99.99
"43214","overarm",1,32882276,99.99
"43215","overawe",1,32882277,99.99
"43216","overbuy",1,32882278,99.99
"43217","overcapacity",1,32882279,99.99
"43218","overcasting",1,32882280,99.99
"43219","overcoating",1,32882281,99.99
"43220","overcompensatory",1,32882282,99.99
"43221","overconscious",1,32882283,99.99
"43222","overcritical",1,32882284,99.99
"43223","overdemand",1,32882285,99.99
"43224","overdraw",1,32882286,99.99
"43225","overdriven",1,32882287,99.99
"43226","overdye",1,32882288,99.99
"43227","overeaten",1,32882289,99.99
"43228","overemphasize",1,32882290,99.99
"43229","overemphatic",1,32882291,99.99
"43230","overexert",1,32882292,99.99
"43231","overfamiliar",1,32882293,99.99
"43232","overfold",1,32882294,99.99
"43233","overgenerous",1,32882295,99.99
"43234","overgrow",1,32882296,99.99
"43235","overlander",1,32882297,99.99
"43236","overlarge",1,32882298,99.99
"43237","overlearn",1,32882299,99.99
"43238","overlie",1,32882300,99.99
"43239","overlight",1,32882301,99.99
"43240","overling",1,32882302,99.99
"43241","overlying",1,32882303,99.99
"43242","overmastering",1,32882304,99.99
"43243","overmodulation",1,32882305,99.99
"43244","overpopulous",1,32882306,99.99
"43245","overproduce",1,32882307,99.99
"43246","overpromise",1,32882308,99.99
"43247","overrate",1,32882309,99.99
"43248","overrepresentation",1,32882310,99.99
"43249","oversaturation",1,32882311,99.99
"43250","oversensitive",1,32882312,99.99
"43251","oversleep",1,32882313,99.99
"43252","overspeculative",1,32882314,99.99
"43253","overspeed",1,32882315,99.99
"43254","overspread",1,32882316,99.99
"43255","overstrike",1,32882317,99.99
"43256","overstuff",1,32882318,99.99
"43257","oversufficient",1,32882319,99.99
"43258","oversweet",1,32882320,99.99
"43259","overtax",1,32882321,99.99
"43260","overtreatment",1,32882322,99.99
"43261","overvalue",1,32882323,99.99
"43262","overwash",1,32882324,99.99
"43263","overwatcher",1,32882325,99.99
"43264","overwise",1,32882326,99.99
"43265","overworld",1,32882327,99.99
"43266","oviparous",1,32882328,99.99
"43267","owler",1,32882329,99.99
"43268","owlet",1,32882330,99.99
"43269","owling",1,32882331,99.99
"43270","ownerless",1,32882332,99.99
"43271","oxidase",1,32882333,99.99
"43272","oxidizer",1,32882334,99.99
"43273","oxland",1,32882335,99.99
"43274","oxman",1,32882336,99.99
"43275","oxpecker",1,32882337,99.99
"43276","oxter",1,32882338,99.99
"43277","oxychloride",1,32882339,99.99
"43278","oxygenate",1,32882340,99.99
"43279","oystering",1,32882341,99.99
"43280","ozokerite",1,32882342,99.99
"43281","ozonic",1,32882343,99.99
"43282","paal",1,32882344,99.99
"43283","pacaya",1,32882345,99.99
"43284","pacificism",1,32882346,99.99
"43285","packman",1,32882347,99.99
"43286","paga",1,32882348,99.99
"43287","paganize",1,32882349,99.99
"43288","pagina",1,32882350,99.99
"43289","paginate",1,32882351,99.99
"43290","pagination",1,32882352,99.99
"43291","pahlavi",1,32882353,99.99
"43292","paik",1,32882354,99.99
"43293","pailful",1,32882355,99.99
"43294","painlessness",1,32882356,99.99
"43295","paintbox",1,32882357,99.99
"43296","painty",1,32882358,99.99
"43297","palaeography",1,32882359,99.99
"43298","palaeolithic",1,32882360,99.99
"43299","palatal",1,32882361,99.99
"43300","palatialness",1,32882362,99.99
"43301","palay",1,32882363,99.99
"43302","palazzi",1,32882364,99.99
"43303","paleface",1,32882365,99.99
"43304","paleobotanist",1,32882366,99.99
"43305","paleographer",1,32882367,99.99
"43306","paleographic",1,32882368,99.99
"43307","paleography",1,32882369,99.99
"43308","paleontological",1,32882370,99.99
"43309","palindromic",1,32882371,99.99
"43310","pallbearer",1,32882372,99.99
"43311","palled",1,32882373,99.99
"43312","palleting",1,32882374,99.99
"43313","pallidity",1,32882375,99.99
"43314","palmar",1,32882376,99.99
"43315","palmful",1,32882377,99.99
"43316","palmo",1,32882378,99.99
"43317","palmy",1,32882379,99.99
"43318","palolo",1,32882380,99.99
"43319","palp",1,32882381,99.99
"43320","palpation",1,32882382,99.99
"43321","palpi",1,32882383,99.99
"43322","palpitate",1,32882384,99.99
"43323","palsied",1,32882385,99.99
"43324","paludal",1,32882386,99.99
"43325","panade",1,32882387,99.99
"43326","pandal",1,32882388,99.99
"43327","panderer",1,32882389,99.99
"43328","paneless",1,32882390,99.99
"43329","panfish",1,32882391,99.99
"43330","panful",1,32882392,99.99
"43331","pankration",1,32882393,99.99
"43332","panoptic",1,32882394,99.99
"43333","panpsychist",1,32882395,99.99
"43334","panspermia",1,32882396,99.99
"43335","pantheist",1,32882397,99.99
"43336","pantomimist",1,32882398,99.99
"43337","panton",1,32882399,99.99
"43338","papain",1,32882400,99.99
"43339","papalist",1,32882401,99.99
"43340","paperbark",1,32882402,99.99
"43341","paperboard",1,32882403,99.99
"43342","papilloma",1,32882404,99.99
"43343","paradisiac",1,32882405,99.99
"43344","paradisiacal",1,32882406,99.99
"43345","parah",1,32882407,99.99
"43346","parallelization",1,32882408,99.99
"43347","parallelize",1,32882409,99.99
"43348","paralogical",1,32882410,99.99
"43349","paralytically",1,32882411,99.99
"43350","parametric",1,32882412,99.99
"43351","paramountcy",1,32882413,99.99
"43352","paranoiac",1,32882414,99.99
"43353","parasceve",1,32882415,99.99
"43354","parashah",1,32882416,99.99
"43355","parasitically",1,32882417,99.99
"43356","parasitize",1,32882418,99.99
"43357","parasitologist",1,32882419,99.99
"43358","paratroop",1,32882420,99.99
"43359","parboil",1,32882421,99.99
"43360","parceling",1,32882422,99.99
"43361","parcelling",1,32882423,99.99
"43362","parchy",1,32882424,99.99
"43363","pard",1,32882425,99.99
"43364","pardner",1,32882426,99.99
"43365","paren",1,32882427,99.99
"43366","parer",1,32882428,99.99
"43367","pariahism",1,32882429,99.99
"43368","parky",1,32882430,99.99
"43369","parle",1,32882431,99.99
"43370","parliamentarianism",1,32882432,99.99
"43371","parliamentarism",1,32882433,99.99
"43372","parling",1,32882434,99.99
"43373","parnas",1,32882435,99.99
"43374","parochialism",1,32882436,99.99
"43375","parodist",1,32882437,99.99
"43376","parol",1,32882438,99.99
"43377","parotid",1,32882439,99.99
"43378","parricide",1,32882440,99.99
"43379","parrotlet",1,32882441,99.99
"43380","parroty",1,32882442,99.99
"43381","parsimony",1,32882443,99.99
"43382","parterre",1,32882444,99.99
"43383","participial",1,32882445,99.99
"43384","particularism",1,32882446,99.99
"43385","particularize",1,32882447,99.99
"43386","parturition",1,32882448,99.99
"43387","partyless",1,32882449,99.99
"43388","passbook",1,32882450,99.99
"43389","passee",1,32882451,99.99
"43390","passementerie",1,32882452,99.99
"43391","passingly",1,32882453,99.99
"43392","passionateness",1,32882454,99.99
"43393","passionist",1,32882455,99.99
"43394","passiveness",1,32882456,99.99
"43395","passkey",1,32882457,99.99
"43396","passo",1,32882458,99.99
"43397","pastedown",1,32882459,99.99
"43398","pasteurize",1,32882460,99.99
"43399","pastorally",1,32882461,99.99
"43400","pastorium",1,32882462,99.99
"43401","patcher",1,32882463,99.99
"43402","patchworky",1,32882464,99.99
"43403","patellofemoral",1,32882465,99.99
"43404","paternalist",1,32882466,99.99
"43405","pathed",1,32882467,99.99
"43406","pathfinding",1,32882468,99.99
"43407","patinate",1,32882469,99.99
"43408","patola",1,32882470,99.99
"43409","patricide",1,32882471,99.99
"43410","patrimonial",1,32882472,99.99
"43411","patriotically",1,32882473,99.99
"43412","patristics",1,32882474,99.99
"43413","patronizingly",1,32882475,99.99
"43414","patroon",1,32882476,99.99
"43415","pattypan",1,32882477,99.99
"43416","patulous",1,32882478,99.99
"43417","pavan",1,32882479,99.99
"43418","pavis",1,32882480,99.99
"43419","paymaster",1,32882481,99.99
"43420","payor",1,32882482,99.99
"43421","peacod",1,32882483,99.99
"43422","peahen",1,32882484,99.99
"43423","pean",1,32882485,99.99
"43424","pearled",1,32882486,99.99
"43425","pearler",1,32882487,99.99
"43426","pearling",1,32882488,99.99
"43427","pebrine",1,32882489,99.99
"43428","peccability",1,32882490,99.99
"43429","pectate",1,32882491,99.99
"43430","pectoralis",1,32882492,99.99
"43431","peda",1,32882493,99.99
"43432","pedagogically",1,32882494,99.99
"43433","pedder",1,32882495,99.99
"43434","pedicab",1,32882496,99.99
"43435","pedicel",1,32882497,99.99
"43436","pediment",1,32882498,99.99
"43437","pedimented",1,32882499,99.99
"43438","pedregal",1,32882500,99.99
"43439","peerie",1,32882501,99.99
"43440","peglike",1,32882502,99.99
"43441","peignoir",1,32882503,99.99
"43442","peine",1,32882504,99.99
"43443","peiser",1,32882505,99.99
"43444","pekan",1,32882506,99.99
"43445","pekoe",1,32882507,99.99
"43446","peller",1,32882508,99.99
"43447","pelletierine",1,32882509,99.99
"43448","pelmet",1,32882510,99.99
"43449","pelota",1,32882511,99.99
"43450","peltry",1,32882512,99.99
"43451","pelu",1,32882513,99.99
"43452","pelvimetry",1,32882514,99.99
"43453","pencilling",1,32882515,99.99
"43454","penial",1,32882516,99.99
"43455","penistone",1,32882517,99.99
"43456","penitentially",1,32882518,99.99
"43457","penitently",1,32882519,99.99
"43458","pennywort",1,32882520,99.99
"43459","penology",1,32882521,99.99
"43460","pensionable",1,32882522,99.99
"43461","pentapolis",1,32882523,99.99
"43462","pentathlon",1,32882524,99.99
"43463","penurious",1,32882525,99.99
"43464","pepo",1,32882526,99.99
"43465","peppergrass",1,32882527,99.99
"43466","pepperiness",1,32882528,99.99
"43467","pepperwood",1,32882529,99.99
"43468","pepsis",1,32882530,99.99
"43469","perceivably",1,32882531,99.99
"43470","perceptibility",1,32882532,99.99
"43471","perceptively",1,32882533,99.99
"43472","perchlorate",1,32882534,99.99
"43473","perchloroethylene",1,32882535,99.99
"43474","percolation",1,32882536,99.99
"43475","percussively",1,32882537,99.99
"43476","perdurability",1,32882538,99.99
"43477","peregrin",1,32882539,99.99
"43478","peregrina",1,32882540,99.99
"43479","peremptorily",1,32882541,99.99
"43480","perfectionistic",1,32882542,99.99
"43481","perfective",1,32882543,99.99
"43482","perfidiousness",1,32882544,99.99
"43483","perfumy",1,32882545,99.99
"43484","perfusion",1,32882546,99.99
"43485","pericardial",1,32882547,99.99
"43486","pericarp",1,32882548,99.99
"43487","perihepatic",1,32882549,99.99
"43488","periodontal",1,32882550,99.99
"43489","peripherial",1,32882551,99.99
"43490","periphrasis",1,32882552,99.99
"43491","peristalsis",1,32882553,99.99
"43492","peristyle",1,32882554,99.99
"43493","peristylium",1,32882555,99.99
"43494","peritoneum",1,32882556,99.99
"43495","perjure",1,32882557,99.99
"43496","perjurer",1,32882558,99.99
"43497","perkin",1,32882559,99.99
"43498","perlustration",1,32882560,99.99
"43499","permissibility",1,32882561,99.99
"43500","permissibly",1,32882562,99.99
"43501","perpendicularity",1,32882563,99.99
"43502","perpera",1,32882564,99.99
"43503","perplexedly",1,32882565,99.99
"43504","perquisite",1,32882566,99.99
"43505","perseverant",1,32882567,99.99
"43506","personalty",1,32882568,99.99
"43507","perspectively",1,32882569,99.99
"43508","perspicaciously",1,32882570,99.99
"43509","perspirant",1,32882571,99.99
"43510","pertinence",1,32882572,99.99
"43511","perverseness",1,32882573,99.99
"43512","pervertedly",1,32882574,99.99
"43513","pervigilium",1,32882575,99.99
"43514","perviously",1,32882576,99.99
"43515","peskily",1,32882577,99.99
"43516","pessary",1,32882578,99.99
"43517","pesthole",1,32882579,99.99
"43518","pestiferous",1,32882580,99.99
"43519","petitgrain",1,32882581,99.99
"43520","petitionary",1,32882582,99.99
"43521","petroglyph",1,32882583,99.99
"43522","petrolatum",1,32882584,99.99
"43523","pettitoes",1,32882585,99.99
"43524","pfennig",1,32882586,99.99
"43525","phalangist",1,32882587,99.99
"43526","phalarope",1,32882588,99.99
"43527","phantasma",1,32882589,99.99
"43528","phantasmagoric",1,32882590,99.99
"43529","pharmacologist",1,32882591,99.99
"43530","pharmacopeia",1,32882592,99.99
"43531","pharmacopoeia",1,32882593,99.99
"43532","pharynx",1,32882594,99.99
"43533","phasic",1,32882595,99.99
"43534","phasma",1,32882596,99.99
"43535","phenobarbital",1,32882597,99.99
"43536","phenol",1,32882598,99.99
"43537","phenomenalist",1,32882599,99.99
"43538","phenomenologically",1,32882600,99.99
"43539","philander",1,32882601,99.99
"43540","philanthrope",1,32882602,99.99
"43541","philanthropically",1,32882603,99.99
"43542","philanthropism",1,32882604,99.99
"43543","philippus",1,32882605,99.99
"43544","philomath",1,32882606,99.99
"43545","philomel",1,32882607,99.99
"43546","phlegmatic",1,32882608,99.99
"43547","phloem",1,32882609,99.99
"43548","phoca",1,32882610,99.99
"43549","phonogram",1,32882611,99.99
"43550","phonological",1,32882612,99.99
"43551","phonologically",1,32882613,99.99
"43552","phoo",1,32882614,99.99
"43553","phoria",1,32882615,99.99
"43554","phosphatase",1,32882616,99.99
"43555","photochemical",1,32882617,99.99
"43556","photofinishing",1,32882618,99.99
"43557","photographable",1,32882619,99.99
"43558","photomicroscope",1,32882620,99.99
"43559","photophobic",1,32882621,99.99
"43560","photoplay",1,32882622,99.99
"43561","photoreceptor",1,32882623,99.99
"43562","photostat",1,32882624,99.99
"43563","photosynthesize",1,32882625,99.99
"43564","phototropism",1,32882626,99.99
"43565","phrenological",1,32882627,99.99
"43566","phrenology",1,32882628,99.99
"43567","phthalate",1,32882629,99.99
"43568","phthisis",1,32882630,99.99
"43569","phycocyanin",1,32882631,99.99
"43570","phylogenetic",1,32882632,99.99
"43571","phylum",1,32882633,99.99
"43572","physicalist",1,32882634,99.99
"43573","physiognomic",1,32882635,99.99
"43574","physiognomist",1,32882636,99.99
"43575","physiologist",1,32882637,99.99
"43576","pianistic",1,32882638,99.99
"43577","piccalilli",1,32882639,99.99
"43578","piceous",1,32882640,99.99
"43579","pickler",1,32882641,99.99
"43580","picknick",1,32882642,99.99
"43581","picturesqueness",1,32882643,99.99
"43582","pieman",1,32882644,99.99
"43583","pietism",1,32882645,99.99
"43584","piggle",1,32882646,99.99
"43585","pigheadedness",1,32882647,99.99
"43586","pigmentary",1,32882648,99.99
"43587","piki",1,32882649,99.99
"43588","pilchard",1,32882650,99.99
"43589","piler",1,32882651,99.99
"43590","pilin",1,32882652,99.99
"43591","pilled",1,32882653,99.99
"43592","pillowing",1,32882654,99.99
"43593","pilon",1,32882655,99.99
"43594","pilonidal",1,32882656,99.99
"43595","pilothouse",1,32882657,99.99
"43596","pilous",1,32882658,99.99
"43597","pilus",1,32882659,99.99
"43598","pimenton",1,32882660,99.99
"43599","pimpled",1,32882661,99.99
"43600","pinchgut",1,32882662,99.99
"43601","pindling",1,32882663,99.99
"43602","pinene",1,32882664,99.99
"43603","pinioned",1,32882665,99.99
"43604","pinkly",1,32882666,99.99
"43605","pinna",1,32882667,99.99
"43606","pinnate",1,32882668,99.99
"43607","pintura",1,32882669,99.99
"43608","pinyon",1,32882670,99.99
"43609","piousness",1,32882671,99.99
"43610","pippy",1,32882672,99.99
"43611","piratess",1,32882673,99.99
"43612","pisang",1,32882674,99.99
"43613","piscator",1,32882675,99.99
"43614","piscina",1,32882676,99.99
"43615","pisky",1,32882677,99.99
"43616","pistache",1,32882678,99.99
"43617","pitarah",1,32882679,99.99
"43618","pitchblende",1,32882680,99.99
"43619","pitchiness",1,32882681,99.99
"43620","piteously",1,32882682,99.99
"43621","pithiness",1,32882683,99.99
"43622","pithless",1,32882684,99.99
"43623","pitiably",1,32882685,99.99
"43624","pitilessness",1,32882686,99.99
"43625","pivotally",1,32882687,99.99
"43626","placatory",1,32882688,99.99
"43627","plaice",1,32882689,99.99
"43628","plainsman",1,32882690,99.99
"43629","plak",1,32882691,99.99
"43630","planetoid",1,32882692,99.99
"43631","planful",1,32882693,99.99
"43632","plangently",1,32882694,99.99
"43633","planimetric",1,32882695,99.99
"43634","plantage",1,32882696,99.99
"43635","plantsman",1,32882697,99.99
"43636","planxty",1,32882698,99.99
"43637","plasmatic",1,32882699,99.99
"43638","plasson",1,32882700,99.99
"43639","plasterer",1,32882701,99.99
"43640","plasterwork",1,32882702,99.99
"43641","plasticizer",1,32882703,99.99
"43642","plastid",1,32882704,99.99
"43643","plater",1,32882705,99.99
"43644","platformish",1,32882706,99.99
"43645","platformless",1,32882707,99.99
"43646","platinate",1,32882708,99.99
"43647","platitudinous",1,32882709,99.99
"43648","platting",1,32882710,99.99
"43649","playlike",1,32882711,99.99
"43650","playscript",1,32882712,99.99
"43651","playwriter",1,32882713,99.99
"43652","pleasantry",1,32882714,99.99
"43653","plectrum",1,32882715,99.99
"43654","plenipotentiary",1,32882716,99.99
"43655","plentifulness",1,32882717,99.99
"43656","plerosis",1,32882718,99.99
"43657","pliability",1,32882719,99.99
"43658","plica",1,32882720,99.99
"43659","plighted",1,32882721,99.99
"43660","ploddingly",1,32882722,99.99
"43661","plook",1,32882723,99.99
"43662","plowable",1,32882724,99.99
"43663","plowboy",1,32882725,99.99
"43664","ployment",1,32882726,99.99
"43665","plucker",1,32882727,99.99
"43666","pluff",1,32882728,99.99
"43667","plugger",1,32882729,99.99
"43668","pluggy",1,32882730,99.99
"43669","plughole",1,32882731,99.99
"43670","pluma",1,32882732,99.99
"43671","plumaged",1,32882733,99.99
"43672","plumbago",1,32882734,99.99
"43673","plumbeous",1,32882735,99.99
"43674","plumcot",1,32882736,99.99
"43675","plumpness",1,32882737,99.99
"43676","plumps",1,32882738,99.99
"43677","plumpy",1,32882739,99.99
"43678","pluralize",1,32882740,99.99
"43679","pluripotent",1,32882741,99.99
"43680","pneumatophore",1,32882742,99.99
"43681","pneumococcal",1,32882743,99.99
"43682","poblacion",1,32882744,99.99
"43683","pochard",1,32882745,99.99
"43684","poche",1,32882746,99.99
"43685","poesie",1,32882747,99.99
"43686","poetling",1,32882748,99.99
"43687","poignance",1,32882749,99.99
"43688","pointment",1,32882750,99.99
"43689","pointsman",1,32882751,99.99
"43690","pokeweed",1,32882752,99.99
"43691","pokiness",1,32882753,99.99
"43692","polder",1,32882754,99.99
"43693","polemically",1,32882755,99.99
"43694","polemicist",1,32882756,99.99
"43695","polestar",1,32882757,99.99
"43696","politesse",1,32882758,99.99
"43697","polloi",1,32882759,99.99
"43698","polonium",1,32882760,99.99
"43699","polska",1,32882761,99.99
"43700","polt",1,32882762,99.99
"43701","poltroon",1,32882763,99.99
"43702","polyamide",1,32882764,99.99
"43703","polychrome",1,32882765,99.99
"43704","polycrystalline",1,32882766,99.99
"43705","polyhistor",1,32882767,99.99
"43706","polymathic",1,32882768,99.99
"43707","polymerization",1,32882769,99.99
"43708","polymorph",1,32882770,99.99
"43709","polymorphic",1,32882771,99.99
"43710","polynomial",1,32882772,99.99
"43711","polyphase",1,32882773,99.99
"43712","polypody",1,32882774,99.99
"43713","polytechnical",1,32882775,99.99
"43714","pomato",1,32882776,99.99
"43715","pome",1,32882777,99.99
"43716","ponceau",1,32882778,99.99
"43717","ponderosity",1,32882779,99.99
"43718","pondus",1,32882780,99.99
"43719","poniard",1,32882781,99.99
"43720","pontin",1,32882782,99.99
"43721","poolroom",1,32882783,99.99
"43722","popgun",1,32882784,99.99
"43723","popinjay",1,32882785,99.99
"43724","popliteal",1,32882786,99.99
"43725","popularism",1,32882787,99.99
"43726","porbeagle",1,32882788,99.99
"43727","porousness",1,32882789,99.99
"43728","porphyria",1,32882790,99.99
"43729","porret",1,32882791,99.99
"43730","portaled",1,32882792,99.99
"43731","portamento",1,32882793,99.99
"43732","porteous",1,32882794,99.99
"43733","porterage",1,32882795,99.99
"43734","portlet",1,32882796,99.99
"43735","portside",1,32882797,99.99
"43736","porty",1,32882798,99.99
"43737","positioner",1,32882799,99.99
"43738","positum",1,32882800,99.99
"43739","possessory",1,32882801,99.99
"43740","postable",1,32882802,99.99
"43741","postclassical",1,32882803,99.99
"43742","postdate",1,32882804,99.99
"43743","postface",1,32882805,99.99
"43744","posthaste",1,32882806,99.99
"43745","posthumus",1,32882807,99.99
"43746","postlude",1,32882808,99.99
"43747","postocular",1,32882809,99.99
"43748","postoperative",1,32882810,99.99
"43749","posttraumatic",1,32882811,99.99
"43750","postwoman",1,32882812,99.99
"43751","potash",1,32882813,99.99
"43752","potentate",1,32882814,99.99
"43753","potentiometer",1,32882815,99.99
"43754","potestas",1,32882816,99.99
"43755","potful",1,32882817,99.99
"43756","potlatch",1,32882818,99.99
"43757","potong",1,32882819,99.99
"43758","potpie",1,32882820,99.99
"43759","poulard",1,32882821,99.99
"43760","poulter",1,32882822,99.99
"43761","poundstone",1,32882823,99.99
"43762","pouter",1,32882824,99.99
"43763","powdering",1,32882825,99.99
"43764","powerboat",1,32882826,99.99
"43765","powerfulness",1,32882827,99.99
"43766","practic",1,32882828,99.99
"43767","practicability",1,32882829,99.99
"43768","practicalism",1,32882830,99.99
"43769","practicalize",1,32882831,99.99
"43770","praecox",1,32882832,99.99
"43771","praeludium",1,32882833,99.99
"43772","prajna",1,32882834,99.99
"43773","prate",1,32882835,99.99
"43774","prating",1,32882836,99.99
"43775","praya",1,32882837,99.99
"43776","prayerless",1,32882838,99.99
"43777","prayerlessness",1,32882839,99.99
"43778","preachiness",1,32882840,99.99
"43779","preapprove",1,32882841,99.99
"43780","preboil",1,32882842,99.99
"43781","preborn",1,32882843,99.99
"43782","precast",1,32882844,99.99
"43783","precedency",1,32882845,99.99
"43784","precess",1,32882846,99.99
"43785","precipitative",1,32882847,99.99
"43786","preclusion",1,32882848,99.99
"43787","precociousness",1,32882849,99.99
"43788","precocity",1,32882850,99.99
"43789","precognition",1,32882851,99.99
"43790","preconceptional",1,32882852,99.99
"43791","preconditioned",1,32882853,99.99
"43792","preconscious",1,32882854,99.99
"43793","precontact",1,32882855,99.99
"43794","precreation",1,32882856,99.99
"43795","predatoriness",1,32882857,99.99
"43796","predestiny",1,32882858,99.99
"43797","predeterminism",1,32882859,99.99
"43798","predictively",1,32882860,99.99
"43799","predictory",1,32882861,99.99
"43800","prefabricate",1,32882862,99.99
"43801","prefabrication",1,32882863,99.99
"43802","prefectural",1,32882864,99.99
"43803","preferability",1,32882865,99.99
"43804","prefilter",1,32882866,99.99
"43805","prehistorical",1,32882867,99.99
"43806","prehuman",1,32882868,99.99
"43807","prejudgment",1,32882869,99.99
"43808","prejudicially",1,32882870,99.99
"43809","prelatical",1,32882871,99.99
"43810","prelease",1,32882872,99.99
"43811","prelitigation",1,32882873,99.99
"43812","premake",1,32882874,99.99
"43813","premaking",1,32882875,99.99
"43814","premiant",1,32882876,99.99
"43815","premolar",1,32882877,99.99
"43816","premonitory",1,32882878,99.99
"43817","prenuptial",1,32882879,99.99
"43818","preponderantly",1,32882880,99.99
"43819","prepossessing",1,32882881,99.99
"43820","prequalify",1,32882882,99.99
"43821","preregister",1,32882883,99.99
"43822","prerevolutionary",1,32882884,99.99
"43823","presage",1,32882885,99.99
"43824","presbyopia",1,32882886,99.99
"43825","presbyterium",1,32882887,99.99
"43826","prescientific",1,32882888,99.99
"43827","prescored",1,32882889,99.99
"43828","preselect",1,32882890,99.99
"43829","presentability",1,32882891,99.99
"43830","presidencia",1,32882892,99.99
"43831","presider",1,32882893,99.99
"43832","presidium",1,32882894,99.99
"43833","pressboard",1,32882895,99.99
"43834","pressingly",1,32882896,99.99
"43835","pressroom",1,32882897,99.99
"43836","pressureless",1,32882898,99.99
"43837","prestigiously",1,32882899,99.99
"43838","presumptious",1,32882900,99.99
"43839","presumptuously",1,32882901,99.99
"43840","presumptuousness",1,32882902,99.99
"43841","prettification",1,32882903,99.99
"43842","prevalently",1,32882904,99.99
"43843","prevaricator",1,32882905,99.99
"43844","prevision",1,32882906,99.99
"43845","priapism",1,32882907,99.99
"43846","pricket",1,32882908,99.99
"43847","prickish",1,32882909,99.99
"43848","priestlike",1,32882910,99.99
"43849","priestling",1,32882911,99.99
"43850","priggishness",1,32882912,99.99
"43851","primar",1,32882913,99.99
"43852","primatial",1,32882914,99.99
"43853","primitivist",1,32882915,99.99
"43854","primness",1,32882916,99.99
"43855","primogeniture",1,32882917,99.99
"43856","primordialism",1,32882918,99.99
"43857","primy",1,32882919,99.99
"43858","printworks",1,32882920,99.99
"43859","prion",1,32882921,99.99
"43860","prisonlike",1,32882922,99.99
"43861","prissiness",1,32882923,99.99
"43862","pristane",1,32882924,99.99
"43863","prithee",1,32882925,99.99
"43864","privatively",1,32882926,99.99
"43865","privily",1,32882927,99.99
"43866","prizetaker",1,32882928,99.99
"43867","proctological",1,32882929,99.99
"43868","procurer",1,32882930,99.99
"43869","productid",1,32882931,99.99
"43870","productiveness",1,32882932,99.99
"43871","proem",1,32882933,99.99
"43872","profanation",1,32882934,99.99
"43873","professedly",1,32882935,99.99
"43874","professionalization",1,32882936,99.99
"43875","professionalize",1,32882937,99.99
"43876","professoriate",1,32882938,99.99
"43877","profligately",1,32882939,99.99
"43878","profuseness",1,32882940,99.99
"43879","progenitive",1,32882941,99.99
"43880","progeria",1,32882942,99.99
"43881","progestin",1,32882943,99.99
"43882","progger",1,32882944,99.99
"43883","prognosticate",1,32882945,99.99
"43884","prognosticator",1,32882946,99.99
"43885","progressivist",1,32882947,99.99
"43886","projective",1,32882948,99.99
"43887","projectively",1,32882949,99.99
"43888","projectivity",1,32882950,99.99
"43889","prolegomena",1,32882951,99.99
"43890","proliferative",1,32882952,99.99
"43891","promachos",1,32882953,99.99
"43892","proneness",1,32882954,99.99
"43893","pronounceable",1,32882955,99.99
"43894","propension",1,32882956,99.99
"43895","properness",1,32882957,99.99
"43896","prophetical",1,32882958,99.99
"43897","propinquity",1,32882959,99.99
"43898","propionate",1,32882960,99.99
"43899","propless",1,32882961,99.99
"43900","propone",1,32882962,99.99
"43901","proprietory",1,32882963,99.99
"43902","prorogation",1,32882964,99.99
"43903","prosecutable",1,32882965,99.99
"43904","prosimian",1,32882966,99.99
"43905","prosopography",1,32882967,99.99
"43906","prosopopoeia",1,32882968,99.99
"43907","prospectively",1,32882969,99.99
"43908","prosperously",1,32882970,99.99
"43909","prosport",1,32882971,99.99
"43910","prosthodontist",1,32882972,99.99
"43911","prote",1,32882973,99.99
"43912","prothalamion",1,32882974,99.99
"43913","prothesis",1,32882975,99.99
"43914","protodeacon",1,32882976,99.99
"43915","protoplasm",1,32882977,99.99
"43916","protract",1,32882978,99.99
"43917","protuberant",1,32882979,99.99
"43918","provability",1,32882980,99.99
"43919","provisionary",1,32882981,99.99
"43920","provoker",1,32882982,99.99
"43921","provokingly",1,32882983,99.99
"43922","prudery",1,32882984,99.99
"43923","pruritic",1,32882985,99.99
"43924","psalterion",1,32882986,99.99
"43925","psaltery",1,32882987,99.99
"43926","pseudomorphosis",1,32882988,99.99
"43927","pseudonymously",1,32882989,99.99
"43928","pseudoreligious",1,32882990,99.99
"43929","pseudoscientific",1,32882991,99.99
"43930","pseudoscorpion",1,32882992,99.99
"43931","psiloi",1,32882993,99.99
"43932","psoriatic",1,32882994,99.99
"43933","psychasthenia",1,32882995,99.99
"43934","psychiatrically",1,32882996,99.99
"43935","psychoanalytically",1,32882997,99.99
"43936","psychobiology",1,32882998,99.99
"43937","psychodynamics",1,32882999,99.99
"43938","psychography",1,32883000,99.99
"43939","psychokinesis",1,32883001,99.99
"43940","psychologic",1,32883002,99.99
"43941","psychometrics",1,32883003,99.99
"43942","psychometry",1,32883004,99.99
"43943","psychomorphism",1,32883005,99.99
"43944","psychopompos",1,32883006,99.99
"43945","psychoses",1,32883007,99.99
"43946","psychotherapeutics",1,32883008,99.99
"43947","psychrometer",1,32883009,99.99
"43948","psylla",1,32883010,99.99
"43949","ptosis",1,32883011,99.99
"43950","publicness",1,32883012,99.99
"43951","pubococcygeal",1,32883013,99.99
"43952","puddly",1,32883014,99.99
"43953","pudenda",1,32883015,99.99
"43954","puerperant",1,32883016,99.99
"43955","puerperium",1,32883017,99.99
"43956","pugging",1,32883018,99.99
"43957","pugilistic",1,32883019,99.99
"43958","pugmill",1,32883020,99.99
"43959","puky",1,32883021,99.99
"43960","pulchritudinous",1,32883022,99.99
"43961","pule",1,32883023,99.99
"43962","puli",1,32883024,99.99
"43963","puling",1,32883025,99.99
"43964","pulldown",1,32883026,99.99
"43965","pulmonic",1,32883027,99.99
"43966","puna",1,32883028,99.99
"43967","punchable",1,32883029,99.99
"43968","punchless",1,32883030,99.99
"43969","punctiliously",1,32883031,99.99
"43970","punctuational",1,32883032,99.99
"43971","pung",1,32883033,99.99
"43972","pungently",1,32883034,99.99
"43973","pungi",1,32883035,99.99
"43974","pupal",1,32883036,99.99
"43975","pupate",1,32883037,99.99
"43976","pupilage",1,32883038,99.99
"43977","purehearted",1,32883039,99.99
"43978","purgatorial",1,32883040,99.99
"43979","purloin",1,32883041,99.99
"43980","purposedly",1,32883042,99.99
"43981","purposefulness",1,32883043,99.99
"43982","purposelessness",1,32883044,99.99
"43983","purpura",1,32883045,99.99
"43984","purseful",1,32883046,99.99
"43985","pursley",1,32883047,99.99
"43986","purulence",1,32883048,99.99
"43987","purushartha",1,32883049,99.99
"43988","pushpin",1,32883050,99.99
"43989","pusillanimity",1,32883051,99.99
"43990","pustular",1,32883052,99.99
"43991","pustule",1,32883053,99.99
"43992","pustuled",1,32883054,99.99
"43993","putback",1,32883055,99.99
"43994","putrefaction",1,32883056,99.99
"43995","putterer",1,32883057,99.99
"43996","puzzledly",1,32883058,99.99
"43997","pyke",1,32883059,99.99
"43998","pyknic",1,32883060,99.99
"43999","pyloric",1,32883061,99.99
"44000","pyramidally",1,32883062,99.99
"44001","pyramides",1,32883063,99.99
"44002","pyriform",1,32883064,99.99
"44003","pyrites",1,32883065,99.99
"44004","pyrochemical",1,32883066,99.99
"44005","pyromancer",1,32883067,99.99
"44006","pyromania",1,32883068,99.99
"44007","pyrophosphate",1,32883069,99.99
"44008","pyrotechnical",1,32883070,99.99
"44009","pythoness",1,32883071,99.99
"44010","quacksalver",1,32883072,99.99
"44011","quadrangular",1,32883073,99.99
"44012","quadrate",1,32883074,99.99
"44013","quadrature",1,32883075,99.99
"44014","quadrennial",1,32883076,99.99
"44015","quadrilateral",1,32883077,99.99
"44016","quadrivium",1,32883078,99.99
"44017","quadroon",1,32883079,99.99
"44018","quadruped",1,32883080,99.99
"44019","quadruplet",1,32883081,99.99
"44020","quaintness",1,32883082,99.99
"44021","quaky",1,32883083,99.99
"44022","quantifiably",1,32883084,99.99
"44023","quantifier",1,32883085,99.99
"44024","quare",1,32883086,99.99
"44025","quarterman",1,32883087,99.99
"44026","quartette",1,32883088,99.99
"44027","quartetto",1,32883089,99.99
"44028","quaternionic",1,32883090,99.99
"44029","quaters",1,32883091,99.99
"44030","quavery",1,32883092,99.99
"44031","queasily",1,32883093,99.99
"44032","queerly",1,32883094,99.99
"44033","quelch",1,32883095,99.99
"44034","quenchable",1,32883096,99.99
"44035","querent",1,32883097,99.99
"44036","querier",1,32883098,99.99
"44037","quern",1,32883099,99.99
"44038","questionableness",1,32883100,99.99
"44039","quetzal",1,32883101,99.99
"44040","quicklime",1,32883102,99.99
"44041","quickset",1,32883103,99.99
"44042","quiesce",1,32883104,99.99
"44043","quiles",1,32883105,99.99
"44044","quiller",1,32883106,99.99
"44045","quina",1,32883107,99.99
"44046","quinquepartite",1,32883108,99.99
"44047","quintile",1,32883109,99.99
"44048","quipu",1,32883110,99.99
"44049","quiveringly",1,32883111,99.99
"44050","quivery",1,32883112,99.99
"44051","quizzer",1,32883113,99.99
"44052","quondam",1,32883114,99.99
"44053","quot",1,32883115,99.99
"44054","quoter",1,32883116,99.99
"44055","rabbity",1,32883117,99.99
"44056","raceme",1,32883118,99.99
"44057","racemic",1,32883119,99.99
"44058","rachis",1,32883120,99.99
"44059","racily",1,32883121,99.99
"44060","raciness",1,32883122,99.99
"44061","radioactively",1,32883123,99.99
"44062","radiograph",1,32883124,99.99
"44063","radiographer",1,32883125,99.99
"44064","radiographic",1,32883126,99.99
"44065","radionics",1,32883127,99.99
"44066","radiophone",1,32883128,99.99
"44067","raffe",1,32883129,99.99
"44068","raffinose",1,32883130,99.99
"44069","rageful",1,32883131,99.99
"44070","raggedness",1,32883132,99.99
"44071","ragpicker",1,32883133,99.99
"44072","raillery",1,32883134,99.99
"44073","railless",1,32883135,99.99
"44074","railroader",1,32883136,99.99
"44075","rainlight",1,32883137,99.99
"44076","rainproof",1,32883138,99.99
"44077","rakan",1,32883139,99.99
"44078","raker",1,32883140,99.99
"44079","rallentando",1,32883141,99.99
"44080","ramage",1,32883142,99.99
"44081","rame",1,32883143,99.99
"44082","ramie",1,32883144,99.99
"44083","ramified",1,32883145,99.99
"44084","ramify",1,32883146,99.99
"44085","ramshackled",1,32883147,99.99
"44086","rancidness",1,32883148,99.99
"44087","rancorous",1,32883149,99.99
"44088","randomish",1,32883150,99.99
"44089","randomization",1,32883151,99.99
"44090","rangey",1,32883152,99.99
"44091","rapaciously",1,32883153,99.99
"44092","rapacity",1,32883154,99.99
"44093","rappe",1,32883155,99.99
"44094","rashing",1,32883156,99.99
"44095","rassle",1,32883157,99.99
"44096","ratafia",1,32883158,99.99
"44097","ratcher",1,32883159,99.99
"44098","ratchety",1,32883160,99.99
"44099","ratepaying",1,32883161,99.99
"44100","ratite",1,32883162,99.99
"44101","ratlike",1,32883163,99.99
"44102","rattlebush",1,32883164,99.99
"44103","rattleweed",1,32883165,99.99
"44104","rattlingly",1,32883166,99.99
"44105","ratton",1,32883167,99.99
"44106","rauli",1,32883168,99.99
"44107","raveling",1,32883169,99.99
"44108","ravener",1,32883170,99.99
"44109","ravenousness",1,32883171,99.99
"44110","rawhead",1,32883172,99.99
"44111","razer",1,32883173,99.99
"44112","reactional",1,32883174,99.99
"44113","reactively",1,32883175,99.99
"44114","reactiveness",1,32883176,99.99
"44115","readably",1,32883177,99.99
"44116","readaptation",1,32883178,99.99
"44117","readdress",1,32883179,99.99
"44118","readmission",1,32883180,99.99
"44119","readmit",1,32883181,99.99
"44120","readopt",1,32883182,99.99
"44121","reagent",1,32883183,99.99
"44122","reallocation",1,32883184,99.99
"44123","reannounce",1,32883185,99.99
"44124","reappropriation",1,32883186,99.99
"44125","rearmament",1,32883187,99.99
"44126","rearrangeable",1,32883188,99.99
"44127","rearrest",1,32883189,99.99
"44128","reascend",1,32883190,99.99
"44129","reasonless",1,32883191,99.99
"44130","reassimilation",1,32883192,99.99
"44131","reasy",1,32883193,99.99
"44132","reattempt",1,32883194,99.99
"44133","reattribution",1,32883195,99.99
"44134","rebarbative",1,32883196,99.99
"44135","rebear",1,32883197,99.99
"44136","rebid",1,32883198,99.99
"44137","rebind",1,32883199,99.99
"44138","reblend",1,32883200,99.99
"44139","rebook",1,32883201,99.99
"44140","rebuilder",1,32883202,99.99
"44141","rebury",1,32883203,99.99
"44142","rebuttable",1,32883204,99.99
"44143","rebuy",1,32883205,99.99
"44144","recalculation",1,32883206,99.99
"44145","recco",1,32883207,99.99
"44146","receivable",1,32883208,99.99
"44147","receival",1,32883209,99.99
"44148","recency",1,32883210,99.99
"44149","rechallenge",1,32883211,99.99
"44150","rechristen",1,32883212,99.99
"44151","recirculation",1,32883213,99.99
"44152","recitable",1,32883214,99.99
"44153","reck",1,32883215,99.99
"44154","reckoner",1,32883216,99.99
"44155","reclaimable",1,32883217,99.99
"44156","reclaimer",1,32883218,99.99
"44157","reclassify",1,32883219,99.99
"44158","reclothing",1,32883220,99.99
"44159","recode",1,32883221,99.99
"44160","recolonization",1,32883222,99.99
"44161","recolonize",1,32883223,99.99
"44162","recommence",1,32883224,99.99
"44163","recommission",1,32883225,99.99
"44164","recommitment",1,32883226,99.99
"44165","recompilation",1,32883227,99.99
"44166","recompression",1,32883228,99.99
"44167","reconciliatory",1,32883229,99.99
"44168","recondite",1,32883230,99.99
"44169","reconfirmation",1,32883231,99.99
"44170","reconnoiter",1,32883232,99.99
"44171","reconquer",1,32883233,99.99
"44172","reconsecrate",1,32883234,99.99
"44173","reconsecration",1,32883235,99.99
"44174","reconsolidate",1,32883236,99.99
"44175","reconsolidation",1,32883237,99.99
"44176","reconvene",1,32883238,99.99
"44177","reconviction",1,32883239,99.99
"44178","recordation",1,32883240,99.99
"44179","recordedly",1,32883241,99.99
"44180","recordist",1,32883242,99.99
"44181","recordless",1,32883243,99.99
"44182","recrease",1,32883244,99.99
"44183","recross",1,32883245,99.99
"44184","recuperative",1,32883246,99.99
"44185","recusant",1,32883247,99.99
"44186","redaction",1,32883248,99.99
"44187","redactor",1,32883249,99.99
"44188","redan",1,32883250,99.99
"44189","redback",1,32883251,99.99
"44190","redbone",1,32883252,99.99
"44191","reddishness",1,32883253,99.99
"44192","redemptor",1,32883254,99.99
"44193","redeploy",1,32883255,99.99
"44194","redesignation",1,32883256,99.99
"44195","redingote",1,32883257,99.99
"44196","rediscount",1,32883258,99.99
"44197","redisplay",1,32883259,99.99
"44198","redistrict",1,32883260,99.99
"44199","redoubler",1,32883261,99.99
"44200","redpoll",1,32883262,99.99
"44201","redressal",1,32883263,99.99
"44202","redtop",1,32883264,99.99
"44203","reducibly",1,32883265,99.99
"44204","reductase",1,32883266,99.99
"44205","reductional",1,32883267,99.99
"44206","redware",1,32883268,99.99
"44207","redwing",1,32883269,99.99
"44208","reedbuck",1,32883270,99.99
"44209","reeded",1,32883271,99.99
"44210","reet",1,32883272,99.99
"44211","refight",1,32883273,99.99
"44212","refigure",1,32883274,99.99
"44213","refinable",1,32883275,99.99
"44214","refix",1,32883276,99.99
"44215","reflation",1,32883277,99.99
"44216","reflectance",1,32883278,99.99
"44217","reflectional",1,32883279,99.99
"44218","reflectiveness",1,32883280,99.99
"44219","reforest",1,32883281,99.99
"44220","reformism",1,32883282,99.99
"44221","refound",1,32883283,99.99
"44222","refreeze",1,32883284,99.99
"44223","refreshen",1,32883285,99.99
"44224","refrigerant",1,32883286,99.99
"44225","refulgently",1,32883287,99.99
"44226","refutable",1,32883288,99.99
"44227","regalement",1,32883289,99.99
"44228","regarder",1,32883290,99.99
"44229","regather",1,32883291,99.99
"44230","regicide",1,32883292,99.99
"44231","regle",1,32883293,99.99
"44232","regressor",1,32883294,99.99
"44233","regrind",1,32883295,99.99
"44234","rehear",1,32883296,99.99
"44235","rehung",1,32883297,99.99
"44236","rehydration",1,32883298,99.99
"44237","reichsmark",1,32883299,99.99
"44238","reidentification",1,32883300,99.99
"44239","reif",1,32883301,99.99
"44240","reimagination",1,32883302,99.99
"44241","reincorporate",1,32883303,99.99
"44242","reinsertion",1,32883304,99.99
"44243","reinspect",1,32883305,99.99
"44244","reinstallation",1,32883306,99.99
"44245","reinstitute",1,32883307,99.99
"44246","reinstitution",1,32883308,99.99
"44247","reinvert",1,32883309,99.99
"44248","reinvestigate",1,32883310,99.99
"44249","reinvestigation",1,32883311,99.99
"44250","reinvigoration",1,32883312,99.99
"44251","reiterative",1,32883313,99.99
"44252","rejective",1,32883314,99.99
"44253","rejector",1,32883315,99.99
"44254","rejoicingly",1,32883316,99.99
"44255","rejuvenative",1,32883317,99.99
"44256","rejuvenator",1,32883318,99.99
"44257","releasee",1,32883319,99.99
"44258","relection",1,32883320,99.99
"44259","relict",1,32883321,99.99
"44260","religionism",1,32883322,99.99
"44261","religiousness",1,32883323,99.99
"44262","reline",1,32883324,99.99
"44263","relink",1,32883325,99.99
"44264","relock",1,32883326,99.99
"44265","relook",1,32883327,99.99
"44266","reman",1,32883328,99.99
"44267","remanence",1,32883329,99.99
"44268","rememberable",1,32883330,99.99
"44269","remerge",1,32883331,99.99
"44270","remiges",1,32883332,99.99
"44271","reminiscently",1,32883333,99.99
"44272","remise",1,32883334,99.99
"44273","remissible",1,32883335,99.99
"44274","remonstrate",1,32883336,99.99
"44275","remonstrating",1,32883337,99.99
"44276","remonstration",1,32883338,99.99
"44277","remorsefully",1,32883339,99.99
"44278","remould",1,32883340,99.99
"44279","remount",1,32883341,99.99
"44280","remunerate",1,32883342,99.99
"44281","renascence",1,32883343,99.99
"44282","renderer",1,32883344,99.99
"44283","reneger",1,32883345,99.99
"44284","renin",1,32883346,99.99
"44285","renormalize",1,32883347,99.99
"44286","renouncement",1,32883348,99.99
"44287","renovator",1,32883349,99.99
"44288","rentable",1,32883350,99.99
"44289","renunciate",1,32883351,99.99
"44290","reoccupy",1,32883352,99.99
"44291","repark",1,32883353,99.99
"44292","repasser",1,32883354,99.99
"44293","repeller",1,32883355,99.99
"44294","repetitiousness",1,32883356,99.99
"44295","repine",1,32883357,99.99
"44296","replaster",1,32883358,99.99
"44297","replead",1,32883359,99.99
"44298","repletion",1,32883360,99.99
"44299","replot",1,32883361,99.99
"44300","repoint",1,32883362,99.99
"44301","reposed",1,32883363,99.99
"44302","reprehensive",1,32883364,99.99
"44303","representatively",1,32883365,99.99
"44304","representativeness",1,32883366,99.99
"44305","repressible",1,32883367,99.99
"44306","reproportion",1,32883368,99.99
"44307","repulsiveness",1,32883369,99.99
"44308","reputability",1,32883370,99.99
"44309","requin",1,32883371,99.99
"44310","requite",1,32883372,99.99
"44311","requiz",1,32883373,99.99
"44312","rereader",1,32883374,99.99
"44313","reredos",1,32883375,99.99
"44314","reregister",1,32883376,99.99
"44315","rescript",1,32883377,99.99
"44316","rescuable",1,32883378,99.99
"44317","reseal",1,32883379,99.99
"44318","researchist",1,32883380,99.99
"44319","reseda",1,32883381,99.99
"44320","reselection",1,32883382,99.99
"44321","reservationist",1,32883383,99.99
"44322","reservedly",1,32883384,99.99
"44323","reservedness",1,32883385,99.99
"44324","reshoot",1,32883386,99.99
"44325","residentiary",1,32883387,99.99
"44326","resignedly",1,32883388,99.99
"44327","resistible",1,32883389,99.99
"44328","resistivity",1,32883390,99.99
"44329","reskin",1,32883391,99.99
"44330","resolver",1,32883392,99.99
"44331","resonantly",1,32883393,99.99
"44332","resourcefully",1,32883394,99.99
"44333","resplendently",1,32883395,99.99
"44334","resplice",1,32883396,99.99
"44335","resplit",1,32883397,99.99
"44336","responsively",1,32883398,99.99
"44337","respray",1,32883399,99.99
"44338","restfully",1,32883400,99.99
"44339","restharrow",1,32883401,99.99
"44340","resthouse",1,32883402,99.99
"44341","restitute",1,32883403,99.99
"44342","restoral",1,32883404,99.99
"44343","restorationist",1,32883405,99.99
"44344","restrictively",1,32883406,99.99
"44345","restrictiveness",1,32883407,99.99
"44346","restring",1,32883408,99.99
"44347","restrip",1,32883409,99.99
"44348","restudy",1,32883410,99.99
"44349","resty",1,32883411,99.99
"44350","resubmission",1,32883412,99.99
"44351","resubscribe",1,32883413,99.99
"44352","resultantly",1,32883414,99.99
"44353","resultingly",1,32883415,99.99
"44354","resumptive",1,32883416,99.99
"44355","resurge",1,32883417,99.99
"44356","resurrectionist",1,32883418,99.99
"44357","retag",1,32883419,99.99
"44358","retarder",1,32883420,99.99
"44359","retent",1,32883421,99.99
"44360","retentivity",1,32883422,99.99
"44361","retiarius",1,32883423,99.99
"44362","reticular",1,32883424,99.99
"44363","retiral",1,32883425,99.99
"44364","retrack",1,32883426,99.99
"44365","retractability",1,32883427,99.99
"44366","retractor",1,32883428,99.99
"44367","retributory",1,32883429,99.99
"44368","retrojection",1,32883430,99.99
"44369","retroreflective",1,32883431,99.99
"44370","retting",1,32883432,99.99
"44371","returnability",1,32883433,99.99
"44372","retying",1,32883434,99.99
"44373","reunify",1,32883435,99.99
"44374","revelational",1,32883436,99.99
"44375","reveler",1,32883437,99.99
"44376","revenger",1,32883438,99.99
"44377","revenuer",1,32883439,99.99
"44378","revers",1,32883440,99.99
"44379","reversable",1,32883441,99.99
"44380","reversely",1,32883442,99.99
"44381","reversi",1,32883443,99.99
"44382","reversibility",1,32883444,99.99
"44383","revie",1,32883445,99.99
"44384","reviewish",1,32883446,99.99
"44385","revindication",1,32883447,99.99
"44386","revisable",1,32883448,99.99
"44387","revokable",1,32883449,99.99
"44388","revoltingly",1,32883450,99.99
"44389","revolutionist",1,32883451,99.99
"44390","rewardable",1,32883452,99.99
"44391","rewardingly",1,32883453,99.99
"44392","rewash",1,32883454,99.99
"44393","rewax",1,32883455,99.99
"44394","reweave",1,32883456,99.99
"44395","rewhiten",1,32883457,99.99
"44396","reword",1,32883458,99.99
"44397","rewrap",1,32883459,99.99
"44398","rhabdomyosarcoma",1,32883460,99.99
"44399","rhabdomysarcoma",1,32883461,99.99
"44400","rhapsode",1,32883462,99.99
"44401","rhetor",1,32883463,99.99
"44402","rhinitis",1,32883464,99.99
"44403","rhinophyma",1,32883465,99.99
"44404","rhinoscopy",1,32883466,99.99
"44405","rhomboid",1,32883467,99.99
"44406","rhombus",1,32883468,99.99
"44407","rhythmics",1,32883469,99.99
"44408","ribaldry",1,32883470,99.99
"44409","riband",1,32883471,99.99
"44410","ribble",1,32883472,99.99
"44411","ribby",1,32883473,99.99
"44412","riblet",1,32883474,99.99
"44413","ribonucleic",1,32883475,99.99
"44414","ricksha",1,32883476,99.99
"44415","riderless",1,32883477,99.99
"44416","ridging",1,32883478,99.99
"44417","ridiculosity",1,32883479,99.99
"44418","rier",1,32883480,99.99
"44419","rightwards",1,32883481,99.99
"44420","rigorousness",1,32883482,99.99
"44421","riksha",1,32883483,99.99
"44422","rill",1,32883484,99.99
"44423","ringbone",1,32883485,99.99
"44424","ringingly",1,32883486,99.99
"44425","ringlet",1,32883487,99.99
"44426","ringworm",1,32883488,99.99
"44427","rinser",1,32883489,99.99
"44428","riotocracy",1,32883490,99.99
"44429","ripcord",1,32883491,99.99
"44430","ripgut",1,32883492,99.99
"44431","ripply",1,32883493,99.99
"44432","riskily",1,32883494,99.99
"44433","ritualist",1,32883495,99.99
"44434","roadcraft",1,32883496,99.99
"44435","roamer",1,32883497,99.99
"44436","roaringly",1,32883498,99.99
"44437","robinet",1,32883499,99.99
"44438","robur",1,32883500,99.99
"44439","rockfall",1,32883501,99.99
"44440","rockfish",1,32883502,99.99
"44441","rodd",1,32883503,99.99
"44442","rodential",1,32883504,99.99
"44443","roil",1,32883505,99.99
"44444","roit",1,32883506,99.99
"44445","roka",1,32883507,99.99
"44446","rolley",1,32883508,99.99
"44447","romanticness",1,32883509,99.99
"44448","romanza",1,32883510,99.99
"44449","rompy",1,32883511,99.99
"44450","rondelet",1,32883512,99.99
"44451","rondelle",1,32883513,99.99
"44452","rondino",1,32883514,99.99
"44453","rood",1,32883515,99.99
"44454","rooftree",1,32883516,99.99
"44455","rookery",1,32883517,99.99
"44456","roominess",1,32883518,99.99
"44457","roosa",1,32883519,99.99
"44458","rootlet",1,32883520,99.99
"44459","rootling",1,32883521,99.99
"44460","rootstock",1,32883522,99.99
"44461","ropemaker",1,32883523,99.99
"44462","rosarian",1,32883524,99.99
"44463","rosebay",1,32883525,99.99
"44464","roseola",1,32883526,99.99
"44465","roset",1,32883527,99.99
"44466","rosland",1,32883528,99.99
"44467","rotatory",1,32883529,99.99
"44468","rotenone",1,32883530,99.99
"44469","roter",1,32883531,99.99
"44470","rotgut",1,32883532,99.99
"44471","rotorcraft",1,32883533,99.99
"44472","roue",1,32883534,99.99
"44473","rouille",1,32883535,99.99
"44474","roulade",1,32883536,99.99
"44475","rouleau",1,32883537,99.99
"44476","roun",1,32883538,99.99
"44477","roundelay",1,32883539,99.99
"44478","roundsman",1,32883540,99.99
"44479","roundy",1,32883541,99.99
"44480","routinary",1,32883542,99.99
"44481","rox",1,32883543,99.99
"44482","royalism",1,32883544,99.99
"44483","rubied",1,32883545,99.99
"44484","ruble",1,32883546,99.99
"44485","rubythroat",1,32883547,99.99
"44486","rucky",1,32883548,99.99
"44487","rudimentarily",1,32883549,99.99
"44488","ruggedness",1,32883550,99.99
"44489","ruiner",1,32883551,99.99
"44490","rumbler",1,32883552,99.99
"44491","rumney",1,32883553,99.99
"44492","rumply",1,32883554,99.99
"44493","runnable",1,32883555,99.99
"44494","runover",1,32883556,99.99
"44495","rupie",1,32883557,99.99
"44496","rurality",1,32883558,99.99
"44497","ruru",1,32883559,99.99
"44498","rushy",1,32883560,99.99
"44499","rusky",1,32883561,99.99
"44500","rusticate",1,32883562,99.99
"44501","ryen",1,32883563,99.99
"44502","ryme",1,32883564,99.99
"44503","sabdariffa",1,32883565,99.99
"44504","sabe",1,32883566,99.99
"44505","sabertooth",1,32883567,99.99
"44506","sablefish",1,32883568,99.99
"44507","sabzi",1,32883569,99.99
"44508","saccharification",1,32883570,99.99
"44509","sachem",1,32883571,99.99
"44510","sacker",1,32883572,99.99
"44511","sackful",1,32883573,99.99
"44512","sackman",1,32883574,99.99
"44513","sacramentalism",1,32883575,99.99
"44514","sacramentally",1,32883576,99.99
"44515","sacrificer",1,32883577,99.99
"44516","sacristan",1,32883578,99.99
"44517","sacro",1,32883579,99.99
"44518","saddeningly",1,32883580,99.99
"44519","saddlecloth",1,32883581,99.99
"44520","saddlery",1,32883582,99.99
"44521","sadomasochism",1,32883583,99.99
"44522","safeness",1,32883584,99.99
"44523","sagaciously",1,32883585,99.99
"44524","sagger",1,32883586,99.99
"44525","saging",1,32883587,99.99
"44526","sailcloth",1,32883588,99.99
"44527","sailorman",1,32883589,99.99
"44528","sain",1,32883590,99.99
"44529","saj",1,32883591,99.99
"44530","sajou",1,32883592,99.99
"44531","salability",1,32883593,99.99
"44532","salaciousness",1,32883594,99.99
"44533","salamandrine",1,32883595,99.99
"44534","saleroom",1,32883596,99.99
"44535","salic",1,32883597,99.99
"44536","salicin",1,32883598,99.99
"44537","salmagundi",1,32883599,99.99
"44538","salopian",1,32883600,99.99
"44539","saltly",1,32883601,99.99
"44540","saltness",1,32883602,99.99
"44541","salubrity",1,32883603,99.99
"44542","salutatorian",1,32883604,99.99
"44543","samaj",1,32883605,99.99
"44544","saman",1,32883606,99.99
"44545","samh",1,32883607,99.99
"44546","sammel",1,32883608,99.99
"44547","sampaloc",1,32883609,99.99
"44548","samphire",1,32883610,99.99
"44549","sanctimoniously",1,32883611,99.99
"44550","sanctionable",1,32883612,99.99
"44551","sandaled",1,32883613,99.99
"44552","sandbag",1,32883614,99.99
"44553","sanderling",1,32883615,99.99
"44554","sannyasi",1,32883616,99.99
"44555","sansei",1,32883617,99.99
"44556","sapan",1,32883618,99.99
"44557","sapience",1,32883619,99.99
"44558","sapin",1,32883620,99.99
"44559","sapless",1,32883621,99.99
"44560","sapo",1,32883622,99.99
"44561","sapodilla",1,32883623,99.99
"44562","saponin",1,32883624,99.99
"44563","sapota",1,32883625,99.99
"44564","saprostomous",1,32883626,99.99
"44565","saraband",1,32883627,99.99
"44566","sarcoid",1,32883628,99.99
"44567","sard",1,32883629,99.99
"44568","sardius",1,32883630,99.99
"44569","sardonyx",1,32883631,99.99
"44570","sargassum",1,32883632,99.99
"44571","saron",1,32883633,99.99
"44572","saros",1,32883634,99.99
"44573","sart",1,32883635,99.99
"44574","sartain",1,32883636,99.99
"44575","sasan",1,32883637,99.99
"44576","sasanqua",1,32883638,99.99
"44577","satined",1,32883639,99.99
"44578","satirically",1,32883640,99.99
"44579","sattva",1,32883641,99.99
"44580","saturnalian",1,32883642,99.99
"44581","saturnian",1,32883643,99.99
"44582","saurischian",1,32883644,99.99
"44583","savable",1,32883645,99.99
"44584","savoriness",1,32883646,99.99
"44585","savorous",1,32883647,99.99
"44586","sawbones",1,32883648,99.99
"44587","sawbuck",1,32883649,99.99
"44588","sawer",1,32883650,99.99
"44589","sawhorse",1,32883651,99.99
"44590","saxifrage",1,32883652,99.99
"44591","scabious",1,32883653,99.99
"44592","scalawag",1,32883654,99.99
"44593","scall",1,32883655,99.99
"44594","scanties",1,32883656,99.99
"44595","scantle",1,32883657,99.99
"44596","scap",1,32883658,99.99
"44597","scapel",1,32883659,99.99
"44598","scarabaeid",1,32883660,99.99
"44599","scart",1,32883661,99.99
"44600","scavel",1,32883662,99.99
"44601","scenically",1,32883663,99.99
"44602","scentless",1,32883664,99.99
"44603","sceptered",1,32883665,99.99
"44604","scharf",1,32883666,99.99
"44605","schelling",1,32883667,99.99
"44606","scherzando",1,32883668,99.99
"44607","schiavone",1,32883669,99.99
"44608","schismatic",1,32883670,99.99
"44609","schlemiel",1,32883671,99.99
"44610","schloop",1,32883672,99.99
"44611","scholasticism",1,32883673,99.99
"44612","scholium",1,32883674,99.99
"44613","schoolgirlish",1,32883675,99.99
"44614","schule",1,32883676,99.99
"44615","schwabacher",1,32883677,99.99
"44616","scienced",1,32883678,99.99
"44617","scintilla",1,32883679,99.99
"44618","scintillant",1,32883680,99.99
"44619","scissura",1,32883681,99.99
"44620","sclera",1,32883682,99.99
"44621","scleroderma",1,32883683,99.99
"44622","sclerotic",1,32883684,99.99
"44623","scoffer",1,32883685,99.99
"44624","scopa",1,32883686,99.99
"44625","scorchingly",1,32883687,99.99
"44626","scorekeeping",1,32883688,99.99
"44627","scorner",1,32883689,99.99
"44628","scotchman",1,32883690,99.99
"44629","scourer",1,32883691,99.99
"44630","scouter",1,32883692,99.99
"44631","scow",1,32883693,99.99
"44632","scrapable",1,32883694,99.99
"44633","scrapeage",1,32883695,99.99
"44634","scrapman",1,32883696,99.99
"44635","scrappage",1,32883697,99.99
"44636","scrappiness",1,32883698,99.99
"44637","scrappingly",1,32883699,99.99
"44638","scrapy",1,32883700,99.99
"44639","scray",1,32883701,99.99
"44640","screecher",1,32883702,99.99
"44641","screeny",1,32883703,99.99
"44642","scribbly",1,32883704,99.99
"44643","scriber",1,32883705,99.99
"44644","scriptorium",1,32883706,99.99
"44645","scripturally",1,32883707,99.99
"44646","scrivening",1,32883708,99.99
"44647","scrofulous",1,32883709,99.99
"44648","scrolly",1,32883710,99.99
"44649","scrow",1,32883711,99.99
"44650","scrubbable",1,32883712,99.99
"44651","scrubland",1,32883713,99.99
"44652","scrummage",1,32883714,99.99
"44653","scrutinization",1,32883715,99.99
"44654","scrutinizingly",1,32883716,99.99
"44655","scry",1,32883717,99.99
"44656","scryer",1,32883718,99.99
"44657","scuddy",1,32883719,99.99
"44658","scudo",1,32883720,99.99
"44659","scullion",1,32883721,99.99
"44660","sculpturally",1,32883722,99.99
"44661","sculpturer",1,32883723,99.99
"44662","scumble",1,32883724,99.99
"44663","scumbling",1,32883725,99.99
"44664","scummer",1,32883726,99.99
"44665","scurf",1,32883727,99.99
"44666","scurrilously",1,32883728,99.99
"44667","scutum",1,32883729,99.99
"44668","seagoing",1,32883730,99.99
"44669","seamer",1,32883731,99.99
"44670","seatwork",1,32883732,99.99
"44671","seaway",1,32883733,99.99
"44672","seborrheic",1,32883734,99.99
"44673","secant",1,32883735,99.99
"44674","secern",1,32883736,99.99
"44675","seclude",1,32883737,99.99
"44676","secluding",1,32883738,99.99
"44677","seconder",1,32883739,99.99
"44678","secretum",1,32883740,99.99
"44679","sectary",1,32883741,99.99
"44680","secularize",1,32883742,99.99
"44681","secularly",1,32883743,99.99
"44682","sederunt",1,32883744,99.99
"44683","sedilia",1,32883745,99.99
"44684","seductiveness",1,32883746,99.99
"44685","sedulous",1,32883747,99.99
"44686","seedbed",1,32883748,99.99
"44687","seeder",1,32883749,99.99
"44688","seedlet",1,32883750,99.99
"44689","seeress",1,32883751,99.99
"44690","segol",1,32883752,99.99
"44691","segregative",1,32883753,99.99
"44692","seismographic",1,32883754,99.99
"44693","seismologist",1,32883755,99.99
"44694","seismology",1,32883756,99.99
"44695","seit",1,32883757,99.99
"44696","seizer",1,32883758,99.99
"44697","sele",1,32883759,99.99
"44698","selectee",1,32883760,99.99
"44699","selenic",1,32883761,99.99
"44700","selva",1,32883762,99.99
"44701","semiaquatic",1,32883763,99.99
"44702","semiarid",1,32883764,99.99
"44703","semiautonomous",1,32883765,99.99
"44704","semicentennial",1,32883766,99.99
"44705","semidesert",1,32883767,99.99
"44706","semidigested",1,32883768,99.99
"44707","semifinalist",1,32883769,99.99
"44708","semiliquid",1,32883770,99.99
"44709","semiliterate",1,32883771,99.99
"44710","semipalmated",1,32883772,99.99
"44711","semipro",1,32883773,99.99
"44712","semisolid",1,32883774,99.99
"44713","semispherical",1,32883775,99.99
"44714","semitrailer",1,32883776,99.99
"44715","semitranslucent",1,32883777,99.99
"44716","sensibilia",1,32883778,99.99
"44717","senso",1,32883779,99.99
"44718","sensualist",1,32883780,99.99
"44719","sensuously",1,32883781,99.99
"44720","sententious",1,32883782,99.99
"44721","separativeness",1,32883783,99.99
"44722","sepoy",1,32883784,99.99
"44723","seppuku",1,32883785,99.99
"44724","septa",1,32883786,99.99
"44725","septillion",1,32883787,99.99
"44726","sepulcher",1,32883788,99.99
"44727","seral",1,32883789,99.99
"44728","serialize",1,32883790,99.99
"44729","seriatim",1,32883791,99.99
"44730","serigraphy",1,32883792,99.99
"44731","serine",1,32883793,99.99
"44732","serio",1,32883794,99.99
"44733","serment",1,32883795,99.99
"44734","sermonic",1,32883796,99.99
"44735","serodiagnosis",1,32883797,99.99
"44736","serpentarium",1,32883798,99.99
"44737","serpentinely",1,32883799,99.99
"44738","serrana",1,32883800,99.99
"44739","servient",1,32883801,99.99
"44740","serviette",1,32883802,99.99
"44741","servitor",1,32883803,99.99
"44742","servomotor",1,32883804,99.99
"44743","sesquiquadrate",1,32883805,99.99
"44744","seta",1,32883806,99.99
"44745","settlor",1,32883807,99.99
"44746","sevenpence",1,32883808,99.99
"44747","sewable",1,32883809,99.99
"44748","sewered",1,32883810,99.99
"44749","sexagenarian",1,32883811,99.99
"44750","sext",1,32883812,99.99
"44751","sextuple",1,32883813,99.99
"44752","shab",1,32883814,99.99
"44753","shabbily",1,32883815,99.99
"44754","shadiness",1,32883816,99.99
"44755","shadoof",1,32883817,99.99
"44756","shadowless",1,32883818,99.99
"44757","shafty",1,32883819,99.99
"44758","shagbark",1,32883820,99.99
"44759","shagreen",1,32883821,99.99
"44760","shakerag",1,32883822,99.99
"44761","shako",1,32883823,99.99
"44762","shama",1,32883824,99.99
"44763","shamir",1,32883825,99.99
"44764","shanker",1,32883826,99.99
"44765","shanny",1,32883827,99.99
"44766","shapen",1,32883828,99.99
"44767","sharecropper",1,32883829,99.99
"44768","sharkish",1,32883830,99.99
"44769","shastra",1,32883831,99.99
"44770","shavee",1,32883832,99.99
"44771","shearwaters",1,32883833,99.99
"44772","sheathlike",1,32883834,99.99
"44773","shedder",1,32883835,99.99
"44774","sheeny",1,32883836,99.99
"44775","sheepherder",1,32883837,99.99
"44776","sheeted",1,32883838,99.99
"44777","shelduck",1,32883839,99.99
"44778","shellflower",1,32883840,99.99
"44779","shelver",1,32883841,99.99
"44780","shepherdly",1,32883842,99.99
"44781","sherif",1,32883843,99.99
"44782","shiel",1,32883844,99.99
"44783","shieldless",1,32883845,99.99
"44784","shiftlessness",1,32883846,99.99
"44785","shikara",1,32883847,99.99
"44786","shikari",1,32883848,99.99
"44787","shiko",1,32883849,99.99
"44788","shikra",1,32883850,99.99
"44789","shillelagh",1,32883851,99.99
"44790","shingling",1,32883852,99.99
"44791","shiningly",1,32883853,99.99
"44792","shipless",1,32883854,99.99
"44793","shipmaster",1,32883855,99.99
"44794","shipowner",1,32883856,99.99
"44795","shirr",1,32883857,99.99
"44796","shirtmaking",1,32883858,99.99
"44797","shirttail",1,32883859,99.99
"44798","shirtwaist",1,32883860,99.99
"44799","shita",1,32883861,99.99
"44800","shoddiness",1,32883862,99.99
"44801","shoeing",1,32883863,99.99
"44802","shoemaking",1,32883864,99.99
"44803","shogunate",1,32883865,99.99
"44804","shood",1,32883866,99.99
"44805","shoofly",1,32883867,99.99
"44806","shool",1,32883868,99.99
"44807","shoop",1,32883869,99.99
"44808","shoor",1,32883870,99.99
"44809","shopworn",1,32883871,99.99
"44810","shor",1,32883872,99.99
"44811","shoreside",1,32883873,99.99
"44812","shoreward",1,32883874,99.99
"44813","shortsightedly",1,32883875,99.99
"44814","shotmaker",1,32883876,99.99
"44815","shotted",1,32883877,99.99
"44816","showboater",1,32883878,99.99
"44817","showerproof",1,32883879,99.99
"44818","showily",1,32883880,99.99
"44819","showiness",1,32883881,99.99
"44820","shree",1,32883882,99.99
"44821","shrewish",1,32883883,99.99
"44822","shrewishness",1,32883884,99.99
"44823","shriekingly",1,32883885,99.99
"44824","shrieky",1,32883886,99.99
"44825","shrilling",1,32883887,99.99
"44826","shrimplike",1,32883888,99.99
"44827","shrive",1,32883889,99.99
"44828","shucker",1,32883890,99.99
"44829","shudderingly",1,32883891,99.99
"44830","shuffler",1,32883892,99.99
"44831","shunner",1,32883893,99.99
"44832","shyer",1,32883894,99.99
"44833","sibylla",1,32883895,99.99
"44834","siciliana",1,32883896,99.99
"44835","sickener",1,32883897,99.99
"44836","sickish",1,32883898,99.99
"44837","sicklied",1,32883899,99.99
"44838","sickliness",1,32883900,99.99
"44839","sickling",1,32883901,99.99
"44840","sidecar",1,32883902,99.99
"44841","sideslip",1,32883903,99.99
"44842","sideward",1,32883904,99.99
"44843","sideway",1,32883905,99.99
"44844","sidewise",1,32883906,99.99
"44845","siever",1,32883907,99.99
"44846","sigmoid",1,32883908,99.99
"44847","signable",1,32883909,99.99
"44848","significatory",1,32883910,99.99
"44849","sike",1,32883911,99.99
"44850","silicosis",1,32883912,99.99
"44851","silkily",1,32883913,99.99
"44852","siller",1,32883914,99.99
"44853","silvering",1,32883915,99.99
"44854","silverish",1,32883916,99.99
"44855","silverside",1,32883917,99.99
"44856","silverspot",1,32883918,99.99
"44857","silverwork",1,32883919,99.99
"44858","silyl",1,32883920,99.99
"44859","simkin",1,32883921,99.99
"44860","simmeringly",1,32883922,99.99
"44861","simoom",1,32883923,99.99
"44862","simper",1,32883924,99.99
"44863","simular",1,32883925,99.99
"44864","sinecure",1,32883926,99.99
"44865","singability",1,32883927,99.99
"44866","singlehood",1,32883928,99.99
"44867","sinkable",1,32883929,99.99
"44868","sinlessly",1,32883930,99.99
"44869","sinnet",1,32883931,99.99
"44870","sinuated",1,32883932,99.99
"44871","sinuosity",1,32883933,99.99
"44872","sinuously",1,32883934,99.99
"44873","siping",1,32883935,99.99
"44874","sirenian",1,32883936,99.99
"44875","sirki",1,32883937,99.99
"44876","sisi",1,32883938,99.99
"44877","sistle",1,32883939,99.99
"44878","sitch",1,32883940,99.99
"44879","sitio",1,32883941,99.99
"44880","sixfold",1,32883942,99.99
"44881","sizer",1,32883943,99.99
"44882","skal",1,32883944,99.99
"44883","skateable",1,32883945,99.99
"44884","skean",1,32883946,99.99
"44885","skeen",1,32883947,99.99
"44886","skeezix",1,32883948,99.99
"44887","skel",1,32883949,99.99
"44888","skellum",1,32883950,99.99
"44889","skewbald",1,32883951,99.99
"44890","skijoring",1,32883952,99.99
"44891","skil",1,32883953,99.99
"44892","skimpily",1,32883954,99.99
"44893","skimpiness",1,32883955,99.99
"44894","skinker",1,32883956,99.99
"44895","skite",1,32883957,99.99
"44896","skittishly",1,32883958,99.99
"44897","skrimshander",1,32883959,99.99
"44898","skua",1,32883960,99.99
"44899","skulled",1,32883961,99.99
"44900","skyful",1,32883962,99.99
"44901","skyless",1,32883963,99.99
"44902","slabbed",1,32883964,99.99
"44903","slabby",1,32883965,99.99
"44904","slackly",1,32883966,99.99
"44905","slad",1,32883967,99.99
"44906","slanderously",1,32883968,99.99
"44907","slangy",1,32883969,99.99
"44908","slapsticky",1,32883970,99.99
"44909","slattern",1,32883971,99.99
"44910","slaty",1,32883972,99.99
"44911","slaughterer",1,32883973,99.99
"44912","slaveholder",1,32883974,99.99
"44913","slaveholding",1,32883975,99.99
"44914","sledded",1,32883976,99.99
"44915","slee",1,32883977,99.99
"44916","sleekit",1,32883978,99.99
"44917","sleeplessly",1,32883979,99.99
"44918","sleepward",1,32883980,99.99
"44919","sleepyhead",1,32883981,99.99
"44920","sleer",1,32883982,99.99
"44921","slickery",1,32883983,99.99
"44922","slightness",1,32883984,99.99
"44923","slimer",1,32883985,99.99
"44924","slimness",1,32883986,99.99
"44925","slish",1,32883987,99.99
"44926","slite",1,32883988,99.99
"44927","slithy",1,32883989,99.99
"44928","slobbers",1,32883990,99.99
"44929","slogger",1,32883991,99.99
"44930","sloppage",1,32883992,99.99
"44931","slothfully",1,32883993,99.99
"44932","slovenliness",1,32883994,99.99
"44933","slowish",1,32883995,99.99
"44934","slowpoke",1,32883996,99.99
"44935","sloyd",1,32883997,99.99
"44936","slub",1,32883998,99.99
"44937","sluicing",1,32883999,99.99
"44938","slummy",1,32884000,99.99
"44939","sluttish",1,32884001,99.99
"44940","sluttishness",1,32884002,99.99
"44941","smashingly",1,32884003,99.99
"44942","smee",1,32884004,99.99
"44943","smegma",1,32884005,99.99
"44944","smither",1,32884006,99.99
"44945","smithing",1,32884007,99.99
"44946","smout",1,32884008,99.99
"44947","smriti",1,32884009,99.99
"44948","smudgeproof",1,32884010,99.99
"44949","snaggy",1,32884011,99.99
"44950","snakehead",1,32884012,99.99
"44951","snakemouth",1,32884013,99.99
"44952","snappily",1,32884014,99.99
"44953","snappish",1,32884015,99.99
"44954","snarlingly",1,32884016,99.99
"44955","snaw",1,32884017,99.99
"44956","sneerer",1,32884018,99.99
"44957","sneery",1,32884019,99.99
"44958","sneezeless",1,32884020,99.99
"44959","sneezer",1,32884021,99.99
"44960","snew",1,32884022,99.99
"44961","snibble",1,32884023,99.99
"44962","snideness",1,32884024,99.99
"44963","snivel",1,32884025,99.99
"44964","snively",1,32884026,99.99
"44965","snivy",1,32884027,99.99
"44966","snobbishly",1,32884028,99.99
"44967","snocker",1,32884029,99.99
"44968","snoozy",1,32884030,99.99
"44969","snottily",1,32884031,99.99
"44970","snouted",1,32884032,99.99
"44971","snowbell",1,32884033,99.99
"44972","snowflight",1,32884034,99.99
"44973","snowiness",1,32884035,99.99
"44974","snowland",1,32884036,99.99
"44975","snowscape",1,32884037,99.99
"44976","snuffy",1,32884038,99.99
"44977","snugness",1,32884039,99.99
"44978","sny",1,32884040,99.99
"44979","soakage",1,32884041,99.99
"44980","soaper",1,32884042,99.99
"44981","soaplike",1,32884043,99.99
"44982","soapmaker",1,32884044,99.99
"44983","soapsuds",1,32884045,99.99
"44984","sobbingly",1,32884046,99.99
"44985","sobby",1,32884047,99.99
"44986","soberness",1,32884048,99.99
"44987","sociably",1,32884049,99.99
"44988","socialness",1,32884050,99.99
"44989","sodded",1,32884051,99.99
"44990","softwood",1,32884052,99.99
"44991","sok",1,32884053,99.99
"44992","solander",1,32884054,99.99
"44993","solanine",1,32884055,99.99
"44994","soldado",1,32884056,99.99
"44995","soldierly",1,32884057,99.99
"44996","solea",1,32884058,99.99
"44997","solent",1,32884059,99.99
"44998","solfeggio",1,32884060,99.99
"44999","solicitously",1,32884061,99.99
"45000","solidaristic",1,32884062,99.99
"45001","solidary",1,32884063,99.99
"45002","solidification",1,32884064,99.99
"45003","solidish",1,32884065,99.99
"45004","solitarily",1,32884066,99.99
"45005","sombreroed",1,32884067,99.99
"45006","someways",1,32884068,99.99
"45007","somewheres",1,32884069,99.99
"45008","somewhither",1,32884070,99.99
"45009","somniferous",1,32884071,99.99
"45010","sonatina",1,32884072,99.99
"45011","songless",1,32884073,99.99
"45012","songster",1,32884074,99.99
"45013","sooky",1,32884075,99.99
"45014","soothsaying",1,32884076,99.99
"45015","sophistic",1,32884077,99.99
"45016","sophistically",1,32884078,99.99
"45017","soppiness",1,32884079,99.99
"45018","sorage",1,32884080,99.99
"45019","sorbitol",1,32884081,99.99
"45020","sorrily",1,32884082,99.99
"45021","sortable",1,32884083,99.99
"45022","sortiment",1,32884084,99.99
"45023","sorty",1,32884085,99.99
"45024","soso",1,32884086,99.99
"45025","sotol",1,32884087,99.99
"45026","sotted",1,32884088,99.99
"45027","sottish",1,32884089,99.99
"45028","soubise",1,32884090,99.99
"45029","soubrette",1,32884091,99.99
"45030","soulish",1,32884092,99.99
"45031","soullessness",1,32884093,99.99
"45032","soundproofing",1,32884094,99.99
"45033","souple",1,32884095,99.99
"45034","sourer",1,32884096,99.99
"45035","sousaphonist",1,32884097,99.99
"45036","soutane",1,32884098,99.99
"45037","southeasternmost",1,32884099,99.99
"45038","southeastwards",1,32884100,99.99
"45039","southerland",1,32884101,99.99
"45040","southwardly",1,32884102,99.99
"45041","southwester",1,32884103,99.99
"45042","sovietism",1,32884104,99.99
"45043","sovran",1,32884105,99.99
"45044","sowan",1,32884106,99.99
"45045","spaceless",1,32884107,99.99
"45046","spaciness",1,32884108,99.99
"45047","spack",1,32884109,99.99
"45048","spaded",1,32884110,99.99
"45049","spadefoot",1,32884111,99.99
"45050","spadework",1,32884112,99.99
"45051","spading",1,32884113,99.99
"45052","spadix",1,32884114,99.99
"45053","spae",1,32884115,99.99
"45054","spak",1,32884116,99.99
"45055","spalling",1,32884117,99.99
"45056","spandy",1,32884118,99.99
"45057","sparkiness",1,32884119,99.99
"45058","sparklet",1,32884120,99.99
"45059","sparkliness",1,32884121,99.99
"45060","spasmic",1,32884122,99.99
"45061","spasmodically",1,32884123,99.99
"45062","spatchcock",1,32884124,99.99
"45063","spatiality",1,32884125,99.99
"45064","spatialization",1,32884126,99.99
"45065","spatting",1,32884127,99.99
"45066","spave",1,32884128,99.99
"45067","spavin",1,32884129,99.99
"45068","spavined",1,32884130,99.99
"45069","spean",1,32884131,99.99
"45070","speciation",1,32884132,99.99
"45071","specifist",1,32884133,99.99
"45072","spectacled",1,32884134,99.99
"45073","spectrographically",1,32884135,99.99
"45074","speculatively",1,32884136,99.99
"45075","speculum",1,32884137,99.99
"45076","speechlessly",1,32884138,99.99
"45077","spellbind",1,32884139,99.99
"45078","spermatogenic",1,32884140,99.99
"45079","spheric",1,32884141,99.99
"45080","spherically",1,32884142,99.99
"45081","sphinxlike",1,32884143,99.99
"45082","spiceberry",1,32884144,99.99
"45083","spiceless",1,32884145,99.99
"45084","spicery",1,32884146,99.99
"45085","spicily",1,32884147,99.99
"45086","spidered",1,32884148,99.99
"45087","spiderlike",1,32884149,99.99
"45088","spieler",1,32884150,99.99
"45089","spier",1,32884151,99.99
"45090","spiffiness",1,32884152,99.99
"45091","spikenard",1,32884153,99.99
"45092","spikiness",1,32884154,99.99
"45093","spined",1,32884155,99.99
"45094","spinelessness",1,32884156,99.99
"45095","spink",1,32884157,99.99
"45096","spinningly",1,32884158,99.99
"45097","spinsterish",1,32884159,99.99
"45098","spinsterly",1,32884160,99.99
"45099","spiritedly",1,32884161,99.99
"45100","spiritist",1,32884162,99.99
"45101","spiritless",1,32884163,99.99
"45102","spiritualize",1,32884164,99.99
"45103","spirograph",1,32884165,99.99
"45104","spiry",1,32884166,99.99
"45105","spitefulness",1,32884167,99.99
"45106","splenic",1,32884168,99.99
"45107","spliceable",1,32884169,99.99
"45108","spondylosis",1,32884170,99.99
"45109","spongecake",1,32884171,99.99
"45110","spoofer",1,32884172,99.99
"45111","spookiness",1,32884173,99.99
"45112","sporangia",1,32884174,99.99
"45113","sportable",1,32884175,99.99
"45114","sportiness",1,32884176,99.99
"45115","sportingly",1,32884177,99.99
"45116","spotlighter",1,32884178,99.99
"45117","spouty",1,32884179,99.99
"45118","spraddle",1,32884180,99.99
"45119","spriest",1,32884181,99.99
"45120","sprigged",1,32884182,99.99
"45121","sprightliness",1,32884183,99.99
"45122","springful",1,32884184,99.99
"45123","springiness",1,32884185,99.99
"45124","springtide",1,32884186,99.99
"45125","spume",1,32884187,99.99
"45126","spunkiness",1,32884188,99.99
"45127","spurge",1,32884189,99.99
"45128","squark",1,32884190,99.99
"45129","squatty",1,32884191,99.99
"45130","squawfish",1,32884192,99.99
"45131","squawroot",1,32884193,99.99
"45132","squinch",1,32884194,99.99
"45133","squitter",1,32884195,99.99
"45134","staab",1,32884196,99.99
"45135","stabling",1,32884197,99.99
"45136","stachys",1,32884198,99.99
"45137","staghorn",1,32884199,99.99
"45138","stairhead",1,32884200,99.99
"45139","staller",1,32884201,99.99
"45140","standage",1,32884202,99.99
"45141","standee",1,32884203,99.99
"45142","standoffishness",1,32884204,99.99
"45143","staphylococci",1,32884205,99.99
"45144","starbright",1,32884206,99.99
"45145","starlite",1,32884207,99.99
"45146","starn",1,32884208,99.99
"45147","startingly",1,32884209,99.99
"45148","starty",1,32884210,99.99
"45149","starver",1,32884211,99.99
"45150","stases",1,32884212,99.99
"45151","stawn",1,32884213,99.99
"45152","stayer",1,32884214,99.99
"45153","staysail",1,32884215,99.99
"45154","stealthiness",1,32884216,99.99
"45155","steamboating",1,32884217,99.99
"45156","stearin",1,32884218,99.99
"45157","steek",1,32884219,99.99
"45158","steeliness",1,32884220,99.99
"45159","steenbock",1,32884221,99.99
"45160","steenbok",1,32884222,99.99
"45161","steeplechaser",1,32884223,99.99
"45162","steeplechasing",1,32884224,99.99
"45163","steepled",1,32884225,99.99
"45164","steepletop",1,32884226,99.99
"45165","steerable",1,32884227,99.99
"45166","steerer",1,32884228,99.99
"45167","stela",1,32884229,99.99
"45168","stelae",1,32884230,99.99
"45169","stemless",1,32884231,99.99
"45170","stemple",1,32884232,99.99
"45171","stenciler",1,32884233,99.99
"45172","stephanos",1,32884234,99.99
"45173","stephanotis",1,32884235,99.99
"45174","stepniece",1,32884236,99.99
"45175","steppeland",1,32884237,99.99
"45176","stereognostic",1,32884238,99.99
"45177","stereograph",1,32884239,99.99
"45178","stereoscope",1,32884240,99.99
"45179","stereotypic",1,32884241,99.99
"45180","sternness",1,32884242,99.99
"45181","sterol",1,32884243,99.99
"45182","stewartry",1,32884244,99.99
"45183","stewpan",1,32884245,99.99
"45184","stich",1,32884246,99.99
"45185","stickball",1,32884247,99.99
"45186","stickily",1,32884248,99.99
"45187","sticklike",1,32884249,99.99
"45188","stiflingly",1,32884250,99.99
"45189","stigmatist",1,32884251,99.99
"45190","stigmatize",1,32884252,99.99
"45191","stillroom",1,32884253,99.99
"45192","stimulatory",1,32884254,99.99
"45193","stingily",1,32884255,99.99
"45194","stinkbug",1,32884256,99.99
"45195","stinkhorn",1,32884257,99.99
"45196","stinkpot",1,32884258,99.99
"45197","stinkweed",1,32884259,99.99
"45198","stinted",1,32884260,99.99
"45199","stiped",1,32884261,99.99
"45200","stippen",1,32884262,99.99
"45201","stob",1,32884263,99.99
"45202","stockade",1,32884264,99.99
"45203","stockcar",1,32884265,99.99
"45204","stockinet",1,32884266,99.99
"45205","stockinger",1,32884267,99.99
"45206","stocktaking",1,32884268,99.99
"45207","stockyard",1,32884269,99.99
"45208","stod",1,32884270,99.99
"45209","stof",1,32884271,99.99
"45210","stokehold",1,32884272,99.99
"45211","stoled",1,32884273,99.99
"45212","stolidity",1,32884274,99.99
"45213","stomatitis",1,32884275,99.99
"45214","stonemasonry",1,32884276,99.99
"45215","stonily",1,32884277,99.99
"45216","stoppable",1,32884278,99.99
"45217","stormbird",1,32884279,99.99
"45218","stormbound",1,32884280,99.99
"45219","storymaker",1,32884281,99.99
"45220","storywise",1,32884282,99.99
"45221","stovewood",1,32884283,99.99
"45222","stra",1,32884284,99.99
"45223","strad",1,32884285,99.99
"45224","straightforwards",1,32884286,99.99
"45225","straightly",1,32884287,99.99
"45226","strake",1,32884288,99.99
"45227","stranglingly",1,32884289,99.99
"45228","strathspey",1,32884290,99.99
"45229","strati",1,32884291,99.99
"45230","stre",1,32884292,99.99
"45231","streamside",1,32884293,99.99
"45232","streetwalker",1,32884294,99.99
"45233","streetwalking",1,32884295,99.99
"45234","streng",1,32884296,99.99
"45235","strenth",1,32884297,99.99
"45236","strenuousness",1,32884298,99.99
"45237","strepsipteran",1,32884299,99.99
"45238","streptococci",1,32884300,99.99
"45239","streptomycin",1,32884301,99.99
"45240","striatum",1,32884302,99.99
"45241","stricker",1,32884303,99.99
"45242","stridden",1,32884304,99.99
"45243","stridulate",1,32884305,99.99
"45244","stridulation",1,32884306,99.99
"45245","strikebreaking",1,32884307,99.99
"45246","stringiness",1,32884308,99.99
"45247","stringless",1,32884309,99.99
"45248","stript",1,32884310,99.99
"45249","strix",1,32884311,99.99
"45250","stromata",1,32884312,99.99
"45251","strombolian",1,32884313,99.99
"45252","strophic",1,32884314,99.99
"45253","stroup",1,32884315,99.99
"45254","stroy",1,32884316,99.99
"45255","structurely",1,32884317,99.99
"45256","stubbled",1,32884318,99.99
"45257","stuber",1,32884319,99.99
"45258","stuccowork",1,32884320,99.99
"45259","studiedly",1,32884321,99.99
"45260","studiousness",1,32884322,99.99
"45261","studium",1,32884323,99.99
"45262","stuggy",1,32884324,99.99
"45263","stumbly",1,32884325,99.99
"45264","stumper",1,32884326,99.99
"45265","stupidness",1,32884327,99.99
"45266","sturt",1,32884328,99.99
"45267","stutteringly",1,32884329,99.99
"45268","stylo",1,32884330,99.99
"45269","styphnate",1,32884331,99.99
"45270","styptic",1,32884332,99.99
"45271","suasion",1,32884333,99.99
"45272","subalpine",1,32884334,99.99
"45273","subarachnoid",1,32884335,99.99
"45274","subarctic",1,32884336,99.99
"45275","subbasement",1,32884337,99.99
"45276","subchief",1,32884338,99.99
"45277","subchorionic",1,32884339,99.99
"45278","subcity",1,32884340,99.99
"45279","subconsciousness",1,32884341,99.99
"45280","subcontinental",1,32884342,99.99
"45281","subdermal",1,32884343,99.99
"45282","subdial",1,32884344,99.99
"45283","subdural",1,32884345,99.99
"45284","subeditor",1,32884346,99.99
"45285","subframe",1,32884347,99.99
"45286","subglacial",1,32884348,99.99
"45287","subletter",1,32884349,99.99
"45288","sublicense",1,32884350,99.99
"45289","subluxation",1,32884351,99.99
"45290","submariner",1,32884352,99.99
"45291","submaximal",1,32884353,99.99
"45292","submergence",1,32884354,99.99
"45293","submergible",1,32884355,99.99
"45294","submerse",1,32884356,99.99
"45295","submetering",1,32884357,99.99
"45296","submicroscopic",1,32884358,99.99
"45297","submittal",1,32884359,99.99
"45298","subofficer",1,32884360,99.99
"45299","suborder",1,32884361,99.99
"45300","subordinating",1,32884362,99.99
"45301","subparagraph",1,32884363,99.99
"45302","subpostmaster",1,32884364,99.99
"45303","subrogate",1,32884365,99.99
"45304","subsea",1,32884366,99.99
"45305","subsequentially",1,32884367,99.99
"45306","subserve",1,32884368,99.99
"45307","subsoil",1,32884369,99.99
"45308","subsovereign",1,32884370,99.99
"45309","substanceless",1,32884371,99.99
"45310","substantialism",1,32884372,99.99
"45311","subsumption",1,32884373,99.99
"45312","subtleness",1,32884374,99.99
"45313","subtractive",1,32884375,99.99
"45314","subtreasury",1,32884376,99.99
"45315","subtribe",1,32884377,99.99
"45316","subtropics",1,32884378,99.99
"45317","suburbanization",1,32884379,99.99
"45318","subvention",1,32884380,99.99
"45319","subzone",1,32884381,99.99
"45320","succenturiate",1,32884382,99.99
"45321","succinctness",1,32884383,99.99
"45322","suchness",1,32884384,99.99
"45323","suffocatingly",1,32884385,99.99
"45324","suffragist",1,32884386,99.99
"45325","sugariness",1,32884387,99.99
"45326","sugarsweet",1,32884388,99.99
"45327","suicidally",1,32884389,99.99
"45328","sulfamic",1,32884390,99.99
"45329","sulfury",1,32884391,99.99
"45330","sulphonate",1,32884392,99.99
"45331","sulphury",1,32884393,99.99
"45332","summarizer",1,32884394,99.99
"45333","summering",1,32884395,99.99
"45334","summerize",1,32884396,99.99
"45335","summerlike",1,32884397,99.99
"45336","sumpter",1,32884398,99.99
"45337","sumption",1,32884399,100
"45338","sumptuousness",1,32884400,100
"45339","sundari",1,32884401,100
"45340","sundog",1,32884402,100
"45341","sundrops",1,32884403,100
"45342","sune",1,32884404,100
"45343","sungha",1,32884405,100
"45344","sunniness",1,32884406,100
"45345","sunshade",1,32884407,100
"45346","sunstone",1,32884408,100
"45347","sunstroke",1,32884409,100
"45348","superabound",1,32884410,100
"45349","superbness",1,32884411,100
"45350","superbrain",1,32884412,100
"45351","superclass",1,32884413,100
"45352","superconductivity",1,32884414,100
"45353","superconductor",1,32884415,100
"45354","supercritical",1,32884416,100
"45355","supererogatory",1,32884417,100
"45356","superfat",1,32884418,100
"45357","supergun",1,32884419,100
"45358","superimpose",1,32884420,100
"45359","superlunary",1,32884421,100
"45360","supermental",1,32884422,100
"45361","supernaturalism",1,32884423,100
"45362","supersaturation",1,32884424,100
"45363","superscript",1,32884425,100
"45364","supersedence",1,32884426,100
"45365","superserious",1,32884427,100
"45366","supersmart",1,32884428,100
"45367","superstitiously",1,32884429,100
"45368","superultrafrostified",1,32884430,100
"45369","superwealthy",1,32884431,100
"45370","supinate",1,32884432,100
"45371","supinely",1,32884433,100
"45372","supperless",1,32884434,100
"45373","suppliance",1,32884435,100
"45374","suppling",1,32884436,100
"45375","supportable",1,32884437,100
"45376","supposably",1,32884438,100
"45377","suppositional",1,32884439,100
"45378","suppositious",1,32884440,100
"45379","supramundane",1,32884441,100
"45380","surd",1,32884442,100
"45381","surfacer",1,32884443,100
"45382","surfactant",1,32884444,100
"45383","surfacy",1,32884445,100
"45384","surfy",1,32884446,100
"45385","surma",1,32884447,100
"45386","surmountable",1,32884448,100
"45387","surpliced",1,32884449,100
"45388","surreptitiousness",1,32884450,100
"45389","surtax",1,32884451,100
"45390","surviver",1,32884452,100
"45391","susurration",1,32884453,100
"45392","susurrus",1,32884454,100
"45393","suttle",1,32884455,100
"45394","suum",1,32884456,100
"45395","swa",1,32884457,100
"45396","swanker",1,32884458,100
"45397","swanlike",1,32884459,100
"45398","swaraj",1,32884460,100
"45399","swathy",1,32884461,100
"45400","swearer",1,32884462,100
"45401","sweatbox",1,32884463,100
"45402","sweatproof",1,32884464,100
"45403","sweepings",1,32884465,100
"45404","sweepstake",1,32884466,100
"45405","sweetbread",1,32884467,100
"45406","sweeting",1,32884468,100
"45407","sweetling",1,32884469,100
"45408","swelly",1,32884470,100
"45409","swelteringly",1,32884471,100
"45410","swimmy",1,32884472,100
"45411","swineherd",1,32884473,100
"45412","swingle",1,32884474,100
"45413","swinney",1,32884475,100
"45414","swither",1,32884476,100
"45415","swivet",1,32884477,100
"45416","swordlike",1,32884478,100
"45417","swordsmanship",1,32884479,100
"45418","swure",1,32884480,100
"45419","syllabication",1,32884481,100
"45420","symbolics",1,32884482,100
"45421","symbolization",1,32884483,100
"45422","symbological",1,32884484,100
"45423","symphonia",1,32884485,100
"45424","symphysis",1,32884486,100
"45425","symposia",1,32884487,100
"45426","symposiarch",1,32884488,100
"45427","symposion",1,32884489,100
"45428","symptomatically",1,32884490,100
"45429","synchromesh",1,32884491,100
"45430","synchronic",1,32884492,100
"45431","synchronism",1,32884493,100
"45432","syncopal",1,32884494,100
"45433","syncopate",1,32884495,100
"45434","syncretist",1,32884496,100
"45435","syndicalist",1,32884497,100
"45436","synergistically",1,32884498,100
"45437","synesthetic",1,32884499,100
"45438","synodical",1,32884500,100
"45439","synonymity",1,32884501,100
"45440","synthesist",1,32884502,100
"45441","synthetically",1,32884503,100
"45442","systematics",1,32884504,100
"45443","systematize",1,32884505,100
"45444","systemizable",1,32884506,100
"45445","tablature",1,32884507,100
"45446","tableful",1,32884508,100
"45447","tablinum",1,32884509,100
"45448","taboret",1,32884510,100
"45449","tabular",1,32884511,100
"45450","tabularium",1,32884512,100
"45451","tabulate",1,32884513,100
"45452","tach",1,32884514,100
"45453","tache",1,32884515,100
"45454","tachometer",1,32884516,100
"45455","tachycardia",1,32884517,100
"45456","tachymetric",1,32884518,100
"45457","tachypnea",1,32884519,100
"45458","taciturnity",1,32884520,100
"45459","tactility",1,32884521,100
"45460","tactlessly",1,32884522,100
"45461","tagboard",1,32884523,100
"45462","taille",1,32884524,100
"45463","tain",1,32884525,100
"45464","takt",1,32884526,100
"45465","tala",1,32884527,100
"45466","talar",1,32884528,100
"45467","talipot",1,32884529,100
"45468","talisay",1,32884530,100
"45469","talkativeness",1,32884531,100
"45470","talkworthy",1,32884532,100
"45471","tallet",1,32884533,100
"45472","taloned",1,32884534,100
"45473","tamable",1,32884535,100
"45474","tamanu",1,32884536,100
"45475","tamarisk",1,32884537,100
"45476","tamboo",1,32884538,100
"45477","tambookie",1,32884539,100
"45478","tamely",1,32884540,100
"45479","tanak",1,32884541,100
"45480","tanbark",1,32884542,100
"45481","tandle",1,32884543,100
"45482","tanga",1,32884544,100
"45483","tangency",1,32884545,100
"45484","tantalite",1,32884546,100
"45485","tanti",1,32884547,100
"45486","tantrik",1,32884548,100
"45487","tantrism",1,32884549,100
"45488","tanzy",1,32884550,100
"45489","tapia",1,32884551,100
"45490","tapis",1,32884552,100
"45491","tapism",1,32884553,100
"45492","tapu",1,32884554,100
"45493","tarantella",1,32884555,100
"45494","tarbet",1,32884556,100
"45495","tardily",1,32884557,100
"45496","targer",1,32884558,100
"45497","tarie",1,32884559,100
"45498","tarradiddle",1,32884560,100
"45499","tartareous",1,32884561,100
"45500","tasse",1,32884562,100
"45501","tasten",1,32884563,100
"45502","tastily",1,32884564,100
"45503","tatou",1,32884565,100
"45504","tattooage",1,32884566,100
"45505","tattooer",1,32884567,100
"45506","tatu",1,32884568,100
"45507","taun",1,32884569,100
"45508","taurobolium",1,32884570,100
"45509","tautologous",1,32884571,100
"45510","taverner",1,32884572,100
"45511","tawdrily",1,32884573,100
"45512","taxer",1,32884574,100
"45513","taximeter",1,32884575,100
"45514","taxonomically",1,32884576,100
"45515","tck",1,32884577,100
"45516","teaberry",1,32884578,100
"45517","teaboy",1,32884579,100
"45518","teacake",1,32884580,100
"45519","teacherly",1,32884581,100
"45520","teachery",1,32884582,100
"45521","teardown",1,32884583,100
"45522","teasel",1,32884584,100
"45523","teashop",1,32884585,100
"45524","teated",1,32884586,100
"45525","techiness",1,32884587,100
"45526","tecnology",1,32884588,100
"45527","teemingness",1,32884589,100
"45528","teems",1,32884590,100
"45529","teethe",1,32884591,100
"45530","teethless",1,32884592,100
"45531","teethy",1,32884593,100
"45532","teg",1,32884594,100
"45533","tekiah",1,32884595,100
"45534","tektite",1,32884596,100
"45535","telang",1,32884597,100
"45536","telecaster",1,32884598,100
"45537","telegraphy",1,32884599,100
"45538","telemark",1,32884600,100
"45539","telemetric",1,32884601,100
"45540","teleologically",1,32884602,100
"45541","telephonist",1,32884603,100
"45542","telescopically",1,32884604,100
"45543","teman",1,32884605,100
"45544","temenos",1,32884606,100
"45545","templed",1,32884607,100
"45546","tempora",1,32884608,100
"45547","temporale",1,32884609,100
"45548","temporariness",1,32884610,100
"45549","temporizing",1,32884611,100
"45550","temporoparietal",1,32884612,100
"45551","temse",1,32884613,100
"45552","temulency",1,32884614,100
"45553","tenability",1,32884615,100
"45554","tenace",1,32884616,100
"45555","tenantry",1,32884617,100
"45556","tendent",1,32884618,100
"45557","tendentiously",1,32884619,100
"45558","tenderer",1,32884620,100
"45559","tenderheart",1,32884621,100
"45560","tenebrious",1,32884622,100
"45561","tenebrous",1,32884623,100
"45562","teneral",1,32884624,100
"45563","tengu",1,32884625,100
"45564","tenpenny",1,32884626,100
"45565","tentacular",1,32884627,100
"45566","tentativeness",1,32884628,100
"45567","tenurial",1,32884629,100
"45568","tepidarium",1,32884630,100
"45569","terakihi",1,32884631,100
"45570","tercentenary",1,32884632,100
"45571","termer",1,32884633,100
"45572","termine",1,32884634,100
"45573","terminer",1,32884635,100
"45574","termly",1,32884636,100
"45575","termtime",1,32884637,100
"45576","ternion",1,32884638,100
"45577","terracing",1,32884639,100
"45578","territorialism",1,32884640,100
"45579","terseness",1,32884641,100
"45580","tertia",1,32884642,100
"45581","tessellated",1,32884643,100
"45582","tetch",1,32884644,100
"45583","tetrachloroethylene",1,32884645,100
"45584","tetragon",1,32884646,100
"45585","tetragonal",1,32884647,100
"45586","tetrahedral",1,32884648,100
"45587","tetrahedron",1,32884649,100
"45588","tetraplegia",1,32884650,100
"45589","tetrarch",1,32884651,100
"45590","teuk",1,32884652,100
"45591","tez",1,32884653,100
"45592","thaler",1,32884654,100
"45593","thana",1,32884655,100
"45594","thanklessly",1,32884656,100
"45595","thanklessness",1,32884657,100
"45596","thatching",1,32884658,100
"45597","thaumatology",1,32884659,100
"45598","thaumaturgic",1,32884660,100
"45599","theatergoing",1,32884661,100
"45600","thecae",1,32884662,100
"45601","thenadays",1,32884663,100
"45602","theophoric",1,32884664,100
"45603","theoretician",1,32884665,100
"45604","therebetween",1,32884666,100
"45605","therianthropic",1,32884667,100
"45606","thermae",1,32884668,100
"45607","thermogenesis",1,32884669,100
"45608","thermogram",1,32884670,100
"45609","thermoplastic",1,32884671,100
"45610","thermoregulation",1,32884672,100
"45611","thermotherapy",1,32884673,100
"45612","thersitical",1,32884674,100
"45613","thesauri",1,32884675,100
"45614","thetic",1,32884676,100
"45615","thewed",1,32884677,100
"45616","thig",1,32884678,100
"45617","thighed",1,32884679,100
"45618","thight",1,32884680,100
"45619","thiller",1,32884681,100
"45620","thimbleberry",1,32884682,100
"45621","thimbleful",1,32884683,100
"45622","thio",1,32884684,100
"45623","thirteener",1,32884685,100
"45624","thirtyish",1,32884686,100
"45625","thixotropic",1,32884687,100
"45626","thoracostomy",1,32884688,100
"45627","thoracotomy",1,32884689,100
"45628","thornless",1,32884690,100
"45629","thoughtlet",1,32884691,100
"45630","thousandfold",1,32884692,100
"45631","thow",1,32884693,100
"45632","threadlike",1,32884694,100
"45633","thready",1,32884695,100
"45634","thriftiness",1,32884696,100
"45635","thrip",1,32884697,100
"45636","thriven",1,32884698,100
"45637","thriver",1,32884699,100
"45638","throating",1,32884700,100
"45639","throbbingly",1,32884701,100
"45640","thrombin",1,32884702,100
"45641","thrombotic",1,32884703,100
"45642","throneless",1,32884704,100
"45643","throu",1,32884705,100
"45644","throve",1,32884706,100
"45645","thuddingly",1,32884707,100
"45646","thuggee",1,32884708,100
"45647","thumbtack",1,32884709,100
"45648","thumpingly",1,32884710,100
"45649","thunderball",1,32884711,100
"45650","thunderclap",1,32884712,100
"45651","thung",1,32884713,100
"45652","thwartedly",1,32884714,100
"45653","thyine",1,32884715,100
"45654","thymol",1,32884716,100
"45655","tiao",1,32884717,100
"45656","ticketless",1,32884718,100
"45657","tickseed",1,32884719,100
"45658","tiddy",1,32884720,100
"45659","tideland",1,32884721,100
"45660","tideway",1,32884722,100
"45661","tidingless",1,32884723,100
"45662","tigella",1,32884724,100
"45663","tigernut",1,32884725,100
"45664","tightwire",1,32884726,100
"45665","tigrine",1,32884727,100
"45666","tilework",1,32884728,100
"45667","tilty",1,32884729,100
"45668","timar",1,32884730,100
"45669","timbale",1,32884731,100
"45670","timbering",1,32884732,100
"45671","timelessly",1,32884733,100
"45672","timesaver",1,32884734,100
"45673","timesaving",1,32884735,100
"45674","timorously",1,32884736,100
"45675","tinct",1,32884737,100
"45676","tindal",1,32884738,100
"45677","tined",1,32884739,100
"45678","tingler",1,32884740,100
"45679","tinkly",1,32884741,100
"45680","tinning",1,32884742,100
"45681","tinter",1,32884743,100
"45682","tintinnabulation",1,32884744,100
"45683","tipe",1,32884745,100
"45684","tiple",1,32884746,100
"45685","tippet",1,32884747,100
"45686","tippler",1,32884748,100
"45687","tiptop",1,32884749,100
"45688","tissued",1,32884750,100
"45689","titanate",1,32884751,100
"45690","titilate",1,32884752,100
"45691","titleholder",1,32884753,100
"45692","titulus",1,32884754,100
"45693","tji",1,32884755,100
"45694","toadflax",1,32884756,100
"45695","toadyism",1,32884757,100
"45696","tobira",1,32884758,100
"45697","toeless",1,32884759,100
"45698","toffy",1,32884760,100
"45699","toggler",1,32884761,100
"45700","toher",1,32884762,100
"45701","toileted",1,32884763,100
"45702","tolan",1,32884764,100
"45703","tolbooth",1,32884765,100
"45704","tolerableness",1,32884766,100
"45705","tollhouse",1,32884767,100
"45706","tolu",1,32884768,100
"45707","tonalist",1,32884769,100
"45708","tontine",1,32884770,100
"45709","tonus",1,32884771,100
"45710","tooken",1,32884772,100
"45711","toolmaker",1,32884773,100
"45712","toolman",1,32884774,100
"45713","toop",1,32884775,100
"45714","tooter",1,32884776,100
"45715","toothing",1,32884777,100
"45716","topee",1,32884778,100
"45717","toper",1,32884779,100
"45718","topnotch",1,32884780,100
"45719","topographically",1,32884781,100
"45720","topologist",1,32884782,100
"45721","toppler",1,32884783,100
"45722","torc",1,32884784,100
"45723","torcher",1,32884785,100
"45724","tored",1,32884786,100
"45725","torero",1,32884787,100
"45726","torqued",1,32884788,100
"45727","torques",1,32884789,100
"45728","tortious",1,32884790,100
"45729","tortuously",1,32884791,100
"45730","torturously",1,32884792,100
"45731","tossup",1,32884793,100
"45732","totemism",1,32884794,100
"45733","totemistic",1,32884795,100
"45734","tother",1,32884796,100
"45735","tourte",1,32884797,100
"45736","towardness",1,32884798,100
"45737","toweringly",1,32884799,100
"45738","townfolk",1,32884800,100
"45739","townlet",1,32884801,100
"45740","townsman",1,32884802,100
"45741","toxaphene",1,32884803,100
"45742","toxicologist",1,32884804,100
"45743","toxicosis",1,32884805,100
"45744","toymaker",1,32884806,100
"45745","toyon",1,32884807,100
"45746","toytown",1,32884808,100
"45747","trabant",1,32884809,100
"45748","traceability",1,32884810,100
"45749","tractable",1,32884811,100
"45750","tradecraft",1,32884812,100
"45751","tradesperson",1,32884813,100
"45752","traducement",1,32884814,100
"45753","trafficless",1,32884815,100
"45754","trag",1,32884816,100
"45755","tragicalness",1,32884817,100
"45756","trainload",1,32884818,100
"45757","trainmaster",1,32884819,100
"45758","traitorously",1,32884820,100
"45759","tramcar",1,32884821,100
"45760","tramline",1,32884822,100
"45761","trancelike",1,32884823,100
"45762","tranquilly",1,32884824,100
"45763","transbay",1,32884825,100
"45764","transcendentalism",1,32884826,100
"45765","transcriber",1,32884827,100
"45766","transducer",1,32884828,100
"45767","transect",1,32884829,100
"45768","transiency",1,32884830,100
"45769","transiently",1,32884831,100
"45770","translater",1,32884832,100
"45771","translatory",1,32884833,100
"45772","translocate",1,32884834,100
"45773","translocation",1,32884835,100
"45774","translucently",1,32884836,100
"45775","transmissibility",1,32884837,100
"45776","transmissible",1,32884838,100
"45777","transmittable",1,32884839,100
"45778","transmittal",1,32884840,100
"45779","transmogrify",1,32884841,100
"45780","transmuter",1,32884842,100
"45781","transomed",1,32884843,100
"45782","transparence",1,32884844,100
"45783","transpontine",1,32884845,100
"45784","transportability",1,32884846,100
"45785","transportational",1,32884847,100
"45786","transportative",1,32884848,100
"45787","trapezius",1,32884849,100
"45788","traumatically",1,32884850,100
"45789","treater",1,32884851,100
"45790","tremblingly",1,32884852,100
"45791","trembly",1,32884853,100
"45792","tremolite",1,32884854,100
"45793","trencher",1,32884855,100
"45794","trepanning",1,32884856,100
"45795","trepid",1,32884857,100
"45796","triable",1,32884858,100
"45797","triarchy",1,32884859,100
"45798","tribalist",1,32884860,100
"45799","tribasic",1,32884861,100
"45800","tribespeople",1,32884862,100
"45801","trice",1,32884863,100
"45802","trichotomy",1,32884864,100
"45803","trickiness",1,32884865,100
"45804","tricolon",1,32884866,100
"45805","tridimensional",1,32884867,100
"45806","triennially",1,32884868,100
"45807","trifid",1,32884869,100
"45808","trifler",1,32884870,100
"45809","trigram",1,32884871,100
"45810","trilemma",1,32884872,100
"45811","trillionaire",1,32884873,100
"45812","triplane",1,32884874,100
"45813","triplication",1,32884875,100
"45814","tripos",1,32884876,100
"45815","trisected",1,32884877,100
"45816","triskelion",1,32884878,100
"45817","tristate",1,32884879,100
"45818","tristeza",1,32884880,100
"45819","triterpene",1,32884881,100
"45820","triticum",1,32884882,100
"45821","trivially",1,32884883,100
"45822","trog",1,32884884,100
"45823","troglodytic",1,32884885,100
"45824","troller",1,32884886,100
"45825","troopship",1,32884887,100
"45826","trophozoite",1,32884888,100
"45827","troposphere",1,32884889,100
"45828","troth",1,32884890,100
"45829","trotline",1,32884891,100
"45830","trottoir",1,32884892,100
"45831","troubler",1,32884893,100
"45832","troublingly",1,32884894,100
"45833","troublous",1,32884895,100
"45834","trowing",1,32884896,100
"45835","truckful",1,32884897,100
"45836","trueborn",1,32884898,100
"45837","truelove",1,32884899,100
"45838","trumper",1,32884900,100
"45839","trumpery",1,32884901,100
"45840","truncation",1,32884902,100
"45841","trunkful",1,32884903,100
"45842","trunkless",1,32884904,100
"45843","trussing",1,32884905,100
"45844","truster",1,32884906,100
"45845","trustful",1,32884907,100
"45846","trustfulness",1,32884908,100
"45847","trustingly",1,32884909,100
"45848","tryp",1,32884910,100
"45849","tryptic",1,32884911,100
"45850","tsetse",1,32884912,100
"45851","tuath",1,32884913,100
"45852","tubbing",1,32884914,100
"45853","tuberculate",1,32884915,100
"45854","tuberculous",1,32884916,100
"45855","tuberose",1,32884917,100
"45856","tubig",1,32884918,100
"45857","tucuman",1,32884919,100
"45858","tufa",1,32884920,100
"45859","tuffet",1,32884921,100
"45860","tughra",1,32884922,100
"45861","tulare",1,32884923,100
"45862","tulasi",1,32884924,100
"45863","tumblebug",1,32884925,100
"45864","tumescent",1,32884926,100
"45865","tummel",1,32884927,100
"45866","tumtum",1,32884928,100
"45867","tumultuousness",1,32884929,100
"45868","tumulus",1,32884930,100
"45869","tunefully",1,32884931,100
"45870","tunicle",1,32884932,100
"45871","tunny",1,32884933,100
"45872","tuque",1,32884934,100
"45873","turbaned",1,32884935,100
"45874","turbary",1,32884936,100
"45875","turlough",1,32884937,100
"45876","turnback",1,32884938,100
"45877","turndown",1,32884939,100
"45878","turnstone",1,32884940,100
"45879","turnup",1,32884941,100
"45880","turp",1,32884942,100
"45881","turps",1,32884943,100
"45882","turreted",1,32884944,100
"45883","turtlehead",1,32884945,100
"45884","tusche",1,32884946,100
"45885","tutelary",1,32884947,100
"45886","twant",1,32884948,100
"45887","tweaker",1,32884949,100
"45888","twelvemonth",1,32884950,100
"45889","twick",1,32884951,100
"45890","twiddler",1,32884952,100
"45891","twilled",1,32884953,100
"45892","twilling",1,32884954,100
"45893","twilly",1,32884955,100
"45894","twinberry",1,32884956,100
"45895","twinning",1,32884957,100
"45896","twiny",1,32884958,100
"45897","twirler",1,32884959,100
"45898","twistedly",1,32884960,100
"45899","twitcher",1,32884961,100
"45900","twitchiness",1,32884962,100
"45901","twitty",1,32884963,100
"45902","tyg",1,32884964,100
"45903","tympanic",1,32884965,100
"45904","tympanum",1,32884966,100
"45905","typer",1,32884967,100
"45906","typhus",1,32884968,100
"45907","typic",1,32884969,100
"45908","typicality",1,32884970,100
"45909","typicalness",1,32884971,100
"45910","typologically",1,32884972,100
"45911","tyro",1,32884973,100
"45912","tyt",1,32884974,100
"45913","ubiquitousness",1,32884975,100
"45914","uddered",1,32884976,100
"45915","udderless",1,32884977,100
"45916","ulceration",1,32884978,100
"45917","ulcerative",1,32884979,100
"45918","ull",1,32884980,100
"45919","ultimata",1,32884981,100
"45920","ultimo",1,32884982,100
"45921","ultrafiltrate",1,32884983,100
"45922","ultraliberal",1,32884984,100
"45923","ultramontane",1,32884985,100
"45924","ultranationalist",1,32884986,100
"45925","ultraviolent",1,32884987,100
"45926","ulua",1,32884988,100
"45927","ululation",1,32884989,100
"45928","umbo",1,32884990,100
"45929","umbrageous",1,32884991,100
"45930","umbral",1,32884992,100
"45931","umlaut",1,32884993,100
"45932","umpty",1,32884994,100
"45933","unabetted",1,32884995,100
"45934","unaccented",1,32884996,100
"45935","unacceptance",1,32884997,100
"45936","unaccessible",1,32884998,100
"45937","unaccommodating",1,32884999,100
"45938","unachieved",1,32885000,100
"45939","unacted",1,32885001,100
"45940","unadmirable",1,32885002,100
"45941","unadvertised",1,32885003,100
"45942","unadvisedly",1,32885004,100
"45943","unaffectedly",1,32885005,100
"45944","unaired",1,32885006,100
"45945","unalienated",1,32885007,100
"45946","unaligned",1,32885008,100
"45947","unalive",1,32885009,100
"45948","unambitious",1,32885010,100
"45949","unamusement",1,32885011,100
"45950","unamusing",1,32885012,100
"45951","unanalyzable",1,32885013,100
"45952","unanalyzed",1,32885014,100
"45953","unappeasable",1,32885015,100
"45954","unappointed",1,32885016,100
"45955","unappreciating",1,32885017,100
"45956","unapproachableness",1,32885018,100
"45957","unarguably",1,32885019,100
"45958","unarmorial",1,32885020,100
"45959","unartistic",1,32885021,100
"45960","unassailed",1,32885022,100
"45961","unassumingly",1,32885023,100
"45962","unattainably",1,32885024,100
"45963","unavailing",1,32885025,100
"45964","unawareness",1,32885026,100
"45965","unbanished",1,32885027,100
"45966","unbarred",1,32885028,100
"45967","unbearableness",1,32885029,100
"45968","unbeautiful",1,32885030,100
"45969","unbecome",1,32885031,100
"45970","unbegotten",1,32885032,100
"45971","unbehoving",1,32885033,100
"45972","unbelievability",1,32885034,100
"45973","unbelieved",1,32885035,100
"45974","unbelievingly",1,32885036,100
"45975","unbelonging",1,32885037,100
"45976","unbend",1,32885038,100
"45977","unbendable",1,32885039,100
"45978","unbias",1,32885040,100
"45979","unbid",1,32885041,100
"45980","unbit",1,32885042,100
"45981","unblessed",1,32885043,100
"45982","unbloodied",1,32885044,100
"45983","unbloody",1,32885045,100
"45984","unboarded",1,32885046,100
"45985","unboiled",1,32885047,100
"45986","unbolted",1,32885048,100
"45987","unbooked",1,32885049,100
"45988","unboring",1,32885050,100
"45989","unbowing",1,32885051,100
"45990","unbrave",1,32885052,100
"45991","unbreaking",1,32885053,100
"45992","unbreathable",1,32885054,100
"45993","unbreathing",1,32885055,100
"45994","unbrokenly",1,32885056,100
"45995","unbudgeted",1,32885057,100
"45996","unbuild",1,32885058,100
"45997","unbundle",1,32885059,100
"45998","unburn",1,32885060,100
"45999","unburnt",1,32885061,100
"46000","unbury",1,32885062,100
"46001","uncage",1,32885063,100
"46002","uncalculable",1,32885064,100
"46003","uncancellable",1,32885065,100
"46004","uncaned",1,32885066,100
"46005","uncanniness",1,32885067,100
"46006","uncanonical",1,32885068,100
"46007","uncap",1,32885069,100
"46008","uncapable",1,32885070,100
"46009","uncaptured",1,32885071,100
"46010","uncast",1,32885072,100
"46011","uncatalogued",1,32885073,100
"46012","uncatholic",1,32885074,100
"46013","uncaught",1,32885075,100
"46014","uncertified",1,32885076,100
"46015","uncessantly",1,32885077,100
"46016","unchallengeable",1,32885078,100
"46017","unchangeably",1,32885079,100
"46018","uncharmed",1,32885080,100
"46019","unchipped",1,32885081,100
"46020","uncirculated",1,32885082,100
"46021","unclasp",1,32885083,100
"46022","unclick",1,32885084,100
"46023","unclip",1,32885085,100
"46024","uncloaked",1,32885086,100
"46025","uncoated",1,32885087,100
"46026","uncoffined",1,32885088,100
"46027","uncolored",1,32885089,100
"46028","uncombed",1,32885090,100
"46029","uncompassionate",1,32885091,100
"46030","uncomplainingly",1,32885092,100
"46031","unconcern",1,32885093,100
"46032","unconcernedly",1,32885094,100
"46033","unconfessed",1,32885095,100
"46034","uncongenial",1,32885096,100
"46035","unconsenting",1,32885097,100
"46036","unconservative",1,32885098,100
"46037","unconsiderate",1,32885099,100
"46038","unconsoled",1,32885100,100
"46039","unconsolidated",1,32885101,100
"46040","unconstant",1,32885102,100
"46041","unconstitutionally",1,32885103,100
"46042","unconstructed",1,32885104,100
"46043","unconsulted",1,32885105,100
"46044","uncontentious",1,32885106,100
"46045","unconventionally",1,32885107,100
"46046","unconvicted",1,32885108,100
"46047","uncopied",1,32885109,100
"46048","uncostumed",1,32885110,100
"46049","uncoupled",1,32885111,100
"46050","uncourageous",1,32885112,100
"46051","uncouthness",1,32885113,100
"46052","uncowed",1,32885114,100
"46053","uncrook",1,32885115,100
"46054","uncrossable",1,32885116,100
"46055","uncrowded",1,32885117,100
"46056","uncrowned",1,32885118,100
"46057","uncrumple",1,32885119,100
"46058","unctuousness",1,32885120,100
"46059","uncured",1,32885121,100
"46060","uncurious",1,32885122,100
"46061","uncurling",1,32885123,100
"46062","uncursed",1,32885124,100
"46063","uncustomary",1,32885125,100
"46064","uncuttable",1,32885126,100
"46065","undammed",1,32885127,100
"46066","undecked",1,32885128,100
"46067","undeluded",1,32885129,100
"46068","undenied",1,32885130,100
"46069","undepraved",1,32885131,100
"46070","underbake",1,32885132,100
"46071","underbeaten",1,32885133,100
"46072","underbite",1,32885134,100
"46073","underclassman",1,32885135,100
"46074","underclothes",1,32885136,100
"46075","undercolor",1,32885137,100
"46076","undercook",1,32885138,100
"46077","underdrawers",1,32885139,100
"46078","underdrawn",1,32885140,100
"46079","underdress",1,32885141,100
"46080","undereye",1,32885142,100
"46081","undergeneral",1,32885143,100
"46082","undergoer",1,32885144,100
"46083","underlaid",1,32885145,100
"46084","underlaying",1,32885146,100
"46085","underly",1,32885147,100
"46086","underman",1,32885148,100
"46087","undernourishment",1,32885149,100
"46088","undernutrition",1,32885150,100
"46089","underofficer",1,32885151,100
"46090","underpay",1,32885152,100
"46091","underprice",1,32885153,100
"46092","underqualified",1,32885154,100
"46093","undershoot",1,32885155,100
"46094","underslip",1,32885156,100
"46095","understandingly",1,32885157,100
"46096","undersupply",1,32885158,100
"46097","undertrained",1,32885159,100
"46098","underwing",1,32885160,100
"46099","undescended",1,32885161,100
"46100","undescriptive",1,32885162,100
"46101","undesignated",1,32885163,100
"46102","undesigned",1,32885164,100
"46103","undesirability",1,32885165,100
"46104","undesirous",1,32885166,100
"46105","undestroyed",1,32885167,100
"46106","undeviated",1,32885168,100
"46107","undiplomatic",1,32885169,100
"46108","undiscernible",1,32885170,100
"46109","undiscriminating",1,32885171,100
"46110","undisputably",1,32885172,100
"46111","undisputedly",1,32885173,100
"46112","undissolved",1,32885174,100
"46113","undistorted",1,32885175,100
"46114","undiverse",1,32885176,100
"46115","undoctored",1,32885177,100
"46116","undomestic",1,32885178,100
"46117","undoubting",1,32885179,100
"46118","undulation",1,32885180,100
"46119","undull",1,32885181,100
"46120","undy",1,32885182,100
"46121","unedible",1,32885183,100
"46122","unejaculated",1,32885184,100
"46123","unelect",1,32885185,100
"46124","uneligible",1,32885186,100
"46125","unembarrassedly",1,32885187,100
"46126","unembittered",1,32885188,100
"46127","unemotionally",1,32885189,100
"46128","unencountered",1,32885190,100
"46129","unendangered",1,32885191,100
"46130","unended",1,32885192,100
"46131","unendurability",1,32885193,100
"46132","unenrolled",1,32885194,100
"46133","unentailed",1,32885195,100
"46134","unentangled",1,32885196,100
"46135","unenthusiastically",1,32885197,100
"46136","unestranged",1,32885198,100
"46137","uneventfulness",1,32885199,100
"46138","unexampled",1,32885200,100
"46139","unexpecting",1,32885201,100
"46140","unexpensive",1,32885202,100
"46141","unexperience",1,32885203,100
"46142","unexpert",1,32885204,100
"46143","unexpired",1,32885205,100
"46144","unexplainably",1,32885206,100
"46145","unexploited",1,32885207,100
"46146","unexpressable",1,32885208,100
"46147","unexpressive",1,32885209,100
"46148","unextended",1,32885210,100
"46149","unfact",1,32885211,100
"46150","unfactual",1,32885212,100
"46151","unfalsifiable",1,32885213,100
"46152","unfashionableness",1,32885214,100
"46153","unfashionably",1,32885215,100
"46154","unfasten",1,32885216,100
"46155","unfavorite",1,32885217,100
"46156","unfermentable",1,32885218,100
"46157","unfetter",1,32885219,100
"46158","unfiled",1,32885220,100
"46159","unfilling",1,32885221,100
"46160","unfilmed",1,32885222,100
"46161","unfired",1,32885223,100
"46162","unfitted",1,32885224,100
"46163","unfix",1,32885225,100
"46164","unflaggingly",1,32885226,100
"46165","unflatteringly",1,32885227,100
"46166","unflecked",1,32885228,100
"46167","unflushed",1,32885229,100
"46168","unforeign",1,32885230,100
"46169","unforeseeable",1,32885231,100
"46170","unfriending",1,32885232,100
"46171","unfrocked",1,32885233,100
"46172","unfussed",1,32885234,100
"46173","ungagged",1,32885235,100
"46174","ungarbled",1,32885236,100
"46175","ungathered",1,32885237,100
"46176","ungenerous",1,32885238,100
"46177","ungenteel",1,32885239,100
"46178","ungently",1,32885240,100
"46179","ungiven",1,32885241,100
"46180","unglimpsed",1,32885242,100
"46181","unglossed",1,32885243,100
"46182","ungoverned",1,32885244,100
"46183","ungraciously",1,32885245,100
"46184","ungraded",1,32885246,100
"46185","ungrafted",1,32885247,100
"46186","ungrammatically",1,32885248,100
"46187","ungrouped",1,32885249,100
"46188","ungrudgingly",1,32885250,100
"46189","unguardedly",1,32885251,100
"46190","unhand",1,32885252,100
"46191","unharmful",1,32885253,100
"46192","unhaunted",1,32885254,100
"46193","unhedged",1,32885255,100
"46194","unheroic",1,32885256,100
"46195","unhistoric",1,32885257,100
"46196","unhistorical",1,32885258,100
"46197","unhitch",1,32885259,100
"46198","unhoned",1,32885260,100
"46199","unhonored",1,32885261,100
"46200","unhopeful",1,32885262,100
"46201","unhostile",1,32885263,100
"46202","unhuman",1,32885264,100
"46203","unhung",1,32885265,100
"46204","unhusbanded",1,32885266,100
"46205","unhygienically",1,32885267,100
"46206","unicolor",1,32885268,100
"46207","unicyclist",1,32885269,100
"46208","unideal",1,32885270,100
"46209","unie",1,32885271,100
"46210","unifier",1,32885272,100
"46211","unifocal",1,32885273,100
"46212","uniformitarian",1,32885274,100
"46213","unilluminated",1,32885275,100
"46214","unillustrated",1,32885276,100
"46215","unimplicated",1,32885277,100
"46216","unimportance",1,32885278,100
"46217","unimposing",1,32885279,100
"46218","unindexed",1,32885280,100
"46219","unindictable",1,32885281,100
"46220","uninflated",1,32885282,100
"46221","uninflected",1,32885283,100
"46222","uninhabitableness",1,32885284,100
"46223","uninnocent",1,32885285,100
"46224","uninspected",1,32885286,100
"46225","uninstructed",1,32885287,100
"46226","unintegrated",1,32885288,100
"46227","unintelligence",1,32885289,100
"46228","unintelligibility",1,32885290,100
"46229","unintimidated",1,32885291,100
"46230","unintuitive",1,32885292,100
"46231","uninventive",1,32885293,100
"46232","unionize",1,32885294,100
"46233","uniquity",1,32885295,100
"46234","unirradiated",1,32885296,100
"46235","unirrigated",1,32885297,100
"46236","uniter",1,32885298,100
"46237","universitary",1,32885299,100
"46238","unjudged",1,32885300,100
"46239","unjustice",1,32885301,100
"46240","unkeyed",1,32885302,100
"46241","unkillable",1,32885303,100
"46242","unkilled",1,32885304,100
"46243","unkissed",1,32885305,100
"46244","unknotted",1,32885306,100
"46245","unknowability",1,32885307,100
"46246","unlade",1,32885308,100
"46247","unlamented",1,32885309,100
"46248","unlarge",1,32885310,100
"46249","unlaunched",1,32885311,100
"46250","unlicked",1,32885312,100
"46251","unlight",1,32885313,100
"46252","unlighted",1,32885314,100
"46253","unlikeliness",1,32885315,100
"46254","unlikeness",1,32885316,100
"46255","unlinked",1,32885317,100
"46256","unlist",1,32885318,100
"46257","unliveable",1,32885319,100
"46258","unlocker",1,32885320,100
"46259","unlook",1,32885321,100
"46260","unloosing",1,32885322,100
"46261","unlovingly",1,32885323,100
"46262","unlubricated",1,32885324,100
"46263","unluckiness",1,32885325,100
"46264","unmagical",1,32885326,100
"46265","unmalted",1,32885327,100
"46266","unmanageably",1,32885328,100
"46267","unmanaged",1,32885329,100
"46268","unmannered",1,32885330,100
"46269","unmappable",1,32885331,100
"46270","unmarred",1,32885332,100
"46271","unmarvelous",1,32885333,100
"46272","unmasculine",1,32885334,100
"46273","unmaterialistic",1,32885335,100
"46274","unmeaning",1,32885336,100
"46275","unmelodic",1,32885337,100
"46276","unmelodious",1,32885338,100
"46277","unmelted",1,32885339,100
"46278","unmendable",1,32885340,100
"46279","unmetered",1,32885341,100
"46280","unminced",1,32885342,100
"46281","unmissed",1,32885343,100
"46282","unmowed",1,32885344,100
"46283","unmown",1,32885345,100
"46284","unmuffled",1,32885346,100
"46285","unmusical",1,32885347,100
"46286","unmysterious",1,32885348,100
"46287","unnavigable",1,32885349,100
"46288","unnormal",1,32885350,100
"46289","unnutritious",1,32885351,100
"46290","unobjectionably",1,32885352,100
"46291","unobservable",1,32885353,100
"46292","unoffended",1,32885354,100
"46293","unoiled",1,32885355,100
"46294","unopen",1,32885356,100
"46295","unordinary",1,32885357,100
"46296","unoriginally",1,32885358,100
"46297","unparsimonious",1,32885359,100
"46298","unpassable",1,32885360,100
"46299","unpasted",1,32885361,100
"46300","unpayable",1,32885362,100
"46301","unpecked",1,32885363,100
"46302","unpejorative",1,32885364,100
"46303","unpent",1,32885365,100
"46304","unpeopled",1,32885366,100
"46305","unperforated",1,32885367,100
"46306","unpersonable",1,32885368,100
"46307","unphotographed",1,32885369,100
"46308","unpickable",1,32885370,100
"46309","unpinned",1,32885371,100
"46310","unpitched",1,32885372,100
"46311","unpitted",1,32885373,100
"46312","unplayed",1,32885374,100
"46313","unpleased",1,32885375,100
"46314","unpleasing",1,32885376,100
"46315","unpleated",1,32885377,100
"46316","unpledged",1,32885378,100
"46317","unploughed",1,32885379,100
"46318","unplucked",1,32885380,100
"46319","unpoliced",1,32885381,100
"46320","unpraised",1,32885382,100
"46321","unprecious",1,32885383,100
"46322","unpremeditated",1,32885384,100
"46323","unpreoccupied",1,32885385,100
"46324","unpreparedness",1,32885386,100
"46325","unprepossessingly",1,32885387,100
"46326","unpresentability",1,32885388,100
"46327","unpresentable",1,32885389,100
"46328","unpressed",1,32885390,100
"46329","unpretentiously",1,32885391,100
"46330","unpretentiousness",1,32885392,100
"46331","unpriced",1,32885393,100
"46332","unprimed",1,32885394,100
"46333","unproblematic",1,32885395,100
"46334","unproduced",1,32885396,100
"46335","unproductively",1,32885397,100
"46336","unproductiveness",1,32885398,100
"46337","unprofessionally",1,32885399,100
"46338","unprofound",1,32885400,100
"46339","unprophesied",1,32885401,100
"46340","unpropitious",1,32885402,100
"46341","unprovokedly",1,32885403,100
"46342","unpunctuated",1,32885404,100
"46343","unpurchased",1,32885405,100
"46344","unpurposed",1,32885406,100
"46345","unqualifiedly",1,32885407,100
"46346","unquenched",1,32885408,100
"46347","unquietly",1,32885409,100
"46348","unquilted",1,32885410,100
"46349","unraped",1,32885411,100
"46350","unrattled",1,32885412,100
"46351","unravellable",1,32885413,100
"46352","unrealizable",1,32885414,100
"46353","unrebutted",1,32885415,100
"46354","unrecallable",1,32885416,100
"46355","unreceptive",1,32885417,100
"46356","unrecovered",1,32885418,100
"46357","unredacted",1,32885419,100
"46358","unredeemable",1,32885420,100
"46359","unregal",1,32885421,100
"46360","unregretted",1,32885422,100
"46361","unreleasable",1,32885423,100
"46362","unrememberable",1,32885424,100
"46363","unremorsefully",1,32885425,100
"46364","unrenewed",1,32885426,100
"46365","unrenovated",1,32885427,100
"46366","unrepairable",1,32885428,100
"46367","unrepaired",1,32885429,100
"46368","unrepented",1,32885430,100
"46369","unreproved",1,32885431,100
"46370","unreproving",1,32885432,100
"46371","unresistibly",1,32885433,100
"46372","unrespected",1,32885434,100
"46373","unrestrictedly",1,32885435,100
"46374","unreturnable",1,32885436,100
"46375","unreturned",1,32885437,100
"46376","unrevealing",1,32885438,100
"46377","unrevealingly",1,32885439,100
"46378","unreviewable",1,32885440,100
"46379","unreviewed",1,32885441,100
"46380","unrewarded",1,32885442,100
"46381","unrhymed",1,32885443,100
"46382","unribbed",1,32885444,100
"46383","unrightable",1,32885445,100
"46384","unringed",1,32885446,100
"46385","unripped",1,32885447,100
"46386","unroadworthy",1,32885448,100
"46387","unroasted",1,32885449,100
"46388","unrobe",1,32885450,100
"46389","unroofed",1,32885451,100
"46390","unruled",1,32885452,100
"46391","unsad",1,32885453,100
"46392","unsaddled",1,32885454,100
"46393","unsafely",1,32885455,100
"46394","unsanctified",1,32885456,100
"46395","unsatiable",1,32885457,100
"46396","unsay",1,32885458,100
"46397","unscanned",1,32885459,100
"46398","unscientifically",1,32885460,100
"46399","unscrupulously",1,32885461,100
"46400","unseal",1,32885462,100
"46401","unsearchably",1,32885463,100
"46402","unseduced",1,32885464,100
"46403","unseeded",1,32885465,100
"46404","unselected",1,32885466,100
"46405","unsensitive",1,32885467,100
"46406","unseparated",1,32885468,100
"46407","unserious",1,32885469,100
"46408","unseriousness",1,32885470,100
"46409","unserviceable",1,32885471,100
"46410","unset",1,32885472,100
"46411","unshackling",1,32885473,100
"46412","unshaded",1,32885474,100
"46413","unshadowed",1,32885475,100
"46414","unshakably",1,32885476,100
"46415","unshaking",1,32885477,100
"46416","unshamefully",1,32885478,100
"46417","unshaped",1,32885479,100
"46418","unshapely",1,32885480,100
"46419","unsheathe",1,32885481,100
"46420","unshelled",1,32885482,100
"46421","unshielded",1,32885483,100
"46422","unshockable",1,32885484,100
"46423","unshod",1,32885485,100
"46424","unshot",1,32885486,100
"46425","unsinkability",1,32885487,100
"46426","unsinning",1,32885488,100
"46427","unskillfully",1,32885489,100
"46428","unsleeping",1,32885490,100
"46429","unslurred",1,32885491,100
"46430","unsmooth",1,32885492,100
"46431","unsmoothed",1,32885493,100
"46432","unsnap",1,32885494,100
"46433","unsociability",1,32885495,100
"46434","unsocialized",1,32885496,100
"46435","unsought",1,32885497,100
"46436","unsparingly",1,32885498,100
"46437","unspayed",1,32885499,100
"46438","unspellable",1,32885500,100
"46439","unspiced",1,32885501,100
"46440","unsporting",1,32885502,100
"46441","unspotted",1,32885503,100
"46442","unspring",1,32885504,100
"46443","unsquare",1,32885505,100
"46444","unstaled",1,32885506,100
"46445","unstalled",1,32885507,100
"46446","unstamped",1,32885508,100
"46447","unstarted",1,32885509,100
"46448","unsterilized",1,32885510,100
"46449","unstick",1,32885511,100
"46450","unsticking",1,32885512,100
"46451","unstoned",1,32885513,100
"46452","unstop",1,32885514,100
"46453","unstoppered",1,32885515,100
"46454","unstrained",1,32885516,100
"46455","unstrap",1,32885517,100
"46456","unstrapped",1,32885518,100
"46457","unstretched",1,32885519,100
"46458","unstuffed",1,32885520,100
"46459","unstyled",1,32885521,100
"46460","unsubdued",1,32885522,100
"46461","unsubmissive",1,32885523,100
"46462","unsubmitted",1,32885524,100
"46463","unsubstantially",1,32885525,100
"46464","unsugared",1,32885526,100
"46465","unsugary",1,32885527,100
"46466","unsuitableness",1,32885528,100
"46467","unsurrendered",1,32885529,100
"46468","unsuspectingly",1,32885530,100
"46469","unswayed",1,32885531,100
"46470","unswaying",1,32885532,100
"46471","unsweet",1,32885533,100
"46472","unsymbolical",1,32885534,100
"46473","unsystematic",1,32885535,100
"46474","untagged",1,32885536,100
"46475","untamable",1,32885537,100
"46476","untamely",1,32885538,100
"46477","untanned",1,32885539,100
"46478","untap",1,32885540,100
"46479","untarnishable",1,32885541,100
"46480","untaxing",1,32885542,100
"46481","untearable",1,32885543,100
"46482","untempered",1,32885544,100
"46483","untenanted",1,32885545,100
"46484","unterminated",1,32885546,100
"46485","unthank",1,32885547,100
"46486","unthankfulness",1,32885548,100
"46487","unthinned",1,32885549,100
"46488","unthread",1,32885550,100
"46489","unthrifty",1,32885551,100
"46490","untimed",1,32885552,100
"46491","untimeliness",1,32885553,100
"46492","untiringly",1,32885554,100
"46493","untoasted",1,32885555,100
"46494","untoned",1,32885556,100
"46495","untouch",1,32885557,100
"46496","untraced",1,32885558,100
"46497","untradeable",1,32885559,100
"46498","untrammeled",1,32885560,100
"46499","untranslatability",1,32885561,100
"46500","untranslatable",1,32885562,100
"46501","untransparent",1,32885563,100
"46502","untraveled",1,32885564,100
"46503","untreed",1,32885565,100
"46504","untrespassed",1,32885566,100
"46505","untrumpeted",1,32885567,100
"46506","untrusted",1,32885568,100
"46507","untrustworthiness",1,32885569,100
"46508","untuck",1,32885570,100
"46509","untucking",1,32885571,100
"46510","untuned",1,32885572,100
"46511","untwist",1,32885573,100
"46512","untwisted",1,32885574,100
"46513","untypical",1,32885575,100
"46514","unusably",1,32885576,100
"46515","unvalidated",1,32885577,100
"46516","unvalued",1,32885578,100
"46517","unvanquished",1,32885579,100
"46518","unvaryingly",1,32885580,100
"46519","unvented",1,32885581,100
"46520","unventilated",1,32885582,100
"46521","unverifiable",1,32885583,100
"46522","unviable",1,32885584,100
"46523","unviewable",1,32885585,100
"46524","unviolated",1,32885586,100
"46525","unvirtuous",1,32885587,100
"46526","unvisited",1,32885588,100
"46527","unvoiced",1,32885589,100
"46528","unwaking",1,32885590,100
"46529","unwalkable",1,32885591,100
"46530","unwalled",1,32885592,100
"46531","unwarrantable",1,32885593,100
"46532","unwarrantably",1,32885594,100
"46533","unwatered",1,32885595,100
"46534","unwavered",1,32885596,100
"46535","unwedded",1,32885597,100
"46536","unwet",1,32885598,100
"46537","unwifelike",1,32885599,100
"46538","unwilled",1,32885600,100
"46539","unwired",1,32885601,100
"46540","unwomanly",1,32885602,100
"46541","unwon",1,32885603,100
"46542","unwontedly",1,32885604,100
"46543","unworked",1,32885605,100
"46544","unwounded",1,32885606,100
"46545","unwrecked",1,32885607,100
"46546","unwrinkled",1,32885608,100
"46547","unwrite",1,32885609,100
"46548","unyieldingly",1,32885610,100
"46549","upchuck",1,32885611,100
"46550","upheave",1,32885612,100
"46551","upher",1,32885613,100
"46552","upness",1,32885614,100
"46553","upo",1,32885615,100
"46554","uprisen",1,32885616,100
"46555","uprooter",1,32885617,100
"46556","uprose",1,32885618,100
"46557","upstair",1,32885619,100
"46558","upstand",1,32885620,100
"46559","uptorn",1,32885621,100
"46560","uptrack",1,32885622,100
"46561","urachal",1,32885623,100
"46562","uranometria",1,32885624,100
"46563","urethane",1,32885625,100
"46564","urethrostomy",1,32885626,100
"46565","urial",1,32885627,100
"46566","uriniferous",1,32885628,100
"46567","urosepsis",1,32885629,100
"46568","urtica",1,32885630,100
"46569","urticarial",1,32885631,100
"46570","urubu",1,32885632,100
"46571","ushabti",1,32885633,100
"46572","usnic",1,32885634,100
"46573","usque",1,32885635,100
"46574","usquebaugh",1,32885636,100
"46575","utile",1,32885637,100
"46576","utopist",1,32885638,100
"46577","utterable",1,32885639,100
"46578","utterer",1,32885640,100
"46579","uveitis",1,32885641,100
"46580","uvic",1,32885642,100
"46581","vacationer",1,32885643,100
"46582","vacationist",1,32885644,100
"46583","vacationless",1,32885645,100
"46584","vache",1,32885646,100
"46585","vacuity",1,32885647,100
"46586","vaginismus",1,32885648,100
"46587","vaguish",1,32885649,100
"46588","vajrasana",1,32885650,100
"46589","valeur",1,32885651,100
"46590","valhall",1,32885652,100
"46591","valiance",1,32885653,100
"46592","valine",1,32885654,100
"46593","valorous",1,32885655,100
"46594","valuate",1,32885656,100
"46595","vanille",1,32885657,100
"46596","vapidly",1,32885658,100
"46597","vaporization",1,32885659,100
"46598","vaporous",1,32885660,100
"46599","vaporously",1,32885661,100
"46600","variableness",1,32885662,100
"46601","varices",1,32885663,100
"46602","varna",1,32885664,100
"46603","varsha",1,32885665,100
"46604","varus",1,32885666,100
"46605","varyingly",1,32885667,100
"46606","vasculature",1,32885668,100
"46607","vasculitis",1,32885669,100
"46608","vasodilation",1,32885670,100
"46609","vasodilator",1,32885671,100
"46610","vaulter",1,32885672,100
"46611","vegetatively",1,32885673,100
"46612","vei",1,32885674,100
"46613","veiner",1,32885675,100
"46614","veiny",1,32885676,100
"46615","velamentous",1,32885677,100
"46616","veldman",1,32885678,100
"46617","velours",1,32885679,100
"46618","vend",1,32885680,100
"46619","vendee",1,32885681,100
"46620","venery",1,32885682,100
"46621","vengefully",1,32885683,100
"46622","venomously",1,32885684,100
"46623","ventral",1,32885685,100
"46624","ventriloquial",1,32885686,100
"46625","ventrolateral",1,32885687,100
"46626","venturous",1,32885688,100
"46627","veraciously",1,32885689,100
"46628","verberate",1,32885690,100
"46629","verbigeration",1,32885691,100
"46630","verbosely",1,32885692,100
"46631","verboseness",1,32885693,100
"46632","verdantly",1,32885694,100
"46633","verdin",1,32885695,100
"46634","verger",1,32885696,100
"46635","veridicous",1,32885697,100
"46636","verifiably",1,32885698,100
"46637","verisimilar",1,32885699,100
"46638","verjuice",1,32885700,100
"46639","vermiform",1,32885701,100
"46640","verminicide",1,32885702,100
"46641","vernier",1,32885703,100
"46642","verre",1,32885704,100
"46643","versicle",1,32885705,100
"46644","vesicular",1,32885706,100
"46645","vesiculation",1,32885707,100
"46646","vesperian",1,32885708,100
"46647","vespiform",1,32885709,100
"46648","veta",1,32885710,100
"46649","viatical",1,32885711,100
"46650","viaticum",1,32885712,100
"46651","vicariate",1,32885713,100
"46652","vicegerent",1,32885714,100
"46653","vicissitude",1,32885715,100
"46654","victrix",1,32885716,100
"46655","victual",1,32885717,100
"46656","victualing",1,32885718,100
"46657","videogenic",1,32885719,100
"46658","vigneron",1,32885720,100
"46659","vilipend",1,32885721,100
"46660","vility",1,32885722,100
"46661","villanous",1,32885723,100
"46662","vincible",1,32885724,100
"46663","vinegrower",1,32885725,100
"46664","viner",1,32885726,100
"46665","vinery",1,32885727,100
"46666","vinifera",1,32885728,100
"46667","vinification",1,32885729,100
"46668","vinosity",1,32885730,100
"46669","violinmaking",1,32885731,100
"46670","virginally",1,32885732,100
"46671","viridescent",1,32885733,100
"46672","viridian",1,32885734,100
"46673","virl",1,32885735,100
"46674","virologist",1,32885736,100
"46675","virtu",1,32885737,100
"46676","virtuose",1,32885738,100
"46677","virtuosi",1,32885739,100
"46678","visiter",1,32885740,100
"46679","visualist",1,32885741,100
"46680","vitalism",1,32885742,100
"46681","vitaphone",1,32885743,100
"46682","vitiated",1,32885744,100
"46683","viticultural",1,32885745,100
"46684","vitrine",1,32885746,100
"46685","vituperate",1,32885747,100
"46686","vivification",1,32885748,100
"46687","vivify",1,32885749,100
"46688","vivisect",1,32885750,100
"46689","vivisector",1,32885751,100
"46690","vlei",1,32885752,100
"46691","vocalion",1,32885753,100
"46692","vocalise",1,32885754,100
"46693","vocality",1,32885755,100
"46694","vocationally",1,32885756,100
"46695","vociferousness",1,32885757,100
"46696","voet",1,32885758,100
"46697","vog",1,32885759,100
"46698","volitional",1,32885760,100
"46699","voltaic",1,32885761,100
"46700","volubly",1,32885762,100
"46701","volumetric",1,32885763,100
"46702","volumetrically",1,32885764,100
"46703","voluntarism",1,32885765,100
"46704","voluntarist",1,32885766,100
"46705","voluptas",1,32885767,100
"46706","voluptuary",1,32885768,100
"46707","voluptuously",1,32885769,100
"46708","voluptuousness",1,32885770,100
"46709","vomitory",1,32885771,100
"46710","vomitus",1,32885772,100
"46711","vorticism",1,32885773,100
"46712","vorticist",1,32885774,100
"46713","votable",1,32885775,100
"46714","votary",1,32885776,100
"46715","vulcanology",1,32885777,100
"46716","vulgare",1,32885778,100
"46717","vulgus",1,32885779,100
"46718","vulnerary",1,32885780,100
"46719","vulvar",1,32885781,100
"46720","vulvovaginitis",1,32885782,100
"46721","wadeable",1,32885783,100
"46722","wafty",1,32885784,100
"46723","waggishly",1,32885785,100
"46724","waggly",1,32885786,100
"46725","waggy",1,32885787,100
"46726","wagtail",1,32885788,100
"46727","waisting",1,32885789,100
"46728","waldhorn",1,32885790,100
"46729","walkaway",1,32885791,100
"46730","wallboard",1,32885792,100
"46731","walletful",1,32885793,100
"46732","wallman",1,32885794,100
"46733","walloon",1,32885795,100
"46734","walloper",1,32885796,100
"46735","wamp",1,32885797,100
"46736","wampum",1,32885798,100
"46737","wandery",1,32885799,100
"46738","wandy",1,32885800,100
"46739","wanly",1,32885801,100
"46740","wanner",1,32885802,100
"46741","wantonness",1,32885803,100
"46742","warabi",1,32885804,100
"46743","warehoused",1,32885805,100
"46744","warehouser",1,32885806,100
"46745","wark",1,32885807,100
"46746","warnt",1,32885808,100
"46747","warpage",1,32885809,100
"46748","warrantee",1,32885810,100
"46749","warrener",1,32885811,100
"46750","warrioress",1,32885812,100
"46751","warth",1,32885813,100
"46752","washin",1,32885814,100
"46753","washstand",1,32885815,100
"46754","washtub",1,32885816,100
"46755","wastefully",1,32885817,100
"46756","watchfully",1,32885818,100
"46757","watchword",1,32885819,100
"46758","waterboard",1,32885820,100
"46759","waterhead",1,32885821,100
"46760","waterlike",1,32885822,100
"46761","waterproofer",1,32885823,100
"46762","waterscape",1,32885824,100
"46763","waterskin",1,32885825,100
"46764","watersmeet",1,32885826,100
"46765","waterspout",1,32885827,100
"46766","wavelet",1,32885828,100
"46767","wavelike",1,32885829,100
"46768","wavery",1,32885830,100
"46769","wavey",1,32885831,100
"46770","waw",1,32885832,100
"46771","wawah",1,32885833,100
"46772","waxer",1,32885834,100
"46773","waxlike",1,32885835,100
"46774","waxwork",1,32885836,100
"46775","wayfare",1,32885837,100
"46776","waylay",1,32885838,100
"46777","waywardly",1,32885839,100
"46778","waywardness",1,32885840,100
"46779","wealthiness",1,32885841,100
"46780","weanling",1,32885842,100
"46781","weaponed",1,32885843,100
"46782","wearier",1,32885844,100
"46783","wearish",1,32885845,100
"46784","weatherhead",1,32885846,100
"46785","weatherproofed",1,32885847,100
"46786","weeble",1,32885848,100
"46787","weedless",1,32885849,100
"46788","weedling",1,32885850,100
"46789","weel",1,32885851,100
"46790","weeze",1,32885852,100
"46791","weirdish",1,32885853,100
"46792","weka",1,32885854,100
"46793","welcomely",1,32885855,100
"46794","wellstead",1,32885856,100
"46795","wende",1,32885857,100
"46796","weste",1,32885858,100
"46797","westernize",1,32885859,100
"46798","wetly",1,32885860,100
"46799","whaleback",1,32885861,100
"46800","whaleboat",1,32885862,100
"46801","whalebone",1,32885863,100
"46802","wheal",1,32885864,100
"46803","wheatear",1,32885865,100
"46804","wheatless",1,32885866,100
"46805","wheelman",1,32885867,100
"46806","wheelspin",1,32885868,100
"46807","wheer",1,32885869,100
"46808","whensoever",1,32885870,100
"46809","whereafter",1,32885871,100
"46810","whereto",1,32885872,100
"46811","whiffenpoof",1,32885873,100
"46812","whiffer",1,32885874,100
"46813","whiffle",1,32885875,100
"46814","whiffy",1,32885876,100
"46815","whill",1,32885877,100
"46816","whimbrel",1,32885878,100
"46817","whinchat",1,32885879,100
"46818","whinger",1,32885880,100
"46819","whinstone",1,32885881,100
"46820","whipcord",1,32885882,100
"46821","whipcrack",1,32885883,100
"46822","whippletree",1,32885884,100
"46823","whippy",1,32885885,100
"46824","whirligig",1,32885886,100
"46825","whirry",1,32885887,100
"46826","whitebait",1,32885888,100
"46827","whitebark",1,32885889,100
"46828","whitely",1,32885890,100
"46829","whitener",1,32885891,100
"46830","whitetip",1,32885892,100
"46831","whiteware",1,32885893,100
"46832","wholesomely",1,32885894,100
"46833","whoremaster",1,32885895,100
"46834","whoremonger",1,32885896,100
"46835","wicken",1,32885897,100
"46836","widthways",1,32885898,100
"46837","widthwise",1,32885899,100
"46838","wieldy",1,32885900,100
"46839","wienie",1,32885901,100
"46840","wifeless",1,32885902,100
"46841","wifie",1,32885903,100
"46842","wiggen",1,32885904,100
"46843","wigging",1,32885905,100
"46844","wilding",1,32885906,100
"46845","wildling",1,32885907,100
"46846","wilgers",1,32885908,100
"46847","wiliness",1,32885909,100
"46848","willet",1,32885910,100
"46849","willock",1,32885911,100
"46850","windiness",1,32885912,100
"46851","windling",1,32885913,100
"46852","winebibber",1,32885914,100
"46853","winglike",1,32885915,100
"46854","wingspread",1,32885916,100
"46855","wingy",1,32885917,100
"46856","winkel",1,32885918,100
"46857","winker",1,32885919,100
"46858","winna",1,32885920,100
"46859","winsomely",1,32885921,100
"46860","winterbourne",1,32885922,100
"46861","winterkill",1,32885923,100
"46862","wirelessness",1,32885924,100
"46863","wisecracker",1,32885925,100
"46864","wiseness",1,32885926,100
"46865","wisenheimer",1,32885927,100
"46866","witched",1,32885928,100
"46867","withindoors",1,32885929,100
"46868","withouten",1,32885930,100
"46869","witnesser",1,32885931,100
"46870","witticism",1,32885932,100
"46871","wizen",1,32885933,100
"46872","wob",1,32885934,100
"46873","woesome",1,32885935,100
"46874","wolfsbane",1,32885936,100
"46875","womanist",1,32885937,100
"46876","womanless",1,32885938,100
"46877","womenfolks",1,32885939,100
"46878","wonner",1,32885940,100
"46879","wonted",1,32885941,100
"46880","woodchat",1,32885942,100
"46881","woodcraft",1,32885943,100
"46882","woodhorse",1,32885944,100
"46883","woodrick",1,32885945,100
"46884","woodshop",1,32885946,100
"46885","woodwose",1,32885947,100
"46886","woodyard",1,32885948,100
"46887","woofer",1,32885949,100
"46888","woolgathering",1,32885950,100
"46889","woolpack",1,32885951,100
"46890","woozle",1,32885952,100
"46891","wops",1,32885953,100
"46892","wordage",1,32885954,100
"46893","worder",1,32885955,100
"46894","wordiness",1,32885956,100
"46895","wordish",1,32885957,100
"46896","workbasket",1,32885958,100
"46897","workship",1,32885959,100
"46898","worktime",1,32885960,100
"46899","worky",1,32885961,100
"46900","worldmaking",1,32885962,100
"46901","worrisomely",1,32885963,100
"46902","worshipable",1,32885964,100
"46903","wote",1,32885965,100
"46904","wots",1,32885966,100
"46905","woundwort",1,32885967,100
"46906","wowt",1,32885968,100
"46907","wran",1,32885969,100
"46908","wrinkleless",1,32885970,100
"46909","wristlock",1,32885971,100
"46910","writable",1,32885972,100
"46911","writter",1,32885973,100
"46912","wronger",1,32885974,100
"46913","wrongheadedness",1,32885975,100
"46914","wrymouth",1,32885976,100
"46915","wryneck",1,32885977,100
"46916","wun",1,32885978,100
"46917","wuzzy",1,32885979,100
"46918","wynd",1,32885980,100
"46919","wyss",1,32885981,100
"46920","xanthic",1,32885982,100
"46921","xanthine",1,32885983,100
"46922","xanthocyanopsy",1,32885984,100
"46923","xanthous",1,32885985,100
"46924","xenial",1,32885986,100
"46925","xenogenesis",1,32885987,100
"46926","xenolith",1,32885988,100
"46927","xenomania",1,32885989,100
"46928","xenomorphic",1,32885990,100
"46929","xenophile",1,32885991,100
"46930","xoanon",1,32885992,100
"46931","xylograph",1,32885993,100
"46932","xyloid",1,32885994,100
"46933","yaba",1,32885995,100
"46934","yabby",1,32885996,100
"46935","yachtsman",1,32885997,100
"46936","yaffle",1,32885998,100
"46937","yagi",1,32885999,100
"46938","yair",1,32886000,100
"46939","yakin",1,32886001,100
"46940","yakka",1,32886002,100
"46941","yalb",1,32886003,100
"46942","yanky",1,32886004,100
"46943","yaourti",1,32886005,100
"46944","yapper",1,32886006,100
"46945","yappiness",1,32886007,100
"46946","yardarm",1,32886008,100
"46947","yarl",1,32886009,100
"46948","yate",1,32886010,100
"46949","yede",1,32886011,100
"46950","yellowness",1,32886012,100
"46951","yellowthroat",1,32886013,100
"46952","yelm",1,32886014,100
"46953","yelper",1,32886015,100
"46954","yez",1,32886016,100
"46955","yodeler",1,32886017,100
"46956","yohimbe",1,32886018,100
"46957","yojana",1,32886019,100
"46958","yok",1,32886020,100
"46959","yoking",1,32886021,100
"46960","yot",1,32886022,100
"46961","youngness",1,32886023,100
"46962","youthfully",1,32886024,100
"46963","yuca",1,32886025,100
"46964","yus",1,32886026,100
"46965","zabaglione",1,32886027,100
"46966","zant",1,32886028,100
"46967","zante",1,32886029,100
"46968","zati",1,32886030,100
"46969","zax",1,32886031,100
"46970","zayat",1,32886032,100
"46971","zealousness",1,32886033,100
"46972","zebu",1,32886034,100
"46973","zestful",1,32886035,100
"46974","zestfully",1,32886036,100
"46975","zestfulness",1,32886037,100
"46976","zeugma",1,32886038,100
"46977","ziarat",1,32886039,100
"46978","zirconium",1,32886040,100
"46979","zizz",1,32886041,100
"46980","zoolatry",1,32886042,100
"46981","zygomatic",1,32886043,100
